Pos	A	C	G	T	Other	Total
1	0	0	0	0	0	0
2	0	0	0	0	0	0
3	0	0	0	0	0	0
4	0	0	0	0	0	0
5	0	0	0	0	0	0
6	0	0	0	0	0	0
7	0	0	0	0	0	0
8	0	0	0	0	0	0
9	0	0	0	0	0	0
10	0	0	0	0	0	0
11	0	0	0	0	0	0
12	0	0	0	0	0	0
13	0	0	0	0	0	0
14	382	0	0	0	0	382
15	0	354	1	0	0	355
16	0	1428	4	0	0	1432
17	0	0	0	4457	0	4457
18	1	0	0	4969	0	4970
19	0	5450	9	5	0	5464
20	0	6864	14	5	0	6883
21	0	7013	12	4	0	7029
22	9050	2	14	2	0	9068
23	5	3	8998	0	0	9006
24	14	6	9660	1	0	9681
25	5	4	8	11005	0	11022
26	11578	2	3	12	0	11595
27	11489	0	1	5	0	11495
28	10	11047	20	3	0	11080
29	13155	10	2	7	0	13174
30	13085	4	7	3	0	13099
31	13281	3	3	3	0	13290
32	13	13034	16	11	0	13074
33	10	13129	18	8	0	13165
34	13913	11	0	2	0	13926
35	13740	7	3	2	0	13752
36	15	13320	20	5	0	13360
37	5	13446	26	7	0	13484
38	13996	13	2	3	0	14014
39	13878	6	0	5	0	13889
40	15	13728	18	6	0	13767
41	7	16	1	15112	0	15136
42	11	9	1	15076	0	15097
43	14	6	0	15000	0	15020
44	6	14810	9	21	0	14846
45	14	24	14529	8	0	14575
46	12868	21	24	15	0	12928
47	17	3	1	15175	0	15196
48	7	14573	20	23	0	14623
49	6	17	2	15297	0	15322
50	7	15030	24	18	0	15079
51	12	13	2	15598	0	15625
52	7	12	0	15530	0	15549
53	9	10	15345	19	0	15383
54	5	13	11	14970	0	14999
55	15393	5	4	20	0	15422
56	49	7	15069	11	0	15136
57	14440	4	17	12	0	14473
58	11	4	7	15482	0	15504
59	8	14974	14	39	0	15035
60	5	27	4	15685	0	15721
61	14	14	15428	25	0	15481
62	6	8	18	15005	0	15037
63	2	7	6	15729	0	15744
64	1	15492	20	40	0	15553
65	2	29	7	16193	0	16231
66	1	15542	24	37	0	15604
67	1	31	4	16237	0	16273
68	15988	12	3	36	0	16039
69	15401	11	6	24	0	15442
70	15781	13	5	16	0	15815
71	38	16109	31	17	0	16195
72	14	50	16105	11	0	16180
73	15626	10	32	12	0	15680
74	16712	2	11	7	0	16732
75	39	16495	26	6	0	16566
76	13	50	6	11698	0	11767
77	5	21	5	12238	0	12269
78	5	9	4	12562	0	12580
79	12631	12	1	117	0	12761
80	12414	14	4	47	0	12479
81	12447	3	4	36	0	12490
82	13755	8	3	22	0	13788
83	139	2	4	13507	0	13652
84	56	13144	19	104	0	13323
85	50	90	4	13830	0	13974
86	47	35	13415	110	0	13607
87	37	17	84	13589	0	13727
88	31	40	14281	137	0	14489
89	16	15	117	14134	0	14282
90	16	32	14324	149	0	14521
91	18	39	14232	58	0	14347
92	12	14204	202	68	0	14486
93	14	152	62	15020	0	15248
94	43	73	15141	184	0	15441
95	12	46	207	14865	0	15130
96	9	15466	101	217	0	15793
97	16115	183	53	81	0	16432
98	174	16719	64	63	0	17020
99	50	208	33	16905	0	17196
100	37	17510	51	193	0	17791
101	23	239	16977	68	0	17307
102	36	129	16765	64	0	16994
103	14	16668	280	75	0	17037
104	16	223	82	17696	0	18017
105	43	91	17412	198	0	17744
106	10	16824	258	95	0	17187
107	17694	218	70	60	0	18042
108	200	84	60	17445	0	17789
109	78	96	17270	201	0	17645
110	48	16844	254	97	0	17243
111	29	219	106	17556	0	17910
112	26	114	62	17714	0	17916
113	17255	69	68	294	0	17686
114	211	69	17304	126	0	17710
115	72	53	198	17401	0	17724
116	73	97	16328	245	0	16743
117	71	14502	255	136	0	14964
118	14312	254	85	90	0	14741
119	190	14380	90	122	0	14782
120	66	265	78	13803	0	14212
121	52	13960	144	203	0	14359
122	13069	280	123	89	0	13561
123	214	13050	70	134	0	13468
124	87	286	12683	115	0	13171
125	64	12393	300	91	0	12848
126	12628	336	81	89	0	13134
127	305	149	12695	76	0	13225
128	115	140	239	12866	0	13360
129	12076	119	129	263	0	12587
130	278	142	62	12241	0	12723
131	12157	96	82	352	0	12687
132	12274	66	119	162	0	12621
133	377	93	90	12043	0	12603
134	148	89	87	12140	0	12464
135	11902	51	96	411	0	12460
136	11825	91	111	175	0	12202
137	405	110	45	11900	0	12460
138	11993	67	40	340	0	12440
139	11920	85	69	177	0	12251
140	393	11957	66	172	0	12588
141	198	329	35	12797	0	13359
142	13662	125	49	375	0	14211
143	13768	124	50	194	0	14136
144	427	75	117	13520	0	14139
145	200	104	69	13813	0	14186
146	13635	48	110	414	0	14207
147	342	13240	128	228	0	13938
148	216	292	73	13784	0	14365
149	223	174	13128	360	0	13885
150	143	117	280	12912	0	13452
151	174	12784	107	394	0	13459
152	185	305	12609	207	0	13306
153	129	158	273	12845	0	13405
154	133	128	128	12753	0	13142
155	169	133	12786	399	0	13487
156	11992	110	292	261	0	12655
157	361	12667	166	232	0	13426
158	12934	282	132	172	0	13520
159	445	135	12631	177	0	13388
160	207	168	12996	166	0	13537
161	12702	83	322	206	0	13313
162	443	13389	166	150	0	14148
163	13484	271	119	166	0	14040
164	355	13212	100	228	0	13895
165	236	331	13702	183	0	14452
166	13740	156	261	118	0	14275
167	378	169	13853	141	0	14541
168	201	105	307	13961	0	14574
169	13881	79	180	321	0	14461
170	13728	125	114	199	0	14166
171	377	12699	108	182	0	13366
172	227	744	120	12411	0	13502
173	212	12687	77	327	0	13303
174	169	306	12468	233	0	13176
175	123	121	287	11824	0	12355
176	194	11954	143	311	0	12602
177	130	309	98	11832	0	12369
178	9727	110	82	283	0	10202
179	234	94	126	11019	0	11473
180	130	10723	134	261	0	11248
181	127	226	65	11130	0	11548
182	73	137	75	9980	0	10265
183	100	9647	84	232	0	10063
184	82	200	41	10045	0	10368
185	92	92	9684	246	0	10114
186	145	9880	232	180	0	10437
187	10073	210	113	80	0	10476
188	264	129	9516	81	0	9990
189	177	90	9697	64	0	10028
190	124	9427	302	70	0	9923
191	56	143	75	9277	0	9551
192	68	70	9084	159	0	9381
193	53	8328	188	95	0	8664
194	43	113	57	8837	0	9050
195	59	61	28	9026	0	9174
196	8141	39	28	153	0	8361
197	116	7735	54	105	0	8010
198	80	122	6851	69	0	7122
199	45	99	7694	58	0	7896
200	39	51	134	7103	0	7327
201	34	43	65	8415	0	8557
202	25	46	46	8552	0	8669
203	40	10914	35	259	0	11248
204	52	338	10711	138	0	11239
205	47	159	320	11321	0	11847
206	38	11654	181	366	0	12239
207	40	12126	106	194	0	12466
208	51	517	11883	109	0	12560
209	24	231	400	12048	0	12703
210	47	120	13848	432	0	14447
211	31	76	475	13694	0	14276
212	24	65	216	14280	0	14585
213	56	91	13358	620	0	14125
214	25	13505	456	309	0	14295
215	13583	427	246	131	0	14387
216	431	260	13314	90	0	14095
217	187	13247	470	138	0	14042
218	76	13985	267	123	0	14451
219	67	619	12884	85	0	13655
220	12769	288	472	105	0	13634
221	436	193	265	11809	0	12703
222	187	12476	141	340	0	13144
223	12669	468	85	151	0	13373
224	422	247	90	11985	0	12744
225	203	12372	124	413	0	13112
226	13372	428	82	231	0	14113
227	440	257	12336	155	0	13188
228	219	12642	457	113	0	13431
229	12684	433	219	95	0	13431
230	394	12485	105	90	0	13074
231	12685	485	86	60	0	13316
232	449	289	77	12030	0	12845
233	215	12204	130	356	0	12905
234	106	441	101	12756	0	13404
235	12552	253	112	465	0	13382
236	421	163	11903	283	0	12770
237	234	134	12203	172	0	12743
238	147	114	561	12040	0	12862
239	93	127	251	12546	0	13017
240	121	112	152	12261	0	12646
241	93	127	127	12122	0	12469
242	85	148	10561	631	0	11425
243	72	134	439	10743	0	11388
244	90	10249	280	514	0	11133
245	94	10805	174	283	0	11356
246	104	548	10626	203	0	11481
247	111	303	10836	152	0	11402
248	97	190	10980	129	0	11396
249	85	145	590	10918	0	11738
250	117	158	10910	453	0	11638
251	100	122	523	10995	0	11740
252	96	134	10875	484	0	11589
253	10309	140	532	266	0	11247
254	431	10414	327	187	0	11359
255	237	11931	202	157	0	12527
256	171	609	12920	203	0	13903
257	13008	331	545	178	0	14062
258	13707	178	292	187	0	14364
259	13936	156	200	184	0	14476
260	809	181	12654	118	0	13762
261	373	136	13159	132	0	13800
262	196	138	790	13036	0	14160
263	13084	112	422	615	0	14233
264	13287	103	250	390	0	14030
265	743	115	12234	263	0	13355
266	12554	81	633	237	0	13505
267	623	129	384	12399	0	13535
268	348	137	12263	639	0	13387
269	195	173	12362	364	0	13094
270	12163	162	811	244	0	13380
271	594	142	12438	183	0	13357
272	12322	129	784	163	0	13398
273	674	130	12584	191	0	13579
274	352	12088	765	194	0	13399
275	240	12955	447	172	0	13814
276	203	719	312	12644	0	13878
277	181	369	291	13257	0	14098
278	214	230	12213	757	0	13414
279	182	224	647	12404	0	13457
280	193	12156	428	628	0	13405
281	228	12735	302	343	0	13608
282	250	13331	219	242	0	14042
283	242	794	229	12950	0	14215
284	247	407	12614	617	0	13885
285	204	252	13758	360	0	14574
286	169	203	776	12915	0	14063
287	211	157	438	13322	0	14128
288	262	139	287	12523	0	13211
289	231	12692	236	725	0	13884
290	12948	549	226	357	0	14080
291	12892	318	200	278	0	13688
292	716	12631	212	279	0	13838
293	397	531	12733	218	0	13879
294	12781	306	596	229	0	13912
295	671	218	12817	169	0	13875
296	12899	162	699	160	0	13920
297	13220	181	405	158	0	13964
298	13223	174	321	175	0	13893
299	12494	176	231	208	0	13109
300	777	12115	236	217	0	13345
301	10675	458	178	239	0	11550
302	577	10980	200	258	0	12015
303	7883	290	114	112	0	8399
304	359	7955	108	131	0	8553
305	139	284	6693	40	0	7156
306	117	1012	203	5790	0	7122
307	84	6652	135	207	0	7078
308	109	7045	106	136	0	7396
309	7002	232	115	106	0	7455
310	5323	83	39	46	0	5491
311	190	5257	55	47	0	5549
312	118	144	37	5131	0	5430
313	80	5251	40	135	0	5506
314	5379	149	55	56	0	5639
315	203	73	5172	47	0	5495
316	114	62	162	5204	0	5542
317	88	37	93	5337	0	5555
318	74	37	68	5471	0	5650
319	81	38	5226	192	0	5537
320	81	5735	161	101	0	6078
321	99	5914	85	54	0	6152
322	89	207	59	6055	0	6410
323	88	111	5887	176	0	6262
324	64	80	196	5956	0	6296
325	68	90	73	6077	0	6308
326	54	83	84	5509	0	5730
327	71	61	45	5634	0	5811
328	5991	53	45	268	0	6357
329	231	6026	75	142	0	6474
330	6141	241	70	107	0	6559
331	262	110	6029	70	0	6471
332	99	113	6081	72	0	6365
333	102	81	264	5581	0	6028
334	80	62	112	5711	0	5965
335	52	6013	89	258	0	6412
336	54	234	5818	134	0	6240
337	34	6003	229	125	0	6391
338	46	275	5915	83	0	6319
339	5620	98	264	79	0	6061
340	231	5966	91	74	0	6362
341	94	248	5939	79	0	6360
342	83	100	246	5989	0	6418
343	53	91	5982	247	0	6373
344	56	5933	262	95	0	6346
345	58	271	73	5849	0	6251
346	52	5415	87	814	0	6368
347	72	258	5869	118	0	6317
348	65	90	244	6054	0	6453
349	5989	72	72	274	0	6407
350	246	5969	68	109	0	6392
351	110	275	5810	86	0	6281
352	99	107	233	5950	0	6389
353	65	101	5896	264	0	6326
354	79	80	5940	100	0	6199
355	40	4839	196	52	0	5127
356	11	108	25	3381	0	3525
357	13	16	23	3456	0	3508
358	10	31	12	3497	0	3550
359	14	20	3391	120	0	3545
360	16	25	3374	26	0	3441
361	3155	19	115	23	0	3312
362	93	9	2770	11	0	2883
363	2686	8	102	16	0	2812
364	97	2779	15	12	0	2903
365	7	97	16	2610	0	2730
366	11	2748	11	78	0	2848
367	11	2790	20	14	0	2835
368	3	104	2724	21	0	2852
369	9	11	98	3539	0	3657
370	6	20	3544	105	0	3675
371	7	24	3458	9	0	3498
372	3442	13	91	17	0	3563
373	109	16	3136	11	0	3272
374	7	11	3150	10	0	3178
375	3036	12	105	19	0	3172
376	100	19	3096	17	0	3232
377	3	30	3525	11	0	3569
378	20	15	113	3271	0	3419
379	6	3741	34	107	0	3888
380	12	111	36	3842	0	4001
381	13	14	17	3928	0	3972
382	3746	21	29	122	0	3918
383	109	22	22	3464	0	3617
384	12	3609	29	108	0	3758
385	3058	131	22	26	0	3237
386	120	30	2997	31	0	3178
387	2938	28	125	35	0	3126
388	130	27	2981	25	0	3163
389	13	29	3011	35	0	3088
390	24	2975	119	34	0	3152
391	3021	116	42	27	0	3206
392	114	2965	50	27	0	3156
393	24	129	2966	29	0	3148
394	31	29	129	2738	0	2927
395	25	3003	41	104	0	3173
396	3048	128	43	20	0	3239
397	3081	33	46	24	0	3184
398	110	3003	35	38	0	3186
399	3057	117	42	31	0	3247
400	122	35	32	2981	0	3170
401	10	2975	36	121	0	3142
402	32	129	27	3027	0	3215
403	32	43	30	3134	0	3239
404	3062	38	43	123	0	3266
405	3145	28	31	32	0	3236
406	3133	37	27	43	0	3240
407	125	36	2987	33	0	3181
408	2963	31	115	46	0	3155
409	133	29	31	3053	0	3246
410	22	32	3027	120	0	3201
411	37	29	3014	35	0	3115
412	24	2974	128	44	0	3170
413	2992	122	48	35	0	3197
414	119	2952	49	35	0	3155
415	28	136	39	3000	0	3203
416	33	27	54	3134	0	3248
417	37	30	3258	133	0	3458
418	25	40	136	3161	0	3362
419	30	29	3308	142	0	3509
420	15	21	2610	38	0	2684
421	16	2585	83	30	0	2714
422	13	68	19	2501	0	2601
423	10	18	30	2605	0	2663
424	2556	14	26	77	0	2673
425	83	15	2496	15	0	2609
426	21	14	83	2546	0	2664
427	2551	16	23	79	0	2669
428	21	7	1848	10	0	1886
429	1761	12	14	11	0	1798
430	1870	6	5	13	0	1894
431	20	7	1842	11	0	1880
432	11	7	27	1780	0	1825
433	17	6	6	1821	0	1850
434	20	11	1823	13	0	1867
435	1758	6	20	9	0	1793
436	1847	6	4	10	0	1867
437	1808	5	8	17	0	1838
438	1833	6	16	8	0	1863
439	1807	4	15	13	0	1839
440	23	14	1721	9	0	1767
441	18	10	1757	7	0	1792
442	21	1682	19	8	0	1730
443	22	15	1761	10	0	1808
444	13	5	19	1726	0	1763
445	18	16	17	1547	0	1598
446	8	7	18	2479	0	2512
447	9	10	12	2605	0	2636
448	10	19	2457	79	0	2565
449	3	2415	60	22	0	2500
450	9	2542	15	24	0	2590
451	15	74	8	2351	0	2448
452	13	2494	11	63	0	2581
453	2859	76	14	18	0	2967
454	2812	15	15	21	0	2863
455	68	2787	14	18	0	2887
456	18	79	15	2820	0	2932
457	19	14	6	2926	0	2965
458	16	22	2788	75	0	2901
459	2624	12	70	17	0	2723
460	2814	10	12	23	0	2859
461	74	2786	13	27	0	2900
462	2833	70	16	16	0	2935
463	87	12	2729	14	0	2842
464	20	2637	72	18	0	2747
465	22	2776	16	17	0	2831
466	29	2823	17	12	0	2881
467	18	83	14	2822	0	2937
468	2803	23	15	69	0	2910
469	76	15	15	2071	0	2177
470	18	22	2260	73	0	2373
471	9	11	81	2301	0	2402
472	17	19	2247	99	0	2382
473	12	11	84	2185	0	2292
474	17	8	19	2143	0	2187
475	17	2252	12	82	0	2363
476	3120	83	25	20	0	3248
477	70	8	2	2659	0	2739
478	7	2636	9	65	0	2717
479	2437	76	4	9	0	2526
480	2315	6	4	8	0	2333
481	2439	6	5	7	0	2457
482	72	2382	2	3	0	2459
483	12	76	2328	7	0	2423
484	5	12	60	2379	0	2456
485	10	5	5	2392	0	2412
486	8	2358	5	69	0	2440
487	9	71	2347	10	0	2437
488	8	11	2395	7	0	2421
489	2314	7	68	14	0	2403
490	64	8	14	2398	0	2484
491	10	9	2585	78	0	2682
492	4	3364	72	22	0	3462
493	8	80	18	3378	0	3484
494	4	3408	14	71	0	3497
495	5	81	3411	8	0	3505
496	3260	15	68	16	0	3359
497	3509	7	10	14	0	3540
498	72	3425	9	8	0	3514
499	20	71	6	3535	0	3632
500	11	20	3448	84	0	3563
501	7	3410	67	17	0	3501
502	3442	81	10	14	0	3547
503	82	3371	10	16	0	3479
504	20	3493	12	18	0	3543
505	15	97	5	3470	0	3587
506	15	3399	19	70	0	3503
507	3522	81	5	16	0	3624
508	76	24	4	3498	0	3602
509	18	28	3366	78	0	3490
510	8	28	3351	14	0	3401
511	15	12	76	3400	0	3503
512	15	3368	17	92	0	3492
513	3513	80	14	25	0	3632
514	78	18	19	3493	0	3608
515	17	18	3424	86	0	3545
516	9	19	77	3440	0	3545
517	11	18	18	3327	0	3374
518	3239	27	21	84	0	3371
519	93	20	12	3146	0	3271
520	25	20	3139	90	0	3274
521	13	35	3096	19	0	3163
522	19	16	71	3166	0	3272
523	15	10	19	3229	0	3273
524	21	27	3147	81	0	3276
525	2822	10	79	28	0	2939
526	81	17	3139	23	0	3260
527	11	3148	86	25	0	3270
528	20	80	23	3296	0	3419
529	19	23	3234	91	0	3367
530	16	25	3186	18	0	3245
531	14	27	73	3219	0	3333
532	3252	12	31	81	0	3376
533	81	15	3185	22	0	3303
534	16	3895	79	26	0	4016
535	4174	91	14	26	0	4305
536	89	14	4129	19	0	4251
537	3954	8	80	30	0	4072
538	4225	15	29	19	0	4288
539	81	3990	25	35	0	4131
540	21	76	22	4061	0	4180
541	22	3972	25	68	0	4087
542	20	84	3932	26	0	4062
543	3833	17	73	24	0	3947
544	4797	19	30	20	0	4866
545	134	24	4996	17	0	5171
546	25	8	4077	11	0	4121
547	10	4101	94	4	0	4209
548	4320	59	30	0	0	4409
549	61	28	16	4203	0	4308
550	28	13	6	4171	0	4218
551	4	4163	13	75	0	4255
552	4295	60	10	34	0	4399
553	59	29	4008	13	0	4109
554	25	7	60	4035	0	4127
555	4028	6	26	61	0	4121
556	64	4105	25	33	0	4227
557	34	77	4488	8	0	4607
558	17	29	4621	8	0	4675
559	8	14	118	4432	0	4572
560	17	4436	51	83	0	4587
561	19	94	4817	28	0	4958
562	7	36	121	4679	0	4843
563	4893	17	52	109	0	5071
564	110	36	4847	31	0	5024
565	48	5	116	4751	0	4920
566	22	9	4842	122	0	4995
567	22	23	4785	43	0	4873
568	13	15	137	4747	0	4912
569	13	15	4870	112	0	5010
570	3748	10	123	43	0	3924
571	92	15	4520	18	0	4645
572	4231	10	99	16	0	4356
573	92	5110	63	7	0	5272
574	5398	89	34	10	0	5531
575	94	5198	34	14	0	5340
576	39	98	19	4720	0	4876
577	18	48	20	4854	0	4940
578	13	21	4637	130	0	4801
579	14	19	4692	52	0	4777
580	17	10	127	4756	0	4910
581	17	8	4719	108	0	4852
582	16	10	114	4553	0	4693
583	17	4490	69	98	0	4674
584	8	4750	46	52	0	4856
585	17	122	31	4723	0	4893
586	13	53	38	4810	0	4914
587	27	26	4669	135	0	4857
588	14	23	103	4574	0	4714
589	24	4449	50	108	0	4631
590	22	4544	41	55	0	4662
591	29	4513	36	34	0	4612
592	24	128	28	3671	0	3851
593	9	3719	25	110	0	3863
594	3794	109	32	50	0	3985
595	88	49	38	3819	0	3994
596	39	18	3737	128	0	3922
597	21	18	126	3777	0	3942
598	22	15	3799	119	0	3955
599	19	17	3758	64	0	3858
600	23	30	3802	25	0	3880
601	27	3479	161	40	0	3707
602	29	110	3847	37	0	4023
603	3785	59	134	32	0	4010
604	3902	50	71	42	0	4065
605	3955	38	38	47	0	4078
606	142	44	44	3886	0	4116
607	3858	31	43	136	0	4068
608	108	3620	59	72	0	3859
609	65	3821	38	52	0	3976
610	3908	149	48	46	0	4151
611	123	73	3765	47	0	4008
612	50	50	129	3774	0	4003
613	30	57	3836	135	0	4058
614	37	43	3828	79	0	3987
615	19	3687	192	60	0	3958
616	26	113	100	3607	0	3846
617	26	75	60	3940	0	4101
618	3806	56	68	143	0	4073
619	114	3708	61	84	0	3967
620	70	4698	58	56	0	4882
621	58	150	4628	61	0	4897
622	45	4597	128	56	0	4826
623	4699	118	81	59	0	4957
624	4679	66	79	57	0	4881
625	143	37	4768	62	0	5010
626	61	45	4785	52	0	4943
627	60	33	179	4454	0	4726
628	36	46	105	4540	0	4727
629	41	4468	82	147	0	4738
630	34	133	67	4648	0	4882
631	47	63	60	4643	0	4813
632	41	4258	49	159	0	4507
633	43	107	62	4393	0	4605
634	42	59	49	3528	0	3678
635	36	3477	57	149	0	3719
636	47	118	3402	76	0	3643
637	32	87	122	3524	0	3765
638	3533	53	76	125	0	3787
639	3568	60	56	82	0	3766
640	141	51	3413	55	0	3660
641	3436	44	126	62	0	3668
642	3492	45	80	59	0	3676
643	129	3362	70	85	0	3646
644	21	60	2658	19	0	2758
645	10	21	2672	22	0	2725
646	7	11	54	3049	0	3121
647	3109	15	21	64	0	3209
648	4290	17	13	19	0	4339
649	131	12	12	4756	0	4911
650	4810	13	10	162	0	4995
651	4870	14	12	27	0	4923
652	5575	17	11	24	0	5627
653	198	22	5343	16	0	5579
654	46	22	5330	17	0	5415
655	5805	7	195	17	0	6024
656	186	14	5382	12	0	5594
657	29	4988	152	9	0	5178
658	17	140	32	5201	0	5390
659	10	29	5181	142	0	5362
660	14	18	5221	24	0	5277
661	1	5	147	4869	0	5022
662	8	10	4954	136	0	5108
663	4	19	4769	28	0	4820
664	5	4491	177	17	0	4690
665	9	4944	49	15	0	5017
666	4867	150	16	9	0	5042
667	131	26	16	4952	0	5125
668	4971	10	14	140	0	5135
669	140	16	5051	23	0	5230
670	28	9	133	5026	0	5196
671	20	3	31	5345	0	5399
672	5076	5	22	159	0	5262
673	143	4299	22	31	0	4495
674	24	146	4212	17	0	4399
675	18	28	4343	16	0	4405
676	14	4763	157	16	0	4950
677	20	147	4723	15	0	4905
678	14	4723	145	17	0	4899
679	18	4751	51	15	0	4835
680	20	176	4643	5	0	4844
681	4747	36	157	9	0	4949
682	148	21	42	4757	0	4968
683	37	4782	33	132	0	4984
684	25	140	23	4944	0	5132
685	4897	27	33	151	0	5108
686	5036	18	18	36	0	5108
687	5014	14	29	27	0	5084
688	174	28	4736	17	0	4955
689	39	11	136	4701	0	4887
690	30	4696	45	140	0	4911
691	4893	141	42	23	0	5099
692	148	35	31	4888	0	5102
693	30	29	32	4947	0	5038
694	27	19	22	5086	0	5154
695	24	27	4727	176	0	4954
696	4639	21	141	55	0	4856
697	152	4736	48	37	0	4973
698	40	141	30	4794	0	5005
699	34	29	23	5026	0	5112
700	4901	20	37	174	0	5132
701	173	30	4758	46	0	5007
702	42	29	4809	37	0	4917
703	46	4697	172	19	0	4934
704	29	159	4823	22	0	5033
705	4513	41	179	22	0	4755
706	133	4727	67	38	0	4965
707	40	165	4808	21	0	5034
708	4591	51	174	29	0	4845
709	165	26	4885	31	0	5107
710	46	5546	168	30	0	5790
711	33	171	54	5643	0	5901
712	35	44	35	5924	0	6038
713	36	37	5681	183	0	5937
714	40	35	5606	46	0	5727
715	34	5573	190	43	0	5840
716	5386	160	61	41	0	5648
717	150	5653	53	43	0	5899
718	56	172	41	5665	0	5934
719	39	58	5645	173	0	5915
720	4988	37	167	44	0	5236
721	174	30	57	4788	0	5049
722	54	4780	53	167	0	5054
723	36	5120	64	59	0	5279
724	30	185	48	5007	0	5270
725	40	64	27	5231	0	5362
726	5076	40	54	190	0	5360
727	171	40	41	5124	0	5376
728	47	41	5587	195	0	5870
729	5628	33	177	63	0	5901
730	5842	35	55	65	0	5997
731	192	36	5544	43	0	5815
732	5611	36	174	39	0	5860
733	192	29	64	5771	0	6056
734	65	31	37	6029	0	6162
735	43	36	33	6167	0	6279
736	47	27	42	5938	0	6054
737	45	5895	36	195	0	6171
738	6041	178	36	65	0	6320
739	6198	48	42	59	0	6347
740	201	47	6119	64	0	6431
741	6310	31	202	62	0	6605
742	6597	36	56	42	0	6731
743	6575	41	49	40	0	6705
744	6557	28	40	28	0	6653
745	240	6313	45	46	0	6644
746	73	612	26	5703	0	6414
747	63	59	6028	197	0	6347
748	30	45	4691	30	0	4796
749	4239	12	88	31	0	4370
750	3967	13	32	442	0	4454
751	100	3855	29	38	0	4022
752	3214	58	9	5	0	3286
753	63	3211	12	7	0	3293
754	15	56	6	3338	0	3415
755	3332	8	5	55	0	3400
756	3277	10	5	8	0	3300
757	3333	3	7	15	0	3358
758	68	3221	13	4	0	3306
759	3339	53	6	5	0	3403
760	59	14	6	3872	0	3951
761	3912	7	6	63	0	3988
762	62	17	3740	9	0	3828
763	16	3651	56	28	0	3751
764	4004	50	9	18	0	4081
765	62	19	3860	12	0	3953
766	23	16	52	3898	0	3989
767	25	13	3901	58	0	3997
768	18	17	3844	11	0	3890
769	24	5	57	3677	0	3763
770	22	10	3655	57	0	3744
771	28	7	56	3662	0	3753
772	25	9	5	3771	0	3810
773	3666	9	15	66	0	3756
774	61	3622	13	23	0	3719
775	20	3988	10	24	0	4042
776	21	3577	21	21	0	3640
777	26	70	3493	13	0	3602
778	31	14	56	3906	0	4007
779	28	18	4701	60	0	4807
780	4564	18	60	17	0	4659
781	4803	12	12	18	0	4845
782	66	4678	28	20	0	4792
783	16	58	12	4760	0	4846
784	22	4692	25	58	0	4797
785	4851	64	23	17	0	4955
786	76	9	13	4812	0	4910
787	36	22	5172	61	0	5291
788	31	5073	70	21	0	5195
789	32	74	5114	26	0	5246
790	24	31	60	5160	0	5275
791	22	25	5229	70	0	5346
792	5066	19	68	18	0	5171
793	79	24	5527	21	0	5651
794	32	5430	77	17	0	5556
795	35	67	19	5620	0	5741
796	33	18	21	5770	0	5842
797	5718	16	21	80	0	5835
798	5716	9	15	24	0	5764
799	73	5405	32	26	0	5536
800	35	71	5575	25	0	5706
801	28	25	5504	25	0	5582
802	5517	17	70	19	0	5623
803	86	26	5495	26	0	5633
804	32	24	5486	12	0	5554
805	29	28	5530	18	0	5605
806	21	27	5530	17	0	5595
807	27	5420	112	30	0	5589
808	5674	69	43	25	0	5811
809	94	18	25	5599	0	5736
810	4815	12	15	62	0	4904
811	65	4661	17	18	0	4761
812	4772	62	14	14	0	4862
813	70	4704	19	16	0	4809
814	18	70	18	4958	0	5064
815	24	4994	19	68	0	5105
816	25	92	4809	16	0	4942
817	21	4915	77	22	0	5035
818	26	71	23	5880	0	6000
819	5837	27	26	77	0	5967
820	74	22	21	5877	0	5994
821	22	33	5718	92	0	5865
822	39	16	78	5620	0	5753
823	14	5600	44	88	0	5746
824	36	87	5631	20	0	5774
825	5555	27	86	29	0	5697
826	83	26	30	5872	0	6011
827	5795	24	27	89	0	5935
828	5223	18	26	29	0	5296
829	88	5151	24	40	0	5303
830	5248	80	29	15	0	5372
831	5197	37	21	19	0	5274
832	92	5743	39	34	0	5908
833	33	74	20	5681	0	5808
834	27	20	100	5602	0	5749
835	23	5426	31	75	0	5555
836	19	69	20	5651	0	5759
837	17	36	5419	76	0	5548
838	12	17	73	5536	0	5638
839	19	28	5507	83	0	5637
840	16	20	4989	27	0	5052
841	14	4859	61	26	0	4960
842	15	5024	35	20	0	5094
843	15	5091	40	15	0	5161
844	17	56	88	5085	0	5246
845	11	41	4955	38	0	5045
846	4797	13	41	21	0	4872
847	37	16	16	5068	0	5137
848	19	30	5593	34	0	5676
849	15	25	5434	25	0	5499
850	12	5400	62	23	0	5497
851	12	40	27	5712	0	5791
852	5622	16	26	44	0	5708
853	39	5423	18	23	0	5503
854	15	5498	19	27	0	5559
855	18	5891	23	23	0	5955
856	12	53	15	7115	0	7195
857	15	7081	27	70	0	7193
858	17	71	10	8775	0	8873
859	18	33	13	8950	0	9014
860	13	45	8006	182	0	8246
861	7191	30	143	76	0	7440
862	141	34	8075	37	0	8287
863	47	14	148	8080	0	8289
864	36	32	7795	147	0	8010
865	18	7745	182	58	0	8003
866	8111	140	50	37	0	8338
867	151	42	35	7883	0	8111
868	45	30	25	8226	0	8326
869	8894	22	19	179	0	9114
870	8804	23	22	68	0	8917
871	8923	24	17	55	0	9019
872	192	44	9086	33	0	9355
873	9352	22	121	33	0	9528
874	169	9609	52	42	0	9872
875	58	9574	48	41	0	9721
876	39	170	38	9646	0	9893
877	38	67	15	9632	0	9752
878	25	9164	44	172	0	9405
879	27	153	12	8682	0	8874
880	8498	55	31	184	0	8768
881	149	60	8232	75	0	8516
882	54	8341	142	68	0	8605
883	8362	158	40	50	0	8610
884	155	8370	41	48	0	8614
885	61	179	8740	39	0	9019
886	53	56	147	8874	0	9130
887	53	45	8338	144	0	8580
888	28	8241	162	49	0	8480
889	33	136	46	8575	0	8790
890	21	60	8396	165	0	8642
891	32	60	8287	57	0	8436
892	19	33	150	8488	0	8690
893	8176	21	59	174	0	8430
894	8171	26	39	58	0	8294
895	8247	21	35	57	0	8360
896	200	50	8539	33	0	8822
897	78	8460	146	39	0	8723
898	52	163	44	8749	0	9008
899	39	42	43	8773	0	8897
900	24	8656	35	176	0	8891
901	8795	156	37	69	0	9057
902	145	63	17	8879	0	9104
903	55	55	8572	188	0	8870
904	33	8499	143	89	0	8764
905	8509	149	60	70	0	8788
906	142	8549	63	56	0	8810
907	57	164	44	8669	0	8934
908	52	61	36	8727	0	8876
909	47	38	57	8735	0	8877
910	44	46	8483	211	0	8784
911	41	347	157	8155	0	8700
912	36	8335	78	194	0	8643
913	40	8465	74	85	0	8664
914	43	186	7972	78	0	8279
915	7811	69	137	67	0	8084
916	8285	57	45	60	0	8447
917	195	7959	57	54	0	8265
918	7585	132	31	56	0	7804
919	7632	43	28	44	0	7747
920	175	7305	45	42	0	7567
921	90	145	35	7572	0	7842
922	65	61	7712	151	0	7989
923	41	87	7248	94	0	7470
924	7674	49	164	69	0	7956
925	142	7584	81	80	0	7887
926	61	167	51	7957	0	8236
927	52	68	34	8059	0	8213
928	46	59	38	8118	0	8261
929	7972	49	24	208	0	8253
930	190	40	41	7887	0	8158
931	95	56	20	8656	0	8827
932	81	51	7648	189	0	7969
933	7135	58	156	87	0	7436
934	168	7507	76	67	0	7818
935	7884	178	36	62	0	8160
936	165	8014	82	56	0	8317
937	46	175	52	8402	0	8675
938	8398	65	50	182	0	8695
939	8424	53	43	88	0	8608
940	209	53	8070	56	0	8388
941	8145	38	157	63	0	8403
942	196	47	8122	49	0	8414
943	95	42	8118	48	0	8303
944	63	54	8011	66	0	8194
945	59	45	9082	58	0	9244
946	39	46	217	8958	0	9260
947	53	47	9075	224	0	9399
948	36	61	225	8597	0	8919
949	9224	39	78	243	0	9584
950	236	58	73	9265	0	9632
951	9063	44	61	275	0	9443
952	254	8898	55	107	0	9314
953	96	231	30	9218	0	9575
954	94	106	8869	257	0	9326
955	83	8827	197	89	0	9196
956	39	188	53	8266	0	8546
957	48	70	8088	225	0	8431
958	0	6311	99	26	0	6436
959	4	6581	27	18	0	6630
960	14	140	6501	6	0	6661
961	3	27	95	6466	0	6591
962	6	25	6576	110	0	6717
963	6269	4	109	27	0	6409
964	6671	2	16	18	0	6707
965	113	6328	38	10	0	6489
966	6712	103	2	5	0	6822
967	113	13	7	6672	0	6805
968	19	24	6544	107	0	6694
969	5517	6	97	23	0	5643
970	106	12	5806	24	0	5948
971	23	5665	120	10	0	5818
972	5367	102	17	5	0	5491
973	101	18	11	4848	0	4978
974	19	28	4787	104	0	4938
975	4802	9	89	20	0	4920
976	4896	2	14	19	0	4931
977	4942	5	21	5	0	4973
978	129	7	3	5071	0	5210
979	33	7	8	5208	0	5256
980	24	17	4954	118	0	5113
981	4	4917	96	43	0	5060
982	3	103	23	5052	0	5181
983	11	18	12	5231	0	5272
984	8	28	5050	120	0	5206
985	7	15	4600	30	0	4652
986	11	6	114	4634	0	4765
987	4593	8	29	111	0	4741
988	100	4481	40	25	0	4646
989	4613	102	8	25	0	4748
990	111	4480	21	16	0	4628
991	28	123	4482	8	0	4641
992	27	29	4553	4	0	4613
993	4792	26	120	18	0	4956
994	6048	8	41	7	0	6104
995	177	5893	34	21	0	6125
996	71	175	5350	14	0	5610
997	45	53	162	5367	0	5627
998	23	38	56	5308	0	5425
999	18	5403	49	201	0	5671
1000	15	169	18	5566	0	5768
1001	18	65	5336	196	0	5615
1002	5335	37	170	73	0	5615
1003	5600	15	58	48	0	5721
1004	5547	14	35	21	0	5617
1005	5683	15	25	23	0	5746
1006	256	26	5345	23	0	5650
1007	5428	13	167	17	0	5625
1008	221	28	5239	24	0	5512
1009	86	5334	211	15	0	5646
1010	50	182	64	5451	0	5747
1011	5457	58	54	178	0	5747
1012	192	42	32	6432	0	6698
1013	76	40	6240	283	0	6639
1014	6271	31	245	85	0	6632
1015	6503	29	80	55	0	6667
1016	311	20	54	6342	0	6727
1017	104	22	28	6633	0	6787
1018	68	37	6044	332	0	6481
1019	33	6266	250	130	0	6679
1020	6384	246	102	69	0	6801
1021	286	92	6093	31	0	6502
1022	5772	52	224	30	0	6078
1023	265	5819	89	32	0	6205
1024	5876	232	59	30	0	6197
1025	281	5801	42	37	0	6161
1026	102	6040	52	27	0	6221
1027	87	294	35	5824	0	6240
1028	60	110	41	6040	0	6251
1029	65	70	28	6095	0	6258
1030	65	34	36	6217	0	6352
1031	64	48	5176	340	0	5628
1032	5268	25	250	139	0	5682
1033	5595	26	96	89	0	5806
1034	5681	20	66	73	0	5840
1035	357	27	48	5405	0	5837
1036	136	28	52	5199	0	5415
1037	5036	27	34	333	0	5430
1038	5128	18	38	135	0	5319
1039	5223	33	28	78	0	5362
1040	363	25	46	4923	0	5357
1041	167	24	52	5153	0	5396
1042	123	41	4655	304	0	5123
1043	87	65	4704	113	0	4969
1044	74	4874	276	89	0	5313
1045	3909	213	76	47	0	4245
1046	4512	87	38	46	0	4683
1047	4569	53	42	51	0	4715
1048	284	40	4550	55	0	4929
1049	4026	22	161	58	0	4267
1050	4179	27	59	52	0	4317
1051	4201	17	33	56	0	4307
1052	245	21	37	4029	0	4332
1053	114	28	34	4140	0	4316
1054	81	17	30	3993	0	4121
1055	75	23	3530	249	0	3877
1056	3501	20	141	105	0	3767
1057	211	3711	56	74	0	4052
1058	3803	160	47	44	0	4054
1059	231	3719	29	38	0	4017
1060	114	3809	23	39	0	3985
1061	79	209	26	3808	0	4122
1062	58	93	23	3747	0	3921
1063	56	3721	36	239	0	4052
1064	3808	180	26	113	0	4127
1065	3918	75	40	71	0	4104
1066	250	34	43	3782	0	4109
1067	142	27	3846	210	0	4225
1068	103	29	3860	107	0	4099
1069	106	21	4036	78	0	4241
1070	92	20	4041	55	0	4208
1071	3965	31	219	50	0	4265
1072	4242	16	81	62	0	4401
1073	281	10	52	4048	0	4391
1074	153	16	3921	201	0	4291
1075	93	25	177	3836	0	4131
1076	80	4014	86	181	0	4361
1077	92	4328	52	84	0	4556
1078	4037	224	38	58	0	4357
1079	4123	96	36	63	0	4318
1080	4206	59	27	80	0	4372
1081	249	48	29	4056	0	4382
1082	127	40	40	4140	0	4347
1083	103	37	41	4171	0	4352
1084	117	25	26	4186	0	4354
1085	107	33	3887	257	0	4284
1086	90	24	163	4073	0	4350
1087	4301	21	87	237	0	4646
1088	208	19	63	4294	0	4584
1089	105	21	59	4401	0	4586
1090	106	20	51	4357	0	4534
1091	104	4039	44	259	0	4446
1092	97	4215	33	121	0	4466
1093	51	3794	28	78	0	3951
1094	30	107	14	2717	0	2868
1095	28	21	15	2799	0	2863
1096	2732	15	11	113	0	2871
1097	2720	13	13	41	0	2787
1098	2782	20	6	24	0	2832
1099	118	15	8	2687	0	2828
1100	33	9	13	2714	0	2769
1101	40	2557	9	108	0	2714
1102	33	2727	10	29	0	2799
1103	2727	105	4	17	0	2853
1104	111	21	4	2708	0	2844
1105	3573	12	12	124	0	3721
1106	3634	5	14	53	0	3706
1107	116	8	19	3468	0	3611
1108	33	3787	16	113	0	3949
1109	3946	96	11	34	0	4087
1110	3988	18	6	26	0	4038
1111	132	22	4512	37	0	4703
1112	3508	1	20	1	0	3530
1113	21	3481	13	3	0	3518
1114	4	19	1	3702	0	3726
1115	3753	3	1	19	0	3776
1116	19	4	1	3772	0	3796
1117	8	2	0	3745	0	3755
1118	2	3724	1	24	0	3751
1119	3777	22	1	11	0	3811
1120	3755	6	0	4	0	3765
1121	27	3628	7	3	0	3665
1122	9	4449	8	3	0	4469
1123	4689	28	0	3	0	4720
1124	4617	9	2	0	0	4628
1125	33	5	4474	2	0	4514
1126	15	10	4153	3	0	4181
1127	6	10	5072	2	0	5090
1128	4	2	28	5178	0	5212
1129	5	2	8	5345	0	5360
1130	6	5	5262	30	0	5303
1131	5799	1	24	11	0	5835
1132	6188	5	8	7	0	6208
1133	6168	3	3	6	0	6180
1134	6105	3	3	7	0	6118
1135	37	4	6947	7	0	6995
1136	6803	6	23	4	0	6836
1137	7779	7	5	6	0	7797
1138	7661	2	4	6	0	7673
1139	7665	4	1	3	0	7673
1140	7610	3	11	2	0	7626
1141	40	9	7639	2	0	7690
1142	16	7212	32	10	0	7270
1143	11	27	4	7737	0	7779
1144	8	6	7	7793	0	7814
1145	17	7	7675	30	0	7729
1146	6550	4	26	15	0	6595
1147	27	6	8	6932	0	6973
1148	12	8	6684	29	0	6733
1149	21	9	6207	12	0	6249
1150	14	6328	41	12	0	6395
1151	9	27	13	6727	0	6776
1152	14	13	4	6784	0	6815
1153	14	8	5	6766	0	6793
1154	6811	3	10	33	0	6857
1155	36	5	6	6749	0	6796
1156	13	8	6634	36	0	6691
1157	9	25	6067	17	0	6118
1158	11	11	7200	20	0	7242
1159	18	4	34	7537	0	7593
1160	7956	4	17	30	0	8007
1161	39	10	7878	9	0	7936
1162	7666	4	26	16	0	7712
1163	9081	4	14	9	0	9108
1164	39	7	13	8976	0	9035
1165	23	5	6	8954	0	8988
1166	18	8575	27	40	0	8660
1167	19	33	8527	18	0	8597
1168	8393	8	23	15	0	8439
1169	36	9	10	8757	0	8812
1170	19	8468	15	32	0	8534
1171	19	31	8	8831	0	8889
1172	14	14	8722	35	0	8785
1173	15	9	30	8545	0	8599
1174	10	8280	20	42	0	8352
1175	16	25	9	8837	0	8887
1176	8530	9	14	32	0	8585
1177	40	6	11	8494	0	8551
1178	19	8187	21	42	0	8269
1179	15	8219	15	25	0	8274
1180	8240	33	10	18	0	8301
1181	31	29	8897	8	0	8965
1182	15	9	49	8881	0	8954
1183	19	6	11	9125	0	9161
1184	16	8	9481	67	0	9572
1185	13	9135	58	41	0	9247
1186	18	56	9514	18	0	9606
1187	3	15	39	9226	0	9283
1188	4	9048	33	45	0	9130
1189	9477	33	15	10	0	9535
1190	37	9008	25	17	0	9087
1191	17	9793	24	16	0	9850
1192	10309	37	4	15	0	10365
1193	10023	12	4	8	0	10047
1194	10592	7	6	11	0	10616
1195	48	8	7	11518	0	11581
1196	15	12	11435	39	0	11501
1197	11115	5	36	25	0	11181
1198	11780	3	17	14	0	11814
1199	67	2	9	12404	0	12482
1200	29	13	12376	68	0	12486
1201	6	11769	79	25	0	11879
1202	12454	57	16	14	0	12541
1203	12843	19	10	15	0	12887
1204	63	12454	25	26	0	12568
1205	11	12945	24	12	0	12992
1206	13502	58	5	3	0	13568
1207	13289	17	6	11	0	13323
1208	13037	10	1	9	0	13057
1209	64	5	6	12891	0	12966
1210	22	21	13509	56	0	13608
1211	17	15	47	12653	0	12732
1212	21	10	12789	54	0	12874
1213	15	12122	77	30	0	12244
1214	11	12591	33	23	0	12658
1215	95	62	9	12817	0	12983
1216	10	13	3	12822	0	12848
1217	12	10	4	12675	0	12701
1218	12	12338	36	47	0	12433
1219	12839	46	3	18	0	12906
1220	12462	10	10	11	0	12493
1221	49	12492	15	27	0	12583
1222	13	48	7	11992	0	12060
1223	9	11768	12	54	0	11843
1224	9	61	1	12060	0	12131
1225	7	11761	19	52	0	11839
1226	12035	42	7	18	0	12102
1227	48	15	4	11229	0	11296
1228	17	11	11023	48	0	11099
1229	10846	7	41	18	0	10912
1230	11127	8	10	9	0	11154
1231	54	20	10268	11	0	10353
1232	17	7	41	10289	0	10354
1233	11	14	10349	49	0	10423
1234	9	11	42	10273	0	10335
1235	5	19	9471	49	0	9544
1236	9093	9	41	13	0	9156
1237	54	5	9	8877	0	8945
1238	16	8372	26	57	0	8471
1239	9007	47	5	14	0	9073
1240	53	17	3	8895	0	8968
1241	13	9	9	9014	0	9045
1242	13	6	8804	66	0	8889
1243	9	16	43	9171	0	9239
1244	16	14	9505	88	0	9623
1245	7	24	10205	30	0	10266
1246	18	9	93	10452	0	10572
1247	15	19	11615	91	0	11740
1248	13260	16	92	30	0	13398
1249	16368	12	23	17	0	16420
1250	18344	30	27	18	0	18419
1251	399	18703	33	35	0	19170
1252	201	330	10	18742	0	19283
1253	110	137	18	18960	0	19225
1254	46	19548	32	430	0	20056
1255	19724	349	43	194	0	20310
1256	333	152	12	19846	0	20343
1257	152	104	21159	404	0	21819
1258	122	97	19541	175	0	19935
1259	57	19387	484	126	0	20054
1260	20381	323	215	71	0	20990
1261	373	161	19853	56	0	20443
1262	18826	82	412	41	0	19361
1263	412	17904	219	66	0	18601
1264	192	357	18950	37	0	19536
1265	152	162	19124	74	0	19512
1266	100	112	19254	59	0	19525
1267	76	18383	664	68	0	19191
1268	60	387	19259	84	0	19790
1269	18809	147	551	78	0	19585
1270	399	96	260	21292	0	22047
1271	224	72	170	21650	0	22116
1272	228	54	99	21993	0	22374
1273	137	94	67	22227	0	22525
1274	137	86	21454	624	0	22301
1275	107	63	381	21737	0	22288
1276	78	114	167	22432	0	22791
1277	21956	76	127	601	0	22760
1278	23068	78	120	362	0	23628
1279	22929	64	144	213	0	23350
1280	658	191	22305	181	0	23335
1281	305	22165	505	140	0	23115
1282	232	23520	278	120	0	24150
1283	22272	599	232	111	0	23214
1284	488	22751	196	92	0	23527
1285	232	572	175	22869	0	23848
1286	177	269	172	23523	0	24141
1287	135	254	22013	620	0	23022
1288	150	21514	626	350	0	22640
1289	132	520	22352	203	0	23207
1290	21709	221	651	162	0	22743
1291	22352	191	327	112	0	22982
1292	641	130	232	22161	0	23164
1293	337	126	158	22515	0	23136
1294	202	107	140	22379	0	22828
1295	176	81	92	21746	0	22095
1296	136	113	20630	863	0	21742
1297	105	69	498	20854	0	21526
1298	97	102	20343	757	0	21299
1299	141	135	18954	430	0	19660
1300	184	19295	674	320	0	20473
1301	19855	446	382	199	0	20882
1302	564	20407	293	179	0	21443
1303	302	625	190	20121	0	21238
1304	228	335	21423	517	0	22503
1305	20171	260	554	299	0	21284
1306	599	231	20393	201	0	21424
1307	20673	190	622	206	0	21691
1308	20890	146	378	227	0	21641
1309	762	141	280	21021	0	22204
1310	424	161	209	20695	0	21489
1311	284	148	229	21147	0	21808
1312	265	172	19574	913	0	20924
1313	19685	142	611	503	0	20941
1314	636	19516	366	428	0	20946
1315	376	540	233	20531	0	21680
1316	20537	283	215	781	0	21816
1317	20921	226	195	480	0	21822
1318	21153	155	217	377	0	21902
1319	948	231	19767	365	0	21311
1320	20323	156	720	328	0	21527
1321	21191	227	417	309	0	22144
1322	908	261	20855	336	0	22360
1323	557	239	22180	278	0	23254
1324	352	258	965	22049	0	23624
1325	345	197	21838	840	0	23220
1326	212	21583	1027	481	0	23303
1327	229	23148	638	307	0	24322
1328	22494	904	462	242	0	24102
1329	847	23028	385	240	0	24500
1330	577	836	306	23161	0	24880
1331	22327	430	311	810	0	23878
1332	835	22918	284	498	0	24535
1333	439	795	273	23220	0	24727
1334	325	368	344	23958	0	24995
1335	316	273	22482	1129	0	24200
1336	230	254	852	23122	0	24458
1337	277	252	22658	1117	0	24304
1338	287	205	22646	683	0	23821
1339	295	162	951	22747	0	24155
1340	319	181	473	24033	0	25006
1341	23176	157	364	1185	0	24882
1342	921	24729	340	687	0	26677
1343	412	760	237	24528	0	25937
1344	318	368	207	25338	0	26231
1345	23233	255	156	1182	0	24826
1346	934	22849	173	656	0	24612
1347	529	22219	215	441	0	23404
1348	310	19879	154	342	0	20685
1349	176	17822	153	242	0	18393
1350	14533	602	40	109	0	15284
1351	14704	244	52	89	0	15089
1352	14788	150	39	102	0	15079
1353	14289	87	51	116	0	14543
1354	611	61	68	13824	0	14564
1355	255	86	13208	466	0	14015
1356	159	13221	442	191	0	14013
1357	121	418	168	12356	0	13063
1358	78	194	12137	474	0	12883
1359	81	111	425	12267	0	12884
1360	91	86	166	12723	0	13066
1361	88	89	12300	607	0	13084
1362	99	61	453	12492	0	13105
1363	100	66	168	12833	0	13167
1364	12687	62	128	625	0	13502
1365	12518	61	94	286	0	12959
1366	12641	74	61	203	0	12979
1367	12658	58	68	155	0	12939
1368	638	79	71	12101	0	12889
1369	308	64	46	12480	0	12898
1370	197	80	89	10903	0	11269
1371	10734	70	72	648	0	11524
1372	552	69	61	10945	0	11627
1373	263	61	54	11357	0	11735
1374	216	88	9923	704	0	10931
1375	161	80	450	10172	0	10863
1376	180	9886	169	615	0	10850
1377	138	10694	123	294	0	11249
1378	9043	501	71	199	0	9814
1379	488	198	8751	167	0	9604
1380	168	8053	351	115	0	8687
1381	8093	410	128	104	0	8735
1382	430	139	100	8199	0	8868
1383	168	118	7889	439	0	8614
1384	136	81	384	7940	0	8541
1385	99	8224	138	462	0	8923
1386	8650	404	113	189	0	9356
1387	449	8921	93	163	0	9626
1388	9261	504	56	144	0	9965
1389	10281	206	42	115	0	10644
1390	677	147	42	9834	0	10700
1391	274	108	28	9821	0	10231
1392	184	9715	52	647	0	10598
1393	10016	498	47	283	0	10844
1394	564	221	9617	199	0	10601
1395	9947	145	462	146	0	10700
1396	10389	113	165	125	0	10792
1397	709	111	9673	130	0	10623
1398	301	769	515	9204	0	10789
1399	10058	59	197	561	0	10875
1400	613	86	9777	240	0	10716
1401	234	115	9896	206	0	10451
1402	8917	69	578	170	0	9734
1403	540	8842	280	137	0	9799
1404	222	8040	146	94	0	8502
1405	185	591	104	7711	0	8591
1406	151	255	7534	485	0	8425
1407	7627	159	451	204	0	8441
1408	535	150	7477	179	0	8341
1409	214	7474	488	120	0	8296
1410	7477	468	168	122	0	8235
1411	515	194	121	7521	0	8351
1412	7670	147	125	489	0	8431
1413	582	154	7140	202	0	8078
1414	280	110	412	7216	0	8018
1415	230	7397	168	489	0	8284
1416	170	471	125	7270	0	8036
1417	166	183	109	7812	0	8270
1418	157	167	7152	589	0	8065
1419	162	7158	443	286	0	8049
1420	144	7562	198	223	0	8127
1421	153	533	6937	156	0	7779
1422	5357	184	360	111	0	6012
1423	5701	122	180	94	0	6097
1424	456	92	135	5517	0	6200
1425	5558	94	116	343	0	6111
1426	444	4763	129	185	0	5521
1427	212	4886	85	165	0	5348
1428	4889	400	73	110	0	5472
1429	412	189	77	4853	0	5531
1430	4990	156	94	367	0	5607
1431	5202	119	70	199	0	5590
1432	482	94	92	4960	0	5628
1433	280	105	4658	396	0	5439
1434	4931	94	313	202	0	5540
1435	5130	99	157	150	0	5536
1436	509	86	109	4739	0	5443
1437	258	4758	129	357	0	5502
1438	212	328	94	5010	0	5644
1439	184	166	4678	429	0	5457
1440	152	138	4341	223	0	4854
1441	139	4454	369	180	0	5142
1442	88	236	133	2540	0	2997
1443	103	114	95	2766	0	3078
1444	99	106	2593	259	0	3057
1445	2533	98	213	145	0	2989
1446	2809	82	101	101	0	3093
1447	2683	78	91	94	0	2946
1448	2833	74	67	96	0	3070
1449	333	2468	82	82	0	2965
1450	192	2706	74	79	0	3051
1451	2713	266	58	61	0	3098
1452	297	124	67	2636	0	3124
1453	177	98	61	2721	0	3057
1454	150	2592	66	285	0	3093
1455	122	240	70	2689	0	3121
1456	146	125	46	2756	0	3073
1457	119	2604	71	292	0	3086
1458	92	236	2546	177	0	3051
1459	116	132	209	2700	0	3157
1460	2623	90	114	296	0	3123
1461	2549	103	79	158	0	2889
1462	301	105	2320	108	0	2834
1463	164	72	2431	107	0	2774
1464	138	57	2513	106	0	2814
1465	136	53	297	2385	0	2871
1466	132	73	2395	235	0	2835
1467	120	83	2463	138	0	2804
1468	109	64	280	2726	0	3179
1469	132	2932	158	259	0	3481
1470	114	273	2893	144	0	3424
1471	67	2581	175	76	0	2899
1472	2503	206	94	46	0	2849
1473	179	2562	64	69	0	2874
1474	102	210	42	2591	0	2945
1475	2532	104	42	202	0	2880
1476	192	74	32	2620	0	2918
1477	118	44	41	2753	0	2956
1478	86	60	2406	268	0	2820
1479	62	2390	158	166	0	2776
1480	64	2623	98	90	0	2875
1481	65	222	66	2464	0	2817
1482	57	126	44	2629	0	2856
1483	40	72	56	2765	0	2933
1484	35	44	2263	271	0	2613
1485	31	43	2347	152	0	2573
1486	1653	10	125	64	0	1852
1487	96	9	1698	39	0	1842
1488	38	15	1445	23	0	1521
1489	18	708	65	4	0	795
1490	3	42	48	685	0	778
1491	6	28	717	43	0	794
1492	2	22	43	749	0	816
1493	4	6	724	57	0	791
1494	3	9	59	753	0	824
1495	7	5	725	62	0	799
1496	6	4	65	720	0	795
1497	5	8	35	653	0	701
1498	0	706	26	59	0	791
1499	1	44	9	692	0	746
1500	4	739	10	60	0	813
1501	4	57	6	738	0	805
1502	0	31	11	805	0	847
1503	707	37	13	73	0	830
1504	39	12	23	784	0	858
1505	30	30	695	66	0	821
1506	28	12	48	751	0	839
1507	8	26	33	781	0	848
1508	15	9	719	88	0	831
1509	11	15	688	68	0	782
1510	3	6	71	686	0	766
1511	7	5	47	752	0	811
1512	8	9	706	76	0	799
1513	3	686	50	61	0	800
1514	3	763	46	35	0	847
1515	676	73	25	38	0	812
1516	36	47	16	739	0	838
1517	724	30	23	63	0	840
1518	681	14	28	51	0	774
1519	65	725	26	40	0	856
1520	732	42	25	21	0	820
1521	747	36	33	27	0	843
1522	69	39	702	21	0	831
1523	51	28	53	719	0	851
1524	27	28	723	66	0	844
1525	15	12	67	780	0	874
1526	13	14	702	99	0	828
1527	5	697	82	72	0	856
1528	15	761	47	65	0	888
1529	11	82	58	734	0	885
1530	609	71	18	90	0	788
1531	52	44	28	687	0	811
1532	39	45	13	736	0	833
1533	24	36	621	116	0	797
1534	17	33	656	99	0	805
1535	18	12	686	83	0	799
1536	14	25	91	669	0	799
1537	24	21	72	541	0	658
1538	10	652	52	95	0	809
1539	21	711	33	72	0	837
1540	568	79	30	68	0	745
1541	39	682	38	67	0	826
1542	39	65	632	47	0	783
1543	23	39	87	687	0	836
1544	12	33	671	79	0	795
1545	24	642	85	67	0	818
1546	16	55	66	686	0	823
1547	632	65	50	68	0	815
1548	44	59	627	64	0	794
1549	46	658	61	56	0	821
1550	33	62	647	60	0	802
1551	28	665	74	51	0	818
1552	20	61	59	679	0	819
1553	637	50	48	76	0	811
1554	651	37	37	63	0	788
1555	80	648	32	75	0	835
1556	681	57	33	38	0	809
1557	58	51	23	702	0	834
1558	670	43	42	77	0	832
1559	66	40	640	73	0	819
1560	35	32	659	70	0	796
1561	35	23	86	649	0	793
1562	22	25	67	714	0	828
1563	22	19	641	118	0	800
1564	25	23	58	730	0	836
1565	631	13	59	109	0	812
1566	559	15	45	89	0	708
1567	70	658	50	74	0	852
1568	0	3	0	0	0	3
1569	3	0	0	0	0	3
1570	0	0	0	3	0	3
1571	3	0	0	0	0	3
1572	0	3	0	0	0	3
1573	3	0	0	0	0	3
1574	0	0	3	0	0	3
1575	0	0	3	0	0	3
1576	0	0	0	3	0	3
1577	0	0	3	0	0	3
1578	0	0	0	3	0	3
1579	0	0	0	3	0	3
1580	0	0	149	0	0	149
1581	0	0	0	225	0	225
1582	0	0	0	235	0	235
1583	0	0	232	1	0	233
1584	0	0	228	0	0	228
1585	233	0	1	0	0	234
1586	2	0	234	1	0	237
1587	238	0	2	1	0	241
1588	241	0	1	0	0	242
1589	1	0	233	0	0	234
1590	2	1	234	0	0	237
1591	0	0	2	234	0	236
1592	1	0	0	229	0	230
1593	1	226	1	1	0	229
1594	0	696	3	0	0	699
1595	0	1	732	0	0	733
1596	701	0	1	1	0	703
1597	715	0	0	1	0	716
1598	2	2	734	0	0	738
1599	0	3	698	0	0	701
1600	0	0	2	710	0	712
1601	1	695	0	1	0	697
1602	4	2	0	737	0	743
1603	0	0	0	746	0	746
1604	746	0	1	2	0	749
1605	723	0	1	2	0	726
1606	1	0	1	729	0	731
1607	3	3	1370	2	0	1378
1608	1335	0	2	2	0	1339
1609	2	1375	3	1	0	1381
1610	1481	1	0	0	0	1482
1611	1431	0	0	2	0	1433
1612	1	1387	3	0	0	1391
1613	1	1430	1	1	0	1433
1614	0	2	0	1467	0	1469
1615	1	1	0	1449	0	1451
1616	1	1432	1	2	0	1436
1617	0	2	0	1472	0	1474
1618	0	1	1	1459	0	1461
1619	2	0	1442	2	0	1446
1620	1384	0	1	1	0	1386
1621	1441	1	1	0	0	1443
1622	1468	0	1	0	0	1469
1623	1	0	0	1451	0	1452
1624	1476	1	0	1	0	1478
1625	2	1381	2	2	0	1387
1626	1	4	1	1456	0	1462
1627	3	1394	0	1	0	1398
1628	1	1397	6	2	0	1406
1629	1479	1	0	1	0	1481
1630	1465	1	1	0	0	1467
1631	1470	0	1	2	0	1473
1632	1454	2	1	1	0	1458
1633	1447	1	0	2	0	1450
1634	3	1	1383	1	0	1388
1635	1372	2	2	1	0	1377
1636	2	4	1456	0	0	1462
1637	1386	0	2	2	0	1390
1638	1412	0	1	4	0	1417
1639	1382	1	1	2	0	1386
1640	3	1	1432	1	0	1437
1641	2	0	5	1380	0	1387
1642	3	1366	5	1	0	1375
1643	1598	3	3	0	0	1604
1644	1578	0	0	1	0	1579
1645	9	2087	8	1	0	2105
1646	2215	7	3	1	0	2226
1647	9	1	2	2183	0	2195
1648	1	2052	6	11	0	2070
1649	2219	7	2	3	0	2231
1650	2195	4	1	0	0	2200
1651	9	5	3	2182	0	2199
1652	2229	0	4	6	0	2239
1653	14	1	0	2194	0	2209
1654	5	0	2	2195	0	2202
1655	2	4	2169	9	0	2184
1656	3	0	8	2102	0	2113
1657	1	0	3	2161	0	2165
1658	2	6	2163	9	0	2180
1659	0	2	2056	5	0	2063
1660	2	3	8	2633	0	2646
1661	5	2	2684	9	0	2700
1662	2478	1	8	5	0	2492
1663	8	2527	11	5	0	2551
1664	3	6	2	2702	0	2713
1665	2	2	1	2702	0	2707
1666	3	3	2	2669	0	2677
1667	2716	2	1	7	0	2726
1668	2608	3	0	4	0	2615
1669	2649	3	0	3	0	2655
1670	6	2568	4	4	0	2582
1671	2	8	0	2709	0	2719
1672	4	2	0	2702	0	2708
1673	2723	2	1	8	0	2734
1674	2671	1	0	6	0	2678
1675	11	2	2	2693	0	2708
1676	5	4	2647	11	0	2667
1677	2571	2	7	2	0	2582
1678	2649	1	2	4	0	2656
1679	11	6	2640	2	0	2659
1680	2327	2	6	7	0	2342
1681	11	3	2355	0	0	2369
1682	2314	0	6	3	0	2323
1683	7	0	0	2400	0	2407
1684	1	2299	5	7	0	2312
1685	1	8	2339	1	0	2349
1686	0	2269	10	0	0	2279
1687	0	2289	6	3	0	2298
1688	2433	5	0	2	0	2440
1689	8	2	1	2372	0	2383
1690	1	0	2	2374	0	2377
1691	2818	1	1	8	0	2828
1692	8	2	1	2715	0	2726
1693	2	2	2	2719	0	2725
1694	1	3	0	2304	0	2308
1695	2	1	1	2276	0	2280
1696	3	2	2313	7	0	2325
1697	1	3	2220	3	0	2227
1698	1	2118	10	4	0	2133
1699	2287	6	1	1	0	2295
1700	8	0	0	2303	0	2311
1701	1	2298	9	6	0	2314
1702	0	11	0	2531	0	2542
1703	1	0	0	2500	0	2501
1704	4	0	2	2490	0	2496
1705	5	1	1	2507	0	2514
1706	3	3	0	2526	0	2532
1707	2	1768	2	7	0	1779
1708	4	6	2	1900	0	1912
1709	2	5	1850	8	0	1865
1710	4	1764	7	2	0	1777
1711	5	5	0	1870	0	1880
1712	3	2	1	1880	0	1886
1713	4	1807	3	9	0	1823
1714	4	1798	2	3	0	1807
1715	1882	6	1	4	0	1893
1716	7	1756	8	3	0	1774
1717	1880	7	3	4	0	1894
1718	1850	2	1	4	0	1857
1719	7	4	2441	1	0	2453
1720	3	4	11	2244	0	2262
1721	1	1	2479	13	0	2494
1722	2	2335	12	3	0	2352
1723	4	7	3	2425	0	2439
1724	2	3	0	2461	0	2466
1725	0	2	3	2429	0	2434
1726	3	1	0	2462	0	2466
1727	3	4	3159	10	0	3176
1728	2	1	7	3081	0	3091
1729	4	5	3152	8	0	3169
1730	4	7	3030	1	0	3042
1731	2859	3	7	3	0	2872
1732	3063	3	0	4	0	3070
1733	3143	4	2	4	0	3153
1734	9	2925	8	5	0	2947
1735	2	8	0	3200	0	3210
1736	3	3	3100	11	0	3117
1737	5	0	8	3018	0	3031
1738	6	8	3734	10	0	3758
1739	3665	1	9	6	0	3681
1740	3824	0	3	2	0	3829
1741	3837	1	3	5	0	3846
1742	9	8	3661	2	0	3680
1743	1	6	3414	0	0	3421
1744	0	2	1	3484	0	3487
1745	0	2	1	3011	0	3014
1746	0	1	0	3127	0	3128
1747	1	5	3537	0	0	3543
1748	3	6	3212	1	0	3222
1749	3460	1	1	1	0	3463
1750	0	1	0	3632	0	3633
1751	0	1	0	3635	0	3636
1752	3717	0	0	0	0	3717
1753	0	1	0	3645	0	3646
1754	3709	0	0	1	0	3710
1755	3667	0	0	2	0	3669
1756	3425	0	0	0	0	3425
1757	0	3	3651	0	0	3654
1758	1	3344	8	0	0	3353
1759	4413	0	0	0	0	4413
1760	1	0	0	3893	0	3894
1761	0	0	0	3878	0	3878
1762	0	3701	4	3	0	3708
1763	3945	0	0	0	0	3945
1764	3838	0	0	0	0	3838
1765	3887	1	1	1	0	3890
1766	0	3676	8	5	0	3689
1767	4408	0	1	1	0	4410
1768	4347	0	0	2	0	4349
1769	4352	1	1	0	0	4354
1770	0	2	0	4267	0	4269
1771	0	0	0	4326	0	4326
1772	3	1	4464	0	0	4468
1773	1	1	3	4246	0	4251
1774	0	0	1	4471	0	4472
1775	2	3	4474	0	0	4479
1776	4174	1	6	2	0	4183
1777	4525	0	1	0	0	4526
1778	0	1	0	4460	0	4461
1779	0	4280	6	2	0	4288
1780	1	4335	6	2	0	4344
1781	0	3	0	4541	0	4544
1782	2	2	4469	3	0	4476
1783	0	3	1	4289	0	4293
1784	5	3	4497	0	0	4505
1785	2	5	4748	4	0	4759
1786	0	1	3	4869	0	4873
1787	5111	1	0	1	0	5113
1788	4955	1	0	3	0	4959
1789	1	1	0	5508	0	5510
1790	0	1	0	5442	0	5443
1791	0	0	0	5256	0	5256
1792	1	1	1	5218	0	5221
1793	5307	0	4	0	0	5311
1794	5083	0	1	6	0	5090
1795	5147	1	2	3	0	5153
1796	2	4	5117	3	0	5126
1797	1	1	0	5047	0	5049
1798	0	1	2	5204	0	5207
1799	5297	0	1	1	0	5299
1800	0	4883	17	2	0	4902
1801	4912	0	1	1	0	4914
1802	5357	3	0	1	0	5361
1803	5318	2	2	2	0	5324
1804	5888	1	4	4	0	5897
1805	22	9	6185	0	0	6216
1806	13	18	5634	2	0	5667
1807	6387	1	23	0	0	6411
1808	6525	1	14	1	0	6541
1809	6457	0	8	1	0	6466
1810	6880	1	2	3	0	6886
1811	53	4	6699	0	0	6756
1812	27	6646	59	2	0	6734
1813	16	36	15	7163	0	7230
1814	7116	14	6	41	0	7177
1815	7112	10	1	17	0	7140
1816	8769	3	2	13	0	8787
1817	9391	5	5	8	0	9409
1818	9398	2	8	2	0	9410
1819	8812	3	8	6	0	8829
1820	143	16	8250	6	0	8415
1821	57	11	8384	1	0	8453
1822	36	4	102	8380	0	8522
1823	36	8	8580	87	0	8711
1824	34	8129	127	37	0	8327
1825	46	8574	54	20	0	8694
1826	45	107	28	8304	0	8484
1827	47	44	8180	87	0	8358
1828	35	32	7857	37	0	7961
1829	8339	13	133	23	0	8508
1830	8958	17	62	20	0	9057
1831	149	24	41	9588	0	9802
1832	9655	20	29	165	0	9869
1833	174	18	27	9562	0	9781
1834	71	15	25	9989	0	10100
1835	63	357	9795	202	0	10417
1836	49	26	9945	82	0	10102
1837	46	8	201	10241	0	10496
1838	54	5	9882	169	0	10110
1839	9281	6	192	79	0	9558
1840	9984	5	66	67	0	10122
1841	217	9580	72	60	0	9929
1842	10028	155	35	56	0	10274
1843	199	58	9749	55	0	10061
1844	10142	31	199	36	0	10408
1845	10381	9	80	38	0	10508
1846	10484	12	72	32	0	10600
1847	285	19	49	9925	0	10278
1848	148	10072	48	193	0	10461
1849	10483	208	29	58	0	10778
1850	10572	57	35	50	0	10714
1851	329	37	56	10423	0	10845
1852	10491	13	54	234	0	10792
1853	314	10721	53	105	0	11193
1854	158	243	33	11712	0	12146
1855	152	86	11347	300	0	11885
1856	10700	57	269	136	0	11162
1857	405	61	11297	84	0	11847
1858	222	39	299	11267	0	11827
1859	186	10524	121	315	0	11146
1860	136	11853	85	145	0	12219
1861	172	361	52	11422	0	12007
1862	317	11709	72	301	0	12399
1863	373	326	71	13843	0	14613
1864	357	108	63	14953	0	15481
1865	232	114	75	15300	0	15721
1866	14593	212	88	628	0	15521
1867	563	145	78	14527	0	15313
1868	528	114	13744	507	0	14893
1869	383	14655	418	345	0	15801
1870	15152	410	156	262	0	15980
1871	642	311	81	15304	0	16338
1872	310	362	62	15565	0	16299
1873	380	139	184	15870	0	16573
1874	416	130	14790	726	0	16062
1875	245	15149	518	466	0	16378
1876	15576	445	218	409	0	16648
1877	610	384	112	14726	0	15832
1878	259	15447	100	725	0	16531
1879	15848	504	218	438	0	17008
1880	623	401	15243	337	0	16604
1881	15359	263	584	399	0	16605
1882	536	152	15435	517	0	16640
1883	369	266	15158	423	0	16216
1884	580	15314	612	328	0	16834
1885	522	452	243	15286	0	16503
1886	450	410	14834	681	0	16375
1887	207	14662	601	593	0	16063
1888	335	835	230	14514	0	15914
1889	539	14270	182	790	0	15781
1890	575	554	14179	588	0	15896
1891	233	241	462	15157	0	16093
1892	447	193	14576	786	0	16002
1893	290	633	623	14639	0	16185
1894	414	240	264	15413	0	16331
1895	247	154	14663	900	0	15964
1896	384	357	575	14952	0	16268
1897	14410	270	486	772	0	15938
1898	579	14208	482	724	0	15993
1899	333	890	14224	429	0	15876
1900	14440	561	623	400	0	16024
1901	527	247	547	14142	0	15463
1902	238	14456	354	593	0	15641
1903	14455	605	195	727	0	15982
1904	14024	211	408	711	0	15354
1905	649	362	271	13464	0	14746
1906	614	248	247	13731	0	14840
1907	223	254	362	14008	0	14847
1908	272	299	571	13529	0	14671
1909	218	13287	334	938	0	14777
1910	440	457	452	12263	0	13612
1911	162	12762	267	895	0	14086
1912	193	12584	147	985	0	13909
1913	166	12837	352	694	0	14049
1914	167	671	12148	443	0	13429
1915	269	12825	428	556	0	14078
1916	10721	686	276	763	0	12446
1917	427	10391	357	599	0	11774
1918	298	686	216	10257	0	11457
1919	473	11369	322	639	0	12803
1920	140	591	408	11677	0	12816
1921	620	342	145	11953	0	13060
1922	364	372	11476	587	0	12799
1923	10856	235	782	460	0	12333
1924	11572	487	207	401	0	12667
1925	11227	342	171	710	0	12450
1926	471	11136	516	426	0	12549
1927	402	793	225	11369	0	12789
1928	337	374	10718	941	0	12370
1929	142	10917	348	445	0	11852
1930	219	1052	415	9396	0	11082
1931	204	9814	144	713	0	10875
1932	9812	435	471	432	0	11150
1933	10180	383	198	582	0	11343
1934	10080	215	131	648	0	11074
1935	9795	311	375	300	0	10781
1936	415	349	130	9900	0	10794
1937	481	345	131	9481	0	10438
1938	184	9588	204	477	0	10453
1939	136	506	360	9627	0	10629
1940	419	309	8945	462	0	10135
1941	143	265	439	9470	0	10317
1942	215	492	8860	534	0	10101
1943	582	8987	311	273	0	10153
1944	75	294	8493	166	0	9028
1945	79	130	283	8646	0	9138
1946	74	114	8637	340	0	9165
1947	57	94	245	8130	0	8526
1948	82	74	128	8209	0	8493
1949	83	82	94	8302	0	8561
1950	81	69	92	8294	0	8536
1951	8089	92	80	326	0	8587
1952	216	8402	85	197	0	8900
1953	8007	212	51	153	0	8423
1954	181	108	7082	117	0	7488
1955	7062	92	153	89	0	7396
1956	7275	63	71	109	0	7518
1957	235	76	7053	103	0	7467
1958	131	68	7063	96	0	7358
1959	92	6768	212	119	0	7191
1960	69	5919	76	87	0	6151
1961	69	173	5655	94	0	5991
1962	37	5351	124	250	0	5762
1963	207	53	15	3846	0	4121
1964	3213	9	5	17	0	3244
1965	14	12	3	3186	0	3215
1966	3219	7	2	22	0	3250
1967	3211	4	2	16	0	3233
1968	32	3038	11	10	0	3091
1969	2626	19	0	8	0	2653
1970	2603	12	1	6	0	2622
1971	32	10	0	2515	0	2557
1972	2625	6	0	20	0	2651
1973	29	2473	8	14	0	2524
1974	19	14	1	2457	0	2491
1975	2446	10	1	30	0	2487
1976	27	10	2321	18	0	2376
1977	2382	9	15	11	0	2417
1978	24	10	10	2401	0	2445
1979	19	3	2183	14	0	2219
1980	5	3	2063	9	0	2080
1981	2121	1	23	8	0	2153
1982	3118	1	14	10	0	3143
1983	25	2	10	3059	0	3096
1984	17	1	7	3095	0	3120
1985	15	2	2	3138	0	3157
1986	11	2964	3	29	0	3007
1987	3104	14	2	23	0	3143
1988	15	2982	2	20	0	3019
1989	3087	18	3	9	0	3117
1990	23	21	2962	4	0	3010
1991	18	7	12	3013	0	3050
1992	3132	8	8	14	0	3162
1993	21	2	6	3085	0	3114
1994	17	1	6	3074	0	3098
1995	10	2899	10	31	0	2950
1996	3073	14	2	17	0	3106
1997	14	3067	7	17	0	3105
1998	17	18	1	3170	0	3206
1999	12	24	3051	17	0	3104
2000	2590	11	13	21	0	2635
2001	17	11	3041	9	0	3078
2002	2868	1	20	15	0	2904
2003	25	3194	17	2	0	3238
2004	20	20	10	3172	0	3222
2005	9	3105	15	21	0	3150
2006	3245	31	3	19	0	3298
2007	24	28	5	3411	0	3468
2008	20	15	3	3547	0	3585
2009	17	16	3331	57	0	3421
2010	3031	7	31	44	0	3113
2011	36	1	22	3519	0	3578
2012	24	6	3429	46	0	3505
2013	17	3185	48	41	0	3291
2014	12	33	24	3495	0	3564
2015	3495	24	12	50	0	3581
2016	27	26	11	3443	0	3507
2017	35	15	3396	49	0	3495
2018	3121	12	32	44	0	3209
2019	81	0	23	2868	0	2972
2020	26	14	3755	85	0	3880
2021	24	4	101	3906	0	4035
2022	16	7	31	3914	0	3968
2023	15	3853	28	120	0	4016
2024	3897	97	17	59	0	4070
2025	85	3914	14	46	0	4059
2026	3983	120	6	24	0	4133
2027	114	36	5	3869	0	4024
2028	47	3895	15	99	0	4056
2029	37	108	9	4012	0	4166
2030	18	41	3806	124	0	3989
2031	3821	30	96	50	0	3997
2032	97	16	26	3974	0	4113
2033	30	10	26	3764	0	3830
2034	38	10	16	3831	0	3895
2035	21	17	3584	158	0	3780
2036	19	26	3518	75	0	3638
2037	21	3565	114	52	0	3752
2038	12	98	51	3697	0	3858
2039	3638	37	40	114	0	3829
2040	90	3634	22	53	0	3799
2041	36	105	12	3732	0	3885
2042	3702	31	6	124	0	3863
2043	3667	27	17	43	0	3754
2044	127	3555	11	46	0	3739
2045	3714	102	6	36	0	3858
2046	4724	30	13	27	0	4794
2047	165	35	15	4572	0	4787
2048	72	4525	17	130	0	4744
2049	50	129	10	4755	0	4944
2050	4681	41	5	170	0	4897
2051	145	46	4506	80	0	4777
2052	64	24	119	4320	0	4527
2053	52	24	39	4474	0	4589
2054	39	31	4233	189	0	4492
2055	27	23	140	4392	0	4582
2056	4346	18	48	195	0	4607
2057	4328	22	51	88	0	4489
2058	177	9	33	4376	0	4595
2059	98	21	4170	190	0	4479
2060	66	33	3952	97	0	4148
2061	43	4109	167	82	0	4401
2062	48	4194	75	59	0	4376
2063	48	140	36	4081	0	4305
2064	4020	46	37	159	0	4262
2065	116	4057	41	74	0	4288
2066	4047	130	34	64	0	4275
2067	146	60	29	4043	0	4278
2068	63	55	11	4191	0	4320
2069	4022	34	15	188	0	4259
2070	156	3979	27	80	0	4242
2071	4090	135	22	70	0	4317
2072	163	65	3938	54	0	4220
2073	73	54	3965	54	0	4146
2074	57	37	145	3928	0	4167
2075	54	48	3936	152	0	4190
2076	61	43	3976	67	0	4147
2077	57	25	150	3923	0	4155
2078	28	30	3971	159	0	4188
2079	34	20	170	3938	0	4162
2080	27	17	65	4108	0	4217
2081	42	27	3913	187	0	4169
2082	31	25	157	3345	0	3558
2083	32	23	69	3332	0	3456
2084	32	3262	68	192	0	3554
2085	3300	128	53	112	0	3593
2086	136	53	3208	84	0	3481
2087	49	40	151	3309	0	3549
2088	50	31	66	3447	0	3594
2089	33	40	3219	201	0	3493
2090	3161	33	141	111	0	3446
2091	141	3281	62	89	0	3573
2092	50	123	65	3282	0	3520
2093	49	34	46	3326	0	3455
2094	34	3252	39	214	0	3539
2095	42	148	3114	116	0	3420
2096	38	3277	141	90	0	3546
2097	3206	166	62	67	0	3501
2098	148	60	3110	76	0	3394
2099	42	44	161	3244	0	3491
2100	61	44	3121	174	0	3400
2101	51	52	3159	88	0	3350
2102	39	3164	193	70	0	3466
2103	38	132	60	2881	0	3111
2104	2867	39	53	149	0	3108
2105	2914	36	57	67	0	3074
2106	138	2869	45	66	0	3118
2107	44	111	42	2825	0	3022
2108	3758	43	36	126	0	3963
2109	3865	41	15	67	0	3988
2110	151	3728	27	53	0	3959
2111	3861	117	23	44	0	4045
2112	156	38	22	3735	0	3951
2113	43	3718	34	135	0	3930
2114	66	118	21	3803	0	4008
2115	54	41	20	3863	0	3978
2116	39	51	23	3883	0	3996
2117	55	38	3685	155	0	3933
2118	32	38	3167	78	0	3315
2119	27	3303	90	65	0	3485
2120	2425	46	26	50	0	2547
2121	50	2253	28	49	0	2380
2122	28	44	23	2341	0	2436
2123	20	30	2248	67	0	2365
2124	25	19	72	2193	0	2309
2125	16	36	31	2269	0	2352
2126	25	30	22	2376	0	2453
2127	2316	22	29	79	0	2446
2128	42	19	21	2360	0	2442
2129	14	18	2256	80	0	2368
2130	2160	18	59	58	0	2295
2131	2220	15	22	54	0	2311
2132	2316	19	21	47	0	2403
2133	2331	11	19	46	0	2407
2134	2327	13	21	39	0	2400
2135	65	2227	30	43	0	2365
2136	50	42	24	2234	0	2350
2137	54	2259	10	54	0	2377
2138	2343	39	12	31	0	2425
2139	2262	24	14	36	0	2336
2140	2219	26	14	34	0	2293
2141	65	2209	17	31	0	2322
2142	40	2270	20	26	0	2356
2143	42	2273	15	26	0	2356
2144	55	64	2110	13	0	2242
2145	63	559	42	1587	0	2251
2146	0	1112	0	0	0	1112
2147	0	1621	2	1	0	1624
2148	0	61	0	1673	0	1734
2149	0	14	0	1710	0	1724
2150	1	11	1725	78	0	1815
2151	1552	12	67	26	0	1657
2152	61	2	15	1780	0	1858
2153	12	6	14	1822	0	1854
2154	13	3	1736	88	0	1840
2155	18	3	1627	33	0	1681
2156	1	1702	84	30	0	1817
2157	5	70	26	1723	0	1824
2158	1	15	29	1816	0	1861
2159	1	17	1708	84	0	1810
2160	1603	19	79	28	0	1729
2161	1784	4	21	30	0	1839
2162	84	7	1689	26	0	1806
2163	1652	4	90	13	0	1759
2164	100	3	1665	12	0	1780
2165	1686	4	85	6	0	1781
2166	1773	4	37	9	0	1823
2167	109	2	1683	10	0	1804
2168	32	4	93	1608	0	1737
2169	40	6	23	1702	0	1771
2170	28	3	24	1797	0	1852
2171	1717	5	29	105	0	1856
2172	1752	17	14	49	0	1832
2173	92	5	2052	49	0	2198
2174	37	11	1923	47	0	2018
2175	2065	5	102	20	0	2192
2176	2213	1	39	22	0	2275
2177	100	4	2098	26	0	2228
2178	42	8	2093	18	0	2161
2179	45	1	98	2075	0	2219
2180	31	136	2014	84	0	2265
2181	21	14	112	2097	0	2244
2182	2153	0	45	104	0	2302
2183	79	6	2121	52	0	2258
2184	1982	6	110	28	0	2126
2185	115	0	2080	38	0	2233
2186	53	3	108	2068	0	2232
2187	35	1	58	2099	0	2193
2188	60	1	24	2166	0	2251
2189	16	2027	58	85	0	2186
2190	38	73	13	2112	0	2236
2191	29	16	21	2212	0	2278
2192	2134	13	32	120	0	2299
2193	94	22	2025	57	0	2198
2194	1942	2	81	57	0	2082
2195	90	8	2034	47	0	2179
2196	1816	1	92	27	0	1936
2197	101	1916	45	29	0	2091
2198	54	65	1966	16	0	2101
2199	31	25	2016	6	0	2078
2200	54	16	100	1797	0	1967
2201	25	24	58	2004	0	2111
2202	18	3	1995	98	0	2114
2203	22	11	2194	49	0	2276
2204	16	5	2233	51	0	2305
2205	2206	6	126	37	0	2375
2206	2309	6	51	39	0	2405
2207	2233	5	65	26	0	2329
2208	113	9	51	1403	0	1576
2209	68	8	25	1474	0	1575
2210	46	11	2451	120	0	2628
2211	42	16	90	2371	0	2519
2212	26	4	46	2598	0	2674
2213	2553	9	39	138	0	2739
2214	2512	15	43	61	0	2631
2215	2607	3	26	78	0	2714
2216	118	13	31	2541	0	2703
2217	70	9	32	2579	0	2690
2218	55	8	31	2641	0	2735
2219	2579	10	32	116	0	2737
2220	100	4	39	2516	0	2659
2221	61	2390	32	115	0	2598
2222	42	83	29	2501	0	2655
2223	56	2442	37	93	0	2628
2224	2564	85	42	53	0	2744
2225	2465	35	26	45	0	2571
2226	85	2407	46	43	0	2581
2227	54	2542	39	27	0	2662
2228	56	99	33	2540	0	2728
2229	50	31	2506	90	0	2677
2230	41	36	85	2383	0	2545
2231	40	23	2469	113	0	2645
2232	35	2383	111	66	0	2595
2233	34	76	38	2510	0	2658
2234	30	17	33	2604	0	2684
2235	38	28	3807	103	0	3976
2236	28	22	83	3694	0	3827
2237	26	21	4911	125	0	5083
2238	4913	10	105	64	0	5092
2239	5088	7	50	57	0	5202
2240	5130	8	38	56	0	5232
2241	113	14	40	5009	0	5176
2242	65	13	17	5140	0	5235
2243	52	16	5014	128	0	5210
2244	53	7	81	4799	0	4940
2245	20	4798	48	135	0	5001
2246	45	94	5003	69	0	5211
2247	4	5	4279	3	0	4291
2248	3	6	7	3962	0	3978
2249	5	1	4473	7	0	4486
2250	2	5	4062	0	0	4069
2251	3868	2	2	2	0	3874
2252	0	3968	8	6	0	3982
2253	4396	0	1	0	0	4397
2254	4360	0	0	3	0	4363
2255	4316	2	1	0	0	4319
2256	1	1	1	4252	0	4255
2257	0	1	0	4342	0	4343
2258	1	1	4302	2	0	4306
2259	1	2	1	4186	0	4190
2260	0	4105	7	3	0	4115
2261	4391	0	2	1	0	4394
2262	1	4151	5	4	0	4161
2263	0	4231	11	0	0	4242
2264	1	4	1	4385	0	4391
2265	5	2	4503	0	0	4510
2266	1	3	2	4320	0	4326
2267	1	3	4546	1	0	4551
2268	0	4093	20	5	0	4118
2269	4615	0	0	1	0	4616
2270	4559	0	1	3	0	4563
2271	4643	0	3	3	0	4649
2272	2	6	5021	2	0	5031
2273	1	19	4154	2	0	4176
2274	4663	2	1	0	0	4666
2275	4819	0	0	0	0	4819
2276	4810	1	3	2	0	4816
2277	1	2	2	4722	0	4727
2278	1	1	0	4795	0	4797
2279	4871	0	2	2	0	4875
2280	4728	0	4	3	0	4735
2281	3	5	5915	3	0	5926
2282	4	14	5553	4	0	5575
2283	6272	3	1	2	0	6278
2284	5	7	6339	0	0	6351
2285	6279	0	5	6	0	6290
2286	5	3	6404	0	0	6412
2287	0	2	1	6275	0	6278
2288	3	1	6462	0	0	6466
2289	1	1	0	6533	0	6535
2290	0	3	1	6685	0	6689
2291	1	6323	17	6	0	6347
2292	6712	0	1	1	0	6714
2293	0	1	6671	0	0	6672
2294	6414	5	3	0	0	6422
2295	23	6425	25	6	0	6479
2296	7843	27	0	2	0	7872
2297	28	4	0	7737	0	7769
2298	3	0	0	7734	0	7737
2299	0	7682	15	30	0	7727
2300	2	29	1	8499	0	8531
2301	1	3	1	8607	0	8612
2302	3	1	0	9149	0	9153
2303	8844	0	1	68	0	8913
2304	8590	4	1	13	0	8608
2305	77	9	8601	7	0	8694
2306	16	8728	73	14	0	8831
2307	5	65	9	9481	0	9560
2308	3	10	4	9520	0	9537
2309	3	8	9337	76	0	9424
2310	0	2	63	8313	0	8378
2311	8486	0	9	75	0	8570
2312	8476	2	4	11	0	8493
2313	8463	0	3	13	0	8479
2314	78	0	0	8423	0	8501
2315	9657	0	0	70	0	9727
2316	9565	2	3	15	0	9585
2317	9629	4	1	12	0	9646
2318	79	0	1	9469	0	9549
2319	21	1	3	9556	0	9581
2320	7	6	2	9607	0	9622
2321	5	2	4	9433	0	9444
2322	5	5	2	9516	0	9528
2323	7	6	9233	88	0	9334
2324	8	11	9072	23	0	9114
2325	5	8646	92	30	0	8773
2326	6	65	11	9433	0	9515
2327	7	16	6	9446	0	9475
2328	8	5	1	9476	0	9490
2329	9	4	9432	91	0	9536
2330	8	2	65	9279	0	9354
2331	11	8	9404	78	0	9501
2332	7	4	67	9332	0	9410
2333	20	10	9318	81	0	9429
2334	9	8707	92	35	0	8843
2335	6	74	9	8214	0	8303
2336	9	20	7938	76	0	8043
2337	6154	8	76	27	0	6265
2338	68	6547	28	23	0	6666
2339	14	70	10	7008	0	7102
2340	7	6632	23	76	0	6738
2341	7	77	8	7048	0	7140
2342	7014	12	6	85	0	7117
2343	78	5	6	6971	0	7060
2344	17	6550	22	90	0	6679
2345	7069	62	10	21	0	7162
2346	70	15	3	6944	0	7032
2347	19	8	10	7030	0	7067
2348	7032	3	5	93	0	7133
2349	76	6	9	8081	0	8172
2350	19	5	7	11671	0	11702
2351	26	17	11174	361	0	11578
2352	18	25	11707	105	0	11855
2353	14	12	396	12154	0	12576
2354	13	22	12121	370	0	12526
2355	19	51	12424	114	0	12608
2356	12048	10	441	100	0	12599
2357	376	32	12397	40	0	12845
2358	96	12130	462	53	0	12741
2359	91	351	112	13067	0	13621
2360	14886	95	77	395	0	15453
2361	14991	80	47	115	0	15233
2362	14977	19	39	114	0	15149
2363	559	14361	47	55	0	15022
2364	208	389	36	14291	0	14924
2365	124	113	32	14985	0	15254
2366	14406	83	52	514	0	15055
2367	14633	31	40	215	0	14919
2368	14773	26	43	144	0	14986
2369	600	41	13994	79	0	14714
2370	233	14195	437	78	0	14943
2371	149	15545	184	67	0	15945
2372	96	593	110	14806	0	15605
2373	74	218	71	15417	0	15780
2374	62	144	15406	616	0	16228
2375	15007	54	501	253	0	15815
2376	16045	44	161	159	0	16409
2377	649	42	104	15600	0	16395
2378	285	41	55	16051	0	16432
2379	187	28	45	16376	0	16636
2380	15973	39	56	732	0	16800
2381	602	58	14343	277	0	15280
2382	224	75	14576	187	0	15062
2383	156	43	602	14124	0	14925
2384	102	59	13960	612	0	14733
2385	13807	34	580	242	0	14663
2386	14389	32	207	177	0	14805
2387	14523	34	155	120	0	14832
2388	732	13710	125	123	0	14690
2389	13997	493	83	115	0	14688
2390	655	158	73	13672	0	14558
2391	253	122	65	14012	0	14452
2392	188	61	73	14536	0	14858
2393	123	84	13281	778	0	14266
2394	115	55	499	13314	0	13983
2395	118	13900	204	629	0	14851
2396	13191	494	140	290	0	14115
2397	556	13271	120	261	0	14208
2398	237	598	12675	173	0	13683
2399	189	12977	598	133	0	13897
2400	12299	617	442	132	0	13490
2401	571	12396	184	149	0	13300
2402	236	574	171	10699	0	11680
2403	165	11916	146	442	0	12669
2404	12029	558	107	204	0	12898
2405	12939	197	96	161	0	13393
2406	12450	177	95	129	0	12851
2407	813	135	11975	130	0	13053
2408	379	123	12193	126	0	12821
2409	273	124	12216	149	0	12762
2410	12084	95	764	131	0	13074
2411	671	93	327	11997	0	13088
2412	330	86	201	12550	0	13167
2413	243	118	11853	742	0	12956
2414	169	115	590	12374	0	13248
2415	11055	112	240	717	0	12124
2416	655	11081	189	322	0	12247
2417	11577	559	141	260	0	12537
2418	750	259	10918	170	0	12097
2419	11316	182	606	130	0	12234
2420	11763	140	280	139	0	12322
2421	11900	108	190	159	0	12357
2422	900	160	10891	162	0	12113
2423	472	109	575	11185	0	12341
2424	336	111	11009	631	0	12087
2425	315	83	666	11348	0	12412
2426	263	112	10974	701	0	12050
2427	234	96	670	11190	0	12190
2428	213	91	304	11450	0	12058
2429	11008	86	222	825	0	12141
2430	11194	83	178	401	0	11856
2431	11441	79	169	294	0	11983
2432	933	70	170	10389	0	11562
2433	460	10103	158	660	0	11381
2434	322	11096	159	348	0	11925
2435	10994	669	137	272	0	12072
2436	713	305	10575	229	0	11822
2437	11033	171	610	214	0	12028
2438	769	138	10537	211	0	11655
2439	11010	129	645	181	0	11965
2440	11303	113	283	195	0	11894
2441	877	106	11551	191	0	12725
2442	12533	82	641	200	0	13456
2443	12710	98	322	171	0	13301
2444	12850	95	254	156	0	13355
2445	940	12972	203	171	0	14286
2446	492	548	175	13369	0	14584
2447	352	269	12749	667	0	14037
2448	334	210	13004	332	0	13880
2449	301	11609	616	246	0	12772
2450	166	8532	183	130	0	9011
2451	153	370	703	7936	0	9162
2452	7845	132	99	302	0	8378
2453	336	7770	108	152	0	8366
2454	205	266	109	7729	0	8309
2455	136	7313	67	265	0	7781
2456	7343	281	77	111	0	7812
2457	325	153	69	7285	0	7832
2458	214	79	7111	287	0	7691
2459	144	7049	249	161	0	7603
2460	121	5763	116	104	0	6104
2461	108	346	103	5301	0	5858
2462	142	5814	87	214	0	6257
2463	126	407	110	5807	0	6450
2464	5927	170	85	373	0	6555
2465	6619	142	105	177	0	7043
2466	6715	192	69	151	0	7127
2467	6690	190	69	194	0	7143
2468	412	187	6281	158	0	7038
2469	310	6204	242	151	0	6907
2470	190	5563	146	188	0	6087
2471	148	5563	171	113	0	5995
2472	139	5827	133	70	0	6169
2473	5903	393	321	114	0	6731
2474	5372	202	68	137	0	5779
2475	5877	140	82	164	0	6263
2476	5997	117	52	145	0	6311
2477	432	83	6353	107	0	6975
2478	7234	66	181	71	0	7552
2479	7392	96	79	63	0	7630
2480	7410	83	109	52	0	7654
2481	314	128	144	7059	0	7645
2482	160	218	122	7177	0	7677
2483	7158	274	62	215	0	7709
2484	235	257	70	7017	0	7579
2485	216	6820	81	187	0	7304
2486	285	252	42	7102	0	7681
2487	342	107	42	7097	0	7588
2488	320	6825	65	248	0	7458
2489	262	210	92	7103	0	7667
2490	213	114	141	7231	0	7699
2491	7292	221	93	254	0	7860
2492	417	338	6688	117	0	7560
2493	7054	196	146	311	0	7707
2494	444	117	6972	311	0	7844
2495	242	237	6212	232	0	6923
2496	224	172	6239	302	0	6937
2497	6359	300	148	229	0	7036
2498	333	238	6737	188	0	7496
2499	7287	147	120	342	0	7896
2500	7451	110	219	274	0	8054
2501	7389	299	157	164	0	8009
2502	218	7320	92	190	0	7820
2503	7366	228	71	315	0	7980
2504	309	7362	113	157	0	7941
2505	143	129	122	6731	0	7125
2506	289	45	121	6674	0	7129
2507	347	6303	173	87	0	6910
2508	322	6436	214	35	0	7007
2509	361	6467	156	11	0	6995
2510	6840	46	250	35	0	7171
2511	185	6481	207	50	0	6923
2512	6740	298	86	27	0	7151
2513	259	289	6142	57	0	6747
2514	6403	325	37	47	0	6812
2515	6744	237	14	27	0	7022
2516	394	169	6247	25	0	6835
2517	365	125	42	6207	0	6739
2518	291	93	6335	197	0	6916
2519	149	40	210	6414	0	6813
2520	213	86	129	6446	0	6874
2521	6664	161	51	47	0	6923
2522	6653	146	43	21	0	6863
2523	219	6171	50	170	0	6610
2524	6506	147	23	263	0	6939
2525	322	74	8055	132	0	8583
2526	8358	28	134	220	0	8740
2527	285	167	8409	107	0	8968
2528	201	130	8077	200	0	8608
2529	8397	39	116	291	0	8843
2530	8574	173	110	224	0	9081
2531	114	108	8544	284	0	9050
2532	38	69	136	8455	0	8698
2533	248	39	22	8756	0	9065
2534	231	22	8616	123	0	8992
2535	315	78	153	8253	0	8799
2536	219	7956	230	69	0	8474
2537	173	117	309	8536	0	9135
2538	151	33	366	8560	0	9110
2539	301	22	8731	69	0	9123
2540	8015	32	320	30	0	8397
2541	7850	27	158	35	0	8070
2542	7666	13	84	20	0	7783
2543	7693	20	73	37	0	7823
2544	265	7633	117	31	0	8046
2545	247	124	70	6937	0	7378
2546	137	198	6817	97	0	7249
2547	60	122	6814	187	0	7183
2548	59	60	108	7430	0	7657
2549	13	15	6976	92	0	7096
2550	7016	4	60	30	0	7110
2551	70	4	17	7083	0	7174
2552	20	9	12	7481	0	7522
2553	14	16	8	7643	0	7681
2554	7483	8	16	98	0	7605
2555	63	7276	12	48	0	7399
2556	7475	67	10	28	0	7580
2557	7459	21	11	25	0	7516
2558	87	7227	26	16	0	7356
2559	52	7418	19	13	0	7502
2560	7518	74	24	9	0	7625
2561	88	22	20	7445	0	7575
2562	32	16	21	7489	0	7558
2563	8578	10	28	81	0	8697
2564	131	18	8175	30	0	8354
2565	7742	12	124	25	0	7903
2566	7761	15	57	29	0	7862
2567	158	7689	31	24	0	7902
2568	8234	108	22	17	0	8381
2569	8389	64	12	20	0	8485
2570	178	9081	23	27	0	9309
2571	73	9333	26	33	0	9465
2572	40	259	372	9081	0	9752
2573	8886	89	7	181	0	9163
2574	177	8840	23	77	0	9117
2575	82	179	4	8682	0	8947
2576	8666	114	4	186	0	8970
2577	197	118	7465	74	0	7854
2578	90	189	164	7401	0	7844
2579	110	199	7248	193	0	7750
2580	7145	75	215	259	0	7694
2581	7587	15	77	116	0	7795
2582	306	195	7074	26	0	7601
2583	136	7090	231	199	0	7656
2584	260	570	67	7410	0	8307
2585	51	723	7486	188	0	8448
2586	88	491	201	8724	0	9504
2587	505	342	254	8734	0	9835
2588	461	634	8125	496	0	9716
2589	8108	370	216	694	0	9388
2590	8887	222	241	432	0	9782
2591	604	327	8430	245	0	9606
2592	340	8015	483	827	0	9665
2593	211	209	844	7974	0	9238
2594	549	7685	501	582	0	9317
2595	779	8123	260	388	0	9550
2596	8407	285	642	127	0	9461
2597	720	540	352	8001	0	9613
2598	456	368	165	8360	0	9349
2599	134	272	7890	584	0	8880
2600	48	385	7491	797	0	8721
2601	52	125	484	8032	0	8693
2602	123	165	670	8012	0	8970
2603	496	229	7511	674	0	8910
2604	939	61	7466	379	0	8845
2605	542	48	874	7591	0	9055
2606	7550	480	497	459	0	8986
2607	421	7486	468	551	0	8926
2608	7250	863	366	353	0	8832
2609	323	7858	159	411	0	8751
2610	583	7816	108	344	0	8851
2611	7563	632	243	611	0	9049
2612	501	345	7412	788	0	9046
2613	241	195	679	7861	0	8976
2614	394	63	793	7718	0	8968
2615	80	272	549	8130	0	9031
2616	251	127	7535	1137	0	9050
2617	121	213	860	8056	0	9250
2618	7454	249	930	664	0	9297
2619	468	48	571	7938	0	9025
2620	612	53	596	8165	0	9426
2621	7827	534	251	762	0	9374
2622	8060	307	162	503	0	9032
2623	726	7889	80	388	0	9083
2624	500	1064	7573	104	0	9241
2625	704	621	5479	327	0	7131
2626	581	417	5887	153	0	7038
2627	360	5374	601	641	0	6976
2628	256	291	372	5888	0	6807
2629	311	167	269	6276	0	7023
2630	5482	122	608	865	0	7077
2631	281	210	361	6514	0	7366
2632	582	69	5772	769	0	7192
2633	374	110	579	6137	0	7200
2634	304	52	377	6512	0	7245
2635	649	237	5335	906	0	7127
2636	918	5661	280	715	0	7574
2637	599	851	156	5200	0	6806
2638	602	5844	611	393	0	7450
2639	249	697	6155	417	0	7518
2640	5725	276	1420	216	0	7637
2641	6013	621	773	302	0	7709
2642	6131	398	465	775	0	7769
2643	598	281	444	6194	0	7517
2644	647	5383	150	918	0	7098
2645	5323	481	155	1024	0	6983
2646	5664	323	544	600	0	7131
2647	5738	110	521	861	0	7230
2648	842	76	4690	993	0	6601
2649	4840	55	998	739	0	6632
2650	660	5136	486	454	0	6736
2651	4716	702	356	504	0	6278
2652	537	5426	227	213	0	6403
2653	5046	858	526	153	0	6583
2654	1161	433	4893	148	0	6635
2655	5554	267	628	109	0	6558
2656	6028	234	453	104	0	6819
2657	5594	117	162	411	0	6284
2658	5629	695	100	277	0	6701
2659	1434	301	4528	246	0	6509
2660	1020	431	456	4926	0	6833
2661	5638	193	178	552	0	6561
2662	1009	4732	723	235	0	6699
2663	681	334	357	3806	0	5178
2664	420	533	3787	432	0	5172
2665	731	352	478	3819	0	5380
2666	391	662	3603	508	0	5164
2667	746	3896	450	182	0	5274
2668	475	3712	387	253	0	4827
2669	935	2983	294	112	0	4324
2670	82	285	37	1875	0	2279
2671	64	80	35	2141	0	2320
2672	100	46	1827	291	0	2264
2673	81	1904	238	57	0	2280
2674	1827	277	47	49	0	2200
2675	267	1858	52	53	0	2230
2676	84	2111	62	52	0	2309
2677	75	277	58	1924	0	2334
2678	1933	53	51	275	0	2312
2679	2133	43	41	91	0	2308
2680	291	29	41	2127	0	2488
2681	2123	41	30	318	0	2512
2682	313	44	28	2128	0	2513
2683	83	34	1990	306	0	2413
2684	2048	32	269	91	0	2440
2685	296	33	83	2111	0	2523
2686	32	26	1129	216	0	1403
2687	18	24	1253	24	0	1319
2688	17	31	212	1114	0	1374
2689	1363	22	25	207	0	1617
2690	1526	20	19	35	0	1600
2691	225	1265	22	19	0	1531
2692	1376	219	13	13	0	1621
2693	1549	27	12	22	0	1610
2694	1565	24	9	18	0	1616
2695	226	1305	14	17	0	1562
2696	1373	218	10	27	0	1628
2697	1583	23	11	19	0	1636
2698	244	22	6	1359	0	1631
2699	1362	18	13	233	0	1626
2700	210	1270	14	34	0	1528
2701	37	1506	15	27	0	1585
2702	40	221	19	1339	0	1619
2703	37	32	14	1500	0	1583
2704	37	1323	12	206	0	1578
2705	1356	211	17	35	0	1619
2706	218	1089	22	22	0	1351
2707	1124	22	12	25	0	1183
2708	50	1074	16	21	0	1161
2709	54	28	16	1133	0	1231
2710	39	1153	19	27	0	1238
2711	1203	37	6	23	0	1269
2712	1196	30	5	13	0	1244
2713	1186	18	5	25	0	1234
2714	60	30	1104	20	0	1214
2715	56	14	1090	17	0	1177
2716	41	929	21	18	0	1009
2717	35	30	650	21	0	736
2718	30	19	661	17	0	727
2719	30	135	22	514	0	701
2720	23	32	536	14	0	605
2721	19	542	12	29	0	602
2722	560	20	11	26	0	617
2723	30	536	15	14	0	595
2724	17	560	15	13	0	605
2725	572	21	3	18	0	614
2726	558	10	5	14	0	587
2727	25	538	6	10	0	579
2728	570	21	5	7	0	603
2729	555	10	9	8	0	582
2730	564	14	2	11	0	591
2731	24	12	521	11	0	568
2732	16	13	502	11	0	542
2733	16	8	6	532	0	562
2734	17	5	11	571	0	604
2735	569	7	6	28	0	610
2736	5	538	2	3	0	548
2737	0	8	0	555	0	563
2738	1	0	0	566	0	567
2739	1	0	0	552	0	553
2740	0	1	1	554	0	556
2741	0	1	547	9	0	557
2742	0	0	542	1	0	543
2743	0	2	9	546	0	557
2744	2	0	545	8	0	555
2745	522	1	7	1	0	531
2746	7	0	1	546	0	554
2747	1	2	528	9	0	540
2748	487	1	8	2	0	498
2749	8	515	3	1	0	527
2750	550	8	1	0	0	559
2751	7	531	1	0	0	539
2752	1	8	0	550	0	559
2753	0	2	910	8	0	920
2754	2	2	6	804	0	814
2755	1	3	804	9	0	817
2756	826	0	9	1	0	836
2757	8	0	2	688	0	698
2758	699	0	0	8	0	707
2759	9	2	677	1	0	689
2760	658	0	6	0	0	664
2761	689	0	2	0	0	691
2762	9	0	675	1	0	685
2763	1	0	8	662	0	671
2764	0	1	674	8	0	683
2765	1	657	8	1	0	667
2766	694	10	1	0	0	705
2767	679	2	1	0	0	682
2768	13	0	687	0	0	700
2769	4	1	662	0	0	667
2770	0	2	7	649	0	658
2771	1	1	1	1071	0	1074
2772	1093	1	0	9	0	1103
2773	9	1024	3	1	0	1037
2774	1089	8	2	0	0	1099
2775	1085	1	0	1	0	1087
2776	9	0	1065	1	0	1075
2777	1013	1	7	2	0	1023
2778	12	2	1066	0	0	1080
2779	1	1	7	1052	0	1061
2780	2	1	1069	11	0	1083
2781	1	0	8	1055	0	1064
2782	2	1	1071	9	0	1083
2783	1031	3	7	2	0	1043
2784	1075	0	3	1	0	1079
2785	8	1	1	1065	0	1075
2786	1088	0	0	10	0	1098
2787	8	0	2	1075	0	1085
2788	3	1000	6	8	0	1017
2789	900	7	1	3	0	911
2790	6	857	3	3	0	869
2791	4	8	1	896	0	909
2792	1	3	0	895	0	899
2793	1	0	0	892	0	893
2794	0	2	1	884	0	887
2795	1	0	867	11	0	879
2796	805	1	8	3	0	817
2797	885	0	0	1	0	886
2798	9	830	4	1	0	844
2799	2	7	0	886	0	895
2800	0	3	2	899	0	904
2801	3	2	857	9	0	871
2802	837	1	9	3	0	850
2803	10	0	2	885	0	897
2804	4	0	871	8	0	883
2805	841	1	8	1	0	851
2806	880	0	2	1	0	883
2807	867	1	2	0	0	870
2808	10	2	872	1	0	885
2809	2	3	863	0	0	868
2810	1119	0	4	1	0	1124
2811	2	0	2	1148	0	1152
2812	1	1	0	1279	0	1281
2813	2	0	1279	3	0	1284
2814	1220	0	3	1	0	1224
2815	2	1	2	1291	0	1296
2816	1296	0	1	1	0	1298
2817	1270	0	0	2	0	1272
2818	1262	0	0	1	0	1263
2819	4	2	1272	0	0	1278
2820	1	0	2	1259	0	1262
2821	1786	0	1	3	0	1790
2822	2	1661	8	1	0	1672
2823	0	1	1	1773	0	1775
2824	1	2	0	1766	0	1769
2825	1787	0	1	3	0	1791
2826	1754	0	0	2	0	1756
2827	3	0	1	1771	0	1775
2828	1	1	1730	3	0	1735
2829	1690	0	3	2	0	1695
2830	6	1	1736	0	0	1743
2831	1720	0	2	0	0	1722
2832	1725	0	1	2	0	1728
2833	5	1	1761	0	0	1767
2834	0	2	0	1622	0	1624
2835	0	0	2369	0	0	2369
2836	1	2416	3	1	0	2421
2837	0	3	0	2535	0	2538
2838	0	2440	8	2	0	2450
2839	0	2	1	2562	0	2565
2840	3	4	2743	2	0	2752
2841	2	2548	21	7	0	2578
2842	0	2677	7	2	0	2686
2843	0	19	1	2805	0	2825
2844	2800	5	1	15	0	2821
2845	16	3	0	3202	0	3221
2846	3190	1	1	51	0	3243
2847	50	3107	5	5	0	3167
2848	3188	48	1	1	0	3238
2849	54	9	3514	1	0	3578
2850	7	2	54	3439	0	3502
2851	4	1	5	3485	0	3495
2852	6	3	3515	72	0	3596
2853	3010	0	61	12	0	3083
2854	3191	4	4	5	0	3204
2855	62	3034	9	2	0	3107
2856	15	64	4	3001	0	3084
2857	4	3028	15	56	0	3103
2858	2	65	3038	15	0	3120
2859	3	12	3110	6	0	3131
2860	4	4	69	3126	0	3203
2861	3201	2	10	67	0	3280
2862	66	3046	15	8	0	3135
2863	3225	71	1	6	0	3303
2864	73	15	3117	4	0	3209
2865	3730	8	64	6	0	3808
2866	3872	2	9	5	0	3888
2867	79	7	3725	6	0	3817
2868	15	7	62	3675	0	3759
2869	3839	6	6	66	0	3917
2870	3843	4	4	9	0	3860
2871	3465	0	10	6	0	3481
2872	74	2	4	3402	0	3482
2873	17	8	3288	70	0	3383
2874	3279	1	65	9	0	3354
2875	72	3	3336	6	0	3417
2876	16	4	60	3307	0	3387
2877	10	6	9	3305	0	3330
2878	6	3278	10	70	0	3364
2879	5	73	3328	12	0	3418
2880	5	3155	65	13	0	3238
2881	9	3328	18	5	0	3360
2882	7	75	8	3405	0	3495
2883	8	14	3298	70	0	3390
2884	6	12	66	3259	0	3343
2885	8	7	3302	71	0	3388
2886	5	7	71	3318	0	3401
2887	11	3	11	3441	0	3466
2888	10	10	3315	73	0	3408
2889	6	5	67	3193	0	3271
2890	5	6	3308	81	0	3400
2891	8	7	3208	16	0	3239
2892	10	3080	84	18	0	3192
2893	3369	69	14	10	0	3462
2894	73	17	3240	17	0	3347
2895	2986	9	72	15	0	3082
2896	80	4	11	3301	0	3396
2897	17	8	3192	80	0	3297
2898	10	3028	77	23	0	3138
2899	7	76	12	3311	0	3406
2900	13	22	3249	68	0	3352
2901	13	13	73	3085	0	3184
2902	8	3076	26	74	0	3184
2903	3326	71	11	20	0	3428
2904	71	11	17	3302	0	3401
2905	3326	12	12	75	0	3425
2906	3347	7	12	18	0	3384
2907	3323	7	13	14	0	3357
2908	3353	6	10	19	0	3388
2909	3211	8	8	14	0	3241
2910	78	2800	25	7	0	2910
2911	28	68	8	2930	0	3034
2912	18	10	11	2887	0	2926
2913	23	8	14	2910	0	2955
2914	17	15	2759	87	0	2878
2915	24	2596	76	25	0	2721
2916	3268	69	20	12	0	3369
2917	3246	15	14	15	0	3290
2918	102	3113	21	18	0	3254
2919	31	3220	22	23	0	3296
2920	3259	97	11	22	0	3389
2921	105	39	2704	15	0	2863
2922	34	29	90	2768	0	2921
2923	2850	19	19	97	0	2985
2924	105	17	18	3388	0	3528
2925	26	3295	23	107	0	3451
2926	32	90	12	3481	0	3615
2927	20	23	3283	108	0	3434
2928	3261	20	91	36	0	3408
2929	3505	12	24	36	0	3577
2930	112	8	24	3397	0	3541
2931	47	12	20	3493	0	3572
2932	3775	20	10	113	0	3918
2933	102	3666	17	47	0	3832
2934	31	83	19	3808	0	3941
2935	32	22	16	3350	0	3420
2936	3049	18	14	115	0	3196
2937	95	2966	21	49	0	3131
2938	3014	93	8	36	0	3151
2939	118	3052	9	27	0	3206
2940	25	2918	14	20	0	2977
2941	2954	86	9	15	0	3064
2942	82	2866	10	16	0	2974
2943	22	91	12	2954	0	3079
2944	24	28	2837	91	0	2980
2945	10	35	2162	21	0	2228
2946	17	15	2739	19	0	2790
2947	8	2803	86	14	0	2911
2948	2603	64	389	10	0	3066
2949	49	25	23	2595	0	2692
2950	25	25	9	2665	0	2724
2951	30	16	2502	70	0	2618
2952	3021	14	47	51	0	3133
2953	57	8	30	3232	0	3327
2954	30	8	27	3275	0	3340
2955	33	7	8	3333	0	3381
2956	3265	7	14	105	0	3391
2957	59	10	3077	68	0	3214
2958	3140	3	53	50	0	3246
2959	80	6	30	3239	0	3355
2960	42	8	3146	68	0	3264
2961	3082	5	57	43	0	3187
2962	61	12	3156	40	0	3269
2963	45	8	73	3058	0	3184
2964	42	6	3196	63	0	3307
2965	21	10	2639	35	0	2705
2966	2617	4	82	42	0	2745
2967	57	5	2696	21	0	2779
2968	40	2	90	2663	0	2795
2969	2729	5	53	58	0	2845
2970	61	7	43	2730	0	2841
2971	41	3	2655	80	0	2779
2972	35	11	2566	42	0	2654
2973	20	2561	85	45	0	2711
2974	23	45	61	2680	0	2809
2975	2683	23	36	73	0	2815
2976	54	2616	34	42	0	2746
2977	2719	64	23	39	0	2845
2978	81	39	19	2709	0	2848
2979	2713	31	21	71	0	2836
2980	86	2573	16	49	0	2724
2981	49	65	14	2702	0	2830
2982	2723	32	11	74	0	2840
2983	68	2622	15	54	0	2759
2984	51	63	10	2692	0	2816
2985	37	43	9	2712	0	2801
2986	2708	34	10	95	0	2847
2987	67	19	19	2724	0	2829
2988	51	17	10	2722	0	2800
2989	42	14	12	2799	0	2867
2990	27	19	2873	117	0	3036
2991	2846	11	82	81	0	3020
2992	88	9	39	3648	0	3784
2993	39	11	3481	164	0	3695
2994	3429	9	134	61	0	3633
2995	138	12	2859	651	0	3660
2996	50	13	149	3413	0	3625
2997	43	3355	66	143	0	3607
2998	33	113	49	3592	0	3787
2999	37	35	3450	160	0	3682
3000	21	37	3479	68	0	3605
3001	26	10	148	3566	0	3750
3002	24	21	3480	150	0	3675
3003	3390	20	162	59	0	3631
3004	133	18	3442	63	0	3656
3005	50	14	156	3396	0	3616
3006	43	23	52	3588	0	3706
3007	29	9	61	3646	0	3745
3008	3547	9	26	204	0	3786
3009	3572	9	43	89	0	3713
3010	3609	13	28	76	0	3726
3011	185	3	33	3522	0	3743
3012	77	7	30	3655	0	3769
3013	61	20	3299	179	0	3559
3014	38	16	3479	95	0	3628
3015	39	3501	148	80	0	3768
3016	33	106	47	3130	0	3316
3017	22	26	28	3180	0	3256
3018	22	3142	29	130	0	3323
3019	3197	115	19	64	0	3395
3020	107	3140	27	46	0	3320
3021	3269	122	27	37	0	3455
3022	136	37	16	3221	0	3410
3023	3229	37	26	132	0	3424
3024	148	13	17	2700	0	2878
3025	47	26	2518	141	0	2732
3026	45	15	105	2677	0	2842
3027	2649	25	30	154	0	2858
3028	137	10	28	2673	0	2848
3029	36	10	19	2799	0	2864
3030	35	21	3023	158	0	3237
3031	23	7	112	3212	0	3354
3032	26	12	42	2946	0	3026
3033	29	2787	30	161	0	3007
3034	17	98	22	3541	0	3678
3035	25	21	23	3629	0	3698
3036	18	21	21	3628	0	3688
3037	9	22	22	3611	0	3664
3038	18	14	14	3698	0	3744
3039	3228	10	10	200	0	3448
3040	131	3167	16	90	0	3404
3041	43	3209	12	89	0	3353
3042	31	3320	16	68	0	3435
3043	19	154	20	3200	0	3393
3044	33	3077	31	155	0	3296
3045	19	3348	27	62	0	3456
3046	2797	103	15	31	0	2946
3047	93	33	2641	25	0	2792
3048	2706	22	81	31	0	2840
3049	97	9	20	2784	0	2910
3050	12	18	2716	109	0	2855
3051	2716	13	106	33	0	2868
3052	98	8	2217	37	0	2360
3053	23	12	2257	22	0	2314
3054	2242	6	117	19	0	2384
3055	106	7	34	2276	0	2423
3056	15	8	2209	122	0	2354
3057	2247	8	100	40	0	2395
3058	2372	5	16	37	0	2430
3059	124	9	2186	22	0	2341
3060	2272	6	90	26	0	2394
3061	2382	6	14	24	0	2426
3062	109	11	2219	32	0	2371
3063	2261	4	103	22	0	2390
3064	2362	10	36	18	0	2426
3065	107	18	2174	21	0	2320
3066	27	21	2248	27	0	2323
3067	20	12	103	2267	0	2402
3068	28	16	2228	103	0	2375
3069	2246	18	98	19	0	2381
3070	118	16	14	2238	0	2386
3071	31	14	16	2355	0	2416
3072	36	15	2190	125	0	2366
3073	29	8	89	2271	0	2397
3074	24	9	2176	129	0	2338
3075	2241	6	105	38	0	2390
3076	2338	10	21	43	0	2412
3077	113	13	2212	40	0	2378
3078	2240	11	98	37	0	2386
3079	2354	12	22	39	0	2427
3080	113	14	2193	45	0	2365
3081	2241	13	101	34	0	2389
3082	2341	13	19	38	0	2411
3083	111	19	2195	34	0	2359
3084	2210	17	102	36	0	2365
3085	122	8	2188	42	0	2360
3086	27	7	99	2238	0	2371
3087	27	12	21	2296	0	2356
3088	28	4	17	2355	0	2404
3089	27	13	2179	132	0	2351
3090	1839	16	76	36	0	1967
3091	91	20	1850	33	0	1994
3092	9	1219	23	23	0	1274
3093	7	1368	12	14	0	1401
3094	1340	29	17	6	0	1392
3095	35	6	10	1333	0	1384
3096	12	1355	16	25	0	1408
3097	1392	29	5	8	0	1434
3098	1377	9	6	16	0	1408
3099	35	1337	14	6	0	1392
3100	22	26	7	1296	0	1351
3101	21	1334	12	19	0	1386
3102	1383	22	17	10	0	1432
3103	1408	7	8	10	0	1433
3104	34	8	7	1373	0	1422
3105	1391	6	16	29	0	1442
3106	42	5	7	1383	0	1437
3107	26	3	1341	30	0	1400
3108	1385	5	30	14	0	1434
3109	34	6	1349	12	0	1401
3110	19	6	24	1378	0	1427
3111	1388	2	22	29	0	1441
3112	42	1	10	1868	0	1921
3113	21	6	2328	28	0	2383
3114	11	6	2101	9	0	2127
3115	12	1	20	2194	0	2227
3116	2248	1	12	19	0	2280
3117	19	2081	11	13	0	2124
3118	15	11	10	2231	0	2267
3119	11	5	2173	19	0	2208
3120	2145	2	21	10	0	2178
3121	2236	3	11	2	0	2252
3122	23	5	2125	9	0	2162
3123	2168	2	18	10	0	2198
3124	21	1	8	2238	0	2268
3125	15	1	1722	508	0	2246
3126	2209	1	18	5	0	2233
3127	23	1	14	2204	0	2242
3128	12	2	10	2191	0	2215
3129	2242	4	5	19	0	2270
3130	18	1580	14	12	0	1624
3131	14	1620	7	12	0	1653
3132	1661	12	12	10	0	1695
3133	1628	7	4	9	0	1648
3134	2	0	1083	0	0	1085
3135	3	2	987	1	0	993
3136	0	0	0	1072	0	1072
3137	1098	0	0	0	0	1098
3138	1072	0	0	0	0	1072
3139	1072	0	0	0	0	1072
3140	0	1010	3	1	0	1014
3141	0	1021	1	0	0	1022
3142	0	0	0	1097	0	1097
3143	0	0	0	1073	0	1073
3144	0	1	0	1053	0	1054
3145	0	2	1597	0	0	1599
3146	0	3	1483	3	0	1489
3147	1585	1	29	0	0	1615
3148	1643	0	4	1	0	1648
3149	28	0	1	1636	0	1665
3150	4	0	4	1605	0	1613
3151	1	0	3	1673	0	1677
3152	3	2	1565	31	0	1601
3153	5	3	1559	5	0	1572
3154	1	0	30	1613	0	1644
3155	1	1	1562	29	0	1593
3156	0	1510	28	11	0	1549
3157	0	1552	8	3	0	1563
3158	1596	26	7	1	0	1630
3159	24	1581	3	5	0	1613
3160	2	26	8	1609	0	1645
3161	2	8	6	1623	0	1639
3162	4	1568	8	32	0	1612
3163	8	25	1	1632	0	1666
3164	8	10	1544	30	0	1592
3165	2	1848	29	16	0	1895
3166	0	44	4	1917	0	1965
3167	1	24	1850	51	0	1926
3168	0	1852	49	25	0	1926
3169	5	45	25	1808	0	1883
3170	2	1903	12	42	0	1959
3171	1	52	7	1900	0	1960
3172	3	30	14	1872	0	1919
3173	6	1867	8	58	0	1939
3174	1900	50	5	30	0	1985
3175	1845	32	7	12	0	1896
3176	57	1839	4	26	0	1926
3177	22	1901	10	15	0	1948
3178	6	70	3	1929	0	2008
3179	11	30	1840	57	0	1938
3180	2320	14	50	24	0	2408
3181	2389	24	21	12	0	2446
3182	66	15	2295	15	0	2391
3183	2292	15	52	18	0	2377
3184	2374	18	30	8	0	2430
3185	77	18	2305	14	0	2414
3186	2275	12	52	11	0	2350
3187	57	10	2285	16	0	2368
3188	32	2203	54	12	0	2301
3189	2363	55	23	7	0	2448
3190	2404	31	13	6	0	2454
3191	84	15	2270	8	0	2377
3192	2344	22	58	4	0	2428
3193	2861	20	25	17	0	2923
3194	78	8	2725	12	0	2823
3195	2776	13	57	7	0	2853
3196	2889	6	33	8	0	2936
3197	93	13	2741	6	0	2853
3198	2796	10	60	8	0	2874
3199	71	11	31	2799	0	2912
3200	49	7	15	2852	0	2923
3201	34	17	2784	69	0	2904
3202	23	17	2872	33	0	2945
3203	23	19	78	2943	0	3063
3204	12	21	35	3025	0	3093
3205	3496	8	13	84	0	3601
3206	101	15	3355	30	0	3501
3207	3457	6	101	12	0	3576
3208	117	7	31	3472	0	3627
3209	47	15	3378	91	0	3531
3210	3408	17	89	28	0	3542
3211	109	10	38	3471	0	3628
3212	51	21	2944	94	0	3110
3213	2469	18	95	40	0	2622
3214	106	9	42	2535	0	2692
3215	2569	12	22	110	0	2713
3216	109	20	2430	48	0	2607
3217	52	6	101	2332	0	2491
3218	37	3244	49	80	0	3410
3219	3360	103	22	47	0	3532
3220	3341	37	18	27	0	3423
3221	132	3268	39	19	0	3458
3222	3430	109	15	20	0	3574
3223	3403	47	22	17	0	3489
3224	3459	24	25	20	0	3528
3225	172	3238	25	21	0	3456
3226	75	112	12	3338	0	3537
3227	43	48	3311	113	0	3515
3228	51	15	113	3675	0	3854
3229	46	14	53	3821	0	3934
3230	38	24	3673	178	0	3913
3231	51	15	3654	65	0	3785
3232	50	18	173	3257	0	3498
3233	27	3617	66	125	0	3835
3234	3758	132	34	48	0	3972
3235	3791	47	40	27	0	3905
3236	173	3659	42	30	0	3904
3237	3807	140	23	33	0	4003
3238	3884	64	21	21	0	3990
3239	214	23	3625	21	0	3883
3240	3690	25	127	21	0	3863
3241	172	3591	63	35	0	3861
3242	88	132	3686	22	0	3928
3243	67	49	3631	25	0	3772
3244	47	3604	183	44	0	3878
3245	3200	101	69	20	0	3390
3246	137	50	3087	13	0	3287
3247	59	20	124	3109	0	3312
3248	49	22	3136	112	0	3319
3249	3091	21	115	48	0	3275
3250	132	14	3092	28	0	3266
3251	66	19	3084	22	0	3191
3252	3023	19	143	29	0	3214
3253	126	3014	65	25	0	3230
3254	3198	109	37	19	0	3363
3255	3244	46	38	14	0	3342
3256	167	23	34	3019	0	3243
3257	85	3062	31	89	0	3267
3258	3174	114	31	42	0	3361
3259	135	51	3026	28	0	3240
3260	3066	28	107	19	0	3220
3261	122	3047	59	29	0	3257
3262	3181	110	33	30	0	3354
3263	3170	45	29	21	0	3265
3264	148	3062	50	23	0	3283
3265	36	86	13	2934	0	3069
3266	2942	28	16	79	0	3065
3267	94	3014	23	24	0	3155
3268	40	89	12	3121	0	3262
3269	3367	30	10	84	0	3491
3270	101	19	8	3321	0	3449
3271	45	13	12	3300	0	3370
3272	28	3237	17	93	0	3375
3273	3321	84	15	33	0	3453
3274	3359	25	13	19	0	3416
3275	3367	25	18	16	0	3426
3276	113	3191	21	13	0	3338
3277	3374	88	9	10	0	3481
3278	3419	26	11	11	0	3467
3279	121	22	8	3288	0	3439
3280	54	20	6	2990	0	3070
3281	38	15	2852	103	0	3008
3282	34	17	77	2860	0	2988
3283	27	20	24	2946	0	3017
3284	27	13	2868	110	0	3018
3285	2743	19	91	39	0	2892
3286	106	18	2853	29	0	3006
3287	47	19	2869	25	0	2960
3288	36	13	96	2806	0	2951
3289	32	18	34	2831	0	2915
3290	25	2786	21	103	0	2935
3291	2915	87	21	32	0	3055
3292	2878	27	23	25	0	2953
3293	109	2347	15	25	0	2496
3294	49	2643	17	22	0	2731
3295	38	108	21	2421	0	2588
3296	35	2541	15	88	0	2679
3297	2619	98	11	36	0	2764
3298	2677	42	13	24	0	2756
3299	122	32	17	2745	0	2916
3300	49	17	24	2875	0	2965
3301	2840	19	15	121	0	2995
3302	116	25	2536	39	0	2716
3303	2645	13	87	25	0	2770
3304	126	13	2544	23	0	2706
3305	2148	10	56	25	0	2239
3306	75	12	31	2154	0	2272
3307	44	12	2219	56	0	2331
3308	37	14	2170	24	0	2245
3309	2178	12	69	19	0	2278
3310	2234	14	41	17	0	2306
3311	79	2468	29	21	0	2597
3312	40	51	23	2199	0	2313
3313	33	24	17	2222	0	2296
3314	2217	15	15	44	0	2291
3315	43	2119	14	33	0	2209
3316	2236	36	13	15	0	2300
3317	57	2143	15	12	0	2227
3318	13	1335	6	9	0	1363
3319	1447	9	6	8	0	1470
3320	18	9	1402	6	0	1435
3321	15	8	4	1407	0	1434
3322	9	11	6	1434	0	1460
3323	15	4	1410	17	0	1446
3324	10	4	6	1395	0	1415
3325	8	9	5	1334	0	1356
3326	7	1582	11	10	0	1610
3327	1657	12	7	5	0	1681
3328	13	6	1609	3	0	1631
3329	1555	4	11	3	0	1573
3330	18	1691	7	5	0	1721
3331	5	13	6	1805	0	1829
3332	1911	9	3	15	0	1938
3333	16	7	2	1891	0	1916
3334	11	2	2	1905	0	1920
3335	7	7	1840	26	0	1880
3336	1809	3	11	24	0	1847
3337	1897	1	11	11	0	1920
3338	25	4	1878	6	0	1913
3339	19	2	17	1867	0	1905
3340	9	5	1866	15	0	1895
3341	1829	2	20	11	0	1862
3342	1899	1	12	9	0	1921
3343	27	0	12	1874	0	1913
3344	1900	1	5	20	0	1926
3345	23	2	2671	13	0	2709
3346	19	2	15	2689	0	2725
3347	14	1	11	2751	0	2777
3348	5	2	8	2809	0	2824
3349	9	1	2	2816	0	2828
3350	2807	1	7	33	0	2848
3351	21	6	2727	22	0	2776
3352	14	2	11	2769	0	2796
3353	11	5	2739	24	0	2779
3354	9	7	2600	18	0	2634
3355	9	1	23	2708	0	2741
3356	4	1	21	2758	0	2784
3357	2799	1	11	27	0	2838
3358	17	2	7	2769	0	2795
3359	15	2	6	2758	0	2781
3360	13	1	5	2814	0	2833
3361	2877	2	4	40	0	2923
3362	2832	1	3	29	0	2865
3363	2834	2	3	18	0	2857
3364	2834	2	2	10	0	2848
3365	37	2620	4	12	0	2673
3366	21	15	3	2754	0	2793
3367	17	9	1	2606	0	2633
3368	2609	6	5	28	0	2648
3369	20	2332	13	26	0	2391
3370	12	23	1	2917	0	2953
3371	11	13	2804	38	0	2866
3372	3378	11	23	24	0	3436
3373	77	3551	12	22	0	3662
3374	3949	71	13	8	0	4041
3375	3938	30	4	13	0	3985
3376	121	17	8	4000	0	4146
3377	54	13	3882	91	0	4040
3378	35	11	79	4044	0	4169
3379	4055	8	27	115	0	4205
3380	100	2	14	4037	0	4153
3381	4051	1	15	113	0	4180
3382	107	3899	16	54	0	4076
3383	4176	89	8	32	0	4305
3384	118	32	9	4094	0	4253
3385	47	16	5	4555	0	4623
3386	4713	10	6	124	0	4853
3387	4747	14	4	50	0	4815
3388	4799	9	1	37	0	4846
3389	4768	9	5	32	0	4814
3390	4782	1	3	24	0	4810
3391	172	6	5	4644	0	4827
3392	80	21	4392	120	0	4613
3393	58	4423	101	44	0	4626
3394	4495	98	34	32	0	4659
3395	136	34	4296	24	0	4490
3396	4357	24	99	27	0	4507
3397	147	4292	47	19	0	4505
3398	4518	119	21	17	0	4675
3399	147	38	18	4236	0	4439
3400	69	27	10	4369	0	4475
3401	62	26	4161	139	0	4388
3402	47	14	108	4319	0	4488
3403	41	11	4269	154	0	4475
3404	38	14	4121	72	0	4245
3405	4282	7	143	54	0	4486
3406	4441	4	55	47	0	4547
3407	159	21	4131	33	0	4344
3408	4202	9	120	22	0	4353
3409	4314	13	46	31	0	4404
3410	186	16	4054	23	0	4279
3411	94	3969	123	20	0	4206
3412	76	107	36	4658	0	4877
3413	5413	31	27	128	0	5599
3414	5474	16	26	49	0	5565
3415	5471	20	17	42	0	5550
3416	5439	14	17	42	0	5512
3417	5457	9	31	36	0	5533
3418	201	23	5049	32	0	5305
3419	112	26	5298	27	0	5463
3420	92	20	138	5472	0	5722
3421	5637	23	56	123	0	5839
3422	5656	15	47	49	0	5767
3423	5656	15	40	40	0	5751
3424	5525	14	29	57	0	5625
3425	196	5199	41	60	0	5496
3426	97	5206	32	56	0	5391
3427	5316	127	24	51	0	5518
3428	5357	41	31	39	0	5468
3429	173	5110	33	39	0	5355
3430	5248	115	23	28	0	5414
3431	176	47	4944	23	0	5190
3432	94	30	106	4942	0	5172
3433	89	34	5154	112	0	5389
3434	84	25	5048	43	0	5200
3435	82	13	129	5152	0	5376
3436	78	22	43	6057	0	6200
3437	76	19	5994	138	0	6227
3438	62	22	119	5817	0	6020
3439	73	19	40	6197	0	6329
3440	6166	17	37	148	0	6368
3441	6147	18	41	63	0	6269
3442	179	17	34	6069	0	6299
3443	95	30	5934	132	0	6191
3444	90	5738	132	53	0	6013
3445	6224	111	51	47	0	6433
3446	153	39	6064	46	0	6302
3447	82	5718	137	45	0	5982
3448	74	5988	54	54	0	6170
3449	6260	119	49	40	0	6468
3450	6336	54	47	34	0	6471
3451	174	43	39	6185	0	6441
3452	89	49	6359	122	0	6619
3453	86	30	126	6415	0	6657
3454	88	23	39	6559	0	6709
3455	74	21	38	6657	0	6790
3456	6534	18	54	151	0	6757
3457	153	6238	51	71	0	6513
3458	78	7278	54	60	0	7470
3459	66	138	43	7470	0	7717
3460	57	46	38	7638	0	7779
3461	7506	39	32	163	0	7740
3462	7161	30	31	79	0	7301
3463	7453	22	19	54	0	7548
3464	181	7089	39	59	0	7368
3465	7501	114	32	46	0	7693
3466	177	214	31	7249	0	7671
3467	94	38	7120	128	0	7380
3468	84	54	6589	61	0	6788
3469	7033	20	136	47	0	7236
3470	139	20	6612	37	0	6808
3471	67	32	6439	23	0	6561
3472	6003	6	60	10	0	6079
3473	68	6	6089	15	0	6178
3474	16	9	5778	7	0	5810
3475	17	6	35	5679	0	5737
3476	21	5	5773	26	0	5825
3477	5	4	30	5488	0	5527
3478	8	3	5	5722	0	5738
3479	14	6	5725	28	0	5773
3480	14	5345	37	10	0	5406
3481	5760	26	11	10	0	5807
3482	31	10	5678	6	0	5725
3483	11	5	5523	87	0	5626
3484	4812	6	31	9	0	4858
3485	42	3	5285	4	0	5334
3486	1	4711	31	7	0	4750
3487	4	4701	23	13	0	4741
3488	5	17	4	5141	0	5167
3489	2	3	3	5081	0	5089
3490	5169	5	0	13	0	5187
3491	4942	5	1	90	0	5038
3492	5008	2	0	93	0	5103
3493	9	3	1	5059	0	5072
3494	5140	0	2	13	0	5155
3495	4994	4	3	7	0	5008
3496	18	5	5042	3	0	5068
3497	6	7	4810	3	0	4826
3498	3	4653	30	5	0	4691
3499	4	10	2	5099	0	5115
3500	5050	85	3	12	0	5150
3501	7	4852	16	6	0	4881
3502	3	10	0	5775	0	5788
3503	5760	3	0	9	0	5772
3504	5695	1	1	10	0	5707
3505	12	5457	12	6	0	5487
3506	5767	6	2	4	0	5779
3507	5660	2	2	3	0	5667
3508	10	1	0	6133	0	6144
3509	6	6	6252	9	0	6273
3510	2	5710	28	15	0	5755
3511	9	5769	12	9	0	5799
3512	5667	9	3	3	0	5682
3513	7	2	2	4983	0	4994
3514	6	5	4972	11	0	4994
3515	5	4621	29	7	0	4662
3516	5034	7	5	1	0	5047
3517	5028	1	2	8	0	5039
3518	17	3	5503	2	0	5525
3519	6	2	10	5173	0	5191
3520	3	3	3	5738	0	5747
3521	7	7	6201	27	0	6242
3522	6274	5	60	11	0	6350
3523	7359	4	8	5	0	7376
3524	100	5	6	7653	0	7764
3525	26	7888	27	123	0	8064
3526	21	137	5	9138	0	9301
3527	24	42	8781	203	0	9050
3528	8670	19	182	50	0	8921
3529	196	12	38	9130	0	9376
3530	50	19	8813	215	0	9097
3531	8541	11	204	52	0	8808
3532	207	8	46	8975	0	9236
3533	55	6	35	8878	0	8974
3534	8782	2	21	242	0	9047
3535	207	8497	31	76	0	8811
3536	8111	196	18	50	0	8375
3537	229	34	19	8096	0	8378
3538	8124	27	21	218	0	8390
3539	241	33	7720	65	0	8059
3540	61	7641	193	57	0	7952
3541	50	201	41	8691	0	8983
3542	8998	45	29	221	0	9293
3543	239	8674	38	72	0	9023
3544	70	246	21	9480	0	9817
3545	8815	49	26	313	0	9203
3546	9001	44	25	71	0	9141
3547	339	28	13	8861	0	9241
3548	113	32	8516	331	0	8992
3549	75	41	8355	71	0	8542
3550	8523	26	294	74	0	8917
3551	312	8411	92	65	0	8880
3552	92	8528	61	53	0	8734
3553	8393	309	36	33	0	8771
3554	294	8902	57	43	0	9296
3555	82	310	34	8979	0	9405
3556	80	77	24	9348	0	9529
3557	9122	73	23	337	0	9555
3558	8359	52	27	101	0	8539
3559	8440	43	15	75	0	8573
3560	385	45	7903	55	0	8388
3561	139	34	265	8070	0	8508
3562	95	35	7971	326	0	8427
3563	75	31	8051	91	0	8248
3564	96	30	8207	62	0	8395
3565	61	25	356	7954	0	8396
3566	54	24	8044	336	0	8458
3567	62	44	8149	88	0	8343
3568	60	34	356	8001	0	8451
3569	8115	28	123	336	0	8602
3570	331	38	8002	100	0	8471
3571	88	32	320	7920	0	8360
3572	97	23	103	8027	0	8250
3573	77	45	7760	369	0	8251
3574	67	29	309	7759	0	8164
3575	75	32	7677	381	0	8165
3576	73	35	333	7914	0	8355
3577	71	37	99	8219	0	8426
3578	62	38	80	8278	0	8458
3579	45	38	64	8397	0	8544
3580	7981	31	55	433	0	8500
3581	8042	20	76	165	0	8303
3582	368	51	7727	136	0	8282
3583	138	7457	307	141	0	8043
3584	103	294	7774	99	0	8270
3585	89	71	7922	97	0	8179
3586	7632	52	367	91	0	8142
3587	351	7873	155	92	0	8471
3588	8339	308	144	72	0	8863
3589	335	8943	112	92	0	9482
3590	9155	348	107	82	0	9692
3591	9546	97	95	80	0	9818
3592	423	72	96	9019	0	9610
3593	150	9067	79	371	0	9667
3594	126	341	70	9251	0	9788
3595	103	98	57	9545	0	9803
3596	94	96	8923	462	0	9575
3597	97	8861	341	190	0	9489
3598	87	340	105	9307	0	9839
3599	8776	90	102	409	0	9377
3600	9172	67	90	188	0	9517
3601	9605	43	90	150	0	9888
3602	438	8654	101	125	0	9318
3603	9358	338	87	101	0	9884
3604	435	9774	103	101	0	10413
3605	162	405	83	10704	0	11354
3606	142	126	10133	461	0	10862
3607	113	94	420	10295	0	10922
3608	97	9849	174	458	0	10578
3609	101	415	125	10014	0	10655
3610	87	130	115	10166	0	10498
3611	71	10002	96	551	0	10720
3612	10072	458	91	230	0	10851
3613	447	151	73	10236	0	10907
3614	175	123	9784	531	0	10613
3615	121	101	418	10114	0	10754
3616	96	65	130	10614	0	10905
3617	75	94	9664	620	0	10453
3618	94	55	415	9091	0	9655
3619	82	9280	154	528	0	10044
3620	84	412	8610	224	0	9330
3621	72	147	8477	153	0	8849
3622	66	8700	420	139	0	9325
3623	63	8261	170	99	0	8593
3624	54	7799	536	81	0	8470
3625	6766	415	765	57	0	8003
3626	6826	158	41	42	0	7067
3627	6962	114	46	56	0	7178
3628	382	67	49	6768	0	7266
3629	160	62	6525	298	0	7045
3630	110	57	263	6671	0	7101
3631	72	47	92	7012	0	7223
3632	6736	55	67	381	0	7239
3633	6793	48	59	201	0	7101
3634	328	6753	51	150	0	7282
3635	7362	259	35	105	0	7761
3636	7565	89	39	83	0	7776
3637	7622	93	33	90	0	7838
3638	388	63	7068	85	0	7604
3639	174	49	7227	83	0	7533
3640	122	45	303	7249	0	7719
3641	87	63	6742	291	0	7183
3642	6224	50	257	99	0	6630
3643	6154	45	506	74	0	6779
3644	240	45	5767	33	0	6085
3645	5665	24	169	22	0	5880
3646	248	5609	77	25	0	5959
3647	5769	166	60	24	0	6019
3648	228	79	36	5704	0	6047
3649	101	50	31	5587	0	5769
3650	68	5666	20	229	0	5983
3651	5700	172	22	116	0	6010
3652	5697	77	17	84	0	5875
3653	250	5657	28	49	0	5984
3654	135	189	17	5231	0	5572
3655	109	90	20	5161	0	5380
3656	84	5136	20	226	0	5466
3657	66	191	29	5114	0	5400
3658	47	87	27	5372	0	5533
3659	5151	76	35	276	0	5538
3660	5299	51	32	144	0	5526
3661	269	43	5024	109	0	5445
3662	5215	30	181	62	0	5488
3663	276	40	5026	52	0	5394
3664	137	28	213	5154	0	5532
3665	102	39	5001	198	0	5340
3666	80	5038	203	103	0	5424
3667	70	182	93	5058	0	5403
3668	67	82	65	5343	0	5557
3669	5169	72	49	260	0	5550
3670	204	58	38	5265	0	5565
3671	112	63	4872	244	0	5291
3672	5089	43	171	129	0	5432
3673	5326	44	76	104	0	5550
3674	5307	64	58	75	0	5504
3675	5674	36	45	68	0	5823
3676	322	45	36	5289	0	5692
3677	177	42	23	5430	0	5672
3678	134	26	20	5474	0	5654
3679	97	25	28	5585	0	5735
3680	5276	26	40	347	0	5689
3681	5437	25	40	181	0	5683
3682	298	26	32	5040	0	5396
3683	174	5188	46	239	0	5647
3684	5366	190	51	119	0	5726
3685	266	101	5008	105	0	5480
3686	126	5227	203	76	0	5632
3687	4875	213	88	66	0	5242
3688	234	4780	69	67	0	5150
3689	122	202	4025	48	0	4397
3690	4134	91	172	57	0	4454
3691	4190	68	93	54	0	4405
3692	271	63	4244	42	0	4620
3693	180	40	223	4361	0	4804
3694	146	28	78	4364	0	4616
3695	123	4285	63	282	0	4753
3696	98	205	40	4535	0	4878
3697	4315	72	33	335	0	4755
3698	248	4347	35	206	0	4836
3699	129	219	32	4490	0	4870
3700	122	83	18	4705	0	4928
3701	113	68	3844	343	0	4368
3702	119	4058	189	157	0	4523
3703	3376	209	61	110	0	3756
3704	211	2800	53	88	0	3152
3705	116	2508	26	52	0	2702
3706	2297	161	44	58	0	2560
3707	156	95	46	2266	0	2563
3708	73	87	34	2398	0	2592
3709	2420	53	33	182	0	2688
3710	197	43	33	2421	0	2694
3711	115	34	51	2541	0	2741
3712	2466	15	31	198	0	2710
3713	182	36	39	2370	0	2627
3714	81	2343	42	187	0	2653
3715	2427	134	40	104	0	2705
3716	152	89	2250	107	0	2598
3717	81	2338	110	86	0	2615
3718	73	169	21	2433	0	2696
3719	69	67	2290	179	0	2605
3720	73	81	2364	81	0	2599
3721	633	284	147	1632	0	2696
3722	1414	13	179	139	0	1745
3723	75	33	33	1425	0	1566
3724	24	42	19	1492	0	1577
3725	46	49	3	1489	0	1587
3726	24	43	7	1502	0	1576
3727	40	47	3	1506	0	1596
3728	44	36	1361	111	0	1552
3729	24	11	1413	83	0	1531
3730	23	14	66	1469	0	1572
3731	48	4	1371	111	0	1534
3732	24	1358	66	69	0	1517
3733	39	81	19	1449	0	1588
3734	40	38	1215	110	0	1403
3735	842	48	73	55	0	1018
3736	97	856	19	36	0	1008
3737	46	876	24	43	0	989
3738	27	903	40	41	0	1011
3739	27	106	26	879	0	1038
3740	847	25	26	137	0	1035
3741	75	17	45	901	0	1038
3742	848	18	42	110	0	1018
3743	99	842	17	78	0	1036
3744	877	96	11	55	0	1039
3745	111	25	6	898	0	1040
3746	21	16	21	963	0	1021
3747	12	830	25	145	0	1012
3748	11	77	22	932	0	1042
3749	14	17	40	964	0	1035
3750	17	14	67	955	0	1053
3751	850	21	42	140	0	1053
3752	923	11	28	76	0	1038
3753	94	31	843	61	0	1029
3754	872	36	75	68	0	1051
3755	89	30	838	67	0	1024
3756	35	28	103	874	0	1040
3757	31	31	33	959	0	1054
3758	23	49	32	955	0	1059
3759	21	54	833	103	0	1011
3760	11	43	69	919	0	1042
3761	34	24	831	125	0	1014
3762	37	37	77	906	0	1057
3763	876	13	19	145	0	1053
3764	85	18	845	64	0	1012
3765	875	35	73	40	0	1023
3766	102	43	21	892	0	1058
3767	863	27	13	128	0	1031
3768	83	856	13	58	0	1010
3769	21	91	13	903	0	1028
3770	45	18	801	131	0	995
3771	19	17	71	940	0	1047
3772	39	16	19	917	0	991
3773	51	832	19	117	0	1019
3774	64	77	819	46	0	1006
3775	9	537	52	20	0	618
3776	521	52	10	22	0	605
3777	54	543	15	16	0	628
3778	546	67	5	16	0	634
3779	587	11	7	17	0	622
3780	587	9	12	15	0	623
3781	70	11	3	544	0	628
3782	12	7	511	72	0	602
3783	11	8	58	488	0	565
3784	6	539	14	60	0	619
3785	8	50	6	567	0	631
3786	537	13	8	63	0	621
3787	50	527	6	34	0	617
3788	11	55	7	554	0	627
3789	8	10	8	612	0	638
3790	546	5	8	74	0	633
3791	65	7	531	26	0	629
3792	3	152	8	4	0	167
3793	4	5	3	159	0	171
3794	6	1	142	8	0	157
3795	2	3	4	154	0	163
3796	5	153	3	7	0	168
3797	2	3	3	161	0	169
3798	3	0	8	157	0	168
3799	3	1	1	165	0	170
3800	4	4	145	4	0	157
3801	153	4	6	7	0	170
3802	6	5	3	155	0	169
3803	156	1	3	11	0	171
3804	160	3	1	1	0	165
3805	156	4	1	5	0	166
3806	159	2	2	5	0	168
3807	161	5	2	4	0	172
3808	11	1	0	161	0	173
3809	0	14	0	3	0	17
3810	1	2	0	15	0	18
3811	0	16	1	2	0	19
3812	0	3	0	16	0	19
3813	16	0	0	3	0	19
3814	2	0	0	18	0	20
3815	0	0	18	2	0	20
3816	18	1	2	0	0	21
3817	2	17	0	1	0	20
3818	19	2	0	0	0	21
3819	21	0	0	1	0	22
3820	15	0	1	0	0	16
3821	3	12	1	0	0	16
3822	0	2	0	14	0	16
3823	1	0	0	15	0	16
3824	1	0	13	2	0	16
3825	1	0	2	12	0	15
3826	1	0	0	14	0	15
3827	1	0	0	14	0	15
3828	0	11	0	3	0	14
3829	13	3	0	0	0	16
3830	15	0	0	0	0	15
3831	2	1	13	0	0	16
3832	0	14	1	1	0	16
3833	1	2	0	14	0	17
3834	0	0	0	16	0	16
3835	0	0	1	15	0	16
3836	1	0	0	15	0	16
3837	0	1	0	16	0	17
3838	1	0	13	2	0	16
3839	1	0	16	0	0	17
3840	15	0	2	0	0	17
3841	15	1	0	0	0	16
3842	17	0	0	1	0	18
3843	2	0	0	16	0	18
3844	0	0	16	2	0	18
3845	13	0	1	1	0	15
3846	17	1	0	1	0	19
3847	3	0	13	1	0	17
3848	16	1	2	0	0	19
3849	4	0	15	0	0	19
3850	1	0	2	16	0	19
3851	0	0	18	2	0	20
3852	16	1	2	0	0	19
3853	18	1	0	1	0	20
3854	18	0	0	2	0	20
3855	18	0	0	1	0	19
3856	3	1	390	1	0	395
3857	0	377	4	2	0	383
3858	422	2	1	1	0	426
3859	418	0	1	0	0	419
3860	3	0	407	0	0	410
3861	1	1	2	411	0	415
3862	1	0	0	418	0	419
3863	0	0	411	3	0	414
3864	393	1	2	1	0	397
3865	420	1	0	0	0	421
3866	3	386	0	3	0	392
3867	422	2	1	1	0	426
3868	425	0	0	1	0	426
3869	426	0	2	0	0	428
3870	423	0	0	1	0	424
3871	2	1	531	2	0	536
3872	508	0	2	0	0	510
3873	3	0	0	561	0	564
3874	1	548	2	3	0	554
3875	2	1	546	0	0	549
3876	1	522	4	1	0	528
3877	0	1	0	553	0	554
3878	0	0	554	1	0	555
3879	515	0	3	1	0	519
3880	1	0	545	0	0	546
3881	538	0	1	0	0	539
3882	1	0	0	559	0	560
3883	0	0	0	542	0	542
3884	0	528	3	1	0	532
3885	0	534	0	1	0	535
3886	0	1	0	557	0	558
3887	553	0	0	1	0	554
3888	550	0	0	0	0	550
3889	547	0	0	0	0	547
3890	1	1	532	0	0	534
3891	532	0	1	0	0	533
3892	2	1	527	0	0	530
3893	0	0	495	0	0	495
3894	512	0	1	0	0	513
3895	538	0	0	0	0	538
3896	1	1	531	0	0	533
3897	0	0	1	523	0	524
3898	0	0	0	538	0	538
3899	536	0	0	1	0	537
3900	516	0	0	0	0	516
3901	3	4	1942	0	0	1949
3902	0	1887	5	4	0	1896
3903	0	1936	7	3	0	1946
3904	2108	0	0	0	0	2108
3905	0	0	0	2098	0	2098
3906	0	0	0	2097	0	2097
3907	0	3	0	2102	0	2105
3908	1729	1	4	3	0	1737
3909	0	0	0	2102	0	2102
3910	2098	0	0	0	0	2098
3911	2081	0	1	1	0	2083
3912	1	2614	2	3	0	2620
3913	0	2	0	3122	0	3124
3914	2	4	3356	2	0	3364
3915	3259	0	1	1	0	3261
3916	3351	0	0	0	0	3351
3917	3401	0	1	0	0	3402
3918	5	1	3639	0	0	3645
3919	2	1	5	3600	0	3608
3920	3711	0	5	5	0	3721
3921	3638	0	3	4	0	3645
3922	3607	1	5	3	0	3616
3923	11	3529	5	2	0	3547
3924	6	3898	10	4	0	3918
3925	7	3	1	4096	0	4107
3926	5	0	4	4073	0	4082
3927	5	3894	7	11	0	3917
3928	4059	5	8	2	0	4074
3929	7	9	3973	1	0	3990
3930	6	3	6	3986	0	4001
3931	2	5	0	4044	0	4051
3932	5	6	3990	6	0	4007
3933	3731	3	8	7	0	3749
3934	4080	1	2	4	0	4087
3935	2	3819	19	7	0	3847
3936	4104	2	2	2	0	4110
3937	5	2	4996	2	0	5005
3938	5493	2	7	6	0	5508
3939	10	6	5555	4	0	5575
3940	5860	3	7	2	0	5872
3941	5993	2	2	4	0	6001
3942	5987	2	3	4	0	5996
3943	5970	6	5	2	0	5983
3944	49	5610	23	2	0	5684
3945	6045	22	11	0	0	6078
3946	6012	11	5	8	0	6036
3947	46	12	6891	5	0	6954
3948	6972	2	53	5	0	7032
3949	66	6	12	7154	0	7238
3950	37	9	7301	50	0	7397
3951	7335	6	62	15	0	7418
3952	76	7	15	7546	0	7644
3953	8173	7	13	64	0	8257
3954	8528	4	5	25	0	8562
3955	86	7	8291	22	0	8406
3956	7993	4	63	8	0	8068
3957	8180	5	19	10	0	8214
3958	8151	1	20	10	0	8182
3959	8186	2	10	7	0	8205
3960	96	7	6	8008	0	8117
3961	43	7643	24	67	0	7777
3962	8092	61	16	18	0	8187
3963	8022	17	10	16	0	8065
3964	8081	13	3	9	0	8106
3965	101	19	7923	9	0	8052
3966	42	7634	86	8	0	7770
3967	37	65	16	8106	0	8224
3968	23	13	18	8173	0	8227
3969	23	16	8355	75	0	8469
3970	28	4	84	9020	0	9136
3971	24	19	9076	92	0	9211
3972	32	7	94	8944	0	9077
3973	27	4	28	9170	0	9229
3974	21	18	9671	107	0	9817
3975	9387	3	90	47	0	9527
3976	9839	6	28	38	0	9911
3977	130	18	9680	11	0	9839
3978	9473	4	80	19	0	9576
3979	10262	5	37	20	0	10324
3980	124	21	11223	9	0	11377
3981	65	4	82	10984	0	11135
3982	36	13	40	11399	0	11488
3983	11507	3	25	110	0	11645
3984	110	11003	19	59	0	11191
3985	11153	86	33	31	0	11303
3986	11315	25	21	21	0	11382
3987	128	10996	29	28	0	11181
3988	11490	84	17	23	0	11614
3989	11371	23	11	26	0	11431
3990	132	11038	39	29	0	11238
3991	78	93	10	11329	0	11510
3992	60	11040	26	102	0	11228
3993	45	104	16	11491	0	11656
3994	61	38	11204	104	0	11407
3995	59	47	10777	34	0	10917
3996	10986	17	112	33	0	11148
3997	11463	14	48	25	0	11550
3998	154	24	11426	20	0	11624
3999	11226	8	100	29	0	11363
4000	12461	19	40	25	0	12545
4001	11147	8	41	17	0	11213
4002	169	11539	37	29	0	11774
4003	71	87	27	12218	0	12403
4004	12266	30	31	105	0	12432
4005	11950	27	25	51	0	12053
4006	149	27	11969	43	0	12188
4007	88	12	102	11710	0	11912
4008	68	15	47	11991	0	12121
4009	58	11522	56	128	0	11764
4010	63	12379	43	62	0	12547
4011	58	156	29	12406	0	12649
4012	55	11712	43	152	0	11962
4013	11736	154	29	53	0	11972
4014	180	11351	36	47	0	11614
4015	12026	188	13	24	0	12251
4016	231	73	11465	22	0	11791
4017	12000	29	178	23	0	12230
4018	12483	16	63	19	0	12581
4019	12425	24	42	20	0	12511
4020	12444	16	22	22	0	12504
4021	285	11774	31	28	0	12118
4022	113	186	17	12404	0	12720
4023	62	77	16	12575	0	12730
4024	52	53	11724	249	0	12078
4025	54	24	178	11468	0	11724
4026	53	23	62	12096	0	12234
4027	12132	20	48	242	0	12442
4028	205	11454	38	100	0	11797
4029	91	183	22	12010	0	12306
4030	56	58	31	12135	0	12280
4031	48	51	22	12180	0	12301
4032	12624	15	30	267	0	12936
4033	218	23	33	12499	0	12773
4034	12631	24	29	234	0	12918
4035	236	20	24	12401	0	12681
4036	112	17	28	12576	0	12733
4037	84	25	10908	266	0	11283
4038	9762	19	200	119	0	10100
4039	246	10298	95	66	0	10705
4040	10774	163	30	36	0	11003
4041	214	58	30	10513	0	10815
4042	102	30	11	10719	0	10862
4043	11295	15	15	238	0	11563
4044	12128	16	14	108	0	12266
4045	318	375	12	11619	0	12324
4046	123	48	11919	242	0	12332
4047	50	36	10538	86	0	10710
4048	48	10626	251	50	0	10975
4049	11036	224	343	34	0	11637
4050	10793	67	22	42	0	10924
4051	271	33	15	10538	0	10857
4052	106	10564	23	221	0	10914
4053	63	226	5	10453	0	10747
4054	34	72	15	9997	0	10118
4055	33	9504	31	287	0	9855
4056	9792	224	15	119	0	10150
4057	237	74	15	9700	0	10026
4058	98	9631	33	222	0	9984
4059	67	10317	24	103	0	10511
4060	10457	277	10	62	0	10806
4061	257	109	10329	61	0	10756
4062	10536	44	208	54	0	10842
4063	273	41	75	12031	0	12420
4064	116	47	33	12189	0	12385
4065	78	11838	41	337	0	12294
4066	53	258	28	12397	0	12736
4067	76	122	11763	304	0	12265
4068	67	11683	223	136	0	12109
4069	52	12149	83	76	0	12360
4070	11342	455	29	57	0	11883
4071	366	11306	38	72	0	11782
4072	88	411	28	11499	0	12026
4073	67	11136	29	445	0	11677
4074	69	432	16	11020	0	11537
4075	68	98	24	11223	0	11413
4076	56	75	10485	534	0	11150
4077	53	67	371	10591	0	11082
4078	70	54	68	11298	0	11490
4079	10399	56	44	513	0	11012
4080	454	58	9069	149	0	9730
4081	120	53	383	9754	0	10310
4082	84	56	9425	564	0	10129
4083	9301	60	455	161	0	9977
4084	495	9503	107	122	0	10227
4085	10771	518	44	114	0	11447
4086	619	121	40	10516	0	11296
4087	157	78	40	11209	0	11484
4088	85	88	10147	729	0	11049
4089	9194	89	496	226	0	10005
4090	582	10351	98	153	0	11184
4091	10400	614	67	132	0	11213
4092	628	153	60	11283	0	12124
4093	165	11262	63	608	0	12098
4094	11384	613	50	200	0	12247
4095	574	12233	54	141	0	13002
4096	165	621	66	12226	0	13078
4097	139	146	41	12766	0	13092
4098	101	119	50	12645	0	12915
4099	111	11751	47	769	0	12678
4100	83	598	57	11531	0	12269
4101	107	173	64	12035	0	12379
4102	10611	133	54	746	0	11544
4103	11293	111	36	250	0	11690
4104	11368	108	55	190	0	11721
4105	767	112	11375	182	0	12436
4106	11961	117	539	164	0	12781
4107	12573	101	134	144	0	12952
4108	12536	107	66	175	0	12884
4109	764	133	11421	169	0	12487
4110	11290	81	458	147	0	11976
4111	610	121	112	11709	0	12552
4112	209	85	11182	692	0	12168
4113	140	11010	508	234	0	11892
4114	136	801	88	10865	0	11890
4115	119	10624	97	529	0	11369
4116	145	11259	72	162	0	11638
4117	10612	568	69	159	0	11408
4118	567	132	55	10658	0	11412
4119	10741	109	54	594	0	11498
4120	608	87	52	10734	0	11481
4121	10737	83	75	604	0	11499
4122	605	94	53	10710	0	11462
4123	10732	96	48	613	0	11489
4124	606	117	10157	175	0	11055
4125	206	98	498	10510	0	11312
4126	178	110	10085	612	0	10985
4127	150	125	9725	218	0	10218
4128	142	113	10940	179	0	11374
4129	155	100	530	10726	0	11511
4130	125	117	10753	630	0	11625
4131	10876	80	526	220	0	11702
4132	532	81	104	10679	0	11396
4133	172	73	11018	625	0	11888
4134	145	70	504	11065	0	11784
4135	143	72	116	11639	0	11970
4136	123	66	10965	672	0	11826
4137	159	43	495	11405	0	12102
4138	131	74	133	11461	0	11799
4139	178	11039	150	514	0	11881
4140	11824	506	97	203	0	12630
4141	12178	108	95	189	0	12570
4142	646	67	11390	166	0	12269
4143	10740	58	438	130	0	11366
4144	533	54	9874	128	0	10589
4145	168	50	9507	150	0	9875
4146	128	69	9554	144	0	9895
4147	118	61	289	9150	0	9618
4148	102	60	9823	333	0	10318
4149	96	73	269	9311	0	9749
4150	116	55	111	10247	0	10529
4151	82	62	89	10363	0	10596
4152	118	50	87	10484	0	10739
4153	10187	60	71	376	0	10694
4154	10067	52	79	175	0	10373
4155	303	9679	92	171	0	10245
4156	147	223	83	10447	0	10900
4157	135	65	10201	346	0	10747
4158	135	9884	296	160	0	10475
4159	128	256	110	11174	0	11668
4160	105	71	11186	341	0	11703
4161	123	55	301	10598	0	11077
4162	106	62	10741	373	0	11282
4163	103	68	9237	142	0	9550
4164	103	48	276	9535	0	9962
4165	91	37	119	9798	0	10045
4166	9684	32	108	352	0	10176
4167	280	32	105	9736	0	10153
4168	9569	29	75	324	0	9997
4169	226	9133	78	160	0	9597
4170	87	9347	89	136	0	9659
4171	83	261	60	9718	0	10122
4172	9584	74	57	298	0	10013
4173	242	9250	93	134	0	9719
4174	87	241	67	10132	0	10527
4175	10307	63	70	285	0	10725
4176	10326	43	79	123	0	10571
4177	11016	46	68	102	0	11232
4178	11056	35	88	116	0	11295
4179	11109	27	80	99	0	11315
4180	346	42	10560	101	0	11049
4181	92	40	10229	78	0	10439
4182	76	10338	219	78	0	10711
4183	59	167	72	10911	0	11209
4184	81	60	11814	222	0	12177
4185	27	21	11247	36	0	11331
4186	27	13	184	11528	0	11752
4187	34	24	11956	183	0	12197
4188	48	32	11729	50	0	11859
4189	24	15604	233	51	0	15912
4190	16389	491	51	36	0	16967
4191	455	17329	45	29	0	17858
4192	50	590	15	17995	0	18650
4193	18257	99	21	553	0	18930
4194	566	17775	47	102	0	18490
4195	86	618	15	17718	0	18437
4196	69	133	16957	600	0	17759
4197	17239	83	569	105	0	17996
4198	17923	41	94	93	0	18151
4199	18121	35	53	54	0	18263
4200	689	39	36	17664	0	18428
4201	171	58	16823	623	0	17675
4202	99	16682	584	107	0	17472
4203	104	562	84	17385	0	18135
4204	17207	99	58	614	0	17978
4205	646	110	15394	116	0	16266
4206	118	14956	606	100	0	15780
4207	83	584	15735	68	0	16470
4208	15434	136	636	61	0	16267
4209	16640	82	136	66	0	16924
4210	16833	63	78	43	0	17017
4211	750	83	15302	38	0	16173
4212	202	15628	614	54	0	16498
4213	148	574	157	16088	0	16967
4214	131	104	113	16566	0	16914
4215	98	79	61	16863	0	17101
4216	106	78	15705	736	0	16625
4217	15702	63	642	197	0	16604
4218	672	107	16194	138	0	17111
4219	16534	46	624	131	0	17335
4220	17192	79	164	93	0	17528
4221	17316	55	107	117	0	17595
4222	17191	78	105	65	0	17439
4223	861	161	16012	49	0	17083
4224	293	88	612	16417	0	17410
4225	222	150	15592	651	0	16615
4226	224	15451	648	196	0	16519
4227	218	16807	166	109	0	17300
4228	17112	760	113	128	0	18113
4229	17006	220	127	176	0	17529
4230	779	17004	142	176	0	18101
4231	17539	745	104	108	0	18496
4232	877	278	16097	125	0	17377
4233	16364	156	629	157	0	17306
4234	839	16708	242	145	0	17934
4235	17787	750	155	105	0	18797
4236	18260	241	161	128	0	18790
4237	1043	132	119	17060	0	18354
4238	442	117	149	17760	0	18468
4239	17324	153	166	822	0	18465
4240	849	192	157	17350	0	18548
4241	17245	129	159	847	0	18380
4242	994	121	125	17290	0	18530
4243	17119	113	153	857	0	18242
4244	17247	118	145	288	0	17798
4245	927	16510	238	202	0	17877
4246	406	17424	178	189	0	18197
4247	16454	847	177	177	0	17655
4248	888	16558	118	250	0	17814
4249	407	810	173	16208	0	17598
4250	348	286	156	16553	0	17343
4251	15467	222	151	905	0	16745
4252	870	15401	202	327	0	16800
4253	403	15462	158	299	0	16322
4254	389	15626	202	227	0	16444
4255	429	893	15032	227	0	16581
4256	360	337	15290	182	0	16169
4257	428	252	15398	174	0	16252
4258	365	949	836	12919	0	15069
4259	343	14554	307	691	0	15895
4260	15112	843	205	250	0	16410
4261	936	324	14648	207	0	16115
4262	497	195	14752	226	0	15670
4263	372	265	15022	158	0	15817
4264	386	243	864	14490	0	15983
4265	387	241	327	15144	0	16099
4266	410	169	252	15562	0	16393
4267	15077	191	208	915	0	16391
4268	15373	249	205	288	0	16115
4269	15566	190	176	280	0	16212
4270	1092	161	235	14884	0	16372
4271	460	203	14185	888	0	15736
4272	386	255	14881	340	0	15862
4273	497	145	785	14924	0	16351
4274	412	187	283	15243	0	16125
4275	14626	206	212	935	0	15979
4276	970	14412	183	426	0	15991
4277	13916	710	202	283	0	15111
4278	947	13518	165	349	0	14979
4279	445	800	135	13804	0	15184
4280	408	276	13384	871	0	14939
4281	426	230	673	13500	0	14829
4282	13615	250	218	901	0	14984
4283	928	231	13008	408	0	14575
4284	12239	186	622	275	0	13322
4285	888	152	11499	258	0	12797
4286	420	225	11492	177	0	12314
4287	11208	180	706	267	0	12361
4288	847	206	11189	222	0	12464
4289	177	65	6808	81	0	7131
4290	127	6687	431	74	0	7319
4291	4322	569	49	24	0	4964
4292	4320	36	22	14	0	4392
4293	4345	11	17	23	0	4396
4294	108	19	4151	18	0	4296
4295	4048	14	87	18	0	4167
4296	93	4063	57	21	0	4234
4297	4292	70	26	20	0	4408
4298	92	39	4425	20	0	4576
4299	60	21	81	4421	0	4583
4300	36	23	4426	79	0	4564
4301	32	4314	95	44	0	4485
4302	42	74	48	4462	0	4626
4303	26	34	30	4581	0	4671
4304	4544	16	26	108	0	4694
4305	4532	22	21	53	0	4628
4306	4570	13	18	32	0	4633
4307	4558	13	20	28	0	4619
4308	4553	12	25	28	0	4618
4309	122	21	4378	20	0	4541
4310	54	14	82	4379	0	4529
4311	39	22	4474	81	0	4616
4312	26	19	84	4131	0	4260
4313	4136	13	52	84	0	4285
4314	4171	13	21	54	0	4259
4315	4179	14	20	23	0	4236
4316	4132	13	18	23	0	4186
4317	134	11	4165	21	0	4331
4318	59	20	87	4040	0	4206
4319	37	27	3958	82	0	4104
4320	37	3780	93	48	0	3958
4321	27	3970	58	33	0	4088
4322	39	87	30	3984	0	4140
4323	29	42	28	4785	0	4884
4324	44	8	22	5739	0	5813
4325	27	18	29	5944	0	6018
4326	5682	8	24	255	0	5969
4327	195	5667	42	98	0	6002
4328	4569	138	7	34	0	4748
4329	169	37	11	4538	0	4755
4330	46	29	7	4451	0	4533
4331	43	4465	10	158	0	4676
4332	19	140	8	4640	0	4807
4333	4502	42	9	173	0	4726
4334	146	3951	19	59	0	4175
4335	46	3633	7	40	0	3726
4336	3671	154	5	23	0	3853
4337	141	59	3	3590	0	3793
4338	46	3521	12	130	0	3709
4339	36	126	1	3743	0	3906
4340	3646	44	9	150	0	3849
4341	131	38	4	3689	0	3862
4342	50	17	5	3831	0	3903
4343	3668	12	3	189	0	3872
4344	132	12	7	3638	0	3789
4345	47	3772	7	161	0	3987
4346	38	135	3	3892	0	4068
4347	26	3741	5	170	0	3942
4348	21	154	2	3997	0	4174
4349	3902	44	9	179	0	4134
4350	4001	38	2	71	0	4112
4351	180	12	3	3958	0	4153
4352	71	22	3748	165	0	4006
4353	3881	9	129	68	0	4087
4354	159	26	3773	53	0	4011
4355	3874	10	152	35	0	4071
4356	4036	24	35	24	0	4119
4357	194	13	3737	34	0	3978
4358	82	3748	136	30	0	3996
4359	3686	130	29	18	0	3863
4360	3712	38	26	30	0	3806
4361	170	39	4031	11	0	4251
4362	4171	10	115	29	0	4325
4363	4256	16	43	14	0	4329
4364	4290	12	28	24	0	4354
4365	189	9	8	4147	0	4353
4366	76	6	13	4173	0	4268
4367	50	4039	15	161	0	4265
4368	33	126	13	4200	0	4372
4369	30	40	2	4342	0	4414
4370	41	47	4065	179	0	4332
4371	36	30	3953	92	0	4111
4372	3666	21	142	68	0	3897
4373	4053	26	58	34	0	4171
4374	182	3908	39	42	0	4171
4375	90	146	16	4056	0	4308
4376	60	57	4161	177	0	4455
4377	25	45	162	4352	0	4584
4378	34	29	52	4665	0	4780
4379	32	25	35	4638	0	4730
4380	36	4457	24	239	0	4756
4381	38	176	9	4587	0	4810
4382	36	68	25	4774	0	4903
4383	38	59	4498	250	0	4845
4384	40	27	4569	122	0	4758
4385	4457	29	198	85	0	4769
4386	4638	20	85	67	0	4810
4387	234	20	44	4853	0	5151
4388	105	26	16	5105	0	5252
4389	75	30	17	5256	0	5378
4390	56	29	4724	379	0	5188
4391	37	4678	224	164	0	5103
4392	33	272	4741	109	0	5155
4393	4858	85	251	76	0	5270
4394	278	62	4769	67	0	5176
4395	4898	33	272	58	0	5261
4396	5008	16	93	46	0	5163
4397	5121	20	66	48	0	5255
4398	366	26	43	4620	0	5055
4399	150	32	4369	282	0	4833
4400	90	4490	238	119	0	4937
4401	57	248	92	4897	0	5294
4402	52	87	55	5131	0	5325
4403	56	64	4634	331	0	5085
4404	57	4828	237	156	0	5278
4405	4680	259	86	94	0	5119
4406	279	4899	63	47	0	5288
4407	5323	288	40	57	0	5708
4408	368	87	39	5244	0	5738
4409	152	70	4920	323	0	5465
4410	116	5172	284	129	0	5701
4411	5313	305	89	114	0	5821
4412	319	105	5116	80	0	5620
4413	5340	74	289	63	0	5766
4414	5613	32	112	75	0	5832
4415	392	42	5158	61	0	5653
4416	5332	36	316	39	0	5723
4417	5360	34	122	41	0	5557
4418	5123	24	86	44	0	5277
4419	443	4854	50	48	0	5395
4420	4857	314	49	35	0	5255
4421	371	4843	42	54	0	5310
4422	157	352	4630	57	0	5196
4423	102	4177	234	57	0	4570
4424	3200	209	42	30	0	3481
4425	3313	56	49	18	0	3436
4426	3369	53	23	14	0	3459
4427	280	19	18	3126	0	3443
4428	96	15	23	3363	0	3497
4429	3127	14	20	231	0	3392
4430	3327	21	17	90	0	3455
4431	266	14	21	3170	0	3471
4432	108	30	3029	191	0	3358
4433	73	3016	169	75	0	3333
4434	34	3793	67	57	0	3951
4435	37	228	43	3720	0	4028
4436	43	95	3629	194	0	3961
4437	40	48	184	3501	0	3773
4438	39	3633	72	199	0	3943
4439	40	197	45	3743	0	4025
4440	61	60	3671	214	0	4006
4441	47	48	187	3756	0	4038
4442	54	23	3675	236	0	3988
4443	46	27	228	3786	0	4087
4444	42	33	3719	245	0	4039
4445	33	40	3555	74	0	3702
4446	3393	31	215	49	0	3688
4447	3628	33	97	24	0	3782
4448	3651	22	69	24	0	3766
4449	285	3364	28	30	0	3707
4450	125	181	33	3706	0	4045
4451	3683	60	28	203	0	3974
4452	3852	38	30	74	0	3994
4453	3867	28	24	67	0	3986
4454	269	36	3555	49	0	3909
4455	108	3407	185	43	0	3743
4456	77	3787	77	34	0	3975
4457	3668	234	60	48	0	4010
4458	207	90	49	3705	0	4051
4459	3741	69	35	196	0	4041
4460	251	51	4013	61	0	4376
4461	117	26	171	3599	0	3913
4462	92	26	74	4089	0	4281
4463	71	35	46	3967	0	4119
4464	64	3845	41	245	0	4195
4465	3933	197	42	90	0	4262
4466	4046	82	37	61	0	4226
4467	270	3858	37	41	0	4206
4468	123	184	56	3985	0	4348
4469	4023	87	27	184	0	4321
4470	248	56	35	3991	0	4330
4471	3988	33	44	220	0	4285
4472	255	3848	27	84	0	4214
4473	3840	173	14	59	0	4086
4474	247	86	3570	33	0	3936
4475	102	3587	159	47	0	3895
4476	76	161	4390	41	0	4668
4477	53	63	172	4404	0	4692
4478	4348	53	56	152	0	4609
4479	4431	32	41	54	0	4558
4480	4440	28	41	57	0	4566
4481	236	21	27	4303	0	4587
4482	4410	27	20	162	0	4619
4483	224	19	20	4341	0	4604
4484	4356	22	16	207	0	4601
4485	4863	20	31	64	0	4978
4486	204	36	4623	70	0	4933
4487	81	32	4356	38	0	4507
4488	49	28	4054	19	0	4150
4489	27	22	80	3694	0	3823
4490	3863	13	44	65	0	3985
4491	78	14	25	3809	0	3926
4492	42	16	18	3874	0	3950
4493	3876	12	14	86	0	3988
4494	3819	17	11	53	0	3900
4495	3851	8	10	36	0	3905
4496	3891	5	18	26	0	3940
4497	93	13	14	3783	0	3903
4498	3849	11	27	67	0	3954
4499	73	3523	25	45	0	3666
4500	3863	62	18	36	0	3979
4501	3591	22	14	7	0	3634
4502	81	25	3308	14	0	3428
4503	3395	14	50	20	0	3479
4504	77	13	3313	25	0	3428
4505	35	12	3319	22	0	3388
4506	37	9	3400	24	0	3470
4507	0	2	2	2958	0	2962
4508	3	0	3064	2	0	3069
4509	0	0	2	2944	0	2946
4510	0	0	3081	2	0	3083
4511	3	1	3607	1	0	3612
4512	0	2	4	3523	0	3529
4513	0	0	0	3702	0	3702
4514	0	1	3863	2	0	3866
4515	3723	1	8	2	0	3734
4516	6	0	2	3954	0	3962
4517	3	0	0	3963	0	3966
4518	4004	0	3	9	0	4016
4519	7	2	0	3930	0	3939
4520	2	4	3914	9	0	3929
4521	0	4	3615	3	0	3622
4522	1	0	9	3873	0	3883
4523	3	3	3892	8	0	3906
4524	0	3609	18	5	0	3632
4525	0	8	2	3902	0	3912
4526	3941	2	0	10	0	3953
4527	6	4	3842	2	0	3854
4528	3831	1	8	2	0	3842
4529	5	0	2	4148	0	4155
4530	3	3	0	4105	0	4111
4531	1	0	1	4166	0	4168
4532	1	0	0	4152	0	4153
4533	4145	1	1	14	0	4161
4534	6	3475	6	3	0	3490
4535	2	6	0	3662	0	3670
4536	0	1	3	3644	0	3648
4537	3	1	0	3627	0	3631
4538	1	1	0	3622	0	3624
4539	3646	0	1	12	0	3659
4540	8	3444	8	9	0	3469
4541	3611	6	0	3	0	3620
4542	4	3434	7	4	0	3449
4543	3	3436	8	4	0	3451
4544	3616	9	0	4	0	3629
4545	9	6	3628	1	0	3644
4546	3	4	6	3680	0	3693
4547	4014	2	2	9	0	4027
4548	3918	0	0	9	0	3927
4549	3864	1	6	3	0	3874
4550	3804	0	3	4	0	3811
4551	28	3596	9	8	0	3641
4552	4034	21	2	7	0	4064
4553	4040	8	1	5	0	4054
4554	36	3819	5	6	0	3866
4555	11	28	0	3993	0	4032
4556	6	16	3906	26	0	3954
4557	5	2	26	3816	0	3849
4558	3824	2	12	34	0	3872
4559	30	7	4298	13	0	4348
4560	10	3703	55	6	0	3774
4561	4	48	3903	7	0	3962
4562	6	21	49	3457	0	3533
4563	3	3397	37	42	0	3479
4564	3693	50	7	11	0	3761
4565	44	3597	19	5	0	3665
4566	19	53	6	3650	0	3728
4567	4	21	5	3759	0	3789
4568	3677	9	4	72	0	3762
4569	57	6	4	3575	0	3642
4570	21	3506	7	50	0	3584
4571	3631	51	3	25	0	3710
4572	3620	23	3	13	0	3659
4573	65	3554	9	18	0	3646
4574	3686	47	5	15	0	3753
4575	54	4256	6	12	0	4328
4576	3393	60	3	7	0	3463
4577	62	3279	9	7	0	3357
4578	25	66	8	3114	0	3213
4579	12	23	2	3384	0	3421
4580	3349	16	1	60	0	3426
4581	3370	11	7	19	0	3407
4582	67	3617	7	17	0	3708
4583	27	83	3572	8	0	3690
4584	3686	20	68	15	0	3789
4585	80	19	18	3309	0	3426
4586	35	3290	18	64	0	3407
4587	19	80	6	3463	0	3568
4588	3453	32	8	78	0	3571
4589	3458	17	5	29	0	3509
4590	3495	15	5	16	0	3531
4591	99	9	5	3422	0	3535
4592	36	21	3284	85	0	3426
4593	3323	14	60	31	0	3428
4594	3407	9	20	18	0	3454
4595	3447	13	8	13	0	3481
4596	103	3284	14	17	0	3418
4597	43	72	14	3445	0	3574
4598	30	3475	13	80	0	3598
4599	31	86	10	3524	0	3651
4600	31	34	4	3598	0	3667
4601	33	22	4399	98	0	4552
4602	23	20	67	4970	0	5080
4603	25	20	23	5214	0	5282
4604	5460	17	12	155	0	5644
4605	123	5403	18	67	0	5611
4606	5488	114	18	30	0	5650
4607	5572	49	9	32	0	5662
4608	159	25	15	5493	0	5692
4609	86	25	5225	132	0	5468
4610	48	5153	115	62	0	5378
4611	40	4825	43	40	0	4948
4612	4631	153	21	36	0	4841
4613	127	4827	21	32	0	5007
4614	62	125	19	4599	0	4805
4615	39	69	12	4753	0	4873
4616	35	47	4505	159	0	4746
4617	45	43	4389	67	0	4544
4618	38	4497	133	47	0	4715
4619	43	120	54	4643	0	4860
4620	4531	56	23	128	0	4738
4621	119	33	24	4693	0	4869
4622	60	30	4519	137	0	4746
4623	44	42	116	4684	0	4886
4624	4596	36	48	140	0	4820
4625	4619	34	27	77	0	4757
4626	159	4574	30	49	0	4812
4627	4610	128	22	58	0	4818
4628	133	4382	21	66	0	4602
4629	4822	126	27	45	0	5020
4630	184	69	20	4784	0	5057
4631	99	49	4610	176	0	4934
4632	71	46	4950	91	0	5158
4633	60	5106	182	60	0	5408
4634	58	161	73	5174	0	5466
4635	62	84	40	5455	0	5641
4636	5370	51	29	227	0	5677
4637	5415	36	29	109	0	5589
4638	5420	57	29	57	0	5563
4639	229	51	20	5289	0	5589
4640	122	45	15	5411	0	5593
4641	91	36	25	5524	0	5676
4642	75	48	5156	246	0	5525
4643	59	57	5138	123	0	5377
4644	5150	36	196	85	0	5467
4645	5275	38	84	70	0	5467
4646	227	46	5071	73	0	5417
4647	4849	46	165	63	0	5123
4648	4852	39	81	79	0	5051
4649	222	35	4689	64	0	5010
4650	126	4687	154	68	0	5035
4651	81	148	86	5197	0	5512
4652	82	79	4849	187	0	5197
4653	67	4874	165	113	0	5219
4654	86	151	88	4625	0	4950
4655	70	4840	67	174	0	5151
4656	80	160	5151	98	0	5489
4657	81	85	5308	77	0	5551
4658	78	539	206	4872	0	5695
4659	4946	54	83	142	0	5225
4660	147	48	43	4959	0	5197
4661	5003	45	40	153	0	5241
4662	161	43	44	4957	0	5205
4663	85	57	4776	162	0	5080
4664	4828	43	127	114	0	5112
4665	154	48	5063	78	0	5343
4666	5202	40	151	69	0	5462
4667	147	37	89	4932	0	5205
4668	82	5075	50	169	0	5376
4669	68	114	50	5153	0	5385
4670	77	5157	48	166	0	5448
4671	65	140	49	4907	0	5161
4672	79	5165	49	149	0	5442
4673	5250	140	33	94	0	5517
4674	5277	74	34	75	0	5460
4675	4690	40	41	72	0	4843
4676	198	46	4519	63	0	4826
4677	113	35	152	4611	0	4911
4678	88	57	4463	141	0	4749
4679	78	4375	143	95	0	4691
4680	71	5416	87	70	0	5644
4681	5436	170	62	59	0	5727
4682	144	73	4888	36	0	5141
4683	81	4817	121	53	0	5072
4684	57	109	69	5003	0	5238
4685	4862	62	44	136	0	5104
4686	121	4892	56	82	0	5151
4687	5028	114	51	62	0	5255
4688	131	83	4813	55	0	5082
4689	80	40	104	4924	0	5148
4690	57	34	84	5020	0	5195
4691	58	27	54	5014	0	5153
4692	56	4834	58	168	0	5116
4693	64	108	50	5334	0	5556
4694	66	57	5263	144	0	5530
4695	57	35	121	5241	0	5454
4696	56	36	76	5376	0	5544
4697	69	25	53	5242	0	5389
4698	68	5058	48	150	0	5324
4699	73	95	37	5284	0	5489
4700	61	60	40	5299	0	5460
4701	39	4043	32	157	0	4271
4702	3591	64	21	56	0	3732
4703	63	3520	31	37	0	3651
4704	20	3143	21	22	0	3206
4705	13	63	19	3690	0	3785
4706	20	24	3575	52	0	3671
4707	3222	11	57	28	0	3318
4708	61	13	29	3607	0	3710
4709	35	8	3591	57	0	3691
4710	24	3442	54	30	0	3550
4711	15	49	28	3672	0	3764
4712	17	30	3603	54	0	3704
4713	13	18	53	3519	0	3603
4714	12	17	29	4084	0	4142
4715	4103	19	11	69	0	4202
4716	47	3895	20	35	0	3997
4717	4040	51	14	20	0	4125
4718	44	32	3952	14	0	4042
4719	26	3799	56	23	0	3904
4720	19	64	3957	21	0	4061
4721	22	24	48	3974	0	4068
4722	4095	9	29	56	0	4189
4723	53	13	11	4034	0	4111
4724	4086	7	18	62	0	4173
4725	4093	7	11	41	0	4152
4726	78	11	15	4357	0	4461
4727	36	17	4256	65	0	4374
4728	25	27	4178	32	0	4262
4729	7	6	18	3962	0	3993
4730	6	9	6	3963	0	3984
4731	4034	4	6	26	0	4070
4732	20	4	6	3483	0	3513
4733	6	3345	12	26	0	3389
4734	6	24	2	3514	0	3546
4735	10	6	1	3525	0	3542
4736	3502	5	5	22	0	3534
4737	24	3389	8	10	0	3431
4738	4	20	5	3502	0	3531
4739	5	4	3	3492	0	3504
4740	4	3389	8	26	0	3427
4741	7	23	0	3511	0	3541
4742	3	6	4	3496	0	3509
4743	4	3384	8	25	0	3421
4744	3	19	4	3519	0	3545
4745	1	7	3	3501	0	3512
4746	1	3378	12	33	0	3424
4747	2	21	6	3539	0	3568
4748	4032	10	6	31	0	4079
4749	3934	6	6	21	0	3967
4750	3935	5	4	15	0	3959
4751	3579	3	0	11	0	3593
4752	17	3445	5	7	0	3474
4753	3628	13	0	7	0	3648
4754	15	3765	3	10	0	3793
4755	8	3775	5	11	0	3799
4756	5	18	0	3598	0	3621
4757	6	16	3982	14	0	4018
4758	3794	6	79	12	0	3891
4759	4742	8	14	9	0	4773
4760	96	9	4679	10	0	4794
4761	4541	5	75	18	0	4639
4762	4939	5	16	10	0	4970
4763	96	4643	12	10	0	4761
4764	5284	81	1	17	0	5383
4765	88	21	4	4217	0	4330
4766	22	10	1	5046	0	5079
4767	16	3	0	5054	0	5073
4768	12	6	2	5080	0	5100
4769	5052	4	3	105	0	5164
4770	92	1	2	4963	0	5058
4771	24	6	1	5040	0	5071
4772	18	14	4879	97	0	5008
4773	4217	8	82	34	0	4341
4774	4882	9	14	16	0	4921
4775	4900	13	8	12	0	4933
4776	93	4695	12	21	0	4821
4777	29	4806	10	18	0	4863
4778	4962	95	4	8	0	5069
4779	87	23	6	4902	0	5018
4780	24	4080	9	89	0	4202
4781	17	84	4	4202	0	4307
4782	16	4055	6	88	0	4165
4783	4186	89	2	27	0	4304
4784	88	4074	6	19	0	4187
4785	25	94	1	4185	0	4305
4786	19	15	3	4268	0	4305
4787	16	20	4016	112	0	4164
4788	15	4217	91	40	0	4363
4789	13	94	16	4852	0	4975
4790	14	28	4690	115	0	4847
4791	16	22	4639	32	0	4709
4792	13	10	121	5424	0	5568
4793	28	13	32	5189	0	5262
4794	29	5091	30	175	0	5325
4795	23	5526	24	75	0	5648
4796	25	201	9	5608	0	5843
4797	5540	92	8	187	0	5827
4798	179	47	7	5645	0	5878
4799	6252	32	10	204	0	6498
4800	6399	20	7	96	0	6522
4801	6482	11	11	65	0	6569
4802	310	16	6132	44	0	6502
4803	6139	15	188	35	0	6377
4804	284	15	74	6260	0	6633
4805	122	11	36	6074	0	6243
4806	79	21	5650	289	0	6039
4807	39	26	5675	133	0	5873
4808	47	18	253	5666	0	5984
4809	49	5383	117	230	0	5779
4810	52	6259	76	110	0	6497
4811	32	259	54	6435	0	6780
4812	7311	119	30	241	0	7701
4813	226	79	18	7739	0	8062
4814	96	59	10	7365	0	7530
4815	73	7634	19	294	0	8020
4816	49	191	14	8347	0	8601
4817	53	90	7896	286	0	8325
4818	38	65	7591	156	0	7850
4819	7576	40	242	92	0	7950
4820	208	7819	106	74	0	8207
4821	8185	202	71	76	0	8534
4822	8298	85	73	55	0	8511
4823	302	65	55	7679	0	8101
4824	167	7940	38	190	0	8335
4825	105	228	41	8218	0	8592
4826	7993	91	26	215	0	8325
4827	222	8441	30	126	0	8819
4828	8805	235	19	80	0	9139
4829	237	8492	21	68	0	8818
4830	8902	234	11	76	0	9223
4831	8953	113	25	63	0	9154
4832	298	8358	26	63	0	8745
4833	140	206	14	8879	0	9239
4834	8937	100	20	230	0	9287
4835	272	77	8322	104	0	8775
4836	120	65	8412	110	0	8707
4837	79	38	254	8548	0	8919
4838	9121	31	119	224	0	9495
4839	270	39	63	9108	0	9480
4840	9221	33	50	295	0	9599
4841	301	49	8701	139	0	9190
4842	8766	48	223	97	0	9134
4843	9234	38	90	86	0	9448
4844	358	49	48	8959	0	9414
4845	168	64	42	9077	0	9351
4846	117	44	41	9199	0	9401
4847	93	8708	35	370	0	9206
4848	94	224	17	8606	0	8941
4849	48	114	23	8842	0	9027
4850	8557	71	23	377	0	9028
4851	8675	48	29	195	0	8947
4852	341	56	8285	120	0	8802
4853	8336	37	243	101	0	8717
4854	328	43	8047	90	0	8508
4855	7762	44	273	83	0	8162
4856	333	58	8097	79	0	8567
4857	140	35	7472	50	0	7697
4858	95	27	241	7265	0	7628
4859	86	22	7886	195	0	8189
4860	7039	25	208	122	0	7394
4861	186	22	125	8145	0	8478
4862	8156	25	79	225	0	8485
4863	8143	39	43	144	0	8369
4864	7856	38	40	91	0	8025
4865	7836	26	37	80	0	7979
4866	340	32	7427	68	0	7867
4867	201	29	164	7541	0	7935
4868	150	27	7501	196	0	7874
4869	121	28	182	7654	0	7985
4870	7571	26	122	238	0	7957
4871	212	29	90	7795	0	8126
4872	7999	30	60	247	0	8336
4873	243	21	52	8158	0	8474
4874	149	31	47	8298	0	8525
4875	8163	24	49	284	0	8520
4876	222	7754	57	172	0	8205
4877	8044	164	39	118	0	8365
4878	240	7816	39	99	0	8194
4879	150	207	33	8272	0	8662
4880	8339	112	32	210	0	8693
4881	253	73	8025	133	0	8484
4882	169	37	167	8265	0	8638
4883	8277	41	93	228	0	8639
4884	8292	34	69	156	0	8551
4885	309	30	49	8352	0	8740
4886	186	7956	73	227	0	8442
4887	138	8279	52	163	0	8632
4888	112	325	30	8099	0	8566
4889	8028	117	21	206	0	8372
4890	232	8003	42	148	0	8425
4891	155	8294	31	97	0	8577
4892	7639	198	18	64	0	7919
4893	179	7920	25	69	0	8193
4894	7751	153	16	29	0	7949
4895	160	77	23	7563	0	7823
4896	106	43	12	7628	0	7789
4897	70	7374	34	164	0	7642
4898	51	7895	25	107	0	8078
4899	7260	118	10	34	0	7422
4900	101	6980	29	33	0	7143
4901	54	7789	33	28	0	7904
4902	36	161	9	8049	0	8255
4903	8496	69	10	153	0	8728
4904	205	47	9183	78	0	9513
4905	9106	28	240	42	0	9416
4906	293	26	113	9894	0	10326
4907	154	34	9907	275	0	10370
4908	81	39	9907	146	0	10173
4909	57	28	387	10374	0	10846
4910	59	28	9882	358	0	10327
4911	9739	21	377	179	0	10316
4912	9396	20	192	99	0	9707
4913	464	29	8724	61	0	9278
4914	216	15	332	8692	0	9255
4915	113	21	176	8632	0	8942
4916	8247	19	93	441	0	8800
4917	354	27	53	7952	0	8386
4918	180	7954	65	368	0	8567
4919	8041	315	35	197	0	8588
4920	346	7888	46	134	0	8414
4921	191	8298	54	96	0	8639
4922	120	441	43	7977	0	8581
4923	89	208	26	8167	0	8490
4924	99	116	41	8500	0	8756
4925	80	90	7719	517	0	8406
4926	7440	64	314	263	0	8081
4927	324	7037	162	182	0	7705
4928	7326	322	86	127	0	7861
4929	7511	166	69	102	0	7848
4930	500	95	55	7073	0	7723
4931	257	7006	45	351	0	7659
4932	172	347	31	7258	0	7808
4933	131	153	33	7661	0	7978
4934	7280	109	33	514	0	7936
4935	7832	86	26	282	0	8226
4936	485	77	7570	193	0	8325
4937	7766	51	558	144	0	8519
4938	385	7616	143	106	0	8250
4939	7782	306	82	71	0	8241
4940	397	9082	79	75	0	9633
4941	219	398	61	9187	0	9865
4942	157	213	49	9415	0	9834
4943	123	9243	44	518	0	9928
4944	95	394	41	9595	0	10125
4945	81	207	34	9867	0	10189
4946	88	121	28	9588	0	9825
4947	85	9203	49	604	0	9941
4948	79	390	37	9535	0	10041
4949	83	215	26	9706	0	10030
4950	82	134	29	10012	0	10257
4951	77	128	8982	633	0	9820
4952	9116	97	331	376	0	9920
4953	376	79	9190	261	0	9906
4954	9410	66	395	200	0	10071
4955	445	63	8483	158	0	9149
4956	8643	53	436	110	0	9242
4957	8920	56	230	106	0	9312
4958	578	58	8431	113	0	9180
4959	321	79	380	8105	0	8885
4960	223	64	7911	411	0	8609
4961	8017	56	408	262	0	8743
4962	447	60	8143	192	0	8842
4963	238	69	8134	164	0	8605
4964	7996	67	528	154	0	8745
4965	444	7831	313	133	0	8721
4966	257	347	184	8223	0	9011
4967	8199	185	158	432	0	8974
4968	462	117	138	8212	0	8929
4969	285	100	98	8585	0	9068
4970	8272	94	93	608	0	9067
4971	8502	66	106	360	0	9034
4972	614	62	7663	263	0	8602
4973	348	63	7713	209	0	8333
4974	214	57	543	7870	0	8684
4975	207	62	7679	469	0	8417
4976	141	63	495	7840	0	8539
4977	146	58	293	7997	0	8494
4978	143	62	182	8332	0	8719
4979	7514	72	132	689	0	8407
4980	422	7854	136	439	0	8851
4981	8058	392	91	310	0	8851
4982	8101	206	82	275	0	8664
4983	597	7888	98	245	0	8828
4984	8149	414	82	197	0	8842
4985	536	244	7518	203	0	8501
4986	339	175	348	7966	0	8828
4987	8059	129	190	475	0	8853
4988	495	151	7786	305	0	8737
4989	7845	82	355	239	0	8521
4990	448	7443	211	247	0	8349
4991	8346	337	151	218	0	9052
4992	8487	185	137	165	0	8974
4993	626	7739	121	157	0	8643
4994	8404	377	132	127	0	9040
4995	620	222	81	8142	0	9065
4996	380	161	98	8484	0	9123
4997	8281	106	84	567	0	9038
4998	7690	99	71	347	0	8207
4999	592	7531	95	269	0	8487
5000	383	7918	65	249	0	8615
5001	211	412	89	7159	0	7871
5002	218	7140	78	407	0	7843
5003	158	7052	86	219	0	7515
5004	5724	284	60	100	0	6168
5005	257	5884	52	89	0	6282
5006	5249	212	31	68	0	5560
5007	215	5120	33	78	0	5446
5008	167	226	5031	66	0	5490
5009	91	4925	114	77	0	5207
5010	5017	165	68	67	0	5317
5011	4826	82	43	46	0	4997
5012	201	68	4617	60	0	4946
5013	125	28	139	4624	0	4916
5014	96	35	87	4858	0	5076
5015	81	29	4678	189	0	4977
5016	56	34	161	4709	0	4960
5017	43	28	4714	204	0	4989
5018	36	44	4577	147	0	4804
5019	4557	31	184	104	0	4876
5020	157	4612	110	69	0	4948
5021	4795	135	67	59	0	5056
5022	219	77	50	4717	0	5063
5023	147	71	4565	112	0	4895
5024	99	72	119	4490	0	4780
5025	84	4584	83	132	0	4883
5026	4719	132	62	95	0	5008
5027	4992	84	36	93	0	5205
5028	213	55	51	4949	0	5268
5029	135	45	4779	151	0	5110
5030	4828	41	114	93	0	5076
5031	165	4815	84	59	0	5123
5032	5080	124	48	46	0	5298
5033	183	99	44	4966	0	5292
5034	5074	72	42	129	0	5317
5035	225	47	15	4672	0	4959
5036	133	73	4015	171	0	4392
5037	120	45	4158	128	0	4451
5038	4196	38	154	118	0	4506
5039	188	4258	112	91	0	4649
5040	2999	46	26	29	0	3100
5041	2998	28	27	11	0	3064
5042	85	2633	13	15	0	2746
5043	2773	78	9	7	0	2867
5044	78	45	2622	18	0	2763
5045	49	35	45	2689	0	2818
5046	24	39	23	2723	0	2809
5047	36	25	13	3154	0	3228
5048	26	26	2961	84	0	3097
5049	24	31	3319	47	0	3421
5050	21	20	75	3353	0	3469
5051	13	3479	57	69	0	3618
5052	16	3644	31	39	0	3730
5053	3729	93	24	25	0	3871
5054	3704	36	22	21	0	3783
5055	97	3601	34	20	0	3752
5056	38	91	13	3737	0	3879
5057	35	34	9	3823	0	3901
5058	3741	24	17	107	0	3889
5059	88	22	13	3757	0	3880
5060	37	17	21	3808	0	3883
5061	35	12	28	3839	0	3914
5062	38	24	3636	114	0	3812
5063	32	39	3359	60	0	3490
5064	3663	12	88	50	0	3813
5065	95	6	42	3753	0	3896
5066	37	11	3686	98	0	3832
5067	28	24	3565	44	0	3661
5068	3800	19	97	29	0	3945
5069	103	25	3829	20	0	3977
5070	47	3756	103	29	0	3935
5071	32	74	43	3986	0	4135
5072	30	29	3854	84	0	3997
5073	4220	25	86	32	0	4363
5074	105	27	40	4385	0	4557
5075	46	29	4258	109	0	4442
5076	38	13	96	4326	0	4473
5077	32	23	37	4421	0	4513
5078	4408	8	29	136	0	4581
5079	104	4166	38	57	0	4365
5080	44	94	25	3994	0	4157
5081	4013	32	11	128	0	4184
5082	4057	32	20	52	0	4161
5083	4067	25	10	42	0	4144
5084	4088	17	7	41	0	4153
5085	155	19	14	3991	0	4179
5086	4007	13	13	107	0	4140
5087	4258	7	25	40	0	4330
5088	3792	9	20	48	0	3869
5089	3791	10	12	47	0	3860
5090	146	3583	21	49	0	3799
5091	41	2987	8	16	0	3052
5092	34	337	6	2783	0	3160
5093	26	3021	12	45	0	3104
5094	2825	46	2	11	0	2884
5095	48	3	0	2822	0	2873
5096	2818	11	2	46	0	2877
5097	2806	2	4	10	0	2822
5098	40	8	2	2785	0	2835
5099	12	6	2	2800	0	2820
5100	13	2701	10	44	0	2768
5101	2528	41	4	12	0	2585
5102	46	2452	6	19	0	2523
5103	2552	45	4	12	0	2613
5104	51	5	4	2542	0	2602
5105	11	11	2477	48	0	2547
5106	2505	6	43	14	0	2568
5107	2720	6	11	13	0	2750
5108	43	14	2544	10	0	2611
5109	20	14	2773	10	0	2817
5110	18	8	54	2771	0	2851
5111	2986	4	17	57	0	3064
5112	3362	3	13	20	0	3398
5113	3432	7	14	14	0	3467
5114	3415	4	4	17	0	3440
5115	105	3256	16	15	0	3392
5116	3406	71	7	14	0	3498
5117	101	24	2	3418	0	3545
5118	32	11	3	3474	0	3520
5119	24	12	10	3486	0	3532
5120	26	5	7	3541	0	3579
5121	3408	3	6	119	0	3536
5122	95	4	6	3853	0	3958
5123	27	14	3642	118	0	3801
5124	23	3	86	3810	0	3922
5125	23	5	30	3884	0	3942
5126	20	6	18	3864	0	3908
5127	19	7	10	3680	0	3716
5128	3514	8	9	137	0	3668
5129	98	3436	11	52	0	3597
5130	39	3537	18	37	0	3631
5131	38	114	9	3517	0	3678
5132	3482	42	6	106	0	3636
5133	3578	18	9	47	0	3652
5134	122	15	6	3568	0	3711
5135	54	17	3346	111	0	3528
5136	3467	10	84	46	0	3607
5137	106	12	26	3589	0	3733
5138	46	25	3386	114	0	3571
5139	3373	7	92	48	0	3520
5140	117	3438	30	33	0	3618
5141	3864	95	18	21	0	3998
5142	142	3969	15	29	0	4155
5143	56	132	8	3972	0	4168
5144	48	3934	11	129	0	4122
5145	37	136	4	4497	0	4674
5146	4187	46	11	170	0	4414
5147	130	3911	7	61	0	4109
5148	55	128	3839	45	0	4067
5149	40	38	120	3696	0	3894
5150	30	41	3908	153	0	4132
5151	28	14	125	3669	0	3836
5152	27	18	44	3900	0	3989
5153	23	11	4241	166	0	4441
5154	4041	19	117	81	0	4258
5155	129	15	4560	53	0	4757
5156	58	16	4480	33	0	4587
5157	42	4414	152	43	0	4651
5158	33	105	59	4611	0	4808
5159	17	55	27	5191	0	5290
5160	27	36	17	5156	0	5236
5161	19	20	16	5294	0	5349
5162	23	20	5013	194	0	5250
5163	4706	18	121	101	0	4946
5164	128	19	4981	73	0	5201
5165	56	8	135	5137	0	5336
5166	5076	14	45	150	0	5285
5167	118	4956	50	80	0	5204
5168	53	117	23	4969	0	5162
5169	4877	53	16	149	0	5095
5170	131	4664	25	80	0	4900
5171	70	4888	25	64	0	5047
5172	4930	160	21	32	0	5143
5173	106	4415	14	38	0	4573
5174	4461	118	20	31	0	4630
5175	123	4415	22	40	0	4600
5176	4813	119	16	40	0	4988
5177	4756	57	14	33	0	4860
5178	162	4660	28	31	0	4881
5179	82	119	12	4806	0	5019
5180	62	64	4583	128	0	4837
5181	4659	49	110	65	0	4883
5182	134	29	44	4697	0	4904
5183	59	4493	41	137	0	4730
5184	45	4694	28	80	0	4847
5185	30	143	15	4865	0	5053
5186	4803	70	21	141	0	5035
5187	127	51	4388	74	0	4640
5188	61	30	113	4591	0	4795
5189	42	25	59	4625	0	4751
5190	32	20	36	4729	0	4817
5191	36	17	23	4647	0	4723
5192	23	4449	39	198	0	4709
5193	24	106	25	4699	0	4854
5194	33	56	4451	169	0	4709
5195	31	53	4435	90	0	4609
5196	30	38	4495	62	0	4625
5197	24	38	167	4523	0	4752
5198	4548	32	77	146	0	4803
5199	123	28	4499	84	0	4734
5200	70	31	4509	63	0	4673
5201	50	20	161	4499	0	4730
5202	4568	24	77	146	0	4815
5203	128	4441	60	97	0	4726
5204	4587	118	47	68	0	4820
5205	156	69	32	4574	0	4831
5206	82	54	4659	145	0	4940
5207	61	37	135	4442	0	4675
5208	42	4535	68	170	0	4815
5209	4334	151	36	84	0	4605
5210	156	71	4494	64	0	4785
5211	58	4311	135	51	0	4555
5212	4206	103	49	36	0	4394
5213	105	47	43	4146	0	4341
5214	53	38	31	4270	0	4392
5215	4523	20	23	144	0	4710
5216	4557	17	22	78	0	4674
5217	4580	17	26	53	0	4676
5218	143	16	22	4421	0	4602
5219	66	4315	26	119	0	4526
5220	4485	93	22	54	0	4654
5221	113	4369	31	59	0	4572
5222	4124	103	14	30	0	4271
5223	115	3979	19	26	0	4139
5224	44	108	16	4093	0	4261
5225	4106	42	15	103	0	4266
5226	4107	30	6	50	0	4193
5227	4142	24	7	47	0	4220
5228	4144	24	12	30	0	4210
5229	4119	15	11	27	0	4172
5230	138	26	3947	17	0	4128
5231	74	14	83	3939	0	4110
5232	51	23	3958	89	0	4121
5233	33	37	3831	32	0	3933
5234	3968	20	95	32	0	4115
5235	4076	20	48	24	0	4168
5236	4047	22	33	16	0	4118
5237	127	21	15	3812	0	3975
5238	3875	20	10	89	0	3994
5239	129	3656	17	39	0	3841
5240	59	4160	16	28	0	4263
5241	32	3889	8	20	0	3949
5242	3773	67	5	15	0	3860
5243	59	3665	14	16	0	3754
5244	3791	45	7	5	0	3848
5245	3759	15	3	10	0	3787
5246	71	18	4167	3	0	4259
5247	29	11	82	4073	0	4195
5248	18	10	19	4378	0	4425
5249	4295	3	10	113	0	4421
5250	4044	3	10	32	0	4089
5251	119	4	4	3971	0	4098
5252	37	6	3870	105	0	4018
5253	29	16	3297	26	0	3368
5254	20	3	110	3414	0	3547
5255	19	7	26	3193	0	3245
5256	17	4	16	3281	0	3318
5257	3144	6	17	117	0	3284
5258	3180	3	15	44	0	3242
5259	108	2615	16	30	0	2769
5260	36	90	10	2681	0	2817
5261	31	19	3	2743	0	2796
5262	22	2648	9	113	0	2792
5263	23	100	7	2736	0	2866
5264	2714	21	6	124	0	2865
5265	105	14	5	2712	0	2836
5266	29	17	6	2804	0	2856
5267	2723	11	6	129	0	2869
5268	2752	7	7	47	0	2813
5269	2768	8	14	29	0	2819
5270	129	8	6	2687	0	2830
5271	49	12	2612	114	0	2787
5272	39	12	2596	37	0	2684
5273	26	10	2628	35	0	2699
5274	27	2601	109	29	0	2766
5275	2371	392	36	14	0	2813
5276	98	23	2312	13	0	2446
5277	2340	13	79	21	0	2453
5278	102	5	22	2366	0	2495
5279	2346	9	19	90	0	2464
5280	2395	5	21	30	0	2451
5281	103	2880	10	31	0	3024
5282	3026	85	10	24	0	3145
5283	3053	11	8	21	0	3093
5284	115	2886	10	22	0	3033
5285	36	81	8	3025	0	3150
5286	29	20	2914	98	0	3061
5287	20	13	80	2936	0	3049
5288	15	11	24	3065	0	3115
5289	3030	7	17	112	0	3166
5290	97	12	6	3332	0	3447
5291	36	3327	7	107	0	3477
5292	28	90	9	3354	0	3481
5293	20	23	11	3468	0	3522
5294	19	27	3248	120	0	3414
5295	21	3226	80	48	0	3375
5296	19	3386	22	33	0	3460
5297	3262	108	11	32	0	3413
5298	85	3359	13	30	0	3487
5299	30	94	7	3393	0	3524
5300	36	30	3616	108	0	3790
5301	26	3681	103	31	0	3841
5302	3780	123	25	20	0	3948
5303	138	26	12	3771	0	3947
5304	34	23	10	3944	0	4011
5305	24	24	3720	155	0	3923
5306	13	10	99	3443	0	3565
5307	14	10	31	3656	0	3711
5308	3540	26	24	126	0	3716
5309	3518	25	12	41	0	3596
5310	115	3191	9	53	0	3368
5311	3238	101	12	26	0	3377
5312	110	3096	16	36	0	3258
5313	39	115	7	2996	0	3157
5314	31	2983	21	103	0	3138
5315	30	2891	11	37	0	2969
5316	2862	125	8	27	0	3022
5317	2863	31	8	33	0	2935
5318	116	2791	16	24	0	2947
5319	2878	107	14	36	0	3035
5320	2909	26	18	36	0	2989
5321	3183	30	9	36	0	3258
5322	138	15	9	3343	0	3505
5323	3392	19	10	116	0	3537
5324	124	31	3187	47	0	3389
5325	3263	25	86	24	0	3398
5326	132	30	3210	26	0	3398
5327	43	26	97	3137	0	3303
5328	30	23	25	3355	0	3433
5329	39	28	3229	125	0	3421
5330	3190	35	94	34	0	3353
5331	3393	19	18	28	0	3458
5332	135	40	3329	19	0	3523
5333	56	17	94	3377	0	3544
5334	40	13	27	3496	0	3576
5335	27	22	19	3628	0	3696
5336	3513	13	14	138	0	3678
5337	3601	9	15	46	0	3671
5338	136	15	23	3326	0	3500
5339	53	3350	31	111	0	3545
5340	38	3067	23	52	0	3180
5341	2910	118	12	42	0	3082
5342	114	2965	18	48	0	3145
5343	55	3073	23	23	0	3174
5344	33	106	12	2637	0	2788
5345	41	28	2532	101	0	2702
5346	11	2019	45	18	0	2093
5347	13	43	8	2033	0	2097
5348	17	2044	7	49	0	2117
5349	13	45	5	2103	0	2166
5350	2073	11	9	46	0	2139
5351	43	2021	9	23	0	2096
5352	2113	40	5	22	0	2180
5353	2130	23	7	15	0	2175
5354	62	22	1986	6	0	2076
5355	2051	18	36	12	0	2117
5356	47	22	6	2087	0	2162
5357	11	28	2026	47	0	2112
5358	10	1979	39	33	0	2061
5359	14	45	14	2074	0	2147
5360	16	29	11	2119	0	2175
5361	2097	20	4	54	0	2175
5362	48	24	7	2093	0	2172
5363	20	17	7	2125	0	2169
5364	2082	21	9	50	0	2162
5365	48	2039	12	26	0	2125
5366	2112	50	8	21	0	2191
5367	65	21	2012	21	0	2119
5368	1926	14	44	24	0	2008
5369	64	15	2005	26	0	2110
5370	28	1966	46	22	0	2062
5371	2203	49	14	20	0	2286
5372	2200	19	13	25	0	2257
5373	67	14	2168	26	0	2275
5374	31	20	2420	28	0	2499
5375	44	16	2388	15	0	2463
5376	20	2380	54	23	0	2477
5377	24	54	9	2931	0	3018
5378	29	20	3233	51	0	3333
5379	27	28	3198	20	0	3273
5380	31	16	71	3489	0	3607
5381	38	11	2935	65	0	3049
5382	2851	20	63	19	0	2953
5383	3010	17	25	20	0	3072
5384	95	26	3091	10	0	3222
5385	54	3083	81	19	0	3237
5386	38	74	32	3221	0	3365
5387	32	28	2736	90	0	2886
5388	23	2687	85	33	0	2828
5389	35	75	35	2827	0	2972
5390	2794	21	25	70	0	2910
5391	2769	12	15	29	0	2825
5392	78	2719	14	25	0	2836
5393	28	72	12	2825	0	2937
5394	23	20	6	2859	0	2908
5395	17	12	10	2878	0	2917
5396	16	13	10	2899	0	2938
5397	13	13	2746	98	0	2870
5398	13	4	74	2809	0	2900
5399	14	14	2737	92	0	2857
5400	1	2260	42	24	0	2327
5401	2355	35	12	13	0	2415
5402	34	2312	20	8	0	2374
5403	8	44	3	2404	0	2459
5404	4	15	5	2440	0	2464
5405	2397	10	4	49	0	2460
5406	35	4	3	2365	0	2407
5407	10	2263	8	47	0	2328
5408	7	34	4	2420	0	2465
5409	4	13	5	2443	0	2465
5410	2400	8	4	51	0	2463
5411	39	9	2353	26	0	2427
5412	15	2301	36	13	0	2365
5413	9	2483	11	10	0	2513
5414	2	50	6	2525	0	2583
5415	2504	16	4	42	0	2566
5416	41	2405	6	18	0	2470
5417	13	36	3	2531	0	2583
5418	10	22	2424	38	0	2494
5419	2	9	37	2461	0	2509
5420	2510	6	10	50	0	2576
5421	2201	10	8	16	0	2235
5422	45	4	4	2074	0	2127
5423	2074	4	8	41	0	2127
5424	2045	8	2	18	0	2073
5425	50	7	1971	15	0	2043
5426	2000	3	38	10	0	2051
5427	47	1940	19	12	0	2018
5428	2073	40	5	7	0	2125
5429	50	16	1972	8	0	2046
5430	14	10	41	2375	0	2440
5431	2425	6	16	41	0	2488
5432	47	12	2697	17	0	2773
5433	20	6	2702	10	0	2738
5434	12	8	62	2744	0	2826
5435	9	7	2745	57	0	2818
5436	2785	2	58	17	0	2862
5437	58	3	2778	13	0	2852
5438	15	9	57	2950	0	3031
5439	15	3	14	3072	0	3104
5440	3810	3	20	83	0	3916
5441	118	5	3876	37	0	4036
5442	34	8	4322	23	0	4387
5443	17	5	149	4288	0	4459
5444	10	8	4338	133	0	4489
5445	4217	2	139	44	0	4402
5446	126	9	49	4218	0	4402
5447	39	8	4251	134	0	4432
5448	27	7	137	4202	0	4373
5449	18	7	50	4399	0	4474
5450	4362	2	30	170	0	4564
5451	140	11	4266	57	0	4474
5452	4210	4	141	37	0	4392
5453	147	13	4647	26	0	4833
5454	4645	6	134	28	0	4813
5455	5068	10	53	25	0	5156
5456	5100	7	25	26	0	5158
5457	195	4743	29	31	0	4998
5458	5080	140	21	14	0	5255
5459	5109	36	21	15	0	5181
5460	201	14	19	5014	0	5248
5461	71	15	4840	164	0	5090
5462	4837	11	145	46	0	5039
5463	187	21	5453	26	0	5687
5464	70	8	153	5455	0	5686
5465	41	14	47	5729	0	5831
5466	5610	5	26	182	0	5823
5467	174	5449	28	54	0	5705
5468	58	148	19	5580	0	5805
5469	33	37	28	5775	0	5873
5470	40	23	5569	202	0	5834
5471	23	11	154	5442	0	5630
5472	32	6	42	5681	0	5761
5473	27	12	25	5478	0	5542
5474	28	5141	29	196	0	5394
5475	5281	157	21	67	0	5526
5476	5276	41	16	66	0	5399
5477	195	4769	22	51	0	5037
5478	4542	132	22	22	0	4718
5479	146	28	13	4519	0	4706
5480	50	17	4426	148	0	4641
5481	34	4438	125	54	0	4651
5482	24	4682	39	33	0	4778
5483	5108	163	24	20	0	5315
5484	4899	39	17	26	0	4981
5485	155	26	17	4860	0	5058
5486	60	18	13	4943	0	5034
5487	34	12	15	5067	0	5128
5488	4944	8	20	163	0	5135
5489	149	19	4662	57	0	4887
5490	4842	15	125	38	0	5020
5491	154	9	32	4845	0	5040
5492	57	13	24	4874	0	4968
5493	38	5140	27	167	0	5372
5494	45	122	23	5334	0	5524
5495	32	35	24	5461	0	5552
5496	42	24	5117	187	0	5370
5497	33	5026	126	73	0	5258
5498	5076	126	34	49	0	5285
5499	4932	42	28	41	0	5043
5500	5385	20	19	51	0	5475
5501	5411	20	29	45	0	5505
5502	185	26	5138	40	0	5389
5503	5160	22	128	46	0	5356
5504	169	23	5153	40	0	5385
5505	74	20	137	5140	0	5371
5506	57	5058	65	138	0	5318
5507	57	127	27	5306	0	5517
5508	54	38	30	5791	0	5913
5509	51	31	5563	177	0	5822
5510	5440	30	130	73	0	5673
5511	5674	10	58	58	0	5800
5512	181	5252	68	56	0	5557
5513	65	144	5335	61	0	5605
5514	54	39	134	5519	0	5746
5515	56	34	5383	172	0	5645
5516	58	30	5362	73	0	5523
5517	47	32	154	5524	0	5757
5518	59	32	5445	159	0	5695
5519	62	21	142	5497	0	5722
5520	63	31	5436	165	0	5695
5521	55	15	163	5509	0	5742
5522	6145	21	58	188	0	6412
5523	6172	21	52	79	0	6324
5524	6167	34	35	56	0	6292
5525	6160	23	36	61	0	6280
5526	198	5829	49	53	0	6129
5527	81	132	32	6133	0	6378
5528	70	36	28	6279	0	6413
5529	59	33	6613	202	0	6907
5530	48	28	130	6259	0	6465
5531	55	30	6325	184	0	6594
5532	58	30	5601	80	0	5769
5533	5566	25	141	63	0	5795
5534	137	5623	53	69	0	5882
5535	5876	127	23	68	0	6094
5536	5834	43	27	67	0	5971
5537	148	5686	44	68	0	5946
5538	5628	120	33	49	0	5830
5539	151	46	5450	54	0	5701
5540	32	4595	63	20	0	4710
5541	4912	49	19	20	0	5000
5542	54	18	4564	20	0	4656
5543	5039	13	34	14	0	5100
5544	86	5027	15	17	0	5145
5545	5360	76	10	16	0	5462
5546	5292	23	15	9	0	5339
5547	86	5090	12	16	0	5204
5548	25	5159	13	11	0	5208
5549	17	5343	13	17	0	5390
5550	16	95	8	5454	0	5573
5551	15	23	6	5511	0	5555
5552	5456	9	11	94	0	5570
5553	5002	13	19	27	0	5061
5554	98	21	4913	20	0	5052
5555	21	17	4326	21	0	4385
5556	14	8	4546	12	0	4580
5557	7	7	65	4571	0	4650
5558	20	5	4686	57	0	4768
5559	10	7	57	4662	0	4736
5560	4744	1	19	61	0	4825
5561	61	24	5378	13	0	5476
5562	5309	4	50	15	0	5378
5563	5025	5	11	15	0	5056
5564	64	13	5429	10	0	5516
5565	16	5276	68	16	0	5376
5566	17	67	19	5610	0	5713
5567	12	16	5555	73	0	5656
5568	14	11	71	5369	0	5465
5569	18	5	16	5659	0	5698
5570	5541	10	19	76	0	5646
5571	74	11	9	5496	0	5590
5572	21	11	5440	82	0	5554
5573	14	9	74	5408	0	5505
5574	5529	12	11	84	0	5636
5575	76	5527	26	32	0	5661
5576	5933	72	10	21	0	6036
5577	83	18	13	5898	0	6012
5578	33	24	5718	78	0	5853
5579	22	24	5465	24	0	5535
5580	24	28	5392	17	0	5461
5581	9	5164	86	19	0	5278
5582	5389	64	19	20	0	5492
5583	57	4799	21	14	0	4891
5584	5049	59	13	5	0	5126
5585	64	4867	15	13	0	4959
5586	19	60	12	5007	0	5098
5587	14	13	10	4997	0	5034
5588	7	8	10	5011	0	5036
5589	6	4808	18	76	0	4908
5590	5	59	10	5185	0	5259
5591	11	11	7	6011	0	6040
5592	5971	8	13	116	0	6108
5593	107	10	4	5546	0	5667
5594	34	23	6084	116	0	6257
5595	6035	10	105	27	0	6177
5596	6344	9	22	18	0	6393
5597	124	6040	24	21	0	6209
5598	6401	115	12	20	0	6548
5599	6412	20	8	19	0	6459
5600	133	13	5	6280	0	6431
5601	45	14	3	6335	0	6397
5602	30	8	6	6510	0	6554
5603	6377	9	14	140	0	6540
5604	6421	4	13	38	0	6476
5605	138	24	6477	25	0	6664
5606	6510	17	106	22	0	6655
5607	6643	11	24	20	0	6698
5608	6444	8	13	21	0	6486
5609	158	11	6134	17	0	6320
5610	44	17	6016	14	0	6091
5611	39	11	136	6127	0	6313
5612	32	21	6502	119	0	6674
5613	30	17	122	6328	0	6497
5614	27	23	38	6148	0	6236
5615	24	6311	34	124	0	6493
5616	6552	122	19	40	0	6733
5617	127	33	6474	41	0	6675
5618	6250	16	116	40	0	6422
5619	148	15	32	6556	0	6751
5620	6532	17	21	138	0	6708
5621	157	6273	38	40	0	6508
5622	54	5980	26	38	0	6098
5623	33	137	22	6078	0	6270
5624	33	35	22	6136	0	6226
5625	38	26	5900	172	0	6136
5626	37	16	119	5963	0	6135
5627	5971	12	36	153	0	6172
5628	136	5724	37	61	0	5958
5629	61	127	5299	26	0	5513
5630	46	27	127	5291	0	5491
5631	47	24	5304	130	0	5505
5632	26	22	126	5653	0	5827
5633	51	24	5657	143	0	5875
5634	31	23	5465	64	0	5583
5635	28	11	162	5682	0	5883
5636	5733	11	46	162	0	5952
5637	5744	10	39	54	0	5847
5638	5708	26	29	42	0	5805
5639	168	5531	31	38	0	5768
5640	5746	133	30	34	0	5943
5641	5733	28	25	37	0	5823
5642	166	34	5341	38	0	5579
5643	44	4577	87	28	0	4736
5644	29	96	21	4788	0	4934
5645	4716	27	8	93	0	4844
5646	91	4485	32	41	0	4649
5647	4724	86	13	28	0	4851
5648	4740	28	21	20	0	4809
5649	4592	15	11	29	0	4647
5650	4640	9	14	18	0	4681
5651	113	20	13	4539	0	4685
5652	4595	12	18	94	0	4719
5653	100	15	10	4515	0	4640
5654	40	4320	23	102	0	4485
5655	26	78	16	4595	0	4715
5656	4560	17	23	108	0	4708
5657	105	23	4908	42	0	5078
5658	41	13	81	5018	0	5153
5659	5063	6	30	102	0	5201
5660	109	4886	27	37	0	5059
5661	4282	77	16	25	0	4400
5662	4272	28	18	25	0	4343
5663	119	4116	22	22	0	4279
5664	3682	72	14	17	0	3785
5665	87	25	3525	21	0	3658
5666	39	23	3461	16	0	3539
5667	3474	13	75	27	0	3589
5668	103	20	3508	13	0	3644
5669	32	23	65	3417	0	3537
5670	43	3459	21	62	0	3585
5671	3598	64	10	22	0	3694
5672	95	3418	28	13	0	3554
5673	45	3388	24	27	0	3484
5674	32	81	17	3574	0	3704
5675	36	20	21	3257	0	3334
5676	33	13	7	3207	0	3260
5677	33	24	11	3247	0	3315
5678	28	26	3104	99	0	3257
5679	41	9	67	3179	0	3296
5680	23	19	24	3296	0	3362
5681	3260	12	14	94	0	3380
5682	93	10	15	3227	0	3345
5683	41	17	3095	82	0	3235
5684	3085	27	61	36	0	3209
5685	91	21	16	3245	0	3373
5686	44	26	3261	81	0	3412
5687	37	21	68	3257	0	3383
5688	39	3293	33	75	0	3440
5689	3443	71	23	32	0	3569
5690	106	21	3433	18	0	3578
5691	23	2562	33	8	0	2626
5692	2696	24	13	13	0	2746
5693	41	2632	10	11	0	2694
5694	13	1922	3	9	0	1947
5695	1982	14	6	5	0	2007
5696	12	1902	12	14	0	1940
5697	16	1939	12	15	0	1982
5698	19	9	10	1986	0	2024
5699	12	7	1923	22	0	1964
5700	19	1979	16	12	0	2026
5701	24	16	5	2003	0	2048
5702	24	2006	14	11	0	2055
5703	2104	16	7	8	0	2135
5704	23	16	2035	11	0	2085
5705	25	11	11	1755	0	1802
5706	2310	13	10	12	0	2345
5707	21	9	7	2287	0	2324
5708	20	12	2246	16	0	2294
5709	2185	10	15	8	0	2218
5710	2257	12	6	13	0	2288
5711	24	2169	14	15	0	2222
5712	27	14	5	2018	0	2064
5713	15	13	7	2038	0	2073
5714	2048	5	7	17	0	2077
5715	2004	9	1	23	0	2037
5716	23	11	1965	15	0	2014
5717	17	2490	16	19	0	2542
5718	2551	56	8	19	0	2634
5719	55	21	7	2613	0	2696
5720	26	14	2513	71	0	2624
5721	13	17	2469	26	0	2525
5722	14	20	60	2603	0	2697
5723	2595	11	21	66	0	2693
5724	64	2504	27	25	0	2620
5725	2969	64	12	24	0	3069
5726	67	15	14	3499	0	3595
5727	22	16	15	3507	0	3560
5728	26	16	16	3568	0	3626
5729	3536	17	12	82	0	3647
5730	69	3441	19	27	0	3556
5731	27	62	14	3630	0	3733
5732	8	5	6	3303	0	3322
5733	7	7	3176	68	0	3258
5734	9	5	40	3184	0	3238
5735	6	10	3171	63	0	3250
5736	6	3053	53	22	0	3134
5737	4	49	8	3249	0	3310
5738	3240	8	9	62	0	3319
5739	48	10	3169	22	0	3249
5740	11	3	57	3210	0	3281
5741	7	10	3151	62	0	3230
5742	3109	8	51	14	0	3182
5743	57	9	3168	13	0	3247
5744	12	2	57	3164	0	3235
5745	3233	4	16	52	0	3305
5746	51	2945	30	21	0	3047
5747	3153	45	7	21	0	3226
5748	57	2963	21	6	0	3047
5749	18	51	5	3128	0	3202
5750	20	13	3049	56	0	3138
5751	13	18	3707	18	0	3756
5752	15	10	44	3825	0	3894
5753	3917	14	12	58	0	4001
5754	3857	7	12	20	0	3896
5755	54	12	10	3861	0	3937
5756	14	1	12	3961	0	3988
5757	3479	1	14	61	0	3555
5758	53	3247	17	22	0	3339
5759	19	3931	7	25	0	3982
5760	4345	108	6	17	0	4476
5761	109	39	4749	21	0	4918
5762	38	15	95	4743	0	4891
5763	18	16	4777	109	0	4920
5764	17	16	108	4828	0	4969
5765	10	16	5006	125	0	5157
5766	13	29	5541	42	0	5625
5767	16	6	135	5283	0	5440
5768	8	5304	76	99	0	5487
5769	5780	99	27	47	0	5953
5770	101	5888	40	24	0	6053
5771	41	140	18	6096	0	6295
5772	6153	52	16	128	0	6349
5773	128	22	25	6137	0	6312
5774	6141	19	17	157	0	6334
5775	6152	16	23	59	0	6250
5776	6182	14	20	42	0	6258
5777	175	5784	29	34	0	6022
5778	6205	117	32	33	0	6387
5779	160	40	17	6130	0	6347
5780	6307	29	18	151	0	6505
5781	169	19	14	6958	0	7160
5782	7436	29	14	233	0	7712
5783	7808	32	18	94	0	7952
5784	281	7522	23	59	0	7885
5785	117	212	18	8776	0	9123
5786	58	86	23	8737	0	8904
5787	64	8824	35	302	0	9225
5788	58	257	24	9290	0	9629
5789	9195	109	31	307	0	9642
5790	9117	41	20	135	0	9313
5791	9075	37	24	75	0	9211
5792	383	44	9214	66	0	9707
5793	9260	24	272	63	0	9619
5794	9830	29	87	61	0	10007
5795	9706	26	44	48	0	9824
5796	382	9209	44	50	0	9685
5797	164	257	27	9585	0	10033
5798	100	102	13	9933	0	10148
5799	84	52	20	9994	0	10150
5800	82	55	9247	400	0	9784
5801	73	31	262	9598	0	9964
5802	9483	37	79	349	0	9948
5803	318	38	45	9577	0	9978
5804	142	31	38	9748	0	9959
5805	101	41	9139	395	0	9676
5806	104	8593	261	175	0	9133
5807	9135	271	91	95	0	9592
5808	323	112	45	9091	0	9571
5809	9207	50	38	341	0	9636
5810	359	47	8949	166	0	9521
5811	8752	44	263	116	0	9175
5812	335	9647	129	84	0	10195
5813	162	290	9756	84	0	10292
5814	132	126	10184	75	0	10517
5815	91	606	339	9559	0	10595
5816	98	79	11626	305	0	12108
5817	76	10767	271	145	0	11259
5818	96	228	87	11619	0	12030
5819	82	108	40	11826	0	12056
5820	81	51	32	12075	0	12239
5821	11797	45	34	357	0	12233
5822	280	11291	51	182	0	11804
5823	141	249	38	11785	0	12213
5824	82	122	39	12068	0	12311
5825	11763	62	39	349	0	12213
5826	273	10920	43	178	0	11414
5827	11532	242	44	119	0	11937
5828	11601	99	45	116	0	11861
5829	11519	60	48	82	0	11709
5830	387	66	11520	83	0	12056
5831	189	38	230	11357	0	11814
5832	141	11151	132	273	0	11697
5833	139	11575	77	164	0	11955
5834	129	342	54	11348	0	11873
5835	94	11574	74	294	0	12036
5836	12312	282	45	193	0	12832
5837	304	162	11839	148	0	12453
5838	11835	80	247	145	0	12307
5839	12377	76	103	133	0	12689
5840	411	62	63	12794	0	13330
5841	12845	56	61	329	0	13291
5842	342	13008	85	195	0	13630
5843	13707	251	67	144	0	14169
5844	13779	135	65	125	0	14104
5845	15045	102	61	105	0	15313
5846	502	99	14766	113	0	15480
5847	276	107	14865	130	0	15378
5848	197	62	397	15201	0	15857
5849	162	14506	208	366	0	15242
5850	144	15303	137	236	0	15820
5851	146	399	85	15139	0	15769
5852	15037	217	65	393	0	15712
5853	385	108	75	15543	0	16111
5854	212	97	77	15840	0	16226
5855	15467	83	84	532	0	16166
5856	373	14544	119	319	0	15355
5857	246	361	14633	189	0	15429
5858	201	208	14302	180	0	14891
5859	14763	76	324	134	0	15297
5860	341	61	154	14170	0	14726
5861	203	73	13864	297	0	14437
5862	154	75	263	13613	0	14105
5863	136	67	131	13841	0	14175
5864	109	65	101	14190	0	14465
5865	112	70	99	13839	0	14120
5866	83	12626	111	416	0	13236
5867	112	272	64	13428	0	13876
5868	13143	151	69	360	0	13723
5869	275	12610	104	225	0	13214
5870	13450	246	88	159	0	13943
5871	13468	128	58	150	0	13804
5872	13826	99	69	130	0	14124
5873	360	131	12980	136	0	13607
5874	13400	75	228	134	0	13837
5875	13814	78	104	141	0	14137
5876	13819	75	68	119	0	14081
5877	13886	78	59	100	0	14123
5878	417	13413	57	110	0	13997
5879	14238	231	65	90	0	14624
5880	373	155	14028	98	0	14654
5881	142	78	152	13388	0	13760
5882	92	50	88	13191	0	13421
5883	12949	22	55	165	0	13191
5884	173	12609	43	110	0	12935
5885	12111	100	31	60	0	12302
5886	150	12020	52	44	0	12266
5887	11965	69	12	17	0	12063
5888	11895	35	5	14	0	11949
5889	88	12141	20	28	0	12277
5890	12720	99	3	11	0	12833
5891	12818	56	12	17	0	12903
5892	184	11459	26	20	0	11689
5893	85	12191	42	27	0	12345
5894	13129	196	17	11	0	13353
5895	209	92	6	14119	0	14426
5896	14180	65	6	226	0	14477
5897	14191	37	11	92	0	14331
5898	14085	20	4	68	0	14177
5899	14109	15	11	33	0	14168
5900	366	12988	42	37	0	13433
5901	159	13394	47	41	0	13641
5902	14211	262	17	18	0	14508
5903	275	158	13457	11	0	13901
5904	123	78	232	13581	0	14014
5905	62	42	94	14185	0	14383
5906	13959	27	52	330	0	14368
5907	245	13431	57	164	0	13897
5908	120	232	29	14005	0	14386
5909	75	98	10	14363	0	14546
5910	14312	72	14	352	0	14750
5911	274	56	11	14324	0	14665
5912	13595	43	18	324	0	13980
5913	13530	51	21	149	0	13751
5914	13229	39	27	106	0	13401
5915	421	31	17	13002	0	13471
5916	201	36	16	12249	0	12502
5917	156	56	14691	339	0	15242
5918	123	67	14031	169	0	14390
5919	14458	34	562	116	0	15170
5920	471	24	259	15637	0	16391
5921	280	47	16623	484	0	17434
5922	152	75	16877	237	0	17341
5923	110	31	736	17198	0	18075
5924	129	67	16912	567	0	17675
5925	83	63	619	16612	0	17377
5926	98	39	321	17334	0	17792
5927	90	62	17206	831	0	18189
5928	94	39	581	17456	0	18170
5929	75	41	323	17935	0	18374
5930	118	29	155	18382	0	18684
5931	102	88	16789	975	0	17954
5932	113	29	560	17943	0	18645
5933	17516	37	310	796	0	18659
5934	600	17090	174	454	0	18318
5935	17645	509	100	287	0	18541
5936	719	301	16727	175	0	17922
5937	17383	137	576	180	0	18276
5938	17485	75	312	160	0	18032
5939	17932	90	203	127	0	18352
5940	972	71	146	16934	0	18123
5941	514	52	149	17636	0	18351
5942	310	109	14906	896	0	16221
5943	15277	42	593	507	0	16419
5944	699	15302	369	324	0	16694
5945	334	14038	210	240	0	14822
5946	189	14791	169	215	0	15364
5947	147	706	136	14322	0	15311
5948	14070	333	127	673	0	15203
5949	14454	182	137	384	0	15157
5950	805	139	13490	284	0	14718
5951	440	102	546	13942	0	15030
5952	254	93	294	14464	0	15105
5953	227	115	13030	868	0	14240
5954	209	107	12964	484	0	13764
5955	13144	53	762	333	0	14292
5956	623	13060	420	262	0	14365
5957	13796	501	220	265	0	14782
5958	14212	256	196	227	0	14891
5959	859	157	157	13550	0	14723
5960	529	106	141	14205	0	14981
5961	13849	110	166	830	0	14955
5962	747	83	134	14004	0	14968
5963	453	92	140	14378	0	15063
5964	13859	87	122	919	0	14987
5965	712	68	140	14173	0	15093
5966	14022	59	128	835	0	15044
5967	14347	65	171	518	0	15101
5968	899	110	13087	405	0	14501
5969	13840	83	600	331	0	14854
5970	13637	94	349	318	0	14398
5971	13959	98	251	282	0	14590
5972	1013	108	11567	272	0	12960
5973	12771	70	572	252	0	13665
5974	807	12481	340	292	0	13920
5975	13127	517	215	298	0	14157
5976	13441	265	205	255	0	14166
5977	946	131	183	12805	0	14065
5978	614	85	160	12774	0	13633
5979	385	12226	165	961	0	13737
5980	396	520	155	12361	0	13432
5981	329	303	159	12854	0	13645
5982	12228	153	150	943	0	13474
5983	777	115	140	12487	0	13519
5984	569	102	132	12543	0	13346
5985	386	90	154	12374	0	13004
5986	339	11228	172	1058	0	12797
5987	11153	524	182	632	0	12491
5988	788	11454	170	451	0	12863
5989	10978	565	138	343	0	12024
5990	753	304	10070	359	0	11486
5991	10635	188	532	304	0	11659
5992	767	156	9905	336	0	11164
5993	492	9733	519	293	0	11037
5994	9570	418	295	258	0	10541
5995	8316	259	193	240	0	9008
5996	687	7922	119	275	0	9003
5997	434	8421	158	222	0	9235
5998	8449	504	121	214	0	9288
5999	8633	290	141	193	0	9257
6000	759	164	95	8304	0	9322
6001	491	161	80	8719	0	9451
6002	366	163	7734	629	0	8892
6003	8413	130	346	386	0	9275
6004	607	115	236	8060	0	9018
6005	465	8092	135	487	0	9179
6006	352	368	76	9041	0	9837
6007	289	240	75	9319	0	9923
6008	226	170	8338	749	0	9483
6009	256	115	345	9248	0	9964
6010	8377	132	225	605	0	9339
6011	481	8097	116	414	0	9108
6012	401	8527	71	284	0	9283
6013	8545	538	104	205	0	9392
6014	8755	315	72	214	0	9356
6015	8563	172	100	190	0	9025
6016	770	7926	101	181	0	8978
6017	227	4758	61	88	0	5134
6018	5680	226	41	86	0	6033
6019	5744	145	65	101	0	6055
6020	362	4983	63	77	0	5485
6021	59	3396	12	35	0	3502
6022	3419	116	7	20	0	3562
6023	108	52	7	3387	0	3554
6024	3438	37	4	91	0	3570
6025	130	19	5	3322	0	3476
6026	61	3181	16	95	0	3353
6027	50	2586	5	43	0	2684
6028	2659	108	12	22	0	2801
6029	2716	53	7	20	0	2796
6030	2374	16	1	12	0	2403
6031	137	2260	5	12	0	2414
6032	41	81	1998	7	0	2127
6033	17	2159	69	3	0	2248
6034	2191	88	16	1	0	2296
6035	2247	26	6	3	0	2282
6036	112	21	2091	0	0	2224
6037	43	2126	76	4	0	2249
6038	20	80	22	2159	0	2281
6039	15	26	11	1848	0	1900
6040	11	1790	10	89	0	1900
6041	15	84	1775	32	0	1906
6042	1854	30	74	15	0	1973
6043	85	15	26	1878	0	2004
6044	1898	11	10	87	0	2006
6045	1930	16	7	34	0	1987
6046	108	4	5	2027	0	2144
6047	49	10	2	2092	0	2153
6048	29	3	8	2117	0	2157
6049	23	11	2	2136	0	2172
6050	2024	10	6	136	0	2176
6051	2103	4	3	52	0	2162
6052	127	13	1942	26	0	2108
6053	53	4	83	2013	0	2153
6054	28	4	25	2095	0	2152
6055	17	5	13	2152	0	2187
6056	14	17	1949	149	0	2129
6057	18	7	89	1925	0	2039
6058	1866	7	29	132	0	2034
6059	113	6	16	1921	0	2056
6060	56	8	1827	123	0	2014
6061	33	10	101	1920	0	2064
6062	26	12	2165	127	0	2330
6063	2238	6	106	74	0	2424
6064	104	4	33	2330	0	2471
6065	2288	4	28	288	0	2608
6066	2326	8	12	281	0	2627
6067	150	6	23	2512	0	2691
6068	2338	7	8	374	0	2727
6069	277	8	33	2336	0	2654
6070	233	2355	33	196	0	2817
6071	2739	85	158	119	0	3101
6072	2800	31	53	203	0	3087
6073	2778	12	55	233	0	3078
6074	170	7	59	2872	0	3108
6075	86	8	139	2867	0	3100
6076	64	7	49	3007	0	3127
6077	183	12	2540	253	0	2988
6078	70	2549	146	262	0	3027
6079	70	97	177	2769	0	3113
6080	86	40	2587	297	0	3010
6081	2618	20	265	155	0	3058
6082	279	11	110	2716	0	3116
6083	132	11	2573	315	0	3031
6084	2814	6	133	127	0	3080
6085	338	8	39	3376	0	3761
6086	147	7	26	3575	0	3755
6087	236	24	16	3500	0	3776
6088	3382	24	22	351	0	3779
6089	3432	139	25	159	0	3755
6090	3575	49	18	82	0	3724
6091	362	3151	45	92	0	3650
6092	278	3286	28	93	0	3685
6093	3416	101	14	240	0	3771
6094	188	42	3167	271	0	3668
6095	109	28	131	3484	0	3752
6096	38	28	172	3523	0	3761
6097	3294	125	74	253	0	3746
6098	3302	48	62	233	0	3645
6099	183	3191	209	92	0	3675
6100	222	136	68	3344	0	3770
6101	99	47	3258	299	0	3703
6102	117	31	3779	123	0	4050
6103	211	18	170	3735	0	4134
6104	100	11	72	4049	0	4232
6105	3838	7	66	359	0	4270
6106	198	12	18	3549	0	3777
6107	3467	14	14	265	0	3760
6108	3551	25	18	157	0	3751
6109	370	65	3899	94	0	4428
6110	4162	176	106	46	0	4490
6111	4177	183	65	42	0	4467
6112	4352	77	47	55	0	4531
6113	213	3927	163	100	0	4403
6114	122	3874	61	235	0	4292
6115	117	106	38	4163	0	4424
6116	206	49	3857	218	0	4330
6117	218	3788	112	141	0	4259
6118	93	149	34	3031	0	3307
6119	90	52	55	3093	0	3290
6120	88	2831	179	92	0	3190
6121	3016	66	173	99	0	3354
6122	3002	17	96	218	0	3333
6123	95	11	2980	210	0	3296
6124	3041	10	55	146	0	3252
6125	121	12	2918	244	0	3295
6126	2903	15	48	130	0	3096
6127	283	9	2875	64	0	3231
6128	137	2682	97	54	0	2970
6129	251	32	35	2863	0	3181
6130	256	41	27	2867	0	3191
6131	3069	71	22	40	0	3202
6132	2961	148	23	37	0	3169
6133	2888	112	39	35	0	3074
6134	66	75	2819	172	0	3132
6135	41	79	152	2864	0	3136
6136	38	170	66	2926	0	3200
6137	2912	60	44	203	0	3219
6138	49	2791	60	81	0	2981
6139	2900	187	10	65	0	3162
6140	141	54	32	2878	0	3105
6141	192	35	48	2854	0	3129
6142	97	40	147	2887	0	3171
6143	162	6	68	3236	0	3472
6144	114	10	116	3202	0	3442
6145	180	3033	92	65	0	3370
6146	2	2871	0	10	0	2883
6147	2	2875	8	7	0	2892
6148	3	12	0	3050	0	3065
6149	2	14	2933	11	0	2960
6150	2775	6	8	4	0	2793
6151	10	2900	8	7	0	2925
6152	7	10	2	3017	0	3036
6153	5	3	1	3038	0	3047
6154	3023	4	2	15	0	3044
6155	2902	4	1	9	0	2916
6156	2812	0	2	10	0	2824
6157	14	0	1	2946	0	2961
6158	12	1	2953	13	0	2979
6159	9	8	2830	7	0	2854
6160	6	3	11	2937	0	2957
6161	1	9	2923	15	0	2948
6162	2535	0	16	5	0	2556
6163	11	1	5	2628	0	2645
6164	6	3	2626	13	0	2648
6165	7	2	11	2572	0	2592
6166	5	4	2605	14	0	2628
6167	2	6	2515	10	0	2533
6168	1	2	16	2565	0	2584
6169	3	10	2684	14	0	2711
6170	2	5	2435	9	0	2451
6171	2	1851	46	14	0	1913
6172	2	20	13	2831	0	2866
6173	3429	10	15	17	0	3471
6174	19	7	6	3360	0	3392
6175	8	5	1	3446	0	3460
6176	13	7	3778	32	0	3830
6177	3429	0	22	22	0	3473
6178	20	1	7	3906	0	3934
6179	8	1	9	3916	0	3934
6180	3878	2	9	30	0	3919
6181	24	1	7	3920	0	3952
6182	3884	0	71	38	0	3993
6183	3800	3	277	19	0	4099
6184	3850	67	203	14	0	4134
6185	36	3257	18	79	0	3390
6186	3387	26	2	203	0	3618
6187	253	3075	3	86	0	3417
6188	25	23	19	3539	0	3606
6189	3298	15	88	244	0	3645
6190	98	3097	234	25	0	3454
6191	3497	23	26	101	0	3647
6192	54	3093	16	304	0	3467
6193	3269	38	30	260	0	3597
6194	256	3278	104	111	0	3749
6195	111	3534	72	237	0	3954
6196	329	3665	5	62	0	4061
6197	346	35	6	3699	0	4086
6198	299	3627	18	67	0	4011
6199	86	266	1	3753	0	4106
6200	174	100	30	3719	0	4023
6201	63	226	56	3734	0	4079
6202	141	25	1	3831	0	3998
6203	3764	73	3	147	0	3987
6204	3622	248	4	83	0	3957
6205	339	91	3352	47	0	3829
6206	3571	253	18	69	0	3911
6207	3989	99	12	25	0	4125
6208	3803	293	8	9	0	4113
6209	105	344	3287	13	0	3749
6210	72	303	3445	86	0	3906
6211	3516	132	51	222	0	3921
6212	76	305	3486	122	0	3989
6213	55	3644	63	364	0	4126
6214	69	102	24	4240	0	4435
6215	3996	93	15	361	0	4465
6216	4417	55	14	273	0	4759
6217	4699	95	9	23	0	4826
6218	362	46	77	4348	0	4833
6219	115	88	231	4413	0	4847
6220	320	102	4235	84	0	4741
6221	324	59	47	4294	0	4724
6222	253	32	92	4455	0	4832
6223	4404	60	310	116	0	4890
6224	131	4165	265	127	0	4688
6225	4633	51	85	106	0	4875
6226	102	87	229	4458	0	4876
6227	4429	236	22	183	0	4870
6228	4474	18	19	256	0	4767
6229	4453	8	51	31	0	4543
6230	432	4126	74	19	0	4651
6231	365	4204	41	79	0	4689
6232	125	80	16	5686	0	5907
6233	5454	25	109	306	0	5894
6234	69	31	322	5378	0	5800
6235	69	22	69	5665	0	5825
6236	170	11	5232	329	0	5742
6237	265	101	102	5228	0	5696
6238	113	296	13	6080	0	6502
6239	282	22	26	6161	0	6491
6240	178	16	6082	338	0	6614
6241	406	18	5776	74	0	6274
6242	394	5758	81	76	0	6309
6243	6082	128	23	110	0	6343
6244	81	303	43	5847	0	6274
6245	35	243	5778	164	0	6220
6246	109	24	42	5932	0	6107
6247	296	5	12	6651	0	6964
6248	7171	30	11	372	0	7584
6249	7025	74	75	269	0	7443
6250	136	6607	240	127	0	7110
6251	7099	51	16	347	0	7513
6252	7120	30	14	304	0	7468
6253	152	24	82	7744	0	8002
6254	93	43	7631	94	0	7861
6255	32	7018	306	36	0	7392
6256	7580	313	28	75	0	7996
6257	7825	28	15	118	0	7986
6258	127	7100	112	145	0	7484
6259	34	57	248	8238	0	8577
6260	8120	18	57	387	0	8582
6261	8088	32	67	147	0	8334
6262	199	29	24	8155	0	8407
6263	8282	70	17	200	0	8569
6264	8057	217	57	93	0	8424
6265	8773	17	91	64	0	8945
6266	319	69	9714	89	0	10191
6267	94	9665	241	231	0	10231
6268	115	10184	256	67	0	10622
6269	10205	202	21	17	0	10445
6270	196	10122	19	23	0	10360
6271	66	236	9974	19	0	10295
6272	50	61	169	9674	0	9954
6273	9379	44	42	195	0	9660
6274	212	23	29	9433	0	9697
6275	10762	26	17	219	0	11024
6276	10383	34	15	61	0	10493
6277	10301	28	12	58	0	10399
6278	278	9541	46	34	0	9899
6279	97	11254	41	45	0	11437
6280	11861	232	17	43	0	12153
6281	11805	75	21	35	0	11936
6282	11902	56	16	34	0	12008
6283	287	35	14	11728	0	12064
6284	11730	29	16	225	0	12000
6285	260	11125	32	70	0	11487
6286	100	11569	18	55	0	11742
6287	76	233	16	11761	0	12086
6288	61	104	11290	214	0	11669
6289	62	77	10901	75	0	11115
6290	63	30	219	11417	0	11729
6291	55	47	11453	215	0	11770
6292	45	30	205	11523	0	11803
6293	11738	28	52	250	0	12068
6294	242	32	49	11245	0	11568
6295	11252	35	24	255	0	11566
6296	250	10674	50	94	0	11068
6297	113	221	11590	66	0	11990
6298	84	66	198	11306	0	11654
6299	47	59	70	12212	0	12388
6300	53	56	12114	270	0	12493
6301	56	44	197	11828	0	12125
6302	53	11534	81	257	0	11925
6303	61	206	53	12169	0	12489
6304	50	76	32	12241	0	12399
6305	63	51	28	12242	0	12384
6306	61	41	11708	298	0	12108
6307	67	74	10634	142	0	10917
6308	10616	39	244	119	0	11018
6309	220	44	11027	50	0	11341
6310	70	11217	219	68	0	11574
6311	12286	181	60	50	0	12577
6312	195	11475	80	59	0	11809
6313	12149	202	37	46	0	12434
6314	12047	66	28	53	0	12194
6315	12622	55	42	50	0	12769
6316	12318	36	37	43	0	12434
6317	272	11378	66	56	0	11772
6318	113	11727	48	47	0	11935
6319	12348	213	37	40	0	12638
6320	247	116	11641	34	0	12038
6321	109	69	177	11749	0	12104
6322	79	56	72	12291	0	12498
6323	81	60	11830	236	0	12207
6324	10961	45	190	109	0	11305
6325	12328	44	66	71	0	12509
6326	12197	40	55	57	0	12349
6327	281	11598	48	61	0	11988
6328	12330	206	32	44	0	12612
6329	263	74	41	11933	0	12311
6330	104	11748	59	203	0	12114
6331	13287	211	42	93	0	13633
6332	12383	97	50	81	0	12611
6333	13268	78	39	52	0	13437
6334	386	50	37	13031	0	13504
6335	193	57	36	13117	0	13403
6336	124	12383	72	345	0	12924
6337	107	285	12376	155	0	12923
6338	106	108	239	12022	0	12475
6339	114	77	96	12008	0	12295
6340	89	56	71	12638	0	12854
6341	114	56	12005	392	0	12567
6342	11641	51	260	185	0	12137
6343	323	44	100	12910	0	13377
6344	158	61	12646	329	0	13194
6345	124	65	270	12821	0	13280
6346	12867	43	112	357	0	13379
6347	320	13559	104	188	0	14171
6348	153	315	50	13755	0	14273
6349	107	124	13265	389	0	13885
6350	12815	78	330	190	0	13413
6351	13691	51	123	136	0	14001
6352	426	66	13224	121	0	13837
6353	179	51	339	12119	0	12688
6354	111	12465	167	313	0	13056
6355	13174	310	97	163	0	13744
6356	371	130	12582	127	0	13210
6357	12683	78	366	97	0	13224
6358	447	52	12696	104	0	13299
6359	181	67	11818	76	0	12142
6360	11898	45	337	102	0	12382
6361	306	11735	191	92	0	12324
6362	170	297	11854	71	0	12392
6363	127	11794	312	94	0	12327
6364	113	311	11933	83	0	12440
6365	80	11075	294	97	0	11546
6366	10320	180	84	49	0	10633
6367	185	62	10001	45	0	10293
6368	91	70	9793	36	0	9990
6369	58	38	9567	37	0	9700
6370	9753	30	222	30	0	10035
6371	10086	18	95	40	0	10239
6372	197	23	55	9851	0	10126
6373	90	45	9793	142	0	10070
6374	49	40	9382	79	0	9550
6375	8753	32	202	39	0	9026
6376	175	14	90	8956	0	9235
6377	8996	24	61	147	0	9228
6378	9097	12	55	63	0	9227
6379	210	14	55	7535	0	7814
6380	94	7359	72	150	0	7675
6381	71	135	51	7680	0	7937
6382	63	63	46	7790	0	7962
6383	77	48	7418	196	0	7739
6384	51	7018	180	121	0	7370
6385	43	7404	123	62	0	7632
6386	53	193	69	7526	0	7841
6387	59	88	7412	165	0	7724
6388	45	6963	199	111	0	7318
6389	52	173	7335	72	0	7632
6390	7248	74	215	45	0	7582
6391	7636	70	96	53	0	7855
6392	220	60	7388	47	0	7715
6393	7434	47	186	60	0	7727
6394	203	34	117	7421	0	7775
6395	96	7478	122	148	0	7844
6396	105	160	75	7984	0	8324
6397	7193	74	76	168	0	7511
6398	7203	40	64	100	0	7407
6399	7801	29	82	66	0	7978
6400	7483	47	82	53	0	7665
6401	243	7706	85	62	0	8096
6402	123	8073	87	61	0	8344
6403	8357	180	67	56	0	8660
6404	218	101	8037	46	0	8402
6405	134	57	186	8242	0	8619
6406	96	8777	120	183	0	9176
6407	79	205	81	8668	0	9033
6408	71	8660	77	213	0	9021
6409	73	209	89	9000	0	9371
6410	87	99	7774	203	0	8163
6411	7608	91	226	92	0	8017
6412	8042	68	113	72	0	8295
6413	246	81	7833	56	0	8216
6414	7902	65	215	56	0	8238
6415	7661	50	141	50	0	7902
6416	293	54	7379	41	0	7767
6417	150	28	239	7306	0	7723
6418	8878	47	127	188	0	9240
6419	265	51	8658	91	0	9065
6420	136	45	227	8530	0	8938
6421	125	53	9059	200	0	9437
6422	80	61	8638	116	0	8895
6423	9062	54	242	65	0	9423
6424	9583	45	111	69	0	9808
6425	9482	41	89	69	0	9681
6426	9567	51	73	59	0	9750
6427	286	61	73	9205	0	9625
6428	139	8639	100	189	0	9067
6429	105	9125	71	105	0	9406
6430	81	192	60	9101	0	9434
6431	8856	74	45	146	0	9121
6432	208	8355	60	75	0	8698
6433	57	7959	49	36	0	8101
6434	8244	159	31	27	0	8461
6435	165	47	24	8149	0	8385
6436	8259	27	33	146	0	8465
6437	170	7837	24	60	0	8091
6438	8291	142	27	36	0	8496
6439	174	56	9370	26	0	9626
6440	11483	29	158	35	0	11705
6441	12040	26	57	31	0	12154
6442	12208	29	37	29	0	12303
6443	399	39	10662	11	0	11111
6444	11614	23	252	15	0	11904
6445	366	11183	114	28	0	11691
6446	144	293	11483	16	0	11936
6447	85	77	267	10393	0	10822
6448	58	52	97	10518	0	10725
6449	43	10426	83	317	0	10869
6450	47	268	35	10910	0	11260
6451	39	97	28	11262	0	11426
6452	33	75	10599	372	0	11079
6453	9769	31	295	170	0	10265
6454	309	46	10725	102	0	11182
6455	108	24	329	10631	0	11092
6456	71	26	10796	307	0	11200
6457	53	18	338	11461	0	11870
6458	12206	23	144	374	0	12747
6459	12452	24	107	152	0	12735
6460	450	9	56	12351	0	12866
6461	177	31	12549	411	0	13168
6462	117	16	367	12915	0	13415
6463	93	46	12478	457	0	13074
6464	12285	13	407	188	0	12893
6465	13022	18	153	141	0	13334
6466	12594	21	106	91	0	12812
6467	12388	36	78	81	0	12583
6468	528	11625	86	78	0	12317
6469	232	335	54	12461	0	13082
6470	12056	116	58	409	0	12639
6471	430	11469	62	153	0	12114
6472	203	12069	60	127	0	12459
6473	154	478	11400	82	0	12114
6474	12003	162	377	71	0	12613
6475	12721	111	123	56	0	13011
6476	528	98	11898	56	0	12580
6477	251	56	399	11742	0	12448
6478	181	44	146	12619	0	12990
6479	159	57	11996	462	0	12674
6480	135	42	402	12214	0	12793
6481	12324	45	188	489	0	13046
6482	455	54	11812	213	0	12534
6483	211	44	12014	161	0	12430
6484	11936	47	491	112	0	12586
6485	472	57	11935	105	0	12569
6486	11935	35	486	74	0	12530
6487	512	11528	233	100	0	12373
6488	12293	370	153	77	0	12893
6489	518	134	128	11918	0	12698
6490	225	88	93	12481	0	12887
6491	12268	83	85	520	0	12956
6492	476	77	91	12378	0	13022
6493	12359	66	74	524	0	13023
6494	500	12517	108	228	0	13353
6495	265	390	75	12176	0	12906
6496	173	142	91	13014	0	13420
6497	12604	109	73	559	0	13345
6498	12620	83	93	267	0	13063
6499	12118	57	72	221	0	12468
6500	619	11050	100	154	0	11923
6501	331	11221	78	137	0	11767
6502	11520	435	73	137	0	12165
6503	534	203	10572	124	0	11433
6504	286	10859	400	130	0	11675
6505	11163	380	160	104	0	11807
6506	11415	144	110	90	0	11759
6507	11632	130	89	68	0	11919
6508	627	87	79	11008	0	11801
6509	11383	68	82	417	0	11950
6510	11560	84	67	173	0	11884
6511	607	66	46	11088	0	11807
6512	11456	53	64	441	0	12014
6513	558	102	10390	200	0	11250
6514	305	98	341	10749	0	11493
6515	223	82	147	10974	0	11426
6516	204	47	124	11412	0	11787
6517	11017	61	85	576	0	11739
6518	10338	61	90	288	0	10777
6519	10508	53	71	213	0	10845
6520	10349	51	76	187	0	10663
6521	9982	39	79	167	0	10267
6522	648	48	86	9435	0	10217
6523	383	36	70	9822	0	10311
6524	9342	26	89	543	0	10000
6525	545	9092	88	268	0	9993
6526	9717	346	80	202	0	10345
6527	584	134	8941	175	0	9834
6528	9565	81	372	136	0	10154
6529	10807	83	145	137	0	11172
6530	683	77	10061	122	0	10943
6531	10086	50	399	115	0	10650
6532	627	57	9524	133	0	10341
6533	375	62	11737	89	0	12263
6534	294	58	636	12383	0	13371
6535	234	51	224	13244	0	13753
6536	203	79	12306	756	0	13344
6537	196	77	12453	295	0	13021
6538	173	12226	705	221	0	13325
6539	181	11697	259	160	0	12297
6540	8749	467	112	87	0	9415
6541	437	9189	104	108	0	9838
6542	8988	434	80	132	0	9634
6543	505	9207	95	115	0	9922
6544	8646	409	104	64	0	9223
6545	464	131	8172	65	0	8832
6546	8512	113	377	61	0	9063
6547	452	77	73	7461	0	8063
6548	149	7488	66	338	0	8041
6549	130	368	41	7869	0	8408
6550	7668	98	47	388	0	8201
6551	8008	66	38	87	0	8199
6552	460	42	50	7810	0	8362
6553	186	34	7460	396	0	8076
6554	112	53	7372	131	0	7668
6555	93	7476	358	100	0	8027
6556	79	1115	93	6922	0	8209
6557	109	136	6785	338	0	7368
6558	81	5921	266	84	0	6352
6559	82	277	53	6143	0	6555
6560	47	63	56	6547	0	6713
6561	5821	28	61	347	0	6257
6562	301	40	54	5867	0	6262
6563	78	42	5659	335	0	6114
6564	40	31	288	5897	0	6256
6565	5775	40	73	352	0	6240
6566	307	46	5472	100	0	5925
6567	5627	25	256	104	0	6012
6568	345	5632	66	70	0	6113
6569	5847	281	38	70	0	6236
6570	6094	43	50	63	0	6250
6571	354	31	47	5827	0	6259
6572	129	24	32	5998	0	6183
6573	76	5639	52	354	0	6121
6574	87	281	51	5895	0	6314
6575	5841	83	33	327	0	6284
6576	347	70	5650	95	0	6162
6577	138	25	262	5856	0	6281
6578	104	5788	70	328	0	6290
6579	60	290	42	5880	0	6272
6580	54	82	38	6335	0	6509
6581	5971	65	35	382	0	6453
6582	351	5806	39	117	0	6313
6583	111	284	61	6048	0	6504
6584	5999	74	46	332	0	6451
6585	323	65	35	6014	0	6437
6586	100	40	36	6342	0	6518
6587	6022	38	38	398	0	6496
6588	6270	30	17	162	0	6479
6589	381	61	5772	79	0	6293
6590	5961	53	269	86	0	6369
6591	6240	47	64	90	0	6441
6592	5946	29	45	88	0	6108
6593	380	5418	38	103	0	5939
6594	125	5320	46	84	0	5575
6595	125	325	43	5245	0	5738
6596	5244	93	55	305	0	5697
6597	5510	53	49	85	0	5697
6598	412	54	40	5246	0	5752
6599	171	52	5809	309	0	6341
6600	6144	54	266	97	0	6561
6601	6494	75	58	67	0	6694
6602	358	60	35	6179	0	6632
6603	141	33	34	6508	0	6716
6604	6292	27	38	372	0	6729
6605	363	39	31	6170	0	6603
6606	101	5244	44	332	0	5721
6607	92	265	43	5484	0	5884
6608	5492	56	25	317	0	5890
6609	344	38	5270	109	0	5761
6610	5309	23	273	102	0	5707
6611	348	29	5216	72	0	5665
6612	101	24	266	5418	0	5809
6613	5435	40	53	337	0	5865
6614	298	41	34	5530	0	5903
6615	100	31	24	5762	0	5917
6616	5511	17	68	364	0	5960
6617	343	20	5458	114	0	5935
6618	112	19	6274	73	0	6478
6619	66	21	315	6158	0	6560
6620	60	10	86	6539	0	6695
6621	58	14	32	6661	0	6765
6622	56	22	6695	406	0	7179
6623	6662	19	272	137	0	7090
6624	7204	15	85	78	0	7382
6625	7120	16	74	48	0	7258
6626	7003	19	43	76	0	7141
6627	350	6491	38	99	0	6978
6628	107	6674	22	112	0	6915
6629	40	5840	34	86	0	6000
6630	60	235	35	5789	0	6119
6631	90	27	21	6006	0	6144
6632	112	26	5734	263	0	6135
6633	36	3457	43	19	0	3555
6634	0	1	0	2679	0	2680
6635	2694	0	0	1	0	2695
6636	0	2613	2	3	0	2618
6637	0	2	0	2776	0	2778
6638	1	2626	6	0	0	2633
6639	2803	0	0	0	0	2803
6640	0	2	0	2659	0	2661
6641	2	2	2757	0	0	2761
6642	1	2	2625	0	0	2628
6643	0	2	0	2708	0	2710
6644	0	0	0	2616	0	2616
6645	0	1	0	2765	0	2766
6646	2781	0	0	0	0	2781
6647	2	1	2726	2	0	2731
6648	0	2564	6	3	0	2573
6649	0	0	0	2779	0	2779
6650	11	2	2767	0	0	2780
6651	0	2655	6	4	0	2665
6652	0	0	0	2871	0	2871
6653	1	1	2828	2	0	2832
6654	0	0	0	2773	0	2773
6655	0	1	0	2826	0	2827
6656	2886	1	0	0	0	2887
6657	2819	0	0	0	0	2819
6658	0	0	0	2841	0	2841
6659	2867	0	0	1	0	2868
6660	1	2	3200	0	0	3203
6661	0	0	0	3237	0	3237
6662	3	1	3560	0	0	3564
6663	0	2	0	3532	0	3534
6664	0	3340	11	3	0	3354
6665	0	3350	3	1	0	3354
6666	2	3381	8	2	0	3393
6667	0	3	1	3573	0	3577
6668	2	1	0	4066	0	4069
6669	0	7	3957	14	0	3978
6670	2	10	3695	1	0	3708
6671	0	13	3784	0	0	3797
6672	4313	1	18	2	0	4334
6673	20	1	2	4748	0	4771
6674	5070	0	3	25	0	5098
6675	29	5143	11	4	0	5187
6676	12	52	0	5204	0	5268
6677	5207	20	2	52	0	5281
6678	51	15	0	5171	0	5237
6679	5198	5	0	66	0	5269
6680	69	19	5292	28	0	5408
6681	29	5263	62	22	0	5376
6682	19	49	17	5606	0	5691
6683	5591	20	15	56	0	5682
6684	5728	15	8	27	0	5778
6685	70	10	3	5735	0	5818
6686	35	2	3	5793	0	5833
6687	5766	0	9	82	0	5857
6688	60	2	9	5638	0	5709
6689	31	11	5605	74	0	5721
6690	20	5402	70	39	0	5531
6691	17	53	19	5820	0	5909
6692	5697	25	16	67	0	5805
6693	5791	17	10	29	0	5847
6694	84	19	5789	23	0	5915
6695	52	5490	60	27	0	5629
6696	38	5788	34	20	0	5880
6697	28	88	14	5941	0	6071
6698	17	45	10	5932	0	6004
6699	11	28	15	5080	0	5134
6700	20	19	5	5110	0	5154
6701	21	4970	10	115	0	5116
6702	31	54	8	5147	0	5240
6703	23	30	5	5247	0	5305
6704	5107	28	6	112	0	5253
6705	5036	12	9	61	0	5118
6706	100	5264	14	37	0	5415
6707	5536	55	3	52	0	5646
6708	5546	28	7	36	0	5617
6709	5568	25	7	26	0	5626
6710	122	31	5249	27	0	5429
6711	61	16	60	5347	0	5484
6712	50	15	30	5552	0	5647
6713	29	17	5306	103	0	5455
6714	33	15	65	5286	0	5399
6715	30	20	39	5280	0	5369
6716	5339	15	26	118	0	5498
6717	78	27	5122	68	0	5295
6718	49	19	63	4624	0	4755
6719	4601	25	33	97	0	4756
6720	68	4471	34	69	0	4642
6721	4648	67	8	62	0	4785
6722	4065	36	6	56	0	4163
6723	99	3982	13	38	0	4132
6724	58	78	5	4100	0	4241
6725	4125	39	7	97	0	4268
6726	97	4016	3	60	0	4176
6727	61	70	10	4145	0	4286
6728	4127	37	8	91	0	4263
6729	4110	33	16	57	0	4216
6730	117	4383	10	40	0	4550
6731	4537	67	11	38	0	4653
6732	103	33	17	4519	0	4672
6733	4550	25	16	96	0	4687
6734	99	21	4314	70	0	4504
6735	53	11	73	4472	0	4609
6736	43	17	43	4424	0	4527
6737	4355	14	20	138	0	4527
6738	96	4269	21	77	0	4463
6739	4651	77	24	52	0	4804
6740	110	4564	23	70	0	4767
6741	83	99	4555	47	0	4784
6742	68	64	4525	30	0	4687
6743	52	38	91	4623	0	4804
6744	61	33	4543	101	0	4738
6745	49	35	89	4969	0	5142
6746	41	21	42	4948	0	5052
6747	62	18	28	5151	0	5259
6748	5000	33	25	148	0	5206
6749	4837	35	14	112	0	4998
6750	4857	19	13	76	0	4965
6751	163	4568	20	54	0	4805
6752	100	5517	27	51	0	5695
6753	79	128	5847	52	0	6106
6754	69	66	112	6054	0	6301
6755	42	57	5938	159	0	6196
6756	54	39	147	6081	0	6321
6757	43	43	76	6241	0	6403
6758	47	32	57	6345	0	6481
6759	52	46	5848	242	0	6188
6760	54	35	144	5789	0	6022
6761	5588	40	82	225	0	5935
6762	158	5261	49	151	0	5619
6763	85	137	48	5507	0	5777
6764	5401	68	49	208	0	5726
6765	5418	48	56	134	0	5656
6766	204	39	27	5449	0	5719
6767	119	42	41	5469	0	5671
6768	4875	30	19	243	0	5167
6769	150	21	26	5000	0	5197
6770	4800	14	11	197	0	5022
6771	194	17	15	4872	0	5098
6772	95	32	3901	200	0	4228
6773	75	3718	99	119	0	4011
6774	60	3706	57	76	0	3899
6775	44	82	14	3494	0	3634
6776	42	47	21	3561	0	3671
6777	3459	25	23	138	0	3645
6778	70	24	29	3535	0	3658
6779	49	35	9	3546	0	3639
6780	30	35	13	3093	0	3171
6781	22	2968	8	168	0	3166
6782	45	63	13	3152	0	3273
6783	41	39	3	3159	0	3242
6784	28	24	9	3081	0	3142
6785	2855	20	7	163	0	3045
6786	68	3262	14	104	0	3448
6787	45	80	15	3403	0	3543
6788	26	45	8	3455	0	3534
6789	26	21	9	3498	0	3554
6790	3334	14	8	180	0	3536
6791	103	25	7	3376	0	3511
6792	52	31	3	3483	0	3569
6793	24	21	2831	152	0	3028
6794	11	2895	56	122	0	3084
6795	25	62	29	3131	0	3247
6796	2992	33	12	117	0	3154
6797	70	2960	9	96	0	3135
6798	3048	68	22	74	0	3212
6799	3071	45	25	58	0	3199
6800	100	41	11	3092	0	3244
6801	57	25	8	3158	0	3248
6802	47	29	3104	129	0	3309
6803	34	28	52	3286	0	3400
6804	60	22	3140	107	0	3329
6805	41	12	63	3313	0	3429
6806	2879	11	35	140	0	3065
6807	68	2838	35	99	0	3040
6808	41	67	34	2950	0	3092
6809	27	48	37	3013	0	3125
6810	20	21	30	3017	0	3088
6811	42	15	19	3063	0	3139
6812	2918	27	16	151	0	3112
6813	76	2841	14	112	0	3043
6814	42	61	13	3029	0	3145
6815	2949	35	8	152	0	3144
6816	82	21	2788	122	0	3013
6817	2906	22	57	81	0	3066
6818	2984	30	35	56	0	3105
6819	107	41	2798	65	0	3011
6820	79	28	65	2934	0	3106
6821	2933	19	52	97	0	3101
6822	98	2864	42	86	0	3090
6823	2968	53	24	73	0	3118
6824	2962	30	23	60	0	3075
6825	3330	17	35	67	0	3449
6826	145	15	14	3317	0	3491
6827	104	29	8	3556	0	3697
6828	68	3956	18	165	0	4207
6829	72	110	9	4131	0	4322
6830	3758	62	3	162	0	3985
6831	152	40	3538	105	0	3835
6832	3611	29	92	117	0	3849
6833	3763	32	40	83	0	3918
6834	161	46	38	3709	0	3954
6835	120	16	17	4002	0	4155
6836	3940	14	29	181	0	4164
6837	3993	15	32	117	0	4157
6838	4006	12	23	89	0	4130
6839	215	16	3409	59	0	3699
6840	108	3474	98	75	0	3755
6841	3614	95	39	74	0	3822
6842	172	53	30	3517	0	3772
6843	105	3508	24	123	0	3760
6844	92	97	23	3663	0	3875
6845	3265	63	27	142	0	3497
6846	127	57	18	3312	0	3514
6847	82	35	3166	171	0	3454
6848	66	3200	87	105	0	3458
6849	42	3633	46	86	0	3807
6850	47	141	3504	80	0	3772
6851	3445	70	204	66	0	3785
6852	80	2737	40	38	0	2895
6853	34	61	25	2492	0	2612
6854	2481	33	21	54	0	2589
6855	67	2395	19	25	0	2506
6856	47	60	9	2493	0	2609
6857	1692	21	1004	71	0	2788
6858	60	30	14	2666	0	2770
6859	2699	12	9	90	0	2810
6860	97	9	2555	40	0	2701
6861	48	2528	60	32	0	2668
6862	2720	53	30	21	0	2824
6863	2720	29	28	15	0	2792
6864	2736	31	13	11	0	2791
6865	107	15	2585	16	0	2723
6866	2581	17	51	13	0	2662
6867	2731	17	24	16	0	2788
6868	91	8	17	2679	0	2795
6869	2736	5	13	61	0	2815
6870	92	2545	20	41	0	2698
6871	41	62	14	2707	0	2824
6872	42	37	2620	72	0	2771
6873	28	32	65	2611	0	2736
6874	29	19	25	2731	0	2804
6875	2688	18	31	89	0	2826
6876	2682	26	16	57	0	2781
6877	98	18	2591	48	0	2755
6878	2584	14	58	34	0	2690
6879	97	14	2621	38	0	2770
6880	53	11	73	2616	0	2753
6881	48	9	2641	77	0	2775
6882	55	6	72	2549	0	2682
6883	29	2613	50	73	0	2765
6884	21	69	2723	33	0	2846
6885	35	42	2731	24	0	2832
6886	31	27	91	2167	0	2316
6887	2416	17	50	71	0	2554
6888	2417	13	42	43	0	2515
6889	2470	17	22	39	0	2548
6890	139	9	16	2365	0	2529
6891	76	6	18	2443	0	2543
6892	59	9	13	2466	0	2547
6893	42	21	11	2479	0	2553
6894	36	18	2588	124	0	2766
6895	34	8	75	2645	0	2762
6896	17	2540	49	112	0	2718
6897	24	63	28	2764	0	2879
6898	2855	35	14	106	0	3010
6899	106	27	2792	58	0	2983
6900	2638	13	86	43	0	2780
6901	119	15	2928	31	0	3093
6902	68	15	2758	35	0	2876
6903	48	2578	133	31	0	2790
6904	41	75	70	2692	0	2878
6905	15	50	59	2749	0	2873
6906	23	2557	38	120	0	2738
6907	2948	89	34	62	0	3133
6908	110	46	32	2931	0	3119
6909	67	36	36	2993	0	3132
6910	58	17	19	3080	0	3174
6911	3898	19	15	168	0	4100
6912	4295	11	23	99	0	4428
6913	244	7	20	4218	0	4489
6914	100	16	13	4401	0	4530
6915	4202	11	13	275	0	4501
6916	199	11	15	4223	0	4448
6917	82	15	25	4378	0	4500
6918	64	17	22	4472	0	4575
6919	56	25	3985	307	0	4373
6920	4056	9	159	162	0	4386
6921	4317	12	61	110	0	4500
6922	277	14	4033	60	0	4384
6923	141	338	178	3541	0	4198
6924	81	4049	81	203	0	4414
6925	3667	143	28	110	0	3948
6926	171	3681	39	61	0	3952
6927	69	3438	16	49	0	3572
6928	37	170	14	3124	0	3345
6929	3074	54	23	172	0	3323
6930	3179	24	20	72	0	3295
6931	196	19	15	3090	0	3320
6932	88	19	8	3200	0	3315
6933	38	23	18	3259	0	3338
6934	32	24	18	3106	0	3180
6935	42	23	9	3055	0	3129
6936	59	2832	12	212	0	3115
6937	39	129	8	2903	0	3079
6938	2836	57	7	189	0	3089
6939	2933	20	1	102	0	3056
6940	2932	10	6	75	0	3023
6941	185	2729	9	77	0	3000
6942	72	127	10	2883	0	3092
6943	46	58	2708	185	0	2997
6944	2772	19	122	98	0	3011
6945	167	13	43	2856	0	3079
6946	2887	11	17	181	0	3096
6947	2816	26	12	88	0	2942
6948	2846	33	4	64	0	2947
6949	207	24	6	2413	0	2650
6950	2463	26	13	161	0	2663
6951	182	24	9	2445	0	2660
6952	87	26	13	2559	0	2685
6953	2433	8	12	210	0	2663
6954	180	11	17	2459	0	2667
6955	2462	9	11	182	0	2664
6956	2508	14	5	106	0	2633
6957	206	13	7	2252	0	2478
6958	103	15	9	2361	0	2488
6959	68	17	3	2414	0	2502
6960	61	20	2077	242	0	2400
6961	59	19	2156	112	0	2346
6962	80	7	143	2198	0	2428
6963	81	9	43	2309	0	2442
6964	66	9	12	2378	0	2465
6965	47	11	11	2403	0	2472
6966	46	14	10	2439	0	2509
6967	2195	10	27	246	0	2478
6968	156	2124	31	133	0	2444
6969	74	123	15	2281	0	2493
6970	2237	36	21	206	0	2500
6971	178	13	22	2260	0	2473
6972	95	13	19	2390	0	2517
6973	2232	11	19	243	0	2505
6974	2329	19	14	131	0	2493
6975	200	30	2117	88	0	2435
6976	95	19	118	2273	0	2505
6977	65	30	2142	202	0	2439
6978	71	20	116	2278	0	2485
6979	56	23	45	2341	0	2465
6980	76	5	17	2388	0	2486
6981	77	5	2077	238	0	2397
6982	47	2078	129	142	0	2396
6983	35	2108	50	112	0	2305
6984	36	146	39	2115	0	2336
6985	2089	41	31	193	0	2354
6986	148	23	2007	115	0	2293
6987	62	17	2060	104	0	2243
6988	43	16	153	2102	0	2314
6989	42	19	55	2100	0	2216
6990	36	2008	32	213	0	2289
6991	39	133	28	2101	0	2301
6992	39	60	28	2193	0	2320
6993	28	36	33	2258	0	2355
6994	1765	21	32	216	0	2034
6995	1886	11	24	123	0	2044
6996	183	15	19	1778	0	1995
6997	80	1726	29	176	0	2011
6998	59	111	24	1653	0	1847
6999	1569	33	19	188	0	1809
7000	125	1573	17	125	0	1840
7001	59	111	15	1409	0	1594
7002	41	1425	11	179	0	1656
7003	1423	109	12	111	0	1655
7004	1395	39	16	80	0	1530
7005	142	1366	14	66	0	1588
7006	67	1514	8	53	0	1642
7007	36	121	1209	58	0	1424
7008	29	1312	81	62	0	1484
7009	30	113	30	1348	0	1521
7010	48	40	1282	139	0	1509
7011	12	334	29	26	0	401
7012	0	0	0	3	0	3
7013	0	0	0	3	0	3
7014	0	0	0	3	0	3
7015	3	0	0	0	0	3
7016	0	0	3	0	0	3
7017	0	0	3	0	0	3
7018	0	0	0	3	0	3
7019	0	0	3	0	0	3
7020	0	0	0	3	0	3
7021	0	0	0	3	0	3
7022	0	0	0	3	0	3
7023	0	0	0	3	0	3
7024	3	0	0	0	0	3
7025	3	0	0	0	0	3
7026	0	0	0	3	0	3
7027	0	0	3	0	0	3
7028	0	0	0	3	0	3
7029	0	4	0	0	0	4
7030	0	0	0	4	0	4
7031	4	0	0	0	0	4
7032	212	0	0	0	0	212
7033	0	0	0	214	0	214
7034	0	0	0	213	0	213
7035	0	0	0	212	0	212
7036	216	0	0	0	0	216
7037	0	0	211	0	0	211
7038	0	0	208	0	0	208
7039	0	195	1	1	0	197
7040	211	0	0	0	0	211
7041	0	0	0	211	0	211
7042	0	0	212	0	0	212
7043	0	192	0	0	0	192
7044	0	208	0	0	0	208
7045	0	0	0	214	0	214
7046	0	0	0	214	0	214
7047	0	201	0	1	0	202
7048	0	0	0	216	0	216
7049	0	0	0	209	0	209
7050	212	0	0	0	0	212
7051	0	205	2	1	0	208
7052	0	0	0	215	0	215
7053	0	0	212	0	0	212
7054	0	0	0	210	0	210
7055	213	0	0	1	0	214
7056	0	196	1	1	0	198
7057	0	0	0	214	0	214
7058	0	0	213	0	0	213
7059	0	1	202	0	0	203
7060	0	0	0	651	0	651
7061	0	0	0	822	0	822
7062	859	0	0	8	0	867
7063	6	826	1	4	0	837
7064	867	7	1	0	0	875
7065	7	1	848	0	0	856
7066	826	0	7	0	0	833
7067	8	1	847	2	0	858
7068	809	0	8	1	0	818
7069	839	0	1	0	0	840
7070	9	1	843	0	0	853
7071	1	3	801	1	0	806
7072	0	774	9	2	0	785
7073	0	11	0	857	0	868
7074	850	3	1	7	0	861
7075	7	0	0	869	0	876
7076	2	0	0	853	0	855
7077	1	0	0	870	0	871
7078	1	2	837	8	0	848
7079	738	1	4	4	0	747
7080	836	1	1	2	0	840
7081	6	802	1	0	0	809
7082	2	8	1	860	0	871
7083	1	830	3	10	0	844
7084	2	8	1	863	0	874
7085	867	1	0	7	0	875
7086	6	831	1	4	0	842
7087	2	7	2	855	0	866
7088	848	3	0	7	0	858
7089	850	1	0	1	0	852
7090	9	0	1	849	0	859
7091	1	2	828	8	0	839
7092	0	1	3	824	0	828
7093	0	823	2	11	0	836
7094	854	8	0	3	0	865
7095	8	804	1	3	0	816
7096	2	7	1	846	0	856
7097	846	2	1	9	0	858
7098	9	0	1	1557	0	1567
7099	2	0	0	1543	0	1545
7100	1	7	1541	11	0	1560
7101	1	1493	9	3	0	1506
7102	1560	10	0	0	0	1570
7103	1504	1	1	3	0	1509
7104	8	1507	1	1	0	1517
7105	2	1542	2	2	0	1548
7106	0	12	1	1568	0	1581
7107	1569	1	1	8	0	1579
7108	9	1504	2	9	0	1524
7109	2	9	0	1574	0	1585
7110	2	2	1538	8	0	1550
7111	1	2	8	1524	0	1535
7112	1563	1	1	10	0	1575
7113	10	1940	4	1	0	1955
7114	2	9	0	2451	0	2462
7115	7	2	2399	10	0	2418
7116	3	4	2296	1	0	2304
7117	0	3	10	2335	0	2348
7118	1	0	1	3480	0	3482
7119	0	3299	11	10	0	3320
7120	0	12	0	3534	0	3546
7121	3547	3	1	10	0	3561
7122	10	2	0	3493	0	3505
7123	3539	2	0	9	0	3550
7124	10	3295	6	2	0	3313
7125	4	3286	9	3	0	3302
7126	3	12	2	3523	0	3540
7127	3	2	2	3503	0	3510
7128	3	6	4281	11	0	4301
7129	5	4	8	4092	0	4109
7130	4384	1	3	10	0	4398
7131	11	1	4278	2	0	4292
7132	2	3	11	4004	0	4020
7133	3	7	4168	12	0	4190
7134	1	1	7	4003	0	4012
7135	3	3	2	3976	0	3984
7136	2	0	0	4158	0	4160
7137	2	2	4145	19	0	4168
7138	0	2	10	3932	0	3944
7139	3	3928	11	11	0	3953
7140	5	10	1	4235	0	4251
7141	3	4	0	4170	0	4177
7142	4692	1	2	12	0	4707
7143	46	5	4556	4	0	4611
7144	5	4	41	4483	0	4533
7145	3	12	4928	51	0	4994
7146	10	13	4686	7	0	4716
7147	0	3	46	4766	0	4815
7148	2	3	8	5899	0	5912
7149	9	2	4	6172	0	6187
7150	6255	1	5	56	0	6317
7151	46	11	5895	15	0	5967
7152	5664	6	43	8	0	5721
7153	44	4	9	6125	0	6182
7154	16	3	1	6108	0	6128
7155	5	6365	20	53	0	6443
7156	5	46	5	6759	0	6815
7157	6	7	6	6719	0	6738
7158	3	4	11	6667	0	6685
7159	6634	3	8	64	0	6709
7160	50	9	6134	20	0	6213
7161	5237	1	40	16	0	5294
7162	45	5723	13	20	0	5801
7163	6028	39	8	11	0	6086
7164	41	5760	20	10	0	5831
7165	12	5747	11	18	0	5788
7166	4	48	5	6082	0	6139
7167	6085	8	3	49	0	6145
7168	45	9	1	6306	0	6361
7169	7	5978	12	91	0	6088
7170	5	7079	11	33	0	7128
7171	12	91	3	7374	0	7480
7172	6	18	6	7273	0	7303
7173	9	6987	12	93	0	7101
7174	9	89	3	7410	0	7511
7175	6	16	7	7338	0	7367
7176	7	11	1	7414	0	7433
7177	8165	18	4	103	0	8290
7178	85	14	8025	31	0	8155
7179	7573	6	77	21	0	7677
7180	8116	9	16	21	0	8162
7181	8116	10	5	16	0	8147
7182	103	7740	16	16	0	7875
7183	20	91	4	8215	0	8330
7184	8236	17	1	101	0	8355
7185	93	11	9	8635	0	8748
7186	8808	11	8	96	0	8923
7187	90	10152	13	41	0	10296
7188	10787	88	1	21	0	10897
7189	10772	22	0	25	0	10819
7190	11169	8	5	19	0	11201
7191	112	13	8	10864	0	10997
7192	36	11	4	11014	0	11065
7193	11518	7	4	119	0	11648
7194	93	10570	31	35	0	10729
7195	30	10827	19	24	0	10900
7196	11926	91	9	23	0	12049
7197	131	22	5	11941	0	12099
7198	60	8	0	12409	0	12477
7199	23	16	10	12752	0	12801
7200	25	12004	30	179	0	12238
7201	13151	117	8	63	0	13339
7202	142	47	6	13258	0	13453
7203	64	13210	23	138	0	13435
7204	28	127	5	14871	0	15031
7205	29	51	7	14697	0	14784
7206	30	17	4	14633	0	14684
7207	23	23	5	14857	0	14908
7208	14829	22	8	189	0	15048
7209	14559	16	5	92	0	14672
7210	15308	16	11	57	0	15392
7211	172	17	8	15234	0	15431
7212	76	31	14511	160	0	14778
7213	42	53	12717	90	0	12902
7214	36	37	13630	61	0	13764
7215	14493	20	144	53	0	14710
7216	144	20	50	14796	0	15010
7217	78	15	21	14656	0	14770
7218	31	25	13	14278	0	14347
7219	14135	13	10	200	0	14358
7220	13730	24	10	93	0	13857
7221	173	13377	33	53	0	13636
7222	75	126	11	14063	0	14275
7223	47	54	13606	165	0	13872
7224	25	12846	126	105	0	13102
7225	20	127	42	13951	0	14140
7226	40	55	12	14045	0	14152
7227	41	28	16	13887	0	13972
7228	34	28	8	12910	0	12980
7229	36	32	12754	216	0	13038
7230	31	34	12155	104	0	12324
7231	37	12032	168	69	0	12306
7232	34	133	44	13086	0	13297
7233	36	63	14	13160	0	13273
7234	13045	29	16	196	0	13286
7235	154	31	12744	91	0	13020
7236	67	24	107	12560	0	12758
7237	35	14	49	13096	0	13194
7238	44	31	13840	203	0	14118
7239	24	12905	152	100	0	13181
7240	14185	121	47	62	0	14415
7241	152	61	13763	66	0	14042
7242	12867	17	78	26	0	12988
7243	100	24	13486	30	0	13640
7244	51	13	85	13157	0	13306
7245	30	11	13202	101	0	13344
7246	19	33	12962	60	0	13074
7247	19	21	110	13360	0	13510
7248	23	39	65	12110	0	12237
7249	20	10	16	13653	0	13699
7250	18	15	14	13208	0	13255
7251	8	13	18	13192	0	13231
7252	15	20	13153	154	0	13342
7253	21	36	12059	79	0	12195
7254	20	12018	175	51	0	12264
7255	13207	84	41	45	0	13377
7256	94	43	17	13118	0	13272
7257	13361	20	11	120	0	13512
7258	103	5	10	13161	0	13279
7259	13437	4	18	117	0	13576
7260	91	12	25	13310	0	13438
7261	54	15	17	13436	0	13522
7262	23	12971	45	152	0	13191
7263	22	78	13	14016	0	14129
7264	25	38	12	13904	0	13979
7265	19	21	16	13871	0	13927
7266	25	7	17	13897	0	13946
7267	20	12939	45	159	0	13163
7268	13504	37	7	51	0	13599
7269	39	12630	38	32	0	12739
7270	30	49	4	12662	0	12745
7271	12589	25	11	57	0	12682
7272	49	33	11655	48	0	11785
7273	43	34	11973	23	0	12073
7274	12	20	60	11794	0	11886
7275	12	16	42	12695	0	12765
7276	8	8	18	12816	0	12850
7277	7	16	12	11692	0	11727
7278	12	11	12	11926	0	11961
7279	5	11251	38	92	0	11386
7280	5	40	7	12114	0	12166
7281	11966	22	14	66	0	12068
7282	40	13	14	11834	0	11901
7283	33	9	12164	58	0	12264
7284	8	7	53	11886	0	11954
7285	11817	8	42	81	0	11948
7286	58	11921	47	70	0	12096
7287	44	56	14	11220	0	11334
7288	20	52	8	11519	0	11599
7289	18	21	11204	140	0	11383
7290	19	42	14745	69	0	14875
7291	21608	5	356	38	0	22007
7292	689	14	128	22330	0	23161
7293	284	10	105	22947	0	23346
7294	245	37	23780	1012	0	25074
7295	172	98	23312	555	0	24137
7296	72	22797	992	434	0	24295
7297	19	725	457	23855	0	25056
7298	51	323	21878	832	0	23084
7299	6	21974	955	312	0	23247
7300	22718	882	353	255	0	24208
7301	24042	341	265	161	0	24809
7302	1101	274	173	22729	0	24277
7303	522	22740	130	823	0	24215
7304	22747	916	67	293	0	24023
7305	1123	365	106	19219	0	20813
7306	460	326	21171	721	0	22678
7307	314	21851	827	309	0	23301
7308	22125	926	283	248	0	23582
7309	22691	324	253	171	0	23439
7310	1130	275	194	21730	0	23329
7311	561	217	118	22702	0	23598
7312	447	163	20722	1187	0	22519
7313	279	87	826	22021	0	23213
7314	173	77	317	21819	0	22386
7315	129	77	235	22288	0	22729
7316	130	44	160	22543	0	22877
7317	86	57	108	21961	0	22212
7318	72	20496	104	1618	0	22290
7319	21163	833	55	858	0	22909
7320	931	350	19892	586	0	21759
7321	378	20307	852	418	0	21955
7322	324	927	299	21431	0	22981
7323	20997	366	261	1060	0	22684
7324	945	289	219	21501	0	22954
7325	363	217	165	22188	0	22933
7326	301	148	89	22498	0	23036
7327	217	90	93	22769	0	23169
7328	168	128	19785	1721	0	21802
7329	133	20459	833	975	0	22400
7330	21043	881	301	732	0	22957
7331	1009	364	20605	490	0	22468
7332	381	292	1062	21304	0	23039
7333	21346	267	437	1066	0	23116
7334	1078	20819	330	515	0	22742
7335	21856	929	252	430	0	23467
7336	1195	420	207	21183	0	23005
7337	562	356	122	22479	0	23519
7338	506	240	89	21765	0	22600
7339	340	152	63	22221	0	22776
7340	20506	119	73	1783	0	22481
7341	971	134	86	21347	0	22538
7342	442	80	72	22162	0	22756
7343	20436	66	117	1638	0	22257
7344	1106	156	19037	909	0	21208
7345	536	100	817	20595	0	22048
7346	19878	96	319	1341	0	21634
7347	20317	80	273	670	0	21340
7348	1363	79	189	19329	0	20960
7349	688	88	158	19807	0	20741
7350	555	18246	132	1458	0	20391
7351	375	846	92	19546	0	20859
7352	266	327	56	20155	0	20804
7353	183	297	17438	1761	0	19679
7354	184	203	17629	1010	0	19026
7355	131	17793	1110	824	0	19858
7356	156	930	562	18402	0	20050
7357	164	360	455	19451	0	20430
7358	18346	331	340	1440	0	20457
7359	1002	265	228	18875	0	20370
7360	470	224	17481	1533	0	19708
7361	427	116	941	18905	0	20389
7362	306	176	17006	1541	0	19029
7363	242	149	17661	842	0	18894
7364	190	130	1302	17616	0	19238
7365	145	144	676	18823	0	19788
7366	17725	153	502	1497	0	19877
7367	18518	128	328	894	0	19868
7368	1276	103	236	18717	0	20332
7369	18624	104	185	1406	0	20319
7370	19274	92	142	707	0	20215
7371	1579	111	114	18315	0	20119
7372	831	114	115	19386	0	20446
7373	18209	82	105	1556	0	19952
7374	18517	45	114	902	0	19578
7375	1406	39	147	18177	0	19769
7376	756	17385	115	1482	0	19738
7377	643	883	89	18371	0	19986
7378	487	309	80	19321	0	20197
7379	307	311	16554	1775	0	18947
7380	220	188	845	18891	0	20144
7381	17204	160	362	1668	0	19394
7382	1004	17550	318	943	0	19815
7383	17795	905	200	753	0	19653
7384	18307	375	153	518	0	19353
7385	18754	299	106	453	0	19612
7386	1622	247	67	16942	0	18878
7387	868	208	15188	1257	0	17521
7388	676	180	15490	631	0	16977
7389	466	15617	1151	617	0	17851
7390	234	11713	428	437	0	12812
7391	73	4621	51	104	0	4849
7392	60	4858	72	83	0	5073
7393	259	279	4496	67	0	5101
7394	3110	66	111	46	0	3333
7395	140	36	35	2966	0	3177
7396	75	32	9	3058	0	3174
7397	60	19	14	3022	0	3115
7398	39	2878	25	156	0	3098
7399	2983	106	33	56	0	3178
7400	110	64	2910	50	0	3134
7401	16	1755	42	12	0	1825
7402	9	41	18	1872	0	1940
7403	1864	24	6	40	0	1934
7404	44	9	8	1892	0	1953
7405	26	7	1783	45	0	1861
7406	12	14	1745	22	0	1793
7407	11	1	47	1837	0	1896
7408	12	2	18	1878	0	1910
7409	1880	6	13	57	0	1956
7410	42	5	1819	27	0	1893
7411	1849	3	46	16	0	1914
7412	1929	5	14	10	0	1958
7413	56	4	5	1869	0	1934
7414	32	6	1812	38	0	1888
7415	11	2	39	2085	0	2137
7416	2078	6	16	46	0	2146
7417	44	2363	17	27	0	2451
7418	2725	37	8	18	0	2788
7419	65	16	11	2651	0	2743
7420	23	2890	4	68	0	2985
7421	21	61	4	3057	0	3143
7422	13	24	4	3049	0	3090
7423	15	2921	6	81	0	3023
7424	7	57	4	3071	0	3139
7425	8	22	3	3107	0	3140
7426	4	7	0	3128	0	3139
7427	9	9	2892	92	0	3002
7428	4	2881	67	33	0	2985
7429	3061	59	13	31	0	3164
7430	71	22	9	3216	0	3318
7431	19	3444	13	76	0	3552
7432	4071	70	9	31	0	4181
7433	73	26	6	4063	0	4168
7434	35	17	5	4117	0	4174
7435	20	10	7	3877	0	3914
7436	16	13	7	3910	0	3946
7437	3797	7	8	114	0	3926
7438	73	9	4	3848	0	3934
7439	28	10	4	3914	0	3956
7440	3823	7	6	108	0	3944
7441	82	11	8	3839	0	3940
7442	40	15	3712	99	0	3866
7443	24	11	65	3846	0	3946
7444	3802	11	23	108	0	3944
7445	82	14	18	3856	0	3970
7446	39	16	4016	104	0	4175
7447	20	23	3895	53	0	3991
7448	4032	8	85	45	0	4170
7449	4193	6	32	33	0	4264
7450	4221	13	19	36	0	4289
7451	4220	6	17	30	0	4273
7452	113	17	4012	30	0	4172
7453	59	11	69	4102	0	4241
7454	37	9	35	4237	0	4318
7455	4119	11	21	106	0	4257
7456	84	3	18	4195	0	4300
7457	36	18	4017	105	0	4176
7458	26	8	76	4165	0	4275
7459	31	13	4005	108	0	4157
7460	35	4326	85	49	0	4495
7461	4503	68	36	43	0	4650
7462	87	23	26	4523	0	4659
7463	44	26	5222	97	0	5389
7464	32	9	97	5311	0	5449
7465	27	13	26	5465	0	5531
7466	33	17	5271	132	0	5453
7467	24	4	94	5415	0	5537
7468	4974	7	41	130	0	5152
7469	95	17	4737	59	0	4908
7470	4797	5	84	57	0	4943
7471	107	4764	44	46	0	4961
7472	45	82	4870	36	0	5033
7473	36	35	4875	33	0	4979
7474	23	506	115	4129	0	4773
7475	12	10	34	4358	0	4414
7476	28	16	4332	79	0	4455
7477	11	10	57	5159	0	5237
7478	5141	1	31	84	0	5257
7479	5151	5	24	43	0	5223
7480	81	8	11	5073	0	5173
7481	32	10	12	4991	0	5045
7482	29	5017	20	86	0	5152
7483	5138	63	16	45	0	5262
7484	85	9	14	4977	0	5085
7485	35	4981	15	90	0	5121
7486	5171	59	13	49	0	5292
7487	5002	18	10	53	0	5083
7488	74	5039	26	37	0	5176
7489	45	64	14	5034	0	5157
7490	37	17	10	4994	0	5058
7491	32	35	4791	96	0	4954
7492	40	17	62	4558	0	4677
7493	4522	13	27	121	0	4683
7494	107	24	26	4563	0	4720
7495	86	27	4378	128	0	4619
7496	4532	14	67	74	0	4687
7497	94	25	27	4609	0	4755
7498	54	35	4431	141	0	4661
7499	65	40	77	4581	0	4763
7500	65	37	4402	131	0	4635
7501	57	27	87	4528	0	4699
7502	63	42	28	4582	0	4715
7503	4537	26	37	115	0	4715
7504	113	4451	48	85	0	4697
7505	4473	102	32	94	0	4701
7506	4513	25	43	98	0	4679
7507	4470	20	48	109	0	4647
7508	119	4346	55	79	0	4599
7509	82	66	4389	94	0	4631
7510	82	25	86	4508	0	4701
7511	4546	24	58	136	0	4764
7512	4576	17	66	80	0	4739
7513	148	16	49	4438	0	4651
7514	4560	19	38	146	0	4763
7515	103	30	4201	86	0	4420
7516	4275	18	94	103	0	4490
7517	122	30	3750	86	0	3988
7518	64	3583	75	85	0	3807
7519	3704	60	25	89	0	3878
7520	3356	41	30	47	0	3474
7521	127	3378	35	36	0	3576
7522	3448	59	25	52	0	3584
7523	3492	44	30	51	0	3617
7524	130	54	3332	38	0	3554
7525	3416	50	72	50	0	3588
7526	108	32	3292	72	0	3504
7527	92	31	69	3012	0	3204
7528	129	3221	51	98	0	3499
7529	138	54	3282	68	0	3542
7530	2800	26	78	404	0	3308
7531	2857	36	46	69	0	3008
7532	98	19	70	2373	0	2560
7533	80	46	2283	81	0	2490
7534	81	58	73	2375	0	2587
7535	2307	57	33	87	0	2484
7536	137	3040	32	47	0	3256
7537	3190	70	29	45	0	3334
7538	3204	62	18	35	0	3319
7539	141	2993	41	55	0	3230
7540	102	56	50	3189	0	3397
7541	3182	38	62	95	0	3377
7542	104	30	68	3123	0	3325
7543	61	36	59	3217	0	3373
7544	76	34	3047	102	0	3259
7545	84	54	57	3124	0	3319
7546	90	37	66	3169	0	3362
7547	3202	15	46	123	0	3386
7548	3201	21	37	94	0	3353
7549	116	21	66	3194	0	3397
7550	73	24	3056	151	0	3304
7551	63	40	3032	99	0	3234
7552	83	34	74	3191	0	3382
7553	97	57	3036	113	0	3303
7554	130	38	68	3088	0	3324
7555	97	50	36	3156	0	3339
7556	3216	50	36	107	0	3409
7557	144	34	3035	109	0	3322
7558	3146	15	90	77	0	3328
7559	3185	38	56	114	0	3393
7560	97	21	2699	93	0	2910
7561	78	16	2682	94	0	2870
7562	89	866	70	1815	0	2840
7563	110	1643	31	97	0	1881
7564	116	1792	41	61	0	2010
7565	123	35	41	1879	0	2078
7566	60	20	81	1870	0	2031
7567	64	11	100	1887	0	2062
7568	39	20	98	1941	0	2098
7569	1904	32	54	103	0	2093
7570	83	37	54	1930	0	2104
7571	84	34	1815	97	0	2030
7572	97	22	48	1814	0	1981
7573	109	1774	51	65	0	1999
7574	107	45	61	1898	0	2111
7575	1941	12	79	61	0	2093
7576	135	24	70	1902	0	2131
7577	4	4	1091	23	0	1122
7578	2	1054	16	10	0	1082
7579	2	18	1	1139	0	1160
7580	1117	2	1	22	0	1142
7581	1131	1	2	4	0	1138
7582	20	1	1	1125	0	1147
7583	4	2	1092	22	0	1120
7584	6	3	1031	5	0	1045
7585	1057	1	19	5	0	1082
7586	20	2	1080	4	0	1106
7587	3	1	1062	3	0	1069
7588	4	2	18	1027	0	1051
7589	1084	1	4	21	0	1110
7590	1070	1	3	5	0	1079
7591	1080	1	1	6	0	1088
7592	26	0	1056	4	0	1086
7593	6	2	1034	3	0	1045
7594	3	1029	26	3	0	1061
7595	2	17	6	1056	0	1081
7596	2	2	8	1082	0	1094
7597	4	1	4	1047	0	1056
7598	3	0	5	1090	0	1098
7599	6	1	1036	25	0	1068
7600	4	999	22	9	0	1034
7601	1067	19	4	4	0	1094
7602	1388	2	7	4	0	1401
7603	1447	2	6	5	0	1460
7604	43	1413	7	5	0	1468
7605	8	42	6	1444	0	1500
7606	1743	5	3	49	0	1800
7607	62	1734	9	13	0	1818
7608	1730	63	4	12	0	1809
7609	65	1733	4	10	0	1812
7610	1752	76	4	6	0	1838
7611	1805	10	6	9	0	1830
7612	76	15	7	1725	0	1823
7613	31	5	3	1813	0	1852
7614	17	17	1707	76	0	1817
7615	20	5	1706	23	0	1754
7616	1728	10	61	19	0	1818
7617	1791	6	15	20	0	1832
7618	75	7	11	1747	0	1840
7619	18	5	12	1827	0	1862
7620	18	5	1707	77	0	1807
7621	17	8	60	1748	0	1833
7622	15	8	2044	84	0	2151
7623	12	5	67	2074	0	2158
7624	8	2	14	2189	0	2213
7625	2101	3	21	88	0	2213
7626	2147	6	9	33	0	2195
7627	79	3	16	2103	0	2201
7628	27	4	6	2177	0	2214
7629	21	8	2055	90	0	2174
7630	20	7	66	2107	0	2200
7631	20	10	2043	86	0	2159
7632	2037	7	73	31	0	2148
7633	72	1	15	2129	0	2217
7634	2100	3	22	81	0	2206
7635	79	2002	11	31	0	2123
7636	1391	69	17	20	0	1497
7637	92	13	9	1388	0	1502
7638	27	11	6	1422	0	1466
7639	31	1339	6	81	0	1457
7640	14	68	10	1413	0	1505
7641	15	19	1342	92	0	1468
7642	14	10	73	1401	0	1498
7643	19	8	1319	92	0	1438
7644	16	1347	70	24	0	1457
7645	15	68	326	1087	0	1496
7646	12	10	1037	60	0	1119
7647	7	14	1040	23	0	1084
7648	14	5	55	1062	0	1136
7649	1059	8	16	67	0	1150
7650	57	3	1024	27	0	1111
7651	11	4	59	1062	0	1136
7652	1052	0	21	63	0	1136
7653	55	1013	13	27	0	1108
7654	1080	46	14	16	0	1156
7655	58	8	7	1072	0	1145
7656	16	11	5	1113	0	1145
7657	26	6	6	1125	0	1163
7658	1067	10	7	73	0	1157
7659	61	3	6	1074	0	1144
7660	14	6	4	1138	0	1162
7661	1081	4	6	78	0	1169
7662	57	4	1030	38	0	1129
7663	27	2	42	1078	0	1149
7664	19	7	1021	73	0	1120
7665	1046	4	51	34	0	1135
7666	68	5	17	1071	0	1161
7667	14	10	1030	68	0	1122
7668	1050	5	59	26	0	1140
7669	1064	3	23	27	0	1117
7670	74	5	1014	24	0	1117
7671	20	12	57	1059	0	1148
7672	26	7	18	1097	0	1148
7673	19	13	1038	68	0	1138
7674	24	1008	51	37	0	1120
7675	14	49	1033	26	0	1122
7676	1014	14	55	32	0	1115
7677	55	12	1046	29	0	1142
7678	1033	9	76	16	0	1134
7679	65	7	1023	18	0	1113
7680	1034	1	60	21	0	1116
7681	74	1026	18	19	0	1137
7682	17	48	26	1055	0	1146
7683	27	7	15	1105	0	1154
7684	8	10	1957	69	0	2044
7685	14	8	49	1924	0	1995
7686	18	1919	17	57	0	2011
7687	2047	52	18	36	0	2153
7688	55	1946	13	38	0	2052
7689	25	55	20	2051	0	2151
7690	2070	12	5	68	0	2155
7691	58	1964	11	33	0	2066
7692	2066	50	9	26	0	2151
7693	63	18	1978	24	0	2083
7694	21	10	51	2042	0	2124
7695	24	10	17	2045	0	2096
7696	14	10	14	2102	0	2140
7697	2069	5	11	81	0	2166
7698	2087	3	21	28	0	2139
7699	2054	10	12	30	0	2106
7700	2066	4	14	23	0	2107
7701	79	6	1982	24	0	2091
7702	1503	3	24	5	0	1535
7703	40	1548	9	9	0	1606
7704	16	1580	9	4	0	1609
7705	1366	28	322	7	0	1723
7706	1327	0	0	0	0	1327
7707	0	0	0	1320	0	1320
7708	1339	1	0	1	0	1341
7709	1261	0	0	0	0	1261
7710	1303	1	0	1	0	1305
7711	0	0	0	1319	0	1319
7712	0	1261	0	1	0	1262
7713	0	1272	1	2	0	1275
7714	0	0	0	1650	0	1650
7715	1637	3	0	4	0	1644
7716	5	1589	3	3	0	1600
7717	3	4	0	1641	0	1648
7718	1	7	1586	4	0	1598
7719	1357	0	4	8	0	1369
7720	3	1524	5	1	0	1533
7721	3	1565	3	0	0	1571
7722	1284	7	0	2	0	1293
7723	4	3	1277	2	0	1286
7724	4	0	3	1198	0	1205
7725	0	1244	5	5	0	1254
7726	0	6	1	1293	0	1300
7727	2	4	3	1276	0	1285
7728	1	1133	5	7	0	1146
7729	0	6	0	1299	0	1305
7730	0	6	0	1294	0	1300
7731	1302	0	0	9	0	1311
7732	5	1244	2	4	0	1255
7733	1230	7	2	1	0	1240
7734	4	7	0	1235	0	1246
7735	2	1210	3	8	0	1223
7736	4	5	1214	6	0	1229
7737	3	9	4	1166	0	1182
7738	2	4	3	1250	0	1259
7739	2	2	1226	14	0	1244
7740	1158	3	7	4	0	1172
7741	7	3	5	1242	0	1257
7742	1252	6	2	6	0	1266
7743	5	7	1198	7	0	1217
7744	6	5	6	1222	0	1239
7745	3	6	1220	6	0	1235
7746	1	2	5	1228	0	1236
7747	2	4	4	1246	0	1256
7748	1254	1	4	11	0	1270
7749	7	1195	5	9	0	1216
7750	1266	8	2	5	0	1281
7751	7	6	1209	7	0	1229
7752	4	4	7	1221	0	1236
7753	5	3	1227	9	0	1244
7754	986	5	7	8	0	1006
7755	1209	3	3	4	0	1219
7756	8	3	1193	7	0	1211
7757	1151	4	4	5	0	1164
7758	1217	6	7	4	0	1234
7759	12	3	1	1186	0	1202
7760	4	1	1197	9	0	1211
7761	5	3	1157	9	0	1174
7762	6	2	12	1166	0	1186
7763	7	2	4	1169	0	1182
7764	7	1126	3	12	0	1148
7765	2	1182	9	6	0	1199
7766	1209	9	5	7	0	1230
7767	9	6	5	1153	0	1173
7768	3	1129	4	20	0	1156
7769	4	1185	5	14	0	1208
7770	1170	15	6	3	0	1194
7771	11	8	1	1183	0	1203
7772	11	1161	3	8	0	1183
7773	6	16	4	1204	0	1230
7774	3	14	3	1184	0	1204
7775	8	4	8	1184	0	1204
7776	1193	0	2	18	0	1213
7777	7	1153	6	8	0	1174
7778	8	9	5	1190	0	1212
7779	8	9	1	1187	0	1205
7780	5	5	2	1205	0	1217
7781	4	3	1169	12	0	1188
7782	1054	7	10	11	0	1082
7783	8	2	7	1190	0	1207
7784	321	5	5	17	0	348
7785	334	6	1	7	0	348
7786	328	8	5	6	0	347
7787	15	9	850	9	0	883
7788	9	873	7	13	0	902
7789	5	12	4	910	0	931
7790	5	6	899	11	0	921
7791	6	8	1039	14	0	1067
7792	7	4	8	1036	0	1055
7793	6	1048	8	12	0	1074
7794	1103	9	0	12	0	1124
7795	1085	8	6	9	0	1108
7796	1099	3	6	8	0	1116
7797	1095	2	5	11	0	1113
7798	11	7	1072	13	0	1103
7799	1051	6	11	5	0	1073
7800	11	1066	9	11	0	1097
7801	7	6	1	1114	0	1128
7802	8	7	4	1119	0	1138
7803	1117	4	11	10	0	1142
7804	14	2	3	1114	0	1133
7805	11	3	1098	10	0	1122
7806	1045	3	7	13	0	1068
7807	1091	3	7	5	0	1106
7808	1106	2	6	2	0	1116
7809	15	3	1063	10	0	1091
7810	1049	6	9	8	0	1072
7811	11	1040	5	9	0	1065
7812	1088	6	7	4	0	1105
7813	307	4	8	798	0	1117
7814	0	0	0	783	0	783
7815	0	754	3	0	0	757
7816	0	0	0	794	0	794
7817	0	771	4	0	0	775
7818	0	0	0	796	0	796
7819	0	767	3	0	0	770
7820	0	0	0	791	0	791
7821	0	764	2	0	0	766
7822	0	0	0	793	0	793
7823	0	749	1	2	0	752
7824	791	0	0	0	0	791
7825	0	0	0	788	0	788
7826	0	0	0	780	0	780
7827	0	0	0	787	0	787
7828	0	0	0	776	0	776
7829	0	0	777	0	0	777
7830	0	0	0	759	0	759
7831	0	0	0	788	0	788
7832	791	0	0	0	0	791
7833	770	0	0	1	0	771
7834	0	764	1	0	0	765
7835	0	0	0	791	0	791
7836	0	1	0	931	0	932
7837	943	0	0	15	0	958
7838	16	4	908	8	0	936
7839	872	1	13	2	0	888
7840	16	892	5	4	0	917
7841	919	12	1	1	0	933
7842	821	9	5	1	0	836
7843	25	884	1	1	0	911
7844	12	913	2	0	0	927
7845	8	23	1	924	0	956
7846	6	11	890	16	0	923
7847	865	7	14	10	0	896
7848	18	5	893	2	0	918
7849	869	3	18	5	0	895
7850	20	2	1178	3	0	1203
7851	13	1118	17	2	0	1150
7852	4	14	12	1204	0	1234
7853	1211	7	1	16	0	1235
7854	1205	3	4	8	0	1220
7855	26	6	3	1494	0	1529
7856	1513	0	1	21	0	1535
7857	1492	2	3	9	0	1506
7858	29	1434	3	4	0	1470
7859	1517	14	1	8	0	1540
7860	25	1693	3	1	0	1722
7861	18	22	1	1770	0	1811
7862	1772	12	2	20	0	1806
7863	1756	3	1	10	0	1770
7864	1782	5	2	3	0	1792
7865	31	8	1686	4	0	1729
7866	15	5	1666	4	0	1690
7867	12	0	26	1684	0	1722
7868	10	1	7	1735	0	1753
7869	4	2488	14	30	0	2536
7870	2558	48	4	9	0	2619
7871	60	32	2	2549	0	2643
7872	31	9	2	2630	0	2672
7873	15	13	2446	80	0	2554
7874	10	2383	50	41	0	2484
7875	11	2513	32	22	0	2578
7876	13	77	13	2585	0	2688
7877	2554	38	9	65	0	2666
7878	57	21	6	2564	0	2648
7879	36	14	10	2649	0	2709
7880	2574	13	7	94	0	2688
7881	2589	8	4	48	0	2649
7882	80	6	6	2591	0	2683
7883	42	17	2504	73	0	2636
7884	20	9	55	2582	0	2666
7885	16	6	27	2643	0	2692
7886	2587	4	9	95	0	2695
7887	67	1	11	2100	0	2179
7888	2079	5	6	86	0	2176
7889	72	14	2818	48	0	2952
7890	47	3	84	2859	0	2993
7891	22	6	50	2814	0	2892
7892	25	3	17	2849	0	2894
7893	15	3	10	2847	0	2875
7894	12	8	13	2903	0	2936
7895	19	11	2661	164	0	2855
7896	2660	9	89	93	0	2851
7897	97	9	47	2796	0	2949
7898	55	9	2649	128	0	2841
7899	20	10	2629	82	0	2741
7900	23	4	127	2757	0	2911
7901	2756	8	62	127	0	2953
7902	2785	10	24	73	0	2892
7903	2872	10	22	38	0	2942
7904	153	5	20	2580	0	2758
7905	78	2639	22	117	0	2856
7906	2755	83	17	85	0	2940
7907	2854	47	20	42	0	2963
7908	2863	28	16	47	0	2954
7909	2900	20	13	45	0	2978
7910	176	16	16	2790	0	2998
7911	96	25	2626	128	0	2875
7912	48	10	90	2801	0	2949
7913	52	14	2686	139	0	2891
7914	2733	12	95	92	0	2932
7915	2837	5	59	66	0	2967
7916	169	8	2650	55	0	2882
7917	2736	6	110	53	0	2905
7918	2817	3	62	62	0	2944
7919	171	7	28	2692	0	2898
7920	103	2668	38	124	0	2933
7921	2784	81	23	108	0	2996
7922	140	50	33	2664	0	2887
7923	98	2640	32	130	0	2900
7924	55	95	18	2824	0	2992
7925	53	62	2579	144	0	2838
7926	39	2640	99	119	0	2897
7927	2734	104	50	70	0	2958
7928	2793	60	29	72	0	2954
7929	2843	22	24	69	0	2958
7930	2875	18	24	60	0	2977
7931	174	16	32	2659	0	2881
7932	100	2637	37	132	0	2906
7933	2698	93	28	101	0	2920
7934	146	61	2559	58	0	2824
7935	119	2538	108	51	0	2816
7936	86	73	2769	49	0	2977
7937	67	56	95	2657	0	2875
7938	69	2659	67	100	0	2895
7939	62	97	35	2897	0	3091
7940	63	58	2767	126	0	3014
7941	57	44	82	2771	0	2954
7942	71	27	53	2841	0	2992
7943	59	19	37	2994	0	3109
7944	2846	27	31	176	0	3080
7945	122	2777	50	111	0	3060
7946	87	80	29	2916	0	3112
7947	2786	52	34	153	0	3025
7948	118	2787	37	121	0	3063
7949	2879	85	34	81	0	3079
7950	138	54	2514	78	0	2784
7951	116	19	91	2440	0	2666
7952	72	2523	70	125	0	2790
7953	2636	95	39	80	0	2850
7954	140	68	2486	49	0	2743
7955	101	2166	100	64	0	2431
7956	77	97	59	2306	0	2539
7957	63	69	35	2421	0	2588
7958	2376	31	29	167	0	2603
7959	123	38	35	2389	0	2585
7960	78	38	1974	140	0	2230
7961	63	35	98	2070	0	2266
7962	83	33	1971	120	0	2207
7963	67	20	105	1843	0	2035
7964	73	1967	57	106	0	2203
7965	2027	85	35	95	0	2242
7966	1997	50	43	56	0	2146
7967	163	1940	38	50	0	2191
7968	98	2091	37	57	0	2283
7969	19	48	15	1200	0	1282
7970	1214	23	6	41	0	1284
7971	55	5	9	1185	0	1254
7972	1226	9	9	39	0	1283
7973	54	1155	4	28	0	1241
7974	36	38	4	1188	0	1266
7975	13	30	1124	46	0	1213
7976	24	12	31	1135	0	1202
7977	12	12	23	1204	0	1251
7978	1175	13	5	69	0	1262
7979	40	1146	8	36	0	1230
7980	25	37	10	1185	0	1257
7981	1185	32	11	43	0	1271
7982	51	13	1128	30	0	1222
7983	1116	6	40	9	0	1171
7984	58	8	19	1116	0	1201
7985	43	1342	5	34	0	1424
7986	1386	56	8	26	0	1476
7987	67	45	1324	12	0	1448
7988	53	501	854	13	0	1421
7989	1	527	34	0	0	562
7990	543	26	14	0	0	583
7991	26	14	1	486	0	527
7992	13	1	1	545	0	560
7993	539	0	0	38	0	577
7994	26	0	520	14	0	560
7995	14	0	21	511	0	546
7996	2	2	536	26	0	566
7997	0	1	27	526	0	554
7998	0	514	14	27	0	555
7999	0	22	2	544	0	568
8000	1	13	522	28	0	564
8001	486	1	22	14	0	523
8002	27	1	13	527	0	568
8003	12	1	526	27	0	566
8004	0	0	26	498	0	524
8005	0	0	11	527	0	538
8006	0	2	501	37	0	540
8007	2	0	515	15	0	532
8008	1	0	36	496	0	533
8009	1	1	511	27	0	540
8010	464	2	26	13	0	505
8011	27	1	13	510	0	551
8012	525	0	2	28	0	555
8013	28	1	495	16	0	540
8014	15	1	26	496	0	538
8015	4	1	674	28	0	707
8016	0	636	28	15	0	679
8017	2	26	682	2	0	712
8018	0	11	669	0	0	680
8019	597	2	32	2	0	633
8020	684	1	14	3	0	702
8021	40	0	794	3	0	837
8022	18	2	28	691	0	739
8023	3	0	14	810	0	827
8024	0	1	799	42	0	842
8025	2	756	30	17	0	805
8026	783	26	13	5	0	827
8027	29	17	781	1	0	828
8028	14	3	24	758	0	799
8029	3	2	16	793	0	814
8030	1115	0	4	43	0	1162
8031	1113	1	4	18	0	1136
8032	1126	1	3	4	0	1134
8033	1129	1	4	2	0	1136
8034	43	1	2	1078	0	1124
8035	15	3	1088	31	0	1137
8036	4	1	26	839	0	870
8037	1	1	17	875	0	894
8038	0	2	4	908	0	914
8039	3	1	855	42	0	901
8040	795	2	27	15	0	839
8041	30	2	13	880	0	925
8042	17	3	872	28	0	920
8043	3	843	28	19	0	893
8044	2	28	13	886	0	929
8045	1	15	4	909	0	929
8046	885	3	4	44	0	936
8047	29	844	3	20	0	896
8048	15	30	861	7	0	913
8049	6	17	28	831	0	882
8050	4	3	17	903	0	927
8051	887	0	5	46	0	938
8052	888	1	7	20	0	916
8053	44	2	4	891	0	941
8054	919	1	2	32	0	954
8055	32	858	5	20	0	915
8056	20	27	1270	6	0	1323
8057	6	13	30	1248	0	1297
8058	2	2	16	1349	0	1369
8059	3	4	6	1357	0	1370
8060	3	1	5	1335	0	1344
8061	3	1273	7	49	0	1332
8062	1331	30	2	19	0	1382
8063	32	13	7	1314	0	1366
8064	16	1275	12	30	0	1333
8065	1316	28	3	21	0	1368
8066	1277	14	4	11	0	1306
8067	40	1693	13	5	0	1751
8068	19	30	4	1800	0	1853
8069	8	14	2	1809	0	1833
8070	5	0	9	1793	0	1807
8071	4	1	5	1823	0	1833
8072	1759	2	4	53	0	1818
8073	1766	1	6	21	0	1794
8074	40	1702	5	7	0	1754
8075	21	28	1723	9	0	1781
8076	9	16	29	1731	0	1785
8077	1803	4	18	30	0	1855
8078	28	1663	8	26	0	1725
8079	38	1668	9	7	0	1722
8080	1627	39	2	349	0	2017
8081	1955	15	5	14	0	1989
8082	49	3	5	1922	0	1979
8083	28	2	2043	40	0	2113
8084	6	6	2095	30	0	2137
8085	1990	2	12	0	0	2004
8086	2072	1	4	2	0	2079
8087	2064	0	1	1	0	2066
8088	2059	0	1	1	0	2061
8089	2073	1	0	2	0	2076
8090	14	1965	3	0	0	1982
8091	6	9	0	2066	0	2081
8092	1	1976	5	6	0	1988
8093	2093	7	1	5	0	2106
8094	2047	6	0	1	0	2054
8095	1994	1	1	1	0	1997
8096	2052	1	0	1	0	2054
8097	15	2182	2	0	0	2199
8098	2336	9	0	0	0	2345
8099	9	2199	5	0	0	2213
8100	6	8	0	2308	0	2322
8101	2305	7	3	9	0	2324
8102	11	1	2246	5	0	2263
8103	6	2	7	2148	0	2163
8104	1	0	3	2223	0	2227
8105	2	1	2253	13	0	2269
8106	0	2147	10	6	0	2163
8107	2291	8	5	2	0	2306
8108	2214	6	1	2	0	2223
8109	13	2186	8	8	0	2215
8110	6	9	1	2268	0	2284
8111	2	5	2361	6	0	2374
8112	2	2229	12	9	0	2252
8113	2354	9	5	2	0	2370
8114	8	8	2342	1	0	2359
8115	1963	1	10	1	0	1975
8116	2134	2	4	0	0	2140
8117	14	1	2166	1	0	2182
8118	5	1806	17	208	0	2036
8119	1	10	6	2141	0	2158
8120	3	7	2673	8	0	2691
8121	2377	3	13	6	0	2399
8122	2607	1	5	1	0	2614
8123	13	2445	4	6	0	2468
8124	6	10	1	2597	0	2614
8125	3	6	0	2607	0	2616
8126	6	3	2586	13	0	2608
8127	1	2401	15	9	0	2426
8128	2614	8	6	2	0	2630
8129	2555	5	4	2	0	2566
8130	2332	0	0	2	0	2334
8131	15	3	2308	1	0	2327
8132	2233	1	8	1	0	2243
8133	2348	1	5	4	0	2358
8134	14	2	0	2343	0	2359
8135	5	3	2345	9	0	2362
8136	2	3	7	2305	0	2317
8137	4	3	2340	8	0	2355
8138	1	0	8	2301	0	2310
8139	2	2217	11	11	0	2241
8140	1	2557	9	8	0	2575
8141	2	15	3	2716	0	2736
8142	3	6	3	2642	0	2654
8143	2673	1	1	12	0	2687
8144	9	5	2604	5	0	2623
8145	2466	3	8	5	0	2482
8146	8	2478	14	4	0	2504
8147	2701	7	1	2	0	2711
8148	2655	7	1	0	0	2663
8149	12	1	1	2655	0	2669
8150	6	4	2626	13	0	2649
8151	3	0	6	2623	0	2632
8152	3	2528	7	9	0	2547
8153	1	8	2	2685	0	2696
8154	2	6	1	2670	0	2679
8155	2666	3	1	13	0	2683
8156	11	1	2	2238	0	2252
8157	7	2114	6	10	0	2137
8158	0	6	1	2279	0	2286
8159	2264	5	1	8	0	2278
8160	6	2166	7	10	0	2189
8161	5	8	2	2264	0	2279
8162	0	6	2	2247	0	2255
8163	1	2	1	2234	0	2238
8164	2	4	1	2229	0	2236
8165	2247	0	0	15	0	2262
8166	7	3	1	2245	0	2256
8167	7	3	0	1802	0	1812
8168	2	0	0	1824	0	1826
8169	1	1734	2	15	0	1752
8170	1761	8	2	7	0	1778
8171	8	7	1759	5	0	1779
8172	5	1645	15	6	0	1671
8173	1750	9	2	2	0	1763
8174	11	7	1937	0	0	1955
8175	7	1820	14	6	0	1847
8176	0	11	4	1975	0	1990
8177	1	1891	5	12	0	1909
8178	2	15	1885	7	0	1909
8179	3	14	1863	1	0	1881
8180	0	1613	7	3	0	1623
8181	2245	0	0	0	0	2245
8182	2278	0	2	1	0	2281
8183	8	0	2120	0	0	2128
8184	4	1	1827	0	0	1832
8185	2	2	1908	0	0	1912
8186	1	2	12	1919	0	1934
8187	2	0	5	1912	0	1919
8188	0	0	0	1991	0	1991
8189	1	0	1969	11	0	1981
8190	1	0	8	1874	0	1883
8191	0	0	4	1976	0	1980
8192	0	1	1931	10	0	1942
8193	1847	0	12	5	0	1864
8194	19	1	4	2088	0	2112
8195	8	0	2	2101	0	2111
8196	0	1981	8	25	0	2014
8197	1892	14	3	11	0	1920
8198	21	10	1839	3	0	1873
8199	1840	0	18	4	0	1862
8200	20	2	9	1873	0	1904
8201	11	5	1851	22	0	1889
8202	4	1	23	1872	0	1900
8203	1887	2	13	21	0	1923
8204	25	7	2361	11	0	2404
8205	2344	0	24	7	0	2375
8206	2404	0	13	8	0	2425
8207	2450	1	2	8	0	2461
8208	28	2273	7	6	0	2314
8209	11	15	6	2436	0	2468
8210	2783	8	5	21	0	2817
8211	3090	1	1	12	0	3104
8212	3792	1	5	3	0	3801
8213	80	7	3643	5	0	3735
8214	4182	2	64	6	0	4254
8215	84	3	44	4519	0	4650
8216	60	10	4392	103	0	4565
8217	37	1	105	4918	0	5061
8218	17	0	61	5072	0	5150
8219	20	16	4857	183	0	5076
8220	10	3	126	4417	0	4556
8221	9	2	72	4530	0	4613
8222	12	8	5204	204	0	5428
8223	5384	1	162	111	0	5658
8224	5588	2	101	41	0	5732
8225	236	3	44	5704	0	5987
8226	121	22	5826	197	0	6166
8227	61	2	200	5913	0	6176
8228	49	5843	109	229	0	6230
8229	45	164	50	5989	0	6248
8230	38	90	40	6295	0	6463
8231	6100	37	43	308	0	6488
8232	6047	21	39	189	0	6296
8233	6240	31	28	117	0	6416
8234	325	26	28	6483	0	6862
8235	174	8	20	6815	0	7017
8236	121	44	6063	357	0	6585
8237	98	14	215	6366	0	6693
8238	105	6334	110	310	0	6859
8239	6519	204	62	185	0	6970
8240	259	6214	54	151	0	6678
8241	6330	240	57	145	0	6772
8242	282	117	71	5888	0	6358
8243	156	6101	64	306	0	6627
8244	6245	245	49	184	0	6723
8245	6310	135	55	152	0	6652
8246	355	88	51	6186	0	6680
8247	205	6123	47	320	0	6695
8248	130	253	48	6416	0	6847
8249	135	144	5925	352	0	6556
8250	6122	65	242	227	0	6656
8251	296	6092	135	185	0	6708
8252	6315	260	90	141	0	6806
8253	322	152	55	6345	0	6874
8254	6403	91	68	337	0	6899
8255	349	102	6042	209	0	6702
8256	6339	90	236	135	0	6800
8257	6495	77	123	139	0	6834
8258	443	77	6034	156	0	6710
8259	296	56	243	6161	0	6756
8260	215	45	163	6461	0	6884
8261	6241	45	99	407	0	6792
8262	364	6089	81	262	0	6796
8263	219	258	65	6378	0	6920
8264	149	167	6030	384	0	6730
8265	167	92	5952	270	0	6481
8266	148	6004	342	193	0	6687
8267	174	306	6125	128	0	6733
8268	5688	181	760	161	0	6790
8269	321	116	194	6166	0	6797
8270	6346	85	151	336	0	6918
8271	355	107	6083	218	0	6763
8272	239	89	293	6123	0	6744
8273	203	72	195	6401	0	6871
8274	193	75	5832	428	0	6528
8275	158	70	304	6251	0	6783
8276	6062	61	176	405	0	6704
8277	6217	76	132	285	0	6710
8278	447	60	98	6169	0	6774
8279	6172	67	112	389	0	6740
8280	6253	56	100	272	0	6681
8281	468	5457	119	211	0	6255
8282	304	253	103	5581	0	6241
8283	5598	137	108	374	0	6217
8284	402	76	115	5672	0	6265
8285	5544	82	82	376	0	6084
8286	418	97	71	5572	0	6158
8287	274	87	5236	422	0	6019
8288	209	5381	270	311	0	6171
8289	178	255	173	4775	0	5381
8290	185	5449	135	327	0	6096
8291	5345	293	122	224	0	5984
8292	346	4984	113	208	0	5651
8293	202	4965	113	187	0	5467
8294	182	334	95	5027	0	5638
8295	4980	205	83	354	0	5622
8296	365	162	62	5055	0	5644
8297	5031	117	69	373	0	5590
8298	4944	122	67	255	0	5388
8299	413	4820	83	222	0	5538
8300	5044	255	75	178	0	5552
8301	5176	157	58	193	0	5584
8302	5251	96	77	171	0	5595
8303	511	86	4650	144	0	5391
8304	306	93	230	4388	0	5017
8305	263	100	132	4601	0	5096
8306	230	99	4168	398	0	4895
8307	4446	97	242	248	0	5033
8308	4628	102	143	188	0	5061
8309	4718	98	103	151	0	5070
8310	4204	90	69	182	0	4545
8311	464	3962	78	157	0	4661
8312	3481	167	64	145	0	3857
8313	359	85	52	3399	0	3895
8314	243	70	2671	234	0	3218
8315	2660	56	118	90	0	2924
8316	245	2606	66	94	0	3011
8317	2182	127	30	64	0	2403
8318	215	2070	36	70	0	2391
8319	128	2097	52	64	0	2341
8320	95	2081	53	83	0	2312
8321	92	2184	53	79	0	2408
8322	48	94	968	219	0	1329
8323	36	15	53	647	0	751
8324	60	16	620	48	0	744
8325	520	5	32	8	0	565
8326	67	472	9	8	0	556
8327	43	511	2	12	0	568
8328	34	43	8	475	0	560
8329	24	12	6	527	0	569
8330	24	12	448	54	0	538
8331	27	17	480	19	0	543
8332	23	17	41	484	0	565
8333	28	30	473	43	0	574
8334	0	26	1	0	0	27
8335	1	1	0	27	0	29
8336	0	1	1	25	0	27
8337	0	1	27	1	0	29
8338	0	1	1	26	0	28
8339	26	1	1	1	0	29
8340	1	1	1	25	0	28
8341	0	0	0	26	0	26
8342	0	0	25	2	0	27
8343	25	0	1	0	0	26
8344	1	24	0	1	0	26
8345	0	2	0	22	0	24
8346	0	0	21	2	0	23
8347	0	0	1	25	0	26
8348	23	0	2	1	0	26
8349	2	0	23	0	0	25
8350	0	1	1	24	0	26
8351	0	2	459	2	0	463
8352	0	456	4	2	0	462
8353	0	1	479	2	0	482
8354	1	441	3	1	0	446
8355	0	2	466	0	0	468
8356	0	0	1	473	0	474
8357	1	452	2	1	0	456
8358	493	2	0	1	0	496
8359	1	0	1	490	0	492
8360	494	1	1	1	0	497
8361	2	0	1	492	0	495
8362	0	1	0	497	0	498
8363	495	1	1	2	0	499
8364	482	0	2	0	0	484
8365	1	0	0	496	0	497
8366	4	0	483	1	0	488
8367	0	467	3	1	0	471
8368	1	1	481	2	0	485
8369	1	456	3	0	0	460
8370	492	2	1	0	0	495
8371	0	0	460	0	0	460
8372	0	1	445	0	0	446
8373	0	0	1	448	0	449
8374	473	0	0	0	0	473
8375	4	0	779	1	0	784
8376	1	719	6	1	0	727
8377	819	0	0	0	0	819
8378	807	0	0	1	0	808
8379	807	0	0	1	0	808
8380	810	0	0	1	0	811
8381	802	0	0	1	0	803
8382	1	0	794	0	0	795
8383	0	0	0	1185	0	1185
8384	0	1123	2	2	0	1127
8385	1215	0	0	0	0	1215
8386	0	1142	1	0	0	1143
8387	1202	0	0	0	0	1202
8388	1198	0	0	2	0	1200
8389	0	1124	4	1	0	1129
8390	1209	0	0	0	0	1209
8391	0	0	0	1190	0	1190
8392	0	0	0	1205	0	1205
8393	0	1	1175	0	0	1176
8394	0	1095	5	1	0	1101
8395	0	0	0	1203	0	1203
8396	0	0	1	1207	0	1208
8397	0	0	0	1196	0	1196
8398	0	0	1181	0	0	1181
8399	1141	0	0	0	0	1141
8400	0	0	0	1211	0	1211
8401	1503	0	0	0	0	1503
8402	17	1	0	1503	0	1521
8403	0	1	1487	19	0	1507
8404	3	4	1500	1	0	1508
8405	1476	0	18	5	0	1499
8406	1607	0	3	1	0	1611
8407	17	1470	9	2	0	1498
8408	2	18	1538	0	0	1558
8409	3	0	20	1552	0	1575
8410	3	5	0	1509	0	1517
8411	1585	1	2	17	0	1605
8412	1581	3	1	2	0	1587
8413	1600	0	1	3	0	1604
8414	22	1	1536	1	0	1560
8415	1551	0	18	1	0	1570
8416	25	0	0	1574	0	1599
8417	2	0	2	1583	0	1587
8418	3	1	0	1593	0	1597
8419	0	1507	6	24	0	1537
8420	1595	19	0	3	0	1617
8421	17	0	0	1594	0	1611
8422	2	4	1558	24	0	1588
8423	3	2	15	1563	0	1583
8424	0	1522	5	18	0	1545
8425	1595	20	3	0	0	1618
8426	20	1	0	1577	0	1598
8427	2	3	0	1594	0	1599
8428	3	2	1555	21	0	1581
8429	0	1	20	1551	0	1572
8430	1	1510	2	21	0	1534
8431	0	17	3	1588	0	1608
8432	7	3	1550	21	0	1581
8433	2005	3	20	5	0	2033
8434	2866	0	0	5	0	2871
8435	18	2749	12	3	0	2782
8436	2917	20	0	2	0	2939
8437	3293	0	1	3	0	3297
8438	56	3193	5	9	0	3263
8439	13	63	1	3323	0	3400
8440	3323	8	0	59	0	3390
8441	57	3119	4	6	0	3186
8442	6	64	3184	7	0	3261
8443	3174	7	55	3	0	3239
8444	3336	6	5	6	0	3353
8445	3329	3	4	3	0	3339
8446	3317	3	2	1	0	3323
8447	62	3122	12	4	0	3200
8448	3334	61	2	5	0	3402
8449	3421	6	4	5	0	3436
8450	3416	5	2	4	0	3427
8451	75	4	1	2925	0	3005
8452	2944	1	0	74	0	3019
8453	62	3411	5	11	0	3489
8454	17	107	3438	5	0	3567
8455	11	9	81	3508	0	3609
8456	3547	10	17	105	0	3679
8457	106	7	3500	11	0	3624
8458	18	5	91	3516	0	3630
8459	14	10	3479	105	0	3608
8460	6	3413	104	26	0	3549
8461	9	114	10	3576	0	3709
8462	15	40	3458	102	0	3615
8463	5	3395	123	31	0	3554
8464	22	101	16	3577	0	3716
8465	3587	11	31	111	0	3740
8466	3626	35	24	32	0	3717
8467	3669	39	44	34	0	3786
8468	3676	86	66	38	0	3866
8469	3688	27	75	62	0	3852
8470	163	14	3480	95	0	3752
8471	3599	22	142	35	0	3798
8472	3643	23	104	60	0	3830
8473	132	31	55	3631	0	3849
8474	3613	44	69	138	0	3864
8475	3321	72	33	55	0	3481
8476	150	3121	43	85	0	3399
8477	71	144	69	3232	0	3516
8478	74	137	28	3363	0	3602
8479	3314	17	86	184	0	3601
8480	270	3113	17	94	0	3494
8481	233	3197	33	39	0	3502
8482	178	107	78	3251	0	3614
8483	178	28	44	3006	0	3256
8484	134	39	129	2916	0	3218
8485	98	85	83	3018	0	3284
8486	2970	16	39	262	0	3287
8487	3013	35	83	97	0	3228
8488	201	104	2797	125	0	3227
8489	139	77	126	2824	0	3166
8490	172	84	21	2971	0	3248
8491	104	97	2762	228	0	3191
8492	2831	31	95	176	0	3133
8493	241	2779	27	147	0	3194
8494	3032	171	24	53	0	3280
8495	206	116	66	2871	0	3259
8496	170	87	2774	180	0	3211
8497	130	11	144	2939	0	3224
8498	74	10	2711	358	0	3153
8499	144	2708	143	156	0	3151
8500	2655	116	329	126	0	3226
8501	2701	89	43	39	0	2872
8502	223	2867	66	108	0	3264
8503	77	121	71	3119	0	3388
8504	2970	23	50	244	0	3287
8505	144	2882	60	129	0	3215
8506	94	188	87	4040	0	4409
8507	4134	90	33	185	0	4442
8508	175	129	3835	131	0	4270
8509	3835	31	109	157	0	4132
8510	133	3828	66	201	0	4228
8511	4124	124	102	104	0	4454
8512	4132	52	48	146	0	4378
8513	176	64	4044	66	0	4350
8514	132	85	89	3785	0	4091
8515	166	43	37	4130	0	4376
8516	126	60	3983	162	0	4331
8517	144	79	111	3836	0	4170
8518	81	115	42	4005	0	4243
8519	4168	61	32	150	0	4411
8520	4103	107	21	141	0	4372
8521	195	34	115	3998	0	4342
8522	132	25	3954	202	0	4313
8523	72	38	233	3906	0	4249
8524	97	112	43	4067	0	4319
8525	158	80	3954	143	0	4335
8526	200	32	125	3940	0	4297
8527	4039	74	69	150	0	4332
8528	4011	25	95	145	0	4276
8529	196	3826	44	122	0	4188
8530	3978	148	53	149	0	4328
8531	3973	27	86	163	0	4249
8532	210	4826	19	155	0	5210
8533	4677	115	93	116	0	5001
8534	4076	26	23	74	0	4199
8535	4010	82	52	81	0	4225
8536	232	25	3775	116	0	4148
8537	3338	37	111	68	0	3554
8538	115	26	108	3503	0	3752
8539	3513	26	40	100	0	3679
8540	117	35	3396	89	0	3637
8541	98	3251	109	85	0	3543
8542	3558	80	22	101	0	3761
8543	144	4015	40	94	0	4293
8544	140	121	26	4292	0	4579
8545	145	52	28	4328	0	4553
8546	4388	47	12	149	0	4596
8547	4316	73	77	40	0	4506
8548	194	7	4102	105	0	4408
8549	111	21	3601	35	0	3768
8550	77	25	3947	40	0	4089
8551	59	17	118	3929	0	4123
8552	177	18	4057	96	0	4348
8553	1	9	3186	0	0	3196
8554	0	0	3	3287	0	3290
8555	4064	0	0	3	0	4067
8556	3960	1	0	0	0	3961
8557	3957	0	0	0	0	3957
8558	3895	0	2	0	0	3897
8559	2	0	0	3961	0	3963
8560	0	0	0	3946	0	3946
8561	1	1	3923	2	0	3927
8562	0	2	3	3709	0	3714
8563	0	5	2	3849	0	3856
8564	4040	0	0	2	0	4042
8565	4288	0	0	3	0	4291
8566	19	2	1	4381	0	4403
8567	4430	0	1	21	0	4452
8568	4352	0	1	13	0	4366
8569	31	2	0	4336	0	4369
8570	12	1	0	4333	0	4346
8571	1	1	4090	33	0	4125
8572	3	11	3858	13	0	3885
8573	0	1	30	4145	0	4176
8574	0	1	12	4282	0	4295
8575	1	2	4211	31	0	4245
8576	4008	1	19	18	0	4046
8577	4134	1	11	2	0	4148
8578	31	4	4153	0	0	4188
8579	12	3852	28	1	0	3893
8580	4286	16	9	0	0	4311
8581	20	13	4107	8	0	4148
8582	16	1	20	4036	0	4073
8583	4	6	12	4175	0	4197
8584	4289	1	2	35	0	4327
8585	4290	2	0	15	0	4307
8586	32	1	0	4910	0	4943
8587	14	0	1	4939	0	4954
8588	4997	0	0	34	0	5031
8589	4864	0	3	17	0	4884
8590	4773	0	2	4	0	4779
8591	31	5	4798	3	0	4837
8592	15	2	18	4709	0	4744
8593	0	0	16	4880	0	4896
8594	4996	1	2	32	0	5031
8595	22	4621	11	19	0	4673
8596	4961	18	3	6	0	4988
8597	22	4642	11	6	0	4681
8598	17	18	2	4882	0	4919
8599	4	13	4	4898	0	4919
8600	4	2	4790	36	0	4832
8601	0	4	24	4614	0	4642
8602	3	6	4409	22	0	4440
8603	5	1	19	4355	0	4380
8604	4	1	16	4409	0	4430
8605	4	4046	9	35	0	4094
8606	9	3349	5	14	0	3377
8607	9	30	3	3486	0	3528
8608	4	12	3	3507	0	3526
8609	7	2	2	3520	0	3531
8610	5	3	3	3465	0	3476
8611	3	2	3	3552	0	3560
8612	6	1	3423	39	0	3469
8613	6	2	17	3344	0	3369
8614	8	1	14	3508	0	3531
8615	11	4	3405	38	0	3458
8616	10	3080	22	31	0	3143
8617	8	24	14	3489	0	3535
8618	12	19	3321	23	0	3375
8619	10	3028	30	26	0	3094
8620	2	20	21	3433	0	3476
8621	3447	14	6	32	0	3499
8622	22	1	7	3435	0	3465
8623	18	5	5	3405	0	3433
8624	4	6	3	3503	0	3516
8625	7	2	3	3475	0	3487
8626	8	3154	11	42	0	3215
8627	8	21	4	4089	0	4122
8628	4559	14	3	84	0	4660
8629	69	3	6	4558	0	4636
8630	25	2	8	4562	0	4597
8631	4	2	6	4671	0	4683
8632	3484	1	6	107	0	3598
8633	3500	1	4	34	0	3539
8634	97	6	2	3520	0	3625
8635	3497	3	6	86	0	3592
8636	3474	5	4	34	0	3517
8637	95	3295	6	19	0	3415
8638	3821	75	3	13	0	3912
8639	65	3606	16	15	0	3702
8640	29	3725	10	21	0	3785
8641	11	94	9	3889	0	4003
8642	12	24	3682	97	0	3815
8643	10	4	69	2940	0	3023
8644	13	6	21	3062	0	3102
8645	11	2903	8	111	0	3033
8646	3044	78	1	50	0	3173
8647	92	25	4	3062	0	3183
8648	41	17	4043	103	0	4204
8649	25	9	65	4049	0	4148
8650	26	4442	36	98	0	4602
8651	4781	76	9	42	0	4908
8652	89	29	6	4747	0	4871
8653	32	24	4644	105	0	4805
8654	22	16	73	4982	0	5093
8655	20	4393	33	81	0	4527
8656	14	92	5	4707	0	4818
8657	4641	29	8	109	0	4787
8658	4623	18	8	46	0	4695
8659	4667	16	1	44	0	4728
8660	100	4378	13	36	0	4527
8661	4665	85	15	34	0	4799
8662	89	33	11	4644	0	4777
8663	4649	16	11	118	0	4794
8664	86	4534	23	56	0	4699
8665	27	62	5	4384	0	4478
8666	19	19	5053	81	0	5172
8667	4651	11	61	33	0	4756
8668	66	4915	23	39	0	5043
8669	24	73	8	5200	0	5305
8670	22	18	6	5242	0	5288
8671	23	15	4	5628	0	5670
8672	20	11	9	5566	0	5606
8673	30	5294	18	105	0	5447
8674	5705	86	4	36	0	5831
8675	5644	32	4	40	0	5720
8676	119	23	5862	27	0	6031
8677	53	20	73	5906	0	6052
8678	36	25	5948	104	0	6113
8679	5810	17	81	39	0	5947
8680	6102	22	25	29	0	6178
8681	6110	14	12	29	0	6165
8682	118	19	13	5931	0	6081
8683	44	5595	27	105	0	5771
8684	6085	89	4	60	0	6238
8685	98	31	6	6052	0	6187
8686	5509	26	5	123	0	5663
8687	106	28	5593	55	0	5782
8688	47	22	5475	50	0	5594
8689	5741	15	120	40	0	5916
8690	122	12	41	5789	0	5964
8691	5831	14	22	119	0	5986
8692	124	5477	34	55	0	5690
8693	5820	96	12	43	0	5971
8694	5845	45	16	32	0	5938
8695	156	26	5582	30	0	5794
8696	75	45	5332	29	0	5481
8697	51	5302	124	31	0	5508
8698	38	107	40	6337	0	6522
8699	6331	39	26	113	0	6509
8700	118	31	21	6197	0	6367
8701	51	23	19	6365	0	6458
8702	50	25	6102	144	0	6321
8703	5953	14	101	68	0	6136
8704	123	14	36	6317	0	6490
8705	62	27	6149	124	0	6362
8706	43	27	5932	61	0	6063
8707	51	20	117	6127	0	6315
8708	46	26	6075	112	0	6259
8709	42	27	6038	54	0	6161
8710	28	22	139	5755	0	5944
8711	26	22	6111	124	0	6283
8712	35	16	105	5946	0	6102
8713	35	5623	61	120	0	5839
8714	6488	95	27	65	0	6675
8715	123	6187	40	43	0	6393
8716	67	122	21	6403	0	6613
8717	40	6258	33	135	0	6466
8718	49	138	6209	56	0	6452
8719	37	46	112	8079	0	8274
8720	47	41	10010	236	0	10334
8721	10364	22	325	100	0	10811
8722	348	10736	158	66	0	11308
8723	11090	355	103	60	0	11608
8724	433	142	68	10853	0	11496
8725	11168	108	54	369	0	11699
8726	482	84	10492	171	0	11229
8727	162	10021	303	101	0	10587
8728	9979	300	114	52	0	10445
8729	343	148	84	8923	0	9498
8730	157	9635	73	233	0	10098
8731	111	327	27	10073	0	10538
8732	9495	152	28	363	0	10038
8733	297	11166	50	160	0	11673
8734	11533	382	19	112	0	12046
8735	456	193	10785	66	0	11500
8736	11169	118	347	48	0	11682
8737	483	72	146	11213	0	11914
8738	10697	54	93	351	0	11195
8739	460	10621	72	169	0	11322
8740	222	353	35	10982	0	11592
8741	157	163	24	11423	0	11767
8742	85	141	10534	524	0	11284
8743	66	77	336	10918	0	11397
8744	67	51	155	11320	0	11593
8745	75	45	108	11258	0	11486
8746	54	44	64	11484	0	11646
8747	70	42	10950	640	0	11702
8748	58	9982	403	356	0	10799
8749	70	380	161	10609	0	11220
8750	9877	171	111	488	0	10647
8751	10047	125	72	244	0	10488
8752	550	9922	61	194	0	10727
8753	10190	404	65	130	0	10789
8754	9967	185	49	117	0	10318
8755	10524	145	43	97	0	10809
8756	669	10270	45	115	0	11099
8757	10610	443	33	109	0	11195
8758	597	206	40	10437	0	11280
8759	298	182	9737	475	0	10692
8760	213	10073	418	248	0	10952
8761	166	454	167	10559	0	11346
8762	147	227	10006	519	0	10899
8763	10188	181	436	247	0	11052
8764	494	104	191	10269	0	11058
8765	261	83	158	10585	0	11087
8766	215	90	106	9776	0	10187
8767	180	81	85	10121	0	10467
8768	153	100	8985	777	0	10015
8769	9025	104	430	410	0	9969
8770	510	9242	201	327	0	10280
8771	8892	418	142	219	0	9671
8772	550	9022	109	162	0	9843
8773	9113	518	90	138	0	9859
8774	588	247	65	8953	0	9853
8775	296	203	8590	486	0	9575
8776	241	140	8578	292	0	9251
8777	162	117	529	8655	0	9463
8778	163	98	264	8903	0	9428
8779	140	113	175	9242	0	9670
8780	8684	97	121	735	0	9637
8781	525	104	8126	407	0	9162
8782	280	8145	436	328	0	9189
8783	246	8882	204	214	0	9546
8784	8631	548	142	222	0	9543
8785	540	321	8367	195	0	9423
8786	289	8532	460	166	0	9447
8787	244	511	8054	180	0	8989
8788	186	246	505	8417	0	9354
8789	171	209	8217	530	0	9127
8790	181	163	8417	331	0	9092
8791	143	132	588	8474	0	9337
8792	164	112	8249	585	0	9110
8793	154	133	8478	334	0	9099
8794	151	114	599	8424	0	9288
8795	8333	136	339	570	0	9378
8796	492	145	8077	335	0	9049
8797	288	113	486	8226	0	9113
8798	228	110	284	8214	0	8836
8799	7814	140	226	651	0	8831
8800	507	101	165	8143	0	8916
8801	7772	86	151	668	0	8677
8802	608	7654	140	374	0	8776
8803	319	438	140	7984	0	8881
8804	7795	206	137	607	0	8745
8805	8134	183	126	384	0	8827
8806	608	134	133	8052	0	8927
8807	366	128	7334	605	0	8433
8808	7505	105	447	363	0	8420
8809	525	7711	243	329	0	8808
8810	7719	414	192	280	0	8605
8811	8119	211	140	259	0	8729
8812	8262	190	124	250	0	8826
8813	720	134	7382	243	0	8479
8814	414	7313	459	222	0	8408
8815	324	421	253	7177	0	8175
8816	216	247	203	7736	0	8402
8817	226	231	6900	620	0	7977
8818	210	7226	445	416	0	8297
8819	127	5586	166	243	0	6122
8820	56	3446	79	70	0	3651
8821	2624	175	226	60	0	3085
8822	141	77	33	2636	0	2887
8823	64	55	40	2761	0	2920
8824	45	46	2528	171	0	2790
8825	2639	32	108	102	0	2881
8826	127	30	59	2684	0	2900
8827	78	19	49	2757	0	2903
8828	62	39	2503	170	0	2774
8829	47	2613	124	98	0	2882
8830	34	115	55	2637	0	2841
8831	42	63	2470	154	0	2729
8832	34	2656	136	93	0	2919
8833	1231	61	26	36	0	1354
8834	69	25	1185	25	0	1304
8835	24	27	68	1100	0	1219
8836	24	1228	21	73	0	1346
8837	1229	65	31	23	0	1348
8838	74	21	22	1253	0	1370
8839	1245	28	13	79	0	1365
8840	1235	17	25	30	0	1307
8841	72	1239	20	31	0	1362
8842	1389	65	12	28	0	1494
8843	1449	19	17	30	0	1515
8844	76	22	1471	31	0	1600
8845	1562	13	63	29	0	1667
8846	84	16	1515	23	0	1638
8847	1006	17	33	17	0	1073
8848	1032	15	8	20	0	1075
8849	56	7	1252	11	0	1326
8850	35	13	29	1282	0	1359
8851	34	9	1245	35	0	1323
8852	23	14	1237	17	0	1291
8853	18	11	1230	30	0	1289
8854	18	662	51	621	0	1352
8855	0	0	0	881	0	881
8856	0	0	0	887	0	887
8857	1	0	0	897	0	898
8858	0	3	1408	3	0	1414
8859	1	0	2	1412	0	1415
8860	0	1405	2	4	0	1411
8861	0	5	1462	0	0	1467
8862	1	0	2	1416	0	1419
8863	0	1	1485	3	0	1489
8864	0	1401	4	7	0	1412
8865	0	1437	2	5	0	1444
8866	0	2	2	1504	0	1508
8867	0	2	1472	6	0	1480
8868	0	4	1398	4	0	1406
8869	1	3	4	1466	0	1474
8870	1	1	4	1452	0	1458
8871	1	0	2	1498	0	1501
8872	2	2	2065	6	0	2075
8873	1	2014	9	6	0	2030
8874	1	2046	3	5	0	2055
8875	0	6	3	2136	0	2145
8876	4	2	2119	2	0	2127
8877	2	3	2033	3	0	2041
8878	0	2031	5	8	0	2044
8879	2125	2	5	2	0	2134
8880	2	1987	5	7	0	2001
8881	3	6	2028	3	0	2040
8882	2066	4	3	3	0	2076
8883	3	3	3	2150	0	2159
8884	2152	1	3	6	0	2162
8885	4	3	3	2134	0	2144
8886	1	3	3	2139	0	2146
8887	2147	2	2	6	0	2157
8888	5	2056	2	8	0	2071
8889	2	6	2074	2	0	2084
8890	3	2054	6	0	0	2063
8891	2150	5	1	2	0	2158
8892	3	2052	6	5	0	2066
8893	2150	3	2	1	0	2156
8894	2140	1	1	4	0	2146
8895	3	2336	9	4	0	2352
8896	6	4	0	2482	0	2492
8897	2497	2	1	5	0	2505
8898	2468	4	2	2	0	2476
8899	3	4	1	2432	0	2440
8900	6	5	2413	4	0	2428
8901	2	8	2340	3	0	2353
8902	4	1	4	2402	0	2411
8903	2	6	2408	2	0	2418
8904	2235	3	7	7	0	2252
8905	6	2215	9	3	0	2233
8906	5	4	2	2438	0	2449
8907	4	2	1	2450	0	2457
8908	1	2	2	2409	0	2414
8909	3	4	2	2368	0	2377
8910	3	4	2	2413	0	2422
8911	5	2	2383	11	0	2401
8912	5	2232	8	12	0	2257
8913	2427	5	4	5	0	2441
8914	2	5	3	2967	0	2977
8915	3	3	3	2972	0	2981
8916	4	0	1	3015	0	3020
8917	0	2877	10	36	0	2923
8918	3	21	3	3039	0	3066
8919	1	7	2	3041	0	3051
8920	2983	11	1	31	0	3026
8921	18	2852	4	19	0	2893
8922	8	2917	9	12	0	2946
8923	9	35	2	3408	0	3454
8924	3406	11	1	28	0	3446
8925	22	10	3278	12	0	3322
8926	3064	4	22	15	0	3105
8927	29	7	3255	13	0	3304
8928	8	4	23	3280	0	3315
8929	12	5	8	3282	0	3307
8930	3	8	10	3347	0	3368
8931	6	4	5	3301	0	3316
8932	5	6	2	3311	0	3324
8933	3293	6	3	34	0	3336
8934	24	6	3273	22	0	3325
8935	8	7	19	3286	0	3320
8936	26	6	3229	25	0	3286
8937	7	3066	37	23	0	3133
8938	3255	21	9	18	0	3303
8939	31	12	3912	11	0	3966
8940	5	15	21	3833	0	3874
8941	12	7	6	3918	0	3943
8942	8	5	3853	33	0	3899
8943	15	4	3718	20	0	3757
8944	5	3	30	3515	0	3553
8945	3707	5	16	24	0	3752
8946	3701	7	14	15	0	3737
8947	29	3567	10	20	0	3626
8948	3757	20	9	8	0	3794
8949	29	6	3	3400	0	3438
8950	13	3506	12	32	0	3563
8951	12	21	5	3692	0	3730
8952	12	8	3613	36	0	3669
8953	4	8	26	3492	0	3530
8954	5	4	10	3646	0	3665
8955	3404	3	9	28	0	3444
8956	21	3265	8	14	0	3308
8957	3389	16	5	8	0	3418
8958	23	2720	9	12	0	2764
8959	2739	24	4	5	0	2772
8960	24	2715	7	7	0	2753
8961	9	2788	6	5	0	2808
8962	2840	23	3	5	0	2871
8963	21	10	4	2732	0	2767
8964	9	2718	4	23	0	2754
8965	2832	18	2	12	0	2864
8966	2715	9	5	10	0	2739
8967	2766	10	2	10	0	2788
8968	2793	7	1	8	0	2809
8969	33	2673	8	6	0	2720
8970	19	20	2	2745	0	2786
8971	14	6	5	2791	0	2816
8972	2704	12	1	27	0	2744
8973	22	7	2	2646	0	2677
8974	2690	4	4	30	0	2728
8975	26	5	2591	13	0	2635
8976	2434	2	18	13	0	2467
8977	27	8	2581	11	0	2627
8978	14	6	23	2550	0	2593
8979	2690	5	6	23	0	2724
8980	26	2501	9	11	0	2547
8981	2666	22	3	15	0	2706
8982	25	2482	9	15	0	2531
8983	13	25	3	3523	0	3564
8984	15	17	3405	22	0	3459
8985	3113	14	19	14	0	3160
8986	24	3336	8	19	0	3387
8987	9	20	11	3514	0	3554
8988	13	11	7	3496	0	3527
8989	12	9	5	3453	0	3479
8990	14	5	3423	31	0	3473
8991	11	3288	30	23	0	3352
8992	3471	20	7	18	0	3516
8993	3440	6	9	9	0	3464
8994	27	3368	13	11	0	3419
8995	3645	20	6	10	0	3681
8996	28	7	4	3594	0	3633
8997	15	3439	6	27	0	3487
8998	3600	22	6	11	0	3639
8999	26	11	3411	16	0	3464
9000	12	3274	27	15	0	3328
9001	13	22	9	3581	0	3625
9002	10	6	11	3625	0	3652
9003	7	14	3907	26	0	3954
9004	9	7	19	3743	0	3778
9005	9	10	4057	30	0	4106
9006	7	6	28	3999	0	4040
9007	6	4	9	4132	0	4151
9008	4	7	10	4122	0	4143
9009	10	6	6	4084	0	4106
9010	8	10	3943	32	0	3993
9011	11	14	3710	20	0	3755
9012	9	3961	36	24	0	4030
9013	11	42	13	4532	0	4598
9014	11	11	4474	27	0	4523
9015	0	4268	70	22	0	4360
9016	0	56	18	4641	0	4715
9017	3	22	4534	57	0	4616
9018	4185	15	69	20	0	4289
9019	5075	9	24	13	0	5121
9020	104	6	12	5065	0	5187
9021	47	9	4958	93	0	5107
9022	33	1	89	4980	0	5103
9023	4793	2	34	118	0	4947
9024	91	4537	45	53	0	4726
9025	4860	88	13	37	0	4998
9026	4896	32	8	16	0	4952
9027	137	33	2	5803	0	5975
9028	73	15	2	5827	0	5917
9029	40	8	3	5958	0	6009
9030	22	2	8	5926	0	5958
9031	14	3	2	6012	0	6031
9032	5876	3	2	173	0	6054
9033	5885	7	3	84	0	5979
9034	5960	2	5	54	0	6021
9035	158	7	5676	26	0	5867
9036	5607	7	91	25	0	5730
9037	140	7	36	5845	0	6028
9038	59	12	5643	114	0	5828
9039	45	4879	110	58	0	5092
9040	28	94	44	5167	0	5333
9041	24	44	30	5180	0	5278
9042	22	4993	27	135	0	5177
9043	24	102	19	5793	0	5938
9044	20	52	5573	157	0	5802
9045	30	43	5513	83	0	5669
9046	24	14	150	5730	0	5918
9047	5724	11	78	144	0	5957
9048	5629	9	51	74	0	5763
9049	158	18	5538	63	0	5777
9050	100	5104	113	44	0	5361
9051	74	5420	54	38	0	5586
9052	5372	139	42	35	0	5588
9053	133	72	5379	38	0	5622
9054	62	43	123	5457	0	5685
9055	5526	23	46	158	0	5753
9056	138	5201	44	81	0	5464
9057	72	5375	36	72	0	5555
9058	5536	136	23	52	0	5747
9059	143	77	13	5513	0	5746
9060	5560	52	22	141	0	5775
9061	174	24	21	5811	0	6030
9062	80	18	28	5938	0	6064
9063	73	20	5625	189	0	5907
9064	49	20	110	5680	0	5859
9065	47	18	58	5961	0	6084
9066	5793	27	54	199	0	6073
9067	135	28	26	5901	0	6090
9068	71	23	5612	204	0	5910
9069	5560	21	122	97	0	5800
9070	137	20	63	5875	0	6095
9071	5812	19	58	164	0	6053
9072	175	5000	41	95	0	5311
9073	85	5177	43	92	0	5397
9074	5385	151	24	65	0	5625
9075	5406	91	18	56	0	5571
9076	179	64	34	5337	0	5614
9077	116	48	5195	149	0	5508
9078	86	35	135	5377	0	5633
9079	5335	25	61	198	0	5619
9080	180	5138	61	93	0	5472
9081	76	132	44	5392	0	5644
9082	5418	70	36	162	0	5686
9083	183	82	4312	82	0	4659
9084	4406	47	118	85	0	4656
9085	4566	31	64	64	0	4725
9086	204	26	4365	71	0	4666
9087	139	28	4256	87	0	4510
9088	98	32	172	4153	0	4455
9089	52	42	96	4622	0	4812
9090	65	4717	71	210	0	5063
9091	69	145	44	4943	0	5201
9092	55	57	5915	248	0	6275
9093	69	63	160	5956	0	6248
9094	57	27	67	6362	0	6513
9095	51	29	5612	252	0	5944
9096	59	5464	176	146	0	5845
9097	49	153	71	5835	0	6108
9098	56	66	56	5979	0	6157
9099	6093	60	42	229	0	6424
9100	183	44	37	6111	0	6375
9101	95	44	5834	239	0	6212
9102	5853	20	152	122	0	6147
9103	5710	22	80	118	0	5930
9104	5790	31	70	63	0	5954
9105	253	51	5289	72	0	5665
9106	137	30	158	5398	0	5723
9107	113	38	64	5621	0	5836
9108	64	31	69	5727	0	5891
9109	5481	20	53	287	0	5841
9110	184	5351	59	156	0	5750
9111	100	163	5973	129	0	6365
9112	97	5800	153	71	0	6121
9113	55	6090	79	63	0	6287
9114	30	5406	52	60	0	5548
9115	39	169	25	5448	0	5681
9116	37	88	5756	133	0	6014
9117	5267	57	114	77	0	5515
9118	120	5888	68	70	0	6146
9119	5461	67	23	28	0	5579
9120	74	5366	26	30	0	5496
9121	5564	78	14	31	0	5687
9122	80	5337	24	35	0	5476
9123	37	93	5293	29	0	5452
9124	36	36	65	5288	0	5425
9125	26	24	31	5597	0	5678
9126	5569	17	25	95	0	5706
9127	72	12	17	4704	0	4805
9128	31	26	4555	97	0	4709
9129	31	27	65	4623	0	4746
9130	26	48	4511	90	0	4675
9131	18	4479	81	52	0	4630
9132	31	80	26	4373	0	4510
9133	24	4474	39	86	0	4623
9134	4659	92	29	30	0	4810
9135	81	41	16	4674	0	4812
9136	41	31	4562	89	0	4723
9137	43	30	4397	35	0	4505
9138	4457	35	85	44	0	4621
9139	81	31	42	4614	0	4768
9140	32	33	4490	101	0	4656
9141	39	36	4239	47	0	4361
9142	34	4416	94	52	0	4596
9143	17	68	36	3765	0	3886
9144	21	3888	38	66	0	4013
9145	10	74	22	4064	0	4170
9146	4048	27	25	83	0	4183
9147	57	29	22	4052	0	4160
9148	25	32	21	4313	0	4391
9149	4252	28	17	106	0	4403
9150	76	26	26	4983	0	5111
9151	41	24	29	4862	0	4956
9152	39	4789	29	165	0	5022
9153	4951	104	33	87	0	5175
9154	5010	63	30	50	0	5153
9155	157	37	23	4991	0	5208
9156	78	32	30	5047	0	5187
9157	54	20	30	5026	0	5130
9158	28	4640	30	190	0	4888
9159	24	4903	41	108	0	5076
9160	32	157	24	5055	0	5268
9161	4597	71	21	133	0	4822
9162	4573	52	17	75	0	4717
9163	141	4549	25	64	0	4779
9164	4505	122	24	42	0	4693
9165	120	4541	25	54	0	4740
9166	64	4604	30	50	0	4748
9167	51	150	13	4705	0	4919
9168	4562	86	18	141	0	4807
9169	114	4453	25	80	0	4672
9170	68	4546	31	74	0	4719
9171	55	159	26	4627	0	4867
9172	48	94	20	4745	0	4907
9173	36	57	4423	186	0	4702
9174	4425	36	109	106	0	4676
9175	4621	40	58	77	0	4796
9176	153	58	4509	51	0	4771
9177	91	53	4424	60	0	4628
9178	55	44	143	4522	0	4764
9179	43	38	74	4614	0	4769
9180	42	4468	56	167	0	4733
9181	37	137	31	5246	0	5451
9182	43	102	4966	167	0	5278
9183	42	66	117	5161	0	5386
9184	45	43	61	5279	0	5428
9185	5184	39	41	210	0	5474
9186	129	49	5042	113	0	5333
9187	5070	41	126	77	0	5314
9188	151	50	5082	67	0	5350
9189	69	28	100	4755	0	4952
9190	55	36	4641	113	0	4845
9191	39	26	4632	100	0	4797
9192	34	36	130	3532	0	3732
9193	3444	25	91	119	0	3679
9194	3412	32	42	101	0	3587
9195	121	3066	30	81	0	3298
9196	3165	92	30	60	0	3347
9197	3065	60	23	62	0	3210
9198	138	3043	25	70	0	3276
9199	92	93	34	3727	0	3946
9200	52	61	29	3896	0	4038
9201	36	45	24	3920	0	4025
9202	46	34	24	4008	0	4112
9203	43	46	3632	247	0	3968
9204	3585	25	136	137	0	3883
9205	155	27	81	3789	0	4052
9206	102	31	44	3710	0	3887
9207	59	3685	34	230	0	4008
9208	55	141	24	3881	0	4101
9209	47	107	3546	194	0	3894
9210	3665	47	133	134	0	3979
9211	126	24	2906	55	0	3111
9212	80	18	119	3551	0	3768
9213	3408	12	67	192	0	3679
9214	161	3397	31	90	0	3679
9215	80	153	13	3537	0	3783
9216	37	75	2841	185	0	3138
9217	18	29	161	3030	0	3238
9218	2900	12	73	213	0	3198
9219	181	22	2821	95	0	3119
9220	86	21	2865	40	0	3012
9221	35	2900	207	34	0	3176
9222	2807	164	85	37	0	3093
9223	173	2852	34	47	0	3106
9224	72	193	2840	33	0	3138
9225	32	76	2881	49	0	3038
9226	19	2925	220	51	0	3215
9227	2769	174	88	38	0	3069
9228	168	2935	46	36	0	3185
9229	79	181	24	2824	0	3108
9230	39	74	28	3078	0	3219
9231	25	41	3650	249	0	3965
9232	29	22	172	3816	0	4039
9233	28	31	3725	209	0	3993
9234	3695	15	187	113	0	4010
9235	3915	17	93	64	0	4089
9236	4045	20	47	47	0	4159
9237	268	25	3680	44	0	4017
9238	3791	27	177	59	0	4054
9239	210	28	84	3493	0	3815
9240	94	3673	45	183	0	3995
9241	3829	171	40	110	0	4150
9242	192	80	3644	57	0	3973
9243	3784	33	184	46	0	4047
9244	3941	22	97	48	0	4108
9245	250	28	3694	46	0	4018
9246	122	3670	190	37	0	4019
9247	149	373	90	3511	0	4123
9248	43	64	3527	187	0	3821
9249	53	38	3636	89	0	3816
9250	24	23	184	2844	0	3075
9251	36	18	2827	156	0	3037
9252	40	19	140	2819	0	3018
9253	32	23	58	2804	0	2917
9254	24	23	37	3021	0	3105
9255	45	14	2817	169	0	3045
9256	26	19	133	2896	0	3074
9257	37	22	2834	154	0	3047
9258	39	21	143	2924	0	3127
9259	2876	24	67	165	0	3132
9260	146	23	40	2780	0	2989
9261	74	2790	34	144	0	3042
9262	26	135	42	2946	0	3149
9263	2779	52	43	165	0	3039
9264	135	2800	45	83	0	3063
9265	58	138	35	2904	0	3135
9266	2901	54	45	151	0	3151
9267	149	31	2791	87	0	3058
9268	66	24	150	2835	0	3075
9269	45	31	2797	162	0	3035
9270	30	26	2836	72	0	2964
9271	34	18	174	2841	0	3067
9272	2894	20	91	154	0	3159
9273	155	35	2767	74	0	3031
9274	2838	21	144	57	0	3060
9275	144	24	77	2862	0	3107
9276	65	27	2791	170	0	3053
9277	60	21	2735	86	0	2902
9278	33	23	2839	47	0	2942
9279	42	564	180	2183	0	2969
9280	2792	25	80	156	0	3053
9281	128	2552	61	62	0	2803
9282	66	120	33	2568	0	2787
9283	46	50	27	2772	0	2895
9284	2671	18	47	165	0	2901
9285	2664	30	33	68	0	2795
9286	145	2537	32	50	0	2764
9287	2678	128	46	26	0	2878
9288	2744	49	39	32	0	2864
9289	172	17	27	2666	0	2882
9290	57	19	2571	133	0	2780
9291	2596	22	126	69	0	2813
9292	131	13	62	2666	0	2872
9293	53	18	39	2776	0	2886
9294	2684	13	44	171	0	2912
9295	143	10	31	2671	0	2855
9296	65	12	46	2751	0	2874
9297	2595	19	23	177	0	2814
9298	150	2551	36	82	0	2819
9299	1768	59	7	14	0	1848
9300	66	9	1693	10	0	1778
9301	1670	6	57	16	0	1749
9302	74	3	14	1706	0	1797
9303	15	1688	14	61	0	1778
9304	19	56	5	1774	0	1854
9305	10	9	8	1795	0	1822
9306	9	8	9	1790	0	1816
9307	1771	2	6	77	0	1856
9308	64	1661	10	19	0	1754
9309	15	1727	6	13	0	1761
9310	1764	66	8	12	0	1850
9311	69	15	1657	15	0	1756
9312	2	3	998	0	0	1003
9313	1075	0	2	0	0	1077
9314	2	5	1089	0	0	1096
9315	0	1	1	1074	0	1076
9316	0	1	0	1053	0	1054
9317	0	0	0	1126	0	1126
9318	0	0	0	1120	0	1120
9319	0	1031	3	4	0	1038
9320	0	1	1	1149	0	1151
9321	2	1	1088	1	0	1092
9322	1	2	3	1065	0	1071
9323	0	0	1084	1	0	1085
9324	0	4	1016	1	0	1021
9325	0	1	1	1077	0	1079
9326	0	0	1118	1	0	1119
9327	0	0	1	1067	0	1068
9328	1082	0	0	1	0	1083
9329	1	1	1078	0	0	1080
9330	922	0	2	2	0	926
9331	1	0	0	381	0	382
9332	1	0	374	1	0	376
9333	0	370	2	0	0	372
9334	0	2	0	378	0	380
9335	1	0	382	1	0	384
9336	0	0	1	371	0	372
9337	387	0	0	1	0	388
9338	377	0	0	1	0	378
9339	377	1	1	2	0	381
9340	1	0	0	373	0	374
9341	0	1	0	383	0	384
9342	0	0	1	390	0	391
9343	391	0	0	1	0	392
9344	1	379	1	1	0	382
9345	0	1	0	388	0	389
9346	0	0	0	382	0	382
9347	385	0	0	2	0	387
9348	1	364	1	0	0	366
9349	0	1	0	998	0	999
9350	992	0	0	15	0	1007
9351	993	1	0	7	0	1001
9352	26	1	0	1000	0	1027
9353	1018	0	0	22	0	1040
9354	26	0	0	1018	0	1044
9355	12	1	1360	21	0	1394
9356	8	3	15	1369	0	1395
9357	5	0	8	1421	0	1434
9358	2	0	5	1434	0	1441
9359	1416	0	4	30	0	1450
9360	17	1383	2	21	0	1423
9361	1389	15	0	12	0	1416
9362	21	1377	1	9	0	1408
9363	13	1372	4	2	0	1391
9364	1396	30	0	3	0	1429
9365	18	2226	5	2	0	2251
9366	9	26	0	2364	0	2399
9367	2378	13	1	19	0	2411
9368	2354	7	0	8	0	2369
9369	29	5	0	2351	0	2385
9370	15	4	0	2355	0	2374
9371	11	2284	1	23	0	2319
9372	2373	17	1	15	0	2406
9373	2328	8	1	14	0	2351
9374	30	2755	5	16	0	2806
9375	16	2836	5	6	0	2863
9376	19	22	0	2936	0	2977
9377	2949	11	1	24	0	2985
9378	18	10	5	2891	0	2924
9379	9	6	1	2933	0	2949
9380	9	7	2870	36	0	2922
9381	10	2	2459	21	0	2492
9382	7	1	22	2494	0	2524
9383	3	9	2514	25	0	2551
9384	6	2408	29	14	0	2457
9385	5	23	13	2552	0	2593
9386	6	13	6	2572	0	2597
9387	8	6	5	2583	0	2602
9388	5	10	2526	34	0	2575
9389	9	8	2351	24	0	2392
9390	2449	2	22	17	0	2490
9391	26	2412	20	15	0	2473
9392	2586	20	9	12	0	2627
9393	23	9	8	2564	0	2604
9394	2600	9	3	28	0	2640
9395	32	6	2	2541	0	2581
9396	19	2487	10	32	0	2548
9397	2643	20	3	20	0	2686
9398	29	19	2578	9	0	2635
9399	13	2488	24	14	0	2539
9400	2644	27	8	6	0	2685
9401	29	18	5	2609	0	2661
9402	18	2406	17	22	0	2463
9403	13	22	7	2655	0	2697
9404	2634	14	6	28	0	2682
9405	19	7	7	2644	0	2677
9406	2630	6	12	28	0	2676
9407	31	14	2552	21	0	2618
9408	21	2	16	2585	0	2624
9409	2617	4	8	34	0	2663
9410	27	12	2534	20	0	2593
9411	16	2388	35	16	0	2455
9412	15	19	13	2576	0	2623
9413	14	18	2488	24	0	2544
9414	9	20	2433	14	0	2476
9415	12	10	27	2475	0	2524
9416	11	9	2471	31	0	2522
9417	16	13	2424	22	0	2475
9418	10	2	28	2424	0	2464
9419	2559	12	21	28	0	2620
9420	25	5	11	2531	0	2572
9421	14	5	15	2541	0	2575
9422	10	10	2497	38	0	2555
9423	17	4	18	2467	0	2506
9424	2510	5	15	40	0	2570
9425	19	13	2468	28	0	2528
9426	11	2288	35	29	0	2363
9427	18	20	13	3176	0	3227
9428	3163	9	8	32	0	3212
9429	31	10	9	3136	0	3186
9430	16	3043	11	25	0	3095
9431	12	24	3028	24	0	3088
9432	17	14	18	3083	0	3132
9433	3857	7	17	32	0	3913
9434	76	20	3734	19	0	3849
9435	31	9	70	4306	0	4416
9436	4350	3	31	101	0	4485
9437	4296	5	25	45	0	4371
9438	118	4168	23	31	0	4340
9439	4627	86	24	20	0	4757
9440	150	35	9	5448	0	5642
9441	54	51	5887	158	0	6150
9442	38	5749	149	68	0	6004
9443	28	6114	57	35	0	6234
9444	22	194	17	6157	0	6390
9445	21	62	21	6356	0	6460
9446	23	46	5874	204	0	6147
9447	20	5704	158	84	0	5966
9448	20	6073	79	46	0	6218
9449	2	161	16	5596	0	5775
9450	5498	58	14	143	0	5713
9451	142	5303	20	49	0	5514
9452	55	148	6	5633	0	5842
9453	5540	51	7	160	0	5758
9454	145	28	6	5593	0	5772
9455	53	23	13	5299	0	5388
9456	19	25	9	5391	0	5444
9457	21	22	7	5434	0	5484
9458	5205	21	11	218	0	5455
9459	145	18	5	5322	0	5490
9460	51	32	5018	180	0	5281
9461	5002	16	141	87	0	5246
9462	161	26	4938	43	0	5168
9463	64	30	5186	43	0	5323
9464	26	23	179	5216	0	5444
9465	28	22	46	4572	0	4668
9466	27	12	30	4821	0	4890
9467	4704	17	19	211	0	4951
9468	152	21	4542	99	0	4814
9469	4537	12	145	54	0	4748
9470	4706	11	51	57	0	4825
9471	201	20	4999	50	0	5270
9472	5034	22	142	38	0	5236
9473	180	22	5012	47	0	5261
9474	77	4538	162	40	0	4817
9475	50	134	55	5136	0	5375
9476	41	46	42	5266	0	5395
9477	38	20	39	5218	0	5315
9478	28	24	35	5298	0	5385
9479	29	19	5025	242	0	5315
9480	36	17	5041	106	0	5200
9481	35	29	179	5154	0	5397
9482	32	24	5134	195	0	5385
9483	4989	29	168	80	0	5266
9484	5296	21	79	65	0	5461
9485	202	16	43	5235	0	5496
9486	5208	20	35	185	0	5448
9487	181	5024	47	99	0	5351
9488	5218	152	32	65	0	5467
9489	179	65	4957	63	0	5264
9490	77	35	152	4938	0	5202
9491	58	4942	71	179	0	5250
9492	5193	161	37	93	0	5484
9493	178	49	43	5228	0	5498
9494	87	40	5045	206	0	5378
9495	62	28	167	5181	0	5438
9496	5183	30	75	211	0	5499
9497	199	26	4925	112	0	5262
9498	87	21	174	5072	0	5354
9499	67	26	67	5223	0	5383
9500	72	28	4899	250	0	5249
9501	53	4649	178	127	0	5007
9502	63	4600	99	103	0	4865
9503	57	192	59	5073	0	5381
9504	58	83	62	5181	0	5384
9505	53	62	45	5336	0	5496
9506	5113	38	50	262	0	5463
9507	5102	43	51	141	0	5337
9508	226	46	35	5183	0	5490
9509	5151	45	47	235	0	5478
9510	190	4910	38	130	0	5268
9511	95	175	37	5153	0	5460
9512	68	77	47	5281	0	5473
9513	60	51	32	5347	0	5490
9514	5089	32	47	295	0	5463
9515	182	4886	45	163	0	5276
9516	90	160	47	5213	0	5510
9517	5654	78	27	264	0	6023
9518	198	46	31	5675	0	5950
9519	87	34	29	5735	0	5885
9520	73	5121	34	299	0	5527
9521	71	5484	44	158	0	5757
9522	64	163	43	5708	0	5978
9523	75	67	45	5820	0	6007
9524	5612	43	48	273	0	5976
9525	193	31	45	5689	0	5958
9526	111	30	5377	272	0	5790
9527	71	27	167	4986	0	5251
9528	84	4784	74	234	0	5176
9529	5053	147	42	148	0	5390
9530	207	62	70	4999	0	5338
9531	121	45	39	5116	0	5321
9532	76	4874	53	265	0	5268
9533	4278	91	24	64	0	4457
9534	109	4184	22	73	0	4388
9535	35	70	9	3843	0	3957
9536	26	33	3676	93	0	3828
9537	27	23	66	3683	0	3799
9538	3424	14	364	101	0	3903
9539	61	3261	22	50	0	3394
9540	1	6	0	2640	0	2647
9541	3	1796	5	8	0	1812
9542	3	8	0	1956	0	1967
9543	2	4	1899	8	0	1913
9544	3	1	5	1843	0	1852
9545	1	0	2	1909	0	1912
9546	0	4	1	1945	0	1950
9547	1916	1	0	9	0	1926
9548	1864	2	0	6	0	1872
9549	5	1828	3	5	0	1841
9550	1912	6	1	1	0	1920
9551	6	1803	7	5	0	1821
9552	3	1824	5	2	0	1834
9553	1891	5	0	3	0	1899
9554	5	5	1785	3	0	1798
9555	1	4	5	1750	0	1760
9556	2	2	1	1845	0	1850
9557	0	2	1	1891	0	1894
9558	1902	0	0	11	0	1913
9559	5	1763	4	7	0	1779
9560	2	3	0	1879	0	1884
9561	2	1714	14	8	0	1738
9562	1835	5	1	2	0	1843
9563	4	3	1	1576	0	1584
9564	5	4	1	2846	0	2856
9565	4	3317	9	79	0	3409
9566	2	86	0	3504	0	3592
9567	2	39	0	3547	0	3588
9568	3324	13	0	131	0	3468
9569	74	3257	3	62	0	3396
9570	31	3648	7	41	0	3727
9571	15	119	2	3209	0	3345
9572	17	56	2970	109	0	3152
9573	12	39	2950	59	0	3060
9574	16	22	104	3123	0	3265
9575	6	27	2737	101	0	2871
9576	6	20	104	2812	0	2942
9577	3	11	60	2850	0	2924
9578	3	10	36	2976	0	3025
9579	2772	4	32	166	0	2974
9580	87	7	17	2898	0	3009
9581	41	6	14	2872	0	2933
9582	16	2682	9	179	0	2886
9583	22	100	4	3539	0	3665
9584	14	64	3197	230	0	3505
9585	16	18	153	3521	0	3708
9586	20	26	81	3647	0	3774
9587	3352	35	33	299	0	3719
9588	160	42	31	3523	0	3756
9589	85	16	20	3626	0	3747
9590	26	9	26	3759	0	3820
9591	3222	7	24	332	0	3585
9592	166	3339	17	186	0	3708
9593	94	181	17	3518	0	3810
9594	36	93	15	3684	0	3828
9595	28	46	3206	320	0	3600
9596	17	24	168	3589	0	3798
9597	3270	24	91	253	0	3638
9598	158	3345	35	186	0	3724
9599	82	165	29	4092	0	4368
9600	33	108	20	4310	0	4471
9601	28	36	3879	321	0	4264
9602	3844	25	176	176	0	4221
9603	169	3950	82	129	0	4330
9604	4084	178	33	103	0	4398
9605	189	112	28	4085	0	4414
9606	110	45	20	4259	0	4434
9607	54	37	22	4360	0	4473
9608	55	30	28	4404	0	4517
9609	4073	37	11	349	0	4470
9610	188	43	18	4202	0	4451
9611	101	3918	33	296	0	4348
9612	47	161	27	4232	0	4467
9613	33	91	45	4855	0	5024
9614	4526	39	35	355	0	4955
9615	194	4358	31	216	0	4799
9616	110	195	20	4713	0	5038
9617	4067	101	16	297	0	4481
9618	4201	50	20	222	0	4493
9619	275	34	26	4216	0	4551
9620	155	39	3855	291	0	4340
9621	4034	50	148	185	0	4417
9622	229	43	85	4212	0	4569
9623	130	34	3937	300	0	4401
9624	73	20	197	4236	0	4526
9625	52	22	104	4238	0	4416
9626	55	22	45	4256	0	4378
9627	68	3852	40	365	0	4325
9628	47	179	34	4268	0	4528
9629	46	99	20	4347	0	4512
9630	36	53	18	4428	0	4535
9631	51	34	16	4407	0	4508
9632	52	43	14	4389	0	4498
9633	46	53	20	4450	0	4569
9634	4052	41	13	428	0	4534
9635	201	40	3791	266	0	4298
9636	137	3930	176	182	0	4425
9637	4069	177	92	183	0	4521
9638	204	4033	54	140	0	4431
9639	4193	207	44	128	0	4572
9640	233	129	41	4172	0	4575
9641	4181	53	41	271	0	4546
9642	238	55	34	4190	0	4517
9643	158	43	27	4165	0	4393
9644	91	3967	29	366	0	4453
9645	4129	190	13	233	0	4565
9646	212	115	4118	198	0	4643
9647	145	47	176	4440	0	4808
9648	69	51	4252	324	0	4696
9649	64	52	4147	238	0	4501
9650	4297	44	250	158	0	4749
9651	210	49	113	4471	0	4843
9652	144	33	4263	308	0	4748
9653	69	32	4263	222	0	4586
9654	77	48	248	4374	0	4747
9655	73	39	119	4542	0	4773
9656	4381	46	66	341	0	4834
9657	230	40	47	4511	0	4828
9658	158	25	4164	317	0	4664
9659	78	29	191	4473	0	4771
9660	89	24	109	4408	0	4630
9661	71	4238	64	360	0	4733
9662	4188	194	56	211	0	4649
9663	219	4353	52	167	0	4791
9664	3063	112	13	71	0	3259
9665	98	2361	21	29	0	2509
9666	63	2412	10	39	0	2524
9667	28	121	7	2454	0	2610
9668	23	64	10	2510	0	2607
9669	22	33	6	2546	0	2607
9670	2082	17	9	171	0	2279
9671	96	14	2021	91	0	2222
9672	68	7	83	2088	0	2246
9673	1997	16	51	108	0	2172
9674	96	1950	24	80	0	2150
9675	58	2107	16	46	0	2227
9676	37	119	12	2092	0	2260
9677	25	58	12	2142	0	2237
9678	15	22	21	2167	0	2225
9679	10	2327	23	163	0	2523
9680	17	72	12	2526	0	2627
9681	15	62	2347	124	0	2548
9682	22	33	2360	81	0	2496
9683	1684	0	1	0	0	1685
9684	0	1	0	1795	0	1796
9685	1807	0	0	0	0	1807
9686	1765	0	1	2	0	1768
9687	0	1697	3	1	0	1701
9688	1807	0	0	2	0	1809
9689	1768	1	0	0	0	1769
9690	0	1	0	1740	0	1741
9691	0	1	0	1724	0	1725
9692	0	2	1731	0	0	1733
9693	0	1628	4	1	0	1633
9694	0	1	0	1718	0	1719
9695	0	0	0	1771	0	1771
9696	1791	0	0	0	0	1791
9697	0	1	0	1749	0	1750
9698	1752	0	0	0	0	1752
9699	0	0	0	1160	0	1160
9700	0	1081	0	1	0	1082
9701	1148	0	0	1	0	1149
9702	0	1	0	1478	0	1479
9703	0	0	0	1695	0	1695
9704	0	2	0	1778	0	1780
9705	0	3	1669	67	0	1739
9706	1	0	50	1714	0	1765
9707	1691	0	11	68	0	1770
9708	50	0	10	1714	0	1774
9709	11	0	3	2872	0	2886
9710	10	3	1	2904	0	2918
9711	3	2667	6	164	0	2840
9712	2	2917	6	54	0	2979
9713	2297	158	2	22	0	2479
9714	125	2372	3	16	0	2516
9715	2392	139	1	14	0	2546
9716	2472	41	1	15	0	2529
9717	2489	22	2	14	0	2527
9718	181	19	2199	22	0	2421
9719	62	2305	116	20	0	2503
9720	2327	138	32	13	0	2510
9721	148	50	11	2346	0	2555
9722	54	24	6	2494	0	2578
9723	31	27	4	2496	0	2558
9724	28	2260	10	179	0	2477
9725	26	136	6	2443	0	2611
9726	2346	48	5	154	0	2553
9727	148	24	7	2411	0	2590
9728	56	18	2	2542	0	2618
9729	35	25	2255	190	0	2505
9730	21	30	2354	86	0	2491
9731	20	13	158	2401	0	2592
9732	21	14	47	2426	0	2508
9733	18	2315	27	201	0	2561
9734	24	137	14	2436	0	2611
9735	23	48	11	2526	0	2608
9736	10	27	13	2595	0	2645
9737	2384	15	9	232	0	2640
9738	148	24	2289	92	0	2553
9739	50	20	134	2446	0	2650
9740	2363	15	43	184	0	2605
9741	2464	22	25	85	0	2596
9742	189	21	19	2377	0	2606
9743	66	18	12	2555	0	2651
9744	2352	20	16	214	0	2602
9745	155	2263	19	110	0	2547
9746	65	2169	13	71	0	2318
9747	44	175	22	2112	0	2353
9748	2104	58	8	197	0	2367
9749	2201	27	7	102	0	2337
9750	2232	22	12	78	0	2344
9751	207	38	2036	66	0	2347
9752	2132	31	140	62	0	2365
9753	196	40	2043	53	0	2332
9754	2029	33	148	68	0	2278
9755	201	2017	49	64	0	2331
9756	79	151	2032	68	0	2330
9757	59	64	163	2124	0	2410
9758	57	40	2127	188	0	2412
9759	61	37	157	2240	0	2495
9760	2204	31	61	212	0	2508
9761	183	39	2063	108	0	2393
9762	81	31	167	2138	0	2417
9763	62	2362	68	196	0	2688
9764	59	152	40	2509	0	2760
9765	55	51	42	2587	0	2735
9766	57	44	22	2663	0	2786
9767	2465	30	38	251	0	2784
9768	2596	30	28	128	0	2782
9769	199	26	29	2535	0	2789
9770	87	34	2375	226	0	2722
9771	60	28	2451	124	0	2663
9772	56	47	174	2495	0	2772
9773	58	42	3187	213	0	3500
9774	64	28	145	3275	0	3512
9775	58	28	56	3434	0	3576
9776	73	19	37	3417	0	3546
9777	56	3007	54	254	0	3371
9778	56	3329	44	128	0	3557
9779	63	181	43	3066	0	3353
9780	42	70	52	3143	0	3307
9781	59	40	21	3264	0	3384
9782	3074	28	38	259	0	3399
9783	195	34	3329	144	0	3702
9784	80	32	154	3558	0	3824
9785	3510	31	80	219	0	3840
9786	173	4201	53	138	0	4565
9787	85	164	39	4492	0	4780
9788	54	58	44	4629	0	4785
9789	54	41	30	4643	0	4768
9790	45	33	33	4683	0	4794
9791	56	22	4310	284	0	4672
9792	4263	26	151	149	0	4589
9793	4550	25	58	128	0	4761
9794	228	39	4320	90	0	4677
9795	4288	32	172	85	0	4577
9796	4500	26	72	95	0	4693
9797	218	26	4328	91	0	4663
9798	92	4861	163	109	0	5225
9799	70	136	67	5507	0	5780
9800	72	56	5414	203	0	5745
9801	59	5164	167	144	0	5534
9802	67	141	4995	77	0	5280
9803	28	4714	107	44	0	4893
9804	34	91	48	5090	0	5263
9805	30	37	5675	119	0	5861
9806	38	21	105	5467	0	5631
9807	53	16	5708	117	0	5894
9808	37	5489	112	83	0	5721
9809	4630	1	1	2	0	4634
9810	1	4380	5	4	0	4390
9811	1	5285	15	7	0	5308
9812	0	7	1	5608	0	5616
9813	2	2	0	5591	0	5595
9814	0	3	0	5555	0	5558
9815	0	3	1	5407	0	5411
9816	1	3	0	5521	0	5525
9817	1	2	5963	0	0	5966
9818	0	2	0	5695	0	5697
9819	1	1	0	5942	0	5944
9820	6082	2	0	1	0	6085
9821	6535	0	0	4	0	6539
9822	6577	0	1	3	0	6581
9823	0	2	0	6525	0	6527
9824	6625	0	1	3	0	6629
9825	7203	0	2	3	0	7208
9826	7192	1	1	0	0	7194
9827	67	7	6981	0	0	7055
9828	6844	3	46	2	0	6895
9829	6987	2	16	1	0	7006
9830	7248	0	2	1	0	7251
9831	73	1	2	7057	0	7133
9832	25	3	7146	44	0	7218
9833	16	2	44	7058	0	7120
9834	7800	1	18	49	0	7868
9835	54	2	4	7691	0	7751
9836	24	8609	15	53	0	8701
9837	10	38	4	9257	0	9309
9838	9265	15	1	59	0	9340
9839	9180	3	6	22	0	9211
9840	9055	1	7	15	0	9078
9841	76	13	8896	5	0	8990
9842	25	7	42	8609	0	8683
9843	14	4	16	9020	0	9054
9844	13	8	8948	72	0	9041
9845	14	8096	65	31	0	8206
9846	17	49	8831	8	0	8905
9847	10	18	47	8699	0	8774
9848	9109	3	19	58	0	9189
9849	54	10	9552	27	0	9643
9850	21	7	46	9487	0	9561
9851	8	6	9716	49	0	9779
9852	9278	7	52	26	0	9363
9853	58	5	22	9742	0	9827
9854	23	7	9775	52	0	9857
9855	10	4	46	9575	0	9635
9856	11	11	9734	60	0	9816
9857	13	9075	77	47	0	9212
9858	9	56	21	9881	0	9967
9859	9819	18	14	57	0	9908
9860	57	4	8	9670	0	9739
9861	33	5	18	9699	0	9755
9862	9826	7	15	81	0	9929
9863	62	9078	22	46	0	9208
9864	35	9260	22	19	0	9336
9865	10	70	6	9575	0	9661
9866	11	9160	21	77	0	9269
9867	14	49	9	9545	0	9617
9868	9	32	6	9495	0	9542
9869	9473	16	6	81	0	9576
9870	57	8769	27	57	0	8910
9871	39	79	8903	17	0	9038
9872	22	8772	64	20	0	8878
9873	8712	59	30	20	0	8821
9874	8715	25	10	17	0	8767
9875	91	188	12	8316	0	8607
9876	8589	8	12	68	0	8677
9877	65	19	17	8422	0	8523
9878	8565	9	11	68	0	8653
9879	8518	18	9	37	0	8582
9880	93	5	9	8399	0	8506
9881	8553	2	6	79	0	8640
9882	70	14	8258	43	0	8385
9883	7727	9	58	29	0	7823
9884	79	5	30	7801	0	7915
9885	8057	11	10	78	0	8156
9886	84	7204	20	46	0	7354
9887	49	52	21	7586	0	7708
9888	41	23	11	7528	0	7603
9889	7538	7	25	91	0	7661
9890	93	16	7357	44	0	7510
9891	50	6893	84	27	0	7054
9892	33	55	30	7534	0	7652
9893	24	7390	28	93	0	7535
9894	29	64	24	7864	0	7981
9895	25	30	22	7714	0	7791
9896	29	14	22	7828	0	7893
9897	7830	10	17	114	0	7971
9898	79	26	4	7197	0	7306
9899	6928	14	18	94	0	7054
9900	6879	19	11	60	0	6969
9901	98	7	17	6865	0	6987
9902	6968	3	10	87	0	7068
9903	6715	8	19	60	0	6802
9904	98	20	6669	33	0	6820
9905	45	15	65	5889	0	6014
9906	6240	14	42	78	0	6374
9907	84	5728	34	46	0	5892
9908	6258	53	17	38	0	6366
9909	6240	26	12	30	0	6308
9910	106	17	6125	33	0	6281
9911	52	6	70	5066	0	5194
9912	6022	15	25	78	0	6140
9913	81	13	20	5956	0	6070
9914	54	13	11	6247	0	6325
9915	31	6	18	6344	0	6399
9916	22	6	21	6593	0	6642
9917	6574	0	14	127	0	6715
9918	100	18	6962	59	0	7139
9919	59	20	105	9557	0	9741
9920	24	34	10215	183	0	10456
9921	29	51	10551	90	0	10721
9922	10913	12	358	63	0	11346
9923	304	32	11273	45	0	11654
9924	171	11264	377	60	0	11872
9925	11531	267	174	13	0	11985
9926	11706	133	88	11	0	11938
9927	476	47	32	11435	0	11990
9928	203	37	11335	304	0	11879
9929	92	75	11067	150	0	11384
9930	11204	17	420	72	0	11713
9931	357	5	192	11533	0	12087
9932	11461	8	106	349	0	11924
9933	360	11878	113	173	0	12524
9934	11880	301	80	68	0	12329
9935	11702	158	45	43	0	11948
9936	494	10217	44	63	0	10818
9937	260	326	27	10461	0	11074
9938	10504	188	32	332	0	11056
9939	408	97	9904	162	0	10571
9940	231	10132	336	88	0	10787
9941	114	349	175	11033	0	11671
9942	10904	172	98	360	0	11534
9943	396	10959	61	182	0	11598
9944	11345	338	79	84	0	11846
9945	422	227	10845	63	0	11557
9946	11146	89	342	87	0	11664
9947	480	70	11328	30	0	11908
9948	11383	77	399	49	0	11908
9949	11004	37	214	45	0	11300
9950	559	59	10266	38	0	10922
9951	317	11050	372	43	0	11782
9952	180	330	211	11564	0	12285
9953	179	172	11351	346	0	12048
9954	148	11431	382	199	0	12160
9955	110	358	224	11466	0	12158
9956	115	200	133	11933	0	12381
9957	119	124	11353	508	0	12104
9958	102	84	405	11335	0	11926
9959	117	89	217	11941	0	12364
9960	125	80	11285	553	0	12043
9961	110	77	402	11097	0	11686
9962	99	11416	273	458	0	12246
9963	11648	344	170	321	0	12483
9964	398	196	214	11361	0	12169
9965	270	11788	235	427	0	12720
9966	231	392	204	10887	0	11714
9967	197	11835	222	386	0	12640
9968	288	492	11153	211	0	12144
9969	221	11782	438	170	0	12611
9970	11940	495	231	148	0	12814
9971	11963	257	218	158	0	12596
9972	12243	189	226	142	0	12800
9973	687	135	11665	189	0	12676
9974	434	155	11524	167	0	12280
9975	334	12877	632	185	0	14028
9976	366	445	339	12571	0	13721
9977	288	13869	242	467	0	14866
9978	313	586	247	12035	0	13181
9979	295	13934	219	463	0	14911
9980	14153	649	153	319	0	15274
9981	14604	368	169	258	0	15399
9982	807	299	176	15426	0	16708
9983	516	211	14732	648	0	16107
9984	14726	239	563	384	0	15912
9985	720	14999	390	320	0	16429
9986	482	602	261	14773	0	16118
9987	391	400	209	14761	0	15761
9988	365	15091	245	743	0	16444
9989	15459	663	218	396	0	16736
9990	791	453	15015	254	0	16513
9991	517	281	622	15569	0	16989
9992	15696	220	355	624	0	16895
9993	15335	230	299	365	0	16229
9994	904	14901	282	286	0	16373
9995	573	598	268	14544	0	15983
9996	357	15042	284	653	0	16336
9997	15345	711	222	414	0	16692
9998	692	458	14680	321	0	16151
9999	466	358	14698	291	0	15813
10000	328	285	738	14862	0	16213
10001	286	242	479	14756	0	15763
10002	302	14857	339	858	0	16356
10003	255	599	298	15498	0	16650
10004	236	360	14806	802	0	16204
10005	14762	291	592	564	0	16209
10006	626	279	378	15443	0	16726
10007	425	289	14729	753	0	16196
10008	300	268	600	15354	0	16522
10009	240	263	410	14589	0	15502
10010	223	14740	280	877	0	16120
10011	214	683	238	15116	0	16251
10012	169	417	252	14925	0	15763
10013	181	363	194	15238	0	15976
10014	13963	222	191	966	0	15342
10015	638	13638	220	539	0	15035
10016	470	13938	177	406	0	14991
10017	13164	684	230	339	0	14417
10018	12348	405	197	259	0	13209
10019	578	9629	100	137	0	10444
10020	258	9067	90	101	0	9516
10021	7814	290	45	55	0	8204
10022	275	7783	47	55	0	8160
10023	108	7669	33	48	0	7858
10024	7269	252	450	24	0	7995
10025	135	7220	14	30	0	7399
10026	7276	203	11	25	0	7515
10027	7202	90	9	27	0	7328
10028	7109	91	14	19	0	7233
10029	220	6958	22	33	0	7233
10030	125	7122	33	34	0	7314
10031	99	174	11	7094	0	7378
10032	72	7332	13	132	0	7549
10033	56	202	11	7495	0	7764
10034	7454	100	9	205	0	7768
10035	160	96	14	7360	0	7630
10036	99	7328	24	212	0	7663
10037	7369	172	20	112	0	7673
10038	180	7270	30	109	0	7589
10039	105	7444	19	74	0	7642
10040	106	224	10	7314	0	7654
10041	55	6776	20	177	0	7028
10042	6800	237	23	90	0	7150
10043	195	133	6412	92	0	6832
10044	89	6452	171	71	0	6783
10045	96	197	78	6802	0	7173
10046	63	113	6509	203	0	6888
10047	58	113	171	6299	0	6641
10048	73	58	82	6489	0	6702
10049	40	79	91	6515	0	6725
10050	69	53	47	6642	0	6811
10051	51	61	5673	324	0	6109
10052	48	5264	181	188	0	5681
10053	5518	171	75	181	0	5945
10054	171	110	5696	110	0	6087
10055	5762	106	169	100	0	6137
10056	228	71	5705	98	0	6102
10057	115	63	222	5775	0	6175
10058	106	75	5716	212	0	6109
10059	94	51	5758	126	0	6029
10060	67	57	236	5742	0	6102
10061	72	64	131	5728	0	5995
10062	47	55	113	5987	0	6202
10063	49	72	68	6009	0	6198
10064	5821	50	60	305	0	6236
10065	183	56	5335	193	0	5767
10066	5474	45	168	155	0	5842
10067	5663	48	84	136	0	5931
10068	5700	55	78	95	0	5928
10069	5695	54	46	101	0	5896
10070	5737	68	40	84	0	5929
10071	315	47	42	5466	0	5870
10072	204	61	5254	199	0	5718
10073	170	54	5225	114	0	5563
10074	106	5305	202	120	0	5733
10075	3840	149	436	71	0	4496
10076	144	338	43	3493	0	4018
10077	77	62	33	3502	0	3674
10078	56	3430	36	139	0	3661
10079	60	3407	32	100	0	3599
10080	53	3401	19	70	0	3543
10081	2869	426	17	41	0	3353
10082	28	18	6	2057	0	2109
10083	15	2369	5	35	0	2424
10084	14	33	3	2443	0	2493
10085	11	9	2382	43	0	2445
10086	11	19	2670	16	0	2716
10087	5	16	37	2432	0	2490
10088	2461	10	17	46	0	2534
10089	3298	6	19	27	0	3350
10090	3120	7	10	36	0	3173
10091	104	19	4153	21	0	4297
10092	50	19	70	4027	0	4166
10093	46	16	19	4558	0	4639
10094	30	25	4408	88	0	4551
10095	4180	22	78	56	0	4336
10096	81	26	4444	48	0	4599
10097	41	25	4477	30	0	4573
10098	38	26	5077	20	0	5161
10099	29	20	115	4791	0	4955
10100	18	20	59	5089	0	5186
10101	19	18	5411	103	0	5551
10102	16	6	109	5458	0	5589
10103	5485	8	51	130	0	5674
10104	89	10	32	5551	0	5682
10105	42	17	5384	139	0	5582
10106	40	12	5315	65	0	5432
10107	24	12	111	5641	0	5788
10108	5638	13	57	114	0	5822
10109	92	5482	68	45	0	5687
10110	5735	79	42	46	0	5902
10111	5753	24	35	39	0	5851
10112	135	35	6210	30	0	6410
10113	71	12	176	6239	0	6498
10114	6392	11	83	168	0	6654
10115	6232	12	75	67	0	6386
10116	167	6685	64	94	0	7010
10117	73	139	47	6885	0	7144
10118	71	22	48	7127	0	7268
10119	59	38	6850	228	0	7175
10120	52	25	179	6681	0	6937
10121	64	28	6826	222	0	7140
10122	62	34	6793	89	0	6978
10123	57	14	200	6469	0	6740
10124	6575	7	90	206	0	6878
10125	194	6387	103	85	0	6769
10126	6570	150	50	93	0	6863
10127	6654	33	58	64	0	6809
10128	214	6421	69	59	0	6763
10129	106	176	56	6491	0	6829
10130	6568	51	42	180	0	6841
10131	209	6491	51	78	0	6829
10132	6278	165	23	71	0	6537
10133	192	5588	28	40	0	5848
10134	69	165	27	5629	0	5890
10135	56	43	30	5850	0	5979
10136	5637	42	33	182	0	5894
10137	5548	35	24	84	0	5691
10138	187	5413	45	76	0	5721
10139	92	151	5593	70	0	5906
10140	89	54	5477	64	0	5684
10141	67	41	159	5346	0	5613
10142	57	5497	85	159	0	5798
10143	65	142	84	5672	0	5963
10144	46	54	66	5721	0	5887
10145	53	45	70	5766	0	5934
10146	60	40	5549	215	0	5864
10147	56	53	5739	104	0	5952
10148	43	5837	163	111	0	6154
10149	56	139	77	5951	0	6223
10150	54	47	67	6232	0	6400
10151	55	72	5918	203	0	6248
10152	5420	55	184	108	0	5767
10153	170	36	82	6401	0	6689
10154	65	41	5907	206	0	6219
10155	5602	37	179	107	0	5925
10156	181	5773	92	103	0	6149
10157	70	167	6101	89	0	6427
10158	90	35	184	6158	0	6467
10159	6322	46	76	211	0	6655
10160	189	62	6115	83	0	6449
10161	89	52	172	6131	0	6444
10162	84	49	79	6156	0	6368
10163	64	36	102	6426	0	6628
10164	6880	32	78	249	0	7239
10165	180	6676	73	136	0	7065
10166	75	150	66	6966	0	7257
10167	85	56	6734	250	0	7125
10168	71	68	162	6613	0	6914
10169	76	6436	77	223	0	6812
10170	63	6825	101	110	0	7099
10171	6773	184	82	101	0	7140
10172	6857	80	66	118	0	7121
10173	200	67	6731	101	0	7099
10174	6538	71	170	85	0	6864
10175	209	6583	84	91	0	6967
10176	6910	176	79	97	0	7262
10177	242	65	68	6881	0	7256
10178	123	71	6741	206	0	7141
10179	105	68	183	6671	0	7027
10180	86	71	6603	246	0	7006
10181	6909	54	181	126	0	7270
10182	203	60	79	7103	0	7445
10183	80	6564	85	211	0	6940
10184	77	170	68	6917	0	7232
10185	84	62	7054	242	0	7442
10186	64	6595	180	134	0	6973
10187	6679	172	64	120	0	7035
10188	181	6618	82	100	0	6981
10189	41	5953	37	60	0	6091
10190	68	124	34	5929	0	6155
10191	55	4916	45	113	0	5129
10192	249	159	43	4876	0	5327
10193	61	49	4700	129	0	4939
10194	4249	84	100	53	0	4486
10195	4712	55	26	58	0	4851
10196	132	41	4903	78	0	5154
10197	4719	49	120	53	0	4941
10198	136	4256	54	67	0	4513
10199	4484	117	72	37	0	4710
10200	159	46	39	4394	0	4638
10201	49	41	4002	118	0	4210
10202	42	4476	100	46	0	4664
10203	49	102	23	4728	0	4902
10204	27	30	47	4809	0	4913
10205	4701	38	36	115	0	4890
10206	4537	23	40	60	0	4660
10207	78	4304	42	48	0	4472
10208	27	4332	18	45	0	4422
10209	32	4619	24	49	0	4724
10210	27	92	14	4155	0	4288
10211	4138	41	20	32	0	4231
10212	4014	1	3	2	0	4020
10213	3	4	2	4029	0	4038
10214	5	1	1	4061	0	4068
10215	4101	1	3	5	0	4110
10216	3	4	2	3552	0	3561
10217	3	3	3502	6	0	3514
10218	3385	1	4	5	0	3395
10219	3785	2	2	4	0	3793
10220	8	8	3740	3	0	3759
10221	3853	6	2	3	0	3864
10222	5	2	4	4005	0	4016
10223	2	1	2	3962	0	3967
10224	4	3	3	3999	0	4009
10225	4014	2	4	3	0	4023
10226	5	4398	8	8	0	4419
10227	3	6	2	5229	0	5240
10228	1	4967	16	16	0	5000
10229	5655	11	2	6	0	5674
10230	9	7	1	5946	0	5963
10231	6	4	2	6719	0	6731
10232	5	6866	20	41	0	6932
10233	17	34	7000	11	0	7062
10234	6	8	30	7189	0	7233
10235	7257	12	4	35	0	7308
10236	7129	7	5	12	0	7153
10237	43	16	8336	9	0	8404
10238	15	9	43	9119	0	9186
10239	12	9160	36	43	0	9251
10240	12	52	15	9797	0	9876
10241	9696	23	5	69	0	9793
10242	9623	19	7	39	0	9688
10243	71	8	5	9627	0	9711
10244	41	9071	23	69	0	9204
10245	12492	53	9	30	0	12584
10246	85	27	7	12449	0	12568
10247	12095	18	11	92	0	12216
10248	11909	14	5	49	0	11977
10249	103	10	7	11938	0	12058
10250	63	7	6	11841	0	11917
10251	37	13	4	12033	0	12087
10252	24	11215	23	132	0	11394
10253	26	87	3	11783	0	11899
10254	27	35	4	11777	0	11843
10255	18	33	11296	126	0	11473
10256	30	37	10761	65	0	10893
10257	23	10	97	11228	0	11358
10258	11625	14	37	108	0	11784
10259	86	11386	43	62	0	11577
10260	11951	76	17	62	0	12106
10261	103	49	11612	31	0	11795
10262	56	43	11347	45	0	11491
10263	31	11638	120	41	0	11830
10264	18	81	47	11716	0	11862
10265	31	42	11621	102	0	11796
10266	21	43	11808	65	0	11937
10267	28	18	112	12072	0	12230
10268	12280	19	64	111	0	12474
10269	12081	15	38	70	0	12204
10270	113	19	28	12090	0	12250
10271	69	30	13700	112	0	13911
10272	47	28	90	13491	0	13656
10273	33	17	52	13591	0	13693
10274	30	13403	61	121	0	13615
10275	13942	78	36	75	0	14131
10276	13743	35	39	58	0	13875
10277	114	13721	52	60	0	13947
10278	81	89	26	14331	0	14527
10279	50	14119	40	120	0	14329
10280	14769	108	28	67	0	14972
10281	132	67	13763	73	0	14035
10282	74	63	13095	52	0	13284
10283	51	58	13453	52	0	13614
10284	32	26	153	13702	0	13913
10285	39	38	77	13774	0	13928
10286	13933	24	45	162	0	14164
10287	128	26	29	13745	0	13928
10288	85	33	41	14298	0	14457
10289	62	37	14532	179	0	14810
10290	53	61	13464	108	0	13686
10291	13901	34	140	80	0	14155
10292	124	13924	123	71	0	14242
10293	15326	100	60	70	0	15556
10294	137	63	65	15137	0	15402
10295	83	44	54	14988	0	15169
10296	70	14512	56	180	0	14818
10297	59	125	29	15168	0	15381
10298	15062	60	32	169	0	15323
10299	126	47	44	15019	0	15236
10300	99	35	14552	183	0	14869
10301	68	14106	140	130	0	14444
10302	14566	110	75	91	0	14842
10303	14537	65	82	84	0	14768
10304	14443	47	47	90	0	14627
10305	14519	42	37	92	0	14690
10306	189	37	27	14327	0	14580
10307	111	51	31	14588	0	14781
10308	87	46	14603	211	0	14947
10309	77	46	123	14267	0	14513
10310	75	53	14497	188	0	14813
10311	64	23	148	14531	0	14766
10312	14606	44	84	176	0	14910
10313	155	14494	80	129	0	14858
10314	116	116	49	14695	0	14976
10315	99	55	44	14986	0	15184
10316	15047	50	47	215	0	15359
10317	14307	44	60	146	0	14557
10318	181	58	14472	133	0	14844
10319	113	13634	164	114	0	14025
10320	74	127	86	14402	0	14689
10321	64	78	84	14318	0	14544
10322	14550	64	75	209	0	14898
10323	13967	37	67	153	0	14224
10324	195	43	14323	102	0	14663
10325	122	58	13799	93	0	14072
10326	109	29	168	13182	0	13488
10327	62	35	93	13132	0	13322
10328	68	43	12819	178	0	13108
10329	11716	41	131	132	0	12020
10330	141	29	97	12476	0	12743
10331	11579	25	63	97	0	11764
10332	108	10583	50	116	0	10857
10333	11214	72	36	73	0	11395
10334	131	66	11371	63	0	11631
10335	81	10598	145	83	0	10907
10336	67	11033	95	56	0	11251
10337	10092	95	27	56	0	10270
10338	9098	33	34	36	0	9201
10339	104	20	26	8965	0	9115
10340	53	8905	38	113	0	9109
10341	25	9045	54	78	0	9202
10342	31	95	9	9389	0	9524
10343	9224	58	19	106	0	9407
10344	8992	39	16	58	0	9105
10345	63	11	6622	9	0	6705
10346	6285	7	41	12	0	6345
10347	46	7134	40	13	0	7233
10348	7903	99	9	7	0	8018
10349	124	10298	28	22	0	10472
10350	33	11608	23	21	0	11685
10351	26	417	6	13795	0	14244
10352	15612	176	13	470	0	16271
10353	16090	103	12	176	0	16381
10354	711	95	15115	131	0	16052
10355	318	55	508	15518	0	16399
10356	15727	35	168	616	0	16546
10357	692	24	132	15835	0	16683
10358	15761	15	84	702	0	16562
10359	15849	10	82	282	0	16223
10360	824	55	14728	237	0	15844
10361	416	23	548	14896	0	15883
10362	296	10	184	15391	0	15881
10363	213	15	133	15609	0	15970
10364	208	42	14349	876	0	15475
10365	118	31	583	14827	0	15559
10366	95	23	223	14266	0	14607
10367	56	13817	178	899	0	14950
10368	87	582	13165	470	0	14304
10369	44	14065	572	349	0	15030
10370	14512	680	219	231	0	15642
10371	585	248	150	13045	0	14028
10372	221	227	111	13072	0	13631
10373	189	12992	95	727	0	14003
10374	13064	648	95	344	0	14151
10375	13410	266	55	277	0	14008
10376	798	12611	65	217	0	13691
10377	380	13323	54	209	0	13966
10378	13010	711	37	142	0	13900
10379	749	349	12277	107	0	13482
10380	362	266	12458	90	0	13176
10381	12487	198	671	82	0	13438
10382	669	12577	309	94	0	13649
10383	13008	639	214	102	0	13963
10384	794	263	12974	75	0	14106
10385	13221	203	646	99	0	14169
10386	810	13312	277	103	0	14502
10387	375	669	196	13513	0	14753
10388	324	260	152	13942	0	14678
10389	255	217	125	13628	0	14225
10390	228	140	104	14205	0	14677
10391	193	119	84	13730	0	14126
10392	142	13236	88	1051	0	14517
10393	13780	593	67	600	0	15040
10394	677	272	13167	470	0	14586
10395	314	194	561	13921	0	14990
10396	272	165	13395	870	0	14702
10397	205	154	700	13801	0	14860
10398	208	119	297	14366	0	14990
10399	13790	90	290	949	0	15119
10400	683	113	13130	538	0	14464
10401	291	13205	701	433	0	14630
10402	250	612	305	13367	0	14534
10403	208	244	222	14247	0	14921
10404	183	274	13134	912	0	14503
10405	197	164	662	13550	0	14573
10406	160	187	282	14259	0	14888
10407	12933	166	244	1032	0	14375
10408	639	12935	174	626	0	14374
10409	13128	653	150	493	0	14424
10410	13710	284	109	397	0	14500
10411	904	248	94	13290	0	14536
10412	503	207	12656	803	0	14169
10413	440	248	12690	391	0	13769
10414	315	204	764	12863	0	14146
10415	324	130	385	12657	0	13496
10416	232	12691	331	925	0	14179
10417	12724	628	257	518	0	14127
10418	710	12545	275	434	0	13964
10419	349	13390	209	347	0	14295
10420	12906	864	156	321	0	14247
10421	787	465	164	12666	0	14082
10422	435	12939	110	792	0	14276
10423	356	806	101	13225	0	14488
10424	253	432	12365	931	0	13981
10425	252	326	12719	528	0	13825
10426	183	232	755	13161	0	14331
10427	185	224	12638	968	0	14015
10428	145	200	826	13018	0	14189
10429	139	144	419	13381	0	14083
10430	129	137	373	13768	0	14407
10431	12599	136	292	1184	0	14211
10432	663	12102	272	699	0	13736
10433	275	13142	212	581	0	14210
10434	12508	769	157	476	0	13910
10435	13036	393	136	420	0	13985
10436	867	340	121	12861	0	14189
10437	484	301	12630	790	0	14205
10438	370	271	605	13227	0	14473
10439	325	231	13431	911	0	14898
10440	294	13906	737	501	0	15438
10441	233	660	347	14677	0	15917
10442	15209	299	304	919	0	16731
10443	680	293	242	15595	0	16810
10444	351	236	14645	960	0	16192
10445	14907	225	697	485	0	16314
10446	797	223	14778	453	0	16251
10447	430	185	14802	333	0	15750
10448	339	15143	774	404	0	16660
10449	201	12584	321	265	0	13371
10450	140	11849	264	224	0	12477
10451	9422	151	616	309	0	10498
10452	8003	36	34	63	0	8136
10453	51	24	21	8792	0	8888
10454	50	30	35	9125	0	9240
10455	43	38	28	9254	0	9363
10456	46	9027	53	90	0	9216
10457	9764	41	26	65	0	9896
10458	55	9113	54	64	0	9286
10459	37	44	56	9748	0	9885
10460	9706	53	30	76	0	9865
10461	44	51	26	9475	0	9596
10462	47	57	19	9913	0	10036
10463	10056	44	31	70	0	10201
10464	9592	48	31	47	0	9718
10465	57	56	9864	69	0	10046
10466	47	41	9646	53	0	9787
10467	43	36	9778	66	0	9923
10468	34	32	65	9689	0	9820
10469	41	38	44	9895	0	10018
10470	20	9320	60	96	0	9496
10471	9791	61	49	66	0	9967
10472	66	33	35	10008	0	10142
10473	48	31	32	9995	0	10106
10474	38	9673	60	136	0	9907
10475	43	9845	43	85	0	10016
10476	57	96	17	10251	0	10421
10477	44	46	21	11768	0	11879
10478	11676	46	31	218	0	11971
10479	11551	44	36	90	0	11721
10480	244	47	16	11633	0	11940
10481	140	35	11229	237	0	11641
10482	97	61	10714	131	0	11003
10483	62	26	200	11117	0	11405
10484	58	16	119	10806	0	10999
10485	38	10382	104	288	0	10812
10486	10763	195	70	148	0	11176
10487	203	97	47	10823	0	11170
10488	85	90	10020	231	0	10426
10489	77	27	166	10223	0	10493
10490	61	42	9585	284	0	9972
10491	90	45	9467	103	0	9705
10492	61	19	233	9830	0	10143
10493	9273	4	87	206	0	9570
10494	172	20	9110	82	0	9384
10495	66	6	176	9074	0	9322
10496	64	15	9343	196	0	9618
10497	18	7	202	9276	0	9503
10498	19	23	74	9440	0	9556
10499	27	20	9187	252	0	9486
10500	36	39	8875	132	0	9082
10501	38	15	200	8522	0	8775
10502	23	15	93	9245	0	9376
10503	28	1	97	9351	0	9477
10504	9	7	59	9478	0	9553
10505	9238	6	58	299	0	9601
10506	9291	12	47	147	0	9497
10507	198	8855	56	119	0	9228
10508	9392	142	28	85	0	9647
10509	209	50	53	9274	0	9586
10510	9400	48	42	213	0	9703
10511	218	23	8951	106	0	9298
10512	8993	11	187	112	0	9303
10513	207	15	83	9055	0	9360
10514	91	10	68	9397	0	9566
10515	9598	10	47	245	0	9900
10516	183	9	46	10700	0	10938
10517	87	23	10441	351	0	10902
10518	10793	3	243	168	0	11207
10519	293	10774	116	168	0	11351
10520	118	260	85	12344	0	12807
10521	118	107	12344	374	0	12943
10522	66	91	334	12578	0	13069
10523	77	56	12242	459	0	12834
10524	34	37	406	13642	0	14119
10525	61	13231	163	524	0	13979
10526	36	374	118	13750	0	14278
10527	66	14258	96	542	0	14962
10528	55	519	56	15003	0	15633
10529	60	185	36	15663	0	15944
10530	73	120	60	15732	0	15985
10531	68	47	45	15729	0	15889
10532	88	42	66	15995	0	16191
10533	86	89	14272	847	0	15294
10534	53	60	474	14971	0	15558
10535	54	32	212	15498	0	15796
10536	14776	38	175	782	0	15771
10537	472	14826	108	466	0	15872
10538	15197	535	94	300	0	16126
10539	635	202	74	14618	0	15529
10540	249	196	13219	678	0	14342
10541	142	13517	520	351	0	14530
10542	12924	550	195	267	0	13936
10543	540	13122	167	233	0	14062
10544	185	13835	117	222	0	14359
10545	13496	708	103	205	0	14512
10546	595	300	56	14347	0	15298
10547	14701	167	104	728	0	15700
10548	676	91	93	13595	0	14455
10549	242	104	12906	855	0	14107
10550	174	100	13043	404	0	13721
10551	12727	57	730	356	0	13870
10552	13602	74	318	255	0	14249
10553	785	740	211	11812	0	13548
10554	343	75	117	12796	0	13331
10555	12004	79	100	879	0	13062
10556	642	11324	91	455	0	12512
10557	269	12028	74	351	0	12722
10558	11717	746	73	234	0	12770
10559	12052	325	67	161	0	12605
10560	832	11724	72	169	0	12797
10561	387	651	56	11911	0	13005
10562	262	263	11087	719	0	12331
10563	182	214	11495	349	0	12240
10564	11411	100	772	250	0	12533
10565	712	145	11208	180	0	12245
10566	328	99	674	10857	0	11958
10567	268	77	252	11266	0	11863
10568	171	11168	196	838	0	12373
10569	11316	611	104	430	0	12461
10570	687	234	112	11483	0	12516
10571	336	224	10679	729	0	11968
10572	233	10974	551	335	0	12093
10573	191	596	207	11263	0	12257
10574	194	274	11165	684	0	12317
10575	140	253	11239	368	0	12000
10576	134	11601	729	339	0	12803
10577	9731	475	223	135	0	10564
10578	463	9886	144	140	0	10633
10579	10058	534	98	130	0	10820
10580	563	223	9562	133	0	10481
10581	9669	138	454	136	0	10397
10582	548	9696	190	152	0	10586
10583	212	499	141	9704	0	10556
10584	147	187	102	10390	0	10826
10585	10009	141	104	689	0	10943
10586	530	123	9626	320	0	10599
10587	9902	122	474	207	0	10705
10588	10371	90	186	213	0	10860
10589	635	111	9596	176	0	10518
10590	284	130	9842	170	0	10426
10591	176	116	588	9946	0	10826
10592	9997	88	246	575	0	10906
10593	10130	107	166	285	0	10688
10594	629	10264	131	206	0	11230
10595	293	481	106	10597	0	11477
10596	218	208	94	10761	0	11281
10597	167	159	94	10820	0	11240
10598	155	113	100	11064	0	11432
10599	10462	119	80	754	0	11415
10600	567	112	99	10689	0	11467
10601	290	118	10070	637	0	11115
10602	229	118	10079	294	0	10720
10603	9895	105	594	203	0	10797
10604	572	9810	281	155	0	10818
10605	299	10415	171	138	0	11023
10606	218	610	131	10264	0	11223
10607	201	259	107	10720	0	11287
10608	188	150	111	10611	0	11060
10609	174	120	103	10972	0	11369
10610	184	119	10014	739	0	11056
10611	176	92	452	10429	0	11149
10612	136	91	226	10835	0	11288
10613	146	118	9946	721	0	10931
10614	9754	64	481	357	0	10656
10615	544	9831	234	278	0	10887
10616	8923	396	111	180	0	9610
10617	515	154	8653	175	0	9497
10618	198	111	8050	134	0	8493
10619	138	7781	427	134	0	8480
10620	6885	304	573	105	0	7867
10621	6903	106	83	80	0	7172
10622	7020	81	71	82	0	7254
10623	377	6771	58	91	0	7297
10624	5532	165	29	56	0	5782
10625	204	68	5894	43	0	6209
10626	79	6226	171	54	0	6530
10627	5563	123	39	41	0	5766
10628	112	5053	44	35	0	5244
10629	5231	118	30	30	0	5409
10630	5170	36	25	27	0	5258
10631	145	35	5193	25	0	5398
10632	56	5123	116	26	0	5321
10633	5280	114	41	25	0	5460
10634	133	37	5221	22	0	5413
10635	51	5077	121	30	0	5279
10636	38	124	760	4569	0	5491
10637	23	21	4552	67	0	4663
10638	29	24	4447	25	0	4525
10639	16	16	65	4484	0	4581
10640	4596	10	24	67	0	4697
10641	61	4306	27	39	0	4433
10642	27	57	4493	20	0	4597
10643	15	25	4053	11	0	4104
10644	3900	10	28	10	0	3948
10645	31	3993	32	12	0	4068
10646	3600	0	2	0	0	3602
10647	0	2631	10	2	0	2643
10648	3155	0	0	1	0	3156
10649	3123	1	0	1	0	3125
10650	19	3016	13	1	0	3049
10651	7	12	1	3168	0	3188
10652	3896	8	0	12	0	3916
10653	58	3	1	3877	0	3939
10654	9	2	1	3950	0	3962
10655	3894	1	1	74	0	3970
10656	62	3738	6	17	0	3823
10657	3939	66	0	7	0	4012
10658	73	21	3786	2	0	3882
10659	14	6	58	3825	0	3903
10660	8	1	8	3948	0	3965
10661	4090	1	3	80	0	4174
10662	4594	1	2	20	0	4617
10663	74	2	0	4567	0	4643
10664	18	8	4466	69	0	4561
10665	10	2	63	4522	0	4597
10666	6	1	9	4616	0	4632
10667	4	2	3	4627	0	4636
10668	4	5	1	4621	0	4631
10669	4544	3	0	81	0	4628
10670	74	5	4425	17	0	4521
10671	12	4290	70	13	0	4385
10672	13	67	11	4382	0	4473
10673	7	12	4	4478	0	4501
10674	13	13	3959	86	0	4071
10675	11	12	3849	23	0	3895
10676	8	2	77	3802	0	3889
10677	10	1	21	3870	0	3902
10678	11	7	3800	93	0	3911
10679	4	8	68	3800	0	3880
10680	3874	1	14	85	0	3974
10681	69	3709	14	34	0	3826
10682	35	75	3714	16	0	3840
10683	14	3723	75	25	0	3837
10684	11	77	16	3872	0	3976
10685	19	20	3762	81	0	3882
10686	17	3618	86	34	0	3755
10687	17	75	23	3878	0	3993
10688	12	25	3796	92	0	3925
10689	16	14	67	3800	0	3897
10690	17	12	22	3917	0	3968
10691	3887	7	16	114	0	4024
10692	87	3	9	3912	0	4011
10693	3914	5	13	106	0	4038
10694	3285	17	12	41	0	3355
10695	3314	6	14	40	0	3374
10696	99	16	16	3221	0	3352
10697	39	8	3143	113	0	3303
10698	23	12	2890	242	0	3167
10699	3096	10	97	37	0	3240
10700	86	13	3127	42	0	3268
10701	3060	9	83	37	0	3189
10702	91	3072	42	45	0	3250
10703	3216	72	22	36	0	3346
10704	97	27	3166	36	0	3326
10705	36	16	3177	46	0	3275
10706	28	13	98	3180	0	3319
10707	24	10	3261	132	0	3427
10708	18	15	3229	57	0	3319
10709	21	17	112	4169	0	4319
10710	20	8	44	4354	0	4426
10711	21	15	34	4598	0	4668
10712	23	4464	38	254	0	4779
10713	18	168	35	4346	0	4567
10714	28	4527	24	218	0	4797
10715	4511	194	28	94	0	4827
10716	4588	64	38	62	0	4752
10717	208	45	28	4447	0	4728
10718	92	4312	39	213	0	4656
10719	54	188	4708	89	0	5039
10720	4966	57	199	71	0	5293
10721	199	36	78	4987	0	5300
10722	89	27	47	5086	0	5249
10723	46	32	35	5318	0	5431
10724	4996	20	34	292	0	5342
10725	201	4283	44	140	0	4668
10726	80	4215	39	89	0	4423
10727	4011	247	34	68	0	4360
10728	201	4258	33	55	0	4547
10729	4271	214	36	46	0	4567
10730	4262	94	39	61	0	4456
10731	261	4013	34	63	0	4371
10732	115	196	35	3900	0	4246
10733	78	4010	27	226	0	4341
10734	65	206	15	4075	0	4361
10735	62	98	28	4784	0	4972
10736	4473	68	30	331	0	4902
10737	4694	45	30	148	0	4917
10738	346	43	30	4649	0	5068
10739	157	54	4313	284	0	4808
10740	4454	39	227	142	0	4862
10741	284	4466	114	79	0	4943
10742	125	233	73	4527	0	4958
10743	94	116	32	4721	0	4963
10744	54	72	41	4904	0	5071
10745	4525	41	36	396	0	4998
10746	4590	52	33	214	0	4889
10747	346	4356	39	138	0	4879
10748	151	4226	20	92	0	4489
10749	100	289	26	4111	0	4526
10750	91	131	25	4356	0	4603
10751	65	80	3978	338	0	4461
10752	36	44	150	3456	0	3686
10753	34	44	3348	234	0	3660
10754	29	33	3266	145	0	3473
10755	39	3238	230	97	0	3604
10756	23	170	120	3409	0	3722
10757	3341	92	48	207	0	3688
10758	185	54	36	3430	0	3705
10759	119	50	3212	221	0	3602
10760	3274	48	155	140	0	3617
10761	3264	31	85	97	0	3477
10762	256	47	2705	69	0	3077
10763	150	27	163	2948	0	3288
10764	2916	32	96	199	0	3243
10765	217	3391	54	123	0	3785
10766	3522	172	40	86	0	3820
10767	3610	103	37	73	0	3823
10768	271	70	30	3474	0	3845
10769	150	40	26	3649	0	3865
10770	3532	53	21	283	0	3889
10771	220	22	24	3623	0	3889
10772	147	34	3615	264	0	4060
10773	3771	22	176	185	0	4154
10774	3707	26	110	107	0	3950
10775	315	3515	56	74	0	3960
10776	165	3768	35	54	0	4022
10777	99	276	29	3589	0	3993
10778	76	3744	21	224	0	4065
10779	77	249	24	3797	0	4147
10780	3667	129	24	267	0	4087
10781	3728	75	29	172	0	4004
10782	297	3627	33	103	0	4060
10783	3673	204	33	72	0	3982
10784	262	3683	28	78	0	4051
10785	3752	217	24	68	0	4061
10786	3855	139	32	64	0	4090
10787	325	90	3497	63	0	3975
10788	3716	60	194	52	0	4022
10789	267	3511	118	54	0	3950
10790	170	3771	64	58	0	4063
10791	3740	283	34	62	0	4119
10792	253	160	32	3698	0	4143
10793	172	92	3498	216	0	3978
10794	110	82	190	4449	0	4831
10795	105	58	89	4614	0	4866
10796	116	50	4278	314	0	4758
10797	4236	53	203	196	0	4688
10798	245	4346	111	125	0	4827
10799	4554	196	72	90	0	4912
10800	287	133	36	4461	0	4917
10801	4527	86	42	214	0	4869
10802	292	4636	21	160	0	5109
10803	174	216	26	4834	0	5250
10804	4826	136	20	265	0	5247
10805	255	83	4935	176	0	5449
10806	170	57	4731	120	0	5078
10807	4706	53	250	78	0	5087
10808	233	4770	157	78	0	5238
10809	103	3835	50	37	0	4025
10810	71	178	198	3667	0	4114
10811	48	3618	30	102	0	3798
10812	51	133	15	3739	0	3938
10813	59	79	23	3765	0	3926
10814	43	34	30	3809	0	3916
10815	44	3622	39	170	0	3875
10816	37	97	26	3824	0	3984
10817	44	95	3577	134	0	3850
10818	39	3595	105	109	0	3848
10819	43	85	52	3108	0	3288
10820	32	3139	33	77	0	3281
10821	3186	86	20	56	0	3348
10822	3167	56	15	56	0	3294
10823	3196	27	18	38	0	3279
10824	132	3057	19	34	0	3242
10825	89	80	12	3193	0	3374
10826	76	58	3041	74	0	3249
10827	39	38	2931	59	0	3067
10828	2927	27	110	43	0	3107
10829	3035	27	52	37	0	3151
10830	122	40	22	3161	0	3345
10831	81	25	13	3261	0	3380
10832	51	19	3078	148	0	3296
10833	38	2905	84	91	0	3118
10834	42	2986	70	51	0	3149
10835	4	53	2516	25	0	2598
10836	10	28	39	2560	0	2637
10837	14	22	34	2386	0	2456
10838	18	13	6	2647	0	2684
10839	16	12	12	2662	0	2702
10840	2663	16	6	63	0	2748
10841	43	13	2686	47	0	2789
10842	2768	22	29	10	0	2829
10843	39	20	30	2798	0	2887
10844	2854	14	5	38	0	2911
10845	51	9	12	2844	0	2916
10846	33	19	2764	38	0	2854
10847	22	10	30	2809	0	2871
10848	19	18	2774	35	0	2846
10849	13	12	39	2807	0	2871
10850	24	12	2998	42	0	3076
10851	21	2893	45	38	0	2997
10852	14	38	31	3031	0	3114
10853	16	31	6	3007	0	3060
10854	11	2944	16	49	0	3020
10855	3078	42	6	34	0	3160
10856	35	40	8	3050	0	3133
10857	32	11	16	3095	0	3154
10858	3072	13	8	72	0	3165
10859	2995	6	10	53	0	3064
10860	3086	7	10	30	0	3133
10861	3065	9	11	23	0	3108
10862	73	12	2765	17	0	2867
10863	2834	12	34	12	0	2892
10864	2940	13	24	21	0	2998
10865	65	11	11	2429	0	2516
10866	46	8	8	2452	0	2514
10867	2434	6	13	75	0	2528
10868	39	2348	9	50	0	2446
10869	41	30	10	2455	0	2536
10870	14	36	2713	46	0	2809
10871	15	2641	45	51	0	2752
10872	2417	8	8	3	0	2436
10873	2393	4	4	3	0	2404
10874	2569	1	2	4	0	2576
10875	2570	1	0	5	0	2576
10876	14	0	3	2543	0	2560
10877	7	1	2522	14	0	2544
10878	3	3	2426	10	0	2442
10879	1	1	17	2550	0	2569
10880	2589	1	9	13	0	2612
10881	9	2	4	2566	0	2581
10882	10	3	2555	12	0	2580
10883	2519	1	9	13	0	2542
10884	2518	1	8	6	0	2533
10885	18	1	3	3180	0	3202
10886	15	4	3192	12	0	3223
10887	4	3	3430	12	0	3449
10888	3360	0	35	6	0	3401
10889	34	3322	20	5	0	3381
10890	10	29	3449	11	0	3499
10891	6	9	29	3476	0	3520
10892	3564	4	12	31	0	3611
10893	29	3341	15	19	0	3404
10894	12	2970	7	4	0	2993
10895	3116	60	4	3	0	3183
10896	51	13	1	3104	0	3169
10897	3835	2	2	57	0	3896
10898	59	7	4	3822	0	3892
10899	22	2	2	3857	0	3883
10900	8	6	3698	83	0	3795
10901	7	8	3481	27	0	3523
10902	14	4	3400	6	0	3424
10903	5	4	76	3391	0	3476
10904	3491	1	17	62	0	3571
10905	71	4	3048	22	0	3145
10906	21	4	60	3520	0	3605
10907	9	14	3445	96	0	3564
10908	10	3407	90	31	0	3538
10909	5	86	24	3531	0	3646
10910	9	23	13	3574	0	3619
10911	7	8	7	3675	0	3697
10912	3572	6	5	122	0	3705
10913	96	4	7	3598	0	3705
10914	31	5	6	3676	0	3718
10915	3627	4	4	118	0	3753
10916	94	9	3491	43	0	3637
10917	3561	3	89	19	0	3672
10918	3661	3	33	14	0	3711
10919	121	14	3517	20	0	3672
10920	3391	8	95	16	0	3510
10921	103	6	36	3421	0	3566
10922	41	5	3502	98	0	3646
10923	3511	2	90	40	0	3643
10924	3609	9	32	27	0	3677
10925	115	4	25	3523	0	3667
10926	39	4	10	3647	0	3700
10927	24	3	17	3702	0	3746
10928	3552	9	19	129	0	3709
10929	104	4040	26	57	0	4227
10930	4013	76	16	30	0	4135
10931	92	3846	16	32	0	3986
10932	38	3942	29	26	0	4035
10933	22	101	15	4039	0	4177
10934	22	19	13	4450	0	4504
10935	25	13	18	4401	0	4457
10936	27	7	16	4482	0	4532
10937	25	9	4264	127	0	4425
10938	4167	4	97	49	0	4317
10939	102	2	29	4356	0	4489
10940	49	11	4302	91	0	4453
10941	29	10	90	4182	0	4311
10942	20	16	31	4281	0	4348
10943	30	20	4796	125	0	4971
10944	24	10	98	4816	0	4948
10945	17	13	35	4918	0	4983
10946	4895	5	16	141	0	5057
10947	100	21	4777	61	0	4959
10948	4678	15	97	43	0	4833
10949	96	4641	41	47	0	4825
10950	4701	88	19	47	0	4855
10951	4639	26	18	38	0	4721
10952	120	18	9	4663	0	4810
10953	50	12	4752	129	0	4943
10954	32	4612	108	64	0	4816
10955	32	97	37	4717	0	4883
10956	29	5008	37	120	0	5194
10957	5205	133	29	57	0	5424
10958	148	39	5102	41	0	5330
10959	57	30	5077	39	0	5203
10960	34	20	151	5153	0	5358
10961	37	30	6492	163	0	6722
10962	45	18	137	6468	0	6668
10963	38	12	52	6707	0	6809
10964	6650	12	30	190	0	6882
10965	136	6438	36	92	0	6702
10966	62	131	35	6666	0	6894
10967	32	42	25	6748	0	6847
10968	39	19	25	6713	0	6796
10969	38	6309	44	183	0	6574
10970	33	6251	35	75	0	6394
10971	6262	147	32	57	0	6498
10972	6263	51	31	56	0	6401
10973	6268	29	23	59	0	6379
10974	170	37	5951	47	0	6205
10975	52	20	134	5986	0	6192
10976	50	28	5938	167	0	6183
10977	35	5822	149	76	0	6082
10978	6135	129	51	58	0	6373
10979	141	46	6561	63	0	6811
10980	51	21	125	6629	0	6826
10981	50	32	6658	159	0	6899
10982	6427	24	146	60	0	6657
10983	6748	16	44	65	0	6873
10984	6777	14	42	52	0	6885
10985	6113	26	43	44	0	6226
10986	188	27	6827	52	0	7094
10987	6429	11	122	38	0	6600
10988	6721	21	34	48	0	6824
10989	149	6398	42	43	0	6632
10990	6760	119	25	23	0	6927
10991	6791	38	24	43	0	6896
10992	156	20	26	7050	0	7252
10993	61	7318	31	133	0	7543
10994	7882	102	15	45	0	8044
10995	8247	32	26	37	0	8342
10996	218	40	8521	35	0	8814
10997	67	27	8548	19	0	8661
10998	45	35	9792	20	0	9892
10999	50	10	237	9887	0	10184
11000	10125	9	105	199	0	10438
11001	196	9821	58	98	0	10173
11002	10165	193	35	42	0	10435
11003	227	9996	29	33	0	10285
11004	10043	226	15	30	0	10314
11005	230	10390	47	27	0	10694
11006	67	9973	36	19	0	10095
11007	10125	199	15	19	0	10358
11008	168	9938	23	12	0	10141
11009	69	194	16	10278	0	10557
11010	43	77	10007	169	0	10296
11011	37	54	9795	57	0	9943
11012	37	18	191	9685	0	9931
11013	17	24	70	10215	0	10326
11014	32	25	10091	216	0	10364
11015	28	18	161	10303	0	10510
11016	15	19	66	10836	0	10936
11017	11099	17	35	279	0	11430
11018	197	10795	39	131	0	11162
11019	83	214	36	10569	0	10902
11020	37	10850	35	187	0	11109
11021	11047	230	20	80	0	11377
11022	211	10860	48	43	0	11162
11023	11226	242	15	23	0	11506
11024	11153	83	31	38	0	11305
11025	283	54	26	10993	0	11356
11026	114	38	27	11002	0	11181
11027	49	37	35	11223	0	11344
11028	43	35	21	11261	0	11360
11029	44	51	10113	320	0	10528
11030	9267	33	186	138	0	9624
11031	226	9943	89	74	0	10332
11032	99	224	36	11031	0	11390
11033	67	85	21	11072	0	11245
11034	39	10390	48	314	0	10791
11035	10530	236	29	283	0	11078
11036	244	10328	45	257	0	10874
11037	233	281	36	10713	0	11263
11038	117	225	22	10871	0	11235
11039	77	148	22	10949	0	11196
11040	90	187	39	10954	0	11270
11041	10822	112	33	372	0	11339
11042	326	214	10614	144	0	11298
11043	298	96	215	10217	0	10826
11044	251	71	94	10450	0	10866
11045	129	49	62	10794	0	11034
11046	112	55	33	10835	0	11035
11047	10298	77	40	577	0	10992
11048	267	93	10584	372	0	11316
11049	173	66	312	10640	0	11191
11050	232	10377	160	277	0	11046
11051	137	10940	72	179	0	11328
11052	10920	344	25	262	0	11551
11053	274	190	10358	256	0	11078
11054	10152	187	195	176	0	10710
11055	406	156	10430	221	0	11213
11056	134	189	195	10266	0	10784
11057	10428	78	88	492	0	11086
11058	234	10082	101	368	0	10785
11059	105	262	66	10130	0	10563
11060	109	9748	69	465	0	10391
11061	9172	266	66	227	0	9731
11062	9043	192	155	198	0	9588
11063	375	126	72	9326	0	9899
11064	281	96	8813	474	0	9664
11065	159	95	8539	454	0	9247
11066	102	85	237	9052	0	9476
11067	182	9297	142	488	0	10109
11068	122	231	164	10309	0	10826
11069	103	146	151	10179	0	10579
11070	176	228	94	10171	0	10669
11071	159	324	9700	381	0	10564
11072	193	163	238	9837	0	10431
11073	126	88	210	10120	0	10544
11074	202	9425	144	445	0	10216
11075	188	284	182	9145	0	9799
11076	172	183	89	10261	0	10705
11077	203	130	89	10356	0	10778
11078	99	187	64	10427	0	10777
11079	82	152	46	9918	0	10198
11080	87	248	40	9885	0	10260
11081	316	129	34	9749	0	10228
11082	299	94	124	9762	0	10279
11083	160	78	9146	588	0	9972
11084	108	64	363	9551	0	10086
11085	9278	61	259	541	0	10139
11086	281	87	113	8890	0	9371
11087	219	196	8303	466	0	9184
11088	7896	113	276	416	0	8701
11089	8450	102	135	469	0	9156
11090	8536	159	95	395	0	9185
11091	8572	179	149	257	0	9157
11092	429	102	90	8315	0	8936
11093	181	92	7497	521	0	8291
11094	164	6383	249	311	0	7107
11095	87	6227	187	322	0	6823
11096	43	134	78	5655	0	5910
11097	112	57	44	6752	0	6965
11098	78	108	16	5996	0	6198
11099	37	76	30	6115	0	6258
11100	25	110	45	6194	0	6374
11101	5673	73	30	429	0	6205
11102	237	6902	60	322	0	7521
11103	112	7360	150	320	0	7942
11104	81	526	159	7524	0	8290
11105	165	107	166	7382	0	7820
11106	103	83	98	7403	0	7687
11107	87	149	132	7421	0	7789
11108	169	111	6330	817	0	7427
11109	211	6314	461	430	0	7416
11110	230	460	65	7120	0	7875
11111	6746	88	138	735	0	7707
11112	539	81	118	7116	0	7854
11113	133	110	6563	791	0	7597
11114	102	305	6691	308	0	7406
11115	73	42	6306	162	0	6583
11116	53	41	495	6752	0	7341
11117	7562	25	128	550	0	8265
11118	426	21	99	7099	0	7645
11119	57	15	80	7579	0	7731
11120	7071	32	52	546	0	7701
11121	448	20	34	7306	0	7808
11122	92	16	44	7919	0	8071
11123	66	27	7110	602	0	7805
11124	61	7774	434	184	0	8453
11125	46	447	80	8469	0	9042
11126	8170	54	78	588	0	8890
11127	455	53	60	8470	0	9038
11128	89	67	8012	599	0	8767
11129	85	42	436	8223	0	8786
11130	66	7918	86	613	0	8683
11131	57	455	67	8463	0	9042
11132	41	82	7415	636	0	8174
11133	28	7348	442	200	0	8018
11134	29	488	82	8327	0	8926
11135	33	100	81	8785	0	8999
11136	25	75	64	9767	0	9931
11137	34	70	52	9988	0	10144
11138	35	73	8628	824	0	9560
11139	20	8830	529	320	0	9699
11140	9218	562	119	235	0	10134
11141	9713	119	106	170	0	10108
11142	619	94	78	9185	0	9976
11143	177	78	8749	667	0	9671
11144	8823	71	547	215	0	9656
11145	632	35	127	9215	0	10009
11146	150	44	9011	720	0	9925
11147	112	33	596	9285	0	10026
11148	87	36	139	9191	0	9453
11149	86	36	110	9390	0	9622
11150	63	67	8179	817	0	9126
11151	58	48	563	8259	0	8928
11152	88	8346	127	737	0	9298
11153	8631	550	121	307	0	9609
11154	9052	120	98	244	0	9514
11155	9147	90	95	186	0	9518
11156	734	8491	70	176	0	9471
11157	8766	607	68	179	0	9620
11158	726	126	73	8747	0	9672
11159	8788	108	64	718	0	9678
11160	9212	75	70	263	0	9620
11161	743	82	8204	247	0	9276
11162	238	8295	579	226	0	9338
11163	8319	571	129	197	0	9216
11164	672	119	124	9173	0	10088
11165	207	138	8616	662	0	9623
11166	176	8649	581	234	0	9640
11167	8274	610	124	187	0	9195
11168	643	142	107	8330	0	9222
11169	209	113	93	8820	0	9235
11170	196	91	103	8749	0	9139
11171	147	8018	75	776	0	9016
11172	148	573	72	8371	0	9164
11173	124	7975	71	793	0	8963
11174	108	604	69	8601	0	9382
11175	115	180	7915	778	0	8988
11176	107	143	580	8385	0	9215
11177	98	134	149	8888	0	9269
11178	122	107	130	9057	0	9416
11179	107	109	7705	896	0	8817
11180	117	68	566	8457	0	9208
11181	96	74	168	8929	0	9267
11182	99	89	152	8958	0	9298
11183	99	56	114	8949	0	9218
11184	83	80	94	9131	0	9388
11185	101	90	8357	986	0	9534
11186	115	81	543	9184	0	9923
11187	111	71	155	9757	0	10094
11188	8723	95	127	897	0	9842
11189	612	8372	120	444	0	9548
11190	193	9084	125	353	0	9755
11191	166	620	80	9140	0	10006
11192	152	191	95	9442	0	9880
11193	131	8766	114	837	0	9848
11194	91	631	82	9216	0	10020
11195	135	8849	76	839	0	9899
11196	112	630	68	9429	0	10239
11197	88	158	67	8167	0	8480
11198	101	151	7048	771	0	8071
11199	109	6905	502	299	0	7815
11200	78	7668	138	278	0	8162
11201	6538	631	122	909	0	8200
11202	182	5652	54	153	0	6041
11203	109	206	45	5945	0	6305
11204	91	115	5599	243	0	6048
11205	68	94	159	5791	0	6112
11206	5776	71	59	296	0	6202
11207	185	65	5356	187	0	5793
11208	89	5420	174	162	0	5845
11209	76	195	74	5583	0	5928
11210	52	99	66	6034	0	6251
11211	5820	80	55	291	0	6246
11212	165	37	39	5894	0	6135
11213	68	51	44	6043	0	6206
11214	76	51	40	6012	0	6179
11215	35	69	34	6114	0	6252
11216	5219	60	36	345	0	5660
11217	4696	55	49	207	0	5007
11218	200	57	30	4782	0	5069
11219	4690	41	41	292	0	5064
11220	203	38	36	4766	0	5043
11221	110	46	4224	301	0	4681
11222	77	49	3977	192	0	4295
11223	51	39	175	4065	0	4330
11224	41	3124	72	185	0	3422
11225	34	113	33	3439	0	3619
11226	3334	57	22	199	0	3612
11227	124	45	30	3409	0	3608
11228	3270	42	21	224	0	3557
11229	125	35	23	3444	0	3627
11230	53	32	3199	232	0	3516
11231	60	2977	114	134	0	3285
11232	52	3235	50	108	0	3445
11233	40	158	26	3342	0	3566
11234	30	66	2762	165	0	3023
11235	18	2566	93	128	0	2805
11236	0	1	0	1773	0	1774
11237	1767	0	0	4	0	1771
11238	0	8	2098	4	0	2110
11239	0	0	0	2091	0	2091
11240	0	0	0	2167	0	2167
11241	2	3	2068	1	0	2074
11242	1	6	1862	1	0	1870
11243	0	2	2088	0	0	2090
11244	0	1	0	2102	0	2103
11245	2	1	2117	0	0	2120
11246	1746	1	0	0	0	1747
11247	1	1	0	3253	0	3255
11248	5	9	4241	44	0	4299
11249	0	4030	62	19	0	4111
11250	2	49	4259	12	0	4322
11251	1	9	54	4291	0	4355
11252	4511	13	21	54	0	4599
11253	46	10	20	4614	0	4690
11254	12	6	11	4720	0	4749
11255	4688	4	7	93	0	4792
11256	72	0	3	4696	0	4771
11257	28	7	4528	98	0	4661
11258	4545	1	61	42	0	4649
11259	72	4810	45	35	0	4962
11260	5189	102	25	19	0	5335
11261	121	29	14	5179	0	5343
11262	39	30	5035	109	0	5213
11263	31	24	4981	32	0	5068
11264	23	11	129	4216	0	4379
11265	10	4	51	4416	0	4481
11266	16	5	4375	124	0	4520
11267	7	16	4212	56	0	4291
11268	4411	4	139	41	0	4595
11269	110	2	51	4455	0	4618
11270	4460	2	40	121	0	4623
11271	131	4	30	4482	0	4647
11272	45	11	5209	136	0	5401
11273	29	17	5149	51	0	5246
11274	18	8	145	5127	0	5298
11275	11	8	58	5462	0	5539
11276	16	17	5367	149	0	5549
11277	5157	3	140	69	0	5369
11278	133	2	47	5525	0	5707
11279	5528	0	39	164	0	5731
11280	145	6665	52	68	0	6930
11281	54	167	21	7088	0	7330
11282	7064	52	16	213	0	7345
11283	203	40	6742	76	0	7061
11284	77	17	194	6906	0	7194
11285	43	26	60	6453	0	6582
11286	40	6	38	7198	0	7282
11287	31	21	6673	322	0	7047
11288	16	10	229	6767	0	7022
11289	8	6664	93	277	0	7042
11290	14	196	49	7071	0	7330
11291	20	68	6775	276	0	7139
11292	12	52	6849	107	0	7020
11293	18	29	267	6704	0	7018
11294	23	20	95	6798	0	6936
11295	21	9	71	7156	0	7257
11296	35	10	52	7323	0	7420
11297	7037	20	37	377	0	7471
11298	7184	10	34	160	0	7388
11299	301	23	6688	106	0	7118
11300	99	6683	255	87	0	7124
11301	67	211	78	7091	0	7447
11302	7032	54	58	288	0	7432
11303	6788	47	51	108	0	6994
11304	7184	24	38	92	0	7338
11305	7259	27	41	66	0	7393
11306	372	42	6781	52	0	7247
11307	6858	18	244	68	0	7188
11308	320	6722	95	57	0	7194
11309	122	229	63	7039	0	7453
11310	74	77	6840	284	0	7275
11311	53	38	262	7003	0	7356
11312	57	51	6761	332	0	7201
11313	36	28	268	7024	0	7356
11314	49	17	98	7293	0	7457
11315	7051	19	78	359	0	7507
11316	277	13	53	7135	0	7478
11317	92	29	6867	329	0	7317
11318	69	18	265	7139	0	7491
11319	7016	18	87	357	0	7478
11320	298	14	78	7078	0	7468
11321	112	28	6754	349	0	7243
11322	72	6587	291	171	0	7121
11323	6948	230	104	116	0	7398
11324	283	75	75	6517	0	6950
11325	95	6819	72	283	0	7269
11326	6969	263	57	112	0	7401
11327	303	106	6713	95	0	7217
11328	110	6581	275	98	0	7064
11329	75	250	109	6948	0	7382
11330	76	89	6807	291	0	7263
11331	60	51	289	6886	0	7286
11332	6893	37	110	344	0	7384
11333	271	53	6698	158	0	7180
11334	93	29	272	6950	0	7344
11335	91	26	6766	326	0	7209
11336	66	30	306	6860	0	7262
11337	57	27	102	7220	0	7406
11338	6499	27	87	383	0	6996
11339	267	6700	80	198	0	7245
11340	113	234	49	7103	0	7499
11341	6976	65	50	338	0	7429
11342	7127	50	49	153	0	7379
11343	343	43	62	6766	0	7214
11344	133	6480	60	319	0	6992
11345	113	6940	43	151	0	7247
11346	178	944	46	6268	0	7436
11347	48	77	31	5715	0	5871
11348	4452	46	30	293	0	4821
11349	223	24	42	4541	0	4830
11350	73	33	4240	272	0	4618
11351	4118	24	198	127	0	4467
11352	219	4290	66	106	0	4681
11353	4293	178	37	64	0	4572
11354	204	59	4078	79	0	4420
11355	59	4267	207	68	0	4601
11356	4536	181	45	57	0	4819
11357	4679	51	35	61	0	4826
11358	254	45	4395	50	0	4744
11359	3932	30	136	31	0	4129
11360	4098	19	44	29	0	4190
11361	187	3837	29	27	0	4080
11362	76	133	18	4002	0	4229
11363	54	51	3868	142	0	4115
11364	41	27	135	4227	0	4430
11365	30	37	4448	152	0	4667
11366	34	27	141	4491	0	4693
11367	4535	10	41	177	0	4763
11368	154	14	30	4546	0	4744
11369	49	20	4772	178	0	5019
11370	4889	6	188	61	0	5144
11371	182	15	50	4986	0	5233
11372	64	21	3993	200	0	4278
11373	4042	1	186	79	0	4308
11374	182	8	54	4170	0	4414
11375	69	16	3997	199	0	4281
11376	47	20	4178	58	0	4303
11377	30	6	172	4242	0	4450
11378	36	25	4152	179	0	4392
11379	38	4107	176	72	0	4393
11380	13	78	23	2812	0	2926
11381	2831	13	24	103	0	2971
11382	88	27	2926	30	0	3071
11383	16	19	2933	35	0	3003
11384	2862	4	97	27	0	2990
11385	112	8	2994	19	0	3133
11386	2313	3	68	9	0	2393
11387	66	6	2374	14	0	2460
11388	16	2	72	2376	0	2466
11389	19	7	2977	62	0	3065
11390	8	6	67	2935	0	3016
11391	10	17	5103	75	0	5205
11392	13	17	4895	19	0	4944
11393	4885	5	66	19	0	4975
11394	56	5221	46	18	0	5341
11395	5418	31	15	9	0	5473
11396	42	5158	18	6	0	5224
11397	15	39	10	5339	0	5403
11398	19	14	10	5410	0	5453
11399	5413	10	11	42	0	5476
11400	35	3	9	5385	0	5432
11401	12	13	5288	44	0	5357
11402	5187	3	33	17	0	5240
11403	5328	1	21	16	0	5366
11404	45	4	16	5338	0	5403
11405	24	10	5278	37	0	5349
11406	18	6	33	5252	0	5309
11407	10	5164	18	46	0	5238
11408	3	37	13	5404	0	5457
11409	7	10	4	5438	0	5459
11410	9	15	5337	42	0	5403
11411	4399	6	42	32	0	4479
11412	33	5134	24	27	0	5218
11413	5405	30	12	14	0	5461
11414	47	5189	19	12	0	5267
11415	18	40	5	5340	0	5403
11416	16	5195	17	51	0	5279
11417	13	49	5142	18	0	5222
11418	10	17	36	5005	0	5068
11419	10	18	15	5219	0	5262
11420	6	7	20	5426	0	5459
11421	5420	4	15	58	0	5497
11422	43	4	14	5391	0	5452
11423	5416	10	15	61	0	5502
11424	5368	8	18	20	0	5414
11425	5342	10	9	35	0	5396
11426	59	12	5448	22	0	5541
11427	31	9	40	5511	0	5591
11428	24	11	25	5711	0	5771
11429	18	2	25	5790	0	5835
11430	5976	8	21	63	0	6068
11431	40	3	19	5875	0	5937
11432	26	2	15	5980	0	6023
11433	5951	7	19	63	0	6040
11434	49	5	21	5850	0	5925
11435	36	7	5846	59	0	5948
11436	32	15	5520	31	0	5598
11437	20	5	52	5857	0	5934
11438	5816	7	36	54	0	5913
11439	4624	13	41	37	0	4715
11440	58	0	28	5279	0	5365
11441	33	4	5302	48	0	5387
11442	35	5039	57	33	0	5164
11443	18	39	25	5383	0	5465
11444	21	10	28	5358	0	5417
11445	21	22	15	5391	0	5449
11446	5380	7	25	72	0	5484
11447	46	16	5212	41	0	5315
11448	5117	10	49	39	0	5215
11449	57	8	21	5298	0	5384
11450	31	5150	31	46	0	5258
11451	5272	34	14	38	0	5358
11452	4955	17	11	40	0	5023
11453	59	27	5293	23	0	5402
11454	40	4954	50	25	0	5069
11455	28	4908	21	28	0	4985
11456	5080	42	19	23	0	5164
11457	52	26	7	4987	0	5072
11458	27	24	14	4970	0	5035
11459	31	8	17	5049	0	5105
11460	19	4758	21	71	0	4869
11461	16	4912	6	50	0	4984
11462	5028	45	8	38	0	5119
11463	49	25	7	5007	0	5088
11464	20	17	5094	32	0	5163
11465	17	9	50	5522	0	5598
11466	14	23	6999	118	0	7154
11467	19	38	6741	66	0	6864
11468	21	34	6819	60	0	6934
11469	1	6268	309	21	0	6599
11470	1	152	188	6395	0	6736
11471	0	6533	144	140	0	6817
11472	6	234	68	6484	0	6792
11473	4	128	29	6843	0	7004
11474	6669	94	15	285	0	7063
11475	161	58	7	6854	0	7080
11476	6472	23	5	300	0	6800
11477	6533	12	8	161	0	6714
11478	288	8	7	6370	0	6673
11479	184	6216	17	218	0	6635
11480	129	160	14	6427	0	6730
11481	73	6333	30	238	0	6674
11482	34	217	15	6411	0	6677
11483	22	150	5961	262	0	6395
11484	10	99	155	6229	0	6493
11485	5	63	86	6497	0	6651
11486	6051	31	78	318	0	6478
11487	160	6134	51	216	0	6561
11488	98	164	25	6315	0	6602
11489	88	85	17	5805	0	5995
11490	64	5586	18	281	0	5949
11491	36	202	11	3814	0	4063
11492	3549	102	13	305	0	3969
11493	3696	107	11	166	0	3980
11494	242	3389	8	135	0	3774
11495	159	198	3	3497	0	3857
11496	3383	107	5	220	0	3715
11497	228	3452	17	125	0	3822
11498	121	204	8	3307	0	3640
11499	105	3439	17	222	0	3783
11500	3486	232	19	121	0	3858
11501	195	165	3295	107	0	3762
11502	112	116	3418	83	0	3729
11503	98	72	248	3477	0	3895
11504	59	65	3441	196	0	3761
11505	32	28	301	3545	0	3906
11506	3438	35	175	274	0	3922
11507	191	31	5978	185	0	6385
11508	107	39	222	5929	0	6297
11509	108	37	111	6391	0	6647
11510	6228	22	82	333	0	6665
11511	212	6016	56	222	0	6506
11512	6234	179	25	191	0	6629
11513	6310	116	17	121	0	6564
11514	328	6268	24	88	0	6708
11515	208	215	23	6710	0	7156
11516	178	130	6250	210	0	6768
11517	100	108	173	6478	0	6859
11518	52	6342	115	294	0	6803
11519	6685	218	92	182	0	7177
11520	189	121	63	6802	0	7175
11521	110	118	6469	263	0	6960
11522	101	78	188	6639	0	7006
11523	66	40	107	6926	0	7139
11524	65	49	89	6952	0	7155
11525	46	46	56	6967	0	7115
11526	57	34	42	6532	0	6665
11527	45	56	6090	460	0	6651
11528	24	52	5952	330	0	6358
11529	40	5886	249	245	0	6420
11530	48	6024	173	143	0	6388
11531	6187	261	128	93	0	6669
11532	212	190	6014	71	0	6487
11533	6033	135	210	73	0	6451
11534	274	121	5956	75	0	6426
11535	171	76	5989	86	0	6322
11536	134	62	326	5942	0	6464
11537	6237	51	204	250	0	6742
11538	219	26	165	6269	0	6679
11539	133	45	97	6370	0	6645
11540	121	45	7701	393	0	8260
11541	87	35	227	8227	0	8576
11542	54	23	128	8554	0	8759
11543	53	36	91	8795	0	8975
11544	62	40	77	8733	0	8912
11545	55	35	45	8848	0	8983
11546	8489	27	43	456	0	9015
11547	217	28	32	8742	0	9019
11548	132	52	8201	401	0	8786
11549	109	48	177	8503	0	8837
11550	100	47	8270	356	0	8773
11551	72	44	238	8332	0	8686
11552	52	64	8321	333	0	8770
11553	41	30	276	8273	0	8620
11554	28	37	164	8649	0	8878
11555	41	43	8223	385	0	8692
11556	7286	34	249	268	0	7837
11557	198	42	8227	229	0	8696
11558	125	22	258	8336	0	8741
11559	8462	31	157	283	0	8933
11560	242	20	116	8344	0	8722
11561	149	18	91	8555	0	8813
11562	132	40	8076	372	0	8620
11563	85	7603	192	297	0	8177
11564	42	7437	117	205	0	7801
11565	42	6826	75	130	0	7073
11566	0	5	0	5440	0	5445
11567	5455	0	0	1	0	5456
11568	0	1	3	5326	0	5330
11569	0	1	0	5754	0	5755
11570	0	0	1	5823	0	5824
11571	0	0	1	5839	0	5840
11572	0	5451	11	29	0	5491
11573	2	15	0	6063	0	6080
11574	2	12	0	6277	0	6291
11575	0	5907	9	37	0	5953
11576	6601	17	0	22	0	6640
11577	25	14	0	6556	0	6595
11578	7085	8	2	37	0	7132
11579	7002	1	0	30	0	7033
11580	40	6745	14	15	0	6814
11581	27	32	0	7646	0	7705
11582	15	35	7274	42	0	7366
11583	14	25	7059	35	0	7133
11584	18	14	36	7435	0	7503
11585	7679	9	19	33	0	7740
11586	7545	4	7	33	0	7589
11587	58	13	9	7501	0	7581
11588	7677	5	11	41	0	7734
11589	33	7197	28	39	0	7297
11590	7547	29	12	40	0	7628
11591	44	7741	31	23	0	7839
11592	29	35	11	8171	0	8246
11593	27	28	2	8071	0	8128
11594	28	7820	12	71	0	7931
11595	8174	48	4	51	0	8277
11596	67	52	7766	52	0	7937
11597	65	38	23	7966	0	8092
11598	68	38	8071	60	0	8237
11599	48	31	34	7883	0	7996
11600	8242	57	23	78	0	8400
11601	79	30	32	8113	0	8254
11602	8120	31	34	98	0	8283
11603	8058	19	41	69	0	8187
11604	99	12	38	7949	0	8098
11605	85	33	7751	62	0	7931
11606	54	7718	72	109	0	7953
11607	63	34	52	6381	0	6530
11608	6354	29	37	80	0	6500
11609	92	56	6811	78	0	7037
11610	111	26	31	6871	0	7039
11611	76	45	20	7141	0	7282
11612	64	29	16	7381	0	7490
11613	7338	43	8	108	0	7497
11614	58	68	23	6728	0	6877
11615	72	40	23	6817	0	6952
11616	42	56	6553	97	0	6748
11617	42	16	70	6549	0	6677
11618	31	14	63	6718	0	6826
11619	51	28	29	6813	0	6921
11620	71	6272	35	126	0	6504
11621	51	28	35	6856	0	6970
11622	84	21	20	6809	0	6934
11623	6517	27	46	122	0	6712
11624	86	21	6262	118	0	6487
11625	83	55	5915	70	0	6123
11626	43	5864	82	116	0	6105
11627	52	47	51	6717	0	6867
11628	6716	54	30	89	0	6889
11629	72	35	37	6524	0	6668
11630	61	14	56	6598	0	6729
11631	39	37	45	6690	0	6811
11632	37	11	37	6678	0	6763
11633	63	12	25	6671	0	6771
11634	45	19	6466	139	0	6669
11635	50	20	42	6533	0	6645
11636	6576	8	41	161	0	6786
11637	59	6047	44	154	0	6304
11638	47	35	30	6670	0	6782
11639	19	32	27	6724	0	6802
11640	19	48	4722	174	0	4963
11641	22	16	59	4356	0	4453
11642	44	29	40	5576	0	5689
11643	5428	16	59	188	0	5691
11644	91	5285	45	157	0	5578
11645	59	116	48	5514	0	5737
11646	42	79	40	5563	0	5724
11647	45	31	35	5600	0	5711
11648	64	36	5574	218	0	5892
11649	36	45	5279	162	0	5522
11650	37	5275	197	136	0	5645
11651	19	5931	88	157	0	6195
11652	25	187	43	6098	0	6353
11653	39	5716	58	246	0	6059
11654	22	188	45	6220	0	6475
11655	23	93	34	8432	0	8582
11656	20	59	39	10521	0	10639
11657	28	61	29	10938	0	11056
11658	22	67	9480	840	0	10409
11659	14	52	454	10485	0	11005
11660	16	54	164	10808	0	11042
11661	25	31	148	11171	0	11375
11662	9789	39	121	1130	0	11079
11663	433	9981	153	709	0	11276
11664	169	479	110	10028	0	10786
11665	164	10682	112	847	0	11805
11666	10295	645	49	576	0	11565
11667	9088	317	65	494	0	9964
11668	575	10542	76	379	0	11572
11669	318	10455	53	332	0	11158
11670	263	823	8999	271	0	10356
11671	233	9982	451	237	0	10903
11672	224	780	167	10018	0	11189
11673	9595	440	174	639	0	10848
11674	498	9585	109	314	0	10506
11675	203	729	129	9596	0	10657
11676	203	434	112	10068	0	10817
11677	157	346	100	10302	0	10905
11678	9157	269	42	946	0	10414
11679	603	262	8348	583	0	9796
11680	8649	205	410	522	0	9786
11681	675	8433	161	431	0	9700
11682	296	605	152	8951	0	10004
11683	334	304	8178	695	0	9511
11684	8049	295	558	335	0	9237
11685	702	7706	236	279	0	8923
11686	353	627	210	7652	0	8842
11687	286	8473	146	621	0	9526
11688	183	718	171	8686	0	9758
11689	195	342	140	9270	0	9947
11690	161	356	8120	845	0	9482
11691	171	262	7864	588	0	8885
11692	134	251	586	8346	0	9317
11693	112	205	7848	879	0	9044
11694	81	162	699	8176	0	9118
11695	81	104	415	8890	0	9490
11696	84	74	420	9279	0	9857
11697	8383	82	320	1053	0	9838
11698	525	97	289	8990	0	9901
11699	241	128	8047	1054	0	9470
11700	8196	135	515	692	0	9538
11701	598	99	212	8864	0	9773
11702	351	90	253	9207	0	9901
11703	8418	93	207	1021	0	9739
11704	626	8119	260	654	0	9659
11705	339	521	210	8795	0	9865
11706	296	237	170	8771	0	9474
11707	7948	212	113	1138	0	9411
11708	663	200	7339	774	0	8976
11709	338	217	480	7486	0	8521
11710	326	177	234	7787	0	8524
11711	232	162	249	7451	0	8094
11712	268	6822	233	1065	0	8388
11713	232	491	212	7704	0	8639
11714	6978	233	161	1125	0	8497
11715	585	7072	124	768	0	8549
11716	7033	657	72	689	0	8451
11717	670	7484	87	563	0	8804
11718	7585	775	92	508	0	8960
11719	846	417	7104	437	0	8804
11720	486	400	7299	395	0	8580
11721	7665	309	611	359	0	8944
11722	791	339	7251	347	0	8728
11723	435	259	709	7419	0	8822
11724	381	193	436	7697	0	8707
11725	327	155	435	8102	0	9019
11726	7599	136	364	1037	0	9136
11727	721	177	7200	652	0	8750
11728	7511	175	636	660	0	8982
11729	788	183	289	7812	0	9072
11730	7623	194	268	986	0	9071
11731	925	175	222	7787	0	9109
11732	8242	164	272	891	0	9569
11733	1018	196	239	9912	0	11365
11734	544	182	9038	1077	0	10841
11735	9756	155	639	638	0	11188
11736	10079	144	282	643	0	11148
11737	1064	110	289	9754	0	11217
11738	615	109	269	9735	0	10728
11739	532	9228	337	1029	0	11126
11740	9252	576	274	671	0	10773
11741	935	9445	234	601	0	11215
11742	8708	642	142	601	0	10093
11743	931	300	8112	572	0	9915
11744	481	355	8307	485	0	9628
11745	531	258	8306	409	0	9504
11746	8354	253	821	335	0	9763
11747	897	8284	497	301	0	9979
11748	490	553	446	8125	0	9614
11749	7935	242	391	705	0	9273
11750	758	8665	343	441	0	10207
11751	454	624	213	8191	0	9482
11752	392	8106	166	727	0	9391
11753	326	8244	148	481	0	9199
11754	392	8899	134	421	0	9846
11755	4941	674	2014	251	0	7880
11756	186	4921	28	58	0	5193
11757	43	4072	19	27	0	4161
11758	29	4271	16	31	0	4347
11759	4271	133	5	6	0	4415
11760	4352	50	3	5	0	4410
11761	137	22	4086	13	0	4258
11762	4173	10	104	10	0	4297
11763	4304	17	30	3	0	4354
11764	142	12	15	3754	0	3923
11765	3852	14	5	107	0	3978
11766	130	18	3556	38	0	3742
11767	43	4062	103	17	0	4225
11768	4798	105	36	5	0	4944
11769	113	39	18	4792	0	4962
11770	4885	20	6	105	0	5016
11771	124	20	4526	38	0	4708
11772	4679	15	89	24	0	4807
11773	133	11	21	4796	0	4961
11774	45	17	4693	111	0	4866
11775	27	4482	105	43	0	4657
11776	12	4840	41	20	0	4913
11777	16	138	18	4681	0	4853
11778	16	59	10	4657	0	4742
11779	15	4701	12	124	0	4852
11780	4841	112	4	39	0	4996
11781	4852	52	5	20	0	4929
11782	4786	26	8	18	0	4838
11783	163	4725	12	24	0	4924
11784	69	111	13	4532	0	4725
11785	35	4961	21	99	0	5116
11786	5080	119	11	38	0	5248
11787	5124	43	6	29	0	5202
11788	159	4927	6	23	0	5115
11789	5127	119	7	22	0	5275
11790	138	54	10	5047	0	5249
11791	67	35	21	5135	0	5258
11792	5534	18	26	151	0	5729
11793	5478	24	28	59	0	5589
11794	5582	10	22	38	0	5652
11795	172	18	24	5069	0	5283
11796	74	26	11	5219	0	5330
11797	59	27	4936	162	0	5184
11798	46	46	101	4985	0	5178
11799	51	40	37	5169	0	5297
11800	41	41	4954	152	0	5188
11801	37	33	4701	68	0	4839
11802	31	35	5037	37	0	5140
11803	39	29	169	4946	0	5183
11804	48	46	4989	118	0	5201
11805	57	39	111	4928	0	5135
11806	37	46	36	5095	0	5214
11807	43	46	4949	160	0	5198
11808	38	51	4910	72	0	5071
11809	30	53	136	4909	0	5128
11810	43	48	4922	130	0	5143
11811	46	61	4871	42	0	5020
11812	44	4687	152	35	0	4918
11813	4966	137	59	19	0	5181
11814	5007	58	26	30	0	5121
11815	5011	64	16	31	0	5122
11816	175	4770	24	29	0	4998
11817	99	4938	24	23	0	5084
11818	76	144	28	4959	0	5207
11819	56	61	26	5085	0	5228
11820	65	31	4839	159	0	5094
11821	53	27	110	4933	0	5123
11822	5576	21	44	156	0	5797
11823	141	21	40	5297	0	5499
11824	73	5364	43	124	0	5604
11825	5544	134	35	54	0	5767
11826	5555	65	20	44	0	5684
11827	6250	35	18	49	0	6352
11828	187	27	5956	42	0	6212
11829	101	15	119	6405	0	6640
11830	6940	13	58	172	0	7183
11831	232	30	6804	71	0	7137
11832	73	6237	146	47	0	6503
11833	4	4741	22	6	0	4773
11834	4730	90	5	2	0	4827
11835	66	4651	8	3	0	4728
11836	14	83	0	4774	0	4871
11837	7	22	4650	77	0	4756
11838	3	8	60	4636	0	4707
11839	4811	7	13	83	0	4914
11840	77	4595	9	29	0	4710
11841	4785	77	3	8	0	4873
11842	78	23	4558	4	0	4663
11843	22	5	73	4595	0	4695
11844	8	4564	21	65	0	4658
11845	7	75	4	4813	0	4899
11846	5401	19	6	80	0	5506
11847	5432	7	3	25	0	5467
11848	5404	6	2	7	0	5419
11849	5460	2	2	4	0	5468
11850	97	3	3	4665	0	4768
11851	26	10	4945	83	0	5064
11852	13	3	75	4788	0	4879
11853	5	4593	34	83	0	4715
11854	4935	77	6	23	0	5041
11855	84	27	4838	5	0	4954
11856	4702	8	74	8	0	4792
11857	83	11	19	4907	0	5020
11858	23	8	4877	87	0	4995
11859	12	8	80	4795	0	4895
11860	4893	3	23	93	0	5012
11861	4932	5	6	26	0	4969
11862	4855	11	16	9	0	4891
11863	106	9	4780	9	0	4904
11864	33	16	73	4967	0	5089
11865	25	10	5195	86	0	5316
11866	12	5093	88	25	0	5218
11867	4967	85	18	23	0	5093
11868	88	4310	17	13	0	4428
11869	4497	90	10	14	0	4611
11870	98	25	2	4519	0	4644
11871	24	5303	15	72	0	5414
11872	5600	82	5	33	0	5720
11873	88	33	5440	11	0	5572
11874	30	16	71	5470	0	5587
11875	5579	20	18	84	0	5701
11876	99	8	5433	35	0	5575
11877	39	5	80	5403	0	5527
11878	25	5358	27	87	0	5497
11879	24	84	8	5688	0	5804
11880	21	26	17	5722	0	5786
11881	5640	8	5	119	0	5772
11882	95	5448	25	31	0	5599
11883	35	83	4	5638	0	5760
11884	19	5491	20	84	0	5614
11885	20	93	14	5432	0	5559
11886	17	5265	18	95	0	5395
11887	5422	93	12	24	0	5551
11888	103	39	5245	27	0	5414
11889	40	17	90	5281	0	5428
11890	21	14	20	5375	0	5430
11891	27	9	18	5459	0	5513
11892	19	10	12	5101	0	5142
11893	34	12	4955	113	0	5114
11894	23	5586	96	42	0	5747
11895	5936	88	24	23	0	6071
11896	5896	28	15	17	0	5956
11897	108	5736	17	26	0	5887
11898	6334	90	18	12	0	6454
11899	6317	33	7	28	0	6385
11900	107	6065	17	13	0	6202
11901	43	93	8	6193	0	6337
11902	25	6113	20	82	0	6240
11903	6247	92	12	34	0	6385
11904	92	37	6173	27	0	6329
11905	5717	18	97	21	0	5853
11906	111	23	6162	28	0	6324
11907	34	17	89	6108	0	6248
11908	6279	15	24	104	0	6422
11909	109	20	5996	39	0	6164
11910	5998	9	95	23	0	6125
11911	6279	17	23	33	0	6352
11912	119	13	14	6108	0	6254
11913	38	5887	22	96	0	6043
11914	6277	82	6	40	0	6405
11915	103	40	11	6187	0	6341
11916	44	5854	22	102	0	6022
11917	5973	88	8	29	0	6098
11918	94	29	7	5936	0	6066
11919	29	5662	23	88	0	5802
11920	12	88	6	6040	0	6146
11921	6024	18	7	100	0	6149
11922	5490	11	12	34	0	5547
11923	5502	16	10	21	0	5549
11924	111	5	14	5277	0	5407
11925	36	14	5	5466	0	5521
11926	23	15	5619	108	0	5765
11927	24	7	88	4920	0	5039
11928	25	20	5033	109	0	5187
11929	21	17	4576	33	0	4647
11930	4	7	3977	9	0	3997
11931	4	5537	36	13	0	5590
11932	8	22	12	6160	0	6202
11933	2	6919	24	30	0	6975
11934	7348	111	6	4	0	7469
11935	7281	37	4	9	0	7331
11936	140	18	3	7617	0	7778
11937	51	20	8014	136	0	8221
11938	25	5	150	7970	0	8150
11939	18	29	7925	180	0	8152
11940	11	5	157	8210	0	8383
11941	6	8049	67	170	0	8292
11942	4	8515	26	63	0	8608
11943	8526	200	16	27	0	8769
11944	167	74	8379	22	0	8642
11945	56	41	150	8346	0	8593
11946	36	23	40	8170	0	8269
11947	8120	14	23	214	0	8371
11948	167	7842	31	82	0	8122
11949	8085	173	18	48	0	8324
11950	184	8067	26	42	0	8319
11951	7985	189	15	25	0	8214
11952	7969	71	17	29	0	8086
11953	221	52	18	7941	0	8232
11954	97	42	7756	197	0	8092
11955	7597	24	169	70	0	7860
11956	192	7772	73	56	0	8093
11957	8074	187	40	43	0	8344
11958	192	79	23	7992	0	8286
11959	101	42	25	8005	0	8173
11960	63	7867	27	222	0	8179
11961	48	199	11	7969	0	8227
11962	43	8228	37	212	0	8520
11963	54	193	25	8474	0	8746
11964	33	74	36	8265	0	8408
11965	7945	36	15	285	0	8281
11966	200	63	7570	94	0	7927
11967	82	7468	152	70	0	7772
11968	71	195	51	7890	0	8207
11969	7883	67	34	203	0	8187
11970	7799	58	27	87	0	7971
11971	7030	29	19	67	0	7145
11972	264	51	6562	62	0	6939
11973	6815	38	167	49	0	7069
11974	249	28	54	6907	0	7238
11975	6853	48	25	210	0	7136
11976	238	6653	32	81	0	7004
11977	110	182	16	6914	0	7222
11978	6752	63	18	241	0	7074
11979	204	6600	32	105	0	6941
11980	89	196	18	6814	0	7117
11981	80	106	6443	212	0	6841
11982	7262	67	158	96	0	7583
11983	7663	36	55	79	0	7833
11984	284	46	7677	77	0	8084
11985	137	7536	226	55	0	7954
11986	87	8452	87	70	0	8696
11987	82	283	48	8411	0	8824
11988	55	113	49	8531	0	8748
11989	73	74	31	8720	0	8898
11990	78	82	8817	331	0	9308
11991	8774	57	224	132	0	9187
11992	9302	57	93	100	0	9552
11993	9354	40	47	111	0	9552
11994	8579	49	40	85	0	8753
11995	8553	41	31	66	0	8691
11996	8536	65	46	69	0	8716
11997	368	51	41	9163	0	9623
11998	188	73	8421	268	0	8950
11999	139	62	8485	160	0	8846
12000	121	52	300	8755	0	9228
12001	104	68	128	8695	0	8995
12002	103	48	77	8621	0	8849
12003	118	8524	79	356	0	9077
12004	9182	274	61	167	0	9684
12005	321	9561	50	130	0	10062
12006	159	349	63	9804	0	10375
12007	9884	129	37	380	0	10430
12008	397	9959	46	191	0	10593
12009	179	349	52	10171	0	10751
12010	140	151	58	10429	0	10778
12011	129	119	39	10438	0	10725
12012	103	9892	38	533	0	10566
12013	109	346	36	10405	0	10896
12014	104	152	9671	494	0	10421
12015	97	109	323	10181	0	10710
12016	99	90	104	10415	0	10708
12017	109	81	74	11054	0	11318
12018	90	73	75	11153	0	11391
12019	113	110	10012	591	0	10826
12020	76	10283	348	323	0	11030
12021	109	342	121	11150	0	11722
12022	87	150	78	11515	0	11830
12023	81	121	72	11144	0	11418
12024	59	10602	101	605	0	11367
12025	67	11262	65	371	0	11765
12026	10841	456	41	248	0	11586
12027	383	211	34	10950	0	11578
12028	167	182	10270	497	0	11116
12029	131	10511	334	307	0	11283
12030	10821	428	134	214	0	11597
12031	414	202	8994	201	0	9811
12032	197	161	9076	172	0	9606
12033	100	109	8449	102	0	8760
12034	94	72	422	8406	0	8994
12035	88	72	8236	386	0	8782
12036	43	7834	390	199	0	8466
12037	36	262	178	7534	0	8010
12038	55	128	7433	304	0	7920
12039	42	82	303	7652	0	8079
12040	7034	60	147	347	0	7588
12041	246	56	7069	180	0	7551
12042	7135	45	285	133	0	7598
12043	281	7108	140	142	0	7671
12044	7393	261	108	107	0	7869
12045	306	129	83	7383	0	7901
12046	7447	79	71	321	0	7918
12047	7481	85	92	150	0	7808
12048	7327	79	50	139	0	7595
12049	393	8670	69	124	0	9256
12050	8937	274	78	115	0	9404
12051	9216	131	71	107	0	9525
12052	416	116	9640	87	0	10259
12053	226	9629	305	100	0	10260
12054	165	275	149	9896	0	10485
12055	152	144	119	10019	0	10434
12056	132	87	98	10314	0	10631
12057	111	104	9835	430	0	10480
12058	92	97	299	9921	0	10409
12059	114	73	9869	420	0	10476
12060	9689	53	328	259	0	10329
12061	10118	64	191	183	0	10556
12062	391	84	9792	177	0	10444
12063	9870	61	318	152	0	10401
12064	10231	62	148	153	0	10594
12065	10284	70	123	123	0	10600
12066	475	74	127	10007	0	10683
12067	277	72	9705	354	0	10408
12068	208	9689	306	205	0	10408
12069	206	300	138	10053	0	10697
12070	184	155	9810	370	0	10519
12071	124	136	9562	203	0	10025
12072	9357	97	378	190	0	10022
12073	345	9608	199	166	0	10318
12074	10422	288	166	164	0	11040
12075	10451	145	135	166	0	10897
12076	389	10274	154	156	0	10973
12077	10574	330	119	133	0	11156
12078	405	157	10277	172	0	11011
12079	251	105	10360	127	0	10843
12080	201	106	10324	135	0	10766
12081	183	10044	420	141	0	10788
12082	9439	305	229	77	0	10050
12083	9598	140	150	103	0	9991
12084	397	8787	159	72	0	9415
12085	212	9099	138	88	0	9537
12086	185	320	122	8595	0	9222
12087	150	185	98	8715	0	9148
12088	8633	117	87	358	0	9195
12089	299	8766	108	183	0	9356
12090	8405	313	105	123	0	8946
12091	8163	142	89	123	0	8517
12092	387	114	8127	120	0	8748
12093	218	8070	298	79	0	8665
12094	218	286	134	8364	0	9002
12095	8369	153	127	265	0	8914
12096	346	916	119	7527	0	8908
12097	7611	78	94	258	0	8041
12098	333	96	7277	117	0	7823
12099	212	7108	235	101	0	7656
12100	164	7500	138	93	0	7895
12101	139	654	136	6733	0	7662
12102	134	7374	99	187	0	7794
12103	7025	832	93	113	0	8063
12104	233	138	6680	64	0	7115
12105	6300	76	157	70	0	6603
12106	223	88	6568	60	0	6939
12107	113	78	139	6095	0	6425
12108	115	65	82	6179	0	6441
12109	101	55	55	6408	0	6619
12110	6377	44	54	188	0	6663
12111	198	52	6699	92	0	7041
12112	126	55	148	6709	0	7038
12113	109	41	85	6779	0	7014
12114	102	6485	79	175	0	6841
12115	84	6645	65	104	0	6898
12116	95	7293	49	97	0	7534
12117	66	146	37	6835	0	7084
12118	57	84	34	6796	0	6971
12119	57	6566	46	136	0	6805
12120	50	6718	59	87	0	6914
12121	6255	100	21	37	0	6413
12122	98	42	32	6173	0	6345
12123	58	5977	50	75	0	6160
12124	6330	71	28	41	0	6470
12125	112	29	45	6158	0	6344
12126	7824	25	42	92	0	7983
12127	162	25	297	8226	0	8710
12128	75	41	8633	130	0	8879
12129	61	8639	139	86	0	8925
12130	8790	139	56	56	0	9041
12131	169	87	8827	35	0	9118
12132	24	8797	109	13	0	8943
12133	19	73	19	9419	0	9530
12134	5	25	11	9389	0	9430
12135	4	18	5	9262	0	9289
12136	5	3	4	9370	0	9382
12137	4	25	9000	122	0	9151
12138	1	8899	90	59	0	9049
12139	4	75	20	9385	0	9484
12140	9053	23	16	88	0	9180
12141	84	8850	21	55	0	9010
12142	22	80	10	9054	0	9166
12143	36	51	8738	85	0	8910
12144	11	8621	100	41	0	8773
12145	35	96	38	8291	0	8460
12146	5	8724	43	47	0	8819
12147	9132	103	7	33	0	9275
12148	8979	32	13	33	0	9057
12149	112	37	7333	20	0	7502
12150	7275	9	78	22	0	7384
12151	7278	11	31	18	0	7338
12152	114	31	6094	8	0	6247
12153	49	5950	108	18	0	6125
12154	33	80	24	6357	0	6494
12155	15	26	23	6477	0	6541
12156	6381	30	5	123	0	6539
12157	88	9	13	6412	0	6522
12158	35	23	6315	108	0	6481
12159	6084	17	88	41	0	6230
12160	89	24	6166	42	0	6321
12161	42	6058	112	22	0	6234
12162	5921	92	31	20	0	6064
12163	98	44	5919	11	0	6072
12164	56	45	5609	11	0	5721
12165	43	5626	132	14	0	5815
12166	16	100	52	6004	0	6172
12167	23	45	5885	95	0	6048
12168	11	27	97	5564	0	5699
12169	15	12	30	6402	0	6459
12170	19	17	6227	123	0	6386
12171	19	5858	112	74	0	6063
12172	16	88	45	6387	0	6536
12173	6339	38	31	108	0	6516
12174	5944	27	18	51	0	6040
12175	115	31	15	5926	0	6087
12176	64	32	6522	104	0	6722
12177	37	31	6937	50	0	7055
12178	16	18	147	7848	0	8029
12179	22	32	7759	109	0	7922
12180	7652	21	118	55	0	7846
12181	111	13	54	7986	0	8164
12182	47	18	39	7979	0	8083
12183	41	7594	35	151	0	7821
12184	20	100	34	8135	0	8289
12185	27	61	7782	133	0	8003
12186	7514	39	107	72	0	7732
12187	7974	24	49	60	0	8107
12188	144	35	8295	38	0	8512
12189	70	17	116	9677	0	9880
12190	44	12	51	10145	0	10252
12191	34	24	9655	272	0	9985
12192	21	13	225	9697	0	9956
12193	30	18	77	10301	0	10426
12194	31	9995	69	297	0	10392
12195	36	252	31	10415	0	10734
12196	33	64	32	10784	0	10913
12197	10551	56	29	343	0	10979
12198	10597	37	34	140	0	10808
12199	10713	29	47	102	0	10891
12200	10823	22	34	68	0	10947
12201	10825	19	24	74	0	10942
12202	367	41	10074	52	0	10534
12203	119	24	264	10223	0	10630
12204	81	18	68	10770	0	10937
12205	55	38	10193	345	0	10631
12206	9843	23	284	127	0	10277
12207	10487	21	70	109	0	10687
12208	363	41	9753	61	0	10218
12209	10418	25	266	50	0	10759
12210	10772	22	81	72	0	10947
12211	355	24	9740	74	0	10193
12212	153	28	284	9382	0	9847
12213	94	9368	137	276	0	9875
12214	70	268	68	10010	0	10416
12215	82	80	39	10135	0	10336
12216	64	48	54	9768	0	9934
12217	67	36	9280	405	0	9788
12218	9134	26	272	165	0	9597
12219	10181	12	89	109	0	10391
12220	402	10	82	10015	0	10509
12221	175	38	9759	342	0	10314
12222	101	22	318	9913	0	10354
12223	52	30	9673	396	0	10151
12224	72	42	9504	163	0	9781
12225	63	9493	417	128	0	10101
12226	230	205	89	8317	0	8841
12227	7812	48	44	218	0	8122
12228	7407	27	25	82	0	7541
12229	8043	13	27	63	0	8146
12230	327	9	20	7736	0	8092
12231	98	8886	46	260	0	9290
12232	47	277	35	9007	0	9366
12233	36	76	8968	359	0	9439
12234	10177	43	325	99	0	10644
12235	10640	16	85	67	0	10808
12236	469	7	49	10387	0	10912
12237	171	6	35	10704	0	10916
12238	115	8	26	10920	0	11069
12239	72	34	9924	535	0	10565
12240	8903	19	394	223	0	9539
12241	380	9832	124	164	0	10500
12242	113	10347	111	80	0	10651
12243	100	434	10234	79	0	10847
12244	74	127	384	10352	0	10937
12245	73	98	10285	439	0	10895
12246	10161	40	433	141	0	10775
12247	442	21	108	10549	0	11120
12248	173	45	10111	435	0	10764
12249	111	10689	410	188	0	11398
12250	11366	378	132	123	0	11999
12251	460	141	11177	95	0	11873
12252	153	10991	444	97	0	11685
12253	108	11808	148	95	0	12159
12254	11609	495	105	80	0	12289
12255	464	159	56	12291	0	12970
12256	181	111	12448	450	0	13190
12257	118	12530	455	196	0	13299
12258	12943	468	126	143	0	13680
12259	13134	139	117	90	0	13480
12260	577	12567	106	93	0	13343
12261	220	485	13316	91	0	14112
12262	126	168	472	13611	0	14377
12263	13824	116	133	522	0	14595
12264	14122	52	111	187	0	14472
12265	612	61	13380	151	0	14204
12266	239	63	489	13222	0	14013
12267	193	48	135	14129	0	14505
12268	132	61	13448	606	0	14247
12269	101	89	12997	220	0	13407
12270	13372	69	570	147	0	14158
12271	14032	48	226	113	0	14419
12272	14185	33	158	93	0	14469
12273	14283	48	118	98	0	14547
12274	715	92	13212	83	0	14102
12275	13668	34	499	99	0	14300
12276	655	37	161	12838	0	13691
12277	230	61	13287	544	0	14122
12278	189	89	12859	204	0	13341
12279	127	12394	588	174	0	13283
12280	106	478	215	12713	0	13512
12281	137	167	12644	489	0	13437
12282	12397	120	520	177	0	13214
12283	549	99	213	11006	0	11867
12284	212	12479	166	391	0	13248
12285	12951	484	129	170	0	13734
12286	13320	131	131	127	0	13709
12287	665	113	12506	116	0	13400
12288	274	11873	517	134	0	12798
12289	129	371	154	10826	0	11480
12290	11385	135	117	394	0	12031
12291	440	90	77	11479	0	12086
12292	179	79	11043	419	0	11720
12293	9787	76	320	140	0	10323
12294	346	10524	170	109	0	11149
12295	160	11349	131	79	0	11719
12296	135	12352	78	81	0	12646
12297	12559	431	93	75	0	13158
12298	12766	167	79	58	0	13070
12299	12867	109	67	45	0	13088
12300	541	79	47	12348	0	13015
12301	227	96	12050	383	0	12756
12302	142	57	388	13173	0	13760
12303	13234	49	135	437	0	13855
12304	447	41	93	13186	0	13767
12305	13284	49	89	428	0	13850
12306	13412	65	91	161	0	13729
12307	13091	54	86	137	0	13368
12308	493	12646	96	118	0	13353
12309	12937	351	82	84	0	13454
12310	472	128	12397	48	0	13045
12311	236	118	13032	40	0	13426
12312	198	12851	409	53	0	13511
12313	168	337	148	13412	0	14065
12314	13629	118	119	371	0	14237
12315	439	92	13071	119	0	13721
12316	13233	59	362	104	0	13758
12317	468	65	124	12861	0	13518
12318	182	12814	142	355	0	13493
12319	123	315	115	13006	0	13559
12320	114	147	12940	378	0	13579
12321	12419	89	349	128	0	12985
12322	410	70	12955	99	0	13534
12323	175	74	12862	68	0	13179
12324	12640	65	403	73	0	13181
12325	379	12557	191	82	0	13209
12326	13529	345	96	45	0	14015
12327	13770	95	81	61	0	14007
12328	498	90	12986	45	0	13619
12329	12447	70	325	85	0	12927
12330	404	82	12459	103	0	13048
12331	176	40	11136	83	0	11435
12332	149	44	10966	80	0	11239
12333	82	9782	310	68	0	10242
12334	9474	144	64	29	0	9711
12335	9526	42	56	30	0	9654
12336	9589	32	39	19	0	9679
12337	9573	33	34	27	0	9667
12338	244	35	9074	14	0	9367
12339	110	20	145	8998	0	9273
12340	73	22	66	9534	0	9695
12341	9254	29	51	180	0	9514
12342	183	8784	65	51	0	9083
12343	78	146	44	9267	0	9535
12344	9223	37	57	167	0	9484
12345	203	42	9180	61	0	9486
12346	82	25	147	9007	0	9261
12347	88	45	9209	160	0	9502
12348	73	8725	188	80	0	9066
12349	78	582	63	8378	0	9101
12350	8235	21	41	149	0	8446
12351	144	25	40	8276	0	8485
12352	52	32	8118	150	0	8352
12353	54	7788	142	43	0	8027
12354	8818	128	40	37	0	9023
12355	164	47	8115	22	0	8348
12356	7298	26	86	11	0	7421
12357	104	7178	54	18	0	7354
12358	7590	80	19	9	0	7698
12359	7579	16	25	17	0	7637
12360	105	20	31	7587	0	7743
12361	39	27	6926	79	0	7071
12362	45	6680	116	26	0	6867
12363	41	77	32	8235	0	8385
12364	57	25	25	8661	0	8768
12365	53	18	22	9127	0	9220
12366	62	430	15	8649	0	9156
12367	46	9135	39	209	0	9429
12368	9637	170	28	66	0	9901
12369	209	9412	42	61	0	9724
12370	71	173	25	9805	0	10074
12371	9777	49	22	203	0	10051
12372	218	33	16	9778	0	10045
12373	77	46	9433	216	0	9772
12374	56	9196	204	68	0	9524
12375	35	203	56	9629	0	9923
12376	38	50	49	9933	0	10070
12377	8719	37	36	238	0	9030
12378	194	54	8441	86	0	8775
12379	8483	40	189	55	0	8767
12380	8749	28	51	46	0	8874
12381	8839	31	39	39	0	8948
12382	265	47	8448	44	0	8804
12383	105	27	192	8434	0	8758
12384	59	26	72	8746	0	8903
12385	49	38	8472	247	0	8806
12386	49	48	9001	82	0	9180
12387	9047	22	250	64	0	9383
12388	237	23	70	9203	0	9533
12389	9278	20	51	234	0	9583
12390	9695	29	51	68	0	9843
12391	322	21	44	9563	0	9950
12392	127	49	9607	272	0	10055
12393	9378	29	276	117	0	9800
12394	306	16	72	9992	0	10386
12395	74	46	8459	278	0	8857
12396	57	8221	219	86	0	8583
12397	8534	218	63	48	0	8863
12398	233	8442	46	53	0	8774
12399	80	239	30	7846	0	8195
12400	60	9219	33	193	0	9505
12401	9270	270	32	61	0	9633
12402	8759	92	21	53	0	8925
12403	323	8581	33	71	0	9008
12404	8802	255	29	47	0	9133
12405	8893	90	27	44	0	9054
12406	363	8599	32	37	0	9031
12407	8809	264	26	36	0	9135
12408	320	99	37	8652	0	9108
12409	139	71	22	8921	0	9153
12410	8812	27	22	340	0	9201
12411	290	38	34	7632	0	7994
12412	126	7956	36	280	0	8398
12413	8064	258	23	95	0	8440
12414	7946	86	27	84	0	8143
12415	340	7995	37	43	0	8415
12416	8156	259	20	47	0	8482
12417	8268	96	22	64	0	8450
12418	366	65	32	8083	0	8546
12419	182	63	7717	282	0	8244
12420	102	7622	247	137	0	8108
12421	7760	275	100	90	0	8225
12422	8077	106	48	55	0	8286
12423	383	84	7584	74	0	8125
12424	7873	57	260	52	0	8242
12425	381	68	7258	35	0	7742
12426	7464	57	277	56	0	7854
12427	357	54	103	7243	0	7757
12428	168	57	7240	281	0	7746
12429	144	87	7291	126	0	7648
12430	113	43	331	7328	0	7815
12431	101	56	139	7306	0	7602
12432	105	75	6896	372	0	7448
12433	126	66	252	7190	0	7634
12434	122	58	7555	345	0	8080
12435	98	76	310	7701	0	8185
12436	120	54	105	7653	0	7932
12437	120	7593	92	352	0	8157
12438	101	7660	66	178	0	8005
12439	112	7938	56	105	0	8211
12440	113	368	64	7791	0	8336
12441	106	158	58	8076	0	8398
12442	116	101	7402	386	0	8005
12443	7485	59	264	182	0	7990
12444	7876	64	121	128	0	8189
12445	420	7453	92	95	0	8060
12446	7702	281	66	102	0	8151
12447	386	131	63	7585	0	8165
12448	7636	98	77	319	0	8130
12449	7830	82	63	139	0	8114
12450	433	83	45	7599	0	8160
12451	7462	71	77	318	0	7928
12452	379	7359	84	146	0	7968
12453	229	7638	54	144	0	8065
12454	181	370	69	6552	0	7172
12455	152	6995	73	292	0	7512
12456	178	334	58	6827	0	7397
12457	155	145	61	7210	0	7571
12458	6948	118	75	407	0	7548
12459	380	7669	54	225	0	8328
12460	7590	317	50	122	0	8079
12461	7456	155	59	101	0	7771
12462	390	7521	59	118	0	8088
12463	6571	281	45	93	0	6990
12464	351	143	5751	82	0	6327
12465	146	5466	176	70	0	5858
12466	5567	200	67	76	0	5910
12467	240	103	5653	84	0	6080
12468	125	5350	174	63	0	5712
12469	134	5611	88	59	0	5892
12470	5390	188	43	51	0	5672
12471	5349	117	33	37	0	5536
12472	5414	60	45	45	0	5564
12473	230	5124	34	68	0	5456
12474	121	162	52	5367	0	5702
12475	5474	86	28	164	0	5752
12476	5528	69	32	105	0	5734
12477	218	55	48	5408	0	5729
12478	140	55	5267	161	0	5623
12479	93	59	5149	104	0	5405
12480	78	50	168	5262	0	5558
12481	98	35	101	5439	0	5673
12482	78	48	5244	224	0	5594
12483	71	28	159	5127	0	5385
12484	74	5255	102	178	0	5609
12485	5418	162	62	95	0	5737
12486	159	78	24	4824	0	5085
12487	4813	58	44	146	0	5061
12488	167	4558	51	83	0	4859
12489	90	4733	31	95	0	4949
12490	3973	107	27	51	0	4158
12491	113	62	3815	26	0	4016
12492	3324	25	45	25	0	3419
12493	80	3263	47	18	0	3408
12494	48	69	33	3114	0	3264
12495	3055	42	8	63	0	3168
12496	57	736	19	2391	0	3203
12497	3220	44	15	39	0	3318
12498	3224	34	11	36	0	3305
12499	66	3330	29	41	0	3466
12500	2753	5	0	0	0	2758
12501	4	2595	3	1	0	2603
12502	2752	3	0	0	0	2755
12503	4	2	0	2712	0	2718
12504	2741	0	1	4	0	2746
12505	5	2	0	2714	0	2721
12506	2734	0	0	4	0	2738
12507	2699	0	0	1	0	2700
12508	2708	1	0	1	0	2710
12509	2707	2	0	1	0	2710
12510	2690	2	0	1	0	2693
12511	7	1	0	3080	0	3088
12512	3071	1	3	10	0	3085
12513	8	2909	10	11	0	2938
12514	5	10	2991	1	0	3007
12515	2	3	8	2972	0	2985
12516	2	2	3072	9	0	3085
12517	1	1	6	3008	0	3016
12518	3	2	3003	7	0	3015
12519	2989	0	7	4	0	3000
12520	8	1	3	3202	0	3214
12521	7	3	3196	9	0	3215
12522	2	11	4519	4	0	4536
12523	1	5	13	4558	0	4577
12524	5436	3	4	12	0	5455
12525	7	5140	13	9	0	5169
12526	5830	7	2	6	0	5845
12527	5812	4	5	3	0	5824
12528	15	5555	8	4	0	5582
12529	6392	9	1	3	0	6405
12530	10	4	4	6328	0	6346
12531	7	2	5	6307	0	6321
12532	1	1	1	6382	0	6385
12533	6389	0	6	12	0	6407
12534	10	5584	18	13	0	5625
12535	7	12	4	5980	0	6003
12536	5	9	3	5974	0	5991
12537	5999	4	3	22	0	6028
12538	16	5	6	5829	0	5856
12539	13	10	6130	17	0	6170
12540	2	5930	33	23	0	5988
12541	6254	24	17	6	0	6301
12542	30	20	8	6087	0	6145
12543	18	6076	13	20	0	6127
12544	6268	21	4	18	0	6311
12545	35	23	6062	19	0	6139
12546	26	5881	30	6	0	5943
12547	6278	24	14	9	0	6325
12548	26	22	9	6212	0	6269
12549	20	13	4	6251	0	6288
12550	18	6	6181	45	0	6250
12551	10	8	22	6037	0	6077
12552	7	11	6408	43	0	6469
12553	10	12	6064	29	0	6115
12554	10	25	6228	14	0	6277
12555	6369	7	52	11	0	6439
12556	6402	4	30	10	0	6446
12557	6606	9	16	11	0	6642
12558	55	6	12	6490	0	6563
12559	31	5504	15	41	0	5591
12560	18	5637	17	23	0	5695
12561	5799	46	8	22	0	5875
12562	6061	32	15	14	0	6122
12563	40	5862	20	21	0	5943
12564	6163	31	19	7	0	6220
12565	48	33	5857	19	0	5957
12566	35	20	5784	12	0	5851
12567	14	16	52	5023	0	5105
12568	10	4	42	5591	0	5647
12569	12	9	5540	64	0	5625
12570	12	9	47	5430	0	5498
12571	5603	4	30	58	0	5695
12572	47	12	5484	34	0	5577
12573	5334	15	42	17	0	5408
12574	51	8	33	5936	0	6028
12575	36	6	5786	44	0	5872
12576	30	5524	59	32	0	5645
12577	5906	39	25	39	0	6009
12578	49	25	5754	19	0	5847
12579	5971	25	43	15	0	6054
12580	63	18	23	6095	0	6199
12581	6126	8	24	46	0	6204
12582	56	19	6450	35	0	6560
12583	39	8	39	6531	0	6617
12584	6590	7	35	61	0	6693
12585	6464	10	26	40	0	6540
12586	6662	14	15	34	0	6725
12587	7709	4	13	30	0	7756
12588	72	16	18	7637	0	7743
12589	51	11	15	7650	0	7727
12590	36	16	7530	77	0	7659
12591	26	7	50	7429	0	7512
12592	24	20	34	8351	0	8429
12593	31	8375	27	74	0	8507
12594	8671	57	17	39	0	8784
12595	8935	35	14	31	0	9015
12596	126	8777	32	24	0	8959
12597	57	95	17	8775	0	8944
12598	41	30	11	8907	0	8989
12599	8552	24	22	119	0	8717
12600	106	19	8884	54	0	9063
12601	50	10	88	9087	0	9235
12602	41	15	9867	112	0	10035
12603	9594	13	101	48	0	9756
12604	9987	15	37	37	0	10076
12605	10067	10	34	32	0	10143
12606	131	13	20	9871	0	10035
12607	59	11	18	9998	0	10086
12608	10119	7	23	119	0	10268
12609	116	23	9746	58	0	9943
12610	41	18	91	9951	0	10101
12611	9661	7	18	94	0	9780
12612	89	9	20	10192	0	10310
12613	41	14	10318	110	0	10483
12614	41	30	9751	36	0	9858
12615	9821	9	91	50	0	9971
12616	101	9784	63	38	0	9986
12617	10564	86	33	23	0	10706
12618	10537	16	14	29	0	10596
12619	111	26	18	10335	0	10490
12620	53	10	14	10218	0	10295
12621	47	9930	35	115	0	10127
12622	8981	83	14	49	0	9127
12623	107	8918	30	48	0	9103
12624	40	8801	19	46	0	8906
12625	56	124	11	9064	0	9255
12626	8659	50	16	120	0	8845
12627	8668	42	17	47	0	8774
12628	159	17	15	8570	0	8761
12629	79	19	10	8110	0	8218
12630	57	13	20	8243	0	8333
12631	8093	10	19	185	0	8307
12632	139	29	7905	76	0	8149
12633	57	7844	124	74	0	8099
12634	8113	105	36	41	0	8295
12635	145	30	44	7837	0	8056
12636	68	49	8217	141	0	8475
12637	85	27	8005	62	0	8179
12638	48	7929	178	78	0	8233
12639	46	8314	54	46	0	8460
12640	38	155	39	8259	0	8491
12641	38	7848	45	147	0	8078
12642	41	162	27	8362	0	8592
12643	40	40	23	8592	0	8695
12644	8464	39	25	191	0	8719
12645	165	33	30	8600	0	8828
12646	51	32	22	8778	0	8883
12647	78	41	8346	194	0	8659
12648	62	38	135	8579	0	8814
12649	9067	35	30	216	0	9348
12650	9083	26	35	83	0	9227
12651	199	8803	34	101	0	9137
12652	9623	153	22	86	0	9884
12653	235	80	8878	77	0	9270
12654	76	9557	191	69	0	9893
12655	79	183	63	10145	0	10470
12656	64	58	41	10278	0	10441
12657	77	51	34	10374	0	10536
12658	10318	36	43	232	0	10629
12659	9884	38	34	128	0	10084
12660	234	42	10150	103	0	10529
12661	112	51	9867	91	0	10121
12662	98	82	9350	88	0	9618
12663	75	9415	207	104	0	9801
12664	56	9512	109	84	0	9761
12665	10009	189	55	83	0	10336
12666	10019	68	52	70	0	10209
12667	229	52	52	10080	0	10413
12668	83	42	66	9877	0	10068
12669	77	9542	57	238	0	9914
12670	79	173	49	10592	0	10893
12671	81	100	9904	240	0	10325
12672	58	10007	193	126	0	10384
12673	88	207	45	10500	0	10840
12674	74	82	10102	832	0	11090
12675	55	87	186	10427	0	10755
12676	75	10444	65	244	0	10828
12677	11233	204	69	108	0	11614
12678	11153	81	37	127	0	11398
12679	10869	69	47	84	0	11069
12680	268	60	37	10752	0	11117
12681	121	48	27	10981	0	11177
12682	10664	39	31	258	0	10992
12683	269	10226	48	126	0	10669
12684	11335	216	47	93	0	11691
12685	282	96	12569	91	0	13038
12686	13080	68	229	80	0	13457
12687	12579	61	64	98	0	12802
12688	315	60	51	12411	0	12837
12689	12600	58	40	285	0	12983
12690	12514	49	55	114	0	12732
12691	332	58	61	12468	0	12919
12692	141	32	10892	253	0	11318
12693	10098	38	216	121	0	10473
12694	253	57	11402	104	0	11816
12695	93	11189	193	48	0	11523
12696	77	165	74	11803	0	12119
12697	43	59	68	11991	0	12161
12698	13230	57	53	223	0	13563
12699	289	49	12637	114	0	13089
12700	88	48	225	12314	0	12675
12701	85	12125	88	255	0	12553
12702	75	11734	81	87	0	11977
12703	66	322	46	12097	0	12531
12704	44	126	11586	307	0	12063
12705	52	76	230	11702	0	12060
12706	47	74	71	11997	0	12189
12707	51	108	11121	362	0	11642
12708	75	11453	216	168	0	11912
12709	11687	275	79	115	0	12156
12710	266	11584	85	113	0	12048
12711	108	286	67	12021	0	12482
12712	10911	99	53	307	0	11370
12713	278	10666	65	129	0	11138
12714	141	284	10468	85	0	10978
12715	10361	94	234	82	0	10771
12716	297	10696	108	60	0	11161
12717	11260	264	53	80	0	11657
12718	321	106	10636	83	0	11146
12719	10856	108	234	54	0	11252
12720	330	56	95	11054	0	11535
12721	151	60	12331	311	0	12853
12722	123	60	262	12423	0	12868
12723	98	12185	116	327	0	12726
12724	83	237	74	12428	0	12822
12725	67	87	58	12517	0	12729
12726	73	72	11897	333	0	12375
12727	89	53	231	12075	0	12448
12728	93	106	11003	328	0	11530
12729	78	11800	222	141	0	12241
12730	77	251	77	13563	0	13968
12731	76	97	13122	311	0	13606
12732	69	12615	272	131	0	13087
12733	73	13221	92	123	0	13509
12734	74	320	13214	86	0	13694
12735	87	141	12973	88	0	13289
12736	75	61	239	12589	0	12964
12737	12964	49	88	241	0	13342
12738	230	12286	81	121	0	12718
12739	110	218	43	12641	0	13012
12740	12679	66	42	248	0	13035
12741	241	12152	58	122	0	12573
12742	12519	209	54	94	0	12876
12743	263	12277	60	91	0	12691
12744	12616	235	53	73	0	12977
12745	13157	96	52	76	0	13381
12746	13400	77	33	90	0	13600
12747	395	13661	58	86	0	14200
12748	172	309	57	14088	0	14626
12749	137	121	12868	327	0	13453
12750	99	12843	298	126	0	13366
12751	84	310	103	13330	0	13827
12752	69	105	77	12875	0	13126
12753	84	105	12283	366	0	12838
12754	60	11360	276	189	0	11885
12755	11756	294	94	132	0	12276
12756	313	11427	108	89	0	11937
12757	114	319	59	11928	0	12420
12758	106	136	11917	314	0	12473
12759	10967	123	304	125	0	11519
12760	305	68	89	12072	0	12534
12761	106	70	11767	342	0	12285
12762	11309	57	290	136	0	11792
12763	288	11430	133	141	0	11992
12764	12085	308	99	82	0	12574
12765	12078	130	60	74	0	12342
12766	368	114	48	11982	0	12512
12767	174	79	11963	331	0	12547
12768	125	11419	334	139	0	12017
12769	90	350	11881	131	0	12452
12770	38	131	309	11114	0	11592
12771	40	104	125	11808	0	12077
12772	11557	77	94	387	0	12115
12773	288	86	12320	192	0	12886
12774	102	11543	339	128	0	12112
12775	93	333	90	11933	0	12449
12776	75	124	78	12517	0	12794
12777	12155	113	76	381	0	12725
12778	327	11921	53	174	0	12475
12779	133	333	47	12334	0	12847
12780	11924	157	50	349	0	12480
12781	306	11895	65	160	0	12426
12782	12036	332	51	116	0	12535
12783	12074	139	62	66	0	12341
12784	395	11123	83	85	0	11686
12785	9335	276	30	51	0	9692
12786	313	9079	37	46	0	9475
12787	9423	303	19	46	0	9791
12788	9459	102	40	38	0	9639
12789	344	8963	27	36	0	9370
12790	9439	286	18	48	0	9791
12791	9480	92	25	62	0	9659
12792	9530	78	22	49	0	9679
12793	376	84	8663	41	0	9164
12794	155	61	8194	50	0	8460
12795	115	60	8469	52	0	8696
12796	8916	55	364	40	0	9375
12797	345	48	8836	50	0	9279
12798	126	38	7380	24	0	7568
12799	89	41	252	7221	0	7603
12800	7473	22	126	213	0	7834
12801	228	48	7291	87	0	7654
12802	123	44	8345	66	0	8578
12803	84	34	258	8730	0	9106
12804	68	30	122	9182	0	9402
12805	56	34	77	9385	0	9552
12806	66	32	9007	317	0	9422
12807	57	29	201	9078	0	9365
12808	9087	34	103	262	0	9486
12809	221	8754	77	132	0	9184
12810	118	217	46	9750	0	10131
12811	86	101	34	9876	0	10097
12812	87	86	10518	282	0	10973
12813	60	10412	312	151	0	10935
12814	12550	318	94	108	0	13070
12815	339	12301	91	72	0	12803
12816	110	383	71	12842	0	13406
12817	89	125	12454	365	0	13033
12818	64	77	341	12592	0	13074
12819	55	57	112	13929	0	14153
12820	13263	38	91	477	0	13869
12821	363	35	69	11766	0	12233
12822	106	11104	88	438	0	11736
12823	94	11710	77	159	0	12040
12824	76	428	11425	118	0	12047
12825	11484	163	340	95	0	12082
12826	379	80	116	11830	0	12405
12827	138	69	84	11944	0	12235
12828	86	53	65	12436	0	12640
12829	11822	62	54	510	0	12448
12830	367	10925	57	225	0	11574
12831	11383	376	63	143	0	11965
12832	445	146	10888	119	0	11598
12833	163	128	10820	124	0	11235
12834	11035	88	432	121	0	11676
12835	444	65	165	10914	0	11588
12836	176	92	102	11393	0	11763
12837	139	68	80	11725	0	12012
12838	105	88	10875	581	0	11649
12839	11068	58	373	258	0	11757
12840	11329	83	144	195	0	11751
12841	11383	62	92	163	0	11700
12842	524	70	807	10384	0	11785
12843	235	85	10739	411	0	11470
12844	169	102	10506	185	0	10962
12845	117	89	9860	140	0	10206
12846	115	10500	341	126	0	11082
12847	101	270	104	10334	0	10809
12848	10388	81	75	323	0	10867
12849	303	63	10533	149	0	11048
12850	11153	42	286	107	0	11588
12851	327	52	121	11265	0	11765
12852	137	52	86	11118	0	11393
12853	101	10496	86	354	0	11037
12854	116	10740	110	160	0	11126
12855	93	11721	115	120	0	12049
12856	125	290	83	12018	0	12516
12857	11835	81	73	346	0	12335
12858	11595	37	63	168	0	11863
12859	350	46	10990	124	0	11510
12860	11315	39	295	104	0	11753
12861	339	46	11189	93	0	11667
12862	160	49	295	11328	0	11832
12863	104	58	11068	319	0	11549
12864	11133	61	307	147	0	11648
12865	310	57	144	10987	0	11498
12866	127	56	11212	323	0	11718
12867	104	83	10098	144	0	10429
12868	10521	62	316	130	0	11029
12869	11039	60	114	138	0	11351
12870	330	10755	92	130	0	11307
12871	152	275	61	11669	0	12157
12872	86	140	11348	342	0	11916
12873	106	134	9944	166	0	10350
12874	120	97	279	10115	0	10611
12875	10155	105	111	321	0	10692
12876	343	9889	87	189	0	10508
12877	157	299	119	10292	0	10867
12878	10235	122	113	381	0	10851
12879	324	71	112	9974	0	10481
12880	176	9852	155	361	0	10544
12881	173	248	116	10432	0	10969
12882	10075	112	122	384	0	10693
12883	330	121	116	10332	0	10899
12884	10154	88	162	373	0	10777
12885	362	10481	157	180	0	11180
12886	10833	324	150	193	0	11500
12887	464	124	10328	201	0	11117
12888	10410	74	354	245	0	11083
12889	10820	66	166	204	0	11256
12890	495	10401	112	176	0	11184
12891	242	379	130	10757	0	11508
12892	217	174	10449	402	0	11242
12893	175	135	10225	201	0	10736
12894	9555	70	417	154	0	10196
12895	9579	76	180	199	0	10034
12896	411	9558	124	236	0	10329
12897	205	10002	91	225	0	10523
12898	9751	349	111	219	0	10430
12899	410	9668	128	173	0	10379
12900	240	9964	142	171	0	10517
12901	262	327	119	9928	0	10636
12902	221	144	75	9244	0	9684
12903	201	116	8215	425	0	8957
12904	180	92	321	8533	0	9126
12905	8456	66	225	419	0	9166
12906	389	117	8294	161	0	8961
12907	218	110	8247	169	0	8744
12908	237	95	381	7799	0	8512
12909	229	81	196	8500	0	9006
12910	195	68	172	8216	0	8651
12911	196	92	7762	405	0	8455
12912	112	46	254	6550	0	6962
12913	106	73	137	6793	0	7109
12914	4732	37	38	164	0	4971
12915	125	4591	38	88	0	4842
12916	4801	109	42	36	0	4988
12917	132	54	4614	45	0	4845
12918	4534	21	108	53	0	4716
12919	94	3619	33	10	0	3756
12920	3798	85	15	7	0	3905
12921	94	3712	10	7	0	3823
12922	3774	89	11	11	0	3885
12923	95	3666	11	9	0	3781
12924	29	3690	8	20	0	3747
12925	21	115	6	3778	0	3920
12926	3772	43	6	90	0	3911
12927	3822	15	2	39	0	3878
12928	3823	17	4	16	0	3860
12929	121	15	3569	15	0	3720
12930	49	16	3305	10	0	3380
12931	31	6	101	3392	0	3530
12932	21	3343	33	81	0	3478
12933	6	3418	22	35	0	3481
12934	14	106	10	3504	0	3634
12935	3488	44	8	92	0	3632
12936	3530	19	5	37	0	3591
12937	3570	13	4	14	0	3601
12938	127	14	3346	11	0	3498
12939	49	10	88	3396	0	3543
12940	26	15	3365	89	0	3495
12941	3401	12	89	39	0	3541
12942	3490	13	37	17	0	3557
12943	124	13	3401	16	0	3554
12944	51	10	89	3348	0	3498
12945	3486	7	30	94	0	3617
12946	99	9	17	2606	0	2731
12947	38	15	14	2674	0	2741
12948	21	13	9	3592	0	3635
12949	2902	11	13	171	0	3097
12950	139	13	11	4174	0	4337
12951	3660	11	11	225	0	3907
12952	200	4611	16	78	0	4905
12953	75	204	10	5380	0	5669
12954	36	69	7	5633	0	5745
12955	25	35	6	5056	0	5122
12956	4738	26	12	382	0	5158
12957	268	17	9	4718	0	5012
12958	90	9	8	4835	0	4942
12959	4889	12	15	352	0	5268
12960	5293	11	12	136	0	5452
12961	5398	13	12	74	0	5497
12962	396	11	4896	50	0	5353
12963	152	22	4808	37	0	5019
12964	5024	10	304	39	0	5377
12965	307	10	106	5142	0	5565
12966	107	15	54	5297	0	5473
12967	5201	6	31	378	0	5616
12968	5258	5	13	141	0	5417
12969	4934	12	14	77	0	5037
12970	375	4812	21	44	0	5252
12971	4654	236	14	27	0	4931
12972	4345	74	14	29	0	4462
12973	316	4258	13	25	0	4612
12974	127	4143	24	25	0	4319
12975	81	276	8	4347	0	4712
12976	4611	85	11	255	0	4962
12977	4729	53	8	73	0	4863
12978	4637	30	4	51	0	4722
12979	369	14	5	4529	0	4917
12980	4618	15	8	277	0	4918
12981	326	22	4651	79	0	5078
12982	4875	20	242	62	0	5199
12983	324	17	4861	41	0	5243
12984	123	18	4785	29	0	4955
12985	70	4	216	4410	0	4700
12986	4141	6	81	214	0	4442
12987	200	9	40	4503	0	4752
12988	74	7	4317	258	0	4656
12989	58	12	4217	94	0	4381
12990	45	3	234	4293	0	4575
12991	4009	5	91	222	0	4327
12992	198	4241	58	79	0	4576
12993	73	188	30	4183	0	4474
12994	72	48	12	4512	0	4644
12995	42	34	4335	274	0	4685
12996	54	19	4243	103	0	4419
12997	34	9	239	4477	0	4759
12998	4341	10	97	237	0	4685
12999	230	35	4105	94	0	4464
13000	85	12	190	4386	0	4673
13001	79	15	52	4564	0	4710
13002	61	16	43	4599	0	4719
13003	4398	24	26	320	0	4768
13004	241	72	3145	195	0	3653
13005	110	4384	134	157	0	4785
13006	113	209	41	4482	0	4845
13007	100	67	4541	324	0	5032
13008	118	4493	210	170	0	4991
13009	89	4866	84	160	0	5199
13010	4821	260	59	119	0	5259
13011	320	4927	46	105	0	5398
13012	5053	261	43	120	0	5477
13013	367	80	4803	123	0	5373
13014	186	64	247	4987	0	5484
13015	4993	38	104	389	0	5524
13016	367	4818	84	239	0	5508
13017	204	236	4846	257	0	5543
13018	238	86	245	3900	0	4469
13019	226	4906	104	292	0	5528
13020	206	257	80	5049	0	5592
13021	4887	106	72	352	0	5417
13022	404	5164	67	229	0	5864
13023	5430	260	67	177	0	5934
13024	5529	108	86	167	0	5890
13025	468	98	5208	155	0	5929
13026	319	5154	279	146	0	5898
13027	289	250	113	5404	0	6056
13028	276	102	5563	363	0	6304
13029	301	91	5993	167	0	6552
13030	279	68	358	6487	0	7192
13031	7309	57	167	359	0	7892
13032	7357	84	144	178	0	7763
13033	598	93	108	7224	0	8023
13034	359	98	6833	433	0	7723
13035	267	7050	373	228	0	7918
13036	7183	378	159	187	0	7907
13037	7248	165	118	167	0	7698
13038	606	7132	113	135	0	7986
13039	7515	390	93	149	0	8147
13040	593	182	7018	126	0	7919
13041	7340	117	392	140	0	7989
13042	7556	96	210	155	0	8017
13043	570	106	7066	132	0	7874
13044	306	81	422	7171	0	7980
13045	273	66	6996	451	0	7786
13046	200	6863	507	240	0	7810
13047	186	7302	285	228	0	8001
13048	129	307	173	6260	0	6869
13049	137	113	6066	402	0	6718
13050	98	4857	299	182	0	5436
13051	68	5231	207	153	0	5659
13052	3834	232	101	106	0	4273
13053	3350	65	30	16	0	3461
13054	130	48	11	3930	0	4119
13055	54	31	11	3802	0	3898
13056	48	3794	21	138	0	4001
13057	3851	121	9	60	0	4041
13058	3881	51	16	47	0	3995
13059	160	3831	18	35	0	4044
13060	66	115	6	3686	0	3873
13061	56	34	3525	127	0	3742
13062	34	36	95	3667	0	3832
13063	3644	38	33	125	0	3840
13064	130	18	27	3695	0	3870
13065	61	22	21	3788	0	3892
13066	3890	21	10	154	0	4075
13067	131	17	22	3750	0	3920
13068	57	3737	27	136	0	3957
13069	47	98	15	3857	0	4017
13070	45	41	27	3903	0	4016
13071	29	31	15	3778	0	3853
13072	20	3768	22	154	0	3964
13073	28	113	17	3952	0	4110
13074	16	61	3764	152	0	3993
13075	14	49	105	3843	0	4011
13076	18	44	3686	150	0	3898
13077	20	3902	121	77	0	4120
13078	19	121	50	4153	0	4343
13079	21	61	27	4192	0	4301
13080	40	39	29	4204	0	4312
13081	34	38	24	4103	0	4199
13082	43	25	3768	211	0	4047
13083	35	3796	117	95	0	4043
13084	27	128	46	3973	0	4174
13085	49	64	3932	154	0	4199
13086	45	41	121	4017	0	4224
13087	4017	36	45	178	0	4276
13088	135	37	3767	95	0	4034
13089	3933	36	127	70	0	4166
13090	166	33	58	4013	0	4270
13091	111	23	3901	151	0	4186
13092	72	3863	137	93	0	4165
13093	74	127	57	4028	0	4286
13094	61	53	4387	176	0	4677
13095	65	4464	160	87	0	4776
13096	67	168	58	4700	0	4993
13097	4646	75	49	198	0	4968
13098	4698	58	60	105	0	4921
13099	4776	67	38	78	0	4959
13100	213	70	4640	69	0	4992
13101	124	4653	167	51	0	4995
13102	91	187	61	4919	0	5258
13103	72	67	53	5125	0	5317
13104	4998	53	57	219	0	5327
13105	178	4938	50	128	0	5294
13106	5084	177	41	96	0	5398
13107	4829	91	42	77	0	5039
13108	4913	76	29	86	0	5104
13109	224	66	4622	95	0	5007
13110	4607	59	163	80	0	4909
13111	212	64	65	4627	0	4968
13112	116	51	63	4765	0	4995
13113	4686	49	47	232	0	5014
13114	218	43	26	4631	0	4918
13115	103	4521	44	238	0	4906
13116	85	159	38	4739	0	5021
13117	4663	73	31	225	0	4992
13118	191	56	4408	156	0	4811
13119	97	4457	150	126	0	4830
13120	76	169	50	4685	0	4980
13121	4654	86	44	213	0	4997
13122	186	82	4237	129	0	4634
13123	89	65	154	4377	0	4685
13124	77	35	4311	249	0	4672
13125	63	33	4209	130	0	4435
13126	47	57	4349	99	0	4552
13127	56	33	4525	114	0	4728
13128	55	35	4134	93	0	4317
13129	3283	25	491	102	0	3901
13130	121	3336	90	85	0	3632
13131	2625	37	13	7	0	2682
13132	2598	13	9	9	0	2629
13133	51	2847	13	7	0	2918
13134	24	2925	11	8	0	2968
13135	3004	42	10	6	0	3062
13136	3026	20	7	7	0	3060
13137	50	15	7	2915	0	2987
13138	22	3190	14	35	0	3261
13139	3329	36	8	11	0	3384
13140	43	3181	13	19	0	3256
13141	21	47	6	3317	0	3391
13142	3342	16	10	40	0	3408
13143	3304	12	8	11	0	3335
13144	48	7	9	3270	0	3334
13145	25	11	7	3320	0	3363
13146	20	10	3245	49	0	3324
13147	16	8	33	3165	0	3222
13148	13	9	3260	49	0	3331
13149	10	8	36	3277	0	3331
13150	11	4	16	3339	0	3370
13151	3310	8	12	50	0	3380
13152	3249	8	8	25	0	3290
13153	57	10	3221	20	0	3308
13154	2731	3	42	13	0	2789
13155	53	10	11	2784	0	2858
13156	26	13	2757	45	0	2841
13157	23	3	41	2722	0	2789
13158	16	6	9	2823	0	2854
13159	13	11	3029	53	0	3106
13160	16	5	46	3021	0	3088
13161	20	6	3008	58	0	3092
13162	13	4	45	3205	0	3267
13163	3201	4	20	68	0	3293
13164	59	3103	18	25	0	3205
13165	3411	53	9	25	0	3498
13166	65	3190	17	24	0	3296
13167	3285	60	7	16	0	3368
13168	77	3213	9	15	0	3314
13169	3254	65	15	7	0	3341
13170	71	3208	10	15	0	3304
13171	32	63	8	3281	0	3384
13172	24	32	3203	64	0	3323
13173	21	23	3115	37	0	3196
13174	15	13	76	3227	0	3331
13175	3227	13	30	71	0	3341
13176	70	3442	26	31	0	3569
13177	31	64	15	3280	0	3390
13178	27	43	3190	76	0	3336
13179	18	26	3158	43	0	3245
13180	25	15	94	3083	0	3217
13181	11	2919	45	63	0	3038
13182	2976	63	25	42	0	3106
13183	76	41	2957	28	0	3102
13184	46	31	2887	12	0	2976
13185	15	3117	100	15	0	3247
13186	3231	63	47	15	0	3356
13187	3260	39	27	7	0	3333
13188	94	15	18	3232	0	3359
13189	3265	13	16	72	0	3366
13190	3243	10	20	39	0	3312
13191	105	3444	19	25	0	3593
13192	3586	64	11	18	0	3679
13193	95	48	3715	13	0	3871
13194	49	17	49	3323	0	3438
13195	24	11	47	3254	0	3336
13196	3233	11	23	83	0	3350
13197	51	3141	21	59	0	3272
13198	3570	47	17	27	0	3661
13199	63	3432	18	17	0	3530
13200	33	3295	13	18	0	3359
13201	28	67	3327	9	0	3431
13202	17	41	3049	6	0	3113
13203	3008	17	55	8	0	3088
13204	3142	17	29	8	0	3196
13205	69	17	3086	4	0	3176
13206	38	2944	41	10	0	3033
13207	19	3060	35	9	0	3123
13208	3171	57	18	8	0	3254
13209	3181	29	13	3	0	3226
13210	66	16	15	3106	0	3203
13211	3570	9	10	39	0	3628
13212	48	15	7	3480	0	3550
13213	42	17	3444	41	0	3544
13214	21	11	3242	35	0	3309
13215	3322	10	59	16	0	3407
13216	46	18	33	3361	0	3458
13217	38	3472	27	39	0	3576
13218	3667	37	19	33	0	3756
13219	3633	31	26	14	0	3704
13220	67	19	3592	14	0	3692
13221	3537	17	42	12	0	3608
13222	3683	15	30	8	0	3736
13223	71	15	18	3576	0	3680
13224	46	3421	25	40	0	3532
13225	31	3740	19	32	0	3822
13226	35	64	10	4584	0	4693
13227	34	43	5	4276	0	4358
13228	23	21	9	4382	0	4435
13229	24	13	4286	78	0	4401
13230	21	19	4179	51	0	4270
13231	18	15	69	4301	0	4403
13232	31	10	4372	54	0	4467
13233	16	21	4205	44	0	4286
13234	15	12	74	4140	0	4241
13235	26	19	5014	47	0	5106
13236	19	4820	87	49	0	4975
13237	5710	68	46	22	0	5846
13238	78	37	33	5331	0	5479
13239	47	5176	28	69	0	5320
13240	36	67	5632	38	0	5773
13241	18	39	85	5507	0	5649
13242	26	30	5694	73	0	5823
13243	23	18	77	5693	0	5811
13244	26	18	41	5960	0	6045
13245	25	21	5805	125	0	5976
13246	19	16	86	5679	0	5800
13247	21	5835	55	104	0	6015
13248	21	109	31	6191	0	6352
13249	26	57	6017	130	0	6230
13250	16	28	114	6037	0	6195
13251	5998	39	62	143	0	6242
13252	103	5852	43	119	0	6117
13253	60	114	48	6114	0	6336
13254	47	122	5957	148	0	6274
13255	52	5679	118	157	0	6006
13256	43	6006	111	52	0	6212
13257	34	207	5825	94	0	6160
13258	74	78	141	5837	0	6130
13259	12	100	102	5697	0	5911
13260	23	68	5909	215	0	6215
13261	29	5662	184	100	0	5975
13262	8	5882	86	65	0	6041
13263	5930	169	27	87	0	6213
13264	79	6145	89	51	0	6364
13265	6236	139	41	72	0	6488
13266	98	117	10	6143	0	6368
13267	6491	56	65	107	0	6719
13268	129	86	6265	79	0	6559
13269	6141	92	89	56	0	6378
13270	175	21	69	6354	0	6619
13271	81	6232	40	120	0	6473
13272	6618	207	43	52	0	6920
13273	129	69	44	6504	0	6746
13274	126	6584	119	132	0	6961
13275	44	7154	80	190	0	7468
13276	7211	137	24	66	0	7438
13277	7146	141	16	78	0	7381
13278	7162	111	17	121	0	7411
13279	197	73	108	6926	0	7304
13280	88	6692	42	158	0	6980
13281	81	6994	34	48	0	7157
13282	85	182	83	7100	0	7450
13283	7119	72	25	243	0	7459
13284	6983	72	21	186	0	7262
13285	6865	68	112	63	0	7108
13286	166	125	7324	103	0	7718
13287	101	181	7001	44	0	7327
13288	7728	90	112	12	0	7942
13289	169	133	49	7634	0	7985
13290	235	53	49	7632	0	7969
13291	104	45	58	7502	0	7709
13292	218	17	32	7537	0	7804
13293	88	29	7766	188	0	8071
13294	147	25	152	7597	0	7921
13295	110	23	7636	228	0	7997
13296	7229	113	131	164	0	7637
13297	200	7376	90	120	0	7786
13298	78	114	58	7609	0	7859
13299	50	102	42	7684	0	7878
13300	7385	133	86	168	0	7772
13301	7511	63	18	140	0	7732
13302	7498	55	68	95	0	7716
13303	7581	27	36	83	0	7727
13304	210	77	7298	162	0	7747
13305	141	102	7140	97	0	7480
13306	115	119	120	7314	0	7668
13307	7557	53	62	227	0	7899
13308	7526	32	62	97	0	7717
13309	295	35	7282	88	0	7700
13310	262	21	133	7220	0	7636
13311	7207	14	193	164	0	7578
13312	196	20	201	7087	0	7504
13313	197	19	7067	200	0	7483
13314	116	12	156	7121	0	7405
13315	7170	21	71	281	0	7543
13316	143	6722	94	237	0	7196
13317	7034	110	48	265	0	7457
13318	7046	53	149	103	0	7351
13319	6968	37	56	231	0	7292
13320	199	48	178	6899	0	7324
13321	7062	55	45	193	0	7355
13322	239	7285	57	93	0	7674
13323	127	7405	59	160	0	7751
13324	136	196	27	7621	0	7980
13325	7320	86	13	189	0	7608
13326	329	6622	29	84	0	7064
13327	7763	185	18	117	0	8083
13328	8978	85	31	75	0	9169
13329	359	9468	132	68	0	10027
13330	157	353	128	9600	0	10238
13331	128	118	43	10076	0	10365
13332	213	94	9598	362	0	10267
13333	213	120	262	9468	0	10063
13334	173	87	9415	387	0	10062
13335	136	8462	297	273	0	9168
13336	151	340	97	9070	0	9658
13337	8219	86	92	491	0	8888
13338	8414	63	152	240	0	8869
13339	340	54	119	8532	0	9045
13340	217	67	7671	390	0	8345
13341	7463	155	268	179	0	8065
13342	419	7582	114	112	0	8227
13343	247	7739	52	164	0	8202
13344	271	7847	36	90	0	8244
13345	131	327	48	7750	0	8256
13346	210	129	7480	343	0	8162
13347	37	78	229	7402	0	7746
13348	49	69	7261	269	0	7648
13349	45	90	7323	82	0	7540
13350	28	87	7331	75	0	7521
13351	44	60	298	7019	0	7421
13352	33	42	108	7311	0	7494
13353	25	34	97	7493	0	7649
13354	16	36	74	7574	0	7700
13355	7386	20	83	323	0	7812
13356	216	7212	88	145	0	7661
13357	7360	219	70	122	0	7771
13358	235	7643	56	107	0	8041
13359	66	249	31	7696	0	8042
13360	69	74	33	7704	0	7880
13361	7489	74	17	329	0	7909
13362	7557	55	24	126	0	7762
13363	7621	63	19	95	0	7798
13364	7250	47	29	79	0	7405
13365	7236	46	20	76	0	7378
13366	324	7492	23	89	0	7928
13367	7362	234	16	75	0	7687
13368	307	7269	27	51	0	7654
13369	7521	261	18	54	0	7854
13370	339	85	7713	56	0	8193
13371	156	78	209	7588	0	8031
13372	133	7725	70	228	0	8156
13373	86	258	72	8406	0	8822
13374	115	102	7709	257	0	8183
13375	77	80	202	7567	0	7926
13376	7399	54	77	274	0	7804
13377	217	7266	85	129	0	7697
13378	69	7493	60	142	0	7764
13379	82	275	7908	92	0	8357
13380	54	119	217	7843	0	8233
13381	55	7957	102	242	0	8356
13382	57	243	70	8278	0	8648
13383	60	124	8053	284	0	8521
13384	50	7777	249	140	0	8216
13385	56	261	7968	114	0	8399
13386	66	115	7466	73	0	7720
13387	56	92	258	7445	0	7851
13388	7585	74	109	260	0	8028
13389	236	88	89	7592	0	8005
13390	103	81	7472	288	0	7944
13391	61	79	260	7481	0	7881
13392	50	76	7432	294	0	7852
13393	58	62	7189	136	0	7445
13394	7098	50	295	141	0	7584
13395	8134	60	148	97	0	8439
13396	8196	39	114	133	0	8482
13397	320	35	7925	127	0	8407
13398	128	45	8035	115	0	8323
13399	92	31	337	7878	0	8338
13400	104	35	164	8166	0	8469
13401	7960	47	104	306	0	8417
13402	320	48	80	8048	0	8496
13403	125	48	7863	322	0	8358
13404	110	61	7936	145	0	8252
13405	62	7942	319	169	0	8492
13406	91	249	124	8165	0	8629
13407	114	103	8072	316	0	8605
13408	99	75	288	8171	0	8633
13409	8172	43	146	336	0	8697
13410	278	67	8029	138	0	8512
13411	105	56	294	8120	0	8575
13412	105	53	114	8423	0	8695
13413	98	59	8023	359	0	8539
13414	100	36	291	8178	0	8605
13415	99	48	8011	346	0	8504
13416	7952	44	318	161	0	8475
13417	272	52	119	7856	0	8299
13418	101	7970	120	331	0	8522
13419	8144	248	88	172	0	8652
13420	8096	71	93	151	0	8411
13421	346	8023	90	104	0	8563
13422	780	858	68	5982	0	7688
13423	150	7268	77	168	0	7663
13424	93	7463	50	126	0	7732
13425	106	273	7101	94	0	7574
13426	110	7023	197	71	0	7401
13427	69	192	5685	520	0	6466
13428	3812	24	62	595	0	4493
13429	3947	10	14	13	0	3984
13430	36	4058	25	15	0	4134
13431	13	4062	16	10	0	4101
13432	7	3909	22	12	0	3950
13433	3888	47	13	14	0	3962
13434	53	12	10	3838	0	3913
13435	17	15	3960	46	0	4038
13436	14	3935	42	17	0	4008
13437	5	47	13	4063	0	4128
13438	13	15	12	3920	0	3960
13439	9	4340	11	60	0	4420
13440	4654	65	16	18	0	4753
13441	85	24	4492	18	0	4619
13442	15	15	82	5733	0	5845
13443	8	6329	30	126	0	6493
13444	6408	160	12	42	0	6622
13445	174	56	6168	18	0	6416
13446	47	6159	159	30	0	6395
13447	30	170	36	6464	0	6700
13448	28	72	6283	163	0	6546
13449	6172	34	161	45	0	6412
13450	160	26	50	6435	0	6671
13451	43	47	6247	175	0	6512
13452	25	6233	183	65	0	6506
13453	6290	165	54	33	0	6542
13454	164	6344	43	32	0	6583
13455	6445	187	27	24	0	6683
13456	6532	56	25	30	0	6643
13457	187	55	40	6174	0	6456
13458	82	5831	22	158	0	6093
13459	55	178	5747	61	0	6041
13460	53	44	163	5974	0	6234
13461	34	46	43	5793	0	5916
13462	36	31	40	6179	0	6286
13463	28	39	45	6174	0	6286
13464	25	30	36	6283	0	6374
13465	6066	28	29	244	0	6367
13466	5504	27	26	114	0	5671
13467	5382	25	34	87	0	5528
13468	217	5215	46	74	0	5552
13469	94	165	5478	68	0	5805
13470	66	76	5105	45	0	5292
13471	60	61	5168	46	0	5335
13472	42	53	228	4929	0	5252
13473	36	51	105	4823	0	5015
13474	36	34	76	4964	0	5110
13475	37	43	4601	255	0	4936
13476	47	4536	201	131	0	4915
13477	43	184	4666	96	0	4989
13478	44	67	4794	78	0	4983
13479	51	62	224	4220	0	4557
13480	59	69	4172	191	0	4491
13481	52	58	216	4268	0	4594
13482	4200	45	95	234	0	4574
13483	4268	56	68	87	0	4479
13484	240	44	3937	99	0	4320
13485	88	59	192	4130	0	4469
13486	79	54	3855	232	0	4220
13487	65	4611	217	108	0	5001
13488	4642	209	74	94	0	5019
13489	213	96	4796	98	0	5203
13490	79	4922	215	95	0	5311
13491	61	5117	82	80	0	5340
13492	87	5224	69	77	0	5457
13493	92	264	4970	53	0	5379
13494	83	107	219	4972	0	5381
13495	46	4478	71	171	0	4766
13496	33	196	80	4463	0	4772
13497	35	80	64	4696	0	4875
13498	4454	46	77	249	0	4826
13499	166	4487	52	146	0	4851
13500	4429	171	48	108	0	4756
13501	186	4402	48	101	0	4737
13502	85	4555	51	77	0	4768
13503	76	243	4395	51	0	4765
13504	54	102	179	4288	0	4623
13505	50	86	4187	184	0	4507
13506	40	4183	208	120	0	4551
13507	46	180	4218	75	0	4519
13508	48	79	4570	73	0	4770
13509	49	4625	221	81	0	4976
13510	4616	181	111	56	0	4964
13511	168	4670	83	62	0	4983
13512	4710	184	84	62	0	5040
13513	174	106	4644	65	0	4989
13514	77	78	4609	64	0	4828
13515	67	4649	211	55	0	4982
13516	4599	189	105	55	0	4948
13517	180	4632	100	56	0	4968
13518	65	201	74	4696	0	5036
13519	4724	102	66	179	0	5071
13520	183	96	4893	76	0	5248
13521	79	60	195	5071	0	5405
13522	4995	53	83	202	0	5333
13523	188	4953	76	110	0	5327
13524	88	170	56	5081	0	5395
13525	66	89	4892	191	0	5238
13526	4922	85	180	86	0	5273
13527	180	74	81	5082	0	5417
13528	69	80	4916	189	0	5254
13529	47	63	201	4913	0	5224
13530	38	4929	108	211	0	5286
13531	50	188	4918	101	0	5257
13532	33	89	198	5044	0	5364
13533	5016	66	99	196	0	5377
13534	174	73	86	5093	0	5426
13535	4812	67	73	200	0	5152
13536	202	4825	73	106	0	5206
13537	4940	196	52	74	0	5262
13538	207	108	4715	58	0	5088
13539	98	87	4377	51	0	4613
13540	75	84	4097	29	0	4285
13541	49	4198	209	49	0	4505
13542	21	61	343	2347	0	2772
13543	1	23	23	2380	0	2427
13544	4	22	14	2362	0	2402
13545	11	11	12	2411	0	2445
13546	5	21	2259	49	0	2334
13547	2270	8	34	34	0	2346
13548	21	2336	22	28	0	2407
13549	2355	31	18	13	0	2417
13550	34	29	13	2313	0	2389
13551	26	2714	16	32	0	2788
13552	27	36	15	2816	0	2894
13553	2767	28	15	39	0	2849
13554	29	2733	24	27	0	2813
13555	2816	34	18	24	0	2892
13556	2818	34	12	19	0	2883
13557	47	20	14	2819	0	2900
13558	35	29	2692	30	0	2786
13559	2745	19	33	29	0	2826
13560	40	13	22	2837	0	2912
13561	2835	15	26	30	0	2906
13562	2824	16	14	28	0	2882
13563	2805	15	15	23	0	2858
13564	50	23	2726	14	0	2813
13565	38	13	28	2790	0	2869
13566	2811	8	26	38	0	2883
13567	40	13	2696	26	0	2775
13568	31	2688	33	31	0	2783
13569	24	27	26	2586	0	2663
13570	17	30	2589	27	0	2663
13571	15	33	2497	32	0	2577
13572	15	10	42	2568	0	2635
13573	15	14	31	2623	0	2683
13574	15	9	20	2643	0	2687
13575	14	11	23	2651	0	2699
13576	17	7	2518	56	0	2598
13577	6	2500	33	43	0	2582
13578	17	21	27	2640	0	2705
13579	2629	22	23	38	0	2712
13580	2568	22	10	36	0	2636
13581	2625	5	16	36	0	2682
13582	50	13	8	2606	0	2677
13583	35	9	7	2591	0	2642
13584	34	2492	9	38	0	2573
13585	29	2560	14	35	0	2638
13586	19	20	10	2146	0	2195
13587	1546	5	5	5	0	1561
13588	1510	3	4	4	0	1521
13589	1106	3	3	8	0	1120
13590	1105	1	3	6	0	1115
13591	1121	2	1	3	0	1127
13592	9	1081	3	5	0	1098
13593	6	3	2	1138	0	1149
13594	1134	2	2	7	0	1145
13595	1138	1	1	4	0	1144
13596	4	4	5	1125	0	1138
13597	7	3	2	1135	0	1147
13598	4	2	1101	6	0	1113
13599	4	4	5	1098	0	1111
13600	1	2	5	1125	0	1133
13601	6	4	1074	10	0	1094
13602	2	2	3	1101	0	1108
13603	6	1071	5	12	0	1094
13604	5	4	1074	8	0	1091
13605	5	1071	7	3	0	1086
13606	4	4	5	1097	0	1110
13607	3	5	2	1096	0	1106
13608	3	733	4	6	0	746
13609	7	744	1	4	0	756
13610	1147	4	2	7	0	1160
13611	1144	2	0	7	0	1153
13612	6	4	1063	4	0	1077
13613	1113	6	1	5	0	1125
13614	1137	2	4	5	0	1148
13615	1134	0	6	6	0	1146
13616	1131	4	4	2	0	1141
13617	9	6	1187	3	0	1205
13618	10	7	1312	3	0	1332
13619	1402	3	5	3	0	1413
13620	0	1298	7	0	0	1305
13621	1	0	1410	0	0	1411
13622	1400	0	0	0	0	1400
13623	1437	0	0	0	0	1437
13624	0	1	1385	1	0	1387
13625	1331	0	2	0	0	1333
13626	0	0	0	1431	0	1431
13627	1	0	1422	0	0	1423
13628	1300	1	1	1	0	1303
13629	0	1323	4	1	0	1328
13630	1444	1	0	0	0	1445
13631	1708	0	0	1	0	1709
13632	0	0	0	1690	0	1690
13633	0	0	0	1662	0	1662
13634	0	0	0	1699	0	1699
13635	1708	0	0	0	0	1708
13636	1680	0	0	0	0	1680
13637	0	1	0	1687	0	1688
13638	0	1	0	1674	0	1675
13639	0	0	1656	0	0	1656
13640	1552	0	2	0	0	1554
13641	0	2	0	1692	0	1694
13642	0	0	0	1684	0	1684
13643	1	1602	5	1	0	1609
13644	0	0	0	1704	0	1704
13645	0	0	0	1678	0	1678
13646	1675	0	0	0	0	1675
13647	0	1628	8	1	0	1637
13648	1	1	0	1689	0	1691
13649	0	0	1	1652	0	1653
13650	0	1	0	1653	0	1654
13651	1	1	1288	0	0	1290
13652	0	0	1	1254	0	1255
13653	1266	0	1	0	0	1267
13654	0	0	1273	0	0	1273
13655	0	1	0	1266	0	1267
13656	0	0	0	1284	0	1284
13657	1293	0	1	0	0	1294
13658	1241	1	0	1	0	1243
13659	1	0	1267	0	0	1268
13660	1133	0	2	3	0	1138
13661	0	1	1250	0	0	1251
13662	1362	0	4	1	0	1367
13663	0	1592	7	3	0	1602
13664	1766	0	0	1	0	1767
13665	0	1626	1	1	0	1628
13666	1756	0	0	1	0	1757
13667	0	1665	1	1	0	1667
13668	0	1	1	2160	0	2162
13669	0	1	0	2124	0	2125
13670	0	0	0	2159	0	2159
13671	0	2025	4	3	0	2032
13672	0	2	0	2181	0	2183
13673	0	2052	3	2	0	2057
13674	0	0	0	2186	0	2186
13675	2180	0	0	1	0	2181
13676	2117	0	1	0	0	2118
13677	0	2063	2	1	0	2066
13678	1	0	0	2170	0	2171
13679	2165	0	0	0	0	2165
13680	0	2052	5	1	0	2058
13681	0	2036	9	2	0	2047
13682	2174	0	1	1	0	2176
13683	2159	0	0	0	0	2159
13684	0	2053	6	0	0	2059
13685	2174	0	0	0	0	2174
13686	0	1	0	2166	0	2167
13687	3	2	2947	0	0	2952
13688	3081	0	2	1	0	3084
13689	3153	0	0	2	0	3155
13690	15	1	3073	0	0	3089
13691	3008	1	7	2	0	3018
13692	3749	1	1	2	0	3753
13693	3768	0	0	3	0	3771
13694	13	3503	16	1	0	3533
13695	3799	12	0	0	0	3811
13696	3767	1	1	3	0	3772
13697	17	2	0	3717	0	3736
13698	6	6	0	3686	0	3698
13699	1	0	0	3776	0	3777
13700	3796	1	0	15	0	3812
13701	14	0	1	3757	0	3772
13702	3807	0	0	15	0	3822
13703	4023	0	0	6	0	4029
13704	14	2	0	3998	0	4014
13705	2	1	1	3954	0	3958
13706	3	0	1	4037	0	4041
13707	4058	0	1	16	0	4075
13708	12	3764	17	3	0	3796
13709	4	13	3	4388	0	4408
13710	2	1	0	4329	0	4332
13711	4301	0	1	59	0	4361
13712	4271	1	1	32	0	4305
13713	62	4	4160	12	0	4238
13714	31	13	3943	10	0	3997
13715	4465	2	50	3	0	4520
13716	54	1	31	4514	0	4600
13717	40	4	11	5955	0	6010
13718	17	19	5656	223	0	5915
13719	11	13	170	5971	0	6165
13720	6	5649	52	197	0	5904
13721	4	5978	25	55	0	6062
13722	5846	220	11	25	0	6102
13723	184	77	5696	12	0	5969
13724	45	5903	162	14	0	6124
13725	18	194	43	6151	0	6406
13726	15	67	6003	195	0	6280
13727	15	22	168	5948	0	6153
13728	10	10	49	6225	0	6294
13729	20	20	5962	247	0	6249
13730	18	5876	182	85	0	6161
13731	14	193	60	5995	0	6262
13732	5996	48	31	213	0	6288
13733	6096	19	21	71	0	6207
13734	6123	14	22	41	0	6200
13735	243	5811	27	41	0	6122
13736	5937	190	30	21	0	6178
13737	214	52	14	6012	0	6292
13738	76	38	5791	218	0	6123
13739	5735	29	180	68	0	6012
13740	202	5806	61	35	0	6104
13741	65	190	39	5992	0	6286
13742	33	73	20	6058	0	6184
13743	27	5832	31	257	0	6147
13744	29	205	23	6020	0	6277
13745	18	71	23	6167	0	6279
13746	17	42	13	6298	0	6370
13747	6014	28	31	295	0	6368
13748	6088	36	29	113	0	6266
13749	248	28	6358	93	0	6727
13750	90	35	189	6395	0	6709
13751	65	36	62	6641	0	6804
13752	59	28	40	6777	0	6904
13753	6567	42	35	292	0	6936
13754	237	33	6259	112	0	6641
13755	6435	21	184	86	0	6726
13756	6782	27	83	59	0	6951
13757	286	18	35	6620	0	6959
13758	6670	22	33	244	0	6969
13759	260	41	6475	99	0	6875
13760	6361	30	189	89	0	6669
13761	252	7209	80	84	0	7625
13762	97	229	7193	68	0	7587
13763	81	81	7012	68	0	7242
13764	53	57	259	7292	0	7661
13765	75	60	7328	256	0	7719
13766	7266	28	231	115	0	7640
13767	232	7232	111	86	0	7661
13768	7251	226	46	88	0	7611
13769	261	72	41	7202	0	7576
13770	104	59	7034	281	0	7478
13771	76	55	6980	129	0	7240
13772	47	38	274	7189	0	7548
13773	7169	35	97	287	0	7588
13774	260	6825	55	163	0	7303
13775	100	7466	64	114	0	7744
13776	7506	276	50	85	0	7917
13777	280	7425	50	80	0	7835
13778	7905	271	35	53	0	8264
13779	288	116	37	7799	0	8240
13780	7912	47	55	284	0	8298
13781	281	37	73	7852	0	8243
13782	7888	41	43	299	0	8271
13783	298	37	63	7748	0	8146
13784	118	7499	77	294	0	7988
13785	7776	234	48	133	0	8191
13786	268	7621	54	115	0	8058
13787	122	277	6575	98	0	7072
13788	84	99	231	6694	0	7108
13789	68	6980	114	217	0	7379
13790	7118	236	51	92	0	7497
13791	7087	89	51	72	0	7299
13792	289	6455	67	62	0	6873
13793	111	260	6745	63	0	7179
13794	80	95	214	6722	0	7111
13795	69	6739	104	255	0	7167
13796	78	251	66	6971	0	7366
13797	66	99	47	7212	0	7424
13798	7013	68	48	302	0	7431
13799	259	6779	40	164	0	7242
13800	111	239	34	7070	0	7454
13801	7037	82	25	293	0	7437
13802	7144	69	27	118	0	7358
13803	6985	46	34	82	0	7147
13804	329	72	28	6748	0	7177
13805	6824	52	43	261	0	7180
13806	297	6592	50	120	0	7059
13807	6701	239	41	90	0	7071
13808	283	6764	47	87	0	7181
13809	6576	214	26	54	0	6870
13810	6439	55	9	57	0	6560
13811	258	46	22	6292	0	6618
13812	101	29	6132	221	0	6483
13813	71	38	6057	68	0	6234
13814	62	6136	205	57	0	6460
13815	6060	181	32	37	0	6310
13816	206	58	5966	19	0	6249
13817	4072	9	21	6	0	4108
13818	25	4121	11	7	0	4164
13819	12	4013	9	6	0	4040
13820	9	27	3	4093	0	4132
13821	7	3969	13	31	0	4020
13822	7	32	4079	12	0	4130
13823	9	8	26	3933	0	3976
13824	8	4483	24	29	0	4544
13825	4	60	4	4759	0	4827
13826	4724	27	2	62	0	4815
13827	60	21	4	4673	0	4758
13828	30	22	4664	65	0	4781
13829	19	5375	68	42	0	5504
13830	18	89	32	5612	0	5751
13831	12	29	18	5677	0	5736
13832	12	13	13	5803	0	5841
13833	5698	21	7	127	0	5853
13834	5640	6	11	56	0	5713
13835	118	25	5500	31	0	5674
13836	49	20	5411	26	0	5506
13837	28	5310	124	24	0	5486
13838	5668	87	37	24	0	5816
13839	100	29	30	5641	0	5800
13840	39	24	20	5714	0	5797
13841	29	23	10	5765	0	5827
13842	32	9	6	5784	0	5831
13843	19	24	5447	143	0	5633
13844	5406	17	82	64	0	5569
13845	96	19	32	6007	0	6154
13846	44	25	5834	138	0	6041
13847	6366	10	116	56	0	6548
13848	7277	12	36	44	0	7369
13849	205	18	6991	41	0	7255
13850	105	32	7266	26	0	7429
13851	65	13	242	7455	0	7775
13852	7508	7	102	233	0	7850
13853	7679	7	56	84	0	7826
13854	288	16	56	7226	0	7586
13855	110	9	46	7599	0	7764
13856	70	33	7545	305	0	7953
13857	55	11	221	7776	0	8063
13858	59	23	7568	283	0	7933
13859	7368	12	230	126	0	7736
13860	229	7359	114	94	0	7796
13861	6829	194	57	65	0	7145
13862	232	6611	59	62	0	6964
13863	6838	218	36	51	0	7143
13864	258	80	31	6326	0	6695
13865	108	44	27	6574	0	6753
13866	7134	42	22	274	0	7472
13867	7243	31	25	96	0	7395
13868	7227	29	10	75	0	7341
13869	7251	21	13	57	0	7342
13870	332	24	7280	52	0	7688
13871	7663	19	187	48	0	7917
13872	7881	6	62	37	0	7986
13873	7895	12	40	31	0	7978
13874	346	14	39	7611	0	8010
13875	7299	3	29	223	0	7554
13876	289	6972	37	88	0	7386
13877	160	183	28	7262	0	7633
13878	118	56	27	7268	0	7469
13879	96	56	6664	292	0	7108
13880	86	25	207	6754	0	7072
13881	57	6824	96	267	0	7244
13882	6985	209	45	133	0	7372
13883	244	6925	51	102	0	7322
13884	7099	235	32	89	0	7455
13885	257	94	36	7093	0	7480
13886	7057	55	29	272	0	7413
13887	267	6820	48	116	0	7251
13888	7508	222	30	88	0	7848
13889	7620	102	30	82	0	7834
13890	337	60	27	7383	0	7807
13891	176	50	18	7642	0	7886
13892	144	67	7164	294	0	7669
13893	120	37	196	7045	0	7398
13894	97	32	71	7330	0	7530
13895	82	46	6945	336	0	7409
13896	80	18	219	7124	0	7441
13897	97	26	6951	308	0	7382
13898	6995	22	227	157	0	7401
13899	258	10	100	7179	0	7547
13900	130	31	6946	272	0	7379
13901	6960	19	247	139	0	7365
13902	284	16	95	7189	0	7584
13903	136	29	6883	271	0	7319
13904	6932	14	221	145	0	7312
13905	278	23	89	7142	0	7532
13906	145	20	72	7289	0	7526
13907	7147	21	43	340	0	7551
13908	259	20	70	6995	0	7344
13909	134	15	48	7119	0	7316
13910	103	24	36	7188	0	7351
13911	87	6861	48	363	0	7359
13912	7061	229	28	181	0	7499
13913	7206	74	19	142	0	7441
13914	322	67	31	7123	0	7543
13915	7155	37	20	311	0	7523
13916	7199	43	29	167	0	7438
13917	7268	37	36	115	0	7456
13918	6885	29	46	94	0	7054
13919	7070	36	51	93	0	7250
13920	422	35	6530	94	0	7081
13921	230	38	6421	83	0	6772
13922	6605	28	265	71	0	6969
13923	329	6417	106	95	0	6947
13924	140	172	60	6088	0	6460
13925	110	61	6151	246	0	6568
13926	86	42	6215	100	0	6443
13927	93	19	258	6334	0	6704
13928	6467	39	420	234	0	7160
13929	212	15	55	6039	0	6321
13930	90	32	5786	232	0	6140
13931	6031	18	198	101	0	6348
13932	206	16	85	6324	0	6631
13933	115	7	51	6437	0	6610
13934	79	9	37	6534	0	6659
13935	70	16	38	6549	0	6673
13936	91	17	6120	277	0	6505
13937	71	8	169	6374	0	6622
13938	6369	10	71	269	0	6719
13939	228	20	6058	147	0	6453
13940	6153	11	170	130	0	6464
13941	6445	12	74	90	0	6621
13942	6400	19	39	79	0	6537
13943	6318	11	29	77	0	6435
13944	286	6016	50	75	0	6427
13945	140	5655	42	55	0	5892
13946	123	6527	29	51	0	6730
13947	6010	226	22	24	0	6282
13948	149	33	5163	29	0	5374
13949	4590	4	274	8	0	4876
13950	58	8	146	4579	0	4791
13951	4581	6	2	36	0	4625
13952	41	4	2	4586	0	4633
13953	4555	3	8	36	0	4602
13954	41	3	5	4543	0	4592
13955	16	1	8	4568	0	4593
13956	3607	10	12	54	0	3683
13957	39	4991	10	27	0	5067
13958	23	37	5091	8	0	5159
13959	9	4884	41	18	0	4952
13960	16	35	5039	10	0	5100
13961	15	9	30	4981	0	5035
13962	5260	6	14	38	0	5318
13963	45	2	12	5210	0	5269
13964	5189	8	9	42	0	5248
13965	43	5993	24	42	0	6102
13966	44	35	6832	15	0	6926
13967	19	6631	65	25	0	6740
13968	18	6817	20	17	0	6872
13969	7121	41	5	19	0	7186
13970	6465	15	5	19	0	6504
13971	48	6485	23	27	0	6583
13972	23	34	11	6784	0	6852
13973	17	12	13	6834	0	6876
13974	6867	8	10	53	0	6938
13975	49	11	6771	21	0	6852
13976	26	21	6584	19	0	6650
13977	22	5	46	6530	0	6603
13978	26	17	6689	52	0	6784
13979	6397	6	45	26	0	6474
13980	6800	8	23	20	0	6851
13981	56	6580	22	34	0	6692
13982	29	42	6796	25	0	6892
13983	24	24	47	6641	0	6736
13984	37	25	7018	57	0	7137
13985	36	9	47	6936	0	7028
13986	7040	9	24	47	0	7120
13987	59	6805	28	50	0	6942
13988	42	45	6264	23	0	6374
13989	26	6090	51	33	0	6200
13990	28	6393	41	27	0	6489
13991	7130	46	11	32	0	7219
13992	6862	19	18	29	0	6928
13993	69	22	7455	30	0	7576
13994	34	7917	70	36	0	8057
13995	30	54	28	8348	0	8460
13996	30	23	16	8318	0	8387
13997	26	16	20	8275	0	8337
13998	46	20	8187	58	0	8311
13999	32	13	56	8076	0	8177
14000	35	17	26	8352	0	8430
14001	8365	17	12	83	0	8477
14002	8449	13	14	45	0	8521
14003	8546	19	21	26	0	8612
14004	8427	27	12	33	0	8499
14005	8463	17	21	24	0	8525
14006	83	8204	28	26	0	8341
14007	8788	69	14	26	0	8897
14008	111	31	8499	22	0	8663
14009	60	226	75	8382	0	8743
14010	8537	16	14	81	0	8648
14011	98	8274	30	28	0	8430
14012	8786	57	17	27	0	8887
14013	8784	16	19	20	0	8839
14014	79	18	13	8644	0	8754
14015	28	17	14	9548	0	9607
14016	32	9928	26	120	0	10106
14017	36	116	13	10474	0	10639
14018	28	49	10753	126	0	10956
14019	29	23	128	10897	0	11077
14020	28	35	10709	154	0	10926
14021	9920	21	146	80	0	10167
14022	144	13	60	10956	0	11173
14023	71	32	10709	166	0	10978
14024	34	10766	163	81	0	11044
14025	19	11008	72	43	0	11142
14026	11086	203	23	25	0	11337
14027	171	77	22	11127	0	11397
14028	58	36	10675	162	0	10931
14029	19	9948	175	75	0	10217
14030	22	171	10329	21	0	10543
14031	10065	62	160	20	0	10307
14032	10209	25	61	17	0	10312
14033	10279	16	29	20	0	10344
14034	212	15	20	10236	0	10483
14035	86	28	10029	173	0	10316
14036	40	9630	168	83	0	9921
14037	29	156	59	10364	0	10608
14038	32	76	10091	177	0	10376
14039	32	48	9829	76	0	9985
14040	23	24	215	10271	0	10533
14041	10412	12	83	197	0	10704
14042	178	17	41	10358	0	10594
14043	66	16	28	10522	0	10632
14044	32	25	10275	241	0	10573
14045	27	13	179	10186	0	10405
14046	26	23	66	9703	0	9818
14047	21	21	9677	247	0	9966
14048	25	23	9659	94	0	9801
14049	16	16	218	9688	0	9938
14050	34	29	9791	201	0	10055
14051	29	18	190	9832	0	10069
14052	9850	11	84	215	0	10160
14053	173	9464	72	110	0	9819
14054	69	172	44	9891	0	10176
14055	39	81	9608	209	0	9937
14056	8473	29	184	119	0	8805
14057	179	8533	95	65	0	8872
14058	8924	172	53	46	0	9195
14059	193	79	32	8778	0	9082
14060	80	605	47	8282	0	9014
14061	8887	31	41	246	0	9205
14062	212	23	8757	112	0	9104
14063	8717	14	186	65	0	8982
14064	201	24	83	8943	0	9251
14065	8044	12	49	225	0	8330
14066	6764	26	45	107	0	6942
14067	262	24	35	6361	0	6682
14068	101	6865	56	216	0	7238
14069	7136	166	52	96	0	7450
14070	7186	67	39	80	0	7372
14071	265	46	6717	57	0	7085
14072	6819	37	195	44	0	7095
14073	229	22	78	6752	0	7081
14074	108	6680	56	198	0	7042
14075	70	180	29	6494	0	6773
14076	72	6713	45	185	0	7015
14077	6905	191	40	101	0	7237
14078	7771	81	45	58	0	7955
14079	272	50	28	8520	0	8870
14080	134	37	8247	271	0	8689
14081	68	34	8305	139	0	8546
14082	65	33	316	8517	0	8931
14083	8506	32	129	280	0	8947
14084	9073	16	75	146	0	9310
14085	358	9052	73	100	0	9583
14086	157	245	43	9426	0	9871
14087	91	135	9122	288	0	9636
14088	71	76	9376	162	0	9685
14089	67	37	374	9676	0	10154
14090	10675	37	185	347	0	11244
14091	376	30	87	10244	0	10737
14092	164	44	9760	423	0	10391
14093	9488	26	354	195	0	10063
14094	383	20	160	9147	0	9710
14095	199	22	93	9491	0	9805
14096	127	33	68	9146	0	9374
14097	74	8804	81	565	0	9524
14098	79	323	8856	240	0	9498
14099	74	154	9217	133	0	9578
14100	64	81	454	9315	0	9914
14101	61	61	9009	424	0	9555
14102	8903	43	415	194	0	9555
14103	352	34	189	9013	0	9588
14104	181	24	127	9086	0	9418
14105	112	24	95	9211	0	9442
14106	73	8896	89	548	0	9606
14107	8852	299	60	277	0	9488
14108	360	132	46	9005	0	9543
14109	8800	83	44	426	0	9353
14110	383	8741	72	232	0	9428
14111	8715	337	53	160	0	9265
14112	8588	142	67	108	0	8905
14113	8812	78	70	100	0	9060
14114	528	8249	77	122	0	8976
14115	224	7720	45	84	0	8073
14116	6746	349	42	72	0	7209
14117	315	6953	51	90	0	7409
14118	157	297	5967	61	0	6482
14119	107	6034	233	82	0	6456
14120	76	7016	101	68	0	7261
14121	6964	335	79	58	0	7436
14122	286	172	6783	52	0	7293
14123	153	120	6909	49	0	7231
14124	94	64	264	6264	0	6686
14125	6427	43	142	213	0	6825
14126	240	49	6269	124	0	6682
14127	136	32	247	6332	0	6747
14128	102	49	6032	246	0	6429
14129	62	47	5998	149	0	6256
14130	6026	44	279	92	0	6441
14131	256	53	6487	60	0	6856
14132	126	65	270	6321	0	6782
14133	103	45	140	6440	0	6728
14134	69	6270	133	273	0	6745
14135	76	7273	88	158	0	7595
14136	75	250	63	7481	0	7869
14137	80	149	7180	249	0	7658
14138	40	98	208	7215	0	7561
14139	67	52	134	7449	0	7702
14140	64	58	7585	308	0	8015
14141	49	34	243	7833	0	8159
14142	7834	29	154	330	0	8347
14143	221	49	7538	191	0	7999
14144	7738	46	252	164	0	8200
14145	288	33	177	7780	0	8278
14146	148	49	137	7784	0	8118
14147	126	7400	92	367	0	7985
14148	96	194	118	8037	0	8445
14149	94	113	96	8214	0	8517
14150	7999	78	88	408	0	8573
14151	239	49	92	8146	0	8526
14152	146	61	79	8307	0	8593
14153	8314	80	80	419	0	8893
14154	280	37	87	8489	0	8893
14155	173	45	95	8174	0	8487
14156	138	8061	97	403	0	8699
14157	8271	216	77	289	0	8853
14158	283	123	57	8423	0	8886
14159	168	120	65	8588	0	8941
14160	159	65	8017	389	0	8630
14161	94	79	222	8318	0	8713
14162	90	75	131	8555	0	8851
14163	8127	58	121	417	0	8723
14164	8159	80	67	284	0	8590
14165	309	64	92	8653	0	9118
14166	202	74	8229	328	0	8833
14167	143	7991	245	234	0	8613
14168	153	7908	129	177	0	8367
14169	129	262	117	8272	0	8780
14170	8157	166	72	325	0	8720
14171	266	122	58	8307	0	8753
14172	8413	111	43	354	0	8921
14173	317	100	51	8506	0	8974
14174	214	76	55	8678	0	9023
14175	8451	67	75	365	0	8958
14176	8230	81	65	249	0	8625
14177	391	9092	76	164	0	9723
14178	197	8956	61	106	0	9320
14179	95	186	34	8042	0	8357
14180	75	102	36	8159	0	8372
14181	82	93	7756	192	0	8123
14182	7163	68	135	134	0	7500
14183	172	7681	77	116	0	8046
14184	45	7216	60	58	0	7379
14185	7213	114	34	52	0	7413
14186	114	72	7066	41	0	7293
14187	73	58	6921	25	0	7077
14188	56	36	6520	31	0	6643
14189	30	6494	125	38	0	6687
14190	0	3	0	5645	0	5648
14191	0	2	1	6053	0	6056
14192	0	1	0	6085	0	6086
14193	6108	0	0	4	0	6112
14194	5656	1	2	7	0	5666
14195	0	5652	6	8	0	5666
14196	0	0	0	5919	0	5919
14197	10	4	6009	2	0	6025
14198	1	5801	11	10	0	5823
14199	6005	0	5	3	0	6013
14200	1	1	6022	0	0	6024
14201	5326	2	6	11	0	5345
14202	5	2	5987	4	0	5998
14203	0	1	4	5985	0	5990
14204	0	5803	11	5	0	5819
14205	6139	0	0	2	0	6141
14206	0	6078	17	6	0	6101
14207	6357	0	3	2	0	6362
14208	0	1	1	6279	0	6281
14209	6	1	6254	0	0	6261
14210	0	3	1	6339	0	6343
14211	1	0	0	7181	0	7182
14212	5	7	6986	44	0	7042
14213	6518	3	39	27	0	6587
14214	42	6769	31	12	0	6854
14215	7176	42	5	2	0	7225
14216	45	6877	19	12	0	6953
14217	19	48	0	7172	0	7239
14218	3	22	6981	43	0	7049
14219	7872	7	41	24	0	7944
14220	112	7608	22	16	0	7758
14221	60	123	7	7629	0	7819
14222	36	62	1	7901	0	8000
14223	8299	36	4	166	0	8505
14224	8998	12	1	86	0	9097
14225	229	8853	14	45	0	9141
14226	11070	169	6	11	0	11256
14227	11114	93	6	8	0	11221
14228	11443	54	4	15	0	11516
14229	462	54	10680	11	0	11207
14230	251	11391	240	28	0	11910
14231	107	11699	159	32	0	11997
14232	81	443	55	10933	0	11512
14233	46	244	30	11796	0	12116
14234	11647	108	14	413	0	12182
14235	306	10781	25	232	0	11344
14236	11139	302	8	96	0	11545
14237	384	195	12	10846	0	11437
14238	228	93	13	11276	0	11610
14239	11014	60	15	461	0	11550
14240	10638	46	10	271	0	10965
14241	507	53	10165	124	0	10849
14242	302	37	279	10449	0	11067
14243	165	54	10263	342	0	10824
14244	113	62	10139	223	0	10537
14245	100	56	10361	109	0	10626
14246	10296	34	502	96	0	10928
14247	367	60	277	10210	0	10914
14248	276	54	128	9951	0	10409
14249	148	70	77	10563	0	10858
14250	135	49	9905	567	0	10656
14251	115	29	326	10134	0	10604
14252	103	64	207	10441	0	10815
14253	9865	67	119	536	0	10587
14254	10050	63	66	327	0	10506
14255	10190	39	44	205	0	10478
14256	10270	31	62	162	0	10525
14257	646	62	51	9838	0	10597
14258	10061	63	60	385	0	10569
14259	474	75	56	10037	0	10642
14260	328	73	9218	486	0	10105
14261	9600	31	305	322	0	10258
14262	458	9442	218	181	0	10299
14263	366	304	121	9556	0	10347
14264	249	232	83	9655	0	10219
14265	152	9428	103	531	0	10214
14266	9328	342	84	365	0	10119
14267	401	9140	82	266	0	9889
14268	314	391	9185	150	0	10040
14269	224	266	9375	153	0	10018
14270	9392	149	502	137	0	10180
14271	9858	109	302	159	0	10428
14272	599	88	9327	133	0	10147
14273	9537	80	407	156	0	10180
14274	553	79	9311	161	0	10104
14275	9548	90	413	163	0	10214
14276	568	72	9231	168	0	10039
14277	416	65	8367	170	0	9018
14278	297	71	584	7411	0	8363
14279	250	69	349	8185	0	8853
14280	7992	79	206	574	0	8851
14281	8165	60	153	409	0	8787
14282	8289	62	148	242	0	8741
14283	8344	82	130	181	0	8737
14284	750	7445	153	181	0	8529
14285	497	352	131	7300	0	8280
14286	311	7497	132	467	0	8407
14287	243	391	145	7828	0	8607
14288	246	259	129	7993	0	8627
14289	269	170	111	8163	0	8713
14290	264	143	7288	686	0	8381
14291	7085	88	383	478	0	8034
14292	505	6631	282	335	0	7753
14293	424	7177	194	262	0	8057
14294	315	549	6954	217	0	8035
14295	285	296	407	7184	0	8172
14296	220	172	341	7599	0	8332
14297	7615	108	194	685	0	8602
14298	575	98	181	7718	0	8572
14299	431	98	164	7835	0	8528
14300	310	98	154	7987	0	8549
14301	239	100	166	8164	0	8669
14302	7601	94	164	799	0	8658
14303	7789	85	182	515	0	8571
14304	8058	81	177	330	0	8646
14305	797	67	163	7655	0	8682
14306	7524	84	141	598	0	8347
14307	611	76	128	8584	0	9399
14308	460	84	162	8708	0	9414
14309	341	84	8010	736	0	9171
14310	313	82	7871	502	0	8768
14311	264	101	7307	315	0	7987
14312	7400	51	618	266	0	8335
14313	509	76	393	6795	0	7773
14314	389	7208	227	476	0	8300
14315	7598	308	167	373	0	8446
14316	536	212	7113	335	0	8196
14317	7321	124	396	283	0	8124
14318	575	7304	315	250	0	8444
14319	6283	219	99	129	0	6730
14320	382	143	82	6173	0	6780
14321	6253	69	60	305	0	6687
14322	391	5901	58	244	0	6594
14323	290	5658	65	147	0	6160
14324	4599	255	59	109	0	5022
14325	278	5125	58	118	0	5579
14326	80	2936	20	62	0	3098
14327	56	3022	22	69	0	3169
14328	2535	90	26	49	0	2700
14329	2543	61	26	42	0	2672
14330	2044	9	3	4	0	2060
14331	37	3	3	2018	0	2061
14332	14	6	2	2059	0	2081
14333	14	9	1963	30	0	2016
14334	6	7	24	1977	0	2014
14335	8	5	2002	30	0	2045
14336	10	9	27	1971	0	2017
14337	13	7	8	2063	0	2091
14338	2043	6	6	36	0	2091
14339	1980	4	3	17	0	2004
14340	33	1967	3	11	0	2014
14341	16	27	3	2025	0	2071
14342	15	14	1995	24	0	2048
14343	8	8	24	1964	0	2004
14344	9	4	10	2113	0	2136
14345	11	6	4	2188	0	2209
14346	11	5	2096	53	0	2165
14347	13	15	1917	19	0	1964
14348	2042	5	45	15	0	2107
14349	36	7	17	2512	0	2572
14350	14	7	2449	48	0	2518
14351	2357	4	42	19	0	2422
14352	41	2379	19	18	0	2457
14353	2513	38	14	9	0	2574
14354	50	14	3027	7	0	3098
14355	2990	9	38	12	0	3049
14356	49	5	10	3084	0	3148
14357	16	9	3048	45	0	3118
14358	12	2986	38	20	0	3056
14359	3134	39	14	18	0	3205
14360	45	10	10	3096	0	3161
14361	15	11	8	3090	0	3124
14362	15	3053	7	51	0	3126
14363	13	36	3	3172	0	3224
14364	15	16	3016	47	0	3094
14365	15	2921	45	17	0	2998
14366	3130	43	14	15	0	3202
14367	44	12	6	3120	0	3182
14368	15	9	12	3018	0	3054
14369	20	8	2934	45	0	3007
14370	10	7	42	3350	0	3409
14371	23	8	3378	48	0	3457
14372	8	3247	51	24	0	3330
14373	3447	41	14	14	0	3516
14374	3436	14	9	13	0	3472
14375	3442	11	9	16	0	3478
14376	51	3493	15	18	0	3577
14377	21	41	10	3677	0	3749
14378	16	7	8	3696	0	3727
14379	6	14	6	3630	0	3656
14380	3706	9	5	59	0	3779
14381	3666	8	9	21	0	3704
14382	55	7	5	3690	0	3757
14383	18	11	4051	51	0	4131
14384	10	9	39	4041	0	4099
14385	6	6	14	4125	0	4151
14386	9	6	15	4166	0	4196
14387	10	6	8	4155	0	4179
14388	4167	6	10	58	0	4241
14389	48	7	8	4119	0	4182
14390	20	7	12	4145	0	4184
14391	14	3987	13	61	0	4075
14392	13	41	9	4129	0	4192
14393	11	3949	21	57	0	4038
14394	9	49	8	4173	0	4239
14395	4129	12	6	52	0	4199
14396	48	3963	11	33	0	4055
14397	3564	22	4	9	0	3599
14398	27	7	3535	9	0	3578
14399	7	5	20	3538	0	3570
14400	5	8	4270	33	0	4316
14401	4	6	22	4239	0	4271
14402	5	6	4	4370	0	4385
14403	6	4096	7	36	0	4145
14404	4	4172	7	19	0	4202
14405	6	4221	16	10	0	4253
14406	4381	25	6	10	0	4422
14407	16	3240	7	4	0	3267
14408	2	3284	5	5	0	3296
14409	3	17	1	3409	0	3430
14410	3403	1	1	19	0	3424
14411	16	2887	7	5	0	2915
14412	3045	17	1	8	0	3071
14413	2951	2	3	6	0	2962
14414	16	4	3550	5	0	3575
14415	2	5	14	3392	0	3413
14416	9	3	1	3698	0	3711
14417	4	2	1	4036	0	4043
14418	3	3	4	3969	0	3979
14419	7	7	3900	18	0	3932
14420	2	14	3262	13	0	3291
14421	3549	1	11	12	0	3573
14422	17	3710	11	7	0	3745
14423	3	3719	12	12	0	3746
14424	3973	15	2	6	0	3996
14425	13	3539	9	6	0	3567
14426	3	21	0	3758	0	3782
14427	3776	5	1	21	0	3803
14428	20	9	3582	6	0	3617
14429	3	2	16	3636	0	3657
14430	4	9	3607	25	0	3645
14431	3518	2	20	11	0	3551
14432	22	7	4177	6	0	4212
14433	4194	4	17	8	0	4223
14434	4693	1	2	9	0	4705
14435	4706	4	1	5	0	4716
14436	4680	1	2	8	0	4691
14437	4687	3	5	5	0	4700
14438	20	4	0	4675	0	4699
14439	4749	2	1	21	0	4773
14440	19	3	2	4680	0	4704
14441	3	1	1	4630	0	4635
14442	5	1	5	4708	0	4719
14443	5	5	4630	25	0	4665
14444	6	0	6	4323	0	4335
14445	0	0	1	4547	0	4548
14446	2	5	4375	7	0	4389
14447	3848	2	10	5	0	3865
14448	5	0	1	4483	0	4489
14449	3	0	4498	4	0	4505
14450	2	7	4331	1	0	4341
14451	0	2	6	4338	0	4346
14452	2	1	4512	5	0	4520
14453	1	1	5	4421	0	4428
14454	1	1	2	4939	0	4943
14455	0	4425	7	9	0	4441
14456	0	4446	18	6	0	4470
14457	5039	5	4	3	0	5051
14458	4	1	1	5001	0	5007
14459	3	3	0	4913	0	4919
14460	1	0	1	5418	0	5420
14461	7	1	5390	8	0	5406
14462	1	2	7	5204	0	5214
14463	5368	1	3	9	0	5381
14464	5	5	5215	7	0	5232
14465	4	0	4	5599	0	5607
14466	1	2	1	5600	0	5604
14467	0	1	1	5689	0	5691
14468	1	6267	15	38	0	6321
14469	6603	40	5	16	0	6664
14470	6360	18	0	10	0	6388
14471	88	6217	13	17	0	6335
14472	28	79	1	6680	0	6788
14473	16	24	6533	104	0	6677
14474	8	20	6186	30	0	6244
14475	6342	3	120	20	0	6485
14476	116	4	30	6761	0	6911
14477	7176	3	25	148	0	7352
14478	171	6881	25	30	0	7107
14479	32	7101	15	25	0	7173
14480	7146	187	6	8	0	7347
14481	166	6989	9	20	0	7184
14482	35	176	5	7087	0	7303
14483	26	36	8	6680	0	6750
14484	16	6615	17	157	0	6805
14485	6826	169	7	46	0	7048
14486	179	41	6660	29	0	6909
14487	6270	30	166	26	0	6492
14488	193	15	6667	14	0	6889
14489	5967	16	183	26	0	6192
14490	193	23	6564	23	0	6803
14491	35	6332	198	18	0	6583
14492	38	157	33	6712	0	6940
14493	6720	31	31	175	0	6957
14494	194	25	6593	26	0	6838
14495	39	12	6672	21	0	6744
14496	37	14	184	6376	0	6611
14497	12	12	6605	183	0	6812
14498	21	12	173	6493	0	6699
14499	13	11	38	6636	0	6698
14500	20	19	5911	195	0	6145
14501	10	15	170	6195	0	6390
14502	6484	6	37	204	0	6731
14503	167	6185	48	59	0	6459
14504	6483	177	18	43	0	6721
14505	186	31	14	6444	0	6675
14506	6451	20	23	191	0	6685
14507	6539	9	15	55	0	6618
14508	212	18	7	6250	0	6487
14509	54	6175	29	167	0	6425
14510	6484	167	21	46	0	6718
14511	203	36	6238	42	0	6519
14512	47	34	6349	32	0	6462
14513	6201	19	186	29	0	6435
14514	192	19	43	5801	0	6055
14515	57	27	5688	182	0	5954
14516	44	37	175	5748	0	6004
14517	5771	15	38	211	0	6035
14518	6054	13	41	36	0	6144
14519	6016	7	36	43	0	6102
14520	220	5901	37	33	0	6191
14521	56	176	22	6097	0	6351
14522	55	38	22	6268	0	6383
14523	6153	32	16	217	0	6418
14524	195	5986	23	59	0	6263
14525	5955	164	18	38	0	6175
14526	198	35	20	5893	0	6146
14527	5927	35	15	188	0	6165
14528	203	31	5686	51	0	5971
14529	51	5627	171	38	0	5887
14530	48	175	30	5861	0	6114
14531	30	5973	42	144	0	6189
14532	37	187	13	5645	0	5882
14533	5658	39	16	191	0	5904
14534	199	41	5077	38	0	5355
14535	5090	20	170	46	0	5326
14536	201	5064	51	26	0	5342
14537	45	173	37	5256	0	5511
14538	49	40	19	5445	0	5553
14539	5286	29	20	215	0	5550
14540	192	35	5080	55	0	5362
14541	48	16	158	5257	0	5479
14542	58	13	36	5361	0	5468
14543	28	20	40	5736	0	5824
14544	42	17	19	5819	0	5897
14545	5637	24	18	233	0	5912
14546	5673	21	16	85	0	5795
14547	221	17	5737	64	0	6039
14548	70	28	5643	40	0	5781
14549	5813	22	185	37	0	6057
14550	6473	9	39	40	0	6561
14551	213	19	25	6225	0	6482
14552	73	18	24	6444	0	6559
14553	6318	8	27	222	0	6575
14554	209	5095	30	51	0	5385
14555	65	166	26	5258	0	5515
14556	52	37	17	5464	0	5570
14557	32	27	4904	229	0	5192
14558	42	14	165	4959	0	5180
14559	35	14	4937	212	0	5198
14560	34	18	184	4639	0	4875
14561	4572	24	39	219	0	4854
14562	188	9	33	4656	0	4886
14563	44	24	4683	230	0	4981
14564	47	4638	180	67	0	4932
14565	21	155	44	4566	0	4786
14566	38	33	4816	189	0	5076
14567	31	4781	154	74	0	5040
14568	31	149	27	4126	0	4333
14569	25	43	3993	175	0	4236
14570	3106	16	102	54	0	3278
14571	101	3736	34	37	0	3908
14572	25	3621	12	15	0	3673
14573	10	3738	8	17	0	3773
14574	18	111	4	3689	0	3822
14575	18	22	3749	105	0	3894
14576	2	3361	61	21	0	3445
14577	2	28	14	3114	0	3158
14578	3445	13	2	29	0	3489
14579	46	5	1	5614	0	5666
14580	27	23	7571	284	0	7905
14581	10	7837	330	115	0	8292
14582	7756	374	146	48	0	8324
14583	360	8023	71	49	0	8503
14584	173	466	7656	43	0	8338
14585	73	8080	402	39	0	8594
14586	54	504	189	8017	0	8764
14587	68	280	7796	371	0	8515
14588	51	7945	434	168	0	8598
14589	81	506	217	7853	0	8657
14590	50	335	131	8039	0	8555
14591	21	8021	162	543	0	8747
14592	14	544	109	8358	0	9025
14593	21	299	7857	586	0	8763
14594	12	202	8137	317	0	8668
14595	21	173	564	8260	0	9018
14596	7990	154	259	565	0	8968
14597	8260	93	163	371	0	8887
14598	516	135	142	8006	0	8799
14599	238	7959	139	548	0	8884
14600	140	434	153	8398	0	9125
14601	7713	204	172	567	0	8656
14602	486	151	103	7801	0	8541
14603	310	101	57	8239	0	8707
14604	7797	128	62	693	0	8680
14605	498	7551	66	441	0	8556
14606	266	492	59	7889	0	8706
14607	7849	262	48	636	0	8795
14608	548	149	7416	387	0	8500
14609	8068	114	387	308	0	8877
14610	570	119	180	8265	0	9134
14611	8234	87	112	611	0	9044
14612	8348	148	84	335	0	8915
14613	8137	94	90	278	0	8599
14614	795	7831	97	199	0	8922
14615	429	441	7516	170	0	8556
14616	333	8000	445	149	0	8927
14617	7959	487	201	171	0	8818
14618	672	8200	115	135	0	9122
14619	416	566	78	8131	0	9191
14620	7963	309	86	465	0	8823
14621	577	8033	82	271	0	8963
14622	356	605	7616	159	0	8736
14623	217	401	449	8014	0	9081
14624	234	251	7736	553	0	8774
14625	217	8044	469	309	0	9039
14626	180	599	246	7763	0	8788
14627	157	345	173	8224	0	8899
14628	163	239	150	8344	0	8896
14629	105	219	184	8107	0	8615
14630	113	7695	154	807	0	8769
14631	7725	517	164	479	0	8885
14632	481	353	7519	368	0	8721
14633	287	222	483	7929	0	8921
14634	7767	200	239	745	0	8951
14635	563	205	7493	466	0	8727
14636	356	7626	486	353	0	8821
14637	227	599	328	7743	0	8897
14638	241	402	7501	577	0	8721
14639	212	7707	568	407	0	8894
14640	7398	552	381	354	0	8685
14641	542	7876	247	254	0	8919
14642	313	653	194	7628	0	8788
14643	189	445	191	7899	0	8724
14644	7354	352	146	807	0	8659
14645	538	7471	209	489	0	8707
14646	268	663	216	7685	0	8832
14647	7045	402	199	688	0	8334
14648	7194	312	153	514	0	8173
14649	752	7128	131	379	0	8390
14650	7014	630	80	375	0	8099
14651	7321	365	91	369	0	8146
14652	834	388	83	6893	0	8198
14653	515	261	6445	715	0	7936
14654	416	248	461	7049	0	8174
14655	421	189	243	7311	0	8164
14656	324	216	6402	869	0	7811
14657	338	6579	484	545	0	7946
14658	336	590	250	6786	0	7962
14659	238	321	205	7261	0	8025
14660	207	228	244	7349	0	8028
14661	204	174	233	7221	0	7832
14662	211	6681	200	977	0	8069
14663	6525	529	173	645	0	7872
14664	6758	335	119	504	0	7716
14665	6918	222	88	463	0	7691
14666	783	6051	79	439	0	7352
14667	435	582	63	6331	0	7411
14668	345	354	5632	734	0	7065
14669	293	326	447	5931	0	6997
14670	367	6105	211	632	0	7315
14671	6046	605	120	419	0	7190
14672	6163	364	85	356	0	6968
14673	6125	271	125	321	0	6842
14674	771	5766	117	332	0	6986
14675	449	5699	197	271	0	6616
14676	329	5908	189	285	0	6711
14677	302	757	5366	262	0	6687
14678	360	466	5347	191	0	6364
14679	168	1929	195	1234	0	3526
14680	668	23	21	66	0	778
14681	682	19	26	43	0	770
14682	61	42	8	654	0	765
14683	24	51	27	671	0	773
14684	16	42	17	689	0	764
14685	33	33	25	695	0	786
14686	652	20	35	70	0	777
14687	627	55	27	49	0	758
14688	69	800	7	57	0	933
14689	1136	34	12	39	0	1221
14690	1129	24	15	53	0	1221
14691	1163	38	17	55	0	1273
14692	55	26	966	80	0	1127
14693	1090	35	37	57	0	1219
14694	65	1105	28	53	0	1251
14695	53	55	14	1122	0	1244
14696	43	44	3	1118	0	1208
14697	61	1124	11	65	0	1261
14698	62	36	10	1166	0	1274
14699	1153	32	13	46	0	1244
14700	50	44	23	1161	0	1278
14701	69	44	1044	43	0	1200
14702	1120	31	48	29	0	1228
14703	52	1102	25	40	0	1219
14704	28	53	21	1137	0	1239
14705	23	38	18	1159	0	1238
14706	44	23	15	1176	0	1258
14707	32	30	1055	63	0	1180
14708	36	1116	40	62	0	1254
14709	17	16	7	809	0	849
14710	16	15	768	20	0	819
14711	9	9	14	828	0	860
14712	10	9	754	28	0	801
14713	8	8	12	752	0	780
14714	10	796	13	26	0	845
14715	16	17	9	808	0	850
14716	777	14	4	27	0	822
14717	824	8	8	21	0	861
14718	19	2	473	8	0	502
14719	8	8	468	7	0	491
14720	7	5	1569	8	0	1589
14721	6	5	11	1583	0	1605
14722	6	8	3	1656	0	1673
14723	4	3	6	1673	0	1686
14724	13	1625	7	15	0	1660
14725	9	11	5	1681	0	1706
14726	7	2	8	1652	0	1669
14727	11	3	8	1704	0	1726
14728	1690	2	8	19	0	1719
14729	1649	5	6	14	0	1674
14730	13	10	1653	14	0	1690
14731	7	11	1596	18	0	1632
14732	1589	11	14	17	0	1631
14733	1658	5	5	18	0	1686
14734	13	5	1660	20	0	1698
14735	7	9	1564	16	0	1596
14736	1649	6	13	15	0	1683
14737	1677	2	12	12	0	1703
14738	16	5	1660	11	0	1692
14739	13	4	19	1610	0	1646
14740	13	4	10	1654	0	1681
14741	11	2049	12	19	0	2091
14742	7	55	12	2139	0	2213
14743	9	9	2092	67	0	2177
14744	13	7	56	2080	0	2156
14745	10	5	17	2175	0	2207
14746	7	12	2075	72	0	2166
14747	2027	6	68	28	0	2129
14748	2187	3	17	23	0	2230
14749	67	7	9	2118	0	2201
14750	13	4	11	2209	0	2237
14751	2152	5	11	74	0	2242
14752	2145	7	5	29	0	2186
14753	2100	7	10	25	0	2142
14754	2169	2	8	19	0	2198
14755	79	2051	11	13	0	2154
14756	2086	56	17	16	0	2175
14757	74	2050	17	13	0	2154
14758	27	64	11	2130	0	2232
14759	27	10	13	2146	0	2196
14760	26	2058	12	74	0	2170
14761	17	66	11	2141	0	2235
14762	15	11	11	2127	0	2164
14763	16	2046	14	71	0	2147
14764	18	68	5	2129	0	2220
14765	15	16	8	2179	0	2218
14766	13	9	12	2193	0	2227
14767	15	10	2058	90	0	2173
14768	15	2024	63	31	0	2133
14769	13	73	15	2422	0	2523
14770	11	2550	26	74	0	2661
14771	2656	69	23	32	0	2780
14772	86	18	2567	37	0	2708
14773	20	21	2512	32	0	2585
14774	2569	9	78	29	0	2685
14775	86	13	18	2663	0	2780
14776	31	13	2539	91	0	2674
14777	27	16	2537	36	0	2616
14778	26	14	73	2641	0	2754
14779	2615	12	28	90	0	2745
14780	2659	11	30	26	0	2726
14781	89	13	17	3326	0	3445
14782	37	12	3144	95	0	3288
14783	28	3159	61	45	0	3293
14784	20	74	19	3275	0	3388
14785	22	19	3211	90	0	3342
14786	24	3124	73	39	0	3260
14787	23	77	19	2999	0	3118
14788	2834	17	18	86	0	2955
14789	60	13	3	2753	0	2829
14790	10	2732	11	71	0	2824
14791	2813	63	8	14	0	2898
14792	66	18	2736	10	0	2830
14793	8	2655	59	29	0	2751
14794	13	70	2733	7	0	2823
14795	2704	10	71	13	0	2798
14796	69	14	19	2723	0	2825
14797	15	11	18	2850	0	2894
14798	2825	6	10	78	0	2919
14799	69	9	11	2827	0	2916
14800	17	8	2736	79	0	2840
14801	2590	9	69	24	0	2692
14802	72	2674	19	33	0	2798
14803	23	61	16	2817	0	2917
14804	2828	15	11	77	0	2931
14805	76	2649	19	29	0	2773
14806	20	72	16	2815	0	2923
14807	2822	14	7	85	0	2928
14808	77	20	11	2742	0	2850
14809	20	2607	21	89	0	2737
14810	20	75	2641	29	0	2765
14811	20	18	57	2732	0	2827
14812	20	20	11	2743	0	2794
14813	2801	18	12	86	0	2917
14814	73	13	11	2804	0	2901
14815	2818	14	6	87	0	2925
14816	2839	7	17	33	0	2896
14817	71	19	8	2734	0	2832
14818	27	2670	17	88	0	2802
14819	33	68	10	2760	0	2871
14820	1618	23	11	84	0	1736
14821	63	2163	16	32	0	2274
14822	29	2378	12	29	0	2448
14823	2340	93	13	33	0	2479
14824	2350	32	18	27	0	2427
14825	84	2311	18	22	0	2435
14826	2387	82	17	30	0	2516
14827	2414	29	15	26	0	2484
14828	103	28	16	2363	0	2510
14829	42	20	2281	88	0	2431
14830	39	13	69	2394	0	2515
14831	29	24	2321	108	0	2482
14832	27	16	91	2391	0	2525
14833	29	19	2313	102	0	2463
14834	2346	17	91	46	0	2500
14835	87	15	38	2404	0	2544
14836	2396	23	22	104	0	2545
14837	94	17	24	2294	0	2429
14838	46	2277	17	109	0	2449
14839	2418	81	18	40	0	2557
14840	105	29	2261	46	0	2441
14841	1839	15	21	19	0	1894
14842	43	1848	14	14	0	1919
14843	1897	26	20	20	0	1963
14844	1885	16	14	13	0	1928
14845	43	1861	13	13	0	1930
14846	25	31	12	1925	0	1993
14847	1899	13	11	28	0	1951
14848	37	1841	7	25	0	1910
14849	28	39	6	1918	0	1991
14850	1901	19	6	34	0	1960
14851	42	20	7	1905	0	1974
14852	28	18	11	1907	0	1964
14853	39	15	12	1945	0	2011
14854	25	20	1810	48	0	1903
14855	26	10	28	1885	0	1949
14856	1919	12	17	53	0	2001
14857	36	15	1836	32	0	1919
14858	28	11	28	1888	0	1955
14859	21	10	16	1933	0	1980
14860	24	15	1848	43	0	1930
14861	1801	9	28	52	0	1890
14862	1892	12	21	29	0	1954
14863	52	10	1849	28	0	1939
14864	34	11	28	1811	0	1884
14865	33	8	9	1917	0	1967
14866	25	18	1821	45	0	1909
14867	30	12	30	1845	0	1917
14868	40	7	17	1898	0	1962
14869	11	15	1327	23	0	1376
14870	1260	6	16	28	0	1310
14871	30	3	11	1351	0	1395
14872	1350	6	11	21	0	1388
14873	1338	8	9	27	0	1382
14874	34	6	1294	21	0	1355
14875	21	5	21	1302	0	1349
14876	1347	6	11	25	0	1389
14877	23	1886	18	28	0	1955
14878	20	14	13	2000	0	2047
14879	14	10	3	2095	0	2122
14880	11	9	6	2116	0	2142
14881	11	4	1448	43	0	1506
14882	1325	4	21	34	0	1384
14883	30	10	9	1512	0	1561
14884	22	4	19	1508	0	1553
14885	25	4	1458	35	0	1522
14886	15	4	15	1490	0	1524
14887	10	6	20	1526	0	1562
14888	1486	1	16	38	0	1541
14889	25	1417	14	33	0	1489
14890	19	19	1458	29	0	1525
14891	1478	6	27	22	0	1533
14892	30	9	11	1506	0	1556
14893	13	8	2004	36	0	2061
14894	24	3	1993	27	0	2047
14895	10	3	29	2067	0	2109
14896	12	3	2070	37	0	2122
14897	21	4	2352	22	0	2399
14898	16	2212	36	33	0	2297
14899	11	18	20	2495	0	2544
14900	18	14	2431	32	0	2495
14901	15	15	23	2422	0	2475
14902	2508	4	21	40	0	2573
14903	30	5	10	2479	0	2524
14904	18	9	8	2539	0	2574
14905	3051	7	15	37	0	3110
14906	3016	6	17	35	0	3074
14907	106	3	9	3067	0	3185
14908	32	7	2944	111	0	3094
14909	17	2834	96	34	0	2981
14910	7	94	20	3073	0	3194
14911	3042	15	15	118	0	3190
14912	3073	10	19	26	0	3128
14913	107	2887	11	38	0	3043
14914	28	3001	21	23	0	3073
14915	3035	91	9	24	0	3159
14916	3027	24	10	26	0	3087
14917	117	16	2891	21	0	3045
14918	38	8	96	2819	0	2961
14919	23	2908	18	103	0	3052
14920	3028	91	23	31	0	3173
14921	75	9	3	2374	0	2461
14922	14	2204	3	77	0	2298
14923	7	81	2197	14	0	2299
14924	4	10	69	2175	0	2258
14925	3	2428	11	72	0	2514
14926	2502	81	3	11	0	2597
14927	2530	10	7	2	0	2549
14928	86	2447	4	5	0	2542
14929	2527	81	2	3	0	2613
14930	2531	14	3	1	0	2549
14931	78	2385	6	4	0	2473
14932	18	2509	5	8	0	2540
14933	6	77	5	2507	0	2595
14934	4269	14	2	84	0	4369
14935	83	14	4163	12	0	4272
14936	3994	4	69	9	0	4076
14937	82	4144	15	7	0	4248
14938	4309	79	6	9	0	4403
14939	4339	11	6	10	0	4366
14940	4354	9	2	7	0	4372
14941	86	9	4	4174	0	4273
14942	21	4124	5	83	0	4233
14943	4256	82	2	10	0	4350
14944	98	15	4114	8	0	4235
14945	26	3993	86	10	0	4115
14946	17	84	9	4258	0	4368
14947	12	19	4216	82	0	4329
14948	9	23	4214	12	0	4258
14949	8	10	84	4208	0	4310
14950	21	6	16	4569	0	4612
14951	21	8	9	4600	0	4638
14952	12	16	8	4546	0	4582
14953	9	4321	14	91	0	4435
14954	19	4512	8	16	0	4555
14955	4571	89	5	12	0	4677
14956	93	20	13	4523	0	4649
14957	17	8	5	4595	0	4625
14958	17	20	5	4667	0	4709
14959	4554	9	6	104	0	4673
14960	4600	5	6	29	0	4640
14961	98	17	5	4545	0	4665
14962	4584	11	17	95	0	4707
14963	4604	8	11	32	0	4655
14964	4974	15	11	21	0	5021
14965	110	10	6	4848	0	4974
14966	32	14	5230	102	0	5378
14967	21	29	4992	23	0	5065
14968	23	22	5217	19	0	5281
14969	36	19	5405	6	0	5466
14970	22	20	85	5299	0	5426
14971	5455	20	18	93	0	5586
14972	5408	13	10	30	0	5461
14973	117	14	5319	25	0	5475
14974	37	16	5233	16	0	5302
14975	32	5161	102	19	0	5314
14976	23	97	21	5737	0	5878
14977	5260	29	14	97	0	5400
14978	111	18	5164	25	0	5318
14979	4911	8	80	16	0	5015
14980	88	4884	21	24	0	5017
14981	19	91	11	5171	0	5292
14982	27	23	9	5201	0	5260
14983	22	12	17	5179	0	5230
14984	5178	17	14	98	0	5307
14985	93	15	6	5143	0	5257
14986	24	13	12	5225	0	5274
14987	5196	10	15	95	0	5316
14988	98	8	16	5112	0	5234
14989	20	10	5105	104	0	5239
14990	4928	12	76	34	0	5050
14991	93	8	12	5158	0	5271
14992	34	15	11	5100	0	5160
14993	23	4469	23	88	0	4603
14994	4687	82	10	24	0	4803
14995	4721	20	9	17	0	4767
14996	97	11	6	4620	0	4734
14997	29	7	4203	104	0	4343
14998	3947	13	70	29	0	4059
14999	106	8	4174	19	0	4307
15000	31	9	76	4144	0	4260
15001	22	7	17	4320	0	4366
15002	4278	4	19	95	0	4396
15003	99	6	12	4259	0	4376
15004	29	11	4485	106	0	4631
15005	3758	1	6	11	0	3776
15006	8	2	3902	8	0	3920
15007	8	2	3667	8	0	3685
15008	3764	7	7	6	0	3784
15009	6	4	9	4305	0	4324
15010	7	4473	13	18	0	4511
15011	4707	12	4	12	0	4735
15012	4599	3	6	8	0	4616
15013	22	4	4649	6	0	4681
15014	4589	1	13	15	0	4618
15015	18	5	3	4658	0	4684
15016	14	6	6551	21	0	6592
15017	13	6378	24	9	0	6424
15018	6697	12	8	7	0	6724
15019	19	6446	9	13	0	6487
15020	11	16	2	6725	0	6754
15021	13	5	7	6718	0	6743
15022	16	7	6	6661	0	6690
15023	13	4	5	6543	0	6565
15024	10	6455	10	22	0	6497
15025	9	12	6303	21	0	6345
15026	9	6188	25	16	0	6238
15027	6539	15	9	8	0	6571
15028	20	4	7	6493	0	6524
15029	6538	8	6	19	0	6571
15030	21	7	8	6507	0	6543
15031	6812	5	6	28	0	6851
15032	19	6491	19	18	0	6547
15033	6798	19	8	10	0	6835
15034	4991	8	7	14	0	5020
15035	4918	6	12	10	0	4946
15036	4995	7	7	9	0	5018
15037	22	4770	21	12	0	4825
15038	19	17	5067	9	0	5112
15039	16	4	13	5183	0	5216
15040	5285	6	5	24	0	5320
15041	5337	7	8	15	0	5367
15042	38	11	5	5329	0	5383
15043	22	13	5281	30	0	5346
15044	15	9	22	5242	0	5288
15045	24	5647	19	24	0	5714
15046	5878	25	10	14	0	5927
15047	25	11	4	5559	0	5599
15048	11	6777	24	24	0	6836
15049	10	7139	12	12	0	7173
15050	5	7136	12	9	0	7162
15051	7	32	2	7921	0	7962
15052	7897	14	3	87	0	8001
15053	83	7535	10	30	0	7658
15054	18	86	2	7903	0	8009
15055	7869	14	5	88	0	7976
15056	80	8	3	7884	0	7975
15057	7861	9	1	93	0	7964
15058	7864	9	4	19	0	7896
15059	93	8147	19	17	0	8276
15060	27	90	0	8205	0	8322
15061	18	8261	5	81	0	8365
15062	8583	88	1	20	0	8692
15063	8404	18	2	14	0	8438
15064	9003	10	3	15	0	9031
15065	110	9	2	9336	0	9457
15066	29	15	8587	93	0	8724
15067	8485	10	81	27	0	8603
15068	8904	14	14	11	0	8943
15069	105	15	6	8677	0	8803
15070	29	9514	20	89	0	9652
15071	24	93	2	10017	0	10136
15072	22	25	4	10124	0	10175
15073	10329	17	6	110	0	10462
15074	10389	14	8	34	0	10445
15075	119	31	10132	22	0	10304
15076	44	19	91	9896	0	10050
15077	10012	22	19	109	0	10162
15078	114	16	9	10110	0	10249
15079	46	33	9935	117	0	10131
15080	33	9331	111	43	0	9518
15081	26	9959	38	40	0	10063
15082	11973	127	15	26	0	12141
15083	222	45	4	12485	0	12756
15084	71	27	8	13203	0	13309
15085	12960	20	17	357	0	13354
15086	327	31	12508	133	0	12999
15087	108	22	251	14303	0	14684
15088	86	41	14014	346	0	14487
15089	76	13727	302	130	0	14235
15090	14534	294	93	79	0	15000
15091	14682	84	66	76	0	14908
15092	14709	62	54	61	0	14886
15093	423	74	14055	41	0	14593
15094	13879	46	273	42	0	14240
15095	14732	45	79	32	0	14888
15096	431	40	52	14417	0	14940
15097	14271	26	69	317	0	14683
15098	405	40	14451	102	0	14998
15099	14064	30	282	90	0	14466
15100	406	49	14508	71	0	15034
15101	169	16167	334	69	0	16739
15102	135	284	116	16502	0	17037
15103	107	16663	89	276	0	17135
15104	107	334	16200	102	0	16743
15105	70	16219	315	95	0	16699
15106	16742	353	82	88	0	17265
15107	328	16170	85	67	0	16650
15108	118	16599	80	61	0	16858
15109	481	421	15551	42	0	16495
15110	80	156	290	15392	0	15918
15111	16047	119	77	300	0	16543
15112	348	108	15446	109	0	16011
15113	143	15284	311	105	0	15843
15114	107	297	113	15918	0	16435
15115	99	136	15601	341	0	16177
15116	97	96	13750	118	0	14061
15117	83	70	365	14364	0	14882
15118	88	69	14285	379	0	14821
15119	82	60	370	13724	0	14236
15120	71	13871	173	304	0	14419
15121	90	303	113	14365	0	14871
15122	84	14127	110	357	0	14678
15123	98	342	58	14722	0	15220
15124	14537	131	55	376	0	15099
15125	359	97	55	14495	0	15006
15126	143	14021	64	386	0	14614
15127	123	331	40	14768	0	15262
15128	132	109	14288	402	0	14931
15129	94	93	312	14390	0	14889
15130	14531	84	112	399	0	15126
15131	345	77	13990	166	0	14578
15132	126	62	344	14219	0	14751
15133	14355	54	134	375	0	14918
15134	357	13713	129	146	0	14345
15135	139	345	89	14370	0	14943
15136	14420	129	72	361	0	14982
15137	383	84	62	14388	0	14917
15138	147	109	14704	375	0	15335
15139	14470	75	302	178	0	15025
15140	402	14388	141	118	0	15049
15141	144	14608	107	125	0	14984
15142	15322	366	83	91	0	15862
15143	15391	127	84	85	0	15687
15144	424	114	83	15320	0	15941
15145	16671	86	58	330	0	17145
15146	430	79	16032	126	0	16667
15147	16216	46	315	133	0	16710
15148	396	14411	123	140	0	15070
15149	15382	280	113	100	0	15875
15150	400	113	15416	95	0	16024
15151	162	72	270	15029	0	15533
15152	114	86	122	15238	0	15560
15153	125	87	76	15513	0	15801
15154	113	15427	97	329	0	15966
15155	16182	249	52	183	0	16666
15156	325	97	63	15198	0	15683
15157	144	14524	92	297	0	15057
15158	16189	275	45	129	0	16638
15159	15554	105	49	117	0	15825
15160	15674	72	59	108	0	15913
15161	15633	57	55	85	0	15830
15162	15349	62	74	87	0	15572
15163	453	48	68	15126	0	15695
15164	250	61	59	14723	0	15093
15165	14307	68	42	339	0	14756
15166	343	72	36	14223	0	14674
15167	160	84	49	14395	0	14688
15168	122	87	13239	401	0	13849
15169	13651	96	242	196	0	14185
15170	13585	71	101	155	0	13912
15171	13722	114	67	126	0	14029
15172	381	120	87	12916	0	13504
15173	186	13171	105	286	0	13748
15174	15779	253	62	151	0	16245
15175	15312	95	66	118	0	15591
15176	485	100	66	15646	0	16297
15177	15673	102	64	391	0	16230
15178	510	349	13004	222	0	14085
15179	225	15607	322	141	0	16295
15180	139	16287	176	177	0	16779
15181	268	442	15643	172	0	16525
15182	68	13986	301	116	0	14471
15183	19	13835	116	103	0	14073
15184	13629	266	39	77	0	14011
15185	161	13331	62	87	0	13641
15186	74	254	8	15061	0	15397
15187	13762	119	7	261	0	14149
15188	236	68	13022	135	0	13461
15189	14532	73	145	137	0	14887
15190	209	120	14433	95	0	14857
15191	132	39	14012	118	0	14301
15192	13998	54	279	89	0	14420
15193	197	53	14467	135	0	14852
15194	184	14048	218	79	0	14529
15195	62	145	156	14833	0	15196
15196	14860	100	46	258	0	15264
15197	308	14149	61	140	0	14658
15198	146	204	71	14419	0	14840
15199	123	118	14019	316	0	14576
15200	218	77	161	14064	0	14520
15201	12499	59	157	256	0	12971
15202	251	104	12182	143	0	12680
15203	230	134	173	12275	0	12812
15204	12506	180	135	198	0	13019
15205	12772	142	72	137	0	13123
15206	430	131	33	12426	0	13020
15207	280	105	32	12654	0	13071
15208	184	132	12930	304	0	13550
15209	224	76	12201	194	0	12695
15210	12691	60	295	98	0	13144
15211	13226	87	165	80	0	13558
15212	438	12616	107	69	0	13230
15213	13440	163	168	44	0	13815
15214	13267	129	148	116	0	13660
15215	410	83	13247	163	0	13903
15216	226	12761	321	130	0	13438
15217	12904	228	113	60	0	13305
15218	13940	119	55	91	0	14205
15219	14857	66	53	66	0	15042
15220	288	109	38	14462	0	14897
15221	192	64	38	14466	0	14760
15222	96	14071	106	277	0	14550
15223	101	198	32	14938	0	15269
15224	14735	106	49	230	0	15120
15225	256	62	67	14704	0	15089
15226	168	62	14521	270	0	15021
15227	168	59	13949	156	0	14332
15228	155	47	252	14394	0	14848
15229	93	41	14526	286	0	14946
15230	109	59	13925	200	0	14293
15231	81	46	343	13292	0	13762
15232	101	43	186	14325	0	14655
15233	154	53	14071	273	0	14551
15234	161	55	13740	140	0	14096
15235	116	13462	318	98	0	13994
15236	14271	210	149	59	0	14689
15237	315	14330	105	56	0	14806
15238	14354	195	114	46	0	14709
15239	14211	148	58	49	0	14466
15240	329	13928	86	64	0	14407
15241	14692	206	52	59	0	15009
15242	328	123	32	14256	0	14739
15243	178	67	14990	272	0	15507
15244	115	51	206	14374	0	14746
15245	73	85	109	14068	0	14335
15246	13459	45	75	349	0	13928
15247	13336	45	77	164	0	13622
15248	13537	29	68	151	0	13785
15249	13471	31	117	81	0	13700
15250	12669	42	111	85	0	12907
15251	312	11829	104	131	0	12376
15252	173	176	108	12676	0	13133
15253	106	94	12030	238	0	12468
15254	75	51	235	12112	0	12473
15255	90	44	144	12318	0	12596
15256	85	23	126	12679	0	12913
15257	13584	45	121	311	0	14061
15258	320	79	80	14327	0	14806
15259	14587	48	65	338	0	15038
15260	384	101	14118	168	0	14771
15261	253	41	275	17365	0	17934
15262	184	71	16954	478	0	17687
15263	17064	83	466	246	0	17859
15264	527	55	201	17268	0	18051
15265	252	65	16955	546	0	17818
15266	160	34	486	17412	0	18092
15267	18065	27	238	611	0	18941
15268	513	53	17519	319	0	18404
15269	17689	37	477	185	0	18388
15270	18195	31	224	175	0	18625
15271	18013	21	149	115	0	18298
15272	16538	22	120	121	0	16801
15273	743	15848	127	139	0	16857
15274	220	14031	108	68	0	14427
15275	165	14396	70	83	0	14714
15276	130	417	69	13578	0	14194
15277	116	13903	69	325	0	14413
15278	13751	337	56	159	0	14303
15279	350	13320	85	82	0	13837
15280	182	13677	74	96	0	14029
15281	126	442	58	13791	0	14417
15282	111	206	69	13958	0	14344
15283	13621	120	64	448	0	14253
15284	378	95	53	13696	0	14222
15285	192	100	13032	425	0	13749
15286	157	99	11362	227	0	11845
15287	149	80	11941	136	0	12306
15288	151	65	438	11529	0	12183
15289	161	63	188	11355	0	11767
15290	151	66	10850	462	0	11529
15291	145	101	10665	196	0	11107
15292	122	110	11722	140	0	12094
15293	11820	98	462	115	0	12495
15294	354	114	210	11988	0	12666
15295	169	100	140	12709	0	13118
15296	12616	99	107	496	0	13318
15297	392	89	88	12461	0	13030
15298	178	12283	119	449	0	13029
15299	128	12900	108	250	0	13386
15300	92	439	79	13225	0	13835
15301	13052	168	78	485	0	13783
15302	13182	97	86	273	0	13638
15303	13371	72	97	201	0	13741
15304	502	64	122	13185	0	13873
15305	256	59	12516	450	0	13281
15306	163	46	403	12943	0	13555
15307	152	58	12499	452	0	13161
15308	11704	35	424	310	0	12473
15309	411	37	252	12405	0	13105
15310	12288	36	173	461	0	12958
15311	445	51	11987	274	0	12757
15312	11388	40	426	199	0	12053
15313	497	52	11802	172	0	12523
15314	333	11386	389	175	0	12283
15315	185	11729	197	176	0	12287
15316	11698	398	114	147	0	12357
15317	430	192	99	11688	0	12409
15318	246	144	10704	390	0	11484
15319	174	10737	373	197	0	11481
15320	196	11229	142	139	0	11706
15321	167	507	100	11190	0	11964
15322	11197	200	104	445	0	11946
15323	11218	149	94	224	0	11685
15324	528	10959	118	161	0	11766
15325	11270	436	98	171	0	11975
15326	504	196	121	11204	0	12025
15327	271	137	10709	489	0	11606
15328	216	10818	440	229	0	11703
15329	198	422	210	11068	0	11898
15330	159	199	151	11517	0	12026
15331	11310	125	123	560	0	12118
15332	491	122	10747	272	0	11632
15333	11038	103	449	181	0	11771
15334	11354	122	203	157	0	11836
15335	570	108	140	11059	0	11877
15336	280	122	122	11496	0	12020
15337	10863	110	112	558	0	11643
15338	489	120	119	10382	0	11110
15339	272	141	9791	542	0	10746
15340	191	148	9543	257	0	10139
15341	171	9548	448	202	0	10369
15342	169	11751	184	201	0	12305
15343	186	575	118	9725	0	10604
15344	154	10626	107	481	0	11368
15345	10419	567	94	274	0	11354
15346	462	10788	100	229	0	11579
15347	256	561	96	10788	0	11701
15348	169	302	101	11297	0	11869
15349	156	223	10228	702	0	11309
15350	145	156	450	10849	0	11600
15351	176	92	244	10807	0	11319
15352	157	11080	190	728	0	12155
15353	157	463	161	10749	0	11530
15354	153	209	122	11519	0	12003
15355	134	174	10432	777	0	11517
15356	105	10710	504	470	0	11789
15357	85	793	203	8983	0	10064
15358	93	8937	132	456	0	9618
15359	86	437	8211	258	0	8992
15360	91	9360	400	206	0	10057
15361	6585	235	68	50	0	6938
15362	6617	88	50	39	0	6794
15363	6678	70	32	31	0	6811
15364	274	6493	28	35	0	6830
15365	6700	197	15	31	0	6943
15366	264	76	12	6603	0	6955
15367	5812	66	15	203	0	6096
15368	235	5735	26	87	0	6083
15369	5856	212	15	69	0	6152
15370	5793	87	16	49	0	5945
15371	250	5634	24	49	0	5957
15372	128	225	5557	46	0	5956
15373	90	91	176	5795	0	6152
15374	68	76	6291	206	0	6641
15375	34	56	239	6588	0	6917
15376	33	46	87	6895	0	7061
15377	28	52	6708	334	0	7122
15378	30	28	257	6910	0	7225
15379	6848	30	95	352	0	7325
15380	269	46	6588	146	0	7049
15381	92	6701	279	107	0	7179
15382	67	278	99	6733	0	7177
15383	61	93	69	7108	0	7331
15384	38	95	6595	357	0	7085
15385	49	65	242	6570	0	6926
15386	49	6707	98	333	0	7187
15387	6665	263	61	151	0	7140
15388	250	6714	77	111	0	7152
15389	6686	313	37	77	0	7113
15390	278	6916	41	71	0	7306
15391	119	7541	44	71	0	7775
15392	94	382	6380	51	0	6907
15393	73	157	257	6909	0	7396
15394	69	128	96	7132	0	7425
15395	54	91	125	7899	0	8169
15396	54	8210	159	520	0	8943
15397	51	381	71	8757	0	9260
15398	7822	134	105	652	0	8713
15399	388	124	121	8248	0	8881
15400	8120	70	76	628	0	8894
15401	542	85	8050	248	0	8925
15402	8284	120	455	217	0	9076
15403	489	146	165	8312	0	9112
15404	182	87	128	9090	0	9487
15405	9286	65	130	703	0	10184
15406	468	89	8735	353	0	9645
15407	181	8939	435	339	0	9894
15408	209	491	146	9181	0	10027
15409	9196	245	131	509	0	10081
15410	9486	256	93	198	0	10033
15411	631	198	60	9287	0	10176
15412	250	257	9021	546	0	10074
15413	9239	181	510	249	0	10179
15414	516	117	9151	312	0	10096
15415	212	104	505	9537	0	10358
15416	177	108	9052	757	0	10094
15417	130	317	539	9432	0	10418
15418	194	179	8697	687	0	9757
15419	184	8164	464	399	0	9211
15420	237	435	234	6895	0	7801
15421	175	8219	189	529	0	9112
15422	8439	449	159	309	0	9356
15423	8681	165	217	279	0	9342
15424	597	161	8241	276	0	9275
15425	312	160	384	8568	0	9424
15426	8452	125	184	591	0	9352
15427	624	149	190	8460	0	9423
15428	334	162	181	8745	0	9422
15429	272	212	8167	622	0	9273
15430	8383	149	413	396	0	9341
15431	607	131	8272	278	0	9288
15432	311	64	537	8553	0	9465
15433	212	44	8258	709	0	9223
15434	8466	53	585	388	0	9492
15435	8563	75	316	335	0	9289
15436	8652	120	296	301	0	9369
15437	617	78	235	8573	0	9503
15438	375	72	8231	620	0	9298
15439	329	123	8308	399	0	9159
15440	259	751	657	6564	0	8231
15441	231	8675	356	489	0	9751
15442	7127	343	183	304	0	7957
15443	491	179	127	7233	0	8030
15444	399	114	6963	466	0	7942
15445	338	81	450	7283	0	8152
15446	222	105	7082	515	0	7924
15447	211	107	411	7360	0	8089
15448	277	76	7017	604	0	7974
15449	253	72	7055	393	0	7773
15450	241	6772	494	367	0	7874
15451	227	294	7288	280	0	8089
15452	311	108	6783	219	0	7421
15453	241	74	575	6001	0	6891
15454	213	65	372	5975	0	6625
15455	214	6421	360	501	0	7496
15456	6677	273	272	293	0	7515
15457	483	6462	271	270	0	7486
15458	315	341	244	6687	0	7587
15459	6649	167	279	505	0	7600
15460	387	148	310	6129	0	6974
15461	6028	154	274	531	0	6987
15462	503	151	204	6200	0	7058
15463	325	219	6017	491	0	7052
15464	306	125	420	6360	0	7211
15465	255	107	256	6679	0	7297
15466	6342	71	297	601	0	7311
15467	6337	58	270	457	0	7122
15468	6210	57	342	403	0	7012
15469	485	5844	338	336	0	7003
15470	288	6203	379	273	0	7143
15471	6261	348	359	273	0	7241
15472	394	223	6277	263	0	7157
15473	254	160	6671	228	0	7313
15474	393	285	386	5428	0	6492
15475	149	119	5603	332	0	6203
15476	154	87	5602	229	0	6072
15477	5312	77	372	183	0	5944
15478	5367	72	213	153	0	5805
15479	408	5232	153	156	0	5949
15480	205	5511	157	199	0	6072
15481	181	261	190	4379	0	5011
15482	165	5419	175	271	0	6030
15483	5434	275	142	191	0	6042
15484	332	151	114	4999	0	5596
15485	208	5313	93	335	0	5949
15486	5496	244	125	199	0	6064
15487	322	126	5318	192	0	5958
15488	182	103	5367	175	0	5827
15489	5396	76	357	192	0	6021
15490	301	88	4889	168	0	5446
15491	4617	43	306	147	0	5113
15492	309	56	224	4184	0	4773
15493	178	65	4223	197	0	4663
15494	154	4147	301	156	0	4758
15495	86	2962	123	62	0	3233
15496	2164	54	46	50	0	2314
15497	68	2155	57	43	0	2323
15498	2216	54	41	39	0	2350
15499	2140	29	57	33	0	2259
15500	81	2155	50	37	0	2323
15501	33	42	33	1844	0	1952
15502	23	21	1854	36	0	1934
15503	23	1753	52	17	0	1845
15504	25	14	28	1578	0	1645
15505	1	0	0	1565	0	1566
15506	1573	0	0	0	0	1573
15507	0	0	0	1524	0	1524
15508	1	0	1555	0	0	1556
15509	0	1456	5	2	0	1463
15510	0	0	0	1572	0	1572
15511	1569	0	0	0	0	1569
15512	1538	1	0	1	0	1540
15513	0	0	1	1548	0	1549
15514	1530	1	0	0	0	1531
15515	0	0	1539	1	0	1540
15516	1	0	0	1484	0	1485
15517	2	0	1558	0	0	1560
15518	1	1	0	1687	0	1689
15519	1	2	0	2207	0	2210
15520	1	1	1	2252	0	2255
15521	0	1	0	2470	0	2471
15522	1	0	3	2520	0	2524
15523	2487	0	1	66	0	2554
15524	2492	0	0	18	0	2510
15525	57	2380	5	12	0	2454
15526	2476	47	0	11	0	2534
15527	50	11	0	2467	0	2528
15528	17	1	1	2475	0	2494
15529	7	5	0	2450	0	2462
15530	8	7	2407	62	0	2484
15531	4	2	34	2335	0	2375
15532	1	2381	15	55	0	2452
15533	2465	48	2	19	0	2534
15534	2419	12	3	9	0	2443
15535	58	4	2393	12	0	2467
15536	15	2356	41	14	0	2426
15537	6	49	10	2486	0	2551
15538	9	12	2421	55	0	2497
15539	9	7	44	2319	0	2379
15540	5	2388	17	54	0	2464
15541	2031	46	3	27	0	2107
15542	50	2039	8	20	0	2117
15543	18	57	2018	21	0	2114
15544	13	25	1954	16	0	2008
15545	15	1926	51	9	0	2001
15546	13	2048	18	10	0	2089
15547	2396	69	6	12	0	2483
15548	2429	19	8	11	0	2467
15549	64	8	6	2390	0	2468
15550	18	12	2366	63	0	2459
15551	11	9	48	2341	0	2409
15552	11	5	19	2473	0	2508
15553	2391	5	7	73	0	2476
15554	2373	7	9	30	0	2419
15555	70	8	7	2390	0	2475
15556	29	8	2356	68	0	2461
15557	14	2284	51	29	0	2378
15558	2423	58	16	12	0	2509
15559	58	2513	12	23	0	2606
15560	22	59	14	2579	0	2674
15561	12	26	6	2623	0	2667
15562	11	17	5	2610	0	2643
15563	9	14	12	2391	0	2426
15564	2309	12	7	78	0	2406
15565	53	14	13	2343	0	2423
15566	22	2262	12	65	0	2361
15567	14	61	6	2387	0	2468
15568	2323	22	6	64	0	2415
15569	62	2269	8	31	0	2370
15570	25	54	10	2364	0	2453
15571	13	21	2249	74	0	2357
15572	2204	10	52	36	0	2302
15573	64	12	17	2099	0	2192
15574	23	15	2069	79	0	2186
15575	15	13	2019	28	0	2075
15576	20	7	58	2086	0	2171
15577	2089	12	23	66	0	2190
15578	2075	16	20	23	0	2134
15579	75	2204	17	12	0	2308
15580	2306	61	7	22	0	2396
15581	2285	26	6	26	0	2343
15582	2314	11	6	34	0	2365
15583	2327	10	7	30	0	2374
15584	78	12	3	2268	0	2361
15585	34	11	6	2322	0	2373
15586	32	13	2149	80	0	2274
15587	27	2119	41	41	0	2228
15588	22	2211	22	28	0	2283
15589	20	75	2183	27	0	2305
15590	2156	23	58	30	0	2267
15591	58	17	23	2252	0	2350
15592	2278	15	14	75	0	2382
15593	2274	7	18	32	0	2331
15594	80	14	2197	20	0	2311
15595	28	10	51	2204	0	2293
15596	2267	4	24	70	0	2365
15597	76	6	16	2239	0	2337
15598	31	10	2198	75	0	2314
15599	26	13	50	2168	0	2257
15600	30	2140	21	73	0	2264
15601	21	2053	11	29	0	2114
15602	28	75	1962	24	0	2089
15603	23	1966	56	21	0	2066
15604	2048	64	23	14	0	2149
15605	2085	27	12	22	0	2146
15606	67	12	18	2035	0	2132
15607	26	19	15	2037	0	2097
15608	15	14	17	2111	0	2157
15609	2050	13	21	72	0	2156
15610	66	2010	12	32	0	2120
15611	2071	60	12	23	0	2166
15612	2051	17	13	21	0	2102
15613	86	1981	12	20	0	2099
15614	2058	59	8	25	0	2150
15615	82	1982	7	19	0	2090
15616	2069	54	9	19	0	2151
15617	69	22	1971	22	0	2084
15618	1434	8	405	11	0	1858
15619	27	1233	6	7	0	1273
15620	6	26	222	1092	0	1346
15621	0	0	0	1080	0	1080
15622	0	1	0	1061	0	1062
15623	1099	0	0	0	0	1099
15624	0	0	0	1083	0	1083
15625	1	0	1047	1	0	1049
15626	1038	0	1	2	0	1041
15627	1	1	1053	1	0	1056
15628	0	0	0	1044	0	1044
15629	0	1	1051	1	0	1053
15630	0	0	1	1075	0	1076
15631	0	1047	0	1	0	1048
15632	0	0	0	1083	0	1083
15633	0	1028	1	2	0	1031
15634	0	1	0	1085	0	1086
15635	1079	0	0	2	0	1081
15636	1	0	0	1066	0	1067
15637	1080	0	0	1	0	1081
15638	1	4	1028	0	0	1033
15639	1028	0	2	1	0	1031
15640	1068	0	0	0	0	1068
15641	1040	1	0	0	0	1041
15642	1	1	0	1054	0	1056
15643	1077	0	0	1	0	1078
15644	1	4	1450	0	0	1455
15645	1503	0	2	1	0	1506
15646	3	2	1495	0	0	1500
15647	1252	0	0	0	0	1252
15648	1	0	0	1274	0	1275
15649	1	4	2268	1	0	2274
15650	1	4	1	2152	0	2158
15651	0	0	0	2321	0	2321
15652	0	0	2269	1	0	2270
15653	2066	3	2	1	0	2072
15654	1	2177	11	2	0	2191
15655	2354	1	0	2	0	2357
15656	1	2186	4	1	0	2192
15657	2310	1	2	0	0	2313
15658	1	1	2263	0	0	2265
15659	1913	1	2	0	0	1916
15660	2	2039	3	0	0	2044
15661	0	0	0	2154	0	2154
15662	1	2	0	2449	0	2452
15663	0	2	0	2459	0	2461
15664	3	2	2421	37	0	2463
15665	1	1	15	2388	0	2405
15666	0	1	2468	18	0	2487
15667	2369	0	19	14	0	2402
15668	2425	1	14	1	0	2441
15669	32	0	0	2434	0	2466
15670	15	3	2922	20	0	2960
15671	3170	1	65	18	0	3254
15672	87	7	4949	2	0	5045
15673	44	3	82	4812	0	4941
15674	4	0	36	5059	0	5099
15675	9	1	4	5628	0	5642
15676	7	0	2	5720	0	5729
15677	5482	1	7	145	0	5635
15678	88	5778	14	67	0	5947
15679	52	96	5545	13	0	5706
15680	5	5637	90	16	0	5748
15681	5887	95	40	14	0	6036
15682	101	51	10	5855	0	6017
15683	5932	12	7	99	0	6050
15684	97	2	12	5910	0	6021
15685	56	8	5	5925	0	5994
15686	17	2	6	6074	0	6099
15687	11	17	5701	165	0	5894
15688	24	5540	97	81	0	5742
15689	18	99	5814	24	0	5955
15690	11	53	99	5840	0	6003
15691	5926	10	61	123	0	6120
15692	5893	10	12	79	0	5994
15693	5910	8	10	41	0	5969
15694	151	5680	16	32	0	5879
15695	5948	99	11	26	0	6084
15696	117	53	21	5887	0	6078
15697	58	27	13	5868	0	5966
15698	31	9	18	5952	0	6010
15699	20	5681	24	176	0	5901
15700	31	101	12	5731	0	5875
15701	15	5367	21	129	0	5532
15702	5535	101	6	78	0	5720
15703	5550	62	9	45	0	5666
15704	162	18	18	5545	0	5743
15705	76	32	5343	119	0	5570
15706	5258	21	111	74	0	5464
15707	124	15	55	5548	0	5742
15708	82	16	5399	132	0	5629
15709	4994	9	94	103	0	5200
15710	123	16	61	5538	0	5738
15711	5538	22	11	131	0	5702
15712	127	5285	21	93	0	5526
15713	74	111	16	5489	0	5690
15714	43	6968	28	130	0	7169
15715	28	102	20	9061	0	9211
15716	28	8658	32	131	0	8849
15717	33	108	13	9116	0	9270
15718	38	85	8803	132	0	9058
15719	6731	32	118	118	0	6999
15720	123	8469	68	55	0	8715
15721	86	123	8577	47	0	8833
15722	8239	63	110	54	0	8466
15723	129	19	62	8848	0	9058
15724	80	38	8614	145	0	8877
15725	32	8241	126	113	0	8512
15726	31	116	53	8911	0	9111
15727	44	71	9443	144	0	9702
15728	50	32	116	9351	0	9549
15729	46	31	69	9777	0	9923
15730	48	29	9597	186	0	9860
15731	41	29	116	9602	0	9788
15732	30	34	11216	173	0	11453
15733	33	24	121	11056	0	11234
15734	44	33	11385	172	0	11634
15735	36	31	120	11361	0	11548
15736	34	31	79	11567	0	11711
15737	35	45	37	11606	0	11723
15738	32	11384	60	187	0	11663
15739	12021	122	29	98	0	12270
15740	11798	69	31	83	0	11981
15741	180	25	37	12324	0	12566
15742	12864	38	26	166	0	13094
15743	129	46	12503	116	0	12794
15744	83	11695	140	80	0	11998
15745	12437	110	72	73	0	12692
15746	121	11897	63	67	0	12148
15747	84	118	32	12472	0	12706
15748	28	75	30	12548	0	12681
15749	11504	22	44	187	0	11757
15750	139	31	16	11413	0	11599
15751	94	37	11238	144	0	11513
15752	37	10750	135	119	0	11041
15753	11210	118	70	69	0	11467
15754	129	63	24	11276	0	11492
15755	87	10905	54	150	0	11196
15756	45	119	27	11327	0	11518
15757	52	10936	41	129	0	11158
15758	11435	124	25	96	0	11680
15759	11214	78	33	72	0	11397
15760	185	49	11047	56	0	11337
15761	102	50	10813	65	0	11030
15762	42	23	128	10714	0	10907
15763	35	10446	67	115	0	10663
15764	35	98	18	11136	0	11287
15765	11083	55	28	126	0	11292
15766	110	37	10670	79	0	10896
15767	71	20	97	10434	0	10622
15768	47	39	10632	117	0	10835
15769	33	50	10114	93	0	10290
15770	24	9713	70	23	0	9830
15771	16	15	10	9801	0	9842
15772	8330	10	6	21	0	8367
15773	19	5	8325	16	0	8365
15774	15	7918	27	13	0	7973
15775	7925	1	0	2	0	7928
15776	0	1	0	7892	0	7893
15777	8235	0	1	2	0	8238
15778	7664	1	0	2	0	7667
15779	7453	1	0	3	0	7457
15780	2	4	7677	0	0	7683
15781	7065	1	7	4	0	7077
15782	7656	0	1	3	0	7660
15783	1	8924	19	6	0	8950
15784	1	2	1	9486	0	9490
15785	1	1	1	9360	0	9363
15786	3	1	0	9484	0	9488
15787	9513	0	1	3	0	9517
15788	9016	5	0	8	0	9029
15789	1	8	9264	1	0	9274
15790	0	0	4	9204	0	9208
15791	0	8764	21	9	0	8794
15792	9446	0	2	1	0	9449
15793	7	10	9476	2	0	9495
15794	3	3	1	9245	0	9252
15795	0	0	1	9560	0	9561
15796	0	9136	22	3	0	9161
15797	1	1	0	9726	0	9728
15798	1	4	1	9450	0	9456
15799	1	4	2	9796	0	9803
15800	9863	1	0	26	0	9890
15801	22	1	0	9727	0	9750
15802	3	5	0	9791	0	9799
15803	10329	0	3	28	0	10360
15804	25	4	1	10628	0	10658
15805	3	10188	19	34	0	10244
15806	10679	23	0	7	0	10709
15807	11246	6	1	7	0	11260
15808	11229	1	3	10	0	11243
15809	11709	2	1	5	0	11717
15810	97	13811	38	8	0	13954
15811	16073	142	2	4	0	16221
15812	16209	28	6	5	0	16248
15813	323	20	3	15945	0	16291
15814	66	30	14324	297	0	14717
15815	53	14	273	12952	0	13292
15816	29	8	29	13309	0	13375
15817	32	16	19	13306	0	13373
15818	25	11	16	13360	0	13412
15819	27	28	10	13511	0	13576
15820	13147	2	17	393	0	13559
15821	317	1	14	13266	0	13598
15822	37	19	13903	400	0	14359
15823	38	7	289	13788	0	14122
15824	25	13601	57	364	0	14047
15825	20	286	22	14271	0	14599
15826	28	59	13830	381	0	14298
15827	11641	28	305	121	0	12095
15828	12598	138	44	100	0	12880
15829	503	197	12839	61	0	13600
15830	350	12446	315	81	0	13192
15831	13377	301	63	173	0	13914
15832	11866	47	156	231	0	12300
15833	11875	70	199	170	0	12314
15834	11742	60	23	350	0	12175
15835	471	100	50	11649	0	12270
15836	280	41	11064	643	0	12028
15837	216	105	319	11559	0	12199
15838	304	43	108	12234	0	12689
15839	343	62	11498	729	0	12632
15840	120	63	11546	516	0	12245
15841	10893	22	724	401	0	12040
15842	527	10560	131	500	0	11718
15843	157	623	80	11215	0	12075
15844	119	66	10760	956	0	11901
15845	10422	44	710	314	0	11490
15846	820	50	10591	368	0	11829
15847	10513	48	705	221	0	11487
15848	542	10659	295	309	0	11805
15849	249	730	178	10905	0	12062
15850	431	89	10469	755	0	11744
15851	10390	153	556	187	0	11286
15852	958	10756	156	234	0	12104
15853	390	11470	234	262	0	12356
15854	249	652	311	11214	0	12426
15855	256	226	269	13100	0	13851
15856	13893	102	166	939	0	15100
15857	899	13543	231	351	0	15024
15858	410	717	367	13908	0	15402
15859	13708	140	283	816	0	14947
15860	15122	222	128	312	0	15784
15861	15091	252	165	355	0	15863
15862	942	108	14257	527	0	15834
15863	421	110	14402	291	0	15224
15864	15499	71	1003	281	0	16854
15865	1050	15462	447	286	0	17245
15866	540	16483	234	224	0	17481
15867	226	1120	241	15470	0	17057
15868	302	15761	339	1045	0	17447
15869	16186	941	414	249	0	17790
15870	1147	374	192	16199	0	17912
15871	322	531	15449	914	0	17216
15872	15867	365	811	396	0	17439
15873	16574	262	295	523	0	17654
15874	1246	185	216	16158	0	17805
15875	587	395	221	16570	0	17773
15876	393	358	151	16989	0	17891
15877	391	252	217	16799	0	17659
15878	678	269	14604	1124	0	16675
15879	623	15306	765	555	0	17249
15880	493	991	325	14152	0	15961
15881	335	15676	463	948	0	17422
15882	426	1004	308	14307	0	16045
15883	520	14132	142	1011	0	15805
15884	14189	1309	133	397	0	16028
15885	14491	463	181	550	0	15685
15886	1155	14187	230	500	0	16072
15887	14504	1057	288	261	0	16110
15888	1359	369	209	14299	0	16236
15889	14128	353	272	1174	0	15927
15890	1103	14109	333	365	0	15910
15891	14495	1040	150	349	0	16034
15892	15150	424	144	442	0	16160
15893	1235	420	142	14194	0	15991
15894	574	276	13173	1350	0	15373
15895	362	12908	853	1327	0	15450
15896	485	960	391	14043	0	15879
15897	14080	470	326	1138	0	16014
15898	1087	490	13400	591	0	15568
15899	441	394	822	13643	0	15300
15900	444	430	211	14418	0	15503
15901	13842	283	190	1433	0	15748
15902	14317	305	200	626	0	15448
15903	13826	239	270	506	0	14841
15904	1219	12862	161	452	0	14694
15905	13313	1076	225	479	0	15093
15906	1292	453	12424	428	0	14597
15907	461	342	11881	526	0	13210
15908	416	418	11975	368	0	13177
15909	518	1813	853	10226	0	13410
15910	311	180	8689	787	0	9967
15911	7413	174	537	214	0	8338
15912	671	127	163	7455	0	8416
15913	285	157	7358	609	0	8409
15914	7742	139	539	267	0	8687
15915	688	123	204	7638	0	8653
15916	292	152	154	8221	0	8819
15917	8609	89	138	712	0	9548
15918	711	138	142	9592	0	10583
15919	347	127	9046	740	0	10260
15920	291	105	612	9656	0	10664
15921	267	115	9003	774	0	10159
15922	236	105	680	8852	0	9873
15923	8261	132	218	791	0	9402
15924	699	8741	189	361	0	9990
15925	307	9522	139	343	0	10311
15926	288	704	165	9035	0	10192
15927	235	267	134	9046	0	9682
15928	236	8637	168	815	0	9856
15929	246	9488	168	388	0	10290
15930	223	728	193	9176	0	10320
15931	224	251	165	9796	0	10436
15932	8828	182	132	904	0	10046
15933	661	8709	150	455	0	9975
15934	299	8984	142	333	0	9758
15935	221	9542	133	338	0	10234
15936	9195	776	135	319	0	10425
15937	719	322	8743	269	0	10053
15938	8447	202	448	248	0	9345
15939	535	161	212	8283	0	9191
15940	266	7808	161	577	0	8812
15941	248	8710	112	323	0	9393
15942	8569	547	124	269	0	9509
15943	547	293	128	7758	0	8726
15944	254	8815	124	545	0	9738
15945	8954	506	144	312	0	9916
15946	9355	262	113	298	0	10028
15947	653	204	8584	224	0	9665
15948	8952	194	405	269	0	9820
15949	9301	228	176	215	0	9920
15950	631	210	107	8574	0	9522
15951	372	8392	121	510	0	9395
15952	230	8484	96	273	0	9083
15953	208	531	87	8530	0	9356
15954	8369	268	108	486	0	9231
15955	496	171	6728	284	0	7679
15956	198	114	5718	136	0	6166
15957	426	119	5445	128	0	6118
15958	156	108	6128	121	0	6513
15959	120	6068	319	153	0	6660
15960	85	5402	126	91	0	5704
15961	75	311	5344	63	0	5793
15962	79	171	5061	66	0	5377
15963	103	5075	245	92	0	5515
15964	21	97	73	3605	0	3796
15965	19	82	3699	83	0	3883
15966	20	54	94	3600	0	3768
15967	26	36	59	3714	0	3835
15968	26	41	29	3807	0	3903
15969	28	36	16	4117	0	4197
15970	36	32	3960	163	0	4191
15971	41	25	104	4011	0	4181
15972	4045	25	72	142	0	4284
15973	119	32	3902	84	0	4137
15974	3978	22	105	64	0	4169
15975	142	20	65	4019	0	4246
15976	80	41	3927	134	0	4182
15977	3951	40	115	94	0	4200
15978	120	35	74	4496	0	4725
15979	4487	37	39	148	0	4711
15980	140	34	40	4337	0	4551
15981	80	4288	45	166	0	4579
15982	61	121	4357	90	0	4629
15983	34	70	143	4502	0	4749
15984	4512	58	87	151	0	4808
15985	4525	69	59	116	0	4769
15986	4595	66	49	91	0	4801
15987	4574	72	60	84	0	4790
15988	4422	80	67	82	0	4651
15989	179	4398	55	112	0	4744
15990	4557	147	55	98	0	4857
15991	153	113	4407	101	0	4774
15992	4490	113	111	80	0	4794
15993	170	114	80	3312	0	3676
15994	94	86	4426	145	0	4751
15995	79	63	4419	114	0	4675
15996	59	75	172	4454	0	4760
15997	4452	97	84	149	0	4782
15998	147	4432	65	101	0	4745
15999	4454	155	42	76	0	4727
16000	176	4460	71	74	0	4781
16001	141	155	52	4447	0	4795
16002	95	114	39	4610	0	4858
16003	4519	119	43	177	0	4858
16004	176	93	34	4556	0	4859
16005	156	62	4351	169	0	4738
16006	4494	46	143	111	0	4794
16007	169	57	77	4479	0	4782
16008	133	59	51	4566	0	4809
16009	116	69	4374	189	0	4748
16010	4231	66	140	107	0	4544
16011	4464	48	84	66	0	4662
16012	253	4347	64	64	0	4728
16013	141	131	4485	55	0	4812
16014	96	99	4371	44	0	4610
16015	113	64	169	4342	0	4688
16016	77	45	127	4431	0	4680
16017	48	3557	40	93	0	3738
16018	10	27	2599	4	0	2640
16019	4	1	23	2617	0	2645
16020	11	8	2601	26	0	2646
16021	9	2	23	2552	0	2586
16022	8	2551	10	29	0	2598
16023	11	23	6	2655	0	2695
16024	9	3	5	2191	0	2208
16025	7	4	3	2189	0	2203
16026	2187	4	3	23	0	2217
16027	22	8	2113	9	0	2152
16028	6	2254	29	10	0	2299
16029	6	26	4	2377	0	2413
16030	2369	3	9	32	0	2413
16031	28	6	4	2353	0	2391
16032	2549	4	6	32	0	2591
16033	33	4	2412	12	0	2461
16034	2432	6	31	9	0	2478
16035	43	2	8	2528	0	2581
16036	13	11	2453	38	0	2515
16037	10	2438	34	18	0	2500
16038	8	30	13	2496	0	2547
16039	8	9	11	2565	0	2593
16040	2501	10	3	45	0	2559
16041	33	2731	13	25	0	2802
16042	16	2720	10	14	0	2760
16043	9	2766	11	16	0	2802
16044	2378	39	9	13	0	2439
16045	35	2366	11	10	0	2422
16046	17	44	5	2400	0	2466
16047	16	11	8	2448	0	2483
16048	2405	10	7	49	0	2471
16049	44	2335	7	25	0	2411
16050	20	34	7	2442	0	2503
16051	2413	19	7	42	0	2481
16052	2427	9	12	17	0	2465
16053	2427	6	6	22	0	2461
16054	57	2341	12	14	0	2424
16055	2534	35	7	10	0	2586
16056	52	12	11	2452	0	2527
16057	19	2382	8	37	0	2446
16058	17	2329	10	24	0	2380
16059	10	44	13	2437	0	2504
16060	2418	16	10	46	0	2490
16061	2408	12	5	19	0	2444
16062	47	9	7	2364	0	2427
16063	19	2318	10	33	0	2380
16064	2431	35	8	22	0	2496
16065	43	15	2532	22	0	2612
16066	20	20	2506	15	0	2561
16067	2568	12	35	13	0	2628
16068	43	16	2556	16	0	2631
16069	13	7	27	2305	0	2352
16070	2348	6	9	31	0	2394
16071	28	4	10	2475	0	2517
16072	15	7	2406	33	0	2461
16073	16	2340	25	18	0	2399
16074	9	16	12	2812	0	2849
16075	15	12	2748	48	0	2823
16076	2701	14	39	31	0	2785
16077	43	10	26	2812	0	2891
16078	20	3	2277	40	0	2340
16079	10	3	35	2272	0	2320
16080	0	2223	22	45	0	2290
16081	3	35	7	2578	0	2623
16082	4	18	0	2579	0	2601
16083	4	12	1	2532	0	2549
16084	1	2423	4	63	0	2491
16085	2539	34	2	25	0	2600
16086	34	17	5	2534	0	2590
16087	19	10	1	2568	0	2598
16088	10	2	3	2602	0	2617
16089	7	6	2467	66	0	2546
16090	1	1	33	2536	0	2571
16091	2523	4	19	45	0	2591
16092	35	2418	17	28	0	2498
16093	21	33	5	2536	0	2595
16094	9	20	1	2574	0	2604
16095	2552	12	2	56	0	2622
16096	38	2450	9	32	0	2529
16097	2562	36	2	15	0	2615
16098	2589	16	1	5	0	2611
16099	53	12	2	2536	0	2603
16100	2568	2	3	40	0	2613
16101	46	2462	4	27	0	2539
16102	2576	35	1	13	0	2625
16103	45	21	0	2550	0	2616
16104	3056	8	4	40	0	3108
16105	3035	4	0	29	0	3068
16106	58	9	2866	11	0	2944
16107	2948	7	31	4	0	2990
16108	3018	2	19	7	0	3046
16109	3474	3	13	8	0	3498
16110	96	7	3578	4	0	3685
16111	37	3539	84	4	0	3664
16112	29	76	26	3817	0	3948
16113	3392	35	27	79	0	3533
16114	80	3129	14	40	0	3263
16115	3253	84	7	30	0	3374
16116	105	37	1	3241	0	3384
16117	42	34	3210	90	0	3376
16118	3532	8	79	34	0	3653
16119	107	7	29	3577	0	3720
16120	49	7	3453	106	0	3615
16121	3530	1	98	44	0	3673
16122	111	6	3495	30	0	3642
16123	49	3	119	3677	0	3848
16124	37	3	40	3947	0	4027
16125	3851	2	34	142	0	4029
16126	3852	6	15	75	0	3948
16127	140	3739	16	57	0	3952
16128	3734	94	3	27	0	3858
16129	156	41	3515	27	0	3739
16130	70	45	3502	16	0	3633
16131	3618	17	121	13	0	3769
16132	115	3351	72	16	0	3554
16133	3486	98	50	11	0	3645
16134	127	3412	32	23	0	3594
16135	3535	123	25	7	0	3690
16136	149	48	9	3450	0	3656
16137	58	50	3384	107	0	3599
16138	56	24	95	3452	0	3627
16139	32	20	33	3599	0	3684
16140	3494	13	41	151	0	3699
16141	119	13	3064	86	0	3282
16142	3116	10	110	62	0	3298
16143	144	3085	34	41	0	3304
16144	3194	101	47	22	0	3364
16145	155	39	22	3179	0	3395
16146	70	38	3074	125	0	3307
16147	62	29	105	3184	0	3380
16148	3193	22	35	137	0	3387
16149	129	20	31	3206	0	3386
16150	62	13	18	3240	0	3333
16151	53	3059	30	152	0	3294
16152	40	96	23	3252	0	3411
16153	37	36	3067	168	0	3308
16154	18	41	106	3187	0	3352
16155	44	16	32	3215	0	3307
16156	3077	27	37	163	0	3304
16157	128	15	21	3115	0	3279
16158	58	20	2676	174	0	2928
16159	66	2702	105	72	0	2945
16160	46	101	37	2781	0	2965
16161	32	48	39	2902	0	3021
16162	2836	39	26	161	0	3062
16163	126	2742	35	91	0	2994
16164	60	115	28	2875	0	3078
16165	2623	49	15	147	0	2834
16166	2732	52	15	67	0	2866
16167	160	26	12	2685	0	2883
16168	88	30	2510	143	0	2771
16169	2650	18	104	81	0	2853
16170	152	11	42	2705	0	2910
16171	2572	11	42	147	0	2772
16172	2598	10	31	80	0	2719
16173	169	2467	38	66	0	2740
16174	2220	78	16	44	0	2358
16175	130	2156	27	35	0	2348
16176	66	105	16	2195	0	2382
16177	69	48	8	2373	0	2498
16178	49	2304	18	107	0	2478
16179	2608	97	11	78	0	2794
16180	2629	43	28	68	0	2768
16181	118	47	2236	61	0	2462
16182	67	32	2289	46	0	2434
16183	66	23	93	2371	0	2553
16184	2404	12	50	117	0	2583
16185	113	21	54	2363	0	2551
16186	47	16	33	2467	0	2563
16187	52	15	2298	129	0	2494
16188	45	16	2290	87	0	2438
16189	43	15	2319	80	0	2457
16190	2294	15	122	59	0	2490
16191	2373	12	66	50	0	2501
16192	110	2230	66	41	0	2447
16193	77	2314	42	33	0	2466
16194	74	91	23	2364	0	2552
16195	50	62	2267	102	0	2481
16196	2321	46	82	42	0	2491
16197	97	46	2696	58	0	2897
16198	49	25	100	2765	0	2939
16199	56	16	45	2882	0	2999
16200	45	19	42	2899	0	3005
16201	49	11	26	2934	0	3020
16202	2853	19	27	159	0	3058
16203	100	8	23	2891	0	3022
16204	41	15	2339	158	0	2553
16205	2316	11	89	78	0	2494
16206	125	13	2306	77	0	2521
16207	60	25	2313	53	0	2451
16208	68	2320	109	44	0	2541
16209	28	45	226	1662	0	1961
16210	1643	15	26	44	0	1728
16211	47	15	21	1635	0	1718
16212	19	9	1496	58	0	1582
16213	22	8	37	1561	0	1628
16214	1541	7	10	53	0	1611
16215	43	1506	16	35	0	1600
16216	1525	32	18	25	0	1600
16217	38	1385	12	24	0	1459
16218	1191	21	9	11	0	1232
16219	30	1139	4	12	0	1185
16220	14	1170	8	8	0	1200
16221	11	34	1144	7	0	1196
16222	13	1150	19	10	0	1192
16223	910	2	0	1	0	913
16224	1	1	0	884	0	886
16225	907	1	0	1	0	909
16226	0	872	4	2	0	878
16227	886	0	2	1	0	889
16228	3	0	888	0	0	891
16229	1	1	1	873	0	876
16230	1	855	2	4	0	862
16231	0	1	0	903	0	904
16232	2	2	0	1055	0	1059
16233	1239	1	0	4	0	1244
16234	10	1222	2	2	0	1236
16235	1246	9	1	4	0	1260
16236	11	3	1220	0	0	1234
16237	4	7	1181	0	0	1192
16238	3	1182	15	2	0	1202
16239	2	8	6	1240	0	1256
16240	2	5	1219	12	0	1238
16241	1	6	11	1144	0	1162
16242	2	0	4	1233	0	1239
16243	2	2	1225	14	0	1243
16244	1	5	1167	6	0	1179
16245	0	2	1190	5	0	1197
16246	2	2	1190	2	0	1196
16247	1	1143	19	0	0	1163
16248	1	11	6	1198	0	1216
16249	1	6	2	1229	0	1238
16250	3	5	1197	13	0	1218
16251	2	1	12	1189	0	1204
16252	1	3	1695	14	0	1713
16253	2	0	15	1646	0	1663
16254	1	3	4	1720	0	1728
16255	1	1904	4	14	0	1923
16256	2	10	0	1998	0	2010
16257	3	2	4	1944	0	1953
16258	0	5	2	1974	0	1981
16259	6	3	1918	15	0	1942
16260	0	1853	15	8	0	1876
16261	1964	11	3	5	0	1983
16262	1942	5	4	4	0	1955
16263	12	5	0	1931	0	1948
16264	8	0	2	1915	0	1925
16265	4	1899	5	14	0	1922
16266	1969	9	4	6	0	1988
16267	11	1912	7	8	0	1938
16268	1938	13	2	1	0	1954
16269	12	3	1896	2	0	1913
16270	1758	4	10	5	0	1777
16271	13	1859	5	3	0	1880
16272	2	10	3	1943	0	1958
16273	2	1	5	2133	0	2141
16274	1	2078	7	16	0	2102
16275	2173	16	0	6	0	2195
16276	16	3	3	2144	0	2166
16277	3	4	2	2019	0	2028
16278	2202	0	4	17	0	2223
16279	2172	1	2	8	0	2183
16280	28	3	2125	5	0	2161
16281	2155	3	26	2	0	2186
16282	30	1	7	2212	0	2250
16283	12	5	2152	27	0	2196
16284	7	0	24	2178	0	2209
16285	4	2	2144	31	0	2181
16286	5	11	2126	12	0	2154
16287	3	0	36	2158	0	2197
16288	4	9	2137	28	0	2178
16289	2	2097	31	18	0	2148
16290	4	25	18	2132	0	2179
16291	2	7	10	2220	0	2239
16292	1	8	2112	34	0	2155
16293	3	2079	36	18	0	2136
16294	2141	28	11	13	0	2193
16295	28	11	7	2195	0	2241
16296	2182	9	3	35	0	2229
16297	31	1881	9	22	0	1943
16298	16	45	1875	8	0	1944
16299	7	13	45	2190	0	2255
16300	2187	8	12	50	0	2257
16301	49	7	2109	17	0	2182
16302	2096	7	44	14	0	2161
16303	52	2072	24	9	0	2157
16304	14	2153	16	12	0	2195
16305	2188	52	11	10	0	2261
16306	47	17	9	2638	0	2711
16307	19	7	13	2680	0	2719
16308	10	2573	14	57	0	2654
16309	17	54	4	2689	0	2764
16310	6	21	8	2719	0	2754
16311	2667	11	3	71	0	2752
16312	51	9	6	2697	0	2763
16313	15	15	2608	67	0	2705
16314	17	7	45	2646	0	2715
16315	5	7	14	2724	0	2750
16316	9	5	2980	84	0	3078
16317	8	446	48	2564	0	3066
16318	3048	5	19	72	0	3144
16319	2942	3	18	39	0	3002
16320	3044	9	10	30	0	3093
16321	65	5	13	3083	0	3166
16322	25	13	2968	60	0	3066
16323	16	2914	58	34	0	3022
16324	18	45	13	3092	0	3168
16325	25	23	3008	55	0	3111
16326	17	8	43	2946	0	3014
16327	21	9	15	3103	0	3148
16328	3054	13	17	68	0	3152
16329	57	2969	12	38	0	3076
16330	24	54	2941	34	0	3053
16331	2812	15	55	28	0	2910
16332	49	2708	26	28	0	2811
16333	16	2636	11	22	0	2685
16334	2684	48	12	15	0	2759
16335	43	18	6	2697	0	2764
16336	27	14	3338	48	0	3427
16337	16	8	65	3383	0	3472
16338	10	3332	24	79	0	3445
16339	3474	77	13	23	0	3587
16340	81	19	10	3475	0	3585
16341	3473	16	16	87	0	3592
16342	82	13	18	3380	0	3493
16343	26	4263	15	76	0	4380
16344	4688	75	10	35	0	4808
16345	4671	18	8	20	0	4717
16346	108	4548	16	31	0	4703
16347	4725	97	4	22	0	4848
16348	118	32	7	4670	0	4827
16349	41	4525	12	100	0	4678
16350	4767	99	8	29	0	4903
16351	110	4556	14	25	0	4705
16352	4282	108	5	22	0	4417
16353	112	38	13	4232	0	4395
16354	4729	23	5	106	0	4863
16355	4502	22	8	35	0	4567
16356	4465	14	13	21	0	4513
16357	129	17	3	4412	0	4561
16358	55	25	6	4486	0	4572
16359	4488	10	5	121	0	4624
16360	113	29	4268	53	0	4463
16361	62	11	73	4342	0	4488
16362	29	4417	30	123	0	4599
16363	28	98	8	4628	0	4762
16364	32	27	8	4677	0	4744
16365	32	18	4474	137	0	4661
16366	26	22	84	4573	0	4705
16367	22	5053	34	131	0	5240
16368	27	122	11	5413	0	5573
16369	18	58	5440	147	0	5663
16370	31	24	133	5417	0	5605
16371	18	30	43	5771	0	5862
16372	5545	15	20	202	0	5782
16373	5279	17	14	84	0	5394
16374	175	17	15	5292	0	5499
16375	76	5073	19	165	0	5333
16376	49	5280	17	61	0	5407
16377	46	159	5126	52	0	5383
16378	32	260	129	4876	0	5297
16379	4967	26	34	147	0	5174
16380	134	17	22	4986	0	5159
16381	50	23	4853	159	0	5085
16382	30	25	125	4872	0	5052
16383	27	13	40	4952	0	5032
16384	31	23	21	5074	0	5149
16385	25	23	4741	185	0	4974
16386	22	4672	122	90	0	4906
16387	4927	121	38	59	0	5145
16388	4943	48	21	51	0	5063
16389	168	29	17	4905	0	5119
16390	72	30	4751	144	0	4997
16391	42	4664	128	70	0	4904
16392	36	134	38	4663	0	4871
16393	31	4654	42	134	0	4861
16394	28	4891	30	62	0	5011
16395	4868	177	17	37	0	5099
16396	147	73	4815	34	0	5069
16397	52	48	5118	27	0	5245
16398	39	20	131	5041	0	5231
16399	31	11	45	5124	0	5211
16400	34	16	4955	145	0	5150
16401	37	12	114	4853	0	5016
16402	20	20	4962	147	0	5149
16403	4525	13	113	81	0	4732
16404	120	11	40	5033	0	5204
16405	50	25	4948	123	0	5146
16406	31	20	114	4393	0	4558
16407	31	5481	56	129	0	5697
16408	5879	114	17	59	0	6069
16409	114	6258	37	54	0	6463
16410	6665	112	22	35	0	6834
16411	122	56	6401	39	0	6618
16412	6383	27	106	31	0	6547
16413	136	28	34	6569	0	6767
16414	53	29	6505	130	0	6717
16415	40	17	114	6494	0	6665
16416	17	28	6132	144	0	6321
16417	5654	12	125	75	0	5866
16418	127	6351	57	56	0	6591
16419	61	108	27	6488	0	6684
16420	23	6414	31	128	0	6596
16421	6678	127	15	43	0	6863
16422	6648	51	24	38	0	6761
16423	141	6412	28	42	0	6623
16424	57	116	10	6653	0	6836
16425	46	43	23	6739	0	6851
16426	34	27	13	6655	0	6729
16427	6708	22	18	168	0	6916
16428	112	6359	35	95	0	6601
16429	38	118	10	6719	0	6885
16430	24	45	28	6786	0	6883
16431	6669	26	32	168	0	6895
16432	133	40	6363	70	0	6606
16433	59	28	6104	62	0	6253
16434	6302	12	137	58	0	6509
16435	142	19	6509	50	0	6720
16436	54	9	5675	25	0	5763
16437	24	23	112	5570	0	5729
16438	5860	10	49	97	0	6016
16439	81	12	36	5785	0	5914
16440	43	16	5714	100	0	5873
16441	5337	10	83	55	0	5485
16442	99	20	5615	30	0	5764
16443	53	5117	101	34	0	5305
16444	11	50	23	5478	0	5562
16445	5481	18	17	61	0	5577
16446	58	15	10	5412	0	5495
16447	22	11	20	5461	0	5514
16448	5499	8	10	82	0	5599
16449	68	4	7	5434	0	5513
16450	27	11	9	5466	0	5513
16451	18	7	5375	80	0	5480
16452	12	10	58	5387	0	5467
16453	5462	10	21	72	0	5565
16454	4981	5	17	37	0	5040
16455	5071	11	9	20	0	5111
16456	77	12	11	4970	0	5070
16457	40	4813	15	57	0	4925
16458	5063	59	5	25	0	5152
16459	60	4908	11	29	0	5008
16460	5043	65	11	12	0	5131
16461	66	26	7	5013	0	5112
16462	4870	12	14	62	0	4958
16463	4851	8	7	33	0	4899
16464	4821	11	12	21	0	4865
16465	85	4636	17	24	0	4762
16466	25	4520	19	22	0	4586
16467	4104	22	2	3	0	4131
16468	21	3970	12	2	0	4005
16469	1	3677	3	2	0	3683
16470	0	3688	4	2	0	3694
16471	3814	1	0	1	0	3816
16472	0	3	0	3695	0	3698
16473	1	0	0	3720	0	3721
16474	3785	0	1	1	0	3787
16475	2	5	3696	1	0	3704
16476	3	1	2	4071	0	4077
16477	2	1	2	4112	0	4117
16478	2	1	0	4476	0	4479
16479	2	1	0	4981	0	4984
16480	0	4772	11	101	0	4884
16481	0	7571	8	41	0	7620
16482	7665	280	7	17	0	7969
16483	273	88	0	7723	0	8084
16484	81	52	0	8088	0	8221
16485	53	46	7547	366	0	8012
16486	35	25	266	7807	0	8133
16487	26	28	7914	369	0	8337
16488	14	3	316	8488	0	8821
16489	5	18	8316	369	0	8708
16490	6	7966	368	145	0	8485
16491	7	266	122	8955	0	9350
16492	8838	83	67	346	0	9334
16493	8931	51	50	130	0	9162
16494	369	40	19	8907	0	9335
16495	143	43	9430	345	0	9961
16496	96	38	9405	132	0	9671
16497	8606	12	374	88	0	9080
16498	319	8686	152	66	0	9223
16499	9257	290	106	62	0	9715
16500	9397	196	66	91	0	9750
16501	520	195	9639	83	0	10437
16502	300	55	339	9628	0	10322
16503	116	35	114	10391	0	10656
16504	72	22	213	10465	0	10772
16505	64	19	197	10391	0	10671
16506	33	18	184	10439	0	10674
16507	30	60	8698	641	0	9429
16508	43	41	8702	406	0	9192
16509	72	113	505	8104	0	8794
16510	79	145	166	8484	0	8874
16511	148	12	122	8703	0	8985
16512	8383	9	122	495	0	9009
16513	458	27	101	8432	0	9018
16514	8299	17	150	583	0	9049
16515	399	49	263	8794	0	9505
16516	8833	25	178	427	0	9463
16517	9066	116	38	212	0	9432
16518	8600	134	77	157	0	8968
16519	8716	16	53	167	0	8952
16520	8660	3	137	161	0	8961
16521	514	14	165	8377	0	9070
16522	8633	27	31	649	0	9340
16523	455	8519	47	455	0	9476
16524	8865	337	83	383	0	9668
16525	473	95	78	9175	0	9821
16526	196	72	8695	654	0	9617
16527	129	50	591	8937	0	9707
16528	126	56	8846	625	0	9653
16529	136	24	392	9039	0	9591
16530	93	19	192	9471	0	9775
16531	224	32	8660	700	0	9616
16532	232	60	8704	404	0	9400
16533	237	46	433	8966	0	9682
16534	8988	17	183	602	0	9790
16535	617	29	8425	363	0	9434
16536	470	8679	426	185	0	9760
16537	411	323	9126	167	0	10027
16538	9424	96	452	171	0	10143
16539	707	86	199	9374	0	10366
16540	9665	110	127	499	0	10401
16541	9811	90	93	322	0	10316
16542	688	128	100	9480	0	10396
16543	377	145	8649	473	0	9644
16544	291	18	394	8906	0	9609
16545	130	22	273	9301	0	9726
16546	8582	21	248	744	0	9595
16547	388	8309	207	529	0	9433
16548	172	313	261	8978	0	9724
16549	128	123	8390	739	0	9380
16550	8191	71	522	411	0	9195
16551	451	8364	430	208	0	9453
16552	178	345	266	8841	0	9630
16553	242	150	81	9116	0	9589
16554	276	80	215	9142	0	9713
16555	8714	162	208	570	0	9654
16556	8918	173	153	379	0	9623
16557	652	34	187	8827	0	9700
16558	426	28	8314	614	0	9382
16559	329	8259	338	380	0	9306
16560	8882	328	160	193	0	9563
16561	9060	107	86	275	0	9528
16562	541	76	144	8763	0	9524
16563	304	63	170	9056	0	9593
16564	209	107	8587	763	0	9666
16565	301	8630	354	428	0	9713
16566	9048	495	160	209	0	9912
16567	9020	270	105	282	0	9677
16568	492	8718	177	328	0	9715
16569	9229	401	232	168	0	10030
16570	636	263	74	9018	0	9991
16571	253	219	8662	651	0	9785
16572	204	59	394	9163	0	9820
16573	190	59	8637	654	0	9540
16574	8618	55	448	435	0	9556
16575	659	8540	231	208	0	9638
16576	318	379	102	8665	0	9464
16577	200	145	8232	571	0	9148
16578	160	225	7987	169	0	8541
16579	7230	223	389	137	0	7979
16580	584	7225	201	207	0	8217
16581	4728	73	14	22	0	4837
16582	4698	25	29	14	0	4766
16583	4689	15	13	31	0	4748
16584	101	15	18	4628	0	4762
16585	47	24	4580	84	0	4735
16586	34	4739	85	44	0	4902
16587	34	66	28	4807	0	4935
16588	31	23	4310	87	0	4451
16589	19	18	4169	48	0	4254
16590	25	10	92	4322	0	4449
16591	11	10	3888	71	0	3980
16592	3477	8	63	31	0	3579
16593	66	11	26	4069	0	4172
16594	25	12	16	4166	0	4219
16595	3464	11	10	79	0	3564
16596	71	3278	20	22	0	3391
16597	3483	56	9	11	0	3559
16598	70	21	9	3430	0	3530
16599	32	8	8	3467	0	3515
16600	23	8	7	3496	0	3534
16601	18	5	9	2689	0	2721
16602	2603	7	14	83	0	2707
16603	68	13	2527	32	0	2640
16604	22	2491	54	29	0	2596
16605	14	64	32	2631	0	2741
16606	2569	21	14	69	0	2673
16607	2639	8	13	33	0	2693
16608	79	2526	19	23	0	2647
16609	2600	65	10	19	0	2694
16610	63	2540	5	28	0	2636
16611	31	2577	12	19	0	2639
16612	21	74	8	2633	0	2736
16613	24	26	2551	72	0	2673
16614	18	15	57	2571	0	2661
16615	2215	14	14	76	0	2319
16616	72	2162	10	29	0	2273
16617	24	63	8	2236	0	2331
16618	18	18	2644	82	0	2762
16619	2925	11	62	34	0	3032
16620	3069	11	25	15	0	3120
16621	3096	14	9	23	0	3142
16622	91	11	2522	10	0	2634
16623	2250	5	46	8	0	2309
16624	59	2238	12	4	0	2313
16625	18	50	4	2273	0	2345
16626	5	2267	6	53	0	2331
16627	2337	50	7	13	0	2407
16628	2263	16	2	11	0	2292
16629	59	11	2579	7	0	2656
16630	22	2576	58	13	0	2669
16631	10	48	19	2719	0	2796
16632	15	10	6	2758	0	2789
16633	14	10	8	2701	0	2733
16634	9	6	5	2661	0	2681
16635	9	7	6	2736	0	2758
16636	12	7	2066	67	0	2152
16637	21	2050	43	14	0	2128
16638	2117	54	12	6	0	2189
16639	70	14	2073	5	0	2162
16640	20	2680	56	12	0	2768
16641	2811	59	9	10	0	2889
16642	63	25	2679	17	0	2784
16643	2704	12	48	17	0	2781
16644	2752	18	14	13	0	2797
16645	2689	12	11	13	0	2725
16646	83	2703	15	11	0	2812
16647	29	56	2656	9	0	2750
16648	25	2696	51	14	0	2786
16649	23	64	19	2476	0	2582
16650	14	2695	21	48	0	2778
16651	2770	71	3	23	0	2867
16652	2796	21	9	16	0	2842
16653	2767	17	11	11	0	2806
16654	76	14	2681	17	0	2788
16655	42	2964	59	10	0	3075
16656	34	82	22	3911	0	4049
16657	3930	27	15	95	0	4067
16658	102	3829	23	29	0	3983
16659	35	110	7	3990	0	4142
16660	24	45	4518	100	0	4687
16661	4601	17	120	33	0	4771
16662	149	24	4964	16	0	5153
16663	73	17	5013	17	0	5120
16664	4592	8	160	13	0	4773
16665	145	20	4640	5	0	4810
16666	4646	9	154	4	0	4813
16667	148	4583	73	8	0	4812
16668	4707	121	50	13	0	4891
16669	158	60	25	4599	0	4842
16670	68	25	31	4760	0	4884
16671	59	18	22	4867	0	4966
16672	4848	13	29	187	0	5077
16673	4780	4	32	81	0	4897
16674	4834	21	22	44	0	4921
16675	204	4641	31	28	0	4904
16676	92	133	23	4842	0	5090
16677	57	64	4596	152	0	4869
16678	44	35	124	4707	0	4910
16679	40	4623	72	166	0	4901
16680	53	141	32	4759	0	4985
16681	45	53	31	4922	0	5051
16682	4820	37	29	189	0	5075
16683	165	23	19	4915	0	5122
16684	65	24	4695	182	0	4966
16685	67	25	4644	92	0	4828
16686	46	36	157	4997	0	5236
16687	4927	18	81	171	0	5197
16688	149	27	44	4874	0	5094
16689	81	19	32	5886	0	6018
16690	54	22	5515	225	0	5816
16691	48	5401	142	120	0	5711
16692	41	130	69	5780	0	6020
16693	5501	57	47	172	0	5777
16694	156	5381	46	96	0	5679
16695	84	143	32	5586	0	5845
16696	59	78	5463	176	0	5776
16697	36	37	150	5604	0	5827
16698	5407	46	74	189	0	5716
16699	139	5353	63	123	0	5678
16700	97	150	5421	86	0	5754
16701	74	75	140	5427	0	5716
16702	48	42	5544	206	0	5840
16703	5478	30	191	101	0	5800
16704	5662	34	89	84	0	5869
16705	205	31	5458	67	0	5761
16706	119	35	155	5531	0	5840
16707	78	39	5468	175	0	5760
16708	57	5427	186	119	0	5789
16709	43	142	108	5648	0	5941
16710	53	81	5506	193	0	5833
16711	66	47	165	5302	0	5580
16712	50	5449	104	181	0	5784
16713	48	163	67	5694	0	5972
16714	55	72	5491	207	0	5825
16715	5341	54	181	103	0	5679
16716	168	5429	103	93	0	5793
16717	5690	165	87	69	0	6011
16718	198	82	5067	81	0	5428
16719	4750	54	162	66	0	5032
16720	181	47	4716	88	0	5032
16721	4739	41	185	61	0	5026
16722	4954	35	83	60	0	5132
16723	202	30	74	4805	0	5111
16724	133	32	60	4936	0	5161
16725	4858	37	57	207	0	5159
16726	164	4862	66	128	0	5220
16727	5506	143	70	82	0	5801
16728	198	71	56	5289	0	5614
16729	116	4819	68	164	0	5167
16730	91	150	40	5139	0	5420
16731	67	82	52	5581	0	5782
16732	69	44	54	5471	0	5638
16733	58	5263	55	250	0	5626
16734	5468	160	46	127	0	5801
16735	182	75	39	5564	0	5860
16736	112	64	5270	216	0	5662
16737	76	66	5118	137	0	5397
16738	71	50	5204	122	0	5447
16739	5342	31	235	90	0	5698
16740	4801	36	84	76	0	4997
16741	216	44	4635	50	0	4945
16742	103	31	140	4547	0	4821
16743	64	29	79	4806	0	4978
16744	41	28	4876	220	0	5165
16745	31	43	5272	115	0	5461
16746	42	30	193	5406	0	5671
16747	5486	23	89	179	0	5777
16748	5436	30	59	96	0	5621
16749	5422	25	47	83	0	5577
16750	192	5150	57	75	0	5474
16751	95	5351	53	68	0	5567
16752	65	163	56	5525	0	5809
16753	5472	77	42	177	0	5768
16754	171	50	5410	87	0	5718
16755	4856	33	115	80	0	5084
16756	126	4127	44	40	0	4337
16757	59	4224	47	37	0	4367
16758	3930	138	24	33	0	4125
16759	101	4219	35	36	0	4391
16760	22	3488	15	13	0	3538
16761	3284	72	352	16	0	3724
16762	21	3078	11	3	0	3113
16763	5	19	1	3192	0	3217
16764	4	7	1	3220	0	3232
16765	3226	4	1	24	0	3255
16766	3170	3	2	8	0	3183
16767	25	3007	10	3	0	3045
16768	6	3009	9	5	0	3029
16769	4	26	3084	3	0	3117
16770	3848	3	19	4	0	3874
16771	4075	2	6	2	0	4085
16772	4033	1	3	5	0	4042
16773	78	3	2	3959	0	4042
16774	17	1	3	4061	0	4082
16775	4032	0	2	77	0	4111
16776	66	2	2	3983	0	4053
16777	23	8	4435	70	0	4536
16778	13	4	57	4567	0	4641
16779	7	4590	20	72	0	4689
16780	5	65	6	4751	0	4827
16781	3	17	6	4729	0	4755
16782	7	6	4	4805	0	4822
16783	4668	1	3	96	0	4768
16784	71	4653	20	32	0	4776
16785	17	70	4	4907	0	4998
16786	9	23	4360	84	0	4476
16787	12	18	4160	24	0	4214
16788	6	5	89	4252	0	4352
16789	9	2	27	3833	0	3871
16790	3809	4	7	102	0	3922
16791	84	6	1	3705	0	3796
16792	23	3615	9	89	0	3736
16793	14	74	3594	27	0	3709
16794	8	17	77	3745	0	3847
16795	12	12	3691	88	0	3803
16796	6	6	71	3751	0	3834
16797	3759	7	24	97	0	3887
16798	3778	6	9	36	0	3829
16799	89	3619	15	17	0	3740
16800	30	79	2	3725	0	3836
16801	4068	23	3	87	0	4181
16802	4022	8	7	26	0	4063
16803	4051	4	8	24	0	4087
16804	4028	6	7	13	0	4054
16805	4053	2	9	11	0	4075
16806	109	3795	15	21	0	3940
16807	4039	71	8	15	0	4133
16808	100	25	3815	15	0	3955
16809	38	6	74	3919	0	4037
16810	4030	4	27	88	0	4149
16811	4024	6	8	37	0	4075
16812	4047	5	9	30	0	4091
16813	119	6	3823	22	0	3970
16814	44	10	73	3897	0	4024
16815	3969	2	26	94	0	4091
16816	88	3976	17	41	0	4122
16817	4240	90	12	20	0	4362
16818	4298	29	5	22	0	4354
16819	4276	13	7	18	0	4314
16820	127	9	10	4154	0	4300
16821	4264	6	4	114	0	4388
16822	111	18	4785	44	0	4958
16823	45	22	4953	24	0	5044
16824	5098	13	107	24	0	5242
16825	103	19	5148	15	0	5285
16826	4804	8	84	20	0	4916
16827	96	11	5106	13	0	5226
16828	40	9	77	5054	0	5180
16829	5193	2	30	94	0	5319
16830	95	4978	21	44	0	5138
16831	4762	72	10	21	0	4865
16832	84	4603	16	15	0	4718
16833	33	6304	22	16	0	6375
16834	16	82	14	6616	0	6728
16835	19	25	12	6610	0	6666
16836	22	9	4	6638	0	6673
16837	28	18	6641	100	0	6787
16838	6482	13	67	44	0	6606
16839	6977	12	25	24	0	7038
16840	6947	7	15	21	0	6990
16841	6978	8	14	15	0	7015
16842	6901	4	25	22	0	6952
16843	126	15	6516	17	0	6674
16844	53	11	6408	17	0	6489
16845	36	11	93	6043	0	6183
16846	30	9	6129	85	0	6253
16847	6259	16	85	37	0	6397
16848	118	6552	36	36	0	6742
16849	50	100	16	7625	0	7791
16850	7585	40	15	124	0	7764
16851	148	16	10	7458	0	7632
16852	75	25	7504	126	0	7730
16853	36	15	7722	72	0	7845
16854	25	13	168	7766	0	7972
16855	27	12	7710	139	0	7888
16856	7535	11	137	68	0	7751
16857	140	8	64	7837	0	8049
16858	87	9	7746	138	0	7980
16859	39	7493	134	77	0	7743
16860	31	115	65	7809	0	8020
16861	28	58	7705	137	0	7928
16862	24	10	130	7808	0	7972
16863	25	18	73	8450	0	8566
16864	34	24	8272	208	0	8538
16865	35	11	145	8319	0	8510
16866	30	13	69	8291	0	8403
16867	31	14	26	9265	0	9336
16868	8954	10	26	215	0	9205
16869	155	8705	35	109	0	9004
16870	45	8040	28	34	0	8147
16871	28	134	7995	26	0	8183
16872	7588	54	88	15	0	7745
16873	97	28	7954	27	0	8106
16874	55	25	7858	20	0	7958
16875	22	178	137	7755	0	8092
16876	8065	11	82	103	0	8261
16877	93	7404	35	92	0	7624
16878	7460	83	21	62	0	7626
16879	7332	59	35	33	0	7459
16880	138	7228	19	53	0	7438
16881	7475	105	44	33	0	7657
16882	7328	57	21	46	0	7452
16883	153	7248	45	39	0	7485
16884	74	106	27	7208	0	7415
16885	43	69	29	7350	0	7491
16886	7285	33	86	134	0	7538
16887	109	7087	27	196	0	7419
16888	7729	92	130	98	0	8049
16889	7717	60	52	176	0	8005
16890	7779	28	42	200	0	8049
16891	226	69	80	7648	0	8023
16892	172	101	20	7887	0	8180
16893	7737	110	135	276	0	8258
16894	7617	136	67	246	0	8066
16895	7736	88	164	188	0	8176
16896	310	68	86	8251	0	8715
16897	206	110	7965	285	0	8566
16898	194	124	286	7995	0	8599
16899	159	202	98	9233	0	9692
16900	191	125	9193	259	0	9768
16901	215	154	9022	157	0	9548
16902	191	96	361	9305	0	9953
16903	312	38	9168	291	0	9809
16904	9114	159	295	247	0	9815
16905	498	87	123	9326	0	10034
16906	360	121	45	9525	0	10051
16907	9442	224	43	373	0	10082
16908	473	124	45	10005	0	10647
16909	272	181	69	10069	0	10591
16910	357	135	62	10129	0	10683
16911	288	129	87	10221	0	10725
16912	304	132	9602	373	0	10411
16913	225	72	239	10099	0	10635
16914	205	110	9437	528	0	10280
16915	277	9490	241	362	0	10370
16916	262	281	85	9860	0	10488
16917	420	142	9263	306	0	10131
16918	9007	96	223	255	0	9581
16919	548	9287	149	185	0	10169
16920	9790	195	78	323	0	10386
16921	372	94	118	9547	0	10131
16922	260	9214	153	446	0	10073
16923	9487	199	98	392	0	10176
16924	402	9209	197	241	0	10049
16925	9502	238	195	268	0	10203
16926	351	114	165	9433	0	10063
16927	8897	89	246	430	0	9662
16928	391	8669	154	363	0	9577
16929	8853	227	174	336	0	9590
16930	313	115	8744	331	0	9503
16931	279	54	308	9042	0	9683
16932	8833	69	210	490	0	9602
16933	7486	36	99	404	0	8025
16934	420	73	129	7407	0	8029
16935	256	35	6961	602	0	7854
16936	164	6696	338	369	0	7567
16937	175	6873	125	387	0	7560
16938	6924	244	176	383	0	7727
16939	231	216	222	7023	0	7692
16940	187	87	126	7358	0	7758
16941	6927	107	297	449	0	7780
16942	7028	101	149	287	0	7565
16943	368	136	6748	281	0	7533
16944	286	169	293	6936	0	7684
16945	241	126	6644	475	0	7486
16946	170	7708	289	273	0	8440
16947	7009	213	145	199	0	7566
16948	285	6979	109	250	0	7623
16949	306	6783	45	176	0	7310
16950	208	260	75	6900	0	7443
16951	6847	208	70	298	0	7423
16952	312	6686	126	188	0	7312
16953	6421	324	88	160	0	6993
16954	381	6232	135	125	0	6873
16955	212	258	112	6500	0	7082
16956	6611	68	77	258	0	7014
16957	370	173	6546	141	0	7230
16958	260	137	177	6636	0	7210
16959	237	157	7288	233	0	7915
16960	213	6872	267	220	0	7572
16961	183	7347	89	204	0	7823
16962	7372	229	108	188	0	7897
16963	145	6452	37	87	0	6721
16964	7437	148	43	65	0	7693
16965	7396	63	37	66	0	7562
16966	171	66	7166	57	0	7460
16967	6446	41	138	53	0	6678
16968	165	64	6525	57	0	6811
16969	105	6455	145	54	0	6759
16970	6772	135	54	67	0	7028
16971	169	6543	62	71	0	6845
16972	95	146	32	6803	0	7076
16973	6824	53	35	170	0	7082
16974	164	60	37	6777	0	7038
16975	87	46	6712	186	0	7031
16976	57	54	125	6674	0	6910
16977	56	56	53	6945	0	7110
16978	6842	44	30	186	0	7102
16979	166	58	7112	95	0	7431
16980	7664	48	135	72	0	7919
16981	8004	34	49	72	0	8159
16982	237	44	49	7797	0	8127
16983	114	42	36	8020	0	8212
16984	7911	33	41	229	0	8214
16985	232	7564	44	74	0	7914
16986	97	194	15	7911	0	8217
16987	96	67	7690	210	0	8063
16988	60	61	7117	74	0	7312
16989	65	7181	144	58	0	7448
16990	58	172	43	7469	0	7742
16991	40	76	22	7661	0	7799
16992	7550	47	25	192	0	7814
16993	180	53	40	7487	0	7760
16994	7417	51	22	197	0	7687
16995	193	7170	46	79	0	7488
16996	59	6808	45	63	0	6975
16997	47	7575	42	55	0	7719
16998	7762	131	25	64	0	7982
16999	6499	19	272	33	0	6823
17000	95	6246	9	14	0	6364
17001	6234	53	2	11	0	6300
17002	67	5933	14	10	0	6024
17003	13	72	0	6136	0	6221
17004	7	5931	11	52	0	6001
17005	6231	66	0	9	0	6306
17006	6243	8	4	4	0	6259
17007	66	9	2	6163	0	6240
17008	5721	19	1	57	0	5798
17009	64	6	0	5646	0	5716
17010	8	5441	20	64	0	5533
17011	12	56	0	5673	0	5741
17012	11	5365	15	57	0	5448
17013	5691	54	3	15	0	5763
17014	74	18	5366	10	0	5468
17015	5368	6	47	19	0	5440
17016	65	14	3	5578	0	5660
17017	17	8	5408	74	0	5507
17018	5346	14	56	10	0	5426
17019	62	21	5451	18	0	5552
17020	12	12	56	5333	0	5413
17021	23	9	6	5550	0	5588
17022	12	7	14	4847	0	4880
17023	13	12	8	4810	0	4843
17024	15	4864	24	72	0	4975
17025	13	80	16	6016	0	6125
17026	5989	26	7	104	0	6126
17027	111	25	5720	37	0	5893
17028	34	5922	97	43	0	6096
17029	6283	105	18	28	0	6434
17030	6782	39	11	28	0	6860
17031	150	27	9	7372	0	7558
17032	67	48	7176	144	0	7435
17033	31	20	134	7269	0	7454
17034	32	25	55	7556	0	7668
17035	40	30	7091	210	0	7371
17036	34	8653	169	80	0	8936
17037	9574	239	56	51	0	9920
17038	9520	127	39	37	0	9723
17039	9719	94	25	50	0	9888
17040	471	67	24	9328	0	9890
17041	285	38	32	9803	0	10158
17042	10364	31	11	423	0	10829
17043	430	33	22	9769	0	10254
17044	230	10123	43	424	0	10820
17045	10778	290	17	232	0	11317
17046	10374	171	25	139	0	10709
17047	10707	96	18	121	0	10942
17048	10964	81	18	85	0	11148
17049	691	61	9610	78	0	10440
17050	422	70	9762	51	0	10305
17051	285	31	476	9530	0	10322
17052	215	36	253	10261	0	10765
17053	143	56	9681	537	0	10417
17054	133	46	9938	308	0	10425
17055	125	18	503	10121	0	10767
17056	10003	30	298	467	0	10798
17057	409	33	206	9856	0	10504
17058	267	52	9290	484	0	10093
17059	197	9390	412	308	0	10307
17060	9729	325	216	215	0	10485
17061	10345	173	155	176	0	10849
17062	10520	111	159	122	0	10912
17063	10748	85	116	122	0	11071
17064	731	60	9197	121	0	10109
17065	432	51	337	9630	0	10450
17066	10344	45	229	413	0	11031
17067	532	47	181	10304	0	11064
17068	344	47	143	10093	0	10627
17069	280	9914	90	614	0	10898
17070	246	346	75	10513	0	11180
17071	10162	193	85	582	0	11022
17072	480	10075	109	358	0	11022
17073	10178	442	81	240	0	10941
17074	569	10142	84	216	0	11011
17075	414	474	52	9606	0	10546
17076	302	9724	86	451	0	10563
17077	232	10337	99	325	0	10993
17078	10315	593	100	249	0	11257
17079	523	356	9331	205	0	10415
17080	344	252	8835	175	0	9606
17081	295	181	8795	155	0	9426
17082	8617	130	571	149	0	9467
17083	430	8703	393	155	0	9681
17084	352	9119	257	158	0	9886
17085	9270	497	179	166	0	10112
17086	492	9277	145	142	0	10056
17087	338	9816	119	155	0	10428
17088	278	594	92	9857	0	10821
17089	277	383	9558	381	0	10599
17090	237	308	9524	303	0	10372
17091	261	204	507	9725	0	10697
17092	9558	157	352	481	0	10548
17093	492	9470	281	342	0	10585
17094	369	391	189	9910	0	10859
17095	337	295	9419	500	0	10551
17096	286	271	8782	883	0	10222
17097	234	196	520	9184	0	10134
17098	9048	162	339	538	0	10087
17099	9362	159	274	363	0	10158
17100	720	154	8825	256	0	9955
17101	9231	133	466	257	0	10087
17102	691	147	9790	221	0	10849
17103	510	109	508	9335	0	10462
17104	392	9679	398	477	0	10946
17105	10523	394	313	320	0	11550
17106	537	317	256	10642	0	11752
17107	454	224	197	10752	0	11627
17108	406	158	220	11023	0	11807
17109	345	112	207	11213	0	11877
17110	324	130	10197	791	0	11442
17111	296	10152	489	558	0	11495
17112	270	387	384	10881	0	11922
17113	10484	310	262	605	0	11661
17114	564	199	238	10791	0	11792
17115	434	175	240	10964	0	11813
17116	316	179	10717	729	0	11941
17117	327	180	10399	555	0	11461
17118	343	10449	569	428	0	11789
17119	294	11020	382	390	0	12086
17120	251	549	324	11279	0	12403
17121	11112	413	254	601	0	12380
17122	478	324	10698	456	0	11956
17123	436	10908	447	342	0	12133
17124	357	434	253	10361	0	11405
17125	321	9807	182	430	0	10740
17126	211	463	210	9712	0	10596
17127	175	9893	171	523	0	10762
17128	176	460	106	9912	0	10654
17129	9429	331	119	512	0	10391
17130	351	8908	98	384	0	9741
17131	228	413	72	8559	0	9272
17132	8163	295	87	409	0	8954
17133	326	8093	99	326	0	8844
17134	277	8374	87	262	0	9000
17135	252	8846	136	173	0	9407
17136	361	193	35	6979	0	7568
17137	33	125	27	6875	0	7060
17138	30	6816	38	182	0	7066
17139	63	131	34	7021	0	7249
17140	75	117	7221	118	0	7531
17141	66	7177	145	89	0	7477
17142	6	48	22	6666	0	6742
17143	10	6958	25	45	0	7038
17144	20	137	6350	22	0	6529
17145	14	7088	97	21	0	7220
17146	7124	91	13	1	0	7229
17147	101	14	1	7197	0	7313
17148	5766	0	1430	108	0	7304
17149	111	28	6825	27	0	6991
17150	27	5	93	7123	0	7248
17151	18	9	7726	110	0	7863
17152	4	3	110	7742	0	7859
17153	8744	3	28	118	0	8893
17154	105	3	10	9367	0	9485
17155	9302	2	7	124	0	9435
17156	102	9180	22	41	0	9345
17157	9502	107	1	16	0	9626
17158	124	44	9619	12	0	9799
17159	30	9124	113	20	0	9287
17160	19	106	19	9587	0	9731
17161	8	31	6	9305	0	9350
17162	10	25	8910	129	0	9074
17163	4	8727	104	62	0	8897
17164	8	113	18	9065	0	9204
17165	2	8855	17	103	0	8977
17166	3	121	6	8564	0	8694
17167	1	8433	12	103	0	8549
17168	8593	118	3	28	0	8742
17169	108	33	4	8650	0	8795
17170	33	34	8367	113	0	8547
17171	11	8079	111	45	0	8246
17172	4	8623	34	23	0	8684
17173	28	145	8513	17	0	8703
17174	3	8505	117	17	0	8642
17175	7	114	24	8906	0	9051
17176	10	40	8716	111	0	8877
17177	1	14	110	8616	0	8741
17178	4	14	29	8933	0	8980
17179	2	19	8696	133	0	8850
17180	8154	9	112	45	0	8320
17181	105	6	32	8858	0	9001
17182	35	15	8625	122	0	8797
17183	12	8369	117	43	0	8541
17184	8863	105	31	24	0	9023
17185	112	8134	37	18	0	8301
17186	28	123	8	8582	0	8741
17187	8398	33	6	110	0	8547
17188	117	11	7	8343	0	8478
17189	37	20	8193	119	0	8369
17190	11	15	108	8160	0	8294
17191	15	15	8152	118	0	8300
17192	7961	6	120	37	0	8124
17193	113	18	8139	22	0	8292
17194	8224	1	120	17	0	8362
17195	8253	9	31	17	0	8310
17196	151	14	8272	10	0	8447
17197	44	21	7936	7	0	8008
17198	18	7829	153	19	0	8019
17199	8422	107	35	7	0	8571
17200	117	30	21	8243	0	8411
17201	38	18	15	8359	0	8430
17202	8354	11	9	142	0	8516
17203	8577	8	9	41	0	8635
17204	8625	10	11	17	0	8663
17205	8420	11	5	20	0	8456
17206	149	7	11	8034	0	8201
17207	8110	10	6	123	0	8249
17208	131	8	7	8226	0	8372
17209	43	6	11	8265	0	8325
17210	28	10	8	8409	0	8455
17211	16	24	8027	154	0	8221
17212	20	7634	119	54	0	7827
17213	11	7918	48	37	0	8014
17214	16	128	16	8265	0	8425
17215	8273	42	9	133	0	8457
17216	123	16	14	7679	0	7832
17217	7788	12	9	141	0	7950
17218	126	28	8317	46	0	8517
17219	8166	12	112	26	0	8316
17220	134	11	30	8410	0	8585
17221	8487	7	21	132	0	8647
17222	8450	13	10	46	0	8519
17223	8523	11	11	28	0	8573
17224	164	5	11	8390	0	8570
17225	51	19	8249	121	0	8440
17226	28	19	109	8534	0	8690
17227	9184	8	35	136	0	9363
17228	146	19	8944	47	0	9156
17229	49	17	135	8939	0	9140
17230	9372	15	40	153	0	9580
17231	155	18	9018	60	0	9251
17232	9829	9	144	29	0	10011
17233	10241	12	47	24	0	10324
17234	241	15	15	9576	0	9847
17235	84	13	13	9788	0	9898
17236	9393	8	19	262	0	9682
17237	217	14	16	10031	0	10278
17238	9834	14	11	283	0	10142
17239	250	9563	26	96	0	9935
17240	62	9258	17	62	0	9399
17241	32	267	10	9374	0	9683
17242	31	102	9272	244	0	9649
17243	23	9299	175	71	0	9568
17244	9161	163	49	56	0	9429
17245	155	8560	39	38	0	8792
17246	46	152	8661	10	0	8869
17247	24	57	124	8453	0	8658
17248	10	33	8751	144	0	8938
17249	10	8375	159	58	0	8602
17250	12	140	37	8779	0	8968
17251	10	7706	47	131	0	7894
17252	16	157	7987	36	0	8196
17253	6	45	145	7180	0	7376
17254	15	34	6806	166	0	7021
17255	13	23	152	6747	0	6935
17256	6729	21	49	154	0	6953
17257	142	24	6503	52	0	6721
17258	5955	19	144	38	0	6156
17259	153	13	6484	27	0	6677
17260	49	10	158	6415	0	6632
17261	37	19	6493	150	0	6699
17262	26	15	151	6472	0	6664
17263	29	12	53	6605	0	6699
17264	22	17	40	6604	0	6683
17265	16	11	27	6658	0	6712
17266	17	21	6957	212	0	7207
17267	6675	9	144	91	0	6919
17268	143	17	49	7289	0	7498
17269	7216	12	30	169	0	7427
17270	7223	16	26	68	0	7333
17271	7306	15	25	59	0	7405
17272	195	8	25	6933	0	7161
17273	77	19	26	6883	0	7005
17274	47	8125	29	168	0	8369
17275	9924	243	16	90	0	10273
17276	11394	94	28	58	0	11574
17277	11492	63	22	41	0	11618
17278	593	41	10841	41	0	11516
17279	262	33	384	11039	0	11718
17280	165	43	10735	414	0	11357
17281	10945	20	423	172	0	11560
17282	11318	14	196	100	0	11628
17283	549	18	111	11037	0	11715
17284	256	22	72	10629	0	10979
17285	147	10831	76	491	0	11545
17286	11172	389	38	236	0	11835
17287	11315	148	54	140	0	11657
17288	568	11182	51	122	0	11923
17289	11578	417	41	84	0	12120
17290	535	167	44	11927	0	12673
17291	268	93	40	12348	0	12749
17292	12286	77	38	558	0	12959
17293	507	60	11582	260	0	12409
17294	11703	34	361	174	0	12272
17295	11949	52	148	138	0	12287
17296	596	11420	111	106	0	12233
17297	12183	397	63	77	0	12720
17298	582	191	11431	67	0	12271
17299	320	101	372	11769	0	12562
17300	11969	77	162	441	0	12649
17301	541	55	109	12030	0	12735
17302	279	57	10685	509	0	11530
17303	164	35	419	10556	0	11174
17304	165	10716	198	504	0	11583
17305	131	369	135	11310	0	11945
17306	116	170	80	11766	0	12132
17307	118	91	67	11848	0	12124
17308	77	86	59	11859	0	12081
17309	92	87	10846	705	0	11730
17310	99	55	378	11534	0	12066
17311	11160	53	156	620	0	11989
17312	454	10864	118	323	0	11759
17313	212	402	77	12015	0	12706
17314	156	170	11507	546	0	12379
17315	119	103	410	12430	0	13062
17316	12321	88	188	573	0	13170
17317	12406	62	107	323	0	12898
17318	11693	37	98	194	0	12022
17319	697	51	88	11549	0	12385
17320	388	51	11065	527	0	12031
17321	280	11132	438	252	0	12102
17322	11650	404	188	205	0	12447
17323	568	165	146	11511	0	12390
17324	302	102	123	11902	0	12429
17325	490	85	10917	667	0	12159
17326	205	10726	435	361	0	11727
17327	175	10837	194	262	0	11468
17328	171	512	130	10756	0	11569
17329	182	257	10364	524	0	11327
17330	10224	168	431	278	0	11101
17331	512	168	10126	233	0	11039
17332	9202	84	389	188	0	9863
17333	467	9408	212	191	0	10278
17334	309	360	9492	155	0	10316
17335	9300	172	405	140	0	10017
17336	464	9487	229	176	0	10356
17337	9562	348	116	119	0	10145
17338	451	187	9046	104	0	9788
17339	289	9099	332	94	0	9814
17340	9600	342	152	107	0	10201
17341	465	172	9127	86	0	9850
17342	9160	136	321	108	0	9725
17343	463	100	195	8688	0	9446
17344	8908	68	145	363	0	9484
17345	453	82	131	8777	0	9443
17346	8537	83	90	413	0	9123
17347	469	67	8227	284	0	9047
17348	241	77	317	8493	0	9128
17349	186	75	152	8865	0	9278
17350	143	95	8708	517	0	9463
17351	119	74	341	8876	0	9410
17352	121	8490	239	461	0	9311
17353	108	445	113	9835	0	10501
17354	117	151	113	10174	0	10555
17355	103	105	104	11669	0	11981
17356	109	111	10635	795	0	11650
17357	11111	80	526	377	0	12094
17358	603	74	186	12287	0	13150
17359	269	72	11691	720	0	12752
17360	12208	49	573	349	0	13179
17361	12815	61	241	230	0	13347
17362	13035	85	157	198	0	13475
17363	847	65	125	12394	0	13431
17364	408	81	98	13753	0	14340
17365	276	59	78	13676	0	14089
17366	213	12986	132	847	0	14178
17367	13166	597	80	456	0	14299
17368	13650	226	116	324	0	14316
17369	851	143	78	13490	0	14562
17370	402	136	12869	797	0	14204
17371	289	130	13010	368	0	13797
17372	244	12380	821	285	0	13730
17373	213	13819	377	263	0	14672
17374	10853	790	539	390	0	12572
17375	463	11455	102	105	0	12125
17376	10706	361	39	71	0	11177
17377	10796	115	32	87	0	11030
17378	10840	70	35	71	0	11016
17379	521	51	33	10371	0	10976
17380	207	45	34	11175	0	11461
17381	11836	36	30	499	0	12401
17382	444	46	37	11845	0	12372
17383	182	57	11455	455	0	12149
17384	11612	54	363	183	0	12212
17385	432	66	106	12026	0	12630
17386	205	55	52	12271	0	12583
17387	132	60	51	12650	0	12893
17388	123	71	11581	531	0	12306
17389	11086	58	377	211	0	11732
17390	475	58	11197	119	0	11849
17391	195	44	403	11260	0	11902
17392	132	59	11252	450	0	11893
17393	151	42	411	11111	0	11715
17394	118	51	122	11562	0	11853
17395	131	60	11693	547	0	12431
17396	140	41	382	11400	0	11963
17397	125	11829	158	442	0	12554
17398	12167	356	73	227	0	12823
17399	12094	107	75	188	0	12464
17400	521	49	84	12220	0	12874
17401	211	44	12565	498	0	13318
17402	124	11971	430	237	0	12762
17403	113	12813	158	182	0	13266
17404	12715	449	117	144	0	13425
17405	432	142	12320	155	0	13049
17406	12205	73	411	144	0	12833
17407	449	54	176	12457	0	13136
17408	175	47	112	12817	0	13151
17409	12336	54	101	543	0	13034
17410	424	12153	98	260	0	12935
17411	201	382	12111	164	0	12858
17412	123	138	408	11725	0	12394
17413	126	88	11600	503	0	12317
17414	120	11428	457	213	0	12218
17415	107	412	158	11611	0	12288
17416	11494	153	112	484	0	12243
17417	11628	89	95	223	0	12035
17418	577	75	11117	152	0	11921
17419	236	11080	420	151	0	11887
17420	11409	403	163	145	0	12120
17421	499	11291	123	137	0	12050
17422	228	456	93	11541	0	12318
17423	11555	170	106	462	0	12293
17424	481	115	82	11616	0	12294
17425	237	97	11295	519	0	12148
17426	178	96	415	11508	0	12197
17427	154	105	11273	536	0	12068
17428	157	80	439	11422	0	12098
17429	11913	81	174	536	0	12704
17430	479	11659	162	232	0	12532
17431	12064	445	111	182	0	12802
17432	506	186	109	12058	0	12859
17433	230	145	90	12897	0	13362
17434	176	147	12385	602	0	13310
17435	174	130	12637	249	0	13190
17436	170	12504	558	215	0	13447
17437	173	508	12402	157	0	13240
17438	11411	186	534	167	0	12298
17439	527	12103	220	168	0	13018
17440	234	12667	147	164	0	13212
17441	180	12914	109	175	0	13378
17442	159	613	102	12565	0	13439
17443	151	245	12415	587	0	13398
17444	127	12357	509	281	0	13274
17445	145	514	173	11890	0	12722
17446	107	12468	154	502	0	13231
17447	12744	498	140	244	0	13626
17448	13059	190	120	182	0	13551
17449	604	137	136	12664	0	13541
17450	236	119	114	12747	0	13216
17451	11807	109	132	662	0	12710
17452	332	11500	113	266	0	12211
17453	186	11626	103	174	0	12089
17454	103	659	97	11130	0	11989
17455	85	177	10479	333	0	11074
17456	64	10697	291	180	0	11232
17457	10074	228	76	83	0	10461
17458	190	9571	64	59	0	9884
17459	83	9694	46	65	0	9888
17460	9990	215	28	32	0	10265
17461	171	9887	36	44	0	10138
17462	84	213	9357	48	0	9702
17463	38	9750	176	48	0	10012
17464	8658	109	26	16	0	8809
17465	86	7811	18	11	0	7926
17466	8028	99	11	11	0	8149
17467	98	37	5	7834	0	7974
17468	26	18	12	8075	0	8131
17469	28	40	8962	107	0	9137
17470	9	8776	109	40	0	8934
17471	12	90	22	9982	0	10106
17472	9875	29	19	123	0	10046
17473	9855	22	12	41	0	9930
17474	148	9342	20	182	0	9692
17475	53	125	15	8809	0	9002
17476	8838	46	9	132	0	9025
17477	8835	36	9	48	0	8928
17478	153	31	8419	35	0	8638
17479	58	51	7824	20	0	7953
17480	41	44	8153	20	0	8258
17481	26	7313	154	21	0	7514
17482	7510	124	55	16	0	7705
17483	126	7306	42	21	0	7495
17484	7551	148	23	19	0	7741
17485	133	7904	26	32	0	8095
17486	44	147	9	8156	0	8356
17487	8182	59	12	123	0	8376
17488	138	49	7914	47	0	8148
17489	7831	37	116	31	0	8015
17490	8186	26	48	29	0	8289
17491	160	8708	46	25	0	8939
17492	66	8979	35	21	0	9101
17493	9327	154	16	16	0	9513
17494	149	82	8894	27	0	9152
17495	8381	44	115	31	0	8571
17496	8343	52	38	22	0	8455
17497	164	41	28	8236	0	8469
17498	8378	37	23	124	0	8562
17499	154	30	18	8269	0	8471
17500	73	27	20	8332	0	8452
17501	60	34	8	7642	0	7744
17502	44	7266	27	176	0	7513
17503	7637	136	24	70	0	7867
17504	7725	56	24	39	0	7844
17505	157	57	25	7602	0	7841
17506	78	43	15	7531	0	7667
17507	62	7321	20	146	0	7549
17508	7664	133	17	55	0	7869
17509	154	71	7378	46	0	7649
17510	64	46	114	7569	0	7793
17511	68	43	7395	143	0	7649
17512	49	45	133	7560	0	7787
17513	45	36	7536	156	0	7773
17514	52	31	138	7389	0	7610
17515	8410	31	54	153	0	8648
17516	140	49	8117	60	0	8366
17517	8012	29	120	43	0	8204
17518	161	8418	72	35	0	8686
17519	73	144	38	8913	0	9168
17520	71	62	24	9046	0	9203
17521	9003	37	19	164	0	9223
17522	152	33	24	9355	0	9564
17523	72	46	9489	163	0	9770
17524	9221	27	116	90	0	9454
17525	9759	21	42	63	0	9885
17526	9761	30	40	41	0	9872
17527	9820	36	25	32	0	9913
17528	209	9218	42	40	0	9509
17529	73	121	13	9343	0	9550
17530	9407	42	17	130	0	9596
17531	148	34	15	9252	0	9449
17532	9086	19	31	136	0	9272
17533	125	17	8391	45	0	8578
17534	44	9	7732	33	0	7818
17535	30	6	57	7377	0	7470
17536	25	8146	53	48	0	8272
17537	27	8457	32	45	0	8561
17538	8486	47	30	31	0	8594
17539	55	38	9061	29	0	9183
17540	8170	40	47	18	0	8275
17541	69	8777	32	25	0	8903
17542	9305	45	12	12	0	9374
17543	65	26	17	8924	0	9032
17544	36	19	8886	66	0	9007
17545	33	23	43	8697	0	8796
17546	40	11	18	8905	0	8974
17547	23	8332	46	66	0	8467
17548	23	8930	38	53	0	9044
17549	24	49	18	9284	0	9375
17550	20	9062	30	58	0	9170
17551	29	74	8899	25	0	9027
17552	32	66	8445	25	0	8568
17553	8278	28	65	29	0	8400
17554	9252	8	36	24	0	9320
17555	63	8166	34	19	0	8282
17556	35	49	20	8511	0	8615
17557	37	22	10	8578	0	8647
17558	28	20	8378	70	0	8496
17559	30	20	40	8194	0	8284
17560	13	7729	31	75	0	7848
17561	16	62	7762	30	0	7870
17562	31	30	7789	24	0	7874
17563	29	7235	94	22	0	7380
17564	33	51	7761	14	0	7859
17565	28	31	47	7611	0	7717
17566	17	38	43	7316	0	7414
17567	13	17	8368	78	0	8476
17568	19	17	43	8416	0	8495
17569	14	7089	45	103	0	7251
17570	17	7849	33	67	0	7966
17571	1	60	0	7601	0	7662
17572	11	33	7447	54	0	7545
17573	2	7134	77	36	0	7249
17574	0	71	17	7749	0	7837
17575	1	34	7465	64	0	7564
17576	7070	21	58	28	0	7177
17577	7578	3	17	25	0	7623
17578	8089	1	16	5	0	8111
17579	100	0	5	7848	0	7953
17580	42	2	1	8046	0	8091
17581	21	3	8224	87	0	8335
17582	6	2	60	8061	0	8129
17583	3	0	22	8436	0	8461
17584	6	7	8169	90	0	8272
17585	6675	9	65	54	0	6803
17586	63	7368	49	37	0	7517
17587	7851	68	21	7	0	7947
17588	78	7506	17	17	0	7618
17589	30	89	3	8133	0	8255
17590	27	46	8274	69	0	8416
17591	4	38	65	7310	0	7417
17592	5	51	7470	106	0	7632
17593	6225	21	110	80	0	6436
17594	76	14	7458	48	0	7596
17595	29	46	101	7122	0	7298
17596	47	17	7365	119	0	7548
17597	37	6888	155	40	0	7120
17598	76	76	33	7375	0	7560
17599	61	28	29	7375	0	7493
17600	55	30	12	7823	0	7920
17601	17	15	7587	186	0	7805
17602	9	15	7359	132	0	7515
17603	10	5	148	7650	0	7813
17604	16	8	70	10572	0	10666
17605	32	7	36	11103	0	11178
17606	11065	21	49	373	0	11508
17607	305	22	11	12932	0	13270
17608	139	75	12760	386	0	13360
17609	13618	25	314	185	0	14142
17610	372	50	156	14762	0	15340
17611	15582	16	76	486	0	16160
17612	15684	10	81	217	0	15992
17613	647	9	40	16699	0	17395
17614	16754	9	80	512	0	17355
17615	16286	12	38	256	0	16592
17616	714	41	15207	144	0	16106
17617	335	15273	467	129	0	16204
17618	168	460	243	14397	0	15268
17619	81	236	110	15796	0	16223
17620	15328	102	53	713	0	16196
17621	15484	38	58	359	0	15939
17622	14891	32	568	224	0	15715
17623	739	51	13714	127	0	14631
17624	370	13983	493	115	0	14961
17625	14497	457	216	136	0	15306
17626	569	14493	109	130	0	15301
17627	14723	535	53	132	0	15443
17628	654	242	58	14528	0	15482
17629	14665	127	57	536	0	15385
17630	14867	57	82	278	0	15284
17631	15152	64	36	175	0	15427
17632	887	61	14404	156	0	15508
17633	15046	33	450	139	0	15668
17634	750	14672	246	126	0	15794
17635	15512	468	116	120	0	16216
17636	14934	236	73	93	0	15336
17637	15859	131	79	97	0	16166
17638	898	88	100	14536	0	15622
17639	473	14324	68	511	0	15376
17640	14792	509	45	307	0	15653
17641	701	280	14372	218	0	15571
17642	483	14979	480	141	0	16083
17643	385	528	236	13581	0	14730
17644	272	15176	154	440	0	16042
17645	15483	601	121	213	0	16418
17646	15742	352	78	147	0	16319
17647	907	187	63	15385	0	16542
17648	502	178	14321	583	0	15584
17649	389	14480	484	319	0	15672
17650	365	589	352	11234	0	12540
17651	334	291	149	14760	0	15534
17652	288	172	117	16123	0	16700
17653	15782	120	115	827	0	16844
17654	16080	131	118	413	0	16742
17655	16335	110	76	273	0	16794
17656	16555	150	54	199	0	16958
17657	1139	89	61	15775	0	17064
17658	665	133	15998	694	0	17490
17659	441	120	573	16356	0	17490
17660	372	115	283	16611	0	17381
17661	366	139	149	17038	0	17692
17662	387	116	138	17333	0	17974
17663	16636	125	174	1049	0	17984
17664	844	137	164	16885	0	18030
17665	16736	107	112	935	0	17890
17666	17192	137	108	555	0	17992
17667	1228	138	15508	412	0	17286
17668	796	141	15224	318	0	16479
17669	562	135	15618	389	0	16704
17670	534	86	793	14534	0	15947
17671	485	130	14537	742	0	15894
17672	469	118	687	14515	0	15789
17673	476	157	352	15146	0	16131
17674	14892	98	219	992	0	16201
17675	945	95	183	14498	0	15721
17676	765	14374	168	799	0	16106
17677	15086	543	205	473	0	16307
17678	895	14686	233	365	0	16179
17679	616	702	14393	360	0	16071
17680	463	14864	597	399	0	16323
17681	14807	737	306	321	0	16171
17682	983	394	212	14670	0	16259
17683	752	281	14077	740	0	15850
17684	14779	180	660	480	0	16099
17685	1009	257	372	14732	0	16370
17686	726	271	14172	721	0	15890
17687	631	214	635	14675	0	16155
17688	560	216	387	14804	0	15967
17689	571	177	242	14820	0	15810
17690	556	15081	199	989	0	16825
17691	15669	634	190	561	0	17054
17692	1100	332	210	14974	0	16616
17693	678	15101	225	815	0	16819
17694	528	746	165	15616	0	17055
17695	545	519	14611	858	0	16533
17696	543	15112	649	519	0	16823
17697	15818	734	391	403	0	17346
17698	16174	501	219	374	0	17268
17699	1121	331	186	15580	0	17218
17700	643	312	197	16587	0	17739
17701	16440	250	205	1025	0	17920
17702	15927	215	235	611	0	16988
17703	996	16490	267	514	0	18267
17704	13147	535	137	268	0	14087
17705	698	291	12577	266	0	13832
17706	419	215	12334	265	0	13233
17707	353	10477	459	243	0	11532
17708	280	11635	276	235	0	12426
17709	10630	425	152	207	0	11414
17710	276	10093	128	171	0	10668
17711	10072	240	52	63	0	10427
17712	9997	117	45	81	0	10240
17713	9597	77	44	85	0	9803
17714	285	71	45	9654	0	10055
17715	9837	70	46	233	0	10186
17716	300	74	9701	108	0	10183
17717	177	69	9629	87	0	9962
17718	129	10098	234	103	0	10564
17719	121	194	10325	95	0	10735
17720	103	85	215	10064	0	10467
17721	85	81	10359	246	0	10771
17722	107	65	10330	124	0	10626
17723	102	73	255	10421	0	10851
17724	10533	61	142	242	0	10978
17725	10763	61	96	127	0	11047
17726	285	83	11422	83	0	11873
17727	11322	58	230	98	0	11708
17728	273	84	11426	67	0	11850
17729	11958	74	233	63	0	12328
17730	12587	41	123	87	0	12838
17731	311	55	105	12390	0	12861
17732	187	52	78	11730	0	12047
17733	149	11259	85	276	0	11769
17734	133	11807	91	134	0	12165
17735	110	252	81	11861	0	12304
17736	120	118	83	12064	0	12385
17737	11123	69	53	238	0	11483
17738	197	10760	80	129	0	11166
17739	11033	198	56	113	0	11400
17740	209	11184	74	85	0	11552
17741	121	223	10861	64	0	11269
17742	110	98	196	11141	0	11545
17743	11123	80	79	202	0	11484
17744	11618	36	71	103	0	11828
17745	304	11768	66	94	0	12232
17746	153	11893	83	78	0	12207
17747	126	12135	84	72	0	12417
17748	109	307	54	14310	0	14780
17749	137	172	14250	399	0	14958
17750	84	13839	344	121	0	14388
17751	66	385	95	14510	0	15056
17752	54	123	70	14996	0	15243
17753	70	105	14339	449	0	14963
17754	69	104	14260	140	0	14573
17755	14100	75	422	99	0	14696
17756	449	81	14321	76	0	14927
17757	14468	44	413	70	0	14995
17758	14047	47	132	57	0	14283
17759	14119	62	95	56	0	14332
17760	14128	39	65	78	0	14310
17761	542	91	12818	71	0	13522
17762	222	13075	371	51	0	13719
17763	149	400	132	13627	0	14308
17764	105	149	13214	393	0	13861
17765	81	117	412	13110	0	13720
17766	70	12592	198	406	0	13266
17767	92	403	97	13594	0	14186
17768	94	125	89	13823	0	14131
17769	99	98	72	13996	0	14265
17770	13576	74	61	523	0	14234
17771	452	80	59	13645	0	14236
17772	181	50	69	13936	0	14236
17773	143	41	91	13852	0	14127
17774	121	13207	110	512	0	13950
17775	13510	387	90	195	0	14182
17776	428	13226	110	172	0	13936
17777	127	13563	83	126	0	13899
17778	90	468	84	13676	0	14318
17779	91	175	88	14076	0	14430
17780	13693	112	86	514	0	14405
17781	443	74	70	14745	0	15332
17782	14612	59	61	543	0	15275
17783	16539	63	69	200	0	16871
17784	654	64	66	16250	0	17034
17785	262	72	79	16740	0	17153
17786	149	16683	120	637	0	17589
17787	17427	514	89	259	0	18289
17788	592	17456	94	207	0	18349
17789	17223	527	74	126	0	17950
17790	576	192	15826	120	0	16714
17791	16280	105	459	96	0	16940
17792	16884	100	123	87	0	17194
17793	640	62	71	16558	0	17331
17794	246	91	15872	553	0	16762
17795	162	15790	495	229	0	16676
17796	124	494	147	16659	0	17424
17797	147	187	15460	580	0	16374
17798	101	125	469	16019	0	16714
17799	15902	92	169	643	0	16806
17800	555	137	14702	266	0	15660
17801	198	14613	515	213	0	15539
17802	160	15833	190	209	0	16392
17803	170	545	117	13601	0	14433
17804	140	15241	107	393	0	15881
17805	15620	510	65	190	0	16385
17806	15864	186	75	158	0	16283
17807	16504	143	52	132	0	16831
17808	691	144	14330	129	0	15294
17809	14967	97	446	131	0	15641
17810	593	104	130	14726	0	15553
17811	256	98	92	14765	0	15211
17812	191	74	108	14853	0	15226
17813	165	101	112	14975	0	15353
17814	177	111	13927	714	0	14929
17815	138	95	13881	356	0	14470
17816	144	120	13642	257	0	14163
17817	13453	87	571	216	0	14327
17818	533	13218	236	221	0	14208
17819	203	495	154	13576	0	14428
17820	13325	191	124	587	0	14227
17821	564	13220	119	251	0	14154
17822	246	13817	104	197	0	14364
17823	13535	611	68	166	0	14380
17824	13759	215	101	141	0	14216
17825	641	14130	108	164	0	15043
17826	290	553	61	13075	0	13979
17827	219	13335	93	511	0	14158
17828	13674	538	67	248	0	14527
17829	13224	202	60	194	0	13680
17830	12971	157	81	189	0	13398
17831	685	12474	81	192	0	13432
17832	285	490	89	12853	0	13717
17833	239	199	12108	592	0	13138
17834	220	167	443	12625	0	13455
17835	165	137	146	13205	0	13653
17836	172	170	12084	678	0	13104
17837	12373	130	484	293	0	13280
17838	567	93	188	12775	0	13623
17839	296	116	120	12761	0	13293
17840	219	12138	111	630	0	13098
17841	12388	508	120	289	0	13305
17842	586	193	92	11704	0	12575
17843	229	11758	75	607	0	12669
17844	11182	474	72	281	0	12009
17845	498	10970	93	192	0	11753
17846	11196	506	82	157	0	11941
17847	583	210	10849	156	0	11798
17848	204	113	8880	109	0	9306
17849	159	101	8379	88	0	8727
17850	128	8291	323	83	0	8825
17851	99	239	113	7258	0	7709
17852	82	7583	96	235	0	7996
17853	7827	267	75	127	0	8296
17854	274	141	7605	104	0	8124
17855	7667	99	236	73	0	8075
17856	8013	89	98	77	0	8277
17857	338	78	67	7707	0	8190
17858	7817	70	78	252	0	8217
17859	318	67	61	7741	0	8187
17860	168	82	7393	286	0	7929
17861	7540	62	225	140	0	7967
17862	300	7433	92	98	0	7923
17863	148	241	67	7714	0	8170
17864	7721	130	64	263	0	8178
17865	297	89	61	7757	0	8204
17866	142	88	7346	290	0	7866
17867	98	74	219	7573	0	7964
17868	109	7460	102	270	0	7941
17869	7717	251	57	143	0	8168
17870	283	122	66	7707	0	8178
17871	7765	89	61	283	0	8198
17872	285	90	60	7698	0	8133
17873	160	55	59	7633	0	7907
17874	121	7526	62	313	0	8022
17875	7507	226	46	168	0	7947
17876	277	7583	54	133	0	8047
17877	120	236	36	6665	0	7057
17878	93	6781	49	226	0	7149
17879	6863	221	33	146	0	7263
17880	6907	115	35	91	0	7148
17881	5975	60	22	71	0	6128
17882	239	5384	36	62	0	5721
17883	57	4035	13	19	0	4124
17884	4115	93	11	17	0	4236
17885	95	3633	11	19	0	3758
17886	28	154	5	3631	0	3818
17887	5	8	3507	41	0	3561
17888	3453	1	32	8	0	3494
17889	3608	3	3	4	0	3618
17890	3652	1	1	2	0	3656
17891	38	3460	5	8	0	3511
17892	3629	38	0	4	0	3671
17893	42	12	3491	1	0	3546
17894	2	3496	40	4	0	3542
17895	1	39	4	3748	0	3792
17896	3	4047	17	37	0	4104
17897	4159	40	1	4	0	4204
17898	34	4605	14	7	0	4660
17899	5	37	3	4768	0	4813
17900	4	4566	4	38	0	4612
17901	6	41	2	4781	0	4830
17902	4	6	2	4386	0	4398
17903	7	11	4327	39	0	4384
17904	3	6	32	3931	0	3972
17905	4036	2	8	41	0	4087
17906	4017	2	5	4	0	4028
17907	38	2	3	3625	0	3668
17908	4	7	3586	39	0	3636
17909	7	4	31	3577	0	3619
17910	3661	5	4	42	0	3712
17911	3623	1	2	9	0	3635
17912	3655	4	3	4	0	3666
17913	41	3409	12	9	0	3471
17914	3672	37	6	2	0	3717
17915	41	9	3332	7	0	3389
17916	3715	5	40	5	0	3765
17917	45	5	8	3789	0	3847
17918	6	7	5	3829	0	3847
17919	10	5	1	3895	0	3911
17920	3851	10	4	52	0	3917
17921	3861	4	4	14	0	3883
17922	54	4	6	3849	0	3913
17923	20	4	4188	53	0	4265
17924	15	3	39	4588	0	4645
17925	11	2	4	3730	0	3747
17926	12	9	3579	55	0	3655
17927	10	3477	49	18	0	3554
17928	9	48	9	3721	0	3787
17929	4016	7	4	53	0	4080
17930	50	12	4	4019	0	4085
17931	12	5	2	4092	0	4111
17932	4555	5	5	62	0	4627
17933	54	4547	6	33	0	4640
17934	14	4662	13	24	0	4713
17935	4828	58	3	18	0	4907
17936	70	22	4710	13	0	4815
17937	4357	13	51	14	0	4435
17938	65	13	5028	16	0	5122
17939	20	4858	70	12	0	4960
17940	5160	57	12	16	0	5245
17941	5177	14	11	10	0	5212
17942	5183	15	7	12	0	5217
17943	5173	14	9	10	0	5206
17944	76	16	5017	11	0	5120
17945	21	5	38	4726	0	4790
17946	4898	9	9	49	0	4965
17947	64	17	5303	12	0	5396
17948	14	5	4893	11	0	4923
17949	15	4697	42	7	0	4761
17950	5256	20	13	7	0	5296
17951	34	4	9	5159	0	5206
17952	5222	6	11	26	0	5265
17953	33	5387	10	9	0	5439
17954	12	39	4	5832	0	5887
17955	15	14	3	5846	0	5878
17956	16	9	2	6220	0	6247
17957	16	10	6500	50	0	6576
17958	10	6295	89	25	0	6419
17959	6996	85	23	20	0	7124
17960	97	27	13	7023	0	7160
17961	6975	10	13	107	0	7105
17962	6959	9	11	37	0	7016
17963	129	11	7	6952	0	7099
17964	50	14	7315	104	0	7483
17965	31	6	77	7393	0	7507
17966	23	7160	39	107	0	7329
17967	11	90	18	7614	0	7733
17968	16	32	7377	124	0	7549
17969	7360	20	93	51	0	7524
17970	89	11	31	7540	0	7671
17971	7550	10	28	115	0	7703
17972	109	17	7312	45	0	7483
17973	7092	4	91	29	0	7216
17974	122	10	7260	25	0	7417
17975	6987	8	97	17	0	7109
17976	123	6971	40	17	0	7151
17977	39	7243	38	24	0	7344
17978	31	114	18	7350	0	7513
17979	18	46	14	7246	0	7324
17980	19	36	10	7445	0	7510
17981	7430	16	12	147	0	7605
17982	105	20	8	7418	0	7551
17983	49	16	8244	130	0	8439
17984	7933	6	90	61	0	8090
17985	111	8007	56	40	0	8214
17986	8196	94	26	24	0	8340
17987	7601	36	18	23	0	7678
17988	140	24	7611	16	0	7791
17989	68	18	96	7232	0	7414
17990	39	19	39	7775	0	7872
17991	29	21	7586	126	0	7762
17992	23	7138	111	66	0	7338
17993	7696	102	31	41	0	7870
17994	7566	37	22	42	0	7667
17995	129	26	17	8418	0	8590
17996	59	19	19	9176	0	9273
17997	33	17	21	9496	0	9567
17998	8737	14	16	217	0	8984
17999	149	9224	28	95	0	9496
18000	9582	161	17	48	0	9808
18001	9928	57	15	49	0	10049
18002	232	52	9570	41	0	9895
18003	111	18	142	9492	0	9763
18004	64	10096	81	185	0	10426
18005	49	168	38	10386	0	10641
18006	47	81	16	10622	0	10766
18007	51	54	10726	241	0	11072
18008	11033	26	191	111	0	11361
18009	11358	31	194	90	0	11673
18010	12487	36	91	196	0	12810
18011	351	149	30	12575	0	13105
18012	167	78	36	12651	0	12932
18013	89	12364	47	548	0	13048
18014	109	12876	176	230	0	13391
18015	13178	377	91	94	0	13740
18016	487	12411	45	88	0	13031
18017	314	336	12321	77	0	13048
18018	133	154	273	12789	0	13349
18019	12898	93	142	496	0	13629
18020	334	187	12392	212	0	13125
18021	174	244	12225	130	0	12773
18022	12767	132	370	78	0	13347
18023	12558	160	175	118	0	13011
18024	451	72	194	12027	0	12744
18025	213	47	12455	467	0	13182
18026	280	45	315	12623	0	13263
18027	186	70	12150	380	0	12786
18028	170	76	12140	160	0	12546
18029	207	11867	450	161	0	12685
18030	12425	293	170	123	0	13011
18031	12149	172	104	208	0	12633
18032	402	11447	209	136	0	12194
18033	233	284	135	11429	0	12081
18034	120	196	208	11565	0	12089
18035	128	82	266	11859	0	12335
18036	11501	178	117	497	0	12293
18037	506	11282	79	245	0	12112
18038	11451	310	108	142	0	12011
18039	11486	269	94	144	0	11993
18040	501	158	10664	251	0	11574
18041	281	10974	327	267	0	11849
18042	186	334	133	11601	0	12254
18043	271	189	11144	378	0	11982
18044	11406	219	310	276	0	12211
18045	11997	176	213	128	0	12514
18046	12104	72	152	158	0	12486
18047	11567	113	188	164	0	12032
18048	544	173	178	11253	0	12148
18049	372	113	10858	481	0	11824
18050	241	111	400	11218	0	11970
18051	11253	61	195	424	0	11933
18052	11391	55	86	301	0	11833
18053	595	10341	98	214	0	11248
18054	10813	326	73	108	0	11320
18055	448	254	10057	211	0	10970
18056	313	128	9935	118	0	10494
18057	9590	103	359	194	0	10246
18058	460	9979	264	114	0	10817
18059	372	259	85	9717	0	10433
18060	251	9817	74	274	0	10416
18061	257	278	160	10161	0	10856
18062	205	125	235	10195	0	10760
18063	200	76	220	10430	0	10926
18064	9840	59	118	363	0	10380
18065	9807	204	56	225	0	10292
18066	9893	118	92	294	0	10397
18067	406	215	9298	204	0	10123
18068	9796	122	290	245	0	10453
18069	410	77	206	10256	0	10949
18070	292	101	97	10640	0	11130
18071	365	118	10504	427	0	11414
18072	409	60	316	11431	0	12216
18073	11961	112	212	404	0	12689
18074	461	86	11550	294	0	12391
18075	333	44	370	11900	0	12647
18076	11751	90	210	574	0	12625
18077	11910	38	134	456	0	12538
18078	565	155	11540	203	0	12463
18079	363	83	12380	208	0	13034
18080	354	52	473	12583	0	13462
18081	12715	63	404	436	0	13618
18082	12837	96	185	361	0	13479
18083	671	56	114	11052	0	11893
18084	498	11268	168	370	0	12304
18085	11764	298	255	236	0	12553
18086	496	11746	195	166	0	12603
18087	341	355	115	12007	0	12818
18088	333	195	12190	494	0	13212
18089	311	129	12005	298	0	12743
18090	240	73	12251	195	0	12759
18091	190	86	541	12101	0	12918
18092	290	61	314	12591	0	13256
18093	12386	100	190	551	0	13227
18094	465	12187	150	421	0	13223
18095	11537	273	161	180	0	12151
18096	401	155	274	9734	0	10564
18097	262	10088	197	341	0	10888
18098	239	10752	132	265	0	11388
18099	162	416	76	10261	0	10915
18100	10145	176	92	424	0	10837
18101	352	9476	116	220	0	10164
18102	9525	280	67	184	0	10056
18103	405	9546	97	107	0	10155
18104	9343	297	87	115	0	9842
18105	389	193	9274	118	0	9974
18106	281	132	9254	76	0	9743
18107	180	8849	364	100	0	9493
18108	8546	261	202	64	0	9073
18109	305	8565	128	89	0	9087
18110	111	7235	88	82	0	7516
18111	441	243	59	7190	0	7933
18112	7158	88	70	164	0	7480
18113	161	7108	50	129	0	7448
18114	6986	148	45	82	0	7261
18115	188	6861	59	61	0	7169
18116	6886	189	38	67	0	7180
18117	186	6828	60	53	0	7127
18118	97	7198	59	81	0	7435
18119	73	221	51	6958	0	7303
18120	79	6387	44	874	0	7384
18121	7236	192	22	135	0	7585
18122	196	138	6925	61	0	7320
18123	108	101	126	7138	0	7473
18124	110	77	7079	149	0	7415
18125	60	100	157	6522	0	6839
18126	90	52	95	6789	0	7026
18127	69	83	6531	213	0	6896
18128	5856	87	158	139	0	6240
18129	198	6214	122	82	0	6616
18130	6698	180	73	75	0	7026
18131	225	6440	50	60	0	6775
18132	144	206	67	6603	0	7020
18133	6688	134	54	186	0	7062
18134	6683	120	61	87	0	6951
18135	6774	75	69	88	0	7006
18136	280	98	43	6482	0	6903
18137	176	139	32	6411	0	6758
18138	164	6830	37	220	0	7251
18139	7135	246	56	115	0	7552
18140	7251	163	43	90	0	7547
18141	7000	86	65	101	0	7252
18142	7073	140	50	70	0	7333
18143	320	6635	75	63	0	7093
18144	157	191	77	6679	0	7104
18145	136	154	6453	189	0	6932
18146	6302	100	180	124	0	6706
18147	6682	128	84	121	0	7015
18148	263	99	6315	107	0	6784
18149	163	96	6714	88	0	7061
18150	138	90	204	6660	0	7092
18151	92	111	165	7446	0	7814
18152	103	59	78	7693	0	7933
18153	7680	123	71	322	0	8196
18154	238	61	71	7849	0	8219
18155	181	81	8461	280	0	9003
18156	112	92	189	9183	0	9576
18157	125	68	8904	264	0	9361
18158	114	92	207	8325	0	8738
18159	95	89	110	9625	0	9919
18160	111	110	9126	331	0	9678
18161	8538	69	205	212	0	9024
18162	268	9122	124	132	0	9646
18163	9596	243	65	95	0	9999
18164	312	171	40	10395	0	10918
18165	10134	151	47	284	0	10616
18166	347	11112	57	219	0	11735
18167	232	11809	80	114	0	12235
18168	100	429	30	11629	0	12188
18169	113	251	11102	299	0	11765
18170	87	206	10724	197	0	11214
18171	83	10712	368	113	0	11276
18172	9910	245	150	50	0	10355
18173	219	138	92	10112	0	10561
18174	10025	72	62	251	0	10410
18175	267	9701	73	133	0	10174
18176	157	10085	37	83	0	10362
18177	89	342	15	9897	0	10343
18178	9765	178	17	242	0	10202
18179	9288	102	13	146	0	9549
18180	343	82	8941	66	0	9432
18181	171	74	8720	58	0	9023
18182	8867	45	291	46	0	9249
18183	256	8853	180	51	0	9340
18184	9218	216	101	29	0	9564
18185	285	134	71	9130	0	9620
18186	166	107	8498	220	0	8991
18187	8271	70	221	143	0	8705
18188	261	7977	143	92	0	8473
18189	140	8552	102	75	0	8869
18190	104	345	70	8620	0	9139
18191	8989	191	43	270	0	9493
18192	278	119	43	9051	0	9491
18193	9176	70	29	319	0	9594
18194	331	90	8483	189	0	9093
18195	8698	64	230	106	0	9098
18196	9206	53	111	100	0	9470
18197	448	67	8393	59	0	8967
18198	8193	40	262	67	0	8562
18199	382	8298	158	44	0	8882
18200	221	264	116	8378	0	8979
18201	152	8756	84	234	0	9226
18202	8907	302	54	129	0	9392
18203	306	176	48	8718	0	9248
18204	192	8554	46	301	0	9093
18205	125	300	45	8376	0	8846
18206	102	8176	54	339	0	8671
18207	100	312	31	8551	0	8994
18208	8368	203	36	350	0	8957
18209	307	115	30	8493	0	8945
18210	190	105	8096	363	0	8754
18211	8136	66	249	231	0	8682
18212	336	74	141	8395	0	8946
18213	204	67	8105	337	0	8713
18214	163	55	7936	204	0	8358
18215	126	63	8166	150	0	8505
18216	125	51	448	8002	0	8626
18217	112	79	237	9112	0	9540
18218	98	87	168	9053	0	9406
18219	83	76	114	9249	0	9522
18220	8953	73	87	535	0	9648
18221	9097	82	79	326	0	9584
18222	9197	86	57	218	0	9558
18223	9311	80	40	183	0	9614
18224	534	77	60	8971	0	9642
18225	329	76	8522	361	0	9288
18226	8752	64	287	217	0	9320
18227	9138	92	174	157	0	9561
18228	508	73	109	8815	0	9505
18229	302	79	103	9496	0	9980
18230	9990	55	92	467	0	10604
18231	418	71	105	9532	0	10126
18232	249	9415	111	427	0	10202
18233	9909	309	79	274	0	10571
18234	9678	202	77	196	0	10153
18235	541	175	9738	168	0	10622
18236	322	102	297	10324	0	11045
18237	225	82	193	10982	0	11482
18238	10287	75	129	497	0	10988
18239	10460	73	85	287	0	10905
18240	525	70	67	10280	0	10942
18241	377	61	9816	405	0	10659
18242	269	67	9762	278	0	10376
18243	222	55	419	10524	0	11220
18244	195	57	244	10951	0	11447
18245	10539	85	162	486	0	11272
18246	415	10101	124	331	0	10971
18247	275	10400	108	230	0	11013
18248	219	11056	94	180	0	11549
18249	166	415	58	10602	0	11241
18250	10026	272	487	371	0	11156
18251	9959	153	38	243	0	10393
18252	451	9905	48	170	0	10574
18253	9982	272	49	143	0	10446
18254	426	157	48	9757	0	10388
18255	257	118	9129	319	0	9823
18256	179	85	272	8691	0	9227
18257	160	73	152	9030	0	9415
18258	141	69	106	9250	0	9566
18259	8047	15	53	386	0	8501
18260	225	22	45	8016	0	8308
18261	164	7726	58	321	0	8269
18262	7582	173	39	199	0	7993
18263	232	7482	60	138	0	7912
18264	114	6756	28	90	0	6988
18265	86	6863	33	68	0	7050
18266	25	89	5041	28	0	5183
18267	20	4905	66	21	0	5012
18268	17	56	4531	17	0	4621
18269	4415	26	41	24	0	4506
18270	4694	11	21	24	0	4750
18271	67	17	5548	28	0	5660
18272	5857	11	38	26	0	5932
18273	6242	17	19	21	0	6299
18274	72	30	6057	24	0	6183
18275	52	5848	53	20	0	5973
18276	36	45	19	6340	0	6440
18277	6383	27	15	50	0	6475
18278	63	19	9	6260	0	6351
18279	7146	11	8	60	0	7225
18280	6961	16	16	34	0	7027
18281	80	19	6815	29	0	6943
18282	6750	13	39	41	0	6843
18283	61	6612	44	39	0	6756
18284	8012	44	15	40	0	8111
18285	70	25	8	7863	0	7966
18286	44	30	7880	73	0	8027
18287	35	25	37	7644	0	7741
18288	7895	30	26	62	0	8013
18289	64	7538	19	49	0	7670
18290	63	66	7696	22	0	7847
18291	35	40	47	6944	0	7066
18292	34	37	7511	59	0	7641
18293	37	7528	74	43	0	7682
18294	8185	51	31	30	0	8297
18295	61	31	20	8074	0	8186
18296	41	13	8060	75	0	8189
18297	33	24	7529	46	0	7632
18298	8152	16	63	41	0	8272
18299	71	20	26	8341	0	8458
18300	52	25	21	8218	0	8316
18301	45	36	8270	78	0	8429
18302	36	34	8048	47	0	8165
18303	27	7777	95	28	0	7927
18304	41	62	26	8324	0	8453
18305	43	41	20	8543	0	8647
18306	30	8126	35	81	0	8272
18307	39	72	8213	38	0	8362
18308	7720	37	68	36	0	7861
18309	75	29	40	8601	0	8745
18310	49	16	8573	68	0	8706
18311	40	18	66	8067	0	8191
18312	42	7859	55	75	0	8031
18313	42	59	8086	49	0	8236
18314	7511	37	54	34	0	7636
18315	73	37	8275	36	0	8421
18316	44	30	7852	35	0	7961
18317	25	37	7146	26	0	7234
18318	22	29	8236	21	0	8308
18319	37	19	60	7508	0	7624
18320	37	18	8597	45	0	8697
18321	28	27	76	8228	0	8359
18322	30	8169	55	65	0	8319
18323	9194	63	30	34	0	9321
18324	92	30	21	9000	0	9143
18325	44	29	9118	98	0	9289
18326	24	8573	112	64	0	8773
18327	20	74	41	9316	0	9451
18328	9431	42	29	85	0	9587
18329	77	8689	32	54	0	8852
18330	26	50	13	8668	0	8757
18331	8911	25	10	64	0	9010
18332	57	26	8542	21	0	8646
18333	8441	17	56	18	0	8532
18334	76	12	8637	13	0	8738
18335	7687	14	64	12	0	7777
18336	7886	4	36	16	0	7942
18337	81	14	7838	13	0	7946
18338	35	7531	82	15	0	7663
18339	15	51	29	7943	0	8038
18340	15	20	8357	61	0	8453
18341	16	11	68	7909	0	8004
18342	15	11	36	8228	0	8290
18343	3	7	7897	67	0	7974
18344	4	14	7652	20	0	7690
18345	2	9	60	7662	0	7733
18346	7958	0	19	48	0	8025
18347	47	8109	31	18	0	8205
18348	22	8692	21	12	0	8747
18349	9246	54	2	6	0	9308
18350	9681	17	4	3	0	9705
18351	64	7	5	10385	0	10461
18352	22	5	6	10385	0	10418
18353	9	7	5	10683	0	10704
18354	10610	2	1	66	0	10679
18355	50	9625	11	29	0	9715
18356	19	10574	10	17	0	10620
18357	4	62	6	10934	0	11006
18358	2	24	5	10843	0	10874
18359	2	7	6	10836	0	10851
18360	10989	3	2	77	0	11071
18361	47	10471	16	37	0	10571
18362	10972	42	5	9	0	11028
18363	55	30	10549	7	0	10641
18364	24	10926	65	14	0	11029
18365	11	49	22	11671	0	11753
18366	11722	19	8	50	0	11799
18367	58	20	11588	18	0	11684
18368	30	21	11094	11	0	11156
18369	12	10	86	11120	0	11228
18370	6	10	25	11689	0	11730
18371	4	4	10	10824	0	10842
18372	6	4	10	10253	0	10273
18373	6	9	10	10388	0	10413
18374	3	9766	36	105	0	9910
18375	18	67	10	10510	0	10605
18376	10464	22	13	92	0	10591
18377	73	9963	20	53	0	10109
18378	10118	68	14	28	0	10228
18379	81	39	9466	16	0	9602
18380	30	32	9629	18	0	9709
18381	25	12	97	10053	0	10187
18382	23	34	15558	94	0	15709
18383	16	17	330	15639	0	16002
18384	18	9	155	15311	0	15493
18385	15355	4	67	502	0	15928
18386	14971	14	35	227	0	15247
18387	510	15989	46	89	0	16634
18388	196	16819	26	36	0	17077
18389	71	574	13	16765	0	17423
18390	16699	218	18	428	0	17363
18391	421	110	16375	189	0	17095
18392	181	45	412	16397	0	17035
18393	70	27	186	16562	0	16845
18394	47	48	15491	605	0	16191
18395	27	15608	435	271	0	16341
18396	29	409	189	16177	0	16804
18397	37	211	15884	475	0	16607
18398	24	75	453	15881	0	16433
18399	15234	48	190	527	0	15999
18400	394	15057	108	259	0	15818
18401	179	15688	67	117	0	16051
18402	78	574	34	15759	0	16445
18403	15354	235	54	473	0	16116
18404	428	15440	70	272	0	16210
18405	15553	436	48	189	0	16226
18406	531	236	14979	145	0	15891
18407	283	121	15755	135	0	16294
18408	163	94	625	14741	0	15623
18409	142	93	255	16501	0	16991
18410	16179	98	129	689	0	17095
18411	552	108	71	16099	0	16830
18412	281	126	15643	620	0	16670
18413	155	103	487	15608	0	16353
18414	126	88	244	16629	0	17087
18415	107	111	15376	776	0	16370
18416	14853	89	534	417	0	15893
18417	490	68	264	16252	0	17074
18418	15174	64	178	648	0	16064
18419	537	14771	169	380	0	15857
18420	14823	486	102	258	0	15669
18421	522	14479	121	200	0	15322
18422	264	14907	131	183	0	15485
18423	157	648	69	15209	0	16083
18424	15192	317	65	535	0	16109
18425	15431	193	74	307	0	16005
18426	664	150	77	15216	0	16107
18427	15381	126	93	557	0	16157
18428	15073	136	113	309	0	15631
18429	720	111	99	14939	0	15869
18430	14860	72	112	578	0	15622
18431	609	14221	140	342	0	15312
18432	14874	482	100	234	0	15690
18433	578	276	14450	244	0	15548
18434	15411	121	464	228	0	16224
18435	588	89	266	15324	0	16267
18436	327	62	181	15845	0	16415
18437	184	70	145	16083	0	16482
18438	183	56	131	16014	0	16384
18439	155	69	140	15767	0	16131
18440	160	13992	144	811	0	15107
18441	200	15089	113	461	0	15863
18442	15242	635	83	321	0	16281
18443	597	371	14466	200	0	15634
18444	14853	244	440	190	0	15727
18445	638	224	14607	210	0	15679
18446	397	190	498	14674	0	15759
18447	276	183	226	14591	0	15276
18448	13657	132	115	747	0	14651
18449	694	158	13144	389	0	14385
18450	454	137	430	13189	0	14210
18451	317	121	12013	648	0	13099
18452	301	12425	524	398	0	13648
18453	261	504	253	13027	0	14045
18454	12849	259	170	690	0	13968
18455	12482	155	133	396	0	13166
18456	12331	129	145	297	0	12902
18457	821	11753	148	302	0	13024
18458	428	12420	141	299	0	13288
18459	10945	663	136	333	0	12077
18460	562	12013	133	350	0	13058
18461	291	12290	127	342	0	13050
18462	217	721	11488	337	0	12763
18463	199	11989	471	302	0	12961
18464	174	12805	271	229	0	13479
18465	224	802	130	12615	0	13771
18466	229	411	12268	594	0	13502
18467	228	237	12806	337	0	13608
18468	12632	169	685	247	0	13733
18469	665	135	12809	204	0	13813
18470	12996	105	608	221	0	13930
18471	661	96	327	12950	0	14034
18472	448	13158	185	622	0	14413
18473	13702	530	176	363	0	14771
18474	14810	298	147	299	0	15554
18475	852	176	145	14417	0	15590
18476	479	163	143	15319	0	16104
18477	339	138	124	15688	0	16289
18478	15011	121	101	915	0	16148
18479	15042	142	93	447	0	15724
18480	15082	176	71	262	0	15591
18481	924	13916	62	233	0	15135
18482	8667	181	24	53	0	8925
18483	241	8534	30	48	0	8853
18484	111	8675	32	50	0	8868
18485	64	213	9	8392	0	8678
18486	55	9027	28	167	0	9277
18487	7920	118	4	47	0	8089
18488	103	65	2	7897	0	8067
18489	7881	34	2	118	0	8035
18490	115	7507	24	51	0	7697
18491	55	7670	20	23	0	7768
18492	8323	128	6	27	0	8484
18493	129	8981	22	33	0	9165
18494	68	138	8	9174	0	9388
18495	44	54	6	9366	0	9470
18496	9276	27	10	170	0	9483
18497	165	24	4	9173	0	9366
18498	80	41	9272	158	0	9551
18499	43	27	122	9423	0	9615
18500	9795	40	45	183	0	10063
18501	189	9965	37	81	0	10272
18502	10441	193	21	41	0	10696
18503	10307	88	20	31	0	10446
18504	10445	40	16	33	0	10534
18505	266	57	10043	31	0	10397
18506	124	72	9763	30	0	9989
18507	8999	39	246	22	0	9306
18508	201	9191	111	91	0	9594
18509	164	168	48	9547	0	9927
18510	88	130	38	9461	0	9717
18511	113	8976	59	215	0	9363
18512	142	9448	50	84	0	9724
18513	143	222	91	9581	0	10037
18514	64	87	156	9792	0	10099
18515	123	78	9244	313	0	9758
18516	208	139	8752	107	0	9206
18517	9112	197	279	113	0	9701
18518	9694	70	90	209	0	10063
18519	453	73	48	9530	0	10104
18520	257	188	9412	218	0	10075
18521	202	127	319	9352	0	10000
18522	9596	47	165	288	0	10096
18523	387	119	8598	192	0	9296
18524	138	111	402	8841	0	9492
18525	106	62	8845	420	0	9433
18526	253	8253	365	212	0	9083
18527	181	457	8642	242	0	9522
18528	257	185	192	8920	0	9554
18529	9004	216	150	461	0	9831
18530	386	153	165	9266	0	9970
18531	9313	131	261	291	0	9996
18532	9420	76	261	213	0	9970
18533	9280	52	243	258	0	9833
18534	377	96	8790	214	0	9477
18535	8840	111	354	222	0	9527
18536	394	199	228	8912	0	9733
18537	326	106	80	9219	0	9731
18538	310	96	8929	487	0	9822
18539	149	163	456	9196	0	9964
18540	9153	150	208	587	0	10098
18541	488	8745	288	289	0	9810
18542	9322	359	261	280	0	10222
18543	9455	92	364	253	0	10164
18544	9562	107	273	216	0	10158
18545	638	128	104	9275	0	10145
18546	374	105	9146	450	0	10075
18547	340	74	374	9281	0	10069
18548	478	69	238	9442	0	10227
18549	9433	134	205	532	0	10304
18550	9314	110	160	330	0	9914
18551	563	91	9139	277	0	10070
18552	339	194	207	9075	0	9815
18553	267	168	9029	320	0	9784
18554	9629	166	294	477	0	10566
18555	435	9777	310	433	0	10955
18556	10165	298	247	434	0	11144
18557	566	9998	244	269	0	11077
18558	10670	281	104	297	0	11352
18559	897	10071	86	124	0	11178
18560	446	366	187	10253	0	11252
18561	416	150	255	10535	0	11356
18562	10414	96	312	613	0	11435
18563	10636	58	99	423	0	11216
18564	9532	99	231	436	0	10298
18565	9480	64	129	440	0	10113
18566	9466	97	366	216	0	10145
18567	517	216	140	8783	0	9656
18568	537	8280	235	490	0	9542
18569	422	401	159	8632	0	9614
18570	544	8601	146	420	0	9711
18571	372	309	74	8156	0	8911
18572	509	7833	161	328	0	8831
18573	315	333	53	8218	0	8919
18574	342	240	7032	346	0	7960
18575	6927	191	306	267	0	7691
18576	479	6625	69	358	0	7531
18577	7037	345	108	286	0	7776
18578	609	178	6451	298	0	7536
18579	7354	105	481	177	0	8117
18580	477	86	7334	448	0	8345
18581	455	148	411	7403	0	8417
18582	451	7396	98	412	0	8357
18583	300	464	7541	205	0	8510
18584	439	176	282	7750	0	8647
18585	7702	276	102	423	0	8503
18586	425	138	91	7296	0	7950
18587	144	288	200	7417	0	8049
18588	185	143	71	8151	0	8550
18589	178	91	7355	699	0	8323
18590	363	102	363	7472	0	8300
18591	379	7925	100	414	0	8818
18592	284	370	201	7709	0	8564
18593	201	90	143	7272	0	7706
18594	6872	173	217	346	0	7608
18595	435	99	91	7696	0	8321
18596	159	301	7297	367	0	8124
18597	261	57	7316	315	0	7949
18598	55	33	7215	105	0	7408
18599	51	7186	384	90	0	7711
18600	6942	273	103	56	0	7374
18601	261	6407	77	50	0	6795
18602	6523	300	55	46	0	6924
18603	320	79	49	6887	0	7335
18604	101	75	7199	302	0	7677
18605	86	66	7048	86	0	7286
18606	64	7629	359	81	0	8133
18607	56	353	114	7630	0	8153
18608	45	121	85	7967	0	8218
18609	35	82	73	8353	0	8543
18610	41	63	7843	476	0	8423
18611	7686	54	349	184	0	8273
18612	375	67	7866	126	0	8434
18613	127	50	372	7724	0	8273
18614	99	52	135	8639	0	8925
18615	73	66	8059	502	0	8700
18616	7960	48	413	233	0	8654
18617	385	8134	164	162	0	8845
18618	8345	408	115	145	0	9013
18619	439	149	90	7816	0	8494
18620	176	8313	99	415	0	9003
18621	136	392	84	8691	0	9303
18622	8532	141	96	489	0	9258
18623	445	88	91	8703	0	9327
18624	162	107	8320	521	0	9110
18625	8474	80	403	232	0	9189
18626	8875	90	153	191	0	9309
18627	549	107	8252	153	0	9061
18628	231	69	400	8619	0	9319
18629	8622	81	169	507	0	9379
18630	458	54	151	8437	0	9100
18631	197	70	146	8578	0	8991
18632	152	72	124	8738	0	9086
18633	125	76	118	8514	0	8833
18634	149	93	7688	638	0	8568
18635	134	68	412	8188	0	8802
18636	140	75	7777	586	0	8578
18637	7851	63	482	303	0	8699
18638	8039	66	218	242	0	8565
18639	8069	56	168	239	0	8532
18640	8069	68	148	222	0	8507
18641	575	74	140	7832	0	8621
18642	7873	57	133	559	0	8622
18643	569	82	7529	288	0	8468
18644	282	74	7697	252	0	8305
18645	7408	50	527	218	0	8203
18646	502	7262	247	222	0	8233
18647	244	7792	191	221	0	8448
18648	195	472	155	7696	0	8518
18649	186	185	7437	570	0	8378
18650	7376	112	483	292	0	8263
18651	521	98	7413	259	0	8291
18652	257	7049	470	222	0	7998
18653	213	402	7162	198	0	7975
18654	172	6095	389	177	0	6833
18655	5690	338	193	176	0	6397
18656	398	5761	165	165	0	6489
18657	209	5790	133	188	0	6320
18658	172	378	141	5821	0	6512
18659	152	173	5627	416	0	6368
18660	152	132	390	5654	0	6328
18661	169	121	170	6006	0	6466
18662	149	115	5615	453	0	6332
18663	160	126	356	5381	0	6023
18664	157	5510	193	412	0	6272
18665	161	334	159	5829	0	6483
18666	5766	149	141	456	0	6512
18667	375	105	152	5914	0	6546
18668	193	110	5598	458	0	6359
18669	154	102	382	5889	0	6527
18670	141	118	5800	457	0	6516
18671	5858	91	409	240	0	6598
18672	409	109	169	6025	0	6712
18673	6002	110	155	472	0	6739
18674	428	93	5702	287	0	6510
18675	5487	96	388	237	0	6208
18676	399	5794	205	249	0	6647
18677	889	312	6591	219	0	8011
18678	208	134	389	7366	0	8097
18679	145	106	6965	412	0	7628
18680	166	6078	349	221	0	6814
18681	173	6529	175	182	0	7059
18682	6109	368	122	175	0	6774
18683	336	6299	133	182	0	6950
18684	6364	311	128	171	0	6974
18685	370	156	137	7279	0	7942
18686	185	124	7019	388	0	7716
18687	165	7056	352	221	0	7794
18688	106	273	131	6644	0	7154
18689	124	126	108	6746	0	7104
18690	131	97	95	6823	0	7146
18691	139	78	87	6593	0	6897
18692	118	6078	98	376	0	6670
18693	115	6663	103	172	0	7053
18694	6549	313	110	162	0	7134
18695	248	5908	83	85	0	6324
18696	79	261	79	6197	0	6616
18697	66	105	5999	299	0	6469
18698	46	5668	175	91	0	5980
18699	49	192	56	5723	0	6020
18700	54	82	36	5735	0	5907
18701	54	5725	34	221	0	6034
18702	5769	194	38	85	0	6086
18703	192	92	5948	61	0	6293
18704	5322	53	157	57	0	5589
18705	159	5552	75	55	0	5841
18706	4957	133	15	17	0	5122
18707	110	5237	14	33	0	5394
18708	36	125	15	5988	0	6164
18709	14	58	10	6147	0	6229
18710	5950	32	12	201	0	6195
18711	159	23	12	6032	0	6226
18712	60	44	5761	194	0	6059
18713	35	5673	154	95	0	5957
18714	17	5600	46	39	0	5702
18715	21	139	22	5692	0	5874
18716	17	62	5553	128	0	5760
18717	19	35	105	5531	0	5690
18718	18	35	32	5741	0	5826
18719	22	42	5527	163	0	5754
18720	27	36	5196	65	0	5324
18721	24	5265	133	49	0	5471
18722	5422	126	48	45	0	5641
18723	114	54	31	5306	0	5505
18724	42	5013	27	124	0	5206
18725	5266	134	21	52	0	5473
18726	123	52	13	5258	0	5446
18727	43	38	23	5318	0	5422
18728	29	5068	28	162	0	5287
18729	34	135	17	5324	0	5510
18730	5244	48	30	154	0	5476
18731	117	45	29	5244	0	5435
18732	49	49	16	5353	0	5467
18733	47	44	5053	170	0	5314
18734	24	40	4848	86	0	4998
18735	5112	24	141	72	0	5349
18736	120	36	49	5233	0	5438
18737	55	29	38	5271	0	5393
18738	34	28	33	5381	0	5476
18739	27	48	5065	187	0	5327
18740	5088	48	107	111	0	5354
18741	130	37	45	5254	0	5466
18742	51	28	42	5370	0	5491
18743	5210	49	33	187	0	5479
18744	136	5059	39	105	0	5339
18745	63	119	4985	88	0	5255
18746	36	58	127	5058	0	5279
18747	37	5029	57	167	0	5290
18748	37	124	47	5292	0	5500
18749	5214	58	31	184	0	5487
18750	140	55	27	5285	0	5507
18751	5215	40	27	197	0	5479
18752	5283	49	25	107	0	5464
18753	169	40	22	5096	0	5327
18754	77	4879	38	180	0	5174
18755	56	5159	37	103	0	5355
18756	42	149	4998	104	0	5293
18757	44	60	127	5006	0	5237
18758	42	53	59	5232	0	5386
18759	30	40	56	5365	0	5491
18760	5182	36	40	214	0	5472
18761	150	38	35	5246	0	5469
18762	82	45	5070	200	0	5397
18763	5059	38	113	123	0	5333
18764	155	35	46	5219	0	5455
18765	73	37	36	5352	0	5498
18766	62	36	5025	235	0	5358
18767	4931	35	130	132	0	5228
18768	142	27	52	5257	0	5478
18769	76	47	5085	199	0	5407
18770	45	39	110	4948	0	5142
18771	56	36	72	4607	0	4771
18772	41	4828	61	182	0	5112
18773	4930	104	52	137	0	5223
18774	4968	45	35	118	0	5166
18775	150	4816	37	110	0	5113
18776	4990	106	40	107	0	5243
18777	3561	62	51	81	0	3755
18778	171	50	38	3525	0	3784
18779	86	37	3043	151	0	3317
18780	61	34	2970	118	0	3183
18781	41	31	3106	88	0	3266
18782	54	23	3126	83	0	3286
18783	27	33	143	3028	0	3231
18784	26	25	94	3102	0	3247
18785	33	31	56	2367	0	2487
18786	44	34	27	2423	0	2528
18787	2256	23	24	193	0	2496
18788	127	2451	30	125	0	2733
18789	2909	97	32	84	0	3122
18790	160	48	2754	79	0	3041
18791	78	29	3254	66	0	3427
18792	61	600	91	2911	0	3663
18793	3547	26	66	144	0	3783
18794	2677	12	42	86	0	2817
18795	128	2785	35	65	0	3013
18796	53	3516	38	62	0	3669
18797	42	96	14	3650	0	3802
18798	4507	46	23	112	0	4688
18799	95	4336	22	68	0	4521
18800	5325	82	14	46	0	5467
18801	5097	54	16	48	0	5215
18802	5214	25	16	43	0	5298
18803	145	18	5181	40	0	5384
18804	82	5267	91	35	0	5475
18805	5699	74	39	77	0	5889
18806	5678	41	31	85	0	5835
18807	216	5076	31	52	0	5375
18808	75	4483	6	12	0	4576
18809	4686	122	2	3	0	4813
18810	46	69	2	4681	0	4798
18811	58	21	4518	86	0	4683
18812	4468	42	31	23	0	4564
18813	87	63	10	4679	0	4839
18814	137	4415	19	104	0	4675
18815	198	53	2	4840	0	5093
18816	279	51	4606	193	0	5129
18817	303	147	77	4960	0	5487
18818	5391	257	18	237	0	5903
18819	836	301	12	4782	0	5931
18820	404	736	2	4769	0	5911
18821	268	837	5333	196	0	6634
18822	308	449	36	5651	0	6444
18823	803	5358	23	243	0	6427
18824	5987	556	66	132	0	6741
18825	6022	222	115	16	0	6375
18826	975	166	5456	43	0	6640
18827	890	173	190	5239	0	6492
18828	462	5301	517	86	0	6366
18829	371	5778	232	81	0	6462
18830	6116	418	125	57	0	6716
18831	817	378	19	5453	0	6667
18832	446	687	5303	153	0	6589
18833	272	700	5138	253	0	6363
18834	599	256	208	5541	0	6604
18835	5664	106	218	680	0	6668
18836	5509	109	531	406	0	6555
18837	593	190	204	5573	0	6560
18838	281	161	5447	727	0	6616
18839	166	5491	202	426	0	6285
18840	5467	209	228	801	0	6705
18841	172	5915	543	492	0	7122
18842	6385	121	210	807	0	7523
18843	602	77	147	6655	0	7481
18844	251	49	6247	886	0	7433
18845	129	84	227	6848	0	7288
18846	6202	144	604	452	0	7402
18847	244	180	6273	631	0	7328
18848	347	6259	207	251	0	7064
18849	762	244	146	6290	0	7442
18850	6920	182	175	207	0	7484
18851	328	214	6453	227	0	7222
18852	173	318	271	6447	0	7209
18853	186	719	128	6381	0	7414
18854	228	733	6499	256	0	7716
18855	569	304	224	6409	0	7506
18856	274	90	6744	665	0	7773
18857	6785	23	732	383	0	7923
18858	272	15	754	7421	0	8462
18859	347	32	8306	694	0	9379
18860	753	7795	255	343	0	9146
18861	9043	205	194	261	0	9703
18862	9467	233	180	561	0	10441
18863	382	256	529	9734	0	10901
18864	328	10799	233	228	0	11588
18865	11311	500	168	148	0	12127
18866	533	632	90	10831	0	12086
18867	658	202	10543	485	0	11888
18868	10290	106	403	746	0	11545
18869	403	10097	686	432	0	11618
18870	252	246	376	11264	0	12138
18871	11224	168	264	493	0	12149
18872	454	204	10965	324	0	11947
18873	273	579	10662	239	0	11753
18874	234	239	448	10378	0	11299
18875	640	105	11380	572	0	12697
18876	260	17	791	11223	0	12291
18877	116	10619	402	976	0	12113
18878	78	246	337	12325	0	12986
18879	11424	53	655	674	0	12806
18880	344	59	11464	773	0	12640
18881	248	10793	890	373	0	12304
18882	623	285	345	11586	0	12839
18883	318	228	12010	667	0	13223
18884	326	184	701	11674	0	12885
18885	336	11692	291	353	0	12672
18886	714	12090	202	216	0	13222
18887	12744	405	89	266	0	13504
18888	528	11474	120	677	0	12799
18889	270	739	11097	359	0	12465
18890	10817	282	253	316	0	11668
18891	469	244	10689	583	0	11985
18892	50	43	173	9634	0	9900
18893	42	31	11489	169	0	11731
18894	30	10864	203	51	0	11148
18895	26	146	62	11611	0	11845
18896	16	45	39	10921	0	11021
18897	7	30	39	10712	0	10788
18898	13	31	9874	218	0	10136
18899	12	25	160	9717	0	9914
18900	10	26	39	9626	0	9701
18901	9414	21	28	230	0	9693
18902	9121	19	33	82	0	9255
18903	183	30	9170	66	0	9449
18904	55	8930	184	62	0	9231
18905	45	163	9377	39	0	9624
18906	38	33	177	9404	0	9652
18907	33	52	9459	165	0	9709
18908	23	35	188	9299	0	9545
18909	23	28	67	9637	0	9755
18910	20	25	9355	201	0	9601
18911	8601	28	194	86	0	8909
18912	159	9111	67	72	0	9409
18913	40	156	47	9484	0	9727
18914	29	60	10633	203	0	10925
18915	37	70	10087	67	0	10261
18916	10224	33	193	55	0	10505
18917	167	10228	98	54	0	10547
18918	46	169	51	11044	0	11310
18919	11001	41	47	189	0	11278
18920	171	33	45	10923	0	11172
18921	52	30	34	10588	0	10704
18922	43	37	10197	227	0	10504
18923	9758	31	172	91	0	10052
18924	10509	26	48	71	0	10654
18925	201	24	45	10505	0	10775
18926	10505	24	46	196	0	10771
18927	212	17	40	10475	0	10744
18928	73	9628	64	216	0	9981
18929	55	10105	51	103	0	10314
18930	46	181	32	10566	0	10825
18931	10465	58	33	204	0	10760
18932	182	50	17	10482	0	10731
18933	10840	45	25	221	0	11131
18934	10833	43	24	86	0	10986
18935	226	27	32	10702	0	10987
18936	77	29	32	10812	0	10950
18937	73	32	10553	236	0	10894
18938	76	31	10876	98	0	11081
18939	57	30	217	11026	0	11330
18940	43	37	13098	248	0	13426
18941	12205	20	240	105	0	12570
18942	211	25	97	13767	0	14100
18943	70	37	13643	307	0	14057
18944	13936	21	285	152	0	14394
18945	14716	19	122	85	0	14942
18946	406	14715	97	83	0	15301
18947	187	282	42	15319	0	15830
18948	116	135	15420	332	0	16003
18949	15552	82	305	137	0	16076
18950	16263	55	121	114	0	16553
18951	426	67	15481	83	0	16057
18952	15898	30	334	67	0	16329
18953	421	19	155	15525	0	16120
18954	192	31	101	15916	0	16240
18955	15608	41	76	418	0	16143
18956	15650	23	62	221	0	15956
18957	426	10	61	14997	0	15494
18958	220	44	14409	365	0	15038
18959	133	13059	310	207	0	13709
18960	107	240	13279	109	0	13735
18961	121	111	13145	90	0	13467
18962	82	12460	386	86	0	13014
18963	63	232	750	11050	0	12095
18964	58	92	81	11604	0	11835
18965	61	71	11296	228	0	11656
18966	73	31	183	11308	0	11595
18967	11564	20	125	228	0	11937
18968	210	46	11171	137	0	11564
18969	11286	15	201	115	0	11617
18970	11584	26	140	70	0	11820
18971	11615	33	90	78	0	11816
18972	342	39	11190	64	0	11635
18973	242	44	11091	63	0	11440
18974	175	29	258	11119	0	11581
18975	127	35	187	9757	0	10106
18976	106	10360	131	236	0	10833
18977	10643	161	113	151	0	11068
18978	10557	96	98	118	0	10869
18979	297	10387	96	106	0	10886
18980	10766	161	78	98	0	11103
18981	266	10397	72	100	0	10835
18982	10760	201	87	84	0	11132
18983	259	111	69	9927	0	10366
18984	167	104	10208	208	0	10687
18985	127	81	10125	141	0	10474
18986	111	53	319	9978	0	10461
18987	98	43	218	10198	0	10557
18988	90	63	9866	337	0	10356
18989	84	38	293	9824	0	10239
18990	77	41	198	10239	0	10555
18991	10089	41	138	367	0	10635
18992	10478	37	109	228	0	10852
18993	9431	53	80	149	0	9713
18994	421	50	8907	109	0	9487
18995	280	9046	249	103	0	9678
18996	214	199	173	9288	0	9874
18997	189	142	9123	227	0	9681
18998	149	9150	256	168	0	9723
18999	10075	227	178	132	0	10612
19000	335	142	125	9971	0	10573
19001	228	89	109	10298	0	10724
19002	10175	65	104	404	0	10748
19003	333	70	97	10599	0	11099
19004	227	67	96	10689	0	11079
19005	10627	71	79	450	0	11227
19006	364	84	10063	265	0	10776
19007	245	10175	291	196	0	10907
19008	10616	269	187	170	0	11242
19009	366	162	10247	144	0	10919
19010	10197	106	326	152	0	10781
19011	416	10213	233	143	0	11005
19012	10635	283	172	180	0	11270
19013	10521	147	143	181	0	10992
19014	9336	113	155	163	0	9767
19015	486	83	108	9065	0	9742
19016	329	71	126	9004	0	9530
19017	271	9575	121	434	0	10401
19018	239	9697	135	298	0	10369
19019	211	10315	130	209	0	10865
19020	10462	391	102	181	0	11136
19021	392	209	10331	171	0	11103
19022	299	140	271	10624	0	11334
19023	242	113	186	10392	0	10933
19024	181	10493	160	421	0	11255
19025	187	318	114	10710	0	11329
19026	172	180	147	10544	0	11043
19027	157	10581	110	460	0	11308
19028	10641	337	145	266	0	11389
19029	348	11212	109	224	0	11893
19030	273	360	11023	179	0	11835
19031	10880	196	303	186	0	11565
19032	388	11157	182	212	0	11939
19033	10625	314	165	158	0	11262
19034	404	174	110	10925	0	11613
19035	283	153	100	11124	0	11660
19036	273	134	10716	388	0	11511
19037	257	135	10530	244	0	11166
19038	215	101	326	10522	0	11164
19039	10507	90	184	316	0	11097
19040	8122	72	118	163	0	8475
19041	334	8209	92	152	0	8787
19042	141	7017	62	62	0	7282
19043	111	7111	70	65	0	7357
19044	56	588	14	6077	0	6735
19045	6811	67	29	128	0	7035
19046	6380	34	31	53	0	6498
19047	6539	24	16	52	0	6631
19048	149	50	5723	44	0	5966
19049	81	6356	123	32	0	6592
19050	64	105	43	9058	0	9270
19051	8968	40	33	161	0	9202
19052	171	35	24	8859	0	9089
19053	69	30	19	9266	0	9384
19054	9061	41	17	194	0	9313
19055	10512	41	19	83	0	10655
19056	251	74	10240	61	0	10626
19057	153	24	201	10556	0	10934
19058	80	49	10535	225	0	10889
19059	60	26	229	10902	0	11217
19060	420	55	10080	274	0	10829
19061	63	50	213	10949	0	11275
19062	10486	29	109	295	0	10919
19063	230	10436	65	189	0	10920
19064	132	11384	50	102	0	11668
19065	112	306	45	10362	0	10825
19066	62	11686	57	237	0	12042
19067	11791	274	54	132	0	12251
19068	11652	135	39	78	0	11904
19069	387	123	11092	65	0	11667
19070	189	11256	265	74	0	11784
19071	117	259	107	11889	0	12372
19072	107	152	11410	311	0	11980
19073	11541	70	267	173	0	12051
19074	307	48	133	11873	0	12361
19075	181	54	11580	317	0	12132
19076	133	69	251	11956	0	12409
19077	11919	70	147	341	0	12477
19078	284	91	11559	196	0	12130
19079	11543	80	274	107	0	12004
19080	11927	81	147	116	0	12271
19081	392	63	103	11778	0	12336
19082	220	72	11431	317	0	12040
19083	156	92	11139	208	0	11595
19084	11057	64	313	114	0	11548
19085	11439	62	148	103	0	11752
19086	343	78	10884	113	0	11418
19087	191	69	239	10851	0	11350
19088	167	54	132	10409	0	10762
19089	115	10980	133	333	0	11561
19090	113	235	98	11464	0	11910
19091	11323	131	75	324	0	11853
19092	302	67	87	11469	0	11925
19093	177	67	10986	340	0	11570
19094	10781	51	265	222	0	11319
19095	296	48	167	11091	0	11602
19096	178	63	10683	316	0	11240
19097	133	10687	307	203	0	11330
19098	10613	232	154	176	0	11175
19099	228	10629	124	111	0	11092
19100	10710	201	72	104	0	11087
19101	317	117	10192	128	0	10754
19102	170	9963	257	127	0	10517
19103	159	10197	165	104	0	10625
19104	125	262	119	9684	0	10190
19105	113	147	93	10048	0	10401
19106	166	75	9604	331	0	10176
19107	110	57	244	9967	0	10378
19108	9826	60	179	347	0	10412
19109	267	77	9648	241	0	10233
19110	197	83	249	9867	0	10396
19111	146	83	9656	307	0	10192
19112	9199	98	248	244	0	9789
19113	277	9540	225	197	0	10239
19114	9842	227	129	214	0	10412
19115	9904	161	138	225	0	10428
19116	10025	101	131	226	0	10483
19117	456	96	8620	225	0	9397
19118	317	8647	284	196	0	9444
19119	261	248	212	8816	0	9537
19120	211	163	168	9380	0	9922
19121	9032	126	195	400	0	9753
19122	345	97	173	9193	0	9808
19123	9732	115	200	380	0	10427
19124	9795	96	208	307	0	10406
19125	9816	115	176	263	0	10370
19126	9926	107	164	275	0	10472
19127	515	120	193	9749	0	10577
19128	9729	140	125	445	0	10439
19129	436	155	8817	287	0	9695
19130	9179	139	362	212	0	9892
19131	9502	133	211	217	0	10063
19132	604	144	9169	114	0	10031
19133	9636	152	343	156	0	10287
19134	9961	110	269	161	0	10501
19135	526	153	196	9603	0	10478
19136	346	105	149	10007	0	10607
19137	9796	90	214	444	0	10544
19138	460	97	174	9869	0	10600
19139	327	86	175	9646	0	10234
19140	273	9481	184	519	0	10457
19141	234	229	161	10099	0	10723
19142	9933	114	183	400	0	10630
19143	434	76	152	10013	0	10675
19144	360	71	151	9985	0	10567
19145	265	9239	185	467	0	10156
19146	280	273	125	9368	0	10046
19147	283	135	185	9125	0	9728
19148	8943	81	170	423	0	9617
19149	515	71	119	8226	0	8931
19150	131	30	5434	230	0	5825
19151	70	5281	165	136	0	5652
19152	61	5556	107	85	0	5809
19153	5419	218	55	63	0	5755
19154	226	5726	40	61	0	6053
19155	4229	92	15	28	0	4364
19156	113	4891	15	13	0	5032
19157	4994	131	5	20	0	5150
19158	154	44	11	4909	0	5118
19159	64	17	1	5007	0	5089
19160	34	4872	6	175	0	5087
19161	32	128	2	5056	0	5218
19162	14	53	4563	164	0	4794
19163	4489	20	114	69	0	4692
19164	134	4455	44	39	0	4672
19165	4164	107	5	38	0	4314
19166	4134	38	10	20	0	4202
19167	4203	11	8	28	0	4250
19168	157	21	5	4068	0	4251
19169	61	17	4	4092	0	4174
19170	30	4002	13	158	0	4203
19171	4074	111	6	49	0	4240
19172	129	4040	4	46	0	4219
19173	4195	113	10	36	0	4354
19174	135	59	3988	19	0	4201
19175	4255	29	105	17	0	4406
19176	142	30	31	4241	0	4444
19177	76	28	4169	135	0	4408
19178	50	31	4221	45	0	4347
19179	48	8	150	4250	0	4456
19180	32	20	4203	142	0	4397
19181	27	8	129	4293	0	4457
19182	4258	14	55	141	0	4468
19183	136	9	21	4331	0	4497
19184	69	19	4091	142	0	4321
19185	35	3969	125	78	0	4207
19186	39	4448	49	31	0	4567
19187	36	154	14	4568	0	4772
19188	4706	49	24	147	0	4926
19189	137	28	12	4710	0	4887
19190	58	38	11	4790	0	4897
19191	45	25	10	4833	0	4913
19192	46	19	12	4569	0	4646
19193	44	28	4365	192	0	4629
19194	43	33	4270	92	0	4438
19195	4280	20	154	63	0	4517
19196	4487	21	52	54	0	4614
19197	179	15	29	4376	0	4599
19198	73	26	26	4494	0	4619
19199	61	17	3997	191	0	4266
19200	47	3998	136	94	0	4275
19201	4137	129	45	58	0	4369
19202	4216	55	24	55	0	4350
19203	176	26	27	4169	0	4398
19204	75	40	4051	155	0	4321
19205	52	26	129	3931	0	4138
19206	51	4042	52	134	0	4279
19207	48	123	4041	92	0	4304
19208	4014	64	135	48	0	4261
19209	155	32	56	4145	0	4388
19210	4205	30	29	178	0	4442
19211	151	29	4023	87	0	4290
19212	4282	33	133	59	0	4507
19213	157	21	55	4385	0	4618
19214	4404	26	33	157	0	4620
19215	166	17	37	4305	0	4525
19216	78	4115	33	163	0	4389
19217	64	4330	28	83	0	4505
19218	45	164	21	4699	0	4929
19219	51	57	4102	148	0	4358
19220	33	4088	126	81	0	4328
19221	29	120	34	4069	0	4252
19222	3262	51	714	162	0	4189
19223	3249	16	19	74	0	3358
19224	96	31	21	3279	0	3427
19225	56	16	13	3288	0	3373
19226	40	3109	28	100	0	3277
19227	40	3279	19	59	0	3397
19228	3099	90	17	41	0	3247
19229	73	43	17	3110	0	3243
19230	50	21	28	3139	0	3238
19231	21	26	3037	124	0	3208
19232	32	16	75	2663	0	2786
19233	29	13	42	2709	0	2793
19234	33	19	16	2775	0	2843
19235	34	15	2582	112	0	2743
19236	17	11	81	2676	0	2785
19237	2671	21	43	98	0	2833
19238	76	26	2568	73	0	2743
19239	3301	15	80	38	0	3434
19240	83	13	47	3162	0	3305
19241	64	11	23	3221	0	3319
19242	23	11	31	3380	0	3445
19243	38	12	3100	165	0	3315
19244	3549	7	96	94	0	3746
19245	124	3696	46	70	0	3936
19246	3811	102	33	46	0	3992
19247	133	3744	32	34	0	3943
19248	77	127	17	3818	0	4039
19249	3835	59	16	142	0	4052
19250	132	32	3683	72	0	3919
19251	3698	22	109	48	0	3877
19252	132	22	3708	48	0	3910
19253	73	18	119	3789	0	3999
19254	46	13	3529	135	0	3723
19255	31	3509	128	81	0	3749
19256	6	65	23	2872	0	2966
19257	2855	21	16	76	0	2968
19258	71	11	10	2803	0	2895
19259	28	3092	12	79	0	3211
19260	16	64	10	3219	0	3309
19261	3117	25	8	78	0	3228
19262	3165	14	4	38	0	3221
19263	90	3066	16	19	0	3191
19264	32	3129	10	8	0	3179
19265	18	71	2	3134	0	3225
19266	10	26	6	3211	0	3253
19267	3170	11	3	82	0	3266
19268	3072	8	13	37	0	3130
19269	79	3354	6	25	0	3464
19270	27	77	14	3402	0	3520
19271	20	29	2	3516	0	3567
19272	12	25	3312	96	0	3445
19273	22	3292	69	40	0	3423
19274	15	3421	25	32	0	3493
19275	13	79	9	3236	0	3337
19276	19	35	3189	78	0	3321
19277	12	19	3175	23	0	3229
19278	15	9	81	3179	0	3284
19279	12	10	32	3258	0	3312
19280	12	12	3189	86	0	3299
19281	8	12	75	3180	0	3275
19282	6	19	3184	84	0	3293
19283	3141	7	68	44	0	3260
19284	75	13	23	3228	0	3339
19285	28	18	3217	86	0	3349
19286	22	19	2976	37	0	3054
19287	18	8	90	3184	0	3300
19288	14	14	3022	115	0	3165
19289	16	25	3362	36	0	3439
19290	12	3229	166	31	0	3438
19291	3465	159	40	22	0	3686
19292	165	42	3403	21	0	3631
19293	36	31	142	3337	0	3546
19294	28	21	34	3552	0	3635
19295	17	10	30	3653	0	3710
19296	12	23	3356	212	0	3603
19297	22	10	148	3464	0	3644
19298	3464	19	37	191	0	3711
19299	160	14	35	3488	0	3697
19300	36	18	3352	194	0	3600
19301	27	9	155	3491	0	3682
19302	3454	9	47	197	0	3707
19303	3568	13	47	54	0	3682
19304	3582	8	33	53	0	3676
19305	197	7	29	3462	0	3695
19306	3492	11	26	185	0	3714
19307	3585	6	31	53	0	3675
19308	3550	12	27	48	0	3637
19309	202	3351	27	39	0	3619
19310	3483	155	23	33	0	3694
19311	185	31	30	3452	0	3698
19312	52	33	3111	175	0	3371
19313	50	3187	155	58	0	3450
19314	3256	164	41	51	0	3512
19315	173	42	46	3263	0	3524
19316	49	32	27	3265	0	3373
19317	39	3084	21	194	0	3338
19318	39	3073	27	70	0	3209
19319	3150	181	29	51	0	3411
19320	176	3187	26	47	0	3436
19321	3191	186	26	45	0	3448
19322	198	3162	20	60	0	3440
19323	3155	177	32	47	0	3411
19324	192	3095	20	47	0	3354
19325	63	3285	22	42	0	3412
19326	3196	187	14	48	0	3445
19327	193	54	2964	36	0	3247
19328	55	3102	140	44	0	3341
19329	57	163	41	3158	0	3419
19330	45	41	29	3336	0	3451
19331	42	35	27	3318	0	3422
19332	47	27	20	3382	0	3476
19333	42	30	2995	229	0	3296
19334	3129	19	151	80	0	3379
19335	182	18	50	3509	0	3759
19336	3917	23	35	199	0	4174
19337	4082	17	25	55	0	4179
19338	4098	24	23	57	0	4202
19339	3484	28	22	36	0	3570
19340	260	40	3159	36	0	3495
19341	67	20	166	3032	0	3285
19342	45	28	2834	195	0	3102
19343	33	2940	167	49	0	3189
19344	20	160	25	2403	0	2608
19345	27	26	18	2550	0	2621
19346	22	27	15	2561	0	2625
19347	24	18	13	2618	0	2673
19348	20	15	2343	195	0	2573
19349	20	16	142	2448	0	2626
19350	24	14	25	2625	0	2688
19351	2457	17	21	190	0	2685
19352	2579	13	12	54	0	2658
19353	183	24	9	2456	0	2672
19354	60	10	11	2578	0	2659
19355	46	14	14	2628	0	2702
19356	2849	18	16	202	0	3085
19357	2995	14	12	61	0	3082
19358	2972	15	13	49	0	3049
19359	2662	15	16	34	0	2727
19360	193	2443	15	46	0	2697
19361	2559	145	15	47	0	2766
19362	2682	22	12	43	0	2759
19363	181	24	14	2554	0	2773
19364	47	13	14	2512	0	2586
19365	2372	4	11	186	0	2573
19366	171	2238	14	54	0	2477
19367	57	2388	11	35	0	2491
19368	2118	161	290	30	0	2599
19369	169	21	3	2081	0	2274
19370	52	15	7	2194	0	2268
19371	47	9	12	2212	0	2280
19372	31	11	9	2236	0	2287
19373	25	12	6	2191	0	2234
19374	28	2011	5	175	0	2219
19375	28	142	4	2112	0	2286
19376	2081	20	13	168	0	2282
19377	156	22	5	2093	0	2276
19378	30	11	6	2253	0	2300
19379	2083	10	10	191	0	2294
19380	157	2017	12	52	0	2238
19381	30	143	6	2057	0	2236
19382	36	2235	5	155	0	2431
19383	37	147	1	2343	0	2528
19384	44	25	2167	172	0	2408
19385	2126	22	98	48	0	2294
19386	148	2189	19	44	0	2400
19387	2030	107	9	24	0	2170
19388	136	27	1931	20	0	2114
19389	22	6	44	1482	0	1554
19390	25	1468	10	54	0	1557
19391	18	1551	4	17	0	1590
19392	1570	53	2	20	0	1645
19393	61	7	3	1549	0	1620
19394	16	8	1753	66	0	1843
19395	14	2	60	1803	0	1879
19396	13	9	1765	83	0	1870
19397	1740	6	65	18	0	1829
19398	71	14	1733	19	0	1837
19399	18	12	54	1729	0	1813
19400	19	2391	5	80	0	2495
19401	9	64	2	2532	0	2607
19402	5	2435	3	89	0	2532
19403	2792	66	5	33	0	2896
19404	86	6	2	3164	0	3258
19405	23	17	3077	89	0	3206
19406	22	16	2969	20	0	3027
19407	2980	5	67	23	0	3075
19408	3223	7	8	22	0	3260
19409	3198	8	4	27	0	3237
19410	3191	7	2	20	0	3220
19411	94	2978	11	20	0	3103
19412	3192	82	2	21	0	3297
19413	3226	17	3	20	0	3266
19414	91	19	3459	17	0	3586
19415	20	14	76	3445	0	3555
19416	3644	7	14	86	0	3751
19417	91	10	3483	23	0	3607
19418	19	15	69	3521	0	3624
19419	11	10	3341	85	0	3447
19420	6	11	63	3295	0	3375
19421	8	3194	13	76	0	3291
19422	3444	76	5	18	0	3543
19423	83	20	3270	17	0	3390
19424	3313	7	72	17	0	3409
19425	82	2	10	3388	0	3482
19426	3436	4	6	88	0	3534
19427	80	7	3	3411	0	3501
19428	3440	9	7	81	0	3537
19429	78	16	3210	17	0	3321
19430	3235	9	71	13	0	3328
19431	79	11	7	3380	0	3477
19432	17	2	10	3460	0	3489
19433	3426	5	9	87	0	3527
19434	78	8	10	3388	0	3484
19435	17	14	3113	84	0	3228
19436	3	0	24	2673	0	2700
19437	2647	2	9	31	0	2689
19438	34	2558	3	7	0	2602
19439	6	2589	9	5	0	2609
19440	2694	33	3	3	0	2733
19441	28	3783	14	6	0	3831
19442	7	29	2	3984	0	4022
19443	4243	9	1	31	0	4284
19444	4194	3	4	10	0	4211
19445	4141	2	4	7	0	4154
19446	41	4	4060	3	0	4108
19447	11	4	31	4032	0	4078
19448	6	4016	13	30	0	4065
19449	9	30	4	4175	0	4218
19450	7	10	4182	29	0	4228
19451	8	3910	39	14	0	3971
19452	5	35	8	4332	0	4380
19453	4303	6	3	36	0	4348
19454	39	4159	10	15	0	4223
19455	17	34	4211	4	0	4266
19456	8	6	36	3740	0	3790
19457	11	6	3888	32	0	3937
19458	6	2	40	3746	0	3794
19459	4386	2	5	41	0	4434
19460	41	2	9	4322	0	4374
19461	4623	5	4	43	0	4675
19462	4614	5	7	12	0	4638
19463	45	4384	12	9	0	4450
19464	4658	35	9	4	0	4706
19465	38	4312	15	15	0	4380
19466	14	40	4367	8	0	4429
19467	12	14	39	4104	0	4169
19468	8	2	6	4550	0	4566
19469	12	3	4425	42	0	4482
19470	12	4119	52	16	0	4199
19471	4595	38	8	8	0	4649
19472	4576	7	3	11	0	4597
19473	43	5	8	4474	0	4530
19474	17	4	3	4449	0	4473
19475	7	3	4	4606	0	4620
19476	4589	1	7	47	0	4644
19477	39	13	4320	21	0	4393
19478	18	6	4297	8	0	4329
19479	6	9	43	4366	0	4424
19480	14	8	4636	40	0	4698
19481	9	11	4554	15	0	4589
19482	5	6	42	4184	0	4237
19483	15	5	4405	43	0	4468
19484	11	4118	41	16	0	4186
19485	8	38	10	4452	0	4508
19486	10	13	4464	35	0	4522
19487	9	7	37	4337	0	4390
19488	6	4243	13	41	0	4303
19489	4	40	6	4477	0	4527
19490	11	9	4804	44	0	4868
19491	9	6	39	4484	0	4538
19492	4610	6	9	44	0	4669
19493	44	6	4667	14	0	4731
19494	4553	4	25	2	0	4584
19495	45	4757	15	12	0	4829
19496	5037	42	4	2	0	5085
19497	43	15	8	4995	0	5061
19498	10	4787	9	46	0	4852
19499	5030	40	0	13	0	5083
19500	46	13	3	4265	0	4327
19501	13	6	4808	42	0	4869
19502	3	4936	71	17	0	5027
19503	1	439	10	4640	0	5090
19504	4876	12	7	49	0	4944
19505	4763	8	5	16	0	4792
19506	63	7	2	4736	0	4808
19507	19	1	4786	55	0	4861
19508	4428	3	51	18	0	4500
19509	60	2	4791	9	0	4862
19510	16	5	67	4674	0	4762
19511	4841	6	18	58	0	4923
19512	58	4638	24	23	0	4743
19513	4863	53	5	13	0	4934
19514	72	20	4307	12	0	4411
19515	4334	9	55	8	0	4406
19516	70	5	18	4366	0	4459
19517	23	3	16	4443	0	4485
19518	17	7	4380	70	0	4474
19519	12	2	56	4347	0	4417
19520	4420	5	17	71	0	4513
19521	63	10	8	4400	0	4481
19522	19	4201	20	63	0	4303
19523	18	55	8	4378	0	4459
19524	13	4233	12	71	0	4329
19525	11	63	4925	27	0	5026
19526	4760	18	58	22	0	4858
19527	56	12	19	5137	0	5224
19528	20	11	5091	61	0	5183
19529	17	5808	72	30	0	5927
19530	13	56	17	6304	0	6390
19531	7	19	10	6296	0	6332
19532	6337	17	5	75	0	6434
19533	56	14	9	6426	0	6505
19534	6518	4	11	71	0	6604
19535	6484	9	9	29	0	6531
19536	80	6118	28	25	0	6251
19537	6549	66	16	14	0	6645
19538	75	27	12	7536	0	7650
19539	32	22	7304	113	0	7471
19540	7261	12	92	39	0	7404
19541	113	8	22	6362	0	6505
19542	40	10	6190	114	0	6354
19543	5664	11	111	41	0	5827
19544	114	7	33	6064	0	6218
19545	44	5931	24	114	0	6113
19546	33	95	12	6063	0	6203
19547	25	5969	21	108	0	6123
19548	6111	103	17	32	0	6263
19549	115	35	6090	26	0	6266
19550	34	5864	111	36	0	6045
19551	24	95	31	6129	0	6279
19552	24	35	5979	104	0	6142
19553	19	42	5661	37	0	5759
19554	12	5786	111	34	0	5943
19555	14	88	37	6020	0	6159
19556	20	34	26	6496	0	6576
19557	14	24	23	8294	0	8355
19558	8329	20	16	308	0	8673
19559	267	38	7861	87	0	8253
19560	53	7906	294	51	0	8304
19561	38	297	67	8041	0	8443
19562	29	59	39	8614	0	8741
19563	25	41	8164	366	0	8596
19564	11	32	290	8266	0	8599
19565	13	32	8124	370	0	8539
19566	29	43	7937	99	0	8108
19567	27	27	8245	63	0	8362
19568	34	9	356	7821	0	8220
19569	28	21	98	8165	0	8312
19570	19	17	45	8514	0	8595
19571	8203	15	37	386	0	8641
19572	306	8112	30	116	0	8564
19573	8301	308	29	66	0	8704
19574	8277	58	24	52	0	8411
19575	8394	29	25	40	0	8488
19576	359	8559	42	38	0	8998
19577	8929	311	19	30	0	9289
19578	9118	71	20	43	0	9252
19579	373	39	12	8762	0	9186
19580	105	29	17	8759	0	8910
19581	55	30	14	9083	0	9182
19582	53	43	8329	398	0	8823
19583	8260	21	290	114	0	8685
19584	327	26	63	8736	0	9152
19585	8610	16	38	365	0	9029
19586	323	8457	51	100	0	8931
19587	82	313	44	8641	0	9080
19588	47	69	35	8999	0	9150
19589	8680	32	30	404	0	9146
19590	313	27	32	9079	0	9451
19591	8846	24	32	410	0	9312
19592	8967	17	21	125	0	9130
19593	388	8547	30	97	0	9062
19594	106	8488	29	66	0	8689
19595	87	368	19	8100	0	8574
19596	42	8255	27	327	0	8651
19597	45	354	15	8466	0	8880
19598	53	93	8101	371	0	8618
19599	47	73	7871	120	0	8111
19600	7564	345	346	78	0	8333
19601	7926	14	60	51	0	8051
19602	324	7326	48	48	0	7746
19603	7411	284	31	47	0	7773
19604	316	7670	29	49	0	8064
19605	72	296	26	7846	0	8240
19606	52	71	26	8057	0	8206
19607	45	44	17	7966	0	8072
19608	20	39	26	8174	0	8259
19609	7808	18	29	389	0	8244
19610	297	7655	31	122	0	8105
19611	7875	296	28	97	0	8296
19612	8078	59	24	77	0	8238
19613	380	41	7578	47	0	8046
19614	7546	50	260	52	0	7908
19615	333	7540	75	42	0	7990
19616	94	323	32	7746	0	8195
19617	66	82	37	7756	0	7941
19618	52	7559	33	348	0	7992
19619	7864	312	50	110	0	8336
19620	331	88	7471	85	0	7975
19621	7626	40	287	101	0	8054
19622	364	45	7618	88	0	8115
19623	119	46	335	7980	0	8480
19624	93	57	86	8324	0	8560
19625	80	38	65	7842	0	8025
19626	7541	53	56	437	0	8087
19627	348	44	7223	163	0	7778
19628	7345	40	305	154	0	7844
19629	6807	44	103	119	0	7073
19630	6798	48	81	104	0	7031
19631	6848	44	81	93	0	7066
19632	422	26	63	6592	0	7103
19633	141	31	6194	364	0	6730
19634	98	35	285	5787	0	6205
19635	112	43	5505	348	0	6008
19636	88	62	5536	130	0	5816
19637	110	5498	283	96	0	5987
19638	102	285	54	5165	0	5606
19639	96	92	36	5423	0	5647
19640	86	69	28	5291	0	5474
19641	109	34	38	5554	0	5735
19642	5310	45	28	356	0	5739
19643	5543	30	20	140	0	5733
19644	362	28	19	5345	0	5754
19645	121	41	5045	357	0	5564
19646	87	33	262	5307	0	5689
19647	90	27	54	5550	0	5721
19648	82	33	5048	372	0	5535
19649	101	32	245	5140	0	5518
19650	5120	52	47	349	0	5568
19651	5336	41	37	144	0	5558
19652	5350	41	26	126	0	5543
19653	370	45	19	5128	0	5562
19654	5149	36	30	339	0	5554
19655	5379	27	29	106	0	5541
19656	356	37	4416	79	0	4888
19657	47	21	2585	29	0	2682
19658	46	18	2637	40	0	2741
19659	2365	4	49	42	0	2460
19660	52	2337	35	35	0	2459
19661	2086	32	13	31	0	2162
19662	52	1981	19	19	0	2071
19663	34	34	10	2063	0	2141
19664	45	9	4	2065	0	2123
19665	31	9	10	2107	0	2157
19666	29	7	2008	46	0	2090
19667	1968	6	35	31	0	2040
19668	35	5	25	2087	0	2152
19669	14	4	2272	54	0	2344
19670	12	14	2119	27	0	2172
19671	2201	5	39	21	0	2266
19672	38	2176	22	15	0	2251
19673	2338	40	7	20	0	2405
19674	2526	10	6	23	0	2565
19675	43	2418	14	26	0	2501
19676	2017	33	7	35	0	2092
19677	52	4	1963	28	0	2047
19678	26	5	1888	23	0	1942
19679	23	9	2354	23	0	2409
19680	16	5	42	2392	0	2455
19681	20	8	2930	47	0	3005
19682	2921	5	76	22	0	3024
19683	3019	6	25	19	0	3069
19684	90	9	2922	22	0	3043
19685	33	10	59	2952	0	3054
19686	3183	1	13	81	0	3278
19687	87	3632	20	26	0	3765
19688	36	3796	19	20	0	3871
19689	3952	73	19	17	0	4061
19690	36	9	3155	3	0	3203
19691	6	1	34	3147	0	3188
19692	0	1	6	3219	0	3226
19693	3	0	1	3259	0	3263
19694	1	3083	13	45	0	3142
19695	0	38	3	3224	0	3265
19696	3261	5	2	38	0	3306
19697	38	0	1	3246	0	3285
19698	9	3048	10	35	0	3102
19699	3493	38	1	8	0	3540
19700	39	6	0	3700	0	3745
19701	7	2	0	5139	0	5148
19702	5162	1	3	48	0	5214
19703	5240	0	4	11	0	5255
19704	50	0	2	4766	0	4818
19705	5460	3	6	40	0	5509
19706	5829	1	9	12	0	5851
19707	67	5684	4	10	0	5765
19708	5919	58	2	8	0	5987
19709	60	5670	14	9	0	5753
19710	27	60	3	5961	0	6051
19711	16	23	5785	57	0	5881
19712	8	16	48	5718	0	5790
19713	16	11	9	5845	0	5881
19714	12	12	5	5996	0	6025
19715	5979	6	8	87	0	6080
19716	59	5738	12	29	0	5838
19717	5969	60	3	26	0	6058
19718	78	5647	18	25	0	5768
19719	6004	75	4	19	0	6102
19720	5977	29	2	20	0	6028
19721	5987	21	5	19	0	6032
19722	5966	18	5	25	0	6014
19723	87	31	5795	20	0	5933
19724	44	16	91	6435	0	6586
19725	31	10	20	6995	0	7056
19726	30	15	6773	153	0	6971
19727	6649	14	102	46	0	6811
19728	142	16	27	6958	0	7143
19729	51	32	6707	133	0	6923
19730	43	27	6592	39	0	6701
19731	33	22	117	6794	0	6966
19732	47	20	7089	137	0	7293
19733	40	22	118	7001	0	7181
19734	44	10	35	7276	0	7365
19735	33	19	7083	157	0	7292
19736	6725	10	125	69	0	6929
19737	131	12	40	7249	0	7432
19738	51	17	7110	151	0	7329
19739	38	6	112	7194	0	7350
19740	7249	10	46	141	0	7446
19741	145	18	7032	45	0	7240
19742	6791	16	121	48	0	6976
19743	7221	10	54	38	0	7323
19744	153	9	33	7160	0	7355
19745	70	2	30	7233	0	7335
19746	44	13	7044	166	0	7267
19747	47	3	125	7069	0	7244
19748	32	7	56	6978	0	7073
19749	25	6	36	7294	0	7361
19750	23	14	6976	192	0	7205
19751	6885	9	136	80	0	7110
19752	7190	6	51	68	0	7315
19753	7212	9	40	62	0	7323
19754	7327	12	38	50	0	7427
19755	176	12	36	7282	0	7506
19756	7279	21	35	173	0	7508
19757	7635	20	44	79	0	7778
19758	6963	34	46	79	0	7122
19759	7634	11	32	94	0	7771
19760	164	7349	63	86	0	7662
19761	7769	111	40	70	0	7990
19762	8048	26	29	86	0	8189
19763	196	7765	50	75	0	8086
19764	8015	131	32	65	0	8243
19765	207	42	36	7978	0	8263
19766	102	28	34	8105	0	8269
19767	7969	24	24	207	0	8224
19768	192	7687	33	79	0	7991
19769	106	7616	39	75	0	7836
19770	98	150	29	7835	0	8112
19771	85	50	8102	179	0	8416
19772	92	29	149	7978	0	8248
19773	64	25	47	8442	0	8578
19774	8086	30	36	213	0	8365
19775	8120	24	45	86	0	8275
19776	233	24	39	8083	0	8379
19777	122	28	7895	196	0	8241
19778	86	20	139	8052	0	8297
19779	7643	20	55	201	0	7919
19780	192	39	7417	100	0	7748
19781	72	6992	109	88	0	7261
19782	7434	112	55	60	0	7661
19783	128	27	33	7320	0	7508
19784	68	22	43	7261	0	7394
19785	75	20	41	7501	0	7637
19786	69	44	7028	174	0	7315
19787	5935	29	116	97	0	6177
19788	153	37	6365	85	0	6640
19789	80	6605	132	88	0	6905
19790	69	98	63	7216	0	7446
19791	61	20	52	7408	0	7541
19792	91	21	30	7491	0	7633
19793	79	34	7119	207	0	7439
19794	67	54	6756	104	0	6981
19795	58	32	7033	93	0	7216
19796	49	7290	188	102	0	7629
19797	53	151	60	7656	0	7920
19798	7812	29	52	222	0	8115
19799	7639	38	71	68	0	7816
19800	236	36	7235	60	0	7567
19801	107	6361	166	75	0	6709
19802	83	207	6633	85	0	7008
19803	80	6720	198	88	0	7086
19804	7662	210	64	88	0	8024
19805	7040	51	57	32	0	7180
19806	284	7256	36	49	0	7625
19807	7645	227	25	25	0	7922
19808	259	76	26	7735	0	8096
19809	125	48	13	7964	0	8150
19810	7892	27	19	293	0	8231
19811	7708	26	27	111	0	7872
19812	7807	30	15	69	0	7921
19813	330	7393	35	58	0	7816
19814	139	7798	24	67	0	8028
19815	7861	282	16	43	0	8202
19816	293	136	7615	36	0	8080
19817	135	70	202	7764	0	8171
19818	7824	47	88	250	0	8209
19819	273	7356	53	127	0	7809
19820	150	7703	51	62	0	7966
19821	7946	296	23	54	0	8319
19822	281	124	7549	55	0	8009
19823	7265	74	170	28	0	7537
19824	263	68	6477	15	0	6823
19825	130	57	7481	27	0	7695
19826	78	32	237	7273	0	7620
19827	67	43	7619	190	0	7919
19828	7455	40	203	76	0	7774
19829	8696	39	96	45	0	8876
19830	8653	31	65	41	0	8790
19831	8632	31	44	39	0	8746
19832	320	33	47	8169	0	8569
19833	8355	28	38	183	0	8604
19834	265	7802	61	83	0	8211
19835	144	182	43	7944	0	8313
19836	107	8104	50	191	0	8452
19837	8621	203	40	97	0	8961
19838	8628	99	38	51	0	8816
19839	316	57	20	8541	0	8934
19840	8696	47	32	209	0	8984
19841	8657	49	30	98	0	8834
19842	303	42	29	8471	0	8845
19843	177	30	36	8464	0	8707
19844	121	48	27	8750	0	8946
19845	101	57	8660	298	0	9116
19846	123	66	8135	126	0	8450
19847	109	52	8741	90	0	8992
19848	85	43	299	8628	0	9055
19849	104	40	8925	250	0	9319
19850	106	25	280	8637	0	9048
19851	104	48	9894	259	0	10305
19852	99	57	9276	156	0	9588
19853	9083	32	324	128	0	9567
19854	286	9232	169	107	0	9794
19855	9836	245	105	67	0	10253
19856	327	109	96	9533	0	10065
19857	162	60	80	9525	0	9827
19858	140	70	9060	349	0	9619
19859	120	8879	271	186	0	9456
19860	112	241	117	10759	0	11229
19861	121	122	10430	276	0	10949
19862	102	9843	267	150	0	10362
19863	108	244	126	10524	0	11002
19864	10469	143	84	266	0	10962
19865	10349	85	76	154	0	10664
19866	353	52	61	10421	0	10887
19867	10553	54	80	293	0	10980
19868	321	9917	75	157	0	10470
19869	188	245	67	10523	0	11023
19870	139	139	10855	279	0	11412
19871	97	84	268	10301	0	10750
19872	112	82	10334	311	0	10839
19873	9817	52	285	170	0	10324
19874	307	49	159	10337	0	10852
19875	193	10746	119	305	0	11363
19876	146	244	86	11518	0	11994
19877	137	142	11037	300	0	11616
19878	137	101	10867	185	0	11290
19879	120	100	11002	132	0	11354
19880	10872	62	354	104	0	11392
19881	273	10635	190	119	0	11217
19882	166	235	125	11176	0	11702
19883	12148	143	88	250	0	12629
19884	266	11651	76	186	0	12179
19885	12160	257	63	129	0	12609
19886	12138	127	78	92	0	12435
19887	12047	77	77	106	0	12307
19888	12359	64	84	100	0	12607
19889	395	85	11480	89	0	12049
19890	10892	55	202	85	0	11234
19891	285	44	11167	96	0	11592
19892	9736	45	265	100	0	10146
19893	280	46	134	11267	0	11727
19894	170	52	11266	229	0	11717
19895	136	12239	253	156	0	12784
19896	116	367	136	12147	0	12766
19897	100	12170	123	193	0	12586
19898	117	12228	93	137	0	12575
19899	11768	233	86	79	0	12166
19900	218	134	12065	78	0	12495
19901	138	11241	182	73	0	11634
19902	11592	144	107	74	0	11917
19903	156	11597	107	81	0	11941
19904	11478	63	10	8	0	11559
19905	71	32	12	11197	0	11312
19906	10583	13	12	58	0	10666
19907	67	11	11	10405	0	10494
19908	10295	9	11	67	0	10382
19909	63	6	12	10194	0	10275
19910	31	10684	25	69	0	10809
19911	14	54	13	11348	0	11429
19912	11289	27	14	67	0	11397
19913	58	10830	31	35	0	10954
19914	26	56	13	11278	0	11373
19915	11253	27	11	64	0	11355
19916	65	22	7	11123	0	11217
19917	37	10	8	10975	0	11030
19918	26	11	11636	89	0	11762
19919	24	21	11305	47	0	11397
19920	14	11	73	11364	0	11462
19921	25	24	12931	61	0	13041
19922	17	16	60	12728	0	12821
19923	13	16	33	12264	0	12326
19924	16	11	16	13048	0	13091
19925	16	13	11978	95	0	12102
19926	17	8	59	11519	0	11603
19927	13	16	27	11953	0	12009
19928	7	11383	37	93	0	11520
19929	11	58	21	11342	0	11432
19930	11263	31	18	63	0	11375
19931	60	19	10	11140	0	11229
19932	35	30	12730	70	0	12865
19933	12500	17	135	39	0	12691
19934	192	13694	91	49	0	14026
19935	116	201	53	14684	0	15054
19936	92	126	14028	238	0	14484
19937	13489	85	234	130	0	13938
19938	246	13910	144	100	0	14400
19939	14893	236	98	40	0	15267
19940	324	116	30	14796	0	15266
19941	14887	83	41	246	0	15257
19942	350	59	14542	141	0	15092
19943	149	13978	250	115	0	14492
19944	116	15805	133	44	0	16098
19945	15758	249	77	17	0	16101
19946	14882	152	29	871	0	15934
19947	284	96	15354	11	0	15745
19948	14970	35	181	3	0	15189
19949	15536	14	90	11	0	15651
19950	15625	16	80	8	0	15729
19951	360	14657	49	8	0	15074
19952	189	14922	43	17	0	15171
19953	15429	257	10	6	0	15702
19954	15299	160	13	7	0	15479
19955	283	15445	31	15	0	15774
19956	182	207	7	15913	0	16309
19957	114	126	15404	189	0	15833
19958	15025	87	180	107	0	15399
19959	15837	40	126	92	0	16095
19960	15286	28	93	23	0	15430
19961	351	14288	63	28	0	14730
19962	191	234	15303	16	0	15744
19963	15699	90	189	33	0	16011
19964	230	96	123	15924	0	16373
19965	148	40	81	15789	0	16058
19966	116	42	35	16460	0	16653
19967	95	32	15841	355	0	16323
19968	51	36	186	15811	0	16084
19969	66	47	15751	293	0	16157
19970	30	14817	272	179	0	15298
19971	15270	208	115	110	0	15703
19972	211	15091	113	45	0	15460
19973	126	16644	54	55	0	16879
19974	17076	313	35	15	0	17439
19975	236	15860	60	37	0	16193
19976	175	288	15	16067	0	16545
19977	127	15767	59	178	0	16131
19978	16249	277	15	91	0	16632
19979	234	15763	39	90	0	16126
19980	156	321	18	16319	0	16814
19981	154	166	15537	215	0	16072
19982	67	143	186	16389	0	16785
19983	66	15162	146	322	0	15696
19984	64	257	94	16126	0	16541
19985	59	162	50	16180	0	16451
19986	70	115	34	16942	0	17161
19987	65	61	36	17130	0	17292
19988	88	55	37	17035	0	17215
19989	83	58	21	17652	0	17814
19990	80	69	16430	500	0	17079
19991	15908	56	264	314	0	16542
19992	289	43	166	18083	0	18581
19993	202	61	18375	373	0	19011
19994	158	101	18239	261	0	18759
19995	98	56	471	17793	0	18418
19996	18050	51	275	467	0	18843
19997	379	69	17483	269	0	18200
19998	17532	59	434	224	0	18249
19999	508	83	18733	121	0	19445
20000	294	99	485	18205	0	19083
20001	254	85	243	19718	0	20300
20002	196	114	19043	506	0	19859
20003	17985	109	431	308	0	18833
20004	471	66	258	18909	0	19704
20005	290	122	18738	440	0	19590
20006	242	115	19104	297	0	19758
20007	182	94	536	18123	0	18935
20008	171	18835	391	396	0	19793
20009	19858	358	238	237	0	20691
20010	18792	202	161	218	0	19373
20011	576	182	18624	134	0	19516
20012	346	112	423	18110	0	18991
20013	18832	117	246	468	0	19663
20014	503	120	18257	297	0	19177
20015	18043	68	418	269	0	18798
20016	572	18663	324	218	0	19777
20017	310	364	221	19873	0	20768
20018	243	196	176	19715	0	20330
20019	20894	134	149	609	0	21786
20020	601	89	154	20799	0	21643
20021	309	106	111	20008	0	20534
20022	264	84	114	20383	0	20845
20023	19778	79	146	878	0	20881
20024	607	87	19194	503	0	20391
20025	19621	71	520	382	0	20594
20026	20061	60	235	280	0	20636
20027	20354	50	211	272	0	20887
20028	827	67	147	19875	0	20916
20029	454	102	19466	627	0	20649
20030	329	18576	594	366	0	19865
20031	269	19409	314	292	0	20284
20032	180	17042	117	165	0	17504
20033	166	448	18045	157	0	18816
20034	95	656	429	22279	0	23459
20035	22218	88	146	666	0	23118
20036	24001	99	111	326	0	24537
20037	857	97	91	25357	0	26402
20038	426	108	24682	821	0	26037
20039	289	93	24284	361	0	25027
20040	179	47	899	24993	0	26118
20041	160	79	24869	870	0	25978
20042	158	50	877	24956	0	26041
20043	131	50	408	24529	0	25118
20044	152	22865	339	1016	0	24372
20045	154	680	219	23586	0	24639
20046	127	238	166	24929	0	25460
20047	23770	168	235	1179	0	25352
20048	776	112	172	24107	0	25167
20049	334	82	148	25505	0	26069
20050	24323	82	238	1206	0	25849
20051	832	24410	193	722	0	26157
20052	25570	700	156	515	0	26941
20053	1045	347	24354	329	0	26075
20054	25067	180	765	405	0	26417
20055	25280	122	364	371	0	26137
20056	1237	130	24211	248	0	25826
20057	584	163	24169	352	0	25268
20058	457	118	1046	23886	0	25507
20059	24097	113	592	881	0	25683
20060	1013	167	23434	526	0	25140
20061	549	65	991	24068	0	25673
20062	430	101	22882	1005	0	24418
20063	374	78	1042	22855	0	24349
20064	334	61	534	24167	0	25096
20065	23458	64	524	1315	0	25361
20066	24114	63	377	813	0	25367
20067	24657	100	261	656	0	25674
20068	1317	128	23427	519	0	25391
20069	688	114	23531	556	0	24889
20070	538	105	1109	23528	0	25280
20071	468	104	611	23871	0	25054
20072	383	103	392	24952	0	25830
20073	22091	90	332	1439	0	23952
20074	1005	21807	334	1142	0	24288
20075	22485	747	243	693	0	24168
20076	22796	354	251	504	0	23905
20077	1253	22109	328	458	0	24148
20078	783	22937	270	428	0	24418
20079	22340	993	291	414	0	24038
20080	1073	462	314	22007	0	23856
20081	737	22197	279	1183	0	24396
20082	741	847	203	22472	0	24263
20083	620	468	21356	1197	0	23641
20084	503	275	960	22315	0	24053
20085	22239	208	645	1277	0	24369
20086	1013	211	20733	790	0	22747
20087	569	191	20901	662	0	22323
20088	475	1155	1256	18788	0	21674
20089	378	19231	721	1143	0	21473
20090	399	20200	490	743	0	21832
20091	401	21103	401	745	0	22650
20092	20240	1014	334	661	0	22249
20093	19474	439	217	612	0	20742
20094	18480	274	232	611	0	19597
20095	1143	18170	287	666	0	20266
20096	19119	666	264	584	0	20633
20097	18906	394	238	525	0	20063
20098	1278	429	17616	448	0	19771
20099	845	17081	820	372	0	19118
20100	729	865	463	17710	0	19767
20101	17642	454	404	884	0	19384
20102	1193	360	16784	524	0	18861
20103	721	241	897	16521	0	18380
20104	552	16877	554	1024	0	19007
20105	575	757	467	17282	0	19081
20106	472	339	458	17551	0	18820
20107	17017	285	420	1311	0	19033
20108	17333	281	392	842	0	18848
20109	1076	221	407	17307	0	19011
20110	639	260	17190	1215	0	19304
20111	622	224	16920	793	0	18559
20112	17975	250	944	712	0	19881
20113	1261	321	17498	484	0	19564
20114	775	234	811	15419	0	17239
20115	654	16512	592	735	0	18493
20116	16168	638	467	456	0	17729
20117	982	15984	447	480	0	17893
20118	16421	714	365	523	0	18023
20119	1051	388	356	16236	0	18031
20120	695	323	309	16788	0	18115
20121	16471	310	311	1020	0	18112
20122	16665	310	270	627	0	17872
20123	1238	346	213	16187	0	17984
20124	853	374	229	16275	0	17731
20125	749	371	15297	971	0	17388
20126	514	378	15228	692	0	16812
20127	15782	340	832	564	0	17518
20128	880	320	14779	623	0	16602
20129	15560	225	795	647	0	17227
20130	15604	220	915	560	0	17299
20131	1231	189	14799	520	0	16739
20132	796	14560	878	508	0	16742
20133	647	14655	617	369	0	16288
20134	211	273	9579	148	0	10211
20135	185	930	749	8343	0	10207
20136	7090	47	834	222	0	8193
20137	7637	29	29	88	0	7783
20138	8589	33	16	53	0	8691
20139	9958	34	24	21	0	10037
20140	9990	41	14	29	0	10074
20141	449	9100	24	39	0	9612
20142	9259	364	23	27	0	9673
20143	395	9189	36	47	0	9667
20144	9512	388	24	41	0	9965
20145	439	131	8984	37	0	9591
20146	139	64	328	9011	0	9542
20147	109	36	100	8697	0	8942
20148	73	8811	71	390	0	9345
20149	8454	331	39	141	0	8965
20150	8980	98	52	72	0	9202
20151	419	67	18	7911	0	8415
20152	147	23	18	8355	0	8543
20153	8005	24	15	421	0	8465
20154	361	24	14	8074	0	8473
20155	119	18	17	8402	0	8556
20156	8077	17	11	439	0	8544
20157	368	11	15	8201	0	8595
20158	8094	19	16	391	0	8520
20159	8357	17	17	121	0	8512
20160	446	27	7727	80	0	8280
20161	8018	19	301	54	0	8392
20162	8323	21	98	42	0	8484
20163	8400	14	49	38	0	8501
20164	484	36	7397	43	0	7960
20165	187	33	316	7362	0	7898
20166	120	29	91	7582	0	7822
20167	86	36	7036	421	0	7579
20168	7141	25	346	138	0	7650
20169	376	23	90	7304	0	7793
20170	150	35	7080	361	0	7626
20171	109	34	7252	120	0	7515
20172	74	21	384	7580	0	8059
20173	80	38	7525	390	0	8033
20174	79	20	367	7636	0	8102
20175	82	22	109	8026	0	8239
20176	97	31	6950	457	0	7535
20177	88	31	335	6674	0	7128
20178	89	6859	124	380	0	7452
20179	94	7459	78	119	0	7750
20180	7214	425	41	92	0	7772
20181	7263	133	56	70	0	7522
20182	449	7173	43	79	0	7744
20183	7322	360	39	71	0	7792
20184	7517	113	41	75	0	7746
20185	486	80	35	7158	0	7759
20186	213	44	25	7609	0	7891
20187	6909	30	36	480	0	7455
20188	411	6714	48	190	0	7363
20189	184	7132	35	128	0	7479
20190	148	429	40	7029	0	7646
20191	127	146	6698	419	0	7390
20192	6915	71	346	176	0	7508
20193	7247	31	129	132	0	7539
20194	6989	30	91	102	0	7212
20195	540	6734	50	94	0	7418
20196	240	371	54	6549	0	7214
20197	171	111	63	7200	0	7545
20198	6904	81	43	484	0	7512
20199	460	6810	51	192	0	7513
20200	227	377	56	6810	0	7470
20201	191	132	59	7178	0	7560
20202	177	83	49	7177	0	7486
20203	6715	65	63	548	0	7391
20204	478	6635	59	249	0	7421
20205	243	406	44	6007	0	6700
20206	198	6399	50	421	0	7068
20207	6507	432	68	195	0	7202
20208	505	151	6125	169	0	6950
20209	6492	99	369	151	0	7111
20210	491	81	5360	133	0	6065
20211	207	632	357	5077	0	6273
20212	5085	65	98	412	0	5660
20213	435	42	4841	177	0	5495
20214	4538	34	286	144	0	5002
20215	4740	23	98	140	0	5001
20216	4755	35	68	129	0	4987
20217	442	33	45	4326	0	4846
20218	199	35	53	4579	0	4866
20219	175	24	54	4721	0	4974
20220	4273	26	51	437	0	4787
20221	370	4264	49	198	0	4881
20222	4465	274	44	130	0	4913
20223	4712	76	67	108	0	4963
20224	442	48	4179	110	0	4779
20225	4422	36	286	103	0	4847
20226	4629	29	98	107	0	4863
20227	424	36	84	4310	0	4854
20228	192	34	79	4550	0	4855
20229	118	45	73	4707	0	4943
20230	4357	36	77	427	0	4897
20231	4469	45	80	171	0	4765
20232	4445	34	73	132	0	4684
20233	389	3762	66	119	0	4336
20234	102	3502	74	88	0	3766
20235	79	3664	66	93	0	3902
20236	3530	300	47	99	0	3976
20237	258	85	2797	72	0	3212
20238	62	40	1992	51	0	2145
20239	604	3	22	6	0	635
20240	28	1	609	7	0	645
20241	8	1	9	459	0	477
20242	4	503	4	12	0	523
20243	529	13	1	5	0	548
20244	513	3	1	6	0	523
20245	519	2	3	5	0	529
20246	14	3	1	502	0	520
20247	5	5	496	13	0	519
20248	4	4	485	1	0	494
20249	492	2	11	0	0	505
20250	431	1	1	2	0	435
20251	414	1	4	1	0	420
20252	17	2	0	407	0	426
20253	5	3	1	428	0	437
20254	5	1	396	18	0	420
20255	612	0	9	6	0	627
20256	16	1	2	621	0	640
20257	6	2	2	622	0	632
20258	4	4	3	623	0	634
20259	4	612	3	12	0	631
20260	3	15	1	618	0	637
20261	7	2	1	633	0	643
20262	630	2	1	17	0	650
20263	17	2	605	2	0	626
20264	595	4	12	3	0	614
20265	622	1	2	4	0	629
20266	14	0	2	613	0	629
20267	3	1	3	632	0	639
20268	624	2	1	13	0	640
20269	15	5	602	2	0	624
20270	3	585	10	5	0	603
20271	281	13	0	348	0	642
20272	337	0	0	0	0	337
20273	0	0	0	210	0	210
20274	0	0	208	0	0	208
20275	0	0	181	0	0	181
20276	198	0	0	0	0	198
20277	0	0	0	385	0	385
20278	0	0	378	0	0	378
20279	764	0	0	1	0	765
20280	789	0	0	0	0	789
20281	0	0	0	779	0	779
20282	0	0	0	787	0	787
20283	0	728	2	0	0	730
20284	791	0	0	0	0	791
20285	0	0	0	781	0	781
20286	0	0	0	789	0	789
20287	0	1	777	0	0	778
20288	1008	1	0	0	0	1009
20289	1063	0	1	0	0	1064
20290	0	984	2	2	0	988
20291	1	1	1043	0	0	1045
20292	0	2	1031	0	0	1033
20293	0	0	0	1033	0	1033
20294	1076	0	0	0	0	1076
20295	0	1	0	1275	0	1276
20296	1735	0	0	0	0	1735
20297	1717	0	0	1	0	1718
20298	1690	1	0	0	0	1691
20299	0	1	0	2302	0	2303
20300	0	0	0	2256	0	2256
20301	2333	0	0	0	0	2333
20302	2	0	2338	0	0	2340
20303	2165	0	2	1	0	2168
20304	2234	0	0	1	0	2235
20305	1	2	2293	1	0	2297
20306	4	2	2220	0	0	2226
20307	0	2194	7	2	0	2203
20308	0	0	0	2336	0	2336
20309	2279	0	0	0	0	2279
20310	0	0	0	2316	0	2316
20311	4	3	2317	0	0	2324
20312	0	2176	3	3	0	2182
20313	0	2234	2	5	0	2241
20314	0	0	0	2327	0	2327
20315	0	1	0	2309	0	2310
20316	0	2207	2	2	0	2211
20317	1	3	2227	0	0	2231
20318	2093	0	1	4	0	2098
20319	2315	0	0	1	0	2316
20320	0	2210	3	2	0	2215
20321	2335	0	0	0	0	2335
20322	0	1	0	2310	0	2311
20323	2341	0	0	0	0	2341
20324	0	0	0	2436	0	2436
20325	0	2394	2	5	0	2401
20326	0	4	2434	0	0	2438
20327	2	0	2	2639	0	2643
20328	1	3	0	2753	0	2757
20329	0	0	0	2919	0	2919
20330	3032	0	0	8	0	3040
20331	13	0	0	3016	0	3029
20332	5	2	2961	13	0	2981
20333	7	9	2748	9	0	2773
20334	2851	1	17	8	0	2877
20335	11	3	2910	5	0	2929
20336	2888	1	20	13	0	2922
20337	18	0	6	3200	0	3224
20338	8	1	8	3250	0	3267
20339	15	1	2	3323	0	3341
20340	8	1	4	3355	0	3368
20341	3241	0	10	103	0	3354
20342	79	8	3260	47	0	3394
20343	22	2	70	3325	0	3419
20344	18	3202	94	42	0	3356
20345	3363	31	70	10	0	3474
20346	93	5	34	3359	0	3491
20347	3403	10	48	60	0	3521
20348	95	12	3265	126	0	3498
20349	15	4	35	3439	0	3493
20350	20	3207	16	298	0	3541
20351	3442	33	18	194	0	3687
20352	88	14	3285	221	0	3608
20353	138	17	134	3289	0	3578
20354	30	8	144	3487	0	3669
20355	3233	31	117	105	0	3486
20356	98	50	3231	34	0	3413
20357	213	12	3098	68	0	3391
20358	78	3	122	3224	0	3427
20359	135	11	3300	181	0	3627
20360	39	14	3272	234	0	3559
20361	26	30	64	3446	0	3566
20362	114	48	48	3324	0	3534
20363	82	5	151	3437	0	3675
20364	3445	2	90	175	0	3712
20365	63	3295	134	133	0	3625
20366	3260	61	35	160	0	3516
20367	140	87	44	3405	0	3676
20368	176	3230	103	137	0	3646
20369	52	39	141	3506	0	3738
20370	3391	8	68	229	0	3696
20371	65	3639	165	116	0	3985
20372	96	80	103	3819	0	4098
20373	56	105	3659	174	0	3994
20374	3615	45	74	190	0	3924
20375	123	29	133	3762	0	4047
20376	184	41	24	3799	0	4048
20377	105	75	3465	208	0	3853
20378	162	21	3426	110	0	3719
20379	3016	31	179	212	0	3438
20380	70	3080	205	122	0	3477
20381	94	69	125	3265	0	3553
20382	3183	49	175	158	0	3565
20383	85	77	3692	198	0	4052
20384	35	3602	97	286	0	4020
20385	171	55	80	3902	0	4208
20386	3793	89	62	225	0	4169
20387	3860	41	72	113	0	4086
20388	3482	95	92	173	0	3842
20389	175	3410	116	91	0	3792
20390	84	106	3388	184	0	3762
20391	190	124	70	3440	0	3824
20392	62	143	66	3431	0	3702
20393	128	52	29	3627	0	3836
20394	93	97	110	3585	0	3885
20395	3408	58	71	181	0	3718
20396	2978	72	119	173	0	3342
20397	215	21	2876	213	0	3325
20398	128	48	2860	183	0	3219
20399	2363	24	196	141	0	2724
20400	2473	44	166	59	0	2742
20401	112	145	138	2307	0	2702
20402	140	2288	46	225	0	2699
20403	2387	132	44	188	0	2751
20404	154	2222	97	201	0	2674
20405	137	2362	45	138	0	2682
20406	99	90	113	2464	0	2766
20407	186	113	41	2411	0	2751
20408	150	61	68	2458	0	2737
20409	163	24	73	2428	0	2688
20410	147	130	2224	120	0	2621
20411	2346	73	107	80	0	2606
20412	2413	108	39	178	0	2738
20413	101	38	115	2465	0	2719
20414	111	78	21	2552	0	2762
20415	2415	47	16	296	0	2774
20416	169	76	2556	197	0	2998
20417	2798	71	84	130	0	3083
20418	2881	16	139	78	0	3114
20419	210	38	2639	107	0	2994
20420	2784	45	171	98	0	3098
20421	181	11	110	3002	0	3304
20422	197	16	70	3062	0	3345
20423	164	34	54	3063	0	3315
20424	134	41	15	3012	0	3202
20425	2828	41	38	217	0	3124
20426	237	78	27	2881	0	3223
20427	29	9	7	2580	0	2625
20428	27	2143	6	83	0	2259
20429	18	2278	7	46	0	2349
20430	10	43	9	2244	0	2306
20431	2201	16	2	58	0	2277
20432	44	18	2	2215	0	2279
20433	17	11	2140	59	0	2227
20434	17	18	2386	30	0	2451
20435	2488	8	44	20	0	2560
20436	48	2480	25	18	0	2571
20437	2366	23	15	11	0	2415
20438	37	17	2262	6	0	2322
20439	21	149	20	2163	0	2353
20440	2357	13	12	22	0	2404
20441	33	2223	15	18	0	2289
20442	2206	16	10	16	0	2248
20443	32	11	2434	15	0	2492
20444	24	8	19	2461	0	2512
20445	10	7	14	2523	0	2554
20446	2518	3	4	35	0	2560
20447	2403	4	13	19	0	2439
20448	2512	4	5	23	0	2544
20449	2506	0	4	19	0	2529
20450	2531	3	4	10	0	2548
20451	44	2335	9	8	0	2396
20452	31	17	2	2529	0	2579
20453	2559	12	3	20	0	2594
20454	32	6	5	2504	0	2547
20455	20	6	3	2509	0	2538
20456	17	5	0	2537	0	2559
20457	15	2405	5	35	0	2460
20458	2524	18	3	29	0	2574
20459	12	12	3	2349	0	2376
20460	2357	4	2	21	0	2384
20461	2320	6	1	21	0	2348
20462	24	2197	10	12	0	2243
20463	2349	11	1	12	0	2373
20464	24	15	2226	5	0	2270
20465	2283	4	11	4	0	2302
20466	19	7	336	1938	0	2300
20467	22	3	2572	1	0	2598
20468	5	2396	30	8	0	2439
20469	15	16	2912	5	0	2948
20470	9	2858	37	8	0	2912
20471	2674	28	3	1	0	2706
20472	2646	4	2	0	0	2652
20473	2631	2	0	3	0	2636
20474	29	2527	5	1	0	2562
20475	2668	28	1	1	0	2698
20476	33	5	2529	0	0	2567
20477	5	8	2513	0	0	2526
20478	4	1	30	2475	0	2510
20479	0	4	3	2847	0	2854
20480	4	2740	6	46	0	2796
20481	2892	51	0	7	0	2950
20482	53	8	0	2850	0	2911
20483	5	2199	5	48	0	2257
20484	9	51	1	2349	0	2410
20485	2324	4	5	58	0	2391
20486	2334	7	4	9	0	2354
20487	58	8	2258	12	0	2336
20488	12	5	45	2282	0	2344
20489	13	13	2261	52	0	2339
20490	10	4	52	2297	0	2363
20491	4	8	2281	60	0	2353
20492	3	8	53	2310	0	2374
20493	5	5	2257	66	0	2333
20494	11	1	52	2275	0	2339
20495	9	8	2618	59	0	2694
20496	3	5	58	2581	0	2647
20497	3	3	13	2711	0	2730
20498	4	2895	20	65	0	2984
20499	9	52	6	3118	0	3185
20500	8	14	3015	68	0	3105
20501	6	9	56	3014	0	3085
20502	6	6	18	3126	0	3156
20503	3336	2	9	73	0	3420
20504	56	2	17	3474	0	3549
20505	11	2	9	3532	0	3554
20506	10	10	3348	73	0	3441
20507	3294	9	51	26	0	3380
20508	53	5	15	3496	0	3569
20509	7	0	19	3522	0	3548
20510	7	3	6	3584	0	3600
20511	3518	2	8	84	0	3612
20512	62	2	5	3498	0	3567
20513	13	4	10	3548	0	3575
20514	3494	3	6	81	0	3584
20515	55	3366	20	28	0	3469
20516	16	55	4	3136	0	3211
20517	12	11	3	3209	0	3235
20518	15	12	3054	82	0	3163
20519	2569	10	51	41	0	2671
20520	58	5	10	3118	0	3191
20521	14	5	2839	80	0	2938
20522	2819	2	53	31	0	2905
20523	68	6	12	2899	0	2985
20524	8	9	13	2905	0	2935
20525	11	2	8	2940	0	2961
20526	6	3	11	2950	0	2970
20527	10	5	2858	84	0	2957
20528	12	2	48	2839	0	2901
20529	10	1	9	4370	0	4390
20530	12	14	5074	151	0	5251
20531	5162	5	156	67	0	5390
20532	5390	3	65	72	0	5530
20533	5462	4	55	41	0	5562
20534	284	5	29	4949	0	5267
20535	5052	5	19	192	0	5268
20536	5120	2	22	100	0	5244
20537	283	5	14	4988	0	5290
20538	5029	3	11	220	0	5263
20539	5097	1	17	96	0	5211
20540	5076	3	6	81	0	5166
20541	5148	2	4	59	0	5213
20542	324	4	4	4872	0	5204
20543	173	3931	18	684	0	4806
20544	126	4543	22	118	0	4809
20545	83	4656	21	97	0	4857
20546	4856	245	11	69	0	5181
20547	5038	133	9	41	0	5221
20548	273	99	4682	44	0	5098
20549	4909	50	163	38	0	5160
20550	285	22	75	4875	0	5257
20551	151	15	46	4995	0	5207
20552	106	22	33	5118	0	5279
20553	4898	16	18	304	0	5236
20554	218	10	15	4961	0	5204
20555	129	4712	20	274	0	5135
20556	101	152	11	5020	0	5284
20557	63	78	5196	272	0	5609
20558	51	75	156	5382	0	5664
20559	5353	55	76	263	0	5747
20560	206	49	5136	143	0	5534
20561	120	20	173	5298	0	5611
20562	95	14	87	5320	0	5516
20563	68	15	66	5405	0	5554
20564	54	5139	50	308	0	5551
20565	45	160	24	5504	0	5733
20566	5335	65	20	303	0	5723
20567	5195	53	13	161	0	5422
20568	281	39	4929	116	0	5365
20569	155	36	4520	77	0	4788
20570	107	25	188	4567	0	4887
20571	67	14	126	4727	0	4934
20572	62	22	4494	239	0	4817
20573	51	18	163	4435	0	4667
20574	52	4540	106	216	0	4914
20575	4800	139	69	136	0	5144
20576	4876	73	46	113	0	5108
20577	4934	58	35	86	0	5113
20578	286	54	4659	70	0	5069
20579	167	33	125	4467	0	4792
20580	135	22	4356	155	0	4668
20581	4372	10	166	92	0	4640
20582	182	4508	110	84	0	4884
20583	106	135	88	4720	0	5049
20584	4710	72	41	184	0	5007
20585	192	61	26	4746	0	5025
20586	119	40	30	4846	0	5035
20587	106	37	4513	271	0	4927
20588	4487	27	147	182	0	4843
20589	200	4520	82	119	0	4921
20590	136	139	59	4755	0	5089
20591	4750	78	42	194	0	5064
20592	217	66	36	4755	0	5074
20593	4768	52	26	234	0	5080
20594	235	4578	29	155	0	4997
20595	4488	142	24	119	0	4773
20596	270	101	4612	72	0	5055
20597	5230	75	140	83	0	5528
20598	5030	45	92	71	0	5238
20599	5060	31	82	68	0	5241
20600	334	26	48	4831	0	5239
20601	236	34	37	4833	0	5140
20602	191	35	25	4903	0	5154
20603	135	4465	21	290	0	4911
20604	4514	152	22	205	0	4893
20605	235	85	22	4537	0	4879
20606	142	64	26	4655	0	4887
20607	135	46	24	4718	0	4923
20608	4519	51	26	307	0	4903
20609	236	37	19	4623	0	4915
20610	166	28	4214	286	0	4694
20611	121	4295	152	201	0	4769
20612	92	154	78	4549	0	4873
20613	79	112	63	4601	0	4855
20614	56	90	43	4714	0	4903
20615	59	66	4441	342	0	4908
20616	75	43	4536	232	0	4886
20617	58	31	229	4770	0	5088
20618	77	33	4599	272	0	4981
20619	62	16	222	4808	0	5108
20620	4894	21	133	329	0	5377
20621	5025	25	93	229	0	5372
20622	5129	22	50	165	0	5366
20623	338	36	4769	114	0	5257
20624	4949	33	183	102	0	5267
20625	297	34	111	4919	0	5361
20626	171	35	4751	227	0	5184
20627	131	27	4756	170	0	5084
20628	99	4648	260	166	0	5173
20629	52	3342	82	68	0	3544
20630	2456	54	15	16	0	2541
20631	47	22	14	2430	0	2513
20632	33	14	2814	48	0	2909
20633	21	11	45	2835	0	2912
20634	2917	6	22	53	0	2998
20635	53	9	3211	27	0	3300
20636	2959	211	79	22	0	3271
20637	3352	19	23	12	0	3406
20638	3381	12	17	15	0	3425
20639	111	3167	10	11	0	3299
20640	3370	92	8	11	0	3481
20641	105	22	7	3332	0	3466
20642	34	14	8	3331	0	3387
20643	28	7	8	3368	0	3411
20644	14	10	10	3420	0	3454
20645	3329	7	8	112	0	3456
20646	90	2931	16	43	0	3080
20647	31	2971	13	33	0	3048
20648	25	3033	11	27	0	3096
20649	3095	112	6	18	0	3231
20650	3162	34	5	15	0	3216
20651	3143	24	8	21	0	3196
20652	3151	15	10	27	0	3203
20653	120	11	4	3049	0	3184
20654	45	10	8	3133	0	3196
20655	3105	7	7	112	0	3231
20656	103	2945	9	43	0	3100
20657	2621	91	8	28	0	2748
20658	2658	31	2	21	0	2712
20659	116	26	1	2573	0	2716
20660	50	2510	9	93	0	2662
20661	37	93	10	2625	0	2765
20662	2959	20	6	102	0	3087
20663	117	19	2797	35	0	2968
20664	41	11	80	2809	0	2941
20665	30	2841	22	105	0	2998
20666	2904	90	19	35	0	3048
20667	2868	30	12	28	0	2938
20668	129	24	2816	23	0	2992
20669	46	2734	89	30	0	2899
20670	38	105	2788	21	0	2952
20671	25	27	237	2670	0	2959
20672	22	26	2859	98	0	3005
20673	22	25	2804	37	0	2888
20674	18	2605	100	23	0	2746
20675	2707	84	35	17	0	2843
20676	2946	22	22	19	0	3009
20677	101	2924	21	21	0	3067
20678	32	3095	22	14	0	3163
20679	32	107	3020	12	0	3171
20680	22	45	2995	11	0	3073
20681	14	36	3116	13	0	3179
20682	9	16	78	2825	0	2928
20683	9	5	2888	72	0	2974
20684	12	5	74	2786	0	2877
20685	9	10	17	2851	0	2887
20686	16	8	2848	79	0	2951
20687	4	2758	69	31	0	2862
20688	14	68	13	2891	0	2986
20689	2881	14	19	73	0	2987
20690	71	19	10	2861	0	2961
20691	22	18	2854	77	0	2971
20692	21	2682	78	23	0	2804
20693	12	2852	19	25	0	2908
20694	9	84	21	2913	0	3027
20695	2911	24	10	84	0	3029
20696	2595	15	14	23	0	2647
20697	93	10	12	2108	0	2223
20698	28	2092	10	84	0	2214
20699	19	77	12	2181	0	2289
20700	22	28	3	2219	0	2272
20701	21	15	3	2229	0	2268
20702	2186	10	8	96	0	2300
20703	75	2128	7	37	0	2247
20704	2217	74	5	26	0	2322
20705	2261	23	11	21	0	2316
20706	2236	21	9	16	0	2282
20707	2271	10	12	16	0	2309
20708	101	22	4	2160	0	2287
20709	43	18	2102	78	0	2241
20710	25	2079	68	38	0	2210
20711	2192	89	14	23	0	2318
20712	2237	20	12	18	0	2287
20713	2230	18	9	23	0	2280
20714	105	18	2114	17	0	2254
20715	1916	12	51	8	0	1987
20716	1995	10	11	17	0	2033
20717	82	5	13	1919	0	2019
20718	30	16	1868	56	0	1970
20719	22	1826	56	18	0	1922
20720	18	59	10	1743	0	1830
20721	1743	7	8	71	0	1829
20722	65	13	11	1696	0	1785
20723	16	15	8	1767	0	1806
20724	1998	11	6	63	0	2078
20725	80	8	1909	18	0	2015
20726	1947	8	66	21	0	2042
20727	2034	7	20	16	0	2077
20728	2030	8	15	8	0	2061
20729	2126	16	12	7	0	2161
20730	94	10	2000	15	0	2119
20731	28	10	74	2024	0	2136
20732	23	15	1613	78	0	1729
20733	16	10	76	1667	0	1769
20734	18	7	1625	88	0	1738
20735	1136	3	33	20	0	1192
20736	24	1135	15	14	0	1188
20737	17	1177	8	8	0	1210
20738	7	33	6	1225	0	1271
20739	16	12	1	1576	0	1605
20740	11	1597	5	52	0	1665
20741	1643	45	3	13	0	1704
20742	1686	13	0	13	0	1712
20743	1685	14	4	9	0	1712
20744	1704	4	6	9	0	1723
20745	76	5	4	1624	0	1709
20746	29	3	4	1696	0	1732
20747	1662	3	6	63	0	1734
20748	57	1	6	1663	0	1727
20749	19	7	1573	71	0	1670
20750	24	7	1592	21	0	1644
20751	16	2	51	1661	0	1730
20752	12	10	1615	58	0	1695
20753	1609	10	64	15	0	1698
20754	60	3	17	1655	0	1735
20755	1665	1	15	59	0	1740
20756	71	4	1588	19	0	1682
20757	26	4	47	1651	0	1728
20758	22	10	1562	65	0	1659
20759	16	1577	57	27	0	1677
20760	1623	50	23	18	0	1714
20761	1695	13	15	17	0	1740
20762	53	1259	7	8	0	1327
20763	1291	44	5	6	0	1346
20764	68	6	2	1260	0	1336
20765	15	14	6	1315	0	1350
20766	1284	6	5	51	0	1346
20767	51	1227	7	24	0	1309
20768	13	1276	6	27	0	1322
20769	16	49	7	1280	0	1352
20770	1277	22	4	49	0	1352
20771	1674	15	6	14	0	1709
20772	1718	5	3	18	0	1744
20773	116	10	2302	8	0	2436
20774	43	10	2316	14	0	2383
20775	21	2318	89	13	0	2441
20776	2197	75	35	7	0	2314
20777	87	21	12	2563	0	2683
20778	2490	15	9	81	0	2595
20779	2540	12	10	21	0	2583
20780	109	2	10	2461	0	2582
20781	37	8	2409	89	0	2543
20782	2393	5	79	32	0	2509
20783	99	6	21	2461	0	2587
20784	36	6	2394	87	0	2523
20785	2295	6	81	29	0	2411
20786	2456	5	29	19	0	2509
20787	103	4	20	2458	0	2585
20788	42	10	2391	81	0	2524
20789	37	4	83	2284	0	2408
20790	21	2360	31	99	0	2511
20791	26	83	2342	26	0	2477
20792	24	2386	81	22	0	2513
20793	2486	90	23	24	0	2623
20794	2526	27	21	16	0	2590
20795	2588	21	9	19	0	2637
20796	2660	9	15	22	0	2706
20797	174	9	84	2445	0	2712
20798	3422	25	108	87	0	3642
20799	118	71	45	3371	0	3605
20800	3449	55	18	113	0	3635
20801	166	3200	18	112	0	3496
20802	139	70	9	3370	0	3588
20803	143	3244	20	96	0	3503
20804	3430	85	30	99	0	3644
20805	3375	33	75	77	0	3560
20806	192	3222	55	36	0	3505
20807	106	80	23	3461	0	3670
20808	67	30	3291	137	0	3525
20809	118	24	123	3234	0	3499
20810	141	24	3257	122	0	3544
20811	93	13	97	3234	0	3437
20812	47	3126	106	146	0	3425
20813	3398	88	70	124	0	3680
20814	3358	88	41	78	0	3565
20815	125	71	70	3349	0	3615
20816	4019	83	53	98	0	4253
20817	192	54	24	3938	0	4208
20818	165	19	24	3966	0	4174
20819	155	15	20	4069	0	4259
20820	4074	16	19	128	0	4237
20821	3938	14	20	119	0	4091
20822	4043	23	13	93	0	4172
20823	197	3731	25	99	0	4052
20824	3806	69	15	64	0	3954
20825	140	3609	21	19	0	3789
20826	3746	129	6	57	0	3938
20827	106	89	10	3667	0	3872
20828	130	59	9	3727	0	3925
20829	3726	25	4	87	0	3842
20830	3629	60	8	50	0	3747
20831	98	3457	16	99	0	3670
20832	3658	69	71	78	0	3876
20833	88	30	56	3635	0	3809
20834	50	24	76	3646	0	3796
20835	3568	20	53	110	0	3751
20836	93	93	3406	59	0	3651
20837	118	3299	60	45	0	3522
20838	146	66	26	3519	0	3757
20839	76	24	3042	113	0	3255
20840	90	5	41	3040	0	3176
20841	3120	9	17	121	0	3267
20842	49	2833	18	146	0	3046
20843	36	2815	18	128	0	2997
20844	93	3709	9	66	0	3877
20845	139	50	4	3900	0	4093
20846	4031	25	5	48	0	4109
20847	97	71	3	3833	0	4004
20848	3974	56	1	52	0	4083
20849	3936	74	5	38	0	4053
20850	128	54	7	3813	0	4002
20851	3976	11	2	118	0	4107
20852	63	9	6	3951	0	4029
20853	103	20	3696	88	0	3907
20854	3695	16	36	35	0	3782
20855	108	78	3595	8	0	3789
20856	3555	48	35	27	0	3665
20857	97	12	3604	92	0	3805
20858	41	10	27	3643	0	3721
20859	87	10	20	3722	0	3839
20860	3802	16	61	60	0	3939
20861	51	75	40	3673	0	3839
20862	3794	49	6	111	0	3960
20863	45	3458	15	70	0	3588
20864	3748	37	4	26	0	3815
20865	57	17	4	3620	0	3698
20866	24	8	6	3660	0	3698
20867	22	10	6	3705	0	3743
20868	15	6	4	3683	0	3708
20869	11	12	3494	60	0	3577
20870	17	17	3362	31	0	3427
20871	0	0	0	3162	0	3162
20872	0	3	3151	0	0	3154
20873	0	2229	9	4	0	2242
20874	0	0	0	2501	0	2501
20875	0	5	2404	0	0	2409
20876	2	3	2254	0	0	2259
20877	1	1	0	2718	0	2720
20878	3	1	0	2729	0	2733
20879	0	2718	2	6	0	2726
20880	2	7	0	2889	0	2898
20881	0	4	2749	6	0	2759
20882	2596	0	6	2	0	2604
20883	6	0	0	2860	0	2866
20884	2852	0	3	8	0	2863
20885	2753	1	1	9	0	2764
20886	2673	3	1	13	0	2690
20887	6	11	2748	8	0	2773
20888	2	7	2684	7	0	2700
20889	2284	3	19	11	0	2317
20890	16	5	2916	3	0	2940
20891	9	1	8	2798	0	2816
20892	12	0	2	2886	0	2900
20893	15	5	2883	8	0	2911
20894	13	2720	14	3	0	2750
20895	2852	6	9	3	0	2870
20896	7	2745	17	2	0	2771
20897	11	2808	10	4	0	2833
20898	2203	5	9	6	0	2223
20899	7	3	2235	10	0	2255
20900	4	2	2174	10	0	2190
20901	4	6	17	2209	0	2236
20902	2284	7	7	12	0	2310
20903	14	2198	9	2	0	2223
20904	2306	19	3	2	0	2330
20905	14	13	2167	1	0	2195
20906	8	2647	23	5	0	2683
20907	7	28	8	2779	0	2822
20908	3	14	2710	32	0	2759
20909	2	10	33	2711	0	2756
20910	10	4	13	2607	0	2634
20911	9	9	5	2771	0	2794
20912	10	11	6	2840	0	2867
20913	2789	4	8	47	0	2848
20914	2687	11	9	15	0	2722
20915	45	14	2682	12	0	2753
20916	2189	3	40	13	0	2245
20917	37	2190	18	18	0	2263
20918	2310	27	8	25	0	2370
20919	44	19	2220	14	0	2297
20920	15	1	37	2292	0	2345
20921	14	7	2256	44	0	2321
20922	22	6	2201	18	0	2247
20923	9	3	54	2225	0	2291
20924	18	6	13	2273	0	2310
20925	15	15	2145	54	0	2229
20926	16	2112	43	24	0	2195
20927	14	2225	22	15	0	2276
20928	10	42	22	2302	0	2376
20929	2202	17	20	44	0	2283
20930	37	2485	27	27	0	2576
20931	19	38	2521	25	0	2603
20932	20	19	2475	23	0	2537
20933	19	13	2551	14	0	2597
20934	15	16	52	2517	0	2600
20935	2580	14	23	51	0	2668
20936	43	2488	19	30	0	2580
20937	36	49	2482	13	0	2580
20938	17	2496	54	19	0	2586
20939	11	42	23	2580	0	2656
20940	14	16	2526	49	0	2605
20941	11	2479	56	36	0	2582
20942	20	36	18	2529	0	2603
20943	23	23	14	2618	0	2678
20944	21	23	1858	53	0	1955
20945	15	21	53	1821	0	1910
20946	20	1857	26	47	0	1950
20947	20	50	1876	30	0	1976
20948	1874	17	61	19	0	1971
20949	44	22	24	1917	0	2007
20950	23	18	17	1876	0	1934
20951	18	1899	25	52	0	1994
20952	1935	40	22	34	0	2031
20953	50	20	1885	25	0	1980
20954	1901	27	49	17	0	1994
20955	41	18	36	1898	0	1993
20956	28	1877	29	54	0	1988
20957	13	43	17	1920	0	1993
20958	14	19	20	1988	0	2041
20959	1913	25	17	64	0	2019
20960	1932	19	15	35	0	2001
20961	56	14	21	1945	0	2036
20962	38	20	1837	48	0	1943
20963	1835	13	48	36	0	1932
20964	47	2289	22	24	0	2382
20965	19	87	23	2293	0	2422
20966	20	24	22	2385	0	2451
20967	22	15	22	2430	0	2489
20968	25	14	2219	115	0	2373
20969	19	15	91	2245	0	2370
20970	21	2270	35	102	0	2428
20971	23	87	22	2176	0	2308
20972	24	2289	24	96	0	2433
20973	10	94	28	2363	0	2495
20974	21	39	2221	114	0	2395
20975	2253	24	88	57	0	2422
20976	87	23	31	2357	0	2498
20977	17	13	1505	81	0	1616
20978	7	1517	70	28	0	1622
20979	1572	74	15	17	0	1678
20980	77	14	1521	21	0	1633
20981	1549	9	70	16	0	1644
20982	76	4	14	2375	0	2469
20983	16	11	13	2291	0	2331
20984	10	2418	11	79	0	2518
20985	2512	72	14	20	0	2618
20986	2540	11	15	6	0	2572
20987	80	2459	8	12	0	2559
20988	20	63	6	2537	0	2626
20989	3	15	11	2601	0	2630
20990	8	11	10	2449	0	2478
20991	6	12	2276	88	0	2382
20992	2195	8	77	17	0	2297
20993	68	9	15	2361	0	2453
20994	16	7	7	2420	0	2450
20995	9	16	2534	89	0	2648
20996	9	20	2535	28	0	2592
20997	7	13	76	2632	0	2728
20998	13	10	2586	91	0	2700
20999	2397	5	64	28	0	2494
21000	65	5	21	2525	0	2616
21001	13	8	8	2587	0	2616
21002	5	13	2485	88	0	2591
21003	2	7	67	3642	0	3718
21004	10	21	3544	97	0	3672
21005	3	3575	94	33	0	3705
21006	3082	56	7	15	0	3160
21007	3117	9	11	13	0	3150
21008	63	3113	10	8	0	3194
21009	10	67	8	3156	0	3241
21010	20	14	3097	61	0	3192
21011	11	12	58	3138	0	3219
21012	3147	8	7	74	0	3236
21013	65	3081	11	19	0	3176
21014	3178	68	7	17	0	3270
21015	72	8	4	3177	0	3261
21016	3172	11	9	69	0	3261
21017	71	3108	6	19	0	3204
21018	3218	62	7	14	0	3301
21019	76	20	3061	12	0	3169
21020	18	3051	56	16	0	3141
21021	26	58	4	3185	0	3273
21022	4109	15	14	70	0	4208
21023	4163	19	8	14	0	4204
21024	96	11	12	4081	0	4200
21025	4156	9	14	95	0	4274
21026	4138	14	5	23	0	4180
21027	4157	11	9	19	0	4196
21028	114	10	9	4015	0	4148
21029	25	17	3929	104	0	4075
21030	30	11	3428	23	0	3492
21031	25	17	3537	17	0	3596
21032	3614	14	91	15	0	3734
21033	98	4	24	3655	0	3781
21034	18	3563	31	91	0	3703
21035	27	90	16	3536	0	3669
21036	16	3567	18	85	0	3686
21037	3750	92	11	17	0	3870
21038	100	19	10	3701	0	3830
21039	26	17	7	3804	0	3854
21040	3733	16	7	104	0	3860
21041	106	11	6	3699	0	3822
21042	22	8	10	4177	0	4217
21043	4244	6	11	110	0	4371
21044	120	14	4070	32	0	4236
21045	28	7	102	4170	0	4307
21046	40	9	4062	116	0	4227
21047	4076	6	104	37	0	4223
21048	108	11	17	4232	0	4368
21049	4222	11	19	118	0	4370
21050	116	11	21	4214	0	4362
21051	23	18	4385	130	0	4556
21052	33	12	103	4419	0	4567
21053	4374	12	19	134	0	4539
21054	119	4205	15	105	0	4444
21055	40	113	4232	33	0	4418
21056	4195	14	97	40	0	4346
21057	110	4500	28	39	0	4677
21058	44	4550	26	24	0	4644
21059	32	5286	18	31	0	5367
21060	25	145	21	5399	0	5590
21061	5373	34	22	143	0	5572
21062	5458	33	19	36	0	5546
21063	160	38	5122	38	0	5358
21064	4855	22	78	31	0	4986
21065	120	4757	27	19	0	4923
21066	37	86	22	4961	0	5106
21067	4997	26	17	96	0	5136
21068	5037	23	14	35	0	5109
21069	5012	22	20	30	0	5084
21070	4958	21	18	26	0	5023
21071	5021	21	13	27	0	5082
21072	138	32	9	4980	0	5159
21073	76	37	4767	96	0	4976
21074	72	14	76	4916	0	5078
21075	80	16	14	5014	0	5124
21076	5002	20	20	101	0	5143
21077	130	4778	40	55	0	5003
21078	4982	85	22	59	0	5148
21079	4955	28	30	45	0	5058
21080	4839	31	24	55	0	4949
21081	5017	24	22	52	0	5115
21082	171	27	4061	32	0	4291
21083	4240	39	75	37	0	4391
21084	4254	24	19	36	0	4333
21085	3883	18	29	31	0	3961
21086	4224	22	14	30	0	4290
21087	188	23	27	4125	0	4363
21088	113	13	3877	119	0	4122
21089	4062	11	90	53	0	4216
21090	166	3921	52	54	0	4193
21091	580	82	45	3412	0	4119
21092	102	3914	31	123	0	4170
21093	87	95	25	4142	0	4349
21094	4128	35	28	135	0	4326
21095	4167	44	23	56	0	4290
21096	4214	40	27	59	0	4340
21097	190	34	3856	43	0	4123
21098	4114	30	105	51	0	4300
21099	182	29	3862	52	0	4125
21100	125	23	3869	34	0	4051
21101	119	37	4058	45	0	4259
21102	111	761	122	3327	0	4321
21103	91	17	29	3074	0	3211
21104	68	29	38	3080	0	3215
21105	74	17	37	3129	0	3257
21106	74	11	42	3084	0	3211
21107	69	15	37	3030	0	3151
21108	66	3014	37	101	0	3218
21109	2984	75	30	81	0	3170
21110	104	3048	35	73	0	3260
21111	61	83	18	3131	0	3293
21112	72	45	21	3202	0	3340
21113	3127	27	19	124	0	3297
21114	140	3028	25	60	0	3253
21115	3116	90	39	57	0	3302
21116	142	43	42	3082	0	3309
21117	92	41	35	3152	0	3320
21118	72	45	32	3195	0	3344
21119	63	41	3031	142	0	3277
21120	86	31	75	3139	0	3331
21121	100	35	3034	138	0	3307
21122	101	23	2154	69	0	2347
21123	95	16	2184	73	0	2368
21124	89	24	73	2149	0	2335
21125	65	25	47	2273	0	2410
21126	64	26	48	2632	0	2770
21127	2563	28	51	115	0	2757
21128	89	28	53	2612	0	2782
21129	2706	30	42	123	0	2901
21130	115	2687	38	101	0	2941
21131	3051	61	20	87	0	3219
21132	2996	33	29	77	0	3135
21133	149	2917	32	81	0	3179
21134	3018	72	30	84	0	3204
21135	2999	37	39	74	0	3149
21136	3070	37	35	57	0	3199
21137	3086	33	35	47	0	3201
21138	181	35	2830	49	0	3095
21139	119	2861	82	62	0	3124
21140	112	64	47	3001	0	3224
21141	3026	32	51	108	0	3217
21142	138	28	2501	78	0	2745
21143	82	2363	69	66	0	2580
21144	66	66	30	2297	0	2459
21145	73	2411	26	93	0	2603
21146	73	72	25	2424	0	2594
21147	74	56	26	2507	0	2663
21148	80	42	2387	94	0	2603
21149	83	36	2389	48	0	2556
21150	2347	36	82	43	0	2508
21151	118	36	2197	43	0	2394
21152	69	35	2193	51	0	2348
21153	69	18	92	2152	0	2331
21154	78	14	60	2083	0	2235
21155	63	2063	61	103	0	2290
21156	58	2171	73	65	0	2367
21157	33	55	1867	49	0	2004
21158	35	21	79	2772	0	2907
21159	0	6	1978	55	0	2039
21160	1	13	1923	18	0	1955
21161	2	1950	68	12	0	2032
21162	3	51	27	2008	0	2089
21163	2020	17	16	56	0	2109
21164	51	10	10	2028	0	2099
21165	2041	7	6	59	0	2113
21166	2079	6	4	26	0	2115
21167	2094	0	0	19	0	2113
21168	83	3	1957	7	0	2050
21169	2713	1	49	10	0	2773
21170	74	1	17	2724	0	2816
21171	2738	2	7	54	0	2801
21172	2761	1	8	19	0	2789
21173	72	2606	15	17	0	2710
21174	2771	51	5	9	0	2836
21175	67	21	2653	6	0	2747
21176	2643	11	50	1	0	2705
21177	2683	9	20	4	0	2716
21178	74	2605	15	3	0	2697
21179	2732	49	8	6	0	2795
21180	69	17	7	2668	0	2761
21181	27	10	6	2686	0	2729
21182	17	2618	13	71	0	2719
21183	11	53	6	2727	0	2797
21184	11	22	3	2775	0	2811
21185	8	14	2642	82	0	2746
21186	13	10	2615	35	0	2673
21187	2551	11	69	19	0	2650
21188	2663	5	26	17	0	2711
21189	78	3	17	2676	0	2774
21190	33	3	2668	58	0	2762
21191	24	2574	58	30	0	2686
21192	22	51	21	2705	0	2799
21193	16	21	2614	60	0	2711
21194	2494	16	64	25	0	2599
21195	61	12	23	2433	0	2529
21196	25	2654	20	68	0	2767
21197	23	76	9	2739	0	2847
21198	18	21	6	2775	0	2820
21199	16	15	7	2825	0	2863
21200	3260	7	9	115	0	3391
21201	83	8	17	3112	0	3220
21202	3097	5	19	101	0	3222
21203	3101	9	14	40	0	3164
21204	106	15	2981	39	0	3141
21205	52	2959	80	24	0	3115
21206	36	85	26	2797	0	2944
21207	30	2980	17	72	0	3099
21208	3074	90	16	22	0	3202
21209	102	29	12	3052	0	3195
21210	46	20	3329	91	0	3486
21211	32	21	3302	34	0	3389
21212	26	19	3309	25	0	3379
21213	3282	5	104	20	0	3411
21214	99	3294	42	25	0	3460
21215	3393	83	22	15	0	3513
21216	99	3369	24	16	0	3508
21217	50	90	15	3340	0	3495
21218	38	28	10	3304	0	3380
21219	30	3323	25	96	0	3474
21220	36	95	3277	32	0	3440
21221	29	3295	84	33	0	3441
21222	3384	95	23	26	0	3528
21223	91	28	15	3393	0	3527
21224	29	27	3352	102	0	3510
21225	24	18	3350	39	0	3431
21226	23	15	100	3093	0	3231
21227	16	12	3098	99	0	3225
21228	26	16	2994	39	0	3075
21229	2796	11	97	24	0	2928
21230	83	2797	37	24	0	2941
21231	2674	64	21	21	0	2780
21232	78	27	2786	25	0	2916
21233	33	2690	75	18	0	2816
21234	34	2794	26	17	0	2871
21235	157	78	28	2704	0	2967
21236	19	29	18	2726	0	2792
21237	24	18	14	2754	0	2810
21238	12	20	2642	94	0	2768
21239	11	18	62	2678	0	2769
21240	12	12	17	2806	0	2847
21241	2721	16	8	102	0	2847
21242	77	2994	17	47	0	3135
21243	27	63	12	3190	0	3292
21244	3175	17	8	84	0	3284
21245	3195	20	13	27	0	3255
21246	90	12	13	3155	0	3270
21247	38	20	3088	72	0	3218
21248	22	18	60	3140	0	3240
21249	23	14	3089	82	0	3208
21250	3257	19	70	32	0	3378
21251	3310	7	28	34	0	3379
21252	82	12	24	3906	0	4024
21253	35	13	4248	117	0	4413
21254	22	4568	144	61	0	4795
21255	28	144	5139	20	0	5331
21256	34	465	232	4301	0	5032
21257	22	5260	87	171	0	5540
21258	4688	199	19	41	0	4947
21259	199	69	11	4355	0	4634
21260	58	4578	10	171	0	4817
21261	4691	203	4	49	0	4947
21262	200	62	4	4600	0	4866
21263	58	4532	10	189	0	4789
21264	26	205	5	4765	0	5001
21265	22	76	4544	223	0	4865
21266	4469	28	190	79	0	4766
21267	4791	20	56	31	0	4898
21268	248	19	4451	21	0	4739
21269	81	3875	196	13	0	4165
21270	4060	191	60	5	0	4316
21271	208	63	22	4029	0	4322
21272	66	27	15	4174	0	4282
21273	32	15	11	4256	0	4314
21274	24	11	11	4240	0	4286
21275	12	10	11	4368	0	4401
21276	4066	6	12	279	0	4363
21277	4892	5	13	108	0	5018
21278	243	19	4	4759	0	5025
21279	89	10	4	4983	0	5086
21280	43	12	4657	279	0	4991
21281	24	23	4679	99	0	4825
21282	4618	9	235	60	0	4922
21283	199	10	80	4776	0	5065
21284	76	29	4682	214	0	5001
21285	40	11	198	4749	0	4998
21286	5847	8	72	239	0	6166
21287	5991	18	37	86	0	6132
21288	267	7	23	5792	0	6089
21289	85	13	22	6034	0	6154
21290	5858	22	21	273	0	6174
21291	227	13	14	5768	0	6022
21292	76	5612	22	241	0	5951
21293	47	204	11	5856	0	6118
21294	45	63	10	5970	0	6088
21295	26	39	5646	287	0	5998
21296	25	40	5195	112	0	5372
21297	35	5195	200	67	0	5497
21298	5463	176	73	52	0	5764
21299	5391	74	29	38	0	5532
21300	5122	24	28	42	0	5216
21301	240	4788	29	40	0	5097
21302	106	5003	31	28	0	5168
21303	4992	216	17	36	0	5261
21304	171	4867	33	31	0	5102
21305	89	204	4820	35	0	5148
21306	47	4842	179	47	0	5115
21307	33	219	4833	43	0	5128
21308	4790	87	184	35	0	5096
21309	5103	48	68	56	0	5275
21310	238	5116	55	48	0	5457
21311	5468	198	33	59	0	5758
21312	5931	92	38	34	0	6095
21313	5947	52	29	55	0	6083
21314	303	56	35	5707	0	6101
21315	5932	46	21	241	0	6240
21316	294	45	5438	113	0	5890
21317	5695	36	184	85	0	6000
21318	275	40	75	5708	0	6098
21319	133	51	5528	238	0	5950
21320	100	47	5506	115	0	5768
21321	81	36	235	5590	0	5942
21322	65	45	125	5828	0	6063
21323	5745	28	85	306	0	6164
21324	253	38	45	5778	0	6114
21325	134	47	5589	294	0	6064
21326	98	38	196	5552	0	5884
21327	73	5471	103	283	0	5930
21328	6120	226	60	146	0	6552
21329	231	77	44	6109	0	6461
21330	122	61	5917	296	0	6396
21331	96	5871	213	141	0	6321
21332	5866	217	88	117	0	6288
21333	255	86	61	5882	0	6284
21334	146	72	5805	244	0	6267
21335	109	5609	218	129	0	6065
21336	5941	213	86	111	0	6351
21337	6000	86	78	90	0	6254
21338	6033	58	65	80	0	6236
21339	353	37	50	5825	0	6265
21340	163	28	42	6088	0	6321
21341	5983	15	42	310	0	6350
21342	249	5272	40	186	0	5747
21343	5706	200	41	136	0	6083
21344	286	81	20	5628	0	6015
21345	5741	49	28	257	0	6075
21346	278	44	39	5581	0	5942
21347	164	28	33	5706	0	5931
21348	93	28	32	5868	0	6021
21349	83	41	46	5839	0	6009
21350	64	32	5087	366	0	5549
21351	52	48	4986	188	0	5274
21352	4291	26	197	110	0	4624
21353	175	30	4186	79	0	4470
21354	84	26	3635	47	0	3792
21355	2905	3	36	3	0	2947
21356	3115	1	24	5	0	3145
21357	31	2	22	4162	0	4217
21358	4288	0	12	20	0	4320
21359	39	3973	9	13	0	4034
21360	4228	17	4	18	0	4267
21361	4180	7	3	16	0	4206
21362	4836	16	2	7	0	4861
21363	52	8	0	4792	0	4852
21364	31	4556	9	26	0	4622
21365	29	4665	15	8	0	4717
21366	4934	24	1	18	0	4977
21367	4889	15	4	14	0	4922
21368	28	18	6	4731	0	4783
21369	21	12	7	4770	0	4810
21370	23	4651	6	30	0	4710
21371	4815	18	3	24	0	4860
21372	26	8	4750	27	0	4811
21373	16	15	20	4608	0	4659
21374	17	6	11	4726	0	4760
21375	12	9	4713	31	0	4765
21376	12	4	26	4508	0	4550
21377	5	3581	28	39	0	3653
21378	4	17	14	4270	0	4305
21379	6	8	9	4202	0	4225
21380	9	3915	9	34	0	3967
21381	7	4061	8	34	0	4110
21382	5	27	3	4269	0	4304
21383	4233	21	4	34	0	4292
21384	20	24	4	4160	0	4208
21385	13	14	5	4197	0	4229
21386	21	3058	15	34	0	3128
21387	19	15	2	3368	0	3404
21388	5	10	4	3316	0	3335
21389	6	11	5	3317	0	3339
21390	3346	12	2	44	0	3404
21391	25	7	1	3386	0	3419
21392	15	1	2	3356	0	3374
21393	20	3	3	3405	0	3431
21394	13	9	3236	49	0	3307
21395	3038	2	21	36	0	3097
21396	26	3087	14	33	0	3160
21397	3379	20	12	22	0	3433
21398	33	14	9	3340	0	3396
21399	18	19	3270	25	0	3332
21400	2894	13	23	13	0	2943
21401	38	10	4210	21	0	4279
21402	16	4	39	4156	0	4215
21403	4476	0	18	31	0	4525
21404	4400	1	16	15	0	4432
21405	4408	4	10	19	0	4441
21406	48	5	2	4359	0	4414
21407	34	3	4	4384	0	4425
21408	27	3	0	4436	0	4466
21409	14	4135	9	51	0	4209
21410	9	3668	7	35	0	3719
21411	8	3668	4	37	0	3717
21412	0	3533	7	2	0	3542
21413	0	4	0	3764	0	3768
21414	0	0	0	3721	0	3721
21415	3748	1	1	3	0	3753
21416	3612	0	0	1	0	3613
21417	3681	0	1	0	0	3682
21418	3	2	0	3612	0	3617
21419	1	0	0	3716	0	3717
21420	3742	0	0	4	0	3746
21421	3547	3	3	3	0	3556
21422	3	5	3499	1	0	3508
21423	6	6	3880	1	0	3893
21424	7	6	4071	4	0	4088
21425	0	4	4290	1	0	4295
21426	0	3	2	4210	0	4215
21427	4491	0	0	4	0	4495
21428	3	4200	9	6	0	4218
21429	0	3	0	4583	0	4586
21430	3	11	4608	4	0	4626
21431	0	4882	21	5	0	4908
21432	1	3	0	5405	0	5409
21433	4	8	5856	6	0	5874
21434	0	2	3	5763	0	5768
21435	1	1	1	6005	0	6008
21436	6132	0	1	4	0	6137
21437	3	0	0	6089	0	6092
21438	2	3	6050	4	0	6059
21439	0	2	3	5930	0	5935
21440	1	5755	10	5	0	5771
21441	0	3	1	7593	0	7597
21442	0	2	1	8279	0	8282
21443	0	2	0	8220	0	8222
21444	8424	0	0	4	0	8428
21445	8457	0	1	2	0	8460
21446	8855	0	1	1	0	8857
21447	8750	1	1	1	0	8753
21448	41	4	8590	3	0	8638
21449	8270	1	38	3	0	8312
21450	8683	0	3	2	0	8688
21451	44	12	8454	2	0	8512
21452	8	25	8888	0	0	8921
21453	8	2	32	9148	0	9190
21454	4	8976	16	29	0	9025
21455	9636	28	2	2	0	9668
21456	9561	1	2	0	0	9564
21457	8663	0	2	2	0	8667
21458	35	3	5	9005	0	9048
21459	2	8816	19	70	0	8907
21460	9609	75	1	22	0	9707
21461	9704	32	0	15	0	9751
21462	107	16	0	9408	0	9531
21463	49	10	9191	81	0	9331
21464	9076	2	74	33	0	9185
21465	83	6	28	9500	0	9617
21466	9599	3	14	83	0	9699
21467	91	5	3	9495	0	9594
21468	40	9	9201	98	0	9348
21469	10214	4	68	37	0	10323
21470	87	1	29	10529	0	10646
21471	37	1	16	10385	0	10439
21472	21	4	2	10630	0	10657
21473	12	1	4	10645	0	10662
21474	10672	1	3	128	0	10804
21475	85	2	2	10536	0	10625
21476	41	9993	7	105	0	10146
21477	23	72	3	10546	0	10644
21478	10	10108	14	94	0	10226
21479	12	90	4	10606	0	10712
21480	11	30	3	10557	0	10601
21481	13	10100	15	113	0	10241
21482	11	76	6	10627	0	10720
21483	6	35	5	10475	0	10521
21484	10546	19	2	115	0	10682
21485	90	17	10224	56	0	10387
21486	37	8	75	10355	0	10475
21487	10515	4	33	98	0	10650
21488	10134	13	16	49	0	10212
21489	10234	15	8	36	0	10293
21490	128	7	10081	16	0	10232
21491	61	19	9556	15	0	9651
21492	28	8	88	9668	0	9792
21493	10188	5	40	93	0	10326
21494	96	17	9837	37	0	9987
21495	9477	3	75	29	0	9584
21496	99	9994	63	21	0	10177
21497	42	76	22	11654	0	11794
21498	22	31	13	11636	0	11702
21499	11739	19	5	117	0	11880
21500	92	9	11	12429	0	12541
21501	11581	2	7	109	0	11699
21502	11524	4	7	50	0	11585
21503	115	9	10	11529	0	11663
21504	51	6	7	11568	0	11632
21505	12382	1	4	119	0	12506
21506	96	14	12666	59	0	12835
21507	12106	12	77	44	0	12239
21508	114	15	13065	17	0	13211
21509	12837	8	85	23	0	12953
21510	13700	4	29	37	0	13770
21511	13569	12	22	21	0	13624
21512	13216	8	12	19	0	13255
21513	124	12487	26	33	0	12670
21514	13298	73	5	21	0	13397
21515	13213	33	10	18	0	13274
21516	118	13231	42	25	0	13416
21517	13993	76	10	15	0	14094
21518	120	36	13526	14	0	13696
21519	13708	24	80	20	0	13832
21520	155	21	14030	14	0	14220
21521	60	10	138	13744	0	13952
21522	41	11	40	14210	0	14302
21523	36	20	13763	163	0	13982
21524	27	16	125	13341	0	13509
21525	40	58	75	12244	0	12417
21526	14372	17	31	166	0	14586
21527	158	10	78	14126	0	14372
21528	47	16	25	13617	0	13705
21529	34	9	11	13904	0	13958
21530	30	12764	109	198	0	13101
21531	26	118	17	13196	0	13357
21532	13643	36	9	245	0	13933
21533	227	42	12638	77	0	12984
21534	66	13	130	12785	0	12994
21535	43	19	12666	257	0	12985
21536	12065	7	146	146	0	12364
21537	159	74	45	12811	0	13089
21538	66	45	16149	238	0	16498
21539	118	10	364	16100	0	16592
21540	57	5	243	16438	0	16743
21541	31	14714	172	595	0	15512
21542	40	341	161	14874	0	15416
21543	93	168	48	15182	0	15491
21544	56	139	15336	694	0	16225
21545	46	80	418	15301	0	15845
21546	28	24	203	15763	0	16018
21547	15043	14	135	750	0	15942
21548	15249	87	113	398	0	15847
21549	518	15155	83	364	0	16120
21550	15975	375	57	279	0	16686
21551	15928	195	118	145	0	16386
21552	639	16272	79	229	0	17219
21553	359	447	71	16821	0	17698
21554	17113	209	63	550	0	17935
21555	17536	155	41	366	0	18098
21556	17351	191	69	262	0	17873
21557	810	16778	89	221	0	17898
21558	485	389	16764	149	0	17787
21559	17369	244	378	142	0	18133
21560	17949	163	174	218	0	18504
21561	705	17156	162	168	0	18191
21562	17623	497	125	150	0	18395
21563	18497	216	70	167	0	18950
21564	833	243	73	18067	0	19216
21565	460	205	18105	584	0	19354
21566	431	117	456	18977	0	19981
21567	382	105	216	19354	0	20057
21568	314	156	155	19900	0	20525
21569	344	144	17492	842	0	18822
21570	279	150	511	18077	0	19017
21571	266	105	241	18810	0	19422
21572	295	72	234	18926	0	19527
21573	258	124	137	18990	0	19509
21574	266	108	88	19538	0	20000
21575	287	18151	104	1055	0	19597
21576	238	539	141	19358	0	20276
21577	204	233	142	21203	0	21782
21578	170	247	19454	1115	0	20986
21579	171	158	585	23404	0	24318
21580	228	99	231	24320	0	24878
21581	240	123	207	25503	0	26073
21582	223	182	182	26421	0	27008
21583	24623	97	157	1887	0	26764
21584	989	138	150	25390	0	26667
21585	475	123	181	26422	0	27201
21586	494	185	23171	1795	0	25645
21587	399	22656	829	1105	0	24989
21588	206	24808	435	967	0	26416
21589	24086	1115	376	779	0	26356
21590	965	24654	352	647	0	26618
21591	464	1185	155	25431	0	27235
21592	25166	536	160	1512	0	27374
21593	1128	435	24644	964	0	27171
21594	515	346	905	25601	0	27367
21595	496	25171	475	1537	0	27679
21596	446	1008	352	24982	0	26788
21597	207	24561	298	1675	0	26741
21598	230	1191	194	25550	0	27165
21599	24714	627	170	1686	0	27197
21600	1086	562	23551	1135	0	26334
21601	619	423	967	23588	0	25597
21602	586	24575	505	1519	0	27185
21603	24358	1182	391	1045	0	26976
21604	1224	656	23471	1000	0	26351
21605	652	415	1129	24090	0	26286
21606	613	471	22248	1678	0	25010
21607	486	319	1329	23758	0	25892
21608	459	349	21909	1807	0	24524
21609	318	382	1351	22415	0	24466
21610	376	261	705	23259	0	24601
21611	21695	327	548	2010	0	24580
21612	22451	315	418	1241	0	24425
21613	1583	305	352	21777	0	24017
21614	891	21470	287	1687	0	24335
21615	713	1299	251	22395	0	24658
21616	513	622	286	22945	0	24366
21617	20923	452	279	2190	0	23844
21618	1291	21253	343	1355	0	24242
21619	20547	1186	263	1178	0	23174
21620	21430	631	320	918	0	23299
21621	1635	20458	269	919	0	23281
21622	890	22151	248	988	0	24277
21623	21412	1495	254	1106	0	24267
21624	1541	830	19776	1112	0	23259
21625	20747	550	1181	1123	0	23601
21626	21465	477	557	1017	0	23516
21627	1867	20452	537	969	0	23825
21628	1116	1300	445	18488	0	21349
21629	814	20710	463	1731	0	23718
21630	20608	1658	368	1114	0	23748
21631	21436	1011	392	963	0	23802
21632	1803	778	283	19810	0	22674
21633	1104	706	324	21342	0	23476
21634	19543	521	219	2210	0	22493
21635	1672	19426	293	1430	0	22821
21636	1015	19653	373	1255	0	22296
21637	834	20177	345	1079	0	22435
21638	452	16641	230	774	0	18097
21639	467	17442	178	790	0	18877
21640	436	1563	165	16957	0	19121
21641	446	993	15613	1467	0	18519
21642	583	17253	827	892	0	19555
21643	17236	1318	482	741	0	19777
21644	1226	598	325	16365	0	18514
21645	16155	636	282	1193	0	18266
21646	1293	16066	244	745	0	18348
21647	16276	1077	387	610	0	18350
21648	1240	15362	375	576	0	17553
21649	669	1102	409	15759	0	17939
21650	15565	553	313	1265	0	17696
21651	15990	451	405	825	0	17671
21652	1254	422	287	15859	0	17822
21653	826	342	257	16103	0	17528
21654	770	14842	165	1471	0	17248
21655	690	1055	155	15088	0	16988
21656	558	588	114	15672	0	16932
21657	463	585	127	15606	0	16781
21658	424	14066	133	1732	0	16355
21659	12951	952	127	1034	0	15064
21660	1004	13426	144	804	0	15378
21661	13603	1218	130	544	0	15495
21662	1310	13641	149	429	0	15529
21663	790	1139	11974	405	0	14308
21664	671	770	657	12732	0	14830
21665	544	673	11828	943	0	13988
21666	537	489	11993	502	0	13521
21667	531	401	1004	12016	0	13952
21668	629	339	11536	987	0	13491
21669	590	337	926	11828	0	13681
21670	604	405	415	12288	0	13712
21671	451	398	303	12774	0	13926
21672	11790	451	219	1354	0	13814
21673	1076	388	148	12227	0	13839
21674	708	344	127	12228	0	13407
21675	11206	280	115	1450	0	13051
21676	1128	10699	103	938	0	12868
21677	657	9498	77	731	0	10963
21678	655	10360	64	501	0	11580
21679	254	615	34	6816	0	7719
21680	210	301	6008	583	0	7102
21681	4689	157	575	212	0	5633
21682	340	4922	112	137	0	5511
21683	4995	342	70	129	0	5536
21684	5195	192	43	112	0	5542
21685	5265	163	36	119	0	5583
21686	399	185	4711	114	0	5409
21687	255	148	235	4875	0	5513
21688	216	130	94	5090	0	5530
21689	181	106	66	5150	0	5503
21690	192	81	53	5005	0	5331
21691	188	4824	60	421	0	5493
21692	4676	289	63	223	0	5251
21693	261	106	3440	102	0	3909
21694	3567	75	194	101	0	3937
21695	274	67	68	3508	0	3917
21696	132	3422	31	276	0	3861
21697	94	3661	24	146	0	3925
21698	86	283	20	3467	0	3856
21699	94	3572	27	263	0	3956
21700	2992	163	27	118	0	3300
21701	192	97	2833	67	0	3189
21702	66	39	82	2419	0	2606
21703	33	42	46	2470	0	2591
21704	40	36	17	2545	0	2638
21705	29	24	18	2573	0	2644
21706	2422	30	17	164	0	2633
21707	107	2407	18	95	0	2627
21708	2494	97	22	56	0	2669
21709	109	53	13	2454	0	2629
21710	73	28	11	2693	0	2805
21711	35	2677	11	179	0	2902
21712	2724	124	17	98	0	2963
21713	2732	62	14	56	0	2864
21714	161	2857	21	57	0	3096
21715	58	99	5	2366	0	2528
21716	29	2413	6	116	0	2564
21717	2418	110	12	51	0	2591
21718	110	61	2288	29	0	2488
21719	64	21	2374	29	0	2488
21720	1554	13	29	12	0	1608
21721	33	1636	11	13	0	1693
21722	8	38	6	1660	0	1712
21723	12	13	4	1702	0	1731
21724	9	6	1631	42	0	1688
21725	7	5	40	1614	0	1666
21726	15	6	12	1668	0	1701
21727	10	1643	9	42	0	1704
21728	10	42	6	1695	0	1753
21729	9	19	5	1715	0	1748
21730	1640	8	12	53	0	1713
21731	28	1601	16	30	0	1675
21732	15	1643	9	25	0	1692
21733	8	46	8	1677	0	1739
21734	10	15	5	1696	0	1726
21735	8	11	3	1665	0	1687
21736	17	1602	8	47	0	1674
21737	13	35	6	1696	0	1750
21738	11	20	2	1314	0	1347
21739	4	12	4	1323	0	1343
21740	6	8	5	1301	0	1320
21741	7	661	3	66	0	737
21742	7	756	6	27	0	796
21743	753	44	1	23	0	821
21744	781	23	6	22	0	832
21745	47	11	5	775	0	838
21746	17	13	717	58	0	805
21747	12	18	25	779	0	834
21748	13	26	6	803	0	848
21749	753	20	2	53	0	828
21750	52	748	5	23	0	828
21751	27	40	9	767	0	843
21752	26	13	17	798	0	854
21753	16	14	717	63	0	810
21754	5	14	739	43	0	801
21755	15	8	36	786	0	845
21756	16	22	10	771	0	819
21757	14	724	10	57	0	805
21758	7	778	10	43	0	838
21759	760	45	16	29	0	850
21760	41	19	14	781	0	855
21761	10	10	662	50	0	732
21762	5	670	23	27	0	725
21763	9	33	8	719	0	769
21764	698	18	7	45	0	768
21765	38	8	3	721	0	770
21766	704	14	1	44	0	763
21767	30	697	7	20	0	754
21768	699	33	1	29	0	762
21769	32	13	3	724	0	772
21770	16	9	825	47	0	897
21771	5	12	35	863	0	915
21772	6	832	6	58	0	902
21773	6	43	3	873	0	925
21774	10	1262	4	52	0	1328
21775	5	85	3	1339	0	1432
21776	13	19	1255	89	0	1376
21777	8	19	1289	32	0	1348
21778	7	20	1296	23	0	1346
21779	1290	10	84	29	0	1413
21780	73	1249	26	32	0	1380
21781	18	1841	21	26	0	1906
21782	1829	90	22	17	0	1958
21783	1901	25	12	19	0	1957
21784	94	19	8	1847	0	1968
21785	30	19	1796	91	0	1936
21786	20	19	1784	28	0	1851
21787	15	17	78	1806	0	1916
21788	1842	9	19	100	0	1970
21789	83	1762	20	26	0	1891
21790	18	82	12	1869	0	1981
21791	1841	21	11	102	0	1975
21792	1904	15	12	31	0	1962
21793	92	22	1790	24	0	1928
21794	1722	9	76	25	0	1832
21795	96	13	1793	25	0	1927
21796	29	12	1811	26	0	1878
21797	22	17	87	1793	0	1919
21798	25	11	20	1883	0	1939
21799	26	5	23	1934	0	1988
21800	21	15	1782	102	0	1920
21801	1772	10	80	36	0	1898
21802	80	10	22	1873	0	1985
21803	1836	7	18	103	0	1964
21804	1853	9	11	43	0	1916
21805	94	1757	11	28	0	1890
21806	28	1826	9	34	0	1897
21807	29	1876	13	23	0	1941
21808	19	98	16	1858	0	1991
21809	20	36	1822	96	0	1974
21810	6	16	51	1489	0	1562
21811	9	1481	29	52	0	1571
21812	9	1555	18	17	0	1599
21813	12	72	14	1530	0	1628
21814	1361	23	4	58	0	1446
21815	59	1325	3	15	0	1402
21816	21	1344	12	12	0	1389
21817	1810	54	11	20	0	1895
21818	61	16	13	1795	0	1885
21819	12	13	17	1829	0	1871
21820	12	12	16	1867	0	1907
21821	1813	16	8	71	0	1908
21822	1832	8	3	41	0	1884
21823	74	6	7	1820	0	1907
21824	26	13	1704	69	0	1812
21825	2761	2	51	26	0	2840
21826	83	3	16	2784	0	2886
21827	32	7	2640	59	0	2738
21828	19	9	2556	15	0	2599
21829	26	6	63	2726	0	2821
21830	8	3	2724	74	0	2809
21831	5	6	66	2867	0	2944
21832	5	2	32	2845	0	2884
21833	8	2	16	3012	0	3038
21834	2963	4	16	93	0	3076
21835	71	14	18	2971	0	3074
21836	28	14	10	2998	0	3050
21837	24	10	10	3001	0	3045
21838	37	15	11	3008	0	3071
21839	18	31	2797	91	0	2937
21840	14	2789	52	50	0	2905
21841	16	71	19	2975	0	3081
21842	7	34	26	2972	0	3039
21843	12	2736	36	77	0	2861
21844	17	2909	28	44	0	2998
21845	2945	75	16	50	0	3086
21846	60	2862	28	31	0	2981
21847	26	88	22	2964	0	3100
21848	34	41	2831	72	0	2978
21849	2685	27	50	32	0	2794
21850	83	49	2891	27	0	3050
21851	2769	24	64	44	0	2901
21852	2785	10	33	36	0	2864
21853	105	13	2830	40	0	2988
21854	43	6	79	2804	0	2932
21855	43	2732	37	83	0	2895
21856	44	54	34	2968	0	3100
21857	2953	16	28	94	0	3091
21858	2931	13	20	56	0	3020
21859	77	2825	29	39	0	2970
21860	2950	55	18	58	0	3081
21861	87	16	36	2742	0	2881
21862	2776	12	35	79	0	2902
21863	2772	17	36	49	0	2874
21864	94	13	20	2752	0	2879
21865	2752	8	20	111	0	2891
21866	2690	16	17	65	0	2788
21867	88	21	2600	63	0	2772
21868	2466	16	55	62	0	2599
21869	97	13	2536	46	0	2692
21870	35	16	2319	47	0	2417
21871	30	2702	77	44	0	2853
21872	30	65	30	2938	0	3063
21873	28	49	2821	80	0	2978
21874	4	11	2092	6	0	2113
21875	2303	7	11	5	0	2326
21876	13	1	9	2369	0	2392
21877	4	1	10	2375	0	2390
21878	7	3	3	2404	0	2417
21879	5	7	3	2397	0	2412
21880	5	1	3	2427	0	2436
21881	10	4	1876	19	0	1909
21882	10	10	1758	16	0	1794
21883	1	6	17	1938	0	1962
21884	1949	4	7	12	0	1972
21885	10	1860	11	14	0	1895
21886	14	9	3	1969	0	1995
21887	1961	6	3	16	0	1986
21888	14	1871	8	16	0	1909
21889	13	12	4	1934	0	1963
21890	12	6	4	1941	0	1963
21891	6	6	7	1936	0	1955
21892	1957	4	1	24	0	1986
21893	11	3	1861	18	0	1893
21894	1803	4	16	10	0	1833
21895	21	9	7	1914	0	1951
21896	10	3	8	1882	0	1903
21897	9	1796	15	19	0	1839
21898	7	12	1746	13	0	1778
21899	1753	3	11	14	0	1781
21900	1796	8	10	18	0	1832
21901	16	7	1804	16	0	1843
21902	1695	4	17	13	0	1729
21903	18	1752	12	16	0	1798
21904	14	1751	9	11	0	1785
21905	9	1810	16	6	0	1841
21906	1794	17	11	14	0	1836
21907	19	11	1755	14	0	1799
21908	16	12	12	1765	0	1805
21909	7	1735	7	19	0	1768
21910	8	1738	8	18	0	1772
21911	9	1790	11	13	0	1823
21912	11	29	1	1656	0	1697
21913	1788	10	4	21	0	1823
21914	13	1775	6	17	0	1811
21915	12	13	4	1815	0	1844
21916	19	9	5	1827	0	1860
21917	1469	8	11	18	0	1506
21918	19	6	8	1442	0	1475
21919	14	4	3	1485	0	1506
21920	10	10	1417	31	0	1468
21921	8	12	14	1423	0	1457
21922	8	5	14	1473	0	1500
21923	1461	4	7	21	0	1493
21924	1395	6	6	19	0	1426
21925	15	6	10	680	0	711
21926	839	7	6	16	0	868
21927	860	12	8	11	0	891
21928	18	835	3	16	0	872
21929	18	20	810	9	0	857
21930	16	854	16	10	0	896
21931	3	9	1	702	0	715
21932	691	4	3	9	0	707
21933	7	677	3	8	0	695
21934	6	9	0	704	0	719
21935	693	8	2	15	0	718
21936	696	5	2	14	0	717
21937	10	4	3	706	0	723
21938	7	5	838	12	0	862
21939	6	2	9	857	0	874
21940	7	4	5	871	0	887
21941	4	9	834	18	0	865
21942	6	3	8	882	0	899
21943	10	5	8	874	0	897
21944	874	2	7	19	0	902
21945	14	4	6	872	0	896
21946	10	3	6	881	0	900
21947	884	3	4	20	0	911
21948	874	8	3	16	0	901
21949	873	7	6	14	0	900
21950	12	9	847	15	0	883
21951	10	5	11	814	0	840
21952	8	845	11	12	0	876
21953	6	15	2	880	0	903
21954	11	10	1195	21	0	1237
21955	4	10	4	1206	0	1224
21956	13	7	1200	21	0	1241
21957	1234	5	6	13	0	1258
21958	1257	8	7	11	0	1283
21959	16	2	2	1260	0	1280
21960	8	1	3	1247	0	1259
21961	9	1	6	1230	0	1246
21962	10	1189	8	15	0	1222
21963	1259	5	7	15	0	1286
21964	1256	5	6	8	0	1275
21965	12	4	7	1257	0	1280
21966	9	3	4	1259	0	1275
21967	12	9	5	1259	0	1285
21968	15	6	7	1254	0	1282
21969	17	10	1204	12	0	1243
21970	16	7	10	1248	0	1281
21971	763	0	0	1	0	764
21972	754	0	0	0	0	754
21973	0	0	0	757	0	757
21974	1	0	759	0	0	760
21975	732	0	0	1	0	733
21976	0	0	0	760	0	760
21977	0	731	1	0	0	732
21978	0	724	1	2	0	727
21979	760	0	0	0	0	760
21980	0	1	0	749	0	750
21981	0	1	0	753	0	754
21982	0	0	0	756	0	756
21983	0	0	0	743	0	743
21984	0	0	0	753	0	753
21985	0	0	743	0	0	743
21986	0	0	722	0	0	722
21987	0	1	728	0	0	729
21988	0	1	0	730	0	731
21989	1	0	744	0	0	745
21990	0	0	0	735	0	735
21991	1	0	0	731	0	732
21992	0	0	0	750	0	750
21993	747	0	0	0	0	747
21994	0	0	0	745	0	745
21995	0	0	0	747	0	747
21996	752	0	1	0	0	753
21997	0	711	0	0	0	711
21998	0	1233	4	0	0	1237
21999	1364	0	0	1	0	1365
22000	0	1265	5	1	0	1271
22001	1357	0	0	0	0	1357
22002	1345	0	0	3	0	1348
22003	1335	0	1	1	0	1337
22004	1353	0	0	1	0	1354
22005	1352	0	0	0	0	1352
22006	0	1280	2	1	0	1283
22007	1355	0	0	0	0	1355
22008	1344	0	0	2	0	1346
22009	0	1440	2	1	0	1443
22010	1670	1	0	0	0	1671
22011	1661	1	0	0	0	1662
22012	1987	1	1	0	0	1989
22013	2016	1	0	0	0	2017
22014	44	5	2934	0	0	2983
22015	10	0	142	2929	0	3081
22016	5	0	44	3139	0	3188
22017	3	2	3026	197	0	3228
22018	5	7	2996	88	0	3096
22019	2970	0	197	61	0	3228
22020	147	1	91	3025	0	3264
22021	50	5	3028	160	0	3243
22022	43	3	3064	54	0	3164
22023	2965	1	202	42	0	3210
22024	3140	1	99	22	0	3262
22025	3195	3	53	14	0	3265
22026	236	5	2818	13	0	3072
22027	111	0	159	2804	0	3074
22028	71	2	2844	156	0	3073
22029	2767	1	185	59	0	3012
22030	172	5	2815	54	0	3046
22031	59	1	203	2732	0	2995
22032	48	2	86	2699	0	2835
22033	34	2738	76	178	0	3026
22034	2855	149	41	91	0	3136
22035	180	53	2775	64	0	3072
22036	2836	43	177	44	0	3100
22037	212	26	3767	38	0	4043
22038	91	10	216	3493	0	3810
22039	80	3	96	3732	0	3911
22040	52	3	87	3829	0	3971
22041	3681	4	48	267	0	4000
22042	180	3	44	3744	0	3971
22043	78	9	32	3784	0	3903
22044	77	3518	43	240	0	3878
22045	61	147	51	3785	0	4044
22046	3667	46	41	240	0	3994
22047	190	48	3599	108	0	3945
22048	84	18	178	3669	0	3949
22049	65	16	3623	209	0	3913
22050	58	3322	244	100	0	3724
22051	64	149	3587	87	0	3887
22052	3555	54	223	75	0	3907
22053	3716	53	129	58	0	3956
22054	222	37	127	3339	0	3725
22055	3399	20	72	227	0	3718
22056	3481	11	78	132	0	3702
22057	283	5	85	3319	0	3692
22058	149	10	90	3479	0	3728
22059	116	12	3188	293	0	3609
22060	93	3134	188	168	0	3583
22061	3263	169	121	129	0	3682
22062	215	3210	110	84	0	3619
22063	129	205	79	3292	0	3705
22064	135	83	46	3448	0	3712
22065	106	69	52	3498	0	3725
22066	74	44	77	3558	0	3753
22067	64	30	3256	334	0	3684
22068	3158	10	222	205	0	3595
22069	3465	19	129	130	0	3743
22070	260	16	113	3389	0	3778
22071	3403	26	83	268	0	3780
22072	284	41	53	3424	0	3802
22073	150	32	3242	278	0	3702
22074	133	32	191	3301	0	3657
22075	114	3134	117	279	0	3644
22076	76	170	114	3248	0	3608
22077	91	3236	81	271	0	3679
22078	79	213	73	3229	0	3594
22079	72	3261	62	300	0	3695
22080	3273	218	54	180	0	3725
22081	217	101	3160	171	0	3649
22082	128	3065	209	128	0	3530
22083	93	3311	117	124	0	3645
22084	89	230	92	2995	0	3406
22085	89	125	73	3376	0	3663
22086	79	88	54	3472	0	3693
22087	86	45	82	3452	0	3665
22088	96	3137	79	329	0	3641
22089	74	183	80	3408	0	3745
22090	82	85	77	3505	0	3749
22091	3296	77	74	299	0	3746
22092	242	57	55	3409	0	3763
22093	122	54	3149	327	0	3652
22094	137	47	3111	200	0	3495
22095	3013	37	235	165	0	3450
22096	231	3064	103	147	0	3545
22097	118	3562	91	141	0	3912
22098	66	257	62	3032	0	3417
22099	65	147	60	3207	0	3479
22100	70	124	2914	285	0	3393
22101	2830	88	186	177	0	3281
22102	3076	65	84	172	0	3397
22103	247	62	3522	144	0	3975
22104	134	44	3500	155	0	3833
22105	3494	45	237	154	0	3930
22106	3684	35	115	156	0	3990
22107	3713	41	100	126	0	3980
22108	3728	41	57	111	0	3937
22109	321	3221	53	102	0	3697
22110	3373	179	22	115	0	3689
22111	262	100	3083	105	0	3550
22112	124	72	3697	89	0	3982
22113	89	57	3925	87	0	4158
22114	12	295	83	2770	0	3160
22115	2856	1	18	25	0	2900
22116	2855	0	7	16	0	2878
22117	38	1	6	2809	0	2854
22118	19	0	5	2759	0	2783
22119	6	1	5	2815	0	2827
22120	4	3470	6	41	0	3521
22121	4260	20	1	20	0	4301
22122	4174	15	5	13	0	4207
22123	4232	6	2	8	0	4248
22124	4230	4	4	6	0	4244
22125	4250	3	2	8	0	4263
22126	52	3	1	4206	0	4262
22127	28	4025	5	24	0	4082
22128	15	23	1	4227	0	4266
22129	14	15	0	4198	0	4227
22130	4234	7	7	39	0	4287
22131	29	7	4037	24	0	4097
22132	22	21	4124	13	0	4180
22133	12	16	4000	14	0	4042
22134	4327	3	38	7	0	4375
22135	4501	1	23	5	0	4530
22136	46	2	16	5785	0	5849
22137	26	2	10	4945	0	4983
22138	13	4	7	5133	0	5157
22139	13	6	5066	89	0	5174
22140	8	1	55	4882	0	4946
22141	9	9	6366	73	0	6457
22142	9	1	63	6316	0	6389
22143	11	4	37	6382	0	6434
22144	10	0	22	6534	0	6566
22145	6487	0	10	98	0	6595
22146	6374	3	7	59	0	6443
22147	81	8	6314	26	0	6429
22148	6300	4	48	18	0	6370
22149	6478	0	28	18	0	6524
22150	88	4	18	6440	0	6550
22151	6497	2	9	63	0	6571
22152	83	3	10	6426	0	6522
22153	50	0	5	6520	0	6575
22154	32	11	6260	89	0	6392
22155	6040	7	53	56	0	6156
22156	59	0	30	6475	0	6564
22157	41	9	6324	76	0	6450
22158	25	14	6169	42	0	6250
22159	13	3	78	6256	0	6350
22160	14	0	51	6349	0	6414
22161	6438	0	27	91	0	6556
22162	65	1	18	6378	0	6462
22163	37	0	21	6394	0	6452
22164	26	0	18	6474	0	6518
22165	20	2	11	7123	0	7156
22166	7947	1	17	135	0	8100
22167	7890	0	16	91	0	7997
22168	7945	0	15	60	0	8020
22169	8013	1	24	44	0	8082
22170	160	3	15	8220	0	8398
22171	8341	6	11	144	0	8502
22172	151	1	9	8279	0	8440
22173	8339	1	11	144	0	8495
22174	163	3	12	8129	0	8307
22175	91	1	9	8094	0	8195
22176	71	8018	17	155	0	8261
22177	39	102	13	8318	0	8472
22178	8163	50	6	151	0	8370
22179	7945	22	12	96	0	8075
22180	179	18	7905	68	0	8170
22181	103	7907	111	44	0	8165
22182	8135	101	62	39	0	8337
22183	139	8071	37	46	0	8293
22184	8109	119	35	34	0	8297
22185	147	7986	38	42	0	8213
22186	92	129	7771	35	0	8027
22187	52	7783	117	52	0	8004
22188	39	7900	76	50	0	8065
22189	36	160	29	8160	0	8385
22190	8349	72	15	151	0	8587
22191	129	34	22	8291	0	8476
22192	76	22	15	8426	0	8539
22193	8374	16	13	213	0	8616
22194	8283	17	8	115	0	8423
22195	187	18	12	8275	0	8492
22196	121	19	11	8304	0	8455
22197	78	9	13	8157	0	8257
22198	7999	13	18	211	0	8241
22199	163	25	7784	109	0	8081
22200	112	13	106	7949	0	8180
22201	89	19	7828	151	0	8087
22202	52	7439	138	123	0	7752
22203	48	116	7241	77	0	7482
22204	41	65	126	7290	0	7522
22205	60	36	7286	155	0	7537
22206	7130	22	127	99	0	7378
22207	149	20	72	7359	0	7600
22208	93	7459	62	155	0	7769
22209	71	125	28	7623	0	7847
22210	64	7474	30	170	0	7738
22211	62	7551	41	109	0	7763
22212	54	6563	17	48	0	6682
22213	47	136	19	6452	0	6654
22214	33	6487	31	111	0	6662
22215	6593	121	15	72	0	6801
22216	109	78	6276	61	0	6524
22217	79	68	6007	44	0	6198
22218	61	36	6243	43	0	6383
22219	36	27	138	6360	0	6561
22220	42	31	64	5738	0	5875
22221	61	26	35	5373	0	5495
22222	67	37	12	5402	0	5518
22223	93	27	11	5308	0	5439
22224	86	5363	13	184	0	5646
22225	88	109	5233	110	0	5540
22226	92	75	5136	73	0	5376
22227	69	5255	133	81	0	5538
22228	69	105	64	5442	0	5680
22229	63	73	40	5500	0	5676
22230	48	46	23	5592	0	5709
22231	5512	43	30	196	0	5781
22232	124	51	5039	140	0	5354
22233	5136	34	104	91	0	5365
22234	5172	38	62	74	0	5346
22235	178	4823	66	65	0	5132
22236	78	3929	29	50	0	4086
22237	3962	93	28	49	0	4132
22238	102	69	27	3932	0	4130
22239	74	53	11	4015	0	4153
22240	60	47	3811	114	0	4032
22241	49	57	2536	76	0	2718
22242	34	58	105	2631	0	2828
22243	3181	79	58	95	0	3413
22244	95	53	3098	70	0	3316
22245	4214	59	86	57	0	4416
22246	112	40	42	4212	0	4406
22247	57	35	33	4258	0	4383
22248	63	22	30	4348	0	4463
22249	61	38	4055	147	0	4301
22250	43	3940	87	108	0	4178
22251	46	4658	50	85	0	4839
22252	5167	147	35	78	0	5427
22253	5259	64	28	79	0	5430
22254	167	41	31	5297	0	5536
22255	5302	36	41	182	0	5561
22256	169	40	5001	94	0	5304
22257	65	43	5067	78	0	5253
22258	33	36	190	5301	0	5560
22259	5385	33	104	183	0	5705
22260	155	31	70	5418	0	5674
22261	79	25	62	5543	0	5709
22262	5390	27	40	236	0	5693
22263	5301	35	43	118	0	5497
22264	185	5347	40	108	0	5680
22265	4834	127	32	62	0	5055
22266	101	24	9	3819	0	3953
22267	32	3755	20	89	0	3896
22268	3849	85	13	39	0	3986
22269	94	3760	17	33	0	3904
22270	29	68	2	3583	0	3682
22271	3592	17	5	85	0	3699
22272	83	17	3422	26	0	3548
22273	46	14	3394	15	0	3469
22274	22	15	81	3401	0	3519
22275	25	9	23	3558	0	3615
22276	19	14	14	3503	0	3550
22277	28	4320	13	84	0	4445
22278	4514	336	9	42	0	4901
22279	4634	72	7	54	0	4767
22280	4432	55	5	228	0	4720
22281	201	4970	16	41	0	5228
22282	287	204	23	4806	0	5320
22283	77	266	20	4994	0	5357
22284	66	46	16	5276	0	5404
22285	4971	36	36	237	0	5280
22286	190	4841	244	95	0	5370
22287	151	891	242	4931	0	6215
22288	777	207	34	5373	0	6391
22289	211	144	4503	1122	0	5980
22290	128	5279	142	475	0	6024
22291	786	628	35	4674	0	6123
22292	448	802	21	4864	0	6135
22293	392	209	8	5602	0	6211
22294	5637	82	84	417	0	6220
22295	406	4831	798	140	0	6175
22296	4758	202	886	422	0	6268
22297	204	101	189	5787	0	6281
22298	4808	52	23	1441	0	6324
22299	414	170	4439	1026	0	6049
22300	4664	999	151	314	0	6128
22301	5637	223	41	342	0	6243
22302	1179	62	4837	337	0	6415
22303	957	134	379	4945	0	6415
22304	246	979	77	5272	0	6574
22305	5082	216	52	1304	0	6654
22306	217	42	34	6370	0	6663
22307	173	58	32	6656	0	6919
22308	1015	129	19	5476	0	6639
22309	303	997	4766	357	0	6423
22310	4919	222	168	943	0	6252
22311	292	5063	110	1201	0	6666
22312	353	251	723	5199	0	6526
22313	139	5650	414	334	0	6537
22314	314	5335	64	956	0	6669
22315	326	206	50	6229	0	6811
22316	178	102	5207	1187	0	6674
22317	785	149	5013	576	0	6523
22318	339	770	208	5418	0	6735
22319	1019	221	5057	390	0	6687
22320	5001	73	204	1120	0	6398
22321	954	63	153	5594	0	6764
22322	320	65	798	5517	0	6700
22323	889	5056	388	375	0	6708
22324	1176	217	139	5095	0	6627
22325	256	313	767	5160	0	6496
22326	91	4873	211	1305	0	6480
22327	142	434	57	5939	0	6572
22328	815	321	42	5280	0	6458
22329	227	4842	96	1321	0	6486
22330	4939	212	284	1148	0	6583
22331	262	94	5014	1040	0	6410
22332	194	55	5454	509	0	6212
22333	799	140	581	4821	0	6341
22334	454	779	95	5180	0	6508
22335	116	285	4709	1269	0	6379
22336	71	864	4602	613	0	6150
22337	4396	1130	223	321	0	6070
22338	225	4877	145	1142	0	6389
22339	4788	225	879	549	0	6441
22340	267	299	5480	259	0	6305
22341	120	4685	442	1078	0	6325
22342	719	236	825	4698	0	6478
22343	819	315	4258	348	0	5740
22344	440	122	4191	949	0	5702
22345	94	137	454	4333	0	5018
22346	68	774	3528	516	0	4886
22347	56	3491	247	1148	0	4942
22348	53	255	123	4567	0	4998
22349	54	775	3566	512	0	4907
22350	102	3501	420	925	0	4948
22351	3029	231	108	988	0	4356
22352	254	949	2280	255	0	3738
22353	1028	2533	212	91	0	3864
22354	216	160	1068	2904	0	4348
22355	41	233	731	3118	0	4123
22356	2923	104	180	948	0	4155
22357	117	61	280	3770	0	4228
22358	42	46	956	3078	0	4122
22359	2806	64	810	367	0	4047
22360	652	132	383	2815	0	3982
22361	247	930	2705	191	0	4073
22362	774	204	242	2910	0	4130
22363	211	128	3603	201	0	4143
22364	50	30	2617	80	0	2777
22365	30	33	2680	65	0	2808
22366	43	24	132	2546	0	2745
22367	32	19	49	2803	0	2903
22368	2705	14	42	165	0	2926
22369	101	26	49	2657	0	2833
22370	58	4309	46	162	0	4575
22371	40	96	34	4845	0	5015
22372	24	41	50	4804	0	4919
22373	28	4564	42	176	0	4810
22374	4721	101	37	93	0	4952
22375	4628	45	36	64	0	4773
22376	132	5024	50	71	0	5277
22377	9	4234	16	30	0	4289
22378	8	59	12	4358	0	4437
22379	4356	13	14	67	0	4450
22380	66	9	4231	26	0	4332
22381	6	11	3541	3	0	3561
22382	3614	1	16	3	0	3634
22383	15	3722	7	3	0	3747
22384	4	15	3	3894	0	3916
22385	2	4	1	3806	0	3813
22386	2	3	2	3824	0	3831
22387	3	2	2	3811	0	3818
22388	0	3613	11	21	0	3645
22389	0	14	0	3916	0	3930
22390	3912	4	5	16	0	3937
22391	16	2	2	3870	0	3890
22392	3	0	2	3889	0	3894
22393	3891	1	2	18	0	3912
22394	3816	3	0	5	0	3824
22395	3848	1	0	6	0	3855
22396	3884	1	2	2	0	3889
22397	18	1	2	3863	0	3884
22398	4768	2	2	15	0	4787
22399	16	2	1	4724	0	4743
22400	4766	2	2	17	0	4787
22401	4756	1	1	6	0	4764
22402	16	0	3	4401	0	4420
22403	5	4	4263	17	0	4289
22404	4215	0	13	5	0	4233
22405	4400	2	3	3	0	4408
22406	4389	3	2	2	0	4396
22407	4056	1	0	5	0	4062
22408	19	9	2	4036	0	4066
22409	4	18	3956	17	0	3995
22410	2	16	3443	9	0	3470
22411	3502	6	10	4	0	3522
22412	3813	3	8	5	0	3829
22413	13	3648	14	7	0	3682
22414	6	3699	22	2	0	3729
22415	3901	13	3	4	0	3921
22416	11	4	1	3826	0	3842
22417	0	9	1	4424	0	4434
22418	4471	1	1	25	0	4498
22419	9	4209	6	18	0	4242
22420	4437	11	4	15	0	4467
22421	12	10	4221	17	0	4260
22422	4177	4	6	8	0	4195
22423	10	1	2	4371	0	4384
22424	16	6	4325	16	0	4363
22425	11	4115	24	21	0	4171
22426	12	5	1	4442	0	4460
22427	30	6	4615	6	0	4657
22428	15	3	26	4497	0	4541
22429	4675	1	6	38	0	4720
22430	41	6	4527	14	0	4588
22431	4337	0	30	23	0	4390
22432	37	4354	30	13	0	4434
22433	21	27	3	4663	0	4714
22434	22	14	4575	38	0	4649
22435	15	4	35	4478	0	4532
22436	21	8	4613	36	0	4678
22437	18	4257	44	20	0	4339
22438	4611	25	13	6	0	4655
22439	42	4586	15	12	0	4655
22440	26	31	5	4745	0	4807
22441	12	14	15	4762	0	4803
22442	6	6	4646	44	0	4702
22443	3749	17	44	26	0	3836
22444	37	4380	27	14	0	4458
22445	20	4447	5	19	0	4491
22446	18	4564	11	15	0	4608
22447	18	45	7	4649	0	4719
22448	14	4540	16	39	0	4609
22449	18	27	6	4691	0	4742
22450	14	4525	11	44	0	4594
22451	18	39	3	4663	0	4723
22452	20	4492	11	42	0	4565
22453	4588	37	13	20	0	4658
22454	48	21	3972	16	0	4057
22455	3895	7	32	26	0	3960
22456	3941	9	22	17	0	3989
22457	4136	14	9	23	0	4182
22458	47	3979	18	17	0	4061
22459	4168	33	15	14	0	4230
22460	4156	12	6	25	0	4199
22461	4109	10	12	11	0	4142
22462	56	10	3987	20	0	4073
22463	35	6	36	3969	0	4046
22464	24	16	4201	38	0	4279
22465	28	5	32	4187	0	4252
22466	4229	19	19	37	0	4304
22467	41	4736	24	27	0	4828
22468	20	49	4797	16	0	4882
22469	17	19	43	4620	0	4699
22470	14	11	20	3224	0	3269
22471	18	38	4685	44	0	4785
22472	4679	14	120	26	0	4839
22473	4839	13	51	21	0	4924
22474	4937	9	21	18	0	4985
22475	172	10	22	4752	0	4956
22476	61	4003	23	106	0	4193
22477	27	4320	13	47	0	4407
22478	28	133	6	4307	0	4474
22479	13	51	5	4239	0	4308
22480	17	4259	12	134	0	4422
22481	4281	113	4	44	0	4442
22482	115	4249	5	25	0	4394
22483	46	107	11	4356	0	4520
22484	20	68	4194	113	0	4395
22485	19	21	107	4381	0	4528
22486	4387	22	49	130	0	4588
22487	120	15	4187	68	0	4390
22488	4326	17	120	23	0	4486
22489	4803	9	52	28	0	4892
22490	4862	11	16	14	0	4903
22491	4815	2	23	15	0	4855
22492	4879	6	22	16	0	4923
22493	182	12	4686	11	0	4891
22494	82	19	4627	17	0	4745
22495	6157	14	154	7	0	6332
22496	6389	13	46	11	0	6459
22497	333	17	20	6327	0	6697
22498	158	5857	25	224	0	6264
22499	83	249	9	6125	0	6466
22500	6007	110	5	298	0	6420
22501	263	61	9	5705	0	6038
22502	131	6341	18	285	0	6775
22503	6538	258	10	155	0	6961
22504	6586	133	8	85	0	6812
22505	6550	63	16	67	0	6696
22506	414	6358	19	40	0	6831
22507	209	245	13	6524	0	6991
22508	129	127	12	6615	0	6883
22509	110	6409	19	337	0	6875
22510	74	269	13	6782	0	7138
22511	6604	134	13	328	0	7079
22512	6639	86	18	175	0	6918
22513	384	6376	31	101	0	6892
22514	203	246	20	6557	0	7026
22515	128	127	25	6757	0	7037
22516	87	74	30	6993	0	7184
22517	6178	52	23	428	0	6681
22518	313	53	5804	233	0	6403
22519	6143	42	243	132	0	6560
22520	372	47	5850	122	0	6391
22521	248	47	288	5691	0	6274
22522	162	5709	162	285	0	6318
22523	144	6193	76	182	0	6595
22524	5994	391	68	122	0	6575
22525	6054	204	38	139	0	6435
22526	413	5861	37	99	0	6410
22527	221	5927	23	101	0	6272
22528	5840	381	20	82	0	6323
22529	6202	221	31	73	0	6527
22530	431	6106	27	73	0	6637
22531	6511	315	37	79	0	6942
22532	369	200	6003	94	0	6666
22533	6379	127	233	103	0	6842
22534	6496	84	149	107	0	6836
22535	505	66	85	6221	0	6877
22536	304	6009	85	281	0	6679
22537	260	260	55	6386	0	6961
22538	6322	133	61	335	0	6851
22539	374	105	45	6205	0	6729
22540	253	83	41	6778	0	7155
22541	175	89	6153	460	0	6877
22542	189	66	253	6592	0	7100
22543	172	59	147	6800	0	7178
22544	6570	74	101	483	0	7228
22545	363	102	6252	281	0	6998
22546	6575	78	267	208	0	7128
22547	403	84	158	6546	0	7191
22548	274	92	80	6716	0	7162
22549	197	91	70	6628	0	6986
22550	208	6086	55	454	0	6803
22551	176	6647	46	262	0	7131
22552	199	371	28	6827	0	7425
22553	6758	220	44	376	0	7398
22554	6960	161	17	231	0	7369
22555	473	111	35	6840	0	7459
22556	6894	99	42	364	0	7399
22557	460	69	34	6822	0	7385
22558	295	85	41	7022	0	7443
22559	6625	60	41	478	0	7204
22560	393	6843	39	302	0	7577
22561	7148	277	27	263	0	7715
22562	7210	189	23	186	0	7608
22563	7077	99	42	199	0	7417
22564	520	6772	44	146	0	7482
22565	321	294	61	6985	0	7661
22566	242	177	38	7278	0	7735
22567	136	100	6364	433	0	7033
22568	103	91	238	6855	0	7287
22569	115	78	6519	399	0	7111
22570	132	6414	299	246	0	7091
22571	63	4717	133	125	0	5038
22572	76	4919	63	96	0	5154
22573	59	259	42	5005	0	5365
22574	64	153	22	5133	0	5372
22575	42	109	19	5173	0	5343
22576	46	103	15	5197	0	5361
22577	48	82	4893	347	0	5370
22578	56	59	5648	230	0	5993
22579	71	36	257	6012	0	6376
22580	87	28	5872	286	0	6273
22581	5823	20	260	190	0	6293
22582	6062	33	140	140	0	6375
22583	310	40	5724	123	0	6197
22584	183	31	233	5875	0	6322
22585	146	36	113	6052	0	6347
22586	106	40	79	6201	0	6426
22587	116	21	65	6168	0	6370
22588	90	39	47	6531	0	6707
22589	5413	41	49	449	0	5952
22590	5758	53	35	289	0	6135
22591	314	5701	37	214	0	6266
22592	186	235	5531	148	0	6100
22593	136	5442	222	117	0	5917
22594	99	5831	135	123	0	6188
22595	4449	134	28	28	0	4639
22596	106	4407	32	28	0	4573
22597	37	4091	25	18	0	4171
22598	3974	104	15	8	0	4101
22599	82	60	3812	7	0	3961
22600	3930	33	66	14	0	4043
22601	77	28	34	3936	0	4075
22602	53	18	12	3589	0	3672
22603	34	7	16	3628	0	3685
22604	24	18	3383	120	0	3545
22605	23	3363	74	81	0	3541
22606	3510	62	25	51	0	3648
22607	80	35	17	3502	0	3634
22608	42	3443	19	95	0	3599
22609	21	83	24	3590	0	3718
22610	29	63	3436	85	0	3613
22611	31	32	67	3515	0	3645
22612	27	28	29	3614	0	3698
22613	9	33	18	3670	0	3730
22614	3544	24	18	127	0	3713
22615	78	10	27	3610	0	3725
22616	48	18	3397	111	0	3574
22617	27	3434	74	78	0	3613
22618	31	72	31	3535	0	3669
22619	22	37	22	3634	0	3715
22620	16	29	3476	128	0	3649
22621	11	31	3365	66	0	3473
22622	3429	30	106	52	0	3617
22623	3539	16	45	64	0	3664
22624	111	3456	48	48	0	3663
22625	3566	80	40	41	0	3727
22626	108	42	3458	33	0	3641
22627	72	23	3363	40	0	3498
22628	3485	22	104	50	0	3661
22629	3306	21	44	57	0	3428
22630	123	26	3159	46	0	3354
22631	3095	13	100	41	0	3249
22632	121	14	3046	38	0	3219
22633	3094	20	101	26	0	3241
22634	3635	27	53	33	0	3748
22635	132	28	34	3437	0	3631
22636	68	3438	43	95	0	3644
22637	3371	82	40	54	0	3547
22638	109	58	3415	37	0	3619
22639	81	3379	95	42	0	3597
22640	3204	87	34	40	0	3365
22641	3205	46	26	34	0	3311
22642	118	3069	46	34	0	3267
22643	66	79	43	3223	0	3411
22644	48	51	3083	90	0	3272
22645	62	26	72	3179	0	3339
22646	44	28	3145	109	0	3326
22647	36	40	92	3138	0	3306
22648	32	25	58	3251	0	3366
22649	41	28	3056	117	0	3242
22650	35	2954	96	83	0	3168
22651	38	82	39	2999	0	3158
22652	32	50	2763	117	0	2962
22653	2868	29	84	74	0	3055
22654	80	31	51	3023	0	3185
22655	46	35	47	3060	0	3188
22656	3028	30	29	131	0	3218
22657	109	24	30	2937	0	3100
22658	74	34	24	2948	0	3080
22659	46	2902	28	132	0	3108
22660	37	81	34	2786	0	2938
22661	46	36	2611	131	0	2824
22662	35	31	91	2638	0	2795
22663	29	2600	51	116	0	2796
22664	33	2579	41	83	0	2736
22665	31	97	46	2668	0	2842
22666	2658	54	47	105	0	2864
22667	99	44	38	2141	0	2322
22668	2139	42	34	104	0	2319
22669	99	31	36	2157	0	2323
22670	2142	20	34	120	0	2316
22671	2174	21	34	85	0	2314
22672	136	7	32	2140	0	2315
22673	76	14	38	2131	0	2259
22674	77	1937	27	128	0	2169
22675	64	2061	25	72	0	2222
22676	61	105	1994	66	0	2226
22677	31	1945	75	63	0	2114
22678	1148	33	24	14	0	1219
22679	36	14	16	1144	0	1210
22680	28	1087	19	22	0	1156
22681	1154	27	9	29	0	1219
22682	34	17	8	1155	0	1214
22683	30	8	17	1158	0	1213
22684	18	13	16	1174	0	1221
22685	16	13	11	1748	0	1788
22686	18	1613	17	36	0	1684
22687	25	1676	12	28	0	1741
22688	1669	11	11	18	0	1709
22689	26	1553	6	12	0	1597
22690	14	21	9	1617	0	1661
22691	12	3	5	1618	0	1638
22692	16	6	4	1614	0	1640
22693	9	7	5	1638	0	1659
22694	1613	3	5	39	0	1660
22695	1464	2	4	8	0	1478
22696	22	2	1417	8	0	1449
22697	3	5	20	1432	0	1460
22698	4	5	1445	21	0	1475
22699	5	2	21	1441	0	1469
22700	3	4	4	1488	0	1499
22701	1467	2	1	29	0	1499
22702	21	1	4	1461	0	1487
22703	7	3	1425	27	0	1462
22704	9	4	1311	8	0	1332
22705	1397	3	18	8	0	1426
22706	20	0	1428	12	0	1460
22707	1	0	10	1301	0	1312
22708	1	1	1313	11	0	1326
22709	2	0	10	1293	0	1305
22710	0	1241	2	13	0	1256
22711	0	10	2	1315	0	1327
22712	0	1246	4	11	0	1261
22713	1	1283	3	1	0	1288
22714	0	12	1	1322	0	1335
22715	2248	2	0	12	0	2262
22716	10	2083	6	3	0	2102
22717	1	9	0	2251	0	2261
22718	2258	2	0	10	0	2270
22719	2230	1	1	2	0	2234
22720	2258	1	0	3	0	2262
22721	12	2	0	2191	0	2205
22722	2	0	0	2250	0	2252
22723	2260	0	0	10	0	2270
22724	2214	1	0	2	0	2217
22725	2229	0	0	3	0	2232
22726	13	0	0	2219	0	2232
22727	4	1	2167	10	0	2182
22728	2118	0	11	2	0	2131
22729	9	1	1	2597	0	2608
22730	1	2521	5	13	0	2540
22731	2	12	0	2622	0	2636
22732	1	2520	2	16	0	2539
22733	2	13	0	2642	0	2657
22734	0	10	2116	13	0	2139
22735	0	2084	14	2	0	2100
22736	3	12	1	2186	0	2202
22737	3	1	1	2171	0	2176
22738	0	2	0	2201	0	2203
22739	2196	0	2	14	0	2212
22740	10	2220	3	6	0	2239
22741	1	18	0	2327	0	2346
22742	2299	11	3	22	0	2335
22743	2266	4	0	11	0	2281
22744	29	2	0	2287	0	2318
22745	11	6	2226	26	0	2269
22746	4	1	21	2224	0	2250
22747	2	2206	11	25	0	2244
22748	0	19	3	2323	0	2345
22749	2290	7	0	27	0	2324
22750	20	3	1	2283	0	2307
22751	12	5	2205	24	0	2246
22752	5	2119	23	13	0	2160
22753	2273	24	9	8	0	2314
22754	24	10	2202	2	0	2238
22755	2206	4	22	2	0	2234
22756	24	3	9	2347	0	2383
22757	9	3	7	2732	0	2751
22758	3	2700	4	52	0	2759
22759	3578	42	1	22	0	3643
22760	53	16	1	3591	0	3661
22761	23	10	0	3609	0	3642
22762	8	5	5	3715	0	3733
22763	10	9	3530	86	0	3635
22764	4	10	56	3607	0	3677
22765	3632	6	21	81	0	3740
22766	3620	6	9	45	0	3680
22767	80	7	7	3582	0	3676
22768	29	9	4	3672	0	3714
22769	3624	11	8	96	0	3739
22770	59	20	3452	48	0	3579
22771	3496	14	54	27	0	3591
22772	71	11	3455	32	0	3569
22773	36	7	3470	31	0	3544
22774	23	9	78	3479	0	3589
22775	16	11	3491	71	0	3589
22776	3465	8	69	46	0	3588
22777	73	4	25	3540	0	3642
22778	48	5	3423	75	0	3551
22779	3355	7	65	49	0	3476
22780	3478	8	33	37	0	3556
22781	97	12	3623	32	0	3764
22782	45	15	69	3438	0	3567
22783	27	3787	36	75	0	3925
22784	3962	58	26	38	0	4084
22785	68	26	3289	33	0	3416
22786	3593	17	72	30	0	3712
22787	75	3290	41	426	0	3832
22788	3670	51	17	26	0	3764
22789	3559	32	16	29	0	3636
22790	3577	10	18	30	0	3635
22791	79	15	19	3668	0	3781
22792	60	3590	23	71	0	3744
22793	31	67	3512	38	0	3648
22794	29	3597	63	30	0	3719
22795	23	65	29	3374	0	3491
22796	25	3544	19	62	0	3650
22797	20	3661	25	51	0	3757
22798	3689	71	23	30	0	3813
22799	67	39	3590	28	0	3724
22800	53	21	3705	23	0	3802
22801	39	18	3658	28	0	3743
22802	41	3598	87	20	0	3746
22803	3825	50	41	32	0	3948
22804	3819	33	27	23	0	3902
22805	3842	18	26	21	0	3907
22806	87	3698	27	18	0	3830
22807	47	51	24	3814	0	3936
22808	36	39	4162	65	0	4302
22809	32	27	3989	40	0	4088
22810	4127	15	86	27	0	4255
22811	4299	10	48	25	0	4382
22812	4311	12	31	29	0	4383
22813	91	14	4151	26	0	4282
22814	4172	18	65	23	0	4278
22815	87	18	36	3565	0	3706
22816	66	16	19	3599	0	3700
22817	49	24	4875	91	0	5039
22818	39	4876	68	54	0	5037
22819	40	57	31	5193	0	5321
22820	41	42	5048	78	0	5209
22821	4850	22	88	72	0	5032
22822	84	40	50	5188	0	5362
22823	82	26	31	5216	0	5355
22824	5219	17	28	122	0	5386
22825	104	15	28	5274	0	5421
22826	5236	17	28	135	0	5416
22827	5193	21	45	97	0	5356
22828	119	21	37	5229	0	5406
22829	77	5	36	4835	0	4953
22830	4828	8	28	116	0	4980
22831	97	7	27	4854	0	4985
22832	5172	8	32	109	0	5321
22833	5126	5	33	75	0	5239
22834	5089	11	49	53	0	5202
22835	136	8	41	5061	0	5246
22836	82	7	67	5109	0	5265
22837	5122	8	63	93	0	5286
22838	89	4797	57	85	0	5028
22839	62	4875	72	49	0	5058
22840	5057	55	48	38	0	5198
22841	87	29	4776	53	0	4945
22842	4895	17	87	32	0	5031
22843	97	10	43	4990	0	5140
22844	75	24	5172	62	0	5333
22845	5254	21	72	31	0	5378
22846	101	17	36	5345	0	5499
22847	60	29	34	5476	0	5599
22848	59	27	32	5501	0	5619
22849	62	37	36	5524	0	5659
22850	5565	27	24	67	0	5683
22851	82	5353	39	43	0	5517
22852	5546	65	24	33	0	5668
22853	112	53	5364	23	0	5552
22854	98	43	5186	13	0	5340
22855	66	5516	65	43	0	5690
22856	495	77	32	5266	0	5870
22857	11	31	5170	27	0	5239
22858	13	4754	37	25	0	4829
22859	3	10	4304	0	0	4317
22860	1	2	1	4268	0	4272
22861	0	1	0	4364	0	4365
22862	4421	0	0	1	0	4422
22863	0	3	0	4354	0	4357
22864	4425	1	0	1	0	4427
22865	2	3	4283	1	0	4289
22866	0	4242	10	2	0	4254
22867	0	2	0	4798	0	4800
22868	0	5	0	4788	0	4793
22869	3	5	4757	0	0	4765
22870	4	9	4402	5	0	4420
22871	4399	0	0	5	0	4404
22872	5183	0	1	1	0	5185
22873	1	1	3	5136	0	5141
22874	0	0	0	5123	0	5123
22875	0	4957	14	4	0	4975
22876	0	1	0	5253	0	5254
22877	5737	1	2	1	0	5741
22878	5578	3	1	5	0	5587
22879	8	5464	9	2	0	5483
22880	5737	4	0	0	0	5741
22881	5556	5	0	2	0	5563
22882	8	1	0	5717	0	5726
22883	7	5623	4	9	0	5643
22884	1	32	0	5957	0	5990
22885	4	9	0	5950	0	5963
22886	6	8	5390	36	0	5440
22887	5585	1	27	17	0	5630
22888	49	6	8	6511	0	6574
22889	20	7	1	6742	0	6770
22890	12	7305	21	154	0	7492
22891	9	156	3	8769	0	8937
22892	8603	43	9	232	0	8887
22893	8872	26	2	83	0	8983
22894	285	29	8475	58	0	8847
22895	109	24	8939	34	0	9106
22896	70	9	277	9069	0	9425
22897	46	7	98	9770	0	9921
22898	33	17	9504	315	0	9869
22899	26	22	10183	125	0	10356
22900	20	7	329	9794	0	10150
22901	19	14	10723	293	0	11049
22902	16	19	10676	110	0	10821
22903	13	10	360	10554	0	10937
22904	10760	4	140	308	0	11212
22905	10872	7	95	109	0	11083
22906	325	10	66	10741	0	11142
22907	123	10	43	11071	0	11247
22908	10445	6	35	361	0	10847
22909	305	8	32	10530	0	10875
22910	10419	5	32	366	0	10822
22911	10342	13	28	155	0	10538
22912	373	9	20	10364	0	10766
22913	156	12	21	10618	0	10807
22914	10226	9	27	382	0	10644
22915	326	9893	32	165	0	10416
22916	130	10277	27	134	0	10568
22917	89	311	25	8998	0	9423
22918	78	130	8687	331	0	9226
22919	54	83	265	8847	0	9249
22920	8812	53	104	360	0	9329
22921	291	35	74	8900	0	9300
22922	8993	21	64	367	0	9445
22923	326	43	8975	165	0	9509
22924	8899	23	275	141	0	9338
22925	338	20	103	9163	0	9624
22926	151	23	70	9460	0	9704
22927	111	22	8985	396	0	9514
22928	97	17	287	9089	0	9490
22929	74	23	117	9278	0	9492
22930	56	14	73	9606	0	9749
22931	9197	36	65	490	0	9788
22932	317	49	8708	260	0	9334
22933	179	27	8709	195	0	9110
22934	8721	11	364	153	0	9249
22935	9045	14	174	133	0	9366
22936	409	33	9487	109	0	10038
22937	178	23	348	9230	0	9779
22938	141	9373	174	373	0	10061
22939	123	271	124	9902	0	10420
22940	9675	88	140	401	0	10304
22941	9983	58	123	229	0	10393
22942	396	45	104	9751	0	10296
22943	191	9399	145	408	0	10143
22944	163	280	128	9061	0	9632
22945	159	9245	92	407	0	9903
22946	9501	304	77	238	0	10120
22947	9260	118	85	206	0	9669
22948	9313	78	97	208	0	9696
22949	454	8735	102	205	0	9496
22950	253	9081	84	189	0	9607
22951	202	347	86	9274	0	9909
22952	176	136	77	9474	0	9863
22953	176	92	74	9480	0	9822
22954	145	73	63	9691	0	9972
22955	147	80	8649	560	0	9436
22956	8602	78	323	325	0	9328
22957	404	81	8973	241	0	9699
22958	8945	71	355	234	0	9605
22959	440	50	8988	194	0	9672
22960	9049	36	378	201	0	9664
22961	446	60	8935	203	0	9644
22962	8839	38	372	193	0	9442
22963	459	43	168	9157	0	9827
22964	9201	49	146	416	0	9812
22965	453	51	113	9763	0	10380
22966	251	46	103	9865	0	10265
22967	181	35	93	9477	0	9786
22968	177	8990	109	540	0	9816
22969	9302	275	91	310	0	9978
22970	9338	101	75	276	0	9790
22971	446	9104	73	265	0	9888
22972	255	301	80	9085	0	9721
22973	219	152	8563	419	0	9353
22974	8763	82	326	260	0	9431
22975	9087	66	156	210	0	9519
22976	9195	64	111	187	0	9557
22977	464	47	111	8225	0	8847
22978	246	8122	105	396	0	8869
22979	183	293	80	8575	0	9131
22980	8488	107	73	427	0	9095
22981	413	68	84	8053	0	8618
22982	229	7888	78	385	0	8580
22983	7690	269	67	203	0	8229
22984	369	141	9093	160	0	9763
22985	192	101	9071	147	0	9511
22986	152	8837	339	137	0	9465
22987	137	8765	140	103	0	9145
22988	102	221	7938	56	0	8317
22989	71	95	7560	50	0	7776
22990	58	1086	137	5776	0	7057
22991	6292	18	22	52	0	6384
22992	89	18	6182	20	0	6309
22993	15	5681	85	26	0	5807
22994	6143	73	15	20	0	6251
22995	75	5462	20	26	0	5583
22996	5326	45	6	4	0	5381
22997	41	5131	14	9	0	5195
22998	10	5996	14	15	0	6035
22999	14	46	3	5625	0	5688
23000	8	12	160	5470	0	5650
23001	4	15	4889	33	0	4941
23002	8	4	27	4774	0	4813
23003	4970	8	6	31	0	5015
23004	4971	3	3	8	0	4985
23005	35	2	2	4912	0	4951
23006	11	8	4803	29	0	4851
23007	5	18	4604	12	0	4639
23008	1	3	33	4847	0	4884
23009	5	6	5189	31	0	5231
23010	3	1	32	5124	0	5160
23011	4	4	9	5062	0	5079
23012	13	6	5404	32	0	5455
23013	5035	4	34	15	0	5088
23014	5489	2	15	8	0	5514
23015	45	11	5300	2	0	5358
23016	15	9	5392	12	0	5428
23017	7	5	49	5653	0	5714
23018	6	7	12	6475	0	6500
23019	3	5	6	6574	0	6588
23020	5	2	10	6648	0	6665
23021	6585	3	8	98	0	6694
23022	6867	4	2	46	0	6919
23023	114	2	9	6900	0	7025
23024	36	1	9	7051	0	7097
23025	15	19	7780	131	0	7945
23026	13	4	133	8148	0	8298
23027	12	2	52	8888	0	8954
23028	9756	2	16	261	0	10035
23029	232	9993	33	96	0	10354
23030	100	235	10	10302	0	10647
23031	34	92	6	10563	0	10695
23032	21	23	9	10488	0	10541
23033	20	9596	35	372	0	10023
23034	10	10273	18	157	0	10458
23035	21	310	4	10331	0	10666
23036	22	120	10	9661	0	9813
23037	8	46	5	9913	0	9972
23038	9372	25	4	398	0	9799
23039	252	9302	25	173	0	9752
23040	9542	256	8	74	0	9880
23041	9725	119	5	57	0	9906
23042	348	40	4	9362	0	9754
23043	132	9345	18	301	0	9796
23044	10181	259	9	145	0	10594
23045	293	112	6	10329	0	10740
23046	11159	42	15	309	0	11525
23047	295	37	6	11208	0	11546
23048	146	54	10732	325	0	11257
23049	68	64	10643	161	0	10936
23050	33	36	320	10950	0	11339
23051	37	31	121	11107	0	11296
23052	40	28	37	11092	0	11197
23053	31	10418	47	420	0	10916
23054	36	11136	39	178	0	11389
23055	10903	347	23	107	0	11380
23056	10825	142	29	88	0	11084
23057	362	10617	26	82	0	11087
23058	143	10864	15	77	0	11099
23059	70	11108	19	68	0	11265
23060	10716	389	12	53	0	11170
23061	282	10782	24	68	0	11156
23062	137	316	10	11015	0	11478
23063	10887	142	18	318	0	11365
23064	10977	62	22	162	0	11223
23065	385	54	21	10223	0	10683
23066	165	61	9911	322	0	10459
23067	87	66	9906	157	0	10216
23068	55	37	333	10229	0	10654
23069	53	55	10116	334	0	10558
23070	49	37	286	10112	0	10484
23071	48	41	122	10326	0	10537
23072	57	50	10006	417	0	10530
23073	55	52	10007	194	0	10308
23074	41	49	366	9917	0	10373
23075	41	43	139	10477	0	10700
23076	10046	41	61	438	0	10586
23077	274	9821	55	215	0	10365
23078	136	10186	46	132	0	10500
23079	9880	388	27	116	0	10411
23080	10092	155	38	91	0	10376
23081	408	9884	42	90	0	10424
23082	163	10263	28	120	0	10574
23083	10188	375	32	103	0	10698
23084	334	170	36	8639	0	9179
23085	8624	83	31	355	0	9093
23086	335	8482	43	205	0	9065
23087	8763	294	39	127	0	9223
23088	360	160	8320	110	0	8950
23089	8452	85	273	115	0	8925
23090	369	81	8388	115	0	8953
23091	166	60	260	8217	0	8703
23092	8259	53	124	347	0	8783
23093	313	83	7892	203	0	8491
23094	165	57	264	8211	0	8697
23095	8224	68	130	343	0	8765
23096	325	78	7878	199	0	8480
23097	173	62	257	8192	0	8684
23098	7312	68	122	345	0	7847
23099	290	7231	63	217	0	7801
23100	184	271	43	7385	0	7883
23101	86	169	49	7547	0	7851
23102	98	86	20	7545	0	7749
23103	108	7152	36	426	0	7722
23104	95	278	36	7484	0	7893
23105	99	142	31	7608	0	7880
23106	113	90	29	7677	0	7909
23107	82	81	51	8271	0	8485
23108	110	80	8250	440	0	8880
23109	7967	80	294	234	0	8575
23110	8405	64	128	152	0	8749
23111	436	8157	81	147	0	8821
23112	195	300	45	8151	0	8691
23113	110	143	63	8242	0	8558
23114	106	7868	69	461	0	8504
23115	98	300	58	8332	0	8788
23116	7688	147	57	394	0	8286
23117	314	7537	63	227	0	8141
23118	7601	285	47	114	0	8047
23119	290	143	42	7648	0	8123
23120	134	89	7267	337	0	7827
23121	87	7415	237	187	0	7926
23122	6956	257	93	114	0	7420
23123	248	6727	61	88	0	7124
23124	141	7014	44	79	0	7278
23125	5919	228	27	61	0	6235
23126	211	94	5057	59	0	5421
23127	71	4816	136	49	0	5072
23128	4930	79	21	16	0	5046
23129	4422	17	11	7	0	4457
23130	62	4296	13	14	0	4385
23131	29	66	5	5273	0	5373
23132	25	17	5150	63	0	5255
23133	17	21	54	5037	0	5129
23134	11	20	14	4991	0	5036
23135	17	10	9	5311	0	5347
23136	12	16	5212	79	0	5319
23137	13	22	59	4910	0	5004
23138	10	12	5188	83	0	5293
23139	9	16	5352	30	0	5407
23140	4727	18	79	25	0	4849
23141	76	5385	38	21	0	5520
23142	26	5548	26	18	0	5618
23143	401	89	11	5836	0	6337
23144	7063	18	2	69	0	7152
23145	6960	17	11	18	0	7006
23146	6179	13	9	17	0	6218
23147	6244	5	5	14	0	6268
23148	6141	5	4	9	0	6159
23149	76	26	6009	6	0	6117
23150	31	5	49	5987	0	6072
23151	23	5961	26	54	0	6064
23152	12	53	15	6265	0	6345
23153	6252	20	9	69	0	6350
23154	61	6265	22	26	0	6374
23155	19	64	9	6600	0	6692
23156	6603	20	8	69	0	6700
23157	6539	15	8	22	0	6584
23158	74	18	9	6496	0	6597
23159	34	8	5	6469	0	6516
23160	36	7	5	6610	0	6658
23161	28	13	6459	73	0	6573
23162	19	19	6870	30	0	6938
23163	22	7	62	7048	0	7139
23164	18	11	23	7256	0	7308
23165	7255	7	20	84	0	7366
23166	7121	11	12	34	0	7178
23167	7158	12	7	26	0	7203
23168	7749	10	14	19	0	7792
23169	7874	12	9	21	0	7916
23170	92	7484	18	23	0	7617
23171	7974	60	10	28	0	8072
23172	7897	21	4	25	0	7947
23173	7917	28	6	20	0	7971
23174	94	15	6	8526	0	8641
23175	42	19	8390	161	0	8612
23176	38	17	130	8422	0	8607
23177	31	17	8364	169	0	8581
23178	29	6	133	8116	0	8284
23179	33	8029	29	146	0	8237
23180	8593	144	22	36	0	8795
23181	8493	25	18	26	0	8562
23182	160	24	8	8432	0	8624
23183	52	24	10	8548	0	8634
23184	47	14	13	8598	0	8672
23185	40	8135	16	161	0	8352
23186	8539	148	5	44	0	8736
23187	8473	24	7	34	0	8538
23188	176	8195	24	26	0	8421
23189	50	142	11	8475	0	8678
23190	33	24	18	8473	0	8548
23191	28	8229	31	154	0	8442
23192	8557	143	12	57	0	8769
23193	8511	28	16	46	0	8601
23194	163	20	21	8400	0	8604
23195	45	26	8384	169	0	8624
23196	41	30	8129	49	0	8249
23197	44	9	151	8366	0	8570
23198	39	21	33	8290	0	8383
23199	36	13	19	8681	0	8749
23200	8472	17	14	199	0	8702
23201	8859	20	17	62	0	8958
23202	187	9127	29	49	0	9392
23203	9373	177	27	33	0	9610
23204	202	55	9122	34	0	9413
23205	66	41	8883	37	0	9027
23206	49	8894	200	47	0	9190
23207	8016	184	870	38	0	9108
23208	128	7726	23	29	0	7906
23209	8083	133	24	18	0	8258
23210	155	24	8579	23	0	8781
23211	32	30	8557	21	0	8640
23212	19	17	147	9062	0	9245
23213	22	23	9726	143	0	9914
23214	21	15	125	9627	0	9788
23215	27	16	21	9345	0	9409
23216	22	9442	31	156	0	9651
23217	28	132	16	9933	0	10109
23218	23	30	19	9378	0	9450
23219	9317	16	14	156	0	9503
23220	138	8963	31	47	0	9179
23221	34	138	17	10000	0	10189
23222	23	39	9770	180	0	10012
23223	8463	26	167	60	0	8716
23224	188	26	9631	47	0	9892
23225	57	19	181	10051	0	10308
23226	34	10692	64	164	0	10954
23227	18	215	39	11173	0	11445
23228	10384	44	25	230	0	10683
23229	10337	29	31	68	0	10465
23230	252	10588	40	41	0	10921
23231	11228	219	15	42	0	11504
23232	11211	59	14	39	0	11323
23233	11472	35	16	29	0	11552
23234	11552	24	22	39	0	11637
23235	11336	15	23	37	0	11411
23236	296	43	10846	25	0	11210
23237	88	28	211	10925	0	11252
23238	56	30	63	11259	0	11408
23239	43	27	25	10731	0	10826
23240	39	10474	27	259	0	10799
23241	41	198	26	10850	0	11115
23242	47	76	10910	243	0	11276
23243	32	10389	225	77	0	10723
23244	28	9844	58	66	0	9996
23245	41	242	34	10031	0	10348
23246	44	71	22	10163	0	10300
23247	43	39	27	9982	0	10091
23248	43	9553	42	292	0	9930
23249	32	10354	48	95	0	10529
23250	10600	246	19	70	0	10935
23251	10545	74	22	49	0	10690
23252	272	10251	30	58	0	10611
23253	10720	227	22	53	0	11022
23254	11776	64	22	51	0	11913
23255	281	69	27	11632	0	12009
23256	111	45	21	11701	0	11878
23257	85	38	13	11956	0	12092
23258	74	64	11333	314	0	11785
23259	71	76	10945	112	0	11204
23260	68	11217	252	82	0	11619
23261	11948	246	75	58	0	12327
23262	307	103	11081	60	0	11551
23263	11076	60	242	79	0	11457
23264	313	63	11185	72	0	11633
23265	11436	51	270	62	0	11819
23266	326	11634	113	67	0	12140
23267	11937	302	69	68	0	12376
23268	337	106	36	11377	0	11856
23269	136	81	44	11777	0	12038
23270	119	80	10754	380	0	11333
23271	88	10552	245	919	0	11804
23272	784	306	79	11021	0	12190
23273	94	124	11324	334	0	11876
23274	9853	66	209	132	0	10260
23275	242	10638	102	99	0	11081
23276	10844	207	68	89	0	11208
23277	240	10722	43	81	0	11086
23278	118	248	35	10955	0	11356
23279	10886	111	45	230	0	11272
23280	227	10635	52	146	0	11060
23281	111	224	48	11150	0	11533
23282	105	126	10705	248	0	11184
23283	10230	93	223	132	0	10678
23284	263	53	90	11045	0	11451
23285	138	76	10709	265	0	11188
23286	102	10715	218	152	0	11187
23287	87	228	97	11053	0	11465
23288	100	131	11240	246	0	11717
23289	89	112	212	10998	0	11411
23290	102	10970	108	272	0	11452
23291	105	11442	72	132	0	11751
23292	122	307	11140	89	0	11658
23293	102	138	222	11191	0	11653
23294	97	105	11269	272	0	11743
23295	10810	69	240	137	0	11256
23296	278	63	95	11127	0	11563
23297	142	10790	95	248	0	11275
23298	109	11314	70	132	0	11625
23299	11160	288	55	111	0	11614
23300	259	11229	67	113	0	11668
23301	10777	221	61	81	0	11140
23302	242	127	9995	63	0	10427
23303	9366	89	193	79	0	9727
23304	234	10032	102	57	0	10425
23305	10317	207	59	74	0	10657
23306	212	10115	56	90	0	10473
23307	89	217	57	10146	0	10509
23308	80	1030	27	9519	0	10656
23309	49	116	10610	274	0	11049
23310	9497	66	198	136	0	9897
23311	205	92	9809	91	0	10197
23312	9266	61	211	61	0	9599
23313	255	62	85	9054	0	9456
23314	118	75	56	9062	0	9311
23315	93	9441	42	274	0	9850
23316	71	205	48	9773	0	10097
23317	69	105	40	9857	0	10071
23318	69	74	9353	280	0	9776
23319	8723	75	199	142	0	9139
23320	208	9370	98	103	0	9779
23321	9034	149	49	43	0	9275
23322	172	69	53	8863	0	9157
23323	86	49	39	9034	0	9208
23324	8988	39	42	205	0	9274
23325	139	7993	37	91	0	8260
23326	7670	108	14	58	0	7850
23327	110	7525	39	39	0	7713
23328	38	7400	36	35	0	7509
23329	7663	118	21	27	0	7829
23330	120	44	18	6994	0	7176
23331	42	43	5998	105	0	6188
23332	34	30	90	6036	0	6190
23333	24	22	27	6151	0	6224
23334	20	6263	33	133	0	6449
23335	32	109	9	6592	0	6742
23336	26	48	18	6564	0	6656
23337	28	34	21	7085	0	7168
23338	22	25	16	7186	0	7249
23339	28	29	6780	178	0	7015
23340	27	42	7120	69	0	7258
23341	25	27	154	7404	0	7610
23342	14	19	6553	144	0	6730
23343	14	18	6401	61	0	6494
23344	12	13	167	6394	0	6586
23345	16	18	7472	154	0	7660
23346	13	22	208	7112	0	7355
23347	18	7441	82	190	0	7731
23348	8485	192	39	58	0	8774
23349	230	71	9017	41	0	9359
23350	84	29	260	9034	0	9407
23351	46	29	9034	270	0	9379
23352	24	14	280	10271	0	10589
23353	15	22	97	10694	0	10828
23354	9470	17	55	457	0	9999
23355	353	19	38	9759	0	10169
23356	9543	16	45	418	0	10022
23357	9809	10	45	179	0	10043
23358	467	9570	41	101	0	10179
23359	9645	341	35	68	0	10089
23360	413	9403	49	70	0	9935
23361	159	9897	40	79	0	10175
23362	9881	456	38	43	0	10418
23363	409	199	9255	52	0	9915
23364	168	110	9434	55	0	9767
23365	8904	51	430	29	0	9414
23366	9158	60	154	48	0	9420
23367	448	8881	82	48	0	9459
23368	9260	326	61	31	0	9678
23369	8999	140	63	50	0	9252
23370	9782	63	50	36	0	9931
23371	523	47	36	9430	0	10036
23372	9365	62	37	359	0	9823
23373	431	9487	56	142	0	10116
23374	218	311	38	9816	0	10383
23375	135	131	45	10594	0	10905
23376	123	10172	56	464	0	10815
23377	110	326	46	10712	0	11194
23378	10369	160	42	431	0	11002
23379	10515	80	57	218	0	10870
23380	487	9829	70	150	0	10536
23381	221	10219	44	117	0	10601
23382	10437	424	30	102	0	10993
23383	439	191	9886	105	0	10621
23384	239	127	10023	92	0	10481
23385	184	94	418	9865	0	10561
23386	151	84	163	10537	0	10935
23387	161	103	9925	461	0	10650
23388	158	9248	388	206	0	10000
23389	140	373	181	9575	0	10269
23390	160	196	9591	404	0	10351
23391	119	118	365	9677	0	10279
23392	124	118	198	9552	0	9992
23393	153	9677	105	482	0	10417
23394	152	373	94	9744	0	10363
23395	127	186	111	10008	0	10432
23396	140	126	89	10273	0	10628
23397	10002	93	73	555	0	10723
23398	428	104	89	9611	0	10232
23399	260	9542	89	471	0	10362
23400	10046	367	72	270	0	10755
23401	466	218	9487	205	0	10376
23402	285	129	9459	214	0	10087
23403	223	118	9685	189	0	10215
23404	163	135	473	9801	0	10572
23405	201	129	9785	479	0	10594
23406	179	91	434	9856	0	10560
23407	141	130	228	10359	0	10858
23408	10063	121	156	573	0	10913
23409	9495	114	122	332	0	10063
23410	532	9551	130	225	0	10438
23411	314	395	118	9665	0	10492
23412	216	230	9271	493	0	10210
23413	211	9740	394	294	0	10639
23414	9902	420	213	207	0	10742
23415	484	10027	157	202	0	10870
23416	10265	456	135	195	0	11051
23417	521	251	9829	217	0	10818
23418	9885	176	433	204	0	10698
23419	10249	170	212	173	0	10804
23420	603	153	9964	229	0	10949
23421	327	162	433	9702	0	10624
23422	291	9901	221	476	0	10889
23423	230	10315	165	305	0	11015
23424	243	10551	149	221	0	11164
23425	246	563	142	10390	0	11341
23426	201	328	10158	509	0	11196
23427	212	210	375	10203	0	11000
23428	204	187	209	10623	0	11223
23429	214	170	10231	603	0	11218
23430	198	10353	412	336	0	11299
23431	200	415	232	10840	0	11687
23432	10669	231	163	522	0	11585
23433	470	184	169	10664	0	11487
23434	254	158	163	10397	0	10972
23435	218	10229	124	614	0	11185
23436	10393	422	142	372	0	11329
23437	426	241	126	10438	0	11231
23438	270	171	9986	524	0	10951
23439	206	10160	358	347	0	11071
23440	9911	368	204	221	0	10704
23441	408	266	9974	195	0	10843
23442	9995	170	348	219	0	10732
23443	440	147	222	9831	0	10640
23444	229	10064	192	416	0	10901
23445	9716	293	115	219	0	10343
23446	9554	205	112	174	0	10045
23447	410	9330	126	161	0	10027
23448	162	255	100	8790	0	9307
23449	106	144	58	7795	0	8103
23450	7558	74	68	265	0	7965
23451	213	7493	96	158	0	7960
23452	39	93	23	6339	0	6494
23453	38	6123	38	114	0	6313
23454	23	5800	12	43	0	5878
23455	237	68	8	5711	0	6024
23456	5671	21	7	39	0	5738
23457	32	5509	11	22	0	5574
23458	8	44	2	5623	0	5677
23459	10	18	2	5637	0	5667
23460	12	32	5805	42	0	5891
23461	13	24	5148	25	0	5210
23462	6	5714	45	24	0	5789
23463	3	40	5899	19	0	5961
23464	5	17	39	5954	0	6015
23465	10	19	6066	31	0	6126
23466	7	19	37	5866	0	5929
23467	9	9	13	6085	0	6116
23468	6	8	5	6149	0	6168
23469	6137	7	12	49	0	6205
23470	35	6	5	5674	0	5720
23471	13	12	2	5651	0	5678
23472	17	5469	15	46	0	5547
23473	11	36	6	6080	0	6133
23474	6025	13	4	54	0	6096
23475	37	5234	9	28	0	5308
23476	5846	46	5	16	0	5913
23477	36	24	5824	20	0	5904
23478	27	37	5640	10	0	5714
23479	14	19	61	5975	0	6069
23480	13	10	21	6294	0	6338
23481	14	6113	30	98	0	6255
23482	6	77	9	6331	0	6423
23483	6282	40	4	106	0	6432
23484	6129	30	7	70	0	6236
23485	101	23	9	6303	0	6436
23486	54	27	7685	95	0	7861
23487	36	19	68	8010	0	8133
23488	30	10	31	8188	0	8259
23489	19	10	24	8247	0	8300
23490	7	13	25	8324	0	8369
23491	11	11	8	8312	0	8342
23492	10	7989	16	151	0	8166
23493	8255	77	10	85	0	8427
23494	8945	39	10	67	0	9061
23495	9019	26	11	48	0	9104
23496	184	8750	29	44	0	9007
23497	8966	172	10	29	0	9177
23498	191	8775	25	25	0	9016
23499	84	190	8824	10	0	9108
23500	46	67	144	8584	0	8841
23501	53	39	8851	165	0	9108
23502	21	8590	194	64	0	8869
23503	8943	171	56	51	0	9221
23504	161	67	9117	51	0	9396
23505	53	62	9197	37	0	9349
23506	35	9128	234	35	0	9432
23507	34	199	75	9641	0	9949
23508	38	77	9371	198	0	9684
23509	34	39	222	9156	0	9451
23510	18	42	78	10000	0	10138
23511	18	29	48	11165	0	11260
23512	11660	12	50	359	0	12081
23513	12308	19	15	158	0	12500
23514	406	18	12	12117	0	12553
23515	11686	7	27	427	0	12147
23516	430	31	11325	143	0	11929
23517	181	35	11287	93	0	11596
23518	111	36	11847	76	0	12070
23519	102	34	11860	59	0	12055
23520	57	11208	455	69	0	11789
23521	74	304	175	11599	0	12152
23522	81	109	11702	317	0	12209
23523	11119	55	395	116	0	11685
23524	12006	46	156	83	0	12291
23525	431	11602	146	86	0	12265
23526	11842	339	131	57	0	12369
23527	417	105	118	11738	0	12378
23528	182	89	12557	348	0	13176
23529	116	68	403	11790	0	12377
23530	99	12216	173	365	0	12853
23531	12520	351	105	157	0	13133
23532	12662	120	100	117	0	12999
23533	441	12397	89	100	0	13027
23534	12847	367	67	80	0	13361
23535	12812	145	60	70	0	13087
23536	517	12933	60	78	0	13588
23537	238	383	51	12588	0	13260
23538	169	12466	81	360	0	13076
23539	12948	412	56	156	0	13572
23540	424	173	59	12779	0	13435
23541	12543	115	61	392	0	13111
23542	464	112	49	12512	0	13137
23543	228	124	11947	409	0	12708
23544	12188	86	320	177	0	12771
23545	487	83	12219	124	0	12913
23546	209	71	382	12215	0	12877
23547	153	90	12977	429	0	13649
23548	141	70	392	12934	0	13537
23549	127	84	12839	438	0	13488
23550	12605	52	386	222	0	13265
23551	413	12871	184	179	0	13647
23552	13534	331	145	159	0	14169
23553	456	125	130	14296	0	15007
23554	14217	88	115	412	0	14832
23555	442	13643	132	198	0	14415
23556	227	13628	123	133	0	14111
23557	159	14126	136	127	0	14548
23558	14250	463	108	120	0	14941
23559	442	202	87	14025	0	14756
23560	208	152	96	14117	0	14573
23561	174	173	13412	471	0	14230
23562	177	151	13426	209	0	13963
23563	160	110	420	13696	0	14386
23564	178	108	14285	448	0	15019
23565	135	13875	439	233	0	14682
23566	14207	411	196	187	0	15001
23567	432	181	14205	127	0	14945
23568	195	161	14189	117	0	14662
23569	142	121	506	13919	0	14688
23570	14497	74	244	458	0	15273
23571	436	84	194	14486	0	15200
23572	14192	69	172	489	0	14922
23573	444	60	178	13943	0	14625
23574	225	95	14024	454	0	14798
23575	186	13786	429	243	0	14644
23576	200	381	13826	165	0	14572
23577	139	13379	443	160	0	14121
23578	125	657	222	13641	0	14645
23579	13574	143	139	403	0	14259
23580	395	88	13348	195	0	14026
23581	188	96	343	13278	0	13905
23582	170	68	147	13783	0	14168
23583	13655	73	111	463	0	14302
23584	378	81	141	13132	0	13732
23585	167	12853	142	392	0	13554
23586	11913	333	144	196	0	12586
23587	353	153	11342	152	0	12000
23588	11225	121	319	142	0	11807
23589	402	11259	144	141	0	11946
23590	215	334	102	11098	0	11749
23591	168	11204	92	344	0	11808
23592	11495	334	74	177	0	12080
23593	405	156	11103	146	0	11810
23594	10364	100	222	118	0	10804
23595	304	10393	108	116	0	10921
23596	187	264	76	11302	0	11829
23597	11353	126	84	254	0	11817
23598	11425	99	81	132	0	11737
23599	358	79	65	11157	0	11659
23600	171	87	59	11346	0	11663
23601	148	10906	68	326	0	11448
23602	139	247	61	12005	0	12452
23603	126	13163	95	314	0	13698
23604	106	14442	83	174	0	14805
23605	94	314	59	13880	0	14347
23606	90	13537	77	318	0	14022
23607	286	336	13633	157	0	14412
23608	112	171	14189	134	0	14606
23609	85	14077	523	186	0	14871
23610	88	334	15424	96	0	15942
23611	49	150	15202	79	0	15480
23612	43	82	14317	56	0	14498
23613	0	13204	349	22	0	13575
23614	13519	228	161	4	0	13912
23615	206	13214	103	12	0	13535
23616	109	259	13433	1	0	13802
23617	33	126	246	13163	0	13568
23618	13007	49	126	235	0	13417
23619	239	55	12870	107	0	13271
23620	113	33	264	12824	0	13234
23621	48	34	13023	247	0	13352
23622	37	17	273	12813	0	13140
23623	12766	15	171	264	0	13216
23624	235	33	12994	140	0	13402
23625	111	12913	281	67	0	13372
23626	45	242	135	13162	0	13584
23627	13285	124	59	243	0	13711
23628	249	75	11905	112	0	12341
23629	122	51	251	11706	0	12130
23630	55	12087	161	250	0	12553
23631	12297	250	70	114	0	12731
23632	12817	129	86	47	0	13079
23633	351	57	44	13024	0	13476
23634	165	13424	53	289	0	13931
23635	85	14186	60	134	0	14465
23636	14564	379	47	72	0	15062
23637	322	172	55	14115	0	14664
23638	149	14320	58	299	0	14826
23639	14364	347	47	158	0	14916
23640	340	154	48	14547	0	15089
23641	150	82	46	14889	0	15167
23642	86	156	12991	453	0	13686
23643	85	13692	261	209	0	14247
23644	58	14566	144	117	0	14885
23645	46	424	58	14259	0	14787
23646	14137	185	59	347	0	14728
23647	311	14202	56	189	0	14758
23648	14462	363	41	90	0	14956
23649	347	14111	62	94	0	14614
23650	191	380	43	14410	0	15024
23651	14198	209	37	337	0	14781
23652	373	101	42	14227	0	14743
23653	189	99	13150	375	0	13813
23654	83	81	306	12962	0	13432
23655	83	13088	159	351	0	13681
23656	13247	346	83	187	0	13863
23657	333	13280	71	110	0	13794
23658	167	369	53	13105	0	13694
23659	89	215	52	13725	0	14081
23660	94	136	13024	454	0	13708
23661	78	111	13109	231	0	13529
23662	69	97	431	13385	0	13982
23663	74	112	13028	429	0	13643
23664	83	13815	439	221	0	14558
23665	15175	430	211	145	0	15961
23666	415	212	17005	141	0	17773
23667	16948	122	423	97	0	17590
23668	17863	126	217	80	0	18286
23669	17752	116	130	105	0	18103
23670	17892	88	109	109	0	18198
23671	615	70	107	17485	0	18277
23672	293	92	82	17371	0	17838
23673	184	16921	129	539	0	17773
23674	17180	419	121	251	0	17971
23675	459	234	16359	175	0	17227
23676	249	127	406	16514	0	17296
23677	143	140	222	17023	0	17528
23678	125	125	16255	567	0	17072
23679	122	16886	428	304	0	17740
23680	135	437	220	17145	0	17937
23681	143	204	135	18039	0	18521
23682	17658	144	112	594	0	18508
23683	458	17029	92	340	0	17919
23684	238	451	81	17413	0	18183
23685	157	17119	109	490	0	17875
23686	158	445	89	17781	0	18473
23687	17483	253	77	545	0	18358
23688	17474	148	85	289	0	17996
23689	591	136	74	17645	0	18446
23690	17605	111	60	549	0	18325
23691	17403	115	90	286	0	17894
23692	603	16763	86	213	0	17665
23693	309	431	67	17100	0	17907
23694	198	17139	87	499	0	17923
23695	206	482	68	17738	0	18494
23696	17080	253	67	531	0	17931
23697	476	189	53	16953	0	17671
23698	267	175	52	17239	0	17733
23699	192	180	16997	654	0	18023
23700	192	16195	367	362	0	17116
23701	170	17395	175	271	0	18011
23702	16690	501	75	252	0	17518
23703	425	233	88	15208	0	15954
23704	13796	174	55	414	0	14439
23705	384	13365	54	262	0	14065
23706	236	12601	57	191	0	13085
23707	126	12542	51	141	0	12860
23708	11663	593	30	114	0	12400
23709	280	11742	294	127	0	12443
23710	10716	204	458	85	0	11463
23711	10543	66	23	63	0	10695
23712	11412	53	25	45	0	11535
23713	181	63	17	11402	0	11663
23714	83	43	21	11580	0	11727
23715	75	43	14	11758	0	11890
23716	59	53	15	11731	0	11858
23717	11720	41	17	220	0	11998
23718	165	10954	43	123	0	11285
23719	75	157	18	11765	0	12015
23720	11764	68	26	194	0	12052
23721	176	57	25	11564	0	11822
23722	76	50	29	11555	0	11710
23723	11651	38	25	215	0	11929
23724	168	50	10602	87	0	10907
23725	88	34	116	10843	0	11081
23726	73	44	10917	159	0	11193
23727	49	37	124	10974	0	11184
23728	51	24	43	11222	0	11340
23729	10814	22	22	205	0	11063
23730	145	10206	27	104	0	10482
23731	66	10166	38	67	0	10337
23732	10614	149	13	52	0	10828
23733	146	10090	27	54	0	10317
23734	10087	117	12	54	0	10270
23735	128	37	9315	32	0	9512
23736	8498	23	70	39	0	8630
23737	8870	13	21	40	0	8944
23738	8895	13	15	27	0	8950
23739	112	20	9	8568	0	8709
23740	44	12	12	8684	0	8752
23741	32	8708	29	111	0	8880
23742	15	84	2	9344	0	9445
23743	9282	30	7	114	0	9433
23744	91	8656	24	51	0	8822
23745	35	8765	27	43	0	8870
23746	9041	109	8	37	0	9195
23747	104	41	8076	28	0	8249
23748	55	36	70	7816	0	7977
23749	34	25	8125	97	0	8281
23750	29	24	73	8036	0	8162
23751	24	7633	43	100	0	7800
23752	27	88	9	8335	0	8459
23753	8219	32	6	99	0	8356
23754	89	25	6	8106	0	8226
23755	44	20	7955	107	0	8126
23756	7045	19	79	55	0	7198
23757	90	7397	41	35	0	7563
23758	44	8257	32	24	0	8357
23759	8582	110	3	26	0	8721
23760	9215	45	11	36	0	9307
23761	184	33	9727	27	0	9971
23762	8661	6	125	13	0	8805
23763	131	8893	70	13	0	9107
23764	9039	130	12	7	0	9188
23765	141	50	7	8104	0	8302
23766	60	5827	17	109	0	6013
23767	6254	127	3	44	0	6428
23768	151	62	5995	11	0	6219
23769	72	17	131	6011	0	6231
23770	6230	20	59	138	0	6447
23771	161	18	6046	58	0	6283
23772	7226	13	138	26	0	7403
23773	149	17	52	7272	0	7490
23774	71	15	17	7428	0	7531
23775	33	24	7204	195	0	7456
23776	26	12	130	7188	0	7356
23777	7336	4	54	168	0	7562
23778	136	6861	40	85	0	7122
23779	6682	132	22	31	0	6867
23780	6732	54	16	26	0	6828
23781	196	19	11	6593	0	6819
23782	79	18	7006	165	0	7268
23783	33	13	135	7022	0	7203
23784	7167	8	57	172	0	7404
23785	143	6757	33	86	0	7019
23786	7180	142	17	31	0	7370
23787	170	64	7	7074	0	7315
23788	88	24	13	7166	0	7291
23789	43	12	14	7326	0	7395
23790	33	18	6964	217	0	7232
23791	28	11	137	7021	0	7197
23792	26	21	7093	174	0	7314
23793	37	33	6874	82	0	7026
23794	34	20	176	9261	0	9491
23795	34	20	9199	271	0	9524
23796	10142	12	239	184	0	10577
23797	277	11	159	11151	0	11598
23798	184	11	72	11552	0	11819
23799	82	12266	63	578	0	12989
23800	12656	516	62	282	0	13516
23801	12871	217	43	131	0	13262
23802	744	12848	57	90	0	13739
23803	343	549	26	13234	0	14152
23804	161	282	12850	580	0	13873
23805	12631	132	523	268	0	13554
23806	13573	62	225	164	0	14024
23807	792	78	119	13233	0	14222
23808	389	81	12577	636	0	13683
23809	219	12261	545	316	0	13341
23810	12736	592	230	175	0	13733
23811	689	295	12045	112	0	13141
23812	321	11645	555	143	0	12664
23813	11727	585	261	102	0	12675
23814	12002	271	155	91	0	12519
23815	850	160	80	11306	0	12396
23816	432	11227	122	576	0	12357
23817	251	607	81	11927	0	12866
23818	179	277	69	12217	0	12742
23819	178	168	76	12244	0	12666
23820	137	125	82	12656	0	13000
23821	161	147	11244	974	0	12526
23822	165	82	540	12143	0	12930
23823	136	111	250	12609	0	13106
23824	154	120	11294	965	0	12533
23825	135	11477	585	537	0	12734
23826	11889	628	275	319	0	13111
23827	12286	287	169	267	0	13009
23828	844	183	106	12238	0	13371
23829	12262	88	152	781	0	13283
23830	795	132	126	13305	0	14358
23831	426	105	12916	907	0	14354
23832	325	118	13434	454	0	14331
23833	174	13955	815	392	0	15336
23834	15187	661	349	262	0	16459
23835	797	341	14788	255	0	16181
23836	416	226	688	14541	0	15871
23837	312	150	363	16458	0	17283
23838	240	145	236	16929	0	17550
23839	242	104	175	17111	0	17632
23840	201	124	191	17217	0	17733
23841	223	157	14964	1294	0	16638
23842	201	118	744	16637	0	17700
23843	15948	128	372	1184	0	17632
23844	852	15816	274	663	0	17605
23845	16081	793	182	458	0	17514
23846	939	16098	226	377	0	17640
23847	16493	934	171	343	0	17941
23848	16980	402	137	331	0	17850
23849	1177	288	179	16203	0	17847
23850	639	181	155	17135	0	18110
23851	16414	191	163	1259	0	18027
23852	16017	170	158	685	0	17030
23853	16520	148	156	493	0	17317
23854	1200	15385	173	382	0	17140
23855	640	16417	150	396	0	17603
23856	442	1033	15208	380	0	17063
23857	315	469	767	16172	0	17723
23858	310	322	14925	1093	0	16650
23859	300	15108	881	664	0	16953
23860	256	788	877	14559	0	16480
23861	277	363	217	14912	0	15769
23862	272	260	158	15563	0	16253
23863	14664	179	152	1202	0	16197
23864	14259	229	129	648	0	15265
23865	974	13742	163	528	0	15407
23866	543	694	180	14342	0	15759
23867	366	394	13638	963	0	15361
23868	322	296	13756	555	0	14929
23869	13922	202	879	429	0	15432
23870	14558	207	447	343	0	15555
23871	1024	185	270	14242	0	15721
23872	13500	156	223	918	0	14797
23873	972	172	12453	564	0	14161
23874	549	12621	729	422	0	14321
23875	427	715	352	13220	0	14714
23876	307	356	12812	947	0	14422
23877	286	266	758	13307	0	14617
23878	297	173	410	13828	0	14708
23879	282	250	13079	1114	0	14725
23880	12883	190	695	725	0	14493
23881	13606	172	387	538	0	14703
23882	981	13411	271	511	0	15174
23883	13920	741	217	464	0	15342
23884	14385	374	203	447	0	15409
23885	1149	259	13047	483	0	14938
23886	13295	187	730	394	0	14606
23887	993	13449	401	431	0	15274
23888	13926	771	260	364	0	15321
23889	15930	399	219	306	0	16854
23890	17043	320	185	288	0	17836
23891	16518	212	189	293	0	17212
23892	16513	239	191	312	0	17255
23893	1376	15875	191	339	0	17781
23894	13707	661	112	157	0	14637
23895	904	13477	128	187	0	14696
23896	410	12288	125	191	0	13014
23897	258	12871	715	141	0	13985
23898	11455	664	1354	107	0	13580
23899	12585	194	32	65	0	12876
23900	571	139	12252	77	0	13039
23901	12877	71	374	74	0	13396
23902	13419	73	172	67	0	13731
23903	637	95	12691	61	0	13484
23904	365	61	413	12804	0	13643
23905	244	72	186	13011	0	13513
23906	239	67	113	13257	0	13676
23907	295	72	70	13480	0	13917
23908	317	82	62	13645	0	14106
23909	409	104	12833	709	0	14055
23910	452	13178	432	350	0	14412
23911	13566	548	197	207	0	14518
23912	838	13526	158	134	0	14656
23913	13965	716	103	121	0	14905
23914	14201	475	82	135	0	14893
23915	934	390	12911	125	0	14360
23916	608	323	446	12517	0	13894
23917	404	13381	278	476	0	14539
23918	13773	609	243	281	0	14906
23919	13916	272	148	236	0	14572
23920	14016	201	222	195	0	14634
23921	898	13582	294	229	0	15003
23922	13999	478	136	269	0	14882
23923	14079	222	163	289	0	14753
23924	14019	193	217	338	0	14767
23925	947	127	133	13551	0	14758
23926	619	140	106	13892	0	14757
23927	493	190	174	14183	0	15040
23928	13550	247	107	902	0	14806
23929	860	13610	164	494	0	15128
23930	13112	670	176	265	0	14223
23931	12991	467	113	169	0	13740
23932	12120	451	88	154	0	12813
23933	11840	354	151	132	0	12477
23934	1121	10543	105	179	0	11948
23935	10771	566	171	131	0	11639
23936	888	10371	223	191	0	11673
23937	633	9851	108	217	0	10809
23938	9968	602	65	145	0	10780
23939	842	9345	140	176	0	10503
23940	695	9856	130	243	0	10924
23941	9767	596	475	284	0	11122
23942	9837	355	61	277	0	10530
23943	801	225	45	9365	0	10436
23944	664	146	63	9656	0	10529
23945	9526	186	84	655	0	10451
23946	9601	227	80	485	0	10393
23947	9769	269	26	430	0	10494
23948	934	247	8718	252	0	10151
23949	10071	288	266	151	0	10776
23950	949	267	164	9422	0	10802
23951	726	234	150	9688	0	10798
23952	628	295	85	9801	0	10809
23953	671	260	46	9980	0	10957
23954	575	371	9167	503	0	10616
23955	586	311	9311	321	0	10529
23956	548	335	351	9638	0	10872
23957	445	458	9416	424	0	10743
23958	531	379	9379	302	0	10591
23959	711	224	390	9310	0	10635
23960	516	325	249	9321	0	10411
23961	461	274	171	9602	0	10508
23962	563	138	127	9699	0	10527
23963	9556	113	125	775	0	10569
23964	9607	155	119	629	0	10510
23965	826	160	141	9330	0	10457
23966	751	105	181	9300	0	10337
23967	697	96	133	9450	0	10376
23968	529	111	187	9536	0	10363
23969	481	143	244	9365	0	10233
23970	448	8771	174	843	0	10236
23971	9033	420	143	707	0	10303
23972	540	8921	261	555	0	10277
23973	9195	519	214	448	0	10376
23974	9338	318	218	486	0	10360
23975	9406	315	365	353	0	10439
23976	704	273	297	9014	0	10288
23977	9210	183	187	658	0	10238
23978	724	151	261	9070	0	10206
23979	444	171	233	9085	0	9933
23980	8600	144	91	927	0	9762
23981	558	8042	62	422	0	9084
23982	390	7831	73	303	0	8597
23983	8033	349	38	302	0	8722
23984	497	261	7440	288	0	8486
23985	6868	167	184	123	0	7342
23986	481	141	102	6277	0	7001
23987	353	6048	78	298	0	6777
23988	311	6472	50	236	0	7069
23989	6932	292	43	183	0	7450
23990	322	207	23	5772	0	6324
23991	269	5841	29	287	0	6426
23992	6062	241	17	208	0	6528
23993	6166	170	15	167	0	6518
23994	6214	139	21	132	0	6506
23995	6067	127	19	115	0	6328
23996	494	5697	62	117	0	6370
23997	152	4672	10	55	0	4889
23998	4821	134	21	56	0	5032
23999	3777	40	3	23	0	3843
24000	103	32	3304	28	0	3467
24001	61	3313	74	32	0	3480
24002	2685	16	5	1	0	2707
24003	3203	7	2	2	0	3214
24004	81	7	3132	0	0	3220
24005	2919	0	73	2	0	2994
24006	78	2	3194	0	0	3274
24007	20	5	3518	0	0	3543
24008	10	11	96	3560	0	3677
24009	3	3900	30	102	0	4035
24010	4101	112	8	29	0	4250
24011	128	36	5	4070	0	4239
24012	35	17	3	4179	0	4234
24013	17	3	3	4296	0	4319
24014	4124	3	3	178	0	4308
24015	127	3	3	4132	0	4265
24016	39	2	1	4926	0	4968
24017	17	13	4981	173	0	5184
24018	4755	0	131	57	0	4943
24019	5065	3	35	26	0	5129
24020	180	14	4890	15	0	5099
24021	4715	2	128	7	0	4852
24022	164	3	39	4740	0	4946
24023	45	4722	22	130	0	4919
24024	22	137	7	4936	0	5102
24025	4843	35	7	154	0	5039
24026	139	4796	13	53	0	5001
24027	42	140	7	4893	0	5082
24028	19	39	13	4991	0	5062
24029	22	17	9	4866	0	4914
24030	16	13	6	4688	0	4723
24031	16	4591	18	175	0	4800
24032	4710	129	8	61	0	4908
24033	4778	39	4	37	0	4858
24034	179	4618	11	31	0	4839
24035	5134	146	6	25	0	5311
24036	5203	45	6	16	0	5270
24037	5232	23	4	19	0	5278
24038	248	25	4884	21	0	5178
24039	89	9	157	4970	0	5225
24040	66	15	4631	185	0	4897
24041	4684	6	178	66	0	4934
24042	189	5023	61	45	0	5318
24043	5097	167	39	28	0	5331
24044	200	5104	20	31	0	5355
24045	83	187	15	5020	0	5305
24046	50	68	11	5440	0	5569
24047	48	49	5152	235	0	5484
24048	39	5138	172	93	0	5442
24049	5009	201	62	56	0	5328
24050	198	68	4888	48	0	5202
24051	4901	33	187	44	0	5165
24052	226	27	62	4997	0	5312
24053	89	39	4860	196	0	5184
24054	63	4829	182	75	0	5149
24055	40	183	59	5013	0	5295
24056	42	67	4886	214	0	5209
24057	32	53	4838	89	0	5012
24058	33	4785	232	67	0	5117
24059	29	199	89	4883	0	5200
24060	28	81	46	4898	0	5053
24061	32	4794	40	238	0	5104
24062	4910	201	35	89	0	5235
24063	214	78	23	4845	0	5160
24064	81	4848	22	219	0	5170
24065	4998	198	28	90	0	5314
24066	4984	81	25	57	0	5147
24067	5125	43	28	52	0	5248
24068	266	4821	37	50	0	5174
24069	5066	202	31	36	0	5335
24070	5185	82	22	41	0	5330
24071	289	47	23	4938	0	5297
24072	5067	37	18	222	0	5344
24073	260	39	17	5008	0	5324
24074	114	40	4699	252	0	5105
24075	76	44	4844	121	0	5085
24076	59	25	235	4951	0	5270
24077	79	41	4867	241	0	5228
24078	4666	23	233	107	0	5029
24079	242	30	101	5609	0	5982
24080	127	33	67	5817	0	6044
24081	92	35	5503	303	0	5933
24082	67	5172	208	151	0	5598
24083	60	5923	83	108	0	6174
24084	69	243	52	5903	0	6267
24085	52	113	28	6140	0	6333
24086	53	66	5768	287	0	6174
24087	50	64	5719	134	0	5967
24088	54	42	235	5877	0	6208
24089	52	42	5089	280	0	5463
24090	4943	53	230	127	0	5353
24091	247	42	79	5191	0	5559
24092	5247	34	61	254	0	5596
24093	254	42	55	5181	0	5532
24094	119	56	35	5362	0	5572
24095	112	55	4926	292	0	5385
24096	97	4865	205	140	0	5307
24097	73	197	75	4864	0	5209
24098	61	75	4662	247	0	5045
24099	52	4546	228	112	0	4938
24100	65	182	84	4643	0	4974
24101	4616	91	66	210	0	4983
24102	238	62	4509	95	0	4904
24103	4138	40	131	59	0	4368
24104	162	52	4247	54	0	4515
24105	4044	28	145	68	0	4285
24106	166	4128	102	72	0	4468
24107	66	3991	73	40	0	4170
24108	59	89	18	3450	0	3616
24109	36	2933	41	84	0	3094
24110	3127	67	30	30	0	3254
24111	73	37	22	3080	0	3212
24112	34	39	27	3124	0	3224
24113	25	26	22	3185	0	3258
24114	14	28	3000	126	0	3168
24115	22	19	83	3002	0	3126
24116	21	8	2537	104	0	2670
24117	9	2077	62	53	0	2201
24118	2212	51	34	32	0	2329
24119	59	2127	24	25	0	2235
24120	2239	52	18	26	0	2335
24121	2273	21	16	21	0	2331
24122	2253	32	8	19	0	2312
24123	2268	16	7	15	0	2306
24124	81	14	2101	24	0	2220
24125	41	14	55	2106	0	2216
24126	40	14	25	2165	0	2244
24127	30	7	15	2266	0	2318
24128	2126	8	22	80	0	2236
24129	2120	7	25	40	0	2192
24130	66	2831	14	45	0	2956
24131	43	53	2828	35	0	2959
24132	38	15	2811	24	0	2888
24133	33	2739	69	18	0	2859
24134	29	2884	37	25	0	2975
24135	6	26	7	2601	0	2640
24136	7	7	5	2526	0	2545
24137	2640	10	4	26	0	2680
24138	23	2483	13	9	0	2528
24139	5	26	3	2645	0	2679
24140	5	12	3222	26	0	3265
24141	8	6	15	3163	0	3192
24142	10	3	5	3031	0	3049
24143	7	2	7	3099	0	3115
24144	11	2	4	3099	0	3116
24145	8	6	3026	22	0	3062
24146	3	2618	8	13	0	2642
24147	2	2744	5	6	0	2757
24148	2866	8	3	5	0	2882
24149	9	2759	4	5	0	2777
24150	10	2833	0	4	0	2847
24151	8	8	1	2835	0	2852
24152	3	6	3	2795	0	2807
24153	4	2	4	2801	0	2811
24154	4	5	2855	9	0	2873
24155	2	2630	11	10	0	2653
24156	1	5	3	2871	0	2880
24157	3	3472	11	11	0	3497
24158	3739	10	1	6	0	3756
24159	7	3500	11	7	0	3525
24160	3707	8	4	5	0	3724
24161	8	9	3583	4	0	3604
24162	3508	4	10	3	0	3525
24163	11	4	4	3624	0	3643
24164	3	9	3619	10	0	3641
24165	3537	7	3	8	0	3555
24166	3646	3	5	9	0	3663
24167	3666	6	3	11	0	3686
24168	10	3	4	3630	0	3647
24169	6	8	3603	11	0	3628
24170	3407	4	10	11	0	3432
24171	5	5	4	3668	0	3682
24172	6	2	5	3612	0	3625
24173	5	6	4257	14	0	4282
24174	5	4033	19	13	0	4070
24175	2	12	5	4257	0	4276
24176	6	4099	12	6	0	4123
24177	4301	13	2	9	0	4325
24178	4246	10	2	10	0	4268
24179	10	8	1	3605	0	3624
24180	3669	5	4	9	0	3687
24181	12	3506	6	10	0	3534
24182	3638	5	7	10	0	3660
24183	8	3301	8	9	0	3326
24184	5	6	3	3350	0	3364
24185	5	8	6	3318	0	3337
24186	8	3268	4	5	0	3285
24187	8	8	2	3358	0	3376
24188	10	16	3776	5	0	3807
24189	8	3698	24	9	0	3739
24190	3855	17	7	6	0	3885
24191	21	3772	19	8	0	3820
24192	6	17	5	3898	0	3926
24193	13	3	3793	22	0	3831
24194	6	5	12	3719	0	3742
24195	9	4	5	3808	0	3826
24196	3861	4	1	18	0	3884
24197	12	8	3769	11	0	3800
24198	10	3547	23	10	0	3590
24199	7	18	3731	10	0	3766
24200	2	8	3690	12	0	3712
24201	8	8	3712	10	0	3738
24202	364	9	18	3275	0	3666
24203	3740	3	1	8	0	3752
24204	10	3615	7	6	0	3638
24205	3746	11	2	1	0	3760
24206	3733	0	1	5	0	3739
24207	8	1	1	3693	0	3703
24208	2	3656	6	16	0	3680
24209	3750	12	4	2	0	3768
24210	10	3707	8	0	0	3725
24211	0	13	3	3653	0	3669
24212	1	2	3	3715	0	3721
24213	0	3666	9	9	0	3684
24214	1	8	1	3781	0	3791
24215	2	7	3585	11	0	3605
24216	6	12	3523	3	0	3544
24217	3	4	11	3604	0	3622
24218	6	3	1	3668	0	3678
24219	5	4	3648	11	0	3668
24220	2	11	3521	3	0	3537
24221	3358	3	15	5	0	3381
24222	9	3454	16	4	0	3483
24223	3	2904	6	723	0	3636
24224	2	20	4	3426	0	3452
24225	4	2	2	3504	0	3512
24226	1	4	4	3590	0	3599
24227	3	7	3536	16	0	3562
24228	4	12	3416	4	0	3436
24229	5	4	14	3504	0	3527
24230	4	5	2837	14	0	2860
24231	1	2679	26	13	0	2719
24232	2867	11	8	6	0	2892
24233	14	5	2832	6	0	2857
24234	7	6	2767	8	0	2788
24235	2	9	15	3112	0	3138
24236	3	15	4619	44	0	4681
24237	2	4561	108	17	0	4688
24238	4	97	19	5344	0	5464
24239	3	30	5154	128	0	5315
24240	1	4739	129	41	0	4910
24241	4748	139	41	28	0	4956
24242	120	44	30	4720	0	4914
24243	33	33	17	4890	0	4973
24244	4777	24	20	156	0	4977
24245	131	4791	15	64	0	5001
24246	4878	132	19	49	0	5078
24247	4873	40	11	45	0	4969
24248	4923	30	12	33	0	4998
24249	189	25	12	4808	0	5034
24250	4714	32	8	137	0	4891
24251	185	4588	16	50	0	4839
24252	70	4794	19	44	0	4927
24253	4761	164	21	29	0	4975
24254	157	72	23	4772	0	5024
24255	68	68	14	4869	0	5019
24256	59	49	10	4985	0	5103
24257	47	62	4572	204	0	4885
24258	38	4764	128	110	0	5040
24259	23	143	47	4985	0	5198
24260	4878	54	35	189	0	5156
24261	151	45	37	4971	0	5204
24262	63	55	4670	183	0	4971
24263	51	4866	148	89	0	5154
24264	4925	155	63	85	0	5228
24265	4968	58	80	56	0	5162
24266	4980	53	68	56	0	5157
24267	216	44	53	4959	0	5272
24268	101	57	4762	189	0	5109
24269	112	40	4922	73	0	5147
24270	100	5127	193	64	0	5484
24271	73	183	71	5228	0	5555
24272	64	72	53	5457	0	5646
24273	4620	59	34	240	0	4953
24274	200	73	29	4708	0	5010
24275	4698	53	20	252	0	5023
24276	238	77	4400	127	0	4842
24277	123	79	4471	106	0	4779
24278	131	41	200	4883	0	5255
24279	132	39	91	4917	0	5179
24280	79	38	72	5167	0	5356
24281	4905	30	101	317	0	5353
24282	5733	24	113	145	0	6015
24283	266	65	76	5760	0	6167
24284	103	65	5493	335	0	5996
24285	103	35	5694	179	0	6011
24286	118	86	304	5782	0	6290
24287	5836	54	105	333	0	6328
24288	346	21	57	5140	0	5564
24289	184	29	103	5437	0	5753
24290	98	31	5134	374	0	5637
24291	80	154	5254	174	0	5662
24292	5246	65	330	174	0	5815
24293	417	92	5093	183	0	5785
24294	325	27	278	5146	0	5776
24295	184	32	114	5542	0	5872
24296	5313	52	218	375	0	5958
24297	309	5090	278	251	0	5928
24298	5301	344	158	131	0	5934
24299	318	5167	158	280	0	5923
24300	5351	254	121	319	0	6045
24301	462	95	5049	245	0	5851
24302	5075	74	287	347	0	5783
24303	5168	220	125	225	0	5738
24304	594	68	252	4972	0	5886
24305	422	52	4958	317	0	5749
24306	343	40	335	5077	0	5795
24307	161	30	197	5248	0	5636
24308	123	4730	296	591	0	5740
24309	262	224	253	4842	0	5581
24310	345	4925	124	318	0	5712
24311	159	296	79	5333	0	5867
24312	4876	120	193	640	0	5829
24313	466	94	287	5018	0	5865
24314	194	70	4802	635	0	5701
24315	5248	44	277	222	0	5791
24316	425	32	4946	323	0	5726
24317	4821	37	464	394	0	5716
24318	4914	37	336	413	0	5700
24319	393	4632	315	334	0	5674
24320	331	5037	119	328	0	5815
24321	5082	316	203	167	0	5768
24322	5201	192	107	292	0	5792
24323	5195	109	93	456	0	5853
24324	5241	92	317	206	0	5856
24325	5246	179	297	133	0	5855
24326	639	85	133	4989	0	5846
24327	386	214	107	5202	0	5909
24328	342	85	4668	576	0	5671
24329	4904	55	400	425	0	5784
24330	542	59	298	4930	0	5829
24331	409	125	261	5071	0	5866
24332	411	106	4585	497	0	5599
24333	165	4556	587	214	0	5522
24334	180	4883	207	489	0	5759
24335	4589	219	100	477	0	5385
24336	3134	185	26	224	0	3569
24337	287	2882	111	186	0	3466
24338	369	2336	49	82	0	2836
24339	2289	296	103	224	0	2912
24340	2626	54	62	175	0	2917
24341	257	50	254	2373	0	2934
24342	262	100	228	2311	0	2901
24343	394	114	47	2362	0	2917
24344	2351	54	161	365	0	2931
24345	2520	27	221	165	0	2933
24346	399	70	69	2416	0	2954
24347	2319	207	90	276	0	2892
24348	268	358	2140	65	0	2831
24349	292	73	137	2274	0	2776
24350	254	205	2127	205	0	2791
24351	276	2124	157	260	0	2817
24352	439	146	55	2247	0	2887
24353	2437	81	33	304	0	2855
24354	214	76	175	2312	0	2777
24355	283	40	87	2421	0	2831
24356	132	112	2390	212	0	2846
24357	436	89	1571	94	0	2190
24358	348	1792	154	92	0	2386
24359	1985	258	40	191	0	2474
24360	1982	244	156	139	0	2521
24361	2064	189	115	101	0	2469
24362	2177	194	109	78	0	2558
24363	145	19	22	1775	0	1961
24364	68	13	21	1752	0	1854
24365	51	1736	14	119	0	1920
24366	1779	96	15	57	0	1947
24367	1857	43	13	38	0	1951
24368	141	21	1716	40	0	1918
24369	1431	18	68	27	0	1544
24370	98	1427	27	25	0	1577
24371	68	61	17	1409	0	1555
24372	45	1419	13	70	0	1547
24373	1467	60	11	42	0	1580
24374	87	1982	11	31	0	2111
24375	45	65	12	2067	0	2189
24376	49	26	12	2107	0	2194
24377	34	22	12	2115	0	2183
24378	28	1680	8	89	0	1805
24379	30	58	8	1771	0	1867
24380	24	22	18	1773	0	1837
24381	28	1687	14	82	0	1811
24382	2	995	2	11	0	1010
24383	1012	18	4	6	0	1040
24384	22	1002	1	5	0	1030
24385	1374	1	0	2	0	1377
24386	1	1	1351	1	0	1354
24387	0	1295	3	0	0	1298
24388	1401	1	0	0	0	1402
24389	1338	1	0	1	0	1340
24390	3	1	1367	0	0	1371
24391	1	1	2	1282	0	1286
24392	1	1	1373	1	0	1376
24393	0	1297	9	1	0	1307
24394	1399	1	0	0	0	1400
24395	1	1322	2	0	0	1325
24396	0	1	1	1388	0	1390
24397	0	1	0	1373	0	1374
24398	2	1	1376	2	0	1381
24399	1	1	1291	2	0	1295
24400	1269	0	2	0	0	1271
24401	1354	0	0	1	0	1355
24402	1324	1	0	1	0	1326
24403	1372	0	1	0	0	1373
24404	1	1862	5	3	0	1871
24405	0	2	2	1982	0	1986
24406	0	2	0	1981	0	1983
24407	1	1869	6	4	0	1880
24408	2021	1	1	0	0	2023
24409	1948	1	2	2	0	1953
24410	2	1	1971	2	0	1976
24411	1885	0	2	1	0	1888
24412	1	1	1	1979	0	1982
24413	2	1	1996	1	0	2000
24414	1	1	1	1883	0	1886
24415	1	0	1982	1	0	1984
24416	2	4	1904	3	0	1913
24417	0	0	1	1957	0	1958
24418	0	1844	5	3	0	1852
24419	2003	1	0	2	0	2006
24420	1973	0	0	0	0	1973
24421	1	1877	5	0	0	1883
24422	0	1902	4	0	0	1906
24423	2012	1	0	0	0	2013
24424	1983	0	0	1	0	1984
24425	1986	0	0	1	0	1987
24426	1985	1	0	1	0	1987
24427	1	0	0	1970	0	1971
24428	0	1	1995	1	0	1997
24429	0	1834	3	2	0	1839
24430	1998	1	0	2	0	2001
24431	1	1905	2	1	0	1909
24432	1974	0	0	0	0	1974
24433	1918	0	1	1	0	1920
24434	2	2	1952	0	0	1956
24435	0	1869	6	1	0	1876
24436	0	1	0	1963	0	1964
24437	0	1	0	1958	0	1959
24438	1	1	0	1937	0	1939
24439	1978	0	0	0	0	1978
24440	1857	0	0	4	0	1861
24441	1932	0	1	0	0	1933
24442	0	1868	4	3	0	1875
24443	1972	0	0	1	0	1973
24444	1	1861	1	1	0	1864
24445	1	3	1880	0	0	1884
24446	0	1844	8	3	0	1855
24447	0	0	0	1960	0	1960
24448	0	1	0	1932	0	1933
24449	1	0	1949	0	0	1950
24450	2	0	0	1887	0	1889
24451	0	1	0	1938	0	1939
24452	1958	0	0	1	0	1959
24453	1889	0	0	0	0	1889
24454	1917	0	0	1	0	1918
24455	0	1853	5	0	0	1858
24456	1955	0	0	2	0	1957
24457	1912	0	0	3	0	1915
24458	0	1862	3	4	0	1869
24459	0	1	0	1933	0	1934
24460	1	0	0	1931	0	1932
24461	1960	0	0	0	0	1960
24462	0	1	1946	0	0	1947
24463	0	1818	2	2	0	1822
24464	1	0	0	1937	0	1938
24465	0	1840	6	0	0	1846
24466	0	1876	4	1	0	1881
24467	1948	0	0	0	0	1948
24468	1911	1	1	0	0	1913
24469	1	1	1	1893	0	1896
24470	1	2	0	1892	0	1895
24471	1	1	0	1928	0	1930
24472	0	1	0	1906	0	1907
24473	0	2	1882	0	0	1884
24474	1	2	1290	0	0	1293
24475	0	0	0	1344	0	1344
24476	1	0	1355	0	0	1356
24477	0	1255	5	1	0	1261
24478	1374	0	0	2	0	1376
24479	1358	0	0	0	0	1358
24480	0	0	0	1334	0	1334
24481	0	4	0	1306	0	1310
24482	0	0	0	1365	0	1365
24483	0	1273	4	1	0	1278
24484	1377	1	0	2	0	1380
24485	847	0	1	0	0	848
24486	0	1	853	0	0	854
24487	0	3	0	1353	0	1356
24488	1	6	1364	40	0	1411
24489	1	0	34	2582	0	2617
24490	1	3	2	2658	0	2664
24491	8	0	5	2695	0	2708
24492	2	0	0	2792	0	2794
24493	2651	0	3	161	0	2815
24494	2669	2	2	78	0	2751
24495	2742	0	0	45	0	2787
24496	160	2	2	2664	0	2828
24497	64	8	2555	118	0	2745
24498	2622	0	93	37	0	2752
24499	121	3	31	3318	0	3473
24500	3322	3	25	108	0	3458
24501	130	0	4	3279	0	3413
24502	35	3065	25	132	0	3257
24503	42	3254	6	43	0	3345
24504	7	127	1	2749	0	2884
24505	19	57	0	2769	0	2845
24506	4	30	0	2771	0	2805
24507	2	2682	3	171	0	2858
24508	2619	107	2	76	0	2804
24509	100	2658	3	64	0	2825
24510	35	129	2554	30	0	2748
24511	35	40	87	2563	0	2725
24512	16	2707	38	102	0	2863
24513	29	106	28	2665	0	2828
24514	6	50	7	2836	0	2899
24515	7	35	2654	156	0	2852
24516	2530	7	102	102	0	2741
24517	111	3078	37	68	0	3294
24518	3176	105	28	45	0	3354
24519	3297	38	4	51	0	3390
24520	3312	40	16	19	0	3387
24521	200	19	3090	26	0	3335
24522	89	21	107	3086	0	3303
24523	65	3	39	3306	0	3413
24524	33	13	3167	163	0	3376
24525	3030	17	110	76	0	3233
24526	126	10	3162	67	0	3365
24527	53	26	3145	47	0	3271
24528	41	3064	149	53	0	3307
24529	16	118	74	3158	0	3366
24530	33	58	3135	133	0	3359
24531	3096	42	119	78	0	3335
24532	3235	24	51	67	0	3377
24533	165	24	3140	46	0	3375
24534	81	29	113	3169	0	3392
24535	72	26	3291	133	0	3522
24536	51	3226	136	68	0	3481
24537	3568	120	57	51	0	3796
24538	3583	46	46	48	0	3723
24539	3614	51	27	59	0	3751
24540	182	25	31	3482	0	3720
24541	96	28	11	3674	0	3809
24542	72	25	3406	173	0	3676
24543	3935	12	114	93	0	4154
24544	147	23	48	4053	0	4271
24545	4074	18	49	146	0	4287
24546	167	29	3969	91	0	4256
24547	81	24	3975	74	0	4154
24548	67	7	169	3834	0	4077
24549	41	17	82	4117	0	4257
24550	60	27	3911	167	0	4165
24551	3821	17	165	101	0	4104
24552	136	16	82	3900	0	4134
24553	59	3855	75	165	0	4154
24554	4278	129	37	87	0	4531
24555	179	4350	40	71	0	4640
24556	4445	186	22	62	0	4715
24557	230	66	4343	60	0	4699
24558	98	65	4056	57	0	4276
24559	86	4100	216	57	0	4459
24560	4220	182	107	34	0	4543
24561	220	74	4080	48	0	4422
24562	4069	43	193	43	0	4348
24563	231	4059	89	34	0	4413
24564	93	187	63	4113	0	4456
24565	91	64	41	4039	0	4235
24566	47	4018	50	219	0	4334
24567	4560	162	43	110	0	4875
24568	4749	81	37	75	0	4942
24569	4803	54	42	63	0	4962
24570	299	25	5097	52	0	5473
24571	112	51	185	5742	0	6090
24572	101	23	83	5829	0	6036
24573	68	26	70	6003	0	6167
24574	66	39	5611	289	0	6005
24575	44	5556	221	137	0	5958
24576	5786	196	87	99	0	6168
24577	208	86	5681	66	0	6041
24578	5663	61	192	52	0	5968
24579	235	5544	108	47	0	5934
24580	5875	219	72	31	0	6197
24581	276	71	33	5826	0	6206
24582	5894	70	47	199	0	6210
24583	267	19	43	5874	0	6203
24584	101	58	5888	231	0	6278
24585	106	265	201	5832	0	6404
24586	66	48	5944	250	0	6308
24587	5191	20	184	81	0	5476
24588	179	5340	97	74	0	5690
24589	29	78	9	4037	0	4153
24590	13	4099	13	68	0	4193
24591	4211	75	14	16	0	4316
24592	4211	22	11	14	0	4258
24593	87	4017	24	7	0	4135
24594	4242	75	12	8	0	4337
24595	4258	23	8	6	0	4295
24596	84	10	10	4135	0	4239
24597	30	12	5	4225	0	4272
24598	4237	10	7	93	0	4347
24599	3623	9	4	23	0	3659
24600	91	11	5	3586	0	3693
24601	30	9	4	3930	0	3973
24602	3906	5	8	95	0	4014
24603	87	14	3788	25	0	3914
24604	3688	3	68	19	0	3778
24605	82	9	3769	19	0	3879
24606	30	3681	80	13	0	3804
24607	14	83	23	3829	0	3949
24608	30	30	4640	80	0	4780
24609	20	4542	78	27	0	4667
24610	4842	84	26	4	0	4956
24611	95	31	5823	8	0	5957
24612	5815	17	73	8	0	5913
24613	6002	15	20	13	0	6050
24614	5939	16	5	14	0	5974
24615	112	13	10	5741	0	5876
24616	41	5704	14	71	0	5830
24617	5509	80	9	32	0	5630
24618	95	21	5445	22	0	5583
24619	5203	7	79	28	0	5317
24620	95	12	5383	21	0	5511
24621	47	5271	72	18	0	5408
24622	26	82	33	5484	0	5625
24623	25	33	20	5508	0	5586
24624	32	5362	26	90	0	5510
24625	26	91	27	5517	0	5661
24626	31	42	5401	88	0	5562
24627	33	5738	85	31	0	5887
24628	34	111	30	5996	0	6171
24629	5937	40	15	112	0	6104
24630	6253	27	21	52	0	6353
24631	154	26	10	6568	0	6758
24632	68	7000	29	121	0	7218
24633	41	128	8	7179	0	7356
24634	33	51	11	7316	0	7411
24635	44	57	6994	176	0	7271
24636	40	7214	116	75	0	7445
24637	30	124	48	7361	0	7563
24638	46	62	7079	127	0	7314
24639	26	7004	145	64	0	7239
24640	24	129	43	7340	0	7536
24641	7331	56	20	144	0	7551
24642	131	7121	36	66	0	7354
24643	59	136	12	6995	0	7202
24644	7038	55	16	151	0	7260
24645	7047	32	21	70	0	7170
24646	7088	33	18	45	0	7184
24647	7089	26	13	55	0	7183
24648	176	25	25	7029	0	7255
24649	77	46	6831	163	0	7117
24650	49	30	120	6751	0	6950
24651	34	6735	72	169	0	7010
24652	7016	133	45	73	0	7267
24653	158	73	6869	50	0	7150
24654	6415	28	76	34	0	6553
24655	114	28	6419	24	0	6585
24656	60	22	78	6472	0	6632
24657	41	26	6646	95	0	6808
24658	44	17	79	6650	0	6790
24659	63	20	6634	97	0	6814
24660	48	20	81	6636	0	6785
24661	6670	12	37	102	0	6821
24662	102	6696	32	61	0	6891
24663	62	79	26	6905	0	7072
24664	39	38	20	6993	0	7090
24665	46	34	7000	114	0	7194
24666	40	34	6913	55	0	7042
24667	6327	9	106	31	0	6473
24668	67	6459	68	34	0	6628
24669	6736	62	34	33	0	6865
24670	6173	33	32	38	0	6276
24671	90	18	31	5429	0	5568
24672	42	5464	43	82	0	5631
24673	5595	61	32	54	0	5742
24674	5564	35	22	49	0	5670
24675	5623	17	27	35	0	5702
24676	5605	26	21	29	0	5681
24677	5604	17	18	48	0	5687
24678	107	18	5392	37	0	5554
24679	5495	18	78	23	0	5614
24680	90	21	5457	26	0	5594
24681	65	20	68	5409	0	5562
24682	48	28	29	5579	0	5684
24683	50	28	5390	96	0	5564
24684	5207	15	61	55	0	5338
24685	97	20	36	6042	0	6195
24686	68	36	18	6143	0	6265
24687	66	20	15	6202	0	6303
24688	63	15	12	6182	0	6272
24689	61	17	24	6242	0	6344
24690	57	17	6175	173	0	6422
24691	56	13	121	6187	0	6377
24692	51	17	6207	174	0	6449
24693	52	20	6063	100	0	6235
24694	6028	9	172	81	0	6290
24695	6261	9	70	89	0	6429
24696	6622	13	70	54	0	6759
24697	191	12	7030	78	0	7311
24698	108	32	6991	50	0	7181
24699	50	31	7072	84	0	7237
24700	58	6971	223	104	0	7356
24701	69	150	108	7067	0	7394
24702	7029	76	58	217	0	7380
24703	177	30	76	7015	0	7298
24704	98	6989	100	198	0	7385
24705	7132	175	73	141	0	7521
24706	206	116	137	7063	0	7522
24707	126	7216	78	351	0	7771
24708	135	186	96	6728	0	7145
24709	171	129	44	6821	0	7165
24710	6407	83	57	638	0	7185
24711	300	117	364	5618	0	6399
24712	190	342	5703	528	0	6763
24713	85	159	255	6316	0	6815
24714	423	5641	211	510	0	6785
24715	113	5860	293	675	0	6941
24716	212	560	152	6029	0	6953
24717	568	147	189	5958	0	6862
24718	251	5666	213	712	0	6842
24719	279	6079	230	250	0	6838
24720	188	5997	222	553	0	6960
24721	171	403	226	5802	0	6602
24722	381	5975	176	387	0	6919
24723	5879	346	147	650	0	7022
24724	310	244	5980	302	0	6836
24725	147	308	261	6026	0	6742
24726	84	6242	149	718	0	7193
24727	5465	720	64	553	0	6802
24728	246	314	5066	977	0	6603
24729	153	5449	193	879	0	6674
24730	5177	561	123	707	0	6568
24731	216	4860	353	556	0	5985
24732	245	4585	186	464	0	5480
24733	185	357	334	4605	0	5481
24734	183	4395	501	426	0	5505
24735	4268	342	284	235	0	5129
24736	627	334	328	3852	0	5141
24737	543	291	3699	541	0	5074
24738	223	607	3784	383	0	4997
24739	419	304	522	3853	0	5098
24740	99	366	4287	364	0	5116
24741	81	899	332	3797	0	5109
24742	3968	446	111	655	0	5180
24743	425	659	3456	442	0	4982
24744	286	621	255	3805	0	4967
24745	125	3865	174	764	0	4928
24746	368	666	214	3809	0	5057
24747	482	327	230	3957	0	4996
24748	215	3835	56	828	0	4934
24749	212	435	504	3907	0	5058
24750	107	180	509	4258	0	5054
24751	396	324	3528	705	0	4953
24752	386	3534	527	459	0	4906
24753	3565	299	472	718	0	5054
24754	444	470	240	3911	0	5065
24755	236	541	3737	516	0	5030
24756	118	700	207	3892	0	4917
24757	200	745	3336	546	0	4827
24758	3248	207	248	968	0	4671
24759	213	3754	202	631	0	4800
24760	279	898	260	3462	0	4899
24761	47	656	173	4078	0	4954
24762	3232	311	286	864	0	4693
24763	218	352	514	3619	0	4703
24764	497	520	3193	415	0	4625
24765	670	137	620	2952	0	4379
24766	108	2863	398	943	0	4312
24767	199	3293	440	439	0	4371
24768	346	3268	235	604	0	4453
24769	284	242	589	3216	0	4331
24770	383	582	2997	375	0	4337
24771	418	3272	256	336	0	4282
24772	2972	550	119	507	0	4148
24773	92	4056	197	432	0	4777
24774	3724	570	102	581	0	4977
24775	3575	629	52	724	0	4980
24776	498	326	3678	358	0	4860
24777	3421	317	280	795	0	4813
24778	3550	473	435	479	0	4937
24779	3508	347	593	287	0	4735
24780	3589	544	384	387	0	4904
24781	395	253	3526	609	0	4783
24782	3382	212	534	435	0	4563
24783	3820	321	241	377	0	4759
24784	579	3770	379	190	0	4918
24785	130	416	128	3278	0	3952
24786	391	165	52	3270	0	3878
24787	477	3250	68	153	0	3948
24788	3318	154	380	129	0	3981
24789	216	3318	73	86	0	3693
24790	3271	148	76	107	0	3602
24791	3414	113	30	153	0	3710
24792	457	3092	105	157	0	3811
24793	102	163	335	3270	0	3870
24794	147	141	3037	198	0	3523
24795	311	3110	115	149	0	3685
24796	73	320	53	2709	0	3155
24797	52	2569	26	298	0	2945
24798	57	2668	81	307	0	3113
24799	2	74	1	2398	0	2475
24800	5	32	2309	56	0	2402
24801	4	2252	54	24	0	2334
24802	2	2388	22	8	0	2420
24803	2425	69	8	3	0	2505
24804	47	29	3	2488	0	2567
24805	22	8	0	3660	0	3690
24806	6	7	0	4196	0	4209
24807	3	6	3852	94	0	3955
24808	1	4	52	3865	0	3922
24809	2	3847	25	72	0	3946
24810	4396	66	5	26	0	4493
24811	82	28	3	4363	0	4476
24812	27	12	3759	90	0	3888
24813	3816	7	77	29	0	3929
24814	85	5	23	3873	0	3986
24815	28	10	3983	95	0	4116
24816	8	14	3975	26	0	4023
24817	4013	9	106	8	0	4136
24818	4135	3	32	11	0	4181
24819	4115	8	10	5	0	4138
24820	4167	9	4	6	0	4186
24821	124	12	3882	11	0	4029
24822	34	3985	83	7	0	4109
24823	4050	91	24	7	0	4172
24824	89	4050	10	8	0	4157
24825	4058	98	8	6	0	4170
24826	90	4033	13	13	0	4149
24827	37	92	5	4055	0	4189
24828	16	34	5	4145	0	4200
24829	11	8	9	4105	0	4133
24830	7	3959	12	126	0	4104
24831	7	4101	14	44	0	4166
24832	15	109	10	3964	0	4098
24833	11	4015	13	91	0	4130
24834	17	106	3947	39	0	4109
24835	18	35	91	4036	0	4180
24836	12	18	3989	106	0	4125
24837	4016	12	96	41	0	4165
24838	4117	18	35	21	0	4191
24839	129	19	4007	25	0	4180
24840	50	16	4045	13	0	4124
24841	20	18	112	4028	0	4178
24842	24	21	3981	101	0	4127
24843	21	18	94	3903	0	4036
24844	17	4750	49	98	0	4914
24845	23	104	15	5145	0	5287
24846	16	55	13	5247	0	5331
24847	23	22	9	5236	0	5290
24848	19	24	5337	138	0	5518
24849	12	28	107	5313	0	5460
24850	19	22	40	5215	0	5296
24851	17	21	20	5272	0	5330
24852	16	5270	27	113	0	5426
24853	5443	103	11	61	0	5618
24854	5458	44	13	34	0	5549
24855	5510	26	22	28	0	5586
24856	125	25	22	5417	0	5589
24857	55	19	5304	117	0	5495
24858	477	25	4826	49	0	5377
24859	37	4596	139	40	0	4812
24860	5132	95	38	40	0	5305
24861	98	5118	44	32	0	5292
24862	5357	104	20	38	0	5519
24863	111	5281	22	38	0	5452
24864	5323	103	35	29	0	5490
24865	106	5212	29	47	0	5394
24866	47	123	19	5307	0	5496
24867	47	51	5197	121	0	5416
24868	34	36	5259	66	0	5395
24869	26	23	138	4923	0	5110
24870	35	27	62	4968	0	5092
24871	33	25	35	5418	0	5511
24872	248	18	5031	158	0	5455
24873	39	22	110	4771	0	4942
24874	4660	19	55	127	0	4861
24875	4801	22	31	74	0	4928
24876	146	4694	42	47	0	4929
24877	4851	108	36	29	0	5024
24878	134	4696	36	41	0	4907
24879	4889	121	29	21	0	5060
24880	4901	58	22	34	0	5015
24881	4904	36	31	43	0	5014
24882	159	35	5316	28	0	5538
24883	61	47	5342	46	0	5496
24884	4419	25	134	38	0	4616
24885	4332	35	58	31	0	4456
24886	151	28	21	4486	0	4686
24887	72	28	15	5271	0	5386
24888	30	37	28	5415	0	5510
24889	31	29	14	5432	0	5506
24890	28	28	21	5459	0	5536
24891	5210	27	28	226	0	5491
24892	152	41	18	5318	0	5529
24893	71	51	5044	177	0	5343
24894	4589	22	146	93	0	4850
24895	5084	26	70	49	0	5229
24896	184	5022	52	61	0	5319
24897	50	4742	27	39	0	4858
24898	4615	140	28	32	0	4815
24899	123	5386	22	42	0	5573
24900	6053	124	25	31	0	6233
24901	6065	40	34	31	0	6170
24902	6099	12	29	43	0	6183
24903	152	11	20	5293	0	5476
24904	60	4611	22	113	0	4806
24905	4283	110	12	60	0	4465
24906	93	42	10	3859	0	4004
24907	40	19	9	3971	0	4039
24908	3819	10	5	146	0	3980
24909	102	3765	15	65	0	3947
24910	40	72	3	3377	0	3492
24911	3386	25	1	86	0	3498
24912	78	3341	5	40	0	3464
24913	3297	69	0	18	0	3384
24914	83	34	2953	23	0	3093
24915	3383	14	54	16	0	3467
24916	86	3455	26	20	0	3587
24917	3917	74	7	22	0	4020
24918	3854	37	0	15	0	3906
24919	113	3754	5	17	0	3889
24920	3917	76	5	13	0	4011
24921	93	3765	9	12	0	3879
24922	3867	78	6	13	0	3964
24923	82	50	5	3851	0	3988
24924	53	23	2	3928	0	4006
24925	35	9	6	4013	0	4063
24926	21	26	3769	113	0	3929
24927	26	15	69	3850	0	3960
24928	33	22	3830	85	0	3970
24929	28	9	52	3085	0	3174
24930	22	3008	31	59	0	3120
24931	20	47	7	3193	0	3267
24932	24	38	3079	65	0	3206
24933	19	19	3044	59	0	3141
24934	16	10	67	3150	0	3243
24935	3119	7	40	62	0	3228
24936	3113	11	19	54	0	3197
24937	80	3354	14	33	0	3481
24938	57	43	8	3472	0	3580
24939	25	51	3388	55	0	3519
24940	16	29	45	3396	0	3486
24941	27	16	3391	57	0	3491
24942	3297	13	47	48	0	3405
24943	54	25	34	3440	0	3553
24944	66	20	3372	44	0	3502
24945	36	18	42	3391	0	3487
24946	23	20	32	3468	0	3543
24947	28	15	3363	89	0	3495
24948	24	17	46	3196	0	3283
24949	3199	13	37	71	0	3320
24950	3179	7	14	64	0	3264
24951	83	15	10	3186	0	3294
24952	3236	12	14	62	0	3324
24953	58	7	3080	70	0	3215
24954	45	21	2928	43	0	3037
24955	3062	14	82	26	0	3184
24956	3168	13	51	31	0	3263
24957	86	17	22	3132	0	3257
24958	65	11	16	3185	0	3277
24959	32	26	3432	91	0	3581
24960	37	14	54	3279	0	3384
24961	23	3385	54	66	0	3528
24962	3506	42	23	47	0	3618
24963	3492	46	20	21	0	3579
24964	100	3447	12	29	0	3588
24965	3560	55	9	33	0	3657
24966	3515	48	19	23	0	3605
24967	89	3400	19	44	0	3552
24968	3528	55	18	32	0	3633
24969	74	3477	23	28	0	3602
24970	3992	51	11	36	0	4090
24971	78	49	4012	20	0	4159
24972	59	24	51	4071	0	4205
24973	41	15	37	4131	0	4224
24974	32	12	22	4241	0	4307
24975	4173	16	20	106	0	4315
24976	70	15	12	4209	0	4306
24977	70	26	4028	58	0	4182
24978	4091	14	47	61	0	4213
24979	73	15	34	4121	0	4243
24980	65	3953	22	60	0	4100
24981	28	4076	19	73	0	4196
24982	33	70	18	4164	0	4285
24983	30	52	23	4084	0	4189
24984	27	19	17	4216	0	4279
24985	33	30	3997	104	0	4164
24986	32	3914	60	71	0	4077
24987	3425	13	10	23	0	3471
24988	3313	11	11	20	0	3355
24989	14	3279	18	22	0	3333
24990	20	3452	15	21	0	3508
24991	17	19	5	3590	0	3631
24992	12	20	3434	22	0	3488
24993	3437	9	13	16	0	3475
24994	3556	9	10	15	0	3590
24995	20	11	13	3529	0	3573
24996	21	8	10	3521	0	3560
24997	3580	9	9	25	0	3623
24998	16	15	3451	27	0	3509
24999	2663	11	10	21	0	2705
25000	21	2466	20	15	0	2522
25001	14	9	11	2618	0	2652
25002	10	2504	12	22	0	2548
25003	2663	12	8	16	0	2699
25004	22	12	4	2583	0	2621
25005	20	15	4	2364	0	2403
25006	17	1898	7	428	0	2350
25007	2432	12	7	21	0	2472
25008	2414	11	3	17	0	2445
25009	21	12	2310	11	0	2354
25010	20	15	2097	17	0	2149
25011	2308	8	18	13	0	2347
25012	23	7	2283	13	0	2326
25013	21	8	2137	20	0	2186
25014	2327	4	21	14	0	2366
25015	15	7	2793	1	0	2816
25016	6	5	75	2759	0	2845
25017	3	3	31	2595	0	2632
25018	2792	5	23	94	0	2914
25019	85	6	2735	45	0	2871
25020	2775	1	77	30	0	2883
25021	108	2	27	2765	0	2902
25022	2814	2	23	84	0	2923
25023	2848	0	6	35	0	2889
25024	2869	2	3	32	0	2906
25025	138	5	3	2773	0	2919
25026	3511	0	6	86	0	3603
25027	113	7	4	3450	0	3574
25028	41	3	9	3512	0	3565
25029	31	2	7	3523	0	3563
25030	14	3	3	3586	0	3606
25031	3472	0	9	135	0	3616
25032	3492	2	5	65	0	3564
25033	118	8	3645	35	0	3806
25034	3701	3	105	15	0	3824
25035	3795	0	32	16	0	3843
25036	145	2	24	3656	0	3827
25037	56	3298	10	96	0	3460
25038	3471	99	8	29	0	3607
25039	116	31	2	3439	0	3588
25040	3444	23	8	107	0	3582
25041	137	3337	6	39	0	3519
25042	3457	98	3	40	0	3598
25043	131	32	2	3383	0	3548
25044	41	3323	3	108	0	3475
25045	3411	96	3	44	0	3554
25046	107	3270	10	44	0	3431
25047	41	3376	20	16	0	3453
25048	3451	128	9	18	0	3606
25049	116	61	3265	24	0	3466
25050	3413	32	101	12	0	3558
25051	156	8	42	3419	0	3625
25052	56	17	3352	115	0	3540
25053	44	11	107	3355	0	3517
25054	40	8	37	3510	0	3595
25055	41	14	3292	148	0	3495
25056	3299	7	104	69	0	3479
25057	129	11	35	3428	0	3603
25058	65	13	29	3466	0	3573
25059	48	5	6	3110	0	3169
25060	3017	11	4	174	0	3206
25061	121	10	2899	78	0	3108
25062	44	24	2926	53	0	3047
25063	51	14	127	2924	0	3116
25064	41	13	3141	113	0	3308
25065	3153	10	129	45	0	3337
25066	130	3085	52	38	0	3305
25067	3304	96	37	23	0	3460
25068	135	36	19	3158	0	3348
25069	52	3179	22	109	0	3362
25070	52	102	15	2871	0	3040
25071	34	2641	21	138	0	2834
25072	43	119	4	2688	0	2854
25073	22	50	2598	144	0	2814
25074	41	41	2505	54	0	2641
25075	20	2558	123	76	0	2777
25076	2663	108	58	29	0	2858
25077	128	41	39	2589	0	2797
25078	52	36	15	2725	0	2828
25079	2696	24	9	152	0	2881
25080	2690	16	17	66	0	2789
25081	153	8	22	2694	0	2877
25082	82	17	2575	116	0	2790
25083	57	2533	108	59	0	2757
25084	28	103	50	2606	0	2787
25085	25	43	41	2600	0	2709
25086	30	2600	10	130	0	2770
25087	2670	114	22	67	0	2873
25088	140	44	2581	39	0	2804
25089	58	34	109	2640	0	2841
25090	42	17	43	2647	0	2749
25091	18	27	2491	160	0	2696
25092	44	20	104	2554	0	2722
25093	2546	12	48	160	0	2766
25094	2593	9	52	64	0	2718
25095	2617	20	25	56	0	2718
25096	173	2469	22	32	0	2696
25097	3093	105	17	31	0	3246
25098	159	53	19	3028	0	3259
25099	75	46	10	2944	0	3075
25100	63	2717	19	135	0	2934
25101	3039	126	12	75	0	3252
25102	3349	51	13	58	0	3471
25103	3402	42	21	35	0	3500
25104	3432	23	18	36	0	3509
25105	3468	18	21	49	0	3556
25106	201	24	3126	41	0	3392
25107	3315	28	134	31	0	3508
25108	3396	15	43	40	0	3494
25109	3398	14	51	30	0	3493
25110	217	9	19	3263	0	3508
25111	110	10	15	3413	0	3548
25112	79	23	3060	181	0	3343
25113	2867	14	130	102	0	3113
25114	153	3113	71	70	0	3407
25115	39	2265	18	19	0	2341
25116	37	68	2257	17	0	2379
25117	23	2271	61	15	0	2370
25118	24	2212	10	15	0	2261
25119	19	57	13	1975	0	2064
25120	16	2143	11	52	0	2222
25121	2214	65	8	14	0	2301
25122	2212	19	11	13	0	2255
25123	74	15	9	2204	0	2302
25124	39	12	2141	52	0	2244
25125	2177	9	52	16	0	2254
25126	73	5	1589	23	0	1690
25127	26	4	1598	18	0	1646
25128	26	4	64	1387	0	1481
25129	27	7	23	1610	0	1667
25130	27	14	1541	62	0	1644
25131	18	1486	57	26	0	1587
25132	17	1609	24	23	0	1673
25133	1296	31	11	6	0	1344
25134	1354	12	6	12	0	1384
25135	47	14	1289	11	0	1361
25136	1319	11	26	20	0	1376
25137	1353	11	8	10	0	1382
25138	52	15	7	1301	0	1375
25139	48	7	6	1324	0	1385
25140	46	1	1	1357	0	1405
25141	1339	1	5	40	0	1385
25142	1591	5	12	20	0	1628
25143	1598	4	8	13	0	1623
25144	70	3	16	1562	0	1651
25145	65	8	1501	34	0	1608
25146	1557	4	29	24	0	1614
25147	1854	10	10	32	0	1906
25148	54	11	18	1792	0	1875
25149	51	1783	19	42	0	1895
25150	51	38	14	1756	0	1859
25151	53	1777	8	36	0	1874
25152	39	46	12	1749	0	1846
25153	31	1764	14	45	0	1854
25154	1807	46	33	17	0	1903
25155	57	30	14	1745	0	1846
25156	36	1772	13	39	0	1860
25157	34	57	1717	28	0	1836
25158	1742	26	34	29	0	1831
25159	57	23	19	1768	0	1867
25160	35	1788	27	41	0	1891
25161	41	39	14	1739	0	1833
25162	26	1653	29	44	0	1752
25163	35	1793	26	23	0	1877
25164	1547	43	34	18	0	1642
25165	1559	32	24	34	0	1649
25166	49	32	1516	32	0	1629
25167	1539	30	36	35	0	1640
25168	1526	36	27	32	0	1621
25169	68	1529	28	27	0	1652
25170	59	69	11	1519	0	1658
25171	73	17	16	1577	0	1683
25172	75	17	1505	43	0	1640
25173	68	18	2084	19	0	2189
25174	2142	17	62	25	0	2246
25175	2197	8	36	28	0	2269
25176	2192	6	39	51	0	2288
25177	84	10	2120	47	0	2261
25178	59	11	50	2153	0	2273
25179	2144	21	16	50	0	2231
25180	71	21	19	2167	0	2278
25181	53	24	2061	76	0	2214
25182	2117	15	62	43	0	2237
25183	88	18	2066	22	0	2194
25184	69	2097	56	19	0	2241
25185	2177	59	30	24	0	2290
25186	78	26	2098	44	0	2246
25187	40	47	45	2138	0	2270
25188	2162	37	23	79	0	2301
25189	74	32	20	2183	0	2309
25190	2171	27	12	79	0	2289
25191	95	29	13	2171	0	2308
25192	2168	21	18	83	0	2290
25193	2163	19	36	53	0	2271
25194	2157	20	41	34	0	2252
25195	2143	16	40	35	0	2234
25196	90	31	41	2145	0	2307
25197	41	5	1502	31	0	1579
25198	26	15	1491	21	0	1553
25199	22	1471	35	22	0	1550
25200	27	1569	25	14	0	1635
25201	1322	16	7	18	0	1363
25202	21	0	4	1090	0	1115
25203	12	0	1053	20	0	1085
25204	13	6	1348	5	0	1372
25205	12	4	10	1368	0	1394
25206	1424	2	4	7	0	1437
25207	14	1338	13	6	0	1371
25208	1419	9	5	10	0	1443
25209	15	2	13	1390	0	1420
25210	3	1	17	1383	0	1404
25211	11	6	5	1390	0	1412
25212	11	7	1376	16	0	1410
25213	20	4	1322	7	0	1353
25214	8	1298	21	15	0	1342
25215	20	5	12	1399	0	1436
25216	1420	1	8	16	0	1445
25217	21	1	1341	16	0	1379
25218	20	6	1307	5	0	1338
25219	17	8	12	1331	0	1368
25220	18	3	11	1350	0	1382
25221	7	10	10	1372	0	1399
25222	13	2	11	1403	0	1429
25223	1397	6	14	22	0	1439
25224	12	6	17	1384	0	1419
25225	1405	6	16	14	0	1441
25226	18	10	1551	20	0	1599
25227	11	1537	28	14	0	1590
25228	18	14	10	1575	0	1617
25229	22	4	1560	21	0	1607
25230	23	6	1498	14	0	1541
25231	22	1517	15	23	0	1577
25232	19	6	10	1543	0	1578
25233	13	0	11	1604	0	1628
25234	22	7	1771	27	0	1827
25235	1716	4	23	24	0	1767
25236	32	7	17	1783	0	1839
25237	26	6	17	1803	0	1852
25238	19	13	1742	23	0	1797
25239	17	1643	27	22	0	1709
25240	16	1764	26	18	0	1824
25241	1786	22	28	12	0	1848
25242	26	5	23	1626	0	1680
25243	1624	13	18	36	0	1691
25244	29	10	1562	24	0	1625
25245	22	6	22	1629	0	1679
25246	1598	5	13	36	0	1652
25247	1393	4	15	25	0	1437
25248	29	9	9	1404	0	1451
25249	27	4	1339	34	0	1404
25250	19	14	1363	16	0	1412
25251	12	22	22	1356	0	1412
25252	25	9	1319	33	0	1386
25253	1314	5	37	16	0	1372
25254	27	1315	24	24	0	1390
25255	1375	23	16	18	0	1432
25256	1365	7	18	30	0	1420
25257	28	8	11	1383	0	1430
25258	24	9	24	1388	0	1445
25259	1368	7	20	39	0	1434
25260	32	12	14	1382	0	1440
25261	15	11	1315	36	0	1377
25262	24	1302	33	20	0	1379
25263	15	22	17	1342	0	1396
25264	24	13	23	1342	0	1402
25265	22	6	12	1402	0	1442
25266	18	13	1294	46	0	1371
25267	28	1304	32	19	0	1383
25268	14	27	18	1372	0	1431
25269	17	13	1303	44	0	1377
25270	18	10	34	1377	0	1439
25271	1372	10	18	41	0	1441
25272	23	8	25	1402	0	1458
25273	5	2	727	9	0	743
25274	719	3	7	5	0	734
25275	12	697	3	4	0	716
25276	6	729	2	4	0	741
25277	1140	6	2	7	0	1155
25278	10	3	1124	6	0	1143
25279	6	1	11	1112	0	1130
25280	3	1	2	1136	0	1142
25281	0	3	1102	10	0	1115
25282	5	1068	9	6	0	1088
25283	0	9	2	1113	0	1124
25284	7	3	1107	10	0	1127
25285	6	5	6	1095	0	1112
25286	1137	2	5	14	0	1158
25287	7	5	1087	4	0	1103
25288	7	1	9	1119	0	1136
25289	6	0	6	1129	0	1141
25290	8	0	1094	15	0	1117
25291	7	5	9	1065	0	1086
25292	5	1710	5	17	0	1737
25293	2	12	13	1808	0	1835
25294	6	1729	6	16	0	1757
25295	1830	9	8	7	0	1854
25296	1783	7	5	7	0	1802
25297	14	4	1801	8	0	1827
25298	6	4	1700	5	0	1715
25299	6	6	1697	12	0	1721
25300	11	1708	13	16	0	1748
25301	2	6	7	1818	0	1833
25302	6	3	1779	13	0	1801
25303	9	2	8	1750	0	1769
25304	5	5	8	1517	0	1535
25305	4	6	1511	16	0	1537
25306	12	4	10	1511	0	1537
25307	4	3	7	1529	0	1543
25308	4	1485	6	20	0	1515
25309	4	8	6	1544	0	1562
25310	3	2	12	1536	0	1553
25311	2	9	2013	18	0	2042
25312	4	7	12	1995	0	2018
25313	7	3	2031	16	0	2057
25314	6	8	1944	11	0	1969
25315	1990	2	13	9	0	2014
25316	13	2	8	2037	0	2060
25317	4	1944	11	18	0	1977
25318	5	2144	6	11	0	2166
25319	4	13	8	2205	0	2230
25320	3	14	2158	16	0	2191
25321	4	2115	18	14	0	2151
25322	3	10	8	2204	0	2225
25323	5	7	2149	20	0	2181
25324	5	2081	17	15	0	2118
25325	2209	11	6	10	0	2236
25326	2008	6	6	12	0	2032
25327	1997	4	7	12	0	2020
25328	15	8	8	2359	0	2390
25329	6	9	6	2360	0	2381
25330	6	2	3	2400	0	2411
25331	4	6	2316	26	0	2352
25332	2242	3	25	22	0	2292
25333	30	4	13	2290	0	2337
25334	3	1	2115	12	0	2131
25335	2056	0	10	2	0	2068
25336	2149	0	3	4	0	2156
25337	21	22	2199	2	0	2244
25338	2305	0	13	3	0	2321
25339	16	2712	11	7	0	2746
25340	3	14	2752	4	0	2773
25341	2671	4	13	5	0	2693
25342	12	2722	8	7	0	2749
25343	5	11	5	2751	0	2772
25344	6	2755	2	18	0	2781
25345	1	15	5	2839	0	2860
25346	7	4	2771	18	0	2800
25347	2539	6	18	7	0	2570
25348	18	0	2748	6	0	2772
25349	5	2634	29	4	0	2672
25350	9	2732	8	7	0	2756
25351	2804	17	5	4	0	2830
25352	20	5	2772	3	0	2800
25353	7	6	21	2749	0	2783
25354	7	7	2744	15	0	2773
25355	2	2672	25	10	0	2709
25356	9	17	7	2618	0	2651
25357	5	2673	12	14	0	2704
25358	2806	16	4	4	0	2830
25359	2814	2	5	10	0	2831
25360	2802	10	5	2	0	2819
25361	20	7	2732	7	0	2766
25362	9	11	2670	1	0	2691
25363	2941	1	16	3	0	2961
25364	22	6	2978	3	0	3009
25365	9	2	24	2811	0	2846
25366	4	2904	15	14	0	2937
25367	3029	22	4	9	0	3064
25368	2987	4	9	9	0	3009
25369	3027	8	2	3	0	3040
25370	31	1	6	2985	0	3023
25371	9	9	3	3044	0	3065
25372	3049	3	3	23	0	3078
25373	28	2943	7	8	0	2986
25374	3040	20	11	11	0	3082
25375	31	4	5	3018	0	3058
25376	10	6	9	3040	0	3065
25377	2680	5	7	25	0	2717
25378	29	2618	9	11	0	2667
25379	2692	24	4	6	0	2726
25380	35	2626	11	7	0	2679
25381	2680	24	4	5	0	2713
25382	41	6	3	2937	0	2987
25383	2933	9	7	29	0	2978
25384	2910	6	6	8	0	2930
25385	4345	13	2	15	0	4375
25386	91	4551	20	12	0	4674
25387	40	91	4553	15	0	4699
25388	4679	37	87	9	0	4812
25389	4733	19	27	13	0	4792
25390	117	4610	24	8	0	4759
25391	66	89	11	4741	0	4907
25392	35	43	15	4189	0	4282
25393	4091	19	13	131	0	4254
25394	113	20	10	4154	0	4297
25395	54	28	3985	120	0	4187
25396	37	30	4565	55	0	4687
25397	4634	10	117	39	0	4800
25398	109	14	51	4743	0	4917
25399	59	13	27	4786	0	4885
25400	36	14	26	4884	0	4960
25401	42	14	5072	143	0	5271
25402	34	11	119	5118	0	5282
25403	37	10	39	5252	0	5338
25404	25	6	34	5353	0	5418
25405	5210	15	30	170	0	5425
25406	136	17	21	5274	0	5448
25407	60	28	5104	148	0	5340
25408	5219	23	120	86	0	5448
25409	150	30	5198	54	0	5432
25410	5136	21	147	54	0	5358
25411	4422	28	70	46	0	4566
25412	179	24	37	4762	0	5002
25413	87	4722	38	154	0	5001
25414	75	120	21	4810	0	5026
25415	58	43	30	4776	0	4907
25416	49	4931	39	194	0	5213
25417	4985	114	46	91	0	5236
25418	139	4764	46	76	0	5025
25419	5149	142	27	61	0	5379
25420	5197	52	32	63	0	5344
25421	168	33	29	5116	0	5346
25422	77	32	20	5234	0	5363
25423	69	33	4974	204	0	5280
25424	51	39	4927	116	0	5133
25425	4994	18	146	96	0	5254
25426	5165	17	58	81	0	5321
25427	186	4991	53	74	0	5304
25428	76	116	35	4745	0	4972
25429	68	42	4857	143	0	5110
25430	75	17	128	4976	0	5196
25431	4974	20	62	146	0	5202
25432	4961	10	47	72	0	5090
25433	170	4816	50	56	0	5092
25434	79	113	27	4964	0	5183
25435	61	52	26	5014	0	5153
25436	56	33	18	5092	0	5199
25437	43	48	4535	205	0	4831
25438	4355	48	116	86	0	4605
25439	4428	41	36	75	0	4580
25440	176	43	4144	79	0	4442
25441	109	4229	121	66	0	4525
25442	4407	118	46	65	0	4636
25443	4485	42	42	65	0	4634
25444	184	34	4285	68	0	4571
25445	91	28	6103	65	0	6287
25446	72	20	160	5897	0	6149
25447	76	34	6148	149	0	6407
25448	6035	23	151	71	0	6280
25449	6244	34	87	47	0	6412
25450	6334	20	60	64	0	6478
25451	197	30	45	5931	0	6203
25452	99	7472	55	156	0	7782
25453	7918	112	34	89	0	8153
25454	7845	49	38	72	0	8004
25455	201	45	7399	77	0	7722
25456	106	55	7121	73	0	7355
25457	6698	22	167	88	0	6975
25458	184	25	59	7491	0	7759
25459	107	23	7498	165	0	7793
25460	85	7268	154	92	0	7599
25461	85	123	72	7610	0	7890
25462	7576	46	73	149	0	7844
25463	172	7089	54	77	0	7392
25464	100	130	44	7214	0	7488
25465	76	6989	70	137	0	7272
25466	60	7245	68	80	0	7453
25467	60	137	59	7264	0	7520
25468	70	52	50	7432	0	7604
25469	65	7845	57	179	0	8146
25470	8113	164	44	92	0	8413
25471	205	69	7947	68	0	8289
25472	7518	60	157	54	0	7789
25473	235	43	44	8065	0	8387
25474	125	37	38	8126	0	8326
25475	92	55	46	8197	0	8390
25476	89	33	38	8185	0	8345
25477	67	37	8039	245	0	8388
25478	74	29	195	7877	0	8175
25479	86	27	73	7966	0	8152
25480	84	7883	66	228	0	8261
25481	66	180	7782	101	0	8129
25482	59	7777	158	112	0	8106
25483	44	183	7709	97	0	8033
25484	54	7877	181	108	0	8220
25485	270	93	21	6162	0	6546
25486	5965	15	18	82	0	6080
25487	71	6035	21	34	0	6161
25488	16	80	9	6113	0	6218
25489	27	15	6082	89	0	6213
25490	19	6840	93	32	0	6984
25491	7072	79	14	29	0	7194
25492	7218	19	26	17	0	7280
25493	78	7153	35	18	0	7284
25494	37	88	7186	15	0	7326
25495	6644	16	78	15	0	6753
25496	88	29	15	7349	0	7481
25497	7423	16	18	89	0	7546
25498	88	7075	22	40	0	7225
25499	19	7701	32	32	0	7784
25500	29	89	7919	28	0	8065
25501	7046	16	60	18	0	7140
25502	65	16	16	7636	0	7733
25503	7809	14	17	63	0	7903
25504	68	7934	26	21	0	8049
25505	8141	61	8	14	0	8224
25506	7920	22	6	22	0	7970
25507	69	26	8005	11	0	8111
25508	23	7582	63	19	0	7687
25509	28	7902	15	15	0	7960
25510	11	63	15	8035	0	8124
25511	8	7833	25	59	0	7925
25512	8043	68	5	14	0	8130
25513	54	7905	15	16	0	7990
25514	15	67	14	8059	0	8155
25515	21	7850	7	61	0	7939
25516	16	7657	7	23	0	7703
25517	12	7772	11	17	0	7812
25518	245	68	5	7537	0	7855
25519	7	22	2	7495	0	7526
25520	10	11	4	7452	0	7477
25521	2	7220	15	62	0	7299
25522	11	56	7140	23	0	7230
25523	5	30	7030	16	0	7081
25524	6847	18	49	19	0	6933
25525	50	23	15	7152	0	7240
25526	30	8	7271	54	0	7363
25527	23	15	6951	18	0	7007
25528	18	6847	74	31	0	6970
25529	12	49	13	6958	0	7032
25530	9	19	15	7131	0	7174
25531	7161	22	14	67	0	7264
25532	53	20	13	6951	0	7037
25533	7	9	21	7143	0	7180
25534	19	18	8122	77	0	8236
25535	15	24	50	7651	0	7740
25536	7	21	17	8330	0	8375
25537	7	20	8382	68	0	8477
25538	10	20	8188	29	0	8247
25539	5	7821	76	32	0	7934
25540	12	69	8214	25	0	8320
25541	13	21	60	7876	0	7970
25542	16	63	35	6865	0	6979
25543	16	23	8235	68	0	8342
25544	5	7711	76	38	0	7830
25545	6690	58	24	23	0	6795
25546	50	6485	25	18	0	6578
25547	26	60	13	6689	0	6788
25548	27	23	14	6705	0	6769
25549	14	6548	20	59	0	6641
25550	10	53	24	6731	0	6818
25551	21	12	16	6711	0	6760
25552	14	32	5751	71	0	5868
25553	17	5529	50	27	0	5623
25554	14	60	15	5878	0	5967
25555	24	30	5765	59	0	5878
25556	16	13	57	5654	0	5740
25557	19	11	13	5705	0	5748
25558	9	15	14	5838	0	5876
25559	19	20	11	5826	0	5876
25560	15	21	6	5785	0	5827
25561	19	5633	18	59	0	5729
25562	5692	54	23	25	0	5794
25563	57	32	5701	22	0	5812
25564	4560	30	52	39	0	4681
25565	63	28	7229	17	0	7337
25566	19	7303	64	23	0	7409
25567	28	92	7508	10	0	7638
25568	20	7143	79	16	0	7258
25569	3	28	5	6979	0	7015
25570	1	12	1	7029	0	7043
25571	2	6904	11	22	0	6939
25572	0	7017	9	8	0	7034
25573	7218	26	0	3	0	7247
25574	7134	6	1	3	0	7144
25575	7072	4	1	2	0	7079
25576	7052	2	1	3	0	7058
25577	30	3	1	7388	0	7422
25578	9	7206	10	19	0	7244
25579	7529	21	3	7	0	7560
25580	26	10	0	7485	0	7521
25581	7407	2	3	25	0	7437
25582	7054	5	3	11	0	7073
25583	30	7189	11	7	0	7237
25584	10	7290	6	7	0	7313
25585	5	7553	3	8	0	7569
25586	7	29	1	7610	0	7647
25587	3	7421	12	22	0	7458
25588	7616	30	0	6	0	7652
25589	7410	13	3	6	0	7432
25590	6490	8	1	6	0	6505
25591	7318	5	0	4	0	7327
25592	7092	4	3	5	0	7104
25593	103	10	7594	4	0	7711
25594	7711	3	115	2	0	7831
25595	141	14	7687	2	0	7844
25596	7184	3	122	4	0	7313
25597	141	7	39	7385	0	7572
25598	56	11	7568	111	0	7746
25599	27	29	6970	24	0	7050
25600	13	6740	151	8	0	6912
25601	7506	126	31	6	0	7669
25602	8095	33	21	9	0	8158
25603	253	9343	27	8	0	9631
25604	112	193	15	10257	0	10577
25605	10563	88	15	240	0	10906
25606	281	80	11755	102	0	12218
25607	120	12046	258	60	0	12484
25608	12274	254	100	26	0	12654
25609	281	12164	72	40	0	12557
25610	152	299	45	12020	0	12516
25611	84	12343	48	243	0	12718
25612	58	338	23	12112	0	12531
25613	60	12033	49	281	0	12423
25614	42	12446	31	123	0	12642
25615	12182	393	26	84	0	12685
25616	12342	201	23	42	0	12608
25617	399	129	12095	67	0	12690
25618	207	108	11782	37	0	12134
25619	118	90	12133	34	0	12375
25620	94	80	399	12062	0	12635
25621	90	86	12270	276	0	12722
25622	71	70	357	11994	0	12492
25623	61	66	171	12307	0	12605
25624	58	11939	121	402	0	12520
25625	12206	295	77	217	0	12795
25626	281	12837	102	118	0	13338
25627	154	348	47	13211	0	13760
25628	119	175	45	13355	0	13694
25629	97	132	63	13475	0	13767
25630	96	86	13297	457	0	13936
25631	74	104	283	13260	0	13721
25632	93	57	155	13534	0	13839
25633	71	75	116	13866	0	14128
25634	58	84	12670	521	0	13333
25635	51	12564	323	304	0	13242
25636	12787	304	143	210	0	13444
25637	12558	173	104	153	0	12988
25638	375	12636	74	137	0	13222
25639	211	343	62	12805	0	13421
25640	138	203	36	13216	0	13593
25641	131	143	12486	460	0	13220
25642	101	12299	326	260	0	12986
25643	75	333	161	13040	0	13609
25644	89	176	12751	417	0	13433
25645	69	118	336	12664	0	13187
25646	63	92	182	12933	0	13270
25647	83	101	12988	507	0	13679
25648	78	76	330	12979	0	13463
25649	96	87	195	13143	0	13521
25650	84	109	13581	501	0	14275
25651	85	84	323	13659	0	14151
25652	71	78	193	13266	0	13608
25653	64	74	125	13799	0	14062
25654	52	80	13494	567	0	14193
25655	50	83	338	13908	0	14379
25656	13609	56	184	520	0	14369
25657	13690	68	146	314	0	14218
25658	386	13741	138	247	0	14512
25659	14431	308	94	205	0	15038
25660	393	167	14206	210	0	14976
25661	219	102	342	14371	0	15034
25662	138	94	191	14327	0	14750
25663	99	88	135	15026	0	15348
25664	14468	72	96	565	0	15201
25665	302	12688	130	351	0	13471
25666	163	302	79	12634	0	13178
25667	109	12923	112	420	0	13564
25668	13188	339	76	287	0	13890
25669	319	12589	78	218	0	13204
25670	12812	362	62	183	0	13419
25671	345	12487	104	158	0	13094
25672	187	12919	73	157	0	13336
25673	145	419	71	13296	0	13931
25674	86	234	90	13395	0	13805
25675	100	145	63	13367	0	13675
25676	86	104	60	13512	0	13762
25677	79	125	12623	544	0	13371
25678	63	12379	302	354	0	13098
25679	65	330	123	12814	0	13332
25680	78	12632	124	404	0	13238
25681	85	361	12449	264	0	13159
25682	68	210	279	12344	0	12901
25683	77	155	155	13167	0	13554
25684	73	137	12594	475	0	13279
25685	77	12153	309	309	0	12848
25686	54	310	165	12767	0	13296
25687	79	178	12490	436	0	13183
25688	53	12177	334	301	0	12865
25689	45	320	182	12714	0	13261
25690	60	198	12427	443	0	13128
25691	44	151	11328	259	0	11782
25692	48	11040	371	203	0	11662
25693	31	12466	176	130	0	12803
25694	39	322	110	13704	0	14175
25695	37	213	80	14525	0	14855
25696	40	166	13863	516	0	14585
25697	12738	108	347	316	0	13509
25698	13142	89	183	248	0	13662
25699	453	97	13539	186	0	14275
25700	239	12983	414	189	0	13825
25701	151	13509	217	122	0	13999
25702	97	12977	115	103	0	13292
25703	73	11441	137	110	0	11761
25704	38	386	54	11796	0	12274
25705	35	164	19	13770	0	13988
25706	17	113	23	12736	0	12889
25707	24	91	16	13225	0	13356
25708	24	12423	36	741	0	13224
25709	20	477	17	12964	0	13478
25710	12	11805	42	1381	0	13240
25711	9	562	21	13210	0	13802
25712	12687	257	15	683	0	13642
25713	477	173	22	12943	0	13615
25714	201	12689	45	678	0	13613
25715	141	513	26	13523	0	14203
25716	90	227	26	13942	0	14285
25717	64	193	21	14095	0	14373
25718	13397	161	18	988	0	14564
25719	473	187	8	14119	0	14787
25720	195	195	12572	894	0	13856
25721	131	13556	429	556	0	14672
25722	114	549	167	14536	0	15366
25723	139	280	107	14993	0	15519
25724	81	226	60	15300	0	15667
25725	14284	218	45	1065	0	15612
25726	541	213	12706	697	0	14157
25727	274	165	474	13593	0	14506
25728	193	13350	192	925	0	14660
25729	184	597	107	14131	0	15019
25730	12728	302	77	995	0	14102
25731	523	13190	121	631	0	14465
25732	249	663	54	13637	0	14603
25733	170	338	46	14749	0	15303
25734	146	13229	61	1189	0	14625
25735	156	619	64	14139	0	14978
25736	156	338	77	14522	0	15093
25737	127	300	12375	1169	0	13971
25738	95	13144	499	800	0	14538
25739	13523	698	230	654	0	15105
25740	639	384	13149	597	0	14769
25741	13529	258	576	544	0	14907
25742	757	265	13177	492	0	14691
25743	352	223	647	13936	0	15158
25744	13577	209	291	1039	0	15116
25745	665	262	196	14129	0	15252
25746	13769	207	140	1123	0	15239
25747	13750	219	131	733	0	14833
25748	13797	226	151	608	0	14782
25749	970	13205	130	503	0	14808
25750	550	661	136	13078	0	14425
25751	385	383	167	13694	0	14629
25752	319	259	167	13921	0	14666
25753	293	230	12279	1210	0	14012
25754	267	189	605	13159	0	14220
25755	12665	176	343	1070	0	14254
25756	13163	171	251	709	0	14294
25757	1023	153	12147	574	0	13897
25758	12493	179	626	442	0	13740
25759	12844	182	335	467	0	13828
25760	1067	196	197	12101	0	13561
25761	12166	172	164	1028	0	13530
25762	12484	158	144	736	0	13522
25763	1108	158	158	12188	0	13612
25764	12174	166	191	1021	0	13552
25765	12512	156	160	702	0	13530
25766	1123	207	167	12152	0	13649
25767	739	177	9968	1004	0	11888
25768	11537	166	627	618	0	12948
25769	1016	139	11162	542	0	12859
25770	695	123	11054	510	0	12382
25771	597	10933	805	503	0	12838
25772	591	571	450	11058	0	12670
25773	558	275	275	11449	0	12557
25774	523	181	242	11797	0	12743
25775	531	182	10455	1203	0	12371
25776	577	157	10411	765	0	11910
25777	491	10674	797	617	0	12579
25778	485	622	461	10401	0	11969
25779	514	286	354	11159	0	12313
25780	425	176	333	11733	0	12667
25781	459	172	10383	1177	0	12191
25782	400	10595	718	805	0	12518
25783	393	567	418	11181	0	12559
25784	440	309	10814	998	0	12561
25785	412	213	10927	693	0	12245
25786	11096	166	958	536	0	12756
25787	11263	192	574	481	0	12510
25788	11725	194	375	528	0	12822
25789	1065	154	297	10650	0	12166
25790	642	156	10567	1017	0	12382
25791	487	10542	750	719	0	12498
25792	400	11543	501	599	0	13043
25793	393	708	9072	427	0	10600
25794	319	280	555	8285	0	9439
25795	288	178	413	7680	0	8559
25796	314	7201	359	701	0	8575
25797	341	7974	281	486	0	9082
25798	7966	547	270	379	0	9162
25799	7875	270	234	333	0	8712
25800	7990	165	252	362	0	8769
25801	7438	133	253	335	0	8159
25802	6961	194	197	285	0	7637
25803	758	6574	217	332	0	7881
25804	321	4719	156	233	0	5429
25805	164	3415	81	139	0	3799
25806	2929	173	582	157	0	3841
25807	145	48	78	2937	0	3208
25808	133	41	80	3018	0	3272
25809	2923	37	76	184	0	3220
25810	160	2838	75	128	0	3201
25811	121	97	67	2962	0	3247
25812	130	45	75	3015	0	3265
25813	127	49	74	3030	0	3280
25814	2588	37	63	145	0	2833
25815	139	38	68	2601	0	2846
25816	115	42	2420	132	0	2709
25817	2504	47	85	117	0	2753
25818	133	39	59	2239	0	2470
25819	119	43	2082	141	0	2385
25820	101	2068	91	130	0	2390
25821	62	1596	62	99	0	1819
25822	1684	51	58	58	0	1851
25823	1448	29	56	67	0	1600
25824	62	1389	66	72	0	1589
25825	74	31	62	1475	0	1642
25826	1732	29	38	80	0	1879
25827	78	26	57	2153	0	2314
25828	79	27	51	2264	0	2421
25829	71	30	38	2319	0	2458
25830	61	27	60	2200	0	2348
25831	70	2163	53	100	0	2386
25832	63	69	43	2289	0	2464
25833	14	17	8	1472	0	1511
25834	16	15	15	1489	0	1535
25835	22	23	1328	62	0	1435
25836	6	1390	40	53	0	1489
25837	7	32	32	1453	0	1524
25838	14	30	1374	61	0	1479
25839	8	27	1303	48	0	1386
25840	8	1416	51	38	0	1513
25841	1402	39	24	40	0	1505
25842	31	15	21	1461	0	1528
25843	1419	23	20	57	0	1519
25844	33	1422	20	54	0	1529
25845	23	41	28	1453	0	1545
25846	1366	33	27	44	0	1470
25847	1430	29	21	34	0	1514
25848	25	6	5	1210	0	1246
25849	14	8	5	1239	0	1266
25850	13	9	1153	33	0	1208
25851	10	4	16	1200	0	1230
25852	9	8	7	1248	0	1272
25853	1170	4	10	45	0	1229
25854	18	1169	13	39	0	1239
25855	11	26	1138	29	0	1204
25856	1164	5	24	26	0	1219
25857	26	1164	6	30	0	1226
25858	11	30	6	1227	0	1274
25859	1182	12	19	30	0	1243
25860	25	15	8	1217	0	1265
25861	15	13	4	1246	0	1278
25862	25	10	1179	38	0	1252
25863	8	13	20	1242	0	1283
25864	1187	9	12	45	0	1253
25865	25	8	16	1227	0	1276
25866	1169	8	10	53	0	1240
25867	38	1173	10	36	0	1257
25868	27	1199	9	37	0	1272
25869	16	26	5	1225	0	1272
25870	19	15	8	1255	0	1297
25871	1189	30	12	42	0	1273
25872	22	1184	6	57	0	1269
25873	1203	31	3	41	0	1278
25874	1211	12	5	45	0	1273
25875	33	17	10	1236	0	1296
25876	1213	24	14	51	0	1302
25877	46	17	1176	34	0	1273
25878	19	21	28	1224	0	1292
25879	24	13	1182	57	0	1276
25880	32	11	36	1214	0	1293
25881	1183	24	19	48	0	1274
25882	1174	12	21	44	0	1251
25883	48	1075	19	34	0	1176
25884	20	36	11	1123	0	1190
25885	34	14	7	1105	0	1160
25886	30	1079	15	48	0	1172
25887	30	32	9	1118	0	1189
25888	30	20	9	1074	0	1133
25889	15	1072	12	68	0	1167
25890	787	25	13	69	0	894
25891	831	17	11	51	0	910
25892	41	24	8	843	0	916
25893	28	19	8	868	0	923
25894	28	27	744	55	0	854
25895	28	15	30	778	0	851
25896	25	800	18	67	0	910
25897	810	34	18	46	0	908
25898	43	23	15	825	0	906
25899	31	19	8	864	0	922
25900	797	21	13	58	0	889
25901	50	806	9	49	0	914
25902	26	37	11	836	0	910
25903	29	14	18	811	0	872
25904	30	793	14	56	0	893
25905	837	33	5	52	0	927
25906	52	16	771	47	0	886
25907	22	29	784	46	0	881
25908	30	22	28	845	0	925
25909	27	21	771	60	0	879
25910	803	32	34	43	0	912
25911	53	8	22	849	0	932
25912	27	23	776	57	0	883
25913	24	28	787	38	0	877
25914	43	810	28	44	0	925
25915	798	38	21	30	0	887
25916	46	813	18	36	0	913
25917	829	37	21	36	0	923
25918	768	17	22	31	0	838
25919	41	812	17	39	0	909
25920	802	36	19	46	0	903
25921	862	17	20	23	0	922
25922	54	20	750	28	0	852
25923	34	29	28	798	0	889
25924	46	751	15	43	0	855
25925	23	826	12	44	0	905
25926	25	27	7	551	0	610
25927	105	2	0	7	0	114
25928	1	0	0	1	0	2
25929	0	0	0	2	0	2
25930	0	0	0	3	0	3
25931	0	259	1	1	0	261
25932	0	16	0	277	0	293
25933	0	4	268	14	0	286
25934	269	0	16	3	0	288
25935	273	1	3	3	0	280
25936	14	269	2	1	0	286
25937	588	16	2	0	0	606
25938	17	3	0	591	0	611
25939	4	2	577	16	0	599
25940	547	2	14	4	0	567
25941	19	575	6	3	0	603
25942	4	18	3	604	0	629
25943	569	5	1	17	0	592
25944	18	551	1	5	0	575
25945	5	580	4	2	0	591
25946	603	19	1	1	0	624
25947	20	7	577	1	0	605
25948	581	7	16	3	0	607
25949	17	2	7	568	0	594
25950	7	3	3	612	0	625
25951	6	4	582	23	0	615
25952	9	3	571	9	0	592
25953	6	6	23	588	0	623
25954	8	4	595	21	0	628
25955	7	5	582	7	0	601
25956	7	3	24	545	0	579
25957	6	3	10	601	0	620
25958	603	4	7	24	0	638
25959	23	4	3	618	0	648
25960	608	4	4	25	0	641
25961	23	582	8	8	0	621
25962	8	26	1	643	0	678
25963	7	8	621	24	0	660
25964	618	8	23	5	0	654
25965	665	6	7	7	0	685
25966	664	4	7	9	0	684
25967	646	5	5	6	0	662
25968	661	1	6	10	0	678
25969	23	4	9	650	0	686
25970	13	1	634	25	0	673
25971	8	3	633	12	0	656
25972	4	7	638	10	0	659
25973	606	3	31	11	0	651
25974	657	4	13	10	0	684
25975	23	4	11	588	0	626
25976	17	621	6	22	0	666
25977	16	17	4	652	0	689
25978	10	8	631	28	0	677
25979	12	8	619	11	0	650
25980	601	7	25	12	0	645
25981	22	6	634	13	0	675
25982	14	2	27	632	0	675
25983	647	2	14	22	0	685
25984	634	4	9	11	0	658
25985	657	4	9	11	0	681
25986	665	2	7	9	0	683
25987	35	3	629	11	0	678
25988	608	5	24	10	0	647
25989	25	619	13	10	0	667
25990	16	19	16	639	0	690
25991	20	8	632	25	0	685
25992	16	9	25	637	0	687
25993	17	7	620	30	0	674
25994	16	7	28	638	0	689
25995	13	8	14	652	0	687
25996	19	3	619	30	0	671
25997	13	8	25	645	0	691
25998	1064	9	19	28	0	1120
25999	29	1	15	1068	0	1113
26000	17	7	16	1447	0	1487
26001	1430	7	9	35	0	1481
26002	35	1394	10	22	0	1461
26003	1411	23	12	16	0	1462
26004	43	1381	8	8	0	1440
26005	1448	28	10	9	0	1495
26006	31	16	1376	17	0	1440
26007	20	5	30	1414	0	1469
26008	14	5	21	1451	0	1491
26009	1388	3	17	44	0	1452
26010	27	1343	20	23	0	1413
26011	15	24	16	1421	0	1476
26012	9	6	15	1424	0	1454
26013	13	1379	11	41	0	1444
26014	1397	26	13	22	0	1458
26015	25	1379	17	21	0	1442
26016	21	23	9	1404	0	1457
26017	22	12	7	1384	0	1425
26018	20	1394	8	41	0	1463
26019	1428	31	8	17	0	1484
26020	38	18	1335	20	0	1411
26021	1370	10	31	13	0	1424
26022	36	1376	22	18	0	1452
26023	26	29	15	1437	0	1507
26024	1425	12	16	30	0	1483
26025	43	9	8	1426	0	1486
26026	25	8	7	1464	0	1504
26027	1426	8	13	44	0	1491
26028	27	1341	14	35	0	1417
26029	25	1391	13	26	0	1455
26030	1426	39	9	24	0	1498
26031	8	6	1060	6	0	1080
26032	1	1046	7	8	0	1062
26033	2	8	0	1124	0	1134
26034	7	8	1090	9	0	1114
26035	3	6	6	1090	0	1105
26036	1111	4	2	6	0	1123
26037	6	814	4	6	0	830
26038	3	6	2	802	0	813
26039	6	820	0	7	0	833
26040	838	6	1	7	0	852
26041	843	1	2	8	0	854
26042	9	808	5	5	0	827
26043	6	8	1	818	0	833
26044	3	927	3	8	0	941
26045	1019	8	0	5	0	1032
26046	1007	8	2	5	0	1022
26047	17	3	3	999	0	1022
26048	7	7	2	1020	0	1036
26049	9	9	968	15	0	1001
26050	944	6	13	9	0	972
26051	19	5	982	8	0	1014
26052	7	6	11	999	0	1023
26053	993	3	6	18	0	1020
26054	11	979	8	4	0	1002
26055	989	12	2	13	0	1016
26056	19	9	957	6	0	991
26057	951	10	10	11	0	982
26058	21	966	5	11	0	1003
26059	995	25	2	8	0	1030
26060	20	968	3	10	0	1001
26061	13	21	0	1005	0	1039
26062	18	12	934	15	0	979
26063	10	8	927	12	0	957
26064	5	6	17	951	0	979
26065	17	6	939	20	0	982
26066	9	8	18	952	0	987
26067	11	4	3	970	0	988
26068	17	9	930	16	0	972
26069	880	12	11	18	0	921
26070	946	7	4	14	0	971
26071	23	915	9	8	0	955
26072	964	17	4	10	0	995
26073	22	13	4	964	0	1003
26074	14	15	1233	16	0	1278
26075	9	14	15	1251	0	1289
26076	8	10	4	1312	0	1334
26077	1299	6	9	18	0	1332
26078	14	1222	14	11	0	1261
26079	9	1271	7	14	0	1301
26080	9	22	10	1288	0	1329
26081	8	9	6	1289	0	1312
26082	8	1248	7	24	0	1287
26083	10	19	9	1301	0	1339
26084	11	9	6	1304	0	1330
26085	14	1246	6	16	0	1282
26086	1559	21	3	11	0	1594
26087	42	7	3	1541	0	1593
26088	11	1831	6	44	0	1892
26089	14	33	10	1959	0	2016
26090	1938	6	8	45	0	1997
26091	37	1865	6	16	0	1924
26092	1959	37	5	14	0	2015
26093	2804	10	6	15	0	2835
26094	53	12	4	2885	0	2954
26095	2922	6	7	52	0	2987
26096	2915	9	6	16	0	2946
26097	2892	9	5	16	0	2922
26098	2776	11	3	14	0	2804
26099	52	9	2	2737	0	2800
26100	3	1	0	2395	0	2399
26101	4	7	2298	34	0	2343
26102	1	2	31	2296	0	2330
26103	4	4	2	2377	0	2387
26104	0	6	2302	35	0	2343
26105	2161	0	30	5	0	2196
26106	37	3	2	2375	0	2417
26107	6	2	2438	38	0	2484
26108	2156	2	34	2	0	2194
26109	40	2	2389	5	0	2436
26110	11	2296	36	1	0	2344
26111	10	2408	8	3	0	2429
26112	4	38	2	2470	0	2514
26113	3	5	2418	40	0	2466
26114	2311	1	36	7	0	2355
26115	2411	3	4	13	0	2431
26116	37	9	2372	7	0	2425
26117	2262	2	36	3	0	2303
26118	2479	0	2	7	0	2488
26119	36	2362	4	12	0	2414
26120	2481	31	6	2	0	2520
26121	47	2	0	2464	0	2513
26122	5	3	2430	35	0	2473
26123	9	4	33	2347	0	2393
26124	6	2545	7	39	0	2597
26125	5	2624	10	14	0	2653
26126	2715	40	9	5	0	2769
26127	2697	9	1	10	0	2717
26128	2624	4	4	10	0	2642
26129	44	5	10	2635	0	2694
26130	21	2	1	2667	0	2691
26131	13	2607	11	42	0	2673
26132	2687	40	5	4	0	2736
26133	53	3128	5	10	0	3196
26134	3256	34	4	15	0	3309
26135	45	3160	10	5	0	3220
26136	3231	40	0	15	0	3286
26137	3255	10	5	11	0	3281
26138	44	9	6	3177	0	3236
26139	23	3158	5	40	0	3226
26140	22	43	2981	11	0	3057
26141	2783	9	37	11	0	2840
26142	52	2976	10	20	0	3058
26143	21	39	3135	25	0	3220
26144	20	11	3021	10	0	3062
26145	24	5	33	2799	0	2861
26146	20	10	6	2822	0	2858
26147	16	2893	12	39	0	2960
26148	3046	38	6	13	0	3103
26149	47	11	7	2945	0	3010
26150	18	2848	8	41	0	2915
26151	23	2890	11	20	0	2944
26152	21	46	2802	13	0	2882
26153	20	13	2769	17	0	2819
26154	2775	4	38	22	0	2839
26155	43	16	2901	15	0	2975
26156	20	12	40	2794	0	2866
26157	17	6	17	3269	0	3309
26158	22	12	3245	44	0	3323
26159	19	12	31	3114	0	3176
26160	17	14	15	3241	0	3287
26161	3164	8	9	40	0	3221
26162	3219	10	6	22	0	3257
26163	43	12	11	3242	0	3308
26164	18	3100	16	39	0	3173
26165	23	3186	18	12	0	3239
26166	3281	41	13	12	0	3347
26167	53	18	3181	10	0	3262
26168	21	9	45	3231	0	3306
26169	3560	7	20	43	0	3630
26170	3523	9	15	21	0	3568
26171	61	13	13	3461	0	3548
26172	21	19	3477	53	0	3570
26173	23	27	3198	18	0	3266
26174	2897	13	50	17	0	2977
26175	3399	22	12	8	0	3441
26176	76	3187	17	14	0	3294
26177	29	3291	19	17	0	3356
26178	3423	65	12	10	0	3510
26179	3423	19	10	13	0	3465
26180	69	19	14	3638	0	3740
26181	23	18	10	3701	0	3752
26182	29	22	9	3788	0	3848
26183	3777	15	13	63	0	3868
26184	71	11	10	3738	0	3830
26185	27	17	3675	72	0	3791
26186	3323	4	28	9	0	3364
26187	38	7	4	3423	0	3472
26188	13	7	3052	36	0	3108
26189	2873	3	30	10	0	2916
26190	2965	9	7	11	0	2992
26191	30	3192	14	5	0	3241
26192	18	3422	12	7	0	3459
26193	8	47	3178	5	0	3238
26194	2967	13	28	5	0	3013
26195	36	3101	6	9	0	3152
26196	14	41	3098	4	0	3157
26197	2894	7	24	9	0	2934
26198	36	3535	12	14	0	3597
26199	8	42	3599	8	0	3657
26200	3412	7	33	2	0	3454
26201	35	3553	12	8	0	3608
26202	7	42	8	3716	0	3773
26203	3710	6	8	35	0	3759
26204	40	3584	10	8	0	3642
26205	6	38	7	3692	0	3743
26206	3683	6	5	39	0	3733
26207	39	9	3513	3	0	3564
26208	7	3464	36	4	0	3511
26209	15	37	3504	3	0	3559
26210	2	4	33	3513	0	3552
26211	5	6	3528	37	0	3576
26212	2	3343	38	9	0	3392
26213	4	3486	14	5	0	3509
26214	8	43	4	3556	0	3611
26215	1	8	4	3494	0	3507
26216	4	7	1	3563	0	3575
26217	7	4	3538	38	0	3587
26218	2	6	34	3534	0	3576
26219	3550	2	4	40	0	3596
26220	3450	4	1	8	0	3463
26221	40	4	3499	4	0	3547
26222	5	3378	39	8	0	3430
26223	3561	35	7	1	0	3604
26224	37	3228	7	12	0	3284
26225	3348	40	9	3	0	3400
26226	3336	6	4	4	0	3350
26227	42	10	3244	2	0	3298
26228	9	3162	41	8	0	3220
26229	11	37	4	3342	0	3394
26230	8	11	3272	35	0	3326
26231	3124	6	46	6	0	3182
26232	41	9	3	3281	0	3334
26233	10	8	2800	36	0	2854
26234	3309	5	41	8	0	3363
26235	87	11	3941	9	0	4048
26236	25	11	70	3935	0	4041
26237	4213	4	26	83	0	4326
26238	85	4699	14	29	0	4827
26239	29	87	4818	11	0	4945
26240	4681	22	73	14	0	4790
26241	5260	8	29	7	0	5304
26242	107	5084	17	16	0	5224
26243	40	84	15	5293	0	5432
26244	18	34	5	5391	0	5448
26245	5319	14	9	116	0	5458
26246	93	12	5	5289	0	5399
26247	36	12	5217	106	0	5371
26248	16	4	78	5292	0	5390
26249	5230	1	36	103	0	5370
26250	87	5111	14	49	0	5261
26251	37	89	14	5208	0	5348
26252	17	5104	12	88	0	5221
26253	5265	94	9	35	0	5403
26254	97	43	8	5225	0	5373
26255	41	15	11	5286	0	5353
26256	15	5133	10	120	0	5278
26257	26	96	4760	38	0	4920
26258	15	40	88	4735	0	4878
26259	15	14	38	4937	0	5004
26260	16	16	8	4922	0	4962
26261	13	4689	24	128	0	4854
26262	15	94	4763	44	0	4916
26263	17	43	4741	28	0	4829
26264	4690	19	119	21	0	4849
26265	4951	8	42	17	0	5018
26266	129	9	4812	18	0	4968
26267	4676	9	106	17	0	4808
26268	108	11	4826	22	0	4967
26269	4377	7	78	17	0	4479
26270	78	4385	39	24	0	4526
26271	4603	75	26	17	0	4721
26272	99	40	4966	12	0	5117
26273	52	16	4939	12	0	5019
26274	15	16	300	5708	0	6039
26275	5876	6	31	139	0	6052
26276	122	6180	29	65	0	6396
26277	64	171	7232	33	0	7500
26278	32	48	222	7371	0	7673
26279	20	21	73	7902	0	8016
26280	7449	15	27	314	0	7805
26281	7568	12	19	100	0	7699
26282	307	17	15	7483	0	7822
26283	7567	9	16	275	0	7867
26284	309	22	7154	93	0	7578
26285	106	9	242	7320	0	7677
26286	54	23	74	7674	0	7825
26287	7246	10	31	331	0	7618
26288	7366	14	22	115	0	7517
26289	335	10	21	7244	0	7610
26290	7672	8	16	296	0	7992
26291	315	19	7121	101	0	7556
26292	103	7050	237	72	0	7462
26293	67	248	6673	43	0	7031
26294	44	81	267	6894	0	7286
26295	6820	36	86	288	0	7230
26296	271	6679	61	114	0	7125
26297	102	269	33	6737	0	7141
26298	60	85	38	6256	0	6439
26299	40	6320	42	356	0	6758
26300	53	278	24	6535	0	6890
26301	61	74	48	6713	0	6896
26302	64	42	16	6834	0	6956
26303	56	27	31	6818	0	6932
26304	75	14	28	6768	0	6885
26305	75	6286	39	417	0	6817
26306	57	254	35	6629	0	6975
26307	78	79	28	6820	0	7005
26308	83	57	6136	409	0	6685
26309	74	6241	249	198	0	6762
26310	68	257	90	6529	0	6944
26311	77	91	48	6652	0	6868
26312	80	51	57	6600	0	6788
26313	56	6242	53	415	0	6766
26314	85	266	6126	177	0	6654
26315	58	96	295	6505	0	6954
26316	66	85	6267	358	0	6776
26317	55	62	6684	176	0	6977
26318	50	55	326	6781	0	7212
26319	6720	57	118	354	0	7249
26320	290	65	58	6742	0	7155
26321	110	34	42	6870	0	7056
26322	61	6551	46	442	0	7100
26323	48	286	28	6829	0	7191
26324	42	88	34	7066	0	7230
26325	66	76	6395	484	0	7021
26326	41	6483	273	249	0	7046
26327	41	278	94	6844	0	7257
26328	6619	100	74	395	0	7188
26329	263	98	6483	195	0	7039
26330	97	59	283	6698	0	7137
26331	50	56	96	7002	0	7204
26332	6640	51	72	450	0	7213
26333	275	6582	45	242	0	7144
26334	5984	248	33	169	0	6434
26335	246	5469	54	141	0	5910
26336	72	265	39	5614	0	5990
26337	5421	101	55	342	0	5919
26338	246	67	4708	169	0	5190
26339	89	4748	251	165	0	5253
26340	79	5033	112	129	0	5353
26341	4425	272	79	133	0	4909
26342	238	98	57	4408	0	4801
26343	102	4319	61	299	0	4781
26344	67	4610	39	200	0	4916
26345	66	269	41	4584	0	4960
26346	70	137	39	4782	0	5028
26347	4483	80	38	381	0	4982
26348	247	4420	52	208	0	4927
26349	92	234	72	4615	0	5013
26350	82	107	4341	339	0	4869
26351	66	4680	251	196	0	5193
26352	94	246	4623	151	0	5114
26353	80	6283	263	140	0	6766
26354	81	269	79	6428	0	6857
26355	80	97	61	6421	0	6659
26356	78	6273	51	322	0	6724
26357	66	289	6204	158	0	6717
26358	6260	117	230	132	0	6739
26359	234	114	82	6409	0	6839
26360	99	91	63	6666	0	6919
26361	91	110	6247	328	0	6776
26362	55	87	233	6489	0	6864
26363	56	108	6493	329	0	6986
26364	39	100	234	6709	0	7082
26365	59	101	6880	344	0	7384
26366	35	6840	252	235	0	7362
26367	61	292	6850	178	0	7381
26368	42	131	243	7157	0	7573
26369	6992	98	73	382	0	7545
26370	236	6977	63	204	0	7480
26371	95	273	68	7141	0	7577
26372	61	144	6471	344	0	7020
26373	44	6850	279	177	0	7350
26374	27	205	84	5944	0	6260
26375	22	120	5984	245	0	6371
26376	16	6905	182	94	0	7197
26377	5768	76	310	30	0	6184
26378	5722	8	6	5	0	5741
26379	38	8	4	6347	0	6397
26380	6371	5	7	81	0	6464
26381	80	4	3	6320	0	6407
26382	34	4	3	6442	0	6483
26383	10	12	7070	110	0	7202
26384	6	2	78	7161	0	7247
26385	9	7	30	7322	0	7368
26386	7258	6	11	114	0	7389
26387	7222	6	9	48	0	7285
26388	108	6842	14	27	0	6991
26389	44	81	7072	16	0	7213
26390	16	32	79	6766	0	6893
26391	21	16	6741	93	0	6871
26392	5775	7	74	53	0	5909
26393	78	15	6550	27	0	6670
26394	38	2	78	6326	0	6444
26395	11	6471	41	90	0	6613
26396	11	70	20	6554	0	6655
26397	18	32	14	6627	0	6691
26398	10	18	6490	123	0	6641
26399	25	9	70	6356	0	6460
26400	6292	4	34	85	0	6415
26401	6241	11	14	59	0	6325
26402	6338	10	22	27	0	6397
26403	6398	5	17	31	0	6451
26404	100	6138	27	37	0	6302
26405	51	6246	25	23	0	6345
26406	33	95	15	6019	0	6162
26407	18	39	8	6263	0	6328
26408	23	4687	49	128	0	4887
26409	20	71	17	6280	0	6388
26410	10	40	15	6355	0	6420
26411	20	13	22	6367	0	6422
26412	23	10	19	6349	0	6401
26413	28	16	11	6379	0	6434
26414	5733	15	9	134	0	5891
26415	87	5546	18	74	0	5725
26416	48	86	5646	44	0	5824
26417	24	48	76	5410	0	5558
26418	13	26	39	5720	0	5798
26419	21	13	15	5883	0	5932
26420	5061	20	14	136	0	5231
26421	90	5491	14	75	0	5670
26422	51	81	5	5858	0	5995
26423	23	5634	10	125	0	5792
26424	21	99	11	5778	0	5909
26425	23	5411	11	129	0	5574
26426	14	113	4829	78	0	5034
26427	32	47	89	5768	0	5936
26428	26	36	6933	154	0	7149
26429	18	22	160	5935	0	6135
26430	22	20	81	6293	0	6416
26431	5948	14	36	275	0	6273
26432	6111	20	19	148	0	6298
26433	6278	19	24	77	0	6398
26434	6282	22	15	66	0	6385
26435	6309	23	26	52	0	6410
26436	281	22	19	5793	0	6115
26437	134	5773	28	204	0	6139
26438	78	156	20	6151	0	6405
26439	54	82	5632	226	0	5994
26440	5511	47	158	146	0	5862
26441	6049	27	85	92	0	6253
26442	258	23	39	5941	0	6261
26443	139	18	23	6074	0	6254
26444	89	5651	20	273	0	6033
26445	71	162	17	6113	0	6363
26446	54	85	20	6115	0	6274
26447	54	5617	37	277	0	5985
26448	49	174	25	6097	0	6345
26449	5663	87	27	260	0	6037
26450	195	71	5513	141	0	5920
26451	5082	38	174	108	0	5402
26452	210	40	5309	81	0	5640
26453	111	27	189	5342	0	5669
26454	78	19	87	5391	0	5575
26455	48	5046	53	283	0	5430
26456	42	5479	39	160	0	5720
26457	50	236	22	5375	0	5683
26458	61	138	5082	221	0	5502
26459	4711	59	185	144	0	5099
26460	203	49	86	5329	0	5667
26461	108	5194	65	221	0	5588
26462	78	169	29	5454	0	5730
26463	53	105	33	5274	0	5465
26464	53	5025	20	272	0	5370
26465	30	148	13	4842	0	5033
26466	42	103	4228	211	0	4584
26467	36	60	4339	135	0	4570
26468	33	35	182	4429	0	4679
26469	22	4358	90	183	0	4653
26470	26	142	42	4706	0	4916
26471	4441	80	35	224	0	4780
26472	4529	58	26	120	0	4733
26473	4296	37	20	93	0	4446
26474	225	4023	37	73	0	4358
26475	116	157	3804	68	0	4145
26476	3347	84	144	62	0	3637
26477	3461	58	84	66	0	3669
26478	233	3331	46	67	0	3677
26479	74	100	12	2789	0	2975
26480	2842	54	6	108	0	3010
26481	2844	32	12	56	0	2944
26482	2932	21	12	36	0	3001
26483	169	11	23	2011	0	2214
26484	2051	9	9	114	0	2183
26485	149	8	13	2039	0	2209
26486	86	13	10	2115	0	2224
26487	2015	18	8	169	0	2210
26488	130	13	11	2087	0	2241
26489	2038	10	14	153	0	2215
26490	157	9	15	2049	0	2230
26491	91	15	20	2136	0	2262
26492	2027	22	8	182	0	2239
26493	141	17	1871	128	0	2157
26494	94	18	90	2040	0	2242
26495	83	20	42	2077	0	2222
26496	62	14	26	2053	0	2155
26497	52	20	28	2143	0	2243
26498	46	14	19	2111	0	2190
26499	37	1959	19	214	0	2229
26500	38	104	14	2103	0	2259
26501	34	58	1902	180	0	2174
26502	43	49	107	2045	0	2244
26503	51	20	47	2099	0	2217
26504	41	26	29	2157	0	2253
26505	34	33	1922	215	0	2204
26506	27	30	1952	141	0	2150
26507	1993	33	134	83	0	2243
26508	2020	16	84	72	0	2192
26509	157	1980	44	63	0	2244
26510	89	114	29	1987	0	2219
26511	63	64	17	2126	0	2270
26512	52	43	20	2149	0	2264
26513	1990	31	32	202	0	2255
26514	2077	30	21	122	0	2250
26515	153	22	30	2048	0	2253
26516	92	24	21	2102	0	2239
26517	61	28	15	2136	0	2240
26518	33	36	14	2187	0	2270
26519	1987	32	13	221	0	2253
26520	111	15	1878	151	0	2155
26521	68	1730	86	102	0	1986
26522	59	1771	44	64	0	1938
26523	1714	117	24	78	0	1933
26524	87	420	28	1407	0	1942
26525	54	51	1612	129	0	1846
26526	49	39	2195	92	0	2375
26527	32	2745	63	64	0	2904
26528	1628	0	1	0	0	1629
26529	0	0	1571	0	0	1571
26530	1498	0	0	0	0	1498
26531	0	0	0	1612	0	1612
26532	0	0	0	1614	0	1614
26533	0	1546	0	0	0	1546
26534	0	2120	4	1	0	2125
26535	2773	0	0	0	0	2773
26536	2749	0	0	0	0	2749
26537	0	2982	8	9	0	2999
26538	1	25	3063	0	0	3089
26539	6	18	3000	0	0	3024
26540	0	6	26	3035	0	3067
26541	3193	2	17	17	0	3229
26542	17	2938	13	17	0	2985
26543	11	17	3	3192	0	3223
26544	3197	10	0	20	0	3227
26545	19	7	0	3138	0	3164
26546	12	5	0	3153	0	3170
26547	3178	0	1	32	0	3211
26548	18	3679	12	23	0	3732
26549	11	3838	6	14	0	3869
26550	14	31	3803	4	0	3852
26551	4	17	17	3850	0	3888
26552	1	8	11	3844	0	3864
26553	3	5	3925	28	0	3961
26554	3364	4	29	21	0	3418
26555	3644	3	16	16	0	3679
26556	33	5	3933	5	0	3976
26557	3276	11	29	5	0	3321
26558	27	8	4450	4	0	4489
26559	18	4717	35	3	0	4773
26560	8	19	19	5007	0	5053
26561	4	12	6	5013	0	5035
26562	5031	6	5	32	0	5074
26563	4963	9	0	21	0	4993
26564	4954	4	1	17	0	4976
26565	4958	2	3	3	0	4966
26566	4886	0	4	7	0	4897
26567	39	6	4816	8	0	4869
26568	25	4626	20	2	0	4673
26569	12	22	12	4950	0	4996
26570	7	4742	19	18	0	4786
26571	3	4826	16	13	0	4858
26572	3	34	2	4970	0	5009
26573	3	17	2	4976	0	4998
26574	4	15	4897	28	0	4944
26575	4600	6	17	21	0	4644
26576	4954	3	16	13	0	4986
26577	32	4670	25	5	0	4732
26578	5005	17	8	4	0	5034
26579	5297	15	6	4	0	5322
26580	40	13	1	5215	0	5269
26581	25	13	5173	26	0	5237
26582	14	6	5056	24	0	5100
26583	5118	3	31	9	0	5161
26584	5247	4	18	12	0	5281
26585	35	4953	13	12	0	5013
26586	25	5054	8	5	0	5092
26587	17	32	0	5258	0	5307
26588	5259	20	6	24	0	5309
26589	19	19	5114	15	0	5167
26590	15	6	22	5139	0	5182
26591	5264	6	14	27	0	5311
26592	5206	6	13	17	0	5242
26593	34	7	6	5173	0	5220
26594	5264	1	7	27	0	5299
26595	33	4	4987	14	0	5038
26596	24	3	5029	13	0	5069
26597	17	5	37	4916	0	4975
26598	5	13	24	5171	0	5213
26599	9	1	8	5192	0	5210
26600	12	4917	12	40	0	4981
26601	6	5059	6	29	0	5100
26602	7	30	5	5206	0	5248
26603	5192	17	5	26	0	5240
26604	33	11	3	5137	0	5184
26605	25	8	3	5127	0	5163
26606	13	4896	18	41	0	4968
26607	9	4979	13	32	0	5033
26608	8	33	11	5189	0	5241
26609	9	23	13	5140	0	5185
26610	5196	19	5	38	0	5258
26611	28	4940	14	33	0	5015
26612	5179	30	5	19	0	5233
26613	31	16	4	5120	0	5171
26614	25	10	5006	35	0	5076
26615	20	24	5165	27	0	5236
26616	5333	11	37	19	0	5400
26617	33	7	22	5526	0	5588
26618	27	11	10	5503	0	5551
26619	14	10	7	5606	0	5637
26620	9	6	6390	50	0	6455
26621	6	6	26	6261	0	6299
26622	10	6076	25	33	0	6144
26623	10	22	18	6554	0	6604
26624	17	17	9	6509	0	6552
26625	16	6256	12	47	0	6331
26626	8	30	10	6008	0	6056
26627	5090	22	6	27	0	5145
26628	26	4833	21	21	0	4901
26629	5070	30	5	24	0	5129
26630	5044	16	5	19	0	5084
26631	56	10	5	4968	0	5039
26632	41	11	2	4839	0	4893
26633	32	4	2	5072	0	5110
26634	27	11	4322	49	0	4409
26635	16	3672	42	40	0	3770
26636	18	3910	32	23	0	3983
26637	5	14	1	3579	0	3599
26638	3583	7	1	3	0	3594
26639	14	12	0	3460	0	3486
26640	16	10	3543	15	0	3584
26641	44	3303	9	13	0	3369
26642	11	3455	10	17	0	3493
26643	3586	13	5	22	0	3626
26644	3652	12	0	23	0	3687
26645	28	3867	24	40	0	3959
26646	4031	30	9	32	0	4102
26647	135	25	3645	31	0	3836
26648	24	24	2816	131	0	2995
26649	2999	30	11	138	0	3178
26650	3217	31	5	140	0	3393
26651	108	101	120	3108	0	3437
26652	3304	213	26	6	0	3549
26653	198	188	3170	28	0	3584
26654	152	38	4912	210	0	5312
26655	175	28	33	5789	0	6025
26656	28	38	17	7108	0	7191
26657	45	12	213	7575	0	7845
26658	57	204	124	7224	0	7609
26659	13	345	57	7740	0	8155
26660	174	161	7271	447	0	8053
26661	265	46	255	7513	0	8079
26662	7614	116	97	492	0	8319
26663	442	17	137	7785	0	8381
26664	7582	90	239	428	0	8339
26665	287	178	211	7713	0	8389
26666	8410	147	44	420	0	9021
26667	8724	49	49	214	0	9036
26668	490	103	57	8348	0	8998
26669	398	107	35	8579	0	9119
26670	8377	44	217	477	0	9115
26671	8351	2	348	242	0	8943
26672	500	34	7923	312	0	8769
26673	393	16	274	8103	0	8786
26674	300	16	82	8717	0	9115
26675	8387	21	42	650	0	9100
26676	8454	23	121	376	0	8974
26677	467	0	313	8272	0	9052
26678	244	12	182	8598	0	9036
26679	292	9	67	8501	0	8869
26680	171	3	49	8502	0	8725
26681	240	7431	57	718	0	8446
26682	117	7820	24	638	0	8599
26683	226	306	119	8177	0	8828
26684	264	7694	141	538	0	8637
26685	217	281	70	8298	0	8866
26686	164	102	7548	738	0	8552
26687	303	92	7296	412	0	8103
26688	271	7543	287	423	0	8524
26689	217	307	207	8061	0	8792
26690	254	157	7641	598	0	8650
26691	175	119	289	7840	0	8423
26692	188	91	98	9074	0	9451
26693	8633	86	97	639	0	9455
26694	497	58	94	8759	0	9408
26695	278	97	9209	576	0	10160
26696	156	103	9020	484	0	9763
26697	105	8719	378	523	0	9725
26698	189	10103	178	308	0	10778
26699	10282	462	119	251	0	11114
26700	482	149	12538	386	0	13555
26701	216	184	329	12732	0	13461
26702	12859	92	121	747	0	13819
26703	12761	42	231	507	0	13541
26704	399	12348	264	317	0	13328
26705	192	587	104	12723	0	13606
26706	162	293	73	13185	0	13713
26707	163	227	116	13114	0	13620
26708	12778	158	74	748	0	13758
26709	357	116	12321	502	0	13296
26710	288	11933	486	293	0	13000
26711	165	422	227	12769	0	13583
26712	111	268	229	13178	0	13786
26713	108	184	12716	554	0	13562
26714	77	187	362	12637	0	13263
26715	63	239	109	13102	0	13513
26716	254	85	86	13122	0	13547
26717	202	72	210	13109	0	13593
26718	88	108	12463	715	0	13374
26719	144	94	454	12401	0	13093
26720	163	134	11580	555	0	12432
26721	52	11429	404	340	0	12225
26722	136	429	161	11831	0	12557
26723	124	139	222	12225	0	12710
26724	95	110	11563	755	0	12523
26725	212	11702	351	502	0	12767
26726	253	297	262	12572	0	13384
26727	81	122	12186	441	0	12830
26728	67	11818	337	259	0	12481
26729	60	320	145	12627	0	13152
26730	74	158	12226	436	0	12894
26731	73	93	306	12266	0	12738
26732	83	75	154	12316	0	12628
26733	83	81	129	12850	0	13143
26734	12885	90	93	706	0	13774
26735	309	12583	106	298	0	13296
26736	13125	308	81	247	0	13761
26737	345	139	12866	215	0	13565
26738	13292	94	305	215	0	13906
26739	13997	60	120	220	0	14397
26740	387	57	103	13835	0	14382
26741	14122	76	66	458	0	14722
26742	14158	69	67	261	0	14555
26743	14181	74	66	212	0	14533
26744	444	88	63	13764	0	14359
26745	216	61	63	14292	0	14632
26746	169	63	13497	470	0	14199
26747	145	66	12804	266	0	13281
26748	12905	51	318	221	0	13495
26749	346	45	155	13704	0	14250
26750	180	13454	128	387	0	14149
26751	13876	283	109	214	0	14482
26752	318	13350	99	208	0	13975
26753	130	13188	114	212	0	13644
26754	117	367	11184	185	0	11853
26755	75	118	10843	97	0	11133
26756	56	45	151	10870	0	11122
26757	36	31	10897	152	0	11116
26758	24	28	9943	64	0	10059
26759	9090	0	4	2	0	9096
26760	9642	1	0	2	0	9645
26761	1	4	0	9434	0	9439
26762	2	4	0	9399	0	9405
26763	2	4	9527	5	0	9538
26764	1	8885	24	12	0	8922
26765	1	2	0	9572	0	9575
26766	10078	2	4	5	0	10089
26767	2	2	1	10273	0	10278
26768	1	10057	12	20	0	10090
26769	14	15	10373	8	0	10410
26770	0	10337	31	6	0	10374
26771	11135	24	3	1	0	11163
26772	10870	19	3	6	0	10898
26773	43	11	0	10798	0	10852
26774	30	12	10791	23	0	10856
26775	11	17	10157	25	0	10210
26776	5	10313	64	13	0	10395
26777	5	25	27	10617	0	10674
26778	0	24	6	10941	0	10971
26779	4	16	10786	40	0	10846
26780	1	5	26	10435	0	10467
26781	3	10842	39	30	0	10914
26782	6	38	9	11452	0	11505
26783	3	26	3	11426	0	11458
26784	7	18	11312	61	0	11398
26785	7	6	44	10925	0	10982
26786	11661	7	32	48	0	11748
26787	80	13	11819	33	0	11945
26788	35	22	12168	17	0	12242
26789	16	11565	164	17	0	11762
26790	10	80	35	12664	0	12789
26791	8	33	13	12806	0	12860
26792	11	13	11881	112	0	12017
26793	11073	12	99	52	0	11236
26794	74	10	34	12170	0	12288
26795	34	17	11600	92	0	11743
26796	13	15	89	11246	0	11363
26797	12	15	11612	95	0	11734
26798	27	15	10649	46	0	10737
26799	11	10138	154	33	0	10336
26800	10	81	53	8378	0	8522
26801	6	8639	46	84	0	8775
26802	8735	91	24	38	0	8888
26803	88	44	8688	40	0	8860
26804	31	8454	107	32	0	8624
26805	12	81	47	8908	0	9048
26806	8854	43	25	90	0	9012
26807	83	8559	32	63	0	8737
26808	33	82	18	8871	0	9004
26809	13	43	19	9345	0	9420
26810	7	9132	30	140	0	9309
26811	9324	94	21	63	0	9502
26812	92	49	22	11061	0	11224
26813	46	437	23	11814	0	12320
26814	25	40	11699	328	0	12092
26815	8	12029	275	164	0	12476
26816	23	283	107	12223	0	12636
26817	8	119	59	13362	0	13548
26818	9	13332	48	416	0	13805
26819	19	349	22	13652	0	14042
26820	20	143	19	15414	0	15596
26821	12	63	26	15609	0	15710
26822	15	14931	55	628	0	15629
26823	15572	418	26	256	0	16272
26824	447	202	15076	125	0	15850
26825	14477	86	442	97	0	15102
26826	499	14677	191	89	0	15456
26827	190	452	82	15005	0	15729
26828	111	196	14695	495	0	15497
26829	61	103	465	14879	0	15508
26830	51	73	185	15116	0	15425
26831	46	59	106	15644	0	15855
26832	48	91	14412	724	0	15275
26833	30	14257	472	379	0	15138
26834	44	457	13942	199	0	14642
26835	28	14176	538	203	0	14945
26836	52	530	14332	155	0	15069
26837	44	241	544	14603	0	15432
26838	13726	146	232	573	0	14677
26839	449	13709	165	316	0	14639
26840	183	518	13442	218	0	14361
26841	98	13586	520	185	0	14389
26842	61	575	13660	172	0	14468
26843	54	263	531	13505	0	14353
26844	48	179	245	13165	0	13637
26845	74	12631	150	649	0	13504
26846	64	13615	127	329	0	14135
26847	13450	634	111	230	0	14425
26848	493	323	115	13544	0	14475
26849	235	208	13145	608	0	14196
26850	123	138	528	13591	0	14380
26851	81	143	13188	690	0	14102
26852	85	151	13305	363	0	13904
26853	72	127	653	12759	0	13611
26854	66	13548	359	584	0	14557
26855	13820	534	193	318	0	14865
26856	475	274	170	12905	0	13824
26857	198	193	151	13025	0	13567
26858	115	13081	174	707	0	14077
26859	13071	566	134	373	0	14144
26860	13469	269	140	251	0	14129
26861	651	187	125	12978	0	13941
26862	295	13938	160	580	0	14973
26863	145	15630	160	315	0	16250
26864	15506	688	144	233	0	16571
26865	523	378	14913	196	0	16010
26866	14188	223	591	188	0	15190
26867	14439	168	249	185	0	15041
26868	14495	182	165	170	0	15012
26869	711	13494	130	176	0	14511
26870	280	538	109	13572	0	14499
26871	13496	247	124	571	0	14438
26872	13662	162	135	312	0	14271
26873	607	13213	138	247	0	14205
26874	13626	526	117	211	0	14480
26875	581	263	123	13522	0	14489
26876	269	195	127	13688	0	14279
26877	188	13220	112	703	0	14223
26878	150	535	109	13707	0	14501
26879	151	264	90	13876	0	14381
26880	129	13297	110	782	0	14318
26881	126	525	97	12809	0	13557
26882	148	12887	102	655	0	13792
26883	12967	581	94	348	0	13990
26884	12677	320	96	267	0	13360
26885	629	12801	95	270	0	13795
26886	324	520	11686	211	0	12741
26887	211	304	413	12115	0	13043
26888	210	233	11161	528	0	12132
26889	193	11024	467	342	0	12026
26890	195	11631	236	258	0	12320
26891	11382	616	139	175	0	12312
26892	524	11554	127	163	0	12368
26893	309	585	115	11051	0	12060
26894	243	11185	144	485	0	12057
26895	208	11417	93	265	0	11983
26896	11130	651	85	213	0	12079
26897	520	344	91	11102	0	12057
26898	289	232	10613	555	0	11689
26899	199	210	10682	349	0	11440
26900	145	10915	537	277	0	11874
26901	10626	536	257	202	0	11621
26902	461	11031	160	197	0	11849
26903	235	612	120	11391	0	12358
26904	11254	356	112	532	0	12254
26905	531	244	96	11487	0	12358
26906	279	204	101	11580	0	12164
26907	224	11139	85	699	0	12147
26908	168	563	84	11677	0	12492
26909	119	316	11354	592	0	12381
26910	12042	214	530	304	0	13090
26911	580	12016	225	254	0	13075
26912	188	11924	111	134	0	12357
26913	10363	484	43	508	0	11398
26914	428	242	10180	94	0	10944
26915	9347	129	875	66	0	10417
26916	435	12029	164	78	0	12706
26917	120	11772	83	67	0	12042
26918	88	644	10954	47	0	11733
26919	35	11442	811	56	0	12344
26920	22	407	108	9649	0	10186
26921	14	144	43	9800	0	10001
26922	10	9821	28	452	0	10311
26923	15	388	14	9787	0	10204
26924	9730	155	7	430	0	10322
26925	395	83	9299	153	0	9930
26926	9579	64	375	74	0	10092
26927	9981	57	138	42	0	10218
26928	9908	33	61	46	0	10048
26929	569	54	9295	31	0	9949
26930	204	47	385	9475	0	10111
26931	112	61	9283	413	0	9869
26932	9331	35	437	147	0	9950
26933	9438	35	161	72	0	9706
26934	522	9892	86	46	0	10546
26935	203	466	32	10166	0	10867
26936	100	10342	65	404	0	10911
26937	88	479	10544	143	0	11254
26938	53	162	431	11074	0	11720
26939	11080	93	150	480	0	11803
26940	11486	55	88	164	0	11793
26941	616	77	47	10475	0	11215
26942	239	10504	73	430	0	11246
26943	135	438	10689	165	0	11427
26944	89	195	11002	96	0	11382
26945	10576	95	566	92	0	11329
26946	503	72	10803	70	0	11448
26947	217	10636	529	71	0	11453
26948	145	448	181	10938	0	11712
26949	102	193	10893	458	0	11646
26950	101	116	463	10988	0	11668
26951	76	87	10883	518	0	11564
26952	10446	71	528	206	0	11251
26953	495	54	226	10677	0	11452
26954	211	11001	149	465	0	11826
26955	147	11708	93	214	0	12162
26956	96	597	85	11457	0	12235
26957	99	234	74	11586	0	11993
26958	78	11194	124	587	0	11983
26959	116	498	11084	237	0	11935
26960	96	191	485	11399	0	12171
26961	99	158	11245	527	0	12029
26962	77	119	10537	225	0	10958
26963	9253	84	602	159	0	10098
26964	490	9385	270	139	0	10284
26965	9613	525	146	114	0	10398
26966	561	222	120	9114	0	10017
26967	232	9408	117	486	0	10243
26968	153	512	134	9415	0	10214
26969	94	255	121	9736	0	10206
26970	114	9418	120	637	0	10289
26971	115	525	9245	305	0	10190
26972	124	262	494	9570	0	10450
26973	9518	168	218	591	0	10495
26974	544	139	153	9687	0	10523
26975	220	146	133	10063	0	10562
26976	162	134	9120	705	0	10121
26977	148	9328	507	337	0	10320
26978	132	544	227	9539	0	10442
26979	126	287	9323	606	0	10342
26980	114	221	9470	312	0	10117
26981	9184	165	640	240	0	10229
26982	567	9431	310	191	0	10499
26983	9500	508	214	199	0	10421
26984	606	9330	175	185	0	10296
26985	298	9857	141	178	0	10474
26986	9576	687	158	167	0	10588
26987	570	310	180	9254	0	10314
26988	304	9320	162	582	0	10368
26989	237	531	131	9745	0	10644
26990	9637	229	135	649	0	10650
26991	624	219	9214	325	0	10382
26992	256	206	9834	239	0	10535
26993	9401	145	674	204	0	10424
26994	555	9636	365	189	0	10745
26995	319	535	9539	146	0	10539
26996	230	9732	549	183	0	10694
26997	201	603	233	9845	0	10882
26998	179	292	9657	579	0	10707
26999	99	195	581	9981	0	10856
27000	126	174	9649	655	0	10604
27001	9279	146	627	312	0	10364
27002	562	9730	319	207	0	10818
27003	9339	545	196	187	0	10267
27004	567	295	193	9007	0	10062
27005	251	10449	186	507	0	11393
27006	10632	565	160	291	0	11648
27007	10926	264	181	224	0	11595
27008	725	183	10317	177	0	11402
27009	295	152	9211	144	0	9802
27010	8096	118	497	122	0	8833
27011	393	8243	250	143	0	9029
27012	152	7870	150	101	0	8273
27013	111	393	111	7593	0	8208
27014	116	196	7304	351	0	7967
27015	122	7209	345	173	0	7849
27016	42	5628	67	52	0	5789
27017	17	147	22	6229	0	6415
27018	6285	34	25	185	0	6529
27019	6433	29	23	53	0	6538
27020	6485	24	13	38	0	6560
27021	234	38	6099	30	0	6401
27022	6180	17	176	23	0	6396
27023	6314	20	58	22	0	6414
27024	6455	29	36	15	0	6535
27025	247	29	20	6089	0	6385
27026	92	6125	21	188	0	6426
27027	6209	176	11	59	0	6455
27028	205	6195	23	29	0	6452
27029	62	188	20	6194	0	6464
27030	35	73	5966	191	0	6265
27031	40	33	175	6038	0	6286
27032	40	28	43	6261	0	6372
27033	41	29	5910	237	0	6217
27034	17	5285	133	65	0	5500
27035	15	131	38	4863	0	5047
27036	4811	40	14	141	0	5006
27037	135	4431	14	57	0	4637
27038	4494	135	10	29	0	4668
27039	161	46	8	4365	0	4580
27040	69	4421	7	127	0	4624
27041	4409	140	10	42	0	4601
27042	154	4386	25	21	0	4586
27043	63	151	4281	28	0	4523
27044	4374	55	140	23	0	4592
27045	4607	37	40	20	0	4704
27046	188	4445	30	23	0	4686
27047	81	165	4252	18	0	4516
27048	54	4466	142	24	0	4686
27049	45	183	48	4161	0	4437
27050	36	69	25	4585	0	4715
27051	23	44	25	4626	0	4718
27052	29	4502	15	215	0	4761
27053	33	150	12	4570	0	4765
27054	29	67	12	3613	0	3721
27055	3438	39	11	217	0	3705
27056	162	35	13	3485	0	3695
27057	79	25	11	3595	0	3710
27058	3396	25	9	225	0	3655
27059	170	3683	12	88	0	3953
27060	3870	152	13	57	0	4092
27061	3921	80	6	38	0	4045
27062	4401	36	15	41	0	4493
27063	222	42	27	4210	0	4501
27064	106	29	14	4405	0	4554
27065	81	28	4088	218	0	4415
27066	72	44	4117	89	0	4322
27067	56	51	4178	68	0	4353
27068	4058	31	209	59	0	4357
27069	197	40	4074	56	0	4367
27070	107	4119	176	60	0	4462
27071	97	164	63	4133	0	4457
27072	74	80	43	4090	0	4287
27073	57	4190	36	203	0	4486
27074	63	181	4058	92	0	4394
27075	71	4154	156	60	0	4441
27076	4254	178	55	71	0	4558
27077	180	93	4123	76	0	4472
27078	91	4093	177	59	0	4420
27079	69	181	4191	53	0	4494
27080	64	77	174	4183	0	4498
27081	52	52	4202	179	0	4485
27082	48	62	179	4135	0	4424
27083	4196	27	70	226	0	4519
27084	183	43	4104	122	0	4452
27085	87	4108	179	79	0	4453
27086	4252	179	78	66	0	4575
27087	210	86	4131	54	0	4481
27088	103	68	4249	44	0	4464
27089	78	61	201	4120	0	4460
27090	79	46	4175	178	0	4478
27091	4015	52	188	98	0	4353
27092	181	5017	98	72	0	5368
27093	92	184	62	5215	0	5553
27094	62	5460	51	158	0	5731
27095	5715	179	52	88	0	6034
27096	190	95	5406	58	0	5749
27097	91	73	5371	75	0	5610
27098	57	55	200	5441	0	5753
27099	46	50	100	5671	0	5867
27100	33	70	66	5733	0	5902
27101	38	32	56	5818	0	5944
27102	40	37	5429	281	0	5787
27103	52	5994	176	141	0	6363
27104	29	117	47	5370	0	5563
27105	34	61	4837	157	0	5089
27106	47	4721	123	68	0	4959
27107	4977	132	54	51	0	5214
27108	137	52	38	4961	0	5188
27109	4994	29	32	143	0	5198
27110	155	4841	31	70	0	5097
27111	4980	120	37	45	0	5182
27112	151	65	6012	46	0	6274
27113	83	36	128	5826	0	6073
27114	51	6052	67	126	0	6296
27115	46	139	5996	65	0	6246
27116	27	5775	126	50	0	5978
27117	3	32	11	4147	0	4193
27118	4680	8	3	26	0	4717
27119	18	4970	13	14	0	5015
27120	5247	22	5	6	0	5280
27121	21	13	5092	6	0	5132
27122	9	12	4683	6	0	4710
27123	4987	7	28	4	0	5026
27124	25	4	7	5108	0	5144
27125	10	2	6	5009	0	5027
27126	3	6	5071	31	0	5111
27127	11	13	4635	9	0	4668
27128	2	4775	36	10	0	4823
27129	5134	19	14	5	0	5172
27130	5041	8	4	4	0	5057
27131	28	4202	12	739	0	4981
27132	8	25	2	5966	0	6001
27133	6017	8	5	24	0	6054
27134	22	3	5	5947	0	5977
27135	6031	6	6	22	0	6065
27136	5928	1	4	14	0	5947
27137	5853	2	4	6	0	5865
27138	27	3	4	5842	0	5876
27139	15	3	4	5926	0	5948
27140	5950	2	2	29	0	5983
27141	5664	1	2	14	0	5681
27142	5861	4	5	9	0	5879
27143	30	6077	12	9	0	6128
27144	6330	6	0	3	0	6339
27145	6	5977	8	6	0	5997
27146	6132	4	3	3	0	6142
27147	7	11	5977	1	0	5996
27148	5436	4	5	3	0	5448
27149	7	5749	19	1	0	5776
27150	6	5794	6	7	0	5813
27151	6206	7	3	3	0	6219
27152	9	5	0	6027	0	6041
27153	6	3	1	6032	0	6042
27154	3	5803	8	10	0	5824
27155	5	5874	10	8	0	5897
27156	6167	10	2	2	0	6181
27157	13	8	5897	3	0	5921
27158	7	8	6	6944	0	6965
27159	6847	5	3	19	0	6874
27160	19	14	6490	7	0	6530
27161	4	6373	26	15	0	6418
27162	6477	19	9	3	0	6508
27163	19	14	6536	2	0	6571
27164	12	7	23	7334	0	7376
27165	9	10	7377	35	0	7431
27166	6933	7	37	36	0	7013
27167	38	7212	45	25	0	7320
27168	7678	31	30	10	0	7749
27169	7579	32	15	12	0	7638
27170	64	27	7	7603	0	7701
27171	8350	15	10	37	0	8412
27172	60	10	9	8304	0	8383
27173	43	13	7	8733	0	8796
27174	34	12	8540	73	0	8659
27175	21	8186	47	59	0	8313
27176	13	34	32	9316	0	9395
27177	13	33	20	9220	0	9286
27178	12	22	17	9275	0	9326
27179	9	16	9132	80	0	9237
27180	10	8589	62	79	0	8740
27181	10	34	34	9341	0	9419
27182	15	29	25	9355	0	9424
27183	12	27	9165	69	0	9273
27184	9	18	42	8991	0	9060
27185	9239	13	34	78	0	9364
27186	43	8844	54	55	0	8996
27187	9358	37	15	48	0	9458
27188	62	50	9111	30	0	9253
27189	53	24	38	9171	0	9286
27190	9323	20	38	50	0	9431
27191	8959	19	31	52	0	9061
27192	85	15	7987	33	0	8120
27193	70	10	46	8076	0	8202
27194	49	14	7822	57	0	7942
27195	7426	8	64	60	0	7558
27196	55	7763	53	69	0	7940
27197	8160	35	38	51	0	8284
27198	7506	42	27	33	0	7608
27199	79	7468	44	37	0	7628
27200	7831	60	23	24	0	7938
27201	83	59	7623	23	0	7788
27202	7800	33	63	41	0	7937
27203	73	19	57	7864	0	8013
27204	57	17	8153	66	0	8293
27205	64	35	53	8095	0	8247
27206	66	34	55	8480	0	8635
27207	69	30	42	8503	0	8644
27208	73	8336	46	120	0	8575
27209	8576	59	47	121	0	8803
27210	104	43	43	8603	0	8793
27211	78	8837	79	120	0	9114
27212	74	74	55	8148	0	8351
27213	94	7909	78	109	0	8190
27214	91	105	7918	79	0	8193
27215	74	99	53	7728	0	7954
27216	93	56	53	8035	0	8237
27217	83	30	7969	162	0	8244
27218	7093	42	98	172	0	7405
27219	88	7261	113	126	0	7588
27220	92	78	63	7614	0	7847
27221	91	80	50	7427	0	7648
27222	89	62	71	7444	0	7666
27223	88	7259	86	182	0	7615
27224	7607	99	52	183	0	7941
27225	131	101	7429	136	0	7797
27226	116	92	7184	136	0	7528
27227	89	55	147	7407	0	7698
27228	75	49	137	7691	0	7952
27229	7656	59	88	181	0	7984
27230	112	7411	94	208	0	7825
27231	118	103	80	8023	0	8324
27232	7194	76	93	202	0	7565
27233	143	88	89	7162	0	7482
27234	7233	101	72	171	0	7577
27235	203	83	6772	179	0	7237
27236	170	6931	122	166	0	7389
27237	7468	110	109	136	0	7823
27238	181	108	7229	136	0	7654
27239	7180	75	141	137	0	7533
27240	181	82	7099	117	0	7479
27241	7270	54	163	129	0	7616
27242	175	65	134	7292	0	7666
27243	7021	66	122	185	0	7394
27244	190	78	66	6962	0	7296
27245	158	55	74	7077	0	7364
27246	6986	72	81	208	0	7347
27247	169	7099	76	194	0	7538
27248	173	109	92	7559	0	7933
27249	7499	103	91	170	0	7863
27250	7674	102	76	172	0	8024
27251	186	65	68	7867	0	8186
27252	146	84	86	8572	0	8888
27253	8994	96	64	225	0	9379
27254	221	59	67	9552	0	9899
27255	151	61	88	9755	0	10055
27256	9548	68	66	278	0	9960
27257	249	85	66	9660	0	10060
27258	95	49	8099	182	0	8425
27259	7807	29	130	130	0	8096
27260	143	24	8166	118	0	8451
27261	80	58	7831	76	0	8045
27262	7847	24	171	74	0	8116
27263	146	7704	148	56	0	8054
27264	46	71	30	7116	0	7263
27265	34	29	22	7178	0	7263
27266	30	12	14	7502	0	7558
27267	32	15	2	7761	0	7810
27268	8519	11	8	158	0	8696
27269	9195	15	11	81	0	9302
27270	9572	9	11	55	0	9647
27271	348	30	10841	41	0	11260
27272	165	12	324	10977	0	11478
27273	89	18	187	10861	0	11155
27274	74	19	75	10303	0	10471
27275	48	10208	79	558	0	10893
27276	49	10767	56	265	0	11137
27277	10348	507	33	162	0	11050
27278	374	245	40	10599	0	11258
27279	229	92	28	10986	0	11335
27280	109	68	23	11695	0	11895
27281	71	79	10569	684	0	11403
27282	75	58	10496	365	0	10994
27283	10691	55	528	202	0	11476
27284	11295	24	244	146	0	11709
27285	597	37	125	10596	0	11355
27286	300	10802	111	410	0	11623
27287	173	367	64	10897	0	11501
27288	124	214	49	11422	0	11809
27289	121	108	10495	635	0	11359
27290	10563	55	373	399	0	11390
27291	428	63	219	11124	0	11834
27292	242	35	94	11321	0	11692
27293	10448	53	66	689	0	11256
27294	455	10335	73	402	0	11265
27295	10930	388	35	237	0	11590
27296	514	243	69	10576	0	11402
27297	302	10221	48	503	0	11074
27298	10434	424	36	334	0	11228
27299	466	246	33	10598	0	11343
27300	10565	102	38	540	0	11245
27301	10319	83	55	352	0	10809
27302	10418	78	57	207	0	10760
27303	733	9819	71	159	0	10782
27304	366	10239	76	161	0	10842
27305	261	593	42	9826	0	10722
27306	169	10064	56	501	0	10790
27307	10193	489	49	317	0	11048
27308	521	288	55	10249	0	11113
27309	10325	159	53	549	0	11086
27310	10531	101	47	362	0	11041
27311	705	110	54	9516	0	10385
27312	422	76	38	10474	0	11010
27313	10235	102	44	782	0	11163
27314	10802	98	43	467	0	11410
27315	11170	95	44	302	0	11611
27316	11155	104	47	254	0	11560
27317	11422	89	35	236	0	11782
27318	846	80	39	10918	0	11883
27319	495	99	34	11194	0	11822
27320	346	81	42	11568	0	12037
27321	10961	92	49	825	0	11927
27322	631	71	51	10844	0	11597
27323	384	10629	66	702	0	11781
27324	287	456	61	11255	0	12059
27325	10929	272	65	682	0	11948
27326	11321	168	72	438	0	11999
27327	788	131	10235	320	0	11474
27328	476	114	410	10161	0	11161
27329	312	10686	231	642	0	11871
27330	10597	447	108	406	0	11558
27331	584	10828	65	303	0	11780
27332	397	480	76	10868	0	11821
27333	10902	284	41	584	0	11811
27334	11035	162	50	403	0	11650
27335	805	10610	31	296	0	11742
27336	512	477	43	10672	0	11704
27337	359	276	10223	591	0	11449
27338	10522	182	398	418	0	11520
27339	652	139	10737	311	0	11839
27340	11202	130	450	283	0	12065
27341	11507	147	230	250	0	12134
27342	800	142	121	11221	0	12284
27343	11799	149	52	608	0	12608
27344	11831	135	90	418	0	12474
27345	12073	140	67	264	0	12544
27346	903	116	61	11585	0	12665
27347	11196	100	65	599	0	11960
27348	734	82	49	11124	0	11989
27349	476	86	77	11320	0	11959
27350	375	10693	58	722	0	11848
27351	308	434	51	10387	0	11180
27352	287	9928	44	580	0	10839
27353	9528	464	11	376	0	10379
27354	9278	254	33	274	0	9839
27355	689	160	26	9049	0	9924
27356	458	75	31	9430	0	9994
27357	9252	105	44	667	0	10068
27358	595	81	8645	428	0	9749
27359	9197	88	345	274	0	9904
27360	634	77	177	9150	0	10038
27361	428	69	8635	552	0	9684
27362	8814	101	338	345	0	9598
27363	9307	68	200	280	0	9855
27364	745	94	8651	223	0	9713
27365	9284	70	342	207	0	9903
27366	598	72	8272	184	0	9126
27367	442	8371	367	206	0	9386
27368	7652	262	148	154	0	8216
27369	6668	121	301	109	0	7199
27370	443	6509	59	97	0	7108
27371	67	4151	29	42	0	4289
27372	4302	69	15	33	0	4419
27373	4137	24	19	37	0	4217
27374	94	30	18	4307	0	4449
27375	58	21	3870	65	0	4014
27376	58	33	3580	27	0	3698
27377	3974	20	48	31	0	4073
27378	78	20	3875	35	0	4008
27379	3941	24	46	37	0	4048
27380	77	13	17	3686	0	3793
27381	46	11	14	3753	0	3824
27382	42	19	3609	59	0	3729
27383	3613	13	39	43	0	3708
27384	74	12	17	3733	0	3836
27385	54	12	16	4101	0	4183
27386	4107	8	23	70	0	4208
27387	3980	6	17	49	0	4052
27388	3967	3	24	38	0	4032
27389	76	3860	17	31	0	3984
27390	59	37	3888	33	0	4017
27391	3926	17	41	24	0	4008
27392	4077	18	11	29	0	4135
27393	71	3871	34	28	0	4004
27394	3953	41	156	22	0	4172
27395	56	13	17	3904	0	3990
27396	52	18	3925	41	0	4036
27397	3936	22	29	21	0	4008
27398	4690	21	15	31	0	4757
27399	4671	17	11	23	0	4722
27400	4662	13	16	19	0	4710
27401	68	17	13	4629	0	4727
27402	42	17	13	4674	0	4746
27403	4732	6	20	43	0	4801
27404	67	7	10	4337	0	4421
27405	30	7	28	4334	0	4399
27406	42	4008	16	44	0	4110
27407	41	17	14	4249	0	4321
27408	40	4	21	4208	0	4273
27409	42	13	19	4205	0	4279
27410	45	7	9	4205	0	4266
27411	30	4041	20	49	0	4140
27412	41	23	10	3861	0	3935
27413	40	12	16	3590	0	3658
27414	17	10	3121	28	0	3176
27415	21	9	2957	19	0	3006
27416	17	2937	25	27	0	3006
27417	2872	0	0	1	0	2873
27418	0	2960	5	0	0	2965
27419	0	19	1	3086	0	3106
27420	1	6	3006	19	0	3032
27421	3266	4	17	7	0	3294
27422	22	2	4	3493	0	3521
27423	3471	0	7	29	0	3507
27424	3409	0	2	11	0	3422
27425	36	3348	8	11	0	3403
27426	3488	23	0	6	0	3517
27427	32	3372	5	7	0	3416
27428	20	30	1	4099	0	4150
27429	12	3832	5	49	0	3898
27430	13	71	3638	17	0	3739
27431	10	3785	52	13	0	3860
27432	4	62	16	3885	0	3967
27433	3884	31	7	59	0	3981
27434	51	3918	18	31	0	4018
27435	15	63	4	4332	0	4414
27436	15	28	4	4639	0	4686
27437	8	35	4360	96	0	4499
27438	9	11	73	4453	0	4546
27439	8	21	4043	93	0	4165
27440	3901	6	79	39	0	4025
27441	80	19	3987	27	0	4113
27442	25	3990	89	28	0	4132
27443	16	71	31	4091	0	4209
27444	11	37	13	3898	0	3959
27445	14	16	10	4089	0	4129
27446	4007	16	11	122	0	4156
27447	88	16	6	3831	0	3941
27448	32	3962	7	113	0	4114
27449	3655	83	14	58	0	3810
27450	86	3733	21	39	0	3879
27451	38	94	12	3779	0	3923
27452	3731	39	15	96	0	3881
27453	98	4490	20	45	0	4653
27454	44	4653	19	34	0	4750
27455	4754	107	10	36	0	4907
27456	4799	52	8	35	0	4894
27457	125	33	4641	36	0	4835
27458	4657	27	83	36	0	4803
27459	118	23	4677	26	0	4844
27460	53	21	95	4689	0	4858
27461	36	31	4685	99	0	4851
27462	37	18	95	4727	0	4877
27463	32	34	4637	112	0	4815
27464	23	19	88	4453	0	4583
27465	22	18	50	4628	0	4718
27466	4576	20	23	139	0	4758
27467	95	24	4477	71	0	4667
27468	4380	22	101	43	0	4546
27469	125	23	4475	31	0	4654
27470	60	23	4421	39	0	4543
27471	36	19	122	4443	0	4620
27472	4533	17	55	113	0	4718
27473	93	4419	43	77	0	4632
27474	4251	99	33	53	0	4436
27475	4291	37	37	51	0	4416
27476	137	4227	35	45	0	4444
27477	4311	105	44	30	0	4490
27478	134	66	5149	37	0	5386
27479	65	30	101	5293	0	5489
27480	5354	33	48	114	0	5549
27481	119	5203	44	67	0	5433
27482	59	99	30	5677	0	5865
27483	36	42	41	5742	0	5861
27484	43	28	23	5737	0	5831
27485	40	30	28	5843	0	5941
27486	5753	30	25	151	0	5959
27487	5690	20	34	70	0	5814
27488	5761	32	26	55	0	5874
27489	5712	32	35	60	0	5839
27490	165	40	5545	53	0	5803
27491	5333	29	107	60	0	5529
27492	5715	21	49	49	0	5834
27493	165	5496	41	58	0	5760
27494	91	5667	37	42	0	5837
27495	70	129	25	5608	0	5832
27496	57	63	36	5576	0	5732
27497	58	45	5379	165	0	5647
27498	50	5244	133	89	0	5516
27499	53	114	46	5357	0	5570
27500	50	5351	44	126	0	5571
27501	65	118	30	5464	0	5677
27502	52	57	26	5411	0	5546
27503	65	5976	44	164	0	6249
27504	59	111	30	6208	0	6408
27505	45	67	6684	144	0	6940
27506	62	49	6442	97	0	6650
27507	6211	37	184	66	0	6498
27508	6720	33	81	84	0	6918
27509	195	6514	74	63	0	6846
27510	6799	146	54	43	0	7042
27511	181	80	33	6660	0	6954
27512	6704	42	26	170	0	6942
27513	189	6432	52	91	0	6764
27514	109	163	6413	71	0	6756
27515	6348	61	137	65	0	6611
27516	171	64	7748	59	0	8042
27517	94	66	7650	63	0	7873
27518	74	47	7432	40	0	7593
27519	59	7357	171	61	0	7648
27520	7531	345	80	43	0	7999
27521	7272	57	43	42	0	7414
27522	158	46	40	7182	0	7426
27523	93	38	25	7152	0	7308
27524	68	7032	61	145	0	7306
27525	8186	104	38	79	0	8407
27526	144	7787	67	60	0	8058
27527	75	7926	56	46	0	8103
27528	7491	90	25	35	0	7641
27529	106	39	26	7383	0	7554
27530	48	39	20	7389	0	7496
27531	38	38	12	7471	0	7559
27532	48	7255	27	105	0	7435
27533	7410	78	12	61	0	7561
27534	90	29	19	7332	0	7470
27535	38	6778	23	77	0	6916
27536	16	6694	16	34	0	6760
27537	25	64	12	6744	0	6845
27538	16	6584	27	62	0	6689
27539	11	70	5	6793	0	6879
27540	6682	38	7	54	0	6781
27541	58	25	6518	36	0	6637
27542	26	6409	61	37	0	6533
27543	10	47	7	6434	0	6498
27544	21	25	6273	49	0	6368
27545	5894	17	40	19	0	5970
27546	40	19	20	6368	0	6447
27547	6302	10	11	53	0	6376
27548	6250	13	18	19	0	6300
27549	49	6065	21	15	0	6150
27550	6408	42	6	19	0	6475
27551	6292	17	6	21	0	6336
27552	6297	11	3	11	0	6322
27553	62	16	6	5317	0	5401
27554	33	17	4	5326	0	5380
27555	32	7	5	5425	0	5469
27556	29	14	5551	55	0	5649
27557	21	5311	45	32	0	5409
27558	5605	47	9	28	0	5689
27559	48	5443	13	30	0	5534
27560	25	43	12	5613	0	5693
27561	17	27	5522	53	0	5619
27562	5022	20	43	30	0	5115
27563	47	5474	19	13	0	5553
27564	23	53	12	5518	0	5606
27565	22	15	17	5592	0	5646
27566	21	26	5893	51	0	5991
27567	13	5741	56	29	0	5839
27568	9	46	17	6000	0	6072
27569	11	20	8	6026	0	6065
27570	12	19	12	6008	0	6051
27571	5889	22	7	63	0	5981
27572	51	16	5886	31	0	5984
27573	18	5696	61	33	0	5808
27574	6016	44	15	26	0	6101
27575	49	5832	24	19	0	5924
27576	21	54	16	5951	0	6042
27577	18	5791	21	50	0	5880
27578	5572	50	8	21	0	5651
27579	5531	26	7	17	0	5581
27580	67	24	6	5508	0	5605
27581	33	25	4	5482	0	5544
27582	27	15	7	5849	0	5898
27583	32	29	6449	79	0	6589
27584	16	6414	73	47	0	6550
27585	16	67	19	8288	0	8390
27586	18	23	17	8687	0	8745
27587	10	21	14	8865	0	8910
27588	10	17	17	8911	0	8955
27589	10	50	8487	233	0	8780
27590	17	8631	160	100	0	8908
27591	14	172	42	8769	0	8997
27592	10	50	22	9780	0	9862
27593	18	53	9245	270	0	9586
27594	15	25	196	9254	0	9490
27595	13	9122	74	255	0	9464
27596	8	9572	45	103	0	9728
27597	10	262	17	9594	0	9883
27598	23	99	8792	256	0	9170
27599	8286	57	206	116	0	8665
27600	196	8791	81	110	0	9178
27601	63	226	8838	68	0	9195
27602	39	101	8789	62	0	8991
27603	23	8129	274	72	0	8498
27604	30	250	8267	75	0	8622
27605	9	61	206	7742	0	8018
27606	7781	40	59	208	0	8088
27607	7764	24	51	70	0	7909
27608	7667	33	37	42	0	7779
27609	7938	26	38	36	0	8038
27610	235	8320	42	44	0	8641
27611	8751	240	36	35	0	9062
27612	257	8660	45	43	0	9005
27613	103	298	8290	37	0	8728
27614	69	100	255	8294	0	8718
27615	59	8692	98	252	0	9101
27616	54	290	57	7693	0	8094
27617	7464	104	44	310	0	7922
27618	272	76	35	7266	0	7649
27619	90	7548	31	292	0	7961
27620	7697	266	41	116	0	8120
27621	287	115	7410	80	0	7892
27622	102	81	258	7514	0	7955
27623	72	43	78	7644	0	7837
27624	7551	50	51	344	0	7996
27625	293	6702	53	144	0	7192
27626	109	308	6543	91	0	7051
27627	80	111	271	6862	0	7324
27628	57	93	6564	322	0	7036
27629	52	6479	294	149	0	6974
27630	33	6972	113	133	0	7251
27631	6868	356	75	101	0	7400
27632	293	145	6632	96	0	7166
27633	6858	107	296	79	0	7340
27634	310	81	112	6494	0	6997
27635	118	6776	90	313	0	7297
27636	6875	312	69	139	0	7395
27637	307	134	6569	136	0	7146
27638	126	113	304	6810	0	7353
27639	98	89	130	6886	0	7203
27640	83	88	95	6802	0	7068
27641	77	6805	73	413	0	7368
27642	6668	318	75	209	0	7270
27643	312	6680	61	164	0	7217
27644	134	7016	102	107	0	7359
27645	107	404	74	6927	0	7512
27646	6847	183	89	344	0	7463
27647	6977	129	81	178	0	7365
27648	7012	129	64	158	0	7363
27649	417	6752	81	127	0	7377
27650	201	332	72	6876	0	7481
27651	157	186	6593	346	0	7282
27652	140	116	299	6839	0	7394
27653	115	113	133	6802	0	7163
27654	125	6811	93	413	0	7442
27655	6836	351	77	212	0	7476
27656	352	159	93	6466	0	7070
27657	169	6645	77	367	0	7258
27658	6730	371	88	187	0	7376
27659	361	189	6349	166	0	7065
27660	6559	139	286	141	0	7125
27661	360	6606	138	140	0	7244
27662	6720	353	87	130	0	7290
27663	6954	182	84	114	0	7334
27664	443	149	6623	124	0	7339
27665	6904	131	306	111	0	7452
27666	422	123	6986	103	0	7634
27667	221	123	7095	111	0	7550
27668	7045	137	373	100	0	7655
27669	7346	105	178	105	0	7734
27670	446	120	6940	106	0	7612
27671	222	93	353	6968	0	7636
27672	182	106	151	6871	0	7310
27673	164	6999	116	379	0	7658
27674	7569	343	102	180	0	8194
27675	7861	159	99	135	0	8254
27676	489	125	7322	119	0	8055
27677	7939	113	323	111	0	8486
27678	7630	100	117	118	0	7965
27679	441	7362	91	99	0	7993
27680	213	353	84	7411	0	8061
27681	205	152	70	7659	0	8086
27682	137	101	76	7009	0	7323
27683	5704	83	68	371	0	6226
27684	341	5680	60	175	0	6256
27685	108	196	34	4091	0	4429
27686	95	3789	25	211	0	4120
27687	73	186	22	3592	0	3873
27688	71	3517	26	182	0	3796
27689	58	3734	38	87	0	3917
27690	3581	192	41	49	0	3863
27691	3010	77	698	55	0	3840
27692	140	36	27	2859	0	3062
27693	80	31	23	2927	0	3061
27694	69	25	25	2966	0	3085
27695	49	14	23	2995	0	3081
27696	24	14	14	2965	0	3017
27697	22	2762	19	175	0	2978
27698	31	95	16	2925	0	3067
27699	31	51	10	2982	0	3074
27700	2850	35	17	135	0	3037
27701	127	29	18	2862	0	3036
27702	75	18	14	2964	0	3071
27703	59	22	2788	138	0	3007
27704	41	19	82	2793	0	2935
27705	39	23	30	2973	0	3065
27706	28	17	2773	156	0	2974
27707	36	2716	88	84	0	2924
27708	40	102	2781	65	0	2988
27709	24	45	3353	49	0	3471
27710	9	2618	50	20	0	2697
27711	2443	5	1	2	0	2451
27712	2426	2	1	3	0	2432
27713	7	2	0	2385	0	2394
27714	2406	2	1	9	0	2418
27715	7	3	2395	3	0	2408
27716	2	2	5	2290	0	2299
27717	3	3	3550	9	0	3565
27718	2	5	6	3488	0	3501
27719	1	2	3	3612	0	3618
27720	2	3	1	3687	0	3693
27721	4280	4	3	10	0	4297
27722	10	2	2	4285	0	4299
27723	4310	8	1	7	0	4326
27724	4613	2	2	8	0	4625
27725	11	4461	6	13	0	4491
27726	4672	8	1	16	0	4697
27727	15	4493	7	18	0	4533
27728	2	12	3	5066	0	5083
27729	12	4	0	4971	0	4987
27730	2	15	2	5015	0	5034
27731	4	6	4932	27	0	4969
27732	1	4771	18	9	0	4799
27733	5	17	1	4912	0	4935
27734	15	13	4	4869	0	4901
27735	7	4883	9	17	0	4916
27736	5104	10	1	9	0	5124
27737	22	4909	12	12	0	4955
27738	4995	12	1	18	0	5026
27739	14	5246	9	26	0	5295
27740	8	15	3	5267	0	5293
27741	3	5207	10	29	0	5249
27742	5383	12	6	21	0	5422
27743	5332	14	2	13	0	5361
27744	5447	5	6	17	0	5475
27745	5404	4	6	22	0	5436
27746	25	15	5521	9	0	5570
27747	5491	5	15	18	0	5529
27748	5654	7	3	17	0	5681
27749	5637	4	12	13	0	5666
27750	15	11	5475	18	0	5519
27751	5355	12	11	19	0	5397
27752	13	5674	27	11	0	5725
27753	5992	22	7	8	0	6029
27754	15	16	6220	11	0	6262
27755	6151	6	12	11	0	6180
27756	6279	16	4	8	0	6307
27757	30	10	5	6255	0	6300
27758	35	18	6160	9	0	6222
27759	6131	8	15	14	0	6168
27760	38	7	4	6196	0	6245
27761	13	11	15	6121	0	6160
27762	22	8	6095	30	0	6155
27763	5417	14	28	17	0	5476
27764	6052	4	1	28	0	6085
27765	15	5793	21	27	0	5856
27766	13	13	1	5514	0	5541
27767	22	14	5	5944	0	5985
27768	20	13	4	5860	0	5897
27769	25	5720	19	19	0	5783
27770	6041	13	1	11	0	6066
27771	17	24	6	5943	0	5990
27772	25	8	3	5951	0	5987
27773	6022	21	7	20	0	6070
27774	5503	5	4	29	0	5541
27775	21	10	8	5541	0	5580
27776	15	9	7	5565	0	5596
27777	11	14	5007	7	0	5039
27778	4615	8	8	10	0	4641
27779	17	4800	17	7	0	4841
27780	14	7	3	5228	0	5252
27781	13	7	3	5190	0	5213
27782	9	4904	17	14	0	4944
27783	16	10	2	5259	0	5287
27784	6150	10	8	14	0	6182
27785	70	7	5	6689	0	6771
27786	32	11	5	7377	0	7425
27787	29	6	1	7570	0	7606
27788	19	25	7215	184	0	7443
27789	18	7	100	7443	0	7568
27790	15	23	7314	163	0	7515
27791	13	7189	141	86	0	7429
27792	11	109	63	7660	0	7843
27793	10	57	34	7878	0	7979
27794	13	32	20	7923	0	7988
27795	19	22	9	7892	0	7942
27796	10	18	13	8006	0	8047
27797	7648	15	7	232	0	7902
27798	127	33	7452	129	0	7741
27799	68	7222	115	84	0	7489
27800	38	7667	67	59	0	7831
27801	20	164	26	7789	0	7999
27802	25	78	16	7839	0	7958
27803	20	50	18	7872	0	7960
27804	14	7568	32	219	0	7833
27805	19	132	10	7927	0	8088
27806	28	83	7480	182	0	7773
27807	14	7360	126	123	0	7623
27808	13	128	55	7888	0	8084
27809	7031	63	38	159	0	7291
27810	130	40	14	7155	0	7339
27811	60	22	22	7159	0	7263
27812	44	6685	36	208	0	6973
27813	28	6966	29	117	0	7140
27814	30	174	10	7165	0	7379
27815	22	98	9	7228	0	7357
27816	14	66	6963	226	0	7269
27817	13	25	104	6521	0	6663
27818	21	25	58	6619	0	6723
27819	14	26	34	6643	0	6717
27820	14	20	22	6765	0	6821
27821	5969	20	25	248	0	6262
27822	5946	19	24	146	0	6135
27823	175	15	11	6046	0	6247
27824	88	10	5	5747	0	5850
27825	5937	8	9	213	0	6167
27826	129	9	4	6056	0	6198
27827	82	13	5723	202	0	6020
27828	38	5244	128	124	0	5534
27829	22	110	61	5922	0	6115
27830	22	61	34	6079	0	6196
27831	6062	33	27	253	0	6375
27832	134	19	20	6238	0	6411
27833	79	19	18	6342	0	6458
27834	6468	30	1	271	0	6770
27835	175	13	4	7075	0	7267
27836	91	6946	28	303	0	7368
27837	62	216	16	7708	0	8002
27838	33	100	8	7994	0	8135
27839	27	49	20	7667	0	7763
27840	30	34	12	7801	0	7877
27841	13	46	7191	419	0	7669
27842	14	58	7175	209	0	7456
27843	19	31	285	7397	0	7732
27844	10	20	129	7352	0	7511
27845	8	7279	51	383	0	7721
27846	14	215	37	7364	0	7630
27847	16	7184	41	308	0	7549
27848	7232	245	24	192	0	7693
27849	209	8205	33	116	0	8563
27850	116	261	14	9108	0	9499
27851	45	142	10	9242	0	9439
27852	46	91	8492	394	0	9023
27853	8018	42	196	240	0	8496
27854	8289	36	104	142	0	8571
27855	312	8155	60	126	0	8653
27856	150	227	34	8316	0	8727
27857	75	143	8140	280	0	8638
27858	31	8132	232	192	0	8587
27859	8419	241	115	127	0	8902
27860	8535	132	60	106	0	8833
27861	340	90	8102	91	0	8623
27862	8337	36	219	103	0	8695
27863	286	50	107	8370	0	8813
27864	163	8047	69	275	0	8554
27865	8485	228	29	170	0	8912
27866	265	137	25	8466	0	8893
27867	8077	74	27	290	0	8468
27868	8178	43	29	192	0	8442
27869	353	38	30	8172	0	8593
27870	178	63	8220	300	0	8761
27871	8267	40	200	194	0	8701
27872	8851	33	107	117	0	9108
27873	8868	34	58	105	0	9065
27874	387	8575	44	85	0	9091
27875	196	237	34	8747	0	9214
27876	90	136	25	9456	0	9707
27877	89	95	8787	384	0	9355
27878	66	36	224	8931	0	9257
27879	58	8812	141	370	0	9381
27880	8950	257	66	196	0	9469
27881	281	8851	36	158	0	9326
27882	160	303	9367	108	0	9938
27883	99	9511	272	99	0	9981
27884	49	9162	113	77	0	9401
27885	34	226	288	8473	0	9021
27886	8044	111	13	152	0	8320
27887	7960	24	23	116	0	8123
27888	7967	28	21	62	0	8078
27889	230	7518	40	61	0	7849
27890	115	147	7347	48	0	7657
27891	7475	87	122	54	0	7738
27892	7846	42	65	54	0	8007
27893	202	7270	44	64	0	7580
27894	7700	134	19	53	0	7906
27895	162	89	25	7672	0	7948
27896	98	48	7549	159	0	7854
27897	7650	26	135	116	0	7927
27898	7826	29	73	52	0	7980
27899	7972	32	27	47	0	8078
27900	226	37	18	7747	0	8028
27901	123	41	15	8325	0	8504
27902	54	37	16	8490	0	8597
27903	49	8389	30	257	0	8725
27904	44	166	15	9665	0	9890
27905	44	102	21	9986	0	10153
27906	57	45	10698	380	0	11180
27907	53	37	309	10936	0	11335
27908	53	39	113	11309	0	11514
27909	49	39	55	11290	0	11433
27910	50	40	41	11229	0	11360
27911	45	10645	44	500	0	11234
27912	52	339	27	11193	0	11611
27913	45	124	35	11512	0	11716
27914	11049	67	43	537	0	11696
27915	388	59	10641	251	0	11339
27916	157	60	10381	181	0	10779
27917	10291	49	410	153	0	10903
27918	11061	46	152	134	0	11393
27919	534	86	92	9230	0	9942
27920	226	10583	62	333	0	11204
27921	10990	385	47	159	0	11581
27922	457	144	55	10609	0	11265
27923	201	10634	78	425	0	11338
27924	11097	367	62	177	0	11703
27925	448	10724	68	117	0	11357
27926	10922	428	41	79	0	11470
27927	11027	178	25	73	0	11303
27928	555	10518	38	111	0	11222
27929	200	397	22	10474	0	11093
27930	143	185	9977	417	0	10722
27931	114	108	336	10161	0	10719
27932	10196	84	118	470	0	10868
27933	445	98	9729	182	0	10454
27934	189	9370	341	122	0	10022
27935	94	320	90	8816	0	9320
27936	87	115	8219	353	0	8774
27937	71	8073	303	156	0	8603
27938	8224	298	93	138	0	8753
27939	308	110	82	8227	0	8727
27940	127	94	69	8371	0	8661
27941	102	88	47	8276	0	8513
27942	69	8048	61	420	0	8598
27943	8187	324	50	180	0	8741
27944	316	7910	58	132	0	8416
27945	130	8019	55	116	0	8320
27946	8026	352	40	106	0	8524
27947	8173	159	25	115	0	8472
27948	419	115	7554	108	0	8196
27949	6895	108	274	106	0	7383
27950	6551	80	107	75	0	6813
27951	434	84	53	6299	0	6870
27952	222	96	6098	316	0	6732
27953	169	75	289	6302	0	6835
27954	6348	75	104	360	0	6887
27955	390	60	7061	160	0	7671
27956	205	33	371	7609	0	8218
27957	166	69	147	8745	0	9127
27958	116	53	89	9842	0	10100
27959	9184	49	65	725	0	10023
27960	562	9302	78	293	0	10235
27961	9594	529	63	197	0	10383
27962	628	188	9072	151	0	10039
27963	227	107	498	9071	0	9903
27964	136	9317	160	622	0	10235
27965	9530	563	105	228	0	10426
27966	616	173	56	9608	0	10453
27967	235	141	8967	636	0	9979
27968	158	95	508	9666	0	10427
27969	9120	76	176	672	0	10044
27970	599	8791	97	284	0	9771
27971	222	596	71	8216	0	9105
27972	129	8600	75	589	0	9393
27973	8672	589	58	251	0	9570
27974	8952	194	55	188	0	9389
27975	697	8604	83	165	0	9549
27976	8406	562	69	129	0	9166
27977	638	184	45	8007	0	8874
27978	219	8198	52	567	0	9036
27979	8303	586	52	185	0	9126
27980	8715	181	45	134	0	9075
27981	718	7950	50	99	0	8817
27982	283	7918	62	104	0	8367
27983	7828	618	57	93	0	8596
27984	636	234	39	7798	0	8707
27985	7883	146	39	599	0	8667
27986	670	116	35	7885	0	8706
27987	254	134	7289	642	0	8319
27988	192	116	474	7867	0	8649
27989	7848	104	117	633	0	8702
27990	647	113	7377	227	0	8364
27991	232	112	505	7595	0	8444
27992	179	89	130	8283	0	8681
27993	166	90	7377	718	0	8351
27994	7576	75	544	263	0	8458
27995	630	72	151	7733	0	8586
27996	237	71	7457	641	0	8406
27997	7129	66	536	230	0	7961
27998	573	7421	172	202	0	8368
27999	215	7905	124	159	0	8403
28000	154	8147	111	161	0	8573
28001	135	634	6839	141	0	7749
28002	124	204	489	7673	0	8490
28003	115	129	6848	585	0	7677
28004	80	66	385	6318	0	6849
28005	70	6019	157	503	0	6749
28006	51	5163	54	163	0	5431
28007	40	402	40	5061	0	5543
28008	4903	137	49	385	0	5474
28009	344	68	39	5078	0	5529
28010	138	54	41	5208	0	5441
28011	66	4904	35	483	0	5488
28012	4866	354	25	184	0	5429
28013	356	5388	39	119	0	5902
28014	147	366	40	5514	0	6067
28015	78	160	43	5648	0	5929
28016	74	5401	46	496	0	6017
28017	53	331	28	5192	0	5604
28018	5021	133	24	398	0	5576
28019	347	88	23	5148	0	5606
28020	152	91	27	5169	0	5439
28021	102	4876	34	434	0	5446
28022	84	330	45	5168	0	5627
28023	4960	135	31	420	0	5546
28024	5063	91	26	195	0	5375
28025	5154	80	26	133	0	5393
28026	427	72	25	4916	0	5440
28027	184	80	4532	367	0	5163
28028	125	82	4660	172	0	5039
28029	110	72	318	4869	0	5369
28030	4845	88	104	383	0	5420
28031	356	66	49	4956	0	5427
28032	4898	76	38	401	0	5413
28033	391	64	35	4888	0	5378
28034	192	54	30	5162	0	5438
28035	4910	68	25	460	0	5463
28036	397	69	4594	197	0	5257
28037	4921	75	277	141	0	5414
28038	392	69	4732	124	0	5317
28039	211	37	306	4884	0	5438
28040	4903	55	114	360	0	5432
28041	390	67	4738	168	0	5363
28042	171	73	4883	105	0	5232
28043	4790	50	388	113	0	5341
28044	379	45	4709	124	0	5257
28045	186	5099	337	119	0	5741
28046	103	301	132	5394	0	5930
28047	5714	92	100	400	0	6306
28048	361	49	5737	195	0	6342
28049	5941	43	334	124	0	6442
28050	6213	42	151	135	0	6541
28051	6238	53	92	124	0	6507
28052	6312	41	75	119	0	6547
28053	475	37	75	5795	0	6382
28054	210	5771	84	367	0	6432
28055	4931	228	62	155	0	5376
28056	273	84	4279	85	0	4721
28057	93	3186	115	46	0	3440
28058	3658	72	42	47	0	3819
28059	89	3271	223	38	0	3621
28060	53	4290	27	41	0	4411
28061	44	85	21	4519	0	4669
28062	47	61	16	4517	0	4641
28063	36	33	24	4548	0	4641
28064	4551	27	11	100	0	4689
28065	4485	31	15	74	0	4605
28066	84	23	12	4640	0	4759
28067	74	20	11	5030	0	5135
28068	55	19	5688	140	0	5902
28069	5527	24	110	81	0	5742
28070	5988	20	54	53	0	6115
28071	173	12	33	5883	0	6101
28072	92	21	30	5997	0	6140
28073	63	17	5793	187	0	6060
28074	52	22	111	5811	0	5996
28075	49	21	5924	165	0	6159
28076	166	5536	126	100	0	5928
28077	44	107	6081	65	0	6297
28078	27	52	128	5876	0	6083
28079	40	39	6866	145	0	7090
28080	39	49	6628	90	0	6806
28081	6719	15	152	42	0	6928
28082	131	12	73	7090	0	7306
28083	63	8	7068	147	0	7286
28084	6617	10	124	84	0	6835
28085	152	16	7784	54	0	8006
28086	101	16	8079	40	0	8236
28087	57	7988	182	42	0	8269
28088	39	117	93	8383	0	8632
28089	32	61	8341	133	0	8567
28090	31	46	8096	71	0	8244
28091	25	22	182	8081	0	8310
28092	32	21	88	8160	0	8301
28093	28	8646	75	165	0	8914
28094	28	116	44	9249	0	9437
28095	9185	55	44	163	0	9447
28096	8808	33	43	84	0	8968
28097	8861	27	36	64	0	8988
28098	206	15	26	8803	0	9050
28099	109	8339	49	143	0	8640
28100	8686	122	38	73	0	8919
28101	149	8431	48	49	0	8677
28102	50	8029	20	29	0	8128
28103	39	8225	22	20	0	8306
28104	8258	112	14	9	0	8393
28105	84	44	8	8151	0	8287
28106	32	23	11	8207	0	8273
28107	17	8027	13	118	0	8175
28108	8191	89	14	46	0	8340
28109	96	37	8064	29	0	8226
28110	31	18	84	8154	0	8287
28111	8315	8	36	93	0	8452
28112	91	7974	35	42	0	8142
28113	8170	90	8	27	0	8295
28114	112	31	4	7943	0	8090
28115	45	8286	15	83	0	8429
28116	30	102	8435	32	0	8599
28117	8531	24	78	21	0	8654
28118	94	25	26	8957	0	9102
28119	9052	12	20	95	0	9179
28120	103	12	12	8967	0	9094
28121	31	8532	27	108	0	8698
28122	30	93	8698	36	0	8857
28123	17	45	8448	22	0	8532
28124	10	24	110	9950	0	10094
28125	10260	10	44	99	0	10413
28126	10162	15	21	41	0	10239
28127	115	9	14	10098	0	10236
28128	49	11	10	10196	0	10266
28129	10307	6	16	123	0	10452
28130	103	5	9	10166	0	10283
28131	10285	8	14	115	0	10422
28132	105	9792	20	51	0	9968
28133	10069	93	15	31	0	10208
28134	113	49	10254	24	0	10440
28135	41	28	92	10248	0	10409
28136	31	16	45	10360	0	10452
28137	35	11	33	10488	0	10567
28138	25	9944	37	143	0	10149
28139	29	9779	31	92	0	9931
28140	19	109	13	10525	0	10666
28141	10	55	10711	124	0	10900
28142	14	29	102	10625	0	10770
28143	16	25	46	10839	0	10926
28144	25	17	35	11024	0	11101
28145	10421	16	32	143	0	10612
28146	92	10026	27	84	0	10229
28147	38	9827	36	49	0	9950
28148	38	131	29	9786	0	9984
28149	23	52	19	9860	0	9954
28150	28	32	13	10074	0	10147
28151	23	23	14	10199	0	10259
28152	10134	14	16	139	0	10303
28153	96	9730	39	71	0	9936
28154	10145	94	28	46	0	10313
28155	10776	45	22	32	0	10875
28156	121	32	15	10629	0	10797
28157	51	24	25	10677	0	10777
28158	10005	13	21	138	0	10177
28159	10030	18	17	71	0	10136
28160	118	21	9	9216	0	9364
28161	60	25	2	9266	0	9353
28162	39	19	9141	148	0	9347
28163	40	8573	94	73	0	8780
28164	43	8981	38	55	0	9117
28165	9134	123	19	27	0	9303
28166	111	59	8690	34	0	8894
28167	34	59	7852	18	0	7963
28168	6922	8	26	10	0	6966
28169	7498	4	18	10	0	7530
28170	29	7782	22	16	0	7849
28171	17	7880	22	18	0	7937
28172	19	28	1	8312	0	8360
28173	8329	13	2	22	0	8366
28174	8205	11	2	25	0	8243
28175	8058	9	1	18	0	8086
28176	37	4	3	7806	0	7850
28177	26	4	5	7929	0	7964
28178	14	9	7549	31	0	7603
28179	14	23	6613	25	0	6675
28180	8	8	6909	14	0	6939
28181	4	126	13	6590	0	6733
28182	6870	1	0	2	0	6873
28183	3	4	7528	0	0	7535
28184	0	0	7	7403	0	7410
28185	0	6521	10	8	0	6539
28186	3	4	0	6521	0	6528
28187	0	2	2	6429	0	6433
28188	1	2	6916	8	0	6927
28189	2	1	56	6789	0	6848
28190	7411	1	18	61	0	7491
28191	89	17	8566	16	0	8688
28192	19	4	80	8630	0	8733
28193	16	13	8058	92	0	8179
28194	6	7847	112	35	0	8000
28195	13	100	8202	22	0	8337
28196	6	19	98	8078	0	8201
28197	2	16	25	8475	0	8518
28198	5	18	10511	117	0	10651
28199	1	11	103	10411	0	10526
28200	4	7	29	10538	0	10578
28201	0	10222	39	126	0	10387
28202	9	97	10349	49	0	10504
28203	4	27	104	10283	0	10418
28204	5	29	26	10541	0	10601
28205	5	10318	42	111	0	10476
28206	2	105	18	10916	0	11041
28207	10825	22	21	128	0	10996
28208	96	21	20	10815	0	10952
28209	26	21	10618	147	0	10812
28210	10145	12	111	53	0	10321
28211	10666	11	37	59	0	10773
28212	122	24	10962	43	0	11151
28213	10141	17	118	32	0	10308
28214	116	10660	52	48	0	10876
28215	38	122	40	10709	0	10909
28216	32	29	22	11507	0	11590
28217	24	43	23	11569	0	11659
28218	23	24	27	11710	0	11784
28219	30	19	15	11947	0	12011
28220	11750	9	27	314	0	12100
28221	217	19	11409	131	0	11776
28222	11235	13	202	104	0	11554
28223	250	26	11526	67	0	11869
28224	79	12	233	10658	0	10982
28225	10751	15	73	254	0	11093
28226	226	17	53	10464	0	10760
28227	77	10299	64	267	0	10707
28228	10967	200	32	115	0	11314
28229	244	50	36	13077	0	13407
28230	85	55	12534	285	0	12959
28231	11989	25	221	107	0	12342
28232	255	13991	93	96	0	14435
28233	82	245	14291	78	0	14696
28234	82	83	257	16700	0	17122
28235	64	60	90	16577	0	16791
28236	42	16454	95	358	0	16949
28237	69	252	16956	152	0	17429
28238	46	90	253	16988	0	17377
28239	46	82	17270	322	0	17720
28240	53	47	283	17010	0	17393
28241	35	35	127	17186	0	17383
28242	49	46	16682	379	0	17156
28243	43	41	295	16588	0	16967
28244	47	62	135	15525	0	15769
28245	31	31	106	17328	0	17496
28246	37	29	86	17553	0	17705
28247	17219	26	82	484	0	17811
28248	284	44	16672	253	0	17253
28249	17927	27	319	207	0	18480
28250	330	40	120	18385	0	18875
28251	127	33	125	18487	0	18772
28252	88	41	90	18499	0	18718
28253	85	17701	99	463	0	18348
28254	18378	520	64	244	0	19206
28255	292	97	82	22509	0	22980
28256	127	21979	83	426	0	22615
28257	96	291	64	23120	0	23571
28258	23828	116	78	451	0	24473
28259	24328	83	80	231	0	24722
28260	24736	70	77	204	0	25087
28261	446	24870	138	171	0	25625
28262	198	338	26374	176	0	27086
28263	25857	124	333	188	0	26502
28264	27486	85	134	192	0	27897
28265	438	26314	146	194	0	27092
28266	27443	331	80	184	0	28038
28267	27124	131	92	181	0	27528
28268	27435	92	91	188	0	27806
28269	504	28030	109	187	0	28830
28270	235	332	95	28736	0	29398
28271	28774	147	63	433	0	29417
28272	28798	103	74	231	0	29206
28273	28645	92	61	217	0	29015
28274	29536	65	74	213	0	29888
28275	551	98	47	29339	0	30035
28276	290	115	29740	450	0	30595
28277	275	66	333	29906	0	30580
28278	240	29841	161	491	0	30733
28279	214	388	119	32460	0	33181
28280	222	176	31798	535	0	32731
28281	31388	137	408	269	0	32202
28282	517	108	178	32709	0	33512
28283	31917	81	124	560	0	32682
28284	32350	86	89	283	0	32808
28285	591	92	78	37509	0	38270
28286	354	87	37216	543	0	38200
28287	302	170	33256	268	0	33996
28288	33056	77	430	203	0	33766
28289	495	35017	217	229	0	35958
28290	270	35121	154	177	0	35722
28291	225	35632	158	189	0	36204
28292	211	36110	124	201	0	36646
28293	36755	477	223	138	0	37593
28294	36433	179	82	172	0	36866
28295	36301	163	68	142	0	36674
28296	36351	134	85	146	0	36716
28297	530	138	89	35725	0	36482
28298	266	33140	101	365	0	33872
28299	34187	326	95	146	0	34754
28300	479	161	33718	163	0	34521
28301	251	32928	326	224	0	33729
28302	232	359	33985	144	0	34720
28303	33404	124	337	146	0	34011
28304	34498	120	134	144	0	34896
28305	34233	110	127	135	0	34605
28306	509	90	133	33908	0	34640
28307	314	131	33416	369	0	34230
28308	234	32239	368	198	0	33039
28309	33230	324	142	152	0	33848
28310	440	32098	144	153	0	32835
28311	258	31996	117	164	0	32535
28312	234	32569	120	139	0	33062
28313	245	32572	113	141	0	33071
28314	260	518	29935	106	0	30819
28315	223	30545	327	119	0	31214
28316	30065	306	394	80	0	30845
28317	337	133	61	29738	0	30269
28318	217	125	51	30342	0	30735
28319	30269	88	73	253	0	30683
28320	343	28850	98	150	0	29441
28321	207	288	30808	128	0	31431
28322	183	133	238	30530	0	31084
28323	173	120	98	31332	0	31723
28324	184	114	75	31722	0	32095
28325	160	157	31374	294	0	31985
28326	165	148	30777	150	0	31240
28327	174	129	245	30955	0	31503
28328	195	114	31422	263	0	31994
28329	161	114	27491	115	0	27881
28330	22386	103	358	174	0	23021
28331	301	25893	204	110	0	26508
28332	160	25346	118	92	0	25716
28333	145	25881	123	94	0	26243
28334	141	257	72	23791	0	24261
28335	119	23424	102	178	0	23823
28336	24203	241	99	79	0	24622
28337	215	188	24469	74	0	24946
28338	24175	152	293	74	0	24694
28339	372	112	83	25509	0	26076
28340	174	95	72	26268	0	26609
28341	163	27445	91	351	0	28050
28342	28338	365	78	166	0	28947
28343	28243	139	103	122	0	28607
28344	479	30463	119	117	0	31178
28345	192	499	54	30696	0	31441
28346	159	245	30184	524	0	31112
28347	134	215	30928	213	0	31490
28348	119	30736	661	180	0	31696
28349	31861	546	259	118	0	32784
28350	664	276	31134	102	0	32176
28351	310	179	608	31035	0	32132
28352	31599	137	298	600	0	32634
28353	31920	120	216	260	0	32516
28354	821	39748	250	194	0	41013
28355	348	41211	190	145	0	41894
28356	41883	1191	137	105	0	43316
28357	1087	650	40469	102	0	42308
28358	39690	636	963	108	0	41397
28359	39590	213	398	88	0	40289
28360	1331	204	277	38876	0	40688
28361	648	185	37838	946	0	39617
28362	435	184	36939	339	0	37897
28363	35742	96	1299	277	0	37414
28364	1107	201	37307	145	0	38760
28365	35526	136	1207	146	0	37015
28366	37318	124	523	112	0	38077
28367	1353	35902	433	141	0	37829
28368	731	1018	36013	91	0	37853
28369	486	35429	1144	110	0	37169
28370	36434	1132	517	77	0	38160
28371	1197	556	36560	84	0	38397
28372	668	364	1050	35665	0	37747
28373	515	229	37184	961	0	38889
28374	396	216	36859	409	0	37880
28375	418	214	36730	248	0	37610
28376	352	213	35141	176	0	35882
28377	343	32884	1798	208	0	35233
28378	277	1340	33365	99	0	35081
28379	383	32238	1391	141	0	34153
28380	347	1199	32934	79	0	34559
28381	32627	519	1389	116	0	34651
28382	1284	438	711	29157	0	31590
28383	601	32932	608	742	0	34883
28384	33186	1051	497	340	0	35074
28385	31271	544	550	251	0	32616
28386	31045	435	446	206	0	32132
28387	31120	321	563	117	0	32121
28388	1665	30450	531	186	0	32832
28389	30593	1076	489	146	0	32304
28390	30999	569	538	146	0	32252
28391	1598	28893	488	182	0	31161
28392	904	1290	28322	139	0	30655
28393	679	707	1257	28047	0	30690
28394	519	29609	867	936	0	31931
28395	491	1324	29515	433	0	31763
28396	574	672	29656	345	0	31247
28397	557	29069	1749	185	0	31560
28398	595	29615	930	244	0	31384
28399	600	30536	771	216	0	32123
28400	606	32151	569	207	0	33533
28401	30612	1893	608	147	0	33260
28402	31736	1048	518	174	0	33476
28403	1937	835	31578	199	0	34549
28404	1174	654	31985	176	0	33989
28405	927	599	1690	30799	0	34015
28406	813	553	1042	31592	0	34000
28407	810	582	783	32873	0	35048
28408	31754	531	789	1640	0	34714
28409	1636	31206	730	819	0	34391
28410	1018	34942	747	500	0	37207
28411	903	35955	683	1021	0	38562
28412	34968	2308	714	312	0	38302
28413	36170	1231	683	304	0	38388
28414	2339	976	655	35215	0	39185
28415	36069	793	787	1476	0	39125
28416	36519	756	738	593	0	38606
28417	2482	753	705	35664	0	39604
28418	36927	686	744	1720	0	40077
28419	2389	35907	929	782	0	40007
28420	1310	1930	874	36989	0	41103
28421	1170	1017	33605	1852	0	37644
28422	1051	34380	2094	782	0	38307
28423	1000	2226	34569	657	0	38452
28424	980	1127	2370	31113	0	35590
28425	995	35154	1259	1521	0	38929
28426	1032	2076	1140	34143	0	38391
28427	981	1085	983	36347	0	39396
28428	1109	864	34627	2200	0	38800
28429	1072	798	36528	1028	0	39426
28430	934	733	2473	36350	0	40490
28431	970	839	1391	33551	0	36751
28432	967	36413	1195	2003	0	40578
28433	34821	2276	961	1039	0	39097
28434	2335	36387	949	816	0	40487
28435	1292	38261	928	608	0	41089
28436	1132	2703	34942	664	0	39441
28437	795	35731	2015	619	0	39160
28438	892	2366	1196	32031	0	36485
28439	853	35651	960	1788	0	39252
28440	733	2266	810	33731	0	37540
28441	634	33751	800	1945	0	37130
28442	32523	2379	1011	948	0	36861
28443	2001	33444	814	816	0	37075
28444	754	2073	528	28126	0	31481
28445	676	30583	547	1460	0	33266
28446	30515	2077	454	643	0	33689
28447	29352	1036	314	588	0	31290
28448	2034	28987	357	467	0	31845
28449	28732	1933	328	409	0	31402
28450	1912	1842	391	27208	0	31353
28451	879	879	26903	1691	0	30352
28452	700	757	27459	750	0	29666
28453	562	28229	1768	754	0	31313
28454	18006	1120	227	303	0	19656
28455	18800	390	148	242	0	19580
28456	1206	403	18446	231	0	20286
28457	371	391	18802	231	0	19795
28458	18257	331	1066	223	0	19877
28459	19570	332	340	213	0	20455
28460	1141	344	18022	292	0	19799
28461	17890	374	953	237	0	19454
28462	1115	17723	306	259	0	19403
28463	331	19089	236	277	0	19933
28464	315	1310	239	17731	0	19595
28465	252	562	191	19003	0	20008
28466	18164	444	196	1269	0	20073
28467	18707	366	218	447	0	19738
28468	18368	346	227	345	0	19286
28469	1319	313	227	17628	0	19487
28470	511	353	223	18081	0	19168
28471	490	16050	198	1180	0	17918
28472	391	17146	223	467	0	18227
28473	286	17859	276	394	0	18815
28474	321	1337	274	15894	0	17826
28475	332	16559	234	963	0	18088
28476	368	1323	15784	343	0	17818
28477	16025	487	958	356	0	17826
28478	1201	410	16490	329	0	18430
28479	459	423	16531	271	0	17684
28480	15466	367	1061	269	0	17163
28481	1199	16783	348	244	0	18574
28482	17375	1189	296	224	0	19084
28483	17194	490	904	309	0	18897
28484	1194	504	15804	239	0	17741
28485	510	436	14882	238	0	16066
28486	388	14614	957	326	0	16285
28487	416	1086	14370	345	0	16217
28488	475	433	969	14425	0	16302
28489	478	361	345	13889	0	15073
28490	417	14326	358	1035	0	16136
28491	362	15653	324	406	0	16745
28492	14157	1290	264	348	0	16059
28493	14806	579	245	320	0	15950
28494	1190	568	222	15036	0	17016
28495	528	452	253	16086	0	17319
28496	15275	375	272	1174	0	17096
28497	15669	348	309	432	0	16758
28498	1182	15158	411	326	0	17077
28499	15033	1104	326	276	0	16739
28500	1110	12857	291	162	0	14420
28501	443	13873	259	159	0	14734
28502	13424	1152	191	167	0	14934
28503	13359	548	149	228	0	14284
28504	1203	410	165	13244	0	15022
28505	13601	346	168	942	0	15057
28506	1246	289	12571	291	0	14397
28507	525	12932	871	270	0	14598
28508	13317	998	289	283	0	14887
28509	1079	432	13887	264	0	15662
28510	295	227	533	10065	0	11120
28511	287	10432	157	527	0	11403
28512	291	11089	115	197	0	11692
28513	11334	680	131	125	0	12270
28514	733	258	10635	128	0	11754
28515	10651	227	528	114	0	11520
28516	726	150	204	11123	0	12203
28517	343	161	10888	569	0	11961
28518	10479	94	436	134	0	11143
28519	488	10270	208	114	0	11080
28520	234	12685	158	99	0	13176
28521	13181	468	126	66	0	13841
28522	13327	203	107	95	0	13732
28523	14234	154	89	104	0	14581
28524	563	119	113	14197	0	14992
28525	314	108	103	14633	0	15158
28526	258	124	14196	427	0	15005
28527	202	108	13859	192	0	14361
28528	196	14681	420	155	0	15452
28529	120	314	102	14193	0	14729
28530	14196	120	78	288	0	14682
28531	330	13601	65	139	0	14135
28532	148	330	36	14355	0	14869
28533	14241	114	35	318	0	14708
28534	344	13347	64	136	0	13891
28535	163	13697	65	116	0	14041
28536	133	371	13290	100	0	13894
28537	12186	59	158	44	0	12447
28538	13159	53	54	50	0	13316
28539	209	55	12716	56	0	13036
28540	11001	30	83	14	0	11128
28541	73	27	11988	16	0	12104
28542	37	11423	83	23	0	11566
28543	47	80	12	12221	0	12360
28544	12222	22	13	70	0	12327
28545	94	11613	39	17	0	11763
28546	28	11833	37	25	0	11923
28547	12050	78	32	11	0	12171
28548	82	51	13305	12	0	13450
28549	12377	2	15	6	0	12400
28550	13	12634	32	12	0	12691
28551	8	43	12412	4	0	12467
28552	12801	5	13	3	0	12822
28553	12927	3	4	1	0	12935
28554	6	6	4	12516	0	12532
28555	8	3	0	12754	0	12765
28556	8	12348	16	18	0	12390
28557	8	111	12544	10	0	12673
28558	9	14	99	12771	0	12893
28559	10	17	13477	140	0	13644
28560	8	23	13183	22	0	13236
28561	4	6	152	13045	0	13207
28562	13	13	13640	140	0	13806
28563	11	16	13827	23	0	13877
28564	5	9	157	13195	0	13366
28565	7	14	13922	147	0	14090
28566	12478	6	164	29	0	12677
28567	138	12564	88	37	0	12827
28568	29	158	13260	12	0	13459
28569	34	49	15442	7	0	15532
28570	7	20	160	15162	0	15349
28571	16274	12	58	141	0	16485
28572	16188	6	31	31	0	16256
28573	16246	6	17	31	0	16300
28574	16436	2	24	15	0	16477
28575	189	6	26	16026	0	16247
28576	44	22	15747	156	0	15969
28577	15736	11	151	34	0	15932
28578	16310	8	45	29	0	16392
28579	16457	13	32	31	0	16533
28580	190	19	15691	19	0	15919
28581	14131	10	176	29	0	14346
28582	168	13	66	16194	0	16441
28583	45	15950	89	184	0	16268
28584	40	187	54	16387	0	16668
28585	27	15989	68	181	0	16265
28586	16548	193	50	50	0	16841
28587	220	49	16550	41	0	16860
28588	49	33	187	16958	0	17227
28589	44	16491	96	188	0	16819
28590	25	17173	76	52	0	17326
28591	17787	222	47	37	0	18093
28592	17923	58	39	33	0	18053
28593	273	62	17037	22	0	17394
28594	16502	16	200	31	0	16749
28595	267	19	57	16650	0	16993
28596	87	39	17759	228	0	18113
28597	85	36	17308	64	0	17493
28598	58	22	236	18940	0	19256
28599	19516	9	101	276	0	19902
28600	300	27	64	19257	0	19648
28601	119	11	44	19575	0	19749
28602	100	24	54	19574	0	19752
28603	57	19128	80	353	0	19618
28604	57	260	34	20431	0	20782
28605	19809	85	50	351	0	20295
28606	287	19444	70	116	0	19917
28607	111	306	32	20229	0	20678
28608	19954	79	58	342	0	20433
28609	309	18647	88	118	0	19162
28610	99	19503	82	95	0	19779
28611	92	373	45	19937	0	20447
28612	19741	135	43	347	0	20266
28613	364	93	19036	122	0	19615
28614	156	100	18595	89	0	18940
28615	19184	43	389	85	0	19701
28616	19857	47	160	63	0	20127
28617	443	18981	135	94	0	19653
28618	176	348	71	18518	0	19113
28619	118	125	18688	370	0	19301
28620	85	94	16688	148	0	17015
28621	107	54	17106	121	0	17388
28622	109	16563	466	87	0	17225
28623	80	17000	168	103	0	17351
28624	16667	423	86	99	0	17275
28625	407	178	16465	73	0	17123
28626	16088	122	405	82	0	16697
28627	16706	65	144	89	0	17004
28628	520	93	15301	85	0	15999
28629	217	15843	400	86	0	16546
28630	143	401	148	16177	0	16869
28631	106	168	16041	422	0	16737
28632	105	152	15656	148	0	16061
28633	15073	79	483	130	0	15765
28634	417	15829	217	88	0	16551
28635	186	413	125	15888	0	16612
28636	171	156	102	16277	0	16706
28637	109	15988	138	445	0	16680
28638	108	16528	131	185	0	16952
28639	109	16687	95	137	0	17028
28640	97	535	91	16961	0	17684
28641	17110	185	94	454	0	17843
28642	474	141	104	17615	0	18334
28643	216	113	17243	516	0	18088
28644	156	129	17136	188	0	17609
28645	106	100	524	17637	0	18367
28646	142	139	17038	492	0	17811
28647	117	16741	540	241	0	17639
28648	124	463	199	18688	0	19474
28649	21558	183	147	686	0	22574
28650	21559	134	126	220	0	22039
28651	830	21064	122	195	0	22211
28652	22980	739	107	151	0	23977
28653	23226	256	95	133	0	23710
28654	24098	180	99	145	0	24522
28655	968	184	21946	125	0	23223
28656	20974	122	553	91	0	21740
28657	695	21362	217	125	0	22399
28658	240	583	21257	68	0	22148
28659	173	224	20955	82	0	21434
28660	129	20839	683	85	0	21736
28661	21650	597	208	74	0	22529
28662	1185	205	121	20685	0	22196
28663	228	20450	140	566	0	21384
28664	21699	594	94	193	0	22580
28665	673	199	85	21743	0	22700
28666	22460	131	104	663	0	23358
28667	697	100	81	22708	0	23586
28668	240	131	22196	718	0	23285
28669	191	123	21069	226	0	21609
28670	141	126	21079	167	0	21513
28671	170	111	796	19779	0	20856
28672	146	106	248	21506	0	22006
28673	173	159	20274	800	0	21406
28674	150	20936	676	311	0	22073
28675	22288	678	240	173	0	23379
28676	22269	229	172	130	0	22800
28677	865	22191	204	102	0	23362
28678	323	731	159	22585	0	23798
28679	222	261	23032	739	0	24254
28680	23694	161	797	232	0	24884
28681	811	133	24469	190	0	25603
28682	289	149	24026	102	0	24566
28683	228	155	24216	100	0	24699
28684	23178	128	922	130	0	24358
28685	841	161	23616	117	0	24735
28686	317	22939	822	125	0	24203
28687	249	24109	307	115	0	24780
28688	201	843	208	22326	0	23578
28689	219	243	192	23284	0	23938
28690	182	172	22352	795	0	23501
28691	21870	128	734	275	0	23007
28692	23614	120	315	171	0	24220
28693	910	130	241	23382	0	24663
28694	23429	136	207	755	0	24527
28695	835	22874	234	251	0	24194
28696	22326	785	183	187	0	23481
28697	855	22191	200	206	0	23452
28698	286	21689	171	160	0	22306
28699	21605	818	158	131	0	22712
28700	21928	249	180	139	0	22496
28701	22291	158	185	142	0	22776
28702	23057	114	175	126	0	23472
28703	1054	167	20610	104	0	21935
28704	20193	152	755	93	0	21193
28705	887	138	253	20165	0	21443
28706	301	21388	206	697	0	22592
28707	21702	803	171	221	0	22897
28708	884	22530	172	211	0	23797
28709	24051	844	147	107	0	25149
28710	959	243	137	23086	0	24425
28711	389	199	122	24119	0	24829
28712	345	173	22657	897	0	24072
28713	332	200	23425	276	0	24233
28714	275	23606	853	246	0	24980
28715	22774	862	277	144	0	24057
28716	913	23162	212	157	0	24444
28717	365	23531	205	166	0	24267
28718	379	25368	187	149	0	26083
28719	418	1024	23130	141	0	24713
28720	345	24238	836	127	0	25546
28721	24013	927	456	118	0	25514
28722	24432	294	227	156	0	25109
28723	1001	268	195	22781	0	24245
28724	388	23084	215	772	0	24459
28725	299	24146	209	241	0	24895
28726	333	991	189	23505	0	25018
28727	373	394	22790	809	0	24366
28728	331	22934	782	293	0	24340
28729	300	936	224	23011	0	24471
28730	22160	326	219	866	0	23571
28731	22734	298	210	286	0	23528
28732	932	23050	206	237	0	24425
28733	23992	946	179	208	0	25325
28734	24528	325	209	203	0	25265
28735	1050	298	213	23779	0	25340
28736	423	313	22846	809	0	24391
28737	343	22725	849	302	0	24219
28738	326	900	286	23371	0	24883
28739	339	389	22706	810	0	24244
28740	332	22639	787	304	0	24062
28741	22601	934	225	229	0	23989
28742	22889	356	195	180	0	23620
28743	1018	345	180	21613	0	23156
28744	420	22040	196	759	0	23415
28745	394	886	21329	274	0	22883
28746	325	350	754	22003	0	23432
28747	309	356	21952	841	0	23458
28748	268	18908	609	250	0	20035
28749	229	560	151	16686	0	17626
28750	16363	232	130	479	0	17204
28751	554	16434	124	200	0	17312
28752	15421	591	106	160	0	16278
28753	15392	221	139	125	0	15877
28754	580	14945	131	159	0	15815
28755	264	574	114	15028	0	15980
28756	245	291	118	15045	0	15699
28757	227	14456	133	544	0	15360
28758	206	15278	131	211	0	15826
28759	267	626	136	14382	0	15411
28760	258	14958	111	450	0	15777
28761	15090	623	89	198	0	16000
28762	14840	257	131	168	0	15396
28763	572	253	14236	171	0	15232
28764	216	255	13515	136	0	14122
28765	12908	213	415	108	0	13644
28766	13269	242	128	143	0	13782
28767	471	12917	138	169	0	13695
28768	13369	532	108	130	0	14139
28769	13766	278	99	139	0	14282
28770	507	13351	109	156	0	14123
28771	13723	494	115	119	0	14451
28772	514	255	108	17958	0	18835
28773	227	232	101	18937	0	19497
28774	181	250	17774	824	0	19029
28775	105	17768	623	180	0	18676
28776	114	19343	155	142	0	19754
28777	18548	875	112	249	0	19784
28778	19905	263	55	147	0	20370
28779	19334	168	88	188	0	19778
28780	19637	166	117	133	0	20053
28781	941	226	18351	113	0	19631
28782	278	235	18110	101	0	18724
28783	238	18325	755	105	0	19423
28784	245	856	181	18481	0	19763
28785	247	274	130	17817	0	18468
28786	230	19376	129	764	0	20499
28787	229	863	124	19636	0	20852
28788	19248	252	152	831	0	20483
28789	842	19121	161	237	0	20361
28790	295	916	18387	202	0	19800
28791	220	18586	708	174	0	19688
28792	19157	869	167	170	0	20363
28793	830	302	18528	193	0	19853
28794	18568	240	756	153	0	19717
28795	19644	209	210	157	0	20220
28796	951	211	18732	159	0	20053
28797	270	190	18390	95	0	18945
28798	254	194	18994	77	0	19519
28799	18191	151	828	103	0	19273
28800	879	144	19385	70	0	20478
28801	336	19091	748	125	0	20300
28802	19275	670	252	67	0	20264
28803	768	193	18982	63	0	20006
28804	18081	144	774	102	0	19101
28805	793	105	20147	88	0	21133
28806	217	94	20453	46	0	20810
28807	168	20317	757	66	0	21308
28808	167	639	20137	39	0	20982
28809	196	158	19010	45	0	19409
28810	166	17505	809	51	0	18531
28811	18893	644	268	32	0	19837
28812	683	164	18723	43	0	19613
28813	165	144	638	16388	0	17335
28814	132	17392	235	459	0	18218
28815	17907	559	218	104	0	18788
28816	17953	201	173	89	0	18416
28817	693	142	17640	73	0	18548
28818	206	16057	654	57	0	16974
28819	140	17140	234	80	0	17594
28820	133	717	162	16330	0	17342
28821	183	16579	165	497	0	17424
28822	212	661	132	16337	0	17342
28823	209	204	152	17090	0	17655
28824	184	16667	165	612	0	17628
28825	176	663	153	16648	0	17640
28826	144	16718	178	604	0	17644
28827	129	721	16074	216	0	17140
28828	141	284	588	16369	0	17382
28829	135	221	227	16810	0	17393
28830	121	16366	181	684	0	17352
28831	164	17354	122	254	0	17894
28832	187	757	119	16124	0	17187
28833	163	15901	201	582	0	16847
28834	15831	734	176	232	0	16973
28835	638	250	175	15703	0	16766
28836	180	15681	219	630	0	16710
28837	15892	750	142	213	0	16997
28838	624	15697	165	238	0	16724
28839	248	761	15242	214	0	16465
28840	236	319	607	15702	0	16864
28841	15926	246	265	674	0	17111
28842	705	242	15858	224	0	17029
28843	288	274	663	15428	0	16653
28844	259	15745	281	577	0	16862
28845	239	722	15600	184	0	16745
28846	250	15697	685	152	0	16784
28847	16077	659	301	146	0	17183
28848	16316	272	333	93	0	17014
28849	760	15842	273	132	0	17007
28850	16315	708	272	149	0	17444
28851	706	296	15701	99	0	16802
28852	232	268	767	15570	0	16837
28853	236	250	312	15619	0	16417
28854	297	15579	282	573	0	16731
28855	17308	733	264	183	0	18488
28856	17791	310	197	146	0	18444
28857	803	248	16629	88	0	17768
28858	17699	192	697	146	0	18734
28859	18329	206	301	125	0	18961
28860	18391	193	292	121	0	18997
28861	872	232	218	17464	0	18786
28862	365	229	214	17719	0	18527
28863	275	17191	282	663	0	18411
28864	17781	736	213	213	0	18943
28865	18057	257	168	217	0	18699
28866	815	17619	195	141	0	18770
28867	334	730	160	18974	0	20198
28868	275	18750	138	778	0	19941
28869	218	19464	158	251	0	20091
28870	18988	889	141	222	0	20240
28871	871	395	18552	202	0	20020
28872	152	169	13568	53	0	13942
28873	123	13405	330	101	0	13959
28874	12065	218	69	35	0	12387
28875	223	107	11249	31	0	11610
28876	96	10300	255	56	0	10707
28877	10882	181	39	16	0	11118
28878	180	56	9985	23	0	10244
28879	44	46	167	9758	0	10015
28880	10324	43	44	195	0	10606
28881	242	87	11235	55	0	11619
28882	65	91	12480	56	0	12692
28883	63	60	12630	11	0	12764
28884	23	65	13031	6	0	13125
28885	12325	18	258	8	0	12609
28886	12806	41	76	11	0	12934
28887	236	12756	94	10	0	13096
28888	44	216	61	13239	0	13560
28889	64	62	27	13365	0	13518
28890	49	12917	60	190	0	13216
28891	26	225	45	13319	0	13615
28892	51	12870	34	252	0	13207
28893	60	13329	51	44	0	13484
28894	89	223	53	13346	0	13711
28895	54	63	13564	204	0	13885
28896	13	13430	359	44	0	13846
28897	20	260	118	14425	0	14823
28898	13869	79	63	218	0	14229
28899	262	95	13543	28	0	13928
28900	12742	147	225	38	0	13152
28901	13124	46	72	66	0	13308
28902	243	59	137	12690	0	13129
28903	57	93	12971	300	0	13421
28904	145	63	12716	119	0	13043
28905	76	11719	312	69	0	12176
28906	29	291	166	11201	0	11687
28907	51	131	10558	359	0	11099
28908	69	221	11769	77	0	12136
28909	104	12033	350	100	0	12587
28910	12650	279	161	85	0	13175
28911	13558	201	247	35	0	14041
28912	329	106	269	14319	0	15023
28913	202	195	14955	386	0	15738
28914	276	174	16193	124	0	16767
28915	152	15675	577	204	0	16608
28916	116	528	16437	68	0	17149
28917	197	264	16519	83	0	17063
28918	81	168	618	15574	0	16441
28919	57	81	16659	552	0	17349
28920	15859	151	521	163	0	16694
28921	341	86	385	16759	0	17571
28922	199	113	16635	397	0	17344
28923	168	15781	634	165	0	16748
28924	203	380	330	16613	0	17526
28925	334	168	16376	423	0	17301
28926	229	16452	468	255	0	17404
28927	68	563	279	16897	0	17807
28928	75	17184	271	532	0	18062
28929	77	519	222	17625	0	18443
28930	85	386	151	17717	0	18339
28931	81	202	16981	730	0	17994
28932	62	16883	582	315	0	17842
28933	84	619	264	17384	0	18351
28934	126	231	211	17610	0	18178
28935	157	155	316	17987	0	18615
28936	94	297	17043	708	0	18142
28937	43	16420	583	505	0	17551
28938	187	435	378	17486	0	18486
28939	105	306	17143	498	0	18052
28940	201	16562	592	286	0	17641
28941	220	489	342	17276	0	18327
28942	80	218	16805	715	0	17818
28943	41	16411	716	322	0	17490
28944	111	460	453	16633	0	17657
28945	70	389	215	17447	0	18121
28946	36	209	19136	743	0	20124
28947	17816	236	667	314	0	19033
28948	369	18560	430	386	0	19745
28949	19773	556	287	221	0	20837
28950	595	339	19075	179	0	20188
28951	19245	176	516	194	0	20131
28952	453	214	323	19821	0	20811
28953	173	198	339	20826	0	21536
28954	130	126	20168	658	0	21082
28955	18380	257	582	310	0	19529
28956	19264	227	387	271	0	20149
28957	473	19775	390	288	0	20926
28958	201	19996	181	330	0	20708
28959	20415	474	257	249	0	21395
28960	573	259	20579	181	0	21592
28961	188	20477	485	278	0	21428
28962	138	513	342	22594	0	23587
28963	98	381	255	23242	0	23976
28964	131	244	22546	693	0	23614
28965	22164	137	596	384	0	23281
28966	477	321	23361	241	0	24400
28967	21741	94	434	145	0	22414
28968	451	122	23407	125	0	24105
28969	199	23188	555	129	0	24071
28970	25127	427	254	105	0	25913
28971	25299	205	178	137	0	25819
28972	25177	137	141	138	0	25593
28973	25391	154	152	120	0	25817
28974	663	122	116	24954	0	25855
28975	339	101	24328	446	0	25214
28976	192	159	461	23804	0	24616
28977	148	23432	272	518	0	24370
28978	147	382	185	25050	0	25764
28979	112	249	24296	522	0	25179
28980	187	189	23322	230	0	23928
28981	144	103	515	22552	0	23314
28982	21900	115	323	417	0	22755
28983	21373	110	259	236	0	21978
28984	21482	145	198	184	0	22009
28985	595	161	20940	164	0	21860
28986	390	148	20414	152	0	21104
28987	279	19504	555	176	0	20514
28988	233	20551	303	168	0	21255
28989	21084	464	223	192	0	21963
28990	21028	281	227	175	0	21711
28991	527	22351	219	199	0	23296
28992	23941	479	150	172	0	24742
28993	23632	279	159	188	0	24258
28994	619	23095	225	197	0	24136
28995	23587	461	211	128	0	24387
28996	22677	285	168	191	0	23321
28997	689	22711	173	186	0	23759
28998	23778	615	170	114	0	24677
28999	23475	300	227	162	0	24164
29000	740	293	22289	144	0	23466
29001	410	373	22256	212	0	23251
29002	312	22136	641	378	0	23467
29003	266	23125	400	349	0	24140
29004	23992	576	373	156	0	25097
29005	23709	287	307	145	0	24448
29006	23524	269	347	109	0	24249
29007	934	23951	298	112	0	25295
29008	408	455	245	23370	0	24478
29009	356	423	24564	324	0	25667
29010	481	193	387	23746	0	24807
29011	537	23424	251	331	0	24543
29012	23674	383	118	144	0	24319
29013	619	22030	120	189	0	22958
29014	325	291	138	21293	0	22047
29015	22938	138	241	366	0	23683
29016	22792	176	163	266	0	23397
29017	462	280	21716	177	0	22635
29018	22352	200	374	201	0	23127
29019	23886	126	369	95	0	24476
29020	24969	114	274	127	0	25484
29021	692	83	127	24169	0	25071
29022	542	23646	134	336	0	24658
29023	467	361	71	24997	0	25896
29024	405	248	24428	358	0	25439
29025	254	24663	675	213	0	25805
29026	161	504	331	24876	0	25872
29027	230	450	23876	352	0	24908
29028	270	23914	378	132	0	24694
29029	403	485	130	24184	0	25202
29030	423	260	24119	388	0	25190
29031	20516	270	453	180	0	21419
29032	718	152	24537	89	0	25496
29033	454	222	23714	81	0	24471
29034	342	23295	504	108	0	24249
29035	437	465	191	24238	0	25331
29036	408	273	109	23798	0	24588
29037	342	23263	155	418	0	24178
29038	437	504	92	24764	0	25797
29039	24999	199	203	440	0	25841
29040	24693	158	324	181	0	25356
29041	597	242	25043	145	0	26027
29042	25013	332	512	119	0	25976
29043	26190	364	194	94	0	26842
29044	849	253	26163	117	0	27382
29045	546	25249	502	125	0	26422
29046	433	24793	223	93	0	25542
29047	268	784	156	22331	0	23539
29048	192	24251	286	503	0	25232
29049	249	579	23299	229	0	24356
29050	240	379	22934	262	0	23815
29051	312	23581	598	147	0	24638
29052	24652	659	205	78	0	25594
29053	24722	425	141	168	0	25456
29054	24982	231	118	233	0	25564
29055	24983	191	113	132	0	25419
29056	24507	179	240	96	0	25022
29057	780	22557	304	103	0	23744
29058	303	550	22174	73	0	23100
29059	237	217	431	22703	0	23588
29060	21893	145	146	414	0	22598
29061	515	21492	99	162	0	22268
29062	280	414	82	20731	0	21507
29063	235	192	20130	379	0	20936
29064	184	19231	422	154	0	19991
29065	147	19377	148	75	0	19747
29066	19443	443	82	62	0	20030
29067	369	18445	92	61	0	18967
29068	121	311	63	17440	0	17935
29069	17403	140	45	299	0	17887
29070	17383	93	52	103	0	17631
29071	17493	55	48	62	0	17658
29072	419	105	16574	39	0	17137
29073	159	16469	323	53	0	17004
29074	18484	329	113	37	0	18963
29075	357	135	50	18346	0	18888
29076	19188	78	54	333	0	19653
29077	426	18502	80	131	0	19139
29078	20744	401	35	70	0	21250
29079	22703	125	58	49	0	22935
29080	624	68	46	22227	0	22965
29081	206	126	22420	512	0	23264
29082	125	83	492	24037	0	24737
29083	23901	61	138	654	0	24754
29084	23889	58	99	168	0	24214
29085	674	22965	111	122	0	23872
29086	22968	558	52	69	0	23647
29087	599	23677	85	72	0	24433
29088	24428	591	53	57	0	25129
29089	24447	160	53	83	0	24743
29090	705	172	22850	64	0	23791
29091	210	21527	508	77	0	22322
29092	153	498	102	21579	0	22332
29093	102	135	68	22115	0	22420
29094	98	99	56	21313	0	21566
29095	98	21119	52	566	0	21835
29096	88	524	20639	171	0	21422
29097	100	191	21139	98	0	21528
29098	72	26242	608	105	0	27027
29099	27223	730	190	77	0	28220
29100	768	261	26507	55	0	27591
29101	25630	163	734	59	0	26586
29102	835	25435	293	61	0	26624
29103	304	772	26317	74	0	27467
29104	196	243	782	26298	0	27519
29105	133	190	26432	761	0	27516
29106	119	172	26668	253	0	27212
29107	163	104	933	22741	0	23941
29108	124	24085	382	635	0	25226
29109	124	24182	203	198	0	24707
29110	24267	903	123	110	0	25403
29111	822	386	23895	91	0	25194
29112	24904	211	791	60	0	25966
29113	25606	126	265	71	0	26068
29114	997	24937	213	93	0	26240
29115	24191	804	108	55	0	25158
29116	24288	253	78	71	0	24690
29117	23758	180	70	85	0	24093
29118	1020	22864	124	58	0	24066
29119	401	21041	122	59	0	21623
29120	267	21981	101	53	0	22402
29121	22008	929	181	27	0	23145
29122	22716	322	57	49	0	23144
29123	991	271	22212	44	0	23518
29124	393	170	21090	42	0	21695
29125	22116	103	757	61	0	23037
29126	22688	102	329	64	0	23183
29127	23169	96	231	82	0	23578
29128	970	75	125	22121	0	23291
29129	414	127	113	22893	0	23547
29130	279	113	101	23293	0	23786
29131	222	123	110	23573	0	24028
29132	197	169	21829	939	0	23134
29133	243	151	22422	347	0	23163
29134	241	139	22767	201	0	23348
29135	248	156	22220	112	0	22736
29136	22059	111	933	87	0	23190
29137	795	21485	384	122	0	22786
29138	369	22625	262	129	0	23385
29139	22772	823	179	138	0	23912
29140	858	388	22148	135	0	23529
29141	382	292	20559	118	0	21351
29142	20754	206	812	124	0	21896
29143	21464	172	377	135	0	22148
29144	916	21517	274	166	0	22873
29145	636	819	195	21901	0	23551
29146	22086	302	187	779	0	23354
29147	22555	265	205	237	0	23262
29148	1165	239	146	20795	0	22345
29149	571	22779	167	755	0	24272
29150	23638	831	173	316	0	24958
29151	1015	334	22005	285	0	23639
29152	22156	263	834	215	0	23468
29153	1010	22390	369	177	0	23946
29154	24211	870	290	200	0	25571
29155	24578	376	256	162	0	25372
29156	1148	337	24112	128	0	25725
29157	572	249	23899	129	0	24849
29158	23953	201	1061	116	0	25331
29159	24720	244	476	126	0	25566
29160	1081	23934	345	128	0	25488
29161	542	921	267	24782	0	26512
29162	456	348	24703	814	0	26321
29163	24853	281	948	296	0	26378
29164	1024	305	428	25169	0	26926
29165	539	249	357	26034	0	27179
29166	25532	243	342	995	0	27112
29167	1083	26017	290	393	0	27783
29168	27251	926	260	284	0	28721
29169	27098	350	310	204	0	27962
29170	27143	306	254	227	0	27930
29171	1278	25891	271	418	0	27858
29172	26654	900	264	165	0	27983
29173	1208	347	248	26676	0	28479
29174	552	322	183	26294	0	27351
29175	522	292	24936	982	0	26732
29176	455	228	24064	411	0	25158
29177	462	24121	895	279	0	25757
29178	439	24297	369	143	0	25248
29179	363	788	21828	108	0	23087
29180	287	22149	680	119	0	23235
29181	22299	774	1126	96	0	24295
29182	24057	264	188	86	0	24595
29183	24353	213	121	91	0	24778
29184	1002	204	112	24005	0	25323
29185	494	164	122	24860	0	25640
29186	353	187	27268	862	0	28670
29187	284	26916	678	396	0	28274
29188	27499	685	287	218	0	28689
29189	781	27322	224	142	0	28469
29190	28420	766	169	96	0	29451
29191	28495	306	148	125	0	29074
29192	1021	215	129	27810	0	29175
29193	554	143	113	28238	0	29048
29194	379	128	86	28975	0	29568
29195	308	174	26734	1042	0	28258
29196	225	26770	673	553	0	28221
29197	193	26803	288	305	0	27589
29198	127	20678	105	62	0	20972
29199	124	20769	83	76	0	21052
29200	130	21146	49	82	0	21407
29201	20316	505	47	80	0	20948
29202	420	209	20098	75	0	20802
29203	171	19405	359	92	0	20027
29204	126	406	19050	87	0	19669
29205	95	19862	366	92	0	20415
29206	128	427	129	19302	0	19986
29207	100	179	81	20450	0	20810
29208	94	21177	77	347	0	21695
29209	21459	402	62	140	0	22063
29210	415	189	21079	89	0	21772
29211	197	20980	320	94	0	21591
29212	147	397	20947	108	0	21599
29213	116	143	359	21038	0	21656
29214	119	120	127	20522	0	20888
29215	110	20877	111	417	0	21515
29216	112	382	80	21545	0	22119
29217	97	201	68	21214	0	21580
29218	103	20839	88	422	0	21452
29219	113	461	20608	158	0	21340
29220	120	213	20587	124	0	21044
29221	19865	141	399	118	0	20523
29222	21145	116	165	119	0	21545
29223	453	113	104	19888	0	20558
29224	195	114	19941	393	0	20643
29225	108	125	362	19479	0	20074
29226	86	20799	186	374	0	21445
29227	116	438	20568	146	0	21268
29228	107	20095	391	119	0	20712
29229	160	452	20238	106	0	20956
29230	109	20368	401	107	0	20985
29231	20878	427	144	111	0	21560
29232	362	182	132	20605	0	21281
29233	140	172	86	20624	0	21022
29234	106	149	20627	486	0	21368
29235	111	182	20007	218	0	20518
29236	97	19955	452	148	0	20652
29237	20793	446	171	101	0	21511
29238	381	230	118	20440	0	21169
29239	196	198	20650	383	0	21427
29240	146	167	20028	181	0	20522
29241	19018	149	456	183	0	19806
29242	20198	138	225	149	0	20710
29243	456	147	20192	152	0	20947
29244	145	98	206	17930	0	18379
29245	95	18237	159	202	0	18693
29246	18916	237	90	117	0	19360
29247	214	18509	101	103	0	18927
29248	18779	273	68	71	0	19191
29249	241	17692	80	86	0	18099
29250	154	18223	72	99	0	18548
29251	123	322	70	18286	0	18801
29252	83	180	80	18123	0	18466
29253	69	18397	90	353	0	18909
29254	89	294	17244	197	0	17824
29255	75	213	17101	117	0	17506
29256	62	176	16685	102	0	17025
29257	15733	134	339	88	0	16294
29258	17443	129	158	83	0	17813
29259	321	17272	122	91	0	17806
29260	190	278	17398	91	0	17957
29261	83	170	261	17163	0	17677
29262	50	158	17829	277	0	18314
29263	62	140	18568	156	0	18926
29264	68	172	386	19376	0	20002
29265	50	175	203	21364	0	21792
29266	84	155	23110	554	0	23903
29267	21225	209	467	292	0	22193
29268	415	22696	325	188	0	23624
29269	223	23564	288	138	0	24213
29270	172	667	232	23171	0	24242
29271	23792	371	312	486	0	24961
29272	596	25335	211	258	0	26400
29273	25715	678	131	243	0	26767
29274	657	25899	169	209	0	26934
29275	27434	989	167	277	0	28867
29276	835	425	26559	405	0	28224
29277	364	440	26912	305	0	28021
29278	268	368	938	26720	0	28294
29279	260	221	26184	743	0	27408
29280	218	25234	1121	307	0	26880
29281	263	25713	690	227	0	26893
29282	24541	1393	375	110	0	26419
29283	773	497	230	24174	0	25674
29284	308	24541	300	588	0	25737
29285	25214	674	359	297	0	26544
29286	21413	405	215	370	0	22403
29287	22091	268	426	161	0	22946
29288	896	222	402	21548	0	23068
29289	504	192	198	23300	0	24194
29290	349	226	22253	965	0	23793
29291	328	246	22184	402	0	23160
29292	22473	224	778	392	0	23867
29293	780	395	431	22395	0	24001
29294	403	449	22076	762	0	23690
29295	22079	279	676	497	0	23531
29296	984	23948	349	260	0	25541
29297	25014	828	251	266	0	26359
29298	25329	402	210	208	0	26149
29299	25371	449	219	197	0	26236
29300	1315	195	24066	223	0	25799
29301	24676	190	922	152	0	25940
29302	1029	179	518	24075	0	25801
29303	529	22853	451	875	0	24708
29304	482	24897	508	336	0	26223
29305	25098	951	310	332	0	26691
29306	25017	577	283	172	0	26049
29307	25110	321	152	286	0	25869
29308	1153	333	165	23732	0	25383
29309	832	377	136	24068	0	25413
29310	775	240	120	23052	0	24187
29311	743	23832	162	940	0	25677
29312	24913	694	184	495	0	26286
29313	25006	286	166	594	0	26052
29314	25180	253	240	475	0	26148
29315	1180	235	23758	345	0	25518
29316	24340	211	869	314	0	25734
29317	1334	251	328	23904	0	25817
29318	646	24477	349	844	0	26316
29319	25545	744	364	334	0	26987
29320	25254	383	177	329	0	26143
29321	1343	459	25781	252	0	27835
29322	975	239	705	25478	0	27397
29323	848	25546	312	804	0	27510
29324	26941	756	284	416	0	28397
29325	1179	425	360	26435	0	28399
29326	878	356	201	25911	0	27346
29327	672	282	241	26602	0	27797
29328	607	438	165	27209	0	28419
29329	584	455	25278	1229	0	27546
29330	723	25361	764	675	0	27523
29331	715	900	286	26524	0	28425
29332	648	487	26159	1131	0	28425
29333	25993	405	826	802	0	28026
29334	27388	299	347	730	0	28764
29335	1323	351	333	27080	0	29087
29336	27210	400	254	1146	0	29010
29337	28138	281	236	624	0	29279
29338	1664	359	26087	469	0	28579
29339	1033	26245	913	470	0	28661
29340	27845	882	578	416	0	29721
29341	1448	353	369	27864	0	30034
29342	28541	339	350	1185	0	30415
29343	1354	416	365	28407	0	30542
29344	897	332	259	29510	0	30998
29345	810	399	27796	1302	0	30307
29346	25215	294	1096	760	0	27365
29347	1262	27976	406	718	0	30362
29348	873	1088	27958	446	0	30365
29349	837	27945	912	623	0	30317
29350	28253	1001	380	340	0	29974
29351	1173	408	283	28070	0	29934
29352	27978	297	223	1048	0	29546
29353	1143	27479	246	562	0	29430
29354	28502	915	222	457	0	30096
29355	29535	372	206	387	0	30500
29356	29509	263	235	352	0	30359
29357	29521	199	245	321	0	30286
29358	1484	27434	225	302	0	29445
29359	28653	923	180	299	0	30055
29360	1351	451	217	27975	0	29994
29361	855	356	145	28190	0	29546
29362	746	25529	172	1109	0	27556
29363	648	25403	187	534	0	26772
29364	576	26185	154	363	0	27278
29365	24600	919	102	280	0	25901
29366	772	21670	123	226	0	22791
29367	385	21374	98	193	0	22050
29368	22042	716	335	177	0	23270
29369	21960	268	61	182	0	22471
29370	805	21817	103	185	0	22910
29371	22007	616	87	159	0	22869
29372	735	242	19252	147	0	20376
29373	18805	177	371	118	0	19471
29374	645	177	18491	148	0	19461
29375	301	16822	342	114	0	17579
29376	239	18468	137	123	0	18967
29377	224	440	77	18924	0	19665
29378	18349	183	56	344	0	18932
29379	18641	137	55	148	0	18981
29380	18619	103	54	127	0	18903
29381	18600	116	58	94	0	18868
29382	17687	114	76	120	0	17997
29383	539	133	16559	113	0	17344
29384	273	169	15233	125	0	15800
29385	16560	103	348	118	0	17129
29386	464	15919	194	104	0	16681
29387	16073	334	74	71	0	16552
29388	16177	147	57	74	0	16455
29389	15503	119	63	83	0	15768
29390	15529	102	60	84	0	15775
29391	15516	100	70	76	0	15762
29392	481	131	14515	100	0	15227
29393	15031	126	274	99	0	15530
29394	15597	124	99	103	0	15923
29395	767	138	14566	103	0	15574
29396	13237	118	264	107	0	13726
29397	13634	129	106	93	0	13962
29398	513	140	13327	80	0	14060
29399	347	142	13538	85	0	14112
29400	298	13537	358	101	0	14294
29401	205	312	102	13918	0	14537
29402	243	121	13977	267	0	14608
29403	13937	98	280	98	0	14413
29404	447	83	93	14615	0	15238
29405	229	94	14424	316	0	15063
29406	14216	91	312	116	0	14735
29407	14639	104	117	74	0	14934
29408	14722	100	91	81	0	14994
29409	500	15155	78	108	0	15841
29410	261	327	68	15248	0	15904
29411	218	14366	88	313	0	14985
29412	14864	367	74	115	0	15420
29413	14790	130	101	85	0	15106
29414	502	144	14212	57	0	14915
29415	278	13957	284	41	0	14560
29416	220	14332	148	40	0	14740
29417	196	391	93	13543	0	14223
29418	209	164	70	14032	0	14475
29419	13812	121	55	341	0	14329
29420	430	13633	72	124	0	14259
29421	277	12450	60	88	0	12875
29422	299	389	12171	54	0	12913
29423	237	12513	267	55	0	13072
29424	12884	366	109	42	0	13401
29425	500	166	12390	58	0	13114
29426	11282	113	218	53	0	11666
29427	372	96	11722	49	0	12239
29428	11191	96	231	63	0	11581
29429	359	12267	102	66	0	12794
29430	12705	313	83	40	0	13141
29431	386	155	12850	29	0	13420
29432	13845	92	224	20	0	14181
29433	14169	70	71	24	0	14334
29434	398	91	13661	22	0	14172
29435	13924	73	256	18	0	14271
29436	15573	57	72	29	0	15731
29437	15157	68	52	27	0	15304
29438	510	14679	70	34	0	15293
29439	15524	340	62	24	0	15950
29440	460	147	14748	17	0	15372
29441	210	15112	321	19	0	15662
29442	16225	305	492	9	0	17031
29443	15852	93	62	9	0	16016
29444	16387	59	49	6	0	16501
29445	505	15406	57	30	0	15998
29446	214	373	28	20888	0	21503
29447	143	171	20318	607	0	21239
29448	111	63	599	21102	0	21875
29449	111	92	20893	694	0	21790
29450	19956	42	706	249	0	20953
29451	680	21004	301	125	0	22110
29452	306	656	140	20288	0	21390
29453	192	21246	98	608	0	22144
29454	150	722	69	21556	0	22497
29455	148	278	50	20964	0	21440
29456	109	21003	79	878	0	22069
29457	118	726	64	20927	0	21835
29458	127	290	56	21879	0	22352
29459	138	21432	91	973	0	22634
29460	117	22393	102	396	0	23008
29461	123	990	69	22026	0	23208
29462	153	418	20966	847	0	22384
29463	122	21827	745	344	0	23038
29464	138	871	258	21078	0	22345
29465	176	406	20761	864	0	22207
29466	95	20921	766	387	0	22169
29467	21234	834	305	276	0	22649
29468	805	399	20285	176	0	21665
29469	20159	236	780	167	0	21342
29470	856	175	303	20664	0	21998
29471	353	168	171	21503	0	22195
29472	196	193	122	21986	0	22497
29473	146	210	20571	1208	0	22135
29474	137	198	20555	525	0	21415
29475	19831	206	972	332	0	21341
29476	806	193	390	20270	0	21659
29477	347	194	20383	948	0	21872
29478	20355	215	825	450	0	21845
29479	885	187	333	20665	0	22070
29480	395	196	230	21351	0	22172
29481	244	201	178	21049	0	21672
29482	198	21315	174	1209	0	22896
29483	177	869	170	20869	0	22085
29484	173	20740	164	1020	0	22097
29485	184	21973	176	537	0	22870
29486	21609	1100	209	355	0	23273
29487	21054	515	202	292	0	22063
29488	22058	303	159	321	0	22841
29489	1122	21205	220	326	0	22873
29490	21523	907	181	307	0	22918
29491	21997	435	156	321	0	22909
29492	1144	300	216	21309	0	22969
29493	540	276	210	22175	0	23201
29494	352	295	20089	1286	0	22022
29495	258	20731	878	718	0	22585
29496	20838	928	383	474	0	22623
29497	20756	497	291	406	0	21950
29498	1103	20973	261	391	0	22728
29499	20700	987	209	389	0	22285
29500	20708	493	168	448	0	21817
29501	1153	373	184	19146	0	20856
29502	620	18629	192	1017	0	20458
29503	430	20001	197	611	0	21239
29504	19328	1072	185	477	0	21062
29505	996	570	157	19530	0	21253
29506	492	447	18480	1074	0	20493
29507	18458	353	826	676	0	20313
29508	1011	384	18466	464	0	20325
29509	542	17393	894	1189	0	20018
29510	18291	947	433	443	0	20114
29511	1042	566	17646	478	0	19732
29512	568	436	878	18176	0	20058
29513	420	378	17534	1236	0	19568
29514	323	18148	978	689	0	20138
29515	409	1049	487	18454	0	20399
29516	363	619	17837	1175	0	19994
29517	16719	434	906	762	0	18821
29518	974	18547	440	593	0	20554
29519	540	1079	309	17458	0	19386
29520	407	18758	302	1082	0	20549
29521	18772	1173	249	605	0	20799
29522	18385	657	214	602	0	19858
29523	1185	18283	279	557	0	20304
29524	626	1110	266	17806	0	19808
29525	437	18451	258	1068	0	20214
29526	18447	1076	315	650	0	20488
29527	1056	688	17500	679	0	19923
29528	609	518	16902	437	0	18466
29529	468	16801	1036	431	0	18736
29530	433	18181	572	367	0	19553
29531	394	1141	958	16865	0	19358
29532	16117	589	309	909	0	17924
29533	16623	384	319	551	0	17877
29534	16249	340	247	398	0	17234
29535	1169	15812	310	431	0	17722
29536	588	707	261	14059	0	15615
29537	486	14611	225	767	0	16089
29538	14799	781	272	495	0	16347
29539	837	422	237	14611	0	16107
29540	526	266	13306	843	0	14941
29541	369	13602	692	531	0	15194
29542	12251	603	304	269	0	13427
29543	706	349	11810	223	0	13088
29544	11384	297	476	282	0	12439
29545	733	11750	233	302	0	13018
29546	105	6748	25	35	0	6913
29547	6549	204	31	33	0	6817
29548	193	6496	34	35	0	6758
29549	6042	154	4	25	0	6225
29550	135	6194	16	34	0	6379
29551	6349	132	20	37	0	6538
29552	6528	49	229	28	0	6834
29553	149	58	7341	25	0	7573
29554	57	50	7168	11	0	7286
29555	49	6931	105	22	0	7107
29556	7480	107	26	17	0	7630
29557	138	48	7249	18	0	7453
29558	6218	8	14	3	0	6243
29559	15	5	5	6377	0	6402
29560	11	16	7471	14	0	7512
29561	16	16	6858	8	0	6898
29562	6	9	7271	5	0	7291
29563	0	7084	15	1	0	7100
29564	1	5	0	7521	0	7527
29565	7230	0	0	0	0	7230
29566	2	0	0	7955	0	7957
29567	8016	1	1	7	0	8025
29568	4	2	0	8605	0	8611
29569	10070	0	1	11	0	10082
29570	9293	1	3	5	0	9302
29571	11353	2	1	5	0	11361
29572	90	11111	26	10	0	11237
29573	49	104	11169	1	0	11323
29574	21	46	92	11542	0	11701
29575	36	98	78	9585	0	9797
29576	12	13	22	11738	0	11785
29577	13	7	8	11363	0	11391
29578	8	11141	24	209	0	11382
29579	17	149	10839	90	0	11095
29580	4	11377	136	58	0	11575
29581	2	157	45	11605	0	11809
29582	8	54	29	11243	0	11334
29583	3	34	12	11394	0	11443
29584	10	20	7	11360	0	11397
29585	7	10752	29	225	0	11013
29586	2	11030	24	93	0	11149
29587	16	193	11425	65	0	11699
29588	5	82	132	11532	0	11751
29589	4	41	46	11804	0	11895
29590	2	22	30	12227	0	12281
29591	12424	27	18	223	0	12692
29592	131	11923	40	114	0	12208
29593	50	169	12020	70	0	12309
29594	12063	61	136	54	0	12314
29595	141	39	43	14313	0	14536
29596	14356	20	34	182	0	14592
29597	177	19	18	14383	0	14597
29598	15740	30	13	183	0	15966
29599	168	27	18	16099	0	16312
29600	16106	15	25	202	0	16348
29601	193	28	17123	104	0	17448
29602	79	12	127	17120	0	17338
29603	50	18278	68	166	0	18562
29604	44	150	34	20107	0	20335
29605	19968	73	21	281	0	20343
29606	248	20260	63	133	0	20704
29607	109	285	16	22229	0	22639
29608	94	21472	36	436	0	22038
29609	63	428	12	22526	0	23029
29610	45	174	4	22769	0	22992
29611	53	131	21912	558	0	22654
29612	47	75	343	23482	0	23947
29613	48	69	23323	528	0	23968
29614	28	22464	437	255	0	23184
29615	23621	363	161	171	0	24316
29616	380	174	23215	137	0	23906
29617	22289	113	400	100	0	22902
29618	25057	76	139	88	0	25360
29619	525	68	105	24621	0	25319
29620	230	89	25954	421	0	26694
29621	26616	51	418	210	0	27295
29622	29157	41	170	167	0	29535
29623	593	32	125	28928	0	29678
29624	309	29	76	29429	0	29843
29625	190	29167	92	659	0	30108
29626	104	445	61	30413	0	31023
29627	91	29785	66	605	0	30547
29628	70	593	29442	307	0	30412
29629	73	249	446	30644	0	31412
29630	30667	171	185	613	0	31636
29631	30775	102	128	330	0	31335
29632	631	30825	130	290	0	31876
29633	338	520	69	32435	0	33362
29634	32413	250	74	571	0	33308
29635	573	31658	111	338	0	32680
29636	32935	588	45	248	0	33816
29637	665	255	44	32854	0	33818
29638	33350	203	56	678	0	34287
29639	731	200	32573	336	0	33840
29640	340	32478	600	307	0	33725
29641	33796	643	261	231	0	34931
29642	661	33582	265	219	0	34727
29643	35327	833	145	202	0	36507
29644	35435	450	80	171	0	36136
29645	1082	343	34304	186	0	35915
29646	590	252	646	33889	0	35377
29647	35740	130	309	770	0	36949
29648	891	190	34912	419	0	36412
29649	35569	231	1005	358	0	37163
29650	1072	434	361	36992	0	38859
29651	856	282	36243	812	0	38193
29652	541	431	746	35639	0	37357
29653	35607	162	355	985	0	37109
29654	1186	173	34436	540	0	36335
29655	532	118	1174	35249	0	37073
29656	493	239	411	36485	0	37628
29657	36264	107	441	1108	0	37920
29658	35738	254	529	651	0	37172
29659	1530	34100	239	621	0	36490
29660	863	722	219	34846	0	36650
29661	578	348	555	35728	0	37209
29662	504	284	218	36427	0	37433
29663	35530	248	267	1315	0	37360
29664	35073	117	510	920	0	36620
29665	1260	168	155	35645	0	37228
29666	814	32846	185	1429	0	35274
29667	1017	656	246	34135	0	36054
29668	741	32857	182	1135	0	34915
29669	32462	1131	171	719	0	34483
29670	877	31696	277	884	0	33734
29671	30369	740	125	878	0	32112
29672	1016	412	127	30150	0	31705
29673	30716	266	105	860	0	31947
29674	1408	277	27780	555	0	30020
29675	656	28004	598	1000	0	30258
29676	30210	933	282	578	0	32003
29677	29759	484	252	624	0	31119
29678	970	594	165	28826	0	30555
29679	1040	27977	153	703	0	29873
29680	804	870	87	29292	0	31053
29681	752	366	83	29574	0	30775
29682	476	412	95	29839	0	30822
29683	29092	216	185	1324	0	30817
29684	28716	371	387	784	0	30258
29685	1151	444	138	28549	0	30282
29686	1064	27571	142	818	0	29595
29687	28961	575	87	533	0	30156
29688	922	453	26887	884	0	29146
29689	638	628	516	28095	0	29877
29690	435	314	27809	1239	0	29797
29691	382	302	651	28670	0	30005
29692	537	195	27692	1274	0	29698
29693	844	196	644	28359	0	30043
29694	29056	154	343	1102	0	30655
29695	27288	345	212	891	0	28736
29696	1056	26450	202	667	0	28375
29697	28247	685	228	500	0	29660
29698	1019	411	398	26616	0	28444
29699	759	793	227	26355	0	28134
29700	26589	245	358	1154	0	28346
29701	941	158	23653	1094	0	25846
29702	562	357	23734	705	0	25358
29703	725	194	22928	770	0	24617
29704	21548	182	834	384	0	22948
29705	1053	259	24337	418	0	26067
29706	645	484	22631	257	0	24017
29707	21753	169	536	506	0	22964
29708	630	21391	595	668	0	23284
29709	479	393	284	23326	0	24482
29710	849	232	307	23196	0	24584
29711	502	238	23075	633	0	24448
29712	21148	269	837	506	0	22760
29713	22187	114	602	428	0	23331
29714	22149	162	370	472	0	23153
29715	807	114	21808	404	0	23133
29716	20995	105	689	378	0	22167
29717	1039	215	21423	328	0	23005
29718	592	19593	615	331	0	21131
29719	374	20276	499	665	0	21814
29720	19107	433	288	577	0	20405
29721	516	17256	561	337	0	18670
29722	715	16737	284	248	0	17984
29723	17198	365	141	195	0	17899
29724	808	16381	313	184	0	17686
29725	15743	416	456	279	0	16894
29726	716	278	239	15953	0	17186
29727	403	404	247	16155	0	17209
29728	360	543	160	16289	0	17352
29729	430	384	197	15781	0	16792
29730	735	14888	131	507	0	16261
29731	16529	621	247	320	0	17717
29732	656	19145	130	267	0	20198
29733	499	19465	242	201	0	20407
29734	386	1068	20278	136	0	21868
29735	20345	344	570	157	0	21416
29736	1001	261	21342	166	0	22770
29737	359	294	23092	318	0	24063
29738	278	25189	934	365	0	26766
29739	75	26664	279	76	0	27094
29740	25439	880	151	60	0	26530
29741	718	26164	259	92	0	27233
29742	219	854	26207	24	0	27304
29743	125	24741	926	28	0	25820
29744	104	716	28096	15	0	28931
29745	54	291	27778	14	0	28137
29746	26984	161	1025	19	0	28189
29747	757	133	27355	7	0	28252
29748	239	76	930	26679	0	27924
29749	25869	53	377	711	0	27010
29750	736	24299	326	255	0	25616
29751	277	676	25213	134	0	26300
29752	25565	211	797	73	0	26646
29753	793	164	304	23232	0	24493
29754	287	22923	288	620	0	24118
29755	176	628	24880	199	0	25883
29756	25165	202	781	131	0	26279
29757	791	167	25230	70	0	26258
29758	280	80	879	25275	0	26514
29759	197	96	24862	757	0	25912
29760	732	41	878	25222	0	26873
29761	23978	52	335	861	0	25226
29762	713	24385	243	334	0	25675
29763	25205	696	137	192	0	26230
29764	880	257	24646	111	0	25894
29765	306	155	776	24102	0	25339
29766	200	127	24075	732	0	25134
29767	24708	55	858	252	0	25873
29768	25371	67	314	152	0	25904
29769	952	25254	231	96	0	26533
29770	26068	762	145	60	0	27035
29771	26260	240	110	54	0	26664
29772	1085	155	91	25560	0	26891
29773	457	159	24054	764	0	25434
29774	286	24305	781	267	0	25639
29775	200	729	258	25998	0	27185
29776	26011	287	185	815	0	27298
29777	866	223	25800	283	0	27172
29778	340	138	26076	200	0	26754
29779	222	124	25942	139	0	26427
29780	25880	161	1180	93	0	27314
29781	962	287	25688	60	0	26997
29782	26108	402	1118	59	0	27687
29783	1360	279	23182	102	0	24923
29784	532	25541	1333	217	0	27623
29785	378	844	699	26223	0	28144
29786	472	381	25774	889	0	27516
29787	665	24974	1135	321	0	27095
29788	566	26370	543	241	0	27720
29789	497	1363	368	26233	0	28461
29790	26038	567	310	915	0	27830
29791	1317	346	313	26090	0	28066
29792	25900	314	398	1261	0	27873
29793	1106	395	443	26051	0	27995
29794	552	471	24809	1190	0	27022
29795	542	346	25170	722	0	26780
29796	24529	187	1476	434	0	26626
29797	25484	222	1142	241	0	27089
29798	1258	255	24422	214	0	26149
29799	24538	217	1574	186	0	26515
29800	1556	287	23983	148	0	25974
29801	827	23391	1659	125	0	26002
29802	748	23965	958	172	0	25843
29803	543	23968	861	186	0	25558
29804	408	1547	631	23411	0	25997
29805	21695	751	616	1184	0	24246
29806	22391	698	668	473	0	24230
29807	1236	852	480	21956	0	24524
29808	714	794	20653	1170	0	23331
29809	662	430	1114	21756	0	23962
29810	810	305	20904	1340	0	23359
29811	600	285	1264	21398	0	23547
29812	21006	204	711	1436	0	23357
29813	21508	175	798	864	0	23345
29814	21599	182	908	550	0	23239
29815	21900	184	806	379	0	23269
29816	2003	225	522	20328	0	23078
29817	1254	181	578	21084	0	23097
29818	20765	192	727	1253	0	22937
29819	21504	199	612	594	0	22909
29820	1574	395	628	20368	0	22965
29821	826	678	449	20954	0	22907
29822	616	735	339	21083	0	22773
29823	548	588	352	21584	0	23072
29824	20664	321	342	1762	0	23089
29825	1629	243	19804	896	0	22572
29826	1027	202	1016	20263	0	22508
29827	20141	174	655	1549	0	22519
29828	1234	180	19341	916	0	21671
29829	732	160	1259	20364	0	22515
29830	671	195	19169	1417	0	21452
29831	708	17633	1147	874	0	20362
29832	888	1035	521	13771	0	16215
29833	13490	203	384	749	0	14826
29834	1219	1646	320	9836	0	13021
29835	846	10659	224	851	0	12580
29836	588	10063	199	814	0	11664
29837	547	6231	131	585	0	7494
29838	716	5037	118	314	0	6185
29839	3297	101	61	373	0	3832
29840	317	31	43	2902	0	3293
29841	106	22	1504	749	0	2381
29842	143	26	59	1700	0	1928
29843	235	17	1053	534	0	1839
29844	1369	21	204	282	0	1876
29845	197	11	304	1337	0	1849
29846	245	4	170	1444	0	1863
29847	364	4	231	1269	0	1868
29848	174	12	338	1293	0	1817
29849	1098	13	156	372	0	1639
29850	1098	8	55	176	0	1337
29851	81	13	52	1121	0	1267
29852	1089	15	45	74	0	1223
29853	62	9	998	74	0	1143
29854	24	1037	34	52	0	1147
29855	17	25	14	1044	0	1100
29856	23	20	14	1010	0	1067
29857	24	1046	10	56	0	1136
29858	40	24	10	1044	0	1118
29859	20	9	22	1097	0	1148
29860	1071	8	7	62	0	1148
29861	48	11	1007	41	0	1107
29862	20	1	1043	39	0	1103
29863	1053	11	33	42	0	1139
29864	33	14	1020	24	0	1091
29865	1059	14	32	26	0	1131
29866	1051	8	17	31	0	1107
29867	57	10	15	1053	0	1135
29868	8	2	292	12	0	314
29869	299	1	10	8	0	318
29870	9	304	5	10	0	328
29871	300	3	6	6	0	315
29872	296	5	1	8	0	310
29873	318	5	0	11	0	334
29874	3	0	0	0	0	3
29875	3	0	0	0	0	3
29876	2	0	0	0	0	2
29877	3	0	0	0	0	3
29878	3	0	0	0	0	3
29879	2	0	0	0	0	2
29880	3	0	0	0	0	3
29881	3	0	0	0	0	3
29882	3	0	0	0	0	3
29883	3	0	0	0	0	3
29884	3	0	0	0	0	3
29885	3	0	0	0	0	3
29886	3	0	0	0	0	3
29887	3	0	0	0	0	3
29888	3	0	0	0	0	3
29889	3	0	0	0	0	3
29890	3	0	0	0	0	3
29891	3	0	0	0	0	3
29892	3	0	0	0	0	3
29893	3	0	0	0	0	3
29894	3	0	0	0	0	3
29895	3	0	0	0	0	3
29896	3	0	0	0	0	3
29897	3	0	0	0	0	3
29898	3	0	0	0	0	3
29899	3	0	0	0	0	3
29900	3	0	0	0	0	3
29901	3	0	0	0	0	3
29902	3	0	0	0	0	3
29903	3	0	0	0	0	3
