Pos	A	C	G	T	Other	Total
1	0	0	0	0	0	0
2	0	0	0	0	0	0
3	0	0	0	0	0	0
4	0	0	0	0	0	0
5	0	0	0	0	0	0
6	3	0	0	0	0	3
7	0	0	5	0	0	5
8	0	0	6	0	0	6
9	0	0	0	8	0	8
10	0	0	0	8	0	8
11	0	0	0	10	0	10
12	22	0	0	1	0	23
13	0	0	0	69	0	69
14	131	0	0	2	0	133
15	0	217	0	0	0	217
16	0	444	0	0	0	444
17	6	0	0	1102	0	1108
18	1	0	0	1240	0	1241
19	2	1651	3	0	0	1656
20	0	1847	0	1	0	1848
21	0	2138	0	8	0	2146
22	2315	0	1	9	0	2325
23	1	0	2335	0	0	2336
24	0	1	2366	0	0	2367
25	2	0	0	2573	0	2575
26	2765	0	0	8	0	2773
27	2791	0	0	1	0	2792
28	0	2804	0	0	0	2804
29	3184	0	0	11	0	3195
30	3423	0	0	6	0	3429
31	3502	0	0	6	0	3508
32	2	3505	0	2	0	3509
33	0	3606	0	1	0	3607
34	3797	0	0	2	0	3799
35	3857	0	0	2	0	3859
36	0	3900	0	3	0	3903
37	0	4162	0	0	0	4162
38	4222	0	0	1	0	4223
39	4219	0	0	3	0	4222
40	0	4241	0	1	0	4242
41	0	0	0	4383	0	4383
42	1	0	0	4426	0	4427
43	0	0	0	4408	0	4408
44	0	4396	1	5	0	4402
45	2	0	4354	0	0	4356
46	4226	0	0	4	0	4230
47	0	0	0	4484	0	4484
48	0	4490	1	0	0	4491
49	0	0	0	4554	0	4554
50	0	4553	0	2	0	4555
51	0	0	0	4590	0	4590
52	1	0	0	4634	0	4635
53	3	2	4648	0	0	4653
54	1	0	1	4627	0	4629
55	4687	0	0	1	0	4688
56	0	0	4640	0	0	4640
57	4570	0	0	2	0	4572
58	0	0	1	4721	0	4722
59	0	4728	0	2	0	4730
60	1	1	0	4788	0	4790
61	1	0	4781	1	0	4783
62	1	2	1	4729	0	4733
63	1	0	0	4803	0	4804
64	2	4850	0	4	0	4856
65	2	0	0	4908	0	4910
66	13	4839	0	8	0	4860
67	0	1	0	4920	0	4921
68	4927	0	0	1	0	4928
69	4878	0	1	1	0	4880
70	4926	0	0	2	0	4928
71	11	4937	0	5	0	4953
72	9	3	4929	1	0	4942
73	4855	0	1	4	0	4860
74	5095	0	1	0	0	5096
75	2	5211	1	3	0	5217
76	0	3	1	4233	0	4237
77	1	1	0	4251	0	4253
78	2	0	0	3777	0	3779
79	3827	1	0	19	0	3847
80	3838	0	0	8	0	3846
81	3838	0	0	8	0	3846
82	3875	0	0	6	0	3881
83	21	0	0	3850	0	3871
84	10	3853	0	14	0	3877
85	8	13	0	3957	0	3978
86	4	6	3982	14	0	4006
87	4	3	20	4036	0	4063
88	0	2	4136	25	0	4163
89	0	2	20	4128	0	4150
90	1	0	4253	26	0	4280
91	3	1	4219	8	0	4231
92	0	4418	27	10	0	4455
93	2	20	11	4586	0	4619
94	1	7	4728	24	0	4760
95	2	3	28	4657	0	4690
96	1	4744	10	23	0	4778
97	4780	27	3	7	0	4817
98	24	4893	2	8	0	4927
99	11	25	3	4874	0	4913
100	3	4939	0	30	0	4972
101	3	29	4860	6	0	4898
102	8	8	4804	4	0	4824
103	1	4908	29	2	0	4940
104	2	22	8	5000	0	5032
105	2	10	4996	23	0	5031
106	1	4972	31	13	0	5017
107	4998	26	7	5	0	5036
108	24	9	4	5038	0	5075
109	8	3	5123	28	0	5162
110	4	5128	27	9	0	5168
111	3	30	7	5209	0	5249
112	5	4	4	5210	0	5223
113	5122	4	4	35	0	5165
114	24	3	5122	12	0	5161
115	6	8	20	5063	0	5097
116	7	0	4972	29	0	5008
117	3	4660	28	11	0	4702
118	4547	25	6	8	0	4586
119	21	4367	10	5	0	4403
120	7	30	6	4256	0	4299
121	5	4176	6	25	0	4212
122	4090	34	1	5	0	4130
123	28	4109	2	12	0	4151
124	5	32	4027	5	0	4069
125	3	4002	28	3	0	4036
126	3902	31	10	4	0	3947
127	26	9	3995	5	0	4035
128	9	8	30	4008	0	4055
129	3871	7	14	30	0	3922
130	36	6	5	3750	0	3797
131	3783	3	5	37	0	3828
132	3784	3	5	8	0	3800
133	40	2	5	3755	0	3802
134	12	6	2	3726	0	3746
135	3664	4	2	44	0	3714
136	3632	4	3	14	0	3653
137	46	3	2	3533	0	3584
138	3532	4	7	38	0	3581
139	3543	2	8	18	0	3571
140	38	3551	6	12	0	3607
141	16	34	2	3560	0	3612
142	3576	11	4	41	0	3632
143	3604	8	5	16	0	3633
144	42	7	5	3586	0	3640
145	16	11	3	3619	0	3649
146	3598	5	4	41	0	3648
147	35	3607	8	15	0	3665
148	14	37	4	3573	0	3628
149	11	11	3573	40	0	3635
150	11	9	33	3492	0	3545
151	11	3549	9	36	0	3605
152	7	33	3546	19	0	3605
153	7	7	35	3491	0	3540
154	9	7	14	3399	0	3429
155	11	5	3527	43	0	3586
156	3391	8	34	18	0	3451
157	39	3581	12	11	0	3643
158	3589	32	5	17	0	3643
159	39	10	3541	7	0	3597
160	17	7	3568	14	0	3606
161	3490	10	37	8	0	3545
162	41	3617	12	8	0	3678
163	3599	34	9	12	0	3654
164	37	3591	8	12	0	3648
165	13	36	3612	8	0	3669
166	3553	12	33	6	0	3604
167	37	12	3674	9	0	3732
168	18	9	34	3630	0	3691
169	3653	8	13	40	0	3714
170	3636	8	10	13	0	3667
171	45	3570	7	10	0	3632
172	19	95	8	3441	0	3563
173	12	3496	5	43	0	3556
174	11	35	3444	14	0	3504
175	19	52	38	3195	0	3304
176	9	3162	8	29	0	3208
177	16	34	8	3068	0	3126
178	2989	6	9	31	0	3035
179	23	4	8	2985	0	3020
180	13	2990	3	20	0	3026
181	9	23	5	3020	0	3057
182	9	8	4	2991	0	3012
183	10	2982	4	26	0	3022
184	10	24	8	2983	0	3025
185	12	5	2929	24	0	2970
186	6	2883	17	7	0	2913
187	2747	17	2	7	0	2773
188	19	4	2746	4	0	2773
189	8	1	2678	7	0	2694
190	7	2613	18	4	0	2642
191	31	30	15	2487	0	2563
192	8	2	2416	17	0	2443
193	8	2129	13	5	0	2155
194	6	10	4	2179	0	2199
195	5	1	3	2201	0	2210
196	2163	4	2	11	0	2180
197	9	2161	4	3	0	2177
198	4	9	2042	6	0	2061
199	7	2	2073	4	0	2086
200	3	6	10	2071	0	2090
201	5	3	1	2419	0	2428
202	5	6	2	2441	0	2454
203	3	2886	2	35	0	2926
204	4	46	2996	13	0	3059
205	4	20	48	3149	0	3221
206	4	3295	19	52	0	3370
207	5	3440	9	23	0	3477
208	5	80	3645	12	0	3742
209	3	31	71	3629	0	3734
210	5	15	4064	79	0	4163
211	2	10	87	4014	0	4113
212	3	5	39	4171	0	4218
213	4	9	4103	111	0	4227
214	2	4091	83	51	0	4227
215	4057	82	40	27	0	4206
216	77	43	4137	13	0	4270
217	34	4118	84	18	0	4254
218	14	4258	40	12	0	4324
219	7	110	4143	7	0	4267
220	4118	50	88	12	0	4268
221	89	25	41	3888	0	4043
222	35	4168	26	78	0	4307
223	4144	99	16	33	0	4292
224	90	48	13	3985	0	4136
225	46	4084	19	87	0	4236
226	4141	101	14	44	0	4300
227	88	58	4031	23	0	4200
228	44	4048	90	15	0	4197
229	3940	93	58	16	0	4107
230	83	3957	26	21	0	4087
231	3893	108	21	14	0	4036
232	103	56	16	3757	0	3932
233	47	3803	20	82	0	3952
234	26	93	17	3852	0	3988
235	3802	51	16	104	0	3973
236	91	31	3771	52	0	3945
237	47	25	3833	33	0	3938
238	33	28	121	3699	0	3881
239	24	31	58	3772	0	3885
240	28	24	32	3681	0	3765
241	25	3630	26	126	0	3807
242	13	98	3582	63	0	3756
243	16	64	88	3492	0	3660
244	22	3467	49	106	0	3644
245	21	3644	36	56	0	3757
246	25	119	3604	29	0	3777
247	21	71	3601	28	0	3721
248	22	37	3665	28	0	3752
249	20	35	125	3567	0	3747
250	23	39	3633	88	0	3783
251	16	28	119	3596	0	3759
252	26	26	3656	105	0	3813
253	3517	33	115	54	0	3719
254	95	3745	56	36	0	3932
255	56	4069	40	34	0	4199
256	36	141	4254	29	0	4460
257	4163	64	126	31	0	4384
258	4317	43	55	33	0	4448
259	4331	25	46	35	0	4437
260	150	33	4144	38	0	4365
261	69	23	4249	38	0	4379
262	43	25	165	4156	0	4389
263	4201	35	81	123	0	4440
264	4235	38	48	73	0	4394
265	148	34	4121	51	0	4354
266	4136	32	137	45	0	4350
267	138	37	78	4057	0	4310
268	71	43	4124	127	0	4365
269	45	27	4194	70	0	4336
270	4033	21	184	67	0	4305
271	119	34	4170	48	0	4371
272	4111	29	157	57	0	4354
273	133	30	4165	39	0	4367
274	75	3988	176	37	0	4276
275	55	4180	99	40	0	4374
276	50	158	71	4050	0	4329
277	42	88	74	4215	0	4419
278	40	58	4133	155	0	4386
279	53	53	150	4041	0	4297
280	60	3944	92	137	0	4233
281	59	4061	65	77	0	4262
282	55	4219	67	52	0	4393
283	61	177	67	4097	0	4402
284	60	94	4105	129	0	4388
285	61	64	4140	80	0	4345
286	50	54	200	4063	0	4367
287	63	50	97	4144	0	4354
288	61	37	80	3937	0	4115
289	69	4085	49	164	0	4367
290	4099	136	50	77	0	4362
291	4131	77	51	56	0	4315
292	161	4111	54	57	0	4383
293	107	132	4137	52	0	4428
294	4173	76	150	49	0	4448
295	162	60	4231	37	0	4490
296	4202	33	167	49	0	4451
297	4241	42	89	55	0	4427
298	4222	46	66	67	0	4401
299	4159	44	50	62	0	4315
300	180	4097	47	66	0	4390
301	3708	106	43	52	0	3909
302	121	3740	50	43	0	3954
303	3202	87	43	35	0	3367
304	96	3091	42	29	0	3258
305	36	71	2854	25	0	2986
306	30	243	78	2434	0	2785
307	27	2617	35	68	0	2747
308	23	2484	29	34	0	2570
309	2250	78	81	56	0	2465
310	1998	24	16	9	0	2047
311	51	2017	8	7	0	2083
312	28	42	15	1916	0	2001
313	21	2090	11	40	0	2162
314	2114	40	19	14	0	2187
315	53	14	2119	9	0	2195
316	32	13	38	2026	0	2109
317	23	10	17	2041	0	2091
318	29	10	12	2050	0	2101
319	15	12	2002	46	0	2075
320	21	1963	39	16	0	2039
321	19	2068	19	9	0	2115
322	21	37	18	2099	0	2175
323	14	19	2130	39	0	2202
324	17	14	43	2100	0	2174
325	13	16	15	2163	0	2207
326	12	22	17	2136	0	2187
327	18	16	12	2140	0	2186
328	2089	12	12	49	0	2162
329	36	2121	7	28	0	2192
330	2119	41	17	19	0	2196
331	51	17	2117	18	0	2203
332	19	20	2133	14	0	2186
333	21	18	41	2099	0	2179
334	15	16	16	2103	0	2150
335	13	2160	17	52	0	2242
336	13	36	2168	23	0	2240
337	9	2195	43	27	0	2274
338	6	42	2205	23	0	2276
339	2097	19	40	24	0	2180
340	41	2233	17	18	0	2309
341	14	43	2249	14	0	2320
342	16	27	37	2208	0	2288
343	12	21	2229	47	0	2309
344	14	2229	38	26	0	2307
345	13	39	23	2206	0	2281
346	14	2216	18	47	0	2295
347	21	38	2211	26	0	2296
348	16	23	37	2193	0	2269
349	2194	17	13	40	0	2264
350	44	2175	14	16	0	2249
351	26	39	2131	9	0	2205
352	17	57	39	2008	0	2121
353	14	12	2091	32	0	2149
354	8	15	1857	15	0	1895
355	7	1642	23	15	0	1687
356	7	10	15	1413	0	1445
357	1	6	9	1418	0	1434
358	4	9	5	1391	0	1409
359	1	4	1433	14	0	1452
360	1	3	1414	6	0	1424
361	1341	3	12	8	0	1364
362	6	2	1396	3	0	1407
363	1300	2	12	4	0	1318
364	10	1361	4	3	0	1378
365	2	8	6	1341	0	1357
366	4	1390	3	9	0	1406
367	1	1428	2	6	0	1437
368	3	9	1411	3	0	1426
369	0	10	10	1383	0	1403
370	0	3	1404	10	0	1417
371	1	5	1314	5	0	1325
372	1342	2	12	4	0	1360
373	7	3	1384	2	0	1396
374	3	2	1377	3	0	1385
375	1336	2	10	5	0	1353
376	6	0	1365	5	0	1376
377	4	2	1405	5	0	1416
378	3	3	12	1345	0	1363
379	2	1402	7	8	0	1419
380	5	9	3	1428	0	1445
381	2	5	4	1381	0	1392
382	1416	5	5	11	0	1437
383	8	2	2	1412	0	1424
384	3	1432	3	8	0	1446
385	1414	11	2	5	0	1432
386	9	6	1418	7	0	1440
387	1368	3	11	5	0	1387
388	8	2	1505	5	0	1520
389	5	2	1517	2	0	1526
390	3	1571	12	2	0	1588
391	1599	10	13	0	0	1622
392	14	1628	5	2	0	1649
393	6	17	1640	1	0	1664
394	4	6	15	1551	0	1576
395	0	1641	8	17	0	1666
396	1660	14	4	6	0	1684
397	1659	8	3	5	0	1675
398	15	1664	2	3	0	1684
399	1706	13	3	3	0	1725
400	18	5	4	1663	0	1690
401	7	1688	2	13	0	1710
402	5	15	5	1733	0	1758
403	3	9	2	1840	0	1854
404	1892	4	7	21	0	1924
405	1848	1	3	8	0	1860
406	1842	4	2	5	0	1853
407	25	3	1847	3	0	1878
408	1806	1	18	3	0	1828
409	18	8	4	1865	0	1895
410	8	1	1856	20	0	1885
411	9	2	1784	7	0	1802
412	1	1784	23	4	0	1812
413	1659	17	15	3	0	1694
414	16	1708	4	7	0	1735
415	4	20	2	1722	0	1748
416	8	4	0	1747	0	1759
417	3	4	1762	20	0	1789
418	2	1	19	1702	0	1724
419	3	1	1761	19	0	1784
420	0	1	1710	8	0	1719
421	2	1740	23	4	0	1769
422	3	17	8	1691	0	1719
423	4	5	2	1686	0	1697
424	1679	2	1	16	0	1698
425	16	2	1676	4	0	1698
426	3	1	15	1710	0	1729
427	1737	1	3	23	0	1764
428	18	1	1746	4	0	1769
429	1714	1	16	7	0	1738
430	1765	0	4	1	0	1770
431	24	1	1810	0	0	1835
432	7	2	18	1751	0	1778
433	5	0	3	1787	0	1795
434	2	0	1819	21	0	1842
435	1793	1	19	8	0	1821
436	1844	1	9	4	0	1858
437	1783	2	3	4	0	1792
438	1830	4	3	0	0	1837
439	1814	3	2	3	0	1822
440	24	3	1591	7	0	1625
441	8	2	1829	4	0	1843
442	4	1823	19	3	0	1849
443	1	18	1850	7	0	1876
444	5	6	23	1811	0	1845
445	10	8	20	1445	0	1483
446	4	2	7	1850	0	1863
447	5	2	1	1858	0	1866
448	6	6	1847	23	0	1882
449	11	1803	20	10	0	1844
450	9	1873	3	6	0	1891
451	7	22	7	1851	0	1887
452	9	1907	5	16	0	1937
453	1934	22	3	7	0	1966
454	1937	7	6	5	0	1955
455	24	1985	3	12	0	2024
456	9	18	2	1984	0	2013
457	10	4	4	2040	0	2058
458	8	3	2033	27	0	2071
459	1903	2	23	8	0	1936
460	2075	2	8	6	0	2091
461	37	2103	4	6	0	2150
462	2136	21	2	10	0	2169
463	34	7	2160	2	0	2203
464	10	2158	32	5	0	2205
465	10	2225	8	4	0	2247
466	8	2220	11	3	0	2242
467	5	38	4	2193	0	2240
468	2188	10	5	34	0	2237
469	30	6	8	2233	0	2277
470	19	3	2283	38	0	2343
471	13	0	37	2297	0	2347
472	11	5	2396	39	0	2451
473	7	2	49	2339	0	2397
474	11	8	13	2303	0	2335
475	3	2371	14	40	0	2428
476	2423	40	8	18	0	2489
477	43	13	10	2358	0	2424
478	12	2401	5	44	0	2462
479	2410	35	4	17	0	2466
480	2141	20	6	20	0	2187
481	2424	7	13	15	0	2459
482	48	2394	6	19	0	2467
483	15	34	2420	7	0	2476
484	11	4	42	2416	0	2473
485	9	22	11	2369	0	2411
486	8	2411	18	44	0	2481
487	10	38	2413	17	0	2478
488	9	8	2333	15	0	2365
489	2277	6	38	12	0	2333
490	41	18	13	2279	0	2351
491	15	3	2367	32	0	2417
492	13	2384	35	10	0	2442
493	14	31	9	2341	0	2395
494	8	2425	12	33	0	2478
495	7	33	2417	6	0	2463
496	2337	3	39	11	0	2390
497	2424	6	10	9	0	2449
498	33	2414	11	9	0	2467
499	13	31	3	2413	0	2460
500	13	3	2426	31	0	2473
501	11	2384	30	6	0	2431
502	2355	30	3	9	0	2397
503	25	2232	7	1	0	2265
504	6	2257	2	2	0	2267
505	8	32	3	2222	0	2265
506	1	2252	5	23	0	2281
507	2247	28	3	5	0	2283
508	24	7	1	2260	0	2292
509	3	10	2191	25	0	2229
510	6	5	2161	5	0	2177
511	3	3	25	2175	0	2206
512	7	2185	8	26	0	2226
513	2202	26	8	5	0	2241
514	21	7	4	2140	0	2172
515	3	9	2144	23	0	2179
516	5	2	24	2132	0	2163
517	3	5	2	2153	0	2163
518	2129	5	7	25	0	2166
519	23	4	5	2118	0	2150
520	5	1	2107	29	0	2142
521	7	5	2076	6	0	2094
522	5	3	26	2105	0	2139
523	6	2	9	2123	0	2140
524	2	7	2127	27	0	2163
525	1968	4	26	10	0	2008
526	23	7	2104	7	0	2141
527	3	2102	24	6	0	2135
528	14	26	2	2149	0	2191
529	5	7	2152	22	0	2186
530	5	6	2137	7	0	2155
531	3	2	28	2060	0	2093
532	2086	3	10	27	0	2126
533	20	4	2122	8	0	2154
534	6	2118	23	9	0	2156
535	2150	23	8	2	0	2183
536	20	5	2157	5	0	2187
537	2090	8	21	6	0	2125
538	2161	3	6	6	0	2176
539	27	2197	7	5	0	2236
540	10	18	2	2117	0	2147
541	6	2152	7	20	0	2185
542	4	27	2145	5	0	2181
543	2140	4	25	9	0	2178
544	2244	10	6	5	0	2265
545	27	0	2245	4	0	2276
546	8	2	2245	5	0	2260
547	7	2294	32	5	0	2338
548	2359	30	9	5	0	2403
549	31	7	6	2360	0	2404
550	6	7	5	2299	0	2317
551	4	2320	5	30	0	2359
552	2298	31	8	10	0	2347
553	37	5	2347	5	0	2394
554	8	5	31	2540	0	2584
555	2623	6	9	43	0	2681
556	49	2672	10	12	0	2743
557	13	47	2990	8	0	3058
558	14	12	3081	1	0	3108
559	7	17	76	3018	0	3118
560	5	3111	18	66	0	3200
561	8	67	3137	11	0	3223
562	3	16	68	3079	0	3166
563	3183	9	13	70	0	3275
564	74	2	3219	14	0	3309
565	18	5	76	3243	0	3342
566	13	4	3295	72	0	3384
567	6	1	3394	16	0	3417
568	3	20	91	3319	0	3433
569	7	1	3392	75	0	3475
570	2995	1	77	19	0	3092
571	68	3	3314	11	0	3396
572	3119	3	71	5	0	3198
573	73	3230	18	2	0	3323
574	3308	66	10	10	0	3394
575	69	3357	7	7	0	3440
576	19	71	5	3374	0	3469
577	13	14	4	3501	0	3532
578	3	6	3434	80	0	3523
579	5	2	3482	22	0	3511
580	1	3	83	3492	0	3579
581	5	5	3542	71	0	3623
582	4	8	81	3431	0	3524
583	4	3429	26	72	0	3531
584	10	3592	9	22	0	3633
585	8	81	12	3531	0	3632
586	8	22	7	3587	0	3624
587	4	10	3528	82	0	3624
588	7	5	74	3464	0	3550
589	5	3410	23	81	0	3519
590	7	3463	18	23	0	3511
591	6	3487	8	17	0	3518
592	4	85	9	3289	0	3387
593	3	3326	12	72	0	3413
594	3276	76	10	24	0	3386
595	69	22	11	3261	0	3363
596	20	14	3249	78	0	3361
597	6	12	75	3231	0	3324
598	5	10	3303	83	0	3401
599	1	7	3307	28	0	3343
600	2	11	3339	20	0	3372
601	5	3321	92	15	0	3433
602	4	70	3369	14	0	3457
603	3333	20	80	9	0	3442
604	3400	13	25	15	0	3453
605	3436	13	16	8	0	3473
606	92	8	11	3375	0	3486
607	3369	11	16	76	0	3472
608	75	3264	16	30	0	3385
609	21	3482	15	24	0	3542
610	3436	83	15	13	0	3547
611	71	27	3488	15	0	3601
612	27	19	74	3478	0	3598
613	12	16	3545	81	0	3654
614	11	7	3565	35	0	3618
615	10	3545	84	15	0	3654
616	10	74	37	3415	0	3536
617	9	25	19	3632	0	3685
618	3551	14	21	92	0	3678
619	71	3533	19	34	0	3657
620	23	3642	18	22	0	3705
621	16	90	3610	13	0	3729
622	15	3669	70	15	0	3769
623	3621	88	26	18	0	3753
624	3653	25	23	16	0	3717
625	87	22	3656	19	0	3784
626	35	15	3690	16	0	3756
627	19	15	100	3515	0	3649
628	5	14	46	3542	0	3607
629	11	3558	25	92	0	3686
630	12	81	20	3547	0	3660
631	14	31	23	3575	0	3643
632	18	3534	16	95	0	3663
633	13	71	26	3533	0	3643
634	14	22	29	3479	0	3544
635	10	3416	26	103	0	3555
636	10	80	3434	38	0	3562
637	14	24	85	3474	0	3597
638	3492	18	34	89	0	3633
639	3495	16	25	32	0	3568
640	100	15	3411	24	0	3550
641	3330	24	79	18	0	3451
642	3446	14	28	16	0	3504
643	84	3406	19	25	0	3534
644	31	74	3312	29	0	3446
645	20	25	3330	25	0	3400
646	11	19	89	3476	0	3595
647	3514	18	41	82	0	3655
648	3704	18	34	35	0	3791
649	90	10	22	3930	0	4052
650	4209	13	14	107	0	4343
651	4398	18	17	29	0	4462
652	4273	18	19	29	0	4339
653	121	18	4212	28	0	4379
654	32	14	4138	16	0	4200
655	4049	10	84	20	0	4163
656	86	7	4031	17	0	4141
657	18	3748	54	9	0	3829
658	26	58	43	3676	0	3803
659	16	17	3782	52	0	3867
660	17	6	3730	18	0	3771
661	13	25	73	3583	0	3694
662	10	4	3705	53	0	3772
663	8	6	3610	19	0	3643
664	10	3379	63	8	0	3460
665	5	3544	15	9	0	3573
666	3545	54	16	3	0	3618
667	42	12	9	3491	0	3554
668	3520	5	9	45	0	3579
669	41	7	3521	13	0	3582
670	14	4	46	3497	0	3561
671	9	6	15	3533	0	3563
672	3503	5	10	46	0	3564
673	40	3513	7	17	0	3577
674	18	43	3308	9	0	3378
675	20	15	3378	6	0	3419
676	10	3448	49	6	0	3513
677	6	39	3416	6	0	3467
678	9	3383	41	5	0	3438
679	4	3291	16	5	0	3316
680	3	48	3296	7	0	3354
681	3219	12	38	5	0	3274
682	43	2	12	3331	0	3388
683	9	3374	4	41	0	3428
684	2	42	7	3383	0	3434
685	3359	9	8	39	0	3415
686	3378	5	3	11	0	3397
687	3377	5	6	4	0	3392
688	46	7	3354	3	0	3410
689	13	6	39	3278	0	3336
690	7	3367	12	36	0	3422
691	3483	38	6	10	0	3537
692	44	9	4	3507	0	3564
693	13	8	1	3489	0	3511
694	5	4	1	3575	0	3585
695	13	2	3477	49	0	3541
696	3300	0	38	19	0	3357
697	42	3486	12	9	0	3549
698	13	36	10	3457	0	3516
699	7	9	6	3478	0	3500
700	3434	9	5	44	0	3492
701	44	3	3297	14	0	3358
702	14	5	3428	13	0	3460
703	5	3406	48	17	0	3476
704	7	39	3533	10	0	3589
705	3377	11	50	6	0	3444
706	47	3556	20	4	0	3627
707	15	53	3589	3	0	3660
708	3408	14	49	14	0	3485
709	50	5	3693	10	0	3758
710	21	3694	53	8	0	3776
711	12	47	20	3684	0	3763
712	8	14	15	3743	0	3780
713	13	10	3673	55	0	3751
714	9	9	3599	16	0	3633
715	13	3611	60	9	0	3693
716	3570	47	21	15	0	3653
717	48	3679	19	9	0	3755
718	23	55	13	3684	0	3775
719	10	17	3659	50	0	3736
720	3493	13	53	21	0	3580
721	52	8	19	3563	0	3642
722	13	3523	17	53	0	3606
723	10	3660	19	16	0	3705
724	7	57	18	3642	0	3724
725	12	24	8	3688	0	3732
726	3631	18	11	59	0	3719
727	52	14	8	3689	0	3763
728	17	14	3685	65	0	3781
729	3646	6	58	23	0	3733
730	3802	9	21	17	0	3849
731	62	5	3782	17	0	3866
732	3762	10	54	15	0	3841
733	58	14	21	3907	0	4000
734	23	9	8	3973	0	4013
735	14	9	11	3991	0	4025
736	22	6	11	3890	0	3929
737	12	3936	7	77	0	4032
738	4021	50	16	22	0	4109
739	4151	17	9	19	0	4196
740	80	15	4256	17	0	4368
741	4341	6	59	17	0	4423
742	4573	12	19	13	0	4617
743	4621	7	6	20	0	4654
744	4797	12	9	20	0	4838
745	91	4751	12	17	0	4871
746	31	82	2	4593	0	4708
747	17	23	4609	65	0	4714
748	19	11	4359	16	0	4405
749	3963	44	101	24	0	4132
750	3898	10	52	12	0	3972
751	54	3775	8	4	0	3841
752	3801	35	7	4	0	3847
753	44	3808	4	7	0	3863
754	17	44	2	3797	0	3860
755	3866	13	11	43	0	3933
756	3839	12	5	13	0	3869
757	3823	2	7	6	0	3838
758	53	3769	7	5	0	3834
759	3733	37	5	8	0	3783
760	50	16	2	3730	0	3798
761	3798	6	5	39	0	3848
762	54	6	3708	14	0	3782
763	22	3731	39	11	0	3803
764	3740	43	13	4	0	3800
765	46	15	3730	10	0	3801
766	29	8	49	3718	0	3804
767	15	6	3788	46	0	3855
768	20	7	3757	9	0	3793
769	24	2	54	3690	0	3770
770	15	10	3779	44	0	3848
771	18	5	47	3767	0	3837
772	15	12	16	3783	0	3826
773	3809	6	8	64	0	3887
774	49	3824	12	19	0	3904
775	28	3903	15	6	0	3952
776	15	3949	9	9	0	3982
777	15	59	3898	8	0	3980
778	19	23	51	3880	0	3973
779	14	11	3974	55	0	4054
780	3804	10	47	24	0	3885
781	3933	8	25	14	0	3980
782	66	3945	13	12	0	4036
783	28	45	7	3891	0	3971
784	22	3981	14	45	0	4062
785	4010	57	8	27	0	4102
786	60	24	9	4005	0	4098
787	27	12	4011	56	0	4106
788	12	3976	50	26	0	4064
789	15	55	4050	13	0	4133
790	16	21	56	4010	0	4103
791	16	15	3968	54	0	4053
792	3834	9	57	21	0	3921
793	52	19	4019	13	0	4103
794	23	4020	57	17	0	4117
795	10	53	32	4022	0	4117
796	17	18	17	4094	0	4146
797	4051	7	16	73	0	4147
798	4064	14	13	26	0	4117
799	65	4040	11	18	0	4134
800	29	51	4008	15	0	4103
801	16	33	3971	12	0	4032
802	3944	12	63	14	0	4033
803	61	16	4011	13	0	4101
804	32	12	3903	6	0	3953
805	14	13	3895	14	0	3936
806	15	8	3878	19	0	3920
807	19	3883	65	12	0	3979
808	3905	47	28	15	0	3995
809	56	25	13	3815	0	3909
810	3793	13	21	54	0	3881
811	59	3762	12	23	0	3856
812	3786	52	16	8	0	3862
813	54	3883	12	19	0	3968
814	31	45	24	3908	0	4008
815	15	4071	18	50	0	4154
816	19	53	4012	20	0	4104
817	19	4140	57	12	0	4228
818	13	58	35	4425	0	4531
819	4455	23	20	61	0	4559
820	65	11	24	4437	0	4537
821	35	24	4433	56	0	4548
822	22	18	57	4363	0	4460
823	14	4451	32	64	0	4561
824	20	59	4452	29	0	4560
825	4437	28	56	15	0	4536
826	62	21	31	4585	0	4699
827	4505	16	26	60	0	4607
828	4544	21	17	34	0	4616
829	79	4560	24	16	0	4679
830	4434	62	20	20	0	4536
831	4562	30	24	21	0	4637
832	79	4519	24	17	0	4639
833	30	55	24	4508	0	4617
834	19	41	14	4489	0	4563
835	26	4491	25	68	0	4610
836	12	69	9	4550	0	4640
837	23	27	4499	62	0	4611
838	23	48	52	4417	0	4540
839	29	13	4372	60	0	4474
840	25	15	4032	26	0	4098
841	11	4011	57	15	0	4094
842	17	3942	21	17	0	3997
843	16	4009	22	14	0	4061
844	27	55	19	3792	0	3893
845	5	20	3822	40	0	3887
846	3736	9	33	16	0	3794
847	33	8	17	3842	0	3900
848	17	4	3858	35	0	3914
849	8	8	3793	19	0	3828
850	6	3886	41	13	0	3946
851	6	46	21	3844	0	3917
852	3811	19	10	29	0	3869
853	26	3754	6	23	0	3809
854	16	3734	7	12	0	3769
855	8	3736	4	6	0	3754
856	8	43	8	3744	0	3803
857	2	3858	11	30	0	3901
858	5	34	6	4142	0	4187
859	4	15	5	4246	0	4270
860	5	6	4195	53	0	4259
861	3881	10	43	24	0	3958
862	41	8	4267	8	0	4324
863	16	14	46	4258	0	4334
864	7	9	4305	47	0	4368
865	7	4263	43	27	0	4340
866	4242	47	25	14	0	4328
867	47	17	5	4208	0	4277
868	15	5	13	4266	0	4299
869	4251	7	8	57	0	4323
870	4181	4	10	24	0	4219
871	4322	4	7	12	0	4345
872	61	3	4256	8	0	4328
873	4042	6	38	7	0	4093
874	42	4124	13	8	0	4187
875	18	4154	3	8	0	4183
876	8	49	6	4042	0	4105
877	8	15	1	4002	0	4026
878	6	4036	2	45	0	4089
879	5	41	6	4045	0	4097
880	4012	15	4	49	0	4080
881	39	8	4022	14	0	4083
882	13	3997	37	9	0	4056
883	3872	38	13	12	0	3935
884	32	3934	13	12	0	3991
885	10	40	3928	9	0	3987
886	9	21	44	3897	0	3971
887	6	12	3912	41	0	3971
888	4	3883	41	16	0	3944
889	6	43	14	3857	0	3920
890	7	18	3841	39	0	3905
891	7	10	3848	16	0	3881
892	10	10	47	3860	0	3927
893	3842	4	18	40	0	3904
894	3857	6	7	17	0	3887
895	3856	6	7	11	0	3880
896	52	7	3881	8	0	3948
897	18	3883	35	7	0	3943
898	6	36	13	3898	0	3953
899	8	12	9	3823	0	3852
900	7	3882	5	46	0	3940
901	3871	44	7	22	0	3944
902	36	18	7	3906	0	3967
903	14	10	3881	42	0	3947
904	7	3897	36	19	0	3959
905	3826	35	15	15	0	3891
906	37	3846	8	14	0	3905
907	15	37	12	3820	0	3884
908	12	18	12	3831	0	3873
909	11	8	9	3845	0	3873
910	5	10	3815	51	0	3881
911	7	11	41	3711	0	3770
912	7	3704	16	40	0	3767
913	11	3659	9	23	0	3702
914	18	41	3519	17	0	3595
915	3294	20	34	20	0	3368
916	3454	7	13	17	0	3491
917	40	3373	14	10	0	3437
918	3091	32	12	12	0	3147
919	3087	9	5	4	0	3105
920	39	3203	6	7	0	3255
921	27	35	7	3223	0	3292
922	10	11	3342	39	0	3402
923	9	12	3228	13	0	3262
924	3279	14	46	14	0	3353
925	43	3332	13	13	0	3401
926	9	46	9	3319	0	3383
927	7	14	5	3335	0	3361
928	9	11	7	3328	0	3355
929	3249	5	10	59	0	3323
930	46	9	8	3260	0	3323
931	17	7	7	3257	0	3288
932	14	10	3170	51	0	3245
933	3005	6	43	18	0	3072
934	40	3112	18	13	0	3183
935	3091	41	9	9	0	3150
936	39	3066	8	14	0	3127
937	15	45	10	3054	0	3124
938	3058	11	9	44	0	3122
939	3119	5	6	17	0	3147
940	46	9	3082	4	0	3141
941	3143	8	38	7	0	3196
942	51	4	3182	9	0	3246
943	18	9	3107	6	0	3140
944	9	9	3126	5	0	3149
945	11	7	3369	8	0	3395
946	7	7	63	3476	0	3553
947	6	7	3502	62	0	3577
948	3	6	61	3463	0	3533
949	3493	4	25	58	0	3580
950	60	14	4	3471	0	3549
951	3438	4	11	65	0	3518
952	52	3442	5	35	0	3534
953	28	60	8	3445	0	3541
954	14	20	3406	72	0	3512
955	14	3512	56	23	0	3605
956	14	96	22	3447	0	3579
957	9	17	3464	73	0	3563
958	1	3349	51	20	0	3421
959	2	3375	14	7	0	3398
960	13	60	3317	6	0	3396
961	5	27	60	3197	0	3289
962	3	13	3213	50	0	3279
963	3078	6	53	10	0	3147
964	3167	2	14	3	0	3186
965	59	3110	5	4	0	3178
966	3128	50	8	3	0	3189
967	57	8	3	3142	0	3210
968	16	6	3097	53	0	3172
969	3000	4	55	9	0	3068
970	56	4	3040	9	0	3109
971	12	3023	51	8	0	3094
972	3120	45	15	4	0	3184
973	59	11	4	3136	0	3210
974	10	4	3144	54	0	3212
975	3105	2	53	12	0	3172
976	3133	3	12	4	0	3152
977	3173	3	3	7	0	3186
978	63	0	5	3084	0	3152
979	17	1	2	3143	0	3163
980	6	1	3088	65	0	3160
981	8	3074	55	12	0	3149
982	2	53	13	3057	0	3125
983	3	11	4	3144	0	3162
984	2	4	3090	67	0	3163
985	5	3	3085	16	0	3109
986	4	7	63	3072	0	3146
987	3025	4	13	61	0	3103
988	52	3062	12	14	0	3140
989	3076	54	5	9	0	3144
990	60	3063	5	11	0	3139
991	19	60	3057	4	0	3140
992	7	18	3145	4	0	3174
993	3076	9	68	6	0	3159
994	3433	7	20	5	0	3465
995	69	3382	11	9	0	3471
996	17	58	3330	7	0	3412
997	17	12	63	3314	0	3406
998	18	8	17	3278	0	3321
999	11	3327	10	67	0	3415
1000	11	62	8	3366	0	3447
1001	9	16	3357	74	0	3456
1002	3302	12	65	26	0	3405
1003	3388	8	18	12	0	3426
1004	3358	7	12	15	0	3392
1005	3449	7	12	11	0	3479
1006	86	6	3358	8	0	3458
1007	3360	3	63	9	0	3435
1008	76	4	3385	7	0	3472
1009	28	3353	72	8	0	3461
1010	17	64	28	3401	0	3510
1011	3455	15	15	65	0	3550
1012	63	12	15	3620	0	3710
1013	20	10	3644	75	0	3749
1014	3629	7	75	29	0	3740
1015	3753	6	23	18	0	3800
1016	91	5	14	3692	0	3802
1017	31	8	9	3761	0	3809
1018	20	9	3652	85	0	3766
1019	14	3685	73	33	0	3805
1020	3562	65	19	20	0	3666
1021	72	22	3414	13	0	3521
1022	3344	12	63	8	0	3427
1023	69	3388	19	9	0	3485
1024	3351	60	17	9	0	3437
1025	74	3269	16	4	0	3363
1026	30	3325	9	7	0	3371
1027	23	76	9	3288	0	3396
1028	24	23	10	3370	0	3427
1029	16	17	7	3389	0	3429
1030	15	10	9	3408	0	3442
1031	17	7	3324	89	0	3437
1032	3279	10	60	36	0	3385
1033	3386	7	18	23	0	3434
1034	3434	3	15	26	0	3478
1035	81	5	18	3362	0	3466
1036	39	4	12	3410	0	3465
1037	3378	9	7	78	0	3472
1038	3409	4	10	31	0	3454
1039	3406	4	6	31	0	3447
1040	83	9	9	3287	0	3388
1041	45	16	14	3225	0	3300
1042	27	9	3122	69	0	3227
1043	22	5	3079	30	0	3136
1044	15	3082	60	23	0	3180
1045	2704	77	71	39	0	2891
1046	2693	15	30	5	0	2743
1047	2714	10	9	21	0	2754
1048	53	1	2756	15	0	2825
1049	2744	6	39	9	0	2798
1050	2819	7	14	5	0	2845
1051	2831	9	11	9	0	2860
1052	59	4	11	2781	0	2855
1053	31	2	8	2791	0	2832
1054	22	2	8	2789	0	2821
1055	14	5	2537	52	0	2608
1056	2446	5	25	25	0	2501
1057	40	2520	18	13	0	2591
1058	2305	24	8	8	0	2345
1059	37	2254	5	10	0	2306
1060	14	2301	6	10	0	2331
1061	19	36	6	2271	0	2332
1062	13	20	7	2252	0	2292
1063	10	2237	4	34	0	2285
1064	2236	26	5	14	0	2281
1065	2252	12	3	14	0	2281
1066	36	9	5	2213	0	2263
1067	16	9	2192	30	0	2247
1068	16	5	2140	19	0	2180
1069	13	3	2209	13	0	2238
1070	11	6	2206	9	0	2232
1071	2128	10	48	6	0	2192
1072	2113	4	15	9	0	2141
1073	30	1	11	2072	0	2114
1074	22	7	2074	24	0	2127
1075	17	5	23	2110	0	2155
1076	13	2145	11	25	0	2194
1077	6	2294	11	15	0	2326
1078	2346	25	7	17	0	2395
1079	2368	14	4	11	0	2397
1080	2397	10	4	11	0	2422
1081	35	7	3	2368	0	2413
1082	20	1	5	2403	0	2429
1083	22	4	3	2400	0	2429
1084	13	4	4	2370	0	2391
1085	9	2	2367	38	0	2416
1086	12	4	18	2369	0	2403
1087	2477	1	11	31	0	2520
1088	28	3	10	2492	0	2533
1089	19	2	4	2527	0	2552
1090	14	18	2	2495	0	2529
1091	11	2435	3	39	0	2488
1092	8	2408	6	18	0	2440
1093	6	2446	2	19	0	2473
1094	2	26	1	2235	0	2264
1095	5	5	0	2241	0	2251
1096	2247	5	2	26	0	2280
1097	2242	1	1	11	0	2255
1098	2283	1	1	7	0	2292
1099	32	3	0	2253	0	2288
1100	13	2	2	2251	0	2268
1101	7	2229	2	28	0	2266
1102	3	2307	1	13	0	2324
1103	2289	23	2	9	0	2323
1104	26	4	1	2262	0	2293
1105	2290	5	3	19	0	2317
1106	2346	2	2	11	0	2361
1107	27	0	1	2333	0	2361
1108	8	2399	2	23	0	2432
1109	2452	17	8	9	0	2486
1110	2500	9	0	7	0	2516
1111	28	6	2549	4	0	2587
1112	2380	1	10	4	0	2395
1113	15	2411	3	3	0	2432
1114	5	10	3	2501	0	2519
1115	2721	4	3	23	0	2751
1116	15	4	0	2740	0	2759
1117	5	5	1	2747	0	2758
1118	7	2742	0	19	0	2768
1119	2761	12	1	6	0	2780
1120	2762	4	2	6	0	2774
1121	19	2755	0	4	0	2778
1122	5	2863	2	5	0	2875
1123	2895	16	0	7	0	2918
1124	2884	6	3	1	0	2894
1125	17	5	2860	3	0	2885
1126	9	3	2739	3	0	2754
1127	4	5	2876	2	0	2887
1128	4	1	15	2919	0	2939
1129	4	2	5	2945	0	2956
1130	5	3	2953	16	0	2977
1131	2896	5	14	9	0	2924
1132	3045	3	4	4	0	3056
1133	3049	1	2	3	0	3055
1134	3009	2	3	4	0	3018
1135	19	2	3205	3	0	3229
1136	3208	0	15	8	0	3231
1137	3287	1	6	7	0	3301
1138	3306	2	4	7	0	3319
1139	3337	2	4	2	0	3345
1140	3329	1	1	4	0	3335
1141	21	3	3378	3	0	3405
1142	12	3374	13	2	0	3401
1143	10	11	3	3379	0	3403
1144	6	2	2	3458	0	3468
1145	7	3	3429	17	0	3456
1146	3225	3	11	7	0	3246
1147	16	4	4	3385	0	3409
1148	8	3	3403	13	0	3427
1149	9	3	3220	8	0	3240
1150	4	3458	18	6	0	3486
1151	6	13	7	3534	0	3560
1152	5	5	1	3542	0	3553
1153	1	2	3	3528	0	3534
1154	3547	3	4	18	0	3572
1155	16	5	1	3533	0	3555
1156	6	3	3541	18	0	3568
1157	4	5	3306	13	0	3328
1158	8	2	3616	3	0	3629
1159	7	6	16	3710	0	3739
1160	3772	0	5	19	0	3796
1161	16	6	3775	8	0	3805
1162	3706	2	15	6	0	3729
1163	4087	2	6	10	0	4105
1164	19	2	4	4161	0	4186
1165	7	3	7	4196	0	4213
1166	7	4180	4	24	0	4215
1167	6	14	4223	6	0	4249
1168	4141	5	18	12	0	4176
1169	21	1	4	4336	0	4362
1170	9	4299	8	22	0	4338
1171	7	18	3	4375	0	4403
1172	7	7	4383	20	0	4417
1173	9	6	21	4319	0	4355
1174	9	4302	5	22	0	4338
1175	5	20	3	4288	0	4316
1176	4272	4	6	22	0	4304
1177	24	5	0	4203	0	4232
1178	7	4107	3	22	0	4139
1179	7	4182	3	9	0	4201
1180	4094	19	4	8	0	4125
1181	19	3	4211	6	0	4239
1182	10	6	19	4189	0	4224
1183	7	5	3	4311	0	4326
1184	9	2	4354	23	0	4388
1185	6	4338	22	6	0	4372
1186	6	23	4357	5	0	4391
1187	6	20	24	4259	0	4309
1188	4	4385	6	14	0	4409
1189	4481	16	4	3	0	4504
1190	17	4455	8	2	0	4482
1191	5	4500	4	5	0	4514
1192	4584	14	9	7	0	4614
1193	4609	3	3	9	0	4624
1194	4662	3	4	4	0	4673
1195	22	1	1	4690	0	4714
1196	5	0	4670	17	0	4692
1197	4660	1	14	7	0	4682
1198	4905	1	3	3	0	4912
1199	21	1	4	5044	0	5070
1200	6	1	5106	17	0	5130
1201	1	5048	19	6	0	5074
1202	5070	17	2	7	0	5096
1203	5238	4	1	6	0	5249
1204	20	5277	1	2	0	5300
1205	4	5373	1	3	0	5381
1206	5358	22	6	5	0	5391
1207	5355	3	1	4	0	5363
1208	5282	1	2	3	0	5288
1209	23	0	0	5266	0	5289
1210	3	0	5327	22	0	5352
1211	5	2	21	5155	0	5183
1212	0	2	5211	27	0	5240
1213	0	5092	24	4	0	5120
1214	3	5092	2	4	0	5101
1215	6	20	6	4816	0	4848
1216	5	3	1	4886	0	4895
1217	1	1	5	4834	0	4841
1218	0	4911	2	26	0	4939
1219	4892	21	2	6	0	4921
1220	4904	2	3	3	0	4912
1221	23	4950	1	2	0	4976
1222	6	25	0	4823	0	4854
1223	8	4839	1	17	0	4865
1224	7	27	0	4830	0	4864
1225	4	4856	2	19	0	4881
1226	4891	23	0	7	0	4921
1227	24	4	3	4808	0	4839
1228	8	2	4798	24	0	4832
1229	4667	2	23	3	0	4695
1230	4742	2	4	10	0	4758
1231	26	5	4750	3	0	4784
1232	5	3	20	4732	0	4760
1233	6	4	4795	25	0	4830
1234	5	2	23	4797	0	4827
1235	3	7	4620	27	0	4657
1236	4431	5	21	9	0	4466
1237	31	2	2	4526	0	4561
1238	8	4570	2	25	0	4605
1239	4700	26	2	6	0	4734
1240	28	9	0	4774	0	4811
1241	9	4	5	4729	0	4747
1242	3	5	4708	32	0	4748
1243	5	6	28	4960	0	4999
1244	6	7	5081	34	0	5128
1245	8	7	5233	9	0	5257
1246	7	5	40	5441	0	5493
1247	13	2	5852	42	0	5909
1248	5930	0	55	18	0	6003
1249	6681	2	13	14	0	6710
1250	7054	3	11	7	0	7075
1251	118	7376	6	9	0	7509
1252	39	96	6	7561	0	7702
1253	26	32	7	7373	0	7438
1254	11	7678	3	122	0	7814
1255	7670	107	4	48	0	7829
1256	106	36	2	7666	0	7810
1257	42	20	7746	110	0	7918
1258	25	17	7482	42	0	7566
1259	16	7503	120	23	0	7662
1260	7575	100	51	25	0	7751
1261	108	40	7542	14	0	7704
1262	7311	21	112	15	0	7459
1263	113	7190	44	20	0	7367
1264	47	95	7245	12	0	7399
1265	27	32	6984	13	0	7056
1266	20	25	7250	9	0	7304
1267	21	7112	139	8	0	7280
1268	21	102	7132	19	0	7274
1269	7010	36	126	12	0	7184
1270	120	27	55	6851	0	7053
1271	47	19	26	7186	0	7278
1272	31	9	26	7219	0	7285
1273	16	14	19	7275	0	7324
1274	18	12	7201	161	0	7392
1275	16	11	107	7180	0	7314
1276	15	16	52	7247	0	7330
1277	7099	9	28	158	0	7294
1278	7271	16	19	75	0	7381
1279	6922	10	22	54	0	7008
1280	147	16	7104	35	0	7302
1281	67	7219	104	25	0	7415
1282	42	7515	46	22	0	7625
1283	7053	141	35	33	0	7262
1284	119	7349	31	18	0	7517
1285	55	135	26	7280	0	7496
1286	40	54	27	7418	0	7539
1287	28	27	7315	149	0	7519
1288	18	7200	125	68	0	7411
1289	20	125	7087	41	0	7273
1290	6970	51	137	29	0	7187
1291	7220	33	63	26	0	7342
1292	152	29	37	7102	0	7320
1293	70	12	33	7098	0	7213
1294	41	20	22	7082	0	7165
1295	36	15	29	7144	0	7224
1296	24	15	7045	190	0	7274
1297	24	38	123	6980	0	7165
1298	31	8	6976	158	0	7173
1299	23	7	6779	87	0	6896
1300	19	6764	154	62	0	6999
1301	6809	118	75	45	0	7047
1302	122	6976	47	39	0	7184
1303	54	144	39	6762	0	6999
1304	34	56	7002	142	0	7234
1305	6829	32	135	68	0	7064
1306	143	28	6931	34	0	7136
1307	6911	30	152	33	0	7126
1308	7056	13	74	34	0	7177
1309	177	23	50	7137	0	7387
1310	83	24	35	7105	0	7247
1311	57	25	47	7169	0	7298
1312	60	21	6940	203	0	7224
1313	6859	26	158	101	0	7144
1314	159	6910	61	72	0	7202
1315	77	145	45	6924	0	7191
1316	6926	53	42	173	0	7194
1317	7039	44	41	86	0	7210
1318	7075	27	43	67	0	7212
1319	227	35	6831	62	0	7155
1320	6994	28	153	46	0	7221
1321	7090	48	67	52	0	7257
1322	206	31	6430	83	0	6750
1323	114	25	7117	59	0	7315
1324	73	44	201	7071	0	7389
1325	74	24	7190	172	0	7460
1326	44	6905	215	86	0	7250
1327	44	7206	139	45	0	7434
1328	7015	191	93	34	0	7333
1329	178	7205	65	28	0	7476
1330	105	175	64	7182	0	7526
1331	6946	86	72	179	0	7283
1332	189	7188	51	92	0	7520
1333	71	190	51	7158	0	7470
1334	55	75	72	7295	0	7497
1335	56	50	7110	235	0	7451
1336	47	42	183	7156	0	7428
1337	55	31	7093	236	0	7415
1338	59	21	7081	133	0	7294
1339	65	25	202	6895	0	7187
1340	66	18	90	7050	0	7224
1341	6862	33	69	249	0	7213
1342	185	7243	58	140	0	7626
1343	96	183	42	7049	0	7370
1344	72	164	58	7031	0	7325
1345	6695	44	27	270	0	7036
1346	199	6486	32	135	0	6852
1347	95	6069	28	86	0	6278
1348	64	5723	38	64	0	5889
1349	42	5189	29	37	0	5297
1350	4385	123	173	25	0	4706
1351	4289	47	43	30	0	4409
1352	4140	27	19	20	0	4206
1353	4121	21	13	27	0	4182
1354	134	18	13	3997	0	4162
1355	54	19	3950	101	0	4124
1356	30	3919	101	46	0	4096
1357	24	97	33	3876	0	4030
1358	22	28	3843	108	0	4001
1359	28	24	103	3818	0	3973
1360	19	14	35	3871	0	3939
1361	16	19	3783	130	0	3948
1362	22	17	101	3790	0	3930
1363	25	27	38	3712	0	3802
1364	3774	18	22	133	0	3947
1365	3792	23	19	54	0	3888
1366	3789	10	16	45	0	3860
1367	3796	12	16	30	0	3854
1368	137	16	13	3676	0	3842
1369	54	18	15	3753	0	3840
1370	38	19	20	3739	0	3816
1371	3660	14	10	144	0	3828
1372	117	8	11	3696	0	3832
1373	44	9	19	3732	0	3804
1374	39	12	3567	139	0	3757
1375	29	21	96	3544	0	3690
1376	24	3477	39	116	0	3656
1377	21	3641	24	61	0	3747
1378	3482	103	16	38	0	3639
1379	104	34	3421	33	0	3592
1380	46	3291	90	32	0	3459
1381	3201	95	49	32	0	3377
1382	95	33	20	3208	0	3356
1383	37	24	3196	102	0	3359
1384	26	37	81	3150	0	3294
1385	25	3245	28	103	0	3401
1386	3234	86	15	49	0	3384
1387	104	3299	16	37	0	3456
1388	3292	90	22	28	0	3432
1389	3367	38	12	34	0	3451
1390	117	24	10	3324	0	3475
1391	52	17	13	3269	0	3351
1392	27	3280	15	105	0	3427
1393	3306	86	10	50	0	3452
1394	103	31	3263	36	0	3433
1395	3196	19	80	38	0	3333
1396	3172	16	31	34	0	3253
1397	119	17	3012	28	0	3176
1398	49	28	80	2901	0	3058
1399	2897	13	34	108	0	3052
1400	101	19	2873	39	0	3032
1401	46	20	2791	26	0	2883
1402	2604	20	104	24	0	2752
1403	85	2570	38	22	0	2715
1404	40	2432	11	24	0	2507
1405	43	86	15	2350	0	2494
1406	27	28	2349	74	0	2478
1407	2294	26	64	36	0	2420
1408	84	16	2305	23	0	2428
1409	33	2114	64	20	0	2231
1410	2131	55	33	24	0	2243
1411	74	29	12	2120	0	2235
1412	2143	16	9	72	0	2240
1413	70	13	2118	38	0	2239
1414	32	14	60	2085	0	2191
1415	24	2136	25	65	0	2250
1416	28	60	17	2124	0	2229
1417	22	25	14	2174	0	2235
1418	16	18	2126	83	0	2243
1419	28	2051	54	37	0	2170
1420	17	2075	25	33	0	2150
1421	23	63	1962	16	0	2064
1422	1838	30	71	14	0	1953
1423	1888	6	27	17	0	1938
1424	67	28	14	1815	0	1924
1425	1733	5	14	54	0	1806
1426	57	1673	8	32	0	1770
1427	26	1754	11	13	0	1804
1428	1740	69	8	19	0	1836
1429	62	38	4	1738	0	1842
1430	1775	7	16	53	0	1851
1431	1818	8	6	27	0	1859
1432	80	8	6	1712	0	1806
1433	30	9	1699	69	0	1807
1434	1699	10	54	26	0	1789
1435	1745	10	22	16	0	1793
1436	79	18	13	1681	0	1791
1437	44	1689	8	54	0	1795
1438	16	57	10	1709	0	1792
1439	22	20	1686	59	0	1787
1440	18	11	1683	31	0	1743
1441	11	1641	71	27	0	1750
1442	26	25	28	1167	0	1246
1443	6	11	10	1185	0	1212
1444	16	3	1178	23	0	1220
1445	1148	5	22	10	0	1185
1446	1211	8	6	10	0	1235
1447	1213	2	4	6	0	1225
1448	1214	3	7	5	0	1229
1449	33	1161	5	4	0	1203
1450	17	1207	6	2	0	1232
1451	1214	26	2	6	0	1248
1452	28	11	3	1235	0	1277
1453	13	6	6	1257	0	1282
1454	12	1251	2	30	0	1295
1455	9	20	6	1274	0	1309
1456	7	13	4	1263	0	1287
1457	8	1248	2	27	0	1285
1458	9	22	1248	17	0	1296
1459	4	13	21	1256	0	1294
1460	1260	6	10	22	0	1298
1461	1247	5	6	14	0	1272
1462	28	5	1227	11	0	1271
1463	15	4	1228	4	0	1251
1464	10	3	1223	5	0	1241
1465	14	8	28	1193	0	1243
1466	6	5	1210	27	0	1248
1467	10	8	1206	10	0	1234
1468	10	10	30	1183	0	1233
1469	3	1226	17	24	0	1270
1470	7	19	1250	9	0	1285
1471	4	1258	19	8	0	1289
1472	1216	19	11	11	0	1257
1473	20	1226	2	11	0	1259
1474	9	21	7	1193	0	1230
1475	1198	10	3	19	0	1230
1476	21	4	3	1195	0	1223
1477	15	3	5	1204	0	1227
1478	7	3	1220	28	0	1258
1479	3	1187	18	14	0	1222
1480	2	1204	10	7	0	1223
1481	9	22	7	1167	0	1205
1482	3	7	4	1177	0	1191
1483	2	5	5	1156	0	1168
1484	6	5	1108	22	0	1141
1485	1	0	1058	19	0	1078
1486	1012	4	18	7	0	1041
1487	13	4	1021	1	0	1039
1488	10	4	1026	0	0	1040
1489	2	987	18	3	0	1010
1490	5	17	5	1001	0	1028
1491	5	3	1015	17	0	1040
1492	0	4	21	987	0	1012
1493	0	3	1027	17	0	1047
1494	2	0	19	1026	0	1047
1495	1	0	1085	23	0	1109
1496	0	2	21	1085	0	1108
1497	0	1	11	1083	0	1095
1498	0	1109	1	23	0	1133
1499	2	20	1	1121	0	1144
1500	1	1135	3	17	0	1156
1501	0	18	1	1138	0	1157
1502	3	5	2	1149	0	1159
1503	1124	3	2	20	0	1149
1504	17	1	2	1127	0	1147
1505	9	0	1123	18	0	1150
1506	1	0	18	1130	0	1149
1507	1	1	6	1142	0	1150
1508	0	2	1116	23	0	1141
1509	1	3	1106	6	0	1116
1510	0	4	22	1079	0	1105
1511	1	0	5	1122	0	1128
1512	2	1	1108	21	0	1132
1513	0	1070	18	12	0	1100
1514	1	1099	8	3	0	1111
1515	1085	17	5	4	0	1111
1516	19	8	1	1105	0	1133
1517	1135	4	3	18	0	1160
1518	1115	1	3	6	0	1125
1519	20	1125	0	3	0	1148
1520	1137	15	0	8	0	1160
1521	1150	4	4	2	0	1160
1522	21	1	1134	4	0	1160
1523	6	2	18	1139	0	1165
1524	2	0	1172	18	0	1192
1525	2	1	21	1186	0	1210
1526	1	2	1182	23	0	1208
1527	0	1122	18	9	0	1149
1528	1	1131	13	1	0	1146
1529	5	22	4	1086	0	1117
1530	1092	3	3	13	0	1111
1531	14	1	3	1087	0	1105
1532	4	2	1	1088	0	1095
1533	1	1	1091	19	0	1112
1534	2	1	1097	7	0	1107
1535	2	3	1095	1	0	1101
1536	2	0	15	1072	0	1089
1537	0	2	8	1074	0	1084
1538	3	1069	3	20	0	1095
1539	1	1097	4	9	0	1111
1540	1072	19	0	6	0	1097
1541	12	1080	1	5	0	1098
1542	4	14	1062	1	0	1081
1543	1	6	14	1053	0	1074
1544	1	3	1106	16	0	1126
1545	0	1118	15	9	0	1142
1546	0	18	6	1125	0	1149
1547	1097	3	2	17	0	1119
1548	13	1	1106	6	0	1126
1549	4	1140	16	2	0	1162
1550	1	12	1145	5	0	1163
1551	2	1122	15	3	0	1142
1552	9	22	9	1062	0	1102
1553	1075	5	1	15	0	1096
1554	1070	0	4	6	0	1080
1555	12	1053	3	4	0	1072
1556	1066	13	2	5	0	1086
1557	13	3	2	1072	0	1090
1558	1077	2	1	13	0	1093
1559	13	2	1081	7	0	1103
1560	4	1	1089	7	0	1101
1561	1	2	17	1068	0	1088
1562	3	4	3	1138	0	1148
1563	0	4	1122	16	0	1142
1564	3	3	14	1118	0	1138
1565	1130	1	3	20	0	1154
1566	1140	1	2	6	0	1149
1567	17	1098	3	5	0	1123
1568	5	1103	4	5	0	1117
1569	1067	17	1	6	0	1091
1570	17	3	5	1056	0	1081
1571	1048	2	9	14	0	1073
1572	12	1055	3	4	0	1074
1573	1071	11	1	6	0	1089
1574	16	3	1062	6	0	1087
1575	6	2	1053	2	0	1063
1576	1	8	15	1065	0	1089
1577	5	2	1076	15	0	1098
1578	2	0	19	1039	0	1060
1579	2	2	5	1022	0	1031
1580	3	2	1109	20	0	1134
1581	5	3	18	1105	0	1131
1582	3	2	1	1181	0	1187
1583	3	3	1210	23	0	1239
1584	4	1	1220	2	0	1227
1585	1208	1	16	7	0	1232
1586	19	0	1270	3	0	1292
1587	1322	4	21	1	0	1348
1588	1470	1	6	1	0	1478
1589	28	3	1494	2	0	1527
1590	10	1	1532	2	0	1545
1591	1	1	28	1494	0	1524
1592	3	1	7	1495	0	1506
1593	4	1505	3	27	0	1539
1594	3	1543	4	8	0	1558
1595	0	21	1498	3	0	1522
1596	1443	6	26	5	0	1480
1597	1477	2	7	5	0	1491
1598	27	3	1462	2	0	1494
1599	10	2	1468	3	0	1483
1600	5	1	29	1456	0	1491
1601	6	1498	10	18	0	1532
1602	4	21	4	1541	0	1570
1603	1	4	4	1553	0	1562
1604	1537	1	5	29	0	1572
1605	1543	1	4	9	0	1557
1606	28	4	2	1601	0	1635
1607	7	1	1589	25	0	1622
1608	1562	0	23	7	0	1592
1609	27	1637	6	2	0	1672
1610	1662	20	6	2	0	1690
1611	1642	5	6	4	0	1657
1612	25	1657	4	2	0	1688
1613	9	1705	2	3	0	1719
1614	3	26	2	1687	0	1718
1615	4	8	1	1701	0	1714
1616	6	1677	1	27	0	1711
1617	2	24	2	1689	0	1717
1618	1	7	4	1710	0	1722
1619	1	1	1690	29	0	1721
1620	1675	1	22	9	0	1707
1621	1738	3	5	4	0	1750
1622	1744	2	1	4	0	1751
1623	28	0	2	1709	0	1739
1624	1688	3	3	20	0	1714
1625	25	1661	1	7	0	1694
1626	10	23	2	1641	0	1676
1627	4	1643	3	13	0	1663
1628	2	1706	2	7	0	1717
1629	1719	20	9	3	0	1751
1630	1730	7	3	0	0	1740
1631	1725	2	3	1	0	1731
1632	1720	1	1	4	0	1726
1633	1707	2	4	2	0	1715
1634	25	2	1755	4	0	1786
1635	1740	1	17	6	0	1764
1636	23	4	1814	3	0	1844
1637	1778	3	21	4	0	1806
1638	1812	1	7	3	0	1823
1639	1801	3	6	1	0	1811
1640	29	3	1869	0	0	1901
1641	10	5	20	1850	0	1885
1642	8	1937	7	20	0	1972
1643	1970	17	4	4	0	1995
1644	1946	9	2	5	0	1962
1645	25	1960	4	3	0	1992
1646	1988	21	3	5	0	2017
1647	25	9	2	1957	0	1993
1648	12	1986	2	16	0	2016
1649	1985	20	3	6	0	2014
1650	1992	8	3	2	0	2005
1651	30	2	4	1982	0	2018
1652	2006	1	7	24	0	2038
1653	22	4	4	2013	0	2043
1654	10	6	5	2020	0	2041
1655	11	2	2038	24	0	2075
1656	7	3	18	2005	0	2033
1657	9	2	5	2041	0	2057
1658	8	2	2045	27	0	2082
1659	2	3	2072	12	0	2089
1660	4	1	25	2095	0	2125
1661	5	1	2112	22	0	2140
1662	2010	1	17	14	0	2042
1663	19	2138	8	5	0	2170
1664	9	19	5	2190	0	2223
1665	5	6	2	2218	0	2231
1666	5	4	3	2198	0	2210
1667	2217	2	0	25	0	2244
1668	2218	4	3	10	0	2235
1669	2251	4	3	6	0	2264
1670	24	2246	3	5	0	2278
1671	8	17	0	2279	0	2304
1672	5	6	3	2276	0	2290
1673	2272	2	0	23	0	2297
1674	2275	3	0	7	0	2285
1675	26	3	2	2260	0	2291
1676	11	2	2252	22	0	2287
1677	2258	2	19	11	0	2290
1678	2303	3	4	3	0	2313
1679	24	4	2321	4	0	2353
1680	2199	0	15	6	0	2220
1681	20	3	2323	2	0	2348
1682	2305	1	16	10	0	2332
1683	22	13	6	2376	0	2417
1684	10	2514	4	15	0	2543
1685	12	15	2590	4	0	2621
1686	3	2560	23	5	0	2591
1687	6	2409	9	0	0	2424
1688	2493	19	12	16	0	2540
1689	10	4	3	2483	0	2500
1690	2	1	0	2452	0	2455
1691	2559	1	0	10	0	2570
1692	8	0	1	2580	0	2589
1693	3	3	0	2566	0	2572
1694	4	2	0	2569	0	2575
1695	1	1	0	2547	0	2549
1696	0	1	2590	13	0	2604
1697	3	1	2511	5	0	2520
1698	3	2555	9	2	0	2569
1699	2614	8	3	7	0	2632
1700	9	3	2	2662	0	2676
1701	4	2625	2	9	0	2640
1702	4	6	0	2763	0	2773
1703	2	3	2	2754	0	2761
1704	5	1	2	2740	0	2748
1705	2	15	2	2783	0	2802
1706	2	2	1	2784	0	2789
1707	2	2756	1	18	0	2777
1708	2	10	1	2807	0	2820
1709	0	4	2750	12	0	2766
1710	3	2759	10	3	0	2775
1711	2	9	2	2788	0	2801
1712	2	3	1	2767	0	2773
1713	2	2717	1	16	0	2736
1714	1	2754	0	8	0	2763
1715	2747	12	0	7	0	2766
1716	11	2718	1	3	0	2733
1717	2735	11	1	5	0	2752
1718	2703	2	5	7	0	2717
1719	12	3	2815	3	0	2833
1720	4	4	10	2754	0	2772
1721	2	2	2871	10	0	2885
1722	1	2939	10	5	0	2955
1723	8	21	3	2758	0	2790
1724	3	2	1	2946	0	2952
1725	4	5	1	2962	0	2972
1726	2	3	0	2978	0	2983
1727	4	1	3015	19	0	3039
1728	1	2	13	2989	0	3005
1729	1	1	3050	17	0	3069
1730	1	1	2977	9	0	2988
1731	2959	1	16	7	0	2983
1732	3125	1	4	6	0	3136
1733	3155	1	2	6	0	3164
1734	15	3056	4	2	0	3077
1735	5	14	0	3095	0	3114
1736	3	3	3141	14	0	3161
1737	1	2	14	3129	0	3146
1738	4	3	3262	15	0	3284
1739	3237	1	17	5	0	3260
1740	3226	1	3	5	0	3235
1741	3195	3	4	0	0	3202
1742	25	0	3115	3	0	3143
1743	6	2	3110	1	0	3119
1744	3	5	15	3186	0	3209
1745	5	0	11	3083	0	3099
1746	1	1	3	3259	0	3264
1747	2	3	3261	18	0	3284
1748	3	1	3068	9	0	3081
1749	3192	0	16	6	0	3214
1750	14	2	5	3331	0	3352
1751	4	0	4	3358	0	3366
1752	3397	0	3	21	0	3421
1753	15	1	0	3395	0	3411
1754	3549	2	3	20	0	3574
1755	3625	0	3	16	0	3644
1756	3636	3	1	9	0	3649
1757	18	0	3690	4	0	3712
1758	7	3664	13	7	0	3691
1759	3742	13	5	8	0	3768
1760	13	3	5	3752	0	3773
1761	9	2	2	3730	0	3743
1762	5	3730	0	22	0	3757
1763	3740	12	1	7	0	3760
1764	3705	4	1	6	0	3716
1765	3750	3	1	5	0	3759
1766	21	3755	3	3	0	3782
1767	3941	14	2	6	0	3963
1768	3941	3	2	4	0	3950
1769	3956	3	3	2	0	3964
1770	19	1	1	3904	0	3925
1771	9	2	0	3922	0	3933
1772	8	1	3971	19	0	3999
1773	4	1	13	3902	0	3920
1774	3	3	4	3899	0	3909
1775	3	2	3961	20	0	3986
1776	3832	0	13	8	0	3853
1777	3959	2	3	6	0	3970
1778	20	1	3	3939	0	3963
1779	7	3879	3	17	0	3906
1780	5	3919	1	3	0	3928
1781	5	23	1	3871	0	3900
1782	1	5	3801	17	0	3824
1783	3	10	12	3641	0	3666
1784	2	0	3651	14	0	3667
1785	6	0	3587	2	0	3595
1786	3	1	7	3709	0	3720
1787	3746	1	2	8	0	3757
1788	3662	1	1	7	0	3671
1789	9	1	1	3779	0	3790
1790	2	1	1	3751	0	3755
1791	3	2	0	3762	0	3767
1792	4	1	0	3724	0	3729
1793	3776	1	0	9	0	3786
1794	3749	0	1	2	0	3752
1795	3727	1	1	3	0	3732
1796	11	1	3719	0	0	3731
1797	3	2	6	3718	0	3729
1798	4	0	1	3793	0	3798
1799	3750	1	1	10	0	3762
1800	9	3685	1	5	0	3700
1801	3705	8	1	5	0	3719
1802	3694	1	2	4	0	3701
1803	3667	3	1	3	0	3674
1804	3651	0	1	5	0	3657
1805	11	3	3726	1	0	3741
1806	6	2	3516	1	0	3525
1807	3781	1	10	4	0	3796
1808	3868	0	1	3	0	3872
1809	3850	1	1	4	0	3856
1810	3918	3	1	4	0	3926
1811	15	2	4218	2	0	4237
1812	5	4432	18	5	0	4460
1813	5	23	2	4779	0	4809
1814	4994	4	5	48	0	5051
1815	5072	3	2	11	0	5088
1816	5397	6	6	8	0	5417
1817	5513	3	1	8	0	5525
1818	5589	1	2	6	0	5598
1819	5425	3	4	4	0	5436
1820	86	5	5012	7	0	5110
1821	34	1	5256	3	0	5294
1822	25	4	63	5170	0	5262
1823	27	3	5241	57	0	5328
1824	24	5108	62	14	0	5208
1825	24	5189	20	10	0	5243
1826	21	65	14	5321	0	5421
1827	11	14	5458	64	0	5547
1828	7	11	5268	24	0	5310
1829	5274	12	77	18	0	5381
1830	5815	8	26	18	0	5867
1831	88	13	17	5902	0	6020
1832	5975	10	16	75	0	6076
1833	92	6	13	5955	0	6066
1834	34	5	14	6003	0	6056
1835	19	2	6034	94	0	6149
1836	23	2	5827	31	0	5883
1837	20	3	91	5868	0	5982
1838	21	2	5827	87	0	5937
1839	5652	5	82	37	0	5776
1840	5893	3	33	29	0	5958
1841	96	5967	23	26	0	6112
1842	6031	76	27	20	0	6154
1843	101	20	5934	14	0	6069
1844	5880	7	86	16	0	5989
1845	5997	9	31	11	0	6048
1846	6041	7	18	11	0	6077
1847	131	6	18	5835	0	5990
1848	51	5875	13	78	0	6017
1849	5969	78	19	22	0	6088
1850	5994	21	19	20	0	6054
1851	125	10	14	5999	0	6148
1852	5974	11	13	107	0	6105
1853	125	6117	15	34	0	6291
1854	59	95	14	6026	0	6194
1855	40	32	5941	113	0	6126
1856	5681	19	101	46	0	5847
1857	123	8	5902	27	0	6060
1858	53	15	109	5874	0	6051
1859	41	5815	35	113	0	6004
1860	39	6367	23	40	0	6469
1861	42	139	26	6387	0	6594
1862	31	6498	30	146	0	6705
1863	39	158	13	8138	0	8348
1864	29	49	24	8549	0	8651
1865	40	29	17	8705	0	8791
1866	8364	32	20	276	0	8692
1867	232	25	9	8357	0	8623
1868	84	24	8217	248	0	8573
1869	48	8195	196	100	0	8539
1870	8276	213	55	58	0	8602
1871	248	64	19	8266	0	8597
1872	86	24	30	8447	0	8587
1873	61	27	17	8533	0	8638
1874	45	23	8200	297	0	8565
1875	48	8232	217	103	0	8600
1876	8280	226	67	69	0	8642
1877	238	74	32	8022	0	8366
1878	79	8328	34	230	0	8671
1879	8310	232	33	107	0	8682
1880	236	74	8271	77	0	8658
1881	8240	39	232	69	0	8580
1882	256	47	8382	57	0	8742
1883	119	34	8409	48	0	8610
1884	49	8282	259	66	0	8656
1885	61	243	80	8071	0	8455
1886	58	70	8098	254	0	8480
1887	52	7874	251	111	0	8288
1888	53	228	97	7806	0	8184
1889	34	7875	73	241	0	8223
1890	42	231	7869	102	0	8244
1891	28	103	241	7849	0	8221
1892	44	50	7892	264	0	8250
1893	41	60	254	7889	0	8244
1894	37	48	93	8076	0	8254
1895	43	47	7820	313	0	8223
1896	47	42	256	7875	0	8220
1897	7643	37	111	291	0	8082
1898	229	7746	57	138	0	8170
1899	97	227	7755	91	0	8170
1900	7693	77	239	107	0	8116
1901	262	44	100	7520	0	7926
1902	104	7718	51	270	0	8143
1903	7795	241	67	127	0	8230
1904	7988	97	58	82	0	8225
1905	304	62	56	7617	0	8039
1906	117	58	51	7805	0	8031
1907	74	54	39	7819	0	7986
1908	65	39	54	7710	0	7868
1909	59	7485	46	357	0	7947
1910	89	381	52	7142	0	7664
1911	47	7014	47	292	0	7400
1912	58	6840	44	155	0	7097
1913	49	6690	41	107	0	6887
1914	34	258	6276	106	0	6674
1915	35	6385	218	93	0	6731
1916	5869	242	144	95	0	6350
1917	196	5889	43	106	0	6234
1918	83	209	52	5509	0	5853
1919	57	5903	42	234	0	6236
1920	57	203	48	5899	0	6207
1921	57	108	57	6044	0	6266
1922	65	73	5864	264	0	6266
1923	5754	64	200	146	0	6164
1924	5898	78	80	111	0	6167
1925	5863	67	42	112	0	6084
1926	244	5714	50	125	0	6133
1927	86	199	63	5618	0	5966
1928	60	96	5537	258	0	5951
1929	69	5447	198	143	0	5857
1930	61	238	84	4747	0	5130
1931	64	5015	57	171	0	5307
1932	4974	198	52	100	0	5324
1933	5051	94	49	82	0	5276
1934	5126	71	59	63	0	5319
1935	5086	65	73	54	0	5278
1936	240	48	71	4899	0	5258
1937	93	62	65	4903	0	5123
1938	55	4879	65	238	0	5237
1939	65	194	50	4970	0	5279
1940	59	102	4822	223	0	5206
1941	51	54	173	4787	0	5065
1942	41	65	4689	234	0	5029
1943	38	4585	178	144	0	4945
1944	37	192	4647	91	0	4967
1945	36	97	207	4620	0	4960
1946	30	53	4701	242	0	5026
1947	33	53	206	4669	0	4961
1948	38	57	94	4757	0	4946
1949	49	61	54	4765	0	4929
1950	55	50	56	4750	0	4911
1951	4456	64	55	228	0	4803
1952	176	4487	39	117	0	4819
1953	4328	173	43	91	0	4635
1954	170	88	4190	92	0	4540
1955	4182	53	148	90	0	4473
1956	4330	52	53	102	0	4537
1957	233	43	4122	76	0	4474
1958	145	48	4007	76	0	4276
1959	82	3903	165	91	0	4241
1960	62	3680	57	70	0	3869
1961	106	163	3301	98	0	3668
1962	63	2866	126	121	0	3176
1963	75	109	61	1584	0	1829
1964	1433	8	26	38	0	1505
1965	18	5	3	1411	0	1437
1966	1425	3	3	21	0	1452
1967	1433	6	4	11	0	1454
1968	18	1436	4	13	0	1471
1969	1429	15	4	6	0	1454
1970	1428	6	1	8	0	1443
1971	18	5	2	1409	0	1434
1972	1418	4	2	21	0	1445
1973	15	1434	1	7	0	1457
1974	5	16	1	1462	0	1484
1975	1461	5	2	17	0	1485
1976	15	5	1447	5	0	1472
1977	1440	3	13	4	0	1460
1978	19	8	4	1480	0	1511
1979	4	0	1481	16	0	1501
1980	5	3	1454	4	0	1466
1981	1425	7	18	7	0	1457
1982	1423	1	3	3	0	1430
1983	11	0	2	1417	0	1430
1984	2	1	1	1424	0	1428
1985	3	2	1	1424	0	1430
1986	1	1423	2	10	0	1436
1987	1435	8	2	2	0	1447
1988	8	1427	0	3	0	1438
1989	1430	6	4	2	0	1442
1990	6	4	1430	2	0	1442
1991	2	2	6	1435	0	1445
1992	1460	2	2	9	0	1473
1993	9	2	1	1469	0	1481
1994	6	1	0	1463	0	1470
1995	1	1417	1	11	0	1430
1996	1426	5	0	8	0	1439
1997	7	1494	1	3	0	1505
1998	3	4	0	1505	0	1512
1999	1	3	1491	3	0	1498
2000	1402	0	4	4	0	1410
2001	4	0	1480	0	0	1484
2002	1411	0	4	1	0	1416
2003	6	1484	4	0	0	1494
2004	1	8	0	1460	0	1469
2005	0	1475	1	6	0	1482
2006	1497	8	1	1	0	1507
2007	7	3	2	1488	0	1500
2008	1	1	0	1512	0	1514
2009	0	2	1471	8	0	1481
2010	1422	0	7	4	0	1433
2011	7	2	1	1485	0	1495
2012	3	0	1459	9	0	1471
2013	2	1451	7	4	0	1464
2014	1	9	2	1454	0	1466
2015	1458	2	1	10	0	1471
2016	10	1	0	1455	0	1466
2017	3	0	1480	9	0	1492
2018	1618	0	11	4	0	1633
2019	17	2	1	1617	0	1637
2020	2	1	1781	16	0	1800
2021	3	0	17	1807	0	1827
2022	1	1	3	1834	0	1839
2023	3	1841	3	20	0	1867
2024	1821	21	3	11	0	1856
2025	19	1841	1	7	0	1868
2026	1849	21	3	2	0	1875
2027	23	6	0	1833	0	1862
2028	7	1844	3	21	0	1875
2029	4	24	1	1844	0	1873
2030	6	5	1813	21	0	1845
2031	1761	4	20	8	0	1793
2032	23	2	3	1775	0	1803
2033	6	1	2	1772	0	1781
2034	4	4	2	1774	0	1784
2035	7	1	1727	27	0	1762
2036	0	4	1710	8	0	1722
2037	5	1748	24	6	0	1783
2038	2	22	5	1703	0	1732
2039	1698	5	4	23	0	1730
2040	22	1708	4	11	0	1745
2041	7	24	5	1762	0	1798
2042	1788	4	5	24	0	1821
2043	1787	6	3	6	0	1802
2044	28	1784	0	8	0	1820
2045	1922	24	1	9	0	1956
2046	2151	7	2	6	0	2166
2047	35	3	3	2198	0	2239
2048	10	2223	1	31	0	2265
2049	8	26	2	2252	0	2288
2050	2235	8	2	33	0	2278
2051	32	7	2253	12	0	2304
2052	10	4	34	2230	0	2278
2053	9	5	8	2264	0	2286
2054	10	8	2229	39	0	2286
2055	8	5	32	2235	0	2280
2056	2236	3	5	43	0	2287
2057	2124	7	9	18	0	2158
2058	35	2	10	2214	0	2261
2059	15	4	2198	44	0	2261
2060	17	3	2151	14	0	2185
2061	7	2144	38	11	0	2200
2062	10	2193	9	17	0	2229
2063	13	35	14	2124	0	2186
2064	2107	11	7	39	0	2164
2065	34	2105	5	17	0	2161
2066	2093	35	6	10	0	2144
2067	38	5	6	2077	0	2126
2068	14	11	7	2085	0	2117
2069	2027	8	4	48	0	2087
2070	37	2038	7	19	0	2101
2071	2052	34	3	18	0	2107
2072	36	14	2004	15	0	2069
2073	19	5	1964	12	0	2000
2074	11	12	35	1930	0	1988
2075	11	7	1947	38	0	2003
2076	10	7	1925	11	0	1953
2077	11	12	37	1831	0	1891
2078	7	4	1881	42	0	1934
2079	12	6	40	1833	0	1891
2080	9	5	11	1840	0	1865
2081	8	5	1896	44	0	1953
2082	9	3	43	1862	0	1917
2083	6	4	14	1839	0	1863
2084	7	1839	11	48	0	1905
2085	1843	28	15	17	0	1903
2086	33	12	1835	21	0	1901
2087	14	8	36	1828	0	1886
2088	13	8	13	1866	0	1900
2089	9	6	1816	55	0	1886
2090	1756	4	40	24	0	1824
2091	34	1801	15	22	0	1872
2092	12	33	11	1814	0	1870
2093	7	12	11	1819	0	1849
2094	11	1803	5	51	0	1870
2095	11	38	1831	22	0	1902
2096	10	1832	46	18	0	1906
2097	1785	40	12	20	0	1857
2098	37	22	1769	16	0	1844
2099	11	9	42	1767	0	1829
2100	12	14	1782	40	0	1848
2101	17	12	1782	15	0	1826
2102	8	1765	45	18	0	1836
2103	12	33	10	1685	0	1740
2104	1695	14	12	38	0	1759
2105	1691	8	17	18	0	1734
2106	41	1722	5	11	0	1779
2107	14	35	9	1740	0	1798
2108	1741	9	6	36	0	1792
2109	1768	9	6	17	0	1800
2110	34	1763	7	18	0	1822
2111	1785	31	11	13	0	1840
2112	38	11	6	1740	0	1795
2113	16	1787	6	38	0	1847
2114	12	34	9	1810	0	1865
2115	15	15	9	1834	0	1873
2116	14	20	4	1839	0	1877
2117	11	11	1793	41	0	1856
2118	12	6	1603	20	0	1641
2119	8	1638	23	19	0	1688
2120	1455	24	12	7	0	1498
2121	19	1426	8	10	0	1463
2122	7	19	7	1399	0	1432
2123	3	8	1462	21	0	1494
2124	6	4	20	1448	0	1478
2125	3	3	10	1474	0	1490
2126	3	6	6	1482	0	1497
2127	1464	3	8	20	0	1495
2128	14	6	6	1464	0	1490
2129	5	5	1551	25	0	1586
2130	1514	4	17	15	0	1550
2131	1544	3	6	14	0	1567
2132	1574	1	5	13	0	1593
2133	1571	4	8	9	0	1592
2134	1578	2	5	8	0	1593
2135	22	1564	3	10	0	1599
2136	12	17	2	1522	0	1553
2137	11	1555	4	15	0	1585
2138	1548	15	6	12	0	1581
2139	1546	5	5	10	0	1566
2140	1510	4	9	6	0	1529
2141	26	1467	2	5	0	1500
2142	14	1436	3	5	0	1458
2143	8	1460	2	7	0	1477
2144	14	19	1448	3	0	1484
2145	21	84	16	1178	0	1299
2146	2	1049	2	8	0	1061
2147	0	1008	3	0	0	1011
2148	0	4	1	1004	0	1009
2149	0	0	0	1003	0	1003
2150	0	0	1020	6	0	1026
2151	1007	0	4	2	0	1013
2152	4	0	1	1055	0	1060
2153	1	0	0	1058	0	1059
2154	0	0	1054	5	0	1059
2155	0	0	1030	1	0	1031
2156	0	1092	6	0	0	1098
2157	0	6	1	1110	0	1117
2158	1	1	0	1120	0	1122
2159	1	0	1104	4	0	1109
2160	1055	1	4	2	0	1062
2161	1105	0	1	1	0	1107
2162	5	0	1141	0	0	1146
2163	1128	0	4	1	0	1133
2164	4	1	1143	0	0	1148
2165	1145	0	4	0	0	1149
2166	1160	0	2	1	0	1163
2167	5	2	1194	0	0	1201
2168	2	0	4	1170	0	1176
2169	0	0	1	1146	0	1147
2170	0	0	0	1249	0	1249
2171	1246	0	1	5	0	1252
2172	1238	0	1	2	0	1241
2173	6	1	1303	0	0	1310
2174	2	1	1262	0	0	1265
2175	1321	1	6	1	0	1329
2176	1337	0	0	1	0	1338
2177	7	0	1320	0	0	1327
2178	1	0	1327	1	0	1329
2179	0	0	6	1346	0	1352
2180	0	0	1381	7	0	1388
2181	1	0	6	1300	0	1307
2182	1385	0	1	7	0	1393
2183	7	1	1461	1	0	1470
2184	1440	0	11	0	0	1451
2185	13	0	1640	0	0	1653
2186	3	0	16	1623	0	1642
2187	2	0	2	1729	0	1733
2188	1	0	1	1732	0	1734
2189	0	1743	1	19	0	1763
2190	0	21	0	1637	0	1658
2191	0	3	0	1761	0	1764
2192	1743	0	0	20	0	1763
2193	21	1	1729	2	0	1753
2194	1655	0	17	0	0	1672
2195	17	0	1711	0	0	1728
2196	1587	0	17	1	0	1605
2197	16	1705	4	2	0	1727
2198	2	16	1698	1	0	1717
2199	1	2	1695	0	0	1698
2200	4	6	18	1533	0	1561
2201	0	0	3	1698	0	1701
2202	1	1	1723	18	0	1743
2203	1	0	1721	3	0	1725
2204	2	1	1850	1	0	1854
2205	1937	0	19	4	0	1960
2206	1975	0	5	2	0	1982
2207	1965	0	0	1	0	1966
2208	19	0	2	1928	0	1949
2209	2	0	0	1962	0	1964
2210	2	1	2044	20	0	2067
2211	0	0	18	2006	0	2024
2212	6	0	4	1915	0	1925
2213	2053	0	1	21	0	2075
2214	2045	1	2	4	0	2052
2215	2069	0	3	4	0	2076
2216	20	1	0	2065	0	2086
2217	4	1	0	2066	0	2071
2218	0	1	2	2076	0	2079
2219	2049	1	1	19	0	2070
2220	18	0	2	2014	0	2034
2221	5	2032	2	15	0	2054
2222	2	18	2	2010	0	2032
2223	3	1965	5	15	0	1988
2224	1983	18	3	2	0	2006
2225	1959	3	3	0	0	1965
2226	17	1965	4	1	0	1987
2227	2	2011	4	3	0	2020
2228	0	19	3	2010	0	2032
2229	0	2	1941	21	0	1964
2230	3	1	20	1899	0	1923
2231	4	3	1951	17	0	1975
2232	3	1973	21	6	0	2003
2233	3	15	5	2003	0	2026
2234	5	2	3	2029	0	2039
2235	4	0	2103	21	0	2128
2236	4	0	19	2091	0	2114
2237	4	0	2127	22	0	2153
2238	2128	1	19	4	0	2152
2239	2177	1	5	3	0	2186
2240	2200	0	5	4	0	2209
2241	24	0	4	2175	0	2203
2242	6	0	1	2202	0	2209
2243	4	4	2229	26	0	2263
2244	4	2	21	2178	0	2205
2245	1	2186	6	28	0	2221
2246	4	21	2205	9	0	2239
2247	8	4	2186	6	0	2204
2248	6	5	21	2078	0	2110
2249	6	3	2222	21	0	2252
2250	4	2	2181	8	0	2195
2251	2125	7	20	5	0	2157
2252	23	2370	4	4	0	2401
2253	2447	19	4	11	0	2481
2254	2474	3	4	7	0	2488
2255	2511	2	2	5	0	2520
2256	24	3	5	2483	0	2515
2257	5	3	6	2520	0	2534
2258	2	1	2517	26	0	2546
2259	4	1	21	2472	0	2498
2260	3	2521	9	20	0	2553
2261	2550	19	5	3	0	2577
2262	19	2509	5	7	0	2540
2263	6	2534	5	7	0	2552
2264	3	20	5	2554	0	2582
2265	7	5	2590	21	0	2623
2266	6	0	22	2587	0	2615
2267	7	1	2573	24	0	2605
2268	7	2549	24	5	0	2585
2269	2557	21	3	5	0	2586
2270	2582	2	5	7	0	2596
2271	2627	1	3	12	0	2643
2272	27	4	2708	7	0	2746
2273	6	1	2568	7	0	2582
2274	2725	4	19	6	0	2754
2275	2765	3	5	5	0	2778
2276	2792	1	4	8	0	2805
2277	20	2	5	2759	0	2786
2278	8	1	1	2786	0	2796
2279	2784	2	6	21	0	2813
2280	2763	3	3	4	0	2773
2281	25	5	2816	5	0	2851
2282	13	2	2671	4	0	2690
2283	2656	1	12	8	0	2677
2284	14	1	2724	6	0	2745
2285	2550	3	11	2	0	2566
2286	8	0	2595	1	0	2604
2287	2	6	3	2526	0	2537
2288	2	1	2653	4	0	2660
2289	0	2	5	2639	0	2646
2290	2	0	0	2681	0	2683
2291	2	2729	1	5	0	2737
2292	2772	3	0	4	0	2779
2293	1	2	2817	0	0	2820
2294	2723	1	3	5	0	2732
2295	6	2850	1	2	0	2859
2296	3001	3	2	6	0	3012
2297	5	0	1	2997	0	3003
2298	1	2	1	3024	0	3028
2299	0	3078	0	10	0	3088
2300	0	5	2	3218	0	3225
2301	0	2	1	3247	0	3250
2302	0	1	0	3250	0	3251
2303	3177	1	1	13	0	3192
2304	3029	0	0	8	0	3037
2305	13	2	2995	3	0	3013
2306	7	3023	8	2	0	3040
2307	2	12	4	3109	0	3127
2308	2	4	3	3215	0	3224
2309	2	2	3241	16	0	3261
2310	2	5	10	3136	0	3153
2311	3201	1	6	16	0	3224
2312	3233	0	3	10	0	3246
2313	3267	0	0	7	0	3274
2314	20	0	1	3321	0	3342
2315	3428	1	1	28	0	3458
2316	3456	2	0	9	0	3467
2317	3525	1	0	6	0	3532
2318	22	2	1	3515	0	3540
2319	9	1	0	3540	0	3550
2320	4	0	1	3555	0	3560
2321	1	0	1	3500	0	3502
2322	0	0	4	3513	0	3517
2323	4	2	3485	24	0	3515
2324	11	1	3425	10	0	3447
2325	4	3427	19	5	0	3455
2326	8	18	6	3534	0	3566
2327	2	9	3	3548	0	3562
2328	4	4	1	3562	0	3571
2329	4	1	3506	33	0	3544
2330	4	1	17	3489	0	3511
2331	4	0	3515	27	0	3546
2332	2	1	21	3470	0	3494
2333	3	3	3613	26	0	3645
2334	4	3597	22	14	0	3637
2335	4	19	9	3570	0	3602
2336	2	10	3531	21	0	3564
2337	3287	5	25	17	0	3334
2338	20	3523	9	9	0	3561
2339	11	17	5	3605	0	3638
2340	5	3609	2	23	0	3639
2341	5	23	3	3599	0	3630
2342	3650	8	3	26	0	3687
2343	24	2	2	3587	0	3615
2344	11	3587	7	25	0	3630
2345	3599	23	3	18	0	3643
2346	26	9	4	3718	0	3757
2347	11	8	2	3781	0	3802
2348	3880	2	8	42	0	3932
2349	35	2	5	4201	0	4243
2350	15	6	2	5023	0	5046
2351	8	2	5142	89	0	5241
2352	8	3	5060	31	0	5102
2353	8	4	100	5081	0	5193
2354	3	2	5108	87	0	5200
2355	3	4	5012	33	0	5052
2356	4869	3	104	26	0	5002
2357	81	2	5125	14	0	5222
2358	31	5079	97	15	0	5222
2359	22	72	40	5164	0	5298
2360	5249	26	23	87	0	5385
2361	5348	16	15	41	0	5420
2362	5316	5	13	29	0	5363
2363	122	5255	14	20	0	5411
2364	58	77	17	5253	0	5405
2365	23	32	14	5314	0	5383
2366	4999	25	9	123	0	5156
2367	5278	6	12	54	0	5350
2368	5309	8	7	32	0	5356
2369	131	7	5278	22	0	5438
2370	64	5251	88	19	0	5422
2371	36	5838	40	16	0	5930
2372	21	131	23	5713	0	5888
2373	21	60	14	5931	0	6026
2374	19	28	5915	165	0	6127
2375	5833	12	119	89	0	6053
2376	6040	6	62	44	0	6152
2377	163	10	32	5953	0	6158
2378	86	14	13	6018	0	6131
2379	48	9	12	6086	0	6155
2380	5965	12	13	201	0	6191
2381	136	11	5799	98	0	6044
2382	65	12	5862	53	0	5992
2383	42	11	158	5796	0	6007
2384	24	10	5816	148	0	5998
2385	5695	6	149	81	0	5931
2386	5771	6	66	53	0	5896
2387	5875	6	45	38	0	5964
2388	207	5590	28	27	0	5852
2389	5665	115	21	29	0	5830
2390	166	61	19	5594	0	5840
2391	78	30	19	5643	0	5770
2392	49	11	20	5713	0	5793
2393	31	11	5495	209	0	5746
2394	35	19	137	5397	0	5588
2395	38	5424	67	160	0	5689
2396	5291	116	36	100	0	5543
2397	141	5387	27	62	0	5617
2398	62	141	5293	49	0	5545
2399	61	5327	123	40	0	5551
2400	5150	151	82	41	0	5424
2401	133	5179	49	29	0	5390
2402	72	143	30	4785	0	5030
2403	42	5154	39	123	0	5358
2404	5133	154	29	68	0	5384
2405	5213	72	30	50	0	5365
2406	4944	42	25	33	0	5044
2407	196	43	5016	35	0	5290
2408	105	29	4969	16	0	5119
2409	66	28	4940	30	0	5064
2410	4850	26	194	39	0	5109
2411	137	41	97	4796	0	5071
2412	84	17	56	4867	0	5024
2413	66	18	4710	185	0	4979
2414	45	21	138	4744	0	4948
2415	4523	19	72	163	0	4777
2416	156	4563	44	79	0	4842
2417	4609	121	47	59	0	4836
2418	158	66	4542	42	0	4808
2419	4601	41	136	34	0	4812
2420	4694	28	67	36	0	4825
2421	4718	21	57	41	0	4837
2422	203	29	4529	42	0	4803
2423	121	22	122	4530	0	4795
2424	86	21	4555	145	0	4807
2425	75	21	143	4566	0	4805
2426	60	13	4615	154	0	4842
2427	53	21	159	4563	0	4796
2428	39	25	84	4680	0	4828
2429	4582	20	52	187	0	4841
2430	4648	7	39	109	0	4803
2431	4692	10	35	83	0	4820
2432	202	8	44	4497	0	4751
2433	108	4190	20	141	0	4459
2434	76	4461	28	69	0	4634
2435	4419	158	22	66	0	4665
2436	156	77	4371	46	0	4650
2437	4398	38	127	43	0	4606
2438	162	22	4354	41	0	4579
2439	4469	20	145	35	0	4669
2440	4299	21	67	46	0	4433
2441	178	20	4449	26	0	4673
2442	4487	15	127	51	0	4680
2443	4525	18	66	29	0	4638
2444	4546	15	56	41	0	4658
2445	211	4480	34	26	0	4751
2446	115	195	52	4289	0	4651
2447	71	51	4317	133	0	4572
2448	57	31	4301	66	0	4455
2449	59	3895	140	60	0	4154
2450	54	3130	48	23	0	3255
2451	66	75	68	2838	0	3047
2452	2799	32	26	70	0	2927
2453	67	2830	17	32	0	2946
2454	37	63	19	2783	0	2902
2455	35	2846	10	64	0	2955
2456	2832	74	14	29	0	2949
2457	74	34	13	2781	0	2902
2458	37	22	2727	67	0	2853
2459	36	2628	56	36	0	2756
2460	24	2683	36	25	0	2768
2461	33	75	20	2512	0	2640
2462	19	2606	17	61	0	2703
2463	17	73	16	2599	0	2705
2464	2581	36	11	66	0	2694
2465	2612	31	8	36	0	2687
2466	2728	19	14	22	0	2783
2467	2731	14	12	22	0	2779
2468	97	14	2703	16	0	2830
2469	54	2599	57	12	0	2722
2470	42	2562	26	18	0	2648
2471	15	2176	4	1	0	2196
2472	9	2156	8	4	0	2177
2473	2070	37	31	8	0	2146
2474	2063	10	6	4	0	2083
2475	2098	2	1	2	0	2103
2476	2095	3	1	2	0	2101
2477	32	2	2075	1	0	2110
2478	2168	1	25	3	0	2197
2479	2218	1	8	1	0	2228
2480	2244	0	2	2	0	2248
2481	36	0	2	2221	0	2259
2482	11	0	2	2231	0	2244
2483	2238	0	0	34	0	2272
2484	29	2	0	2233	0	2264
2485	9	2216	1	30	0	2256
2486	4	24	1	2254	0	2283
2487	4	8	2	2264	0	2278
2488	3	2268	1	33	0	2305
2489	2	26	1	2284	0	2313
2490	4	11	0	2293	0	2308
2491	2253	1	0	35	0	2289
2492	26	1	2183	9	0	2219
2493	2185	2	26	2	0	2215
2494	29	1	2178	3	0	2211
2495	11	4	2154	1	0	2170
2496	4	3	2184	5	0	2196
2497	2156	0	33	4	0	2193
2498	27	3	2256	0	0	2286
2499	2218	1	28	3	0	2250
2500	2275	3	9	4	0	2291
2501	2305	2	3	3	0	2313
2502	25	2287	0	4	0	2316
2503	2299	19	4	2	0	2324
2504	22	2330	1	3	0	2356
2505	7	18	0	2366	0	2391
2506	6	11	0	2379	0	2396
2507	3	2348	1	25	0	2377
2508	4	2357	1	8	0	2370
2509	5	2419	2	3	0	2429
2510	2393	25	2	3	0	2423
2511	21	2456	2	2	0	2481
2512	2460	19	2	2	0	2483
2513	18	10	2440	4	0	2472
2514	2445	5	19	0	0	2469
2515	2495	2	7	5	0	2509
2516	25	4	2447	2	0	2478
2517	13	1	17	2466	0	2497
2518	4	1	2512	18	0	2535
2519	5	2	18	2490	0	2515
2520	3	1	9	2512	0	2525
2521	2533	0	3	24	0	2560
2522	2526	2	1	10	0	2539
2523	27	2509	2	5	0	2543
2524	2545	18	1	4	0	2568
2525	25	8	2568	2	0	2603
2526	2528	4	21	2	0	2555
2527	26	1	2632	1	0	2660
2528	10	6	2640	1	0	2657
2529	2678	2	33	1	0	2714
2530	2742	1	9	1	0	2753
2531	38	2	2767	1	0	2808
2532	16	1	27	2712	0	2756
2533	5	4	10	2781	0	2800
2534	8	2	2734	32	0	2776
2535	2	5	25	2686	0	2718
2536	6	2644	12	31	0	2693
2537	3	26	2	2798	0	2829
2538	3	11	2	2795	0	2811
2539	6	6	2709	34	0	2755
2540	2616	5	25	14	0	2660
2541	2708	3	8	4	0	2723
2542	2690	4	4	4	0	2702
2543	2674	0	5	3	0	2682
2544	39	2637	7	4	0	2687
2545	24	22	2	2549	0	2597
2546	13	7	2535	23	0	2578
2547	10	1	2509	12	0	2532
2548	9	3	30	2457	0	2499
2549	4	2	2519	26	0	2551
2550	2438	1	24	16	0	2479
2551	22	5	11	2507	0	2545
2552	13	2	2	2534	0	2551
2553	4	1	3	2514	0	2522
2554	2478	6	3	33	0	2520
2555	25	2459	0	16	0	2500
2556	2474	19	1	8	0	2502
2557	2471	9	4	5	0	2489
2558	34	2420	3	3	0	2460
2559	11	2416	6	5	0	2438
2560	2460	29	4	4	0	2497
2561	28	8	6	2454	0	2496
2562	12	4	8	2450	0	2474
2563	2562	3	4	35	0	2604
2564	32	0	2519	12	0	2563
2565	2505	1	32	4	0	2542
2566	2526	0	9	7	0	2542
2567	35	2592	1	3	0	2631
2568	2719	20	4	3	0	2746
2569	2727	11	1	8	0	2747
2570	31	2959	2	10	0	3002
2571	8	3046	1	1	0	3056
2572	16	36	5	2958	0	3015
2573	3001	14	0	29	0	3044
2574	31	3113	0	10	0	3154
2575	13	41	1	3152	0	3207
2576	3191	9	0	45	0	3245
2577	44	7	3156	10	0	3217
2578	10	4	42	3106	0	3162
2579	7	0	3128	46	0	3181
2580	3072	1	46	10	0	3129
2581	3158	2	15	5	0	3180
2582	52	0	3136	7	0	3195
2583	16	3091	43	3	0	3153
2584	8	40	10	3129	0	3187
2585	4	9	3137	42	0	3192
2586	4	6	44	3126	0	3180
2587	6	4	10	3203	0	3223
2588	5	1	3146	61	0	3213
2589	3056	2	50	14	0	3122
2590	3176	3	11	10	0	3200
2591	58	0	3163	7	0	3228
2592	15	3175	52	4	0	3246
2593	12	49	10	3094	0	3165
2594	5	3130	4	44	0	3183
2595	3	3192	5	8	0	3208
2596	3190	56	5	10	0	3261
2597	48	16	2	3183	0	3249
2598	11	9	4	3161	0	3185
2599	8	5	3142	57	0	3212
2600	8	4	3112	14	0	3138
2601	4	8	55	3095	0	3162
2602	6	3	13	3142	0	3164
2603	10	2	3097	60	0	3169
2604	1	4	3103	19	0	3127
2605	1	4	58	3066	0	3129
2606	3100	1	16	53	0	3170
2607	49	3112	10	13	0	3184
2608	3098	51	6	12	0	3167
2609	54	3108	5	8	0	3175
2610	19	3182	4	3	0	3208
2611	3112	65	5	5	0	3187
2612	56	16	3120	6	0	3198
2613	16	13	52	3116	0	3197
2614	8	8	13	3191	0	3220
2615	8	3	9	3404	0	3424
2616	5	4	3391	73	0	3473
2617	5	7	59	3383	0	3454
2618	3433	3	21	68	0	3525
2619	64	1	12	3556	0	3633
2620	21	2	6	3684	0	3713
2621	3664	4	7	86	0	3761
2622	3674	7	8	26	0	3715
2623	80	3640	7	19	0	3746
2624	22	64	3645	15	0	3746
2625	12	19	3601	8	0	3640
2626	7	11	3608	9	0	3635
2627	8	3476	76	15	0	3575
2628	18	60	26	3401	0	3505
2629	10	19	14	3473	0	3516
2630	3421	10	12	81	0	3524
2631	64	11	10	3374	0	3459
2632	16	5	3356	77	0	3454
2633	9	4	70	3364	0	3447
2634	8	6	20	3401	0	3435
2635	8	4	3337	91	0	3440
2636	9	3306	64	33	0	3412
2637	16	62	21	3130	0	3229
2638	12	3277	15	60	0	3364
2639	4	61	3267	22	0	3354
2640	3241	21	63	14	0	3339
2641	3305	7	21	14	0	3347
2642	3340	7	20	6	0	3373
2643	82	7	10	3226	0	3325
2644	24	3285	4	76	0	3389
2645	3272	62	7	23	0	3364
2646	3331	14	14	18	0	3377
2647	3315	9	9	16	0	3349
2648	89	6	3238	12	0	3345
2649	3178	5	63	19	0	3265
2650	63	3232	20	19	0	3334
2651	3192	67	13	13	0	3285
2652	73	3239	12	10	0	3334
2653	3244	72	9	13	0	3338
2654	69	19	3273	15	0	3376
2655	3258	9	68	16	0	3351
2656	3348	6	24	14	0	3392
2657	2967	21	13	13	0	3014
2658	3353	6	6	18	0	3383
2659	83	10	3251	11	0	3355
2660	31	7	61	3229	0	3328
2661	3220	7	21	71	0	3319
2662	76	3220	13	22	0	3331
2663	31	61	12	3151	0	3255
2664	20	17	3122	68	0	3227
2665	14	40	67	3105	0	3226
2666	14	11	3119	66	0	3210
2667	16	2982	64	27	0	3089
2668	23	2801	20	15	0	2859
2669	17	2818	11	10	0	2856
2670	30	78	20	2476	0	2604
2671	17	15	10	2445	0	2487
2672	10	9	2380	55	0	2454
2673	15	2295	43	11	0	2364
2674	2156	38	11	5	0	2210
2675	34	2064	10	7	0	2115
2676	15	2075	8	10	0	2108
2677	36	43	11	1999	0	2089
2678	1996	9	8	41	0	2054
2679	2013	8	8	12	0	2041
2680	40	3	6	1990	0	2039
2681	1958	0	15	37	0	2010
2682	35	5	7	1958	0	2005
2683	16	5	1928	38	0	1987
2684	1927	11	33	20	0	1991
2685	38	6	14	1928	0	1986
2686	10	9	1892	37	0	1948
2687	8	2	1867	20	0	1897
2688	5	14	36	1885	0	1940
2689	1926	5	17	31	0	1979
2690	1930	10	5	18	0	1963
2691	40	1921	9	3	0	1973
2692	1978	29	3	17	0	2027
2693	1989	14	12	9	0	2024
2694	2010	5	3	11	0	2029
2695	36	2007	6	14	0	2063
2696	2029	28	4	10	0	2071
2697	2055	12	2	11	0	2080
2698	41	3	4	2038	0	2086
2699	1994	6	7	27	0	2034
2700	29	1963	11	10	0	2013
2701	17	2006	3	9	0	2035
2702	12	31	5	2002	0	2050
2703	10	13	9	2007	0	2039
2704	10	1996	7	33	0	2046
2705	2004	28	1	9	0	2042
2706	38	1970	2	5	0	2015
2707	1954	26	4	5	0	1989
2708	34	1975	4	2	0	2015
2709	21	23	5	1936	0	1985
2710	16	2035	5	19	0	2075
2711	2044	29	18	6	0	2097
2712	2012	8	10	13	0	2043
2713	2001	5	6	4	0	2016
2714	34	4	1930	3	0	1971
2715	9	6	1759	6	0	1780
2716	4	1702	23	2	0	1731
2717	8	16	1669	2	0	1695
2718	2	10	1599	5	0	1616
2719	7	25	17	1389	0	1438
2720	0	0	1430	9	0	1439
2721	0	1427	7	2	0	1436
2722	1428	7	2	0	0	1437
2723	6	1411	1	2	0	1420
2724	0	1432	1	0	0	1433
2725	1465	8	1	3	0	1477
2726	1488	2	0	3	0	1493
2727	10	1533	1	0	0	1544
2728	1554	7	0	1	0	1562
2729	1550	3	1	0	0	1554
2730	1545	1	0	0	0	1546
2731	8	1	1514	1	0	1524
2732	5	1	1494	1	0	1501
2733	2	1	8	1542	0	1553
2734	4	1	2	1545	0	1552
2735	1592	0	0	10	0	1602
2736	8	1549	0	3	0	1560
2737	3	9	0	1606	0	1618
2738	1	3	1	1618	0	1623
2739	2	1	0	1632	0	1635
2740	1	0	0	1644	0	1645
2741	1	1	1650	10	0	1662
2742	2	2	1631	1	0	1636
2743	4	0	12	1689	0	1705
2744	2	1	1707	10	0	1720
2745	1690	0	9	4	0	1703
2746	9	4	4	1742	0	1759
2747	6	1	1743	10	0	1760
2748	1653	0	9	5	0	1667
2749	10	1734	4	1	0	1749
2750	1725	9	0	1	0	1735
2751	10	1789	2	1	0	1802
2752	5	8	1	1761	0	1775
2753	1	3	1801	10	0	1815
2754	2	1	10	1732	0	1745
2755	2	2	1722	9	0	1735
2756	1700	1	9	5	0	1715
2757	10	1	5	1773	0	1789
2758	1785	1	3	10	0	1799
2759	8	2	1788	5	0	1803
2760	1843	0	10	1	0	1854
2761	1939	2	5	3	0	1949
2762	14	2	1966	1	0	1983
2763	6	1	10	1975	0	1992
2764	1	0	2001	11	0	2013
2765	1	1981	11	4	0	1997
2766	1983	11	6	2	0	2002
2767	1985	5	0	2	0	1992
2768	16	0	1990	0	0	2006
2769	7	1	1979	2	0	1989
2770	5	0	14	1995	0	2014
2771	3	1	3	2033	0	2040
2772	2045	1	3	12	0	2061
2773	12	2054	0	4	0	2070
2774	2084	10	2	2	0	2098
2775	2086	4	2	1	0	2093
2776	14	1	2043	1	0	2059
2777	2000	0	12	5	0	2017
2778	10	0	2063	3	0	2076
2779	5	1	9	2098	0	2113
2780	4	1	2185	11	0	2201
2781	3	2	8	2175	0	2188
2782	6	0	2204	10	0	2220
2783	2156	1	8	4	0	2169
2784	2190	0	7	2	0	2199
2785	14	0	2	2180	0	2196
2786	2234	0	5	13	0	2252
2787	9	0	2	2271	0	2282
2788	4	2309	4	11	0	2328
2789	2306	7	4	6	0	2323
2790	9	2303	3	3	0	2318
2791	6	6	3	2326	0	2341
2792	5	4	2	2254	0	2265
2793	2	0	1	2242	0	2245
2794	5	0	2	2218	0	2225
2795	4	0	2177	13	0	2194
2796	2029	4	8	9	0	2050
2797	2133	1	5	3	0	2142
2798	12	2133	1	3	0	2149
2799	6	8	0	2169	0	2183
2800	4	4	1	2173	0	2182
2801	2	2	2127	15	0	2146
2802	2061	0	11	11	0	2083
2803	11	0	9	2120	0	2140
2804	7	2	2112	12	0	2133
2805	2111	1	11	5	0	2128
2806	2144	3	3	3	0	2153
2807	2141	0	3	4	0	2148
2808	14	2	2100	3	0	2119
2809	5	0	2008	4	0	2017
2810	2003	1	14	5	0	2023
2811	12	0	8	2028	0	2048
2812	6	1	5	2072	0	2084
2813	8	1	2080	9	0	2098
2814	2032	0	10	4	0	2046
2815	10	4	4	2102	0	2120
2816	2171	0	5	7	0	2183
2817	2185	1	2	5	0	2193
2818	2182	0	4	6	0	2192
2819	11	0	2249	6	0	2266
2820	6	1	10	2248	0	2265
2821	2255	0	8	13	0	2276
2822	16	2322	1	3	0	2342
2823	7	11	4	2358	0	2380
2824	11	3	1	2366	0	2381
2825	2331	1	4	15	0	2351
2826	2284	0	5	8	0	2297
2827	19	0	5	2255	0	2279
2828	5	3	2254	14	0	2276
2829	2206	1	12	7	0	2226
2830	13	3	2311	5	0	2332
2831	2330	0	11	7	0	2348
2832	2398	3	5	3	0	2409
2833	19	0	2396	4	0	2419
2834	9	6	12	2465	0	2492
2835	4	0	2579	17	0	2600
2836	6	2730	19	4	0	2759
2837	6	18	3	2659	0	2686
2838	3	2800	6	18	0	2827
2839	9	22	3	2821	0	2855
2840	5	6	2873	23	0	2907
2841	5	2888	25	6	0	2924
2842	4	2976	4	13	0	2997
2843	10	42	9	3025	0	3086
2844	3055	10	1	33	0	3099
2845	34	4	2	3320	0	3360
2846	3417	5	2	43	0	3467
2847	40	3474	2	12	0	3528
2848	3824	46	4	5	0	3879
2849	53	13	3937	4	0	4007
2850	11	8	50	3901	0	3970
2851	5	3	8	3912	0	3928
2852	10	2	3866	60	0	3938
2853	3768	3	53	14	0	3838
2854	3856	2	10	9	0	3877
2855	58	3821	8	13	0	3900
2856	24	52	5	3718	0	3799
2857	5	3782	6	49	0	3842
2858	9	48	3779	14	0	3850
2859	7	10	3819	12	0	3848
2860	5	25	63	3688	0	3781
2861	3664	3	16	56	0	3739
2862	52	3611	6	14	0	3683
2863	3600	56	5	7	0	3668
2864	54	11	3547	6	0	3618
2865	3571	9	51	6	0	3637
2866	3678	4	12	5	0	3699
2867	59	9	3613	5	0	3686
2868	18	3	54	3572	0	3647
2869	3598	4	15	52	0	3669
2870	3599	5	6	12	0	3622
2871	3619	1	4	8	0	3632
2872	67	4	11	3545	0	3627
2873	23	5	3522	50	0	3600
2874	3491	5	55	14	0	3565
2875	59	7	3540	12	0	3618
2876	21	2	56	3531	0	3610
2877	21	1	12	3534	0	3568
2878	14	3526	11	67	0	3618
2879	16	57	3494	13	0	3580
2880	10	3352	57	15	0	3434
2881	21	3459	15	9	0	3504
2882	12	59	13	3436	0	3520
2883	10	11	3432	64	0	3517
2884	10	7	59	3427	0	3503
2885	15	6	3439	65	0	3525
2886	19	14	61	3392	0	3486
2887	15	11	16	3400	0	3442
2888	13	14	3255	71	0	3353
2889	17	6	64	3254	0	3341
2890	13	7	3263	68	0	3351
2891	14	5	3240	21	0	3280
2892	12	3231	71	22	0	3336
2893	3267	53	23	17	0	3360
2894	70	13	3237	24	0	3344
2895	3227	15	63	18	0	3323
2896	67	13	23	3282	0	3385
2897	21	8	3263	66	0	3358
2898	20	3235	72	20	0	3347
2899	9	59	30	3243	0	3341
2900	14	19	3245	69	0	3347
2901	17	19	68	3121	0	3225
2902	19	3233	21	58	0	3331
2903	3272	60	19	23	0	3374
2904	69	18	18	3267	0	3372
2905	3219	15	14	71	0	3319
2906	3272	17	15	25	0	3329
2907	3286	10	20	20	0	3336
2908	3296	6	22	19	0	3343
2909	3240	6	15	30	0	3291
2910	81	3181	11	24	0	3297
2911	40	60	15	3190	0	3305
2912	24	19	18	3220	0	3281
2913	37	13	14	3202	0	3266
2914	29	10	3099	79	0	3217
2915	30	3090	64	30	0	3214
2916	3163	63	29	25	0	3280
2917	3209	18	26	26	0	3279
2918	74	3139	22	21	0	3256
2919	24	3152	14	30	0	3220
2920	3102	75	18	23	0	3218
2921	79	22	3062	25	0	3188
2922	25	25	73	2996	0	3119
2923	2982	14	35	76	0	3107
2924	75	16	17	2905	0	3013
2925	30	2957	16	75	0	3078
2926	19	65	16	2983	0	3083
2927	20	16	2979	79	0	3094
2928	2944	12	76	27	0	3059
2929	3040	10	22	27	0	3099
2930	87	13	18	2908	0	3026
2931	29	11	20	2947	0	3007
2932	2817	8	20	83	0	2928
2933	80	2786	17	29	0	2912
2934	29	63	20	2718	0	2830
2935	34	23	14	2695	0	2766
2936	2461	11	12	77	0	2561
2937	66	2492	14	28	0	2600
2938	2424	58	11	17	0	2510
2939	70	2369	9	31	0	2479
2940	22	2430	19	17	0	2488
2941	2312	63	14	22	0	2411
2942	67	2326	11	14	0	2418
2943	25	112	38	2158	0	2333
2944	13	17	2176	62	0	2268
2945	10	11	1903	16	0	1940
2946	13	4	1794	10	0	1821
2947	9	1731	51	2	0	1793
2948	1359	37	38	9	0	1443
2949	33	9	1	1288	0	1331
2950	6	2	1	1314	0	1323
2951	2	2	1274	35	0	1313
2952	1271	4	29	6	0	1310
2953	32	1	8	1302	0	1343
2954	8	4	2	1324	0	1338
2955	6	2	2	1309	0	1319
2956	1261	6	2	36	0	1305
2957	35	2	1243	9	0	1289
2958	1244	1	32	4	0	1281
2959	30	7	4	1240	0	1281
2960	10	2	1236	33	0	1281
2961	1220	2	29	10	0	1261
2962	31	2	1236	5	0	1274
2963	10	6	33	1227	0	1276
2964	7	2	1250	31	0	1290
2965	5	2	1211	6	0	1224
2966	1159	2	36	3	0	1200
2967	33	4	1179	5	0	1221
2968	7	1	32	1173	0	1213
2969	1170	0	9	34	0	1213
2970	31	1	7	1179	0	1218
2971	6	0	1172	33	0	1211
2972	3	4	1187	9	0	1203
2973	8	1188	34	5	0	1235
2974	2	30	7	1171	0	1210
2975	1136	4	1	33	0	1174
2976	30	1115	9	6	0	1160
2977	1127	29	4	4	0	1164
2978	31	5	4	1115	0	1155
2979	1109	2	5	30	0	1146
2980	30	1100	4	9	0	1143
2981	8	28	7	1098	0	1141
2982	1100	6	4	27	0	1137
2983	35	1102	4	6	0	1147
2984	7	27	2	1109	0	1145
2985	6	7	4	1123	0	1140
2986	1112	1	4	35	0	1152
2987	31	2	4	1118	0	1155
2988	10	2	2	1151	0	1165
2989	4	2	4	1158	0	1168
2990	2	3	1118	40	0	1163
2991	1120	1	30	9	0	1160
2992	32	4	9	1298	0	1343
2993	11	2	1373	46	0	1432
2994	1388	1	44	12	0	1445
2995	47	2	1415	10	0	1474
2996	13	1	45	1384	0	1443
2997	4	1408	12	48	0	1472
2998	5	40	3	1435	0	1483
2999	4	7	1435	51	0	1497
3000	5	4	1487	12	0	1508
3001	7	3	51	1465	0	1526
3002	5	3	1461	50	0	1519
3003	1436	4	47	13	0	1500
3004	49	1	1436	10	0	1496
3005	10	4	45	1411	0	1470
3006	6	2	9	1459	0	1476
3007	3	1	9	1445	0	1458
3008	1395	4	8	61	0	1468
3009	1439	1	8	16	0	1464
3010	1467	1	6	10	0	1484
3011	60	5	4	1410	0	1479
3012	12	1	7	1456	0	1476
3013	6	1	1388	63	0	1458
3014	9	2	1431	18	0	1460
3015	5	1388	53	12	0	1458
3016	15	43	14	1235	0	1307
3017	4	7	8	1228	0	1247
3018	5	1221	5	49	0	1280
3019	1219	36	3	15	0	1273
3020	36	1229	9	9	0	1283
3021	1229	39	4	8	0	1280
3022	44	8	6	1212	0	1270
3023	1231	3	2	45	0	1281
3024	39	3	5	1230	0	1277
3025	10	3	1211	45	0	1269
3026	4	5	39	1217	0	1265
3027	1199	1	14	43	0	1257
3028	46	3	5	1203	0	1257
3029	11	2	4	1219	0	1236
3030	8	0	1179	54	0	1241
3031	5	0	43	1195	0	1243
3032	2	1	10	1195	0	1208
3033	5	1176	3	47	0	1231
3034	4	31	4	1193	0	1232
3035	9	7	5	1226	0	1247
3036	7	5	3	1227	0	1242
3037	4	1139	0	52	0	1195
3038	2	29	3	1111	0	1145
3039	1068	8	2	33	0	1111
3040	27	1024	2	13	0	1066
3041	7	984	1	6	0	998
3042	2	981	1	7	0	991
3043	1	38	5	914	0	958
3044	4	909	5	30	0	948
3045	7	944	11	6	0	968
3046	923	30	8	6	0	967
3047	28	7	901	5	0	941
3048	889	7	28	9	0	933
3049	27	9	7	905	0	948
3050	5	4	907	33	0	949
3051	897	2	36	10	0	945
3052	26	3	886	11	0	926
3053	7	1	900	11	0	919
3054	913	1	34	6	0	954
3055	37	1	13	910	0	961
3056	9	2	933	37	0	981
3057	937	0	29	23	0	989
3058	963	2	10	16	0	991
3059	40	1	965	13	0	1019
3060	987	2	28	8	0	1025
3061	1011	2	12	7	0	1032
3062	42	1	962	13	0	1018
3063	966	2	30	17	0	1015
3064	990	0	12	16	0	1018
3065	36	5	939	4	0	984
3066	13	4	1030	7	0	1054
3067	8	6	35	1024	0	1073
3068	3	6	1026	40	0	1075
3069	1028	7	32	17	0	1084
3070	33	12	8	1019	0	1072
3071	19	6	5	1048	0	1078
3072	11	9	1001	38	0	1059
3073	9	6	29	1007	0	1051
3074	10	2	997	42	0	1051
3075	1009	3	32	14	0	1058
3076	1039	1	12	14	0	1066
3077	35	5	1016	13	0	1069
3078	1020	3	29	12	0	1064
3079	1052	2	3	15	0	1072
3080	37	1	1030	15	0	1083
3081	1044	3	30	17	0	1094
3082	1057	3	14	7	0	1081
3083	34	2	1042	20	0	1098
3084	1036	3	30	16	0	1085
3085	32	8	1059	14	0	1113
3086	10	4	33	1058	0	1105
3087	5	1	8	1075	0	1089
3088	4	5	4	1082	0	1095
3089	5	8	1036	41	0	1090
3090	998	5	28	22	0	1053
3091	33	4	990	11	0	1038
3092	10	796	14	6	0	826
3093	3	748	6	7	0	764
3094	717	15	11	2	0	745
3095	12	4	2	708	0	726
3096	5	707	1	10	0	723
3097	686	10	1	3	0	700
3098	684	3	0	3	0	690
3099	12	718	0	2	0	732
3100	3	9	3	668	0	683
3101	1	687	0	10	0	698
3102	692	8	1	4	0	705
3103	701	3	0	1	0	705
3104	13	0	0	684	0	697
3105	685	0	1	11	0	697
3106	10	0	1	684	0	695
3107	5	0	675	9	0	689
3108	677	0	11	4	0	692
3109	11	1	689	0	0	701
3110	4	2	8	669	0	683
3111	676	0	4	9	0	689
3112	10	0	0	679	0	689
3113	3	1	677	9	0	690
3114	1	0	668	3	0	672
3115	1	4	9	666	0	680
3116	664	1	3	9	0	677
3117	7	670	1	4	0	682
3118	4	9	0	675	0	688
3119	1	2	678	7	0	688
3120	668	1	7	3	0	679
3121	711	2	3	1	0	717
3122	11	0	703	0	0	714
3123	693	0	6	2	0	701
3124	6	1	3	723	0	733
3125	4	1	717	6	0	728
3126	717	0	6	2	0	725
3127	7	2	2	712	0	723
3128	3	0	0	708	0	711
3129	708	0	0	9	0	717
3130	6	701	1	2	0	710
3131	2	710	1	1	0	714
3132	712	8	0	2	0	722
3133	700	1	0	0	0	701
3134	8	1	710	0	0	719
3135	2	0	692	1	0	695
3136	1	2	8	689	0	700
3137	714	0	1	7	0	722
3138	711	0	1	1	0	713
3139	719	0	1	0	0	720
3140	6	707	1	0	0	714
3141	1	721	0	2	0	724
3142	1	5	1	751	0	758
3143	1	1	0	752	0	754
3144	1	0	1	769	0	771
3145	0	0	783	8	0	791
3146	2	0	737	2	0	741
3147	773	0	7	0	0	780
3148	799	2	2	0	0	803
3149	7	1	0	799	0	807
3150	3	1	1	792	0	797
3151	1	0	1	806	0	808
3152	2	0	774	9	0	785
3153	1	0	771	4	0	776
3154	2	0	7	786	0	795
3155	1	1	811	6	0	819
3156	1	781	6	1	0	789
3157	2	804	0	2	0	808
3158	796	6	1	3	0	806
3159	4	777	0	3	0	784
3160	2	6	1	788	0	797
3161	0	0	3	792	0	795
3162	2	824	2	6	0	834
3163	2	7	0	847	0	856
3164	1	1	830	7	0	839
3165	1	841	8	2	0	852
3166	1	7	1	808	0	817
3167	1	0	795	8	0	804
3168	3	786	7	0	0	796
3169	3	6	0	779	0	788
3170	1	792	2	6	0	801
3171	2	9	0	797	0	808
3172	1	2	0	778	0	781
3173	1	784	3	6	0	794
3174	773	8	0	1	0	782
3175	766	0	1	5	0	772
3176	7	773	1	2	0	783
3177	2	789	1	0	0	792
3178	3	7	0	790	0	800
3179	1	2	791	6	0	800
3180	769	2	7	1	0	779
3181	771	0	0	3	0	774
3182	6	1	757	3	0	767
3183	745	1	9	2	0	757
3184	770	0	1	2	0	773
3185	7	2	748	2	0	759
3186	726	1	7	2	0	736
3187	9	1	774	2	0	786
3188	1	784	8	1	0	794
3189	792	8	0	1	0	801
3190	802	1	0	2	0	805
3191	8	1	802	2	0	813
3192	796	1	8	2	0	807
3193	824	2	1	3	0	830
3194	7	1	821	3	0	832
3195	836	1	7	0	0	844
3196	855	3	1	1	0	860
3197	10	1	849	1	0	861
3198	852	1	11	1	0	865
3199	9	3	0	826	0	838
3200	1	0	2	831	0	834
3201	3	3	824	9	0	839
3202	2	0	824	4	0	830
3203	1	2	11	836	0	850
3204	2	5	1	848	0	856
3205	888	2	0	10	0	900
3206	11	0	879	1	0	891
3207	883	2	8	3	0	896
3208	9	3	1	927	0	940
3209	0	0	932	11	0	943
3210	972	1	12	1	0	986
3211	12	0	5	1017	0	1034
3212	1	0	1043	10	0	1054
3213	1043	1	10	3	0	1057
3214	9	1	0	1064	0	1074
3215	1072	0	1	12	0	1085
3216	10	0	1134	1	0	1145
3217	2	1	11	1093	0	1107
3218	0	1164	2	10	0	1176
3219	1197	11	1	5	0	1214
3220	1184	5	0	3	0	1192
3221	13	1215	3	4	0	1235
3222	1237	10	3	2	0	1252
3223	1237	5	1	4	0	1247
3224	1220	1	3	5	0	1229
3225	14	1223	3	0	0	1240
3226	6	10	0	1238	0	1254
3227	2	5	1249	11	0	1267
3228	3	2	13	1235	0	1253
3229	2	0	2	1271	0	1275
3230	3	3	1272	15	0	1293
3231	4	1	1253	4	0	1262
3232	5	1	14	1240	0	1260
3233	3	1282	2	9	0	1296
3234	1282	13	3	4	0	1302
3235	1269	3	2	2	0	1276
3236	14	1319	1	3	0	1337
3237	1321	13	3	2	0	1339
3238	1327	4	0	2	0	1333
3239	16	0	1323	1	0	1340
3240	1288	2	10	2	0	1302
3241	12	1334	3	2	0	1351
3242	6	8	1307	2	0	1323
3243	3	3	1268	1	0	1275
3244	3	1296	8	3	0	1310
3245	1287	9	3	3	0	1302
3246	10	4	1302	1	0	1317
3247	5	0	8	1312	0	1325
3248	4	2	1322	8	0	1336
3249	1272	2	7	5	0	1286
3250	11	1	1484	1	0	1497
3251	7	2	1461	1	0	1471
3252	1473	4	10	1	0	1488
3253	10	1544	3	2	0	1559
3254	1583	6	3	3	0	1595
3255	1611	3	4	2	0	1620
3256	12	4	2	1597	0	1615
3257	5	1722	1	5	0	1733
3258	1749	5	5	6	0	1765
3259	9	4	1769	2	0	1784
3260	1736	3	8	2	0	1749
3261	6	1794	5	1	0	1806
3262	1775	4	2	2	0	1783
3263	1751	3	3	1	0	1758
3264	9	1795	1	4	0	1809
3265	6	5	2	1789	0	1802
3266	1800	4	1	6	0	1811
3267	6	1789	4	2	0	1801
3268	5	6	1	1807	0	1819
3269	1845	5	1	6	0	1857
3270	9	0	2	1925	0	1936
3271	4	0	3	1918	0	1925
3272	2	1930	0	10	0	1942
3273	1963	7	1	2	0	1973
3274	1968	2	1	1	0	1972
3275	2001	0	2	2	0	2005
3276	6	2040	2	1	0	2049
3277	2074	6	0	3	0	2083
3278	2079	2	2	2	0	2085
3279	12	2	0	2073	0	2087
3280	3	5	1	2073	0	2082
3281	5	0	2106	11	0	2122
3282	2	4	6	2064	0	2076
3283	6	2	3	1999	0	2010
3284	4	3	2094	10	0	2111
3285	1935	0	5	4	0	1944
3286	12	2	2090	2	0	2106
3287	5	3	2099	3	0	2110
3288	6	5	6	2121	0	2138
3289	6	2	4	2139	0	2151
3290	4	2164	1	11	0	2180
3291	2156	6	1	4	0	2167
3292	2148	5	2	2	0	2157
3293	11	2147	2	2	0	2162
3294	5	2243	1	3	0	2252
3295	2	11	2	2262	0	2277
3296	4	2323	2	7	0	2336
3297	2336	8	3	3	0	2350
3298	2332	6	2	6	0	2346
3299	15	1	3	2322	0	2341
3300	11	0	2	2336	0	2349
3301	2342	2	4	13	0	2361
3302	9	2	2282	7	0	2300
3303	2258	1	10	5	0	2274
3304	10	2	2281	3	0	2296
3305	2278	1	8	1	0	2288
3306	9	3	7	2300	0	2319
3307	6	0	2362	10	0	2378
3308	0	2	2291	9	0	2302
3309	2298	7	12	3	0	2320
3310	2317	1	7	3	0	2328
3311	13	2347	1	1	0	2362
3312	5	8	2	2420	0	2435
3313	2	10	0	2456	0	2468
3314	2455	0	1	23	0	2479
3315	13	2422	3	9	0	2447
3316	2429	13	1	3	0	2446
3317	14	2400	1	1	0	2416
3318	8	2385	0	0	0	2393
3319	2392	15	0	1	0	2408
3320	13	5	2352	1	0	2371
3321	6	4	12	2339	0	2361
3322	2	1	9	2343	0	2355
3323	2	1	2364	19	0	2386
3324	2	2	12	2344	0	2360
3325	3	3	8	2094	0	2108
3326	0	2345	0	21	0	2366
3327	2344	12	1	7	0	2364
3328	15	9	2346	1	0	2371
3329	2286	0	12	2	0	2300
3330	12	2337	7	1	0	2357
3331	7	12	1	2358	0	2378
3332	2426	9	1	15	0	2451
3333	14	0	1	2447	0	2462
3334	9	3	0	2441	0	2453
3335	2	0	2439	23	0	2464
3336	2330	1	15	9	0	2355
3337	2405	1	6	2	0	2414
3338	22	0	2438	5	0	2465
3339	9	2	14	2421	0	2446
3340	4	0	2438	13	0	2455
3341	2413	1	17	12	0	2443
3342	2494	0	9	3	0	2506
3343	24	1	1	2496	0	2522
3344	2508	1	2	14	0	2525
3345	19	0	2609	12	0	2640
3346	12	1	14	2614	0	2641
3347	3	1	8	2603	0	2615
3348	4	1	2	2659	0	2666
3349	2	0	2	2648	0	2652
3350	2470	0	0	26	0	2496
3351	16	1	2435	13	0	2465
3352	10	3	16	2450	0	2479
3353	3	0	2403	18	0	2424
3354	2	1	2365	11	0	2379
3355	3	1	21	2323	0	2348
3356	1	1	9	2349	0	2360
3357	2271	0	2	24	0	2297
3358	16	1	3	2280	0	2300
3359	12	0	1	2285	0	2298
3360	1	0	3	2318	0	2322
3361	2287	0	2	29	0	2318
3362	2298	0	2	15	0	2315
3363	2352	1	1	6	0	2360
3364	2320	0	3	4	0	2327
3365	25	2458	1	6	0	2490
3366	12	19	3	2484	0	2518
3367	3	7	2	2512	0	2524
3368	2570	1	0	34	0	2605
3369	26	2705	1	19	0	2751
3370	13	38	2	2830	0	2883
3371	5	14	3041	45	0	3105
3372	3260	4	56	22	0	3342
3373	71	3409	20	7	0	3507
3374	3566	74	3	6	0	3649
3375	3709	26	3	6	0	3744
3376	117	5	1	3645	0	3768
3377	37	5	3649	83	0	3774
3378	12	2	81	3720	0	3815
3379	3718	0	33	93	0	3844
3380	81	2	6	3735	0	3824
3381	3719	1	6	91	0	3817
3382	91	3647	2	35	0	3775
3383	3819	78	0	14	0	3911
3384	87	28	4	3821	0	3940
3385	39	3	8	4014	0	4064
3386	3999	10	4	114	0	4127
3387	4010	2	2	44	0	4058
3388	4043	1	2	14	0	4060
3389	4042	4	0	16	0	4062
3390	4038	2	5	7	0	4052
3391	128	4	5	3934	0	4071
3392	48	0	3857	96	0	4001
3393	16	3867	77	42	0	4002
3394	3772	84	23	15	0	3894
3395	98	31	3690	8	0	3827
3396	3670	8	85	11	0	3774
3397	97	3663	26	11	0	3797
3398	3734	84	10	14	0	3842
3399	104	29	5	3701	0	3839
3400	50	11	0	3781	0	3842
3401	25	7	3715	117	0	3864
3402	23	5	77	3714	0	3819
3403	20	4	3771	99	0	3894
3404	18	5	3791	44	0	3858
3405	3793	7	112	21	0	3933
3406	3912	10	33	24	0	3979
3407	127	5	3762	15	0	3909
3408	3765	10	92	13	0	3880
3409	3861	9	32	12	0	3914
3410	135	6	3707	15	0	3863
3411	49	3695	83	18	0	3845
3412	45	83	35	3772	0	3935
3413	3845	33	13	92	0	3983
3414	3955	11	11	43	0	4020
3415	3972	8	5	20	0	4005
3416	3939	3	15	24	0	3981
3417	3930	6	17	10	0	3963
3418	131	9	3809	14	0	3963
3419	68	8	3914	11	0	4001
3420	39	23	97	3883	0	4042
3421	3934	9	39	97	0	4079
3422	4009	9	21	34	0	4073
3423	4014	8	14	26	0	4062
3424	3904	10	18	28	0	3960
3425	137	3857	16	30	0	4040
3426	63	4038	11	32	0	4144
3427	4029	95	16	32	0	4172
3428	4099	30	16	26	0	4171
3429	138	4041	8	23	0	4210
3430	4108	84	9	18	0	4219
3431	125	27	4047	23	0	4222
3432	68	16	79	4017	0	4180
3433	50	15	4038	94	0	4197
3434	53	5	4018	45	0	4121
3435	56	8	100	4016	0	4180
3436	56	4	38	4110	0	4208
3437	56	11	4121	105	0	4293
3438	44	14	82	4030	0	4170
3439	41	10	48	4152	0	4251
3440	4113	15	23	117	0	4268
3441	4169	15	18	49	0	4251
3442	143	14	23	4088	0	4268
3443	70	17	4085	92	0	4264
3444	53	4077	87	45	0	4262
3445	4033	89	49	24	0	4195
3446	110	27	4098	32	0	4267
3447	49	3978	94	34	0	4155
3448	45	4195	40	32	0	4312
3449	4204	91	26	29	0	4350
3450	4265	30	26	26	0	4347
3451	127	15	35	4198	0	4375
3452	66	18	4358	98	0	4540
3453	56	10	100	4341	0	4507
3454	48	3	51	4419	0	4521
3455	48	12	29	4474	0	4563
3456	4396	11	16	121	0	4544
3457	128	4291	25	45	0	4489
3458	63	4455	23	28	0	4569
3459	42	102	23	4363	0	4530
3460	39	35	22	4487	0	4583
3461	4420	28	15	116	0	4579
3462	4436	13	13	51	0	4513
3463	4444	5	17	32	0	4498
3464	150	4293	17	30	0	4490
3465	4204	76	22	20	0	4322
3466	114	48	32	4126	0	4320
3467	62	12	4109	97	0	4280
3468	43	13	3890	52	0	3998
3469	3787	17	82	25	0	3911
3470	81	9	3659	14	0	3763
3471	44	11	3375	11	0	3441
3472	3059	3	28	10	0	3100
3473	28	5	3031	4	0	3068
3474	15	3	2922	5	0	2945
3475	16	29	19	2752	0	2816
3476	7	1	2893	10	0	2911
3477	3	7	11	2791	0	2812
3478	4	4	7	2766	0	2781
3479	2	3	2869	15	0	2889
3480	3	2898	11	5	0	2917
3481	2931	7	8	10	0	2956
3482	16	3	2999	0	0	3018
3483	4	2	2891	2	0	2899
3484	2653	1	13	6	0	2673
3485	10	1	2808	0	0	2819
3486	4	2696	11	0	0	2711
3487	4	2526	8	8	0	2546
3488	0	5	7	2814	0	2826
3489	1	4	3	2762	0	2770
3490	2877	3	0	12	0	2892
3491	2849	0	0	11	0	2860
3492	2871	0	4	7	0	2882
3493	12	2	1	2875	0	2890
3494	2904	1	0	9	0	2914
3495	2869	2	3	6	0	2880
3496	11	1	2908	3	0	2923
3497	10	1	2769	2	0	2782
3498	2	2924	8	2	0	2936
3499	1	8	5	2964	0	2978
3500	2964	5	2	9	0	2980
3501	6	2918	1	6	0	2931
3502	5	9	1	2986	0	3001
3503	2976	3	1	11	0	2991
3504	2899	2	3	8	0	2912
3505	14	2927	0	6	0	2947
3506	2939	6	2	3	0	2950
3507	2936	4	1	7	0	2948
3508	14	4	0	2947	0	2965
3509	8	3	2984	7	0	3002
3510	3	2907	7	8	0	2925
3511	0	2914	5	5	0	2924
3512	2819	7	4	7	0	2837
3513	12	4	1	2780	0	2797
3514	4	4	2776	6	0	2790
3515	4	2786	7	5	0	2802
3516	2798	10	2	6	0	2816
3517	2803	4	2	4	0	2813
3518	11	4	2824	5	0	2844
3519	10	0	7	2727	0	2744
3520	5	0	6	2891	0	2902
3521	3	1	3177	14	0	3195
3522	3298	1	22	8	0	3329
3523	3939	3	11	6	0	3959
3524	64	3	3	4455	0	4525
3525	23	4590	3	66	0	4682
3526	11	74	5	4875	0	4965
3527	5	26	4840	81	0	4952
3528	4799	11	74	40	0	4924
3529	86	11	31	4961	0	5089
3530	35	6	4938	87	0	5066
3531	4820	3	89	43	0	4955
3532	89	7	40	4920	0	5056
3533	44	1	11	4950	0	5006
3534	4848	2	18	120	0	4988
3535	98	4870	12	45	0	5025
3536	4889	80	4	31	0	5004
3537	94	31	8	4847	0	4980
3538	4861	14	10	95	0	4980
3539	107	14	4800	43	0	4964
3540	49	4812	76	27	0	4964
3541	33	81	42	4901	0	5057
3542	4934	38	15	98	0	5085
3543	102	4925	16	53	0	5096
3544	45	92	17	5004	0	5158
3545	5018	44	9	109	0	5180
3546	4954	21	14	59	0	5048
3547	148	15	8	4863	0	5034
3548	63	18	4813	111	0	5005
3549	43	9	4796	64	0	4912
3550	4782	9	135	39	0	4965
3551	116	4760	48	34	0	4958
3552	55	4739	31	26	0	4851
3553	4641	110	28	19	0	4798
3554	111	4755	18	27	0	4911
3555	66	103	15	4748	0	4932
3556	38	53	15	4852	0	4958
3557	4789	25	9	136	0	4959
3558	4753	23	7	69	0	4852
3559	4787	25	8	39	0	4859
3560	143	21	4610	43	0	4817
3561	82	12	88	4656	0	4838
3562	56	13	4642	103	0	4814
3563	51	14	4591	59	0	4715
3564	47	13	4736	37	0	4833
3565	33	19	145	4659	0	4856
3566	30	22	4718	120	0	4890
3567	31	13	4809	60	0	4913
3568	29	23	140	4754	0	4946
3569	4784	16	68	114	0	4982
3570	114	15	4796	70	0	4995
3571	63	18	124	4757	0	4962
3572	43	9	63	4910	0	5025
3573	44	11	4861	152	0	5068
3574	41	16	115	4846	0	5018
3575	37	18	4913	136	0	5104
3576	39	17	116	4789	0	4961
3577	38	20	71	4837	0	4966
3578	36	15	37	4873	0	4961
3579	31	17	33	4866	0	4947
3580	4674	14	43	166	0	4897
3581	4718	12	28	99	0	4857
3582	148	8	4591	65	0	4812
3583	72	4548	112	60	0	4792
3584	48	94	4651	50	0	4843
3585	47	40	4637	48	0	4772
3586	4551	20	156	34	0	4761
3587	113	4602	89	35	0	4839
3588	4667	102	55	47	0	4871
3589	114	4718	62	37	0	4931
3590	4680	107	53	41	0	4881
3591	4789	47	43	37	0	4916
3592	168	31	33	4650	0	4882
3593	83	4673	37	131	0	4924
3594	49	120	24	4744	0	4937
3595	41	44	30	4849	0	4964
3596	38	24	4715	174	0	4951
3597	42	4736	115	92	0	4985
3598	33	108	72	4775	0	4988
3599	4712	45	40	153	0	4950
3600	4917	30	40	80	0	5067
3601	4941	21	50	55	0	5067
3602	160	4829	30	57	0	5076
3603	4977	110	35	45	0	5167
3604	162	5204	30	35	0	5431
3605	86	118	29	5350	0	5583
3606	48	58	5309	149	0	5564
3607	47	36	142	5297	0	5522
3608	45	5310	73	147	0	5575
3609	36	131	39	5355	0	5561
3610	31	58	41	5406	0	5536
3611	26	5342	36	191	0	5595
3612	5346	145	23	98	0	5612
3613	143	67	31	5328	0	5569
3614	73	36	5239	166	0	5514
3615	43	40	124	5310	0	5517
3616	44	27	55	5433	0	5559
3617	39	22	5335	203	0	5599
3618	37	33	134	5189	0	5393
3619	37	5299	66	164	0	5566
3620	43	139	5246	100	0	5528
3621	79	54	5038	60	0	5231
3622	23	4752	153	52	0	4980
3623	16	4274	60	35	0	4385
3624	24	3752	36	18	0	3830
3625	3431	92	87	11	0	3621
3626	3298	25	19	12	0	3354
3627	3275	14	6	6	0	3301
3628	75	7	2	3224	0	3308
3629	27	6	3167	60	0	3260
3630	15	7	59	3167	0	3248
3631	11	5	15	3219	0	3250
3632	3153	9	14	73	0	3249
3633	3153	5	7	30	0	3195
3634	66	3143	6	20	0	3235
3635	3146	55	4	14	0	3219
3636	3182	16	4	10	0	3212
3637	3214	11	5	9	0	3239
3638	77	11	3114	4	0	3206
3639	29	6	3102	12	0	3149
3640	16	17	66	3044	0	3143
3641	11	5	3050	56	0	3122
3642	2942	5	58	24	0	3029
3643	2999	6	18	16	0	3039
3644	66	5	2887	8	0	2966
3645	2837	5	49	7	0	2898
3646	56	2849	18	8	0	2931
3647	2870	44	14	5	0	2933
3648	58	15	5	2824	0	2902
3649	21	10	2	2782	0	2815
3650	9	2814	6	57	0	2886
3651	2804	48	1	22	0	2875
3652	2822	18	2	14	0	2856
3653	66	2800	9	6	0	2881
3654	25	48	3	2718	0	2794
3655	12	23	6	2726	0	2767
3656	13	2713	8	58	0	2792
3657	9	54	2	2718	0	2783
3658	10	18	4	2770	0	2802
3659	2709	9	5	67	0	2790
3660	2734	6	5	26	0	2771
3661	66	9	2679	15	0	2769
3662	2676	4	50	13	0	2743
3663	61	7	2683	14	0	2765
3664	25	11	56	2607	0	2699
3665	18	4	2607	47	0	2676
3666	15	2580	49	22	0	2666
3667	17	55	22	2516	0	2610
3668	22	15	11	2551	0	2599
3669	2516	10	5	60	0	2591
3670	53	11	6	2466	0	2536
3671	20	3	2415	63	0	2501
3672	2397	5	52	21	0	2475
3673	2421	5	15	19	0	2460
3674	2456	7	11	7	0	2481
3675	2439	5	6	14	0	2464
3676	71	4	6	2517	0	2598
3677	27	11	5	2621	0	2664
3678	28	2	3	2742	0	2775
3679	12	4	5	2790	0	2811
3680	2699	2	14	81	0	2796
3681	2716	4	2	37	0	2759
3682	70	7	7	2558	0	2642
3683	28	2597	9	59	0	2693
3684	2616	54	6	24	0	2700
3685	66	24	2591	14	0	2695
3686	23	2602	58	13	0	2696
3687	2464	55	18	11	0	2548
3688	55	2484	8	11	0	2558
3689	25	53	2462	7	0	2547
3690	2468	16	48	7	0	2539
3691	2490	6	14	7	0	2517
3692	71	7	2422	4	0	2504
3693	28	3	50	2449	0	2530
3694	14	4	15	2466	0	2499
3695	14	2454	12	63	0	2543
3696	15	48	4	2442	0	2509
3697	2364	18	3	61	0	2446
3698	59	2400	5	17	0	2481
3699	21	52	1	2269	0	2343
3700	16	12	5	2304	0	2337
3701	15	7	2222	55	0	2299
3702	7	2210	49	18	0	2284
3703	2032	49	12	17	0	2110
3704	33	1761	7	10	0	1811
3705	13	1644	4	6	0	1667
3706	1602	34	23	4	0	1663
3707	37	7	5	1538	0	1587
3708	14	2	0	1569	0	1585
3709	1534	4	2	37	0	1577
3710	32	3	0	1563	0	1598
3711	10	1	1	1580	0	1592
3712	1584	1	3	41	0	1629
3713	33	2	1	1558	0	1594
3714	12	1585	0	30	0	1627
3715	1572	32	1	5	0	1610
3716	34	8	1521	6	0	1569
3717	8	1460	26	8	0	1502
3718	5	36	7	1406	0	1454
3719	5	5	1379	26	0	1415
3720	3	2	1378	8	0	1391
3721	11	54	25	1250	0	1340
3722	1249	1	7	21	0	1278
3723	19	1	2	1227	0	1249
3724	4	3	0	1245	0	1252
3725	2	1	2	1250	0	1255
3726	1	1	2	1254	0	1258
3727	2	1	1	1255	0	1259
3728	2	3	1201	25	0	1231
3729	2	1	1184	8	0	1195
3730	5	0	22	1196	0	1223
3731	2	3	1193	21	0	1219
3732	3	1206	18	9	0	1236
3733	3	19	4	1211	0	1237
3734	1	5	1178	23	0	1207
3735	1118	3	21	8	0	1150
3736	18	1153	3	6	0	1180
3737	4	1134	2	4	0	1144
3738	2	1162	2	2	0	1168
3739	4	21	4	1140	0	1169
3740	1147	5	1	22	0	1175
3741	22	1	3	1149	0	1175
3742	1128	2	14	19	0	1163
3743	16	1122	1	8	0	1147
3744	1138	21	0	7	0	1166
3745	22	4	2	1145	0	1173
3746	7	2	2	1139	0	1150
3747	6	1127	0	21	0	1154
3748	6	18	0	1132	0	1156
3749	1	5	2	1154	0	1162
3750	2	5	4	1144	0	1155
3751	1126	2	1	24	0	1153
3752	1073	1	3	7	0	1084
3753	18	7	1115	4	0	1144
3754	1116	2	16	5	0	1139
3755	21	6	1141	5	0	1173
3756	5	3	16	1128	0	1152
3757	7	0	2	1153	0	1162
3758	7	2	2	1160	0	1171
3759	2	4	1138	22	0	1166
3760	5	1	16	1127	0	1149
3761	3	0	1145	23	0	1171
3762	3	4	18	1137	0	1162
3763	1142	5	2	24	0	1173
3764	20	2	1141	8	0	1171
3765	1159	6	18	6	0	1189
3766	22	2	6	1169	0	1199
3767	1166	2	4	24	0	1196
3768	19	1169	3	10	0	1201
3769	6	18	2	1181	0	1207
3770	6	4	1226	20	0	1256
3771	3	5	17	1222	0	1247
3772	4	7	2	1221	0	1234
3773	6	1214	2	21	0	1243
3774	3	15	1191	10	0	1219
3775	2	1184	16	12	0	1214
3776	1040	12	9	10	0	1071
3777	12	1066	6	6	0	1090
3778	960	10	6	7	0	983
3779	957	1	5	4	0	967
3780	954	3	3	1	0	961
3781	13	1	3	956	0	973
3782	2	4	962	13	0	981
3783	3	1	8	948	0	960
3784	1	969	0	14	0	984
3785	3	11	3	965	0	982
3786	950	0	2	15	0	967
3787	12	960	2	4	0	978
3788	2	12	1	919	0	934
3789	2	2	3	923	0	930
3790	911	1	1	15	0	928
3791	11	1	907	7	0	926
3792	0	889	9	4	0	902
3793	3	13	1	848	0	865
3794	1	1	841	12	0	855
3795	3	5	7	804	0	819
3796	4	806	2	11	0	823
3797	10	10	1	834	0	855
3798	2	1	1	825	0	829
3799	1	3	3	819	0	826
3800	2	1	815	12	0	830
3801	799	1	9	3	0	812
3802	7	1	1	871	0	880
3803	942	1	1	14	0	958
3804	981	2	1	5	0	989
3805	998	0	3	5	0	1006
3806	977	0	1	5	0	983
3807	1004	0	2	5	0	1011
3808	14	2	1	992	0	1009
3809	7	983	1	9	0	1000
3810	5	6	1	970	0	982
3811	5	963	0	11	0	979
3812	3	6	0	919	0	928
3813	914	1	2	8	0	925
3814	7	3	0	895	0	905
3815	1	1	893	9	0	904
3816	870	2	7	3	0	882
3817	7	895	1	3	0	906
3818	903	6	1	3	0	913
3819	906	0	1	2	0	909
3820	876	0	1	1	0	878
3821	7	901	0	0	0	908
3822	1	8	0	898	0	907
3823	4	0	1	905	0	910
3824	3	0	893	6	0	902
3825	1	1	6	862	0	870
3826	2	1	0	870	0	873
3827	1	0	0	885	0	886
3828	2	895	1	8	0	906
3829	890	8	2	2	0	902
3830	868	1	0	4	0	873
3831	6	0	913	3	0	922
3832	1	909	6	4	0	920
3833	1	8	0	923	0	932
3834	4	0	1	925	0	930
3835	3	0	0	927	0	930
3836	0	2	2	940	0	944
3837	1	2	0	943	0	946
3838	2	0	932	11	0	945
3839	0	1	897	4	0	902
3840	952	1	8	4	0	965
3841	991	0	0	5	0	996
3842	992	0	1	3	0	996
3843	9	1	3	991	0	1004
3844	2	1	995	9	0	1007
3845	986	0	8	2	0	996
3846	1003	0	2	3	0	1008
3847	10	1	981	1	0	993
3848	981	1	9	3	0	994
3849	15	1	1058	1	0	1075
3850	5	0	11	1073	0	1089
3851	5	0	1069	11	0	1085
3852	1059	0	14	1	0	1074
3853	1088	0	2	1	0	1091
3854	1084	0	3	3	0	1090
3855	1074	2	2	3	0	1081
3856	16	0	1110	1	0	1127
3857	6	1107	10	2	0	1125
3858	1131	9	0	2	0	1142
3859	1133	1	2	0	0	1136
3860	13	1	1148	2	0	1164
3861	3	1	12	1125	0	1141
3862	4	2	0	1144	0	1150
3863	4	2	1128	10	0	1144
3864	1098	0	10	3	0	1111
3865	1128	1	2	3	0	1134
3866	9	1134	1	3	0	1147
3867	1180	11	2	5	0	1198
3868	1181	0	3	1	0	1185
3869	1181	2	1	2	0	1186
3870	1136	2	0	1	0	1139
3871	13	2	1122	2	0	1139
3872	1089	0	9	2	0	1100
3873	12	6	0	1095	0	1113
3874	3	1121	1	11	0	1136
3875	4	10	1110	2	0	1126
3876	2	1107	14	5	0	1128
3877	2	15	4	1037	0	1058
3878	2	2	1061	9	0	1074
3879	1022	2	6	1	0	1031
3880	7	1	1075	2	0	1085
3881	1065	0	6	3	0	1074
3882	7	0	2	1060	0	1069
3883	2	0	1	1058	0	1061
3884	2	1044	2	6	0	1054
3885	1	1073	2	1	0	1077
3886	3	7	0	1097	0	1107
3887	1083	1	2	9	0	1095
3888	1090	2	0	2	0	1094
3889	1093	1	1	3	0	1098
3890	9	0	1111	3	0	1123
3891	1103	0	7	2	0	1112
3892	11	0	1134	1	0	1146
3893	3	0	1110	1	0	1114
3894	1110	0	10	0	0	1120
3895	1158	0	3	1	0	1162
3896	8	0	1159	1	0	1168
3897	4	0	8	1146	0	1158
3898	5	0	1	1184	0	1190
3899	1199	0	1	10	0	1210
3900	1194	0	2	4	0	1200
3901	10	0	1252	1	0	1263
3902	5	1216	8	2	0	1231
3903	3	1165	1	0	0	1169
3904	1142	7	9	0	0	1158
3905	11	2	1	1142	0	1156
3906	0	2	1	1157	0	1160
3907	2	0	1	1173	0	1176
3908	1165	0	1	10	0	1176
3909	9	3	0	1172	0	1184
3910	1183	0	0	10	0	1193
3911	1231	0	0	0	0	1231
3912	10	1345	1	2	0	1358
3913	3	13	1	1477	0	1494
3914	3	1	1484	12	0	1500
3915	1471	1	13	2	0	1487
3916	1527	0	2	4	0	1533
3917	1522	0	4	2	0	1528
3918	18	0	1557	2	0	1577
3919	4	0	15	1568	0	1587
3920	1585	0	1	13	0	1599
3921	1551	0	3	1	0	1555
3922	1551	1	0	3	0	1555
3923	16	1519	0	0	0	1535
3924	4	1586	0	0	0	1590
3925	5	15	1	1622	0	1643
3926	1	2	0	1618	0	1621
3927	1	1619	0	13	0	1633
3928	1626	14	1	4	0	1645
3929	15	1	1661	4	0	1681
3930	1	3	14	1655	0	1673
3931	4	1	1	1643	0	1649
3932	1	0	1621	16	0	1638
3933	1572	1	12	6	0	1591
3934	1639	0	1	4	0	1644
3935	17	1629	3	1	0	1650
3936	1631	14	1	3	0	1649
3937	17	1	1705	3	0	1726
3938	1728	3	14	1	0	1746
3939	21	0	1745	1	0	1767
3940	1727	3	15	1	0	1746
3941	1761	1	3	1	0	1766
3942	1756	1	6	3	0	1766
3943	1745	0	0	2	0	1747
3944	20	1740	0	2	0	1762
3945	1789	12	2	0	0	1803
3946	1821	3	1	1	0	1826
3947	14	5	1832	1	0	1852
3948	1812	1	11	3	0	1827
3949	14	0	3	1817	0	1834
3950	2	2	1802	15	0	1821
3951	1802	2	10	2	0	1816
3952	17	2	3	1833	0	1855
3953	1869	1	3	16	0	1889
3954	1975	2	0	5	0	1982
3955	13	3	2044	4	0	2064
3956	2032	1	12	3	0	2048
3957	2063	0	2	4	0	2069
3958	2066	2	2	2	0	2072
3959	2110	1	0	1	0	2112
3960	17	1	4	2062	0	2084
3961	7	2064	2	14	0	2087
3962	2016	12	5	6	0	2039
3963	2108	2	2	3	0	2115
3964	2130	2	0	0	0	2132
3965	23	0	2096	0	0	2119
3966	9	2089	13	1	0	2112
3967	8	13	2	2089	0	2112
3968	4	4	7	2111	0	2126
3969	10	2	2191	14	0	2217
3970	5	0	19	2195	0	2219
3971	7	2	2210	19	0	2238
3972	6	1	17	2200	0	2224
3973	4	1	6	2233	0	2244
3974	6	0	2250	21	0	2277
3975	2206	3	17	11	0	2237
3976	2293	0	4	6	0	2303
3977	25	1	2309	3	0	2338
3978	2271	1	20	6	0	2298
3979	2334	2	4	4	0	2344
3980	23	1	2381	7	0	2412
3981	17	1	21	2356	0	2395
3982	16	0	3	2380	0	2399
3983	2389	1	7	22	0	2419
3984	22	2421	2	8	0	2453
3985	2279	20	4	8	0	2311
3986	2441	2	4	2	0	2449
3987	27	2501	4	2	0	2534
3988	2534	17	3	7	0	2561
3989	2549	6	2	3	0	2560
3990	24	2512	1	4	0	2541
3991	9	18	3	2549	0	2579
3992	7	2553	3	18	0	2581
3993	9	21	2	2562	0	2594
3994	11	5	2562	20	0	2598
3995	7	3	2518	4	0	2532
3996	2528	1	21	9	0	2559
3997	2592	4	8	6	0	2610
3998	25	2	2577	4	0	2608
3999	2575	1	20	5	0	2601
4000	2630	2	6	7	0	2645
4001	2548	1	6	5	0	2560
4002	28	2597	5	2	0	2632
4003	9	18	5	2649	0	2681
4004	2650	2	4	23	0	2679
4005	2628	5	6	6	0	2645
4006	29	0	2652	6	0	2687
4007	15	1	18	2612	0	2646
4008	10	5	3	2647	0	2665
4009	8	2635	5	21	0	2669
4010	7	2781	3	7	0	2798
4011	7	33	3	2710	0	2753
4012	8	2721	1	15	0	2745
4013	2615	14	5	8	0	2642
4014	21	2747	3	12	0	2783
4015	2824	22	2	5	0	2853
4016	29	3	2896	3	0	2931
4017	3002	9	28	4	0	3043
4018	3122	0	3	7	0	3132
4019	3114	2	3	4	0	3123
4020	3075	4	2	1	0	3082
4021	43	3034	2	2	0	3081
4022	12	32	2	3076	0	3122
4023	11	6	1	3076	0	3094
4024	5	3	3069	40	0	3117
4025	5	5	34	3005	0	3049
4026	6	3	5	3060	0	3074
4027	3068	1	2	44	0	3115
4028	36	3096	4	11	0	3147
4029	8	34	4	3135	0	3181
4030	8	7	3	3181	0	3199
4031	4	3	3	3221	0	3231
4032	3180	4	2	48	0	3234
4033	35	3	3	3201	0	3242
4034	3224	1	2	43	0	3270
4035	39	1	5	3234	0	3279
4036	9	2	3	3277	0	3291
4037	9	0	3113	45	0	3167
4038	2977	3	36	15	0	3031
4039	40	3089	10	8	0	3147
4040	3165	31	4	9	0	3209
4041	43	6	2	3153	0	3204
4042	16	5	4	3184	0	3209
4043	3230	5	2	42	0	3279
4044	3278	6	1	11	0	3296
4045	54	1	2	3405	0	3462
4046	12	1	3420	53	0	3486
4047	12	5	3443	8	0	3468
4048	9	3600	40	14	0	3663
4049	3643	44	13	10	0	3710
4050	3694	10	4	9	0	3717
4051	60	8	4	3693	0	3765
4052	12	3745	5	56	0	3818
4053	10	55	1	3744	0	3810
4054	8	10	2	3656	0	3676
4055	12	3513	2	56	0	3583
4056	3528	54	2	21	0	3605
4057	54	18	4	3556	0	3632
4058	13	3607	5	52	0	3677
4059	10	3752	1	14	0	3777
4060	3745	55	4	9	0	3813
4061	62	10	3720	7	0	3799
4062	3726	7	51	9	0	3793
4063	59	12	11	3751	0	3833
4064	18	7	7	3761	0	3793
4065	17	3741	3	54	0	3815
4066	14	69	6	3743	0	3832
4067	17	10	3778	58	0	3863
4068	8	3726	45	23	0	3802
4069	8	3765	7	17	0	3797
4070	3727	52	5	10	0	3794
4071	54	3729	6	11	0	3800
4072	16	50	7	3739	0	3812
4073	15	3743	7	50	0	3815
4074	12	50	2	3759	0	3823
4075	14	15	2	3793	0	3824
4076	11	12	3706	63	0	3792
4077	10	5	46	3666	0	3727
4078	6	10	10	3718	0	3744
4079	3662	6	6	67	0	3741
4080	53	7	3632	31	0	3723
4081	15	6	50	3684	0	3755
4082	16	8	3680	65	0	3769
4083	3652	7	46	32	0	3737
4084	56	3738	16	20	0	3830
4085	3878	58	10	16	0	3962
4086	59	15	3	3985	0	4062
4087	20	8	9	3983	0	4020
4088	24	10	3938	72	0	4044
4089	3783	7	56	37	0	3883
4090	65	3966	11	23	0	4065
4091	3966	58	10	22	0	4056
4092	65	11	4	3971	0	4051
4093	18	3992	13	62	0	4085
4094	3996	60	8	20	0	4084
4095	67	4045	6	20	0	4138
4096	28	63	6	4020	0	4117
4097	22	18	7	4057	0	4104
4098	17	12	5	4039	0	4073
4099	14	3971	13	73	0	4071
4100	16	63	6	3998	0	4083
4101	17	20	3	4052	0	4092
4102	3909	16	10	87	0	4022
4103	3956	14	5	31	0	4006
4104	3933	14	6	32	0	3985
4105	83	11	3932	20	0	4046
4106	3934	17	55	22	0	4028
4107	3990	15	9	21	0	4035
4108	3885	13	14	27	0	3939
4109	77	13	3803	20	0	3913
4110	3761	14	53	26	0	3854
4111	83	11	12	3795	0	3901
4112	27	11	3723	75	0	3836
4113	23	3695	45	27	0	3790
4114	20	100	20	3547	0	3687
4115	18	3464	12	55	0	3549
4116	11	3468	12	25	0	3516
4117	3277	39	30	15	0	3361
4118	49	12	7	3248	0	3316
4119	3257	14	5	42	0	3318
4120	45	10	8	3257	0	3320
4121	3261	12	1	42	0	3316
4122	45	14	6	3261	0	3326
4123	3261	5	6	51	0	3323
4124	46	6	3173	16	0	3241
4125	17	14	30	3193	0	3254
4126	16	11	3207	43	0	3277
4127	17	9	3083	24	0	3133
4128	10	11	3160	17	0	3198
4129	20	13	41	3103	0	3177
4130	11	12	3128	45	0	3196
4131	3089	9	37	13	0	3148
4132	44	5	7	3114	0	3170
4133	15	6	3209	43	0	3273
4134	10	7	37	3186	0	3240
4135	8	5	10	3228	0	3251
4136	9	2	3337	53	0	3401
4137	9	6	39	3324	0	3378
4138	9	4	15	3300	0	3328
4139	10	3363	6	51	0	3430
4140	3357	31	11	19	0	3418
4141	3370	5	13	16	0	3404
4142	52	5	3304	16	0	3377
4143	3220	2	35	16	0	3273
4144	45	3	3185	12	0	3245
4145	21	4	3004	7	0	3036
4146	18	5	3011	14	0	3048
4147	14	50	42	2810	0	2916
4148	10	4	2867	35	0	2916
4149	6	10	19	2798	0	2833
4150	9	2	13	2778	0	2802
4151	7	7	5	2765	0	2784
4152	7	5	8	2735	0	2755
4153	2732	5	6	26	0	2769
4154	2745	5	7	16	0	2773
4155	28	2788	8	10	0	2834
4156	8	17	7	2835	0	2867
4157	9	5	2864	27	0	2905
4158	3	2900	27	19	0	2949
4159	12	30	6	2994	0	3042
4160	4	4	3051	41	0	3100
4161	9	8	34	2989	0	3040
4162	6	8	3038	36	0	3088
4163	8	6	3014	16	0	3044
4164	4	4	41	3075	0	3124
4165	5	6	15	3106	0	3132
4166	3090	2	14	43	0	3149
4167	32	4	17	3055	0	3108
4168	3017	3	11	48	0	3079
4169	37	2982	5	22	0	3046
4170	10	3062	8	17	0	3097
4171	12	27	11	3144	0	3194
4172	3139	5	6	37	0	3187
4173	32	3156	6	15	0	3209
4174	9	31	9	3261	0	3310
4175	3350	7	3	45	0	3405
4176	3393	6	6	11	0	3416
4177	3300	13	4	13	0	3330
4178	3306	7	4	11	0	3328
4179	3427	6	2	14	0	3449
4180	44	4	3316	6	0	3370
4181	18	3	3277	12	0	3310
4182	15	3265	32	5	0	3317
4183	23	49	15	3246	0	3333
4184	11	7	3342	28	0	3388
4185	2	8	3242	5	0	3257
4186	6	13	30	3228	0	3277
4187	1	2	3413	36	0	3452
4188	1	3	3409	10	0	3423
4189	3	4082	47	6	0	4138
4190	4102	68	15	10	0	4195
4191	70	4489	10	8	0	4577
4192	12	79	9	4666	0	4766
4193	4723	18	5	81	0	4827
4194	84	4821	4	16	0	4925
4195	16	83	8	4820	0	4927
4196	7	17	4826	89	0	4939
4197	4871	6	82	20	0	4979
4198	5004	6	14	11	0	5035
4199	5066	5	8	14	0	5093
4200	105	3	5	5010	0	5123
4201	26	4	5026	89	0	5145
4202	16	5021	83	19	0	5139
4203	13	84	15	5120	0	5232
4204	5106	16	13	96	0	5231
4205	94	7	5018	18	0	5137
4206	17	4952	86	11	0	5066
4207	12	84	5024	8	0	5128
4208	5026	15	89	11	0	5141
4209	5203	10	21	4	0	5238
4210	5202	6	10	7	0	5225
4211	112	4	4987	6	0	5109
4212	27	4953	91	10	0	5081
4213	23	76	18	5002	0	5119
4214	14	14	16	5096	0	5140
4215	8	6	8	5112	0	5134
4216	8	8	4974	111	0	5101
4217	4904	3	93	29	0	5029
4218	95	6	5016	19	0	5136
4219	5085	6	98	14	0	5203
4220	5214	8	22	8	0	5252
4221	5233	8	14	12	0	5267
4222	5200	5	11	10	0	5226
4223	121	8	5075	4	0	5208
4224	39	11	84	5102	0	5236
4225	25	7	5043	98	0	5173
4226	27	4907	82	21	0	5037
4227	16	5144	18	19	0	5197
4228	5096	108	14	12	0	5230
4229	5017	32	10	16	0	5075
4230	106	5138	13	16	0	5273
4231	5199	104	11	11	0	5325
4232	129	35	4602	17	0	4783
4233	5049	18	59	18	0	5144
4234	112	5180	22	12	0	5326
4235	5277	105	17	15	0	5414
4236	5221	26	21	8	0	5276
4237	140	13	13	5065	0	5231
4238	45	13	13	5163	0	5234
4239	5070	10	15	113	0	5208
4240	118	20	18	5067	0	5223
4241	5079	18	14	123	0	5234
4242	128	12	13	5097	0	5250
4243	5061	11	18	118	0	5208
4244	5097	13	10	35	0	5155
4245	124	4919	23	23	0	5089
4246	47	5084	22	23	0	5176
4247	4959	110	18	19	0	5106
4248	118	4983	20	21	0	5142
4249	47	107	16	4960	0	5130
4250	35	35	19	5038	0	5127
4251	4902	20	16	123	0	5061
4252	117	4891	23	37	0	5068
4253	46	4828	13	34	0	4921
4254	34	4941	22	28	0	5025
4255	57	118	4788	18	0	4981
4256	46	35	4754	26	0	4861
4257	47	28	4796	25	0	4896
4258	39	99	122	4287	0	4547
4259	44	4533	39	92	0	4708
4260	4549	107	14	35	0	4705
4261	125	31	4488	30	0	4674
4262	61	20	4464	26	0	4571
4263	50	19	4578	21	0	4668
4264	43	21	118	4526	0	4708
4265	53	26	40	4576	0	4695
4266	47	14	24	4610	0	4695
4267	4545	14	26	116	0	4701
4268	4565	26	25	28	0	4644
4269	4591	23	18	30	0	4662
4270	144	21	27	4442	0	4634
4271	53	17	4323	104	0	4497
4272	37	23	4406	38	0	4504
4273	45	17	109	4373	0	4544
4274	49	18	40	4351	0	4458
4275	4230	21	27	111	0	4389
4276	127	4155	13	51	0	4346
4277	4199	92	19	27	0	4337
4278	128	4163	12	28	0	4331
4279	58	93	20	4171	0	4342
4280	45	30	4130	111	0	4316
4281	39	22	90	4144	0	4295
4282	4174	15	36	110	0	4335
4283	127	16	4117	43	0	4303
4284	3993	16	92	31	0	4132
4285	135	12	3977	22	0	4146
4286	79	20	3848	12	0	3959
4287	3629	20	92	22	0	3763
4288	105	19	3663	19	0	3806
4289	26	7	2990	9	0	3032
4290	39	2897	79	16	0	3031
4291	2506	52	102	26	0	2686
4292	2399	11	19	7	0	2436
4293	2389	6	5	2	0	2402
4294	22	3	2285	4	0	2314
4295	2230	2	17	3	0	2252
4296	14	2279	8	5	0	2306
4297	2229	9	3	3	0	2244
4298	14	9	2243	4	0	2270
4299	8	11	10	2167	0	2196
4300	3	1	2164	12	0	2180
4301	3	2127	9	6	0	2145
4302	3	7	6	2075	0	2091
4303	4	6	3	2103	0	2116
4304	2162	1	1	16	0	2180
4305	2142	2	3	9	0	2156
4306	2152	0	5	1	0	2158
4307	2147	1	1	4	0	2153
4308	2112	0	1	4	0	2117
4309	15	1	2118	1	0	2135
4310	10	2	6	2119	0	2137
4311	2	1	2187	6	0	2196
4312	1	2	8	2200	0	2211
4313	2238	0	8	11	0	2257
4314	2270	0	5	8	0	2283
4315	2287	1	1	4	0	2293
4316	2319	2	0	4	0	2325
4317	16	1	2364	2	0	2383
4318	10	0	8	2307	0	2325
4319	3	0	2334	9	0	2346
4320	1	2350	13	13	0	2377
4321	6	2366	7	7	0	2386
4322	2	15	8	2352	0	2377
4323	5	8	0	2531	0	2544
4324	3	6	3	2551	0	2563
4325	6	0	2	2724	0	2732
4326	2709	0	3	19	0	2731
4327	11	2684	2	20	0	2717
4328	2662	9	4	5	0	2680
4329	15	10	3	2644	0	2672
4330	11	7	1	2599	0	2618
4331	7	2616	0	18	0	2641
4332	2	10	2	2641	0	2655
4333	2644	7	0	16	0	2667
4334	11	2510	4	11	0	2536
4335	8	2460	2	6	0	2476
4336	2483	19	1	4	0	2507
4337	12	8	3	2509	0	2532
4338	10	2502	0	16	0	2528
4339	9	14	3	2531	0	2557
4340	2543	9	4	17	0	2573
4341	16	4	0	2528	0	2548
4342	12	5	1	2528	0	2546
4343	2522	1	3	21	0	2547
4344	15	3	0	2510	0	2528
4345	9	2492	3	17	0	2521
4346	6	12	2	2500	0	2520
4347	3	2471	1	21	0	2496
4348	3	12	1	2500	0	2516
4349	2483	8	0	17	0	2508
4350	2495	6	1	10	0	2512
4351	22	0	3	2515	0	2540
4352	18	1	2473	15	0	2507
4353	2431	5	13	12	0	2461
4354	15	3	2458	7	0	2483
4355	2461	2	14	6	0	2483
4356	2467	4	6	5	0	2482
4357	18	2	2416	7	0	2443
4358	15	2391	11	5	0	2422
4359	2373	14	5	5	0	2397
4360	2356	5	2	7	0	2370
4361	15	5	2435	5	0	2460
4362	2430	3	11	5	0	2449
4363	2377	4	8	5	0	2394
4364	2373	0	5	7	0	2385
4365	20	2	1	2369	0	2392
4366	12	2	1	2371	0	2386
4367	5	2379	2	16	0	2402
4368	5	10	1	2445	0	2461
4369	3	7	1	2457	0	2468
4370	3	4	2408	17	0	2432
4371	5	2	2333	10	0	2350
4372	2259	1	16	6	0	2282
4373	2331	3	6	2	0	2342
4374	19	2318	3	6	0	2346
4375	10	13	1	2336	0	2360
4376	8	10	2398	14	0	2430
4377	2	5	16	2445	0	2468
4378	5	2	6	2490	0	2503
4379	5	1	5	2562	0	2573
4380	4	2558	1	25	0	2588
4381	5	18	2	2580	0	2605
4382	5	7	0	2608	0	2620
4383	1	6	2568	26	0	2601
4384	1	2	2566	16	0	2585
4385	2500	2	24	8	0	2534
4386	2553	0	11	5	0	2569
4387	24	3	4	2731	0	2762
4388	11	1	3	2664	0	2679
4389	6	4	0	2702	0	2712
4390	4	3	2605	43	0	2655
4391	5	2573	30	25	0	2633
4392	2	34	2593	7	0	2636
4393	2558	9	34	6	0	2607
4394	33	5	2596	7	0	2641
4395	2577	1	36	7	0	2621
4396	2528	4	11	6	0	2549
4397	2597	1	5	11	0	2614
4398	47	5	4	2555	0	2611
4399	16	1	2545	36	0	2598
4400	8	2588	35	13	0	2644
4401	10	34	11	2554	0	2609
4402	8	9	7	2634	0	2658
4403	6	5	2714	46	0	2771
4404	5	2653	38	19	0	2715
4405	2810	37	10	9	0	2866
4406	47	2854	5	5	0	2911
4407	3076	47	6	6	0	3135
4408	56	11	5	3133	0	3205
4409	14	4	3185	51	0	3254
4410	9	3202	54	13	0	3278
4411	3215	55	17	20	0	3307
4412	57	12	3198	3	0	3270
4413	3190	10	57	5	0	3262
4414	3223	3	13	4	0	3243
4415	67	3	3194	2	0	3266
4416	3138	4	54	5	0	3201
4417	3155	0	15	6	0	3176
4418	3118	1	9	5	0	3133
4419	70	3035	4	4	0	3113
4420	2955	60	2	4	0	3021
4421	61	2968	4	4	0	3037
4422	15	58	2949	4	0	3026
4423	8	2912	52	8	0	2980
4424	2759	58	34	9	0	2860
4425	2789	13	7	4	0	2813
4426	2809	8	4	6	0	2827
4427	64	4	7	2740	0	2815
4428	15	4	9	2787	0	2815
4429	2697	3	3	57	0	2760
4430	2781	0	4	16	0	2801
4431	65	1	6	2714	0	2786
4432	15	3	2679	56	0	2753
4433	16	2575	48	13	0	2652
4434	6	2681	9	12	0	2708
4435	10	52	11	2630	0	2703
4436	7	13	2622	54	0	2696
4437	2	10	57	2541	0	2610
4438	9	2563	10	53	0	2635
4439	8	50	11	2571	0	2640
4440	10	13	2554	56	0	2633
4441	11	9	50	2566	0	2636
4442	11	4	2666	58	0	2739
4443	8	6	55	2670	0	2739
4444	11	6	2712	66	0	2795
4445	9	5	2735	17	0	2766
4446	2687	5	64	12	0	2768
4447	2753	9	13	5	0	2780
4448	2790	5	15	4	0	2814
4449	72	2747	6	9	0	2834
4450	26	51	12	2784	0	2873
4451	2693	15	7	56	0	2771
4452	2824	9	5	10	0	2848
4453	2811	6	3	13	0	2833
4454	74	5	2753	7	0	2839
4455	23	2630	56	13	0	2722
4456	17	2799	17	7	0	2840
4457	2753	63	9	8	0	2833
4458	66	14	8	2747	0	2835
4459	2745	12	11	58	0	2826
4460	67	12	2716	11	0	2806
4461	26	7	52	2671	0	2756
4462	19	10	17	2714	0	2760
4463	20	5	9	2661	0	2695
4464	14	2669	9	68	0	2760
4465	2670	54	11	24	0	2759
4466	2713	20	9	11	0	2753
4467	75	2656	6	10	0	2747
4468	23	56	14	2618	0	2711
4469	2623	15	7	59	0	2704
4470	66	14	10	2621	0	2711
4471	2618	11	6	63	0	2698
4472	66	2614	8	19	0	2707
4473	2604	56	9	15	0	2684
4474	71	14	2576	9	0	2670
4475	24	2612	50	12	0	2698
4476	26	48	2561	7	0	2642
4477	34	63	59	2458	0	2614
4478	2434	10	18	61	0	2523
4479	2469	9	12	12	0	2502
4480	2442	6	5	14	0	2467
4481	68	9	6	2369	0	2452
4482	2380	3	8	51	0	2442
4483	60	8	4	2360	0	2432
4484	2356	6	7	60	0	2429
4485	2405	7	7	14	0	2433
4486	61	9	2376	16	0	2462
4487	21	4	2206	9	0	2240
4488	14	8	2193	10	0	2225
4489	16	13	41	2120	0	2190
4490	2128	5	28	40	0	2201
4491	38	5	9	2160	0	2212
4492	9	3	10	2207	0	2229
4493	2282	0	3	48	0	2333
4494	2285	5	7	15	0	2312
4495	2298	4	5	14	0	2321
4496	2305	7	7	7	0	2326
4497	44	5	3	2282	0	2334
4498	2260	3	6	33	0	2302
4499	41	2246	3	12	0	2302
4500	2214	29	4	10	0	2257
4501	2208	7	10	5	0	2230
4502	45	8	2098	7	0	2158
4503	1974	4	21	7	0	2006
4504	35	2	1955	3	0	1995
4505	13	3	1767	8	0	1791
4506	15	4	1769	2	0	1790
4507	18	44	26	1469	0	1557
4508	5	0	1482	12	0	1499
4509	6	4	11	1371	0	1392
4510	5	0	1410	8	0	1423
4511	6	0	1481	5	0	1492
4512	6	2	7	1451	0	1466
4513	6	1	2	1512	0	1521
4514	3	0	1551	8	0	1562
4515	1497	1	5	4	0	1507
4516	10	0	4	1538	0	1552
4517	7	0	2	1533	0	1542
4518	1542	0	5	8	0	1555
4519	7	0	3	1555	0	1565
4520	3	0	1548	9	0	1560
4521	3	0	1486	5	0	1494
4522	1	1	7	1471	0	1480
4523	1	0	1512	7	0	1520
4524	1	1554	8	5	0	1568
4525	5	4	4	1556	0	1569
4526	1574	3	2	6	0	1585
4527	7	1	1578	3	0	1589
4528	1572	0	5	3	0	1580
4529	7	0	4	1639	0	1650
4530	4	1	2	1666	0	1673
4531	4	1	1	1667	0	1673
4532	2	0	0	1667	0	1669
4533	1667	0	3	14	0	1684
4534	8	1780	3	7	0	1798
4535	6	10	2	1816	0	1834
4536	2	5	2	1821	0	1830
4537	0	2	3	1828	0	1833
4538	1	0	1	1823	0	1825
4539	1814	0	3	19	0	1836
4540	10	1805	3	9	0	1827
4541	1791	9	0	3	0	1803
4542	11	1679	0	3	0	1693
4543	6	1694	2	3	0	1705
4544	1648	15	1	0	0	1664
4545	10	6	1681	4	0	1701
4546	7	2	10	1681	0	1700
4547	1730	2	5	9	0	1746
4548	1750	0	1	12	0	1763
4549	1615	6	2	9	0	1632
4550	1771	1	2	2	0	1776
4551	14	1866	0	3	0	1883
4552	1896	12	0	6	0	1914
4553	1953	7	0	3	0	1963
4554	20	2101	0	3	0	2124
4555	8	17	0	2201	0	2226
4556	4	9	2209	19	0	2241
4557	4	2	18	2233	0	2257
4558	2217	1	7	23	0	2248
4559	20	2	2306	10	0	2338
4560	9	2275	18	9	0	2311
4561	1	19	2332	2	0	2354
4562	3	11	19	2255	0	2288
4563	3	2283	7	15	0	2308
4564	2305	17	6	8	0	2336
4565	21	2320	0	4	0	2345
4566	9	20	3	2311	0	2343
4567	2	10	0	2347	0	2359
4568	2330	1	2	26	0	2359
4569	19	1	2	2310	0	2332
4570	9	2317	0	19	0	2345
4571	2327	17	0	6	0	2350
4572	2325	10	1	4	0	2340
4573	30	2338	0	2	0	2370
4574	2327	19	2	5	0	2353
4575	20	2298	0	3	0	2321
4576	2280	21	0	3	0	2304
4577	22	2289	1	3	0	2315
4578	13	21	1	2229	0	2264
4579	5	8	1	2323	0	2337
4580	2298	5	1	25	0	2329
4581	2351	1	1	9	0	2362
4582	26	2323	3	8	0	2360
4583	10	23	2322	2	0	2357
4584	2341	9	18	4	0	2372
4585	25	3	8	2374	0	2410
4586	9	2358	2	19	0	2388
4587	7	19	1	2395	0	2422
4588	2393	9	2	25	0	2429
4589	2406	3	0	12	0	2421
4590	2429	1	2	4	0	2436
4591	29	5	0	2397	0	2431
4592	11	5	2388	24	0	2428
4593	2266	4	21	10	0	2301
4594	2303	3	10	7	0	2323
4595	2343	3	1	5	0	2352
4596	29	2292	4	4	0	2329
4597	11	23	3	2322	0	2359
4598	6	2355	1	23	0	2385
4599	4	26	3	2376	0	2409
4600	5	8	1	2390	0	2404
4601	7	8	2482	30	0	2527
4602	7	4	22	2665	0	2698
4603	4	6	9	2724	0	2743
4604	2717	4	4	48	0	2773
4605	37	2731	3	15	0	2786
4606	2748	35	2	7	0	2792
4607	2849	12	0	7	0	2868
4608	49	6	1	2847	0	2903
4609	16	2	2871	43	0	2932
4610	7	2815	37	13	0	2872
4611	8	2776	8	4	0	2796
4612	2719	47	4	3	0	2773
4613	39	2735	2	9	0	2785
4614	13	43	4	2720	0	2780
4615	8	12	2	2797	0	2819
4616	6	5	2727	53	0	2791
4617	7	7	2719	14	0	2747
4618	8	2731	43	6	0	2788
4619	9	46	11	2733	0	2799
4620	2741	13	5	44	0	2803
4621	45	1	5	2774	0	2825
4622	12	4	2813	46	0	2875
4623	5	7	42	2776	0	2830
4624	2720	8	12	48	0	2788
4625	2741	3	3	21	0	2768
4626	55	2716	3	12	0	2786
4627	2718	43	1	8	0	2770
4628	48	2710	3	8	0	2769
4629	2688	44	7	7	0	2746
4630	49	17	6	2658	0	2730
4631	22	5	2640	45	0	2712
4632	8	5	2622	14	0	2649
4633	8	2688	45	4	0	2745
4634	15	34	13	2587	0	2649
4635	11	12	5	2632	0	2660
4636	2625	9	2	48	0	2684
4637	2650	4	4	16	0	2674
4638	2690	4	5	9	0	2708
4639	41	6	5	2675	0	2727
4640	21	3	5	2707	0	2736
4641	10	8	1	2727	0	2746
4642	10	8	2679	49	0	2746
4643	12	5	2671	15	0	2703
4644	2669	6	41	11	0	2727
4645	2647	3	12	14	0	2676
4646	37	3	2665	15	0	2720
4647	2616	5	41	9	0	2671
4648	2591	4	16	10	0	2621
4649	46	9	2557	6	0	2618
4650	20	2560	41	9	0	2630
4651	15	51	9	2476	0	2551
4652	9	9	2532	40	0	2590
4653	7	2603	36	15	0	2661
4654	14	55	11	2364	0	2444
4655	7	2442	8	34	0	2491
4656	5	35	2392	12	0	2444
4657	6	17	2411	8	0	2442
4658	9	19	41	2419	0	2488
4659	2394	7	35	33	0	2469
4660	41	1	5	2420	0	2467
4661	2405	5	2	39	0	2451
4662	37	2	7	2426	0	2472
4663	13	4	2411	41	0	2469
4664	2376	5	36	17	0	2434
4665	42	2	2409	5	0	2458
4666	2448	7	35	8	0	2498
4667	46	2	12	2418	0	2478
4668	16	2441	6	39	0	2502
4669	4	35	8	2456	0	2503
4670	9	2520	8	35	0	2572
4671	6	37	4	2448	0	2495
4672	12	2518	5	32	0	2567
4673	2501	41	4	17	0	2563
4674	2539	15	3	7	0	2564
4675	2536	4	3	9	0	2552
4676	50	6	2485	6	0	2547
4677	19	1	38	2479	0	2537
4678	7	7	2519	39	0	2572
4679	10	2442	44	14	0	2510
4680	3	2510	19	11	0	2543
4681	2446	46	5	8	0	2505
4682	39	8	2454	12	0	2513
4683	13	2449	34	8	0	2504
4684	14	35	16	2470	0	2535
4685	2470	11	6	41	0	2528
4686	38	2493	7	15	0	2553
4687	2531	37	4	5	0	2577
4688	41	13	2549	8	0	2611
4689	18	5	35	2581	0	2639
4690	6	5	12	2626	0	2649
4691	5	6	11	2723	0	2745
4692	8	2694	6	57	0	2765
4693	9	49	8	2621	0	2687
4694	9	9	2748	52	0	2818
4695	9	9	48	2714	0	2780
4696	8	9	12	2762	0	2791
4697	9	2	7	2732	0	2750
4698	8	2679	5	54	0	2746
4699	7	43	5	2666	0	2721
4700	12	15	5	2668	0	2700
4701	7	2526	8	58	0	2599
4702	2339	37	5	13	0	2394
4703	33	2332	3	9	0	2377
4704	9	2321	7	5	0	2342
4705	10	49	7	2293	0	2359
4706	6	6	2291	35	0	2338
4707	2158	3	30	11	0	2202
4708	29	5	7	2226	0	2267
4709	11	1	2198	30	0	2240
4710	2	2215	27	10	0	2254
4711	2	29	7	2224	0	2262
4712	0	6	2254	35	0	2295
4713	4	6	30	2190	0	2230
4714	4	6	7	2204	0	2221
4715	2149	1	1	33	0	2184
4716	26	2158	2	8	0	2194
4717	2161	26	2	5	0	2194
4718	28	8	2172	6	0	2214
4719	6	2193	28	6	0	2233
4720	3	29	2195	2	0	2229
4721	6	18	25	2216	0	2265
4722	2207	1	10	28	0	2246
4723	31	1	4	2192	0	2228
4724	2189	1	0	32	0	2222
4725	2224	1	2	7	0	2234
4726	32	3	1	2241	0	2277
4727	6	3	2321	33	0	2363
4728	2	2	2395	8	0	2407
4729	1	4	30	2435	0	2470
4730	4	2	5	2473	0	2484
4731	2474	2	2	39	0	2517
4732	35	1	2	2463	0	2501
4733	5	2429	4	34	0	2472
4734	4	32	2	2462	0	2500
4735	4	4	3	2491	0	2502
4736	2455	5	2	41	0	2503
4737	33	2486	1	9	0	2529
4738	7	32	3	2514	0	2556
4739	3	7	2	2526	0	2538
4740	1	2487	2	39	0	2529
4741	3	33	2	2521	0	2559
4742	4	6	0	2512	0	2522
4743	3	2467	0	41	0	2511
4744	5	32	5	2475	0	2517
4745	4	7	3	2472	0	2486
4746	3	2436	2	41	0	2482
4747	2	34	3	2448	0	2487
4748	2431	7	2	41	0	2481
4749	2449	4	0	14	0	2467
4750	2404	5	4	10	0	2423
4751	2405	7	4	7	0	2423
4752	36	2304	2	11	0	2353
4753	2148	33	1	12	0	2194
4754	32	2123	2	7	0	2164
4755	6	2114	0	10	0	2130
4756	12	28	12	2079	0	2131
4757	8	5	2106	34	0	2153
4758	2030	4	27	6	0	2067
4759	2100	2	3	7	0	2112
4760	32	6	2150	6	0	2194
4761	2132	3	28	8	0	2171
4762	2189	3	6	5	0	2203
4763	31	2124	2	10	0	2167
4764	2297	26	1	16	0	2340
4765	34	5	4	2301	0	2344
4766	4	7	3	2304	0	2318
4767	5	2	4	2307	0	2318
4768	4	1	3	2287	0	2295
4769	2269	2	1	37	0	2309
4770	31	4	3	2225	0	2263
4771	6	3	0	2258	0	2267
4772	5	3	2205	37	0	2250
4773	2083	3	24	14	0	2124
4774	2222	6	5	7	0	2240
4775	2237	4	1	8	0	2250
4776	29	2201	2	14	0	2246
4777	6	2223	2	13	0	2244
4778	2216	29	2	13	0	2260
4779	31	6	3	2218	0	2258
4780	10	2257	0	33	0	2300
4781	9	28	0	2244	0	2281
4782	6	2279	3	29	0	2317
4783	2276	32	3	9	0	2320
4784	33	2284	1	6	0	2324
4785	11	39	1	2262	0	2313
4786	10	8	2	2313	0	2333
4787	7	6	2349	35	0	2397
4788	5	2429	26	12	0	2472
4789	8	41	9	2523	0	2581
4790	7	10	2592	36	0	2645
4791	7	4	2631	13	0	2655
4792	10	5	44	2637	0	2696
4793	6	1	15	2674	0	2696
4794	6	2558	7	53	0	2624
4795	10	2649	1	21	0	2681
4796	5	49	1	2666	0	2721
4797	2666	18	3	41	0	2728
4798	41	8	1	2763	0	2813
4799	2798	4	0	54	0	2856
4800	2868	4	0	23	0	2895
4801	2900	2	1	14	0	2917
4802	56	5	2883	8	0	2952
4803	2907	3	37	11	0	2958
4804	48	1	16	2916	0	2981
4805	24	5	8	2925	0	2962
4806	11	7	2876	58	0	2952
4807	8	5	2856	27	0	2896
4808	9	10	54	2822	0	2895
4809	7	2737	22	44	0	2810
4810	6	2828	5	20	0	2859
4811	10	54	1	2820	0	2885
4812	2812	25	3	49	0	2889
4813	47	9	5	2848	0	2909
4814	20	7	3	2853	0	2883
4815	12	2833	2	64	0	2911
4816	8	42	2	2879	0	2931
4817	8	18	2897	49	0	2972
4818	7	7	2807	23	0	2844
4819	2782	5	49	11	0	2847
4820	38	2836	22	7	0	2903
4821	2821	43	10	5	0	2879
4822	2841	16	3	11	0	2871
4823	55	7	4	2763	0	2829
4824	25	2811	7	36	0	2879
4825	9	37	6	2851	0	2903
4826	2828	20	2	48	0	2898
4827	39	2771	3	27	0	2840
4828	2702	38	3	14	0	2757
4829	41	2692	3	6	0	2742
4830	2710	35	3	8	0	2756
4831	2719	17	3	5	0	2744
4832	51	2660	4	6	0	2721
4833	25	40	2	2655	0	2722
4834	2661	16	3	37	0	2717
4835	40	5	2576	24	0	2645
4836	19	5	2578	11	0	2613
4837	12	28	48	2542	0	2630
4838	2551	7	22	37	0	2617
4839	35	3	7	2572	0	2617
4840	2561	3	4	40	0	2608
4841	40	6	2599	20	0	2665
4842	2616	3	31	9	0	2659
4843	2717	8	12	7	0	2744
4844	55	5	4	2673	0	2737
4845	23	3	2	2703	0	2731
4846	14	3	2	2715	0	2734
4847	4	2721	4	53	0	2782
4848	8	37	2	2729	0	2776
4849	8	16	6	2773	0	2803
4850	2739	7	5	53	0	2804
4851	2750	3	5	25	0	2783
4852	52	3	2705	10	0	2770
4853	2696	3	34	8	0	2741
4854	43	6	2719	4	0	2772
4855	2612	4	39	12	0	2667
4856	39	4	2690	9	0	2742
4857	25	1	2628	11	0	2665
4858	13	14	44	2611	0	2682
4859	6	3	2638	37	0	2684
4860	2547	4	41	23	0	2615
4861	35	6	15	2669	0	2725
4862	2695	2	6	40	0	2743
4863	2730	6	4	20	0	2760
4864	2587	1	3	15	0	2606
4865	2553	2	4	7	0	2566
4866	57	4	2524	5	0	2590
4867	27	2	34	2511	0	2574
4868	10	2	2552	37	0	2601
4869	13	3	35	2528	0	2579
4870	2526	4	21	38	0	2589
4871	36	3	10	2549	0	2598
4872	2557	2	6	44	0	2609
4873	38	2	7	2582	0	2629
4874	24	5	3	2612	0	2644
4875	2596	3	8	47	0	2654
4876	37	2575	2	23	0	2637
4877	2585	33	4	12	0	2634
4878	41	2576	7	7	0	2631
4879	22	33	3	2604	0	2662
4880	2570	14	7	34	0	2625
4881	39	7	2565	14	0	2625
4882	21	2	32	2580	0	2635
4883	2575	3	17	33	0	2628
4884	2648	1	6	20	0	2675
4885	48	2	4	2618	0	2672
4886	23	2649	3	39	0	2714
4887	13	2611	2	15	0	2641
4888	9	94	2	2410	0	2515
4889	2432	10	3	32	0	2477
4890	34	2334	1	14	0	2383
4891	9	2239	1	2	0	2251
4892	2177	33	2	3	0	2215
4893	24	2151	2	4	0	2181
4894	2236	27	5	1	0	2269
4895	31	5	3	2248	0	2287
4896	8	3	2	2278	0	2291
4897	2	2216	0	30	0	2248
4898	1	2193	0	5	0	2199
4899	2094	26	0	3	0	2123
4900	27	2164	1	2	0	2194
4901	4	2345	0	3	0	2352
4902	14	39	3	2336	0	2392
4903	2383	12	2	36	0	2433
4904	39	4	2539	10	0	2592
4905	2573	1	41	4	0	2619
4906	44	4	12	2734	0	2794
4907	15	1	2783	44	0	2843
4908	3	1	2851	17	0	2872
4909	8	1	62	2889	0	2960
4910	4	3	2947	50	0	3004
4911	2983	4	56	20	0	3063
4912	3060	3	22	8	0	3093
4913	66	6	3006	8	0	3086
4914	26	1	60	2972	0	3059
4915	12	1	20	2986	0	3019
4916	3030	4	11	72	0	3117
4917	55	5	9	2902	0	2971
4918	29	2912	4	58	0	3003
4919	2955	53	7	23	0	3038
4920	62	2914	7	12	0	2995
4921	23	3025	2	17	0	3067
4922	7	68	8	2987	0	3070
4923	11	22	3	3018	0	3054
4924	9	11	3	3038	0	3061
4925	12	10	2910	72	0	3004
4926	2755	8	49	31	0	2843
4927	45	2835	20	15	0	2915
4928	2889	57	9	13	0	2968
4929	2938	19	4	13	0	2974
4930	71	9	7	2930	0	3017
4931	33	2899	4	61	0	2997
4932	16	55	7	2977	0	3055
4933	13	22	6	3023	0	3064
4934	3037	8	4	76	0	3125
4935	3057	6	2	32	0	3097
4936	77	14	2943	13	0	3047
4937	3054	3	47	20	0	3124
4938	67	3082	18	13	0	3180
4939	3128	60	5	15	0	3208
4940	68	3244	2	10	0	3324
4941	31	68	2	3182	0	3283
4942	20	29	3	3200	0	3252
4943	12	3159	4	80	0	3255
4944	17	62	1	3221	0	3301
4945	7	25	7	3277	0	3316
4946	17	11	2	3228	0	3258
4947	6	3149	5	87	0	3247
4948	11	64	4	3186	0	3265
4949	12	25	3	3229	0	3269
4950	6	16	4	3243	0	3269
4951	9	12	3126	96	0	3243
4952	3066	12	60	44	0	3182
4953	65	13	3130	30	0	3238
4954	3123	7	66	23	0	3219
4955	77	12	3137	19	0	3245
4956	3138	8	71	24	0	3241
4957	3206	8	26	18	0	3258
4958	86	11	3163	15	0	3275
4959	43	6	68	3158	0	3275
4960	18	11	3073	71	0	3173
4961	3046	9	59	34	0	3148
4962	72	9	3191	23	0	3295
4963	42	7	3157	19	0	3225
4964	3150	9	84	17	0	3260
4965	72	3177	34	18	0	3301
4966	31	63	14	3210	0	3318
4967	3245	25	19	79	0	3368
4968	78	13	13	3264	0	3368
4969	35	11	14	3327	0	3387
4970	3269	9	14	96	0	3388
4971	3306	7	14	43	0	3370
4972	95	11	3232	23	0	3361
4973	40	9	3267	28	0	3344
4974	27	7	80	3262	0	3376
4975	17	9	3307	86	0	3419
4976	31	3	78	3288	0	3400
4977	28	7	35	3292	0	3362
4978	28	9	23	3361	0	3421
4979	3263	11	17	100	0	3391
4980	79	3293	18	49	0	3439
4981	3303	63	14	39	0	3419
4982	3317	24	11	30	0	3382
4983	84	3276	10	36	0	3406
4984	3204	62	11	32	0	3309
4985	79	30	3168	27	0	3304
4986	44	23	53	3138	0	3258
4987	3179	17	24	70	0	3290
4988	71	15	3093	36	0	3215
4989	3083	14	46	32	0	3175
4990	53	3243	27	24	0	3347
4991	3542	45	13	21	0	3621
4992	3554	24	13	26	0	3617
4993	98	3603	14	17	0	3732
4994	3688	59	14	12	0	3773
4995	83	32	12	3679	0	3806
4996	57	16	5	3736	0	3814
4997	3692	14	12	89	0	3807
4998	3661	10	6	53	0	3730
4999	100	3648	8	26	0	3782
5000	45	3608	5	29	0	3687
5001	23	78	11	3391	0	3503
5002	21	3415	7	60	0	3503
5003	25	3484	7	23	0	3539
5004	3272	60	10	17	0	3359
5005	50	3243	6	12	0	3311
5006	3128	44	9	5	0	3186
5007	45	3186	4	7	0	3242
5008	22	40	3178	6	0	3246
5009	12	3203	27	3	0	3245
5010	3108	55	26	6	0	3195
5011	3049	15	6	8	0	3078
5012	39	8	3045	4	0	3096
5013	21	3	26	2979	0	3029
5014	8	5	14	3078	0	3105
5015	9	5	3067	37	0	3118
5016	3	4	33	3017	0	3057
5017	9	1	3072	40	0	3122
5018	10	4	2989	14	0	3017
5019	3006	5	40	8	0	3059
5020	31	3044	13	6	0	3094
5021	3040	29	6	5	0	3080
5022	35	12	3	3052	0	3102
5023	17	6	3089	28	0	3140
5024	10	3	27	3021	0	3061
5025	7	3090	9	35	0	3141
5026	3138	29	7	11	0	3185
5027	3162	10	6	9	0	3187
5028	41	6	2	3158	0	3207
5029	17	8	3080	28	0	3133
5030	2981	2	26	13	0	3022
5031	31	3030	10	9	0	3080
5032	3041	29	4	7	0	3081
5033	38	12	3	3017	0	3070
5034	3021	5	2	30	0	3058
5035	38	5	0	3000	0	3043
5036	21	7	2990	29	0	3047
5037	14	3	2896	16	0	2929
5038	2901	5	32	16	0	2954
5039	25	2994	12	11	0	3042
5040	2959	19	22	8	0	3008
5041	2974	11	3	1	0	2989
5042	29	2997	1	2	0	3029
5043	2980	27	2	2	0	3011
5044	26	15	3097	5	0	3143
5045	14	9	21	3113	0	3157
5046	6	13	7	3126	0	3152
5047	10	6	5	3146	0	3167
5048	8	5	3113	34	0	3160
5049	8	6	3121	19	0	3154
5050	5	6	30	3144	0	3185
5051	5	3091	16	22	0	3134
5052	6	3214	9	11	0	3240
5053	3250	34	3	9	0	3296
5054	3265	13	5	8	0	3291
5055	33	3325	7	7	0	3372
5056	11	25	5	3402	0	3443
5057	9	13	2	3427	0	3451
5058	3443	7	5	41	0	3496
5059	29	3	6	3511	0	3549
5060	16	4	8	3487	0	3515
5061	10	2	8	3492	0	3512
5062	10	7	3299	41	0	3357
5063	11	9	3147	19	0	3186
5064	3306	3	36	14	0	3359
5065	31	1	19	3473	0	3524
5066	13	3	3477	45	0	3538
5067	11	1	3408	17	0	3437
5068	3500	6	52	10	0	3568
5069	49	6	3812	5	0	3872
5070	23	3882	45	11	0	3961
5071	13	43	21	4201	0	4278
5072	6	18	4188	56	0	4268
5073	4203	7	56	17	0	4283
5074	64	6	24	4418	0	4512
5075	29	7	4385	60	0	4481
5076	13	4	57	4482	0	4556
5077	9	2	24	4520	0	4555
5078	4505	2	13	81	0	4601
5079	60	4532	10	41	0	4643
5080	29	52	14	4530	0	4625
5081	4553	23	7	66	0	4649
5082	4601	12	4	29	0	4646
5083	4628	10	2	19	0	4659
5084	4693	9	3	13	0	4718
5085	98	4	5	4595	0	4702
5086	4546	7	5	66	0	4624
5087	4588	2	8	33	0	4631
5088	4437	6	9	20	0	4472
5089	4479	2	10	19	0	4510
5090	92	4208	7	20	0	4327
5091	26	3953	4	7	0	3990
5092	13	57	5	3936	0	4011
5093	12	3869	2	47	0	3930
5094	3850	44	6	19	0	3919
5095	53	25	5	3811	0	3894
5096	3817	11	2	53	0	3883
5097	3876	3	3	23	0	3905
5098	67	5	2	3932	0	4006
5099	27	7	4	3912	0	3950
5100	19	3886	3	64	0	3972
5101	3897	42	3	27	0	3969
5102	56	3868	3	17	0	3944
5103	3900	42	4	13	0	3959
5104	57	14	0	3918	0	3989
5105	26	12	3884	54	0	3976
5106	3867	10	46	16	0	3939
5107	3752	11	12	14	0	3789
5108	76	4	3662	10	0	3752
5109	37	4	3653	10	0	3704
5110	23	6	58	3628	0	3715
5111	3931	8	18	52	0	4009
5112	4103	4	6	22	0	4135
5113	4146	7	4	12	0	4169
5114	4233	4	5	11	0	4253
5115	80	4119	2	14	0	4215
5116	4245	67	5	9	0	4326
5117	82	19	2	4207	0	4310
5118	36	9	3	4262	0	4310
5119	25	4	4	4376	0	4409
5120	17	11	4	4426	0	4458
5121	4359	4	7	88	0	4458
5122	76	9	4	4516	0	4605
5123	33	3	4439	90	0	4565
5124	21	3	73	4552	0	4649
5125	20	2	27	4608	0	4657
5126	22	2	11	4606	0	4641
5127	17	9	7	4575	0	4608
5128	4456	5	10	104	0	4575
5129	84	4423	8	41	0	4556
5130	33	4490	6	25	0	4554
5131	16	95	6	4459	0	4576
5132	4403	26	5	97	0	4531
5133	4540	10	5	38	0	4593
5134	115	6	5	4532	0	4658
5135	38	16	4456	92	0	4602
5136	4449	7	77	42	0	4575
5137	93	8	22	4579	0	4702
5138	46	6	4581	92	0	4725
5139	4481	2	81	46	0	4610
5140	98	4547	33	25	0	4703
5141	4993	86	9	22	0	5110
5142	117	5138	6	26	0	5287
5143	55	116	9	5183	0	5363
5144	38	5265	5	117	0	5425
5145	25	137	4	5420	0	5586
5146	5285	54	5	159	0	5503
5147	127	5346	2	65	0	5540
5148	60	127	5302	43	0	5532
5149	41	57	117	5321	0	5536
5150	18	29	5344	140	0	5531
5151	14	17	134	5292	0	5457
5152	18	15	47	5423	0	5503
5153	20	12	5258	177	0	5467
5154	5003	10	130	81	0	5224
5155	134	11	5197	47	0	5389
5156	57	16	5162	31	0	5266
5157	35	5161	151	39	0	5386
5158	30	122	67	5132	0	5351
5159	23	46	36	5215	0	5320
5160	18	29	24	5155	0	5226
5161	17	16	22	5301	0	5356
5162	17	12	5072	192	0	5293
5163	4916	12	113	95	0	5136
5164	129	7	5092	56	0	5284
5165	48	8	127	4994	0	5177
5166	4949	3	53	136	0	5141
5167	116	4941	36	62	0	5155
5168	49	149	21	4786	0	5005
5169	4596	41	18	125	0	4780
5170	113	4410	17	60	0	4600
5171	39	4400	11	37	0	4487
5172	4314	125	9	22	0	4470
5173	104	4333	10	20	0	4467
5174	4223	113	13	17	0	4366
5175	119	4252	9	22	0	4402
5176	4315	120	11	18	0	4464
5177	4416	41	3	16	0	4476
5178	138	4365	9	12	0	4524
5179	56	118	7	4313	0	4494
5180	40	39	4265	107	0	4451
5181	4222	35	101	41	0	4399
5182	114	21	30	4241	0	4406
5183	48	4089	24	110	0	4271
5184	33	4230	10	50	0	4323
5185	20	123	8	4224	0	4375
5186	4196	44	12	117	0	4369
5187	112	35	4197	45	0	4389
5188	49	12	103	4261	0	4425
5189	29	21	36	4357	0	4443
5190	16	18	24	4400	0	4458
5191	20	7	18	4307	0	4352
5192	16	4186	16	159	0	4377
5193	16	100	8	4283	0	4407
5194	11	41	4172	141	0	4365
5195	12	30	4167	58	0	4267
5196	14	22	4232	46	0	4314
5197	15	12	142	4129	0	4298
5198	4048	20	65	113	0	4246
5199	109	14	4054	51	0	4228
5200	44	17	4114	37	0	4212
5201	36	11	134	4019	0	4200
5202	4028	10	61	125	0	4224
5203	104	3996	39	60	0	4199
5204	4008	114	23	47	0	4192
5205	128	45	24	3979	0	4176
5206	61	32	4046	119	0	4258
5207	32	40	119	3946	0	4137
5208	31	4041	46	126	0	4244
5209	4256	118	26	52	0	4452
5210	120	42	4213	40	0	4415
5211	41	4162	109	36	0	4348
5212	4053	115	52	42	0	4262
5213	139	40	31	4077	0	4287
5214	53	40	26	4140	0	4259
5215	4115	22	16	148	0	4301
5216	4202	24	22	71	0	4319
5217	4357	17	24	47	0	4445
5218	166	14	18	4214	0	4412
5219	70	4118	14	125	0	4327
5220	4157	107	18	54	0	4336
5221	132	4125	11	45	0	4313
5222	3978	114	12	35	0	4139
5223	135	3924	14	17	0	4090
5224	56	105	12	3863	0	4036
5225	3883	49	10	118	0	4060
5226	3961	30	9	56	0	4056
5227	3994	24	9	31	0	4058
5228	4031	13	7	30	0	4081
5229	4037	13	7	28	0	4085
5230	153	19	3895	24	0	4091
5231	76	13	97	3910	0	4096
5232	52	11	3916	98	0	4077
5233	39	13	3953	39	0	4044
5234	3862	15	124	32	0	4033
5235	3919	13	54	23	0	4009
5236	3954	11	32	17	0	4014
5237	150	15	21	3773	0	3959
5238	3743	10	12	99	0	3864
5239	132	3702	13	45	0	3892
5240	70	3727	10	29	0	3836
5241	34	3463	6	10	0	3513
5242	3191	71	25	18	0	3305
5243	60	3236	14	14	0	3324
5244	3153	50	12	9	0	3224
5245	3126	18	4	10	0	3158
5246	63	9	3100	9	0	3181
5247	28	6	47	3075	0	3156
5248	15	16	10	3181	0	3222
5249	3181	3	3	55	0	3242
5250	3192	8	3	25	0	3228
5251	60	16	6	3154	0	3236
5252	28	4	3116	54	0	3202
5253	12	11	3171	22	0	3216
5254	26	2	50	3180	0	3258
5255	18	10	12	3196	0	3236
5256	16	4	3	3231	0	3254
5257	3130	1	12	62	0	3205
5258	3150	10	11	20	0	3191
5259	68	3128	5	17	0	3218
5260	23	49	7	3140	0	3219
5261	18	15	3	3150	0	3186
5262	21	3143	8	58	0	3230
5263	18	47	1	3170	0	3236
5264	3169	20	9	49	0	3247
5265	59	5	9	3151	0	3224
5266	32	9	0	3201	0	3242
5267	3124	8	3	69	0	3204
5268	3148	5	1	29	0	3183
5269	3158	7	6	12	0	3183
5270	77	23	9	3090	0	3199
5271	28	7	2966	49	0	3050
5272	22	6	2911	20	0	2959
5273	21	7	2897	11	0	2936
5274	21	2833	46	11	0	2911
5275	2762	42	37	10	0	2851
5276	52	12	2694	8	0	2766
5277	2613	3	39	13	0	2668
5278	38	6	21	2617	0	2682
5279	2494	12	4	40	0	2550
5280	2672	4	9	19	0	2704
5281	55	2700	10	6	0	2771
5282	2747	29	4	14	0	2794
5283	2739	16	9	19	0	2783
5284	53	2739	11	15	0	2818
5285	32	31	7	2790	0	2860
5286	17	19	2797	39	0	2872
5287	25	6	30	2740	0	2801
5288	20	7	16	2764	0	2807
5289	2771	9	4	47	0	2831
5290	45	6	6	2772	0	2829
5291	18	2806	9	43	0	2876
5292	17	36	7	2816	0	2876
5293	11	19	3	2866	0	2899
5294	18	9	2813	53	0	2893
5295	16	2770	31	32	0	2849
5296	18	2842	15	14	0	2889
5297	2789	40	7	23	0	2859
5298	40	2865	6	20	0	2931
5299	28	38	6	2857	0	2929
5300	18	19	2866	41	0	2944
5301	17	2892	40	21	0	2970
5302	2894	38	17	15	0	2964
5303	38	20	10	2907	0	2975
5304	25	6	7	2938	0	2976
5305	14	6	2915	51	0	2986
5306	14	13	33	2810	0	2870
5307	21	2	15	2882	0	2920
5308	2829	6	7	52	0	2894
5309	2635	6	5	26	0	2672
5310	46	2575	5	40	0	2666
5311	2450	21	8	16	0	2495
5312	29	2428	7	11	0	2475
5313	18	43	3	2283	0	2347
5314	15	2298	5	26	0	2344
5315	11	2350	3	20	0	2384
5316	2239	37	21	18	0	2315
5317	2187	8	8	10	0	2213
5318	25	2155	1	10	0	2191
5319	2157	15	4	9	0	2185
5320	2131	8	5	7	0	2151
5321	2203	6	5	9	0	2223
5322	20	4	4	2246	0	2274
5323	2241	4	2	17	0	2264
5324	19	4	2179	11	0	2213
5325	2140	5	10	5	0	2160
5326	18	6	2235	5	0	2264
5327	13	6	14	2246	0	2279
5328	9	2	8	2287	0	2306
5329	7	6	2276	23	0	2312
5330	2193	7	15	11	0	2226
5331	2228	7	10	6	0	2251
5332	23	4	2318	5	0	2350
5333	11	5	10	2290	0	2316
5334	9	3	8	2296	0	2316
5335	7	6	6	2330	0	2349
5336	2313	3	3	21	0	2340
5337	2300	3	4	15	0	2322
5338	29	2	2	2241	0	2274
5339	12	2153	3	17	0	2185
5340	6	2104	2	9	0	2121
5341	2022	18	4	4	0	2048
5342	16	2018	3	3	0	2040
5343	6	1935	4	7	0	1952
5344	10	15	2	1791	0	1818
5345	1	5	1816	6	0	1828
5346	4	1764	5	5	0	1778
5347	8	15	6	1767	0	1796
5348	4	1755	1	4	0	1764
5349	2	6	1	1741	0	1750
5350	1738	3	1	6	0	1748
5351	5	1751	1	6	0	1763
5352	1768	3	0	6	0	1777
5353	1728	2	2	0	0	1732
5354	7	2	1716	2	0	1727
5355	1681	2	5	2	0	1690
5356	7	4	4	1742	0	1757
5357	4	3	1757	4	0	1768
5358	3	1750	4	4	0	1761
5359	1	5	5	1741	0	1752
5360	1	4	1	1744	0	1750
5361	1749	0	1	9	0	1759
5362	5	0	2	1741	0	1748
5363	3	1	0	1737	0	1741
5364	1732	0	1	9	0	1742
5365	5	1726	0	5	0	1736
5366	1723	6	0	3	0	1732
5367	9	3	1712	0	0	1724
5368	1645	2	4	2	0	1653
5369	7	4	1783	3	0	1797
5370	3	1811	5	1	0	1820
5371	1808	6	3	2	0	1819
5372	1768	3	1	1	0	1773
5373	7	2	1798	2	0	1809
5374	3	2	1801	2	0	1808
5375	1	1	1881	0	0	1883
5376	2	1941	11	4	0	1958
5377	2	12	2	1972	0	1988
5378	2	6	2157	13	0	2178
5379	2	0	2086	6	0	2094
5380	2	2	28	2096	0	2128
5381	2	1	2145	20	0	2168
5382	2109	2	20	12	0	2143
5383	2459	1	10	1	0	2471
5384	32	0	2427	3	0	2462
5385	12	2401	26	2	0	2441
5386	8	26	12	2395	0	2441
5387	5	10	2436	25	0	2476
5388	4	2423	29	11	0	2467
5389	7	30	11	2432	0	2480
5390	2399	10	4	30	0	2443
5391	2398	3	5	11	0	2417
5392	34	2422	4	6	0	2466
5393	12	31	2	2432	0	2477
5394	7	7	3	2446	0	2463
5395	4	8	2	2404	0	2418
5396	3	3	3	2440	0	2449
5397	3	4	2399	38	0	2444
5398	2	6	25	2364	0	2397
5399	4	3	2350	33	0	2390
5400	3	2311	29	14	0	2357
5401	2300	25	16	5	0	2346
5402	23	2376	5	10	0	2414
5403	9	25	4	2395	0	2433
5404	9	13	4	2403	0	2429
5405	2403	6	0	35	0	2444
5406	26	4	4	2394	0	2428
5407	12	2354	1	26	0	2393
5408	7	25	2	2414	0	2448
5409	4	14	3	2415	0	2436
5410	2381	7	1	39	0	2428
5411	23	4	2344	19	0	2390
5412	12	2300	17	11	0	2340
5413	4	2349	7	8	0	2368
5414	6	31	4	2325	0	2366
5415	2286	10	2	26	0	2324
5416	21	2267	0	13	0	2301
5417	10	23	0	2301	0	2334
5418	5	7	2284	31	0	2327
5419	6	4	25	2297	0	2332
5420	2298	4	9	35	0	2346
5421	2285	3	5	15	0	2308
5422	32	3	4	2248	0	2287
5423	2285	4	2	31	0	2322
5424	2303	5	1	10	0	2319
5425	35	3	2274	9	0	2321
5426	2190	2	26	9	0	2227
5427	33	2236	9	3	0	2281
5428	2260	22	4	7	0	2293
5429	32	9	2225	3	0	2269
5430	14	6	24	2257	0	2301
5431	2301	5	7	31	0	2344
5432	31	3	2215	10	0	2259
5433	12	3	2239	8	0	2262
5434	5	4	33	2230	0	2272
5435	7	4	2271	29	0	2311
5436	2259	3	32	13	0	2307
5437	33	2	2305	7	0	2347
5438	13	3	32	2374	0	2422
5439	6	5	12	2400	0	2423
5440	2491	2	7	39	0	2539
5441	35	4	2519	19	0	2577
5442	15	1	2652	13	0	2681
5443	9	2	44	2828	0	2883
5444	10	1	2837	44	0	2892
5445	2805	0	48	17	0	2870
5446	43	3	20	2833	0	2899
5447	15	1	2847	51	0	2914
5448	11	2	45	2853	0	2911
5449	11	2	17	2895	0	2925
5450	2882	1	13	58	0	2954
5451	48	6	2877	19	0	2950
5452	2813	4	47	14	0	2878
5453	55	0	2959	10	0	3024
5454	2913	2	51	7	0	2973
5455	2962	6	20	10	0	2998
5456	2947	1	12	12	0	2972
5457	60	2862	12	10	0	2944
5458	2909	42	8	10	0	2969
5459	2925	12	8	10	0	2955
5460	66	4	8	2892	0	2970
5461	26	6	2883	52	0	2967
5462	2839	4	45	20	0	2908
5463	53	2	2944	15	0	3014
5464	19	1	51	2921	0	2992
5465	12	1	20	3005	0	3038
5466	2971	4	11	61	0	3047
5467	50	3020	13	22	0	3105
5468	16	37	11	3021	0	3085
5469	12	14	7	3020	0	3053
5470	11	8	2960	57	0	3036
5471	9	6	42	2976	0	3033
5472	11	4	19	3036	0	3070
5473	11	2	8	2961	0	2982
5474	9	2892	12	58	0	2971
5475	2817	36	4	22	0	2879
5476	2816	13	12	17	0	2858
5477	49	2819	7	15	0	2890
5478	2645	30	6	12	0	2693
5479	46	4	5	2784	0	2839
5480	15	7	2896	36	0	2954
5481	12	2920	32	15	0	2979
5482	7	3008	15	10	0	3040
5483	2849	34	28	5	0	2916
5484	3010	9	6	5	0	3030
5485	48	5	4	3014	0	3071
5486	17	3	6	3069	0	3095
5487	12	1	2	3063	0	3078
5488	2986	2	4	53	0	3045
5489	44	2	2989	20	0	3055
5490	2978	1	38	13	0	3030
5491	53	0	7	3013	0	3073
5492	14	3	12	2972	0	3001
5493	14	2974	6	50	0	3044
5494	14	34	6	3037	0	3091
5495	11	10	10	3079	0	3110
5496	10	9	3074	54	0	3147
5497	9	3069	38	29	0	3145
5498	3130	41	11	16	0	3198
5499	3068	14	12	11	0	3105
5500	3177	6	6	15	0	3204
5501	3183	2	5	10	0	3200
5502	55	5	3076	6	0	3142
5503	3040	6	40	13	0	3099
5504	54	0	3094	10	0	3158
5505	27	4	47	3026	0	3104
5506	16	3103	17	46	0	3182
5507	16	37	11	3130	0	3194
5508	14	12	5	3165	0	3196
5509	10	13	3140	56	0	3219
5510	3067	5	44	30	0	3146
5511	3134	4	17	23	0	3178
5512	54	3067	18	13	0	3152
5513	27	40	3101	17	0	3185
5514	21	12	41	3124	0	3198
5515	23	7	3136	46	0	3212
5516	15	8	3092	29	0	3144
5517	24	7	48	3112	0	3191
5518	21	12	3100	46	0	3179
5519	26	5	47	3097	0	3175
5520	17	7	3180	61	0	3265
5521	13	5	50	3183	0	3251
5522	3215	8	13	64	0	3300
5523	3210	6	14	29	0	3259
5524	3200	4	9	23	0	3236
5525	3170	5	13	18	0	3206
5526	62	3163	9	16	0	3250
5527	32	40	8	3150	0	3230
5528	17	15	12	3184	0	3228
5529	21	12	3126	61	0	3220
5530	19	10	37	3102	0	3168
5531	12	7	3111	57	0	3187
5532	12	12	3022	22	0	3068
5533	2966	7	51	22	0	3046
5534	44	3120	20	23	0	3207
5535	3125	41	15	12	0	3193
5536	3126	12	4	23	0	3165
5537	51	3156	9	20	0	3236
5538	3118	38	12	16	0	3184
5539	60	12	3108	15	0	3195
5540	23	3086	40	11	0	3160
5541	3053	35	21	10	0	3119
5542	43	14	2905	7	0	2969
5543	2761	10	23	15	0	2809
5544	29	2828	15	12	0	2884
5545	2824	24	13	10	0	2871
5546	2812	11	5	9	0	2837
5547	33	2779	8	10	0	2830
5548	18	2763	6	9	0	2796
5549	10	2843	10	5	0	2868
5550	12	33	2	2865	0	2912
5551	12	12	12	2862	0	2898
5552	2890	8	3	34	0	2935
5553	2818	3	4	19	0	2844
5554	35	2	2819	12	0	2868
5555	22	6	2743	8	0	2779
5556	13	4	2836	8	0	2861
5557	8	5	34	2845	0	2892
5558	11	3	2875	28	0	2917
5559	7	5	32	2877	0	2921
5560	2892	2	15	35	0	2944
5561	30	8	2913	12	0	2963
5562	2890	3	31	14	0	2938
5563	2894	3	12	9	0	2918
5564	36	8	2941	5	0	2990
5565	21	2981	29	4	0	3035
5566	15	28	12	2989	0	3044
5567	9	10	3018	33	0	3070
5568	10	12	38	2970	0	3030
5569	11	3	14	3235	0	3263
5570	3166	4	15	47	0	3232
5571	41	6	6	3170	0	3223
5572	20	4	3150	46	0	3220
5573	13	6	41	3172	0	3232
5574	3212	4	13	49	0	3278
5575	41	3209	14	17	0	3281
5576	3236	40	8	15	0	3299
5577	56	20	17	3221	0	3314
5578	23	13	3231	38	0	3305
5579	19	7	3103	16	0	3145
5580	11	6	3055	9	0	3081
5581	5	2901	40	12	0	2958
5582	2828	32	45	10	0	2915
5583	28	2745	7	7	0	2787
5584	2584	24	8	2	0	2618
5585	22	2560	2	3	0	2587
5586	12	23	1	2585	0	2621
5587	5	5	0	2633	0	2643
5588	4	4	2	2622	0	2632
5589	2	2597	1	26	0	2626
5590	2	23	2	2734	0	2761
5591	1	6	1	3052	0	3060
5592	3204	2	3	43	0	3252
5593	48	3	3	3393	0	3447
5594	15	2	3512	53	0	3582
5595	3501	3	46	16	0	3566
5596	3606	1	13	5	0	3625
5597	63	3605	4	12	0	3684
5598	3625	52	4	2	0	3683
5599	3701	16	3	2	0	3722
5600	77	6	1	3647	0	3731
5601	17	7	0	3744	0	3768
5602	12	3	1	3823	0	3839
5603	3775	2	1	77	0	3855
5604	3789	3	2	26	0	3820
5605	73	3	3738	15	0	3829
5606	3715	1	55	11	0	3782
5607	3769	2	15	5	0	3791
5608	3777	0	6	7	0	3790
5609	82	2	3669	2	0	3755
5610	29	4	3686	3	0	3722
5611	16	3	67	3689	0	3775
5612	14	1	3763	60	0	3838
5613	8	3	66	3722	0	3799
5614	14	1	22	3561	0	3598
5615	5	3736	11	65	0	3817
5616	3757	61	7	19	0	3844
5617	67	17	3814	15	0	3913
5618	3892	5	65	10	0	3972
5619	77	7	17	3927	0	4028
5620	3859	5	9	66	0	3939
5621	85	3790	6	22	0	3903
5622	30	3960	6	11	0	4007
5623	17	90	3	3939	0	4049
5624	18	23	3	4013	0	4057
5625	13	10	3919	99	0	4041
5626	9	10	71	3921	0	4011
5627	3856	2	21	95	0	3974
5628	76	3863	6	40	0	3985
5629	26	70	3855	14	0	3965
5630	23	20	77	3852	0	3972
5631	19	6	3888	79	0	3992
5632	20	11	78	3871	0	3980
5633	17	3	3923	85	0	4028
5634	14	4	3827	33	0	3878
5635	14	6	95	3820	0	3935
5636	3864	6	38	86	0	3994
5637	3876	4	18	31	0	3929
5638	3823	4	17	20	0	3864
5639	94	3768	10	21	0	3893
5640	3798	73	6	13	0	3890
5641	3799	25	8	8	0	3840
5642	109	5	3686	13	0	3813
5643	37	3654	76	15	0	3782
5644	26	81	26	3640	0	3773
5645	3646	22	12	81	0	3761
5646	81	3649	10	28	0	3768
5647	3738	87	10	13	0	3848
5648	3755	24	8	22	0	3809
5649	3740	4	2	23	0	3769
5650	3704	15	9	9	0	3737
5651	110	6	7	3600	0	3723
5652	3630	5	9	88	0	3732
5653	96	11	4	3582	0	3693
5654	40	3525	6	79	0	3650
5655	19	63	12	3567	0	3661
5656	3547	20	13	81	0	3661
5657	84	7	3519	39	0	3649
5658	33	8	73	3542	0	3656
5659	3513	3	29	84	0	3629
5660	85	3481	18	34	0	3618
5661	3521	66	14	18	0	3619
5662	3565	21	5	18	0	3609
5663	104	3539	11	13	0	3667
5664	3479	74	9	11	0	3573
5665	99	24	3370	10	0	3503
5666	42	9	3337	12	0	3400
5667	3285	11	81	10	0	3387
5668	81	12	3311	11	0	3415
5669	39	13	63	3072	0	3187
5670	18	3104	24	59	0	3205
5671	3153	62	19	18	0	3252
5672	70	3114	8	12	0	3204
5673	35	3092	8	14	0	3149
5674	28	71	8	3240	0	3347
5675	24	22	5	3274	0	3325
5676	17	11	7	3264	0	3299
5677	18	10	2	3246	0	3276
5678	20	8	3157	78	0	3263
5679	10	10	52	3078	0	3150
5680	9	6	22	3124	0	3161
5681	3069	6	9	82	0	3166
5682	65	3	12	3079	0	3159
5683	26	5	3008	69	0	3108
5684	2976	3	55	36	0	3070
5685	70	10	19	3011	0	3110
5686	32	8	3055	60	0	3155
5687	23	16	61	3016	0	3116
5688	21	3073	20	55	0	3169
5689	3071	56	11	28	0	3166
5690	67	20	2963	10	0	3060
5691	21	2637	45	7	0	2710
5692	2468	34	28	9	0	2539
5693	27	2264	6	5	0	2302
5694	10	2112	6	10	0	2138
5695	2064	30	24	5	0	2123
5696	25	2020	8	4	0	2057
5697	10	2020	5	4	0	2039
5698	13	33	7	1995	0	2048
5699	4	8	1989	19	0	2020
5700	3	1992	20	8	0	2023
5701	5	32	7	1947	0	1991
5702	3	1928	2	15	0	1948
5703	1913	15	5	8	0	1941
5704	15	6	1901	5	0	1927
5705	6	6	16	1884	0	1912
5706	1933	1	9	19	0	1962
5707	15	2	2	1961	0	1980
5708	7	2	1957	16	0	1982
5709	1907	1	16	10	0	1934
5710	1973	3	7	2	0	1985
5711	20	2053	1	4	0	2078
5712	7	16	2	2057	0	2082
5713	3	8	1	2081	0	2093
5714	2123	1	0	23	0	2147
5715	2090	3	1	8	0	2102
5716	22	1	2100	1	0	2124
5717	6	2043	13	3	0	2065
5718	2047	7	7	3	0	2064
5719	12	4	0	2048	0	2064
5720	5	1	2081	7	0	2094
5721	3	3	1976	7	0	1989
5722	7	29	11	1948	0	1995
5723	1993	1	3	4	0	2001
5724	4	1982	1	6	0	1993
5725	2140	3	1	4	0	2148
5726	4	6	0	2173	0	2183
5727	5	1	0	2182	0	2188
5728	1	1	0	2211	0	2213
5729	2227	2	1	6	0	2236
5730	2	2273	0	5	0	2280
5731	3	3	1	2300	0	2307
5732	1	4	1	2276	0	2282
5733	1	1	2298	6	0	2306
5734	0	1	3	2240	0	2244
5735	1	4	2295	3	0	2303
5736	1	2240	3	4	0	2248
5737	0	2	3	2261	0	2266
5738	2231	2	2	4	0	2239
5739	4	0	2230	3	0	2237
5740	2	0	3	2234	0	2239
5741	1	0	2245	1	0	2247
5742	2159	0	2	3	0	2164
5743	3	3	2278	0	0	2284
5744	2	2	2	2229	0	2235
5745	2275	0	2	6	0	2283
5746	3	2082	1	4	0	2090
5747	2198	2	0	0	0	2200
5748	3	2100	2	1	0	2106
5749	2	3	1	2291	0	2297
5750	1	3	2280	2	0	2286
5751	3	0	2246	6	0	2255
5752	0	0	4	2318	0	2322
5753	2407	0	4	3	0	2414
5754	2367	0	1	5	0	2373
5755	6	0	0	2365	0	2371
5756	4	1	1	2393	0	2399
5757	2357	1	0	4	0	2362
5758	3	2331	1	5	0	2340
5759	2	2420	0	3	0	2425
5760	2481	4	0	3	0	2488
5761	4	2	2457	1	0	2464
5762	7	1	3	2431	0	2442
5763	0	1	2443	4	0	2448
5764	0	0	2	2424	0	2426
5765	1	0	2485	5	0	2491
5766	1	3	2429	2	0	2435
5767	1	3	4	2534	0	2542
5768	0	2412	4	5	0	2421
5769	2566	3	0	1	0	2570
5770	3	2535	0	1	0	2539
5771	3	4	0	2600	0	2607
5772	2625	3	1	4	0	2633
5773	4	0	0	2649	0	2653
5774	2658	0	3	5	0	2666
5775	2647	0	0	3	0	2650
5776	2656	0	1	0	0	2657
5777	7	2604	1	2	0	2614
5778	2697	5	1	0	0	2703
5779	8	7	0	2772	0	2787
5780	2875	0	1	10	0	2886
5781	8	2	2	2950	0	2962
5782	2970	0	4	12	0	2986
5783	3008	0	2	5	0	3015
5784	14	3029	1	1	0	3045
5785	5	12	0	3338	0	3355
5786	5	5	1	3322	0	3333
5787	1	3490	4	24	0	3519
5788	2	19	0	3576	0	3597
5789	3579	7	6	29	0	3621
5790	3686	5	1	15	0	3707
5791	3623	4	4	8	0	3639
5792	42	1	3788	6	0	3837
5793	3921	0	29	6	0	3956
5794	4038	4	11	3	0	4056
5795	4090	0	7	7	0	4104
5796	51	4061	3	2	0	4117
5797	18	31	3	4109	0	4161
5798	14	14	0	4152	0	4180
5799	8	7	1	4109	0	4125
5800	8	2	4001	50	0	4061
5801	4	1	34	4034	0	4073
5802	4095	0	11	46	0	4152
5803	39	3	8	4126	0	4176
5804	17	1	3	4254	0	4275
5805	8	2	4192	61	0	4263
5806	9	4139	42	25	0	4215
5807	4250	45	12	18	0	4325
5808	53	14	7	4275	0	4349
5809	4267	9	5	51	0	4332
5810	54	4	4239	17	0	4314
5811	4052	2	43	14	0	4111
5812	57	4254	16	7	0	4334
5813	18	48	4261	10	0	4337
5814	14	11	4247	6	0	4278
5815	13	17	51	4118	0	4199
5816	6	4	4374	48	0	4432
5817	6	4361	50	20	0	4437
5818	8	44	17	4356	0	4425
5819	10	14	10	4450	0	4484
5820	10	6	3	4450	0	4469
5821	4381	5	2	59	0	4447
5822	49	4361	4	25	0	4439
5823	18	41	1	4467	0	4527
5824	10	15	5	4520	0	4550
5825	4369	13	2	66	0	4450
5826	47	4341	4	26	0	4418
5827	4423	47	1	30	0	4501
5828	4405	14	3	12	0	4434
5829	4369	10	7	13	0	4399
5830	73	4	4298	11	0	4386
5831	29	8	50	4225	0	4312
5832	27	4262	17	42	0	4348
5833	17	4338	13	16	0	4384
5834	14	53	7	4323	0	4397
5835	12	4299	11	46	0	4368
5836	4500	60	4	28	0	4592
5837	53	15	4472	21	0	4561
5838	4424	18	43	15	0	4500
5839	4561	6	19	16	0	4602
5840	65	6	11	4575	0	4657
5841	4587	7	7	64	0	4665
5842	59	4783	12	27	0	4881
5843	4879	53	3	37	0	4972
5844	4939	19	5	20	0	4983
5845	5285	20	7	17	0	5329
5846	104	5	5291	12	0	5412
5847	43	12	5319	12	0	5386
5848	40	11	80	5332	0	5463
5849	26	5262	37	70	0	5395
5850	25	5415	14	37	0	5491
5851	17	97	15	5341	0	5470
5852	5392	38	12	91	0	5533
5853	75	13	10	5398	0	5496
5854	27	21	11	5497	0	5556
5855	5442	6	13	101	0	5562
5856	72	5461	15	50	0	5598
5857	42	68	5480	32	0	5622
5858	31	27	5418	28	0	5504
5859	5466	21	88	30	0	5605
5860	90	13	29	5438	0	5570
5861	37	23	5520	80	0	5660
5862	29	10	81	5461	0	5581
5863	22	10	26	5454	0	5512
5864	32	10	15	5569	0	5626
5865	18	11	20	5480	0	5529
5866	24	5330	13	108	0	5475
5867	21	73	13	5422	0	5529
5868	5368	31	17	91	0	5507
5869	73	5339	19	50	0	5481
5870	5479	76	11	37	0	5603
5871	5558	37	10	26	0	5631
5872	5544	26	11	26	0	5607
5873	108	15	5391	32	0	5546
5874	5396	14	69	26	0	5505
5875	5552	13	25	23	0	5613
5876	5439	9	23	18	0	5489
5877	5518	15	10	18	0	5561
5878	109	5445	12	22	0	5588
5879	5405	67	12	24	0	5508
5880	93	29	5346	21	0	5489
5881	44	24	64	5255	0	5387
5882	28	14	26	5354	0	5422
5883	5430	8	17	92	0	5547
5884	82	5320	9	45	0	5456
5885	5126	60	7	24	0	5217
5886	69	5073	6	19	0	5167
5887	4996	57	4	10	0	5067
5888	4947	22	5	12	0	4986
5889	77	5367	3	7	0	5454
5890	5394	69	4	10	0	5477
5891	5665	22	9	8	0	5704
5892	105	5321	5	4	0	5435
5893	30	5501	7	3	0	5541
5894	5791	83	22	7	0	5903
5895	107	25	6	5948	0	6086
5896	5992	18	2	93	0	6105
5897	6215	12	4	28	0	6259
5898	6355	5	3	16	0	6379
5899	6349	4	1	16	0	6370
5900	145	6123	4	9	0	6281
5901	53	6327	9	6	0	6395
5902	6305	109	6	12	0	6432
5903	124	43	6265	7	0	6439
5904	37	32	94	6180	0	6343
5905	26	13	31	6309	0	6379
5906	6235	14	10	126	0	6385
5907	116	6161	8	49	0	6334
5908	47	100	7	6173	0	6327
5909	28	38	2	6346	0	6414
5910	6292	19	4	134	0	6449
5911	124	11	4	6325	0	6464
5912	6306	18	9	138	0	6471
5913	6368	17	10	48	0	6443
5914	6397	11	6	32	0	6446
5915	164	9	7	6311	0	6491
5916	69	13	5	6341	0	6428
5917	48	8	6578	141	0	6775
5918	36	17	6483	63	0	6599
5919	6604	8	145	30	0	6787
5920	137	12	67	6772	0	6988
5921	71	10	7128	146	0	7355
5922	50	9	7226	70	0	7355
5923	40	10	201	7177	0	7428
5924	30	15	7190	177	0	7412
5925	32	12	187	7171	0	7402
5926	39	13	68	7240	0	7360
5927	34	10	7160	235	0	7439
5928	35	10	181	7230	0	7456
5929	32	11	77	7141	0	7261
5930	37	8	35	7437	0	7517
5931	39	7	7203	251	0	7500
5932	32	12	159	7380	0	7583
5933	7303	16	57	226	0	7602
5934	181	7282	42	109	0	7614
5935	7402	161	26	68	0	7657
5936	205	59	7239	55	0	7558
5937	7338	26	169	62	0	7595
5938	7467	16	84	31	0	7598
5939	7477	15	39	39	0	7570
5940	255	21	26	7242	0	7544
5941	115	22	33	7396	0	7566
5942	77	11	6881	240	0	7209
5943	6702	13	177	109	0	7001
5944	208	6671	73	68	0	7020
5945	82	6390	43	46	0	6561
5946	51	6568	31	48	0	6698
5947	65	197	38	6285	0	6585
5948	6205	75	32	175	0	6487
5949	6298	33	23	92	0	6446
5950	211	22	6125	57	0	6415
5951	92	30	146	6149	0	6417
5952	60	22	65	6245	0	6392
5953	45	22	6082	222	0	6371
5954	47	13	5967	113	0	6140
5955	5942	19	179	69	0	6209
5956	171	5984	78	51	0	6284
5957	6045	151	50	54	0	6300
5958	6149	55	25	53	0	6282
5959	221	23	40	5998	0	6282
5960	106	20	32	6134	0	6292
5961	5965	15	25	220	0	6225
5962	199	19	31	5984	0	6233
5963	97	22	32	6065	0	6216
5964	5968	13	25	229	0	6235
5965	187	17	26	6005	0	6235
5966	6004	15	24	215	0	6258
5967	6128	13	32	102	0	6275
5968	226	13	5924	79	0	6242
5969	5985	14	151	72	0	6222
5970	6040	14	72	58	0	6184
5971	6026	15	48	62	0	6151
5972	243	30	4927	67	0	5267
5973	5769	20	126	52	0	5967
5974	207	5675	64	59	0	6005
5975	5810	142	44	51	0	6047
5976	5921	49	37	49	0	6056
5977	241	24	31	5791	0	6087
5978	135	12	35	5843	0	6025
5979	73	5800	35	229	0	6137
5980	73	138	24	5869	0	6104
5981	66	57	32	5995	0	6150
5982	5862	28	37	231	0	6158
5983	199	24	17	5771	0	6011
5984	103	21	21	5865	0	6010
5985	77	22	24	5812	0	5935
5986	64	5577	20	243	0	5904
5987	5503	142	20	124	0	5789
5988	185	5500	19	102	0	5806
5989	5055	137	22	67	0	5281
5990	181	49	4864	60	0	5154
5991	4611	33	113	61	0	4818
5992	171	17	4622	47	0	4857
5993	87	4454	129	42	0	4712
5994	4114	107	134	37	0	4392
5995	4029	58	39	25	0	4151
5996	151	3852	28	24	0	4055
5997	73	3825	19	29	0	3946
5998	3708	110	24	28	0	3870
5999	3727	43	19	28	0	3817
6000	135	25	15	3659	0	3834
6001	72	17	11	3754	0	3854
6002	42	23	3644	116	0	3825
6003	3593	26	78	51	0	3748
6004	112	11	35	3581	0	3739
6005	64	3608	19	100	0	3791
6006	48	81	11	3623	0	3763
6007	35	36	12	3660	0	3743
6008	33	18	3527	131	0	3709
6009	38	25	79	3531	0	3673
6010	3489	15	31	106	0	3641
6011	90	3385	16	56	0	3547
6012	54	3400	14	32	0	3500
6013	3383	98	11	28	0	3520
6014	3437	45	15	29	0	3526
6015	3420	25	14	23	0	3482
6016	125	3247	10	25	0	3407
6017	31	3012	8	12	0	3063
6018	3142	64	21	8	0	3235
6019	3202	21	17	11	0	3251
6020	88	3026	10	14	0	3138
6021	9	2644	1	5	0	2659
6022	2575	36	16	6	0	2633
6023	40	10	3	2552	0	2605
6024	2574	4	1	34	0	2613
6025	39	9	0	2600	0	2648
6026	11	2615	1	40	0	2667
6027	6	2653	1	10	0	2670
6028	2750	43	4	3	0	2800
6029	2773	12	2	11	0	2798
6030	2846	7	3	3	0	2859
6031	53	2808	0	6	0	2867
6032	13	42	2652	3	0	2710
6033	4	2677	35	7	0	2723
6034	2620	45	14	4	0	2683
6035	2543	12	5	8	0	2568
6036	46	7	2515	4	0	2572
6037	8	2466	32	4	0	2510
6038	9	35	8	2475	0	2527
6039	6	8	0	2439	0	2453
6040	8	2307	3	36	0	2354
6041	7	42	2435	5	0	2489
6042	2466	12	34	3	0	2515
6043	41	8	5	2482	0	2536
6044	2497	3	3	35	0	2538
6045	2537	5	2	11	0	2555
6046	48	5	3	2598	0	2654
6047	11	9	3	2779	0	2802
6048	10	4	2	2822	0	2838
6049	5	5	3	2834	0	2847
6050	2777	6	2	54	0	2839
6051	2808	6	5	16	0	2835
6052	56	5	2797	11	0	2869
6053	14	6	41	2819	0	2880
6054	14	4	8	2844	0	2870
6055	15	6	2	2858	0	2881
6056	9	6	2786	55	0	2856
6057	10	7	39	2754	0	2810
6058	2752	3	14	52	0	2821
6059	52	6	1	2747	0	2806
6060	19	5	2747	52	0	2823
6061	10	5	44	2763	0	2822
6062	11	7	2791	47	0	2856
6063	2835	6	41	23	0	2905
6064	53	4	14	2855	0	2926
6065	2843	7	4	59	0	2913
6066	2824	8	9	20	0	2861
6067	62	5	6	2805	0	2878
6068	2869	2	7	59	0	2937
6069	56	4	1	2871	0	2932
6070	20	2978	6	56	0	3060
6071	3068	49	6	26	0	3149
6072	3089	15	7	13	0	3124
6073	3110	5	6	13	0	3134
6074	78	5	4	3040	0	3127
6075	29	2	3	3068	0	3102
6076	16	8	4	3081	0	3109
6077	14	5	2954	75	0	3048
6078	18	2892	49	26	0	2985
6079	15	52	11	2860	0	2938
6080	15	13	2832	63	0	2923
6081	2806	7	56	22	0	2891
6082	64	4	17	2832	0	2917
6083	24	2	2808	69	0	2903
6084	2842	2	56	31	0	2931
6085	60	3	13	2905	0	2981
6086	14	4	11	2941	0	2970
6087	11	4	6	2956	0	2977
6088	2913	4	7	77	0	3001
6089	2962	2	6	31	0	3001
6090	2927	2	8	20	0	2957
6091	65	2799	7	21	0	2892
6092	24	2864	10	14	0	2912
6093	2869	51	7	18	0	2945
6094	65	11	2850	19	0	2945
6095	25	11	43	2821	0	2900
6096	15	6	13	2868	0	2902
6097	2817	2	5	65	0	2889
6098	2795	2	5	22	0	2824
6099	63	2752	7	19	0	2841
6100	19	45	5	2817	0	2886
6101	16	11	2760	59	0	2846
6102	16	6	2779	26	0	2827
6103	16	7	52	2806	0	2881
6104	13	6	14	2870	0	2903
6105	2796	3	9	70	0	2878
6106	53	1	11	2832	0	2897
6107	2907	4	10	63	0	2984
6108	2906	4	5	30	0	2945
6109	58	7	2877	23	0	2965
6110	2894	3	48	19	0	2964
6111	2937	2	13	19	0	2971
6112	2947	2	12	25	0	2986
6113	64	2874	12	18	0	2968
6114	23	2885	7	23	0	2938
6115	20	57	10	2862	0	2949
6116	20	8	2842	57	0	2927
6117	13	2708	41	24	0	2786
6118	23	52	14	2540	0	2629
6119	12	13	8	2509	0	2542
6120	13	2501	7	42	0	2563
6121	2511	29	5	15	0	2560
6122	2528	10	4	13	0	2555
6123	45	10	2547	6	0	2608
6124	2480	9	29	12	0	2530
6125	38	3	2441	11	0	2493
6126	2322	4	25	10	0	2361
6127	38	2	2350	12	0	2402
6128	16	2264	23	9	0	2312
6129	23	19	22	2174	0	2238
6130	8	6	5	2187	0	2206
6131	2194	4	6	27	0	2231
6132	2210	4	3	14	0	2231
6133	2199	4	4	10	0	2217
6134	29	0	2227	10	0	2266
6135	16	3	21	2226	0	2266
6136	10	3	9	2288	0	2310
6137	2282	0	7	30	0	2319
6138	25	2312	6	12	0	2355
6139	2431	18	3	14	0	2466
6140	20	7	3	2489	0	2519
6141	13	3	2	2554	0	2572
6142	13	3	1	2546	0	2563
6143	11	2	2	2565	0	2580
6144	12	10	0	2545	0	2567
6145	7	2492	0	31	0	2530
6146	9	2392	1	8	0	2410
6147	5	2272	1	2	0	2280
6148	8	21	4	2260	0	2293
6149	2	2	2231	16	0	2251
6150	2124	2	13	7	0	2146
6151	16	2309	3	1	0	2329
6152	11	12	2	2317	0	2342
6153	2	7	1	2343	0	2353
6154	2385	2	1	22	0	2410
6155	2374	1	2	9	0	2386
6156	2411	0	3	4	0	2418
6157	22	0	0	2486	0	2508
6158	7	1	2507	21	0	2536
6159	7	1	2587	3	0	2598
6160	2	2	22	2612	0	2638
6161	3	1	2626	21	0	2651
6162	2526	1	21	9	0	2557
6163	22	1	8	2547	0	2578
6164	11	2	2577	20	0	2610
6165	5	1	19	2548	0	2573
6166	4	0	2644	23	0	2671
6167	3	2	2762	9	0	2776
6168	3	10	31	2902	0	2946
6169	1	1	3045	31	0	3078
6170	2	2	2906	9	0	2919
6171	0	2860	36	1	0	2897
6172	3	30	14	2976	0	3023
6173	3110	10	6	33	0	3159
6174	29	4	1	3100	0	3134
6175	9	2	0	3210	0	3221
6176	5	1	3166	42	0	3214
6177	3069	0	26	16	0	3111
6178	27	0	10	3226	0	3263
6179	13	1	5	3294	0	3313
6180	3256	0	5	39	0	3300
6181	33	0	0	3281	0	3314
6182	3304	0	2	38	0	3344
6183	3289	0	2	16	0	3307
6184	3303	1	1	4	0	3309
6185	38	3216	1	5	0	3260
6186	3289	28	0	3	0	3320
6187	34	3275	0	3	0	3312
6188	15	32	1	3310	0	3358
6189	3314	16	1	34	0	3365
6190	38	3312	1	10	0	3361
6191	3344	37	1	7	0	3389
6192	37	3327	0	7	0	3371
6193	3332	39	1	2	0	3374
6194	38	3262	0	3	0	3303
6195	17	3324	1	3	0	3345
6196	7	3486	0	6	0	3499
6197	6	44	0	3439	0	3489
6198	1	3526	1	32	0	3560
6199	4	40	0	3517	0	3561
6200	1	17	2	3535	0	3555
6201	2	4	2	3522	0	3530
6202	3	5	1	3511	0	3520
6203	3483	3	1	58	0	3545
6204	3546	2	1	19	0	3568
6205	53	2	3510	10	0	3575
6206	3600	3	40	11	0	3654
6207	3802	1	10	6	0	3819
6208	3930	1	8	6	0	3945
6209	69	3	3884	3	0	3959
6210	21	0	3909	9	0	3939
6211	3916	2	68	4	0	3990
6212	65	0	4031	2	0	4098
6213	14	4218	62	13	0	4307
6214	13	60	19	4285	0	4377
6215	4363	15	6	64	0	4448
6216	4395	10	8	19	0	4432
6217	4410	7	6	16	0	4439
6218	86	3	8	4391	0	4488
6219	32	4	4	4467	0	4507
6220	19	4	4483	80	0	4586
6221	8	4	62	4523	0	4597
6222	9	5	18	4615	0	4647
6223	4513	2	13	91	0	4619
6224	73	4524	6	31	0	4634
6225	4593	68	6	18	0	4685
6226	87	16	2	4618	0	4723
6227	4567	14	7	72	0	4660
6228	4565	6	7	25	0	4603
6229	4490	5	9	19	0	4523
6230	85	4441	9	14	0	4549
6231	36	4529	4	11	0	4580
6232	19	80	7	4515	0	4621
6233	4555	24	8	73	0	4660
6234	75	16	8	4499	0	4598
6235	28	6	5	4571	0	4610
6236	27	6	4506	85	0	4624
6237	19	5	66	4485	0	4575
6238	15	7	15	4514	0	4551
6239	11	4	12	4489	0	4516
6240	11	9	4382	90	0	4492
6241	9	8	4310	43	0	4370
6242	13	4318	71	34	0	4436
6243	4328	70	28	17	0	4443
6244	82	21	17	4367	0	4487
6245	26	13	4399	82	0	4520
6246	28	4	62	4393	0	4487
6247	16	3	19	4642	0	4680
6248	4591	4	13	94	0	4702
6249	4619	5	10	33	0	4667
6250	93	4558	10	26	0	4687
6251	4512	78	9	15	0	4614
6252	4536	16	10	14	0	4576
6253	94	16	4	4487	0	4601
6254	35	10	4433	77	0	4555
6255	21	4459	63	30	0	4573
6256	4476	67	23	24	0	4590
6257	4561	18	14	22	0	4615
6258	85	4634	7	13	0	4739
6259	38	71	7	4773	0	4889
6260	4922	12	6	97	0	5037
6261	4989	12	7	30	0	5038
6262	102	11	9	4988	0	5110
6263	5021	10	9	109	0	5149
6264	5364	7	9	27	0	5407
6265	5447	7	11	23	0	5488
6266	118	8	5416	25	0	5567
6267	44	5258	78	20	0	5400
6268	28	5323	19	21	0	5391
6269	5186	81	16	8	0	5291
6270	94	5203	9	14	0	5320
6271	33	88	5156	10	0	5287
6272	28	20	81	5194	0	5323
6273	5159	19	11	91	0	5280
6274	97	5	12	5138	0	5252
6275	5147	10	8	104	0	5269
6276	5185	6	4	24	0	5219
6277	5189	8	3	20	0	5220
6278	108	5017	12	15	0	5152
6279	31	5244	7	17	0	5299
6280	5223	90	10	17	0	5340
6281	5195	22	7	23	0	5247
6282	5251	10	9	22	0	5292
6283	114	13	8	5183	0	5318
6284	5160	10	6	94	0	5270
6285	113	5041	13	19	0	5186
6286	30	5233	5	23	0	5291
6287	26	91	7	5164	0	5288
6288	28	22	5102	88	0	5240
6289	33	18	5086	18	0	5155
6290	25	13	84	5107	0	5229
6291	23	12	5133	84	0	5252
6292	26	12	86	5126	0	5250
6293	5195	11	13	95	0	5314
6294	98	9	10	5153	0	5270
6295	5105	11	6	98	0	5220
6296	101	4994	10	22	0	5127
6297	32	84	5051	19	0	5186
6298	30	20	82	4953	0	5085
6299	16	24	18	5125	0	5183
6300	22	10	5101	96	0	5229
6301	26	9	82	5003	0	5120
6302	28	5130	15	94	0	5267
6303	30	82	10	5215	0	5337
6304	27	15	8	5270	0	5320
6305	30	19	4	5410	0	5463
6306	25	10	5288	108	0	5431
6307	18	7	5034	32	0	5091
6308	4792	8	84	23	0	4907
6309	94	8	4806	13	0	4921
6310	24	4807	81	12	0	4924
6311	4802	74	25	10	0	4911
6312	82	4801	12	14	0	4909
6313	4621	71	33	13	0	4738
6314	4650	18	10	13	0	4691
6315	4622	14	10	11	0	4657
6316	4635	5	12	16	0	4668
6317	92	4466	10	16	0	4584
6318	27	4565	12	10	0	4614
6319	4579	76	10	11	0	4676
6320	86	20	4477	11	0	4594
6321	28	21	62	4424	0	4535
6322	21	17	20	4519	0	4577
6323	25	9	4471	81	0	4586
6324	4330	9	64	22	0	4425
6325	4466	13	16	14	0	4509
6326	4454	14	14	13	0	4495
6327	86	4385	7	16	0	4494
6328	4544	68	8	17	0	4637
6329	82	23	14	4431	0	4550
6330	23	4763	7	72	0	4865
6331	4847	75	14	24	0	4960
6332	4920	24	12	22	0	4978
6333	5190	18	12	15	0	5235
6334	115	16	7	5159	0	5297
6335	57	7	13	5161	0	5238
6336	39	5036	9	95	0	5179
6337	45	81	5078	44	0	5248
6338	24	34	76	5110	0	5244
6339	24	18	29	5079	0	5150
6340	28	16	15	5234	0	5293
6341	21	12	5115	124	0	5272
6342	5099	13	86	54	0	5252
6343	96	14	29	5229	0	5368
6344	43	8	5245	97	0	5393
6345	30	12	94	5207	0	5343
6346	5284	10	33	121	0	5448
6347	103	5248	23	52	0	5426
6348	35	91	16	5367	0	5509
6349	27	35	5366	108	0	5536
6350	5211	16	100	59	0	5386
6351	5369	15	39	32	0	5455
6352	130	14	5335	26	0	5505
6353	58	27	103	5098	0	5286
6354	40	5245	34	103	0	5422
6355	5321	100	26	35	0	5482
6356	119	32	5217	26	0	5394
6357	5091	24	97	22	0	5234
6358	124	14	5015	22	0	5175
6359	71	20	4758	15	0	4864
6360	4639	9	103	16	0	4767
6361	94	4695	51	10	0	4850
6362	58	72	4646	18	0	4794
6363	28	4521	79	32	0	4660
6364	37	80	4373	22	0	4512
6365	12	4355	82	16	0	4465
6366	4153	82	45	21	0	4301
6367	73	24	4112	15	0	4224
6368	29	19	4076	10	0	4134
6369	28	7	3996	13	0	4044
6370	3866	16	87	10	0	3979
6371	3914	7	39	7	0	3967
6372	78	8	19	3829	0	3934
6373	35	7	3922	58	0	4022
6374	25	5	3918	26	0	3974
6375	3919	8	69	17	0	4013
6376	62	4	38	3966	0	4070
6377	3970	3	20	59	0	4052
6378	3995	5	11	26	0	4037
6379	82	4	12	3799	0	3897
6380	40	3800	15	58	0	3913
6381	25	52	13	3859	0	3949
6382	16	26	7	3897	0	3946
6383	16	16	3841	74	0	3947
6384	16	3743	57	40	0	3856
6385	13	3843	25	27	0	3908
6386	7	68	22	3755	0	3852
6387	13	33	3781	56	0	3883
6388	12	3777	60	28	0	3877
6389	11	57	3800	19	0	3887
6390	3718	29	70	16	0	3833
6391	3817	19	32	16	0	3884
6392	76	17	3775	9	0	3877
6393	3724	13	64	10	0	3811
6394	69	7	34	3784	0	3894
6395	37	3898	29	54	0	4018
6396	29	53	15	3959	0	4056
6397	3863	19	14	65	0	3961
6398	3922	13	18	24	0	3977
6399	3907	9	13	21	0	3950
6400	3839	10	8	17	0	3874
6401	87	3800	20	18	0	3925
6402	50	3785	9	7	0	3851
6403	3764	60	12	13	0	3849
6404	67	29	3784	12	0	3892
6405	33	66	50	3699	0	3848
6406	20	3929	34	57	0	4040
6407	17	61	13	3888	0	3979
6408	13	3976	13	61	0	4063
6409	11	68	12	4003	0	4094
6410	10	19	3986	76	0	4091
6411	3928	16	67	31	0	4042
6412	4009	13	19	17	0	4058
6413	77	14	3950	10	0	4051
6414	3952	7	70	9	0	4038
6415	4001	7	27	9	0	4044
6416	86	8	3916	5	0	4015
6417	44	8	68	3860	0	3980
6418	3923	4	26	62	0	4015
6419	79	7	3889	21	0	3996
6420	32	11	74	3819	0	3936
6421	24	3	3962	70	0	4059
6422	17	7	3945	29	0	3998
6423	3938	10	85	20	0	4053
6424	4079	6	27	11	0	4123
6425	4106	5	19	11	0	4141
6426	4235	6	18	6	0	4265
6427	100	15	9	4106	0	4230
6428	39	3913	14	70	0	4036
6429	29	4037	12	21	0	4099
6430	17	75	8	3774	0	3874
6431	3806	14	10	64	0	3894
6432	70	3687	6	12	0	3775
6433	12	3603	4	12	0	3631
6434	3555	69	4	5	0	3633
6435	68	14	3	3551	0	3636
6436	3578	5	7	63	0	3653
6437	67	3564	2	15	0	3648
6438	3615	58	10	7	0	3690
6439	68	12	3770	4	0	3854
6440	4149	9	68	3	0	4229
6441	4311	5	14	5	0	4335
6442	4420	2	9	2	0	4433
6443	105	8	3975	8	0	4096
6444	4261	9	66	5	0	4341
6445	95	4267	13	6	0	4381
6446	23	67	4216	10	0	4316
6447	17	23	80	4016	0	4136
6448	17	7	25	3950	0	3999
6449	11	3986	9	79	0	4085
6450	12	65	8	4026	0	4111
6451	8	14	8	4091	0	4121
6452	8	4	3941	87	0	4040
6453	3849	6	71	21	0	3947
6454	72	5	3978	13	0	4068
6455	21	2	74	3981	0	4078
6456	12	6	4042	80	0	4140
6457	11	0	81	4051	0	4143
6458	4103	5	22	80	0	4210
6459	4264	3	7	24	0	4298
6460	96	4	14	4218	0	4332
6461	28	1	4235	93	0	4357
6462	17	3	87	4226	0	4333
6463	12	4	4180	87	0	4283
6464	4091	4	81	27	0	4203
6465	4231	6	24	11	0	4272
6466	4144	6	8	17	0	4175
6467	4135	8	12	10	0	4165
6468	109	3972	6	13	0	4100
6469	28	83	9	4011	0	4131
6470	3955	22	9	88	0	4074
6471	98	3908	7	25	0	4038
6472	33	4055	10	14	0	4112
6473	25	96	3851	18	0	3990
6474	3874	18	89	9	0	3990
6475	3968	13	20	12	0	4013
6476	112	8	3831	16	0	3967
6477	38	7	97	3809	0	3951
6478	30	8	24	3929	0	3991
6479	27	9	3852	101	0	3989
6480	24	4	101	3829	0	3958
6481	3838	8	24	103	0	3973
6482	97	7	3763	32	0	3899
6483	39	8	3860	16	0	3923
6484	3804	3	102	21	0	3930
6485	108	7	3844	20	0	3979
6486	3808	9	104	15	0	3936
6487	106	3787	26	21	0	3940
6488	3841	89	24	12	0	3966
6489	109	18	14	3825	0	3966
6490	41	12	14	3896	0	3963
6491	3830	14	12	108	0	3964
6492	109	12	12	3820	0	3953
6493	3813	13	13	101	0	3940
6494	104	3833	11	32	0	3980
6495	46	88	16	3698	0	3848
6496	24	23	8	3807	0	3862
6497	3732	13	12	106	0	3863
6498	3753	15	13	32	0	3813
6499	3751	10	9	23	0	3793
6500	128	3558	10	19	0	3715
6501	43	3635	16	16	0	3710
6502	3590	90	11	17	0	3708
6503	106	16	3514	19	0	3655
6504	39	3444	86	19	0	3588
6505	3182	90	65	30	0	3367
6506	3106	17	25	8	0	3156
6507	3067	14	13	7	0	3101
6508	93	12	6	2961	0	3072
6509	2991	9	9	76	0	3085
6510	3005	6	14	18	0	3043
6511	99	8	2	2890	0	2999
6512	2921	10	10	75	0	3016
6513	90	6	2808	15	0	2919
6514	38	7	62	2837	0	2944
6515	24	8	17	2893	0	2942
6516	26	4	16	2954	0	3000
6517	2898	5	13	94	0	3010
6518	2994	4	7	35	0	3040
6519	2988	9	7	22	0	3026
6520	2982	4	6	28	0	3020
6521	2871	6	8	27	0	2912
6522	92	2	16	2754	0	2864
6523	41	1	7	2815	0	2864
6524	2728	2	15	74	0	2819
6525	74	2667	7	23	0	2771
6526	2632	58	9	15	0	2714
6527	77	13	2496	19	0	2605
6528	2662	6	53	14	0	2735
6529	2816	11	11	16	0	2854
6530	95	3	2954	16	0	3068
6531	3045	3	76	14	0	3138
6532	95	1	3075	13	0	3184
6533	42	3	3203	11	0	3259
6534	29	15	96	3198	0	3338
6535	31	5	35	3359	0	3430
6536	24	3	3295	99	0	3421
6537	42	3	3302	29	0	3376
6538	11	3143	85	21	0	3260
6539	10	3071	27	25	0	3133
6540	2593	63	33	7	0	2696
6541	52	2696	20	6	0	2774
6542	2603	53	10	8	0	2674
6543	50	2555	9	11	0	2625
6544	2550	49	17	3	0	2619
6545	55	24	2432	4	0	2515
6546	2458	13	49	6	0	2526
6547	56	14	19	2412	0	2501
6548	30	2464	9	49	0	2552
6549	17	51	12	2506	0	2586
6550	2487	28	8	52	0	2575
6551	2539	13	6	19	0	2577
6552	74	19	7	2470	0	2570
6553	31	8	2445	50	0	2534
6554	25	7	2428	20	0	2480
6555	17	2466	52	14	0	2549
6556	11	65	25	2446	0	2547
6557	10	18	2450	48	0	2526
6558	15	2301	47	19	0	2382
6559	18	44	22	2273	0	2357
6560	8	16	6	2314	0	2344
6561	2193	4	14	59	0	2270
6562	37	11	9	2198	0	2255
6563	18	6	2169	50	0	2243
6564	10	2	37	2187	0	2236
6565	2146	4	20	44	0	2214
6566	38	6	2163	28	0	2235
6567	2142	4	42	15	0	2203
6568	40	2199	18	17	0	2274
6569	2276	40	7	8	0	2331
6570	2276	19	6	10	0	2311
6571	57	4	10	2228	0	2299
6572	24	7	5	2241	0	2277
6573	21	2179	4	54	0	2258
6574	13	37	5	2260	0	2315
6575	2220	18	5	49	0	2292
6576	43	9	2193	26	0	2271
6577	28	7	36	2185	0	2256
6578	13	2198	16	47	0	2274
6579	16	38	4	2258	0	2316
6580	4	20	8	2289	0	2321
6581	2236	8	3	62	0	2309
6582	44	2216	0	28	0	2288
6583	26	35	1	2233	0	2295
6584	2205	14	9	47	0	2275
6585	45	8	4	2223	0	2280
6586	17	12	1	2267	0	2297
6587	2283	5	2	72	0	2362
6588	2282	1	3	32	0	2318
6589	61	5	2251	15	0	2332
6590	2263	6	36	13	0	2318
6591	2319	5	15	15	0	2354
6592	2345	3	5	11	0	2364
6593	64	2202	7	12	0	2285
6594	26	2225	4	10	0	2265
6595	25	43	3	2222	0	2293
6596	2232	22	8	36	0	2298
6597	2259	11	7	21	0	2298
6598	62	4	4	2226	0	2296
6599	35	3	2275	43	0	2356
6600	2309	3	37	20	0	2369
6601	2413	9	17	11	0	2450
6602	59	8	6	2357	0	2430
6603	27	2	8	2389	0	2426
6604	2377	1	5	54	0	2437
6605	56	6	2	2346	0	2410
6606	26	2380	3	53	0	2462
6607	13	39	10	2465	0	2527
6608	2472	20	3	40	0	2535
6609	54	8	2415	28	0	2505
6610	2355	9	34	21	0	2419
6611	49	3	2393	16	0	2461
6612	32	2	39	2414	0	2487
6613	2453	4	25	48	0	2530
6614	45	6	7	2485	0	2543
6615	27	4	9	2515	0	2555
6616	2461	3	4	67	0	2535
6617	47	3	2434	28	0	2512
6618	28	3	2500	19	0	2550
6619	14	1	50	2555	0	2620
6620	12	3	24	2632	0	2671
6621	9	3	15	2665	0	2692
6622	11	3	2607	68	0	2689
6623	2564	2	39	39	0	2644
6624	2687	5	23	17	0	2732
6625	2709	4	13	14	0	2740
6626	2697	1	14	15	0	2727
6627	64	2585	3	15	0	2667
6628	38	2587	2	14	0	2641
6629	11	2555	7	18	0	2591
6630	12	32	12	2214	0	2270
6631	17	3	7	2217	0	2244
6632	12	0	2128	21	0	2161
6633	7	1938	15	11	0	1971
6634	15	12	4	1820	0	1851
6635	1794	2	3	12	0	1811
6636	9	1798	2	4	0	1813
6637	2	12	1	1792	0	1807
6638	2	1835	0	15	0	1852
6639	1879	12	0	3	0	1894
6640	12	6	3	1883	0	1904
6641	3	0	1854	14	0	1871
6642	6	0	1838	2	0	1846
6643	2	5	12	1901	0	1920
6644	1	1	2	1908	0	1912
6645	3	0	0	1977	0	1980
6646	1965	2	0	18	0	1985
6647	13	2	1967	3	0	1985
6648	3	1911	13	2	0	1929
6649	2	11	3	1925	0	1941
6650	0	2	1935	15	0	1952
6651	2	1925	11	4	0	1942
6652	1	15	5	1980	0	2001
6653	1	3	1975	14	0	1993
6654	4	2	11	1939	0	1956
6655	1	0	3	1974	0	1978
6656	2003	1	2	14	0	2020
6657	1996	1	0	3	0	2000
6658	13	1	1	1993	0	2008
6659	2000	0	2	15	0	2017
6660	13	0	2032	4	0	2049
6661	5	1	12	2043	0	2061
6662	2	0	2094	17	0	2113
6663	1	0	15	2131	0	2147
6664	3	2120	2	16	0	2141
6665	4	2144	2	3	0	2153
6666	1	2204	1	2	0	2208
6667	2	20	1	2231	0	2254
6668	1	3	2	2486	0	2492
6669	1	1	2474	27	0	2503
6670	0	2	2509	6	0	2517
6671	1	1	2625	8	0	2635
6672	2765	0	34	0	0	2799
6673	35	0	9	2866	0	2910
6674	2931	0	5	42	0	2978
6675	49	3039	2	6	0	3096
6676	5	52	1	3082	0	3140
6677	3160	9	1	53	0	3223
6678	53	11	0	3168	0	3232
6679	3167	1	1	63	0	3232
6680	67	1	3196	13	0	3277
6681	10	3232	50	12	0	3304
6682	14	50	11	3269	0	3344
6683	3276	10	10	59	0	3355
6684	3343	12	1	19	0	3375
6685	61	2	4	3331	0	3398
6686	22	1	10	3375	0	3408
6687	3273	3	7	62	0	3345
6688	54	0	3	3270	0	3327
6689	19	0	3226	72	0	3317
6690	18	3217	52	15	0	3302
6691	7	55	13	3265	0	3340
6692	3265	12	17	63	0	3357
6693	3326	14	2	12	0	3354
6694	68	1	3333	27	0	3429
6695	32	3274	57	9	0	3372
6696	16	3437	15	10	0	3478
6697	8	65	13	3430	0	3516
6698	12	20	3	3492	0	3527
6699	12	13	5	3443	0	3473
6700	11	7	4	3468	0	3490
6701	6	3356	8	87	0	3457
6702	10	63	3	3405	0	3481
6703	14	15	0	3479	0	3508
6704	3397	10	5	82	0	3494
6705	3410	4	8	30	0	3452
6706	72	3369	3	26	0	3470
6707	3438	59	4	20	0	3521
6708	3463	16	1	14	0	3494
6709	3469	12	2	14	0	3497
6710	85	4	3373	10	0	3472
6711	29	14	55	3369	0	3467
6712	20	8	14	3483	0	3525
6713	10	3	3387	87	0	3487
6714	18	2	60	3342	0	3422
6715	11	4	24	3231	0	3270
6716	3330	11	20	81	0	3442
6717	68	14	3294	33	0	3409
6718	23	6	56	3226	0	3311
6719	3197	2	19	75	0	3293
6720	65	3188	17	31	0	3301
6721	3191	60	1	32	0	3284
6722	3183	25	1	14	0	3223
6723	75	3101	7	23	0	3206
6724	34	58	2	3147	0	3241
6725	3137	17	6	70	0	3230
6726	66	3123	9	23	0	3221
6727	31	62	5	3141	0	3239
6728	3072	19	3	70	0	3164
6729	3068	16	8	23	0	3115
6730	82	3004	2	24	0	3112
6731	3066	58	8	14	0	3146
6732	82	22	3	3045	0	3152
6733	3047	17	5	79	0	3148
6734	77	1	3013	31	0	3122
6735	28	4	55	3038	0	3125
6736	16	10	21	3046	0	3093
6737	2977	4	15	84	0	3080
6738	67	2918	9	38	0	3032
6739	2892	60	5	28	0	2985
6740	78	2876	4	20	0	2978
6741	30	67	2793	10	0	2900
6742	25	22	2789	11	0	2847
6743	25	33	58	2734	0	2850
6744	14	11	2781	63	0	2869
6745	16	9	60	2784	0	2869
6746	11	10	15	2792	0	2828
6747	17	10	13	2839	0	2879
6748	2848	9	4	87	0	2948
6749	2862	3	1	36	0	2902
6750	2929	7	4	22	0	2962
6751	89	2912	4	14	0	3019
6752	37	3177	7	18	0	3239
6753	26	72	3330	19	0	3447
6754	18	28	71	3400	0	3517
6755	14	20	3413	83	0	3530
6756	13	11	87	3391	0	3502
6757	11	4	31	3475	0	3521
6758	19	6	26	3467	0	3518
6759	11	11	3351	124	0	3497
6760	17	6	79	3347	0	3449
6761	3290	14	26	110	0	3440
6762	77	3206	28	51	0	3362
6763	29	73	21	3256	0	3379
6764	3230	24	8	99	0	3361
6765	3250	21	17	40	0	3328
6766	100	9	9	3154	0	3272
6767	52	6	8	3110	0	3176
6768	2864	3	4	105	0	2976
6769	88	3	8	2843	0	2942
6770	2662	8	3	93	0	2766
6771	84	5	4	2604	0	2697
6772	40	0	2405	75	0	2520
6773	27	2255	43	41	0	2366
6774	21	2321	17	30	0	2389
6775	26	44	29	2151	0	2250
6776	31	20	19	2169	0	2239
6777	2102	9	6	61	0	2178
6778	38	7	7	2127	0	2179
6779	17	7	4	2127	0	2155
6780	12	8	6	2016	0	2042
6781	10	1952	3	61	0	2026
6782	8	28	4	2016	0	2056
6783	9	11	3	2020	0	2043
6784	12	9	3	1998	0	2022
6785	1902	9	9	69	0	1989
6786	29	1905	6	41	0	1981
6787	15	36	0	1951	0	2002
6788	9	18	1	1969	0	1997
6789	13	6	1	1984	0	2004
6790	1906	5	1	75	0	1987
6791	42	2	4	1924	0	1972
6792	25	7	0	1903	0	1935
6793	13	10	1788	62	0	1873
6794	7	1726	26	40	0	1799
6795	8	32	9	1754	0	1803
6796	1695	9	8	50	0	1762
6797	30	1708	5	32	0	1775
6798	1672	32	2	26	0	1732
6799	1694	13	5	24	0	1736
6800	38	17	5	1662	0	1722
6801	22	13	4	1689	0	1728
6802	19	4	1683	52	0	1758
6803	11	5	26	1724	0	1766
6804	19	5	1707	47	0	1778
6805	12	9	31	1752	0	1804
6806	1667	4	15	54	0	1740
6807	33	1688	10	37	0	1768
6808	18	34	8	1759	0	1819
6809	14	14	4	1769	0	1801
6810	15	11	7	1765	0	1798
6811	11	8	6	1780	0	1805
6812	1728	2	8	60	0	1798
6813	33	1707	5	37	0	1782
6814	12	31	6	1784	0	1833
6815	1761	10	10	60	0	1841
6816	33	10	1739	38	0	1820
6817	1742	5	29	31	0	1807
6818	1780	7	11	27	0	1825
6819	46	8	1730	29	0	1813
6820	26	8	33	1750	0	1817
6821	1779	10	14	41	0	1844
6822	38	1811	9	40	0	1898
6823	1882	29	10	24	0	1945
6824	1901	14	4	23	0	1942
6825	1918	12	4	19	0	1953
6826	60	10	4	1870	0	1944
6827	32	5	4	1984	0	2025
6828	25	2130	4	59	0	2218
6829	29	37	3	2180	0	2249
6830	2184	18	7	52	0	2261
6831	49	6	2148	33	0	2236
6832	2147	11	33	32	0	2223
6833	2228	9	13	26	0	2276
6834	55	11	5	2181	0	2252
6835	30	9	9	2217	0	2265
6836	2200	7	4	60	0	2271
6837	2228	3	4	32	0	2267
6838	2069	3	15	35	0	2122
6839	59	6	2159	27	0	2251
6840	33	2133	33	26	0	2225
6841	2172	41	11	22	0	2246
6842	54	14	9	2152	0	2229
6843	30	2153	9	53	0	2245
6844	36	42	6	2143	0	2227
6845	2144	14	7	55	0	2220
6846	48	15	7	2147	0	2217
6847	30	16	2116	57	0	2219
6848	21	2055	24	42	0	2142
6849	21	2125	10	32	0	2188
6850	21	36	1995	25	0	2077
6851	1750	55	70	27	0	1902
6852	31	1707	16	14	0	1768
6853	24	27	8	1438	0	1497
6854	1436	8	1	12	0	1457
6855	12	1411	2	9	0	1434
6856	9	7	2	1428	0	1446
6857	1434	5	2	13	0	1454
6858	12	3	3	1438	0	1456
6859	1445	2	4	12	0	1463
6860	15	3	1451	8	0	1477
6861	8	1465	8	8	0	1489
6862	1536	13	4	5	0	1558
6863	1511	4	2	9	0	1526
6864	1515	4	0	4	0	1523
6865	17	1	1462	6	0	1486
6866	1465	4	7	5	0	1481
6867	1502	1	5	4	0	1512
6868	16	4	1	1499	0	1520
6869	1497	2	2	11	0	1512
6870	14	1474	3	8	0	1499
6871	10	10	3	1494	0	1517
6872	9	5	1494	11	0	1519
6873	7	2	11	1483	0	1503
6874	3	3	6	1495	0	1507
6875	1492	2	3	17	0	1514
6876	1493	3	2	11	0	1509
6877	18	3	1467	6	0	1494
6878	1449	1	11	3	0	1464
6879	15	3	1473	3	0	1494
6880	11	2	10	1465	0	1488
6881	9	3	1473	13	0	1498
6882	3	1	14	1465	0	1483
6883	8	1478	5	15	0	1506
6884	7	7	1499	8	0	1521
6885	7	6	1540	5	0	1558
6886	6	4	24	1358	0	1392
6887	1569	2	9	10	0	1590
6888	1577	1	5	7	0	1590
6889	1580	3	4	6	0	1593
6890	19	1	5	1561	0	1586
6891	12	0	2	1579	0	1593
6892	10	2	0	1588	0	1600
6893	5	0	2	1586	0	1593
6894	6	1	1553	19	0	1579
6895	5	1	7	1542	0	1555
6896	3	1528	8	17	0	1556
6897	5	10	3	1540	0	1558
6898	1550	7	5	16	0	1578
6899	14	3	1531	11	0	1559
6900	1494	2	12	7	0	1515
6901	14	2	1593	6	0	1615
6902	9	2	1586	4	0	1601
6903	5	1586	23	2	0	1616
6904	8	13	11	1499	0	1531
6905	2	10	6	1578	0	1596
6906	3	1456	9	24	0	1492
6907	1700	17	5	10	0	1732
6908	25	12	2	1793	0	1832
6909	11	2	4	1965	0	1982
6910	6	1	2	2058	0	2067
6911	2259	6	1	49	0	2315
6912	2411	1	2	24	0	2438
6913	59	0	1	2385	0	2445
6914	24	2	1	2391	0	2418
6915	2345	1	6	64	0	2416
6916	52	1	2	2349	0	2404
6917	23	2	0	2387	0	2412
6918	9	1	1	2417	0	2428
6919	5	1	2316	71	0	2393
6920	2250	2	39	30	0	2321
6921	2299	0	14	23	0	2336
6922	59	0	2210	15	0	2284
6923	30	20	42	2072	0	2164
6924	13	2146	20	41	0	2220
6925	2127	39	7	22	0	2195
6926	46	2130	4	17	0	2197
6927	13	2035	13	14	0	2075
6928	15	53	9	1869	0	1946
6929	1864	19	6	44	0	1933
6930	1922	8	2	22	0	1954
6931	54	5	3	1891	0	1953
6932	22	6	2	1915	0	1945
6933	14	5	3	1906	0	1928
6934	14	4	1	1901	0	1920
6935	8	6	1	1884	0	1899
6936	4	1815	2	66	0	1887
6937	11	38	0	1861	0	1910
6938	1836	14	0	56	0	1906
6939	1867	6	1	33	0	1907
6940	1881	5	0	24	0	1910
6941	65	1828	2	15	0	1910
6942	28	35	4	1831	0	1898
6943	23	14	1809	50	0	1896
6944	1793	8	41	30	0	1872
6945	43	7	16	1816	0	1882
6946	1802	5	6	53	0	1866
6947	1787	5	3	25	0	1820
6948	1784	2	7	19	0	1812
6949	63	7	3	1723	0	1796
6950	1721	9	4	53	0	1787
6951	60	2	6	1725	0	1793
6952	34	6	3	1753	0	1796
6953	1724	8	3	55	0	1790
6954	48	4	5	1743	0	1800
6955	1715	8	1	55	0	1779
6956	1753	6	1	27	0	1787
6957	59	4	3	1719	0	1785
6958	34	6	0	1750	0	1790
6959	20	5	1	1768	0	1794
6960	19	2	1642	70	0	1733
6961	23	2	1662	33	0	1720
6962	18	3	45	1624	0	1690
6963	10	5	12	1667	0	1694
6964	14	3	5	1668	0	1690
6965	12	4	6	1656	0	1678
6966	14	3	5	1665	0	1687
6967	1601	5	3	75	0	1684
6968	44	1565	5	42	0	1656
6969	26	36	6	1604	0	1672
6970	1612	11	6	54	0	1683
6971	52	7	5	1621	0	1685
6972	26	7	8	1631	0	1672
6973	1586	6	5	67	0	1664
6974	1594	3	5	43	0	1645
6975	64	3	1552	29	0	1648
6976	32	4	37	1582	0	1655
6977	23	7	1560	59	0	1649
6978	27	2	39	1598	0	1666
6979	25	3	13	1610	0	1651
6980	17	3	9	1629	0	1658
6981	20	2	1526	76	0	1624
6982	16	1498	37	41	0	1592
6983	10	1574	18	35	0	1637
6984	13	45	11	1552	0	1621
6985	1507	15	7	66	0	1595
6986	48	7	1496	32	0	1583
6987	24	4	1566	25	0	1619
6988	16	5	54	1560	0	1635
6989	9	5	27	1553	0	1594
6990	11	1560	11	65	0	1647
6991	6	45	11	1576	0	1638
6992	8	13	9	1629	0	1659
6993	11	9	8	1652	0	1680
6994	1595	8	5	73	0	1681
6995	1619	7	5	36	0	1667
6996	69	6	4	1599	0	1678
6997	26	1589	6	59	0	1680
6998	16	34	7	1610	0	1667
6999	1570	13	7	60	0	1650
7000	47	1564	5	36	0	1652
7001	22	38	7	1481	0	1548
7002	15	1458	1	54	0	1528
7003	1437	36	8	33	0	1514
7004	1408	13	6	22	0	1449
7005	50	1428	2	18	0	1498
7006	24	1402	5	18	0	1449
7007	20	33	1273	17	0	1343
7008	10	1159	29	11	0	1209
7009	11	48	14	975	0	1048
7010	4	5	937	28	0	974
7011	5	698	6	5	0	714
7012	8	7	4	580	0	599
7013	3	0	1	585	0	589
7014	2	1	0	584	0	587
7015	574	0	1	7	0	582
7016	6	0	562	4	0	572
7017	1	2	557	2	0	562
7018	1	1	5	568	0	575
7019	0	1	611	7	0	619
7020	1	1	4	615	0	621
7021	4	0	1	593	0	598
7022	0	1	2	626	0	629
7023	0	2	1	623	0	626
7024	615	1	0	9	0	625
7025	617	0	1	0	0	618
7026	5	0	2	623	0	630
7027	1	0	661	7	0	669
7028	1	1	5	665	0	672
7029	0	658	1	9	0	668
7030	1	3	1	645	0	650
7031	638	0	3	8	0	649
7032	651	0	1	5	0	657
7033	4	1	2	661	0	668
7034	0	0	0	660	0	660
7035	2	1	1	669	0	673
7036	652	0	0	10	0	662
7037	8	2	641	2	0	653
7038	5	1	629	3	0	638
7039	1	625	6	2	0	634
7040	639	4	0	4	0	647
7041	3	3	0	650	0	656
7042	1	1	665	5	0	672
7043	2	645	4	1	0	652
7044	2	673	1	1	0	677
7045	0	4	1	674	0	679
7046	1	0	0	692	0	693
7047	0	677	2	4	0	683
7048	1	3	1	697	0	702
7049	0	1	1	699	0	701
7050	696	2	0	4	0	702
7051	3	690	1	2	0	696
7052	1	4	0	688	0	693
7053	0	1	693	5	0	699
7054	1	0	3	687	0	691
7055	696	0	0	4	0	700
7056	4	690	1	1	0	696
7057	0	4	1	704	0	709
7058	1	0	701	6	0	708
7059	4	0	725	0	0	729
7060	0	1	5	760	0	766
7061	1	1	0	793	0	795
7062	799	2	0	7	0	808
7063	9	825	0	2	0	836
7064	848	8	1	1	0	858
7065	7	2	868	0	0	877
7066	855	1	8	1	0	865
7067	8	1	898	0	0	907
7068	889	1	9	1	0	900
7069	925	1	1	2	0	929
7070	9	3	989	1	0	1002
7071	0	2	984	2	0	988
7072	1	972	11	2	0	986
7073	0	10	2	1021	0	1033
7074	1044	1	0	11	0	1056
7075	12	0	1	1061	0	1074
7076	1	1	3	1077	0	1082
7077	0	0	1	1083	0	1084
7078	0	1	1071	13	0	1085
7079	1010	0	11	6	0	1027
7080	1086	0	1	2	0	1089
7081	11	1123	1	2	0	1137
7082	2	9	1	1145	0	1157
7083	1	1151	0	12	0	1164
7084	3	12	2	1173	0	1190
7085	1174	2	0	17	0	1193
7086	13	1161	1	3	0	1178
7087	1	15	0	1130	0	1146
7088	1114	2	0	15	0	1131
7089	1117	1	0	2	0	1120
7090	16	0	1	1094	0	1111
7091	4	0	1103	14	0	1121
7092	0	8	13	1073	0	1094
7093	0	1118	2	14	0	1134
7094	1106	11	0	2	0	1119
7095	14	1102	0	1	0	1117
7096	2	11	1	1106	0	1120
7097	1130	0	1	12	0	1143
7098	11	0	0	1170	0	1181
7099	3	2	0	1181	0	1186
7100	2	0	1184	14	0	1200
7101	2	1171	12	2	0	1187
7102	1175	13	2	1	0	1191
7103	1136	1	1	4	0	1142
7104	8	1153	0	2	0	1163
7105	1	1175	1	1	0	1178
7106	3	12	0	1163	0	1178
7107	1162	1	2	12	0	1177
7108	12	1152	0	2	0	1166
7109	2	13	0	1167	0	1182
7110	1	2	1163	12	0	1178
7111	1	1	11	1160	0	1173
7112	1184	1	1	12	0	1198
7113	11	1201	0	3	0	1215
7114	1	10	1	1241	0	1253
7115	1	2	1240	13	0	1256
7116	0	0	1220	2	0	1222
7117	1	1	13	1246	0	1261
7118	2	1	1	1293	0	1297
7119	0	1256	0	17	0	1273
7120	1	15	1	1261	0	1278
7121	1287	2	0	15	0	1304
7122	14	1	0	1298	0	1313
7123	1312	0	0	15	0	1327
7124	15	1311	0	1	0	1327
7125	3	1347	1	2	0	1353
7126	1	16	2	1399	0	1418
7127	1	1	0	1379	0	1381
7128	1	1	1385	18	0	1405
7129	1	1	15	1364	0	1381
7130	1380	1	1	18	0	1400
7131	17	2	1373	0	0	1392
7132	1	1	17	1398	0	1417
7133	2	3	1457	17	0	1479
7134	0	3	18	1481	0	1502
7135	3	2	2	1481	0	1488
7136	2	1	0	1519	0	1522
7137	2	1	1525	23	0	1551
7138	3	0	20	1505	0	1528
7139	1	1544	4	18	0	1567
7140	2	19	1	1566	0	1588
7141	1	2	1	1561	0	1565
7142	1552	2	0	24	0	1578
7143	18	1	1552	5	0	1576
7144	5	2	19	1545	0	1571
7145	1	0	1558	24	0	1583
7146	4	0	1499	7	0	1510
7147	1	1	22	1600	0	1624
7148	0	2	4	1566	0	1572
7149	2	1	2	1669	0	1674
7150	1658	0	0	26	0	1684
7151	21	2	1655	7	0	1685
7152	1710	1	20	5	0	1736
7153	18	1	5	1791	0	1815
7154	5	1	3	1857	0	1866
7155	1	1924	3	23	0	1951
7156	3	19	1	1993	0	2016
7157	1	2	1	2002	0	2006
7158	3	1	0	2005	0	2009
7159	1902	0	1	25	0	1928
7160	22	0	1854	5	0	1881
7161	1738	0	12	5	0	1755
7162	15	1860	5	3	0	1883
7163	1855	15	4	6	0	1880
7164	14	1819	1	5	0	1839
7165	3	1816	1	5	0	1825
7166	4	16	3	1847	0	1870
7167	1856	3	6	19	0	1884
7168	15	1	0	1856	0	1872
7169	6	1836	2	17	0	1861
7170	1	1922	2	7	0	1932
7171	4	18	0	1942	0	1964
7172	1	5	1	1950	0	1957
7173	2	1930	0	25	0	1957
7174	0	18	2	2016	0	2036
7175	4	6	1	2035	0	2046
7176	1	0	2	2076	0	2079
7177	2073	1	1	28	0	2103
7178	17	3	2058	8	0	2086
7179	2049	2	18	9	0	2078
7180	2152	2	5	3	0	2162
7181	2121	2	0	4	0	2127
7182	25	2075	1	5	0	2106
7183	3	20	1	2075	0	2099
7184	2090	5	0	19	0	2114
7185	19	2	2	2121	0	2144
7186	2125	0	0	15	0	2140
7187	14	2220	2	11	0	2247
7188	2314	14	2	5	0	2335
7189	2355	5	1	2	0	2363
7190	2382	0	0	6	0	2388
7191	22	4	0	2355	0	2381
7192	5	2	0	2407	0	2414
7193	2419	0	0	26	0	2445
7194	16	2397	1	12	0	2426
7195	7	2381	3	4	0	2395
7196	2474	22	0	2	0	2498
7197	18	7	3	2496	0	2524
7198	11	0	1	2511	0	2523
7199	4	0	1	2549	0	2554
7200	3	2507	0	26	0	2536
7201	2539	17	1	12	0	2569
7202	20	6	0	2557	0	2583
7203	8	2563	3	15	0	2589
7204	5	22	0	2687	0	2714
7205	4	8	0	2703	0	2715
7206	3	0	1	2707	0	2711
7207	3	1	0	2725	0	2729
7208	2704	1	0	27	0	2732
7209	2690	2	1	12	0	2705
7210	2734	2	0	7	0	2743
7211	23	0	1	2737	0	2761
7212	9	2	2706	19	0	2736
7213	5	2	2537	15	0	2559
7214	2	2	2601	4	0	2609
7215	2768	1	23	10	0	2802
7216	17	1	4	2782	0	2804
7217	8	4	3	2773	0	2788
7218	4	0	1	2802	0	2807
7219	2775	2	1	24	0	2802
7220	2775	1	0	13	0	2789
7221	19	2848	2	5	0	2874
7222	7	13	2	2896	0	2918
7223	1	7	2842	14	0	2864
7224	4	2882	12	8	0	2906
7225	4	15	6	2918	0	2943
7226	0	8	1	2920	0	2929
7227	1	0	0	2887	0	2888
7228	3	1	2	2826	0	2832
7229	5	1	2844	19	0	2869
7230	2	2	2695	13	0	2712
7231	1	2838	14	7	0	2860
7232	2	8	6	2870	0	2886
7233	1	6	2	2813	0	2822
7234	2783	0	1	18	0	2802
7235	11	1	2786	8	0	2806
7236	6	1	11	2797	0	2815
7237	2	1	6	2833	0	2842
7238	2	1	2888	18	0	2909
7239	4	2858	8	8	0	2878
7240	2899	11	9	3	0	2922
7241	11	6	2865	3	0	2885
7242	2801	1	9	2	0	2813
7243	14	1	2931	0	0	2946
7244	6	3	11	2952	0	2972
7245	3	0	2948	12	0	2963
7246	2	0	2954	7	0	2963
7247	3	0	14	2996	0	3013
7248	19	5	29	2407	0	2460
7249	1	0	0	3094	0	3095
7250	2	0	2	3016	0	3020
7251	2	0	1	2992	0	2995
7252	3	0	2980	17	0	3000
7253	2	0	2807	9	0	2818
7254	1	2976	15	2	0	2994
7255	2967	12	6	4	0	2989
7256	12	7	0	2990	0	3009
7257	2997	0	1	16	0	3014
7258	16	0	2	2996	0	3014
7259	3091	1	0	25	0	3117
7260	18	0	0	3124	0	3142
7261	5	1	1	3149	0	3156
7262	3	3169	1	20	0	3193
7263	3	13	0	3264	0	3280
7264	3	4	1	3267	0	3275
7265	2	5	0	3254	0	3261
7266	1	1	1	3245	0	3248
7267	1	3173	0	27	0	3201
7268	3178	13	1	8	0	3200
7269	13	3151	0	7	0	3171
7270	4	17	0	3074	0	3095
7271	3036	4	0	15	0	3055
7272	14	2	2969	4	0	2989
7273	3	0	2942	7	0	2952
7274	6	5	24	2887	0	2922
7275	2	6	5	2957	0	2970
7276	2	0	4	2947	0	2953
7277	4	2	8	2759	0	2773
7278	0	0	2	2870	0	2872
7279	2	2804	1	19	0	2826
7280	1	9	2	2863	0	2875
7281	2860	1	2	15	0	2878
7282	11	2	0	2878	0	2891
7283	1	1	2970	16	0	2988
7284	4	1	10	2935	0	2950
7285	2913	0	3	16	0	2932
7286	13	3022	3	6	0	3044
7287	3	14	0	3191	0	3208
7288	2	2	0	3372	0	3376
7289	3	2	3314	39	0	3358
7290	1	2	4127	8	0	4138
7291	5038	1	70	5	0	5114
7292	111	2	26	5143	0	5282
7293	48	2	21	5341	0	5412
7294	39	4	5593	165	0	5801
7295	19	3	5715	88	0	5825
7296	9	5719	176	54	0	5958
7297	5	127	85	5707	0	5924
7298	5	47	5715	139	0	5906
7299	3	5725	158	64	0	5950
7300	5695	148	78	46	0	5967
7301	5930	63	59	26	0	6078
7302	197	47	25	5743	0	6012
7303	94	5756	22	155	0	6027
7304	5768	149	27	61	0	6005
7305	175	69	16	5573	0	5833
7306	86	48	5660	157	0	5951
7307	61	5712	137	73	0	5983
7308	5697	152	67	59	0	5975
7309	5880	71	45	34	0	6030
7310	212	48	26	5746	0	6032
7311	104	31	20	5883	0	6038
7312	72	21	5700	207	0	6000
7313	44	28	141	5772	0	5985
7314	43	15	66	5609	0	5733
7315	34	9	47	5835	0	5925
7316	19	11	28	5850	0	5908
7317	23	11	19	5696	0	5749
7318	24	5573	24	275	0	5896
7319	5605	143	14	163	0	5925
7320	152	59	5570	110	0	5891
7321	67	5531	138	79	0	5815
7322	50	158	66	5624	0	5898
7323	5593	71	54	181	0	5899
7324	161	57	32	5621	0	5871
7325	80	30	21	5711	0	5842
7326	60	21	29	5755	0	5865
7327	37	23	21	5777	0	5858
7328	36	19	5449	296	0	5800
7329	27	5455	147	166	0	5795
7330	5501	149	71	125	0	5846
7331	165	75	5477	85	0	5802
7332	73	50	179	5515	0	5817
7333	5512	39	74	199	0	5824
7334	174	5490	67	106	0	5837
7335	5563	181	43	74	0	5861
7336	234	77	34	5308	0	5653
7337	102	54	33	5701	0	5890
7338	77	45	22	5681	0	5825
7339	56	29	17	5725	0	5827
7340	5467	34	21	296	0	5818
7341	188	16	14	5592	0	5810
7342	80	19	18	5699	0	5816
7343	5361	20	19	292	0	5692
7344	196	18	5259	172	0	5645
7345	100	21	157	5389	0	5667
7346	5240	19	64	232	0	5555
7347	5334	17	52	132	0	5535
7348	230	14	39	5202	0	5485
7349	126	15	29	5226	0	5396
7350	97	4915	28	266	0	5306
7351	61	148	14	5106	0	5329
7352	53	58	20	5156	0	5287
7353	37	49	4829	300	0	5215
7354	34	27	4824	180	0	5065
7355	24	4759	199	136	0	5118
7356	28	163	102	4748	0	5041
7357	37	67	71	4936	0	5111
7358	4770	56	53	262	0	5141
7359	163	33	42	4801	0	5039
7360	93	28	4651	240	0	5012
7361	74	29	167	4773	0	5043
7362	45	21	4581	270	0	4917
7363	46	17	4675	153	0	4891
7364	41	20	229	4613	0	4903
7365	24	24	116	4787	0	4951
7366	4607	28	78	267	0	4980
7367	4756	19	49	165	0	4989
7368	214	12	58	4711	0	4995
7369	4741	24	32	233	0	5030
7370	4901	12	35	128	0	5076
7371	257	19	24	4792	0	5092
7372	154	18	24	4906	0	5102
7373	4777	20	20	276	0	5093
7374	4831	6	18	168	0	5023
7375	251	8	13	4733	0	5005
7376	136	4625	19	249	0	5029
7377	109	154	19	4782	0	5064
7378	76	60	12	4933	0	5081
7379	60	43	4630	287	0	5020
7380	53	23	154	4847	0	5077
7381	4521	18	67	284	0	4890
7382	167	4656	58	155	0	5036
7383	4609	153	27	121	0	4910
7384	4673	63	19	96	0	4851
7385	4775	41	21	87	0	4924
7386	271	80	17	4456	0	4824
7387	188	32	4048	194	0	4462
7388	141	26	3914	104	0	4185
7389	80	3857	180	97	0	4214
7390	50	3034	61	44	0	3189
7391	34	2105	29	22	0	2190
7392	16	2009	53	27	0	2105
7393	54	58	1880	27	0	2019
7394	1427	57	91	16	0	1591
7395	23	10	2	1420	0	1455
7396	1	4	2	1411	0	1418
7397	4	2	4	1401	0	1411
7398	6	1395	0	20	0	1421
7399	1354	22	1	6	0	1383
7400	26	1	1358	7	0	1392
7401	4	1280	20	2	0	1306
7402	4	18	3	1298	0	1323
7403	1295	0	2	18	0	1315
7404	17	2	1	1294	0	1314
7405	0	2	1268	20	0	1290
7406	1	2	1273	3	0	1279
7407	1	0	15	1272	0	1288
7408	1	0	1	1285	0	1287
7409	1272	0	2	15	0	1289
7410	17	0	1253	1	0	1271
7411	1229	0	16	3	0	1248
7412	1257	0	0	1	0	1258
7413	19	0	1	1242	0	1262
7414	2	0	1267	16	0	1285
7415	2	0	15	1267	0	1284
7416	1282	0	0	18	0	1300
7417	17	1279	2	2	0	1300
7418	1299	16	2	4	0	1321
7419	18	1	0	1320	0	1339
7420	2	1376	0	19	0	1397
7421	2	21	0	1387	0	1410
7422	1	0	1	1425	0	1427
7423	1	1413	0	23	0	1437
7424	1	20	0	1440	0	1461
7425	0	1	1	1486	0	1488
7426	2	2	0	1521	0	1525
7427	1	1	1534	20	0	1556
7428	1	1522	22	4	0	1549
7429	1543	20	0	5	0	1568
7430	20	1	4	1599	0	1624
7431	2	1710	1	22	0	1735
7432	1826	23	0	1	0	1850
7433	28	0	0	1822	0	1850
7434	2	4	0	1839	0	1845
7435	7	2	1	1800	0	1810
7436	2	0	1	1763	0	1766
7437	1733	1	2	36	0	1772
7438	29	2	1	1738	0	1770
7439	3	2	0	1766	0	1771
7440	1747	1	0	33	0	1781
7441	28	2	1	1751	0	1782
7442	4	3	1738	35	0	1780
7443	7	0	26	1744	0	1777
7444	1713	1	1	37	0	1752
7445	26	0	5	1730	0	1761
7446	3	0	1723	37	0	1763
7447	10	1	1726	6	0	1743
7448	1749	1	29	8	0	1787
7449	1790	0	5	7	0	1802
7450	1808	1	5	5	0	1819
7451	1813	1	2	4	0	1820
7452	37	0	1788	3	0	1828
7453	9	0	31	1771	0	1811
7454	8	0	1	1827	0	1836
7455	1801	0	5	31	0	1837
7456	29	1	5	1814	0	1849
7457	3	1	1791	33	0	1828
7458	8	2	28	1795	0	1833
7459	9	1	1796	31	0	1837
7460	6	1806	28	4	0	1844
7461	1829	28	3	9	0	1869
7462	28	2	9	1816	0	1855
7463	3	4	1752	35	0	1794
7464	7	2	28	1776	0	1813
7465	6	2	2	1850	0	1860
7466	3	1	1841	33	0	1878
7467	1	1	32	1851	0	1885
7468	1846	1	2	42	0	1891
7469	32	1	1747	9	0	1789
7470	1718	3	25	9	0	1755
7471	38	1743	0	6	0	1787
7472	7	23	1736	7	0	1773
7473	6	3	1732	9	0	1750
7474	12	25	37	1507	0	1581
7475	2	5	8	1615	0	1630
7476	3	3	1604	26	0	1636
7477	4	3	26	1601	0	1634
7478	1628	1	1	36	0	1666
7479	1643	1	10	7	0	1661
7480	23	2	5	1619	0	1649
7481	8	3	2	1623	0	1636
7482	8	1627	4	27	0	1666
7483	1670	21	5	13	0	1709
7484	25	1	2	1692	0	1720
7485	3	1688	2	32	0	1725
7486	1704	23	4	12	0	1743
7487	1718	2	6	13	0	1739
7488	29	1741	1	15	0	1786
7489	16	25	3	1755	0	1799
7490	14	5	2	1746	0	1767
7491	6	7	1691	36	0	1740
7492	5	5	26	1674	0	1710
7493	1666	4	5	38	0	1713
7494	30	1	8	1660	0	1699
7495	4	4	1617	42	0	1667
7496	1611	2	29	11	0	1653
7497	35	1	5	1622	0	1663
7498	10	2	1605	34	0	1651
7499	12	4	27	1614	0	1657
7500	3	2	1618	42	0	1665
7501	8	0	31	1635	0	1674
7502	4	2	8	1650	0	1664
7503	1616	0	11	35	0	1662
7504	28	1612	6	20	0	1666
7505	1646	25	7	17	0	1695
7506	1665	3	6	10	0	1684
7507	1654	7	4	14	0	1679
7508	39	1630	4	12	0	1685
7509	14	24	1629	9	0	1676
7510	15	5	24	1634	0	1678
7511	1645	7	9	32	0	1693
7512	1667	3	11	13	0	1694
7513	32	4	7	1645	0	1688
7514	1623	3	6	33	0	1665
7515	32	3	1605	12	0	1652
7516	1601	3	28	10	0	1642
7517	36	1	1582	13	0	1632
7518	13	1556	31	9	0	1609
7519	1547	19	16	8	0	1590
7520	1487	2	11	12	0	1512
7521	24	1454	8	12	0	1498
7522	1441	23	7	8	0	1479
7523	1422	3	6	7	0	1438
7524	32	9	1390	7	0	1438
7525	1341	6	18	7	0	1372
7526	32	2	1322	7	0	1363
7527	8	16	25	1236	0	1285
7528	9	1248	11	20	0	1288
7529	11	18	1251	9	0	1289
7530	1093	34	39	27	0	1193
7531	1047	6	13	17	0	1083
7532	14	2	5	986	0	1007
7533	10	1	981	15	0	1007
7534	7	2	13	987	0	1009
7535	987	1	7	15	0	1010
7536	13	1013	1	10	0	1037
7537	1014	11	4	4	0	1033
7538	1024	2	4	3	0	1033
7539	16	1012	0	9	0	1037
7540	9	12	3	1004	0	1028
7541	1027	5	1	16	0	1049
7542	17	0	0	1047	0	1064
7543	7	1	3	1102	0	1113
7544	5	4	1110	17	0	1136
7545	6	2	14	1103	0	1125
7546	4	0	5	1111	0	1120
7547	1100	2	4	18	0	1124
7548	1120	1	2	5	0	1128
7549	20	0	3	1113	0	1136
7550	6	0	1084	20	0	1110
7551	10	2	1073	5	0	1090
7552	3	1	20	1073	0	1097
7553	4	0	1100	15	0	1119
7554	4	3	18	1086	0	1111
7555	1	5	8	1088	0	1102
7556	1102	0	4	14	0	1120
7557	16	0	1100	8	0	1124
7558	1069	3	15	6	0	1093
7559	1093	2	5	5	0	1105
7560	17	0	1045	4	0	1066
7561	8	2	1050	3	0	1063
7562	8	28	15	989	0	1040
7563	7	985	8	13	0	1013
7564	3	1012	6	9	0	1030
7565	5	17	4	957	0	983
7566	7	5	3	916	0	931
7567	3	3	2	955	0	963
7568	3	0	2	956	0	961
7569	931	0	2	16	0	949
7570	14	1	3	929	0	947
7571	7	0	923	16	0	946
7572	5	0	10	911	0	926
7573	3	891	7	10	0	911
7574	3	8	4	902	0	917
7575	903	3	2	15	0	923
7576	13	4	3	897	0	917
7577	4	1	900	18	0	923
7578	3	870	9	6	0	888
7579	4	9	7	877	0	897
7580	874	1	3	13	0	891
7581	887	2	3	4	0	896
7582	19	0	1	886	0	906
7583	6	0	838	15	0	859
7584	6	0	804	5	0	815
7585	821	1	10	4	0	836
7586	10	3	836	2	0	851
7587	3	0	826	3	0	832
7588	2	4	9	786	0	801
7589	827	0	4	9	0	840
7590	829	1	2	4	0	836
7591	820	2	0	5	0	827
7592	11	2	867	2	0	882
7593	3	0	885	1	0	889
7594	2	918	8	4	0	932
7595	1	8	4	921	0	934
7596	0	3	3	935	0	941
7597	3	1	1	896	0	901
7598	3	0	1	931	0	935
7599	0	0	934	10	0	944
7600	1	954	6	4	0	965
7601	1040	7	1	4	0	1052
7602	1161	2	2	2	0	1167
7603	1189	1	1	0	0	1191
7604	24	1194	0	3	0	1221
7605	4	20	4	1190	0	1218
7606	1248	5	3	18	0	1274
7607	21	1292	1	5	0	1319
7608	1291	20	1	7	0	1319
7609	22	1281	4	3	0	1310
7610	1295	23	2	6	0	1326
7611	1319	3	2	3	0	1327
7612	28	4	3	1323	0	1358
7613	12	3	1	1365	0	1381
7614	6	2	1350	28	0	1386
7615	4	1	1315	9	0	1329
7616	1335	2	29	5	0	1371
7617	1389	4	7	5	0	1405
7618	32	0	4	1355	0	1391
7619	12	3	3	1382	0	1400
7620	8	2	1357	30	0	1397
7621	6	3	22	1340	0	1371
7622	4	4	1341	28	0	1377
7623	8	3	24	1347	0	1382
7624	5	2	8	1375	0	1390
7625	1355	0	7	29	0	1391
7626	1350	4	3	13	0	1370
7627	32	1	3	1345	0	1381
7628	13	3	3	1360	0	1379
7629	8	2	1330	34	0	1374
7630	6	2	22	1351	0	1381
7631	5	2	1349	32	0	1388
7632	1333	6	28	13	0	1380
7633	29	1	7	1356	0	1393
7634	1352	1	6	26	0	1385
7635	30	1325	2	17	0	1374
7636	1335	24	3	12	0	1374
7637	30	8	6	1325	0	1369
7638	11	3	2	1332	0	1348
7639	11	1315	6	29	0	1361
7640	8	25	1	1341	0	1375
7641	2	9	1305	33	0	1349
7642	9	4	27	1300	0	1340
7643	3	0	1251	30	0	1284
7644	7	1219	26	12	0	1264
7645	5	19	8	1233	0	1265
7646	4	5	1218	22	0	1249
7647	2	5	1205	16	0	1228
7648	5	3	27	1194	0	1229
7649	1185	1	9	22	0	1217
7650	20	0	1174	17	0	1211
7651	10	1	23	1181	0	1215
7652	1199	2	9	23	0	1233
7653	22	1175	3	14	0	1214
7654	1241	17	5	7	0	1270
7655	26	5	5	1243	0	1279
7656	7	5	3	1241	0	1256
7657	8	1	1	1248	0	1258
7658	1235	3	5	30	0	1273
7659	24	1	2	1245	0	1272
7660	7	1	5	1260	0	1273
7661	1208	3	2	29	0	1242
7662	24	1	1196	16	0	1237
7663	9	2	22	1207	0	1240
7664	6	2	1197	25	0	1230
7665	1191	2	22	14	0	1229
7666	27	2	9	1207	0	1245
7667	10	3	1216	23	0	1252
7668	1197	3	19	14	0	1233
7669	1229	2	7	8	0	1246
7670	29	2	1249	6	0	1286
7671	15	2	19	1232	0	1268
7672	3	2	9	1267	0	1281
7673	6	1	1278	27	0	1312
7674	4	1262	24	17	0	1307
7675	9	19	1309	3	0	1340
7676	1268	7	22	8	0	1305
7677	23	2	1345	9	0	1379
7678	1322	1	23	9	0	1355
7679	23	1	1359	5	0	1388
7680	1317	1	22	11	0	1351
7681	27	1361	12	1	0	1401
7682	8	19	6	1350	0	1383
7683	5	5	2	1395	0	1407
7684	6	3	1396	25	0	1430
7685	5	1	20	1332	0	1358
7686	5	1359	10	22	0	1396
7687	1355	17	10	9	0	1391
7688	23	1361	4	9	0	1397
7689	6	19	5	1382	0	1412
7690	1374	5	6	28	0	1413
7691	25	1378	3	8	0	1414
7692	1342	22	5	9	0	1378
7693	31	8	1365	2	0	1406
7694	7	5	27	1375	0	1414
7695	10	0	5	1389	0	1404
7696	1	2	8	1413	0	1424
7697	1387	1	0	39	0	1427
7698	1401	6	5	10	0	1422
7699	1413	2	2	10	0	1427
7700	1377	2	3	4	0	1386
7701	30	2	1271	5	0	1308
7702	1115	3	15	4	0	1137
7703	19	1108	4	1	0	1132
7704	5	1115	4	2	0	1126
7705	1099	15	35	3	0	1152
7706	1068	6	14	5	0	1093
7707	20	1	0	1023	0	1044
7708	1047	0	0	13	0	1060
7709	1053	0	1	4	0	1058
7710	1137	1	1	3	0	1142
7711	22	0	0	1115	0	1137
7712	6	1104	2	15	0	1127
7713	2	1117	2	3	0	1124
7714	1	16	1	1110	0	1128
7715	1106	5	1	14	0	1126
7716	12	1109	1	1	0	1123
7717	2	13	1	1105	0	1121
7718	2	0	1111	15	0	1128
7719	1067	1	13	1	0	1082
7720	14	1114	0	2	0	1130
7721	1	1154	1	1	0	1157
7722	1127	13	0	3	0	1143
7723	13	4	1143	1	0	1161
7724	2	1	13	1138	0	1154
7725	1	1137	2	12	0	1152
7726	1	11	1	1157	0	1170
7727	0	1	1	1152	0	1154
7728	1	1099	1	15	0	1116
7729	2	13	1	1201	0	1217
7730	0	3	1	1212	0	1216
7731	1195	1	0	16	0	1212
7732	15	1192	0	4	0	1211
7733	1208	13	1	1	0	1223
7734	15	1	0	1191	0	1207
7735	1	1214	1	14	0	1230
7736	2	12	1232	3	0	1249
7737	2	5	13	1240	0	1260
7738	2	2	1	1274	0	1279
7739	2	0	1286	15	0	1303
7740	1245	0	16	3	0	1264
7741	17	0	1	1396	0	1414
7742	1393	1	1	20	0	1415
7743	21	1	1382	3	0	1407
7744	5	2	16	1388	0	1411
7745	3	2	1460	21	0	1486
7746	0	3	22	1481	0	1506
7747	1	1	3	1520	0	1525
7748	1500	0	2	23	0	1525
7749	20	1529	2	5	0	1556
7750	1529	19	1	3	0	1552
7751	22	3	1530	1	0	1556
7752	5	2	18	1526	0	1551
7753	1	1	1559	20	0	1581
7754	1433	2	19	4	0	1458
7755	1523	2	4	1	0	1530
7756	23	0	1522	2	0	1547
7757	1518	0	18	2	0	1538
7758	1555	1	3	1	0	1560
7759	22	1	3	1538	0	1564
7760	8	0	1518	19	0	1545
7761	5	0	1571	6	0	1582
7762	0	3	23	1567	0	1593
7763	2	2	5	1583	0	1592
7764	4	1554	2	21	0	1581
7765	2	1580	1	10	0	1593
7766	1572	23	2	1	0	1598
7767	19	4	2	1592	0	1617
7768	3	1572	0	22	0	1597
7769	3	1612	1	5	0	1621
7770	1567	23	1	3	0	1594
7771	20	6	1	1569	0	1596
7772	6	1585	0	18	0	1609
7773	2	18	1	1567	0	1588
7774	0	5	0	1567	0	1572
7775	0	5	1	1549	0	1555
7776	1521	0	0	24	0	1545
7777	17	1496	0	8	0	1521
7778	3	22	1	1501	0	1527
7779	3	3	1	1508	0	1515
7780	3	1	0	1514	0	1518
7781	1	0	1457	27	0	1485
7782	1432	1	21	6	0	1460
7783	22	1	4	1455	0	1482
7784	1423	0	3	24	0	1450
7785	1439	1	0	6	0	1446
7786	1439	1	1	3	0	1444
7787	25	2	1425	2	0	1454
7788	6	1408	19	2	0	1435
7789	2	14	4	1393	0	1413
7790	2	4	1398	17	0	1421
7791	2	3	1379	6	0	1390
7792	8	4	19	1336	0	1367
7793	1	1312	6	15	0	1334
7794	1329	14	4	3	0	1350
7795	1353	4	0	6	0	1363
7796	1371	3	2	1	0	1377
7797	1369	1	2	2	0	1374
7798	19	2	1366	2	0	1389
7799	1351	2	11	1	0	1365
7800	14	1379	6	1	0	1400
7801	4	11	3	1382	0	1400
7802	3	3	1	1402	0	1409
7803	1398	3	1	16	0	1418
7804	16	0	2	1394	0	1412
7805	6	1	1370	14	0	1391
7806	1332	1	13	5	0	1351
7807	1370	0	4	5	0	1379
7808	1365	0	3	3	0	1371
7809	20	0	1345	0	0	1365
7810	1247	3	11	3	0	1264
7811	10	1263	5	3	0	1281
7812	1277	9	2	6	0	1294
7813	16	5	2	1264	0	1287
7814	4	2	1	1272	0	1279
7815	4	1265	3	11	0	1283
7816	3	11	1	1262	0	1277
7817	4	1260	1	12	0	1277
7818	5	10	1	1260	0	1276
7819	3	1240	2	14	0	1259
7820	1	11	2	1252	0	1266
7821	2	1256	2	9	0	1269
7822	3	11	1	1298	0	1313
7823	1	1326	0	15	0	1342
7824	1419	13	0	6	0	1438
7825	22	7	0	1454	0	1483
7826	2	4	1	1493	0	1500
7827	6	1	1	1560	0	1568
7828	1	3	0	1575	0	1579
7829	1	2	1570	37	0	1610
7830	3	1	25	1580	0	1609
7831	3	0	5	1611	0	1619
7832	1573	1	2	35	0	1611
7833	1585	2	2	8	0	1597
7834	31	1583	0	17	0	1631
7835	9	24	1	1608	0	1642
7836	4	6	1	1712	0	1723
7837	1742	4	1	38	0	1785
7838	34	1	1692	12	0	1739
7839	1687	3	33	7	0	1730
7840	36	1724	6	5	0	1771
7841	1596	26	3	3	0	1628
7842	1610	3	0	1	0	1614
7843	31	1582	0	1	0	1614
7844	7	1625	0	4	0	1636
7845	8	33	2	1539	0	1582
7846	1	5	1521	29	0	1556
7847	1478	1	27	7	0	1513
7848	29	1	1509	2	0	1541
7849	1460	1	30	3	0	1494
7850	31	1	1485	1	0	1518
7851	7	1464	27	3	0	1501
7852	5	28	4	1467	0	1504
7853	1432	6	3	26	0	1467
7854	1451	4	0	6	0	1461
7855	31	2	1	1441	0	1475
7856	1484	0	2	31	0	1517
7857	1504	0	3	4	0	1511
7858	36	1467	1	2	0	1506
7859	1470	24	3	3	0	1500
7860	36	1481	1	2	0	1520
7861	6	31	1	1474	0	1512
7862	1454	8	1	32	0	1495
7863	1504	3	0	5	0	1512
7864	1511	3	0	4	0	1518
7865	38	0	1494	2	0	1534
7866	9	0	1518	2	0	1529
7867	5	2	37	1527	0	1571
7868	6	3	5	1625	0	1639
7869	1	1694	5	36	0	1736
7870	1694	35	2	8	0	1739
7871	36	5	2	1703	0	1746
7872	10	5	1	1748	0	1764
7873	11	2	1754	40	0	1807
7874	7	1721	35	10	0	1773
7875	5	1792	6	5	0	1808
7876	2	37	6	1778	0	1823
7877	1753	10	2	39	0	1804
7878	36	6	1	1759	0	1802
7879	8	5	1	1801	0	1815
7880	1770	4	0	44	0	1818
7881	1800	1	2	14	0	1817
7882	44	2	2	1781	0	1829
7883	12	0	1778	39	0	1829
7884	6	4	35	1781	0	1826
7885	4	3	6	1821	0	1834
7886	1782	3	5	45	0	1835
7887	41	2	2	1790	0	1835
7888	1794	1	1	49	0	1845
7889	46	0	1808	14	0	1868
7890	13	1	38	1848	0	1900
7891	14	2	7	1891	0	1914
7892	6	4	7	1916	0	1933
7893	4	5	4	1900	0	1913
7894	5	1	5	1872	0	1883
7895	5	1	1813	59	0	1878
7896	1791	3	36	23	0	1853
7897	45	1	10	1814	0	1870
7898	16	1	1785	43	0	1845
7899	10	3	1791	16	0	1820
7900	5	3	47	1779	0	1834
7901	1760	6	10	50	0	1826
7902	1788	6	9	18	0	1821
7903	1803	7	3	19	0	1832
7904	58	1	5	1725	0	1789
7905	21	1756	5	45	0	1827
7906	1785	37	3	16	0	1841
7907	1812	14	5	10	0	1841
7908	1806	12	3	14	0	1835
7909	1797	5	6	11	0	1819
7910	57	7	4	1756	0	1824
7911	23	2	1734	55	0	1814
7912	18	2	37	1743	0	1800
7913	18	1	1722	50	0	1791
7914	1717	4	42	19	0	1782
7915	1752	4	12	15	0	1783
7916	49	6	1720	12	0	1787
7917	1696	2	43	16	0	1757
7918	1779	2	11	20	0	1812
7919	54	4	7	1728	0	1793
7920	27	1752	3	48	0	1830
7921	1752	36	7	22	0	1817
7922	47	28	9	1673	0	1757
7923	15	1644	6	46	0	1711
7924	11	34	4	1581	0	1630
7925	13	9	1556	37	0	1615
7926	9	1554	29	20	0	1612
7927	1492	28	14	17	0	1551
7928	1472	9	16	16	0	1513
7929	1436	5	8	11	0	1460
7930	1457	4	9	5	0	1475
7931	32	8	6	1416	0	1462
7932	17	1405	5	28	0	1455
7933	1343	19	5	15	0	1382
7934	29	7	1361	19	0	1416
7935	20	1324	17	15	0	1376
7936	15	22	1217	7	0	1261
7937	14	7	16	1121	0	1158
7938	9	1062	7	24	0	1102
7939	10	19	5	1148	0	1182
7940	8	3	1231	21	0	1263
7941	10	4	17	1202	0	1233
7942	7	3	8	1246	0	1264
7943	10	2	8	1247	0	1267
7944	1207	2	6	31	0	1246
7945	20	1215	8	17	0	1260
7946	10	14	5	1239	0	1268
7947	1226	4	5	20	0	1255
7948	24	1226	3	11	0	1264
7949	1240	17	3	11	0	1271
7950	26	6	1242	4	0	1278
7951	13	6	16	1227	0	1262
7952	11	1240	7	19	0	1277
7953	1252	17	5	12	0	1286
7954	25	7	1223	10	0	1265
7955	13	1183	19	6	0	1221
7956	13	14	6	1176	0	1209
7957	5	8	9	1179	0	1201
7958	1171	4	5	22	0	1202
7959	22	3	4	1165	0	1194
7960	11	5	1138	19	0	1173
7961	15	3	12	1114	0	1144
7962	15	3	1146	15	0	1179
7963	11	7	15	1096	0	1129
7964	9	1127	6	17	0	1159
7965	1134	14	8	10	0	1166
7966	1095	6	7	10	0	1118
7967	20	1035	6	3	0	1064
7968	7	957	3	3	0	970
7969	16	12	3	904	0	935
7970	902	2	2	12	0	918
7971	8	2	3	903	0	916
7972	890	3	1	8	0	902
7973	10	846	1	4	0	861
7974	6	8	2	864	0	880
7975	7	3	877	7	0	894
7976	4	3	9	872	0	888
7977	4	3	3	876	0	886
7978	906	2	1	11	0	920
7979	9	937	1	4	0	951
7980	5	9	1	946	0	961
7981	949	1	1	10	0	961
7982	9	0	949	1	0	959
7983	941	2	6	3	0	952
7984	9	5	2	968	0	984
7985	2	991	2	8	0	1003
7986	1005	6	2	1	0	1014
7987	9	0	1023	0	0	1032
7988	1	1	1015	2	0	1019
7989	3	1026	5	1	0	1035
7990	987	4	9	3	0	1003
7991	7	0	0	1021	0	1028
7992	0	0	0	1021	0	1021
7993	1035	0	0	6	0	1041
7994	6	0	1036	2	0	1044
7995	3	0	7	1058	0	1068
7996	0	0	1130	7	0	1137
7997	1	0	7	1127	0	1135
7998	0	1170	4	6	0	1180
7999	0	7	0	1203	0	1210
8000	1	3	1187	7	0	1198
8001	1162	0	7	4	0	1173
8002	8	2	3	1204	0	1217
8003	4	0	1219	9	0	1232
8004	1	0	9	1211	0	1221
8005	2	0	5	1210	0	1217
8006	0	2	1197	13	0	1212
8007	2	0	1208	4	0	1214
8008	0	0	12	1238	0	1250
8009	1	0	1243	9	0	1253
8010	1218	1	9	4	0	1232
8011	8	0	6	1257	0	1271
8012	1256	1	0	10	0	1267
8013	7	0	1254	6	0	1267
8014	7	0	9	1276	0	1292
8015	2	0	1405	8	0	1415
8016	2	1388	8	6	0	1404
8017	1	8	1402	0	0	1411
8018	0	5	1338	4	0	1347
8019	1346	0	13	1	0	1360
8020	1375	2	5	1	0	1383
8021	12	1	1431	0	0	1444
8022	4	0	10	1387	0	1401
8023	2	0	4	1430	0	1436
8024	4	0	1469	10	0	1483
8025	0	1425	9	7	0	1441
8026	1414	6	4	2	0	1426
8027	7	4	1482	1	0	1494
8028	5	0	9	1501	0	1515
8029	0	2	5	1527	0	1534
8030	1554	1	1	14	0	1570
8031	1576	0	2	6	0	1584
8032	1599	0	1	2	0	1602
8033	1605	0	0	2	0	1607
8034	15	0	0	1588	0	1603
8035	7	0	1676	8	0	1691
8036	2	0	5	1680	0	1687
8037	2	0	5	1704	0	1711
8038	1	0	2	1769	0	1772
8039	0	1	1749	10	0	1760
8040	1664	0	7	7	0	1678
8041	9	0	6	1742	0	1757
8042	5	0	1816	10	0	1831
8043	0	1871	8	7	0	1886
8044	3	7	5	1913	0	1928
8045	1	5	1	1921	0	1928
8046	1908	1	7	12	0	1928
8047	9	1945	0	5	0	1959
8048	5	7	1952	2	0	1966
8049	0	5	8	1943	0	1956
8050	3	0	5	1947	0	1955
8051	1942	2	1	12	0	1957
8052	1941	0	2	6	0	1949
8053	14	0	2	1968	0	1984
8054	1966	1	2	10	0	1979
8055	9	1949	0	9	0	1967
8056	10	7	2059	3	0	2079
8057	0	6	8	2053	0	2067
8058	3	1	4	2096	0	2104
8059	1	2	0	2110	0	2113
8060	1	0	3	2075	0	2079
8061	2	2067	1	15	0	2085
8062	2051	10	1	9	0	2071
8063	9	5	2	2088	0	2104
8064	6	2179	1	12	0	2198
8065	2215	9	0	8	0	2232
8066	2208	5	1	3	0	2217
8067	15	2255	1	2	0	2273
8068	6	12	0	2307	0	2325
8069	6	5	1	2314	0	2326
8070	4	0	1	2269	0	2274
8071	4	2	1	2313	0	2320
8072	2365	0	1	17	0	2383
8073	2401	0	1	11	0	2413
8074	15	2425	1	5	0	2446
8075	7	9	2431	1	0	2448
8076	7	7	13	2442	0	2469
8077	2481	1	6	18	0	2506
8078	12	2418	2	8	0	2440
8079	7	2416	3	5	0	2431
8080	2468	18	0	5	0	2491
8081	2501	7	1	0	0	2509
8082	21	4	0	2478	0	2503
8083	7	3	2541	17	0	2568
8084	5	1	2547	11	0	2564
8085	2653	1	21	7	0	2682
8086	2739	2	7	6	0	2754
8087	2712	0	2	3	0	2717
8088	2699	1	4	2	0	2706
8089	2693	2	1	2	0	2698
8090	23	2716	1	4	0	2744
8091	8	18	1	2682	0	2709
8092	5	2816	2	10	0	2833
8093	2864	20	5	6	0	2895
8094	2838	5	2	10	0	2855
8095	2848	3	0	4	0	2855
8096	2803	1	0	1	0	2805
8097	15	2775	2	1	0	2793
8098	2755	11	0	2	0	2768
8099	12	2761	1	2	0	2776
8100	7	11	2	2791	0	2811
8101	2778	1	1	13	0	2793
8102	14	0	2840	4	0	2858
8103	4	0	15	2789	0	2808
8104	4	2	1	2839	0	2846
8105	0	2	2865	13	0	2880
8106	1	2849	10	6	0	2866
8107	2861	11	1	2	0	2875
8108	2846	2	1	1	0	2850
8109	13	2833	0	1	0	2847
8110	3	12	0	2861	0	2876
8111	2	3	2919	12	0	2936
8112	1	3002	11	2	0	3016
8113	3004	12	6	3	0	3025
8114	13	4	2996	1	0	3014
8115	2754	1	11	4	0	2770
8116	2888	2	1	1	0	2892
8117	13	0	2954	1	0	2968
8118	2	2973	10	7	0	2992
8119	3	10	2	2947	0	2962
8120	2	1	3056	12	0	3071
8121	2916	2	11	3	0	2932
8122	2986	1	2	1	0	2990
8123	13	2998	2	4	0	3017
8124	2	11	1	3032	0	3046
8125	2	3	0	3062	0	3067
8126	1	3	3089	12	0	3105
8127	2	3077	12	3	0	3094
8128	3189	10	0	16	0	3215
8129	3214	0	2	1	0	3217
8130	3240	4	1	6	0	3251
8131	10	4	3201	1	0	3216
8132	3172	0	12	1	0	3185
8133	3258	1	1	4	0	3264
8134	12	0	1	3264	0	3277
8135	1	1	3186	10	0	3198
8136	2	1	12	3164	0	3179
8137	4	0	3220	13	0	3237
8138	3	7	11	3155	0	3176
8139	1	3172	1	11	0	3185
8140	2	3298	1	0	0	3301
8141	3	11	1	3336	0	3351
8142	1	4	1	3227	0	3233
8143	3230	1	0	16	0	3247
8144	11	3	3202	1	0	3217
8145	3137	1	10	1	0	3149
8146	12	3241	0	3	0	3256
8147	3227	12	3	2	0	3244
8148	3230	0	0	1	0	3231
8149	12	4	0	3228	0	3244
8150	5	0	3334	12	0	3351
8151	3	2	11	3324	0	3340
8152	1	3430	2	16	0	3449
8153	3	14	1	3468	0	3486
8154	1	0	1	3488	0	3490
8155	3454	3	0	15	0	3472
8156	15	2	0	3362	0	3379
8157	0	3342	3	17	0	3362
8158	5	12	1	3378	0	3396
8159	3407	0	1	16	0	3424
8160	17	3427	1	2	0	3447
8161	1	19	0	3494	0	3514
8162	3	3	0	3503	0	3509
8163	3	3	1	3673	0	3680
8164	2	2	0	3623	0	3627
8165	3668	1	0	28	0	3697
8166	25	1	2	3707	0	3735
8167	6	3	0	3786	0	3795
8168	5	4	0	3872	0	3881
8169	2	3942	4	39	0	3987
8170	3931	30	3	13	0	3977
8171	33	4	3948	10	0	3995
8172	6	3895	31	3	0	3935
8173	3823	32	10	6	0	3871
8174	30	4	3879	6	0	3919
8175	5	3869	25	4	0	3903
8176	12	42	8	3839	0	3901
8177	3	3900	7	29	0	3939
8178	3	28	3870	9	0	3910
8179	8	8	3855	8	0	3879
8180	4	3879	28	8	0	3919
8181	3875	29	11	8	0	3923
8182	3889	6	8	10	0	3913
8183	30	9	3760	5	0	3804
8184	17	8	3573	5	0	3603
8185	9	2	3673	2	0	3686
8186	4	5	36	3664	0	3709
8187	7	6	11	3647	0	3671
8188	8	3	11	3732	0	3754
8189	5	5	3806	39	0	3855
8190	3	4	29	3691	0	3727
8191	4	6	11	3775	0	3796
8192	2	4	3718	36	0	3760
8193	3665	3	30	21	0	3719
8194	24	4	9	3860	0	3897
8195	11	5	7	3846	0	3869
8196	11	3905	6	36	0	3958
8197	3918	29	7	18	0	3972
8198	32	12	3896	10	0	3950
8199	3845	5	38	7	0	3895
8200	38	5	11	3882	0	3936
8201	15	2	3923	39	0	3979
8202	9	3	31	3883	0	3926
8203	3887	3	16	41	0	3947
8204	30	6	3884	17	0	3937
8205	3845	3	35	14	0	3897
8206	3882	2	10	12	0	3906
8207	3901	1	14	7	0	3923
8208	40	3849	10	16	0	3915
8209	20	29	3	3964	0	4016
8210	4009	12	7	37	0	4065
8211	3975	9	5	15	0	4004
8212	4036	5	6	14	0	4061
8213	60	1	3952	4	0	4017
8214	4125	6	40	6	0	4177
8215	55	7	17	4345	0	4424
8216	25	3	4338	64	0	4430
8217	20	2	58	4496	0	4576
8218	16	2	22	4529	0	4569
8219	8	0	4566	95	0	4669
8220	15	2	70	4593	0	4680
8221	15	2	30	4753	0	4800
8222	11	3	5181	107	0	5302
8223	5433	3	93	53	0	5582
8224	5927	4	43	27	0	6001
8225	155	4	24	6088	0	6271
8226	84	4	6031	122	0	6241
8227	46	3	125	5959	0	6133
8228	35	5866	57	145	0	6103
8229	26	113	39	5908	0	6086
8230	27	51	20	5982	0	6080
8231	5852	24	18	196	0	6090
8232	5893	18	20	114	0	6045
8233	5997	13	24	66	0	6100
8234	200	11	18	5886	0	6115
8235	100	13	9	5972	0	6094
8236	60	10	5800	198	0	6068
8237	51	8	120	5725	0	5904
8238	48	5721	55	164	0	5988
8239	5749	115	35	89	0	5988
8240	146	5600	26	115	0	5887
8241	5691	143	19	52	0	5905
8242	161	66	16	5496	0	5739
8243	81	5576	18	159	0	5834
8244	5580	137	20	86	0	5823
8245	5661	68	10	61	0	5800
8246	198	48	18	5514	0	5778
8247	111	5531	10	158	0	5810
8248	69	139	9	5582	0	5799
8249	46	65	5488	183	0	5782
8250	5379	48	127	96	0	5650
8251	165	5421	58	60	0	5704
8252	5353	139	30	54	0	5576
8253	183	75	26	5322	0	5606
8254	5410	43	19	171	0	5643
8255	176	34	5439	91	0	5740
8256	5618	25	137	65	0	5845
8257	5664	31	67	51	0	5813
8258	240	25	5572	47	0	5884
8259	144	17	145	5560	0	5866
8260	101	24	71	5621	0	5817
8261	5467	28	49	221	0	5765
8262	187	5410	37	123	0	5757
8263	110	147	32	5256	0	5545
8264	83	69	5154	161	0	5467
8265	57	39	5139	109	0	5344
8266	56	5018	168	92	0	5334
8267	80	129	4985	62	0	5256
8268	4762	87	175	65	0	5089
8269	154	41	85	4688	0	4968
8270	4800	31	49	155	0	5035
8271	165	36	4745	89	0	5035
8272	98	32	145	4744	0	5019
8273	62	32	77	4839	0	5010
8274	65	38	4684	181	0	4968
8275	63	27	138	4720	0	4948
8276	4619	33	82	177	0	4911
8277	4728	13	53	105	0	4899
8278	207	16	35	4648	0	4906
8279	4638	33	31	171	0	4873
8280	4675	19	28	109	0	4831
8281	213	4522	29	87	0	4851
8282	128	119	36	4544	0	4827
8283	4568	71	24	154	0	4817
8284	186	33	28	4560	0	4807
8285	4527	21	36	176	0	4760
8286	191	24	29	4502	0	4746
8287	118	30	4453	188	0	4789
8288	96	4439	133	112	0	4780
8289	83	131	64	4098	0	4376
8290	84	4373	41	150	0	4648
8291	4298	141	62	95	0	4596
8292	163	4200	37	82	0	4482
8293	107	4192	29	71	0	4399
8294	77	176	44	4049	0	4346
8295	4042	100	29	166	0	4337
8296	150	59	34	4067	0	4310
8297	4050	48	27	176	0	4301
8298	4054	59	30	104	0	4247
8299	192	4028	25	87	0	4332
8300	4096	147	37	57	0	4337
8301	4110	76	29	55	0	4270
8302	4128	62	28	58	0	4276
8303	247	34	3891	53	0	4225
8304	155	35	121	3898	0	4209
8305	105	30	63	4010	0	4208
8306	94	26	3820	193	0	4133
8307	3917	26	134	116	0	4193
8308	4023	24	67	95	0	4209
8309	3995	20	54	60	0	4129
8310	3878	17	43	64	0	4002
8311	234	3711	23	70	0	4038
8312	3691	114	26	56	0	3887
8313	207	60	22	3601	0	3890
8314	131	34	3295	145	0	3605
8315	3264	24	95	67	0	3450
8316	179	3184	44	61	0	3468
8317	2993	100	31	48	0	3172
8318	157	2910	17	52	0	3136
8319	100	2801	22	37	0	2960
8320	72	2745	24	47	0	2888
8321	85	2670	26	40	0	2821
8322	61	111	2099	39	0	2310
8323	56	169	97	1605	0	1927
8324	21	29	1409	62	0	1521
8325	1142	10	25	15	0	1192
8326	25	1139	13	5	0	1182
8327	9	1146	6	12	0	1173
8328	9	28	4	1122	0	1163
8329	15	14	4	1133	0	1166
8330	13	9	1101	26	0	1149
8331	3	14	1105	9	0	1131
8332	6	6	23	1101	0	1136
8333	11	3	1080	28	0	1122
8334	8	1073	23	12	0	1116
8335	14	18	10	1065	0	1107
8336	18	7	4	1124	0	1153
8337	12	5	1101	26	0	1144
8338	13	6	19	1097	0	1135
8339	1113	5	9	22	0	1149
8340	28	1	6	1099	0	1134
8341	15	1	10	1092	0	1118
8342	5	1	1071	34	0	1111
8343	1069	1	16	18	0	1104
8344	22	1076	11	11	0	1120
8345	20	14	6	1074	0	1114
8346	16	9	1062	17	0	1104
8347	14	8	16	1048	0	1086
8348	1067	4	6	19	0	1096
8349	24	9	1064	13	0	1110
8350	17	9	19	1060	0	1105
8351	14	3	1084	23	0	1124
8352	6	1085	19	13	0	1123
8353	12	15	1071	5	0	1103
8354	6	1041	16	6	0	1069
8355	8	16	888	9	0	921
8356	4	10	13	783	0	810
8357	1	807	9	6	0	823
8358	778	9	3	2	0	792
8359	7	4	2	784	0	797
8360	797	5	1	7	0	810
8361	8	2	1	829	0	840
8362	4	3	1	833	0	841
8363	837	1	2	10	0	850
8364	835	2	3	5	0	845
8365	11	2	1	868	0	882
8366	6	0	888	11	0	905
8367	4	871	7	7	0	889
8368	6	7	898	3	0	914
8369	1	894	9	5	0	909
8370	878	7	6	7	0	898
8371	8	5	868	2	0	883
8372	7	1	855	2	0	865
8373	3	2	14	836	0	855
8374	850	0	4	10	0	864
8375	9	1	892	5	0	907
8376	5	958	12	1	0	976
8377	976	10	3	3	0	992
8378	1000	4	1	2	0	1007
8379	1016	2	4	2	0	1024
8380	1023	1	2	1	0	1027
8381	1015	3	0	2	0	1020
8382	15	1	1016	0	0	1032
8383	5	7	9	990	0	1011
8384	2	1003	5	7	0	1017
8385	1009	7	1	3	0	1020
8386	8	1020	1	2	0	1031
8387	951	6	0	3	0	960
8388	936	2	0	1	0	939
8389	10	931	0	1	0	942
8390	956	7	1	1	0	965
8391	8	2	0	954	0	964
8392	2	1	0	966	0	969
8393	1	1	960	9	0	971
8394	1	979	7	2	0	989
8395	1	8	3	980	0	992
8396	4	4	0	988	0	996
8397	1	0	1	991	0	993
8398	1	0	969	12	0	982
8399	912	0	10	3	0	925
8400	9	1	2	956	0	968
8401	974	0	1	11	0	986
8402	8	1	1	971	0	981
8403	2	2	1001	7	0	1012
8404	1	0	1014	4	0	1019
8405	1000	1	7	1	0	1009
8406	1011	0	3	1	0	1015
8407	10	987	1	1	0	999
8408	3	4	1021	1	0	1029
8409	2	2	6	1009	0	1019
8410	4	2	7	875	0	888
8411	1083	1	2	9	0	1095
8412	1085	0	2	2	0	1089
8413	1091	1	0	1	0	1093
8414	11	0	1094	0	0	1105
8415	1120	1	5	3	0	1129
8416	6	1	4	1130	0	1141
8417	4	0	2	1142	0	1148
8418	0	1	1	1149	0	1151
8419	2	1138	1	7	0	1148
8420	1117	7	1	2	0	1127
8421	8	3	1	1122	0	1134
8422	3	1	1129	7	0	1140
8423	4	1	5	1112	0	1122
8424	2	1127	2	6	0	1137
8425	1146	6	2	4	0	1158
8426	9	2	0	1140	0	1151
8427	3	1	0	1126	0	1130
8428	2	1	1150	9	0	1162
8429	1	0	6	1141	0	1148
8430	1	1150	4	6	0	1161
8431	0	4	1	1169	0	1174
8432	2	4	1183	6	0	1195
8433	1144	0	6	4	0	1154
8434	1171	1	3	3	0	1178
8435	8	1202	2	2	0	1214
8436	1177	4	1	1	0	1183
8437	1199	1	0	2	0	1202
8438	7	1201	0	3	0	1211
8439	2	6	3	1227	0	1238
8440	1252	3	0	6	0	1261
8441	9	1296	0	2	0	1307
8442	4	6	1332	1	0	1343
8443	1345	3	8	0	0	1356
8444	1379	0	4	1	0	1384
8445	1388	1	1	1	0	1391
8446	1391	0	0	1	0	1392
8447	10	1430	0	2	0	1442
8448	1447	6	0	1	0	1454
8449	1484	3	1	1	0	1489
8450	1485	0	1	1	0	1487
8451	11	2	0	1502	0	1515
8452	1499	0	1	11	0	1511
8453	11	1563	1	3	0	1578
8454	5	10	1646	3	0	1664
8455	2	4	14	1709	0	1729
8456	1733	1	1	14	0	1749
8457	17	1	1718	2	0	1738
8458	5	0	16	1732	0	1753
8459	2	0	1720	16	0	1738
8460	3	1710	14	3	0	1730
8461	1	15	3	1692	0	1711
8462	0	3	1712	17	0	1732
8463	0	1705	15	3	0	1723
8464	3	17	4	1712	0	1736
8465	1725	2	4	22	0	1753
8466	1729	0	1	2	0	1732
8467	1746	1	4	0	0	1751
8468	1731	1	0	3	0	1735
8469	1718	0	2	1	0	1721
8470	16	1	1711	1	0	1729
8471	1701	1	12	3	0	1717
8472	1753	0	2	2	0	1757
8473	16	2	0	1741	0	1759
8474	1747	1	2	14	0	1764
8475	1706	1	2	1	0	1710
8476	15	1654	0	2	0	1671
8477	5	12	1	1656	0	1674
8478	3	1	2	1657	0	1663
8479	1647	0	0	15	0	1662
8480	14	1635	1	1	0	1651
8481	4	1669	0	2	0	1675
8482	4	14	0	1707	0	1725
8483	5	1	2	1737	0	1745
8484	3	0	0	1699	0	1702
8485	2	1	1	1732	0	1736
8486	1698	1	0	19	0	1718
8487	1700	0	0	3	0	1703
8488	16	0	1701	3	0	1720
8489	4	2	12	1686	0	1704
8490	4	1	1	1709	0	1715
8491	1	2	1684	16	0	1703
8492	1650	0	13	5	0	1668
8493	16	1671	1	4	0	1692
8494	1667	13	0	2	0	1682
8495	14	2	1	1668	0	1685
8496	3	1	1681	14	0	1699
8497	1	3	12	1739	0	1755
8498	1	0	1778	16	0	1795
8499	1	1806	13	5	0	1825
8500	1798	15	3	3	0	1819
8501	1802	2	2	3	0	1809
8502	16	1802	1	1	0	1820
8503	4	14	1	1780	0	1799
8504	1765	0	2	14	0	1781
8505	15	1746	3	4	0	1768
8506	4	13	2	1768	0	1787
8507	1794	2	1	14	0	1811
8508	14	3	1758	3	0	1778
8509	1762	2	13	2	0	1779
8510	13	1771	1	4	0	1789
8511	1756	12	2	0	0	1770
8512	1748	4	1	2	0	1755
8513	15	1	1744	2	0	1762
8514	4	2	12	1707	0	1725
8515	2	3	1	1739	0	1745
8516	2	0	1739	16	0	1757
8517	3	1	13	1702	0	1719
8518	2	2	1	1621	0	1626
8519	1734	0	1	18	0	1753
8520	1742	4	1	3	0	1750
8521	13	0	3	1727	0	1743
8522	4	0	1742	16	0	1762
8523	5	1	13	1744	0	1763
8524	4	1	2	1771	0	1778
8525	2	1	1784	15	0	1802
8526	1	0	16	1805	0	1822
8527	1800	2	2	15	0	1819
8528	1789	0	2	7	0	1798
8529	14	1774	5	3	0	1796
8530	1821	14	0	4	0	1839
8531	1843	0	2	4	0	1849
8532	19	1822	1	5	0	1847
8533	1852	14	1	3	0	1870
8534	1865	1	0	4	0	1870
8535	1897	0	3	1	0	1901
8536	16	3	1877	3	0	1899
8537	1848	0	13	2	0	1863
8538	19	0	2	1901	0	1922
8539	1891	1	1	14	0	1907
8540	15	0	1875	3	0	1893
8541	6	1824	11	1	0	1842
8542	1807	16	2	2	0	1827
8543	18	1875	0	1	0	1894
8544	8	14	2	1847	0	1871
8545	3	2	2	1893	0	1900
8546	1905	0	0	17	0	1922
8547	1859	4	0	3	0	1866
8548	20	2	1849	3	0	1874
8549	3	0	1741	5	0	1749
8550	4	1	1768	2	0	1775
8551	3	17	15	1738	0	1773
8552	2	1	1739	15	0	1757
8553	1	1	1660	3	0	1665
8554	12	29	10	1568	0	1619
8555	1668	0	6	9	0	1683
8556	1683	0	2	3	0	1688
8557	1682	0	3	3	0	1688
8558	1694	0	2	0	0	1696
8559	7	0	1	1686	0	1694
8560	2	0	1	1700	0	1703
8561	2	0	1772	6	0	1780
8562	2	1	8	1740	0	1751
8563	4	1	5	1692	0	1702
8564	1814	1	1	11	0	1827
8565	1796	0	0	6	0	1802
8566	15	0	1	1776	0	1792
8567	1795	0	1	7	0	1803
8568	1815	0	0	6	0	1821
8569	13	0	2	1839	0	1854
8570	7	0	2	1821	0	1830
8571	2	1	1808	15	0	1826
8572	3	1	1766	7	0	1777
8573	4	2	13	1802	0	1821
8574	1	1	5	1828	0	1835
8575	1	0	1820	15	0	1836
8576	1768	0	8	7	0	1783
8577	1793	0	6	2	0	1801
8578	17	0	1776	2	0	1795
8579	6	1774	11	3	0	1794
8580	1799	7	8	1	0	1815
8581	9	4	1868	4	0	1885
8582	6	5	8	1836	0	1855
8583	7	2	5	1870	0	1884
8584	1938	2	3	18	0	1961
8585	2009	0	0	11	0	2020
8586	17	0	3	2031	0	2051
8587	8	2	2	2111	0	2123
8588	2163	1	0	14	0	2178
8589	2164	0	3	7	0	2174
8590	2157	0	4	5	0	2166
8591	14	0	2191	5	0	2210
8592	9	0	12	2193	0	2214
8593	6	0	9	2233	0	2248
8594	2223	1	4	20	0	2248
8595	12	2257	1	15	0	2285
8596	2465	10	5	6	0	2486
8597	27	2429	2	5	0	2463
8598	14	21	0	2514	0	2549
8599	8	9	3	2548	0	2568
8600	1	3	2549	39	0	2592
8601	6	1	27	2547	0	2581
8602	3	0	2541	33	0	2577
8603	6	1	31	2557	0	2595
8604	3	4	14	2560	0	2581
8605	8	2476	4	43	0	2531
8606	6	2564	9	13	0	2592
8607	4	34	1	2514	0	2553
8608	5	10	4	2580	0	2599
8609	7	5	5	2587	0	2604
8610	10	4	4	2609	0	2627
8611	6	1	5	2644	0	2656
8612	3	2	2591	49	0	2645
8613	5	2	32	2580	0	2619
8614	7	3	11	2621	0	2642
8615	8	2	2544	49	0	2603
8616	1	2522	36	18	0	2577
8617	7	27	11	2559	0	2604
8618	7	11	2549	43	0	2610
8619	7	2575	36	17	0	2635
8620	6	34	11	2610	0	2661
8621	2649	10	8	40	0	2707
8622	30	3	9	2620	0	2662
8623	11	3	5	2640	0	2659
8624	5	2	2	2675	0	2684
8625	8	2	5	2606	0	2621
8626	7	2539	3	50	0	2599
8627	6	30	5	2582	0	2623
8628	2623	11	4	48	0	2686
8629	36	3	4	2659	0	2702
8630	13	4	4	2634	0	2655
8631	6	4	4	2657	0	2671
8632	2573	0	7	52	0	2632
8633	2594	2	6	29	0	2631
8634	38	6	1	2589	0	2634
8635	2472	3	1	42	0	2518
8636	2525	2	2	17	0	2546
8637	37	2516	4	14	0	2571
8638	2478	25	2	18	0	2523
8639	31	2504	2	17	0	2554
8640	16	2501	5	9	0	2531
8641	10	35	6	2507	0	2558
8642	9	11	2526	35	0	2581
8643	6	7	27	2441	0	2481
8644	2	12	12	2457	0	2483
8645	3	2445	3	43	0	2494
8646	2438	28	5	16	0	2487
8647	28	18	2	2435	0	2483
8648	12	5	2521	40	0	2578
8649	7	6	26	2489	0	2528
8650	8	2544	11	35	0	2598
8651	2567	25	3	22	0	2617
8652	28	13	7	2587	0	2635
8653	15	6	2592	35	0	2648
8654	8	9	26	2573	0	2616
8655	4	2494	12	36	0	2546
8656	6	28	7	2542	0	2583
8657	2629	14	5	39	0	2687
8658	2688	6	7	26	0	2727
8659	2707	5	2	18	0	2732
8660	44	2716	5	17	0	2782
8661	2688	32	5	16	0	2741
8662	37	12	3	2700	0	2752
8663	2667	5	7	43	0	2722
8664	34	2687	4	26	0	2751
8665	16	33	2	2707	0	2758
8666	6	14	2719	43	0	2782
8667	2595	8	28	21	0	2652
8668	32	2733	11	17	0	2793
8669	10	32	6	2716	0	2764
8670	6	12	8	2784	0	2810
8671	9	9	5	2726	0	2749
8672	5	8	3	2688	0	2704
8673	4	2693	8	53	0	2758
8674	2720	32	3	22	0	2777
8675	2735	13	2	18	0	2768
8676	39	7	2757	14	0	2817
8677	16	10	29	2767	0	2822
8678	10	5	2771	41	0	2827
8679	2734	5	30	18	0	2787
8680	2766	8	8	15	0	2797
8681	2676	5	3	17	0	2701
8682	45	2	6	2605	0	2658
8683	15	2574	5	54	0	2648
8684	2581	30	3	23	0	2637
8685	38	14	2	2534	0	2588
8686	2533	7	4	39	0	2583
8687	36	5	2420	19	0	2480
8688	25	3	2351	9	0	2388
8689	2405	2	31	14	0	2452
8690	41	8	11	2398	0	2458
8691	2362	4	7	33	0	2406
8692	36	2367	2	15	0	2420
8693	2394	29	5	9	0	2437
8694	2411	9	6	11	0	2437
8695	35	8	2378	8	0	2429
8696	14	4	2087	3	0	2108
8697	7	2131	19	5	0	2162
8698	30	19	22	2036	0	2107
8699	2037	8	18	15	0	2078
8700	10	2	1	2055	0	2068
8701	7	1	1	2086	0	2095
8702	4	3	2067	14	0	2088
8703	2037	2	9	4	0	2052
8704	15	5	4	2095	0	2119
8705	10	1	2066	13	0	2090
8706	2	2	2019	7	0	2030
8707	4	16	12	2061	0	2093
8708	2	4	2079	16	0	2101
8709	6	1	2052	7	0	2066
8710	3	4	11	1940	0	1958
8711	1	2	2104	13	0	2120
8712	1	2	13	2058	0	2074
8713	3	2022	3	12	0	2040
8714	2146	9	2	5	0	2162
8715	12	2185	4	4	0	2205
8716	4	12	4	2203	0	2223
8717	2	2270	1	17	0	2290
8718	0	15	2385	7	0	2407
8719	2	5	21	2756	0	2784
8720	2	5	3184	32	0	3223
8721	3198	1	44	10	0	3253
8722	45	3421	20	4	0	3490
8723	3455	48	8	3	0	3514
8724	58	22	5	3423	0	3508
8725	3474	11	5	48	0	3538
8726	61	0	3453	24	0	3538
8727	28	3464	48	12	0	3552
8728	3441	51	19	7	0	3518
8729	62	22	14	3350	0	3448
8730	31	3457	5	48	0	3541
8731	16	55	2	3514	0	3587
8732	3562	25	2	64	0	3653
8733	57	3821	4	29	0	3911
8734	3857	65	4	15	0	3941
8735	78	28	3793	7	0	3906
8736	3798	14	67	8	0	3887
8737	85	8	23	3813	0	3929
8738	3800	6	10	72	0	3888
8739	79	3791	3	28	0	3901
8740	34	66	4	3800	0	3904
8741	20	26	4	3856	0	3906
8742	15	16	3719	90	0	3840
8743	12	10	65	3701	0	3788
8744	10	6	28	3801	0	3845
8745	14	7	13	3808	0	3842
8746	8	5	5	3832	0	3850
8747	8	4	3723	108	0	3843
8748	7	3578	66	43	0	3694
8749	5	68	23	3647	0	3743
8750	3595	24	12	87	0	3718
8751	3615	10	11	37	0	3673
8752	83	3615	13	23	0	3734
8753	3588	71	5	19	0	3683
8754	3635	27	9	15	0	3686
8755	3626	12	5	16	0	3659
8756	103	3532	6	13	0	3654
8757	3449	69	8	10	0	3536
8758	87	30	5	3352	0	3474
8759	39	16	3333	69	0	3457
8760	30	3298	62	27	0	3417
8761	22	67	30	3294	0	3413
8762	16	30	3261	69	0	3376
8763	3255	12	62	30	0	3359
8764	66	7	27	3263	0	3363
8765	30	14	11	3289	0	3344
8766	21	11	7	3253	0	3292
8767	12	6	9	3271	0	3298
8768	15	11	3137	98	0	3261
8769	3050	8	64	42	0	3164
8770	70	3106	21	28	0	3225
8771	3138	61	17	19	0	3235
8772	81	3136	9	16	0	3242
8773	3171	72	6	16	0	3265
8774	84	26	5	3141	0	3256
8775	41	12	3113	76	0	3242
8776	20	14	3108	32	0	3174
8777	17	12	79	3120	0	3228
8778	17	10	27	3156	0	3210
8779	14	11	17	3182	0	3224
8780	3103	10	10	103	0	3226
8781	68	9	3116	51	0	3244
8782	35	5	67	3032	0	3139
8783	17	3117	25	79	0	3238
8784	3119	61	17	37	0	3234
8785	67	23	3109	25	0	3224
8786	35	3071	66	23	0	3195
8787	20	61	3115	19	0	3215
8788	15	32	69	3111	0	3227
8789	21	20	3108	69	0	3218
8790	20	10	3130	35	0	3195
8791	17	11	85	3137	0	3250
8792	8	16	3114	78	0	3216
8793	20	8	3171	31	0	3230
8794	12	12	88	3126	0	3238
8795	3087	8	40	80	0	3215
8796	68	7	3082	39	0	3196
8797	34	7	72	3051	0	3164
8798	17	10	38	3112	0	3177
8799	3051	5	26	99	0	3181
8800	75	10	13	3079	0	3177
8801	3029	3	17	88	0	3137
8802	74	2985	17	47	0	3123
8803	32	62	12	3053	0	3159
8804	3055	21	6	87	0	3169
8805	3086	9	13	43	0	3151
8806	89	12	8	3046	0	3155
8807	38	9	3029	80	0	3156
8808	2981	10	66	39	0	3096
8809	76	3037	31	25	0	3169
8810	2943	64	20	23	0	3050
8811	3009	30	11	24	0	3074
8812	3043	11	12	23	0	3089
8813	97	11	2941	14	0	3063
8814	44	2926	65	20	0	3055
8815	29	78	21	2870	0	2998
8816	33	42	27	2899	0	3001
8817	21	13	2816	83	0	2933
8818	18	2617	55	43	0	2733
8819	14	2227	22	18	0	2281
8820	6	1862	10	14	0	1892
8821	1693	34	86	5	0	1818
8822	40	7	5	1614	0	1666
8823	7	2	2	1625	0	1636
8824	3	4	1615	26	0	1648
8825	1579	5	19	7	0	1610
8826	24	3	2	1619	0	1648
8827	7	8	5	1625	0	1645
8828	12	0	1593	24	0	1629
8829	5	1574	17	4	0	1600
8830	11	24	4	1574	0	1613
8831	2	4	1545	22	0	1573
8832	6	1392	16	7	0	1421
8833	1199	7	4	4	0	1214
8834	9	0	1246	1	0	1256
8835	0	3	5	1202	0	1210
8836	1	1224	0	8	0	1233
8837	1225	7	4	3	0	1239
8838	7	0	0	1236	0	1243
8839	1238	0	0	6	0	1244
8840	1248	0	1	1	0	1250
8841	3	1250	0	2	0	1255
8842	1261	5	1	2	0	1269
8843	1299	0	0	4	0	1303
8844	6	1	1326	0	0	1333
8845	1299	0	5	4	0	1308
8846	4	0	1316	1	0	1321
8847	1300	1	3	0	0	1304
8848	1326	1	1	0	0	1328
8849	4	1	1363	0	0	1368
8850	2	0	3	1374	0	1379
8851	2	1	1405	5	0	1413
8852	0	0	1310	1	0	1311
8853	1	1	1414	2	0	1418
8854	5	3	3	1409	0	1420
8855	0	0	0	1534	0	1534
8856	0	0	1	1552	0	1553
8857	0	0	0	1600	0	1600
8858	0	0	1622	11	0	1633
8859	2	0	11	1597	0	1610
8860	0	1574	1	20	0	1595
8861	0	16	1682	1	0	1699
8862	0	2	16	1663	0	1681
8863	0	2	1714	16	0	1732
8864	0	1694	19	1	0	1714
8865	0	1719	1	4	0	1724
8866	0	17	3	1721	0	1741
8867	1	3	1719	18	0	1741
8868	0	3	1743	2	0	1748
8869	0	0	21	1747	0	1768
8870	0	1	4	1768	0	1773
8871	0	0	3	1783	0	1786
8872	0	1	1770	21	0	1792
8873	1	1759	17	4	0	1781
8874	0	1847	2	4	0	1853
8875	0	20	3	1837	0	1860
8876	0	4	1801	18	0	1823
8877	1	2	1808	3	0	1814
8878	1	1898	19	3	0	1921
8879	1919	18	5	5	0	1947
8880	16	1932	3	1	0	1952
8881	3	20	2017	0	0	2040
8882	2005	2	21	0	0	2028
8883	21	2	3	2090	0	2116
8884	2132	0	4	25	0	2161
8885	23	0	1	2124	0	2148
8886	5	2	1	2158	0	2166
8887	2152	0	0	27	0	2179
8888	23	2205	1	7	0	2236
8889	4	26	2205	2	0	2237
8890	4	2230	24	0	0	2258
8891	2206	27	6	4	0	2243
8892	26	2207	2	4	0	2239
8893	2217	28	0	4	0	2249
8894	2225	7	1	1	0	2234
8895	31	2241	1	2	0	2275
8896	7	28	0	2233	0	2268
8897	2228	4	1	26	0	2259
8898	2244	5	0	8	0	2257
8899	32	1	1	2210	0	2244
8900	9	4	2171	25	0	2209
8901	4	2	2191	6	0	2203
8902	2	1	31	2217	0	2251
8903	2	3	2178	27	0	2210
8904	2131	2	32	7	0	2172
8905	28	2172	6	12	0	2218
8906	8	28	4	2203	0	2243
8907	2	7	4	2226	0	2239
8908	1	2	5	2208	0	2216
8909	2	1	5	2172	0	2180
8910	0	1	1	2209	0	2211
8911	1	2	2179	39	0	2221
8912	1	2184	30	11	0	2226
8913	2208	28	6	7	0	2249
8914	27	7	2	2178	0	2214
8915	6	2	1	2209	0	2218
8916	4	4	2	2202	0	2212
8917	1	2182	5	37	0	2225
8918	3	29	2	2238	0	2272
8919	6	5	4	2261	0	2276
8920	2210	6	0	35	0	2251
8921	27	2134	2	12	0	2175
8922	7	2172	0	7	0	2186
8923	3	34	3	2181	0	2221
8924	2164	9	2	29	0	2204
8925	29	5	2167	7	0	2208
8926	2097	2	28	10	0	2137
8927	31	2	2214	3	0	2250
8928	6	4	29	2195	0	2234
8929	5	2	5	2219	0	2231
8930	2	4	2	2190	0	2198
8931	1	2	0	2214	0	2217
8932	2	2	3	2155	0	2162
8933	2197	0	5	35	0	2237
8934	30	2	2158	12	0	2202
8935	8	2	27	2190	0	2227
8936	4	2	2247	31	0	2284
8937	4	2246	30	9	0	2289
8938	2258	25	3	11	0	2297
8939	28	7	2313	6	0	2354
8940	8	5	24	2367	0	2404
8941	4	3	7	2437	0	2451
8942	2	0	2433	38	0	2473
8943	1	2	2440	11	0	2454
8944	6	4	32	2338	0	2380
8945	2436	2	12	28	0	2478
8946	2442	3	4	12	0	2461
8947	31	2411	3	11	0	2456
8948	2465	27	1	4	0	2497
8949	34	9	3	2357	0	2403
8950	7	2454	1	34	0	2496
8951	5	28	5	2453	0	2491
8952	5	9	2485	34	0	2533
8953	4	9	30	2403	0	2446
8954	7	1	6	2450	0	2464
8955	2328	1	2	34	0	2365
8956	24	2325	2	10	0	2361
8957	2281	21	2	8	0	2312
8958	26	2274	3	3	0	2306
8959	2204	18	1	3	0	2226
8960	17	2170	1	4	0	2192
8961	6	2174	3	3	0	2186
8962	2186	19	1	3	0	2209
8963	18	10	1	2142	0	2171
8964	5	2168	4	15	0	2192
8965	2206	12	8	5	0	2231
8966	2201	7	2	3	0	2213
8967	2230	3	5	4	0	2242
8968	2191	0	2	5	0	2198
8969	19	2198	0	5	0	2222
8970	10	14	1	2226	0	2251
8971	4	7	2	2271	0	2284
8972	2277	3	2	21	0	2303
8973	15	1	0	2256	0	2272
8974	2233	1	2	15	0	2251
8975	14	2	2196	11	0	2223
8976	2162	1	15	9	0	2187
8977	17	2	2178	5	0	2202
8978	10	16	14	2140	0	2180
8979	2131	1	4	20	0	2156
8980	11	2108	7	11	0	2137
8981	2031	9	2	7	0	2049
8982	11	2034	1	1	0	2047
8983	3	13	2	2102	0	2120
8984	1	3	2048	13	0	2065
8985	1943	12	7	3	0	1965
8986	5	2048	3	2	0	2058
8987	7	12	5	2008	0	2032
8988	3	2	0	1986	0	1991
8989	0	3	0	1977	0	1980
8990	1	1	1986	8	0	1996
8991	0	1970	4	6	0	1980
8992	1970	4	2	4	0	1980
8993	1957	1	4	3	0	1965
8994	6	1958	1	1	0	1966
8995	1994	4	1	5	0	2004
8996	7	4	1	1999	0	2011
8997	3	2009	1	5	0	2018
8998	2020	7	0	2	0	2029
8999	6	1	1984	3	0	1994
9000	2	2012	5	1	0	2020
9001	5	6	1	2008	0	2020
9002	3	1	2	2016	0	2022
9003	1	2	1996	3	0	2002
9004	1	2	4	1953	0	1960
9005	2	0	1986	6	0	1994
9006	5	1	4	1962	0	1972
9007	4	1	1	1999	0	2005
9008	1	4	2	1995	0	2002
9009	3	3	0	2008	0	2014
9010	2	1	2016	10	0	2029
9011	0	3	2163	9	0	2175
9012	1	2401	13	5	0	2420
9013	3	21	5	2556	0	2585
9014	2	6	2648	23	0	2679
9015	1	2631	25	7	0	2664
9016	7	28	5	2734	0	2774
9017	1	7	2830	31	0	2869
9018	2734	5	37	8	0	2784
9019	2938	1	7	10	0	2956
9020	44	1	8	2922	0	2975
9021	13	4	2924	38	0	2979
9022	10	2	33	2917	0	2962
9023	2922	1	9	43	0	2975
9024	36	2999	6	11	0	3052
9025	3043	36	2	9	0	3090
9026	3091	8	1	5	0	3105
9027	43	8	3	2985	0	3039
9028	16	1	2	3019	0	3038
9029	13	0	0	3026	0	3039
9030	3	3	0	3024	0	3030
9031	2	1	2	3022	0	3027
9032	2991	0	3	52	0	3046
9033	3016	2	3	16	0	3037
9034	3004	3	0	11	0	3018
9035	50	1	2882	5	0	2938
9036	2865	1	28	5	0	2899
9037	51	3	6	2855	0	2915
9038	9	1	2859	39	0	2908
9039	10	2765	37	18	0	2830
9040	5	43	15	2749	0	2812
9041	3	11	13	2742	0	2769
9042	5	2741	3	43	0	2792
9043	6	35	5	2813	0	2859
9044	7	8	2790	44	0	2849
9045	11	10	2836	9	0	2866
9046	6	5	45	2851	0	2907
9047	2843	0	17	46	0	2906
9048	2828	4	13	19	0	2864
9049	52	1	2808	17	0	2878
9050	24	2661	38	5	0	2728
9051	13	2755	11	12	0	2791
9052	2680	45	11	9	0	2745
9053	42	17	2682	13	0	2754
9054	17	7	38	2666	0	2728
9055	2677	6	10	45	0	2738
9056	39	2646	11	21	0	2717
9057	14	2699	5	17	0	2735
9058	2672	40	0	12	0	2724
9059	46	10	6	2683	0	2745
9060	2855	9	3	47	0	2914
9061	51	5	6	3178	0	3240
9062	20	4	4	3275	0	3303
9063	22	2	3246	77	0	3347
9064	9	3	62	3341	0	3415
9065	11	5	19	3377	0	3412
9066	3347	6	15	80	0	3448
9067	65	4	5	3392	0	3466
9068	24	7	3373	77	0	3481
9069	3368	6	62	34	0	3470
9070	65	6	26	3404	0	3501
9071	3387	3	22	73	0	3485
9072	74	3256	6	44	0	3380
9073	30	3411	5	32	0	3478
9074	3370	76	10	17	0	3473
9075	3409	30	16	16	0	3471
9076	91	19	13	3344	0	3467
9077	46	9	3307	78	0	3440
9078	30	8	67	3342	0	3447
9079	3306	10	27	77	0	3420
9080	71	3301	22	37	0	3431
9081	41	65	4	3333	0	3443
9082	3309	35	4	76	0	3424
9083	71	22	3232	35	0	3360
9084	3241	14	64	30	0	3349
9085	3129	7	31	29	0	3196
9086	94	4	3240	21	0	3359
9087	50	9	3311	20	0	3390
9088	28	10	79	3243	0	3360
9089	20	1	40	3310	0	3371
9090	19	3320	19	91	0	3449
9091	17	68	5	3383	0	3473
9092	18	30	3392	91	0	3531
9093	22	17	69	3433	0	3541
9094	14	5	37	3586	0	3642
9095	19	6	3443	96	0	3564
9096	13	3434	70	58	0	3575
9097	23	67	30	3466	0	3586
9098	11	32	22	3539	0	3604
9099	3471	19	12	105	0	3607
9100	84	9	7	3472	0	3572
9101	41	8	3419	96	0	3564
9102	3430	10	70	44	0	3554
9103	3492	10	33	28	0	3563
9104	3515	12	17	24	0	3568
9105	120	5	3385	18	0	3528
9106	52	9	73	3382	0	3516
9107	26	6	36	3440	0	3508
9108	15	7	27	3458	0	3507
9109	3342	6	10	117	0	3475
9110	78	3322	11	66	0	3477
9111	44	60	3079	20	0	3203
9112	19	2990	54	25	0	3088
9113	11	2833	35	20	0	2899
9114	18	2777	17	14	0	2826
9115	33	80	29	2678	0	2820
9116	15	26	2642	62	0	2745
9117	2456	15	43	36	0	2550
9118	44	2544	26	30	0	2644
9119	2470	37	16	16	0	2539
9120	52	2516	6	13	0	2587
9121	2530	51	6	21	0	2608
9122	49	2578	11	9	0	2647
9123	28	47	2589	10	0	2674
9124	18	29	40	2552	0	2639
9125	15	15	22	2639	0	2691
9126	2618	10	13	66	0	2707
9127	51	5	6	2794	0	2856
9128	27	12	2775	52	0	2866
9129	20	9	42	2802	0	2873
9130	14	10	2791	55	0	2870
9131	10	2763	55	30	0	2858
9132	10	51	26	2690	0	2777
9133	10	2811	11	44	0	2876
9134	2787	51	9	24	0	2871
9135	47	29	10	2789	0	2875
9136	32	8	2775	53	0	2868
9137	14	7	2737	35	0	2793
9138	2718	5	72	15	0	2810
9139	47	9	27	2735	0	2818
9140	28	8	2696	53	0	2785
9141	14	14	2640	26	0	2694
9142	11	2639	60	22	0	2732
9143	6	48	39	2478	0	2571
9144	6	2592	15	47	0	2660
9145	7	46	9	2586	0	2648
9146	2595	26	10	54	0	2685
9147	44	7	10	2628	0	2689
9148	25	5	14	2664	0	2708
9149	2649	3	12	74	0	2738
9150	45	10	12	2796	0	2863
9151	24	6	9	2801	0	2840
9152	10	2852	15	67	0	2944
9153	2867	48	3	38	0	2956
9154	2922	29	6	20	0	2977
9155	76	12	7	2876	0	2971
9156	33	6	10	2898	0	2947
9157	19	10	8	2887	0	2924
9158	12	2758	8	89	0	2867
9159	12	2842	11	37	0	2902
9160	24	74	7	2644	0	2749
9161	2265	12	5	44	0	2326
9162	2250	5	7	15	0	2277
9163	37	2177	1	6	0	2221
9164	2050	31	2	8	0	2091
9165	26	2028	1	7	0	2062
9166	11	2015	4	8	0	2038
9167	32	39	8	1952	0	2031
9168	1919	9	5	34	0	1967
9169	29	1872	6	11	0	1918
9170	11	1919	7	6	0	1943
9171	4	29	3	1909	0	1945
9172	7	6	3	1930	0	1946
9173	3	8	1878	33	0	1922
9174	1873	7	24	10	0	1914
9175	1846	5	5	7	0	1863
9176	29	5	1900	9	0	1943
9177	7	4	1926	8	0	1945
9178	5	5	31	1928	0	1969
9179	6	4	8	1963	0	1981
9180	4	1935	1	39	0	1979
9181	4	29	4	1948	0	1985
9182	6	9	1926	35	0	1976
9183	7	2	29	1896	0	1934
9184	5	7	7	1921	0	1940
9185	1893	7	1	39	0	1940
9186	31	2	1861	15	0	1909
9187	1798	5	30	8	0	1841
9188	31	5	1799	10	0	1845
9189	11	7	25	1726	0	1769
9190	3	6	1720	34	0	1763
9191	3	5	1710	15	0	1733
9192	5	12	36	1656	0	1709
9193	1582	9	22	30	0	1643
9194	1567	2	4	16	0	1589
9195	31	1590	9	3	0	1633
9196	1545	24	6	6	0	1581
9197	1552	8	4	9	0	1573
9198	27	1542	5	7	0	1581
9199	5	28	4	1568	0	1605
9200	7	9	2	1593	0	1611
9201	8	4	3	1578	0	1593
9202	4	6	3	1588	0	1601
9203	5	6	1543	34	0	1588
9204	1532	5	24	11	0	1572
9205	29	3	8	1553	0	1593
9206	8	5	3	1552	0	1568
9207	5	1556	6	31	0	1598
9208	7	24	3	1585	0	1619
9209	7	9	1562	31	0	1609
9210	1568	5	24	16	0	1613
9211	31	4	1602	8	0	1645
9212	8	6	25	1536	0	1575
9213	1556	1	5	32	0	1594
9214	23	1583	4	12	0	1622
9215	8	25	2	1633	0	1668
9216	5	7	1630	31	0	1673
9217	5	8	25	1637	0	1675
9218	1637	2	8	36	0	1683
9219	28	5	1629	9	0	1671
9220	9	1	1577	9	0	1596
9221	8	1555	30	6	0	1599
9222	1487	27	10	10	0	1534
9223	26	1479	4	5	0	1514
9224	11	29	1435	1	0	1476
9225	5	4	1376	3	0	1388
9226	5	1346	26	3	0	1380
9227	1173	21	14	2	0	1210
9228	17	1170	8	5	0	1200
9229	3	25	3	1155	0	1186
9230	3	2	3	1174	0	1182
9231	2	6	1172	26	0	1206
9232	8	0	22	1161	0	1191
9233	2	2	1177	26	0	1207
9234	1162	3	26	6	0	1197
9235	1200	2	4	6	0	1212
9236	1196	1	5	1	0	1203
9237	29	2	1165	4	0	1200
9238	1180	0	23	4	0	1207
9239	29	1	5	1148	0	1183
9240	4	1176	4	29	0	1213
9241	1166	21	5	6	0	1198
9242	24	4	1145	5	0	1178
9243	1134	4	19	2	0	1159
9244	1149	1	2	5	0	1157
9245	26	1	1104	3	0	1134
9246	9	1098	24	2	0	1133
9247	5	29	10	1080	0	1124
9248	4	4	1086	22	0	1116
9249	4	5	1051	3	0	1063
9250	3	32	22	904	0	961
9251	2	0	894	18	0	914
9252	3	2	16	854	0	875
9253	1	1	4	836	0	842
9254	0	2	3	856	0	861
9255	3	0	846	20	0	869
9256	2	0	13	847	0	862
9257	2	1	845	18	0	866
9258	2	1	15	853	0	871
9259	876	0	4	18	0	898
9260	12	1	3	893	0	909
9261	5	911	0	16	0	932
9262	4	12	2	942	0	960
9263	955	3	2	17	0	977
9264	17	962	1	6	0	986
9265	5	15	2	984	0	1006
9266	986	5	1	20	0	1012
9267	18	4	999	6	0	1027
9268	5	1	16	1010	0	1032
9269	5	2	1013	18	0	1038
9270	0	0	1001	7	0	1008
9271	2	1	22	997	0	1022
9272	997	2	8	16	0	1023
9273	18	1	981	6	0	1006
9274	972	1	17	7	0	997
9275	21	2	6	999	0	1028
9276	6	1	1007	16	0	1030
9277	5	1	967	6	0	979
9278	1	0	985	4	0	990
9279	1	6	22	942	0	971
9280	959	2	12	14	0	987
9281	14	960	4	5	0	983
9282	5	15	2	956	0	978
9283	1	4	0	977	0	982
9284	967	3	0	18	0	988
9285	980	2	1	7	0	990
9286	17	969	1	5	0	992
9287	989	15	2	0	0	1006
9288	985	6	0	0	0	991
9289	21	3	0	979	0	1003
9290	8	1	983	15	0	1007
9291	984	0	17	5	0	1006
9292	16	0	4	1014	0	1034
9293	5	0	4	1011	0	1020
9294	999	0	2	21	0	1022
9295	19	0	1	961	0	981
9296	6	0	0	978	0	984
9297	964	0	1	20	0	985
9298	17	988	2	8	0	1015
9299	989	15	2	3	0	1009
9300	22	4	984	2	0	1012
9301	996	3	16	2	0	1017
9302	21	1	3	1002	0	1027
9303	3	1022	3	17	0	1045
9304	3	16	0	1038	0	1057
9305	2	3	2	1038	0	1045
9306	5	3	1	1033	0	1042
9307	1017	2	0	21	0	1040
9308	15	980	0	6	0	1001
9309	4	990	2	2	0	998
9310	977	15	1	1	0	994
9311	12	4	997	2	0	1015
9312	4	2	1001	0	0	1007
9313	945	0	24	0	0	969
9314	10	0	955	3	0	968
9315	5	0	9	922	0	936
9316	4	0	6	869	0	879
9317	1	1	0	951	0	953
9318	0	0	0	942	0	942
9319	0	901	2	15	0	918
9320	1	11	0	934	0	946
9321	0	5	923	11	0	939
9322	0	1	12	917	0	930
9323	3	0	904	11	0	918
9324	1	1	890	5	0	897
9325	1	0	15	904	0	920
9326	0	0	923	12	0	935
9327	3	0	12	914	0	929
9328	917	0	5	12	0	934
9329	12	1	918	7	0	938
9330	905	1	11	0	0	917
9331	13	0	5	913	0	931
9332	6	0	909	13	0	928
9333	1	908	13	7	0	929
9334	1	12	4	935	0	952
9335	2	4	972	13	0	991
9336	0	0	14	974	0	988
9337	993	0	5	13	0	1011
9338	1007	0	1	9	0	1017
9339	1035	1	1	3	0	1040
9340	19	0	0	1031	0	1050
9341	6	1	0	1046	0	1053
9342	1	0	1	1072	0	1074
9343	1094	0	0	19	0	1113
9344	17	1108	0	7	0	1132
9345	6	18	1	1139	0	1164
9346	2	6	1	1170	0	1179
9347	1146	1	1	30	0	1178
9348	21	1185	1	11	0	1218
9349	10	21	0	1227	0	1258
9350	1227	8	1	23	0	1259
9351	1234	1	0	9	0	1244
9352	31	0	0	1212	0	1243
9353	1225	0	0	23	0	1248
9354	25	0	0	1224	0	1249
9355	8	1	1244	23	0	1276
9356	1	0	22	1250	0	1273
9357	0	0	8	1284	0	1292
9358	1	0	1	1287	0	1289
9359	1225	0	1	30	0	1256
9360	24	1216	0	9	0	1249
9361	1182	21	0	4	0	1207
9362	24	1163	0	3	0	1190
9363	8	1184	0	2	0	1194
9364	1169	30	4	0	0	1203
9365	22	1184	0	2	0	1208
9366	7	22	1	1179	0	1209
9367	1164	6	0	25	0	1195
9368	1174	1	2	7	0	1184
9369	29	1	1	1160	0	1191
9370	7	0	0	1163	0	1170
9371	2	1152	2	27	0	1183
9372	1174	22	0	6	0	1202
9373	1177	6	0	3	0	1186
9374	29	1227	1	1	0	1258
9375	8	1253	1	1	0	1263
9376	1	31	1	1239	0	1272
9377	1248	6	1	27	0	1282
9378	26	3	0	1243	0	1272
9379	7	1	0	1272	0	1280
9380	3	1	1232	31	0	1267
9381	1	2	1238	9	0	1250
9382	4	1	28	1221	0	1254
9383	3	1	1238	25	0	1267
9384	2	1230	25	6	0	1263
9385	2	25	5	1255	0	1287
9386	0	6	0	1275	0	1281
9387	0	2	0	1275	0	1277
9388	3	0	1257	33	0	1293
9389	3	1	1231	7	0	1242
9390	1204	1	30	4	0	1239
9391	24	1233	3	1	0	1261
9392	1227	25	1	1	0	1254
9393	27	5	0	1220	0	1252
9394	1248	2	0	27	0	1277
9395	28	2	0	1257	0	1287
9396	7	1272	1	24	0	1304
9397	1275	26	1	9	0	1311
9398	28	5	1247	3	0	1283
9399	6	1231	24	2	0	1263
9400	1231	25	7	1	0	1264
9401	25	5	2	1207	0	1239
9402	5	1176	1	28	0	1210
9403	1	27	0	1243	0	1271
9404	1232	5	2	27	0	1266
9405	27	3	1	1239	0	1270
9406	1243	1	0	27	0	1271
9407	27	2	1223	6	0	1258
9408	6	4	25	1218	0	1253
9409	1218	0	5	27	0	1250
9410	27	1	1205	6	0	1239
9411	6	1163	26	3	0	1198
9412	2	28	6	1147	0	1183
9413	4	3	1152	23	0	1182
9414	3	1	1150	8	0	1162
9415	1	4	30	1150	0	1185
9416	2	0	1147	26	0	1175
9417	0	1	1148	7	0	1156
9418	1	0	28	1126	0	1155
9419	1137	0	4	27	0	1168
9420	24	1	1	1135	0	1161
9421	4	0	1	1169	0	1174
9422	3	2	1149	27	0	1181
9423	0	3	26	1180	0	1209
9424	1210	0	3	29	0	1242
9425	28	0	1207	4	0	1239
9426	4	1196	25	2	0	1227
9427	3	25	2	1222	0	1252
9428	1227	4	0	26	0	1257
9429	25	1	1	1231	0	1258
9430	5	1232	2	24	0	1263
9431	2	27	1274	4	0	1307
9432	1	5	26	1290	0	1322
9433	1362	0	3	28	0	1393
9434	27	2	1356	5	0	1390
9435	9	1	28	1393	0	1431
9436	1452	1	4	31	0	1488
9437	1537	1	2	8	0	1548
9438	31	1538	2	3	0	1574
9439	1545	29	0	4	0	1578
9440	33	7	0	1537	0	1577
9441	5	1	1561	28	0	1595
9442	1	1512	29	6	0	1548
9443	0	1549	5	1	0	1555
9444	3	31	9	1499	0	1542
9445	2	4	2	1541	0	1549
9446	0	0	1486	24	0	1510
9447	0	1458	19	4	0	1481
9448	1	1475	2	3	0	1481
9449	2	27	2	1405	0	1436
9450	1392	2	1	21	0	1416
9451	21	1380	0	4	0	1405
9452	5	19	0	1406	0	1430
9453	1454	4	0	21	0	1479
9454	21	0	0	1465	0	1486
9455	3	0	0	1439	0	1442
9456	0	0	1	1447	0	1448
9457	0	2	0	1444	0	1446
9458	1428	1	0	23	0	1452
9459	20	1	0	1432	0	1453
9460	2	0	1403	21	0	1426
9461	1383	5	20	4	0	1412
9462	20	1	1392	1	0	1414
9463	2	4	1423	0	0	1429
9464	0	2	21	1427	0	1450
9465	2	0	2	1451	0	1455
9466	3	1	0	1454	0	1458
9467	1445	1	2	21	0	1469
9468	20	0	1427	5	0	1452
9469	1432	0	16	4	0	1452
9470	1465	1	2	4	0	1472
9471	22	2	1468	2	0	1494
9472	1433	0	17	3	0	1453
9473	19	1	1458	3	0	1481
9474	5	1455	18	1	0	1479
9475	6	25	7	1449	0	1487
9476	2	2	1	1469	0	1474
9477	2	2	1	1455	0	1460
9478	0	1	3	1437	0	1441
9479	1	1	1450	17	0	1469
9480	0	3	1433	5	0	1441
9481	0	1	16	1443	0	1460
9482	2	1	1463	17	0	1483
9483	1422	1	15	2	0	1440
9484	1482	4	5	1	0	1492
9485	16	1	0	1466	0	1483
9486	1459	1	1	14	0	1475
9487	13	1501	2	5	0	1521
9488	1504	14	1	2	0	1521
9489	12	3	1508	4	0	1527
9490	3	1	9	1498	0	1511
9491	2	1519	3	17	0	1541
9492	1555	12	4	8	0	1579
9493	13	2	2	1571	0	1588
9494	4	2	1561	15	0	1582
9495	2	0	16	1533	0	1551
9496	1525	0	4	13	0	1542
9497	14	2	1551	5	0	1572
9498	3	0	14	1551	0	1568
9499	8	0	3	1585	0	1596
9500	4	0	1572	18	0	1594
9501	2	1551	14	7	0	1574
9502	5	1348	10	5	0	1368
9503	4	13	1	1573	0	1591
9504	5	2	5	1613	0	1625
9505	3	0	2	1631	0	1636
9506	1604	3	5	17	0	1629
9507	1615	3	0	8	0	1626
9508	15	0	4	1625	0	1644
9509	1612	0	6	15	0	1633
9510	11	1619	3	13	0	1646
9511	5	13	1	1655	0	1674
9512	2	3	4	1660	0	1669
9513	4	0	2	1669	0	1675
9514	1614	1	3	22	0	1640
9515	13	1585	4	8	0	1610
9516	9	11	1	1617	0	1638
9517	1619	6	2	12	0	1639
9518	13	1	1	1637	0	1652
9519	9	0	6	1616	0	1631
9520	2	1589	0	21	0	1612
9521	10	1619	1	7	0	1637
9522	7	11	3	1617	0	1638
9523	4	8	5	1605	0	1622
9524	1565	3	3	19	0	1590
9525	15	2	4	1564	0	1585
9526	4	3	1546	13	0	1566
9527	2	1	11	1550	0	1564
9528	0	1528	6	19	0	1553
9529	1573	8	1	9	0	1591
9530	11	6	3	1565	0	1585
9531	8	2	2	1518	0	1530
9532	4	1516	5	14	0	1539
9533	1466	4	1	9	0	1480
9534	8	1548	2	7	0	1565
9535	4	10	4	1523	0	1541
9536	6	4	1501	7	0	1518
9537	7	17	12	1399	0	1435
9538	1386	0	3	11	0	1400
9539	11	1405	1	4	0	1421
9540	4	8	2	1399	0	1413
9541	1	1364	2	10	0	1377
9542	3	7	2	1389	0	1401
9543	1	4	1371	11	0	1387
9544	2	9	10	1341	0	1362
9545	1	0	2	1346	0	1349
9546	2	1	1	1364	0	1368
9547	1317	1	2	12	0	1332
9548	1337	0	0	5	0	1342
9549	11	1342	2	1	0	1356
9550	1354	9	2	3	0	1368
9551	8	1346	1	3	0	1358
9552	3	1372	2	3	0	1380
9553	1316	12	1	3	0	1332
9554	8	6	1307	2	0	1323
9555	2	1	8	1327	0	1338
9556	1	1	3	1344	0	1349
9557	1	0	0	1378	0	1379
9558	1345	1	1	15	0	1362
9559	11	1343	0	7	0	1361
9560	4	8	1	1361	0	1374
9561	3	1349	1	10	0	1363
9562	1440	9	0	4	0	1453
9563	10	6	0	1462	0	1478
9564	7	2	0	1673	0	1682
9565	1	1831	0	21	0	1853
9566	2	19	0	1937	0	1958
9567	3	11	2	1947	0	1963
9568	1918	3	0	36	0	1957
9569	20	1871	1	18	0	1910
9570	12	1934	0	8	0	1954
9571	3	31	0	1899	0	1933
9572	3	12	1858	22	0	1895
9573	3	3	1843	12	0	1861
9574	2	5	29	1827	0	1863
9575	1	2	1823	29	0	1855
9576	2	5	22	1828	0	1857
9577	2	2	14	1759	0	1777
9578	1	1	3	1866	0	1871
9579	1816	4	4	36	0	1860
9580	21	4	2	1824	0	1851
9581	13	1	2	1813	0	1829
9582	4	1789	0	38	0	1831
9583	5	26	1	1838	0	1870
9584	1	14	1797	30	0	1842
9585	2	3	22	1817	0	1844
9586	2	5	12	1840	0	1859
9587	1757	2	4	41	0	1804
9588	22	1	8	1773	0	1804
9589	12	1	2	1754	0	1769
9590	1	3	4	1779	0	1787
9591	1679	0	1	42	0	1722
9592	24	1706	2	23	0	1755
9593	16	23	3	1699	0	1741
9594	1	13	0	1726	0	1740
9595	3	1	1684	39	0	1727
9596	1	5	22	1687	0	1715
9597	1627	3	14	34	0	1678
9598	23	1640	3	23	0	1689
9599	15	21	6	1607	0	1649
9600	1	14	3	1640	0	1658
9601	6	1	1598	42	0	1647
9602	1545	5	21	21	0	1592
9603	22	1579	13	15	0	1629
9604	1584	24	1	19	0	1628
9605	25	11	8	1589	0	1633
9606	16	5	3	1617	0	1641
9607	5	8	2	1632	0	1647
9608	7	4	3	1629	0	1643
9609	1597	3	2	45	0	1647
9610	27	3	2	1571	0	1603
9611	15	1539	1	37	0	1592
9612	6	25	3	1577	0	1611
9613	6	11	2	1612	0	1631
9614	1579	2	3	48	0	1632
9615	25	1574	5	18	0	1622
9616	15	27	1	1613	0	1656
9617	1579	16	3	31	0	1629
9618	1613	6	2	21	0	1642
9619	32	7	4	1621	0	1664
9620	15	2	1598	38	0	1653
9621	1579	4	27	20	0	1630
9622	34	4	8	1607	0	1653
9623	13	3	1619	38	0	1673
9624	4	3	23	1648	0	1678
9625	10	5	11	1649	0	1675
9626	7	2	4	1666	0	1679
9627	8	1650	6	43	0	1707
9628	3	27	2	1686	0	1718
9629	8	16	1	1693	0	1718
9630	3	5	0	1706	0	1714
9631	8	7	4	1677	0	1696
9632	6	5	2	1669	0	1682
9633	7	7	0	1650	0	1664
9634	1495	5	4	45	0	1549
9635	27	1	1458	26	0	1512
9636	12	1420	20	20	0	1472
9637	1425	17	13	17	0	1472
9638	23	1435	3	15	0	1476
9639	1407	21	7	12	0	1447
9640	22	19	7	1397	0	1445
9641	1408	6	5	31	0	1450
9642	21	5	5	1415	0	1446
9643	19	3	6	1361	0	1389
9644	6	1378	1	42	0	1427
9645	1393	21	1	23	0	1438
9646	21	13	1392	18	0	1444
9647	13	2	15	1448	0	1478
9648	7	4	1439	30	0	1480
9649	11	3	1404	21	0	1439
9650	1408	5	23	10	0	1446
9651	22	3	13	1431	0	1469
9652	10	7	1416	29	0	1462
9653	7	4	1460	17	0	1488
9654	10	3	25	1442	0	1480
9655	9	2	9	1490	0	1510
9656	1472	2	6	37	0	1517
9657	22	2	5	1478	0	1507
9658	11	3	1515	36	0	1565
9659	6	3	19	1521	0	1549
9660	12	14	13	1491	0	1530
9661	7	1520	3	37	0	1567
9662	1472	20	11	16	0	1519
9663	20	1421	5	17	0	1463
9664	1206	10	3	7	0	1226
9665	7	1021	4	3	0	1035
9666	3	970	4	1	0	978
9667	6	9	4	958	0	977
9668	1	1	6	953	0	961
9669	0	7	3	945	0	955
9670	915	1	0	11	0	927
9671	5	0	924	4	0	933
9672	3	1	4	920	0	928
9673	908	2	0	7	0	917
9674	5	900	4	2	0	911
9675	1	909	1	4	0	915
9676	2	5	1	934	0	942
9677	1	2	1	942	0	946
9678	2	1	1	943	0	947
9679	1	974	0	6	0	981
9680	3	4	0	982	0	989
9681	0	0	975	7	0	982
9682	0	3	907	0	0	910
9683	918	0	4	2	0	924
9684	7	1	1	961	0	970
9685	970	0	3	5	0	978
9686	964	0	0	1	0	965
9687	5	979	0	1	0	985
9688	983	4	0	4	0	991
9689	1018	0	0	3	0	1021
9690	4	2	0	1008	0	1014
9691	2	1	0	1039	0	1042
9692	1	0	1071	5	0	1077
9693	0	1081	4	3	0	1088
9694	1	3	3	992	0	999
9695	0	1	2	1109	0	1112
9696	1115	1	0	5	0	1121
9697	4	0	1	1114	0	1119
9698	1153	0	2	5	0	1160
9699	7	0	1	1180	0	1188
9700	0	1192	0	10	0	1202
9701	1228	7	0	2	0	1237
9702	9	0	0	1378	0	1387
9703	1	2	0	1487	0	1490
9704	3	0	1	1565	0	1569
9705	1	0	1566	18	0	1585
9706	0	0	18	1583	0	1601
9707	1606	1	5	24	0	1636
9708	20	0	3	1693	0	1716
9709	5	1	0	1870	0	1876
9710	4	0	3	1895	0	1902
9711	1	1872	0	32	0	1905
9712	3	1947	0	8	0	1958
9713	1947	29	0	7	0	1983
9714	26	1954	2	6	0	1988
9715	1959	29	0	6	0	1994
9716	1964	8	0	3	0	1975
9717	1977	5	0	6	0	1988
9718	35	1	1960	4	0	2000
9719	8	1986	25	1	0	2020
9720	2009	26	5	3	0	2043
9721	29	7	2	2025	0	2063
9722	9	5	0	2047	0	2061
9723	7	1	3	2041	0	2052
9724	3	1991	1	33	0	2028
9725	6	24	1	2000	0	2031
9726	2006	6	2	31	0	2045
9727	29	5	0	1980	0	2014
9728	11	0	1	2015	0	2027
9729	3	4	1974	36	0	2017
9730	2	3	2024	18	0	2047
9731	8	2	30	2037	0	2077
9732	3	1	8	2077	0	2089
9733	4	2055	3	38	0	2100
9734	4	28	4	2065	0	2101
9735	1	6	4	2107	0	2118
9736	2	2	2	2102	0	2108
9737	2057	0	3	42	0	2102
9738	28	7	2078	13	0	2126
9739	7	2	26	2128	0	2163
9740	2127	4	6	33	0	2170
9741	2143	4	4	11	0	2162
9742	37	2	2	2121	0	2162
9743	10	1	3	2149	0	2163
9744	2104	2	0	40	0	2146
9745	29	2093	4	9	0	2135
9746	11	2125	3	7	0	2146
9747	7	32	0	2149	0	2188
9748	2159	8	2	34	0	2203
9749	2192	4	3	14	0	2213
9750	2189	6	1	11	0	2207
9751	37	4	2198	8	0	2247
9752	2151	1	25	11	0	2188
9753	34	3	2160	10	0	2207
9754	2137	2	26	12	0	2177
9755	32	2176	10	9	0	2227
9756	13	24	2178	5	0	2220
9757	15	8	25	2187	0	2235
9758	3	3	2197	33	0	2236
9759	8	2	25	2184	0	2219
9760	2174	5	9	32	0	2220
9761	28	6	2214	12	0	2260
9762	12	3	25	2199	0	2239
9763	11	2324	12	28	0	2375
9764	9	29	8	2389	0	2435
9765	14	6	3	2389	0	2412
9766	6	6	9	2323	0	2344
9767	2369	3	3	40	0	2415
9768	2379	6	7	14	0	2406
9769	33	5	4	2379	0	2421
9770	16	6	2351	38	0	2411
9771	9	9	2323	16	0	2357
9772	11	5	35	2384	0	2435
9773	9	3	2484	38	0	2534
9774	9	7	29	2496	0	2541
9775	14	5	9	2445	0	2473
9776	15	5	8	2507	0	2535
9777	5	2457	5	50	0	2517
9778	9	2413	8	22	0	2452
9779	9	33	9	2527	0	2578
9780	7	10	6	2538	0	2561
9781	6	6	4	2526	0	2542
9782	2506	6	5	43	0	2560
9783	30	6	2539	23	0	2598
9784	12	6	27	2556	0	2601
9785	2547	6	12	39	0	2604
9786	26	2580	7	25	0	2638
9787	16	24	6	2643	0	2689
9788	4	8	8	2679	0	2699
9789	3	9	4	2655	0	2671
9790	10	2	4	2657	0	2673
9791	8	5	2583	47	0	2643
9792	2475	2	23	34	0	2534
9793	2574	4	6	17	0	2601
9794	37	6	2564	12	0	2619
9795	2550	3	27	19	0	2599
9796	2605	3	10	14	0	2632
9797	38	2	2617	15	0	2672
9798	18	2684	24	11	0	2737
9799	16	32	13	2666	0	2727
9800	14	7	2742	30	0	2793
9801	11	2692	23	18	0	2744
9802	11	19	2564	13	0	2607
9803	5	2470	18	9	0	2502
9804	17	14	10	2379	0	2420
9805	4	6	2402	9	0	2421
9806	3	7	13	2376	0	2399
9807	7	0	2426	10	0	2443
9808	6	2380	8	4	0	2398
9809	2233	6	9	4	0	2252
9810	4	2216	0	3	0	2223
9811	1	2328	1	4	0	2334
9812	19	3	8	2348	0	2378
9813	0	1	2	2367	0	2370
9814	0	0	0	2364	0	2364
9815	1	0	1	2333	0	2335
9816	0	0	0	2378	0	2378
9817	3	0	2537	0	0	2540
9818	3	0	0	2495	0	2498
9819	0	0	0	2591	0	2591
9820	2639	0	0	3	0	2642
9821	2654	0	1	1	0	2656
9822	2664	0	0	0	0	2664
9823	5	0	0	2704	0	2709
9824	2928	0	0	7	0	2935
9825	3169	0	0	4	0	3173
9826	3255	0	0	3	0	3258
9827	20	0	3260	0	0	3280
9828	3226	0	17	1	0	3244
9829	3355	1	2	6	0	3364
9830	3325	0	0	3	0	3328
9831	23	0	0	3352	0	3375
9832	4	0	3394	17	0	3415
9833	1	0	18	3366	0	3385
9834	3467	0	3	25	0	3495
9835	21	0	0	3500	0	3521
9836	3	3609	0	21	0	3633
9837	0	18	0	3692	0	3710
9838	3681	2	0	21	0	3704
9839	3699	0	0	5	0	3704
9840	3709	0	1	4	0	3714
9841	27	2	3816	1	0	3846
9842	5	0	20	3787	0	3812
9843	4	0	5	3895	0	3904
9844	4	0	3924	30	0	3958
9845	2	3820	24	11	0	3857
9846	2	22	3877	4	0	3905
9847	4	6	21	3880	0	3911
9848	3898	1	5	24	0	3928
9849	25	2	3989	7	0	4023
9850	6	2	21	4008	0	4037
9851	4	0	4002	26	0	4032
9852	3964	0	24	11	0	3999
9853	26	0	5	4054	0	4085
9854	8	0	4214	28	0	4250
9855	3	1	24	4219	0	4247
9856	3	3	4297	29	0	4332
9857	6	4262	22	9	0	4299
9858	7	20	7	4263	0	4297
9859	4333	7	9	27	0	4376
9860	27	1	4	4412	0	4444
9861	14	0	3	4346	0	4363
9862	4342	1	4	35	0	4382
9863	27	4141	4	16	0	4188
9864	13	4220	5	5	0	4243
9865	9	32	2	4227	0	4270
9866	5	4251	2	30	0	4288
9867	5	24	4	4296	0	4329
9868	2	8	4	4312	0	4326
9869	4317	3	3	40	0	4363
9870	29	4278	1	16	0	4324
9871	9	26	4248	6	0	4289
9872	7	4395	24	8	0	4434
9873	4323	23	10	9	0	4365
9874	4409	5	4	6	0	4424
9875	43	3	3	4362	0	4411
9876	4458	3	6	35	0	4502
9877	34	7	4	4447	0	4492
9878	4456	1	2	42	0	4501
9879	4513	2	4	15	0	4534
9880	45	3	3	4627	0	4678
9881	4669	3	4	43	0	4719
9882	40	2	4691	15	0	4748
9883	4620	4	36	14	0	4674
9884	43	1	10	4720	0	4774
9885	4756	3	5	44	0	4808
9886	43	4766	7	11	0	4827
9887	17	32	7	4780	0	4836
9888	10	8	5	4796	0	4819
9889	4788	6	4	45	0	4843
9890	41	4	4788	18	0	4851
9891	15	4727	38	13	0	4793
9892	11	36	9	4790	0	4846
9893	10	4799	5	41	0	4855
9894	10	36	4	4875	0	4925
9895	9	12	5	4800	0	4826
9896	6	3	2	4882	0	4893
9897	4823	4	3	51	0	4881
9898	46	6	2	4723	0	4777
9899	4771	7	1	51	0	4830
9900	4783	3	3	25	0	4814
9901	50	4	2	4778	0	4834
9902	4775	4	4	45	0	4828
9903	4764	3	4	21	0	4792
9904	53	6	4761	9	0	4829
9905	21	5	38	4673	0	4737
9906	4776	7	8	44	0	4835
9907	43	4764	7	23	0	4837
9908	4852	39	4	10	0	4905
9909	4852	9	8	11	0	4880
9910	55	6	4782	11	0	4854
9911	18	4	39	4603	0	4664
9912	4921	4	10	55	0	4990
9913	50	3	5	5001	0	5059
9914	18	0	9	5191	0	5218
9915	15	2	5	5249	0	5271
9916	13	3	2	5491	0	5509
9917	5462	2	11	65	0	5540
9918	64	5	5608	27	0	5704
9919	24	5	57	5785	0	5871
9920	18	4	6203	71	0	6296
9921	13	3	6443	26	0	6485
9922	6454	4	114	17	0	6589
9923	93	4	6812	15	0	6924
9924	43	6586	98	14	0	6741
9925	6564	86	85	11	0	6746
9926	6609	42	19	10	0	6680
9927	123	15	7	6480	0	6625
9928	61	6	6566	84	0	6717
9929	29	5	6511	40	0	6585
9930	6663	2	116	25	0	6806
9931	88	6	57	6790	0	6941
9932	6792	3	24	85	0	6904
9933	94	6926	17	45	0	7082
9934	6933	82	11	27	0	7053
9935	6930	42	6	15	0	6993
9936	134	6838	12	7	0	6991
9937	66	91	5	6867	0	7029
9938	6856	40	4	92	0	6992
9939	103	14	6844	50	0	7011
9940	58	6897	89	29	0	7073
9941	29	93	51	6874	0	7047
9942	6869	38	28	102	0	7037
9943	105	6921	16	51	0	7093
9944	7001	101	11	38	0	7151
9945	133	54	6937	20	0	7144
9946	6899	28	107	8	0	7042
9947	143	16	6977	11	0	7147
9948	6942	10	122	12	0	7086
9949	6885	13	56	17	0	6971
9950	159	9	6792	13	0	6973
9951	83	6830	100	15	0	7028
9952	52	97	51	6673	0	6873
9953	29	47	6834	110	0	7020
9954	22	6678	116	60	0	6876
9955	36	109	58	6582	0	6785
9956	30	55	36	6710	0	6831
9957	36	32	6576	142	0	6786
9958	29	20	127	6494	0	6670
9959	35	17	58	6606	0	6716
9960	34	10	6543	153	0	6740
9961	39	23	118	6386	0	6566
9962	31	6488	60	142	0	6721
9963	6568	111	45	70	0	6794
9964	133	58	37	6461	0	6689
9965	71	6560	45	118	0	6794
9966	54	112	40	6326	0	6532
9967	52	6639	43	111	0	6845
9968	52	134	6604	54	0	6844
9969	45	6665	125	45	0	6880
9970	6626	137	65	39	0	6867
9971	6671	61	50	30	0	6812
9972	6717	54	38	33	0	6842
9973	199	28	6768	47	0	7042
9974	103	21	6733	32	0	6889
9975	68	6921	171	33	0	7193
9976	62	134	90	6733	0	7019
9977	58	7052	47	139	0	7296
9978	59	157	43	6587	0	6846
9979	48	7062	36	131	0	7277
9980	7076	169	30	75	0	7350
9981	7572	87	24	53	0	7736
9982	222	56	32	7764	0	8074
9983	125	44	7676	171	0	8016
9984	7653	40	160	89	0	7942
9985	198	7779	87	54	0	8118
9986	103	173	58	7671	0	8005
9987	76	94	40	7634	0	7844
9988	69	7818	38	202	0	8127
9989	7836	185	39	101	0	8161
9990	185	106	7775	65	0	8131
9991	116	69	161	7781	0	8127
9992	7797	43	93	176	0	8109
9993	7800	44	73	87	0	8004
9994	276	7714	46	65	0	8101
9995	138	166	61	7609	0	7974
9996	83	7842	52	171	0	8148
9997	7991	188	40	100	0	8319
9998	184	103	7953	69	0	8309
9999	103	81	7961	58	0	8203
10000	70	63	220	7852	0	8205
10001	51	46	113	7851	0	8061
10002	57	7870	59	224	0	8210
10003	50	171	54	7921	0	8196
10004	43	84	7814	228	0	8169
10005	7762	60	179	117	0	8118
10006	181	50	86	7876	0	8193
10007	94	60	7759	215	0	8128
10008	71	48	186	7808	0	8113
10009	61	48	88	7765	0	7962
10010	49	7784	55	234	0	8122
10011	57	175	54	7778	0	8064
10012	39	99	45	7672	0	7855
10013	51	71	45	7637	0	7804
10014	7176	52	43	267	0	7538
10015	187	7025	32	125	0	7369
10016	106	6982	33	84	0	7205
10017	6720	197	29	61	0	7007
10018	6534	93	36	42	0	6705
10019	201	6217	44	42	0	6504
10020	70	5873	26	34	0	6003
10021	5318	127	23	27	0	5495
10022	114	5258	23	19	0	5414
10023	39	5184	13	23	0	5259
10024	5069	122	53	28	0	5272
10025	109	5031	13	29	0	5182
10026	4998	113	16	24	0	5151
10027	4960	53	16	19	0	5048
10028	5003	31	10	20	0	5064
10029	134	4891	9	18	0	5052
10030	48	4899	10	31	0	4988
10031	44	118	8	4717	0	4887
10032	40	4817	11	88	0	4956
10033	33	125	9	4839	0	5006
10034	4886	55	12	112	0	5065
10035	109	38	12	4809	0	4968
10036	54	4779	8	110	0	4951
10037	4724	94	16	47	0	4881
10038	116	4668	11	32	0	4827
10039	51	4794	11	32	0	4888
10040	48	154	14	4546	0	4762
10041	37	4626	5	94	0	4762
10042	4605	100	17	36	0	4758
10043	95	46	4527	27	0	4695
10044	43	4479	76	30	0	4628
10045	27	90	34	4490	0	4641
10046	33	53	4485	87	0	4658
10047	24	33	74	4435	0	4566
10048	16	39	38	4486	0	4579
10049	37	20	24	4519	0	4600
10050	17	29	25	4480	0	4551
10051	28	17	4371	133	0	4549
10052	18	4357	91	72	0	4538
10053	4351	78	35	62	0	4526
10054	80	54	4297	49	0	4480
10055	4297	31	83	51	0	4462
10056	87	37	4372	37	0	4533
10057	50	22	88	4366	0	4526
10058	46	16	4360	94	0	4516
10059	40	22	4462	48	0	4572
10060	24	22	109	4428	0	4583
10061	32	22	60	4262	0	4376
10062	25	33	25	4530	0	4613
10063	24	26	24	4488	0	4562
10064	4403	41	22	123	0	4589
10065	87	17	4379	78	0	4561
10066	4405	20	81	60	0	4566
10067	4416	27	37	44	0	4524
10068	4430	27	17	44	0	4518
10069	4388	30	20	37	0	4475
10070	4432	30	17	34	0	4513
10071	136	27	8	4327	0	4498
10072	75	28	4148	92	0	4343
10073	43	25	3974	52	0	4094
10074	37	4007	80	38	0	4162
10075	3765	83	53	34	0	3935
10076	79	61	27	3673	0	3840
10077	40	69	18	3605	0	3732
10078	38	3614	12	71	0	3735
10079	43	3572	6	40	0	3661
10080	33	3488	7	28	0	3556
10081	2979	76	20	25	0	3100
10082	41	72	2	2605	0	2720
10083	16	2587	6	29	0	2638
10084	12	25	7	2582	0	2626
10085	9	15	2568	28	0	2620
10086	10	7	2642	17	0	2676
10087	13	9	33	2848	0	2903
10088	2962	6	15	38	0	3021
10089	3143	7	3	18	0	3171
10090	3145	9	1	11	0	3166
10091	59	8	3144	11	0	3222
10092	27	9	40	3123	0	3199
10093	10	9	20	3206	0	3245
10094	12	10	3096	62	0	3180
10095	3011	9	41	31	0	3092
10096	45	5	3106	15	0	3171
10097	26	7	3005	7	0	3045
10098	10	5	3071	6	0	3092
10099	8	6	57	3002	0	3073
10100	7	3	23	3083	0	3116
10101	4	1	3117	61	0	3183
10102	3	4	43	3114	0	3164
10103	3171	3	23	47	0	3244
10104	39	2	8	3226	0	3275
10105	22	2	3259	47	0	3330
10106	7	0	3419	31	0	3457
10107	9	6	62	3355	0	3432
10108	3492	4	22	51	0	3569
10109	47	3705	15	26	0	3793
10110	3805	49	14	13	0	3881
10111	3860	24	9	15	0	3908
10112	85	5	3927	14	0	4031
10113	35	6	60	3915	0	4016
10114	3980	3	38	62	0	4083
10115	3943	1	14	43	0	4001
10116	81	3965	12	20	0	4078
10117	35	47	17	3975	0	4074
10118	17	25	8	4070	0	4120
10119	22	3	3971	87	0	4083
10120	16	5	67	3943	0	4031
10121	18	4	3980	65	0	4067
10122	22	4	3937	39	0	4002
10123	19	6	86	3883	0	3994
10124	3859	2	40	68	0	3969
10125	63	3784	18	46	0	3911
10126	3801	51	15	24	0	3891
10127	3798	28	16	19	0	3861
10128	82	3769	18	20	0	3889
10129	35	54	14	3650	0	3753
10130	3626	28	14	57	0	3725
10131	64	3613	10	40	0	3727
10132	3558	56	10	14	0	3638
10133	59	3490	8	10	0	3567
10134	39	52	6	3385	0	3482
10135	18	24	10	3456	0	3508
10136	3381	12	5	79	0	3477
10137	3371	9	7	33	0	3420
10138	82	3380	8	21	0	3491
10139	24	60	3287	13	0	3384
10140	14	20	3283	22	0	3339
10141	16	8	67	3217	0	3308
10142	17	3306	27	55	0	3405
10143	13	54	14	3378	0	3459
10144	12	25	13	3374	0	3424
10145	10	5	15	3379	0	3409
10146	8	6	3314	82	0	3410
10147	12	6	3321	45	0	3384
10148	12	3402	63	18	0	3495
10149	13	49	27	3400	0	3489
10150	17	24	13	3511	0	3565
10151	16	12	3412	80	0	3520
10152	3275	11	61	41	0	3388
10153	64	9	28	3450	0	3551
10154	36	11	3449	62	0	3558
10155	3371	11	58	37	0	3477
10156	57	3454	27	28	0	3566
10157	32	55	3567	21	0	3675
10158	19	27	62	3553	0	3661
10159	3518	11	35	65	0	3629
10160	69	13	3581	34	0	3697
10161	32	13	64	3588	0	3697
10162	12	9	40	3657	0	3718
10163	20	3	17	3909	0	3949
10164	3953	6	15	101	0	4075
10165	67	3856	20	44	0	3987
10166	38	61	18	3917	0	4034
10167	20	30	3982	77	0	4109
10168	16	9	65	3907	0	3997
10169	13	3861	39	79	0	3992
10170	18	4064	18	49	0	4149
10171	4028	80	16	27	0	4151
10172	4083	37	11	32	0	4163
10173	94	18	4027	19	0	4158
10174	3956	19	69	19	0	4063
10175	76	4015	32	21	0	4144
10176	4079	65	12	31	0	4187
10177	81	39	12	4060	0	4192
10178	57	18	4137	67	0	4279
10179	36	18	66	4140	0	4260
10180	22	13	4146	79	0	4260
10181	4081	10	72	52	0	4215
10182	82	12	28	4171	0	4293
10183	41	4292	19	71	0	4423
10184	23	74	20	4376	0	4493
10185	16	35	4346	95	0	4492
10186	18	4234	77	53	0	4382
10187	4033	57	35	30	0	4155
10188	60	3903	15	21	0	3999
10189	24	3818	12	22	0	3876
10190	17	64	18	3728	0	3827
10191	14	3745	18	51	0	3828
10192	15	66	8	3833	0	3922
10193	16	29	3788	65	0	3898
10194	3619	23	51	32	0	3725
10195	3789	8	21	23	0	3841
10196	67	14	3738	14	0	3833
10197	3624	16	51	18	0	3709
10198	53	3684	23	13	0	3773
10199	3721	49	10	11	0	3791
10200	58	25	9	3685	0	3777
10201	31	11	3675	46	0	3763
10202	11	3745	43	28	0	3827
10203	16	44	20	3737	0	3817
10204	16	22	12	3747	0	3797
10205	3625	11	7	57	0	3700
10206	3446	13	8	31	0	3498
10207	55	3400	17	16	0	3488
10208	22	3222	8	14	0	3266
10209	13	3128	2	14	0	3157
10210	26	41	11	3024	0	3102
10211	3004	11	15	29	0	3059
10212	2924	5	2	15	0	2946
10213	29	2	3	2906	0	2940
10214	14	2	2	2915	0	2933
10215	2899	6	2	32	0	2939
10216	27	3	0	2941	0	2971
10217	11	3	2938	29	0	2981
10218	2918	3	21	18	0	2960
10219	2973	4	9	10	0	2996
10220	31	7	3000	5	0	3043
10221	3076	5	24	6	0	3111
10222	32	4	7	3148	0	3191
10223	15	3	4	3147	0	3169
10224	13	1	5	3179	0	3198
10225	3128	5	2	35	0	3170
10226	26	3194	2	20	0	3242
10227	10	21	4	3237	0	3272
10228	5	3169	8	29	0	3211
10229	3180	24	2	20	0	3226
10230	29	12	10	3208	0	3259
10231	18	6	4	3262	0	3290
10232	10	3250	2	40	0	3302
10233	11	25	3215	12	0	3263
10234	6	12	25	3271	0	3314
10235	3278	6	14	31	0	3329
10236	3562	10	6	20	0	3598
10237	46	8	3749	8	0	3811
10238	21	4	41	3869	0	3935
10239	10	3934	18	44	0	4006
10240	9	44	6	4052	0	4111
10241	4022	20	5	55	0	4102
10242	4048	12	2	23	0	4085
10243	59	7	6	3997	0	4069
10244	27	3931	4	52	0	4014
10245	4191	52	1	24	0	4268
10246	57	14	7	4302	0	4380
10247	4297	14	4	60	0	4375
10248	4496	11	2	28	0	4537
10249	72	6	1	4505	0	4584
10250	29	5	3	4538	0	4575
10251	20	2	5	4636	0	4663
10252	11	4606	5	78	0	4700
10253	11	63	1	4681	0	4756
10254	12	14	3	4699	0	4728
10255	15	8	4553	74	0	4650
10256	16	10	4423	30	0	4479
10257	8	5	58	4450	0	4521
10258	4433	2	22	71	0	4528
10259	50	4423	17	30	0	4520
10260	4350	52	12	15	0	4429
10261	62	17	4338	23	0	4440
10262	22	10	4180	17	0	4229
10263	13	4185	58	16	0	4272
10264	25	45	34	4145	0	4249
10265	3	16	4136	51	0	4206
10266	14	9	4166	17	0	4206
10267	3	15	47	4133	0	4198
10268	4147	3	26	52	0	4228
10269	4150	2	18	20	0	4190
10270	59	0	15	4102	0	4176
10271	22	7	4301	50	0	4380
10272	24	4	39	4338	0	4405
10273	14	5	15	4305	0	4339
10274	4	4338	15	58	0	4415
10275	4369	42	14	24	0	4449
10276	4343	13	5	21	0	4382
10277	56	4372	4	12	0	4444
10278	22	52	5	4211	0	4290
10279	14	4303	10	48	0	4375
10280	4323	46	7	18	0	4394
10281	52	17	4245	18	0	4332
10282	23	11	4050	14	0	4098
10283	16	9	4088	8	0	4121
10284	17	4	54	4058	0	4133
10285	5	5	27	4046	0	4083
10286	4039	5	14	57	0	4115
10287	41	10	7	4044	0	4102
10288	23	4	2	4126	0	4155
10289	15	6	4221	58	0	4300
10290	13	4	4083	24	0	4124
10291	4090	6	51	31	0	4178
10292	46	4150	17	19	0	4232
10293	4214	42	13	12	0	4281
10294	51	12	9	4216	0	4288
10295	23	10	9	4191	0	4233
10296	14	4138	11	57	0	4220
10297	13	37	11	4186	0	4247
10298	4147	9	9	62	0	4227
10299	47	10	6	4150	0	4213
10300	17	13	4145	59	0	4234
10301	15	4061	41	27	0	4144
10302	4062	34	16	22	0	4134
10303	4148	11	15	25	0	4199
10304	4153	13	12	11	0	4189
10305	4175	10	6	17	0	4208
10306	67	6	7	4142	0	4222
10307	31	5	2	4184	0	4222
10308	22	7	4140	65	0	4234
10309	14	7	41	4152	0	4214
10310	18	9	4107	57	0	4191
10311	17	7	43	4119	0	4186
10312	4136	3	18	62	0	4219
10313	49	4203	11	26	0	4289
10314	19	41	11	4263	0	4334
10315	18	13	6	4345	0	4382
10316	4262	8	10	58	0	4338
10317	4172	8	15	28	0	4223
10318	55	7	4146	27	0	4235
10319	26	4140	43	29	0	4238
10320	19	42	12	4120	0	4193
10321	12	19	15	4132	0	4178
10322	4063	12	16	61	0	4152
10323	4043	5	19	37	0	4104
10324	61	4	4073	20	0	4158
10325	27	12	4038	14	0	4091
10326	23	3	56	3988	0	4070
10327	17	10	23	4053	0	4103
10328	12	7	4009	64	0	4092
10329	3921	7	47	34	0	4009
10330	55	7	19	4025	0	4106
10331	3991	3	18	55	0	4067
10332	44	3954	14	21	0	4033
10333	4097	42	20	26	0	4185
10334	66	11	4344	19	0	4440
10335	34	4300	43	17	0	4394
10336	16	4142	19	9	0	4186
10337	3853	47	67	6	0	3973
10338	3743	12	6	7	0	3768
10339	42	18	4	3704	0	3768
10340	16	3646	5	33	0	3700
10341	12	3791	8	11	0	3822
10342	10	34	2	3831	0	3877
10343	3856	12	3	39	0	3910
10344	3945	11	2	16	0	3974
10345	41	5	3699	7	0	3752
10346	3595	1	25	9	0	3630
10347	35	3840	8	6	0	3889
10348	3944	40	2	1	0	3987
10349	48	4599	3	2	0	4652
10350	17	5014	2	6	0	5039
10351	10	139	12	5524	0	5685
10352	5936	56	12	113	0	6117
10353	6098	21	0	61	0	6180
10354	178	10	5967	23	0	6178
10355	87	5	120	6002	0	6214
10356	6038	1	59	140	0	6238
10357	158	0	23	6115	0	6296
10358	6139	2	13	150	0	6304
10359	6184	2	19	76	0	6281
10360	200	2	6098	46	0	6346
10361	104	1	122	5988	0	6215
10362	56	3	58	6147	0	6264
10363	42	2	26	6164	0	6234
10364	34	3	5929	209	0	6175
10365	20	1	141	5994	0	6156
10366	11	6	68	5860	0	5945
10367	5	5839	27	202	0	6073
10368	12	120	5783	109	0	6024
10369	13	5896	131	58	0	6098
10370	5875	144	67	42	0	6128
10371	129	76	31	5652	0	5888
10372	67	41	19	5577	0	5704
10373	31	5628	22	176	0	5857
10374	5610	142	9	81	0	5842
10375	5704	69	7	48	0	5828
10376	198	5570	7	48	0	5823
10377	96	5728	6	35	0	5865
10378	5673	188	10	21	0	5892
10379	160	92	5577	14	0	5843
10380	97	43	5583	15	0	5738
10381	5472	36	176	23	0	5707
10382	138	5625	83	18	0	5864
10383	5666	138	40	19	0	5863
10384	166	74	5581	13	0	5834
10385	5650	37	138	18	0	5843
10386	172	5743	70	17	0	6002
10387	107	141	33	5777	0	6058
10388	70	70	22	5835	0	5997
10389	61	32	31	5566	0	5690
10390	49	24	21	5720	0	5814
10391	34	28	17	5638	0	5717
10392	30	5538	13	228	0	5809
10393	5583	126	13	131	0	5853
10394	139	65	5499	88	0	5791
10395	81	42	120	5599	0	5842
10396	59	24	5603	158	0	5844
10397	32	23	161	5644	0	5860
10398	33	24	85	5717	0	5859
10399	5588	14	47	226	0	5875
10400	139	9	5564	130	0	5842
10401	77	5532	148	70	0	5827
10402	47	125	72	5606	0	5850
10403	43	78	38	5705	0	5864
10404	42	50	5613	198	0	5903
10405	27	31	149	5647	0	5854
10406	28	37	66	5787	0	5918
10407	5516	28	33	232	0	5809
10408	132	5573	26	142	0	5873
10409	5609	130	29	84	0	5852
10410	5703	90	20	52	0	5865
10411	222	47	15	5601	0	5885
10412	135	36	5531	150	0	5852
10413	70	43	5602	88	0	5803
10414	63	31	185	5511	0	5790
10415	62	16	96	5476	0	5650
10416	37	5501	63	208	0	5809
10417	5489	129	57	115	0	5790
10418	138	5417	47	64	0	5666
10419	89	5575	25	65	0	5754
10420	5526	197	18	63	0	5804
10421	152	110	18	5498	0	5778
10422	102	5658	18	152	0	5930
10423	49	162	20	5724	0	5955
10424	35	94	5597	191	0	5917
10425	47	49	5631	113	0	5840
10426	33	35	177	5679	0	5924
10427	29	39	5703	176	0	5947
10428	25	26	173	5709	0	5933
10429	20	26	100	5744	0	5890
10430	29	18	71	5853	0	5971
10431	5586	14	46	260	0	5906
10432	124	5446	32	156	0	5758
10433	71	5585	35	88	0	5779
10434	5272	169	18	81	0	5540
10435	5372	84	13	62	0	5531
10436	204	48	17	5254	0	5523
10437	101	53	5237	138	0	5529
10438	64	42	124	5296	0	5526
10439	48	25	5309	177	0	5559
10440	39	5265	135	116	0	5555
10441	36	115	87	5308	0	5546
10442	5249	79	49	159	0	5536
10443	140	38	31	5324	0	5533
10444	87	26	5137	158	0	5408
10445	5047	37	136	102	0	5322
10446	150	23	5166	71	0	5410
10447	120	13	4949	59	0	5141
10448	45	4701	164	62	0	4972
10449	24	4032	60	29	0	4145
10450	40	3727	71	18	0	3856
10451	2890	85	119	54	0	3148
10452	2676	10	10	8	0	2704
10453	9	4	0	2722	0	2735
10454	4	0	0	2731	0	2735
10455	4	1	2	2792	0	2799
10456	2	2809	0	14	0	2825
10457	2816	8	1	4	0	2829
10458	10	2808	1	3	0	2822
10459	2	10	1	2838	0	2851
10460	2806	1	1	11	0	2819
10461	8	3	2	2812	0	2825
10462	5	0	0	2852	0	2857
10463	2861	2	2	11	0	2876
10464	2857	2	4	4	0	2867
10465	14	2	2855	2	0	2873
10466	4	2	2818	3	0	2827
10467	3	4	2899	2	0	2908
10468	5	1	10	2915	0	2931
10469	2	2	4	2937	0	2945
10470	0	2947	4	8	0	2959
10471	3035	10	0	8	0	3053
10472	13	1	2	3064	0	3080
10473	2	4	2	3101	0	3109
10474	7	3119	0	22	0	3148
10475	0	3261	3	7	0	3271
10476	2	15	2	3328	0	3347
10477	3	4	0	3633	0	3640
10478	3650	6	3	27	0	3686
10479	3659	2	0	11	0	3672
10480	36	2	0	3651	0	3689
10481	9	0	3672	33	0	3714
10482	8	0	3568	9	0	3585
10483	5	0	30	3641	0	3676
10484	3	1	8	3568	0	3580
10485	3	3555	7	33	0	3598
10486	3459	26	1	11	0	3497
10487	27	6	3	3457	0	3493
10488	4	5	3495	31	0	3535
10489	5	5	30	3540	0	3580
10490	3	3	3539	31	0	3576
10491	4	5	3569	10	0	3588
10492	5	20	30	3597	0	3652
10493	3597	0	7	31	0	3635
10494	28	2	3589	10	0	3629
10495	8	4	28	3559	0	3599
10496	8	0	3742	27	0	3777
10497	6	3	30	3753	0	3792
10498	5	1	8	3750	0	3764
10499	4	1	3746	38	0	3789
10500	7	2	3640	18	0	3667
10501	6	1	36	3517	0	3560
10502	2	1	10	3727	0	3740
10503	2	0	5	3748	0	3755
10504	0	1	5	3688	0	3694
10505	3669	3	5	35	0	3712
10506	3688	1	1	15	0	3705
10507	32	3671	4	9	0	3716
10508	3667	27	4	5	0	3703
10509	30	6	4	3700	0	3740
10510	3709	4	8	30	0	3751
10511	31	5	3701	11	0	3748
10512	3733	2	30	11	0	3776
10513	34	4	9	3774	0	3821
10514	8	3	6	3893	0	3910
10515	3853	1	6	52	0	3912
10516	41	1	6	4103	0	4151
10517	8	3	4273	59	0	4343
10518	4305	1	53	18	0	4377
10519	51	4460	18	16	0	4545
10520	14	50	5	4630	0	4699
10521	10	12	4960	65	0	5047
10522	5	5	62	4911	0	4983
10523	5	5	4917	73	0	5000
10524	5	2	60	4996	0	5063
10525	9	5017	17	73	0	5116
10526	5	64	8	5100	0	5177
10527	5	5292	8	71	0	5376
10528	16	74	6	5138	0	5234
10529	6	16	6	5534	0	5562
10530	10	7	3	5545	0	5565
10531	5	5	12	5572	0	5594
10532	10	2	7	5566	0	5585
10533	8	5	5417	101	0	5531
10534	8	1	66	5426	0	5501
10535	10	5	18	5493	0	5526
10536	5450	5	15	102	0	5572
10537	76	5412	11	43	0	5542
10538	5434	75	12	28	0	5549
10539	81	23	6	5446	0	5556
10540	27	12	5449	89	0	5577
10541	13	5462	75	41	0	5591
10542	5428	73	25	31	0	5557
10543	78	5397	16	31	0	5522
10544	18	5541	11	29	0	5599
10545	5469	89	9	28	0	5595
10546	81	23	10	5759	0	5873
10547	5758	15	5	108	0	5886
10548	96	5	11	5660	0	5772
10549	27	9	5654	106	0	5796
10550	14	9	5622	38	0	5683
10551	5505	7	99	35	0	5646
10552	5629	7	29	32	0	5697
10553	108	14	19	5490	0	5631
10554	30	9	14	5539	0	5592
10555	5324	10	3	118	0	5455
10556	87	5300	6	50	0	5443
10557	28	5427	5	37	0	5497
10558	5372	97	3	30	0	5502
10559	5435	25	10	21	0	5491
10560	102	5368	7	26	0	5503
10561	41	93	10	5389	0	5533
10562	32	22	5345	97	0	5496
10563	18	18	5316	38	0	5390
10564	5281	13	104	16	0	5414
10565	97	5	5322	31	0	5455
10566	36	6	97	5240	0	5379
10567	28	10	27	5176	0	5241
10568	22	5203	16	103	0	5344
10569	5207	94	15	37	0	5353
10570	98	32	7	5182	0	5319
10571	43	14	5064	92	0	5213
10572	29	5092	72	42	0	5235
10573	23	107	28	5040	0	5198
10574	18	24	4984	107	0	5133
10575	21	17	4889	36	0	4963
10576	18	4782	103	31	0	4934
10577	4448	72	39	22	0	4581
10578	74	4494	23	23	0	4614
10579	4500	73	21	23	0	4617
10580	78	36	4430	23	0	4567
10581	4353	14	72	24	0	4463
10582	71	4462	26	32	0	4591
10583	36	73	20	4465	0	4594
10584	16	34	14	4564	0	4628
10585	4513	21	14	99	0	4647
10586	75	19	4481	43	0	4618
10587	4520	17	74	36	0	4647
10588	4530	23	31	22	0	4606
10589	97	15	4390	29	0	4531
10590	32	15	4461	31	0	4539
10591	23	20	91	4359	0	4493
10592	4402	16	38	86	0	4542
10593	4434	14	24	41	0	4513
10594	84	4486	23	23	0	4616
10595	47	70	10	4523	0	4650
10596	34	27	10	4410	0	4481
10597	25	19	17	4444	0	4505
10598	29	20	17	4499	0	4565
10599	4432	17	13	107	0	4569
10600	93	14	22	4475	0	4604
10601	37	16	4454	95	0	4602
10602	28	16	4442	35	0	4521
10603	4393	16	95	24	0	4528
10604	95	4406	28	28	0	4557
10605	54	4535	19	12	0	4620
10606	31	96	22	4525	0	4674
10607	37	29	15	4593	0	4674
10608	26	19	16	4569	0	4630
10609	30	13	16	4580	0	4639
10610	19	16	4480	116	0	4631
10611	28	16	74	4454	0	4572
10612	30	10	31	4469	0	4540
10613	26	18	4311	98	0	4453
10614	4130	7	71	48	0	4256
10615	79	4210	31	35	0	4355
10616	3974	55	24	25	0	4078
10617	57	19	3845	23	0	3944
10618	25	10	3728	17	0	3780
10619	21	3664	58	13	0	3756
10620	3322	107	143	35	0	3607
10621	3121	30	18	15	0	3184
10622	3127	9	6	12	0	3154
10623	47	3066	7	19	0	3139
10624	2974	30	8	14	0	3026
10625	38	13	2980	11	0	3042
10626	23	2950	29	9	0	3011
10627	2794	31	12	14	0	2851
10628	38	2820	7	12	0	2877
10629	2689	36	10	10	0	2745
10630	2642	12	9	10	0	2673
10631	33	9	2733	8	0	2783
10632	18	2719	31	8	0	2776
10633	2712	25	11	9	0	2757
10634	31	5	2693	8	0	2737
10635	7	2702	30	8	0	2747
10636	14	32	9	2642	0	2697
10637	10	7	2634	21	0	2672
10638	7	8	2564	8	0	2587
10639	7	23	27	2554	0	2611
10640	2508	5	9	31	0	2553
10641	29	2501	5	12	0	2547
10642	11	24	2487	6	0	2528
10643	12	3	2430	5	0	2450
10644	2326	9	20	6	0	2361
10645	26	2432	10	5	0	2473
10646	2142	10	10	2	0	2164
10647	11	2134	3	0	0	2148
10648	2184	11	8	3	0	2206
10649	2141	4	1	1	0	2147
10650	17	2123	2	0	0	2142
10651	3	13	3	2149	0	2168
10652	2256	4	2	15	0	2277
10653	17	3	1	2288	0	2309
10654	4	1	4	2452	0	2461
10655	2459	1	3	19	0	2482
10656	20	2459	1	7	0	2487
10657	2494	18	1	3	0	2516
10658	25	3	2492	1	0	2521
10659	3	5	20	2516	0	2544
10660	6	2	4	2482	0	2494
10661	2472	2	4	20	0	2498
10662	2465	4	1	6	0	2476
10663	21	4	1	2450	0	2476
10664	6	2	2493	20	0	2521
10665	8	2	18	2469	0	2497
10666	4	2	2	2484	0	2492
10667	4	2	6	2499	0	2511
10668	4	4	3	2487	0	2498
10669	2478	0	1	25	0	2504
10670	21	1	2455	8	0	2485
10671	4	2509	19	5	0	2537
10672	8	19	3	2491	0	2521
10673	5	4	5	2563	0	2577
10674	7	2	2568	25	0	2602
10675	2	3	2541	11	0	2557
10676	2	0	23	2616	0	2641
10677	4	3	6	2637	0	2650
10678	10	2	2585	27	0	2624
10679	7	1	21	2571	0	2600
10680	2630	2	2	33	0	2667
10681	26	2694	9	10	0	2739
10682	12	23	2681	11	0	2727
10683	10	2668	25	17	0	2720
10684	10	29	5	2704	0	2748
10685	10	7	2697	27	0	2741
10686	7	2678	25	15	0	2725
10687	6	22	13	2694	0	2735
10688	6	5	2718	34	0	2763
10689	4	5	26	2718	0	2753
10690	11	5	4	2725	0	2745
10691	2724	1	12	35	0	2772
10692	29	5	6	2729	0	2769
10693	2732	3	8	46	0	2789
10694	2640	4	6	19	0	2669
10695	2654	3	7	21	0	2685
10696	41	2	4	2651	0	2698
10697	12	4	2587	38	0	2641
10698	15	5	2557	12	0	2589
10699	2591	3	36	17	0	2647
10700	32	5	2592	14	0	2643
10701	2513	5	39	16	0	2573
10702	37	2540	7	19	0	2603
10703	2536	23	18	14	0	2591
10704	35	4	2572	8	0	2619
10705	8	15	2639	17	0	2679
10706	20	8	31	2732	0	2791
10707	7	4	2820	38	0	2869
10708	10	2	2896	18	0	2926
10709	9	7	39	3085	0	3140
10710	15	8	17	3128	0	3168
10711	10	8	19	3226	0	3263
10712	10	3200	7	65	0	3282
10713	7	47	8	3173	0	3235
10714	8	3285	16	57	0	3366
10715	3286	55	13	23	0	3377
10716	3356	16	9	27	0	3408
10717	59	15	14	3248	0	3336
10718	28	3229	6	68	0	3331
10719	25	48	3330	25	0	3428
10720	3360	17	54	24	0	3455
10721	55	13	16	3366	0	3450
10722	24	6	15	3398	0	3443
10723	22	4	12	3414	0	3452
10724	3350	4	12	75	0	3441
10725	53	3226	11	40	0	3330
10726	17	3297	15	30	0	3359
10727	3204	49	15	14	0	3282
10728	57	3235	10	15	0	3317
10729	3239	57	11	19	0	3326
10730	3264	18	12	19	0	3313
10731	62	3211	9	17	0	3299
10732	34	51	13	3156	0	3254
10733	22	3196	16	51	0	3285
10734	14	53	13	3200	0	3280
10735	8	23	9	3381	0	3421
10736	3371	15	10	78	0	3474
10737	3483	11	16	40	0	3550
10738	80	12	10	3462	0	3564
10739	32	10	3394	83	0	3519
10740	3381	10	63	37	0	3491
10741	79	3375	19	29	0	3502
10742	34	60	15	3397	0	3506
10743	31	30	10	3435	0	3506
10744	25	20	9	3457	0	3511
10745	3335	12	11	101	0	3459
10746	3362	13	9	51	0	3435
10747	83	3205	8	34	0	3330
10748	41	3260	13	22	0	3336
10749	29	71	6	3251	0	3357
10750	29	27	8	3297	0	3361
10751	19	25	3248	85	0	3377
10752	15	24	53	3198	0	3290
10753	19	13	3128	85	0	3245
10754	13	12	2963	34	0	3022
10755	12	2933	76	27	0	3048
10756	15	56	36	2948	0	3055
10757	2945	23	27	63	0	3058
10758	65	12	18	2928	0	3023
10759	24	17	2907	73	0	3021
10760	2883	10	56	40	0	2989
10761	2927	6	18	32	0	2983
10762	71	19	2884	21	0	2995
10763	42	3	56	2955	0	3056
10764	2899	10	27	67	0	3003
10765	71	2951	19	31	0	3072
10766	3013	59	13	25	0	3110
10767	3087	26	11	23	0	3147
10768	88	20	7	3046	0	3161
10769	39	18	13	3157	0	3227
10770	3127	8	8	92	0	3235
10771	83	6	9	3143	0	3241
10772	33	9	3104	93	0	3239
10773	3041	8	61	47	0	3157
10774	3092	6	25	32	0	3155
10775	88	3006	17	21	0	3132
10776	36	3058	8	26	0	3128
10777	33	84	7	2969	0	3093
10778	24	3030	4	66	0	3124
10779	23	77	11	3041	0	3152
10780	2982	29	11	80	0	3102
10781	2933	23	4	39	0	2999
10782	82	2882	9	28	0	3001
10783	2853	67	10	26	0	2956
10784	81	2847	8	22	0	2958
10785	2863	72	10	17	0	2962
10786	2899	30	8	18	0	2955
10787	92	20	2791	18	0	2921
10788	2779	15	58	14	0	2866
10789	77	2745	23	25	0	2870
10790	36	2814	18	22	0	2890
10791	2809	74	13	19	0	2915
10792	79	30	7	2807	0	2923
10793	37	19	2795	62	0	2913
10794	34	22	51	2811	0	2918
10795	29	14	18	2866	0	2927
10796	23	21	2782	84	0	2910
10797	2725	11	52	49	0	2837
10798	69	2721	21	38	0	2849
10799	2718	62	16	30	0	2826
10800	79	20	14	2657	0	2770
10801	2661	17	16	63	0	2757
10802	73	2638	12	39	0	2762
10803	42	60	11	2665	0	2778
10804	2629	32	7	72	0	2740
10805	61	23	2478	41	0	2603
10806	40	12	2324	31	0	2407
10807	2204	16	68	29	0	2317
10808	60	2192	30	18	0	2300
10809	21	1987	12	16	0	2036
10810	47	51	37	1850	0	1985
10811	16	1874	8	36	0	1934
10812	22	35	6	1890	0	1953
10813	18	21	10	1923	0	1972
10814	10	16	9	1884	0	1919
10815	17	1847	4	52	0	1920
10816	13	38	6	1829	0	1886
10817	12	13	1782	48	0	1855
10818	16	1741	30	23	0	1810
10819	18	42	10	1630	0	1700
10820	7	1651	13	35	0	1706
10821	1645	34	15	12	0	1706
10822	1649	15	5	13	0	1682
10823	1641	9	9	14	0	1673
10824	46	1653	6	11	0	1716
10825	25	31	6	1651	0	1713
10826	19	16	1622	34	0	1691
10827	17	19	1613	12	0	1661
10828	1562	16	33	20	0	1631
10829	1589	10	17	13	0	1629
10830	39	3	8	1646	0	1696
10831	25	7	6	1698	0	1736
10832	19	6	1713	42	0	1780
10833	17	1691	26	21	0	1755
10834	18	1708	13	13	0	1752
10835	15	26	1595	8	0	1644
10836	15	25	29	1486	0	1555
10837	12	7	14	1332	0	1365
10838	5	4	6	1486	0	1501
10839	6	4	6	1499	0	1515
10840	1484	5	4	20	0	1513
10841	22	6	1442	10	0	1480
10842	1442	7	13	7	0	1469
10843	19	4	5	1459	0	1487
10844	1450	1	9	21	0	1481
10845	20	4	4	1452	0	1480
10846	6	7	1460	22	0	1495
10847	6	7	16	1470	0	1499
10848	5	3	1513	22	0	1543
10849	5	8	14	1496	0	1523
10850	3	2	1544	23	0	1572
10851	2	1539	13	13	0	1567
10852	6	14	4	1557	0	1581
10853	3	6	3	1558	0	1570
10854	4	1550	4	15	0	1573
10855	1589	14	1	7	0	1611
10856	16	6	2	1589	0	1613
10857	8	1	3	1585	0	1597
10858	1592	2	3	23	0	1620
10859	1610	5	1	6	0	1622
10860	1639	4	3	4	0	1650
10861	1650	2	3	6	0	1661
10862	24	3	1598	4	0	1629
10863	1572	3	20	4	0	1599
10864	1618	3	4	6	0	1631
10865	24	0	0	1526	0	1550
10866	7	6	2	1507	0	1522
10867	1455	3	0	20	0	1478
10868	18	1445	2	6	0	1471
10869	3	15	0	1399	0	1417
10870	1	2	1442	17	0	1462
10871	2	1413	10	4	0	1429
10872	1386	15	6	2	0	1409
10873	1394	2	2	2	0	1400
10874	1391	0	2	1	0	1394
10875	1407	2	2	1	0	1412
10876	14	1	0	1372	0	1387
10877	5	1	1380	11	0	1397
10878	3	1	1441	3	0	1448
10879	4	0	14	1548	0	1566
10880	1644	0	3	16	0	1663
10881	19	2	1	1649	0	1671
10882	5	1	1662	19	0	1687
10883	1676	0	19	8	0	1703
10884	1690	1	6	1	0	1698
10885	23	0	1	1696	0	1720
10886	7	2	1754	16	0	1779
10887	4	0	1780	7	0	1791
10888	1736	0	23	4	0	1763
10889	17	1760	4	3	0	1784
10890	7	18	1776	1	0	1802
10891	2	5	19	1762	0	1788
10892	1762	0	5	19	0	1786
10893	20	1704	5	5	0	1734
10894	5	1731	1	5	0	1742
10895	1741	21	2	4	0	1768
10896	22	4	4	1739	0	1769
10897	1871	2	1	20	0	1894
10898	22	3	1	1908	0	1934
10899	6	0	7	1930	0	1943
10900	2	3	1939	29	0	1973
10901	9	2	1872	6	0	1889
10902	2	4	1957	4	0	1967
10903	2	3	30	1952	0	1987
10904	1970	1	9	29	0	2009
10905	27	1	1990	12	0	2030
10906	9	4	27	1987	0	2027
10907	3	3	2019	31	0	2056
10908	5	2032	30	12	0	2079
10909	7	28	6	2072	0	2113
10910	9	5	4	2095	0	2113
10911	3	3	7	2091	0	2104
10912	2062	2	4	42	0	2110
10913	35	0	5	2040	0	2080
10914	10	1	5	2075	0	2091
10915	2045	3	6	46	0	2100
10916	34	0	2029	15	0	2078
10917	2031	0	33	8	0	2072
10918	2049	3	12	4	0	2068
10919	37	3	2025	7	0	2072
10920	2013	3	35	10	0	2061
10921	37	4	7	2074	0	2122
10922	11	2	2110	35	0	2158
10923	2100	4	35	14	0	2153
10924	2145	2	7	9	0	2163
10925	43	1	7	2145	0	2196
10926	14	2	4	2177	0	2197
10927	9	0	0	2190	0	2199
10928	2150	0	6	41	0	2197
10929	34	2167	5	14	0	2220
10930	2095	27	4	6	0	2132
10931	32	2008	6	5	0	2051
10932	9	1986	2	12	0	2009
10933	10	31	7	1998	0	2046
10934	5	7	5	2017	0	2034
10935	6	3	4	2005	0	2018
10936	8	2	3	1997	0	2010
10937	3	5	1976	34	0	2018
10938	1948	3	27	12	0	1990
10939	30	0	6	1993	0	2029
10940	8	2	2012	34	0	2056
10941	10	4	28	2019	0	2061
10942	4	2	8	2060	0	2074
10943	8	1	2122	40	0	2171
10944	8	2	26	2118	0	2154
10945	6	2	9	2142	0	2159
10946	2137	2	4	40	0	2183
10947	32	2	2148	14	0	2196
10948	2077	1	35	9	0	2122
10949	31	2182	10	9	0	2232
10950	2170	27	2	10	0	2209
10951	2141	4	6	12	0	2163
10952	36	4	6	2115	0	2161
10953	13	2	2112	32	0	2159
10954	7	2228	31	12	0	2278
10955	7	43	5	2189	0	2244
10956	6	2308	4	37	0	2355
10957	2318	36	8	13	0	2375
10958	42	9	2286	6	0	2343
10959	12	5	2280	5	0	2302
10960	4	2	39	2252	0	2297
10961	5	5	2324	39	0	2373
10962	5	2	30	2337	0	2374
10963	9	3	10	2320	0	2342
10964	2359	2	6	45	0	2412
10965	34	2392	3	17	0	2446
10966	11	34	6	2424	0	2475
10967	7	8	6	2472	0	2493
10968	5	3	5	2467	0	2480
10969	7	2409	4	44	0	2464
10970	4	2451	9	10	0	2474
10971	2416	39	3	10	0	2468
10972	2442	6	4	12	0	2464
10973	2440	3	5	10	0	2458
10974	45	3	2398	9	0	2455
10975	9	11	38	2386	0	2444
10976	9	2	2392	43	0	2446
10977	6	2388	36	12	0	2442
10978	2266	40	15	11	0	2332
10979	36	5	2231	6	0	2278
10980	11	4	28	2160	0	2203
10981	5	1	2215	31	0	2252
10982	2160	2	30	9	0	2201
10983	2238	1	7	9	0	2255
10984	2243	2	4	4	0	2253
10985	2222	1	5	4	0	2232
10986	33	6	2226	2	0	2267
10987	2165	1	27	3	0	2196
10988	2218	0	5	4	0	2227
10989	31	2185	2	4	0	2222
10990	2177	27	2	3	0	2209
10991	2224	5	3	2	0	2234
10992	36	2	0	2164	0	2202
10993	7	2227	3	23	0	2260
10994	2337	29	1	6	0	2373
10995	2499	5	2	4	0	2510
10996	39	3	2748	3	0	2793
10997	11	0	2768	3	0	2782
10998	4	2	2847	4	0	2857
10999	5	13	59	2791	0	2868
11000	2771	3	16	48	0	2838
11001	42	2770	9	15	0	2836
11002	2746	42	7	7	0	2802
11003	45	2764	3	5	0	2817
11004	2752	45	3	4	0	2804
11005	43	2714	5	2	0	2764
11006	16	2767	1	5	0	2789
11007	2695	49	4	1	0	2749
11008	42	2719	1	9	0	2771
11009	15	41	1	2708	0	2765
11010	6	16	2748	37	0	2807
11011	9	6	2771	10	0	2796
11012	3	6	48	2734	0	2791
11013	2	3	16	2802	0	2823
11014	2	1	2765	51	0	2819
11015	2	2	45	2768	0	2817
11016	4	0	11	2830	0	2845
11017	2799	4	7	58	0	2868
11018	44	2805	6	17	0	2872
11019	13	44	6	2730	0	2793
11020	5	2806	5	51	0	2867
11021	2804	47	5	16	0	2872
11022	42	2807	5	9	0	2863
11023	2800	47	2	7	0	2856
11024	2811	18	1	5	0	2835
11025	59	7	4	2734	0	2804
11026	18	7	6	2776	0	2807
11027	9	6	4	2781	0	2800
11028	10	2	8	2782	0	2802
11029	2	10	2674	64	0	2750
11030	2594	1	46	26	0	2667
11031	46	2700	12	15	0	2773
11032	20	46	3	2766	0	2835
11033	8	17	7	2784	0	2816
11034	11	2761	4	55	0	2831
11035	2782	50	2	22	0	2856
11036	45	2813	2	13	0	2873
11037	15	50	2	2831	0	2898
11038	6	22	5	2884	0	2917
11039	12	8	1	2910	0	2931
11040	8	8	3	2862	0	2881
11041	2807	8	5	65	0	2885
11042	49	2	2809	29	0	2889
11043	12	5	49	2755	0	2821
11044	9	2	14	2788	0	2813
11045	7	6	8	2789	0	2810
11046	7	3	9	2771	0	2790
11047	2697	2	4	71	0	2774
11048	48	6	2685	30	0	2769
11049	20	10	40	2581	0	2651
11050	8	2531	12	51	0	2602
11051	11	2638	4	18	0	2671
11052	2615	59	5	8	0	2687
11053	52	16	2609	9	0	2686
11054	2462	12	32	7	0	2513
11055	45	9	2503	9	0	2566
11056	21	2	36	2401	0	2460
11057	2441	3	15	40	0	2499
11058	38	2499	7	21	0	2565
11059	13	35	9	2454	0	2511
11060	7	2433	6	50	0	2496
11061	2498	38	4	18	0	2558
11062	2520	18	2	13	0	2553
11063	46	8	4	2528	0	2586
11064	17	8	2497	43	0	2565
11065	13	5	2471	19	0	2508
11066	12	7	45	2455	0	2519
11067	5	2504	13	42	0	2564
11068	6	40	6	2589	0	2641
11069	3	16	7	2503	0	2529
11070	9	3	2	2484	0	2498
11071	7	9	2500	58	0	2574
11072	8	3	36	2490	0	2537
11073	7	2	14	2525	0	2548
11074	1	2466	9	69	0	2545
11075	6	43	6	2466	0	2521
11076	1	18	8	2576	0	2603
11077	6	3	1	2611	0	2621
11078	7	6	5	2593	0	2611
11079	6	3	5	2553	0	2567
11080	3	4	11	2546	0	2564
11081	5	8	2	2511	0	2526
11082	6	4	5	2469	0	2484
11083	7	9	2364	70	0	2450
11084	11	4	39	2390	0	2444
11085	2369	4	14	50	0	2437
11086	41	0	8	2335	0	2384
11087	17	2	2372	54	0	2445
11088	2353	6	41	24	0	2424
11089	2446	2	13	17	0	2478
11090	2430	11	4	11	0	2456
11091	2442	7	7	12	0	2468
11092	64	4	5	2438	0	2511
11093	25	1	2394	56	0	2476
11094	17	2297	46	21	0	2381
11095	11	2160	19	17	0	2207
11096	23	48	55	1841	0	1967
11097	8	4	19	1878	0	1909
11098	3	2	1	1869	0	1875
11099	2	2	1	1929	0	1934
11100	4	1	0	2135	0	2140
11101	2299	1	2	38	0	2340
11102	42	2337	3	6	0	2388
11103	6	2420	1	5	0	2432
11104	3	53	1	2457	0	2514
11105	3	12	1	2513	0	2529
11106	2	3	2	2513	0	2520
11107	2	2	1	2511	0	2516
11108	1	5	2388	61	0	2455
11109	4	2362	43	19	0	2428
11110	3	45	7	2360	0	2415
11111	2331	12	4	51	0	2398
11112	43	5	2	2351	0	2401
11113	7	4	2352	51	0	2414
11114	7	6	2295	15	0	2323
11115	4	2	2337	20	0	2363
11116	5	5	50	2301	0	2361
11117	2367	8	16	47	0	2438
11118	38	3	9	2388	0	2438
11119	13	0	7	2460	0	2480
11120	2428	3	3	58	0	2492
11121	41	1	4	2471	0	2517
11122	15	2	8	2487	0	2512
11123	5	4	2549	55	0	2613
11124	1	2558	45	25	0	2629
11125	10	40	10	2657	0	2717
11126	2637	7	6	57	0	2707
11127	43	3	3	2665	0	2714
11128	14	1	2680	54	0	2749
11129	7	4	46	2671	0	2728
11130	2	2684	11	63	0	2760
11131	12	44	6	2722	0	2784
11132	4	13	2682	58	0	2757
11133	3	2836	49	21	0	2909
11134	10	50	13	2898	0	2971
11135	5	13	5	3146	0	3169
11136	1	5	4	3224	0	3234
11137	5	1	8	3239	0	3253
11138	0	9	3154	82	0	3245
11139	1	3152	57	36	0	3246
11140	3170	55	16	23	0	3264
11141	3224	19	10	17	0	3270
11142	71	7	9	3175	0	3262
11143	22	5	3157	67	0	3251
11144	3122	9	57	26	0	3214
11145	66	4	16	3182	0	3268
11146	23	2	3244	71	0	3340
11147	12	6	64	3263	0	3345
11148	10	5	19	3289	0	3323
11149	10	2	15	3330	0	3357
11150	7	7	3322	96	0	3432
11151	12	2	64	3232	0	3310
11152	9	3336	23	73	0	3441
11153	3348	64	9	33	0	3454
11154	3393	21	10	20	0	3444
11155	3384	9	7	16	0	3416
11156	82	3329	6	24	0	3441
11157	3338	64	9	20	0	3431
11158	76	18	10	3274	0	3378
11159	3260	9	7	76	0	3352
11160	3262	10	8	28	0	3308
11161	82	7	3166	24	0	3279
11162	34	3146	60	19	0	3259
11163	3154	55	18	20	0	3247
11164	70	25	12	3131	0	3238
11165	30	10	3128	67	0	3235
11166	17	3126	62	30	0	3235
11167	3081	64	18	19	0	3182
11168	72	18	12	3084	0	3186
11169	27	9	8	3141	0	3185
11170	18	12	9	3138	0	3177
11171	21	3071	5	87	0	3184
11172	11	56	10	3111	0	3188
11173	14	3079	8	80	0	3181
11174	17	67	9	3101	0	3194
11175	15	24	3092	77	0	3208
11176	7	19	65	3117	0	3208
11177	14	11	23	3160	0	3208
11178	10	8	9	3214	0	3241
11179	10	7	3118	96	0	3231
11180	7	9	62	3121	0	3199
11181	14	7	22	3192	0	3235
11182	10	9	11	3224	0	3254
11183	7	6	12	3220	0	3245
11184	5	8	15	3237	0	3265
11185	10	10	3142	99	0	3261
11186	10	12	54	3164	0	3240
11187	12	6	23	3138	0	3179
11188	3021	5	12	103	0	3141
11189	57	2984	15	49	0	3105
11190	24	3058	10	43	0	3135
11191	15	62	11	3067	0	3155
11192	11	25	7	3053	0	3096
11193	13	2922	13	84	0	3032
11194	13	53	8	2943	0	3017
11195	11	2931	5	84	0	3031
11196	20	56	9	2915	0	3000
11197	9	29	8	2888	0	2934
11198	15	19	2754	84	0	2872
11199	14	2682	49	40	0	2785
11200	13	2556	16	31	0	2616
11201	2256	36	24	18	0	2334
11202	32	2251	12	13	0	2308
11203	20	38	3	2216	0	2277
11204	13	19	2162	34	0	2228
11205	13	16	23	2145	0	2197
11206	2126	8	11	39	0	2184
11207	27	11	2170	25	0	2233
11208	16	2206	28	16	0	2266
11209	13	26	13	2027	0	2079
11210	11	13	9	2259	0	2292
11211	2262	6	11	50	0	2329
11212	26	11	8	2278	0	2323
11213	13	9	4	2278	0	2304
11214	8	10	3	2284	0	2305
11215	12	4	2	2278	0	2296
11216	2217	6	8	53	0	2284
11217	2205	6	4	32	0	2247
11218	38	2	6	2213	0	2259
11219	2163	2	3	47	0	2215
11220	33	5	6	2132	0	2176
11221	17	3	2069	40	0	2129
11222	10	6	2035	26	0	2077
11223	9	20	28	1931	0	1988
11224	5	1927	13	43	0	1988
11225	7	23	11	1911	0	1952
11226	1868	10	8	41	0	1927
11227	24	7	5	1906	0	1942
11228	1860	6	3	43	0	1912
11229	29	7	1	1896	0	1933
11230	14	6	1906	37	0	1963
11231	11	1868	21	23	0	1923
11232	7	1913	8	20	0	1948
11233	8	40	5	1705	0	1758
11234	4	10	1726	23	0	1763
11235	1	1482	7	7	0	1497
11236	8	16	9	1400	0	1433
11237	1389	2	1	6	0	1398
11238	5	1	1419	3	0	1428
11239	3	0	4	1402	0	1409
11240	1	2	1	1441	0	1445
11241	0	1	1454	6	0	1461
11242	1	1	1391	7	0	1400
11243	0	1	1482	2	0	1485
11244	0	0	6	1503	0	1509
11245	0	0	1556	3	0	1559
11246	1476	0	6	2	0	1484
11247	6	0	1	1592	0	1599
11248	2	0	1843	5	0	1850
11249	0	1905	9	0	0	1914
11250	1	9	1905	0	0	1915
11251	2	1	10	1917	0	1930
11252	1966	0	1	12	0	1979
11253	11	0	1	2022	0	2034
11254	2	0	1	2046	0	2049
11255	2204	0	0	15	0	2219
11256	14	1	1	2239	0	2255
11257	1	0	2301	15	0	2317
11258	2291	0	14	6	0	2311
11259	16	2340	1	2	0	2359
11260	2371	13	1	3	0	2388
11261	14	2	1	2385	0	2402
11262	3	1	2373	14	0	2391
11263	1	1	2377	1	0	2380
11264	1	1	18	2397	0	2417
11265	2	0	5	2361	0	2368
11266	1	2	2380	15	0	2398
11267	1	2	2300	5	0	2308
11268	2374	0	16	3	0	2393
11269	15	1	3	2394	0	2413
11270	2393	0	6	15	0	2414
11271	15	1	4	2383	0	2403
11272	3	1	2462	14	0	2480
11273	2	1	2549	5	0	2557
11274	4	0	17	2607	0	2628
11275	4	0	2	2633	0	2639
11276	1	1	2738	19	0	2759
11277	2763	0	19	6	0	2788
11278	21	0	2	2838	0	2861
11279	2978	1	5	24	0	3008
11280	26	3283	6	6	0	3321
11281	6	34	2	3372	0	3414
11282	3379	6	1	39	0	3425
11283	40	1	3439	8	0	3488
11284	7	8	41	3447	0	3503
11285	4	2	6	3467	0	3479
11286	8	1	4	3524	0	3537
11287	3	1	3482	49	0	3535
11288	5	4	36	3443	0	3488
11289	1	3500	12	49	0	3562
11290	7	38	7	3524	0	3576
11291	2	6	3489	47	0	3544
11292	4	2	3509	21	0	3536
11293	3	8	47	3540	0	3598
11294	4	3	11	3564	0	3582
11295	3	2	13	3587	0	3605
11296	2	2	9	3587	0	3600
11297	3537	2	3	57	0	3599
11298	3544	0	6	21	0	3571
11299	48	0	3506	12	0	3566
11300	10	3557	40	14	0	3621
11301	9	40	7	3643	0	3699
11302	3702	7	1	52	0	3762
11303	3415	8	12	23	0	3458
11304	3743	6	4	8	0	3761
11305	3754	1	6	11	0	3772
11306	55	3	3709	9	0	3776
11307	3598	2	42	11	0	3653
11308	49	3606	9	11	0	3675
11309	18	38	4	3642	0	3702
11310	10	5	3663	45	0	3723
11311	15	2	40	3628	0	3685
11312	11	9	3626	45	0	3691
11313	4	5	44	3652	0	3705
11314	7	3	20	3697	0	3727
11315	3685	1	5	60	0	3751
11316	43	4	16	3677	0	3740
11317	9	3	3708	62	0	3782
11318	6	1	47	3776	0	3830
11319	3790	1	12	53	0	3856
11320	47	1	11	3820	0	3879
11321	15	1	3794	53	0	3863
11322	9	3750	41	28	0	3828
11323	3870	41	11	20	0	3942
11324	50	5	12	3787	0	3854
11325	13	3897	17	42	0	3969
11326	3912	46	8	23	0	3989
11327	59	8	3874	16	0	3957
11328	8	3863	43	26	0	3940
11329	13	45	16	3920	0	3994
11330	20	9	3865	46	0	3940
11331	8	4	55	3791	0	3858
11332	3824	12	9	56	0	3901
11333	44	5	3793	26	0	3868
11334	14	2	55	3776	0	3847
11335	11	6	3804	59	0	3880
11336	19	3	44	3792	0	3858
11337	9	4	18	3883	0	3914
11338	3811	2	7	67	0	3887
11339	48	3817	17	15	0	3897
11340	17	42	6	3881	0	3946
11341	3832	6	7	67	0	3912
11342	3842	8	9	17	0	3876
11343	48	16	7	3771	0	3842
11344	11	3710	12	61	0	3794
11345	19	3774	6	16	0	3815
11346	18	46	9	3695	0	3768
11347	11	10	11	3692	0	3724
11348	3436	7	6	53	0	3502
11349	41	8	9	3362	0	3420
11350	14	4	3244	51	0	3313
11351	3118	3	30	27	0	3178
11352	43	3155	8	12	0	3218
11353	3125	31	8	16	0	3180
11354	36	8	3167	9	0	3220
11355	17	3157	35	8	0	3217
11356	3111	53	25	11	0	3200
11357	3118	5	8	7	0	3138
11358	52	3	3130	4	0	3189
11359	3072	8	42	4	0	3126
11360	3147	2	12	2	0	3163
11361	53	3112	1	6	0	3172
11362	8	36	12	3197	0	3253
11363	13	7	3155	47	0	3222
11364	11	5	44	3243	0	3303
11365	7	9	3282	46	0	3344
11366	3	3	48	3257	0	3311
11367	3305	3	16	53	0	3377
11368	54	2	4	3388	0	3448
11369	9	2	3607	59	0	3677
11370	3646	2	63	23	0	3734
11371	82	3	13	3787	0	3885
11372	11	5	3714	83	0	3813
11373	3567	1	82	21	0	3671
11374	83	9	10	3618	0	3720
11375	17	1	3555	80	0	3653
11376	16	3	3451	15	0	3485
11377	13	25	75	3379	0	3492
11378	7	5	3426	74	0	3512
11379	7	3247	77	18	0	3349
11380	21	55	17	2934	0	3027
11381	2906	11	16	54	0	2987
11382	48	9	2918	8	0	2983
11383	9	4	2895	12	0	2920
11384	2786	1	52	10	0	2849
11385	50	2	2896	1	0	2949
11386	2807	1	58	3	0	2869
11387	55	2	2867	2	0	2926
11388	13	0	56	2834	0	2903
11389	13	0	2887	42	0	2942
11390	8	4	54	2873	0	2939
11391	4	0	2957	55	0	3016
11392	5	0	2916	12	0	2933
11393	2790	1	52	14	0	2857
11394	43	2918	20	8	0	2989
11395	2953	43	17	3	0	3016
11396	55	2969	8	8	0	3040
11397	15	55	8	2995	0	3073
11398	14	11	7	3058	0	3090
11399	3027	11	6	54	0	3098
11400	51	6	6	2973	0	3036
11401	13	0	2955	57	0	3025
11402	2861	2	48	17	0	2928
11403	2930	0	18	14	0	2962
11404	58	2	14	2912	0	2986
11405	20	1	2927	54	0	3002
11406	20	1	59	2920	0	3000
11407	5	2933	16	61	0	3015
11408	5	52	18	2973	0	3048
11409	8	8	7	3042	0	3065
11410	2	16	2944	64	0	3026
11411	2732	4	60	28	0	2824
11412	58	2898	13	19	0	2988
11413	2910	54	13	12	0	2989
11414	64	2922	11	8	0	3005
11415	16	63	4	2916	0	2999
11416	10	2931	13	60	0	3014
11417	11	59	2878	12	0	2960
11418	13	8	59	2806	0	2886
11419	8	12	14	2853	0	2887
11420	7	4	18	2907	0	2936
11421	2831	4	11	75	0	2921
11422	59	4	4	2838	0	2905
11423	2768	4	11	75	0	2858
11424	2825	2	5	21	0	2853
11425	2776	4	9	22	0	2811
11426	76	3	2741	14	0	2834
11427	30	6	58	2752	0	2846
11428	16	5	14	2939	0	2974
11429	13	1	16	2988	0	3018
11430	3083	5	11	79	0	3178
11431	76	4	5	3141	0	3226
11432	16	7	12	3218	0	3253
11433	3344	1	9	94	0	3448
11434	84	3	8	3436	0	3531
11435	17	3	3517	100	0	3637
11436	24	2	3614	24	0	3664
11437	11	2	104	3570	0	3687
11438	3542	4	31	100	0	3677
11439	3537	3	28	19	0	3587
11440	103	0	11	3501	0	3615
11441	31	7	3474	93	0	3605
11442	23	3434	96	27	0	3580
11443	11	90	15	3512	0	3628
11444	13	11	24	3576	0	3624
11445	12	15	12	3563	0	3602
11446	3474	6	11	123	0	3614
11447	99	4	3486	44	0	3633
11448	3496	7	95	31	0	3629
11449	110	3	19	3452	0	3584
11450	24	3501	19	104	0	3648
11451	3558	86	16	27	0	3687
11452	3567	13	8	36	0	3624
11453	105	18	3637	22	0	3782
11454	40	3459	86	24	0	3609
11455	30	3505	22	15	0	3572
11456	3440	81	21	21	0	3563
11457	89	26	12	3456	0	3583
11458	26	21	9	3467	0	3523
11459	31	7	7	3465	0	3510
11460	15	3310	5	110	0	3440
11461	8	3415	12	44	0	3479
11462	3316	84	5	29	0	3434
11463	84	27	8	3308	0	3427
11464	25	20	3464	88	0	3597
11465	22	6	90	3660	0	3778
11466	17	5	3937	119	0	4078
11467	14	3	4014	38	0	4069
11468	8	10	3993	33	0	4044
11469	10	3625	121	10	0	3766
11470	28	99	76	3457	0	3660
11471	6	3512	36	81	0	3635
11472	13	93	23	3330	0	3459
11473	7	32	9	3578	0	3626
11474	3507	21	10	112	0	3650
11475	83	14	8	3519	0	3624
11476	3477	10	4	113	0	3604
11477	3534	5	2	47	0	3588
11478	110	3	4	3406	0	3523
11479	44	3408	2	94	0	3548
11480	31	78	7	3376	0	3492
11481	21	3405	5	98	0	3529
11482	12	96	7	3420	0	3535
11483	7	34	3388	111	0	3540
11484	11	22	86	3419	0	3538
11485	12	13	25	3526	0	3576
11486	3376	6	24	127	0	3533
11487	80	3388	13	55	0	3536
11488	27	85	11	3433	0	3556
11489	23	29	6	3424	0	3482
11490	19	3334	8	115	0	3476
11491	15	90	6	3376	0	3487
11492	3173	28	4	126	0	3331
11493	3367	25	6	48	0	3446
11494	111	3257	6	41	0	3415
11495	44	87	4	3280	0	3415
11496	3207	31	6	105	0	3349
11497	90	3238	9	41	0	3378
11498	34	98	5	3154	0	3291
11499	27	3239	8	104	0	3378
11500	3231	101	5	40	0	3377
11501	98	34	3164	27	0	3323
11502	33	30	3178	26	0	3267
11503	29	15	96	3170	0	3310
11504	24	22	3187	94	0	3327
11505	16	11	105	3163	0	3295
11506	3144	9	39	109	0	3301
11507	84	14	3203	52	0	3353
11508	37	15	93	3229	0	3374
11509	28	17	36	3316	0	3397
11510	3237	10	28	115	0	3390
11511	82	3269	17	61	0	3429
11512	3286	81	16	55	0	3438
11513	3330	31	11	40	0	3412
11514	122	3227	15	29	0	3393
11515	56	85	13	3252	0	3406
11516	36	42	3222	89	0	3389
11517	37	31	74	3217	0	3359
11518	25	3236	30	96	0	3387
11519	3279	85	29	55	0	3448
11520	83	38	19	3321	0	3461
11521	35	34	3361	98	0	3528
11522	24	23	77	3428	0	3552
11523	29	19	29	3476	0	3553
11524	22	14	20	3525	0	3581
11525	20	14	17	3541	0	3592
11526	15	18	15	3469	0	3517
11527	16	11	3338	153	0	3518
11528	27	19	3178	78	0	3302
11529	12	3036	85	58	0	3191
11530	6	3088	36	43	0	3173
11531	2994	71	39	31	0	3135
11532	66	34	3010	26	0	3136
11533	2762	31	76	19	0	2888
11534	68	17	2703	26	0	2814
11535	38	13	2536	13	0	2600
11536	27	8	67	2492	0	2594
11537	2581	8	46	50	0	2685
11538	48	8	28	2613	0	2697
11539	21	10	15	2659	0	2705
11540	15	10	2846	75	0	2946
11541	18	5	39	2903	0	2965
11542	13	2	25	2875	0	2915
11543	11	5	20	2915	0	2951
11544	9	3	14	2906	0	2932
11545	12	2	11	2920	0	2945
11546	2845	8	5	89	0	2947
11547	45	6	2	2865	0	2918
11548	21	8	2758	81	0	2868
11549	22	7	38	2782	0	2849
11550	19	6	2740	69	0	2834
11551	13	6	58	2763	0	2840
11552	6	4	2845	71	0	2926
11553	8	13	62	2704	0	2787
11554	6	5	36	2803	0	2850
11555	7	6	2757	82	0	2852
11556	2602	3	51	51	0	2707
11557	43	2	2771	33	0	2849
11558	23	13	50	2810	0	2896
11559	2856	5	30	64	0	2955
11560	58	7	21	2874	0	2960
11561	34	7	12	2924	0	2977
11562	19	2	2874	80	0	2975
11563	15	2782	43	51	0	2891
11564	7	2567	15	34	0	2623
11565	2	2446	17	20	0	2485
11566	44	13	38	2057	0	2152
11567	2082	5	4	7	0	2098
11568	5	2	1	2065	0	2073
11569	5	0	0	2096	0	2101
11570	2	0	1	2118	0	2121
11571	0	0	1	2116	0	2117
11572	0	2094	3	12	0	2109
11573	1	8	0	2146	0	2155
11574	0	3	0	2149	0	2152
11575	0	2130	2	13	0	2145
11576	2188	7	1	9	0	2205
11577	8	4	0	2187	0	2199
11578	2191	2	0	12	0	2205
11579	2171	0	0	6	0	2177
11580	11	2202	0	4	0	2217
11581	5	7	1	2311	0	2324
11582	2	5	2290	8	0	2305
11583	0	2	2225	6	0	2233
11584	2	8	11	2255	0	2276
11585	2293	0	9	12	0	2314
11586	2336	0	3	7	0	2346
11587	10	0	1	2366	0	2377
11588	2378	0	2	8	0	2388
11589	8	2371	0	6	0	2385
11590	2371	7	2	2	0	2382
11591	8	2486	2	2	0	2498
11592	8	10	1	2545	0	2564
11593	4	7	1	2551	0	2563
11594	2	2554	2	12	0	2570
11595	2563	6	6	8	0	2583
11596	9	6	2548	4	0	2567
11597	5	4	8	2530	0	2547
11598	5	2	2567	8	0	2582
11599	2	0	9	2553	0	2564
11600	2597	0	5	13	0	2615
11601	7	1	2	2611	0	2621
11602	2594	1	1	13	0	2609
11603	2561	1	3	9	0	2574
11604	11	0	1	2568	0	2580
11605	6	1	2541	10	0	2558
11606	3	2595	6	12	0	2616
11607	2	5	4	2576	0	2587
11608	2559	4	3	14	0	2580
11609	11	4	2557	7	0	2579
11610	6	0	10	2572	0	2588
11611	2	1	5	2549	0	2557
11612	2	0	4	2582	0	2588
11613	2589	2	2	15	0	2608
11614	7	0	0	2528	0	2535
11615	4	0	4	2569	0	2577
11616	4	1	2568	13	0	2586
11617	1	0	7	2571	0	2579
11618	1	0	6	2609	0	2616
11619	2	0	3	2660	0	2665
11620	2	2630	3	16	0	2651
11621	0	8	0	2560	0	2568
11622	5	4	1	2552	0	2562
11623	2511	1	3	20	0	2535
11624	12	0	2467	9	0	2488
11625	6	2	2334	5	0	2347
11626	3	2452	11	3	0	2469
11627	2	9	5	2530	0	2546
11628	2530	3	6	13	0	2552
11629	9	0	0	2509	0	2518
11630	6	1	1	2532	0	2540
11631	1	0	3	2540	0	2544
11632	0	1	2	2500	0	2503
11633	0	2	0	2489	0	2491
11634	0	2	2476	15	0	2493
11635	3	0	9	2469	0	2481
11636	2488	0	3	15	0	2506
11637	11	2419	0	7	0	2437
11638	4	9	2	2442	0	2457
11639	2	4	1	2417	0	2424
11640	0	2	2265	20	0	2287
11641	1	1	12	2222	0	2236
11642	1	3	4	2379	0	2387
11643	2442	0	0	29	0	2471
11644	21	2483	0	12	0	2516
11645	10	20	1	2539	0	2570
11646	3	7	1	2569	0	2580
11647	2	3	3	2615	0	2623
11648	3	1	2627	36	0	2667
11649	2	2	2534	15	0	2553
11650	3	2582	29	8	0	2622
11651	3	2667	9	4	0	2683
11652	3	28	5	2617	0	2653
11653	2	2542	4	35	0	2583
11654	4	34	2	2866	0	2906
11655	1	12	2	3143	0	3158
11656	2	7	6	3325	0	3340
11657	1	5	3	3702	0	3711
11658	2	5	3702	105	0	3814
11659	3	3	67	3712	0	3785
11660	1	2	31	3786	0	3820
11661	2	0	12	3876	0	3890
11662	3739	1	10	139	0	3889
11663	76	3806	8	74	0	3964
11664	34	74	10	3688	0	3806
11665	13	3812	7	92	0	3924
11666	3728	86	2	62	0	3878
11667	3454	47	7	47	0	3555
11668	98	3791	0	31	0	3920
11669	48	3936	1	19	0	4004
11670	21	124	3812	22	0	3979
11671	19	3935	81	15	0	4050
11672	16	112	34	3852	0	4014
11673	3893	52	15	97	0	4057
11674	90	3964	8	48	0	4110
11675	38	108	12	4005	0	4163
11676	22	48	12	4056	0	4138
11677	16	35	11	4119	0	4181
11678	4000	27	7	161	0	4195
11679	100	19	3982	79	0	4180
11680	3913	22	84	52	0	4071
11681	110	3913	35	43	0	4101
11682	54	103	14	3950	0	4121
11683	27	44	3892	120	0	4083
11684	3818	24	95	56	0	3993
11685	110	3909	45	26	0	4090
11686	58	105	25	3821	0	4009
11687	33	3896	16	97	0	4042
11688	18	117	12	3933	0	4080
11689	18	50	17	4021	0	4106
11690	14	35	3884	142	0	4075
11691	17	26	3780	77	0	3900
11692	18	24	124	3785	0	3951
11693	13	21	3810	129	0	3973
11694	10	20	111	3828	0	3969
11695	13	11	50	3813	0	3887
11696	8	11	38	3949	0	4006
11697	3815	8	30	168	0	4021
11698	98	11	29	3871	0	4009
11699	50	7	3838	143	0	4038
11700	3846	13	106	86	0	4051
11701	110	13	39	3924	0	4086
11702	49	17	25	4026	0	4117
11703	3895	12	23	168	0	4098
11704	110	3963	27	90	0	4190
11705	56	94	21	4035	0	4206
11706	33	50	20	4046	0	4149
11707	3931	24	11	183	0	4149
11708	111	20	3912	94	0	4137
11709	56	19	99	3915	0	4089
11710	33	23	47	3984	0	4087
11711	24	23	27	3961	0	4035
11712	30	3825	29	177	0	4061
11713	28	101	20	3936	0	4085
11714	3859	42	25	160	0	4086
11715	105	3845	18	97	0	4065
11716	3788	109	18	70	0	3985
11717	112	3839	10	76	0	4037
11718	3844	120	14	54	0	4032
11719	130	64	3764	53	0	4011
11720	69	38	3771	44	0	3922
11721	3768	41	124	41	0	3974
11722	124	30	3818	43	0	4015
11723	70	31	115	3779	0	3995
11724	48	21	70	3644	0	3783
11725	42	17	45	3915	0	4019
11726	3808	21	38	170	0	4037
11727	120	20	3758	90	0	3988
11728	3752	12	114	67	0	3945
11729	118	16	54	3948	0	4136
11730	3931	19	26	158	0	4134
11731	135	16	27	3981	0	4159
11732	4072	25	27	141	0	4265
11733	150	21	25	4318	0	4514
11734	79	21	4368	154	0	4622
11735	4443	17	113	83	0	4656
11736	4627	14	56	62	0	4759
11737	179	15	35	4535	0	4764
11738	83	15	33	4531	0	4662
11739	55	4503	31	180	0	4769
11740	4429	104	35	96	0	4664
11741	133	4476	29	66	0	4704
11742	4354	112	23	59	0	4548
11743	137	48	4307	62	0	4554
11744	72	31	4319	61	0	4483
11745	58	28	4245	43	0	4374
11746	4205	21	150	49	0	4425
11747	130	4262	66	40	0	4498
11748	74	103	38	4206	0	4421
11749	4183	40	42	115	0	4380
11750	116	4226	32	69	0	4443
11751	76	162	25	4051	0	4314
11752	48	4074	25	128	0	4275
11753	39	3937	26	65	0	4067
11754	35	3942	16	49	0	4042
11755	3543	102	42	35	0	3722
11756	80	3463	12	37	0	3592
11757	18	3018	14	17	0	3067
11758	17	2999	13	15	0	3044
11759	2949	53	20	16	0	3038
11760	2953	16	12	9	0	2990
11761	52	10	2871	12	0	2945
11762	2788	10	38	10	0	2846
11763	2882	7	12	11	0	2912
11764	46	7	12	2861	0	2926
11765	2888	8	8	44	0	2948
11766	46	10	2858	14	0	2928
11767	25	2996	33	11	0	3065
11768	3005	44	11	10	0	3070
11769	41	16	10	3081	0	3148
11770	3067	11	3	38	0	3119
11771	38	17	2999	13	0	3067
11772	3000	8	25	12	0	3045
11773	44	11	13	3034	0	3102
11774	16	10	3008	33	0	3067
11775	16	2879	32	10	0	2937
11776	9	2995	13	8	0	3025
11777	19	47	8	2932	0	3006
11778	8	14	5	2901	0	2928
11779	9	2942	4	29	0	2984
11780	2945	32	3	8	0	2988
11781	2919	11	3	5	0	2938
11782	2913	8	4	6	0	2931
11783	45	2939	2	6	0	2992
11784	23	33	2	2818	0	2876
11785	13	2925	4	33	0	2975
11786	2937	33	6	5	0	2981
11787	2910	9	4	8	0	2931
11788	40	2873	3	7	0	2923
11789	2895	28	4	8	0	2935
11790	41	11	2	2882	0	2936
11791	17	7	6	2892	0	2922
11792	2910	5	7	42	0	2964
11793	2857	9	4	13	0	2883
11794	2880	5	4	11	0	2900
11795	45	8	5	2846	0	2904
11796	17	7	2	2876	0	2902
11797	11	8	2860	43	0	2922
11798	8	8	32	2821	0	2869
11799	10	8	11	2816	0	2845
11800	14	11	2742	38	0	2805
11801	13	10	2684	14	0	2721
11802	11	5	2738	13	0	2767
11803	14	8	39	2727	0	2788
11804	11	13	2704	33	0	2761
11805	14	6	32	2709	0	2761
11806	17	9	12	2739	0	2777
11807	15	10	2717	41	0	2783
11808	12	12	2717	20	0	2761
11809	11	9	37	2709	0	2766
11810	13	6	2835	42	0	2896
11811	9	9	2808	18	0	2844
11812	12	2838	39	11	0	2900
11813	2924	35	13	9	0	2981
11814	2931	10	9	15	0	2965
11815	2935	12	10	13	0	2970
11816	45	2882	5	16	0	2948
11817	20	2926	6	14	0	2966
11818	14	43	8	2943	0	3008
11819	17	13	8	2913	0	2951
11820	10	8	2874	48	0	2940
11821	7	12	38	2870	0	2927
11822	2881	3	19	43	0	2946
11823	40	4	13	2788	0	2845
11824	14	2868	9	53	0	2944
11825	2939	37	16	11	0	3003
11826	2984	10	7	12	0	3013
11827	3038	10	9	14	0	3071
11828	52	6	2995	15	0	3068
11829	19	16	35	3061	0	3131
11830	3203	8	18	57	0	3286
11831	54	4	3288	20	0	3366
11832	21	3154	46	18	0	3239
11833	14	3018	17	14	0	3063
11834	2830	52	24	12	0	2918
11835	39	2825	9	8	0	2881
11836	23	41	4	2754	0	2822
11837	10	17	2797	39	0	2863
11838	16	4	36	2791	0	2847
11839	2775	9	13	40	0	2837
11840	37	2750	9	22	0	2818
11841	2759	36	11	10	0	2816
11842	40	14	2749	12	0	2815
11843	20	13	35	2662	0	2730
11844	10	2793	18	37	0	2858
11845	18	47	7	2827	0	2899
11846	2822	12	6	49	0	2889
11847	2852	5	7	19	0	2883
11848	2849	8	7	9	0	2873
11849	2867	7	5	11	0	2890
11850	55	6	6	2766	0	2833
11851	23	2	2856	43	0	2924
11852	11	9	36	2775	0	2831
11853	10	2873	18	38	0	2939
11854	2884	34	5	21	0	2944
11855	42	15	2855	12	0	2924
11856	2803	4	36	10	0	2853
11857	35	8	15	2853	0	2911
11858	21	1	2925	41	0	2988
11859	12	1	36	2924	0	2973
11860	2955	3	16	41	0	3015
11861	2977	4	7	21	0	3009
11862	3000	4	10	13	0	3027
11863	47	7	2924	12	0	2990
11864	25	10	34	2927	0	2996
11865	15	5	2972	40	0	3032
11866	15	2964	31	19	0	3029
11867	2808	29	18	12	0	2867
11868	30	2759	13	8	0	2810
11869	2683	27	11	6	0	2727
11870	35	14	1	2630	0	2680
11871	17	2640	6	25	0	2688
11872	2684	30	8	11	0	2733
11873	30	8	2707	9	0	2754
11874	11	3	26	2699	0	2739
11875	2718	5	14	29	0	2766
11876	33	5	2725	10	0	2773
11877	16	5	26	2679	0	2726
11878	9	2649	12	27	0	2697
11879	12	28	5	2744	0	2789
11880	8	8	4	2765	0	2785
11881	2742	7	2	34	0	2785
11882	35	2723	4	13	0	2775
11883	12	26	5	2662	0	2705
11884	7	2714	3	34	0	2758
11885	12	31	3	2722	0	2768
11886	10	2783	6	29	0	2828
11887	2780	30	3	17	0	2830
11888	30	15	2825	7	0	2877
11889	11	3	31	2826	0	2871
11890	11	7	10	2845	0	2873
11891	14	7	2	2849	0	2872
11892	15	6	5	2818	0	2844
11893	10	5	2780	38	0	2833
11894	5	2840	25	25	0	2895
11895	2878	26	12	13	0	2929
11896	2897	11	8	11	0	2927
11897	39	2867	8	6	0	2920
11898	2913	30	4	7	0	2954
11899	2903	11	0	5	0	2919
11900	38	2957	5	10	0	3010
11901	17	32	2	2940	0	2991
11902	11	2999	6	26	0	3042
11903	2994	30	6	14	0	3044
11904	33	17	2932	7	0	2989
11905	2824	4	27	13	0	2868
11906	36	6	2976	6	0	3024
11907	18	6	30	2984	0	3038
11908	3000	4	11	29	0	3044
11909	36	3	2974	13	0	3026
11910	2855	4	30	15	0	2904
11911	2921	4	12	15	0	2952
11912	41	7	3	2920	0	2971
11913	18	2918	7	29	0	2972
11914	2982	32	2	11	0	3027
11915	39	11	3	2965	0	3018
11916	14	2925	4	32	0	2975
11917	2967	30	2	16	0	3015
11918	41	9	7	2994	0	3051
11919	11	3103	2	32	0	3148
11920	10	35	2	3181	0	3228
11921	3212	10	1	33	0	3256
11922	3190	7	4	19	0	3220
11923	3231	9	2	7	0	3249
11924	35	9	6	3162	0	3212
11925	15	3	7	3167	0	3192
11926	9	4	3203	40	0	3256
11927	12	12	28	3209	0	3261
11928	10	4	3293	37	0	3344
11929	7	3	3035	12	0	3057
11930	1	2	2930	7	0	2940
11931	0	3056	20	4	0	3080
11932	7	20	16	2993	0	3036
11933	3	3272	7	13	0	3295
11934	3362	27	3	5	0	3397
11935	3401	3	1	3	0	3408
11936	28	5	0	3535	0	3568
11937	9	0	3713	33	0	3755
11938	5	3	38	3706	0	3752
11939	3	3	3791	49	0	3846
11940	4	1	48	3752	0	3805
11941	1	3756	7	51	0	3815
11942	0	3855	9	10	0	3874
11943	3828	52	0	7	0	3887
11944	48	13	3810	0	0	3871
11945	12	8	45	3791	0	3856
11946	9	5	6	3853	0	3873
11947	3840	2	9	54	0	3905
11948	43	3875	2	22	0	3942
11949	3876	44	4	10	0	3934
11950	50	3922	7	6	0	3985
11951	3861	54	4	5	0	3924
11952	3944	11	4	3	0	3962
11953	54	10	4	3936	0	4004
11954	16	4	3935	48	0	4003
11955	3836	5	47	11	0	3899
11956	48	3945	9	16	0	4018
11957	3996	49	8	6	0	4059
11958	54	11	3	3867	0	3935
11959	11	11	5	3863	0	3890
11960	14	3838	4	59	0	3915
11961	4	46	7	3842	0	3899
11962	10	3886	2	51	0	3949
11963	6	54	2	3859	0	3921
11964	6	10	4	3821	0	3841
11965	3723	15	3	58	0	3799
11966	52	5	3717	18	0	3792
11967	18	3706	45	10	0	3779
11968	12	48	9	3753	0	3822
11969	3757	9	15	57	0	3838
11970	3841	10	2	18	0	3871
11971	3788	6	7	12	0	3813
11972	67	6	3745	8	0	3826
11973	3731	5	55	14	0	3805
11974	64	7	9	3771	0	3851
11975	3752	4	9	64	0	3829
11976	66	3683	10	12	0	3771
11977	14	55	6	3741	0	3816
11978	3700	15	4	63	0	3782
11979	61	3797	3	14	0	3875
11980	25	61	3	3833	0	3922
11981	17	11	3817	60	0	3905
11982	3942	12	56	20	0	4030
11983	4114	6	16	16	0	4152
11984	75	8	4051	14	0	4148
11985	26	3957	56	14	0	4053
11986	19	4068	18	8	0	4113
11987	16	75	9	4052	0	4152
11988	19	20	10	3920	0	3969
11989	16	14	7	4059	0	4096
11990	10	8	4081	88	0	4187
11991	4078	10	64	29	0	4181
11992	4272	10	10	22	0	4314
11993	4321	13	11	14	0	4359
11994	4342	8	8	13	0	4371
11995	4399	12	9	14	0	4434
11996	4474	8	7	21	0	4510
11997	103	8	6	4598	0	4715
11998	35	4	4548	89	0	4676
11999	23	15	4652	24	0	4714
12000	22	10	83	4640	0	4755
12001	25	11	27	4619	0	4682
12002	21	9	15	4648	0	4693
12003	22	4642	7	101	0	4772
12004	4692	84	13	31	0	4820
12005	95	4855	6	26	0	4982
12006	30	89	7	4778	0	4904
12007	4740	18	4	95	0	4857
12008	90	4775	11	23	0	4899
12009	37	77	13	4794	0	4921
12010	36	26	3	4875	0	4940
12011	20	19	7	4888	0	4934
12012	24	4801	6	116	0	4947
12013	14	92	12	4861	0	4979
12014	21	22	4859	112	0	5014
12015	21	19	97	4933	0	5070
12016	11	13	21	5033	0	5078
12017	18	13	17	5270	0	5318
12018	19	15	9	5352	0	5395
12019	14	15	5199	158	0	5386
12020	19	5168	115	61	0	5363
12021	20	116	22	5275	0	5433
12022	18	35	20	5442	0	5515
12023	20	28	8	5413	0	5469
12024	22	5171	14	165	0	5372
12025	18	5436	8	76	0	5538
12026	5307	133	9	45	0	5494
12027	127	43	7	5211	0	5388
12028	36	21	5168	143	0	5368
12029	32	5152	111	50	0	5345
12030	5032	121	37	42	0	5232
12031	117	40	4958	35	0	5150
12032	33	23	4935	42	0	5033
12033	27	13	4873	22	0	4935
12034	11	70	138	4684	0	4903
12035	17	16	4733	115	0	4881
12036	13	4542	109	48	0	4712
12037	16	80	30	4354	0	4480
12038	6	30	4398	96	0	4530
12039	9	31	89	4309	0	4438
12040	4268	20	26	110	0	4424
12041	88	8	4288	55	0	4439
12042	4205	10	106	40	0	4361
12043	95	4361	34	31	0	4521
12044	4349	89	31	31	0	4500
12045	108	26	22	4354	0	4510
12046	4366	22	18	113	0	4519
12047	4402	16	30	41	0	4489
12048	4343	27	18	37	0	4425
12049	130	4381	20	35	0	4566
12050	4392	86	25	30	0	4533
12051	4435	22	28	27	0	4512
12052	114	29	4369	24	0	4536
12053	54	4347	90	29	0	4520
12054	46	94	39	4347	0	4526
12055	24	38	32	4431	0	4525
12056	32	22	24	4456	0	4534
12057	26	21	4329	136	0	4512
12058	34	13	90	4360	0	4497
12059	26	21	4384	111	0	4542
12060	4378	15	105	52	0	4550
12061	4495	8	40	47	0	4590
12062	120	18	4457	29	0	4624
12063	4443	24	93	32	0	4592
12064	4558	17	32	32	0	4639
12065	4604	10	33	43	0	4690
12066	134	11	20	4492	0	4657
12067	59	18	4545	109	0	4731
12068	49	4584	91	53	0	4777
12069	35	98	40	4586	0	4759
12070	52	28	4618	99	0	4797
12071	38	26	4489	48	0	4601
12072	4437	26	104	45	0	4612
12073	89	4605	44	46	0	4784
12074	4720	81	27	38	0	4866
12075	4751	27	18	41	0	4837
12076	114	4720	38	34	0	4906
12077	4705	88	27	37	0	4857
12078	110	33	4787	29	0	4959
12079	65	30	4665	40	0	4800
12080	49	10	4721	30	0	4810
12081	32	4587	122	21	0	4762
12082	4489	77	68	31	0	4665
12083	4488	31	47	21	0	4587
12084	119	4347	20	29	0	4515
12085	62	4497	30	27	0	4616
12086	41	88	34	4462	0	4625
12087	33	51	21	4528	0	4633
12088	4496	32	24	104	0	4656
12089	83	4524	38	53	0	4698
12090	4468	77	41	39	0	4625
12091	4434	35	28	19	0	4516
12092	109	41	4320	22	0	4492
12093	64	4275	82	24	0	4445
12094	62	84	37	4259	0	4442
12095	4194	40	24	65	0	4323
12096	102	38	21	4114	0	4275
12097	3957	13	27	68	0	4065
12098	89	16	3881	21	0	4007
12099	46	3767	61	22	0	3896
12100	47	3891	22	21	0	3981
12101	48	86	40	3695	0	3869
12102	31	3869	27	41	0	3968
12103	3864	79	25	34	0	4002
12104	61	34	3810	26	0	3931
12105	3606	26	52	29	0	3713
12106	76	10	3790	26	0	3902
12107	41	22	62	3771	0	3896
12108	38	26	20	3786	0	3870
12109	47	18	20	3800	0	3885
12110	3767	15	11	73	0	3866
12111	69	16	3818	32	0	3935
12112	34	29	45	3754	0	3862
12113	33	18	21	3744	0	3816
12114	39	3667	19	56	0	3781
12115	20	3637	20	34	0	3711
12116	30	3724	13	27	0	3794
12117	23	63	10	3463	0	3559
12118	14	29	10	3372	0	3425
12119	11	3250	3	19	0	3283
12120	8	3259	6	16	0	3289
12121	3262	9	14	9	0	3294
12122	13	13	3	3222	0	3251
12123	5	3174	4	8	0	3191
12124	3250	10	2	3	0	3265
12125	13	4	3	3313	0	3333
12126	3595	0	2	14	0	3611
12127	21	2	4	3659	0	3686
12128	5	3	3709	20	0	3737
12129	6	3723	17	7	0	3753
12130	3688	16	6	6	0	3716
12131	22	3	3764	5	0	3794
12132	5	3752	17	4	0	3778
12133	6	20	4	3790	0	3820
12134	1	5	5	3812	0	3823
12135	2	1	1	3754	0	3758
12136	1	2	1	3694	0	3698
12137	2	2	3763	21	0	3788
12138	1	3714	18	7	0	3740
12139	3	17	4	3724	0	3748
12140	3709	4	0	21	0	3734
12141	17	3713	3	9	0	3742
12142	6	18	1	3958	0	3983
12143	2	3	3891	31	0	3927
12144	0	3910	31	7	0	3948
12145	10	31	4	3660	0	3705
12146	1	4023	2	23	0	4049
12147	4053	35	0	6	0	4094
12148	4098	5	0	4	0	4107
12149	36	2	3983	2	0	4023
12150	3950	2	36	0	0	3988
12151	4045	2	4	1	0	4052
12152	39	1	3918	1	0	3959
12153	8	3949	33	1	0	3991
12154	6	34	4	3955	0	3999
12155	4	4	2	4062	0	4072
12156	4020	6	6	39	0	4071
12157	38	2	1	4034	0	4075
12158	11	1	4014	41	0	4067
12159	3881	5	38	6	0	3930
12160	47	5	3924	4	0	3980
12161	11	3940	40	7	0	3998
12162	3863	36	10	8	0	3917
12163	41	7	3870	3	0	3921
12164	11	6	3777	7	0	3801
12165	7	3827	39	6	0	3879
12166	7	38	9	3883	0	3937
12167	4	7	3788	39	0	3838
12168	8	7	46	3450	0	3511
12169	9	6	6	3734	0	3755
12170	6	3	3655	43	0	3707
12171	4	3623	44	10	0	3681
12172	4	39	10	3676	0	3729
12173	3585	6	9	44	0	3644
12174	3534	8	6	10	0	3558
12175	42	4	4	3545	0	3595
12176	11	3	3495	46	0	3555
12177	10	1	3613	10	0	3634
12178	5	6	44	3565	0	3620
12179	0	4	3514	46	0	3564
12180	3511	3	41	9	0	3564
12181	49	2	12	3581	0	3644
12182	10	2	10	3633	0	3655
12183	8	3605	8	50	0	3671
12184	3	48	6	3691	0	3748
12185	2	9	3585	55	0	3651
12186	3487	8	51	10	0	3556
12187	3590	2	9	10	0	3611
12188	54	3	3615	9	0	3681
12189	14	3	51	3837	0	3905
12190	8	6	11	3976	0	4001
12191	4	2	3958	85	0	4049
12192	7	5	74	4051	0	4137
12193	8	2	16	4084	0	4110
12194	8	4175	11	92	0	4286
12195	7	80	11	4366	0	4464
12196	6	14	4	4473	0	4497
12197	4472	10	8	106	0	4596
12198	4664	4	14	30	0	4712
12199	4755	2	6	26	0	4789
12200	4698	3	6	16	0	4723
12201	4682	5	5	10	0	4702
12202	124	6	4513	17	0	4660
12203	40	2	92	4509	0	4643
12204	29	6	23	4605	0	4663
12205	17	4	4506	112	0	4639
12206	4391	2	96	36	0	4525
12207	4503	2	19	27	0	4551
12208	122	7	4250	13	0	4392
12209	4426	4	86	13	0	4529
12210	4560	2	18	26	0	4606
12211	117	4	4472	20	0	4613
12212	48	8	100	4443	0	4599
12213	39	4631	24	102	0	4796
12214	22	101	17	4800	0	4940
12215	15	18	12	4880	0	4925
12216	24	14	8	4826	0	4872
12217	18	5	4710	141	0	4874
12218	4637	1	109	49	0	4796
12219	4793	4	21	34	0	4852
12220	132	8	24	4673	0	4837
12221	49	4	4588	113	0	4754
12222	34	10	102	4579	0	4725
12223	13	4	4677	133	0	4827
12224	13	4	4750	33	0	4800
12225	20	4663	127	32	0	4842
12226	32	95	44	4391	0	4562
12227	4350	20	33	104	0	4507
12228	4297	20	9	27	0	4353
12229	4363	5	7	35	0	4410
12230	131	0	13	4253	0	4397
12231	43	4417	18	99	0	4577
12232	30	105	12	4517	0	4664
12233	21	21	4674	129	0	4845
12234	4955	21	123	39	0	5138
12235	5340	5	25	37	0	5407
12236	161	4	27	5276	0	5468
12237	61	6	17	5394	0	5478
12238	46	9	9	5432	0	5496
12239	27	10	5234	194	0	5465
12240	4999	11	135	76	0	5221
12241	151	5128	33	60	0	5372
12242	44	5053	31	25	0	5153
12243	42	137	4999	25	0	5203
12244	23	51	130	4919	0	5123
12245	13	34	4974	140	0	5161
12246	4806	15	153	43	0	5017
12247	141	11	34	4849	0	5035
12248	44	8	4805	136	0	4993
12249	46	4923	126	35	0	5130
12250	4957	115	31	43	0	5146
12251	137	33	5052	26	0	5248
12252	40	4919	137	29	0	5125
12253	36	5117	35	30	0	5218
12254	5068	148	39	22	0	5277
12255	141	44	19	5075	0	5279
12256	51	33	5211	139	0	5434
12257	46	5210	140	42	0	5438
12258	5250	132	40	45	0	5467
12259	5333	35	39	29	0	5436
12260	165	5221	23	24	0	5433
12261	74	140	5271	24	0	5509
12262	50	37	147	5304	0	5538
12263	5312	46	39	144	0	5541
12264	5402	19	40	50	0	5511
12265	166	18	5304	51	0	5539
12266	76	12	136	5262	0	5486
12267	57	15	47	5422	0	5541
12268	34	19	5377	161	0	5591
12269	38	16	5366	67	0	5487
12270	5371	19	151	55	0	5596
12271	5523	12	81	26	0	5642
12272	5569	16	55	30	0	5670
12273	5607	16	28	29	0	5680
12274	207	15	5349	23	0	5594
12275	5444	13	139	30	0	5626
12276	184	10	50	5404	0	5648
12277	64	12	5443	154	0	5673
12278	68	13	5492	54	0	5627
12279	47	5428	167	51	0	5693
12280	33	130	78	5366	0	5607
12281	29	44	5436	139	0	5648
12282	5320	42	138	54	0	5554
12283	147	21	57	5071	0	5296
12284	56	5400	60	123	0	5639
12285	5472	137	37	40	0	5686
12286	5567	36	25	44	0	5672
12287	171	35	5427	44	0	5677
12288	77	5341	137	32	0	5587
12289	46	107	51	5142	0	5346
12290	5089	35	38	114	0	5276
12291	130	35	24	5027	0	5216
12292	49	23	4874	124	0	5070
12293	4561	20	103	40	0	4724
12294	113	4713	33	45	0	4904
12295	45	4510	30	32	0	4617
12296	48	4703	27	15	0	4793
12297	4533	128	70	21	0	4752
12298	4481	34	33	17	0	4565
12299	4515	26	16	14	0	4571
12300	115	19	14	4418	0	4566
12301	58	9	4450	81	0	4598
12302	40	12	85	4493	0	4630
12303	4523	9	27	101	0	4660
12304	87	16	29	4556	0	4688
12305	4645	12	21	95	0	4773
12306	4705	9	18	37	0	4769
12307	4639	13	18	26	0	4696
12308	110	4601	16	23	0	4750
12309	4602	73	15	18	0	4708
12310	108	19	4520	17	0	4664
12311	50	24	4497	11	0	4582
12312	42	4416	73	16	0	4547
12313	55	66	53	4181	0	4355
12314	4183	19	26	68	0	4296
12315	87	16	4129	24	0	4256
12316	4080	16	68	28	0	4192
12317	91	11	28	4091	0	4221
12318	40	4145	28	66	0	4279
12319	33	67	21	4229	0	4350
12320	23	29	4214	76	0	4342
12321	4087	23	72	30	0	4212
12322	86	16	4261	21	0	4384
12323	36	7	4119	20	0	4182
12324	3992	18	78	11	0	4099
12325	82	4012	30	17	0	4141
12326	4114	64	18	10	0	4206
12327	4154	23	17	13	0	4207
12328	95	19	4054	14	0	4182
12329	3981	9	74	19	0	4083
12330	89	9	3993	9	0	4100
12331	33	6	3771	19	0	3829
12332	27	5	3783	10	0	3825
12333	24	3544	62	11	0	3641
12334	3121	56	112	15	0	3304
12335	3058	9	21	6	0	3094
12336	3064	4	4	2	0	3074
12337	3056	3	3	8	0	3070
12338	32	1	3062	0	0	3095
12339	17	2	20	3045	0	3084
12340	10	3	8	3055	0	3076
12341	3060	2	8	25	0	3095
12342	27	3053	6	9	0	3095
12343	10	23	4	3031	0	3068
12344	3029	5	4	20	0	3058
12345	22	7	3051	7	0	3087
12346	10	4	21	3056	0	3091
12347	10	0	3091	22	0	3123
12348	4	3054	27	5	0	3090
12349	12	30	8	2904	0	2954
12350	2877	6	5	23	0	2911
12351	20	3	4	2896	0	2923
12352	12	1	2885	27	0	2925
12353	4	2886	22	7	0	2919
12354	2862	17	4	3	0	2886
12355	20	5	2831	5	0	2861
12356	2699	2	19	3	0	2723
12357	22	2773	5	6	0	2806
12358	2805	16	7	2	0	2830
12359	2839	5	2	1	0	2847
12360	24	2	4	2878	0	2908
12361	6	2	2850	22	0	2880
12362	7	2856	23	5	0	2891
12363	5	28	5	2996	0	3034
12364	5	6	2	3070	0	3083
12365	8	3	1	3225	0	3237
12366	4	2	4	3374	0	3384
12367	3	3712	3	45	0	3763
12368	3858	42	5	13	0	3918
12369	52	3864	2	6	0	3924
12370	13	52	2	4053	0	4120
12371	4107	12	0	56	0	4175
12372	52	4	1	4136	0	4193
12373	18	4	4109	56	0	4187
12374	8	4106	49	28	0	4191
12375	9	53	16	4126	0	4204
12376	3	20	4	4204	0	4231
12377	4008	7	2	72	0	4089
12378	60	4	3977	25	0	4066
12379	3962	4	50	15	0	4031
12380	3970	3	23	10	0	4006
12381	3961	8	5	11	0	3985
12382	75	7	3899	14	0	3995
12383	27	7	54	3859	0	3947
12384	13	6	17	3882	0	3918
12385	9	6	3896	73	0	3984
12386	8	8	3936	26	0	3978
12387	4004	2	64	20	0	4090
12388	61	4	26	4055	0	4146
12389	4112	5	15	67	0	4199
12390	4229	8	12	32	0	4281
12391	80	9	3	4217	0	4309
12392	38	2	4387	70	0	4497
12393	4344	11	69	26	0	4450
12394	69	5	25	4501	0	4600
12395	36	5	4479	83	0	4603
12396	26	4436	66	44	0	4572
12397	4417	68	37	21	0	4543
12398	80	4478	14	18	0	4590
12399	39	81	7	4206	0	4333
12400	25	4520	12	72	0	4629
12401	4440	69	16	35	0	4560
12402	4480	22	16	29	0	4547
12403	93	4446	17	30	0	4586
12404	4440	79	20	25	0	4564
12405	4387	28	11	25	0	4451
12406	92	4315	15	29	0	4451
12407	4342	67	16	29	0	4454
12408	100	26	16	4289	0	4431
12409	52	12	15	4362	0	4441
12410	4325	11	14	99	0	4449
12411	105	9	16	4164	0	4294
12412	46	4196	18	85	0	4345
12413	4215	73	20	38	0	4346
12414	4230	29	18	32	0	4309
12415	98	4211	17	27	0	4353
12416	4241	67	27	19	0	4354
12417	4308	29	13	19	0	4369
12418	104	22	8	4203	0	4337
12419	58	17	4156	88	0	4319
12420	43	4157	71	36	0	4307
12421	4199	72	25	34	0	4330
12422	4227	39	23	19	0	4308
12423	127	14	4110	26	0	4277
12424	4132	15	70	29	0	4246
12425	97	15	4042	26	0	4180
12426	4056	18	75	19	0	4168
12427	93	29	24	4052	0	4198
12428	54	22	4018	83	0	4177
12429	43	18	4068	39	0	4168
12430	30	35	83	3998	0	4146
12431	42	26	34	4002	0	4104
12432	53	19	3877	93	0	4042
12433	41	27	70	3873	0	4011
12434	42	32	3917	83	0	4074
12435	53	17	80	3905	0	4055
12436	51	34	30	3883	0	3998
12437	52	3780	23	88	0	3943
12438	51	3769	17	46	0	3883
12439	30	3929	14	50	0	4023
12440	52	86	18	3900	0	4056
12441	46	32	20	3966	0	4064
12442	36	26	3863	104	0	4029
12443	3794	18	74	53	0	3939
12444	3934	15	37	33	0	4019
12445	118	3813	21	27	0	3979
12446	3856	75	17	31	0	3979
12447	99	34	22	3799	0	3954
12448	3849	21	22	91	0	3983
12449	3893	22	22	53	0	3990
12450	115	20	27	3807	0	3969
12451	3721	23	20	81	0	3845
12452	95	3641	12	51	0	3799
12453	50	3716	26	25	0	3817
12454	51	86	26	3600	0	3763
12455	46	3710	22	75	0	3853
12456	42	84	18	3634	0	3778
12457	48	28	15	3701	0	3792
12458	3618	21	20	87	0	3746
12459	79	3554	28	55	0	3716
12460	3479	65	22	30	0	3596
12461	3462	35	17	30	0	3544
12462	99	3443	19	32	0	3593
12463	3367	65	23	27	0	3482
12464	81	21	3277	31	0	3410
12465	37	3110	56	25	0	3228
12466	2950	47	27	25	0	3049
12467	60	13	2654	20	0	2747
12468	21	2437	33	19	0	2510
12469	23	2457	36	17	0	2533
12470	2269	34	36	8	0	2347
12471	2251	11	3	16	0	2281
12472	2234	9	6	11	0	2260
12473	39	2218	7	3	0	2267
12474	18	27	2	2260	0	2307
12475	2246	10	6	32	0	2294
12476	2262	10	3	17	0	2292
12477	35	8	5	2242	0	2290
12478	15	12	2241	27	0	2295
12479	16	6	2226	11	0	2259
12480	9	9	28	2249	0	2295
12481	13	3	13	2275	0	2304
12482	10	2	2265	32	0	2309
12483	12	7	26	2225	0	2270
12484	18	2242	10	28	0	2298
12485	2193	25	11	14	0	2243
12486	30	15	8	2139	0	2192
12487	2055	6	2	27	0	2090
12488	26	2069	7	16	0	2118
12489	14	2100	7	10	0	2131
12490	2035	23	4	10	0	2072
12491	17	8	2004	11	0	2040
12492	1754	11	18	5	0	1788
12493	16	1788	5	8	0	1817
12494	5	9	6	1668	0	1688
12495	1659	4	4	12	0	1679
12496	12	1	0	1643	0	1656
12497	1703	0	3	15	0	1721
12498	1677	0	2	7	0	1686
12499	13	1728	0	3	0	1744
12500	1688	8	1	0	0	1697
12501	8	1649	0	1	0	1658
12502	1666	7	2	0	0	1675
12503	8	2	0	1681	0	1691
12504	1699	1	0	10	0	1710
12505	7	0	1	1741	0	1749
12506	1820	0	1	10	0	1831
12507	1865	0	0	5	0	1870
12508	1870	2	0	0	0	1872
12509	1886	0	0	2	0	1888
12510	1885	1	0	1	0	1887
12511	11	0	0	1904	0	1915
12512	1873	1	0	10	0	1884
12513	9	1833	0	3	0	1845
12514	2	10	1868	1	0	1881
12515	2	3	8	1861	0	1874
12516	0	1	1919	10	0	1930
12517	1	0	9	1986	0	1996
12518	2	1	2015	10	0	2028
12519	1966	1	10	6	0	1983
12520	11	0	3	2008	0	2022
12521	4	0	1998	9	0	2011
12522	2	0	2027	3	0	2032
12523	0	5	13	2064	0	2082
12524	2268	2	3	11	0	2284
12525	13	2378	0	6	0	2397
12526	2405	14	0	2	0	2421
12527	2402	4	0	0	0	2406
12528	17	2387	0	4	0	2408
12529	2499	13	1	5	0	2518
12530	14	2	1	2534	0	2551
12531	4	0	1	2550	0	2555
12532	1	0	2	2562	0	2565
12533	2569	0	2	18	0	2589
12534	15	2604	0	4	0	2623
12535	4	19	0	2649	0	2672
12536	0	7	2	2673	0	2682
12537	2659	0	1	25	0	2685
12538	20	2	0	2659	0	2681
12539	8	1	2699	19	0	2727
12540	2	2813	22	6	0	2843
12541	2860	22	7	3	0	2892
12542	26	8	2	2837	0	2873
12543	11	2919	0	24	0	2954
12544	2924	26	2	10	0	2962
12545	25	8	2896	6	0	2935
12546	11	2904	24	5	0	2944
12547	2944	27	7	4	0	2982
12548	25	10	6	2918	0	2959
12549	9	8	3	2920	0	2940
12550	7	1	2916	34	0	2958
12551	5	3	26	2884	0	2918
12552	5	3	3076	30	0	3114
12553	5	2	2937	13	0	2957
12554	2	4	3050	8	0	3064
12555	3061	1	41	7	0	3110
12556	3108	3	14	5	0	3130
12557	3168	2	6	6	0	3182
12558	39	3	4	3133	0	3179
12559	15	3145	4	27	0	3191
12560	9	3186	3	11	0	3209
12561	3246	30	2	7	0	3285
12562	3232	14	9	4	0	3259
12563	33	3245	4	3	0	3285
12564	3240	23	4	5	0	3272
12565	27	11	3209	8	0	3255
12566	12	6	3153	5	0	3176
12567	10	3	31	3060	0	3104
12568	7	5	11	3215	0	3238
12569	6	3	3200	29	0	3238
12570	4	4	24	3147	0	3179
12571	3187	3	10	25	0	3225
12572	27	0	3173	14	0	3214
12573	3135	3	25	10	0	3173
12574	25	6	10	3206	0	3247
12575	15	1	3276	23	0	3315
12576	6	3312	24	15	0	3357
12577	3341	25	11	7	0	3384
12578	29	7	3279	6	0	3321
12579	3243	5	26	4	0	3278
12580	25	4	13	3271	0	3313
12581	3271	2	8	26	0	3307
12582	28	2	3410	12	0	3452
12583	15	1	24	3460	0	3500
12584	3600	1	14	25	0	3640
12585	3687	2	5	13	0	3707
12586	3802	2	4	7	0	3815
12587	3821	2	3	5	0	3831
12588	41	2	6	3700	0	3749
12589	19	0	5	3692	0	3716
12590	12	3	3709	36	0	3760
12591	10	4	21	3722	0	3757
12592	9	1	9	3710	0	3729
12593	5	3829	6	38	0	3878
12594	3885	29	3	18	0	3935
12595	3977	8	4	10	0	3999
12596	38	4110	6	7	0	4161
12597	15	33	5	4079	0	4132
12598	11	11	2	4123	0	4147
12599	4020	7	5	44	0	4076
12600	36	4	4149	14	0	4203
12601	18	2	35	4195	0	4250
12602	10	3	4245	41	0	4299
12603	4162	4	42	18	0	4226
12604	4264	4	13	11	0	4292
12605	4279	1	7	5	0	4292
12606	50	2	8	4152	0	4212
12607	20	4	2	4149	0	4175
12608	4149	1	3	48	0	4201
12609	44	1	4090	19	0	4154
12610	18	4	36	4094	0	4152
12611	4140	1	14	41	0	4196
12612	40	0	8	4154	0	4202
12613	20	1	4312	40	0	4373
12614	10	1	4187	17	0	4215
12615	4213	2	38	11	0	4264
12616	38	4278	16	13	0	4345
12617	4349	31	7	13	0	4400
12618	4408	10	4	14	0	4436
12619	49	7	5	4408	0	4469
12620	17	6	4	4404	0	4431
12621	14	4372	1	46	0	4433
12622	4364	34	4	16	0	4418
12623	34	4401	4	11	0	4450
12624	15	4309	4	9	0	4337
12625	11	37	3	4200	0	4251
12626	4211	10	3	32	0	4256
12627	4282	10	2	15	0	4309
12628	45	3	1	4231	0	4280
12629	16	2	4	4136	0	4158
12630	12	3	1	4112	0	4128
12631	4070	2	5	42	0	4119
12632	32	1	4080	21	0	4134
12633	15	4078	26	13	0	4132
12634	4024	21	9	10	0	4064
12635	32	8	11	4025	0	4076
12636	15	4	4025	33	0	4077
12637	15	1	3974	14	0	4004
12638	6	4003	34	8	0	4051
12639	6	4062	10	9	0	4087
12640	23	25	14	3907	0	3969
12641	4	3681	6	25	0	3716
12642	7	22	3	3879	0	3911
12643	7	6	2	3910	0	3925
12644	3933	0	2	32	0	3967
12645	25	3	3	3907	0	3938
12646	7	2	2	3922	0	3933
12647	3	1	3898	33	0	3935
12648	3	4	27	3944	0	3978
12649	4001	2	8	32	0	4043
12650	4052	4	1	12	0	4069
12651	33	4202	1	4	0	4240
12652	4066	38	0	6	0	4110
12653	50	7	4081	4	0	4142
12654	14	4127	45	8	0	4194
12655	3	48	8	4173	0	4232
12656	4	10	2	4240	0	4256
12657	6	2	1	4249	0	4258
12658	4224	4	5	56	0	4289
12659	4064	5	6	13	0	4088
12660	53	3	4126	6	0	4188
12661	16	2	4113	8	0	4139
12662	6	7	4166	8	0	4187
12663	9	4119	52	9	0	4189
12664	6	4222	6	10	0	4244
12665	4196	55	1	11	0	4263
12666	4239	6	3	10	0	4258
12667	57	5	3	4263	0	4328
12668	13	5	4	4219	0	4241
12669	6	4272	5	61	0	4344
12670	7	48	3	4354	0	4412
12671	7	7	4326	56	0	4396
12672	4	4350	49	13	0	4416
12673	7	50	10	4374	0	4441
12674	6	7	4462	55	0	4530
12675	8	5	53	4274	0	4340
12676	9	4398	6	58	0	4471
12677	4510	53	1	13	0	4577
12678	4538	8	5	12	0	4563
12679	4715	4	2	13	0	4734
12680	73	4	4	4706	0	4787
12681	12	5	3	4853	0	4873
12682	4757	6	12	71	0	4846
12683	72	4778	6	15	0	4871
12684	4766	69	1	9	0	4845
12685	74	17	4971	3	0	5065
12686	4975	6	80	5	0	5066
12687	5145	4	21	6	0	5176
12688	100	2	5	5088	0	5195
12689	5176	3	4	95	0	5278
12690	5327	5	4	26	0	5362
12691	117	2	3	5289	0	5411
12692	29	6	5209	92	0	5336
12693	5035	4	93	27	0	5159
12694	101	2	5290	13	0	5406
12695	28	5378	94	13	0	5513
12696	20	90	30	5360	0	5500
12697	5	18	11	5577	0	5611
12698	5877	4	7	116	0	6004
12699	110	9	5948	28	0	6095
12700	26	10	96	5716	0	5848
12701	10	5804	20	105	0	5939
12702	10	5867	5	31	0	5913
12703	13	130	5	5874	0	6022
12704	9	23	5823	115	0	5970
12705	8	8	113	5820	0	5949
12706	7	7	26	5885	0	5925
12707	5	8	5676	126	0	5815
12708	4	5777	104	34	0	5919
12709	5692	107	21	11	0	5831
12710	118	5795	5	9	0	5927
12711	29	114	7	5787	0	5937
12712	5614	20	10	111	0	5755
12713	98	5602	5	29	0	5734
12714	27	117	5572	12	0	5728
12715	5517	27	111	11	0	5666
12716	99	5676	23	9	0	5807
12717	5676	108	10	11	0	5805
12718	115	24	5499	12	0	5650
12719	5508	10	108	11	0	5637
12720	118	8	23	5538	0	5687
12721	31	8	5513	119	0	5671
12722	19	7	108	5419	0	5553
12723	10	5389	25	116	0	5540
12724	9	101	8	5477	0	5595
12725	11	24	11	5545	0	5591
12726	7	8	5364	143	0	5522
12727	14	11	114	5379	0	5518
12728	18	20	4763	120	0	4921
12729	12	5406	81	39	0	5538
12730	20	115	18	5408	0	5561
12731	12	31	5450	123	0	5616
12732	17	5412	116	43	0	5588
12733	19	5644	27	24	0	5714
12734	17	133	5544	18	0	5712
12735	18	34	5565	22	0	5639
12736	21	16	136	5473	0	5646
12737	5455	11	38	122	0	5626
12738	126	5456	13	36	0	5631
12739	37	114	16	5394	0	5561
12740	5354	26	9	127	0	5516
12741	129	5397	9	44	0	5579
12742	5383	121	8	27	0	5539
12743	125	5496	9	26	0	5656
12744	5513	120	17	18	0	5668
12745	5548	38	10	13	0	5609
12746	5695	24	13	17	0	5749
12747	144	5825	12	33	0	6014
12748	51	134	13	5888	0	6086
12749	34	35	5779	131	0	5979
12750	20	5768	130	56	0	5974
12751	37	125	40	5603	0	5805
12752	35	42	27	5664	0	5768
12753	24	19	5439	145	0	5627
12754	28	5355	112	51	0	5546
12755	5322	113	40	32	0	5507
12756	123	5289	12	31	0	5455
12757	57	105	14	5280	0	5456
12758	25	37	5254	126	0	5442
12759	5171	22	118	49	0	5360
12760	130	28	34	5314	0	5506
12761	39	20	5233	121	0	5413
12762	5054	23	111	49	0	5237
12763	110	5127	41	39	0	5317
12764	5166	114	25	34	0	5339
12765	5226	37	16	37	0	5316
12766	136	20	25	5147	0	5328
12767	49	23	5103	124	0	5299
12768	30	5099	114	44	0	5287
12769	19	121	5059	28	0	5227
12770	19	42	115	4983	0	5159
12771	20	28	43	5153	0	5244
12772	5007	23	23	152	0	5205
12773	109	15	4979	60	0	5163
12774	38	4871	115	32	0	5056
12775	24	113	33	4883	0	5053
12776	20	40	19	4947	0	5026
12777	4777	29	16	133	0	4955
12778	110	4819	14	48	0	4991
12779	40	112	17	4630	0	4799
12780	4486	42	18	110	0	4656
12781	105	4484	13	51	0	4653
12782	4342	94	16	24	0	4476
12783	4351	34	13	16	0	4414
12784	103	4235	16	25	0	4379
12785	3844	73	9	15	0	3941
12786	80	3866	6	22	0	3974
12787	3834	77	11	15	0	3937
12788	3842	22	16	11	0	3891
12789	85	3768	5	17	0	3875
12790	3575	62	11	11	0	3659
12791	3684	19	5	16	0	3724
12792	3676	12	10	12	0	3710
12793	86	16	3587	10	0	3699
12794	32	11	3404	12	0	3459
12795	21	15	3354	6	0	3396
12796	3299	16	72	20	0	3407
12797	60	9	3220	12	0	3301
12798	26	4	2873	2	0	2905
12799	13	15	58	2629	0	2715
12800	2672	6	17	42	0	2737
12801	43	6	2689	17	0	2755
12802	20	6	2797	7	0	2830
12803	10	7	58	2745	0	2820
12804	8	6	16	2792	0	2822
12805	9	1	9	2812	0	2831
12806	11	3	2764	49	0	2827
12807	9	10	45	2762	0	2826
12808	2750	3	18	46	0	2817
12809	44	2756	8	26	0	2834
12810	15	42	7	2787	0	2851
12811	12	15	6	2831	0	2864
12812	15	6	2847	53	0	2921
12813	12	2788	43	18	0	2861
12814	2780	50	19	11	0	2860
12815	52	2819	3	12	0	2886
12816	18	50	10	2821	0	2899
12817	17	16	2817	50	0	2900
12818	17	6	51	2933	0	3007
12819	8	13	16	3013	0	3050
12820	3066	8	11	64	0	3149
12821	64	9	10	2973	0	3056
12822	19	2995	6	63	0	3083
12823	12	3190	12	19	0	3233
12824	15	65	3180	15	0	3275
12825	3191	17	55	17	0	3280
12826	67	7	16	3202	0	3292
12827	18	10	15	3241	0	3284
12828	11	9	12	3246	0	3278
12829	3250	5	11	79	0	3345
12830	64	3281	10	28	0	3383
12831	3250	59	9	15	0	3333
12832	62	12	3116	20	0	3210
12833	24	4	3101	14	0	3143
12834	3138	12	68	8	0	3226
12835	71	6	29	3175	0	3281
12836	21	5	13	3237	0	3276
12837	9	7	18	3248	0	3282
12838	13	5	3200	72	0	3290
12839	3196	5	63	28	0	3292
12840	3260	4	17	22	0	3303
12841	3195	2	7	26	0	3230
12842	71	12	19	3126	0	3228
12843	23	6	3051	68	0	3148
12844	18	5	3027	22	0	3072
12845	19	9	3061	14	0	3103
12846	13	2936	65	16	0	3030
12847	41	49	37	2651	0	2778
12848	2631	8	15	41	0	2695
12849	42	2	2642	14	0	2700
12850	2676	4	40	10	0	2730
12851	42	6	7	2705	0	2760
12852	11	5	3	2706	0	2725
12853	9	2621	8	41	0	2679
12854	8	2688	6	12	0	2714
12855	5	2768	5	11	0	2789
12856	7	47	4	2765	0	2823
12857	2741	11	5	44	0	2801
12858	2771	5	3	14	0	2793
12859	44	8	2725	9	0	2786
12860	2691	4	40	11	0	2746
12861	48	2	2680	8	0	2738
12862	17	1	38	2697	0	2753
12863	6	2	2706	36	0	2750
12864	2694	4	39	13	0	2750
12865	40	3	11	2751	0	2805
12866	7	3	2797	44	0	2851
12867	7	3	2719	8	0	2737
12868	2737	4	44	9	0	2794
12869	2793	4	8	15	0	2820
12870	40	2817	4	10	0	2871
12871	11	35	8	2852	0	2906
12872	10	10	2851	35	0	2906
12873	9	5	2843	12	0	2869
12874	7	12	44	2842	0	2905
12875	2845	8	14	46	0	2913
12876	38	2830	7	14	0	2889
12877	13	37	6	2885	0	2941
12878	2874	8	7	50	0	2939
12879	42	3	7	2881	0	2933
12880	14	2897	9	41	0	2961
12881	12	33	5	2921	0	2971
12882	2906	12	4	39	0	2961
12883	40	7	5	2915	0	2967
12884	2905	9	6	47	0	2967
12885	37	2935	7	24	0	3003
12886	2945	37	6	12	0	3000
12887	46	7	2867	15	0	2935
12888	2812	8	38	15	0	2873
12889	2888	10	9	9	0	2916
12890	47	2901	12	10	0	2970
12891	18	42	9	2837	0	2906
12892	16	8	2833	39	0	2896
12893	11	5	2796	15	0	2827
12894	2653	23	44	16	0	2736
12895	2645	5	14	11	0	2675
12896	33	2640	7	11	0	2691
12897	15	2662	3	10	0	2690
12898	2658	25	5	8	0	2696
12899	33	2612	10	4	0	2659
12900	15	2703	5	9	0	2732
12901	14	28	8	2674	0	2724
12902	8	6	5	2619	0	2638
12903	8	3	2630	39	0	2680
12904	6	5	32	2612	0	2655
12905	2633	3	8	33	0	2677
12906	33	2	2646	11	0	2692
12907	16	4	2628	4	0	2652
12908	11	2	31	2629	0	2673
12909	7	6	10	2691	0	2714
12910	10	1	11	2671	0	2693
12911	10	2	2653	29	0	2694
12912	3	4	28	2541	0	2576
12913	7	7	6	2626	0	2646
12914	2577	4	4	29	0	2614
12915	24	2568	6	7	0	2605
12916	2545	17	6	4	0	2572
12917	24	4	2569	6	0	2603
12918	2311	2	17	3	0	2333
12919	21	2448	3	1	0	2473
12920	2263	11	3	2	0	2279
12921	8	2262	2	2	0	2274
12922	2150	9	5	5	0	2169
12923	7	2069	3	1	0	2080
12924	4	2076	2	1	0	2083
12925	7	7	8	2080	0	2102
12926	2091	2	2	6	0	2101
12927	2099	1	0	4	0	2104
12928	2118	0	0	3	0	2121
12929	9	2	2103	0	0	2114
12930	1	0	2091	4	0	2096
12931	2	2	9	2136	0	2149
12932	0	2163	2	12	0	2177
12933	3	2223	1	1	0	2228
12934	1	13	0	2176	0	2190
12935	2156	1	0	11	0	2168
12936	2167	1	1	2	0	2171
12937	2183	0	1	0	0	2184
12938	12	1	2174	1	0	2188
12939	3	3	9	2197	0	2212
12940	2	3	2229	11	0	2245
12941	2240	0	12	3	0	2255
12942	2267	0	3	1	0	2271
12943	15	1	2277	0	0	2293
12944	4	1	10	2290	0	2305
12945	2327	1	4	14	0	2346
12946	11	1	2	2364	0	2378
12947	4	0	2	2399	0	2405
12948	3	3	1	2467	0	2474
12949	2690	3	0	20	0	2713
12950	20	2	1	2843	0	2866
12951	2953	1	0	31	0	2985
12952	33	3163	1	15	0	3212
12953	12	25	0	3286	0	3323
12954	6	11	1	3281	0	3299
12955	1	7	1	3272	0	3281
12956	3229	1	3	50	0	3283
12957	32	1	1	3228	0	3262
12958	15	2	0	3259	0	3276
12959	3274	0	1	45	0	3320
12960	3307	0	3	24	0	3334
12961	3302	1	1	15	0	3319
12962	50	0	3216	9	0	3275
12963	23	3	3127	11	0	3164
12964	3251	2	37	9	0	3299
12965	35	0	17	3230	0	3282
12966	17	1	6	3167	0	3191
12967	3215	2	3	44	0	3264
12968	3156	2	2	25	0	3185
12969	3166	2	3	13	0	3184
12970	50	3093	5	6	0	3154
12971	3106	24	4	4	0	3138
12972	3057	14	2	6	0	3079
12973	45	3025	3	8	0	3081
12974	24	3067	3	8	0	3102
12975	16	32	4	3096	0	3148
12976	3134	19	1	30	0	3184
12977	3135	10	1	15	0	3161
12978	3137	3	2	11	0	3153
12979	53	2	1	3093	0	3149
12980	3105	2	0	32	0	3139
12981	41	3	3067	22	0	3133
12982	3091	4	27	16	0	3138
12983	45	2	3108	6	0	3161
12984	23	3	3013	7	0	3046
12985	15	6	33	2987	0	3041
12986	3027	3	18	31	0	3079
12987	31	2	9	3028	0	3070
12988	22	2	3041	37	0	3102
12989	15	3	3035	21	0	3074
12990	9	1	39	3021	0	3070
12991	3003	0	23	35	0	3061
12992	32	3026	10	19	0	3087
12993	26	22	4	3036	0	3088
12994	14	12	6	3095	0	3127
12995	11	6	3120	45	0	3182
12996	14	2	3053	26	0	3095
12997	12	6	38	3084	0	3140
12998	3115	4	20	36	0	3175
12999	33	3	3114	23	0	3173
13000	19	3	25	3077	0	3124
13001	18	2	13	3051	0	3084
13002	18	1	10	3100	0	3129
13003	3034	3	7	56	0	3100
13004	38	4	2870	27	0	2939
13005	26	2993	22	19	0	3060
13006	25	23	9	3035	0	3092
13007	11	16	3015	34	0	3076
13008	10	2967	23	23	0	3023
13009	11	3056	14	20	0	3101
13010	3058	32	11	15	0	3116
13011	27	3079	6	16	0	3128
13012	3124	35	4	9	0	3172
13013	47	16	3070	12	0	3145
13014	30	10	32	3102	0	3174
13015	3091	10	18	39	0	3158
13016	42	3155	13	22	0	3232
13017	28	31	3152	19	0	3230
13018	20	18	35	2986	0	3059
13019	11	3168	20	31	0	3230
13020	12	33	12	3286	0	3343
13021	3229	14	4	47	0	3294
13022	43	3309	7	27	0	3386
13023	3343	35	10	14	0	3402
13024	3384	15	8	13	0	3420
13025	60	13	3410	8	0	3491
13026	30	3588	42	12	0	3672
13027	21	55	20	3765	0	3861
13028	11	15	3944	56	0	4026
13029	12	13	4240	28	0	4293
13030	10	16	91	4408	0	4525
13031	4528	4	42	87	0	4661
13032	4573	4	14	37	0	4628
13033	119	4	12	4521	0	4656
13034	39	5	4526	89	0	4659
13035	21	4535	85	39	0	4680
13036	4568	83	32	23	0	4706
13037	4648	32	17	10	0	4707
13038	116	4628	7	16	0	4767
13039	4674	85	10	12	0	4781
13040	102	29	4587	11	0	4729
13041	4585	15	91	8	0	4699
13042	4527	11	29	11	0	4578
13043	118	6	4571	5	0	4700
13044	46	9	84	4499	0	4638
13045	21	7	4496	87	0	4611
13046	16	4302	92	29	0	4439
13047	17	4403	33	19	0	4472
13048	22	116	14	4184	0	4336
13049	8	25	4172	76	0	4281
13050	7	3898	67	22	0	3994
13051	6	3902	20	18	0	3946
13052	3548	84	22	11	0	3665
13053	3632	19	3	5	0	3659
13054	75	10	3	3619	0	3707
13055	17	4	2	3632	0	3655
13056	7	3650	8	78	0	3743
13057	3640	68	3	21	0	3732
13058	3689	21	2	10	0	3722
13059	79	3633	1	6	0	3719
13060	24	65	1	3645	0	3735
13061	6	17	3635	69	0	3727
13062	6	6	65	3638	0	3715
13063	3656	6	18	75	0	3755
13064	71	2	5	3693	0	3771
13065	20	4	1	3795	0	3820
13066	3773	6	2	84	0	3865
13067	72	2	4	3738	0	3816
13068	18	3734	7	71	0	3830
13069	11	61	0	3828	0	3900
13070	12	14	2	3884	0	3912
13071	10	7	2	3839	0	3858
13072	7	3790	3	94	0	3894
13073	6	66	8	3788	0	3868
13074	6	17	3746	79	0	3848
13075	6	9	69	3733	0	3817
13076	4	2	3706	85	0	3797
13077	5	3681	73	20	0	3779
13078	7	74	16	3742	0	3839
13079	5	17	9	3806	0	3837
13080	10	9	5	3813	0	3837
13081	9	6	7	3787	0	3809
13082	6	5	3695	98	0	3804
13083	7	3677	74	28	0	3786
13084	6	78	20	3744	0	3848
13085	13	17	3782	79	0	3891
13086	14	10	72	3782	0	3878
13087	3807	8	19	87	0	3921
13088	84	5	3691	30	0	3810
13089	3702	8	75	13	0	3798
13090	82	9	22	3777	0	3890
13091	38	7	3750	76	0	3871
13092	19	3726	80	25	0	3850
13093	17	73	21	3749	0	3860
13094	13	24	3799	82	0	3918
13095	9	3763	75	29	0	3876
13096	17	81	27	3782	0	3907
13097	3778	24	14	87	0	3903
13098	3882	15	10	29	0	3936
13099	3916	11	11	23	0	3961
13100	103	6	3855	19	0	3983
13101	30	3898	75	17	0	4020
13102	21	84	22	3924	0	4051
13103	15	26	10	4169	0	4220
13104	4155	13	10	105	0	4283
13105	92	4256	10	33	0	4391
13106	4303	93	12	12	0	4420
13107	4314	29	7	18	0	4368
13108	4380	12	8	15	0	4415
13109	118	8	4271	22	0	4419
13110	4302	8	86	22	0	4418
13111	100	10	28	4295	0	4433
13112	37	13	10	4326	0	4386
13113	4231	14	11	112	0	4368
13114	95	9	6	4190	0	4300
13115	36	4151	10	94	0	4291
13116	8	92	7	4109	0	4216
13117	4052	27	2	103	0	4184
13118	96	7	3992	47	0	4142
13119	35	3964	78	25	0	4102
13120	19	82	21	3929	0	4051
13121	3917	21	10	94	0	4042
13122	87	19	3842	31	0	3979
13123	38	82	81	3756	0	3957
13124	30	13	3769	92	0	3904
13125	26	10	3646	43	0	3725
13126	22	11	3494	21	0	3548
13127	18	2	3390	22	0	3432
13128	17	7	3208	15	0	3247
13129	2681	62	119	8	0	2870
13130	34	2707	15	11	0	2767
13131	2577	25	9	5	0	2616
13132	2582	7	7	5	0	2601
13133	37	2552	6	4	0	2599
13134	11	2597	4	6	0	2618
13135	2590	25	5	4	0	2624
13136	2597	7	3	8	0	2615
13137	32	4	3	2540	0	2579
13138	12	2545	2	22	0	2581
13139	2559	23	8	8	0	2598
13140	27	2541	4	2	0	2574
13141	11	24	3	2560	0	2598
13142	2570	7	7	27	0	2611
13143	2595	3	5	10	0	2613
13144	32	4	2	2579	0	2617
13145	11	4	2	2600	0	2617
13146	9	1	2574	29	0	2613
13147	9	3	26	2557	0	2595
13148	6	2	2578	28	0	2614
13149	5	6	24	2483	0	2518
13150	7	3	10	2531	0	2551
13151	2524	4	4	34	0	2566
13152	2527	2	8	10	0	2547
13153	34	3	2490	5	0	2532
13154	2433	3	25	7	0	2468
13155	31	5	7	2474	0	2517
13156	16	2	2521	29	0	2568
13157	12	4	27	2531	0	2574
13158	7	1	11	2689	0	2708
13159	3	5	2692	36	0	2736
13160	6	4	29	2779	0	2818
13161	7	2	2857	34	0	2900
13162	9	3	33	2944	0	2989
13163	3136	5	12	36	0	3189
13164	38	3183	4	18	0	3243
13165	3250	35	7	5	0	3297
13166	37	3267	5	12	0	3321
13167	3237	36	6	5	0	3284
13168	39	3237	6	11	0	3293
13169	3215	35	7	11	0	3268
13170	41	3239	8	8	0	3296
13171	19	40	8	3254	0	3321
13172	9	18	3253	42	0	3322
13173	16	6	3221	15	0	3258
13174	12	11	47	3221	0	3291
13175	3234	4	18	39	0	3295
13176	38	3289	10	18	0	3355
13177	19	38	6	3298	0	3361
13178	10	22	3282	45	0	3359
13179	16	11	3312	18	0	3357
13180	11	15	55	3209	0	3290
13181	9	3339	25	41	0	3414
13182	3329	41	13	27	0	3410
13183	47	16	3402	12	0	3477
13184	18	13	3363	8	0	3402
13185	12	3397	48	11	0	3468
13186	3385	47	31	8	0	3471
13187	3419	15	8	10	0	3452
13188	51	9	11	3398	0	3469
13189	3444	8	10	43	0	3505
13190	3400	7	10	15	0	3432
13191	47	3423	7	14	0	3491
13192	3433	42	10	5	0	3490
13193	49	17	3475	7	0	3548
13194	22	7	41	3414	0	3484
13195	20	9	14	3432	0	3475
13196	3418	9	8	51	0	3486
13197	43	3442	8	21	0	3514
13198	3397	35	11	13	0	3456
13199	42	3444	9	13	0	3508
13200	22	3475	8	8	0	3513
13201	12	47	3405	7	0	3471
13202	22	27	3280	12	0	3341
13203	3147	22	47	5	0	3221
13204	3193	9	21	6	0	3229
13205	33	6	3088	7	0	3134
13206	22	2978	23	4	0	3027
13207	12	3047	8	4	0	3071
13208	3016	29	12	6	0	3063
13209	3016	16	9	2	0	3043
13210	32	13	6	3031	0	3082
13211	3099	7	8	21	0	3135
13212	32	6	7	3073	0	3118
13213	16	6	3082	28	0	3132
13214	17	11	2974	16	0	3018
13215	3072	3	30	13	0	3118
13216	27	9	16	3080	0	3132
13217	20	3247	10	19	0	3296
13218	3301	29	1	15	0	3346
13219	3315	12	3	13	0	3343
13220	34	10	3307	11	0	3362
13221	3349	1	30	11	0	3391
13222	3427	10	13	13	0	3463
13223	42	4	8	3409	0	3463
13224	21	3410	10	22	0	3463
13225	20	3459	11	15	0	3505
13226	8	33	7	3562	0	3610
13227	10	23	5	3475	0	3513
13228	16	18	6	3558	0	3598
13229	14	11	3527	39	0	3591
13230	16	3	3422	24	0	3465
13231	16	8	39	3437	0	3500
13232	12	11	3495	35	0	3553
13233	13	9	3448	16	0	3486
13234	9	12	37	3423	0	3481
13235	14	7	3614	36	0	3671
13236	12	3571	42	20	0	3645
13237	3764	37	15	19	0	3835
13238	45	14	11	3728	0	3798
13239	14	3741	14	37	0	3806
13240	17	35	3861	13	0	3926
13241	13	12	48	3839	0	3912
13242	7	11	3989	46	0	4053
13243	12	10	49	3984	0	4055
13244	14	9	16	4105	0	4144
13245	11	8	4211	57	0	4287
13246	13	7	47	4161	0	4228
13247	11	4150	20	52	0	4233
13248	13	48	12	4316	0	4389
13249	9	17	4325	56	0	4407
13250	10	14	51	4252	0	4327
13251	4270	6	19	61	0	4356
13252	46	4296	16	27	0	4385
13253	15	48	16	4333	0	4412
13254	16	16	4413	58	0	4503
13255	10	4283	52	25	0	4370
13256	12	4347	18	23	0	4400
13257	11	57	4300	14	0	4382
13258	7	30	44	4149	0	4230
13259	18	28	20	4098	0	4164
13260	10	11	4063	59	0	4143
13261	8	3890	45	28	0	3971
13262	6	3918	17	17	0	3958
13263	3691	40	8	12	0	3751
13264	31	3694	9	8	0	3742
13265	3645	37	7	13	0	3702
13266	36	11	4	3579	0	3630
13267	3777	9	11	46	0	3843
13268	36	2	3767	14	0	3819
13269	3740	7	31	13	0	3791
13270	43	12	13	3826	0	3894
13271	12	3865	9	35	0	3921
13272	3912	34	5	12	0	3963
13273	38	26	8	3912	0	3984
13274	15	3959	2	35	0	4011
13275	11	4147	6	14	0	4178
13276	4141	37	5	8	0	4191
13277	4183	9	5	8	0	4205
13278	4215	6	5	8	0	4234
13279	42	6	3	4121	0	4172
13280	15	4016	4	38	0	4073
13281	9	4133	3	19	0	4164
13282	9	40	3	4142	0	4194
13283	4100	12	6	45	0	4163
13284	3940	10	2	20	0	3972
13285	4045	11	3	10	0	4069
13286	47	7	4003	7	0	4064
13287	19	4	4005	9	0	4037
13288	4228	6	36	8	0	4278
13289	42	10	7	4206	0	4265
13290	12	9	6	4248	0	4275
13291	9	7	3	4191	0	4210
13292	16	6	5	4225	0	4252
13293	12	4	4131	49	0	4196
13294	8	5	40	4082	0	4135
13295	9	6	4108	46	0	4169
13296	3904	5	41	25	0	3975
13297	39	4088	15	22	0	4164
13298	11	34	17	4198	0	4260
13299	13	9	8	4124	0	4154
13300	4091	13	7	54	0	4165
13301	4076	8	7	22	0	4113
13302	4079	6	12	23	0	4120
13303	4075	7	6	21	0	4109
13304	51	10	4074	14	0	4149
13305	22	12	3980	13	0	4027
13306	20	6	47	4045	0	4118
13307	4090	3	13	48	0	4154
13308	4053	10	10	21	0	4094
13309	45	10	4017	22	0	4094
13310	18	6	45	3965	0	4034
13311	3984	6	15	52	0	4057
13312	47	11	10	3985	0	4053
13313	17	8	4031	48	0	4104
13314	14	6	46	4025	0	4091
13315	4046	3	16	50	0	4115
13316	42	4229	16	19	0	4306
13317	4187	41	7	23	0	4258
13318	4213	14	10	15	0	4252
13319	4255	10	7	21	0	4293
13320	49	10	9	4212	0	4280
13321	4144	12	6	44	0	4206
13322	49	4271	9	17	0	4346
13323	20	4369	8	21	0	4418
13324	18	58	14	4309	0	4399
13325	4359	18	7	49	0	4433
13326	64	4616	6	15	0	4701
13327	5294	70	2	20	0	5386
13328	5721	16	2	22	0	5761
13329	118	5910	7	13	0	6048
13330	39	108	2	5958	0	6107
13331	36	34	2	6099	0	6171
13332	38	17	6019	120	0	6194
13333	32	20	105	5929	0	6086
13334	32	18	6010	123	0	6183
13335	24	5801	116	58	0	5999
13336	31	119	34	5910	0	6094
13337	5733	35	30	141	0	5939
13338	5826	21	22	61	0	5930
13339	132	21	29	5787	0	5969
13340	40	21	5658	138	0	5857
13341	5439	17	113	63	0	5632
13342	119	5489	37	41	0	5686
13343	45	5411	24	46	0	5526
13344	46	5526	21	34	0	5627
13345	46	128	25	5319	0	5518
13346	31	36	5393	115	0	5575
13347	25	29	103	5333	0	5490
13348	33	24	5372	105	0	5534
13349	19	34	5288	39	0	5380
13350	14	28	5421	26	0	5489
13351	15	36	126	5254	0	5431
13352	9	22	48	5437	0	5516
13353	10	13	43	5460	0	5526
13354	8	19	40	5328	0	5395
13355	5312	12	40	139	0	5503
13356	90	5296	39	57	0	5482
13357	5318	85	39	50	0	5492
13358	91	5371	21	59	0	5542
13359	30	95	18	5437	0	5580
13360	19	29	13	5603	0	5664
13361	5507	24	9	149	0	5689
13362	5590	22	6	57	0	5675
13363	5628	27	6	46	0	5707
13364	5593	21	6	45	0	5665
13365	5574	24	7	33	0	5638
13366	144	5469	3	32	0	5648
13367	5274	102	3	28	0	5407
13368	129	5223	2	26	0	5380
13369	5198	93	5	16	0	5312
13370	148	31	5144	18	0	5341
13371	65	22	86	5094	0	5267
13372	59	5198	18	92	0	5367
13373	48	102	13	5160	0	5323
13374	51	42	5103	94	0	5290
13375	39	32	97	4914	0	5082
13376	4881	23	25	108	0	5037
13377	100	4884	27	41	0	5052
13378	27	4954	18	46	0	5045
13379	30	118	5001	34	0	5183
13380	25	47	99	4935	0	5106
13381	21	5079	38	115	0	5253
13382	21	113	25	5169	0	5328
13383	20	34	5187	118	0	5359
13384	14	5075	110	53	0	5252
13385	13	113	5121	37	0	5284
13386	17	47	5050	32	0	5146
13387	19	35	109	4966	0	5129
13388	5009	40	37	109	0	5195
13389	101	32	35	5062	0	5230
13390	29	24	5118	121	0	5292
13391	19	32	123	5169	0	5343
13392	19	21	5344	127	0	5511
13393	26	28	5295	49	0	5398
13394	5311	22	140	54	0	5527
13395	5629	19	59	44	0	5751
13396	5640	14	48	59	0	5761
13397	124	8	5562	43	0	5737
13398	45	10	5616	45	0	5716
13399	42	4	157	5463	0	5666
13400	45	10	69	5560	0	5684
13401	5558	10	45	136	0	5749
13402	133	10	47	5549	0	5739
13403	54	10	5578	141	0	5783
13404	42	7	5518	64	0	5631
13405	32	5514	137	71	0	5754
13406	41	106	47	5639	0	5833
13407	37	29	5696	139	0	5901
13408	43	22	138	5621	0	5824
13409	5660	28	57	147	0	5892
13410	110	19	5743	69	0	5941
13411	39	15	141	5711	0	5906
13412	35	17	48	5819	0	5919
13413	42	16	5670	154	0	5882
13414	40	9	135	5607	0	5791
13415	37	12	5607	146	0	5802
13416	5281	18	126	73	0	5498
13417	126	14	60	5300	0	5500
13418	36	5268	42	150	0	5496
13419	5271	106	31	66	0	5474
13420	5298	27	41	52	0	5418
13421	143	5230	35	58	0	5466
13422	94	434	44	4561	0	5133
13423	47	4941	25	105	0	5118
13424	38	4969	19	49	0	5075
13425	98	141	4641	39	0	4919
13426	56	4495	96	37	0	4684
13427	46	87	3749	34	0	3916
13428	3160	54	43	9	0	3266
13429	3155	5	14	7	0	3181
13430	30	3159	7	3	0	3199
13431	6	3177	7	3	0	3193
13432	7	3280	3	7	0	3297
13433	3369	30	4	4	0	3407
13434	34	11	7	3475	0	3527
13435	10	6	3704	31	0	3751
13436	6	3722	35	9	0	3772
13437	5	43	11	3843	0	3902
13438	6	10	6	3808	0	3830
13439	5	4270	5	47	0	4327
13440	4612	66	1	17	0	4696
13441	78	10	4693	7	0	4788
13442	21	8	85	5654	0	5768
13443	6	6245	17	122	0	6390
13444	6281	131	8	24	0	6444
13445	135	24	6225	17	0	6401
13446	24	6121	130	14	0	6289
13447	23	144	24	6145	0	6336
13448	18	22	6135	135	0	6310
13449	5996	18	147	26	0	6187
13450	136	20	25	6056	0	6237
13451	26	10	6033	145	0	6214
13452	17	6030	150	28	0	6225
13453	5940	139	25	22	0	6126
13454	135	6032	13	25	0	6205
13455	6040	150	25	5	0	6220
13456	6168	42	8	7	0	6225
13457	156	26	4	5947	0	6133
13458	41	5884	9	137	0	6071
13459	38	131	5903	25	0	6097
13460	27	23	134	5888	0	6072
13461	32	31	52	5341	0	5456
13462	11	20	24	5979	0	6034
13463	11	11	18	5970	0	6010
13464	9	12	9	5985	0	6015
13465	5828	10	14	189	0	6041
13466	5649	13	9	69	0	5740
13467	5711	12	9	50	0	5782
13468	166	5677	9	28	0	5880
13469	58	131	5758	13	0	5960
13470	44	26	5800	20	0	5890
13471	25	23	5861	19	0	5928
13472	14	32	170	5646	0	5862
13473	20	13	61	5838	0	5932
13474	13	15	36	5818	0	5882
13475	10	10	5670	184	0	5874
13476	15	5586	150	69	0	5820
13477	21	136	5628	50	0	5835
13478	14	32	5746	37	0	5829
13479	13	31	174	5591	0	5809
13480	22	31	5669	154	0	5876
13481	23	15	179	5530	0	5747
13482	5504	19	54	169	0	5746
13483	5577	19	30	65	0	5691
13484	174	12	5449	44	0	5679
13485	57	16	158	5446	0	5677
13486	48	18	5448	162	0	5676
13487	29	5482	168	53	0	5732
13488	5492	153	53	45	0	5743
13489	167	40	5465	42	0	5714
13490	49	5267	161	39	0	5516
13491	40	5282	54	36	0	5412
13492	45	5263	41	37	0	5386
13493	40	187	5014	30	0	5271
13494	39	88	160	4744	0	5031
13495	37	4892	55	151	0	5135
13496	32	166	51	4874	0	5123
13497	25	46	46	5020	0	5137
13498	4793	48	27	204	0	5072
13499	165	4824	41	88	0	5118
13500	4746	148	45	66	0	5005
13501	168	4684	31	67	0	4950
13502	61	4874	38	43	0	5016
13503	54	186	4738	41	0	5019
13504	56	67	153	4677	0	4953
13505	49	60	4693	171	0	4973
13506	43	4647	174	72	0	4936
13507	49	152	4616	67	0	4884
13508	54	50	4645	63	0	4812
13509	40	4675	178	60	0	4953
13510	4527	164	77	51	0	4819
13511	153	4616	66	64	0	4899
13512	4627	173	56	74	0	4930
13513	165	64	4624	67	0	4920
13514	61	34	4673	81	0	4849
13515	46	4598	173	79	0	4896
13516	4566	156	60	62	0	4844
13517	169	4591	69	54	0	4883
13518	73	158	58	4638	0	4927
13519	4660	66	52	166	0	4944
13520	180	51	4653	54	0	4938
13521	55	42	179	4678	0	4954
13522	4632	33	77	195	0	4937
13523	167	4634	68	74	0	4943
13524	51	148	64	4683	0	4946
13525	39	48	4653	197	0	4937
13526	4601	45	177	70	0	4893
13527	149	48	72	4642	0	4911
13528	39	39	4597	189	0	4864
13529	36	31	191	4495	0	4753
13530	36	4544	76	183	0	4839
13531	33	157	4545	81	0	4816
13532	43	42	174	4411	0	4670
13533	4253	35	61	176	0	4525
13534	171	32	51	4134	0	4388
13535	3807	28	57	154	0	4046
13536	149	3822	39	68	0	4078
13537	3733	131	49	52	0	3965
13538	139	55	3675	39	0	3908
13539	60	42	3246	26	0	3374
13540	45	31	2858	23	0	2957
13541	32	2707	167	23	0	2929
13542	96	34	175	1183	0	1488
13543	4	7	16	1153	0	1180
13544	2	2	1	1136	0	1141
13545	2	2	1	1170	0	1175
13546	0	3	1168	15	0	1186
13547	1115	1	14	6	0	1136
13548	13	1171	2	4	0	1190
13549	1181	13	2	3	0	1199
13550	14	5	2	1174	0	1195
13551	5	1202	0	15	0	1222
13552	2	14	0	1226	0	1242
13553	1216	4	3	14	0	1237
13554	12	1266	4	5	0	1287
13555	1272	12	1	3	0	1288
13556	1261	5	2	4	0	1272
13557	17	1	0	1290	0	1308
13558	2	2	1298	15	0	1317
13559	1252	1	12	3	0	1268
13560	12	1	3	1336	0	1352
13561	1346	1	3	15	0	1365
13562	1406	2	1	4	0	1413
13563	1414	2	0	0	0	1416
13564	17	1	1413	1	0	1432
13565	3	1	14	1390	0	1408
13566	1415	0	3	15	0	1433
13567	17	1	1461	5	0	1484
13568	2	1497	15	1	0	1515
13569	7	22	3	1402	0	1434
13570	2	2	1485	13	0	1502
13571	1	0	1456	5	0	1462
13572	0	1	18	1450	0	1469
13573	4	1	4	1514	0	1523
13574	1	1	0	1524	0	1526
13575	1	0	1	1490	0	1492
13576	0	3	1493	12	0	1508
13577	0	1525	10	4	0	1539
13578	1	11	2	1546	0	1560
13579	1579	1	2	12	0	1594
13580	1554	0	1	4	0	1559
13581	1558	1	0	2	0	1561
13582	12	2	0	1562	0	1576
13583	2	0	2	1551	0	1555
13584	1	1488	1	10	0	1500
13585	1	1546	0	5	0	1552
13586	2	10	1	1525	0	1538
13587	1524	3	0	16	0	1543
13588	1523	0	2	1	0	1526
13589	1508	0	1	0	0	1509
13590	1530	1	0	3	0	1534
13591	1524	0	1	2	0	1527
13592	8	1538	2	0	0	1548
13593	0	8	1	1554	0	1563
13594	1605	0	0	11	0	1616
13595	1595	0	0	1	0	1596
13596	9	0	0	1597	0	1606
13597	2	0	1	1595	0	1598
13598	2	0	1629	7	0	1638
13599	2	0	6	1573	0	1581
13600	2	1	1	1611	0	1615
13601	1	1	1682	7	0	1691
13602	2	1	5	1658	0	1666
13603	1	1704	1	5	0	1711
13604	0	6	1712	2	0	1720
13605	0	1717	6	3	0	1726
13606	0	8	1	1703	0	1712
13607	0	1	1	1733	0	1735
13608	0	1718	0	9	0	1727
13609	1	1733	3	0	0	1737
13610	1769	6	0	2	0	1777
13611	1753	1	0	0	0	1754
13612	6	0	1756	0	0	1762
13613	1794	0	4	3	0	1801
13614	1895	0	1	1	0	1897
13615	1906	0	0	2	0	1908
13616	1906	0	1	1	0	1908
13617	5	2	1857	1	0	1865
13618	2	3	1796	2	0	1803
13619	1914	0	4	1	0	1919
13620	5	1968	1	0	0	1974
13621	1	3	1973	1	0	1978
13622	1986	0	4	1	0	1991
13623	1987	0	0	1	0	1988
13624	4	1	1976	0	0	1981
13625	1983	1	3	2	0	1989
13626	4	0	1	2163	0	2168
13627	3	1	2248	3	0	2255
13628	2107	0	4	3	0	2114
13629	6	2254	3	2	0	2265
13630	2315	3	2	4	0	2324
13631	2476	0	0	7	0	2483
13632	5	0	3	2497	0	2505
13633	3	2	3	2484	0	2492
13634	3	2	1	2534	0	2540
13635	2548	1	4	6	0	2559
13636	2686	0	2	4	0	2692
13637	5	1	0	2694	0	2700
13638	4	0	0	2666	0	2670
13639	3	1	2641	9	0	2654
13640	2580	1	4	9	0	2594
13641	7	1	2	2748	0	2758
13642	5	2	0	2732	0	2739
13643	5	2719	1	11	0	2736
13644	6	6	1	2738	0	2751
13645	4	2	1	2734	0	2741
13646	2712	0	0	13	0	2725
13647	8	2768	2	6	0	2784
13648	5	7	0	2829	0	2841
13649	0	6	0	2805	0	2811
13650	1	2	0	2833	0	2836
13651	4	4	2797	11	0	2816
13652	5	1	7	2766	0	2779
13653	2794	1	2	12	0	2809
13654	14	1	2760	5	0	2780
13655	5	3	8	2806	0	2822
13656	2	0	4	2846	0	2852
13657	2847	2	2	20	0	2871
13658	2802	0	3	9	0	2814
13659	18	1	2819	4	0	2842
13660	2701	0	10	7	0	2718
13661	15	0	2805	6	0	2826
13662	2843	1	11	6	0	2861
13663	15	2999	6	6	0	3026
13664	3080	15	1	6	0	3102
13665	19	3141	2	4	0	3166
13666	3228	18	3	11	0	3260
13667	18	3236	3	5	0	3262
13668	7	18	3	3308	0	3336
13669	6	6	3	3327	0	3342
13670	7	5	2	3316	0	3330
13671	3	3252	3	25	0	3283
13672	5	20	2	3300	0	3327
13673	2	3301	3	28	0	3334
13674	6	22	2	3355	0	3385
13675	3384	6	2	25	0	3417
13676	3372	3	1	12	0	3388
13677	28	3311	1	10	0	3350
13678	8	20	4	3355	0	3387
13679	3326	7	1	22	0	3356
13680	21	3346	4	13	0	3384
13681	13	3378	0	5	0	3396
13682	3393	30	2	3	0	3428
13683	3409	6	1	4	0	3420
13684	27	3397	1	9	0	3434
13685	3392	22	1	4	0	3419
13686	26	10	1	3415	0	3452
13687	12	4	3535	24	0	3575
13688	3529	8	20	16	0	3573
13689	3573	5	5	7	0	3590
13690	33	6	3574	3	0	3616
13691	3617	4	19	9	0	3649
13692	3678	5	9	9	0	3701
13693	3806	0	2	9	0	3817
13694	27	3724	3	10	0	3764
13695	3800	23	3	7	0	3833
13696	3819	8	1	4	0	3832
13697	35	3	5	3831	0	3874
13698	16	4	5	3858	0	3883
13699	14	2	1	3903	0	3920
13700	3932	3	3	33	0	3971
13701	32	5	3	3859	0	3899
13702	3904	4	0	33	0	3941
13703	3930	4	0	20	0	3954
13704	44	6	2	3916	0	3968
13705	18	5	1	4032	0	4056
13706	12	3	3	4075	0	4093
13707	4088	2	1	48	0	4139
13708	41	4069	1	18	0	4129
13709	17	28	2	4196	0	4243
13710	11	14	2	4253	0	4280
13711	4213	5	2	49	0	4269
13712	4239	8	0	21	0	4268
13713	52	4	4110	14	0	4180
13714	20	8	4143	10	0	4181
13715	4434	6	47	14	0	4501
13716	51	7	12	4538	0	4608
13717	21	4	3	5146	0	5174
13718	16	8	5101	84	0	5209
13719	17	13	66	5061	0	5157
13720	13	5067	14	78	0	5172
13721	12	5236	10	32	0	5290
13722	5170	78	6	13	0	5267
13723	75	24	5149	14	0	5262
13724	21	5257	62	20	0	5360
13725	13	67	19	5319	0	5418
13726	18	17	5243	75	0	5353
13727	15	14	68	5118	0	5215
13728	12	10	16	5231	0	5269
13729	11	6	5168	96	0	5281
13730	14	5162	76	37	0	5289
13731	18	71	14	5065	0	5168
13732	5072	23	11	77	0	5183
13733	5096	11	13	20	0	5140
13734	5115	5	6	14	0	5140
13735	93	5036	8	15	0	5152
13736	4955	71	3	15	0	5044
13737	82	24	10	4968	0	5084
13738	26	7	4936	76	0	5045
13739	4879	9	60	24	0	4972
13740	77	4942	17	22	0	5058
13741	26	69	13	4892	0	5000
13742	17	17	9	4923	0	4966
13743	16	4849	5	85	0	4955
13744	16	78	6	4961	0	5061
13745	18	21	10	5002	0	5051
13746	16	13	5	5072	0	5106
13747	4936	15	6	98	0	5055
13748	4918	9	8	38	0	4973
13749	88	14	4926	28	0	5056
13750	24	12	74	4924	0	5034
13751	28	12	15	5027	0	5082
13752	16	15	14	5074	0	5119
13753	4991	7	17	102	0	5117
13754	83	12	4850	39	0	4984
13755	4820	15	69	28	0	4932
13756	4945	5	21	32	0	5003
13757	86	8	18	4927	0	5039
13758	4940	9	15	83	0	5047
13759	92	10	4824	31	0	4957
13760	4842	9	59	32	0	4942
13761	79	5226	18	30	0	5353
13762	29	62	5117	21	0	5229
13763	29	23	5115	19	0	5186
13764	19	50	76	5056	0	5201
13765	21	11	5129	77	0	5238
13766	4966	13	77	26	0	5082
13767	73	4972	17	22	0	5084
13768	4959	65	13	26	0	5063
13769	65	21	13	5009	0	5108
13770	28	15	4966	72	0	5081
13771	18	10	4943	42	0	5013
13772	18	18	74	4980	0	5090
13773	5030	10	27	80	0	5147
13774	66	4942	16	37	0	5061
13775	31	5050	9	28	0	5118
13776	5040	67	9	31	0	5147
13777	70	5067	18	27	0	5182
13778	5081	63	12	20	0	5176
13779	77	23	7	5063	0	5170
13780	5018	13	9	71	0	5111
13781	79	13	11	5013	0	5116
13782	5045	7	18	75	0	5145
13783	80	6	11	5011	0	5108
13784	28	4967	13	83	0	5091
13785	4986	51	13	31	0	5081
13786	66	4946	13	27	0	5052
13787	30	64	4787	15	0	4896
13788	29	16	53	4604	0	4702
13789	18	4801	23	59	0	4901
13790	4656	63	20	22	0	4761
13791	4661	18	11	26	0	4716
13792	79	4633	13	14	0	4739
13793	35	56	4575	17	0	4683
13794	23	25	56	4479	0	4583
13795	22	4486	22	59	0	4589
13796	16	63	18	4578	0	4675
13797	25	17	13	4595	0	4650
13798	4495	17	16	79	0	4607
13799	68	4473	15	25	0	4581
13800	27	56	10	4505	0	4598
13801	4515	25	5	67	0	4612
13802	4513	14	12	27	0	4566
13803	4452	13	13	25	0	4503
13804	83	17	5	4379	0	4484
13805	4267	11	8	63	0	4349
13806	69	4253	12	35	0	4369
13807	4225	56	6	16	0	4303
13808	65	4244	9	21	0	4339
13809	4197	52	16	21	0	4286
13810	4166	18	8	17	0	4209
13811	66	43	10	4100	0	4219
13812	38	10	4165	62	0	4275
13813	39	12	4054	26	0	4131
13814	20	4064	46	13	0	4143
13815	3876	45	34	19	0	3974
13816	41	15	3812	14	0	3882
13817	3054	11	12	6	0	3083
13818	15	3111	5	4	0	3135
13819	8	3179	0	1	0	3188
13820	6	21	2	3343	0	3372
13821	4	3464	0	12	0	3480
13822	4	26	3576	6	0	3612
13823	10	11	23	3506	0	3550
13824	2	3694	10	28	0	3734
13825	6	33	1	3711	0	3751
13826	3696	10	2	42	0	3750
13827	41	5	3	3739	0	3788
13828	12	3	3767	44	0	3826
13829	7	3844	38	10	0	3899
13830	5	41	12	3823	0	3881
13831	4	8	8	3853	0	3873
13832	4	10	3	3873	0	3890
13833	3825	3	3	58	0	3889
13834	3813	3	1	22	0	3839
13835	57	9	3771	10	0	3847
13836	18	6	3717	7	0	3748
13837	11	3767	46	11	0	3835
13838	3815	43	15	6	0	3879
13839	49	10	9	3823	0	3891
13840	12	13	3	3847	0	3875
13841	12	3	3	3860	0	3878
13842	9	4	4	3876	0	3893
13843	9	10	3750	64	0	3833
13844	3702	3	45	23	0	3773
13845	52	5	9	4148	0	4214
13846	16	1	4130	64	0	4211
13847	4228	4	59	22	0	4313
13848	4660	6	18	22	0	4706
13849	87	6	5084	8	0	5185
13850	42	3	5265	6	0	5316
13851	21	12	107	5199	0	5339
13852	5243	4	39	88	0	5374
13853	5327	6	24	31	0	5388
13854	115	5	13	5204	0	5337
13855	44	0	10	5318	0	5372
13856	29	2	5234	120	0	5385
13857	17	21	96	5165	0	5299
13858	16	4	5185	117	0	5322
13859	5040	6	107	38	0	5191
13860	94	5194	31	40	0	5359
13861	4909	87	27	25	0	5048
13862	117	4906	13	19	0	5055
13863	4880	109	25	11	0	5025
13864	125	25	16	4794	0	4960
13865	40	25	13	4850	0	4928
13866	4822	15	8	118	0	4963
13867	4868	10	5	50	0	4933
13868	4880	7	5	36	0	4928
13869	4929	7	5	19	0	4960
13870	149	4	4770	22	0	4945
13871	4749	6	97	14	0	4866
13872	4875	5	28	16	0	4924
13873	4856	2	22	13	0	4893
13874	152	4	11	4739	0	4906
13875	4666	3	7	106	0	4782
13876	134	4635	9	30	0	4808
13877	49	92	14	4668	0	4823
13878	45	25	6	4739	0	4815
13879	34	22	4628	130	0	4814
13880	26	10	103	4581	0	4720
13881	31	4606	29	128	0	4794
13882	4615	99	25	45	0	4784
13883	118	4623	13	50	0	4804
13884	4643	119	13	32	0	4807
13885	130	32	13	4653	0	4828
13886	4609	30	16	117	0	4772
13887	136	4565	10	44	0	4755
13888	4623	107	10	41	0	4781
13889	4698	32	9	24	0	4763
13890	149	35	10	4592	0	4786
13891	76	18	12	4678	0	4784
13892	58	13	4552	138	0	4761
13893	36	15	99	4602	0	4752
13894	41	10	24	4669	0	4744
13895	45	8	4547	150	0	4750
13896	37	8	103	4588	0	4736
13897	33	10	4527	148	0	4718
13898	4507	11	131	49	0	4698
13899	129	6	37	4538	0	4710
13900	54	7	4444	133	0	4638
13901	4461	9	113	46	0	4629
13902	135	10	32	4491	0	4668
13903	57	11	4524	125	0	4717
13904	4544	11	107	51	0	4713
13905	123	12	36	4570	0	4741
13906	48	6	39	4621	0	4714
13907	4611	7	23	143	0	4784
13908	125	6	16	4587	0	4734
13909	57	12	12	4650	0	4731
13910	55	12	16	4543	0	4626
13911	38	4465	17	156	0	4676
13912	4364	103	9	76	0	4552
13913	4450	22	10	56	0	4538
13914	151	28	11	4327	0	4517
13915	4348	15	15	134	0	4512
13916	4394	13	8	60	0	4475
13917	4441	16	13	46	0	4516
13918	3756	26	21	52	0	3855
13919	4298	9	16	47	0	4370
13920	167	4	3915	42	0	4128
13921	60	18	3761	38	0	3877
13922	3667	12	100	32	0	3811
13923	109	3621	49	36	0	3815
13924	58	73	36	3485	0	3652
13925	48	23	3467	93	0	3631
13926	41	21	3466	39	0	3567
13927	48	65	95	3378	0	3586
13928	3370	12	83	105	0	3570
13929	103	12	30	3376	0	3521
13930	34	7	3387	113	0	3541
13931	3471	4	89	47	0	3611
13932	107	7	26	3501	0	3641
13933	44	12	27	3561	0	3644
13934	51	2	12	3605	0	3670
13935	36	6	16	3540	0	3598
13936	23	2	3440	133	0	3598
13937	29	5	72	3452	0	3558
13938	3445	4	28	111	0	3588
13939	85	9	3352	60	0	3506
13940	3374	6	74	47	0	3501
13941	3474	6	37	33	0	3550
13942	3453	10	26	38	0	3527
13943	3430	2	15	35	0	3482
13944	120	3321	11	29	0	3481
13945	47	2946	14	23	0	3030
13946	37	3027	16	15	0	3095
13947	2735	115	71	46	0	2967
13948	75	25	2503	21	0	2624
13949	1897	38	60	7	0	2002
13950	52	2	6	1806	0	1866
13951	1803	4	10	28	0	1845
13952	27	1	6	1805	0	1839
13953	1830	0	2	31	0	1863
13954	25	2	6	1834	0	1867
13955	9	1	4	1877	0	1891
13956	1774	2	6	30	0	1812
13957	22	1957	3	17	0	1999
13958	10	17	1950	13	0	1990
13959	12	1903	19	8	0	1942
13960	7	16	1814	9	0	1846
13961	12	23	17	1700	0	1752
13962	1729	4	11	16	0	1760
13963	14	1	4	1697	0	1716
13964	1688	2	3	13	0	1706
13965	16	1775	6	5	0	1802
13966	7	10	1820	5	0	1842
13967	10	1805	9	4	0	1828
13968	9	1823	5	3	0	1840
13969	1755	5	11	1	0	1772
13970	1700	0	2	3	0	1705
13971	10	1716	0	1	0	1727
13972	2	7	0	1733	0	1742
13973	3	0	2	1737	0	1742
13974	1738	0	3	9	0	1750
13975	9	0	1751	4	0	1764
13976	1	1	1701	6	0	1709
13977	4	1	6	1752	0	1763
13978	2	1	1771	9	0	1783
13979	1699	2	10	2	0	1713
13980	1763	1	1	5	0	1770
13981	8	1764	1	2	0	1775
13982	4	5	1820	2	0	1831
13983	3	2	8	1814	0	1827
13984	5	1	1922	7	0	1935
13985	3	6	6	1887	0	1902
13986	1948	1	2	8	0	1959
13987	6	1980	3	3	0	1992
13988	2	9	2061	1	0	2073
13989	1	2040	8	3	0	2052
13990	7	2147	0	1	0	2155
13991	2167	8	2	2	0	2179
13992	2114	1	0	5	0	2120
13993	7	2	2158	5	0	2172
13994	4	2206	5	3	0	2218
13995	4	8	1	2240	0	2253
13996	6	1	2	2233	0	2242
13997	0	1	2	2219	0	2222
13998	1	2	2272	13	0	2288
13999	4	1	9	2234	0	2248
14000	4	3	1	2321	0	2329
14001	2362	2	5	7	0	2376
14002	2343	3	2	2	0	2350
14003	2332	2	3	3	0	2340
14004	2287	2	2	4	0	2295
14005	2299	0	2	5	0	2306
14006	11	2292	2	4	0	2309
14007	2244	7	2	2	0	2255
14008	8	2	2244	1	0	2255
14009	3	4	4	2219	0	2230
14010	2254	2	2	6	0	2264
14011	7	2259	0	4	0	2270
14012	2296	8	2	2	0	2308
14013	2349	2	0	6	0	2357
14014	5	1	1	2374	0	2381
14015	5	0	1	2376	0	2382
14016	1	2517	1	9	0	2528
14017	3	6	1	2547	0	2557
14018	3	3	2640	7	0	2653
14019	3	1	7	2678	0	2689
14020	1	1	2687	11	0	2700
14021	2586	0	9	6	0	2601
14022	10	0	6	2713	0	2729
14023	8	0	2776	12	0	2796
14024	4	2715	10	8	0	2737
14025	3	2747	7	0	0	2757
14026	2759	14	1	7	0	2781
14027	12	7	8	2746	0	2773
14028	9	1	2864	6	0	2880
14029	0	2779	5	11	0	2795
14030	2	6	2845	0	0	2853
14031	2755	9	7	4	0	2775
14032	2795	1	9	5	0	2810
14033	2810	1	1	2	0	2814
14034	14	1	2	2848	0	2865
14035	12	1	2847	5	0	2865
14036	3	2866	5	8	0	2882
14037	0	6	10	2909	0	2925
14038	2	8	2874	7	0	2891
14039	3	2	2769	10	0	2784
14040	2	2	12	2880	0	2896
14041	2912	1	8	11	0	2932
14042	5	2	5	2920	0	2932
14043	9	2	5	2974	0	2990
14044	3	2	3023	16	0	3044
14045	5	0	9	3018	0	3032
14046	4	1	9	2992	0	3006
14047	2	1	3055	15	0	3073
14048	4	3	2976	10	0	2993
14049	3	3	13	3030	0	3049
14050	4	1	3101	9	0	3115
14051	0	3	9	3084	0	3096
14052	3100	4	14	10	0	3128
14053	8	3163	4	13	0	3188
14054	12	5	2	3233	0	3252
14055	5	7	3189	10	0	3211
14056	2940	4	6	15	0	2965
14057	6	3012	10	8	0	3036
14058	3075	6	2	8	0	3091
14059	7	8	2	3067	0	3084
14060	9	2	4	3046	0	3061
14061	3148	1	4	21	0	3174
14062	6	0	3160	11	0	3177
14063	3107	1	9	6	0	3123
14064	9	1	9	3201	0	3220
14065	3145	0	3	10	0	3158
14066	3134	2	3	15	0	3154
14067	18	0	1	3194	0	3213
14068	10	3267	2	13	0	3292
14069	3374	7	4	15	0	3400
14070	3414	9	5	4	0	3432
14071	25	2	3420	7	0	3454
14072	3390	2	17	7	0	3416
14073	23	2	10	3434	0	3469
14074	15	3458	4	20	0	3497
14075	8	18	5	3448	0	3479
14076	8	3470	2	21	0	3501
14077	3461	18	4	17	0	3500
14078	3519	13	5	6	0	3543
14079	33	4	0	3702	0	3739
14080	18	9	3672	28	0	3727
14081	11	5	3627	17	0	3660
14082	9	2	40	3806	0	3857
14083	3827	3	20	39	0	3889
14084	4054	1	9	19	0	4083
14085	51	4104	12	7	0	4174
14086	25	33	4	4120	0	4182
14087	12	19	4178	39	0	4248
14088	11	10	4318	18	0	4357
14089	11	18	56	4632	0	4717
14090	4938	4	26	77	0	5045
14091	75	7	10	5014	0	5106
14092	33	2	4968	79	0	5082
14093	4975	2	75	41	0	5093
14094	83	1	36	4972	0	5092
14095	38	2	11	5019	0	5070
14096	16	1	12	5017	0	5046
14097	12	4928	5	111	0	5056
14098	7	66	4945	51	0	5069
14099	12	28	4992	23	0	5055
14100	7	14	99	5007	0	5127
14101	7	10	5027	84	0	5128
14102	4946	4	95	40	0	5085
14103	80	3	44	4977	0	5104
14104	38	1	18	5016	0	5073
14105	16	3	17	5029	0	5065
14106	13	4955	7	117	0	5092
14107	5056	76	10	49	0	5191
14108	86	33	3	5063	0	5185
14109	5048	11	9	98	0	5166
14110	86	5039	10	45	0	5180
14111	5069	78	9	23	0	5179
14112	4970	31	11	28	0	5040
14113	5041	14	8	15	0	5078
14114	111	4892	12	19	0	5034
14115	50	4918	10	18	0	4996
14116	4801	98	6	15	0	4920
14117	95	4820	6	19	0	4940
14118	44	87	4672	18	0	4821
14119	22	4531	71	28	0	4652
14120	26	4679	33	14	0	4752
14121	4656	106	14	11	0	4787
14122	88	30	4594	14	0	4726
14123	44	22	4522	15	0	4603
14124	21	19	100	4504	0	4644
14125	4565	16	40	79	0	4700
14126	90	10	4582	39	0	4721
14127	40	6	88	4567	0	4701
14128	22	14	4415	87	0	4538
14129	19	14	4369	37	0	4439
14130	4292	9	97	29	0	4427
14131	84	11	4374	22	0	4491
14132	45	8	93	4322	0	4468
14133	18	14	43	4351	0	4426
14134	21	4264	23	108	0	4416
14135	20	4375	22	42	0	4459
14136	16	98	16	4277	0	4407
14137	16	39	4303	91	0	4449
14138	17	28	84	4299	0	4428
14139	22	14	36	4383	0	4455
14140	14	15	4357	114	0	4500
14141	19	8	83	4380	0	4490
14142	4405	16	39	109	0	4569
14143	86	12	4376	56	0	4530
14144	4341	7	87	38	0	4473
14145	94	17	39	4342	0	4492
14146	45	14	28	4478	0	4565
14147	27	4471	21	118	0	4637
14148	30	84	21	4511	0	4646
14149	30	39	21	4617	0	4707
14150	4557	22	15	139	0	4733
14151	96	18	24	4586	0	4724
14152	46	16	19	4650	0	4731
14153	4500	18	14	141	0	4673
14154	96	12	35	4518	0	4661
14155	47	11	28	4425	0	4511
14156	28	4462	19	138	0	4647
14157	4516	85	26	63	0	4690
14158	101	40	22	4503	0	4666
14159	43	17	21	4605	0	4686
14160	39	18	4460	143	0	4660
14161	35	19	87	4453	0	4594
14162	18	20	42	4546	0	4626
14163	4395	11	27	144	0	4577
14164	4449	13	24	83	0	4569
14165	111	21	24	4390	0	4546
14166	53	13	4285	113	0	4464
14167	37	4119	86	64	0	4306
14168	34	4196	47	44	0	4321
14169	40	98	26	4119	0	4283
14170	4107	44	25	104	0	4280
14171	90	24	17	4140	0	4271
14172	4154	9	8	117	0	4288
14173	90	24	10	4222	0	4346
14174	54	17	11	4243	0	4325
14175	4151	12	9	135	0	4307
14176	4152	17	13	61	0	4243
14177	118	4107	15	41	0	4281
14178	55	4207	9	45	0	4316
14179	31	98	8	3919	0	4056
14180	36	51	5	3975	0	4067
14181	35	21	3841	93	0	3990
14182	3596	23	70	52	0	3741
14183	76	3679	22	35	0	3812
14184	32	3527	7	22	0	3588
14185	3386	69	24	27	0	3506
14186	76	20	3367	22	0	3485
14187	35	12	3268	19	0	3334
14188	17	13	3013	18	0	3061
14189	12	2711	44	10	0	2777
14190	24	17	32	2400	0	2473
14191	4	5	3	2398	0	2410
14192	2	6	0	2413	0	2421
14193	2354	1	5	25	0	2385
14194	2353	3	0	6	0	2362
14195	20	2350	1	7	0	2378
14196	6	16	1	2397	0	2420
14197	6	5	2394	22	0	2427
14198	3	2394	18	11	0	2426
14199	2375	18	5	11	0	2409
14200	20	7	2363	6	0	2396
14201	2223	4	17	5	0	2249
14202	20	2	2349	5	0	2376
14203	9	8	19	2300	0	2336
14204	1	2360	6	21	0	2388
14205	2368	19	5	9	0	2401
14206	19	2393	2	6	0	2420
14207	2355	22	1	11	0	2389
14208	22	5	3	2337	0	2367
14209	10	2	2392	24	0	2428
14210	7	5	21	2514	0	2547
14211	5	3	6	2785	0	2799
14212	6	3	2781	42	0	2832
14213	2725	2	30	21	0	2778
14214	39	2837	16	7	0	2899
14215	2860	39	1	7	0	2907
14216	41	2913	1	6	0	2961
14217	16	37	2	3023	0	3078
14218	10	13	3008	50	0	3081
14219	3445	3	49	21	0	3518
14220	66	3530	14	9	0	3619
14221	15	70	4	3520	0	3609
14222	8	19	0	3693	0	3720
14223	3875	8	2	89	0	3974
14224	4183	3	2	24	0	4212
14225	95	4202	3	12	0	4312
14226	4460	87	3	9	0	4559
14227	4545	27	2	7	0	4581
14228	4629	7	3	9	0	4648
14229	149	9	4571	4	0	4733
14230	62	4459	90	10	0	4621
14231	23	4674	44	5	0	4746
14232	19	146	14	4441	0	4620
14233	13	52	7	4624	0	4696
14234	4560	19	5	147	0	4731
14235	109	4528	8	62	0	4707
14236	4586	112	6	17	0	4721
14237	120	54	2	4497	0	4673
14238	54	19	2	4616	0	4691
14239	4484	8	6	157	0	4655
14240	4489	14	5	64	0	4572
14241	157	13	4356	24	0	4550
14242	69	18	102	4329	0	4518
14243	39	6	4272	113	0	4430
14244	27	13	4266	52	0	4358
14245	23	13	4332	19	0	4387
14246	4111	23	159	14	0	4307
14247	115	7	62	4092	0	4276
14248	55	7	22	4135	0	4219
14249	27	10	10	4213	0	4260
14250	14	10	4097	159	0	4280
14251	16	6	106	4123	0	4251
14252	21	6	46	4218	0	4291
14253	4090	3	16	158	0	4267
14254	4150	4	12	68	0	4234
14255	4242	8	12	25	0	4287
14256	4244	6	12	19	0	4281
14257	175	9	13	4059	0	4256
14258	4121	7	12	128	0	4268
14259	131	8	16	4108	0	4263
14260	69	10	3904	127	0	4110
14261	4024	7	102	64	0	4197
14262	122	3998	35	41	0	4196
14263	64	102	16	3988	0	4170
14264	45	43	10	4035	0	4133
14265	32	4028	8	142	0	4210
14266	4001	102	16	67	0	4186
14267	125	3995	7	37	0	4164
14268	66	118	3937	30	0	4151
14269	37	49	4025	25	0	4136
14270	3929	21	147	34	0	4131
14271	4041	21	62	18	0	4142
14272	168	22	3895	24	0	4109
14273	3928	14	113	20	0	4075
14274	149	12	3917	23	0	4101
14275	3916	10	120	24	0	4070
14276	147	19	3891	16	0	4073
14277	80	17	3950	31	0	4078
14278	35	17	152	3727	0	3931
14279	34	14	76	3855	0	3979
14280	3857	12	38	158	0	4065
14281	3840	20	29	78	0	3967
14282	3876	16	29	40	0	3961
14283	4002	17	24	33	0	4076
14284	181	3790	20	44	0	4035
14285	102	101	16	3752	0	3971
14286	64	3849	19	124	0	4056
14287	53	102	35	3850	0	4040
14288	47	49	24	3870	0	3990
14289	43	24	28	3885	0	3980
14290	45	15	3698	176	0	3934
14291	3649	18	121	89	0	3877
14292	134	3586	64	44	0	3828
14293	77	3741	30	50	0	3898
14294	46	139	3724	52	0	3961
14295	40	60	118	3711	0	3929
14296	39	25	72	3780	0	3916
14297	3688	18	37	170	0	3913
14298	135	19	24	3699	0	3877
14299	76	24	23	3758	0	3881
14300	59	13	18	3802	0	3892
14301	46	11	26	3844	0	3927
14302	3666	17	19	183	0	3885
14303	3752	10	26	100	0	3888
14304	3784	18	26	49	0	3877
14305	171	9	30	3720	0	3930
14306	3738	12	32	137	0	3919
14307	154	16	26	3786	0	3982
14308	85	17	29	3906	0	4037
14309	61	7	3691	181	0	3940
14310	47	13	3579	98	0	3737
14311	38	16	3385	51	0	3490
14312	3281	14	154	41	0	3490
14313	120	34	80	3110	0	3344
14314	56	3220	41	120	0	3437
14315	3241	87	25	75	0	3428
14316	117	41	3172	51	0	3381
14317	3051	21	92	24	0	3188
14318	114	2920	58	29	0	3121
14319	2523	57	30	20	0	2630
14320	100	44	16	2467	0	2627
14321	2456	18	18	71	0	2563
14322	87	2347	17	43	0	2494
14323	43	2280	29	33	0	2385
14324	1966	63	21	13	0	2063
14325	54	1976	14	23	0	2067
14326	20	1629	9	13	0	1671
14327	18	1648	12	11	0	1689
14328	1526	34	39	9	0	1608
14329	1482	9	9	3	0	1503
14330	1490	6	3	4	0	1503
14331	27	4	0	1464	0	1495
14332	8	5	1	1484	0	1498
14333	12	4	1459	19	0	1494
14334	2	4	19	1468	0	1493
14335	4	3	1502	27	0	1536
14336	6	2	23	1497	0	1528
14337	5	2	3	1540	0	1550
14338	1514	0	7	24	0	1545
14339	1511	0	3	12	0	1526
14340	23	1505	3	9	0	1540
14341	9	21	2	1509	0	1541
14342	13	6	1561	18	0	1598
14343	3	5	22	1561	0	1591
14344	3	3	3	1579	0	1588
14345	2	6	5	1571	0	1584
14346	9	3	1554	26	0	1592
14347	7	3	1490	11	0	1511
14348	1520	3	19	7	0	1549
14349	22	11	10	1543	0	1586
14350	3	4	1560	22	0	1589
14351	1499	0	18	10	0	1527
14352	20	1578	3	11	0	1612
14353	1598	18	7	5	0	1628
14354	22	5	1635	7	0	1669
14355	1594	5	18	7	0	1624
14356	20	3	5	1621	0	1649
14357	7	3	1649	15	0	1674
14358	9	1627	17	5	0	1658
14359	1633	15	8	6	0	1662
14360	17	6	5	1628	0	1656
14361	5	5	3	1646	0	1659
14362	6	1660	2	15	0	1683
14363	1	13	1	1680	0	1695
14364	2	3	1683	21	0	1709
14365	1	1668	16	4	0	1689
14366	1683	14	6	5	0	1708
14367	15	5	5	1660	0	1685
14368	6	5	0	1655	0	1666
14369	7	1	1641	16	0	1665
14370	2	3	14	1653	0	1672
14371	3	2	1709	18	0	1732
14372	1	1720	18	5	0	1744
14373	1692	14	11	5	0	1722
14374	1698	2	5	4	0	1709
14375	1699	6	3	4	0	1712
14376	16	1757	3	4	0	1780
14377	8	13	3	1740	0	1764
14378	8	2	1	1750	0	1761
14379	5	6	7	1526	0	1544
14380	1718	2	3	19	0	1742
14381	1716	2	0	7	0	1725
14382	15	2	1	1710	0	1728
14383	8	1	1810	13	0	1832
14384	5	2	13	1815	0	1835
14385	3	3	2	1832	0	1840
14386	1	0	5	1812	0	1818
14387	1	0	3	1819	0	1823
14388	1825	2	1	19	0	1847
14389	17	0	0	1863	0	1880
14390	2	1	3	1862	0	1868
14391	5	1890	2	16	0	1913
14392	1	14	3	1928	0	1946
14393	3	1952	2	24	0	1981
14394	1	19	2	1949	0	1971
14395	1970	3	0	22	0	1995
14396	18	1973	1	8	0	2000
14397	1970	16	2	10	0	1998
14398	21	4	2002	5	0	2032
14399	4	5	14	1987	0	2010
14400	6	4	2040	19	0	2069
14401	1	2	21	2036	0	2060
14402	1	3	2	2055	0	2061
14403	4	2033	5	19	0	2061
14404	4	2047	2	7	0	2060
14405	2	2097	0	4	0	2103
14406	2062	14	1	7	0	2084
14407	13	1995	2	3	0	2013
14408	1	1975	0	3	0	1979
14409	9	9	4	1998	0	2020
14410	2016	0	0	9	0	2025
14411	9	2113	0	1	0	2123
14412	2162	9	1	5	0	2177
14413	2170	1	0	3	0	2174
14414	9	0	2209	2	0	2220
14415	0	3	9	2182	0	2194
14416	1	2	0	2243	0	2246
14417	3	0	0	2248	0	2251
14418	1	1	2	2227	0	2231
14419	0	0	2168	12	0	2180
14420	1	2	2009	5	0	2017
14421	2038	1	7	2	0	2048
14422	8	2114	0	3	0	2125
14423	0	2122	1	4	0	2127
14424	2146	7	0	4	0	2157
14425	7	2119	1	1	0	2128
14426	1	9	2	2170	0	2182
14427	2180	0	1	11	0	2192
14428	11	3	2178	1	0	2193
14429	0	1	11	2212	0	2224
14430	0	3	2217	11	0	2231
14431	2175	0	10	4	0	2189
14432	11	2	2369	1	0	2383
14433	2393	4	28	1	0	2426
14434	2512	1	1	5	0	2519
14435	2499	1	0	2	0	2502
14436	2497	2	0	3	0	2502
14437	2502	1	3	1	0	2507
14438	11	2	0	2499	0	2512
14439	2566	0	1	14	0	2581
14440	11	1	1	2584	0	2597
14441	2	1	0	2588	0	2591
14442	2	2	1	2582	0	2587
14443	1	0	2588	14	0	2603
14444	0	1	9	2563	0	2573
14445	0	2	2	2641	0	2645
14446	2	1	2587	12	0	2602
14447	2440	2	9	7	0	2458
14448	11	2	2	2636	0	2651
14449	3	2	2647	10	0	2662
14450	3	2	2560	2	0	2567
14451	0	1	12	2577	0	2590
14452	2	1	2614	13	0	2630
14453	2	5	11	2630	0	2648
14454	2	1	0	2618	0	2621
14455	2	2584	1	15	0	2602
14456	2	2628	3	2	0	2635
14457	2667	12	3	4	0	2686
14458	12	1	0	2687	0	2700
14459	5	2	2	2647	0	2656
14460	3	1	0	2704	0	2708
14461	5	0	2747	10	0	2762
14462	2	2	12	2677	0	2693
14463	2721	0	1	13	0	2735
14464	16	1	2764	2	0	2783
14465	2	1	11	2840	0	2854
14466	2	0	1	2855	0	2858
14467	0	1	2	2891	0	2894
14468	2	3032	1	13	0	3048
14469	3046	15	1	6	0	3068
14470	3185	3	2	4	0	3194
14471	21	3237	1	3	0	3262
14472	5	18	4	3407	0	3434
14473	3	1	3394	25	0	3423
14474	1	2	3365	7	0	3375
14475	3483	0	27	4	0	3514
14476	31	0	5	3534	0	3570
14477	3700	0	7	31	0	3738
14478	42	3744	0	14	0	3800
14479	6	3834	0	10	0	3850
14480	3823	45	3	4	0	3875
14481	41	3936	2	5	0	3984
14482	10	50	2	4007	0	4069
14483	10	10	4	3919	0	3943
14484	6	4083	1	37	0	4127
14485	4119	46	2	17	0	4184
14486	45	8	4170	11	0	4234
14487	4100	11	42	8	0	4161
14488	51	4	4249	4	0	4308
14489	4026	3	50	9	0	4088
14490	54	4	4296	5	0	4359
14491	14	4236	48	3	0	4301
14492	19	43	18	4252	0	4332
14493	4220	8	16	43	0	4287
14494	45	9	4177	9	0	4240
14495	13	3	4182	9	0	4207
14496	20	6	45	4094	0	4165
14497	8	3	4215	40	0	4266
14498	6	2	54	4130	0	4192
14499	14	2	12	4068	0	4096
14500	8	1	4181	52	0	4242
14501	5	2	43	4126	0	4176
14502	4216	1	15	52	0	4284
14503	39	4216	18	15	0	4288
14504	4268	37	9	22	0	4336
14505	50	9	6	4222	0	4287
14506	4220	11	7	44	0	4282
14507	4286	4	10	20	0	4320
14508	56	5	2	4257	0	4320
14509	24	4283	8	41	0	4356
14510	4334	36	9	17	0	4396
14511	43	10	4168	22	0	4243
14512	19	12	4099	13	0	4143
14513	4095	6	49	10	0	4160
14514	48	4	22	4087	0	4161
14515	15	5	4120	45	0	4185
14516	19	6	48	4097	0	4170
14517	4132	2	17	53	0	4204
14518	4197	4	19	23	0	4243
14519	4211	4	11	19	0	4245
14520	61	4265	11	14	0	4351
14521	30	41	6	4318	0	4395
14522	23	14	7	4323	0	4367
14523	4277	16	6	48	0	4347
14524	44	4253	5	34	0	4336
14525	4250	41	6	24	0	4321
14526	58	15	4	4209	0	4286
14527	4185	17	6	41	0	4249
14528	56	15	4058	17	0	4146
14529	31	4078	34	19	0	4162
14530	31	50	15	4017	0	4113
14531	22	4152	12	40	0	4226
14532	16	51	12	4054	0	4133
14533	4017	15	6	54	0	4092
14534	47	20	3900	16	0	3983
14535	3822	8	44	20	0	3894
14536	57	3944	14	18	0	4033
14537	19	42	24	4029	0	4114
14538	24	11	12	4081	0	4128
14539	3976	17	9	55	0	4057
14540	50	13	3962	24	0	4049
14541	17	10	44	3982	0	4053
14542	25	8	11	3981	0	4025
14543	15	9	20	3943	0	3987
14544	15	3	13	3977	0	4008
14545	3898	9	6	71	0	3984
14546	3894	11	10	30	0	3945
14547	54	11	3877	32	0	3974
14548	37	4	3743	26	0	3810
14549	3897	7	51	21	0	3976
14550	3995	7	26	16	0	4044
14551	56	11	19	3957	0	4043
14552	34	10	6	3944	0	3994
14553	3889	7	15	53	0	3964
14554	47	3841	17	34	0	3939
14555	27	34	17	3860	0	3938
14556	32	10	11	3891	0	3944
14557	19	11	3813	66	0	3909
14558	12	7	46	3847	0	3912
14559	17	7	3861	69	0	3954
14560	20	4	53	3845	0	3922
14561	3799	6	16	66	0	3887
14562	52	9	15	3803	0	3879
14563	24	5	3785	66	0	3880
14564	24	3640	43	30	0	3737
14565	19	41	16	3770	0	3846
14566	19	11	3754	59	0	3843
14567	21	3765	34	28	0	3848
14568	18	48	12	3679	0	3757
14569	21	15	3644	47	0	3727
14570	3183	23	40	29	0	3275
14571	38	3517	19	29	0	3603
14572	16	3376	19	18	0	3429
14573	16	3445	10	14	0	3485
14574	21	62	18	3327	0	3428
14575	12	17	3450	38	0	3517
14576	19	3442	32	23	0	3516
14577	24	58	21	3352	0	3455
14578	3567	14	10	32	0	3623
14579	37	10	3	4549	0	4599
14580	19	6	5353	94	0	5472
14581	13	5401	105	35	0	5554
14582	5306	116	37	23	0	5482
14583	118	5373	23	23	0	5537
14584	43	137	5152	14	0	5346
14585	25	5182	112	25	0	5344
14586	36	152	57	5035	0	5280
14587	11	65	5023	116	0	5215
14588	23	4982	134	32	0	5171
14589	16	160	44	4905	0	5125
14590	14	55	42	4931	0	5042
14591	6	4915	31	142	0	5094
14592	5	140	21	4937	0	5103
14593	8	47	4887	155	0	5097
14594	2	51	4956	63	0	5072
14595	4	36	156	4914	0	5110
14596	4856	24	50	169	0	5099
14597	4908	29	40	65	0	5042
14598	145	26	28	4791	0	4990
14599	48	4786	32	158	0	5024
14600	29	122	43	4827	0	5021
14601	4772	48	21	160	0	5001
14602	142	24	15	4770	0	4951
14603	68	22	14	4835	0	4939
14604	4683	15	15	187	0	4900
14605	139	4634	11	80	0	4864
14606	53	131	11	4682	0	4877
14607	4635	46	10	158	0	4849
14608	152	29	4529	79	0	4789
14609	4533	26	116	68	0	4743
14610	159	17	36	4578	0	4790
14611	4609	29	24	155	0	4817
14612	4664	20	26	82	0	4792
14613	4437	21	15	55	0	4528
14614	175	4515	24	42	0	4756
14615	107	126	4468	29	0	4730
14616	67	4533	121	40	0	4761
14617	4522	132	41	35	0	4730
14618	156	4477	25	24	0	4682
14619	84	140	24	4484	0	4732
14620	4370	69	16	135	0	4590
14621	149	4390	24	45	0	4608
14622	64	155	4366	38	0	4623
14623	55	69	122	4388	0	4634
14624	42	60	4375	136	0	4613
14625	29	4374	134	108	0	4645
14626	38	143	55	4363	0	4599
14627	34	66	34	4469	0	4603
14628	26	48	45	4483	0	4602
14629	24	39	26	4376	0	4465
14630	26	4307	30	195	0	4558
14631	4269	158	25	93	0	4545
14632	130	56	4279	86	0	4551
14633	53	39	136	4327	0	4555
14634	4276	37	49	186	0	4548
14635	153	26	4277	89	0	4545
14636	57	4223	137	58	0	4475
14637	62	146	54	4192	0	4454
14638	48	62	4203	150	0	4463
14639	29	4214	156	80	0	4479
14640	4106	157	63	57	0	4383
14641	144	4195	58	44	0	4441
14642	50	174	51	4153	0	4428
14643	42	82	25	4321	0	4470
14644	4145	59	39	192	0	4435
14645	139	4164	41	83	0	4427
14646	69	159	35	4198	0	4461
14647	4094	92	29	184	0	4399
14648	4150	56	45	94	0	4345
14649	179	4089	23	71	0	4362
14650	4104	163	18	74	0	4359
14651	4186	86	24	54	0	4350
14652	195	64	23	4077	0	4359
14653	96	50	4011	184	0	4341
14654	100	39	140	4036	0	4315
14655	61	52	57	4132	0	4302
14656	63	49	3974	214	0	4300
14657	77	3929	148	94	0	4248
14658	55	151	50	3972	0	4228
14659	40	57	46	4085	0	4228
14660	47	35	45	4102	0	4229
14661	34	32	46	4039	0	4151
14662	47	3915	42	222	0	4226
14663	3947	151	30	125	0	4253
14664	4018	59	23	97	0	4197
14665	3964	40	10	99	0	4113
14666	187	3778	20	94	0	4079
14667	87	153	15	3809	0	4064
14668	71	64	3734	191	0	4060
14669	84	75	117	3700	0	3976
14670	81	3784	39	167	0	4071
14671	3643	138	24	86	0	3891
14672	3672	67	31	55	0	3825
14673	3650	57	19	62	0	3788
14674	185	3517	34	56	0	3792
14675	93	3369	36	46	0	3544
14676	71	3504	29	43	0	3647
14677	99	170	3300	39	0	3608
14678	81	137	2985	76	0	3279
14679	117	362	115	1572	0	2166
14680	1127	8	62	29	0	1226
14681	1100	1	1	4	0	1106
14682	15	1	3	1121	0	1140
14683	5	2	0	1104	0	1111
14684	1	3	1	1134	0	1139
14685	0	2	2	1128	0	1132
14686	1128	1	0	18	0	1147
14687	1165	0	2	6	0	1173
14688	16	1186	1	2	0	1205
14689	1204	16	0	5	0	1225
14690	1231	2	0	2	0	1235
14691	1238	1	0	3	0	1242
14692	18	4	1113	5	0	1140
14693	1191	3	9	6	0	1209
14694	21	1222	2	3	0	1248
14695	3	18	3	1261	0	1285
14696	3	5	0	1280	0	1288
14697	4	1243	0	22	0	1269
14698	2	23	2	1268	0	1295
14699	1271	4	0	25	0	1300
14700	23	5	0	1287	0	1315
14701	3	3	1270	24	0	1300
14702	1232	3	22	2	0	1259
14703	27	1311	2	4	0	1344
14704	6	24	3	1327	0	1360
14705	3	7	0	1343	0	1353
14706	2	3	0	1344	0	1349
14707	7	0	1324	24	0	1355
14708	2	1289	22	9	0	1322
14709	2	20	2	1297	0	1321
14710	7	1	1272	21	0	1301
14711	5	3	19	1239	0	1266
14712	3	1	1238	20	0	1262
14713	4	6	21	1203	0	1234
14714	4	1207	1	22	0	1234
14715	2	19	4	1180	0	1205
14716	1181	3	2	24	0	1210
14717	1194	2	1	9	0	1206
14718	22	0	1184	7	0	1213
14719	4	3	1134	4	0	1145
14720	5	1	1244	3	0	1253
14721	3	5	22	1244	0	1274
14722	4	2	3	1337	0	1346
14723	2	0	4	1367	0	1373
14724	5	1356	0	25	0	1386
14725	3	25	0	1345	0	1373
14726	2	4	4	1395	0	1405
14727	5	5	0	1436	0	1446
14728	1438	2	2	30	0	1472
14729	1461	2	4	8	0	1475
14730	28	2	1448	7	0	1485
14731	5	1	1423	7	0	1436
14732	1445	2	28	6	0	1481
14733	1495	2	5	5	0	1507
14734	30	2	1527	7	0	1566
14735	9	4	1516	4	0	1533
14736	1501	1	29	5	0	1536
14737	1541	1	8	6	0	1556
14738	32	2	1550	4	0	1588
14739	11	1	29	1531	0	1572
14740	5	2	5	1584	0	1596
14741	2	1615	7	26	0	1650
14742	3	30	1	1645	0	1679
14743	6	4	1707	33	0	1750
14744	4	3	32	1721	0	1760
14745	2	1	5	1752	0	1760
14746	0	2	1702	36	0	1740
14747	1678	1	33	8	0	1720
14748	1737	0	4	5	0	1746
14749	34	2	7	1702	0	1745
14750	7	0	2	1728	0	1737
14751	1707	1	3	36	0	1747
14752	1723	2	2	11	0	1738
14753	1612	2	3	11	0	1628
14754	1729	0	5	4	0	1738
14755	36	1678	0	6	0	1720
14756	1654	24	0	8	0	1686
14757	32	1657	5	5	0	1699
14758	7	34	1	1667	0	1709
14759	7	2	2	1659	0	1670
14760	5	1623	0	37	0	1665
14761	3	25	2	1628	0	1658
14762	6	2	5	1635	0	1648
14763	7	1594	1	36	0	1638
14764	8	28	3	1607	0	1646
14765	4	4	5	1628	0	1641
14766	4	6	2	1636	0	1648
14767	7	1	1582	38	0	1628
14768	3	1538	29	7	0	1577
14769	5	36	7	1506	0	1554
14770	5	1535	6	29	0	1575
14771	1527	35	4	8	0	1574
14772	30	3	1504	10	0	1547
14773	6	5	1487	5	0	1503
14774	1427	6	32	4	0	1469
14775	32	11	5	1424	0	1472
14776	3	3	1380	30	0	1416
14777	3	0	1356	10	0	1369
14778	3	12	31	1319	0	1365
14779	1314	3	6	24	0	1347
14780	1331	0	2	7	0	1340
14781	29	3	1	1295	0	1328
14782	9	4	1279	26	0	1318
14783	5	1309	23	6	0	1343
14784	2	24	5	1316	0	1347
14785	6	3	1312	28	0	1349
14786	5	1293	23	8	0	1329
14787	5	27	4	1272	0	1308
14788	1253	2	8	28	0	1291
14789	21	5	3	1224	0	1253
14790	8	1222	0	26	0	1256
14791	1221	24	2	10	0	1257
14792	20	5	1275	11	0	1311
14793	4	1251	25	8	0	1288
14794	5	20	1250	7	0	1282
14795	1209	4	18	9	0	1240
14796	18	3	7	1185	0	1213
14797	9	3	2	1230	0	1244
14798	1232	0	6	23	0	1261
14799	19	2	5	1227	0	1253
14800	6	0	1217	23	0	1246
14801	1178	1	19	7	0	1205
14802	23	1217	5	5	0	1250
14803	9	17	5	1175	0	1206
14804	1164	4	4	21	0	1193
14805	23	1154	4	5	0	1186
14806	10	20	5	1178	0	1213
14807	1176	5	1	22	0	1204
14808	18	1	6	1178	0	1203
14809	5	1172	3	21	0	1201
14810	3	20	1183	9	0	1215
14811	4	5	23	1202	0	1234
14812	3	2	3	1192	0	1200
14813	1215	4	1	28	0	1248
14814	20	1	1	1224	0	1246
14815	1218	4	2	25	0	1249
14816	1227	2	4	11	0	1244
14817	25	3	3	1208	0	1239
14818	5	1218	3	20	0	1246
14819	4	24	1	1203	0	1232
14820	1113	8	1	22	0	1144
14821	26	1113	1	7	0	1147
14822	7	1124	3	4	0	1138
14823	1108	22	5	4	0	1139
14824	1143	3	2	3	0	1151
14825	19	1133	1	3	0	1156
14826	1124	20	5	3	0	1152
14827	1127	2	6	1	0	1136
14828	20	4	2	1117	0	1143
14829	7	1	1166	19	0	1193
14830	4	4	16	1164	0	1188
14831	4	1	1191	17	0	1213
14832	2	4	16	1201	0	1223
14833	1	1	1198	19	0	1219
14834	1136	0	14	3	0	1153
14835	16	1	2	1137	0	1156
14836	1193	2	2	16	0	1213
14837	18	6	2	1161	0	1187
14838	2	1216	0	20	0	1238
14839	1243	16	0	3	0	1262
14840	17	3	1203	4	0	1227
14841	1143	5	12	5	0	1165
14842	16	1161	1	2	0	1180
14843	1081	12	3	1	0	1097
14844	1103	1	1	1	0	1106
14845	12	1103	1	0	0	1116
14846	4	13	1	1147	0	1165
14847	1147	1	1	17	0	1166
14848	19	1159	1	1	0	1180
14849	1	18	0	1182	0	1201
14850	1198	3	1	21	0	1223
14851	22	2	1	1195	0	1220
14852	2	1	0	1209	0	1212
14853	4	2	1	1211	0	1218
14854	4	1	1187	22	0	1214
14855	3	1	20	1181	0	1205
14856	1189	2	1	22	0	1214
14857	21	2	1195	3	0	1221
14858	4	1	21	1199	0	1225
14859	6	2	2	1219	0	1229
14860	2	1	1202	25	0	1230
14861	1199	0	23	5	0	1227
14862	1253	2	1	5	0	1261
14863	24	0	1237	3	0	1264
14864	5	0	20	1218	0	1243
14865	4	3	3	1262	0	1272
14866	0	0	1321	28	0	1349
14867	5	0	21	1350	0	1376
14868	1	2	2	1353	0	1358
14869	1	1	1409	26	0	1437
14870	1385	1	23	6	0	1415
14871	26	0	3	1435	0	1464
14872	1421	2	4	25	0	1452
14873	1452	1	0	2	0	1455
14874	25	1	1438	3	0	1467
14875	6	1	25	1422	0	1454
14876	1444	1	2	27	0	1474
14877	26	1468	5	7	0	1506
14878	3	27	2	1544	0	1576
14879	3	1	0	1586	0	1590
14880	1	3	4	1601	0	1609
14881	3	0	1570	32	0	1605
14882	1493	1	28	8	0	1530
14883	30	0	4	1517	0	1551
14884	5	0	2	1539	0	1546
14885	3	1	1515	34	0	1553
14886	2	0	29	1506	0	1537
14887	2	0	3	1551	0	1556
14888	1519	1	4	32	0	1556
14889	27	1516	2	6	0	1551
14890	6	27	1531	5	0	1569
14891	1528	2	29	4	0	1563
14892	30	3	3	1493	0	1529
14893	6	0	1525	28	0	1559
14894	5	1	1555	4	0	1565
14895	0	2	29	1588	0	1619
14896	2	0	1618	32	0	1652
14897	1	1	1625	6	0	1633
14898	3	1604	29	6	0	1642
14899	0	27	3	1690	0	1720
14900	3	2	1687	29	0	1721
14901	4	3	30	1687	0	1724
14902	1773	1	5	30	0	1809
14903	29	0	2	1784	0	1815
14904	5	1	3	1827	0	1836
14905	1793	3	3	29	0	1828
14906	1843	1	3	6	0	1853
14907	28	1	2	1904	0	1935
14908	7	0	1931	33	0	1971
14909	2	1941	29	5	0	1977
14910	5	33	4	1956	0	1998
14911	1957	2	6	33	0	1998
14912	1986	2	1	10	0	1999
14913	34	1942	6	8	0	1990
14914	7	1994	4	6	0	2011
14915	1998	35	2	7	0	2042
14916	2012	4	3	7	0	2026
14917	38	2	2087	4	0	2131
14918	10	2	30	2062	0	2104
14919	6	2101	4	28	0	2139
14920	2174	30	7	9	0	2220
14921	34	7	4	2154	0	2199
14922	10	2090	3	36	0	2139
14923	8	29	2120	4	0	2161
14924	3	13	35	2049	0	2100
14925	0	2179	7	35	0	2221
14926	2217	32	2	7	0	2258
14927	2227	3	2	8	0	2240
14928	29	2191	3	2	0	2225
14929	2131	26	1	7	0	2165
14930	2151	4	1	5	0	2161
14931	30	2102	1	4	0	2137
14932	7	2145	1	4	0	2157
14933	7	33	2	2116	0	2158
14934	2133	3	1	29	0	2166
14935	27	0	2197	5	0	2229
14936	2086	2	26	4	0	2118
14937	23	2186	2	4	0	2215
14938	2191	23	2	5	0	2221
14939	2221	5	1	2	0	2229
14940	2227	2	1	4	0	2234
14941	27	2	2	2197	0	2228
14942	5	2188	1	24	0	2218
14943	2216	25	1	4	0	2246
14944	28	4	2214	1	0	2247
14945	5	2230	25	2	0	2262
14946	4	19	3	2305	0	2331
14947	1	3	2269	18	0	2291
14948	2	3	2276	3	0	2284
14949	4	3	19	2253	0	2279
14950	4	1	4	2376	0	2385
14951	1	2	2	2385	0	2390
14952	1	1	0	2347	0	2349
14953	2	2312	4	18	0	2336
14954	3	2368	1	4	0	2376
14955	2420	20	1	4	0	2445
14956	20	4	0	2429	0	2453
14957	5	0	0	2428	0	2433
14958	2	1	2	2455	0	2460
14959	2440	3	2	18	0	2463
14960	2455	3	0	5	0	2463
14961	20	1	0	2453	0	2474
14962	2480	1	0	17	0	2498
14963	2487	0	1	7	0	2495
14964	2534	2	0	2	0	2538
14965	19	2	1	2503	0	2525
14966	7	0	2394	16	0	2417
14967	1	1	2252	5	0	2259
14968	3	1	2355	5	0	2364
14969	2	0	2414	2	0	2418
14970	3	7	18	2417	0	2445
14971	2443	0	3	15	0	2461
14972	2404	0	1	7	0	2412
14973	15	2	2413	0	0	2430
14974	4	4	2391	3	0	2402
14975	3	2550	14	3	0	2570
14976	2	11	3	2601	0	2617
14977	2608	3	2	13	0	2626
14978	11	1	2578	4	0	2594
14979	2484	3	10	1	0	2498
14980	12	2618	3	3	0	2636
14981	3	12	0	2704	0	2719
14982	2	2	1	2800	0	2805
14983	2	0	1	2742	0	2745
14984	2832	1	1	14	0	2848
14985	13	1	0	2827	0	2841
14986	4	2	0	2838	0	2844
14987	2836	1	0	14	0	2851
14988	11	2	2	2820	0	2835
14989	5	1	2860	13	0	2879
14990	2835	0	10	6	0	2851
14991	12	2	2	2905	0	2921
14992	4	1	2	2897	0	2904
14993	3	2869	2	15	0	2889
14994	2894	11	1	8	0	2914
14995	2919	2	3	2	0	2926
14996	18	4	1	2888	0	2911
14997	6	2	2884	14	0	2906
14998	2723	1	13	6	0	2743
14999	14	1	2908	4	0	2927
15000	3	0	18	2875	0	2896
15001	4	1	2	2953	0	2960
15002	2915	2	2	21	0	2940
15003	20	0	2	2999	0	3021
15004	3	2	3024	22	0	3051
15005	2958	1	17	2	0	2978
15006	20	1	3201	5	0	3227
15007	2	0	3143	5	0	3150
15008	3209	1	23	3	0	3236
15009	21	4	7	3356	0	3388
15010	6	3416	4	20	0	3446
15011	3443	19	1	8	0	3471
15012	3431	3	3	6	0	3443
15013	29	2	3407	2	0	3440
15014	3374	2	21	7	0	3404
15015	23	9	7	3438	0	3477
15016	9	0	3502	19	0	3530
15017	4	3395	16	12	0	3427
15018	3385	17	4	6	0	3412
15019	21	3409	2	5	0	3437
15020	8	19	4	3414	0	3445
15021	8	4	2	3431	0	3445
15022	2	3	3	3443	0	3451
15023	6	0	4	3330	0	3340
15024	4	3354	3	22	0	3383
15025	3	17	3258	9	0	3287
15026	6	3275	13	9	0	3303
15027	3284	18	3	3	0	3308
15028	19	6	6	3276	0	3307
15029	3297	2	4	20	0	3323
15030	22	1	2	3295	0	3320
15031	3370	2	6	23	0	3401
15032	21	3417	4	7	0	3449
15033	3483	18	4	7	0	3512
15034	3495	5	2	4	0	3506
15035	3390	6	3	6	0	3405
15036	3417	1	1	6	0	3425
15037	24	3404	4	7	0	3439
15038	8	15	3426	5	0	3454
15039	8	9	15	3405	0	3437
15040	3411	4	8	23	0	3446
15041	3465	5	7	9	0	3486
15042	29	3	2	3547	0	3581
15043	15	2	3659	21	0	3697
15044	10	5	22	3600	0	3637
15045	8	3681	9	20	0	3718
15046	3705	24	5	16	0	3750
15047	28	9	7	3726	0	3770
15048	15	3655	2	30	0	3702
15049	10	3806	1	14	0	3831
15050	7	3863	5	8	0	3883
15051	7	37	1	3957	0	4002
15052	3974	11	4	34	0	4023
15053	36	4002	4	12	0	4054
15054	12	34	3	4078	0	4127
15055	4042	8	3	39	0	4092
15056	37	7	3	4054	0	4101
15057	4050	4	2	41	0	4097
15058	4063	6	2	13	0	4084
15059	43	4198	5	11	0	4257
15060	17	35	2	4076	0	4130
15061	11	4210	2	32	0	4255
15062	4189	34	4	9	0	4236
15063	4201	13	3	8	0	4225
15064	4225	5	3	8	0	4241
15065	51	5	5	4218	0	4279
15066	21	6	4190	37	0	4254
15067	4075	5	38	17	0	4135
15068	4181	8	8	10	0	4207
15069	49	7	3	4117	0	4176
15070	21	4205	5	37	0	4268
15071	19	42	4	4258	0	4323
15072	16	11	5	4330	0	4362
15073	4317	7	5	48	0	4377
15074	4279	5	5	20	0	4309
15075	54	7	4128	11	0	4200
15076	17	9	36	4132	0	4194
15077	4186	9	10	43	0	4248
15078	46	13	3	4207	0	4269
15079	17	5	4231	52	0	4305
15080	14	4030	40	17	0	4101
15081	7	4203	7	18	0	4235
15082	4640	50	14	12	0	4716
15083	73	12	3	4981	0	5069
15084	15	9	4	5586	0	5614
15085	5580	7	3	109	0	5699
15086	105	7	5555	30	0	5697
15087	28	6	93	5621	0	5748
15088	28	4	5625	105	0	5762
15089	20	5624	104	26	0	5774
15090	5754	92	22	29	0	5897
15091	5869	21	14	25	0	5929
15092	5957	18	11	17	0	6003
15093	131	13	5776	16	0	5936
15094	5818	6	96	16	0	5936
15095	5967	10	24	10	0	6011
15096	137	8	20	5868	0	6033
15097	4961	24	35	112	0	5132
15098	108	11	5778	28	0	5925
15099	5702	5	90	25	0	5822
15100	125	9	5763	18	0	5915
15101	53	5816	96	21	0	5986
15102	44	147	37	5525	0	5753
15103	34	5800	23	84	0	5941
15104	33	96	5745	17	0	5891
15105	18	5765	94	29	0	5906
15106	5487	103	26	21	0	5637
15107	90	5385	24	17	0	5516
15108	29	5409	14	9	0	5461
15109	38	96	5236	6	0	5376
15110	20	47	84	5209	0	5360
15111	5272	30	26	89	0	5417
15112	89	29	5245	26	0	5389
15113	27	5272	93	16	0	5408
15114	27	88	20	5294	0	5429
15115	26	27	5328	84	0	5465
15116	14	23	5265	24	0	5326
15117	19	24	100	5296	0	5439
15118	19	11	5327	95	0	5452
15119	23	8	109	4982	0	5122
15120	15	5109	39	91	0	5254
15121	17	91	31	5183	0	5322
15122	19	5200	27	96	0	5342
15123	12	101	18	5240	0	5371
15124	5217	27	19	112	0	5375
15125	95	24	20	5168	0	5307
15126	26	5178	16	111	0	5331
15127	26	96	16	5264	0	5402
15128	24	26	5213	116	0	5379
15129	25	25	92	5244	0	5386
15130	5259	17	26	116	0	5418
15131	105	15	5106	37	0	5263
15132	30	16	97	5086	0	5229
15133	5010	12	29	112	0	5163
15134	98	4972	23	44	0	5137
15135	39	92	28	5020	0	5179
15136	5041	29	17	108	0	5195
15137	117	23	16	5012	0	5168
15138	38	16	4971	109	0	5134
15139	4841	14	95	44	0	4994
15140	108	4933	37	29	0	5107
15141	36	5031	29	29	0	5125
15142	4967	101	19	25	0	5112
15143	4893	39	19	18	0	4969
15144	105	40	16	4831	0	4992
15145	4795	32	20	81	0	4928
15146	121	21	4732	32	0	4906
15147	4709	25	86	31	0	4851
15148	109	4700	22	33	0	4864
15149	4688	85	35	24	0	4832
15150	105	32	4707	22	0	4866
15151	56	28	87	4633	0	4804
15152	43	22	38	4687	0	4790
15153	33	22	28	4495	0	4578
15154	32	4554	21	97	0	4704
15155	4583	79	25	42	0	4729
15156	97	22	25	4402	0	4546
15157	35	4477	20	95	0	4627
15158	4732	75	24	35	0	4866
15159	4621	30	21	38	0	4710
15160	4686	34	14	35	0	4769
15161	4678	21	16	33	0	4748
15162	4657	20	17	31	0	4725
15163	113	24	15	4572	0	4724
15164	56	25	14	4582	0	4677
15165	4523	20	19	98	0	4660
15166	101	24	7	4536	0	4668
15167	44	19	14	4582	0	4659
15168	42	24	4352	102	0	4520
15169	4429	20	75	58	0	4582
15170	4471	15	27	40	0	4553
15171	4502	20	24	40	0	4586
15172	112	19	16	4276	0	4423
15173	52	4377	25	85	0	4539
15174	4762	73	21	48	0	4904
15175	4660	23	21	51	0	4755
15176	127	21	15	5105	0	5268
15177	5130	26	15	106	0	5277
15178	150	58	4064	70	0	4342
15179	66	5129	73	42	0	5310
15180	70	5216	33	44	0	5363
15181	102	114	5093	33	0	5342
15182	29	4559	77	26	0	4691
15183	32	4290	39	34	0	4395
15184	3735	49	51	20	0	3855
15185	38	3697	12	18	0	3765
15186	31	40	7	3731	0	3809
15187	3799	25	3	43	0	3870
15188	41	9	3695	26	0	3771
15189	3678	13	29	17	0	3737
15190	38	8	3634	16	0	3696
15191	39	11	3578	14	0	3642
15192	3527	5	53	20	0	3605
15193	39	8	3638	14	0	3699
15194	28	3580	35	15	0	3658
15195	11	30	27	3567	0	3635
15196	3568	18	7	35	0	3628
15197	37	3477	10	20	0	3544
15198	27	35	4	3523	0	3589
15199	8	20	3494	41	0	3563
15200	20	6	28	3481	0	3535
15201	3401	7	23	37	0	3468
15202	36	2	3378	28	0	3444
15203	28	7	31	3336	0	3402
15204	3372	8	19	37	0	3436
15205	3456	9	9	19	0	3493
15206	59	5	6	3467	0	3537
15207	31	7	2	3449	0	3489
15208	17	5	3500	44	0	3566
15209	17	3	3416	27	0	3463
15210	3490	3	47	11	0	3551
15211	3562	6	20	15	0	3603
15212	48	3549	7	5	0	3609
15213	3556	25	10	5	0	3596
15214	3664	16	5	8	0	3693
15215	54	7	3822	10	0	3893
15216	27	3907	33	6	0	3973
15217	3978	33	22	5	0	4038
15218	3987	17	4	5	0	4013
15219	4060	5	7	3	0	4075
15220	59	10	4	4004	0	4077
15221	30	4	1	4025	0	4060
15222	14	3966	3	50	0	4033
15223	11	40	1	4052	0	4104
15224	4022	18	4	47	0	4091
15225	46	4	2	4057	0	4109
15226	22	12	4010	43	0	4087
15227	10	6	3947	26	0	3989
15228	14	4	56	3986	0	4060
15229	6	2	4052	51	0	4111
15230	6	2	4010	23	0	4041
15231	4	3	61	3973	0	4041
15232	10	2	19	4086	0	4117
15233	8	2	4106	56	0	4172
15234	6	1	4075	27	0	4109
15235	4	4107	58	11	0	4180
15236	4140	40	20	13	0	4213
15237	39	4238	13	5	0	4295
15238	4241	44	13	8	0	4306
15239	4297	24	3	6	0	4330
15240	68	4312	4	7	0	4391
15241	4356	53	5	2	0	4416
15242	55	22	7	4317	0	4401
15243	27	11	4391	53	0	4482
15244	11	15	49	4339	0	4414
15245	15	5	23	4435	0	4478
15246	4240	6	8	74	0	4328
15247	4298	3	7	28	0	4336
15248	4300	4	5	13	0	4322
15249	4284	3	9	12	0	4308
15250	4121	3	4	10	0	4138
15251	70	4005	11	12	0	4098
15252	36	43	9	4096	0	4184
15253	19	22	4162	49	0	4252
15254	21	3	49	4175	0	4248
15255	11	11	27	4171	0	4220
15256	12	2	10	4404	0	4428
15257	4584	7	10	77	0	4678
15258	69	7	6	4611	0	4693
15259	4699	8	3	78	0	4788
15260	81	3	4787	39	0	4910
15261	43	1	73	5419	0	5536
15262	15	4	5637	103	0	5759
15263	5622	4	92	48	0	5766
15264	91	6	35	5696	0	5828
15265	42	5	5737	100	0	5884
15266	19	4	101	5784	0	5908
15267	5807	3	34	113	0	5957
15268	98	6	5780	49	0	5933
15269	5854	2	105	24	0	5985
15270	5973	1	46	23	0	6043
15271	5953	6	24	20	0	6003
15272	5862	5	19	17	0	5903
15273	126	5709	18	24	0	5877
15274	45	5403	15	21	0	5484
15275	30	5302	21	20	0	5373
15276	29	176	19	4755	0	4979
15277	15	4860	20	73	0	4968
15278	4799	75	9	23	0	4906
15279	81	4673	12	12	0	4778
15280	36	4798	11	10	0	4855
15281	21	85	11	4775	0	4892
15282	26	28	13	4844	0	4911
15283	4773	16	12	92	0	4893
15284	91	15	11	4776	0	4893
15285	32	12	4724	96	0	4864
15286	21	15	4561	42	0	4639
15287	25	11	4652	29	0	4717
15288	28	11	84	4645	0	4768
15289	33	9	25	4934	0	5001
15290	34	12	4815	94	0	4955
15291	40	11	4724	38	0	4813
15292	31	18	4840	18	0	4907
15293	4909	17	101	21	0	5048
15294	86	26	29	4943	0	5084
15295	28	18	25	5014	0	5085
15296	4960	19	25	112	0	5116
15297	85	16	12	4973	0	5086
15298	39	4907	15	105	0	5066
15299	23	5084	17	45	0	5169
15300	24	95	19	5074	0	5212
15301	5061	34	19	106	0	5220
15302	5100	13	15	49	0	5177
15303	5136	12	18	38	0	5204
15304	107	11	18	5059	0	5195
15305	51	6	4965	98	0	5120
15306	32	7	90	4962	0	5091
15307	23	11	4941	99	0	5074
15308	4814	10	102	48	0	4974
15309	94	8	40	4851	0	4993
15310	4735	7	30	104	0	4876
15311	102	16	4785	46	0	4949
15312	4652	5	95	33	0	4785
15313	118	7	4859	22	0	5006
15314	56	4577	84	33	0	4750
15315	33	4578	32	32	0	4675
15316	4460	94	31	31	0	4616
15317	105	35	14	4439	0	4593
15318	46	19	4475	87	0	4627
15319	31	4398	74	38	0	4541
15320	32	4560	30	20	0	4642
15321	43	98	11	4524	0	4676
15322	4542	28	22	84	0	4676
15323	4582	18	13	37	0	4650
15324	100	4535	18	28	0	4681
15325	4544	88	15	27	0	4674
15326	86	31	20	4519	0	4656
15327	42	18	4498	90	0	4648
15328	25	4530	85	40	0	4680
15329	37	85	29	4534	0	4685
15330	24	38	22	4584	0	4668
15331	4524	17	18	104	0	4663
15332	95	16	4469	44	0	4624
15333	4439	21	84	25	0	4569
15334	4504	20	32	31	0	4587
15335	103	20	25	4442	0	4590
15336	46	17	18	4519	0	4600
15337	4370	26	21	106	0	4523
15338	92	21	25	4387	0	4525
15339	46	16	4340	98	0	4500
15340	36	17	4250	38	0	4341
15341	33	4165	89	34	0	4321
15342	34	4453	28	34	0	4549
15343	40	89	20	4198	0	4347
15344	31	4253	18	83	0	4385
15345	4302	85	19	50	0	4456
15346	91	4372	14	32	0	4509
15347	29	85	14	4391	0	4519
15348	22	31	20	4462	0	4535
15349	22	27	4389	107	0	4545
15350	31	23	76	4383	0	4513
15351	33	16	24	4495	0	4568
15352	31	4477	20	108	0	4636
15353	35	77	16	4478	0	4606
15354	36	27	20	4551	0	4634
15355	46	16	4425	118	0	4605
15356	21	4338	89	64	0	4512
15357	15	278	30	3825	0	4148
15358	20	4023	20	73	0	4136
15359	18	63	3868	43	0	3992
15360	17	3714	61	33	0	3825
15361	3021	87	50	20	0	3178
15362	2904	19	15	10	0	2948
15363	2907	6	8	7	0	2928
15364	47	2868	4	5	0	2924
15365	2840	38	6	9	0	2893
15366	39	20	2	2809	0	2870
15367	2744	9	4	40	0	2797
15368	33	2699	2	22	0	2756
15369	2690	37	4	8	0	2739
15370	2788	18	1	10	0	2817
15371	58	2827	4	6	0	2895
15372	21	45	2836	6	0	2908
15373	13	18	42	3052	0	3125
15374	10	9	3249	54	0	3322
15375	9	4	55	3385	0	3453
15376	12	3	16	3533	0	3564
15377	4	9	3564	82	0	3659
15378	9	5	69	3606	0	3689
15379	3638	3	22	82	0	3745
15380	68	8	3635	26	0	3737
15381	24	3640	75	18	0	3757
15382	15	73	20	3601	0	3709
15383	12	19	12	3713	0	3756
15384	12	7	3650	99	0	3768
15385	12	12	80	3545	0	3649
15386	5	3596	24	80	0	3705
15387	3522	73	11	37	0	3643
15388	68	3521	13	19	0	3621
15389	3301	69	3	13	0	3386
15390	64	3315	6	11	0	3396
15391	18	3463	3	5	0	3489
15392	13	74	3317	6	0	3410
15393	7	37	69	3281	0	3394
15394	8	14	18	3272	0	3312
15395	7	8	9	3389	0	3413
15396	2	3454	7	88	0	3551
15397	4	73	4	3505	0	3586
15398	3486	19	8	90	0	3603
15399	76	13	6	3505	0	3600
15400	3496	9	5	99	0	3609
15401	92	10	3486	29	0	3617
15402	3503	10	79	23	0	3615
15403	96	3	16	3529	0	3644
15404	26	7	14	3670	0	3717
15405	3651	6	14	102	0	3773
15406	81	11	3658	38	0	3788
15407	21	3644	79	34	0	3778
15408	19	78	25	3697	0	3819
15409	3668	19	22	92	0	3801
15410	3736	22	8	26	0	3792
15411	99	13	7	3697	0	3816
15412	38	13	3665	84	0	3800
15413	3551	19	81	28	0	3679
15414	91	9	3571	28	0	3699
15415	26	12	91	3550	0	3679
15416	27	14	3562	84	0	3687
15417	9	21	94	3532	0	3656
15418	12	13	3431	101	0	3557
15419	11	3425	87	37	0	3560
15420	20	76	29	3225	0	3350
15421	9	3456	20	84	0	3569
15422	3463	87	11	28	0	3589
15423	3517	22	13	23	0	3575
15424	91	24	3416	22	0	3553
15425	38	11	71	3423	0	3543
15426	3459	6	27	85	0	3577
15427	89	9	20	3436	0	3554
15428	26	7	14	3478	0	3525
15429	22	13	3345	102	0	3482
15430	3270	6	77	46	0	3399
15431	83	4	3351	33	0	3471
15432	29	10	85	3333	0	3457
15433	29	5	3356	89	0	3479
15434	3343	5	92	34	0	3474
15435	3399	9	26	27	0	3461
15436	3384	3	25	30	0	3442
15437	105	4	18	3320	0	3447
15438	40	6	3239	86	0	3371
15439	29	8	3282	37	0	3356
15440	22	15	87	3107	0	3231
15441	17	3245	36	71	0	3369
15442	3120	71	21	38	0	3250
15443	84	22	13	3133	0	3252
15444	34	22	3103	78	0	3237
15445	25	5	79	3147	0	3256
15446	14	14	3196	93	0	3317
15447	24	10	83	3221	0	3338
15448	25	7	3241	93	0	3366
15449	21	7	3253	36	0	3317
15450	15	3190	86	43	0	3334
15451	18	70	3155	19	0	3262
15452	22	18	3191	25	0	3256
15453	21	21	94	2788	0	2924
15454	21	6	35	2986	0	3048
15455	16	3040	28	70	0	3154
15456	3049	59	18	31	0	3157
15457	75	3011	18	26	0	3130
15458	26	73	17	3019	0	3135
15459	3041	16	17	77	0	3151
15460	75	18	13	3029	0	3135
15461	3042	8	18	77	0	3145
15462	83	7	13	3080	0	3183
15463	26	7	3102	88	0	3223
15464	28	3	68	3118	0	3217
15465	21	5	21	3200	0	3247
15466	3120	11	25	85	0	3241
15467	3164	9	18	41	0	3232
15468	3113	5	19	36	0	3173
15469	89	2995	21	23	0	3128
15470	31	3021	16	17	0	3085
15471	2974	60	17	25	0	3076
15472	59	18	2975	19	0	3071
15473	19	13	2800	14	0	2846
15474	31	77	76	2508	0	2692
15475	8	11	2513	46	0	2578
15476	6	3	2359	18	0	2386
15477	2266	7	54	13	0	2340
15478	2289	4	18	6	0	2317
15479	38	2250	12	7	0	2307
15480	14	2279	7	7	0	2307
15481	14	31	8	2055	0	2108
15482	7	2243	9	24	0	2283
15483	2287	33	9	11	0	2340
15484	33	4	7	2228	0	2272
15485	11	2269	6	28	0	2314
15486	2329	29	6	8	0	2372
15487	32	7	2346	9	0	2394
15488	10	9	2290	8	0	2317
15489	2324	7	33	5	0	2369
15490	35	4	2295	5	0	2339
15491	2220	2	21	10	0	2253
15492	32	1	12	2265	0	2310
15493	9	1	2265	28	0	2303
15494	6	2219	32	10	0	2267
15495	4	2254	12	10	0	2280
15496	2072	21	9	2	0	2104
15497	19	2101	6	3	0	2129
15498	2006	16	3	5	0	2030
15499	2006	4	5	4	0	2019
15500	17	1973	4	4	0	1998
15501	8	15	3	1968	0	1994
15502	5	6	2016	13	0	2040
15503	1	2112	17	7	0	2137
15504	4	53	9	2133	0	2199
15505	7	16	7	2257	0	2287
15506	2203	3	2	26	0	2234
15507	21	2	3	2184	0	2210
15508	10	1	2173	23	0	2207
15509	2	2181	19	13	0	2215
15510	2	18	10	2216	0	2246
15511	2247	9	5	22	0	2283
15512	2311	3	3	12	0	2329
15513	32	3	2	2305	0	2342
15514	2421	2	4	23	0	2450
15515	30	3	2426	12	0	2471
15516	13	3	29	2427	0	2472
15517	6	4	2482	29	0	2521
15518	6	2	27	2676	0	2711
15519	7	1	10	2659	0	2677
15520	4	4	3	2682	0	2693
15521	5	2	2	2663	0	2672
15522	9	1	2	2651	0	2663
15523	2624	1	4	49	0	2678
15524	2658	1	1	20	0	2680
15525	45	2647	5	11	0	2708
15526	2681	36	2	8	0	2727
15527	36	11	1	2690	0	2738
15528	15	3	0	2742	0	2760
15529	10	2	4	2726	0	2742
15530	9	4	2716	53	0	2782
15531	11	3	40	2631	0	2685
15532	5	2698	13	43	0	2759
15533	2689	41	4	18	0	2752
15534	2692	10	6	11	0	2719
15535	50	3	2671	9	0	2733
15536	15	2663	38	12	0	2728
15537	11	36	13	2681	0	2741
15538	8	12	2724	40	0	2784
15539	5	6	39	2592	0	2642
15540	7	2668	11	39	0	2725
15541	2629	40	4	15	0	2688
15542	40	2652	8	10	0	2710
15543	12	40	2659	11	0	2722
15544	5	18	2642	13	0	2678
15545	9	2610	47	12	0	2678
15546	8	2569	16	4	0	2597
15547	2503	48	9	6	0	2566
15548	2501	17	2	5	0	2525
15549	50	7	6	2493	0	2556
15550	20	4	2500	39	0	2563
15551	6	3	38	2502	0	2549
15552	5	7	16	2507	0	2535
15553	2470	6	4	54	0	2534
15554	2428	7	4	23	0	2462
15555	55	4	4	2562	0	2625
15556	21	5	2591	43	0	2660
15557	9	2593	41	22	0	2665
15558	2605	39	17	8	0	2669
15559	39	2674	5	12	0	2730
15560	22	43	6	2752	0	2823
15561	14	13	6	2850	0	2883
15562	10	10	3	2827	0	2850
15563	4	6	5	2774	0	2789
15564	2710	7	6	67	0	2790
15565	49	8	6	2704	0	2767
15566	17	2673	5	59	0	2754
15567	10	47	6	2691	0	2754
15568	2637	17	3	59	0	2716
15569	46	2655	2	30	0	2733
15570	32	45	3	2649	0	2729
15571	14	21	2586	55	0	2676
15572	2578	4	45	26	0	2653
15573	47	9	17	2588	0	2661
15574	19	5	2530	55	0	2609
15575	11	4	2497	30	0	2542
15576	20	9	52	2501	0	2582
15577	2503	3	20	61	0	2587
15578	2542	4	11	25	0	2582
15579	53	2581	10	15	0	2659
15580	2585	42	3	18	0	2648
15581	2607	18	7	16	0	2648
15582	2594	8	8	13	0	2623
15583	2576	3	5	21	0	2605
15584	60	9	2	2528	0	2599
15585	30	7	4	2555	0	2596
15586	16	6	2451	63	0	2536
15587	14	2357	39	28	0	2438
15588	13	2430	19	15	0	2477
15589	9	51	2391	17	0	2468
15590	2353	15	39	13	0	2420
15591	46	9	16	2380	0	2451
15592	2405	9	5	45	0	2464
15593	2394	7	7	25	0	2433
15594	57	9	2354	5	0	2425
15595	22	8	35	2323	0	2388
15596	2332	6	16	46	0	2400
15597	50	2	9	2328	0	2389
15598	22	4	2333	51	0	2410
15599	13	44	39	2250	0	2346
15600	12	2358	21	36	0	2427
15601	6	2434	5	18	0	2463
15602	12	44	2337	6	0	2399
15603	12	2228	36	3	0	2279
15604	2073	41	18	13	0	2145
15605	2044	8	8	4	0	2064
15606	39	3	3	2027	0	2072
15607	10	4	1	2061	0	2076
15608	8	5	5	2066	0	2084
15609	2026	3	3	42	0	2074
15610	29	2018	3	13	0	2063
15611	1966	25	4	9	0	2004
15612	1930	10	4	0	0	1944
15613	34	1927	1	8	0	1970
15614	1815	21	2	9	0	1847
15615	28	1825	0	4	0	1857
15616	1849	22	2	7	0	1880
15617	25	10	1823	10	0	1868
15618	1594	8	25	5	0	1632
15619	20	1642	7	4	0	1673
15620	11	24	14	1640	0	1689
15621	4	6	0	1716	0	1726
15622	2	5	1	1750	0	1758
15623	1774	0	1	30	0	1805
15624	23	4	1	1802	0	1830
15625	8	2	1761	28	0	1799
15626	1731	4	24	11	0	1770
15627	30	1	1757	2	0	1790
15628	7	5	20	1749	0	1781
15629	2	2	1791	24	0	1819
15630	4	1	21	1778	0	1804
15631	2	1787	10	26	0	1825
15632	4	19	2	1776	0	1801
15633	5	1779	2	22	0	1808
15634	2	22	4	1796	0	1824
15635	1805	9	0	21	0	1835
15636	23	1	2	1857	0	1883
15637	1862	1	2	23	0	1888
15638	20	3	1788	8	0	1819
15639	1814	0	18	11	0	1843
15640	1834	3	8	2	0	1847
15641	1844	1	3	1	0	1849
15642	29	4	2	1833	0	1868
15643	1806	2	2	22	0	1832
15644	24	2	1764	6	0	1796
15645	1771	1	19	7	0	1798
15646	27	3	1769	3	0	1802
15647	1777	1	20	4	0	1802
15648	26	3	8	1797	0	1834
15649	13	0	1837	23	0	1873
15650	8	3	17	1822	0	1850
15651	7	2	8	1841	0	1858
15652	4	0	1816	28	0	1848
15653	1733	0	21	11	0	1765
15654	22	1847	7	5	0	1881
15655	1788	19	3	1	0	1811
15656	21	1765	2	2	0	1790
15657	1735	18	6	5	0	1764
15658	17	6	1716	2	0	1741
15659	1585	11	26	4	0	1626
15660	14	1590	6	5	0	1615
15661	10	13	5	1563	0	1591
15662	3	4	1	1607	0	1615
15663	1	2	0	1608	0	1611
15664	2	0	1627	17	0	1646
15665	1	1	13	1609	0	1624
15666	3	0	1690	16	0	1709
15667	1777	0	19	5	0	1801
15668	1878	0	4	1	0	1883
15669	24	3	1	1881	0	1909
15670	5	0	1893	24	0	1922
15671	1893	1	21	7	0	1922
15672	26	0	2264	3	0	2293
15673	7	1	29	2248	0	2285
15674	3	0	7	2332	0	2342
15675	4	0	4	2383	0	2391
15676	4	3	1	2416	0	2424
15677	2362	0	2	38	0	2402
15678	26	2362	1	12	0	2401
15679	7	25	2281	3	0	2316
15680	4	2294	28	3	0	2329
15681	2316	28	5	5	0	2354
15682	33	6	1	2320	0	2360
15683	2339	2	3	33	0	2377
15684	32	1	2	2353	0	2388
15685	10	2	2	2359	0	2373
15686	6	0	3	2362	0	2371
15687	2	3	2318	39	0	2362
15688	4	2280	28	10	0	2322
15689	2	30	2343	6	0	2381
15690	4	5	29	2348	0	2386
15691	2361	1	6	38	0	2406
15692	2367	2	3	11	0	2383
15693	2384	2	1	12	0	2399
15694	37	2383	5	7	0	2432
15695	2456	31	2	6	0	2495
15696	33	8	4	2474	0	2519
15697	7	6	2	2505	0	2520
15698	7	1	2	2503	0	2513
15699	4	2486	2	39	0	2531
15700	9	29	1	2371	0	2410
15701	4	2428	3	32	0	2467
15702	2437	31	0	11	0	2479
15703	2453	6	2	7	0	2468
15704	36	2	2	2464	0	2504
15705	9	3	2426	34	0	2472
15706	2411	5	32	8	0	2456
15707	33	2	6	2466	0	2507
15708	5	5	2473	32	0	2515
15709	2435	2	28	11	0	2476
15710	35	1	5	2500	0	2541
15711	2490	3	1	33	0	2527
15712	33	2467	2	11	0	2513
15713	7	31	2	2437	0	2477
15714	5	2510	1	35	0	2551
15715	6	35	4	2521	0	2566
15716	4	2541	1	35	0	2581
15717	5	32	5	2539	0	2581
15718	4	8	2527	32	0	2571
15719	2202	4	24	18	0	2248
15720	27	2504	8	5	0	2544
15721	10	22	2440	4	0	2476
15722	2394	4	23	7	0	2428
15723	26	7	5	2456	0	2494
15724	7	2	2464	25	0	2498
15725	6	2466	23	8	0	2503
15726	4	18	5	2512	0	2539
15727	3	3	2554	24	0	2584
15728	4	4	19	2517	0	2544
15729	3	4	4	2584	0	2595
15730	2	4	2616	29	0	2651
15731	4	3	20	2594	0	2621
15732	2	7	2658	23	0	2690
15733	2	3	28	2653	0	2686
15734	5	6	2781	29	0	2821
15735	5	2	25	2787	0	2819
15736	5	0	4	2808	0	2817
15737	7	5	4	2777	0	2793
15738	6	2753	4	34	0	2797
15739	2777	21	7	6	0	2811
15740	2796	5	4	12	0	2817
15741	25	3	8	2820	0	2856
15742	2831	5	2	32	0	2870
15743	26	2	2817	14	0	2859
15744	7	2839	23	13	0	2882
15745	2869	21	3	13	0	2906
15746	24	2887	6	9	0	2926
15747	10	22	4	2932	0	2968
15748	4	8	5	2951	0	2968
15749	2864	5	6	26	0	2901
15750	25	3	3	2860	0	2891
15751	6	2	2860	29	0	2897
15752	8	2843	19	12	0	2882
15753	2872	23	3	10	0	2908
15754	28	5	1	2851	0	2885
15755	5	2914	3	27	0	2949
15756	10	26	3	2896	0	2935
15757	10	2951	2	28	0	2991
15758	2982	26	2	13	0	3023
15759	2996	5	5	7	0	3013
15760	32	4	2956	4	0	2996
15761	10	4	2907	8	0	2929
15762	5	5	22	2908	0	2940
15763	12	2979	4	22	0	3017
15764	5	22	0	3011	0	3038
15765	3002	2	4	28	0	3036
15766	20	2	2912	6	0	2940
15767	7	3	15	2791	0	2816
15768	5	2	2797	18	0	2822
15769	4	3	2686	11	0	2704
15770	4	2825	20	4	0	2853
15771	36	40	11	2710	0	2797
15772	2506	9	3	10	0	2528
15773	8	1	2490	3	0	2502
15774	2	2469	5	0	0	2476
15775	2451	4	1	2	0	2458
15776	4	1	3	2443	0	2451
15777	2510	0	0	7	0	2517
15778	2523	0	1	3	0	2527
15779	2542	0	0	0	0	2542
15780	5	1	2643	0	0	2649
15781	2550	0	5	1	0	2556
15782	2663	0	1	1	0	2665
15783	5	2724	1	2	0	2732
15784	2	4	1	2759	0	2766
15785	0	3	0	2741	0	2744
15786	0	1	0	2768	0	2769
15787	2778	0	1	7	0	2786
15788	2709	0	1	5	0	2715
15789	10	0	2733	2	0	2745
15790	5	0	6	2704	0	2715
15791	1	2711	5	8	0	2725
15792	2741	6	4	6	0	2757
15793	6	4	2746	4	0	2760
15794	7	2	7	2682	0	2698
15795	1	0	5	2687	0	2693
15796	0	2694	1	12	0	2707
15797	2	7	0	2710	0	2719
15798	2	5	0	2602	0	2609
15799	1	1	1	2702	0	2705
15800	2700	0	0	12	0	2712
15801	9	0	0	2661	0	2670
15802	6	1	0	2663	0	2670
15803	2719	0	2	16	0	2737
15804	7	2	1	2722	0	2732
15805	8	3008	0	12	0	3028
15806	3170	22	1	6	0	3199
15807	3334	7	0	6	0	3347
15808	3427	3	1	5	0	3436
15809	3747	0	2	2	0	3751
15810	58	4026	1	1	0	4086
15811	4486	54	0	3	0	4543
15812	4573	17	1	5	0	4596
15813	91	12	1	4502	0	4606
15814	31	3	4471	78	0	4583
15815	17	3	74	4459	0	4553
15816	9	1	18	4503	0	4531
15817	6	0	10	4458	0	4474
15818	6	3	7	4438	0	4454
15819	9	0	0	4472	0	4481
15820	4328	3	3	110	0	4444
15821	83	0	2	4345	0	4430
15822	28	0	4361	95	0	4484
15823	13	0	74	4335	0	4422
15824	8	4330	22	86	0	4446
15825	5	72	10	4346	0	4433
15826	5	18	4349	89	0	4461
15827	4071	12	74	31	0	4188
15828	4261	6	20	22	0	4309
15829	99	1	4315	12	0	4427
15830	36	4302	79	6	0	4423
15831	4355	73	25	10	0	4463
15832	4394	23	10	5	0	4432
15833	4424	11	7	7	0	4449
15834	4337	9	2	4	0	4352
15835	126	3	2	4203	0	4334
15836	49	3	4254	79	0	4385
15837	34	8	79	4268	0	4389
15838	21	9	21	4380	0	4431
15839	17	1	4324	111	0	4453
15840	17	6	4324	45	0	4392
15841	4252	1	99	31	0	4383
15842	94	4299	37	28	0	4458
15843	41	80	25	4343	0	4489
15844	29	22	4286	104	0	4441
15845	4169	11	80	59	0	4319
15846	91	8	4274	39	0	4412
15847	4209	3	100	38	0	4350
15848	100	4262	31	33	0	4426
15849	40	86	23	4297	0	4446
15850	20	27	4256	113	0	4416
15851	4160	18	92	53	0	4323
15852	97	4192	31	33	0	4353
15853	44	4398	23	35	0	4500
15854	35	102	31	4358	0	4526
15855	31	41	12	4519	0	4603
15856	4630	33	18	123	0	4804
15857	115	4588	16	55	0	4774
15858	64	106	17	4698	0	4885
15859	4681	36	11	122	0	4850
15860	4849	21	16	45	0	4931
15861	4995	15	19	35	0	5064
15862	165	13	4961	44	0	5183
15863	75	12	5080	39	0	5206
15864	5343	10	143	42	0	5538
15865	136	5325	52	53	0	5566
15866	63	5463	30	36	0	5592
15867	35	150	20	5235	0	5440
15868	26	5359	28	141	0	5554
15869	5377	136	23	58	0	5594
15870	143	52	18	5333	0	5546
15871	58	27	5316	150	0	5551
15872	5313	16	139	61	0	5529
15873	5420	22	54	35	0	5531
15874	196	21	36	5298	0	5551
15875	72	25	39	5405	0	5541
15876	57	35	31	5432	0	5555
15877	55	19	25	5398	0	5497
15878	45	28	5134	191	0	5398
15879	51	5113	121	75	0	5360
15880	58	145	39	4839	0	5081
15881	46	5064	36	146	0	5292
15882	49	143	33	4811	0	5036
15883	53	4980	20	159	0	5212
15884	4951	150	17	90	0	5208
15885	5001	56	32	61	0	5150
15886	174	4930	31	58	0	5193
15887	4962	138	23	65	0	5188
15888	176	54	31	4943	0	5204
15889	4914	47	21	161	0	5143
15890	158	4916	29	75	0	5178
15891	4944	150	29	44	0	5167
15892	5050	52	32	41	0	5175
15893	206	53	27	4863	0	5149
15894	104	50	4845	136	0	5135
15895	65	4849	130	68	0	5112
15896	56	143	61	4884	0	5144
15897	4907	66	33	148	0	5154
15898	165	54	4835	67	0	5121
15899	77	39	133	4837	0	5086
15900	63	44	49	4949	0	5105
15901	4891	31	29	181	0	5132
15902	4957	37	22	84	0	5100
15903	4869	33	20	79	0	5001
15904	187	4747	27	65	0	5026
15905	4494	122	20	45	0	4681
15906	148	45	4217	52	0	4462
15907	72	26	4109	55	0	4262
15908	58	31	4047	41	0	4177
15909	74	207	168	3418	0	3867
15910	32	22	3348	100	0	3502
15911	2909	11	59	33	0	3012
15912	73	13	22	2921	0	3029
15913	40	10	2970	67	0	3087
15914	3031	18	47	31	0	3127
15915	69	18	19	3060	0	3166
15916	45	9	15	3124	0	3193
15917	3115	15	20	70	0	3220
15918	65	11	22	3175	0	3273
15919	28	19	3207	67	0	3321
15920	24	9	66	3237	0	3336
15921	28	8	3285	62	0	3383
15922	24	10	60	3252	0	3346
15923	3207	7	30	72	0	3316
15924	68	3129	15	34	0	3246
15925	41	3208	11	26	0	3286
15926	29	61	12	3179	0	3281
15927	26	17	19	3192	0	3254
15928	19	3104	12	80	0	3215
15929	16	3118	16	42	0	3192
15930	20	62	13	3061	0	3156
15931	20	25	18	3089	0	3152
15932	2983	8	17	87	0	3095
15933	60	2966	16	40	0	3082
15934	30	2936	14	26	0	3006
15935	21	3051	10	27	0	3109
15936	2912	63	19	22	0	3016
15937	63	25	2888	29	0	3005
15938	2855	21	57	18	0	2951
15939	60	19	19	2855	0	2953
15940	23	2756	14	67	0	2860
15941	19	2887	14	34	0	2954
15942	2848	59	15	22	0	2944
15943	60	33	11	2789	0	2893
15944	22	3000	13	58	0	3093
15945	3028	57	9	35	0	3129
15946	3073	21	15	17	0	3126
15947	74	19	3018	18	0	3129
15948	3011	20	50	19	0	3100
15949	3084	17	17	19	0	3137
15950	67	15	12	3004	0	3098
15951	27	2934	9	73	0	3043
15952	27	3025	10	29	0	3091
15953	26	82	7	2897	0	3012
15954	2835	33	15	57	0	2940
15955	59	16	2664	27	0	2766
15956	26	7	2546	13	0	2592
15957	40	13	2476	8	0	2537
15958	30	12	2468	13	0	2523
15959	22	2454	32	14	0	2522
15960	12	2397	26	18	0	2453
15961	31	36	2226	9	0	2302
15962	12	29	2170	18	0	2229
15963	7	1968	24	12	0	2011
15964	7	12	13	1767	0	1799
15965	1	5	1871	7	0	1884
15966	3	2	5	1834	0	1844
15967	2	1	3	1927	0	1933
15968	1	1	2	1965	0	1969
15969	3	1	0	2064	0	2068
15970	1	2	2049	17	0	2069
15971	3	1	13	1990	0	2007
15972	2022	1	4	15	0	2042
15973	14	2	1989	5	0	2010
15974	2043	0	10	3	0	2056
15975	16	2	3	2077	0	2098
15976	4	3	2112	13	0	2132
15977	2098	3	14	5	0	2120
15978	15	2	5	2139	0	2161
15979	2152	2	4	16	0	2174
15980	18	2	1	2117	0	2138
15981	4	2129	0	17	0	2150
15982	1	12	2196	8	0	2217
15983	5	5	16	2217	0	2243
15984	2221	3	3	19	0	2246
15985	2235	1	2	7	0	2245
15986	2237	2	1	3	0	2243
15987	2219	2	2	2	0	2225
15988	2192	0	2	3	0	2197
15989	18	2193	2	3	0	2216
15990	2210	16	2	3	0	2231
15991	15	6	2185	0	0	2206
15992	2188	4	16	3	0	2211
15993	19	1	4	2147	0	2171
15994	6	3	2180	14	0	2203
15995	5	2	2167	6	0	2180
15996	4	1	19	2181	0	2205
15997	2210	0	8	13	0	2231
15998	16	2180	3	6	0	2205
15999	2189	15	1	4	0	2209
16000	15	2205	4	1	0	2225
16001	7	17	1	2272	0	2297
16002	6	7	0	2297	0	2310
16003	2302	3	5	18	0	2328
16004	16	1	3	2310	0	2330
16005	7	2	2307	17	0	2333
16006	2302	2	15	8	0	2327
16007	16	4	6	2371	0	2397
16008	8	1	3	2366	0	2378
16009	4	0	2362	20	0	2386
16010	2243	4	16	11	0	2274
16011	2365	3	3	4	0	2375
16012	23	2364	4	2	0	2393
16013	6	16	2314	3	0	2339
16014	4	5	2248	3	0	2260
16015	5	7	22	2225	0	2259
16016	2	7	3	2208	0	2220
16017	4	2225	1	19	0	2249
16018	0	16	2179	3	0	2198
16019	2	3	17	2103	0	2125
16020	2	2	2166	18	0	2188
16021	3	0	17	2079	0	2099
16022	2	2108	5	17	0	2132
16023	1	17	3	2174	0	2195
16024	2	2	2	2181	0	2187
16025	1	2	2	2161	0	2166
16026	2166	0	2	21	0	2189
16027	16	1	2140	4	0	2161
16028	3	2222	15	5	0	2245
16029	2	19	3	2343	0	2367
16030	2431	7	3	16	0	2457
16031	19	4	3	2481	0	2507
16032	2505	0	3	27	0	2535
16033	29	1	2532	10	0	2572
16034	2528	0	21	5	0	2554
16035	25	1	6	2609	0	2641
16036	8	0	2622	25	0	2655
16037	5	2586	24	10	0	2625
16038	5	21	8	2588	0	2622
16039	0	7	3	2624	0	2634
16040	2587	2	4	25	0	2618
16041	22	2558	3	12	0	2595
16042	11	2499	1	7	0	2518
16043	1	2553	3	6	0	2563
16044	2407	26	5	2	0	2440
16045	22	2416	5	3	0	2446
16046	6	21	1	2393	0	2421
16047	3	5	2	2406	0	2416
16048	2394	1	2	30	0	2427
16049	25	2387	0	8	0	2420
16050	7	21	0	2437	0	2465
16051	2477	7	1	27	0	2512
16052	2485	1	3	7	0	2496
16053	2478	2	0	6	0	2486
16054	28	2455	4	2	0	2489
16055	2417	24	1	1	0	2443
16056	27	9	2	2395	0	2433
16057	9	2323	1	21	0	2354
16058	3	2412	0	10	0	2425
16059	6	23	1	2400	0	2430
16060	2387	5	1	22	0	2415
16061	2434	3	2	6	0	2445
16062	25	3	0	2352	0	2380
16063	6	2341	1	23	0	2371
16064	2352	22	7	4	0	2385
16065	23	5	2281	4	0	2313
16066	7	4	2220	4	0	2235
16067	2163	1	22	4	0	2190
16068	21	2	2181	6	0	2210
16069	5	4	18	2053	0	2080
16070	2066	2	12	12	0	2092
16071	15	3	1	2122	0	2141
16072	7	2	2121	17	0	2147
16073	4	2131	11	12	0	2158
16074	3	14	4	2151	0	2172
16075	1	7	2140	17	0	2165
16076	2056	4	12	8	0	2080
16077	11	1	8	2117	0	2137
16078	10	3	2122	12	0	2147
16079	3	2	13	2089	0	2107
16080	1	2094	9	14	0	2118
16081	2	12	1	2170	0	2185
16082	5	5	1	2122	0	2133
16083	2	1	1	2113	0	2117
16084	2	2113	0	19	0	2134
16085	2139	14	1	8	0	2162
16086	13	7	2	2152	0	2174
16087	9	4	2	2168	0	2183
16088	6	2	1	2191	0	2200
16089	2	3	2191	20	0	2216
16090	2	1	13	2186	0	2202
16091	2195	1	6	22	0	2224
16092	16	2207	3	9	0	2235
16093	6	17	2	2269	0	2294
16094	3	9	1	2278	0	2291
16095	2250	3	0	23	0	2276
16096	17	2258	1	13	0	2289
16097	2289	16	1	7	0	2313
16098	2321	9	0	5	0	2335
16099	27	4	2	2304	0	2337
16100	2300	3	2	24	0	2329
16101	23	2227	1	10	0	2261
16102	2245	20	2	10	0	2277
16103	20	7	1	2310	0	2338
16104	2533	4	1	21	0	2559
16105	2630	6	0	12	0	2648
16106	45	3	2551	8	0	2607
16107	2683	7	25	5	0	2720
16108	2748	0	6	7	0	2761
16109	2878	2	3	4	0	2887
16110	47	6	2973	3	0	3029
16111	22	2994	42	5	0	3063
16112	15	42	18	3020	0	3095
16113	3012	15	12	45	0	3084
16114	46	2979	3	22	0	3050
16115	2973	47	2	19	0	3041
16116	56	19	1	3009	0	3085
16117	26	16	3019	48	0	3109
16118	3105	5	46	20	0	3176
16119	60	2	19	3191	0	3272
16120	27	2	3167	54	0	3250
16121	3202	3	55	23	0	3283
16122	63	2	3268	12	0	3345
16123	23	3	66	3384	0	3476
16124	19	2	23	3548	0	3592
16125	3497	2	15	77	0	3591
16126	3502	5	7	38	0	3552
16127	78	3497	4	29	0	3608
16128	3479	51	2	14	0	3546
16129	74	21	3317	9	0	3421
16130	31	19	3272	5	0	3327
16131	3210	18	67	8	0	3303
16132	53	3220	39	9	0	3321
16133	3151	48	24	5	0	3228
16134	67	3155	14	4	0	3240
16135	3136	59	7	7	0	3209
16136	74	22	4	3085	0	3185
16137	30	17	3123	50	0	3220
16138	30	8	51	3135	0	3224
16139	14	4	22	3221	0	3261
16140	3176	4	16	75	0	3271
16141	55	5	3133	44	0	3237
16142	3114	4	52	25	0	3195
16143	70	3099	18	12	0	3199
16144	3131	54	21	5	0	3211
16145	77	20	10	3064	0	3171
16146	31	19	3068	52	0	3170
16147	32	10	50	3082	0	3174
16148	3089	5	21	70	0	3185
16149	60	7	23	3100	0	3190
16150	31	2	10	3078	0	3121
16151	25	2959	8	79	0	3071
16152	19	49	6	3027	0	3101
16153	15	20	2976	79	0	3090
16154	11	18	55	2987	0	3071
16155	19	8	21	3044	0	3092
16156	2968	9	21	80	0	3078
16157	61	2	11	2997	0	3071
16158	28	4	2945	82	0	3059
16159	31	2941	57	33	0	3062
16160	20	54	22	2969	0	3065
16161	17	25	20	2994	0	3056
16162	2953	20	12	75	0	3060
16163	64	2880	5	42	0	2991
16164	28	57	9	2946	0	3040
16165	2873	20	7	74	0	2974
16166	2947	15	10	37	0	3009
16167	81	8	6	2933	0	3028
16168	51	8	2930	68	0	3057
16169	2968	8	57	35	0	3068
16170	71	9	26	3046	0	3152
16171	3026	4	25	73	0	3128
16172	3061	10	12	40	0	3123
16173	92	2931	9	33	0	3065
16174	2939	63	6	24	0	3032
16175	94	2937	8	18	0	3057
16176	32	75	10	2936	0	3053
16177	43	24	8	2931	0	3006
16178	19	2929	8	88	0	3044
16179	2958	59	6	50	0	3073
16180	2963	30	6	39	0	3038
16181	85	19	2852	22	0	2978
16182	54	9	2833	24	0	2920
16183	38	5	78	2853	0	2974
16184	2881	6	38	73	0	2998
16185	74	5	25	2880	0	2984
16186	32	7	13	2964	0	3016
16187	34	5	2907	93	0	3039
16188	21	11	2910	56	0	2998
16189	18	6	2951	43	0	3018
16190	2863	15	83	24	0	2985
16191	2944	10	43	18	0	3015
16192	83	2831	23	16	0	2953
16193	49	2898	12	17	0	2976
16194	33	74	10	2871	0	2988
16195	22	35	2892	69	0	3018
16196	2862	24	55	36	0	2977
16197	69	13	2976	32	0	3090
16198	31	7	73	2925	0	3036
16199	29	6	32	2987	0	3054
16200	20	6	27	3001	0	3054
16201	17	6	9	3082	0	3114
16202	2998	8	9	97	0	3112
16203	73	13	7	2973	0	3066
16204	29	6	2762	83	0	2880
16205	2623	6	48	35	0	2712
16206	56	3	2647	30	0	2736
16207	30	3	2616	15	0	2664
16208	33	2585	60	10	0	2688
16209	57	36	37	2305	0	2435
16210	2279	15	24	31	0	2349
16211	35	8	3	2298	0	2344
16212	13	6	2280	41	0	2340
16213	13	4	26	2297	0	2340
16214	2277	3	11	45	0	2336
16215	31	2279	13	19	0	2342
16216	2252	23	5	21	0	2301
16217	39	2214	7	8	0	2268
16218	2201	26	9	7	0	2243
16219	32	2150	3	8	0	2193
16220	13	2149	5	6	0	2173
16221	15	22	2049	4	0	2090
16222	5	2015	27	7	0	2054
16223	1810	23	13	4	0	1850
16224	16	9	4	1783	0	1812
16225	1795	5	2	16	0	1818
16226	18	1829	2	8	0	1857
16227	1816	18	1	5	0	1840
16228	23	5	1825	1	0	1854
16229	8	4	16	1832	0	1860
16230	5	1872	7	17	0	1901
16231	2	16	2	1961	0	1981
16232	0	5	4	1974	0	1983
16233	2223	3	0	24	0	2250
16234	33	2249	3	11	0	2296
16235	2278	32	1	5	0	2316
16236	40	9	2296	1	0	2346
16237	9	4	2256	3	0	2272
16238	7	2268	42	2	0	2319
16239	3	36	10	2272	0	2321
16240	3	8	2286	40	0	2337
16241	1	5	39	2210	0	2255
16242	3	2	9	2349	0	2363
16243	0	4	2289	48	0	2341
16244	5	1	2291	14	0	2311
16245	0	1	2371	7	0	2379
16246	2	1	2372	4	0	2379
16247	3	2441	50	6	0	2500
16248	2	39	15	2456	0	2512
16249	4	8	9	2527	0	2548
16250	1	4	2501	49	0	2555
16251	5	2	45	2474	0	2526
16252	1	4	2595	49	0	2649
16253	5	2	42	2583	0	2632
16254	3	2	14	2605	0	2624
16255	2	2589	7	49	0	2647
16256	2	42	6	2618	0	2668
16257	2	8	5	2624	0	2639
16258	3	8	3	2632	0	2646
16259	3	5	2573	56	0	2637
16260	4	2567	39	16	0	2626
16261	2581	40	7	11	0	2639
16262	2606	9	6	9	0	2630
16263	45	6	5	2582	0	2638
16264	17	5	5	2582	0	2609
16265	9	2594	4	49	0	2656
16266	2607	45	2	13	0	2667
16267	42	2642	1	8	0	2693
16268	2590	42	2	11	0	2645
16269	42	10	2568	6	0	2626
16270	2484	8	36	7	0	2535
16271	44	2552	7	5	0	2608
16272	10	42	5	2572	0	2629
16273	10	6	5	2576	0	2597
16274	6	2560	4	40	0	2610
16275	2580	41	4	10	0	2635
16276	40	11	5	2636	0	2692
16277	12	7	3	2688	0	2710
16278	2694	4	8	48	0	2754
16279	2751	8	1	13	0	2773
16280	49	5	2716	8	0	2778
16281	2752	6	40	11	0	2809
16282	48	2	11	2772	0	2833
16283	10	2	2792	46	0	2850
16284	5	1	44	2752	0	2802
16285	4	7	2776	45	0	2832
16286	4	1	2788	17	0	2810
16287	3	7	49	2752	0	2811
16288	2	5	2808	48	0	2863
16289	4	2854	48	17	0	2923
16290	2	39	15	2866	0	2922
16291	3	6	11	2949	0	2969
16292	3	4	2952	44	0	3003
16293	5	2917	45	16	0	2983
16294	2974	44	13	12	0	3043
16295	43	8	8	2997	0	3056
16296	2982	4	10	58	0	3054
16297	46	2948	10	17	0	3021
16298	15	48	2989	14	0	3066
16299	8	12	45	2984	0	3049
16300	2985	6	18	56	0	3065
16301	47	5	2967	22	0	3041
16302	2901	8	50	12	0	2971
16303	51	2907	16	11	0	2985
16304	10	2933	11	12	0	2966
16305	2890	41	18	12	0	2961
16306	45	15	10	2881	0	2951
16307	13	13	9	2843	0	2878
16308	8	2865	7	51	0	2931
16309	8	40	6	2932	0	2986
16310	6	10	10	2964	0	2990
16311	2901	7	5	56	0	2969
16312	45	7	8	2882	0	2942
16313	14	9	2885	52	0	2960
16314	8	5	42	2883	0	2938
16315	8	7	12	2975	0	3002
16316	7	2	2923	63	0	2995
16317	6	3	45	2929	0	2983
16318	2887	7	13	60	0	2967
16319	2869	4	6	27	0	2906
16320	2868	4	10	12	0	2894
16321	54	4	3	2859	0	2920
16322	19	2	2871	52	0	2944
16323	9	2878	41	25	0	2953
16324	9	36	11	2924	0	2980
16325	8	13	2922	48	0	2991
16326	13	6	37	2869	0	2925
16327	10	7	18	2892	0	2927
16328	2828	4	4	53	0	2889
16329	41	2899	5	25	0	2970
16330	12	39	2844	9	0	2904
16331	2675	10	37	18	0	2740
16332	38	2781	11	15	0	2845
16333	8	2555	6	7	0	2576
16334	2611	22	15	6	0	2654
16335	27	6	2	2652	0	2687
16336	8	5	2832	25	0	2870
16337	10	6	23	2800	0	2839
16338	3	2839	6	23	0	2871
16339	2860	22	6	9	0	2897
16340	24	8	2	2888	0	2922
16341	2898	5	3	30	0	2936
16342	23	4	1	2896	0	2924
16343	8	2969	1	23	0	3001
16344	3036	22	1	11	0	3070
16345	3047	8	5	6	0	3066
16346	33	2996	3	5	0	3037
16347	2958	26	3	6	0	2993
16348	29	10	1	2914	0	2954
16349	9	2913	1	26	0	2949
16350	2937	23	1	12	0	2973
16351	27	2939	2	6	0	2974
16352	2914	26	1	2	0	2943
16353	29	12	0	2909	0	2950
16354	2949	3	2	24	0	2978
16355	2959	1	1	13	0	2974
16356	2985	3	1	4	0	2993
16357	33	3	0	2952	0	2988
16358	13	4	1	2987	0	3005
16359	2956	2	3	32	0	2993
16360	23	5	3008	12	0	3048
16361	14	2	22	3015	0	3053
16362	7	3076	7	24	0	3114
16363	6	24	3	3116	0	3149
16364	4	10	1	3129	0	3144
16365	6	4	3073	33	0	3116
16366	2	4	23	3280	0	3309
16367	6	3460	7	33	0	3506
16368	7	34	3	3548	0	3592
16369	4	16	3832	43	0	3895
16370	8	6	42	3881	0	3937
16371	5	3	18	3956	0	3982
16372	3906	8	4	71	0	3989
16373	3942	1	1	32	0	3976
16374	71	2	4	3881	0	3958
16375	29	3809	2	61	0	3901
16376	7	3867	4	31	0	3909
16377	10	69	3808	14	0	3901
16378	17	36	49	3773	0	3875
16379	3775	7	23	61	0	3866
16380	55	11	7	3794	0	3867
16381	26	8	3801	60	0	3895
16382	10	9	51	3817	0	3887
16383	11	9	21	3864	0	3905
16384	12	5	6	3909	0	3932
16385	11	3	3796	90	0	3900
16386	7	3790	55	35	0	3887
16387	3755	49	23	23	0	3850
16388	3745	21	7	12	0	3785
16389	76	7	3	3662	0	3748
16390	28	5	3644	62	0	3739
16391	7	3654	50	35	0	3746
16392	7	55	19	3562	0	3643
16393	13	3632	4	45	0	3694
16394	11	3695	6	22	0	3734
16395	3641	64	13	11	0	3729
16396	54	26	3613	10	0	3703
16397	22	7	3598	15	0	3642
16398	10	11	64	3577	0	3662
16399	8	8	21	3670	0	3707
16400	16	8	3651	61	0	3736
16401	11	6	46	3598	0	3661
16402	11	6	3620	50	0	3687
16403	3515	2	52	34	0	3603
16404	46	6	25	3605	0	3682
16405	22	3	3673	55	0	3753
16406	5	5	47	3539	0	3596
16407	5	3753	25	52	0	3835
16408	3751	44	8	29	0	3832
16409	47	3753	7	17	0	3824
16410	3785	45	10	17	0	3857
16411	51	21	3721	17	0	3810
16412	3738	16	47	17	0	3818
16413	54	5	23	3774	0	3856
16414	21	9	3788	53	0	3871
16415	18	9	45	3756	0	3828
16416	15	2	3707	55	0	3779
16417	3585	4	53	27	0	3669
16418	52	3668	23	28	0	3771
16419	27	48	15	3569	0	3659
16420	11	3740	6	54	0	3811
16421	3714	51	16	30	0	3811
16422	3740	21	9	15	0	3785
16423	65	3730	10	13	0	3818
16424	29	51	6	3744	0	3830
16425	12	28	8	3730	0	3778
16426	12	12	9	3730	0	3763
16427	3665	7	7	77	0	3756
16428	49	3664	9	35	0	3757
16429	28	49	8	3608	0	3693
16430	7	23	5	3642	0	3677
16431	3572	9	12	82	0	3675
16432	56	6	3522	38	0	3622
16433	29	9	3475	31	0	3544
16434	3375	6	54	28	0	3463
16435	48	8	3380	19	0	3455
16436	25	11	3151	20	0	3207
16437	17	11	65	3111	0	3204
16438	3151	7	26	43	0	3227
16439	51	8	10	3150	0	3219
16440	25	5	3107	46	0	3183
16441	3020	13	45	24	0	3102
16442	43	7	3042	18	0	3110
16443	24	3044	43	10	0	3121
16444	20	39	27	3051	0	3137
16445	3069	16	11	45	0	3141
16446	41	4	13	3099	0	3157
16447	18	5	17	3098	0	3138
16448	3140	5	8	52	0	3205
16449	35	4	13	3159	0	3211
16450	21	5	14	3221	0	3261
16451	7	0	3195	65	0	3267
16452	7	2	38	3190	0	3237
16453	3212	3	20	44	0	3279
16454	3174	6	7	35	0	3222
16455	3208	7	3	17	0	3235
16456	53	5	10	3126	0	3194
16457	20	3124	7	49	0	3200
16458	3128	34	11	19	0	3192
16459	43	3160	6	12	0	3221
16460	3122	35	3	10	0	3170
16461	40	15	8	3115	0	3178
16462	3075	9	4	39	0	3127
16463	3075	6	3	23	0	3107
16464	3081	10	9	8	0	3108
16465	56	3024	7	11	0	3098
16466	14	2851	2	13	0	2880
16467	2666	25	5	8	0	2704
16468	30	2671	5	12	0	2718
16469	7	2413	1	6	0	2427
16470	0	2355	5	0	0	2360
16471	2350	8	24	1	0	2383
16472	5	1	0	2337	0	2343
16473	1	0	0	2349	0	2350
16474	2373	0	0	8	0	2381
16475	8	0	2407	2	0	2417
16476	3	0	6	2681	0	2690
16477	2	0	2	2727	0	2731
16478	1	0	0	3015	0	3016
16479	2	4	0	3191	0	3197
16480	2	3193	1	59	0	3255
16481	1	3718	1	16	0	3736
16482	3786	68	0	6	0	3860
16483	69	25	0	3768	0	3862
16484	24	10	0	3841	0	3875
16485	14	3	3758	99	0	3874
16486	3	1	68	3835	0	3907
16487	3	3	3841	86	0	3933
16488	4	1	83	3921	0	4009
16489	1	0	4081	93	0	4175
16490	0	4056	94	34	0	4184
16491	2	76	27	4110	0	4215
16492	4113	23	14	94	0	4244
16493	4146	11	5	30	0	4192
16494	113	4	3	4052	0	4172
16495	36	4	4046	93	0	4179
16496	18	5	4067	26	0	4116
16497	3931	3	107	21	0	4062
16498	86	3998	35	12	0	4131
16499	4049	88	19	7	0	4163
16500	4060	23	3	17	0	4103
16501	115	14	4009	6	0	4144
16502	37	3	92	3986	0	4118
16503	22	2	29	4051	0	4104
16504	8	8	17	4214	0	4247
16505	10	2	6	4118	0	4136
16506	11	3	6	4039	0	4059
16507	9	6	3884	134	0	4033
16508	7	4	3923	54	0	3988
16509	11	5	112	3897	0	4025
16510	7	6	36	3985	0	4034
16511	11	1	15	4050	0	4077
16512	3908	6	13	133	0	4060
16513	100	4	11	3921	0	4036
16514	3921	4	10	121	0	4056
16515	114	5	11	4018	0	4148
16516	4066	2	8	127	0	4203
16517	4192	4	6	47	0	4249
16518	4118	3	11	34	0	4166
16519	4140	3	9	24	0	4176
16520	4141	5	4	21	0	4171
16521	138	9	11	4030	0	4188
16522	4039	2	9	115	0	4165
16523	113	4014	15	50	0	4192
16524	4054	88	11	33	0	4186
16525	119	30	13	4087	0	4249
16526	44	16	4060	121	0	4241
16527	32	3	101	4104	0	4240
16528	27	4	4105	129	0	4265
16529	21	5	111	4123	0	4260
16530	23	6	29	4230	0	4288
16531	21	4	4119	145	0	4289
16532	25	7	4147	57	0	4236
16533	24	5	116	4124	0	4269
16534	4114	4	44	122	0	4284
16535	114	2	4105	49	0	4270
16536	41	4129	103	42	0	4315
16537	30	91	4226	27	0	4374
16538	4203	28	118	29	0	4378
16539	120	15	37	4235	0	4407
16540	4259	8	30	115	0	4412
16541	4328	4	14	49	0	4395
16542	141	5	15	4261	0	4422
16543	54	3	4171	126	0	4354
16544	40	4	102	4175	0	4321
16545	19	4	34	4226	0	4283
16546	4064	6	31	147	0	4248
16547	114	4128	16	66	0	4324
16548	45	97	19	4151	0	4312
16549	32	24	4091	129	0	4276
16550	3995	20	108	52	0	4175
16551	119	4016	44	39	0	4218
16552	60	97	23	4055	0	4235
16553	32	31	12	4135	0	4210
16554	34	13	16	4176	0	4239
16555	4034	9	19	165	0	4227
16556	4137	5	13	71	0	4226
16557	154	6	16	4075	0	4251
16558	66	6	4039	132	0	4243
16559	32	4027	110	59	0	4228
16560	4033	96	38	48	0	4215
16561	4174	32	23	38	0	4267
16562	150	20	15	4062	0	4247
16563	56	15	12	4199	0	4282
16564	41	7	4109	154	0	4311
16565	20	4123	113	70	0	4326
16566	4222	104	38	43	0	4407
16567	4180	32	24	38	0	4274
16568	138	4136	12	36	0	4322
16569	4089	102	8	37	0	4236
16570	142	30	14	4063	0	4249
16571	43	24	4030	135	0	4232
16572	47	6	113	4067	0	4233
16573	31	11	4019	149	0	4210
16574	3981	11	118	57	0	4167
16575	127	3953	40	42	0	4162
16576	32	126	19	3675	0	3852
16577	34	19	3655	110	0	3818
16578	24	16	3450	41	0	3531
16579	3199	22	85	34	0	3340
16580	77	3135	34	29	0	3275
16581	2696	45	49	17	0	2807
16582	2659	5	23	13	0	2700
16583	2646	10	6	13	0	2675
16584	55	16	16	2595	0	2682
16585	24	7	2583	48	0	2662
16586	15	2561	38	14	0	2628
16587	18	55	15	2556	0	2644
16588	15	9	2546	42	0	2612
16589	11	10	2348	13	0	2382
16590	10	8	33	2311	0	2362
16591	9	6	2297	34	0	2346
16592	2234	3	30	13	0	2280
16593	33	2	9	2282	0	2326
16594	8	8	12	2343	0	2371
16595	2320	4	9	36	0	2369
16596	26	2287	14	7	0	2334
16597	2371	26	5	11	0	2413
16598	37	8	7	2351	0	2403
16599	12	10	10	2372	0	2404
16600	15	6	8	2372	0	2401
16601	12	4	7	2315	0	2338
16602	2290	3	7	34	0	2334
16603	33	1	2256	18	0	2308
16604	7	2224	22	13	0	2266
16605	11	24	8	2233	0	2276
16606	2152	9	9	29	0	2199
16607	2221	7	11	7	0	2246
16608	27	2225	7	15	0	2274
16609	2170	20	5	11	0	2206
16610	29	2185	4	8	0	2226
16611	11	2258	5	11	0	2285
16612	9	22	5	2278	0	2314
16613	9	5	2301	23	0	2338
16614	7	12	19	2245	0	2283
16615	2186	6	9	33	0	2234
16616	24	2122	4	14	0	2164
16617	10	18	3	2143	0	2174
16618	7	4	2256	30	0	2297
16619	2280	6	22	15	0	2323
16620	2342	1	5	11	0	2359
16621	2358	2	6	5	0	2371
16622	27	6	2279	6	0	2318
16623	2209	3	22	7	0	2241
16624	27	2253	5	8	0	2293
16625	10	20	3	2201	0	2234
16626	14	2238	1	15	0	2268
16627	2253	25	2	6	0	2286
16628	2194	7	1	9	0	2211
16629	22	6	2269	3	0	2300
16630	8	2250	17	9	0	2284
16631	11	20	8	2259	0	2298
16632	6	6	6	2265	0	2283
16633	3	4	4	2255	0	2266
16634	5	3	5	2303	0	2316
16635	4	5	4	2354	0	2367
16636	6	1	2256	32	0	2295
16637	10	2214	31	8	0	2263
16638	2224	28	7	4	0	2263
16639	34	8	2264	4	0	2310
16640	12	2294	31	1	0	2338
16641	2307	30	11	3	0	2351
16642	35	9	2382	5	0	2431
16643	2331	7	34	6	0	2378
16644	2336	3	6	6	0	2351
16645	2364	4	4	4	0	2376
16646	41	2356	1	4	0	2402
16647	11	33	2313	4	0	2361
16648	6	2349	37	8	0	2400
16649	14	36	11	2114	0	2175
16650	4	2343	4	31	0	2382
16651	2342	34	6	13	0	2395
16652	2446	9	5	11	0	2471
16653	2435	6	3	11	0	2455
16654	44	4	2455	7	0	2510
16655	18	2573	33	2	0	2626
16656	11	42	6	2796	0	2855
16657	2993	7	6	48	0	3054
16658	58	2958	4	12	0	3032
16659	13	54	6	2958	0	3031
16660	14	15	3026	52	0	3107
16661	3010	7	56	19	0	3092
16662	73	1	3142	11	0	3227
16663	20	4	3232	5	0	3261
16664	3088	3	74	6	0	3171
16665	69	3	3100	3	0	3175
16666	2992	7	69	2	0	3070
16667	75	2992	21	2	0	3090
16668	3078	61	17	11	0	3167
16669	84	15	6	3088	0	3193
16670	27	11	7	3116	0	3161
16671	21	5	4	3181	0	3211
16672	3123	8	8	86	0	3225
16673	3138	3	4	31	0	3176
16674	3143	8	5	15	0	3171
16675	94	3036	5	7	0	3142
16676	33	65	2	3070	0	3170
16677	24	15	3041	65	0	3145
16678	12	10	66	2972	0	3060
16679	12	2952	20	77	0	3061
16680	8	64	14	2986	0	3072
16681	13	18	4	3024	0	3059
16682	2976	12	5	84	0	3077
16683	71	4	3	3011	0	3089
16684	18	12	2966	82	0	3078
16685	17	2	2972	31	0	3022
16686	11	4	83	2983	0	3081
16687	2970	3	30	75	0	3078
16688	66	7	18	2954	0	3045
16689	26	2	10	3036	0	3074
16690	20	0	2996	91	0	3107
16691	8	2989	69	35	0	3101
16692	14	68	19	3017	0	3118
16693	2968	24	16	76	0	3084
16694	70	2966	8	34	0	3078
16695	23	65	4	2997	0	3089
16696	19	23	2965	76	0	3083
16697	8	11	68	2927	0	3014
16698	2886	5	23	87	0	3001
16699	72	2861	16	33	0	2982
16700	30	65	2921	24	0	3040
16701	17	30	70	2916	0	3033
16702	13	14	2987	78	0	3092
16703	2927	8	84	29	0	3048
16704	2990	7	23	28	0	3048
16705	84	10	2978	13	0	3085
16706	36	3	64	2976	0	3079
16707	27	4	3038	76	0	3145
16708	14	2999	78	32	0	3123
16709	8	68	29	3046	0	3151
16710	14	19	3040	75	0	3148
16711	13	18	73	2940	0	3044
16712	12	2980	26	83	0	3101
16713	13	63	21	2984	0	3081
16714	8	18	2965	92	0	3083
16715	2886	14	75	33	0	3008
16716	72	2980	26	22	0	3100
16717	3038	71	16	15	0	3140
16718	84	21	2951	16	0	3072
16719	2901	25	70	13	0	3009
16720	82	7	2929	20	0	3038
16721	2929	10	79	17	0	3035
16722	3035	7	28	17	0	3087
16723	90	9	20	2983	0	3102
16724	40	9	14	3060	0	3123
16725	3022	12	15	89	0	3138
16726	83	3060	16	44	0	3203
16727	3130	69	19	24	0	3242
16728	95	24	16	3100	0	3235
16729	32	3144	15	78	0	3269
16730	38	64	13	3231	0	3346
16731	19	20	15	3312	0	3366
16732	19	15	12	3284	0	3330
16733	14	3212	14	115	0	3355
16734	3197	69	11	42	0	3319
16735	82	19	8	3217	0	3326
16736	30	24	3161	80	0	3295
16737	27	11	3121	38	0	3197
16738	15	14	3165	30	0	3224
16739	3141	7	81	25	0	3254
16740	3197	9	30	25	0	3261
16741	78	12	3138	19	0	3247
16742	37	9	57	2988	0	3091
16743	28	9	25	3063	0	3125
16744	13	9	3165	87	0	3274
16745	16	6	3152	42	0	3216
16746	17	8	74	3177	0	3276
16747	3179	4	32	70	0	3285
16748	3145	5	23	33	0	3206
16749	3148	3	20	35	0	3206
16750	78	3085	15	25	0	3203
16751	37	3168	11	17	0	3233
16752	25	61	9	3115	0	3210
16753	3092	22	15	66	0	3195
16754	55	12	3026	29	0	3122
16755	2808	11	46	28	0	2893
16756	57	2671	20	13	0	2761
16757	14	2509	9	7	0	2539
16758	2482	37	8	6	0	2533
16759	32	2463	7	7	0	2509
16760	14	2372	8	6	0	2400
16761	2361	41	19	24	0	2445
16762	22	2393	5	2	0	2422
16763	8	14	1	2344	0	2367
16764	3	6	3	2338	0	2350
16765	2348	1	2	21	0	2372
16766	2333	1	4	6	0	2344
16767	17	2369	1	4	0	2391
16768	5	2384	0	2	0	2391
16769	5	14	2356	3	0	2378
16770	2375	5	12	1	0	2393
16771	2487	4	3	3	0	2497
16772	2548	0	2	1	0	2551
16773	18	1	0	2605	0	2624
16774	7	0	0	2696	0	2703
16775	2719	0	0	22	0	2741
16776	21	1	0	2745	0	2767
16777	6	0	2783	24	0	2813
16778	5	2	20	2782	0	2809
16779	2	2836	4	22	0	2864
16780	1	20	3	2887	0	2911
16781	4	5	1	2928	0	2938
16782	2	3	0	2935	0	2940
16783	2897	1	1	37	0	2936
16784	26	2887	1	12	0	2926
16785	5	25	1	2936	0	2967
16786	7	6	2921	32	0	2966
16787	1	4	2821	10	0	2836
16788	0	1	40	2868	0	2909
16789	1	1	8	2888	0	2898
16790	2829	0	3	36	0	2868
16791	34	0	2	2769	0	2805
16792	7	2777	2	37	0	2823
16793	5	28	2861	8	0	2902
16794	2	5	31	2872	0	2910
16795	3	1	2947	32	0	2983
16796	2	1	31	2930	0	2964
16797	2939	0	6	36	0	2981
16798	2959	1	1	10	0	2971
16799	39	2942	1	5	0	2987
16800	13	32	0	2950	0	2995
16801	3008	5	1	34	0	3048
16802	3030	2	2	8	0	3042
16803	3058	2	1	1	0	3062
16804	3054	2	1	6	0	3063
16805	3021	0	2	4	0	3027
16806	42	2947	2	5	0	2996
16807	2938	32	3	2	0	2975
16808	38	7	2932	4	0	2981
16809	8	3	31	2932	0	2974
16810	2947	0	8	36	0	2991
16811	2957	0	3	12	0	2972
16812	2946	1	2	6	0	2955
16813	40	1	2916	5	0	2962
16814	12	4	33	2966	0	3015
16815	3013	0	7	35	0	3055
16816	33	3010	4	9	0	3056
16817	3074	33	2	7	0	3116
16818	3027	6	1	5	0	3039
16819	3051	3	0	5	0	3059
16820	39	2	3	3076	0	3120
16821	3105	0	3	40	0	3148
16822	41	3	3081	12	0	3137
16823	8	3	3075	5	0	3091
16824	3071	0	40	9	0	3120
16825	39	6	3109	5	0	3159
16826	2948	2	32	8	0	2990
16827	36	5	2998	4	0	3043
16828	15	5	29	2958	0	3007
16829	2908	2	11	38	0	2959
16830	34	2904	2	11	0	2951
16831	2919	30	1	12	0	2962
16832	34	2851	3	4	0	2892
16833	15	2995	2	4	0	3016
16834	9	35	1	3045	0	3090
16835	6	6	4	3072	0	3088
16836	4	2	4	3069	0	3079
16837	5	4	3033	37	0	3079
16838	2984	2	26	13	0	3025
16839	3150	0	9	11	0	3170
16840	3163	3	2	8	0	3176
16841	3165	3	4	3	0	3175
16842	3153	4	4	6	0	3167
16843	40	1	3015	6	0	3062
16844	12	1	3080	8	0	3101
16845	8	2	36	3126	0	3172
16846	13	2	3148	34	0	3197
16847	3205	5	34	9	0	3253
16848	39	3338	8	6	0	3391
16849	13	37	1	3553	0	3604
16850	3570	7	3	48	0	3628
16851	52	1	3	3618	0	3674
16852	15	3	3632	47	0	3697
16853	13	1	3656	11	0	3681
16854	9	3	55	3755	0	3822
16855	8	2	3767	53	0	3830
16856	3702	1	55	10	0	3768
16857	53	3	14	3771	0	3841
16858	14	2	3794	51	0	3861
16859	9	3791	48	15	0	3863
16860	12	49	7	3899	0	3967
16861	9	10	3933	48	0	4000
16862	5	5	50	3800	0	3860
16863	5	2	13	3876	0	3896
16864	7	4	3904	63	0	3978
16865	10	2	52	3871	0	3935
16866	11	2	13	3826	0	3852
16867	10	3	3	3893	0	3909
16868	3794	1	5	62	0	3862
16869	58	3731	5	17	0	3811
16870	17	3813	4	12	0	3846
16871	10	57	3690	5	0	3762
16872	3569	13	50	1	0	3633
16873	53	7	3588	4	0	3652
16874	15	1	3549	7	0	3572
16875	8	5	50	3480	0	3543
16876	3506	2	13	45	0	3566
16877	45	3490	8	16	0	3559
16878	3455	43	9	6	0	3513
16879	3465	8	3	5	0	3481
16880	48	3485	2	6	0	3541
16881	3480	36	6	1	0	3523
16882	3506	8	4	6	0	3524
16883	43	3553	4	4	0	3604
16884	15	42	3	3561	0	3621
16885	8	10	9	3634	0	3661
16886	3699	4	4	42	0	3749
16887	38	3753	4	17	0	3812
16888	3858	38	5	12	0	3913
16889	3886	8	5	6	0	3905
16890	4080	8	4	11	0	4103
16891	60	2	4	4053	0	4119
16892	19	2	3	4147	0	4171
16893	4092	3	2	59	0	4156
16894	4194	4	6	19	0	4223
16895	4216	5	5	11	0	4237
16896	69	1	4	4323	0	4397
16897	19	2	4359	55	0	4435
16898	12	2	59	4431	0	4504
16899	6	0	15	4764	0	4785
16900	5	4	4668	77	0	4754
16901	5	7	5011	29	0	5052
16902	8	4	93	5057	0	5162
16903	7	2	5109	84	0	5202
16904	5146	3	84	36	0	5269
16905	87	3	33	5193	0	5316
16906	37	3	13	5308	0	5361
16907	5307	4	6	120	0	5437
16908	85	4	12	5306	0	5407
16909	41	3	9	5379	0	5432
16910	22	3	10	5395	0	5430
16911	17	7	8	5396	0	5428
16912	22	2	5246	128	0	5398
16913	14	4	79	5283	0	5380
16914	21	4	5174	104	0	5303
16915	16	5194	85	54	0	5349
16916	9	83	32	5210	0	5334
16917	14	36	5108	108	0	5266
16918	4904	6	93	59	0	5062
16919	98	5049	43	33	0	5223
16920	5084	85	22	26	0	5217
16921	100	33	15	4960	0	5108
16922	40	4951	14	103	0	5108
16923	4970	89	10	58	0	5127
16924	93	5014	13	32	0	5152
16925	5070	93	14	23	0	5200
16926	110	41	9	5047	0	5207
16927	5070	17	17	97	0	5201
16928	105	5097	14	54	0	5270
16929	5141	94	11	36	0	5282
16930	121	40	5032	21	0	5214
16931	56	16	96	5078	0	5246
16932	5032	11	36	113	0	5192
16933	5102	8	17	60	0	5187
16934	138	9	11	5006	0	5164
16935	63	13	4977	110	0	5163
16936	29	4725	90	56	0	4900
16937	26	4991	42	35	0	5094
16938	5004	106	27	31	0	5168
16939	115	43	12	4968	0	5138
16940	63	12	18	5039	0	5132
16941	4951	12	20	142	0	5125
16942	4988	12	18	69	0	5087
16943	138	13	4939	30	0	5120
16944	57	18	90	4923	0	5088
16945	29	18	4836	116	0	4999
16946	34	4799	98	64	0	4995
16947	4644	88	39	56	0	4827
16948	93	4645	23	35	0	4796
16949	64	4591	11	30	0	4696
16950	37	102	24	4527	0	4690
16951	4413	38	24	104	0	4579
16952	84	4425	13	67	0	4589
16953	4409	84	27	30	0	4550
16954	83	4338	18	39	0	4478
16955	48	84	17	4366	0	4515
16956	4320	40	25	98	0	4483
16957	90	24	4356	63	0	4533
16958	62	24	83	4341	0	4510
16959	42	22	4311	97	0	4472
16960	32	4118	79	63	0	4292
16961	33	4271	34	46	0	4384
16962	4164	98	21	51	0	4334
16963	88	4228	10	45	0	4371
16964	4220	81	24	42	0	4367
16965	4276	42	19	49	0	4386
16966	108	23	4180	44	0	4355
16967	4208	20	77	40	0	4345
16968	101	27	4275	23	0	4426
16969	53	4244	80	36	0	4413
16970	4258	84	44	31	0	4417
16971	100	4257	26	28	0	4411
16972	64	92	15	4279	0	4450
16973	4301	46	23	89	0	4459
16974	110	24	16	4277	0	4427
16975	68	29	4297	92	0	4486
16976	38	28	82	4299	0	4447
16977	39	27	38	4341	0	4445
16978	4290	40	15	114	0	4459
16979	109	20	4249	63	0	4441
16980	4292	29	82	35	0	4438
16981	4456	20	34	38	0	4548
16982	128	26	21	4367	0	4542
16983	71	23	17	4385	0	4496
16984	4277	21	17	136	0	4451
16985	110	4282	20	63	0	4475
16986	74	79	24	4214	0	4391
16987	36	42	4119	93	0	4290
16988	47	14	3936	52	0	4049
16989	37	4057	98	35	0	4227
16990	34	79	38	3873	0	4024
16991	30	46	28	3911	0	4015
16992	3841	27	12	101	0	3981
16993	90	31	16	3780	0	3917
16994	3641	16	12	83	0	3752
16995	79	3562	17	44	0	3702
16996	47	3485	9	24	0	3565
16997	27	3544	15	25	0	3611
16998	3412	71	37	30	0	3550
16999	3135	26	23	27	0	3211
17000	71	3069	10	25	0	3175
17001	2670	26	7	10	0	2713
17002	27	2638	3	5	0	2673
17003	8	33	2	2594	0	2637
17004	5	2552	1	23	0	2581
17005	2556	30	5	6	0	2597
17006	2566	7	1	8	0	2582
17007	33	3	0	2486	0	2522
17008	2481	4	1	25	0	2511
17009	32	3	0	2462	0	2497
17010	9	2501	2	27	0	2539
17011	2	31	2	2516	0	2551
17012	4	2513	1	22	0	2540
17013	2502	27	1	7	0	2537
17014	31	6	2454	5	0	2496
17015	2379	4	19	5	0	2407
17016	20	5	4	2425	0	2454
17017	7	1	2420	21	0	2449
17018	2363	6	16	4	0	2389
17019	19	4	2511	5	0	2539
17020	4	6	18	2481	0	2509
17021	6	4	2	2512	0	2524
17022	5	3	1	2481	0	2490
17023	7	1	3	2507	0	2518
17024	6	2534	5	26	0	2571
17025	5	24	3	2680	0	2712
17026	2692	11	2	33	0	2738
17027	34	3	2671	10	0	2718
17028	8	2801	29	5	0	2843
17029	2874	34	7	6	0	2921
17030	3132	12	1	5	0	3150
17031	53	3	1	3451	0	3508
17032	16	2	3458	56	0	3532
17033	3	5	55	3435	0	3498
17034	6	5	18	3693	0	3722
17035	9	1	3636	77	0	3723
17036	5	3837	59	31	0	3932
17037	3916	71	24	7	0	4018
17038	3942	31	3	5	0	3981
17039	4023	6	2	8	0	4039
17040	105	4	4	3936	0	4049
17041	38	4	5	4115	0	4162
17042	4155	2	5	115	0	4277
17043	90	5	7	4037	0	4139
17044	41	4093	4	86	0	4224
17045	4234	83	2	43	0	4362
17046	4334	40	8	14	0	4396
17047	4601	8	3	16	0	4628
17048	4676	9	3	17	0	4705
17049	150	4	4435	15	0	4604
17050	60	10	4474	13	0	4557
17051	30	5	121	4466	0	4622
17052	26	6	42	4528	0	4602
17053	28	6	4444	133	0	4611
17054	28	4	4461	54	0	4547
17055	20	6	122	4436	0	4584
17056	4452	8	46	101	0	4607
17057	107	4	22	4411	0	4544
17058	51	7	4416	107	0	4581
17059	26	4438	97	54	0	4615
17060	4485	86	48	29	0	4648
17061	4542	38	23	27	0	4630
17062	4572	11	18	22	0	4623
17063	4576	5	22	24	0	4627
17064	137	6	4384	21	0	4548
17065	60	6	96	4399	0	4561
17066	4427	8	44	107	0	4586
17067	113	6	27	4441	0	4587
17068	62	8	20	4316	0	4406
17069	37	4310	13	130	0	4490
17070	35	84	14	4393	0	4526
17071	4304	39	14	116	0	4473
17072	106	4316	16	57	0	4495
17073	4309	97	13	32	0	4451
17074	123	4331	9	21	0	4484
17075	74	98	11	4124	0	4307
17076	44	4133	9	95	0	4281
17077	41	4308	7	57	0	4413
17078	4254	118	24	29	0	4425
17079	108	53	4164	45	0	4370
17080	67	28	4111	26	0	4232
17081	37	21	4079	32	0	4169
17082	3926	21	122	46	0	4115
17083	103	3962	58	30	0	4153
17084	63	4108	25	36	0	4232
17085	3944	118	23	27	0	4112
17086	101	3949	25	27	0	4102
17087	76	4033	22	27	0	4158
17088	47	132	26	4015	0	4220
17089	42	63	3993	110	0	4208
17090	46	32	4043	65	0	4186
17091	36	31	124	4066	0	4257
17092	4036	24	67	107	0	4234
17093	111	4050	41	64	0	4266
17094	71	105	31	4108	0	4315
17095	55	63	4077	99	0	4294
17096	59	32	4041	62	0	4194
17097	51	26	119	4029	0	4225
17098	4024	30	64	115	0	4233
17099	4109	24	38	68	0	4239
17100	151	21	4009	46	0	4227
17101	4016	28	103	47	0	4194
17102	131	21	4062	43	0	4257
17103	80	15	117	3973	0	4185
17104	51	4007	79	103	0	4240
17105	4138	94	39	66	0	4337
17106	127	44	36	4172	0	4379
17107	90	32	33	4159	0	4314
17108	55	29	33	4293	0	4410
17109	55	17	40	4281	0	4393
17110	53	19	4103	149	0	4324
17111	51	4054	105	87	0	4297
17112	67	89	66	4137	0	4359
17113	4132	49	36	121	0	4338
17114	126	25	41	4161	0	4353
17115	75	33	35	4205	0	4348
17116	51	25	4071	154	0	4301
17117	46	25	3975	97	0	4143
17118	45	3976	125	65	0	4211
17119	49	4072	52	55	0	4228
17120	41	127	33	4068	0	4269
17121	4025	51	34	122	0	4232
17122	107	44	3994	79	0	4224
17123	76	4022	86	58	0	4242
17124	51	94	58	3902	0	4105
17125	30	3947	31	100	0	4108
17126	37	105	23	3803	0	3968
17127	37	3845	26	97	0	4005
17128	43	84	21	3673	0	3821
17129	3549	61	24	88	0	3722
17130	76	3323	18	57	0	3474
17131	35	105	16	2943	0	3099
17132	2925	36	17	58	0	3036
17133	45	2878	10	40	0	2973
17134	28	2648	7	28	0	2711
17135	25	2657	14	18	0	2714
17136	41	47	31	2437	0	2556
17137	14	26	12	2397	0	2449
17138	9	2396	9	39	0	2453
17139	21	39	8	2390	0	2458
17140	12	23	2391	37	0	2463
17141	12	2381	23	16	0	2432
17142	9	135	8	2167	0	2319
17143	10	2274	11	22	0	2317
17144	11	24	2203	9	0	2247
17145	3	2157	13	15	0	2188
17146	1896	22	15	11	0	1944
17147	2	2	2	1892	0	1898
17148	1884	0	2	5	0	1891
17149	3	1	1898	0	0	1902
17150	3	2	2	1906	0	1913
17151	1	1	1928	3	0	1933
17152	2	4	2	1923	0	1931
17153	2007	0	1	4	0	2012
17154	4	2	0	2015	0	2021
17155	2035	2	1	3	0	2041
17156	3	2061	0	4	0	2068
17157	2066	4	1	2	0	2073
17158	3	1	2085	2	0	2091
17159	0	2117	3	6	0	2126
17160	1	4	1	2158	0	2164
17161	1	1	0	2158	0	2160
17162	2	3	2128	6	0	2139
17163	0	2114	4	1	0	2119
17164	1	3	1	2162	0	2167
17165	0	2143	1	4	0	2148
17166	2	3	0	2161	0	2166
17167	1	2140	1	4	0	2146
17168	2140	4	1	0	0	2145
17169	6	2	0	2159	0	2167
17170	0	0	2167	4	0	2171
17171	1	2160	4	0	0	2165
17172	0	2237	0	1	0	2238
17173	0	2	2228	1	0	2231
17174	0	2225	4	0	0	2229
17175	0	4	0	2237	0	2241
17176	0	0	2269	4	0	2273
17177	1	0	5	2226	0	2232
17178	1	0	1	2263	0	2265
17179	0	0	2273	4	0	2277
17180	2184	0	4	1	0	2189
17181	4	0	1	2322	0	2327
17182	0	0	2457	4	0	2461
17183	1	2463	4	2	0	2470
17184	2519	4	0	4	0	2527
17185	4	2489	1	2	0	2496
17186	0	5	0	2521	0	2526
17187	2508	0	0	4	0	2512
17188	4	1	0	2508	0	2513
17189	1	0	2583	6	0	2590
17190	1	0	4	2563	0	2568
17191	0	0	2582	6	0	2588
17192	2507	0	6	1	0	2514
17193	7	0	2594	1	0	2602
17194	2598	2	5	9	0	2614
17195	2643	0	1	1	0	2645
17196	7	0	2666	0	0	2673
17197	3	0	2555	1	0	2559
17198	1	2671	4	0	0	2676
17199	2772	5	2	1	0	2780
17200	6	2	1	2819	0	2828
17201	2	1	1	2817	0	2821
17202	2992	0	0	22	0	3014
17203	3039	0	1	6	0	3046
17204	3070	0	0	2	0	3072
17205	3051	0	0	2	0	3053
17206	6	0	0	2998	0	3004
17207	3030	0	0	8	0	3038
17208	8	0	0	3040	0	3048
17209	1	0	0	3016	0	3017
17210	1	0	0	3049	0	3050
17211	0	0	3002	7	0	3009
17212	0	2976	5	2	0	2983
17213	2	2989	2	1	0	2994
17214	0	6	1	3045	0	3052
17215	3045	3	0	6	0	3054
17216	5	1	1	3033	0	3040
17217	3021	0	0	8	0	3029
17218	8	0	3128	2	0	3138
17219	3059	1	4	4	0	3068
17220	9	3	2	3185	0	3199
17221	3269	0	1	9	0	3279
17222	3241	0	0	6	0	3247
17223	3239	1	0	4	0	3244
17224	8	0	0	3235	0	3243
17225	2	0	3205	6	0	3213
17226	3	1	5	3204	0	3213
17227	3280	0	4	8	0	3292
17228	5	1	3509	4	0	3519
17229	5	1	7	3692	0	3705
17230	3827	1	2	7	0	3837
17231	13	1	3874	4	0	3892
17232	4017	2	11	6	0	4036
17233	4181	0	4	2	0	4187
17234	23	1	3	4245	0	4272
17235	12	0	1	4266	0	4279
17236	4296	0	0	28	0	4324
17237	18	0	2	4456	0	4476
17238	4451	1	0	26	0	4478
17239	24	4469	1	14	0	4508
17240	11	4517	1	7	0	4536
17241	5	40	1	4528	0	4574
17242	5	16	4621	26	0	4668
17243	3	4613	23	15	0	4654
17244	4597	31	14	9	0	4651
17245	21	4550	4	3	0	4578
17246	14	30	4559	3	0	4606
17247	11	15	27	4536	0	4589
17248	3	7	4676	29	0	4715
17249	3	4700	28	17	0	4748
17250	4	26	13	4726	0	4769
17251	1	4715	6	23	0	4745
17252	2	30	4698	12	0	4742
17253	1	12	26	4616	0	4655
17254	1	10	4692	25	0	4728
17255	2	4	27	4641	0	4674
17256	4644	6	15	32	0	4697
17257	25	4	4579	16	0	4624
17258	4405	2	31	10	0	4448
17259	31	4	4494	4	0	4533
17260	16	1	32	4472	0	4521
17261	7	3	4664	29	0	4703
17262	3	1	32	4634	0	4670
17263	5	2	18	4682	0	4707
17264	5	0	9	4601	0	4615
17265	4	3	4	4693	0	4704
17266	2	0	4863	49	0	4914
17267	4806	3	26	27	0	4862
17268	25	0	16	5237	0	5278
17269	5272	0	5	37	0	5314
17270	5391	1	6	18	0	5416
17271	5466	2	4	14	0	5486
17272	57	0	3	5497	0	5557
17273	23	2	6	5650	0	5681
17274	10	6086	4	56	0	6156
17275	6729	60	5	23	0	6817
17276	7113	24	1	10	0	7148
17277	7169	11	3	10	0	7193
17278	120	4	7152	13	0	7289
17279	52	4	77	7163	0	7296
17280	30	7	7154	83	0	7274
17281	7110	0	92	31	0	7233
17282	7179	2	36	20	0	7237
17283	122	2	24	7054	0	7202
17284	52	6	15	6945	0	7018
17285	29	7136	11	105	0	7281
17286	7206	79	7	44	0	7336
17287	7236	29	4	23	0	7292
17288	114	7126	7	21	0	7268
17289	7164	81	8	25	0	7278
17290	106	34	4	7174	0	7318
17291	50	23	7	7236	0	7316
17292	7241	13	6	110	0	7370
17293	110	10	7178	49	0	7347
17294	7121	10	83	38	0	7252
17295	7247	6	25	29	0	7307
17296	119	7109	16	24	0	7268
17297	7191	77	13	19	0	7300
17298	124	30	7095	9	0	7258
17299	59	21	84	7101	0	7265
17300	7136	11	34	89	0	7270
17301	114	12	16	7091	0	7233
17302	54	14	6842	103	0	7013
17303	31	4	94	6709	0	6838
17304	23	7112	39	113	0	7287
17305	25	82	23	7280	0	7410
17306	32	34	13	7397	0	7476
17307	24	19	12	7294	0	7349
17308	13	16	12	7394	0	7435
17309	14	13	7248	144	0	7419
17310	17	18	79	7296	0	7410
17311	7276	7	30	128	0	7441
17312	95	7210	19	70	0	7394
17313	44	86	16	7388	0	7534
17314	34	33	7413	119	0	7599
17315	25	19	94	7473	0	7611
17316	7529	12	36	132	0	7709
17317	7584	17	22	62	0	7685
17318	7473	18	23	41	0	7555
17319	160	9	18	7416	0	7603
17320	80	4	7355	119	0	7558
17321	59	7269	94	61	0	7483
17322	7383	80	45	46	0	7554
17323	135	35	28	7321	0	7519
17324	73	21	23	7385	0	7502
17325	63	14	7301	138	0	7516
17326	46	7116	96	80	0	7338
17327	38	7336	40	60	0	7474
17328	49	153	24	7071	0	7297
17329	45	58	6878	127	0	7108
17330	6608	27	93	65	0	6793
17331	128	29	6519	46	0	6722
17332	6402	34	87	47	0	6570
17333	122	6623	36	56	0	6837
17334	62	80	6582	40	0	6764
17335	6468	28	93	45	0	6634
17336	128	6502	52	23	0	6705
17337	6597	89	28	29	0	6743
17338	118	32	6565	30	0	6745
17339	60	6542	87	33	0	6722
17340	6656	87	44	32	0	6819
17341	126	41	6512	22	0	6701
17342	6461	27	83	33	0	6604
17343	117	19	32	6461	0	6629
17344	6526	23	31	102	0	6682
17345	106	22	34	6525	0	6687
17346	6516	18	22	109	0	6665
17347	114	17	6469	65	0	6665
17348	59	16	77	6556	0	6708
17349	34	11	39	6539	0	6623
17350	40	14	6495	132	0	6681
17351	30	14	91	6579	0	6714
17352	41	5728	71	132	0	5972
17353	28	76	32	7067	0	7203
17354	28	28	29	7514	0	7599
17355	34	23	20	8135	0	8212
17356	28	25	8083	184	0	8320
17357	8065	19	137	97	0	8318
17358	155	16	53	8662	0	8886
17359	69	11	8825	188	0	9093
17360	8799	13	145	88	0	9045
17361	9011	13	69	62	0	9155
17362	9263	14	40	51	0	9368
17363	228	18	35	9226	0	9507
17364	92	20	24	10107	0	10243
17365	78	17	26	9926	0	10047
17366	61	9865	27	269	0	10222
17367	9807	183	27	123	0	10140
17368	9739	65	27	103	0	9934
17369	263	51	33	9624	0	9971
17370	129	36	9408	234	0	9807
17371	118	29	9413	102	0	9662
17372	70	9068	239	82	0	9459
17373	66	9367	106	68	0	9607
17374	8544	253	135	84	0	9016
17375	161	8330	35	33	0	8559
17376	8133	155	26	35	0	8349
17377	8148	61	21	25	0	8255
17378	8149	41	17	23	0	8230
17379	227	20	12	8156	0	8415
17380	98	22	15	8599	0	8734
17381	8749	17	11	216	0	8993
17382	213	15	19	8904	0	9151
17383	99	14	8819	217	0	9149
17384	8929	20	161	102	0	9212
17385	206	23	55	8921	0	9205
17386	88	22	46	9045	0	9201
17387	69	32	15	9162	0	9278
17388	65	23	8870	260	0	9218
17389	8547	17	169	121	0	8854
17390	207	14	8816	87	0	9124
17391	88	18	209	8793	0	9108
17392	78	15	8850	206	0	9149
17393	54	32	209	8742	0	9037
17394	50	20	79	8923	0	9072
17395	51	17	8953	265	0	9286
17396	61	29	187	8523	0	8800
17397	65	8939	73	216	0	9293
17398	9001	173	53	110	0	9337
17399	9149	60	33	88	0	9330
17400	258	31	39	9059	0	9387
17401	113	18	9025	235	0	9391
17402	86	8712	187	117	0	9102
17403	55	9112	88	93	0	9348
17404	8731	218	66	64	0	9079
17405	218	95	8588	68	0	8969
17406	8591	45	201	75	0	8912
17407	233	27	84	8583	0	8927
17408	103	23	61	8770	0	8957
17409	8461	25	48	274	0	8808
17410	229	8477	47	145	0	8898
17411	104	171	8555	99	0	8929
17412	70	64	199	8504	0	8837
17413	59	45	8567	227	0	8898
17414	68	8457	219	128	0	8872
17415	48	175	99	8576	0	8898
17416	8485	69	77	242	0	8873
17417	8642	57	54	129	0	8882
17418	265	57	8435	100	0	8857
17419	147	8415	202	74	0	8838
17420	8440	184	87	71	0	8782
17421	234	8446	60	75	0	8815
17422	120	220	56	8378	0	8774
17423	8393	88	48	241	0	8770
17424	231	70	49	8463	0	8813
17425	128	47	8290	251	0	8716
17426	80	49	208	8422	0	8759
17427	89	45	8342	259	0	8735
17428	85	38	224	8344	0	8691
17429	8324	37	98	268	0	8727
17430	224	8373	77	142	0	8816
17431	8417	199	67	108	0	8791
17432	250	94	65	8371	0	8780
17433	108	75	48	8495	0	8726
17434	91	71	7767	293	0	8222
17435	91	62	8298	141	0	8592
17436	88	8309	246	117	0	8760
17437	94	201	8268	89	0	8652
17438	7971	75	241	100	0	8387
17439	239	8089	111	90	0	8529
17440	110	8309	81	85	0	8585
17441	92	8414	72	63	0	8641
17442	78	293	50	8252	0	8673
17443	65	118	8311	255	0	8749
17444	82	8341	217	136	0	8776
17445	76	221	98	7928	0	8323
17446	70	8375	79	228	0	8752
17447	8283	224	68	128	0	8703
17448	8418	97	70	109	0	8694
17449	273	75	74	8284	0	8706
17450	144	66	45	8342	0	8597
17451	7931	68	71	282	0	8352
17452	238	7771	39	157	0	8205
17453	104	7804	50	125	0	8083
17454	97	281	42	7198	0	7618
17455	50	85	6678	198	0	7011
17456	46	6514	166	90	0	6816
17457	6116	159	99	85	0	6459
17458	139	5893	64	56	0	6152
17459	70	5882	37	36	0	6025
17460	5588	177	65	35	0	5865
17461	131	5711	21	42	0	5905
17462	65	146	5439	45	0	5695
17463	51	5401	120	40	0	5612
17464	4562	96	63	28	0	4749
17465	70	4514	20	19	0	4623
17466	4484	83	29	15	0	4611
17467	93	39	12	4440	0	4584
17468	28	27	16	4551	0	4622
17469	25	21	4506	89	0	4641
17470	19	4529	66	39	0	4653
17471	15	84	20	4592	0	4711
17472	4561	30	14	82	0	4687
17473	4540	18	14	32	0	4604
17474	89	4577	13	22	0	4701
17475	25	78	15	4569	0	4687
17476	4569	33	10	76	0	4688
17477	4578	25	12	27	0	4642
17478	101	15	4402	18	0	4536
17479	37	20	4126	14	0	4197
17480	21	16	4002	19	0	4058
17481	10	3845	49	18	0	3922
17482	3625	49	47	5	0	3726
17483	44	3577	5	10	0	3636
17484	3527	48	18	12	0	3605
17485	41	3664	7	7	0	3719
17486	14	43	8	3780	0	3845
17487	3816	15	4	40	0	3875
17488	45	7	3809	11	0	3872
17489	3763	10	38	4	0	3815
17490	3883	8	9	4	0	3904
17491	44	3863	4	6	0	3917
17492	12	3948	6	9	0	3975
17493	4078	45	10	3	0	4136
17494	44	17	4206	5	0	4272
17495	3959	17	43	3	0	4022
17496	4038	12	10	4	0	4064
17497	46	3	4	3999	0	4052
17498	4061	11	2	36	0	4110
17499	44	6	2	4133	0	4185
17500	12	10	3	4229	0	4254
17501	12	6	2	4145	0	4165
17502	11	4124	3	41	0	4179
17503	4179	31	3	17	0	4230
17504	4229	12	4	4	0	4249
17505	39	7	6	4218	0	4270
17506	19	3	6	4178	0	4206
17507	12	4151	6	40	0	4209
17508	4186	40	4	9	0	4239
17509	39	16	4126	6	0	4187
17510	14	14	32	4176	0	4236
17511	10	6	4139	37	0	4192
17512	12	7	33	4142	0	4194
17513	11	8	4159	39	0	4217
17514	10	5	34	4068	0	4117
17515	4104	9	9	38	0	4160
17516	41	6	4104	14	0	4165
17517	4013	8	35	12	0	4068
17518	44	4207	8	12	0	4271
17519	12	37	10	4296	0	4355
17520	13	10	2	4342	0	4367
17521	4420	7	5	46	0	4478
17522	35	9	3	4569	0	4616
17523	17	3	4620	40	0	4680
17524	4544	6	34	17	0	4601
17525	4781	2	7	16	0	4806
17526	4759	5	10	9	0	4783
17527	4724	2	5	17	0	4748
17528	43	4642	6	15	0	4706
17529	12	30	5	4700	0	4747
17530	4678	6	3	35	0	4722
17531	32	6	5	4637	0	4680
17532	4589	1	1	34	0	4625
17533	35	3	4470	9	0	4517
17534	16	5	4423	6	0	4450
17535	11	62	23	4292	0	4388
17536	7	4339	10	28	0	4384
17537	6	4495	6	18	0	4525
17538	4444	27	10	10	0	4491
17539	26	5	4421	9	0	4461
17540	4113	1	22	8	0	4144
17541	21	4342	7	5	0	4375
17542	4380	16	1	5	0	4402
17543	23	6	3	4314	0	4346
17544	8	2	4369	21	0	4400
17545	12	4	15	4331	0	4362
17546	4	5	6	4322	0	4337
17547	7	4277	2	24	0	4310
17548	8	4405	3	11	0	4427
17549	7	16	4	4433	0	4460
17550	6	4490	4	23	0	4523
17551	6	22	4434	7	0	4469
17552	13	6	4285	7	0	4311
17553	4203	4	22	7	0	4236
17554	4415	7	7	8	0	4437
17555	25	4334	2	9	0	4370
17556	9	22	3	4370	0	4404
17557	12	4	5	4383	0	4404
17558	7	7	4383	31	0	4428
17559	10	2	24	4212	0	4248
17560	4	4347	6	24	0	4381
17561	5	19	4218	6	0	4248
17562	5	7	4158	9	0	4179
17563	4	4065	23	7	0	4099
17564	8	23	4274	8	0	4313
17565	10	9	22	4205	0	4246
17566	10	4	18	3853	0	3885
17567	7	4	4351	22	0	4384
17568	7	9	19	4257	0	4292
17569	6	4169	7	25	0	4207
17570	4	4374	4	13	0	4395
17571	6	28	8	4314	0	4356
17572	2	7	4398	30	0	4437
17573	2	4461	24	19	0	4506
17574	8	38	18	4430	0	4494
17575	5	8	4395	22	0	4430
17576	4235	4	19	12	0	4270
17577	4440	1	6	3	0	4450
17578	4416	3	5	3	0	4427
17579	30	0	3	4334	0	4367
17580	9	3	1	4364	0	4377
17581	4	1	4501	29	0	4535
17582	4	3	20	4497	0	4524
17583	3	3	7	4557	0	4570
17584	4	1	4572	28	0	4605
17585	4066	2	24	19	0	4111
17586	22	4250	5	6	0	4283
17587	4289	18	7	6	0	4320
17588	23	4244	3	2	0	4272
17589	9	23	1	4274	0	4307
17590	5	8	4309	19	0	4341
17591	2	13	20	4172	0	4207
17592	6	1	4187	21	0	4215
17593	3741	3	27	20	0	3791
17594	21	4	3965	7	0	3997
17595	8	3	25	3886	0	3922
17596	3	2	3982	24	0	4011
17597	1	4078	28	18	0	4125
17598	2	26	14	4242	0	4284
17599	4	9	8	4267	0	4288
17600	5	5	4	4423	0	4437
17601	4	4	4416	48	0	4472
17602	5	0	4534	22	0	4561
17603	3	6	48	4568	0	4625
17604	4	3	18	5330	0	5355
17605	2	0	7	5756	0	5765
17606	5921	0	6	107	0	6034
17607	74	1	6	6199	0	6280
17608	46	5	6532	99	0	6682
17609	6854	3	103	48	0	7008
17610	117	2	37	7148	0	7304
17611	7452	4	22	129	0	7607
17612	7652	1	10	65	0	7728
17613	182	1	11	7607	0	7801
17614	7657	2	8	145	0	7812
17615	7748	1	8	74	0	7831
17616	207	5	7553	34	0	7799
17617	94	7652	123	28	0	7897
17618	47	119	59	7494	0	7719
17619	36	52	22	7734	0	7844
17620	7670	19	14	190	0	7893
17621	7632	12	14	88	0	7746
17622	7605	13	15	44	0	7677
17623	209	7	7216	43	0	7475
17624	99	7240	133	34	0	7506
17625	7285	124	58	31	0	7498
17626	161	7336	32	19	0	7548
17627	7412	145	16	23	0	7596
17628	170	65	21	7367	0	7623
17629	7386	34	10	146	0	7576
17630	7460	21	19	74	0	7574
17631	7502	22	15	42	0	7581
17632	227	15	7374	33	0	7649
17633	7492	12	125	32	0	7661
17634	189	7419	55	36	0	7699
17635	7621	132	27	30	0	7810
17636	7734	65	16	21	0	7836
17637	7884	23	14	30	0	7951
17638	243	19	20	7569	0	7851
17639	124	7644	15	143	0	7926
17640	7703	139	19	72	0	7933
17641	188	69	7637	43	0	7937
17642	118	7699	132	27	0	7976
17643	87	138	56	7307	0	7588
17644	65	7685	25	125	0	7900
17645	7689	159	19	61	0	7928
17646	7931	75	22	37	0	8065
17647	245	39	19	7785	0	8088
17648	119	33	7678	158	0	7988
17649	78	7712	130	80	0	8000
17650	87	148	67	7236	0	7538
17651	66	76	36	7973	0	8151
17652	64	36	24	8200	0	8324
17653	8064	28	22	239	0	8353
17654	8181	33	20	116	0	8350
17655	8227	24	22	63	0	8336
17656	8301	28	20	51	0	8400
17657	268	20	18	8116	0	8422
17658	151	25	8143	180	0	8499
17659	97	23	155	8247	0	8522
17660	88	20	78	8300	0	8486
17661	86	23	22	8365	0	8496
17662	82	20	21	8403	0	8526
17663	8177	20	30	270	0	8497
17664	205	22	36	8248	0	8511
17665	8210	12	27	223	0	8472
17666	8317	24	25	141	0	8507
17667	277	24	7993	91	0	8385
17668	165	19	7934	80	0	8198
17669	116	13	8165	83	0	8377
17670	117	18	210	8025	0	8370
17671	110	21	8129	197	0	8457
17672	103	13	180	7992	0	8288
17673	82	24	109	8031	0	8246
17674	7984	29	68	251	0	8332
17675	193	29	34	7926	0	8182
17676	130	8003	42	209	0	8384
17677	8210	144	35	125	0	8514
17678	226	8264	31	87	0	8608
17679	134	153	8241	85	0	8613
17680	84	8347	159	76	0	8666
17681	8221	186	96	57	0	8560
17682	211	98	42	8181	0	8532
17683	139	60	8107	176	0	8482
17684	8104	41	166	112	0	8423
17685	217	41	93	8137	0	8488
17686	135	30	8163	194	0	8522
17687	112	30	163	8219	0	8524
17688	93	27	91	8328	0	8539
17689	85	24	59	8299	0	8467
17690	80	8170	43	253	0	8546
17691	8274	154	38	125	0	8591
17692	213	88	30	8176	0	8507
17693	132	8221	36	187	0	8576
17694	90	166	23	8329	0	8608
17695	69	102	8200	205	0	8576
17696	81	8254	143	128	0	8606
17697	8116	166	88	90	0	8460
17698	8165	101	47	66	0	8379
17699	228	43	31	8000	0	8302
17700	114	54	31	8038	0	8237
17701	7957	35	32	235	0	8259
17702	7754	30	33	109	0	7926
17703	232	7769	24	86	0	8111
17704	7065	118	31	63	0	7277
17705	173	52	6622	46	0	6893
17706	98	24	6453	42	0	6617
17707	42	6265	119	47	0	6473
17708	36	6057	54	41	0	6188
17709	5481	82	132	26	0	5721
17710	70	5496	23	26	0	5615
17711	5294	55	31	12	0	5392
17712	5188	21	11	17	0	5237
17713	5155	12	13	19	0	5199
17714	75	6	14	5088	0	5183
17715	5105	14	9	65	0	5193
17716	76	7	5008	25	0	5116
17717	29	15	4987	18	0	5049
17718	30	4984	61	19	0	5094
17719	23	51	5105	18	0	5197
17720	24	14	57	4935	0	5030
17721	15	12	5072	61	0	5160
17722	20	13	4998	24	0	5055
17723	16	6	73	5024	0	5119
17724	5038	14	30	63	0	5145
17725	5064	11	17	29	0	5121
17726	71	11	5144	22	0	5248
17727	5031	12	53	17	0	5113
17728	65	4	5196	17	0	5282
17729	5142	6	61	14	0	5223
17730	5344	4	26	18	0	5392
17731	73	7	16	5295	0	5391
17732	32	8	17	5136	0	5193
17733	20	5010	18	66	0	5114
17734	17	5171	12	25	0	5225
17735	14	63	19	5080	0	5176
17736	18	26	11	5115	0	5170
17737	4936	10	14	66	0	5026
17738	60	4894	4	35	0	4993
17739	4898	50	7	21	0	4976
17740	56	4901	9	15	0	4981
17741	28	65	4855	12	0	4960
17742	25	26	55	4857	0	4963
17743	4901	13	21	60	0	4995
17744	5141	6	11	26	0	5184
17745	81	5189	6	26	0	5302
17746	32	5341	11	16	0	5400
17747	12	5454	6	15	0	5487
17748	26	109	8	5765	0	5908
17749	17	29	5883	98	0	6027
17750	14	5870	89	37	0	6010
17751	23	103	21	5868	0	6015
17752	8	22	14	6016	0	6060
17753	7	9	5890	109	0	6015
17754	6	5	5868	34	0	5913
17755	5772	4	109	12	0	5897
17756	94	1	5984	12	0	6091
17757	5910	3	94	8	0	6015
17758	5859	5	32	2	0	5898
17759	5881	7	7	3	0	5898
17760	5854	4	6	7	0	5871
17761	128	4	5651	8	0	5791
17762	36	5698	86	3	0	5823
17763	16	91	25	5686	0	5818
17764	15	32	5703	86	0	5836
17765	3	13	89	5617	0	5722
17766	12	5293	33	97	0	5435
17767	10	85	11	5802	0	5908
17768	11	27	9	5844	0	5891
17769	10	9	8	5749	0	5776
17770	5715	10	3	123	0	5851
17771	96	10	7	5702	0	5815
17772	33	5	5	5742	0	5785
17773	19	4	9	5712	0	5744
17774	13	5514	14	124	0	5665
17775	5500	95	9	33	0	5637
17776	98	5266	8	24	0	5396
17777	31	5355	13	12	0	5411
17778	13	103	14	5376	0	5506
17779	16	30	10	5435	0	5491
17780	5353	11	7	127	0	5498
17781	102	9	12	5397	0	5520
17782	5452	4	10	113	0	5579
17783	6315	6	13	37	0	6371
17784	166	10	13	6316	0	6505
17785	58	6	11	6360	0	6435
17786	32	6433	10	178	0	6653
17787	6635	152	11	53	0	6851
17788	159	6914	8	32	0	7113
17789	6923	180	14	16	0	7133
17790	191	47	6839	22	0	7099
17791	6845	24	163	20	0	7052
17792	7177	21	47	23	0	7268
17793	217	12	24	6945	0	7198
17794	69	18	6974	185	0	7246
17795	42	7020	167	76	0	7305
17796	25	190	46	7182	0	7443
17797	32	48	7150	209	0	7439
17798	23	39	185	7114	0	7361
17799	7023	15	36	220	0	7294
17800	192	7	7025	69	0	7293
17801	59	6847	179	51	0	7136
17802	50	7117	49	26	0	7242
17803	36	201	36	6460	0	6733
17804	24	6986	21	150	0	7181
17805	6949	193	16	59	0	7217
17806	7040	54	17	41	0	7152
17807	7024	35	12	34	0	7105
17808	237	30	6726	25	0	7018
17809	6860	20	173	36	0	7089
17810	210	25	49	6768	0	7052
17811	67	22	31	6912	0	7032
17812	54	19	19	6942	0	7034
17813	35	19	15	6942	0	7011
17814	35	19	6679	250	0	6983
17815	34	22	6735	93	0	6884
17816	28	25	6685	54	0	6792
17817	6423	19	219	42	0	6703
17818	190	6495	70	46	0	6801
17819	77	174	37	6481	0	6769
17820	6450	52	23	201	0	6726
17821	181	6466	23	83	0	6753
17822	71	6714	28	45	0	6858
17823	6568	206	22	45	0	6841
17824	6694	72	24	29	0	6819
17825	226	6660	21	37	0	6944
17826	86	185	17	6306	0	6594
17827	70	6542	16	179	0	6807
17828	6482	201	25	71	0	6779
17829	6512	64	21	50	0	6647
17830	6504	41	16	45	0	6606
17831	256	6321	16	35	0	6628
17832	89	188	13	6382	0	6672
17833	58	60	6323	201	0	6642
17834	46	45	176	6327	0	6594
17835	47	34	45	6508	0	6634
17836	44	28	6249	221	0	6542
17837	6216	26	166	79	0	6487
17838	192	25	51	6321	0	6589
17839	74	23	41	6295	0	6433
17840	59	6199	21	227	0	6506
17841	6195	179	21	91	0	6486
17842	191	58	26	6061	0	6336
17843	76	6079	20	185	0	6360
17844	5826	166	26	63	0	6081
17845	171	5770	14	61	0	6016
17846	5458	165	25	45	0	5693
17847	182	42	5421	35	0	5680
17848	51	35	4892	30	0	5008
17849	42	20	4809	28	0	4899
17850	24	4795	169	26	0	5014
17851	46	148	84	4328	0	4606
17852	32	4587	23	112	0	4754
17853	4649	148	13	30	0	4840
17854	139	37	4617	30	0	4823
17855	4568	30	134	17	0	4749
17856	4697	18	37	9	0	4761
17857	153	21	31	4577	0	4782
17858	4629	22	10	138	0	4799
17859	153	18	15	4632	0	4818
17860	41	19	4595	143	0	4798
17861	4563	14	125	39	0	4741
17862	135	4579	36	36	0	4786
17863	37	125	39	4606	0	4807
17864	4648	29	12	128	0	4817
17865	139	35	12	4620	0	4806
17866	38	22	4542	156	0	4758
17867	41	14	123	4496	0	4674
17868	22	4549	35	141	0	4747
17869	4561	126	31	36	0	4754
17870	136	35	14	4529	0	4714
17871	4573	27	12	133	0	4745
17872	155	18	16	4566	0	4755
17873	40	9	14	4565	0	4628
17874	36	4511	17	133	0	4697
17875	4517	133	6	56	0	4712
17876	133	4632	7	38	0	4810
17877	42	136	9	4364	0	4551
17878	42	4411	10	117	0	4580
17879	4409	130	9	46	0	4594
17880	4381	29	19	38	0	4467
17881	4362	31	13	28	0	4434
17882	157	4144	9	28	0	4338
17883	20	3383	8	9	0	3420
17884	3285	60	8	11	0	3364
17885	68	3331	3	9	0	3411
17886	26	108	17	3086	0	3237
17887	26	6	2995	63	0	3090
17888	2731	13	41	8	0	2793
17889	2791	2	4	11	0	2808
17890	2759	2	7	8	0	2776
17891	46	2746	1	2	0	2795
17892	2653	38	2	6	0	2699
17893	41	7	2729	6	0	2783
17894	5	2663	30	4	0	2702
17895	15	53	11	2453	0	2532
17896	1	2476	6	15	0	2498
17897	2373	17	0	4	0	2394
17898	17	2401	0	4	0	2422
17899	3	14	2	2402	0	2421
17900	5	2415	0	12	0	2432
17901	1	14	0	2474	0	2489
17902	2	2	4	2413	0	2421
17903	2	5	2432	15	0	2454
17904	1	0	15	2357	0	2373
17905	2358	2	2	18	0	2380
17906	2358	2	2	3	0	2365
17907	17	5	0	2360	0	2382
17908	5	3	2361	16	0	2385
17909	5	2	15	2326	0	2348
17910	2336	1	3	20	0	2360
17911	2411	1	5	7	0	2424
17912	2444	1	3	5	0	2453
17913	20	2518	1	3	0	2542
17914	2556	15	1	2	0	2574
17915	18	5	2557	2	0	2582
17916	2709	2	14	9	0	2734
17917	18	1	5	2823	0	2847
17918	5	2	2	2836	0	2845
17919	5	4	1	2855	0	2865
17920	2804	1	0	29	0	2834
17921	2736	3	0	4	0	2743
17922	24	2	0	2733	0	2759
17923	6	2	2830	20	0	2858
17924	7	2	19	2811	0	2839
17925	4	2	3	2765	0	2774
17926	3	1	2745	26	0	2775
17927	4	2747	16	6	0	2773
17928	3	20	4	2804	0	2831
17929	2847	3	5	22	0	2877
17930	22	4	0	2869	0	2895
17931	4	2	1	2893	0	2900
17932	2906	2	3	28	0	2939
17933	22	2863	2	10	0	2897
17934	5	2925	2	7	0	2939
17935	2912	22	2	4	0	2940
17936	24	7	2928	1	0	2960
17937	2866	4	21	7	0	2898
17938	24	2	3057	3	0	3086
17939	2	3119	24	3	0	3148
17940	3145	19	3	6	0	3173
17941	3168	3	2	3	0	3176
17942	3189	3	0	5	0	3197
17943	3198	5	0	4	0	3207
17944	32	0	3194	1	0	3227
17945	6	2	24	3166	0	3198
17946	3214	0	4	27	0	3245
17947	24	3	3303	5	0	3335
17948	9	1	3274	8	0	3292
17949	4	3284	20	3	0	3311
17950	3292	18	8	2	0	3320
17951	18	1	4	3289	0	3312
17952	3318	2	4	19	0	3343
17953	30	3405	0	4	0	3439
17954	2	15	0	3682	0	3699
17955	2	1	2	3717	0	3722
17956	3	4	1	3817	0	3825
17957	4	2	3876	34	0	3916
17958	2	3947	22	12	0	3983
17959	4261	25	6	8	0	4300
17960	32	5	6	4272	0	4315
17961	4278	6	3	33	0	4320
17962	4247	2	3	11	0	4263
17963	43	3	1	4258	0	4305
17964	19	2	4331	33	0	4385
17965	11	0	31	4316	0	4358
17966	4	4298	12	39	0	4353
17967	4	30	8	4395	0	4437
17968	2	11	4366	36	0	4415
17969	4346	9	29	15	0	4399
17970	30	3	12	4433	0	4478
17971	4392	0	5	37	0	4434
17972	40	2	4370	11	0	4423
17973	4263	0	32	8	0	4303
17974	40	1	4377	4	0	4422
17975	4279	2	32	2	0	4315
17976	38	4242	14	2	0	4296
17977	14	4356	7	6	0	4383
17978	7	42	3	4374	0	4426
17979	7	24	6	4104	0	4141
17980	2	7	1	4376	0	4386
17981	4386	3	0	48	0	4437
17982	32	2	1	4443	0	4478
17983	14	2	4433	40	0	4489
17984	4322	0	31	18	0	4371
17985	30	4466	12	9	0	4517
17986	4515	29	8	4	0	4556
17987	4445	14	5	3	0	4467
17988	49	6	4444	3	0	4502
17989	21	4	36	4470	0	4531
17990	10	0	12	4670	0	4692
17991	3	2	4742	48	0	4795
17992	3	4711	37	22	0	4773
17993	4660	38	17	10	0	4725
17994	4705	13	5	6	0	4729
17995	51	8	5	4797	0	4861
17996	26	3	0	4800	0	4829
17997	8	2	3	5005	0	5018
17998	4902	1	1	61	0	4965
17999	39	5011	3	27	0	5080
18000	5049	41	2	12	0	5104
18001	5051	13	2	7	0	5073
18002	60	7	5259	2	0	5328
18003	24	11	47	5177	0	5259
18004	12	5365	16	49	0	5442
18005	6	48	8	5481	0	5543
18006	4	17	4	5642	0	5667
18007	8	7	5760	70	0	5845
18008	5948	7	64	27	0	6046
18009	6495	0	17	17	0	6529
18010	6747	4	10	7	0	6768
18011	122	1	5	6639	0	6767
18012	48	3	4	6582	0	6637
18013	22	6489	6	112	0	6629
18014	9	6758	7	46	0	6820
18015	6645	117	1	31	0	6794
18016	103	6561	5	11	0	6680
18017	35	106	6517	13	0	6671
18018	25	32	95	6591	0	6743
18019	6617	27	27	103	0	6774
18020	106	7	6614	40	0	6767
18021	48	9	6595	23	0	6675
18022	6632	6	125	16	0	6779
18023	6656	7	52	11	0	6726
18024	137	9	23	6560	0	6729
18025	56	15	6549	111	0	6731
18026	31	9	108	6556	0	6704
18027	21	12	6359	133	0	6525
18028	21	14	6569	47	0	6651
18029	23	6604	118	37	0	6782
18030	6649	102	52	26	0	6829
18031	6708	34	28	15	0	6785
18032	135	6637	21	28	0	6821
18033	55	111	17	6621	0	6804
18034	42	38	24	6682	0	6786
18035	23	32	15	6736	0	6806
18036	6629	11	19	142	0	6801
18037	116	6559	14	68	0	6757
18038	6489	104	18	36	0	6647
18039	6485	32	16	27	0	6560
18040	140	29	6320	24	0	6513
18041	57	6313	106	27	0	6503
18042	41	98	40	6378	0	6557
18043	30	39	6395	102	0	6566
18044	6296	34	110	35	0	6475
18045	6440	13	33	38	0	6524
18046	6450	11	31	19	0	6511
18047	6329	12	13	26	0	6380
18048	158	12	15	6151	0	6336
18049	62	8	6102	114	0	6286
18050	43	14	100	6111	0	6268
18051	6108	9	40	125	0	6282
18052	6084	15	28	44	0	6171
18053	147	5915	9	30	0	6101
18054	5759	90	14	21	0	5884
18055	117	33	5688	22	0	5860
18056	56	17	5669	24	0	5766
18057	5480	15	128	26	0	5649
18058	116	5473	49	20	0	5658
18059	48	89	31	5074	0	5242
18060	44	5182	10	82	0	5318
18061	33	91	17	5259	0	5400
18062	32	27	15	5284	0	5358
18063	30	19	12	5422	0	5483
18064	5224	11	15	124	0	5374
18065	5362	14	12	52	0	5440
18066	5307	17	16	33	0	5373
18067	131	14	5196	20	0	5361
18068	5204	16	88	23	0	5331
18069	113	13	36	5363	0	5525
18070	43	11	27	5572	0	5653
18071	37	13	5537	120	0	5707
18072	27	13	98	5904	0	6042
18073	6082	14	29	124	0	6249
18074	124	13	6079	47	0	6263
18075	55	14	109	6091	0	6269
18076	6112	10	43	123	0	6288
18077	6110	13	33	50	0	6206
18078	153	6	6073	43	0	6275
18079	62	9	6163	29	0	6263
18080	51	8	142	6195	0	6396
18081	6283	11	46	130	0	6470
18082	6377	12	32	48	0	6469
18083	163	9	22	6114	0	6308
18084	60	6266	26	120	0	6472
18085	6269	109	27	48	0	6453
18086	129	6327	24	45	0	6525
18087	58	115	17	6364	0	6554
18088	47	26	6293	132	0	6498
18089	42	30	6124	54	0	6250
18090	45	14	6198	35	0	6292
18091	40	16	149	5991	0	6196
18092	36	13	49	6130	0	6228
18093	6012	12	33	144	0	6201
18094	126	5959	24	64	0	6173
18095	5960	107	30	40	0	6137
18096	145	32	23	5760	0	5960
18097	53	5741	26	114	0	5934
18098	47	5939	16	41	0	6043
18099	48	133	9	5822	0	6012
18100	5808	42	21	114	0	5985
18101	123	5826	14	53	0	6016
18102	5521	106	26	26	0	5679
18103	106	5626	21	34	0	5787
18104	5497	111	29	25	0	5662
18105	123	32	5405	26	0	5586
18106	58	30	5295	20	0	5403
18107	42	5182	94	16	0	5334
18108	4717	142	103	20	0	4982
18109	72	4446	15	9	0	4542
18110	21	4143	12	12	0	4188
18111	43	76	9	4193	0	4321
18112	4206	18	9	52	0	4285
18113	54	4256	7	17	0	4334
18114	4138	50	3	3	0	4194
18115	47	4121	3	8	0	4179
18116	4039	47	2	7	0	4095
18117	43	4010	2	4	0	4059
18118	17	4043	3	8	0	4071
18119	13	57	7	3941	0	4018
18120	10	3998	4	34	0	4046
18121	3976	45	2	10	0	4033
18122	44	17	3943	2	0	4006
18123	10	12	39	3942	0	4003
18124	8	9	4018	38	0	4073
18125	8	8	36	3960	0	4012
18126	9	7	10	3998	0	4024
18127	5	9	3827	44	0	3885
18128	3615	6	38	18	0	3677
18129	41	3735	9	6	0	3791
18130	3768	41	4	10	0	3823
18131	40	3810	6	11	0	3867
18132	16	43	5	3828	0	3892
18133	3821	9	4	46	0	3880
18134	3850	11	6	8	0	3875
18135	3871	7	5	9	0	3892
18136	46	8	8	3823	0	3885
18137	17	5	4	3876	0	3902
18138	11	3957	7	46	0	4021
18139	3993	40	5	18	0	4056
18140	4041	8	5	11	0	4065
18141	4055	4	10	11	0	4080
18142	4006	9	5	11	0	4031
18143	55	3916	6	9	0	3986
18144	18	37	9	3952	0	4016
18145	13	14	3923	44	0	3994
18146	3888	7	42	15	0	3952
18147	4106	4	9	13	0	4132
18148	61	12	4037	9	0	4119
18149	27	9	4042	10	0	4088
18150	17	8	51	4120	0	4196
18151	12	12	11	4188	0	4223
18152	16	11	8	4224	0	4259
18153	4172	6	11	57	0	4246
18154	54	5	11	4171	0	4241
18155	23	8	4096	52	0	4179
18156	13	7	49	4118	0	4187
18157	9	8	4206	58	0	4281
18158	15	7	47	4161	0	4230
18159	13	6	17	4429	0	4465
18160	25	5	4472	64	0	4566
18161	4253	10	51	28	0	4342
18162	57	4522	21	16	0	4616
18163	4584	64	10	16	0	4674
18164	65	23	8	4726	0	4822
18165	4746	13	8	77	0	4844
18166	76	4978	2	34	0	5090
18167	35	5280	10	10	0	5335
18168	21	143	6	5579	0	5749
18169	16	39	5798	91	0	5944
18170	15	20	5617	37	0	5689
18171	12	5660	127	29	0	5828
18172	5162	97	51	23	0	5333
18173	88	29	24	5129	0	5270
18174	5069	23	24	79	0	5195
18175	89	4994	16	32	0	5131
18176	34	5125	21	30	0	5210
18177	23	106	24	5160	0	5313
18178	5111	49	19	86	0	5265
18179	5169	35	7	34	0	5245
18180	115	30	5017	25	0	5187
18181	53	15	4931	25	0	5024
18182	4919	19	94	21	0	5053
18183	106	4943	32	12	0	5093
18184	4913	89	27	20	0	5049
18185	100	33	22	4866	0	5021
18186	61	15	4808	78	0	4962
18187	4665	26	87	28	0	4806
18188	90	4673	42	16	0	4821
18189	44	4759	32	22	0	4857
18190	46	100	24	4715	0	4885
18191	4775	45	19	81	0	4920
18192	87	33	16	4791	0	4927
18193	4903	27	20	90	0	5040
18194	94	26	4690	51	0	4861
18195	4821	26	62	25	0	4934
18196	4929	26	23	30	0	5008
18197	123	18	4766	29	0	4936
18198	4659	14	73	26	0	4772
18199	111	4648	36	24	0	4819
18200	75	70	25	4597	0	4767
18201	47	4664	32	72	0	4815
18202	4730	73	24	34	0	4861
18203	110	42	23	4583	0	4758
18204	61	4558	17	76	0	4712
18205	46	89	18	4580	0	4733
18206	38	4626	18	87	0	4769
18207	28	95	8	4656	0	4787
18208	4624	60	6	95	0	4785
18209	84	35	11	4653	0	4783
18210	52	34	4566	103	0	4755
18211	4531	23	66	71	0	4691
18212	95	30	34	4608	0	4767
18213	50	24	4498	102	0	4674
18214	41	17	4395	63	0	4516
18215	45	15	4605	40	0	4705
18216	39	10	106	4576	0	4731
18217	39	12	69	4728	0	4848
18218	29	18	46	4729	0	4822
18219	32	15	36	4738	0	4821
18220	4692	13	34	132	0	4871
18221	4758	16	37	74	0	4885
18222	4789	16	34	51	0	4890
18223	4858	16	22	53	0	4949
18224	127	16	16	4759	0	4918
18225	76	16	4824	109	0	5025
18226	4809	17	74	71	0	4971
18227	5003	22	32	41	0	5098
18228	144	12	13	4926	0	5095
18229	87	11	22	5017	0	5137
18230	5035	13	19	119	0	5186
18231	127	12	18	4831	0	4988
18232	68	4804	26	112	0	5010
18233	4911	80	31	75	0	5097
18234	4903	26	22	43	0	4994
18235	129	25	4939	46	0	5139
18236	75	20	85	4959	0	5139
18237	51	19	47	5056	0	5173
18238	5013	16	34	122	0	5185
18239	5050	25	19	76	0	5170
18240	134	21	18	5006	0	5179
18241	85	17	4923	122	0	5147
18242	73	17	4956	64	0	5110
18243	65	12	99	4998	0	5174
18244	47	19	55	5087	0	5208
18245	5000	10	34	135	0	5179
18246	115	4840	37	73	0	5065
18247	74	4774	27	56	0	4931
18248	48	4938	31	57	0	5074
18249	48	106	40	4872	0	5066
18250	4834	43	25	112	0	5014
18251	4827	41	16	55	0	4939
18252	123	4813	9	52	0	4997
18253	4864	93	13	43	0	5013
18254	116	46	11	4825	0	4998
18255	57	47	4850	95	0	5049
18256	50	39	67	4778	0	4934
18257	58	23	28	4824	0	4933
18258	50	17	21	4816	0	4904
18259	4555	11	22	119	0	4707
18260	92	23	21	4390	0	4526
18261	57	4380	14	111	0	4562
18262	4265	53	44	69	0	4431
18263	76	4153	23	56	0	4308
18264	42	4003	17	48	0	4110
18265	25	4060	17	45	0	4147
18266	34	51	3694	33	0	3812
18267	17	3506	37	31	0	3591
18268	28	37	3058	16	0	3139
18269	2737	12	27	8	0	2784
18270	2819	4	8	8	0	2839
18271	9	3	2920	1	0	2933
18272	2881	4	8	7	0	2900
18273	2995	0	3	2	0	3000
18274	10	1	3008	4	0	3023
18275	8	3106	6	1	0	3121
18276	8	7	2	3128	0	3145
18277	3144	3	2	12	0	3161
18278	10	3	2	3102	0	3117
18279	3226	1	0	16	0	3243
18280	3207	0	3	5	0	3215
18281	9	1	3216	5	0	3231
18282	3182	2	7	4	0	3195
18283	13	3296	1	2	0	3312
18284	3336	11	2	3	0	3352
18285	11	5	1	3340	0	3357
18286	7	4	3342	11	0	3364
18287	8	2	8	3301	0	3319
18288	3319	1	1	15	0	3336
18289	11	3343	4	4	0	3362
18290	5	11	3344	5	0	3365
18291	5	7	11	3242	0	3265
18292	5	2	3337	13	0	3357
18293	3	3330	12	4	0	3349
18294	3328	9	5	4	0	3346
18295	15	3	3	3332	0	3353
18296	4	3	3339	16	0	3362
18297	7	2	3157	8	0	3174
18298	3344	0	12	6	0	3362
18299	13	4	5	3389	0	3411
18300	6	3	4	3395	0	3408
18301	6	5	3423	16	0	3450
18302	8	3	3379	8	0	3398
18303	5	3529	14	5	0	3553
18304	4	13	8	3568	0	3593
18305	2	5	5	3548	0	3560
18306	6	3545	4	9	0	3564
18307	4	15	3518	6	0	3543
18308	3460	3	16	8	0	3487
18309	16	3	3	3592	0	3614
18310	5	2	3653	18	0	3678
18311	7	4	16	3553	0	3580
18312	8	3647	2	11	0	3668
18313	3	19	3613	9	0	3644
18314	3546	5	21	10	0	3582
18315	20	3	3648	6	0	3677
18316	5	3	3588	4	0	3600
18317	5	3	3499	6	0	3513
18318	6	1	3800	4	0	3811
18319	0	6	32	3889	0	3927
18320	3	2	4101	27	0	4133
18321	4	4	30	4006	0	4044
18322	3	4100	4	37	0	4144
18323	4370	30	3	7	0	4410
18324	36	6	3	4406	0	4451
18325	15	5	4335	40	0	4395
18326	13	4353	38	12	0	4416
18327	6	43	11	4391	0	4451
18328	4370	13	10	35	0	4428
18329	34	4408	2	14	0	4458
18330	9	41	4	4487	0	4541
18331	4515	9	7	35	0	4566
18332	43	7	4441	9	0	4500
18333	4456	2	39	9	0	4506
18334	48	0	4547	6	0	4601
18335	4346	4	47	8	0	4405
18336	4386	4	15	3	0	4408
18337	47	3	4336	7	0	4393
18338	19	4239	37	9	0	4304
18339	18	35	15	4157	0	4225
18340	3	11	4325	41	0	4380
18341	6	18	36	4192	0	4252
18342	7	3	12	4236	0	4258
18343	2	0	4308	50	0	4360
18344	7	3	4263	17	0	4290
18345	8	5	48	4326	0	4387
18346	4388	3	17	44	0	4452
18347	45	4303	11	11	0	4370
18348	13	4375	6	12	0	4406
18349	4400	44	7	11	0	4462
18350	4484	18	8	7	0	4517
18351	50	10	7	4517	0	4584
18352	21	3	7	4532	0	4563
18353	12	3	6	4575	0	4596
18354	4496	3	7	57	0	4563
18355	45	4349	8	17	0	4419
18356	11	4466	9	16	0	4502
18357	18	44	4	4451	0	4517
18358	7	13	10	4516	0	4546
18359	4	11	11	4534	0	4560
18360	4507	5	4	65	0	4581
18361	46	4551	5	27	0	4629
18362	4617	44	8	13	0	4682
18363	50	12	4631	12	0	4705
18364	14	4672	46	11	0	4743
18365	18	44	15	4689	0	4766
18366	4664	19	9	52	0	4744
18367	49	17	4704	20	0	4790
18368	21	8	4671	17	0	4717
18369	14	5	56	4716	0	4791
18370	10	7	28	4733	0	4778
18371	13	3	14	4684	0	4714
18372	10	8	12	4551	0	4581
18373	13	11	8	4565	0	4597
18374	8	4459	7	79	0	4553
18375	12	43	8	4468	0	4531
18376	4399	19	9	67	0	4494
18377	45	4462	9	32	0	4548
18378	4477	47	7	28	0	4559
18379	61	21	4362	13	0	4457
18380	20	20	4413	19	0	4472
18381	19	6	58	4611	0	4694
18382	8	4	5386	57	0	5455
18383	6	14	85	5320	0	5425
18384	11	2	36	5290	0	5339
18385	5494	6	27	105	0	5632
18386	5523	19	9	58	0	5609
18387	120	5666	9	40	0	5835
18388	56	5938	15	16	0	6025
18389	31	121	12	5900	0	6064
18390	5958	49	9	119	0	6135
18391	95	28	6014	47	0	6184
18392	38	12	105	6056	0	6211
18393	29	11	36	6087	0	6163
18394	23	10	6016	143	0	6192
18395	13	5978	99	78	0	6168
18396	16	111	34	5979	0	6140
18397	14	43	6105	119	0	6281
18398	16	37	102	6037	0	6192
18399	5839	17	43	140	0	6039
18400	104	5829	39	59	0	6031
18401	41	5934	24	47	0	6046
18402	38	123	18	5906	0	6085
18403	5756	58	22	120	0	5956
18404	95	5819	27	59	0	6000
18405	5862	109	14	65	0	6050
18406	121	48	5850	35	0	6054
18407	57	30	6024	39	0	6150
18408	52	17	140	5906	0	6115
18409	30	31	63	6173	0	6297
18410	6016	33	38	155	0	6242
18411	123	24	16	6059	0	6222
18412	68	30	5968	149	0	6215
18413	52	32	112	5946	0	6142
18414	43	28	43	6084	0	6198
18415	28	32	5834	159	0	6053
18416	5641	19	129	91	0	5880
18417	114	21	61	5862	0	6058
18418	5591	11	51	142	0	5795
18419	119	5373	35	76	0	5603
18420	5317	93	25	78	0	5513
18421	113	5242	36	51	0	5442
18422	51	5301	28	55	0	5435
18423	59	136	32	4960	0	5187
18424	4920	51	48	109	0	5128
18425	4953	43	24	54	0	5074
18426	118	35	24	4895	0	5072
18427	4902	22	23	112	0	5059
18428	4916	31	22	63	0	5032
18429	130	30	21	4849	0	5030
18430	4691	33	18	114	0	4856
18431	116	4774	24	56	0	4970
18432	4798	98	24	61	0	4981
18433	116	48	4690	53	0	4907
18434	4865	29	87	52	0	5033
18435	123	10	45	4918	0	5096
18436	64	11	34	5004	0	5113
18437	52	14	33	4991	0	5090
18438	51	22	21	4968	0	5062
18439	31	23	25	4949	0	5028
18440	48	4616	32	154	0	4850
18441	42	4911	25	91	0	5069
18442	4897	103	36	64	0	5100
18443	115	63	4836	48	0	5062
18444	4795	53	89	53	0	4990
18445	124	34	4814	58	0	5030
18446	71	34	101	4793	0	4999
18447	56	33	30	4940	0	5059
18448	4821	31	23	154	0	5029
18449	127	38	4772	74	0	5011
18450	88	42	84	4810	0	5024
18451	62	29	4894	124	0	5109
18452	70	5024	107	63	0	5264
18453	62	100	49	5134	0	5345
18454	5171	34	39	126	0	5370
18455	5038	36	33	80	0	5187
18456	5193	23	21	80	0	5317
18457	161	5065	26	73	0	5325
18458	81	5302	30	59	0	5472
18459	4892	131	32	71	0	5126
18460	115	5232	30	65	0	5442
18461	53	5247	37	68	0	5405
18462	64	131	5092	67	0	5354
18463	43	4998	94	63	0	5198
18464	52	5077	41	52	0	5222
18465	45	130	34	5066	0	5275
18466	42	61	5066	124	0	5293
18467	45	49	4944	61	0	5099
18468	4867	44	120	51	0	5082
18469	126	31	5013	46	0	5216
18470	5078	23	130	38	0	5269
18471	135	24	62	5069	0	5290
18472	68	5123	43	131	0	5365
18473	5257	98	38	72	0	5465
18474	5429	49	21	67	0	5566
18475	140	37	28	5418	0	5623
18476	95	22	34	5415	0	5566
18477	59	24	35	5435	0	5553
18478	5320	21	25	156	0	5522
18479	5035	26	38	80	0	5179
18480	5310	27	13	63	0	5413
18481	169	4953	14	54	0	5190
18482	4269	68	5	22	0	4364
18483	87	4186	3	22	0	4298
18484	34	4233	8	19	0	4294
18485	46	134	37	3927	0	4144
18486	21	3984	10	54	0	4069
18487	3752	49	8	16	0	3825
18488	48	17	0	3696	0	3761
18489	3621	10	5	39	0	3675
18490	45	3494	2	12	0	3553
18491	15	3617	4	10	0	3646
18492	3650	43	3	15	0	3711
18493	42	3741	3	10	0	3796
18494	17	43	1	3791	0	3852
18495	22	9	7	3835	0	3873
18496	3839	9	1	48	0	3897
18497	49	7	2	3849	0	3907
18498	13	5	3947	54	0	4019
18499	14	6	45	3963	0	4028
18500	4088	8	9	54	0	4159
18501	50	4213	11	16	0	4290
18502	4409	50	10	12	0	4481
18503	4339	14	5	12	0	4370
18504	4478	13	1	4	0	4496
18505	70	8	4406	10	0	4494
18506	27	6	4283	4	0	4320
18507	4191	5	53	5	0	4254
18508	61	4234	17	5	0	4317
18509	12	49	14	4297	0	4372
18510	10	15	7	4294	0	4326
18511	13	4174	2	58	0	4247
18512	7	4275	3	27	0	4312
18513	7	59	6	4304	0	4376
18514	5	16	5	4345	0	4371
18515	5	15	4241	62	0	4323
18516	3	14	4126	24	0	4167
18517	4202	5	59	22	0	4288
18518	4383	2	20	15	0	4420
18519	63	4	15	4348	0	4430
18520	30	4	4346	52	0	4432
18521	18	5	54	4316	0	4393
18522	4326	4	17	60	0	4407
18523	56	7	4317	24	0	4404
18524	18	9	55	4360	0	4442
18525	19	6	4370	57	0	4452
18526	11	4327	56	22	0	4416
18527	7	55	4339	12	0	4413
18528	11	24	65	4294	0	4394
18529	4341	15	24	53	0	4433
18530	48	10	17	4415	0	4490
18531	4393	6	13	64	0	4476
18532	4454	0	8	25	0	4487
18533	4367	8	6	14	0	4395
18534	80	7	4262	15	0	4364
18535	4315	1	49	14	0	4379
18536	69	7	17	4317	0	4410
18537	36	2	13	4350	0	4401
18538	17	5	4310	64	0	4396
18539	20	3	47	4336	0	4406
18540	4372	7	17	64	0	4460
18541	44	4364	11	34	0	4453
18542	4448	45	10	18	0	4521
18543	4488	17	5	13	0	4523
18544	4536	12	0	8	0	4556
18545	77	11	2	4502	0	4592
18546	37	7	4531	62	0	4637
18547	28	5	54	4629	0	4716
18548	17	7	20	4685	0	4729
18549	4620	6	11	82	0	4719
18550	4561	6	8	33	0	4608
18551	79	6	4423	21	0	4529
18552	27	10	51	4407	0	4495
18553	19	2	4450	66	0	4537
18554	4528	2	64	30	0	4624
18555	70	4846	29	15	0	4960
18556	4848	63	14	15	0	4940
18557	70	4929	12	10	0	5021
18558	4898	72	9	4	0	4983
18559	81	4896	8	8	0	4993
18560	37	77	12	4892	0	5018
18561	24	30	8	5014	0	5076
18562	4970	14	2	95	0	5081
18563	4938	16	6	36	0	4996
18564	4967	9	4	28	0	5008
18565	4837	5	5	26	0	4873
18566	4903	6	7	12	0	4928
18567	111	7	5	4772	0	4895
18568	48	4773	5	78	0	4904
18569	35	64	4	4703	0	4806
18570	30	4693	5	75	0	4803
18571	19	80	5	4583	0	4687
18572	17	4609	5	82	0	4713
18573	12	82	8	4575	0	4677
18574	17	28	4414	79	0	4538
18575	4290	14	62	38	0	4404
18576	70	4409	23	20	0	4522
18577	4445	65	8	27	0	4545
18578	77	22	4438	11	0	4548
18579	4380	14	71	11	0	4476
18580	88	17	4575	11	0	4691
18581	46	17	78	4563	0	4704
18582	24	4852	32	75	0	4983
18583	24	74	4892	28	0	5018
18584	17	37	91	4927	0	5072
18585	4774	14	42	103	0	4933
18586	85	11	15	4978	0	5089
18587	43	11	16	5013	0	5083
18588	28	4	12	5080	0	5124
18589	23	9	4926	132	0	5090
18590	27	3	78	4897	0	5005
18591	11	4772	41	117	0	4941
18592	6	71	14	4793	0	4884
18593	12	35	14	4769	0	4830
18594	4687	15	9	124	0	4835
18595	90	23	5	4793	0	4911
18596	51	7	4828	97	0	4983
18597	19	9	4805	61	0	4894
18598	24	3	4769	29	0	4825
18599	10	4737	114	23	0	4884
18600	4573	87	73	23	0	4756
18601	76	4534	31	13	0	4654
18602	4407	85	35	7	0	4534
18603	83	48	14	4344	0	4489
18604	49	19	4416	77	0	4561
18605	25	14	4320	47	0	4406
18606	17	4500	102	24	0	4643
18607	18	78	43	4494	0	4633
18608	9	35	23	4543	0	4610
18609	13	13	22	4576	0	4624
18610	5	16	4496	129	0	4646
18611	4338	16	84	64	0	4502
18612	87	14	4498	37	0	4636
18613	46	5	93	4466	0	4610
18614	20	13	45	4609	0	4687
18615	20	5	4504	129	0	4658
18616	4407	9	98	56	0	4570
18617	89	4499	53	31	0	4672
18618	4524	89	24	29	0	4666
18619	102	40	21	4425	0	4588
18620	47	4496	17	89	0	4649
18621	36	93	11	4566	0	4706
18622	4553	45	9	115	0	4722
18623	103	16	18	4520	0	4657
18624	46	12	4438	116	0	4612
18625	4391	18	96	50	0	4555
18626	4478	13	39	42	0	4572
18627	134	12	4398	30	0	4574
18628	52	11	96	4404	0	4563
18629	4467	7	47	108	0	4629
18630	113	10	19	4401	0	4543
18631	56	12	21	4372	0	4461
18632	31	7	18	4390	0	4446
18633	19	9	14	4399	0	4441
18634	20	9	4215	157	0	4401
18635	19	10	89	4258	0	4376
18636	18	7	4224	129	0	4378
18637	4168	14	97	69	0	4348
18638	4270	7	53	40	0	4370
18639	4246	8	30	33	0	4317
18640	4233	7	22	36	0	4298
18641	135	10	25	4093	0	4263
18642	4052	8	13	101	0	4174
18643	116	9	3977	60	0	4162
18644	65	10	3954	34	0	4063
18645	3824	5	104	38	0	3971
18646	96	3793	45	33	0	3967
18647	51	3791	33	40	0	3915
18648	37	92	31	3738	0	3898
18649	22	38	3756	97	0	3913
18650	3680	21	85	58	0	3844
18651	94	20	3764	34	0	3912
18652	51	3582	78	32	0	3743
18653	35	60	3559	20	0	3674
18654	22	3343	81	28	0	3474
18655	3013	83	62	23	0	3181
18656	66	2967	19	21	0	3073
18657	31	2888	14	20	0	2953
18658	25	70	16	2858	0	2969
18659	22	29	2833	63	0	2947
18660	19	14	61	2771	0	2865
18661	18	11	31	2823	0	2883
18662	10	7	2770	83	0	2870
18663	13	11	59	2700	0	2783
18664	22	2709	38	48	0	2817
18665	20	53	10	2790	0	2873
18666	2777	29	10	65	0	2881
18667	59	13	13	2800	0	2885
18668	37	11	2758	72	0	2878
18669	18	13	58	2796	0	2885
18670	13	12	2777	68	0	2870
18671	2741	12	60	38	0	2851
18672	54	8	36	2793	0	2891
18673	2814	16	19	66	0	2915
18674	61	14	2794	45	0	2914
18675	2737	7	57	21	0	2822
18676	62	2837	34	18	0	2951
18677	32	51	2843	25	0	2951
18678	17	47	58	2815	0	2937
18679	15	9	2919	56	0	2999
18680	18	2743	45	42	0	2848
18681	12	2900	35	14	0	2961
18682	2564	52	14	22	0	2652
18683	48	2711	10	17	0	2786
18684	2719	41	12	17	0	2789
18685	45	18	8	2749	0	2820
18686	23	8	2732	50	0	2813
18687	17	2784	41	26	0	2868
18688	8	50	25	2762	0	2845
18689	14	14	9	2904	0	2941
18690	12	11	12	2950	0	2985
18691	8	15	10	2918	0	2951
18692	10	2814	9	56	0	2889
18693	11	2920	8	28	0	2967
18694	2798	46	10	18	0	2872
18695	39	2763	6	18	0	2826
18696	12	40	8	2640	0	2700
18697	12	11	2645	37	0	2705
18698	9	2614	32	15	0	2670
18699	14	31	10	2570	0	2625
18700	7	20	12	2554	0	2593
18701	10	2558	5	34	0	2607
18702	2511	27	6	20	0	2564
18703	33	10	2508	10	0	2561
18704	2371	10	26	5	0	2412
18705	31	2442	11	8	0	2492
18706	2268	20	6	3	0	2297
18707	20	2324	0	7	0	2351
18708	8	25	1	2451	0	2485
18709	5	9	3	2471	0	2488
18710	2429	8	1	35	0	2473
18711	27	2	0	2456	0	2485
18712	10	6	2420	29	0	2465
18713	9	2340	23	10	0	2382
18714	3	2366	11	11	0	2391
18715	3	33	11	2365	0	2412
18716	2	18	2373	21	0	2414
18717	5	14	21	2346	0	2386
18718	1	4	9	2369	0	2383
18719	4	3	2322	33	0	2362
18720	4	2	2262	18	0	2286
18721	1	2312	27	9	0	2349
18722	2333	24	13	7	0	2377
18723	23	12	8	2307	0	2350
18724	8	2263	2	20	0	2293
18725	2326	25	0	12	0	2363
18726	21	8	5	2326	0	2360
18727	8	10	4	2302	0	2324
18728	6	2283	0	32	0	2321
18729	4	20	2	2268	0	2294
18730	2276	13	2	24	0	2315
18731	21	9	1	2300	0	2331
18732	11	3	3	2317	0	2334
18733	9	7	2262	30	0	2308
18734	4	4	2177	18	0	2203
18735	2261	6	28	13	0	2308
18736	24	5	12	2257	0	2298
18737	10	8	4	2279	0	2301
18738	12	2	3	2301	0	2318
18739	5	7	2251	37	0	2300
18740	2262	4	25	20	0	2311
18741	24	5	11	2273	0	2313
18742	10	10	9	2293	0	2322
18743	2256	7	2	38	0	2303
18744	20	2244	6	20	0	2290
18745	9	19	2237	14	0	2279
18746	10	15	23	2178	0	2226
18747	3	2220	11	26	0	2260
18748	7	23	9	2242	0	2281
18749	2207	14	3	29	0	2253
18750	26	12	5	2202	0	2245
18751	2179	10	4	29	0	2222
18752	2154	9	4	17	0	2184
18753	33	3	5	2148	0	2189
18754	19	2106	4	28	0	2157
18755	9	2157	3	21	0	2190
18756	5	31	2149	14	0	2199
18757	5	18	25	2070	0	2118
18758	9	12	7	2170	0	2198
18759	6	4	7	2203	0	2220
18760	2171	3	3	40	0	2217
18761	22	5	2	2191	0	2220
18762	11	5	2185	35	0	2236
18763	2210	4	29	11	0	2254
18764	24	6	10	2307	0	2347
18765	10	6	5	2330	0	2351
18766	11	3	2304	40	0	2358
18767	2279	4	24	23	0	2330
18768	23	2	12	2335	0	2372
18769	17	1	2364	32	0	2414
18770	11	7	22	2359	0	2399
18771	9	5	11	2264	0	2289
18772	10	2389	8	32	0	2439
18773	2355	22	6	22	0	2405
18774	2335	13	4	16	0	2368
18775	30	2325	4	12	0	2371
18776	2279	22	6	14	0	2321
18777	2236	8	4	12	0	2260
18778	32	12	1	2231	0	2276
18779	18	3	2144	30	0	2195
18780	17	2	2028	14	0	2061
18781	6	3	1952	13	0	1974
18782	5	9	2012	10	0	2036
18783	7	28	35	1834	0	1904
18784	3	4	14	1910	0	1931
18785	5	3	1	1893	0	1902
18786	4	3	4	1934	0	1945
18787	1920	0	2	33	0	1955
18788	23	1946	1	20	0	1990
18789	1968	19	4	10	0	2001
18790	28	6	1987	1	0	2022
18791	11	2	2047	6	0	2066
18792	2	12	29	2095	0	2138
18793	2129	3	22	33	0	2187
18794	2095	3	6	11	0	2115
18795	36	2086	2	5	0	2129
18796	8	2109	4	9	0	2130
18797	1	29	6	2112	0	2148
18798	2113	6	4	31	0	2154
18799	29	2120	0	13	0	2162
18800	2161	26	1	4	0	2192
18801	2188	7	0	7	0	2202
18802	2190	3	4	6	0	2203
18803	30	4	2196	4	0	2234
18804	10	2225	21	3	0	2259
18805	2170	22	8	2	0	2202
18806	2170	5	1	7	0	2183
18807	27	2109	2	3	0	2141
18808	5	2013	1	2	0	2021
18809	2022	19	4	2	0	2047
18810	18	6	0	2010	0	2034
18811	4	3	2029	14	0	2050
18812	1968	2	14	4	0	1988
18813	17	3	2	2058	0	2080
18814	5	2112	0	15	0	2132
18815	3	16	3	2165	0	2187
18816	2	4	2198	16	0	2220
18817	6	0	15	2171	0	2192
18818	2284	0	2	17	0	2303
18819	16	3	1	2301	0	2321
18820	2	5	1	2335	0	2343
18821	5	1	2398	20	0	2424
18822	1	1	18	2347	0	2367
18823	2	2397	4	16	0	2419
18824	2411	18	1	6	0	2436
18825	2371	3	1	6	0	2381
18826	24	1	2422	4	0	2451
18827	4	1	19	2383	0	2407
18828	0	2397	5	18	0	2420
18829	2	2442	0	9	0	2453
18830	2423	19	2	3	0	2447
18831	22	3	2	2462	0	2489
18832	3	1	2452	19	0	2475
18833	3	2	2418	5	0	2428
18834	3	3	19	2470	0	2495
18835	2458	3	4	20	0	2485
18836	2450	1	3	5	0	2459
18837	24	3	3	2513	0	2543
18838	6	1	2545	20	0	2572
18839	1	2543	19	6	0	2569
18840	2545	21	1	5	0	2572
18841	21	2555	2	1	0	2579
18842	2585	17	1	7	0	2610
18843	19	5	3	2582	0	2609
18844	6	3	2596	21	0	2626
18845	6	4	17	2546	0	2573
18846	2605	2	4	20	0	2631
18847	19	2	2595	7	0	2623
18848	5	2614	20	3	0	2642
18849	3	19	5	2623	0	2650
18850	2650	3	3	18	0	2674
18851	24	2	2663	6	0	2695
18852	7	3	20	2685	0	2715
18853	6	4	7	2731	0	2748
18854	2	7	2744	24	0	2777
18855	9	3	21	2701	0	2734
18856	7	3	2730	21	0	2761
18857	2679	3	24	7	0	2713
18858	23	2	6	2874	0	2905
18859	6	4	3032	25	0	3067
18860	5	3081	23	7	0	3116
18861	3185	24	4	11	0	3224
18862	3402	7	5	7	0	3421
18863	36	2	2	3703	0	3743
18864	9	3720	4	41	0	3774
18865	3755	39	7	9	0	3810
18866	44	12	3	3763	0	3822
18867	17	7	3749	38	0	3811
18868	3649	4	34	15	0	3702
18869	37	3693	10	10	0	3750
18870	12	40	9	3741	0	3802
18871	3747	11	4	36	0	3798
18872	40	8	3697	14	0	3759
18873	14	6	3759	9	0	3788
18874	12	3	39	3713	0	3767
18875	7	8	3833	39	0	3887
18876	8	3	44	3784	0	3839
18877	11	3741	14	45	0	3811
18878	9	35	14	3920	0	3978
18879	3861	8	11	47	0	3927
18880	39	12	3892	20	0	3963
18881	12	3914	37	19	0	3982
18882	16	37	12	3906	0	3971
18883	6	10	4011	44	0	4071
18884	6	16	39	3877	0	3938
18885	9	3902	11	40	0	3962
18886	7	3962	12	15	0	3996
18887	3895	39	7	17	0	3958
18888	32	3948	6	14	0	4000
18889	9	36	3819	4	0	3868
18890	3622	14	35	13	0	3684
18891	30	12	3782	6	0	3830
18892	10	4	36	3587	0	3637
18893	12	1	3775	29	0	3817
18894	4	3756	33	14	0	3807
18895	9	28	11	3782	0	3830
18896	7	7	8	3751	0	3773
18897	3	11	7	3701	0	3722
18898	3	6	3732	39	0	3780
18899	5	3	26	3670	0	3704
18900	3	4	9	3739	0	3755
18901	3663	2	9	38	0	3712
18902	3668	3	9	18	0	3698
18903	28	4	3674	14	0	3720
18904	14	3622	26	8	0	3670
18905	11	23	3694	8	0	3736
18906	6	10	30	3694	0	3740
18907	6	7	3787	30	0	3830
18908	7	8	33	3758	0	3806
18909	1	4	9	3848	0	3862
18910	5	6	3840	33	0	3884
18911	3614	3	32	21	0	3670
18912	26	3881	7	19	0	3933
18913	8	32	16	3894	0	3950
18914	11	6	3963	35	0	4015
18915	6	11	3804	16	0	3837
18916	3773	7	36	11	0	3827
18917	31	3888	15	10	0	3944
18918	10	29	15	3895	0	3949
18919	3985	7	9	33	0	4034
18920	29	7	9	3987	0	4032
18921	13	5	7	4016	0	4041
18922	13	3	4023	38	0	4077
18923	3880	4	27	28	0	3939
18924	4073	3	15	19	0	4110
18925	42	4	11	4075	0	4132
18926	4054	3	7	37	0	4101
18927	37	4	8	4048	0	4097
18928	16	3960	13	43	0	4032
18929	14	4102	8	25	0	4149
18930	7	40	2	4188	0	4237
18931	4107	16	8	37	0	4168
18932	32	9	7	4129	0	4177
18933	4192	5	7	42	0	4246
18934	4214	8	6	14	0	4242
18935	44	4	5	4223	0	4276
18936	26	1	6	4290	0	4323
18937	15	6	4211	48	0	4280
18938	6	6	4237	25	0	4274
18939	10	4	46	4305	0	4365
18940	11	2	4533	43	0	4589
18941	4517	6	46	23	0	4592
18942	36	4	14	4820	0	4874
18943	12	2	5035	48	0	5097
18944	5046	1	60	24	0	5131
18945	5439	3	17	19	0	5478
18946	82	5657	14	10	0	5763
18947	35	69	6	5724	0	5834
18948	28	16	5846	75	0	5965
18949	5859	14	78	26	0	5977
18950	6041	4	18	21	0	6084
18951	93	5	5978	15	0	6091
18952	5982	6	73	13	0	6074
18953	85	2	21	6005	0	6113
18954	28	14	19	6047	0	6108
18955	6008	3	8	85	0	6104
18956	6015	1	7	38	0	6061
18957	95	25	15	5942	0	6077
18958	39	4	5924	79	0	6046
18959	22	5722	68	28	0	5840
18960	18	62	5762	26	0	5868
18961	18	19	5713	9	0	5759
18962	15	5529	83	21	0	5648
18963	23	63	44	5108	0	5238
18964	12	14	29	5180	0	5235
18965	15	12	5131	66	0	5224
18966	16	6	66	5050	0	5138
18967	5134	7	16	69	0	5226
18968	65	4	5182	26	0	5277
18969	5171	2	64	26	0	5263
18970	5300	4	19	15	0	5338
18971	5323	1	17	13	0	5354
18972	92	5	5213	10	0	5320
18973	43	5	5195	7	0	5250
18974	26	4	71	5168	0	5269
18975	20	9	28	5046	0	5103
18976	19	5209	18	63	0	5309
18977	5205	55	15	32	0	5307
18978	5197	14	17	22	0	5250
18979	73	5198	14	18	0	5303
18980	5185	61	11	18	0	5275
18981	68	5113	18	20	0	5219
18982	5170	67	12	10	0	5259
18983	75	22	9	5081	0	5187
18984	33	13	5094	70	0	5210
18985	27	9	5004	21	0	5061
18986	21	11	76	4991	0	5099
18987	16	6	30	5033	0	5085
18988	18	5	4956	78	0	5057
18989	11	8	76	4888	0	4983
18990	22	4	29	4877	0	4932
18991	4917	5	19	84	0	5025
18992	4967	8	20	33	0	5028
18993	4907	9	15	24	0	4955
18994	91	4	4801	17	0	4913
18995	36	4820	65	17	0	4938
18996	33	59	20	4898	0	5010
18997	33	19	4981	62	0	5095
18998	27	4996	67	19	0	5109
18999	5077	61	28	18	0	5184
19000	69	23	24	5069	0	5185
19001	34	14	16	5144	0	5208
19002	5083	11	19	79	0	5192
19003	76	10	11	5089	0	5186
19004	36	8	11	5119	0	5174
19005	5109	8	14	85	0	5216
19006	75	10	5043	40	0	5168
19007	34	4990	63	30	0	5117
19008	5031	60	22	23	0	5136
19009	67	22	5072	20	0	5181
19010	4972	15	68	32	0	5087
19011	78	5122	31	23	0	5254
19012	5054	61	27	18	0	5160
19013	5072	19	12	27	0	5130
19014	4934	13	22	19	0	4988
19015	89	11	17	4862	0	4979
19016	48	22	7	4846	0	4923
19017	32	4767	17	86	0	4902
19018	28	4826	16	34	0	4904
19019	27	4842	11	25	0	4905
19020	4808	67	15	23	0	4913
19021	64	22	4729	20	0	4835
19022	35	21	58	4698	0	4812
19023	25	14	21	4710	0	4770
19024	13	4690	21	73	0	4797
19025	22	63	11	4716	0	4812
19026	26	20	14	4698	0	4758
19027	20	4736	13	80	0	4849
19028	4748	63	9	30	0	4850
19029	74	4735	9	24	0	4842
19030	23	59	4652	24	0	4758
19031	4614	21	54	20	0	4709
19032	62	4719	18	17	0	4816
19033	4649	54	15	18	0	4736
19034	69	19	7	4621	0	4716
19035	29	17	15	4615	0	4676
19036	26	13	4551	67	0	4657
19037	26	16	4509	28	0	4579
19038	23	35	50	4475	0	4583
19039	4464	14	19	57	0	4554
19040	4312	12	17	19	0	4360
19041	62	4365	11	21	0	4459
19042	27	4255	6	13	0	4301
19043	15	4166	5	12	0	4198
19044	71	105	58	3892	0	4126
19045	3832	10	66	44	0	3952
19046	3875	5	0	10	0	3890
19047	3888	4	1	10	0	3903
19048	47	5	3830	7	0	3889
19049	16	4464	42	7	0	4529
19050	6	53	11	4977	0	5047
19051	5073	13	5	70	0	5161
19052	79	6	1	5184	0	5270
19053	20	1	4	5438	0	5463
19054	5410	2	3	98	0	5513
19055	5837	8	1	26	0	5872
19056	109	3	5847	15	0	5974
19057	39	2	89	5874	0	6004
19058	16	7	5773	95	0	5891
19059	12	5	99	5760	0	5876
19060	7	1	5748	107	0	5863
19061	11	8	98	5697	0	5814
19062	5594	1	29	106	0	5730
19063	89	5552	14	36	0	5691
19064	24	5793	6	26	0	5849
19065	27	115	5	5412	0	5559
19066	5	5841	6	82	0	5934
19067	5830	103	4	27	0	5964
19068	5787	28	3	17	0	5835
19069	119	19	5656	7	0	5801
19070	38	5663	86	7	0	5794
19071	24	94	27	5701	0	5846
19072	9	25	5710	99	0	5843
19073	5663	14	100	34	0	5811
19074	108	8	27	5697	0	5840
19075	40	3	5698	97	0	5838
19076	21	8	97	5699	0	5825
19077	5677	5	33	112	0	5827
19078	99	6	5635	35	0	5775
19079	5614	4	97	21	0	5736
19080	5732	7	30	12	0	5781
19081	125	5	17	5613	0	5760
19082	46	7	5591	99	0	5743
19083	20	12	5562	35	0	5629
19084	5527	7	117	17	0	5668
19085	5662	5	37	15	0	5719
19086	130	9	5608	12	0	5759
19087	49	10	97	5605	0	5761
19088	28	8	32	5529	0	5597
19089	18	5609	20	129	0	5776
19090	22	98	12	5663	0	5795
19091	5651	29	12	121	0	5813
19092	108	13	15	5654	0	5790
19093	44	5	5576	121	0	5746
19094	5530	7	103	50	0	5690
19095	106	4	40	5526	0	5676
19096	43	5	5481	117	0	5646
19097	28	5366	101	49	0	5544
19098	5258	101	40	32	0	5431
19099	100	5399	27	20	0	5546
19100	5398	107	12	24	0	5541
19101	123	35	5299	17	0	5474
19102	48	5161	104	22	0	5335
19103	33	5388	37	14	0	5472
19104	23	126	22	5257	0	5428
19105	24	49	15	5347	0	5435
19106	23	23	5225	137	0	5408
19107	30	9	112	5269	0	5420
19108	5201	9	43	125	0	5378
19109	113	16	5111	52	0	5292
19110	42	7	114	5134	0	5297
19111	29	10	5070	125	0	5234
19112	4974	9	117	54	0	5154
19113	109	5066	52	40	0	5267
19114	5084	103	25	34	0	5246
19115	5251	36	19	35	0	5341
19116	5294	21	24	30	0	5369
19117	158	16	5056	19	0	5249
19118	77	5078	112	15	0	5282
19119	50	112	39	5126	0	5327
19120	35	39	28	5373	0	5475
19121	5467	25	29	146	0	5667
19122	131	16	24	5530	0	5701
19123	5529	17	28	145	0	5719
19124	5574	15	40	65	0	5694
19125	5600	13	21	51	0	5685
19126	5616	12	26	38	0	5692
19127	180	15	18	5471	0	5684
19128	5457	17	22	134	0	5630
19129	159	13	5300	60	0	5532
19130	5342	17	124	44	0	5527
19131	5502	11	51	29	0	5593
19132	179	13	5251	74	0	5517
19133	5340	17	127	20	0	5504
19134	5506	16	49	20	0	5591
19135	178	10	35	5353	0	5576
19136	77	13	33	5423	0	5546
19137	5269	70	35	154	0	5528
19138	152	20	22	5300	0	5494
19139	72	10	25	5251	0	5358
19140	46	5037	24	169	0	5276
19141	46	97	19	5009	0	5171
19142	4887	31	18	144	0	5080
19143	132	17	13	4859	0	5021
19144	60	9	17	4767	0	4853
19145	44	4523	18	159	0	4744
19146	44	84	17	4405	0	4550
19147	40	28	21	4351	0	4440
19148	4126	22	14	114	0	4276
19149	97	70	16	3273	0	3456
19150	27	4	2870	69	0	2970
19151	24	2658	43	28	0	2753
19152	11	2594	19	21	0	2645
19153	2431	43	14	16	0	2504
19154	42	2437	7	17	0	2503
19155	2053	34	39	7	0	2133
19156	41	2033	3	10	0	2087
19157	2060	34	5	5	0	2104
19158	39	13	1	2081	0	2134
19159	11	5	1	2116	0	2133
19160	10	2117	1	41	0	2169
19161	12	37	1	2154	0	2204
19162	7	8	2169	41	0	2225
19163	2111	7	28	15	0	2161
19164	33	2231	8	10	0	2282
19165	2180	36	3	10	0	2229
19166	2191	11	4	4	0	2210
19167	2207	4	2	8	0	2221
19168	55	6	2	2146	0	2209
19169	20	3	3	2156	0	2182
19170	14	2104	4	49	0	2171
19171	2107	40	1	17	0	2165
19172	42	2131	2	14	0	2189
19173	2135	39	1	11	0	2186
19174	48	19	2170	5	0	2242
19175	2256	5	38	7	0	2306
19176	47	6	17	2274	0	2344
19177	28	5	2262	46	0	2341
19178	10	4	2299	25	0	2338
19179	12	4	53	2295	0	2364
19180	9	3	2304	51	0	2367
19181	11	1	45	2297	0	2354
19182	2221	6	19	45	0	2291
19183	52	2	3	2242	0	2299
19184	25	3	2198	51	0	2277
19185	10	2134	41	29	0	2214
19186	13	2185	20	15	0	2233
19187	8	53	14	2149	0	2224
19188	2152	22	11	48	0	2233
19189	46	8	3	2175	0	2232
19190	23	7	2	2200	0	2232
19191	14	5	3	2221	0	2243
19192	13	6	4	2224	0	2247
19193	17	7	2168	62	0	2254
19194	14	5	2163	33	0	2215
19195	2156	3	56	18	0	2233
19196	2211	7	19	13	0	2250
19197	61	5	7	2201	0	2274
19198	25	2	9	2243	0	2279
19199	10	4	2182	64	0	2260
19200	11	2172	43	28	0	2254
19201	2178	44	21	16	0	2259
19202	2211	20	12	9	0	2252
19203	69	8	2	2171	0	2250
19204	30	11	2183	50	0	2274
19205	17	4	40	2164	0	2225
19206	16	2177	18	52	0	2263
19207	15	41	2179	28	0	2263
19208	2187	21	43	14	0	2265
19209	46	10	19	2217	0	2292
19210	2240	14	3	48	0	2305
19211	49	7	2184	28	0	2268
19212	2203	5	37	8	0	2253
19213	48	7	20	2181	0	2256
19214	2165	3	11	51	0	2230
19215	43	6	9	2105	0	2163
19216	29	2045	8	52	0	2134
19217	6	2115	8	31	0	2160
19218	14	69	10	2044	0	2137
19219	8	12	2000	46	0	2066
19220	9	1937	37	20	0	2003
19221	15	36	22	1714	0	1787
19222	1670	15	5	31	0	1721
19223	1691	0	4	18	0	1713
19224	41	5	2	1672	0	1720
19225	18	2	4	1679	0	1703
19226	7	1631	2	42	0	1682
19227	6	1680	0	21	0	1707
19228	1659	39	3	8	0	1709
19229	25	18	4	1650	0	1697
19230	19	4	4	1671	0	1698
19231	6	3	1635	48	0	1692
19232	3	4	31	1641	0	1679
19233	4	1	19	1634	0	1658
19234	8	2	3	1661	0	1674
19235	6	2	1642	47	0	1697
19236	6	1	25	1665	0	1697
19237	1649	1	20	35	0	1705
19238	29	5	1621	23	0	1678
19239	1716	1	33	13	0	1763
19240	30	5	21	1728	0	1784
19241	21	4	1	1819	0	1845
19242	5	3	2	1860	0	1870
19243	6	1	1804	48	0	1859
19244	1766	2	29	25	0	1822
19245	30	1894	20	10	0	1954
19246	1901	34	3	5	0	1943
19247	37	1926	7	4	0	1974
19248	23	36	3	1927	0	1989
19249	1931	19	2	39	0	1991
19250	36	3	1906	25	0	1970
19251	1878	2	33	10	0	1923
19252	36	4	1938	7	0	1985
19253	22	5	29	1881	0	1937
19254	8	1	1890	32	0	1931
19255	3	1852	32	23	0	1910
19256	18	32	25	1749	0	1824
19257	1727	20	7	27	0	1781
19258	25	5	3	1708	0	1741
19259	17	1681	2	27	0	1727
19260	6	23	2	1684	0	1715
19261	1648	17	1	28	0	1694
19262	1608	5	8	17	0	1638
19263	37	1603	2	6	0	1648
19264	17	1516	1	3	0	1537
19265	7	22	1	1500	0	1530
19266	1	14	5	1506	0	1526
19267	1486	5	2	26	0	1519
19268	1487	2	0	18	0	1507
19269	26	1485	1	5	0	1517
19270	15	20	0	1461	0	1496
19271	3	12	2	1477	0	1494
19272	1	5	1491	23	0	1520
19273	2	1472	14	16	0	1504
19274	3	1430	8	4	0	1445
19275	3	25	3	1371	0	1402
19276	5	10	1361	8	0	1384
19277	0	6	1358	10	0	1374
19278	2	0	14	1385	0	1401
19279	3	0	11	1394	0	1408
19280	2	0	1394	17	0	1413
19281	2	1	12	1411	0	1426
19282	1	1	1437	15	0	1454
19283	1486	1	16	11	0	1514
19284	14	3	9	1488	0	1514
19285	7	3	1549	15	0	1574
19286	6	2	1538	9	0	1555
19287	3	1	21	1671	0	1696
19288	1	1	1779	19	0	1800
19289	0	2	1863	11	0	1876
19290	2	1832	25	13	0	1872
19291	1896	20	14	2	0	1932
19292	26	9	1957	1	0	1993
19293	7	10	24	1955	0	1996
19294	9	3	9	1962	0	1983
19295	2	1	9	2017	0	2029
19296	1	1	1981	43	0	2026
19297	4	0	26	1945	0	1975
19298	1945	2	11	36	0	1994
19299	25	3	10	1935	0	1973
19300	9	1	1924	37	0	1971
19301	8	0	25	1931	0	1964
19302	1937	2	13	35	0	1987
19303	1963	3	11	12	0	1989
19304	1942	3	3	12	0	1960
19305	41	0	2	1930	0	1973
19306	1936	2	6	26	0	1970
19307	1948	1	4	14	0	1967
19308	1936	0	3	13	0	1952
19309	40	1890	4	7	0	1941
19310	1898	24	4	4	0	1930
19311	34	8	4	1888	0	1934
19312	13	9	1880	25	0	1927
19313	13	1886	24	12	0	1935
19314	1885	24	10	14	0	1933
19315	27	10	12	1887	0	1936
19316	12	10	3	1868	0	1893
19317	11	1846	4	35	0	1896
19318	4	1883	8	19	0	1914
19319	1811	31	2	13	0	1857
19320	32	1825	2	5	0	1864
19321	1783	33	4	7	0	1827
19322	33	1792	6	7	0	1838
19323	1780	34	1	11	0	1826
19324	36	1786	1	6	0	1829
19325	10	1837	2	4	0	1853
19326	1827	32	4	8	0	1871
19327	29	17	1827	7	0	1880
19328	12	1839	23	8	0	1882
19329	14	27	10	1832	0	1883
19330	4	8	10	1893	0	1915
19331	6	12	3	1893	0	1914
19332	11	3	1	1903	0	1918
19333	12	1	1911	39	0	1963
19334	1910	5	24	19	0	1958
19335	32	5	5	1963	0	2005
19336	1987	0	8	34	0	2029
19337	2065	3	5	10	0	2083
19338	2081	5	4	13	0	2103
19339	2027	9	3	4	0	2043
19340	50	4	1990	6	0	2050
19341	17	5	39	1949	0	2010
19342	13	5	1953	40	0	2011
19343	10	1939	41	16	0	2006
19344	7	37	24	1856	0	1924
19345	10	11	10	1875	0	1906
19346	2	9	3	1896	0	1910
19347	8	5	6	1867	0	1886
19348	6	4	1833	45	0	1888
19349	9	5	33	1839	0	1886
19350	7	6	12	1875	0	1900
19351	1865	4	11	43	0	1923
19352	1915	1	9	19	0	1944
19353	45	5	7	1950	0	2007
19354	24	5	6	1967	0	2002
19355	19	4	6	1982	0	2011
19356	1953	2	8	61	0	2024
19357	2002	4	4	29	0	2039
19358	1956	7	5	16	0	1984
19359	2007	3	6	15	0	2031
19360	55	1968	3	16	0	2042
19361	2000	36	2	17	0	2055
19362	2021	13	7	14	0	2055
19363	58	4	7	1959	0	2028
19364	25	3	3	1971	0	2002
19365	1933	3	3	56	0	1995
19366	44	1906	5	27	0	1982
19367	22	1958	3	20	0	2003
19368	2001	44	2	14	0	2061
19369	46	22	3	2011	0	2082
19370	25	6	2	2052	0	2085
19371	17	7	2	2080	0	2106
19372	17	5	3	2051	0	2076
19373	13	9	1	2027	0	2050
19374	13	1972	4	51	0	2040
19375	11	40	1	1960	0	2012
19376	1942	12	3	54	0	2011
19377	42	11	5	1922	0	1980
19378	17	4	2	1934	0	1957
19379	1887	5	3	55	0	1950
19380	37	1886	1	28	0	1952
19381	16	39	1	1879	0	1935
19382	11	1865	3	41	0	1920
19383	15	56	4	1801	0	1876
19384	8	13	1788	38	0	1847
19385	1658	10	25	20	0	1713
19386	37	1688	9	10	0	1744
19387	1577	29	2	9	0	1617
19388	39	8	1516	8	0	1571
19389	14	15	26	1376	0	1431
19390	10	1394	7	30	0	1441
19391	10	1408	5	10	0	1433
19392	1351	29	11	2	0	1393
19393	23	7	3	1368	0	1401
19394	12	1	1436	22	0	1471
19395	7	1	17	1450	0	1475
19396	4	2	1458	25	0	1489
19397	1404	3	18	14	0	1439
19398	20	3	1494	8	0	1525
19399	11	1	19	1478	0	1509
19400	3	1529	9	27	0	1568
19401	1	20	2	1561	0	1584
19402	4	1557	1	24	0	1586
19403	1597	19	2	10	0	1628
19404	24	10	0	1646	0	1680
19405	13	2	1683	26	0	1724
19406	6	1	1634	16	0	1657
19407	1680	3	25	14	0	1722
19408	1762	2	10	7	0	1781
19409	1766	2	1	6	0	1775
19410	1761	2	2	2	0	1767
19411	35	1748	2	5	0	1790
19412	1769	25	2	4	0	1800
19413	1774	8	1	5	0	1788
19414	35	6	1760	2	0	1803
19415	19	0	19	1754	0	1792
19416	1781	3	9	28	0	1821
19417	23	1	1745	18	0	1787
19418	10	6	20	1756	0	1792
19419	7	5	1836	21	0	1869
19420	9	6	20	1820	0	1855
19421	5	1869	9	23	0	1906
19422	1886	18	3	13	0	1920
19423	20	11	1842	9	0	1882
19424	1836	2	22	8	0	1868
19425	22	0	9	1864	0	1895
19426	1881	4	3	24	0	1912
19427	24	2	0	1887	0	1913
19428	1997	3	4	26	0	2030
19429	26	3	1968	14	0	2011
19430	2046	3	21	11	0	2081
19431	26	0	9	2058	0	2093
19432	10	3	2	2087	0	2102
19433	2039	3	0	33	0	2075
19434	21	4	1	2037	0	2063
19435	11	1	1991	22	0	2025
19436	4	3	15	1977	0	1999
19437	1911	1	6	17	0	1935
19438	14	1877	5	12	0	1908
19439	13	1872	1	6	0	1892
19440	1837	16	2	2	0	1857
19441	13	1923	2	3	0	1941
19442	9	12	5	1904	0	1930
19443	1912	3	5	14	0	1934
19444	1923	5	0	5	0	1933
19445	1917	4	0	3	0	1924
19446	18	1	1923	4	0	1946
19447	7	5	15	1905	0	1932
19448	4	1918	4	12	0	1938
19449	3	14	4	1946	0	1967
19450	7	4	1974	11	0	1996
19451	3	1921	12	6	0	1942
19452	6	27	2	1907	0	1942
19453	1856	5	3	5	0	1869
19454	6	1877	2	4	0	1889
19455	8	5	1927	3	0	1943
19456	3	4	11	1913	0	1931
19457	3	2	1923	9	0	1937
19458	2	3	10	1893	0	1908
19459	1953	0	9	12	0	1974
19460	6	3	2	1956	0	1967
19461	1971	0	1	10	0	1982
19462	1986	1	1	10	0	1998
19463	13	2032	1	3	0	2049
19464	2063	7	0	3	0	2073
19465	10	2070	2	0	0	2082
19466	8	10	2112	0	0	2130
19467	7	5	9	2078	0	2099
19468	4	2	5	2216	0	2227
19469	1	1	2178	19	0	2199
19470	5	2142	12	8	0	2167
19471	2194	13	7	3	0	2217
19472	2224	4	3	3	0	2234
19473	20	2	1	2238	0	2261
19474	9	0	1	2242	0	2252
19475	4	2	1	2283	0	2290
19476	2255	0	0	27	0	2282
19477	13	1	2223	8	0	2245
19478	7	1	2251	6	0	2265
19479	5	1	17	2268	0	2291
19480	4	1	2259	14	0	2278
19481	1	2	2243	6	0	2252
19482	5	1	17	2227	0	2250
19483	2	1	2287	13	0	2303
19484	3	2280	14	10	0	2307
19485	1	12	5	2324	0	2342
19486	4	5	2365	14	0	2388
19487	2	2	13	2345	0	2362
19488	1	2283	6	18	0	2308
19489	2	11	4	2335	0	2352
19490	1	6	2363	16	0	2386
19491	4	2	11	2308	0	2325
19492	2354	1	6	17	0	2378
19493	15	1	2352	8	0	2376
19494	2212	0	12	7	0	2231
19495	17	2319	7	0	0	2343
19496	2346	15	3	1	0	2365
19497	18	6	2	2361	0	2387
19498	7	2361	1	14	0	2383
19499	2446	12	2	8	0	2468
19500	18	8	2	2489	0	2517
19501	8	4	2507	22	0	2541
19502	4	2522	19	9	0	2554
19503	2	20	10	2545	0	2577
19504	2502	6	4	19	0	2531
19505	2451	5	1	7	0	2464
19506	21	1	1	2445	0	2468
19507	8	0	2420	19	0	2447
19508	2305	2	17	13	0	2337
19509	19	2	2417	4	0	2442
19510	7	3	19	2407	0	2436
19511	2451	1	8	23	0	2483
19512	22	2426	4	13	0	2465
19513	2462	17	4	12	0	2495
19514	25	7	2422	3	0	2457
19515	2448	7	19	7	0	2481
19516	22	1	11	2474	0	2508
19517	10	1	7	2523	0	2541
19518	11	4	2530	22	0	2567
19519	8	3	23	2443	0	2477
19520	2495	2	8	25	0	2530
19521	23	3	6	2455	0	2487
19522	10	2474	3	25	0	2512
19523	7	16	3	2496	0	2522
19524	5	2486	6	28	0	2525
19525	7	21	2471	9	0	2508
19526	2422	6	18	14	0	2460
19527	21	3	12	2517	0	2553
19528	11	9	2394	20	0	2434
19529	7	2376	19	17	0	2419
19530	9	17	6	2337	0	2369
19531	3	10	10	2351	0	2374
19532	2351	8	6	28	0	2393
19533	22	4	4	2393	0	2423
19534	2423	4	4	28	0	2459
19535	2446	5	8	9	0	2468
19536	24	2466	3	16	0	2509
19537	2511	19	4	14	0	2548
19538	30	9	7	2748	0	2794
19539	15	5	2768	32	0	2820
19540	2758	1	31	17	0	2807
19541	36	1	9	2715	0	2761
19542	18	6	2694	27	0	2745
19543	2626	5	27	15	0	2673
19544	34	3	10	2704	0	2751
19545	15	2739	9	29	0	2792
19546	15	30	3	2678	0	2726
19547	9	2723	3	38	0	2773
19548	2706	30	10	15	0	2761
19549	30	11	2774	10	0	2825
19550	13	2751	26	13	0	2803
19551	8	31	11	2763	0	2813
19552	10	10	2772	29	0	2821
19553	7	8	2679	21	0	2715
19554	10	2755	29	11	0	2805
19555	13	34	13	2760	0	2820
19556	9	7	11	2821	0	2848
19557	9	5	2	3267	0	3283
19558	3392	6	6	73	0	3477
19559	66	6	3672	22	0	3766
19560	20	3692	78	11	0	3801
19561	8	82	16	3703	0	3809
19562	9	19	14	3809	0	3851
19563	7	10	3703	102	0	3822
19564	6	12	80	3709	0	3807
19565	8	2	3678	99	0	3787
19566	9	6	3599	27	0	3641
19567	11	8	3621	17	0	3657
19568	12	3	97	3483	0	3595
19569	5	3	29	3585	0	3622
19570	4	5	14	3657	0	3680
19571	3562	6	6	104	0	3678
19572	72	3544	7	35	0	3658
19573	3638	82	14	16	0	3750
19574	3614	13	9	15	0	3651
19575	3727	9	8	15	0	3759
19576	94	3739	5	13	0	3851
19577	3771	83	8	15	0	3877
19578	3846	19	3	12	0	3880
19579	104	12	5	3752	0	3873
19580	27	8	5	3855	0	3895
19581	22	7	3	3880	0	3912
19582	11	5	3784	114	0	3914
19583	3721	2	90	33	0	3846
19584	94	4	17	3776	0	3891
19585	3740	5	14	100	0	3859
19586	98	3718	9	26	0	3851
19587	27	88	8	3752	0	3875
19588	17	15	7	3843	0	3882
19589	3759	12	9	107	0	3887
19590	90	6	8	3760	0	3864
19591	3530	13	5	114	0	3662
19592	3782	8	7	29	0	3826
19593	112	3649	8	23	0	3792
19594	27	3760	7	19	0	3813
19595	26	116	4	3615	0	3761
19596	10	3728	6	88	0	3832
19597	13	99	15	3703	0	3830
19598	12	18	3655	103	0	3788
19599	9	12	3547	24	0	3592
19600	3425	11	90	18	0	3544
19601	3500	3	24	15	0	3542
19602	98	3435	12	7	0	3552
19603	3459	87	10	8	0	3564
19604	92	3582	7	12	0	3693
19605	20	89	5	3618	0	3732
19606	13	14	8	3703	0	3738
19607	9	8	13	3697	0	3727
19608	4	9	7	3714	0	3734
19609	3624	3	11	111	0	3749
19610	83	3597	6	34	0	3720
19611	3617	84	8	25	0	3734
19612	3685	17	4	21	0	3727
19613	107	13	3584	9	0	3713
19614	3549	8	84	13	0	3654
19615	96	3520	14	11	0	3641
19616	31	85	9	3576	0	3701
19617	21	21	7	3581	0	3630
19618	15	3504	8	94	0	3621
19619	3553	88	9	24	0	3674
19620	91	23	3499	16	0	3629
19621	3470	15	84	17	0	3586
19622	104	4	3519	26	0	3653
19623	36	6	94	3531	0	3667
19624	19	8	32	3634	0	3693
19625	16	14	17	3662	0	3709
19626	3616	13	17	131	0	3777
19627	100	5	3665	53	0	3823
19628	3695	10	99	38	0	3842
19629	3790	9	27	35	0	3861
19630	3769	11	29	21	0	3830
19631	3769	6	28	18	0	3821
19632	118	2	22	3682	0	3824
19633	29	8	3657	108	0	3802
19634	24	13	84	3630	0	3751
19635	21	5	3639	118	0	3783
19636	31	8	3589	39	0	3667
19637	21	3556	92	22	0	3691
19638	36	84	23	3255	0	3398
19639	32	22	13	3376	0	3443
19640	38	21	13	3061	0	3133
19641	30	20	6	3338	0	3394
19642	3312	11	8	109	0	3440
19643	3363	8	8	34	0	3413
19644	112	6	2	3298	0	3418
19645	40	9	3238	114	0	3401
19646	34	6	75	3297	0	3412
19647	20	8	25	3386	0	3439
19648	27	4	3298	109	0	3438
19649	21	7	77	3259	0	3364
19650	3273	12	14	109	0	3408
19651	3321	16	9	38	0	3384
19652	3332	14	7	36	0	3389
19653	116	11	3	3266	0	3396
19654	3208	12	9	96	0	3325
19655	3183	6	7	38	0	3234
19656	117	3	3079	27	0	3226
19657	20	5	2525	11	0	2561
19658	25	3	2494	13	0	2535
19659	2207	4	23	5	0	2239
19660	20	2233	5	5	0	2263
19661	2213	14	9	5	0	2241
19662	17	2368	2	5	0	2392
19663	10	16	3	2369	0	2398
19664	3	4	1	2404	0	2412
19665	6	3	2	2401	0	2412
19666	3	3	2374	19	0	2399
19667	2274	1	13	8	0	2296
19668	17	1	6	2365	0	2389
19669	7	2	2341	15	0	2365
19670	9	0	2238	3	0	2250
19671	2232	4	14	8	0	2258
19672	11	2324	8	6	0	2349
19673	2283	11	4	8	0	2306
19674	2261	6	2	7	0	2276
19675	14	2254	2	4	0	2274
19676	2191	8	2	5	0	2206
19677	18	3	2269	1	0	2291
19678	9	3	2198	3	0	2213
19679	4	1	2316	6	0	2327
19680	2	10	11	2270	0	2293
19681	1	0	2301	11	0	2313
19682	2216	1	7	6	0	2230
19683	2261	0	5	2	0	2268
19684	12	1	2293	3	0	2309
19685	8	2	4	2273	0	2287
19686	2289	0	5	6	0	2300
19687	10	2385	3	4	0	2402
19688	6	2427	1	6	0	2440
19689	2435	11	4	3	0	2453
19690	8	5	2468	4	0	2485
19691	3	16	5	2389	0	2413
19692	1	0	4	2398	0	2403
19693	1	0	0	2447	0	2448
19694	0	2432	1	7	0	2440
19695	2	10	2	2311	0	2325
19696	2595	3	0	11	0	2609
19697	11	0	0	2684	0	2695
19698	5	2713	0	14	0	2732
19699	2779	13	0	7	0	2799
19700	14	5	0	2808	0	2827
19701	6	2	1	2937	0	2946
19702	3004	3	0	18	0	3025
19703	3017	0	0	9	0	3026
19704	18	2	1	2978	0	2999
19705	3046	0	0	17	0	3063
19706	3069	0	0	6	0	3075
19707	20	3098	1	5	0	3124
19708	3127	18	1	2	0	3148
19709	23	3102	0	2	0	3127
19710	8	20	1	3134	0	3163
19711	5	6	3201	20	0	3232
19712	6	3	18	3176	0	3203
19713	2	1	6	3208	0	3217
19714	1	2	4	3286	0	3293
19715	3275	0	2	30	0	3307
19716	20	3272	2	10	0	3304
19717	3369	19	0	6	0	3394
19718	27	3438	2	6	0	3473
19719	3537	26	2	4	0	3569
19720	3560	7	3	4	0	3574
19721	3579	3	2	4	0	3588
19722	3530	4	1	5	0	3540
19723	32	5	3514	9	0	3560
19724	19	2	27	3511	0	3559
19725	12	4	7	3634	0	3657
19726	6	2	3574	38	0	3620
19727	3454	3	34	13	0	3504
19728	34	2	7	3545	0	3588
19729	12	4	3512	36	0	3564
19730	8	2	3469	13	0	3492
19731	14	0	36	3582	0	3632
19732	8	3	3697	37	0	3745
19733	6	2	35	3637	0	3680
19734	9	1	10	3639	0	3659
19735	3	4	3585	45	0	3637
19736	3494	1	35	18	0	3548
19737	37	1	11	3592	0	3641
19738	11	1	3618	40	0	3670
19739	7	2	35	3623	0	3667
19740	3636	2	10	41	0	3689
19741	37	2	3613	16	0	3668
19742	3547	3	37	12	0	3599
19743	3715	2	9	13	0	3739
19744	47	2	6	3689	0	3744
19745	16	2	7	3658	0	3683
19746	17	0	3641	42	0	3700
19747	10	4	34	3643	0	3691
19748	14	2	13	3449	0	3478
19749	9	5	9	3675	0	3698
19750	9	5	3582	47	0	3643
19751	3532	3	37	24	0	3596
19752	3616	4	13	12	0	3645
19753	3677	2	4	14	0	3697
19754	3750	4	7	13	0	3774
19755	55	1	6	3748	0	3810
19756	3734	5	6	44	0	3789
19757	3720	3	6	23	0	3752
19758	3174	14	11	25	0	3224
19759	3702	4	6	20	0	3732
19760	49	3688	8	13	0	3758
19761	3718	35	6	10	0	3769
19762	3673	6	5	9	0	3693
19763	54	3674	3	12	0	3743
19764	3706	45	10	7	0	3768
19765	61	11	1	3715	0	3788
19766	23	3	7	3743	0	3776
19767	3693	5	9	51	0	3758
19768	63	3640	3	17	0	3723
19769	19	3671	7	15	0	3712
19770	17	50	9	3693	0	3769
19771	20	10	3713	57	0	3800
19772	14	9	51	3659	0	3733
19773	11	4	14	3748	0	3777
19774	3700	2	7	67	0	3776
19775	3724	1	12	22	0	3759
19776	58	2	8	3701	0	3769
19777	21	2	3625	56	0	3704
19778	18	5	54	3662	0	3739
19779	3711	4	14	64	0	3793
19780	59	2	3865	21	0	3947
19781	18	3912	61	21	0	4012
19782	4023	55	15	23	0	4116
19783	78	11	8	4036	0	4133
19784	23	5	4	4073	0	4105
19785	21	7	6	4133	0	4167
19786	12	3	4040	88	0	4143
19787	3740	2	60	34	0	3836
19788	73	1	3877	21	0	3972
19789	24	3861	62	13	0	3960
19790	20	54	18	3893	0	3985
19791	19	15	15	3949	0	3998
19792	8	9	7	4153	0	4177
19793	15	4	4044	95	0	4158
19794	11	4	4018	33	0	4066
19795	11	5	4071	23	0	4110
19796	14	4029	77	16	0	4136
19797	26	66	39	4027	0	4158
19798	4128	13	17	70	0	4228
19799	4403	7	7	26	0	4443
19800	89	7	4573	19	0	4688
19801	36	4592	74	16	0	4718
19802	22	74	4563	11	0	4670
19803	13	4696	86	12	0	4807
19804	4569	108	37	19	0	4733
19805	4571	25	17	11	0	4624
19806	97	4523	14	10	0	4644
19807	4515	87	10	6	0	4618
19808	97	20	10	4490	0	4617
19809	25	16	12	4577	0	4630
19810	4501	14	2	103	0	4620
19811	4420	4	3	33	0	4460
19812	4402	2	4	28	0	4436
19813	109	4299	6	16	0	4430
19814	35	4460	9	10	0	4514
19815	4436	91	4	10	0	4541
19816	91	25	4392	15	0	4523
19817	28	48	74	4272	0	4422
19818	4197	12	24	80	0	4313
19819	91	4070	15	15	0	4191
19820	23	4234	11	15	0	4283
19821	4234	92	10	9	0	4345
19822	90	26	4142	15	0	4273
19823	4059	28	74	13	0	4174
19824	93	11	4053	8	0	4165
19825	33	9	4063	7	0	4112
19826	27	22	84	4016	0	4149
19827	19	16	4125	71	0	4231
19828	4055	10	76	23	0	4164
19829	4161	2	28	19	0	4210
19830	4208	5	20	15	0	4248
19831	4170	5	12	14	0	4201
19832	103	1	14	4015	0	4133
19833	4029	8	8	73	0	4118
19834	89	4027	10	20	0	4146
19835	36	65	9	3945	0	4055
19836	27	4098	8	69	0	4202
19837	4206	77	4	22	0	4309
19838	4220	17	11	17	0	4265
19839	88	17	11	4183	0	4299
19840	4214	10	5	76	0	4305
19841	4276	16	12	17	0	4321
19842	98	8	10	4211	0	4327
19843	41	11	6	4216	0	4274
19844	35	8	10	4271	0	4324
19845	30	8	4135	97	0	4270
19846	22	5	4028	43	0	4098
19847	21	9	4090	28	0	4148
19848	17	11	85	4114	0	4227
19849	17	3	4190	85	0	4295
19850	22	7	85	4153	0	4267
19851	29	5	4403	86	0	4523
19852	18	6	4312	30	0	4366
19853	4207	13	89	29	0	4338
19854	85	4249	37	17	0	4388
19855	4328	73	22	19	0	4442
19856	89	22	22	4290	0	4423
19857	35	21	12	4360	0	4428
19858	26	18	4332	90	0	4466
19859	22	4332	80	36	0	4470
19860	27	68	26	4416	0	4537
19861	23	22	4429	81	0	4555
19862	18	4373	75	26	0	4492
19863	18	71	31	4341	0	4461
19864	4318	17	27	83	0	4445
19865	4340	17	21	29	0	4407
19866	82	16	20	4329	0	4447
19867	4339	11	13	77	0	4440
19868	90	4362	16	24	0	4492
19869	39	61	20	4399	0	4519
19870	30	27	4471	76	0	4604
19871	25	21	69	4461	0	4576
19872	29	14	4496	76	0	4615
19873	4442	19	74	35	0	4570
19874	84	13	25	4517	0	4639
19875	34	4534	21	70	0	4659
19876	28	87	9	4677	0	4801
19877	32	15	4629	83	0	4759
19878	26	17	4541	34	0	4618
19879	25	14	4488	28	0	4555
19880	4262	31	92	17	0	4402
19881	70	4337	26	17	0	4450
19882	26	60	20	4278	0	4384
19883	4284	17	23	68	0	4392
19884	65	4281	20	31	0	4397
19885	4441	60	18	32	0	4551
19886	4513	17	19	18	0	4567
19887	4580	15	11	20	0	4626
19888	4643	12	9	23	0	4687
19889	78	16	4508	18	0	4620
19890	4434	7	63	20	0	4524
19891	78	11	4478	12	0	4579
19892	4212	4	56	17	0	4289
19893	72	12	22	4362	0	4468
19894	29	6	4284	47	0	4366
19895	30	4179	44	20	0	4273
19896	36	202	31	3954	0	4223
19897	27	4075	10	36	0	4148
19898	18	4083	12	19	0	4132
19899	3699	39	24	20	0	3782
19900	38	5	3529	12	0	3584
19901	7	3385	28	2	0	3422
19902	3298	27	22	1	0	3348
19903	24	3308	5	4	0	3341
19904	3342	19	7	1	0	3369
19905	25	1	1	3314	0	3341
19906	3338	2	3	20	0	3363
19907	21	2	4	3297	0	3324
19908	3333	4	3	19	0	3359
19909	20	2	1	3329	0	3352
19910	2	3420	3	21	0	3446
19911	3	21	3	3502	0	3529
19912	3516	5	1	19	0	3541
19913	18	3477	1	4	0	3500
19914	3	23	2	3470	0	3498
19915	3525	5	0	21	0	3551
19916	22	3	1	3529	0	3555
19917	5	4	1	3524	0	3534
19918	5	2	3572	22	0	3601
19919	7	1	3508	3	0	3519
19920	6	2	18	3497	0	3523
19921	6	0	3651	22	0	3679
19922	4	1	19	3631	0	3655
19923	5	6	13	3303	0	3327
19924	4	1	2	3680	0	3687
19925	7	1	3655	22	0	3685
19926	0	6	18	3512	0	3536
19927	3	4	2	3573	0	3582
19928	6	3562	0	20	0	3588
19929	4	16	1	3590	0	3611
19930	3593	4	1	24	0	3622
19931	18	2	5	3634	0	3659
19932	6	1	4095	21	0	4123
19933	3945	3	31	13	0	3992
19934	31	4338	21	5	0	4395
19935	24	34	10	4413	0	4481
19936	6	20	4333	43	0	4402
19937	4110	7	38	20	0	4175
19938	36	4295	20	18	0	4369
19939	4347	35	8	10	0	4400
19940	46	21	5	4324	0	4396
19941	4284	10	5	42	0	4341
19942	49	3	4279	24	0	4355
19943	28	4217	33	14	0	4292
19944	13	4540	19	10	0	4582
19945	4603	47	11	9	0	4670
19946	4604	27	5	9	0	4645
19947	58	12	4568	5	0	4643
19948	4475	4	37	5	0	4521
19949	4603	4	23	12	0	4642
19950	4644	4	8	9	0	4665
19951	63	4367	7	5	0	4442
19952	36	4454	2	7	0	4499
19953	4472	53	3	7	0	4535
19954	4502	27	5	4	0	4538
19955	58	4531	4	9	0	4602
19956	30	39	4	4559	0	4632
19957	15	28	4557	36	0	4636
19958	4485	8	37	25	0	4555
19959	4352	11	26	20	0	4409
19960	4718	9	10	11	0	4748
19961	62	4627	6	4	0	4699
19962	35	36	4681	7	0	4759
19963	4757	21	40	6	0	4824
19964	51	11	21	4824	0	4907
19965	29	9	11	4825	0	4874
19966	23	4	9	4929	0	4965
19967	15	9	4866	67	0	4957
19968	13	9	34	4776	0	4832
19969	11	7	4837	54	0	4909
19970	8	4710	38	31	0	4787
19971	4660	35	23	16	0	4734
19972	41	4671	14	6	0	4732
19973	26	4705	7	9	0	4747
19974	4707	55	8	5	0	4775
19975	42	4777	5	4	0	4828
19976	29	41	6	4718	0	4794
19977	16	4687	5	33	0	4741
19978	4708	42	5	20	0	4775
19979	44	4732	1	9	0	4786
19980	31	44	4	4823	0	4902
19981	17	26	4775	37	0	4855
19982	10	13	34	4819	0	4876
19983	9	4825	19	60	0	4913
19984	13	40	13	4911	0	4977
19985	8	24	10	4797	0	4839
19986	8	18	6	4703	0	4735
19987	8	7	10	4861	0	4886
19988	11	9	1	4902	0	4923
19989	10	4	4	4917	0	4935
19990	15	6	4882	80	0	4983
19991	4818	9	50	47	0	4924
19992	55	6	32	5207	0	5300
19993	36	6	5203	74	0	5319
19994	24	11	5237	46	0	5318
19995	11	9	88	5314	0	5422
19996	5360	9	55	74	0	5498
19997	69	12	5275	44	0	5400
19998	5209	12	73	35	0	5329
19999	87	6	5381	21	0	5495
20000	47	13	87	5391	0	5538
20001	37	6	38	5526	0	5607
20002	22	16	5471	105	0	5614
20003	5260	10	80	58	0	5408
20004	81	15	40	5422	0	5558
20005	47	8	5414	85	0	5554
20006	32	10	5431	51	0	5524
20007	27	8	108	5289	0	5432
20008	24	5439	58	76	0	5597
20009	5529	67	28	50	0	5674
20010	5482	43	23	35	0	5583
20011	109	20	5467	25	0	5621
20012	61	16	74	5368	0	5519
20013	5482	11	40	83	0	5616
20014	91	12	5482	51	0	5636
20015	5386	7	86	37	0	5516
20016	93	5355	50	35	0	5533
20017	53	68	37	5518	0	5676
20018	38	36	25	5543	0	5642
20019	5676	16	15	124	0	5831
20020	86	15	23	5699	0	5823
20021	60	11	17	5628	0	5716
20022	32	13	16	5696	0	5757
20023	5571	9	16	139	0	5735
20024	89	10	5550	84	0	5733
20025	5587	6	80	55	0	5728
20026	5638	11	46	38	0	5733
20027	5733	7	28	35	0	5803
20028	141	16	23	5631	0	5811
20029	90	6	5730	100	0	5926
20030	40	5621	97	66	0	5824
20031	40	5712	43	50	0	5845
20032	18	5477	30	33	0	5558
20033	29	92	5517	29	0	5667
20034	24	70	87	5999	0	6180
20035	6236	18	34	118	0	6406
20036	6787	8	19	67	0	6881
20037	172	7	16	7083	0	7278
20038	96	8	7041	143	0	7288
20039	63	2	7086	64	0	7215
20040	29	8	176	7098	0	7311
20041	28	7	7176	146	0	7357
20042	24	6	175	7194	0	7399
20043	25	10	72	7100	0	7207
20044	25	7053	57	197	0	7332
20045	18	132	34	7212	0	7396
20046	23	55	18	7443	0	7539
20047	7293	37	27	213	0	7570
20048	154	19	16	7378	0	7567
20049	64	9	28	7427	0	7528
20050	7212	11	34	216	0	7473
20051	164	7166	28	126	0	7484
20052	7228	132	21	99	0	7480
20053	192	59	7132	53	0	7436
20054	7134	40	154	60	0	7388
20055	7154	28	73	56	0	7311
20056	223	16	6987	35	0	7261
20057	117	18	6924	60	0	7119
20058	100	10	198	6729	0	7037
20059	6746	16	115	167	0	7044
20060	180	10	6662	100	0	6952
20061	93	12	175	6674	0	6954
20062	74	18	6579	176	0	6847
20063	53	14	194	6550	0	6811
20064	44	10	98	6711	0	6863
20065	6519	10	81	230	0	6840
20066	6497	12	42	147	0	6698
20067	6687	14	35	110	0	6846
20068	243	15	6583	65	0	6906
20069	121	17	6587	75	0	6800
20070	103	14	197	6549	0	6863
20071	67	22	122	6639	0	6850
20072	57	11	77	6741	0	6886
20073	6449	16	45	259	0	6769
20074	168	6456	54	148	0	6826
20075	6367	131	42	106	0	6646
20076	6321	64	36	77	0	6498
20077	246	6205	48	46	0	6545
20078	135	6355	40	59	0	6589
20079	6257	170	46	76	0	6549
20080	164	96	55	6106	0	6421
20081	125	6097	37	195	0	6454
20082	104	141	31	6194	0	6470
20083	90	75	6031	231	0	6427
20084	82	55	154	6116	0	6407
20085	6046	35	102	237	0	6420
20086	175	23	5961	145	0	6304
20087	118	19	5923	108	0	6168
20088	107	110	220	5534	0	5971
20089	74	5517	144	196	0	5931
20090	58	5577	89	139	0	5863
20091	54	5742	51	139	0	5986
20092	5501	195	47	114	0	5857
20093	5538	90	35	97	0	5760
20094	5356	48	39	120	0	5563
20095	220	5307	43	111	0	5681
20096	5465	109	41	82	0	5697
20097	5401	72	43	97	0	5613
20098	223	61	5254	74	0	5612
20099	147	5148	154	50	0	5499
20100	121	134	85	5182	0	5522
20101	5163	80	90	150	0	5483
20102	174	64	5094	109	0	5441
20103	135	29	152	5011	0	5327
20104	104	5049	96	182	0	5431
20105	87	111	93	5106	0	5397
20106	69	56	75	5184	0	5384
20107	5123	57	48	233	0	5461
20108	5179	37	74	143	0	5433
20109	192	30	78	5123	0	5423
20110	128	37	4992	185	0	5342
20111	103	41	4990	143	0	5277
20112	5068	31	163	125	0	5387
20113	218	27	5085	84	0	5414
20114	159	36	175	4701	0	5071
20115	153	4818	97	137	0	5205
20116	4861	116	105	89	0	5171
20117	165	4812	88	92	0	5157
20118	4895	135	68	103	0	5201
20119	203	66	49	4822	0	5140
20120	118	60	51	4916	0	5145
20121	4839	42	48	214	0	5143
20122	4955	47	49	119	0	5170
20123	235	55	35	4879	0	5204
20124	170	49	39	4908	0	5166
20125	126	45	4707	179	0	5057
20126	79	61	4689	130	0	4959
20127	4668	49	168	104	0	4989
20128	155	40	4509	107	0	4811
20129	4537	34	163	90	0	4824
20130	4618	36	95	97	0	4846
20131	191	27	4425	97	0	4740
20132	132	4176	138	88	0	4534
20133	122	4242	92	49	0	4505
20134	62	77	3629	27	0	3795
20135	120	246	156	3052	0	3574
20136	2769	67	111	110	0	3057
20137	2710	11	4	18	0	2743
20138	3012	11	3	13	0	3039
20139	3483	4	7	13	0	3507
20140	3578	5	7	11	0	3601
20141	93	3650	8	11	0	3762
20142	3565	83	9	5	0	3662
20143	95	3540	8	9	0	3652
20144	3450	82	8	4	0	3544
20145	91	15	3342	6	0	3454
20146	26	11	68	3253	0	3358
20147	23	8	10	3235	0	3276
20148	17	3218	8	77	0	3320
20149	3259	79	8	14	0	3360
20150	3303	15	4	15	0	3337
20151	91	13	2	3213	0	3319
20152	25	8	3	3289	0	3325
20153	3227	5	5	88	0	3325
20154	87	4	5	3222	0	3318
20155	19	4	1	3300	0	3324
20156	3221	8	4	94	0	3327
20157	88	3	5	3230	0	3326
20158	3227	5	2	91	0	3325
20159	3284	2	2	27	0	3315
20160	93	0	3207	20	0	3320
20161	3236	3	66	19	0	3324
20162	3273	2	10	17	0	3302
20163	3271	5	7	11	0	3294
20164	97	2	3115	12	0	3226
20165	32	2	77	3092	0	3203
20166	31	3	12	3188	0	3234
20167	23	2	3089	87	0	3201
20168	3045	2	82	17	0	3146
20169	89	2	17	3024	0	3132
20170	27	4	2984	84	0	3099
20171	26	2	3081	11	0	3120
20172	17	2	90	3034	0	3143
20173	10	2	3097	94	0	3203
20174	10	2	87	3074	0	3173
20175	15	3	24	3134	0	3176
20176	21	2	3057	96	0	3176
20177	13	2	78	2992	0	3085
20178	16	2964	23	89	0	3092
20179	7	3136	18	26	0	3187
20180	3057	79	17	20	0	3173
20181	3100	16	10	17	0	3143
20182	84	3052	14	20	0	3170
20183	3047	78	12	20	0	3157
20184	3123	16	9	16	0	3164
20185	99	11	6	3048	0	3164
20186	26	17	10	3117	0	3170
20187	3027	18	2	94	0	3141
20188	101	2991	3	25	0	3120
20189	26	3059	8	23	0	3116
20190	35	85	2	3023	0	3145
20191	30	18	3012	85	0	3145
20192	2950	15	74	26	0	3065
20193	3028	13	15	24	0	3080
20194	2967	14	10	23	0	3014
20195	108	2952	9	19	0	3088
20196	47	84	9	2936	0	3076
20197	30	27	9	3027	0	3093
20198	2958	13	9	106	0	3086
20199	100	2961	13	30	0	3104
20200	41	84	9	2951	0	3085
20201	37	16	9	3037	0	3099
20202	41	18	7	3023	0	3089
20203	2932	18	5	112	0	3067
20204	102	2930	8	43	0	3083
20205	43	87	7	2842	0	2979
20206	40	2919	5	103	0	3067
20207	2889	90	9	42	0	3030
20208	100	23	2857	40	0	3020
20209	2838	19	79	37	0	2973
20210	99	15	2799	39	0	2952
20211	48	34	75	2693	0	2850
20212	2696	9	18	89	0	2812
20213	87	11	2667	39	0	2804
20214	2709	10	69	19	0	2807
20215	2787	8	19	26	0	2840
20216	2813	8	21	26	0	2868
20217	110	5	16	2702	0	2833
20218	49	2	18	2753	0	2822
20219	38	3	14	2776	0	2831
20220	2699	4	17	96	0	2816
20221	93	2715	16	43	0	2867
20222	2696	60	18	35	0	2809
20223	2760	11	16	26	0	2813
20224	101	5	2687	22	0	2815
20225	2689	8	67	26	0	2790
20226	2777	8	28	30	0	2843
20227	93	4	16	2742	0	2855
20228	40	6	19	2772	0	2837
20229	31	8	21	2774	0	2834
20230	2679	9	16	87	0	2791
20231	2664	10	13	40	0	2727
20232	2561	13	24	23	0	2621
20233	87	2419	12	27	0	2545
20234	27	2260	11	21	0	2319
20235	20	2289	16	19	0	2344
20236	2246	61	21	30	0	2358
20237	66	16	2192	27	0	2301
20238	16	11	1865	20	0	1912
20239	1355	5	26	8	0	1394
20240	21	3	1394	6	0	1424
20241	1	0	4	1143	0	1148
20242	0	1132	1	6	0	1139
20243	1182	4	4	1	0	1191
20244	1189	0	1	1	0	1191
20245	1199	0	0	1	0	1200
20246	6	0	0	1284	0	1290
20247	1	1	1318	5	0	1325
20248	1	0	1269	2	0	1272
20249	1299	0	4	2	0	1305
20250	1339	0	1	1	0	1341
20251	1321	4	0	1	0	1326
20252	3	3	0	1344	0	1350
20253	2	1	0	1350	0	1353
20254	2	0	1350	4	0	1356
20255	1355	0	5	0	0	1360
20256	4	1	1	1392	0	1398
20257	2	0	0	1394	0	1396
20258	1	2	1	1388	0	1392
20259	1	1377	0	4	0	1382
20260	0	4	1	1378	0	1383
20261	3	0	0	1368	0	1371
20262	1364	0	1	4	0	1369
20263	5	0	1347	1	0	1353
20264	1315	1	3	4	0	1323
20265	1380	1	2	0	0	1383
20266	4	1	1	1365	0	1371
20267	3	0	0	1373	0	1376
20268	1369	0	0	3	0	1372
20269	4	0	1346	1	0	1351
20270	2	1341	3	7	0	1353
20271	0	5	0	1339	0	1344
20272	1333	0	2	3	0	1338
20273	4	2	0	1292	0	1298
20274	4	0	1287	4	0	1295
20275	2	1	1289	2	0	1294
20276	1312	4	5	4	0	1325
20277	4	0	1	1390	0	1395
20278	1	0	1375	4	0	1380
20279	1355	0	2	2	0	1359
20280	1449	0	0	4	0	1453
20281	3	0	1	1459	0	1463
20282	3	1	0	1459	0	1463
20283	2	1455	0	2	0	1459
20284	1498	2	0	4	0	1504
20285	3	0	1	1515	0	1519
20286	2	3	0	1523	0	1528
20287	1	0	1553	4	0	1558
20288	1477	1	3	2	0	1483
20289	1530	0	0	3	0	1533
20290	4	1508	1	2	0	1515
20291	1	4	1467	1	0	1473
20292	0	0	1452	1	0	1453
20293	1	0	3	1432	0	1436
20294	1523	4	0	2	0	1529
20295	3	0	0	1514	0	1517
20296	1574	0	1	5	0	1580
20297	1590	0	0	1	0	1591
20298	1598	0	0	1	0	1599
20299	4	0	0	1594	0	1598
20300	1	0	1	1588	0	1590
20301	1611	2	0	3	0	1616
20302	3	0	1644	1	0	1648
20303	1563	0	2	0	0	1565
20304	1590	0	0	1	0	1591
20305	2	0	1620	0	0	1622
20306	0	0	1593	1	0	1594
20307	0	1612	1	0	0	1613
20308	0	2	0	1621	0	1623
20309	1577	0	1	2	0	1580
20310	1	0	0	1629	0	1630
20311	0	2	1636	1	0	1639
20312	0	1612	1	0	0	1613
20313	0	1603	0	0	0	1603
20314	0	1	0	1627	0	1628
20315	0	0	0	1588	0	1588
20316	0	1570	0	1	0	1571
20317	0	2	1571	0	0	1573
20318	1509	0	3	2	0	1514
20319	1610	0	0	1	0	1611
20320	3	1604	0	3	0	1610
20321	1562	3	2	0	0	1567
20322	3	0	0	1545	0	1548
20323	1542	0	0	3	0	1545
20324	3	0	0	1528	0	1531
20325	0	1618	0	4	0	1622
20326	0	6	1618	0	0	1624
20327	1	0	8	1746	0	1755
20328	3	2	2	1701	0	1708
20329	0	0	0	1872	0	1872
20330	1923	0	0	19	0	1942
20331	21	0	0	1934	0	1955
20332	5	0	2079	21	0	2105
20333	1	0	2167	5	0	2173
20334	2234	1	32	4	0	2271
20335	34	0	2272	1	0	2307
20336	2280	0	33	3	0	2316
20337	33	0	6	2495	0	2534
20338	6	0	2	2578	0	2586
20339	3	0	2	2735	0	2740
20340	1	0	2	2750	0	2753
20341	2732	0	0	58	0	2790
20342	47	0	2728	13	0	2788
20343	9	1	44	2694	0	2748
20344	3	2762	7	48	0	2820
20345	2772	46	3	9	0	2830
20346	49	6	3	2670	0	2728
20347	2640	4	1	52	0	2697
20348	52	3	2627	9	0	2691
20349	9	1	49	2569	0	2628
20350	7	2613	6	48	0	2674
20351	2628	48	3	11	0	2690
20352	52	7	2616	5	0	2680
20353	7	4	52	2593	0	2656
20354	7	2	7	2650	0	2666
20355	2584	2	12	54	0	2652
20356	51	1	2574	12	0	2638
20357	7	3	2619	6	0	2635
20358	7	0	54	2586	0	2647
20359	4	1	2587	51	0	2643
20360	4	1	2619	11	0	2635
20361	3	0	59	2594	0	2656
20362	7	0	13	2652	0	2672
20363	1	0	12	2729	0	2742
20364	2674	0	10	56	0	2740
20365	50	2676	7	15	0	2748
20366	2693	49	6	12	0	2760
20367	55	8	6	2700	0	2769
20368	13	2717	3	61	0	2794
20369	7	51	0	2798	0	2856
20370	2897	8	5	65	0	2975
20371	61	3056	3	20	0	3140
20372	10	61	4	3150	0	3225
20373	13	10	3178	64	0	3265
20374	3169	7	60	25	0	3261
20375	68	8	11	3160	0	3247
20376	19	4	10	3203	0	3236
20377	12	3	3111	79	0	3205
20378	14	5	3132	28	0	3179
20379	3048	1	74	19	0	3142
20380	64	3006	26	15	0	3111
20381	23	63	14	3023	0	3123
20382	3025	13	14	70	0	3122
20383	70	8	3021	25	0	3124
20384	17	3001	65	23	0	3106
20385	14	59	10	3008	0	3091
20386	3012	12	14	69	0	3107
20387	2980	11	20	20	0	3031
20388	3051	7	9	21	0	3088
20389	79	2977	9	24	0	3089
20390	27	62	2985	12	0	3086
20391	18	15	67	3014	0	3114
20392	23	10	18	2842	0	2893
20393	10	9	14	3077	0	3110
20394	15	4	7	3064	0	3090
20395	2979	8	12	88	0	3087
20396	2974	13	12	26	0	3025
20397	75	4	2890	33	0	3002
20398	23	5	2894	30	0	2952
20399	2853	7	77	20	0	2957
20400	2918	3	23	21	0	2965
20401	77	4	17	2816	0	2914
20402	32	2846	11	71	0	2960
20403	2843	63	13	26	0	2945
20404	73	2809	12	20	0	2914
20405	30	2848	11	13	0	2902
20406	19	75	7	2867	0	2968
20407	17	22	9	2930	0	2978
20408	10	18	12	2939	0	2979
20409	19	12	7	2941	0	2979
20410	19	13	2837	82	0	2951
20411	2806	11	68	36	0	2921
20412	2888	11	19	30	0	2948
20413	82	6	13	2821	0	2922
20414	24	6	15	2854	0	2899
20415	2802	6	13	89	0	2910
20416	76	8	2686	39	0	2809
20417	2807	4	65	23	0	2899
20418	2862	6	25	18	0	2911
20419	87	10	2779	15	0	2891
20420	2834	11	68	21	0	2934
20421	82	4	19	2863	0	2968
20422	30	5	19	2910	0	2964
20423	23	10	12	2901	0	2946
20424	22	8	6	2915	0	2951
20425	2749	6	7	83	0	2845
20426	78	4	10	2707	0	2799
20427	27	2	7	2569	0	2605
20428	15	2419	14	65	0	2513
20429	14	2465	14	23	0	2516
20430	13	48	6	2394	0	2461
20431	2361	12	5	60	0	2438
20432	49	9	7	2202	0	2267
20433	13	8	2063	45	0	2129
20434	11	5	1963	16	0	1995
20435	1931	5	35	12	0	1983
20436	34	1943	18	11	0	2006
20437	1729	29	26	8	0	1792
20438	36	6	1717	12	0	1771
20439	33	47	28	1529	0	1637
20440	1495	3	12	20	0	1530
20441	23	1497	9	8	0	1537
20442	1473	17	6	6	0	1502
20443	22	4	1564	10	0	1600
20444	9	5	16	1558	0	1588
20445	6	4	10	1580	0	1600
20446	1611	8	10	23	0	1652
20447	1617	3	4	13	0	1637
20448	1643	6	0	9	0	1658
20449	1651	1	3	12	0	1667
20450	1670	2	2	7	0	1681
20451	22	1660	7	5	0	1694
20452	16	16	1	1668	0	1701
20453	1692	5	2	20	0	1719
20454	24	2	1	1687	0	1714
20455	12	5	3	1679	0	1699
20456	12	1	5	1694	0	1712
20457	6	1652	3	20	0	1681
20458	1674	14	3	14	0	1705
20459	17	6	1	1664	0	1688
20460	1632	2	0	25	0	1659
20461	1597	4	1	13	0	1615
20462	21	1589	1	14	0	1625
20463	1583	13	0	6	0	1602
20464	22	9	1549	2	0	1582
20465	1537	2	20	7	0	1566
20466	16	12	21	1532	0	1581
20467	17	2	1567	12	0	1598
20468	9	1565	10	10	0	1594
20469	7	10	1548	8	0	1573
20470	3	1404	5	3	0	1415
20471	1239	19	18	9	0	1285
20472	1227	5	3	5	0	1240
20473	1210	0	2	0	0	1212
20474	1	1201	0	0	0	1202
20475	1190	1	0	0	0	1191
20476	1	2	1194	1	0	1198
20477	0	0	1193	0	0	1193
20478	1	0	1	1181	0	1183
20479	1	2	0	1245	0	1248
20480	0	1252	0	3	0	1255
20481	1278	2	0	1	0	1281
20482	3	1	1	1284	0	1289
20483	0	1293	0	3	0	1296
20484	0	4	0	1315	0	1319
20485	1318	2	0	4	0	1324
20486	1287	0	0	4	0	1291
20487	7	0	1265	0	0	1272
20488	3	0	4	1276	0	1283
20489	0	0	1273	4	0	1277
20490	0	0	4	1285	0	1289
20491	0	1	1284	5	0	1290
20492	0	0	5	1284	0	1289
20493	1	0	1292	5	0	1298
20494	0	0	5	1284	0	1289
20495	0	0	1322	5	0	1327
20496	0	0	6	1316	0	1322
20497	0	0	2	1337	0	1339
20498	0	1368	0	7	0	1375
20499	0	5	0	1408	0	1413
20500	0	2	1396	5	0	1403
20501	2	0	5	1381	0	1388
20502	0	0	2	1384	0	1386
20503	1388	0	0	7	0	1395
20504	5	0	0	1406	0	1411
20505	2	0	0	1395	0	1397
20506	1	0	1368	7	0	1376
20507	1357	0	5	7	0	1369
20508	5	0	2	1408	0	1415
20509	4	0	0	1415	0	1419
20510	0	0	0	1424	0	1424
20511	1430	0	0	9	0	1439
20512	6	0	0	1438	0	1444
20513	2	0	1	1446	0	1449
20514	1448	0	0	9	0	1457
20515	6	1441	1	2	0	1450
20516	3	6	0	1416	0	1425
20517	0	2	1	1432	0	1435
20518	1	0	1390	10	0	1401
20519	1309	0	6	4	0	1319
20520	7	0	1	1368	0	1376
20521	2	0	1328	8	0	1338
20522	1356	0	8	2	0	1366
20523	7	0	2	1414	0	1423
20524	2	0	1	1447	0	1450
20525	1	0	0	1454	0	1455
20526	0	0	0	1478	0	1478
20527	1	0	1618	10	0	1629
20528	1	0	12	1646	0	1659
20529	2	0	2	1993	0	1997
20530	0	0	2278	28	0	2306
20531	2371	0	32	7	0	2410
20532	2460	0	16	6	0	2482
20533	2488	0	8	5	0	2501
20534	56	0	9	2445	0	2510
20535	2478	0	5	33	0	2516
20536	2510	2	1	18	0	2531
20537	64	2	2	2489	0	2557
20538	2497	1	0	49	0	2547
20539	2504	0	3	25	0	2532
20540	2513	1	0	11	0	2525
20541	2520	0	1	13	0	2534
20542	67	2	2	2453	0	2524
20543	39	2338	0	37	0	2414
20544	27	2336	4	18	0	2385
20545	25	2392	0	11	0	2428
20546	2304	56	4	15	0	2379
20547	2386	32	2	9	0	2429
20548	57	24	2351	10	0	2442
20549	2401	16	35	7	0	2459
20550	61	7	18	2415	0	2501
20551	38	1	6	2437	0	2482
20552	22	0	13	2454	0	2489
20553	2397	1	7	62	0	2467
20554	48	0	2	2411	0	2461
20555	29	2356	3	62	0	2450
20556	13	38	0	2423	0	2474
20557	16	22	2464	55	0	2557
20558	15	10	37	2476	0	2538
20559	2483	15	18	55	0	2571
20560	50	7	2501	31	0	2589
20561	29	2	46	2517	0	2594
20562	13	3	24	2504	0	2544
20563	22	1	8	2558	0	2589
20564	15	2530	9	66	0	2620
20565	8	32	9	2576	0	2625
20566	2543	17	2	66	0	2628
20567	2515	11	1	35	0	2562
20568	57	14	2457	23	0	2551
20569	28	9	2496	16	0	2549
20570	29	5	52	2506	0	2592
20571	24	2	28	2555	0	2609
20572	11	2	2555	61	0	2629
20573	6	3	52	2489	0	2550
20574	4	2508	26	52	0	2590
20575	2600	37	7	43	0	2687
20576	2613	19	11	18	0	2661
20577	2601	7	11	18	0	2637
20578	69	14	2583	14	0	2680
20579	41	7	37	2587	0	2672
20580	30	2	2577	43	0	2652
20581	2517	2	45	25	0	2589
20582	44	2535	31	20	0	2630
20583	25	36	15	2511	0	2587
20584	2526	16	13	53	0	2608
20585	49	8	9	2524	0	2590
20586	26	14	6	2582	0	2628
20587	17	7	2525	65	0	2614
20588	2489	7	35	36	0	2567
20589	52	2518	18	25	0	2613
20590	29	29	10	2554	0	2622
20591	2537	20	14	49	0	2620
20592	54	10	13	2538	0	2615
20593	2542	15	4	49	0	2610
20594	47	2528	7	42	0	2624
20595	2583	34	4	22	0	2643
20596	60	19	2557	21	0	2657
20597	2571	9	44	18	0	2642
20598	2572	12	19	12	0	2615
20599	2593	9	9	17	0	2628
20600	83	4	12	2535	0	2634
20601	45	7	14	2459	0	2525
20602	38	7	3	2551	0	2599
20603	32	2498	3	58	0	2591
20604	2531	34	5	50	0	2620
20605	51	20	7	2538	0	2616
20606	31	15	4	2554	0	2604
20607	25	14	3	2538	0	2580
20608	2493	11	7	66	0	2577
20609	54	4	2	2514	0	2574
20610	30	3	2445	69	0	2547
20611	22	2475	35	43	0	2575
20612	19	45	16	2505	0	2585
20613	21	22	9	2543	0	2595
20614	15	10	16	2578	0	2619
20615	11	14	2498	73	0	2596
20616	15	5	2489	49	0	2558
20617	13	8	52	2536	0	2609
20618	10	4	2627	73	0	2714
20619	14	5	49	2682	0	2750
20620	2720	4	31	61	0	2816
20621	2809	6	17	43	0	2875
20622	2796	6	17	32	0	2851
20623	72	6	2685	28	0	2791
20624	2660	4	44	21	0	2729
20625	70	9	23	2729	0	2831
20626	37	3	2699	54	0	2793
20627	26	3	2567	31	0	2627
20628	19	2549	53	26	0	2647
20629	10	2257	18	17	0	2302
20630	1902	27	61	11	0	2001
20631	17	5	8	1866	0	1896
20632	4	3	1909	14	0	1930
20633	4	3	13	1943	0	1963
20634	1967	0	2	18	0	1987
20635	18	0	2103	5	0	2126
20636	2100	0	18	8	0	2126
20637	2241	3	5	2	0	2251
20638	2211	3	1	5	0	2220
20639	22	2192	3	2	0	2219
20640	2255	17	1	8	0	2281
20641	21	6	2	2273	0	2302
20642	7	1	1	2265	0	2274
20643	6	0	1	2286	0	2293
20644	1	2	2	2273	0	2278
20645	2223	0	2	23	0	2248
20646	18	2185	2	6	0	2211
20647	5	2129	0	5	0	2139
20648	5	2179	0	2	0	2186
20649	2173	17	5	5	0	2200
20650	2184	4	0	3	0	2191
20651	2176	2	1	5	0	2184
20652	2172	0	2	3	0	2177
20653	20	1	3	2169	0	2193
20654	9	3	2	2171	0	2185
20655	2161	2	3	21	0	2187
20656	17	2168	1	7	0	2193
20657	2097	15	2	5	0	2119
20658	2128	5	1	2	0	2136
20659	22	3	1	2116	0	2142
20660	6	2118	1	18	0	2143
20661	2	15	2	2171	0	2190
20662	2149	4	3	19	0	2175
20663	22	3	2198	6	0	2229
20664	7	4	15	2135	0	2161
20665	6	2185	6	16	0	2213
20666	2185	17	5	5	0	2212
20667	2177	5	0	7	0	2189
20668	25	6	2187	5	0	2223
20669	8	2140	17	7	0	2172
20670	4	14	2183	6	0	2207
20671	3	9	17	2137	0	2166
20672	2	3	2112	19	0	2136
20673	2	1	2068	7	0	2078
20674	5	2071	17	1	0	2094
20675	2066	15	4	2	0	2087
20676	2093	4	3	2	0	2102
20677	20	2133	2	2	0	2157
20678	5	2105	2	5	0	2117
20679	4	16	2036	6	0	2062
20680	3	5	2023	7	0	2038
20681	4	2	2066	4	0	2076
20682	2	3	20	2079	0	2104
20683	3	2	2100	16	0	2121
20684	3	4	15	2037	0	2059
20685	2	3	4	2039	0	2048
20686	2	3	2070	17	0	2092
20687	4	2056	16	4	0	2080
20688	4	13	4	2062	0	2083
20689	2056	3	5	14	0	2078
20690	18	1	1	2058	0	2078
20691	6	2	2079	17	0	2104
20692	3	2053	14	5	0	2075
20693	3	2141	3	4	0	2151
20694	4	19	5	2111	0	2139
20695	2099	6	1	17	0	2123
20696	2093	2	1	6	0	2102
20697	19	2	2	2089	0	2112
20698	6	2163	2	19	0	2190
20699	3	23	3	2216	0	2245
20700	3	7	3	2285	0	2298
20701	4	5	3	2283	0	2295
20702	2387	2	2	28	0	2419
20703	28	2405	2	8	0	2443
20704	2435	29	0	5	0	2469
20705	2482	4	4	4	0	2494
20706	2477	5	1	4	0	2487
20707	2534	2	2	7	0	2545
20708	35	2	4	2501	0	2542
20709	6	4	2520	34	0	2564
20710	9	2523	36	8	0	2576
20711	2555	38	7	5	0	2605
20712	2606	8	6	2	0	2622
20713	2637	6	2	4	0	2649
20714	43	4	2577	5	0	2629
20715	2562	5	33	3	0	2603
20716	2611	3	8	4	0	2626
20717	44	4	6	2582	0	2636
20718	14	4	2471	33	0	2522
20719	10	2445	31	9	0	2495
20720	10	35	9	2401	0	2455
20721	2372	6	8	35	0	2421
20722	36	4	1	2364	0	2405
20723	11	2	4	2434	0	2451
20724	2477	1	5	39	0	2522
20725	39	3	2443	11	0	2496
20726	2438	3	34	11	0	2486
20727	2426	3	10	5	0	2444
20728	2413	1	7	9	0	2430
20729	2418	2	3	5	0	2428
20730	48	2	2358	5	0	2413
20731	16	3	35	2336	0	2390
20732	10	3	2328	37	0	2378
20733	11	8	37	2270	0	2326
20734	7	0	2273	41	0	2321
20735	2074	3	37	10	0	2124
20736	34	2039	11	8	0	2092
20737	11	2059	8	4	0	2082
20738	15	35	3	2224	0	2277
20739	10	11	3	2343	0	2367
20740	8	2386	3	43	0	2440
20741	2396	49	4	13	0	2462
20742	2550	7	3	14	0	2574
20743	2647	9	6	7	0	2669
20744	2783	2	6	4	0	2795
20745	75	2	3	2764	0	2844
20746	23	3	4	2878	0	2908
20747	2894	2	3	72	0	2971
20748	72	2	1	2851	0	2926
20749	13	4	2790	80	0	2887
20750	18	7	2817	16	0	2858
20751	12	3	68	2825	0	2908
20752	8	2	2813	72	0	2895
20753	2793	1	79	15	0	2888
20754	65	3	16	2815	0	2899
20755	2823	2	14	71	0	2910
20756	83	3	2834	14	0	2934
20757	20	2	62	2840	0	2924
20758	18	1	2845	71	0	2935
20759	9	2833	77	16	0	2935
20760	2792	64	25	20	0	2901
20761	2813	13	18	13	0	2857
20762	80	2744	8	16	0	2848
20763	2745	66	4	5	0	2820
20764	88	13	1	2703	0	2805
20765	22	14	5	2756	0	2797
20766	2704	6	4	78	0	2792
20767	77	2648	1	29	0	2755
20768	19	2698	4	22	0	2743
20769	22	72	4	2653	0	2751
20770	2608	21	3	67	0	2699
20771	2684	22	5	15	0	2726
20772	2677	10	6	18	0	2711
20773	95	5	2594	12	0	2706
20774	34	1	2624	11	0	2670
20775	26	2582	73	7	0	2688
20776	2586	67	26	4	0	2683
20777	79	13	17	2547	0	2656
20778	2564	16	7	72	0	2659
20779	2609	8	5	16	0	2638
20780	89	3	6	2541	0	2639
20781	33	2	2544	77	0	2656
20782	2546	3	70	17	0	2636
20783	82	3	15	2537	0	2637
20784	18	5	2541	79	0	2643
20785	2518	5	75	18	0	2616
20786	2573	3	14	23	0	2613
20787	87	3	19	2506	0	2615
20788	36	4	2490	73	0	2603
20789	31	4	68	2449	0	2552
20790	19	2497	17	82	0	2615
20791	16	65	2509	19	0	2609
20792	13	2506	71	24	0	2614
20793	2470	79	21	11	0	2581
20794	2525	16	22	11	0	2574
20795	2523	17	10	9	0	2559
20796	2510	6	6	11	0	2533
20797	98	8	5	2407	0	2518
20798	2345	4	9	67	0	2425
20799	87	5	4	2288	0	2384
20800	2202	4	6	82	0	2294
20801	81	2181	7	21	0	2290
20802	23	56	5	2050	0	2134
20803	28	2062	6	58	0	2154
20804	2042	63	7	18	0	2130
20805	2054	16	7	17	0	2094
20806	71	2000	6	13	0	2090
20807	34	51	6	1963	0	2054
20808	24	11	1940	58	0	2033
20809	17	15	49	1922	0	2003
20810	10	10	1901	68	0	1989
20811	12	13	56	1789	0	1870
20812	13	1826	19	52	0	1910
20813	1820	47	15	16	0	1898
20814	1856	10	7	19	0	1892
20815	56	13	8	1805	0	1882
20816	1871	11	1	48	0	1931
20817	72	3	5	1866	0	1946
20818	21	6	4	1917	0	1948
20819	25	4	7	1921	0	1957
20820	1883	6	1	67	0	1957
20821	1904	8	2	28	0	1942
20822	1907	5	3	21	0	1936
20823	67	1796	2	19	0	1884
20824	1767	44	3	9	0	1823
20825	64	1708	5	11	0	1788
20826	1734	49	8	9	0	1800
20827	61	14	7	1712	0	1794
20828	18	12	4	1760	0	1794
20829	1725	8	5	53	0	1791
20830	1746	7	3	17	0	1773
20831	62	1698	1	18	0	1779
20832	1696	44	3	10	0	1753
20833	62	8	3	1660	0	1733
20834	19	13	4	1704	0	1740
20835	1670	5	3	55	0	1733
20836	55	8	1652	21	0	1736
20837	17	1591	42	20	0	1670
20838	22	37	8	1395	0	1462
20839	14	4	1272	31	0	1321
20840	14	48	25	1164	0	1251
20841	1185	4	7	32	0	1228
20842	28	1055	7	11	0	1101
20843	7	953	6	11	0	977
20844	6	849	4	6	0	865
20845	21	40	19	740	0	820
20846	730	2	27	15	0	774
20847	10	2	2	714	0	728
20848	715	2	0	11	0	728
20849	726	2	0	2	0	730
20850	10	1	2	724	0	737
20851	731	1	1	12	0	745
20852	15	0	0	742	0	757
20853	4	1	748	13	0	766
20854	748	1	9	3	0	761
20855	13	1	817	3	0	834
20856	790	2	10	4	0	806
20857	14	1	785	4	0	804
20858	3	0	10	739	0	752
20859	1	1	1	752	0	755
20860	768	1	0	11	0	780
20861	9	1	1	776	0	787
20862	777	2	0	10	0	789
20863	11	778	0	2	0	791
20864	800	8	1	1	0	810
20865	9	3	0	821	0	833
20866	5	0	1	822	0	828
20867	2	0	0	838	0	840
20868	3	0	1	824	0	828
20869	1	0	816	13	0	830
20870	2	0	822	3	0	827
20871	6	1	11	822	0	840
20872	2	0	836	11	0	849
20873	2	823	11	3	0	839
20874	2	10	3	825	0	840
20875	5	2	855	10	0	872
20876	0	1	856	5	0	862
20877	4	2	11	854	0	871
20878	1	0	3	859	0	863
20879	2	862	0	12	0	876
20880	1	12	1	878	0	892
20881	2	3	879	11	0	895
20882	872	2	11	5	0	890
20883	13	0	3	901	0	917
20884	904	1	1	16	0	922
20885	910	0	0	6	0	916
20886	949	0	4	6	0	959
20887	13	0	957	2	0	972
20888	2	1	941	4	0	948
20889	919	0	16	4	0	939
20890	14	2	958	1	0	975
20891	4	1	12	913	0	930
20892	2	0	4	929	0	935
20893	4	1	924	15	0	944
20894	3	924	13	6	0	946
20895	931	10	4	4	0	949
20896	13	939	4	3	0	959
20897	4	969	3	3	0	979
20898	978	15	2	4	0	999
20899	12	4	1034	3	0	1053
20900	8	3	1038	2	0	1051
20901	4	0	16	1022	0	1042
20902	1028	0	8	14	0	1050
20903	15	1030	2	7	0	1054
20904	1043	12	3	4	0	1062
20905	15	6	1083	3	0	1107
20906	8	1153	13	2	0	1176
20907	5	17	6	1193	0	1221
20908	4	8	1228	16	0	1256
20909	1	4	19	1226	0	1250
20910	5	2	9	1111	0	1127
20911	1	1	5	1250	0	1257
20912	4	2	5	1246	0	1257
20913	1223	3	1	27	0	1254
20914	1236	3	2	10	0	1251
20915	24	4	1232	3	0	1263
20916	1198	2	15	4	0	1219
20917	17	1178	13	6	0	1214
20918	1178	17	5	6	0	1206
20919	18	8	1190	5	0	1221
20920	8	6	17	1180	0	1211
20921	3	2	1215	22	0	1242
20922	5	2	1208	11	0	1226
20923	4	3	24	1195	0	1226
20924	3	4	10	1203	0	1220
20925	5	3	1200	23	0	1231
20926	4	1163	17	10	0	1194
20927	2	1195	11	6	0	1214
20928	2	20	6	1200	0	1228
20929	1188	7	6	22	0	1223
20930	16	1227	4	12	0	1259
20931	7	17	1236	8	0	1268
20932	4	8	1213	7	0	1232
20933	3	4	1245	6	0	1258
20934	4	4	26	1205	0	1239
20935	1233	3	11	17	0	1264
20936	18	1208	5	12	0	1243
20937	11	15	1204	9	0	1239
20938	8	1206	16	3	0	1233
20939	7	17	10	1214	0	1248
20940	2	9	1218	21	0	1250
20941	3	1230	22	12	0	1267
20942	6	13	11	1229	0	1259
20943	4	9	8	1258	0	1279
20944	6	1	1312	25	0	1344
20945	1	5	18	1293	0	1317
20946	4	1294	13	19	0	1330
20947	4	20	1291	9	0	1324
20948	1278	13	18	5	0	1314
20949	17	5	13	1301	0	1336
20950	9	8	7	1293	0	1317
20951	4	1286	5	25	0	1320
20952	1287	12	7	11	0	1317
20953	16	5	1274	6	0	1301
20954	1276	4	15	4	0	1299
20955	17	7	6	1218	0	1248
20956	8	1223	3	16	0	1250
20957	3	13	2	1233	0	1251
20958	2	6	1	1275	0	1284
20959	1259	5	3	18	0	1285
20960	1274	3	2	8	0	1287
20961	19	1	3	1277	0	1300
20962	6	2	1262	18	0	1288
20963	1211	1	11	9	0	1232
20964	14	1272	6	5	0	1297
20965	6	13	3	1278	0	1300
20966	4	5	3	1301	0	1313
20967	5	2	0	1309	0	1316
20968	2	3	1290	21	0	1316
20969	4	2	15	1270	0	1291
20970	0	1290	7	21	0	1318
20971	3	15	2	1269	0	1289
20972	4	1280	4	16	0	1304
20973	2	15	2	1289	0	1308
20974	1	7	1275	18	0	1301
20975	1220	1	16	8	0	1245
20976	13	2	8	1263	0	1286
20977	6	2	1268	16	0	1292
20978	2	1269	12	9	0	1292
20979	1262	9	10	3	0	1284
20980	11	6	1249	4	0	1270
20981	1216	3	14	2	0	1235
20982	12	2	5	1255	0	1274
20983	8	1	2	1254	0	1265
20984	0	1242	1	14	0	1257
20985	1259	11	1	6	0	1277
20986	1226	5	2	3	0	1236
20987	14	1276	3	3	0	1296
20988	6	12	0	1310	0	1328
20989	2	3	1	1317	0	1323
20990	2	1	1	1317	0	1321
20991	0	4	1307	12	0	1323
20992	1270	1	13	7	0	1291
20993	11	5	6	1294	0	1316
20994	6	1	3	1308	0	1318
20995	1	1	1290	15	0	1307
20996	3	0	1268	7	0	1278
20997	0	6	15	1313	0	1334
20998	1	1	1337	12	0	1351
20999	1269	2	9	5	0	1285
21000	10	1	3	1305	0	1319
21001	4	0	3	1334	0	1341
21002	2	2	1397	16	0	1417
21003	0	1	12	1413	0	1426
21004	0	0	1427	15	0	1442
21005	1	1380	11	3	0	1395
21006	1297	11	5	2	0	1315
21007	1293	2	3	1	0	1299
21008	13	1269	0	1	0	1283
21009	2	12	1	1296	0	1311
21010	2	2	1317	11	0	1332
21011	0	2	10	1312	0	1324
21012	1315	0	3	13	0	1331
21013	11	1315	1	3	0	1330
21014	1308	10	0	3	0	1321
21015	11	2	1	1310	0	1324
21016	1317	1	1	10	0	1329
21017	10	1319	1	1	0	1331
21018	1329	7	0	4	0	1340
21019	9	3	1289	1	0	1302
21020	3	1296	8	3	0	1310
21021	1	7	3	1292	0	1303
21022	1381	2	4	9	0	1396
21023	1406	0	1	4	0	1411
21024	10	0	1	1405	0	1416
21025	1425	1	1	8	0	1435
21026	1419	0	0	2	0	1421
21027	1447	0	1	2	0	1450
21028	12	0	0	1432	0	1444
21029	3	1	1435	10	0	1449
21030	4	0	1365	3	0	1372
21031	1	0	1408	1	0	1410
21032	1418	1	11	1	0	1431
21033	11	0	2	1415	0	1428
21034	2	1444	0	9	0	1455
21035	3	8	0	1448	0	1459
21036	0	1478	0	13	0	1491
21037	1515	11	1	2	0	1529
21038	10	2	1	1526	0	1539
21039	3	2	1	1565	0	1571
21040	1583	0	1	11	0	1595
21041	10	1	0	1592	0	1603
21042	3	2	0	1614	0	1619
21043	1637	0	0	15	0	1652
21044	12	1	1651	5	0	1669
21045	4	0	9	1667	0	1680
21046	2	0	1659	13	0	1674
21047	1659	0	12	5	0	1676
21048	14	0	5	1677	0	1696
21049	1682	0	1	15	0	1698
21050	15	0	1	1701	0	1717
21051	6	1	1750	12	0	1769
21052	1	0	14	1770	0	1785
21053	1809	0	5	13	0	1827
21054	13	1835	2	6	0	1856
21055	5	13	1835	3	0	1856
21056	1772	2	11	4	0	1789
21057	11	1826	5	1	0	1843
21058	6	1846	2	3	0	1857
21059	1	1989	2	6	0	1998
21060	1	22	0	2155	0	2178
21061	2200	7	4	21	0	2232
21062	2236	3	1	8	0	2248
21063	34	5	2220	2	0	2261
21064	2202	2	23	2	0	2229
21065	26	2179	10	0	0	2215
21066	11	26	1	2225	0	2263
21067	2308	9	2	27	0	2346
21068	2342	2	0	10	0	2354
21069	2369	3	1	1	0	2374
21070	2347	0	3	4	0	2354
21071	2365	2	2	0	0	2369
21072	38	2	1	2333	0	2374
21073	17	3	2319	27	0	2366
21074	9	2	26	2362	0	2399
21075	8	3	9	2378	0	2398
21076	2361	0	1	38	0	2400
21077	37	2291	3	15	0	2346
21078	2332	25	0	9	0	2366
21079	2380	11	2	5	0	2398
21080	2440	1	4	7	0	2452
21081	2475	3	2	7	0	2487
21082	47	2	2417	4	0	2470
21083	2430	4	25	5	0	2464
21084	2474	2	8	7	0	2491
21085	2236	7	4	4	0	2251
21086	2480	2	2	4	0	2488
21087	47	1	2	2375	0	2425
21088	22	0	2324	29	0	2375
21089	2302	1	29	15	0	2347
21090	35	2326	13	7	0	2381
21091	18	22	6	2314	0	2360
21092	15	2376	3	29	0	2423
21093	11	22	3	2420	0	2456
21094	2426	11	5	32	0	2474
21095	2459	6	3	15	0	2483
21096	2456	9	3	10	0	2478
21097	44	3	2338	8	0	2393
21098	2336	4	23	5	0	2368
21099	40	4	2302	9	0	2355
21100	28	1	2306	8	0	2343
21101	18	5	2331	3	0	2357
21102	16	7	31	2185	0	2239
21103	11	3	15	2247	0	2276
21104	12	4	4	2260	0	2280
21105	13	1	7	2241	0	2262
21106	16	3	7	2177	0	2203
21107	15	2	4	2235	0	2256
21108	15	2223	4	29	0	2271
21109	2207	26	4	16	0	2253
21110	30	2220	5	12	0	2267
21111	16	22	4	2253	0	2295
21112	10	11	2	2284	0	2307
21113	2259	1	2	39	0	2301
21114	35	2245	0	13	0	2293
21115	2272	27	4	9	0	2312
21116	39	13	2	2260	0	2314
21117	20	8	6	2255	0	2289
21118	13	4	7	2272	0	2296
21119	16	2	2235	38	0	2291
21120	13	8	23	2234	0	2278
21121	12	9	2198	32	0	2251
21122	17	5	2106	22	0	2150
21123	17	6	2271	12	0	2306
21124	20	4	33	2281	0	2338
21125	16	1	15	2321	0	2353
21126	17	6	7	2344	0	2374
21127	2332	7	8	39	0	2386
21128	33	13	10	2403	0	2459
21129	2449	4	8	45	0	2506
21130	50	2454	6	24	0	2534
21131	2584	29	5	16	0	2634
21132	2680	13	7	14	0	2714
21133	62	2715	2	17	0	2796
21134	2728	36	5	18	0	2787
21135	2746	10	7	19	0	2782
21136	2783	8	9	11	0	2811
21137	2761	3	6	15	0	2785
21138	65	6	2702	9	0	2782
21139	26	2670	41	7	0	2744
21140	21	46	10	2628	0	2705
21141	2628	13	8	48	0	2697
21142	52	7	2598	22	0	2679
21143	22	2561	43	16	0	2642
21144	16	41	10	2459	0	2526
21145	16	2536	9	45	0	2606
21146	16	40	4	2553	0	2613
21147	19	13	5	2564	0	2601
21148	16	9	2553	53	0	2631
21149	14	4	2525	19	0	2562
21150	2429	4	44	16	0	2493
21151	46	8	2485	8	0	2547
21152	16	8	2465	8	0	2497
21153	16	6	45	2403	0	2470
21154	11	9	12	2396	0	2428
21155	9	2391	7	48	0	2455
21156	12	2572	10	15	0	2609
21157	15	41	2586	13	0	2655
21158	12	23	47	2618	0	2700
21159	11	4	2550	47	0	2612
21160	1	3	2320	6	0	2330
21161	1	2293	37	2	0	2333
21162	15	33	8	2249	0	2305
21163	2257	5	4	32	0	2298
21164	31	2	6	2259	0	2298
21165	2285	2	1	36	0	2324
21166	2296	3	1	7	0	2307
21167	2271	2	2	5	0	2280
21168	38	2	2246	5	0	2291
21169	2241	0	34	4	0	2279
21170	37	0	7	2260	0	2304
21171	2296	0	3	34	0	2333
21172	2315	0	3	4	0	2322
21173	37	2258	5	1	0	2301
21174	2260	28	0	5	0	2293
21175	34	4	2278	2	0	2318
21176	2238	3	29	3	0	2273
21177	2272	4	4	2	0	2282
21178	32	2268	5	0	0	2305
21179	2258	31	2	2	0	2293
21180	34	5	4	2185	0	2228
21181	11	3	3	2179	0	2196
21182	1	2147	2	35	0	2185
21183	5	29	1	2171	0	2206
21184	5	5	2	2193	0	2205
21185	0	3	2178	39	0	2220
21186	4	2	2150	5	0	2161
21187	2132	1	33	6	0	2172
21188	2198	0	5	5	0	2208
21189	37	0	5	2197	0	2239
21190	10	1	2197	33	0	2241
21191	6	2187	30	9	0	2232
21192	6	32	6	2161	0	2205
21193	4	5	2189	34	0	2232
21194	2153	3	35	10	0	2201
21195	39	2	6	2220	0	2267
21196	7	2280	5	37	0	2329
21197	7	36	4	2311	0	2358
21198	6	11	2	2358	0	2377
21199	4	4	1	2367	0	2376
21200	2311	3	2	45	0	2361
21201	37	1	1	2313	0	2352
21202	2331	2	1	44	0	2378
21203	2355	5	0	10	0	2370
21204	45	1	2314	13	0	2373
21205	13	2342	38	9	0	2402
21206	10	35	8	2242	0	2295
21207	6	2452	8	31	0	2497
21208	2488	41	5	11	0	2545
21209	46	11	2	2486	0	2545
21210	10	7	2469	50	0	2536
21211	11	3	2427	10	0	2451
21212	5	5	2471	9	0	2490
21213	2445	1	52	9	0	2507
21214	44	2459	18	9	0	2530
21215	2466	44	11	2	0	2523
21216	46	2470	6	7	0	2529
21217	12	48	3	2459	0	2522
21218	6	9	5	2476	0	2496
21219	6	2490	2	46	0	2544
21220	9	45	2471	15	0	2540
21221	4	2506	43	13	0	2566
21222	2450	46	13	8	0	2517
21223	45	13	7	2343	0	2408
21224	11	6	2301	46	0	2364
21225	9	3	2326	10	0	2348
21226	5	19	49	2282	0	2355
21227	5	3	2265	42	0	2315
21228	2	10	2187	11	0	2210
21229	2070	8	45	8	0	2131
21230	34	2093	13	7	0	2147
21231	1987	32	11	4	0	2034
21232	36	10	2010	1	0	2057
21233	13	1903	36	3	0	1955
21234	9	1956	10	4	0	1979
21235	9	48	16	1919	0	1992
21236	6	11	10	1983	0	2010
21237	1	7	3	2014	0	2025
21238	5	4	1983	42	0	2034
21239	1	3	33	1989	0	2026
21240	3	4	10	2034	0	2051
21241	2004	4	4	42	0	2054
21242	32	1990	3	16	0	2041
21243	9	31	3	2026	0	2069
21244	2011	10	4	39	0	2064
21245	1994	6	3	11	0	2014
21246	43	5	1	1978	0	2027
21247	11	1	1983	42	0	2037
21248	11	1	31	1974	0	2017
21249	6	4	1979	41	0	2030
21250	2026	1	38	14	0	2079
21251	2220	1	13	10	0	2244
21252	51	11	9	2294	0	2365
21253	14	6	2365	47	0	2432
21254	11	2462	45	12	0	2530
21255	6	48	2498	10	0	2562
21256	8	22	53	2256	0	2339
21257	3	2357	14	51	0	2425
21258	2256	37	6	9	0	2308
21259	40	5	2	2205	0	2252
21260	5	2235	5	38	0	2283
21261	2269	42	3	8	0	2322
21262	41	7	4	2236	0	2288
21263	11	2261	0	43	0	2315
21264	9	38	1	2276	0	2324
21265	4	8	2244	46	0	2302
21266	2200	9	40	10	0	2259
21267	2219	4	8	8	0	2239
21268	48	2	2158	2	0	2210
21269	13	2159	35	6	0	2213
21270	2170	40	9	3	0	2222
21271	41	6	7	2144	0	2198
21272	10	8	6	2148	0	2172
21273	12	0	3	2175	0	2190
21274	5	2	5	2171	0	2183
21275	2	3	4	2151	0	2160
21276	2099	3	5	51	0	2158
21277	2153	2	3	16	0	2174
21278	47	5	2	2111	0	2165
21279	14	4	2	2153	0	2173
21280	7	2	2098	49	0	2156
21281	2	6	2093	16	0	2117
21282	2080	3	42	7	0	2132
21283	41	4	13	2080	0	2138
21284	9	3	2064	43	0	2119
21285	10	2	38	2063	0	2113
21286	2065	1	9	50	0	2125
21287	2112	2	9	14	0	2137
21288	50	1	5	2070	0	2126
21289	18	0	3	2088	0	2109
21290	2082	2	2	52	0	2138
21291	39	0	5	2054	0	2098
21292	11	2084	4	46	0	2145
21293	10	40	1	2061	0	2112
21294	8	7	0	2064	0	2079
21295	5	3	2004	44	0	2056
21296	2	0	1947	14	0	1963
21297	4	1987	38	12	0	2041
21298	1941	38	13	6	0	1998
21299	1938	6	3	7	0	1954
21300	1962	2	4	6	0	1974
21301	40	1897	3	8	0	1948
21302	12	1936	7	5	0	1960
21303	1894	39	7	3	0	1943
21304	36	1959	4	4	0	2003
21305	10	35	1882	8	0	1935
21306	9	1914	34	7	0	1964
21307	4	38	1838	4	0	1884
21308	1799	6	39	7	0	1851
21309	1846	9	7	3	0	1865
21310	38	1841	4	4	0	1887
21311	1885	30	3	8	0	1926
21312	2011	12	4	6	0	2033
21313	2029	8	2	7	0	2046
21314	51	4	4	2005	0	2064
21315	2028	5	3	39	0	2075
21316	45	11	1962	15	0	2033
21317	2013	4	34	10	0	2061
21318	43	5	9	2047	0	2104
21319	22	5	2020	35	0	2082
21320	14	1	2062	17	0	2094
21321	16	3	37	2082	0	2138
21322	6	4	19	2111	0	2140
21323	2111	2	14	40	0	2167
21324	37	4	6	2106	0	2153
21325	15	2	2091	45	0	2153
21326	15	0	33	2078	0	2126
21327	7	2127	10	44	0	2188
21328	2147	30	8	22	0	2207
21329	42	7	6	2152	0	2207
21330	13	8	2101	46	0	2168
21331	12	2103	33	15	0	2163
21332	2033	25	10	23	0	2091
21333	28	13	8	2077	0	2126
21334	15	6	2071	33	0	2125
21335	15	2031	28	17	0	2091
21336	2027	25	18	12	0	2082
21337	2010	10	8	13	0	2041
21338	2016	6	8	12	0	2042
21339	41	6	4	1989	0	2040
21340	22	0	7	2014	0	2043
21341	1997	5	2	39	0	2043
21342	36	1966	5	20	0	2027
21343	1996	22	6	22	0	2046
21344	37	9	3	1996	0	2045
21345	2043	6	1	35	0	2085
21346	36	6	1	2043	0	2086
21347	20	1	3	2052	0	2076
21348	12	6	2	2065	0	2085
21349	16	5	5	2048	0	2074
21350	6	2	1918	39	0	1965
21351	7	8	1746	15	0	1776
21352	1610	2	17	16	0	1645
21353	15	3	1655	10	0	1683
21354	6	0	1493	7	0	1506
21355	1452	2	14	5	0	1473
21356	1466	0	15	2	0	1483
21357	11	0	10	1612	0	1633
21358	1639	0	7	6	0	1652
21359	14	1675	3	6	0	1698
21360	1708	7	3	6	0	1724
21361	1701	5	0	4	0	1710
21362	1769	3	0	4	0	1776
21363	12	5	2	1752	0	1771
21364	14	1723	2	6	0	1745
21365	8	1753	1	4	0	1766
21366	1772	11	0	5	0	1788
21367	1788	4	0	5	0	1797
21368	13	6	1	1777	0	1797
21369	8	5	0	1768	0	1781
21370	8	1778	0	10	0	1796
21371	1779	10	0	8	0	1797
21372	10	4	1801	8	0	1823
21373	7	3	6	1808	0	1824
21374	5	4	4	1828	0	1841
21375	5	1	1842	11	0	1859
21376	2	3	10	1827	0	1842
21377	3	1495	10	16	0	1524
21378	2	4	5	1874	0	1885
21379	2	3	4	1858	0	1867
21380	0	1754	1	15	0	1770
21381	2	1880	4	7	0	1893
21382	1	9	0	1900	0	1910
21383	1914	8	1	11	0	1934
21384	6	7	1	1922	0	1936
21385	5	4	0	1939	0	1948
21386	3	2002	1	16	0	2022
21387	5	10	1	2079	0	2095
21388	2	3	1	2059	0	2065
21389	5	3	1	2074	0	2083
21390	2068	4	0	18	0	2090
21391	6	1	1	2106	0	2114
21392	3	4	1	2074	0	2082
21393	8	0	0	2089	0	2097
21394	7	0	2025	15	0	2047
21395	1914	0	6	18	0	1938
21396	10	2010	3	9	0	2032
21397	2038	8	4	8	0	2058
21398	14	5	4	2035	0	2058
21399	9	5	2011	8	0	2033
21400	1898	2	9	4	0	1913
21401	15	0	2328	6	0	2349
21402	4	3	10	2370	0	2387
21403	2475	2	5	10	0	2492
21404	2423	1	4	8	0	2436
21405	2493	0	6	8	0	2507
21406	17	0	0	2501	0	2518
21407	13	1	3	2518	0	2535
21408	9	3	1	2530	0	2543
21409	9	2411	1	13	0	2434
21410	3	2409	1	13	0	2426
21411	1	2384	0	11	0	2396
21412	1	2368	1	1	0	2371
21413	2	6	2	2448	0	2458
21414	0	3	0	2455	0	2458
21415	2461	1	0	8	0	2470
21416	2414	0	0	3	0	2417
21417	2465	0	0	7	0	2472
21418	5	0	0	2458	0	2463
21419	2	0	0	2492	0	2494
21420	2454	0	0	7	0	2461
21421	2405	0	4	2	0	2411
21422	5	0	2392	3	0	2400
21423	3	2	2289	3	0	2297
21424	3	3	2366	4	0	2376
21425	0	1	2512	2	0	2515
21426	0	0	6	2528	0	2534
21427	2535	0	1	5	0	2541
21428	5	2501	1	2	0	2509
21429	0	3	0	2578	0	2581
21430	2	2	2599	4	0	2607
21431	3	2673	4	1	0	2681
21432	1	2	0	2764	0	2767
21433	0	0	2735	4	0	2739
21434	2	1	4	2698	0	2705
21435	0	0	1	2729	0	2730
21436	2789	1	1	6	0	2797
21437	4	0	0	2789	0	2793
21438	2	0	2813	6	0	2821
21439	1	1	3	2789	0	2794
21440	2	2992	0	7	0	3001
21441	1	4	1	3144	0	3150
21442	2	0	0	3170	0	3172
21443	1	1	0	3141	0	3143
21444	3200	0	0	6	0	3206
21445	3189	0	0	2	0	3191
21446	3240	0	0	4	0	3244
21447	3244	0	0	0	0	3244
21448	6	1	3210	1	0	3218
21449	3182	0	3	3	0	3188
21450	3253	0	0	5	0	3258
21451	2	0	3231	0	0	3233
21452	2	1	3405	1	0	3409
21453	2	5	2	3435	0	3444
21454	1	3465	1	2	0	3469
21455	3564	2	1	0	0	3567
21456	3626	0	0	2	0	3628
21457	3606	1	0	13	0	3620
21458	3	0	0	3592	0	3595
21459	1	3680	1	10	0	3692
21460	3823	3	0	7	0	3833
21461	3871	0	0	2	0	3873
21462	5	1	0	3824	0	3830
21463	4	0	3792	4	0	3800
21464	3783	0	3	5	0	3791
21465	3	0	0	3937	0	3940
21466	4002	0	1	8	0	4011
21467	4	0	0	4091	0	4095
21468	1	1	4090	5	0	4097
21469	4294	0	3	9	0	4306
21470	3	0	0	4423	0	4426
21471	0	1	0	4408	0	4409
21472	1	0	0	4423	0	4424
21473	0	0	0	4402	0	4402
21474	4459	0	0	6	0	4465
21475	5	0	0	4441	0	4446
21476	1	4475	1	6	0	4483
21477	2	6	0	4573	0	4581
21478	2	4585	1	9	0	4597
21479	0	7	1	4679	0	4687
21480	1	1	0	4717	0	4719
21481	1	4686	1	8	0	4696
21482	0	6	1	4791	0	4798
21483	0	2	1	4767	0	4770
21484	4768	2	0	12	0	4782
21485	8	2	4870	2	0	4882
21486	6	1	10	4839	0	4856
21487	4925	0	1	13	0	4939
21488	4927	1	1	3	0	4932
21489	4947	1	0	6	0	4954
21490	16	1	4946	3	0	4966
21491	8	3	4975	4	0	4990
21492	2	3	22	5101	0	5128
21493	5189	0	5	20	0	5214
21494	20	2	5145	4	0	5171
21495	5033	1	17	6	0	5057
21496	23	5187	3	2	0	5215
21497	6	17	3	5412	0	5438
21498	2	4	2	5506	0	5514
21499	5554	1	2	23	0	5580
21500	22	1	0	5605	0	5628
21501	5332	0	1	20	0	5353
21502	5394	0	2	9	0	5405
21503	24	2	1	5370	0	5397
21504	5	1	1	5406	0	5413
21505	5397	1	0	26	0	5424
21506	25	1	5554	7	0	5587
21507	5529	1	20	8	0	5558
21508	25	2	5795	4	0	5826
21509	5842	2	21	10	0	5875
21510	6164	0	4	11	0	6179
21511	6108	0	2	10	0	6120
21512	6018	1	1	2	0	6022
21513	31	6009	2	4	0	6046
21514	6150	23	1	2	0	6176
21515	6158	5	2	4	0	6169
21516	28	6313	1	4	0	6346
21517	6401	23	1	7	0	6432
21518	30	6	6331	3	0	6370
21519	6342	1	23	1	0	6367
21520	36	7	6413	1	0	6457
21521	8	2	27	6459	0	6496
21522	8	1	5	6505	0	6519
21523	4	2	6447	31	0	6484
21524	9	1	26	6470	0	6506
21525	66	26	89	4420	0	4601
21526	6709	1	2	47	0	6759
21527	34	1	4	6759	0	6798
21528	16	2	2	6750	0	6770
21529	5	3	1	6810	0	6819
21530	5	6647	2	53	0	6707
21531	6	34	3	6673	0	6716
21532	6728	11	2	43	0	6784
21533	42	3	6822	15	0	6882
21534	18	2	40	6928	0	6988
21535	4	2	6949	47	0	7002
21536	6933	1	41	27	0	7002
21537	50	1	19	7362	0	7432
21538	28	2	8842	59	0	8931
21539	10	6	142	8936	0	9094
21540	9	6	82	8867	0	8964
21541	4	8875	50	237	0	9166
21542	10	148	36	9236	0	9430
21543	9	80	13	9847	0	9949
21544	12	49	9663	295	0	10019
21545	9	35	178	9729	0	9951
21546	10	10	90	9905	0	10015
21547	9562	8	59	317	0	9946
21548	9600	6	49	177	0	9832
21549	246	9539	25	124	0	9934
21550	9719	173	23	98	0	10013
21551	9799	92	21	71	0	9983
21552	304	10018	28	58	0	10408
21553	162	218	11	10059	0	10450
21554	10125	107	16	225	0	10473
21555	10206	63	12	130	0	10411
21556	10057	50	17	88	0	10212
21557	332	9755	22	69	0	10178
21558	235	186	9975	52	0	10448
21559	10144	108	185	46	0	10483
21560	10299	84	85	44	0	10512
21561	328	10227	59	57	0	10671
21562	10346	224	45	33	0	10648
21563	10586	104	27	45	0	10762
21564	386	80	18	10340	0	10824
21565	207	73	10298	239	0	10817
21566	159	29	210	10521	0	10919
21567	131	29	99	10591	0	10850
21568	97	26	66	10684	0	10873
21569	70	48	10172	376	0	10666
21570	91	25	233	10041	0	10390
21571	74	26	108	10411	0	10619
21572	67	24	72	10491	0	10654
21573	59	21	62	10524	0	10666
21574	57	17	22	10591	0	10687
21575	56	10217	32	492	0	10797
21576	46	214	26	10494	0	10780
21577	34	91	46	10833	0	11004
21578	28	61	10432	439	0	10960
21579	35	51	228	11179	0	11493
21580	34	26	106	11394	0	11560
21581	37	29	78	11813	0	11957
21582	43	18	52	12012	0	12125
21583	11661	31	41	554	0	12287
21584	270	27	33	12004	0	12334
21585	141	39	16	12035	0	12231
21586	106	41	11372	513	0	12032
21587	86	10985	250	335	0	11656
21588	57	11529	140	256	0	11982
21589	11291	323	112	219	0	11945
21590	249	11367	81	192	0	11889
21591	150	326	58	11283	0	11817
21592	11224	181	32	393	0	11830
21593	311	117	11179	256	0	11863
21594	167	88	263	11370	0	11888
21595	138	11342	129	385	0	11994
21596	110	281	101	11297	0	11789
21597	71	11343	75	417	0	11906
21598	60	365	52	11434	0	11911
21599	11287	187	30	457	0	11961
21600	326	150	11354	255	0	12085
21601	173	106	296	11122	0	11697
21602	147	11364	136	422	0	12069
21603	11345	310	120	238	0	12013
21604	343	147	11218	225	0	11933
21605	190	145	298	11164	0	11797
21606	148	98	10895	409	0	11550
21607	148	88	342	10923	0	11501
21608	103	64	10683	450	0	11300
21609	80	61	372	10632	0	11145
21610	65	73	211	10691	0	11040
21611	10303	45	143	524	0	11015
21612	10529	54	112	319	0	11014
21613	434	58	70	10324	0	10886
21614	259	10143	78	415	0	10895
21615	189	299	56	10356	0	10900
21616	125	151	77	10395	0	10748
21617	9852	103	56	571	0	10582
21618	303	9911	72	375	0	10661
21619	9901	300	65	291	0	10557
21620	9992	177	50	238	0	10457
21621	447	9555	43	215	0	10260
21622	258	10002	46	208	0	10514
21623	9760	384	57	210	0	10411
21624	392	214	9478	210	0	10294
21625	9572	156	281	201	0	10210
21626	9630	118	149	196	0	10093
21627	470	9278	112	204	0	10064
21628	286	307	92	8767	0	9452
21629	215	9321	89	365	0	9990
21630	9283	383	67	252	0	9985
21631	9510	207	73	210	0	10000
21632	446	179	60	9230	0	9915
21633	282	166	49	9265	0	9762
21634	8843	111	51	475	0	9480
21635	394	8689	51	321	0	9455
21636	239	8500	53	282	0	9074
21637	204	8365	58	200	0	8827
21638	86	6567	25	138	0	6816
21639	86	6726	33	129	0	6974
21640	125	313	84	6402	0	6924
21641	59	118	6229	255	0	6661
21642	81	6171	141	128	0	6521
21643	5606	179	62	101	0	5948
21644	171	102	44	5547	0	5864
21645	5520	84	35	173	0	5812
21646	182	5505	41	90	0	5818
21647	5494	160	54	90	0	5798
21648	186	5499	45	88	0	5818
21649	110	173	62	5517	0	5862
21650	5539	75	47	174	0	5835
21651	5635	71	51	105	0	5862
21652	190	53	38	5596	0	5877
21653	115	56	44	5581	0	5796
21654	97	5483	29	214	0	5823
21655	89	143	30	5533	0	5795
21656	92	70	24	5599	0	5785
21657	86	102	21	5475	0	5684
21658	65	5209	12	256	0	5542
21659	4899	132	14	140	0	5185
21660	147	4893	21	102	0	5163
21661	4744	159	16	84	0	5003
21662	167	4725	16	73	0	4981
21663	111	161	4575	60	0	4907
21664	96	97	105	4575	0	4873
21665	72	88	4446	131	0	4737
21666	83	56	4410	57	0	4606
21667	66	63	141	4312	0	4582
21668	77	46	4336	116	0	4575
21669	69	44	128	4253	0	4494
21670	66	52	58	4310	0	4486
21671	63	43	58	4382	0	4546
21672	4275	46	29	179	0	4529
21673	134	39	24	4294	0	4491
21674	92	40	16	4261	0	4409
21675	4027	32	11	181	0	4251
21676	130	3922	14	121	0	4187
21677	99	3683	3	81	0	3866
21678	73	3702	7	62	0	3844
21679	47	235	14	2933	0	3229
21680	45	37	2959	74	0	3115
21681	2430	61	69	34	0	2594
21682	51	2450	14	16	0	2531
21683	2263	56	17	8	0	2344
21684	2268	22	8	12	0	2310
21685	2270	17	8	12	0	2307
21686	60	14	2257	12	0	2343
21687	33	17	33	2258	0	2341
21688	31	8	12	2299	0	2350
21689	14	16	9	2324	0	2363
21690	21	10	2	2288	0	2321
21691	26	2238	5	49	0	2318
21692	2201	35	5	29	0	2270
21693	37	15	2051	17	0	2120
21694	1921	9	26	13	0	1969
21695	41	34	8	1820	0	1903
21696	20	1781	3	35	0	1839
21697	14	1836	2	16	0	1868
21698	20	113	7	1642	0	1782
21699	12	1700	7	21	0	1740
21700	1451	12	7	7	0	1477
21701	14	1	1399	6	0	1420
21702	2	8	9	1305	0	1324
21703	4	0	3	1321	0	1328
21704	1	0	2	1339	0	1342
21705	0	3	1	1333	0	1337
21706	1326	2	0	7	0	1335
21707	7	1378	0	3	0	1388
21708	1503	8	0	4	0	1515
21709	15	2	0	1544	0	1561
21710	2	2	0	1617	0	1621
21711	5	1653	1	17	0	1676
21712	1718	17	0	5	0	1740
21713	1738	4	0	4	0	1746
21714	23	1719	0	2	0	1744
21715	6	22	1	1604	0	1633
21716	6	1647	0	21	0	1674
21717	1647	25	1	3	0	1676
21718	23	3	1640	5	0	1671
21719	3	7	1612	1	0	1623
21720	1555	1	22	1	0	1579
21721	22	1591	7	1	0	1621
21722	6	21	3	1581	0	1611
21723	3	4	2	1605	0	1614
21724	2	4	1611	25	0	1642
21725	0	1	20	1609	0	1630
21726	1	2	4	1632	0	1639
21727	3	1591	5	24	0	1623
21728	0	24	3	1598	0	1625
21729	4	3	3	1599	0	1609
21730	1571	5	2	27	0	1605
21731	19	1549	1	6	0	1575
21732	2	1571	0	14	0	1587
21733	5	23	1	1562	0	1591
21734	1	6	3	1594	0	1604
21735	1	4	0	1581	0	1586
21736	2	1569	2	25	0	1598
21737	1	20	1	1585	0	1607
21738	1	4	1	1591	0	1597
21739	1	5	0	1595	0	1601
21740	4	1	0	1583	0	1588
21741	0	1556	2	29	0	1587
21742	3	1630	1	9	0	1643
21743	1602	26	2	8	0	1638
21744	1615	6	1	4	0	1626
21745	28	9	0	1602	0	1639
21746	13	0	1627	21	0	1661
21747	6	1	22	1647	0	1676
21748	3	5	5	1632	0	1645
21749	1601	2	4	27	0	1634
21750	23	1640	1	9	0	1673
21751	8	20	0	1635	0	1663
21752	4	9	2	1647	0	1662
21753	4	4	1620	26	0	1654
21754	4	3	1617	8	0	1632
21755	2	2	25	1614	0	1643
21756	1	0	11	1606	0	1618
21757	2	1580	5	27	0	1614
21758	1	1610	3	7	0	1621
21759	1599	24	0	10	0	1633
21760	19	10	0	1611	0	1640
21761	6	6	1619	18	0	1649
21762	5	1601	16	9	0	1631
21763	2	17	6	1624	0	1649
21764	1620	5	5	21	0	1651
21765	16	7	1	1630	0	1654
21766	1610	3	0	24	0	1637
21767	21	1631	1	9	0	1662
21768	1594	20	1	8	0	1623
21769	22	8	1	1632	0	1663
21770	7	8	1711	21	0	1747
21771	5	5	19	1700	0	1729
21772	2	1776	7	26	0	1811
21773	1	23	5	1782	0	1811
21774	5	1852	1	26	0	1884
21775	1	31	1	1927	0	1960
21776	3	10	1880	29	0	1922
21777	5	9	1855	14	0	1883
21778	3	3	1880	15	0	1901
21779	1846	3	36	8	0	1893
21780	24	1844	18	2	0	1888
21781	12	1893	8	7	0	1920
21782	1849	31	1	8	0	1889
21783	1866	12	1	8	0	1887
21784	29	13	5	1841	0	1888
21785	13	4	1843	31	0	1891
21786	14	1	1778	15	0	1808
21787	5	2	34	1776	0	1817
21788	1776	5	20	25	0	1826
21789	23	1779	7	17	0	1826
21790	8	25	4	1793	0	1830
21791	1766	12	6	25	0	1809
21792	1778	11	5	11	0	1805
21793	32	3	1743	14	0	1792
21794	1738	3	21	15	0	1777
21795	28	5	1783	4	0	1820
21796	13	4	1805	4	0	1826
21797	11	5	27	1761	0	1804
21798	6	1	13	1777	0	1797
21799	3	7	9	1790	0	1809
21800	4	4	1749	42	0	1799
21801	1757	6	23	23	0	1809
21802	30	4	8	1809	0	1851
21803	1766	4	14	33	0	1817
21804	1784	8	5	14	0	1811
21805	32	1800	4	16	0	1852
21806	17	1834	7	9	0	1867
21807	7	1819	10	10	0	1846
21808	6	35	7	1669	0	1717
21809	6	11	1660	23	0	1700
21810	1	61	19	1534	0	1615
21811	6	1571	8	17	0	1602
21812	8	1547	7	10	0	1572
21813	7	18	2	1535	0	1562
21814	1503	15	5	18	0	1541
21815	14	1484	10	7	0	1515
21816	10	1495	6	13	0	1524
21817	1546	18	1	9	0	1574
21818	17	16	2	1533	0	1568
21819	7	11	4	1539	0	1561
21820	9	5	4	1555	0	1573
21821	1509	2	4	29	0	1544
21822	1520	3	6	17	0	1546
21823	22	2	8	1517	0	1549
21824	20	6	1478	16	0	1520
21825	1478	6	19	7	0	1510
21826	18	4	10	1498	0	1530
21827	11	1	1466	23	0	1501
21828	10	3	1455	16	0	1484
21829	6	6	23	1506	0	1541
21830	6	2	1587	15	0	1610
21831	11	1	18	1696	0	1726
21832	9	4	8	1688	0	1709
21833	7	1	12	1800	0	1820
21834	1782	4	4	35	0	1825
21835	23	5	1	1800	0	1829
21836	9	7	4	1812	0	1832
21837	12	8	5	1806	0	1831
21838	5	1	9	1818	0	1833
21839	6	2	1762	37	0	1807
21840	3	1763	20	23	0	1809
21841	2	27	6	1728	0	1763
21842	6	10	9	1688	0	1713
21843	3	1654	6	27	0	1690
21844	4	1721	4	18	0	1747
21845	1697	26	2	17	0	1742
21846	21	1662	3	9	0	1695
21847	11	26	0	1643	0	1680
21848	15	6	1660	24	0	1705
21849	1623	13	17	10	0	1663
21850	21	5	1587	18	0	1631
21851	1590	1	24	6	0	1621
21852	1603	4	4	6	0	1617
21853	21	5	1615	6	0	1647
21854	18	3	20	1550	0	1591
21855	17	1583	6	25	0	1631
21856	1	20	12	1666	0	1699
21857	1711	7	9	30	0	1757
21858	1742	8	4	10	0	1764
21859	26	1718	4	17	0	1765
21860	1736	19	6	9	0	1770
21861	30	3	4	1699	0	1736
21862	1692	8	2	26	0	1728
21863	1737	1	3	14	0	1755
21864	25	1	4	1734	0	1764
21865	1728	3	2	28	0	1761
21866	1698	1	2	15	0	1716
21867	26	2	1683	19	0	1730
21868	1680	4	19	7	0	1710
21869	32	3	1652	5	0	1692
21870	6	1	1567	5	0	1579
21871	10	1603	20	6	0	1639
21872	7	18	10	1525	0	1560
21873	3	5	1590	15	0	1613
21874	4	8	1504	8	0	1524
21875	1543	3	12	8	0	1566
21876	12	1	7	1560	0	1580
21877	4	3	5	1606	0	1618
21878	8	3	3	1610	0	1624
21879	4	2	2	1613	0	1621
21880	3	4	2	1623	0	1632
21881	4	2	1603	25	0	1634
21882	1	3	1597	9	0	1610
21883	4	2	17	1621	0	1644
21884	1613	2	7	18	0	1640
21885	17	1593	6	9	0	1625
21886	7	13	1	1609	0	1630
21887	1605	4	2	21	0	1632
21888	19	1620	2	5	0	1646
21889	6	18	2	1631	0	1657
21890	6	2	6	1653	0	1667
21891	5	4	8	1644	0	1661
21892	1631	1	3	27	0	1662
21893	20	1	1603	12	0	1636
21894	1603	3	18	9	0	1633
21895	21	1	3	1633	0	1658
21896	6	1	7	1577	0	1591
21897	8	1597	3	21	0	1629
21898	7	16	1578	14	0	1615
21899	1578	3	15	18	0	1614
21900	1630	5	6	8	0	1649
21901	19	5	1609	8	0	1641
21902	1559	1	15	11	0	1586
21903	22	1607	5	5	0	1639
21904	4	1633	7	6	0	1650
21905	6	1628	4	10	0	1648
21906	1589	21	0	7	0	1617
21907	17	9	1596	2	0	1624
21908	7	18	11	1505	0	1541
21909	10	1482	5	13	0	1510
21910	3	1482	6	7	0	1498
21911	3	1493	8	8	0	1512
21912	19	28	2	1247	0	1296
21913	1441	6	3	12	0	1462
21914	13	1454	3	5	0	1475
21915	11	10	1	1461	0	1483
21916	3	4	6	1470	0	1483
21917	1434	3	2	14	0	1453
21918	13	3	4	1428	0	1448
21919	7	3	1	1453	0	1464
21920	3	5	1459	16	0	1483
21921	7	1	10	1442	0	1460
21922	7	1	3	1476	0	1487
21923	1471	3	6	16	0	1496
21924	1471	0	3	11	0	1485
21925	16	2	1	1484	0	1503
21926	1436	2	1	17	0	1456
21927	1471	4	2	5	0	1482
21928	14	1477	2	6	0	1499
21929	6	11	1432	4	0	1453
21930	6	1363	9	4	0	1382
21931	10	26	18	1223	0	1277
21932	1192	5	8	7	0	1212
21933	8	1187	0	6	0	1201
21934	4	6	2	1185	0	1197
21935	1180	5	2	5	0	1192
21936	1171	1	1	5	0	1178
21937	8	3	2	1166	0	1179
21938	6	0	1201	7	0	1214
21939	1	2	7	1215	0	1225
21940	0	1	5	1238	0	1244
21941	2	3	1234	10	0	1249
21942	1	2	6	1234	0	1243
21943	3	1	5	1237	0	1246
21944	1281	1	2	11	0	1295
21945	8	1	0	1294	0	1303
21946	2	4	0	1290	0	1296
21947	1279	1	1	11	0	1292
21948	1243	0	0	11	0	1254
21949	1247	1	0	5	0	1253
21950	9	3	1227	4	0	1243
21951	5	1	6	1226	0	1238
21952	3	1252	5	9	0	1269
21953	3	9	1	1288	0	1301
21954	2	5	1300	11	0	1318
21955	6	7	9	1249	0	1271
21956	4	2	1262	12	0	1280
21957	1170	1	13	9	0	1193
21958	1204	2	6	2	0	1214
21959	14	0	2	1217	0	1233
21960	5	2	1	1210	0	1218
21961	3	1	1	1225	0	1230
21962	2	1261	0	12	0	1275
21963	1237	8	1	8	0	1254
21964	1256	5	1	1	0	1263
21965	11	5	0	1239	0	1255
21966	7	0	1	1239	0	1247
21967	5	2	0	1247	0	1254
21968	2	1	1	1243	0	1247
21969	0	0	1219	17	0	1236
21970	4	0	7	1226	0	1237
21971	1193	1	6	11	0	1211
21972	1188	1	2	8	0	1199
21973	10	2	1	1125	0	1138
21974	8	1	1090	10	0	1109
21975	1058	1	8	8	0	1075
21976	11	4	5	1086	0	1106
21977	6	1067	3	9	0	1085
21978	3	1113	0	4	0	1120
21979	1129	11	0	4	0	1144
21980	10	3	1	1152	0	1166
21981	4	3	0	1169	0	1176
21982	3	0	0	1219	0	1222
21983	2	1	0	1236	0	1239
21984	1	1	0	1304	0	1306
21985	2	0	1293	17	0	1312
21986	1	1	1273	9	0	1284
21987	1	1	1286	4	0	1292
21988	1	0	18	1274	0	1293
21989	1	0	1308	12	0	1321
21990	0	0	12	1308	0	1320
21991	1	0	7	1319	0	1327
21992	2	0	2	1356	0	1360
21993	1361	0	0	23	0	1384
21994	11	0	2	1393	0	1406
21995	8	4	2	1400	0	1414
21996	1389	0	2	21	0	1412
21997	12	1407	1	11	0	1431
21998	7	1443	2	4	0	1456
21999	1457	18	2	3	0	1480
22000	14	1480	1	4	0	1499
22001	1476	16	4	4	0	1500
22002	1482	6	2	3	0	1493
22003	1473	3	0	5	0	1481
22004	1448	0	1	5	0	1454
22005	1446	0	0	3	0	1449
22006	24	1441	1	1	0	1467
22007	1432	15	0	3	0	1450
22008	1440	7	0	2	0	1449
22009	22	1474	1	2	0	1499
22010	1647	17	1	1	0	1666
22011	1684	8	0	3	0	1695
22012	1850	3	1	3	0	1857
22013	1940	2	0	1	0	1943
22014	52	1	2061	1	0	2115
22015	24	3	36	2213	0	2276
22016	11	2	16	2277	0	2306
22017	7	2	2227	59	0	2295
22018	4	5	2238	24	0	2271
22019	2216	5	62	5	0	2288
22020	49	0	24	2251	0	2324
22021	27	2	2258	43	0	2330
22022	12	2	2254	22	0	2290
22023	2234	1	64	7	0	2306
22024	2286	0	22	5	0	2313
22025	2302	1	6	4	0	2313
22026	72	2	2238	9	0	2321
22027	28	1	47	2244	0	2320
22028	12	2	2284	44	0	2342
22029	2277	0	48	26	0	2351
22030	45	5	2331	6	0	2387
22031	31	1	53	2309	0	2394
22032	16	1	22	2314	0	2353
22033	8	2329	12	59	0	2408
22034	2374	43	5	26	0	2448
22035	51	19	2363	10	0	2443
22036	2387	6	47	8	0	2448
22037	53	1	2448	7	0	2509
22038	35	3	52	2364	0	2454
22039	10	2	25	2406	0	2443
22040	9	0	15	2421	0	2445
22041	2359	3	10	72	0	2444
22042	56	3	7	2347	0	2413
22043	32	2	8	2363	0	2405
22044	19	2313	6	64	0	2402
22045	10	43	12	2337	0	2402
22046	2301	22	5	57	0	2385
22047	55	5	2300	28	0	2388
22048	30	0	51	2296	0	2377
22049	16	1	2313	54	0	2384
22050	9	2274	50	37	0	2370
22051	11	41	2320	22	0	2394
22052	2268	23	52	12	0	2355
22053	2331	6	25	13	0	2375
22054	67	4	19	2261	0	2351
22055	2305	3	11	53	0	2372
22056	2321	4	14	26	0	2365
22057	69	4	7	2293	0	2373
22058	33	2	16	2340	0	2391
22059	17	3	2295	71	0	2386
22060	17	2290	50	34	0	2391
22061	2289	44	25	20	0	2378
22062	54	2249	14	11	0	2328
22063	26	50	9	2238	0	2323
22064	20	20	7	2267	0	2314
22065	18	8	8	2274	0	2308
22066	12	5	12	2274	0	2303
22067	15	8	2197	75	0	2295
22068	2177	5	54	36	0	2272
22069	2242	7	26	17	0	2292
22070	72	4	18	2193	0	2287
22071	2214	6	5	58	0	2283
22072	61	5	9	2221	0	2296
22073	34	5	2203	64	0	2306
22074	28	4	49	2182	0	2263
22075	16	2157	23	66	0	2262
22076	13	43	15	2157	0	2228
22077	17	2155	13	62	0	2247
22078	17	47	15	2086	0	2165
22079	14	2107	6	60	0	2187
22080	2075	43	10	30	0	2158
22081	56	31	2057	16	0	2160
22082	35	1957	47	21	0	2060
22083	15	2005	28	21	0	2069
22084	20	50	21	1920	0	2011
22085	9	21	19	1938	0	1987
22086	14	7	11	1948	0	1980
22087	18	4	15	1953	0	1990
22088	14	1895	7	72	0	1988
22089	19	37	7	1891	0	1954
22090	14	21	9	1889	0	1933
22091	1844	7	9	70	0	1930
22092	51	5	14	1876	0	1946
22093	28	5	1836	57	0	1926
22094	13	6	1803	33	0	1855
22095	1747	5	50	30	0	1832
22096	44	1781	26	14	0	1865
22097	25	1798	5	18	0	1846
22098	17	50	11	1739	0	1817
22099	15	21	8	1753	0	1797
22100	11	10	1698	59	0	1778
22101	1663	6	37	28	0	1734
22102	1710	7	18	16	0	1751
22103	48	8	1758	17	0	1831
22104	21	1	1728	20	0	1770
22105	1736	9	49	15	0	1809
22106	1800	6	19	18	0	1843
22107	1820	8	8	13	0	1849
22108	1801	8	5	13	0	1827
22109	58	1701	6	12	0	1777
22110	1541	34	4	10	0	1589
22111	42	13	1469	10	0	1534
22112	15	4	1310	11	0	1340
22113	7	2	1320	15	0	1344
22114	25	109	43	987	0	1164
22115	982	1	13	6	0	1002
22116	980	2	0	2	0	984
22117	5	1	1	978	0	985
22118	3	0	2	948	0	953
22119	3	0	3	990	0	996
22120	0	1039	1	9	0	1049
22121	1078	5	3	2	0	1088
22122	1086	1	2	3	0	1092
22123	1095	1	0	1	0	1097
22124	1093	3	1	1	0	1098
22125	1094	3	0	2	0	1099
22126	7	1	0	1079	0	1087
22127	3	1063	1	8	0	1075
22128	5	6	2	1021	0	1034
22129	5	3	0	1008	0	1016
22130	990	1	0	4	0	995
22131	5	0	989	2	0	996
22132	3	0	960	3	0	966
22133	3	1	988	0	0	992
22134	1034	0	7	1	0	1042
22135	1048	0	7	1	0	1056
22136	9	0	1	1073	0	1083
22137	2	1	1	1061	0	1065
22138	2	0	1	1077	0	1080
22139	1	0	1086	9	0	1096
22140	2	0	8	1066	0	1076
22141	1	0	1158	8	0	1167
22142	0	0	8	1149	0	1157
22143	1	0	1	1157	0	1159
22144	1	0	1	1198	0	1200
22145	1197	2	1	9	0	1209
22146	1203	0	0	4	0	1207
22147	9	0	1213	2	0	1224
22148	1198	1	7	1	0	1207
22149	1207	0	1	1	0	1209
22150	10	0	1	1209	0	1220
22151	1243	0	0	7	0	1250
22152	10	0	0	1252	0	1262
22153	2	0	1	1261	0	1264
22154	2	0	1246	12	0	1260
22155	1191	1	7	5	0	1204
22156	7	0	3	1235	0	1245
22157	4	0	1251	8	0	1263
22158	6	0	1295	5	0	1306
22159	3	0	11	1275	0	1289
22160	0	0	5	1286	0	1291
22161	1313	0	2	11	0	1326
22162	7	0	0	1327	0	1334
22163	3	0	1	1328	0	1332
22164	2	0	1	1359	0	1362
22165	1	0	0	1439	0	1440
22166	1490	0	0	19	0	1509
22167	1505	1	1	5	0	1512
22168	1542	0	1	7	0	1550
22169	1562	0	1	3	0	1566
22170	21	0	1	1610	0	1632
22171	1639	0	1	15	0	1655
22172	18	0	1	1637	0	1656
22173	1660	0	1	18	0	1679
22174	21	0	0	1663	0	1684
22175	5	0	1	1657	0	1663
22176	5	1647	1	18	0	1671
22177	3	13	0	1664	0	1680
22178	1655	3	0	19	0	1677
22179	1644	3	1	7	0	1655
22180	18	1	1666	7	0	1692
22181	6	1665	15	2	0	1688
22182	1675	15	3	3	0	1696
22183	16	1714	3	4	0	1737
22184	1723	17	0	2	0	1742
22185	18	1795	2	1	0	1816
22186	4	18	1847	0	0	1869
22187	3	1846	16	3	0	1868
22188	2	1871	4	2	0	1879
22189	4	15	3	1906	0	1928
22190	1938	6	0	16	0	1960
22191	14	3	1	1943	0	1961
22192	3	1	1	1946	0	1951
22193	1908	2	0	20	0	1930
22194	1956	1	1	14	0	1972
22195	20	0	1	1962	0	1983
22196	9	1	2	1969	0	1981
22197	8	1	3	1964	0	1976
22198	1929	0	0	30	0	1959
22199	19	0	1943	11	0	1973
22200	7	1	19	1944	0	1971
22201	8	1	2013	23	0	2045
22202	4	1992	18	12	0	2026
22203	5	16	1925	10	0	1956
22204	4	4	19	1924	0	1951
22205	3	3	1921	25	0	1952
22206	1883	1	19	10	0	1913
22207	19	0	4	1934	0	1957
22208	10	1976	6	19	0	2011
22209	11	16	1	1995	0	2023
22210	5	1969	4	21	0	1999
22211	10	1964	0	5	0	1979
22212	4	1977	1	10	0	1992
22213	6	23	2	1903	0	1934
22214	3	1920	5	19	0	1947
22215	1915	20	1	5	0	1941
22216	17	6	1885	8	0	1916
22217	5	6	1865	10	0	1886
22218	6	4	1913	5	0	1928
22219	4	3	20	1931	0	1958
22220	9	1	6	1863	0	1879
22221	7	4	3	1849	0	1863
22222	10	2	6	1854	0	1872
22223	7	6	9	1792	0	1814
22224	14	1857	1	23	0	1895
22225	5	19	1852	14	0	1890
22226	13	3	1836	12	0	1864
22227	11	1895	20	6	0	1932
22228	5	17	8	1932	0	1962
22229	10	7	3	1951	0	1971
22230	3	7	2	1955	0	1967
22231	1919	3	4	30	0	1956
22232	23	8	1894	13	0	1938
22233	1853	3	15	16	0	1887
22234	1864	5	4	12	0	1885
22235	27	1843	7	7	0	1884
22236	12	1854	5	4	0	1875
22237	1879	18	8	5	0	1910
22238	18	10	4	1887	0	1919
22239	6	6	5	1958	0	1975
22240	11	5	2019	20	0	2055
22241	3	11	1990	7	0	2011
22242	4	4	20	2042	0	2070
22243	2069	8	9	22	0	2108
22244	14	10	2166	9	0	2199
22245	2213	6	21	10	0	2250
22246	28	4	6	2282	0	2320
22247	7	4	10	2384	0	2405
22248	13	3	3	2457	0	2476
22249	10	2	2447	37	0	2496
22250	4	2382	25	20	0	2431
22251	6	2497	7	18	0	2528
22252	2491	27	8	10	0	2536
22253	2535	7	3	11	0	2556
22254	32	5	4	2551	0	2592
22255	2557	3	7	31	0	2598
22256	30	2	2533	15	0	2580
22257	8	4	2498	10	0	2520
22258	7	4	33	2465	0	2509
22259	2523	3	15	35	0	2576
22260	31	6	6	2571	0	2614
22261	8	5	10	2627	0	2650
22262	2606	2	6	40	0	2654
22263	2674	8	1	18	0	2701
22264	38	2770	5	12	0	2825
22265	2723	32	6	7	0	2768
22266	36	13	2	2683	0	2734
22267	13	2700	1	38	0	2752
22268	2694	32	3	10	0	2739
22269	37	2721	5	11	0	2774
22270	15	31	2	2676	0	2724
22271	2666	7	5	35	0	2713
22272	38	6	2649	10	0	2703
22273	11	3	2648	7	0	2669
22274	11	5	39	2607	0	2662
22275	3	5	7	2673	0	2688
22276	9	4	6	2619	0	2638
22277	8	2687	4	40	0	2739
22278	2763	39	2	17	0	2821
22279	2792	9	2	10	0	2813
22280	2800	5	2	6	0	2813
22281	47	2906	4	14	0	2971
22282	18	44	4	3158	0	3224
22283	11	5	5	3189	0	3210
22284	7	12	4	3206	0	3229
22285	3047	7	1	80	0	3135
22286	64	3029	2	23	0	3118
22287	17	57	3	3037	0	3114
22288	19	14	2	3075	0	3110
22289	11	11	2969	72	0	3063
22290	8	2955	55	26	0	3044
22291	7	60	11	2974	0	3052
22292	8	14	4	3015	0	3041
22293	11	8	2	3009	0	3030
22294	2901	11	0	76	0	2988
22295	62	2886	2	30	0	2980
22296	2907	64	4	17	0	2992
22297	67	13	7	2898	0	2985
22298	2912	10	5	68	0	2995
22299	63	9	2868	26	0	2966
22300	2894	2	59	19	0	2974
22301	2910	7	12	17	0	2946
22302	70	6	2874	13	0	2963
22303	23	6	56	2903	0	2988
22304	17	9	12	2889	0	2927
22305	2950	3	11	76	0	3040
22306	66	7	3	2967	0	3043
22307	21	5	7	2995	0	3028
22308	15	5	4	2996	0	3020
22309	13	3	2913	85	0	3014
22310	2853	7	56	31	0	2947
22311	70	2996	10	23	0	3099
22312	17	59	8	3003	0	3087
22313	20	2998	7	61	0	3086
22314	12	3146	8	27	0	3193
22315	11	69	8	3121	0	3209
22316	8	17	3117	75	0	3217
22317	11	11	3112	25	0	3159
22318	13	5	66	3150	0	3234
22319	12	8	3148	76	0	3244
22320	3141	9	63	25	0	3238
22321	73	9	12	3226	0	3320
22322	16	12	10	3282	0	3320
22323	19	3254	5	82	0	3360
22324	13	60	12	3264	0	3349
22325	15	19	11	3245	0	3290
22326	9	3204	9	78	0	3300
22327	13	61	6	3258	0	3338
22328	12	12	10	3274	0	3308
22329	9	3227	8	82	0	3326
22330	3226	61	3	39	0	3329
22331	67	16	3210	25	0	3318
22332	20	8	3196	21	0	3245
22333	16	10	72	3177	0	3275
22334	11	6	23	3248	0	3288
22335	9	9	3177	86	0	3281
22336	11	5	3140	32	0	3188
22337	3009	12	70	18	0	3109
22338	59	3112	20	18	0	3209
22339	3066	61	11	20	0	3158
22340	66	15	3012	20	0	3113
22341	16	2988	65	20	0	3089
22342	10	77	24	3019	0	3130
22343	8	18	3109	76	0	3211
22344	11	8	3001	23	0	3043
22345	16	23	76	3063	0	3178
22346	11	14	3058	71	0	3154
22347	7	2968	64	29	0	3068
22348	9	63	17	2947	0	3036
22349	5	20	2961	66	0	3052
22350	9	2957	58	27	0	3051
22351	2932	56	22	24	0	3034
22352	63	16	2935	10	0	3024
22353	20	2937	52	17	0	3026
22354	17	59	20	2926	0	3022
22355	11	16	17	3024	0	3068
22356	2986	11	8	82	0	3087
22357	69	6	6	2978	0	3059
22358	16	8	12	2990	0	3026
22359	2899	5	6	81	0	2991
22360	61	5	8	2862	0	2936
22361	17	8	2798	73	0	2896
22362	10	9	59	2782	0	2860
22363	4	2	2749	75	0	2830
22364	5	4	2620	26	0	2655
22365	9	4	2697	14	0	2724
22366	15	9	63	2571	0	2658
22367	6	5	23	2647	0	2681
22368	2610	2	12	62	0	2686
22369	45	6	7	2553	0	2611
22370	16	2649	4	51	0	2720
22371	9	40	7	2727	0	2783
22372	3	13	10	2728	0	2754
22373	2	2704	4	62	0	2772
22374	2709	42	7	24	0	2782
22375	2683	13	11	15	0	2722
22376	54	2654	3	12	0	2723
22377	14	2622	7	9	0	2652
22378	12	96	4	2527	0	2639
22379	2557	21	21	37	0	2636
22380	39	11	2546	19	0	2615
22381	12	8	2356	11	0	2387
22382	2125	5	31	7	0	2168
22383	25	2195	16	6	0	2242
22384	9	28	6	2201	0	2244
22385	5	8	8	2198	0	2219
22386	5	3	5	2236	0	2249
22387	3	4	4	2237	0	2248
22388	0	2217	3	36	0	2256
22389	2	22	4	2243	0	2271
22390	2238	9	2	28	0	2277
22391	23	5	6	2264	0	2298
22392	8	5	7	2284	0	2304
22393	2291	5	2	37	0	2335
22394	2308	2	2	19	0	2331
22395	2332	2	4	11	0	2349
22396	2348	3	2	9	0	2362
22397	36	1	2	2334	0	2373
22398	2322	4	5	24	0	2355
22399	30	1	3	2308	0	2342
22400	2294	0	4	32	0	2330
22401	2296	3	4	16	0	2319
22402	32	1	3	2296	0	2332
22403	13	2	2294	31	0	2340
22404	2309	4	26	10	0	2349
22405	2342	5	10	9	0	2366
22406	2338	2	4	8	0	2352
22407	2338	3	6	4	0	2351
22408	36	4	3	2338	0	2381
22409	15	2	2322	27	0	2366
22410	10	3	2256	16	0	2285
22411	2266	4	29	13	0	2312
22412	2309	4	10	11	0	2334
22413	28	2264	10	9	0	2311
22414	11	2240	8	4	0	2263
22415	2277	25	2	11	0	2315
22416	25	14	3	2238	0	2280
22417	11	5	0	2295	0	2311
22418	2275	4	1	31	0	2311
22419	23	2297	3	22	0	2345
22420	2328	21	2	15	0	2366
22421	26	9	2285	8	0	2328
22422	2279	2	18	8	0	2307
22423	26	4	10	2267	0	2307
22424	13	3	2317	26	0	2359
22425	8	2335	20	13	0	2376
22426	8	22	10	2408	0	2448
22427	6	8	2544	32	0	2590
22428	7	3	29	2530	0	2569
22429	2615	3	10	34	0	2662
22430	33	1	2598	18	0	2650
22431	2543	3	31	9	0	2586
22432	36	2629	11	9	0	2685
22433	20	26	7	2652	0	2705
22434	9	13	2758	30	0	2810
22435	9	7	24	2751	0	2791
22436	8	3	2783	36	0	2830
22437	7	2765	33	16	0	2821
22438	2748	29	13	5	0	2795
22439	29	2806	5	8	0	2848
22440	14	26	4	2769	0	2813
22441	9	15	3	2778	0	2805
22442	3	6	2709	37	0	2755
22443	2382	5	25	19	0	2431
22444	29	2540	11	19	0	2599
22445	11	2406	4	5	0	2426
22446	7	2412	3	6	0	2428
22447	7	35	9	2351	0	2402
22448	4	2372	5	17	0	2398
22449	5	20	5	2330	0	2360
22450	5	2318	0	21	0	2344
22451	2	23	5	2293	0	2323
22452	1	2328	1	18	0	2348
22453	2307	17	4	2	0	2330
22454	17	3	2309	3	0	2332
22455	2228	5	17	3	0	2253
22456	2315	4	3	4	0	2326
22457	2337	2	3	3	0	2345
22458	18	2334	1	1	0	2354
22459	2362	15	1	5	0	2383
22460	2371	4	3	2	0	2380
22461	2418	3	4	1	0	2426
22462	27	1	2386	1	0	2415
22463	11	2	15	2407	0	2435
22464	6	1	2461	18	0	2486
22465	3	4	19	2391	0	2417
22466	2414	1	5	20	0	2440
22467	22	2424	4	7	0	2457
22468	7	20	2719	6	0	2752
22469	4	7	27	2756	0	2794
22470	3	6	7	2918	0	2934
22471	4	2	3192	40	0	3238
22472	3174	1	45	12	0	3232
22473	3293	2	12	7	0	3314
22474	3367	3	6	2	0	3378
22475	66	0	5	3324	0	3395
22476	18	3256	1	49	0	3324
22477	12	3411	3	11	0	3437
22478	7	59	5	3370	0	3441
22479	9	16	1	3379	0	3405
22480	7	3340	1	61	0	3409
22481	3340	48	3	17	0	3408
22482	46	3346	1	14	0	3407
22483	11	50	2	3308	0	3371
22484	7	16	3290	48	0	3361
22485	10	5	45	3246	0	3306
22486	3276	6	11	55	0	3348
22487	48	5	3258	15	0	3326
22488	3290	2	52	8	0	3352
22489	3375	6	14	8	0	3403
22490	3435	1	6	7	0	3449
22491	3417	1	7	8	0	3433
22492	3525	2	2	3	0	3532
22493	74	2	3358	0	0	3434
22494	22	3	3394	3	0	3422
22495	3587	3	57	3	0	3650
22496	3735	4	13	4	0	3756
22497	71	1	9	3864	0	3945
22498	24	3877	9	60	0	3970
22499	13	61	7	3940	0	4021
22500	3997	13	5	67	0	4082
22501	68	8	4	3885	0	3965
22502	24	4012	2	62	0	4100
22503	4044	62	2	22	0	4130
22504	3990	16	3	15	0	4024
22505	4011	9	5	12	0	4037
22506	79	3941	4	10	0	4034
22507	31	59	5	3944	0	4039
22508	23	16	2	3919	0	3960
22509	20	3797	0	72	0	3889
22510	17	62	3	3860	0	3942
22511	3813	19	1	70	0	3903
22512	3840	7	4	31	0	3882
22513	75	3784	6	15	0	3880
22514	27	65	3	3813	0	3908
22515	28	15	2	3832	0	3877
22516	21	11	9	3849	0	3890
22517	3727	14	8	83	0	3832
22518	75	7	3666	34	0	3782
22519	3612	9	54	24	0	3699
22520	79	11	3631	32	0	3753
22521	30	20	67	3565	0	3682
22522	27	3530	22	72	0	3651
22523	36	3702	11	28	0	3777
22524	3625	78	14	20	0	3737
22525	3636	34	7	22	0	3699
22526	79	3515	8	24	0	3626
22527	26	3485	4	19	0	3534
22528	3498	73	8	25	0	3604
22529	3586	28	11	21	0	3646
22530	87	3604	8	17	0	3716
22531	3681	76	11	12	0	3780
22532	88	27	3635	13	0	3763
22533	3664	16	58	20	0	3758
22534	3648	13	20	18	0	3699
22535	100	16	10	3566	0	3692
22536	46	3543	15	76	0	3680
22537	47	62	13	3566	0	3688
22538	3629	25	14	65	0	3733
22539	98	10	7	3550	0	3665
22540	54	15	8	3607	0	3684
22541	36	13	3590	92	0	3731
22542	40	15	61	3596	0	3712
22543	19	16	25	3682	0	3742
22544	3632	12	12	100	0	3756
22545	79	8	3615	41	0	3743
22546	3633	13	61	36	0	3743
22547	79	21	19	3658	0	3777
22548	43	20	6	3709	0	3778
22549	32	16	13	3661	0	3722
22550	31	3543	7	95	0	3676
22551	28	3625	8	41	0	3702
22552	25	85	7	3571	0	3688
22553	3565	26	8	79	0	3678
22554	3605	14	8	33	0	3660
22555	96	25	5	3541	0	3667
22556	3537	23	4	78	0	3642
22557	101	13	9	3498	0	3621
22558	51	15	7	3541	0	3614
22559	3414	17	5	100	0	3536
22560	83	3506	12	50	0	3651
22561	3498	68	12	27	0	3605
22562	3500	24	7	32	0	3563
22563	3465	14	3	28	0	3510
22564	86	3384	8	31	0	3509
22565	31	73	9	3380	0	3493
22566	40	26	9	3445	0	3520
22567	42	9	3304	88	0	3443
22568	31	39	60	3014	0	3144
22569	34	16	2886	64	0	3000
22570	21	2690	50	31	0	2792
22571	20	2326	14	20	0	2380
22572	16	2349	13	28	0	2406
22573	41	36	33	2369	0	2479
22574	19	14	15	2377	0	2425
22575	9	13	8	2371	0	2401
22576	10	11	3	2395	0	2419
22577	7	8	2414	53	0	2482
22578	10	5	2867	33	0	2915
22579	9	9	51	2974	0	3043
22580	9	10	3063	62	0	3144
22581	3066	2	52	34	0	3154
22582	3126	5	18	24	0	3173
22583	60	10	3093	24	0	3187
22584	22	7	50	3120	0	3199
22585	27	9	19	3153	0	3208
22586	25	4	10	3185	0	3224
22587	16	6	10	3156	0	3188
22588	23	4	12	3202	0	3241
22589	2379	44	15	84	0	2522
22590	3120	6	8	42	0	3176
22591	55	3100	5	45	0	3205
22592	23	49	2956	27	0	3055
22593	18	2922	44	19	0	3003
22594	18	2954	16	18	0	3006
22595	2806	46	11	18	0	2881
22596	41	2724	12	11	0	2788
22597	14	2582	4	10	0	2610
22598	2537	48	9	9	0	2603
22599	42	13	2513	6	0	2574
22600	2472	12	32	9	0	2525
22601	39	9	14	2499	0	2561
22602	23	5	7	2431	0	2466
22603	11	5	6	2450	0	2472
22604	5	7	2387	50	0	2449
22605	6	2391	31	30	0	2458
22606	2415	34	11	21	0	2481
22607	34	14	7	2432	0	2487
22608	11	2470	4	43	0	2528
22609	5	37	10	2531	0	2583
22610	12	15	2543	39	0	2609
22611	7	9	36	2553	0	2605
22612	2	12	15	2613	0	2642
22613	6	7	8	2623	0	2644
22614	2590	6	7	58	0	2661
22615	44	8	7	2618	0	2677
22616	16	3	2574	57	0	2650
22617	8	2596	42	26	0	2672
22618	11	39	13	2613	0	2676
22619	12	10	9	2653	0	2684
22620	5	8	2566	63	0	2642
22621	8	3	2539	26	0	2576
22622	2501	8	55	30	0	2594
22623	2472	7	26	19	0	2524
22624	57	2490	13	14	0	2574
22625	2489	38	14	8	0	2549
22626	52	15	2476	12	0	2555
22627	27	5	2436	19	0	2487
22628	2397	10	51	25	0	2483
22629	2339	10	20	25	0	2394
22630	47	2	2252	31	0	2332
22631	2197	6	42	25	0	2270
22632	54	3	2221	17	0	2295
22633	2215	4	40	13	0	2272
22634	2231	14	18	11	0	2274
22635	55	10	17	2176	0	2258
22636	22	2351	11	39	0	2423
22637	1885	61	14	24	0	1984
22638	45	21	2353	10	0	2429
22639	14	2388	42	12	0	2456
22640	2378	58	10	13	0	2459
22641	2308	22	14	8	0	2352
22642	57	2309	19	7	0	2392
22643	29	47	10	2314	0	2400
22644	26	12	2280	56	0	2374
22645	14	9	47	2301	0	2371
22646	16	9	2281	61	0	2367
22647	6	13	57	2283	0	2359
22648	11	12	27	2301	0	2351
22649	21	11	2246	58	0	2336
22650	13	2259	47	30	0	2349
22651	15	53	16	2248	0	2332
22652	18	29	1777	65	0	1889
22653	2252	11	43	25	0	2331
22654	51	12	15	2296	0	2374
22655	17	7	10	2344	0	2378
22656	2302	4	13	74	0	2393
22657	58	9	6	2295	0	2368
22658	25	2	9	2268	0	2304
22659	13	2269	17	61	0	2360
22660	16	50	10	2241	0	2317
22661	15	15	2197	64	0	2291
22662	7	12	44	2194	0	2257
22663	6	2160	23	60	0	2249
22664	7	2224	23	23	0	2277
22665	14	46	18	2211	0	2289
22666	2212	19	16	47	0	2294
22667	46	20	9	2217	0	2292
22668	2241	11	7	52	0	2311
22669	52	8	12	2246	0	2318
22670	2237	7	21	52	0	2317
22671	2315	10	13	23	0	2361
22672	64	14	14	2271	0	2363
22673	36	76	20	2198	0	2330
22674	28	2212	15	61	0	2316
22675	23	2246	16	23	0	2308
22676	25	38	2217	19	0	2299
22677	19	2120	48	23	0	2210
22678	1599	47	40	12	0	1698
22679	37	17	6	1552	0	1612
22680	8	1477	4	21	0	1510
22681	1529	19	4	7	0	1559
22682	20	7	7	1532	0	1566
22683	11	3	4	1524	0	1542
22684	9	3	1	1547	0	1560
22685	6	12	2	1561	0	1581
22686	7	1582	6	30	0	1625
22687	7	1661	6	9	0	1683
22688	1711	27	8	3	0	1749
22689	31	1744	2	5	0	1782
22690	7	24	3	1721	0	1755
22691	4	13	3	1724	0	1744
22692	6	5	2	1729	0	1742
22693	1	4	6	1748	0	1759
22694	1726	4	3	34	0	1767
22695	1781	2	2	13	0	1798
22696	34	2	1769	6	0	1811
22697	7	5	26	1796	0	1834
22698	10	3	1834	27	0	1874
22699	7	0	28	1841	0	1876
22700	6	4	5	1874	0	1889
22701	1868	1	4	40	0	1913
22702	29	4	3	1873	0	1909
22703	5	4	1878	34	0	1921
22704	4	5	1823	12	0	1844
22705	1855	7	31	4	0	1897
22706	30	1	1883	7	0	1921
22707	5	9	27	1810	0	1851
22708	5	2	1867	28	0	1902
22709	4	7	23	1826	0	1860
22710	1	1820	6	31	0	1858
22711	2	21	5	1831	0	1859
22712	6	1816	3	28	0	1853
22713	4	1827	3	13	0	1847
22714	2	22	4	1806	0	1834
22715	1797	6	1	27	0	1831
22716	18	1822	5	8	0	1853
22717	5	21	1	1846	0	1873
22718	1849	5	1	29	0	1884
22719	1893	3	1	8	0	1905
22720	1910	2	2	6	0	1920
22721	22	2	3	1887	0	1914
22722	8	2	5	1908	0	1923
22723	1930	4	0	26	0	1960
22724	1936	3	3	9	0	1951
22725	1954	0	2	11	0	1967
22726	26	4	3	1941	0	1974
22727	12	2	1892	19	0	1925
22728	1884	3	16	10	0	1913
22729	20	12	2	1871	0	1905
22730	8	1907	2	18	0	1935
22731	6	22	1	1894	0	1923
22732	5	1898	1	21	0	1925
22733	5	19	0	1937	0	1961
22734	4	7	1899	19	0	1929
22735	2	1880	15	9	0	1906
22736	6	12	4	1767	0	1789
22737	5	3	2	1774	0	1784
22738	4	3	1	1764	0	1772
22739	1825	2	1	18	0	1846
22740	15	1843	1	10	0	1869
22741	5	17	2	1892	0	1916
22742	1920	1	2	16	0	1939
22743	1922	2	0	5	0	1929
22744	23	2	1	1923	0	1949
22745	5	0	1980	24	0	2009
22746	7	2	19	1956	0	1984
22747	4	1969	2	23	0	1998
22748	1	23	3	2007	0	2034
22749	2014	3	1	25	0	2043
22750	22	4	0	2089	0	2115
22751	4	1	2128	27	0	2160
22752	3	2251	20	6	0	2280
22753	2303	23	3	5	0	2334
22754	25	6	2314	3	0	2348
22755	2348	3	26	7	0	2384
22756	29	2	3	2416	0	2450
22757	8	0	2	2437	0	2447
22758	2	2447	1	28	0	2478
22759	2550	25	2	10	0	2587
22760	30	5	0	2582	0	2617
22761	8	5	0	2627	0	2640
22762	4	1	2	2680	0	2687
22763	4	0	2667	35	0	2706
22764	3	1	24	2663	0	2691
22765	2705	2	6	34	0	2747
22766	2770	3	3	9	0	2785
22767	36	0	2	2761	0	2799
22768	7	2	2	2783	0	2794
22769	2754	1	3	31	0	2789
22770	26	2	2728	10	0	2766
22771	2694	4	26	7	0	2731
22772	30	2	2682	7	0	2721
22773	13	0	2656	5	0	2674
22774	5	0	31	2686	0	2722
22775	3	3	2731	30	0	2767
22776	2736	4	27	13	0	2780
22777	30	1	8	2820	0	2859
22778	9	2	2828	28	0	2867
22779	2778	0	25	13	0	2816
22780	2839	0	6	11	0	2856
22781	27	1	2943	6	0	2977
22782	9	7	27	2832	0	2875
22783	11	2946	5	22	0	2984
22784	3000	22	3	14	0	3039
22785	29	4	3005	8	0	3046
22786	2821	5	26	11	0	2863
22787	23	2923	6	9	0	2961
22788	2842	19	8	5	0	2874
22789	2856	3	3	2	0	2864
22790	2875	1	1	7	0	2884
22791	23	2	3	2899	0	2927
22792	5	2898	5	23	0	2931
22793	6	19	2879	8	0	2912
22794	3	2913	17	4	0	2937
22795	13	22	3	2749	0	2787
22796	3	2845	2	21	0	2871
22797	1	2864	6	7	0	2878
22798	2809	20	6	8	0	2843
22799	18	5	2799	2	0	2824
22800	7	3	2840	4	0	2854
22801	6	3	2831	5	0	2845
22802	4	2906	17	6	0	2933
22803	2924	12	4	6	0	2946
22804	2934	3	3	5	0	2945
22805	2911	3	3	2	0	2919
22806	19	2891	3	3	0	2916
22807	8	16	1	2985	0	3010
22808	4	1	2948	18	0	2971
22809	5	4	2896	7	0	2912
22810	2994	2	19	12	0	3027
22811	3052	5	7	4	0	3068
22812	3064	1	2	2	0	3069
22813	24	1	3026	8	0	3059
22814	3030	0	16	8	0	3054
22815	21	3	3	3046	0	3073
22816	6	2	4	3030	0	3042
22817	4	2	3129	22	0	3157
22818	6	3103	17	7	0	3133
22819	4	18	5	3144	0	3171
22820	3	3	3112	20	0	3138
22821	3016	3	18	9	0	3046
22822	22	2	9	3143	0	3176
22823	8	0	2	3142	0	3152
22824	3125	1	5	25	0	3156
22825	25	3	3	3112	0	3143
22826	3115	0	3	24	0	3142
22827	3109	1	6	10	0	3126
22828	24	1	4	3123	0	3152
22829	10	4	5	3150	0	3169
22830	3118	2	4	28	0	3152
22831	22	4	3	3175	0	3204
22832	3208	2	5	21	0	3236
22833	3194	2	4	7	0	3207
22834	3186	2	4	8	0	3200
22835	28	1	4	3171	0	3204
22836	11	2	6	3191	0	3210
22837	3195	3	4	22	0	3224
22838	20	3161	4	10	0	3195
22839	8	3058	7	1	0	3074
22840	3046	14	4	3	0	3067
22841	17	4	3006	5	0	3032
22842	3000	3	11	4	0	3018
22843	20	0	5	3136	0	3161
22844	6	2	3153	11	0	3172
22845	3152	0	13	5	0	3170
22846	17	2	2	3196	0	3217
22847	9	2	3	3254	0	3268
22848	4	2	4	3304	0	3314
22849	5	3	1	3306	0	3315
22850	3242	2	3	13	0	3260
22851	10	3156	4	5	0	3175
22852	2993	5	2	4	0	3004
22853	10	6	2995	0	0	3011
22854	7	2	2875	3	0	2887
22855	3	3024	5	1	0	3033
22856	5	19	12	2979	0	3015
22857	1	2	2983	5	0	2991
22858	4	2779	2	4	0	2789
22859	1	4	2851	2	0	2858
22860	0	0	3	2798	0	2801
22861	1	2	0	2785	0	2788
22862	2819	0	1	3	0	2823
22863	2	0	1	2768	0	2771
22864	2753	1	3	4	0	2761
22865	3	0	2738	0	0	2741
22866	1	2741	3	2	0	2747
22867	0	1	0	2853	0	2854
22868	2	2	0	2991	0	2995
22869	1	1	3038	3	0	3043
22870	2	2	2868	3	0	2875
22871	2878	1	2	3	0	2884
22872	3070	0	2	1	0	3073
22873	4	1	0	3034	0	3039
22874	1	0	0	3022	0	3023
22875	1	2987	0	3	0	2991
22876	1	3	0	3068	0	3072
22877	3121	1	0	5	0	3127
22878	3145	0	1	3	0	3149
22879	5	3180	0	0	0	3185
22880	3228	3	0	2	0	3233
22881	3173	1	1	2	0	3177
22882	10	0	1	3378	0	3389
22883	0	3408	2	11	0	3421
22884	3	13	0	3454	0	3470
22885	4	2	0	3462	0	3468
22886	1	0	3424	18	0	3443
22887	3483	1	16	9	0	3509
22888	22	1	2	3780	0	3805
22889	8	0	0	4005	0	4013
22890	2	4528	1	48	0	4579
22891	2	66	2	4880	0	4950
22892	5021	17	2	80	0	5120
22893	5353	5	1	25	0	5384
22894	123	7	5288	9	0	5427
22895	31	6	5330	11	0	5378
22896	14	6	122	5451	0	5593
22897	16	0	29	5608	0	5653
22898	12	0	5515	126	0	5653
22899	10	2	5580	32	0	5624
22900	6	0	130	5348	0	5484
22901	5	2	5527	122	0	5656
22902	7	3	5549	41	0	5600
22903	4	3	139	5436	0	5582
22904	5511	0	43	117	0	5671
22905	5659	1	25	43	0	5728
22906	132	0	20	5588	0	5740
22907	37	1	19	5627	0	5684
22908	5511	2	14	144	0	5671
22909	117	1	10	5466	0	5594
22910	5441	4	10	126	0	5581
22911	5516	1	8	49	0	5574
22912	143	1	8	5443	0	5595
22913	48	1	7	5544	0	5600
22914	5416	1	5	151	0	5573
22915	127	5377	6	46	0	5556
22916	47	5446	4	36	0	5533
22917	25	119	4	5321	0	5469
22918	23	32	5269	123	0	5447
22919	26	17	101	5278	0	5422
22920	5264	12	31	132	0	5439
22921	110	13	12	5296	0	5431
22922	5317	8	15	128	0	5468
22923	120	8	5272	58	0	5458
22924	5304	8	110	35	0	5457
22925	131	8	33	5370	0	5542
22926	46	6	15	5492	0	5559
22927	23	6	5506	157	0	5692
22928	32	8	115	5492	0	5647
22929	27	5	38	5658	0	5728
22930	22	9	21	5736	0	5788
22931	5595	9	20	171	0	5795
22932	120	7	5557	77	0	5761
22933	54	7	5526	45	0	5632
22934	5516	4	133	51	0	5704
22935	5638	3	48	51	0	5740
22936	157	6	5588	40	0	5791
22937	65	9	134	5476	0	5684
22938	33	5546	56	134	0	5769
22939	38	100	36	5729	0	5903
22940	5692	25	40	144	0	5901
22941	5757	11	47	68	0	5883
22942	154	15	41	5645	0	5855
22943	56	5562	41	155	0	5814
22944	40	112	33	5461	0	5646
22945	47	5517	35	146	0	5745
22946	5529	111	36	83	0	5759
22947	5403	39	30	59	0	5531
22948	5493	14	23	71	0	5601
22949	175	5210	29	53	0	5467
22950	73	5434	26	66	0	5599
22951	58	138	20	5451	0	5667
22952	60	41	24	5519	0	5644
22953	54	19	21	5485	0	5579
22954	53	18	19	5576	0	5666
22955	50	14	5295	200	0	5559
22956	5234	18	115	96	0	5463
22957	148	22	5391	74	0	5635
22958	5527	22	125	71	0	5745
22959	155	25	5599	61	0	5840
22960	5586	11	129	71	0	5797
22961	162	14	5712	58	0	5946
22962	5653	13	139	65	0	5870
22963	163	17	55	5727	0	5962
22964	5817	9	38	167	0	6031
22965	167	10	44	5856	0	6077
22966	92	10	38	5902	0	6042
22967	59	10	29	5776	0	5874
22968	50	5497	35	195	0	5777
22969	5502	110	30	108	0	5750
22970	5581	44	31	76	0	5732
22971	181	5491	28	74	0	5774
22972	83	127	20	5543	0	5773
22973	59	43	5462	168	0	5732
22974	5439	16	130	94	0	5679
22975	5585	15	67	54	0	5721
22976	5512	16	24	70	0	5622
22977	198	17	27	5245	0	5487
22978	93	5181	27	148	0	5449
22979	66	121	28	5195	0	5410
22980	5145	45	33	167	0	5390
22981	169	20	21	5015	0	5225
22982	80	4831	21	141	0	5073
22983	4761	113	18	78	0	4970
22984	150	47	4729	46	0	4972
22985	104	28	4677	55	0	4864
22986	43	4663	133	46	0	4885
22987	49	4577	45	38	0	4709
22988	106	135	4232	27	0	4500
22989	104	70	3988	30	0	4192
22990	56	267	99	3044	0	3466
22991	3149	8	35	38	0	3230
22992	35	6	3082	21	0	3144
22993	17	2854	16	11	0	2898
22994	2807	17	25	6	0	2855
22995	18	2783	2	4	0	2807
22996	2666	11	5	0	0	2682
22997	14	2632	2	2	0	2650
22998	8	2656	1	5	0	2670
22999	5	17	3	2683	0	2708
23000	7	7	12	2671	0	2697
23001	5	5	2568	16	0	2594
23002	6	3	11	2518	0	2538
23003	2556	2	9	10	0	2577
23004	2543	1	3	9	0	2556
23005	20	4	2	2502	0	2528
23006	11	3	2466	10	0	2490
23007	4	2	2411	11	0	2428
23008	3	2	14	2464	0	2483
23009	5	3	2498	12	0	2518
23010	4	3	12	2494	0	2513
23011	6	1	10	2458	0	2475
23012	5	2	2723	19	0	2749
23013	2652	3	16	13	0	2684
23014	2746	3	11	5	0	2765
23015	21	3	2822	1	0	2847
23016	15	1	2853	6	0	2875
23017	10	1	34	2950	0	2995
23018	4	2	15	3223	0	3244
23019	2	1	7	3337	0	3347
23020	1	2	7	3315	0	3325
23021	3367	3	3	39	0	3412
23022	3594	1	5	18	0	3618
23023	45	2	6	3833	0	3886
23024	22	3	7	4010	0	4042
23025	13	6	4280	53	0	4352
23026	6	1	58	4451	0	4516
23027	7	1	28	4651	0	4687
23028	4753	2	8	114	0	4877
23029	86	5069	5	53	0	5213
23030	39	85	1	5109	0	5234
23031	13	30	5	5169	0	5217
23032	9	10	6	5091	0	5116
23033	13	4698	8	137	0	4856
23034	6	4986	5	61	0	5058
23035	8	109	10	4997	0	5124
23036	7	38	11	5010	0	5066
23037	7	23	5	5058	0	5093
23038	4812	11	2	143	0	4968
23039	89	4862	4	66	0	5021
23040	4889	98	3	37	0	5027
23041	4988	37	4	26	0	5055
23042	123	19	7	4871	0	5020
23043	47	4818	4	110	0	4979
23044	4827	99	4	54	0	4984
23045	109	37	2	4837	0	4985
23046	4892	18	4	121	0	5035
23047	109	16	3	4933	0	5061
23048	60	6	4877	118	0	5061
23049	24	17	4936	55	0	5032
23050	19	15	119	4930	0	5083
23051	19	12	42	4983	0	5056
23052	21	8	20	4924	0	4973
23053	21	4736	13	147	0	4917
23054	22	4995	8	69	0	5094
23055	4902	110	11	39	0	5062
23056	4884	43	13	30	0	4970
23057	121	4745	10	33	0	4909
23058	39	4614	9	29	0	4691
23059	19	4767	11	33	0	4830
23060	4560	121	10	38	0	4729
23061	87	4604	6	33	0	4730
23062	36	102	2	4608	0	4748
23063	4564	42	7	101	0	4714
23064	4614	28	11	36	0	4689
23065	122	20	8	4449	0	4599
23066	47	19	4362	110	0	4538
23067	30	18	4403	44	0	4495
23068	21	23	104	4403	0	4551
23069	16	23	4481	118	0	4638
23070	28	17	98	4475	0	4618
23071	31	13	32	4506	0	4582
23072	20	11	4431	143	0	4605
23073	20	12	4463	58	0	4553
23074	20	11	117	4463	0	4611
23075	18	14	43	4610	0	4685
23076	4463	16	36	140	0	4655
23077	93	4383	28	73	0	4577
23078	28	4597	14	72	0	4711
23079	4460	111	18	52	0	4641
23080	4618	43	17	44	0	4722
23081	114	4473	13	53	0	4653
23082	51	4583	16	50	0	4700
23083	4554	118	15	48	0	4735
23084	114	48	13	4529	0	4704
23085	4434	43	11	131	0	4619
23086	118	4455	10	73	0	4656
23087	4478	102	14	55	0	4649
23088	125	43	4387	59	0	4614
23089	4439	31	98	52	0	4620
23090	131	29	4404	48	0	4612
23091	57	29	99	4381	0	4566
23092	4343	32	35	131	0	4541
23093	124	27	4241	75	0	4467
23094	52	27	99	4326	0	4504
23095	4286	31	41	136	0	4494
23096	132	35	4266	63	0	4496
23097	53	32	101	4334	0	4520
23098	4249	17	36	140	0	4442
23099	122	4212	22	79	0	4435
23100	54	107	26	4312	0	4499
23101	48	56	19	4335	0	4458
23102	56	36	14	4336	0	4442
23103	40	4314	15	159	0	4528
23104	42	111	14	4434	0	4601
23105	47	46	14	4527	0	4634
23106	41	46	14	4526	0	4627
23107	40	25	14	4629	0	4708
23108	54	20	4460	165	0	4699
23109	4352	24	103	93	0	4572
23110	4464	26	40	64	0	4594
23111	144	4399	30	60	0	4633
23112	53	102	23	4239	0	4417
23113	43	44	21	4272	0	4380
23114	32	4185	13	160	0	4390
23115	28	106	24	4175	0	4333
23116	4004	38	17	133	0	4192
23117	100	3886	20	78	0	4084
23118	3697	98	23	34	0	3852
23119	98	43	21	3653	0	3815
23120	33	14	3602	123	0	3772
23121	26	3624	84	50	0	3784
23122	3337	96	54	41	0	3528
23123	83	3107	13	30	0	3233
23124	32	3048	16	21	0	3117
23125	2611	62	44	12	0	2729
23126	54	18	2563	19	0	2654
23127	8	2304	36	17	0	2365
23128	1908	85	108	35	0	2136
23129	1734	13	13	4	0	1764
23130	20	1709	2	5	0	1736
23131	3	21	4	1777	0	1805
23132	2	4	1825	19	0	1850
23133	1	4	18	1829	0	1852
23134	3	2	3	1786	0	1794
23135	3	2	1	1891	0	1897
23136	4	5	1911	19	0	1939
23137	8	4	18	1859	0	1889
23138	6	2	1905	20	0	1933
23139	1	5	1805	5	0	1816
23140	1745	2	16	4	0	1767
23141	18	1836	4	3	0	1861
23142	5	1868	1	3	0	1877
23143	6	16	0	1940	0	1962
23144	2124	6	1	15	0	2146
23145	2145	3	0	5	0	2153
23146	2102	1	4	5	0	2112
23147	2125	2	1	6	0	2134
23148	2066	0	3	4	0	2073
23149	17	2	1993	6	0	2018
23150	5	2	15	2017	0	2039
23151	3	1979	6	16	0	2004
23152	3	13	3	2024	0	2043
23153	2045	5	3	15	0	2068
23154	15	2028	3	5	0	2051
23155	4	16	0	2081	0	2101
23156	2101	6	1	13	0	2121
23157	2163	4	0	8	0	2175
23158	19	2	2	2159	0	2182
23159	6	1	1	2117	0	2125
23160	3	0	1	2146	0	2150
23161	2	3	2110	19	0	2134
23162	3	2	2131	7	0	2143
23163	1	3	16	2202	0	2222
23164	1	1	4	2224	0	2230
23165	2221	2	3	18	0	2244
23166	2214	1	4	5	0	2224
23167	2265	1	1	4	0	2271
23168	2322	3	1	8	0	2334
23169	2267	4	2	4	0	2277
23170	17	2294	1	8	0	2320
23171	2341	14	1	7	0	2363
23172	2379	5	3	4	0	2391
23173	2374	0	2	5	0	2381
23174	21	2	3	2454	0	2480
23175	5	4	2437	17	0	2463
23176	5	4	15	2482	0	2506
23177	3	1	2626	22	0	2652
23178	3	2	14	2547	0	2566
23179	6	2623	4	16	0	2649
23180	2639	15	3	9	0	2666
23181	2724	5	2	5	0	2736
23182	22	4	3	2765	0	2794
23183	11	1	2	2885	0	2899
23184	5	4	1	2887	0	2897
23185	6	2923	0	26	0	2955
23186	2926	13	0	9	0	2948
23187	2926	8	1	3	0	2938
23188	20	2934	1	6	0	2961
23189	14	13	2	2981	0	3010
23190	9	6	2	2946	0	2963
23191	4	2975	2	24	0	3005
23192	3019	16	0	13	0	3048
23193	3019	4	2	5	0	3030
23194	23	5	0	3023	0	3051
23195	12	0	3035	18	0	3065
23196	7	3	2984	10	0	3004
23197	3	1	23	3150	0	3177
23198	5	1	9	3140	0	3155
23199	8	3	3	3200	0	3214
23200	3194	2	1	33	0	3230
23201	3220	0	0	14	0	3234
23202	31	3305	4	12	0	3352
23203	3335	22	2	3	0	3362
23204	32	4	3351	4	0	3391
23205	10	8	3319	2	0	3339
23206	10	3434	24	2	0	3470
23207	3352	23	24	7	0	3406
23208	21	3326	6	3	0	3356
23209	3335	28	0	6	0	3369
23210	28	2	3345	3	0	3378
23211	6	9	3303	4	0	3322
23212	11	2	23	3287	0	3323
23213	8	2	3451	21	0	3482
23214	8	0	25	3496	0	3529
23215	10	4	7	3197	0	3218
23216	4	3506	7	28	0	3545
23217	3	20	5	3563	0	3591
23218	4	3	4	3588	0	3599
23219	3680	11	4	26	0	3721
23220	25	3673	1	13	0	3712
23221	9	22	0	3770	0	3801
23222	11	6	3743	28	0	3788
23223	3482	9	25	14	0	3530
23224	26	3	3718	13	0	3760
23225	10	5	32	3685	0	3732
23226	15	3825	5	32	0	3877
23227	6	27	9	3831	0	3873
23228	3907	10	3	37	0	3957
23229	3916	9	3	11	0	3939
23230	43	4006	1	13	0	4063
23231	4091	35	4	15	0	4145
23232	4128	6	2	15	0	4151
23233	4106	15	1	8	0	4130
23234	4217	8	0	5	0	4230
23235	4022	4	8	14	0	4048
23236	46	3	4128	3	0	4180
23237	17	5	34	4089	0	4145
23238	18	2	15	4025	0	4060
23239	3	3	8	4116	0	4130
23240	5	4103	6	46	0	4160
23241	11	29	5	4114	0	4159
23242	9	8	4105	38	0	4160
23243	8	3997	35	14	0	4054
23244	3	3930	11	19	0	3963
23245	9	35	17	3914	0	3975
23246	9	15	3	3911	0	3938
23247	5	13	4	3861	0	3883
23248	7	3781	2	48	0	3838
23249	12	3867	6	17	0	3902
23250	3861	41	9	12	0	3923
23251	3882	16	8	7	0	3913
23252	43	3888	7	11	0	3949
23253	3956	37	8	6	0	4007
23254	4085	9	2	20	0	4116
23255	44	13	6	4088	0	4151
23256	22	4	8	4169	0	4203
23257	16	7	4	4158	0	4185
23258	11	4	4133	54	0	4202
23259	9	9	4130	29	0	4177
23260	11	4336	41	23	0	4411
23261	4495	38	17	14	0	4564
23262	48	14	4504	11	0	4577
23263	4519	20	40	16	0	4595
23264	63	6	4761	9	0	4839
23265	4765	8	54	11	0	4838
23266	64	4938	18	13	0	5033
23267	4934	49	16	20	0	5019
23268	62	15	9	4884	0	4970
23269	26	15	10	4975	0	5026
23270	29	13	4960	63	0	5065
23271	19	5030	45	30	0	5124
23272	19	55	12	5080	0	5166
23273	15	23	5049	53	0	5140
23274	4779	22	53	24	0	4878
23275	53	4960	10	31	0	5054
23276	4901	45	20	15	0	4981
23277	59	4784	6	23	0	4872
23278	27	61	7	4804	0	4899
23279	4739	17	11	62	0	4829
23280	56	4776	10	20	0	4862
23281	19	58	8	4787	0	4872
23282	20	17	4715	64	0	4816
23283	4512	23	45	22	0	4602
23284	56	12	15	4682	0	4765
23285	19	13	4616	61	0	4709
23286	23	4624	48	29	0	4724
23287	18	54	18	4644	0	4734
23288	20	15	4649	54	0	4738
23289	11	30	49	4519	0	4609
23290	19	4647	10	60	0	4736
23291	20	4712	16	19	0	4767
23292	20	52	4668	22	0	4762
23293	13	30	49	4635	0	4727
23294	14	17	4688	53	0	4772
23295	4589	15	51	22	0	4677
23296	56	15	22	4561	0	4654
23297	20	4448	10	45	0	4523
23298	20	4628	6	22	0	4676
23299	4565	52	12	18	0	4647
23300	42	4653	7	14	0	4716
23301	4665	52	7	15	0	4739
23302	42	16	4581	15	0	4654
23303	4388	11	37	8	0	4444
23304	44	4474	14	9	0	4541
23305	4464	42	14	2	0	4522
23306	44	4417	7	10	0	4478
23307	18	40	8	4448	0	4514
23308	8	16	7	4520	0	4551
23309	11	14	4458	49	0	4532
23310	4316	11	41	30	0	4398
23311	39	11	4528	16	0	4594
23312	4593	11	45	11	0	4660
23313	53	9	19	4536	0	4617
23314	23	8	12	4585	0	4628
23315	12	4682	11	53	0	4758
23316	18	48	9	4826	0	4901
23317	13	23	8	4921	0	4965
23318	9	19	4867	71	0	4966
23319	4627	9	49	30	0	4715
23320	51	4731	19	22	0	4823
23321	4712	52	10	18	0	4792
23322	54	14	20	4703	0	4791
23323	26	15	9	4742	0	4792
23324	4684	14	8	69	0	4775
23325	57	4731	12	31	0	4831
23326	4562	45	8	16	0	4631
23327	52	4517	7	14	0	4590
23328	20	4496	4	10	0	4530
23329	4478	56	21	8	0	4563
23330	53	23	6	4356	0	4438
23331	20	18	4334	50	0	4422
23332	19	10	43	4260	0	4332
23333	11	5	14	4263	0	4293
23334	5	4256	10	58	0	4329
23335	12	43	8	4325	0	4388
23336	8	23	0	4347	0	4378
23337	6	11	9	4414	0	4440
23338	7	11	5	4476	0	4499
23339	7	9	4433	75	0	4524
23340	7	10	4526	30	0	4573
23341	9	10	68	4650	0	4737
23342	4	11	4670	64	0	4749
23343	9	8	4638	26	0	4681
23344	8	7	72	4694	0	4781
23345	5	8	4829	67	0	4909
23346	4	6	66	4725	0	4801
23347	5	4908	23	64	0	5000
23348	5123	57	12	26	0	5218
23349	63	21	5424	17	0	5525
23350	23	15	71	5443	0	5552
23351	13	16	5569	77	0	5675
23352	11	8	81	5849	0	5949
23353	8	7	32	5977	0	6024
23354	5914	4	19	114	0	6051
23355	78	9	17	6041	0	6145
23356	5848	10	11	101	0	5970
23357	5967	7	12	43	0	6029
23358	108	5886	8	26	0	6028
23359	5815	79	8	22	0	5924
23360	95	5651	4	23	0	5773
23361	35	5783	12	15	0	5845
23362	5630	107	14	19	0	5770
23363	96	37	5616	13	0	5762
23364	30	18	5473	12	0	5533
23365	5334	25	123	13	0	5495
23366	5388	10	42	9	0	5449
23367	93	5384	17	15	0	5509
23368	5485	74	10	14	0	5583
23369	5515	24	9	17	0	5565
23370	5450	18	9	9	0	5486
23371	111	10	7	5359	0	5487
23372	5334	8	12	77	0	5431
23373	91	5419	7	38	0	5555
23374	39	71	6	5566	0	5682
23375	27	23	9	5566	0	5625
23376	15	5537	8	96	0	5656
23377	19	73	9	5591	0	5692
23378	5538	24	9	95	0	5666
23379	5595	18	8	36	0	5657
23380	103	5439	10	24	0	5576
23381	45	5519	8	18	0	5590
23382	5495	92	7	17	0	5611
23383	90	33	5455	17	0	5595
23384	39	24	5461	13	0	5537
23385	37	16	98	5379	0	5530
23386	27	10	35	5491	0	5563
23387	18	9	5432	95	0	5554
23388	15	5271	79	38	0	5403
23389	26	79	28	5162	0	5295
23390	21	34	5420	82	0	5557
23391	23	18	82	5408	0	5531
23392	18	10	32	5439	0	5499
23393	22	5537	22	94	0	5675
23394	24	78	11	5555	0	5668
23395	16	34	11	5605	0	5666
23396	20	24	12	5632	0	5688
23397	5527	17	13	118	0	5675
23398	90	11	7	5445	0	5553
23399	42	5500	19	91	0	5652
23400	5490	73	10	48	0	5621
23401	91	29	5368	39	0	5527
23402	40	27	5306	20	0	5393
23403	5360	16	86	27	0	5489
23404	91	16	38	5396	0	5541
23405	45	11	5475	81	0	5612
23406	31	11	81	5454	0	5577
23407	29	9	32	5558	0	5628
23408	5469	20	19	109	0	5617
23409	5493	25	11	49	0	5578
23410	106	5479	15	43	0	5643
23411	48	83	16	5453	0	5600
23412	40	24	5435	88	0	5587
23413	28	5593	74	48	0	5743
23414	5545	78	36	36	0	5695
23415	83	5606	16	30	0	5735
23416	5550	75	17	25	0	5667
23417	77	36	5528	22	0	5663
23418	5473	15	63	25	0	5576
23419	5707	16	33	26	0	5782
23420	106	23	5820	23	0	5972
23421	56	23	71	5790	0	5940
23422	27	5765	33	89	0	5914
23423	26	6025	25	43	0	6119
23424	30	6051	15	28	0	6124
23425	28	107	15	5938	0	6088
23426	30	47	6020	75	0	6172
23427	20	30	74	5986	0	6110
23428	27	24	28	6106	0	6185
23429	32	22	6081	96	0	6231
23430	24	6053	77	49	0	6203
23431	28	79	31	6011	0	6149
23432	6090	31	22	91	0	6234
23433	74	18	26	6112	0	6230
23434	37	23	16	6077	0	6153
23435	32	6035	11	106	0	6184
23436	6068	78	15	54	0	6215
23437	89	32	12	6210	0	6343
23438	37	19	6157	82	0	6295
23439	31	6112	60	48	0	6251
23440	5982	62	32	37	0	6113
23441	65	30	6019	32	0	6146
23442	5914	31	69	25	0	6039
23443	77	26	35	5944	0	6082
23444	35	5971	19	70	0	6095
23445	5910	63	15	37	0	6025
23446	5871	35	17	32	0	5955
23447	82	5901	13	24	0	6020
23448	43	58	17	5776	0	5894
23449	23	24	11	5535	0	5593
23450	5423	15	10	57	0	5505
23451	41	5398	16	33	0	5488
23452	23	55	9	5068	0	5155
23453	13	4986	5	38	0	5042
23454	8	4930	8	24	0	4970
23455	23	29	12	4787	0	4851
23456	4776	13	9	28	0	4826
23457	22	4790	3	17	0	4832
23458	17	23	5	4815	0	4860
23459	7	19	3	4817	0	4846
23460	8	9	4844	29	0	4890
23461	9	10	4587	17	0	4623
23462	7	4758	23	13	0	4801
23463	4	29	4673	7	0	4713
23464	7	15	25	4683	0	4730
23465	5	10	4762	25	0	4802
23466	9	5	21	4801	0	4836
23467	5	2	12	4842	0	4861
23468	5	5	6	4843	0	4859
23469	4763	4	4	37	0	4808
23470	26	4	5	4740	0	4775
23471	12	4	5	4727	0	4748
23472	4	4712	4	36	0	4756
23473	6	24	5	4669	0	4704
23474	4697	11	5	41	0	4754
23475	23	4802	2	11	0	4838
23476	4858	29	1	14	0	4902
23477	28	15	4843	10	0	4896
23478	13	6	4915	16	0	4950
23479	12	5	35	5096	0	5148
23480	5	5	14	5195	0	5219
23481	7	5196	6	42	0	5251
23482	19	35	10	4908	0	4972
23483	5188	15	4	43	0	5250
23484	5138	9	5	19	0	5171
23485	40	10	6	5231	0	5287
23486	18	7	5501	46	0	5572
23487	15	8	41	5553	0	5617
23488	8	10	13	5795	0	5826
23489	7	6	11	5852	0	5876
23490	3	7	10	5785	0	5805
23491	8	9	8	5703	0	5728
23492	3	5694	7	61	0	5765
23493	5647	48	6	28	0	5729
23494	5757	11	7	23	0	5798
23495	5816	11	3	20	0	5850
23496	55	5873	8	20	0	5956
23497	5861	46	6	21	0	5934
23498	52	5856	5	22	0	5935
23499	13	53	5791	20	0	5877
23500	13	14	48	5723	0	5798
23501	17	6	5863	60	0	5946
23502	10	5886	50	22	0	5968
23503	5872	58	12	18	0	5960
23504	63	21	6028	15	0	6127
23505	23	11	6274	12	0	6320
23506	8	6523	83	19	0	6633
23507	20	74	25	6640	0	6759
23508	11	32	6952	80	0	7075
23509	10	18	89	6838	0	6955
23510	19	8	32	7553	0	7612
23511	11	12	18	8001	0	8042
23512	8239	13	16	146	0	8414
23513	8282	12	9	58	0	8361
23514	170	10	15	8218	0	8413
23515	8302	7	16	164	0	8489
23516	166	15	8147	65	0	8393
23517	61	9	8072	42	0	8184
23518	33	5	8157	40	0	8235
23519	40	7	8186	38	0	8271
23520	36	8019	175	36	0	8266
23521	47	138	71	7924	0	8180
23522	36	35	8049	137	0	8257
23523	7658	17	160	56	0	7891
23524	8054	14	67	34	0	8169
23525	169	7969	46	38	0	8222
23526	7934	133	58	21	0	8146
23527	157	41	48	7928	0	8174
23528	58	27	8047	134	0	8266
23529	37	22	164	7739	0	7962
23530	31	8075	67	134	0	8307
23531	7872	151	29	67	0	8119
23532	8085	52	36	45	0	8218
23533	182	8051	36	37	0	8306
23534	8147	147	14	32	0	8340
23535	8143	52	20	32	0	8247
23536	193	8106	24	31	0	8354
23537	83	151	27	7886	0	8147
23538	53	7939	22	142	0	8156
23539	8016	151	26	56	0	8249
23540	166	83	17	7954	0	8220
23541	7961	43	16	163	0	8183
23542	190	33	18	7936	0	8177
23543	94	38	7811	153	0	8096
23544	7710	41	135	66	0	7952
23545	189	29	7868	44	0	8130
23546	96	31	140	7814	0	8081
23547	51	36	7786	169	0	8042
23548	52	20	155	7826	0	8053
23549	53	26	7810	171	0	8060
23550	7632	15	163	87	0	7897
23551	165	7744	68	66	0	8043
23552	7761	136	51	48	0	7996
23553	171	50	50	7744	0	8015
23554	7672	23	49	163	0	7907
23555	160	7657	48	74	0	7939
23556	85	7669	53	43	0	7850
23557	47	7925	44	53	0	8069
23558	7871	183	44	47	0	8145
23559	174	81	30	7879	0	8164
23560	84	40	29	7973	0	8126
23561	65	48	7780	195	0	8088
23562	59	43	7712	81	0	7895
23563	53	42	171	7838	0	8104
23564	54	41	7943	168	0	8206
23565	51	7832	158	77	0	8118
23566	7820	165	72	56	0	8113
23567	162	63	7894	56	0	8175
23568	67	38	7918	58	0	8081
23569	55	34	199	7814	0	8102
23570	7956	22	87	180	0	8245
23571	162	23	67	7954	0	8206
23572	7941	28	64	173	0	8206
23573	166	20	59	7966	0	8211
23574	78	24	7889	179	0	8170
23575	64	7745	178	73	0	8060
23576	53	153	7865	46	0	8117
23577	52	7836	176	53	0	8117
23578	60	178	97	7699	0	8034
23579	7581	66	58	171	0	7876
23580	163	32	7560	88	0	7843
23581	88	31	156	7509	0	7784
23582	57	33	71	7684	0	7845
23583	7673	27	48	201	0	7949
23584	166	30	49	7546	0	7791
23585	70	7619	42	167	0	7898
23586	7375	151	41	90	0	7657
23587	175	63	7267	48	0	7553
23588	7011	44	138	49	0	7242
23589	154	7142	58	71	0	7425
23590	102	151	35	6926	0	7214
23591	71	7207	35	135	0	7448
23592	7173	147	25	82	0	7427
23593	166	77	7172	56	0	7471
23594	7008	66	138	53	0	7265
23595	164	7151	64	43	0	7422
23596	89	149	33	7130	0	7401
23597	7205	66	39	144	0	7454
23598	7294	41	41	72	0	7448
23599	198	35	29	7190	0	7452
23600	85	47	28	7289	0	7449
23601	58	7177	38	181	0	7454
23602	67	162	30	7258	0	7517
23603	65	7927	28	149	0	8169
23604	48	8323	29	86	0	8486
23605	66	303	31	7611	0	8011
23606	40	7948	19	169	0	8176
23607	69	147	7972	76	0	8264
23608	111	64	8031	60	0	8266
23609	43	8191	177	62	0	8473
23610	34	161	8129	35	0	8359
23611	26	69	7974	33	0	8102
23612	14	24	7585	12	0	7635
23613	8	7417	163	11	0	7599
23614	7213	126	96	20	0	7455
23615	93	7192	20	11	0	7316
23616	44	108	7168	2	0	7322
23617	12	47	105	7059	0	7223
23618	7071	25	47	100	0	7243
23619	106	14	6995	43	0	7158
23620	46	14	111	6967	0	7138
23621	15	14	7061	104	0	7194
23622	10	14	121	6949	0	7094
23623	6907	9	56	118	0	7090
23624	106	10	6959	52	0	7127
23625	48	7012	114	22	0	7196
23626	21	101	59	6933	0	7114
23627	7146	52	24	109	0	7331
23628	110	24	6975	49	0	7158
23629	55	8	106	6758	0	6927
23630	20	6984	62	95	0	7161
23631	7081	102	28	57	0	7268
23632	7278	52	24	20	0	7374
23633	163	22	17	7209	0	7411
23634	68	7235	15	119	0	7437
23635	24	7595	18	60	0	7697
23636	7706	171	15	22	0	7914
23637	148	70	18	7582	0	7818
23638	61	7696	18	137	0	7912
23639	7736	142	18	62	0	7958
23640	140	59	24	7770	0	7993
23641	61	28	15	7919	0	8023
23642	35	25	7532	186	0	7778
23643	24	7682	137	77	0	7920
23644	18	7983	57	36	0	8094
23645	21	173	28	7964	0	8186
23646	7959	76	20	148	0	8203
23647	145	7948	20	68	0	8181
23648	7962	158	19	31	0	8170
23649	153	7952	22	28	0	8155
23650	80	158	16	7959	0	8213
23651	7978	76	19	154	0	8227
23652	158	32	21	7989	0	8200
23653	73	30	7939	166	0	8208
23654	41	30	151	7735	0	7957
23655	28	7853	70	166	0	8117
23656	7827	158	34	72	0	8091
23657	150	7823	30	41	0	8044
23658	77	168	15	7675	0	7935
23659	44	80	20	7844	0	7988
23660	31	42	7618	204	0	7895
23661	23	33	7615	87	0	7758
23662	31	49	197	7600	0	7877
23663	25	34	7574	161	0	7794
23664	21	7524	164	91	0	7800
23665	7489	164	73	46	0	7772
23666	149	86	7590	33	0	7858
23667	7531	38	158	49	0	7776
23668	7734	38	84	32	0	7888
23669	7745	32	44	38	0	7859
23670	7771	44	26	30	0	7871
23671	226	33	38	7602	0	7899
23672	103	27	33	7504	0	7667
23673	55	7426	33	208	0	7722
23674	7395	151	33	82	0	7661
23675	178	85	7259	43	0	7565
23676	82	52	152	7196	0	7482
23677	48	33	80	7337	0	7498
23678	46	33	7130	216	0	7425
23679	41	7171	154	104	0	7470
23680	46	163	84	6926	0	7219
23681	44	83	41	7342	0	7510
23682	7148	47	31	224	0	7450
23683	159	7084	32	108	0	7383
23684	93	160	27	7015	0	7295
23685	45	7060	28	164	0	7297
23686	48	160	26	7185	0	7419
23687	7074	82	19	190	0	7365
23688	7231	46	27	93	0	7397
23689	207	29	32	7085	0	7353
23690	7059	41	25	190	0	7315
23691	7073	33	23	108	0	7237
23692	217	6967	25	58	0	7267
23693	116	162	19	6810	0	7107
23694	59	6934	24	164	0	7181
23695	52	165	18	6925	0	7160
23696	6880	89	20	176	0	7165
23697	175	52	19	6867	0	7113
23698	100	45	27	6932	0	7104
23699	58	41	6674	233	0	7006
23700	52	6349	132	132	0	6665
23701	57	6709	69	73	0	6908
23702	6480	193	28	67	0	6768
23703	152	101	16	5630	0	5899
23704	5317	35	19	113	0	5484
23705	114	5104	13	68	0	5299
23706	68	4818	5	45	0	4936
23707	40	4944	17	28	0	5029
23708	4307	112	114	32	0	4565
23709	73	4338	13	21	0	4445
23710	4062	67	57	26	0	4212
23711	3984	23	9	17	0	4033
23712	4090	7	8	16	0	4121
23713	71	8	5	4275	0	4359
23714	33	13	3	4371	0	4420
23715	21	10	3	4410	0	4444
23716	10	9	7	4385	0	4411
23717	4344	13	2	95	0	4454
23718	69	4291	3	41	0	4404
23719	33	67	9	4307	0	4416
23720	4346	26	6	72	0	4450
23721	70	10	6	4316	0	4402
23722	26	7	10	4343	0	4386
23723	4277	13	4	92	0	4386
23724	72	11	4168	33	0	4284
23725	29	7	59	4157	0	4252
23726	16	11	4214	71	0	4312
23727	13	5	60	4130	0	4208
23728	17	16	20	4128	0	4181
23729	4018	8	5	84	0	4115
23730	60	3916	5	38	0	4019
23731	24	3900	4	17	0	3945
23732	3725	60	5	12	0	3802
23733	54	3754	4	12	0	3824
23734	3720	42	12	19	0	3793
23735	58	15	3659	10	0	3742
23736	3402	5	32	4	0	3443
23737	3467	3	10	6	0	3486
23738	3493	2	3	5	0	3503
23739	45	2	0	3422	0	3469
23740	14	1	2	3419	0	3436
23741	2	3380	1	43	0	3426
23742	6	58	4	3345	0	3413
23743	3342	10	4	31	0	3387
23744	30	3327	1	13	0	3371
23745	8	3286	1	1	0	3296
23746	3273	29	0	2	0	3304
23747	26	8	3240	2	0	3276
23748	13	1	24	3200	0	3238
23749	1	3	3273	23	0	3300
23750	4	0	20	3218	0	3242
23751	1	3241	7	23	0	3272
23752	2	20	0	3326	0	3348
23753	3274	8	1	23	0	3306
23754	23	1	1	3286	0	3311
23755	9	1	3394	25	0	3429
23756	3214	1	25	11	0	3251
23757	29	3476	10	2	0	3517
23758	14	3661	1	6	0	3682
23759	3838	36	2	6	0	3882
23760	4095	16	0	5	0	4116
23761	56	5	4113	1	0	4175
23762	4014	2	39	5	0	4060
23763	47	4114	16	2	0	4179
23764	4170	42	5	7	0	4224
23765	55	16	3	4051	0	4125
23766	18	3880	5	42	0	3945
23767	3943	43	3	17	0	4006
23768	47	23	3945	5	0	4020
23769	27	6	43	3964	0	4040
23770	4041	7	14	50	0	4112
23771	46	9	4019	18	0	4092
23772	4061	2	42	11	0	4116
23773	50	7	20	4008	0	4085
23774	28	5	9	4087	0	4129
23775	15	3	4092	62	0	4172
23776	7	3	47	4100	0	4157
23777	4107	1	19	52	0	4179
23778	43	4067	11	24	0	4145
23779	4104	44	3	16	0	4167
23780	4153	15	5	12	0	4185
23781	65	4	3	4129	0	4201
23782	28	5	4176	50	0	4259
23783	10	6	48	4147	0	4211
23784	4166	3	20	55	0	4244
23785	49	4154	7	23	0	4233
23786	4268	43	1	17	0	4329
23787	60	17	8	4232	0	4317
23788	22	7	3	4320	0	4352
23789	20	1	4	4332	0	4357
23790	5	7	4246	80	0	4338
23791	12	3	52	4292	0	4359
23792	11	7	4289	62	0	4369
23793	6	4	4313	30	0	4353
23794	11	2	67	4665	0	4745
23795	5	3	4767	79	0	4854
23796	5124	3	75	41	0	5243
23797	86	3	29	5323	0	5441
23798	35	1	21	5316	0	5373
23799	17	5443	6	121	0	5587
23800	5494	83	16	59	0	5652
23801	5678	31	9	34	0	5752
23802	119	5718	11	15	0	5863
23803	58	87	7	5744	0	5896
23804	28	43	5756	93	0	5920
23805	5662	21	86	43	0	5812
23806	5873	8	31	32	0	5944
23807	132	15	21	5607	0	5775
23808	67	10	5461	104	0	5642
23809	32	5413	94	43	0	5582
23810	5344	91	41	32	0	5508
23811	112	37	5352	13	0	5514
23812	48	5314	86	17	0	5465
23813	5080	74	49	21	0	5224
23814	5105	39	30	14	0	5188
23815	121	25	12	5002	0	5160
23816	62	5070	13	76	0	5221
23817	35	86	12	5274	0	5407
23818	30	35	21	5329	0	5415
23819	25	34	13	5223	0	5295
23820	29	11	9	5324	0	5373
23821	24	16	5227	129	0	5396
23822	16	19	81	5315	0	5431
23823	23	16	31	5408	0	5478
23824	23	9	5312	123	0	5467
23825	9	5315	82	88	0	5494
23826	5297	85	38	54	0	5474
23827	5344	34	27	42	0	5447
23828	113	27	12	5361	0	5513
23829	5386	8	18	108	0	5520
23830	105	14	10	5475	0	5604
23831	46	11	5500	118	0	5675
23832	39	16	5506	60	0	5621
23833	23	5476	106	57	0	5662
23834	5447	86	58	30	0	5621
23835	102	42	5752	37	0	5933
23836	63	22	100	5615	0	5800
23837	54	6	50	5930	0	6040
23838	23	17	36	6158	0	6234
23839	31	13	19	6116	0	6179
23840	25	15	31	6099	0	6170
23841	25	20	5958	196	0	6199
23842	39	15	109	6005	0	6168
23843	5932	21	51	161	0	6165
23844	121	5898	38	92	0	6149
23845	5895	107	26	82	0	6110
23846	136	5939	30	51	0	6156
23847	5965	127	21	62	0	6175
23848	6121	56	29	47	0	6253
23849	162	40	24	6002	0	6228
23850	100	18	19	6086	0	6223
23851	5982	21	19	179	0	6201
23852	5862	20	15	102	0	5999
23853	5976	24	18	67	0	6085
23854	185	5707	21	40	0	5953
23855	93	5787	17	43	0	5940
23856	63	137	5699	46	0	5945
23857	51	103	106	5538	0	5798
23858	45	32	5448	132	0	5657
23859	40	5314	117	79	0	5550
23860	34	98	55	5083	0	5270
23861	34	44	27	5100	0	5205
23862	29	34	15	5174	0	5252
23863	5058	19	17	157	0	5251
23864	5054	22	16	85	0	5177
23865	128	5042	15	61	0	5246
23866	77	96	16	5070	0	5259
23867	51	50	5045	118	0	5264
23868	31	34	4894	74	0	5033
23869	4967	30	126	49	0	5172
23870	5046	18	53	47	0	5164
23871	137	15	39	4984	0	5175
23872	5000	20	26	129	0	5175
23873	130	16	4933	74	0	5153
23874	67	4889	101	53	0	5110
23875	54	94	51	4907	0	5106
23876	44	45	5016	122	0	5227
23877	29	35	108	5060	0	5232
23878	32	22	52	5148	0	5254
23879	45	20	5093	155	0	5313
23880	4986	22	95	98	0	5201
23881	5199	17	52	73	0	5341
23882	130	5370	38	69	0	5607
23883	5490	99	29	55	0	5673
23884	5649	53	25	58	0	5785
23885	169	25	5611	61	0	5866
23886	5550	24	120	48	0	5742
23887	150	5855	60	47	0	6112
23888	5928	115	34	42	0	6119
23889	6088	53	31	42	0	6214
23890	6254	38	21	34	0	6347
23891	6044	25	15	38	0	6122
23892	6191	29	24	32	0	6276
23893	215	6024	9	52	0	6300
23894	5769	104	19	31	0	5923
23895	137	5613	23	32	0	5805
23896	59	5078	15	18	0	5170
23897	42	5293	14	27	0	5376
23898	5188	113	67	21	0	5389
23899	5171	47	11	23	0	5252
23900	142	23	5092	15	0	5272
23901	5255	16	83	11	0	5365
23902	5316	10	35	20	0	5381
23903	142	12	5289	18	0	5461
23904	63	12	100	5267	0	5442
23905	43	16	46	5232	0	5337
23906	30	10	15	5516	0	5571
23907	21	17	20	5534	0	5592
23908	34	9	5	5552	0	5600
23909	23	15	5371	141	0	5550
23910	19	5369	98	57	0	5543
23911	5286	93	39	34	0	5452
23912	121	5281	21	14	0	5437
23913	5295	97	22	15	0	5429
23914	5290	52	9	18	0	5369
23915	141	18	5177	20	0	5356
23916	59	16	97	4885	0	5057
23917	28	4991	46	100	0	5165
23918	5062	93	14	48	0	5217
23919	5108	40	22	22	0	5192
23920	5179	21	7	18	0	5225
23921	135	5125	14	17	0	5291
23922	5155	93	19	11	0	5278
23923	5216	49	8	17	0	5290
23924	5217	19	11	11	0	5258
23925	152	13	12	5049	0	5226
23926	72	6	8	5150	0	5236
23927	39	19	8	5198	0	5264
23928	5079	12	10	137	0	5238
23929	115	5097	4	53	0	5269
23930	5082	90	6	17	0	5195
23931	4975	50	7	9	0	5041
23932	4866	18	6	11	0	4901
23933	4865	24	7	9	0	4905
23934	157	4721	6	8	0	4892
23935	4417	82	3	8	0	4510
23936	98	4350	5	9	0	4462
23937	52	4229	2	12	0	4295
23938	4182	87	5	5	0	4279
23939	78	4155	2	11	0	4246
23940	49	4261	1	3	0	4314
23941	4251	88	19	3	0	4361
23942	4291	36	4	7	0	4338
23943	102	15	2	4217	0	4336
23944	52	10	4	4252	0	4318
23945	4268	6	5	90	0	4369
23946	4404	13	5	37	0	4459
23947	4342	12	5	17	0	4376
23948	99	12	4213	10	0	4334
23949	4344	12	51	11	0	4418
23950	74	18	23	4345	0	4460
23951	49	15	5	4400	0	4469
23952	34	12	6	4425	0	4477
23953	25	10	9	4423	0	4467
23954	25	13	4278	97	0	4413
23955	31	11	4292	38	0	4372
23956	25	15	82	4294	0	4416
23957	23	14	4323	68	0	4428
23958	23	10	4335	35	0	4403
23959	36	8	84	4350	0	4478
23960	27	11	38	4444	0	4520
23961	27	6	13	4547	0	4593
23962	24	10	11	4460	0	4505
23963	4483	10	6	111	0	4610
23964	4615	9	8	53	0	4685
23965	102	15	8	4511	0	4636
23966	55	9	9	4555	0	4628
23967	25	20	12	4544	0	4601
23968	39	2	10	4554	0	4605
23969	23	9	12	4535	0	4579
23970	25	4453	13	107	0	4598
23971	4453	65	6	54	0	4578
23972	78	4513	15	29	0	4635
23973	4526	67	3	32	0	4628
23974	4554	42	8	21	0	4625
23975	4568	15	8	18	0	4609
23976	115	15	7	4346	0	4483
23977	4340	9	3	78	0	4430
23978	83	13	11	4302	0	4409
23979	55	29	6	4255	0	4345
23980	4236	12	1	102	0	4351
23981	90	4128	4	48	0	4270
23982	34	3992	3	25	0	4054
23983	3886	65	1	17	0	3969
23984	66	28	3832	13	0	3939
23985	3671	8	46	13	0	3738
23986	74	26	23	3683	0	3806
23987	39	3405	2	43	0	3489
23988	16	3437	5	34	0	3492
23989	3406	53	1	19	0	3479
23990	47	35	2	3383	0	3467
23991	32	3436	3	34	0	3505
23992	3416	29	6	23	0	3474
23993	3415	22	1	7	0	3445
23994	3409	10	2	6	0	3427
23995	3419	7	0	9	0	3435
23996	51	3294	2	15	0	3362
23997	15	3232	0	5	0	3252
23998	3257	31	0	7	0	3295
23999	3378	16	4	9	0	3407
24000	38	10	3269	7	0	3324
24001	11	3158	14	7	0	3190
24002	3159	16	9	4	0	3188
24003	3281	7	1	2	0	3291
24004	34	3	3340	3	0	3380
24005	3415	6	22	8	0	3451
24006	36	2	3503	1	0	3542
24007	7	1	3754	4	0	3766
24008	8	10	45	3568	0	3631
24009	6	3660	11	35	0	3712
24010	3838	42	5	10	0	3895
24011	47	14	1	3843	0	3905
24012	11	5	3	3884	0	3903
24013	6	2	4	3922	0	3934
24014	3896	1	2	57	0	3956
24015	47	0	2	3884	0	3933
24016	11	3	3	3991	0	4008
24017	5	4	3983	55	0	4047
24018	3994	4	46	17	0	4061
24019	4075	3	7	8	0	4093
24020	62	2	4024	6	0	4094
24021	3928	2	54	6	0	3990
24022	60	2	10	3875	0	3947
24023	18	3918	4	57	0	3997
24024	10	47	2	3947	0	4006
24025	3922	11	2	59	0	3994
24026	54	3930	2	17	0	4003
24027	15	49	5	3975	0	4044
24028	11	9	1	4046	0	4067
24029	8	5	5	4018	0	4036
24030	8	6	7	3889	0	3910
24031	12	4051	3	61	0	4127
24032	4091	55	2	23	0	4171
24033	4160	15	6	10	0	4191
24034	79	4248	3	10	0	4340
24035	4528	65	5	11	0	4609
24036	4701	18	4	11	0	4734
24037	4659	6	4	14	0	4683
24038	102	7	4539	13	0	4661
24039	31	4	73	4532	0	4640
24040	22	6	4436	83	0	4547
24041	4453	6	75	26	0	4560
24042	88	4468	17	19	0	4592
24043	4429	74	18	13	0	4534
24044	84	4472	7	16	0	4579
24045	28	80	5	4346	0	4459
24046	29	24	6	4422	0	4481
24047	23	16	4411	92	0	4542
24048	17	4483	75	32	0	4607
24049	4443	83	21	24	0	4571
24050	90	24	4430	15	0	4559
24051	4451	16	76	17	0	4560
24052	98	17	22	4460	0	4597
24053	35	8	4465	89	0	4597
24054	24	4442	80	38	0	4584
24055	18	85	26	4460	0	4589
24056	22	23	4448	93	0	4586
24057	21	20	4443	29	0	4513
24058	17	4407	98	28	0	4550
24059	27	83	36	4316	0	4462
24060	17	24	22	4286	0	4349
24061	17	4285	16	91	0	4409
24062	4311	83	15	39	0	4448
24063	88	33	15	4243	0	4379
24064	37	4197	12	80	0	4326
24065	4278	81	9	40	0	4408
24066	4281	31	14	24	0	4350
24067	4317	19	15	26	0	4377
24068	112	4260	10	19	0	4401
24069	4312	90	12	19	0	4433
24070	4356	24	15	23	0	4418
24071	108	27	14	4256	0	4405
24072	4257	15	7	96	0	4375
24073	112	14	7	4280	0	4413
24074	49	15	4211	97	0	4372
24075	45	12	4285	40	0	4382
24076	26	16	96	4312	0	4450
24077	32	12	4359	93	0	4496
24078	4320	21	94	46	0	4481
24079	101	15	33	4417	0	4566
24080	46	12	28	4469	0	4555
24081	34	19	4389	119	0	4561
24082	29	4276	93	53	0	4451
24083	28	4431	29	46	0	4534
24084	26	103	26	4328	0	4483
24085	24	39	19	4400	0	4482
24086	26	28	4277	114	0	4445
24087	24	16	4355	46	0	4441
24088	25	20	105	4374	0	4524
24089	25	10	4303	110	0	4448
24090	4262	16	107	43	0	4428
24091	105	25	36	4268	0	4434
24092	4313	13	26	109	0	4461
24093	110	21	19	4293	0	4443
24094	43	12	13	4393	0	4461
24095	32	16	4279	129	0	4456
24096	25	4322	94	53	0	4494
24097	21	94	41	4303	0	4459
24098	23	34	4256	100	0	4413
24099	21	4141	93	46	0	4301
24100	33	104	35	4179	0	4351
24101	4209	38	24	107	0	4378
24102	105	16	4181	48	0	4350
24103	3952	16	91	35	0	4094
24104	101	20	3870	24	0	4015
24105	3588	7	81	27	0	3703
24106	85	3599	38	20	0	3742
24107	30	3421	23	12	0	3486
24108	30	83	27	3274	0	3414
24109	18	3305	18	52	0	3393
24110	3296	65	14	49	0	3424
24111	60	27	11	3339	0	3437
24112	31	16	13	3367	0	3427
24113	19	11	6	3403	0	3439
24114	11	14	3289	90	0	3404
24115	17	11	63	3294	0	3385
24116	14	10	3246	79	0	3349
24117	7	3156	65	32	0	3260
24118	3015	48	25	28	0	3116
24119	47	3108	19	21	0	3195
24120	3203	47	17	19	0	3286
24121	3228	25	9	16	0	3278
24122	3248	14	6	20	0	3288
24123	3189	8	7	21	0	3225
24124	71	7	3113	17	0	3208
24125	35	9	54	3098	0	3196
24126	21	11	26	3067	0	3125
24127	13	13	17	3156	0	3199
24128	2901	15	8	75	0	2999
24129	2970	13	14	34	0	3031
24130	62	3082	11	28	0	3183
24131	33	38	2968	21	0	3060
24132	25	14	2965	15	0	3019
24133	24	2901	47	21	0	2993
24134	11	2853	32	22	0	2918
24135	64	45	60	2464	0	2633
24136	9	16	12	2391	0	2428
24137	2453	11	6	42	0	2512
24138	25	2454	10	21	0	2510
24139	14	37	5	2512	0	2568
24140	11	13	2557	35	0	2616
24141	12	7	32	2636	0	2687
24142	9	11	14	2672	0	2706
24143	10	3	9	2705	0	2727
24144	13	4	8	2676	0	2701
24145	13	4	2624	43	0	2684
24146	8	2526	30	24	0	2588
24147	6	2540	11	14	0	2571
24148	2433	27	5	4	0	2469
24149	25	2419	3	6	0	2453
24150	12	2517	2	3	0	2534
24151	9	30	2	2526	0	2567
24152	8	9	3	2535	0	2555
24153	8	5	4	2522	0	2539
24154	4	2	2514	32	0	2552
24155	5	2476	23	13	0	2517
24156	5	26	4	2454	0	2489
24157	2	2533	5	30	0	2570
24158	2513	24	5	12	0	2554
24159	22	2508	6	9	0	2545
24160	2509	24	5	5	0	2543
24161	29	12	2496	5	0	2542
24162	2517	3	30	6	0	2556
24163	28	6	6	2562	0	2602
24164	10	7	2580	25	0	2622
24165	2522	9	21	14	0	2566
24166	2578	3	5	11	0	2597
24167	2580	5	5	9	0	2599
24168	31	6	6	2562	0	2605
24169	7	4	2571	31	0	2613
24170	2566	4	24	15	0	2609
24171	25	6	4	2662	0	2697
24172	12	1	9	2678	0	2700
24173	4	6	2725	35	0	2770
24174	4	2725	27	10	0	2766
24175	11	29	9	2686	0	2735
24176	5	2706	5	24	0	2740
24177	2658	31	10	12	0	2711
24178	2667	5	4	7	0	2683
24179	33	3	3	2627	0	2666
24180	2614	0	1	30	0	2645
24181	28	2606	6	5	0	2645
24182	2594	28	3	8	0	2633
24183	26	2625	3	8	0	2662
24184	6	26	3	2652	0	2687
24185	8	8	0	2646	0	2662
24186	3	2662	3	32	0	2700
24187	7	22	4	2625	0	2658
24188	3	8	2628	28	0	2667
24189	5	2570	23	10	0	2608
24190	2467	22	5	5	0	2499
24191	21	2492	3	3	0	2519
24192	7	23	0	2473	0	2503
24193	4	5	2486	23	0	2518
24194	5	5	18	2524	0	2552
24195	3	5	4	2534	0	2546
24196	2489	3	3	28	0	2523
24197	23	3	2507	14	0	2547
24198	5	2546	20	9	0	2580
24199	1	22	2657	7	0	2687
24200	2	8	2640	4	0	2654
24201	4	5	2628	5	0	2642
24202	14	29	30	2573	0	2646
24203	2692	4	9	24	0	2729
24204	26	2684	2	6	0	2718
24205	2749	24	2	5	0	2780
24206	2831	5	1	8	0	2845
24207	27	2	2	2775	0	2806
24208	6	2794	4	24	0	2828
24209	2800	23	2	5	0	2830
24210	26	2820	2	5	0	2853
24211	5	23	3	2826	0	2857
24212	5	9	1	2902	0	2917
24213	3	2899	3	29	0	2934
24214	6	26	2	2907	0	2941
24215	3	5	2872	29	0	2909
24216	3	5	2853	8	0	2869
24217	5	0	27	2887	0	2919
24218	1	5	9	2934	0	2949
24219	6	2	2813	31	0	2852
24220	6	5	2741	7	0	2759
24221	2665	3	29	7	0	2704
24222	27	2725	8	4	0	2764
24223	7	2879	4	6	0	2896
24224	6	33	2	2810	0	2851
24225	3	8	3	2842	0	2856
24226	2	5	4	2856	0	2867
24227	4	4	2836	31	0	2875
24228	3	4	2807	14	0	2828
24229	1	4	28	2869	0	2902
24230	2	5	2842	28	0	2877
24231	3	2814	28	11	0	2856
24232	2802	26	8	10	0	2846
24233	25	8	2788	4	0	2825
24234	7	5	2801	3	0	2816
24235	6	5	29	2852	0	2892
24236	2	2	3075	29	0	3108
24237	2	3139	34	10	0	3185
24238	3	34	9	3210	0	3256
24239	4	11	3214	35	0	3264
24240	4	3123	35	13	0	3175
24241	3069	34	13	7	0	3123
24242	34	11	6	3067	0	3118
24243	8	8	7	3102	0	3125
24244	3071	5	8	39	0	3123
24245	34	3064	4	16	0	3118
24246	3091	31	4	14	0	3140
24247	3093	11	4	8	0	3116
24248	3120	8	1	6	0	3135
24249	46	3	5	3054	0	3108
24250	2971	4	3	34	0	3012
24251	41	2900	2	11	0	2954
24252	11	2971	3	6	0	2991
24253	3036	39	2	13	0	3090
24254	39	10	4	3062	0	3115
24255	13	9	3	3085	0	3110
24256	12	9	0	3088	0	3109
24257	8	4	2981	46	0	3039
24258	6	2984	31	20	0	3041
24259	7	31	9	3064	0	3111
24260	3070	13	4	45	0	3132
24261	35	5	5	3063	0	3108
24262	11	7	3056	41	0	3115
24263	8	3053	36	18	0	3115
24264	3075	31	12	16	0	3134
24265	3089	11	11	11	0	3122
24266	3096	10	8	5	0	3119
24267	47	8	6	3092	0	3153
24268	23	6	3136	36	0	3201
24269	18	10	3232	14	0	3274
24270	10	3297	46	15	0	3368
24271	8	45	15	3290	0	3358
24272	6	11	12	3348	0	3377
24273	3199	12	9	53	0	3273
24274	43	8	5	3242	0	3298
24275	3315	4	4	58	0	3381
24276	54	4	3279	21	0	3358
24277	16	6	3331	22	0	3375
24278	14	5	52	3310	0	3381
24279	13	7	17	3371	0	3408
24280	9	5	13	3430	0	3457
24281	3496	4	7	62	0	3569
24282	3682	4	10	30	0	3726
24283	66	4	5	3711	0	3786
24284	24	1	3650	68	0	3743
24285	21	5	3736	21	0	3783
24286	13	5	66	3750	0	3834
24287	3821	4	24	63	0	3912
24288	62	2	18	3788	0	3870
24289	18	1	14	3846	0	3879
24290	13	5	3785	80	0	3883
24291	12	2	3782	32	0	3828
24292	3712	5	70	19	0	3806
24293	67	4	3760	13	0	3844
24294	22	2	67	3675	0	3766
24295	11	1	33	3752	0	3797
24296	3678	2	25	67	0	3772
24297	62	3629	19	28	0	3738
24298	3552	52	9	33	0	3646
24299	65	3467	5	18	0	3555
24300	3404	54	7	15	0	3480
24301	59	16	3346	24	0	3445
24302	3194	15	70	4	0	3283
24303	3223	8	29	6	0	3266
24304	71	9	15	3186	0	3281
24305	32	2	3182	45	0	3261
24306	17	4	49	3044	0	3114
24307	13	3	15	3097	0	3128
24308	16	3019	16	67	0	3118
24309	9	47	14	3009	0	3079
24310	14	3004	8	64	0	3090
24311	10	51	10	2998	0	3069
24312	2959	19	6	61	0	3045
24313	49	11	13	2963	0	3036
24314	27	10	2931	58	0	3026
24315	2937	7	42	32	0	3018
24316	56	7	3020	24	0	3107
24317	3040	4	61	12	0	3117
24318	3111	5	21	20	0	3157
24319	76	3048	14	34	0	3172
24320	28	3217	16	12	0	3273
24321	3201	61	9	17	0	3288
24322	3268	27	7	14	0	3316
24323	3200	14	5	21	0	3240
24324	3211	12	7	15	0	3245
24325	3221	7	8	24	0	3260
24326	83	8	11	3156	0	3258
24327	47	5	9	3193	0	3254
24328	24	8	3172	70	0	3274
24329	3107	9	54	32	0	3202
24330	76	2	20	3123	0	3221
24331	25	13	11	3192	0	3241
24332	23	9	3168	80	0	3280
24333	25	3051	65	35	0	3176
24334	29	3172	22	25	0	3248
24335	3084	73	25	24	0	3206
24336	2919	28	9	16	0	2972
24337	69	2783	15	13	0	2880
24338	31	2754	11	17	0	2813
24339	2769	55	7	18	0	2849
24340	2827	21	9	18	0	2875
24341	80	10	8	2780	0	2878
24342	34	10	10	2813	0	2867
24343	24	6	12	2879	0	2921
24344	2809	8	11	72	0	2900
24345	2840	10	8	35	0	2893
24346	62	14	9	2854	0	2939
24347	2947	8	7	62	0	3024
24348	87	4	2968	25	0	3084
24349	35	8	52	2993	0	3088
24350	27	12	2967	66	0	3072
24351	25	2947	65	27	0	3064
24352	23	62	37	2931	0	3053
24353	2902	19	14	65	0	3000
24354	68	11	13	2893	0	2985
24355	27	12	5	2924	0	2968
24356	27	12	2858	78	0	2975
24357	27	13	2898	33	0	2971
24358	25	2919	65	38	0	3047
24359	2917	57	22	15	0	3011
24360	2957	19	19	13	0	3008
24361	2960	12	13	18	0	3003
24362	2960	10	15	18	0	3003
24363	89	15	5	2909	0	3018
24364	40	12	5	2957	0	3014
24365	31	2942	7	77	0	3057
24366	2970	55	10	30	0	3065
24367	2964	13	8	31	0	3016
24368	77	11	2830	25	0	2943
24369	2584	6	51	13	0	2654
24370	64	2622	16	7	0	2709
24371	34	85	9	2538	0	2666
24372	27	2621	7	49	0	2704
24373	2602	58	17	19	0	2696
24374	64	2584	6	10	0	2664
24375	21	55	9	2510	0	2595
24376	16	17	2	2543	0	2578
24377	18	15	9	2475	0	2517
24378	24	2455	1	59	0	2539
24379	18	69	1	2430	0	2518
24380	19	34	9	2408	0	2470
24381	14	2184	5	55	0	2258
24382	14	2108	4	17	0	2143
24383	1986	39	4	12	0	2041
24384	36	2001	4	13	0	2054
24385	1926	40	4	2	0	1972
24386	48	8	1865	5	0	1926
24387	15	1842	25	6	0	1888
24388	1828	30	16	10	0	1884
24389	1837	9	3	8	0	1857
24390	35	8	1805	8	0	1856
24391	14	7	28	1784	0	1833
24392	11	3	1832	40	0	1886
24393	8	1795	35	13	0	1851
24394	1770	33	13	10	0	1826
24395	30	1761	8	5	0	1804
24396	12	31	2	1759	0	1804
24397	9	13	2	1790	0	1814
24398	14	6	1766	35	0	1821
24399	4	9	1727	11	0	1751
24400	1702	4	29	13	0	1748
24401	1746	5	10	6	0	1767
24402	1751	4	8	9	0	1772
24403	1756	7	7	5	0	1775
24404	45	1756	1	9	0	1811
24405	15	32	4	1741	0	1792
24406	13	7	3	1773	0	1796
24407	10	1800	3	33	0	1846
24408	1827	39	3	11	0	1880
24409	1849	9	2	15	0	1875
24410	44	8	1832	8	0	1892
24411	1836	6	34	5	0	1881
24412	45	7	12	1834	0	1898
24413	17	2	1832	39	0	1890
24414	19	12	33	1819	0	1883
24415	14	5	1849	37	0	1905
24416	10	3	1777	13	0	1803
24417	8	16	42	1711	0	1777
24418	4	1712	13	32	0	1761
24419	1683	26	12	13	0	1734
24420	1639	12	7	7	0	1665
24421	35	1712	3	15	0	1765
24422	12	1746	4	5	0	1767
24423	1770	31	6	4	0	1811
24424	1797	10	5	4	0	1816
24425	1809	9	3	7	0	1828
24426	1812	4	4	5	0	1825
24427	40	6	2	1845	0	1893
24428	18	5	1820	25	0	1868
24429	14	1815	30	7	0	1866
24430	1789	26	12	8	0	1835
24431	32	1855	4	5	0	1896
24432	1824	28	6	3	0	1861
24433	1840	11	2	3	0	1856
24434	33	11	1860	3	0	1907
24435	13	1921	25	1	0	1960
24436	16	30	6	1914	0	1966
24437	10	7	6	1958	0	1981
24438	7	7	4	1876	0	1894
24439	1900	5	2	33	0	1940
24440	1844	1	3	19	0	1867
24441	1860	2	8	10	0	1880
24442	33	1851	2	12	0	1898
24443	1816	23	0	3	0	1842
24444	32	1818	0	2	0	1852
24445	13	25	1810	1	0	1849
24446	11	1776	20	2	0	1809
24447	14	37	20	1646	0	1717
24448	2	8	3	1635	0	1648
24449	0	4	1620	20	0	1644
24450	1	2	15	1592	0	1610
24451	1	2	6	1626	0	1635
24452	1649	2	4	21	0	1676
24453	1632	1	1	11	0	1645
24454	1657	0	2	6	0	1665
24455	22	1649	4	3	0	1678
24456	1650	13	2	2	0	1667
24457	1589	6	0	5	0	1600
24458	18	1603	5	6	0	1632
24459	12	15	2	1598	0	1627
24460	6	8	3	1617	0	1634
24461	1601	4	4	18	0	1627
24462	16	2	1577	11	0	1606
24463	6	1526	15	7	0	1554
24464	6	22	5	1458	0	1491
24465	9	1450	2	12	0	1473
24466	4	1489	3	5	0	1501
24467	1500	18	4	5	0	1527
24468	1500	12	1	3	0	1516
24469	20	4	2	1511	0	1537
24470	13	5	0	1499	0	1517
24471	8	5	2	1490	0	1505
24472	8	3	1	1491	0	1503
24473	4	3	1458	23	0	1488
24474	6	3	1396	10	0	1415
24475	4	3	19	1474	0	1500
24476	1	7	1543	18	0	1569
24477	5	1551	14	11	0	1581
24478	1579	16	6	5	0	1606
24479	1601	9	7	4	0	1621
24480	24	4	5	1618	0	1651
24481	13	4	3	1626	0	1646
24482	7	0	3	1664	0	1674
24483	4	1666	2	26	0	1698
24484	1689	16	2	13	0	1720
24485	1711	5	1	10	0	1727
24486	24	3	1705	5	0	1737
24487	12	5	14	1774	0	1805
24488	10	3	1875	22	0	1910
24489	9	5	18	2045	0	2077
24490	3	8	10	2042	0	2063
24491	6	5	6	2048	0	2065
24492	6	5	3	2104	0	2118
24493	2111	1	3	47	0	2162
24494	2180	2	4	21	0	2207
24495	2217	1	4	13	0	2235
24496	43	3	1	2213	0	2260
24497	21	2	2184	33	0	2240
24498	2156	3	26	15	0	2200
24499	38	2	14	2201	0	2255
24500	2223	4	3	35	0	2265
24501	36	4	5	2208	0	2253
24502	19	2143	3	36	0	2201
24503	4	2258	3	20	0	2285
24504	9	35	2	2248	0	2294
24505	8	12	3	2243	0	2266
24506	9	4	0	2255	0	2268
24507	8	2193	2	44	0	2247
24508	2181	27	1	18	0	2227
24509	25	2189	3	13	0	2230
24510	11	26	2190	2	0	2229
24511	6	11	27	2199	0	2243
24512	2	2267	10	34	0	2313
24513	4	32	2	2274	0	2312
24514	2	9	2	2278	0	2291
24515	5	6	2257	41	0	2309
24516	2151	3	28	18	0	2200
24517	30	2288	10	14	0	2342
24518	2311	28	4	13	0	2356
24519	2365	11	1	10	0	2387
24520	2392	7	3	6	0	2408
24521	49	3	2254	9	0	2315
24522	16	3	37	2241	0	2297
24523	12	2	17	2257	0	2288
24524	8	3	2199	53	0	2263
24525	2093	6	36	22	0	2157
24526	43	1	2214	13	0	2271
24527	17	1	2156	8	0	2182
24528	6	2177	41	9	0	2233
24529	8	37	14	2176	0	2235
24530	5	9	2190	38	0	2242
24531	2052	1	31	14	0	2098
24532	2130	5	10	2	0	2147
24533	48	3	2107	6	0	2164
24534	13	4	36	2111	0	2164
24535	5	4	2136	38	0	2183
24536	4	2177	32	16	0	2229
24537	2262	36	9	9	0	2316
24538	2326	9	3	9	0	2347
24539	2361	3	5	8	0	2377
24540	50	6	5	2327	0	2388
24541	14	5	4	2380	0	2403
24542	7	4	2345	53	0	2409
24543	2314	3	42	14	0	2373
24544	44	5	11	2360	0	2420
24545	2357	3	4	45	0	2409
24546	48	4	2352	13	0	2417
24547	15	3	2447	6	0	2471
24548	12	1	48	2377	0	2438
24549	8	3	10	2477	0	2498
24550	8	3	2439	52	0	2502
24551	2402	2	41	17	0	2462
24552	46	1	16	2402	0	2465
24553	16	2487	6	47	0	2556
24554	2527	43	9	19	0	2598
24555	51	2556	8	7	0	2622
24556	2571	44	6	12	0	2633
24557	55	12	2601	8	0	2676
24558	20	4	2601	6	0	2631
24559	7	2600	60	7	0	2674
24560	2610	47	15	10	0	2682
24561	53	13	2581	9	0	2656
24562	2544	6	52	7	0	2609
24563	56	2577	14	7	0	2654
24564	25	46	4	2637	0	2712
24565	7	13	8	2631	0	2659
24566	9	2581	7	59	0	2656
24567	2710	48	9	16	0	2783
24568	2787	13	4	11	0	2815
24569	2844	2	6	8	0	2860
24570	66	8	2812	8	0	2894
24571	20	5	52	2810	0	2887
24572	7	4	18	2874	0	2903
24573	8	2	8	2917	0	2935
24574	5	8	2857	65	0	2935
24575	11	2796	50	16	0	2873
24576	2737	50	16	5	0	2808
24577	61	12	2773	7	0	2853
24578	2721	4	54	12	0	2791
24579	52	2760	21	7	0	2840
24580	2774	51	7	5	0	2837
24581	59	20	5	2740	0	2824
24582	2786	3	12	53	0	2854
24583	57	8	8	2777	0	2850
24584	21	6	2817	53	0	2897
24585	8	20	46	2796	0	2870
24586	15	4	2775	48	0	2842
24587	2599	10	49	14	0	2672
24588	53	2624	14	5	0	2696
24589	19	48	4	2399	0	2470
24590	9	2518	6	37	0	2570
24591	2491	42	9	11	0	2553
24592	2483	9	8	8	0	2508
24593	43	2446	6	9	0	2504
24594	2439	36	5	7	0	2487
24595	2481	5	8	7	0	2501
24596	38	6	3	2449	0	2496
24597	9	2	3	2488	0	2502
24598	2534	6	5	35	0	2580
24599	2585	3	2	9	0	2599
24600	43	3	4	2513	0	2563
24601	13	3	5	2668	0	2689
24602	2715	5	3	41	0	2764
24603	41	3	2690	10	0	2744
24604	2606	3	37	13	0	2659
24605	38	4	2651	10	0	2703
24606	15	2605	37	3	0	2660
24607	12	35	11	2633	0	2691
24608	12	10	2684	35	0	2741
24609	6	2747	36	12	0	2801
24610	2724	35	13	10	0	2782
24611	34	10	2759	6	0	2809
24612	2685	5	35	4	0	2729
24613	2758	3	12	6	0	2779
24614	2791	9	5	4	0	2809
24615	45	1	2	2703	0	2751
24616	15	2760	3	31	0	2809
24617	2727	30	3	12	0	2772
24618	32	12	2751	6	0	2801
24619	2611	3	26	7	0	2647
24620	33	5	2742	10	0	2790
24621	17	2708	25	15	0	2765
24622	7	26	12	2740	0	2785
24623	14	10	8	2735	0	2767
24624	4	2720	7	40	0	2771
24625	9	28	5	2777	0	2819
24626	5	10	2782	34	0	2831
24627	6	2806	31	12	0	2855
24628	9	32	9	2760	0	2810
24629	2763	11	9	28	0	2811
24630	2868	7	4	17	0	2896
24631	45	8	3	2898	0	2954
24632	19	2964	4	34	0	3021
24633	15	32	2	2968	0	3017
24634	15	10	3	2933	0	2961
24635	7	9	2805	46	0	2867
24636	7	2812	30	23	0	2872
24637	9	28	12	2766	0	2815
24638	7	10	2755	27	0	2799
24639	7	2705	26	16	0	2754
24640	4	30	12	2723	0	2769
24641	2721	11	7	31	0	2770
24642	26	2779	4	14	0	2823
24643	18	27	2	2806	0	2853
24644	2857	11	4	29	0	2901
24645	2889	8	4	13	0	2914
24646	2884	6	5	7	0	2902
24647	2818	6	3	10	0	2837
24648	41	10	1	2790	0	2842
24649	19	3	2818	33	0	2873
24650	8	8	28	2786	0	2830
24651	11	2800	7	31	0	2849
24652	2831	24	7	16	0	2878
24653	30	11	2738	13	0	2792
24654	2678	3	26	13	0	2720
24655	26	6	2706	6	0	2744
24656	18	5	24	2676	0	2723
24657	10	3	2722	28	0	2763
24658	9	10	23	2684	0	2726
24659	6	6	2702	24	0	2738
24660	8	3	24	2657	0	2692
24661	2714	6	11	23	0	2754
24662	25	2836	7	16	0	2884
24663	17	21	5	2857	0	2900
24664	15	10	7	2847	0	2879
24665	13	6	2921	32	0	2972
24666	13	4	2800	17	0	2834
24667	2738	3	30	14	0	2785
24668	24	2768	17	6	0	2815
24669	2756	17	12	6	0	2791
24670	2779	17	5	8	0	2809
24671	26	6	3	2767	0	2802
24672	14	2815	9	25	0	2863
24673	2907	21	6	14	0	2948
24674	2939	8	7	8	0	2962
24675	2965	5	6	9	0	2985
24676	2972	3	5	6	0	2986
24677	2949	3	5	5	0	2962
24678	33	4	2893	9	0	2939
24679	2867	6	17	14	0	2904
24680	25	8	2917	7	0	2957
24681	20	5	22	2874	0	2921
24682	10	3	16	2928	0	2957
24683	10	3	2890	30	0	2933
24684	2838	5	20	18	0	2881
24685	27	4	12	2923	0	2966
24686	21	0	6	2979	0	3006
24687	11	7	3	3005	0	3026
24688	9	6	4	2978	0	2997
24689	12	1	5	3002	0	3020
24690	13	3	3020	33	0	3069
24691	9	4	19	2999	0	3031
24692	13	3	3028	27	0	3071
24693	15	3	2991	26	0	3035
24694	3032	1	33	14	0	3080
24695	3168	2	22	9	0	3201
24696	3351	3	11	7	0	3372
24697	47	3	3444	14	0	3508
24698	27	0	3453	15	0	3495
24699	11	5	3571	9	0	3596
24700	9	3671	65	10	0	3755
24701	23	61	38	3627	0	3749
24702	3795	12	13	52	0	3872
24703	55	6	7	3974	0	4042
24704	19	4006	11	55	0	4091
24705	4062	52	7	29	0	4150
24706	59	14	10	4066	0	4149
24707	25	4113	6	65	0	4209
24708	12	56	6	4150	0	4224
24709	9	20	10	4088	0	4127
24710	4027	3	10	78	0	4118
24711	63	8	9	4015	0	4095
24712	27	9	3994	68	0	4098
24713	15	4	60	3972	0	4051
24714	12	3869	22	64	0	3967
24715	11	4010	11	26	0	4058
24716	9	71	7	3899	0	3986
24717	14	18	11	3881	0	3924
24718	12	3823	4	81	0	3920
24719	9	3852	12	29	0	3902
24720	8	3900	4	24	0	3936
24721	11	70	7	3727	0	3815
24722	12	3862	4	70	0	3948
24723	3831	69	7	27	0	3934
24724	60	24	3902	23	0	4009
24725	23	24	49	3810	0	3906
24726	11	3913	11	58	0	3993
24727	3870	69	5	29	0	3973
24728	62	18	3865	28	0	3973
24729	21	3875	52	20	0	3968
24730	3754	63	16	17	0	3850
24731	53	3714	11	11	0	3789
24732	21	3767	11	18	0	3817
24733	8	79	15	3717	0	3819
24734	14	3771	4	57	0	3846
24735	3758	59	10	21	0	3848
24736	49	26	7	3736	0	3818
24737	19	20	3700	60	0	3799
24738	12	21	3673	24	0	3730
24739	10	17	60	3710	0	3797
24740	6	14	3764	60	0	3844
24741	9	17	51	3781	0	3858
24742	3675	12	17	66	0	3770
24743	56	12	3698	26	0	3792
24744	19	9	57	3623	0	3708
24745	9	3614	25	56	0	3704
24746	9	61	14	3680	0	3764
24747	16	20	13	3686	0	3735
24748	5	3668	10	72	0	3755
24749	18	56	11	3741	0	3826
24750	11	21	11	3766	0	3809
24751	10	20	3710	75	0	3815
24752	7	3688	53	32	0	3780
24753	3705	63	16	27	0	3811
24754	55	29	13	3736	0	3833
24755	19	17	3785	67	0	3888
24756	8	11	55	3789	0	3863
24757	16	18	3752	63	0	3849
24758	3666	9	59	37	0	3771
24759	46	3738	32	27	0	3843
24760	21	54	20	3800	0	3895
24761	15	21	4	3884	0	3924
24762	3698	13	14	65	0	3790
24763	53	11	16	3726	0	3806
24764	18	15	3677	72	0	3782
24765	18	15	54	3576	0	3663
24766	6	3539	21	70	0	3636
24767	7	3629	14	31	0	3681
24768	8	3679	6	34	0	3727
24769	12	72	12	3629	0	3725
24770	13	32	3560	68	0	3673
24771	8	3555	50	31	0	3644
24772	3465	59	20	29	0	3573
24773	55	3521	12	20	0	3608
24774	3539	64	8	33	0	3644
24775	3541	23	18	20	0	3602
24776	63	18	3496	22	0	3599
24777	3542	15	54	21	0	3632
24778	3698	18	18	22	0	3756
24779	3599	17	16	21	0	3653
24780	3702	20	5	23	0	3750
24781	69	17	3656	18	0	3760
24782	3603	12	45	17	0	3677
24783	3730	13	14	18	0	3775
24784	66	3778	13	14	0	3871
24785	25	56	12	3722	0	3815
24786	16	25	8	3741	0	3790
24787	14	3727	10	56	0	3807
24788	3702	57	8	25	0	3792
24789	54	3713	8	18	0	3793
24790	3633	60	13	7	0	3713
24791	3676	18	5	14	0	3713
24792	60	3709	8	9	0	3786
24793	18	60	6	3691	0	3775
24794	21	13	3718	57	0	3809
24795	17	3618	57	14	0	3706
24796	17	87	11	3375	0	3490
24797	15	3409	9	37	0	3470
24798	12	3574	7	10	0	3603
24799	19	72	25	3382	0	3498
24800	6	22	3468	40	0	3536
24801	7	3310	37	19	0	3373
24802	5	3258	19	15	0	3297
24803	3001	38	11	0	0	3050
24804	23	20	2	3071	0	3116
24805	18	10	0	3063	0	3091
24806	2	2	0	3139	0	3143
24807	1	1	3126	43	0	3171
24808	1	0	24	3199	0	3224
24809	2	3284	16	31	0	3333
24810	3450	29	5	17	0	3501
24811	34	18	2	3454	0	3508
24812	18	7	3436	35	0	3496
24813	3512	2	33	19	0	3566
24814	37	3	20	3585	0	3645
24815	20	5	3783	37	0	3845
24816	5	4	3803	22	0	3834
24817	3863	2	55	6	0	3926
24818	4030	2	22	7	0	4061
24819	4037	1	5	4	0	4047
24820	4088	5	5	2	0	4100
24821	71	3	4024	3	0	4101
24822	32	4081	39	6	0	4158
24823	4076	46	21	3	0	4146
24824	51	4044	5	11	0	4111
24825	4047	47	9	8	0	4111
24826	52	4065	7	7	0	4131
24827	30	44	4	4047	0	4125
24828	8	26	4	4070	0	4108
24829	8	9	6	4055	0	4078
24830	7	3963	7	70	0	4047
24831	9	4053	5	32	0	4099
24832	13	60	2	3941	0	4016
24833	13	3966	4	45	0	4028
24834	9	50	3964	26	0	4049
24835	7	25	47	3950	0	4029
24836	9	13	4000	45	0	4067
24837	3946	6	45	26	0	4023
24838	3982	12	26	8	0	4028
24839	74	6	3962	10	0	4052
24840	34	9	3915	11	0	3969
24841	13	6	69	3906	0	3994
24842	6	11	3938	52	0	4007
24843	13	8	49	3784	0	3854
24844	8	3703	35	52	0	3798
24845	11	51	9	3961	0	4032
24846	6	32	10	3973	0	4021
24847	8	17	8	3965	0	3998
24848	9	8	3866	78	0	3961
24849	7	6	50	3819	0	3882
24850	8	8	30	3829	0	3875
24851	17	10	11	3784	0	3822
24852	9	3820	14	71	0	3914
24853	3838	49	11	38	0	3936
24854	3832	24	15	17	0	3888
24855	3805	12	9	22	0	3848
24856	75	12	18	3746	0	3851
24857	41	9	3736	52	0	3838
24858	35	13	3694	37	0	3779
24859	10	3728	66	27	0	3831
24860	3652	51	34	17	0	3754
24861	45	3693	16	21	0	3775
24862	3707	52	19	14	0	3792
24863	58	3696	4	21	0	3779
24864	3672	55	6	19	0	3752
24865	53	3785	11	21	0	3870
24866	32	56	13	3789	0	3890
24867	22	41	3734	64	0	3861
24868	20	17	3772	38	0	3847
24869	18	10	75	3726	0	3829
24870	14	16	41	3747	0	3818
24871	13	21	26	3809	0	3869
24872	18	19	3742	86	0	3865
24873	26	12	49	3673	0	3760
24874	3616	9	34	71	0	3730
24875	3643	14	21	44	0	3722
24876	78	3604	17	27	0	3726
24877	3561	55	21	18	0	3655
24878	65	3513	16	17	0	3611
24879	3495	65	15	21	0	3596
24880	3510	32	15	22	0	3579
24881	3476	22	19	21	0	3538
24882	93	13	3466	18	0	3590
24883	50	14	3404	21	0	3489
24884	3370	11	72	21	0	3474
24885	3439	13	49	25	0	3526
24886	73	14	23	3435	0	3545
24887	57	11	15	3532	0	3615
24888	37	11	9	3614	0	3671
24889	24	16	10	3679	0	3729
24890	23	14	16	3789	0	3842
24891	3675	15	14	100	0	3804
24892	66	18	13	3672	0	3769
24893	44	16	3628	66	0	3754
24894	3547	17	47	42	0	3653
24895	3643	13	41	25	0	3722
24896	78	3589	19	29	0	3715
24897	37	3594	14	23	0	3668
24898	3323	46	20	19	0	3408
24899	48	3420	11	17	0	3496
24900	3327	50	12	21	0	3410
24901	3514	16	16	19	0	3565
24902	3514	15	9	18	0	3556
24903	75	7	9	3414	0	3505
24904	31	3415	9	58	0	3513
24905	3452	50	7	24	0	3533
24906	61	14	7	3443	0	3525
24907	25	14	6	3358	0	3403
24908	3208	6	4	61	0	3279
24909	46	3146	5	27	0	3224
24910	24	42	3	3072	0	3141
24911	3104	17	6	43	0	3170
24912	44	3131	3	21	0	3199
24913	3140	38	3	12	0	3193
24914	55	19	2988	5	0	3067
24915	2945	8	32	8	0	2993
24916	52	3010	8	5	0	3075
24917	2922	36	17	5	0	2980
24918	2906	12	2	8	0	2928
24919	47	2921	3	7	0	2978
24920	2916	34	2	2	0	2954
24921	42	2864	1	7	0	2914
24922	2929	38	2	6	0	2975
24923	48	12	0	2928	0	2988
24924	13	14	0	2940	0	2967
24925	13	2	0	2967	0	2982
24926	9	4	2846	47	0	2906
24927	10	8	31	2845	0	2894
24928	9	3	2852	39	0	2903
24929	7	5	36	2836	0	2884
24930	9	2849	11	38	0	2907
24931	8	37	4	2882	0	2931
24932	9	10	2872	41	0	2932
24933	5	9	2944	16	0	2974
24934	7	4	43	2913	0	2967
24935	2895	6	14	43	0	2958
24936	2920	4	7	15	0	2946
24937	48	2930	1	13	0	2992
24938	16	39	5	2958	0	3018
24939	11	10	3016	44	0	3081
24940	7	7	37	3014	0	3065
24941	10	2	3025	44	0	3081
24942	2975	5	38	17	0	3035
24943	47	4	12	3031	0	3094
24944	20	7	2988	43	0	3058
24945	12	12	37	2979	0	3040
24946	12	3	14	3034	0	3063
24947	9	9	3007	45	0	3070
24948	13	6	35	3005	0	3059
24949	2995	5	13	47	0	3060
24950	3049	5	5	23	0	3082
24951	51	4	5	3063	0	3123
24952	3082	2	8	45	0	3137
24953	45	4	3117	27	0	3193
24954	18	3	3079	16	0	3116
24955	3119	2	49	16	0	3186
24956	3207	7	19	12	0	3245
24957	54	4	10	3125	0	3193
24958	23	4	10	3178	0	3215
24959	11	7	3136	51	0	3205
24960	14	3	39	3036	0	3092
24961	15	3137	15	47	0	3214
24962	3213	42	9	14	0	3278
24963	3446	14	4	17	0	3481
24964	68	3434	9	12	0	3523
24965	3346	51	6	12	0	3415
24966	3367	20	8	12	0	3407
24967	76	3373	7	8	0	3464
24968	3406	54	7	10	0	3477
24969	58	3409	8	13	0	3488
24970	3436	57	6	10	0	3509
24971	63	20	3418	12	0	3513
24972	24	6	53	3432	0	3515
24973	14	6	24	3516	0	3560
24974	13	4	8	3662	0	3687
24975	3626	6	2	91	0	3725
24976	70	7	7	3763	0	3847
24977	32	4	3749	75	0	3860
24978	3757	7	64	31	0	3859
24979	68	6	26	3755	0	3855
24980	32	3664	17	67	0	3780
24981	17	3804	5	29	0	3855
24982	16	74	11	3729	0	3830
24983	15	24	9	3755	0	3803
24984	15	12	3	3775	0	3805
24985	13	2	3653	86	0	3754
24986	10	3591	60	42	0	3703
24987	3498	62	20	19	0	3599
24988	3468	17	16	17	0	3518
24989	75	3379	8	14	0	3476
24990	30	3402	7	11	0	3450
24991	37	72	29	3294	0	3432
24992	14	21	3307	61	0	3403
24993	3183	20	59	20	0	3282
24994	3253	4	21	18	0	3296
24995	66	7	9	3215	0	3297
24996	32	5	7	3224	0	3268
24997	3081	4	11	70	0	3166
24998	57	4	3081	32	0	3174
24999	2995	8	48	20	0	3071
25000	63	3009	18	14	0	3104
25001	21	39	8	2775	0	2843
25002	8	2801	3	42	0	2854
25003	2820	39	12	14	0	2885
25004	45	13	4	2788	0	2850
25005	19	5	4	2773	0	2801
25006	12	2758	3	50	0	2823
25007	2777	38	4	19	0	2838
25008	2806	11	6	13	0	2836
25009	50	8	2775	9	0	2842
25010	22	6	2657	5	0	2690
25011	2651	1	40	5	0	2697
25012	39	5	2651	6	0	2701
25013	12	7	2533	4	0	2556
25014	2509	4	50	8	0	2571
25015	37	4	2727	4	0	2772
25016	13	6	50	2724	0	2793
25017	10	1	20	2783	0	2814
25018	2900	3	8	76	0	2987
25019	65	3	2940	26	0	3034
25020	3096	3	61	13	0	3173
25021	68	4	28	3094	0	3194
25022	3113	4	15	63	0	3195
25023	3145	4	5	34	0	3188
25024	3175	2	5	17	0	3199
25025	96	6	4	3093	0	3199
25026	3150	3	7	67	0	3227
25027	87	2	2	3146	0	3237
25028	43	4	6	3168	0	3221
25029	30	3	3	3192	0	3228
25030	19	5	4	3205	0	3233
25031	3116	2	5	105	0	3228
25032	3147	3	4	53	0	3207
25033	93	2	3104	27	0	3226
25034	3152	2	57	21	0	3232
25035	3215	3	30	20	0	3268
25036	100	2	13	3157	0	3272
25037	54	3120	7	62	0	3243
25038	3154	56	8	36	0	3254
25039	77	31	7	3065	0	3180
25040	3060	12	8	71	0	3151
25041	85	3013	7	39	0	3144
25042	3076	59	4	22	0	3161
25043	79	33	2	3025	0	3139
25044	49	2977	4	64	0	3094
25045	3033	64	3	40	0	3140
25046	73	2983	4	28	0	3088
25047	44	3099	3	20	0	3166
25048	3087	85	5	18	0	3195
25049	76	40	3043	17	0	3176
25050	3077	20	56	18	0	3171
25051	86	16	35	3035	0	3172
25052	48	8	3057	71	0	3184
25053	34	9	62	2982	0	3087
25054	25	6	37	3049	0	3117
25055	28	7	2994	98	0	3127
25056	3017	5	70	50	0	3142
25057	81	4	28	3032	0	3145
25058	47	6	18	3064	0	3135
25059	36	8	12	3065	0	3121
25060	3011	8	10	117	0	3146
25061	77	4	2934	66	0	3081
25062	46	8	2913	38	0	3005
25063	34	9	66	2712	0	2821
25064	21	6	2715	66	0	2808
25065	2668	4	57	47	0	2776
25066	58	2681	35	28	0	2802
25067	2675	41	28	15	0	2759
25068	70	28	16	2581	0	2695
25069	46	2601	12	57	0	2716
25070	32	60	11	2602	0	2705
25071	28	2635	9	59	0	2731
25072	23	59	4	2668	0	2754
25073	23	36	2591	60	0	2710
25074	24	16	2457	45	0	2542
25075	18	2455	55	32	0	2560
25076	2303	40	35	24	0	2402
25077	44	35	13	2282	0	2374
25078	38	13	12	2303	0	2366
25079	2295	10	10	68	0	2383
25080	2300	13	15	41	0	2369
25081	76	8	9	2273	0	2366
25082	39	9	2226	46	0	2320
25083	32	2225	36	37	0	2330
25084	19	39	26	2274	0	2358
25085	28	25	20	2228	0	2301
25086	22	2275	9	63	0	2369
25087	2311	44	9	41	0	2405
25088	45	30	2293	26	0	2394
25089	36	17	35	2282	0	2370
25090	16	11	27	2290	0	2344
25091	14	9	2251	74	0	2348
25092	17	12	42	2281	0	2352
25093	2293	8	32	60	0	2393
25094	2296	8	16	49	0	2369
25095	2319	6	16	31	0	2372
25096	70	2268	15	26	0	2379
25097	2425	35	17	17	0	2494
25098	60	26	9	2395	0	2490
25099	40	11	10	2411	0	2472
25100	29	2607	9	67	0	2712
25101	2833	54	7	38	0	2932
25102	2992	37	9	24	0	3062
25103	3026	17	10	22	0	3075
25104	3072	16	6	23	0	3117
25105	3082	12	8	23	0	3125
25106	103	10	2977	23	0	3113
25107	3044	15	61	13	0	3133
25108	3075	6	31	18	0	3130
25109	3026	7	27	15	0	3075
25110	103	7	13	2965	0	3088
25111	60	9	11	2986	0	3066
25112	43	6	2908	91	0	3048
25113	2610	7	55	57	0	2729
25114	66	2824	35	33	0	2958
25115	38	2634	10	15	0	2697
25116	24	46	2575	14	0	2659
25117	12	2512	36	19	0	2579
25118	8	2436	15	12	0	2471
25119	34	91	35	2108	0	2268
25120	4	2153	7	24	0	2188
25121	2146	36	2	8	0	2192
25122	2138	7	1	5	0	2151
25123	39	8	1	2091	0	2139
25124	16	1	2085	31	0	2133
25125	2075	1	32	11	0	2119
25126	33	3	2088	6	0	2130
25127	14	0	2110	4	0	2128
25128	11	1	34	2050	0	2096
25129	5	3	12	2093	0	2113
25130	6	0	2096	34	0	2136
25131	3	2017	30	14	0	2064
25132	2	2166	9	8	0	2185
25133	2104	37	9	6	0	2156
25134	2129	11	2	5	0	2147
25135	37	5	2074	3	0	2119
25136	2048	3	29	1	0	2081
25137	2177	1	8	8	0	2194
25138	39	1	5	2164	0	2209
25139	14	1	5	2183	0	2203
25140	9	1	0	2188	0	2198
25141	2170	1	8	39	0	2218
25142	2205	2	0	15	0	2222
25143	2222	2	1	9	0	2234
25144	43	1	1	2215	0	2260
25145	18	3	2184	28	0	2233
25146	2178	1	29	8	0	2216
25147	2183	2	7	8	0	2200
25148	39	0	8	2138	0	2185
25149	17	2176	6	27	0	2226
25150	18	31	1	2159	0	2209
25151	7	2187	3	37	0	2234
25152	5	33	3	2153	0	2194
25153	2	2216	2	37	0	2257
25154	2192	33	2	9	0	2236
25155	32	13	4	2179	0	2228
25156	7	2182	2	29	0	2220
25157	7	36	2177	6	0	2226
25158	2135	8	32	9	0	2184
25159	30	12	8	2159	0	2209
25160	6	2147	6	29	0	2188
25161	8	31	2	2116	0	2157
25162	7	2084	2	31	0	2124
25163	6	2187	1	7	0	2201
25164	2162	34	1	9	0	2206
25165	2197	10	1	7	0	2215
25166	37	5	2184	2	0	2228
25167	2174	1	33	4	0	2212
25168	2225	0	9	2	0	2236
25169	36	2169	8	7	0	2220
25170	11	29	6	2174	0	2220
25171	11	6	1	2187	0	2205
25172	7	6	2137	37	0	2187
25173	1	5	2108	15	0	2129
25174	2134	6	34	8	0	2182
25175	2177	2	11	4	0	2194
25176	2181	1	9	1	0	2192
25177	44	1	2123	3	0	2171
25178	14	2	31	2103	0	2150
25179	2124	1	4	34	0	2163
25180	33	2	6	2112	0	2153
25181	8	1	2068	41	0	2118
25182	2025	3	31	12	0	2071
25183	39	0	2127	7	0	2173
25184	9	2102	33	6	0	2150
25185	2126	31	12	2	0	2171
25186	38	7	2103	2	0	2150
25187	11	7	34	2077	0	2129
25188	2085	2	10	35	0	2132
25189	35	1	6	2087	0	2129
25190	2112	1	4	40	0	2157
25191	38	4	0	2106	0	2148
25192	2158	4	0	38	0	2200
25193	2163	3	0	11	0	2177
25194	2158	3	1	10	0	2172
25195	2138	2	2	5	0	2147
25196	46	10	6	2108	0	2170
25197	17	1	2025	25	0	2068
25198	8	1	2026	9	0	2044
25199	5	2001	29	7	0	2042
25200	3	1788	12	7	0	1810
25201	1534	19	56	1	0	1610
25202	7	3	3	1451	0	1464
25203	2	1	1459	7	0	1469
25204	1	3	1486	4	0	1494
25205	3	4	7	1494	0	1508
25206	1494	0	2	8	0	1504
25207	6	1501	2	4	0	1513
25208	1581	7	2	4	0	1594
25209	7	2	1	1618	0	1628
25210	4	0	0	1614	0	1618
25211	1	2	1	1622	0	1626
25212	4	1	1610	7	0	1622
25213	0	0	1551	8	0	1559
25214	1	1590	7	2	0	1600
25215	0	7	3	1627	0	1637
25216	1607	3	2	5	0	1617
25217	6	1	1564	5	0	1576
25218	4	3	1583	1	0	1591
25219	2	0	8	1612	0	1622
25220	3	0	4	1649	0	1656
25221	0	1	5	1647	0	1653
25222	0	1	4	1821	0	1826
25223	1881	1	0	21	0	1903
25224	18	2	1	1911	0	1932
25225	1915	2	3	19	0	1939
25226	20	0	1943	6	0	1969
25227	5	1942	20	5	0	1972
25228	2	16	3	1958	0	1979
25229	2	2	1987	20	0	2011
25230	1	0	1965	6	0	1972
25231	3	2003	20	2	0	2028
25232	3	20	1	1940	0	1964
25233	3	1	2	1953	0	1959
25234	4	0	1977	19	0	2000
25235	1942	2	22	4	0	1970
25236	22	2	3	1981	0	2008
25237	3	0	4	1934	0	1941
25238	1	2	2003	23	0	2029
25239	1	1982	22	5	0	2010
25240	3	2171	6	2	0	2182
25241	2189	29	2	5	0	2225
25242	26	7	3	2192	0	2228
25243	2327	3	2	28	0	2360
25244	34	2	2338	9	0	2383
25245	7	1	33	2323	0	2364
25246	2312	1	9	36	0	2358
25247	2346	1	5	10	0	2362
25248	41	2	3	2319	0	2365
25249	12	2	2290	35	0	2339
25250	7	1	2322	9	0	2339
25251	3	3	38	2324	0	2368
25252	5	1	2325	34	0	2365
25253	2258	1	36	12	0	2307
25254	34	2303	10	6	0	2353
25255	2314	30	5	6	0	2355
25256	2353	8	5	3	0	2369
25257	37	4	3	2353	0	2397
25258	12	5	2	2368	0	2387
25259	2367	0	5	38	0	2410
25260	32	2	6	2381	0	2421
25261	10	1	2364	40	0	2415
25262	4	2357	34	11	0	2406
25263	5	30	7	2364	0	2406
25264	6	11	3	2371	0	2391
25265	8	5	5	2367	0	2385
25266	6	3	2316	44	0	2369
25267	5	2313	34	17	0	2369
25268	4	28	6	2349	0	2387
25269	3	7	2332	40	0	2382
25270	6	5	34	2337	0	2382
25271	2352	6	9	37	0	2404
25272	34	3	7	2401	0	2445
25273	8	4	2381	41	0	2434
25274	2374	2	33	17	0	2426
25275	34	2396	12	16	0	2458
25276	9	2470	6	12	0	2497
25277	2508	35	6	9	0	2558
25278	35	11	2549	9	0	2604
25279	12	5	34	2553	0	2604
25280	8	3	11	2603	0	2625
25281	10	0	2592	43	0	2645
25282	8	2577	34	19	0	2638
25283	10	29	11	2394	0	2444
25284	9	8	2561	37	0	2615
25285	5	11	38	2538	0	2592
25286	2554	6	6	45	0	2611
25287	37	7	2607	14	0	2665
25288	11	3	39	2608	0	2661
25289	8	2	12	2643	0	2665
25290	8	7	2586	46	0	2647
25291	6	4	37	2504	0	2551
25292	5	2352	17	48	0	2422
25293	9	37	8	2428	0	2482
25294	9	2536	7	38	0	2590
25295	2547	36	2	24	0	2609
25296	2501	8	13	14	0	2536
25297	39	5	2507	9	0	2560
25298	13	10	2473	15	0	2511
25299	11	2	2458	9	0	2480
25300	9	2447	48	8	0	2512
25301	6	31	17	2495	0	2549
25302	10	10	2547	34	0	2601
25303	5	7	38	2464	0	2514
25304	7	5	11	2471	0	2494
25305	11	5	2501	46	0	2563
25306	11	5	40	2497	0	2553
25307	5	6	14	2468	0	2493
25308	7	2436	15	46	0	2504
25309	9	32	10	2437	0	2488
25310	3	9	7	2513	0	2532
25311	4	8	2467	52	0	2531
25312	10	8	38	2452	0	2508
25313	8	7	2478	46	0	2539
25314	6	5	2459	17	0	2487
25315	2424	8	42	18	0	2492
25316	36	2	16	2412	0	2466
25317	13	2512	9	42	0	2576
25318	10	2559	7	21	0	2597
25319	6	41	10	2587	0	2644
25320	0	13	2559	47	0	2619
25321	7	2548	36	19	0	2610
25322	8	34	16	2413	0	2471
25323	2	11	2477	34	0	2524
25324	10	2503	24	11	0	2548
25325	2573	26	14	10	0	2623
25326	2572	12	11	10	0	2605
25327	2654	7	4	10	0	2675
25328	34	6	7	2769	0	2816
25329	12	6	5	2792	0	2815
25330	11	5	5	2770	0	2791
25331	6	5	2742	41	0	2794
25332	2751	6	30	23	0	2810
25333	30	5	12	2757	0	2804
25334	14	5	2717	28	0	2764
25335	2747	7	29	16	0	2799
25336	2809	2	12	19	0	2842
25337	36	13	2364	13	0	2426
25338	2735	2	21	18	0	2776
25339	29	2821	6	14	0	2870
25340	9	18	2725	11	0	2763
25341	2625	13	30	10	0	2678
25342	20	2679	7	15	0	2721
25343	6	12	3	2546	0	2567
25344	0	2528	5	17	0	2550
25345	7	12	3	2574	0	2596
25346	4	3	2587	18	0	2612
25347	2410	1	21	7	0	2439
25348	27	2	2574	4	0	2607
25349	5	2532	16	2	0	2555
25350	0	2550	4	4	0	2558
25351	2530	17	5	1	0	2553
25352	19	3	2507	3	0	2532
25353	3	4	17	2480	0	2504
25354	3	1	2522	20	0	2546
25355	2	2550	17	2	0	2571
25356	3	15	8	2441	0	2467
25357	2	2533	3	18	0	2556
25358	2602	19	2	5	0	2628
25359	2622	3	8	5	0	2638
25360	2620	2	0	4	0	2626
25361	18	4	2608	1	0	2631
25362	4	0	2554	3	0	2561
25363	2550	1	24	4	0	2579
25364	21	0	2667	1	0	2689
25365	5	0	22	2573	0	2600
25366	0	2630	3	18	0	2651
25367	2709	21	1	0	0	2731
25368	2722	5	2	3	0	2732
25369	2795	0	0	8	0	2803
25370	23	4	4	2794	0	2825
25371	7	1	0	2798	0	2806
25372	2781	0	3	27	0	2811
25373	22	2762	7	5	0	2796
25374	2741	21	2	4	0	2768
25375	21	3	3	2708	0	2735
25376	6	1	0	2710	0	2717
25377	2642	3	3	21	0	2669
25378	21	2595	1	6	0	2623
25379	2611	20	2	4	0	2637
25380	23	2621	1	5	0	2650
25381	2631	21	1	5	0	2658
25382	23	4	1	3032	0	3060
25383	3050	1	2	22	0	3075
25384	3220	4	0	8	0	3232
25385	3499	1	1	1	0	3502
25386	29	3604	1	6	0	3640
25387	7	25	3567	6	0	3605
25388	3557	3	28	4	0	3592
25389	3632	5	2	5	0	3644
25390	35	3618	3	3	0	3659
25391	6	31	6	3644	0	3687
25392	12	4	1	3656	0	3673
25393	3646	3	2	34	0	3685
25394	35	5	2	3681	0	3723
25395	10	2	3700	36	0	3748
25396	6	2	3642	9	0	3659
25397	3763	2	29	5	0	3799
25398	33	3	7	3782	0	3825
25399	4	2	7	3830	0	3843
25400	8	1	5	3851	0	3865
25401	9	3	3895	37	0	3944
25402	6	1	34	3867	0	3908
25403	3	3	4	3924	0	3934
25404	4	2	2	3993	0	4001
25405	3916	1	5	41	0	3963
25406	36	2	5	3929	0	3972
25407	9	1	4002	40	0	4052
25408	4138	4	36	13	0	4191
25409	48	8	4251	8	0	4315
25410	4351	5	44	13	0	4413
25411	4370	4	13	6	0	4393
25412	58	4	7	4459	0	4528
25413	18	4529	5	51	0	4603
25414	13	44	4	4604	0	4665
25415	10	9	3	4653	0	4675
25416	10	4665	5	64	0	4744
25417	4629	50	5	17	0	4701
25418	48	4593	11	25	0	4677
25419	4586	46	11	16	0	4659
25420	4636	12	8	10	0	4666
25421	61	5	8	4620	0	4694
25422	23	12	4	4589	0	4628
25423	16	2	4444	61	0	4523
25424	14	3	4294	20	0	4331
25425	4250	6	48	24	0	4328
25426	4321	3	9	28	0	4361
25427	49	4139	10	25	0	4223
25428	14	47	10	4071	0	4142
25429	22	6	4183	51	0	4262
25430	18	39	48	4157	0	4262
25431	4129	13	18	54	0	4214
25432	4049	5	8	16	0	4078
25433	51	4040	9	18	0	4118
25434	17	45	5	4033	0	4100
25435	15	8	5	4047	0	4075
25436	18	8	6	4013	0	4045
25437	12	17	3862	54	0	3945
25438	3669	6	38	25	0	3738
25439	3784	12	2	19	0	3817
25440	55	8	3807	17	0	3887
25441	20	3779	46	11	0	3856
25442	3790	45	9	15	0	3859
25443	3818	8	11	11	0	3848
25444	62	6	3720	10	0	3798
25445	20	12	3824	11	0	3867
25446	21	10	45	3797	0	3873
25447	18	10	3837	45	0	3910
25448	3792	4	50	18	0	3864
25449	3844	5	16	19	0	3884
25450	3891	8	12	17	0	3928
25451	51	10	15	3778	0	3854
25452	28	3940	11	43	0	4022
25453	4044	40	7	18	0	4109
25454	4000	11	7	14	0	4032
25455	56	8	3954	23	0	4041
25456	24	11	3873	21	0	3929
25457	3803	4	44	21	0	3872
25458	52	7	17	3919	0	3995
25459	22	2	3902	58	0	3984
25460	21	3875	49	16	0	3961
25461	30	39	15	3886	0	3970
25462	3862	9	12	49	0	3932
25463	47	3913	15	23	0	3998
25464	22	49	12	3878	0	3961
25465	26	3836	13	51	0	3926
25466	26	3925	13	18	0	3982
25467	23	43	14	3934	0	4014
25468	18	16	16	3922	0	3972
25469	17	3927	16	53	0	4013
25470	3933	42	13	20	0	4008
25471	57	10	3933	20	0	4020
25472	3895	9	40	29	0	3973
25473	56	17	14	3979	0	4066
25474	30	9	17	3994	0	4050
25475	29	9	16	4029	0	4083
25476	30	8	10	4002	0	4050
25477	26	9	4012	48	0	4095
25478	18	13	42	4032	0	4105
25479	12	12	16	4079	0	4119
25480	14	4213	15	59	0	4301
25481	17	43	4305	25	0	4390
25482	14	4382	45	29	0	4470
25483	26	48	4461	17	0	4552
25484	16	4435	37	17	0	4505
25485	41	60	34	4065	0	4200
25486	4090	14	5	41	0	4150
25487	42	4086	9	19	0	4156
25488	17	38	7	4162	0	4224
25489	13	11	4171	47	0	4242
25490	12	4238	38	16	0	4304
25491	4212	44	15	18	0	4289
25492	4230	17	18	15	0	4280
25493	47	4235	14	9	0	4305
25494	20	48	4167	9	0	4244
25495	4090	11	42	12	0	4155
25496	48	15	16	4229	0	4308
25497	4174	19	12	46	0	4251
25498	47	4216	14	23	0	4300
25499	26	4295	6	19	0	4346
25500	12	57	4262	17	0	4348
25501	4197	20	41	15	0	4273
25502	47	27	23	4242	0	4339
25503	4229	17	9	42	0	4297
25504	41	4263	17	18	0	4339
25505	4298	44	5	12	0	4359
25506	4248	16	13	19	0	4296
25507	63	10	4261	6	0	4340
25508	20	4010	28	9	0	4067
25509	12	4042	18	13	0	4085
25510	16	46	18	3766	0	3846
25511	6	3778	5	32	0	3821
25512	3771	29	4	13	0	3817
25513	24	3699	6	13	0	3742
25514	19	36	1	3612	0	3668
25515	6	3583	5	23	0	3617
25516	13	3505	2	9	0	3529
25517	4	3617	7	10	0	3638
25518	18	38	3	3606	0	3665
25519	7	19	5	3621	0	3652
25520	11	11	6	3588	0	3616
25521	8	3543	1	30	0	3582
25522	10	19	3512	18	0	3559
25523	4	20	3426	10	0	3460
25524	3466	16	28	8	0	3518
25525	28	12	14	3534	0	3588
25526	13	15	3564	23	0	3615
25527	11	12	3538	19	0	3580
25528	5	3683	28	10	0	3726
25529	9	29	12	3545	0	3595
25530	3	15	12	3583	0	3613
25531	3570	15	2	36	0	3623
25532	22	14	4	3576	0	3616
25533	11	8	6	3561	0	3586
25534	10	15	3647	31	0	3703
25535	14	9	22	3660	0	3705
25536	8	10	17	3752	0	3787
25537	7	8	3753	38	0	3806
25538	4	11	3706	24	0	3745
25539	12	3746	32	12	0	3802
25540	8	27	3731	15	0	3781
25541	8	24	33	3694	0	3759
25542	21	18	38	3060	0	3137
25543	8	15	3771	40	0	3834
25544	5	3747	27	30	0	3809
25545	3571	26	17	26	0	3640
25546	26	3637	10	19	0	3692
25547	14	36	10	3669	0	3729
25548	11	17	13	3703	0	3744
25549	6	3691	18	45	0	3760
25550	12	28	11	3684	0	3735
25551	7	19	11	3686	0	3723
25552	8	16	3514	44	0	3582
25553	5	3448	41	42	0	3536
25554	14	37	14	3515	0	3580
25555	6	20	3500	40	0	3566
25556	13	17	34	3475	0	3539
25557	12	18	20	3472	0	3522
25558	11	12	13	3522	0	3558
25559	5	21	12	3512	0	3550
25560	12	10	13	3448	0	3483
25561	10	3499	8	48	0	3565
25562	3477	34	6	28	0	3545
25563	25	23	3408	23	0	3479
25564	3212	15	31	24	0	3282
25565	31	14	3546	15	0	3606
25566	15	3689	33	23	0	3760
25567	9	24	3648	20	0	3701
25568	8	3695	36	14	0	3753
25569	9	42	15	3541	0	3607
25570	7	20	18	3597	0	3642
25571	12	3600	12	46	0	3670
25572	9	3765	5	37	0	3816
25573	3789	38	8	27	0	3862
25574	3847	28	9	22	0	3906
25575	3859	14	10	19	0	3902
25576	3913	21	8	15	0	3957
25577	48	8	10	3875	0	3941
25578	20	3864	15	32	0	3931
25579	3847	37	5	17	0	3906
25580	25	20	7	3705	0	3757
25581	3576	19	5	32	0	3632
25582	3481	7	10	20	0	3518
25583	26	3321	1	21	0	3369
25584	15	3193	1	20	0	3229
25585	10	3311	8	7	0	3336
25586	12	50	14	3146	0	3222
25587	5	3280	0	18	0	3303
25588	3258	16	6	9	0	3289
25589	3335	8	5	9	0	3357
25590	3308	8	2	5	0	3323
25591	3384	6	4	4	0	3398
25592	3435	3	0	5	0	3443
25593	32	0	3549	5	0	3586
25594	3543	4	21	3	0	3571
25595	30	3	3587	6	0	3626
25596	3541	1	22	6	0	3570
25597	26	3	8	3571	0	3608
25598	14	2	3441	23	0	3480
25599	7	3	3625	10	0	3645
25600	5	3838	24	6	0	3873
25601	3869	33	21	3	0	3926
25602	4015	8	10	1	0	4034
25603	42	4295	3	4	0	4344
25604	19	49	1	4815	0	4884
25605	5169	21	2	70	0	5262
25606	85	8	5287	26	0	5406
25607	36	5254	81	8	0	5379
25608	5163	88	35	7	0	5293
25609	90	5250	13	10	0	5363
25610	44	89	9	5066	0	5208
25611	13	5286	8	75	0	5382
25612	13	108	1	5165	0	5287
25613	14	5172	8	90	0	5284
25614	7	5345	11	38	0	5401
25615	5215	122	7	15	0	5359
25616	5336	46	7	14	0	5403
25617	124	22	5255	13	0	5414
25618	51	21	5178	6	0	5256
25619	24	18	5295	7	0	5344
25620	24	12	124	5246	0	5406
25621	18	17	5340	96	0	5471
25622	13	15	107	5301	0	5436
25623	12	17	48	5332	0	5409
25624	12	5318	21	124	0	5475
25625	5352	94	11	51	0	5508
25626	98	5382	15	24	0	5519
25627	44	113	11	5504	0	5672
25628	19	55	10	5557	0	5641
25629	19	24	15	5582	0	5640
25630	25	23	5485	138	0	5671
25631	14	20	103	5515	0	5652
25632	19	16	46	5609	0	5690
25633	24	16	20	5657	0	5717
25634	15	25	5433	146	0	5619
25635	17	5384	101	67	0	5569
25636	5355	109	48	41	0	5553
25637	5259	54	17	47	0	5377
25638	122	5419	24	34	0	5599
25639	52	112	14	5417	0	5595
25640	39	58	15	5552	0	5664
25641	31	29	5443	146	0	5649
25642	23	5414	103	71	0	5611
25643	18	112	51	5451	0	5632
25644	18	50	5451	125	0	5644
25645	17	28	102	5427	0	5574
25646	15	31	62	5433	0	5541
25647	18	23	5379	160	0	5580
25648	19	25	101	5360	0	5505
25649	15	28	62	5329	0	5434
25650	22	25	5404	154	0	5605
25651	26	29	107	5449	0	5611
25652	23	25	56	5320	0	5424
25653	18	17	29	5562	0	5626
25654	10	24	5427	166	0	5627
25655	7	17	113	5461	0	5598
25656	5376	18	56	154	0	5604
25657	5421	19	32	91	0	5563
25658	125	5376	31	64	0	5596
25659	5456	93	27	53	0	5629
25660	110	53	5576	50	0	5789
25661	60	19	104	5613	0	5796
25662	34	16	56	5700	0	5806
25663	16	26	28	5775	0	5845
25664	5542	10	24	173	0	5749
25665	88	5447	30	118	0	5683
25666	38	95	24	5260	0	5417
25667	20	5307	19	135	0	5481
25668	5257	101	19	84	0	5461
25669	104	5278	27	50	0	5459
25670	5206	111	17	53	0	5387
25671	99	5134	22	56	0	5311
25672	59	5163	27	43	0	5292
25673	35	130	19	5093	0	5277
25674	25	52	17	5142	0	5236
25675	20	28	25	5124	0	5197
25676	17	24	17	5109	0	5167
25677	14	35	4967	159	0	5175
25678	22	4962	95	90	0	5169
25679	22	104	46	4837	0	5009
25680	22	4933	18	128	0	5101
25681	28	110	4890	68	0	5096
25682	21	55	95	4877	0	5048
25683	17	38	42	5055	0	5152
25684	25	24	4944	152	0	5145
25685	23	4834	99	72	0	5028
25686	12	105	54	4859	0	5030
25687	19	42	4788	140	0	4989
25688	10	4773	97	90	0	4970
25689	17	104	49	4677	0	4847
25690	11	59	4645	132	0	4847
25691	18	21	4543	80	0	4662
25692	20	4457	116	47	0	4640
25693	19	4775	45	37	0	4876
25694	19	129	35	4872	0	5055
25695	18	61	25	5244	0	5348
25696	11	30	5161	170	0	5372
25697	5046	33	116	81	0	5276
25698	5141	21	49	53	0	5264
25699	147	17	4987	55	0	5206
25700	51	4813	107	40	0	5011
25701	18	4833	55	30	0	4936
25702	20	4714	19	37	0	4790
25703	39	3840	43	40	0	3962
25704	88	171	56	3860	0	4175
25705	8	16	11	4407	0	4442
25706	6	7	1	4440	0	4454
25707	4	7	0	4539	0	4550
25708	2	4544	4	125	0	4675
25709	1	78	2	4578	0	4659
25710	1	4599	3	100	0	4703
25711	1	86	2	4640	0	4729
25712	4571	40	3	108	0	4722
25713	80	20	3	4590	0	4693
25714	40	4561	4	104	0	4709
25715	19	80	3	4674	0	4776
25716	9	33	2	4778	0	4822
25717	8	19	5	4815	0	4847
25718	4688	17	1	168	0	4874
25719	89	26	1	4812	0	4928
25720	37	21	4674	142	0	4874
25721	19	4792	85	82	0	4978
25722	12	116	36	4915	0	5079
25723	18	46	19	5069	0	5152
25724	18	23	6	5132	0	5179
25725	4943	18	16	181	0	5158
25726	110	29	4824	84	0	5047
25727	49	18	97	4699	0	4863
25728	26	4754	37	146	0	4963
25729	18	112	16	4828	0	4974
25730	4604	58	10	139	0	4811
25731	93	4692	14	95	0	4894
25732	42	122	11	4705	0	4880
25733	20	59	8	4750	0	4837
25734	16	4636	4	188	0	4844
25735	15	113	7	4735	0	4870
25736	15	57	6	4816	0	4894
25737	16	33	4628	181	0	4858
25738	15	4631	106	100	0	4852
25739	4634	125	39	77	0	4875
25740	111	64	4589	66	0	4830
25741	4572	36	105	64	0	4777
25742	133	26	4574	70	0	4803
25743	52	36	115	4626	0	4829
25744	4556	22	48	176	0	4802
25745	119	30	25	4668	0	4842
25746	4623	25	24	183	0	4855
25747	4667	39	22	92	0	4820
25748	4665	27	12	86	0	4790
25749	171	4555	20	71	0	4817
25750	79	127	15	4532	0	4753
25751	57	64	13	4645	0	4779
25752	43	30	25	4681	0	4779
25753	37	25	4510	211	0	4783
25754	32	27	118	4571	0	4748
25755	4504	24	52	184	0	4764
25756	4598	16	32	113	0	4759
25757	177	21	4477	69	0	4744
25758	4518	32	120	61	0	4731
25759	4606	17	55	60	0	4738
25760	182	29	34	4340	0	4585
25761	4317	26	22	166	0	4531
25762	4366	25	24	106	0	4521
25763	180	14	22	4320	0	4536
25764	4310	16	27	169	0	4522
25765	4350	23	26	96	0	4495
25766	189	14	24	4256	0	4483
25767	115	33	3514	153	0	3815
25768	4160	26	96	82	0	4364
25769	153	21	4209	68	0	4451
25770	98	18	4248	60	0	4424
25771	64	4167	154	66	0	4451
25772	59	110	64	4175	0	4408
25773	65	53	41	4270	0	4429
25774	56	18	33	4298	0	4405
25775	62	25	4161	196	0	4444
25776	68	19	4205	98	0	4390
25777	63	4161	156	68	0	4448
25778	63	112	71	4101	0	4347
25779	49	47	56	4237	0	4389
25780	59	20	44	4307	0	4430
25781	53	17	4129	196	0	4395
25782	54	4095	123	110	0	4382
25783	53	115	63	4127	0	4358
25784	50	46	4120	171	0	4387
25785	71	19	4157	95	0	4342
25786	4107	25	158	71	0	4361
25787	4151	17	86	61	0	4315
25788	4215	22	52	54	0	4343
25789	179	23	38	4060	0	4300
25790	91	13	4050	161	0	4315
25791	59	3978	124	99	0	4260
25792	53	4132	74	73	0	4332
25793	45	128	3681	55	0	3909
25794	63	141	129	3318	0	3651
25795	47	49	72	3092	0	3260
25796	37	2985	57	119	0	3198
25797	38	3105	37	69	0	3249
25798	3026	101	28	46	0	3201
25799	3071	49	17	45	0	3182
25800	3105	23	21	50	0	3199
25801	3060	21	25	41	0	3147
25802	2944	16	28	41	0	3029
25803	144	2774	28	30	0	2976
25804	46	2286	16	19	0	2367
25805	22	1863	18	14	0	1917
25806	1678	42	85	19	0	1824
25807	69	40	14	1569	0	1692
25808	20	4	8	1520	0	1552
25809	1494	4	9	41	0	1548
25810	39	1497	8	11	0	1555
25811	17	33	9	1502	0	1561
25812	9	14	7	1533	0	1563
25813	7	7	9	1549	0	1572
25814	1477	3	9	36	0	1525
25815	32	10	5	1482	0	1529
25816	10	5	1410	32	0	1457
25817	1379	6	27	9	0	1421
25818	35	10	3	1360	0	1408
25819	18	3	1365	25	0	1411
25820	16	1346	20	14	0	1396
25821	8	1246	8	7	0	1269
25822	1151	16	16	13	0	1196
25823	1136	6	6	4	0	1152
25824	13	1174	1	5	0	1193
25825	6	16	0	1222	0	1244
25826	1281	0	0	21	0	1302
25827	18	0	3	1369	0	1390
25828	1	3	0	1434	0	1438
25829	2	1	3	1439	0	1445
25830	4	2	1	1421	0	1428
25831	1	1418	4	24	0	1447
25832	5	18	3	1433	0	1459
25833	2	3	2	1445	0	1452
25834	3	3	1	1449	0	1456
25835	6	2	1398	28	0	1434
25836	2	1408	19	9	0	1438
25837	2	21	1	1419	0	1443
25838	0	4	1403	24	0	1431
25839	3	1	1333	4	0	1341
25840	1	1383	17	6	0	1407
25841	1366	19	1	9	0	1395
25842	18	1	4	1395	0	1418
25843	1383	3	4	19	0	1409
25844	18	1410	2	4	0	1434
25845	3	20	2	1415	0	1440
25846	1367	1	4	24	0	1396
25847	1401	3	2	5	0	1411
25848	21	2	3	1391	0	1417
25849	3	4	1	1396	0	1404
25850	8	1	1400	23	0	1432
25851	4	3	16	1398	0	1421
25852	3	1	5	1433	0	1442
25853	1395	4	0	23	0	1422
25854	21	1415	2	5	0	1443
25855	2	19	1389	7	0	1417
25856	1364	1	18	7	0	1390
25857	20	1409	2	4	0	1435
25858	3	16	3	1412	0	1434
25859	1411	2	3	22	0	1438
25860	23	1	1	1394	0	1419
25861	3	5	0	1414	0	1422
25862	4	0	1395	26	0	1425
25863	5	1	19	1405	0	1430
25864	1409	5	1	23	0	1438
25865	19	1	2	1414	0	1436
25866	1399	2	2	22	0	1425
25867	20	1375	2	9	0	1406
25868	2	1405	3	8	0	1418
25869	4	17	3	1403	0	1427
25870	4	4	2	1413	0	1423
25871	1371	4	0	24	0	1399
25872	19	1372	1	10	0	1402
25873	1395	17	0	9	0	1421
25874	1402	6	1	8	0	1417
25875	20	4	2	1389	0	1415
25876	1385	3	1	24	0	1413
25877	25	4	1331	6	0	1366
25878	6	1	17	1349	0	1373
25879	5	3	1352	20	0	1380
25880	6	2	18	1364	0	1390
25881	1364	3	4	24	0	1395
25882	1389	0	4	10	0	1403
25883	22	1379	3	6	0	1410
25884	8	20	3	1379	0	1410
25885	5	5	1	1394	0	1405
25886	7	1389	5	21	0	1422
25887	5	24	0	1419	0	1448
25888	4	3	1	1431	0	1439
25889	6	1402	1	26	0	1435
25890	1366	19	2	8	0	1395
25891	1363	3	2	8	0	1376
25892	17	3	2	1366	0	1388
25893	4	4	0	1364	0	1372
25894	7	0	1348	20	0	1375
25895	7	1	14	1339	0	1361
25896	4	1347	4	18	0	1373
25897	1363	17	2	9	0	1391
25898	20	4	2	1353	0	1379
25899	3	3	3	1337	0	1346
25900	1302	4	1	24	0	1331
25901	19	1292	4	8	0	1323
25902	5	18	0	1339	0	1362
25903	6	4	3	1323	0	1336
25904	8	1323	0	23	0	1354
25905	1345	18	1	9	0	1373
25906	19	4	1320	8	0	1351
25907	7	2	1322	7	0	1338
25908	3	6	14	1338	0	1361
25909	4	5	1328	20	0	1357
25910	1298	3	17	6	0	1324
25911	16	5	4	1318	0	1343
25912	7	2	1353	20	0	1382
25913	2	5	1347	7	0	1361
25914	6	1367	19	5	0	1397
25915	1359	17	4	6	0	1386
25916	16	1389	5	8	0	1418
25917	1395	17	3	4	0	1419
25918	1403	4	4	5	0	1416
25919	19	1346	4	4	0	1373
25920	1353	19	5	0	0	1377
25921	1347	5	2	3	0	1357
25922	25	1	1334	2	0	1362
25923	5	54	11	1257	0	1327
25924	7	1235	1	8	0	1251
25925	6	1184	1	5	0	1196
25926	22	29	6	1078	0	1135
25927	1032	4	4	14	0	1054
25928	3	1	1	1013	0	1018
25929	3	1	0	1054	0	1058
25930	1	0	1	1081	0	1083
25931	1	1141	0	9	0	1151
25932	1	5	0	1233	0	1239
25933	1	2	1343	7	0	1353
25934	1309	2	8	3	0	1322
25935	1372	1	4	1	0	1378
25936	14	1354	1	3	0	1372
25937	1383	10	2	0	0	1395
25938	16	4	0	1394	0	1414
25939	6	3	1386	11	0	1406
25940	1367	2	10	4	0	1383
25941	14	1397	4	2	0	1417
25942	2	11	2	1391	0	1406
25943	1423	3	2	11	0	1439
25944	11	1409	0	3	0	1423
25945	4	1418	0	2	0	1424
25946	1433	15	0	2	0	1450
25947	14	6	1379	1	0	1400
25948	1410	4	12	1	0	1427
25949	14	2	4	1411	0	1431
25950	5	1	3	1402	0	1411
25951	3	3	1405	17	0	1428
25952	4	0	1392	6	0	1402
25953	0	1	16	1417	0	1434
25954	1	1	1380	14	0	1396
25955	1	1	1382	5	0	1389
25956	1	0	19	1396	0	1416
25957	3	0	7	1406	0	1416
25958	1405	1	3	17	0	1426
25959	13	1	2	1389	0	1405
25960	1397	0	1	15	0	1413
25961	15	1383	1	7	0	1406
25962	6	14	0	1415	0	1435
25963	5	4	1452	13	0	1474
25964	1444	3	13	6	0	1466
25965	1480	3	5	3	0	1491
25966	1484	0	1	5	0	1490
25967	1466	2	2	1	0	1471
25968	1459	1	1	2	0	1463
25969	24	1	1	1428	0	1454
25970	9	2	1421	13	0	1445
25971	5	1	1397	5	0	1408
25972	5	0	1418	3	0	1426
25973	1395	2	18	6	0	1421
25974	1449	0	7	2	0	1458
25975	18	0	4	1420	0	1442
25976	7	1477	4	14	0	1502
25977	6	12	2	1497	0	1517
25978	2	5	1495	15	0	1517
25979	1	2	1485	8	0	1496
25980	1456	2	20	5	0	1483
25981	18	1	1542	3	0	1564
25982	7	1	20	1542	0	1570
25983	1603	0	4	20	0	1627
25984	1558	1	2	10	0	1571
25985	1630	2	2	4	0	1638
25986	1623	0	1	5	0	1629
25987	25	1	1587	0	0	1613
25988	1562	0	16	1	0	1579
25989	23	1588	5	2	0	1618
25990	10	14	3	1608	0	1635
25991	6	5	1605	17	0	1633
25992	5	3	15	1590	0	1613
25993	2	3	1627	19	0	1651
25994	4	0	21	1614	0	1639
25995	5	0	8	1623	0	1636
25996	2	2	1604	22	0	1630
25997	6	2	19	1593	0	1620
25998	1628	2	6	25	0	1661
25999	18	11	4	1629	0	1662
26000	9	1	5	1662	0	1677
26001	1644	3	3	24	0	1674
26002	21	1653	3	7	0	1684
26003	1667	14	2	4	0	1687
26004	18	1674	3	4	0	1699
26005	1716	20	2	5	0	1743
26006	23	9	1719	2	0	1753
26007	9	3	18	1715	0	1745
26008	8	2	5	1738	0	1753
26009	1723	0	4	24	0	1751
26010	20	1702	3	9	0	1734
26011	8	17	2	1691	0	1718
26012	5	5	3	1675	0	1688
26013	4	1632	4	20	0	1660
26014	1622	16	5	12	0	1655
26015	16	1625	5	7	0	1653
26016	6	17	3	1599	0	1625
26017	3	4	3	1593	0	1603
26018	5	1553	1	22	0	1581
26019	1552	18	2	13	0	1585
26020	18	5	1534	9	0	1566
26021	1522	5	14	8	0	1549
26022	22	1532	5	5	0	1564
26023	7	16	5	1536	0	1564
26024	1548	6	3	21	0	1578
26025	22	3	1	1546	0	1572
26026	10	4	0	1554	0	1568
26027	1571	2	0	20	0	1593
26028	23	1532	2	7	0	1564
26029	8	1538	2	6	0	1554
26030	1530	19	2	4	0	1555
26031	18	6	1491	4	0	1519
26032	5	1425	14	4	0	1448
26033	11	19	16	1332	0	1378
26034	1	3	1516	14	0	1534
26035	2	3	19	1463	0	1487
26036	1521	0	3	18	0	1542
26037	18	1521	4	5	0	1548
26038	6	18	0	1478	0	1502
26039	3	1518	1	16	0	1538
26040	1541	22	0	3	0	1566
26041	1593	4	1	4	0	1602
26042	24	1612	3	1	0	1640
26043	6	20	0	1644	0	1670
26044	4	1695	1	18	0	1718
26045	1731	26	0	3	0	1760
26046	1764	4	0	4	0	1772
26047	24	4	1	1745	0	1774
26048	7	2	0	1764	0	1773
26049	8	1	1713	28	0	1750
26050	1653	3	23	6	0	1685
26051	24	2	1699	5	0	1730
26052	5	2	27	1703	0	1737
26053	1689	0	4	27	0	1720
26054	28	1731	3	6	0	1768
26055	1693	25	2	5	0	1725
26056	25	4	1622	4	0	1655
26057	1663	4	23	8	0	1698
26058	31	1721	4	2	0	1758
26059	1734	26	3	2	0	1765
26060	28	1766	3	5	0	1802
26061	5	31	1	1778	0	1815
26062	6	4	1740	25	0	1775
26063	6	6	1675	3	0	1690
26064	6	4	30	1684	0	1724
26065	6	1	1717	28	0	1752
26066	3	4	29	1703	0	1739
26067	3	1	4	1722	0	1730
26068	3	5	1760	29	0	1797
26069	1616	1	29	14	0	1660
26070	1762	3	5	7	0	1777
26071	29	1736	7	5	0	1777
26072	1737	26	2	4	0	1769
26073	30	5	5	1732	0	1772
26074	7	4	1770	31	0	1812
26075	5	1	30	1758	0	1794
26076	5	1	5	1766	0	1777
26077	1734	2	7	31	0	1774
26078	26	1711	3	8	0	1748
26079	8	1729	0	7	0	1744
26080	5	26	2	1729	0	1762
26081	6	5	2	1693	0	1706
26082	3	1688	3	25	0	1719
26083	7	22	1	1651	0	1681
26084	1	9	1	1639	0	1650
26085	4	1611	1	34	0	1650
26086	1618	25	3	11	0	1657
26087	25	3	3	1618	0	1649
26088	5	1642	3	26	0	1676
26089	4	25	6	1642	0	1677
26090	1629	6	0	33	0	1668
26091	24	1646	2	7	0	1679
26092	1674	25	2	7	0	1708
26093	1675	6	1	5	0	1687
26094	30	6	3	1676	0	1715
26095	1724	6	0	28	0	1758
26096	1771	3	2	5	0	1781
26097	1766	6	0	9	0	1781
26098	1756	3	2	4	0	1765
26099	31	1	1	1748	0	1781
26100	10	2	5	1769	0	1786
26101	10	3	1749	31	0	1793
26102	8	4	22	1769	0	1803
26103	6	2	4	1795	0	1807
26104	6	3	1759	33	0	1801
26105	1722	5	24	12	0	1763
26106	33	3	3	1756	0	1795
26107	8	2	1807	32	0	1849
26108	1761	5	27	11	0	1804
26109	35	3	1907	10	0	1955
26110	11	1952	31	7	0	2001
26111	10	2053	7	7	0	2077
26112	6	35	6	2153	0	2200
26113	2	13	2323	43	0	2381
26114	2359	6	41	12	0	2418
26115	2476	4	11	14	0	2505
26116	51	4	2429	8	0	2492
26117	2454	2	41	5	0	2502
26118	2481	6	10	10	0	2507
26119	52	2473	11	5	0	2541
26120	2501	39	5	7	0	2552
26121	53	8	4	2482	0	2547
26122	17	11	2494	39	0	2561
26123	19	5	41	2442	0	2507
26124	10	2526	10	39	0	2585
26125	5	2589	12	16	0	2622
26126	2565	48	7	11	0	2631
26127	2579	13	6	10	0	2608
26128	2565	10	10	10	0	2595
26129	58	4	5	2531	0	2598
26130	20	9	9	2499	0	2537
26131	16	2480	7	47	0	2550
26132	2487	35	7	19	0	2548
26133	47	2534	9	11	0	2601
26134	2329	29	3	6	0	2367
26135	35	2334	5	7	0	2381
26136	2311	31	5	7	0	2354
26137	2269	10	5	12	0	2296
26138	42	21	5	2279	0	2347
26139	19	2345	9	27	0	2400
26140	22	25	2265	10	0	2322
26141	2208	12	29	9	0	2258
26142	37	2194	10	4	0	2245
26143	23	24	2198	8	0	2253
26144	16	9	2222	6	0	2253
26145	7	11	25	2152	0	2195
26146	12	7	10	2124	0	2153
26147	3	2198	2	31	0	2234
26148	2259	30	2	10	0	2301
26149	26	12	0	2267	0	2305
26150	20	2306	4	15	0	2345
26151	18	2417	3	11	0	2449
26152	12	26	2418	10	0	2466
26153	11	14	2426	10	0	2461
26154	2377	10	23	5	0	2415
26155	28	8	2437	7	0	2480
26156	16	8	19	2408	0	2451
26157	10	13	11	2476	0	2510
26158	12	7	2488	28	0	2535
26159	9	13	22	2447	0	2491
26160	15	4	12	2324	0	2355
26161	2438	11	7	27	0	2483
26162	2463	8	6	17	0	2494
26163	32	6	7	2432	0	2477
26164	13	2407	4	25	0	2449
26165	11	2506	5	8	0	2530
26166	2516	27	9	11	0	2563
26167	22	10	2521	6	0	2559
26168	10	10	21	2481	0	2522
26169	2543	7	13	25	0	2588
26170	2567	9	13	12	0	2601
26171	35	5	6	2577	0	2623
26172	15	7	2584	28	0	2634
26173	12	9	2456	19	0	2496
26174	2462	11	29	13	0	2515
26175	2553	5	19	13	0	2590
26176	35	2536	11	16	0	2598
26177	15	2624	10	13	0	2662
26178	2668	27	8	13	0	2716
26179	2689	13	10	14	0	2726
26180	35	13	8	2758	0	2814
26181	20	5	14	2792	0	2831
26182	13	5	13	2818	0	2849
26183	2808	8	6	39	0	2861
26184	40	8	8	2821	0	2877
26185	25	7	2845	31	0	2908
26186	2823	5	23	17	0	2868
26187	38	7	10	2883	0	2938
26188	20	12	2894	27	0	2953
26189	2856	10	25	14	0	2905
26190	2711	11	18	13	0	2753
26191	28	2982	11	12	0	3033
26192	27	3037	8	7	0	3079
26193	24	34	2931	9	0	2998
26194	3012	16	20	17	0	3065
26195	36	3081	13	14	0	3144
26196	26	25	2984	14	0	3049
26197	2986	10	25	17	0	3038
26198	42	3204	13	15	0	3274
26199	16	33	3166	18	0	3233
26200	3077	17	23	11	0	3128
26201	42	3176	8	11	0	3237
26202	26	28	7	3129	0	3190
26203	3137	14	3	35	0	3189
26204	32	3162	5	28	0	3227
26205	18	32	10	3142	0	3202
26206	3152	9	4	28	0	3193
26207	30	2	3138	15	0	3185
26208	12	3098	25	11	0	3146
26209	17	23	3066	7	0	3113
26210	12	16	22	2975	0	3025
26211	6	3	2947	20	0	2976
26212	8	2819	16	7	0	2850
26213	5	2701	7	3	0	2716
26214	12	14	4	2638	0	2668
26215	2	2	0	2568	0	2572
26216	0	2	1	2614	0	2617
26217	2	0	2676	11	0	2689
26218	3	1	9	2671	0	2684
26219	2680	0	2	13	0	2695
26220	2663	1	0	3	0	2667
26221	14	2	2732	1	0	2749
26222	3	2701	10	3	0	2717
26223	2700	9	3	4	0	2716
26224	10	2674	2	0	0	2686
26225	2693	13	0	2	0	2708
26226	2689	3	1	3	0	2696
26227	12	1	2683	3	0	2699
26228	3	2733	9	2	0	2747
26229	2	12	3	2744	0	2761
26230	0	4	2745	12	0	2761
26231	2646	1	9	4	0	2660
26232	13	0	2	2729	0	2744
26233	4	0	2686	12	0	2702
26234	2635	2	12	3	0	2652
26235	15	1	2777	2	0	2795
26236	7	1	12	2825	0	2845
26237	2992	1	2	12	0	3007
26238	14	3053	2	3	0	3072
26239	5	15	3090	1	0	3111
26240	3071	4	17	3	0	3095
26241	3329	1	2	3	0	3335
26242	27	3412	1	1	0	3441
26243	4	21	2	3416	0	3443
26244	5	2	1	3374	0	3382
26245	3358	3	1	26	0	3388
26246	22	1	2	3381	0	3406
26247	3	2	3397	26	0	3428
26248	3	0	25	3364	0	3392
26249	3374	0	2	28	0	3404
26250	25	3347	5	5	0	3382
26251	4	29	2	3259	0	3294
26252	3	3297	2	19	0	3321
26253	3350	29	0	5	0	3384
26254	30	6	0	3558	0	3594
26255	5	4	2	3683	0	3694
26256	4	3663	3	44	0	3714
26257	4	36	3616	13	0	3669
26258	5	8	40	3588	0	3641
26259	2	5	6	3677	0	3690
26260	1	4	7	3651	0	3663
26261	4	3616	4	48	0	3672
26262	6	38	3645	13	0	3702
26263	4	10	3656	11	0	3681
26264	3673	6	47	8	0	3734
26265	3763	3	12	8	0	3786
26266	50	1	3798	5	0	3854
26267	3744	6	42	10	0	3802
26268	48	5	3875	4	0	3932
26269	3805	4	48	5	0	3862
26270	48	3908	15	10	0	3981
26271	3967	44	6	14	0	4031
26272	49	12	3972	6	0	4039
26273	21	8	4034	6	0	4069
26274	8	9	60	4309	0	4386
26275	4421	1	18	63	0	4503
26276	63	4677	11	18	0	4769
26277	25	70	5097	7	0	5199
26278	14	16	84	5275	0	5389
26279	9	9	22	5419	0	5459
26280	5264	6	7	106	0	5383
26281	5325	6	5	28	0	5364
26282	102	6	6	5271	0	5385
26283	5286	2	7	89	0	5384
26284	96	2	5218	34	0	5350
26285	32	3	81	5164	0	5280
26286	12	4	27	5288	0	5331
26287	5204	4	9	109	0	5326
26288	5177	6	13	33	0	5229
26289	116	3	10	5135	0	5264
26290	5143	6	12	96	0	5257
26291	104	3	5020	31	0	5158
26292	37	4969	86	15	0	5107
26293	16	83	4979	15	0	5093
26294	19	27	85	4985	0	5116
26295	4911	7	32	88	0	5038
26296	84	4882	13	31	0	5010
26297	27	78	18	4875	0	4998
26298	15	26	13	4788	0	4842
26299	20	4784	9	111	0	4924
26300	16	86	10	4853	0	4965
26301	23	24	13	4869	0	4929
26302	15	10	10	4900	0	4935
26303	15	8	10	4900	0	4933
26304	24	6	13	4807	0	4850
26305	16	4694	11	121	0	4842
26306	19	74	7	4738	0	4838
26307	29	20	11	4740	0	4800
26308	18	15	4591	120	0	4744
26309	17	4560	81	55	0	4713
26310	19	77	22	4598	0	4716
26311	25	28	14	4630	0	4697
26312	21	15	16	4610	0	4662
26313	14	4497	10	131	0	4652
26314	22	73	4510	63	0	4668
26315	25	22	87	4567	0	4701
26316	22	20	4541	103	0	4686
26317	15	16	4499	47	0	4577
26318	18	11	105	4489	0	4623
26319	4510	14	39	105	0	4668
26320	86	14	25	4538	0	4663
26321	31	10	11	4501	0	4553
26322	23	4474	15	124	0	4636
26323	23	86	10	4594	0	4713
26324	15	30	15	4668	0	4728
26325	17	23	4591	133	0	4764
26326	13	4573	89	72	0	4747
26327	10	84	28	4671	0	4793
26328	4544	31	20	124	0	4719
26329	85	25	4549	60	0	4719
26330	33	20	81	4561	0	4695
26331	19	13	32	4625	0	4689
26332	4485	17	20	144	0	4666
26333	84	4495	22	69	0	4670
26334	4414	91	14	54	0	4573
26335	83	4387	12	62	0	4544
26336	35	91	8	4388	0	4522
26337	4298	35	22	114	0	4469
26338	82	23	4235	71	0	4411
26339	39	4137	81	52	0	4309
26340	23	4163	40	55	0	4281
26341	3938	95	30	41	0	4104
26342	76	39	27	3847	0	3989
26343	39	3770	16	107	0	3932
26344	24	3911	16	63	0	4014
26345	26	91	16	3893	0	4026
26346	22	40	12	3941	0	4015
26347	3798	26	12	127	0	3963
26348	79	3781	13	66	0	3939
26349	33	88	32	3750	0	3903
26350	18	36	3720	108	0	3882
26351	19	3710	69	66	0	3864
26352	21	76	3659	47	0	3803
26353	24	3670	70	42	0	3806
26354	40	98	69	3413	0	3620
26355	16	28	15	3379	0	3438
26356	13	3361	16	97	0	3487
26357	17	73	3371	44	0	3505
26358	3364	35	63	41	0	3503
26359	59	24	25	3473	0	3581
26360	29	24	13	3521	0	3587
26361	20	24	3470	102	0	3616
26362	15	22	58	3501	0	3596
26363	19	23	3481	83	0	3606
26364	11	33	64	3488	0	3596
26365	15	23	3534	89	0	3661
26366	12	3595	68	58	0	3733
26367	16	70	3681	39	0	3806
26368	17	40	62	3708	0	3827
26369	3652	29	29	87	0	3797
26370	54	3617	15	54	0	3740
26371	25	92	15	3555	0	3687
26372	26	30	3512	80	0	3648
26373	13	3514	73	41	0	3641
26374	10	72	21	3157	0	3260
26375	15	31	3143	59	0	3248
26376	3	2813	45	22	0	2883
26377	2256	67	56	31	0	2410
26378	2126	7	9	10	0	2152
26379	21	3	3	2098	0	2125
26380	2111	4	3	23	0	2141
26381	21	3	3	2097	0	2124
26382	6	3	4	2130	0	2143
26383	4	4	2143	21	0	2172
26384	2	1	17	2116	0	2136
26385	2	4	3	2146	0	2155
26386	2101	2	2	27	0	2132
26387	2086	2	5	9	0	2102
26388	18	2088	1	7	0	2114
26389	7	19	2101	4	0	2131
26390	4	3	16	2072	0	2095
26391	4	5	2045	18	0	2072
26392	1967	2	20	4	0	1993
26393	18	1	2013	5	0	2037
26394	4	2	17	1959	0	1982
26395	3	1986	5	16	0	2010
26396	2	15	2	1992	0	2011
26397	2	2	1	1992	0	1997
26398	1	2	2012	21	0	2036
26399	1	0	17	1999	0	2017
26400	2003	2	4	25	0	2034
26401	2017	2	5	6	0	2030
26402	2019	1	2	8	0	2030
26403	2014	1	3	3	0	2021
26404	16	1991	2	3	0	2012
26405	7	1994	3	3	0	2007
26406	7	18	1	1892	0	1918
26407	4	4	3	2009	0	2020
26408	3	1949	2	15	0	1969
26409	1	18	1	2019	0	2039
26410	1	4	1	2027	0	2033
26411	1	2	2	2017	0	2022
26412	3	2	0	2006	0	2011
26413	2	3	1	2016	0	2022
26414	1986	3	1	22	0	2012
26415	19	1951	2	10	0	1982
26416	4	15	1935	6	0	1960
26417	6	5	15	1943	0	1969
26418	5	2	3	1960	0	1970
26419	5	3	5	1921	0	1934
26420	1939	8	3	22	0	1972
26421	15	2152	5	11	0	2183
26422	8	23	0	2208	0	2239
26423	2	2278	3	32	0	2315
26424	4	41	0	2247	0	2292
26425	1	2223	5	40	0	2269
26426	4	42	2393	13	0	2452
26427	3	9	55	2551	0	2618
26428	4	3	2928	65	0	3000
26429	4	6	77	2949	0	3036
26430	4	8	17	3206	0	3235
26431	3169	4	11	99	0	3283
26432	3226	3	5	30	0	3264
26433	3254	8	4	17	0	3283
26434	3252	2	3	17	0	3274
26435	3244	4	4	15	0	3267
26436	114	7	5	3090	0	3216
26437	29	3139	2	89	0	3259
26438	19	82	4	3135	0	3240
26439	11	18	3080	94	0	3203
26440	3068	17	75	22	0	3182
26441	3188	4	13	21	0	3226
26442	102	4	14	3127	0	3247
26443	28	3	5	3159	0	3195
26444	21	3045	4	108	0	3178
26445	13	81	3	3114	0	3211
26446	10	16	3	3132	0	3161
26447	9	3047	5	111	0	3172
26448	8	87	3	3110	0	3208
26449	2962	15	9	105	0	3091
26450	85	12	3022	29	0	3148
26451	2996	9	81	23	0	3109
26452	104	7	2996	17	0	3124
26453	25	7	91	2969	0	3092
26454	23	1	22	2983	0	3029
26455	15	2892	14	97	0	3018
26456	11	3021	9	31	0	3072
26457	10	102	6	2899	0	3017
26458	10	23	2894	100	0	3027
26459	2830	15	84	27	0	2956
26460	92	4	19	2837	0	2952
26461	25	2801	18	94	0	2938
26462	21	85	8	2818	0	2932
26463	16	22	2	2818	0	2858
26464	12	2711	4	102	0	2829
26465	11	89	1	2614	0	2715
26466	11	20	2420	91	0	2542
26467	11	13	2366	22	0	2412
26468	5	11	74	2314	0	2404
26469	7	2376	18	69	0	2470
26470	9	74	13	2381	0	2477
26471	2385	14	9	84	0	2492
26472	2478	8	7	21	0	2514
26473	2397	5	5	23	0	2430
26474	86	2338	5	14	0	2443
26475	20	69	2305	15	0	2409
26476	2308	16	74	14	0	2412
26477	2379	14	17	9	0	2419
26478	83	2301	11	16	0	2411
26479	25	76	9	2318	0	2428
26480	2324	15	4	81	0	2424
26481	2373	14	8	18	0	2413
26482	2381	10	5	17	0	2413
26483	95	7	5	2260	0	2367
26484	2290	6	10	86	0	2392
26485	86	7	9	2289	0	2391
26486	28	4	5	2359	0	2396
26487	2291	7	6	96	0	2400
26488	91	8	6	2282	0	2387
26489	2272	6	6	97	0	2381
26490	100	11	5	2266	0	2382
26491	38	3	4	2357	0	2402
26492	2287	13	3	102	0	2405
26493	89	15	2258	36	0	2398
26494	33	7	71	2308	0	2419
26495	34	10	20	2341	0	2405
26496	29	4	16	2350	0	2399
26497	31	7	13	2360	0	2411
26498	23	5	11	2291	0	2330
26499	21	2211	6	115	0	2353
26500	20	83	4	2248	0	2355
26501	18	14	2204	111	0	2347
26502	27	17	70	2239	0	2353
26503	30	10	15	2311	0	2366
26504	24	9	11	2344	0	2388
26505	19	12	2232	117	0	2380
26506	11	8	2260	52	0	2331
26507	2215	11	83	34	0	2343
26508	2290	5	31	36	0	2362
26509	92	2307	12	33	0	2444
26510	36	81	8	2378	0	2503
26511	24	24	9	2492	0	2549
26512	14	21	10	2516	0	2561
26513	2434	12	12	113	0	2571
26514	2516	10	15	45	0	2586
26515	96	6	9	2488	0	2599
26516	25	13	11	2526	0	2575
26517	20	18	4	2546	0	2588
26518	19	10	5	2565	0	2599
26519	2433	17	9	113	0	2572
26520	82	13	2358	46	0	2499
26521	18	2031	66	34	0	2149
26522	15	1975	17	23	0	2030
26523	1853	57	15	28	0	1953
26524	59	57	24	1811	0	1951
26525	15	21	1835	61	0	1932
26526	8	13	1642	24	0	1687
26527	10	1602	36	18	0	1666
26528	1219	13	24	12	0	1268
26529	13	2	1198	6	0	1219
26530	1013	3	13	2	0	1031
26531	6	0	1	1033	0	1040
26532	0	0	0	1041	0	1041
26533	0	1033	0	4	0	1037
26534	0	1061	1	1	0	1063
26535	1074	4	0	1	0	1079
26536	1084	0	0	0	0	1084
26537	5	1094	0	1	0	1100
26538	0	4	1076	1	0	1081
26539	1	0	1086	1	0	1088
26540	1	1	5	1092	0	1099
26541	1126	1	1	4	0	1132
26542	5	1113	1	1	0	1120
26543	1	3	0	1163	0	1167
26544	1174	1	0	3	0	1178
26545	3	2	0	1180	0	1185
26546	0	0	0	1223	0	1223
26547	1223	0	0	4	0	1227
26548	4	1225	0	1	0	1230
26549	2	1290	0	0	0	1292
26550	0	3	1317	1	0	1321
26551	0	1	3	1347	0	1351
26552	0	0	1	1334	0	1335
26553	0	0	1385	4	0	1389
26554	1254	0	3	3	0	1260
26555	1326	0	3	0	0	1329
26556	4	0	1382	0	0	1386
26557	1226	2	3	2	0	1233
26558	4	0	1445	0	0	1449
26559	3	1521	3	1	0	1528
26560	2	3	2	1588	0	1595
26561	0	1	1	1623	0	1625
26562	1627	1	0	7	0	1635
26563	1621	0	0	2	0	1623
26564	1630	1	1	1	0	1633
26565	1634	0	0	1	0	1635
26566	1631	0	0	2	0	1633
26567	4	0	1607	1	0	1612
26568	1	1612	3	5	0	1621
26569	0	3	1	1643	0	1647
26570	1	1628	0	3	0	1632
26571	1	1646	0	0	0	1647
26572	0	4	0	1632	0	1636
26573	0	1	1	1637	0	1639
26574	0	0	1647	3	0	1650
26575	1553	0	2	3	0	1558
26576	1646	0	1	0	0	1647
26577	3	1631	0	0	0	1634
26578	1646	2	0	2	0	1650
26579	1688	0	0	2	0	1690
26580	3	1	0	1694	0	1698
26581	0	0	1749	3	0	1752
26582	1	0	1731	3	0	1735
26583	1764	1	2	0	0	1767
26584	1767	1	1	0	0	1769
26585	4	1756	1	0	0	1761
26586	1	1802	1	1	0	1805
26587	1	4	0	1849	0	1854
26588	1845	1	1	2	0	1849
26589	5	2	1877	1	0	1885
26590	2	0	3	1895	0	1900
26591	1949	1	2	6	0	1958
26592	1953	0	1	4	0	1958
26593	5	0	1	1989	0	1995
26594	1996	1	0	5	0	2002
26595	4	0	1950	4	0	1958
26596	2	0	2054	3	0	2059
26597	4	0	5	2044	0	2053
26598	1	2	2	2127	0	2132
26599	1	0	0	2123	0	2124
26600	1	2067	1	7	0	2076
26601	1	2132	1	4	0	2138
26602	1	4	1	2154	0	2160
26603	2171	2	0	5	0	2178
26604	3	1	0	2192	0	2196
26605	2	0	1	2178	0	2181
26606	2	2167	1	4	0	2174
26607	0	2240	2	3	0	2245
26608	0	5	0	2269	0	2274
26609	0	3	0	2179	0	2182
26610	2142	1	0	6	0	2149
26611	4	2125	0	3	0	2132
26612	2151	5	0	2	0	2158
26613	7	1	0	2170	0	2178
26614	5	2	2146	4	0	2157
26615	3	1	2114	4	0	2122
26616	2167	0	8	4	0	2179
26617	4	2	2	2262	0	2270
26618	2	1	1	2260	0	2264
26619	2	1	1	2270	0	2274
26620	2	1	2312	7	0	2322
26621	2	2	4	2357	0	2365
26622	1	2351	3	7	0	2362
26623	2	8	2	2428	0	2440
26624	2	2	1	2425	0	2430
26625	0	2478	1	13	0	2492
26626	0	10	2	2535	0	2547
26627	2502	2	1	13	0	2518
26628	16	2501	0	4	0	2521
26629	2600	15	0	7	0	2622
26630	2637	3	3	3	0	2646
26631	27	2	3	2612	0	2644
26632	7	1	3	2588	0	2599
26633	5	1	2	2629	0	2637
26634	3	2	2574	28	0	2607
26635	0	2495	21	13	0	2529
26636	1	2577	5	7	0	2590
26637	0	26	2	2549	0	2577
26638	2521	6	2	23	0	2552
26639	23	5	0	2495	0	2523
26640	6	5	2532	23	0	2566
26641	4	2486	19	13	0	2522
26642	5	2538	4	6	0	2553
26643	2528	23	3	7	0	2561
26644	2550	5	4	6	0	2565
26645	25	2721	1	2	0	2749
26646	2781	22	2	6	0	2811
26647	30	8	2739	2	0	2779
26648	7	3	2711	7	0	2728
26649	2759	2	29	5	0	2795
26650	2833	3	5	4	0	2845
26651	29	2	7	2812	0	2850
26652	2822	3	3	28	0	2856
26653	34	4	2833	5	0	2876
26654	10	6	2985	7	0	3008
26655	13	0	33	3225	0	3271
26656	4	2	8	3636	0	3650
26657	1	2	8	3783	0	3794
26658	4	1	9	3771	0	3785
26659	5	3	5	4102	0	4115
26660	4	4	4001	108	0	4117
26661	8	3	75	3981	0	4067
26662	4005	4	16	102	0	4127
26663	82	1	10	4027	0	4120
26664	4003	2	8	105	0	4118
26665	88	1	12	4020	0	4121
26666	4075	1	2	112	0	4190
26667	4203	2	2	42	0	4249
26668	96	1	10	4146	0	4253
26669	35	2	12	4222	0	4271
26670	4143	6	4	117	0	4270
26671	4186	2	8	44	0	4240
26672	113	1	4138	38	0	4290
26673	47	2	76	4174	0	4299
26674	31	1	20	4310	0	4362
26675	4254	2	12	112	0	4380
26676	4337	3	5	45	0	4390
26677	113	2	8	4306	0	4429
26678	40	2	5	4392	0	4439
26679	38	2	6	4357	0	4403
26680	30	2	10	4310	0	4352
26681	18	4062	12	142	0	4234
26682	13	4201	12	58	0	4284
26683	20	81	5	4187	0	4293
26684	24	4159	7	106	0	4296
26685	17	88	6	4237	0	4348
26686	18	24	4148	123	0	4313
26687	16	15	4068	57	0	4156
26688	10	4186	90	56	0	4342
26689	10	94	23	4178	0	4305
26690	8	31	4157	113	0	4309
26691	13	21	84	4120	0	4238
26692	14	17	24	4244	0	4299
26693	4126	20	18	138	0	4302
26694	93	15	20	4208	0	4336
26695	27	7	4240	122	0	4396
26696	27	9	4194	54	0	4284
26697	22	4152	95	43	0	4312
26698	22	4411	28	44	0	4505
26699	4431	97	26	47	0	4601
26700	107	23	4658	43	0	4831
26701	44	13	84	4662	0	4803
26702	4704	13	29	113	0	4859
26703	4722	8	22	57	0	4809
26704	112	4732	29	40	0	4913
26705	49	90	30	4701	0	4870
26706	36	26	17	4929	0	5008
26707	34	21	14	4886	0	4955
26708	4783	14	14	140	0	4951
26709	110	14	4749	62	0	4935
26710	45	4831	93	61	0	5030
26711	41	89	25	4836	0	4991
26712	32	34	19	4968	0	5053
26713	24	23	4886	146	0	5079
26714	19	20	86	4878	0	5003
26715	21	19	20	5001	0	5061
26716	20	10	23	4981	0	5034
26717	24	9	25	4960	0	5018
26718	20	16	4819	154	0	5009
26719	20	17	92	4842	0	4971
26720	16	12	4842	152	0	5022
26721	14	4792	101	90	0	4997
26722	14	81	34	4855	0	4984
26723	30	23	30	4962	0	5045
26724	23	12	4813	157	0	5005
26725	26	4711	98	88	0	4923
26726	33	88	31	4727	0	4879
26727	44	20	4730	123	0	4917
26728	27	4640	91	77	0	4835
26729	34	74	32	4682	0	4822
26730	24	32	4669	122	0	4847
26731	36	18	72	4661	0	4787
26732	38	18	31	4670	0	4757
26733	26	20	30	4811	0	4887
26734	4710	19	22	131	0	4882
26735	87	4679	24	65	0	4855
26736	4720	81	17	59	0	4877
26737	91	24	4702	59	0	4876
26738	4799	24	80	64	0	4967
26739	5052	12	26	75	0	5165
26740	93	19	25	4996	0	5133
26741	5048	13	14	143	0	5218
26742	5145	20	13	72	0	5250
26743	5226	16	14	58	0	5314
26744	105	23	17	5205	0	5350
26745	43	21	18	5063	0	5145
26746	36	19	4877	110	0	5042
26747	35	15	4685	61	0	4796
26748	4753	12	82	53	0	4900
26749	81	38	33	4839	0	4991
26750	32	4837	31	101	0	5001
26751	4878	65	32	45	0	5020
26752	79	4806	20	50	0	4955
26753	34	4807	19	56	0	4916
26754	38	69	4575	53	0	4735
26755	18	25	4489	33	0	4565
26756	21	98	71	4263	0	4453
26757	10	9	4462	35	0	4516
26758	13	9	4088	9	0	4119
26759	3898	3	10	6	0	3917
26760	4045	1	2	7	0	4055
26761	6	1	2	4102	0	4111
26762	6	1	1	4142	0	4150
26763	2	4	4244	4	0	4254
26764	0	4247	5	4	0	4256
26765	2	3	5	4236	0	4246
26766	4418	3	1	12	0	4434
26767	8	0	2	4418	0	4428
26768	1	4455	2	11	0	4469
26769	4	7	4429	6	0	4446
26770	2	4510	6	0	0	4518
26771	4574	9	3	6	0	4592
26772	4495	1	1	4	0	4501
26773	11	1	2	4495	0	4509
26774	4	4	4545	8	0	4561
26775	6	4	4337	3	0	4350
26776	3	4547	19	4	0	4573
26777	3	16	2	4389	0	4410
26778	1	7	2	4610	0	4620
26779	2	1	4594	17	0	4614
26780	2	1	16	4530	0	4549
26781	2	4707	5	23	0	4737
26782	1	16	2	4776	0	4795
26783	3	4	1	4788	0	4796
26784	2	1	4790	23	0	4816
26785	1	2	22	4687	0	4712
26786	4766	1	6	25	0	4798
26787	20	0	4839	6	0	4865
26788	9	1	4756	5	0	4771
26789	1	4917	33	3	0	4954
26790	1	25	14	5032	0	5072
26791	3	11	2	5229	0	5245
26792	1	1	5182	38	0	5222
26793	4961	0	32	19	0	5012
26794	28	1	16	5158	0	5203
26795	17	2	5090	30	0	5139
26796	2	4	29	4924	0	4959
26797	2	1	5067	33	0	5103
26798	5	4	4870	16	0	4895
26799	2	4931	42	6	0	4981
26800	1	30	17	4676	0	4724
26801	2	4777	4	32	0	4815
26802	4752	29	2	14	0	4797
26803	28	18	4763	4	0	4813
26804	15	4679	26	8	0	4728
26805	3	27	19	4679	0	4728
26806	4666	15	7	29	0	4717
26807	25	4678	4	23	0	4730
26808	16	30	3	4717	0	4766
26809	6	19	6	4721	0	4752
26810	1	4768	6	47	0	4822
26811	4849	33	7	24	0	4913
26812	31	20	6	5319	0	5376
26813	13	4	3	5600	0	5620
26814	3	6	5573	97	0	5679
26815	4	5810	73	43	0	5930
26816	6	77	35	5939	0	6057
26817	7	35	16	6398	0	6456
26818	2	6474	5	122	0	6603
26819	3	108	4	6562	0	6677
26820	2	47	7	6814	0	6870
26821	5	18	1	6871	0	6895
26822	0	6803	7	172	0	6982
26823	6823	106	5	69	0	7003
26824	114	48	6816	26	0	7004
26825	6679	15	111	15	0	6820
26826	114	6797	56	16	0	6983
26827	52	108	17	6774	0	6951
26828	16	51	6812	120	0	6999
26829	10	23	110	6824	0	6967
26830	8	14	54	6840	0	6916
26831	13	8	20	6970	0	7011
26832	9	20	6799	177	0	7005
26833	10	6716	113	91	0	6930
26834	8	103	6830	45	0	6986
26835	5	6885	131	33	0	7054
26836	4	128	7002	25	0	7159
26837	11	64	125	6945	0	7145
26838	6791	33	62	137	0	7023
26839	108	6875	22	79	0	7084
26840	43	131	6900	42	0	7116
26841	15	6867	116	43	0	7041
26842	11	134	6938	31	0	7114
26843	15	62	131	6717	0	6925
26844	24	27	63	6690	0	6804
26845	19	6728	33	160	0	6940
26846	11	6971	28	79	0	7089
26847	6978	172	17	47	0	7214
26848	129	90	29	7031	0	7279
26849	57	41	7059	158	0	7315
26850	26	22	134	7082	0	7264
26851	18	22	7102	177	0	7319
26852	12	28	7133	90	0	7263
26853	17	33	178	6902	0	7130
26854	11	7002	82	152	0	7247
26855	6872	144	41	88	0	7145
26856	125	75	41	6835	0	7076
26857	62	40	29	6745	0	6876
26858	26	6817	27	190	0	7060
26859	6761	150	25	97	0	7033
26860	6832	81	26	53	0	6992
26861	189	42	26	6599	0	6856
26862	77	6546	43	146	0	6812
26863	32	6875	29	97	0	7033
26864	6746	180	32	58	0	7016
26865	127	88	6722	47	0	6984
26866	6591	42	138	46	0	6817
26867	6633	34	79	49	0	6795
26868	6593	39	40	50	0	6722
26869	191	6461	29	54	0	6735
26870	83	132	36	6548	0	6799
26871	6545	71	40	146	0	6802
26872	6580	43	31	81	0	6735
26873	170	6523	40	58	0	6791
26874	6605	137	32	42	0	6816
26875	144	69	31	6625	0	6869
26876	71	46	26	6631	0	6774
26877	39	6544	29	184	0	6796
26878	30	135	27	6671	0	6863
26879	30	84	28	6700	0	6842
26880	39	6622	23	192	0	6876
26881	39	124	18	6412	0	6593
26882	26	6557	25	154	0	6762
26883	6558	157	22	85	0	6822
26884	6449	80	22	60	0	6611
26885	158	6431	32	50	0	6671
26886	82	117	6342	49	0	6590
26887	46	85	115	6283	0	6529
26888	47	47	6236	137	0	6467
26889	37	6048	132	84	0	6301
26890	36	6170	56	61	0	6323
26891	5887	149	33	36	0	6105
26892	124	5985	21	37	0	6167
26893	79	131	21	5841	0	6072
26894	56	5846	17	125	0	6044
26895	42	6004	18	64	0	6128
26896	5944	157	14	53	0	6168
26897	128	75	19	5883	0	6105
26898	68	45	5852	130	0	6095
26899	45	38	5778	75	0	5936
26900	28	5862	140	59	0	6089
26901	5833	124	52	50	0	6059
26902	122	5934	29	28	0	6113
26903	69	146	15	6036	0	6266
26904	6027	70	24	127	0	6248
26905	141	52	16	6087	0	6296
26906	55	39	23	6139	0	6256
26907	41	6084	19	173	0	6317
26908	45	133	26	6161	0	6365
26909	24	75	6196	153	0	6448
26910	6205	54	129	57	0	6445
26911	151	6306	44	54	0	6555
26912	36	6305	26	29	0	6396
26913	5998	122	19	24	0	6163
26914	119	44	6054	25	0	6242
26915	5832	43	98	25	0	5998
26916	105	6403	36	14	0	6558
26917	22	6768	13	19	0	6822
26918	17	140	6798	10	0	6965
26919	10	6874	128	13	0	7025
26920	20	153	56	6328	0	6557
26921	10	34	13	6408	0	6465
26922	7	6477	5	131	0	6620
26923	5	131	1	6529	0	6666
26924	6538	37	1	137	0	6713
26925	132	28	6484	28	0	6672
26926	6481	16	131	18	0	6646
26927	6677	12	37	16	0	6742
26928	6651	20	19	11	0	6701
26929	166	22	6534	18	0	6740
26930	44	21	132	6560	0	6757
26931	18	25	6577	144	0	6764
26932	6440	17	141	49	0	6647
26933	6462	16	35	34	0	6547
26934	151	6511	27	14	0	6703
26935	61	132	7	6506	0	6706
26936	40	6624	10	129	0	6803
26937	24	151	6649	25	0	6849
26938	21	48	149	6648	0	6866
26939	6575	19	42	152	0	6788
26940	6667	9	26	41	0	6743
26941	180	13	14	6389	0	6596
26942	56	6368	12	133	0	6569
26943	27	133	6456	45	0	6661
26944	22	45	6571	24	0	6662
26945	6337	26	175	26	0	6564
26946	155	23	6484	17	0	6679
26947	48	6377	156	26	0	6607
26948	31	150	37	6371	0	6589
26949	25	39	6429	148	0	6641
26950	23	27	149	6323	0	6522
26951	24	14	6354	160	0	6552
26952	6118	14	159	46	0	6337
26953	162	11	51	6146	0	6370
26954	52	6082	33	140	0	6307
26955	23	6271	32	50	0	6376
26956	18	184	26	6151	0	6379
26957	25	53	25	6166	0	6269
26958	21	6101	30	175	0	6327
26959	25	149	6093	57	0	6324
26960	23	46	154	6143	0	6366
26961	22	28	6193	160	0	6403
26962	24	25	6108	59	0	6216
26963	5801	20	181	47	0	6049
26964	159	5884	64	31	0	6138
26965	5900	162	30	30	0	6122
26966	164	60	22	5731	0	5977
26967	50	5882	26	147	0	6105
26968	27	161	32	5929	0	6149
26969	21	51	38	5956	0	6066
26970	26	5837	30	187	0	6080
26971	23	153	5843	66	0	6085
26972	30	60	153	5860	0	6103
26973	5843	46	60	164	0	6113
26974	163	20	51	5782	0	6016
26975	68	31	28	5827	0	5954
26976	46	40	5643	200	0	5929
26977	35	5621	157	82	0	5895
26978	36	167	50	5656	0	5909
26979	29	64	5608	172	0	5873
26980	23	53	5606	69	0	5751
26981	5429	28	191	71	0	5719
26982	157	5499	75	48	0	5779
26983	5466	160	46	50	0	5722
26984	157	5449	43	62	0	5711
26985	66	5586	41	47	0	5740
26986	5466	185	41	57	0	5749
26987	164	72	40	5360	0	5636
26988	68	5442	48	165	0	5723
26989	57	157	41	5526	0	5781
26990	5502	56	44	181	0	5783
26991	179	42	5493	80	0	5794
26992	70	43	5453	53	0	5619
26993	5386	37	188	37	0	5648
26994	168	5425	79	43	0	5715
26995	73	167	5405	37	0	5682
26996	55	5427	157	46	0	5685
26997	38	184	56	5376	0	5654
26998	39	75	5437	169	0	5720
26999	36	44	164	5381	0	5625
27000	27	42	5361	187	0	5617
27001	5139	29	178	85	0	5431
27002	161	5270	76	54	0	5561
27003	5189	161	45	41	0	5436
27004	164	66	48	5135	0	5413
27005	61	5477	48	129	0	5715
27006	5455	155	40	67	0	5717
27007	5306	68	53	55	0	5482
27008	168	56	5416	54	0	5694
27009	61	31	5356	47	0	5495
27010	4811	29	167	33	0	5040
27011	116	4862	69	49	0	5096
27012	48	4662	49	33	0	4792
27013	99	232	73	4338	0	4742
27014	29	64	4388	117	0	4598
27015	43	4109	109	54	0	4315
27016	28	3705	55	28	0	3816
27017	101	77	45	2710	0	2933
27018	2759	17	19	37	0	2832
27019	2781	8	9	18	0	2816
27020	2812	9	7	10	0	2838
27021	43	12	2796	7	0	2858
27022	2775	9	32	9	0	2825
27023	2812	8	14	9	0	2843
27024	2850	11	9	3	0	2873
27025	44	14	8	2771	0	2837
27026	20	2788	7	29	0	2844
27027	2781	27	5	19	0	2832
27028	35	2777	5	8	0	2825
27029	13	28	9	2735	0	2785
27030	11	11	2829	26	0	2877
27031	8	9	29	2821	0	2867
27032	5	7	15	2838	0	2865
27033	9	5	2841	37	0	2892
27034	3	2790	24	14	0	2831
27035	4	22	8	2645	0	2679
27036	2602	10	8	24	0	2644
27037	22	2555	3	12	0	2592
27038	2526	18	6	8	0	2558
27039	19	15	8	2484	0	2526
27040	15	2530	2	20	0	2567
27041	2530	19	3	9	0	2561
27042	20	2559	8	2	0	2589
27043	10	15	2488	3	0	2516
27044	2507	14	15	4	0	2540
27045	2573	7	7	2	0	2589
27046	26	2583	1	6	0	2616
27047	10	15	2529	3	0	2557
27048	3	2641	20	1	0	2665
27049	17	31	14	2014	0	2076
27050	2	12	2	2696	0	2712
27051	1	3	3	2718	0	2725
27052	3	2709	0	29	0	2741
27053	3	23	2	2729	0	2757
27054	3	10	1	2732	0	2746
27055	2693	6	3	30	0	2732
27056	26	2	0	2678	0	2706
27057	12	1	2	2725	0	2740
27058	2687	3	1	32	0	2723
27059	25	2716	0	10	0	2751
27060	2729	25	1	5	0	2760
27061	2723	9	1	4	0	2737
27062	2745	4	2	7	0	2758
27063	33	5	2	2732	0	2772
27064	15	5	2	2762	0	2784
27065	9	5	2695	37	0	2746
27066	10	2	2661	14	0	2687
27067	5	6	2661	7	0	2679
27068	2613	2	30	9	0	2654
27069	28	3	2657	6	0	2694
27070	11	2690	29	6	0	2736
27071	8	25	12	2676	0	2721
27072	8	14	3	2642	0	2667
27073	11	2717	5	32	0	2765
27074	10	29	2757	12	0	2808
27075	6	2783	28	8	0	2825
27076	2776	31	13	7	0	2827
27077	33	16	2788	8	0	2845
27078	17	2783	26	12	0	2838
27079	7	33	2796	3	0	2839
27080	7	9	26	2794	0	2836
27081	6	8	2817	29	0	2860
27082	12	4	31	2753	0	2800
27083	2818	9	14	32	0	2873
27084	32	6	2804	21	0	2863
27085	17	2824	27	10	0	2878
27086	2846	31	8	11	0	2896
27087	35	13	2878	13	0	2939
27088	11	7	2914	15	0	2947
27089	12	8	35	2886	0	2941
27090	8	6	2913	38	0	2965
27091	2815	4	30	17	0	2866
27092	31	2852	14	15	0	2912
27093	13	32	4	2899	0	2948
27094	12	3001	5	32	0	3050
27095	3041	36	5	16	0	3098
27096	32	18	3015	8	0	3073
27097	19	6	3097	12	0	3134
27098	11	11	41	3088	0	3151
27099	20	4	9	3137	0	3170
27100	6	14	12	3206	0	3238
27101	8	12	11	3201	0	3232
27102	7	6	3236	44	0	3293
27103	11	3199	36	19	0	3265
27104	7	31	17	3013	0	3068
27105	6	12	2870	30	0	2918
27106	4	2831	30	15	0	2880
27107	2822	26	15	11	0	2874
27108	32	10	9	2833	0	2884
27109	2798	8	4	30	0	2840
27110	24	2798	5	14	0	2841
27111	2809	23	10	9	0	2851
27112	24	16	2896	7	0	2943
27113	15	12	25	2807	0	2859
27114	10	2867	10	20	0	2907
27115	10	24	2841	7	0	2882
27116	5	2834	25	10	0	2874
27117	15	31	17	2215	0	2278
27118	2736	3	10	25	0	2774
27119	17	2719	12	13	0	2761
27120	2709	20	6	12	0	2747
27121	22	7	2707	7	0	2743
27122	10	8	2679	5	0	2702
27123	2675	7	26	2	0	2710
27124	24	4	11	2693	0	2732
27125	8	5	9	2702	0	2724
27126	8	3	2768	29	0	2808
27127	5	4	2735	10	0	2754
27128	4	2795	28	6	0	2833
27129	2748	23	11	12	0	2794
27130	2648	8	7	7	0	2670
27131	20	2625	5	6	0	2656
27132	8	21	5	2703	0	2737
27133	2753	6	5	19	0	2783
27134	17	4	7	2756	0	2784
27135	2801	5	3	23	0	2832
27136	2827	2	6	12	0	2847
27137	2897	5	4	13	0	2919
27138	26	4	4	2866	0	2900
27139	10	2	6	2956	0	2974
27140	2901	4	6	22	0	2933
27141	2907	4	4	12	0	2927
27142	2883	4	6	11	0	2904
27143	21	2848	7	6	0	2882
27144	2732	12	4	2	0	2750
27145	12	2717	4	6	0	2739
27146	2691	13	3	4	0	2711
27147	16	7	2687	2	0	2712
27148	2466	9	16	6	0	2497
27149	8	2490	3	3	0	2504
27150	5	2494	5	5	0	2509
27151	2547	8	3	6	0	2564
27152	9	1	0	2575	0	2585
27153	4	2	5	2639	0	2650
27154	4	2649	6	5	0	2664
27155	3	2841	5	4	0	2853
27156	2955	7	0	7	0	2969
27157	9	2	3066	6	0	3083
27158	3	4	7	3190	0	3204
27159	3252	3	1	14	0	3270
27160	18	3	3248	2	0	3271
27161	4	3511	16	5	0	3536
27162	3710	29	1	4	0	3744
27163	45	5	3823	2	0	3875
27164	7	5	42	4019	0	4073
27165	7	4	4115	50	0	4176
27166	4004	0	50	7	0	4061
27167	49	4126	5	58	0	4238
27168	4199	52	5	5	0	4261
27169	4216	1	4	1	0	4222
27170	56	4	3	4165	0	4228
27171	4224	7	2	54	0	4287
27172	58	3	1	4237	0	4299
27173	6	2	1	4285	0	4294
27174	9	2	4182	56	0	4249
27175	3	4186	50	8	0	4247
27176	6	49	2	4236	0	4293
27177	5	3	3	4247	0	4258
27178	5	5	3	4236	0	4249
27179	5	3	4188	56	0	4252
27180	3	4182	51	13	0	4249
27181	3	44	4	4239	0	4290
27182	1	4	4	4275	0	4284
27183	2	4	4207	54	0	4267
27184	8	3	48	4135	0	4194
27185	4171	1	3	56	0	4231
27186	48	4197	6	8	0	4259
27187	4151	48	4	9	0	4212
27188	56	4	4154	8	0	4222
27189	9	8	46	4159	0	4222
27190	4224	3	4	49	0	4280
27191	4248	4	5	4	0	4261
27192	54	4	4231	5	0	4294
27193	12	4	47	4228	0	4291
27194	10	0	4196	51	0	4257
27195	4089	2	48	8	0	4147
27196	52	4169	5	8	0	4234
27197	4249	53	5	6	0	4313
27198	4269	5	6	2	0	4282
27199	62	4241	4	8	0	4315
27200	4303	56	7	3	0	4369
27201	66	4	4292	9	0	4371
27202	4240	7	54	4	0	4305
27203	69	4	9	4269	0	4351
27204	14	11	4387	55	0	4467
27205	14	4	60	4359	0	4437
27206	15	3	10	4314	0	4342
27207	11	3	10	4386	0	4410
27208	9	4369	9	64	0	4451
27209	4392	59	8	17	0	4476
27210	64	10	5	4385	0	4464
27211	16	4355	6	65	0	4442
27212	11	58	7	4257	0	4333
27213	11	4288	5	77	0	4381
27214	12	64	4305	16	0	4397
27215	14	9	58	4301	0	4382
27216	13	9	12	4400	0	4434
27217	6	11	4339	75	0	4431
27218	4109	6	59	27	0	4201
27219	60	4312	8	27	0	4407
27220	14	63	11	4352	0	4440
27221	12	9	11	4315	0	4347
27222	13	8	7	4308	0	4336
27223	7	4287	9	78	0	4381
27224	4285	59	6	28	0	4378
27225	65	8	4287	27	0	4387
27226	12	11	4192	19	0	4234
27227	15	10	65	4194	0	4284
27228	16	10	13	4269	0	4308
27229	4221	9	13	76	0	4319
27230	66	4197	11	27	0	4301
27231	16	55	15	4253	0	4339
27232	4189	11	9	70	0	4279
27233	70	19	11	4127	0	4227
27234	4141	7	7	80	0	4235
27235	71	4	4029	24	0	4128
27236	14	4105	63	27	0	4209
27237	4107	63	8	16	0	4194
27238	75	12	4111	8	0	4206
27239	4013	11	62	12	0	4098
27240	77	11	4014	18	0	4120
27241	4043	4	67	16	0	4130
27242	76	8	12	4082	0	4178
27243	4104	14	11	68	0	4197
27244	77	4	13	4092	0	4186
27245	16	7	12	4136	0	4171
27246	4091	4	13	76	0	4184
27247	71	4114	12	23	0	4220
27248	18	65	8	4179	0	4270
27249	4256	12	6	77	0	4351
27250	4393	15	4	19	0	4431
27251	70	10	10	4385	0	4475
27252	24	7	5	4479	0	4515
27253	4511	8	8	88	0	4615
27254	91	8	9	4576	0	4684
27255	19	10	7	4523	0	4559
27256	4382	5	6	93	0	4486
27257	82	4	9	4240	0	4335
27258	11	6	4016	78	0	4111
27259	3919	3	63	22	0	4007
27260	69	11	4004	14	0	4098
27261	14	7	3746	9	0	3776
27262	3489	29	75	10	0	3603
27263	47	3472	13	5	0	3537
27264	11	38	11	3301	0	3361
27265	4	3	6	3327	0	3340
27266	3	0	2	3504	0	3509
27267	2	2	1	3578	0	3583
27268	3508	1	1	50	0	3560
27269	3813	0	2	8	0	3823
27270	3953	0	1	5	0	3959
27271	59	0	4208	3	0	4270
27272	13	1	68	4406	0	4488
27273	5	2	14	4511	0	4532
27274	3	0	6	4449	0	4458
27275	4	4281	4	102	0	4391
27276	2	4431	2	26	0	4461
27277	4527	94	0	12	0	4633
27278	84	21	1	4544	0	4650
27279	20	9	2	4837	0	4868
27280	11	5	2	4925	0	4943
27281	6	4	4788	131	0	4929
27282	5	0	4747	36	0	4788
27283	4728	1	116	18	0	4863
27284	4918	2	30	10	0	4960
27285	121	2	9	4810	0	4942
27286	30	4856	6	101	0	4993
27287	16	98	6	4876	0	4996
27288	14	22	3	4932	0	4971
27289	12	11	4785	125	0	4933
27290	4844	3	99	38	0	4984
27291	109	5	24	5018	0	5156
27292	25	0	11	5021	0	5057
27293	4867	2	6	146	0	5021
27294	106	4997	9	45	0	5157
27295	5094	114	5	18	0	5231
27296	134	27	2	5013	0	5176
27297	35	4917	2	119	0	5073
27298	4989	108	7	42	0	5146
27299	111	33	5	4979	0	5128
27300	4922	14	3	129	0	5068
27301	4892	7	5	46	0	4950
27302	4917	10	4	27	0	4958
27303	155	4747	7	15	0	4924
27304	45	4727	6	24	0	4802
27305	32	126	3	4633	0	4794
27306	18	4701	8	125	0	4852
27307	4759	124	5	42	0	4930
27308	121	35	10	4762	0	4928
27309	4758	20	5	128	0	4911
27310	4859	7	9	50	0	4925
27311	154	13	7	4742	0	4916
27312	65	7	2	4933	0	5007
27313	4846	10	10	165	0	5031
27314	4945	6	9	60	0	5020
27315	5041	13	6	40	0	5100
27316	5084	11	3	35	0	5133
27317	5147	12	5	40	0	5204
27318	173	16	4	5006	0	5199
27319	68	8	3	5105	0	5184
27320	48	8	3	5143	0	5202
27321	5001	14	9	175	0	5199
27322	144	13	5	4971	0	5133
27323	44	4916	8	160	0	5128
27324	29	121	11	5022	0	5183
27325	4941	36	5	151	0	5133
27326	4996	19	4	53	0	5072
27327	176	11	4850	41	0	5078
27328	72	19	115	4790	0	4996
27329	36	4887	23	145	0	5091
27330	4949	116	19	58	0	5142
27331	151	4973	12	43	0	5179
27332	58	127	14	5051	0	5250
27333	5082	36	4	155	0	5277
27334	5160	25	10	57	0	5252
27335	177	5070	4	43	0	5294
27336	74	132	3	5051	0	5260
27337	51	35	5008	150	0	5244
27338	4914	21	119	69	0	5123
27339	158	21	4999	37	0	5215
27340	5021	16	129	37	0	5203
27341	5157	15	32	43	0	5247
27342	175	17	17	5081	0	5290
27343	5143	16	5	152	0	5316
27344	5254	15	13	65	0	5347
27345	5287	31	7	42	0	5367
27346	202	21	6	5137	0	5366
27347	5116	20	7	163	0	5306
27348	170	15	10	5090	0	5285
27349	71	19	8	5086	0	5184
27350	58	4928	9	175	0	5170
27351	50	117	19	4844	0	5030
27352	58	4775	18	120	0	4971
27353	4700	110	5	55	0	4870
27354	4678	38	3	54	0	4773
27355	155	28	7	4568	0	4758
27356	70	25	4	4619	0	4718
27357	4538	17	7	154	0	4716
27358	153	7	4427	66	0	4653
27359	4507	8	105	40	0	4660
27360	154	14	30	4437	0	4635
27361	65	7	4246	140	0	4458
27362	4256	15	89	60	0	4420
27363	4405	15	34	34	0	4488
27364	155	18	4268	33	0	4474
27365	4247	11	93	39	0	4390
27366	133	12	4123	35	0	4303
27367	66	4101	86	36	0	4289
27368	4086	86	62	40	0	4274
27369	4007	25	32	37	0	4101
27370	135	3796	7	22	0	3960
27371	44	3526	19	17	0	3606
27372	3291	55	36	15	0	3397
27373	3297	12	8	14	0	3331
27374	75	10	3	3318	0	3406
27375	30	8	3230	55	0	3323
27376	19	9	3140	22	0	3190
27377	3187	10	54	10	0	3261
27378	63	6	3212	17	0	3298
27379	2986	30	61	15	0	3092
27380	48	6	12	2958	0	3024
27381	20	6	6	2968	0	3000
27382	12	1	3015	40	0	3068
27383	3018	2	33	16	0	3069
27384	43	1	7	3047	0	3098
27385	12	7	9	3305	0	3333
27386	3254	0	3	41	0	3298
27387	3262	2	4	19	0	3287
27388	3278	3	3	10	0	3294
27389	41	3297	7	9	0	3354
27390	22	18	3147	6	0	3193
27391	3082	7	22	6	0	3117
27392	3126	1	3	8	0	3138
27393	29	3070	7	3	0	3109
27394	2938	16	12	7	0	2973
27395	23	4	2	2919	0	2948
27396	5	2	2999	17	0	3023
27397	2954	2	16	3	0	2975
27398	3008	2	4	8	0	3022
27399	3027	1	2	4	0	3034
27400	3028	3	1	7	0	3039
27401	19	1	4	3021	0	3045
27402	9	3	0	3012	0	3024
27403	3032	1	3	19	0	3055
27404	22	3	2	3022	0	3049
27405	9	0	0	3013	0	3022
27406	5	2958	2	15	0	2980
27407	6	14	3	2996	0	3019
27408	8	2	2	3014	0	3026
27409	7	2	3	3022	0	3034
27410	6	3	2	3032	0	3043
27411	6	2996	2	18	0	3022
27412	3	12	0	2961	0	2976
27413	5	7	1	2879	0	2892
27414	2	2	2857	16	0	2877
27415	5	1	2734	6	0	2746
27416	3	2806	12	4	0	2825
27417	3183	11	6	3	0	3203
27418	24	3269	2	1	0	3296
27419	3	30	2	3470	0	3505
27420	7	4	3659	32	0	3702
27421	3889	7	37	13	0	3946
27422	41	1	8	4031	0	4081
27423	3995	2	8	41	0	4046
27424	4066	1	1	9	0	4077
27425	44	4044	1	10	0	4099
27426	4057	38	1	4	0	4100
27427	48	4170	1	2	0	4221
27428	13	58	1	4255	0	4327
27429	9	4275	2	47	0	4333
27430	5	49	4258	11	0	4323
27431	2	4291	38	11	0	4342
27432	6	60	9	4199	0	4274
27433	4279	15	9	44	0	4347
27434	49	4331	4	13	0	4397
27435	9	53	0	4358	0	4420
27436	13	9	2	4432	0	4456
27437	4	14	4404	60	0	4482
27438	4	5	56	4397	0	4462
27439	6	4	4402	69	0	4481
27440	4302	4	66	19	0	4391
27441	61	2	4479	13	0	4555
27442	13	4491	65	11	0	4580
27443	16	56	16	4448	0	4536
27444	13	13	9	4482	0	4517
27445	7	11	6	4483	0	4507
27446	4474	7	2	82	0	4565
27447	65	7	6	4407	0	4485
27448	15	4423	4	73	0	4515
27449	4358	60	4	22	0	4444
27450	66	4317	2	16	0	4401
27451	18	75	3	4323	0	4419
27452	4303	19	4	70	0	4396
27453	64	4244	4	21	0	4333
27454	14	4388	4	20	0	4426
27455	4355	73	2	14	0	4444
27456	4416	22	1	16	0	4455
27457	74	19	4360	12	0	4465
27458	4450	10	63	7	0	4530
27459	77	9	4548	15	0	4649
27460	20	10	77	4581	0	4688
27461	24	4	4586	78	0	4692
27462	12	11	86	4579	0	4688
27463	10	9	4571	94	0	4684
27464	13	7	84	4504	0	4608
27465	12	8	21	4622	0	4663
27466	4511	8	13	101	0	4633
27467	82	6	4462	36	0	4586
27468	4353	5	73	28	0	4459
27469	87	9	4415	14	0	4525
27470	22	10	4428	14	0	4474
27471	18	15	83	4364	0	4480
27472	4386	8	30	78	0	4502
27473	73	4392	22	27	0	4514
27474	4348	73	9	25	0	4455
27475	4377	14	12	13	0	4416
27476	90	4324	9	8	0	4431
27477	4325	76	12	15	0	4428
27478	99	20	4366	9	0	4494
27479	26	14	80	4364	0	4484
27480	4384	7	21	84	0	4496
27481	84	4392	21	22	0	4519
27482	23	77	15	4325	0	4440
27483	21	18	12	4354	0	4405
27484	17	15	15	4397	0	4444
27485	11	13	11	4408	0	4443
27486	4321	9	11	105	0	4446
27487	4373	5	13	46	0	4437
27488	4366	6	9	38	0	4419
27489	4258	11	9	27	0	4305
27490	100	11	4236	16	0	4363
27491	4225	7	75	17	0	4324
27492	4333	9	24	22	0	4388
27493	99	4245	16	21	0	4381
27494	38	4312	11	23	0	4384
27495	40	81	10	4232	0	4363
27496	29	31	11	4228	0	4299
27497	27	18	4170	94	0	4309
27498	26	4195	80	34	0	4335
27499	14	80	23	4113	0	4230
27500	25	4190	20	79	0	4314
27501	19	229	14	4136	0	4398
27502	12	22	14	4325	0	4373
27503	20	4394	12	93	0	4519
27504	16	89	7	4440	0	4552
27505	16	18	4471	111	0	4616
27506	16	17	4503	39	0	4575
27507	4449	12	93	36	0	4590
27508	4580	10	33	29	0	4652
27509	107	4502	20	16	0	4645
27510	4522	81	11	17	0	4631
27511	107	23	16	4505	0	4651
27512	4493	22	11	93	0	4619
27513	103	4489	16	33	0	4641
27514	53	81	4435	29	0	4598
27515	4382	22	100	21	0	4525
27516	109	26	4514	16	0	4665
27517	31	12	4082	17	0	4142
27518	29	10	4033	14	0	4086
27519	15	3871	76	14	0	3976
27520	3568	98	92	25	0	3783
27521	3451	22	19	15	0	3507
27522	59	13	6	3364	0	3442
27523	19	13	9	3356	0	3397
27524	18	3424	8	60	0	3510
27525	3457	48	8	26	0	3539
27526	58	3483	8	11	0	3560
27527	17	3387	6	8	0	3418
27528	3269	53	15	15	0	3352
27529	58	15	10	3231	0	3314
27530	22	7	7	3263	0	3299
27531	14	6	5	3276	0	3301
27532	8	3232	6	60	0	3306
27533	3142	50	3	14	0	3209
27534	50	17	8	3099	0	3174
27535	16	2983	4	45	0	3048
27536	6	2977	6	14	0	3003
27537	11	42	5	2866	0	2924
27538	9	2905	5	34	0	2953
27539	9	41	5	2892	0	2947
27540	2848	7	8	45	0	2908
27541	33	14	2759	7	0	2813
27542	8	2794	31	10	0	2843
27543	15	34	12	2822	0	2883
27544	5	12	2929	33	0	2979
27545	2855	7	33	17	0	2912
27546	45	16	9	2920	0	2990
27547	2916	4	9	38	0	2967
27548	2943	6	1	13	0	2963
27549	44	2999	4	11	0	3058
27550	3058	35	5	6	0	3104
27551	3083	11	4	8	0	3106
27552	3069	8	9	8	0	3094
27553	49	4	3	2991	0	3047
27554	18	7	1	2984	0	3010
27555	10	8	4	3011	0	3033
27556	10	7	2951	52	0	3020
27557	6	2918	34	21	0	2979
27558	2847	29	9	10	0	2895
27559	30	2773	4	6	0	2813
27560	8	25	0	2753	0	2786
27561	7	6	2717	26	0	2756
27562	2566	7	24	14	0	2611
27563	27	2736	6	2	0	2771
27564	11	23	2	2721	0	2757
27565	5	9	0	2713	0	2727
27566	8	4	2679	29	0	2720
27567	8	2665	24	9	0	2706
27568	2	26	5	2698	0	2731
27569	4	6	4	2707	0	2721
27570	4	4	2	2638	0	2648
27571	2600	3	4	32	0	2639
27572	25	3	2580	11	0	2619
27573	10	2550	20	10	0	2590
27574	2526	23	7	6	0	2562
27575	23	2566	5	3	0	2597
27576	10	30	0	2537	0	2577
27577	7	2577	2	16	0	2602
27578	2500	26	2	10	0	2538
27579	2542	7	1	6	0	2556
27580	29	4	4	2637	0	2674
27581	11	4	1	2632	0	2648
27582	3	4	0	2800	0	2807
27583	3	2	2841	36	0	2882
27584	3	2980	30	15	0	3028
27585	3	37	9	3379	0	3428
27586	1	11	4	3474	0	3490
27587	2	6	1	3530	0	3539
27588	3	3	2	3535	0	3543
27589	5	5	3480	72	0	3562
27590	5	3716	53	25	0	3799
27591	2	57	18	3905	0	3982
27592	7	20	5	4183	0	4215
27593	3	14	4131	86	0	4234
27594	1	8	66	4037	0	4112
27595	2	4015	26	86	0	4129
27596	5	4154	8	42	0	4209
27597	5	85	6	4091	0	4187
27598	3	32	3981	81	0	4097
27599	3791	13	66	45	0	3915
27600	61	3982	27	22	0	4092
27601	28	67	3881	18	0	3994
27602	8	35	3901	16	0	3960
27603	7	3876	89	15	0	3987
27604	8	69	3927	15	0	4019
27605	13	65	77	3803	0	3958
27606	3796	13	29	72	0	3910
27607	3845	17	17	32	0	3911
27608	3867	12	14	15	0	3908
27609	3980	15	13	13	0	4021
27610	89	4023	13	13	0	4138
27611	4067	63	9	18	0	4157
27612	69	4134	15	14	0	4232
27613	37	67	4094	14	0	4212
27614	16	36	65	4023	0	4140
27615	17	4157	31	56	0	4261
27616	11	76	14	4050	0	4151
27617	3980	32	17	79	0	4108
27618	75	13	16	3947	0	4051
27619	37	4049	6	79	0	4171
27620	4066	70	10	38	0	4184
27621	79	31	4057	17	0	4184
27622	36	24	64	4052	0	4176
27623	19	16	31	4151	0	4217
27624	3962	19	13	99	0	4093
27625	71	3931	14	42	0	4058
27626	33	67	3891	27	0	4018
27627	17	33	67	3907	0	4024
27628	17	17	3951	78	0	4063
27629	13	3863	70	39	0	3985
27630	11	3955	33	36	0	4035
27631	3902	79	17	29	0	4027
27632	68	36	3904	27	0	4035
27633	3962	19	76	25	0	4082
27634	75	28	29	3906	0	4038
27635	33	3982	14	73	0	4102
27636	3985	68	19	41	0	4113
27637	77	33	4027	25	0	4162
27638	38	20	69	4000	0	4127
27639	17	26	31	4048	0	4122
27640	21	23	29	4006	0	4079
27641	16	3965	21	95	0	4097
27642	3867	76	20	47	0	4010
27643	76	3837	14	41	0	3968
27644	30	3858	12	27	0	3927
27645	30	90	14	3822	0	3956
27646	3830	34	19	68	0	3951
27647	3789	30	13	31	0	3863
27648	3794	24	10	26	0	3854
27649	87	3663	12	30	0	3792
27650	50	67	9	3678	0	3804
27651	28	37	3666	64	0	3795
27652	30	18	62	3670	0	3780
27653	22	24	29	3632	0	3707
27654	17	3663	16	95	0	3791
27655	3700	76	14	50	0	3840
27656	78	35	10	3664	0	3787
27657	34	3704	15	81	0	3834
27658	3726	78	16	34	0	3854
27659	79	34	3693	31	0	3837
27660	3674	22	68	30	0	3794
27661	78	3748	27	32	0	3885
27662	3796	67	16	23	0	3902
27663	3796	44	16	16	0	3872
27664	96	28	3753	21	0	3898
27665	3763	21	71	21	0	3876
27666	82	15	3885	27	0	4009
27667	49	19	3908	18	0	3994
27668	3875	22	82	17	0	3996
27669	3932	25	37	13	0	4007
27670	95	18	3955	15	0	4083
27671	43	15	82	3908	0	4048
27672	41	11	30	3942	0	4024
27673	30	4051	23	85	0	4189
27674	3971	71	16	40	0	4098
27675	4110	34	11	21	0	4176
27676	94	17	4071	17	0	4199
27677	4104	22	55	21	0	4202
27678	4214	10	38	22	0	4284
27679	100	4145	19	23	0	4287
27680	53	68	20	4076	0	4217
27681	45	35	13	4030	0	4123
27682	36	19	17	3969	0	4041
27683	3802	18	14	79	0	3913
27684	54	3634	12	42	0	3742
27685	32	54	4	3232	0	3322
27686	16	3200	8	36	0	3260
27687	11	119	7	3017	0	3154
27688	17	3069	2	33	0	3121
27689	11	3113	8	21	0	3153
27690	2773	50	29	21	0	2873
27691	2743	15	23	20	0	2801
27692	20	4	5	2627	0	2656
27693	8	1	4	2633	0	2646
27694	8	2	2	2652	0	2664
27695	7	1	3	2649	0	2660
27696	2	2	2	2609	0	2615
27697	4	2610	2	24	0	2640
27698	4	17	1	2654	0	2676
27699	2	2	4	2678	0	2686
27700	2633	2	1	21	0	2657
27701	18	3	2	2625	0	2648
27702	7	4	0	2599	0	2610
27703	3	1	2611	21	0	2636
27704	4	3	20	2538	0	2565
27705	4	7	5	2625	0	2641
27706	5	4	2669	23	0	2701
27707	4	2729	19	6	0	2758
27708	4	16	2766	7	0	2793
27709	0	4	2724	6	0	2734
27710	1	2646	19	4	0	2670
27711	2669	14	11	3	0	2697
27712	2645	2	1	0	0	2648
27713	14	2	0	2611	0	2627
27714	2656	0	0	16	0	2672
27715	17	2	2737	2	0	2758
27716	1	0	18	2777	0	2796
27717	1	1	2979	20	0	3001
27718	0	2	20	2993	0	3015
27719	3	0	3	2993	0	2999
27720	2	1	1	3017	0	3021
27721	3001	1	2	25	0	3029
27722	22	1	1	3010	0	3034
27723	3000	0	1	25	0	3026
27724	3032	1	1	8	0	3042
27725	21	3027	2	7	0	3057
27726	3046	24	2	5	0	3077
27727	22	3118	1	6	0	3147
27728	5	25	1	3100	0	3131
27729	7	3	2	3143	0	3155
27730	4	3	2	3169	0	3178
27731	4	3	3124	31	0	3162
27732	3	3084	27	9	0	3123
27733	3	26	2	3007	0	3038
27734	4	3	4	3019	0	3030
27735	4	3087	4	25	0	3120
27736	3097	26	2	8	0	3133
27737	26	3016	4	10	0	3056
27738	3018	27	3	6	0	3054
27739	26	3055	3	8	0	3092
27740	10	27	3	3025	0	3065
27741	7	3102	0	30	0	3139
27742	3157	28	0	11	0	3196
27743	3199	5	1	8	0	3213
27744	3203	6	4	10	0	3223
27745	3191	5	2	9	0	3207
27746	30	4	3217	4	0	3255
27747	3221	5	21	13	0	3260
27748	3307	2	5	16	0	3330
27749	3306	5	3	11	0	3325
27750	29	5	3268	8	0	3310
27751	3224	3	20	11	0	3258
27752	31	3314	2	11	0	3358
27753	3341	23	3	12	0	3379
27754	28	7	3537	9	0	3581
27755	3506	6	23	13	0	3548
27756	3564	10	0	10	0	3584
27757	32	4	2	3556	0	3594
27758	7	6	3528	31	0	3572
27759	3522	1	23	21	0	3567
27760	29	4	5	3610	0	3648
27761	9	2	7	3666	0	3684
27762	9	4	3691	30	0	3734
27763	3565	2	28	7	0	3602
27764	3697	3	6	11	0	3717
27765	22	3700	6	12	0	3740
27766	12	24	7	3685	0	3728
27767	13	4	5	3690	0	3712
27768	9	6	6	3657	0	3678
27769	10	3701	5	30	0	3746
27770	3704	30	3	6	0	3743
27771	32	2	2	3697	0	3733
27772	10	5	5	3706	0	3726
27773	3610	3	4	33	0	3650
27774	3591	0	2	13	0	3606
27775	28	0	7	3661	0	3696
27776	11	5	3	3623	0	3642
27777	9	1	3512	31	0	3553
27778	3433	2	20	12	0	3467
27779	29	3552	2	18	0	3601
27780	9	29	3	3749	0	3790
27781	16	2	6	3856	0	3880
27782	11	4042	2	37	0	4092
27783	7	42	1	4132	0	4182
27784	4446	11	2	52	0	4511
27785	63	6	4	5043	0	5116
27786	15	5	2	5218	0	5240
27787	15	7	1	5322	0	5345
27788	10	6	5231	128	0	5375
27789	9	3	75	5256	0	5343
27790	8	3	5208	122	0	5341
27791	7	5090	97	54	0	5248
27792	11	78	41	5114	0	5244
27793	4	26	21	5184	0	5235
27794	1	20	12	5261	0	5294
27795	6	11	10	5252	0	5279
27796	4	8	12	5327	0	5351
27797	5128	8	5	151	0	5292
27798	79	5	5140	75	0	5299
27799	29	5011	76	49	0	5165
27800	21	5307	25	36	0	5389
27801	15	98	20	5292	0	5425
27802	13	40	8	5385	0	5446
27803	7	25	7	5331	0	5370
27804	7	5260	10	125	0	5402
27805	10	81	5	5294	0	5390
27806	2	34	5189	114	0	5339
27807	4	5099	74	52	0	5229
27808	3	87	28	5126	0	5244
27809	5061	31	22	111	0	5225
27810	81	23	9	5076	0	5189
27811	29	18	8	5077	0	5132
27812	24	4889	9	125	0	5047
27813	14	5157	4	74	0	5249
27814	17	93	9	5149	0	5268
27815	9	48	3	5129	0	5189
27816	10	26	5050	121	0	5207
27817	9	14	67	4915	0	5005
27818	6	10	30	5016	0	5062
27819	6	10	24	5016	0	5056
27820	2	12	17	5045	0	5076
27821	4873	7	13	158	0	5051
27822	4971	6	16	82	0	5075
27823	97	8	11	5009	0	5125
27824	50	8	13	5169	0	5240
27825	5076	7	4	152	0	5239
27826	89	6	5	5255	0	5355
27827	45	4	5238	153	0	5440
27828	31	5244	81	94	0	5450
27829	26	79	43	5357	0	5505
27830	16	42	28	5457	0	5543
27831	5394	36	16	149	0	5595
27832	84	22	13	5523	0	5642
27833	40	22	11	5631	0	5704
27834	5589	14	11	173	0	5787
27835	87	13	7	5632	0	5739
27836	42	5600	9	158	0	5809
27837	32	91	10	5858	0	5991
27838	20	48	17	6055	0	6140
27839	23	39	10	6039	0	6111
27840	18	22	13	6114	0	6167
27841	15	21	5881	199	0	6116
27842	16	20	5837	120	0	5993
27843	7	24	115	5924	0	6070
27844	4	26	64	5860	0	5954
27845	6	5836	40	184	0	6066
27846	3	97	25	5750	0	5875
27847	13	5768	20	157	0	5958
27848	5719	106	23	103	0	5951
27849	99	5885	21	84	0	6089
27850	40	118	14	5999	0	6171
27851	32	64	6	6128	0	6230
27852	24	49	5919	178	0	6170
27853	5729	30	90	123	0	5972
27854	5744	26	47	88	0	5905
27855	133	5716	30	71	0	5950
27856	72	97	25	5679	0	5873
27857	39	48	5837	144	0	6068
27858	21	5919	97	99	0	6136
27859	5855	106	49	79	0	6089
27860	5892	52	35	62	0	6041
27861	156	35	5659	64	0	5914
27862	5698	26	95	63	0	5882
27863	132	30	38	5718	0	5918
27864	74	5704	27	153	0	5958
27865	5710	102	19	87	0	5918
27866	116	58	25	5693	0	5892
27867	5702	40	15	152	0	5909
27868	5920	27	14	92	0	6053
27869	146	21	12	5822	0	6001
27870	80	12	5808	160	0	6060
27871	5892	25	90	99	0	6106
27872	6028	21	42	82	0	6173
27873	6053	14	35	73	0	6175
27874	169	6064	21	63	0	6317
27875	86	105	18	6049	0	6258
27876	54	51	14	6279	0	6398
27877	37	39	6176	171	0	6423
27878	28	34	92	6055	0	6209
27879	22	6037	43	165	0	6267
27880	5840	90	32	92	0	6054
27881	102	5796	23	74	0	5995
27882	46	103	5633	60	0	5842
27883	35	5641	87	73	0	5836
27884	22	5541	48	43	0	5654
27885	64	47	73	4773	0	4957
27886	4755	22	25	38	0	4840
27887	4735	6	6	24	0	4771
27888	4707	10	4	9	0	4730
27889	49	4714	3	15	0	4781
27890	15	33	4701	12	0	4761
27891	4685	18	36	12	0	4751
27892	4786	6	16	10	0	4818
27893	50	4732	5	14	0	4801
27894	4823	34	5	9	0	4871
27895	41	22	2	4828	0	4893
27896	23	10	5004	37	0	5074
27897	5020	7	39	24	0	5090
27898	5024	8	20	12	0	5064
27899	5194	5	6	10	0	5215
27900	67	8	4	5099	0	5178
27901	25	7	6	5264	0	5302
27902	13	6	3	5516	0	5538
27903	13	5514	4	90	0	5621
27904	20	72	9	5646	0	5747
27905	10	29	2	6276	0	6317
27906	14	8	6271	116	0	6409
27907	10	10	94	6289	0	6403
27908	16	6	25	6408	0	6455
27909	9	10	8	6429	0	6456
27910	9	6	8	6374	0	6397
27911	14	6300	11	132	0	6457
27912	13	95	9	6327	0	6444
27913	13	29	4	6335	0	6381
27914	6237	13	8	144	0	6402
27915	101	10	6176	59	0	6346
27916	31	11	6058	41	0	6141
27917	5943	9	119	36	0	6107
27918	6101	9	96	30	0	6236
27919	129	14	15	5839	0	5997
27920	46	6060	15	100	0	6221
27921	6095	93	15	44	0	6247
27922	110	34	16	6005	0	6165
27923	49	6081	13	104	0	6247
27924	6015	84	16	49	0	6164
27925	96	6030	10	36	0	6172
27926	5951	99	8	21	0	6079
27927	5801	32	4	19	0	5856
27928	117	5630	9	29	0	5785
27929	44	95	7	5592	0	5738
27930	25	32	5587	98	0	5742
27931	19	34	91	5503	0	5647
27932	5508	15	19	110	0	5652
27933	106	16	5404	36	0	5562
27934	37	5339	82	33	0	5491
27935	27	111	25	5320	0	5483
27936	20	27	5249	100	0	5396
27937	13	5157	85	40	0	5295
27938	5074	81	39	28	0	5222
27939	95	29	23	5081	0	5228
27940	26	17	10	5136	0	5189
27941	22	10	15	5076	0	5123
27942	14	5003	15	103	0	5135
27943	5030	85	10	46	0	5171
27944	89	4922	12	38	0	5061
27945	27	5096	11	28	0	5162
27946	5064	104	4	23	0	5195
27947	5111	35	4	31	0	5181
27948	110	20	4964	24	0	5118
27949	4877	23	79	25	0	5004
27950	4884	23	22	15	0	4944
27951	112	17	13	4790	0	4932
27952	49	12	4763	87	0	4911
27953	27	15	82	4779	0	4903
27954	4835	13	22	97	0	4967
27955	106	10	4901	32	0	5049
27956	38	9	91	5238	0	5376
27957	22	14	34	5678	0	5748
27958	24	13	14	6056	0	6107
27959	6032	14	9	187	0	6242
27960	139	6120	26	60	0	6345
27961	6176	146	15	36	0	6373
27962	173	32	6213	37	0	6455
27963	50	17	143	6105	0	6315
27964	22	6246	40	154	0	6462
27965	6306	155	17	55	0	6533
27966	163	39	11	6299	0	6512
27967	50	20	6217	167	0	6454
27968	31	21	142	6133	0	6327
27969	6016	27	31	176	0	6250
27970	159	5957	24	56	0	6196
27971	46	158	24	5641	0	5869
27972	33	5904	10	153	0	6100
27973	5866	153	12	47	0	6078
27974	5869	37	13	38	0	5957
27975	177	5722	11	37	0	5947
27976	5662	156	15	27	0	5860
27977	169	33	16	5457	0	5675
27978	61	5614	4	149	0	5828
27979	5620	158	13	40	0	5831
27980	5761	44	13	28	0	5846
27981	183	5483	10	27	0	5703
27982	66	5621	9	20	0	5716
27983	5478	169	12	21	0	5680
27984	173	53	7	5442	0	5675
27985	5484	30	6	152	0	5672
27986	173	25	8	5490	0	5696
27987	54	33	5409	159	0	5655
27988	45	20	140	5531	0	5736
27989	5471	17	26	171	0	5685
27990	166	24	5513	45	0	5748
27991	59	12	153	5507	0	5731
27992	34	14	37	5734	0	5819
27993	28	16	5540	196	0	5780
27994	5431	16	146	55	0	5648
27995	161	13	38	5522	0	5734
27996	39	12	5277	163	0	5491
27997	5039	18	148	55	0	5260
27998	160	5204	32	37	0	5433
27999	35	5214	29	46	0	5324
28000	31	5272	19	39	0	5361
28001	30	145	4942	39	0	5156
28002	34	92	126	4675	0	4927
28003	30	21	4650	132	0	4833
28004	24	147	108	4115	0	4394
28005	10	4015	32	110	0	4167
28006	15	3990	10	29	0	4044
28007	24	104	14	3892	0	4034
28008	3901	29	21	102	0	4053
28009	91	21	9	3961	0	4082
28010	26	10	7	3991	0	4034
28011	12	3941	10	108	0	4071
28012	3923	89	7	32	0	4051
28013	88	3942	3	30	0	4063
28014	26	99	7	3988	0	4120
28015	18	33	4	4010	0	4065
28016	22	3944	9	111	0	4086
28017	16	92	5	4010	0	4123
28018	3969	25	7	116	0	4117
28019	103	36	5	3975	0	4119
28020	46	33	5	3990	0	4074
28021	35	3928	14	110	0	4087
28022	34	90	16	3988	0	4128
28023	3846	33	18	122	0	4019
28024	3982	31	7	48	0	4068
28025	4039	27	10	39	0	4115
28026	124	22	16	3969	0	4131
28027	51	21	3923	117	0	4112
28028	48	15	3928	52	0	4043
28029	37	23	105	3963	0	4128
28030	3982	24	25	114	0	4145
28031	109	31	14	3996	0	4150
28032	4069	24	14	121	0	4228
28033	130	27	9	4102	0	4268
28034	57	20	11	4189	0	4277
28035	4122	23	9	131	0	4285
28036	122	25	4029	43	0	4219
28037	4049	24	89	36	0	4198
28038	121	32	4040	29	0	4222
28039	62	23	91	4001	0	4177
28040	4091	16	25	115	0	4247
28041	121	33	4140	36	0	4330
28042	46	29	4206	28	0	4309
28043	4186	20	110	40	0	4356
28044	128	15	4179	37	0	4359
28045	50	4169	112	39	0	4370
28046	42	99	34	4341	0	4516
28047	4559	31	31	140	0	4761
28048	115	20	4600	49	0	4784
28049	4625	14	101	54	0	4794
28050	4760	10	41	37	0	4848
28051	4749	9	30	48	0	4836
28052	4767	9	22	45	0	4843
28053	138	43	30	4574	0	4785
28054	54	4587	20	119	0	4780
28055	4442	95	22	57	0	4616
28056	98	25	4113	33	0	4269
28057	26	3526	53	12	0	3617
28058	3239	33	28	11	0	3311
28059	32	3033	14	7	0	3086
28060	17	3142	5	6	0	3170
28061	72	35	40	3054	0	3201
28062	5	10	13	3095	0	3123
28063	4	6	5	3106	0	3121
28064	3156	4	3	37	0	3200
28065	3270	3	2	15	0	3290
28066	39	3	2	3394	0	3438
28067	19	2	6	3548	0	3575
28068	10	0	3667	49	0	3726
28069	3606	1	44	19	0	3670
28070	3758	3	10	10	0	3781
28071	55	3	7	3732	0	3797
28072	19	1	1	3772	0	3793
28073	11	1	3723	57	0	3792
28074	11	5	46	3707	0	3769
28075	8	1	3800	51	0	3860
28076	11	3799	50	17	0	3877
28077	7	38	3874	8	0	3927
28078	6	22	55	3778	0	3861
28079	6	3	3926	47	0	3982
28080	5	4	3798	14	0	3821
28081	3897	5	62	8	0	3972
28082	53	3	22	4104	0	4182
28083	17	4	4129	50	0	4200
28084	3943	2	53	18	0	4016
28085	51	3	4150	16	0	4220
28086	19	5	4373	11	0	4408
28087	12	4483	61	20	0	4576
28088	11	44	21	4487	0	4563
28089	15	13	4466	49	0	4543
28090	10	10	4351	17	0	4388
28091	9	6	60	4408	0	4483
28092	9	2	22	4430	0	4463
28093	11	4416	16	70	0	4513
28094	13	51	6	4477	0	4547
28095	4556	11	8	56	0	4631
28096	4592	9	3	21	0	4625
28097	4675	4	9	16	0	4704
28098	67	8	6	4568	0	4649
28099	25	4589	13	51	0	4678
28100	4646	54	5	23	0	4728
28101	53	4618	12	16	0	4699
28102	18	4563	7	9	0	4597
28103	13	4624	9	15	0	4661
28104	4642	55	17	14	0	4728
28105	49	21	8	4637	0	4715
28106	19	12	5	4643	0	4679
28107	14	4630	10	56	0	4710
28108	4569	47	9	22	0	4647
28109	52	19	4550	17	0	4638
28110	22	8	48	4565	0	4643
28111	4588	5	18	54	0	4665
28112	50	4732	13	28	0	4823
28113	4945	44	6	32	0	5027
28114	59	15	13	4996	0	5083
28115	22	5101	7	49	0	5179
28116	17	47	5055	21	0	5140
28117	5042	17	50	22	0	5131
28118	50	15	23	5181	0	5269
28119	5254	10	13	59	0	5336
28120	56	12	13	5247	0	5328
28121	22	5216	11	62	0	5311
28122	19	48	5317	21	0	5405
28123	7	18	5320	22	0	5367
28124	12	33	57	5365	0	5467
28125	5406	9	34	50	0	5499
28126	5441	7	16	18	0	5482
28127	58	5	13	5398	0	5474
28128	26	8	11	5421	0	5466
28129	5501	5	12	62	0	5580
28130	49	9	6	5516	0	5580
28131	5541	7	13	59	0	5620
28132	52	5479	11	25	0	5567
28133	5479	44	11	16	0	5550
28134	52	18	5613	15	0	5698
28135	20	15	51	5598	0	5684
28136	21	11	13	5720	0	5765
28137	17	6	14	5736	0	5773
28138	12	5562	8	68	0	5650
28139	14	5132	12	37	0	5195
28140	11	51	11	5601	0	5674
28141	13	17	5524	50	0	5604
28142	12	13	46	5506	0	5577
28143	12	11	13	5577	0	5613
28144	10	5519	14	55	0	5598
28145	5482	46	7	19	0	5554
28146	44	5331	9	24	0	5408
28147	16	5317	11	10	0	5354
28148	16	49	7	5349	0	5421
28149	17	18	8	5355	0	5398
28150	16	10	6	5299	0	5331
28151	10	10	4	5347	0	5371
28152	5303	7	8	58	0	5376
28153	41	5286	11	24	0	5362
28154	5377	40	9	18	0	5444
28155	5503	13	8	20	0	5544
28156	50	10	7	5470	0	5537
28157	21	11	5	5493	0	5530
28158	5518	7	4	52	0	5581
28159	5536	7	4	34	0	5581
28160	49	12	5	5421	0	5487
28161	23	6	5	5441	0	5475
28162	20	6	5425	52	0	5503
28163	16	5299	38	22	0	5375
28164	11	5474	10	19	0	5514
28165	5368	36	11	13	0	5428
28166	32	18	5435	13	0	5498
28167	16	13	5082	9	0	5120
28168	4899	8	36	10	0	4953
28169	5100	5	13	11	0	5129
28170	22	5340	6	9	0	5377
28171	15	5570	5	8	0	5598
28172	12	21	0	5679	0	5712
28173	5889	11	2	27	0	5929
28174	5929	9	1	15	0	5954
28175	5968	3	2	15	0	5988
28176	23	7	0	5942	0	5972
28177	14	4	2	5970	0	5990
28178	15	3	5910	23	0	5951
28179	10	2	5512	19	0	5543
28180	3	7	5867	10	0	5887
28181	10	65	19	5789	0	5883
28182	5763	3	12	20	0	5798
28183	14	2	5882	6	0	5904
28184	9	3	11	5844	0	5867
28185	4	5951	6	14	0	5975
28186	4	12	4	5872	0	5892
28187	5	3	1	5922	0	5931
28188	2	6	6120	26	0	6154
28189	2	2	25	6060	0	6089
28190	6455	2	6	30	0	6493
28191	44	1	6629	13	0	6687
28192	17	4	47	6628	0	6696
28193	6	4	6816	47	0	6873
28194	11	6836	54	16	0	6917
28195	5	49	6921	10	0	6985
28196	6	20	62	6539	0	6627
28197	6	12	20	6974	0	7012
28198	1	5	7189	66	0	7261
28199	5	8	58	7028	0	7099
28200	10	9	17	6972	0	7008
28201	3	7034	16	67	0	7120
28202	4	50	7163	31	0	7248
28203	6	13	58	7113	0	7190
28204	7	10	19	7261	0	7297
28205	4	7227	15	77	0	7323
28206	6	59	10	7335	0	7410
28207	7362	18	6	81	0	7467
28208	67	12	6	7382	0	7467
28209	19	12	7473	87	0	7591
28210	7389	4	74	41	0	7508
28211	8045	4	19	30	0	8098
28212	98	5	7982	17	0	8102
28213	7760	3	85	27	0	7875
28214	98	8000	30	22	0	8150
28215	35	79	22	8237	0	8373
28216	25	22	13	8998	0	9058
28217	19	13	16	8934	0	8982
28218	13	9	11	9156	0	9189
28219	11	5	10	9147	0	9173
28220	9057	5	9	164	0	9235
28221	109	5	8902	74	0	9090
28222	8610	4	105	59	0	8778
28223	123	12	8726	50	0	8911
28224	44	9	126	8703	0	8882
28225	8749	8	38	144	0	8939
28226	129	7	35	8721	0	8892
28227	51	8776	26	150	0	9003
28228	9072	99	35	65	0	9271
28229	139	29	25	9412	0	9605
28230	54	27	8954	142	0	9177
28231	8929	13	104	71	0	9117
28232	130	9571	30	50	0	9781
28233	58	110	9719	42	0	9929
28234	39	43	132	9597	0	9811
28235	41	34	45	9341	0	9461
28236	32	9545	35	168	0	9780
28237	23	124	9583	86	0	9816
28238	23	33	129	9554	0	9739
28239	21	37	9828	160	0	10046
28240	26	23	146	9739	0	9934
28241	23	11	49	9859	0	9942
28242	22	17	9785	194	0	10018
28243	23	16	147	9759	0	9945
28244	60	30	114	8310	0	8514
28245	30	11	48	10264	0	10353
28246	23	13	46	10261	0	10343
28247	10015	9	37	231	0	10292
28248	152	11	9882	119	0	10164
28249	10227	16	150	107	0	10500
28250	175	12	65	10624	0	10876
28251	70	16	45	10856	0	10987
28252	54	21	40	10794	0	10909
28253	37	10604	40	253	0	10934
28254	10749	149	32	120	0	11050
28255	164	51	41	11155	0	11411
28256	66	11090	42	203	0	11401
28257	54	152	25	11310	0	11541
28258	11338	49	36	245	0	11668
28259	11346	33	36	123	0	11538
28260	11266	33	32	97	0	11428
28261	211	11199	30	76	0	11516
28262	84	148	11227	91	0	11550
28263	11180	48	157	91	0	11476
28264	11396	38	55	91	0	11580
28265	206	11398	46	80	0	11730
28266	11354	170	29	75	0	11628
28267	11258	38	44	81	0	11421
28268	11458	41	28	79	0	11606
28269	238	11533	31	74	0	11876
28270	102	161	37	11503	0	11803
28271	11522	44	34	199	0	11799
28272	11730	48	28	95	0	11901
28273	11475	37	24	88	0	11624
28274	11606	34	26	78	0	11744
28275	253	28	19	11367	0	11667
28276	126	33	11260	220	0	11639
28277	92	30	160	11238	0	11520
28278	81	11337	46	228	0	11692
28279	87	153	35	11683	0	11958
28280	80	48	11696	241	0	12065
28281	11651	39	192	109	0	11991
28282	227	33	57	11898	0	12215
28283	11800	34	60	218	0	12112
28284	11934	32	40	112	0	12118
28285	258	35	34	11927	0	12254
28286	118	28	11886	244	0	12276
28287	115	34	11210	108	0	11467
28288	11094	37	194	74	0	11399
28289	230	11296	69	76	0	11671
28290	96	11047	40	57	0	11240
28291	93	10934	39	52	0	11118
28292	71	11239	32	61	0	11403
28293	10925	178	86	54	0	11243
28294	10985	61	50	45	0	11141
28295	10915	47	22	47	0	11031
28296	10955	43	18	45	0	11061
28297	207	55	17	10695	0	10974
28298	99	10551	22	160	0	10832
28299	10574	151	23	64	0	10812
28300	203	45	10529	51	0	10828
28301	94	10486	125	47	0	10752
28302	86	135	10508	56	0	10785
28303	10402	46	146	42	0	10636
28304	10646	27	49	46	0	10768
28305	10656	45	45	41	0	10787
28306	201	35	26	10520	0	10782
28307	93	24	10495	144	0	10756
28308	81	10447	117	62	0	10707
28309	10182	122	57	45	0	10406
28310	165	10076	36	53	0	10330
28311	78	9602	20	74	0	9774
28312	74	9541	19	45	0	9679
28313	66	9505	16	53	0	9640
28314	56	129	9112	39	0	9336
28315	55	9101	110	44	0	9310
28316	8392	102	43	28	0	8565
28317	109	31	14	8351	0	8505
28318	33	34	16	8446	0	8529
28319	8373	25	14	93	0	8505
28320	98	8291	14	31	0	8434
28321	51	84	8392	26	0	8553
28322	38	38	81	8352	0	8509
28323	51	26	24	8533	0	8634
28324	48	29	20	8560	0	8657
28325	47	22	8449	98	0	8616
28326	42	25	8352	40	0	8459
28327	44	26	84	8347	0	8501
28328	45	22	8268	79	0	8414
28329	40	18	7680	25	0	7763
28330	7281	25	85	25	0	7416
28331	83	7738	31	60	0	7912
28332	33	7457	17	18	0	7525
28333	38	7549	21	22	0	7630
28334	40	96	12	7409	0	7557
28335	33	7739	14	66	0	7852
28336	7936	86	11	23	0	8056
28337	97	21	8125	20	0	8263
28338	8249	21	92	26	0	8388
28339	112	20	24	8320	0	8476
28340	40	14	16	8504	0	8574
28341	26	8731	19	118	0	8894
28342	8778	103	20	40	0	8941
28343	8832	34	39	34	0	8939
28344	141	9352	23	19	0	9535
28345	48	154	9	9081	0	9292
28346	38	40	9218	132	0	9428
28347	28	21	9232	34	0	9315
28348	20	9429	147	30	0	9626
28349	9363	157	62	41	0	9623
28350	146	32	9367	13	0	9558
28351	56	19	145	9217	0	9437
28352	9400	14	52	139	0	9605
28353	9604	13	25	43	0	9685
28354	174	11031	24	28	0	11257
28355	61	11683	12	22	0	11778
28356	11671	268	11	15	0	11965
28357	240	82	11671	10	0	12003
28358	11674	51	223	10	0	11958
28359	11920	24	75	20	0	12039
28360	293	20	43	11708	0	12064
28361	119	14	11864	218	0	12215
28362	57	14	11771	75	0	11917
28363	11574	17	278	38	0	11907
28364	245	24	11871	20	0	12160
28365	11478	20	260	15	0	11773
28366	11754	16	87	12	0	11869
28367	283	11613	51	27	0	11974
28368	132	221	11577	16	0	11946
28369	69	11461	235	14	0	11779
28370	11315	244	84	23	0	11666
28371	245	84	11173	17	0	11519
28372	103	59	239	10844	0	11245
28373	67	29	11105	212	0	11413
28374	58	18	11146	73	0	11295
28375	52	19	11151	37	0	11259
28376	57	21	11110	20	0	11208
28377	31	10749	323	27	0	11130
28378	50	214	10735	12	0	11011
28379	44	10608	255	21	0	10928
28380	39	240	10492	23	0	10794
28381	10309	76	264	17	0	10666
28382	250	55	106	9662	0	10073
28383	104	10393	78	171	0	10746
28384	10286	214	66	56	0	10622
28385	10330	90	61	48	0	10529
28386	9705	76	52	36	0	9869
28387	10199	48	67	17	0	10331
28388	306	10120	60	24	0	10510
28389	9555	229	60	31	0	9875
28390	10194	97	63	27	0	10381
28391	299	9848	75	35	0	10257
28392	142	245	9450	38	0	9875
28393	92	103	245	9389	0	9829
28394	81	9753	139	179	0	10152
28395	73	233	9821	75	0	10202
28396	85	117	9883	45	0	10130
28397	88	9720	320	23	0	10151
28398	81	9852	141	31	0	10105
28399	84	10194	101	24	0	10403
28400	86	10212	78	25	0	10401
28401	10114	342	84	31	0	10571
28402	10392	171	65	29	0	10657
28403	378	91	10339	29	0	10837
28404	197	69	10534	28	0	10828
28405	128	75	350	10275	0	10828
28406	127	55	175	10472	0	10829
28407	116	66	114	10621	0	10917
28408	10391	77	106	330	0	10904
28409	300	10418	92	128	0	10938
28410	175	10797	76	78	0	11126
28411	131	11103	102	42	0	11378
28412	10798	378	114	37	0	11327
28413	11045	190	98	43	0	11376
28414	416	128	104	10781	0	11429
28415	11085	104	113	263	0	11565
28416	11255	87	97	120	0	11559
28417	445	102	101	11012	0	11660
28418	11126	94	115	295	0	11630
28419	400	10939	123	129	0	11591
28420	229	334	127	10899	0	11589
28421	212	165	10795	271	0	11443
28422	154	10837	369	126	0	11486
28423	164	360	10907	100	0	11531
28424	174	189	398	10326	0	11087
28425	141	10937	262	282	0	11622
28426	190	317	192	10885	0	11584
28427	174	175	165	11123	0	11637
28428	181	128	10907	402	0	11618
28429	138	113	11493	178	0	11922
28430	136	129	448	11292	0	12005
28431	178	104	267	10895	0	11444
28432	129	11375	220	355	0	12079
28433	11038	341	154	158	0	11691
28434	395	11173	158	101	0	11827
28435	224	11377	117	109	0	11827
28436	150	432	10847	84	0	11513
28437	114	10749	340	94	0	11297
28438	130	386	233	9840	0	10589
28439	104	10463	178	278	0	11023
28440	107	364	124	9966	0	10561
28441	96	10096	162	279	0	10633
28442	9931	358	134	138	0	10561
28443	301	9999	149	102	0	10551
28444	170	337	105	8911	0	9523
28445	132	9411	97	243	0	9883
28446	9257	321	115	98	0	9791
28447	9234	207	59	88	0	9588
28448	352	9079	91	65	0	9587
28449	8774	276	59	59	0	9168
28450	319	300	73	8323	0	9015
28451	163	129	8432	242	0	8966
28452	156	103	8475	120	0	8854
28453	110	8446	281	100	0	8937
28454	6368	159	143	40	0	6710
28455	6297	51	34	35	0	6417
28456	145	60	6195	23	0	6423
28457	60	34	6050	24	0	6168
28458	5915	35	145	22	0	6117
28459	6092	33	52	26	0	6203
28460	154	23	5932	21	0	6130
28461	5592	32	109	31	0	5764
28462	126	5668	47	23	0	5864
28463	61	5853	27	15	0	5956
28464	46	146	24	5699	0	5915
28465	18	68	30	5791	0	5907
28466	5761	45	21	146	0	5973
28467	5760	35	17	60	0	5872
28468	5792	28	24	35	0	5879
28469	154	30	18	5675	0	5877
28470	73	33	16	5706	0	5828
28471	52	5464	22	142	0	5680
28472	38	5588	18	57	0	5701
28473	32	5723	23	47	0	5825
28474	32	161	16	5497	0	5706
28475	33	5663	15	113	0	5824
28476	35	139	5499	42	0	5715
28477	5268	63	99	38	0	5468
28478	128	54	5520	31	0	5733
28479	57	38	5468	34	0	5597
28480	5337	33	135	23	0	5528
28481	127	5495	54	25	0	5701
28482	5532	134	30	33	0	5729
28483	5607	54	20	36	0	5717
28484	158	53	5501	22	0	5734
28485	66	42	5635	32	0	5775
28486	58	5669	133	23	0	5883
28487	39	127	5750	29	0	5945
28488	45	70	129	5744	0	5988
28489	46	35	77	5091	0	5249
28490	34	5720	35	138	0	5927
28491	30	5937	45	51	0	6063
28492	5880	154	23	33	0	6090
28493	6081	77	22	37	0	6217
28494	153	47	21	6068	0	6289
28495	72	38	24	6165	0	6299
28496	6026	24	39	139	0	6228
28497	6078	29	32	60	0	6199
28498	160	6073	27	39	0	6299
28499	5788	109	24	21	0	5942
28500	115	5618	24	30	0	5787
28501	56	5801	19	21	0	5897
28502	5757	127	18	19	0	5921
28503	5740	54	21	26	0	5841
28504	139	28	16	5709	0	5892
28505	5689	29	13	91	0	5822
28506	128	26	5647	35	0	5836
28507	61	5680	89	25	0	5855
28508	5603	95	29	36	0	5763
28509	103	38	5626	39	0	5806
28510	42	74	79	5191	0	5386
28511	42	5255	22	65	0	5384
28512	36	5409	15	21	0	5481
28513	5405	88	30	17	0	5540
28514	98	37	5303	20	0	5458
28515	5107	20	74	13	0	5214
28516	89	18	23	5169	0	5299
28517	40	8	5146	57	0	5251
28518	5072	13	62	29	0	5176
28519	70	5295	27	14	0	5406
28520	33	5525	14	9	0	5581
28521	5602	74	21	7	0	5704
28522	5629	29	15	8	0	5681
28523	5722	14	11	15	0	5762
28524	83	16	16	5617	0	5732
28525	42	18	11	5663	0	5734
28526	30	6	5604	63	0	5703
28527	26	8	5405	25	0	5464
28528	23	5513	61	19	0	5616
28529	13	74	19	5142	0	5248
28530	5109	14	8	38	0	5169
28531	36	5079	4	36	0	5155
28532	17	47	2	5137	0	5203
28533	5135	12	3	41	0	5191
28534	41	5132	2	19	0	5194
28535	23	5333	3	6	0	5365
28536	18	37	5208	7	0	5270
28537	5172	14	37	10	0	5233
28538	5335	8	8	9	0	5360
28539	39	9	5253	9	0	5310
28540	5018	6	30	6	0	5060
28541	30	8	5261	5	0	5304
28542	14	5178	26	5	0	5223
28543	23	35	11	5125	0	5194
28544	5114	10	6	29	0	5159
28545	33	5061	1	7	0	5102
28546	6	5056	7	8	0	5077
28547	4942	29	3	8	0	4982
28548	28	8	5215	3	0	5254
28549	5099	7	21	5	0	5132
28550	25	5345	7	5	0	5382
28551	12	21	5171	0	0	5204
28552	5083	5	19	6	0	5113
28553	5240	2	7	3	0	5252
28554	24	3	2	5217	0	5246
28555	7	3	4	5267	0	5281
28556	2	5250	2	20	0	5274
28557	5	17	5261	8	0	5291
28558	8	10	14	5294	0	5326
28559	5	6	5565	24	0	5600
28560	4	11	5547	8	0	5570
28561	16	1	25	5879	0	5921
28562	4	2	6035	36	0	6077
28563	9	3	5918	14	0	5944
28564	5	3	48	5861	0	5917
28565	8	3	6018	32	0	6061
28566	5696	4	38	20	0	5758
28567	34	5899	17	13	0	5963
28568	17	33	6071	9	0	6130
28569	8	18	6290	7	0	6323
28570	9	11	50	6099	0	6169
28571	6537	3	22	32	0	6594
28572	6544	2	17	14	0	6577
28573	6511	2	10	15	0	6538
28574	6534	3	9	7	0	6553
28575	48	4	7	6407	0	6466
28576	24	4	6521	35	0	6584
28577	6514	3	37	18	0	6572
28578	6597	3	18	14	0	6632
28579	6658	5	9	6	0	6678
28580	55	5	6504	5	0	6569
28581	6311	6	39	2	0	6358
28582	44	4	19	6727	0	6794
28583	21	6792	11	41	0	6865
28584	19	42	7	6628	0	6696
28585	12	6702	12	44	0	6770
28586	6788	44	9	11	0	6852
28587	54	12	6832	13	0	6911
28588	20	11	41	6716	0	6788
28589	11	6768	18	40	0	6837
28590	12	6915	11	17	0	6955
28591	6929	54	8	11	0	7002
28592	6878	22	6	15	0	6921
28593	59	16	6633	4	0	6712
28594	6663	7	45	7	0	6722
28595	61	4	17	6696	0	6778
28596	25	5	6856	47	0	6933
28597	16	9	6777	19	0	6821
28598	14	4	66	6946	0	7030
28599	7359	2	26	62	0	7449
28600	64	2	19	7328	0	7413
28601	30	6	12	7260	0	7308
28602	24	2	12	7239	0	7277
28603	14	7306	7	92	0	7419
28604	8	53	16	7397	0	7474
28605	7227	25	12	86	0	7350
28606	61	7270	8	37	0	7376
28607	32	65	7	7357	0	7461
28608	7323	26	11	78	0	7438
28609	73	7216	13	36	0	7338
28610	32	7319	8	32	0	7391
28611	23	100	15	7330	0	7468
28612	7205	39	7	78	0	7329
28613	93	27	7124	39	0	7283
28614	45	15	7085	27	0	7172
28615	7230	9	108	20	0	7367
28616	7538	4	43	24	0	7609
28617	123	7671	23	15	0	7832
28618	57	100	18	7484	0	7659
28619	37	37	7483	100	0	7657
28620	31	23	7312	40	0	7406
28621	26	15	7829	26	0	7896
28622	18	7714	151	19	0	7902
28623	26	7849	58	18	0	7951
28624	7821	135	33	19	0	8008
28625	113	59	7840	16	0	8028
28626	7707	32	117	21	0	7877
28627	7878	19	51	19	0	7967
28628	155	13	7918	18	0	8104
28629	73	8067	118	16	0	8274
28630	53	123	47	7912	0	8135
28631	31	50	8214	120	0	8415
28632	26	39	7928	46	0	8039
28633	7839	22	150	40	0	8051
28634	124	8071	64	21	0	8280
28635	51	121	47	7811	0	8030
28636	37	54	26	7827	0	7944
28637	22	7856	24	146	0	8048
28638	30	7977	21	63	0	8091
28639	26	8124	23	38	0	8211
28640	28	153	20	8265	0	8466
28641	8500	77	16	133	0	8726
28642	138	35	18	8634	0	8825
28643	50	32	8596	159	0	8837
28644	37	24	8609	73	0	8743
28645	31	27	173	8674	0	8905
28646	17	27	8765	145	0	8954
28647	31	8747	158	78	0	9014
28648	36	131	68	8972	0	9207
28649	9340	60	48	179	0	9627
28650	9378	35	27	74	0	9514
28651	219	9454	26	43	0	9742
28652	9475	194	25	41	0	9735
28653	9703	64	21	35	0	9823
28654	9735	42	23	40	0	9840
28655	267	35	8878	29	0	9209
28656	9265	25	151	33	0	9474
28657	222	9250	58	32	0	9562
28658	93	179	9182	21	0	9475
28659	60	62	9242	25	0	9389
28660	40	9119	232	28	0	9419
28661	8885	195	106	23	0	9209
28662	192	75	51	8606	0	8924
28663	63	8621	43	165	0	8892
28664	8733	191	28	64	0	9016
28665	201	64	19	8814	0	9098
28666	8903	44	26	203	0	9176
28667	203	38	33	8931	0	9205
28668	91	21	8753	228	0	9093
28669	50	30	8606	85	0	8771
28670	43	41	8727	45	0	8856
28671	37	34	234	8448	0	8753
28672	36	32	89	8785	0	8942
28673	54	30	8611	241	0	8936
28674	38	8586	210	111	0	8945
28675	8778	192	88	54	0	9112
28676	8824	78	55	38	0	8995
28677	258	8824	40	55	0	9177
28678	116	217	45	8993	0	9371
28679	77	88	9133	219	0	9517
28680	9053	49	239	87	0	9428
28681	250	40	9169	48	0	9507
28682	114	31	8773	38	0	8956
28683	75	48	8951	25	0	9099
28684	8695	40	294	32	0	9061
28685	239	32	8831	33	0	9135
28686	110	8460	244	24	0	8838
28687	72	8737	122	35	0	8966
28688	73	244	76	8421	0	8814
28689	63	103	59	8573	0	8798
28690	95	54	8400	249	0	8798
28691	8241	45	225	94	0	8605
28692	8638	40	100	60	0	8838
28693	270	67	80	8469	0	8886
28694	8499	30	68	213	0	8810
28695	247	8432	65	91	0	8835
28696	8342	216	52	66	0	8676
28697	237	8147	55	96	0	8535
28698	109	8212	41	57	0	8419
28699	7870	240	60	53	0	8223
28700	7947	85	41	37	0	8110
28701	8128	64	45	44	0	8281
28702	8186	51	53	42	0	8332
28703	284	40	7701	44	0	8069
28704	7682	39	199	44	0	7964
28705	250	30	84	7532	0	7896
28706	113	7616	60	184	0	7973
28707	7589	184	57	65	0	7895
28708	223	7611	48	50	0	7932
28709	7592	185	53	45	0	7875
28710	229	74	43	7542	0	7888
28711	99	52	47	7683	0	7881
28712	76	45	7316	227	0	7664
28713	71	43	7507	83	0	7704
28714	73	7530	218	62	0	7883
28715	7261	171	85	49	0	7566
28716	214	7128	41	38	0	7421
28717	89	7002	46	38	0	7175
28718	74	7233	39	32	0	7378
28719	81	191	6967	26	0	7265
28720	61	7023	163	36	0	7283
28721	6463	187	85	38	0	6773
28722	6515	69	45	38	0	6667
28723	207	40	50	6310	0	6607
28724	96	6240	40	151	0	6527
28725	65	6435	33	63	0	6596
28726	68	196	30	6320	0	6614
28727	62	68	6337	152	0	6619
28728	61	6164	148	58	0	6431
28729	56	173	54	5996	0	6279
28730	5858	71	32	155	0	6116
28731	5959	41	26	69	0	6095
28732	185	5950	33	39	0	6207
28733	6017	147	40	38	0	6242
28734	6063	74	33	27	0	6197
28735	215	33	31	5843	0	6122
28736	93	44	5779	140	0	6056
28737	55	5798	135	59	0	6047
28738	59	198	60	5678	0	5995
28739	46	67	5693	139	0	5945
28740	48	5504	125	50	0	5727
28741	5182	145	74	32	0	5433
28742	5251	54	42	29	0	5376
28743	171	46	28	5088	0	5333
28744	71	5124	24	128	0	5347
28745	47	132	5101	48	0	5328
28746	50	83	124	4986	0	5243
28747	41	39	5061	123	0	5264
28748	31	4672	99	38	0	4840
28749	79	118	75	4072	0	4344
28750	4041	34	18	74	0	4167
28751	83	3991	10	30	0	4114
28752	3968	75	16	19	0	4078
28753	3956	33	7	17	0	4013
28754	91	3990	11	23	0	4115
28755	45	79	11	3969	0	4104
28756	30	41	17	3969	0	4057
28757	24	3853	13	87	0	3977
28758	29	3968	7	34	0	4038
28759	26	74	13	3760	0	3873
28760	18	3852	6	61	0	3937
28761	3837	73	9	15	0	3934
28762	3832	32	6	18	0	3888
28763	81	19	3773	15	0	3888
28764	37	17	3702	11	0	3767
28765	3660	17	52	15	0	3744
28766	3760	9	18	13	0	3800
28767	58	3825	15	14	0	3912
28768	3786	58	14	17	0	3875
28769	3769	21	11	14	0	3815
28770	70	3699	7	11	0	3787
28771	3727	57	5	17	0	3806
28772	64	33	5	4174	0	4276
28773	32	20	7	4350	0	4409
28774	16	20	4546	87	0	4669
28775	17	4353	74	27	0	4471
28776	14	4506	21	17	0	4558
28777	4236	126	49	35	0	4446
28778	4222	21	14	18	0	4275
28779	4051	12	6	10	0	4079
28780	4284	5	3	10	0	4302
28781	78	9	4078	4	0	4169
28782	19	11	4187	9	0	4226
28783	12	4256	67	5	0	4340
28784	12	61	17	4219	0	4309
28785	17	18	9	4187	0	4231
28786	13	4262	10	68	0	4353
28787	18	74	5	4207	0	4304
28788	4191	21	5	66	0	4283
28789	72	4230	7	17	0	4326
28790	24	71	4346	9	0	4450
28791	17	4417	61	16	0	4511
28792	4395	64	16	14	0	4489
28793	64	27	4383	12	0	4486
28794	4307	13	67	11	0	4398
28795	4436	16	18	6	0	4476
28796	77	15	4354	12	0	4458
28797	26	5	4324	11	0	4366
28798	16	18	4263	5	0	4302
28799	4064	6	79	8	0	4157
28800	73	6	4270	4	0	4353
28801	28	4221	61	2	0	4312
28802	4218	61	29	6	0	4314
28803	65	20	4224	7	0	4316
28804	4070	9	71	4	0	4154
28805	67	8	4182	6	0	4263
28806	33	10	4346	5	0	4394
28807	22	4380	78	6	0	4486
28808	21	62	4464	2	0	4549
28809	19	21	4395	1	0	4436
28810	18	3995	88	5	0	4106
28811	4323	62	27	8	0	4420
28812	74	14	4439	2	0	4529
28813	27	19	73	4138	0	4257
28814	21	4463	25	53	0	4562
28815	4495	61	31	20	0	4607
28816	4470	25	26	14	0	4535
28817	72	17	4450	12	0	4551
28818	31	4312	69	11	0	4423
28819	20	4450	29	10	0	4509
28820	16	85	25	4335	0	4461
28821	18	4156	23	58	0	4255
28822	38	84	11	4025	0	4158
28823	31	53	18	4418	0	4520
28824	26	4457	28	74	0	4585
28825	28	78	18	4439	0	4563
28826	19	4453	19	72	0	4563
28827	23	76	4407	30	0	4536
28828	21	42	76	4380	0	4519
28829	24	26	30	4364	0	4444
28830	16	4369	23	88	0	4496
28831	20	4464	15	32	0	4531
28832	17	79	21	4318	0	4435
28833	17	4373	26	68	0	4484
28834	4351	90	17	30	0	4488
28835	83	28	22	4328	0	4461
28836	27	4385	22	72	0	4506
28837	4309	76	23	26	0	4434
28838	77	4308	20	18	0	4423
28839	36	75	4287	19	0	4417
28840	20	39	86	4241	0	4386
28841	4291	22	35	68	0	4416
28842	78	23	4326	30	0	4457
28843	27	31	87	4177	0	4322
28844	31	4229	26	65	0	4351
28845	30	80	4175	17	0	4302
28846	32	4243	79	13	0	4367
28847	4069	71	40	22	0	4202
28848	4201	39	34	12	0	4286
28849	100	4185	33	12	0	4330
28850	4168	77	34	14	0	4293
28851	82	37	4150	6	0	4275
28852	25	23	93	4058	0	4199
28853	28	34	34	4020	0	4116
28854	32	4099	30	63	0	4224
28855	4316	72	34	32	0	4454
28856	4464	46	15	23	0	4548
28857	87	31	4499	9	0	4626
28858	4473	28	72	18	0	4591
28859	4583	19	33	18	0	4653
28860	4580	24	31	20	0	4655
28861	97	37	15	4474	0	4623
28862	46	22	22	4492	0	4582
28863	34	4489	20	67	0	4610
28864	4387	80	27	32	0	4526
28865	4377	35	14	35	0	4461
28866	83	4365	13	21	0	4482
28867	41	81	17	4259	0	4398
28868	32	4310	8	70	0	4420
28869	19	4458	17	25	0	4519
28870	4360	82	17	33	0	4492
28871	84	42	4259	21	0	4406
28872	26	19	3708	13	0	3766
28873	11	3668	38	16	0	3733
28874	3340	25	31	8	0	3404
28875	29	9	3314	3	0	3355
28876	10	3138	25	6	0	3179
28877	3111	21	8	4	0	3144
28878	22	6	3079	2	0	3109
28879	3	5	21	3017	0	3046
28880	3226	4	3	20	0	3253
28881	28	2	3229	6	0	3265
28882	6	2	3336	7	0	3351
28883	5	6	3446	5	0	3462
28884	4	3	3469	2	0	3478
28885	3399	6	31	0	0	3436
28886	3702	3	5	2	0	3712
28887	30	3688	4	2	0	3724
28888	7	28	2	3838	0	3875
28889	2	7	1	3929	0	3939
28890	2	3803	1	39	0	3845
28891	1	40	2	3872	0	3915
28892	3	3976	2	42	0	4023
28893	1	4060	5	5	0	4071
28894	1	52	5	4027	0	4085
28895	1	15	4086	43	0	4145
28896	3	4099	45	14	0	4161
28897	3	47	9	4140	0	4199
28898	4167	12	8	44	0	4231
28899	47	7	4137	12	0	4203
28900	4054	5	47	10	0	4116
28901	4245	2	14	4	0	4265
28902	66	3	7	4341	0	4417
28903	23	8	4514	64	0	4609
28904	10	3	4517	25	0	4555
28905	1	4788	79	11	0	4879
28906	11	73	25	4710	0	4819
28907	4	22	4757	70	0	4853
28908	8	11	4808	21	0	4848
28909	3	4886	79	15	0	4983
28910	4927	74	31	8	0	5040
28911	5010	23	15	7	0	5055
28912	87	14	11	5107	0	5219
28913	44	6	5274	81	0	5405
28914	17	10	5262	29	0	5318
28915	12	5431	117	20	0	5580
28916	9	87	5543	6	0	5645
28917	11	31	5524	15	0	5581
28918	10	23	124	5263	0	5420
28919	1	8	5613	92	0	5714
28920	5431	15	108	31	0	5585
28921	90	7	45	5658	0	5800
28922	36	18	5828	91	0	5973
28923	25	5847	99	32	0	6003
28924	13	93	48	5904	0	6058
28925	11	34	5973	98	0	6116
28926	10	6067	116	36	0	6229
28927	17	96	50	6004	0	6167
28928	10	6217	33	95	0	6355
28929	12	112	31	6235	0	6390
28930	13	49	20	6257	0	6339
28931	8	19	6206	149	0	6382
28932	5	6237	133	56	0	6431
28933	10	117	44	6296	0	6467
28934	8	42	35	6348	0	6433
28935	11	24	32	6417	0	6484
28936	8	19	6245	159	0	6431
28937	8	6192	120	71	0	6391
28938	13	110	55	6265	0	6443
28939	15	48	6239	123	0	6425
28940	9	6219	115	70	0	6413
28941	12	113	54	6269	0	6448
28942	8	47	6376	118	0	6549
28943	4	6348	110	60	0	6522
28944	8	113	53	6338	0	6512
28945	6	46	33	6518	0	6603
28946	8	33	6556	150	0	6747
28947	6227	32	116	71	0	6446
28948	97	6569	44	60	0	6770
28949	6631	102	42	43	0	6818
28950	111	59	6624	34	0	6828
28951	6622	32	127	43	0	6824
28952	118	29	57	6738	0	6942
28953	42	38	33	6895	0	7008
28954	27	21	6766	155	0	6969
28955	6312	22	126	82	0	6542
28956	6464	21	59	45	0	6589
28957	130	6337	51	39	0	6557
28958	61	6606	28	40	0	6735
28959	6604	139	35	38	0	6816
28960	115	56	6634	42	0	6847
28961	51	6883	128	28	0	7090
28962	48	115	55	7045	0	7263
28963	21	53	41	7187	0	7302
28964	31	37	7078	148	0	7294
28965	6923	28	133	79	0	7163
28966	131	21	7256	61	0	7469
28967	7244	21	150	33	0	7448
28968	144	25	7553	30	0	7752
28969	59	7598	148	37	0	7842
28970	7721	124	63	34	0	7942
28971	7768	66	55	27	0	7916
28972	7710	36	31	35	0	7812
28973	7754	29	36	29	0	7848
28974	180	29	28	7628	0	7865
28975	74	23	7666	123	0	7886
28976	47	38	117	7546	0	7748
28977	33	7663	67	141	0	7904
28978	32	102	47	7761	0	7942
28979	21	50	7694	132	0	7897
28980	39	33	7639	54	0	7765
28981	25	41	153	7527	0	7746
28982	7447	28	80	133	0	7688
28983	7304	21	51	64	0	7440
28984	7368	25	27	42	0	7462
28985	164	24	7365	24	0	7577
28986	88	17	7256	28	0	7389
28987	42	7311	131	37	0	7521
28988	38	7451	71	31	0	7591
28989	7206	116	77	36	0	7435
28990	7325	58	30	31	0	7444
28991	128	7426	31	33	0	7618
28992	7321	97	21	28	0	7467
28993	7320	33	34	33	0	7420
28994	114	7343	28	29	0	7514
28995	7430	97	22	28	0	7577
28996	7408	44	21	29	0	7502
28997	137	7478	20	21	0	7656
28998	7519	96	33	16	0	7664
28999	7550	32	32	26	0	7640
29000	128	40	7533	21	0	7722
29001	66	23	7387	19	0	7495
29002	49	7247	91	20	0	7407
29003	34	7381	44	13	0	7472
29004	7288	93	68	17	0	7466
29005	7036	41	20	16	0	7113
29006	6955	23	17	9	0	7004
29007	98	6953	17	7	0	7075
29008	51	62	10	6906	0	7029
29009	44	29	6961	58	0	7092
29010	29	50	67	6776	0	6922
29011	27	6936	27	63	0	7053
29012	6807	52	26	20	0	6905
29013	61	6668	11	13	0	6753
29014	26	50	6	6694	0	6776
29015	6929	21	7	54	0	7011
29016	6881	16	9	12	0	6918
29017	83	9	6892	9	0	6993
29018	6941	13	53	13	0	7020
29019	7353	10	21	3	0	7387
29020	7427	11	11	12	0	7461
29021	95	17	20	7219	0	7351
29022	48	7231	14	54	0	7347
29023	38	59	6	7324	0	7427
29024	20	35	7470	63	0	7588
29025	26	7550	61	30	0	7667
29026	22	64	31	7443	0	7560
29027	16	35	7432	66	0	7549
29028	17	7396	60	28	0	7501
29029	25	71	27	7205	0	7328
29030	22	36	7368	61	0	7487
29031	6812	18	64	42	0	6936
29032	80	13	7467	20	0	7580
29033	48	12	7446	9	0	7515
29034	28	7575	82	20	0	7705
29035	24	72	39	7635	0	7770
29036	25	38	24	7489	0	7576
29037	28	7469	13	80	0	7590
29038	20	75	15	7759	0	7869
29039	7818	32	14	87	0	7951
29040	7829	26	15	35	0	7905
29041	109	18	7578	28	0	7733
29042	7792	8	65	26	0	7891
29043	7990	15	31	13	0	8049
29044	116	18	7945	22	0	8101
29045	55	7942	96	19	0	8112
29046	31	7914	38	20	0	8003
29047	29	115	30	7409	0	7583
29048	27	7827	19	66	0	7939
29049	27	109	7316	34	0	7486
29050	32	40	7477	27	0	7576
29051	28	7722	103	15	0	7868
29052	7717	85	35	14	0	7851
29053	7861	44	27	11	0	7943
29054	7941	32	17	12	0	8002
29055	7944	29	10	14	0	7997
29056	7564	20	13	24	0	7621
29057	120	7688	13	12	0	7833
29058	60	98	7627	9	0	7794
29059	37	43	84	7584	0	7748
29060	7493	25	35	88	0	7641
29061	100	7342	21	34	0	7497
29062	46	95	22	7243	0	7406
29063	37	36	7246	76	0	7395
29064	35	7020	82	30	0	7167
29065	23	7200	34	19	0	7276
29066	6988	125	39	31	0	7183
29067	78	6901	22	10	0	7011
29068	43	82	10	6651	0	6786
29069	6650	31	12	75	0	6768
29070	6640	25	12	27	0	6704
29071	6675	16	9	17	0	6717
29072	107	12	6551	10	0	6680
29073	46	6599	68	6	0	6719
29074	6746	84	25	16	0	6871
29075	83	33	14	6677	0	6807
29076	6781	16	6	74	0	6877
29077	93	6682	9	39	0	6823
29078	7025	86	9	15	0	7135
29079	7634	36	10	12	0	7692
29080	141	17	8	7522	0	7688
29081	58	13	7802	111	0	7984
29082	40	11	112	8008	0	8171
29083	7998	13	40	135	0	8186
29084	8065	13	22	52	0	8152
29085	167	7899	16	25	0	8107
29086	7705	116	14	15	0	7850
29087	141	7761	14	12	0	7928
29088	7743	137	12	29	0	7921
29089	7650	47	11	20	0	7728
29090	169	30	7685	17	0	7901
29091	74	7668	114	14	0	7870
29092	53	121	49	7706	0	7929
29093	33	51	30	7811	0	7925
29094	27	42	23	7579	0	7671
29095	30	7631	15	175	0	7851
29096	27	128	7593	58	0	7806
29097	22	60	7693	32	0	7807
29098	24	8928	147	31	0	9130
29099	8968	165	63	26	0	9222
29100	178	61	8936	21	0	9196
29101	8804	42	166	21	0	9033
29102	185	8858	66	17	0	9126
29103	69	174	8995	10	0	9248
29104	44	72	169	8923	0	9208
29105	35	44	9113	176	0	9368
29106	37	27	9299	59	0	9422
29107	41	29	205	8676	0	8951
29108	42	8921	77	153	0	9193
29109	37	9282	55	42	0	9416
29110	9185	207	43	31	0	9466
29111	183	84	9144	16	0	9427
29112	9223	47	179	28	0	9477
29113	9254	24	87	22	0	9387
29114	206	9289	45	24	0	9564
29115	9006	178	22	12	0	9218
29116	9092	58	19	21	0	9190
29117	8803	48	28	19	0	8898
29118	223	8560	22	14	0	8819
29119	90	8005	20	17	0	8132
29120	53	8461	21	10	0	8545
29121	8392	188	56	14	0	8650
29122	8395	75	20	8	0	8498
29123	201	40	7992	9	0	8242
29124	82	23	8032	8	0	8145
29125	8080	24	154	10	0	8268
29126	8252	18	52	16	0	8338
29127	8346	14	41	13	0	8414
29128	192	16	23	8156	0	8387
29129	72	14	25	8290	0	8401
29130	45	13	17	8367	0	8442
29131	36	25	13	8428	0	8502
29132	44	24	7862	166	0	8096
29133	41	16	8027	58	0	8142
29134	41	13	7969	34	0	8057
29135	35	18	7926	24	0	8003
29136	7931	12	169	31	0	8143
29137	151	7965	61	24	0	8201
29138	57	8215	38	24	0	8334
29139	8139	157	22	17	0	8335
29140	157	56	8123	16	0	8352
29141	56	43	7888	25	0	8012
29142	7866	30	171	27	0	8094
29143	8094	28	74	21	0	8217
29144	157	8045	44	23	0	8269
29145	85	125	30	7990	0	8230
29146	8118	41	38	116	0	8313
29147	8294	36	37	34	0	8401
29148	183	29	22	8171	0	8405
29149	91	8418	24	108	0	8641
29150	8489	141	19	44	0	8693
29151	155	49	8331	40	0	8575
29152	8225	34	140	27	0	8426
29153	161	8333	52	23	0	8569
29154	8421	133	40	31	0	8625
29155	8262	57	29	33	0	8381
29156	175	38	8405	20	0	8638
29157	83	23	8293	21	0	8420
29158	8343	29	167	14	0	8553
29159	8550	26	73	10	0	8659
29160	175	8639	42	16	0	8872
29161	86	140	32	8654	0	8912
29162	71	44	8620	123	0	8858
29163	8569	37	143	38	0	8787
29164	160	36	63	8692	0	8951
29165	73	29	47	8820	0	8969
29166	8743	28	32	160	0	8963
29167	159	8957	33	60	0	9209
29168	9044	135	39	49	0	9267
29169	9098	36	39	32	0	9205
29170	9200	45	29	36	0	9310
29171	195	9068	26	40	0	9329
29172	9148	137	25	32	0	9342
29173	185	53	34	9093	0	9365
29174	91	48	39	9101	0	9279
29175	109	27	9021	163	0	9320
29176	98	36	8795	60	0	8989
29177	60	8900	141	44	0	9145
29178	58	8991	60	27	0	9136
29179	52	113	8442	17	0	8624
29180	42	8547	109	18	0	8716
29181	8411	146	78	48	0	8683
29182	8505	35	25	10	0	8575
29183	8528	26	15	13	0	8582
29184	141	24	20	8281	0	8466
29185	55	26	18	8442	0	8541
29186	49	17	8458	114	0	8638
29187	33	8404	87	49	0	8573
29188	8454	95	27	34	0	8610
29189	104	8494	23	16	0	8637
29190	8492	104	19	11	0	8626
29191	8495	34	20	14	0	8563
29192	142	19	18	8340	0	8519
29193	66	15	17	8363	0	8461
29194	47	27	6	8540	0	8620
29195	59	12	8203	137	0	8411
29196	36	8009	84	66	0	8195
29197	30	7945	36	42	0	8053
29198	7	6722	9	12	0	6750
29199	14	6704	9	8	0	6735
29200	7	6766	14	9	0	6796
29201	6476	59	29	16	0	6580
29202	42	26	6565	4	0	6637
29203	21	6498	41	7	0	6567
29204	15	39	6356	2	0	6412
29205	10	6516	33	4	0	6563
29206	34	61	35	5105	0	5235
29207	13	17	4	6271	0	6305
29208	10	6389	5	47	0	6451
29209	6345	37	5	24	0	6411
29210	43	18	6298	7	0	6366
29211	19	6314	37	7	0	6377
29212	12	41	6242	5	0	6300
29213	10	21	34	6214	0	6279
29214	11	9	18	5912	0	5950
29215	11	6163	5	42	0	6221
29216	8	39	1	6247	0	6295
29217	11	15	5	6274	0	6305
29218	12	6252	6	47	0	6317
29219	7	36	6188	23	0	6254
29220	7	21	6147	10	0	6185
29221	6049	7	45	10	0	6111
29222	6292	13	16	9	0	6330
29223	47	10	5	6103	0	6165
29224	22	6	6087	33	0	6148
29225	13	11	35	5911	0	5970
29226	11	6183	19	38	0	6251
29227	12	40	6140	21	0	6213
29228	3	6094	38	15	0	6150
29229	5	38	6035	8	0	6086
29230	4	6090	38	11	0	6143
29231	6065	38	18	6	0	6127
29232	36	23	7	6019	0	6085
29233	18	13	2	5953	0	5986
29234	8	4	5989	50	0	6051
29235	8	11	5741	27	0	5787
29236	7	5953	43	13	0	6016
29237	5992	35	17	12	0	6056
29238	34	23	4	5906	0	5967
29239	19	9	6053	35	0	6116
29240	9	12	5821	17	0	5859
29241	5500	12	51	12	0	5575
29242	5692	10	17	12	0	5731
29243	52	8	5804	5	0	5869
29244	19	26	35	5620	0	5700
29245	12	5772	18	31	0	5833
29246	5808	33	11	20	0	5872
29247	33	5758	8	10	0	5809
29248	5576	26	6	12	0	5620
29249	29	5531	2	9	0	5571
29250	15	5624	4	9	0	5652
29251	7	40	7	5647	0	5701
29252	4	19	10	5675	0	5708
29253	4	5663	5	37	0	5709
29254	4	27	5535	17	0	5583
29255	6	23	5408	11	0	5448
29256	4	5	5473	4	0	5486
29257	5313	7	37	8	0	5365
29258	5518	8	12	5	0	5543
29259	33	5811	7	2	0	5853
29260	14	46	5746	7	0	5813
29261	2	18	43	5794	0	5857
29262	3	8	6126	47	0	6184
29263	4	8	6324	15	0	6351
29264	5	10	69	6885	0	6969
29265	5	11	26	7302	0	7344
29266	2	11	7907	140	0	8060
29267	7820	10	104	72	0	8006
29268	115	8250	59	27	0	8451
29269	63	8671	24	22	0	8780
29270	28	181	15	8553	0	8777
29271	8798	83	15	119	0	9015
29272	138	8932	9	67	0	9146
29273	8984	156	6	29	0	9175
29274	148	9107	4	26	0	9285
29275	9443	164	9	19	0	9635
29276	190	97	9413	18	0	9718
29277	101	42	9625	11	0	9779
29278	49	54	220	9376	0	9699
29279	39	32	9428	147	0	9646
29280	38	8907	183	83	0	9211
29281	27	9003	108	29	0	9167
29282	9021	217	58	28	0	9324
29283	154	119	38	8803	0	9114
29284	96	9103	28	143	0	9370
29285	9221	181	26	83	0	9511
29286	9140	108	28	34	0	9310
29287	9395	55	25	33	0	9508
29288	273	34	23	9176	0	9506
29289	137	34	19	9332	0	9522
29290	71	36	9251	242	0	9600
29291	56	32	9222	118	0	9428
29292	9119	24	232	63	0	9438
29293	192	28	114	9125	0	9459
29294	112	24	9154	184	0	9474
29295	9028	28	184	113	0	9353
29296	200	9369	111	55	0	9735
29297	9475	157	69	41	0	9742
29298	9595	93	46	44	0	9778
29299	9666	37	35	44	0	9782
29300	297	27	9326	34	0	9684
29301	9337	29	179	27	0	9572
29302	250	31	94	9044	0	9419
29303	159	8895	56	161	0	9271
29304	101	9395	43	91	0	9630
29305	9347	230	32	51	0	9660
29306	9424	103	29	39	0	9595
29307	9527	58	29	33	0	9647
29308	322	43	27	9177	0	9569
29309	176	39	24	9319	0	9558
29310	115	34	22	9145	0	9316
29311	79	9152	37	273	0	9541
29312	9133	181	29	130	0	9473
29313	9270	109	17	74	0	9470
29314	9441	69	22	59	0	9591
29315	315	47	9289	57	0	9708
29316	9554	42	174	45	0	9815
29317	289	45	90	9076	0	9500
29318	181	9240	47	174	0	9642
29319	9270	188	30	111	0	9599
29320	9356	104	27	67	0	9554
29321	314	68	9291	46	0	9719
29322	195	43	184	9141	0	9563
29323	118	9346	87	200	0	9751
29324	9629	197	58	119	0	10003
29325	249	117	45	9606	0	10017
29326	170	59	43	9695	0	9967
29327	113	54	32	9859	0	10058
29328	93	38	33	10124	0	10288
29329	90	48	9824	337	0	10299
29330	85	9865	200	186	0	10336
29331	78	207	108	9973	0	10366
29332	73	117	9991	262	0	10443
29333	9911	71	216	161	0	10359
29334	10208	61	108	108	0	10485
29335	328	54	69	10140	0	10591
29336	10218	45	61	247	0	10571
29337	10420	41	50	148	0	10659
29338	358	38	10176	107	0	10679
29339	188	10102	218	80	0	10588
29340	10234	205	121	86	0	10646
29341	288	116	71	10179	0	10654
29342	10388	66	67	246	0	10767
29343	305	43	63	10253	0	10664
29344	184	54	47	10432	0	10717
29345	138	48	10088	324	0	10598
29346	9752	53	220	183	0	10208
29347	284	10210	112	112	0	10718
29348	182	207	10125	107	0	10621
29349	111	10189	223	99	0	10622
29350	10086	240	134	82	0	10542
29351	286	136	63	10014	0	10499
29352	9996	69	65	246	0	10376
29353	286	9939	54	158	0	10437
29354	10164	237	45	103	0	10549
29355	10325	109	49	93	0	10576
29356	10374	70	49	81	0	10574
29357	10299	49	41	68	0	10457
29358	389	10029	30	78	0	10526
29359	9939	201	39	59	0	10238
29360	312	136	39	9711	0	10198
29361	227	111	31	9562	0	9931
29362	150	8934	24	296	0	9404
29363	132	8806	30	143	0	9111
29364	110	8620	17	73	0	8820
29365	7993	214	37	57	0	8301
29366	176	7336	21	57	0	7590
29367	97	6871	26	34	0	7028
29368	6733	131	92	41	0	6997
29369	6551	70	19	28	0	6668
29370	148	6566	16	22	0	6752
29371	6403	95	13	29	0	6540
29372	123	42	6166	34	0	6365
29373	6047	34	79	27	0	6187
29374	120	32	6072	30	0	6254
29375	63	5548	66	18	0	5695
29376	38	5592	37	16	0	5683
29377	145	112	43	5262	0	5562
29378	5360	29	18	63	0	5470
29379	5440	12	9	25	0	5486
29380	5505	18	7	31	0	5561
29381	5493	16	14	27	0	5550
29382	5428	19	8	24	0	5479
29383	82	16	5289	22	0	5409
29384	34	18	5152	23	0	5227
29385	5243	20	58	20	0	5341
29386	65	5318	15	23	0	5421
29387	5197	53	23	18	0	5291
29388	5306	23	11	19	0	5359
29389	5436	23	8	19	0	5486
29390	5398	14	12	24	0	5448
29391	5410	17	13	24	0	5464
29392	83	16	5381	20	0	5500
29393	5492	14	46	24	0	5576
29394	5551	16	22	22	0	5611
29395	75	22	5265	15	0	5377
29396	5092	21	41	26	0	5180
29397	5381	26	22	21	0	5450
29398	71	18	5552	17	0	5658
29399	43	27	5527	16	0	5613
29400	51	5606	49	11	0	5717
29401	48	51	31	5616	0	5746
29402	55	18	5662	46	0	5781
29403	5680	22	47	24	0	5773
29404	78	20	22	5879	0	5999
29405	49	12	5981	45	0	6087
29406	5941	12	51	27	0	6031
29407	6070	23	21	18	0	6132
29408	6108	24	13	14	0	6159
29409	97	6234	8	13	0	6352
29410	59	56	7	6145	0	6267
29411	45	6217	11	56	0	6329
29412	6294	61	13	23	0	6391
29413	6254	36	16	18	0	6324
29414	89	15	6155	15	0	6274
29415	36	5880	40	8	0	5964
29416	31	5909	18	4	0	5962
29417	24	56	11	5869	0	5960
29418	33	21	7	5901	0	5962
29419	5885	13	5	50	0	5953
29420	57	5818	7	16	0	5898
29421	37	5753	6	9	0	5805
29422	43	45	5715	6	0	5809
29423	21	5820	35	7	0	5883
29424	5720	45	18	8	0	5791
29425	62	18	5639	3	0	5722
29426	5165	11	36	12	0	5224
29427	41	3	5363	8	0	5415
29428	4918	1	19	11	0	4949
29429	23	5390	9	7	0	5429
29430	5592	24	3	2	0	5621
29431	33	13	5711	0	0	5757
29432	5709	9	29	8	0	5755
29433	5731	3	15	5	0	5754
29434	42	5	5870	0	0	5917
29435	5842	3	31	4	0	5880
29436	6043	3	13	6	0	6065
29437	5936	5	2	5	0	5948
29438	51	5856	2	3	0	5912
29439	5992	28	4	7	0	6031
29440	36	19	6010	3	0	6068
29441	21	6352	35	2	0	6410
29442	6454	44	19	4	0	6521
29443	6401	16	8	4	0	6429
29444	6480	5	5	1	0	6491
29445	65	6444	1	12	0	6522
29446	17	50	6	7162	0	7235
29447	9	18	7197	70	0	7294
29448	9	7	70	7190	0	7276
29449	8	3	7426	75	0	7512
29450	7168	9	78	34	0	7289
29451	85	7466	26	6	0	7583
29452	37	80	6	7415	0	7538
29453	9	7544	5	71	0	7629
29454	17	82	4	7630	0	7733
29455	7	34	4	7607	0	7652
29456	10	7764	9	102	0	7885
29457	7	88	10	7892	0	7997
29458	11	33	4	8200	0	8248
29459	12	8162	13	130	0	8317
29460	14	8416	5	43	0	8478
29461	12	132	9	8364	0	8517
29462	20	37	8369	110	0	8536
29463	23	8473	105	41	0	8642
29464	16	118	33	8499	0	8666
29465	20	46	8785	129	0	8980
29466	12	8834	132	52	0	9030
29467	8806	138	38	31	0	9013
29468	144	52	8747	19	0	8962
29469	8714	19	133	28	0	8894
29470	142	20	41	8699	0	8902
29471	45	24	20	8800	0	8889
29472	23	27	11	8806	0	8867
29473	15	22	8659	189	0	8885
29474	19	15	8600	60	0	8694
29475	8426	26	166	29	0	8647
29476	146	24	43	8623	0	8836
29477	47	14	8723	155	0	8939
29478	8593	22	143	49	0	8807
29479	155	17	44	8658	0	8874
29480	53	19	25	8740	0	8837
29481	26	23	17	8684	0	8750
29482	21	8694	22	179	0	8916
29483	23	139	24	8502	0	8688
29484	28	8478	20	141	0	8667
29485	24	8791	20	57	0	8892
29486	8691	168	25	40	0	8924
29487	8211	74	29	41	0	8355
29488	8744	40	15	37	0	8836
29489	172	8502	23	43	0	8740
29490	8486	144	26	33	0	8689
29491	8599	61	20	36	0	8716
29492	183	27	22	8381	0	8613
29493	69	20	27	8435	0	8551
29494	32	41	8272	191	0	8536
29495	32	8372	150	84	0	8638
29496	8252	137	53	55	0	8497
29497	8326	67	29	42	0	8464
29498	184	8165	22	43	0	8414
29499	8144	151	28	44	0	8367
29500	8174	55	15	54	0	8298
29501	181	41	20	8018	0	8260
29502	72	7876	16	177	0	8141
29503	46	8140	21	74	0	8281
29504	7990	181	26	67	0	8264
29505	160	66	25	7899	0	8150
29506	65	44	7811	159	0	8079
29507	7675	41	129	66	0	7911
29508	156	39	7927	53	0	8175
29509	70	7768	139	40	0	8017
29510	7757	141	56	46	0	8000
29511	159	56	7762	49	0	8026
29512	70	56	145	7841	0	8112
29513	55	33	8076	159	0	8323
29514	37	8108	141	84	0	8370
29515	42	154	57	8128	0	8381
29516	48	69	8064	162	0	8343
29517	7743	30	139	95	0	8007
29518	145	8185	54	64	0	8448
29519	71	151	28	8053	0	8303
29520	43	8264	32	163	0	8502
29521	8173	158	33	74	0	8438
29522	8171	59	20	73	0	8323
29523	166	8189	32	54	0	8441
29524	73	150	25	8074	0	8322
29525	43	8235	39	152	0	8469
29526	8184	164	27	76	0	8451
29527	150	70	8139	53	0	8412
29528	72	51	7984	51	0	8158
29529	48	7904	148	45	0	8145
29530	44	7961	66	31	0	8102
29531	52	161	39	7743	0	7995
29532	7706	55	30	138	0	7929
29533	7766	40	37	66	0	7909
29534	7597	32	24	47	0	7700
29535	173	7754	28	50	0	8005
29536	57	124	34	7633	0	7848
29537	52	7739	35	137	0	7963
29538	7780	132	35	52	0	7999
29539	153	51	29	7693	0	7926
29540	52	38	7540	144	0	7774
29541	45	7386	113	61	0	7605
29542	7264	119	42	39	0	7464
29543	129	38	7241	42	0	7450
29544	7097	39	112	40	0	7288
29545	125	7178	28	32	0	7363
29546	24	6591	11	22	0	6648
29547	6436	86	15	25	0	6562
29548	86	6569	12	18	0	6685
29549	6404	70	12	13	0	6499
29550	74	6436	11	13	0	6534
29551	6456	72	21	13	0	6562
29552	6463	23	17	13	0	6516
29553	83	20	6528	9	0	6640
29554	29	20	6309	7	0	6365
29555	26	6357	60	15	0	6458
29556	6200	69	50	10	0	6329
29557	59	18	6075	12	0	6164
29558	5747	17	47	10	0	5821
29559	53	31	18	5710	0	5812
29560	16	8	5829	32	0	5885
29561	13	2	5546	11	0	5572
29562	8	11	5842	11	0	5872
29563	3	5874	30	5	0	5912
29564	47	101	32	5638	0	5818
29565	5533	2	3	11	0	5549
29566	7	1	1	5601	0	5610
29567	5660	2	2	12	0	5676
29568	10	0	0	5671	0	5681
29569	5743	0	0	15	0	5758
29570	5810	1	2	16	0	5829
29571	6427	3	1	6	0	6437
29572	30	6566	1	1	0	6598
29573	15	32	6632	1	0	6680
29574	8	9	34	6651	0	6702
29575	83	55	73	3854	0	4065
29576	4	2	9	6887	0	6902
29577	3	2	2	6746	0	6753
29578	2	6672	2	63	0	6739
29579	5	41	6562	23	0	6631
29580	0	6690	41	11	0	6742
29581	4	48	15	6541	0	6608
29582	3	15	9	6802	0	6829
29583	1	9	3	6819	0	6832
29584	2	3	2	6795	0	6802
29585	5	6609	0	71	0	6685
29586	3	6619	2	26	0	6650
29587	5	51	6531	10	0	6597
29588	3	30	47	6559	0	6639
29589	4	13	11	6687	0	6715
29590	4	7	10	6793	0	6814
29591	6870	4	2	78	0	6954
29592	54	6867	5	33	0	6959
29593	16	58	6839	13	0	6926
29594	6851	19	53	5	0	6928
29595	57	10	15	6888	0	6970
29596	6998	4	13	67	0	7082
29597	65	6	2	7032	0	7105
29598	7081	6	3	70	0	7160
29599	71	8	2	7075	0	7156
29600	7077	8	3	67	0	7155
29601	71	6	7186	16	0	7279
29602	23	5	47	7163	0	7238
29603	19	7310	12	53	0	7394
29604	11	57	11	7523	0	7602
29605	7472	20	5	68	0	7565
29606	60	7514	9	24	0	7607
29607	17	70	6	7825	0	7918
29608	20	7757	3	83	0	7863
29609	6	96	4	7862	0	7968
29610	13	24	3	7908	0	7948
29611	9	18	7742	113	0	7882
29612	11	10	88	7576	0	7685
29613	10	8	7448	107	0	7573
29614	7	7331	100	33	0	7471
29615	7361	85	26	27	0	7499
29616	88	23	7362	18	0	7491
29617	7262	15	93	19	0	7389
29618	7579	9	24	22	0	7634
29619	123	9	19	7681	0	7832
29620	32	10	7956	109	0	8107
29621	7870	3	110	41	0	8024
29622	8400	10	31	25	0	8466
29623	144	3	14	8199	0	8360
29624	54	11	9	8287	0	8361
29625	24	8306	13	143	0	8486
29626	25	124	7	8318	0	8474
29627	16	8343	9	136	0	8504
29628	14	122	8281	55	0	8472
29629	16	40	112	8226	0	8394
29630	8149	21	39	128	0	8337
29631	8230	11	16	50	0	8307
29632	147	8190	10	27	0	8374
29633	46	120	9	8375	0	8550
29634	8415	34	16	125	0	8590
29635	128	8109	3	54	0	8294
29636	8209	126	4	28	0	8367
29637	138	42	5	8504	0	8689
29638	8850	19	4	152	0	9025
29639	170	21	9480	45	0	9716
29640	50	9482	160	39	0	9731
29641	9483	185	47	25	0	9740
29642	168	9762	31	26	0	9987
29643	9893	194	10	26	0	10123
29644	10126	57	14	21	0	10218
29645	244	33	10075	16	0	10368
29646	84	29	180	10036	0	10329
29647	10258	17	57	194	0	10526
29648	207	20	10141	62	0	10430
29649	10157	12	186	41	0	10396
29650	227	13	57	10156	0	10453
29651	79	12	10079	198	0	10368
29652	53	12	187	10026	0	10278
29653	9874	20	66	212	0	10172
29654	208	17	10012	75	0	10312
29655	83	11	186	10009	0	10289
29656	52	11	64	10163	0	10290
29657	10124	9	32	251	0	10416
29658	10191	14	20	92	0	10317
29659	248	10155	28	48	0	10479
29660	95	189	25	10079	0	10388
29661	69	56	25	10204	0	10354
29662	48	35	26	10106	0	10215
29663	9883	20	22	276	0	10201
29664	10010	23	20	113	0	10166
29665	265	34	26	9776	0	10101
29666	111	9636	26	217	0	9990
29667	82	204	26	9555	0	9867
29668	61	9723	27	227	0	10038
29669	9591	206	24	101	0	9922
29670	235	9388	26	72	0	9721
29671	8867	181	31	48	0	9127
29672	219	66	23	8726	0	9034
29673	8649	32	31	203	0	8915
29674	213	27	8548	93	0	8881
29675	104	8673	163	64	0	9004
29676	8648	175	91	68	0	8982
29677	8752	57	45	62	0	8916
29678	222	33	36	8491	0	8782
29679	97	8489	34	187	0	8807
29680	77	165	22	8783	0	9047
29681	67	64	28	8834	0	8993
29682	74	34	25	8864	0	8997
29683	8741	34	22	253	0	9050
29684	8881	29	24	123	0	9057
29685	236	32	15	8680	0	8963
29686	114	8718	19	202	0	9053
29687	8849	157	27	101	0	9134
29688	224	62	8704	73	0	9063
29689	104	40	147	8838	0	9129
29690	69	37	8833	214	0	9153
29691	71	39	160	8764	0	9034
29692	62	41	8762	214	0	9079
29693	69	34	165	8747	0	9015
29694	8753	38	65	224	0	9080
29695	8806	31	29	113	0	8979
29696	228	8570	34	66	0	8898
29697	8727	174	20	70	0	8991
29698	222	82	20	8583	0	8907
29699	117	44	25	8788	0	8974
29700	8681	34	60	249	0	9024
29701	236	38	8426	101	0	8801
29702	111	29	8398	81	0	8619
29703	77	48	8287	77	0	8489
29704	8135	34	183	81	0	8433
29705	217	32	8306	74	0	8629
29706	120	30	7966	95	0	8211
29707	7667	35	184	71	0	7957
29708	181	7804	69	74	0	8128
29709	98	135	48	7922	0	8203
29710	73	61	37	8084	0	8255
29711	82	30	7995	213	0	8320
29712	7947	27	146	97	0	8217
29713	8023	27	72	85	0	8207
29714	7700	35	49	70	0	7854
29715	195	25	7983	72	0	8275
29716	7858	23	155	68	0	8104
29717	191	21	7722	77	0	8011
29718	104	7593	147	72	0	7916
29719	84	7663	69	64	0	7880
29720	7227	130	54	71	0	7482
29721	143	7070	34	69	0	7316
29722	83	7118	32	60	0	7293
29723	7039	122	42	56	0	7259
29724	136	7045	34	48	0	7263
29725	6984	122	38	33	0	7177
29726	157	39	40	7132	0	7368
29727	72	34	42	7276	0	7424
29728	67	24	41	7302	0	7434
29729	51	32	48	7154	0	7285
29730	56	7127	49	150	0	7382
29731	7316	126	46	59	0	7547
29732	165	7734	29	51	0	7979
29733	88	7949	37	77	0	8151
29734	107	180	8216	37	0	8540
29735	8120	67	179	53	0	8419
29736	216	45	8664	32	0	8957
29737	128	23	8795	51	0	8997
29738	65	8549	188	38	0	8840
29739	27	8437	62	46	0	8572
29740	8701	192	69	25	0	8987
29741	164	9114	33	21	0	9332
29742	89	170	9043	18	0	9320
29743	36	8953	164	10	0	9163
29744	32	183	8930	11	0	9156
29745	18	66	8749	9	0	8842
29746	8463	42	224	9	0	8738
29747	159	26	8603	9	0	8797
29748	60	19	194	8368	0	8641
29749	8255	15	80	154	0	8504
29750	152	8262	52	64	0	8530
29751	62	155	8330	29	0	8576
29752	8285	54	168	20	0	8527
29753	179	31	68	8034	0	8312
29754	67	7861	39	159	0	8126
29755	43	146	8059	54	0	8302
29756	7978	58	167	35	0	8238
29757	170	30	8066	17	0	8283
29758	70	15	183	8015	0	8283
29759	35	15	7959	159	0	8168
29760	27	8	189	7957	0	8181
29761	7804	8	75	188	0	8075
29762	163	7985	45	79	0	8272
29763	8091	159	31	43	0	8324
29764	196	59	8044	24	0	8323
29765	75	33	170	8176	0	8454
29766	40	21	8228	173	0	8462
29767	8133	15	196	65	0	8409
29768	8309	10	80	33	0	8432
29769	225	8234	49	30	0	8538
29770	8339	179	40	12	0	8570
29771	8485	62	34	14	0	8595
29772	254	32	27	8256	0	8569
29773	107	21	8215	179	0	8522
29774	58	7947	176	78	0	8259
29775	38	189	62	8006	0	8295
29776	8021	64	40	183	0	8308
29777	198	37	7949	69	0	8253
29778	79	26	7981	36	0	8122
29779	53	18	7885	24	0	7980
29780	7684	15	255	18	0	7972
29781	196	20	7763	25	0	8004
29782	7655	11	230	10	0	7906
29783	213	18	7276	18	0	7525
29784	87	7524	192	16	0	7819
29785	53	177	90	7462	0	7782
29786	40	65	7487	168	0	7760
29787	33	7244	206	60	0	7543
29788	34	7485	89	33	0	7641
29789	33	228	51	7319	0	7631
29790	7261	91	44	180	0	7576
29791	181	52	34	7305	0	7572
29792	7198	35	35	196	0	7464
29793	200	40	32	7179	0	7451
29794	89	38	7095	209	0	7431
29795	53	33	7157	86	0	7329
29796	6995	23	237	55	0	7310
29797	7139	26	114	37	0	7316
29798	255	21	6960	32	0	7268
29799	6896	31	220	29	0	7176
29800	219	32	6898	23	0	7172
29801	114	6561	220	24	0	6919
29802	82	6668	109	14	0	6873
29803	57	6689	85	19	0	6850
29804	51	253	61	6517	0	6882
29805	6513	107	54	175	0	6849
29806	6602	66	55	82	0	6805
29807	259	46	46	6493	0	6844
29808	125	42	6290	192	0	6649
29809	69	45	200	6316	0	6630
29810	61	30	6281	211	0	6583
29811	71	26	221	6204	0	6522
29812	6122	19	115	222	0	6478
29813	6263	18	91	95	0	6467
29814	6286	16	54	74	0	6430
29815	6289	27	54	46	0	6416
29816	279	19	55	6005	0	6358
29817	147	22	50	6157	0	6376
29818	6044	28	43	248	0	6363
29819	6189	22	40	113	0	6364
29820	271	21	44	6017	0	6353
29821	137	18	40	6139	0	6334
29822	96	24	35	6096	0	6251
29823	78	30	28	6118	0	6254
29824	5895	24	31	287	0	6237
29825	214	21	5798	135	0	6168
29826	113	15	184	5658	0	5970
29827	5584	25	84	216	0	5909
29828	221	23	5457	114	0	5815
29829	124	16	196	5509	0	5845
29830	89	29	5478	197	0	5793
29831	70	5191	196	102	0	5559
29832	92	147	88	4648	0	4975
29833	4308	47	74	153	0	4582
29834	142	107	58	3802	0	4109
29835	80	3675	46	141	0	3942
29836	59	3347	34	68	0	3508
29837	32	2813	27	41	0	2913
29838	40	2558	37	36	0	2671
29839	1391	195	223	128	0	1937
29840	91	58	30	1019	0	1198
29841	20	4	839	24	0	887
29842	7	8	25	769	0	809
29843	11	2	754	28	0	795
29844	753	3	26	11	0	793
29845	31	3	9	747	0	790
29846	11	3	5	770	0	789
29847	10	5	5	763	0	783
29848	11	3	2	764	0	780
29849	743	3	5	28	0	779
29850	754	2	2	13	0	771
29851	30	2	5	727	0	764
29852	707	1	4	32	0	744
29853	27	2	689	14	0	732
29854	14	675	22	10	0	721
29855	9	15	6	690	0	720
29856	6	6	4	685	0	701
29857	4	666	6	32	0	708
29858	12	17	2	656	0	687
29859	9	31	8	639	0	687
29860	640	4	5	29	0	678
29861	20	2	584	14	0	620
29862	11	3	535	6	0	555
29863	511	2	20	4	0	537
29864	18	2	484	3	0	507
29865	262	2	23	3	0	290
29866	231	2	3	0	0	236
29867	11	3	3	175	0	192
29868	4	0	133	6	0	143
29869	109	1	5	2	0	117
29870	3	109	1	1	0	114
29871	64	9	12	2	0	87
29872	61	1	9	2	0	73
29873	97	0	3	0	0	100
29874	291	1	0	0	0	292
29875	288	2	0	0	0	290
29876	290	0	0	0	0	290
29877	294	0	0	0	0	294
29878	292	0	0	0	0	292
29879	289	0	0	0	0	289
29880	289	0	0	0	0	289
29881	283	0	0	0	0	283
29882	279	0	0	0	0	279
29883	286	2	0	0	0	288
29884	287	0	0	0	0	287
29885	286	0	0	0	0	286
29886	287	0	0	0	0	287
29887	286	0	0	0	0	286
29888	282	0	1	0	0	283
29889	278	0	0	0	0	278
29890	283	0	0	0	0	283
29891	277	0	0	0	0	277
29892	285	0	0	0	0	285
29893	278	0	0	0	0	278
29894	286	0	0	0	0	286
29895	273	0	0	0	0	273
29896	274	0	0	0	0	274
29897	275	0	0	0	0	275
29898	282	0	0	0	0	282
29899	284	0	0	0	0	284
29900	284	0	0	0	0	284
29901	266	0	0	0	0	266
29902	247	0	1	0	0	248
29903	207	0	10	0	0	217
