Pos	A	C	G	T	Other	Total
1	0	0	0	0	0	0
2	0	0	0	0	0	0
3	0	0	0	0	0	0
4	0	0	0	0	0	0
5	253	0	0	0	0	253
6	253	0	0	0	0	253
7	0	0	257	0	0	257
8	1	0	257	0	0	258
9	1	0	0	255	0	256
10	0	1	1	257	0	259
11	1	0	1	261	0	263
12	261	0	0	1	0	262
13	1	0	0	420	0	421
14	1143	0	1	31	0	1175
15	0	1862	6	2	0	1870
16	3	3192	4	13	0	3212
17	47	6	3	9092	0	9148
18	20	3	1	10345	0	10369
19	6	16280	32	12	0	16330
20	9	18329	21	17	0	18376
21	9	22470	45	19	0	22543
22	24842	6	32	136	0	25016
23	13	87	25374	14	0	25488
24	20	113	25748	55	0	25936
25	27	14	11	27928	0	27980
26	30855	14	12	169	0	31050
27	31019	5	12	76	0	31112
28	11	31639	77	27	0	31754
29	36809	11	11	344	0	37175
30	40536	17	25	201	0	40779
31	41321	17	9	118	0	41465
32	12	42010	72	37	0	42131
33	7	43299	91	51	0	43448
34	44866	8	5	135	0	45014
35	45343	16	13	120	0	45492
36	18	47607	91	44	0	47760
37	20	52695	81	178	0	52974
38	53148	9	14	132	0	53303
39	53225	21	14	110	0	53370
40	17	54924	96	53	0	55090
41	70	19	17	57918	0	58024
42	62	14	10	58548	0	58634
43	43	22	12	58466	0	58543
44	14	58675	86	120	0	58895
45	51	225	56766	38	0	57080
46	50150	65	59	166	0	50440
47	63	26	16	59444	0	59549
48	27	59922	109	55	0	60113
49	57	30	13	60559	0	60659
50	19	61256	103	57	0	61435
51	64	47	21	61290	0	61422
52	76	40	12	63008	0	63136
53	52	213	63812	87	0	64164
54	67	34	49	62824	0	62974
55	62780	19	42	199	0	63040
56	77	208	63670	71	0	64026
57	60019	20	64	151	0	60254
58	103	25	43	64916	0	65087
59	43	65799	136	88	0	66066
60	59	64	16	66379	0	66518
61	58	242	66517	84	0	66901
62	75	40	71	64918	0	65104
63	51	21	51	67431	0	67554
64	33	69282	153	122	0	69590
65	63	64	22	70134	0	70283
66	22	69858	145	415	0	70440
67	41	92	13	70526	0	70672
68	69056	49	25	213	0	69343
69	67609	42	33	209	0	67893
70	68485	33	24	186	0	68728
71	128	72197	129	109	0	72563
72	175	231	70479	54	0	70939
73	66295	77	141	187	0	66700
74	73279	44	64	149	0	73536
75	189	76280	145	54	0	76668
76	146	195	27	68069	0	68437
77	87	130	34	70168	0	70419
78	97	49	33	70277	0	70456
79	69521	28	2136	569	0	72254
80	70967	20	39	342	0	71368
81	71483	42	33	206	0	71764
82	72822	32	28	168	0	73050
83	494	72	21	72228	0	72815
84	201	72476	163	458	0	73298
85	127	273	12	74205	0	74617
86	82	381	74000	340	0	74803
87	115	56	303	74445	0	74919
88	74	216	78165	433	0	78888
89	97	42	398	75857	0	76394
90	89	260	81296	462	0	82107
91	80	216	80882	299	0	81477
92	50	84501	747	188	0	85486
93	136	529	268	89961	0	90894
94	130	478	96623	490	0	97721
95	168	97	514	93674	0	94453
96	243	98029	456	620	0	99348
97	98135	503	74	465	0	99177
98	510	107089	242	218	0	108059
99	354	557	49	105427	0	106387
100	77	108103	209	666	0	109055
101	110	863	103102	334	0	104409
102	268	577	103372	150	0	104367
103	81	106695	905	227	0	107908
104	137	530	306	107635	0	108608
105	267	732	107473	569	0	109041
106	72	106978	726	498	0	108274
107	106579	532	319	313	0	107743
108	634	309	119	107698	0	108760
109	384	411	112929	578	0	114302
110	103	113378	721	425	0	114627
111	185	545	311	113684	0	114725
112	148	522	107	114239	0	115016
113	105217	133	101	1113	0	106564
114	585	371	112833	394	0	114183
115	410	94	590	110605	0	111699
116	162	360	111800	649	0	112971
117	80	107465	922	537	0	109004
118	103824	584	344	349	0	105101
119	547	104782	341	193	0	105863
120	419	634	113	101524	0	102690
121	111	102172	258	563	0	103104
122	96896	637	96	548	0	98177
123	604	101173	274	216	0	102267
124	427	968	97196	189	0	98780
125	127	99344	776	253	0	100500
126	94802	698	374	372	0	96246
127	733	715	100484	149	0	102081
128	470	180	771	99127	0	100548
129	90555	143	8699	908	0	100305
130	874	146	202	96475	0	97697
131	97132	114	159	1105	0	98510
132	97974	140	141	721	0	98976
133	1287	149	133	97653	0	99222
134	650	135	124	97807	0	98716
135	95936	143	125	1443	0	97647
136	94983	148	137	720	0	95988
137	1340	125	124	92528	0	94117
138	91735	129	140	1124	0	93128
139	92122	150	157	701	0	93130
140	1273	92019	372	312	0	93976
141	685	867	160	91609	0	93321
142	94091	493	140	1206	0	95930
143	95085	197	169	739	0	96190
144	1390	166	251	94129	0	95936
145	637	175	165	95842	0	96819
146	93515	144	158	1501	0	95318
147	915	95331	349	841	0	97436
148	656	857	158	94982	0	96653
149	294	875	95282	1021	0	97472
150	329	205	882	92166	0	93582
151	241	95944	690	1127	0	98002
152	297	1108	95599	640	0	97644
153	357	506	895	92769	0	94527
154	401	247	546	92204	0	93398
155	313	412	96443	1368	0	98536
156	82651	189	950	965	0	84755
157	985	101164	706	458	0	103313
158	100612	870	270	620	0	102372
159	1115	715	101225	395	0	103450
160	704	477	104116	303	0	105600
161	94210	238	1220	579	0	96247
162	1025	107461	703	402	0	109591
163	106592	915	192	536	0	108235
164	1032	110386	400	578	0	112396
165	712	1321	110169	343	0	112545
166	104136	546	884	611	0	106177
167	1175	592	114972	280	0	117019
168	752	222	868	112829	0	114671
169	113524	202	512	1300	0	115538
170	113228	190	227	1084	0	114729
171	1277	115577	473	437	0	117764
172	841	1197	202	113252	0	115492
173	344	115472	394	1009	0	117219
174	357	1185	113514	627	0	115683
175	416	873	771	106539	0	108599
176	388	110714	752	813	0	112667
177	341	671	216	110799	0	112027
178	92762	462	317	1196	0	94737
179	881	234	171	108543	0	109829
180	494	109307	413	784	0	110998
181	391	653	149	110036	0	111229
182	430	465	197	109415	0	110507
183	326	109668	439	982	0	111415
184	445	690	187	109840	0	111162
185	425	683	107929	773	0	109810
186	362	106783	875	662	0	108682
187	98893	630	385	502	0	100410
188	768	670	104060	259	0	105757
189	604	492	103925	382	0	105403
190	331	101903	990	283	0	103507
191	428	602	523	99703	0	101256
192	367	622	97629	783	0	99401
193	357	85044	896	481	0	86778
194	457	500	306	87022	0	88285
195	296	397	153	89781	0	90627
196	86730	180	157	1007	0	88074
197	624	88692	263	649	0	90228
198	458	920	81273	253	0	82904
199	277	710	83756	431	0	85174
200	314	202	861	83265	0	84642
201	267	203	402	112217	0	113089
202	336	315	187	112290	0	113128
203	206	130208	417	2928	0	133759
204	314	2933	132905	1334	0	137486
205	426	1596	2576	130941	0	135539
206	224	141653	1902	2796	0	146575
207	198	147713	778	1735	0	150424
208	315	5127	150893	574	0	156909
209	362	2147	3694	147421	0	153624
210	319	931	164498	3780	0	169528
211	430	365	4495	159994	0	165284
212	351	383	2419	166388	0	169541
213	489	688	163829	6260	0	171266
214	185	163807	4677	3212	0	171881
215	159427	4166	2524	1088	0	167205
216	4219	2648	164749	595	0	172211
217	2283	164480	4659	866	0	172288
218	624	170036	2731	662	0	174053
219	509	6768	161816	556	0	169649
220	156067	2934	4577	618	0	164196
221	4660	1187	2622	143786	0	152255
222	2274	164046	1285	3960	0	171565
223	162901	4544	678	2313	0	170436
224	4554	2771	599	153933	0	161857
225	2386	161909	937	4468	0	169700
226	161024	4739	778	2734	0	169275
227	4309	2964	158435	1149	0	166857
228	2328	159760	4836	932	0	167856
229	155927	4606	2800	998	0	164331
230	4028	159624	1382	1068	0	166102
231	157117	4986	996	943	0	164042
232	4718	3039	1030	149718	0	158505
233	2506	154478	1456	4307	0	162747
234	971	4727	997	156629	0	163324
235	152492	2890	1140	5327	0	161849
236	4285	1646	152571	3115	0	161617
237	2686	1478	156430	1419	0	162013
238	1549	1097	6904	148547	0	158097
239	1040	1216	3445	154867	0	160568
240	1140	1314	1576	151287	0	155317
241	845	150367	1573	7076	0	159861
242	929	5190	147894	3314	0	157327
243	1172	3379	4889	139704	0	149144
244	999	145530	3446	4543	0	154518
245	1192	150236	1690	2999	0	156117
246	1250	7110	146758	1367	0	156485
247	1235	4059	150597	1092	0	156983
248	1378	2320	155033	1031	0	159762
249	1412	1572	7186	146310	0	156480
250	1288	1965	152402	4749	0	160404
251	1571	1716	5431	147861	0	156579
252	1364	1730	152716	5226	0	161036
253	138619	1642	5589	3393	0	149243
254	5225	152672	3746	1754	0	163397
255	3168	162799	2005	1713	0	169685
256	1811	8206	163565	1499	0	175081
257	156789	3932	5853	1969	0	168543
258	164954	1993	3621	1649	0	172217
259	165671	1522	1944	1747	0	170884
260	8462	1739	156333	1672	0	168206
261	3888	1660	160704	1848	0	168100
262	1834	1422	8497	153458	0	165211
263	156104	1505	4435	6619	0	168663
264	156251	1606	2338	4360	0	164555
265	7948	1785	150514	2373	0	162620
266	150032	1898	6706	1969	0	160605
267	6233	1834	4619	146144	0	158830
268	3510	1960	149644	6331	0	161445
269	1531	2018	152487	4092	0	160128
270	139783	1786	9513	2570	0	153652
271	5542	1839	149412	2245	0	159038
272	143146	1608	7883	2401	0	155038
273	6276	1778	148448	1999	0	158501
274	3797	139246	8374	2037	0	153454
275	2097	147552	5693	1807	0	157149
276	2293	8427	3274	139130	0	153124
277	2062	5007	2873	147552	0	157494
278	2038	2876	143142	8341	0	156397
279	2446	2181	7414	134553	0	146594
280	2243	135823	5457	6479	0	150002
281	2616	141448	3279	3866	0	151209
282	2673	146300	2968	1921	0	153862
283	2950	8859	2609	137840	0	152258
284	2621	4697	140471	5878	0	153667
285	2538	2503	143100	3833	0	151974
286	2991	2292	9262	135151	0	149696
287	3050	1894	5036	138657	0	148637
288	3269	1697	3104	125531	0	133601
289	2931	136452	3022	7985	0	150390
290	138047	5826	2589	4147	0	150609
291	138803	3989	2577	2238	0	147607
292	8945	135619	2867	2132	0	149563
293	5081	6339	137534	1857	0	150811
294	137536	3943	6990	1798	0	150267
295	7200	2278	141180	1752	0	152410
296	139049	1773	7478	1776	0	150076
297	141005	1793	4938	2006	0	149742
298	140444	1834	2981	2160	0	147419
299	136983	1727	2499	2558	0	143767
300	8474	133837	2907	2760	0	147978
301	105646	4299	1767	1867	0	113579
302	4669	107030	2260	1975	0	115934
303	85635	3488	1518	1208	0	91849
304	3550	84218	1529	1322	0	90619
305	2005	3155	76273	893	0	82326
306	1284	7490	3029	62004	0	73807
307	845	69941	2072	2368	0	75226
308	828	66939	1039	1432	0	70238
309	59185	3250	3178	1914	0	67527
310	52076	845	589	451	0	53961
311	2046	54510	872	417	0	57845
312	1316	1464	588	51154	0	54522
313	721	56066	675	2291	0	59753
314	57802	1411	555	846	0	60614
315	1857	892	58340	380	0	61469
316	1281	358	1717	56136	0	59492
317	842	324	1116	57150	0	59432
318	732	367	689	58383	0	60171
319	713	478	57014	1994	0	60199
320	716	55210	1782	913	0	58621
321	780	57853	1141	463	0	60237
322	825	2024	644	57686	0	61179
323	701	1162	58306	1427	0	61596
324	677	747	1688	57570	0	60682
325	696	640	1065	59220	0	61621
326	735	653	613	59300	0	61301
327	790	605	561	59742	0	61698
328	57447	529	675	2300	0	60951
329	1654	58463	736	1177	0	62030
330	58277	1712	716	718	0	61423
331	1773	1229	58585	608	0	62195
332	1130	817	59975	587	0	62509
333	866	696	2044	56735	0	60341
334	734	616	1118	56655	0	59123
335	560	59643	881	2358	0	63442
336	630	1684	60079	1161	0	63554
337	518	60795	1861	997	0	64171
338	541	1893	61617	706	0	64757
339	54558	1064	1762	778	0	58162
340	1741	61700	1134	664	0	65239
341	1173	1851	61976	544	0	65544
342	822	1121	1685	59829	0	63457
343	675	798	62281	1691	0	65445
344	550	61946	1846	1151	0	65493
345	742	1721	1024	58682	0	62169
346	636	61878	666	1837	0	65017
347	767	1833	61528	1111	0	65239
348	814	1017	1503	59395	0	62729
349	59864	708	824	1708	0	63104
350	1760	59647	590	991	0	62988
351	1185	1811	57698	494	0	61188
352	699	1895	1329	52424	0	56347
353	534	638	55805	1379	0	58356
354	415	483	48952	687	0	50537
355	246	43198	1121	351	0	44916
356	586	511	429	37316	0	38842
357	155	321	160	37685	0	38321
358	159	179	139	37754	0	38231
359	143	232	38041	632	0	39048
360	142	216	36927	343	0	37628
361	31223	149	650	295	0	32317
362	418	173	36647	153	0	37391
363	32591	88	414	173	0	33266
364	373	35923	308	151	0	36755
365	252	457	151	33906	0	34766
366	87	35826	169	392	0	36474
367	83	36702	182	281	0	37248
368	82	558	35437	162	0	36239
369	92	259	396	35292	0	36039
370	65	228	37061	424	0	37778
371	80	223	34914	251	0	35468
372	33018	117	539	230	0	33904
373	1518	161	35204	188	0	37071
374	204	144	36089	200	0	36637
375	32857	121	520	292	0	33790
376	338	155	36285	190	0	36968
377	196	204	37215	180	0	37795
378	136	148	519	34934	0	35737
379	86	37404	344	403	0	38237
380	110	338	214	37587	0	38249
381	90	239	200	37461	0	37990
382	37740	107	174	645	0	38666
383	379	149	153	36655	0	37336
384	230	38782	229	429	0	39670
385	37963	399	198	332	0	38892
386	375	345	38596	184	0	39500
387	35015	159	490	265	0	35929
388	430	232	41172	182	0	42016
389	258	202	42516	146	0	43122
390	82	43617	792	200	0	44691
391	39273	501	435	4231	0	44440
392	403	45058	307	388	0	46156
393	275	618	45415	213	0	46521
394	217	394	597	40546	0	41754
395	121	47082	478	415	0	48096
396	46829	555	241	310	0	47935
397	46341	329	238	200	0	47108
398	729	46985	297	304	0	48315
399	47801	617	235	165	0	48818
400	613	359	217	44703	0	45892
401	302	47334	341	596	0	48573
402	154	644	242	47914	0	48954
403	157	380	219	50918	0	51674
404	51342	210	233	953	0	52738
405	50304	186	225	481	0	51196
406	50213	132	234	281	0	50860
407	1043	219	49793	323	0	51378
408	47624	128	796	172	0	48720
409	784	203	575	50087	0	51649
410	447	218	50532	685	0	51882
411	209	229	47226	414	0	48078
412	141	47354	1119	222	0	48836
413	42907	725	495	168	0	44295
414	564	45736	204	139	0	46643
415	363	535	92	44695	0	45685
416	216	303	95	45610	0	46224
417	159	188	46883	693	0	47923
418	178	220	562	43419	0	44379
419	135	133	47417	552	0	48237
420	132	140	46625	337	0	47234
421	101	47578	784	124	0	48587
422	132	448	311	46270	0	47161
423	124	268	124	46505	0	47021
424	46352	115	83	690	0	47240
425	508	148	46540	331	0	47527
426	349	70	476	47064	0	47959
427	47286	63	307	570	0	48226
428	673	147	48353	319	0	49492
429	46003	78	577	190	0	46848
430	48362	80	373	159	0	48974
431	809	186	49786	105	0	50886
432	404	91	561	47302	0	48358
433	223	92	354	48669	0	49338
434	197	182	50148	732	0	51259
435	46863	82	595	472	0	48012
436	50722	91	375	195	0	51383
437	49247	105	191	194	0	49737
438	49556	102	191	211	0	50060
439	49566	118	263	205	0	50152
440	928	256	44187	183	0	45554
441	467	221	50727	170	0	51585
442	225	51011	783	203	0	52222
443	255	662	50892	188	0	51997
444	222	479	639	48470	0	49810
445	381	411	569	37195	0	38556
446	293	173	197	51006	0	51669
447	356	161	174	51513	0	52204
448	329	206	51189	854	0	52578
449	308	50121	668	488	0	51585
450	283	53134	461	265	0	54143
451	334	851	243	49257	0	50685
452	225	54144	239	620	0	55228
453	52900	683	219	450	0	54252
454	52667	392	211	349	0	53619
455	1046	56099	246	326	0	57717
456	674	645	206	55958	0	57483
457	388	388	235	57587	0	58598
458	346	226	57162	1114	0	58848
459	48478	152	910	713	0	50253
460	56428	166	582	316	0	57492
461	1163	58530	413	349	0	60455
462	58232	818	264	338	0	59652
463	1041	600	60054	278	0	61973
464	700	59441	902	320	0	61363
465	391	61811	631	315	0	63148
466	308	62991	408	358	0	64065
467	365	1259	287	61049	0	62960
468	60449	574	284	1057	0	62364
469	1089	304	332	61331	0	63056
470	830	278	62337	1243	0	64688
471	567	204	1123	61398	0	63292
472	517	294	64973	1132	0	66916
473	405	251	1248	60901	0	62805
474	493	245	786	58470	0	59994
475	319	63968	510	1433	0	66230
476	65740	1045	440	808	0	68033
477	1172	653	395	62369	0	64589
478	762	64849	404	1218	0	67233
479	65059	1002	316	830	0	67207
480	57531	740	443	569	0	59283
481	64527	299	358	556	0	65740
482	1451	64650	469	890	0	67460
483	762	1085	64888	458	0	67193
484	391	634	1134	64029	0	66188
485	446	573	784	61489	0	63292
486	412	64515	501	1503	0	66931
487	427	1152	63769	761	0	66109
488	603	636	62777	472	0	64488
489	57415	297	1349	399	0	59460
490	1190	339	651	60119	0	62299
491	768	278	61565	903	0	63514
492	377	64488	986	705	0	66556
493	580	886	808	58018	0	60292
494	397	64381	416	788	0	65982
495	385	1223	62426	538	0	64572
496	57142	592	879	475	0	59088
497	62176	250	659	421	0	63506
498	1234	63372	419	449	0	65474
499	760	822	226	62245	0	64053
500	449	599	62496	905	0	64449
501	437	61108	922	623	0	63090
502	58236	831	543	499	0	60109
503	697	56979	275	249	0	58200
504	423	57695	248	239	0	58605
505	291	1031	219	55196	0	56737
506	168	57359	210	645	0	58382
507	56694	772	145	468	0	58079
508	918	487	123	56567	0	58095
509	444	314	55163	742	0	56663
510	236	288	54002	446	0	54972
511	259	179	870	52926	0	54234
512	166	54770	514	592	0	56042
513	54762	682	187	461	0	56092
514	694	445	159	52658	0	53956
515	438	310	52718	669	0	54135
516	258	228	628	52177	0	53291
517	219	221	409	52623	0	53472
518	51412	236	211	1006	0	52865
519	673	251	178	49984	0	51086
520	463	287	50593	680	0	52023
521	246	297	50904	449	0	51896
522	270	221	892	51004	0	52387
523	276	224	479	52321	0	53300
524	259	371	52890	949	0	54469
525	43930	240	714	705	0	45589
526	697	310	52381	324	0	53712
527	460	51614	773	258	0	53105
528	322	647	427	51191	0	52587
529	251	528	51480	667	0	52926
530	206	364	50931	441	0	51942
531	257	216	911	48564	0	49948
532	48478	200	500	752	0	49930
533	636	302	50040	496	0	51474
534	434	49137	729	327	0	50627
535	49464	654	477	359	0	50954
536	636	546	50207	266	0	51655
537	46220	215	688	359	0	47482
538	49896	190	481	327	0	50894
539	885	51890	401	278	0	53454
540	584	623	262	46781	0	48250
541	231	51459	320	606	0	52616
542	211	773	50714	453	0	52151
543	47390	472	718	368	0	48948
544	51841	254	503	301	0	52899
545	979	278	52170	221	0	53648
546	558	277	51697	254	0	52786
547	256	53178	1094	214	0	54742
548	54347	653	581	282	0	55863
549	782	472	299	52892	0	54445
550	592	240	228	49400	0	50460
551	220	52666	333	869	0	54088
552	50795	662	272	521	0	52250
553	688	515	52858	234	0	54295
554	469	190	679	56998	0	58336
555	57872	160	455	1142	0	59629
556	1076	59648	351	630	0	61705
557	598	1103	69075	190	0	70966
558	252	614	71613	165	0	72644
559	287	1020	2176	63846	0	67329
560	129	71374	914	1384	0	73801
561	209	1659	72319	633	0	74820
562	199	804	1666	69643	0	72312
563	71146	167	903	1694	0	73910
564	1698	389	74154	712	0	76953
565	834	113	1731	72932	0	75610
566	242	264	75540	1707	0	77753
567	203	333	76904	800	0	78240
568	212	522	2468	73623	0	76825
569	165	231	76992	1685	0	79073
570	62590	112	1842	960	0	65504
571	1604	207	74428	165	0	76404
572	66394	68	1689	183	0	68334
573	1585	71843	893	137	0	74458
574	73068	1561	222	232	0	75083
575	1585	77108	271	115	0	79079
576	830	1647	154	75215	0	77846
577	258	854	158	78623	0	79893
578	159	265	77564	2260	0	80248
579	143	243	78557	847	0	79790
580	212	98	2439	77294	0	80043
581	200	222	79165	1717	0	81304
582	241	138	1890	72038	0	74307
583	152	75709	1133	1561	0	78555
584	186	79719	522	795	0	81222
585	229	2358	377	76882	0	79846
586	278	928	389	78913	0	80508
587	191	369	77233	2367	0	80160
588	272	192	1867	73171	0	75502
589	196	75363	1078	1873	0	78510
590	189	77328	601	944	0	79062
591	199	78203	500	467	0	79369
592	332	2315	451	68317	0	71415
593	214	72977	611	1762	0	75564
594	71315	1741	483	952	0	74491
595	1772	840	606	71551	0	74769
596	907	366	71779	1835	0	74887
597	370	418	2019	70632	0	73439
598	329	384	73199	1908	0	75820
599	344	367	73492	1008	0	75211
600	356	368	74844	481	0	76049
601	330	72231	2813	532	0	75906
602	606	1928	73825	469	0	76828
603	72218	1106	2103	585	0	76012
604	75280	428	1224	548	0	77480
605	76479	356	722	594	0	78151
606	2532	338	621	74150	0	77641
607	74345	360	723	2101	0	77529
608	1809	73382	852	1219	0	77262
609	902	77482	798	698	0	79880
610	76174	2476	711	668	0	80029
611	1890	1295	78727	636	0	82548
612	1281	563	2114	77225	0	81183
613	412	642	81262	2113	0	84429
614	516	778	81561	1320	0	84175
615	309	82343	2971	706	0	86329
616	394	2061	1480	76880	0	80815
617	337	1175	813	83965	0	86290
618	81524	604	717	2804	0	85649
619	1840	82919	856	1503	0	87118
620	1058	84975	871	809	0	87713
621	711	2755	82953	776	0	87195
622	508	84636	2394	744	0	88282
623	80554	2184	1727	770	0	85235
624	81254	1282	1067	918	0	84521
625	2730	830	83959	754	0	88273
626	1246	759	85198	829	0	88032
627	589	703	3378	78246	0	82916
628	614	658	1915	80156	0	83343
629	588	82319	1327	2904	0	87138
630	734	2185	1100	81640	0	85659
631	802	1221	1086	81743	0	84852
632	704	82328	1150	2968	0	87150
633	820	2096	1005	82163	0	86084
634	634	1236	1168	79517	0	82555
635	580	78506	1203	3076	0	83365
636	640	2243	78820	1560	0	83263
637	765	1284	2608	79381	0	84038
638	79411	772	1680	2374	0	84237
639	78002	738	1113	1390	0	81243
640	3100	976	76334	743	0	81153
641	73474	919	2334	871	0	77598
642	76185	956	1284	934	0	79359
643	2661	75374	971	984	0	79990
644	1231	2238	72815	1033	0	77317
645	545	1435	74462	1077	0	77519
646	596	786	2942	75201	0	79525
647	78820	615	1875	2415	0	83725
648	82263	665	1285	1480	0	85693
649	2879	743	974	83484	0	88080
650	89561	783	802	2578	0	93724
651	91277	851	960	1574	0	94662
652	89093	846	928	1016	0	91883
653	3120	911	89572	977	0	94580
654	1386	649	86300	751	0	89086
655	79426	344	2526	806	0	83102
656	1870	858	83877	695	0	87300
657	730	74886	1269	238	0	77123
658	688	1124	1153	70976	0	73941
659	252	741	76209	990	0	78192
660	242	311	74627	534	0	75714
661	279	799	1473	68154	0	70705
662	175	248	74569	862	0	75854
663	272	210	73738	583	0	74803
664	174	67505	1337	255	0	69271
665	162	72015	606	214	0	72997
666	71261	1087	312	243	0	72903
667	859	494	113	70239	0	71705
668	69746	140	146	783	0	70815
669	854	214	70862	439	0	72369
670	587	100	795	68212	0	69694
671	246	81	497	71346	0	72170
672	66156	84	213	1214	0	67667
673	754	72227	222	628	0	73831
674	654	844	68314	175	0	69987
675	485	649	69471	109	0	70714
676	349	72648	1326	224	0	74547
677	152	802	72855	92	0	73901
678	109	72921	942	110	0	74082
679	127	69556	565	134	0	70382
680	206	1233	66763	81	0	68283
681	61622	469	918	113	0	63122
682	772	121	461	70473	0	71827
683	478	73321	249	839	0	74887
684	241	713	135	71844	0	72933
685	72177	412	138	817	0	73544
686	72349	120	153	506	0	73128
687	72312	74	157	277	0	72820
688	1144	339	70993	113	0	72589
689	598	98	809	67022	0	68527
690	158	71998	616	820	0	73592
691	74895	733	194	556	0	76378
692	798	476	184	75002	0	76460
693	560	369	158	74549	0	75636
694	265	119	147	77465	0	77996
695	204	213	75367	1185	0	76969
696	62680	121	841	812	0	64454
697	787	76451	613	255	0	78106
698	636	757	216	75473	0	77082
699	365	459	173	76763	0	77760
700	72562	141	233	1288	0	74224
701	977	248	74402	574	0	76201
702	653	237	77569	222	0	78681
703	270	77631	1459	210	0	79570
704	211	936	80530	173	0	81850
705	66349	576	1194	342	0	68461
706	881	80420	816	259	0	82376
707	578	1037	80873	188	0	82676
708	65531	647	1244	305	0	67727
709	1001	378	85654	388	0	87421
710	648	86472	1215	247	0	88582
711	386	956	683	84979	0	87004
712	346	635	307	87571	0	88859
713	317	379	85578	1368	0	87642
714	300	316	84595	757	0	85968
715	316	83688	1603	517	0	86124
716	79958	930	780	428	0	82096
717	1000	86166	506	272	0	87944
718	763	1080	308	83205	0	85356
719	382	797	84728	1044	0	86951
720	71143	313	1298	745	0	73499
721	1114	211	854	81746	0	83925
722	664	82207	589	1032	0	84492
723	283	85819	575	681	0	87358
724	337	1512	386	84208	0	86443
725	339	870	303	85752	0	87264
726	82976	359	324	1577	0	85236
727	1092	317	328	85981	0	87718
728	715	411	85970	1203	0	88299
729	79234	235	1226	885	0	81580
730	84566	260	798	515	0	86139
731	1540	429	85701	336	0	88006
732	79449	321	1213	354	0	81337
733	1340	294	746	88043	0	90423
734	894	317	354	89755	0	91320
735	538	267	317	90938	0	92060
736	442	367	347	87672	0	88828
737	291	89961	473	1858	0	92583
738	91780	1226	357	969	0	94332
739	94823	806	340	576	0	96545
740	1920	560	99166	422	0	102068
741	98341	326	1478	459	0	100604
742	104986	357	911	443	0	106697
743	106975	305	411	463	0	108154
744	110545	289	365	449	0	111648
745	2914	108911	447	390	0	112662
746	1135	1499	249	104046	0	106929
747	495	1004	105254	1456	0	108209
748	382	486	100156	798	0	101822
749	88443	710	2524	393	0	92070
750	95493	259	1218	363	0	97333
751	1719	93914	430	209	0	96272
752	94706	1051	131	286	0	96174
753	1286	95342	434	209	0	97271
754	838	1170	105	93053	0	95166
755	96207	628	119	1307	0	98261
756	95653	200	155	792	0	96800
757	96602	131	156	334	0	97223
758	1812	95575	275	200	0	97862
759	95486	1097	138	240	0	96961
760	1398	636	137	96220	0	98391
761	98643	208	222	1265	0	100338
762	1509	307	97189	665	0	99670
763	885	98923	1294	285	0	101387
764	98484	1205	642	267	0	100598
765	1436	840	99691	280	0	102247
766	968	313	1238	95927	0	98446
767	495	289	100909	1203	0	102896
768	473	325	100022	654	0	101474
769	529	155	1809	95574	0	98067
770	467	368	100922	1280	0	103037
771	484	199	1403	97687	0	99773
772	470	206	763	100532	0	101971
773	100875	202	301	1933	0	103311
774	1580	102753	374	1014	0	105721
775	947	106322	345	682	0	108296
776	473	106427	371	297	0	107568
777	839	2427	102678	219	0	106163
778	564	1181	1717	101821	0	105283
779	507	507	106903	1652	0	109569
780	96455	283	1935	1067	0	99740
781	103934	252	990	443	0	105619
782	2419	105409	507	415	0	108750
783	1381	1777	287	97473	0	100918
784	571	106538	444	1408	0	108961
785	105578	1680	318	922	0	108498
786	1969	996	292	105438	0	108695
787	1248	567	105568	1676	0	109059
788	602	103990	1805	1163	0	107560
789	585	1810	106846	414	0	109655
790	617	962	1908	103895	0	107382
791	509	575	105811	1770	0	108665
792	94654	339	1963	1222	0	98178
793	1976	516	105524	494	0	108510
794	1217	105158	2066	447	0	108888
795	701	1762	1149	103144	0	106756
796	654	1064	548	106168	0	108434
797	103939	468	478	2528	0	107413
798	103897	418	471	1248	0	106034
799	2561	102979	693	623	0	106856
800	1285	1827	102166	441	0	105719
801	713	1241	102107	409	0	104470
802	96907	505	2510	608	0	100530
803	1947	614	101758	466	0	104785
804	1298	622	98696	497	0	101113
805	889	555	99783	497	0	101724
806	821	582	100222	465	0	102090
807	613	98279	2687	508	0	102087
808	98814	1741	1296	550	0	102401
809	2159	1154	679	93794	0	97786
810	95832	515	611	1728	0	98686
811	2012	95087	830	1073	0	99002
812	94737	1815	661	640	0	97853
813	1973	98480	849	541	0	101843
814	1423	1859	759	93784	0	97825
815	692	101707	871	2129	0	105399
816	780	2097	100170	1128	0	104175
817	669	103096	2254	602	0	106621
818	800	2034	1403	108100	0	112337
819	109506	1311	732	2131	0	113680
820	2347	685	700	109842	0	113574
821	1614	831	109903	2262	0	114610
822	921	591	2327	101696	0	105535
823	689	109269	1696	2076	0	113730
824	716	2276	109230	1248	0	113470
825	105286	1362	2396	698	0	109742
826	2434	658	1595	111651	0	116338
827	111174	645	870	2307	0	114996
828	109848	644	822	1477	0	112791
829	2986	112078	983	732	0	116779
830	111639	2148	828	744	0	115359
831	112664	1407	797	725	0	115593
832	3021	112919	1051	641	0	117632
833	1622	2197	807	112560	0	117186
834	888	1391	839	110856	0	113974
835	645	111634	1043	2937	0	116259
836	811	2263	788	113859	0	117721
837	801	1527	111736	2215	0	116279
838	775	940	2203	108857	0	112775
839	654	775	109009	2260	0	112698
840	629	677	100799	1267	0	103372
841	598	99561	2825	665	0	103649
842	512	99204	1479	824	0	102019
843	618	102187	943	687	0	104435
844	922	2590	948	93853	0	98313
845	465	1293	95237	1584	0	98579
846	90196	524	1762	1056	0	93538
847	1768	414	1074	96588	0	99844
848	1058	650	97454	1654	0	100816
849	574	605	98405	1026	0	100610
850	518	98548	2455	519	0	102040
851	626	1841	1183	95167	0	98817
852	94608	1050	591	1577	0	97826
853	1545	95142	643	1052	0	98382
854	923	96380	610	559	0	98472
855	406	95128	672	498	0	96704
856	493	2562	479	91747	0	95281
857	376	96717	683	1673	0	99449
858	513	1947	481	103335	0	106276
859	698	1086	667	105526	0	107977
860	407	691	102453	2747	0	106298
861	86195	533	2111	1637	0	90476
862	1902	634	102475	492	0	105503
863	1187	546	1997	99426	0	103156
864	492	643	101906	1979	0	105020
865	353	100510	2243	1279	0	104385
866	100463	2032	1303	647	0	104445
867	1995	1185	666	96321	0	100167
868	1223	512	483	99236	0	101454
869	98856	455	500	2714	0	102525
870	99091	453	512	1375	0	101431
871	101873	449	474	845	0	103641
872	2870	630	100252	488	0	104240
873	87584	417	1721	532	0	90254
874	1819	93413	1193	418	0	96843
875	964	93636	535	431	0	95566
876	476	2380	324	88530	0	91710
877	480	1144	288	85405	0	87317
878	353	87797	465	2283	0	90898
879	435	1700	302	87399	0	89836
880	84276	975	310	1939	0	87500
881	1754	580	87008	1083	0	90425
882	954	86523	1787	548	0	89812
883	80610	1680	1004	619	0	83913
884	1443	85442	585	536	0	88006
885	877	1909	84665	462	0	87913
886	487	1119	1609	82058	0	85273
887	414	664	84977	1702	0	87757
888	359	83065	1818	1143	0	86385
889	441	1657	944	80785	0	83827
890	468	1138	82083	1702	0	85391
891	457	612	83192	1049	0	85310
892	621	461	2249	79206	0	82537
893	82277	387	1277	1754	0	85695
894	82733	462	486	1083	0	84764
895	82672	465	616	604	0	84357
896	2314	597	83185	551	0	86647
897	1044	83190	1825	652	0	86711
898	612	2106	1050	80780	0	84548
899	544	1086	525	76942	0	79097
900	473	83386	593	2185	0	86637
901	82418	1746	447	1237	0	85848
902	1736	1069	448	82911	0	86164
903	1075	714	83419	1857	0	87065
904	530	83611	1857	1245	0	87243
905	78830	1707	1185	818	0	82540
906	1619	82394	747	793	0	85553
907	1166	1799	604	79750	0	83319
908	716	1098	597	80597	0	83008
909	668	627	643	80134	0	82072
910	546	748	80240	2452	0	83986
911	695	585	1817	73804	0	76901
912	590	77363	1362	1887	0	81202
913	660	76099	851	1264	0	78874
914	718	2300	72228	782	0	76028
915	67358	1066	1663	874	0	70961
916	71146	561	1125	829	0	73661
917	2242	69903	809	790	0	73744
918	63268	1389	767	737	0	66161
919	62752	953	474	736	0	64915
920	2022	64933	626	859	0	68440
921	1299	1467	516	65299	0	68581
922	821	1121	68827	1631	0	72400
923	954	748	66570	1272	0	69544
924	65733	678	2162	854	0	69427
925	1730	69290	1270	742	0	73032
926	1249	1671	576	68304	0	71800
927	755	1188	525	69710	0	72178
928	814	627	521	69894	0	71856
929	67318	593	521	2467	0	70899
930	1934	641	568	68136	0	71279
931	1362	614	684	67140	0	69800
932	824	746	64757	2149	0	68476
933	58303	668	1576	1221	0	61768
934	1624	63856	1200	889	0	67569
935	64208	1609	614	717	0	67148
936	1608	63438	690	613	0	66349
937	1177	1689	557	60901	0	64324
938	63501	1059	548	1630	0	66738
939	63626	571	604	1169	0	65970
940	2054	707	62772	636	0	66169
941	62560	587	1552	727	0	65426
942	1703	634	65308	599	0	68244
943	1185	622	63067	516	0	65390
944	624	631	64225	629	0	66109
945	601	698	68657	536	0	70492
946	659	850	2416	67848	0	71773
947	586	777	69203	1796	0	72362
948	604	468	1828	67103	0	70003
949	66473	516	1111	1993	0	70093
950	1841	514	597	66275	0	69227
951	63716	498	553	2005	0	66772
952	1692	65611	682	1238	0	69223
953	1162	1979	526	64379	0	68046
954	594	1198	62828	1879	0	66499
955	505	67329	1759	1268	0	70861
956	622	1866	884	63447	0	66819
957	521	1056	64459	1769	0	67805
958	332	58987	1359	835	0	61513
959	268	59497	796	424	0	60985
960	447	1819	58456	342	0	61064
961	394	996	1316	54761	0	57467
962	355	347	56643	1304	0	58649
963	51067	161	1182	654	0	53064
964	54125	92	627	258	0	55102
965	1585	54054	319	208	0	56166
966	53506	1104	165	183	0	54958
967	1260	602	125	53224	0	55211
968	670	241	53372	1129	0	55412
969	49310	128	1169	745	0	51352
970	1205	171	53051	274	0	54701
971	599	51862	1243	153	0	53857
972	52639	1058	694	186	0	54577
973	1191	574	194	52633	0	54592
974	625	279	54446	1106	0	56456
975	52861	109	1163	682	0	54815
976	54107	94	671	273	0	55145
977	54425	103	222	227	0	54977
978	1706	103	157	53327	0	55293
979	719	99	148	54488	0	55454
980	247	196	53931	1667	0	56041
981	176	53829	1262	729	0	55996
982	210	1171	656	52199	0	54236
983	235	594	234	54834	0	55897
984	176	310	54542	1617	0	56645
985	216	247	54865	693	0	56021
986	234	119	1724	53690	0	55767
987	52699	142	807	1360	0	55008
988	1134	54151	429	669	0	56383
989	53932	1148	293	313	0	55686
990	1207	54318	408	305	0	56238
991	714	1270	54447	221	0	56652
992	305	762	54833	224	0	56124
993	50097	290	1845	303	0	52535
994	55347	187	809	334	0	56677
995	1775	55247	469	365	0	57856
996	875	1303	54229	366	0	56773
997	501	662	1377	52936	0	55476
998	446	274	809	51120	0	52649
999	328	54352	525	1768	0	56973
1000	359	1290	340	54788	0	56777
1001	309	833	55349	1463	0	57954
1002	52531	298	1416	919	0	55164
1003	54983	271	849	428	0	56531
1004	55213	279	402	388	0	56282
1005	56446	243	337	378	0	57404
1006	2133	355	54324	284	0	57096
1007	53161	230	1464	389	0	55244
1008	1639	285	55023	326	0	57273
1009	1013	53936	1722	638	0	57309
1010	603	1328	979	54441	0	57351
1011	55604	780	513	1448	0	58345
1012	1559	299	470	57944	0	60272
1013	916	348	58257	1669	0	61190
1014	56803	280	1763	994	0	59840
1015	59985	267	983	563	0	61798
1016	2338	231	470	58858	0	61897
1017	1167	253	461	60536	0	62417
1018	611	396	59159	2192	0	62358
1019	507	59412	1723	1089	0	62731
1020	56600	1458	907	547	0	59512
1021	1613	904	54924	319	0	57760
1022	50679	313	1422	543	0	52957
1023	1632	53509	973	316	0	56430
1024	53007	1353	433	312	0	55105
1025	1592	51816	498	311	0	54217
1026	962	52577	444	389	0	54372
1027	642	1856	351	51501	0	54350
1028	560	833	351	53388	0	55132
1029	529	338	390	54213	0	55470
1030	521	261	365	54615	0	55762
1031	442	365	53015	2070	0	55892
1032	50122	241	1415	1081	0	52859
1033	53855	218	820	576	0	55469
1034	54623	224	451	464	0	55762
1035	2206	225	412	52535	0	55378
1036	1263	180	356	53622	0	55421
1037	53323	215	326	1949	0	55813
1038	53728	216	354	1004	0	55302
1039	54380	260	378	545	0	55563
1040	2145	334	387	51614	0	54480
1041	1077	250	302	50238	0	51867
1042	577	271	48633	1701	0	51182
1043	467	264	47986	814	0	49531
1044	418	47020	1689	583	0	49710
1045	41166	1776	1091	621	0	44654
1046	40398	472	419	335	0	41624
1047	41343	209	315	345	0	42212
1048	1372	280	41780	266	0	43698
1049	40411	191	839	355	0	41796
1050	42042	156	531	344	0	43073
1051	42940	146	275	380	0	43741
1052	1414	126	267	41911	0	43718
1053	849	151	211	41850	0	43061
1054	608	129	221	42033	0	42991
1055	451	258	37912	1225	0	39846
1056	34017	166	737	699	0	35619
1057	957	37853	542	408	0	39760
1058	34207	578	180	262	0	35227
1059	801	33575	290	214	0	34880
1060	552	34718	168	202	0	35640
1061	427	805	114	34363	0	35709
1062	484	378	228	33516	0	34606
1063	273	33846	195	854	0	35168
1064	33286	552	135	486	0	34459
1065	33312	307	136	350	0	34105
1066	891	125	158	33151	0	34325
1067	520	183	33584	651	0	34938
1068	376	168	32694	399	0	33637
1069	379	174	34141	244	0	34938
1070	370	156	34159	219	0	34904
1071	31145	100	807	197	0	32249
1072	32825	104	325	218	0	33472
1073	873	102	152	31583	0	32710
1074	509	165	31086	616	0	32376
1075	380	144	486	30457	0	31467
1076	274	31170	340	639	0	32423
1077	268	35792	215	433	0	36708
1078	36330	639	136	316	0	37421
1079	36814	335	134	267	0	37550
1080	37106	180	143	266	0	37695
1081	847	151	142	36468	0	37608
1082	504	160	127	37025	0	37816
1083	367	162	143	37218	0	37890
1084	358	114	133	36991	0	37596
1085	337	201	36662	823	0	38023
1086	372	116	519	36819	0	37826
1087	39422	89	300	730	0	40541
1088	791	101	172	39909	0	40973
1089	538	119	172	40559	0	41388
1090	377	89	156	40015	0	40637
1091	274	38555	223	994	0	40046
1092	269	39028	240	545	0	40082
1093	270	39435	260	308	0	40273
1094	330	828	142	37989	0	39289
1095	337	373	114	38828	0	39652
1096	38884	157	120	944	0	40105
1097	39107	135	120	535	0	39897
1098	39659	115	116	351	0	40241
1099	1002	104	123	39157	0	40386
1100	558	119	134	38594	0	39405
1101	336	38166	181	860	0	39543
1102	343	40232	184	470	0	41229
1103	39512	732	97	324	0	40665
1104	741	306	88	38817	0	39952
1105	39554	97	112	721	0	40484
1106	40911	74	127	506	0	41618
1107	919	62	129	39483	0	40593
1108	468	42903	218	627	0	44216
1109	43858	560	74	526	0	45018
1110	45081	329	60	361	0	45831
1111	894	243	46173	232	0	47542
1112	42907	101	354	207	0	43569
1113	488	44319	315	288	0	45410
1114	335	365	58	46666	0	47424
1115	53104	250	41	726	0	54121
1116	644	92	45	52913	0	53694
1117	445	70	59	52683	0	53257
1118	162	53488	115	851	0	54616
1119	52675	505	59	490	0	53729
1120	53161	325	45	268	0	53799
1121	855	53248	119	139	0	54361
1122	410	56523	94	123	0	57150
1123	56025	776	153	215	0	57169
1124	55504	385	32	178	0	56099
1125	874	271	54538	140	0	55823
1126	482	211	52410	135	0	53238
1127	2932	224	53843	125	0	57124
1128	205	88	803	56000	0	57096
1129	195	79	361	57673	0	58308
1130	167	191	57669	832	0	58859
1131	54909	82	545	547	0	56083
1132	59633	72	329	259	0	60293
1133	59933	75	94	231	0	60333
1134	59193	105	79	219	0	59596
1135	938	255	63958	140	0	65291
1136	63300	111	525	284	0	64220
1137	65865	104	484	316	0	66769
1138	66376	100	134	272	0	66882
1139	66997	97	100	254	0	67448
1140	66262	116	85	297	0	66760
1141	1014	297	67414	183	0	68908
1142	531	67111	622	354	0	68618
1143	371	578	347	67198	0	68494
1144	282	502	125	69056	0	69965
1145	276	322	68233	860	0	69691
1146	62330	144	572	582	0	63628
1147	766	113	444	67814	0	69137
1148	594	304	68620	649	0	70167
1149	331	276	67459	485	0	68551
1150	279	71119	945	456	0	72799
1151	428	581	429	72242	0	73680
1152	344	401	148	73764	0	74657
1153	343	178	131	73673	0	74325
1154	73643	138	146	1025	0	74952
1155	805	120	125	73863	0	74913
1156	613	326	73266	706	0	74911
1157	406	380	69008	499	0	70293
1158	442	339	76308	276	0	77365
1159	366	165	978	75925	0	77434
1160	77810	139	498	789	0	79236
1161	844	305	78781	465	0	80395
1162	75662	147	640	359	0	76808
1163	84757	123	482	499	0	85861
1164	1193	122	229	85770	0	87314
1165	750	100	203	85471	0	86524
1166	400	85792	334	991	0	87517
1167	407	831	84949	622	0	86809
1168	79549	448	733	477	0	81207
1169	904	173	487	87738	0	89302
1170	633	88068	375	743	0	89819
1171	424	704	179	89311	0	90618
1172	383	703	89155	822	0	91063
1173	411	193	759	86738	0	88101
1174	332	88861	695	823	0	90711
1175	382	655	261	89182	0	90480
1176	88151	418	222	942	0	89733
1177	867	172	238	84962	0	86239
1178	621	83448	417	837	0	85323
1179	342	84671	397	751	0	86161
1180	79570	972	237	463	0	81242
1181	868	711	84469	301	0	86349
1182	694	217	766	83644	0	85321
1183	419	225	491	86194	0	87329
1184	380	295	86365	1131	0	88171
1185	290	86631	902	837	0	88660
1186	495	853	86664	322	0	88334
1187	375	575	784	82578	0	84312
1188	226	86562	645	634	0	88067
1189	88193	592	227	883	0	89895
1190	701	88479	472	426	0	90078
1191	445	89698	359	287	0	90789
1192	91073	800	165	426	0	92464
1193	93671	399	167	477	0	94714
1194	96636	146	204	434	0	97420
1195	1102	106	190	97271	0	98669
1196	634	349	98345	679	0	100007
1197	96360	133	695	667	0	97855
1198	106595	174	457	410	0	107636
1199	1409	106	195	111089	0	112799
1200	683	373	111083	1017	0	113156
1201	261	110739	1133	710	0	112843
1202	109768	954	555	474	0	111751
1203	112622	565	219	543	0	113949
1204	1380	116187	349	278	0	118194
1205	620	118841	315	232	0	120008
1206	117850	1342	107	392	0	119691
1207	117557	596	138	351	0	118642
1208	115939	219	152	335	0	116645
1209	1590	155	145	114185	0	116075
1210	838	397	115389	1094	0	117718
1211	358	134	976	113199	0	114667
1212	262	467	114653	1161	0	116543
1213	205	112692	1206	656	0	114759
1214	240	113742	666	276	0	114924
1215	432	1119	171	103144	0	104866
1216	272	539	117	107101	0	108029
1217	277	329	152	104038	0	104796
1218	146	107384	341	1163	0	109034
1219	105546	849	154	698	0	107247
1220	103951	529	137	396	0	105013
1221	1197	108371	256	247	0	110071
1222	762	940	88	103964	0	105754
1223	323	105991	287	851	0	107452
1224	374	960	99	104178	0	105611
1225	284	106091	282	865	0	107522
1226	104921	892	152	678	0	106643
1227	1021	476	154	103771	0	105422
1228	595	458	102740	939	0	104732
1229	97737	217	902	768	0	99624
1230	101655	248	482	551	0	102936
1231	1277	529	101316	276	0	103398
1232	715	267	847	100486	0	102315
1233	347	493	103232	990	0	105062
1234	324	284	868	102898	0	104374
1235	311	516	98912	1050	0	100789
1236	91292	291	908	751	0	93242
1237	1138	323	448	95662	0	97571
1238	660	97948	408	904	0	99920
1239	99741	1091	146	754	0	101732
1240	1236	679	149	100780	0	102844
1241	791	353	156	100845	0	102145
1242	455	707	99611	1522	0	102295
1243	550	344	1025	102511	0	104430
1244	543	516	106621	1432	0	109112
1245	563	518	109775	871	0	111727
1246	622	295	1893	111814	0	114624
1247	451	611	121997	1518	0	124577
1248	114947	376	1815	1130	0	118268
1249	141359	314	1051	635	0	143359
1250	141896	443	418	698	0	143455
1251	3775	152173	615	525	0	157088
1252	1967	2924	352	150398	0	155641
1253	972	1869	359	137531	0	140731
1254	671	155379	601	3701	0	160352
1255	154138	2982	371	1817	0	159308
1256	3239	1739	308	151477	0	156763
1257	1895	899	156928	3154	0	162876
1258	893	752	150961	2059	0	154665
1259	496	149355	4617	1238	0	155706
1260	149757	2995	1970	1014	0	155736
1261	3130	2144	150673	645	0	156592
1262	136063	619	3216	869	0	140767
1263	3070	137573	2262	853	0	143758
1264	2160	3019	143489	622	0	149290
1265	972	1867	142156	584	0	145579
1266	771	793	147560	536	0	149660
1267	673	140269	4761	604	0	146307
1268	964	3237	143605	499	0	148305
1269	137161	1676	3191	750	0	142778
1270	3284	770	1862	133875	0	139791
1271	2032	514	626	143834	0	147006
1272	937	511	441	145855	0	147744
1273	801	458	424	146600	0	148283
1274	680	667	117178	30565	0	149090
1275	847	416	2650	142344	0	146257
1276	819	390	1622	144609	0	147440
1277	142024	382	835	4733	0	147974
1278	146273	402	698	2447	0	149820
1279	138946	429	830	1194	0	141399
1280	4670	800	144105	917	0	150492
1281	2132	145363	3566	1038	0	152099
1282	901	150710	2458	772	0	154841
1283	137058	4666	950	886	0	143560
1284	3130	148243	1023	681	0	153077
1285	2303	3558	795	144212	0	150868
1286	1131	2065	771	147704	0	151671
1287	844	1117	145852	4844	0	152657
1288	755	142818	3852	2839	0	150264
1289	780	3548	143284	1174	0	148786
1290	137263	1928	3842	1185	0	144218
1291	144595	698	2453	1154	0	148900
1292	5135	565	1146	141883	0	148729
1293	2681	507	1029	141409	0	145626
1294	1234	484	1068	141418	0	144204
1295	1264	493	947	141870	0	144574
1296	994	714	136984	5330	0	144022
1297	1182	898	3521	131839	0	137440
1298	854	668	131574	3807	0	136903
1299	793	583	125878	2299	0	129553
1300	603	124581	4889	1267	0	131340
1301	123725	3005	2381	1062	0	130173
1302	3078	127320	1272	911	0	132581
1303	2421	3375	858	116475	0	123129
1304	891	2120	123925	3223	0	130159
1305	116900	903	3491	2262	0	123556
1306	3495	874	122774	1039	0	128182
1307	121443	569	3812	993	0	126817
1308	123132	523	2344	954	0	126953
1309	5175	690	1072	123726	0	130663
1310	2735	598	896	123779	0	128008
1311	1397	720	902	125155	0	128174
1312	1115	879	120140	5488	0	127622
1313	115218	672	3613	3018	0	122521
1314	3737	118218	2769	1427	0	126151
1315	2850	3430	1125	114203	0	121608
1316	119571	2192	974	3960	0	126697
1317	121813	988	1113	2745	0	126659
1318	123068	986	1004	1595	0	126653
1319	5955	1209	117790	1420	0	126374
1320	120235	1069	3850	1531	0	126685
1321	121483	1162	2563	1718	0	126926
1322	5716	1079	109544	1825	0	118164
1323	2955	1231	123709	1445	0	129340
1324	1843	982	5819	120052	0	128696
1325	1457	937	124236	4519	0	131149
1326	1178	118413	5374	2820	0	127785
1327	1250	124644	3895	1228	0	131017
1328	119350	5474	2022	1153	0	127999
1329	4329	124683	1864	1122	0	131998
1330	3242	4097	1634	122587	0	131560
1331	117483	2518	1633	4507	0	126141
1332	4053	122894	1776	3164	0	131887
1333	2703	4047	1701	122083	0	130534
1334	1496	2370	1718	125670	0	131254
1335	1233	1307	121802	6339	0	130681
1336	1474	881	4440	122179	0	128974
1337	1413	1109	121853	5222	0	129597
1338	1610	826	121151	3555	0	127142
1339	1825	598	5346	115961	0	123730
1340	1516	536	2702	118914	0	123668
1341	115570	587	1315	6519	0	123991
1342	4259	122057	1546	3732	0	131594
1343	2944	3687	1118	116977	0	124726
1344	1835	3294	1080	118325	0	124534
1345	110883	942	872	6090	0	118787
1346	4282	106662	1229	3162	0	115335
1347	2733	98945	1054	1353	0	104085
1348	1400	94606	1016	1044	0	98066
1349	673	76417	714	657	0	78461
1350	62152	2892	2007	629	0	67680
1351	61135	1138	713	544	0	63530
1352	59418	433	330	518	0	60699
1353	59653	374	320	542	0	60889
1354	2737	309	317	57375	0	60738
1355	1207	465	56885	1804	0	60361
1356	564	56332	1866	1141	0	59903
1357	613	1640	1074	54911	0	58238
1358	572	1040	55905	1830	0	59347
1359	636	398	1771	55246	0	58051
1360	560	314	961	55604	0	57439
1361	452	467	55316	2573	0	58808
1362	481	376	1764	55231	0	57852
1363	617	419	1053	54554	0	56643
1364	55626	310	503	2676	0	59115
1365	55331	366	433	1340	0	57470
1366	55892	360	369	774	0	57395
1367	55504	376	350	676	0	56906
1368	2807	398	407	52852	0	56464
1369	1462	432	346	54060	0	56300
1370	845	390	367	54859	0	56461
1371	52490	361	390	2797	0	56038
1372	2199	521	414	52769	0	55903
1373	1440	362	361	53508	0	55671
1374	817	514	50633	2699	0	54663
1375	800	480	1753	48050	0	51083
1376	648	48444	1149	2061	0	52302
1377	669	51742	583	1371	0	54365
1378	48467	2279	335	758	0	51839
1379	1934	1113	47092	714	0	50853
1380	1076	44282	1611	631	0	47600
1381	43888	1497	854	594	0	46833
1382	1763	875	404	44092	0	47134
1383	1000	664	43781	1830	0	47275
1384	670	470	1535	41009	0	43684
1385	543	44847	1037	1783	0	48210
1386	43948	1503	474	1128	0	47053
1387	1590	44956	539	836	0	47921
1388	44821	1546	330	723	0	47420
1389	45545	850	320	708	0	47423
1390	2356	407	313	44374	0	47450
1391	1236	371	261	42820	0	44688
1392	638	44723	388	2248	0	47997
1393	44996	1524	282	1232	0	48034
1394	1741	983	44331	757	0	47812
1395	42884	428	1374	653	0	45339
1396	42705	368	717	641	0	44431
1397	2085	364	40698	690	0	43837
1398	1053	266	1291	39457	0	42067
1399	39603	309	755	1654	0	42321
1400	1526	357	39386	1040	0	42309
1401	986	405	38430	614	0	40435
1402	35460	269	1887	582	0	38198
1403	1397	36242	873	514	0	39026
1404	818	34758	408	467	0	36451
1405	571	1567	449	33208	0	35795
1406	499	773	33695	1235	0	36202
1407	31318	325	1128	831	0	33602
1408	1227	319	34016	503	0	36065
1409	664	31143	1058	408	0	33273
1410	31077	1012	604	452	0	33145
1411	1221	616	268	30903	0	33008
1412	31384	316	216	1192	0	33108
1413	1266	318	31016	744	0	33344
1414	816	263	979	29398	0	31456
1415	495	31326	621	1013	0	33455
1416	468	1168	283	30930	0	32849
1417	494	628	220	31873	0	33215
1418	536	375	31382	1373	0	33666
1419	483	29936	1052	757	0	32228
1420	450	30063	609	463	0	31585
1421	456	1084	28613	328	0	30481
1422	26181	453	773	388	0	27795
1423	27928	213	511	350	0	29002
1424	1255	168	295	27238	0	28956
1425	26220	177	287	814	0	27498
1426	896	25102	328	558	0	26884
1427	550	26734	323	400	0	28007
1428	26508	1102	370	346	0	28326
1429	960	487	215	26379	0	28041
1430	27007	215	213	933	0	28368
1431	27892	154	175	611	0	28832
1432	1223	190	186	26264	0	27863
1433	712	246	26175	809	0	27942
1434	25532	192	800	535	0	27059
1435	26766	193	463	312	0	27734
1436	1264	159	248	25784	0	27455
1437	634	26622	294	840	0	28390
1438	375	769	186	27137	0	28467
1439	330	536	26686	910	0	28462
1440	455	289	26501	592	0	27837
1441	280	26431	1078	384	0	28173
1442	547	444	265	19075	0	20331
1443	144	235	103	19599	0	20081
1444	126	161	19502	503	0	20292
1445	18067	75	386	299	0	18827
1446	19746	74	234	131	0	20185
1447	20233	72	96	141	0	20542
1448	20262	57	76	131	0	20526
1449	618	19046	122	247	0	20033
1450	331	20268	128	106	0	20833
1451	20771	570	72	138	0	21551
1452	519	246	85	21543	0	22393
1453	333	97	88	21788	0	22306
1454	160	21976	118	678	0	22932
1455	201	470	81	22180	0	22932
1456	160	277	80	21542	0	22059
1457	135	21537	117	648	0	22437
1458	151	514	21301	320	0	22286
1459	166	271	464	21389	0	22290
1460	21556	87	284	537	0	22464
1461	21222	103	114	317	0	21756
1462	725	125	20541	141	0	21532
1463	344	113	20381	134	0	20972
1464	178	120	20900	104	0	21302
1465	185	51	662	19950	0	20848
1466	169	110	20515	456	0	21250
1467	149	126	20564	281	0	21120
1468	156	260	634	19217	0	20267
1469	134	21586	331	458	0	22509
1470	217	500	21902	301	0	22920
1471	129	22482	510	165	0	23286
1472	21903	644	293	174	0	23014
1473	463	22283	173	349	0	23268
1474	389	496	91	22099	0	23075
1475	22224	261	106	537	0	23128
1476	516	103	95	22536	0	23250
1477	371	72	101	22543	0	23087
1478	187	124	22468	692	0	23471
1479	159	21914	525	362	0	22960
1480	123	22836	359	141	0	23459
1481	151	618	111	21631	0	22511
1482	146	256	103	21973	0	22478
1483	123	89	103	21786	0	22101
1484	99	128	21256	665	0	22148
1485	91	135	20234	324	0	20784
1486	18254	79	643	184	0	19160
1487	421	112	21088	122	0	21743
1488	283	121	21187	115	0	21706
1489	102	21021	670	120	0	21913
1490	110	567	312	21260	0	22249
1491	140	310	21633	467	0	22550
1492	143	83	458	20712	0	21396
1493	102	124	22191	527	0	22944
1494	129	106	521	21975	0	22731
1495	112	118	22918	605	0	23753
1496	111	81	522	22460	0	23174
1497	105	84	307	22466	0	22962
1498	75	23086	195	695	0	24051
1499	114	464	118	22870	0	23566
1500	56	23571	147	536	0	24310
1501	97	539	108	23895	0	24639
1502	131	279	122	24086	0	24618
1503	23363	124	119	771	0	24377
1504	515	88	116	23626	0	24345
1505	283	135	23412	578	0	24408
1506	167	92	518	23104	0	23881
1507	120	91	325	23449	0	23985
1508	96	129	22685	802	0	23712
1509	82	149	22651	408	0	23290
1510	99	105	751	21697	0	22652
1511	97	99	398	22894	0	23488
1512	90	152	22654	787	0	23683
1513	73	21660	604	429	0	22766
1514	65	22838	418	257	0	23578
1515	22177	666	193	230	0	23266
1516	503	340	136	22308	0	23287
1517	22503	126	191	622	0	23442
1518	22032	108	179	419	0	22738
1519	644	22154	242	261	0	23301
1520	22398	497	172	244	0	23311
1521	22486	271	250	254	0	23261
1522	669	175	22213	224	0	23281
1523	340	86	565	21784	0	22775
1524	111	163	22792	601	0	23667
1525	108	161	611	22402	0	23282
1526	88	142	22641	632	0	23503
1527	98	20951	572	503	0	22124
1528	81	21991	373	274	0	22719
1529	104	629	154	21363	0	22250
1530	21258	274	143	552	0	22227
1531	432	110	148	20919	0	21609
1532	247	87	150	21233	0	21717
1533	103	116	21480	707	0	22406
1534	84	107	21272	387	0	21850
1535	67	146	21601	276	0	22090
1536	95	105	711	20586	0	21497
1537	97	108	340	19661	0	20206
1538	70	20770	236	673	0	21749
1539	84	21743	225	371	0	22423
1540	20859	580	170	279	0	21888
1541	402	21313	205	201	0	22121
1542	261	490	20815	216	0	21782
1543	99	255	527	20537	0	21418
1544	170	162	21957	561	0	22850
1545	61	21970	560	424	0	23015
1546	105	433	507	22191	0	23236
1547	21047	238	179	584	0	22048
1548	396	132	22048	388	0	22964
1549	246	22654	534	299	0	23733
1550	104	452	22360	219	0	23135
1551	73	21850	525	196	0	22644
1552	164	423	373	20319	0	21279
1553	20640	191	142	443	0	21416
1554	20331	90	106	342	0	20869
1555	440	20426	138	211	0	21215
1556	20767	331	114	182	0	21394
1557	350	216	122	20552	0	21240
1558	20541	108	136	451	0	21236
1559	379	120	21589	322	0	22410
1560	220	145	21704	195	0	22264
1561	141	96	606	20370	0	21213
1562	115	88	290	22536	0	23029
1563	106	146	22186	594	0	23032
1564	119	97	433	21991	0	22640
1565	22150	94	292	535	0	23071
1566	22152	110	141	366	0	22769
1567	577	21517	173	187	0	22454
1568	273	21618	143	171	0	22205
1569	20463	539	111	160	0	21273
1570	424	267	113	19689	0	20493
1571	19698	119	136	427	0	20380
1572	402	19443	198	398	0	20441
1573	19733	364	132	200	0	20429
1574	416	264	19294	149	0	20123
1575	255	162	19558	160	0	20135
1576	139	113	534	19143	0	19929
1577	119	141	19818	411	0	20489
1578	145	232	433	18932	0	19742
1579	131	108	270	19065	0	19574
1580	106	136	19922	536	0	20700
1581	129	84	384	19520	0	20117
1582	135	94	255	19942	0	20426
1583	104	150	20390	528	0	21172
1584	124	125	20801	269	0	21319
1585	19704	60	526	200	0	20490
1586	384	140	21069	114	0	21707
1587	21385	57	429	144	0	22015
1588	23307	69	239	149	0	23764
1589	585	114	23453	109	0	24261
1590	279	96	23819	106	0	24300
1591	167	58	710	22126	0	23061
1592	116	61	282	21642	0	22101
1593	76	22668	174	517	0	23435
1594	75	23736	142	276	0	24229
1595	81	554	22741	127	0	23503
1596	21097	267	439	126	0	21929
1597	22477	83	271	136	0	22967
1598	589	132	22520	95	0	23336
1599	301	121	22524	114	0	23060
1600	162	120	583	21537	0	22402
1601	118	22749	334	391	0	23592
1602	135	396	138	23040	0	23709
1603	138	232	114	23374	0	23858
1604	23357	90	120	613	0	24180
1605	23591	68	129	331	0	24119
1606	656	52	99	24452	0	25259
1607	303	111	24586	470	0	25470
1608	22416	65	487	320	0	23288
1609	430	24651	349	164	0	25594
1610	24869	390	158	154	0	25571
1611	23874	229	135	188	0	24426
1612	562	24613	174	139	0	25488
1613	299	25397	162	150	0	26008
1614	172	568	158	24942	0	25840
1615	166	260	137	24955	0	25518
1616	154	25198	169	621	0	26142
1617	160	429	138	25652	0	26379
1618	179	246	156	25866	0	26447
1619	150	138	25967	656	0	26911
1620	24358	75	531	365	0	25329
1621	25949	62	332	224	0	26567
1622	26341	72	193	176	0	26782
1623	731	55	162	25658	0	26606
1624	25295	50	144	510	0	25999
1625	499	24938	192	309	0	25938
1626	329	428	157	23035	0	23949
1627	173	24418	229	402	0	25222
1628	126	25277	223	265	0	25891
1629	24996	537	151	209	0	25893
1630	25094	244	169	194	0	25701
1631	25104	101	148	185	0	25538
1632	25202	90	133	172	0	25597
1633	24751	75	137	177	0	25140
1634	741	132	24529	131	0	25533
1635	23568	109	448	178	0	24303
1636	527	166	25536	125	0	26354
1637	24015	111	483	192	0	24801
1638	24889	88	298	190	0	25465
1639	24519	84	204	188	0	24995
1640	681	156	26439	140	0	27416
1641	405	122	415	24711	0	25653
1642	220	27356	352	388	0	28316
1643	27489	388	203	281	0	28361
1644	26859	242	180	174	0	27455
1645	620	27432	216	293	0	28561
1646	28441	374	146	217	0	29178
1647	529	221	142	27324	0	28216
1648	304	28821	199	438	0	29762
1649	28293	385	136	334	0	29148
1650	28302	231	126	242	0	28901
1651	673	130	142	28171	0	29116
1652	28472	89	177	483	0	29221
1653	568	112	184	28608	0	29472
1654	429	88	167	28954	0	29638
1655	299	145	28670	588	0	29702
1656	302	122	419	28052	0	28895
1657	292	153	272	28853	0	29570
1658	216	176	28767	582	0	29741
1659	172	151	27517	229	0	28069
1660	220	86	465	27342	0	28113
1661	166	136	28086	374	0	28762
1662	24885	98	390	291	0	25664
1663	398	28964	237	171	0	29770
1664	255	338	98	29507	0	30198
1665	191	196	68	30250	0	30705
1666	198	99	51	30164	0	30512
1667	29882	71	50	521	0	30524
1668	29778	67	59	270	0	30174
1669	30234	69	52	182	0	30537
1670	551	30377	96	129	0	31153
1671	360	325	62	30534	0	31281
1672	219	193	37	31193	0	31642
1673	30806	127	40	469	0	31442
1674	30786	104	43	229	0	31162
1675	558	123	35	30722	0	31438
1676	288	185	30609	357	0	31439
1677	29322	103	306	271	0	30002
1678	30949	92	150	192	0	31383
1679	516	172	31428	121	0	32237
1680	28032	77	312	206	0	28627
1681	434	112	31753	142	0	32441
1682	31160	96	357	136	0	31749
1683	524	121	184	32936	0	33765
1684	296	34444	141	372	0	35253
1685	260	364	36123	193	0	36940
1686	180	36461	444	123	0	37208
1687	131	34750	225	90	0	35196
1688	36258	536	46	348	0	37188
1689	282	149	140	35992	0	36563
1690	184	41	29	35480	0	35734
1691	38648	29	26	534	0	39237
1692	322	39	27	40016	0	40404
1693	201	25	33	40364	0	40623
1694	87	33	29	40026	0	40175
1695	91	132	28	39914	0	40165
1696	148	123	39669	415	0	40355
1697	57	105	39133	203	0	39498
1698	59	39631	417	92	0	40199
1699	40012	260	160	123	0	40555
1700	320	131	36	40424	0	40911
1701	173	39902	104	299	0	40478
1702	125	323	37	43011	0	43496
1703	108	146	29	43558	0	43841
1704	110	42	40	43458	0	43650
1705	102	40	39	43874	0	44055
1706	84	42	18	43316	0	43460
1707	59	42706	96	442	0	43303
1708	96	268	35	43563	0	43962
1709	66	241	42828	343	0	43478
1710	58	43214	309	300	0	43881
1711	95	272	146	43687	0	44200
1712	77	154	56	43595	0	43882
1713	73	42643	108	408	0	43232
1714	60	43808	91	210	0	44169
1715	42476	366	37	168	0	43047
1716	277	43032	108	108	0	43525
1717	42004	257	41	158	0	42460
1718	41659	139	41	144	0	41983
1719	369	287	43207	72	0	43935
1720	215	42	265	40734	0	41256
1721	65	142	44115	314	0	44636
1722	53	44838	368	267	0	45526
1723	114	351	164	41213	0	41842
1724	120	171	52	44997	0	45340
1725	71	59	37	45970	0	46137
1726	81	52	44	46275	0	46452
1727	59	149	46317	513	0	47038
1728	78	48	326	45771	0	46223
1729	81	147	46870	418	0	47516
1730	64	190	46641	238	0	47133
1731	41889	60	490	261	0	42700
1732	47255	53	212	183	0	47703
1733	48088	62	50	165	0	48365
1734	484	47305	157	123	0	48069
1735	233	337	58	47989	0	48617
1736	102	351	49269	404	0	50126
1737	111	80	354	48551	0	49096
1738	85	185	50457	413	0	51140
1739	47425	69	390	331	0	48215
1740	49078	53	182	218	0	49531
1741	49148	55	90	178	0	49471
1742	520	205	47410	100	0	48235
1743	257	177	48239	117	0	48790
1744	167	123	591	48029	0	48910
1745	130	67	200	48848	0	49245
1746	86	38	75	50131	0	50330
1747	85	158	50022	524	0	50789
1748	61	196	46985	273	0	47515
1749	46424	55	490	227	0	47196
1750	393	50	221	50478	0	51142
1751	234	58	81	51181	0	51554
1752	51927	36	72	619	0	52654
1753	421	57	67	51773	0	52318
1754	56919	37	76	693	0	57725
1755	58966	49	87	439	0	59541
1756	58397	66	79	291	0	58833
1757	604	210	60149	142	0	61105
1758	252	59762	460	243	0	60717
1759	63171	345	201	257	0	63974
1760	482	193	78	63319	0	64072
1761	326	63	88	62693	0	63170
1762	90	63966	228	640	0	64924
1763	63254	379	57	435	0	64125
1764	63200	212	83	277	0	63772
1765	63953	70	82	255	0	64360
1766	590	65013	190	144	0	65937
1767	70230	388	66	366	0	71050
1768	70979	221	62	307	0	71569
1769	72079	70	74	265	0	72488
1770	668	67	95	70666	0	71496
1771	332	64	79	72318	0	72793
1772	150	246	76545	667	0	77608
1773	189	64	424	74610	0	75287
1774	176	72	245	76720	0	77213
1775	147	270	76582	725	0	77724
1776	71051	66	398	478	0	71993
1777	77659	55	224	256	0	78194
1778	647	61	78	76316	0	77102
1779	284	75754	245	461	0	76744
1780	138	76695	225	320	0	77378
1781	236	591	80	75666	0	76573
1782	416	459	73759	419	0	75053
1783	239	164	345	71045	0	71793
1784	140	251	71509	424	0	72324
1785	128	337	72756	184	0	73405
1786	125	51	309	74557	0	75042
1787	76144	38	139	445	0	76766
1788	74268	40	76	344	0	74728
1789	407	37	69	77901	0	78414
1790	254	49	72	78598	0	78973
1791	143	47	58	77086	0	77334
1792	150	47	61	76769	0	77027
1793	75946	30	176	550	0	76702
1794	75187	44	61	369	0	75661
1795	74913	47	63	294	0	75317
1796	387	253	75896	131	0	76667
1797	284	55	229	74782	0	75350
1798	183	33	146	77138	0	77500
1799	76691	42	62	515	0	77310
1800	281	76165	239	247	0	76932
1801	76050	227	56	296	0	76629
1802	75283	127	52	242	0	75704
1803	74824	70	64	281	0	75239
1804	74455	51	75	262	0	74843
1805	465	242	77082	108	0	77897
1806	415	317	72676	109	0	73517
1807	79068	52	336	275	0	79731
1808	81783	46	185	219	0	82233
1809	81283	57	94	236	0	81670
1810	82363	52	90	275	0	82780
1811	554	286	88634	110	0	89584
1812	302	92455	667	129	0	93553
1813	279	583	308	97262	0	98432
1814	105464	415	160	1157	0	107196
1815	107629	133	95	736	0	108593
1816	112006	84	75	416	0	112581
1817	113523	70	104	355	0	114052
1818	113913	56	94	320	0	114383
1819	109916	92	221	315	0	110544
1820	1847	367	102535	203	0	104952
1821	854	342	107217	124	0	108537
1822	447	183	1253	105662	0	107545
1823	293	317	110101	958	0	111669
1824	226	108064	1172	749	0	110211
1825	231	112452	830	327	0	113840
1826	409	1521	213	114272	0	116415
1827	364	983	120248	916	0	122511
1828	226	539	115883	618	0	117266
1829	112291	192	1638	426	0	114547
1830	127785	109	741	336	0	128971
1831	2012	118	260	127584	0	129974
1832	130085	103	161	1657	0	132006
1833	1734	88	172	129752	0	131746
1834	1116	94	159	130954	0	132323
1835	403	447	132090	2198	0	135138
1836	345	479	128082	1106	0	130012
1837	439	166	2142	127720	0	130467
1838	362	428	129615	1576	0	131981
1839	117612	96	1677	1216	0	120601
1840	129735	81	903	761	0	131480
1841	2380	133216	599	432	0	136627
1842	134346	1465	220	464	0	136495
1843	2026	1162	132020	185	0	135393
1844	128983	223	1729	395	0	131330
1845	133733	102	989	464	0	135288
1846	136156	83	419	441	0	137099
1847	2868	143	308	130590	0	133909
1848	1453	134356	573	1583	0	137965
1849	136534	1611	287	1151	0	139583
1850	137652	945	284	618	0	139499
1851	2992	309	326	141171	0	144798
1852	141086	181	299	2377	0	143943
1853	2455	146693	560	1421	0	151129
1854	1702	2112	328	143687	0	147829
1855	810	1497	143132	2446	0	147885
1856	120434	417	2560	1940	0	125351
1857	2669	513	142750	740	0	146672
1858	1844	281	2626	139705	0	144456
1859	809	141937	1748	2570	0	147064
1860	702	154954	910	1475	0	158041
1861	985	3972	452	151085	0	156494
1862	1269	158631	831	3176	0	163907
1863	1113	3951	487	198050	0	203601
1864	1134	2138	514	206492	0	210278
1865	1115	757	509	210178	0	212559
1866	197739	543	444	7464	0	206190
1867	5605	436	407	201356	0	207804
1868	3202	960	196584	5619	0	206365
1869	1570	196569	5156	3039	0	206334
1870	195287	4882	2379	1517	0	204065
1871	5973	2452	741	196150	0	205316
1872	3511	853	498	197450	0	202312
1873	1766	613	500	201078	0	203957
1874	1407	900	194164	7833	0	204304
1875	1140	194465	5525	3548	0	204678
1876	193465	5050	2736	1763	0	203014
1877	5744	2767	1137	177412	0	187060
1878	2896	195788	1234	5107	0	205025
1879	193495	5350	878	3158	0	202881
1880	5505	3145	194303	1527	0	204480
1881	189461	1242	5472	1541	0	197716
1882	6341	1335	197307	1258	0	206241
1883	3405	1198	196933	1629	0	203165
1884	1510	193877	7787	2281	0	205455
1885	1631	5438	3119	185435	0	195623
1886	1485	3244	189371	5997	0	200097
1887	1204	183051	6119	3832	0	194206
1888	1442	5443	3152	174766	0	184803
1889	1143	183110	1895	5896	0	192044
1890	1193	6144	181758	3569	0	192664
1891	1405	3096	5690	180282	0	190473
1892	1305	1681	185438	6516	0	194940
1893	1552	1207	6026	182162	0	190947
1894	1624	1124	3215	187854	0	193817
1895	1428	1491	183503	8527	0	194949
1896	1629	1186	5967	183251	0	192033
1897	176769	1228	3344	7212	0	188553
1898	5927	180294	2068	4780	0	193069
1899	3719	6038	179978	2764	0	192499
1900	174868	3273	5972	2640	0	186753
1901	6736	1680	3518	168533	0	180467
1902	3867	180388	2251	6216	0	192722
1903	182274	6124	1662	4223	0	194283
1904	187086	3721	1537	2713	0	195057
1905	8617	2076	1551	176751	0	188995
1906	4429	1734	1438	181837	0	189438
1907	2172	1617	1469	183454	0	188712
1908	1924	1757	1565	178531	0	183777
1909	1695	174449	1866	10149	0	188159
1910	2248	8135	1745	161430	0	173558
1911	1599	165707	1945	7251	0	176502
1912	1638	164508	2043	4955	0	173144
1913	1494	162891	2161	3321	0	169867
1914	2042	8081	147651	3157	0	160931
1915	1629	153043	6216	3411	0	164299
1916	143328	6160	4149	3721	0	157358
1917	5428	146475	2453	3853	0	158209
1918	3592	5926	2084	129706	0	141308
1919	2179	147732	2546	6750	0	159207
1920	2233	6284	2065	146451	0	157033
1921	2356	4080	2041	151404	0	159881
1922	2661	2847	146640	8665	0	160813
1923	139228	2512	5911	5300	0	152951
1924	147831	2299	3538	3834	0	157502
1925	144031	2029	2553	3801	0	152414
1926	7510	139994	2894	3908	0	154306
1927	3931	5732	2437	135747	0	147847
1928	2328	3897	134670	7299	0	148194
1929	2023	132989	6314	5013	0	146339
1930	2549	5917	3578	106600	0	118644
1931	1961	126465	2737	5618	0	136781
1932	125256	5926	2299	3813	0	137294
1933	127701	3768	2270	2714	0	136453
1934	128900	2412	2530	2542	0	136384
1935	127689	2188	2827	2472	0	135176
1936	7302	2059	2554	121884	0	133799
1937	3680	2263	2526	119967	0	128436
1938	1969	122323	2810	7264	0	134366
1939	2111	5575	2004	124699	0	134389
1940	1703	4037	120982	6801	0	133523
1941	1683	2427	5231	119709	0	129050
1942	1449	2540	118495	6705	0	129189
1943	1454	115404	5818	4928	0	127604
1944	1407	5650	117865	3316	0	128238
1945	1682	3531	5754	116268	0	127235
1946	1546	2459	118958	6568	0	129531
1947	1728	2222	5434	116072	0	125456
1948	1979	2119	3392	117767	0	125257
1949	2294	2003	2098	117465	0	123860
1950	2345	2141	1915	116794	0	123195
1951	107802	2043	1453	7116	0	118414
1952	4849	108188	1794	4280	0	119111
1953	102233	4618	1152	3049	0	111052
1954	4581	3299	98679	2747	0	109306
1955	95916	2038	3617	2659	0	104230
1956	99536	1728	1985	2790	0	106039
1957	5851	1984	95979	2534	0	106348
1958	4103	1775	92186	2328	0	100392
1959	2151	89719	4534	2650	0	99054
1960	1649	82866	1948	2268	0	88731
1961	2088	4155	76209	2400	0	84852
1962	977	65689	2513	1982	0	71161
1963	1585	2191	929	31380	0	36085
1964	28644	349	485	857	0	30335
1965	405	194	117	29240	0	29956
1966	29525	170	117	568	0	30380
1967	29151	168	102	428	0	29849
1968	567	29661	159	272	0	30659
1969	29821	382	99	286	0	30588
1970	29828	280	79	248	0	30435
1971	554	195	62	29217	0	30028
1972	29800	165	73	512	0	30550
1973	375	30353	162	507	0	31397
1974	238	320	64	29955	0	30577
1975	29893	210	78	454	0	30635
1976	353	225	29792	277	0	30647
1977	29552	89	299	158	0	30098
1978	389	91	179	30583	0	31242
1979	220	167	31269	323	0	31979
1980	135	269	30918	201	0	31523
1981	29375	162	479	166	0	30182
1982	30631	44	180	130	0	30985
1983	382	50	70	30582	0	31084
1984	209	44	48	30971	0	31272
1985	109	50	40	30715	0	30914
1986	77	31151	91	382	0	31701
1987	31035	239	57	244	0	31575
1988	264	31287	96	123	0	31770
1989	31056	271	53	141	0	31521
1990	317	241	31040	80	0	31678
1991	214	73	259	31416	0	31962
1992	32253	50	146	344	0	32793
1993	327	52	66	32361	0	32806
1994	223	57	37	31848	0	32165
1995	112	31478	107	381	0	32078
1996	31399	252	51	282	0	31984
1997	285	32859	99	128	0	33371
1998	235	296	57	32846	0	33434
1999	126	231	32261	285	0	32903
2000	26999	106	303	306	0	27714
2001	331	116	31850	100	0	32397
2002	27815	48	315	293	0	28471
2003	333	31978	221	100	0	32632
2004	226	274	66	29902	0	30468
2005	103	30813	98	650	0	31664
2006	31084	325	45	250	0	31704
2007	434	186	49	31437	0	32106
2008	254	90	41	32060	0	32445
2009	136	141	30763	483	0	31523
2010	27096	67	347	333	0	27843
2011	406	55	185	31593	0	32239
2012	245	126	30719	391	0	31481
2013	129	30638	413	275	0	31455
2014	115	339	197	30960	0	31611
2015	31198	210	83	436	0	31927
2016	413	86	63	31667	0	32229
2017	254	115	32122	413	0	32904
2018	33032	66	382	313	0	33793
2019	575	59	227	34736	0	35597
2020	355	127	37554	560	0	38596
2021	222	53	639	37422	0	38336
2022	170	83	362	35714	0	36329
2023	126	37361	189	880	0	38556
2024	36727	650	82	444	0	37903
2025	674	37739	143	199	0	38755
2026	38031	700	85	179	0	38995
2027	768	391	65	36128	0	37352
2028	412	37845	159	649	0	39065
2029	215	669	73	37893	0	38850
2030	167	493	37258	755	0	38673
2031	34908	133	665	470	0	36176
2032	748	106	377	36306	0	37537
2033	487	85	110	36868	0	37550
2034	220	78	87	37582	0	37967
2035	159	160	35984	1080	0	37383
2036	166	160	36423	521	0	37270
2037	145	36743	1054	236	0	38178
2038	197	707	419	35955	0	37278
2039	36556	392	156	814	0	37918
2040	768	37921	197	471	0	39357
2041	691	816	92	38378	0	39977
2042	39260	431	99	930	0	40720
2043	38827	175	106	564	0	39672
2044	1187	39305	173	342	0	41007
2045	43407	844	102	255	0	44608
2046	45991	479	116	250	0	46836
2047	1518	202	108	45449	0	47277
2048	712	46377	229	1131	0	48449
2049	394	1224	107	47274	0	48999
2050	46555	620	121	1338	0	48634
2051	1270	332	47042	757	0	49401
2052	828	168	1100	46884	0	48980
2053	382	182	629	48019	0	49212
2054	287	272	47283	1804	0	49646
2055	312	179	1158	47563	0	49212
2056	47288	168	684	1474	0	49614
2057	43739	200	350	956	0	45245
2058	1618	159	220	46448	0	48445
2059	863	248	45817	1428	0	48356
2060	412	220	44531	964	0	46127
2061	301	44888	1744	572	0	47505
2062	349	46213	843	417	0	47822
2063	386	1640	301	44047	0	46374
2064	44109	718	251	1304	0	46382
2065	1163	44327	358	827	0	46675
2066	43941	1182	233	468	0	45824
2067	1352	738	191	43484	0	45765
2068	892	365	171	44016	0	45444
2069	42219	251	177	1858	0	44505
2070	1277	42697	270	982	0	45226
2071	43010	1166	175	507	0	44858
2072	1374	768	41406	475	0	44023
2073	836	366	40469	413	0	42084
2074	474	247	1577	38956	0	41254
2075	371	328	40277	1281	0	42257
2076	506	308	39941	862	0	41617
2077	421	225	1588	37744	0	39978
2078	350	242	39516	1346	0	41454
2079	391	198	1323	37952	0	39864
2080	357	191	779	38644	0	39971
2081	309	296	39955	1835	0	42395
2082	372	250	1266	39387	0	41275
2083	382	275	788	37935	0	39380
2084	376	39255	470	1753	0	41854
2085	39229	1121	329	1034	0	41713
2086	1216	781	39542	653	0	42192
2087	840	324	1213	39165	0	41542
2088	468	283	801	40592	0	42144
2089	390	363	39238	1882	0	41873
2090	36046	297	1221	1140	0	38704
2091	1246	38654	875	662	0	41437
2092	889	1112	413	38009	0	40423
2093	492	716	400	37635	0	39243
2094	404	38239	446	1859	0	40948
2095	421	1234	37912	1078	0	40645
2096	361	38707	1386	645	0	41099
2097	37238	1255	878	612	0	39983
2098	1227	841	37481	550	0	40099
2099	880	419	1252	36895	0	39446
2100	456	376	37972	1436	0	40240
2101	391	350	37853	998	0	39592
2102	369	37075	1778	673	0	39895
2103	512	1162	882	34726	0	37282
2104	35928	672	482	1299	0	38381
2105	36145	414	399	988	0	37946
2106	1520	35910	586	722	0	38738
2107	788	1077	413	35522	0	37800
2108	35605	705	345	1326	0	37981
2109	36103	362	360	923	0	37748
2110	1556	35893	468	621	0	38538
2111	36662	973	345	571	0	38551
2112	1230	649	391	34948	0	37218
2113	757	36891	462	1245	0	39355
2114	512	1127	361	37558	0	39558
2115	469	841	325	37795	0	39430
2116	494	488	302	38255	0	39539
2117	378	369	36424	1633	0	38804
2118	339	321	32692	782	0	34134
2119	271	32661	1279	572	0	34783
2120	28750	676	536	427	0	30389
2121	662	29037	336	420	0	30455
2122	489	659	252	28395	0	29795
2123	248	505	30683	740	0	32176
2124	316	268	765	29031	0	30380
2125	234	227	516	30482	0	31459
2126	237	216	268	31119	0	31840
2127	30602	218	220	1119	0	32159
2128	671	204	252	31102	0	32229
2129	443	241	33685	861	0	35230
2130	31929	180	710	719	0	33538
2131	33672	179	469	476	0	34796
2132	34733	155	272	420	0	35580
2133	34885	155	194	394	0	35628
2134	34647	139	235	374	0	35395
2135	977	34262	304	354	0	35897
2136	597	563	196	31395	0	32751
2137	331	33259	268	633	0	34491
2138	32859	574	181	473	0	34087
2139	32281	339	164	347	0	33131
2140	30636	191	162	275	0	31264
2141	749	30295	220	298	0	31562
2142	362	29790	213	214	0	30579
2143	269	30398	173	205	0	31045
2144	408	704	28853	252	0	30217
2145	398	1344	525	22760	0	25027
2146	57	21612	133	145	0	21947
2147	25	21145	56	200	0	21426
2148	30	109	51	20729	0	20919
2149	42	39	22	20730	0	20833
2150	31	107	20913	108	0	21159
2151	19339	23	122	138	0	19622
2152	112	25	60	22021	0	22218
2153	81	16	25	22001	0	22123
2154	43	71	21849	145	0	22108
2155	42	67	20660	139	0	20908
2156	36	23362	163	45	0	23606
2157	70	100	58	23353	0	23581
2158	38	69	33	23552	0	23692
2159	52	100	23096	141	0	23389
2160	20499	32	117	119	0	20767
2161	22771	25	50	91	0	22937
2162	156	82	23252	32	0	23522
2163	22001	27	116	107	0	22251
2164	130	81	23913	33	0	24157
2165	22952	31	122	73	0	23178
2166	24105	28	58	65	0	24256
2167	165	91	24861	42	0	25159
2168	110	24	111	24454	0	24699
2169	80	41	71	24781	0	24973
2170	49	33	33	26167	0	26282
2171	26007	23	41	238	0	26309
2172	25542	35	35	152	0	25764
2173	223	95	27426	60	0	27804
2174	113	105	26368	65	0	26651
2175	27690	34	254	114	0	28092
2176	29420	29	112	100	0	29661
2177	300	86	29116	74	0	29576
2178	151	83	28588	58	0	28880
2179	78	31	286	28869	0	29264
2180	78	66	30188	223	0	30555
2181	68	38	234	27742	0	28082
2182	29334	22	133	265	0	29754
2183	306	77	31952	123	0	32458
2184	28859	13	365	119	0	29356
2185	407	85	34708	44	0	35244
2186	265	19	419	33998	0	34701
2187	93	23	226	35322	0	35664
2188	106	30	44	34926	0	35106
2189	54	35750	119	604	0	36527
2190	109	432	57	33609	0	34207
2191	109	200	34	36214	0	36557
2192	35526	38	57	667	0	36288
2193	481	98	35430	249	0	36258
2194	32224	21	446	183	0	32874
2195	670	77	35529	62	0	36338
2196	30156	33	452	139	0	30780
2197	448	34924	288	104	0	35764
2198	248	427	34972	52	0	35699
2199	102	252	35280	56	0	35690
2200	126	183	634	30663	0	31606
2201	108	26	312	35365	0	35811
2202	71	99	35910	587	0	36667
2203	79	85	35859	222	0	36245
2204	64	108	39644	96	0	39912
2205	39033	25	629	143	0	39830
2206	41287	27	270	152	0	41736
2207	41674	22	111	143	0	41950
2208	664	26	113	40823	0	41626
2209	316	19	93	41356	0	41784
2210	122	141	44772	642	0	45677
2211	136	36	459	43318	0	43949
2212	137	52	268	43412	0	43869
2213	44202	47	106	740	0	45095
2214	44502	51	107	402	0	45062
2215	45854	35	98	243	0	46230
2216	683	39	124	45469	0	46315
2217	373	28	118	45560	0	46079
2218	182	30	143	45863	0	46218
2219	45204	27	140	722	0	46093
2220	529	41	146	44447	0	45163
2221	311	45041	221	479	0	46052
2222	206	434	168	43913	0	44721
2223	141	43373	283	462	0	44259
2224	43220	423	175	350	0	44168
2225	41708	211	162	291	0	42372
2226	626	42814	228	328	0	43996
2227	318	43159	247	274	0	43998
2228	184	648	210	42743	0	43785
2229	183	326	40482	537	0	41528
2230	272	87	520	38602	0	39481
2231	233	141	40805	585	0	41764
2232	199	40711	624	416	0	41950
2233	218	421	344	41208	0	42191
2234	229	230	212	41923	0	42594
2235	199	192	44595	765	0	45751
2236	239	95	583	43715	0	44632
2237	183	147	45611	651	0	46592
2238	43235	57	587	497	0	44376
2239	45659	56	362	347	0	46424
2240	46433	66	189	324	0	47012
2241	798	76	189	45662	0	46725
2242	438	78	188	45958	0	46662
2243	235	188	46763	835	0	48021
2244	306	202	567	44502	0	45577
2245	246	45836	535	696	0	47313
2246	253	581	46583	436	0	47853
2247	271	384	45774	301	0	46730
2248	290	263	777	42288	0	43618
2249	245	170	46957	633	0	48005
2250	221	267	46592	449	0	47529
2251	39979	149	690	471	0	41289
2252	550	52323	495	302	0	53670
2253	54849	433	265	454	0	56001
2254	54721	259	209	403	0	55592
2255	56275	106	211	416	0	57008
2256	772	107	262	55275	0	56416
2257	479	97	189	56388	0	57153
2258	327	246	56138	776	0	57487
2259	335	88	532	54627	0	55582
2260	201	56633	475	606	0	57915
2261	56889	443	261	508	0	58101
2262	525	57931	338	274	0	59068
2263	397	58105	303	485	0	59290
2264	325	644	199	57807	0	58975
2265	268	470	59302	624	0	60664
2266	310	221	676	58136	0	59343
2267	237	290	59705	649	0	60881
2268	230	58879	646	465	0	60220
2269	58534	399	313	412	0	59658
2270	59311	232	187	373	0	60103
2271	60250	105	190	435	0	60980
2272	689	287	62670	313	0	63959
2273	368	281	58571	375	0	59595
2274	60057	85	646	415	0	61203
2275	59091	75	4227	387	0	63780
2276	64177	87	168	350	0	64782
2277	685	100	121	63376	0	64282
2278	440	84	100	64655	0	65279
2279	64396	84	300	705	0	65485
2280	63622	67	104	536	0	64329
2281	540	331	66924	284	0	68079
2282	302	282	63612	177	0	64373
2283	60411	53	183	294	0	60941
2284	319	258	64938	98	0	65613
2285	59147	28	254	209	0	59638
2286	116	233	63299	154	0	63802
2287	101	82	90	61356	0	61629
2288	80	238	66504	70	0	66892
2289	112	40	61	67448	0	67661
2290	85	17	45	68952	0	69099
2291	34	72492	230	161	0	72917
2292	72696	47	43	290	0	73076
2293	66	340	75165	38	0	75609
2294	67918	57	107	236	0	68318
2295	92	76701	219	137	0	77149
2296	80286	79	49	259	0	80673
2297	202	64	43	80204	0	80513
2298	196	40	34	80642	0	80912
2299	51	85827	241	267	0	86386
2300	153	165	18	88655	0	88991
2301	118	137	26	88823	0	89104
2302	118	46	34	89492	0	89690
2303	86603	40	48	637	0	87328
2304	81861	41	46	438	0	82386
2305	504	303	83089	121	0	84017
2306	228	83854	430	169	0	84681
2307	146	288	179	85659	0	86272
2308	147	210	58	89390	0	89805
2309	109	350	90756	603	0	91818
2310	95	130	491	86571	0	87287
2311	88220	36	291	757	0	89304
2312	88873	38	86	560	0	89557
2313	89611	43	66	310	0	90030
2314	897	57	54	89802	0	90810
2315	95686	43	45	954	0	96728
2316	95956	34	71	622	0	96683
2317	97629	42	54	347	0	98072
2318	945	44	56	97606	0	98651
2319	480	36	50	99068	0	99634
2320	242	49	49	99783	0	100123
2321	227	48	53	98670	0	98998
2322	190	52	52	98832	0	99126
2323	151	378	97045	971	0	98545
2324	246	424	95850	529	0	97049
2325	137	94432	1015	242	0	95826
2326	202	552	394	97676	0	98824
2327	185	372	100	99007	0	99664
2328	195	78	67	100301	0	100641
2329	162	358	98992	1031	0	100543
2330	201	53	611	97524	0	98389
2331	158	373	99156	771	0	100458
2332	223	57	671	98110	0	99061
2333	228	438	104699	813	0	106178
2334	112	105532	893	751	0	107288
2335	179	702	408	104444	0	105733
2336	173	726	103639	777	0	105315
2337	85436	163	761	958	0	87318
2338	734	105422	713	308	0	107177
2339	587	687	128	105658	0	107060
2340	157	106744	358	826	0	108085
2341	221	836	111	105856	0	107024
2342	106490	462	110	1064	0	108126
2343	883	154	86	105325	0	106448
2344	508	106289	418	1097	0	108312
2345	107052	744	107	781	0	108684
2346	973	473	105	110190	0	111741
2347	638	377	80	113004	0	114099
2348	113146	73	119	1928	0	115266
2349	1329	153	119	122587	0	124188
2350	906	73	93	148992	0	150064
2351	365	655	148637	3570	0	153227
2352	275	474	146068	1540	0	148357
2353	467	98	4006	142366	0	146937
2354	326	437	146160	2904	0	149827
2355	293	606	142423	1546	0	144868
2356	127381	130	4266	967	0	132744
2357	3088	418	146152	458	0	150116
2358	1416	145971	3615	556	0	151558
2359	743	2903	1562	144890	0	150098
2360	151533	1339	599	3308	0	156779
2361	155084	410	395	1949	0	157838
2362	153528	234	383	983	0	155128
2363	4782	153281	749	608	0	159420
2364	2207	3197	380	150895	0	156679
2365	964	1520	314	154815	0	157613
2366	146589	524	432	5099	0	152644
2367	152568	260	391	2484	0	155703
2368	153195	267	365	1250	0	155077
2369	5102	553	155725	804	0	162184
2370	2135	157201	4084	901	0	164321
2371	868	183053	2388	799	0	187108
2372	1021	6225	936	174627	0	182809
2373	849	2757	643	183509	0	187758
2374	650	1200	180954	7304	0	190108
2375	172569	490	5209	3743	0	182011
2376	183078	504	2940	1502	0	188024
2377	7610	428	1108	180365	0	189511
2378	3795	438	591	183768	0	188592
2379	1791	326	513	185891	0	188521
2380	180150	355	575	8309	0	189389
2381	5759	801	176188	3924	0	186672
2382	3269	891	179447	1627	0	185234
2383	1635	522	7436	173385	0	182978
2384	1010	865	177072	5892	0	184839
2385	169499	335	5886	3716	0	179436
2386	176476	301	3177	1850	0	181804
2387	178997	337	1410	1370	0	182114
2388	8428	169645	1297	1163	0	180533
2389	171071	5119	888	1286	0	178364
2390	6438	2938	738	167254	0	177368
2391	3650	1138	791	168202	0	173781
2392	1920	588	836	172080	0	175424
2393	1359	928	163439	8859	0	174585
2394	1642	523	5764	154482	0	162411
2395	1353	161036	3677	6468	0	172534
2396	155051	5030	1532	3951	0	165564
2397	5642	160504	1497	2584	0	170227
2398	3872	5906	157563	2048	0	169389
2399	2012	156830	6033	1808	0	166683
2400	150423	5789	3657	1794	0	161663
2401	5666	153635	2483	1833	0	163617
2402	4080	5824	1802	126482	0	138188
2403	1790	151867	2118	5246	0	161021
2404	150872	5706	1629	3261	0	161468
2405	154099	3064	1636	1930	0	160729
2406	144757	1473	1933	1752	0	149915
2407	8609	1597	149376	1658	0	161240
2408	4525	1494	149127	1392	0	156538
2409	2679	1372	148101	1982	0	154134
2410	142532	1151	8243	1817	0	153743
2411	6660	1357	4175	141487	0	153679
2412	4339	1051	1942	145130	0	152462
2413	2516	1412	140858	8056	0	152842
2414	2263	1196	5620	142025	0	151104
2415	133784	1174	3395	6745	0	145098
2416	6086	133894	2242	4241	0	146463
2417	137651	5232	1414	2447	0	146744
2418	7120	3627	134508	1728	0	146983
2419	135953	1895	5688	1729	0	145265
2420	139134	1524	3653	1710	0	146021
2421	140445	1542	2002	1926	0	145915
2422	8958	1651	133210	1985	0	145804
2423	5488	1191	5557	132150	0	144386
2424	3400	1315	135023	5998	0	145736
2425	3121	1025	6155	135243	0	145544
2426	2646	1309	136502	6263	0	146720
2427	2687	1106	6319	133543	0	143655
2428	2608	1095	3780	137794	0	145277
2429	134540	916	2052	8310	0	145818
2430	137487	779	1733	4756	0	144755
2431	139465	671	1960	2765	0	144861
2432	9178	776	1883	125922	0	137759
2433	4881	119000	2196	6023	0	132100
2434	2895	128158	2033	4053	0	137139
2435	126245	6696	1561	2520	0	137022
2436	6579	3658	124275	1994	0	136506
2437	125224	1520	5649	1845	0	134238
2438	6945	1547	123707	1695	0	133894
2439	127052	1190	5921	1855	0	136018
2440	121985	1073	3614	2144	0	128816
2441	8193	1306	125701	2051	0	137251
2442	127656	799	5771	2169	0	136395
2443	129025	848	3766	1900	0	135539
2444	129914	977	2163	1832	0	134886
2445	8777	126165	2101	1920	0	138963
2446	4784	5906	1689	120785	0	133164
2447	2669	3093	120990	5515	0	132267
2448	2783	1546	123316	3488	0	131133
2449	2338	110608	6908	1958	0	121812
2450	1523	87121	2925	1346	0	92915
2451	1975	3638	2079	81301	0	88993
2452	80223	1866	997	3131	0	86217
2453	3356	81736	1074	2231	0	88397
2454	2771	2756	901	77566	0	83994
2455	1717	82471	910	2717	0	87815
2456	79330	3082	646	1872	0	84930
2457	3525	1995	658	79470	0	85648
2458	2434	1113	77928	2845	0	84320
2459	1583	74123	2964	2018	0	80688
2460	1189	74252	2288	972	0	78701
2461	1337	3404	1021	63613	0	69375
2462	1086	71773	1037	2166	0	76062
2463	1243	2856	742	70158	0	74999
2464	70846	1842	616	2748	0	76052
2465	71186	943	739	1833	0	74701
2466	74209	763	661	948	0	76581
2467	73943	749	693	796	0	76181
2468	4244	816	71247	712	0	77019
2469	2386	65379	2381	586	0	70732
2470	1120	61781	1621	603	0	65125
2471	374	42500	330	222	0	43426
2472	268	41153	321	161	0	41903
2473	39329	1154	568	248	0	41299
2474	38043	371	574	150	0	39138
2475	39168	135	64	172	0	39539
2476	39188	102	71	148	0	39509
2477	848	187	38683	73	0	39791
2478	41165	113	509	216	0	42003
2479	43253	93	334	168	0	43848
2480	44215	102	109	149	0	44575
2481	908	110	78	43415	0	44511
2482	460	81	77	44199	0	44817
2483	44557	102	66	835	0	45560
2484	643	97	68	44064	0	44872
2485	412	43759	163	562	0	44896
2486	260	513	52	44463	0	45288
2487	227	330	73	44323	0	44953
2488	179	45272	170	753	0	46374
2489	183	535	70	44947	0	45735
2490	194	339	64	45276	0	45873
2491	44088	144	62	799	0	45093
2492	529	218	42900	350	0	43997
2493	41326	137	465	223	0	42151
2494	605	235	42789	164	0	43793
2495	405	228	41453	121	0	42207
2496	330	210	42335	108	0	42983
2497	40254	104	734	198	0	41290
2498	581	229	44197	102	0	45109
2499	43353	106	504	213	0	44176
2500	45293	135	285	198	0	45911
2501	45402	111	128	200	0	45841
2502	773	45090	154	146	0	46163
2503	44875	522	80	215	0	45692
2504	574	45815	128	131	0	46648
2505	410	582	71	45500	0	46563
2506	237	346	73	45289	0	45945
2507	190	45174	147	729	0	46240
2508	193	45589	176	374	0	46332
2509	207	46792	175	146	0	47320
2510	46224	751	71	197	0	47243
2511	588	47378	184	123	0	48273
2512	47212	565	82	193	0	48052
2513	669	496	45616	99	0	46880
2514	44962	219	478	157	0	45816
2515	47141	165	307	205	0	47818
2516	874	295	45992	94	0	47255
2517	550	175	483	45006	0	46214
2518	316	276	46289	538	0	47419
2519	314	262	528	45358	0	46462
2520	320	151	315	46576	0	47362
2521	46509	130	109	824	0	47572
2522	46614	129	90	469	0	47302
2523	873	46325	215	229	0	47642
2524	47542	520	77	269	0	48408
2525	775	490	47566	155	0	48986
2526	46752	167	586	276	0	47781
2527	796	216	51201	195	0	52408
2528	534	264	51007	154	0	51959
2529	50782	123	1004	258	0	52167
2530	53083	131	482	261	0	53957
2531	1150	289	54192	174	0	55805
2532	648	171	781	50059	0	51659
2533	365	151	433	54572	0	55521
2534	385	260	53518	1066	0	55229
2535	343	234	782	50804	0	52163
2536	306	51462	617	776	0	53161
2537	362	742	249	55207	0	56560
2538	326	448	196	54916	0	55886
2539	349	325	52205	1000	0	53879
2540	46447	164	795	606	0	48012
2541	51510	112	516	268	0	52406
2542	51204	114	240	246	0	51804
2543	50795	109	186	252	0	51342
2544	1341	49363	300	175	0	51179
2545	810	707	153	47314	0	48984
2546	445	515	46767	750	0	48477
2547	351	309	46914	492	0	48066
2548	353	116	1004	45013	0	46486
2549	315	263	46237	793	0	47608
2550	42487	94	659	486	0	43726
2551	698	107	371	44096	0	45272
2552	454	107	184	44807	0	45552
2553	280	98	121	44793	0	45292
2554	43438	104	197	1056	0	44795
2555	671	43756	235	670	0	45332
2556	43674	584	159	344	0	44761
2557	43848	314	164	267	0	44593
2558	969	43209	275	161	0	44614
2559	528	44267	313	126	0	45234
2560	45023	781	214	187	0	46205
2561	804	359	231	44628	0	46022
2562	560	129	234	44763	0	45686
2563	45490	81	244	950	0	46765
2564	874	229	44907	402	0	46412
2565	44443	103	744	286	0	45576
2566	45467	89	441	230	0	46227
2567	1143	46351	299	180	0	47973
2568	48103	661	154	223	0	49141
2569	47461	400	136	264	0	48261
2570	1144	56408	226	194	0	57972
2571	459	58444	225	219	0	59347
2572	480	1580	154	56647	0	58861
2573	57754	686	74	1166	0	59680
2574	1095	59362	177	704	0	61338
2575	684	1206	81	59163	0	61134
2576	59376	587	99	1349	0	61411
2577	1386	379	59173	668	0	61606
2578	831	121	1264	57585	0	59801
2579	373	231	58372	1318	0	60294
2580	54228	104	1475	783	0	56590
2581	57787	97	727	381	0	58992
2582	1901	199	57626	217	0	59943
2583	891	56876	1492	215	0	59474
2584	461	1225	729	57235	0	59650
2585	294	753	58317	1318	0	60682
2586	316	238	1398	57707	0	59659
2587	287	137	707	60425	0	61556
2588	239	242	58692	2010	0	61183
2589	53915	132	1422	1096	0	56565
2590	58791	101	875	482	0	60249
2591	2040	228	58929	258	0	61455
2592	964	58899	1557	304	0	61724
2593	581	1381	755	54443	0	57160
2594	317	58491	460	1230	0	60498
2595	244	60013	287	705	0	61249
2596	58958	1935	178	607	0	61678
2597	1523	938	163	59090	0	61714
2598	937	363	154	59592	0	61046
2599	503	329	58775	2049	0	61656
2600	369	314	58818	965	0	60466
2601	412	172	2055	57418	0	60057
2602	407	170	948	60345	0	61870
2603	289	337	59408	2157	0	62191
2604	301	370	59946	1075	0	61692
2605	350	232	2208	59591	0	62381
2606	60791	263	1061	1788	0	63903
2607	1638	61982	596	1144	0	65360
2608	61960	1662	329	611	0	64562
2609	1978	61733	392	458	0	64561
2610	1114	63136	384	409	0	65043
2611	61560	2403	267	453	0	64683
2612	2092	1261	61272	360	0	64985
2613	1238	490	1761	60893	0	64382
2614	664	344	1066	63464	0	65538
2615	576	285	493	66986	0	68340
2616	491	410	65160	2782	0	68843
2617	535	296	1923	65156	0	67910
2618	66025	316	1142	2286	0	69769
2619	2081	296	579	66615	0	69571
2620	1300	277	447	69541	0	71565
2621	68453	276	446	3057	0	72232
2622	67736	266	392	1696	0	70090
2623	2866	67137	604	876	0	71483
2624	1591	1960	67590	528	0	71669
2625	769	1154	66688	461	0	69072
2626	560	580	67730	505	0	69375
2627	464	62442	3017	416	0	66339
2628	550	1783	1388	59449	0	63170
2629	454	1055	623	62036	0	64168
2630	61108	503	438	2687	0	64736
2631	1972	348	416	60688	0	63424
2632	1107	422	59805	2225	0	63559
2633	635	388	1939	59988	0	62950
2634	515	268	1173	60877	0	62833
2635	411	320	59589	2894	0	63214
2636	377	58205	2198	1596	0	62376
2637	572	1749	1222	48875	0	52418
2638	413	57807	836	1837	0	60893
2639	440	2012	57996	1144	0	61592
2640	56564	1065	2004	799	0	60432
2641	58853	538	1223	683	0	61297
2642	59907	464	648	616	0	61635
2643	2994	422	539	56000	0	59955
2644	1444	58139	638	2038	0	62259
2645	57940	1925	510	1350	0	61725
2646	59595	1113	514	825	0	62047
2647	59277	548	500	785	0	61110
2648	2855	462	57135	765	0	61217
2649	55758	311	1980	798	0	58847
2650	2195	56874	1329	815	0	61213
2651	56963	1795	702	705	0	60165
2652	2067	57667	751	736	0	61221
2653	58063	1979	536	731	0	61309
2654	2233	1232	59062	656	0	63183
2655	59047	529	1956	735	0	62267
2656	61121	438	1154	687	0	63400
2657	54857	442	744	694	0	56737
2658	61807	419	535	603	0	63364
2659	3020	512	59544	565	0	63641
2660	1638	380	1965	58606	0	62589
2661	58495	361	1243	2103	0	62202
2662	2072	58732	852	1368	0	63024
2663	1314	1683	532	57791	0	61320
2664	746	1102	57601	2163	0	61612
2665	765	1025	1799	57020	0	60609
2666	762	425	57419	2208	0	60814
2667	522	54399	2141	1420	0	58482
2668	511	52769	1274	806	0	55360
2669	535	52732	693	770	0	54730
2670	691	2038	398	42229	0	45356
2671	544	730	289	41975	0	43538
2672	410	345	40506	1545	0	42806
2673	391	38358	1084	722	0	40555
2674	35570	853	576	371	0	37370
2675	951	34960	348	386	0	36645
2676	616	35926	311	261	0	37114
2677	712	1160	231	33793	0	35896
2678	33561	537	301	879	0	35278
2679	33916	263	214	589	0	34982
2680	1283	196	183	33507	0	35169
2681	33783	159	199	914	0	35055
2682	1007	260	175	33182	0	34624
2683	626	243	32506	932	0	34307
2684	31829	201	802	642	0	33474
2685	981	181	522	32718	0	34402
2686	581	244	32085	831	0	33741
2687	362	251	31697	490	0	32800
2688	377	226	1097	31283	0	32983
2689	31031	184	1298	860	0	33373
2690	31550	201	274	548	0	32573
2691	1141	31808	292	283	0	33524
2692	33280	773	207	319	0	34579
2693	33183	488	192	248	0	34111
2694	33292	223	197	287	0	33999
2695	1203	33832	240	245	0	35520
2696	34923	715	175	313	0	36126
2697	35549	447	151	226	0	36373
2698	1253	362	147	34849	0	36611
2699	33764	152	144	791	0	34851
2700	857	33818	232	479	0	35386
2701	526	34904	229	306	0	35965
2702	363	847	148	34596	0	35954
2703	360	379	127	34494	0	35360
2704	255	35803	205	873	0	37136
2705	34972	588	136	425	0	36121
2706	661	33956	186	202	0	35005
2707	32622	469	87	152	0	33330
2708	615	33958	167	232	0	34972
2709	421	513	93	32353	0	33380
2710	258	35336	138	441	0	36173
2711	34984	527	213	394	0	36118
2712	34845	271	103	185	0	35404
2713	35039	173	142	319	0	35673
2714	758	203	33893	104	0	34958
2715	312	174	31535	74	0	32095
2716	172	31834	486	121	0	32613
2717	166	434	31662	96	0	32358
2718	151	249	30748	73	0	31221
2719	120	253	286	26002	0	26661
2720	88	117	28689	209	0	29103
2721	55	29591	219	163	0	30028
2722	29120	196	86	110	0	29512
2723	198	29297	89	61	0	29645
2724	112	29784	85	156	0	30137
2725	30797	274	25	132	0	31228
2726	30502	179	40	100	0	30821
2727	269	32195	92	124	0	32680
2728	32635	235	42	121	0	33033
2729	32229	112	30	121	0	32492
2730	32323	56	36	97	0	32512
2731	505	126	31309	45	0	31985
2732	146	138	31431	52	0	31767
2733	101	59	249	31626	0	32035
2734	92	86	110	32843	0	33131
2735	33526	53	36	313	0	33928
2736	211	33061	89	125	0	33486
2737	159	191	37	34379	0	34766
2738	91	118	37	34424	0	34670
2739	91	74	38	34854	0	35057
2740	115	46	43	34839	0	35043
2741	108	155	34269	360	0	34892
2742	82	152	33804	196	0	34234
2743	95	55	353	34842	0	35345
2744	85	120	36014	268	0	36487
2745	33305	53	345	235	0	33938
2746	359	53	169	36059	0	36640
2747	232	115	36295	294	0	36936
2748	31426	55	302	293	0	32076
2749	319	36143	258	100	0	36820
2750	36101	281	79	129	0	36590
2751	333	38024	113	77	0	38547
2752	258	305	38	37404	0	38005
2753	136	292	37843	267	0	38538
2754	128	94	290	35527	0	36039
2755	78	161	35714	340	0	36293
2756	34302	51	308	262	0	34923
2757	411	56	180	36832	0	37479
2758	37061	47	85	377	0	37570
2759	393	155	37156	192	0	37896
2760	38081	61	338	172	0	38652
2761	42575	46	206	130	0	42957
2762	704	157	42733	78	0	43672
2763	384	105	502	41979	0	42970
2764	170	125	43589	486	0	44370
2765	97	43929	612	287	0	44925
2766	44139	525	359	209	0	45232
2767	44330	249	147	163	0	44889
2768	747	199	44543	82	0	45571
2769	426	176	44507	67	0	45176
2770	205	73	806	43101	0	44185
2771	136	58	314	44885	0	45393
2772	45099	45	143	742	0	46029
2773	512	45479	176	319	0	46486
2774	46209	471	93	208	0	46981
2775	46578	225	91	187	0	47081
2776	736	191	45871	112	0	46910
2777	43088	45	543	169	0	43845
2778	606	137	46732	83	0	47558
2779	476	48	547	46324	0	47395
2780	200	165	48293	507	0	49165
2781	224	187	570	47100	0	48081
2782	159	153	48038	538	0	48888
2783	45423	85	607	387	0	46502
2784	47704	47	338	206	0	48295
2785	791	43	199	47476	0	48509
2786	48948	51	164	654	0	49817
2787	653	61	166	49716	0	50596
2788	366	51296	274	587	0	52523
2789	51535	463	162	419	0	52579
2790	598	51894	252	191	0	52935
2791	463	635	151	51748	0	52997
2792	299	269	132	51034	0	51734
2793	269	120	142	51086	0	51617
2794	248	90	148	50786	0	51272
2795	197	311	48713	795	0	50016
2796	41258	105	540	556	0	42459
2797	46955	81	291	316	0	47643
2798	744	47390	241	214	0	48589
2799	474	604	140	47383	0	48601
2800	304	253	139	47762	0	48458
2801	231	226	46283	736	0	47476
2802	43186	62	601	466	0	44315
2803	618	69	369	45699	0	46755
2804	377	176	44871	597	0	46021
2805	43361	77	592	445	0	44475
2806	46290	60	362	378	0	47090
2807	46640	67	234	284	0	47225
2808	890	156	45649	203	0	46898
2809	470	188	43623	212	0	44493
2810	42706	55	681	230	0	43672
2811	659	71	334	44265	0	45329
2812	469	76	181	46084	0	46810
2813	293	255	45270	733	0	46551
2814	42336	103	530	464	0	43433
2815	636	89	289	46244	0	47258
2816	47198	75	241	732	0	48246
2817	47489	84	144	533	0	48250
2818	47261	59	165	373	0	47858
2819	903	174	48106	258	0	49441
2820	538	62	595	47761	0	48956
2821	47508	53	360	749	0	48670
2822	693	49123	321	430	0	50567
2823	577	572	154	49760	0	51063
2824	452	318	122	50198	0	51090
2825	48969	124	148	1027	0	50268
2826	49184	75	176	553	0	49988
2827	1032	77	160	47982	0	49251
2828	550	201	47831	715	0	49297
2829	45724	70	696	563	0	47053
2830	819	202	49472	247	0	50740
2831	49225	63	758	259	0	50305
2832	50473	44	445	302	0	51264
2833	1119	150	50460	231	0	51960
2834	681	53	758	50076	0	51568
2835	372	204	53193	831	0	54600
2836	301	56842	932	534	0	58609
2837	376	813	457	52606	0	54252
2838	279	58657	352	786	0	60074
2839	337	1030	158	58657	0	60182
2840	252	715	60735	1000	0	62702
2841	230	61534	1106	685	0	63555
2842	243	63991	672	268	0	65174
2843	371	1840	288	63131	0	65630
2844	64643	646	148	1219	0	66656
2845	1278	206	148	72001	0	73633
2846	72325	133	150	1603	0	74211
2847	1563	73381	310	923	0	76177
2848	80749	1460	127	413	0	82749
2849	1868	962	83412	280	0	86522
2850	1157	196	1694	81628	0	84675
2851	486	117	936	82303	0	83842
2852	335	298	81626	2562	0	84821
2853	76041	136	1784	1233	0	79194
2854	79809	140	1000	393	0	81342
2855	2573	80888	456	307	0	84224
2856	1396	2124	352	68386	0	72258
2857	391	79382	433	1428	0	81634
2858	356	1884	78818	831	0	81889
2859	311	1127	80110	271	0	81819
2860	670	810	2385	74428	0	78293
2861	74002	122	909	1630	0	76663
2862	1529	72744	328	1176	0	75777
2863	74033	1504	128	362	0	76027
2864	1676	973	72352	204	0	75205
2865	71581	239	1517	251	0	73588
2866	73924	166	879	297	0	75266
2867	2423	309	72423	216	0	75371
2868	1177	172	1606	68156	0	71111
2869	72835	152	913	1619	0	75519
2870	73560	149	291	941	0	74941
2871	73678	159	244	376	0	74457
2872	2588	181	212	71792	0	74773
2873	1148	361	71277	1602	0	74388
2874	68470	212	1636	1108	0	71426
2875	1840	390	73282	348	0	75860
2876	1173	225	1758	70245	0	73401
2877	570	211	1025	68798	0	70604
2878	381	71317	458	2513	0	74669
2879	465	1761	71376	1034	0	74636
2880	382	70310	1886	466	0	73044
2881	474	71530	1192	503	0	73699
2882	565	2464	418	70111	0	73558
2883	466	1206	70650	1816	0	74138
2884	597	365	1753	70910	0	73625
2885	515	435	72091	1889	0	74930
2886	605	301	1972	69958	0	72836
2887	595	432	1104	70633	0	72764
2888	535	441	67772	2588	0	71336
2889	573	343	1863	67078	0	69857
2890	552	400	69102	1963	0	72017
2891	613	397	68574	1276	0	70860
2892	561	67729	2721	640	0	71651
2893	68064	1753	1297	587	0	71701
2894	2012	1202	68062	514	0	71790
2895	64726	452	1968	543	0	67689
2896	2136	420	1316	68292	0	72164
2897	1338	542	67773	2006	0	71659
2898	620	67696	2150	1408	0	71874
2899	658	1879	1259	66763	0	70559
2900	658	1273	68001	1929	0	71861
2901	827	512	2042	61456	0	64837
2902	625	67677	1488	1842	0	71632
2903	68031	1832	642	1238	0	71743
2904	2167	1174	578	68382	0	72301
2905	68265	521	569	2121	0	71476
2906	68738	441	615	1459	0	71253
2907	69422	404	611	795	0	71232
2908	69445	395	607	763	0	71210
2909	68156	385	599	751	0	69891
2910	2903	65753	786	671	0	70113
2911	1671	1746	630	65946	0	69993
2912	1035	1052	662	66613	0	69362
2913	960	452	627	67200	0	69239
2914	833	475	64140	2849	0	68297
2915	714	63292	2167	1475	0	67648
2916	65689	1760	1363	789	0	69601
2917	64940	1104	763	747	0	67554
2918	2828	63417	875	765	0	67885
2919	1394	65033	845	767	0	68039
2920	63680	2571	658	753	0	67662
2921	2177	1339	63388	620	0	67524
2922	1518	518	2104	60659	0	64799
2923	61870	469	1341	2080	0	65760
2924	2180	449	699	59336	0	62664
2925	1344	61666	818	1991	0	65819
2926	851	1812	684	61856	0	65203
2927	715	1274	61832	2048	0	65869
2928	59209	506	2086	1421	0	63222
2929	62902	398	1344	768	0	65412
2930	2985	377	615	59504	0	63481
2931	1634	489	587	60462	0	63172
2932	57511	306	595	2654	0	61066
2933	2093	57469	709	1403	0	61674
2934	1554	1535	551	56827	0	60467
2935	1034	882	499	57505	0	59920
2936	51385	289	450	2373	0	54497
2937	1772	52570	563	1257	0	56162
2938	51887	1385	436	622	0	54330
2939	1840	52084	535	552	0	55011
2940	1030	51922	468	488	0	53908
2941	49166	1762	374	428	0	51730
2942	1461	50182	496	416	0	52555
2943	935	2157	535	47411	0	51038
2944	465	888	48027	1373	0	50753
2945	244	284	40611	648	0	41787
2946	217	224	39211	264	0	39916
2947	197	38817	1402	226	0	40642
2948	30388	674	1087	235	0	32384
2949	660	344	236	28326	0	29566
2950	426	105	89	28935	0	29555
2951	139	129	28369	908	0	29545
2952	27215	87	626	485	0	28413
2953	705	82	358	29165	0	30310
2954	437	81	102	29710	0	30330
2955	195	60	70	29768	0	30093
2956	28518	67	79	1004	0	29668
2957	653	132	28333	446	0	29564
2958	28193	82	593	208	0	29076
2959	737	95	324	28411	0	29567
2960	439	162	28614	721	0	29936
2961	27349	128	582	461	0	28520
2962	712	198	29234	146	0	30290
2963	513	263	658	27907	0	29341
2964	205	188	29388	649	0	30430
2965	160	174	29051	403	0	29788
2966	26231	100	944	217	0	27492
2967	670	142	28325	152	0	29289
2968	435	99	739	27294	0	28567
2969	27698	103	444	655	0	28900
2970	688	91	222	27951	0	28952
2971	429	150	27862	703	0	29144
2972	233	145	28102	464	0	28944
2973	163	27944	1003	290	0	29400
2974	343	594	462	27146	0	28545
2975	25955	338	166	705	0	27164
2976	608	26023	172	492	0	27295
2977	26400	576	135	290	0	27401
2978	733	365	129	25963	0	27190
2979	25869	146	140	715	0	26870
2980	734	25333	197	773	0	27037
2981	517	592	128	25265	0	26502
2982	25606	376	150	672	0	26804
2983	679	26121	210	446	0	27456
2984	493	601	186	25722	0	27002
2985	269	393	169	25581	0	26412
2986	25698	133	225	972	0	27028
2987	733	81	236	26101	0	27151
2988	488	113	232	26134	0	26967
2989	267	106	242	26954	0	27569
2990	225	137	25184	1065	0	26611
2991	24319	80	757	590	0	25746
2992	731	64	474	29523	0	30792
2993	501	153	30508	939	0	32101
2994	29084	101	960	660	0	30805
2995	943	171	30988	306	0	32408
2996	624	131	955	28698	0	30408
2997	286	29830	635	978	0	31729
2998	255	838	255	30506	0	31854
2999	383	518	30390	1025	0	32316
3000	268	266	31469	636	0	32639
3001	316	137	1287	30823	0	32563
3002	248	192	31254	991	0	32685
3003	29577	172	1004	668	0	31421
3004	983	223	31326	341	0	32873
3005	639	164	991	29782	0	31576
3006	332	150	600	30873	0	31955
3007	297	148	312	30947	0	31704
3008	30263	118	217	1464	0	32062
3009	30693	141	223	809	0	31866
3010	31328	106	233	465	0	32132
3011	1452	96	219	30504	0	32271
3012	744	166	222	31268	0	32400
3013	320	121	30167	1493	0	32101
3014	310	128	30604	760	0	31802
3015	285	29571	1397	393	0	31646
3016	354	686	564	25742	0	27346
3017	281	387	233	25137	0	26038
3018	217	26343	273	1114	0	27947
3019	25917	702	352	598	0	27569
3020	761	26409	265	315	0	27750
3021	26097	702	345	364	0	27508
3022	834	427	223	25861	0	27345
3023	25822	147	213	868	0	27050
3024	848	85	236	25878	0	27047
3025	516	133	24900	906	0	26455
3026	246	106	845	25296	0	26493
3027	24591	75	516	947	0	26129
3028	838	73	239	24838	0	25988
3029	571	68	187	24972	0	25798
3030	262	132	24689	1230	0	26313
3031	284	75	746	25141	0	26246
3032	265	95	453	24434	0	25247
3033	238	24073	290	1204	0	25805
3034	290	631	153	24130	0	25204
3035	274	368	185	24496	0	25323
3036	302	114	181	23854	0	24451
3037	175	21326	191	1023	0	22715
3038	154	484	92	19764	0	20494
3039	18687	271	122	692	0	19772
3040	519	18289	172	455	0	19435
3041	242	17036	132	290	0	17700
3042	113	16846	165	189	0	17313
3043	126	957	143	14719	0	15945
3044	107	15341	254	487	0	16189
3045	200	15740	226	310	0	16476
3046	15124	501	490	239	0	16354
3047	450	277	14796	265	0	15788
3048	14741	170	505	262	0	15678
3049	437	111	335	15510	0	16393
3050	252	137	15631	559	0	16579
3051	14817	72	656	438	0	15983
3052	425	110	15500	343	0	16378
3053	294	80	15119	271	0	15764
3054	15301	70	786	284	0	16441
3055	526	63	529	15809	0	16927
3056	352	95	15702	731	0	16880
3057	15435	67	573	629	0	16704
3058	16041	56	337	493	0	16927
3059	821	90	15949	379	0	17239
3060	16738	67	498	388	0	17691
3061	17251	48	317	353	0	17969
3062	837	82	16307	421	0	17647
3063	16369	66	564	428	0	17427
3064	16831	89	480	372	0	17772
3065	735	143	16594	337	0	17809
3066	369	230	17461	309	0	18369
3067	221	159	734	17742	0	18856
3068	180	220	18108	773	0	19281
3069	17663	240	569	512	0	18984
3070	717	211	307	17799	0	19034
3071	499	283	119	18179	0	19080
3072	397	200	17612	871	0	19080
3073	323	172	513	17590	0	18598
3074	339	158	17659	777	0	18933
3075	17396	111	572	643	0	18722
3076	18166	103	421	408	0	19098
3077	850	140	17577	440	0	19007
3078	17790	92	569	413	0	18864
3079	18239	85	319	533	0	19176
3080	820	134	18063	504	0	19521
3081	18067	102	626	474	0	19269
3082	18003	101	392	528	0	19024
3083	722	152	17882	465	0	19221
3084	17583	184	533	494	0	18794
3085	555	185	18769	534	0	20043
3086	359	142	522	18776	0	19799
3087	203	141	292	19226	0	19862
3088	193	228	131	19515	0	20067
3089	192	199	18360	1005	0	19756
3090	16848	175	470	551	0	18044
3091	576	281	17732	336	0	18925
3092	224	13451	310	142	0	14127
3093	61	13063	301	106	0	13531
3094	12391	310	125	105	0	12931
3095	257	142	46	12538	0	12983
3096	152	13128	67	236	0	13583
3097	12881	189	50	157	0	13277
3098	12631	97	53	75	0	12856
3099	293	13234	91	62	0	13680
3100	180	200	52	11878	0	12310
3101	74	12819	70	182	0	13145
3102	13264	252	49	123	0	13688
3103	13531	106	59	75	0	13771
3104	452	26	44	12695	0	13217
3105	13027	29	56	252	0	13364
3106	301	23	55	12984	0	13363
3107	178	45	12973	242	0	13438
3108	12344	35	262	153	0	12794
3109	286	67	12941	65	0	13359
3110	166	21	256	12362	0	12805
3111	12577	18	143	243	0	12981
3112	282	18	60	12659	0	13019
3113	181	40	12471	294	0	12986
3114	76	88	12298	138	0	12600
3115	107	34	319	12316	0	12776
3116	12225	15	152	219	0	12611
3117	258	12277	99	259	0	12893
3118	172	203	58	12413	0	12846
3119	90	144	12430	209	0	12873
3120	12055	22	233	147	0	12457
3121	12811	31	149	68	0	13059
3122	348	56	12673	56	0	13133
3123	12263	22	209	63	0	12557
3124	269	29	127	12737	0	13162
3125	171	54	12974	205	0	13404
3126	12868	21	222	147	0	13258
3127	276	26	143	13075	0	13520
3128	171	24	70	13114	0	13379
3129	13143	24	60	334	0	13561
3130	258	12374	85	144	0	12861
3131	177	12652	105	61	0	12995
3132	12636	254	82	74	0	13046
3133	12151	117	76	85	0	12429
3134	338	64	13131	71	0	13604
3135	174	72	13112	68	0	13426
3136	106	20	310	13387	0	13823
3137	14232	22	141	261	0	14656
3138	14100	38	71	168	0	14377
3139	14329	30	62	93	0	14514
3140	363	14032	109	85	0	14589
3141	195	14359	105	78	0	14737
3142	116	294	89	14736	0	15235
3143	119	133	84	14875	0	15211
3144	146	39	72	15398	0	15655
3145	133	53	15427	354	0	15967
3146	128	72	14277	178	0	14655
3147	14837	40	382	96	0	15355
3148	15956	41	189	94	0	16280
3149	426	40	80	15538	0	16084
3150	231	37	81	15400	0	15749
3151	154	32	72	15834	0	16092
3152	111	65	15181	362	0	15719
3153	81	66	15041	194	0	15382
3154	103	27	297	14481	0	14908
3155	109	42	14613	228	0	14992
3156	78	14305	248	171	0	14802
3157	83	14734	170	99	0	15086
3158	14259	275	74	89	0	14697
3159	241	14485	85	80	0	14891
3160	145	9494	78	5169	0	14886
3161	88	342	65	14459	0	14954
3162	80	15346	74	232	0	15732
3163	89	218	50	15530	0	15887
3164	78	142	14903	225	0	15348
3165	83	14617	216	175	0	15091
3166	84	249	116	14134	0	14583
3167	93	124	13815	289	0	14321
3168	68	13650	209	127	0	14054
3169	66	165	116	13260	0	13607
3170	55	13712	84	173	0	14024
3171	68	170	51	13594	0	13883
3172	76	95	42	13081	0	13294
3173	62	13479	67	245	0	13853
3174	12812	158	55	141	0	13166
3175	12584	107	44	87	0	12822
3176	253	12866	58	194	0	13371
3177	127	13147	55	117	0	13446
3178	73	249	33	13047	0	13402
3179	58	138	13043	191	0	13430
3180	11990	57	181	152	0	12380
3181	12771	42	118	89	0	13020
3182	244	62	12627	65	0	12998
3183	12120	34	173	79	0	12406
3184	12625	41	103	81	0	12850
3185	243	65	11925	64	0	12297
3186	11049	43	167	61	0	11320
3187	181	63	11831	57	0	12132
3188	100	11776	197	64	0	12137
3189	11882	152	95	68	0	12197
3190	11828	99	44	70	0	12041
3191	225	64	11952	54	0	12295
3192	11879	46	157	63	0	12145
3193	12578	48	105	92	0	12823
3194	232	57	12665	55	0	13009
3195	12600	61	153	72	0	12886
3196	13048	39	93	78	0	13258
3197	235	78	12952	50	0	13315
3198	12927	52	163	65	0	13207
3199	192	33	105	12610	0	12940
3200	135	46	69	12550	0	12800
3201	64	71	12362	242	0	12739
3202	50	47	11794	124	0	12015
3203	48	38	214	11917	0	12217
3204	92	76	101	12287	0	12556
3205	13455	25	39	230	0	13749
3206	196	68	13282	109	0	13655
3207	13459	29	183	52	0	13723
3208	208	36	113	13823	0	14180
3209	119	65	14042	183	0	14409
3210	14933	37	198	161	0	15329
3211	241	21	110	15877	0	16249
3212	133	51	16212	219	0	16615
3213	15620	22	217	145	0	16004
3214	240	17	145	16476	0	16878
3215	16847	16	70	243	0	17176
3216	550	56	17742	129	0	18477
3217	199	15	249	16400	0	16863
3218	66	18785	182	203	0	19236
3219	19443	235	55	177	0	19910
3220	19015	143	44	104	0	19306
3221	383	20047	99	53	0	20582
3222	20239	272	56	72	0	20639
3223	20146	156	48	82	0	20432
3224	19982	56	51	62	0	20151
3225	461	19667	94	46	0	20268
3226	269	278	51	19793	0	20391
3227	99	201	20054	290	0	20644
3228	119	61	288	19444	0	19912
3229	101	35	195	19991	0	20322
3230	75	74	20022	439	0	20610
3231	142	91	19795	224	0	20252
3232	129	36	531	17944	0	18640
3233	77	20189	271	240	0	20777
3234	20000	279	79	198	0	20556
3235	19442	166	66	118	0	19792
3236	442	20596	115	67	0	21220
3237	20595	257	50	94	0	20996
3238	20394	167	45	94	0	20700
3239	448	103	20460	54	0	21065
3240	19603	45	276	93	0	20017
3241	343	21246	204	182	0	21975
3242	234	304	20809	52	0	21399
3243	159	202	20235	60	0	20656
3244	97	20529	424	82	0	21132
3245	20366	251	197	90	0	20904
3246	323	215	20395	72	0	21005
3247	249	70	274	19588	0	20181
3248	125	78	20532	246	0	20981
3249	18672	50	311	209	0	19242
3250	327	129	24716	87	0	25259
3251	224	129	24661	73	0	25087
3252	23517	55	399	138	0	24109
3253	302	25328	269	130	0	26029
3254	26432	267	102	121	0	26922
3255	26966	165	84	132	0	27347
3256	448	75	86	26306	0	26915
3257	273	30603	137	249	0	31262
3258	31391	268	86	294	0	32039
3259	327	293	31852	75	0	32547
3260	29991	89	289	133	0	30502
3261	336	31935	250	71	0	32592
3262	31647	254	88	126	0	32115
3263	31534	147	94	96	0	31871
3264	409	32450	162	76	0	33097
3265	251	249	91	32964	0	33555
3266	33202	158	91	294	0	33745
3267	310	33112	144	162	0	33728
3268	256	262	94	33278	0	33890
3269	34258	178	85	323	0	34844
3270	332	104	92	35672	0	36200
3271	305	58	86	35097	0	35546
3272	142	35682	171	383	0	36378
3273	35125	304	82	304	0	35815
3274	36079	203	111	170	0	36563
3275	36470	84	90	156	0	36800
3276	492	37817	180	172	0	38661
3277	39220	312	96	179	0	39807
3278	39259	197	89	168	0	39713
3279	542	87	78	38544	0	39251
3280	342	99	70	39157	0	39668
3281	187	233	38817	456	0	39693
3282	192	184	330	37647	0	38353
3283	217	100	213	38214	0	38744
3284	180	203	38951	442	0	39776
3285	32202	122	356	414	0	33094
3286	448	200	39003	118	0	39769
3287	324	187	39501	102	0	40114
3288	238	94	426	38954	0	39712
3289	230	113	228	39382	0	39953
3290	170	40742	180	433	0	41525
3291	40645	333	74	288	0	41340
3292	39532	236	86	199	0	40053
3293	526	40397	142	127	0	41192
3294	291	42696	139	126	0	43252
3295	248	509	81	41403	0	42241
3296	136	43589	168	350	0	44243
3297	43357	433	89	333	0	44212
3298	43214	253	86	173	0	43726
3299	694	101	90	42792	0	43677
3300	401	196	70	43311	0	43978
3301	43086	85	161	698	0	44030
3302	538	215	42316	295	0	43364
3303	41166	68	435	227	0	41896
3304	560	208	42408	86	0	43262
3305	40275	62	392	170	0	40899
3306	476	86	241	41629	0	42432
3307	291	171	41956	378	0	42796
3308	146	185	40687	246	0	41264
3309	38529	102	509	194	0	39334
3310	40330	48	255	171	0	40804
3311	504	42261	180	104	0	43049
3312	269	393	67	43401	0	44130
3313	143	194	56	44145	0	44538
3314	43544	63	62	654	0	44323
3315	432	43364	147	317	0	44260
3316	42437	361	41	207	0	43046
3317	392	42343	121	73	0	42929
3318	219	41794	116	81	0	42210
3319	41060	481	39	141	0	41721
3320	411	358	40297	44	0	41110
3321	262	73	325	39803	0	40463
3322	138	44	172	40637	0	40991
3323	87	163	40676	516	0	41442
3324	122	40	330	39952	0	40444
3325	142	75	213	37255	0	37685
3326	77	40872	142	472	0	41563
3327	40785	346	51	328	0	41510
3328	418	286	41336	101	0	42141
3329	38301	74	363	169	0	38907
3330	419	41382	280	94	0	42175
3331	288	355	74	41770	0	42487
3332	43008	202	59	475	0	43744
3333	456	61	54	42896	0	43467
3334	303	47	52	42875	0	43277
3335	119	174	42333	575	0	43201
3336	38037	55	383	422	0	38897
3337	41400	42	219	237	0	41898
3338	592	169	41693	86	0	42540
3339	336	38	380	41112	0	41866
3340	143	208	41531	382	0	42264
3341	38749	70	419	346	0	39584
3342	41883	44	221	176	0	42324
3343	604	44	101	41513	0	42262
3344	41280	47	70	504	0	41901
3345	495	185	44703	260	0	45643
3346	319	66	422	44656	0	45463
3347	180	71	247	45410	0	45908
3348	130	62	79	46415	0	46686
3349	149	58	63	46431	0	46701
3350	41470	58	55	765	0	42348
3351	449	192	41278	318	0	42237
3352	306	43	409	41773	0	42531
3353	148	169	41909	470	0	42696
3354	137	182	40865	303	0	41487
3355	141	58	602	40275	0	41076
3356	151	50	255	41360	0	41816
3357	38261	44	112	680	0	39097
3358	493	38	76	38224	0	38831
3359	326	56	84	38241	0	38707
3360	176	46	82	38852	0	39156
3361	38177	41	73	791	0	39082
3362	38087	43	90	430	0	38650
3363	38677	51	62	253	0	39043
3364	37566	46	85	202	0	37899
3365	735	40698	181	149	0	41763
3366	405	540	58	40683	0	41686
3367	207	332	75	41691	0	42305
3368	42093	99	87	1015	0	43294
3369	651	44848	177	519	0	46195
3370	449	719	71	46688	0	47927
3371	190	552	50228	938	0	51908
3372	52811	110	1053	685	0	54659
3373	1352	57926	638	245	0	60161
3374	61717	1349	144	228	0	63438
3375	63619	648	120	202	0	64589
3376	2300	123	106	61958	0	64487
3377	899	236	61138	1776	0	64049
3378	357	63	1539	63597	0	65556
3379	63325	58	907	1944	0	66234
3380	1781	59	163	63637	0	65640
3381	63529	55	111	1852	0	65547
3382	1760	62971	261	916	0	65908
3383	65967	1612	87	396	0	68062
3384	1944	808	100	66277	0	69129
3385	1099	164	65	70612	0	71940
3386	73228	111	72	2549	0	75960
3387	73883	104	95	1164	0	75246
3388	74889	110	77	421	0	75497
3389	74715	75	83	398	0	75271
3390	74252	79	116	346	0	74793
3391	2882	86	92	71445	0	74505
3392	1173	263	69687	1846	0	72969
3393	470	70312	1713	1041	0	73536
3394	68132	1648	838	499	0	71117
3395	1897	936	66801	267	0	69901
3396	66222	194	1649	337	0	68402
3397	1957	67488	968	274	0	70687
3398	68934	1634	248	352	0	71168
3399	2124	838	134	67930	0	71026
3400	1282	219	128	69267	0	70896
3401	635	305	68375	2495	0	71810
3402	630	176	1683	67113	0	69602
3403	540	271	69927	1979	0	72717
3404	540	290	70610	1142	0	72582
3405	70107	147	2401	635	0	73290
3406	73259	183	965	554	0	74961
3407	2922	336	70691	546	0	74495
3408	69954	199	1811	545	0	72509
3409	72020	177	877	525	0	73599
3410	2968	333	70275	470	0	74046
3411	1446	69070	1850	739	0	73105
3412	989	1735	851	71117	0	74692
3413	74757	843	288	2070	0	77958
3414	76835	281	329	1210	0	78655
3415	77483	215	306	591	0	78595
3416	77392	224	286	566	0	78468
3417	77190	230	372	575	0	78367
3418	3202	419	74086	457	0	78164
3419	1745	452	77229	464	0	79890
3420	1265	403	2394	76835	0	80897
3421	78779	312	1074	2093	0	82258
3422	80221	340	465	1314	0	82340
3423	80460	269	453	790	0	81972
3424	76664	274	525	800	0	78263
3425	3042	76851	639	799	0	81331
3426	1749	81903	666	838	0	85156
3427	82023	2213	444	872	0	85552
3428	82619	959	445	852	0	84875
3429	3087	81573	693	755	0	86108
3430	83380	1732	455	745	0	86312
3431	2683	1303	83128	790	0	87904
3432	2024	334	1859	82476	0	86693
3433	1383	582	84169	2027	0	88161
3434	1521	571	83904	1499	0	87495
3435	1638	265	2457	83054	0	87414
3436	1612	253	1136	88106	0	91107
3437	1526	549	88784	2501	0	93360
3438	1600	342	1896	85268	0	89106
3439	1474	356	1185	89262	0	92277
3440	89110	356	631	2819	0	92916
3441	90162	335	649	1340	0	92486
3442	3531	542	610	88921	0	93604
3443	2101	578	88711	2021	0	93411
3444	1376	88793	2179	1347	0	93695
3445	86145	1757	1225	746	0	89873
3446	2814	1199	88698	713	0	93424
3447	1936	87092	2219	707	0	91954
3448	1258	91726	1533	743	0	95260
3449	92091	2278	689	846	0	95904
3450	93993	960	711	738	0	96402
3451	3429	385	692	91513	0	96019
3452	1991	684	96840	2001	0	101516
3453	1540	442	2247	96277	0	100506
3454	1516	301	1430	98099	0	101346
3455	1486	347	774	99420	0	102027
3456	96715	306	753	2952	0	100726
3457	2838	94686	931	1407	0	99862
3458	1948	99796	930	808	0	103482
3459	1413	2540	706	96618	0	101277
3460	1294	1121	632	100483	0	103530
3461	98993	405	581	3131	0	103110
3462	96311	379	639	1578	0	98907
3463	99374	344	608	887	0	101213
3464	3571	97380	877	724	0	102552
3465	95765	1558	550	909	0	98782
3466	2644	1457	569	93909	0	98579
3467	1870	584	92737	1990	0	97181
3468	1350	582	88669	1140	0	91741
3469	84113	293	2353	803	0	87562
3470	1891	404	85796	409	0	88500
3471	1198	414	81064	384	0	83060
3472	70577	145	1184	385	0	72291
3473	1016	335	74074	259	0	75684
3474	591	301	70801	299	0	71992
3475	330	715	849	66288	0	68182
3476	235	278	70686	503	0	71702
3477	258	228	479	67036	0	68001
3478	236	61	299	68136	0	68732
3479	217	366	70574	589	0	71746
3480	144	71172	547	366	0	72229
3481	70255	368	341	299	0	71263
3482	501	466	73306	249	0	74522
3483	314	262	72310	105	0	72991
3484	57397	96	814	276	0	58583
3485	442	283	68238	93	0	69056
3486	243	66027	449	137	0	66856
3487	122	63983	386	137	0	64628
3488	226	506	91	67090	0	67913
3489	156	396	63	66853	0	67468
3490	68710	63	59	695	0	69527
3491	67774	60	67	414	0	68315
3492	68243	69	67	272	0	68651
3493	667	57	70	68097	0	68891
3494	68548	37	90	530	0	69205
3495	67708	55	124	446	0	68333
3496	626	237	68826	106	0	69795
3497	359	244	66867	106	0	67576
3498	130	68951	690	169	0	69940
3499	138	355	287	69180	0	69960
3500	69699	218	117	502	0	70536
3501	393	68633	276	463	0	69765
3502	342	365	98	69971	0	70776
3503	69255	244	88	569	0	70156
3504	67108	94	89	444	0	67735
3505	594	68310	252	242	0	69398
3506	68144	368	87	274	0	68873
3507	68746	278	99	275	0	69398
3508	699	104	112	68880	0	69795
3509	380	269	70131	513	0	71293
3510	161	69009	525	409	0	70104
3511	110	69907	415	177	0	70609
3512	67269	575	127	213	0	68184
3513	504	326	98	66049	0	66977
3514	341	348	66921	432	0	68042
3515	172	67072	553	357	0	68154
3516	67044	399	298	295	0	68036
3517	67345	272	134	261	0	68012
3518	751	334	68669	115	0	69869
3519	518	85	461	65401	0	66465
3520	241	76	329	70863	0	71509
3521	183	302	80243	799	0	81527
3522	78225	95	933	659	0	79912
3523	97387	85	577	291	0	98340
3524	2169	119	281	109145	0	111714
3525	971	112067	446	2108	0	115592
3526	584	2216	135	116311	0	119246
3527	297	1421	114376	2514	0	118608
3528	111431	351	2388	1444	0	115614
3529	2656	177	1233	118465	0	122531
3530	1406	455	118447	2559	0	122867
3531	110882	194	2547	1488	0	115111
3532	2723	141	1316	116762	0	120942
3533	1547	144	462	117610	0	119763
3534	115435	127	255	3837	0	119654
3535	2608	117008	542	1683	0	121841
3536	115870	2484	263	716	0	119333
3537	3131	1252	203	113787	0	118373
3538	114010	415	275	2853	0	117553
3539	3125	480	112903	1530	0	118038
3540	1601	113630	2819	679	0	118729
3541	822	2647	1355	113881	0	118705
3542	114367	1422	478	2988	0	119255
3543	2781	114525	610	1695	0	119611
3544	1876	2814	377	114606	0	119673
3545	116368	1372	305	3117	0	121162
3546	114533	518	348	1910	0	117309
3547	4461	557	368	111029	0	116415
3548	2228	578	110224	3123	0	116153
3549	947	748	109889	2000	0	113584
3550	105686	298	3924	1126	0	111034
3551	3169	108335	2011	763	0	114278
3552	1765	106303	845	652	0	109565
3553	103026	3720	413	738	0	107897
3554	3020	106500	572	715	0	110807
3555	2028	2965	402	103978	0	109373
3556	1157	1559	424	107819	0	110959
3557	105611	772	337	4352	0	111072
3558	104626	506	358	2259	0	107749
3559	105885	480	355	1052	0	107772
3560	4558	794	101301	797	0	107450
3561	2511	408	2725	101259	0	106903
3562	1349	618	102659	3183	0	107809
3563	1483	581	102542	1915	0	106521
3564	1002	653	105770	1089	0	108514
3565	1050	447	4429	100646	0	106572
3566	1713	611	103561	3223	0	109108
3567	1078	738	106085	1955	0	109856
3568	1005	629	4373	101944	0	107951
3569	103185	594	2050	3445	0	109274
3570	3604	771	104140	1988	0	110503
3571	2339	650	3239	101237	0	107465
3572	1359	625	1802	105420	0	109206
3573	1093	798	104322	4600	0	110813
3574	1352	547	3209	104050	0	109158
3575	1324	842	107053	3748	0	112967
3576	1295	553	3477	104286	0	109611
3577	1279	524	2010	106737	0	110550
3578	1221	507	1083	107666	0	110477
3579	1146	558	997	107313	0	110014
3580	102347	466	1061	5220	0	109094
3581	103821	419	1064	2687	0	107991
3582	4756	738	100533	1455	0	107482
3583	2426	97548	3877	1697	0	105548
3584	1410	3070	101203	1189	0	106872
3585	1142	1712	101295	1253	0	105402
3586	95973	643	4818	1184	0	102618
3587	3409	99236	3004	1412	0	107061
3588	99701	2833	1597	1346	0	105477
3589	3660	100267	1683	1487	0	107097
3590	100731	3070	1279	1313	0	106393
3591	102231	1643	1237	1354	0	106465
3592	4926	713	1208	97236	0	104083
3593	2384	99859	1301	3900	0	107444
3594	1589	3045	1014	101288	0	106936
3595	1199	1674	1104	103330	0	107307
3596	1058	847	100532	5324	0	107761
3597	1105	100640	3934	2856	0	108535
3598	1317	3027	2276	100810	0	107430
3599	101947	1678	1442	4082	0	109149
3600	106484	753	1176	2626	0	111039
3601	107309	552	1222	1642	0	110725
3602	5052	103825	1524	1465	0	111866
3603	106590	3303	1043	1384	0	112320
3604	4248	111769	1387	1202	0	118606
3605	2812	3844	976	113430	0	121062
3606	1538	2334	113372	4166	0	121410
3607	1538	898	4082	108378	0	114896
3608	1213	111092	2795	4327	0	119427
3609	1340	3691	1322	111114	0	117467
3610	1231	2273	1020	110225	0	114749
3611	995	111398	1338	5863	0	119594
3612	111742	3833	938	2979	0	119492
3613	4260	2183	1007	110374	0	117824
3614	2467	1333	108264	4453	0	116517
3615	1660	754	3888	109280	0	115582
3616	1515	703	2265	112918	0	117401
3617	1197	1008	110050	5814	0	118069
3618	1489	924	3952	98387	0	104752
3619	1142	106194	2654	4467	0	114457
3620	1473	3930	105029	2383	0	112815
3621	1524	2151	96231	1219	0	101125
3622	797	89515	4750	1139	0	96201
3623	639	77568	1993	799	0	80999
3624	389	64206	814	517	0	65926
3625	58085	2502	1465	648	0	62700
3626	55467	945	361	481	0	57254
3627	55934	298	262	460	0	56954
3628	2334	266	243	54767	0	57610
3629	1015	366	53525	1723	0	56629
3630	488	288	1565	53004	0	55345
3631	382	253	894	53803	0	55332
3632	53005	253	354	2357	0	55969
3633	53220	249	335	1130	0	54934
3634	2110	53405	383	567	0	56465
3635	53202	1483	248	516	0	55449
3636	53674	821	259	466	0	55220
3637	54779	374	260	529	0	55942
3638	2319	393	52579	415	0	55706
3639	1026	380	53437	402	0	55245
3640	511	389	2056	50855	0	53811
3641	330	382	51928	1571	0	54211
3642	48825	282	1524	976	0	51607
3643	51147	265	824	610	0	52846
3644	2089	351	49316	336	0	52092
3645	47957	241	1328	337	0	49863
3646	1514	48931	880	417	0	51742
3647	49614	1334	253	344	0	51545
3648	1583	817	224	48231	0	50855
3649	1015	363	211	45653	0	47242
3650	426	48707	315	1850	0	51298
3651	48691	1341	239	889	0	51160
3652	48815	807	193	454	0	50269
3653	1925	48569	333	335	0	51162
3654	1058	1362	220	46726	0	49366
3655	561	832	219	46777	0	48389
3656	366	47321	369	1930	0	49986
3657	483	1414	279	47314	0	49490
3658	510	836	247	48331	0	49924
3659	46690	368	225	2046	0	49329
3660	47130	298	224	1062	0	48714
3661	2035	399	46437	508	0	49379
3662	45680	261	1352	482	0	47775
3663	1548	392	46325	387	0	48652
3664	1022	285	1362	44798	0	47467
3665	448	330	45454	1477	0	47709
3666	407	44519	1482	975	0	47383
3667	436	1290	742	42463	0	44931
3668	480	764	289	43806	0	45339
3669	42902	322	225	1790	0	45239
3670	1453	287	253	42517	0	44510
3671	873	372	41307	1369	0	43921
3672	41200	304	1259	891	0	43654
3673	42255	283	806	488	0	43832
3674	43032	323	304	445	0	44104
3675	41344	411	248	453	0	42456
3676	2075	237	243	41576	0	44131
3677	1239	263	221	42799	0	44522
3678	699	244	240	44071	0	45254
3679	575	238	233	43850	0	44896
3680	41995	188	255	2154	0	44592
3681	42450	189	272	1048	0	43959
3682	2158	386	271	37488	0	40303
3683	1038	40368	442	1388	0	43236
3684	40912	1279	297	845	0	43333
3685	1600	886	40569	438	0	43493
3686	996	40723	1460	367	0	43546
3687	38357	1202	761	358	0	40678
3688	1431	39896	435	328	0	42090
3689	892	1356	39947	301	0	42496
3690	39825	728	1271	351	0	42175
3691	41082	268	753	358	0	42461
3692	2062	278	39765	296	0	42401
3693	1202	168	1224	39910	0	42504
3694	699	149	709	39379	0	40936
3695	517	39715	539	1959	0	42730
3696	576	1182	262	39823	0	41843
3697	38170	661	209	1507	0	40547
3698	1423	38344	312	893	0	40972
3699	911	1177	175	34794	0	37057
3700	512	589	135	35589	0	36825
3701	415	324	34241	1626	0	36606
3702	401	34018	1107	788	0	36314
3703	30426	1036	542	374	0	32378
3704	864	25108	243	225	0	26440
3705	483	23200	278	153	0	24114
3706	23284	888	155	224	0	24551
3707	760	383	106	22911	0	24160
3708	525	146	121	23578	0	24370
3709	23229	82	95	1012	0	24418
3710	762	87	82	23856	0	24787
3711	518	89	96	24073	0	24776
3712	24433	100	82	1024	0	25639
3713	815	103	75	23758	0	24751
3714	498	23974	135	725	0	25332
3715	23897	659	67	492	0	25115
3716	702	400	22495	221	0	23818
3717	446	21792	612	186	0	23036
3718	201	539	318	20786	0	21844
3719	146	340	20369	594	0	21449
3720	214	167	20202	398	0	20981
3721	248	468	691	19217	0	20624
3722	19732	63	471	573	0	20839
3723	530	58	92	19615	0	20295
3724	361	68	55	20176	0	20660
3725	186	82	56	20584	0	20908
3726	145	71	67	20551	0	20834
3727	147	86	56	20684	0	20973
3728	112	142	19118	757	0	20129
3729	114	151	19078	374	0	19717
3730	142	81	653	19041	0	19917
3731	109	127	19291	540	0	20067
3732	129	19186	519	365	0	20199
3733	158	498	293	19181	0	20130
3734	101	314	18507	619	0	19541
3735	15739	130	445	428	0	16742
3736	469	17937	320	219	0	18945
3737	266	17466	153	171	0	18056
3738	135	18098	109	155	0	18497
3739	193	629	66	17095	0	17983
3740	17404	291	66	534	0	18295
3741	434	109	69	17778	0	18390
3742	17468	83	76	556	0	18183
3743	448	16829	139	366	0	17782
3744	17318	434	59	200	0	18011
3745	522	271	63	17204	0	18060
3746	319	145	79	17217	0	17760
3747	133	16992	109	677	0	17911
3748	156	443	56	17268	0	17923
3749	146	267	76	17367	0	17856
3750	141	109	96	17076	0	17422
3751	16235	105	67	746	0	17153
3752	15830	76	69	454	0	16429
3753	614	144	15982	223	0	16963
3754	15694	100	422	216	0	16432
3755	511	143	16441	174	0	17269
3756	322	115	444	16027	0	16908
3757	160	85	283	16578	0	17106
3758	115	106	126	16773	0	17120
3759	100	138	16084	740	0	17062
3760	109	159	430	16141	0	16839
3761	115	137	16364	575	0	17191
3762	163	90	464	16297	0	17014
3763	15938	103	276	572	0	16889
3764	454	139	16128	389	0	17110
3765	16021	95	434	280	0	16830
3766	479	102	264	16492	0	17337
3767	16531	94	108	560	0	17293
3768	447	16334	150	423	0	17354
3769	307	403	98	16512	0	17320
3770	132	314	17282	533	0	18261
3771	169	133	414	17330	0	18046
3772	123	388	263	16723	0	17497
3773	123	17139	179	675	0	18116
3774	160	420	16870	351	0	17801
3775	111	16634	400	238	0	17383
3776	14768	284	197	189	0	15438
3777	268	15171	139	133	0	15711
3778	14216	257	77	125	0	14675
3779	14192	162	61	161	0	14576
3780	14263	61	64	133	0	14521
3781	408	62	60	14086	0	14616
3782	210	72	14316	303	0	14901
3783	110	44	252	13744	0	14150
3784	77	14178	206	389	0	14850
3785	74	233	74	14377	0	14758
3786	13890	141	54	312	0	14397
3787	213	13903	105	199	0	14420
3788	155	198	45	12719	0	13117
3789	89	115	43	12717	0	12964
3790	12360	65	39	357	0	12821
3791	225	83	12370	207	0	12885
3792	138	11834	243	136	0	12351
3793	83	124	105	10914	0	11226
3794	42	116	10798	159	0	11115
3795	51	42	131	10274	0	10498
3796	30	10654	112	149	0	10945
3797	42	118	47	11069	0	11276
3798	38	129	28	10960	0	11155
3799	34	28	29	11036	0	11127
3800	28	49	10788	212	0	11077
3801	10139	29	127	140	0	10435
3802	176	21	76	12087	0	12360
3803	13241	22	39	234	0	13536
3804	13635	23	35	131	0	13824
3805	13741	30	23	73	0	13867
3806	13161	28	14	68	0	13271
3807	13466	25	12	60	0	13563
3808	363	21	23	12880	0	13287
3809	157	12845	49	243	0	13294
3810	80	205	13	12417	0	12715
3811	38	12635	60	255	0	12988
3812	32	206	12	11574	0	11824
3813	11480	70	8	207	0	11765
3814	198	29	9	11607	0	11843
3815	88	40	11483	201	0	11812
3816	10442	12	177	121	0	10752
3817	174	11282	92	48	0	11596
3818	11390	175	31	39	0	11635
3819	11396	73	7	37	0	11513
3820	11318	38	8	49	0	11413
3821	261	12080	33	25	0	12399
3822	122	186	9	11554	0	11871
3823	71	74	8	11919	0	12072
3824	51	55	11934	254	0	12294
3825	71	20	189	11417	0	11697
3826	67	21	88	11726	0	11902
3827	55	21	32	12006	0	12114
3828	44	12123	41	275	0	12483
3829	12518	194	6	135	0	12853
3830	12097	104	19	88	0	12308
3831	303	139	13125	100	0	13667
3832	154	14033	220	54	0	14461
3833	91	203	93	14224	0	14611
3834	86	102	33	14521	0	14742
3835	72	48	30	14566	0	14716
3836	59	28	27	15032	0	15146
3837	79	33	15	15109	0	15236
3838	60	79	14580	364	0	15083
3839	62	77	13856	156	0	14151
3840	14676	47	308	108	0	15139
3841	15971	39	117	85	0	16212
3842	16072	21	48	99	0	16240
3843	427	31	33	15890	0	16381
3844	179	61	15608	316	0	16164
3845	15114	36	287	186	0	15623
3846	15971	40	117	124	0	16252
3847	418	56	15424	77	0	15975
3848	15013	30	289	86	0	15418
3849	368	49	16465	69	0	16951
3850	214	49	313	16211	0	16787
3851	120	74	16676	337	0	17207
3852	15530	34	338	206	0	16108
3853	16534	34	143	141	0	16852
3854	16685	32	80	122	0	16919
3855	16305	35	28	149	0	16517
3856	460	66	16926	105	0	17557
3857	234	16807	328	95	0	17464
3858	17032	298	238	96	0	17664
3859	17169	143	78	102	0	17492
3860	474	112	17529	81	0	18196
3861	238	87	328	16701	0	17354
3862	159	42	157	17630	0	17988
3863	109	81	17241	459	0	17890
3864	15694	37	317	264	0	16312
3865	17228	33	161	164	0	17586
3866	467	17141	119	111	0	17838
3867	17519	327	83	119	0	18048
3868	17501	147	73	114	0	17835
3869	17689	60	73	96	0	17918
3870	17073	41	69	103	0	17286
3871	582	75	16416	91	0	17164
3872	15639	23	345	112	0	16119
3873	488	25	170	15932	0	16615
3874	247	16380	137	324	0	17088
3875	179	347	16084	184	0	16794
3876	143	16445	397	100	0	17085
3877	206	339	168	15816	0	16529
3878	107	161	16123	318	0	16709
3879	14647	66	339	265	0	15317
3880	382	71	16632	103	0	17188
3881	16374	34	369	86	0	16863
3882	432	20	159	16443	0	17054
3883	249	22	92	16429	0	16792
3884	144	16350	110	424	0	17028
3885	128	17256	98	192	0	17674
3886	146	396	69	17269	0	17880
3887	17240	169	65	342	0	17816
3888	17223	68	87	178	0	17556
3889	17203	31	65	140	0	17439
3890	547	58	17273	72	0	17950
3891	16667	33	339	109	0	17148
3892	433	62	18311	68	0	18874
3893	241	85	17722	67	0	18115
3894	17336	51	483	89	0	17959
3895	18823	39	202	81	0	19145
3896	613	71	18707	47	0	19438
3897	293	34	340	18155	0	18822
3898	178	36	188	19322	0	19724
3899	19147	25	98	436	0	19706
3900	18752	22	83	230	0	19087
3901	426	75	20389	104	0	20994
3902	205	19572	305	50	0	20132
3903	95	18884	155	49	0	19183
3904	18709	231	59	76	0	19075
3905	239	105	47	18772	0	19163
3906	237	52	54	19437	0	19780
3907	113	32	45	20017	0	20207
3908	16240	51	62	367	0	16720
3909	286	17	42	20062	0	20407
3910	20215	20	39	257	0	20531
3911	21147	18	51	150	0	21366
3912	380	22232	76	59	0	22747
3913	221	257	49	24250	0	24777
3914	125	178	24535	346	0	25184
3915	23367	73	364	216	0	24020
3916	24577	34	185	128	0	24924
3917	25022	33	108	111	0	25274
3918	632	74	25731	71	0	26508
3919	343	28	399	25663	0	26433
3920	26228	31	276	386	0	26921
3921	25056	33	125	243	0	25457
3922	24992	37	58	140	0	25227
3923	610	24773	100	78	0	25561
3924	303	26007	106	71	0	26487
3925	215	614	36	26057	0	26922
3926	148	229	52	25883	0	26312
3927	127	26071	86	498	0	26782
3928	25750	369	53	272	0	26444
3929	391	250	26052	103	0	26796
3930	248	99	328	25666	0	26341
3931	142	48	179	25600	0	25969
3932	110	99	24615	495	0	25319
3933	22250	41	358	279	0	22928
3934	25025	47	200	151	0	25423
3935	531	24607	134	93	0	25365
3936	24587	306	71	104	0	25068
3937	464	231	25266	64	0	26025
3938	25219	75	337	119	0	25750
3939	479	108	26227	52	0	26866
3940	25163	52	464	154	0	25833
3941	26191	41	200	106	0	26538
3942	26276	38	109	77	0	26500
3943	26243	26	80	74	0	26423
3944	586	26026	103	67	0	26782
3945	26904	306	56	92	0	27358
3946	27607	201	64	94	0	27966
3947	602	134	27252	164	0	28152
3948	27407	63	299	101	0	27870
3949	466	65	188	27731	0	28450
3950	321	105	27846	341	0	28613
3951	27286	50	334	237	0	27907
3952	422	49	211	28148	0	28830
3953	28836	48	93	382	0	29359
3954	31695	46	81	370	0	32192
3955	577	127	34152	138	0	34994
3956	33493	32	325	182	0	34032
3957	34794	47	234	134	0	35209
3958	34904	43	105	123	0	35175
3959	35417	35	76	107	0	35635
3960	663	50	107	33652	0	34472
3961	409	34141	156	324	0	35030
3962	33632	316	104	291	0	34343
3963	34749	205	75	152	0	35181
3964	34742	99	66	129	0	35036
3965	676	161	34626	93	0	35556
3966	401	34263	394	81	0	35139
3967	314	312	244	34626	0	35496
3968	296	187	134	35033	0	35650
3969	307	186	35793	467	0	36753
3970	296	70	407	35177	0	35950
3971	256	147	36131	449	0	36983
3972	252	71	465	35598	0	36386
3973	262	63	262	36275	0	36862
3974	266	171	36510	597	0	37544
3975	33973	89	433	420	0	34915
3976	37467	93	287	253	0	38100
3977	676	183	37700	163	0	38722
3978	36291	88	427	210	0	37016
3979	37893	72	279	207	0	38451
3980	793	170	40018	137	0	41118
3981	518	64	464	39029	0	40075
3982	377	54	282	40367	0	41080
3983	40784	48	175	632	0	41639
3984	602	42390	218	335	0	43545
3985	40433	368	152	267	0	41220
3986	42423	244	144	199	0	43010
3987	780	43367	186	106	0	44439
3988	44196	419	109	186	0	44910
3989	43876	280	113	177	0	44446
3990	801	43646	194	129	0	44770
3991	542	438	132	43686	0	44798
3992	373	45596	197	422	0	46588
3993	358	494	116	45729	0	46697
3994	351	386	45352	503	0	46592
3995	343	335	44232	340	0	45250
3996	42751	113	707	275	0	43846
3997	45205	116	385	251	0	45957
3998	1022	198	45338	165	0	46723
3999	44418	62	583	198	0	45261
4000	46465	55	364	210	0	47094
4001	44937	36	210	213	0	45396
4002	909	45657	283	151	0	47000
4003	613	420	150	46254	0	47437
4004	46338	254	152	580	0	47324
4005	45571	117	137	410	0	46235
4006	936	186	46507	180	0	47809
4007	614	86	503	44982	0	46185
4008	430	72	338	45593	0	46433
4009	334	46086	241	680	0	47341
4010	290	48264	200	396	0	49150
4011	331	1184	113	44749	0	46377
4012	197	46846	160	569	0	47772
4013	44799	413	85	287	0	45584
4014	512	47060	163	186	0	47921
4015	47352	462	88	166	0	48068
4016	596	389	47664	51	0	48700
4017	48030	127	484	163	0	48804
4018	50725	47	293	140	0	51205
4019	50833	46	105	125	0	51109
4020	49870	58	96	246	0	50270
4021	970	50154	139	105	0	51368
4022	510	588	68	50797	0	51963
4023	286	337	51	51054	0	51728
4024	216	255	50507	900	0	51878
4025	229	126	590	49007	0	49952
4026	189	90	357	50917	0	51553
4027	50856	78	100	1049	0	52083
4028	710	51299	164	440	0	52613
4029	509	625	76	51708	0	52918
4030	302	370	95	52481	0	53248
4031	276	163	78	52872	0	53389
4032	52227	168	107	1097	0	53599
4033	826	217	91	52526	0	53660
4034	52666	97	105	904	0	53772
4035	871	108	145	52561	0	53685
4036	610	89	134	53078	0	53911
4037	345	182	50425	1089	0	52041
4038	43897	101	726	673	0	45397
4039	855	50029	486	360	0	51730
4040	52098	651	142	328	0	53219
4041	962	409	114	51585	0	53070
4042	753	180	88	52192	0	53213
4043	52711	117	100	1195	0	54123
4044	54673	142	104	677	0	55596
4045	1328	114	81	57596	0	59119
4046	677	246	58591	1030	0	60544
4047	341	207	57860	739	0	59147
4048	282	60157	1323	337	0	62099
4049	62494	911	612	384	0	64401
4050	62267	548	163	337	0	63315
4051	1573	209	136	62374	0	64292
4052	742	65964	183	1100	0	67989
4053	461	1054	77	66260	0	67852
4054	413	576	68	62331	0	63388
4055	275	59712	193	1640	0	61820
4056	59572	1055	114	867	0	61608
4057	1256	704	152	58913	0	61025
4058	741	61737	288	1242	0	64008
4059	367	64878	249	726	0	66220
4060	64200	1443	147	420	0	66210
4061	1336	816	63530	303	0	65985
4062	63338	272	1057	346	0	65013
4063	1434	206	564	64495	0	66699
4064	926	186	186	64035	0	65333
4065	406	64387	296	1974	0	67063
4066	475	1188	140	65687	0	67490
4067	451	798	65314	1400	0	67963
4068	420	64101	1188	916	0	66625
4069	364	65786	707	512	0	67369
4070	64260	1557	245	490	0	66552
4071	1233	65919	296	446	0	67894
4072	841	1242	178	65005	0	67266
4073	421	66320	236	1333	0	68310
4074	483	1231	135	66339	0	68188
4075	440	746	151	66816	0	68153
4076	413	486	64140	1913	0	66952
4077	395	329	1105	63820	0	65649
4078	441	382	661	65261	0	66745
4079	63243	344	273	1984	0	65844
4080	1418	405	62522	1059	0	65404
4081	1029	293	1148	63297	0	65767
4082	563	426	63615	1528	0	66132
4083	60498	337	1210	1133	0	63178
4084	1390	62835	820	908	0	65953
4085	67268	1335	284	785	0	69672
4086	1617	786	283	68067	0	70753
4087	1090	440	232	69790	0	71552
4088	515	543	67836	2278	0	71172
4089	60155	422	1299	1488	0	63364
4090	1513	69232	920	742	0	72407
4091	64299	1560	299	809	0	66967
4092	1710	930	267	65951	0	68858
4093	1092	68104	385	1737	0	71318
4094	67293	1535	303	1236	0	70367
4095	1651	69882	381	752	0	72666
4096	1080	1589	249	69524	0	72442
4097	662	915	253	70890	0	72720
4098	580	493	315	70001	0	71389
4099	506	69081	504	2403	0	72494
4100	626	1533	307	69884	0	72350
4101	624	1040	273	70718	0	72655
4102	68256	554	274	2424	0	71508
4103	68923	528	281	1394	0	71126
4104	69251	543	268	857	0	70919
4105	2305	699	69626	734	0	73364
4106	69183	559	1344	870	0	71956
4107	71174	551	814	864	0	73403
4108	68646	555	417	911	0	70529
4109	2252	722	65044	750	0	68768
4110	65971	524	1110	801	0	68406
4111	1708	475	695	68660	0	71538
4112	1052	579	67629	1713	0	70973
4113	637	67378	1395	1226	0	70636
4114	650	1409	756	62991	0	65806
4115	519	64648	504	1588	0	67259
4116	541	65945	501	1026	0	68013
4117	62299	1527	482	640	0	64948
4118	1285	756	242	62585	0	64868
4119	63267	379	244	1432	0	65322
4120	1294	361	244	63285	0	65184
4121	63042	365	230	1437	0	65074
4122	1349	427	201	62985	0	64962
4123	62859	366	216	1427	0	64868
4124	1282	582	60078	902	0	62844
4125	894	406	990	60584	0	62874
4126	543	567	62055	1288	0	64453
4127	539	492	59568	919	0	61518
4128	467	507	63001	621	0	64596
4129	490	321	1489	61105	0	63405
4130	461	443	62666	1359	0	64929
4131	61427	338	1015	969	0	63749
4132	1245	346	564	62841	0	64996
4133	805	447	66030	1363	0	68645
4134	578	262	994	66018	0	67852
4135	582	292	620	67390	0	68884
4136	560	501	72556	1665	0	75282
4137	624	297	1044	72185	0	74150
4138	688	268	644	71396	0	72996
4139	553	74205	505	1645	0	76908
4140	74062	932	273	1000	0	76267
4141	74372	608	314	650	0	75944
4142	1642	527	72740	499	0	75408
4143	70161	239	948	616	0	71964
4144	1191	380	69490	461	0	71522
4145	715	347	65648	478	0	67188
4146	461	393	65561	374	0	66789
4147	643	964	1107	62106	0	64820
4148	324	391	64959	835	0	66509
4149	339	161	566	62009	0	63075
4150	301	128	388	62183	0	63000
4151	318	106	200	61560	0	62184
4152	328	136	203	61058	0	61725
4153	60071	107	178	1034	0	61390
4154	59433	143	229	661	0	60466
4155	904	61129	313	631	0	62977
4156	492	513	233	61315	0	62553
4157	317	480	62038	688	0	63523
4158	270	62156	837	551	0	63814
4159	360	850	425	62749	0	64384
4160	264	525	63543	813	0	65145
4161	291	133	792	62173	0	63389
4162	186	254	63517	937	0	64894
4163	209	310	62471	534	0	63524
4164	248	127	1064	62934	0	64373
4165	249	91	589	63744	0	64673
4166	63548	82	240	1273	0	65143
4167	841	103	201	63607	0	64752
4168	63622	98	205	1042	0	64967
4169	762	64411	327	565	0	66065
4170	447	67511	304	476	0	68738
4171	294	1035	148	69686	0	71163
4172	70765	418	207	1079	0	72469
4173	936	72458	322	687	0	74403
4174	655	841	215	73993	0	75704
4175	78585	446	229	1148	0	80408
4176	79334	117	202	734	0	80387
4177	78669	100	227	430	0	79426
4178	78464	86	222	392	0	79164
4179	80469	105	217	396	0	81187
4180	1399	290	78233	276	0	80198
4181	617	378	77817	240	0	79052
4182	229	77747	1436	271	0	79683
4183	247	1028	715	76935	0	78925
4184	222	599	80010	909	0	81740
4185	168	648	76472	504	0	77792
4186	329	218	1248	74203	0	75998
4187	163	275	80735	936	0	82109
4188	208	314	81236	549	0	82307
4189	136	99142	1574	284	0	101136
4190	97521	1604	645	327	0	100097
4191	1682	105497	347	253	0	107779
4192	1024	1868	171	102561	0	105624
4193	108924	759	157	1764	0	111604
4194	1930	112960	392	942	0	116224
4195	1086	1990	158	109995	0	113229
4196	272	1090	113077	1932	0	116371
4197	110606	209	2199	1041	0	114055
4198	115881	144	921	450	0	117396
4199	118064	130	266	330	0	118790
4200	3159	150	206	115829	0	119344
4201	1152	723	116384	2246	0	120505
4202	319	116101	2497	1052	0	119969
4203	432	2176	1005	114245	0	117858
4204	113633	947	299	2317	0	117196
4205	2367	465	115313	978	0	119123
4206	1059	110897	2506	483	0	114945
4207	414	2347	115013	253	0	118027
4208	111740	1013	2381	403	0	115537
4209	117816	251	1038	400	0	119505
4210	117477	215	336	421	0	118449
4211	3304	391	115111	278	0	119084
4212	1236	112589	2501	334	0	116660
4213	570	2283	1133	112349	0	116335
4214	570	1034	352	115364	0	117320
4215	531	291	361	115053	0	116236
4216	462	526	112811	3182	0	116981
4217	106912	260	2406	1432	0	111010
4218	2620	501	114786	405	0	118312
4219	113811	250	2480	585	0	117126
4220	117477	299	1215	561	0	119552
4221	118821	327	425	567	0	120140
4222	114521	341	452	605	0	115919
4223	3581	789	115146	327	0	119843
4224	1664	379	2496	113437	0	117976
4225	803	609	115002	2478	0	118892
4226	700	111334	2744	1353	0	116131
4227	645	115815	1569	657	0	118686
4228	113398	3361	609	610	0	117978
4229	109795	1454	547	667	0	112463
4230	3529	113479	775	665	0	118448
4231	114926	2609	538	674	0	118747
4232	3290	1652	98645	642	0	104229
4233	108393	543	2174	710	0	111820
4234	3049	113185	1576	612	0	118422
4235	116176	2653	670	655	0	120154
4236	111868	1402	593	688	0	114551
4237	4436	591	597	108202	0	113826
4238	2298	529	653	110382	0	113862
4239	107790	626	695	3822	0	112933
4240	3444	603	688	108399	0	113134
4241	108645	518	737	3102	0	113002
4242	3629	554	702	108216	0	113101
4243	107288	492	797	3118	0	111695
4244	106195	503	862	1624	0	109184
4245	4240	104867	1131	677	0	110915
4246	2188	107701	1118	684	0	111691
4247	103286	3664	829	737	0	108516
4248	3250	105368	1172	721	0	110511
4249	2154	3079	932	102781	0	108946
4250	1460	1632	915	105931	0	109938
4251	100537	894	883	3924	0	106238
4252	3298	102827	1133	2021	0	109279
4253	2226	102500	1189	1010	0	106925
4254	1353	104105	1304	890	0	107652
4255	1820	3781	98549	904	0	105054
4256	1634	1868	100324	799	0	104625
4257	1767	1068	102117	828	0	105780
4258	1908	1546	3626	84235	0	91315
4259	1562	96567	1878	2400	0	102407
4260	97472	2636	744	1686	0	102538
4261	3430	1730	96025	994	0	102179
4262	2387	949	96599	1068	0	101003
4263	1626	903	99452	924	0	102905
4264	1852	845	3708	95284	0	101689
4265	1824	706	1790	98554	0	102874
4266	1899	711	901	100001	0	103512
4267	98118	677	825	3675	0	103295
4268	98384	721	825	1665	0	101595
4269	98260	814	770	886	0	100730
4270	4313	708	825	91674	0	97520
4271	2032	817	87121	2298	0	92268
4272	1323	997	89341	1310	0	92971
4273	1456	621	3106	86555	0	91738
4274	1544	560	1433	85974	0	89511
4275	82826	571	681	3216	0	87294
4276	3039	81698	888	1551	0	87176
4277	82077	2124	570	862	0	85633
4278	2988	81446	876	859	0	86169
4279	2221	2245	517	80736	0	85719
4280	1392	1322	80690	2571	0	85975
4281	1494	754	2358	79841	0	84447
4282	80659	500	1163	2791	0	85113
4283	2855	634	79973	1512	0	84974
4284	75995	494	2243	871	0	79603
4285	2904	635	76730	730	0	80999
4286	1938	882	74857	514	0	78191
4287	66503	813	2529	608	0	70453
4288	2722	576	69176	550	0	73024
4289	978	337	48654	260	0	50229
4290	798	47547	2094	390	0	50829
4291	42143	1101	2075	460	0	45779
4292	39611	339	366	237	0	40553
4293	39344	138	119	206	0	39807
4294	818	217	37157	124	0	38316
4295	34519	128	500	193	0	35340
4296	577	36946	345	141	0	38009
4297	35846	457	96	209	0	36608
4298	551	347	36151	136	0	37185
4299	297	390	355	33421	0	34463
4300	123	131	34137	354	0	34745
4301	90	33952	396	237	0	34675
4302	104	238	355	33058	0	33755
4303	105	146	130	33281	0	33662
4304	33185	45	131	458	0	33819
4305	33098	46	68	266	0	33478
4306	32819	50	56	147	0	33072
4307	32578	55	60	132	0	32825
4308	32094	33	71	143	0	32341
4309	463	132	31988	80	0	32663
4310	261	42	293	31267	0	31863
4311	110	122	33731	286	0	34249
4312	129	44	320	33533	0	34026
4313	34445	37	218	407	0	35107
4314	35098	49	108	281	0	35536
4315	35479	51	64	132	0	35726
4316	35378	50	91	149	0	35668
4317	584	140	37015	78	0	37817
4318	317	63	385	36356	0	37121
4319	129	229	37142	422	0	37922
4320	106	37855	495	269	0	38725
4321	100	37776	344	106	0	38326
4322	191	870	128	35057	0	36246
4323	167	295	80	39787	0	40329
4324	164	99	98	40113	0	40474
4325	148	52	77	42298	0	42575
4326	41422	36	71	1046	0	42575
4327	643	41672	151	446	0	42912
4328	40731	595	78	225	0	41629
4329	761	322	50	40437	0	41570
4330	440	114	69	39143	0	39766
4331	164	40321	127	835	0	41447
4332	169	594	53	41041	0	41857
4333	40206	317	71	747	0	41341
4334	672	38112	149	388	0	39321
4335	337	37313	112	148	0	37910
4336	36786	792	62	134	0	37774
4337	671	357	47	36886	0	37961
4338	347	37297	139	610	0	38393
4339	193	594	43	37903	0	38733
4340	37773	301	51	752	0	38877
4341	680	102	52	37971	0	38805
4342	387	55	55	38309	0	38806
4343	37860	57	42	991	0	38950
4344	717	69	40	37886	0	38712
4345	368	37960	122	820	0	39270
4346	225	597	42	38058	0	38922
4347	118	38298	133	763	0	39312
4348	142	641	48	38490	0	39321
4349	37910	320	47	772	0	39049
4350	38143	131	55	464	0	38793
4351	951	85	44	38242	0	39322
4352	457	197	37519	676	0	38849
4353	35465	100	604	458	0	36627
4354	696	169	37364	197	0	38426
4355	36337	91	662	194	0	37284
4356	37452	74	304	230	0	38060
4357	987	174	36791	148	0	38100
4358	428	36016	666	213	0	37323
4359	36436	610	285	208	0	37539
4360	36807	333	119	215	0	37474
4361	912	244	38866	170	0	40192
4362	38108	108	579	235	0	39030
4363	38097	108	298	261	0	38764
4364	38024	121	103	210	0	38458
4365	1039	72	46	37859	0	39016
4366	519	85	53	37779	0	38436
4367	223	38334	154	929	0	39640
4368	230	648	48	39632	0	40558
4369	232	346	43	40108	0	40729
4370	179	261	38768	1027	0	40235
4371	184	242	37257	533	0	38216
4372	34022	131	874	362	0	35389
4373	36913	109	387	277	0	37686
4374	976	37000	220	236	0	38432
4375	545	678	79	37159	0	38461
4376	266	507	37716	776	0	39265
4377	260	189	651	38152	0	39252
4378	247	150	385	38622	0	39404
4379	265	131	144	39425	0	39965
4380	208	39240	202	1192	0	40842
4381	277	757	81	39955	0	41070
4382	298	472	65	40683	0	41518
4383	245	263	39674	1209	0	41391
4384	254	229	39822	626	0	40931
4385	36537	152	1058	398	0	38145
4386	39660	143	470	344	0	40617
4387	1216	130	175	41911	0	43432
4388	667	134	111	41026	0	41938
4389	342	164	111	41575	0	42192
4390	264	233	39276	1598	0	41371
4391	236	38128	987	863	0	40214
4392	248	1032	38300	408	0	39988
4393	37047	492	1026	362	0	38927
4394	1108	329	38921	268	0	40626
4395	38104	163	1043	322	0	39632
4396	38025	154	518	310	0	39007
4397	39298	117	207	335	0	39957
4398	1562	145	151	37888	0	39746
4399	705	221	37783	1174	0	39883
4400	358	38919	1082	726	0	41085
4401	342	1080	522	38845	0	40789
4402	309	522	230	40429	0	41490
4403	290	317	42401	1602	0	44610
4404	273	42058	1289	822	0	44442
4405	44471	1185	689	427	0	46772
4406	1475	46098	378	339	0	48290
4407	50607	1513	313	331	0	52764
4408	1947	680	217	50612	0	53456
4409	1014	348	52754	1731	0	55847
4410	427	52923	1901	955	0	56206
4411	53295	1713	830	466	0	56304
4412	1946	918	53750	314	0	56928
4413	53873	266	1860	348	0	56347
4414	54813	152	893	348	0	56206
4415	2641	257	53853	262	0	57013
4416	52864	127	1881	295	0	55167
4417	53508	123	915	281	0	54827
4418	52122	132	397	288	0	52939
4419	2704	50303	369	275	0	53651
4420	48685	1760	197	245	0	50887
4421	1880	50580	379	246	0	53085
4422	962	1802	50739	232	0	53735
4423	358	50675	1754	204	0	52991
4424	48871	1754	866	228	0	51719
4425	49668	711	250	228	0	50857
4426	50525	239	190	230	0	51184
4427	2407	182	176	47757	0	50522
4428	1020	128	156	49709	0	51013
4429	47414	135	178	2210	0	49937
4430	49352	157	184	884	0	50577
4431	2349	240	177	47207	0	49973
4432	943	232	47663	1558	0	50396
4433	433	46042	1665	723	0	48863
4434	339	48423	792	306	0	49860
4435	381	2070	291	46967	0	49709
4436	460	914	47313	1563	0	50250
4437	424	297	1584	43439	0	45744
4438	331	46532	834	1467	0	49164
4439	422	1580	295	46461	0	48758
4440	399	841	46728	1617	0	49585
4441	408	317	1611	46319	0	48655
4442	405	323	49265	1695	0	51688
4443	448	242	1740	48381	0	50811
4444	435	354	50598	1696	0	53083
4445	439	326	50682	972	0	52419
4446	47630	221	2259	383	0	50493
4447	50754	238	921	305	0	52218
4448	51340	241	390	350	0	52321
4449	2537	49371	406	282	0	52596
4450	1291	1601	303	49923	0	53118
4451	49324	799	287	1698	0	52108
4452	51600	366	341	864	0	53171
4453	51741	321	331	436	0	52829
4454	2616	402	50185	325	0	53528
4455	1221	47740	1829	350	0	51140
4456	716	51094	1020	401	0	53231
4457	50292	2184	452	336	0	53264
4458	2153	981	362	49911	0	53407
4459	50146	460	374	1715	0	52695
4460	2160	489	48866	913	0	52428
4461	1312	321	1719	46807	0	50159
4462	862	324	978	48227	0	50391
4463	847	362	442	45202	0	46853
4464	734	46975	539	2132	0	50380
4465	47171	1666	401	965	0	50203
4466	47763	922	377	489	0	49551
4467	2604	46380	483	371	0	49838
4468	1375	1735	360	45566	0	49036
4469	46110	856	372	1714	0	49052
4470	2180	465	337	45905	0	48887
4471	46201	397	357	1862	0	48817
4472	2118	45422	485	999	0	49024
4473	46023	1687	328	485	0	48523
4474	2191	977	45058	426	0	48652
4475	1261	44950	1775	452	0	48438
4476	783	1748	44948	429	0	47908
4477	1011	1029	1910	43191	0	47141
4478	43639	426	959	1881	0	46905
4479	44689	318	491	1003	0	46501
4480	44911	336	389	540	0	46176
4481	2567	296	359	42560	0	45782
4482	43493	298	385	1723	0	45899
4483	2079	299	337	42626	0	45341
4484	42651	286	362	1871	0	45170
4485	43385	301	413	1020	0	45119
4486	2426	407	41853	604	0	45290
4487	1037	391	39774	427	0	41629
4488	632	366	39959	412	0	41369
4489	602	326	1855	38214	0	40997
4490	38660	234	911	1460	0	41265
4491	1562	294	415	38994	0	41265
4492	991	243	333	40409	0	41976
4493	42409	249	269	1984	0	44911
4494	43218	194	300	973	0	44685
4495	43905	196	273	554	0	44928
4496	44158	206	273	470	0	45107
4497	2180	204	275	42358	0	45017
4498	42024	224	282	1448	0	43978
4499	1636	41697	395	772	0	44500
4500	41771	1172	255	488	0	43686
4501	41748	627	265	460	0	43100
4502	1921	411	38997	295	0	41624
4503	35970	193	1092	314	0	37569
4504	1278	236	36239	383	0	38136
4505	548	197	32615	238	0	33598
4506	567	233	32610	218	0	33628
4507	460	498	788	26003	0	27749
4508	178	111	26935	422	0	27646
4509	152	287	399	23754	0	24592
4510	117	85	24588	291	0	25081
4511	120	120	25792	145	0	26177
4512	125	276	275	24023	0	24699
4513	131	19	120	26817	0	27087
4514	88	92	27822	266	0	28268
4515	25966	36	229	187	0	26418
4516	291	21	122	27797	0	28231
4517	195	24	38	27888	0	28145
4518	27726	30	37	369	0	28162
4519	279	30	42	29049	0	29400
4520	170	109	28681	267	0	29227
4521	101	105	26422	150	0	26778
4522	83	19	265	25488	0	25855
4523	62	104	26200	203	0	26569
4524	57	28438	237	140	0	28872
4525	57	176	126	27745	0	28104
4526	28129	103	50	269	0	28551
4527	209	111	28220	122	0	28662
4528	26523	26	203	122	0	26874
4529	228	19	129	29182	0	29558
4530	164	15	61	29367	0	29607
4531	81	16	36	29884	0	30017
4532	81	19	37	29756	0	29893
4533	28964	15	39	422	0	29440
4534	256	31072	235	247	0	31810
4535	196	290	39	31669	0	32194
4536	103	154	31	31750	0	32038
4537	88	39	44	31970	0	32141
4538	113	22	45	31794	0	31974
4539	30937	16	48	545	0	31546
4540	305	30992	107	376	0	31780
4541	30962	272	42	137	0	31413
4542	326	29072	96	94	0	29588
4543	175	29243	87	81	0	29586
4544	27855	401	43	137	0	28436
4545	333	261	28523	64	0	29181
4546	212	45	326	28488	0	29071
4547	28933	25	182	411	0	29551
4548	29036	39	66	293	0	29434
4549	26965	68	116	240	0	27389
4550	29170	31	67	159	0	29427
4551	504	30731	102	90	0	31427
4552	31398	402	55	147	0	32002
4553	32871	204	47	174	0	33296
4554	682	35089	114	135	0	36020
4555	366	603	50	35856	0	36875
4556	136	368	36174	683	0	37361
4557	161	90	634	36326	0	37211
4558	34786	73	320	858	0	36037
4559	688	136	37123	379	0	38326
4560	314	36621	747	238	0	37920
4561	163	731	37783	160	0	38837
4562	181	313	728	33709	0	34931
4563	98	36548	440	637	0	37723
4564	37434	668	127	383	0	38612
4565	677	38294	152	174	0	39297
4566	410	734	58	37392	0	38594
4567	190	349	82	38899	0	39520
4568	37963	128	64	1021	0	39176
4569	782	100	62	37181	0	38125
4570	464	37739	166	760	0	39129
4571	37964	668	54	446	0	39132
4572	38213	318	51	277	0	38859
4573	953	38446	144	186	0	39729
4574	38463	701	48	224	0	39436
4575	787	38335	130	180	0	39432
4576	38173	767	74	221	0	39235
4577	801	38641	123	447	0	40012
4578	466	792	110	36379	0	37747
4579	246	387	76	39390	0	40099
4580	38435	168	117	971	0	39691
4581	39457	130	111	516	0	40214
4582	1026	39142	155	276	0	40599
4583	514	1044	38148	179	0	39885
4584	38586	394	697	242	0	39919
4585	879	177	345	39423	0	40824
4586	460	40158	201	813	0	41632
4587	295	793	86	40677	0	41851
4588	40591	370	77	924	0	41962
4589	41009	239	83	538	0	41869
4590	41656	172	73	326	0	42227
4591	1242	173	69	40054	0	41538
4592	572	286	40068	831	0	41757
4593	36205	195	710	546	0	37656
4594	38627	198	369	297	0	39491
4595	39566	193	151	289	0	40199
4596	1222	38576	188	219	0	40205
4597	664	868	120	38259	0	39911
4598	345	40158	209	879	0	41591
4599	357	952	103	39805	0	41217
4600	391	501	88	40966	0	41946
4601	318	410	42630	1214	0	44572
4602	370	237	881	46009	0	47497
4603	364	191	443	48076	0	49074
4604	47054	228	158	1682	0	49122
4605	1207	47937	234	784	0	50162
4606	48557	1187	111	410	0	50265
4607	50441	658	116	329	0	51544
4608	1880	323	81	50021	0	52305
4609	958	346	50772	1236	0	53312
4610	459	50026	1208	721	0	52414
4611	375	50052	722	361	0	51510
4612	47998	1667	232	443	0	50340
4613	1296	49579	259	394	0	51528
4614	822	1253	140	48054	0	50269
4615	473	699	142	49759	0	51073
4616	391	417	48341	1700	0	50849
4617	396	363	48227	775	0	49761
4618	351	48150	1661	349	0	50511
4619	346	1176	619	47034	0	49175
4620	47014	665	233	1213	0	49125
4621	1294	333	165	47845	0	49637
4622	762	406	47793	1310	0	50271
4623	455	278	1063	48044	0	49840
4624	44640	254	544	1434	0	46872
4625	45570	244	228	847	0	46889
4626	1695	45598	250	497	0	48040
4627	45961	1176	156	437	0	47730
4628	1334	45906	293	331	0	47864
4629	45739	1230	125	378	0	47472
4630	1456	692	105	44731	0	46984
4631	822	436	44664	1182	0	47104
4632	494	380	44470	699	0	46043
4633	374	45727	1526	353	0	47980
4634	382	1057	579	43776	0	45794
4635	366	726	209	45433	0	46734
4636	45009	273	158	1591	0	47031
4637	45960	277	135	812	0	47184
4638	47033	261	140	477	0	47911
4639	1749	304	126	45653	0	47832
4640	940	269	132	46847	0	48188
4641	533	259	142	47405	0	48339
4642	374	374	45886	1621	0	48255
4643	376	361	45845	792	0	47374
4644	43299	313	1387	538	0	45537
4645	45501	275	663	484	0	46923
4646	1588	370	45750	369	0	48077
4647	44032	258	1046	441	0	45777
4648	44627	228	645	465	0	45965
4649	1579	314	44966	407	0	47266
4650	813	44808	1146	394	0	47161
4651	536	1111	711	43101	0	45459
4652	414	681	44159	1089	0	46343
4653	376	45911	1073	700	0	48060
4654	387	1065	568	40429	0	42449
4655	308	43330	355	880	0	44873
4656	305	991	41622	680	0	43598
4657	336	623	42348	368	0	43675
4658	415	257	1228	41656	0	43556
4659	43063	274	706	1000	0	45043
4660	1042	242	228	43173	0	44685
4661	42678	241	191	1030	0	44140
4662	1052	222	204	43011	0	44489
4663	735	311	42141	1001	0	44188
4664	39227	257	912	783	0	41179
4665	981	343	42817	363	0	44504
4666	41572	246	951	401	0	43170
4667	1036	259	620	40871	0	42786
4668	640	42553	418	993	0	44604
4669	437	845	264	41922	0	43468
4670	374	43778	365	997	0	45514
4671	493	928	285	40255	0	41961
4672	345	43884	357	1024	0	45610
4673	42669	869	234	786	0	44558
4674	43663	537	232	478	0	44910
4675	43471	228	300	415	0	44414
4676	1426	295	42926	305	0	44952
4677	874	179	908	41891	0	43852
4678	520	273	43645	966	0	45404
4679	425	41893	1068	731	0	44117
4680	397	43288	739	363	0	44787
4681	41411	1202	353	330	0	43296
4682	1012	730	42163	297	0	44202
4683	713	41402	1008	329	0	43452
4684	511	936	672	41863	0	43982
4685	41877	571	390	1041	0	43879
4686	949	42846	421	720	0	44936
4687	43183	920	251	414	0	44768
4688	1144	693	43106	395	0	45338
4689	783	244	966	43919	0	45912
4690	494	173	691	45745	0	47103
4691	424	285	356	46456	0	47521
4692	407	45490	396	1530	0	47823
4693	469	969	273	43337	0	45048
4694	349	726	45553	1160	0	47788
4695	372	199	953	43936	0	45460
4696	389	161	724	45614	0	46888
4697	417	129	360	44691	0	45597
4698	391	43467	345	1375	0	45578
4699	421	799	282	43624	0	45126
4700	438	622	273	43024	0	44357
4701	222	39758	290	1213	0	41483
4702	34947	568	133	495	0	36143
4703	585	35869	176	240	0	36870
4704	377	35912	192	160	0	36641
4705	262	1044	184	34799	0	36289
4706	142	438	34837	577	0	35994
4707	29298	157	563	405	0	30423
4708	539	84	332	33902	0	34857
4709	335	187	33082	581	0	34185
4710	92	33906	574	432	0	35004
4711	117	519	328	34151	0	35115
4712	117	442	34180	575	0	35314
4713	146	110	550	32441	0	33247
4714	115	99	365	33038	0	33617
4715	32158	77	111	945	0	33291
4716	532	32301	164	484	0	33481
4717	31916	550	99	236	0	32801
4718	602	401	32477	176	0	33656
4719	385	32629	606	179	0	33799
4720	167	632	33262	155	0	34216
4721	167	375	579	33393	0	34514
4722	33341	126	367	657	0	34491
4723	619	122	113	32699	0	33553
4724	33278	104	93	670	0	34145
4725	34042	114	107	448	0	34711
4726	935	103	94	34246	0	35378
4727	445	217	36301	668	0	37631
4728	199	208	37441	476	0	38324
4729	177	129	923	37694	0	38923
4730	170	124	456	38828	0	39578
4731	38018	122	167	1056	0	39363
4732	689	135	118	37861	0	38803
4733	474	37272	223	759	0	38728
4734	218	672	111	37852	0	38853
4735	174	471	103	38420	0	39168
4736	36818	160	111	1166	0	38255
4737	670	37410	210	605	0	38895
4738	508	693	120	37586	0	38907
4739	220	475	106	37284	0	38085
4740	142	37151	194	1117	0	38604
4741	190	719	109	37873	0	38891
4742	178	502	107	37086	0	37873
4743	143	36546	214	1211	0	38114
4744	183	689	120	37228	0	38220
4745	183	481	116	36373	0	37153
4746	127	35953	222	1160	0	37462
4747	174	709	106	36579	0	37568
4748	35851	481	105	957	0	37394
4749	36113	200	116	670	0	37099
4750	35948	155	123	415	0	36641
4751	35687	148	104	368	0	36307
4752	1021	34150	167	324	0	35662
4753	31119	574	83	322	0	32098
4754	633	31077	155	262	0	32127
4755	392	30797	136	232	0	31557
4756	192	806	80	30665	0	31743
4757	138	468	31021	646	0	32273
4758	29001	188	624	535	0	30348
4759	30801	127	348	305	0	31581
4760	850	324	32290	319	0	33783
4761	31859	119	526	313	0	32817
4762	33416	116	342	270	0	34144
4763	879	32136	188	858	0	34061
4764	38722	549	94	441	0	39806
4765	693	376	99	38138	0	39306
4766	460	164	85	38647	0	39356
4767	238	125	76	38998	0	39437
4768	211	108	77	39086	0	39482
4769	38529	121	55	1088	0	39793
4770	703	133	78	38199	0	39113
4771	463	144	75	38410	0	39092
4772	232	254	36944	977	0	38407
4773	32897	171	561	697	0	34326
4774	37024	148	347	364	0	37883
4775	37385	142	133	315	0	37975
4776	936	31456	169	5362	0	37923
4777	490	37503	159	324	0	38476
4778	36950	798	81	360	0	38189
4779	702	415	104	36493	0	37714
4780	477	37626	155	714	0	38972
4781	310	596	74	37621	0	38601
4782	192	37422	172	1527	0	39313
4783	37882	650	55	573	0	39160
4784	675	38524	154	452	0	39805
4785	514	661	57	37867	0	39099
4786	308	487	71	38339	0	39205
4787	252	293	39497	989	0	41031
4788	235	42089	705	605	0	43634
4789	275	903	379	42842	0	44399
4790	233	666	43524	933	0	45356
4791	218	315	44971	627	0	46131
4792	272	174	1255	44626	0	46327
4793	270	125	629	44405	0	45429
4794	211	43799	261	1477	0	45748
4795	236	45944	195	797	0	47172
4796	261	1479	81	45433	0	47254
4797	45579	701	77	1148	0	47505
4798	1102	243	60	48439	0	49844
4799	49807	175	79	1276	0	51337
4800	51039	163	66	834	0	52102
4801	51811	166	72	403	0	52452
4802	1790	257	51266	273	0	53586
4803	50654	136	998	339	0	52127
4804	1324	141	646	51378	0	53489
4805	907	119	195	52042	0	53263
4806	363	262	50508	1631	0	52764
4807	278	263	50903	865	0	52309
4808	325	223	1466	48226	0	50240
4809	225	48989	872	1065	0	51151
4810	211	50167	336	679	0	51393
4811	253	1446	96	49576	0	51371
4812	50135	726	97	1154	0	52112
4813	1071	230	99	50530	0	51930
4814	747	164	113	49757	0	50781
4815	324	50232	195	1598	0	52349
4816	269	951	75	51302	0	52597
4817	208	756	50888	1166	0	53018
4818	213	370	49239	776	0	50598
4819	46499	136	1441	431	0	48507
4820	1007	49907	834	304	0	52052
4821	50373	967	220	302	0	51862
4822	50854	648	145	314	0	51961
4823	1534	255	163	46966	0	48918
4824	799	49675	248	1071	0	51793
4825	408	969	119	49042	0	50538
4826	49028	619	110	1153	0	50910
4827	968	47258	237	883	0	49346
4828	46292	891	116	380	0	47679
4829	1003	46435	202	303	0	47943
4830	46786	972	121	291	0	48170
4831	47029	629	122	308	0	48088
4832	1404	46176	207	468	0	48255
4833	779	868	138	47000	0	48785
4834	47139	568	159	1023	0	48889
4835	962	302	45647	704	0	47615
4836	661	249	45860	339	0	47109
4837	302	512	1380	44091	0	46285
4838	45719	141	618	1000	0	47478
4839	912	169	225	46178	0	47484
4840	46269	148	139	1088	0	47644
4841	1016	313	46940	677	0	48946
4842	47002	171	839	403	0	48415
4843	49960	154	574	341	0	51029
4844	1454	157	220	49216	0	51047
4845	837	151	150	50005	0	51143
4846	422	159	148	50156	0	50885
4847	257	49623	284	1452	0	51616
4848	288	841	181	49427	0	50737
4849	280	557	167	50533	0	51537
4850	49723	230	184	1467	0	51604
4851	49954	169	158	881	0	51162
4852	1377	302	48814	356	0	50849
4853	47313	192	868	371	0	48744
4854	1016	328	48640	306	0	50290
4855	44811	180	954	440	0	46385
4856	1026	269	48349	353	0	49997
4857	677	258	47338	339	0	48612
4858	417	171	1324	45604	0	47516
4859	293	287	46953	1083	0	48616
4860	44208	209	887	776	0	46080
4861	921	199	650	47304	0	49074
4862	47756	166	243	1016	0	49181
4863	47779	168	157	765	0	48869
4864	43171	178	174	419	0	43942
4865	43145	145	139	344	0	43773
4866	1500	222	42184	303	0	44209
4867	941	142	796	42160	0	44039
4868	552	218	43337	921	0	45028
4869	437	136	868	42782	0	44223
4870	42378	147	589	1035	0	44149
4871	973	135	286	43469	0	44863
4872	43795	143	237	1040	0	45215
4873	1036	157	219	44036	0	45448
4874	757	176	171	44764	0	45868
4875	44062	213	184	1338	0	45797
4876	895	43899	293	856	0	45943
4877	44241	781	132	457	0	45611
4878	960	44408	261	340	0	45969
4879	745	852	129	44671	0	46397
4880	43979	555	120	973	0	45627
4881	929	339	44663	679	0	46610
4882	756	131	760	44961	0	46608
4883	44907	131	568	919	0	46525
4884	46117	146	256	650	0	47169
4885	1466	210	150	44841	0	46667
4886	848	46329	253	867	0	48297
4887	399	45166	228	537	0	46330
4888	335	1162	159	40467	0	42123
4889	40517	404	132	653	0	41706
4890	605	39957	118	410	0	41090
4891	280	38129	110	112	0	38631
4892	37288	602	35	172	0	38097
4893	403	37652	95	71	0	38221
4894	37864	428	28	103	0	38423
4895	505	237	25	37741	0	38508
4896	318	150	24	37380	0	37872
4897	103	37621	80	616	0	38420
4898	59	36487	78	290	0	36914
4899	33823	522	14	108	0	34467
4900	354	35788	68	62	0	36272
4901	182	38836	78	26	0	39122
4902	89	728	97	37962	0	38876
4903	39507	342	13	586	0	40448
4904	595	171	42565	323	0	43654
4905	41659	41	703	157	0	42560
4906	849	34	448	45235	0	46566
4907	511	128	46039	856	0	47534
4908	160	131	47480	733	0	48504
4909	124	42	1308	47921	0	49395
4910	83	166	50049	853	0	51151
4911	47058	60	968	638	0	48724
4912	49032	42	582	244	0	49900
4913	1393	151	49852	104	0	51500
4914	740	40	890	48808	0	50478
4915	247	43	605	49637	0	50532
4916	50404	42	179	1484	0	52109
4917	963	82	97	47949	0	49091
4918	617	49002	135	917	0	50671
4919	49547	854	67	647	0	51115
4920	901	49811	156	223	0	51091
4921	613	51342	144	161	0	52260
4922	312	1392	68	50535	0	52307
4923	212	703	44	51262	0	52221
4924	187	216	49	51788	0	52240
4925	241	245	50532	1530	0	52548
4926	44634	139	910	940	0	46623
4927	919	49895	665	303	0	51782
4928	50605	926	176	257	0	51964
4929	51259	612	121	239	0	52231
4930	1559	246	102	50949	0	52856
4931	778	51979	193	975	0	53925
4932	376	954	115	53438	0	54883
4933	281	647	102	53212	0	54242
4934	53722	229	83	1652	0	55686
4935	53449	156	105	963	0	54673
4936	1605	304	52595	326	0	54830
4937	52597	175	911	337	0	54020
4938	1169	54569	683	257	0	56678
4939	54713	1057	206	313	0	56289
4940	1240	58236	225	236	0	59937
4941	885	1250	107	56579	0	58821
4942	420	820	135	56472	0	57847
4943	277	56437	230	1829	0	58773
4944	366	1188	102	58048	0	59704
4945	331	826	138	58403	0	59698
4946	329	338	127	57200	0	57994
4947	275	56973	253	1981	0	59482
4948	329	1239	148	57910	0	59626
4949	346	879	136	58060	0	59421
4950	351	363	115	59059	0	59888
4951	303	399	56340	2054	0	59096
4952	51714	284	1160	1320	0	54478
4953	1323	375	56825	563	0	59086
4954	54721	259	1344	497	0	56821
4955	1501	346	56868	425	0	59140
4956	55054	273	1348	452	0	57127
4957	56824	264	884	427	0	58399
4958	2085	351	56629	399	0	59464
4959	1254	295	1245	55775	0	58569
4960	566	399	54632	1395	0	56992
4961	51655	277	1260	1073	0	54265
4962	1458	393	58092	599	0	60542
4963	1096	376	57509	457	0	59438
4964	55170	289	1894	565	0	57918
4965	1396	57380	1132	465	0	60373
4966	1120	1307	441	58023	0	60891
4967	59240	918	300	1537	0	61995
4968	1484	420	361	59080	0	61345
4969	1202	391	334	60016	0	61943
4970	59068	252	327	2296	0	61943
4971	59560	339	372	1391	0	61662
4972	2226	410	59057	651	0	62344
4973	1312	341	59196	628	0	61477
4974	748	233	2013	58860	0	61854
4975	616	506	60975	1631	0	63728
4976	618	278	1536	60049	0	62481
4977	591	251	1086	60135	0	62063
4978	638	278	479	62127	0	63522
4979	59699	261	341	2449	0	62750
4980	1490	61094	537	1420	0	64541
4981	61133	1298	287	875	0	63593
4982	60664	934	282	768	0	62648
4983	2020	60439	468	737	0	63664
4984	59870	1267	226	725	0	62088
4985	1530	1045	59080	620	0	62275
4986	1155	611	1053	58057	0	60876
4987	59637	350	778	1571	0	62336
4988	1402	493	59171	1090	0	62156
4989	58170	294	1070	709	0	60243
4990	1410	61555	977	636	0	64578
4991	71195	1139	383	584	0	73301
4992	71474	745	344	578	0	73141
4993	2691	73301	463	459	0	76914
4994	76457	1538	369	545	0	78909
4995	2306	1014	328	76502	0	80150
4996	1579	540	294	77754	0	80167
4997	75869	295	290	2660	0	79114
4998	71010	303	299	1653	0	73265
4999	2605	75066	411	924	0	79006
5000	1428	75451	483	644	0	78006
5001	770	2391	226	68566	0	71953
5002	527	72316	380	1365	0	74588
5003	471	73292	351	975	0	75089
5004	67336	1846	270	513	0	69965
5005	1208	69152	312	481	0	71153
5006	66485	1393	135	330	0	68343
5007	1327	69956	274	355	0	71912
5008	1020	1385	68452	247	0	71104
5009	521	69791	1208	253	0	71773
5010	68279	1311	713	358	0	70661
5011	68263	661	361	326	0	69611
5012	1646	559	67780	222	0	70207
5013	1125	188	1060	64532	0	66905
5014	676	182	651	68795	0	70304
5015	458	383	68467	1535	0	70843
5016	511	183	1049	66096	0	67839
5017	354	343	68340	1490	0	70527
5018	357	324	66438	913	0	68032
5019	63332	167	1483	645	0	65627
5020	1215	67313	980	333	0	69841
5021	67403	1058	472	342	0	69275
5022	1459	744	230	66841	0	69274
5023	909	603	67268	1076	0	69856
5024	696	358	981	63516	0	65551
5025	393	67586	737	1224	0	69940
5026	68483	1080	361	700	0	70624
5027	68584	746	219	534	0	70083
5028	1810	482	172	68368	0	70832
5029	1108	557	67776	1192	0	70633
5030	61444	334	1018	804	0	63600
5031	1324	66224	699	583	0	68830
5032	66533	1102	374	346	0	68355
5033	1740	732	183	65611	0	68266
5034	66243	473	252	1118	0	68086
5035	1695	487	156	65563	0	67901
5036	1081	562	65332	1398	0	68373
5037	830	399	63465	963	0	65657
5038	59264	249	1387	1024	0	61924
5039	1278	65336	1000	542	0	68156
5040	63340	1148	675	458	0	65621
5041	62700	742	291	384	0	64117
5042	1375	63393	334	269	0	65371
5043	62440	1210	135	371	0	64156
5044	1371	1048	66550	354	0	69323
5045	905	780	864	66516	0	69065
5046	761	516	533	67769	0	69579
5047	607	491	380	68704	0	70182
5048	585	655	66659	1531	0	69430
5049	585	604	66535	869	0	68593
5050	500	405	1336	65642	0	67883
5051	414	66207	1114	977	0	68712
5052	504	69082	648	642	0	70876
5053	69050	1412	314	540	0	71316
5054	69024	886	357	454	0	70721
5055	1439	72170	507	601	0	74717
5056	1207	1028	254	73260	0	75749
5057	755	704	335	74432	0	76226
5058	75583	565	445	1696	0	78289
5059	1318	305	438	76522	0	78583
5060	1111	324	489	76546	0	78470
5061	861	337	422	76948	0	78568
5062	717	553	72258	1775	0	75303
5063	848	618	69014	1106	0	71586
5064	71057	311	1458	910	0	73736
5065	1388	250	991	77398	0	80027
5066	996	439	77725	1387	0	80547
5067	721	553	75346	936	0	77556
5068	73613	444	1822	893	0	76772
5069	1771	532	88540	787	0	91630
5070	1116	90735	1841	560	0	94252
5071	730	1457	1043	96988	0	100218
5072	585	1172	97423	1668	0	100848
5073	94396	639	1704	1145	0	97884
5074	2077	532	1008	101498	0	105115
5075	1389	552	99935	1921	0	103797
5076	923	325	1786	100689	0	103723
5077	729	286	1162	102064	0	104241
5078	101916	231	661	2960	0	105768
5079	2003	103134	740	1491	0	107368
5080	1557	1864	446	101041	0	104908
5081	103190	1208	328	2116	0	106842
5082	104112	570	368	1457	0	106507
5083	104860	288	277	991	0	106416
5084	105878	301	417	699	0	107295
5085	3260	268	415	102918	0	106861
5086	102891	162	506	2114	0	105673
5087	101707	186	522	1547	0	103962
5088	96747	191	450	1064	0	98452
5089	98713	215	409	917	0	100254
5090	2846	94503	685	658	0	98692
5091	729	86133	292	176	0	87330
5092	349	1661	179	83624	0	85813
5093	167	84136	217	1060	0	85580
5094	83343	1120	220	763	0	85446
5095	1274	683	108	82784	0	84849
5096	83325	145	115	1358	0	84943
5097	85155	90	139	921	0	86305
5098	1873	100	121	87764	0	89858
5099	911	105	144	86307	0	87467
5100	315	86908	321	1845	0	89389
5101	86887	1087	158	918	0	89050
5102	1280	86393	307	372	0	88352
5103	87857	1188	160	465	0	89670
5104	1461	659	136	88045	0	90301
5105	923	425	86603	1298	0	89249
5106	84735	146	1163	933	0	86977
5107	82356	157	658	503	0	83674
5108	2007	321	81895	308	0	84531
5109	1062	306	81709	285	0	83362
5110	611	174	1707	77730	0	80222
5111	86074	155	743	1553	0	88525
5112	89613	184	216	951	0	90964
5113	92151	173	164	523	0	93011
5114	91176	189	163	547	0	92075
5115	2379	89566	402	347	0	92694
5116	92583	1503	163	473	0	94722
5117	2014	830	175	91097	0	94116
5118	1293	379	205	92081	0	93958
5119	759	249	183	95863	0	97054
5120	680	238	154	97256	0	98328
5121	94463	233	178	2719	0	97593
5122	2076	232	163	100121	0	102592
5123	1287	479	97099	2132	0	100997
5124	825	222	1764	99721	0	102532
5125	769	237	963	101044	0	103013
5126	761	203	316	101395	0	102675
5127	762	249	256	100081	0	101348
5128	96725	229	228	3161	0	100343
5129	2251	96684	464	1474	0	100873
5130	1460	98792	484	617	0	101353
5131	948	2715	261	96444	0	100368
5132	96815	1169	286	2266	0	100536
5133	100188	373	310	1399	0	102270
5134	3366	291	366	98986	0	103009
5135	1813	445	96548	2321	0	101127
5136	96036	268	1968	1600	0	99872
5137	2720	293	1078	102041	0	106132
5138	1771	514	101390	2377	0	106052
5139	94136	309	2043	1744	0	98232
5140	2732	101194	1304	869	0	106099
5141	112622	2084	348	832	0	115886
5142	3381	118322	541	723	0	122967
5143	2401	3012	193	117036	0	122642
5144	1033	117075	497	3298	0	121903
5145	1170	3286	221	119703	0	124380
5146	113992	1846	276	3963	0	120077
5147	3378	115928	469	2581	0	122356
5148	2272	3332	115905	1145	0	122654
5149	1301	1972	2926	117175	0	123374
5150	1098	934	118727	3585	0	124344
5151	1112	427	3306	115720	0	120565
5152	1057	428	1809	120042	0	123336
5153	899	623	115993	5140	0	122655
5154	101578	371	3163	3148	0	108260
5155	3620	562	114678	1288	0	120148
5156	2397	572	113619	996	0	117584
5157	1179	112761	4681	1033	0	119654
5158	1044	3091	2072	111687	0	117894
5159	1004	1920	691	114810	0	118425
5160	1001	879	462	113447	0	115789
5161	944	525	382	117081	0	118932
5162	839	687	111212	5382	0	118120
5163	99490	469	3115	3180	0	106254
5164	3569	675	111491	1374	0	117109
5165	2306	346	3166	106775	0	112593
5166	105206	339	1818	3546	0	110909
5167	3123	106363	1099	2388	0	112973
5168	2126	3706	489	101581	0	107902
5169	94673	1595	479	3053	0	99800
5170	2916	91755	660	1962	0	97293
5171	1571	90393	518	948	0	93430
5172	87792	3552	495	792	0	92631
5173	2518	89091	505	891	0	93005
5174	86493	2712	359	753	0	90317
5175	2725	88374	450	716	0	92265
5176	88217	2711	439	627	0	91994
5177	88341	1498	353	658	0	90850
5178	3516	89398	597	643	0	94154
5179	1985	2470	393	88339	0	93187
5180	896	1710	87116	2672	0	92394
5181	84791	767	2380	1886	0	89824
5182	2682	439	1523	85135	0	89779
5183	1691	83876	834	2696	0	89097
5184	791	87899	764	2066	0	91520
5185	585	3394	472	87166	0	91617
5186	86307	1650	449	2932	0	91338
5187	2561	903	86580	1905	0	91949
5188	1761	482	2435	87654	0	92332
5189	932	467	1536	89822	0	92757
5190	760	426	705	91533	0	93424
5191	678	440	526	88898	0	90542
5192	568	86886	697	4216	0	92367
5193	666	2559	408	89206	0	92839
5194	561	1846	86535	3226	0	92168
5195	643	1008	86178	2008	0	89837
5196	579	842	88352	1115	0	90888
5197	748	643	3791	84168	0	89350
5198	81736	659	1921	2830	0	87146
5199	2730	749	82633	1909	0	88021
5200	1845	872	84052	1068	0	87837
5201	1047	605	3735	81220	0	86607
5202	82623	576	1935	3013	0	88147
5203	2654	81822	1134	2225	0	87835
5204	82479	2662	679	1257	0	87077
5205	3162	1780	613	81532	0	87087
5206	2030	1125	82792	2871	0	88818
5207	1268	980	2544	76051	0	80843
5208	757	82188	1965	2764	0	87674
5209	86195	2697	953	1941	0	91786
5210	3041	1913	86579	1208	0	92741
5211	1669	83098	2726	1234	0	88727
5212	83366	2766	2013	1096	0	89241
5213	2995	1750	925	83481	0	89151
5214	2059	793	765	85859	0	89476
5215	85461	517	678	4291	0	90947
5216	87558	533	723	2531	0	91345
5217	91054	561	712	1344	0	93671
5218	4814	518	595	85311	0	91238
5219	2393	84709	797	3195	0	91094
5220	85418	2643	596	2298	0	90955
5221	2975	86173	728	1358	0	91234
5222	81771	2794	530	919	0	86014
5223	3097	80566	710	773	0	85146
5224	2058	2797	522	78939	0	84316
5225	80489	1805	429	2777	0	85500
5226	81919	942	339	2069	0	85269
5227	83288	671	324	1189	0	85472
5228	83663	605	386	952	0	85606
5229	83526	528	431	791	0	85276
5230	4549	706	80133	665	0	86053
5231	2606	598	2444	78748	0	84396
5232	1377	673	80642	2569	0	85261
5233	1039	722	80228	1786	0	83775
5234	78007	541	3640	1019	0	83207
5235	80254	564	1943	751	0	83512
5236	81217	599	787	635	0	83238
5237	4451	677	451	76295	0	81874
5238	76355	562	409	2625	0	79951
5239	3264	75483	558	1952	0	81257
5240	2234	77348	573	1009	0	81164
5241	977	71455	353	537	0	73322
5242	62629	2240	324	461	0	65654
5243	1682	63923	300	380	0	66285
5244	65265	1532	230	342	0	67369
5245	65358	993	138	388	0	66877
5246	2645	512	64141	327	0	67625
5247	1620	269	1465	62323	0	65677
5248	910	228	968	66126	0	68232
5249	65760	236	452	2376	0	68824
5250	66683	194	253	1279	0	68409
5251	2727	229	273	65581	0	68810
5252	1724	381	64310	1679	0	68094
5253	940	357	65267	1146	0	67710
5254	820	244	2263	65513	0	68840
5255	851	263	1119	66499	0	68732
5256	818	283	347	67862	0	69310
5257	64835	280	250	2591	0	67956
5258	65062	305	240	1388	0	66995
5259	2770	65021	384	594	0	68769
5260	1764	1695	260	64444	0	68163
5261	1080	1167	251	64083	0	66581
5262	812	65493	385	2341	0	69031
5263	965	1682	281	65896	0	68824
5264	66296	1141	288	1957	0	69682
5265	2239	460	348	66143	0	69190
5266	1776	335	301	66867	0	69279
5267	65016	346	291	2703	0	68356
5268	65371	333	306	1499	0	67509
5269	66402	344	361	789	0	67896
5270	3248	532	456	63556	0	67792
5271	1816	417	61853	1780	0	65866
5272	1060	429	61612	1314	0	64415
5273	951	418	62706	714	0	64789
5274	888	60224	2503	659	0	64274
5275	58452	1527	1576	674	0	62229
5276	2071	1091	58394	583	0	62139
5277	56980	407	1433	695	0	59515
5278	2180	343	1020	57578	0	61121
5279	57533	370	475	1841	0	60219
5280	58915	356	364	1453	0	61088
5281	2548	59682	456	787	0	63473
5282	61431	1408	315	818	0	63972
5283	61082	1000	300	856	0	63238
5284	2666	60989	461	774	0	64890
5285	1898	1397	332	62971	0	66598
5286	1189	1155	63007	1740	0	67091
5287	1100	438	1425	62068	0	65031
5288	959	376	1012	63870	0	66217
5289	62753	382	469	2653	0	66257
5290	2159	366	422	61773	0	64720
5291	1625	63123	685	1878	0	67311
5292	1071	1533	444	63348	0	66396
5293	969	1074	433	65133	0	67609
5294	962	603	63419	2623	0	67607
5295	963	61966	1681	1703	0	66313
5296	1008	62099	1174	3211	0	67492
5297	62179	2066	521	939	0	65705
5298	2018	64743	572	910	0	68243
5299	1671	1646	451	63500	0	67268
5300	1082	1282	63252	1833	0	67449
5301	944	63597	1734	1432	0	67707
5302	63752	1553	1164	906	0	67375
5303	2027	1152	621	63505	0	67305
5304	1635	499	470	65308	0	67912
5305	980	546	64390	2581	0	68497
5306	925	410	1513	62693	0	65541
5307	975	403	1033	65523	0	67934
5308	63653	432	527	2707	0	67319
5309	58317	317	427	1625	0	60686
5310	2345	58131	470	987	0	61933
5311	54407	1038	259	790	0	56494
5312	1455	53286	359	773	0	55873
5313	1067	1470	280	49199	0	52016
5314	637	51255	340	1269	0	53501
5315	572	52492	364	945	0	54373
5316	49642	1297	490	705	0	52134
5317	48900	629	276	577	0	50382
5318	1353	48348	343	505	0	50549
5319	48752	829	282	573	0	50436
5320	48540	600	244	541	0	49925
5321	50721	303	238	553	0	51815
5322	1478	261	212	50435	0	52386
5323	50920	316	223	1084	0	52543
5324	1099	418	48252	754	0	50523
5325	46809	337	790	551	0	48487
5326	1148	407	49953	418	0	51926
5327	839	293	875	49631	0	51638
5328	555	336	522	51606	0	53019
5329	478	416	50779	1313	0	52986
5330	46681	301	802	861	0	48645
5331	50143	260	534	538	0	51475
5332	1320	366	53801	459	0	55946
5333	832	248	795	52172	0	54047
5334	516	208	557	53563	0	54844
5335	482	230	250	55053	0	56015
5336	53759	190	187	1418	0	55554
5337	53944	212	255	826	0	55237
5338	1288	295	215	51061	0	52859
5339	604	49654	260	782	0	51300
5340	352	48766	248	555	0	49921
5341	45511	760	124	370	0	46765
5342	682	46065	212	227	0	47186
5343	430	44854	257	203	0	45744
5344	328	425	105	40484	0	41342
5345	161	461	40228	323	0	41173
5346	131	39926	316	254	0	40627
5347	296	454	154	39422	0	40326
5348	104	40387	133	335	0	40959
5349	133	370	51	40026	0	40580
5350	40037	147	59	384	0	40627
5351	274	40317	141	228	0	40960
5352	40665	253	53	174	0	41145
5353	39841	143	53	181	0	40218
5354	390	194	38940	100	0	39624
5355	37747	70	222	164	0	38203
5356	326	71	123	40623	0	41143
5357	189	163	41555	241	0	42148
5358	98	41847	276	181	0	42402
5359	132	215	104	41453	0	41904
5360	98	142	45	41960	0	42245
5361	41670	77	27	388	0	42162
5362	276	71	40	41862	0	42249
5363	185	67	34	41966	0	42252
5364	41637	54	39	392	0	42122
5365	211	41839	122	235	0	42407
5366	40521	219	32	192	0	40964
5367	276	226	40885	77	0	41464
5368	35664	97	226	184	0	36171
5369	287	188	42563	77	0	43115
5370	159	42989	275	99	0	43522
5371	43191	221	118	154	0	43684
5372	41562	143	82	178	0	41965
5373	341	332	41991	85	0	42749
5374	223	201	43249	84	0	43757
5375	154	177	45064	98	0	45493
5376	105	47210	502	97	0	47914
5377	140	352	204	47961	0	48657
5378	124	368	54921	372	0	55785
5379	140	235	53657	249	0	54281
5380	150	83	947	54228	0	55408
5381	174	194	55605	602	0	56575
5382	52152	85	667	561	0	53465
5383	59636	75	433	238	0	60382
5384	1243	208	59214	86	0	60751
5385	580	58727	928	177	0	60412
5386	266	772	518	57660	0	59216
5387	222	684	59015	808	0	60729
5388	135	59144	957	619	0	60855
5389	217	942	515	58300	0	59974
5390	58958	479	133	893	0	60463
5391	58257	125	97	619	0	59098
5392	1188	60118	257	168	0	61731
5393	619	904	88	59854	0	61465
5394	219	487	97	60244	0	61047
5395	186	140	99	60304	0	60729
5396	175	89	75	60668	0	61007
5397	120	253	58936	1326	0	60635
5398	177	79	772	58386	0	59414
5399	112	175	58572	940	0	59799
5400	88	57883	920	601	0	59492
5401	56479	755	510	299	0	58043
5402	721	60801	280	145	0	61947
5403	525	820	89	60839	0	62273
5404	204	507	100	61420	0	62231
5405	60722	150	72	1333	0	62277
5406	846	86	76	60570	0	61578
5407	484	59851	182	854	0	61371
5408	212	781	72	60865	0	61930
5409	150	488	94	61080	0	61812
5410	59784	139	102	1324	0	61349
5411	824	282	58768	614	0	60488
5412	477	58318	752	229	0	59776
5413	132	60141	512	189	0	60974
5414	164	1086	117	59012	0	60379
5415	58203	495	95	868	0	59661
5416	709	58573	230	554	0	60066
5417	534	755	72	59051	0	60412
5418	162	642	58306	832	0	59942
5419	176	148	726	58285	0	59335
5420	58634	112	464	975	0	60185
5421	56613	123	157	626	0	57519
5422	1169	112	98	57019	0	58398
5423	57559	113	94	950	0	58716
5424	56756	105	100	684	0	57645
5425	1221	340	56543	231	0	58335
5426	53380	115	752	277	0	54524
5427	832	55838	594	216	0	57480
5428	56559	777	189	275	0	57800
5429	923	663	55581	187	0	57354
5430	673	146	832	56038	0	57689
5431	57605	124	559	995	0	59283
5432	896	235	53734	642	0	55507
5433	646	226	54539	254	0	55665
5434	330	109	1348	53219	0	55006
5435	182	277	55926	949	0	57334
5436	54033	121	1015	705	0	55874
5437	980	248	57090	261	0	58579
5438	723	136	1044	58203	0	60106
5439	309	140	643	60915	0	62007
5440	64031	131	254	1802	0	66218
5441	1298	263	64596	916	0	67073
5442	857	273	68123	369	0	69622
5443	388	111	2083	71021	0	73603
5444	256	282	72841	1601	0	74980
5445	68960	137	1826	1071	0	71994
5446	1695	130	1097	70566	0	73488
5447	1043	269	72109	1664	0	75085
5448	490	124	1759	70808	0	73181
5449	445	132	1057	72699	0	74333
5450	71556	139	355	2502	0	74552
5451	1747	346	71736	1172	0	75001
5452	67884	205	1747	531	0	70367
5453	1852	356	72686	487	0	75381
5454	70145	176	1853	490	0	72664
5455	72139	195	1053	457	0	73844
5456	71739	170	353	506	0	72768
5457	2621	68414	424	446	0	71905
5458	69900	1537	234	466	0	72137
5459	70053	939	208	481	0	71681
5460	2630	252	232	68841	0	71955
5461	1222	274	68364	1904	0	71764
5462	65109	144	1709	1406	0	68368
5463	1771	267	70129	604	0	72771
5464	1252	143	1890	67548	0	70833
5465	543	140	1136	70845	0	72664
5466	69808	143	502	2699	0	73152
5467	1776	72156	557	1429	0	75918
5468	1347	1619	302	71567	0	74835
5469	658	997	316	73332	0	75303
5470	461	491	71645	2691	0	75288
5471	497	162	1747	71375	0	73781
5472	585	143	1069	73540	0	75337
5473	607	127	417	69610	0	70761
5474	463	69040	453	2595	0	72551
5475	67184	1477	322	1262	0	70245
5476	68142	865	309	708	0	70024
5477	2439	67617	439	519	0	71014
5478	61359	1259	238	377	0	63233
5479	1688	712	257	63419	0	66076
5480	1020	334	64968	1572	0	67894
5481	420	65691	1665	949	0	68725
5482	350	67279	1013	423	0	69065
5483	67146	1815	434	410	0	69805
5484	71276	727	280	369	0	72652
5485	2512	192	232	71714	0	74650
5486	1276	141	252	73184	0	74853
5487	575	131	236	74127	0	75069
5488	70703	101	290	2782	0	73876
5489	1998	281	70071	1210	0	73560
5490	70134	116	1813	569	0	72632
5491	2084	118	1036	71215	0	74453
5492	1237	111	384	69821	0	71553
5493	510	70175	524	2628	0	73837
5494	616	1625	314	71966	0	74521
5495	562	885	278	73088	0	74813
5496	554	421	71618	2702	0	75295
5497	441	72018	1931	1340	0	75730
5498	73852	1657	1025	738	0	77272
5499	72352	907	466	614	0	74339
5500	75562	303	395	583	0	76843
5501	74368	250	392	602	0	75612
5502	2833	363	71002	479	0	74677
5503	69705	217	1849	564	0	72335
5504	2260	330	71844	528	0	74962
5505	1442	239	1912	67334	0	70927
5506	725	70526	1225	1956	0	74432
5507	765	1773	474	70915	0	73927
5508	778	943	386	72851	0	74958
5509	638	512	71135	2825	0	75110
5510	66778	290	1896	1619	0	70583
5511	69795	311	1130	931	0	72167
5512	2732	68514	682	959	0	72887
5513	1512	1914	69152	769	0	73347
5514	855	1110	1920	69348	0	73233
5515	764	605	70281	2234	0	73884
5516	748	558	70157	1416	0	72879
5517	898	401	2553	68934	0	72786
5518	895	525	70112	2237	0	73769
5519	1013	323	1943	69900	0	73179
5520	968	495	71477	2400	0	75340
5521	1029	344	2033	71355	0	74761
5522	71885	319	1192	2630	0	76026
5523	72905	315	582	1836	0	75638
5524	73172	359	469	1204	0	75204
5525	71726	383	449	1138	0	73696
5526	3118	71681	673	936	0	76408
5527	1749	1819	451	71335	0	75354
5528	1109	1041	475	73075	0	75700
5529	894	689	70933	3145	0	75661
5530	852	596	1885	70093	0	73426
5531	748	624	69860	2523	0	73755
5532	766	620	68325	1624	0	71335
5533	64459	409	2635	1098	0	68601
5534	2211	68807	1461	949	0	73428
5535	69553	1771	771	902	0	72997
5536	69484	1047	615	875	0	72021
5537	3060	69470	711	822	0	74063
5538	68688	1540	518	890	0	71636
5539	2175	992	68255	745	0	72167
5540	1229	65722	1780	714	0	69445
5541	65475	1368	1124	759	0	68726
5542	1640	943	62085	680	0	65348
5543	57177	352	1213	648	0	59390
5544	1338	54029	858	6052	0	62277
5545	60122	1003	409	798	0	62332
5546	59361	606	470	656	0	61093
5547	1729	58385	535	558	0	61207
5548	979	58464	578	439	0	60460
5549	582	60792	615	509	0	62498
5550	558	1451	523	60702	0	63234
5551	476	679	601	61572	0	63328
5552	61912	297	539	1849	0	64597
5553	61335	183	586	1114	0	63218
5554	1773	346	61161	714	0	63994
5555	1029	330	60462	602	0	62423
5556	617	351	62514	591	0	64073
5557	688	208	1871	61238	0	64005
5558	690	363	63251	1417	0	65721
5559	754	235	1395	61933	0	64317
5560	63080	243	782	1548	0	65653
5561	1602	407	63382	937	0	66328
5562	62152	276	1335	671	0	64434
5563	64049	315	847	633	0	65844
5564	1864	465	64710	527	0	67566
5565	992	65458	1541	605	0	68596
5566	667	1142	1005	64908	0	67722
5567	537	892	64825	1374	0	67628
5568	677	308	1541	62959	0	65485
5569	664	299	1010	67347	0	69320
5570	66156	303	563	1851	0	68873
5571	1789	346	400	66191	0	68726
5572	1165	504	65597	1380	0	68646
5573	839	352	1337	65599	0	68127
5574	66587	350	887	1537	0	69361
5575	1596	67381	712	917	0	70606
5576	67254	1264	442	491	0	69451
5577	1701	885	535	66470	0	69591
5578	1424	556	66381	1253	0	69614
5579	828	435	63876	705	0	65844
5580	701	438	62871	361	0	64371
5581	359	59199	1610	235	0	61403
5582	57100	1479	998	419	0	59996
5583	887	54614	350	200	0	56051
5584	50443	611	179	166	0	51399
5585	657	49527	224	114	0	50522
5586	459	618	113	49599	0	50789
5587	209	364	99	49981	0	50653
5588	164	106	107	49956	0	50333
5589	99	49659	240	947	0	50945
5590	210	617	101	53855	0	54783
5591	218	367	115	63140	0	63840
5592	65826	107	123	1713	0	67769
5593	1495	97	128	68250	0	69970
5594	684	291	73313	1567	0	75855
5595	71289	94	1663	872	0	73918
5596	74458	120	792	413	0	75783
5597	2402	74584	399	260	0	77645
5598	75207	1733	157	294	0	77391
5599	76915	801	167	325	0	78208
5600	2727	225	183	75346	0	78481
5601	1199	139	178	76878	0	78394
5602	536	119	174	78680	0	79509
5603	76480	137	179	2846	0	79642
5604	77759	156	148	1208	0	79271
5605	2849	319	76189	328	0	79685
5606	75837	162	1862	437	0	78298
5607	77258	138	918	382	0	78696
5608	77613	138	270	420	0	78441
5609	2943	292	74612	322	0	78169
5610	1242	291	76518	317	0	78368
5611	693	130	2657	75731	0	79211
5612	439	287	78406	2145	0	81277
5613	614	119	2136	76465	0	79334
5614	736	213	1087	69364	0	71400
5615	490	77781	589	2577	0	81437
5616	77535	1915	492	1253	0	81195
5617	2419	1117	78755	457	0	82748
5618	79179	332	2167	523	0	82201
5619	2725	361	1162	80439	0	84687
5620	79067	277	388	2349	0	82081
5621	2687	77480	519	1361	0	82047
5622	1502	80568	483	817	0	83370
5623	1015	2886	300	79218	0	83419
5624	833	1148	291	81397	0	83669
5625	811	526	79079	3378	0	83794
5626	950	218	2211	79058	0	82437
5627	76473	204	1227	2763	0	80667
5628	2692	76611	737	1504	0	81544
5629	1795	2246	77061	712	0	81814
5630	1169	1048	2399	76645	0	81261
5631	915	463	78825	2440	0	82643
5632	869	262	2624	77810	0	81565
5633	766	383	79357	2693	0	83199
5634	607	449	78148	1525	0	80729
5635	653	297	3325	76083	0	80358
5636	76957	300	1608	2743	0	81608
5637	77322	314	699	1610	0	79945
5638	75644	359	558	934	0	77495
5639	3544	73921	706	920	0	79091
5640	75153	2194	513	771	0	78631
5641	74330	1163	450	830	0	76773
5642	3563	611	72566	822	0	77562
5643	1777	72089	2449	776	0	77091
5644	1134	2260	1216	71202	0	75812
5645	71657	1255	518	2628	0	76058
5646	2534	71657	779	1598	0	76568
5647	74247	2251	547	1021	0	78066
5648	74666	1215	529	962	0	77372
5649	74822	530	519	968	0	76839
5650	74532	467	617	877	0	76493
5651	3648	420	585	71651	0	76304
5652	71680	357	633	2683	0	75353
5653	2808	490	726	69813	0	73837
5654	1683	69264	951	2622	0	74520
5655	1061	1968	685	71026	0	74740
5656	70189	989	795	2646	0	74619
5657	2634	508	70093	1648	0	74883
5658	1843	280	2342	70138	0	74603
5659	69990	320	1336	2486	0	74132
5660	2795	69454	846	1534	0	74629
5661	70300	2090	595	836	0	73821
5662	71108	1110	535	774	0	73527
5663	3574	70374	807	657	0	75412
5664	70261	2179	601	689	0	73730
5665	2928	1283	66620	658	0	71489
5666	1827	708	67009	665	0	70209
5667	63972	529	2798	734	0	68033
5668	2842	638	67708	615	0	71803
5669	2017	519	2071	61192	0	65799
5670	1342	64928	1254	1891	0	69415
5671	65997	2058	615	1248	0	69918
5672	2760	65149	643	724	0	69276
5673	1815	66766	831	814	0	70226
5674	1410	2808	423	68280	0	72921
5675	1178	1044	443	69467	0	72132
5676	1061	557	402	69423	0	71443
5677	1101	464	446	69639	0	71650
5678	862	569	66172	3043	0	70646
5679	924	447	1912	65058	0	68341
5680	921	440	1032	66934	0	69327
5681	65011	431	621	2783	0	68846
5682	2416	451	519	65232	0	68618
5683	1470	646	63425	2155	0	67696
5684	60538	428	1808	1288	0	64062
5685	2497	537	984	63849	0	67867
5686	1602	640	65298	1868	0	69408
5687	1153	500	1880	62897	0	66430
5688	959	65486	1268	1854	0	69567
5689	65168	1692	661	1125	0	68646
5690	2040	911	62476	521	0	65948
5691	987	52184	1286	336	0	54793
5692	48675	886	840	369	0	50770
5693	988	46454	509	274	0	48225
5694	449	41972	210	200	0	42831
5695	40635	708	564	230	0	42137
5696	623	40567	182	198	0	41570
5697	388	40764	141	177	0	41470
5698	439	603	472	39374	0	40888
5699	252	338	39569	433	0	40592
5700	230	40757	364	331	0	41682
5701	380	457	187	39834	0	40858
5702	183	40374	154	412	0	41123
5703	39226	290	142	320	0	39978
5704	396	262	39366	225	0	40249
5705	258	80	301	39591	0	40230
5706	40677	87	166	455	0	41385
5707	383	81	87	41159	0	41710
5708	263	175	41088	400	0	41926
5709	37678	92	327	341	0	38438
5710	41633	125	185	238	0	42181
5711	485	43465	153	290	0	44393
5712	310	305	103	42987	0	43705
5713	216	212	108	44151	0	44687
5714	43714	116	125	489	0	44444
5715	42844	109	124	286	0	43363
5716	533	184	43986	119	0	44822
5717	233	43017	328	95	0	43673
5718	42841	209	119	107	0	43276
5719	241	116	52	42894	0	43303
5720	145	126	44383	221	0	44875
5721	68	125	43312	121	0	43626
5722	64	542	240	42814	0	43660
5723	43971	13	65	189	0	44238
5724	121	43725	74	97	0	44017
5725	47379	127	24	175	0	47705
5726	158	75	27	48026	0	48286
5727	95	29	18	48630	0	48772
5728	62	18	14	49184	0	49278
5729	47958	16	19	255	0	48248
5730	114	49507	85	105	0	49811
5731	97	236	12	50422	0	50767
5732	59	66	18	50440	0	50583
5733	37	109	49814	198	0	50158
5734	57	32	126	48276	0	48491
5735	51	106	50230	145	0	50532
5736	26	48865	171	124	0	49186
5737	45	104	75	49458	0	49682
5738	47546	64	23	205	0	47838
5739	145	99	48841	76	0	49161
5740	93	24	109	48612	0	48838
5741	40	105	48932	126	0	49203
5742	43105	26	145	213	0	43489
5743	152	98	49184	31	0	49465
5744	106	25	124	46036	0	46291
5745	47199	20	70	167	0	47456
5746	243	39705	126	140	0	40214
5747	44855	188	24	105	0	45172
5748	243	41507	80	67	0	41897
5749	120	214	27	45543	0	45904
5750	49	190	44585	221	0	45045
5751	46	161	43236	121	0	43564
5752	73	35	282	44155	0	44545
5753	45318	28	102	343	0	45791
5754	44903	32	47	179	0	45161
5755	324	32	38	45125	0	45519
5756	130	39	29	46293	0	46491
5757	43524	23	25	399	0	43971
5758	241	42630	90	137	0	43098
5759	119	44811	73	82	0	45085
5760	43214	297	38	139	0	43688
5761	264	226	42509	69	0	43068
5762	183	49	238	42084	0	42554
5763	79	143	43194	269	0	43685
5764	84	51	229	42543	0	42907
5765	76	125	43050	343	0	43594
5766	71	134	43433	167	0	43805
5767	99	43	351	42722	0	43215
5768	53	41249	246	263	0	41811
5769	43457	252	59	210	0	43978
5770	276	43709	133	89	0	44207
5771	181	267	60	43026	0	43534
5772	43400	125	71	352	0	43948
5773	322	50	65	43453	0	43890
5774	42986	37	66	421	0	43510
5775	43550	56	74	257	0	43937
5776	44109	61	58	178	0	44406
5777	414	42840	108	119	0	43481
5778	45552	275	63	176	0	46066
5779	401	160	67	48002	0	48630
5780	50163	59	65	536	0	50823
5781	527	63	64	52387	0	53041
5782	51775	57	61	828	0	52721
5783	52947	51	131	450	0	53579
5784	906	51790	128	202	0	53026
5785	461	632	70	57854	0	59017
5786	208	467	78	58256	0	59009
5787	112	61869	155	1204	0	63340
5788	177	991	65	63817	0	65050
5789	62204	565	123	1226	0	64118
5790	66109	147	74	711	0	67041
5791	65108	124	114	352	0	65698
5792	1606	238	67706	168	0	69718
5793	68623	83	1114	272	0	70092
5794	72738	64	609	233	0	73644
5795	73285	52	184	275	0	73796
5796	1845	71136	234	158	0	73373
5797	886	1149	76	72473	0	74584
5798	341	627	80	74863	0	75911
5799	269	183	81	74703	0	75236
5800	185	476	71082	1940	0	73683
5801	261	79	1186	72844	0	74370
5802	73015	61	661	1535	0	75272
5803	1354	89	187	74223	0	75853
5804	854	76	104	76349	0	77383
5805	361	225	74343	2024	0	76953
5806	214	74306	1376	938	0	76834
5807	76828	1281	655	443	0	79207
5808	1476	676	181	76333	0	78666
5809	75985	183	134	1515	0	77817
5810	1561	268	75083	785	0	77697
5811	69792	109	1321	466	0	71688
5812	1553	76425	853	269	0	79100
5813	888	1440	75389	226	0	77943
5814	364	827	76267	264	0	77722
5815	370	379	1892	71703	0	74344
5816	276	306	78316	1392	0	80290
5817	219	77704	1510	878	0	80311
5818	334	1260	711	75902	0	78207
5819	305	711	218	79241	0	80475
5820	246	230	131	79830	0	80437
5821	76629	120	126	2158	0	79033
5822	1380	77645	252	999	0	80276
5823	915	1295	97	78495	0	80802
5824	393	709	129	79975	0	81206
5825	75858	236	122	2169	0	78385
5826	1436	75798	231	994	0	78459
5827	76535	1302	127	628	0	78592
5828	76715	749	128	497	0	78089
5829	76760	272	132	541	0	77705
5830	2322	342	74681	357	0	77702
5831	1261	163	1328	71714	0	74466
5832	594	74810	886	1405	0	77695
5833	450	77136	454	919	0	78959
5834	583	1991	213	72019	0	74806
5835	434	76593	342	1439	0	78808
5836	79416	1499	187	1141	0	82243
5837	1614	988	79661	545	0	82808
5838	76984	363	1418	593	0	79358
5839	81983	260	808	664	0	83715
5840	2363	216	333	82175	0	85087
5841	82907	239	274	1837	0	85257
5842	1832	88458	460	1286	0	92036
5843	90525	1532	258	843	0	93158
5844	90714	914	263	781	0	92672
5845	98032	400	279	778	0	99489
5846	2743	544	98206	556	0	102049
5847	1604	502	99482	606	0	102194
5848	1065	248	2552	97954	0	101819
5849	830	98585	1511	1955	0	102881
5850	752	102026	719	1327	0	104824
5851	860	2549	372	100308	0	104089
5852	100286	1305	349	2346	0	104286
5853	2132	555	376	101192	0	104255
5854	1469	427	431	102476	0	104803
5855	100421	375	393	3202	0	104391
5856	2061	100855	654	1988	0	105558
5857	1530	1990	100407	1072	0	104999
5858	916	1407	100245	873	0	103441
5859	102798	511	2674	867	0	106850
5860	2172	522	1356	103149	0	107199
5861	1530	708	106293	2136	0	110667
5862	964	422	1948	103029	0	106363
5863	914	389	1198	105550	0	108051
5864	794	351	655	108164	0	109964
5865	822	435	431	106125	0	107813
5866	665	103687	704	3103	0	108159
5867	712	1875	469	105186	0	108242
5868	103803	1233	485	2632	0	108153
5869	2042	103228	811	1925	0	108006
5870	105834	1904	508	1116	0	109362
5871	106817	1314	419	933	0	109483
5872	107489	646	435	989	0	109559
5873	3077	890	102445	760	0	107172
5874	102196	534	1845	953	0	105528
5875	106008	463	1188	849	0	108508
5876	104955	519	528	831	0	106833
5877	105527	418	382	852	0	107179
5878	3100	102745	658	714	0	107217
5879	100483	1764	342	809	0	103398
5880	2255	1421	98385	664	0	102725
5881	1502	544	1338	94846	0	98230
5882	1050	412	889	97727	0	100078
5883	99097	288	392	2267	0	102044
5884	1865	99232	579	1243	0	102919
5885	95140	1287	240	703	0	97370
5886	1628	94963	454	422	0	97467
5887	91670	1166	176	506	0	93518
5888	90442	674	140	448	0	91704
5889	1761	101682	389	519	0	104351
5890	102320	1353	355	416	0	104444
5891	105290	807	160	386	0	106643
5892	2399	98581	411	257	0	101648
5893	1059	101912	422	278	0	103671
5894	108514	2150	321	402	0	111387
5895	2325	957	168	110012	0	113462
5896	111298	359	114	2214	0	113985
5897	114414	248	113	1222	0	115997
5898	117404	220	145	580	0	118349
5899	115573	209	163	439	0	116384
5900	3385	112336	434	358	0	116513
5901	1384	115284	403	357	0	117428
5902	115090	2893	450	408	0	118841
5903	16264	1522	100709	240	0	118735
5904	1732	491	1880	111221	0	115324
5905	772	228	1013	116075	0	118088
5906	113146	248	325	3274	0	116993
5907	2292	112384	463	1605	0	116744
5908	1569	2188	186	112326	0	116269
5909	740	1166	153	116317	0	118376
5910	114630	404	137	3573	0	118744
5911	2669	450	140	115641	0	118900
5912	115791	300	161	2836	0	119088
5913	116362	342	199	1581	0	118484
5914	116952	289	160	780	0	118181
5915	4134	281	193	113826	0	118434
5916	2098	291	162	114332	0	116883
5917	966	578	121610	3577	0	126731
5918	880	505	120519	1604	0	123508
5919	120621	334	4126	773	0	125854
5920	3525	298	1771	124595	0	130189
5921	2103	514	131533	3193	0	137343
5922	1087	588	132842	1899	0	136416
5923	992	299	5234	130933	0	137458
5924	884	541	132700	3685	0	137810
5925	923	448	3703	130278	0	135352
5926	951	377	1970	133655	0	136953
5927	932	573	133570	5323	0	140398
5928	967	440	3509	133750	0	138666
5929	1025	386	1960	133707	0	137078
5930	1072	294	614	139055	0	141035
5931	971	646	133212	5780	0	140609
5932	1106	395	3432	135896	0	140829
5933	135177	367	1918	4488	0	141950
5934	4109	135361	954	2645	0	143069
5935	137899	3631	403	1263	0	143196
5936	4693	2415	133229	807	0	141144
5937	134487	685	3745	849	0	139766
5938	136897	510	2179	863	0	140449
5939	135782	538	846	880	0	138046
5940	6519	499	605	130958	0	138581
5941	3447	537	583	134226	0	138793
5942	1540	678	122076	6003	0	130297
5943	114791	337	3797	3115	0	122040
5944	4428	118713	2558	1426	0	127125
5945	2482	112270	1135	1042	0	116929
5946	1166	115757	949	1011	0	118883
5947	1644	4969	668	108752	0	116033
5948	108349	2111	750	3984	0	115194
5949	109822	638	659	2597	0	113716
5950	5355	655	106764	1389	0	114163
5951	2886	440	3494	105865	0	112685
5952	1445	430	2046	108947	0	112868
5953	1172	661	106086	5556	0	113475
5954	1101	634	105244	2948	0	109927
5955	102278	431	5000	1594	0	109303
5956	3866	104505	2656	1362	0	112389
5957	107046	3187	941	1442	0	112616
5958	107883	1850	767	1315	0	111815
5959	5873	640	730	103837	0	111080
5960	3255	390	707	107174	0	111526
5961	102654	370	752	5628	0	109404
5962	4409	425	782	103342	0	108958
5963	2896	421	829	104558	0	108704
5964	102273	367	938	5798	0	109376
5965	4350	373	884	103694	0	109301
5966	104082	378	928	4642	0	110030
5967	105270	384	972	3105	0	109731
5968	5561	706	101777	1688	0	109732
5969	102612	430	3958	1720	0	108720
5970	104059	391	2572	1600	0	108622
5971	104730	378	1338	1660	0	108106
5972	5773	698	86420	1715	0	94606
5973	98719	399	3415	1712	0	104245
5974	4215	97415	2581	1696	0	105907
5975	100992	3152	1226	1779	0	107149
5976	102510	1761	1026	1783	0	107080
5977	5823	568	960	100068	0	107419
5978	3224	400	1006	100328	0	104958
5979	1701	99541	1212	5849	0	108303
5980	1825	3235	873	101367	0	107300
5981	1787	1945	853	103654	0	108239
5982	100288	684	913	5838	0	107723
5983	4635	505	874	99875	0	105889
5984	3325	463	776	99958	0	104522
5985	2111	455	808	98153	0	101527
5986	1749	93547	1156	5763	0	102215
5987	92750	3065	908	3271	0	99994
5988	4273	93325	1219	1849	0	100666
5989	81711	2904	724	1453	0	86792
5990	3943	1787	77250	1221	0	84201
5991	73103	586	2737	1215	0	77641
5992	3574	602	74000	1167	0	79343
5993	2296	70392	3074	1157	0	76919
5994	63502	2094	3269	998	0	69863
5995	62377	1324	783	979	0	65463
5996	3519	59442	723	857	0	64541
5997	1959	59705	664	866	0	63194
5998	57236	2686	373	897	0	61192
5999	58275	1264	476	876	0	60891
6000	3373	462	416	56628	0	60879
6001	2045	385	350	58936	0	61716
6002	1179	523	56461	3037	0	61200
6003	54762	414	1749	1793	0	58718
6004	2548	352	1173	54760	0	58833
6005	1787	56394	747	2155	0	61083
6006	1218	1668	321	57032	0	60239
6007	1093	1166	224	57665	0	60148
6008	871	634	55015	3008	0	59528
6009	1002	506	1608	55917	0	59033
6010	54390	360	1044	2386	0	58180
6011	2116	52832	628	1511	0	57087
6012	1476	52619	445	819	0	55359
6013	52338	2270	315	635	0	55558
6014	52996	1230	322	617	0	55165
6015	52875	480	305	531	0	54191
6016	2988	50841	537	473	0	54839
6017	1027	42902	274	339	0	44542
6018	44581	1457	263	308	0	46609
6019	44380	742	204	308	0	45634
6020	1792	42393	299	288	0	44772
6021	463	34492	145	169	0	35269
6022	33740	819	73	167	0	34799
6023	694	364	89	33350	0	34497
6024	34561	106	38	656	0	35361
6025	754	91	37	34234	0	35116
6026	411	35915	131	636	0	37093
6027	207	36170	134	359	0	36870
6028	36919	902	168	191	0	38180
6029	37350	396	214	173	0	38133
6030	37425	136	61	162	0	37784
6031	1183	37502	118	110	0	38913
6032	428	720	34668	64	0	35880
6033	113	35258	631	68	0	36070
6034	33563	633	340	96	0	34632
6035	31922	299	144	113	0	32478
6036	773	163	32678	44	0	33658
6037	313	32441	599	70	0	33423
6038	312	575	257	32654	0	33798
6039	129	314	48	31486	0	31977
6040	104	29306	106	1650	0	31166
6041	125	610	31683	275	0	32693
6042	32014	288	553	149	0	33004
6043	660	118	247	33522	0	34547
6044	33679	80	61	668	0	34488
6045	34133	90	38	351	0	34612
6046	909	67	39	35980	0	36995
6047	433	72	44	37732	0	38281
6048	231	85	37	38550	0	38903
6049	189	103	34	38693	0	39019
6050	37456	93	43	1243	0	38835
6051	37686	95	46	575	0	38402
6052	1218	175	37531	146	0	39070
6053	603	111	750	37520	0	38984
6054	267	109	413	38598	0	39387
6055	212	85	101	39103	0	39501
6056	187	176	37591	1198	0	39152
6057	193	95	756	37311	0	38355
6058	37319	86	428	942	0	38775
6059	892	100	114	37131	0	38237
6060	536	188	37493	870	0	39087
6061	285	106	761	37736	0	38888
6062	223	194	38289	885	0	39591
6063	38582	100	820	604	0	40106
6064	941	100	460	39361	0	40862
6065	39534	92	313	949	0	40888
6066	39466	115	93	619	0	40293
6067	1352	110	70	39175	0	40707
6068	40797	114	88	1011	0	42010
6069	1070	111	92	39367	0	40640
6070	734	43182	178	885	0	44979
6071	44771	867	82	629	0	46349
6072	45286	491	118	310	0	46205
6073	45767	176	109	373	0	46425
6074	1538	125	112	45192	0	46967
6075	770	115	86	45704	0	46675
6076	342	114	101	46549	0	47106
6077	287	212	43770	1588	0	45857
6078	274	42812	1004	831	0	44921
6079	331	876	520	42570	0	44297
6080	287	602	42413	1084	0	44386
6081	41269	155	961	762	0	43147
6082	1105	113	549	42947	0	44714
6083	724	179	42639	1102	0	44644
6084	44176	104	904	855	0	46039
6085	1141	70	544	46101	0	47856
6086	727	81	190	46683	0	47681
6087	362	84	134	47336	0	47916
6088	45993	82	129	1792	0	47996
6089	46887	82	152	884	0	48005
6090	46401	110	175	480	0	47166
6091	1527	44164	270	523	0	46484
6092	718	45923	259	375	0	47275
6093	45952	1194	145	457	0	47748
6094	1144	634	45643	370	0	47791
6095	796	156	908	45051	0	46911
6096	454	165	564	46476	0	47659
6097	45456	98	190	1608	0	47352
6098	44125	120	154	873	0	45272
6099	1487	43847	254	468	0	46056
6100	849	855	154	44484	0	46342
6101	459	538	44602	1150	0	46749
6102	384	219	45505	825	0	46933
6103	403	118	1319	46147	0	47987
6104	384	103	574	47876	0	48937
6105	46676	85	237	1710	0	48708
6106	1167	158	225	48184	0	49734
6107	50814	93	195	1410	0	52512
6108	50625	83	180	981	0	51869
6109	1512	235	51795	516	0	54058
6110	50711	94	895	524	0	52224
6111	52174	102	556	506	0	53338
6112	52695	70	265	663	0	53693
6113	1479	51846	362	634	0	54321
6114	756	53157	300	494	0	54707
6115	521	1212	170	52731	0	54634
6116	414	619	51882	1309	0	54224
6117	389	51478	915	767	0	53549
6118	432	819	435	49679	0	51365
6119	444	408	202	48724	0	49778
6120	385	49474	289	1080	0	51228
6121	49751	658	162	687	0	51258
6122	50213	409	146	502	0	51270
6123	1222	271	51686	380	0	53559
6124	48887	117	646	487	0	50137
6125	912	243	50781	324	0	52260
6126	44070	100	652	429	0	45251
6127	863	240	49263	277	0	50643
6128	526	50007	644	284	0	51461
6129	295	417	470	49577	0	50759
6130	290	284	189	50171	0	50934
6131	50187	98	146	924	0	51355
6132	50032	95	165	618	0	50910
6133	49499	92	115	426	0	50132
6134	890	200	50147	285	0	51522
6135	618	99	510	49470	0	50697
6136	387	89	355	51192	0	52023
6137	51130	73	163	866	0	52232
6138	650	51398	258	618	0	52924
6139	54277	451	129	443	0	55300
6140	752	355	86	54562	0	55755
6141	600	139	93	56219	0	57051
6142	377	114	118	56727	0	57336
6143	333	141	112	56968	0	57554
6144	310	125	111	56781	0	57327
6145	261	55241	210	918	0	56630
6146	159	53483	159	352	0	54153
6147	148	52863	150	154	0	53315
6148	166	375	59	53280	0	53880
6149	150	359	52439	326	0	53274
6150	45001	81	298	360	0	45740
6151	367	55179	275	111	0	55932
6152	291	263	88	55863	0	56505
6153	167	175	85	56432	0	56859
6154	56509	88	79	533	0	57209
6155	55420	79	95	348	0	55942
6156	55424	96	92	268	0	55880
6157	619	65	64	58891	0	59639
6158	317	198	59125	431	0	60071
6159	216	206	60875	275	0	61572
6160	206	56	518	61623	0	62403
6161	165	241	62103	461	0	62970
6162	56515	58	606	402	0	57581
6163	492	51	240	61126	0	61909
6164	318	224	61539	424	0	62505
6165	254	65	390	59957	0	60666
6166	194	218	63392	485	0	64289
6167	149	242	66354	292	0	67037
6168	220	157	670	69236	0	70283
6169	274	217	73720	676	0	74887
6170	124	231	69831	350	0	70536
6171	90	63035	1131	179	0	64435
6172	330	678	435	68760	0	70203
6173	71432	328	110	803	0	72673
6174	738	115	59	70925	0	71837
6175	444	44	55	74031	0	74574
6176	161	236	72043	1059	0	73499
6177	60768	64	770	695	0	62297
6178	771	26	382	74364	0	75543
6179	448	28	119	76236	0	76831
6180	73255	37	84	1210	0	74586
6181	771	38	69	75705	0	76583
6182	74410	32	93	1002	0	75537
6183	75185	33	105	568	0	75891
6184	74849	44	78	357	0	75328
6185	1130	72742	209	151	0	74232
6186	74287	682	81	239	0	75289
6187	816	74452	175	135	0	75578
6188	511	811	79	74770	0	76171
6189	75930	400	87	948	0	77365
6190	783	76108	224	554	0	77669
6191	76396	774	96	328	0	77594
6192	900	76263	190	234	0	77587
6193	73738	879	210	279	0	75106
6194	883	74788	251	148	0	76070
6195	489	77792	209	316	0	78806
6196	235	81856	221	405	0	82717
6197	226	1290	78	77735	0	79329
6198	132	83441	246	1016	0	84835
6199	227	978	103	83058	0	84366
6200	224	693	92	85198	0	86207
6201	236	179	83	85194	0	85692
6202	229	102	80	85397	0	85808
6203	82067	90	74	1669	0	83900
6204	84160	117	92	851	0	85220
6205	1533	360	82979	268	0	85140
6206	84742	125	1012	401	0	86280
6207	91441	104	588	387	0	92520
6208	93329	133	229	360	0	94051
6209	2094	370	89998	189	0	92651
6210	950	403	90402	224	0	91979
6211	85647	178	2048	441	0	88314
6212	1687	391	93836	255	0	96169
6213	876	96903	1818	303	0	99900
6214	496	1624	767	96881	0	99768
6215	99054	827	289	1842	0	102012
6216	99268	268	188	1095	0	100819
6217	99936	175	187	516	0	100814
6218	2671	176	183	97304	0	100334
6219	1219	183	192	100706	0	102300
6220	498	469	99897	2498	0	103362
6221	540	167	1675	99562	0	101944
6222	481	191	867	102964	0	104503
6223	100138	149	329	2734	0	103350
6224	1878	101714	483	1191	0	105266
6225	103478	1731	187	659	0	106055
6226	2188	920	237	103247	0	106592
6227	101477	343	218	2042	0	104080
6228	100056	219	203	1281	0	101759
6229	95235	240	270	671	0	96416
6230	2636	97084	444	446	0	100610
6231	1217	99540	437	382	0	101576
6232	700	2427	246	99020	0	102393
6233	99380	1017	259	2015	0	102671
6234	2090	370	284	98509	0	101253
6235	1305	283	237	100133	0	101958
6236	657	560	98051	2622	0	101890
6237	674	262	1713	97781	0	100430
6238	695	273	893	98587	0	100448
6239	738	220	310	98351	0	99619
6240	625	435	95684	2915	0	99659
6241	586	448	93718	1434	0	96186
6242	574	93889	2645	764	0	97872
6243	94302	1751	1014	684	0	97751
6244	2252	944	351	95146	0	98693
6245	1314	671	95163	2028	0	99176
6246	916	280	1798	93879	0	96873
6247	933	247	909	100577	0	102666
6248	98879	270	377	2938	0	102464
6249	99036	262	308	1488	0	101094
6250	2820	98439	640	683	0	102582
6251	97656	1746	361	715	0	100478
6252	97415	968	330	630	0	99343
6253	2959	429	339	95737	0	99464
6254	1587	641	95299	2091	0	99618
6255	745	95878	1977	1287	0	99887
6256	95214	1795	890	824	0	98723
6257	97205	948	393	823	0	99369
6258	2804	99100	539	725	0	103168
6259	1541	1840	301	101372	0	105054
6260	106369	991	363	2625	0	110348
6261	108223	392	328	1696	0	110639
6262	3533	305	300	107464	0	111602
6263	109233	314	401	2823	0	112771
6264	115728	373	299	1695	0	118095
6265	118130	318	322	980	0	119750
6266	4136	559	118936	782	0	124413
6267	1858	116037	2616	856	0	121367
6268	905	118093	1504	711	0	121213
6269	113230	3134	492	783	0	117639
6270	2748	115862	523	623	0	119756
6271	1785	2780	114182	522	0	119269
6272	974	1426	2368	113819	0	118587
6273	115075	462	1237	2770	0	119544
6274	2941	380	388	114732	0	118441
6275	115508	324	310	3018	0	119160
6276	116527	335	300	1828	0	118990
6277	116162	286	321	968	0	117737
6278	3895	111041	607	678	0	116221
6279	1789	117548	588	747	0	120672
6280	117634	3338	305	906	0	122183
6281	116974	1465	329	797	0	119565
6282	119487	514	283	802	0	121086
6283	4171	360	292	116668	0	121491
6284	115041	363	291	2875	0	118570
6285	2978	112161	637	2011	0	117787
6286	1778	117383	564	869	0	120594
6287	1063	3293	312	114995	0	119663
6288	911	1633	113454	2703	0	118701
6289	893	760	112659	1530	0	115842
6290	1090	449	3288	111204	0	116031
6291	937	729	113432	2600	0	117698
6292	1035	480	2439	112559	0	116513
6293	112634	475	1252	2822	0	117183
6294	3183	421	433	113091	0	117128
6295	110857	376	365	2892	0	114490
6296	2987	107502	602	1570	0	112661
6297	1930	2708	108019	684	0	113341
6298	1203	1445	2325	104321	0	109294
6299	1118	639	1229	108891	0	111877
6300	984	757	108929	3527	0	114197
6301	1136	637	2418	103189	0	107380
6302	956	110742	1605	2538	0	115841
6303	1153	2520	461	112271	0	116405
6304	1202	1427	329	114558	0	117516
6305	1178	547	329	117986	0	120040
6306	1075	645	114561	4011	0	120292
6307	880	616	107322	1672	0	110490
6308	96309	393	3379	877	0	100958
6309	2795	581	103943	471	0	107790
6310	1615	102583	2637	659	0	107494
6311	102608	2170	1321	550	0	106649
6312	2506	104315	697	491	0	108009
6313	101694	2238	387	561	0	104880
6314	101941	1242	521	549	0	104253
6315	101547	512	330	526	0	102915
6316	101283	417	309	604	0	102613
6317	3354	97616	521	547	0	102038
6318	1648	100023	571	505	0	102747
6319	100081	3005	434	607	0	104127
6320	2567	1612	97978	519	0	102676
6321	1707	531	2098	95424	0	99760
6322	923	384	1248	99336	0	101891
6323	745	590	98416	3179	0	102930
6324	89761	398	2194	1734	0	94087
6325	98437	423	1303	817	0	100980
6326	97626	448	546	711	0	99331
6327	3506	95222	666	749	0	100143
6328	99422	2197	510	748	0	102877
6329	2813	1393	536	92650	0	97392
6330	1690	102246	706	2199	0	106841
6331	103930	2434	548	1496	0	108408
6332	105487	1572	460	814	0	108333
6333	111595	731	458	727	0	113511
6334	4475	705	413	107963	0	113556
6335	2481	591	413	107823	0	111308
6336	1105	105468	776	3915	0	111264
6337	1028	2886	106960	1994	0	112868
6338	1197	1629	2670	105403	0	110899
6339	1138	704	1721	106309	0	109872
6340	1116	533	703	111388	0	113740
6341	999	695	107653	4485	0	113832
6342	103116	498	2726	2301	0	108641
6343	3396	543	1625	109256	0	114820
6344	2235	789	109087	2937	0	115048
6345	1404	471	2796	108445	0	113116
6346	108542	494	1709	3290	0	114035
6347	3278	106758	939	2053	0	113028
6348	2344	2886	541	108408	0	114179
6349	1188	1991	108281	3048	0	114508
6350	101514	748	2943	2150	0	107355
6351	108591	555	1809	1124	0	112079
6352	4558	747	108023	961	0	114289
6353	2686	599	3005	95263	0	101553
6354	1121	106854	2161	2740	0	112876
6355	107848	2848	943	1927	0	113566
6356	3391	1965	106404	1058	0	112818
6357	103232	649	3128	1042	0	108051
6358	3660	668	103134	869	0	108331
6359	2131	592	96896	808	0	100427
6360	89023	423	3601	850	0	93897
6361	2789	92890	2139	925	0	98743
6362	2206	2585	91539	778	0	97108
6363	1035	89130	2670	899	0	93734
6364	1214	2631	84950	834	0	89629
6365	683	83365	2425	617	0	87090
6366	76680	2043	1659	735	0	81117
6367	2075	1251	75146	597	0	79069
6368	1510	591	75042	514	0	77657
6369	684	440	72742	494	0	74360
6370	67695	328	2696	501	0	71220
6371	70814	286	1383	483	0	72966
6372	2484	268	533	68146	0	71431
6373	1394	390	70726	1634	0	74144
6374	730	393	71899	1141	0	74163
6375	69368	238	2516	575	0	72697
6376	1971	279	1341	71875	0	75466
6377	72204	238	679	1743	0	74864
6378	73275	243	534	1150	0	75202
6379	2755	296	461	67634	0	71146
6380	1510	68350	648	1716	0	72224
6381	840	1559	552	69359	0	72310
6382	763	1075	456	70648	0	72942
6383	683	656	68780	2444	0	72563
6384	656	67495	1939	1373	0	71463
6385	715	69806	1465	615	0	72601
6386	667	2305	763	65578	0	69313
6387	549	1390	68498	1598	0	72035
6388	550	69116	2049	1163	0	72878
6389	593	1763	70046	601	0	73003
6390	66096	1116	2136	573	0	69921
6391	70817	478	1450	525	0	73270
6392	2634	574	69932	450	0	73590
6393	69068	308	2072	502	0	71950
6394	2219	340	1417	68346	0	72322
6395	1546	72275	987	1687	0	76495
6396	979	1601	706	73166	0	76452
6397	71769	1029	641	1912	0	75351
6398	72349	423	665	1340	0	74777
6399	72157	368	622	681	0	73828
6400	68720	308	566	585	0	70179
6401	2724	66490	722	594	0	70530
6402	1338	64528	718	395	0	66979
6403	63260	1930	545	526	0	66261
6404	1768	1106	64104	491	0	67469
6405	1169	1507	1454	59559	0	63689
6406	576	65185	1158	1567	0	68486
6407	591	1438	562	62385	0	64976
6408	386	67195	671	1465	0	69717
6409	488	1672	484	66755	0	69399
6410	444	1127	67879	1573	0	71023
6411	64656	437	1753	1052	0	67898
6412	67900	346	1164	499	0	69909
6413	2285	518	67117	299	0	70219
6414	65288	387	1797	376	0	67848
6415	68230	273	1130	414	0	70047
6416	2477	446	66994	262	0	70179
6417	1425	290	1747	64196	0	67658
6418	66608	239	1164	1586	0	69597
6419	1870	417	66511	951	0	69749
6420	1360	371	1645	63042	0	66418
6421	724	380	67863	1552	0	70519
6422	695	442	67073	969	0	69179
6423	63648	373	2416	553	0	66990
6424	68951	306	1096	413	0	70766
6425	69182	271	481	460	0	70394
6426	71172	318	513	402	0	72405
6427	2756	423	385	66012	0	69576
6428	1324	65350	524	1528	0	68726
6429	646	67782	527	955	0	69910
6430	602	2191	238	61854	0	64885
6431	62444	803	283	1394	0	64924
6432	1491	61498	387	764	0	64140
6433	674	59729	304	211	0	60918
6434	58638	1548	189	256	0	60631
6435	1373	721	171	58283	0	60548
6436	59398	199	232	1297	0	61126
6437	1392	58720	313	612	0	61037
6438	60108	1178	178	311	0	61775
6439	1481	717	61896	181	0	64275
6440	69507	230	1336	263	0	71336
6441	73021	159	649	280	0	74109
6442	74148	177	266	438	0	75029
6443	2674	409	63732	252	0	67067
6444	69579	212	1269	301	0	71361
6445	1887	71328	773	240	0	74228
6446	968	1684	71239	179	0	74070
6447	539	930	1827	67405	0	70701
6448	473	280	800	65920	0	67473
6449	343	68577	472	2209	0	71601
6450	468	1578	198	69333	0	71577
6451	458	769	205	70296	0	71728
6452	376	407	67329	2207	0	70319
6453	60507	168	1664	1124	0	63463
6454	1953	275	68332	341	0	70901
6455	1046	168	1741	66048	0	69003
6456	457	280	69028	1636	0	71401
6457	432	144	1801	67907	0	70284
6458	70453	153	899	1865	0	73370
6459	72553	156	369	902	0	73980
6460	2663	152	242	71191	0	74248
6461	1222	274	73238	1843	0	76577
6462	694	170	1837	73542	0	76243
6463	530	389	73656	1954	0	76529
6464	69441	199	1960	1074	0	72674
6465	74266	238	937	445	0	75886
6466	73363	242	389	387	0	74381
6467	72167	290	319	382	0	73158
6468	2654	69713	412	452	0	73231
6469	1263	1872	292	69847	0	73274
6470	67614	1010	253	2022	0	70899
6471	1959	68964	439	1120	0	72482
6472	1161	70628	444	690	0	72923
6473	735	2503	65855	395	0	69488
6474	65808	939	2008	415	0	69170
6475	69364	293	1071	417	0	71145
6476	3003	303	66607	406	0	70319
6477	1747	201	2042	63922	0	67912
6478	1033	193	1073	67774	0	70073
6479	750	273	66665	2636	0	70324
6480	845	177	2085	65214	0	68321
6481	65315	214	1189	2159	0	68877
6482	2309	292	64499	1150	0	68250
6483	1351	322	66281	514	0	68468
6484	62561	234	2754	546	0	66095
6485	2264	396	65794	461	0	68915
6486	63441	257	2183	447	0	66328
6487	2463	64319	1161	461	0	68404
6488	65396	1823	464	468	0	68151
6489	2522	949	350	63662	0	67483
6490	1553	433	343	65932	0	68261
6491	63533	399	329	2692	0	66953
6492	2265	419	324	64414	0	67422
6493	64351	369	308	2197	0	67225
6494	2285	64273	459	1148	0	68165
6495	1442	1923	323	61351	0	65039
6496	855	1034	339	63748	0	65976
6497	61430	456	301	2637	0	64824
6498	63557	297	396	1246	0	65496
6499	63786	283	347	650	0	65066
6500	2964	60211	538	486	0	64199
6501	1494	62303	552	399	0	64748
6502	61054	2272	393	486	0	64205
6503	2394	940	59475	377	0	63186
6504	1365	58040	1858	462	0	61725
6505	54110	1563	1560	348	0	57581
6506	52268	642	422	332	0	53664
6507	51576	247	254	325	0	52402
6508	2268	147	272	48417	0	51104
6509	50026	141	263	1482	0	51912
6510	49361	149	244	779	0	50533
6511	2248	133	202	46660	0	49243
6512	48260	153	214	1473	0	50100
6513	1667	257	45942	805	0	48671
6514	1027	226	1325	46184	0	48762
6515	593	199	730	47586	0	49108
6516	497	125	359	49094	0	50075
6517	46988	157	218	2141	0	49504
6518	49501	153	229	965	0	50848
6519	49773	183	221	520	0	50697
6520	49756	107	236	459	0	50558
6521	47819	99	225	392	0	48535
6522	2315	111	233	44048	0	46707
6523	1228	125	222	45948	0	47523
6524	43912	117	253	1951	0	46233
6525	1521	43234	306	889	0	45950
6526	43376	1138	266	375	0	45155
6527	1573	614	40736	300	0	43223
6528	43661	186	1162	308	0	45317
6529	45264	123	600	321	0	46308
6530	1949	187	47936	259	0	50331
6531	49842	108	1354	231	0	51535
6532	1733	163	49833	259	0	51988
6533	963	158	51363	166	0	52650
6534	718	106	1825	48461	0	51110
6535	519	74	876	53399	0	54868
6536	452	139	53266	1919	0	55776
6537	502	151	55387	905	0	56945
6538	276	53056	1935	387	0	55654
6539	288	51549	866	280	0	52983
6540	40589	1134	539	222	0	42484
6541	823	47671	156	130	0	48780
6542	46133	826	200	165	0	47324
6543	867	45879	154	221	0	47121
6544	45484	799	164	119	0	46566
6545	885	507	43654	71	0	45117
6546	43647	139	721	87	0	44594
6547	914	81	405	43672	0	45072
6548	528	45556	188	707	0	46979
6549	268	727	69	45928	0	46992
6550	45365	382	69	835	0	46651
6551	46390	122	69	451	0	47032
6552	1247	67	58	45189	0	46561
6553	561	105	44904	746	0	46316
6554	222	97	44468	436	0	45223
6555	154	45274	1109	167	0	46704
6556	200	939	614	43994	0	45747
6557	121	419	44384	689	0	45613
6558	108	40224	746	379	0	41457
6559	356	800	372	41186	0	42714
6560	135	347	129	42399	0	43010
6561	39723	115	142	926	0	40906
6562	636	74	134	39526	0	40370
6563	382	164	39028	670	0	40244
6564	193	59	565	38497	0	39314
6565	36069	74	420	733	0	37296
6566	646	159	38196	404	0	39405
6567	35633	77	590	266	0	36566
6568	696	38674	412	149	0	39931
6569	39574	556	142	147	0	40419
6570	39947	363	112	174	0	40596
6571	998	120	153	37737	0	39008
6572	526	82	107	39183	0	39898
6573	245	38556	146	918	0	39865
6574	183	557	145	39345	0	40230
6575	37137	379	91	725	0	38332
6576	656	242	38106	428	0	39432
6577	517	122	581	37623	0	38843
6578	257	38147	441	728	0	39573
6579	187	684	153	38845	0	39869
6580	203	394	116	39545	0	40258
6581	37601	200	119	975	0	38895
6582	657	38283	162	546	0	39648
6583	521	588	125	38892	0	40126
6584	38138	386	156	705	0	39385
6585	695	158	124	39016	0	39993
6586	497	150	124	39662	0	40433
6587	38801	99	121	1104	0	40125
6588	38985	90	93	658	0	39826
6589	1025	164	39185	244	0	40618
6590	37466	163	630	234	0	38493
6591	39495	109	413	277	0	40294
6592	39872	124	190	209	0	40395
6593	1029	37784	205	226	0	39244
6594	523	38276	187	210	0	39196
6595	346	862	126	37550	0	38884
6596	37539	442	216	641	0	38838
6597	38195	193	156	473	0	39017
6598	1029	124	123	36975	0	38251
6599	615	199	38158	665	0	39637
6600	37392	137	562	567	0	38658
6601	40655	155	375	320	0	41505
6602	968	167	186	39230	0	40551
6603	612	106	112	40580	0	41410
6604	39610	107	89	979	0	40785
6605	779	96	102	39375	0	40352
6606	485	39572	150	757	0	40964
6607	316	565	141	40564	0	41586
6608	39152	385	99	763	0	40399
6609	724	238	39560	489	0	41011
6610	36224	116	578	400	0	37318
6611	757	166	39745	278	0	40946
6612	545	260	618	39130	0	40553
6613	40096	95	371	793	0	41355
6614	726	147	162	40106	0	41141
6615	517	88	117	41102	0	41824
6616	38585	83	133	1036	0	39837
6617	693	139	39558	553	0	40943
6618	518	165	42001	244	0	42928
6619	295	88	929	41389	0	42701
6620	268	73	390	44168	0	44899
6621	285	73	159	44778	0	45295
6622	205	173	44056	969	0	45403
6623	39897	79	551	638	0	41165
6624	44836	55	333	346	0	45570
6625	45403	65	190	313	0	45971
6626	44941	63	152	247	0	45403
6627	940	43637	169	257	0	45003
6628	497	44606	134	237	0	45474
6629	235	44007	138	215	0	44595
6630	204	668	106	35965	0	36943
6631	314	140	91	39069	0	39614
6632	703	138	38074	385	0	39300
6633	148	36739	313	204	0	37404
6634	342	175	112	35042	0	35671
6635	33329	168	53	261	0	33811
6636	184	34024	77	181	0	34466
6637	130	249	26	33122	0	33527
6638	60	34353	72	247	0	34732
6639	35285	198	29	268	0	35780
6640	291	114	76	35188	0	35669
6641	150	166	32799	260	0	33375
6642	74	125	32569	209	0	32977
6643	130	302	443	33429	0	34304
6644	86	74	195	33931	0	34286
6645	78	25	51	35217	0	35371
6646	34414	69	26	607	0	35116
6647	380	109	33904	238	0	34631
6648	198	33355	361	146	0	34060
6649	91	310	220	33546	0	34167
6650	86	253	33754	332	0	34425
6651	21	33463	358	353	0	34195
6652	61	321	167	33967	0	34516
6653	93	251	34579	314	0	35237
6654	55	45	321	34064	0	34485
6655	59	20	175	34992	0	35246
6656	35733	22	50	554	0	36359
6657	35726	25	23	284	0	36058
6658	572	17	33	35963	0	36585
6659	35979	15	29	464	0	36487
6660	448	105	36512	231	0	37296
6661	280	29	445	36698	0	37452
6662	108	142	37912	477	0	38639
6663	82	34	495	38862	0	39473
6664	51	38336	305	585	0	39277
6665	44	39171	155	333	0	39703
6666	52	40374	126	122	0	40674
6667	130	854	44	38942	0	39970
6668	72	305	36	43989	0	44402
6669	61	181	42933	906	0	44081
6670	54	154	43846	383	0	44437
6671	49	146	45130	133	0	45458
6672	44392	58	1079	141	0	45670
6673	821	38	408	47235	0	48502
6674	48433	38	109	922	0	49502
6675	877	49793	185	430	0	51285
6676	460	888	104	50021	0	51473
6677	50949	455	86	978	0	52468
6678	1013	113	62	51316	0	52504
6679	50916	62	59	1142	0	52179
6680	1075	154	50843	542	0	52614
6681	513	51821	986	204	0	53524
6682	221	922	486	52285	0	53914
6683	52730	476	148	1048	0	54402
6684	53609	151	105	636	0	54501
6685	1454	90	90	53010	0	54644
6686	631	89	119	53805	0	54644
6687	51706	111	119	1542	0	53478
6688	1065	82	137	51733	0	53017
6689	589	167	51687	1151	0	53594
6690	271	51410	1103	634	0	53418
6691	203	935	552	52011	0	53701
6692	51596	474	214	1197	0	53481
6693	52078	195	157	732	0	53162
6694	1519	220	52532	381	0	54652
6695	702	51010	1127	399	0	53238
6696	298	53721	665	318	0	55002
6697	279	1460	226	52701	0	54666
6698	330	642	181	54123	0	55276
6699	312	264	186	53533	0	54295
6700	264	184	217	52974	0	53639
6701	258	51531	286	1753	0	53828
6702	341	1176	153	52336	0	54006
6703	341	588	129	53260	0	54318
6704	51527	249	153	1867	0	53796
6705	51995	171	162	1066	0	53394
6706	1656	51466	271	565	0	53958
6707	52306	1141	176	511	0	54134
6708	52704	631	191	507	0	54033
6709	52938	235	198	544	0	53915
6710	1883	296	50800	436	0	53415
6711	1019	169	1139	50576	0	52903
6712	543	201	641	52354	0	53739
6713	406	304	50737	1814	0	53261
6714	454	240	1188	50188	0	52070
6715	423	259	698	49501	0	50881
6716	49597	239	324	1939	0	52099
6717	1286	329	49716	1073	0	52404
6718	859	201	1160	47162	0	49382
6719	46385	243	704	1553	0	48885
6720	1232	45773	403	1104	0	48512
6721	46170	1176	178	702	0	48226
6722	45677	662	199	629	0	47167
6723	1806	44760	308	585	0	47459
6724	1024	1164	166	44505	0	46859
6725	44656	707	140	1434	0	46937
6726	1436	44490	264	936	0	47126
6727	1122	1199	165	44487	0	46973
6728	43196	653	190	1462	0	45501
6729	42596	328	205	986	0	44115
6730	1826	42023	297	615	0	44761
6731	42623	1145	205	543	0	44516
6732	1477	711	172	41916	0	44276
6733	42258	267	205	1596	0	44326
6734	1508	284	41167	989	0	43948
6735	995	208	1134	41035	0	43372
6736	566	219	680	41757	0	43222
6737	40171	197	304	1942	0	42614
6738	1366	39288	374	1090	0	42118
6739	38527	1106	228	593	0	40454
6740	1481	38346	345	494	0	40666
6741	944	1208	36126	634	0	38912
6742	571	699	36324	468	0	38062
6743	665	625	1467	34632	0	37389
6744	444	369	35081	1265	0	37159
6745	526	239	1022	34851	0	36638
6746	509	259	553	34949	0	36270
6747	505	315	244	36136	0	37200
6748	35205	239	183	1801	0	37428
6749	35294	245	136	996	0	36671
6750	36544	239	175	573	0	37531
6751	1804	36063	220	526	0	38613
6752	1003	38534	237	489	0	40263
6753	630	1605	39894	494	0	42623
6754	640	754	1174	40610	0	43178
6755	542	397	41009	1497	0	43445
6756	576	270	1238	40229	0	42313
6757	542	274	733	41092	0	42641
6758	487	271	294	41266	0	42318
6759	410	323	39028	2058	0	41819
6760	463	209	1173	38928	0	40773
6761	37917	214	771	1592	0	40494
6762	1299	36833	501	1071	0	39704
6763	892	1020	265	35482	0	37659
6764	35723	693	228	1386	0	38030
6765	35825	280	252	978	0	37335
6766	1782	200	179	34460	0	36621
6767	1151	159	194	33736	0	35240
6768	30466	123	188	1570	0	32347
6769	1191	97	160	30934	0	32382
6770	28328	109	129	1171	0	29737
6771	1129	111	102	28035	0	29377
6772	667	147	25602	1043	0	27459
6773	388	24297	713	711	0	26109
6774	281	24864	603	360	0	26108
6775	344	882	357	22898	0	24481
6776	419	450	109	23250	0	24228
6777	22717	151	103	1001	0	23972
6778	651	123	100	23166	0	24040
6779	472	95	84	23201	0	23852
6780	250	170	115	21883	0	22418
6781	175	21072	146	1098	0	22491
6782	198	572	84	21767	0	22621
6783	238	379	72	21856	0	22545
6784	204	163	56	21987	0	22410
6785	20275	105	70	1136	0	21586
6786	649	20476	121	673	0	21919
6787	475	642	87	21058	0	22262
6788	261	395	85	21481	0	22222
6789	219	198	90	21622	0	22129
6790	20123	118	108	1151	0	21500
6791	675	88	83	20902	0	21748
6792	513	86	93	20631	0	21323
6793	211	95	19025	1085	0	20416
6794	172	18510	539	688	0	19909
6795	188	514	347	19111	0	20160
6796	18510	385	133	792	0	19820
6797	561	18650	129	595	0	19935
6798	18562	530	66	360	0	19518
6799	18595	363	108	302	0	19368
6800	866	156	108	18227	0	19357
6801	513	105	121	19051	0	19790
6802	255	105	18489	1016	0	19865
6803	189	95	509	19269	0	20062
6804	185	103	19215	871	0	20374
6805	185	172	581	19339	0	20277
6806	18244	96	353	829	0	19522
6807	588	18921	180	595	0	20284
6808	482	550	113	19739	0	20884
6809	272	367	109	20204	0	20952
6810	220	182	143	20360	0	20905
6811	186	126	139	20637	0	21088
6812	19483	91	166	1170	0	20910
6813	532	19351	180	806	0	20869
6814	437	498	112	20277	0	21324
6815	20020	354	90	923	0	21387
6816	612	168	19648	722	0	21150
6817	19703	94	484	543	0	20824
6818	20299	118	384	415	0	21216
6819	886	174	162	20029	0	21251
6820	581	154	112	20560	0	21407
6821	20092	146	100	1075	0	21413
6822	636	20863	144	780	0	22423
6823	21644	496	85	557	0	22782
6824	21839	350	98	461	0	22748
6825	22140	151	70	506	0	22867
6826	1080	97	76	21754	0	23007
6827	652	108	79	21801	0	22640
6828	309	23145	110	1152	0	24716
6829	325	547	67	23292	0	24231
6830	22606	418	53	863	0	23940
6831	620	239	21662	579	0	23100
6832	21646	103	464	396	0	22609
6833	22690	86	325	341	0	23442
6834	951	94	110	22388	0	23543
6835	556	78	60	22833	0	23527
6836	22351	70	39	1112	0	23572
6837	22388	89	58	696	0	23231
6838	21243	86	79	469	0	21877
6839	903	112	21353	324	0	22692
6840	499	20793	458	265	0	22015
6841	21170	454	326	277	0	22227
6842	599	357	113	20579	0	21648
6843	451	21006	105	587	0	22149
6844	282	457	49	21389	0	22177
6845	20949	315	49	705	0	22018
6846	559	125	51	21367	0	22102
6847	699	139	20517	683	0	22038
6848	208	20288	388	543	0	21427
6849	164	21104	333	314	0	21915
6850	178	568	19333	212	0	20291
6851	15609	387	809	205	0	17010
6852	316	16571	295	150	0	17332
6853	381	152	126	13135	0	13794
6854	13179	104	24	187	0	13494
6855	162	13157	31	131	0	13481
6856	146	145	25	13240	0	13556
6857	13256	101	27	188	0	13572
6858	182	24	23	13220	0	13449
6859	13127	31	41	202	0	13401
6860	169	42	13258	164	0	13633
6861	156	13282	153	62	0	13653
6862	14416	148	95	102	0	14761
6863	14245	117	36	98	0	14496
6864	14152	41	32	85	0	14310
6865	283	79	13478	81	0	13921
6866	13329	26	131	104	0	13590
6867	14066	26	93	100	0	14285
6868	272	49	32	13910	0	14263
6869	13984	37	30	207	0	14258
6870	211	13647	48	163	0	14069
6871	183	144	39	13830	0	14196
6872	91	151	13767	176	0	14185
6873	103	55	149	13654	0	13961
6874	99	56	101	14048	0	14304
6875	13906	36	37	307	0	14286
6876	13820	38	32	206	0	14096
6877	280	85	13555	105	0	14025
6878	13077	37	133	99	0	13346
6879	253	63	13667	63	0	14046
6880	222	42	155	13529	0	13948
6881	106	73	13711	199	0	14089
6882	113	44	160	13266	0	13583
6883	110	13644	141	187	0	14082
6884	105	173	13555	152	0	13985
6885	112	152	13996	62	0	14322
6886	121	68	281	11557	0	12027
6887	14284	40	127	211	0	14662
6888	14282	35	63	177	0	14557
6889	14601	38	40	106	0	14785
6890	325	43	34	14264	0	14666
6891	215	37	38	14522	0	14812
6892	146	38	41	14552	0	14777
6893	134	43	42	14535	0	14754
6894	109	84	14099	296	0	14588
6895	100	47	148	13700	0	13995
6896	88	13775	159	200	0	14222
6897	113	150	54	13912	0	14229
6898	13924	129	47	213	0	14313
6899	217	65	14231	189	0	14702
6900	12572	44	201	122	0	12939
6901	231	60	14385	71	0	14747
6902	163	55	14078	59	0	14355
6903	69	14030	319	54	0	14472
6904	98	207	198	11947	0	12450
6905	87	160	61	13295	0	13603
6906	60	11717	102	349	0	12228
6907	14114	179	37	167	0	14497
6908	288	161	28	14894	0	15371
6909	243	35	49	16312	0	16639
6910	105	27	39	17108	0	17279
6911	19192	19	34	593	0	19838
6912	20350	24	25	331	0	20730
6913	720	19	35	20018	0	20792
6914	389	22	35	20226	0	20672
6915	19648	29	29	759	0	20465
6916	485	30	36	19965	0	20516
6917	345	19	39	20145	0	20548
6918	122	24	36	20513	0	20695
6919	129	59	19495	760	0	20443
6920	17993	20	437	407	0	18857
6921	19234	30	291	182	0	19737
6922	758	46	18196	245	0	19245
6923	400	195	439	16026	0	17060
6924	140	17844	314	454	0	18752
6925	17508	400	72	356	0	18336
6926	441	17811	101	182	0	18535
6927	270	17045	72	154	0	17541
6928	129	566	36	15963	0	16694
6929	16151	236	57	496	0	16940
6930	16905	45	39	349	0	17338
6931	660	45	32	16725	0	17462
6932	346	35	61	16865	0	17307
6933	195	52	35	17152	0	17434
6934	202	73	25	17105	0	17405
6935	155	48	46	16606	0	16855
6936	96	16179	62	758	0	17095
6937	134	388	28	16589	0	17139
6938	16147	238	38	567	0	16990
6939	16631	72	28	395	0	17126
6940	16673	64	37	233	0	17007
6941	652	15986	88	331	0	17057
6942	377	365	50	16166	0	16958
6943	197	278	16128	487	0	17090
6944	15382	77	537	399	0	16395
6945	488	84	242	16168	0	16982
6946	16256	100	62	535	0	16953
6947	16142	72	30	393	0	16637
6948	16318	95	29	193	0	16635
6949	712	116	29	15635	0	16492
6950	15847	81	43	519	0	16490
6951	556	61	37	15823	0	16477
6952	407	38	37	15959	0	16441
6953	15734	32	42	733	0	16541
6954	519	69	31	15884	0	16503
6955	15496	67	31	600	0	16194
6956	15545	58	45	459	0	16107
6957	755	51	32	15399	0	16237
6958	441	73	23	15639	0	16176
6959	253	67	21	15988	0	16329
6960	241	85	14625	749	0	15700
6961	246	84	14818	553	0	15701
6962	252	43	557	14086	0	14938
6963	259	61	259	14371	0	14950
6964	185	57	73	14891	0	15206
6965	215	42	68	14814	0	15139
6966	225	36	64	15011	0	15336
6967	14217	32	67	826	0	15142
6968	521	14019	115	458	0	15113
6969	449	361	60	14399	0	15269
6970	14605	241	77	602	0	15525
6971	540	73	58	14848	0	15519
6972	392	60	44	15032	0	15528
6973	14461	61	55	809	0	15386
6974	14448	52	66	508	0	15074
6975	703	82	14283	315	0	15383
6976	435	50	339	14506	0	15330
6977	259	69	14769	601	0	15698
6978	235	57	360	14968	0	15620
6979	223	33	245	14944	0	15445
6980	233	33	90	15267	0	15623
6981	172	75	14574	878	0	15699
6982	150	14645	462	522	0	15779
6983	173	15731	319	324	0	16547
6984	164	613	119	15760	0	16656
6985	15337	267	89	661	0	16354
6986	518	87	15178	502	0	16285
6987	376	103	16109	287	0	16875
6988	204	56	647	15835	0	16742
6989	182	67	312	15591	0	16152
6990	155	16817	169	753	0	17894
6991	153	427	103	16821	0	17504
6992	214	320	65	17454	0	18053
6993	186	89	76	17931	0	18282
6994	17122	55	108	844	0	18129
6995	17170	70	94	509	0	17843
6996	736	63	99	17309	0	18207
6997	387	17317	126	603	0	18433
6998	213	366	74	17377	0	18030
6999	16750	239	99	627	0	17715
7000	418	17067	149	493	0	18127
7001	330	351	67	15906	0	16654
7002	152	16700	99	534	0	17485
7003	16063	385	47	430	0	16925
7004	15302	260	77	234	0	15873
7005	549	16434	101	236	0	17320
7006	286	16690	88	231	0	17295
7007	173	521	15689	186	0	16569
7008	118	15153	305	156	0	15732
7009	222	315	170	13314	0	14021
7010	72	204	13325	326	0	13927
7011	23	10287	123	94	0	10527
7012	18	92	64	9550	0	9724
7013	18	60	20	9861	0	9959
7014	14	19	13	9946	0	9992
7015	9544	14	9	172	0	9739
7016	94	28	9382	90	0	9594
7017	65	37	9409	36	0	9547
7018	29	18	140	9513	0	9700
7019	18	40	10759	111	0	10928
7020	22	32	108	10789	0	10951
7021	21	28	63	10417	0	10529
7022	15	21	22	11319	0	11377
7023	18	18	17	11434	0	11487
7024	10896	15	18	186	0	11115
7025	10880	15	34	112	0	11041
7026	150	17	35	11324	0	11526
7027	88	52	12357	128	0	12625
7028	34	14	108	12318	0	12474
7029	15	12169	79	139	0	12402
7030	30	96	29	12260	0	12415
7031	11999	64	18	162	0	12243
7032	12314	28	20	176	0	12538
7033	168	21	13	12324	0	12526
7034	109	17	19	12417	0	12562
7035	36	14	14	12623	0	12687
7036	11835	27	32	205	0	12099
7037	107	28	12106	124	0	12365
7038	89	44	12013	62	0	12208
7039	40	11907	160	61	0	12168
7040	12267	96	79	55	0	12497
7041	118	70	30	12356	0	12574
7042	80	56	12820	129	0	13085
7043	29	12616	108	115	0	12868
7044	24	13219	78	95	0	13416
7045	41	145	21	13227	0	13434
7046	31	76	37	13516	0	13660
7047	25	13339	47	164	0	13575
7048	39	119	16	13788	0	13962
7049	40	72	24	13867	0	14003
7050	13424	30	23	205	0	13682
7051	96	13758	50	107	0	14011
7052	85	118	25	13824	0	14052
7053	29	108	13475	131	0	13743
7054	35	43	103	13345	0	13526
7055	13294	25	79	173	0	13571
7056	97	14299	56	203	0	14655
7057	79	240	25	14663	0	15007
7058	37	98	14725	148	0	15008
7059	41	85	15503	109	0	15738
7060	41	48	197	15758	0	16044
7061	45	29	100	16460	0	16634
7062	16631	25	50	261	0	16967
7063	149	16907	56	150	0	17262
7064	17052	150	32	95	0	17329
7065	174	154	17112	64	0	17504
7066	15418	51	164	122	0	15755
7067	188	63	17694	65	0	18010
7068	16251	31	201	101	0	16584
7069	17480	37	112	96	0	17725
7070	300	79	19292	74	0	19745
7071	156	70	19183	77	0	19486
7072	49	18889	318	74	0	19330
7073	63	198	134	20079	0	20474
7074	20652	120	72	267	0	21111
7075	241	38	40	20835	0	21154
7076	158	35	53	21756	0	22002
7077	78	28	37	22188	0	22331
7078	54	72	21693	367	0	22186
7079	17973	35	244	281	0	18533
7080	21299	29	162	104	0	21594
7081	342	22401	102	84	0	22929
7082	176	198	41	21346	0	21761
7083	68	22307	69	226	0	22670
7084	76	221	40	22491	0	22828
7085	22372	128	50	301	0	22851
7086	239	22570	76	182	0	23067
7087	171	226	44	21904	0	22345
7088	21729	142	27	283	0	22181
7089	21626	38	26	177	0	21867
7090	364	51	28	21102	0	21545
7091	188	68	21580	260	0	22096
7092	76	44	233	20822	0	21175
7093	44	21821	163	255	0	22283
7094	21709	225	38	174	0	22146
7095	231	22404	70	63	0	22768
7096	172	242	25	22066	0	22505
7097	22539	150	31	300	0	23020
7098	288	38	27	23342	0	23695
7099	184	30	26	23765	0	24005
7100	74	71	23472	370	0	23987
7101	54	23267	260	199	0	23780
7102	22439	231	133	102	0	22905
7103	21291	168	64	110	0	21633
7104	295	23256	80	75	0	23706
7105	136	23863	66	108	0	24173
7106	262	303	31	23483	0	24079
7107	22982	130	23	249	0	23384
7108	209	23078	54	152	0	23493
7109	161	195	24	23288	0	23668
7110	69	169	23028	225	0	23491
7111	70	47	204	22766	0	23087
7112	23397	31	127	264	0	23819
7113	216	23593	98	163	0	24070
7114	173	201	30	24530	0	24934
7115	66	188	24072	223	0	24549
7116	59	108	23942	148	0	24257
7117	68	46	308	23607	0	24029
7118	100	35	139	24478	0	24752
7119	70	23921	73	326	0	24390
7120	81	229	28	23651	0	23989
7121	23866	131	37	299	0	24333
7122	253	59	45	24132	0	24489
7123	23920	44	49	311	0	24324
7124	255	24021	81	164	0	24521
7125	186	25244	81	94	0	25605
7126	127	303	57	25422	0	25909
7127	101	163	62	24705	0	25031
7128	86	117	24501	366	0	25070
7129	96	53	235	24048	0	24432
7130	24169	68	141	312	0	24690
7131	258	120	24535	192	0	25105
7132	220	65	236	24402	0	24923
7133	130	112	26701	296	0	27239
7134	111	61	249	26604	0	27025
7135	116	52	169	26657	0	26994
7136	114	68	62	27391	0	27635
7137	86	121	27550	415	0	28172
7138	120	68	250	26559	0	26997
7139	77	27935	211	341	0	28564
7140	94	252	63	28288	0	28697
7141	115	165	40	28534	0	28854
7142	27598	85	52	439	0	28174
7143	272	110	27658	268	0	28308
7144	220	64	228	27431	0	27943
7145	92	124	27822	330	0	28368
7146	103	134	26853	272	0	27362
7147	141	79	363	27776	0	28359
7148	114	93	174	27477	0	27858
7149	107	77	60	29353	0	29597
7150	28422	72	52	476	0	29022
7151	272	149	28835	304	0	29560
7152	28302	84	276	248	0	28910
7153	351	61	171	31401	0	31984
7154	227	69	60	31986	0	32342
7155	94	33943	131	484	0	34652
7156	104	270	56	34191	0	34621
7157	97	179	67	33929	0	34272
7158	156	71	57	33879	0	34163
7159	30324	45	44	477	0	30890
7160	220	118	30897	221	0	31456
7161	25767	45	215	252	0	26279
7162	211	31014	192	129	0	31546
7163	30287	173	55	142	0	30657
7164	192	30591	98	119	0	31000
7165	154	30621	74	187	0	31036
7166	216	363	45	30822	0	31446
7167	31395	112	127	294	0	31928
7168	210	47	40	31899	0	32196
7169	127	31494	71	268	0	31960
7170	59	32113	77	192	0	32441
7171	83	309	27	31995	0	32414
7172	64	162	42	31657	0	31925
7173	36	31895	95	391	0	32417
7174	73	236	29	32424	0	32762
7175	70	149	40	32393	0	32652
7176	50	64	24	32360	0	32498
7177	30725	39	34	502	0	31300
7178	250	94	31814	218	0	32376
7179	29380	63	231	239	0	29913
7180	32581	39	153	150	0	32923
7181	32108	42	65	114	0	32329
7182	365	32223	76	90	0	32754
7183	181	203	28	31826	0	32238
7184	31416	123	37	298	0	31874
7185	233	104	15	32192	0	32544
7186	32181	24	17	291	0	32513
7187	213	34420	86	154	0	34873
7188	35343	199	24	161	0	35727
7189	35864	121	25	143	0	36153
7190	36362	60	20	147	0	36589
7191	345	54	14	36010	0	36423
7192	190	43	28	37472	0	37733
7193	37602	49	23	441	0	38115
7194	225	37984	103	244	0	38556
7195	138	37618	86	125	0	37967
7196	38917	262	33	159	0	39371
7197	232	136	36	39138	0	39542
7198	187	68	28	40108	0	40391
7199	127	35	26	40758	0	40946
7200	63	40485	95	462	0	41105
7201	39940	279	72	310	0	40601
7202	311	165	19	40972	0	41467
7203	191	41792	114	496	0	42593
7204	125	292	25	43563	0	44005
7205	131	167	21	43560	0	43879
7206	105	106	24	43586	0	43821
7207	101	59	27	44117	0	44304
7208	43041	42	29	595	0	43707
7209	43155	56	30	338	0	43579
7210	43692	51	33	264	0	44040
7211	506	59	16	43734	0	44315
7212	247	186	42273	355	0	43061
7213	169	208	39218	249	0	39844
7214	142	203	41707	148	0	42200
7215	43411	56	441	260	0	44168
7216	351	64	171	45158	0	45744
7217	250	60	56	45485	0	45851
7218	155	60	32	46059	0	46306
7219	45015	63	34	611	0	45723
7220	44815	72	31	376	0	45294
7221	432	48760	120	181	0	49493
7222	307	273	20	49642	0	50242
7223	150	346	49121	388	0	50005
7224	123	50459	336	272	0	51190
7225	166	319	145	50301	0	50931
7226	189	170	47	50841	0	51247
7227	159	118	26	50464	0	50767
7228	148	87	32	49968	0	50235
7229	141	219	49207	525	0	50092
7230	131	248	47652	314	0	48345
7231	99	50096	487	390	0	51072
7232	145	262	170	50692	0	51269
7233	153	157	75	49295	0	49680
7234	47480	80	51	576	0	48187
7235	321	233	49140	286	0	49980
7236	257	78	252	48613	0	49200
7237	164	68	149	50051	0	50432
7238	145	235	50774	488	0	51642
7239	95	50517	360	302	0	51274
7240	50475	255	154	279	0	51163
7241	319	336	50057	145	0	50857
7242	47744	94	270	294	0	48402
7243	386	270	53383	179	0	54218
7244	272	61	301	53756	0	54390
7245	142	251	55349	364	0	56106
7246	153	270	56800	240	0	57463
7247	171	52	404	55655	0	56282
7248	252	198	310	49540	0	50300
7249	123	59	85	59218	0	59485
7250	158	49	84	58393	0	58684
7251	161	56	88	58371	0	58676
7252	141	266	57582	518	0	58507
7253	137	233	55236	338	0	55944
7254	139	57798	529	227	0	58693
7255	56529	283	201	304	0	57317
7256	374	207	103	57361	0	58045
7257	57913	77	74	519	0	58583
7258	450	86	64	57797	0	58397
7259	58261	53	88	641	0	59043
7260	422	64	80	59100	0	59666
7261	285	51	72	59189	0	59597
7262	108	59917	198	573	0	60796
7263	169	319	74	61181	0	61743
7264	156	200	65	61112	0	61533
7265	152	74	59	60936	0	61221
7266	121	37	71	60458	0	60687
7267	55	59216	212	553	0	60036
7268	58235	251	63	418	0	58967
7269	255	58652	204	143	0	59254
7270	192	277	49	57570	0	58088
7271	56224	147	44	537	0	56952
7272	303	281	55093	234	0	55911
7273	241	224	55454	121	0	56040
7274	167	47	393	53294	0	53901
7275	123	40	229	56439	0	56831
7276	104	46	79	56917	0	57146
7277	153	65	83	54713	0	55014
7278	119	49	71	55860	0	56099
7279	59	55044	193	460	0	55756
7280	114	282	69	55843	0	56308
7281	55470	143	76	509	0	56198
7282	337	51	68	56345	0	56801
7283	197	260	57178	398	0	58033
7284	123	48	371	56364	0	56906
7285	55991	50	217	594	0	56852
7286	338	58282	207	325	0	59152
7287	287	358	38	62841	0	63524
7288	174	224	54	66820	0	67272
7289	108	245	65866	1128	0	67347
7290	121	272	87601	536	0	88530
7291	101365	61	2064	314	0	103804
7292	2597	77	876	104400	0	107950
7293	1387	158	298	107151	0	108994
7294	513	285	111987	3691	0	116476
7295	331	391	112638	1711	0	115071
7296	156	111672	4363	793	0	116984
7297	345	2979	1752	108407	0	113483
7298	278	1533	110451	2788	0	115050
7299	104	110439	3245	1543	0	115331
7300	110250	2898	1568	665	0	115381
7301	113413	1393	527	438	0	115771
7302	4249	599	266	107167	0	112281
7303	1770	110458	525	2873	0	115626
7304	110598	2933	229	1519	0	115279
7305	3447	1571	343	94379	0	99740
7306	1708	732	108450	2516	0	113406
7307	621	109308	3104	1312	0	114345
7308	108129	2969	1441	782	0	113321
7309	110624	1477	502	507	0	113110
7310	4429	505	298	109014	0	114246
7311	2022	260	261	112443	0	114986
7312	677	431	108667	4433	0	114208
7313	617	222	3018	109603	0	113460
7314	548	242	1516	107959	0	110265
7315	460	365	575	110600	0	112000
7316	529	195	341	110324	0	111389
7317	485	189	333	105001	0	106008
7318	279	105781	576	4810	0	111446
7319	104898	2959	312	2355	0	110524
7320	3219	1650	105412	1177	0	111458
7321	1598	102672	3316	846	0	108432
7322	841	3071	1657	102735	0	108304
7323	102593	1541	764	3552	0	108450
7324	3370	655	508	103373	0	107906
7325	1856	403	435	104538	0	107232
7326	899	356	431	105728	0	107414
7327	755	338	427	105914	0	107434
7328	635	536	101073	5321	0	107565
7329	527	101075	3435	2698	0	107735
7330	100736	3179	1705	1594	0	107214
7331	3353	1865	100604	1135	0	106957
7332	1904	726	3487	100324	0	106441
7333	100199	513	1849	3785	0	106346
7334	3412	100321	1217	2336	0	107286
7335	101145	3324	606	1352	0	106427
7336	4011	1881	599	95962	0	102453
7337	2263	826	563	102772	0	106424
7338	1326	559	500	102634	0	105019
7339	929	539	440	103347	0	105255
7340	97220	521	536	5748	0	104025
7341	3744	507	503	99458	0	104212
7342	2190	427	427	101634	0	104678
7343	94100	422	508	5539	0	100569
7344	3651	712	93117	2985	0	100465
7345	2204	440	3312	93640	0	99596
7346	89614	488	1762	4262	0	96126
7347	91955	445	859	2626	0	95885
7348	5001	379	627	89092	0	95099
7349	2527	454	611	88757	0	92349
7350	1130	86087	889	5462	0	93568
7351	1057	3278	475	88959	0	93769
7352	1050	1625	447	89799	0	92921
7353	796	915	84645	5663	0	92019
7354	622	628	85502	3244	0	89996
7355	631	83353	4805	1961	0	90750
7356	962	3120	2275	81821	0	88178
7357	820	1728	1067	85891	0	89506
7358	83682	810	776	5270	0	90538
7359	3655	572	737	84828	0	89792
7360	2075	743	82468	4613	0	89899
7361	1493	538	3338	84452	0	89821
7362	868	742	81863	4749	0	88222
7363	865	733	82960	2834	0	87392
7364	981	629	4890	78539	0	85039
7365	994	619	2323	83118	0	87054
7366	80777	625	1030	5504	0	87936
7367	83671	517	702	3064	0	87954
7368	5140	526	687	81696	0	88049
7369	83596	563	497	4357	0	89013
7370	86243	407	479	2844	0	89973
7371	5315	472	481	83526	0	89794
7372	2788	511	549	86764	0	90612
7373	83410	536	525	5575	0	90046
7374	85151	307	513	3285	0	89256
7375	5078	358	492	81780	0	87708
7376	2583	81541	846	4447	0	89417
7377	1664	3077	415	83895	0	89051
7378	1306	1534	469	86476	0	89785
7379	979	820	81911	5873	0	89583
7380	908	402	3149	85447	0	89906
7381	79409	349	1818	4960	0	86536
7382	3264	81149	1318	3118	0	88849
7383	82708	2946	528	2190	0	88372
7384	83293	1576	393	1935	0	87197
7385	84731	688	431	1717	0	87567
7386	5458	673	452	79598	0	86181
7387	2971	610	70388	3667	0	77636
7388	1279	549	68600	2109	0	72537
7389	959	66897	3876	1541	0	73273
7390	481	45398	1222	772	0	47873
7391	278	27639	473	359	0	28749
7392	163	26711	527	303	0	27704
7393	737	1079	24448	356	0	26620
7394	17522	569	899	167	0	19157
7395	302	51	114	18374	0	18841
7396	174	34	49	18461	0	18718
7397	114	31	44	18277	0	18466
7398	72	18197	81	439	0	18789
7399	17575	218	55	229	0	18077
7400	278	165	17851	112	0	18406
7401	137	17261	231	93	0	17722
7402	82	267	115	17347	0	17811
7403	17312	88	32	278	0	17710
7404	238	27	30	17354	0	17649
7405	147	66	17134	259	0	17606
7406	92	58	17035	142	0	17327
7407	85	22	279	17351	0	17737
7408	83	23	120	17652	0	17878
7409	17522	20	47	423	0	18012
7410	226	63	17427	163	0	17879
7411	16623	24	193	111	0	16951
7412	17305	29	107	99	0	17540
7413	310	28	41	17199	0	17578
7414	145	82	17762	227	0	18216
7415	94	35	174	16908	0	17211
7416	17020	27	104	265	0	17416
7417	200	17019	88	261	0	17568
7418	17746	171	58	117	0	18092
7419	232	117	55	17753	0	18157
7420	130	18876	76	238	0	19320
7421	92	203	34	18583	0	18912
7422	94	132	38	18670	0	18934
7423	65	18513	74	346	0	18998
7424	81	228	42	18653	0	19004
7425	82	123	51	19231	0	19487
7426	90	43	46	19767	0	19946
7427	54	71	18949	470	0	19544
7428	47	18923	309	220	0	19499
7429	19116	240	143	122	0	19621
7430	307	137	48	19122	0	19614
7431	179	20137	80	283	0	20679
7432	21336	291	30	230	0	21887
7433	364	165	34	21776	0	22339
7434	242	64	21	21929	0	22256
7435	113	39	36	22132	0	22320
7436	99	43	29	21776	0	21947
7437	21873	32	31	594	0	22530
7438	419	39	33	22268	0	22759
7439	286	39	37	22480	0	22842
7440	22265	35	27	658	0	22985
7441	442	43	23	22608	0	23116
7442	262	104	22095	488	0	22949
7443	125	37	378	22359	0	22899
7444	21646	42	237	505	0	22430
7445	434	48	56	22048	0	22586
7446	263	99	21955	483	0	22800
7447	108	98	21456	321	0	21983
7448	21945	42	567	197	0	22751
7449	23523	47	258	154	0	23982
7450	23644	49	64	162	0	23919
7451	23682	39	59	158	0	23938
7452	673	99	23359	118	0	24249
7453	344	47	392	22924	0	23707
7454	154	42	238	24177	0	24611
7455	23697	45	65	723	0	24530
7456	493	47	56	24036	0	24632
7457	284	104	23539	523	0	24450
7458	159	32	416	23736	0	24343
7459	110	96	23985	527	0	24718
7460	93	23649	466	361	0	24569
7461	24204	396	250	202	0	25052
7462	503	280	70	24174	0	25027
7463	298	119	22804	511	0	23732
7464	137	44	438	22796	0	23415
7465	144	41	276	24648	0	25109
7466	107	96	24562	801	0	25566
7467	153	42	514	24800	0	25509
7468	24365	40	330	696	0	25431
7469	586	97	23262	474	0	24419
7470	21867	47	474	279	0	22667
7471	569	22492	343	244	0	23648
7472	399	473	22367	232	0	23471
7473	169	354	22975	233	0	23731
7474	201	461	764	19004	0	20430
7475	177	60	336	22129	0	22702
7476	148	117	22151	802	0	23218
7477	146	42	525	22213	0	22926
7478	22532	44	337	700	0	23613
7479	22643	35	142	478	0	23298
7480	780	38	127	22039	0	22984
7481	444	63	120	21874	0	22501
7482	222	21999	159	816	0	23196
7483	21566	446	110	545	0	22667
7484	600	266	123	21831	0	22820
7485	364	22483	184	682	0	23713
7486	22932	439	122	536	0	24029
7487	23209	279	135	321	0	23944
7488	798	23723	191	297	0	25009
7489	491	504	134	23125	0	24254
7490	292	320	130	23453	0	24195
7491	225	131	22819	880	0	24055
7492	222	90	586	22612	0	23510
7493	22527	78	397	755	0	23757
7494	686	52	176	22504	0	23418
7495	438	96	21772	756	0	23062
7496	20981	54	614	545	0	22194
7497	680	36	405	21617	0	22738
7498	462	107	21720	712	0	23001
7499	300	63	575	21647	0	22585
7500	247	102	21643	771	0	22763
7501	262	66	641	21541	0	22510
7502	237	58	424	21832	0	22551
7503	21199	60	228	1004	0	22491
7504	597	21193	263	564	0	22617
7505	21790	470	205	384	0	22849
7506	21721	298	190	364	0	22573
7507	21732	114	189	340	0	22375
7508	932	21041	254	305	0	22532
7509	522	571	20902	274	0	22269
7510	328	335	601	20682	0	21946
7511	21472	114	432	719	0	22737
7512	21951	97	236	509	0	22793
7513	938	97	197	20855	0	22087
7514	21149	92	198	748	0	22187
7515	702	142	20637	538	0	22019
7516	20327	89	639	368	0	21423
7517	840	123	20589	320	0	21872
7518	505	20115	677	323	0	21620
7519	19930	462	439	299	0	21130
7520	19058	311	228	337	0	19934
7521	833	19111	242	408	0	20594
7522	19517	473	209	285	0	20484
7523	19259	306	168	297	0	20030
7524	868	172	18932	278	0	20250
7525	18097	103	544	270	0	19014
7526	607	133	18142	241	0	19123
7527	485	94	525	16112	0	17216
7528	258	17352	411	513	0	18534
7529	223	453	17702	387	0	18765
7530	16306	623	672	394	0	17995
7531	16616	97	296	239	0	17248
7532	653	90	120	15303	0	16166
7533	365	100	14903	401	0	15769
7534	290	85	384	15032	0	15791
7535	14872	70	256	423	0	15621
7536	459	15530	167	287	0	16443
7537	14901	299	89	164	0	15453
7538	14786	168	91	158	0	15203
7539	505	14600	125	125	0	15355
7540	304	280	81	14457	0	15122
7541	14907	158	68	345	0	15478
7542	465	65	90	15157	0	15777
7543	297	80	85	15857	0	16319
7544	207	113	15867	447	0	16634
7545	207	68	330	15663	0	16268
7546	212	73	176	16015	0	16476
7547	15891	67	90	499	0	16547
7548	15887	82	83	270	0	16322
7549	583	55	97	15545	0	16280
7550	332	74	15450	394	0	16250
7551	232	99	15368	242	0	15941
7552	229	52	488	15119	0	15888
7553	190	89	15862	382	0	16523
7554	242	59	382	15355	0	16038
7555	173	56	236	15212	0	15677
7556	15578	60	122	513	0	16273
7557	401	89	15619	247	0	16356
7558	15234	47	347	157	0	15785
7559	15315	38	219	159	0	15731
7560	521	73	15200	139	0	15933
7561	293	91	14942	115	0	15441
7562	187	414	415	13783	0	14799
7563	166	14217	243	283	0	14909
7564	172	14894	122	195	0	15383
7565	171	269	38	13095	0	13573
7566	144	132	47	12717	0	13040
7567	106	55	62	13152	0	13375
7568	101	22	49	13485	0	13657
7569	12581	28	60	333	0	13002
7570	248	33	63	12718	0	13062
7571	162	49	12384	256	0	12851
7572	114	23	194	11851	0	12182
7573	96	11731	137	373	0	12337
7574	124	171	57	12061	0	12413
7575	12020	79	65	236	0	12400
7576	251	32	81	12235	0	12599
7577	161	51	12110	231	0	12553
7578	91	11575	265	163	0	12094
7579	94	163	158	11750	0	12165
7580	11779	105	81	258	0	12223
7581	11827	36	75	183	0	12121
7582	331	27	57	12016	0	12431
7583	181	53	11552	237	0	12023
7584	125	43	10963	157	0	11288
7585	10619	25	304	100	0	11048
7586	256	51	11075	87	0	11469
7587	168	48	10601	57	0	10874
7588	59	113	210	9592	0	9974
7589	10234	17	242	187	0	10680
7590	9955	15	50	127	0	10147
7591	9958	27	45	70	0	10100
7592	226	38	10420	71	0	10755
7593	128	31	10561	70	0	10790
7594	60	10949	229	74	0	11312
7595	48	123	124	11012	0	11307
7596	58	77	67	11266	0	11468
7597	73	34	67	11076	0	11250
7598	64	19	50	11227	0	11360
7599	72	46	11111	265	0	11494
7600	64	11476	190	178	0	11908
7601	12793	146	112	133	0	13184
7602	14597	80	86	101	0	14864
7603	14924	27	80	109	0	15140
7604	421	15345	104	119	0	15989
7605	205	269	92	15089	0	15655
7606	15854	136	60	377	0	16427
7607	362	16472	93	228	0	17155
7608	16421	321	74	134	0	16950
7609	402	16615	104	85	0	17206
7610	16850	352	74	107	0	17383
7611	16686	167	74	81	0	17008
7612	536	61	82	16809	0	17488
7613	274	116	64	17803	0	18257
7614	128	124	17595	567	0	18414
7615	76	113	17445	271	0	17905
7616	17347	52	583	143	0	18125
7617	17988	42	264	111	0	18405
7618	598	46	97	17686	0	18427
7619	311	50	51	18098	0	18510
7620	134	83	17489	651	0	18357
7621	123	49	409	17027	0	17608
7622	112	88	17144	515	0	17859
7623	134	42	411	17126	0	17713
7624	108	62	220	17799	0	18189
7625	17398	58	86	685	0	18227
7626	17601	72	61	338	0	18072
7627	679	63	59	17738	0	18539
7628	367	59	45	18070	0	18541
7629	179	100	17555	680	0	18514
7630	150	64	431	17785	0	18430
7631	129	87	17810	547	0	18573
7632	16862	61	489	321	0	17733
7633	541	60	260	17914	0	18775
7634	17603	50	135	529	0	18317
7635	546	17649	120	335	0	18650
7636	17431	415	82	219	0	18147
7637	570	217	117	17466	0	18370
7638	370	94	117	17307	0	17888
7639	174	17565	166	736	0	18641
7640	200	426	116	18361	0	19103
7641	160	273	17820	560	0	18813
7642	175	87	466	17700	0	18428
7643	125	69	17347	586	0	18127
7644	132	16476	532	361	0	17501
7645	179	373	274	16776	0	17602
7646	154	225	16526	486	0	17391
7647	130	120	16319	332	0	16901
7648	134	36	592	15996	0	16758
7649	16119	22	351	512	0	17004
7650	461	63	16212	346	0	17082
7651	315	41	429	15949	0	16734
7652	16177	46	255	519	0	16997
7653	452	15481	157	402	0	16492
7654	16358	387	92	249	0	17086
7655	521	207	86	16251	0	17065
7656	308	105	88	16381	0	16882
7657	196	59	69	16694	0	17018
7658	16236	69	117	726	0	17148
7659	481	68	91	16799	0	17439
7660	300	36	107	17142	0	17585
7661	16468	45	126	722	0	17361
7662	466	101	16520	412	0	17499
7663	310	56	461	16562	0	17389
7664	182	108	16567	538	0	17395
7665	15622	67	519	369	0	16577
7666	536	71	280	16101	0	16988
7667	341	101	16170	542	0	17154
7668	15408	80	430	407	0	16325
7669	16042	82	274	277	0	16675
7670	661	110	17062	225	0	18058
7671	400	79	436	16909	0	17824
7672	214	74	278	17518	0	18084
7673	160	113	18142	722	0	19137
7674	153	18014	522	456	0	19145
7675	171	441	18520	287	0	19419
7676	17229	216	501	309	0	18255
7677	487	136	19412	272	0	20307
7678	18189	56	512	308	0	19065
7679	541	110	19484	247	0	20382
7680	18599	47	530	302	0	19478
7681	547	20055	382	249	0	21233
7682	328	389	201	19825	0	20743
7683	246	201	146	20998	0	21591
7684	202	133	21034	734	0	22103
7685	224	52	494	19804	0	20574
7686	164	20797	351	582	0	21894
7687	20790	372	167	449	0	21778
7688	480	21263	200	296	0	22239
7689	334	425	152	21244	0	22155
7690	21475	193	180	621	0	22469
7691	515	21351	189	591	0	22646
7692	21245	412	178	289	0	22124
7693	576	297	21391	230	0	22494
7694	366	105	543	21438	0	22452
7695	257	59	328	21674	0	22318
7696	213	65	217	22530	0	23025
7697	22247	46	177	789	0	23259
7698	22455	78	166	467	0	23166
7699	22535	71	167	259	0	23032
7700	22113	75	152	253	0	22593
7701	659	112	20471	180	0	21422
7702	17649	44	337	127	0	18157
7703	379	18233	235	108	0	18955
7704	204	18071	139	88	0	18502
7705	17778	325	541	137	0	18781
7706	17838	120	106	99	0	18163
7707	327	37	58	17257	0	17679
7708	17377	28	51	282	0	17738
7709	17227	27	51	194	0	17499
7710	18602	34	46	116	0	18798
7711	390	25	52	18319	0	18786
7712	165	18093	82	258	0	18598
7713	76	18498	79	100	0	18753
7714	69	255	28	18800	0	19152
7715	18495	99	32	253	0	18879
7716	210	18954	74	134	0	19372
7717	143	207	18	19222	0	19590
7718	64	152	20228	241	0	20685
7719	17317	45	227	186	0	17775
7720	224	20167	133	66	0	20590
7721	115	20744	78	55	0	20992
7722	20279	265	29	100	0	20673
7723	331	177	20720	41	0	21269
7724	138	32	195	20104	0	20469
7725	51	21070	134	216	0	21471
7726	75	191	38	21363	0	21667
7727	75	96	15	20984	0	21170
7728	63	19714	74	271	0	20122
7729	79	195	25	21879	0	22178
7730	69	108	27	21958	0	22162
7731	21623	54	18	312	0	22007
7732	212	21429	54	146	0	21841
7733	21329	202	20	111	0	21662
7734	258	113	23	21283	0	21677
7735	120	21479	46	220	0	21865
7736	94	254	21359	120	0	21827
7737	99	109	291	21129	0	21628
7738	75	225	97	22171	0	22568
7739	59	101	22659	296	0	23115
7740	19985	45	226	165	0	20421
7741	264	36	119	24510	0	24929
7742	24196	34	35	367	0	24632
7743	333	103	24156	169	0	24761
7744	215	41	287	24147	0	24690
7745	89	116	26989	407	0	27601
7746	101	57	369	27149	0	27676
7747	72	47	173	28003	0	28295
7748	27631	43	60	560	0	28294
7749	347	27678	83	247	0	28355
7750	27515	358	28	144	0	28045
7751	410	262	27840	91	0	28603
7752	225	133	350	27718	0	28426
7753	94	150	29022	394	0	29660
7754	24629	63	419	319	0	25430
7755	28755	52	183	151	0	29141
7756	545	105	29583	88	0	30321
7757	28432	45	377	209	0	29063
7758	30160	49	197	131	0	30537
7759	586	44	81	29711	0	30422
7760	280	118	29325	438	0	30161
7761	146	133	30830	249	0	31358
7762	134	48	532	30943	0	31657
7763	126	394	264	30529	0	31313
7764	141	30669	165	617	0	31592
7765	102	31633	155	310	0	32200
7766	32036	496	63	214	0	32809
7767	485	243	104	31845	0	32677
7768	268	31705	126	481	0	32580
7769	141	32705	151	273	0	33270
7770	29830	582	88	210	0	30710
7771	494	251	77	31488	0	32310
7772	286	32030	148	479	0	32943
7773	210	439	92	31549	0	32290
7774	177	230	77	31646	0	32130
7775	191	95	100	31615	0	32001
7776	30513	81	91	710	0	31395
7777	518	30329	161	335	0	31343
7778	336	430	125	30364	0	31255
7779	226	236	79	30725	0	31266
7780	181	97	130	30926	0	31334
7781	153	148	29222	724	0	30247
7782	26747	91	497	396	0	27731
7783	518	79	266	29340	0	30203
7784	28587	83	138	583	0	29391
7785	28527	84	118	371	0	29100
7786	28623	112	101	254	0	29090
7787	717	187	28251	182	0	29337
7788	305	28125	519	166	0	29115
7789	198	490	205	27897	0	28790
7790	136	298	27749	497	0	28680
7791	137	200	27218	320	0	27875
7792	181	122	547	26049	0	26899
7793	119	26786	299	498	0	27702
7794	27105	410	132	335	0	27982
7795	27735	244	95	323	0	28397
7796	27757	142	66	285	0	28250
7797	27469	90	106	256	0	27921
7798	622	182	26938	231	0	27973
7799	25874	100	399	260	0	26633
7800	502	27432	316	201	0	28451
7801	345	408	103	27586	0	28442
7802	218	210	111	28083	0	28622
7803	28068	88	121	637	0	28914
7804	541	81	103	28059	0	28784
7805	309	145	27254	506	0	28214
7806	25839	72	413	369	0	26693
7807	27583	73	254	284	0	28194
7808	27648	86	162	227	0	28123
7809	680	163	27363	172	0	28378
7810	24656	70	382	222	0	25330
7811	459	26177	307	173	0	27116
7812	26481	364	199	194	0	27238
7813	590	213	110	25667	0	26580
7814	285	115	126	25537	0	26063
7815	192	25509	139	485	0	26325
7816	201	479	75	25728	0	26483
7817	155	25885	136	410	0	26586
7818	196	395	91	24587	0	25269
7819	191	24583	120	436	0	25330
7820	201	377	82	24619	0	25279
7821	189	24522	125	414	0	25250
7822	205	374	71	25625	0	26275
7823	186	26150	132	488	0	26956
7824	28020	468	65	349	0	28902
7825	644	225	78	28600	0	29547
7826	402	111	71	29170	0	29754
7827	235	97	73	29941	0	30346
7828	223	80	68	29992	0	30363
7829	172	176	29938	1016	0	31302
7830	233	87	638	30183	0	31141
7831	227	82	325	30943	0	31577
7832	30099	79	127	1061	0	31366
7833	30034	88	103	506	0	30731
7834	1008	30996	150	214	0	32368
7835	518	690	72	31698	0	32978
7836	290	342	82	34797	0	35511
7837	35699	147	57	1223	0	37126
7838	1014	216	34151	535	0	35916
7839	32864	102	976	268	0	34210
7840	933	35192	457	214	0	36796
7841	32948	802	78	143	0	33971
7842	32745	338	49	155	0	33287
7843	1104	32173	107	165	0	33549
7844	413	33834	144	110	0	34501
7845	192	1033	37	30776	0	32038
7846	123	452	30214	805	0	31594
7847	29311	95	781	438	0	30625
7848	823	153	30718	145	0	31839
7849	29783	51	814	179	0	30827
7850	875	126	30868	121	0	31990
7851	381	30322	872	117	0	31692
7852	188	750	322	30396	0	31656
7853	29667	326	97	856	0	30946
7854	30914	105	66	437	0	31522
7855	1152	63	58	31107	0	32380
7856	31896	55	56	860	0	32867
7857	32303	69	37	457	0	32866
7858	1175	31714	111	169	0	33169
7859	32138	800	46	162	0	33146
7860	916	32625	88	98	0	33727
7861	471	875	56	31802	0	33204
7862	31911	385	49	938	0	33283
7863	32699	116	54	460	0	33329
7864	32458	85	73	196	0	32812
7865	1247	161	32212	105	0	33725
7866	495	161	32425	93	0	33174
7867	253	72	1148	32160	0	33633
7868	220	66	435	33752	0	34473
7869	145	35553	207	1230	0	37135
7870	35355	948	97	558	0	36958
7871	1097	472	85	35472	0	37126
7872	623	132	78	36246	0	37079
7873	264	187	35677	1421	0	37549
7874	197	34764	988	616	0	36565
7875	201	36420	551	208	0	37380
7876	234	1325	130	35993	0	37682
7877	35685	540	327	1368	0	37920
7878	1074	184	99	36240	0	37597
7879	652	130	107	37501	0	38390
7880	36553	124	103	1513	0	38293
7881	37310	116	108	708	0	38242
7882	1560	105	102	36910	0	38677
7883	742	193	36766	1117	0	38818
7884	390	133	984	37245	0	38752
7885	349	302	501	37853	0	39005
7886	37287	134	178	1609	0	39208
7887	1244	114	125	37848	0	39331
7888	37778	115	132	1304	0	39329
7889	1247	233	37617	734	0	39831
7890	789	220	1020	39487	0	41516
7891	442	179	540	40642	0	41803
7892	374	147	210	41480	0	42211
7893	409	174	143	41099	0	41825
7894	394	156	148	40989	0	41687
7895	333	290	38742	1776	0	41141
7896	37767	175	1132	894	0	39968
7897	1346	153	591	39146	0	41236
7898	803	192	38595	1357	0	40947
7899	447	222	39138	813	0	40620
7900	453	161	1612	38353	0	40579
7901	38766	167	699	1356	0	40988
7902	39310	192	248	844	0	40594
7903	40064	181	183	475	0	40903
7904	1937	184	205	36138	0	38464
7905	931	38408	297	1304	0	40940
7906	39268	1150	209	866	0	41493
7907	39856	640	202	472	0	41170
7908	40088	247	201	451	0	40987
7909	39898	194	187	453	0	40732
7910	2017	182	180	38060	0	40439
7911	977	231	37904	1380	0	40492
7912	566	177	1141	38009	0	39893
7913	449	253	38433	1487	0	40622
7914	37767	155	1226	938	0	40086
7915	39025	146	652	585	0	40408
7916	1855	203	37603	480	0	40141
7917	37326	104	1223	542	0	39195
7918	39075	108	671	560	0	40414
7919	1936	138	292	36867	0	39233
7920	963	37933	323	1382	0	40601
7921	38290	1087	225	901	0	40503
7922	1452	683	199	35377	0	37711
7923	852	35459	269	1285	0	37865
7924	506	895	167	34779	0	36347
7925	399	478	34575	1176	0	36628
7926	385	34673	989	690	0	36737
7927	34400	931	622	432	0	36385
7928	34888	384	300	527	0	36099
7929	34044	123	208	381	0	34756
7930	34453	90	180	425	0	35148
7931	1342	289	182	32140	0	33953
7932	696	33015	257	930	0	34898
7933	31233	707	217	676	0	32833
7934	980	416	31922	486	0	33804
7935	616	30338	820	340	0	32114
7936	372	806	27974	256	0	29408
7937	333	378	511	24569	0	25791
7938	273	23309	418	572	0	24572
7939	328	445	154	26201	0	27128
7940	297	332	27088	621	0	28338
7941	315	113	507	25996	0	26931
7942	323	95	327	27452	0	28197
7943	312	72	158	28160	0	28702
7944	26119	74	153	851	0	27197
7945	649	26730	215	493	0	28087
7946	531	426	139	26926	0	28022
7947	26343	277	142	684	0	27446
7948	632	26711	217	521	0	28081
7949	26624	446	158	318	0	27546
7950	667	345	26631	287	0	27930
7951	549	274	502	24724	0	26049
7952	369	26144	408	544	0	27465
7953	25798	472	183	463	0	26916
7954	683	379	25526	227	0	26815
7955	560	23825	580	239	0	25204
7956	418	530	301	23930	0	25179
7957	301	280	160	24467	0	25208
7958	23847	132	144	683	0	24806
7959	625	124	156	24031	0	24936
7960	440	186	23179	539	0	24344
7961	358	241	387	22288	0	23274
7962	302	141	23059	486	0	23988
7963	307	207	428	20978	0	21920
7964	265	22751	309	429	0	23754
7965	22372	369	154	333	0	23228
7966	21683	243	125	244	0	22295
7967	587	21063	185	165	0	22000
7968	265	19682	117	135	0	20199
7969	228	274	82	18867	0	19451
7970	18618	124	166	285	0	19193
7971	319	70	80	18776	0	19245
7972	18555	77	73	293	0	18998
7973	301	18125	106	156	0	18688
7974	230	216	55	19013	0	19514
7975	155	188	19231	277	0	19851
7976	173	104	239	18778	0	19294
7977	214	73	154	19401	0	19842
7978	19458	72	87	418	0	20035
7979	259	19902	93	220	0	20474
7980	198	246	65	20010	0	20519
7981	19608	165	79	303	0	20155
7982	292	160	19779	193	0	20424
7983	17852	72	238	157	0	18319
7984	331	125	147	19213	0	19816
7985	200	20471	97	237	0	21005
7986	19875	224	102	203	0	20404
7987	289	185	20978	85	0	21537
7988	194	123	20683	80	0	21080
7989	137	20766	347	82	0	21332
7990	18904	118	99	77	0	19198
7991	139	89	194	18759	0	19181
7992	94	44	13	18967	0	19118
7993	18612	11	14	243	0	18880
7994	158	72	18855	120	0	19205
7995	119	22	134	18851	0	19126
7996	142	67	20183	160	0	20552
7997	48	25	169	19867	0	20109
7998	24	20809	130	287	0	21250
7999	45	165	50	21357	0	21617
8000	34	155	21197	194	0	21580
8001	19178	52	194	158	0	19582
8002	204	14	114	21638	0	21970
8003	116	79	21358	245	0	21798
8004	73	15	197	20699	0	20984
8005	54	18	120	21256	0	21448
8006	33	60	21086	303	0	21482
8007	36	66	20970	161	0	21233
8008	29	25	297	21427	0	21778
8009	39	61	21974	211	0	22285
8010	20399	34	240	175	0	20848
8011	229	21	126	22162	0	22538
8012	21710	20	75	242	0	22047
8013	257	78	21327	154	0	21816
8014	181	14	212	21124	0	21531
8015	69	63	22856	231	0	23219
8016	39	22043	306	451	0	22839
8017	57	250	23211	81	0	23599
8018	43	194	22513	51	0	22801
8019	20702	51	368	110	0	21231
8020	22544	22	192	85	0	22843
8021	364	63	23756	58	0	24241
8022	225	35	248	21359	0	21867
8023	97	61	159	23865	0	24182
8024	55	89	23969	363	0	24476
8025	36	22662	278	334	0	23310
8026	21995	211	175	130	0	22511
8027	256	187	23873	47	0	24363
8028	155	58	234	22923	0	23370
8029	87	23	156	23844	0	24110
8030	24198	9	78	411	0	24696
8031	24534	20	56	237	0	24847
8032	25071	25	47	139	0	25282
8033	25244	17	60	85	0	25406
8034	452	17	62	24842	0	25373
8035	212	89	26840	287	0	27428
8036	104	16	301	26482	0	26903
8037	75	28	196	27477	0	27776
8038	86	24	87	28823	0	29020
8039	60	95	27907	511	0	28573
8040	24607	25	357	280	0	25269
8041	382	22	194	27615	0	28213
8042	218	93	28404	386	0	29101
8043	95	28939	403	238	0	29675
8044	96	327	225	29677	0	30325
8045	90	188	94	30171	0	30543
8046	29189	59	89	583	0	29920
8047	354	30467	125	301	0	31247
8048	223	423	30161	116	0	30923
8049	123	208	366	29600	0	30297
8050	96	57	236	30426	0	30815
8051	30033	34	105	604	0	30776
8052	30012	36	72	332	0	30452
8053	561	26	74	30589	0	31250
8054	30281	35	85	451	0	30852
8055	425	29863	114	450	0	30852
8056	248	440	32105	139	0	32932
8057	163	189	401	31583	0	32336
8058	114	69	244	33110	0	33537
8059	114	28	107	33364	0	33613
8060	111	23	85	32612	0	32831
8061	76	32169	140	616	0	33001
8062	31955	352	68	340	0	32715
8063	416	200	75	31786	0	32477
8064	240	34995	149	416	0	35800
8065	35287	361	132	316	0	36096
8066	35348	210	79	212	0	35849
8067	548	36926	150	142	0	37766
8068	331	378	80	37748	0	38537
8069	157	209	73	38393	0	38832
8070	159	80	66	37800	0	38105
8071	145	49	70	38537	0	38801
8072	38654	58	94	761	0	39567
8073	39076	53	84	427	0	39640
8074	679	39671	111	207	0	40668
8075	327	573	39618	137	0	40655
8076	175	264	518	39377	0	40334
8077	40275	81	279	613	0	41248
8078	561	39301	169	479	0	40510
8079	303	39805	138	216	0	40462
8080	40373	732	64	211	0	41380
8081	40774	302	76	175	0	41327
8082	882	78	77	40097	0	41134
8083	384	176	41297	640	0	42497
8084	198	202	41697	385	0	42482
8085	42935	133	882	283	0	44233
8086	45250	69	456	213	0	45988
8087	44921	55	90	215	0	45281
8088	44566	82	115	217	0	44980
8089	44683	74	85	235	0	45077
8090	857	45167	151	185	0	46360
8091	475	574	147	43094	0	44290
8092	190	48065	149	527	0	48931
8093	48863	590	66	422	0	49941
8094	48492	309	78	300	0	49179
8095	48433	116	170	213	0	48932
8096	48263	88	60	230	0	48641
8097	808	47683	177	188	0	48856
8098	47338	514	61	213	0	48126
8099	593	48080	164	193	0	49030
8100	402	509	51	48108	0	49070
8101	47152	278	62	644	0	48136
8102	605	266	48752	328	0	49951
8103	413	104	486	48025	0	49028
8104	263	103	270	50305	0	50941
8105	203	235	50403	734	0	51575
8106	202	50048	562	487	0	51299
8107	49917	500	270	249	0	50936
8108	49460	329	94	220	0	50103
8109	782	49712	266	181	0	50941
8110	435	521	79	49805	0	50840
8111	329	420	51702	531	0	52982
8112	220	54631	563	375	0	55789
8113	54221	535	286	365	0	55407
8114	663	506	55623	137	0	56929
8115	48609	217	561	278	0	49665
8116	54015	150	257	246	0	54668
8117	854	279	56527	182	0	57842
8118	459	56547	581	193	0	57780
8119	343	550	285	55187	0	56365
8120	297	621	56998	532	0	58448
8121	50487	181	576	453	0	51697
8122	55780	142	267	260	0	56449
8123	815	56557	221	236	0	57829
8124	543	504	101	56173	0	57321
8125	318	331	92	57559	0	58300
8126	346	359	57485	675	0	58865
8127	272	58173	562	349	0	59356
8128	61878	523	300	504	0	63205
8129	62462	312	116	278	0	63168
8130	63159	145	110	291	0	63705
8131	876	328	62424	150	0	63778
8132	59275	150	449	269	0	60143
8133	62880	146	262	280	0	63568
8134	825	173	118	63706	0	64822
8135	456	318	61971	441	0	63186
8136	346	155	413	61219	0	62133
8137	325	367	62255	476	0	63423
8138	289	212	376	59570	0	60447
8139	233	61260	355	462	0	62310
8140	230	65235	252	283	0	66000
8141	254	699	171	65359	0	66483
8142	279	358	123	63774	0	64534
8143	62203	158	121	696	0	63178
8144	544	355	63315	313	0	64527
8145	58069	146	416	377	0	59008
8146	499	63846	440	179	0	64964
8147	63637	419	132	278	0	64466
8148	64229	294	133	238	0	64894
8149	755	133	145	63838	0	64871
8150	470	350	65619	440	0	66879
8151	356	216	458	64880	0	65910
8152	264	70198	420	438	0	71320
8153	291	590	123	70518	0	71522
8154	250	364	142	71445	0	72201
8155	69975	155	131	985	0	71246
8156	713	132	108	68683	0	69636
8157	487	67853	267	631	0	69238
8158	311	590	101	69565	0	70567
8159	69888	380	88	805	0	71161
8160	718	71031	253	489	0	72491
8161	546	737	119	73103	0	74505
8162	292	432	112	73702	0	74538
8163	293	151	119	78190	0	78753
8164	303	141	101	76456	0	77001
8165	75789	115	98	1502	0	77504
8166	1048	89	105	76698	0	77940
8167	741	83	103	77104	0	78031
8168	337	274	106	76809	0	77526
8169	160	77994	231	1608	0	79993
8170	75929	1065	125	874	0	77993
8171	1177	847	77533	275	0	79832
8172	629	75877	1146	421	0	78073
8173	73155	976	571	310	0	75012
8174	1082	746	76736	147	0	78711
8175	602	76518	1077	165	0	78362
8176	333	1042	570	73452	0	75397
8177	123	76978	349	941	0	78391
8178	155	1155	75545	540	0	77395
8179	162	844	76125	189	0	77320
8180	56	76555	1533	284	0	78428
8181	76505	906	562	238	0	78211
8182	76218	534	153	265	0	77170
8183	1360	310	73862	127	0	75659
8184	650	328	69809	167	0	70954
8185	212	252	72045	142	0	72651
8186	239	93	1414	69848	0	71594
8187	175	87	641	71231	0	72134
8188	173	71	176	73413	0	73833
8189	130	272	73473	1510	0	75385
8190	214	81	987	70076	0	71358
8191	175	80	568	73376	0	74199
8192	113	273	71318	1592	0	73296
8193	63668	159	1096	925	0	65848
8194	1161	96	661	73415	0	75333
8195	807	130	213	72268	0	73418
8196	201	74112	357	1649	0	76319
8197	73705	1087	204	926	0	75922
8198	1229	883	73770	291	0	76173
8199	71773	244	1141	328	0	73486
8200	1341	198	704	73330	0	75573
8201	840	421	74043	1199	0	76503
8202	368	196	1223	72822	0	74609
8203	72977	153	797	1476	0	75403
8204	1204	340	73018	848	0	75410
8205	70449	162	1298	476	0	72385
8206	72853	158	811	401	0	74223
8207	74392	156	380	394	0	75322
8208	1939	72659	434	311	0	75343
8209	1049	1260	262	74200	0	76771
8210	77230	732	254	1512	0	79728
8211	77043	253	261	987	0	78544
8212	80280	200	267	527	0	81274
8213	2467	357	75802	349	0	78975
8214	79755	171	1687	448	0	82061
8215	2088	141	1051	84484	0	87764
8216	1239	363	84114	2106	0	87822
8217	652	170	2069	85493	0	88384
8218	503	152	1220	87545	0	89420
8219	371	405	86941	3364	0	91081
8220	438	168	2326	87113	0	90045
8221	416	152	1382	90938	0	92888
8222	327	430	102049	3614	0	106420
8223	105953	164	3041	1977	0	111135
8224	114143	156	1824	873	0	116996
8225	4810	139	779	114903	0	120631
8226	2492	387	113411	3494	0	119784
8227	1275	278	3320	108679	0	113552
8228	737	108572	2279	3667	0	115255
8229	869	2974	825	108542	0	113210
8230	757	1761	545	111426	0	114489
8231	108807	609	510	5293	0	115219
8232	110108	360	473	2854	0	113795
8233	113127	316	398	1360	0	115201
8234	5853	293	403	107962	0	114511
8235	3242	215	369	111435	0	115261
8236	1558	532	107050	5326	0	114466
8237	1335	283	3337	103221	0	108176
8238	989	106733	2340	4095	0	114157
8239	106809	3045	1002	2656	0	113512
8240	3558	105456	922	1510	0	111446
8241	106964	3446	722	1368	0	112500
8242	4220	2019	787	96926	0	103952
8243	2461	103979	860	3829	0	111129
8244	104522	3326	657	2699	0	111204
8245	105920	2026	739	1560	0	110245
8246	5518	807	628	102906	0	109859
8247	2983	103806	880	4170	0	111839
8248	1700	3296	675	105018	0	110689
8249	1356	2244	102850	4393	0	110843
8250	99677	820	3471	2942	0	106910
8251	3847	101600	2451	1752	0	109650
8252	99314	3230	1009	1407	0	104960
8253	4271	1945	716	98792	0	105724
8254	100882	861	714	4204	0	106661
8255	4517	770	101109	2741	0	109137
8256	103717	533	3468	1816	0	109534
8257	104928	558	2200	1522	0	109208
8258	6185	606	103107	1519	0	111417
8259	3807	445	3739	100606	0	108597
8260	2346	471	2417	103394	0	108628
8261	98565	553	1191	6147	0	106456
8262	4268	98392	1219	3587	0	107466
8263	2913	3743	708	94842	0	102206
8264	1795	2357	93188	4430	0	101770
8265	1654	1231	93704	2980	0	99569
8266	1574	90892	4802	2087	0	99355
8267	1888	3532	92137	1520	0	99077
8268	88085	2042	4071	1553	0	95751
8269	3962	1183	2250	86124	0	93519
8270	89314	786	1264	3876	0	95240
8271	4095	1012	87404	2781	0	95292
8272	2893	925	3331	86819	0	93968
8273	2056	859	2144	89218	0	94277
8274	1694	1121	85971	5072	0	93858
8275	1801	854	3345	86939	0	92939
8276	85706	834	2094	4326	0	92960
8277	88138	834	1213	2920	0	93105
8278	5627	622	895	85806	0	92950
8279	87188	705	819	4085	0	92797
8280	87438	666	786	2912	0	91802
8281	5633	83498	1086	1937	0	92154
8282	3697	3022	848	84223	0	91790
8283	85479	1961	882	4012	0	92334
8284	4423	1118	968	86099	0	92608
8285	85265	796	858	4428	0	91347
8286	4654	885	870	83374	0	89783
8287	3213	910	83970	4498	0	92591
8288	2188	83358	3584	3032	0	92162
8289	2220	3127	2361	67879	0	75587
8290	1805	82801	1691	3496	0	89793
8291	80601	3465	1317	2489	0	87872
8292	3796	79883	1441	1761	0	86881
8293	2794	80398	1349	1550	0	86091
8294	2064	4492	1016	78268	0	85840
8295	78134	2465	991	3929	0	85519
8296	4041	1302	928	78820	0	85091
8297	78707	981	948	4421	0	85057
8298	78032	989	1005	3081	0	83107
8299	4997	77000	1312	2094	0	85403
8300	79493	3088	1105	1662	0	85348
8301	80040	2016	1073	1625	0	84754
8302	81016	1091	978	1482	0	84567
8303	6015	992	75348	1386	0	83741
8304	3872	737	3104	74479	0	82192
8305	2724	698	2067	76951	0	82440
8306	2184	792	74157	5016	0	82149
8307	74433	651	3165	3205	0	81454
8308	77597	567	2181	2169	0	82514
8309	77195	560	1170	1888	0	80813
8310	72794	582	873	1690	0	75939
8311	5465	68657	1110	1703	0	76935
8312	66388	2358	634	1338	0	70718
8313	4412	1514	547	63926	0	70399
8314	2974	1012	57593	2949	0	64528
8315	56010	599	1943	2008	0	60560
8316	3202	56679	1526	1388	0	62795
8317	53283	1975	623	1005	0	56886
8318	3036	52473	614	1062	0	57185
8319	2189	50979	601	1002	0	54771
8320	1525	50468	693	958	0	53644
8321	1209	49142	812	1211	0	52374
8322	1334	2296	34564	768	0	38962
8323	883	1542	1181	26386	0	29992
8324	486	322	25010	976	0	26794
8325	20447	217	729	592	0	21985
8326	847	21338	488	386	0	23059
8327	594	22078	298	362	0	23332
8328	441	987	187	20938	0	22553
8329	462	556	144	21498	0	22660
8330	394	425	21011	993	0	22823
8331	362	368	21374	561	0	22665
8332	458	242	880	21139	0	22719
8333	437	235	21301	762	0	22735
8334	413	20927	757	543	0	22640
8335	524	691	426	20139	0	21780
8336	530	428	209	21963	0	23130
8337	507	268	21335	985	0	23095
8338	527	165	619	21012	0	22323
8339	21167	132	401	816	0	22516
8340	928	148	255	21021	0	22352
8341	621	146	242	20661	0	21670
8342	419	176	20108	1078	0	21781
8343	18918	144	665	644	0	20371
8344	917	19845	483	337	0	21582
8345	752	623	142	19499	0	21016
8346	577	438	19469	675	0	21159
8347	539	218	563	19381	0	20701
8348	19409	207	343	761	0	20720
8349	888	297	19568	479	0	21232
8350	652	353	541	19022	0	20568
8351	375	234	19872	734	0	21215
8352	339	19908	680	506	0	21433
8353	376	624	19496	294	0	20790
8354	249	18595	608	247	0	19699
8355	227	496	15518	121	0	16362
8356	187	627	472	12510	0	13796
8357	83	14286	262	287	0	14918
8358	13643	290	72	201	0	14206
8359	303	196	55	13748	0	14302
8360	13849	88	52	297	0	14286
8361	349	60	52	14321	0	14782
8362	230	60	46	14677	0	15013
8363	14472	57	55	599	0	15183
8364	14571	52	71	260	0	14954
8365	492	53	51	14663	0	15259
8366	253	85	14597	345	0	15280
8367	122	13991	324	220	0	14657
8368	113	306	14302	93	0	14814
8369	92	14544	318	88	0	15042
8370	14255	274	217	112	0	14858
8371	305	194	14146	90	0	14735
8372	199	92	14456	75	0	14822
8373	107	50	417	13807	0	14381
8374	14226	39	194	321	0	14780
8375	300	86	15136	211	0	15733
8376	209	16292	337	85	0	16923
8377	16471	263	183	112	0	17029
8378	16973	182	84	119	0	17358
8379	17128	75	76	100	0	17379
8380	17119	65	65	101	0	17350
8381	16701	75	72	105	0	16953
8382	459	112	16784	83	0	17438
8383	228	302	261	15373	0	16164
8384	107	16500	222	231	0	17060
8385	16701	238	72	190	0	17201
8386	245	16700	104	169	0	17218
8387	15649	203	53	80	0	15985
8388	15753	117	54	80	0	16004
8389	300	15748	98	103	0	16249
8390	15904	188	55	80	0	16227
8391	239	128	44	15789	0	16200
8392	221	111	63	16076	0	16471
8393	97	78	15478	294	0	15947
8394	61	15645	255	180	0	16141
8395	105	207	146	15444	0	15902
8396	84	131	75	15834	0	16124
8397	82	49	52	15857	0	16040
8398	72	105	15381	298	0	15856
8399	13829	54	195	184	0	14262
8400	242	39	141	15514	0	15936
8401	15632	49	78	240	0	15999
8402	262	35	45	15613	0	15955
8403	175	79	15532	216	0	16002
8404	122	94	15545	152	0	15913
8405	14419	88	313	129	0	14949
8406	16154	54	233	92	0	16533
8407	330	15904	120	65	0	16419
8408	192	259	15722	56	0	16229
8409	132	129	218	15235	0	15714
8410	128	129	191	13515	0	13963
8411	16372	45	69	345	0	16831
8412	16168	47	71	195	0	16481
8413	16378	52	50	111	0	16591
8414	369	97	15906	62	0	16434
8415	15733	52	209	99	0	16093
8416	290	47	152	16244	0	16733
8417	217	42	71	16292	0	16622
8418	130	54	49	16112	0	16345
8419	106	15977	93	317	0	16493
8420	15675	198	44	190	0	16107
8421	257	141	47	15404	0	15849
8422	200	109	15156	220	0	15685
8423	121	47	199	14747	0	15114
8424	96	15337	185	228	0	15846
8425	15512	198	80	174	0	15964
8426	267	142	53	15477	0	15939
8427	205	56	58	15634	0	15953
8428	121	94	15769	344	0	16328
8429	122	33	217	15454	0	15826
8430	83	15853	192	242	0	16370
8431	134	214	68	16137	0	16553
8432	103	151	16291	257	0	16802
8433	13718	56	194	198	0	14166
8434	15525	33	136	129	0	15823
8435	309	15796	113	71	0	16289
8436	15496	161	49	89	0	15795
8437	15665	99	53	107	0	15924
8438	277	15653	77	85	0	16092
8439	172	178	40	15857	0	16247
8440	15963	108	50	209	0	16330
8441	213	16482	77	155	0	16927
8442	161	250	16767	81	0	17259
8443	16199	112	228	107	0	16646
8444	17385	41	134	102	0	17662
8445	17656	34	49	104	0	17843
8446	17648	30	46	92	0	17816
8447	375	18473	75	67	0	18990
8448	18799	215	31	100	0	19145
8449	18785	132	47	88	0	19052
8450	19312	40	35	98	0	19485
8451	429	41	36	19130	0	19636
8452	18778	28	19	325	0	19150
8453	259	19334	75	172	0	19840
8454	179	331	19874	57	0	20441
8455	102	165	314	20466	0	21047
8456	20205	41	171	410	0	20827
8457	390	68	20728	200	0	21386
8458	230	26	353	20491	0	21100
8459	75	68	20804	381	0	21328
8460	70	20534	396	251	0	21251
8461	86	334	175	20264	0	20859
8462	85	233	20571	356	0	21245
8463	44	20235	378	192	0	20849
8464	111	359	173	20053	0	20696
8465	21258	168	32	372	0	21830
8466	22077	31	27	231	0	22366
8467	22465	25	17	84	0	22591
8468	22360	21	25	70	0	22476
8469	22409	22	23	75	0	22529
8470	533	78	22412	28	0	23051
8471	22171	15	350	67	0	22603
8472	23145	24	170	82	0	23421
8473	557	17	38	22847	0	23459
8474	22894	27	33	393	0	23347
8475	21794	18	23	217	0	22052
8476	513	20583	72	46	0	21214
8477	240	352	29	21011	0	21632
8478	102	170	34	21062	0	21368
8479	20557	24	29	551	0	21161
8480	380	20679	69	221	0	21349
8481	224	21393	91	66	0	21774
8482	108	538	29	21727	0	22402
8483	114	193	35	22394	0	22736
8484	115	53	35	22188	0	22391
8485	122	42	30	22430	0	22624
8486	21649	34	43	617	0	22343
8487	21455	43	45	313	0	21856
8488	620	103	22083	71	0	22877
8489	297	49	389	21371	0	22106
8490	139	36	210	22202	0	22587
8491	128	90	21762	570	0	22550
8492	19873	55	388	290	0	20606
8493	446	21697	255	97	0	22495
8494	22047	364	35	97	0	22543
8495	489	211	45	21957	0	22702
8496	310	104	22443	423	0	23280
8497	146	55	390	22789	0	23380
8498	112	105	23552	424	0	24193
8499	94	24072	443	279	0	24888
8500	23544	425	212	105	0	24286
8501	23699	209	48	126	0	24082
8502	586	24406	104	104	0	25200
8503	295	383	42	24035	0	24755
8504	23686	219	37	446	0	24388
8505	431	23711	100	238	0	24480
8506	287	381	46	23596	0	24310
8507	23307	189	54	437	0	23987
8508	438	122	22801	229	0	23590
8509	21911	65	358	147	0	22481
8510	409	23367	270	99	0	24145
8511	23591	355	52	136	0	24134
8512	23413	199	66	124	0	23802
8513	608	91	23194	85	0	23978
8514	314	62	367	22086	0	22829
8515	177	46	207	23528	0	23958
8516	140	99	23484	560	0	24283
8517	167	58	390	22790	0	23405
8518	157	68	206	22473	0	22904
8519	23736	41	56	602	0	24435
8520	23996	52	69	277	0	24394
8521	638	52	59	23605	0	24354
8522	282	114	23724	407	0	24527
8523	167	54	383	23854	0	24458
8524	148	51	222	24232	0	24653
8525	141	120	24172	603	0	25036
8526	156	63	381	24433	0	25033
8527	24018	58	216	491	0	24783
8528	24232	50	51	324	0	24657
8529	592	24111	106	184	0	24993
8530	24616	380	55	171	0	25222
8531	24290	208	57	149	0	24704
8532	603	24303	124	120	0	25150
8533	24709	388	54	150	0	25301
8534	24596	212	42	167	0	25017
8535	25495	69	52	146	0	25762
8536	654	120	24477	131	0	25382
8537	24260	36	395	164	0	24855
8538	527	52	210	25032	0	25821
8539	24998	46	67	483	0	25594
8540	482	98	24597	277	0	25454
8541	269	24151	464	123	0	25007
8542	24089	344	208	144	0	24785
8543	409	25786	123	109	0	26427
8544	282	358	66	25354	0	26060
8545	142	208	45	25948	0	26343
8546	25779	59	66	579	0	26483
8547	25085	51	55	322	0	25513
8548	557	124	24748	138	0	25567
8549	283	110	23195	96	0	23684
8550	104	99	23891	97	0	24191
8551	114	45	452	23218	0	23829
8552	104	96	23597	324	0	24121
8553	155	145	22295	176	0	22771
8554	359	342	355	20738	0	21794
8555	22112	30	133	284	0	22559
8556	22226	24	47	197	0	22494
8557	22519	18	46	138	0	22721
8558	22300	31	47	98	0	22476
8559	347	18	40	22493	0	22898
8560	196	36	37	22748	0	23017
8561	95	85	23177	290	0	23647
8562	88	38	196	22544	0	22866
8563	110	43	149	22626	0	22928
8564	24122	29	53	368	0	24572
8565	23705	22	35	223	0	23985
8566	363	28	46	23252	0	23689
8567	23547	22	58	290	0	23917
8568	23553	27	56	217	0	23853
8569	375	26	63	23205	0	23669
8570	241	21	44	22805	0	23111
8571	106	86	22378	365	0	22935
8572	110	108	21920	175	0	22313
8573	106	35	326	22362	0	22829
8574	107	42	168	23156	0	23473
8575	116	96	23049	327	0	23588
8576	21502	27	237	261	0	22027
8577	22093	19	155	164	0	22431
8578	422	89	22396	87	0	22994
8579	221	22445	274	109	0	23049
8580	22757	171	150	124	0	23202
8581	280	212	25225	66	0	25783
8582	179	114	229	24167	0	24689
8583	123	22	146	25023	0	25314
8584	26644	31	80	437	0	27192
8585	28763	25	77	328	0	29193
8586	384	20	60	29267	0	29731
8587	252	21	58	30900	0	31231
8588	30871	14	58	492	0	31435
8589	30963	15	72	323	0	31373
8590	30816	15	66	197	0	31094
8591	542	115	30917	111	0	31685
8592	293	22	346	30824	0	31485
8593	142	20	218	31773	0	32153
8594	31340	15	107	581	0	32043
8595	363	31440	161	323	0	32287
8596	36339	303	74	193	0	36909
8597	633	36263	167	231	0	37294
8598	425	578	83	37550	0	38636
8599	249	328	68	37669	0	38314
8600	184	216	37179	975	0	38554
8601	198	59	661	37061	0	37979
8602	169	114	37304	785	0	38372
8603	170	44	721	37475	0	38410
8604	181	32	411	37386	0	38010
8605	136	36328	275	1089	0	37828
8606	139	38214	234	524	0	39111
8607	183	985	98	36766	0	38032
8608	210	377	91	39350	0	40028
8609	241	102	84	40101	0	40528
8610	225	72	78	40915	0	41290
8611	226	51	93	41508	0	41878
8612	161	144	40159	1289	0	41753
8613	191	42	760	39901	0	40894
8614	201	40	455	40902	0	41598
8615	221	167	39399	1243	0	41030
8616	157	38966	873	680	0	40676
8617	230	722	468	39296	0	40716
8618	160	520	39150	934	0	40764
8619	136	39512	869	626	0	41143
8620	187	765	459	39664	0	41075
8621	40260	424	161	969	0	41814
8622	959	140	151	40305	0	41555
8623	568	113	107	41065	0	41853
8624	258	101	95	41735	0	42189
8625	231	78	127	40819	0	41255
8626	150	39292	236	1421	0	41099
8627	206	728	145	40672	0	41751
8628	40468	439	123	1168	0	42198
8629	887	139	131	41097	0	42254
8630	566	132	117	40891	0	41706
8631	217	140	114	41831	0	42302
8632	39453	113	140	1522	0	41228
8633	39756	119	134	876	0	40885
8634	1209	97	124	40155	0	41585
8635	38849	87	130	1093	0	40159
8636	38950	96	116	774	0	39936
8637	1081	39056	221	464	0	40822
8638	38839	711	122	463	0	40135
8639	770	39251	259	361	0	40641
8640	443	39669	187	404	0	40703
8641	217	1074	129	39910	0	41330
8642	163	595	40720	1002	0	42480
8643	173	364	738	38710	0	39985
8644	178	159	441	39328	0	40106
8645	132	39284	315	1352	0	41083
8646	39122	766	147	794	0	40829
8647	803	442	121	39535	0	40901
8648	492	351	42611	1094	0	44548
8649	220	174	732	42276	0	43402
8650	138	44720	544	1136	0	46538
8651	45457	748	175	876	0	47256
8652	801	484	144	46103	0	47532
8653	500	398	48050	1126	0	50074
8654	285	181	757	47806	0	49029
8655	185	47855	593	1151	0	49784
8656	218	796	169	48744	0	49927
8657	50674	506	153	1354	0	52687
8658	51796	247	146	1051	0	53240
8659	52332	203	163	719	0	53417
8660	1472	52788	335	605	0	55200
8661	53202	935	185	649	0	54971
8662	1116	749	159	53644	0	55668
8663	52720	252	174	1400	0	54546
8664	1059	53508	269	1028	0	55864
8665	748	1073	110	54811	0	56742
8666	301	898	55053	1373	0	57625
8667	50168	327	954	1177	0	52626
8668	1008	55975	713	697	0	58393
8669	739	1037	240	56751	0	58767
8670	365	657	224	58936	0	60182
8671	305	263	141	58424	0	59133
8672	341	223	154	56377	0	57095
8673	207	56952	318	1921	0	59398
8674	57074	1048	136	1205	0	59463
8675	57384	695	185	701	0	58965
8676	1647	474	57752	549	0	60422
8677	929	262	963	57978	0	60132
8678	447	373	58332	1386	0	60538
8679	56378	214	1078	1086	0	58756
8680	58450	249	627	674	0	60000
8681	56299	201	228	611	0	57339
8682	1864	238	133	53676	0	55911
8683	904	54609	289	1458	0	57260
8684	55112	1058	110	981	0	57261
8685	1329	716	128	53523	0	55696
8686	53757	303	195	1469	0	55724
8687	1310	421	51721	914	0	54366
8688	893	428	51367	468	0	53156
8689	51737	205	1405	485	0	53832
8690	1290	179	684	52256	0	54409
8691	52310	209	302	1325	0	54146
8692	1270	52448	295	921	0	54934
8693	53338	1054	169	563	0	55124
8694	53557	705	244	500	0	55006
8695	1669	471	52904	416	0	55460
8696	662	293	46499	215	0	47669
8697	303	47469	1115	238	0	49125
8698	303	696	452	47015	0	48466
8699	47621	430	295	933	0	49279
8700	833	156	105	47940	0	49034
8701	579	148	95	49650	0	50472
8702	362	268	48089	1072	0	49791
8703	46036	131	645	666	0	47478
8704	922	220	412	49095	0	50649
8705	608	273	48202	747	0	49830
8706	350	300	47525	521	0	48696
8707	334	138	965	47741	0	49178
8708	299	244	47961	762	0	49266
8709	288	294	47311	495	0	48388
8710	315	169	959	42186	0	43629
8711	272	259	47975	698	0	49204
8712	306	165	666	45717	0	46854
8713	222	46988	505	758	0	48473
8714	49301	602	209	550	0	50662
8715	779	51649	254	358	0	53040
8716	587	850	146	49881	0	51464
8717	289	53035	277	852	0	54453
8718	314	1021	55465	542	0	57342
8719	358	491	1036	62904	0	64789
8720	724	420	71296	1495	0	73935
8721	69248	167	1736	941	0	72092
8722	1843	74874	1061	355	0	78133
8723	75432	1716	348	328	0	77824
8724	2167	875	233	73295	0	76570
8725	74270	312	266	1933	0	76781
8726	2178	350	74468	969	0	77965
8727	1141	74899	2003	447	0	78490
8728	74747	1824	959	373	0	77903
8729	2109	948	430	69261	0	72748
8730	1113	75018	464	1725	0	78320
8731	610	2005	259	75274	0	78148
8732	75499	970	265	2196	0	78930
8733	2012	80333	461	1082	0	83888
8734	81042	2075	233	591	0	83941
8735	2420	1280	79211	300	0	83211
8736	78228	392	2205	384	0	81209
8737	2582	222	1095	79657	0	83556
8738	79321	230	478	2322	0	82351
8739	2397	78759	552	1262	0	82970
8740	1387	2143	302	79024	0	82856
8741	759	1061	274	81245	0	83339
8742	461	629	77244	3088	0	81422
8743	547	270	2176	77036	0	80029
8744	577	242	1114	79716	0	81649
8745	489	262	492	79958	0	81201
8746	511	228	312	80435	0	81486
8747	418	370	77644	3332	0	81764
8748	358	73813	2418	1593	0	78182
8749	499	2118	1170	73687	0	77474
8750	72055	1077	510	2455	0	76097
8751	72146	428	365	1363	0	74302
8752	3016	72068	538	758	0	76380
8753	70813	2113	341	593	0	73860
8754	71392	1082	390	532	0	73396
8755	70588	435	346	560	0	71929
8756	3296	68843	510	495	0	73144
8757	66362	2001	280	420	0	69063
8758	2460	1052	265	64420	0	68197
8759	1212	539	63529	2096	0	67376
8760	583	63641	2082	1124	0	67430
8761	788	2033	1185	63151	0	67157
8762	490	1095	62722	2073	0	66380
8763	60669	406	1949	1186	0	64210
8764	2146	319	964	62502	0	65931
8765	1257	259	399	63552	0	65467
8766	681	284	270	62927	0	64162
8767	586	329	258	63515	0	64688
8768	492	410	59637	3118	0	63657
8769	54411	289	1926	1534	0	58160
8770	2051	58311	1139	750	0	62251
8771	58652	1949	401	602	0	61604
8772	2226	59112	449	563	0	62350
8773	59419	2133	267	536	0	62355
8774	2445	1007	222	58530	0	62204
8775	1279	608	58280	2146	0	62313
8776	728	506	59063	1207	0	61504
8777	650	425	2589	57018	0	60682
8778	653	362	1093	59074	0	61182
8779	620	310	440	60273	0	61643
8780	57665	296	381	3103	0	61445
8781	2164	456	57824	1453	0	61897
8782	1184	57265	2163	894	0	61506
8783	719	59954	1144	737	0	62554
8784	57240	2522	429	762	0	60953
8785	2090	1221	57101	688	0	61100
8786	1216	56541	2101	728	0	60586
8787	728	1985	56769	613	0	60095
8788	740	1031	2030	56078	0	59879
8789	641	646	56937	2314	0	60538
8790	686	539	57661	1231	0	60117
8791	741	411	2551	56792	0	60495
8792	631	523	57273	2184	0	60611
8793	623	520	57921	1248	0	60312
8794	735	364	2580	54997	0	58676
8795	55561	374	1141	2248	0	59324
8796	2143	512	55807	1301	0	59763
8797	1345	338	1959	54439	0	58081
8798	783	339	1062	56797	0	58981
8799	55123	328	531	2886	0	58868
8800	2174	328	408	55551	0	58461
8801	54095	329	410	2471	0	57305
8802	2197	53442	563	1393	0	57595
8803	1303	1844	396	54194	0	57737
8804	54378	950	417	2306	0	58051
8805	55922	434	382	1403	0	58141
8806	2920	313	361	54413	0	58007
8807	1348	492	54724	2277	0	58841
8808	52095	350	1961	1437	0	55843
8809	2047	54503	1330	820	0	58700
8810	54223	1869	643	763	0	57498
8811	54716	946	430	718	0	56810
8812	55331	461	459	720	0	56971
8813	2909	439	52912	661	0	56921
8814	1266	51267	1975	621	0	55129
8815	786	1803	1008	49086	0	52683
8816	717	1162	500	51104	0	53483
8817	523	514	48913	2440	0	52390
8818	475	44486	1647	1184	0	47792
8819	362	36261	717	457	0	37797
8820	221	30077	255	231	0	30784
8821	27336	753	800	254	0	29143
8822	610	357	121	26982	0	28070
8823	362	127	119	27752	0	28360
8824	197	151	28051	794	0	29193
8825	25862	152	575	373	0	26962
8826	588	86	291	28038	0	29003
8827	383	191	150	28231	0	28955
8828	177	168	27865	730	0	28940
8829	122	27159	565	943	0	28789
8830	281	704	273	27600	0	28858
8831	154	299	28004	557	0	29014
8832	97	25480	440	276	0	26293
8833	22354	243	279	151	0	23027
8834	268	179	23952	97	0	24496
8835	180	56	220	22603	0	23059
8836	74	23858	192	209	0	24333
8837	23849	219	41	167	0	24276
8838	263	169	57	23982	0	24471
8839	24308	52	35	277	0	24672
8840	24001	48	40	179	0	24268
8841	309	24260	84	88	0	24741
8842	24527	213	48	117	0	24905
8843	25861	125	60	138	0	26184
8844	332	120	26724	66	0	27242
8845	25936	39	264	112	0	26351
8846	279	92	26944	60	0	27375
8847	26341	36	238	91	0	26706
8848	27120	43	131	97	0	27391
8849	309	113	28162	71	0	28655
8850	160	32	217	27788	0	28197
8851	79	120	29055	224	0	29478
8852	75	123	27530	153	0	27881
8853	86	143	30620	58	0	30907
8854	86	43	289	29812	0	30230
8855	65	49	118	33548	0	33780
8856	76	27	36	33846	0	33985
8857	77	27	49	34340	0	34493
8858	50	131	34709	459	0	35349
8859	103	48	342	32179	0	32672
8860	74	31224	254	415	0	31967
8861	65	411	35595	216	0	36287
8862	95	188	354	34458	0	35095
8863	82	152	36519	383	0	37136
8864	47	35755	446	243	0	36491
8865	53	36655	277	83	0	37068
8866	82	548	62	36329	0	37021
8867	64	328	36420	399	0	37211
8868	90	161	36617	235	0	37103
8869	81	49	567	36273	0	36970
8870	97	30	236	37305	0	37668
8871	86	38	71	38215	0	38410
8872	69	126	37721	611	0	38527
8873	57	37447	457	528	0	38489
8874	60	39113	316	104	0	39593
8875	90	620	86	38824	0	39620
8876	70	341	38298	446	0	39155
8877	81	180	38404	296	0	38961
8878	45	39952	713	120	0	40830
8879	39592	445	290	162	0	40489
8880	440	41442	193	116	0	42191
8881	280	568	42949	90	0	43887
8882	41736	265	574	125	0	42700
8883	620	69	325	44474	0	45488
8884	45133	68	111	726	0	46038
8885	687	74	82	45522	0	46365
8886	383	57	88	46264	0	46792
8887	45112	58	86	1036	0	46292
8888	632	46126	186	519	0	47463
8889	387	734	45803	148	0	47072
8890	101	46830	746	140	0	47817
8891	45618	662	474	160	0	46914
8892	601	46043	208	139	0	46991
8893	45852	652	83	189	0	46776
8894	45844	364	86	170	0	46464
8895	910	46235	176	105	0	47426
8896	436	639	98	45605	0	46778
8897	45779	351	97	753	0	46980
8898	46084	104	101	446	0	46735
8899	972	97	82	45307	0	46458
8900	420	171	44835	712	0	46138
8901	139	189	45146	393	0	45867
8902	169	149	995	44934	0	46247
8903	119	177	45245	715	0	46256
8904	41305	160	688	507	0	42660
8905	662	44014	485	183	0	45344
8906	411	637	134	44522	0	45704
8907	205	366	117	45060	0	45748
8908	174	140	114	44685	0	45113
8909	168	105	109	44613	0	44995
8910	139	95	120	44967	0	45321
8911	120	208	43792	1030	0	45150
8912	105	43678	789	506	0	45078
8913	43885	704	406	242	0	45237
8914	767	401	155	43903	0	45226
8915	475	161	115	44591	0	45342
8916	215	120	149	44408	0	44892
8917	146	43997	214	1110	0	45467
8918	230	734	122	44391	0	45477
8919	174	411	113	44985	0	45683
8920	43320	158	115	1178	0	44771
8921	706	42603	239	566	0	44114
8922	412	42882	236	241	0	43771
8923	205	979	126	42866	0	44176
8924	41498	426	128	822	0	42874
8925	713	264	41604	513	0	43094
8926	38351	139	728	319	0	39537
8927	796	225	42695	206	0	43922
8928	496	156	750	41780	0	43182
8929	256	133	415	43164	0	43968
8930	197	151	163	42908	0	43419
8931	194	121	126	42985	0	43426
8932	204	131	119	42746	0	43200
8933	40968	125	104	1180	0	42377
8934	764	231	41099	560	0	42654
8935	503	123	703	41273	0	42602
8936	211	251	43352	856	0	44670
8937	164	42907	844	597	0	44512
8938	41930	718	427	361	0	43436
8939	817	524	44182	284	0	45807
8940	542	185	759	43978	0	45464
8941	252	135	437	45659	0	46483
8942	191	225	45362	1217	0	46995
8943	183	279	44648	618	0	45728
8944	236	156	1123	40615	0	42130
8945	43349	136	487	986	0	44958
8946	43816	128	171	667	0	44782
8947	1140	43261	273	342	0	45016
8948	44147	752	125	322	0	45346
8949	942	446	110	41718	0	43216
8950	512	44702	253	905	0	46372
8951	288	753	121	44727	0	45889
8952	213	558	45350	984	0	47105
8953	245	182	779	42332	0	43538
8954	324	113	439	43723	0	44599
8955	41177	95	155	1172	0	42599
8956	747	41094	206	726	0	42773
8957	40697	673	123	329	0	41822
8958	728	40846	200	264	0	42038
8959	38410	664	248	251	0	39573
8960	682	39065	177	246	0	40170
8961	386	39015	149	240	0	39790
8962	39084	834	124	252	0	40294
8963	831	383	157	36617	0	37988
8964	360	38244	184	650	0	39438
8965	39021	586	112	502	0	40221
8966	39145	313	116	277	0	39851
8967	39744	106	101	287	0	40238
8968	38975	80	115	277	0	39447
8969	880	39999	212	214	0	41305
8970	416	587	112	40040	0	41155
8971	230	334	105	40766	0	41435
8972	40901	119	105	988	0	42113
8973	712	115	75	40149	0	41051
8974	39673	106	86	797	0	40662
8975	652	204	38986	429	0	40271
8976	37029	113	546	387	0	38075
8977	666	227	39604	222	0	40719
8978	439	299	561	38220	0	39519
8979	38696	107	297	703	0	39803
8980	570	37503	200	406	0	38679
8981	34792	407	63	213	0	35475
8982	450	34932	146	156	0	35684
8983	310	416	118	36971	0	37815
8984	158	318	35993	401	0	36870
8985	30770	132	627	304	0	31833
8986	363	35441	233	132	0	36169
8987	239	328	64	35478	0	36109
8988	151	189	51	35058	0	35449
8989	131	81	59	34537	0	34808
8990	124	185	34131	476	0	34916
8991	110	34121	368	262	0	34861
8992	34054	334	149	195	0	34732
8993	33882	170	64	164	0	34280
8994	449	33871	113	164	0	34597
8995	34671	297	49	190	0	35207
8996	400	179	43	34568	0	35190
8997	236	34445	122	345	0	35148
8998	34219	312	54	247	0	34832
8999	373	298	33587	130	0	34388
9000	226	34154	380	185	0	34945
9001	178	334	156	34528	0	35196
9002	141	185	61	35251	0	35638
9003	121	196	34275	427	0	35019
9004	158	85	287	33156	0	33686
9005	143	177	34247	349	0	34916
9006	162	84	321	33783	0	34350
9007	140	93	171	34887	0	35291
9008	161	83	63	35246	0	35553
9009	171	72	53	36116	0	36412
9010	140	191	35858	520	0	36709
9011	158	279	40833	269	0	41539
9012	120	45924	840	200	0	47084
9013	176	776	370	48789	0	50111
9014	191	551	50791	961	0	52494
9015	120	50652	969	590	0	52331
9016	192	946	500	51617	0	53255
9017	129	686	54504	927	0	56246
9018	50223	185	1036	640	0	52084
9019	56634	87	690	259	0	57670
9020	1655	99	157	56138	0	58049
9021	734	238	56115	1145	0	58232
9022	280	108	1128	55885	0	57401
9023	55236	98	638	1344	0	57316
9024	1133	57211	294	732	0	59370
9025	58808	1109	100	333	0	60350
9026	59501	615	104	252	0	60472
9027	1771	192	78	57154	0	59195
9028	845	102	84	58294	0	59325
9029	300	94	98	58546	0	59038
9030	219	119	89	58191	0	58618
9031	248	97	86	58233	0	58664
9032	56583	94	102	1946	0	58725
9033	57698	104	135	883	0	58820
9034	57813	97	158	421	0	58489
9035	1788	246	54508	493	0	57035
9036	53655	137	1094	341	0	55227
9037	1354	163	673	54500	0	56690
9038	744	284	54380	1314	0	56722
9039	270	53244	1315	883	0	55712
9040	386	1315	768	52302	0	54771
9041	344	668	309	51862	0	53183
9042	311	52619	318	1666	0	54914
9043	389	1103	231	53375	0	55098
9044	366	729	52920	1382	0	55397
9045	303	306	53814	927	0	55350
9046	361	204	1829	53578	0	55972
9047	53258	173	829	1528	0	55788
9048	53379	164	293	1000	0	54836
9049	1999	269	53211	476	0	55955
9050	1031	49664	1338	435	0	52468
9051	492	52246	829	496	0	54063
9052	48634	1633	394	619	0	51280
9053	1376	864	49673	573	0	52486
9054	965	255	1191	48823	0	51234
9055	48829	179	687	1606	0	51301
9056	1417	47893	369	1109	0	50788
9057	991	49762	304	565	0	51622
9058	48446	1626	212	481	0	50765
9059	1581	755	198	48864	0	51398
9060	52949	239	260	1525	0	54973
9061	1806	162	291	58881	0	61140
9062	1226	185	268	60703	0	62382
9063	579	313	59377	2661	0	62930
9064	520	264	1653	60196	0	62633
9065	496	306	1019	60939	0	62760
9066	59764	243	429	2887	0	63323
9067	1835	258	353	61579	0	64025
9068	1167	390	60611	2239	0	64407
9069	58618	226	1811	1511	0	62166
9070	1896	196	1166	59675	0	62933
9071	59597	199	583	2148	0	62527
9072	2080	56352	546	1493	0	60471
9073	1341	59561	542	859	0	62303
9074	58652	2494	421	557	0	62124
9075	59227	1320	379	554	0	61480
9076	2890	579	364	57390	0	61223
9077	1653	429	56950	1920	0	60952
9078	880	338	1794	58275	0	61287
9079	56542	372	1188	2235	0	60337
9080	1951	57061	665	1444	0	61121
9081	1528	1838	353	56477	0	60196
9082	56753	1215	343	2127	0	60438
9083	2122	651	54065	1499	0	58337
9084	54444	370	1733	1047	0	57594
9085	52048	344	1202	925	0	54519
9086	2781	367	54686	878	0	58712
9087	1625	358	56064	851	0	58898
9088	1004	265	2676	52249	0	56194
9089	896	255	1423	51359	0	53933
9090	706	55586	723	2967	0	59982
9091	802	1734	433	56653	0	59622
9092	744	1366	56720	2471	0	61301
9093	796	516	1891	57487	0	60690
9094	879	317	1239	60122	0	62557
9095	913	404	57666	3209	0	62192
9096	747	57121	2062	1977	0	61907
9097	842	1828	1274	57378	0	61322
9098	887	1266	571	59525	0	62249
9099	58518	570	391	3201	0	62680
9100	2350	418	448	58662	0	61878
9101	1611	517	57423	2565	0	62116
9102	56595	398	1930	1754	0	60677
9103	58763	366	1348	1092	0	61569
9104	59519	369	658	936	0	61482
9105	3340	507	56555	840	0	61242
9106	1916	359	2043	55698	0	60016
9107	1111	316	1445	57548	0	60420
9108	1024	304	776	58049	0	60153
9109	54123	346	583	3234	0	58286
9110	2173	53551	716	1939	0	58379
9111	1471	1498	46463	901	0	50333
9112	684	44206	1530	719	0	47139
9113	496	41011	955	621	0	43083
9114	420	40584	652	664	0	42320
9115	870	1983	674	38348	0	41875
9116	435	929	37645	1364	0	40373
9117	32355	348	1242	1045	0	34990
9118	1053	35334	815	721	0	37923
9119	33878	903	404	581	0	35766
9120	1151	35210	377	605	0	37343
9121	35306	1059	276	547	0	37188
9122	1251	36069	368	556	0	38244
9123	874	1228	36424	426	0	38952
9124	624	706	1062	35966	0	38358
9125	498	328	739	38138	0	39703
9126	37831	233	400	1892	0	40356
9127	1257	207	275	41580	0	43319
9128	886	344	41193	1637	0	44060
9129	628	241	1268	41757	0	43894
9130	478	322	41545	1682	0	44027
9131	421	40815	1547	1148	0	43931
9132	541	1374	929	36040	0	38884
9133	421	41651	617	1310	0	43999
9134	41397	1435	381	955	0	44168
9135	1488	835	334	41322	0	43979
9136	1008	494	41193	1482	0	44177
9137	553	376	41241	1088	0	43258
9138	39648	305	1901	617	0	42471
9139	1423	348	970	39884	0	42625
9140	957	411	40100	1412	0	42880
9141	584	428	39412	945	0	41369
9142	352	39637	1957	573	0	42519
9143	495	1425	1066	34225	0	37211
9144	270	39446	656	1289	0	41661
9145	346	1322	331	38886	0	40885
9146	38898	778	315	1524	0	41515
9147	1270	421	345	39422	0	41458
9148	908	278	345	40060	0	41591
9149	38864	279	324	1969	0	41436
9150	1281	342	352	39548	0	41523
9151	951	342	295	37302	0	38890
9152	509	38924	413	1783	0	41629
9153	39253	1214	328	1109	0	41904
9154	40402	773	313	673	0	42161
9155	1861	428	317	39830	0	42436
9156	1054	262	380	40369	0	42065
9157	564	280	368	39695	0	40907
9158	415	37803	427	2101	0	40746
9159	364	39604	454	1251	0	41673
9160	502	1298	325	35124	0	37249
9161	28101	514	192	867	0	29674
9162	27450	217	182	563	0	28412
9163	945	26939	236	295	0	28415
9164	25444	675	141	259	0	26519
9165	660	25722	181	235	0	26798
9166	407	25926	184	215	0	26732
9167	803	925	221	24571	0	26520
9168	24314	410	136	715	0	25575
9169	604	23951	216	473	0	25244
9170	377	25057	183	277	0	25894
9171	242	795	150	24857	0	26044
9172	204	390	126	25740	0	26460
9173	157	226	25189	944	0	26516
9174	23846	169	623	522	0	25160
9175	24427	188	362	315	0	25292
9176	847	228	25170	281	0	26526
9177	417	221	25037	306	0	25981
9178	232	164	833	24824	0	26053
9179	216	182	377	25259	0	26034
9180	171	25182	195	1047	0	26595
9181	237	668	131	25500	0	26536
9182	206	476	25009	838	0	26529
9183	273	212	643	25047	0	26175
9184	290	182	376	25455	0	26303
9185	24593	193	172	1070	0	26028
9186	701	228	24096	800	0	25825
9187	23053	179	621	391	0	24244
9188	697	274	23575	364	0	24910
9189	435	198	633	22780	0	24046
9190	221	234	22687	791	0	23933
9191	204	244	22655	543	0	23646
9192	238	219	848	21609	0	22914
9193	20732	254	582	877	0	22445
9194	20048	177	235	538	0	20998
9195	846	20434	277	338	0	21895
9196	20929	601	250	332	0	22112
9197	20561	392	243	332	0	21528
9198	809	20764	299	320	0	22192
9199	457	632	228	21329	0	22646
9200	247	432	190	21741	0	22610
9201	210	223	195	21931	0	22559
9202	227	199	201	22110	0	22737
9203	205	253	21253	1083	0	22794
9204	19915	142	648	665	0	21370
9205	706	147	434	21322	0	22609
9206	480	136	238	20881	0	21735
9207	309	21284	244	981	0	22818
9208	283	628	177	22096	0	23184
9209	219	448	21812	898	0	23377
9210	20674	204	663	646	0	22187
9211	723	219	22511	441	0	23894
9212	499	160	570	20982	0	22211
9213	20516	168	356	842	0	21882
9214	705	20994	169	603	0	22471
9215	555	622	70	21874	0	23121
9216	301	444	22042	856	0	23643
9217	272	218	599	22146	0	23235
9218	21654	194	352	853	0	23053
9219	766	235	21857	565	0	23423
9220	480	238	21182	338	0	22238
9221	235	20947	907	374	0	22463
9222	19135	571	372	293	0	20371
9223	635	19075	162	269	0	20141
9224	362	570	17900	210	0	19042
9225	144	289	16210	170	0	16813
9226	169	15793	617	161	0	16740
9227	12245	271	398	102	0	13016
9228	246	12443	84	95	0	12868
9229	161	255	60	12065	0	12541
9230	94	156	53	12416	0	12719
9231	46	70	12411	386	0	12913
9232	71	30	256	12264	0	12621
9233	66	65	12738	277	0	13146
9234	11986	54	279	220	0	12539
9235	12701	33	164	108	0	13006
9236	12835	50	77	79	0	13041
9237	400	70	12486	90	0	13046
9238	12475	36	277	90	0	12878
9239	293	30	200	11645	0	12168
9240	192	12554	119	266	0	13131
9241	12554	259	69	189	0	13071
9242	274	184	12238	71	0	12767
9243	12013	74	267	84	0	12438
9244	11902	36	194	91	0	12223
9245	392	72	11807	79	0	12350
9246	192	12029	323	81	0	12625
9247	106	258	217	12152	0	12733
9248	85	211	12203	287	0	12786
9249	105	88	12057	185	0	12435
9250	76	57	380	11762	0	12275
9251	62	61	12412	285	0	12820
9252	84	31	271	11946	0	12332
9253	80	47	206	11504	0	11837
9254	96	43	90	11845	0	12074
9255	68	46	11651	390	0	12155
9256	122	27	285	11593	0	12027
9257	99	69	11757	292	0	12217
9258	116	31	293	11716	0	12156
9259	12470	43	209	325	0	13047
9260	320	58	97	12513	0	12988
9261	218	12699	96	340	0	13353
9262	120	294	96	12972	0	13482
9263	12917	175	87	341	0	13520
9264	334	13006	147	214	0	13701
9265	239	298	69	13091	0	13697
9266	12842	184	79	352	0	13457
9267	323	104	12944	229	0	13600
9268	216	43	339	12731	0	13329
9269	100	70	13086	351	0	13607
9270	74	80	12769	223	0	13146
9271	93	56	473	12348	0	12970
9272	12465	53	251	342	0	13111
9273	330	65	12344	213	0	12952
9274	12242	55	326	104	0	12727
9275	355	50	220	12610	0	13235
9276	201	76	13138	334	0	13749
9277	100	73	13168	228	0	13569
9278	138	70	13191	106	0	13505
9279	98	112	467	12602	0	13279
9280	12854	36	287	336	0	13513
9281	292	13073	166	226	0	13757
9282	235	276	76	12857	0	13444
9283	134	176	82	13358	0	13750
9284	13219	64	105	468	0	13856
9285	13258	45	106	270	0	13679
9286	454	13202	137	116	0	13909
9287	13529	271	84	103	0	13987
9288	13502	188	94	94	0	13878
9289	489	58	101	13343	0	13991
9290	224	97	13518	320	0	14159
9291	13215	54	318	240	0	13827
9292	359	44	208	13738	0	14349
9293	236	49	115	13888	0	14288
9294	13087	40	84	705	0	13916
9295	332	40	95	13219	0	13686
9296	211	29	95	13128	0	13463
9297	12886	26	82	488	0	13482
9298	311	12857	110	255	0	13533
9299	12743	248	88	113	0	13192
9300	323	165	12639	93	0	13220
9301	12354	29	311	122	0	12816
9302	337	25	180	12378	0	12920
9303	205	12774	120	310	0	13409
9304	110	352	68	12877	0	13407
9305	120	152	57	13013	0	13342
9306	114	43	77	13092	0	13326
9307	12567	31	75	456	0	13129
9308	274	11935	80	207	0	12496
9309	143	11994	85	104	0	12326
9310	11418	288	107	94	0	11907
9311	263	165	12476	74	0	12978
9312	144	91	12269	81	0	12585
9313	11787	82	343	98	0	12310
9314	231	61	12553	66	0	12911
9315	125	21	182	11406	0	11734
9316	132	28	111	11229	0	11500
9317	65	21	49	12260	0	12395
9318	68	19	48	11996	0	12131
9319	52	11778	78	271	0	12179
9320	62	158	37	12246	0	12503
9321	50	111	12141	205	0	12507
9322	62	32	167	12169	0	12430
9323	56	65	11967	211	0	12299
9324	57	66	11789	139	0	12051
9325	65	25	317	11919	0	12326
9326	66	80	12179	190	0	12515
9327	71	33	189	11965	0	12258
9328	11850	23	116	212	0	12201
9329	201	63	12139	130	0	12533
9330	11369	29	190	81	0	11669
9331	213	27	113	12009	0	12362
9332	134	48	11881	210	0	12273
9333	58	11840	200	150	0	12248
9334	79	160	99	12115	0	12453
9335	65	122	12709	193	0	13089
9336	58	32	188	12663	0	12941
9337	12833	34	108	229	0	13204
9338	13011	30	52	160	0	13253
9339	13556	21	58	95	0	13730
9340	275	28	49	13473	0	13825
9341	156	24	46	13716	0	13942
9342	94	19	49	14007	0	14169
9343	14072	23	53	334	0	14482
9344	214	14452	74	176	0	14916
9345	140	189	43	14452	0	14824
9346	80	107	38	14670	0	14895
9347	14264	39	31	368	0	14702
9348	234	14506	82	183	0	15005
9349	159	205	36	14934	0	15334
9350	15084	120	34	290	0	15528
9351	14853	48	49	186	0	15136
9352	374	28	37	14795	0	15234
9353	14862	19	39	306	0	15226
9354	301	23	37	14787	0	15148
9355	183	85	14938	300	0	15506
9356	110	34	234	14952	0	15330
9357	89	34	123	15462	0	15708
9358	124	20	55	15644	0	15843
9359	14401	12	40	365	0	14818
9360	224	14382	52	166	0	14824
9361	14178	202	30	84	0	14494
9362	221	14238	56	71	0	14586
9363	106	15212	49	64	0	15431
9364	15213	256	68	83	0	15620
9365	200	15430	51	55	0	15736
9366	141	205	18	15492	0	15856
9367	15327	99	20	250	0	15696
9368	15390	27	17	163	0	15597
9369	308	30	23	15096	0	15457
9370	151	28	22	15091	0	15292
9371	49	15289	53	311	0	15702
9372	16036	198	21	152	0	16407
9373	15802	107	19	112	0	16040
9374	302	16642	51	61	0	17056
9375	126	16930	39	53	0	17148
9376	64	323	17	16616	0	17020
9377	16717	126	12	297	0	17152
9378	281	47	10	16699	0	17037
9379	155	28	12	16922	0	17117
9380	70	53	16758	372	0	17253
9381	42	83	16701	153	0	16979
9382	65	27	341	16645	0	17078
9383	61	61	16961	289	0	17372
9384	38	16950	283	167	0	17438
9385	58	255	107	16646	0	17066
9386	61	122	25	17118	0	17326
9387	59	45	16	17153	0	17273
9388	71	77	16851	393	0	17392
9389	45	76	16176	184	0	16481
9390	15313	28	343	95	0	15779
9391	279	16633	158	68	0	17138
9392	16510	253	32	76	0	16871
9393	295	122	25	16346	0	16788
9394	16676	44	21	316	0	17057
9395	297	41	19	16134	0	16491
9396	153	16634	54	275	0	17116
9397	16500	255	17	184	0	16956
9398	280	166	16484	90	0	17020
9399	132	16425	270	75	0	16902
9400	16647	235	110	89	0	17081
9401	258	123	42	16329	0	16752
9402	145	16472	60	252	0	16929
9403	78	244	19	16958	0	17299
9404	16943	125	26	320	0	17414
9405	292	52	25	17004	0	17373
9406	16900	48	26	318	0	17292
9407	302	86	16919	164	0	17471
9408	182	56	246	16764	0	17248
9409	16720	54	127	316	0	17217
9410	304	79	16719	184	0	17286
9411	146	15609	277	102	0	16134
9412	88	260	128	15437	0	15913
9413	68	164	15446	296	0	15974
9414	64	222	15399	188	0	15873
9415	99	55	356	15429	0	15939
9416	65	89	15699	290	0	16143
9417	72	91	15398	186	0	15747
9418	86	48	360	15011	0	15505
9419	15403	44	147	332	0	15926
9420	310	38	52	15392	0	15792
9421	192	45	45	15638	0	15920
9422	86	72	15565	410	0	16133
9423	88	51	277	16132	0	16548
9424	16437	46	163	363	0	17009
9425	303	87	16663	195	0	17248
9426	165	16579	314	180	0	17238
9427	99	286	153	16704	0	17242
9428	16905	153	64	367	0	17489
9429	336	67	57	16618	0	17078
9430	174	16780	106	338	0	17398
9431	97	334	17499	183	0	18113
9432	77	173	321	17931	0	18502
9433	19782	67	199	380	0	20428
9434	416	112	19638	201	0	20367
9435	256	55	386	19174	0	19871
9436	19829	36	212	464	0	20541
9437	21138	51	94	292	0	21575
9438	652	21258	108	143	0	22161
9439	20968	455	65	124	0	21612
9440	548	241	72	21003	0	21864
9441	287	125	21762	518	0	22692
9442	109	21247	517	303	0	22176
9443	68	22498	282	131	0	22979
9444	100	600	81	21550	0	22331
9445	105	231	70	22059	0	22465
9446	75	130	21297	598	0	22100
9447	55	21287	481	301	0	22124
9448	55	21708	276	128	0	22167
9449	85	619	104	21108	0	21916
9450	20875	223	111	457	0	21666
9451	384	21196	95	255	0	21930
9452	257	380	53	21817	0	22507
9453	22905	208	51	510	0	23674
9454	427	63	55	23379	0	23924
9455	249	44	64	23030	0	23387
9456	123	43	62	23370	0	23598
9457	118	46	49	23466	0	23679
9458	22579	65	60	648	0	23352
9459	449	56	69	22741	0	23315
9460	254	112	22056	471	0	22893
9461	20910	60	417	316	0	21703
9462	424	116	22089	132	0	22761
9463	1488	119	20957	126	0	22690
9464	144	60	532	21752	0	22488
9465	127	59	244	22125	0	22555
9466	107	72	105	22473	0	22757
9467	22063	55	73	658	0	22849
9468	444	102	22156	307	0	23009
9469	21814	59	410	196	0	22479
9470	22349	64	226	160	0	22799
9471	603	133	22713	134	0	23583
9472	21055	59	355	160	0	21629
9473	408	93	22396	130	0	23027
9474	228	22852	413	128	0	23621
9475	267	336	206	22685	0	23494
9476	102	193	81	23378	0	23754
9477	105	61	65	23398	0	23629
9478	103	42	74	23409	0	23628
9479	82	116	23615	558	0	24371
9480	75	125	23424	277	0	23901
9481	117	59	494	23310	0	23980
9482	89	112	23743	412	0	24356
9483	22238	70	378	325	0	23011
9484	24171	60	206	194	0	24631
9485	531	55	81	23978	0	24645
9486	23917	56	65	442	0	24480
9487	395	24401	137	300	0	25233
9488	24212	338	81	189	0	24820
9489	428	278	24842	138	0	25686
9490	270	71	365	24263	0	24969
9491	110	25314	272	401	0	26097
9492	25754	349	87	282	0	26472
9493	403	200	71	25968	0	26642
9494	240	123	25946	429	0	26738
9495	170	52	371	25900	0	26493
9496	25558	66	247	498	0	26369
9497	437	136	26423	299	0	27295
9498	288	55	359	26443	0	27145
9499	187	49	247	26933	0	27416
9500	151	218	26471	591	0	27431
9501	142	25951	408	291	0	26792
9502	189	22305	334	218	0	23046
9503	177	463	106	26160	0	26906
9504	198	225	92	26236	0	26751
9505	165	120	92	26634	0	27011
9506	25382	120	81	610	0	26193
9507	25827	96	89	378	0	26390
9508	537	93	103	26135	0	26868
9509	26020	97	111	509	0	26737
9510	375	25706	158	313	0	26552
9511	279	376	82	26202	0	26939
9512	159	234	84	26345	0	26822
9513	133	108	101	26663	0	27005
9514	24311	79	103	671	0	25164
9515	377	24970	144	363	0	25854
9516	293	343	85	25197	0	25918
9517	24790	194	73	531	0	25588
9518	432	70	84	25255	0	25841
9519	284	73	68	25084	0	25509
9520	149	24152	112	620	0	25033
9521	140	25084	141	486	0	25851
9522	151	440	90	24975	0	25656
9523	158	198	89	24740	0	25185
9524	23295	43	93	648	0	24079
9525	434	43	105	23807	0	24389
9526	266	104	23433	480	0	24283
9527	141	46	370	23213	0	23770
9528	142	23144	310	410	0	24006
9529	23742	320	107	346	0	24515
9530	470	180	126	23935	0	24711
9531	281	64	86	23077	0	23508
9532	141	22933	134	516	0	23724
9533	20769	218	56	240	0	21283
9534	273	21875	87	147	0	22382
9535	221	226	54	21859	0	22360
9536	107	181	21441	257	0	21986
9537	200	131	246	19377	0	19954
9538	19733	17	86	201	0	20037
9539	141	19852	63	142	0	20198
9540	116	137	21	19796	0	20070
9541	30	19150	40	272	0	19492
9542	44	164	18	19620	0	19846
9543	40	165	18737	174	0	19116
9544	66	159	128	18076	0	18429
9545	45	24	92	18778	0	18939
9546	80	22	24	18761	0	18887
9547	17401	30	17	267	0	17715
9548	17825	26	20	148	0	18019
9549	201	18297	32	124	0	18654
9550	18027	139	23	77	0	18266
9551	139	17940	42	53	0	18174
9552	100	17847	35	61	0	18043
9553	16312	202	9	89	0	16612
9554	158	140	16408	48	0	16754
9555	123	35	121	16083	0	16362
9556	38	34	95	16952	0	17119
9557	35	29	20	17482	0	17566
9558	16729	35	19	269	0	17052
9559	137	17500	37	161	0	17835
9560	130	172	13	17554	0	17869
9561	35	17735	60	477	0	18307
9562	18750	209	14	168	0	19141
9563	243	125	23	19100	0	19491
9564	178	33	13	24563	0	24787
9565	46	26314	49	641	0	27050
9566	58	540	26	27791	0	28415
9567	97	307	26	28100	0	28530
9568	26268	86	22	927	0	27303
9569	558	26420	76	440	0	27494
9570	307	27485	84	150	0	28026
9571	103	874	17	26747	0	27741
9572	85	427	26087	648	0	27247
9573	88	156	26227	380	0	26851
9574	89	74	900	25657	0	26720
9575	51	122	25864	678	0	26715
9576	91	63	660	25782	0	26596
9577	103	73	382	24778	0	25336
9578	156	55	89	26607	0	26907
9579	25014	49	58	1063	0	26184
9580	634	46	41	25629	0	26350
9581	392	52	34	25147	0	25625
9582	104	24956	76	1012	0	26148
9583	121	622	34	26028	0	26805
9584	90	532	24918	765	0	26305
9585	105	112	609	25398	0	26224
9586	103	77	352	26086	0	26618
9587	24477	89	79	1078	0	25723
9588	647	86	52	25235	0	26020
9589	403	93	52	24664	0	25212
9590	135	75	43	25122	0	25375
9591	22645	62	61	1163	0	23931
9592	585	23532	98	555	0	24770
9593	401	659	74	23861	0	24995
9594	129	404	47	24328	0	24908
9595	71	170	23480	1128	0	24849
9596	129	97	642	23754	0	24622
9597	21965	72	379	899	0	23315
9598	624	22388	163	571	0	23746
9599	402	642	79	22149	0	23272
9600	150	417	60	22985	0	23612
9601	98	172	22095	1142	0	23507
9602	20797	120	640	634	0	22191
9603	622	22010	415	337	0	23384
9604	22215	648	137	345	0	23345
9605	708	428	90	22406	0	23632
9606	430	168	88	22972	0	23658
9607	173	119	84	23302	0	23678
9608	172	130	98	23453	0	23853
9609	22428	135	87	1260	0	23910
9610	686	122	111	22498	0	23417
9611	411	21918	273	968	0	23570
9612	186	622	140	22706	0	23654
9613	138	400	156	23289	0	23983
9614	22221	118	121	1269	0	23729
9615	665	22277	168	774	0	23884
9616	465	674	103	22904	0	24146
9617	22377	399	89	1023	0	23888
9618	22913	164	96	750	0	23923
9619	1040	129	86	22949	0	24204
9620	544	186	22303	963	0	23996
9621	21955	151	650	724	0	23480
9622	735	133	409	22829	0	24106
9623	462	170	22394	1008	0	24034
9624	224	101	697	23080	0	24102
9625	197	99	466	22799	0	23561
9626	218	115	155	22854	0	23342
9627	170	23285	167	1295	0	24917
9628	214	658	107	24090	0	25069
9629	187	415	94	24234	0	24930
9630	210	131	102	24357	0	24800
9631	217	151	73	24410	0	24851
9632	205	169	81	24090	0	24545
9633	203	132	84	24353	0	24772
9634	21826	114	174	1388	0	23502
9635	692	161	21804	808	0	23465
9636	421	21806	668	525	0	23420
9637	21785	626	374	474	0	23259
9638	695	22124	219	404	0	23442
9639	22009	665	118	419	0	23211
9640	846	393	133	21732	0	23104
9641	22004	144	121	906	0	23175
9642	799	111	109	22016	0	23035
9643	528	108	83	21102	0	21821
9644	231	21669	139	1127	0	23166
9645	21763	577	75	772	0	23187
9646	727	401	22158	494	0	23780
9647	515	130	558	22762	0	23965
9648	233	185	22991	955	0	24364
9649	182	178	22263	713	0	23336
9650	22185	113	856	484	0	23638
9651	690	111	407	23046	0	24254
9652	442	148	22968	939	0	24497
9653	215	173	23996	694	0	25078
9654	260	112	865	23438	0	24675
9655	252	125	399	24473	0	25249
9656	24077	119	139	1175	0	25510
9657	734	94	115	24455	0	25398
9658	496	156	25378	909	0	26939
9659	287	92	571	25429	0	26379
9660	280	177	377	24831	0	25665
9661	163	25528	205	985	0	26881
9662	24838	478	113	643	0	26072
9663	536	24545	191	393	0	25665
9664	19079	212	65	224	0	19580
9665	162	17004	86	123	0	17375
9666	91	16647	64	71	0	16873
9667	180	135	24	16404	0	16743
9668	95	71	25	16381	0	16572
9669	60	25	25	16340	0	16450
9670	15516	23	28	172	0	15739
9671	81	64	15681	104	0	15930
9672	69	26	68	15320	0	15483
9673	14558	22	59	139	0	14778
9674	68	15289	55	99	0	15511
9675	60	15155	44	67	0	15326
9676	49	89	24	15473	0	15635
9677	31	53	28	15807	0	15919
9678	36	28	24	15886	0	15974
9679	37	16278	49	235	0	16599
9680	26	57	26	16487	0	16596
9681	36	120	16123	95	0	16374
9682	37	71	14779	74	0	14961
9683	14648	26	75	83	0	14832
9684	57	21	46	15885	0	16009
9685	15974	20	23	108	0	16125
9686	15655	21	28	107	0	15811
9687	83	15963	44	52	0	16142
9688	16118	48	11	84	0	16261
9689	16634	39	22	100	0	16795
9690	87	24	30	16805	0	16946
9691	78	68	18	16978	0	17142
9692	50	74	17634	99	0	17857
9693	42	19038	84	75	0	19239
9694	50	68	46	17521	0	17685
9695	35	50	19	19495	0	19599
9696	19490	29	14	128	0	19661
9697	63	73	18	19724	0	19878
9698	19989	20	16	107	0	20132
9699	100	26	16	20390	0	20532
9700	54	20711	67	127	0	20959
9701	21632	128	22	144	0	21926
9702	176	75	22	23399	0	23672
9703	109	32	29	25038	0	25208
9704	64	20	18	26874	0	26976
9705	47	77	26680	497	0	27301
9706	60	29	341	26663	0	27093
9707	26943	17	179	450	0	27589
9708	418	30	41	27983	0	28472
9709	218	19	23	30799	0	31059
9710	70	42	30	30254	0	30396
9711	37	30624	89	775	0	31525
9712	29	32290	76	317	0	32712
9713	31565	790	30	171	0	32556
9714	553	32086	81	85	0	32805
9715	32425	613	18	110	0	33166
9716	32513	291	31	94	0	32929
9717	32990	78	31	151	0	33250
9718	906	121	33170	52	0	34249
9719	336	34268	626	59	0	35289
9720	34779	577	261	114	0	35731
9721	621	294	56	35010	0	35981
9722	323	92	26	35447	0	35888
9723	146	51	29	35767	0	35993
9724	56	35240	99	886	0	36281
9725	101	573	23	35886	0	36583
9726	35395	273	21	752	0	36441
9727	632	67	19	34971	0	35689
9728	353	44	19	35458	0	35874
9729	102	102	34627	941	0	35772
9730	91	126	35425	454	0	36096
9731	109	61	827	35871	0	36868
9732	106	42	337	36431	0	36916
9733	68	36634	159	946	0	37807
9734	151	778	55	36510	0	37494
9735	160	315	56	37477	0	38008
9736	123	130	39	37550	0	37842
9737	35551	81	47	1096	0	36775
9738	668	180	37117	477	0	38442
9739	426	105	598	37686	0	38815
9740	38223	114	299	817	0	39453
9741	38310	128	101	449	0	38988
9742	995	102	56	37855	0	39008
9743	514	106	60	38730	0	39410
9744	37623	110	49	1053	0	38835
9745	723	37932	116	502	0	39273
9746	394	38781	139	249	0	39563
9747	236	924	80	38629	0	39869
9748	39073	414	64	807	0	40358
9749	39344	149	62	561	0	40116
9750	38654	105	58	371	0	39188
9751	964	205	39211	290	0	40670
9752	35113	159	657	363	0	36292
9753	802	211	38134	298	0	39445
9754	35849	121	681	352	0	37003
9755	737	37459	420	310	0	38926
9756	433	756	37473	328	0	38990
9757	262	375	683	36920	0	38240
9758	216	240	36802	897	0	38155
9759	254	127	721	35874	0	36976
9760	35908	133	372	1035	0	37448
9761	770	243	37523	595	0	39131
9762	490	137	687	36978	0	38292
9763	278	42527	484	894	0	44183
9764	272	626	183	44650	0	45731
9765	277	361	158	44513	0	45309
9766	255	176	138	44041	0	44610
9767	43958	164	124	1217	0	45463
9768	44068	140	110	760	0	45078
9769	1073	128	80	44525	0	45806
9770	572	215	43539	970	0	45296
9771	337	249	42684	640	0	43910
9772	290	160	955	44074	0	45479
9773	327	281	47076	906	0	48590
9774	366	213	732	46529	0	47840
9775	390	177	408	44799	0	45774
9776	368	133	179	47574	0	48254
9777	320	45927	260	1149	0	47656
9778	320	45638	281	605	0	46844
9779	345	931	184	47510	0	48970
9780	340	451	181	47932	0	48904
9781	336	198	166	48468	0	49168
9782	46593	152	160	1254	0	48159
9783	837	253	48257	702	0	50049
9784	596	144	737	48551	0	50028
9785	48687	97	484	1045	0	50313
9786	809	49187	361	682	0	51039
9787	567	736	211	50933	0	52447
9788	364	400	201	51678	0	52643
9789	277	193	199	51187	0	51856
9790	294	111	179	51366	0	51950
9791	229	236	49930	1315	0	51710
9792	44233	146	759	890	0	46028
9793	47887	132	444	591	0	49054
9794	1059	220	48954	423	0	50656
9795	45728	115	769	498	0	47110
9796	48449	117	454	451	0	49471
9797	1087	213	49719	411	0	51430
9798	505	51845	866	420	0	53636
9799	335	706	450	52102	0	53593
9800	303	581	54393	803	0	56080
9801	228	53223	704	650	0	54805
9802	272	628	51985	338	0	53223
9803	148	51306	603	280	0	52337
9804	329	397	384	49646	0	50756
9805	139	344	50187	409	0	51079
9806	163	76	394	48597	0	49230
9807	165	205	51538	575	0	52483
9808	81	51812	455	339	0	52687
9809	48942	166	118	188	0	49414
9810	180	49596	142	87	0	50005
9811	90	53290	112	201	0	53693
9812	90	387	35	52938	0	53450
9813	58	168	37	54319	0	54582
9814	69	32	19	54501	0	54621
9815	57	30	23	53805	0	53915
9816	56	16	17	54780	0	54869
9817	56	218	56632	208	0	57114
9818	86	41	141	55108	0	55376
9819	62	30	63	57511	0	57666
9820	58361	19	26	390	0	58796
9821	58310	28	22	249	0	58609
9822	58989	28	23	152	0	59192
9823	290	107	21	58974	0	59392
9824	64897	38	26	434	0	65395
9825	68401	16	28	382	0	68827
9826	69021	26	32	218	0	69297
9827	606	191	68881	61	0	69739
9828	65897	34	435	193	0	66559
9829	70434	44	215	214	0	70907
9830	71725	35	43	160	0	71963
9831	707	24	45	71394	0	72170
9832	255	262	72189	504	0	73210
9833	151	45	454	71536	0	72186
9834	74540	20	198	698	0	75456
9835	559	36	67	76049	0	76711
9836	243	82667	196	498	0	83604
9837	160	459	25	85661	0	86305
9838	85194	192	44	740	0	86170
9839	85452	39	47	471	0	86009
9840	84337	39	54	283	0	84713
9841	830	259	86251	97	0	87437
9842	406	45	546	84101	0	85098
9843	207	38	242	89253	0	89740
9844	134	303	88819	805	0	90061
9845	117	87118	668	427	0	88330
9846	203	764	87420	146	0	88533
9847	198	253	591	87683	0	88725
9848	88240	54	291	789	0	89374
9849	676	331	93072	336	0	94415
9850	437	64	591	92836	0	93928
9851	188	334	94128	656	0	95306
9852	89021	71	637	508	0	90237
9853	730	50	304	95784	0	96868
9854	401	354	100278	678	0	101711
9855	258	59	634	99553	0	100504
9856	207	374	103074	728	0	104383
9857	204	104047	842	658	0	105751
9858	273	573	314	105683	0	106843
9859	105925	279	120	916	0	107240
9860	802	180	139	106270	0	107391
9861	534	64	112	104985	0	105695
9862	103764	37	149	1201	0	105151
9863	745	97684	326	476	0	99231
9864	442	99336	277	316	0	100371
9865	321	813	138	99479	0	100751
9866	217	99900	304	781	0	101202
9867	316	598	128	100419	0	101461
9868	315	289	120	100690	0	101414
9869	99533	98	105	1234	0	100970
9870	742	100128	320	662	0	101852
9871	591	930	98901	313	0	100735
9872	254	101883	875	309	0	103321
9873	100008	672	348	444	0	101472
9874	102353	332	155	464	0	103304
9875	1105	130	169	101188	0	102592
9876	103214	111	159	1017	0	104501
9877	1073	178	161	102806	0	104218
9878	103220	122	160	1230	0	104732
9879	104077	130	183	758	0	105148
9880	1247	114	201	108129	0	109691
9881	109330	111	184	1173	0	110798
9882	990	435	110078	563	0	112066
9883	106540	133	795	568	0	108036
9884	1021	127	458	111071	0	112677
9885	112224	127	225	1089	0	113665
9886	991	114410	422	1154	0	116977
9887	813	701	226	114922	0	116662
9888	521	367	222	115789	0	116899
9889	113655	133	245	1481	0	115514
9890	1043	525	116049	619	0	118236
9891	670	115222	1011	468	0	117371
9892	547	784	460	116236	0	118027
9893	399	117266	493	965	0	119123
9894	539	843	201	118047	0	119630
9895	552	444	248	116769	0	118013
9896	463	205	205	119089	0	119962
9897	117164	205	183	1578	0	119130
9898	1031	231	196	115307	0	116765
9899	115834	224	188	1350	0	117596
9900	114890	211	208	967	0	116276
9901	1350	197	216	115361	0	117124
9902	114861	177	211	1306	0	116555
9903	112336	166	225	983	0	113710
9904	1273	520	113852	520	0	116165
9905	710	230	823	110459	0	112222
9906	114995	210	484	1234	0	116923
9907	954	114255	524	724	0	116457
9908	115416	793	221	710	0	117140
9909	115068	399	248	665	0	116380
9910	1341	481	111896	445	0	114163
9911	809	182	895	105237	0	107123
9912	119577	169	495	1495	0	121736
9913	1254	195	238	123197	0	124884
9914	913	168	245	128787	0	130113
9915	570	194	224	131140	0	132128
9916	517	200	237	139942	0	140896
9917	139972	139	239	2503	0	142853
9918	1999	530	146851	1133	0	150513
9919	1316	338	1956	150909	0	154519
9920	554	559	167522	2354	0	170989
9921	454	697	177268	1478	0	179897
9922	166865	187	5122	1008	0	173182
9923	3938	549	185712	575	0	190774
9924	2177	178862	4164	525	0	185728
9925	180915	3342	2314	721	0	187292
9926	184057	2024	619	505	0	187205
9927	5776	463	313	176810	0	183362
9928	2654	632	182558	3465	0	189309
9929	791	585	182784	2087	0	186247
9930	174060	235	5731	932	0	180958
9931	4056	195	2531	189344	0	196126
9932	190948	121	686	4206	0	195961
9933	4257	194544	766	2540	0	202107
9934	196489	3790	381	1010	0	201670
9935	194296	2303	401	754	0	197754
9936	6307	190401	829	651	0	198188
9937	3159	4074	364	189610	0	197207
9938	188423	2346	399	4484	0	195652
9939	4533	995	190781	2603	0	198912
9940	2770	192202	4834	914	0	200720
9941	1290	4203	2831	190154	0	198478
9942	191652	2516	1025	4539	0	199732
9943	4581	193836	1053	2931	0	202401
9944	198082	4380	672	1128	0	204262
9945	5325	3687	193406	591	0	203009
9946	190717	817	4734	913	0	197181
9947	5549	987	197818	865	0	205219
9948	192097	434	5223	856	0	198610
9949	190664	400	3232	917	0	195213
9950	7707	741	189899	706	0	199053
9951	3833	189813	5233	1367	0	200246
9952	1948	4576	3119	184317	0	193960
9953	1587	3224	191171	4835	0	200817
9954	1403	186894	5370	3233	0	196900
9955	1773	4777	3264	182536	0	192350
9956	1718	3003	1453	189800	0	195974
9957	1515	1543	184978	7320	0	195356
9958	1920	860	5347	180021	0	188148
9959	1785	801	3805	187369	0	193760
9960	1661	1283	184397	7578	0	194919
9961	1947	981	5665	173777	0	182370
9962	1653	183580	4309	5381	0	194923
9963	184917	5077	1934	3592	0	195520
9964	6235	3256	1872	179083	0	190446
9965	4458	184794	2409	5542	0	197203
9966	3257	5229	2081	166607	0	177174
9967	2629	189234	2515	4949	0	199327
9968	3004	6074	186779	3372	0	199229
9969	2631	191327	6556	1654	0	202168
9970	188205	5884	4122	1781	0	199992
9971	190802	3725	2312	1818	0	198657
9972	194906	1891	2147	2122	0	201066
9973	9411	1924	192904	1945	0	206184
9974	5335	1935	192920	1778	0	201968
9975	3156	195357	9502	1939	0	209954
9976	3304	6300	5049	176573	0	191226
9977	2879	199320	2977	5876	0	211052
9978	3728	7065	2166	166711	0	179670
9979	3010	199896	2503	5692	0	211101
9980	196211	6913	2101	4003	0	209228
9981	209900	4628	2003	2481	0	219012
9982	10856	2435	2026	210035	0	225352
9983	6355	2409	208757	7559	0	225080
9984	199735	2122	7596	5284	0	214737
9985	8327	210752	5671	2777	0	227527
9986	6333	7400	2814	204870	0	221417
9987	4275	5215	2259	196197	0	207946
9988	3406	208567	2846	9503	0	224322
9989	208033	7827	2395	5152	0	223407
9990	9053	5771	205894	2384	0	223102
9991	6810	2768	7885	201351	0	218814
9992	206876	2369	5384	7551	0	222180
9993	206682	2348	3032	5307	0	217369
9994	11456	204522	3133	3012	0	222123
9995	6788	7728	2739	192207	0	209462
9996	3209	209014	3039	7736	0	222998
9997	209195	8480	2511	5681	0	225867
9998	8520	5906	209792	3285	0	227503
9999	6023	3770	213000	2773	0	225566
10000	3907	2772	10678	201734	0	219091
10001	3405	2487	6060	197743	0	209695
10002	3005	209401	3765	10504	0	226675
10003	3148	8057	2767	210810	0	224782
10004	2898	5799	208798	9039	0	226534
10005	202201	3050	7985	6301	0	219537
10006	8400	2831	5401	210039	0	226671
10007	5685	3318	207762	8787	0	225552
10008	3604	2896	7823	208861	0	223184
10009	3098	2746	5442	201104	0	212390
10010	2539	207887	3569	11049	0	225044
10011	3016	8263	2464	207267	0	221010
10012	3066	5436	2367	201834	0	212703
10013	3214	3095	2467	202154	0	210930
10014	184531	2352	2180	11359	0	200422
10015	7789	181773	2570	6188	0	198320
10016	5328	179827	2405	3302	0	190862
10017	168356	8511	1883	2577	0	181327
10018	158938	4354	2134	2389	0	167815
10019	8042	154491	2338	1992	0	166863
10020	3369	141482	1758	1574	0	148183
10021	121587	4996	1007	1280	0	128870
10022	3713	122836	972	1281	0	128802
10023	2278	123396	971	1229	0	127874
10024	118172	4950	1724	1278	0	126124
10025	3723	120443	939	1206	0	126311
10026	118286	3797	864	1253	0	124200
10027	117589	2279	818	1205	0	121891
10028	116931	1431	746	1255	0	120363
10029	5045	115264	960	1431	0	122700
10030	2493	115146	869	1217	0	119725
10031	1644	4639	468	105482	0	112233
10032	1270	110208	789	3267	0	115534
10033	1441	3783	608	109795	0	115627
10034	108078	2277	869	3862	0	115086
10035	3588	1388	587	105277	0	110840
10036	2271	104262	886	3593	0	111012
10037	102102	3326	611	2183	0	108222
10038	3407	102459	840	1743	0	108449
10039	2201	105588	775	1246	0	109810
10040	1753	4692	557	96576	0	103578
10041	1026	101949	785	2889	0	106649
10042	99255	3433	753	1886	0	105327
10043	3175	2223	97868	1138	0	104404
10044	1900	96642	2898	1328	0	102768
10045	1309	3161	1671	97233	0	103374
10046	1132	2239	97083	3184	0	103638
10047	1253	1260	2628	94481	0	99622
10048	1156	1063	1718	96905	0	100842
10049	1181	1084	860	98397	0	101522
10050	1067	1020	705	97641	0	100433
10051	1052	1092	93926	4600	0	100670
10052	786	92709	3122	3172	0	99789
10053	92173	3026	1680	1973	0	98852
10054	2959	2248	91123	1626	0	97956
10055	89454	1259	2681	1690	0	95084
10056	3296	1301	92987	1440	0	99024
10057	2209	1136	2989	91655	0	97989
10058	1586	1289	92739	3129	0	98743
10059	1218	1349	95189	2048	0	99804
10060	1266	1118	3886	92340	0	98610
10061	1270	1156	2086	91037	0	95549
10062	1209	1144	957	96591	0	99901
10063	1064	1218	779	96580	0	99641
10064	93042	1196	785	4634	0	99657
10065	3063	1314	93397	2739	0	100513
10066	92183	1264	2599	1987	0	98033
10067	94407	1073	1506	1641	0	98627
10068	94351	1066	776	1514	0	97707
10069	93488	1212	502	1362	0	96564
10070	94198	1092	470	1278	0	97038
10071	5038	1020	458	90170	0	96686
10072	2729	1184	85329	2870	0	92112
10073	1620	1254	82709	1821	0	87404
10074	1371	83989	3086	1219	0	89665
10075	79165	2622	1592	1025	0	84404
10076	2583	2053	734	77372	0	82742
10077	1794	1786	566	75512	0	79658
10078	1142	76811	671	3215	0	81839
10079	958	76790	597	1820	0	80165
10080	1053	76201	558	998	0	78810
10081	60590	2388	549	787	0	64314
10082	1102	1003	390	54630	0	57125
10083	665	54832	270	1100	0	56867
10084	447	1144	138	55053	0	56782
10085	438	878	54027	1101	0	56444
10086	503	519	57694	718	0	59434
10087	597	342	1292	60202	0	62433
10088	63532	313	600	1304	0	65749
10089	66848	372	232	826	0	68278
10090	67087	372	193	504	0	68156
10091	2179	529	66885	393	0	69986
10092	1163	414	1335	65128	0	68040
10093	566	355	828	68648	0	70397
10094	492	559	66383	1999	0	69433
10095	59004	400	1395	1206	0	62005
10096	1574	470	67198	568	0	69810
10097	870	386	64951	370	0	66577
10098	395	389	65309	373	0	66466
10099	434	224	1850	59943	0	62451
10100	362	186	883	62195	0	63626
10101	281	300	64383	1804	0	66768
10102	304	336	1321	63905	0	65866
10103	65174	154	866	1600	0	67794
10104	1303	151	456	66524	0	68434
10105	852	340	68430	1512	0	71134
10106	438	331	73043	1022	0	74834
10107	411	209	2006	70085	0	72711
10108	76946	175	998	1604	0	79723
10109	1653	82737	629	1051	0	86070
10110	85857	1659	448	620	0	88584
10111	86434	1068	493	615	0	88610
10112	3120	458	87552	516	0	91646
10113	1720	163	2096	86016	0	89995
10114	88255	153	1484	2344	0	92236
10115	86237	161	678	1733	0	88809
10116	2996	87973	701	738	0	92408
10117	1739	1714	669	86992	0	91114
10118	768	1134	558	90399	0	92859
10119	593	517	87727	3149	0	91986
10120	690	192	2140	86453	0	89475
10121	641	369	88457	2395	0	91862
10122	621	320	87438	1661	0	90040
10123	669	144	3096	84203	0	88112
10124	84290	99	1704	2239	0	88332
10125	2048	82366	895	1668	0	86977
10126	82775	1706	615	879	0	85975
10127	82188	1194	547	710	0	84639
10128	3113	81865	725	593	0	86296
10129	1821	1693	492	76267	0	80273
10130	77945	1211	406	1813	0	81375
10131	2190	78823	567	1286	0	82866
10132	78260	1699	456	753	0	81168
10133	2204	77004	614	650	0	80472
10134	1716	1644	415	74718	0	78493
10135	988	1100	412	77176	0	79676
10136	74737	455	440	2744	0	78376
10137	73217	383	367	1669	0	75636
10138	2719	75410	583	969	0	79681
10139	1494	1624	74213	829	0	78160
10140	674	1174	73782	783	0	76413
10141	638	354	2707	68773	0	72472
10142	535	74117	1804	1775	0	78231
10143	661	1544	944	75331	0	78480
10144	630	1089	727	75154	0	77600
10145	758	430	662	76451	0	78301
10146	715	546	74248	2879	0	78388
10147	797	552	73937	1664	0	76950
10148	824	76024	2729	885	0	80462
10149	915	1694	1500	75076	0	79185
10150	997	1313	675	79787	0	82772
10151	892	921	78276	2744	0	82833
10152	68499	618	1898	1902	0	72917
10153	2303	539	1387	79502	0	83731
10154	1734	682	80299	2104	0	84819
10155	71941	492	1928	2020	0	76381
10156	2151	78514	1616	1162	0	83443
10157	1997	1884	81869	947	0	86697
10158	1283	1375	1955	80926	0	85539
10159	80694	705	1567	2307	0	85273
10160	2094	700	83392	1817	0	88003
10161	1615	591	2310	82380	0	86896
10162	944	486	1767	84497	0	87694
10163	859	468	1041	90609	0	92977
10164	88472	532	857	3595	0	93456
10165	2067	87803	983	2359	0	93212
10166	1725	1924	723	88390	0	92762
10167	1013	1649	90241	2606	0	95509
10168	972	796	2348	85817	0	89933
10169	852	87479	1900	2598	0	92829
10170	826	92741	1117	1929	0	96613
10171	90312	2907	710	1484	0	95413
10172	91300	1598	729	1253	0	94880
10173	3457	1044	90884	998	0	96383
10174	86668	721	2338	1064	0	90791
10175	2575	90515	1833	1208	0	96131
10176	92345	2160	830	1151	0	96486
10177	2732	1675	656	91454	0	96517
10178	2261	1084	93593	2450	0	99388
10179	1484	730	2237	92951	0	97402
10180	1122	865	94802	2683	0	99472
10181	89656	590	2635	2211	0	95092
10182	2381	579	1880	93539	0	98379
10183	1800	97540	1084	2801	0	103225
10184	1155	2367	601	99054	0	103177
10185	921	1824	98101	3018	0	103864
10186	784	94607	2299	2506	0	100196
10187	88592	2133	1603	1510	0	93838
10188	1733	88322	1117	1222	0	92394
10189	1160	87486	920	842	0	90408
10190	722	2529	632	83445	0	87328
10191	519	86786	691	1883	0	89879
10192	862	1881	431	86960	0	90134
10193	751	1579	86176	2023	0	90529
10194	75878	682	1747	1553	0	79860
10195	83696	557	1263	913	0	86429
10196	2684	790	84013	664	0	88151
10197	78561	537	1621	789	0	81508
10198	1971	83279	1407	657	0	87314
10199	84405	1603	742	742	0	87492
10200	2039	1170	590	82500	0	86299
10201	1680	750	83735	1809	0	87974
10202	770	85928	1818	1879	0	90395
10203	584	1599	1191	85573	0	88947
10204	608	1100	517	86784	0	89009
10205	82361	568	421	2672	0	86022
10206	77507	472	476	1601	0	80056
10207	2126	78147	617	929	0	81819
10208	899	72262	460	455	0	74076
10209	286	69211	290	364	0	70151
10210	418	1142	309	66433	0	68302
10211	65458	399	198	804	0	66859
10212	64965	210	131	501	0	65807
10213	957	170	107	64726	0	65960
10214	491	168	126	64865	0	65650
10215	63985	141	129	995	0	65250
10216	773	151	126	65971	0	67021
10217	458	353	66754	692	0	68257
10218	64201	181	578	645	0	65605
10219	66664	193	351	394	0	67602
10220	967	361	69342	217	0	70887
10221	68984	204	711	364	0	70263
10222	803	203	379	73165	0	74550
10223	544	202	194	73653	0	74593
10224	315	199	169	74833	0	75516
10225	72457	191	162	1133	0	73943
10226	703	76716	282	655	0	78356
10227	559	695	174	76713	0	78141
10228	301	76643	430	783	0	78157
10229	76054	691	172	746	0	77663
10230	821	488	182	76847	0	78338
10231	604	262	147	77819	0	78832
10232	361	78225	284	987	0	79857
10233	400	963	76641	543	0	78547
10234	388	486	694	78021	0	79589
10235	78497	264	462	954	0	80177
10236	88108	245	214	706	0	89273
10237	1795	463	91217	355	0	93830
10238	1022	245	1423	89832	0	92522
10239	380	94732	936	1469	0	97517
10240	414	1510	250	96609	0	98783
10241	96047	801	251	1866	0	98965
10242	96859	298	205	1059	0	98421
10243	2418	294	197	94580	0	97489
10244	1045	94484	357	1666	0	97552
10245	100066	1617	154	1131	0	102968
10246	1882	925	151	102117	0	105075
10247	101190	420	139	2006	0	103755
10248	105285	268	183	1305	0	107041
10249	2668	357	149	105212	0	108386
10250	1309	244	179	104702	0	106434
10251	637	255	168	106174	0	107234
10252	428	105267	354	2750	0	108799
10253	548	1984	161	106449	0	109142
10254	545	965	205	106708	0	108423
10255	514	631	102940	2735	0	106820
10256	464	517	101640	1419	0	104040
10257	533	212	2435	100627	0	103807
10258	99662	237	1025	2173	0	103097
10259	1820	100441	484	1342	0	104087
10260	97633	1767	201	792	0	100393
10261	2160	1154	98016	574	0	101904
10262	1220	530	94898	526	0	97174
10263	492	95831	2434	577	0	99334
10264	487	1666	1006	97258	0	100417
10265	434	1113	97503	1761	0	100811
10266	469	546	101041	1048	0	103104
10267	442	206	2127	98686	0	101461
10268	99536	142	892	2000	0	102570
10269	100061	195	299	1237	0	101792
10270	2428	195	164	98494	0	101281
10271	1181	541	106562	1838	0	110122
10272	631	217	1548	107698	0	110094
10273	606	224	910	104156	0	105896
10274	321	108429	613	2235	0	111598
10275	108124	1506	299	1322	0	111251
10276	107709	828	253	871	0	109661
10277	2321	109522	471	665	0	112979
10278	1238	1620	292	101672	0	104822
10279	493	107267	547	1957	0	110264
10280	106561	1647	367	1237	0	109812
10281	1861	1194	105162	579	0	108796
10282	1064	710	101951	536	0	104261
10283	539	535	102719	505	0	104298
10284	525	266	2300	100581	0	103672
10285	486	268	1027	102537	0	104318
10286	101715	242	439	2566	0	104962
10287	1788	263	343	101493	0	103887
10288	1205	291	355	104794	0	106645
10289	577	607	111286	2457	0	114927
10290	500	618	108253	1285	0	110656
10291	104317	316	2254	1021	0	107908
10292	1668	111305	1307	696	0	114976
10293	113097	1528	420	839	0	115884
10294	1979	845	374	112685	0	115883
10295	1252	356	384	111817	0	113809
10296	650	112023	744	2340	0	115757
10297	635	1598	434	112586	0	115253
10298	111031	892	406	2273	0	114602
10299	1927	503	413	112113	0	114956
10300	1204	779	112679	2158	0	116820
10301	791	110053	1934	1556	0	114334
10302	108520	1553	1052	1088	0	112213
10303	109839	956	569	1120	0	112484
10304	109979	551	448	1104	0	112082
10305	110723	443	411	1086	0	112663
10306	2776	394	445	109118	0	112733
10307	1592	386	492	110679	0	113149
10308	961	714	108974	2702	0	113351
10309	935	348	1725	108718	0	111726
10310	818	750	108750	2319	0	112637
10311	852	381	1781	108708	0	111722
10312	107634	395	1037	2548	0	111614
10313	1896	112031	909	1710	0	116546
10314	1429	1634	568	114074	0	117705
10315	769	1043	628	117726	0	120166
10316	114340	422	636	3060	0	118458
10317	110888	425	579	1956	0	113848
10318	2612	726	112044	1089	0	116471
10319	1297	112145	2114	1132	0	116688
10320	900	1677	1194	110038	0	113809
10321	821	1059	752	111610	0	114242
10322	108919	482	710	3009	0	113120
10323	108160	458	650	1727	0	110995
10324	2674	727	109363	938	0	113702
10325	1426	773	108364	826	0	111389
10326	877	456	2662	104987	0	108982
10327	907	372	1360	108521	0	111160
10328	795	795	107027	2719	0	111336
10329	101541	376	1970	1698	0	105585
10330	2160	346	1244	108308	0	112058
10331	107206	258	798	2351	0	110613
10332	1970	105858	857	1710	0	110395
10333	110343	1582	639	1379	0	113943
10334	2523	1401	121097	861	0	125882
10335	1450	119375	2281	1008	0	124114
10336	554	112905	1108	791	0	115358
10337	108509	1639	1121	690	0	111959
10338	106643	646	279	610	0	108178
10339	1806	396	166	104923	0	107291
10340	743	106560	431	1310	0	109044
10341	312	109612	503	803	0	111230
10342	405	1631	165	109779	0	111980
10343	109796	743	192	1511	0	112242
10344	110049	265	176	1111	0	111601
10345	1745	558	104797	280	0	107380
10346	100959	124	1005	479	0	102567
10347	1242	113816	821	268	0	116147
10348	117095	1443	163	410	0	119111
10349	2027	145184	499	227	0	147937
10350	935	159298	460	611	0	161304
10351	760	5146	414	172409	0	178729
10352	185215	2034	227	4791	0	192267
10353	189209	622	169	2372	0	192372
10354	7262	823	183454	801	0	192340
10355	3375	251	4932	183493	0	192051
10356	185843	185	2231	5424	0	193683
10357	5709	219	791	187667	0	194386
10358	189020	174	350	6037	0	195581
10359	191280	217	254	2891	0	194642
10360	7673	835	187177	1086	0	196771
10361	3625	244	5099	183415	0	192383
10362	1664	314	2290	190064	0	194332
10363	1040	180	849	192549	0	194618
10364	656	674	183176	8132	0	192638
10365	820	256	5289	181843	0	188208
10366	747	487	2330	175711	0	179275
10367	512	177576	1235	7460	0	186783
10368	689	5895	175484	3184	0	185252
10369	444	180208	5571	1827	0	188050
10370	178993	5961	2327	976	0	188257
10371	5860	2655	887	167881	0	177283
10372	3217	1153	486	161197	0	166053
10373	1341	168568	823	7072	0	177804
10374	167687	5322	383	3322	0	176714
10375	170762	2446	347	1658	0	175213
10376	7765	164990	838	1185	0	174778
10377	3622	171772	824	907	0	177125
10378	168913	7183	498	942	0	177536
10379	6068	3632	167228	790	0	177718
10380	3281	1649	169203	886	0	175019
10381	159711	763	7486	1173	0	169133
10382	5707	165820	3718	1292	0	176537
10383	168059	5526	1409	1280	0	176274
10384	6541	3172	165001	1197	0	175911
10385	164087	1381	5458	1493	0	172419
10386	6693	170738	3090	1215	0	181736
10387	3829	5755	1352	171566	0	182502
10388	2414	2852	941	175063	0	181270
10389	1997	1353	853	167210	0	171413
10390	1846	832	721	169580	0	172979
10391	1758	792	790	160541	0	163881
10392	1535	161429	1239	9247	0	173450
10393	162120	5679	802	4497	0	173098
10394	6615	3305	161184	2416	0	173520
10395	4053	1542	5702	162814	0	174111
10396	2444	1514	163948	6763	0	174669
10397	1947	1121	6767	162989	0	172824
10398	1717	980	3403	167411	0	173511
10399	161258	936	1892	9285	0	173371
10400	6459	1398	159380	4968	0	172205
10401	3602	158365	6768	2607	0	171342
10402	2654	6148	3312	157695	0	169809
10403	2177	3419	1777	165208	0	172581
10404	1911	2534	160397	8586	0	173428
10405	2065	1559	6111	161006	0	170741
10406	2050	1454	3038	166718	0	173260
10407	156633	1309	1648	9427	0	169017
10408	6388	160396	1675	5176	0	173635
10409	162617	6343	910	3089	0	172959
10410	166159	3715	851	2373	0	173098
10411	9402	2222	905	160967	0	173496
10412	5029	1944	159339	6743	0	173055
10413	2853	1923	161479	3856	0	170111
10414	2563	1468	8373	153692	0	166096
10415	2493	1420	4275	148619	0	156807
10416	1974	154278	2912	8405	0	167569
10417	153499	5994	1820	4697	0	166010
10418	6868	152454	2074	2983	0	164379
10419	4188	158759	1986	2543	0	167476
10420	154552	8419	1260	2588	0	166819
10421	7472	3983	1368	150026	0	162849
10422	4186	156809	1995	7445	0	170435
10423	2865	6337	1413	159695	0	170310
10424	1809	3654	154327	8787	0	168577
10425	1750	2199	157196	5407	0	166552
10426	2055	1555	8240	155610	0	167460
10427	1725	1743	157085	7888	0	168441
10428	2129	1257	7255	155035	0	165676
10429	1819	1351	3953	157484	0	164607
10430	1935	1235	2414	161504	0	167088
10431	151126	1157	1932	10411	0	164626
10432	6137	147633	2264	5841	0	161875
10433	3379	151501	2229	3515	0	160624
10434	137711	7557	1341	2916	0	149525
10435	140844	3876	1154	2667	0	148541
10436	8287	2286	1078	136141	0	147792
10437	4097	2109	135530	6566	0	148302
10438	2641	1552	5561	136280	0	146034
10439	1816	1765	135691	7393	0	146665
10440	1555	133220	6658	4394	0	145827
10441	2037	5555	3159	134020	0	144771
10442	133013	3053	1899	6427	0	144392
10443	6407	1955	1385	134258	0	144005
10444	3639	1710	129997	6389	0	141735
10445	126262	1324	5836	3774	0	137196
10446	6389	1409	131011	2455	0	141264
10447	3666	1087	125477	1860	0	132090
10448	1767	115563	6696	2004	0	126030
10449	831	87452	2481	1065	0	91829
10450	795	76937	2310	925	0	80967
10451	53410	2302	2275	1602	0	59589
10452	47744	307	115	244	0	48410
10453	561	86	70	49367	0	50084
10454	298	83	83	49356	0	49820
10455	162	80	74	50260	0	50576
10456	113	50255	180	625	0	51173
10457	50091	365	83	415	0	50954
10458	375	50542	214	187	0	51318
10459	286	525	84	50314	0	51209
10460	49607	226	97	547	0	50477
10461	430	121	88	49611	0	50250
10462	316	101	78	50751	0	51246
10463	50329	78	84	758	0	51249
10464	49212	82	114	438	0	49846
10465	589	253	49234	159	0	50235
10466	311	277	48447	134	0	49169
10467	186	273	50727	139	0	51325
10468	183	126	653	49562	0	50524
10469	146	128	300	50810	0	51384
10470	111	51445	285	636	0	52477
10471	53027	467	98	476	0	54068
10472	540	273	106	53709	0	54628
10473	378	137	94	54547	0	55156
10474	172	54816	220	788	0	55996
10475	142	58873	220	532	0	59767
10476	187	751	96	60263	0	61297
10477	200	356	93	66870	0	67519
10478	66528	140	96	1384	0	68148
10479	66459	140	114	672	0	67385
10480	1414	124	91	66275	0	67904
10481	591	318	65765	989	0	67663
10482	294	352	64092	560	0	65298
10483	252	113	1296	64607	0	66268
10484	268	282	513	63972	0	65035
10485	162	64092	327	1388	0	65969
10486	60384	902	215	645	0	62146
10487	1031	446	148	60404	0	62029
10488	497	316	59970	1005	0	61788
10489	272	107	916	61626	0	62921
10490	184	302	61833	1098	0	63417
10491	195	413	62060	577	0	63245
10492	256	211	1299	62210	0	63976
10493	61919	161	584	1206	0	63870
10494	918	288	61715	560	0	63481
10495	529	202	870	60004	0	61605
10496	228	301	67195	1021	0	68745
10497	245	120	919	66812	0	68096
10498	242	89	501	67821	0	68653
10499	189	265	67240	1363	0	69057
10500	217	332	66151	608	0	67308
10501	302	125	1491	60814	0	62732
10502	212	264	528	67617	0	68621
10503	234	97	253	68379	0	68963
10504	214	96	199	67986	0	68495
10505	66604	75	170	1570	0	68419
10506	67049	88	168	830	0	68135
10507	1300	67038	355	341	0	69034
10508	67324	908	176	489	0	68897
10509	1083	440	203	67523	0	69249
10510	67993	151	256	1268	0	69668
10511	1076	345	68155	649	0	70225
10512	68857	114	1100	534	0	70605
10513	1209	115	636	71467	0	73427
10514	722	109	244	75102	0	76177
10515	74384	92	217	1916	0	76609
10516	1316	105	249	81952	0	83622
10517	672	372	84409	1760	0	87213
10518	81254	146	1686	1219	0	84305
10519	1656	86268	1129	533	0	89586
10520	1050	1573	319	89084	0	92026
10521	375	1099	94345	2065	0	97884
10522	421	222	2073	92802	0	95518
10523	305	442	94226	2449	0	97422
10524	391	166	2214	93372	0	96143
10525	260	95494	1379	2425	0	99558
10526	425	2087	412	94814	0	97738
10527	316	101087	510	2589	0	104502
10528	552	2529	360	95572	0	99013
10529	535	1126	336	106510	0	108507
10530	506	275	290	107683	0	108754
10531	538	170	324	107733	0	108765
10532	539	162	337	108558	0	109596
10533	370	468	104022	4007	0	108867
10534	473	176	2630	104045	0	107324
10535	428	152	1388	106214	0	108182
10536	104794	181	539	4058	0	109572
10537	2517	104632	704	1971	0	109824
10538	106207	2539	375	1003	0	110124
10539	2948	1273	337	106232	0	110790
10540	1504	645	105116	3059	0	110324
10541	472	104645	2933	1955	0	110005
10542	101349	2528	1497	1107	0	106481
10543	2555	104435	882	954	0	108826
10544	1310	108154	714	821	0	110999
10545	104326	3593	528	918	0	109365
10546	2895	1532	385	111320	0	116132
10547	111388	398	356	3524	0	115666
10548	3244	318	401	109678	0	113641
10549	1661	534	110491	3571	0	116257
10550	537	546	110622	2150	0	113855
10551	103640	259	4244	1327	0	109470
10552	111211	267	1879	1034	0	114391
10553	4402	533	612	107780	0	113327
10554	1996	301	410	110924	0	113631
10555	104073	300	416	4905	0	109694
10556	2960	105493	686	2338	0	111477
10557	1657	109086	662	1240	0	112645
10558	106770	4107	416	1057	0	112350
10559	107751	1716	429	1013	0	110909
10560	4395	107062	720	836	0	113013
10561	2185	3034	386	106970	0	112575
10562	841	1902	106728	3571	0	113042
10563	736	982	107487	2051	0	111256
10564	100213	469	4285	1189	0	106156
10565	3333	831	107538	1077	0	112779
10566	2011	453	3225	103087	0	108776
10567	1057	465	1704	100849	0	104075
10568	660	104016	949	4464	0	110089
10569	103047	3000	619	2342	0	109008
10570	3537	1630	545	103357	0	109069
10571	2010	1085	101566	3517	0	108178
10572	855	101363	3243	2400	0	107861
10573	868	3280	1673	100006	0	105827
10574	729	1874	100157	3423	0	106183
10575	805	880	97508	2135	0	101328
10576	623	94811	4333	1165	0	100932
10577	86875	2550	1638	947	0	92010
10578	2605	90068	892	1042	0	94607
10579	89882	2715	495	936	0	94028
10580	2826	1728	88149	920	0	93623
10581	84921	661	2570	994	0	89146
10582	2775	88699	1797	1033	0	94304
10583	1828	2544	682	88572	0	93626
10584	929	1515	577	92432	0	95453
10585	90276	652	572	4022	0	95522
10586	2749	764	90000	2137	0	95650
10587	88521	629	2603	1225	0	92978
10588	91422	576	1549	1076	0	94623
10589	3853	803	87169	984	0	92809
10590	1979	792	89124	920	0	92815
10591	1064	697	3592	86175	0	91528
10592	87684	568	1786	3116	0	93154
10593	88577	672	772	2053	0	92074
10594	3794	89788	924	1065	0	95571
10595	2113	2664	573	90381	0	95731
10596	1193	1772	618	87206	0	90789
10597	1051	741	623	88630	0	91045
10598	1105	612	588	90029	0	92334
10599	86399	612	583	4215	0	91809
10600	3145	626	582	87653	0	92006
10601	1992	845	86559	3166	0	92562
10602	1113	803	86143	1843	0	89902
10603	79414	637	3833	1124	0	85008
10604	3060	84393	2032	873	0	90358
10605	1981	87910	1083	844	0	91818
10606	1306	4049	706	85566	0	91627
10607	1159	1749	684	88256	0	91848
10608	1105	743	662	88496	0	91006
10609	1047	603	669	89736	0	92055
10610	972	785	85951	4087	0	91795
10611	1113	533	2666	84066	0	88378
10612	1193	513	1626	84182	0	87514
10613	817	689	78849	3688	0	84043
10614	71185	445	2618	2037	0	76285
10615	2637	76383	1881	1022	0	81923
10616	68857	1976	688	815	0	72336
10617	2251	1162	66747	683	0	70843
10618	1491	501	65710	628	0	68330
10619	654	64064	2707	585	0	68010
10620	59934	2061	3461	1045	0	66501
10621	56765	829	622	618	0	58834
10622	56716	346	354	501	0	57917
10623	2043	55447	511	468	0	58469
10624	53497	1237	312	432	0	55478
10625	1486	837	53634	407	0	56364
10626	825	53221	1368	417	0	55831
10627	50341	1090	767	454	0	52652
10628	1208	51686	478	373	0	53745
10629	49765	1108	278	376	0	51527
10630	48420	599	285	430	0	49734
10631	1580	415	48987	322	0	51304
10632	771	48792	1240	331	0	51134
10633	47209	995	801	359	0	49364
10634	1149	683	48166	304	0	50302
10635	687	48201	1143	331	0	50362
10636	411	1016	584	46531	0	48542
10637	308	632	46336	958	0	48234
10638	238	389	45147	617	0	46391
10639	293	270	1179	44153	0	45895
10640	43972	120	563	947	0	45602
10641	874	44548	356	776	0	46554
10642	648	876	44193	241	0	45958
10643	454	511	42695	193	0	43853
10644	38245	248	1056	235	0	39784
10645	766	42369	599	177	0	43911
10646	35383	342	178	154	0	36057
10647	380	36164	149	55	0	36748
10648	36087	378	127	113	0	36705
10649	33956	187	63	116	0	34322
10650	520	33157	144	74	0	33895
10651	274	383	73	33324	0	34054
10652	35809	211	63	450	0	36533
10653	510	207	74	36579	0	37370
10654	296	61	85	38522	0	38964
10655	37955	76	72	779	0	38882
10656	536	37912	171	340	0	38959
10657	38415	538	78	299	0	39330
10658	609	368	37972	83	0	39032
10659	348	119	559	37856	0	38882
10660	172	83	282	38442	0	38979
10661	38051	86	102	843	0	39082
10662	38281	80	80	383	0	38824
10663	820	80	77	38240	0	39217
10664	367	198	39051	576	0	40192
10665	204	97	556	38491	0	39348
10666	216	92	286	39583	0	40177
10667	192	102	127	39884	0	40305
10668	196	96	90	40056	0	40438
10669	38473	97	89	921	0	39580
10670	632	190	39122	392	0	40336
10671	376	39057	800	266	0	40499
10672	250	567	308	39062	0	40187
10673	223	286	125	40242	0	40876
10674	168	257	39644	860	0	40929
10675	193	235	39161	428	0	40017
10676	211	95	814	39618	0	40738
10677	220	92	337	40375	0	41024
10678	363	197	38899	887	0	40346
10679	247	105	636	38689	0	39677
10680	38909	123	369	791	0	40192
10681	699	40281	281	466	0	41727
10682	448	671	39271	257	0	40647
10683	210	39505	714	225	0	40654
10684	263	727	345	39355	0	40690
10685	249	425	39681	712	0	41067
10686	203	39679	742	498	0	41122
10687	220	628	378	39686	0	40912
10688	207	456	40716	732	0	42111
10689	247	186	689	40192	0	41314
10690	240	117	385	40799	0	41541
10691	40488	104	184	1092	0	41868
10692	814	114	156	40824	0	41908
10693	40874	127	146	923	0	42070
10694	38148	107	170	581	0	39006
10695	38434	123	170	372	0	39099
10696	1132	126	159	37982	0	39399
10697	473	195	37136	814	0	38618
10698	241	219	36065	494	0	37019
10699	35841	97	937	386	0	37261
10700	760	191	38680	251	0	39882
10701	35664	143	713	337	0	36857
10702	720	37499	497	289	0	39005
10703	37895	612	194	296	0	38997
10704	801	426	38798	259	0	40284
10705	569	267	40584	233	0	41653
10706	253	82	1001	41003	0	42339
10707	152	200	43882	940	0	45174
10708	171	198	45480	561	0	46410
10709	256	95	1217	47990	0	49558
10710	230	89	536	50945	0	51800
10711	239	86	211	51587	0	52123
10712	121	52262	312	1903	0	54598
10713	273	1093	183	49321	0	50870
10714	149	53107	446	1255	0	54957
10715	53112	1189	170	776	0	55247
10716	54455	602	186	390	0	55633
10717	1754	197	195	51498	0	53644
10718	781	52577	361	1273	0	54992
10719	302	1247	53417	785	0	55751
10720	53027	632	1323	433	0	55415
10721	1409	205	754	53475	0	55843
10722	869	147	322	54520	0	55858
10723	391	128	225	55428	0	56172
10724	52926	118	241	2141	0	55426
10725	1326	51944	368	1021	0	54659
10726	777	53615	376	460	0	55228
10727	51140	1798	234	371	0	53543
10728	1319	52435	338	328	0	54420
10729	52677	1384	243	397	0	54701
10730	52152	756	238	417	0	53563
10731	1919	52331	372	631	0	55253
10732	985	1295	265	50550	0	53095
10733	352	53232	336	1469	0	55389
10734	357	1398	230	52608	0	54593
10735	360	799	207	56413	0	57779
10736	56093	309	217	2312	0	58931
10737	57946	273	233	1233	0	59685
10738	2399	249	239	57567	0	60454
10739	1157	365	56930	1781	0	60233
10740	54188	266	1633	1210	0	57297
10741	1674	56793	1070	669	0	60206
10742	1133	1773	406	56859	0	60171
10743	607	1004	259	58516	0	60386
10744	487	454	285	59734	0	60960
10745	56291	340	228	2783	0	59642
10746	55917	382	232	1489	0	58020
10747	2380	53985	376	906	0	57647
10748	1210	55896	371	609	0	58086
10749	723	2291	232	54901	0	58147
10750	635	1196	249	56255	0	58335
10751	537	603	55152	2427	0	58719
10752	536	478	1429	53115	0	55558
10753	404	454	52272	1920	0	55050
10754	470	385	50112	1164	0	52131
10755	464	49729	2020	761	0	52974
10756	515	1440	928	50081	0	52964
10757	51228	933	344	1785	0	54290
10758	1699	449	214	51587	0	53949
10759	1135	473	50910	1794	0	54312
10760	48677	463	1370	1208	0	51718
10761	50575	403	855	696	0	52529
10762	2354	493	49687	539	0	53073
10763	1338	402	1373	50964	0	54077
10764	50724	333	829	1808	0	53694
10765	1742	51971	450	1245	0	55408
10766	53035	1565	285	850	0	55735
10767	54660	1023	274	749	0	56706
10768	2475	553	273	53323	0	56624
10769	1355	406	245	55308	0	57314
10770	54215	364	289	2705	0	57573
10771	1947	329	303	54801	0	57380
10772	1298	477	53357	2061	0	57193
10773	51059	409	1536	1505	0	54509
10774	52571	398	1014	919	0	54902
10775	2373	51829	551	788	0	55541
10776	1267	54004	441	761	0	56473
10777	818	2377	306	50135	0	53636
10778	598	53703	413	1840	0	56554
10779	715	1728	289	53940	0	56672
10780	53123	1041	279	2030	0	56473
10781	52071	513	320	1391	0	54295
10782	2391	52045	471	796	0	55703
10783	51584	1599	315	761	0	54259
10784	1893	51861	442	745	0	54941
10785	52033	1625	361	748	0	54767
10786	52331	1028	382	746	0	54487
10787	2447	611	50448	742	0	54248
10788	48961	393	1696	698	0	51748
10789	1951	48912	1079	613	0	52555
10790	1293	51013	527	706	0	53539
10791	50630	2077	386	704	0	53797
10792	2132	1050	249	51043	0	54474
10793	1422	633	50810	1840	0	54705
10794	932	454	1513	51031	0	53930
10795	927	416	875	52653	0	54871
10796	759	540	50673	2422	0	54394
10797	47114	446	1525	1456	0	50541
10798	1921	50073	1031	898	0	53923
10799	49495	1470	380	739	0	52084
10800	2003	945	330	47863	0	51141
10801	47949	455	257	1676	0	50337
10802	1881	47449	424	1160	0	50914
10803	1337	1494	260	47501	0	50592
10804	46244	876	334	1772	0	49226
10805	1780	512	44117	1135	0	47544
10806	1132	411	41184	641	0	43368
10807	37785	301	1773	541	0	40400
10808	1523	38080	1035	378	0	41016
10809	771	32819	327	290	0	34207
10810	713	1457	174	29889	0	32233
10811	425	31638	248	906	0	33217
10812	428	881	207	31369	0	32885
10813	460	593	195	33099	0	34347
10814	420	251	226	32940	0	33837
10815	375	32346	331	1270	0	34322
10816	464	782	194	32010	0	33450
10817	417	595	30623	891	0	32526
10818	374	30330	685	578	0	31967
10819	424	852	383	27678	0	29337
10820	350	29457	281	722	0	30810
10821	29022	664	167	492	0	30345
10822	28887	430	169	370	0	29856
10823	29110	224	189	321	0	29844
10824	1058	29579	265	267	0	31169
10825	683	754	141	29180	0	30758
10826	436	552	28709	609	0	30306
10827	393	359	27950	432	0	29134
10828	26650	420	729	341	0	28140
10829	27747	224	426	330	0	28727
10830	871	225	173	28958	0	30227
10831	602	214	120	29926	0	30862
10832	403	259	30529	1012	0	32203
10833	295	29993	699	601	0	31588
10834	341	30042	478	361	0	31222
10835	296	694	27321	228	0	28539
10836	243	346	450	25516	0	26555
10837	263	249	266	22813	0	23591
10838	249	162	95	26239	0	26745
10839	244	175	95	26294	0	26808
10840	25880	162	101	644	0	26787
10841	515	247	24550	309	0	25621
10842	24228	167	379	200	0	24974
10843	536	157	234	24926	0	25853
10844	24773	171	108	469	0	25521
10845	483	170	107	24959	0	25719
10846	346	193	25116	469	0	26124
10847	240	145	372	25270	0	26027
10848	193	233	25742	473	0	26641
10849	211	128	364	25040	0	25743
10850	182	444	25733	461	0	26820
10851	151	26721	411	386	0	27669
10852	180	449	236	26945	0	27810
10853	166	309	114	26762	0	27351
10854	137	27410	154	624	0	28325
10855	28312	390	100	387	0	29189
10856	454	266	120	28250	0	29090
10857	351	149	112	27613	0	28225
10858	28459	143	111	689	0	29402
10859	28721	121	102	446	0	29390
10860	29791	122	111	267	0	30291
10861	30012	134	95	253	0	30494
10862	725	188	28917	218	0	30048
10863	27840	100	424	224	0	28588
10864	28958	76	280	234	0	29548
10865	689	95	139	27162	0	28085
10866	365	72	99	27281	0	27817
10867	25871	75	59	626	0	26631
10868	421	25932	113	363	0	26829
10869	260	351	61	25528	0	26200
10870	110	262	26397	409	0	27178
10871	57	26068	375	249	0	26749
10872	26093	322	481	186	0	27082
10873	26341	186	72	135	0	26734
10874	26479	59	61	117	0	26716
10875	27155	48	42	126	0	27371
10876	550	49	43	26666	0	27308
10877	252	95	26236	399	0	26982
10878	124	123	28394	263	0	28904
10879	140	40	634	30594	0	31408
10880	32185	32	288	639	0	33144
10881	699	19	88	32224	0	33030
10882	354	96	32683	742	0	33875
10883	32104	26	636	402	0	33168
10884	32528	23	321	178	0	33050
10885	983	41	101	33238	0	34363
10886	433	104	34509	684	0	35730
10887	182	124	35629	365	0	36300
10888	33382	33	967	234	0	34616
10889	718	35073	470	268	0	36529
10890	384	710	35366	147	0	36607
10891	291	285	700	35064	0	36340
10892	35163	84	346	805	0	36398
10893	726	34585	211	395	0	35917
10894	382	35421	161	163	0	36127
10895	34976	935	90	175	0	36176
10896	789	358	102	34895	0	36144
10897	36471	111	90	769	0	37441
10898	891	77	103	37069	0	38140
10899	525	62	105	37653	0	38345
10900	196	143	36862	1112	0	38313
10901	190	137	35801	504	0	36632
10902	197	142	37550	230	0	38119
10903	210	71	1161	36599	0	38041
10904	37049	49	609	894	0	38601
10905	935	149	37043	483	0	38610
10906	569	63	846	37280	0	38758
10907	260	392	38253	905	0	39810
10908	195	38972	1054	534	0	40755
10909	276	815	528	39035	0	40654
10910	260	430	193	39711	0	40594
10911	247	108	196	40055	0	40606
10912	38806	88	193	1430	0	40517
10913	1040	82	201	38854	0	40177
10914	600	89	169	39171	0	40029
10915	38308	96	169	1433	0	40006
10916	1012	207	38114	627	0	39960
10917	37837	100	934	344	0	39215
10918	38365	112	514	279	0	39270
10919	1389	218	37194	232	0	39033
10920	35703	119	932	328	0	37082
10921	1143	84	535	36682	0	38444
10922	658	164	37775	986	0	39583
10923	37077	75	954	645	0	38751
10924	37910	59	584	378	0	38931
10925	1412	57	254	37432	0	39155
10926	768	64	247	38209	0	39288
10927	385	71	238	38784	0	39478
10928	37135	63	265	1572	0	39035
10929	1058	37325	334	762	0	39479
10930	36100	804	231	401	0	37536
10931	964	34699	303	290	0	36256
10932	547	34132	282	401	0	35362
10933	349	1192	243	34008	0	35792
10934	329	474	215	34882	0	35900
10935	309	150	198	34834	0	35491
10936	305	96	200	35232	0	35833
10937	262	185	33952	1366	0	35765
10938	32519	106	918	724	0	34267
10939	994	92	510	34554	0	36150
10940	595	204	34690	1031	0	36520
10941	416	124	903	34810	0	36253
10942	357	123	502	35642	0	36624
10943	304	227	37506	1344	0	39381
10944	362	121	898	37775	0	39156
10945	348	101	560	38631	0	39640
10946	37832	104	283	1456	0	39675
10947	997	196	38562	803	0	40558
10948	36502	123	963	542	0	38130
10949	1039	38497	693	410	0	40639
10950	38269	811	300	491	0	39871
10951	37025	437	418	417	0	38297
10952	1417	161	246	36749	0	38573
10953	680	209	36483	1142	0	38514
10954	357	38488	1043	768	0	40656
10955	346	890	547	35106	0	36889
10956	300	39223	371	970	0	40864
10957	38644	904	235	693	0	40476
10958	977	549	37599	422	0	39547
10959	657	241	37359	361	0	38618
10960	346	140	1249	36154	0	37889
10961	320	214	37995	1101	0	39630
10962	375	132	937	37537	0	38981
10963	320	128	547	38112	0	39107
10964	38039	99	234	1507	0	39879
10965	997	38370	325	810	0	40502
10966	624	831	251	38856	0	40562
10967	391	435	204	39753	0	40783
10968	362	153	220	38897	0	39632
10969	295	38201	395	1402	0	40293
10970	263	39737	348	744	0	41092
10971	38877	1104	241	489	0	40711
10972	39087	456	210	419	0	40172
10973	38947	157	190	534	0	39828
10974	1350	215	38217	384	0	40166
10975	651	260	862	37041	0	38814
10976	300	267	37500	1025	0	39092
10977	281	37258	933	678	0	39150
10978	34922	648	521	543	0	36634
10979	707	428	33517	280	0	34932
10980	472	102	558	32090	0	33222
10981	317	172	32551	680	0	33720
10982	30851	72	555	481	0	31959
10983	33420	78	341	327	0	34166
10984	33571	85	160	301	0	34117
10985	32299	94	131	258	0	32782
10986	801	159	32894	234	0	34088
10987	31292	90	503	223	0	32108
10988	32408	88	312	245	0	33053
10989	688	32369	229	196	0	33482
10990	32216	405	134	217	0	32972
10991	32864	246	109	234	0	33453
10992	723	105	127	30963	0	31918
10993	368	33877	199	456	0	34900
10994	35252	467	97	431	0	36247
10995	38001	282	119	279	0	38681
10996	959	220	42238	237	0	43654
10997	448	182	43335	143	0	44108
10998	179	178	44150	132	0	44639
10999	213	72	1277	42725	0	44287
11000	43015	78	645	895	0	44633
11001	860	43112	250	787	0	45009
11002	42732	805	110	225	0	43872
11003	893	43337	222	217	0	44669
11004	42618	882	91	173	0	43764
11005	890	42707	212	120	0	43929
11006	487	43236	191	115	0	44029
11007	41163	1088	179	156	0	42586
11008	758	42298	158	98	0	43312
11009	473	807	65	42073	0	43418
11010	186	515	42193	742	0	43636
11011	152	191	42435	410	0	43188
11012	172	105	1087	41412	0	42776
11013	164	96	456	43048	0	43764
11014	159	198	42552	1105	0	44014
11015	194	92	795	41790	0	42871
11016	177	87	431	42953	0	43648
11017	42430	77	157	1187	0	43851
11018	811	42873	218	571	0	44473
11019	554	811	114	39897	0	41376
11020	188	43526	229	715	0	44658
11021	42843	817	143	480	0	44283
11022	807	43537	237	171	0	44752
11023	43629	852	106	220	0	44807
11024	43785	461	110	178	0	44534
11025	1377	180	122	42948	0	44627
11026	650	166	139	43805	0	44760
11027	339	226	172	44226	0	44963
11028	278	157	149	44468	0	45052
11029	227	231	42731	1402	0	44591
11030	37563	210	849	725	0	39347
11031	966	42538	551	223	0	44278
11032	642	914	170	42918	0	44644
11033	360	499	157	43057	0	44073
11034	232	43807	277	1355	0	45671
11035	43682	927	217	620	0	45446
11036	940	44500	276	283	0	45999
11037	654	1000	162	43964	0	45780
11038	348	557	146	45310	0	46361
11039	324	253	161	45482	0	46220
11040	349	204	159	45553	0	46265
11041	43596	200	174	1475	0	45445
11042	1073	328	44019	663	0	46083
11043	684	218	955	41433	0	43290
11044	343	211	579	41958	0	43091
11045	324	200	298	42140	0	42962
11046	352	201	217	42118	0	42888
11047	39167	206	173	1556	0	41102
11048	1093	298	39916	708	0	42015
11049	688	258	877	37466	0	39289
11050	348	38536	564	1016	0	40464
11051	270	40517	336	593	0	41716
11052	39148	1283	163	409	0	41003
11053	1013	748	39478	319	0	41558
11054	35835	328	770	330	0	37263
11055	1046	334	37639	294	0	39313
11056	525	219	811	35862	0	37417
11057	36640	176	470	1064	0	38350
11058	801	37646	374	712	0	39533
11059	558	816	280	34938	0	36592
11060	264	36618	368	859	0	38109
11061	37040	899	222	651	0	38812
11062	37689	481	209	519	0	38898
11063	1199	224	159	37433	0	39015
11064	645	318	37300	1080	0	39343
11065	387	358	37705	696	0	39146
11066	342	360	1133	36038	0	37873
11067	289	37463	605	1056	0	39413
11068	322	1037	169	39379	0	40907
11069	342	654	117	37599	0	38712
11070	391	346	96	37852	0	38685
11071	307	371	37557	1461	0	39696
11072	350	195	853	37214	0	38612
11073	263	197	517	37544	0	38521
11074	156	37076	333	1665	0	39230
11075	217	968	204	36841	0	38230
11076	247	485	169	39391	0	40292
11077	220	217	224	39967	0	40628
11078	319	141	196	39901	0	40557
11079	294	196	191	39305	0	39986
11080	252	229	137	39432	0	40050
11081	289	240	109	39099	0	39737
11082	318	282	139	38402	0	39141
11083	408	347	32480	4212	0	37447
11084	338	265	760	36499	0	37862
11085	35942	229	436	1297	0	37904
11086	1042	169	188	35624	0	37023
11087	635	271	35661	1255	0	37822
11088	33630	173	867	913	0	35583
11089	36247	202	507	621	0	37577
11090	36392	171	254	534	0	37351
11091	36544	178	196	571	0	37489
11092	1459	132	168	35763	0	37522
11093	645	220	34009	1203	0	36077
11094	272	32279	839	848	0	34238
11095	206	29626	520	447	0	30799
11096	295	1098	680	23213	0	25286
11097	109	249	281	25035	0	25674
11098	78	82	64	25079	0	25303
11099	87	51	36	26131	0	26305
11100	97	52	46	29965	0	30160
11101	32232	46	57	907	0	33242
11102	683	32734	135	490	0	34042
11103	387	33519	127	214	0	34247
11104	195	1107	57	33744	0	35103
11105	98	436	43	34751	0	35328
11106	105	110	55	34758	0	35028
11107	124	46	59	34559	0	34788
11108	97	135	32190	1313	0	33735
11109	80	31861	835	652	0	33428
11110	115	746	399	32226	0	33486
11111	31366	416	92	949	0	32823
11112	788	167	57	31941	0	32953
11113	413	177	31904	953	0	33447
11114	157	159	31384	592	0	32292
11115	96	172	32696	299	0	33263
11116	151	80	1130	31248	0	32609
11117	32872	62	467	976	0	34377
11118	807	75	127	33222	0	34231
11119	501	70	103	34758	0	35432
11120	34050	87	92	1281	0	35510
11121	832	62	100	35135	0	36129
11122	530	67	106	35634	0	36337
11123	166	143	36773	1281	0	38363
11124	111	36757	847	673	0	38388
11125	156	821	444	37606	0	39027
11126	37076	410	148	974	0	38608
11127	827	115	76	37978	0	38996
11128	485	180	37585	1027	0	39277
11129	202	197	752	36894	0	38045
11130	112	37671	534	1027	0	39344
11131	184	781	141	38345	0	39451
11132	149	588	38152	1022	0	39911
11133	88	39783	875	683	0	41429
11134	216	930	471	39647	0	41264
11135	152	501	154	43099	0	43906
11136	147	154	121	43658	0	44080
11137	154	95	141	43999	0	44389
11138	136	188	42032	1716	0	44072
11139	74	42124	1063	926	0	44187
11140	42014	968	594	451	0	44027
11141	42826	573	218	401	0	44018
11142	1451	180	130	42975	0	44736
11143	638	190	42462	1247	0	44537
11144	40449	112	1040	864	0	42465
11145	1056	103	632	43266	0	45057
11146	639	198	45078	1335	0	47250
11147	298	84	1064	45326	0	46772
11148	284	135	651	45854	0	46924
11149	237	101	194	47102	0	47634
11150	224	233	47069	1826	0	49352
11151	296	144	1085	43581	0	45106
11152	174	47525	782	1287	0	49768
11153	47758	1031	231	915	0	49935
11154	48119	635	208	561	0	49523
11155	48713	220	177	524	0	49634
11156	1626	47840	306	491	0	50263
11157	48051	1054	194	501	0	49800
11158	1173	636	190	46691	0	48690
11159	46781	200	226	1412	0	48619
11160	46889	163	192	1049	0	48293
11161	1629	272	46064	534	0	48499
11162	775	45877	1216	508	0	48376
11163	45423	1065	725	448	0	47661
11164	1170	656	253	44956	0	47035
11165	772	311	44681	1312	0	47076
11166	323	44602	1154	949	0	47028
11167	43838	989	673	563	0	46063
11168	1149	638	245	44640	0	46672
11169	820	216	222	45347	0	46605
11170	393	214	196	45045	0	45848
11171	295	44121	296	1859	0	46571
11172	417	1066	217	44388	0	46088
11173	238	44481	309	1423	0	46451
11174	361	1091	231	44950	0	46633
11175	330	777	44716	1428	0	47251
11176	346	290	1111	44897	0	46644
11177	323	206	748	45617	0	46894
11178	400	180	289	46587	0	47456
11179	310	309	45041	1965	0	47625
11180	353	176	1131	44308	0	45968
11181	336	186	748	45901	0	47171
11182	330	229	304	46418	0	47281
11183	367	217	278	46261	0	47123
11184	428	196	259	46852	0	47735
11185	350	335	45417	1997	0	48099
11186	421	209	1074	45048	0	46752
11187	417	277	705	45265	0	46664
11188	43239	190	273	1989	0	45691
11189	1147	43059	332	1169	0	45707
11190	850	44502	387	671	0	46410
11191	431	1509	236	44285	0	46461
11192	412	709	237	44017	0	45375
11193	323	43005	340	1816	0	45484
11194	427	1033	217	42661	0	44338
11195	266	42874	343	1531	0	45014
11196	423	1042	234	42876	0	44575
11197	362	624	190	41885	0	43061
11198	303	305	40113	1594	0	42315
11199	248	39320	991	986	0	41545
11200	252	37361	566	426	0	38605
11201	31604	857	152	380	0	32993
11202	511	32755	187	312	0	33765
11203	454	547	95	32328	0	33424
11204	277	416	31412	666	0	32771
11205	206	189	490	31078	0	31963
11206	30345	139	336	760	0	31580
11207	544	212	31985	579	0	33320
11208	393	33107	545	343	0	34388
11209	256	612	386	28493	0	29747
11210	194	366	155	33826	0	34541
11211	33931	168	118	994	0	35211
11212	526	138	124	34240	0	35028
11213	402	126	105	34470	0	35103
11214	193	159	102	34684	0	35138
11215	159	139	82	34613	0	34993
11216	33236	140	155	1015	0	34546
11217	32984	138	114	686	0	33922
11218	799	138	107	33527	0	34571
11219	32362	103	122	783	0	33370
11220	532	126	119	32151	0	32928
11221	372	217	31232	745	0	32566
11222	175	200	30718	569	0	31662
11223	186	276	646	27635	0	28743
11224	124	28984	376	625	0	30109
11225	133	405	110	29097	0	29745
11226	28332	301	96	666	0	29395
11227	445	148	78	28809	0	29480
11228	28231	126	86	730	0	29173
11229	458	118	81	29303	0	29960
11230	285	194	30140	632	0	31251
11231	111	29851	421	516	0	30899
11232	89	30597	312	330	0	31328
11233	117	548	67	28271	0	29003
11234	68	346	28429	450	0	29293
11235	31	25735	182	212	0	26160
11236	61	178	163	25923	0	26325
11237	25381	97	29	293	0	25800
11238	141	139	27199	192	0	27671
11239	134	53	124	26932	0	27243
11240	66	47	105	28227	0	28445
11241	53	133	27925	277	0	28388
11242	42	116	25899	202	0	26259
11243	60	223	27788	111	0	28182
11244	57	34	211	27019	0	27321
11245	48	104	28426	185	0	28763
11246	24611	34	174	186	0	25005
11247	201	27	105	28980	0	29313
11248	174	131	35863	252	0	36420
11249	56	37094	282	244	0	37676
11250	53	321	37292	91	0	37757
11251	71	173	285	36681	0	37210
11252	39331	42	199	444	0	40016
11253	299	32	66	40290	0	40687
11254	212	47	31	41195	0	41485
11255	43542	21	40	624	0	44227
11256	446	33	25	44736	0	45240
11257	598	227	44321	494	0	45640
11258	42177	37	442	407	0	43063
11259	450	45289	391	109	0	46239
11260	45582	420	72	150	0	46224
11261	501	240	43	45923	0	46707
11262	306	206	45837	458	0	46807
11263	105	218	46241	293	0	46857
11264	95	108	688	46313	0	47204
11265	103	26	316	46630	0	47075
11266	76	196	47387	683	0	48342
11267	71	190	45495	328	0	46084
11268	45926	22	765	164	0	46877
11269	532	38	352	48031	0	48953
11270	48716	22	100	598	0	49436
11271	613	18	63	48631	0	49325
11272	357	167	50836	621	0	51981
11273	156	185	53140	369	0	53850
11274	132	35	907	53592	0	54666
11275	140	19	406	54990	0	55555
11276	99	210	55578	958	0	56845
11277	52815	54	751	550	0	54170
11278	833	119	391	57492	0	58835
11279	59619	32	123	924	0	60698
11280	885	65207	251	607	0	66950
11281	574	1039	101	66663	0	68377
11282	66797	498	98	1318	0	68711
11283	1176	316	68828	612	0	70932
11284	694	93	1172	68588	0	70547
11285	259	63	590	69327	0	70239
11286	197	41	184	71308	0	71730
11287	143	515	69624	1800	0	72082
11288	204	73	1202	67911	0	69390
11289	130	70244	831	1291	0	72496
11290	178	1150	230	70911	0	72469
11291	139	701	70127	1347	0	72314
11292	179	343	70943	729	0	72194
11293	229	87	1785	70572	0	72673
11294	251	113	745	71858	0	72967
11295	204	55	251	73308	0	73818
11296	223	55	189	73689	0	74156
11297	72208	66	207	2045	0	74526
11298	71553	70	196	1000	0	72819
11299	1819	234	71424	385	0	73862
11300	752	72628	1425	320	0	75125
11301	371	1153	705	73599	0	75828
11302	77111	561	246	1558	0	79476
11303	73360	183	333	1009	0	74885
11304	78266	115	204	525	0	79110
11305	78245	87	241	450	0	79023
11306	1953	264	77177	355	0	79749
11307	72727	116	1367	479	0	74689
11308	1423	75094	892	403	0	77812
11309	857	1249	303	75910	0	78319
11310	338	771	76894	1517	0	79520
11311	379	184	1399	75882	0	77844
11312	277	509	76724	1625	0	79135
11313	328	129	1493	76100	0	78050
11314	327	125	804	78331	0	79587
11315	77391	102	365	2263	0	80121
11316	1503	107	331	78277	0	80218
11317	830	344	78088	1739	0	81001
11318	427	179	1438	80369	0	82413
11319	79550	128	855	1887	0	82420
11320	1552	127	400	80888	0	82967
11321	928	274	80711	1700	0	83613
11322	392	79614	1648	1139	0	82793
11323	83025	1261	855	861	0	86002
11324	1596	766	445	79849	0	82656
11325	872	85480	687	1583	0	88622
11326	84361	1349	360	1142	0	87212
11327	1621	902	85368	730	0	88621
11328	913	84678	1742	650	0	87983
11329	541	1346	917	85743	0	88547
11330	422	885	84934	1698	0	87939
11331	520	228	1565	81684	0	83997
11332	82390	174	934	1983	0	85481
11333	1791	354	82673	1222	0	86040
11334	1070	166	1528	81809	0	84573
11335	567	389	83229	1782	0	85967
11336	549	178	1623	81389	0	83739
11337	521	200	967	84128	0	85816
11338	80790	202	423	2457	0	83872
11339	1547	82517	624	1288	0	85976
11340	1041	1292	382	82772	0	85487
11341	81926	684	477	1854	0	84941
11342	82574	274	396	1282	0	84526
11343	2131	267	387	80696	0	83481
11344	1012	80494	576	1869	0	83951
11345	485	83585	636	1109	0	85815
11346	536	1644	358	81507	0	84045
11347	487	683	412	81373	0	82955
11348	72672	255	336	2156	0	75419
11349	1470	214	326	72801	0	74811
11350	752	333	70127	1586	0	72798
11351	62845	157	1265	1235	0	65502
11352	1322	67501	868	596	0	70287
11353	66828	1062	344	675	0	68909
11354	1408	698	68267	559	0	70932
11355	678	71198	1315	515	0	73706
11356	71237	1192	635	614	0	73678
11357	72131	572	367	501	0	73571
11358	1775	413	72333	400	0	74921
11359	70483	216	1357	427	0	72483
11360	73856	160	637	485	0	75138
11361	1790	75051	474	680	0	77995
11362	874	1300	235	76968	0	79377
11363	446	894	76556	1534	0	79430
11364	464	307	1453	76823	0	79047
11365	357	611	78527	1656	0	81151
11366	375	183	1512	76460	0	78530
11367	77759	154	795	1787	0	80495
11368	1627	144	337	80164	0	82272
11369	816	332	85484	1725	0	88357
11370	83415	130	1747	997	0	86289
11371	1946	134	856	87374	0	90310
11372	943	347	84706	1857	0	87853
11373	78676	123	1731	1066	0	81596
11374	1849	140	838	82525	0	85352
11375	974	288	81239	1803	0	84304
11376	375	318	81020	920	0	82633
11377	439	881	2075	77528	0	80923
11378	335	312	80524	1625	0	82796
11379	290	78166	1719	841	0	81016
11380	426	1159	674	71522	0	73781
11381	71348	544	307	1233	0	73432
11382	1119	288	72385	587	0	74379
11383	604	243	71072	215	0	72134
11384	63528	65	1605	249	0	65447
11385	1117	215	71050	272	0	72654
11386	64976	52	1207	267	0	66502
11387	1161	208	70267	155	0	71791
11388	741	54	1177	68124	0	70096
11389	246	243	71290	1083	0	72862
11390	228	60	1212	69624	0	71124
11391	208	248	72517	1152	0	74125
11392	159	228	71362	619	0	72368
11393	62117	76	1631	405	0	64229
11394	1087	70908	862	271	0	73128
11395	71888	988	299	323	0	73498
11396	1171	72899	418	170	0	74658
11397	683	1101	275	72514	0	74573
11398	351	560	258	74461	0	75630
11399	73678	145	253	1627	0	75703
11400	1255	110	230	72941	0	74536
11401	676	297	72386	1245	0	74604
11402	66521	87	1194	862	0	68664
11403	69464	100	744	434	0	70742
11404	1668	111	404	69175	0	71358
11405	800	272	69690	1213	0	71975
11406	479	106	1291	67910	0	69786
11407	298	69713	913	1276	0	72200
11408	362	1188	407	69811	0	71768
11409	363	583	335	71588	0	72869
11410	333	335	69429	1843	0	71940
11411	59171	166	1428	1155	0	61920
11412	1231	69120	1025	578	0	71954
11413	68904	1062	459	508	0	70933
11414	1292	70284	567	590	0	72733
11415	883	1345	433	67695	0	70356
11416	421	70242	558	1540	0	72761
11417	438	1418	68384	881	0	71121
11418	409	631	1475	64647	0	67162
11419	507	226	892	67064	0	68689
11420	428	141	536	69284	0	70389
11421	67055	143	496	2030	0	69724
11422	1396	162	534	67291	0	69383
11423	64102	162	490	1653	0	66407
11424	64582	159	463	1080	0	66284
11425	62784	205	622	657	0	64268
11426	1986	394	62623	491	0	65494
11427	1119	179	1499	62198	0	64995
11428	633	196	1020	66270	0	68119
11429	509	172	715	67917	0	69313
11430	70946	173	608	2339	0	74066
11431	1887	300	650	71372	0	74209
11432	1204	173	670	73664	0	75711
11433	76013	221	673	2709	0	79616
11434	2143	177	627	78355	0	81302
11435	1260	438	80552	2230	0	84480
11436	684	447	82183	1355	0	84669
11437	762	251	3036	81655	0	85704
11438	80730	191	1529	2489	0	84939
11439	78488	184	875	1453	0	81000
11440	3201	239	656	79157	0	83253
11441	1482	374	79292	2400	0	83548
11442	768	78488	2497	1401	0	83154
11443	784	1975	1347	79571	0	83677
11444	662	991	639	81389	0	83681
11445	715	368	606	81604	0	83293
11446	79876	222	590	3405	0	84093
11447	2335	421	80560	1697	0	85013
11448	80290	223	2306	988	0	83807
11449	2650	225	1321	77085	0	81281
11450	1448	80456	797	2319	0	85020
11451	80591	1960	496	1627	0	84674
11452	80019	1078	486	958	0	82541
11453	3214	590	83360	740	0	87904
11454	1491	79039	2304	847	0	83681
11455	589	77239	1419	793	0	80040
11456	75568	2494	497	814	0	79373
11457	2182	1065	406	75673	0	79326
11458	1397	408	386	76005	0	78196
11459	857	282	404	73536	0	75079
11460	552	71434	469	2965	0	75420
11461	436	72339	489	1420	0	74684
11462	69460	2225	262	795	0	72742
11463	1935	943	246	69061	0	72185
11464	1024	476	75518	1958	0	78976
11465	633	208	2023	79937	0	82801
11466	470	423	92302	2676	0	95871
11467	540	355	93596	1476	0	95967
11468	549	430	93704	661	0	95344
11469	319	83262	3915	501	0	87997
11470	976	2396	1836	75112	0	80320
11471	419	83145	831	2188	0	86583
11472	604	2749	444	77648	0	81445
11473	402	1416	291	83938	0	86047
11474	82207	516	261	3703	0	86687
11475	2523	268	223	83462	0	86476
11476	82139	214	214	3115	0	85682
11477	83155	198	197	1713	0	85263
11478	3697	175	234	77964	0	82070
11479	1718	78830	402	2676	0	83626
11480	935	2390	247	76187	0	79759
11481	513	79497	400	2825	0	83235
11482	535	2670	250	79301	0	82756
11483	450	1463	78568	3024	0	83505
11484	479	590	2465	79596	0	83130
11485	551	305	1380	81790	0	84026
11486	76867	273	680	4028	0	81848
11487	2491	78354	619	2050	0	83514
11488	1585	2466	421	78525	0	82997
11489	885	1342	393	77260	0	79880
11490	527	76383	519	3856	0	81285
11491	598	2565	352	77414	0	80929
11492	73234	1456	357	3297	0	78344
11493	76636	683	347	2012	0	79678
11494	3594	74612	488	1244	0	79938
11495	1904	2571	323	75048	0	79846
11496	72321	1422	315	3150	0	77208
11497	2702	74562	503	1884	0	79651
11498	1758	2694	389	67864	0	72705
11499	858	73857	631	2743	0	78089
11500	73059	2893	467	1730	0	78149
11501	2767	1608	72857	1086	0	78318
11502	1624	970	74060	860	0	77514
11503	1056	555	3678	72472	0	77761
11504	777	691	74038	2969	0	78475
11505	689	516	3087	73056	0	77348
11506	72166	512	1659	3382	0	77719
11507	2695	672	73253	2052	0	78672
11508	1715	573	2663	72790	0	77741
11509	1057	508	1490	74948	0	78003
11510	72432	565	748	4204	0	77949
11511	2661	73075	668	2465	0	78869
11512	73891	2637	500	1445	0	78473
11513	73469	1576	400	1175	0	76620
11514	3862	71294	606	1122	0	76884
11515	2153	2670	460	71856	0	77139
11516	1133	1806	70445	2994	0	76378
11517	843	964	2583	68653	0	73043
11518	657	70767	1678	3191	0	76293
11519	71340	2803	799	2019	0	76961
11520	2763	1670	576	72260	0	77269
11521	1569	1114	72532	3291	0	78506
11522	998	704	2767	73503	0	77972
11523	786	691	1511	76266	0	79254
11524	795	650	804	77377	0	79626
11525	860	610	522	77885	0	79877
11526	851	546	470	76114	0	77981
11527	696	726	71042	4918	0	77382
11528	1116	685	68830	2640	0	73271
11529	601	65918	3499	1666	0	71684
11530	524	65077	1686	1058	0	68345
11531	62699	2897	814	1007	0	67417
11532	2282	1582	62614	846	0	67324
11533	57713	678	2023	874	0	61288
11534	2299	601	56869	896	0	60665
11535	1296	473	54686	657	0	57112
11536	762	454	2655	51718	0	55589
11537	52952	432	1522	2043	0	56949
11538	1880	416	668	54159	0	57123
11539	1238	475	392	55033	0	57138
11540	631	488	56875	2967	0	60961
11541	539	356	1678	58107	0	60680
11542	593	256	966	58900	0	60715
11543	589	291	483	59190	0	60553
11544	626	297	315	59272	0	60510
11545	623	259	275	59669	0	60826
11546	56155	299	286	3202	0	59942
11547	1830	340	215	56761	0	59146
11548	992	489	54855	2449	0	58785
11549	759	413	1553	55825	0	58550
11550	473	494	55145	2280	0	58392
11551	510	534	1955	55077	0	58076
11552	380	402	56747	2366	0	59895
11553	510	452	2041	52533	0	55536
11554	408	240	1102	54870	0	56620
11555	349	433	53345	2637	0	56764
11556	48442	291	1740	1642	0	52115
11557	1639	463	53867	1016	0	56985
11558	1079	261	1874	53403	0	56617
11559	54033	217	1054	1977	0	57281
11560	1815	251	626	54272	0	56964
11561	1282	157	346	55176	0	56961
11562	758	349	54012	2495	0	57614
11563	413	52036	1598	1592	0	55639
11564	252	45545	773	835	0	47405
11565	214	42194	594	672	0	43674
11566	1480	422	398	27601	0	29901
11567	28325	204	58	288	0	28875
11568	183	43	46	28552	0	28824
11569	133	22	60	28957	0	29172
11570	84	25	38	29237	0	29384
11571	58	20	51	29046	0	29175
11572	28	28506	95	397	0	29026
11573	65	167	48	29396	0	29676
11574	45	108	53	29334	0	29540
11575	36	29174	98	456	0	29764
11576	29290	169	39	256	0	29754
11577	208	121	40	29226	0	29595
11578	28776	36	48	280	0	29140
11579	28673	17	45	235	0	28970
11580	274	29915	84	121	0	30394
11581	181	158	38	31764	0	32141
11582	125	180	31319	268	0	31892
11583	52	131	30713	178	0	31074
11584	74	71	269	30825	0	31239
11585	31635	16	142	276	0	32069
11586	32324	29	66	236	0	32655
11587	283	30	51	32678	0	33042
11588	32791	30	45	311	0	33177
11589	198	32791	90	206	0	33285
11590	33046	183	47	170	0	33446
11591	221	36343	114	108	0	36786
11592	168	203	49	37229	0	37649
11593	100	131	42	37218	0	37491
11594	42	37578	117	329	0	38066
11595	37030	189	44	252	0	37515
11596	221	279	36514	116	0	37130
11597	179	69	209	36416	0	36873
11598	91	140	37747	247	0	38225
11599	91	50	222	37141	0	37504
11600	37859	32	144	347	0	38382
11601	227	24	71	37786	0	38108
11602	37372	24	42	383	0	37821
11603	37484	39	49	276	0	37848
11604	347	29	41	37549	0	37966
11605	193	102	37207	283	0	37785
11606	78	39255	274	229	0	39836
11607	103	192	141	38958	0	39394
11608	38067	136	62	339	0	38604
11609	231	156	38920	221	0	39528
11610	220	43	196	38602	0	39061
11611	124	58	159	39239	0	39580
11612	97	43	58	40128	0	40326
11613	39631	56	63	451	0	40201
11614	249	60	60	39267	0	39636
11615	189	43	67	40306	0	40605
11616	86	140	40352	399	0	40977
11617	129	53	228	40246	0	40656
11618	119	38	166	41226	0	41549
11619	125	40	68	41845	0	42078
11620	91	41619	132	486	0	42328
11621	107	189	34	40669	0	40999
11622	106	141	39	41121	0	41407
11623	37916	65	44	448	0	38473
11624	231	146	38738	222	0	39337
11625	196	157	37332	147	0	37832
11626	98	38693	340	125	0	39256
11627	157	181	156	39473	0	39967
11628	39284	159	119	289	0	39851
11629	240	64	39	38708	0	39051
11630	328	47	32	39391	0	39798
11631	116	40	45	39767	0	39968
11632	102	41	40	39559	0	39742
11633	100	39	56	39376	0	39571
11634	80	121	38798	388	0	39387
11635	92	34	193	38706	0	39025
11636	38546	35	136	377	0	39094
11637	199	38272	124	236	0	38831
11638	207	186	49	38651	0	39093
11639	110	130	42	38937	0	39219
11640	100	158	36724	384	0	37366
11641	119	33	203	35946	0	36301
11642	96	54	155	39096	0	39401
11643	38997	50	60	578	0	39685
11644	328	40614	118	340	0	41400
11645	284	568	41	40895	0	41788
11646	147	227	56	41555	0	41985
11647	122	74	62	41840	0	42098
11648	85	145	42016	640	0	42886
11649	78	121	40599	388	0	41186
11650	80	41709	648	209	0	42646
11651	71	43323	371	180	0	43945
11652	104	571	92	41653	0	42420
11653	81	38073	188	543	0	38885
11654	127	601	65	44708	0	45501
11655	118	292	126	50998	0	51534
11656	127	72	51	53496	0	53746
11657	117	60	56	60612	0	60845
11658	83	177	59247	1540	0	61047
11659	121	65	914	59345	0	60445
11660	147	61	652	60560	0	61420
11661	125	44	188	61791	0	62148
11662	58116	46	136	1930	0	60228
11663	938	60205	236	1146	0	62525
11664	795	1060	106	54145	0	56106
11665	195	60266	182	1109	0	61752
11666	57243	1146	81	843	0	59313
11667	49591	879	163	525	0	51158
11668	1408	59079	152	412	0	61051
11669	653	60606	130	383	0	61772
11670	304	1870	58203	266	0	60643
11671	177	61423	1126	244	0	62970
11672	222	1468	681	58463	0	60834
11673	60393	854	205	1293	0	62745
11674	1062	61954	209	874	0	64099
11675	801	1325	120	62563	0	64809
11676	316	849	129	63979	0	65273
11677	219	318	151	65471	0	66159
11678	62010	233	106	2289	0	64638
11679	1220	282	63552	1221	0	66275
11680	57677	208	1180	718	0	59783
11681	1312	62078	838	481	0	64709
11682	911	1245	220	62287	0	64663
11683	335	958	61853	1402	0	64548
11684	55568	321	1217	1134	0	58240
11685	1292	61788	910	434	0	64424
11686	914	1332	282	59557	0	62085
11687	335	62544	285	1243	0	64407
11688	266	1431	177	62587	0	64461
11689	255	918	161	63986	0	65320
11690	193	490	62746	2062	0	65491
11691	203	386	59453	1127	0	61169
11692	246	289	1843	59267	0	61645
11693	173	357	61370	1571	0	63471
11694	238	217	1373	60093	0	61921
11695	244	580	919	59335	0	61078
11696	256	194	364	62536	0	63350
11697	60508	148	311	2336	0	63303
11698	1284	205	292	61447	0	63228
11699	894	319	61099	1814	0	64126
11700	59698	215	1312	1352	0	62577
11701	1394	197	906	62731	0	65228
11702	1030	226	360	63697	0	65313
11703	61860	238	273	2379	0	64750
11704	1365	63662	379	1385	0	66791
11705	989	1310	279	64403	0	66981
11706	469	921	247	63807	0	65444
11707	61463	392	247	2467	0	64569
11708	1393	477	61755	1460	0	65085
11709	1067	333	1296	60771	0	63467
11710	501	327	933	61874	0	63635
11711	372	339	396	60420	0	61527
11712	287	60652	502	2487	0	63928
11713	391	1300	314	61666	0	63671
11714	60154	1072	306	2010	0	63542
11715	1317	60560	454	1480	0	63811
11716	59361	1422	299	936	0	62018
11717	1453	60990	410	794	0	63647
11718	60993	1530	260	815	0	63598
11719	1607	1129	60235	722	0	63693
11720	1145	668	59638	699	0	62150
11721	57939	410	1939	737	0	61025
11722	1530	507	61793	746	0	64576
11723	1156	359	1496	61001	0	64012
11724	662	375	1072	58275	0	60384
11725	605	280	508	63717	0	65110
11726	62111	263	454	2556	0	65384
11727	1491	446	61485	1508	0	64930
11728	60982	309	1413	991	0	63695
11729	1633	281	987	66102	0	69003
11730	66545	277	464	2115	0	69401
11731	1988	299	318	67556	0	70161
11732	69386	348	341	2208	0	72283
11733	2053	340	305	74611	0	77309
11734	1234	528	75393	2283	0	79438
11735	73977	310	1783	1701	0	77771
11736	78438	288	1166	947	0	80839
11737	2969	274	533	77658	0	81434
11738	1584	318	467	74206	0	76575
11739	694	78215	634	2832	0	82375
11740	75018	1739	523	1743	0	79023
11741	1941	77080	581	990	0	80592
11742	72723	1766	488	924	0	75901
11743	2076	1186	74703	738	0	78703
11744	1353	569	74862	699	0	77483
11745	719	451	73923	705	0	75798
11746	68840	424	2741	771	0	72776
11747	1982	74225	1511	674	0	78392
11748	1456	1598	598	72070	0	75722
11749	71287	943	469	2000	0	74699
11750	1867	74388	572	1604	0	78431
11751	1404	2245	402	69038	0	73089
11752	629	73252	524	1866	0	76271
11753	601	71530	485	1261	0	73877
11754	556	72249	389	723	0	73917
11755	62740	2029	693	713	0	66175
11756	1358	63872	363	518	0	66111
11757	643	55968	298	308	0	57217
11758	367	56880	282	275	0	57804
11759	55717	1308	285	344	0	57654
11760	56002	526	180	357	0	57065
11761	1418	298	54937	287	0	56940
11762	52869	156	948	328	0	54301
11763	56808	171	493	335	0	57807
11764	1504	145	165	56031	0	57845
11765	57207	157	173	1152	0	58689
11766	1200	296	56811	587	0	58894
11767	636	60271	1053	271	0	62231
11768	60684	1046	562	266	0	62558
11769	1211	651	161	62156	0	64179
11770	63034	230	154	1229	0	64647
11771	1306	329	59682	626	0	61943
11772	59303	197	986	309	0	60795
11773	1315	176	513	62097	0	64101
11774	683	243	61681	1124	0	63731
11775	295	59877	1157	598	0	61927
11776	275	62622	652	249	0	63798
11777	362	1458	170	60333	0	62323
11778	327	621	106	57799	0	58853
11779	181	61183	212	1242	0	62818
11780	61204	1047	92	582	0	62925
11781	61129	540	107	246	0	62022
11782	60024	177	105	249	0	60555
11783	1592	62461	208	216	0	64477
11784	873	1081	117	57739	0	59810
11785	318	63997	185	901	0	65401
11786	63732	1107	100	567	0	65506
11787	62977	559	124	302	0	63962
11788	1523	62411	250	183	0	64367
11789	63548	1060	120	232	0	64960
11790	1294	587	134	62352	0	64367
11791	785	196	129	63348	0	64458
11792	64502	188	167	1604	0	66461
11793	63207	208	138	705	0	64258
11794	64040	179	141	328	0	64688
11795	1705	228	139	63181	0	65253
11796	819	245	117	64488	0	65669
11797	354	317	63511	1582	0	65764
11798	431	240	1104	62725	0	64500
11799	398	259	579	63121	0	64357
11800	380	335	61411	1532	0	63658
11801	327	388	59073	653	0	60441
11802	335	357	62194	268	0	63154
11803	396	289	1561	60842	0	63088
11804	381	384	61031	1173	0	62969
11805	410	307	1124	60276	0	62117
11806	418	362	583	61797	0	63160
11807	393	422	61141	1610	0	63566
11808	365	426	61551	701	0	63043
11809	410	304	1530	60079	0	62323
11810	369	410	65055	1223	0	67057
11811	413	412	64265	704	0	65794
11812	351	63876	1678	332	0	66237
11813	65289	1214	690	319	0	67512
11814	65754	704	241	299	0	66998
11815	65608	333	260	369	0	66570
11816	1802	65163	283	393	0	67641
11817	943	66490	358	304	0	68095
11818	549	1632	202	65813	0	68196
11819	579	709	206	66122	0	67616
11820	442	420	65184	1706	0	67752
11821	504	298	1225	64690	0	66717
11822	65099	221	662	1481	0	67463
11823	1465	304	329	59672	0	61770
11824	856	64348	552	1227	0	66983
11825	66849	1269	261	804	0	69183
11826	67664	688	215	470	0	69037
11827	69210	273	228	480	0	70191
11828	2078	363	66957	474	0	69872
11829	962	183	1046	65746	0	67937
11830	67952	208	687	1386	0	70233
11831	1441	298	70906	826	0	73471
11832	818	68451	1395	417	0	71081
11833	308	65165	754	275	0	66502
11834	60993	1437	515	275	0	63220
11835	1116	62180	425	246	0	63967
11836	816	1082	138	60491	0	62527
11837	296	693	62603	1085	0	64677
11838	272	186	1071	62286	0	63815
11839	62080	143	583	1254	0	64060
11840	1088	61940	363	734	0	64125
11841	61717	1005	191	334	0	63247
11842	1225	687	61549	250	0	63711
11843	768	202	1062	57150	0	59182
11844	250	63068	748	1038	0	65104
11845	345	1143	402	63188	0	65078
11846	64244	575	177	1395	0	66391
11847	64962	184	160	749	0	66055
11848	65310	133	208	346	0	65997
11849	65691	139	195	273	0	66298
11850	1705	166	198	62055	0	64124
11851	778	234	63234	1139	0	65385
11852	437	172	1091	59433	0	61133
11853	283	62669	736	1131	0	64819
11854	62804	1004	290	707	0	64805
11855	1142	675	62809	318	0	64944
11856	60189	179	1118	317	0	61803
11857	1181	168	640	62389	0	64378
11858	698	305	63860	1095	0	65958
11859	400	154	1087	62933	0	64574
11860	64082	159	652	1397	0	66290
11861	64632	191	295	762	0	65880
11862	64673	171	240	417	0	65501
11863	1577	352	62864	274	0	65067
11864	925	229	987	61331	0	63472
11865	386	374	63880	1026	0	65666
11866	331	62870	1129	630	0	64960
11867	59726	938	633	413	0	61710
11868	990	59982	373	226	0	61571
11869	57708	812	287	246	0	59053
11870	1005	456	160	54673	0	56294
11871	563	58198	282	771	0	59814
11872	58153	806	189	585	0	59733
11873	945	591	58633	242	0	60411
11874	611	172	784	57726	0	59293
11875	58173	157	444	930	0	59704
11876	950	301	59005	529	0	60785
11877	708	177	816	56678	0	58379
11878	393	57879	653	804	0	59729
11879	439	856	223	59946	0	61464
11880	368	546	191	60614	0	61719
11881	57450	275	173	1300	0	59198
11882	981	59497	319	655	0	61452
11883	706	836	200	56484	0	58226
11884	395	58530	358	833	0	60116
11885	449	913	206	56413	0	57981
11886	356	58353	349	863	0	59921
11887	56966	901	214	630	0	58711
11888	1146	665	59071	346	0	61228
11889	771	273	859	58757	0	60660
11890	489	192	545	60118	0	61344
11891	467	230	270	60323	0	61290
11892	526	209	180	59048	0	59963
11893	483	370	57632	1325	0	59810
11894	452	59215	976	872	0	61515
11895	58859	826	530	460	0	60675
11896	58860	545	407	438	0	60250
11897	1267	59615	326	404	0	61612
11898	60303	854	233	423	0	61813
11899	59577	564	253	425	0	60819
11900	1311	61598	360	371	0	63640
11901	881	912	235	58563	0	60591
11902	435	62569	393	856	0	64253
11903	61483	893	258	674	0	63308
11904	1073	679	61214	396	0	63362
11905	55155	247	889	504	0	56795
11906	1030	358	63130	408	0	64926
11907	808	247	871	62190	0	64116
11908	62788	208	558	1048	0	64602
11909	1077	352	62128	653	0	64210
11910	57444	232	857	486	0	59019
11911	60823	239	549	433	0	62044
11912	1354	255	287	58521	0	60417
11913	718	60311	358	888	0	62275
11914	61284	901	184	691	0	63060
11915	1080	608	183	60142	0	62013
11916	751	59343	356	885	0	61335
11917	59875	826	212	707	0	61620
11918	1007	557	233	59534	0	61331
11919	665	62959	390	901	0	64915
11920	455	810	240	65104	0	66609
11921	64723	503	217	1078	0	66521
11922	65109	238	217	777	0	66341
11923	65904	235	241	482	0	66862
11924	1345	215	218	64393	0	66171
11925	660	231	169	63593	0	64653
11926	364	451	63130	1139	0	65084
11927	496	603	686	62189	0	63974
11928	377	382	65854	891	0	67504
11929	258	328	59814	430	0	60830
11930	179	293	58995	173	0	59640
11931	146	61273	850	372	0	62641
11932	249	766	414	56841	0	58270
11933	249	64904	249	428	0	65830
11934	66164	607	246	385	0	67402
11935	66448	376	97	286	0	67207
11936	1019	126	93	67745	0	68983
11937	482	259	68453	710	0	69904
11938	223	97	752	67619	0	68691
11939	187	293	70901	867	0	72248
11940	260	126	806	67343	0	68535
11941	147	70453	566	781	0	71947
11942	155	72372	249	502	0	73278
11943	68755	1174	101	306	0	70336
11944	874	678	70435	145	0	72132
11945	609	162	805	68746	0	70322
11946	288	125	465	70347	0	71225
11947	70954	87	131	1380	0	72552
11948	837	71674	289	684	0	73484
11949	71537	822	129	320	0	72808
11950	853	73315	275	353	0	74796
11951	72186	859	155	323	0	73523
11952	74002	511	152	345	0	75010
11953	1360	183	149	74227	0	75919
11954	626	344	74451	910	0	76331
11955	68941	181	890	712	0	70724
11956	948	75539	675	225	0	77387
11957	77027	877	177	343	0	78424
11958	1045	661	169	74661	0	76536
11959	684	199	159	74169	0	75211
11960	256	74097	310	1266	0	75929
11961	319	926	141	72394	0	73780
11962	253	75294	274	1108	0	76929
11963	365	1029	127	74269	0	75790
11964	331	537	129	73584	0	74581
11965	70184	188	162	1437	0	71971
11966	996	349	71752	663	0	73760
11967	631	71109	938	304	0	72982
11968	360	953	495	71669	0	73477
11969	73739	597	178	1106	0	75620
11970	74408	208	216	753	0	75585
11971	74497	198	180	464	0	75339
11972	1572	357	74296	257	0	76482
11973	73287	215	1127	370	0	74999
11974	1277	242	633	75956	0	78108
11975	74786	221	315	1353	0	76675
11976	1236	73830	342	810	0	76218
11977	874	1130	170	74204	0	76378
11978	73572	685	197	1324	0	75778
11979	1279	76185	350	904	0	78718
11980	878	1309	204	76360	0	78751
11981	458	954	75478	1361	0	78251
11982	74233	316	1205	1015	0	76769
11983	80553	248	698	464	0	81963
11984	2221	513	80308	364	0	83406
11985	1024	79256	1518	407	0	82205
11986	433	82065	1005	407	0	83910
11987	624	2013	453	80924	0	84014
11988	455	1026	385	78568	0	80434
11989	503	387	222	81304	0	82416
11990	436	536	80843	2245	0	84060
11991	78392	322	1524	1222	0	81460
11992	85997	329	867	655	0	87848
11993	88956	279	347	593	0	90175
11994	88788	306	276	559	0	89929
11995	89404	283	285	600	0	90572
11996	89874	321	313	558	0	91066
11997	2912	354	333	92620	0	96219
11998	1370	558	91605	2087	0	95620
11999	736	584	94314	1183	0	96817
12000	699	409	2847	92497	0	96452
12001	749	372	1109	92614	0	94844
12002	737	359	396	90738	0	92230
12003	658	94121	492	2967	0	98238
12004	94450	2117	289	1425	0	98281
12005	2451	98223	485	692	0	101851
12006	1532	2318	298	95531	0	99679
12007	94078	1163	314	2581	0	98136
12008	2391	95706	486	1536	0	100119
12009	1548	2281	283	96205	0	100317
12010	781	1257	282	98555	0	100875
12011	802	559	242	98776	0	100379
12012	618	99003	477	3532	0	103630
12013	800	2368	286	101577	0	105031
12014	682	1493	101288	2942	0	106405
12015	854	557	2496	102214	0	106121
12016	865	446	1205	105027	0	107543
12017	880	463	351	113256	0	114950
12018	888	450	300	117133	0	118771
12019	829	614	110483	4729	0	116655
12020	770	110286	3189	2443	0	116688
12021	928	3000	1676	110559	0	116163
12022	822	1710	645	114609	0	117786
12023	834	739	538	109128	0	111239
12024	719	108379	754	5118	0	114970
12025	728	114947	670	2688	0	119033
12026	112039	4464	409	1618	0	118530
12027	3552	2052	361	109502	0	115467
12028	1989	1086	108530	3741	0	115346
12029	878	108112	3059	2523	0	114572
12030	104974	3129	1739	1434	0	111276
12031	3384	2065	105085	1124	0	111658
12032	2020	1005	105306	1087	0	109418
12033	956	859	105403	997	0	108215
12034	967	1418	4638	99597	0	106620
12035	757	719	102758	3421	0	107655
12036	501	98851	3569	2461	0	105382
12037	584	2703	2076	96553	0	101916
12038	554	1837	99443	3361	0	105195
12039	598	956	3123	97787	0	102464
12040	95530	640	1907	3975	0	102052
12041	2893	797	96797	2643	0	103130
12042	92746	627	3049	1823	0	98245
12043	3149	98941	2085	1370	0	105545
12044	99698	3039	983	1327	0	105047
12045	3670	1866	942	98635	0	105113
12046	99661	880	862	3693	0	105096
12047	100207	754	973	2445	0	104379
12048	97340	933	800	1561	0	100634
12049	4613	98772	996	1401	0	105782
12050	99710	2866	1032	1372	0	104980
12051	99800	1704	1094	1303	0	103901
12052	4642	1066	97459	1290	0	104457
12053	2582	97162	3328	1327	0	104399
12054	1574	3117	2403	95583	0	102677
12055	1338	2142	1082	98196	0	102758
12056	1220	1082	988	99928	0	103218
12057	1019	1000	96161	5033	0	103213
12058	1025	812	3208	97002	0	102047
12059	1164	912	97168	4183	0	103427
12060	95391	730	3619	3025	0	102765
12061	99777	714	2261	2005	0	104757
12062	4599	1101	98307	1598	0	105605
12063	97382	777	3314	1653	0	103126
12064	100509	708	2208	1737	0	105162
12065	102159	666	1362	1526	0	105713
12066	5512	682	1183	98124	0	105501
12067	3160	951	98770	3686	0	106567
12068	1888	98781	3511	2588	0	106768
12069	1962	2984	2168	97368	0	104482
12070	1797	2076	99531	3546	0	106950
12071	1369	1296	95567	2450	0	100682
12072	89195	1089	4149	1803	0	96236
12073	3037	97042	2538	1755	0	104372
12074	97812	2749	1353	1868	0	103782
12075	97746	1748	1316	1734	0	102544
12076	4178	97922	1643	1442	0	105185
12077	98073	2750	1295	1543	0	103661
12078	3727	1960	100590	1300	0	107577
12079	2870	1104	99292	1173	0	104439
12080	2200	968	99982	1068	0	104218
12081	1708	97172	4368	1068	0	104316
12082	94438	2369	2726	1069	0	100602
12083	94622	1563	1641	1107	0	98933
12084	4136	91452	1621	1137	0	98346
12085	2470	96118	1517	1418	0	101523
12086	1804	3414	1365	94262	0	100845
12087	1560	2192	1121	96339	0	101212
12088	95518	1192	1054	3735	0	101499
12089	2939	97248	1497	2179	0	103863
12090	96152	2493	1259	1405	0	101309
12091	93255	1738	1082	1217	0	97292
12092	3964	1352	92390	1025	0	98731
12093	2847	90277	2497	874	0	96495
12094	2505	2300	1808	88468	0	95081
12095	88678	1712	1080	1983	0	93453
12096	3352	945	1083	87781	0	93161
12097	83998	743	1283	2030	0	88054
12098	2744	863	82210	1402	0	87219
12099	2049	79441	2464	1032	0	84986
12100	1510	82028	1691	915	0	86144
12101	1763	2733	1239	73736	0	79471
12102	1542	82759	1085	1468	0	86854
12103	82003	2146	864	1314	0	86327
12104	2009	1882	80431	922	0	85244
12105	74502	1115	1713	1034	0	78364
12106	2220	1061	82438	962	0	86681
12107	2055	796	1760	80513	0	85124
12108	1659	873	1369	82000	0	85901
12109	1831	651	890	83314	0	86686
12110	81123	597	849	2331	0	84900
12111	2227	767	82980	1409	0	87383
12112	1738	628	1434	80885	0	84685
12113	1261	505	1141	80049	0	82956
12114	1243	77970	827	2176	0	82216
12115	1089	77968	709	1541	0	81307
12116	1190	80219	786	937	0	83132
12117	822	1245	433	72778	0	75278
12118	543	608	321	68852	0	70324
12119	290	67837	288	779	0	69194
12120	300	69027	282	446	0	70055
12121	67063	627	321	346	0	68357
12122	654	343	151	67372	0	68520
12123	329	66995	229	436	0	67989
12124	67960	296	178	336	0	68770
12125	508	240	129	68244	0	69121
12126	72253	104	134	500	0	72991
12127	630	123	125	73944	0	74822
12128	419	280	76007	529	0	77235
12129	196	76825	510	423	0	77954
12130	71628	414	316	330	0	72688
12131	498	465	76596	132	0	77691
12132	289	76752	508	135	0	77684
12133	148	551	189	76812	0	77700
12134	122	257	56	78046	0	78481
12135	121	86	67	76430	0	76704
12136	117	62	44	76004	0	76227
12137	108	228	77065	547	0	77948
12138	58	75989	418	323	0	76788
12139	109	371	197	76125	0	76802
12140	71544	211	41	510	0	72306
12141	290	75467	132	324	0	76213
12142	233	332	35	79296	0	79896
12143	159	386	78187	477	0	79209
12144	61	78859	588	397	0	79905
12145	341	568	347	71427	0	72683
12146	55	81510	178	330	0	82073
12147	81373	592	34	333	0	82332
12148	81138	369	51	217	0	81775
12149	1052	289	79880	58	0	81279
12150	76218	68	592	219	0	77097
12151	79826	71	414	233	0	80544
12152	1088	245	78569	87	0	79989
12153	484	80188	771	76	0	81519
12154	202	669	422	79122	0	80415
12155	128	429	86	82742	0	83385
12156	82046	86	68	1282	0	83482
12157	728	63	43	81524	0	82358
12158	484	265	81616	710	0	83075
12159	71114	61	702	664	0	72541
12160	788	243	79540	132	0	80703
12161	471	79905	851	191	0	81418
12162	76070	697	487	244	0	77498
12163	752	613	79003	79	0	80447
12164	535	309	77126	92	0	78062
12165	131	78899	1159	123	0	80312
12166	153	714	469	79772	0	81108
12167	178	689	78386	808	0	80061
12168	242	176	854	67122	0	68394
12169	171	84	457	77443	0	78155
12170	142	255	75907	1116	0	77420
12171	78	75947	866	594	0	77485
12172	139	731	476	75919	0	77265
12173	75139	461	143	887	0	76630
12174	74281	145	100	632	0	75158
12175	1168	107	95	75050	0	76420
12176	583	272	74066	803	0	75724
12177	236	322	77585	550	0	78693
12178	195	111	1210	75469	0	76985
12179	151	289	75588	878	0	76906
12180	71809	132	922	665	0	73528
12181	1065	124	580	77405	0	79174
12182	726	107	186	78115	0	79134
12183	208	79261	299	1573	0	81341
12184	263	1015	132	81133	0	82543
12185	214	843	78000	1133	0	80190
12186	71023	213	1073	872	0	73181
12187	77546	134	637	426	0	78743
12188	1579	273	78810	229	0	80891
12189	859	144	1077	84566	0	86646
12190	334	157	695	88411	0	89597
12191	267	306	88311	2372	0	91256
12192	378	129	1656	88783	0	90946
12193	372	185	955	88613	0	90125
12194	216	93704	449	2456	0	96825
12195	325	1773	238	95307	0	97643
12196	335	936	212	96669	0	98152
12197	97256	253	242	2912	0	100663
12198	100253	167	258	1373	0	102051
12199	102702	168	210	543	0	103623
12200	101878	139	293	474	0	102784
12201	101140	143	277	481	0	102041
12202	3156	406	96736	383	0	100681
12203	1455	183	2045	94505	0	98188
12204	586	144	1136	98297	0	100163
12205	373	372	97741	3076	0	101562
12206	91004	176	2097	1559	0	94836
12207	96136	176	1207	609	0	98128
12208	3139	418	90563	399	0	94519
12209	94603	152	1901	553	0	97209
12210	97880	127	1150	487	0	99644
12211	3304	375	96720	366	0	100765
12212	1678	166	2262	91454	0	95560
12213	563	101702	1542	2186	0	105993
12214	632	2198	488	108888	0	112206
12215	629	1155	357	109866	0	112007
12216	603	288	336	110498	0	111725
12217	502	454	107207	3649	0	111812
12218	101137	186	2480	1846	0	105649
12219	108058	129	1377	779	0	110343
12220	3697	155	491	106647	0	110990
12221	1619	392	105984	2681	0	110676
12222	708	147	2527	105360	0	108742
12223	655	399	109256	2863	0	113173
12224	558	374	110666	1651	0	113249
12225	455	112167	3888	762	0	117272
12226	738	2263	1502	107358	0	111861
12227	108345	1086	488	2652	0	112571
12228	105479	282	433	1592	0	107786
12229	108350	161	435	842	0	109788
12230	3922	162	388	104083	0	108555
12231	1696	110059	617	2753	0	115125
12232	809	2617	389	111961	0	115776
12233	573	1585	115099	3229	0	120486
12234	116715	392	2940	2091	0	122138
12235	128445	204	1854	1067	0	131570
12236	5069	166	588	126497	0	132320
12237	2478	200	462	129299	0	132439
12238	1288	154	561	131382	0	133385
12239	874	584	126170	5311	0	132939
12240	106233	258	3702	3167	0	113360
12241	3696	123443	2288	1286	0	130713
12242	1852	122491	1076	961	0	126380
12243	948	4361	122158	836	0	128303
12244	844	1612	3329	119541	0	125326
12245	698	758	123021	3627	0	128104
12246	113515	326	3630	2100	0	119571
12247	3740	350	1720	117506	0	123316
12248	2152	470	117703	3370	0	123695
12249	1015	120959	3375	2150	0	127499
12250	118280	2974	1645	1185	0	124084
12251	3660	1685	123751	876	0	129972
12252	1999	121111	3707	903	0	127720
12253	1030	125310	2093	837	0	129270
12254	123744	4208	811	1010	0	129773
12255	3724	1742	693	123408	0	129567
12256	2090	739	127047	3683	0	133559
12257	1044	126789	3726	2426	0	133985
12258	126474	3079	1958	1174	0	132685
12259	127719	1614	842	1039	0	131214
12260	4775	126701	947	934	0	133357
12261	2193	3629	128833	904	0	135559
12262	1213	1744	3528	128704	0	135189
12263	129828	640	1971	3897	0	136336
12264	131376	442	950	2281	0	135049
12265	5179	732	129164	1072	0	136147
12266	2714	496	3537	124715	0	131462
12267	1458	442	2036	131385	0	135321
12268	1167	737	130798	4945	0	137647
12269	1125	785	129850	2327	0	134087
12270	128605	514	4998	1353	0	135470
12271	134894	578	2345	1125	0	138942
12272	136863	615	1000	1121	0	139599
12273	136657	540	1004	1171	0	139372
12274	5485	767	131565	984	0	138801
12275	131003	530	3722	1110	0	136365
12276	4591	550	2082	129833	0	137056
12277	2532	810	132838	3755	0	139935
12278	1486	777	133911	2294	0	138468
12279	1102	131878	5123	1533	0	139636
12280	1201	3164	2284	126736	0	133385
12281	1109	2155	130173	3564	0	137001
12282	122820	849	3647	2105	0	129421
12283	4051	886	2154	109786	0	116877
12284	2179	128708	1490	2933	0	135310
12285	130074	3160	1115	2067	0	136416
12286	131853	1622	1173	1305	0	135953
12287	4927	1116	130014	1045	0	137102
12288	2476	128790	3932	1042	0	136240
12289	1443	2623	1809	121359	0	127234
12290	121218	1491	1007	3018	0	126734
12291	3461	685	914	120433	0	125493
12292	2063	874	116969	2806	0	122712
12293	102310	567	2779	1800	0	107456
12294	2977	112977	1898	911	0	118763
12295	1756	110514	1111	810	0	114191
12296	998	117401	1206	799	0	120404
12297	114530	3089	1470	1170	0	120259
12298	113956	1476	1048	978	0	117458
12299	115463	637	855	740	0	117695
12300	3757	580	757	112034	0	117128
12301	2039	802	112778	2358	0	117977
12302	1221	478	2554	112864	0	117117
12303	113640	530	1539	2704	0	118413
12304	2994	506	827	114789	0	119116
12305	116762	461	825	2745	0	120793
12306	116863	464	815	1586	0	119728
12307	115129	508	814	963	0	117414
12308	3461	115140	1054	990	0	120645
12309	114432	2206	825	826	0	118289
12310	2960	1456	113012	645	0	118073
12311	1897	787	114954	574	0	118212
12312	1200	112061	3211	489	0	116961
12313	1687	2130	2142	103822	0	109781
12314	102449	1055	739	2145	0	106388
12315	2543	726	102325	1050	0	106644
12316	96485	391	2239	641	0	99756
12317	2517	372	1286	99126	0	103301
12318	1433	102371	991	1907	0	106702
12319	922	1827	712	103920	0	107381
12320	801	1323	103941	2043	0	108108
12321	93775	528	2112	1508	0	97923
12322	2403	661	106181	621	0	109866
12323	1535	568	100853	473	0	103429
12324	93831	347	2536	586	0	97300
12325	2140	97326	1447	490	0	101403
12326	99539	1725	744	583	0	102591
12327	100150	980	503	609	0	102242
12328	3037	627	97557	405	0	101626
12329	92705	347	2287	569	0	95908
12330	2137	578	94459	530	0	97704
12331	1201	532	90814	630	0	93177
12332	843	426	93200	504	0	94973
12333	621	87337	2171	369	0	90498
12334	79917	1307	2598	617	0	84439
12335	78481	395	285	351	0	79512
12336	78488	154	188	349	0	79179
12337	78581	126	192	358	0	79257
12338	1218	387	78633	257	0	80495
12339	701	129	781	77263	0	78874
12340	463	130	441	80252	0	81286
12341	79868	113	207	1163	0	81351
12342	867	79283	406	621	0	81177
12343	620	679	180	78692	0	80171
12344	77607	380	203	912	0	79102
12345	859	412	79854	414	0	81539
12346	638	146	767	80057	0	81608
12347	350	406	82843	842	0	84441
12348	283	82388	1031	573	0	84275
12349	375	1113	586	77815	0	79889
12350	77525	375	246	1059	0	79205
12351	928	145	162	81856	0	83091
12352	559	334	81532	912	0	83337
12353	228	82737	1045	573	0	84583
12354	80749	831	504	359	0	82443
12355	1002	700	82097	154	0	83953
12356	78424	127	923	304	0	79778
12357	1070	83963	700	162	0	85895
12358	86863	967	321	312	0	88463
12359	88546	589	175	304	0	89614
12360	1807	178	139	89252	0	91376
12361	906	417	88667	1187	0	91177
12362	313	90040	1395	743	0	92491
12363	396	1143	737	92820	0	95096
12364	357	739	207	95017	0	96320
12365	403	168	180	101718	0	102469
12366	465	177	169	102926	0	103737
12367	219	111545	468	2618	0	114850
12368	112784	1994	232	1281	0	116291
12369	2180	114239	441	404	0	117264
12370	1362	2437	216	116197	0	120212
12371	118046	1167	191	2614	0	122018
12372	2706	297	191	118740	0	121934
12373	1436	522	117307	2777	0	122042
12374	499	117444	2664	1523	0	122130
12375	626	2488	1258	116597	0	120969
12376	523	1366	319	120707	0	122915
12377	113647	398	261	3806	0	118112
12378	2754	627	113159	1568	0	118108
12379	110902	265	2487	863	0	114517
12380	113332	359	1392	675	0	115758
12381	114422	320	402	720	0	115864
12382	4029	589	111432	604	0	116654
12383	1948	396	2593	109129	0	114066
12384	818	353	1385	112299	0	114855
12385	657	613	112849	4079	0	118198
12386	598	598	115481	1960	0	118637
12387	112789	363	3926	1025	0	118103
12388	3258	484	1672	117013	0	122427
12389	119219	344	639	3357	0	123559
12390	121845	412	425	2113	0	124795
12391	4711	390	386	120201	0	125688
12392	2193	642	127754	3466	0	134055
12393	120589	424	3470	2359	0	126842
12394	3915	355	1879	129037	0	135186
12395	2352	732	129404	3871	0	136359
12396	1088	127518	3698	2367	0	134671
12397	125914	3428	1911	1298	0	132551
12398	3807	129286	999	1150	0	135242
12399	2850	3703	660	110652	0	117865
12400	1263	130460	862	3353	0	135938
12401	127137	3597	705	2204	0	133643
12402	129593	2005	732	1364	0	133694
12403	5398	127794	1061	1438	0	135691
12404	127985	3497	746	1295	0	133523
12405	126777	2017	745	1380	0	130919
12406	5529	124311	1072	1309	0	132221
12407	126149	3483	755	1318	0	131705
12408	4790	1881	827	123510	0	131008
12409	3255	710	793	126595	0	131353
12410	125006	541	802	5486	0	131835
12411	4846	535	771	114139	0	120291
12412	3032	119849	1065	3933	0	127879
12413	120226	3441	850	2675	0	127192
12414	119441	2056	920	1502	0	123919
12415	5496	119300	1284	1744	0	127824
12416	121798	3604	936	1347	0	127685
12417	123192	2170	895	1236	0	127493
12418	6191	910	777	118900	0	126778
12419	3468	1160	118738	4129	0	127495
12420	2058	117895	3948	2733	0	126634
12421	119797	3713	2196	1520	0	127226
12422	120926	2317	892	1386	0	125521
12423	6472	1307	116859	1277	0	125915
12424	117853	889	3603	1474	0	123819
12425	5070	1148	115686	1247	0	123151
12426	115567	1069	3745	1281	0	121662
12427	5121	1102	2176	114865	0	123264
12428	3429	1358	114706	4133	0	123626
12429	2165	1341	116707	2731	0	122944
12430	2140	1307	4993	112344	0	120784
12431	2234	1160	2253	113688	0	119335
12432	2154	1341	109661	5373	0	118529
12433	2438	1149	3554	110221	0	117362
12434	2346	1408	111686	4209	0	119649
12435	2522	1180	3859	110180	0	117741
12436	2560	1259	2283	107864	0	113966
12437	2454	105888	1360	5366	0	115068
12438	2428	106958	1152	3011	0	113549
12439	2267	111685	1365	2057	0	117374
12440	2531	5286	947	107746	0	116510
12441	2539	2565	980	110887	0	116971
12442	2207	1466	107114	5851	0	116638
12443	103229	1074	3902	3186	0	111391
12444	109535	1078	2432	1715	0	114760
12445	6581	105431	1533	1527	0	115072
12446	106572	3679	1121	1438	0	112810
12447	5419	2369	1121	103211	0	112120
12448	106078	1075	1247	4232	0	112632
12449	107143	939	1264	2924	0	112270
12450	6524	1044	1181	102371	0	111120
12451	97143	1012	1208	4026	0	103389
12452	4579	94657	1543	2740	0	103519
12453	3193	97107	1478	1560	0	103338
12454	2402	4699	1235	87603	0	95939
12455	2049	95991	1563	3646	0	103249
12456	2187	3473	1058	90197	0	96915
12457	2265	2036	971	92828	0	98100
12458	88020	948	969	4462	0	94399
12459	3898	85975	1341	2631	0	93845
12460	84960	2960	1013	1545	0	90478
12461	82608	1802	1050	1432	0	86892
12462	4610	82095	1177	1473	0	89355
12463	80717	2816	866	1521	0	85920
12464	3909	1798	77436	1406	0	84549
12465	2062	71013	2719	1229	0	77023
12466	66452	2232	1631	1229	0	71544
12467	2411	1277	61980	904	0	66572
12468	1490	56816	1815	805	0	60926
12469	908	59256	1650	760	0	62574
12470	54407	1958	1001	622	0	57988
12471	54008	1023	318	610	0	55959
12472	54354	478	356	570	0	55758
12473	2326	53572	517	677	0	57092
12474	1376	1340	379	54470	0	57565
12475	54804	922	390	1593	0	57709
12476	55132	443	407	1156	0	57138
12477	2302	463	374	53649	0	56788
12478	1327	562	54751	1496	0	58136
12479	767	589	54978	1042	0	57376
12480	786	393	1901	54495	0	57575
12481	802	387	1001	56253	0	58443
12482	707	455	55867	2104	0	59133
12483	735	321	1445	52555	0	55056
12484	634	54849	1096	1553	0	58132
12485	52084	1192	474	952	0	54702
12486	1492	777	386	50741	0	53396
12487	48838	262	300	1321	0	50721
12488	1207	48825	509	914	0	51455
12489	779	49311	450	509	0	51049
12490	47307	1114	385	494	0	49300
12491	953	642	46524	469	0	48588
12492	36355	204	623	260	0	37442
12493	508	38645	473	222	0	39848
12494	377	459	392	36511	0	37739
12495	35887	210	82	448	0	36627
12496	414	101	83	35596	0	36194
12497	35965	72	80	493	0	36610
12498	35101	71	98	321	0	35591
12499	520	36924	172	242	0	37858
12500	35860	248	40	172	0	36320
12501	267	35719	103	167	0	36256
12502	35485	257	52	126	0	35920
12503	376	165	35	35835	0	36411
12504	36486	78	40	326	0	36930
12505	310	73	27	37853	0	38263
12506	39203	64	48	378	0	39693
12507	40664	81	37	288	0	41070
12508	41098	74	36	152	0	41360
12509	41106	202	35	127	0	41470
12510	41698	58	39	125	0	41920
12511	470	63	38	42375	0	42946
12512	41242	59	43	359	0	41703
12513	336	40868	109	198	0	41511
12514	215	446	41289	66	0	42016
12515	147	159	263	40682	0	41251
12516	112	177	42725	285	0	43299
12517	127	116	276	44134	0	44653
12518	119	147	45357	352	0	45975
12519	43086	57	328	283	0	43754
12520	431	52	173	46057	0	46713
12521	205	184	45642	409	0	46440
12522	138	171	47556	193	0	48058
12523	125	54	462	47929	0	48570
12524	53654	39	235	482	0	54410
12525	446	56658	150	245	0	57499
12526	57272	446	39	204	0	57961
12527	57163	272	32	164	0	57631
12528	689	57515	146	83	0	58433
12529	61093	463	32	243	0	61831
12530	594	264	33	61723	0	62614
12531	379	73	44	62558	0	63054
12532	193	63	33	63222	0	63511
12533	62842	49	40	810	0	63741
12534	499	63956	182	369	0	65006
12535	363	574	42	64783	0	65762
12536	169	330	36	65593	0	66128
12537	64938	78	39	1006	0	66061
12538	654	56	43	65009	0	65762
12539	408	210	66363	680	0	67661
12540	149	68304	756	437	0	69646
12541	68259	767	401	207	0	69634
12542	923	441	112	66256	0	67732
12543	481	69489	214	720	0	70904
12544	68882	776	57	473	0	70188
12545	920	613	68825	162	0	70520
12546	480	68729	882	125	0	70216
12547	69258	790	444	181	0	70673
12548	895	444	109	68944	0	70392
12549	570	124	83	69536	0	70313
12550	191	236	68850	1230	0	70507
12551	223	125	787	67716	0	68851
12552	175	264	73197	923	0	74559
12553	174	255	70184	535	0	71148
12554	179	222	72257	192	0	72850
12555	68874	80	1368	419	0	70741
12556	72180	78	542	227	0	73027
12557	74439	77	161	389	0	75066
12558	1320	74	118	72051	0	73563
12559	581	72907	203	758	0	74449
12560	244	74416	203	591	0	75454
12561	74782	1116	69	310	0	76277
12562	73712	526	97	294	0	74629
12563	1154	74575	174	338	0	76241
12564	74180	789	133	246	0	75348
12565	986	601	72772	168	0	74527
12566	575	314	72162	158	0	73209
12567	296	149	1179	66548	0	68172
12568	228	100	519	72533	0	73380
12569	205	261	72524	1194	0	74184
12570	209	95	870	70882	0	72056
12571	71990	91	516	1022	0	73619
12572	889	247	72495	549	0	74180
12573	69179	115	886	322	0	70502
12574	1040	87	495	72482	0	74104
12575	642	322	75242	902	0	77108
12576	264	76050	1006	605	0	77925
12577	76990	811	699	392	0	78892
12578	965	725	75257	209	0	77156
12579	73313	192	907	264	0	74676
12580	1051	275	535	75298	0	77159
12581	75127	105	231	1026	0	76489
12582	1060	330	78721	588	0	80699
12583	769	141	912	79356	0	81178
12584	83186	149	544	1125	0	85004
12585	84277	142	225	742	0	85386
12586	87304	153	187	421	0	88065
12587	88027	157	168	358	0	88710
12588	1741	144	178	85222	0	87285
12589	926	135	183	85494	0	86738
12590	412	352	85081	1533	0	87378
12591	449	163	1043	83904	0	85559
12592	452	172	623	82587	0	83834
12593	273	86578	386	1591	0	88828
12594	86975	1110	217	874	0	89176
12595	88198	630	214	495	0	89537
12596	1715	90007	373	329	0	92424
12597	908	1248	234	89119	0	91509
12598	506	649	207	90893	0	92255
12599	85995	204	211	2179	0	88589
12600	1435	334	90291	898	0	92958
12601	931	151	1289	90908	0	93279
12602	423	315	91819	1455	0	94012
12603	86407	157	1447	958	0	88969
12604	91555	165	796	484	0	93000
12605	91761	130	293	422	0	92606
12606	2205	122	244	88094	0	90665
12607	1126	125	204	87704	0	89159
12608	86664	124	231	2064	0	89083
12609	1532	335	86161	929	0	88957
12610	1024	236	1321	86008	0	88589
12611	85850	122	756	1625	0	88353
12612	1553	134	321	86063	0	88071
12613	961	341	90188	1464	0	92954
12614	517	287	86994	877	0	88675
12615	82714	139	1795	610	0	85258
12616	1416	88775	999	547	0	91737
12617	88800	1127	277	467	0	90671
12618	89554	585	257	431	0	90827
12619	1912	246	234	88759	0	91151
12620	979	142	212	88074	0	89407
12621	435	87825	394	1745	0	90399
12622	85575	1108	208	941	0	87832
12623	1372	87433	386	424	0	89615
12624	767	85465	370	330	0	86932
12625	511	1393	182	82081	0	84167
12626	82283	550	155	1290	0	84278
12627	84246	168	174	781	0	85369
12628	1701	113	174	82795	0	84783
12629	895	123	141	80092	0	81251
12630	543	82	140	80001	0	80766
12631	77433	74	172	1761	0	79440
12632	1281	299	78477	776	0	80833
12633	717	78084	1170	512	0	80483
12634	76705	820	479	496	0	78500
12635	1168	501	220	76228	0	78117
12636	715	465	76095	1065	0	78340
12637	497	299	75514	688	0	76998
12638	337	76707	1356	421	0	78821
12639	323	77209	626	391	0	78549
12640	537	1162	225	73575	0	75499
12641	345	69325	367	1055	0	71092
12642	362	780	170	73450	0	74762
12643	425	379	132	75827	0	76763
12644	75461	176	137	1223	0	76997
12645	945	156	139	75791	0	77031
12646	633	164	141	76492	0	77430
12647	402	345	75500	1160	0	77407
12648	423	159	730	76432	0	77744
12649	77210	179	426	1110	0	78925
12650	77051	152	186	736	0	78125
12651	1294	79658	281	535	0	81768
12652	76109	814	136	520	0	77579
12653	1140	679	75385	447	0	77651
12654	697	76600	1013	422	0	78732
12655	488	914	553	77947	0	79902
12656	445	582	241	80098	0	81366
12657	454	259	197	80286	0	81196
12658	79528	174	211	1649	0	81562
12659	73117	214	366	930	0	74627
12660	1408	367	78416	444	0	80635
12661	756	362	76982	445	0	78545
12662	481	404	79377	372	0	80634
12663	377	79923	1490	423	0	82213
12664	358	81611	810	432	0	83211
12665	81443	1399	241	556	0	83639
12666	81760	676	201	614	0	83251
12667	1682	231	185	83474	0	85572
12668	886	217	201	81038	0	82342
12669	1012	82783	428	1629	0	85852
12670	440	1024	189	85229	0	86882
12671	440	894	84341	1333	0	87008
12672	361	85229	1240	1143	0	87973
12673	502	1097	650	85226	0	87475
12674	430	929	90630	1245	0	93234
12675	581	420	1134	80049	0	82184
12676	391	89032	916	1261	0	91600
12677	91487	1283	255	1039	0	94064
12678	91463	821	234	627	0	93145
12679	94801	353	231	593	0	95978
12680	2214	305	199	95548	0	98266
12681	1120	617	208	95959	0	97904
12682	95385	272	207	2396	0	98260
12683	1686	94386	489	1174	0	97735
12684	95374	1496	260	677	0	97807
12685	1817	1104	98367	474	0	101762
12686	98682	291	1692	582	0	101247
12687	101741	269	1084	568	0	103662
12688	2988	251	321	98377	0	101937
12689	102786	235	277	2001	0	105299
12690	101002	310	305	1443	0	103060
12691	3023	293	262	101906	0	105484
12692	1425	460	101089	1871	0	104845
12693	94001	306	1809	1506	0	97622
12694	1864	508	102178	487	0	105037
12695	1251	103913	2048	434	0	107646
12696	670	1748	1258	104359	0	108035
12697	464	1136	318	106516	0	108434
12698	112183	286	321	2962	0	115752
12699	2218	485	113104	1443	0	117250
12700	1562	470	2089	99874	0	103995
12701	461	112275	1560	1873	0	116169
12702	382	111602	579	1293	0	113856
12703	485	3285	326	111656	0	115752
12704	481	1668	112275	2251	0	116675
12705	577	449	2130	113000	0	116156
12706	574	396	1403	110715	0	113088
12707	608	619	109879	3423	0	114529
12708	501	112967	2281	1913	0	117662
12709	107006	2228	1408	835	0	111477
12710	2191	112373	614	3195	0	118373
12711	1705	2286	407	110398	0	114796
12712	107385	1530	375	2498	0	111788
12713	2201	108152	628	1658	0	112639
12714	1637	2396	109530	641	0	114204
12715	102510	1472	2371	806	0	107159
12716	2438	110979	1726	762	0	115905
12717	112249	2259	629	744	0	115881
12718	2759	1790	108777	595	0	113921
12719	107859	524	2285	713	0	111381
12720	2781	486	1587	105982	0	110836
12721	1939	728	110535	2482	0	115684
12722	963	490	2396	104849	0	108698
12723	760	107255	1805	2598	0	112418
12724	975	2280	600	109511	0	113366
12725	925	1648	516	108952	0	112041
12726	1025	809	106889	3789	0	112512
12727	1099	541	2416	106561	0	110617
12728	1110	799	94354	2904	0	99167
12729	962	106866	2372	2252	0	112452
12730	1150	2500	1448	106086	0	111184
12731	1189	2077	107307	2835	0	113408
12732	1091	106524	2727	2147	0	112489
12733	1160	110063	1978	1149	0	114350
12734	1147	4020	107979	1032	0	114178
12735	1325	2130	108476	1043	0	112974
12736	1396	708	3875	106106	0	112085
12737	106407	696	2093	3172	0	112368
12738	3319	106272	1065	2394	0	113050
12739	2732	2812	731	103206	0	109481
12740	104488	1839	715	3198	0	110240
12741	3542	104624	1066	2455	0	111687
12742	105099	2758	729	1403	0	109989
12743	3710	107449	1025	1329	0	113513
12744	109252	2902	833	1335	0	114322
12745	109407	2076	780	1444	0	113707
12746	111103	881	882	1419	0	114285
12747	5323	115681	1175	1680	0	123859
12748	3403	3227	914	116522	0	124066
12749	2090	2259	114342	3922	0	122613
12750	1739	114486	3580	2979	0	122784
12751	2064	3552	2338	111815	0	119769
12752	2217	2154	1197	114120	0	119688
12753	1825	1198	110741	4845	0	118609
12754	1790	107902	3681	2835	0	116208
12755	106601	3044	2438	1649	0	113732
12756	3996	106783	1380	1609	0	113768
12757	2861	3135	1054	105305	0	112355
12758	1471	2303	105350	3850	0	112974
12759	99079	1032	3560	2762	0	106433
12760	3575	982	2301	107000	0	113858
12761	2192	1196	105579	3807	0	112774
12762	96795	1163	3523	2677	0	104158
12763	3258	102381	2485	1582	0	109706
12764	103535	3392	1258	1623	0	109808
12765	103872	2477	887	1883	0	109119
12766	4487	1134	957	102444	0	109022
12767	2239	1338	101450	3715	0	108742
12768	1145	100787	3579	2589	0	108100
12769	831	3631	100528	1498	0	106488
12770	863	2591	3292	95562	0	102308
12771	969	1519	2079	101048	0	105615
12772	96688	1203	1095	4739	0	103725
12773	3026	1187	97504	2829	0	104546
12774	1872	92753	3380	1376	0	99381
12775	1161	3089	1872	89940	0	96062
12776	981	2077	810	91384	0	95252
12777	87917	1109	818	3810	0	93654
12778	2875	88955	836	2152	0	94818
12779	1994	2721	572	84594	0	89881
12780	81062	1778	580	2755	0	86175
12781	2430	80969	734	1751	0	85884
12782	78614	2359	430	730	0	82133
12783	78307	1454	541	657	0	80959
12784	3237	76331	818	642	0	81028
12785	67813	1828	379	423	0	70443
12786	1991	67823	521	402	0	70737
12787	66763	1762	375	407	0	69307
12788	66782	947	339	432	0	68500
12789	2468	65807	445	438	0	69158
12790	64256	1663	318	418	0	66655
12791	65748	853	250	469	0	67320
12792	66234	409	242	485	0	67370
12793	2522	434	63295	450	0	66701
12794	999	411	58952	362	0	60724
12795	405	340	58887	342	0	59974
12796	56219	419	2299	392	0	59329
12797	1548	360	56769	423	0	59100
12798	844	286	50211	253	0	51594
12799	541	316	1583	45788	0	48228
12800	47151	250	733	1180	0	49314
12801	1233	297	47771	641	0	49942
12802	1064	315	52488	393	0	54260
12803	507	244	1510	50356	0	52617
12804	418	252	643	52684	0	53997
12805	394	268	234	53761	0	54657
12806	422	501	52258	1615	0	54796
12807	428	304	1097	52073	0	53902
12808	51802	259	645	1306	0	54012
12809	1368	52366	361	699	0	54794
12810	883	1239	178	52525	0	54825
12811	590	678	174	53860	0	55302
12812	438	440	54212	1561	0	56651
12813	428	52788	1271	703	0	55190
12814	52355	1184	649	360	0	54548
12815	1356	54328	444	273	0	56401
12816	911	1301	270	53319	0	55801
12817	526	780	53833	1232	0	56371
12818	500	278	1315	56502	0	58595
12819	477	193	816	57912	0	59398
12820	57700	211	470	1966	0	60347
12821	1662	161	422	55598	0	57843
12822	908	55439	500	1634	0	58481
12823	457	58768	512	881	0	60618
12824	381	1979	58730	421	0	61511
12825	56963	760	1573	448	0	59744
12826	1714	270	867	58932	0	61783
12827	1015	188	451	59541	0	61195
12828	524	195	374	60677	0	61770
12829	59167	162	286	2277	0	61892
12830	1518	60372	418	1140	0	63448
12831	60499	1392	352	594	0	62837
12832	1603	816	58399	417	0	61235
12833	873	414	58301	480	0	60068
12834	60259	234	1945	412	0	62850
12835	1594	261	1140	61135	0	64130
12836	905	250	357	62826	0	64338
12837	480	207	324	63313	0	64324
12838	325	333	61777	2161	0	64596
12839	60043	233	1495	1088	0	62859
12840	63049	239	795	606	0	64689
12841	61896	245	368	483	0	62992
12842	2207	360	400	59950	0	62917
12843	931	308	58860	1549	0	61648
12844	458	317	57079	956	0	58810
12845	407	332	61140	617	0	62496
12846	307	57702	1919	460	0	60388
12847	792	911	1036	49918	0	52657
12848	49410	422	349	1005	0	51186
12849	889	228	50229	610	0	51956
12850	49954	115	872	405	0	51346
12851	960	133	497	51087	0	52677
12852	587	157	231	50621	0	51596
12853	287	49875	317	1230	0	51709
12854	260	51356	292	655	0	52563
12855	234	53339	315	370	0	54258
12856	279	1131	225	53140	0	54775
12857	53180	483	234	1058	0	54955
12858	53573	170	213	710	0	54666
12859	1249	216	52860	395	0	54720
12860	50653	129	882	403	0	52067
12861	1004	230	52580	366	0	54180
12862	662	123	948	51699	0	53432
12863	352	216	52593	917	0	54078
12864	50923	138	961	680	0	52702
12865	959	124	580	54044	0	55707
12866	591	228	57798	937	0	59554
12867	303	238	55956	611	0	57108
12868	52659	145	1219	448	0	54471
12869	57107	142	602	437	0	58288
12870	1199	59678	408	384	0	61669
12871	622	974	344	59691	0	61631
12872	340	556	59910	897	0	61703
12873	324	320	59213	640	0	60497
12874	357	284	1109	58528	0	60278
12875	59959	182	645	1064	0	61850
12876	863	60073	368	740	0	62044
12877	647	821	217	60720	0	62405
12878	60989	471	226	1040	0	62726
12879	983	223	209	61064	0	62479
12880	613	62415	356	1024	0	64408
12881	418	766	248	63346	0	64778
12882	60963	482	292	1055	0	62792
12883	1051	218	285	64180	0	65734
12884	64720	164	301	1128	0	66313
12885	985	66641	449	744	0	68819
12886	66654	784	335	622	0	68395
12887	1094	585	66471	398	0	68548
12888	62893	198	985	477	0	64553
12889	67093	196	604	470	0	68363
12890	1333	68678	483	363	0	70857
12891	764	867	330	67551	0	69512
12892	420	622	67086	911	0	69039
12893	439	311	65369	620	0	66739
12894	62129	254	1192	585	0	64160
12895	64190	156	585	498	0	65429
12896	1095	66422	411	427	0	68355
12897	664	67814	348	332	0	69158
12898	66370	999	287	404	0	68060
12899	940	66682	348	306	0	68276
12900	620	69046	388	299	0	70353
12901	406	895	270	68670	0	70241
12902	403	389	248	65232	0	66272
12903	336	301	66288	1208	0	68133
12904	384	141	781	65738	0	67044
12905	64722	143	532	1024	0	66421
12906	941	254	66090	581	0	67866
12907	829	322	66114	310	0	67575
12908	528	170	1037	62975	0	64710
12909	488	173	568	67216	0	68445
12910	424	254	323	67243	0	68244
12911	337	271	66226	1155	0	67989
12912	340	176	797	63088	0	64401
12913	331	162	500	65651	0	66644
12914	64701	234	282	952	0	66169
12915	663	64548	351	510	0	66072
12916	63734	517	216	439	0	64906
12917	756	454	64420	274	0	65904
12918	54995	116	436	262	0	55809
12919	488	63936	350	148	0	64922
12920	60620	245	67	200	0	61132
12921	296	61294	142	121	0	61853
12922	59125	389	65	175	0	59754
12923	245	59897	101	80	0	60323
12924	135	60400	99	77	0	60711
12925	303	310	39	60883	0	61535
12926	61235	135	152	348	0	61870
12927	61129	48	29	232	0	61438
12928	61108	51	58	191	0	61408
12929	362	159	60007	53	0	60581
12930	183	171	59538	59	0	59951
12931	129	58	322	59621	0	60130
12932	74	61619	215	237	0	62145
12933	63	63233	118	172	0	63586
12934	95	337	36	59725	0	60193
12935	60209	141	47	338	0	60735
12936	60420	42	49	254	0	60765
12937	60605	54	48	153	0	60860
12938	457	173	60408	49	0	61087
12939	229	70	271	59934	0	60504
12940	107	180	61089	294	0	61670
12941	58779	72	290	269	0	59410
12942	61254	57	158	180	0	61649
12943	443	190	61331	64	0	62028
12944	262	47	293	60512	0	61114
12945	60137	53	154	452	0	60796
12946	388	54	60	62392	0	62894
12947	265	54	56	63248	0	63623
12948	153	128	66	67632	0	67979
12949	71804	61	63	865	0	72793
12950	720	74	58	77489	0	78341
12951	77142	71	71	956	0	78240
12952	831	82935	167	519	0	84452
12953	576	904	63	87451	0	88994
12954	244	520	70	88221	0	89055
12955	197	108	63	85384	0	85752
12956	86594	67	69	1662	0	88392
12957	1152	76	77	86298	0	87603
12958	788	80	70	79455	0	80393
12959	87546	64	75	1524	0	89209
12960	88002	69	87	699	0	88857
12961	87660	74	92	319	0	88145
12962	1756	232	85624	138	0	87750
12963	812	220	80762	135	0	81929
12964	84344	72	1547	192	0	86155
12965	1222	81	599	84885	0	86787
12966	774	74	136	77155	0	78139
12967	82233	59	133	1681	0	84106
12968	80953	79	93	784	0	81909
12969	77482	105	91	334	0	78012
12970	1602	78521	142	163	0	80428
12971	79401	1002	67	207	0	80677
12972	75060	587	95	252	0	75994
12973	1574	78118	181	185	0	80058
12974	724	76781	212	197	0	77914
12975	564	1401	69	72041	0	74075
12976	80944	569	81	957	0	82551
12977	81287	108	90	643	0	82128
12978	80603	80	87	360	0	81130
12979	1807	73	99	78552	0	80531
12980	78891	62	91	1191	0	80235
12981	1265	207	77943	691	0	80106
12982	75002	83	1046	408	0	76539
12983	1220	211	78537	241	0	80209
12984	777	222	75243	292	0	76534
12985	416	89	1456	73747	0	75708
12986	74140	102	717	1278	0	76237
12987	1176	100	178	74135	0	75589
12988	835	227	75479	1188	0	77729
12989	432	208	75162	835	0	76637
12990	440	127	1451	72000	0	74018
12991	70637	160	664	1323	0	72784
12992	1155	74279	312	899	0	76645
12993	942	952	168	74960	0	77022
12994	644	567	137	77073	0	78421
12995	500	275	78441	1728	0	80944
12996	529	279	76684	953	0	78445
12997	565	85	1575	77541	0	79766
12998	78000	97	743	1522	0	80362
12999	1635	321	78562	1039	0	81557
13000	1231	173	1044	77520	0	79968
13001	787	171	651	79086	0	80695
13002	696	177	282	78671	0	79826
13003	76261	195	169	2345	0	78970
13004	1646	693	66212	1394	0	69945
13005	1209	76936	989	1079	0	80213
13006	966	1088	517	78375	0	80946
13007	1011	867	78023	1812	0	81713
13008	1028	77136	1249	1502	0	80915
13009	1041	79255	979	1074	0	82349
13010	79003	1721	393	1052	0	82169
13011	2004	79235	522	1273	0	83034
13012	80339	1288	336	1291	0	83254
13013	2144	1005	79080	1417	0	83646
13014	1804	358	1354	80146	0	83662
13015	79563	248	946	2427	0	83184
13016	2315	81586	552	2063	0	86516
13017	1959	1477	81534	1508	0	86478
13018	1878	950	1445	70773	0	75046
13019	1696	81867	1176	1948	0	86687
13020	1812	1493	520	83802	0	87627
13021	83475	1089	649	2361	0	87574
13022	2609	85803	806	1872	0	91090
13023	87560	1535	552	1275	0	90922
13024	88464	972	544	1290	0	91270
13025	3714	650	86769	1068	0	92201
13026	2529	90643	2024	976	0	96172
13027	2041	2057	1282	93800	0	99180
13028	1903	1335	97223	2305	0	102766
13029	1958	788	106444	1421	0	110611
13030	1835	649	3450	107905	0	113839
13031	111296	450	1732	2773	0	116251
13032	110926	549	836	1823	0	114134
13033	4790	543	579	109594	0	115506
13034	2658	801	110526	3037	0	117022
13035	1629	110750	2952	1968	0	117299
13036	112830	2642	1567	1068	0	118107
13037	113732	1533	692	893	0	116850
13038	4574	113671	904	890	0	120039
13039	115998	2704	637	895	0	120234
13040	3708	1836	113101	721	0	119366
13041	113003	632	2979	880	0	117494
13042	106855	471	2091	964	0	110381
13043	4029	731	113932	783	0	119475
13044	2317	317	3141	111459	0	117234
13045	1331	491	113337	3144	0	118303
13046	1033	107695	3463	2236	0	114427
13047	927	110430	2365	1199	0	114921
13048	1015	3742	995	99613	0	105365
13049	707	1432	100952	2446	0	105537
13050	418	94266	2321	1394	0	98399
13051	280	94722	1355	647	0	97004
13052	85559	2288	732	451	0	89030
13053	86222	987	214	286	0	87709
13054	2349	268	183	85776	0	88576
13055	1083	191	249	82466	0	83989
13056	357	86693	393	2116	0	89559
13057	84247	1595	219	1010	0	87071
13058	86440	778	233	444	0	87895
13059	2297	86743	376	293	0	89709
13060	1133	1636	187	87133	0	90089
13061	522	1104	86738	1895	0	90259
13062	441	353	1685	87127	0	89606
13063	88092	295	834	1938	0	91159
13064	1895	281	335	88900	0	91411
13065	1116	271	260	91266	0	92913
13066	90927	264	267	2519	0	93977
13067	1972	283	307	87477	0	90039
13068	1041	89834	472	1759	0	93106
13069	681	1692	299	90906	0	93578
13070	593	876	296	92431	0	94196
13071	506	416	375	88242	0	89539
13072	442	91281	522	2390	0	94635
13073	520	1796	352	90976	0	93644
13074	525	1146	89350	1920	0	92941
13075	609	496	1774	88904	0	91783
13076	597	614	89055	2017	0	92283
13077	484	88256	2094	1170	0	92004
13078	686	1985	1058	89292	0	93021
13079	729	1259	474	90389	0	92851
13080	692	552	467	91438	0	93149
13081	701	505	397	91310	0	92913
13082	622	705	88690	2831	0	92848
13083	619	88262	2112	1388	0	92381
13084	734	1962	1042	89963	0	93701
13085	728	1315	91282	2097	0	95422
13086	777	581	2090	91984	0	95432
13087	92393	478	1234	2427	0	96532
13088	2322	695	90698	1416	0	95131
13089	89727	501	2099	907	0	93234
13090	2641	471	1190	93139	0	97441
13091	1615	673	93965	2457	0	98710
13092	941	92570	2414	1662	0	97587
13093	1059	2184	1238	91832	0	96313
13094	905	1552	94257	2419	0	99133
13095	850	93346	2514	1575	0	98285
13096	915	2316	1327	93379	0	97937
13097	93926	1377	684	2700	0	98687
13098	96771	739	658	1708	0	99876
13099	97106	640	583	1143	0	99472
13100	3653	839	94588	891	0	99971
13101	1834	95926	2654	819	0	101233
13102	1148	2512	1445	95144	0	100249
13103	946	1656	827	99695	0	103124
13104	100884	788	680	3837	0	106189
13105	2705	103425	881	1929	0	108940
13106	104011	2762	567	1236	0	108576
13107	103307	1648	566	1133	0	106654
13108	104664	876	542	1175	0	107257
13109	3927	976	101420	944	0	107267
13110	101506	717	2710	1029	0	105962
13111	3193	667	1463	102742	0	108065
13112	1859	645	610	104377	0	107491
13113	101593	583	518	4157	0	106851
13114	2979	599	416	100015	0	104009
13115	1675	100343	759	3280	0	106057
13116	1063	2700	323	99093	0	103179
13117	95678	1436	387	3307	0	100808
13118	2788	860	94990	2144	0	100782
13119	1568	93941	2762	1190	0	99461
13120	962	2533	1226	92100	0	96821
13121	91937	1344	539	3036	0	96856
13122	2612	806	89890	1861	0	95169
13123	1619	1620	2330	87234	0	92803
13124	1338	564	87613	2806	0	92321
13125	749	535	85649	1752	0	88685
13126	867	458	82933	956	0	85214
13127	886	450	81584	809	0	83729
13128	533	444	78442	724	0	80143
13129	62739	851	3577	525	0	67692
13130	1233	63965	1020	453	0	66671
13131	62968	1028	372	348	0	64716
13132	62751	542	234	385	0	63912
13133	1594	62527	370	268	0	64759
13134	769	64532	344	253	0	65898
13135	63815	1408	231	350	0	65804
13136	63560	612	204	358	0	64734
13137	1763	224	170	59917	0	62074
13138	809	62448	322	1074	0	64653
13139	63043	1014	194	794	0	65045
13140	1198	63275	354	347	0	65174
13141	824	1123	186	63339	0	65472
13142	64123	603	230	1228	0	66184
13143	64095	271	234	791	0	65391
13144	1686	215	225	63808	0	65934
13145	934	204	225	64654	0	66017
13146	470	375	63308	1602	0	65755
13147	452	223	1136	62378	0	64189
13148	381	383	64135	1245	0	66144
13149	513	205	1172	60725	0	62615
13150	492	181	741	62664	0	64078
13151	61984	185	382	1725	0	64276
13152	61509	212	337	917	0	62975
13153	1739	346	61433	400	0	63918
13154	60434	236	1228	430	0	62328
13155	1493	219	734	61898	0	64344
13156	973	389	61656	1223	0	64241
13157	645	241	1211	61509	0	63606
13158	590	252	740	65476	0	67058
13159	527	434	64723	1915	0	67599
13160	617	219	1419	65725	0	67980
13161	534	414	69901	1543	0	72392
13162	575	254	1551	71624	0	74004
13163	76830	249	932	1886	0	79897
13164	1961	78976	619	1229	0	82785
13165	78399	1786	312	669	0	81166
13166	2042	80644	570	492	0	83748
13167	79200	1934	338	541	0	82013
13168	2189	80321	528	453	0	83491
13169	77950	1954	342	577	0	80823
13170	2107	79884	576	497	0	83064
13171	1447	1996	315	79163	0	82921
13172	720	1285	79693	1973	0	83671
13173	656	690	79551	1173	0	82070
13174	727	418	2682	78175	0	82002
13175	78523	293	1254	2218	0	82288
13176	2113	80688	727	1298	0	84826
13177	1437	2085	380	80408	0	84310
13178	649	1289	80693	2182	0	84813
13179	601	701	81279	1345	0	83926
13180	740	638	2858	73248	0	77484
13181	426	80700	1617	2007	0	84750
13182	79800	1930	614	1289	0	83633
13183	2174	1277	82240	654	0	86345
13184	1354	721	79848	514	0	82437
13185	563	80565	2920	492	0	84540
13186	79129	1938	1507	585	0	83159
13187	79989	1037	617	475	0	82118
13188	2815	438	473	77904	0	81630
13189	79601	330	431	1951	0	82313
13190	77181	311	439	1165	0	79096
13191	2607	76956	630	583	0	80776
13192	76849	1766	470	503	0	79588
13193	2159	1210	79021	362	0	82752
13194	1322	450	1879	76616	0	80267
13195	825	326	1116	77939	0	80206
13196	75682	325	474	2536	0	79017
13197	1859	76721	533	1288	0	80401
13198	74302	1645	389	596	0	76932
13199	1913	77195	503	398	0	80009
13200	1039	77376	488	418	0	79321
13201	769	2221	75368	318	0	78676
13202	558	1219	73588	319	0	75684
13203	66671	571	1819	336	0	69397
13204	70029	336	871	331	0	71567
13205	1848	469	68207	227	0	70751
13206	911	66074	1319	227	0	68531
13207	489	68544	781	255	0	70069
13208	67720	1672	409	285	0	70086
13209	68076	831	216	280	0	69403
13210	1789	380	248	67597	0	70014
13211	68905	268	279	1227	0	70679
13212	1429	255	276	68002	0	69962
13213	860	411	67918	1226	0	70415
13214	525	432	65306	737	0	67000
13215	64321	300	1640	452	0	66713
13216	1362	328	827	65079	0	67596
13217	855	72287	587	1049	0	74778
13218	73942	1166	363	794	0	76265
13219	73902	750	348	467	0	75467
13220	1807	580	73724	283	0	76394
13221	72199	324	1235	394	0	74152
13222	76428	285	829	344	0	77886
13223	1919	291	461	73819	0	76490
13224	1079	73890	513	1139	0	76621
13225	644	76375	488	732	0	78239
13226	657	1818	308	77261	0	80044
13227	687	942	261	75235	0	77125
13228	652	480	282	77375	0	78789
13229	612	531	75374	1853	0	78370
13230	611	560	73628	925	0	75724
13231	676	351	1843	73372	0	76242
13232	584	568	75139	1459	0	77750
13233	594	571	74787	855	0	76807
13234	583	423	1887	71661	0	74554
13235	616	550	77406	1423	0	79995
13236	513	76192	1736	955	0	79396
13237	79717	1395	999	607	0	82718
13238	1612	951	520	77055	0	80138
13239	1062	79321	575	1384	0	82342
13240	667	1588	81283	857	0	84395
13241	621	953	1617	79812	0	83003
13242	560	668	84772	1489	0	87489
13243	695	324	1689	82546	0	85254
13244	649	358	1003	85966	0	87976
13245	540	618	87984	2161	0	91303
13246	675	379	1639	84521	0	87214
13247	480	87880	1328	1692	0	91380
13248	620	1539	521	90417	0	93097
13249	607	1331	90551	1725	0	94214
13250	656	446	1626	89276	0	92004
13251	85628	354	1066	1944	0	88992
13252	1612	90282	765	1329	0	93988
13253	1161	1479	474	90392	0	93506
13254	702	1238	92454	1585	0	95979
13255	517	90454	1822	1193	0	93986
13256	513	92797	1191	579	0	95080
13257	729	2220	89597	429	0	92975
13258	553	1139	1342	85019	0	88053
13259	574	553	907	86328	0	88362
13260	482	500	86281	1786	0	89049
13261	334	81866	1310	988	0	84498
13262	337	82216	900	451	0	83904
13263	74043	942	232	372	0	75589
13264	665	74330	362	251	0	75608
13265	74304	662	159	432	0	75557
13266	746	462	153	71825	0	73186
13267	76694	192	194	965	0	78045
13268	792	376	78198	546	0	79912
13269	75010	154	759	412	0	76335
13270	885	146	525	78560	0	80116
13271	579	80112	393	886	0	81970
13272	80988	724	172	678	0	82562
13273	854	876	173	79145	0	81048
13274	536	81378	311	875	0	83100
13275	201	85663	291	596	0	86751
13276	83506	968	266	407	0	85147
13277	84977	478	134	312	0	85901
13278	86086	162	124	325	0	86697
13279	1139	143	121	83849	0	85252
13280	499	82862	283	751	0	84395
13281	151	85399	314	507	0	86371
13282	199	985	119	84338	0	85641
13283	82817	464	135	882	0	84298
13284	80505	184	171	689	0	81549
13285	82324	135	135	386	0	82980
13286	1090	386	82671	195	0	84342
13287	603	411	82500	195	0	83709
13288	86258	141	1036	338	0	87773
13289	826	143	617	87665	0	89251
13290	569	173	185	89713	0	90640
13291	294	158	157	89776	0	90385
13292	228	136	138	90877	0	91379
13293	191	447	86814	1233	0	88685
13294	239	149	748	85512	0	86648
13295	198	382	86044	939	0	87563
13296	76968	169	829	827	0	78793
13297	726	85305	734	381	0	87146
13298	626	740	246	87083	0	88695
13299	302	543	172	86619	0	87636
13300	84453	238	166	1356	0	86213
13301	83799	212	198	836	0	85045
13302	83874	212	162	510	0	84758
13303	83459	197	222	413	0	84291
13304	1241	425	83878	307	0	85851
13305	704	444	81881	280	0	83309
13306	345	210	1126	82703	0	84384
13307	83803	199	571	1049	0	85622
13308	82748	221	272	836	0	84077
13309	1193	490	83243	403	0	85329
13310	753	195	788	80926	0	82662
13311	82042	157	565	1087	0	83851
13312	919	183	300	82524	0	83926
13313	665	480	84151	962	0	86258
13314	439	242	784	83014	0	84479
13315	84223	233	567	1130	0	86153
13316	829	93318	441	764	0	95352
13317	91631	806	209	613	0	93259
13318	93021	620	189	616	0	94446
13319	93408	277	223	479	0	94387
13320	1405	218	220	93522	0	95365
13321	92152	223	173	1088	0	93636
13322	920	99620	399	708	0	101647
13323	709	103119	383	473	0	104684
13324	450	1800	179	101278	0	103707
13325	102901	928	128	1339	0	105296
13326	1323	109009	351	906	0	111589
13327	125929	1499	144	548	0	128120
13328	136396	1035	179	542	0	138152
13329	3545	144704	481	353	0	149083
13330	1921	2661	218	145033	0	149833
13331	903	1495	199	148729	0	151326
13332	639	986	148241	3906	0	153772
13333	733	335	2699	145629	0	149396
13334	626	904	148894	3234	0	153658
13335	470	145212	3209	1989	0	150880
13336	581	2822	1495	147270	0	152168
13337	141728	1539	541	3335	0	147143
13338	144369	461	417	2041	0	147288
13339	4331	324	342	142985	0	147982
13340	1843	781	139970	3062	0	145656
13341	127155	376	2739	2125	0	132395
13342	2852	135102	1804	882	0	140640
13343	1724	136576	679	683	0	139662
13344	822	139691	569	560	0	141642
13345	784	4143	413	132921	0	138261
13346	639	1954	135341	2717	0	140651
13347	721	612	2588	133523	0	137444
13348	533	814	135429	2915	0	139691
13349	467	770	134327	1669	0	137233
13350	466	767	138018	726	0	139977
13351	602	446	4191	127582	0	132821
13352	553	462	1851	136655	0	139521
13353	489	384	777	138407	0	140057
13354	522	416	632	136761	0	138331
13355	134627	296	585	4480	0	139988
13356	2622	134149	869	2558	0	140198
13357	134780	2533	517	1277	0	139107
13358	2878	136426	746	1092	0	141142
13359	1863	2844	458	134546	0	139711
13360	956	1534	391	141385	0	144266
13361	138279	641	332	4561	0	143813
13362	140325	532	288	2249	0	143394
13363	141928	549	356	1168	0	144001
13364	141798	499	271	1030	0	143598
13365	140333	502	272	1048	0	142155
13366	4468	138168	612	797	0	144045
13367	131592	2726	263	791	0	135372
13368	3178	132004	555	671	0	136408
13369	130870	2851	364	770	0	134855
13370	3408	1783	129251	618	0	135060
13371	2173	767	2530	123427	0	128897
13372	1108	130591	1704	2671	0	136074
13373	1084	2778	551	131504	0	135917
13374	1091	2111	128786	2942	0	134930
13375	992	833	2662	124926	0	129413
13376	120987	651	1551	3429	0	126618
13377	2742	123479	1050	2163	0	129434
13378	1593	126234	881	1401	0	130109
13379	1093	4151	126584	1157	0	132985
13380	930	1998	2969	120550	0	126447
13381	870	129044	2005	3052	0	134971
13382	881	2940	814	131199	0	135834
13383	840	2114	131468	3312	0	137734
13384	702	129559	3239	2498	0	135998
13385	855	3326	130254	1239	0	135674
13386	1047	2202	129127	951	0	133327
13387	1093	1089	3814	125689	0	131685
13388	128268	866	1978	3322	0	134434
13389	3116	831	1090	130035	0	135072
13390	1936	1101	130930	3671	0	137638
13391	1134	915	3255	133981	0	139285
13392	829	1201	138869	3701	0	144600
13393	840	1163	140481	2339	0	144823
13394	137734	775	4900	1793	0	145202
13395	147787	724	2479	1513	0	152503
13396	149006	670	1374	1618	0	152668
13397	4849	894	146526	1388	0	153657
13398	2333	932	148964	1264	0	153493
13399	1442	545	5060	142882	0	149929
13400	1406	666	2549	147508	0	152129
13401	146213	623	1241	5308	0	153385
13402	4074	594	1106	147625	0	153399
13403	2268	948	148138	4299	0	155653
13404	1306	965	147460	2657	0	152388
13405	1058	148328	5130	1653	0	156169
13406	1485	3356	2272	148458	0	155571
13407	1312	2427	152402	3829	0	159970
13408	1298	872	3805	149771	0	155746
13409	149923	679	2340	4429	0	157371
13410	3840	1100	154323	2554	0	161817
13411	2677	696	3738	152975	0	160086
13412	1721	649	2267	156833	0	161470
13413	1432	1044	153381	5216	0	161073
13414	1677	624	3766	151185	0	157252
13415	1283	1034	153772	4190	0	160279
13416	139274	644	3995	2778	0	146691
13417	4031	709	2369	138933	0	146042
13418	2354	140665	1721	4072	0	148812
13419	140454	3263	1052	2659	0	147428
13420	139744	1870	972	1606	0	144192
13421	5060	140403	1356	1321	0	148140
13422	3164	9503	1075	118051	0	131793
13423	1191	129154	1050	2890	0	134285
13424	1237	130413	791	1959	0	134400
13425	2152	4075	122727	951	0	129905
13426	882	120315	2877	1153	0	125227
13427	1223	2589	101581	932	0	106325
13428	78451	1280	1292	467	0	81490
13429	81544	215	628	351	0	82738
13430	1489	84946	460	295	0	87190
13431	619	85615	357	272	0	86863
13432	250	88261	394	444	0	89349
13433	88923	1602	203	348	0	91076
13434	1473	673	193	90757	0	93096
13435	774	462	97147	1449	0	99832
13436	250	97923	1677	881	0	100731
13437	347	1505	879	99176	0	101907
13438	377	905	335	92652	0	94269
13439	152	111564	485	2190	0	114391
13440	118598	2113	263	1045	0	122019
13441	2493	1350	120729	370	0	124942
13442	1583	372	2548	128201	0	132704
13443	349	150943	1557	2768	0	155617
13444	148643	3508	424	1513	0	154088
13445	3720	1904	148964	465	0	155053
13446	1692	147303	3799	400	0	153194
13447	709	3632	1728	146081	0	152150
13448	430	1977	147763	3550	0	153720
13449	140817	525	3814	1808	0	146964
13450	3884	338	1792	145242	0	151256
13451	1913	935	145578	3751	0	152177
13452	565	145054	4138	2095	0	151852
13453	140572	3649	1887	878	0	146986
13454	3566	146212	939	730	0	151447
13455	146218	3936	414	644	0	151212
13456	146867	2015	469	564	0	149915
13457	5424	683	410	139690	0	146207
13458	2167	136855	776	3833	0	143631
13459	855	3702	140727	1915	0	147199
13460	749	1751	3825	139367	0	145692
13461	988	970	2200	129395	0	133553
13462	810	467	717	143184	0	145178
13463	793	463	564	143508	0	145328
13464	862	467	517	143370	0	145216
13465	138854	525	521	5793	0	145693
13466	137648	465	645	2617	0	141375
13467	133840	568	757	1217	0	136382
13468	5230	132076	933	1514	0	139753
13469	2304	3829	137592	800	0	144525
13470	991	2145	140502	733	0	144371
13471	766	1075	142490	722	0	145053
13472	836	744	5781	131883	0	139244
13473	832	698	2456	138188	0	142174
13474	911	616	996	139638	0	142161
13475	727	874	136363	5960	0	143924
13476	661	132503	4399	3236	0	140799
13477	814	4157	136805	1208	0	142984
13478	888	2448	138977	975	0	143288
13479	1107	1001	5686	131573	0	139367
13480	868	1137	137697	4326	0	144028
13481	988	855	4508	132400	0	138751
13482	132040	776	2494	4732	0	140042
13483	133284	831	1179	2648	0	137942
13484	5940	1139	130892	1288	0	139259
13485	3025	892	4360	127559	0	135836
13486	1574	1219	131229	4541	0	138563
13487	1154	129204	4839	2802	0	137999
13488	127917	4353	2626	1401	0	136297
13489	4572	2726	129159	1178	0	137635
13490	2631	123774	4703	1398	0	132506
13491	1260	123587	2725	1239	0	128811
13492	1128	122504	1880	1243	0	126755
13493	1389	5712	113498	1199	0	121798
13494	1359	3131	4217	101726	0	110433
13495	1237	110322	2680	3984	0	118223
13496	1279	4033	1388	110012	0	116712
13497	1366	2326	1215	112264	0	117171
13498	106505	1121	1097	5775	0	114498
13499	3969	107091	1612	3073	0	115745
13500	105659	3795	1157	1846	0	112457
13501	4194	105172	1491	1686	0	112543
13502	2473	108834	1513	1515	0	114335
13503	1653	5432	105349	1495	0	113929
13504	1502	2774	4073	102940	0	111289
13505	1303	1498	104784	4343	0	111928
13506	1324	101691	4365	3389	0	110769
13507	1450	3847	102655	1849	0	109801
13508	1418	2241	103610	1729	0	108998
13509	1188	101927	5585	1767	0	110467
13510	96900	3801	2875	1830	0	105406
13511	3734	100728	1954	1935	0	108351
13512	100697	4059	1890	1949	0	108595
13513	4251	2497	100149	1863	0	108760
13514	2540	1272	101916	1865	0	107593
13515	1356	99216	5944	1805	0	108321
13516	97579	3862	2943	1700	0	106084
13517	4023	99311	2160	1717	0	107211
13518	2687	3952	1917	98135	0	106691
13519	100034	2374	1768	4126	0	108302
13520	3967	1684	100007	2651	0	108309
13521	2453	1190	4613	99480	0	107736
13522	98380	1069	2839	4557	0	106845
13523	3979	97512	2172	3184	0	106847
13524	2518	3846	1608	97851	0	105823
13525	1341	2447	98094	4542	0	106424
13526	95462	1202	4486	2821	0	103971
13527	3861	1166	2924	97709	0	105660
13528	2010	1317	96833	4337	0	104497
13529	1290	929	4388	91318	0	97925
13530	1019	94009	2960	4433	0	102421
13531	1275	3777	94859	2798	0	102709
13532	1376	1963	3830	89567	0	96736
13533	86743	1056	2326	3613	0	93738
13534	3913	932	1389	85012	0	91246
13535	77517	983	1200	3190	0	82890
13536	3190	77307	1389	1859	0	83745
13537	75602	3054	1281	1020	0	80957
13538	3085	2081	74959	881	0	81006
13539	1502	1028	63583	675	0	66788
13540	624	788	54651	529	0	56592
13541	532	51668	3530	557	0	56287
13542	1100	619	3385	21411	0	26515
13543	110	241	125	21468	0	21944
13544	105	206	96	21121	0	21528
13545	99	83	94	21900	0	22176
13546	84	133	21346	540	0	22103
13547	18303	89	376	304	0	19072
13548	336	21361	264	125	0	22086
13549	20304	324	92	104	0	20824
13550	348	192	66	20554	0	21160
13551	188	21638	116	309	0	22251
13552	124	323	68	22053	0	22568
13553	21748	183	68	375	0	22374
13554	307	22810	113	189	0	23419
13555	22888	377	63	142	0	23470
13556	23029	194	71	91	0	23385
13557	452	100	71	23609	0	24232
13558	218	126	23074	322	0	23740
13559	22167	73	316	234	0	22790
13560	330	76	194	24616	0	25216
13561	25102	44	100	412	0	25658
13562	25330	69	72	244	0	25715
13563	25559	72	65	128	0	25824
13564	515	122	25323	196	0	26156
13565	250	61	317	24510	0	25138
13566	24624	56	326	392	0	25398
13567	341	136	26509	200	0	27186
13568	202	27336	357	110	0	28005
13569	127	301	178	24872	0	25478
13570	87	235	27366	285	0	27973
13571	87	146	28028	195	0	28456
13572	96	63	519	27563	0	28241
13573	114	96	174	29520	0	29904
13574	107	56	66	29918	0	30147
13575	109	55	61	29460	0	29685
13576	104	106	29236	417	0	29863
13577	81	29248	337	324	0	29990
13578	89	256	176	29110	0	29631
13579	29951	154	82	373	0	30560
13580	28703	63	55	240	0	29061
13581	29058	52	50	144	0	29304
13582	464	44	48	28889	0	29445
13583	238	31	64	28622	0	28955
13584	98	27703	100	385	0	28286
13585	86	28286	111	177	0	28660
13586	170	350	60	28106	0	28686
13587	27893	221	55	294	0	28463
13588	27560	61	58	206	0	27885
13589	26956	31	47	145	0	27179
13590	27036	36	63	105	0	27240
13591	26933	46	48	137	0	27164
13592	330	26942	85	93	0	27450
13593	178	204	47	26954	0	27383
13594	27661	114	41	320	0	28136
13595	28099	54	49	241	0	28443
13596	349	79	51	27841	0	28320
13597	189	45	45	28527	0	28806
13598	121	105	29325	331	0	29882
13599	116	50	217	28125	0	28508
13600	144	50	122	29481	0	29797
13601	96	116	31148	349	0	31709
13602	104	152	182	30275	0	30713
13603	81	31458	170	244	0	31953
13604	92	282	30995	158	0	31527
13605	75	31904	236	99	0	32314
13606	122	193	120	31173	0	31608
13607	97	110	59	31930	0	32196
13608	77	32006	89	328	0	32500
13609	73	32271	82	156	0	32582
13610	32960	202	41	176	0	33379
13611	32885	109	37	140	0	33171
13612	248	142	33067	96	0	33553
13613	33221	51	163	185	0	33620
13614	35837	22	100	173	0	36132
13615	35914	29	50	131	0	36124
13616	35568	36	212	169	0	35985
13617	328	134	35329	145	0	35936
13618	171	124	32534	65	0	32894
13619	33868	34	205	142	0	34249
13620	184	37066	186	82	0	37518
13621	142	215	37184	74	0	37615
13622	36164	78	161	118	0	36521
13623	37533	35	95	135	0	37798
13624	240	223	37178	48	0	37689
13625	35231	41	198	134	0	35604
13626	239	39	110	41213	0	41601
13627	127	141	42296	237	0	42801
13628	36494	59	217	269	0	37039
13629	181	42386	168	138	0	42873
13630	44078	172	53	217	0	44520
13631	52463	103	67	445	0	53078
13632	308	57	52	52511	0	52928
13633	169	46	54	52932	0	53201
13634	137	43	38	53989	0	54207
13635	54181	38	32	484	0	54735
13636	57415	29	34	332	0	57810
13637	429	41	34	58135	0	58639
13638	249	55	31	57963	0	58298
13639	105	248	56648	466	0	57467
13640	51849	81	299	366	0	52595
13641	360	60	146	57339	0	57905
13642	262	51	46	57228	0	57587
13643	120	56635	135	490	0	57380
13644	188	302	30	57517	0	58037
13645	170	172	44	57583	0	57969
13646	55419	67	44	581	0	56111
13647	366	57492	121	224	0	58203
13648	300	328	36	58339	0	59003
13649	204	182	32	58048	0	58466
13650	189	71	29	58643	0	58932
13651	149	202	57240	602	0	58193
13652	155	49	328	56244	0	56776
13653	55329	50	197	544	0	56120
13654	415	244	56327	286	0	57272
13655	285	50	370	57400	0	58105
13656	147	35	224	59241	0	59647
13657	58392	39	95	802	0	59328
13658	57238	63	99	424	0	57824
13659	634	267	58157	149	0	59207
13660	51677	75	465	334	0	52551
13661	454	215	57653	111	0	58433
13662	55001	69	427	220	0	55717
13663	503	62767	334	134	0	63738
13664	63892	481	59	239	0	64671
13665	550	64287	173	251	0	65261
13666	65382	540	56	319	0	66297
13667	582	66402	172	132	0	67288
13668	394	611	60	67145	0	68210
13669	173	512	57	67215	0	67957
13670	148	92	55	66477	0	66772
13671	95	64460	188	1066	0	65809
13672	147	548	59	64231	0	64985
13673	105	65005	218	661	0	65989
13674	159	599	57	65327	0	66142
13675	65314	307	57	808	0	66486
13676	63586	105	78	528	0	64297
13677	900	64790	234	242	0	66166
13678	464	614	66	64704	0	65848
13679	63043	342	69	747	0	64201
13680	674	64645	192	505	0	66016
13681	414	65665	189	209	0	66477
13682	65347	940	56	280	0	66623
13683	65599	423	58	275	0	66355
13684	1004	65735	169	187	0	67095
13685	66515	682	56	280	0	67533
13686	838	430	47	66430	0	67745
13687	519	413	70507	783	0	72222
13688	69826	116	772	715	0	71429
13689	71932	114	438	422	0	72906
13690	1268	323	73038	233	0	74862
13691	71691	140	819	424	0	73074
13692	75159	147	489	387	0	76182
13693	78519	132	132	427	0	79210
13694	1423	78229	271	243	0	80166
13695	79449	945	90	320	0	80804
13696	79711	616	87	378	0	80792
13697	1656	217	97	78759	0	80729
13698	949	192	105	80642	0	81888
13699	461	196	89	82252	0	82998
13700	81555	196	63	1797	0	83611
13701	1269	192	71	80490	0	82022
13702	80927	186	73	1400	0	82586
13703	80846	224	99	974	0	82143
13704	1850	212	82	80497	0	82641
13705	1033	228	108	84072	0	85441
13706	567	175	108	84844	0	85694
13707	83093	217	86	2086	0	85482
13708	1339	83528	276	1042	0	86185
13709	1042	1316	100	85285	0	87743
13710	609	796	93	85920	0	87418
13711	84073	318	101	2183	0	86675
13712	84161	244	101	1216	0	85722
13713	2204	433	81754	476	0	84867
13714	1402	476	80912	435	0	83225
13715	86145	223	1942	535	0	88845
13716	1933	220	846	89646	0	92645
13717	1338	224	241	101596	0	103399
13718	596	474	101896	3083	0	106049
13719	691	266	2041	95994	0	98992
13720	571	99705	1320	2227	0	103823
13721	546	103631	491	1270	0	105938
13722	99054	3010	192	722	0	102978
13723	2485	1453	100308	531	0	104777
13724	1458	103161	2179	534	0	107332
13725	904	2230	1002	103494	0	107630
13726	6925	1409	95893	2422	0	106649
13727	892	453	2036	99750	0	103131
13728	790	308	1060	102440	0	104598
13729	683	512	102247	3329	0	106771
13730	631	101966	2359	1775	0	106731
13731	741	2158	1156	94274	0	98329
13732	95257	1153	392	2492	0	99294
13733	96234	402	324	1539	0	98499
13734	96071	269	280	877	0	97497
13735	3433	93678	576	709	0	98396
13736	91768	2063	383	712	0	94926
13737	2729	1109	254	91487	0	95579
13738	1486	585	90380	2486	0	94937
13739	87275	321	2074	1610	0	91280
13740	2401	91758	1316	814	0	96289
13741	1638	2126	403	91995	0	96162
13742	884	1213	371	91352	0	93820
13743	653	91680	578	3321	0	96232
13744	835	2360	363	93125	0	96683
13745	814	1289	347	94798	0	97248
13746	828	543	357	96722	0	98450
13747	92802	481	551	3790	0	97624
13748	92722	439	472	2079	0	95712
13749	3363	753	93153	1131	0	98400
13750	1772	626	2319	92551	0	97268
13751	1137	522	1298	96054	0	99011
13752	963	721	688	97225	0	99597
13753	94163	624	528	3812	0	99127
13754	2654	775	92427	2054	0	97910
13755	89996	526	2332	1276	0	94130
13756	94739	494	1290	1195	0	97718
13757	3624	452	635	93670	0	98381
13758	94276	418	715	2897	0	98306
13759	2892	784	91186	1851	0	96713
13760	87749	497	2206	1405	0	91857
13761	2886	96429	1460	1368	0	102143
13762	1862	2458	94293	1039	0	99652
13763	1243	1583	95749	1061	0	99636
13764	1195	822	3087	93277	0	98381
13765	1138	760	95724	2820	0	100442
13766	89942	526	2399	2126	0	94993
13767	2581	91763	1667	1294	0	97305
13768	93147	2207	596	1357	0	97307
13769	2844	1458	474	93173	0	97949
13770	1816	891	92623	3004	0	98334
13771	1006	760	93514	2179	0	97459
13772	1026	755	3084	93165	0	98030
13773	93839	453	1505	3255	0	99052
13774	2523	92588	920	2371	0	98402
13775	1618	96236	867	1783	0	100504
13776	94493	3247	619	1547	0	99906
13777	2822	96090	854	1304	0	101070
13778	96888	2307	695	1254	0	101144
13779	3119	1501	582	95763	0	100965
13780	96033	523	689	2930	0	100175
13781	3054	441	776	95782	0	100053
13782	96532	442	718	2921	0	100613
13783	2882	422	865	94567	0	98736
13784	1910	93995	1060	2722	0	99687
13785	93974	2123	683	1967	0	98747
13786	2602	93952	925	1603	0	99082
13787	1843	2352	87439	902	0	92536
13788	1300	1294	2336	79202	0	84132
13789	1041	88023	1601	2175	0	92840
13790	85282	2080	705	1439	0	89506
13791	84158	1208	744	1066	0	87176
13792	3100	84024	927	871	0	88922
13793	1486	2229	82209	932	0	86856
13794	1109	1085	2182	77212	0	81588
13795	941	80443	1544	2109	0	85037
13796	893	2053	776	81946	0	85668
13797	1215	1095	658	83368	0	86336
13798	79886	671	529	3023	0	84109
13799	2311	79226	769	1465	0	83771
13800	1666	1867	557	79560	0	83650
13801	79685	1196	484	2347	0	83712
13802	79921	612	451	1474	0	82458
13803	79979	641	514	1061	0	82195
13804	3213	850	525	77440	0	82028
13805	75024	531	394	2167	0	78116
13806	2260	74775	674	1389	0	79098
13807	74381	1750	421	864	0	77416
13808	2108	74604	563	860	0	78135
13809	73979	1731	402	787	0	76899
13810	73675	953	310	928	0	75866
13811	2882	1239	422	71869	0	76412
13812	1417	588	75149	1907	0	79061
13813	916	743	73896	1172	0	76727
13814	935	73813	2147	594	0	77489
13815	69426	1578	1095	772	0	72871
13816	1689	1019	68580	369	0	71657
13817	50406	258	817	291	0	51772
13818	779	54907	488	179	0	56353
13819	589	57446	246	298	0	58579
13820	338	956	111	58934	0	60339
13821	281	62147	234	801	0	63463
13822	256	1244	63432	589	0	65521
13823	440	719	1139	59664	0	61962
13824	268	65942	732	1087	0	68029
13825	311	1338	181	66009	0	67839
13826	66075	699	138	1418	0	68330
13827	1372	344	110	67089	0	68915
13828	833	369	67502	1422	0	70126
13829	335	67295	1431	880	0	69941
13830	324	1471	749	66184	0	68728
13831	341	821	269	67894	0	69325
13832	319	339	183	69208	0	70049
13833	66273	275	146	2269	0	68963
13834	66518	203	177	1140	0	68038
13835	2100	368	67008	403	0	69879
13836	1082	388	66558	270	0	68298
13837	375	66379	2096	342	0	69192
13838	67041	1377	874	405	0	69697
13839	1633	828	295	66575	0	69331
13840	974	355	184	67190	0	68703
13841	500	226	121	67942	0	68789
13842	491	223	91	68346	0	69151
13843	392	372	64598	2300	0	67662
13844	61161	222	1377	1199	0	63959
13845	1684	213	762	71698	0	74357
13846	1069	367	71057	1747	0	74240
13847	70450	268	1710	1225	0	73653
13848	78439	199	1037	625	0	80300
13849	2968	394	86257	353	0	89972
13850	1631	429	89647	307	0	92014
13851	867	244	3519	85581	0	90211
13852	88347	244	1504	2642	0	92737
13853	90282	212	610	1480	0	92584
13854	3752	292	424	85715	0	90183
13855	1748	260	331	89983	0	92322
13856	706	434	88252	3578	0	92970
13857	586	219	2613	86569	0	89987
13858	556	453	86962	3183	0	91154
13859	81082	265	2721	1712	0	85780
13860	2600	87730	1663	763	0	92756
13861	83937	2309	458	626	0	87330
13862	2632	84068	527	446	0	87673
13863	82883	2593	345	437	0	86258
13864	2881	1263	258	80042	0	84444
13865	1544	436	273	82056	0	84309
13866	81911	284	216	3592	0	86003
13867	83478	229	221	1721	0	85649
13868	84098	185	238	846	0	85367
13869	84619	199	255	657	0	85730
13870	4173	319	81798	439	0	86729
13871	81140	202	2563	612	0	84517
13872	84267	153	1333	584	0	86337
13873	84693	159	547	619	0	86018
13874	4260	147	397	81210	0	86014
13875	78630	158	376	2846	0	82010
13876	3061	78635	538	1590	0	83824
13877	1895	2349	400	79569	0	84213
13878	1048	1199	397	82114	0	84758
13879	865	654	79034	3869	0	84422
13880	891	320	2609	75007	0	78827
13881	715	79072	1635	3030	0	84452
13882	77969	2502	663	1779	0	82913
13883	2851	79631	721	994	0	84197
13884	80250	2752	460	902	0	84364
13885	3442	1433	402	79751	0	85028
13886	79107	521	466	3083	0	83177
13887	3145	78008	698	1847	0	83698
13888	79784	2528	488	1033	0	83833
13889	80838	1323	504	942	0	83607
13890	4387	587	477	78335	0	83786
13891	2406	383	462	81324	0	84575
13892	1353	501	78238	4028	0	84120
13893	1394	337	2627	78726	0	83084
13894	1235	435	1408	80516	0	83594
13895	1124	426	77969	4159	0	83678
13896	1189	294	2755	78836	0	83074
13897	1046	462	78069	3499	0	83076
13898	76170	302	2960	2120	0	81552
13899	3371	352	1615	77372	0	82710
13900	2074	445	76259	3188	0	81966
13901	75402	326	2790	1929	0	80447
13902	3531	336	1508	76828	0	82203
13903	2179	493	78431	3202	0	84305
13904	77514	360	2819	1923	0	82616
13905	3586	353	1476	79397	0	84812
13906	2327	328	702	80846	0	84203
13907	80200	306	554	4214	0	85274
13908	3641	327	511	79988	0	84467
13909	2310	334	461	81263	0	84368
13910	1641	363	508	77300	0	79812
13911	1281	76816	713	4185	0	82995
13912	74574	2358	507	2177	0	79616
13913	76272	1259	464	1295	0	79290
13914	4204	553	426	73099	0	78282
13915	74010	389	423	3144	0	77966
13916	74250	331	425	1987	0	76993
13917	75176	333	453	1240	0	77202
13918	66151	430	704	1230	0	68515
13919	72734	340	574	1119	0	74767
13920	4068	424	64754	892	0	70138
13921	2046	439	62427	888	0	65800
13922	59372	227	2612	907	0	63118
13923	2594	59992	1348	1063	0	64997
13924	1654	1688	585	57363	0	61290
13925	1033	974	57081	2216	0	61304
13926	974	457	56824	1382	0	59637
13927	1029	974	2353	54893	0	59249
13928	55769	576	1540	2276	0	60161
13929	2243	281	679	56373	0	59576
13930	1357	378	56708	2213	0	60656
13931	57950	226	1710	1601	0	61487
13932	2329	249	1014	59648	0	63240
13933	1498	161	550	61012	0	63221
13934	1073	158	448	61740	0	63419
13935	1086	158	350	60929	0	62523
13936	900	257	58685	2980	0	62822
13937	978	130	1739	59430	0	62277
13938	58894	134	982	2385	0	62395
13939	2167	291	57972	1443	0	61873
13940	57655	185	1685	1048	0	60573
13941	60410	171	891	958	0	62430
13942	60318	189	499	883	0	61889
13943	59310	171	467	873	0	60821
13944	2783	58140	491	898	0	62312
13945	1153	52102	400	502	0	54157
13946	755	53612	378	562	0	55307
13947	48510	2099	1463	681	0	52753
13948	1575	504	46130	505	0	48714
13949	34202	211	697	219	0	35329
13950	796	44	243	33629	0	34712
13951	33858	36	99	527	0	34520
13952	502	51	81	33991	0	34625
13953	33927	89	76	563	0	34655
13954	487	77	99	34533	0	35196
13955	369	62	86	35638	0	36155
13956	27764	60	115	885	0	28824
13957	487	40144	150	383	0	41164
13958	362	438	40455	200	0	41455
13959	229	40323	399	221	0	41172
13960	199	318	38539	148	0	39204
13961	127	165	226	36339	0	36857
13962	37651	33	284	282	0	38250
13963	267	35	55	37399	0	37756
13964	36458	25	40	311	0	36834
13965	235	41933	108	259	0	42535
13966	281	302	44350	123	0	45056
13967	105	44760	214	110	0	45189
13968	97	44676	196	160	0	45129
13969	43006	209	77	149	0	43441
13970	41518	113	44	154	0	41829
13971	257	42625	136	64	0	43082
13972	169	140	36	42735	0	43080
13973	116	96	43	42805	0	43060
13974	42312	38	53	378	0	42781
13975	212	164	42985	170	0	43531
13976	188	160	41952	93	0	42393
13977	136	46	267	42287	0	42736
13978	124	160	43605	231	0	44120
13979	38984	58	225	259	0	39526
13980	42986	37	153	140	0	43316
13981	363	43670	136	118	0	44287
13982	218	327	45122	95	0	45762
13983	176	284	242	44476	0	45178
13984	133	199	48046	265	0	48643
13985	129	99	269	46871	0	47368
13986	46239	63	167	389	0	46858
13987	316	49324	164	318	0	50122
13988	278	393	52413	140	0	53224
13989	124	53325	362	132	0	53943
13990	131	54511	279	150	0	55071
13991	53746	395	83	240	0	54464
13992	51711	199	79	234	0	52223
13993	526	226	53803	256	0	54811
13994	263	55451	400	159	0	56273
13995	195	301	217	55635	0	56348
13996	177	193	95	55702	0	56167
13997	220	88	92	55438	0	55838
13998	173	272	56643	516	0	57604
13999	234	87	335	55323	0	55979
14000	176	87	207	57887	0	58357
14001	58010	83	107	646	0	58846
14002	57671	73	101	418	0	58263
14003	56557	83	112	297	0	57049
14004	55915	104	113	225	0	56357
14005	56114	86	96	218	0	56514
14006	570	55911	190	137	0	56808
14007	54766	311	109	162	0	55348
14008	458	356	55239	102	0	56155
14009	330	216	302	54463	0	55311
14010	55871	109	170	423	0	56573
14011	395	55938	205	365	0	56903
14012	56597	349	79	224	0	57249
14013	57298	225	93	262	0	57878
14014	546	129	90	57356	0	58121
14015	362	108	102	58973	0	59545
14016	170	62941	227	588	0	63926
14017	197	405	85	64292	0	64979
14018	184	390	67688	494	0	68756
14019	243	125	498	67824	0	68690
14020	162	263	67928	612	0	68965
14021	59657	114	626	581	0	60978
14022	667	96	346	68580	0	69689
14023	449	258	68971	594	0	70272
14024	180	67768	704	608	0	69260
14025	128	69570	528	344	0	70570
14026	68783	837	231	180	0	70031
14027	694	525	106	68126	0	69451
14028	386	312	69224	570	0	70492
14029	133	67991	638	488	0	69250
14030	129	701	68562	145	0	69537
14031	64411	306	557	215	0	65489
14032	66426	99	311	196	0	67032
14033	67166	72	130	180	0	67548
14034	868	61	71	67298	0	68298
14035	430	216	67322	559	0	68527
14036	149	67550	638	373	0	68710
14037	179	499	416	68674	0	69768
14038	139	522	67606	569	0	68836
14039	133	315	66293	362	0	67103
14040	154	69	827	67839	0	68889
14041	69124	64	406	685	0	70279
14042	596	61	159	69160	0	69976
14043	407	82	118	70102	0	70709
14044	182	304	70522	884	0	71892
14045	237	76	583	69685	0	70581
14046	179	74	357	71081	0	71691
14047	168	262	71591	894	0	72915
14048	132	266	70370	472	0	71240
14049	198	88	854	69846	0	70986
14050	165	289	72187	636	0	73277
14051	178	72	661	71299	0	72210
14052	70657	73	419	818	0	71967
14053	575	73293	364	587	0	74819
14054	439	591	142	73913	0	75085
14055	252	576	72544	791	0	74163
14056	59713	173	677	762	0	61325
14057	622	67549	531	492	0	69194
14058	68054	583	196	349	0	69182
14059	694	453	158	67732	0	69037
14060	458	161	173	67468	0	68260
14061	68179	105	186	1200	0	69670
14062	671	282	68950	568	0	70471
14063	66445	88	719	368	0	67620
14064	772	84	471	70058	0	71385
14065	65805	87	222	913	0	67027
14066	64105	106	217	633	0	65061
14067	1125	120	202	63161	0	64608
14068	571	66943	324	781	0	68619
14069	69644	729	211	661	0	71245
14070	70141	504	180	456	0	71281
14071	1400	389	70522	238	0	72549
14072	69225	173	958	287	0	70643
14073	1095	158	658	69553	0	71464
14074	695	71851	486	971	0	74003
14075	469	909	232	68312	0	69922
14076	279	72407	379	892	0	73957
14077	71912	945	288	702	0	73847
14078	73168	610	205	413	0	74396
14079	1544	234	167	81851	0	83796
14080	817	324	81047	1360	0	83548
14081	412	338	81039	840	0	82629
14082	366	149	1910	81989	0	84414
14083	81796	115	942	1565	0	84418
14084	84075	96	409	1070	0	85650
14085	2155	85877	411	547	0	88990
14086	1206	1435	226	86269	0	89136
14087	450	1070	86787	1664	0	89971
14088	340	478	87883	1161	0	89862
14089	398	300	2596	93341	0	96635
14090	98445	161	1428	2382	0	102416
14091	2414	130	445	100395	0	103384
14092	1334	328	99286	2636	0	103584
14093	97600	160	2368	1505	0	101633
14094	2445	132	1335	98050	0	101962
14095	1475	147	470	100975	0	103067
14096	629	173	317	96975	0	98094
14097	370	97596	494	3524	0	101984
14098	422	2335	97735	1547	0	102039
14099	426	1378	100698	652	0	103154
14100	579	358	3465	99213	0	103615
14101	438	410	101420	2604	0	104872
14102	97156	207	2685	1669	0	101717
14103	2724	187	1412	99348	0	103671
14104	1648	231	558	100253	0	102690
14105	770	202	468	98350	0	99790
14106	497	99410	675	3793	0	104375
14107	99455	2290	446	1844	0	104035
14108	2758	1269	399	100199	0	104625
14109	99404	417	399	2928	0	103148
14110	2728	99325	599	1792	0	104444
14111	100022	2401	468	931	0	103822
14112	97638	1309	478	835	0	100260
14113	99962	432	392	920	0	101706
14114	3922	96693	676	916	0	102207
14115	1767	96996	637	762	0	100162
14116	90397	3267	464	815	0	94943
14117	2618	92422	670	675	0	96385
14118	1541	2526	88142	662	0	92871
14119	718	86073	2409	673	0	89873
14120	555	89477	1504	636	0	92172
14121	87532	3102	595	612	0	91841
14122	2521	1542	86913	571	0	91547
14123	1494	668	87203	628	0	89993
14124	896	397	3238	83959	0	88490
14125	86494	367	1486	2641	0	90988
14126	2590	537	87549	1507	0	92183
14127	1675	384	2467	86856	0	91382
14128	806	527	86502	2600	0	90435
14129	744	583	85495	1645	0	88467
14130	80561	467	3277	1005	0	85310
14131	2773	713	85115	677	0	89278
14132	1780	646	2620	81321	0	86367
14133	980	548	1567	81202	0	84297
14134	730	82462	1104	3250	0	87546
14135	807	85372	937	1716	0	88832
14136	972	3218	724	82477	0	87391
14137	849	1691	83206	2754	0	88500
14138	886	716	2546	82961	0	87109
14139	797	589	1615	84565	0	87566
14140	770	729	83827	3739	0	89065
14141	830	489	2712	84605	0	88636
14142	84638	475	1705	3172	0	89990
14143	2706	741	84776	1948	0	90171
14144	83422	584	2777	1226	0	88009
14145	3028	522	1955	82274	0	87779
14146	2013	490	1065	83633	0	87201
14147	1021	84816	1211	3899	0	90947
14148	1121	2570	912	85703	0	90306
14149	1138	1532	839	88697	0	92206
14150	86723	738	972	4090	0	92523
14151	2894	628	932	87793	0	92247
14152	1952	629	875	89274	0	92730
14153	84110	743	921	4352	0	90126
14154	3025	725	930	85561	0	90241
14155	2092	648	1001	78965	0	82706
14156	1012	83653	1258	4055	0	89978
14157	83814	2584	951	2470	0	89819
14158	3091	1564	862	84766	0	90283
14159	2114	779	774	87152	0	90819
14160	1240	791	84426	4406	0	90863
14161	1147	644	2785	83594	0	88170
14162	1106	630	1810	84815	0	88361
14163	81999	721	916	4373	0	88009
14164	83615	686	877	2396	0	87574
14165	4006	639	840	82094	0	87579
14166	2063	854	80574	3179	0	86670
14167	1131	76711	2817	2193	0	82852
14168	1016	78321	1775	1532	0	82644
14169	1331	3357	885	75281	0	80854
14170	74922	1607	1124	3026	0	80679
14171	2746	780	576	76167	0	80269
14172	76568	702	518	3208	0	80996
14173	2879	669	555	76048	0	80151
14174	1858	613	587	77427	0	80485
14175	74662	598	655	3803	0	79718
14176	74184	692	669	2072	0	77617
14177	3557	74144	830	1224	0	79755
14178	1935	76273	812	1152	0	80172
14179	885	2481	534	63631	0	67531
14180	878	1268	503	65733	0	68382
14181	690	586	64142	2905	0	68323
14182	56564	338	1952	1653	0	60507
14183	1906	61658	1250	973	0	65787
14184	971	58915	587	930	0	61403
14185	56183	1806	539	702	0	59230
14186	1920	890	56051	637	0	59498
14187	996	405	54979	620	0	57000
14188	582	735	50229	583	0	52129
14189	248	43109	1019	343	0	44719
14190	335	535	715	38415	0	40000
14191	199	270	146	38512	0	39127
14192	225	142	115	38993	0	39475
14193	37578	98	119	942	0	38737
14194	37045	110	105	550	0	37810
14195	732	37459	187	352	0	38730
14196	500	512	106	37796	0	38914
14197	319	405	38191	669	0	39584
14198	187	38486	595	490	0	39758
14199	37374	477	293	385	0	38529
14200	545	407	37132	251	0	38335
14201	32644	172	430	345	0	33591
14202	566	213	37133	345	0	38257
14203	356	160	504	35063	0	36083
14204	208	37195	372	595	0	38370
14205	37601	484	143	460	0	38688
14206	515	38822	216	304	0	39857
14207	38363	523	92	310	0	39288
14208	638	293	88	37867	0	38886
14209	386	253	39670	659	0	40968
14210	291	147	492	40854	0	41784
14211	239	230	267	44089	0	44825
14212	204	301	43510	1017	0	45032
14213	38728	156	657	701	0	40242
14214	740	43642	481	365	0	45228
14215	42800	680	148	346	0	43974
14216	765	44010	209	270	0	45254
14217	436	766	116	45673	0	46991
14218	255	515	45221	899	0	46890
14219	53313	175	790	622	0	54900
14220	1213	57011	543	410	0	59177
14221	754	1225	187	56128	0	58294
14222	413	687	118	59217	0	60435
14223	61680	281	105	1837	0	63903
14224	64377	154	135	985	0	65651
14225	1993	66343	268	407	0	69011
14226	70430	1484	162	310	0	72386
14227	70618	830	123	362	0	71933
14228	72345	313	140	379	0	73177
14229	3163	461	70422	278	0	74324
14230	1278	69652	1797	320	0	73047
14231	427	73191	1086	307	0	75011
14232	502	2582	315	67161	0	70560
14233	456	1224	169	71293	0	73142
14234	71129	405	159	2621	0	74314
14235	1883	71308	336	1219	0	74746
14236	72011	1834	190	490	0	74525
14237	2084	1141	175	70105	0	73505
14238	1325	421	151	71752	0	73649
14239	69976	290	187	2752	0	73205
14240	69944	249	189	1383	0	71765
14241	2869	371	68315	469	0	72024
14242	1453	404	1673	67134	0	70664
14243	614	361	67424	1775	0	70174
14244	497	355	66890	1090	0	68832
14245	445	380	68473	456	0	69754
14246	64104	246	2664	362	0	67376
14247	1932	216	1103	63519	0	66770
14248	1239	245	385	63641	0	65510
14249	581	218	226	65986	0	67011
14250	408	347	64243	2646	0	67644
14251	543	226	1662	63705	0	66136
14252	504	228	987	64897	0	66616
14253	64339	220	315	2615	0	67489
14254	65348	242	217	1333	0	67140
14255	66778	226	222	622	0	67848
14256	66821	232	214	544	0	67811
14257	3010	295	259	64088	0	67652
14258	65235	283	268	1987	0	67773
14259	2336	338	230	64997	0	67901
14260	1615	420	61801	2078	0	65914
14261	61998	327	1627	1393	0	65345
14262	2277	63180	1173	682	0	67312
14263	1663	1807	442	61720	0	65632
14264	996	1153	332	60924	0	63405
14265	772	63102	461	2609	0	66944
14266	62098	1858	308	1513	0	65777
14267	2242	61850	524	888	0	65504
14268	1712	2014	61811	641	0	66178
14269	1024	1433	62479	622	0	65558
14270	60739	528	2682	726	0	64675
14271	63391	450	1288	802	0	65931
14272	3009	594	61182	673	0	65458
14273	60645	364	1899	769	0	63677
14274	2555	532	61102	711	0	64900
14275	60384	381	2155	785	0	63705
14276	2442	584	60720	878	0	64624
14277	1876	479	61968	909	0	65232
14278	1238	428	2799	56930	0	61395
14279	1035	417	1539	60440	0	63431
14280	60848	346	731	3269	0	65194
14281	60799	397	621	1874	0	63691
14282	62433	347	647	1100	0	64527
14283	62756	332	585	1047	0	64720
14284	3440	59817	898	909	0	65064
14285	2289	1745	661	57059	0	61754
14286	1334	60490	822	2218	0	64864
14287	1433	1876	697	61186	0	65192
14288	1425	1170	734	61129	0	64458
14289	1422	598	648	61490	0	64158
14290	1343	596	58722	3311	0	63972
14291	55334	482	2086	2161	0	60063
14292	2622	55951	1608	1371	0	61552
14293	1957	59006	865	1227	0	63055
14294	1494	2711	58808	1110	0	64123
14295	1455	1339	2012	58017	0	62823
14296	1394	686	1450	59531	0	63061
14297	58911	491	845	3352	0	63599
14298	2808	462	705	58811	0	62786
14299	2179	529	745	59438	0	62891
14300	1476	456	702	60657	0	63291
14301	1392	399	840	61037	0	63668
14302	58179	335	810	3444	0	62768
14303	59139	369	934	2058	0	62500
14304	60097	329	918	1189	0	62533
14305	3606	338	847	59429	0	64220
14306	59864	362	957	2617	0	63800
14307	2886	275	814	60470	0	64445
14308	2170	331	961	62211	0	65673
14309	1516	378	58603	3331	0	63828
14310	1177	394	56368	2016	0	59955
14311	1205	349	55798	1113	0	58465
14312	53513	225	3091	1005	0	57834
14313	2607	448	1760	48728	0	53543
14314	1996	53820	1024	2105	0	58945
14315	54987	1520	747	1699	0	58953
14316	2654	1102	53896	1007	0	58659
14317	50828	357	1924	908	0	54017
14318	2483	50216	1529	793	0	55021
14319	40476	972	523	597	0	42568
14320	1839	694	376	39614	0	42523
14321	39531	266	329	1384	0	41510
14322	1559	37368	450	1054	0	40431
14323	1063	36608	429	572	0	38672
14324	32118	1072	277	388	0	33855
14325	974	33997	334	373	0	35678
14326	473	28587	156	325	0	29541
14327	398	29180	247	194	0	30019
14328	27492	690	404	163	0	28749
14329	26632	292	73	119	0	27116
14330	27096	114	45	135	0	27390
14331	653	104	50	26491	0	27298
14332	369	80	47	26930	0	27426
14333	182	146	26465	584	0	27377
14334	180	61	355	26585	0	27181
14335	171	125	27065	427	0	27788
14336	176	59	376	26887	0	27498
14337	164	67	246	27518	0	27995
14338	27038	63	92	662	0	27855
14339	26553	69	93	393	0	27108
14340	572	26911	119	190	0	27792
14341	370	381	75	26846	0	27672
14342	168	340	27898	449	0	28855
14343	165	128	495	27746	0	28534
14344	179	106	263	28278	0	28826
14345	164	79	103	28662	0	29008
14346	144	144	27898	638	0	28824
14347	149	142	26272	366	0	26929
14348	26753	53	578	227	0	27611
14349	440	54	287	28528	0	29309
14350	375	109	28579	502	0	29565
14351	26462	63	421	410	0	27356
14352	424	29595	340	234	0	30593
14353	30010	362	152	223	0	30747
14354	495	329	31274	178	0	32276
14355	29936	114	389	202	0	30641
14356	517	93	284	31326	0	32220
14357	367	176	31871	387	0	32801
14358	182	31694	438	327	0	32641
14359	31561	369	358	218	0	32506
14360	431	264	171	31835	0	32701
14361	350	114	129	31942	0	32535
14362	175	32902	198	573	0	33848
14363	161	370	124	33319	0	33974
14364	185	327	32965	448	0	33925
14365	146	32903	446	328	0	33823
14366	33334	348	243	226	0	34151
14367	413	269	135	33271	0	34088
14368	360	159	83	33373	0	33975
14369	205	206	32934	571	0	33916
14370	214	140	358	32890	0	33602
14371	219	189	34532	425	0	35365
14372	148	35290	456	315	0	36209
14373	35224	447	339	246	0	36256
14374	35238	274	128	229	0	35869
14375	35412	131	119	219	0	35881
14376	605	38279	188	237	0	39309
14377	365	434	98	38657	0	39554
14378	227	273	103	38668	0	39271
14379	195	133	132	36427	0	36887
14380	37906	86	103	748	0	38843
14381	37562	92	87	475	0	38216
14382	652	73	100	37599	0	38424
14383	364	234	41985	506	0	43089
14384	250	78	404	42034	0	42766
14385	204	72	278	42896	0	43450
14386	176	72	149	43280	0	43677
14387	179	78	115	43343	0	43715
14388	42996	74	100	852	0	44022
14389	498	82	107	43910	0	44597
14390	391	106	85	43640	0	44222
14391	204	43897	190	722	0	45013
14392	205	431	93	44839	0	45568
14393	159	46112	193	601	0	47065
14394	185	584	100	45959	0	46828
14395	45306	326	81	743	0	46456
14396	540	45324	204	491	0	46559
14397	44118	506	92	390	0	45106
14398	634	447	45793	215	0	47089
14399	463	129	506	45325	0	46423
14400	214	212	47770	686	0	48882
14401	192	197	594	47742	0	48725
14402	189	140	353	47654	0	48336
14403	150	47599	237	863	0	48849
14404	143	48601	218	532	0	49494
14405	103	48334	165	244	0	48846
14406	47405	538	74	259	0	48276
14407	336	46729	147	208	0	47420
14408	186	46575	157	156	0	47074
14409	529	457	35	46956	0	47977
14410	46735	177	104	406	0	47422
14411	279	49709	113	237	0	50338
14412	50458	261	35	277	0	51031
14413	50084	175	35	191	0	50485
14414	426	226	52387	109	0	53148
14415	249	83	283	50793	0	51408
14416	128	195	154	53774	0	54251
14417	89	56	61	54103	0	54309
14418	119	208	49	53087	0	53463
14419	82	217	51253	481	0	52033
14420	117	232	45715	252	0	46316
14421	45119	72	401	302	0	45894
14422	271	50741	237	126	0	51375
14423	168	51457	140	113	0	51878
14424	51580	391	36	258	0	52265
14425	281	49881	168	1107	0	51437
14426	210	328	42	51741	0	52321
14427	51441	202	41	467	0	52151
14428	324	264	51154	240	0	51982
14429	245	76	280	51521	0	52122
14430	106	258	52603	347	0	53314
14431	49036	97	333	348	0	49814
14432	456	280	59306	124	0	60166
14433	58993	77	342	298	0	59710
14434	62836	73	265	321	0	63495
14435	63549	69	63	287	0	63968
14436	63538	75	48	285	0	63946
14437	63966	75	56	264	0	64361
14438	553	74	59	64037	0	64723
14439	66899	78	147	596	0	67720
14440	440	72	74	67208	0	67794
14441	299	89	62	67167	0	67617
14442	173	102	71	67751	0	68097
14443	154	315	67292	556	0	68317
14444	205	106	335	65310	0	65956
14445	180	95	196	68256	0	68727
14446	141	304	66905	575	0	67925
14447	58202	124	396	494	0	59216
14448	439	86	193	67799	0	68517
14449	264	272	68064	431	0	69031
14450	154	267	65789	301	0	66511
14451	177	79	595	65831	0	66682
14452	157	254	67915	480	0	68806
14453	168	71	403	67845	0	68487
14454	184	82	243	67078	0	67587
14455	122	67249	276	550	0	68197
14456	136	67914	261	304	0	68615
14457	68210	482	77	320	0	69089
14458	452	244	78	68604	0	69378
14459	344	105	70	67847	0	68366
14460	230	84	65	69871	0	70250
14461	159	419	69534	600	0	70712
14462	188	78	387	67885	0	68538
14463	67517	73	272	708	0	68570
14464	455	294	70321	456	0	71526
14465	384	76	409	72026	0	72895
14466	213	87	261	73436	0	73997
14467	218	64	104	74061	0	74447
14468	126	77993	300	816	0	79235
14469	78452	645	124	495	0	79716
14470	82334	332	113	351	0	83130
14471	1240	84821	300	230	0	86591
14472	587	873	106	88365	0	89931
14473	259	708	89450	1119	0	91536
14474	205	431	88924	635	0	90195
14475	89034	178	1795	389	0	91396
14476	1447	73	739	93387	0	95646
14477	95587	77	231	1595	0	97490
14478	1593	99230	392	889	0	102104
14479	794	101489	393	357	0	103033
14480	98961	2321	130	376	0	101788
14481	1638	104483	397	196	0	106714
14482	977	1798	133	103794	0	106702
14483	458	861	115	96385	0	97819
14484	170	105377	345	2360	0	108252
14485	106371	1848	118	1008	0	109345
14486	1960	1242	107838	305	0	111345
14487	101183	282	1887	496	0	103848
14488	2169	462	110282	204	0	113117
14489	98922	183	2141	551	0	101797
14490	2242	405	110927	195	0	113769
14491	1110	108635	2374	227	0	112346
14492	622	1953	1129	108778	0	112482
14493	107785	940	336	2215	0	111276
14494	2050	477	107647	1010	0	111184
14495	1107	405	108687	283	0	110482
14496	525	165	2822	105315	0	108827
14497	355	432	108554	1992	0	111333
14498	422	163	2163	105133	0	107881
14499	419	155	1117	105252	0	106943
14500	250	412	105642	2952	0	109256
14501	365	195	2055	104364	0	106979
14502	106186	158	1104	2418	0	109866
14503	1961	106125	650	1260	0	109996
14504	107082	1974	269	588	0	109913
14505	2292	1036	245	104622	0	108195
14506	105658	333	249	2234	0	108474
14507	107196	261	290	1319	0	109066
14508	3197	255	277	101639	0	105368
14509	1393	105761	505	1932	0	109591
14510	107024	1974	334	1320	0	110652
14511	2302	1337	103562	513	0	107714
14512	1336	627	103455	419	0	105837
14513	100524	275	2982	514	0	104295
14514	2317	330	1384	99739	0	103770
14515	1355	507	100340	2160	0	104362
14516	733	295	2241	99963	0	103232
14517	99952	276	1311	2483	0	104022
14518	101673	255	547	1522	0	103997
14519	100575	334	478	764	0	102151
14520	3230	103064	653	548	0	107495
14521	1711	2164	365	103042	0	107282
14522	875	1328	355	104859	0	107417
14523	103529	522	352	3231	0	107634
14524	2367	103369	638	1503	0	107877
14525	103053	2181	386	831	0	106451
14526	2658	1249	379	101052	0	105338
14527	100997	607	405	2425	0	104434
14528	2718	681	98362	1329	0	103090
14529	1602	98607	2485	666	0	103360
14530	1101	2215	1335	91478	0	96129
14531	747	100612	929	1901	0	104189
14532	848	2254	532	93771	0	97405
14533	92971	1203	569	2461	0	97204
14534	2419	760	90240	1397	0	94816
14535	86724	425	2309	923	0	90381
14536	2499	92195	1702	642	0	97038
14537	1700	2060	800	93171	0	97731
14538	995	1205	687	95638	0	98525
14539	91113	525	609	3337	0	95584
14540	2494	647	92055	1674	0	96870
14541	1733	442	2330	92102	0	96607
14542	1084	406	1408	92924	0	95822
14543	961	400	764	93312	0	95437
14544	1012	389	575	94972	0	96948
14545	92323	410	576	3516	0	96825
14546	92499	437	527	1912	0	95375
14547	3481	618	91512	969	0	96580
14548	1842	739	89757	842	0	93180
14549	91355	426	3071	987	0	95839
14550	95602	383	1482	959	0	98426
14551	3589	392	760	93454	0	98195
14552	1990	370	684	94483	0	97527
14553	92215	354	646	3397	0	96612
14554	2660	92379	965	1774	0	97778
14555	1931	2022	676	93418	0	98047
14556	1196	1142	591	95627	0	98556
14557	925	813	92899	3451	0	98088
14558	1051	395	2338	93454	0	97238
14559	972	638	94147	2825	0	98582
14560	1058	380	2437	93609	0	97484
14561	92401	360	1419	2917	0	97097
14562	2771	316	636	93713	0	97436
14563	1795	646	91969	2870	0	97280
14564	1035	87561	2517	2057	0	93170
14565	1069	2029	1281	90513	0	94892
14566	987	1429	90414	2556	0	95386
14567	877	90766	2482	1766	0	95891
14568	1077	2409	1146	87768	0	92400
14569	867	1333	86942	2210	0	91352
14570	66329	438	1744	1689	0	70200
14571	1896	80638	1290	789	0	84613
14572	1144	76749	587	575	0	79055
14573	614	77648	521	629	0	79412
14574	876	2121	228	72907	0	76132
14575	529	1047	75790	1485	0	78851
14576	401	74827	1521	980	0	77729
14577	856	2592	772	72638	0	76858
14578	78030	704	463	1508	0	80705
14579	1675	246	163	105168	0	107252
14580	1339	535	119319	2776	0	123969
14581	450	118589	3153	1532	0	123724
14582	113945	2992	1397	808	0	119142
14583	2862	117501	673	581	0	121617
14584	1551	3315	110906	386	0	116158
14585	435	112294	3198	689	0	116616
14586	759	3678	1555	107016	0	113008
14587	371	1789	108436	2740	0	113336
14588	319	107194	3236	1699	0	112448
14589	459	3196	1392	103646	0	108693
14590	391	1687	661	103697	0	106436
14591	157	106797	732	3645	0	111331
14592	323	3126	391	107269	0	111109
14593	173	1751	106648	3222	0	111794
14594	174	972	108646	1617	0	111409
14595	257	632	3896	106486	0	111271
14596	106380	471	1590	3413	0	111854
14597	108091	511	648	1859	0	111109
14598	3895	508	480	103551	0	108434
14599	1480	106017	769	3167	0	111433
14600	801	3252	704	106126	0	110883
14601	104993	1446	697	3431	0	110567
14602	3187	684	518	105140	0	109529
14603	1908	567	403	106867	0	109745
14604	103651	595	349	4449	0	109044
14605	3042	103183	624	2100	0	108949
14606	1633	3198	380	101792	0	107003
14607	102640	1609	365	3435	0	108049
14608	3151	944	101342	2016	0	107453
14609	100745	610	2902	1343	0	105600
14610	3496	652	1368	101574	0	107090
14611	101868	590	555	3611	0	106624
14612	102538	692	432	2108	0	105770
14613	96647	583	509	1336	0	99075
14614	4303	99716	836	1072	0	105927
14615	2193	3109	99370	800	0	105472
14616	1206	100968	3277	998	0	106449
14617	98864	3193	1534	923	0	104514
14618	3628	100999	838	815	0	106280
14619	2273	3349	458	99311	0	105391
14620	96343	1960	492	3299	0	102094
14621	3348	96811	846	1994	0	102999
14622	1948	3712	96812	1026	0	103498
14623	1256	2035	3024	96727	0	103042
14624	1024	1357	97849	3486	0	103716
14625	926	97729	3437	2383	0	104475
14626	1076	3603	1688	95179	0	101546
14627	1047	2087	857	97971	0	101962
14628	976	1158	858	99272	0	102264
14629	997	932	929	94544	0	97402
14630	846	95877	1146	4880	0	102749
14631	93816	3405	851	2707	0	100779
14632	3373	2344	94406	1731	0	101854
14633	2030	1161	3367	94791	0	101349
14634	93613	1161	1778	4124	0	100676
14635	3677	1351	94343	2535	0	101906
14636	2062	92563	3764	1574	0	99963
14637	1336	3955	2024	89545	0	96860
14638	1262	2397	92474	3667	0	99800
14639	968	93000	3908	2494	0	100370
14640	87901	3658	2108	1785	0	95452
14641	3482	91202	1505	1532	0	97721
14642	2076	4068	1015	88666	0	95825
14643	1219	2434	954	92949	0	97556
14644	88831	1524	1005	5188	0	96548
14645	3284	89157	1494	3040	0	96975
14646	2239	3688	1211	89801	0	96939
14647	88032	2255	1204	4210	0	95701
14648	87764	1480	941	2920	0	93105
14649	4871	87069	915	2144	0	94999
14650	88168	3707	622	1912	0	94409
14651	89457	2420	597	1733	0	94207
14652	5361	1663	560	86372	0	93956
14653	2856	1414	84990	4396	0	93656
14654	2207	1103	3242	84382	0	90934
14655	1923	1022	1740	86532	0	91217
14656	1693	1248	83022	5314	0	91277
14657	1673	81884	3526	2791	0	89874
14658	1701	3609	1781	81631	0	88722
14659	1364	2094	1201	84828	0	89487
14660	1449	1308	1156	85347	0	89260
14661	1545	993	1062	81107	0	84707
14662	1331	81056	1205	5378	0	88970
14663	81920	3390	784	3175	0	89269
14664	82959	1955	590	2340	0	87844
14665	81913	1182	477	1956	0	85528
14666	5027	76479	769	1995	0	84270
14667	2719	3689	544	75626	0	82578
14668	1627	2468	75930	3977	0	84002
14669	1807	1560	3002	71630	0	77999
14670	1839	76225	1822	3619	0	83505
14671	74651	3350	764	2259	0	81024
14672	75593	2071	556	1673	0	79893
14673	74969	1218	625	1607	0	78419
14674	4563	73091	1177	1375	0	80206
14675	2033	68907	1255	1376	0	73571
14676	1316	71191	1132	1399	0	75038
14677	1409	3887	67948	1142	0	74386
14678	1367	2417	60289	863	0	64936
14679	1833	7281	2268	23920	0	35302
14680	17161	95	728	499	0	18483
14681	16531	68	156	242	0	16997
14682	506	78	50	17901	0	18535
14683	246	79	36	17821	0	18182
14684	101	58	57	18151	0	18367
14685	92	68	43	18214	0	18417
14686	18023	61	17	542	0	18643
14687	17687	65	36	266	0	18054
14688	500	18374	70	182	0	19126
14689	18894	347	42	166	0	19449
14690	18930	209	45	121	0	19305
14691	19139	95	48	114	0	19396
14692	587	133	16365	108	0	17193
14693	18176	86	234	118	0	18614
14694	420	19297	198	100	0	20015
14695	286	397	62	20133	0	20878
14696	134	256	44	19992	0	20426
14697	121	20059	93	622	0	20895
14698	139	445	62	20789	0	21435
14699	20499	266	74	539	0	21378
14700	521	87	69	20799	0	21476
14701	312	119	20508	557	0	21496
14702	19257	81	415	388	0	20141
14703	474	21127	274	176	0	22051
14704	308	435	61	21428	0	22232
14705	186	260	38	21785	0	22269
14706	170	108	36	22033	0	22347
14707	177	128	21258	747	0	22310
14708	157	20833	435	382	0	21807
14709	197	445	223	21061	0	21926
14710	190	326	20839	488	0	21843
14711	189	121	400	20672	0	21382
14712	168	273	20618	516	0	21575
14713	238	239	436	19303	0	20216
14714	126	19927	314	481	0	20848
14715	152	425	98	19779	0	20454
14716	19793	281	53	545	0	20672
14717	19862	119	59	399	0	20439
14718	666	138	20022	203	0	21029
14719	316	137	19947	182	0	20582
14720	138	143	21817	174	0	22272
14721	146	77	666	21399	0	22288
14722	147	97	291	23007	0	23542
14723	167	82	106	22793	0	23148
14724	143	22928	145	890	0	24106
14725	167	584	98	22593	0	23442
14726	149	359	95	23450	0	24053
14727	162	133	74	24213	0	24582
14728	23523	105	91	928	0	24647
14729	23624	113	129	525	0	24391
14730	820	153	23515	252	0	24740
14731	434	203	23426	212	0	24275
14732	23082	111	806	267	0	24266
14733	24166	87	401	281	0	24935
14734	898	135	25054	241	0	26328
14735	491	148	24731	222	0	25592
14736	23584	115	826	214	0	24739
14737	24487	99	436	240	0	25262
14738	873	127	25129	229	0	26358
14739	489	93	600	24505	0	25687
14740	242	89	410	24616	0	25357
14741	180	26217	261	893	0	27551
14742	220	592	129	26764	0	27705
14743	185	457	27828	815	0	29285
14744	220	124	688	28072	0	29104
14745	220	117	450	28493	0	29280
14746	176	180	27643	1122	0	29121
14747	26493	88	712	666	0	27959
14748	28352	95	478	358	0	29283
14749	1066	72	237	27813	0	29188
14750	619	86	165	28463	0	29333
14751	28124	99	167	1128	0	29518
14752	28119	81	213	640	0	29053
14753	27253	95	202	330	0	27880
14754	28517	88	186	297	0	29088
14755	1075	27443	254	292	0	29064
14756	27062	612	200	301	0	28175
14757	773	27616	242	275	0	28906
14758	531	657	186	27477	0	28851
14759	288	375	176	27441	0	28280
14760	201	27273	266	1091	0	28831
14761	241	616	176	27925	0	28958
14762	245	389	179	27350	0	28163
14763	197	27015	258	1342	0	28812
14764	255	627	213	27766	0	28861
14765	288	358	180	28123	0	28949
14766	298	136	196	28462	0	29092
14767	238	147	27401	1164	0	28950
14768	245	26012	793	643	0	27693
14769	347	1007	481	23169	0	25004
14770	287	25992	301	711	0	27291
14771	25504	619	224	527	0	26874
14772	781	391	25257	343	0	26772
14773	504	182	24561	284	0	25531
14774	22635	105	803	243	0	23786
14775	682	261	385	22786	0	24114
14776	426	129	21989	608	0	23152
14777	235	140	21543	456	0	22374
14778	213	275	779	20758	0	22025
14779	20335	91	367	631	0	21424
14780	20678	101	173	454	0	21406
14781	798	103	120	20458	0	21479
14782	422	135	19183	643	0	20383
14783	217	19623	527	495	0	20862
14784	220	466	319	19615	0	20620
14785	223	310	19770	615	0	20918
14786	219	19814	516	465	0	21014
14787	241	475	320	19827	0	20863
14788	19478	290	188	586	0	20542
14789	576	261	123	18311	0	19271
14790	368	18994	197	582	0	20141
14791	18810	443	150	463	0	19866
14792	561	336	19365	302	0	20564
14793	359	18689	526	310	0	19884
14794	217	437	18849	255	0	19758
14795	17231	251	506	244	0	18232
14796	491	123	292	17117	0	18023
14797	377	98	188	18159	0	18822
14798	18011	73	157	649	0	18890
14799	472	82	179	18406	0	19139
14800	344	120	18043	516	0	19023
14801	16315	101	427	407	0	17250
14802	456	17838	332	296	0	18922
14803	354	348	186	17187	0	18075
14804	17121	258	131	504	0	18014
14805	444	17330	162	389	0	18325
14806	367	361	153	17909	0	18790
14807	18093	271	122	502	0	18988
14808	440	151	111	18093	0	18795
14809	303	18024	184	603	0	19114
14810	195	462	18447	369	0	19473
14811	201	279	394	18850	0	19724
14812	220	145	300	18933	0	19598
14813	19373	116	128	692	0	20309
14814	512	99	95	19701	0	20407
14815	19666	118	138	542	0	20464
14816	19625	118	116	389	0	20248
14817	648	126	107	18686	0	19567
14818	342	18920	160	490	0	19912
14819	206	402	97	18174	0	18879
14820	17284	250	83	513	0	18130
14821	428	17986	149	325	0	18888
14822	240	17378	84	170	0	17872
14823	17099	444	67	166	0	17776
14824	17605	207	71	157	0	18040
14825	489	17967	139	124	0	18719
14826	17962	361	61	157	0	18541
14827	17833	184	79	136	0	18232
14828	491	92	55	17750	0	18388
14829	226	110	18595	399	0	19330
14830	139	59	456	18494	0	19148
14831	115	97	19320	428	0	19960
14832	113	109	369	19363	0	19954
14833	99	94	19613	445	0	20251
14834	17606	32	349	245	0	18232
14835	341	38	200	18525	0	19104
14836	19156	42	82	368	0	19648
14837	402	70	53	18405	0	18930
14838	230	18770	80	368	0	19448
14839	19260	317	37	220	0	19834
14840	359	231	18872	100	0	19562
14841	17461	40	228	84	0	17813
14842	290	18557	159	48	0	19054
14843	17325	221	30	57	0	17633
14844	17341	126	21	57	0	17545
14845	346	17525	55	34	0	17960
14846	168	257	14	18260	0	18699
14847	18039	140	22	309	0	18510
14848	296	18074	49	176	0	18595
14849	182	276	17	17957	0	18432
14850	18022	158	20	326	0	18526
14851	330	41	21	18221	0	18613
14852	201	27	22	18453	0	18703
14853	93	35	20	18680	0	18828
14854	65	69	18091	451	0	18676
14855	86	27	279	18109	0	18501
14856	18009	35	146	371	0	18561
14857	312	62	17857	206	0	18437
14858	205	29	298	17862	0	18394
14859	100	30	148	18402	0	18680
14860	62	70	17959	445	0	18536
14861	16449	31	280	240	0	17000
14862	17973	34	167	95	0	18269
14863	435	74	18018	71	0	18598
14864	243	36	284	17535	0	18098
14865	109	33	168	18696	0	19006
14866	89	82	20018	438	0	20627
14867	92	48	295	20240	0	20675
14868	111	20	171	20709	0	21011
14869	81	74	21156	503	0	21814
14870	19844	39	316	288	0	20487
14871	372	23	188	21679	0	22262
14872	21811	35	74	404	0	22324
14873	21850	35	47	298	0	22230
14874	518	86	22013	149	0	22766
14875	260	33	383	21776	0	22452
14876	22547	24	192	461	0	23224
14877	395	23496	109	315	0	24315
14878	302	358	68	24651	0	25379
14879	163	187	72	24763	0	25185
14880	129	48	70	25110	0	25357
14881	109	201	24352	668	0	25330
14882	21036	61	444	350	0	21891
14883	464	52	222	24105	0	24843
14884	284	28	109	24376	0	24797
14885	193	94	23809	656	0	24752
14886	144	89	408	23622	0	24263
14887	157	39	267	24277	0	24740
14888	23712	34	95	668	0	24509
14889	429	23890	115	407	0	24841
14890	294	403	23855	202	0	24754
14891	23412	205	448	146	0	24211
14892	438	64	234	23643	0	24379
14893	287	68	24600	501	0	25456
14894	178	93	24982	297	0	25550
14895	122	69	583	25023	0	25797
14896	125	67	26178	491	0	26861
14897	155	88	26566	321	0	27130
14898	106	26086	659	213	0	27064
14899	135	386	305	28333	0	29159
14900	157	239	28514	490	0	29400
14901	138	89	437	27371	0	28035
14902	30718	52	286	596	0	31652
14903	462	45	141	31094	0	31742
14904	286	66	87	31987	0	32426
14905	30477	41	97	766	0	31381
14906	31001	46	143	385	0	31575
14907	662	37	92	32308	0	33099
14908	332	90	33341	535	0	34298
14909	125	33222	547	368	0	34262
14910	138	423	294	33288	0	34143
14911	32888	208	140	637	0	33873
14912	32959	65	124	429	0	33577
14913	693	33107	183	251	0	34234
14914	305	34223	206	162	0	34896
14915	34260	645	113	227	0	35245
14916	34196	257	112	258	0	34823
14917	801	161	36030	184	0	37176
14918	418	75	575	34453	0	35521
14919	140	37291	398	553	0	38382
14920	37846	495	289	396	0	39026
14921	649	306	119	37345	0	38419
14922	368	38305	186	578	0	39437
14923	193	587	39076	384	0	40240
14924	172	412	508	36301	0	37393
14925	126	41688	360	517	0	42691
14926	41852	451	129	390	0	42822
14927	41636	264	125	282	0	42307
14928	671	41831	157	247	0	42906
14929	40633	420	126	245	0	41424
14930	40343	241	104	247	0	40935
14931	649	40629	137	201	0	41616
14932	302	40924	158	184	0	41568
14933	196	540	117	40608	0	41461
14934	39856	273	90	585	0	40804
14935	498	217	42254	303	0	43272
14936	38046	108	446	262	0	38862
14937	488	43162	270	169	0	44089
14938	43313	450	132	261	0	44156
14939	43413	215	127	250	0	44005
14940	43119	95	116	215	0	43545
14941	655	94	150	41875	0	42774
14942	318	42615	190	482	0	43605
14943	42618	439	117	347	0	43521
14944	548	350	43778	155	0	44831
14945	319	44023	523	154	0	45019
14946	223	439	227	45564	0	46453
14947	140	350	44498	442	0	45430
14948	160	223	45108	252	0	45743
14949	211	102	587	43581	0	44481
14950	207	73	288	46877	0	47445
14951	180	114	114	47544	0	47952
14952	160	107	103	46727	0	47097
14953	176	45525	195	594	0	46490
14954	135	47463	200	303	0	48101
14955	47348	556	101	238	0	48243
14956	484	262	97	47793	0	48636
14957	351	127	89	48038	0	48605
14958	204	131	98	49230	0	49663
14959	47702	141	83	706	0	48632
14960	48770	125	80	380	0	49355
14961	678	110	65	48712	0	49565
14962	49719	110	96	570	0	50495
14963	49776	138	88	395	0	50397
14964	50663	138	79	247	0	51127
14965	765	109	150	49305	0	50329
14966	353	174	46956	428	0	47911
14967	206	202	44563	264	0	45235
14968	175	150	46809	154	0	47288
14969	184	176	49015	92	0	49467
14970	334	154	477	47744	0	48709
14971	48549	89	305	429	0	49372
14972	47854	83	111	296	0	48344
14973	564	173	48432	125	0	49294
14974	313	325	49178	112	0	49928
14975	158	53753	515	154	0	54580
14976	124	333	198	53846	0	54501
14977	54119	166	80	406	0	54771
14978	333	174	54469	293	0	55269
14979	51195	72	324	181	0	51772
14980	331	57851	260	127	0	58569
14981	281	403	67	59237	0	59988
14982	152	182	60	61749	0	62143
14983	125	65	79	61623	0	61892
14984	62123	65	62	748	0	62998
14985	495	67	56	63016	0	63634
14986	310	56	55	63184	0	63605
14987	62853	50	58	724	0	63685
14988	500	67	66	62628	0	63261
14989	326	199	62505	497	0	63527
14990	58619	92	436	400	0	59547
14991	490	51	249	62948	0	63738
14992	347	49	107	62221	0	62724
14993	143	61704	155	635	0	62637
14994	61822	383	60	413	0	62678
14995	62579	244	53	273	0	63149
14996	715	112	59	62301	0	63187
14997	377	182	61924	463	0	62946
14998	53882	87	451	511	0	54931
14999	514	168	61507	174	0	62363
15000	368	54	508	60184	0	61114
15001	208	43	289	63033	0	63573
15002	61669	43	120	857	0	62689
15003	652	64	79	64608	0	65403
15004	389	177	64894	644	0	66104
15005	60321	63	580	518	0	61482
15006	643	175	67155	231	0	68204
15007	400	204	66893	143	0	67640
15008	66582	50	871	282	0	67785
15009	725	74	409	70668	0	71876
15010	387	74148	253	737	0	75525
15011	74310	561	126	456	0	75453
15012	73805	324	193	260	0	74582
15013	916	260	73985	153	0	75314
15014	72333	74	615	231	0	73253
15015	731	147	326	73656	0	74860
15016	407	211	74458	615	0	75691
15017	190	72557	650	633	0	74030
15018	71802	772	436	322	0	73332
15019	582	74114	229	200	0	75125
15020	403	627	87	73617	0	74734
15021	258	354	59	74409	0	75080
15022	212	108	66	74692	0	75078
15023	205	75	85	72673	0	73038
15024	138	72727	197	966	0	74028
15025	195	648	69122	510	0	70475
15026	119	70569	679	290	0	71657
15027	70350	598	353	249	0	71550
15028	689	344	133	70663	0	71829
15029	70024	144	126	737	0	71031
15030	771	95	95	71486	0	72447
15031	74277	68	97	902	0	75344
15032	701	75342	253	523	0	76819
15033	78925	571	95	453	0	80044
15034	79972	312	127	325	0	80736
15035	78976	128	124	320	0	79548
15036	79916	93	117	308	0	80434
15037	1025	78919	233	195	0	80372
15038	531	711	80200	304	0	81746
15039	337	303	618	80209	0	81467
15040	81380	128	357	824	0	82689
15041	82381	89	181	516	0	83167
15042	1015	84	124	83772	0	84995
15043	544	258	86101	809	0	87712
15044	343	106	714	83044	0	84207
15045	217	86397	539	878	0	88031
15046	86424	711	193	576	0	87904
15047	878	431	127	86487	0	87923
15048	543	86359	260	802	0	87964
15049	270	91129	241	527	0	92167
15050	234	92952	263	278	0	93727
15051	224	1176	114	92674	0	94188
15052	92806	525	86	1048	0	94465
15053	894	95409	253	570	0	97126
15054	651	894	87	96023	0	97655
15055	95709	480	87	1046	0	97322
15056	1016	218	97	96642	0	97973
15057	96344	142	98	1141	0	97725
15058	95841	146	116	775	0	96878
15059	1361	102752	255	339	0	104707
15060	838	898	132	99032	0	100900
15061	353	103964	280	797	0	105394
15062	102840	941	119	611	0	104511
15063	102424	538	136	399	0	103497
15064	104813	215	133	420	0	105581
15065	1541	174	154	103946	0	105815
15066	802	373	102665	981	0	104821
15067	97696	188	894	742	0	99520
15068	103888	204	506	431	0	105029
15069	1531	227	203	101102	0	103063
15070	774	105350	294	959	0	107377
15071	649	985	122	106076	0	107832
15072	403	634	124	108697	0	109858
15073	107989	287	152	1543	0	109971
15074	105790	261	115	905	0	107071
15075	1546	423	102076	397	0	104442
15076	902	259	929	101329	0	103419
15077	102150	222	615	1271	0	104258
15078	1330	215	197	103542	0	105284
15079	827	437	103768	1294	0	106326
15080	455	99057	1134	848	0	101494
15081	388	103670	686	453	0	105197
15082	117645	1472	137	434	0	119688
15083	1869	724	122	124270	0	126985
15084	1180	322	104	140062	0	141668
15085	137571	274	171	3284	0	141300
15086	2580	474	139693	1468	0	144215
15087	1518	314	2307	136228	0	140367
15088	778	436	140762	2478	0	144454
15089	522	141353	2670	1361	0	145906
15090	146221	2463	1190	781	0	150655
15091	149249	1224	417	639	0	151529
15092	150058	510	263	543	0	151374
15093	3968	591	146434	522	0	151515
15094	144870	293	2405	599	0	148167
15095	150633	237	1364	702	0	152936
15096	4037	272	529	146984	0	151822
15097	123399	438	1297	3237	0	128371
15098	2487	750	144254	1426	0	148917
15099	137468	325	2383	942	0	141118
15100	3288	434	145799	476	0	149997
15101	1895	146642	2751	857	0	152145
15102	1174	2894	1447	129186	0	134701
15103	932	144793	844	2285	0	148854
15104	1067	2955	142188	1105	0	147315
15105	675	145618	2608	766	0	149667
15106	137494	2432	1296	625	0	141847
15107	2445	138431	857	449	0	142182
15108	1525	136516	615	465	0	139121
15109	1035	3477	132923	392	0	137827
15110	748	1588	2350	129708	0	134394
15111	131869	692	1245	2478	0	136284
15112	2508	790	133205	1411	0	137914
15113	1521	133277	2692	806	0	138296
15114	1159	2473	1329	127843	0	132804
15115	909	1561	134746	2560	0	139776
15116	933	950	134295	1491	0	137669
15117	929	669	3646	132039	0	137283
15118	885	673	135278	2665	0	139501
15119	1029	579	3073	116723	0	121404
15120	876	129011	1980	2415	0	134282
15121	1154	2661	1034	123669	0	128518
15122	975	131368	988	2430	0	135761
15123	1265	2736	634	129883	0	134518
15124	129203	1405	933	2771	0	134312
15125	3093	868	900	127583	0	132444
15126	1998	124136	929	8102	0	135165
15127	1323	2383	874	131166	0	135746
15128	1238	1529	130487	2991	0	136245
15129	1156	895	2761	129463	0	134275
15130	128448	662	1727	3106	0	133943
15131	2973	1056	126666	1729	0	132424
15132	2064	919	2853	123928	0	129764
15133	121534	715	1684	2998	0	126931
15134	2950	121353	1227	2140	0	127670
15135	2216	2833	1029	118148	0	124226
15136	120741	1798	999	3011	0	126549
15137	3256	1260	1092	120488	0	126096
15138	2064	1165	116874	3077	0	123180
15139	109457	1150	2885	2103	0	115595
15140	3127	115091	2305	1195	0	121718
15141	1791	117200	1667	1261	0	121919
15142	116270	3577	1082	1059	0	121988
15143	114253	1956	1077	1005	0	118291
15144	3790	1427	1126	111331	0	117674
15145	112001	1087	1101	2937	0	117126
15146	3353	1298	108968	2048	0	115667
15147	105732	938	3228	1627	0	111525
15148	3215	105990	2283	1530	0	113018
15149	106818	2626	1722	1484	0	112650
15150	3316	1950	108010	1486	0	114762
15151	2584	1387	3067	106165	0	113203
15152	1944	1233	2324	108080	0	113581
15153	1812	1349	1764	97869	0	102794
15154	1714	105712	1729	3876	0	113031
15155	106641	2821	1302	2241	0	113005
15156	4049	1725	1579	95379	0	102732
15157	2908	100677	1628	2764	0	107977
15158	109524	2645	1508	2304	0	115981
15159	103015	1794	1735	1767	0	108311
15160	105529	1276	1388	1868	0	110061
15161	105483	1221	1244	1972	0	109920
15162	103586	960	1507	1812	0	107865
15163	4328	1403	1519	101700	0	108950
15164	3043	1331	1414	101646	0	107434
15165	100041	1461	1296	4058	0	106856
15166	3000	1829	1311	100300	0	106440
15167	2574	1854	1300	100211	0	105939
15168	1812	1782	95379	4154	0	103127
15169	95889	1711	3140	2470	0	103210
15170	98427	1629	2309	1955	0	104320
15171	99443	1990	1353	1560	0	104346
15172	4258	1823	1425	86359	0	93865
15173	2552	93636	1418	3365	0	100971
15174	102414	2901	1470	2336	0	109121
15175	98062	2086	1534	2398	0	104080
15176	4582	1240	1422	105021	0	112265
15177	104745	1195	1692	3633	0	111265
15178	4464	2146	86639	2973	0	96222
15179	2832	105803	3273	2048	0	113956
15180	2300	108520	2362	2188	0	115370
15181	2055	4143	105948	2101	0	114247
15182	1208	88994	2820	1814	0	94836
15183	1527	81865	2045	1918	0	87355
15184	64443	1825	1907	1033	0	69208
15185	1229	64598	666	1127	0	67620
15186	1560	1596	634	64300	0	68090
15187	66061	1075	507	1708	0	69351
15188	1603	787	64389	1414	0	68193
15189	62554	703	915	1191	0	65363
15190	1565	719	62344	1030	0	65658
15191	1285	423	61675	918	0	64301
15192	59132	428	1506	999	0	62065
15193	1313	378	63626	919	0	66236
15194	1072	61759	1158	458	0	64447
15195	703	842	938	61072	0	63555
15196	61580	725	497	1108	0	63910
15197	1172	60289	344	939	0	62744
15198	1016	957	269	60898	0	63140
15199	655	933	60808	1090	0	63486
15200	779	397	753	61211	0	63140
15201	59892	286	828	1210	0	62216
15202	1488	371	58952	928	0	61739
15203	1296	350	815	58375	0	60836
15204	59619	429	763	1073	0	61884
15205	60930	285	337	990	0	62542
15206	2038	286	216	59860	0	62400
15207	1430	302	134	60577	0	62443
15208	828	383	61313	1569	0	64093
15209	786	312	60968	959	0	63025
15210	60482	180	1483	608	0	62753
15211	64108	271	803	471	0	65653
15212	1780	63893	497	363	0	66533
15213	63803	782	319	255	0	65159
15214	64884	739	281	423	0	66327
15215	1716	497	68373	452	0	71038
15216	1016	70422	990	414	0	72842
15217	71805	910	762	359	0	73836
15218	72305	710	245	289	0	73549
15219	74155	254	165	240	0	74814
15220	1789	199	121	72261	0	74370
15221	1130	147	104	72338	0	73719
15222	439	72736	276	1526	0	74977
15223	374	958	103	74208	0	75643
15224	73228	706	136	1284	0	75354
15225	1167	252	148	74166	0	75733
15226	954	386	72759	1224	0	75323
15227	485	325	71812	870	0	73492
15228	412	134	1640	71522	0	73708
15229	297	306	73481	1191	0	75275
15230	322	315	73025	924	0	74586
15231	414	141	1776	68460	0	70791
15232	349	138	1018	73455	0	74960
15233	326	309	73721	1666	0	76022
15234	417	296	73022	972	0	74707
15235	296	74054	1882	413	0	76645
15236	74473	1024	952	389	0	76838
15237	1205	77470	614	213	0	79502
15238	77391	1184	496	329	0	79400
15239	78260	859	211	311	0	79641
15240	1799	78808	360	321	0	81288
15241	79701	1200	192	309	0	81402
15242	1504	850	171	77943	0	80468
15243	1078	527	79677	1193	0	82475
15244	579	225	1193	78150	0	80147
15245	420	222	879	81587	0	83108
15246	79018	141	383	2052	0	81594
15247	79540	148	296	1224	0	81208
15248	80074	142	279	577	0	81072
15249	79760	149	273	478	0	80660
15250	75559	170	245	472	0	76446
15251	2167	73010	444	324	0	75945
15252	1261	1092	284	74532	0	77169
15253	576	1003	75770	1255	0	78604
15254	518	322	1266	74961	0	77067
15255	461	195	982	76570	0	78208
15256	464	241	432	80397	0	81534
15257	87246	184	271	2346	0	90047
15258	1999	159	260	87541	0	89959
15259	89122	185	271	2197	0	91775
15260	2259	383	91238	1313	0	95193
15261	1594	185	1925	102062	0	105766
15262	698	529	105169	2550	0	108946
15263	103110	186	2589	1675	0	107560
15264	2705	189	1510	104827	0	109231
15265	1685	486	107300	2578	0	112049
15266	879	313	2549	107593	0	111334
15267	107643	137	1559	3031	0	112370
15268	2679	409	108846	1709	0	113643
15269	107957	192	2550	877	0	111576
15270	112043	151	1547	706	0	114447
15271	111985	145	648	727	0	113505
15272	108522	172	544	666	0	109904
15273	4021	106557	677	697	0	111952
15274	1722	100458	579	504	0	103263
15275	918	99612	590	494	0	101614
15276	1112	3661	516	86876	0	92165
15277	532	91469	505	2036	0	94542
15278	89394	1973	284	1124	0	92775
15279	2085	88803	559	840	0	92287
15280	1191	91176	496	561	0	93424
15281	749	2590	354	90357	0	94050
15282	749	1109	301	92572	0	94731
15283	90185	432	326	2967	0	93910
15284	2296	356	356	91727	0	94735
15285	1323	494	89373	2274	0	93464
15286	789	494	85805	1282	0	88370
15287	726	427	89721	691	0	91565
15288	893	275	2812	86281	0	90261
15289	943	253	1187	94482	0	96865
15290	809	469	91953	3102	0	96333
15291	758	542	90202	1450	0	92952
15292	675	618	93904	675	0	95872
15293	91958	408	3330	733	0	96429
15294	2618	434	1431	94314	0	98797
15295	1498	391	610	96610	0	99109
15296	95513	456	522	3526	0	100017
15297	2638	418	511	94402	0	97969
15298	1501	93911	691	2768	0	98871
15299	728	98038	611	1681	0	101058
15300	767	3092	422	95721	0	100002
15301	96004	1330	443	2833	0	100610
15302	97193	488	525	1726	0	99932
15303	98944	344	566	966	0	100820
15304	3705	332	718	96177	0	100932
15305	1770	499	95068	2747	0	100084
15306	1018	253	2714	95420	0	99405
15307	826	461	95937	2890	0	100114
15308	88291	312	2792	1881	0	93276
15309	2846	452	1654	92484	0	97436
15310	88951	294	897	2838	0	92980
15311	2758	402	91798	1708	0	96666
15312	83818	274	2613	1122	0	87827
15313	3109	483	93789	809	0	98190
15314	1816	88619	2666	883	0	93984
15315	1025	88790	1610	759	0	92184
15316	85835	3064	585	835	0	90319
15317	2723	1413	457	84874	0	89467
15318	1660	831	85214	2567	0	90272
15319	913	83054	2432	1821	0	88220
15320	812	87374	1469	859	0	90514
15321	1117	3134	607	85317	0	90175
15322	86212	1314	574	2630	0	90730
15323	86591	546	602	1763	0	89502
15324	3238	85604	920	1198	0	90960
15325	87144	2287	687	983	0	91101
15326	2823	1353	684	86136	0	90996
15327	1761	696	86699	2634	0	91790
15328	923	87084	2744	1736	0	92487
15329	1032	2237	1621	87453	0	92343
15330	1044	1262	855	88759	0	91920
15331	87363	541	718	3542	0	92164
15332	2719	654	86634	1704	0	91711
15333	85101	537	2506	960	0	89104
15334	87722	567	1467	892	0	90648
15335	3746	531	722	85440	0	90439
15336	1972	535	573	88019	0	91099
15337	84225	643	626	3470	0	88964
15338	2809	767	603	85397	0	89576
15339	1778	788	84008	2762	0	89336
15340	921	701	83313	1810	0	86745
15341	870	81586	3192	1109	0	86757
15342	908	87175	1570	865	0	90518
15343	1031	3090	629	77579	0	82329
15344	821	82819	790	2420	0	86850
15345	82852	2368	588	1679	0	87487
15346	2361	84436	828	980	0	88605
15347	1680	2461	508	83547	0	88196
15348	950	1366	558	86190	0	89064
15349	769	817	83984	3574	0	89144
15350	903	493	2457	83427	0	87280
15351	991	449	1498	84462	0	87400
15352	738	86371	1027	3409	0	91545
15353	976	2175	680	84705	0	88536
15354	869	1221	676	87586	0	90352
15355	942	672	84653	3586	0	89853
15356	733	83001	2587	2088	0	88409
15357	793	4222	1105	66264	0	72384
15358	598	71980	678	1932	0	75188
15359	574	1781	68144	1147	0	71646
15360	413	65971	1860	608	0	68852
15361	53039	1290	1003	679	0	56011
15362	51425	730	266	327	0	52748
15363	51364	307	175	329	0	52175
15364	1450	51190	297	268	0	53205
15365	50782	979	160	301	0	52222
15366	1136	641	147	49998	0	51922
15367	48506	294	160	1112	0	50072
15368	1053	47961	234	708	0	49956
15369	47681	984	136	434	0	49235
15370	48379	607	162	397	0	49545
15371	1468	49108	269	334	0	51179
15372	807	1116	49093	284	0	51300
15373	403	685	1030	54676	0	56794
15374	344	402	58815	1344	0	60905
15375	323	244	1458	58568	0	60593
15376	355	261	778	62177	0	63571
15377	259	360	61854	2166	0	64639
15378	317	222	1479	61608	0	63626
15379	61169	223	846	1799	0	64037
15380	1569	325	61845	995	0	64734
15381	830	61405	1633	476	0	64344
15382	447	1526	847	59926	0	62746
15383	412	856	281	62907	0	64456
15384	280	453	61872	2219	0	64824
15385	391	383	1450	57213	0	59437
15386	235	60987	914	1580	0	63716
15387	58791	1474	334	1005	0	61604
15388	1254	59589	365	432	0	61640
15389	53353	1258	137	295	0	55043
15390	1160	54575	275	244	0	56254
15391	573	55907	273	253	0	57006
15392	258	1652	52176	253	0	54339
15393	283	737	1289	51358	0	53667
15394	242	257	647	51354	0	52500
15395	247	194	251	52576	0	53268
15396	167	54577	353	1873	0	56970
15397	250	1282	211	55309	0	57052
15398	54582	659	207	1665	0	57113
15399	1404	267	278	54759	0	56708
15400	53781	230	245	1658	0	55914
15401	1480	322	54123	958	0	56883
15402	53517	210	1407	546	0	55680
15403	1467	291	802	53696	0	56256
15404	852	252	339	55970	0	57413
15405	55488	257	259	2159	0	58163
15406	1404	399	55981	1040	0	58824
15407	792	55229	1482	567	0	58070
15408	419	1479	780	55180	0	57858
15409	55268	893	324	1514	0	57999
15410	56617	492	225	938	0	58272
15411	2064	422	232	54966	0	57684
15412	928	484	55245	1679	0	58336
15413	52129	386	1516	1071	0	55102
15414	1457	520	54691	654	0	57322
15415	895	360	1465	53998	0	56718
15416	390	389	55139	1730	0	57648
15417	425	275	1421	54264	0	56385
15418	361	342	53526	1803	0	56032
15419	338	53654	1526	1179	0	56697
15420	651	1376	821	44944	0	47792
15421	404	54000	471	1367	0	56242
15422	54152	1373	283	917	0	56725
15423	54880	821	344	637	0	56682
15424	2061	429	53526	532	0	56548
15425	1114	323	1370	52561	0	55368
15426	53379	273	867	1921	0	56440
15427	1618	297	360	52888	0	55163
15428	1079	263	373	52723	0	54438
15429	562	414	51307	2142	0	54425
15430	48153	284	1504	1307	0	51248
15431	1591	336	52084	760	0	54771
15432	1162	214	1514	51057	0	53947
15433	670	285	52534	1707	0	55196
15434	51504	244	1619	1212	0	54579
15435	52893	253	1044	752	0	54942
15436	52720	391	711	663	0	54485
15437	2102	276	522	51639	0	54539
15438	1017	360	51192	1662	0	54231
15439	695	391	51568	1181	0	53835
15440	573	590	2016	45245	0	48424
15441	506	50810	1195	1455	0	53966
15442	49233	1345	508	1116	0	52202
15443	1657	851	464	49279	0	52251
15444	1107	574	49511	1585	0	52777
15445	825	309	1425	50269	0	52828
15446	641	454	52224	1743	0	55062
15447	683	280	1605	52699	0	55267
15448	635	369	53718	1856	0	56578
15449	601	309	53325	1341	0	55576
15450	538	52164	2143	1046	0	55891
15451	571	1287	52904	792	0	55554
15452	668	824	52825	718	0	55035
15453	818	524	2091	40721	0	44154
15454	792	259	1357	45088	0	47496
15455	659	49944	740	1715	0	53058
15456	50224	1081	612	969	0	52886
15457	1564	50368	739	649	0	53320
15458	1184	1196	596	49583	0	52559
15459	50350	662	589	1562	0	53163
15460	1491	263	577	50077	0	52408
15461	50321	247	677	1591	0	52836
15462	1494	229	596	51063	0	53382
15463	993	443	51450	1715	0	54601
15464	719	277	1400	51449	0	53845
15465	736	231	961	52290	0	54218
15466	51675	222	742	2041	0	54680
15467	52159	187	754	1312	0	54412
15468	51190	186	842	795	0	53013
15469	1933	50663	895	794	0	54285
15470	881	50618	766	667	0	52932
15471	49336	1293	861	718	0	52208
15472	1198	806	50970	565	0	53539
15473	713	347	45934	414	0	47408
15474	573	1114	1418	39867	0	42972
15475	307	255	42275	792	0	43629
15476	351	190	39461	600	0	40602
15477	36301	139	1044	419	0	37903
15478	37825	147	633	352	0	38957
15479	974	39417	367	327	0	41085
15480	517	40385	370	340	0	41612
15481	417	828	325	32689	0	34259
15482	265	39514	376	562	0	40717
15483	40231	556	316	543	0	41646
15484	711	411	265	37418	0	38805
15485	515	40743	354	596	0	42208
15486	41976	509	296	584	0	43365
15487	660	496	42687	316	0	44159
15488	563	240	42179	261	0	43243
15489	41100	128	974	359	0	42561
15490	703	211	42778	284	0	43976
15491	41051	81	693	308	0	42133
15492	705	310	539	43011	0	44565
15493	548	223	43461	626	0	44858
15494	250	42827	748	532	0	44357
15495	251	43993	631	396	0	45271
15496	40169	630	240	202	0	41241
15497	438	41614	265	196	0	42513
15498	40380	418	184	183	0	41165
15499	40097	308	181	217	0	40803
15500	740	40497	262	247	0	41746
15501	352	404	157	40355	0	41268
15502	158	402	41914	446	0	42920
15503	125	44433	582	339	0	45479
15504	202	666	368	43620	0	44856
15505	273	422	152	46986	0	47833
15506	46299	94	101	917	0	47411
15507	637	81	82	46381	0	47181
15508	368	181	45582	694	0	46825
15509	118	45676	706	550	0	47050
15510	131	596	344	45781	0	46852
15511	47365	343	171	845	0	48724
15512	48482	125	115	485	0	49207
15513	1055	70	143	48328	0	49596
15514	49522	83	160	835	0	50600
15515	934	246	50308	431	0	51919
15516	611	77	890	49665	0	51243
15517	189	218	51558	889	0	52854
15518	211	90	907	54473	0	55681
15519	201	109	538	54646	0	55494
15520	194	122	176	55256	0	55748
15521	232	98	108	54472	0	54910
15522	188	113	102	54697	0	55100
15523	53162	79	86	1781	0	55108
15524	53693	90	97	898	0	54778
15525	1547	53231	176	440	0	55394
15526	54015	1017	87	353	0	55472
15527	1240	580	114	53818	0	55752
15528	739	160	123	54946	0	55968
15529	391	110	106	55140	0	55747
15530	290	265	55285	1786	0	57626
15531	377	127	1110	51146	0	52760
15532	242	55008	731	1227	0	57208
15533	54320	1097	345	798	0	56560
15534	54325	658	168	435	0	55586
15535	1749	324	53855	316	0	56244
15536	827	54135	1233	374	0	56569
15537	380	1104	694	53428	0	55606
15538	315	777	54613	1293	0	56998
15539	353	233	1209	49711	0	51506
15540	249	54019	858	1328	0	56454
15541	52037	1135	314	853	0	54339
15542	1221	53995	286	561	0	56063
15543	822	1339	53726	387	0	56274
15544	450	845	54017	379	0	55691
15545	322	53076	1740	385	0	55523
15546	259	53411	777	399	0	54846
15547	51369	1566	256	477	0	53668
15548	51824	739	194	476	0	53233
15549	1734	274	202	51644	0	53854
15550	808	309	52089	1371	0	54577
15551	452	241	1130	51310	0	53133
15552	385	229	628	52083	0	53325
15553	51303	195	244	1912	0	53654
15554	50361	228	222	1050	0	51861
15555	1836	212	221	54716	0	56985
15556	905	338	55501	1490	0	58234
15557	390	55595	1419	1079	0	58483
15558	55368	1319	769	649	0	58105
15559	1407	57834	413	515	0	60169
15560	978	1462	232	58320	0	60992
15561	538	851	220	60918	0	62527
15562	462	368	326	60964	0	62120
15563	452	307	279	60055	0	61093
15564	57851	310	286	2431	0	60878
15565	1667	377	239	57830	0	60113
15566	993	57102	361	1818	0	60274
15567	558	1406	226	57635	0	59825
15568	55678	826	260	1898	0	58662
15569	1469	56333	467	1216	0	59485
15570	1003	1424	281	56732	0	59440
15571	474	933	55413	1809	0	58629
15572	53241	394	1436	1198	0	56269
15573	1715	304	763	55448	0	58230
15574	1024	388	54943	1772	0	58127
15575	563	407	54583	1147	0	56700
15576	529	276	2040	54434	0	57279
15577	54427	290	1155	1786	0	57658
15578	54681	341	401	1173	0	56596
15579	2084	55962	406	789	0	59241
15580	55640	1390	272	805	0	58107
15581	55983	879	315	816	0	57993
15582	56259	329	349	818	0	57755
15583	54991	322	309	787	0	56409
15584	2364	314	307	53257	0	56242
15585	1233	400	245	53697	0	55575
15586	662	448	50666	2331	0	54107
15587	578	48021	1440	1304	0	51343
15588	447	49756	947	853	0	52003
15589	453	1962	48125	728	0	51268
15590	46474	804	1301	727	0	49306
15591	1556	388	737	48030	0	50711
15592	48766	332	333	1673	0	51104
15593	48521	321	264	1134	0	50240
15594	2006	460	47347	648	0	50461
15595	1080	313	1315	46919	0	49627
15596	47957	281	764	1625	0	50627
15597	1590	300	383	48062	0	50335
15598	991	445	47865	1639	0	50940
15599	658	799	1347	44711	0	47515
15600	554	49273	941	1523	0	52291
15601	528	51308	512	990	0	53338
15602	667	1753	48966	549	0	51935
15603	450	47017	1294	508	0	49269
15604	44658	1089	1003	586	0	47336
15605	43620	612	263	439	0	44934
15606	1619	242	215	42980	0	45056
15607	857	241	270	43600	0	44968
15608	531	217	210	44633	0	45591
15609	42932	200	191	1534	0	44857
15610	1214	43055	302	790	0	45361
15611	41737	869	153	458	0	43217
15612	41003	490	180	407	0	42080
15613	1362	41499	292	343	0	43496
15614	38490	722	153	345	0	39710
15615	904	38785	268	292	0	40249
15616	38651	748	174	420	0	39993
15617	889	484	37956	376	0	39705
15618	32675	209	695	318	0	33897
15619	631	34578	361	240	0	35810
15620	511	662	136	34750	0	36059
15621	333	278	105	36247	0	36963
15622	285	132	107	36744	0	37268
15623	36691	110	113	997	0	37911
15624	714	114	118	37414	0	38360
15625	446	231	36683	764	0	38124
15626	35049	192	593	518	0	36352
15627	704	259	37105	275	0	38343
15628	508	304	611	36556	0	37979
15629	246	255	37432	757	0	38690
15630	263	130	605	34983	0	35981
15631	225	36400	399	659	0	37683
15632	265	536	159	35497	0	36457
15633	245	36571	227	639	0	37682
15634	336	552	131	36798	0	37817
15635	36644	349	111	730	0	37834
15636	748	195	96	37308	0	38347
15637	37401	130	106	688	0	38325
15638	771	258	35508	398	0	36935
15639	35196	163	523	261	0	36143
15640	36410	142	307	271	0	37130
15641	36534	156	157	222	0	37069
15642	1001	129	140	36280	0	37550
15643	35939	129	169	674	0	36911
15644	743	229	34598	398	0	35968
15645	33796	145	601	311	0	34853
15646	747	218	34326	272	0	35563
15647	34047	141	588	289	0	35065
15648	803	123	333	35353	0	36612
15649	563	208	35982	629	0	37382
15650	411	103	564	34827	0	35905
15651	354	84	370	35761	0	36569
15652	328	177	34770	895	0	36170
15653	29867	84	562	588	0	31101
15654	592	34747	431	402	0	36172
15655	32071	384	124	225	0	32804
15656	428	31932	169	166	0	32695
15657	31033	327	97	169	0	31626
15658	400	239	30491	124	0	31254
15659	26157	168	549	169	0	27043
15660	281	28210	185	103	0	28779
15661	191	203	224	27870	0	28488
15662	122	115	48	29147	0	29432
15663	122	57	44	29485	0	29708
15664	96	79	29568	405	0	30148
15665	128	40	251	29074	0	29493
15666	90	106	32233	316	0	32745
15667	33265	26	331	238	0	33860
15668	36386	48	200	145	0	36779
15669	715	34	83	37057	0	37889
15670	300	103	37488	492	0	38383
15671	34498	40	515	378	0	35431
15672	625	154	46270	108	0	47157
15673	407	41	751	45870	0	47069
15674	169	61	335	47882	0	48447
15675	160	35	106	48601	0	48902
15676	138	44	65	49324	0	49571
15677	46587	39	76	1209	0	47911
15678	772	47986	190	519	0	49467
15679	458	814	46782	170	0	48224
15680	167	48018	840	147	0	49172
15681	47585	783	489	175	0	49032
15682	889	333	115	47699	0	49036
15683	48700	96	111	922	0	49829
15684	912	50	138	48610	0	49710
15685	494	124	86	48974	0	49678
15686	199	64	110	49587	0	49960
15687	147	136	48177	1261	0	49721
15688	136	47681	860	584	0	49261
15689	249	838	48854	319	0	50260
15690	192	345	863	48592	0	49992
15691	48898	112	406	952	0	50368
15692	48284	103	189	573	0	49149
15693	48680	80	137	335	0	49232
15694	1161	48502	200	276	0	50139
15695	49655	749	108	303	0	50815
15696	964	376	124	48967	0	50431
15697	552	214	130	49829	0	50725
15698	292	101	137	49529	0	50059
15699	225	49841	220	1237	0	51523
15700	304	778	153	45235	0	46470
15701	214	47296	260	962	0	48732
15702	46626	840	158	581	0	48205
15703	47086	372	154	399	0	48011
15704	1268	157	149	47100	0	48674
15705	591	253	46508	992	0	48344
15706	45145	141	851	675	0	46812
15707	966	134	412	47800	0	49312
15708	506	215	47542	1053	0	49316
15709	43800	132	844	730	0	45506
15710	994	143	424	48373	0	49934
15711	48031	141	177	1119	0	49468
15712	944	47794	229	718	0	49685
15713	694	934	154	46162	0	47944
15714	302	48696	244	1024	0	50266
15715	405	991	129	49591	0	51116
15716	297	50148	315	1013	0	51773
15717	351	843	148	51911	0	53253
15718	288	540	50802	1027	0	52657
15719	39056	197	889	932	0	41074
15720	919	51273	527	430	0	53149
15721	580	908	50429	319	0	52236
15722	48331	383	800	452	0	49966
15723	962	153	518	51639	0	53272
15724	580	264	51688	984	0	53516
15725	312	52912	874	705	0	54803
15726	298	793	429	53650	0	55170
15727	501	568	53905	937	0	55911
15728	310	339	772	53594	0	55015
15729	322	178	406	55337	0	56243
15730	286	338	55848	1318	0	57790
15731	360	193	812	55990	0	57355
15732	294	409	56821	1045	0	58569
15733	337	238	813	56730	0	58118
15734	293	408	60020	1089	0	61810
15735	428	195	917	59324	0	60864
15736	412	189	465	61821	0	62887
15737	430	226	287	60689	0	61632
15738	316	61071	393	1443	0	63223
15739	61142	845	285	853	0	63125
15740	61801	442	306	592	0	63141
15741	1330	212	273	62330	0	64145
15742	61699	181	270	1342	0	63492
15743	1005	384	61765	783	0	63937
15744	579	62569	1031	571	0	64750
15745	62801	848	496	692	0	64837
15746	943	64275	447	519	0	66184
15747	658	909	236	64187	0	65990
15748	347	560	264	65055	0	66226
15749	62398	282	223	1457	0	64360
15750	1032	256	228	63790	0	65306
15751	656	353	63545	1286	0	65840
15752	375	63392	950	785	0	65502
15753	63628	870	463	581	0	65542
15754	1015	503	232	63417	0	65167
15755	563	65434	335	1196	0	67528
15756	472	918	293	62720	0	64403
15757	302	65829	416	986	0	67533
15758	65894	965	243	773	0	67875
15759	65484	499	320	590	0	66893
15760	1482	414	64767	460	0	67123
15761	659	379	63631	439	0	65108
15762	435	198	1135	62259	0	64027
15763	335	64599	671	1029	0	66634
15764	339	816	259	65783	0	67197
15765	64723	442	265	1215	0	66645
15766	831	357	61647	657	0	63492
15767	481	124	631	57880	0	59116
15768	298	267	58003	698	0	59266
15769	221	262	55563	427	0	56473
15770	162	59728	855	274	0	61019
15771	1149	1137	418	56593	0	59297
15772	51423	202	128	463	0	52216
15773	296	197	51638	181	0	52312
15774	155	51029	299	252	0	51735
15775	51478	212	127	169	0	51986
15776	273	128	60	52094	0	52555
15777	53983	56	57	433	0	54529
15778	54611	62	56	299	0	55028
15779	54474	61	49	217	0	54801
15780	367	197	57505	83	0	58152
15781	52666	69	272	233	0	53240
15782	57659	39	159	178	0	58035
15783	431	60179	193	95	0	60898
15784	254	376	60	60779	0	61469
15785	140	204	52	60749	0	61145
15786	139	55	50	62116	0	62360
15787	63006	63	57	585	0	63711
15788	60732	60	52	356	0	61200
15789	562	247	61872	236	0	62917
15790	328	72	355	60766	0	61521
15791	102	62186	362	371	0	63021
15792	62327	348	80	330	0	63085
15793	410	390	62563	109	0	63472
15794	340	75	379	59820	0	60614
15795	185	52	229	62027	0	62493
15796	105	62335	237	571	0	63248
15797	129	362	91	62551	0	63133
15798	170	262	71	60586	0	61089
15799	149	87	69	62658	0	62963
15800	61789	60	62	783	0	62694
15801	503	72	81	61914	0	62570
15802	346	55	57	62312	0	62770
15803	62361	69	58	817	0	63305
15804	559	76	58	61558	0	62251
15805	323	69692	195	506	0	70716
15806	71283	726	78	434	0	72521
15807	73322	518	79	325	0	74244
15808	74485	135	72	292	0	74984
15809	79193	94	72	294	0	79653
15810	1675	81870	211	192	0	83948
15811	89132	1200	79	289	0	90700
15812	90029	690	83	270	0	91072
15813	2269	203	83	88884	0	91439
15814	1018	364	88119	1521	0	91022
15815	439	102	1405	87148	0	89094
15816	342	123	912	88273	0	89650
15817	356	104	204	87015	0	87679
15818	337	107	106	87205	0	87755
15819	333	92	85	87688	0	88198
15820	83141	95	110	2560	0	85906
15821	1657	79	101	84414	0	86251
15822	933	356	83893	1823	0	87005
15823	484	93	1440	81338	0	83355
15824	270	83579	960	1714	0	86523
15825	373	1555	189	83619	0	85736
15826	272	941	83484	1760	0	86457
15827	70880	261	1518	1299	0	73958
15828	78542	129	816	568	0	80055
15829	2330	330	85351	349	0	88360
15830	1075	85962	1567	352	0	88956
15831	87898	1559	781	469	0	90707
15832	88950	852	232	485	0	90519
15833	89880	257	143	429	0	90709
15834	87022	163	127	402	0	87714
15835	2871	179	134	84012	0	87196
15836	1428	439	84569	1789	0	88225
15837	918	201	1537	84521	0	87177
15838	775	154	871	88028	0	89828
15839	622	365	86874	2854	0	90715
15840	592	416	86666	1455	0	89129
15841	82983	194	2452	952	0	86581
15842	2061	88473	1323	836	0	92693
15843	1471	1665	445	88662	0	92243
15844	671	1135	87904	2418	0	92128
15845	80118	315	1943	1944	0	84320
15846	2132	402	87937	1107	0	91578
15847	80217	213	2102	1281	0	83813
15848	2226	87396	1429	1123	0	92174
15849	1593	1777	470	88073	0	91913
15850	848	1329	86915	2483	0	91575
15851	80342	427	2042	1825	0	84636
15852	2360	86324	1557	997	0	91238
15853	1636	92535	826	976	0	95973
15854	1111	2793	552	91156	0	95612
15855	879	1503	560	96250	0	99192
15856	98955	646	509	3650	0	103760
15857	3010	98669	737	2055	0	104471
15858	2252	2391	531	99878	0	105052
15859	99618	1422	530	3110	0	104680
15860	102561	579	520	2131	0	105791
15861	106077	433	554	1333	0	108397
15862	4710	642	108021	1085	0	114458
15863	2549	587	111404	1070	0	115610
15864	111718	402	4234	1201	0	117555
15865	3706	115926	2419	1096	0	123147
15866	2381	119758	1258	1194	0	124591
15867	1506	4625	825	107259	0	114215
15868	1043	118325	1018	3461	0	123847
15869	118074	3451	905	2351	0	124781
15870	3889	1905	963	117036	0	123793
15871	2489	1022	117859	3695	0	125065
15872	116816	646	3546	2392	0	123400
15873	120756	896	2115	1287	0	125054
15874	5668	754	972	118135	0	125529
15875	3080	656	880	120530	0	125146
15876	1944	650	934	121505	0	125033
15877	1671	694	882	120266	0	123513
15878	1437	1090	113040	5476	0	121043
15879	1312	112188	3696	2999	0	120195
15880	1615	3550	2101	97201	0	104467
15881	1376	111792	1263	3767	0	118198
15882	1806	3830	882	94710	0	101228
15883	1258	109009	1098	3724	0	115089
15884	107062	3743	859	2511	0	114175
15885	108199	2179	845	1609	0	112832
15886	5484	107116	1107	1435	0	115142
15887	107201	3484	980	1322	0	112987
15888	4776	2190	899	105950	0	113815
15889	105891	1276	862	3972	0	112001
15890	4437	104774	1102	2751	0	113064
15891	106737	3744	907	1489	0	112877
15892	108434	2367	997	1237	0	113035
15893	5688	1362	1046	104201	0	112297
15894	3167	1370	104034	3788	0	112359
15895	1844	103045	3800	2834	0	111523
15896	1905	3802	2093	103842	0	111642
15897	104764	2549	1080	4083	0	112476
15898	4322	1807	104382	2730	0	113241
15899	3122	1227	3341	102293	0	109983
15900	2104	1096	2022	104887	0	110109
15901	105337	994	1063	5527	0	112921
15902	107123	1135	927	3266	0	112451
15903	106128	1081	981	2051	0	110241
15904	5633	103250	1195	1877	0	111955
15905	96855	3211	656	1715	0	102437
15906	3763	1981	92664	1738	0	100146
15907	2292	1246	91227	1665	0	96430
15908	1584	1099	92554	1439	0	96676
15909	1794	2933	4567	81609	0	90903
15910	1222	1017	82547	2799	0	87585
15911	75233	771	2171	1764	0	79939
15912	2731	707	1135	77131	0	81704
15913	1934	837	79125	2539	0	84435
15914	80377	734	2038	1787	0	84936
15915	2978	700	1244	80854	0	85776
15916	2121	788	598	83395	0	86902
15917	83274	685	553	3344	0	87856
15918	2896	733	601	85934	0	90164
15919	1955	956	86456	2724	0	92091
15920	1417	675	2349	87607	0	92048
15921	1244	814	88384	2918	0	93360
15922	1324	576	2572	87373	0	91845
15923	84619	556	1503	2942	0	89620
15924	2877	83347	1007	2198	0	89429
15925	2038	87117	875	1246	0	91276
15926	1640	3018	659	84021	0	89338
15927	1393	1668	641	82834	0	86536
15928	1187	83200	933	3364	0	88684
15929	1211	82106	952	1915	0	86184
15930	1183	2856	791	79218	0	84048
15931	1110	1365	875	79920	0	83270
15932	75882	648	856	3645	0	81031
15933	2639	75742	962	2190	0	81533
15934	1740	75818	1006	1292	0	79856
15935	1180	79518	925	1087	0	82710
15936	75384	2969	779	1147	0	80279
15937	2496	1570	75218	1120	0	80404
15938	72420	594	2474	1137	0	76625
15939	2675	495	1413	71349	0	75932
15940	1615	69340	974	2587	0	74516
15941	991	74181	796	1819	0	77787
15942	72250	2609	635	1341	0	76835
15943	2447	1376	735	66486	0	71044
15944	1528	75258	868	2590	0	80244
15945	76750	2118	736	1759	0	81363
15946	77356	1352	612	1335	0	80655
15947	3147	955	76136	1015	0	81253
15948	75245	720	2043	1160	0	79168
15949	77231	691	1323	1032	0	80277
15950	3223	719	684	72215	0	76841
15951	1656	73249	724	2559	0	78188
15952	902	75640	635	1849	0	79026
15953	972	2696	491	70936	0	75095
15954	66506	1359	577	2422	0	70864
15955	1907	910	63325	1524	0	67666
15956	1034	744	60532	725	0	63035
15957	1555	609	58747	739	0	61650
15958	825	554	60484	575	0	62438
15959	504	59271	1986	621	0	62382
15960	639	58678	1390	540	0	61247
15961	1209	2010	52941	476	0	56636
15962	490	851	50818	494	0	52653
15963	223	44758	1084	336	0	46401
15964	398	666	718	40417	0	42199
15965	116	417	43172	465	0	44170
15966	136	159	484	40521	0	41300
15967	144	105	303	43738	0	44290
15968	123	93	116	44223	0	44555
15969	141	96	82	45605	0	45924
15970	127	192	44271	897	0	45487
15971	145	191	586	42212	0	43134
15972	42673	98	372	725	0	43868
15973	640	216	42015	412	0	43283
15974	41962	110	612	252	0	42936
15975	743	97	394	43688	0	44922
15976	466	197	44228	726	0	45617
15977	42923	109	704	533	0	44269
15978	751	206	417	44418	0	45792
15979	45093	112	186	837	0	46228
15980	797	127	159	43657	0	44740
15981	474	44087	216	819	0	45596
15982	259	778	46182	545	0	47764
15983	197	416	768	46274	0	47655
15984	47416	209	467	902	0	48994
15985	47661	185	248	611	0	48705
15986	47754	179	229	434	0	48596
15987	47795	201	198	331	0	48525
15988	46560	214	200	397	0	47371
15989	1032	47124	303	294	0	48753
15990	47658	767	174	369	0	48968
15991	754	719	46871	304	0	48648
15992	46269	311	721	310	0	47611
15993	892	283	526	41343	0	43044
15994	547	402	47745	652	0	49346
15995	284	361	47531	458	0	48634
15996	306	239	1047	46560	0	48152
15997	47963	235	519	891	0	49608
15998	840	47159	349	603	0	48951
15999	47295	812	188	351	0	48646
16000	937	47676	275	285	0	49173
16001	697	852	204	48247	0	50000
16002	451	604	181	49123	0	50359
16003	48655	291	236	1201	0	50383
16004	968	222	264	49319	0	50773
16005	742	312	48980	894	0	50928
16006	47547	176	813	670	0	49206
16007	1005	217	568	49791	0	51581
16008	749	217	284	49789	0	51039
16009	463	286	48968	1283	0	51000
16010	43481	266	893	737	0	45377
16011	47901	241	572	391	0	49105
16012	1526	47733	394	333	0	49986
16013	647	836	45416	201	0	47100
16014	394	525	44684	245	0	45848
16015	407	486	1110	42686	0	44689
16016	394	136	548	42214	0	43292
16017	243	42990	330	1234	0	44797
16018	271	722	40838	464	0	42295
16019	289	326	725	38597	0	39937
16020	226	186	40275	759	0	41446
16021	227	87	740	37905	0	38959
16022	180	39730	505	706	0	41121
16023	280	638	219	40704	0	41841
16024	253	317	197	41401	0	42168
16025	271	151	175	41098	0	41695
16026	39964	97	216	1074	0	41351
16027	768	203	40515	481	0	41967
16028	438	42354	839	284	0	43915
16029	258	697	424	44617	0	45996
16030	45756	423	186	990	0	47355
16031	960	132	195	46708	0	47995
16032	47023	100	180	1076	0	48379
16033	1008	199	47381	598	0	49186
16034	45942	103	973	400	0	47418
16035	1125	124	526	48613	0	50388
16036	647	185	48689	1116	0	50637
16037	295	48401	1076	705	0	50477
16038	347	884	545	47879	0	49655
16039	350	475	228	49265	0	50318
16040	47322	157	219	1453	0	49151
16041	1038	47734	252	660	0	49684
16042	576	47297	295	350	0	48518
16043	342	48906	277	291	0	49816
16044	43908	1174	171	354	0	45607
16045	969	44820	204	239	0	46232
16046	583	882	218	44484	0	46167
16047	358	438	160	45190	0	46146
16048	44499	149	142	1390	0	46180
16049	891	44192	286	634	0	46003
16050	572	903	157	45012	0	46644
16051	45464	477	146	1070	0	47157
16052	45800	142	138	711	0	46791
16053	45866	130	154	337	0	46487
16054	1271	45327	233	279	0	47110
16055	45283	891	148	310	0	46632
16056	974	532	143	44241	0	45890
16057	544	44118	207	893	0	45762
16058	242	45088	201	570	0	46101
16059	254	1120	235	44548	0	46157
16060	44288	480	136	1037	0	45941
16061	45321	206	134	631	0	46292
16062	1207	208	138	43183	0	44736
16063	539	43472	211	996	0	45218
16064	43527	783	114	604	0	45028
16065	940	618	42353	244	0	44155
16066	491	318	41414	242	0	42465
16067	39808	163	975	282	0	41228
16068	849	271	41913	236	0	43269
16069	480	106	647	39497	0	40730
16070	40149	138	332	809	0	41428
16071	746	231	137	40935	0	42049
16072	437	249	40938	781	0	42405
16073	219	42122	718	609	0	43668
16074	260	775	321	42402	0	43758
16075	232	443	42321	694	0	43690
16076	38818	201	607	524	0	40150
16077	726	157	303	42571	0	43757
16078	450	252	42575	671	0	43948
16079	249	119	620	41409	0	42397
16080	299	41718	438	674	0	43129
16081	281	781	140	43574	0	44776
16082	226	370	111	42955	0	43662
16083	269	173	101	42096	0	42639
16084	225	41716	221	975	0	43137
16085	42830	620	148	613	0	44211
16086	733	400	123	43345	0	44601
16087	504	199	120	43951	0	44774
16088	272	157	139	44528	0	45096
16089	208	322	43186	1011	0	44727
16090	242	152	592	43351	0	44337
16091	43185	147	358	905	0	44595
16092	698	43960	282	612	0	45552
16093	512	690	96	44518	0	45816
16094	257	455	117	45092	0	45921
16095	44408	190	113	1093	0	45804
16096	712	44599	180	593	0	46084
16097	44907	727	121	372	0	46127
16098	46228	423	89	337	0	47077
16099	1158	169	74	45620	0	47021
16100	45861	162	103	900	0	47026
16101	823	44335	206	575	0	45939
16102	45062	752	111	346	0	46271
16103	942	455	113	46429	0	47939
16104	51753	174	95	950	0	52972
16105	52487	157	90	754	0	53488
16106	1482	318	49901	304	0	52005
16107	51094	158	779	380	0	52411
16108	52742	138	445	320	0	53645
16109	52484	192	236	337	0	53249
16110	1565	258	56605	235	0	58663
16111	742	56861	1179	247	0	59029
16112	423	1139	647	56878	0	59087
16113	57470	702	175	1317	0	59664
16114	1234	56631	258	741	0	58864
16115	57052	1164	99	340	0	58655
16116	1397	657	91	57472	0	59617
16117	835	308	56847	1272	0	59262
16118	57822	132	1196	814	0	59964
16119	1491	130	675	59979	0	62275
16120	930	257	60397	1373	0	62957
16121	59381	110	1341	904	0	61736
16122	1651	261	62533	304	0	64749
16123	1068	133	1530	63141	0	65872
16124	525	153	831	66939	0	68448
16125	66381	131	243	2462	0	69217
16126	66237	126	285	1217	0	67865
16127	2500	65649	307	447	0	68903
16128	66000	1506	170	389	0	68065
16129	1773	906	62708	173	0	65560
16130	948	323	62493	211	0	63975
16131	60092	166	2084	253	0	62595
16132	1552	61850	1017	330	0	64749
16133	60699	1324	350	234	0	62607
16134	1608	61174	285	195	0	63262
16135	60232	1425	977	224	0	62858
16136	1776	747	186	58714	0	61423
16137	1066	338	60092	1347	0	62843
16138	586	151	1383	59663	0	61783
16139	472	253	803	61576	0	63104
16140	60346	153	301	2176	0	62976
16141	1602	264	60103	987	0	62956
16142	58331	145	1447	471	0	60394
16143	1677	59868	931	327	0	62803
16144	60217	1386	327	347	0	62277
16145	1833	833	224	58587	0	61477
16146	1126	456	58542	1496	0	61620
16147	688	195	1479	59042	0	61404
16148	58683	207	987	1709	0	61586
16149	1780	192	419	59171	0	61562
16150	1244	171	319	57258	0	58992
16151	611	56320	442	2194	0	59567
16152	656	1366	311	57466	0	59799
16153	601	905	57060	1720	0	60286
16154	645	288	1543	56999	0	59475
16155	710	226	926	58360	0	60222
16156	56630	248	424	2313	0	59615
16157	1869	215	358	57025	0	59467
16158	1234	347	56362	1754	0	59697
16159	727	56303	1797	1119	0	59946
16160	841	1457	968	55681	0	58947
16161	767	955	453	56876	0	59051
16162	56825	389	393	2237	0	59844
16163	1881	55106	544	1253	0	58784
16164	1375	1530	454	55512	0	58871
16165	53973	912	414	1825	0	57124
16166	55641	395	451	1201	0	57688
16167	2571	327	412	54904	0	58214
16168	1439	372	55041	1862	0	58714
16169	54736	334	1633	1304	0	58007
16170	2035	307	1063	57018	0	60423
16171	57612	305	528	2047	0	60492
16172	57454	297	466	1443	0	59660
16173	2675	54595	566	837	0	58673
16174	54701	1567	458	791	0	57517
16175	2160	55674	632	808	0	59274
16176	1501	1651	499	55233	0	58884
16177	1106	1014	469	52996	0	55585
16178	803	54451	633	2409	0	58296
16179	55404	1607	477	1478	0	58966
16180	54983	1067	510	921	0	57481
16181	2635	648	53354	850	0	57487
16182	1579	490	53364	867	0	56300
16183	958	411	2270	53409	0	57048
16184	54273	344	1208	2238	0	58063
16185	2109	327	584	54378	0	57398
16186	1525	343	500	55827	0	58195
16187	901	445	55066	2684	0	59096
16188	801	442	55634	1604	0	58481
16189	820	465	56689	1006	0	58980
16190	52724	358	2505	894	0	56481
16191	55015	363	1149	931	0	57458
16192	2547	53771	688	840	0	57846
16193	1476	55347	622	829	0	58274
16194	1048	2284	418	53661	0	57411
16195	828	1201	54289	1983	0	58301
16196	52350	575	1582	1523	0	56030
16197	1976	598	57115	1034	0	60723
16198	1448	361	1627	55608	0	59044
16199	891	321	1022	57673	0	59907
16200	830	337	555	57998	0	59720
16201	846	317	414	58747	0	60324
16202	56786	349	434	2697	0	60266
16203	2071	291	361	56241	0	58964
16204	1122	294	50895	1863	0	54174
16205	46474	205	1345	1254	0	49278
16206	1540	328	49817	762	0	52447
16207	1116	339	49820	662	0	51937
16208	651	49800	1840	548	0	52839
16209	1181	1053	1017	44531	0	47782
16210	44744	542	372	1197	0	46855
16211	1151	229	245	45074	0	46699
16212	725	299	44426	1158	0	46608
16213	417	158	917	44813	0	46305
16214	43863	135	611	1212	0	45821
16215	1016	44425	377	844	0	46662
16216	43206	811	228	518	0	44763
16217	1015	43307	331	458	0	45111
16218	42678	791	212	423	0	44104
16219	825	42670	275	324	0	44094
16220	509	43378	191	272	0	44350
16221	369	916	41752	168	0	43205
16222	244	41458	645	172	0	42519
16223	37244	409	512	135	0	38300
16224	476	314	70	36306	0	37166
16225	37239	111	67	427	0	37844
16226	400	37739	122	264	0	38525
16227	37766	375	95	186	0	38422
16228	469	340	37598	109	0	38516
16229	382	89	414	36468	0	37353
16230	160	39264	314	442	0	40180
16231	161	459	106	39934	0	40660
16232	120	292	80	40148	0	40640
16233	44666	111	89	800	0	45666
16234	707	45566	154	386	0	46813
16235	45849	732	117	264	0	46962
16236	893	530	46451	149	0	48023
16237	503	246	45431	164	0	46344
16238	207	45946	1223	179	0	47555
16239	195	761	552	46057	0	47565
16240	164	558	46653	773	0	48148
16241	198	203	852	43422	0	44675
16242	174	114	511	47593	0	48392
16243	147	218	46405	1247	0	48017
16244	170	188	45674	613	0	46645
16245	240	185	47628	252	0	48305
16246	150	198	47811	208	0	48367
16247	124	48882	1395	228	0	50629
16248	248	865	665	48580	0	50358
16249	193	584	268	50743	0	51788
16250	173	314	49549	1310	0	51346
16251	190	137	925	49260	0	50512
16252	154	269	51735	1028	0	53186
16253	202	149	991	50821	0	52163
16254	224	121	617	50456	0	51418
16255	112	51232	364	1425	0	53133
16256	182	895	199	51841	0	53117
16257	181	641	196	51615	0	52633
16258	208	240	162	52132	0	52742
16259	166	302	50498	1538	0	52504
16260	155	50419	964	823	0	52361
16261	49875	895	623	410	0	51803
16262	50645	555	273	348	0	51821
16263	1334	254	189	50152	0	51929
16264	740	237	195	49103	0	50275
16265	277	51194	320	1327	0	53118
16266	50869	927	182	774	0	52752
16267	929	51906	306	365	0	53506
16268	50057	917	197	348	0	51519
16269	939	635	49559	229	0	51362
16270	45396	239	924	332	0	46891
16271	938	49356	715	240	0	51249
16272	611	852	279	49458	0	51200
16273	336	545	226	48893	0	50000
16274	155	50123	327	1290	0	51895
16275	49871	874	208	782	0	51735
16276	920	585	214	50876	0	52595
16277	618	241	240	52618	0	53717
16278	52783	199	231	1505	0	54718
16279	52984	182	223	873	0	54262
16280	1409	279	52333	384	0	54405
16281	52059	191	999	423	0	53672
16282	1106	185	647	53119	0	55057
16283	672	370	52941	1126	0	55109
16284	364	206	1022	52175	0	53767
16285	295	309	52028	1220	0	53852
16286	240	303	51747	866	0	53156
16287	265	328	1456	51035	0	53084
16288	397	313	52169	1120	0	53999
16289	186	53019	1267	884	0	55356
16290	262	980	745	52239	0	54226
16291	280	647	350	54536	0	55813
16292	239	417	53908	1612	0	56176
16293	193	54155	1172	948	0	56468
16294	54113	1037	711	568	0	56429
16295	1104	663	336	56019	0	58122
16296	56082	307	320	1337	0	58046
16297	1158	53242	444	1116	0	55960
16298	825	1199	54146	513	0	56683
16299	427	719	1133	53112	0	55391
16300	52436	339	803	1265	0	54843
16301	1069	422	53953	879	0	56323
16302	49845	220	1163	686	0	51914
16303	1170	52682	925	561	0	55338
16304	661	53218	541	520	0	54940
16305	52767	1274	410	443	0	54894
16306	1040	669	403	52358	0	54470
16307	712	316	378	51508	0	52914
16308	328	52928	392	1580	0	55228
16309	291	931	309	54017	0	55548
16310	254	634	310	54453	0	55651
16311	53131	286	236	1787	0	55440
16312	1016	195	286	53672	0	55169
16313	679	337	53298	1254	0	55568
16314	412	177	1065	53190	0	54844
16315	339	264	758	55382	0	56743
16316	262	406	54839	1656	0	57163
16317	254	268	960	55144	0	56626
16318	53173	213	663	1494	0	55543
16319	51915	211	341	1095	0	53562
16320	52251	188	324	671	0	53434
16321	1598	187	239	51653	0	53677
16322	882	347	51979	1175	0	54383
16323	446	51895	1021	890	0	54252
16324	499	897	586	52233	0	54215
16325	358	775	51561	1029	0	53723
16326	348	269	877	50894	0	52388
16327	267	203	576	51335	0	52381
16328	49693	192	303	1481	0	51669
16329	861	50631	396	880	0	52768
16330	658	958	48194	382	0	50192
16331	43340	514	756	427	0	45037
16332	844	47300	686	416	0	49246
16333	379	42900	230	208	0	43717
16334	43665	624	397	278	0	44964
16335	503	332	131	43945	0	44911
16336	361	328	47491	594	0	48774
16337	242	135	513	46571	0	47461
16338	150	47865	470	665	0	49150
16339	48977	532	154	542	0	50205
16340	644	353	109	50545	0	51651
16341	51897	140	108	763	0	52908
16342	682	112	108	51086	0	51988
16343	388	54389	226	879	0	55882
16344	55870	616	122	511	0	57119
16345	55231	405	114	367	0	56117
16346	1071	55269	227	249	0	56816
16347	54584	649	91	283	0	55607
16348	795	386	106	52470	0	53757
16349	454	53152	223	692	0	54521
16350	53742	643	93	548	0	55026
16351	706	54510	204	227	0	55647
16352	54399	737	82	291	0	55509
16353	804	409	101	54224	0	55538
16354	55588	166	81	874	0	56709
16355	56392	142	91	601	0	57226
16356	56732	136	84	336	0	57288
16357	1167	135	82	56329	0	57713
16358	631	120	91	57789	0	58631
16359	56116	122	71	1300	0	57609
16360	1014	321	59043	587	0	60965
16361	580	115	723	58514	0	59932
16362	283	61567	565	861	0	63276
16363	318	851	149	62709	0	64027
16364	299	544	93	63276	0	64212
16365	248	383	61856	1339	0	63826
16366	316	159	828	66118	0	67421
16367	241	73914	647	1246	0	76048
16368	317	1431	155	75608	0	77511
16369	269	1055	80466	1624	0	83414
16370	417	332	1541	80328	0	82618
16371	363	180	933	83033	0	84509
16372	80940	175	269	2777	0	84161
16373	82121	170	161	1391	0	83843
16374	2776	250	127	78870	0	82023
16375	1326	78167	263	2145	0	81901
16376	500	79501	271	1204	0	81476
16377	585	2669	77881	452	0	81587
16378	376	1258	1632	77878	0	81144
16379	78521	351	970	1932	0	81774
16380	1858	224	278	79670	0	82030
16381	1187	399	79871	1986	0	83443
16382	573	204	1691	79674	0	82142
16383	503	213	1017	80610	0	82343
16384	427	198	297	82889	0	83811
16385	385	369	80367	2909	0	84030
16386	304	79748	1835	1589	0	83476
16387	78469	1721	1044	783	0	82017
16388	77587	1115	325	586	0	79613
16389	2798	363	217	76637	0	80015
16390	1353	416	76979	1943	0	80691
16391	528	77512	1810	1428	0	81278
16392	581	2007	1035	69847	0	73470
16393	314	76984	512	1614	0	79424
16394	308	79055	392	1163	0	80918
16395	76360	2407	232	632	0	79631
16396	1879	1413	77174	417	0	80883
16397	1245	606	77985	435	0	80271
16398	642	306	2558	75377	0	78883
16399	525	279	1176	78582	0	80562
16400	454	473	78749	2610	0	82286
16401	503	285	1681	76947	0	79416
16402	395	467	78612	2135	0	81609
16403	71808	283	1848	1499	0	75438
16404	1877	302	1085	77472	0	80736
16405	1244	518	79496	1998	0	83256
16406	738	393	1766	71972	0	74869
16407	459	81353	1291	1935	0	85038
16408	79928	1673	449	1445	0	83495
16409	1809	81008	544	841	0	84202
16410	81527	1811	360	819	0	84517
16411	2107	1330	80009	701	0	84147
16412	79395	552	1735	707	0	82389
16413	2093	429	1161	81353	0	85036
16414	1336	567	81327	2082	0	85312
16415	682	411	1802	80544	0	83439
16416	568	634	79578	2357	0	83137
16417	72525	387	1963	1795	0	76670
16418	1902	79663	1451	1007	0	84023
16419	1530	1894	633	71514	0	75571
16420	638	81055	694	1948	0	84335
16421	79786	1974	500	1556	0	83816
16422	79524	1200	538	1092	0	82354
16423	2737	79442	714	1110	0	84003
16424	1612	1839	461	79514	0	83426
16425	911	1235	475	80846	0	83467
16426	750	572	521	81635	0	83478
16427	78675	439	537	3570	0	83221
16428	1851	78728	761	2054	0	83394
16429	1399	1933	587	78202	0	82121
16430	691	1312	675	79792	0	82470
16431	77130	629	608	3456	0	81823
16432	2032	698	76716	2064	0	81510
16433	1462	621	76149	1336	0	79568
16434	71330	380	2812	1287	0	75809
16435	1945	578	74704	1003	0	78230
16436	1362	693	70029	901	0	72985
16437	850	529	2691	66633	0	70703
16438	69260	420	1636	2093	0	73409
16439	1934	489	787	68012	0	71222
16440	1327	574	66771	2118	0	70790
16441	61907	427	1836	1644	0	65814
16442	1985	574	65489	948	0	68996
16443	1222	62901	2028	752	0	66903
16444	673	1553	1533	63565	0	67324
16445	63920	1027	693	2000	0	67640
16446	1577	649	635	64153	0	67014
16447	1137	374	581	65498	0	67590
16448	66332	285	467	2660	0	69744
16449	1747	289	498	67557	0	70091
16450	1240	292	540	69205	0	71277
16451	629	501	67604	2487	0	71221
16452	626	355	1515	67195	0	69691
16453	67161	337	1116	2068	0	70682
16454	66601	381	619	1493	0	69094
16455	66818	389	495	782	0	68484
16456	2468	412	421	63687	0	66988
16457	1349	64156	646	1513	0	67664
16458	64103	1308	464	1239	0	67114
16459	1493	64811	725	682	0	67711
16460	61999	1331	436	581	0	64347
16461	1677	857	445	61590	0	64569
16462	60206	323	389	1471	0	62389
16463	59955	251	419	1095	0	61720
16464	60230	180	456	684	0	61550
16465	1954	59415	579	556	0	62504
16466	750	54219	392	355	0	55716
16467	47568	679	144	332	0	48723
16468	583	49211	246	249	0	50289
16469	229	44891	124	134	0	45378
16470	204	44591	143	95	0	45033
16471	43432	450	488	161	0	44531
16472	385	225	14	43129	0	43753
16473	221	67	19	43968	0	44275
16474	43725	39	28	620	0	44412
16475	366	178	45612	247	0	46403
16476	289	38	320	52969	0	53616
16477	155	26	214	54381	0	54776
16478	78	24	57	58600	0	58759
16479	140	40	56	59311	0	59547
16480	56	59137	154	1485	0	60832
16481	21	69941	151	706	0	70819
16482	70146	1753	33	283	0	72215
16483	1407	826	33	70287	0	72553
16484	836	193	34	71571	0	72634
16485	226	338	70181	2129	0	72874
16486	162	79	1383	70683	0	72307
16487	121	246	71600	1649	0	73616
16488	190	70	1583	71544	0	73387
16489	122	290	74360	1725	0	76497
16490	78	73136	1958	978	0	76150
16491	204	1606	875	72689	0	75374
16492	73379	852	250	1819	0	76300
16493	73116	235	137	958	0	74446
16494	2486	85	86	72223	0	74880
16495	1068	233	72106	1756	0	75163
16496	327	206	71955	1028	0	73516
16497	66522	99	2471	485	0	69577
16498	1609	70711	1207	347	0	73874
16499	71946	1671	293	341	0	74251
16500	71183	915	148	353	0	72599
16501	2567	455	69641	239	0	72902
16502	1304	155	1709	68052	0	71220
16503	464	148	954	71125	0	72691
16504	327	183	315	73618	0	74443
16505	302	123	162	71510	0	72097
16506	296	119	199	70722	0	71336
16507	185	242	66094	3021	0	69542
16508	208	308	66858	1465	0	68839
16509	307	151	2639	66146	0	69243
16510	353	170	1244	68182	0	69949
16511	353	155	375	69820	0	70703
16512	67149	163	248	3182	0	70742
16513	2090	156	260	67452	0	69958
16514	68155	167	240	2431	0	70993
16515	2286	187	241	69059	0	71773
16516	69878	153	296	2499	0	72826
16517	71348	151	253	1618	0	73370
16518	70286	155	313	834	0	71588
16519	70685	164	278	658	0	71785
16520	70504	171	318	600	0	71593
16521	3295	171	269	68226	0	71961
16522	68067	146	294	2434	0	70941
16523	2241	67084	480	1646	0	71451
16524	68088	1884	328	886	0	71186
16525	2388	1059	326	68533	0	72306
16526	1382	495	68068	2381	0	72326
16527	724	208	2101	69293	0	72326
16528	528	350	69297	2594	0	72769
16529	563	208	2288	68557	0	71616
16530	575	167	1300	70624	0	72666
16531	533	321	68993	3447	0	73294
16532	535	339	69501	1871	0	72246
16533	611	165	3057	68481	0	72314
16534	67996	157	1493	2623	0	72269
16535	2305	296	68818	1764	0	73183
16536	1519	69684	2397	1113	0	74713
16537	780	2036	72456	838	0	76110
16538	70560	1070	2341	891	0	74862
16539	2513	360	1395	71675	0	75943
16540	73666	204	627	2608	0	77105
16541	74667	183	434	1794	0	77078
16542	3484	181	456	73225	0	77346
16543	1824	361	72286	2630	0	77101
16544	1059	171	2194	71561	0	74985
16545	857	192	1375	72276	0	74700
16546	69043	177	656	3746	0	73622
16547	2348	71284	705	2099	0	76436
16548	1730	2047	527	70949	0	75253
16549	863	1293	69727	2739	0	74622
16550	65542	378	2293	1987	0	70200
16551	2540	67966	1642	1240	0	73388
16552	1860	1962	658	68841	0	73321
16553	1051	1236	522	69819	0	72628
16554	991	452	528	71480	0	73451
16555	68169	195	544	3902	0	72810
16556	70272	181	517	2177	0	73147
16557	3640	176	514	70192	0	74522
16558	1965	373	69479	2806	0	74623
16559	947	69161	2533	1965	0	74606
16560	69650	2001	1460	1227	0	74338
16561	72155	1121	696	1002	0	74974
16562	3661	380	543	70012	0	74596
16563	2112	196	490	72222	0	75020
16564	1036	386	70942	3689	0	76053
16565	797	71169	2575	2042	0	76583
16566	72503	1996	1485	1182	0	77166
16567	70639	1184	665	989	0	73477
16568	3387	69681	677	1004	0	74749
16569	69626	1920	439	841	0	72826
16570	2725	1086	384	68344	0	72539
16571	1624	569	68040	2545	0	72778
16572	1010	219	2129	68992	0	72350
16573	721	408	67808	2725	0	71662
16574	64973	196	2255	1782	0	69206
16575	2323	65583	1598	963	0	70467
16576	1280	1809	461	57513	0	61063
16577	676	950	57426	2035	0	61087
16578	595	402	56088	1111	0	58196
16579	50365	345	2099	697	0	53506
16580	1511	52372	1047	636	0	55566
16581	42788	866	845	424	0	44923
16582	42461	469	349	466	0	43745
16583	42916	184	183	340	0	43623
16584	1462	133	344	41756	0	43695
16585	754	259	42068	968	0	44049
16586	381	42587	919	634	0	44521
16587	457	892	580	42458	0	44387
16588	324	582	42983	877	0	44766
16589	278	274	40119	532	0	41203
16590	248	190	962	39714	0	41114
16591	249	210	39744	765	0	40968
16592	36260	134	798	589	0	37781
16593	763	142	435	39945	0	41285
16594	543	119	232	40953	0	41847
16595	40601	121	234	1045	0	42001
16596	716	39860	291	618	0	41485
16597	42548	591	215	388	0	43742
16598	795	397	215	42121	0	43528
16599	596	182	187	42858	0	43823
16600	361	161	177	43185	0	43884
16601	387	119	204	42713	0	43423
16602	41358	139	191	1068	0	42756
16603	802	232	41370	550	0	42954
16604	511	40965	717	339	0	42532
16605	349	586	445	41323	0	42703
16606	40310	393	208	782	0	41693
16607	40783	157	221	573	0	41734
16608	922	40879	308	383	0	42492
16609	39820	535	241	324	0	40920
16610	660	40250	301	269	0	41480
16611	442	41893	279	274	0	42888
16612	295	760	176	41871	0	43102
16613	275	485	42184	703	0	43647
16614	299	267	555	40845	0	41966
16615	40941	121	423	719	0	42204
16616	606	40498	279	489	0	41872
16617	509	744	154	40296	0	41703
16618	264	534	44536	710	0	46044
16619	44131	145	578	650	0	45504
16620	47090	145	365	377	0	47977
16621	47235	129	194	365	0	47923
16622	924	254	46119	251	0	47548
16623	44166	157	529	333	0	45185
16624	656	46465	491	210	0	47822
16625	494	662	179	44201	0	45536
16626	253	46282	263	496	0	47294
16627	46054	481	164	423	0	47122
16628	44093	378	167	329	0	44967
16629	800	280	46627	210	0	47917
16630	392	46899	553	249	0	48093
16631	276	523	343	46761	0	47903
16632	235	334	156	47151	0	47876
16633	257	162	176	47094	0	47689
16634	283	149	154	47267	0	47853
16635	255	152	159	47956	0	48522
16636	238	249	44907	878	0	46272
16637	217	44477	604	573	0	45871
16638	43776	522	400	316	0	45014
16639	731	509	44474	247	0	45961
16640	486	45942	640	245	0	47313
16641	45514	517	395	292	0	46718
16642	669	528	47244	205	0	48646
16643	44654	168	568	273	0	45663
16644	45651	184	377	291	0	46503
16645	46112	250	167	282	0	46811
16646	873	47203	229	268	0	48573
16647	545	713	45871	224	0	47353
16648	240	48235	691	194	0	49360
16649	369	706	423	39647	0	41145
16650	195	48272	237	540	0	49244
16651	48796	587	158	503	0	50044
16652	51238	406	132	337	0	52113
16653	50081	160	121	380	0	50742
16654	1154	249	51729	240	0	53372
16655	611	54539	819	253	0	56222
16656	297	878	513	59837	0	61525
16657	65385	561	154	1135	0	67235
16658	1359	65264	305	685	0	67613
16659	955	1288	164	64950	0	67357
16660	320	947	66221	1268	0	68756
16661	63987	252	1358	909	0	66506
16662	1709	364	70206	252	0	72531
16663	974	303	70805	199	0	72281
16664	64752	146	2228	272	0	67398
16665	1652	307	68453	169	0	70581
16666	63856	165	1502	211	0	65734
16667	1520	65577	998	160	0	68255
16668	67957	1368	371	254	0	69950
16669	1650	767	156	67868	0	70441
16670	1010	218	157	68723	0	70108
16671	416	120	125	69764	0	70425
16672	68142	110	146	2286	0	70684
16673	68746	113	158	1037	0	70054
16674	68107	130	131	366	0	68734
16675	2285	66999	266	318	0	69868
16676	1137	1372	141	67898	0	70548
16677	421	1185	66962	1483	0	70051
16678	440	232	1437	64482	0	66591
16679	309	65312	982	1535	0	68138
16680	409	1448	285	64993	0	67135
16681	404	866	198	66326	0	67794
16682	65226	274	207	2324	0	68031
16683	1664	192	213	65852	0	67921
16684	1025	357	65797	1650	0	68829
16685	480	344	65533	1017	0	67374
16686	478	219	2347	65168	0	68212
16687	64965	195	1091	1704	0	67955
16688	1753	187	523	64569	0	67032
16689	1244	204	355	65904	0	67707
16690	609	288	64598	2344	0	67839
16691	444	63686	1822	1212	0	67164
16692	585	1461	1055	63808	0	66909
16693	62694	910	477	1750	0	65831
16694	1740	63503	512	1157	0	66912
16695	1294	1517	295	63850	0	66956
16696	614	1184	63938	1823	0	67559
16697	524	363	1624	62592	0	65103
16698	61016	267	1034	1993	0	64310
16699	1780	60483	558	1296	0	64117
16700	1283	1627	61743	674	0	65327
16701	733	1030	1590	60770	0	64123
16702	558	534	62707	1901	0	65700
16703	60376	314	1783	1373	0	63846
16704	62193	351	1086	802	0	64432
16705	2586	462	62416	634	0	66098
16706	1448	328	1765	61269	0	64810
16707	718	468	64821	1941	0	67948
16708	621	63854	2117	1570	0	68162
16709	720	1610	1418	64408	0	68156
16710	684	1136	65026	1955	0	68801
16711	734	445	1973	59871	0	63023
16712	636	63067	1531	1960	0	67194
16713	713	1667	688	63240	0	66308
16714	633	1147	62965	2175	0	66920
16715	59293	478	1916	1543	0	63230
16716	1938	62564	1460	897	0	66859
16717	64320	1654	618	964	0	67556
16718	2086	1158	60625	815	0	64684
16719	58465	530	1837	866	0	61698
16720	2206	562	59736	782	0	63286
16721	59175	403	2117	834	0	62529
16722	61718	457	1273	892	0	64340
16723	2722	424	727	60405	0	64278
16724	1671	405	625	62313	0	65014
16725	61174	465	601	2912	0	65152
16726	2062	61567	810	1740	0	66179
16727	62867	1764	710	1071	0	66412
16728	2286	1092	752	60396	0	64526
16729	1502	60841	968	2293	0	65604
16730	1083	1733	738	63660	0	67214
16731	937	1023	758	64533	0	67251
16732	880	593	687	63379	0	65539
16733	754	62368	863	3102	0	67087
16734	62722	1751	600	1764	0	66837
16735	2205	1031	530	63413	0	67179
16736	1374	651	62214	2330	0	66569
16737	771	584	60967	1693	0	64015
16738	687	532	62672	1134	0	65025
16739	60472	423	2637	1055	0	64587
16740	61652	451	1351	1020	0	64474
16741	2719	530	60570	981	0	64800
16742	1550	482	1898	57242	0	61172
16743	851	475	1310	60367	0	63003
16744	652	531	61445	2845	0	65473
16745	649	575	61608	1610	0	64442
16746	763	423	2521	60711	0	64418
16747	60616	335	1376	2084	0	64411
16748	59301	325	810	1499	0	61935
16749	59247	273	718	1017	0	61255
16750	2624	58071	846	882	0	62423
16751	1422	58785	823	817	0	61847
16752	810	1992	637	56313	0	59752
16753	55844	856	540	1834	0	59074
16754	1634	568	54588	1197	0	57987
16755	47908	335	1296	872	0	50411
16756	1170	45235	865	487	0	47757
16757	467	40717	330	269	0	41783
16758	39858	963	213	311	0	41345
16759	719	40217	291	292	0	41519
16760	370	38935	251	238	0	39794
16761	37074	805	1019	495	0	39393
16762	434	38026	282	172	0	38914
16763	276	378	93	37234	0	37981
16764	178	204	97	37750	0	38229
16765	37279	116	94	596	0	38085
16766	36915	81	99	340	0	37435
16767	509	37604	169	180	0	38462
16768	260	37355	156	157	0	37928
16769	188	554	36006	103	0	36851
16770	36105	213	378	190	0	36886
16771	38307	110	208	229	0	38854
16772	39657	89	110	171	0	40027
16773	691	85	109	39309	0	40194
16774	365	70	105	40699	0	41239
16775	41124	93	83	720	0	42020
16776	633	96	101	41162	0	41992
16777	340	194	41883	587	0	43004
16778	233	93	485	41253	0	42064
16779	148	43665	328	576	0	44717
16780	206	612	133	44559	0	45510
16781	182	283	90	45937	0	46492
16782	181	122	80	46379	0	46762
16783	45015	87	78	961	0	46141
16784	621	44782	165	433	0	46001
16785	370	552	77	45393	0	46392
16786	169	402	44771	659	0	46001
16787	152	268	43250	346	0	44016
16788	194	171	820	44182	0	45367
16789	179	93	330	45447	0	46049
16790	45011	75	126	944	0	46156
16791	677	77	99	44186	0	45039
16792	357	44184	169	669	0	45379
16793	215	820	45791	376	0	47202
16794	231	302	601	46249	0	47383
16795	151	233	47799	681	0	48864
16796	194	153	644	47306	0	48297
16797	47203	92	335	792	0	48422
16798	47831	93	140	471	0	48535
16799	881	48148	188	225	0	49442
16800	476	606	90	47471	0	48643
16801	49637	318	113	721	0	50789
16802	50005	139	108	456	0	50708
16803	50874	121	105	262	0	51362
16804	51233	102	131	246	0	51712
16805	50443	96	123	255	0	50917
16806	890	49129	217	217	0	50453
16807	48181	478	84	203	0	48946
16808	651	404	47781	118	0	48954
16809	386	98	479	47211	0	48174
16810	48416	77	274	600	0	49367
16811	48098	89	111	419	0	48717
16812	48129	73	98	246	0	48546
16813	795	174	48359	182	0	49510
16814	448	86	494	48621	0	49649
16815	50407	75	268	645	0	51395
16816	562	50413	177	370	0	51522
16817	52874	513	81	327	0	53795
16818	51600	280	91	269	0	52240
16819	51767	118	85	254	0	52224
16820	864	187	76	52823	0	53950
16821	52951	96	83	697	0	53827
16822	669	223	53238	383	0	54513
16823	370	234	52825	208	0	53637
16824	51325	75	690	288	0	52378
16825	589	194	54138	168	0	55089
16826	48973	83	484	266	0	49806
16827	638	208	53109	141	0	54096
16828	357	110	463	51707	0	52637
16829	51433	59	269	609	0	52370
16830	511	49687	209	363	0	50770
16831	51203	427	76	261	0	51967
16832	501	51072	169	162	0	51904
16833	315	53235	170	191	0	53911
16834	243	577	77	54078	0	54975
16835	209	241	88	54624	0	55162
16836	221	89	86	55147	0	55543
16837	142	217	54119	761	0	55239
16838	50599	73	490	526	0	51688
16839	56446	75	333	273	0	57127
16840	56950	72	112	269	0	57403
16841	56979	64	79	250	0	57372
16842	56311	66	305	276	0	56958
16843	980	200	53840	164	0	55184
16844	501	183	53589	148	0	54421
16845	302	69	797	53887	0	55055
16846	264	209	54522	661	0	55656
16847	51528	76	632	539	0	52775
16848	804	57782	492	180	0	59258
16849	565	736	131	60767	0	62199
16850	61768	370	110	944	0	63192
16851	1070	104	122	62472	0	63768
16852	686	201	64268	952	0	66107
16853	331	234	63974	555	0	65094
16854	333	89	1353	65562	0	67337
16855	302	277	66344	974	0	67897
16856	62184	84	1036	665	0	63969
16857	1122	82	586	65725	0	67515
16858	721	242	65861	1047	0	67871
16859	342	65859	1112	810	0	68123
16860	347	908	658	67496	0	69409
16861	305	771	68411	1050	0	70537
16862	374	216	1076	65344	0	67010
16863	370	90	608	67024	0	68092
16864	297	275	67202	1595	0	69369
16865	389	95	1098	66662	0	68244
16866	381	83	662	66364	0	67490
16867	371	102	253	68341	0	69067
16868	65814	83	174	1732	0	67803
16869	1143	66087	340	812	0	68382
16870	736	66854	295	301	0	68186
16871	371	1588	65091	213	0	67263
16872	59777	572	1021	359	0	61729
16873	1112	317	65307	182	0	66918
16874	654	275	64711	178	0	65818
16875	293	97	1364	62482	0	64236
16876	63893	65	673	1015	0	65646
16877	920	65201	350	664	0	67135
16878	65308	846	191	344	0	66689
16879	63101	493	174	329	0	64097
16880	1316	64386	301	310	0	66313
16881	63923	796	167	284	0	65170
16882	62683	501	133	280	0	63597
16883	1209	65135	375	210	0	66929
16884	670	848	141	65424	0	67083
16885	282	504	267	66886	0	67939
16886	68678	141	185	1370	0	70374
16887	972	70057	308	670	0	72007
16888	71988	1000	183	392	0	73563
16889	72176	584	187	344	0	73291
16890	75367	157	166	382	0	76072
16891	1839	121	165	74000	0	76125
16892	870	129	165	75631	0	76795
16893	74135	117	132	1858	0	76242
16894	75080	121	162	916	0	76279
16895	75898	135	175	433	0	76641
16896	2003	111	161	77439	0	79714
16897	927	285	78270	1464	0	80946
16898	432	144	1411	79446	0	81433
16899	403	119	822	86880	0	88224
16900	419	295	84832	2377	0	87923
16901	318	342	89467	1235	0	91362
16902	447	135	2639	90152	0	93373
16903	344	343	91268	2110	0	94065
16904	90390	162	2050	1353	0	93955
16905	2081	145	1145	92769	0	96140
16906	1304	170	390	94647	0	96511
16907	96455	140	261	3117	0	99973
16908	2193	165	237	96564	0	99159
16909	1442	131	221	97930	0	99724
16910	643	163	208	99315	0	100329
16911	598	146	201	99668	0	100613
16912	446	326	95992	3201	0	99965
16913	533	153	1895	96266	0	98847
16914	420	447	94435	2393	0	97695
16915	422	94229	2169	1733	0	98553
16916	566	1858	1148	93718	0	97290
16917	793	1403	90986	2249	0	95431
16918	82816	324	2051	1679	0	86870
16919	2151	90871	1416	721	0	95159
16920	92064	1861	471	704	0	95100
16921	2378	1105	340	87481	0	91304
16922	1372	90069	591	2213	0	94245
16923	90375	1871	335	1478	0	94059
16924	2155	91530	519	744	0	94948
16925	92194	1991	336	766	0	95287
16926	2404	1132	347	89992	0	93875
16927	92812	380	336	2362	0	95890
16928	2331	93608	527	1567	0	98033
16929	93691	1905	372	1009	0	96977
16930	2503	1286	93546	755	0	98090
16931	1628	348	2097	94106	0	98179
16932	93333	223	1256	2622	0	97434
16933	94886	205	489	1846	0	97426
16934	3282	259	384	93412	0	97337
16935	1640	422	93635	2581	0	98278
16936	748	89427	2264	1856	0	94295
16937	683	94255	1491	969	0	97398
16938	94196	2828	937	950	0	98911
16939	2248	1259	467	93619	0	97593
16940	1547	395	501	95147	0	97590
16941	93467	297	510	3397	0	97671
16942	92006	300	503	1948	0	94757
16943	3174	497	93971	1035	0	98677
16944	1772	302	1961	93117	0	97152
16945	879	485	93881	2503	0	97748
16946	747	92473	2211	1845	0	97276
16947	87932	1799	1379	1196	0	92306
16948	1966	90110	742	989	0	93807
16949	1255	89446	860	929	0	92490
16950	1292	2320	730	87110	0	91452
16951	85662	1063	459	2300	0	89484
16952	1811	85713	685	1536	0	89745
16953	84918	1623	461	1114	0	88116
16954	1931	84594	700	887	0	88112
16955	1472	1755	474	84465	0	88166
16956	82866	1043	452	2228	0	86589
16957	1992	738	85064	1685	0	89479
16958	1601	715	1747	84436	0	88499
16959	889	572	84132	2334	0	87927
16960	800	80446	1876	1775	0	84897
16961	751	84129	1239	1061	0	87180
16962	81910	2210	595	1210	0	85925
16963	1721	84516	745	1123	0	88105
16964	84682	1718	606	1015	0	88021
16965	84781	1077	736	1050	0	87644
16966	2558	821	83373	813	0	87565
16967	79911	573	1599	1015	0	83098
16968	2093	719	85437	985	0	89234
16969	1475	85261	1925	852	0	89513
16970	86078	1686	1105	1008	0	89877
16971	2106	85999	814	794	0	89713
16972	1677	1764	453	85649	0	89543
16973	86008	1200	403	2128	0	89739
16974	2242	641	396	86239	0	89518
16975	1533	804	86839	2167	0	91343
16976	1032	701	1648	85597	0	88978
16977	1017	628	1044	87497	0	90186
16978	85450	646	547	2763	0	89406
16979	2110	853	85673	1581	0	90217
16980	85634	607	1660	1001	0	88902
16981	89753	633	1105	833	0	92324
16982	3028	603	567	88242	0	92440
16983	1846	559	458	88257	0	91120
16984	86416	579	509	2728	0	90232
16985	2207	87766	700	1511	0	92184
16986	1760	1887	380	85291	0	89318
16987	899	1329	83807	1673	0	87708
16988	751	805	80196	1207	0	82959
16989	784	84566	2190	634	0	88174
16990	829	1571	970	81841	0	85211
16991	750	1103	373	83609	0	85835
16992	82333	504	355	2203	0	85395
16993	1836	432	302	82075	0	84645
16994	79555	438	325	1647	0	81965
16995	1657	78121	458	1128	0	81364
16996	1005	80439	388	682	0	82514
16997	573	84532	418	464	0	85987
16998	81751	1494	352	772	0	84369
16999	74864	663	415	607	0	76549
17000	1229	75007	324	353	0	76913
17001	69600	472	65	353	0	70490
17002	551	69071	194	157	0	69973
17003	431	572	75	66804	0	67882
17004	159	67729	222	486	0	68596
17005	67483	648	86	556	0	68773
17006	67818	314	68	321	0	68521
17007	781	152	70	64847	0	65850
17008	65929	107	51	640	0	66727
17009	628	110	70	64969	0	65777
17010	373	67127	202	557	0	68259
17011	263	634	85	66741	0	67723
17012	188	67317	208	526	0	68239
17013	66830	480	86	473	0	67869
17014	577	522	65093	180	0	66372
17015	62380	172	493	278	0	63323
17016	581	119	264	66657	0	67621
17017	387	314	65678	514	0	66893
17018	61592	136	446	533	0	62707
17019	558	574	68122	185	0	69439
17020	466	136	485	66823	0	67910
17021	283	185	307	68945	0	69720
17022	238	126	121	68176	0	68661
17023	270	128	91	69469	0	69958
17024	184	70624	266	1081	0	72155
17025	281	769	105	75971	0	77126
17026	75292	461	93	1139	0	76985
17027	985	480	74490	628	0	76583
17028	599	81148	1020	299	0	83066
17029	83477	1111	507	355	0	85450
17030	90248	821	149	319	0	91537
17031	2252	262	104	101531	0	104149
17032	1230	464	101384	1978	0	105056
17033	552	194	1747	100063	0	102556
17034	518	204	1226	103818	0	105766
17035	397	381	103562	3065	0	107405
17036	278	107729	2155	1614	0	111776
17037	110536	2106	1461	660	0	114763
17038	111100	1480	352	568	0	113500
17039	113704	408	263	509	0	114884
17040	4027	257	233	110472	0	114989
17041	2124	246	198	115406	0	117974
17042	116205	195	202	4018	0	120620
17043	3003	274	240	107627	0	111144
17044	1983	114034	405	2762	0	119184
17045	119774	2400	189	1906	0	124269
17046	120937	1688	252	880	0	123757
17047	127756	475	194	752	0	129177
17048	128827	301	224	714	0	130066
17049	5201	483	121824	486	0	127994
17050	2853	493	122740	505	0	126591
17051	1295	288	4437	119185	0	125205
17052	1035	243	2117	124172	0	127567
17053	920	444	122427	4604	0	128395
17054	835	495	123443	2412	0	127185
17055	901	288	4612	121695	0	127496
17056	122633	236	2407	3273	0	128549
17057	3432	261	871	120297	0	124861
17058	2449	429	121166	3592	0	127636
17059	1018	122704	3292	2544	0	129558
17060	123931	2801	2126	1275	0	130133
17061	126153	1876	890	1003	0	129922
17062	126763	592	657	1050	0	129062
17063	126872	436	584	947	0	128839
17064	5469	608	120456	810	0	127343
17065	3129	507	3128	120466	0	127230
17066	123216	379	2189	3438	0	129222
17067	4136	378	850	122929	0	128293
17068	3231	303	705	115206	0	119445
17069	1615	118370	886	4898	0	125769
17070	1407	2860	607	120346	0	125220
17071	117943	1905	714	3885	0	124447
17072	3612	118946	997	2897	0	126452
17073	118356	3059	668	1520	0	123603
17074	4111	119056	874	1363	0	125404
17075	3119	3275	640	107180	0	114214
17076	1697	114145	931	3373	0	120146
17077	1425	117853	989	2747	0	123014
17078	114986	4543	935	1551	0	122015
17079	4037	2657	113807	1359	0	121860
17080	2963	1265	112254	1364	0	117846
17081	1766	1090	112817	1339	0	117012
17082	103534	859	4974	1421	0	110788
17083	3866	108979	2965	1424	0	117234
17084	3188	111783	1452	1585	0	118008
17085	105526	4515	968	1344	0	112353
17086	4140	107269	1264	1378	0	114051
17087	3168	110115	1363	1375	0	116021
17088	2190	4802	991	109051	0	117034
17089	1981	2730	108154	3911	0	116776
17090	2021	1528	109558	2994	0	116101
17091	1987	1288	4766	107485	0	115526
17092	106182	1091	2792	4042	0	114107
17093	4285	107756	1732	2942	0	116715
17094	3651	3418	1171	108808	0	117048
17095	2518	2640	107946	3855	0	116959
17096	2312	1520	104788	3012	0	111632
17097	2333	1087	4978	101010	0	109408
17098	101017	1063	2974	4222	0	109276
17099	103036	1107	1633	3245	0	109021
17100	6008	1253	100428	1810	0	109499
17101	100121	1002	3912	1864	0	106899
17102	4920	1155	101843	1648	0	109566
17103	4060	942	4104	89481	0	98587
17104	2555	98716	3383	3854	0	108508
17105	102209	3356	1867	2731	0	110163
17106	4822	2609	1556	102028	0	111015
17107	3905	1252	1593	102866	0	109616
17108	2656	1000	1636	106008	0	111300
17109	2451	947	1608	106695	0	111701
17110	2163	1162	99513	5848	0	108686
17111	2281	98604	4072	3587	0	108544
17112	2389	3240	2985	99771	0	108385
17113	99483	2391	1754	4393	0	108021
17114	4482	1319	1543	101140	0	108484
17115	3568	1160	1529	102479	0	108736
17116	2201	1405	98849	5769	0	108224
17117	2149	1413	97999	3684	0	105245
17118	2073	96081	5494	2364	0	106012
17119	1942	98727	3467	2103	0	106239
17120	2023	4761	1660	95255	0	103699
17121	95517	2833	1489	4166	0	104005
17122	4013	1889	94346	3288	0	103536
17123	3168	93467	3608	2032	0	102275
17124	2252	3312	2691	82676	0	90931
17125	1477	88094	1514	3533	0	94618
17126	1753	3287	1106	80579	0	86725
17127	1434	86856	1359	3331	0	92980
17128	1561	2861	956	79074	0	84452
17129	74460	2027	936	2926	0	80349
17130	2314	67953	958	1982	0	73207
17131	1178	1881	468	55342	0	58869
17132	52858	1168	496	1800	0	56322
17133	1524	53785	591	1306	0	57206
17134	932	49731	477	861	0	52001
17135	661	50571	471	948	0	52651
17136	705	1751	835	43863	0	47154
17137	328	716	399	43232	0	44675
17138	276	42849	338	1358	0	44821
17139	320	1023	275	42993	0	44611
17140	593	784	42966	956	0	45299
17141	404	41761	865	579	0	43609
17142	332	2937	399	36465	0	40133
17143	225	40201	285	637	0	41348
17144	370	737	37276	403	0	38786
17145	134	37078	540	190	0	37942
17146	30813	661	346	260	0	32080
17147	247	214	39	30662	0	31162
17148	30523	46	39	319	0	30927
17149	236	116	30537	144	0	31033
17150	148	43	243	30633	0	31067
17151	59	107	31242	260	0	31668
17152	73	45	256	31093	0	31467
17153	32358	30	121	300	0	32809
17154	282	51	33	31909	0	32275
17155	31382	26	30	319	0	31757
17156	227	31648	75	178	0	32128
17157	30151	238	37	137	0	30563
17158	267	211	31440	50	0	31968
17159	135	31348	276	138	0	31897
17160	68	237	119	31184	0	31608
17161	51	120	26	31112	0	31309
17162	42	121	30360	345	0	30868
17163	30	30646	267	193	0	31136
17164	50	256	119	30381	0	30806
17165	20	31221	79	221	0	31541
17166	49	275	15	29589	0	29928
17167	33	30571	83	240	0	30927
17168	29642	252	26	169	0	30089
17169	272	207	25	30252	0	30756
17170	137	120	29762	244	0	30263
17171	40	29613	265	179	0	30097
17172	21	30509	144	60	0	30734
17173	109	388	29406	32	0	29935
17174	24	30420	277	50	0	30771
17175	52	232	112	29599	0	29995
17176	31	190	30233	237	0	30691
17177	53	49	229	29238	0	29569
17178	46	26	130	30592	0	30794
17179	35	94	29864	334	0	30327
17180	26290	48	256	210	0	26804
17181	255	23	119	30267	0	30664
17182	161	81	32338	255	0	32835
17183	39	32749	297	173	0	33258
17184	32585	228	124	119	0	33056
17185	228	33244	94	73	0	33639
17186	153	251	27	33266	0	33697
17187	32094	136	30	311	0	32571
17188	266	58	22	31977	0	32323
17189	158	131	33007	286	0	33582
17190	99	53	279	31765	0	32196
17191	55	122	32506	306	0	32989
17192	29781	54	314	250	0	30399
17193	310	113	32311	72	0	32806
17194	32062	49	308	157	0	32576
17195	32969	39	182	133	0	33323
17196	459	126	33247	60	0	33892
17197	229	125	32302	66	0	32722
17198	64	33341	515	82	0	34002
17199	34078	319	209	118	0	34724
17200	369	193	66	34001	0	34629
17201	229	79	61	34005	0	34374
17202	35926	65	61	655	0	36707
17203	36316	58	59	320	0	36753
17204	36739	55	65	163	0	37022
17205	36195	52	56	117	0	36420
17206	497	66	66	34254	0	34883
17207	34611	46	52	433	0	35142
17208	410	48	55	34295	0	34808
17209	271	51	62	34531	0	34915
17210	137	47	80	35181	0	35445
17211	95	143	34080	588	0	34906
17212	80	33492	394	278	0	34244
17213	75	34443	292	108	0	34918
17214	123	486	82	34211	0	34902
17215	34283	212	51	430	0	34976
17216	406	71	60	34218	0	34755
17217	33932	60	67	481	0	34540
17218	406	142	34736	236	0	35520
17219	32824	76	383	180	0	33463
17220	419	86	212	35406	0	36123
17221	36030	56	87	475	0	36648
17222	35588	56	60	385	0	36089
17223	36229	52	57	196	0	36534
17224	578	64	55	35921	0	36618
17225	268	293	35503	391	0	36455
17226	135	70	381	35380	0	35966
17227	35235	67	227	516	0	36045
17228	446	224	41962	260	0	42892
17229	305	84	420	45005	0	45814
17230	48459	44	256	659	0	49418
17231	619	202	49540	320	0	50681
17232	52236	70	620	253	0	53179
17233	55339	66	339	194	0	55938
17234	1079	55	134	55624	0	56892
17235	561	59	104	56825	0	57549
17236	56680	46	92	1201	0	58019
17237	859	64	101	60440	0	61464
17238	59232	57	97	1161	0	60547
17239	972	60763	227	689	0	62651
17240	541	61496	154	241	0	62432
17241	263	1326	62	61180	0	62831
17242	195	742	62193	1006	0	64136
17243	132	62743	1040	593	0	64508
17244	60217	946	587	308	0	62058
17245	872	60779	280	228	0	62159
17246	634	1100	60398	106	0	62238
17247	343	576	902	59055	0	60876
17248	185	317	61609	965	0	63076
17249	124	63950	1077	746	0	65897
17250	206	965	544	61308	0	63023
17251	128	63012	290	1040	0	64470
17252	204	1004	63404	470	0	65082
17253	233	479	911	61845	0	63468
17254	140	315	64585	968	0	66008
17255	186	113	994	63248	0	64541
17256	64092	76	540	1201	0	65909
17257	981	260	63721	593	0	65555
17258	58967	80	980	349	0	60376
17259	1068	227	62322	182	0	63799
17260	696	85	1013	61449	0	63243
17261	289	256	66060	1032	0	67637
17262	320	98	1021	65163	0	66602
17263	293	84	575	66725	0	67677
17264	248	106	208	66308	0	66870
17265	240	96	163	67353	0	67852
17266	194	290	69424	1590	0	71498
17267	65189	123	1016	962	0	67290
17268	1066	108	566	74164	0	75904
17269	73572	116	330	1188	0	75206
17270	74640	146	185	800	0	75771
17271	76576	125	216	448	0	77365
17272	1672	129	179	77728	0	79708
17273	841	123	195	75974	0	77133
17274	314	78740	374	1627	0	81055
17275	79781	1078	189	894	0	81942
17276	80306	623	174	509	0	81612
17277	81182	225	187	529	0	82123
17278	1766	352	81858	278	0	84254
17279	909	167	1159	81286	0	83521
17280	385	351	82273	1241	0	84250
17281	77468	175	1216	892	0	79751
17282	81734	137	715	548	0	83134
17283	1777	134	324	80153	0	82388
17284	926	160	282	78549	0	79917
17285	375	83200	376	1604	0	85555
17286	82966	1094	353	958	0	85371
17287	83560	624	259	574	0	85017
17288	1706	83311	476	318	0	85811
17289	84420	1030	247	465	0	86162
17290	1329	576	239	85798	0	87942
17291	788	253	238	86751	0	88030
17292	86428	161	223	1857	0	88669
17293	1286	406	87427	826	0	89945
17294	84622	144	1083	608	0	86457
17295	88061	129	656	589	0	89435
17296	1562	87189	502	406	0	89659
17297	88647	992	239	549	0	90427
17298	1336	802	87185	356	0	89679
17299	860	246	1077	87340	0	89523
17300	88625	192	659	1312	0	90788
17301	1314	150	301	89196	0	90961
17302	819	336	86934	1292	0	89381
17303	601	169	1106	83740	0	85616
17304	446	99706	851	1287	0	102290
17305	523	1059	336	102695	0	104613
17306	534	609	246	105263	0	106652
17307	490	280	256	104613	0	105639
17308	467	188	229	106449	0	107333
17309	389	442	104746	1890	0	107467
17310	456	178	1155	104113	0	105902
17311	104274	164	653	1642	0	106733
17312	1244	104200	531	966	0	106941
17313	1218	1099	227	105967	0	108511
17314	593	1085	106755	1307	0	109740
17315	546	339	1156	106736	0	108777
17316	107704	160	694	1642	0	110200
17317	106664	164	325	1073	0	108226
17318	105439	190	258	621	0	106508
17319	2063	159	209	107515	0	109946
17320	1036	395	107332	1435	0	110198
17321	513	106290	1326	964	0	109093
17322	107697	1084	678	707	0	110166
17323	1426	632	283	107773	0	110114
17324	1043	225	220	108854	0	110342
17325	576	465	108434	1760	0	111235
17326	497	106864	1295	987	0	109643
17327	445	110533	901	554	0	112433
17328	623	2253	320	103275	0	106471
17329	502	941	100152	1191	0	102786
17330	84031	255	951	1136	0	86373
17331	1119	510	97644	399	0	99672
17332	82874	223	769	644	0	84510
17333	922	98989	654	315	0	100880
17334	674	971	96951	301	0	98897
17335	89910	460	706	538	0	91614
17336	853	97533	622	296	0	99304
17337	98137	439	163	591	0	99330
17338	712	679	100372	210	0	101973
17339	336	100852	640	249	0	102077
17340	101236	507	466	423	0	102632
17341	703	589	100239	221	0	101752
17342	98927	117	473	344	0	99861
17343	627	71	249	101946	0	102893
17344	102680	77	140	754	0	103651
17345	625	99	90	103067	0	103881
17346	102388	77	108	795	0	103368
17347	616	452	104789	382	0	106239
17348	425	78	537	104339	0	105379
17349	271	73	323	104146	0	104813
17350	224	376	105028	874	0	106502
17351	252	141	582	106638	0	107613
17352	264	91703	734	1099	0	93800
17353	227	710	170	120579	0	121686
17354	284	408	116	129712	0	130520
17355	324	158	101	145017	0	145600
17356	238	523	142719	2632	0	146112
17357	128036	145	2020	1495	0	131696
17358	2274	124	957	151747	0	155102
17359	1158	560	157815	2245	0	161778
17360	148251	134	2517	1446	0	152348
17361	160664	143	1176	639	0	162622
17362	164875	115	353	557	0	165900
17363	4202	134	200	162406	0	166942
17364	1776	142	176	177240	0	179334
17365	708	277	249	170543	0	171777
17366	345	173340	547	4708	0	178940
17367	172445	3256	246	2113	0	178060
17368	175008	1542	260	871	0	177681
17369	5010	332	310	170703	0	176355
17370	2057	480	170224	3563	0	176324
17371	667	571	171078	1902	0	174218
17372	452	168256	5123	908	0	174739
17373	740	3958	2175	162594	0	169467
17374	167199	1539	455	3551	0	172744
17375	3389	169120	644	1922	0	175075
17376	174156	3363	307	936	0	178762
17377	174826	1613	294	821	0	177554
17378	175997	436	291	735	0	177459
17379	5730	252	287	173102	0	179371
17380	2664	201	309	189206	0	192380
17381	190647	259	292	6113	0	197311
17382	4777	461	275	196903	0	202416
17383	2533	623	195533	4882	0	203571
17384	192952	275	4468	2678	0	200373
17385	5151	317	2120	195314	0	202902
17386	2858	276	557	199780	0	203471
17387	1235	282	342	203031	0	204890
17388	987	644	194155	7145	0	202931
17389	175721	286	4776	3474	0	184257
17390	5161	635	195456	1152	0	202404
17391	2971	329	4993	191928	0	200221
17392	1241	793	197911	5174	0	205119
17393	1143	298	5276	190464	0	197181
17394	1154	352	2598	197471	0	201575
17395	1067	683	200081	7318	0	209149
17396	1513	428	5162	177299	0	184402
17397	1062	199354	2905	5248	0	208569
17398	198603	4778	888	3130	0	207399
17399	203848	2320	619	1615	0	208402
17400	7817	601	578	199781	0	208777
17401	3548	716	201990	5925	0	212179
17402	1554	195366	5634	3532	0	206086
17403	1158	205648	3092	1785	0	211683
17404	189398	6690	1046	1780	0	198914
17405	5791	2941	187400	1463	0	197595
17406	184118	751	5323	1712	0	191904
17407	6287	469	2924	186289	0	195969
17408	3570	466	1167	191029	0	196232
17409	180978	540	953	8330	0	190801
17410	5577	183271	1348	4434	0	194630
17411	3456	5166	186485	2027	0	197134
17412	1991	2433	5517	181632	0	191573
17413	1532	1066	189462	6391	0	198451
17414	1370	185045	6391	3929	0	196735
17415	1629	5001	3155	184984	0	194769
17416	184849	2564	1573	6562	0	195548
17417	187963	860	1386	4199	0	194408
17418	8116	1407	184613	2329	0	196465
17419	4001	184184	6136	2061	0	196382
17420	182208	5169	3261	2143	0	192781
17421	6105	186386	1914	2147	0	196552
17422	4246	5509	1230	180501	0	191486
17423	183894	2844	1286	6440	0	194464
17424	6443	1113	1236	185917	0	194709
17425	3953	1299	181786	6889	0	193927
17426	2524	992	5742	183345	0	192603
17427	2247	1575	183626	6892	0	194340
17428	2361	919	6123	180670	0	190073
17429	179892	854	3531	7214	0	191491
17430	6163	181253	2314	4474	0	194204
17431	182348	5357	1626	2875	0	192206
17432	6873	3193	1582	179029	0	190677
17433	4152	1378	1569	180958	0	188057
17434	2277	1498	168566	8964	0	181305
17435	2153	1416	177982	4663	0	186214
17436	2097	174732	8535	3002	0	188366
17437	2215	5873	173775	2392	0	184255
17438	156646	3152	6487	2603	0	168888
17439	6385	167857	4282	2461	0	180985
17440	3936	172708	2349	2416	0	181409
17441	2331	174647	2218	2335	0	181531
17442	2446	8113	1548	166440	0	178547
17443	2165	3830	169409	6727	0	182131
17444	2084	170486	6564	4512	0	183646
17445	2570	5865	3650	150418	0	162503
17446	1928	172698	2534	6119	0	183279
17447	168582	5806	1700	4185	0	180273
17448	173900	3269	1827	2829	0	181825
17449	8542	1575	1763	169605	0	181485
17450	4495	1349	1806	170974	0	178624
17451	159727	1246	1757	8719	0	171449
17452	5838	155514	2271	4647	0	168270
17453	3527	156642	2132	2506	0	164807
17454	2608	7006	1452	140651	0	151717
17455	1406	2915	128056	4899	0	137276
17456	1256	126767	4687	3167	0	135877
17457	120003	4168	2844	1845	0	128860
17458	3973	118784	1884	1513	0	126154
17459	2323	117823	1535	1429	0	123110
17460	110040	4637	1462	1286	0	117425
17461	3353	114833	1193	1253	0	120632
17462	2507	3863	110927	1153	0	118450
17463	1147	112504	3731	1127	0	118509
17464	98463	3051	2326	935	0	104775
17465	2631	99492	1105	773	0	104001
17466	97815	2851	913	913	0	102492
17467	2976	1784	613	96102	0	101475
17468	1841	1011	573	99592	0	103017
17469	1088	1045	98475	3577	0	104185
17470	865	98931	2575	1935	0	104306
17471	887	2513	1433	100935	0	105768
17472	100194	1538	751	2895	0	105378
17473	101192	851	617	1929	0	104589
17474	3401	102238	921	1122	0	107682
17475	1794	2654	600	102013	0	107061
17476	102931	1584	514	2805	0	107834
17477	104030	999	581	1771	0	107381
17478	3555	1091	99656	903	0	105205
17479	1641	990	92913	678	0	96222
17480	797	854	86110	511	0	88272
17481	402	81032	2292	420	0	84146
17482	74898	1386	2006	358	0	78648
17483	1216	75447	444	274	0	77381
17484	74748	1352	524	354	0	76978
17485	1287	77963	367	290	0	79907
17486	973	1332	201	78523	0	81029
17487	78639	802	196	1239	0	80876
17488	1286	607	80003	726	0	82622
17489	76225	326	1126	394	0	78071
17490	79680	305	647	332	0	80964
17491	1684	80005	374	305	0	82368
17492	654	79715	239	453	0	81061
17493	80764	1400	147	372	0	82683
17494	1205	920	84394	191	0	86710
17495	76760	470	940	287	0	78457
17496	79466	199	593	235	0	80493
17497	1385	176	187	77739	0	79487
17498	79735	181	162	982	0	81060
17499	1142	231	122	81430	0	82925
17500	755	191	113	83331	0	84390
17501	437	238	120	80445	0	81240
17502	271	81183	311	1396	0	83161
17503	81653	906	163	727	0	83449
17504	82366	576	199	363	0	83504
17505	1474	285	197	81800	0	83756
17506	861	235	218	80195	0	81509
17507	400	81449	379	1202	0	83430
17508	80583	966	253	705	0	82507
17509	1096	851	80433	278	0	82658
17510	892	526	882	80679	0	82979
17511	469	514	80833	932	0	82748
17512	482	299	966	79784	0	81531
17513	448	459	81316	992	0	83215
17514	513	283	960	78541	0	80297
17515	79043	237	574	1186	0	81040
17516	1172	401	81578	641	0	83792
17517	76423	230	959	481	0	78093
17518	1213	86745	783	262	0	89003
17519	901	948	302	87872	0	90023
17520	584	665	244	88727	0	90220
17521	91899	371	246	1531	0	94047
17522	1306	286	206	96034	0	97832
17523	891	537	101799	1093	0	104320
17524	95889	265	887	1004	0	98045
17525	103303	250	541	655	0	104749
17526	104100	248	248	568	0	105164
17527	103544	220	199	575	0	104538
17528	1633	102611	423	405	0	105072
17529	920	866	186	103270	0	105242
17530	102706	528	182	1214	0	104630
17531	1199	301	205	102153	0	103858
17532	100444	238	256	1156	0	102094
17533	1225	509	99192	638	0	101564
17534	795	465	99547	423	0	101230
17535	620	929	1128	93043	0	95720
17536	443	98746	724	942	0	100855
17537	395	103518	461	751	0	105125
17538	100479	903	278	653	0	102313
17539	915	697	103302	429	0	105343
17540	90591	232	775	669	0	92267
17541	905	103550	759	546	0	105760
17542	104518	628	269	513	0	105928
17543	1053	435	224	103240	0	104952
17544	709	582	107190	912	0	109393
17545	620	204	759	104985	0	106568
17546	499	238	485	105554	0	106776
17547	403	105763	448	1204	0	107818
17548	381	108768	409	729	0	110287
17549	508	1020	242	106570	0	108340
17550	490	109842	402	1023	0	111757
17551	548	1194	107557	612	0	109911
17552	509	819	105609	409	0	107346
17553	93245	287	1147	619	0	95298
17554	107882	214	542	488	0	109126
17555	1280	107417	490	424	0	109611
17556	884	759	208	105770	0	107621
17557	528	515	227	107329	0	108599
17558	500	535	106126	1152	0	108313
17559	532	252	754	98501	0	100039
17560	380	103720	703	1003	0	105806
17561	489	936	100759	631	0	102815
17562	459	710	100239	352	0	101760
17563	395	95256	1326	734	0	97711
17564	485	1017	98959	363	0	100824
17565	519	573	818	96067	0	97977
17566	548	442	536	90608	0	92134
17567	400	550	100923	1166	0	103039
17568	523	233	816	96699	0	98271
17569	354	97263	672	1192	0	99481
17570	355	101145	520	753	0	102773
17571	412	960	228	98178	0	99778
17572	461	676	98559	858	0	100554
17573	291	98671	970	812	0	100744
17574	310	1009	782	97212	0	99313
17575	255	683	95603	733	0	97274
17576	83086	190	616	591	0	84483
17577	94230	118	350	384	0	95082
17578	94863	116	193	343	0	95515
17579	948	136	148	92528	0	93760
17580	466	134	179	94899	0	95678
17581	249	399	97472	865	0	98985
17582	232	152	676	94372	0	95432
17583	225	161	450	98241	0	99077
17584	168	455	97025	918	0	98566
17585	73771	159	723	846	0	75499
17586	597	91619	559	249	0	93024
17587	91842	568	162	344	0	92916
17588	632	91350	339	207	0	92528
17589	433	784	95	91304	0	92616
17590	225	613	92287	819	0	93944
17591	216	233	592	88000	0	89041
17592	119	361	90572	729	0	91781
17593	67302	149	802	759	0	69012
17594	527	410	86458	183	0	87578
17595	377	104	675	81594	0	82750
17596	201	312	86754	627	0	87894
17597	189	88290	812	436	0	89727
17598	318	704	395	92468	0	93885
17599	272	411	163	93767	0	94613
17600	272	128	114	97745	0	98259
17601	160	283	96510	1666	0	98619
17602	166	349	98517	769	0	99801
17603	218	101	1766	96275	0	98360
17604	238	97	756	121982	0	123073
17605	322	104	282	130806	0	131514
17606	132025	120	207	3635	0	135987
17607	2485	142	201	137606	0	140434
17608	1555	462	141954	2654	0	146625
17609	144112	173	2615	1814	0	148714
17610	3061	161	1643	152276	0	157141
17611	157093	104	565	3406	0	161168
17612	160455	122	339	2272	0	163188
17613	4971	118	343	158834	0	164266
17614	159445	98	361	3546	0	163450
17615	161036	115	305	2406	0	163862
17616	5105	455	158371	797	0	164728
17617	2445	159706	3515	574	0	166240
17618	1026	3092	1988	151081	0	157187
17619	844	2044	554	159450	0	162892
17620	157470	444	357	5296	0	163567
17621	155452	216	380	2827	0	158875
17622	155004	177	340	1296	0	156817
17623	5567	552	142493	881	0	149493
17624	2737	143942	3679	834	0	151192
17625	143712	3090	2152	941	0	149895
17626	3559	145839	1051	728	0	151177
17627	146845	3482	436	829	0	151592
17628	4113	2022	373	144969	0	151477
17629	145810	551	378	3900	0	150639
17630	147158	281	391	2724	0	150554
17631	148671	213	400	1370	0	150654
17632	6011	607	145385	883	0	152886
17633	146240	216	3315	1056	0	150827
17634	4348	146540	2461	938	0	154287
17635	151289	3282	744	1016	0	156331
17636	152790	2121	474	1139	0	156524
17637	154609	644	500	1117	0	156870
17638	6740	384	498	142161	0	149783
17639	3523	146763	749	3794	0	154829
17640	147104	3422	508	2734	0	153768
17641	4925	2621	146622	1205	0	155373
17642	3422	147794	3823	1043	0	156082
17643	2467	3640	2350	125562	0	134019
17644	1758	144313	1108	3273	0	150452
17645	144257	3951	636	2302	0	151146
17646	149813	2528	563	1306	0	154210
17647	6860	964	564	146935	0	155323
17648	4037	908	143543	4618	0	153106
17649	2177	144118	4134	3444	0	153873
17650	2945	4076	3014	117070	0	127105
17651	2253	2518	1314	144145	0	150230
17652	2078	1046	999	151455	0	155578
17653	149879	755	815	6782	0	158231
17654	152254	775	706	3835	0	157570
17655	154267	760	643	1930	0	157600
17656	155717	738	707	1683	0	158845
17657	8193	788	691	149823	0	159495
17658	4920	1092	152433	4938	0	163383
17659	3123	738	4298	155471	0	163630
17660	2976	724	2740	157149	0	163589
17661	3132	799	1090	158551	0	163572
17662	3295	820	819	160169	0	165103
17663	155166	810	1074	7806	0	164856
17664	6698	755	1236	156073	0	164762
17665	156933	713	1189	5831	0	164666
17666	158519	894	1070	4306	0	164789
17667	8885	1277	151415	2565	0	164142
17668	5976	1169	151182	2411	0	160738
17669	4248	1090	155905	2570	0	163813
17670	4347	897	6348	149405	0	160997
17671	4075	1325	155255	4944	0	165599
17672	3848	1273	5024	151375	0	161520
17673	3397	1485	3198	155456	0	163536
17674	155577	1222	1438	7764	0	166001
17675	7081	1304	1016	150836	0	160237
17676	5881	157933	1612	5596	0	171022
17677	161937	4342	1263	4245	0	171787
17678	7144	163480	1795	2780	0	175199
17679	5574	5250	164862	2284	0	177970
17680	3824	168481	4986	2129	0	179420
17681	166326	5230	3057	2095	0	176708
17682	7475	3609	1383	164053	0	176520
17683	5920	2335	163427	5366	0	177048
17684	164095	1425	4583	4185	0	174288
17685	7926	1323	3032	165289	0	177570
17686	6417	1579	164443	5144	0	177583
17687	4718	1186	4835	165877	0	176616
17688	4018	1218	3526	166310	0	175072
17689	4181	1451	1716	163775	0	171123
17690	3842	163729	1794	7371	0	176736
17691	166847	4653	1403	4288	0	177191
17692	7578	3266	1258	160792	0	172894
17693	5684	163481	1567	5475	0	176207
17694	3955	5017	967	164072	0	174011
17695	3669	4043	161984	5512	0	175208
17696	3539	163188	5140	4098	0	175965
17697	161062	4725	3607	2666	0	172060
17698	158838	3632	1624	2174	0	166268
17699	7373	1937	1148	152511	0	162969
17700	4986	1624	1147	155671	0	163428
17701	153825	1249	1381	6644	0	163099
17702	149345	1169	1206	4406	0	156126
17703	6726	149798	1795	2684	0	161003
17704	125932	2884	1085	1680	0	131581
17705	3587	1922	118333	1186	0	125028
17706	2627	944	117598	1256	0	122425
17707	1278	113610	3582	1293	0	119763
17708	882	113372	2125	1049	0	117428
17709	102068	2469	2021	960	0	107518
17710	1815	103832	708	723	0	107078
17711	102899	1568	424	770	0	105661
17712	101384	977	345	767	0	103473
17713	100498	406	370	724	0	101998
17714	2490	339	357	99365	0	102551
17715	100228	268	437	1850	0	102783
17716	1865	599	99206	1203	0	102873
17717	1282	560	99002	689	0	101533
17718	676	99524	2196	783	0	103179
17719	658	1646	100544	572	0	103420
17720	737	1080	1508	95553	0	98878
17721	574	725	101149	1690	0	104138
17722	625	624	100912	1167	0	103328
17723	642	342	2031	99746	0	102761
17724	101169	322	1087	1905	0	104483
17725	101710	361	483	1326	0	103880
17726	2208	668	105565	563	0	109004
17727	101251	357	1584	830	0	104022
17728	1683	673	108690	561	0	111607
17729	106139	343	1609	726	0	108817
17730	113256	318	1013	801	0	115388
17731	2437	321	532	112090	0	115380
17732	1423	395	411	108643	0	110872
17733	729	107900	660	2180	0	111469
17734	655	111538	697	1277	0	114167
17735	775	1955	451	108172	0	111353
17736	772	988	442	109819	0	112021
17737	105970	410	390	2133	0	108903
17738	1546	106223	660	1085	0	109514
17739	105372	1337	404	691	0	107804
17740	1508	107030	638	572	0	109748
17741	1083	1775	104486	580	0	107924
17742	750	956	1294	104389	0	107389
17743	104837	431	919	1615	0	107802
17744	110467	319	389	1141	0	112316
17745	2369	113859	608	570	0	117406
17746	1197	117333	523	413	0	119466
17747	593	119590	578	614	0	121375
17748	732	2639	366	126091	0	129828
17749	646	1663	126494	2233	0	131036
17750	479	125228	2556	1287	0	129550
17751	716	2180	1204	123994	0	128094
17752	515	1150	388	127399	0	129452
17753	446	842	125716	2985	0	129989
17754	451	649	124911	1351	0	127362
17755	119283	319	3126	767	0	123495
17756	2384	673	129962	398	0	133417
17757	126721	264	2308	561	0	129854
17758	126538	274	1303	480	0	128595
17759	126758	278	449	447	0	127932
17760	125775	263	386	545	0	126969
17761	3443	565	120644	360	0	125012
17762	1577	122137	2375	388	0	126477
17763	870	2152	1225	121202	0	125449
17764	605	1553	122297	2383	0	126838
17765	672	448	2232	117954	0	121306
17766	582	112490	1731	2291	0	117094
17767	633	2223	492	126619	0	129967
17768	666	1305	390	127715	0	130076
17769	679	497	390	127443	0	129009
17770	124682	410	394	3593	0	129079
17771	2543	429	400	126045	0	129417
17772	1698	428	441	126760	0	129327
17773	781	384	501	125164	0	126830
17774	546	121138	804	3416	0	125904
17775	120362	2293	490	1785	0	124930
17776	2422	116131	757	765	0	120075
17777	1386	118565	644	653	0	121248
17778	983	3111	636	117462	0	122192
17779	810	1463	470	118969	0	121712
17780	116631	476	438	3594	0	121139
17781	2764	489	426	118116	0	121795
17782	117829	354	472	2833	0	121488
17783	142700	368	453	1798	0	145319
17784	5152	416	430	141539	0	147537
17785	2703	446	435	138441	0	142025
17786	902	143752	853	5250	0	150757
17787	146262	3659	467	2767	0	153155
17788	3921	151110	810	1263	0	157104
17789	151543	4202	548	1011	0	157304
17790	4475	2809	148344	842	0	156470
17791	148114	823	3957	1017	0	153911
17792	156479	606	2299	1042	0	160426
17793	6471	489	709	152344	0	160013
17794	3282	790	153509	4601	0	162182
17795	1204	154656	4536	3022	0	163418
17796	1167	4456	2502	157628	0	165753
17797	972	3073	157472	4992	0	166509
17798	1192	863	4429	157413	0	163897
17799	152531	665	2670	5248	0	161114
17800	4978	837	154906	3180	0	163901
17801	2962	152508	4808	1632	0	161910
17802	1316	159023	3019	1101	0	164459
17803	1747	6842	920	129696	0	139205
17804	1025	158014	946	3679	0	163664
17805	156331	4790	555	2572	0	164248
17806	157436	2844	523	1389	0	162192
17807	158664	994	547	1261	0	161466
17808	7089	1091	149770	990	0	158940
17809	151225	781	4365	1298	0	157669
17810	5366	777	2617	150051	0	158811
17811	3415	888	846	153172	0	158321
17812	1691	703	630	155201	0	158225
17813	1379	782	1010	155718	0	158889
17814	1162	1091	148834	7445	0	158532
17815	1130	1078	149695	3769	0	155672
17816	1172	1061	149030	1755	0	153018
17817	136768	793	6898	1635	0	146094
17818	4971	143380	3520	1753	0	153624
17819	3482	4520	1186	141173	0	150361
17820	140506	2952	839	5319	0	149616
17821	4998	144054	1139	3482	0	153673
17822	3371	148058	1094	1911	0	154434
17823	144335	6836	838	1402	0	153411
17824	146205	3306	768	1365	0	151644
17825	7213	146238	1150	1358	0	155959
17826	4280	4820	710	130163	0	139973
17827	1971	142848	1054	4625	0	150498
17828	140005	4874	737	3326	0	148942
17829	141387	3178	804	1695	0	147064
17830	139299	1452	685	1669	0	143105
17831	7468	133733	1091	1694	0	143986
17832	4014	4651	772	135805	0	145242
17833	1979	3266	134672	5337	0	145254
17834	2014	1566	4566	134349	0	142495
17835	1856	1053	2878	138842	0	144629
17836	1603	1561	132881	7295	0	143340
17837	128640	1064	4698	3943	0	138345
17838	5487	1061	2985	133561	0	143094
17839	3773	1187	1140	130687	0	136787
17840	1922	131620	1355	7084	0	141981
17841	131380	4745	893	3736	0	140754
17842	5526	3063	882	125688	0	135159
17843	3511	128042	1381	5114	0	138048
17844	121157	4343	902	3237	0	129639
17845	4614	121246	1179	1726	0	128765
17846	114749	4226	727	1407	0	121109
17847	4726	2858	112533	1272	0	121389
17848	2731	1254	102775	1068	0	107828
17849	1421	943	102763	897	0	106024
17850	1170	101454	5356	904	0	108884
17851	1554	3615	3538	86676	0	95383
17852	1251	98538	1179	3050	0	104018
17853	98336	3598	730	2161	0	104825
17854	3613	2635	99178	1074	0	106500
17855	96577	1077	3304	1010	0	101968
17856	100590	963	2217	984	0	104754
17857	5337	798	947	97864	0	104946
17858	100773	728	728	3510	0	105739
17859	4285	742	721	99964	0	105712
17860	2585	1101	98331	3625	0	105642
17861	94806	908	3208	2565	0	101487
17862	3593	97921	2400	1123	0	105037
17863	2618	3346	889	97859	0	104712
17864	98600	2173	579	3483	0	104835
17865	3976	1042	631	99405	0	105054
17866	2716	1038	95540	3703	0	102997
17867	1467	780	3249	93775	0	99271
17868	1050	96004	2525	3528	0	103107
17869	96345	3345	872	2327	0	102889
17870	3806	2140	644	95593	0	102183
17871	97171	960	694	3609	0	102434
17872	4120	697	506	96848	0	102171
17873	2711	711	593	92701	0	96716
17874	1314	94907	987	4669	0	101877
17875	92876	3233	674	2498	0	99281
17876	3589	96769	918	1391	0	102667
17877	2450	3258	612	84668	0	90988
17878	1056	90359	767	3165	0	95347
17879	88266	3031	493	2151	0	93941
17880	88874	1990	534	1142	0	92540
17881	88812	896	543	989	0	91240
17882	4584	85215	971	832	0	91602
17883	1070	62471	398	393	0	64332
17884	60734	1879	242	443	0	63298
17885	1499	63823	382	436	0	66140
17886	1304	1684	352	59664	0	63004
17887	479	926	58993	1190	0	61588
17888	53638	290	993	829	0	55750
17889	57330	249	560	361	0	58500
17890	56444	329	156	301	0	57230
17891	1398	55998	243	348	0	57987
17892	53531	839	113	298	0	54781
17893	1031	603	56342	225	0	58201
17894	509	55527	746	245	0	57027
17895	226	1068	242	51052	0	52588
17896	128	52489	140	423	0	53180
17897	49301	362	312	299	0	50274
17898	317	51674	145	212	0	52348
17899	281	312	68	51681	0	52342
17900	147	52028	160	296	0	52631
17901	180	340	79	53407	0	54006
17902	151	212	62	52337	0	52762
17903	150	276	52663	438	0	53527
17904	188	93	295	50642	0	51218
17905	50591	89	203	440	0	51323
17906	50789	94	82	314	0	51279
17907	518	182	76	50971	0	51747
17908	316	226	50751	339	0	51632
17909	227	100	299	49938	0	50564
17910	49624	105	198	458	0	50385
17911	51155	100	97	411	0	51763
17912	51865	100	85	255	0	52305
17913	536	54978	170	139	0	55823
17914	55094	322	73	259	0	55748
17915	413	414	53886	129	0	54842
17916	57814	109	322	330	0	58575
17917	432	109	193	60940	0	61674
17918	329	120	85	61546	0	62080
17919	206	97	59	62158	0	62520
17920	60069	118	61	661	0	60909
17921	58657	103	66	386	0	59212
17922	598	97	62	59283	0	60040
17923	348	257	60432	427	0	61464
17924	261	99	326	60077	0	60763
17925	225	107	176	59199	0	59707
17926	219	285	59209	546	0	60259
17927	176	59645	432	382	0	60635
17928	194	355	188	60446	0	61183
17929	61431	229	84	504	0	62248
17930	449	129	77	61692	0	62347
17931	347	114	67	61959	0	62487
17932	61507	114	60	691	0	62372
17933	430	61509	172	342	0	62453
17934	277	61968	164	186	0	62595
17935	60696	456	59	247	0	61458
17936	416	413	60975	138	0	61942
17937	54830	135	328	359	0	55652
17938	448	324	66113	157	0	67042
17939	280	67292	452	221	0	68245
17940	67997	322	202	242	0	68763
17941	68013	233	94	255	0	68595
17942	68197	122	54	254	0	68627
17943	68189	96	90	275	0	68650
17944	601	368	67873	104	0	68946
17945	340	89	305	65841	0	66575
17946	66657	81	208	494	0	67440
17947	440	335	71480	262	0	72517
17948	319	303	71715	156	0	72493
17949	179	72625	538	144	0	73486
17950	73041	277	308	233	0	73859
17951	360	187	86	72635	0	73268
17952	74164	75	58	481	0	74778
17953	346	75915	237	323	0	76821
17954	344	336	50	81377	0	82107
17955	243	211	68	81784	0	82306
17956	202	86	77	83724	0	84089
17957	189	377	84338	819	0	85723
17958	119	84391	707	507	0	85724
17959	88686	558	345	324	0	89913
17960	828	428	93	89164	0	90513
17961	88853	120	91	952	0	90016
17962	88019	91	84	596	0	88790
17963	1227	81	71	88688	0	90067
17964	588	374	89658	800	0	91420
17965	296	67	725	88326	0	89414
17966	155	90353	646	806	0	91960
17967	226	700	141	91902	0	92969
17968	174	709	90733	840	0	92456
17969	87457	123	768	673	0	89021
17970	859	88	444	92727	0	94118
17971	90924	72	166	993	0	92155
17972	901	376	90290	725	0	92292
17973	82841	114	791	496	0	84242
17974	917	351	90663	186	0	92117
17975	82668	106	817	434	0	84025
17976	844	89195	642	215	0	90896
17977	528	92181	355	203	0	93267
17978	329	1136	109	92445	0	94019
17979	307	593	164	87480	0	88544
17980	307	168	107	92954	0	93536
17981	92028	117	107	1385	0	93637
17982	874	120	115	93351	0	94460
17983	562	376	92265	951	0	94154
17984	84482	135	790	839	0	86246
17985	827	92738	668	420	0	94653
17986	94199	763	201	403	0	95566
17987	91664	486	173	420	0	92743
17988	1358	414	94516	249	0	96537
17989	848	151	886	91872	0	93757
17990	428	125	556	99632	0	100741
17991	330	647	102423	1465	0	104865
17992	242	102414	1207	814	0	104677
17993	99840	968	641	533	0	101982
17994	100226	610	220	490	0	101546
17995	1666	238	184	101983	0	104071
17996	938	181	206	102883	0	104208
17997	435	148	183	109105	0	109871
17998	105869	129	186	2177	0	108361
17999	1363	110617	469	1031	0	113480
18000	112284	1303	255	675	0	114517
18001	110913	789	215	583	0	112500
18002	2267	600	117548	383	0	120798
18003	1243	239	1648	112336	0	115466
18004	493	120546	1237	1729	0	124005
18005	569	1724	350	122640	0	125283
18006	574	1082	225	126989	0	128870
18007	419	658	131622	2822	0	135521
18008	132860	233	2112	1690	0	136895
18009	149053	234	1247	815	0	151349
18010	154842	231	423	715	0	156211
18011	4489	241	317	152032	0	157079
18012	2180	307	307	143964	0	146758
18013	741	148670	627	4100	0	154138
18014	518	154417	666	1916	0	157517
18015	150244	4185	350	916	0	155695
18016	3219	147849	684	662	0	152414
18017	1895	3447	147120	579	0	153041
18018	925	1692	3051	148613	0	154281
18019	151127	480	1763	3481	0	156851
18020	3505	728	149399	1892	0	155524
18021	2114	723	148640	811	0	152288
18022	149653	351	4567	867	0	155438
18023	152586	382	1991	778	0	155737
18024	5087	370	576	149708	0	155741
18025	2350	724	150014	3413	0	156501
18026	1217	399	3198	149875	0	154689
18027	973	779	147142	3716	0	152610
18028	988	697	152389	2126	0	156200
18029	808	153181	4863	1416	0	160268
18030	154033	3113	2097	947	0	160190
18031	153938	1809	781	1025	0	157553
18032	4967	152650	889	773	0	159279
18033	2619	3440	547	150914	0	157520
18034	1406	1948	562	154368	0	158284
18035	1187	651	581	157550	0	159969
18036	153050	505	595	5378	0	159528
18037	3648	152919	892	2613	0	160072
18038	150191	3275	624	1196	0	155286
18039	149648	1972	663	1104	0	153387
18040	5414	1157	145099	1104	0	152774
18041	2643	145757	3650	958	0	153008
18042	1427	3431	2033	145592	0	152483
18043	1141	2375	148336	3499	0	155351
18044	142854	804	3567	2435	0	149660
18045	150519	522	2158	1282	0	154481
18046	151755	535	867	1171	0	154328
18047	148399	527	794	1076	0	150796
18048	5746	530	687	142574	0	149537
18049	2975	882	141880	3639	0	149376
18050	1664	567	3456	142457	0	148144
18051	142040	568	2074	4043	0	148725
18052	141870	516	898	2600	0	145884
18053	5106	138707	1092	1246	0	146151
18054	136296	3051	711	1054	0	141112
18055	4082	2158	135520	852	0	142612
18056	2600	1010	135636	771	0	140017
18057	128194	575	4589	984	0	134342
18058	3864	133384	2374	980	0	140602
18059	2663	2918	891	123214	0	129686
18060	1288	130684	961	2966	0	135899
18061	1351	3077	575	130084	0	135087
18062	1338	1851	597	131864	0	135650
18063	1333	789	587	136743	0	139452
18064	132861	661	639	4803	0	138964
18065	136021	686	682	2288	0	139677
18066	135456	606	765	1129	0	137956
18067	4998	1004	132196	912	0	139110
18068	130416	572	3277	946	0	135211
18069	4185	558	1997	136567	0	143307
18070	2902	488	976	144798	0	149164
18071	1577	846	143243	4956	0	150622
18072	1566	556	3642	154700	0	160464
18073	159725	490	2195	4641	0	167051
18074	4724	863	158921	2645	0	167153
18075	3244	563	4151	158420	0	166378
18076	160462	481	2506	4435	0	167884
18077	160413	538	1112	2817	0	164880
18078	6463	918	159989	1150	0	168520
18079	3413	996	163638	1009	0	169056
18080	2040	674	5840	162705	0	171259
18081	166943	598	2737	4715	0	174993
18082	170208	634	1020	2927	0	174789
18083	6831	791	847	155397	0	163866
18084	3394	166466	1162	4729	0	175751
18085	166438	4027	860	2772	0	174097
18086	4884	170187	1356	1399	0	177826
18087	3489	4204	796	168494	0	176983
18088	1857	2511	166613	4539	0	175520
18089	1575	1067	164237	2719	0	169598
18090	1559	887	167352	1177	0	170975
18091	1652	512	6220	155965	0	164349
18092	1724	449	2821	160732	0	165726
18093	158439	407	1177	6150	0	166173
18094	4721	158011	1361	3136	0	167229
18095	157860	3736	887	1433	0	163916
18096	5364	2130	917	140338	0	148749
18097	2904	149414	1168	3810	0	157296
18098	1530	155919	1315	2352	0	161116
18099	1617	5428	733	149753	0	157531
18100	148553	2195	768	4238	0	155754
18101	4434	149969	1044	2630	0	158077
18102	140467	3488	711	1230	0	145896
18103	4120	144108	1090	995	0	150313
18104	140953	3543	1125	1004	0	146625
18105	4336	2110	137886	816	0	145148
18106	2589	1030	135934	764	0	140317
18107	1218	130166	4661	727	0	136772
18108	116867	3016	3095	760	0	123738
18109	2696	113282	910	591	0	117479
18110	1406	106854	785	569	0	109614
18111	1404	3036	456	106002	0	110898
18112	105813	1266	541	2377	0	109997
18113	2377	107629	638	1318	0	111962
18114	105043	2135	464	664	0	108306
18115	2332	105581	596	793	0	109302
18116	102155	2147	361	566	0	105229
18117	2288	102953	614	878	0	106733
18118	1226	104256	490	585	0	106557
18119	1329	2723	411	95354	0	99817
18120	497	103137	517	1749	0	105900
18121	98956	2058	396	1165	0	102575
18122	2051	1435	100394	515	0	104395
18123	1622	533	1917	99233	0	103305
18124	648	764	102285	2182	0	105879
18125	657	403	2139	99885	0	103084
18126	677	424	1123	102963	0	105187
18127	628	645	96183	2821	0	100277
18128	83219	448	2041	1773	0	87481
18129	2245	93567	1441	886	0	98139
18130	95215	2019	617	745	0	98596
18131	2408	95685	703	634	0	99430
18132	1528	2253	459	94678	0	98918
18133	95095	1219	502	2199	0	99015
18134	95794	686	594	1354	0	98428
18135	97250	574	532	826	0	99182
18136	3326	600	474	93966	0	98366
18137	1979	634	440	91742	0	94795
18138	1083	96905	651	2545	0	101184
18139	97813	2149	481	1521	0	101964
18140	99625	1388	526	825	0	102364
18141	99682	780	618	723	0	101803
18142	98565	683	611	762	0	100621
18143	3146	94385	854	640	0	99025
18144	1754	2184	621	94898	0	99457
18145	1007	1644	94011	2135	0	98797
18146	89758	867	2033	1441	0	94099
18147	97006	754	1081	941	0	99782
18148	3210	1001	94779	620	0	99610
18149	1857	1058	95410	610	0	98935
18150	1176	919	2729	92571	0	97395
18151	977	952	1304	97704	0	100937
18152	897	818	641	99788	0	102144
18153	96767	827	543	3315	0	101452
18154	2640	791	505	98789	0	102725
18155	1585	965	94817	2639	0	100006
18156	1119	768	2157	96997	0	101041
18157	889	927	98196	2598	0	102610
18158	1041	729	2389	95675	0	99834
18159	1051	737	1316	105735	0	108839
18160	892	948	107373	3365	0	112578
18161	96989	794	2653	2005	0	102441
18162	2970	108604	1813	1025	0	114412
18163	109584	2966	531	735	0	113816
18164	3414	1821	345	112659	0	118239
18165	110930	1005	389	3139	0	115463
18166	3430	121311	607	1808	0	127156
18167	1981	127862	622	887	0	131352
18168	1221	5254	446	125991	0	132912
18169	918	2548	129768	3338	0	136572
18170	858	1058	123348	1696	0	126960
18171	695	123036	4724	793	0	129248
18172	106082	2714	1661	742	0	111199
18173	2623	1473	523	105971	0	110590
18174	105083	494	339	2709	0	108625
18175	2690	104977	539	1579	0	109785
18176	1533	108675	425	598	0	111231
18177	734	4110	182	105363	0	110389
18178	105894	1825	216	2653	0	110588
18179	106544	586	239	1587	0	108956
18180	3925	676	103971	529	0	109101
18181	1914	540	100604	393	0	103451
18182	96776	289	3553	720	0	101338
18183	2622	100905	1745	463	0	105735
18184	99937	2443	519	377	0	103276
18185	3212	1467	319	97617	0	102615
18186	1585	837	94568	2459	0	99449
18187	87971	376	2433	1594	0	92374
18188	2416	93155	1647	607	0	97825
18189	1403	95572	729	419	0	98123
18190	877	3581	375	92231	0	97064
18191	93818	1589	347	2447	0	98201
18192	2592	596	354	94735	0	98277
18193	96762	464	357	2760	0	100343
18194	2824	691	93765	1489	0	98769
18195	94559	512	2134	756	0	97961
18196	98428	398	1198	645	0	100669
18197	3869	594	94662	496	0	99621
18198	89984	383	2323	537	0	93227
18199	2807	92084	1626	541	0	97058
18200	1942	2283	656	87018	0	91899
18201	947	93639	588	2076	0	97250
18202	93455	2518	456	1297	0	97726
18203	2785	1499	451	89118	0	93853
18204	1700	90527	618	2340	0	95185
18205	994	2451	444	88974	0	92863
18206	728	91174	564	2708	0	95174
18207	774	2635	335	92211	0	95955
18208	91120	1612	348	2758	0	95838
18209	2719	742	329	91769	0	95559
18210	1810	762	89868	2772	0	95212
18211	87223	593	2288	1827	0	91931
18212	2794	549	1400	90209	0	94952
18213	1858	671	88193	2610	0	93332
18214	1346	594	86495	1775	0	90210
18215	980	619	90980	919	0	93498
18216	1054	476	3777	86550	0	91857
18217	1025	484	1904	89844	0	93257
18218	948	581	939	90063	0	92531
18219	921	594	748	91287	0	93550
18220	88831	603	650	3986	0	94070
18221	90699	583	574	2183	0	94039
18222	91941	632	495	1226	0	94294
18223	92945	694	478	1017	0	95134
18224	4345	634	438	89565	0	94982
18225	2340	883	92247	2883	0	98353
18226	91488	679	2352	2051	0	96570
18227	96351	688	1518	1158	0	99715
18228	4299	717	719	93566	0	99301
18229	2514	565	649	96746	0	100474
18230	96562	575	677	4025	0	101839
18231	3388	556	694	91536	0	96174
18232	2153	93180	1027	2994	0	99354
18233	94858	2533	778	2059	0	100228
18234	94850	1666	698	1321	0	98535
18235	4273	965	97002	1020	0	103260
18236	2463	680	2763	96158	0	102064
18237	1442	631	1842	99611	0	103526
18238	97901	593	896	4223	0	103613
18239	98821	645	707	2380	0	102553
18240	4712	571	519	97790	0	103592
18241	2725	706	97461	3269	0	104161
18242	1660	761	98984	2238	0	103643
18243	1539	458	3805	98320	0	104122
18244	1531	599	1963	100840	0	104933
18245	97964	480	929	4187	0	103560
18246	3427	96705	986	2403	0	103521
18247	2377	97191	935	1301	0	101804
18248	1407	102205	931	1041	0	105584
18249	1338	3727	724	98260	0	104049
18250	98123	1818	674	3046	0	103661
18251	97681	860	432	2160	0	101133
18252	4170	97267	687	1343	0	103467
18253	98224	2510	400	1082	0	102216
18254	3374	1556	424	96157	0	101511
18255	2181	924	96363	2853	0	102321
18256	1478	577	2277	93836	0	98168
18257	1379	505	1435	96165	0	99484
18258	1492	453	630	96303	0	98878
18259	88034	286	511	3821	0	92652
18260	2585	510	497	81762	0	85354
18261	1644	81755	667	2592	0	86658
18262	78377	1608	880	1735	0	82600
18263	2072	78106	623	986	0	81787
18264	1190	72803	511	685	0	75189
18265	792	75318	509	644	0	77263
18266	566	1394	62040	432	0	64432
18267	282	59894	1017	353	0	61546
18268	329	713	53201	380	0	54623
18269	46672	211	404	261	0	47548
18270	49906	79	276	249	0	50510
18271	629	197	52381	138	0	53345
18272	49763	91	373	317	0	50544
18273	54748	70	223	283	0	55324
18274	647	219	56070	186	0	57122
18275	317	58514	475	172	0	59478
18276	230	481	211	58245	0	59167
18277	60562	238	255	583	0	61638
18278	509	89	85	59372	0	60055
18279	63344	102	105	652	0	64203
18280	62118	110	105	419	0	62752
18281	607	263	62600	215	0	63685
18282	60086	120	360	313	0	60879
18283	475	64267	307	203	0	65252
18284	65025	409	92	272	0	65798
18285	559	275	61	65340	0	66235
18286	407	288	65934	462	0	67091
18287	254	116	405	64813	0	65588
18288	64661	124	269	606	0	65660
18289	478	65375	218	507	0	66578
18290	389	624	64919	242	0	66174
18291	302	282	423	61828	0	62835
18292	238	354	65937	536	0	67065
18293	190	67082	563	400	0	68235
18294	66151	427	254	321	0	67153
18295	569	288	122	66321	0	67300
18296	401	313	66655	521	0	67890
18297	277	335	63318	381	0	64311
18298	64817	172	623	350	0	65962
18299	597	209	297	68686	0	69789
18300	475	247	151	69032	0	69905
18301	298	320	69878	715	0	71211
18302	313	413	68659	408	0	69793
18303	244	72736	812	334	0	74126
18304	325	512	364	73364	0	74565
18305	336	360	203	72264	0	73163
18306	260	73011	297	938	0	74506
18307	300	695	71801	413	0	73209
18308	65161	392	557	358	0	66468
18309	668	187	368	73895	0	75118
18310	450	390	75077	645	0	76562
18311	345	198	549	71009	0	72101
18312	386	75310	503	626	0	76825
18313	322	741	74707	388	0	76158
18314	66859	443	645	420	0	68367
18315	678	437	76329	257	0	77701
18316	503	374	74347	220	0	75444
18317	301	334	73823	213	0	74671
18318	270	348	79978	178	0	80774
18319	344	181	987	76989	0	78501
18320	341	327	85160	845	0	86673
18321	346	206	984	80171	0	81707
18322	193	84814	678	896	0	86581
18323	89330	806	323	623	0	91082
18324	1120	497	154	90029	0	91800
18325	662	391	87982	1108	0	90143
18326	239	88265	1216	799	0	90519
18327	273	958	570	88549	0	90350
18328	88084	565	378	1190	0	90217
18329	970	89758	357	596	0	91681
18330	665	1091	167	90032	0	91955
18331	91235	529	181	1126	0	93071
18332	1063	376	90982	607	0	93028
18333	87822	134	1030	390	0	89376
18334	1092	305	92850	150	0	94397
18335	85015	103	1036	240	0	86394
18336	87229	74	607	267	0	88177
18337	1365	244	87330	142	0	89081
18338	551	86337	1011	211	0	88110
18339	345	996	718	83338	0	85397
18340	156	652	87051	851	0	88710
18341	220	138	975	81658	0	82991
18342	197	382	511	84812	0	85902
18343	134	343	85817	1270	0	87564
18344	157	283	85392	581	0	86413
18345	193	77	1323	84474	0	86067
18346	87051	78	586	1021	0	88736
18347	881	86688	345	792	0	88706
18348	521	87042	261	274	0	88098
18349	87000	1288	129	316	0	88733
18350	89267	575	153	387	0	90382
18351	1584	168	161	89393	0	91306
18352	724	113	132	90998	0	91967
18353	285	104	168	92411	0	92968
18354	89166	95	145	1591	0	90997
18355	917	87982	325	743	0	89967
18356	574	90263	297	276	0	91410
18357	291	1282	176	89513	0	91262
18358	249	588	195	91421	0	92453
18359	259	269	179	92121	0	92828
18360	90725	114	184	1707	0	92730
18361	1011	92792	390	910	0	95103
18362	93736	1032	214	431	0	95413
18363	1249	805	93529	279	0	95862
18364	746	95096	1302	269	0	97413
18365	353	1202	752	93450	0	95757
18366	92868	709	291	1405	0	95273
18367	1306	453	93728	794	0	96281
18368	846	387	94044	334	0	95611
18369	441	189	1947	91031	0	93608
18370	372	179	863	94462	0	95876
18371	340	193	292	93993	0	94818
18372	354	194	221	90586	0	91355
18373	341	208	236	89493	0	90278
18374	241	87432	351	2058	0	90082
18375	376	1240	202	87800	0	89618
18376	86047	736	228	1664	0	88675
18377	1284	86306	395	1032	0	89017
18378	85105	1299	259	616	0	87279
18379	1514	955	82805	376	0	85650
18380	939	536	84644	393	0	86512
18381	530	279	1977	89376	0	92162
18382	419	479	115939	1754	0	118591
18383	479	281	2608	114034	0	117402
18384	533	255	1550	115289	0	117627
18385	117228	242	614	3982	0	122066
18386	114706	258	408	2125	0	117497
18387	3928	119188	598	809	0	124523
18388	1859	124329	546	593	0	127327
18389	827	4128	322	121525	0	126802
18390	121768	1976	328	3186	0	127258
18391	2905	911	123880	1914	0	129610
18392	1946	355	2934	123119	0	128354
18393	860	282	1790	124490	0	127422
18394	456	592	121285	4649	0	126982
18395	419	120717	3219	2486	0	126841
18396	555	2906	1812	120013	0	125286
18397	532	1975	121921	3287	0	127715
18398	559	589	3003	120788	0	124939
18399	113220	385	1845	3660	0	119110
18400	2819	116401	1021	2299	0	122540
18401	1716	119441	751	1018	0	122926
18402	863	4338	490	116189	0	121880
18403	112494	2005	483	3539	0	118521
18404	2893	114341	822	2376	0	120432
18405	115895	2978	539	1457	0	120869
18406	3463	2008	114778	1251	0	121500
18407	2251	1002	118073	1101	0	122427
18408	1294	683	4731	108628	0	115336
18409	1054	648	2195	119198	0	123095
18410	116386	702	855	4992	0	122935
18411	3889	764	576	116552	0	121781
18412	2414	1121	115474	3964	0	122973
18413	1278	951	3225	113371	0	118825
18414	1113	799	2073	118287	0	122272
18415	906	843	113617	5362	0	120728
18416	106067	670	3571	3246	0	113554
18417	3377	713	2292	114365	0	120747
18418	109180	605	1102	4238	0	115125
18419	3218	105378	1272	2728	0	112596
18420	103744	3087	908	1720	0	109459
18421	3090	103956	958	1565	0	109569
18422	1924	105438	1094	1474	0	109930
18423	1386	4323	765	96956	0	103430
18424	98624	2299	720	3394	0	105037
18425	99641	1285	660	2326	0	103912
18426	4135	1121	768	97081	0	103105
18427	97940	845	669	3571	0	103025
18428	97938	800	690	2580	0	102008
18429	4604	910	775	96633	0	102922
18430	91971	858	799	3458	0	97086
18431	3436	93726	1147	2538	0	100847
18432	94265	2963	1041	1659	0	99928
18433	3431	2122	92882	1718	0	100153
18434	95878	801	3012	1973	0	101664
18435	3682	535	2175	96260	0	102652
18436	2415	505	1292	99407	0	103619
18437	1449	511	1151	100667	0	103778
18438	1294	595	1062	100572	0	103523
18439	1150	771	983	96808	0	99712
18440	1218	91381	1313	5217	0	99129
18441	1291	97068	1229	3130	0	102718
18442	95117	3967	793	2118	0	101995
18443	3535	2579	94385	1630	0	102129
18444	90073	4497	2858	1520	0	98948
18445	3802	1584	95718	1568	0	102672
18446	2844	1294	3007	92639	0	99784
18447	2051	1320	1769	97527	0	102667
18448	93575	1123	844	4817	0	100359
18449	4121	1171	94793	2848	0	102933
18450	3355	1102	2829	94516	0	101802
18451	2171	1128	97671	3914	0	104884
18452	2065	98915	3360	2948	0	107288
18453	2275	3069	1945	100057	0	107346
18454	100756	2010	924	4186	0	107876
18455	99505	1134	865	3128	0	104632
18456	100339	983	977	2094	0	104393
18457	5257	99067	1209	1968	0	107501
18458	2944	102539	1270	2051	0	108804
18459	88242	4180	1110	2275	0	95807
18460	3430	100518	1072	2350	0	107370
18461	2344	99602	1036	2552	0	105534
18462	1651	4257	96796	2191	0	104895
18463	1292	96410	2979	2176	0	102857
18464	1286	97840	2024	1841	0	102991
18465	1569	4389	978	95174	0	102110
18466	1442	2801	96183	3479	0	103905
18467	1588	1506	95546	2505	0	101145
18468	90282	902	4188	1825	0	97197
18469	3803	1037	96554	1533	0	102927
18470	97065	802	3334	1639	0	102840
18471	3934	837	2251	92285	0	99307
18472	2912	96812	1466	3767	0	104957
18473	100088	2759	1066	2758	0	106671
18474	104839	2011	1073	1970	0	109893
18475	4845	957	1046	102840	0	109688
18476	3252	861	1030	103789	0	108932
18477	2241	862	948	105368	0	109419
18478	101308	766	738	5103	0	107915
18479	98066	808	668	3101	0	102643
18480	101311	979	585	1776	0	104651
18481	4534	91058	682	1404	0	97678
18482	66505	1258	459	658	0	68880
18483	1633	65934	386	503	0	68456
18484	1049	65933	341	512	0	67835
18485	1027	2124	408	59431	0	62990
18486	393	61695	295	1019	0	63402
18487	58421	941	276	667	0	60305
18488	1192	647	292	58240	0	60371
18489	56130	249	135	940	0	57454
18490	888	55599	237	514	0	57238
18491	542	58480	229	253	0	59504
18492	59549	1080	141	316	0	61086
18493	955	62453	296	321	0	64025
18494	731	869	146	64436	0	66182
18495	422	536	165	65649	0	66772
18496	64420	236	146	1420	0	66222
18497	1113	214	134	65269	0	66730
18498	721	447	66157	1019	0	68344
18499	398	228	942	66554	0	68122
18500	66749	249	558	1290	0	68846
18501	1109	68952	405	704	0	71170
18502	72847	1130	123	469	0	74569
18503	71372	705	167	436	0	72680
18504	73545	314	131	400	0	74390
18505	1800	447	72003	261	0	74511
18506	877	430	70362	221	0	71890
18507	65877	237	1455	312	0	67881
18508	1101	70791	839	264	0	72995
18509	760	1116	225	71322	0	73423
18510	385	734	167	70376	0	71662
18511	264	69108	314	1474	0	71160
18512	294	71062	328	791	0	72475
18513	359	1543	175	71290	0	73367
18514	339	736	177	72028	0	73280
18515	315	457	69300	1605	0	71677
18516	382	415	66185	822	0	67804
18517	66111	224	1573	438	0	68346
18518	71525	220	707	387	0	72839
18519	1765	229	267	70765	0	73026
18520	928	439	70699	1179	0	73245
18521	520	242	1051	70422	0	72235
18522	69344	239	639	1376	0	71598
18523	1340	411	70010	814	0	72575
18524	944	224	1045	69883	0	72096
18525	464	390	71197	1129	0	73180
18526	388	69583	1236	865	0	72072
18527	438	1259	70266	383	0	72346
18528	528	1105	1127	68043	0	70803
18529	69843	302	654	1160	0	71959
18530	1245	274	277	71657	0	73453
18531	72909	256	193	1359	0	74717
18532	73507	248	196	919	0	74870
18533	72361	288	170	575	0	73394
18534	1771	417	70120	353	0	72661
18535	71002	251	1041	438	0	72732
18536	1387	228	675	72562	0	74852
18537	953	186	292	73539	0	74970
18538	489	375	72445	1643	0	74952
18539	494	251	1069	73189	0	75003
18540	74510	239	683	1382	0	76814
18541	1193	75935	438	1130	0	78696
18542	78659	1056	218	591	0	80524
18543	79602	675	229	567	0	81073
18544	80783	289	217	509	0	81798
18545	1979	246	219	79547	0	81991
18546	1026	425	80573	1438	0	83462
18547	566	201	1253	80689	0	82709
18548	511	207	783	82508	0	84009
18549	81550	211	357	2082	0	84200
18550	78178	212	284	1154	0	79828
18551	1977	407	77148	452	0	79984
18552	1084	167	1232	78065	0	80548
18553	506	351	80264	1589	0	82710
18554	79885	189	1629	1045	0	82748
18555	1826	90002	1132	502	0	93462
18556	90610	1584	474	490	0	93158
18557	2096	94357	500	379	0	97332
18558	93571	1810	452	527	0	96360
18559	2003	94977	482	385	0	97847
18560	1395	1885	280	93305	0	96865
18561	700	1021	238	96957	0	98916
18562	97047	320	231	2858	0	100456
18563	97702	194	231	1440	0	99567
18564	98514	180	236	665	0	99595
18565	95988	182	263	522	0	96955
18566	97538	187	229	476	0	98430
18567	3232	237	256	92814	0	96539
18568	1477	93992	423	1940	0	97832
18569	876	1761	235	91744	0	94616
18570	529	93764	436	2041	0	96770
18571	676	1874	207	90545	0	93302
18572	521	92859	405	1990	0	95775
18573	658	1849	205	92257	0	94969
18574	544	1213	87955	2076	0	91788
18575	80951	332	1828	1430	0	84541
18576	2097	88381	1217	572	0	92267
18577	89013	1795	335	520	0	91663
18578	2286	1219	87973	409	0	91887
18579	84776	409	1859	554	0	87598
18580	2304	529	92915	418	0	96166
18581	1505	283	2075	90181	0	94044
18582	674	97562	1358	2048	0	101642
18583	635	2392	98726	1258	0	103011
18584	693	1267	2241	98896	0	103097
18585	94995	449	1344	2567	0	99355
18586	2643	297	447	101312	0	104699
18587	1797	271	312	102362	0	104742
18588	928	255	274	104080	0	105537
18589	676	443	99968	3714	0	104801
18590	740	279	2243	96937	0	100199
18591	570	96811	1566	2553	0	101500
18592	750	2117	546	97156	0	100569
18593	724	1540	263	97863	0	100390
18594	94096	435	250	3427	0	98208
18595	2607	361	204	96896	0	100068
18596	1653	443	97312	2665	0	102073
18597	762	491	97067	1610	0	99930
18598	623	423	97542	748	0	99336
18599	498	95342	3818	663	0	100321
18600	93496	2233	2167	645	0	98541
18601	2367	94361	744	566	0	98038
18602	92442	2369	473	761	0	96045
18603	2791	1328	349	90599	0	95067
18604	1623	733	93266	2351	0	97973
18605	856	547	92491	1813	0	95707
18606	621	95141	3511	906	0	100179
18607	817	2429	1552	94195	0	98993
18608	642	1445	580	97241	0	99908
18609	623	663	410	99112	0	100808
18610	545	610	96227	3872	0	101254
18611	86013	468	2444	2205	0	91130
18612	2872	587	97578	962	0	101999
18613	1857	396	2638	93695	0	98586
18614	1000	375	1527	98343	0	101245
18615	702	526	95944	3941	0	101113
18616	87677	365	2666	2276	0	92984
18617	2624	95842	1876	1156	0	101498
18618	96875	2479	736	923	0	101013
18619	2969	1547	601	92355	0	97472
18620	1711	95916	762	2820	0	101209
18621	986	2526	571	97420	0	101503
18622	96201	1566	580	3224	0	101571
18623	2870	636	610	97061	0	101177
18624	1752	743	94697	3167	0	100359
18625	91518	553	2638	2154	0	96863
18626	95582	507	1661	1315	0	99065
18627	3906	664	93774	971	0	99315
18628	2147	505	2632	92991	0	98275
18629	95653	447	1701	3148	0	100949
18630	3007	478	876	94401	0	98762
18631	1958	424	730	93685	0	96797
18632	1101	445	733	94572	0	96851
18633	918	453	725	94592	0	96688
18634	748	661	91044	4358	0	96811
18635	811	529	2781	91271	0	95392
18636	691	642	91301	3427	0	96061
18637	87105	506	2986	2382	0	92979
18638	91666	519	1837	1448	0	95470
18639	91758	538	960	1251	0	94507
18640	91401	497	774	1230	0	93902
18641	4266	505	792	86529	0	92092
18642	85881	399	804	3259	0	90343
18643	3017	522	84518	2193	0	90250
18644	1939	561	84423	1206	0	88129
18645	77441	369	3718	1080	0	82608
18646	2575	78961	2211	1069	0	84816
18647	1754	80171	1108	1042	0	84075
18648	1056	2970	798	78995	0	83819
18649	902	1565	78803	2727	0	83997
18650	72174	595	2625	2154	0	77548
18651	2558	581	79884	1233	0	84256
18652	1582	74137	2387	1172	0	79278
18653	900	2136	74266	1018	0	78320
18654	682	68372	2088	894	0	72036
18655	61031	1817	1736	870	0	65454
18656	1732	61417	918	801	0	64868
18657	1111	57730	637	838	0	60316
18658	803	1834	582	56932	0	60151
18659	668	1007	56480	1753	0	59908
18660	825	453	1495	54224	0	56997
18661	711	280	1057	56165	0	58213
18662	621	386	54766	2306	0	58079
18663	738	282	1591	51432	0	54043
18664	685	52896	1186	1672	0	56439
18665	731	1284	662	54796	0	57473
18666	54643	820	536	1848	0	57847
18667	1746	349	536	55304	0	57935
18668	1235	425	54864	1816	0	58340
18669	845	298	1514	55373	0	58030
18670	627	442	54938	1823	0	57830
18671	52827	334	1601	1307	0	56069
18672	1696	303	1137	55002	0	58138
18673	55492	348	634	1765	0	58239
18674	1734	441	55600	1262	0	59037
18675	50285	365	1571	825	0	53046
18676	1746	55961	1243	646	0	59596
18677	1254	1383	56164	657	0	59458
18678	833	849	1561	55103	0	58346
18679	650	488	57617	1601	0	60356
18680	531	53622	1541	1223	0	56917
18681	505	56106	1126	616	0	58353
18682	48224	1451	550	505	0	50730
18683	1076	50149	529	445	0	52199
18684	50026	1114	393	445	0	51978
18685	1229	697	351	50485	0	52762
18686	815	445	50365	1172	0	52797
18687	415	51887	1223	819	0	54344
18688	543	1345	742	51240	0	53870
18689	452	686	364	55014	0	56516
18690	434	333	284	56414	0	57465
18691	435	245	310	54189	0	55179
18692	358	52644	457	1796	0	55255
18693	291	53919	470	884	0	55564
18694	50647	1328	283	432	0	52690
18695	981	51554	401	369	0	53305
18696	638	888	237	49969	0	51732
18697	305	688	50024	999	0	52016
18698	208	50262	1013	706	0	52189
18699	275	969	574	49151	0	50969
18700	297	845	233	48181	0	49556
18701	165	50159	311	1324	0	51959
18702	48261	962	187	715	0	50125
18703	944	732	49231	275	0	51182
18704	42597	212	783	280	0	43872
18705	834	46807	609	188	0	48438
18706	44061	830	126	182	0	45199
18707	824	46962	178	154	0	48118
18708	575	925	120	49862	0	51482
18709	237	601	107	51168	0	52113
18710	49355	220	276	1519	0	51370
18711	978	241	88	50403	0	51710
18712	681	296	49937	1035	0	51949
18713	187	48209	958	711	0	50065
18714	129	50143	654	281	0	51207
18715	199	1425	157	49479	0	51260
18716	169	819	49992	1025	0	52005
18717	180	265	853	48783	0	50081
18718	174	219	562	50424	0	51379
18719	119	354	49057	1469	0	50999
18720	186	353	47969	791	0	49299
18721	141	49033	1402	343	0	50919
18722	49187	948	658	296	0	51089
18723	939	753	189	47101	0	48982
18724	594	47992	272	955	0	49813
18725	49954	986	168	778	0	51886
18726	932	751	146	50050	0	51879
18727	673	289	110	50267	0	51339
18728	232	49625	225	1569	0	51651
18729	267	1047	155	49576	0	51045
18730	49585	744	173	1194	0	51696
18731	1080	358	171	50118	0	51727
18732	755	345	163	50858	0	52121
18733	300	451	49251	1594	0	51596
18734	235	464	46788	925	0	48412
18735	47647	303	1404	554	0	49908
18736	1023	339	655	48581	0	50598
18737	721	290	254	49156	0	50421
18738	339	287	230	50022	0	50878
18739	250	439	48270	1695	0	50654
18740	46561	333	1033	960	0	48887
18741	1062	355	727	47857	0	50001
18742	748	393	280	48839	0	50260
18743	46971	335	263	1756	0	49325
18744	1000	47122	403	1121	0	49646
18745	772	1121	47035	637	0	49565
18746	401	825	1046	44741	0	47013
18747	334	46816	851	1355	0	49356
18748	427	1074	332	47749	0	49582
18749	46696	876	292	1386	0	49250
18750	1138	479	249	46698	0	48564
18751	45992	408	272	1463	0	48135
18752	44991	392	276	1136	0	46795
18753	1627	387	266	42636	0	44916
18754	835	42835	397	1410	0	45477
18755	360	44688	404	1162	0	46614
18756	463	1624	43496	693	0	46276
18757	384	874	1133	41452	0	43843
18758	443	382	826	44367	0	46018
18759	421	352	336	45762	0	46871
18760	43988	339	308	2031	0	46666
18761	1216	311	315	44853	0	46695
18762	898	449	43778	1518	0	46643
18763	42873	303	1038	1347	0	45561
18764	1203	301	766	45805	0	48075
18765	875	348	363	47523	0	49109
18766	405	448	46491	2036	0	49380
18767	43680	327	1068	1358	0	46433
18768	1222	312	791	46932	0	49257
18769	877	458	48108	1591	0	51034
18770	539	317	1121	47737	0	49714
18771	595	272	898	42417	0	44182
18772	416	48638	585	1788	0	51427
18773	48195	1062	370	1212	0	50839
18774	47807	759	349	891	0	49806
18775	1576	47583	459	854	0	50472
18776	46715	998	322	857	0	48892
18777	46060	684	311	798	0	47853
18778	1679	289	271	46129	0	48368
18779	963	350	43957	1410	0	46680
18780	464	331	42074	1088	0	43957
18781	373	338	41977	702	0	43390
18782	325	333	43827	696	0	45181
18783	450	433	1390	40983	0	43256
18784	325	206	747	43258	0	44536
18785	371	177	301	43061	0	43910
18786	467	162	210	43957	0	44796
18787	41867	120	282	1711	0	43980
18788	1031	42599	399	1011	0	45040
18789	41970	701	277	571	0	43519
18790	959	551	41352	486	0	43348
18791	684	287	44390	482	0	45843
18792	382	374	1203	44660	0	46619
18793	45413	139	937	1216	0	47705
18794	41585	152	282	896	0	42915
18795	1268	44739	318	490	0	46815
18796	606	44828	258	398	0	46090
18797	299	1021	319	44999	0	46638
18798	44686	474	174	959	0	46293
18799	778	45393	256	648	0	47075
18800	45649	663	140	379	0	46831
18801	45512	448	165	369	0	46494
18802	45771	151	141	356	0	46419
18803	1098	225	46210	299	0	47832
18804	594	46418	728	477	0	48217
18805	45231	546	415	299	0	46491
18806	44804	376	175	298	0	45653
18807	955	43468	225	219	0	44867
18808	323	40544	149	92	0	41108
18809	40320	590	106	133	0	41149
18810	479	277	57	40327	0	41140
18811	343	223	40244	409	0	41219
18812	37850	104	404	345	0	38703
18813	480	88	241	40902	0	41711
18814	304	42844	171	430	0	43749
18815	177	440	53	43408	0	44078
18816	164	427	43969	494	0	45054
18817	192	116	419	43770	0	44497
18818	45740	73	283	610	0	46706
18819	557	85	92	46148	0	46882
18820	401	87	74	46443	0	47005
18821	166	225	48043	716	0	49150
18822	206	71	465	46000	0	46742
18823	132	48000	391	495	0	49018
18824	47846	470	111	393	0	48820
18825	45389	320	84	280	0	46073
18826	760	249	47331	327	0	48667
18827	427	211	445	44859	0	45942
18828	168	46693	376	467	0	47704
18829	163	48147	213	323	0	48846
18830	47252	635	77	216	0	48180
18831	552	327	81	47989	0	48949
18832	359	260	47834	492	0	48945
18833	210	263	47182	341	0	47996
18834	195	95	686	47894	0	48870
18835	47614	98	355	559	0	48626
18836	47800	116	135	431	0	48482
18837	819	98	115	49229	0	50261
18838	401	407	50049	569	0	51426
18839	169	50089	556	466	0	51280
18840	50228	460	340	288	0	51316
18841	537	50872	245	176	0	51830
18842	50788	498	110	243	0	51639
18843	622	355	99	50808	0	51884
18844	417	306	51165	515	0	52403
18845	245	133	502	50248	0	51128
18846	50171	135	341	636	0	51283
18847	577	285	50886	441	0	52189
18848	432	51571	586	226	0	52815
18849	277	485	350	51933	0	53045
18850	51965	343	154	643	0	53105
18851	603	295	52596	418	0	53912
18852	492	129	551	52543	0	53715
18853	307	128	370	54204	0	55009
18854	229	292	54073	810	0	55404
18855	304	146	566	52884	0	53900
18856	269	272	54205	633	0	55379
18857	51856	157	609	529	0	53151
18858	690	151	415	58517	0	59773
18859	508	299	62735	728	0	64270
18860	258	64990	868	526	0	66642
18861	66759	800	464	361	0	68384
18862	74224	493	187	372	0	75276
18863	1625	230	188	80868	0	82911
18864	730	85109	340	1441	0	87620
18865	85516	1559	197	871	0	88143
18866	1751	788	176	85227	0	87942
18867	944	455	85244	1630	0	88273
18868	80028	200	1587	1002	0	82817
18869	1672	82987	983	371	0	86013
18870	972	1547	285	83108	0	85912
18871	83500	802	208	1715	0	86225
18872	1720	475	82002	875	0	85072
18873	955	430	83363	321	0	85069
18874	513	198	2289	78577	0	81577
18875	336	419	84340	1624	0	86719
18876	408	205	1814	78923	0	81350
18877	246	82057	1110	1675	0	85088
18878	413	1592	347	84354	0	86706
18879	82665	798	273	1919	0	85655
18880	1697	392	83318	968	0	86375
18881	898	83534	1837	513	0	86782
18882	453	1585	818	81830	0	84686
18883	331	989	84496	1656	0	87472
18884	442	436	1601	77953	0	80432
18885	233	81772	1052	1618	0	84675
18886	231	84822	486	928	0	86467
18887	80428	2019	208	474	0	83129
18888	1464	84176	403	346	0	86389
18889	781	1670	80870	280	0	83601
18890	73129	712	1673	405	0	75919
18891	1411	465	81744	172	0	83792
18892	834	202	1516	75275	0	77827
18893	344	351	81550	1411	0	83656
18894	257	80026	1650	893	0	82826
18895	323	1342	770	79718	0	82153
18896	311	695	287	80686	0	81979
18897	315	252	234	79752	0	80553
18898	329	384	79005	2078	0	81796
18899	319	215	1461	77233	0	79228
18900	356	204	724	79961	0	81245
18901	77452	205	311	2191	0	80159
18902	77139	217	271	1089	0	78716
18903	2053	339	77379	452	0	80223
18904	875	75791	1693	366	0	78725
18905	424	1545	77137	333	0	79439
18906	423	738	1583	77042	0	79786
18907	316	504	79392	1558	0	81770
18908	365	218	1701	77315	0	79599
18909	363	219	889	80028	0	81499
18910	225	425	79145	2166	0	81961
18911	69160	229	1732	1261	0	72382
18912	1483	79711	1079	639	0	82912
18913	832	1496	413	79110	0	81851
18914	393	988	80377	1650	0	83408
18915	431	602	79063	926	0	81022
18916	73316	285	2123	630	0	76354
18917	1492	78652	1164	564	0	81872
18918	850	1459	421	78437	0	81167
18919	79780	746	367	1760	0	82653
18920	1643	329	399	80063	0	82434
18921	963	312	326	81130	0	82731
18922	409	532	80385	2322	0	83648
18923	75249	313	1686	1192	0	78440
18924	81228	307	923	639	0	83097
18925	2247	273	480	80965	0	83965
18926	80991	236	509	1821	0	83557
18927	1864	223	427	80279	0	82793
18928	959	78107	639	1874	0	81579
18929	483	82349	636	1045	0	84513
18930	469	2089	364	82703	0	85625
18931	80723	946	357	2044	0	84070
18932	1732	390	344	81854	0	84320
18933	82864	313	322	2149	0	85648
18934	83608	285	393	1230	0	85516
18935	2536	255	387	82826	0	86004
18936	1293	241	358	85485	0	87377
18937	578	410	82810	2554	0	86352
18938	504	445	84004	1220	0	86173
18939	535	303	2555	83030	0	86423
18940	336	473	87472	2068	0	90349
18941	84581	263	2259	1308	0	88411
18942	2033	233	1189	91046	0	94501
18943	1030	562	95173	2400	0	99165
18944	92978	252	2321	1475	0	97026
18945	100503	232	1286	833	0	102854
18946	3319	102267	797	616	0	106999
18947	1740	2362	430	104494	0	109026
18948	697	1650	109708	2479	0	114534
18949	108113	468	2631	1648	0	112860
18950	114364	331	1466	859	0	117020
18951	3592	556	115346	626	0	120120
18952	116498	249	2567	702	0	120016
18953	2941	264	1461	115555	0	120221
18954	1767	216	537	118552	0	121072
18955	117091	211	460	3870	0	121632
18956	118387	210	441	1900	0	120938
18957	3814	635	455	114868	0	119772
18958	1798	435	114268	2570	0	119071
18959	760	108790	2600	1779	0	113929
18960	788	2214	109254	725	0	112981
18961	855	1362	107821	619	0	110657
18962	486	100916	3280	459	0	105141
18963	1114	1530	1664	86651	0	90959
18964	425	775	566	88775	0	90541
18965	377	483	87616	2039	0	90515
18966	444	193	1406	86252	0	88295
18967	87528	139	892	1748	0	90307
18968	1568	370	88554	1030	0	91522
18969	87691	128	1532	640	0	89991
18970	91058	95	1016	553	0	92722
18971	92081	121	465	494	0	93161
18972	2554	398	89735	454	0	93141
18973	1451	456	89592	399	0	91898
18974	828	261	2121	87674	0	90884
18975	699	272	1156	84218	0	86345
18976	571	89915	716	2043	0	93245
18977	90094	1333	457	1174	0	93058
18978	89448	806	460	671	0	91385
18979	2344	90003	654	842	0	93843
18980	90561	1409	492	613	0	93075
18981	1770	90301	559	579	0	93209
18982	91036	1486	402	684	0	93608
18983	1913	896	417	87236	0	90462
18984	1270	605	89856	1643	0	93374
18985	645	547	89706	1304	0	92202
18986	624	388	2335	88582	0	91929
18987	618	251	1288	90753	0	92910
18988	609	479	89150	2232	0	92470
18989	685	271	1771	86566	0	89293
18990	673	236	1177	89389	0	91475
18991	87656	221	650	2534	0	91061
18992	88417	190	574	1493	0	90674
18993	86955	209	539	899	0	88602
18994	2590	451	85610	591	0	89242
18995	1498	86098	1901	564	0	90061
18996	1014	1411	1136	85731	0	89292
18997	928	1132	88046	1576	0	91682
18998	846	88389	1867	1048	0	92150
18999	88979	1489	1167	627	0	92262
19000	1958	927	633	88887	0	92405
19001	1419	384	591	90434	0	92828
19002	89524	374	527	2511	0	92936
19003	1968	361	494	89755	0	92578
19004	1448	329	499	90719	0	92995
19005	89590	344	517	2594	0	93045
19006	1921	561	88822	1343	0	92647
19007	1296	87872	1838	922	0	91928
19008	87408	1468	1124	833	0	90833
19009	1856	1166	90173	663	0	93858
19010	85884	434	1677	875	0	88870
19011	1895	91877	1507	683	0	95962
19012	91096	1351	781	841	0	94069
19013	90570	910	684	894	0	93058
19014	89211	394	614	887	0	91106
19015	2717	352	603	86871	0	90543
19016	1602	359	663	86684	0	89308
19017	933	86562	755	2621	0	90871
19018	921	87156	778	1431	0	90286
19019	939	87970	653	1023	0	90585
19020	86347	1999	480	796	0	89622
19021	1811	1272	85789	659	0	89531
19022	1363	490	1453	84765	0	88071
19023	887	382	1031	85253	0	87553
19024	594	86150	823	2284	0	89851
19025	853	1446	494	86891	0	89684
19026	973	995	454	85304	0	87726
19027	700	86272	690	2226	0	89888
19028	84872	1449	520	1390	0	88231
19029	1690	86864	607	896	0	90057
19030	1303	1706	84217	739	0	87965
19031	82092	974	1416	820	0	85302
19032	1745	86506	1202	723	0	90176
19033	83790	1300	544	743	0	86377
19034	1929	923	440	85105	0	88397
19035	1474	488	438	85411	0	87811
19036	857	696	83986	1935	0	87474
19037	832	725	84590	1033	0	87180
19038	808	482	1773	85100	0	88163
19039	84907	385	886	1580	0	87758
19040	83450	281	448	986	0	85165
19041	2141	88580	532	744	0	91997
19042	1025	86757	454	463	0	88699
19043	424	85129	379	348	0	86280
19044	1034	2210	383	80940	0	84567
19045	82490	596	508	1266	0	84860
19046	84415	184	93	783	0	85475
19047	83075	127	85	371	0	83658
19048	2006	313	79780	150	0	82249
19049	824	93974	1545	211	0	96554
19050	360	1712	740	102240	0	105052
19051	101003	919	172	2123	0	104217
19052	2291	201	127	102312	0	104931
19053	1292	146	121	105728	0	107287
19054	104164	136	138	3381	0	107819
19055	108927	122	121	1446	0	110616
19056	3578	373	108682	317	0	112950
19057	1666	121	2437	108311	0	112535
19058	399	367	108479	2548	0	111793
19059	374	118	2540	107883	0	110915
19060	280	395	107500	2667	0	110842
19061	387	188	2560	106513	0	109648
19062	102207	104	1324	2796	0	106431
19063	2363	104911	506	1478	0	109258
19064	1274	109332	413	425	0	111444
19065	780	3741	187	90179	0	94887
19066	228	109267	380	1912	0	111787
19067	107755	2668	251	1174	0	111848
19068	105885	1368	169	490	0	107912
19069	3802	505	104219	341	0	108867
19070	1601	104042	2704	316	0	108663
19071	684	2463	1285	103736	0	108168
19072	339	1543	105065	2490	0	109437
19073	103288	298	2550	1517	0	107653
19074	2816	286	1343	105415	0	109860
19075	1548	388	105628	2632	0	110196
19076	585	180	2573	106224	0	109562
19077	105634	160	1487	2839	0	110120
19078	2746	446	105168	1520	0	109880
19079	104420	209	2630	554	0	107813
19080	107378	232	1449	457	0	109516
19081	4113	269	372	103599	0	108353
19082	1763	478	103897	2721	0	108859
19083	653	515	104391	1593	0	107152
19084	99409	247	3855	698	0	104209
19085	103743	202	1613	605	0	106163
19086	4203	437	101604	508	0	106752
19087	2135	287	2736	99220	0	104378
19088	945	335	1627	95849	0	98756
19089	555	101082	780	3929	0	106346
19090	719	2672	451	101174	0	105016
19091	100924	1452	457	3222	0	106055
19092	3234	512	431	102061	0	106238
19093	1917	540	100175	3189	0	105821
19094	96618	351	2941	2111	0	102021
19095	3261	425	1658	98277	0	103621
19096	2013	649	98330	3243	0	104235
19097	862	96430	3171	2009	0	102472
19098	92740	2806	1781	1148	0	98475
19099	3053	98086	1004	1080	0	103223
19100	96978	2887	602	1025	0	101492
19101	3537	1821	95868	936	0	102162
19102	2181	93204	3252	1023	0	99660
19103	1056	97986	2070	937	0	102049
19104	1121	3963	842	93954	0	99880
19105	1167	1838	756	96892	0	100653
19106	997	795	94394	4537	0	100723
19107	1079	529	3145	95504	0	100257
19108	93601	467	2041	3626	0	99735
19109	3455	719	92456	2156	0	98786
19110	2354	596	3197	91809	0	97956
19111	1102	802	91529	3437	0	96870
19112	86556	672	3355	2422	0	93005
19113	3408	89946	2355	1315	0	97024
19114	91327	2945	1025	1361	0	96658
19115	92954	1759	963	1337	0	97013
19116	94435	676	933	1249	0	97293
19117	5056	840	88386	1212	0	95494
19118	2597	88600	3611	1040	0	95848
19119	1578	3082	2196	87556	0	94412
19120	1577	1774	1088	92685	0	97124
19121	92056	708	1089	4832	0	98685
19122	4002	556	1091	92864	0	98513
19123	93111	548	1115	3909	0	98683
19124	93408	576	1091	2609	0	97684
19125	94737	582	1111	1432	0	97862
19126	95274	639	1074	1174	0	98161
19127	5497	619	943	90737	0	97796
19128	92049	633	954	3757	0	97393
19129	3975	861	88237	2430	0	95503
19130	88653	626	3549	1324	0	94152
19131	91159	577	2226	1121	0	95083
19132	5292	827	86675	1253	0	94047
19133	87938	614	3501	1047	0	93100
19134	90468	538	2234	1127	0	94367
19135	5252	577	1146	86694	0	93669
19136	2959	527	1027	88980	0	93493
19137	85059	708	1075	4820	0	91662
19138	3946	512	961	84808	0	90227
19139	2797	460	953	82587	0	86797
19140	1455	78074	1173	4397	0	85099
19141	1486	2205	849	74820	0	79360
19142	72924	1245	813	3003	0	77985
19143	3263	449	744	72140	0	76596
19144	2100	484	723	67877	0	71184
19145	1148	64819	942	3425	0	70334
19146	1207	1925	632	61986	0	65750
19147	1363	1090	630	61061	0	64144
19148	57598	440	568	2867	0	61473
19149	1999	910	410	40575	0	43894
19150	829	206	33461	1196	0	35692
19151	406	30714	1021	704	0	32845
19152	303	29924	567	293	0	31087
19153	28491	1026	169	257	0	29943
19154	945	29028	223	232	0	30428
19155	24565	563	423	194	0	25745
19156	617	24469	104	191	0	25381
19157	25515	563	51	168	0	26297
19158	722	289	61	25112	0	26184
19159	453	103	51	25131	0	25738
19160	219	25438	104	842	0	26603
19161	214	584	55	26187	0	27040
19162	198	379	27024	692	0	28293
19163	24845	113	572	487	0	26017
19164	682	29214	374	319	0	30589
19165	29275	620	88	190	0	30173
19166	29062	325	57	196	0	29640
19167	29453	98	59	176	0	29786
19168	1050	79	40	28068	0	29237
19169	522	90	56	27814	0	28482
19170	209	28430	111	988	0	29738
19171	28464	634	44	491	0	29633
19172	728	28884	111	226	0	29949
19173	28498	658	44	182	0	29382
19174	770	421	28015	141	0	29347
19175	30231	128	600	156	0	31115
19176	911	81	317	30772	0	32081
19177	519	155	30648	811	0	32133
19178	241	133	30765	507	0	31646
19179	206	74	1065	30387	0	31732
19180	200	141	30977	803	0	32121
19181	184	86	767	30620	0	31657
19182	29448	72	429	868	0	30817
19183	877	86	107	30233	0	31303
19184	557	147	29448	858	0	31010
19185	239	28950	770	515	0	30474
19186	190	29882	457	277	0	30806
19187	381	1094	99	28957	0	30531
19188	29693	460	65	878	0	31096
19189	840	149	60	30498	0	31547
19190	599	101	72	30845	0	31617
19191	247	106	95	31433	0	31881
19192	246	94	71	31710	0	32121
19193	197	198	30775	1215	0	32385
19194	204	169	30310	589	0	31272
19195	29726	125	1120	296	0	31267
19196	31496	94	477	281	0	32348
19197	1255	100	185	31327	0	32867
19198	636	104	109	32106	0	32955
19199	284	169	31089	1266	0	32808
19200	198	31160	863	772	0	32993
19201	31038	805	458	319	0	32620
19202	31540	497	142	270	0	32449
19203	1252	204	124	30891	0	32471
19204	648	249	31496	905	0	33298
19205	379	171	800	29438	0	30788
19206	265	31296	534	907	0	33002
19207	260	884	31398	540	0	33082
19208	30505	457	791	348	0	32101
19209	911	197	492	32729	0	34329
19210	33509	132	195	1005	0	34841
19211	943	235	32576	626	0	34380
19212	32416	126	845	348	0	33735
19213	997	162	503	33071	0	34733
19214	33186	145	210	953	0	34494
19215	948	145	205	32344	0	33642
19216	600	31735	281	912	0	33528
19217	316	32881	266	648	0	34111
19218	345	1030	177	32022	0	33574
19219	249	516	31399	825	0	32989
19220	219	30968	786	571	0	32544
19221	370	576	391	29836	0	31173
19222	29442	349	176	811	0	30778
19223	29541	158	161	533	0	30393
19224	983	115	161	29632	0	30891
19225	538	110	162	29445	0	30255
19226	259	28688	218	993	0	30158
19227	229	30187	224	540	0	31180
19228	29865	852	156	370	0	31243
19229	728	417	158	30062	0	31365
19230	505	146	164	30677	0	31492
19231	244	164	30174	1075	0	31657
19232	251	117	684	30174	0	31226
19233	272	127	426	30289	0	31114
19234	264	118	216	30881	0	31479
19235	250	188	31024	1108	0	32570
19236	246	122	697	31161	0	32226
19237	30856	119	474	934	0	32383
19238	722	185	30545	615	0	32067
19239	31280	126	719	433	0	32558
19240	805	113	461	32481	0	33860
19241	544	119	195	33518	0	34376
19242	311	97	199	35074	0	35681
19243	246	190	34104	1184	0	35724
19244	31023	103	761	740	0	32627
19245	781	35347	531	381	0	37040
19246	35411	705	198	375	0	36689
19247	815	35741	273	308	0	37137
19248	561	794	181	35863	0	37399
19249	35935	397	146	977	0	37455
19250	818	264	35194	604	0	36880
19251	33604	127	753	445	0	34929
19252	855	237	36766	326	0	38184
19253	551	101	706	35466	0	36824
19254	249	212	35833	806	0	37100
19255	229	35252	784	605	0	36870
19256	329	552	718	33955	0	35554
19257	33383	327	226	751	0	34687
19258	621	118	137	32695	0	33571
19259	383	33566	210	668	0	34827
19260	230	610	124	33752	0	34716
19261	32820	330	123	699	0	33972
19262	31418	136	103	481	0	32138
19263	820	31172	200	416	0	32608
19264	345	30210	145	174	0	30874
19265	188	594	120	29635	0	30537
19266	299	283	79	29947	0	30608
19267	29425	116	79	697	0	30317
19268	28780	91	69	412	0	29352
19269	603	29562	156	188	0	30509
19270	337	422	91	28784	0	29634
19271	191	232	79	29173	0	29675
19272	155	193	29064	635	0	30047
19273	136	28566	463	473	0	29638
19274	135	29203	286	193	0	29817
19275	94	470	68	27381	0	28013
19276	114	261	27479	331	0	28185
19277	90	164	27303	236	0	27793
19278	146	75	485	27215	0	27921
19279	112	60	249	28211	0	28632
19280	112	126	28169	538	0	28945
19281	110	63	376	28710	0	29259
19282	102	168	29392	463	0	30125
19283	29997	69	483	329	0	30878
19284	558	70	232	31831	0	32691
19285	332	144	32737	578	0	33791
19286	153	164	32530	354	0	33201
19287	135	59	836	33585	0	34615
19288	118	188	37081	738	0	38125
19289	144	144	38156	446	0	38890
19290	98	36671	1149	226	0	38144
19291	37661	717	475	187	0	39040
19292	766	476	38762	124	0	40128
19293	465	149	775	37082	0	38471
19294	185	101	420	39165	0	39871
19295	154	80	164	40132	0	40530
19296	164	196	39113	1246	0	40719
19297	149	91	792	38369	0	39401
19298	38581	66	459	983	0	40089
19299	844	74	222	38190	0	39330
19300	462	189	39198	875	0	40724
19301	220	88	823	38758	0	39889
19302	39230	66	469	1004	0	40769
19303	40228	72	217	613	0	41130
19304	39891	55	151	302	0	40399
19305	1279	59	145	39086	0	40569
19306	39194	60	131	946	0	40331
19307	39182	57	169	578	0	39986
19308	39175	54	156	302	0	39687
19309	1200	37212	244	220	0	38876
19310	37821	753	158	228	0	38960
19311	953	419	155	37457	0	38984
19312	522	226	37422	900	0	39070
19313	221	37370	941	554	0	39086
19314	37018	783	505	451	0	38757
19315	875	434	247	37460	0	39016
19316	567	143	200	35879	0	36789
19317	238	36770	264	1165	0	38437
19318	173	38858	247	656	0	39934
19319	36696	1128	222	334	0	38380
19320	868	37651	242	251	0	39012
19321	36574	869	164	271	0	37878
19322	903	37052	245	259	0	38459
19323	36136	860	271	255	0	37522
19324	914	36722	255	281	0	38172
19325	552	37988	242	276	0	39058
19326	37432	1128	174	314	0	39048
19327	940	634	37060	229	0	38863
19328	554	37962	985	242	0	39743
19329	368	967	525	37412	0	39272
19330	290	466	270	39484	0	40510
19331	318	180	217	39620	0	40335
19332	281	144	175	40275	0	40875
19333	270	210	39460	1509	0	41449
19334	37897	137	964	794	0	39792
19335	1107	121	576	40833	0	42637
19336	41395	142	276	1158	0	42971
19337	43288	134	225	751	0	44398
19338	43927	159	211	446	0	44743
19339	42584	163	230	378	0	43355
19340	1687	256	41455	338	0	43736
19341	886	165	1097	40526	0	42674
19342	411	215	40760	1237	0	42623
19343	303	39606	1340	799	0	42048
19344	401	1187	807	35443	0	37838
19345	356	593	310	38733	0	39992
19346	347	203	257	39479	0	40286
19347	354	189	224	39625	0	40392
19348	309	261	37934	1720	0	40224
19349	375	169	1111	38218	0	39873
19350	402	194	691	39154	0	40441
19351	38467	168	303	1725	0	40663
19352	39562	189	293	921	0	40965
19353	1805	187	278	38982	0	41252
19354	973	172	275	39748	0	41168
19355	519	176	294	40423	0	41412
19356	39560	188	261	1995	0	42004
19357	40944	180	241	1099	0	42464
19358	40270	195	300	586	0	41351
19359	40391	202	251	514	0	41358
19360	1898	38807	311	704	0	41720
19361	40162	1093	224	518	0	41997
19362	40432	651	200	507	0	41790
19363	1955	264	173	39205	0	41597
19364	1144	177	153	39421	0	40895
19365	37966	171	204	1870	0	40211
19366	1427	37119	282	1144	0	39972
19367	1001	38774	263	545	0	40583
19368	39899	1537	149	569	0	42154
19369	1554	718	161	40894	0	43327
19370	1062	315	166	41935	0	43478
19371	706	250	120	42796	0	43872
19372	644	234	139	42901	0	43918
19373	631	242	137	41981	0	42991
19374	525	40813	256	1953	0	43547
19375	577	1047	130	39999	0	41753
19376	39837	639	122	1398	0	41996
19377	1366	299	134	39673	0	41472
19378	948	258	132	40115	0	41453
19379	38628	246	152	1903	0	40929
19380	1221	39992	249	1005	0	42467
19381	853	1488	162	38356	0	40859
19382	436	40111	207	1198	0	41952
19383	416	1370	172	38498	0	40456
19384	365	566	37546	1090	0	39567
19385	32648	469	772	765	0	34654
19386	908	36326	484	389	0	38107
19387	34741	666	125	384	0	35916
19388	808	516	34391	374	0	36089
19389	509	157	523	31282	0	32471
19390	249	32328	356	746	0	33679
19391	224	33585	196	526	0	34531
19392	32651	710	308	382	0	34051
19393	638	325	52	33239	0	34254
19394	469	206	35060	734	0	36469
19395	323	116	514	35667	0	36620
19396	280	188	35718	792	0	36978
19397	32462	101	576	640	0	33779
19398	700	177	36380	364	0	37621
19399	520	116	540	34767	0	35943
19400	306	37671	385	766	0	39128
19401	311	538	120	37012	0	37981
19402	241	38214	164	758	0	39377
19403	38894	594	82	568	0	40138
19404	811	393	68	39926	0	41198
19405	584	257	40628	792	0	42261
19406	350	216	39147	581	0	40294
19407	38464	208	832	498	0	40002
19408	42657	115	361	480	0	43613
19409	42929	148	116	413	0	43606
19410	42587	141	76	436	0	43240
19411	1000	42197	191	368	0	43756
19412	43102	612	62	441	0	44217
19413	43001	410	88	446	0	43945
19414	1028	296	42018	390	0	43732
19415	600	259	543	41234	0	42636
19416	42486	137	333	901	0	43857
19417	749	236	41816	607	0	43408
19418	540	144	531	41413	0	42628
19419	305	280	43301	805	0	44691
19420	346	184	539	41739	0	42808
19421	263	43899	427	763	0	45352
19422	44217	568	124	596	0	45505
19423	717	501	43372	329	0	44919
19424	42219	206	546	369	0	43340
19425	794	149	336	43726	0	45005
19426	44120	158	129	745	0	45152
19427	791	144	108	43779	0	44822
19428	46942	162	123	907	0	48134
19429	724	279	45419	511	0	46933
19430	48409	187	514	445	0	49555
19431	729	139	316	49802	0	50986
19432	457	120	138	50467	0	51182
19433	49554	101	117	902	0	50674
19434	633	136	132	49736	0	50637
19435	356	257	49463	589	0	50665
19436	276	215	434	48618	0	49543
19437	46028	65	269	582	0	46944
19438	394	46640	182	349	0	47565
19439	270	47020	147	181	0	47618
19440	45962	414	84	187	0	46647
19441	372	49633	176	119	0	50300
19442	238	283	63	49149	0	49733
19443	50110	171	54	421	0	50756
19444	50025	103	64	310	0	50502
19445	50040	76	51	185	0	50352
19446	472	213	50237	186	0	51108
19447	290	151	275	49573	0	50289
19448	116	50995	303	280	0	51694
19449	148	242	71	50962	0	51423
19450	138	348	52810	281	0	53577
19451	141	50579	386	233	0	51339
19452	125	286	145	51712	0	52268
19453	50118	152	65	380	0	50715
19454	260	51478	121	240	0	52099
19455	254	388	52472	70	0	53184
19456	162	166	315	51240	0	51883
19457	140	179	52772	359	0	53450
19458	156	54	349	50712	0	51271
19459	52714	49	223	452	0	53438
19460	391	66	68	53146	0	53671
19461	52942	44	70	458	0	53514
19462	52888	50	85	348	0	53371
19463	509	53973	137	117	0	54736
19464	54828	313	67	166	0	55374
19465	404	54835	140	120	0	55499
19466	311	488	55337	107	0	56243
19467	241	253	433	53775	0	54702
19468	186	75	272	59392	0	59925
19469	137	199	56921	718	0	57975
19470	121	56490	586	426	0	57623
19471	57055	451	285	230	0	58021
19472	58823	265	113	247	0	59448
19473	779	80	96	60206	0	61161
19474	419	85	82	60664	0	61250
19475	207	67	67	61825	0	62166
19476	59861	47	96	893	0	60897
19477	589	212	59208	354	0	60363
19478	360	265	59758	174	0	60557
19479	234	66	714	60044	0	61058
19480	144	224	59703	603	0	60674
19481	181	215	59345	361	0	60102
19482	211	78	757	55699	0	56745
19483	205	209	59552	595	0	60561
19484	118	58992	657	502	0	60269
19485	182	596	298	59942	0	61018
19486	199	442	60965	613	0	62219
19487	175	104	577	59177	0	60033
19488	119	57377	483	645	0	58624
19489	186	526	129	58525	0	59366
19490	177	471	58704	632	0	59984
19491	202	104	577	55987	0	56870
19492	55421	95	343	767	0	56626
19493	629	223	57393	395	0	58640
19494	51098	86	546	555	0	52285
19495	612	56696	404	319	0	58031
19496	57228	544	119	217	0	58108
19497	650	323	100	57364	0	58437
19498	358	57695	214	656	0	58923
19499	59342	601	155	473	0	60571
19500	742	390	114	58656	0	59902
19501	406	258	58999	760	0	60423
19502	146	58865	787	486	0	60284
19503	192	643	388	58430	0	59653
19504	57453	374	138	815	0	58780
19505	55998	117	135	500	0	56750
19506	1040	200	103	56004	0	57347
19507	452	231	55669	724	0	57076
19508	49449	87	713	629	0	50878
19509	708	242	55229	235	0	56414
19510	479	90	753	54061	0	55383
19511	55167	80	434	822	0	56503
19512	668	54921	318	635	0	56542
19513	55677	651	149	313	0	56790
19514	790	528	54657	201	0	56176
19515	53787	132	803	244	0	54966
19516	840	122	462	55423	0	56847
19517	548	110	171	56671	0	57500
19518	347	275	56365	1087	0	58074
19519	277	136	722	54394	0	55529
19520	55292	110	465	932	0	56799
19521	838	107	217	54367	0	55529
19522	498	56920	289	816	0	58523
19523	320	731	173	55810	0	57034
19524	220	57349	303	955	0	58827
19525	227	915	56307	550	0	57999
19526	52005	458	832	428	0	53723
19527	887	156	495	57463	0	59001
19528	557	254	53988	898	0	55697
19529	262	54059	961	578	0	55860
19530	281	840	496	51228	0	52845
19531	250	511	215	52701	0	53677
19532	51959	214	212	1354	0	53739
19533	980	177	192	53748	0	55097
19534	54225	136	187	1151	0	55699
19535	53894	135	200	762	0	54991
19536	1434	54297	300	343	0	56374
19537	54960	995	182	396	0	56533
19538	1280	511	178	59502	0	61471
19539	754	300	59559	1300	0	61913
19540	58630	128	1226	875	0	60859
19541	1423	167	673	57316	0	59579
19542	798	285	57284	1308	0	59675
19543	53825	176	1260	815	0	56076
19544	1416	176	680	56218	0	58490
19545	846	59237	399	1327	0	61809
19546	508	1266	223	55655	0	57652
19547	306	59032	405	1351	0	61094
19548	57922	1295	274	864	0	60355
19549	1413	796	60513	452	0	63174
19550	796	59421	1464	573	0	62254
19551	450	1373	685	59933	0	62441
19552	314	816	61039	1480	0	63649
19553	357	424	60489	857	0	62127
19554	382	60834	2018	413	0	63647
19555	679	1696	859	57865	0	61099
19556	405	724	300	59703	0	61132
19557	418	279	238	75336	0	76271
19558	76106	217	282	2943	0	79548
19559	2431	333	81775	1230	0	85769
19560	1140	82263	2673	604	0	86680
19561	542	2391	1157	79808	0	83898
19562	479	1230	373	85027	0	87109
19563	395	471	83493	3580	0	87939
19564	492	239	2544	83141	0	86416
19565	363	351	83587	2975	0	87276
19566	433	386	81366	1348	0	83533
19567	438	430	81701	558	0	83127
19568	498	255	3493	74746	0	78992
19569	454	246	1391	79112	0	81203
19570	436	222	474	82314	0	83446
19571	79522	235	477	3761	0	83995
19572	2580	78769	521	1578	0	83448
19573	80201	2497	357	706	0	83761
19574	78131	1190	376	631	0	80328
19575	80891	392	310	619	0	82212
19576	3686	80324	493	688	0	85191
19577	81886	2595	322	578	0	85381
19578	82571	1303	321	669	0	84864
19579	3917	477	356	80154	0	84904
19580	1719	355	401	82232	0	84707
19581	804	302	421	84344	0	85871
19582	518	467	80269	4202	0	85456
19583	77207	354	2895	1935	0	82391
19584	2890	311	1578	80542	0	85321
19585	78418	305	703	3225	0	82651
19586	2851	78394	794	1868	0	83907
19587	1509	2679	603	79038	0	83829
19588	697	1281	591	82123	0	84692
19589	79391	506	571	4215	0	84683
19590	3003	373	540	80383	0	84299
19591	76243	477	517	3470	0	80707
19592	78463	479	399	1937	0	81278
19593	4062	75267	599	1005	0	80933
19594	1667	77502	658	776	0	80603
19595	971	3831	517	72075	0	77394
19596	717	76630	651	2799	0	80797
19597	938	2794	454	76786	0	80972
19598	670	1451	75302	3176	0	80599
19599	676	651	74007	1809	0	77143
19600	69708	399	3484	1125	0	74716
19601	73125	365	1484	979	0	75953
19602	3611	71823	845	1026	0	77305
19603	72482	2525	572	1073	0	76652
19604	2839	75150	775	1054	0	79818
19605	1542	2673	652	75662	0	80529
19606	910	1251	679	77734	0	80574
19607	848	531	666	78395	0	80440
19608	784	386	784	79247	0	81201
19609	75181	413	813	4285	0	80692
19610	2801	75581	921	2122	0	81425
19611	76373	2543	677	1453	0	81046
19612	77753	1303	619	1299	0	80974
19613	4008	804	75062	1152	0	81026
19614	73439	697	2617	1140	0	77893
19615	3268	74686	1489	1019	0	80462
19616	2061	2774	581	73944	0	79360
19617	1271	1570	521	71394	0	74756
19618	1038	73515	730	3787	0	79070
19619	74746	2760	669	2015	0	80190
19620	3353	1525	73757	1174	0	79809
19621	71847	662	2760	1458	0	76727
19622	3485	633	73306	1458	0	78882
19623	2198	560	2935	72264	0	77957
19624	1465	667	1728	74784	0	78644
19625	1230	714	979	76642	0	79565
19626	74020	783	780	4852	0	80435
19627	3195	871	75165	2800	0	82031
19628	74846	739	2837	2160	0	80582
19629	77741	625	1778	1960	0	82104
19630	77885	565	1150	1840	0	81440
19631	77688	544	1212	1603	0	81047
19632	4472	520	1157	74839	0	80988
19633	2175	713	73053	3484	0	79425
19634	1559	959	2596	72623	0	77737
19635	1428	637	71788	3529	0	77382
19636	1390	844	70857	2113	0	75204
19637	1486	70263	3092	1405	0	76246
19638	1767	2507	1055	62582	0	67911
19639	1631	1427	395	66259	0	69712
19640	1724	939	391	61413	0	64467
19641	1666	750	433	66833	0	69682
19642	65457	640	409	3343	0	69849
19643	66770	507	392	1824	0	69493
19644	3871	496	335	64578	0	69280
19645	1970	592	61635	3184	0	67381
19646	1263	436	2086	63529	0	67314
19647	1186	448	1113	65181	0	67928
19648	1130	560	63131	3679	0	68500
19649	1294	388	1948	61443	0	65073
19650	61173	513	996	2979	0	65661
19651	61974	537	417	1955	0	64883
19652	61952	606	294	1409	0	64261
19653	3394	550	268	59998	0	64210
19654	59498	404	292	2725	0	62919
19655	59066	369	403	1708	0	61546
19656	3326	478	57102	1079	0	61985
19657	928	209	40519	468	0	42124
19658	577	214	40082	374	0	41247
19659	31728	205	623	245	0	32801
19660	473	33971	405	181	0	35030
19661	33121	304	339	208	0	33972
19662	379	36734	143	174	0	37430
19663	322	355	55	36978	0	37710
19664	191	190	59	38133	0	38573
19665	175	63	80	38516	0	38834
19666	141	170	37531	547	0	38389
19667	33093	54	346	375	0	33868
19668	410	51	216	37250	0	37927
19669	234	141	36668	284	0	37327
19670	131	146	34755	213	0	35245
19671	32797	42	404	188	0	33431
19672	297	36516	284	97	0	37194
19673	35259	184	57	157	0	35657
19674	34754	129	39	173	0	35095
19675	338	34889	163	72	0	35462
19676	33932	180	75	154	0	34341
19677	322	245	35338	71	0	35976
19678	200	128	34531	54	0	34913
19679	98	136	35972	66	0	36272
19680	89	210	375	34932	0	35606
19681	71	132	35903	177	0	36283
19682	33527	21	161	207	0	33916
19683	35249	19	107	141	0	35516
19684	319	151	36115	46	0	36631
19685	194	16	163	35474	0	35847
19686	36173	10	126	234	0	36543
19687	173	37706	127	253	0	38259
19688	137	38834	105	66	0	39142
19689	39013	232	45	158	0	39448
19690	177	270	39689	33	0	40169
19691	156	102	135	38480	0	38873
19692	84	26	100	39507	0	39717
19693	63	16	32	40035	0	40146
19694	32	39668	134	236	0	40070
19695	93	181	35	37364	0	37673
19696	40957	99	31	255	0	41342
19697	194	45	27	41485	0	41751
19698	140	41084	104	230	0	41558
19699	41861	204	36	243	0	42344
19700	256	140	29	42021	0	42446
19701	182	37	38	44018	0	44275
19702	46020	23	24	504	0	46571
19703	45707	34	27	271	0	46039
19704	573	18	25	45398	0	46014
19705	46489	26	22	521	0	47058
19706	46228	32	34	358	0	46652
19707	697	48254	125	92	0	49168
19708	48355	516	32	129	0	49032
19709	562	48194	115	111	0	48982
19710	376	554	19	48161	0	49110
19711	122	445	49984	551	0	51102
19712	138	81	530	49636	0	50385
19713	126	56	297	50587	0	51066
19714	109	34	59	52867	0	53069
19715	51950	35	37	1026	0	53048
19716	614	52324	141	434	0	53513
19717	54539	612	34	212	0	55397
19718	724	57359	144	179	0	58406
19719	58786	711	53	222	0	59772
19720	59064	408	52	194	0	59718
19721	59495	84	43	177	0	59799
19722	58742	73	43	183	0	59041
19723	1172	162	58387	112	0	59833
19724	583	68	778	57849	0	59278
19725	243	69	433	60715	0	61460
19726	153	243	59619	1254	0	61269
19727	55210	74	871	636	0	56791
19728	1016	64	464	58415	0	59959
19729	578	226	57944	949	0	59697
19730	213	226	57561	546	0	58546
19731	238	78	1321	58762	0	60399
19732	232	215	61122	988	0	62557
19733	262	65	964	59445	0	60736
19734	231	66	507	60675	0	61479
19735	205	259	59461	1407	0	61332
19736	54484	107	961	715	0	56267
19737	1090	76	515	59710	0	61391
19738	636	241	60230	1032	0	62139
19739	346	85	937	60355	0	61723
19740	60203	64	547	1166	0	61980
19741	1080	226	60269	631	0	62206
19742	57305	94	968	406	0	58773
19743	61654	66	548	285	0	62553
19744	1558	85	174	61163	0	62980
19745	795	83	128	61155	0	62161
19746	332	243	60449	1491	0	62515
19747	331	99	999	60195	0	61624
19748	342	133	631	56760	0	57866
19749	340	76	203	61019	0	61638
19750	296	234	58912	1601	0	61043
19751	55851	86	1028	936	0	57901
19752	59855	93	631	500	0	61079
19753	61187	125	234	448	0	61994
19754	62511	130	211	399	0	63251
19755	1681	115	205	62078	0	64079
19756	62122	107	222	1320	0	63771
19757	62338	111	206	950	0	63605
19758	54766	255	430	623	0	56074
19759	63375	95	237	481	0	64188
19760	1617	62553	407	380	0	64957
19761	63544	958	213	469	0	65184
19762	61821	532	217	478	0	63048
19763	1737	61458	371	381	0	63947
19764	61816	1086	197	461	0	63560
19765	1502	606	199	61373	0	63680
19766	1019	138	231	62362	0	63750
19767	61313	99	245	1911	0	63568
19768	1363	60573	397	997	0	63330
19769	864	61018	390	447	0	62719
19770	547	1532	259	62652	0	64990
19771	466	744	63185	1327	0	65722
19772	512	123	1225	61896	0	63756
19773	513	88	703	64377	0	65681
19774	63016	101	292	1922	0	65331
19775	63893	93	254	1001	0	65241
19776	2013	89	272	63399	0	65773
19777	979	347	63424	1403	0	66153
19778	600	106	1254	64492	0	66452
19779	65029	90	765	1535	0	67419
19780	1605	260	68267	902	0	71034
19781	976	69126	1610	484	0	72196
19782	70493	1272	808	486	0	73059
19783	1705	660	283	70650	0	73298
19784	1133	152	239	71326	0	72850
19785	584	109	284	73450	0	74427
19786	485	246	70709	2238	0	73678
19787	59735	119	1489	1287	0	62630
19788	1702	250	68536	485	0	70973
19789	1039	67567	1663	467	0	70736
19790	598	1349	857	68404	0	71208
19791	585	685	348	69867	0	71485
19792	598	175	241	73567	0	74581
19793	473	271	71751	2582	0	75077
19794	447	281	70611	1257	0	72596
19795	497	275	73363	652	0	74787
19796	449	72947	2530	524	0	76450
19797	627	1566	1045	71945	0	75183
19798	74188	805	345	1912	0	77250
19799	77172	232	308	1169	0	78881
19800	2774	287	80706	543	0	84310
19801	1333	80944	2059	695	0	85031
19802	655	1979	81120	470	0	84224
19803	448	84085	2129	648	0	87310
19804	80575	1974	1161	578	0	84288
19805	80070	1013	393	602	0	82078
19806	2690	80152	476	549	0	83867
19807	80325	1698	257	467	0	82747
19808	2107	948	275	79083	0	82413
19809	1259	328	243	80619	0	82449
19810	79558	219	239	2723	0	82739
19811	77158	195	256	1340	0	78949
19812	77052	199	220	658	0	78129
19813	2748	76492	400	499	0	80139
19814	1203	78690	383	464	0	80740
19815	77457	2320	258	539	0	80574
19816	1989	1135	77295	366	0	80785
19817	1216	458	1776	74151	0	77601
19818	71718	269	901	1773	0	74661
19819	1828	70219	510	1005	0	73562
19820	1042	73659	412	446	0	75559
19821	73038	2267	266	382	0	75953
19822	1881	1182	71614	282	0	74959
19823	68210	459	1666	372	0	70707
19824	1905	405	70338	286	0	72934
19825	1055	444	70950	243	0	72692
19826	677	507	2107	69163	0	72454
19827	510	422	73624	1524	0	76080
19828	70047	263	1644	971	0	72925
19829	73560	248	1037	547	0	75392
19830	74563	277	416	412	0	75668
19831	73892	275	340	385	0	74892
19832	2563	276	291	71014	0	74144
19833	71439	273	337	1638	0	73687
19834	1940	70636	455	1020	0	74051
19835	1297	1532	332	66173	0	69334
19836	662	71913	439	1439	0	74453
19837	73929	1625	274	1013	0	76841
19838	74623	921	303	575	0	76422
19839	2546	427	325	73780	0	77078
19840	75087	381	340	1663	0	77471
19841	75510	400	386	1005	0	77301
19842	2546	380	372	74401	0	77699
19843	1429	398	382	74928	0	77137
19844	910	315	399	76274	0	77898
19845	750	485	73527	2382	0	77144
19846	745	485	70613	1206	0	73049
19847	788	505	74356	551	0	76200
19848	847	390	2390	72989	0	76616
19849	824	499	75806	1738	0	78867
19850	905	299	1859	74166	0	77229
19851	834	496	82782	1953	0	86065
19852	800	501	80851	1156	0	83308
19853	74174	398	2447	840	0	77859
19854	1911	80285	1403	569	0	84168
19855	81130	1631	594	560	0	83915
19856	2194	961	513	80318	0	83986
19857	1536	466	477	81726	0	84205
19858	1029	555	81188	2397	0	85169
19859	764	81183	1854	1338	0	85139
19860	923	1720	1017	82163	0	85823
19861	807	1139	84031	1823	0	87800
19862	706	82301	1736	1053	0	85796
19863	844	1489	971	81588	0	84892
19864	81608	871	643	1665	0	84787
19865	81969	519	534	1128	0	84150
19866	2455	363	497	82086	0	85401
19867	82698	396	553	1742	0	85389
19868	1962	82900	735	1193	0	86790
19869	1383	1508	550	83861	0	87302
19870	945	1142	85757	1646	0	89490
19871	1000	492	1739	86212	0	89443
19872	861	596	87106	1981	0	90544
19873	82182	431	1843	1275	0	85731
19874	2293	324	1046	85725	0	89388
19875	1451	87830	709	1915	0	91905
19876	1082	1762	401	90025	0	93270
19877	855	1141	87848	2004	0	91848
19878	817	654	87264	1238	0	89973
19879	872	606	85787	693	0	87958
19880	77216	704	2433	736	0	81089
19881	1649	83212	1282	530	0	86673
19882	1193	1388	556	80952	0	84089
19883	82295	780	508	1656	0	85239
19884	1604	82417	654	1103	0	85778
19885	85339	1419	446	896	0	88100
19886	86555	850	507	601	0	88513
19887	89675	401	449	677	0	91202
19888	90615	298	544	551	0	92008
19889	2385	452	88842	467	0	92146
19890	83436	223	1644	601	0	85904
19891	1744	421	87496	491	0	90152
19892	74898	246	1572	558	0	77274
19893	1570	159	902	85989	0	88620
19894	1022	547	85335	1276	0	88180
19895	618	84764	1398	888	0	87668
19896	799	2369	785	79144	0	83097
19897	498	82787	579	1061	0	84925
19898	469	84183	502	749	0	85903
19899	74811	1064	421	416	0	76712
19900	889	615	76773	276	0	78553
19901	441	74183	761	208	0	75593
19902	71821	620	944	265	0	73650
19903	573	74456	274	141	0	75444
19904	74630	503	114	262	0	75509
19905	635	478	124	73955	0	75192
19906	75200	104	128	629	0	76061
19907	658	97	137	73948	0	74840
19908	74581	120	269	641	0	75611
19909	643	104	113	74144	0	75004
19910	369	76982	264	610	0	78225
19911	250	522	111	78641	0	79524
19912	77883	302	152	689	0	79026
19913	572	77448	287	457	0	78764
19914	403	515	128	77328	0	78374
19915	77458	289	154	643	0	78544
19916	639	189	118	78488	0	79434
19917	447	191	109	78703	0	79450
19918	240	362	78906	781	0	80289
19919	249	325	77200	386	0	78160
19920	260	137	719	76306	0	77422
19921	413	325	80678	590	0	82006
19922	281	156	536	79848	0	80821
19923	355	198	361	75163	0	76077
19924	245	240	149	81070	0	81704
19925	260	357	79891	768	0	81276
19926	263	141	555	75587	0	76546
19927	307	121	313	77409	0	78150
19928	209	79282	312	877	0	80680
19929	292	553	145	80408	0	81398
19930	79959	307	137	800	0	81203
19931	696	151	150	81837	0	82834
19932	423	385	96371	775	0	97954
19933	85851	173	1317	826	0	88167
19934	1399	102598	959	404	0	105360
19935	1034	1562	315	102229	0	105140
19936	496	1067	101866	1445	0	104874
19937	91885	366	1488	1163	0	94902
19938	1466	100984	1113	496	0	104059
19939	101468	1491	423	423	0	103805
19940	1815	859	278	100258	0	103210
19941	99228	385	230	1667	0	101510
19942	1837	435	100014	983	0	103269
19943	1067	98510	1601	534	0	101712
19944	500	105029	1060	362	0	106951
19945	105672	2114	371	572	0	108729
19946	105759	991	241	399	0	107390
19947	2261	666	105149	216	0	108292
19948	101103	265	1426	382	0	103176
19949	105210	202	878	404	0	106694
19950	104130	192	364	392	0	105078
19951	2377	98431	384	336	0	101528
19952	1209	100481	360	360	0	102410
19953	99713	2086	166	398	0	102363
19954	99310	1043	175	398	0	100926
19955	2207	101190	358	283	0	104038
19956	1260	1614	135	101088	0	104097
19957	549	1195	101191	1470	0	104405
19958	96821	434	1481	1164	0	99900
19959	93028	460	1235	834	0	95557
19960	103690	251	480	479	0	104900
19961	2205	102050	477	363	0	105095
19962	1222	1785	102616	280	0	105903
19963	103605	888	1516	466	0	106475
19964	1864	453	920	106088	0	109325
19965	1268	327	388	107276	0	109259
19966	769	292	230	109163	0	110454
19967	556	494	107042	2419	0	110511
19968	604	202	1444	104880	0	107130
19969	450	417	106477	1845	0	109189
19970	285	102067	1707	1081	0	105140
19971	97990	1337	834	578	0	100739
19972	1316	100601	575	292	0	102784
19973	926	101349	358	273	0	102906
19974	100078	1847	275	365	0	102565
19975	1397	104150	477	239	0	106263
19976	1096	1544	167	100707	0	103514
19977	583	103747	352	1264	0	105946
19978	101506	1632	92	830	0	104060
19979	1475	103498	289	395	0	105657
19980	1104	1717	160	104621	0	107602
19981	668	1256	104513	1502	0	107939
19982	515	490	1460	104285	0	106750
19983	393	106360	1106	1793	0	109652
19984	484	1625	428	107379	0	109916
19985	475	960	308	106416	0	108159
19986	561	469	263	104196	0	105489
19987	526	312	223	105090	0	106151
19988	507	329	250	105926	0	107012
19989	516	329	274	106200	0	107319
19990	483	564	103525	2872	0	107444
19991	97346	329	1833	1771	0	101279
19992	2002	278	1137	109404	0	112821
19993	1328	548	108468	2322	0	112666
19994	764	606	108926	1539	0	111835
19995	638	404	3101	108716	0	112859
19996	110335	391	1597	2364	0	114687
19997	2284	689	108933	1396	0	113302
19998	106070	408	2148	864	0	109490
19999	2570	743	112060	517	0	115890
20000	1873	512	2366	109718	0	114469
20001	1112	534	1419	114479	0	117544
20002	837	922	112936	3025	0	117720
20003	102995	531	2262	1819	0	107607
20004	2542	476	1360	109434	0	113812
20005	1743	723	110781	2310	0	115557
20006	1071	695	111858	1514	0	115138
20007	1103	604	3232	99676	0	104615
20008	700	110869	1960	1962	0	115491
20009	112312	2102	841	1440	0	116695
20010	112118	1434	565	882	0	114999
20011	3557	1015	111748	592	0	116912
20012	2079	564	2230	109155	0	114028
20013	111280	472	1417	2701	0	115870
20014	2828	662	111074	1759	0	116323
20015	106733	295	2502	1265	0	110795
20016	2773	109790	1983	839	0	115385
20017	1930	2178	797	111602	0	116507
20018	1230	1319	672	113754	0	116975
20019	116899	619	622	3754	0	121894
20020	2788	434	649	118040	0	121911
20021	1840	436	600	116415	0	119291
20022	1014	358	537	118024	0	119933
20023	113371	344	599	4529	0	118843
20024	2812	691	113398	2387	0	119288
20025	112369	371	2686	1501	0	116927
20026	114308	351	1744	1217	0	117620
20027	116859	340	920	1156	0	119275
20028	4252	794	733	113180	0	118959
20029	2148	702	115664	3065	0	121579
20030	1109	112805	3034	2040	0	118988
20031	846	115329	1983	1233	0	119391
20032	553	104967	801	729	0	107050
20033	691	2848	104173	694	0	108406
20034	740	1290	2195	119785	0	124010
20035	124337	354	1306	3466	0	129463
20036	130282	249	490	2062	0	133083
20037	4676	210	513	132816	0	138215
20038	2190	433	132847	3522	0	138992
20039	928	616	133134	2083	0	136761
20040	752	207	4702	133746	0	139407
20041	570	568	135694	3923	0	140755
20042	775	192	3794	135954	0	140715
20043	733	267	2072	130571	0	133643
20044	491	133866	1245	4955	0	140557
20045	734	3231	666	135023	0	139654
20046	883	1631	632	138867	0	142013
20047	135671	515	636	5665	0	142487
20048	4018	310	618	137338	0	142284
20049	2490	254	580	138159	0	141483
20050	133289	232	623	5704	0	139848
20051	3752	132987	1113	2878	0	140730
20052	135346	3292	766	1457	0	140861
20053	4207	2060	133002	1220	0	140489
20054	131908	698	3728	1233	0	137567
20055	132684	435	2242	1317	0	136678
20056	5518	565	130447	1062	0	137592
20057	2768	652	130486	1071	0	134977
20058	1604	407	5404	124577	0	131992
20059	124536	346	2681	4200	0	131763
20060	4129	558	124117	2538	0	131342
20061	2633	329	4254	123641	0	130857
20062	1372	590	123928	4274	0	130164
20063	1332	351	4412	119911	0	126006
20064	1337	388	2527	122179	0	126431
20065	120934	365	1330	6157	0	128786
20066	121603	440	1077	3548	0	126668
20067	124468	511	995	2114	0	128088
20068	6008	716	121431	1899	0	130054
20069	3049	633	123639	1826	0	129147
20070	1858	470	5725	119749	0	127802
20071	1636	627	2921	121939	0	127123
20072	1632	528	1590	125382	0	129132
20073	118790	588	1319	6400	0	127097
20074	4392	119203	1448	3849	0	128892
20075	116990	3577	1295	2206	0	124068
20076	112660	1982	1239	1973	0	117854
20077	5830	108756	1539	5188	0	121313
20078	3264	115113	1601	1857	0	121835
20079	111985	4648	1499	2228	0	120360
20080	4491	2095	1322	105947	0	113855
20081	3411	108250	1388	4877	0	117926
20082	2877	3491	1160	109545	0	117073
20083	2329	2102	107531	5202	0	117164
20084	2076	853	4539	108676	0	116144
20085	106898	622	3526	5494	0	116540
20086	4533	821	106877	3833	0	116064
20087	2997	769	107436	2959	0	114161
20088	2270	2472	5950	90055	0	100747
20089	1941	98341	3468	4910	0	108660
20090	1795	100584	2064	3764	0	108207
20091	1656	103882	1984	3092	0	110614
20092	98827	4452	1373	3181	0	107833
20093	99792	1933	1533	2949	0	106207
20094	95872	859	1411	2892	0	101034
20095	5480	94234	1678	3160	0	104552
20096	97452	3056	1484	2692	0	104684
20097	97003	2118	1429	2350	0	102900
20098	6098	1570	94566	2168	0	104402
20099	3991	90827	4495	2083	0	101396
20100	3093	3233	3133	90947	0	100406
20101	91628	1938	1968	4394	0	99928
20102	4928	1164	90803	3244	0	100139
20103	3363	755	4632	84936	0	93686
20104	2338	88983	3365	5259	0	99945
20105	2667	3418	2067	88102	0	96254
20106	2643	1898	2034	89599	0	96174
20107	89573	1084	2006	6120	0	98783
20108	90925	1171	2017	3996	0	98109
20109	5766	1173	1950	89416	0	98305
20110	3552	1176	86592	5052	0	96372
20111	2821	1254	87472	3640	0	95187
20112	86430	1105	4746	2449	0	94730
20113	5652	1120	88474	2160	0	97406
20114	4192	1100	4252	72615	0	82159
20115	2663	81893	3568	3648	0	91772
20116	81977	2987	2295	3020	0	90279
20117	4389	81948	2226	2576	0	91139
20118	83092	3252	1744	2739	0	90827
20119	4732	2063	1445	80982	0	89222
20120	3661	1661	1499	81617	0	88438
20121	81803	1565	1421	4838	0	89627
20122	84260	1394	1205	2912	0	89771
20123	6132	1527	1296	81292	0	90247
20124	3977	1764	1342	82096	0	89179
20125	2656	1720	79703	4691	0	88770
20126	2279	1528	80138	3143	0	87088
20127	77710	1352	4433	2673	0	86168
20128	4156	1526	74979	2366	0	83027
20129	74739	1076	3407	2338	0	81560
20130	76514	865	2723	2178	0	82280
20131	5276	962	73101	1867	0	81206
20132	3276	67346	3379	1373	0	75374
20133	2081	68207	2899	1084	0	74271
20134	1362	1675	47310	630	0	50977
20135	1623	3105	2685	39407	0	46820
20136	38506	773	1443	1753	0	42475
20137	37257	271	224	735	0	38487
20138	41279	233	224	435	0	42171
20139	46508	221	194	475	0	47398
20140	46048	217	203	360	0	46828
20141	1921	45719	384	275	0	48299
20142	43547	1140	195	281	0	45163
20143	1311	42658	272	312	0	44553
20144	42041	1115	133	156	0	43445
20145	1281	576	40878	90	0	42825
20146	650	107	1001	39217	0	40975
20147	322	96	508	36709	0	37635
20148	160	39062	219	1291	0	40732
20149	39681	1010	80	554	0	41325
20150	40474	512	69	173	0	41228
20151	1570	301	78	39261	0	41210
20152	702	72	74	40377	0	41225
20153	39999	62	79	1523	0	41663
20154	1153	282	77	40109	0	41621
20155	664	75	69	40974	0	41782
20156	40158	82	61	1534	0	41835
20157	1209	56	64	40384	0	41713
20158	40707	57	66	1204	0	42034
20159	41050	60	78	684	0	41872
20160	1614	117	40492	203	0	42426
20161	40702	62	1038	214	0	42016
20162	40759	76	512	200	0	41547
20163	41366	56	140	188	0	41750
20164	1721	135	38625	351	0	40832
20165	843	84	1036	37630	0	39593
20166	424	90	557	39394	0	40465
20167	316	173	38438	1487	0	40414
20168	37077	90	1075	654	0	38896
20169	1308	91	568	36817	0	38784
20170	746	152	36869	1143	0	38910
20171	374	151	38065	609	0	39199
20172	367	90	1566	37228	0	39251
20173	418	153	38553	1208	0	40332
20174	401	86	1188	38066	0	39741
20175	407	99	629	39015	0	40150
20176	397	181	38886	1677	0	41141
20177	479	155	1153	35280	0	37067
20178	347	37593	736	1298	0	39974
20179	341	39759	327	675	0	41102
20180	38850	1538	199	358	0	40945
20181	38721	640	215	320	0	39896
20182	1801	38208	268	412	0	40689
20183	38718	1125	173	327	0	40343
20184	39197	632	176	317	0	40322
20185	2039	216	142	38034	0	40431
20186	1066	207	153	39258	0	40684
20187	38276	236	128	1823	0	40463
20188	1536	37789	287	930	0	40542
20189	978	39190	319	422	0	40909
20190	654	1674	195	38428	0	40951
20191	601	771	38947	1422	0	41741
20192	37546	247	1274	942	0	40009
20193	39509	191	680	555	0	40935
20194	38434	183	285	499	0	39401
20195	2174	38682	327	429	0	41612
20196	1287	1277	234	37610	0	40408
20197	870	700	229	39847	0	41646
20198	38697	248	230	2051	0	41226
20199	1727	38418	356	1014	0	41515
20200	1279	1271	246	38015	0	40811
20201	847	738	259	39345	0	41189
20202	842	293	230	40035	0	41400
20203	38550	283	263	2162	0	41258
20204	1828	38612	375	1179	0	41994
20205	1336	1360	310	35369	0	38375
20206	807	39073	376	1530	0	41786
20207	38364	1370	296	1052	0	41082
20208	1778	806	38182	690	0	41456
20209	36663	273	1435	765	0	39136
20210	1698	336	37103	722	0	39859
20211	1296	490	1366	34674	0	37826
20212	35074	241	755	1609	0	37679
20213	1695	286	34553	1070	0	37604
20214	35028	185	1306	734	0	37253
20215	36296	165	768	689	0	37918
20216	36794	151	365	665	0	37975
20217	2173	157	338	34841	0	37509
20218	1197	167	357	35396	0	37117
20219	820	159	300	36264	0	37543
20220	34523	164	325	2099	0	37111
20221	1610	34768	451	1066	0	37895
20222	35112	1069	307	658	0	37146
20223	35720	581	359	513	0	37173
20224	2011	315	34476	493	0	37295
20225	34160	200	1211	534	0	36105
20226	35266	191	690	542	0	36689
20227	1905	234	411	34313	0	36863
20228	1104	220	364	34939	0	36627
20229	659	211	368	35558	0	36796
20230	33474	194	360	1802	0	35830
20231	33119	195	338	1048	0	34700
20232	31729	178	317	607	0	32831
20233	1501	30098	388	653	0	32640
20234	561	28247	338	408	0	29554
20235	302	29021	318	409	0	30050
20236	28289	1036	299	461	0	30085
20237	947	451	27507	483	0	29388
20238	395	165	23177	267	0	24004
20239	16748	54	453	136	0	17391
20240	343	93	19292	106	0	19834
20241	181	27	226	16579	0	17013
20242	96	17159	267	195	0	17717
20243	17586	199	111	160	0	18056
20244	17757	121	33	98	0	18009
20245	17003	47	946	73	0	18069
20246	370	35	42	19145	0	19592
20247	189	82	20102	215	0	20588
20248	115	96	19716	131	0	20058
20249	19295	28	273	113	0	19709
20250	20292	36	109	123	0	20560
20251	20206	31	45	104	0	20386
20252	360	40	34	20300	0	20734
20253	204	44	29	20280	0	20557
20254	107	85	20187	276	0	20655
20255	19314	31	206	176	0	19727
20256	259	24	126	20965	0	21374
20257	160	27	50	21055	0	21292
20258	100	141	32	21103	0	21376
20259	71	21064	80	300	0	21515
20260	105	177	29	21014	0	21325
20261	100	101	32	21038	0	21271
20262	20657	36	27	310	0	21030
20263	241	103	20448	143	0	20935
20264	19419	34	195	105	0	19753
20265	20816	32	109	107	0	21064
20266	327	31	40	20652	0	21050
20267	179	27	33	20946	0	21185
20268	20549	20	34	316	0	20919
20269	254	63	20332	154	0	20803
20270	162	20462	236	70	0	20930
20271	86	152	94	20099	0	20431
20272	20089	85	28	212	0	20414
20273	223	25	27	19612	0	19887
20274	181	75	19214	197	0	19667
20275	93	81	19467	134	0	19775
20276	18861	32	210	85	0	19188
20277	210	19	97	20417	0	20743
20278	135	79	20032	176	0	20422
20279	19287	21	157	153	0	19618
20280	21424	25	98	129	0	21676
20281	267	32	30	21547	0	21876
20282	152	16	28	21613	0	21809
20283	69	21682	73	215	0	22039
20284	22458	134	39	169	0	22800
20285	209	63	36	22524	0	22832
20286	142	27	36	22657	0	22862
20287	128	97	22638	180	0	23043
20288	20100	27	109	181	0	20417
20289	22449	21	62	96	0	22628
20290	169	22441	74	58	0	22742
20291	74	140	21673	26	0	21913
20292	58	103	21719	27	0	21907
20293	48	69	84	20978	0	21179
20294	22525	11	36	124	0	22696
20295	87	14	12	22121	0	22234
20296	22738	10	8	126	0	22882
20297	22923	6	19	100	0	23048
20298	23525	8	18	90	0	23641
20299	102	17	13	23569	0	23701
20300	70	17	19	23838	0	23944
20301	23929	7	13	146	0	24095
20302	66	81	24990	39	0	25176
20303	21790	12	42	91	0	21935
20304	22893	13	19	66	0	22991
20305	49	54	24160	18	0	24281
20306	36	78	24057	29	0	24200
20307	22	24297	85	25	0	24429
20308	26	40	15	24560	0	24641
20309	22277	138	34	151	0	22600
20310	31	8	7	24646	0	24692
20311	37	88	24973	36	0	25134
20312	15	24713	44	51	0	24823
20313	18	25155	57	27	0	25257
20314	30	29	13	26978	0	27050
20315	30	18	9	26768	0	26825
20316	15	27396	54	63	0	27528
20317	24	124	27006	27	0	27181
20318	24477	33	40	110	0	24660
20319	28154	7	18	70	0	28249
20320	51	28252	80	20	0	28403
20321	27715	40	8	72	0	27835
20322	59	40	4	27021	0	27124
20323	27154	8	11	113	0	27286
20324	65	8	5	27320	0	27398
20325	32	30149	55	77	0	30313
20326	29	234	30892	64	0	31219
20327	48	71	154	34062	0	34335
20328	63	20	91	34144	0	34318
20329	49	13	19	36100	0	36181
20330	36786	17	18	459	0	37280
20331	335	9	11	37194	0	37549
20332	212	135	38513	366	0	39226
20333	70	139	39016	215	0	39440
20334	38390	18	643	134	0	39185
20335	488	140	40521	48	0	41197
20336	39649	17	500	93	0	40259
20337	538	16	276	42334	0	43164
20338	341	16	44	43487	0	43888
20339	88	18	42	45455	0	45603
20340	111	20	33	44501	0	44665
20341	43126	12	34	1020	0	44192
20342	631	158	44417	429	0	45635
20343	443	29	629	42683	0	43784
20344	55	45379	457	653	0	46544
20345	45170	641	65	459	0	46335
20346	696	360	38	43879	0	44973
20347	43283	51	42	784	0	44160
20348	717	152	43012	428	0	44309
20349	510	43	704	39869	0	41126
20350	84	42831	475	688	0	44078
20351	43087	637	96	506	0	44326
20352	733	468	42983	226	0	44410
20353	546	63	711	41433	0	42753
20354	190	34	448	43373	0	44045
20355	42672	38	128	1162	0	44000
20356	776	143	42489	570	0	43978
20357	528	134	43065	194	0	43921
20358	238	36	1175	42148	0	43597
20359	209	130	43544	811	0	44694
20360	170	149	43863	561	0	44743
20361	246	98	1182	43023	0	44549
20362	230	43	566	44545	0	45384
20363	191	56	230	47058	0	47535
20364	46174	22	153	1483	0	47832
20365	849	46650	297	777	0	48573
20366	46776	772	191	415	0	48154
20367	988	493	218	45832	0	47531
20368	629	46820	251	1072	0	48772
20369	313	868	142	48444	0	49767
20370	50131	473	164	1230	0	51998
20371	1057	52305	320	838	0	54520
20372	824	1035	161	54639	0	56659
20373	337	780	55187	1350	0	57654
20374	54229	210	1229	952	0	56620
20375	1298	161	798	54998	0	57255
20376	950	143	289	56110	0	57492
20377	392	248	54858	2016	0	57514
20378	347	217	54917	1110	0	56591
20379	52324	112	1901	575	0	54912
20380	1355	53532	1064	469	0	56420
20381	915	1152	401	53078	0	55546
20382	53787	717	375	1490	0	56369
20383	1396	297	54069	982	0	56744
20384	859	53254	1551	557	0	56221
20385	468	1173	902	53227	0	55770
20386	53906	724	392	1692	0	56714
20387	52906	253	338	1206	0	54703
20388	54222	197	331	691	0	55441
20389	1981	52879	486	572	0	55918
20390	1008	1370	52947	545	0	55870
20391	591	772	1341	53332	0	56036
20392	595	381	986	49040	0	51002
20393	536	235	404	54702	0	55877
20394	487	229	390	54537	0	55643
20395	53074	236	372	2344	0	56026
20396	52931	220	424	1345	0	54920
20397	2135	344	51951	747	0	55177
20398	1115	295	51391	710	0	53511
20399	49985	200	1986	735	0	52906
20400	51739	219	1057	764	0	53779
20401	2155	215	508	48834	0	51712
20402	1160	50382	597	1534	0	53673
20403	49982	1270	441	1196	0	52889
20404	1457	49726	485	775	0	52443
20405	1073	50251	527	673	0	52524
20406	684	1780	408	51349	0	54221
20407	659	892	359	52856	0	54766
20408	594	424	408	53433	0	54859
20409	601	290	407	53651	0	54949
20410	539	441	51201	2281	0	54462
20411	49426	336	1344	1286	0	52392
20412	52229	314	911	798	0	54252
20413	2201	285	438	50471	0	53395
20414	1254	287	419	49968	0	51928
20415	49254	280	442	2241	0	52217
20416	1559	433	46512	1313	0	49817
20417	48110	266	1382	796	0	50554
20418	48630	250	933	810	0	50623
20419	2179	367	47230	754	0	50530
20420	48799	229	1571	722	0	51321
20421	1816	260	964	49312	0	52352
20422	1256	245	538	50203	0	52242
20423	846	236	446	50586	0	52114
20424	885	235	388	49946	0	51454
20425	45283	244	404	2193	0	48124
20426	1632	300	382	45048	0	47362
20427	995	192	287	40865	0	42339
20428	488	38078	341	1834	0	40741
20429	382	39343	422	1125	0	41272
20430	451	1210	249	38604	0	40514
20431	37911	640	195	1175	0	39921
20432	1194	270	158	36616	0	38238
20433	696	258	34757	1047	0	36758
20434	368	258	32796	651	0	34073
20435	31615	150	1099	462	0	33326
20436	863	32750	674	410	0	34697
20437	31044	605	254	356	0	32259
20438	850	483	31798	315	0	33446
20439	750	767	628	30137	0	32282
20440	30569	122	491	722	0	31904
20441	697	30594	328	521	0	32140
20442	30154	540	275	352	0	31321
20443	810	460	33317	288	0	34875
20444	610	163	566	33081	0	34420
20445	319	121	384	35013	0	35837
20446	36031	107	218	1086	0	37442
20447	36186	117	181	556	0	37040
20448	37487	132	115	379	0	38113
20449	37471	141	82	313	0	38007
20450	37790	127	92	349	0	38358
20451	937	37021	250	271	0	38479
20452	560	519	141	37655	0	38875
20453	38790	344	135	789	0	40058
20454	750	131	100	38647	0	39628
20455	599	87	100	38708	0	39494
20456	409	158	98	38847	0	39512
20457	319	37767	185	951	0	39222
20458	38162	515	134	568	0	39379
20459	626	311	145	37610	0	38692
20460	37006	105	110	772	0	37993
20461	36103	70	98	605	0	36876
20462	826	35268	213	320	0	36627
20463	34943	379	85	269	0	35676
20464	625	371	34087	196	0	35279
20465	33687	89	486	206	0	34468
20466	576	138	313	34187	0	35214
20467	443	139	34612	470	0	35664
20468	275	34649	441	449	0	35814
20469	280	435	34232	218	0	35165
20470	86	31027	270	98	0	31481
20471	28660	580	709	310	0	30259
20472	27645	105	75	128	0	27953
20473	27544	32	29	125	0	27730
20474	144	27449	67	60	0	27720
20475	27152	76	18	112	0	27358
20476	93	167	27201	55	0	27516
20477	81	230	27088	43	0	27442
20478	77	33	88	26712	0	26910
20479	49	16	34	28884	0	28983
20480	27	28816	99	189	0	29131
20481	29174	94	10	130	0	29408
20482	124	57	19	29264	0	29464
20483	70	29339	91	116	0	29616
20484	57	108	12	29828	0	30005
20485	29500	68	22	192	0	29782
20486	28499	24	18	143	0	28684
20487	187	118	27572	56	0	27933
20488	161	36	129	27866	0	28192
20489	50	275	28115	140	0	28580
20490	50	41	126	28514	0	28731
20491	61	134	28722	161	0	29078
20492	68	32	149	28436	0	28685
20493	143	144	28670	165	0	29122
20494	77	19	145	28403	0	28644
20495	53	153	29156	176	0	29538
20496	77	34	164	28597	0	28872
20497	79	15	86	29693	0	29873
20498	32	30175	117	267	0	30591
20499	61	161	32	31327	0	31581
20500	54	231	30549	206	0	31040
20501	65	44	189	30201	0	30499
20502	65	43	90	31069	0	31267
20503	31318	27	33	329	0	31707
20504	210	30	24	31976	0	32240
20505	147	26	24	31613	0	31810
20506	63	128	30060	285	0	30536
20507	27994	27	193	210	0	28424
20508	207	24	108	30390	0	30729
20509	128	24	48	30544	0	30744
20510	68	20	39	30830	0	30957
20511	30702	11	45	357	0	31115
20512	220	15	52	31198	0	31485
20513	133	24	49	31271	0	31477
20514	30738	14	42	397	0	31191
20515	194	30815	116	246	0	31371
20516	160	196	28	30791	0	31175
20517	82	119	31	31006	0	31238
20518	53	134	30243	349	0	30779
20519	22924	66	248	383	0	23621
20520	237	22	216	29692	0	30167
20521	129	117	28757	274	0	29277
20522	28196	18	204	360	0	28778
20523	247	18	133	29791	0	30189
20524	168	20	48	31092	0	31328
20525	99	20	43	31280	0	31442
20526	94	16	43	31962	0	32115
20527	64	121	34338	498	0	35021
20528	89	34	407	34107	0	34637
20529	107	18	201	45631	0	45957
20530	70	187	52555	1124	0	53936
20531	53198	32	1233	616	0	55079
20532	56291	40	581	345	0	57257
20533	56736	35	198	219	0	57188
20534	2061	42	105	54887	0	57095
20535	56104	51	71	1393	0	57619
20536	57050	34	62	732	0	57878
20537	2011	34	56	55589	0	57690
20538	54869	42	83	1485	0	56479
20539	54865	45	73	818	0	55801
20540	55359	35	70	384	0	55848
20541	55673	23	65	248	0	56009
20542	2180	28	73	52318	0	54599
20543	899	49741	146	1366	0	52152
20544	378	50209	185	722	0	51494
20545	193	50553	162	367	0	51275
20546	47460	1915	73	298	0	49746
20547	48913	778	79	271	0	50041
20548	1973	332	47117	189	0	49611
20549	47775	123	1319	230	0	49447
20550	1780	57	654	48548	0	51039
20551	999	46	245	49491	0	50781
20552	578	40	105	50270	0	50993
20553	47590	47	82	2281	0	50000
20554	1624	43	58	47692	0	49417
20555	854	46729	195	1703	0	49481
20556	581	1285	77	47920	0	49863
20557	389	767	47782	1643	0	50581
20558	440	209	1353	48676	0	50678
20559	48386	95	669	1764	0	50914
20560	1709	218	48133	864	0	50924
20561	1084	98	1393	47822	0	50397
20562	623	126	685	48502	0	49936
20563	488	259	246	48262	0	49255
20564	354	48660	234	2254	0	51502
20565	473	1445	116	49416	0	51450
20566	48999	695	108	1837	0	51639
20567	49119	275	155	1019	0	50568
20568	2319	261	47319	506	0	50405
20569	1200	222	48241	408	0	50071
20570	709	102	1988	46680	0	49479
20571	490	140	880	49065	0	50575
20572	423	268	47832	2294	0	50817
20573	562	205	1521	42746	0	45034
20574	438	47047	906	1634	0	50025
20575	48462	1423	314	1001	0	51200
20576	48539	718	240	572	0	50069
20577	48241	282	245	555	0	49323
20578	2695	268	47054	495	0	50512
20579	1394	152	1452	46737	0	49735
20580	739	201	46941	1786	0	49667
20581	44839	143	1620	1108	0	47710
20582	1727	46090	908	690	0	49415
20583	1143	1447	343	45533	0	48466
20584	45807	794	204	1798	0	48603
20585	1848	364	219	46181	0	48612
20586	1208	293	241	47799	0	49541
20587	749	289	46243	2362	0	49643
20588	44131	177	1565	1312	0	47185
20589	1901	46214	1054	690	0	49859
20590	1244	1365	431	46357	0	49397
20591	46477	738	275	1885	0	49375
20592	1966	371	240	46766	0	49343
20593	46490	283	211	1982	0	48966
20594	2051	45980	372	1214	0	49617
20595	47082	1361	229	814	0	49486
20596	2113	860	46842	602	0	50417
20597	46956	333	1527	602	0	49418
20598	47574	242	887	650	0	49353
20599	47851	233	499	676	0	49259
20600	2891	240	355	45614	0	49100
20601	1661	453	290	44968	0	47372
20602	1108	392	223	45394	0	47117
20603	761	44296	361	2491	0	47909
20604	44664	1487	251	1377	0	47779
20605	2143	785	264	44397	0	47589
20606	1436	438	315	45471	0	47660
20607	1043	251	328	46277	0	47899
20608	44517	224	326	2637	0	47704
20609	1998	213	295	45289	0	47795
20610	1213	324	43695	2207	0	47439
20611	686	43467	1497	1456	0	47106
20612	663	1553	760	44091	0	47067
20613	609	929	423	45208	0	47169
20614	643	509	318	46323	0	47793
20615	628	388	43806	2546	0	47368
20616	708	309	44564	1344	0	46925
20617	659	185	2197	44446	0	47487
20618	684	265	46760	2005	0	49714
20619	628	184	1728	47349	0	49889
20620	47518	196	903	2340	0	50957
20621	49549	211	436	1586	0	51782
20622	49917	302	297	1023	0	51539
20623	2568	444	47593	770	0	51375
20624	46275	316	1505	686	0	48782
20625	2146	248	912	46959	0	50265
20626	1211	226	47050	1816	0	50303
20627	707	234	45584	1087	0	47612
20628	563	44477	2104	875	0	48019
20629	367	34966	642	304	0	36279
20630	26120	706	1258	379	0	28463
20631	487	165	121	25550	0	26323
20632	242	131	26243	457	0	27073
20633	146	35	358	26173	0	26712
20634	26349	43	207	517	0	27116
20635	428	128	28430	248	0	29234
20636	27887	54	441	218	0	28600
20637	29973	42	211	162	0	30388
20638	29694	40	77	189	0	30000
20639	656	29418	143	143	0	30360
20640	30710	413	77	204	0	31404
20641	553	206	78	30640	0	31477
20642	330	79	69	30634	0	31112
20643	194	45	63	31138	0	31440
20644	157	31	79	30935	0	31202
20645	29858	34	62	759	0	30713
20646	504	29476	120	367	0	30467
20647	247	28851	98	135	0	29331
20648	114	30082	127	110	0	30433
20649	29701	578	125	167	0	30571
20650	29675	218	123	162	0	30178
20651	29421	68	69	158	0	29716
20652	29456	45	70	148	0	29719
20653	679	38	65	29417	0	30199
20654	293	36	79	29829	0	30237
20655	29364	42	59	653	0	30118
20656	449	29201	131	299	0	30080
20657	28656	384	58	164	0	29262
20658	28918	188	70	150	0	29326
20659	632	76	44	28551	0	29303
20660	272	29161	107	632	0	30172
20661	169	405	56	29900	0	30530
20662	29266	181	51	561	0	30059
20663	507	159	30121	270	0	31057
20664	319	48	419	28687	0	29473
20665	134	30186	271	409	0	31000
20666	29880	417	83	267	0	30647
20667	29338	227	48	204	0	29817
20668	648	165	30361	98	0	31272
20669	290	29648	486	124	0	30548
20670	184	508	30702	105	0	31499
20671	128	377	420	29422	0	30347
20672	125	194	30356	432	0	31107
20673	119	142	30048	231	0	30540
20674	105	29759	623	123	0	30610
20675	29778	376	196	142	0	30492
20676	29753	181	79	141	0	30154
20677	543	30466	125	177	0	31311
20678	278	30849	119	98	0	31344
20679	174	601	29297	99	0	30171
20680	123	304	29462	95	0	29984
20681	114	168	30443	107	0	30832
20682	143	73	544	30009	0	30769
20683	153	150	30864	425	0	31592
20684	162	94	402	29595	0	30253
20685	156	97	211	30038	0	30502
20686	145	183	30264	542	0	31134
20687	156	30089	468	262	0	30975
20688	202	417	194	29817	0	30630
20689	29445	222	99	538	0	30304
20690	522	97	65	29990	0	30674
20691	321	184	30124	478	0	31107
20692	175	29918	469	299	0	30861
20693	145	31635	291	147	0	32218
20694	203	621	97	30636	0	31557
20695	30973	256	76	507	0	31812
20696	30820	123	83	306	0	31332
20697	709	152	85	29918	0	30864
20698	335	31123	141	606	0	32205
20699	212	587	82	31384	0	32265
20700	226	258	73	32142	0	32699
20701	207	130	91	32465	0	32893
20702	32896	126	75	863	0	33960
20703	639	33118	149	384	0	34290
20704	33691	561	97	250	0	34599
20705	34026	330	102	206	0	34664
20706	33966	166	95	197	0	34424
20707	34454	129	99	205	0	34887
20708	976	129	98	33319	0	34522
20709	472	184	33565	665	0	34886
20710	225	33461	662	421	0	34769
20711	34467	604	342	296	0	35709
20712	34876	354	131	255	0	35616
20713	35195	165	82	242	0	35684
20714	987	228	33922	148	0	35285
20715	33430	139	583	176	0	34328
20716	34686	143	328	154	0	35311
20717	1012	212	139	33993	0	35356
20718	486	268	31953	616	0	33323
20719	228	31671	687	391	0	32977
20720	237	679	322	31123	0	32361
20721	30714	304	138	647	0	31803
20722	686	125	124	30476	0	31411
20723	432	112	113	32216	0	32873
20724	33520	112	106	931	0	34669
20725	779	219	33078	432	0	34508
20726	32584	103	669	231	0	33587
20727	32349	90	394	222	0	33055
20728	32383	90	186	189	0	32848
20729	32078	109	122	186	0	32495
20730	1097	151	30977	138	0	32363
20731	586	98	640	30292	0	31616
20732	264	173	31404	647	0	32488
20733	254	261	695	30996	0	32206
20734	210	159	31403	717	0	32489
20735	27078	73	657	490	0	28298
20736	674	27795	477	191	0	29137
20737	440	29325	206	139	0	30110
20738	267	897	131	31006	0	32301
20739	269	507	112	31360	0	32248
20740	355	33519	149	1085	0	35108
20741	34193	860	63	529	0	35645
20742	35805	495	101	210	0	36611
20743	37766	136	65	203	0	38170
20744	40843	94	99	178	0	41214
20745	1817	77	63	39977	0	41934
20746	915	85	94	42047	0	43141
20747	41671	88	98	1848	0	43705
20748	1392	63	82	41322	0	42859
20749	885	168	39918	1562	0	42533
20750	383	189	40800	818	0	42190
20751	343	148	1814	40953	0	43258
20752	290	161	41469	1298	0	43218
20753	40303	58	1375	857	0	42593
20754	1396	60	821	40857	0	43134
20755	41556	45	263	1400	0	43264
20756	1476	165	41437	859	0	43937
20757	972	71	1310	41169	0	43522
20758	356	170	42327	1371	0	44224
20759	288	41355	1466	911	0	44020
20760	40765	1227	967	377	0	43336
20761	41316	742	337	281	0	42676
20762	2019	40288	272	214	0	42793
20763	40428	1244	131	255	0	42058
20764	1636	755	143	39135	0	41669
20765	1074	206	133	40255	0	41668
20766	38946	131	139	2039	0	41255
20767	1482	37932	245	982	0	40641
20768	956	39435	243	392	0	41026
20769	505	1864	142	38303	0	40814
20770	37642	838	134	1488	0	40102
20771	38402	252	173	933	0	39760
20772	38817	168	185	403	0	39573
20773	2223	237	36902	298	0	39660
20774	1133	228	37233	318	0	38912
20775	540	36601	2041	293	0	39475
20776	36975	1271	895	311	0	39452
20777	1638	777	316	35572	0	38303
20778	36429	236	262	1455	0	38382
20779	36778	153	224	953	0	38108
20780	2379	137	231	35482	0	38229
20781	1263	243	35594	1525	0	38625
20782	35460	149	1377	1007	0	37993
20783	1726	147	891	35480	0	38244
20784	1139	230	35524	1529	0	38422
20785	34671	160	1407	1047	0	37285
20786	36246	127	916	568	0	37857
20787	2303	135	391	35070	0	37899
20788	1247	220	34945	1584	0	37996
20789	725	165	1410	32856	0	35156
20790	562	34824	1038	1524	0	37948
20791	666	1326	34601	1006	0	37599
20792	580	35337	1512	507	0	37936
20793	34479	1351	983	431	0	37244
20794	35425	842	407	419	0	37093
20795	35629	294	354	439	0	36716
20796	35789	223	352	417	0	36781
20797	2601	232	335	33531	0	36699
20798	33841	215	287	1463	0	35806
20799	1821	196	292	33478	0	35787
20800	32651	204	311	1565	0	34731
20801	1693	32080	381	1090	0	35244
20802	1182	1173	248	29573	0	32176
20803	620	31374	335	1375	0	33704
20804	31390	1247	236	920	0	33793
20805	31578	764	241	509	0	33092
20806	2019	30553	382	461	0	33415
20807	1286	1219	301	30450	0	33256
20808	678	843	30300	1346	0	33167
20809	686	495	1222	30503	0	32906
20810	627	324	30794	1352	0	33097
20811	697	262	1248	26757	0	28964
20812	568	29134	893	1237	0	31832
20813	29724	1137	358	835	0	32054
20814	30445	747	286	486	0	31964
20815	2095	288	258	29452	0	32093
20816	31108	230	272	1371	0	32981
20817	1680	218	290	30731	0	32919
20818	1197	244	257	31403	0	33101
20819	740	227	243	32133	0	33343
20820	31365	183	229	1973	0	33750
20821	31911	166	216	1098	0	33391
20822	32182	171	228	542	0	33123
20823	2005	29309	312	482	0	32108
20824	28409	997	229	395	0	30030
20825	1329	27703	332	323	0	29687
20826	28030	1060	207	335	0	29632
20827	1435	677	184	26671	0	28967
20828	1023	250	188	27407	0	28868
20829	26759	214	175	1514	0	28662
20830	27121	190	187	851	0	28349
20831	1728	26202	261	387	0	28578
20832	26597	937	178	369	0	28081
20833	1369	572	141	25151	0	27233
20834	923	226	125	25776	0	27050
20835	24889	167	139	1475	0	26670
20836	1232	202	24563	763	0	26760
20837	870	23462	858	389	0	25579
20838	492	722	416	20137	0	21767
20839	333	426	18774	656	0	20189
20840	341	536	548	17479	0	18904
20841	17612	82	359	709	0	18762
20842	655	16628	173	483	0	17939
20843	349	14959	116	212	0	15636
20844	137	12584	72	89	0	12882
20845	386	694	306	10854	0	12240
20846	11096	109	258	228	0	11691
20847	193	27	21	11069	0	11310
20848	10923	23	9	183	0	11138
20849	10961	18	13	94	0	11086
20850	243	12	8	10856	0	11119
20851	10831	20	22	190	0	11063
20852	209	24	12	10840	0	11085
20853	104	48	10612	182	0	10946
20854	9901	20	151	113	0	10185
20855	170	46	10937	62	0	11215
20856	9604	18	127	51	0	9800
20857	170	43	10337	31	0	10581
20858	96	12	102	9509	0	9719
20859	43	24	56	10151	0	10274
20860	10246	20	8	176	0	10450
20861	133	28	7	10746	0	10914
20862	10711	18	7	147	0	10883
20863	136	10613	28	94	0	10871
20864	11065	108	19	63	0	11255
20865	147	75	10	11506	0	11738
20866	104	21	9	11751	0	11885
20867	65	24	11	11818	0	11918
20868	73	15	18	11867	0	11973
20869	41	46	11502	171	0	11760
20870	41	48	11377	89	0	11555
20871	41	16	158	11661	0	11876
20872	43	44	12017	133	0	12237
20873	34	11882	139	105	0	12160
20874	57	116	61	11931	0	12165
20875	37	91	12779	133	0	13040
20876	44	47	12791	90	0	12972
20877	46	63	183	12615	0	12907
20878	55	14	65	12911	0	13045
20879	35	13216	47	195	0	13493
20880	42	146	20	13336	0	13544
20881	32	126	13293	157	0	13608
20882	12466	17	165	116	0	12764
20883	195	15	94	13637	0	13941
20884	13514	15	25	200	0	13754
20885	13555	15	24	142	0	13736
20886	14152	26	25	76	0	14279
20887	270	45	14223	46	0	14584
20888	113	29	13935	41	0	14118
20889	11936	22	261	95	0	12314
20890	207	45	14037	39	0	14328
20891	114	25	183	13452	0	13774
20892	63	20	99	14023	0	14205
20893	61	51	14203	277	0	14592
20894	33	14281	207	135	0	14656
20895	14109	178	108	82	0	14477
20896	195	14666	50	56	0	14967
20897	102	15218	70	55	0	15445
20898	14928	253	51	71	0	15303
20899	205	121	16082	49	0	16457
20900	123	61	16127	51	0	16362
20901	61	33	323	15481	0	15898
20902	15934	24	121	262	0	16341
20903	217	16410	91	137	0	16855
20904	16482	233	49	74	0	16838
20905	259	157	17310	65	0	17791
20906	132	18354	281	59	0	18826
20907	65	250	134	18749	0	19198
20908	67	169	19536	290	0	20062
20909	71	31	273	19389	0	19764
20910	82	72	152	18059	0	18365
20911	82	29	52	19970	0	20133
20912	91	27	48	20090	0	20256
20913	19525	25	59	417	0	20026
20914	19425	31	57	203	0	19716
20915	415	67	19934	69	0	20485
20916	18246	30	311	101	0	18688
20917	303	18956	193	71	0	19523
20918	18964	241	69	85	0	19359
20919	525	183	19162	62	0	19932
20920	165	41	279	18795	0	19280
20921	79	84	19590	291	0	20044
20922	54	74	20061	148	0	20337
20923	91	55	423	19318	0	19887
20924	82	36	161	20037	0	20316
20925	75	90	19897	426	0	20488
20926	55	19472	359	192	0	20078
20927	67	20226	194	86	0	20573
20928	91	407	70	20107	0	20675
20929	19617	154	141	347	0	20259
20930	356	20477	112	210	0	21155
20931	176	352	20817	96	0	21441
20932	80	174	20528	79	0	20861
20933	77	104	21037	66	0	21284
20934	100	64	434	19912	0	20510
20935	20735	46	203	337	0	21321
20936	318	20940	119	194	0	21571
20937	230	363	20436	89	0	21118
20938	63	20652	386	87	0	21188
20939	93	317	205	20577	0	21192
20940	85	198	20747	355	0	21385
20941	57	21230	381	222	0	21890
20942	101	293	179	20555	0	21128
20943	127	152	78	21373	0	21730
20944	79	106	21946	430	0	22561
20945	97	74	339	20659	0	21169
20946	86	21362	218	439	0	22105
20947	92	365	21266	173	0	21896
20948	20229	183	360	120	0	20892
20949	350	64	194	21524	0	22132
20950	206	59	106	21264	0	21635
20951	74	21536	148	418	0	22176
20952	21192	297	92	225	0	21806
20953	339	190	20939	98	0	21566
20954	20430	78	348	114	0	20970
20955	344	157	187	21177	0	21865
20956	160	21626	136	306	0	22228
20957	86	298	86	21839	0	22309
20958	94	153	91	22852	0	23190
20959	22484	61	77	495	0	23117
20960	22444	69	97	250	0	22860
20961	445	51	96	22564	0	23156
20962	191	117	22429	363	0	23100
20963	19501	68	365	269	0	20203
20964	326	22637	250	108	0	23321
20965	227	332	83	22815	0	23457
20966	116	203	93	23543	0	23955
20967	123	75	101	23886	0	24185
20968	79	128	23412	526	0	24145
20969	78	82	368	22533	0	23061
20970	72	23315	270	378	0	24035
20971	133	340	102	22635	0	23210
20972	60	23200	149	371	0	23780
20973	78	327	103	23199	0	23707
20974	69	239	22898	409	0	23615
20975	19713	79	344	260	0	20396
20976	338	69	202	22472	0	23081
20977	178	138	23741	332	0	24389
20978	61	23749	371	315	0	24496
20979	23422	294	176	153	0	24045
20980	291	226	23580	102	0	24199
20981	22447	65	291	119	0	22922
20982	299	62	158	23755	0	24274
20983	186	44	102	23494	0	23826
20984	58	24050	137	353	0	24598
20985	23838	251	69	222	0	24380
20986	23276	167	88	143	0	23674
20987	357	25262	113	103	0	25835
20988	191	257	55	25532	0	26035
20989	88	147	68	25657	0	25960
20990	78	79	70	25700	0	25927
20991	65	133	25175	417	0	25790
20992	23021	71	332	278	0	23702
20993	314	48	178	25270	0	25810
20994	179	63	84	25798	0	26124
20995	105	109	25003	439	0	25656
20996	68	125	24624	236	0	25053
20997	91	53	417	25166	0	25727
20998	62	97	25521	364	0	26044
20999	22804	35	342	226	0	23407
21000	296	35	173	24451	0	24955
21001	166	34	92	24589	0	24881
21002	109	114	25652	417	0	26292
21003	98	53	280	25982	0	26413
21004	66	109	26763	369	0	27307
21005	40	25530	363	225	0	26158
21006	24161	261	318	159	0	24899
21007	24011	124	133	123	0	24391
21008	326	23826	109	81	0	24342
21009	201	255	29	24195	0	24680
21010	102	198	24438	280	0	25018
21011	83	81	232	24308	0	24704
21012	24209	40	140	357	0	24746
21013	244	24964	132	191	0	25531
21014	24842	222	48	152	0	25264
21015	280	135	41	24561	0	25017
21016	24721	70	37	299	0	25127
21017	278	24308	96	183	0	24865
21018	24389	219	37	157	0	24802
21019	288	172	23331	85	0	23876
21020	147	23478	274	57	0	23956
21021	101	187	118	23655	0	24061
21022	24344	105	68	261	0	24778
21023	24293	72	43	178	0	24586
21024	344	33	30	24284	0	24691
21025	24540	29	31	278	0	24878
21026	24323	20	95	190	0	24628
21027	24947	23	35	160	0	25165
21028	403	32	25	24736	0	25196
21029	210	99	25139	252	0	25700
21030	104	87	23935	165	0	24291
21031	75	106	24595	109	0	24885
21032	24016	34	388	96	0	24534
21033	274	23	189	24984	0	25470
21034	156	25536	139	278	0	26109
21035	138	251	48	25272	0	25709
21036	54	25853	102	276	0	26285
21037	26052	280	39	202	0	26573
21038	299	163	37	26234	0	26733
21039	188	73	49	27012	0	27322
21040	26857	48	39	484	0	27428
21041	363	36	37	26824	0	27260
21042	248	32	38	27257	0	27575
21043	27372	34	39	569	0	28014
21044	418	100	27453	259	0	28230
21045	257	34	369	27355	0	28015
21046	139	113	27586	412	0	28250
21047	26261	32	484	278	0	27055
21048	416	30	215	27757	0	28418
21049	27955	34	111	466	0	28566
21050	496	38	60	28316	0	28910
21051	272	108	29615	483	0	30478
21052	178	44	409	29800	0	30431
21053	30570	37	227	522	0	31356
21054	438	31335	163	327	0	32263
21055	264	476	31005	136	0	31881
21056	28595	216	449	161	0	29421
21057	463	32878	285	105	0	33731
21058	229	32817	150	93	0	33289
21059	126	35432	121	84	0	35763
21060	137	775	47	38164	0	39123
21061	40154	330	49	692	0	41225
21062	41839	118	62	417	0	42436
21063	1076	155	41391	162	0	42784
21064	40157	67	738	174	0	41136
21065	819	40296	473	198	0	41786
21066	624	679	106	38972	0	40381
21067	42131	333	66	762	0	43292
21068	42714	104	53	446	0	43317
21069	43032	62	42	213	0	43349
21070	42506	45	61	138	0	42750
21071	43090	60	61	132	0	43343
21072	1223	61	54	41994	0	43332
21073	527	140	42114	772	0	43553
21074	288	67	704	42247	0	43306
21075	245	62	369	42453	0	43129
21076	42087	43	120	1100	0	43350
21077	842	40369	129	511	0	41851
21078	41054	712	80	241	0	42087
21079	41724	391	80	218	0	42413
21080	42751	134	88	225	0	43198
21081	43652	85	83	215	0	44035
21082	1275	151	42195	162	0	43783
21083	42517	76	747	204	0	43544
21084	43867	83	389	184	0	44523
21085	38934	121	240	265	0	39560
21086	44124	81	85	165	0	44455
21087	1344	70	90	41401	0	42905
21088	725	177	40702	785	0	42389
21089	39775	72	741	521	0	41109
21090	961	41796	496	241	0	43494
21091	652	675	142	40091	0	41560
21092	328	42234	189	729	0	43480
21093	335	719	96	42893	0	44043
21094	43272	402	94	875	0	44643
21095	43591	143	116	530	0	44380
21096	43818	109	110	278	0	44315
21097	1304	203	41047	169	0	42723
21098	41087	94	711	235	0	42127
21099	1021	200	41860	166	0	43247
21100	681	220	43770	180	0	44851
21101	407	193	45446	164	0	46210
21102	594	129	1077	40524	0	42324
21103	406	88	452	43324	0	44270
21104	406	79	171	43718	0	44374
21105	399	110	143	43738	0	44390
21106	399	101	138	42785	0	43423
21107	399	204	155	42467	0	43225
21108	332	43682	225	1295	0	45534
21109	42622	740	137	576	0	44075
21110	877	44513	250	276	0	45916
21111	676	782	120	44514	0	46092
21112	418	474	103	45477	0	46472
21113	44327	150	135	1235	0	45847
21114	1008	44449	254	581	0	46292
21115	44887	736	179	305	0	46107
21116	1097	461	182	44478	0	46218
21117	825	174	156	45087	0	46242
21118	514	179	188	45599	0	46480
21119	439	270	44810	1241	0	46760
21120	499	149	780	45230	0	46658
21121	448	239	44533	943	0	46163
21122	467	210	43389	611	0	44677
21123	495	244	47055	360	0	48154
21124	553	154	1078	46478	0	48263
21125	556	124	503	48592	0	49775
21126	534	223	211	49660	0	50628
21127	48557	170	205	1456	0	50388
21128	1138	179	194	49938	0	51449
21129	50665	145	200	1180	0	52190
21130	1281	49800	306	761	0	52148
21131	53254	861	190	481	0	54786
21132	55211	536	200	458	0	56405
21133	1734	56738	320	370	0	59162
21134	58341	942	128	435	0	59846
21135	58107	717	170	483	0	59477
21136	59565	173	196	405	0	60339
21137	59619	119	208	385	0	60331
21138	1987	270	58376	328	0	60961
21139	1045	58065	1111	309	0	60530
21140	700	981	625	57920	0	60226
21141	58142	531	254	1240	0	60167
21142	1259	296	58120	777	0	60452
21143	853	57355	1081	417	0	59706
21144	573	883	572	54047	0	56075
21145	489	58813	380	964	0	60646
21146	572	987	176	58721	0	60456
21147	607	605	165	59467	0	60844
21148	570	372	59166	1386	0	61494
21149	566	291	57897	701	0	59455
21150	51884	178	1365	467	0	53894
21151	1200	282	58488	261	0	60231
21152	886	325	58279	301	0	59791
21153	625	171	1355	55145	0	57296
21154	526	227	711	54331	0	55795
21155	385	56386	442	1336	0	58549
21156	394	60634	386	798	0	62212
21157	684	1467	58573	331	0	61055
21158	459	644	1054	58418	0	60575
21159	303	345	58038	1081	0	59767
21160	222	212	52582	556	0	53572
21161	153	52192	1202	221	0	53768
21162	157	706	537	50345	0	51745
21163	50908	412	200	746	0	52266
21164	748	143	105	51292	0	52288
21165	51323	92	117	853	0	52385
21166	51128	92	134	535	0	51889
21167	50712	98	138	272	0	51220
21168	1109	253	49853	150	0	51365
21169	49053	101	735	215	0	50104
21170	853	92	445	51027	0	52417
21171	51371	86	185	859	0	52501
21172	51355	87	127	576	0	52145
21173	1073	50200	238	504	0	52015
21174	51017	719	141	253	0	52130
21175	844	568	50881	165	0	52458
21176	48456	168	755	255	0	49634
21177	49831	120	479	257	0	50687
21178	1057	50810	331	176	0	52374
21179	50607	734	155	227	0	51723
21180	912	440	166	48405	0	49923
21181	607	166	170	48483	0	49426
21182	253	48814	275	1082	0	50424
21183	313	691	170	48927	0	50101
21184	283	469	144	49608	0	50504
21185	293	302	48300	1100	0	49995
21186	284	235	47343	573	0	48435
21187	44540	150	1123	336	0	46149
21188	48221	133	553	262	0	49169
21189	1280	126	216	48892	0	50514
21190	701	265	48364	833	0	50163
21191	352	47733	932	578	0	49595
21192	370	771	525	47886	0	49552
21193	309	572	48004	836	0	49721
21194	43890	218	884	611	0	45603
21195	1010	170	546	48391	0	50117
21196	658	49514	370	874	0	51416
21197	446	876	207	50155	0	51684
21198	372	532	261	50645	0	51810
21199	338	233	245	51252	0	52068
21200	48173	185	234	1464	0	50056
21201	1112	155	235	48063	0	49565
21202	48822	201	210	1108	0	50341
21203	49026	154	233	804	0	50217
21204	1591	500	48201	322	0	50614
21205	815	49168	1134	342	0	51459
21206	560	1076	666	42118	0	44420
21207	346	51760	441	901	0	53448
21208	51771	1133	285	618	0	53807
21209	1294	751	246	51288	0	53579
21210	850	333	50972	1234	0	53389
21211	421	284	50880	749	0	52334
21212	392	291	51311	374	0	52368
21213	48099	153	1718	390	0	50360
21214	1274	50691	1011	409	0	53385
21215	50523	1133	429	382	0	52467
21216	1354	51545	394	319	0	53612
21217	979	1231	224	49686	0	52120
21218	555	672	259	48928	0	50414
21219	405	50406	351	1672	0	52834
21220	468	1245	50382	837	0	52932
21221	353	51500	1311	454	0	53618
21222	49929	1190	693	422	0	52234
21223	1343	805	264	47207	0	49619
21224	790	336	46396	1212	0	48734
21225	418	302	47006	848	0	48574
21226	460	206	1592	45829	0	48087
21227	390	237	46551	1164	0	48342
21228	388	272	44959	703	0	46322
21229	40538	166	1480	344	0	42528
21230	1083	43396	748	308	0	45535
21231	40856	898	268	286	0	42308
21232	1104	620	40029	228	0	41981
21233	665	37383	1034	233	0	39315
21234	249	37929	683	257	0	39118
21235	598	1513	351	36057	0	38519
21236	219	552	188	36831	0	37790
21237	253	230	151	37862	0	38496
21238	213	248	36589	1459	0	38509
21239	323	166	916	36726	0	38131
21240	277	136	518	38131	0	39062
21241	36930	145	211	1495	0	38781
21242	1026	36488	245	808	0	38567
21243	681	938	176	37693	0	39488
21244	37861	568	195	1128	0	39752
21245	36810	222	216	647	0	37895
21246	1495	215	157	35830	0	37697
21247	670	263	36058	1081	0	38072
21248	334	185	1026	36096	0	37641
21249	223	212	36035	1170	0	37640
21250	36043	138	1085	716	0	37982
21251	40015	148	685	314	0	41162
21252	1682	192	314	40818	0	43006
21253	766	235	41449	1239	0	43689
21254	346	42542	1337	761	0	44986
21255	274	1401	43535	286	0	45496
21256	314	709	1343	34900	0	37266
21257	140	39628	767	1013	0	41548
21258	38530	1138	216	542	0	40426
21259	1223	588	181	36079	0	38071
21260	580	38388	244	1139	0	40351
21261	38868	1138	157	637	0	40800
21262	1225	608	184	37866	0	39883
21263	601	39278	279	1299	0	41457
21264	292	1192	150	39871	0	41505
21265	184	702	39379	1248	0	41513
21266	37834	198	1189	748	0	39969
21267	39641	177	618	325	0	40761
21268	1658	214	38538	251	0	40661
21269	668	38352	1257	248	0	40525
21270	38817	1129	607	292	0	40845
21271	1246	596	243	38458	0	40543
21272	725	214	228	38949	0	40116
21273	332	173	200	39901	0	40606
21274	281	164	182	39935	0	40562
21275	306	167	169	39808	0	40450
21276	38271	161	180	1827	0	40439
21277	39202	164	187	830	0	40383
21278	1755	149	174	38433	0	40511
21279	767	157	223	39579	0	40726
21280	287	218	38483	1809	0	40797
21281	244	215	38592	832	0	39883
21282	37648	165	1671	389	0	39873
21283	1376	166	700	38561	0	40803
21284	747	231	38095	1318	0	40391
21285	409	163	1236	38456	0	40264
21286	38512	162	661	1443	0	40778
21287	39832	177	270	856	0	41135
21288	1848	166	231	38811	0	41056
21289	815	160	212	39381	0	40568
21290	39267	146	227	1842	0	41482
21291	1385	165	206	38599	0	40355
21292	750	38833	308	1406	0	41297
21293	462	1171	197	38833	0	40663
21294	407	573	182	39648	0	40810
21295	287	272	37774	1724	0	40057
21296	338	202	36998	808	0	38346
21297	259	37260	1604	455	0	39578
21298	36684	1209	670	397	0	38960
21299	36359	562	393	370	0	37684
21300	36974	229	212	405	0	37820
21301	1642	35434	313	353	0	37742
21302	696	36312	299	387	0	37694
21303	34595	1386	189	415	0	36585
21304	1157	35676	291	614	0	37738
21305	626	1061	34407	370	0	36464
21306	314	34707	1106	390	0	36517
21307	298	1002	33112	335	0	34747
21308	31152	450	925	404	0	32931
21309	32934	211	487	348	0	33980
21310	1382	32580	268	341	0	34571
21311	33406	929	185	367	0	34887
21312	36588	480	171	402	0	37641
21313	37328	211	190	387	0	38116
21314	1697	187	218	36483	0	38585
21315	37256	168	197	1287	0	38908
21316	1356	241	35891	739	0	38227
21317	36843	165	1055	437	0	38500
21318	1386	180	598	37207	0	39371
21319	863	236	36987	1205	0	39291
21320	552	245	37536	776	0	39109
21321	445	205	1451	37059	0	39160
21322	440	183	709	38268	0	39600
21323	37905	179	321	1681	0	40086
21324	1264	188	250	38567	0	40269
21325	736	216	37831	1405	0	40188
21326	511	158	1036	36418	0	38123
21327	380	38566	674	1305	0	40925
21328	38966	970	299	834	0	41069
21329	1285	543	222	38801	0	40851
21330	768	431	38141	1209	0	40549
21331	443	37930	1106	743	0	40222
21332	36790	926	579	436	0	38731
21333	1215	516	296	37515	0	39542
21334	769	273	37870	1066	0	39978
21335	417	37643	1052	681	0	39793
21336	37424	921	555	435	0	39335
21337	37630	487	291	347	0	38755
21338	38182	219	218	339	0	38958
21339	1576	167	175	36709	0	38627
21340	867	131	172	36982	0	38152
21341	36223	128	156	1455	0	37962
21342	1118	35658	257	879	0	37912
21343	35924	790	172	486	0	37372
21344	1127	448	167	35347	0	37089
21345	36139	217	184	1025	0	37565
21346	1126	168	205	35670	0	37169
21347	710	157	192	36281	0	37340
21348	516	170	184	36621	0	37491
21349	534	150	195	36726	0	37605
21350	386	203	33687	1320	0	35596
21351	315	169	30536	585	0	31605
21352	25775	82	782	422	0	27061
21353	643	134	30241	232	0	31250
21354	336	170	27645	196	0	28347
21355	25996	53	774	164	0	26987
21356	27885	63	420	197	0	28565
21357	701	67	226	30255	0	31249
21358	30732	48	128	509	0	31417
21359	591	31595	161	358	0	32705
21360	32313	382	125	346	0	33166
21361	31847	261	106	207	0	32421
21362	34121	156	90	273	0	34640
21363	781	123	90	33300	0	34294
21364	511	32877	136	419	0	33943
21365	293	33921	155	407	0	34776
21366	33900	537	109	281	0	34827
21367	33939	312	87	235	0	34573
21368	683	181	107	33537	0	34508
21369	442	259	107	33186	0	33994
21370	279	33229	172	617	0	34297
21371	32708	397	102	444	0	33651
21372	547	333	33647	247	0	34774
21373	454	139	388	32782	0	33763
21374	302	91	261	34007	0	34661
21375	220	133	34289	660	0	35302
21376	224	98	383	33100	0	33805
21377	243	28053	355	578	0	29229
21378	234	342	168	34534	0	35278
21379	231	228	116	33959	0	34534
21380	179	31977	157	652	0	32965
21381	213	34365	135	450	0	35163
21382	193	501	83	33698	0	34475
21383	33475	277	101	545	0	34398
21384	448	162	93	34030	0	34733
21385	341	107	104	34376	0	34928
21386	256	34329	187	580	0	35352
21387	224	321	122	35547	0	36214
21388	235	217	106	35541	0	36099
21389	210	239	108	35652	0	36209
21390	34527	77	90	918	0	35612
21391	473	95	82	34924	0	35574
21392	377	78	75	34830	0	35360
21393	282	192	53	34747	0	35274
21394	236	158	33112	669	0	34175
21395	27884	95	330	578	0	28887
21396	446	33149	283	290	0	34168
21397	33575	293	136	229	0	34233
21398	488	211	90	33281	0	34070
21399	344	229	32619	372	0	33564
21400	28686	135	325	372	0	29518
21401	463	213	38572	209	0	39457
21402	374	86	368	37886	0	38714
21403	40053	66	229	420	0	40768
21404	39440	63	146	363	0	40012
21405	40827	66	90	305	0	41288
21406	603	83	74	40955	0	41715
21407	426	96	62	41773	0	42357
21408	280	189	78	41929	0	42476
21409	184	39735	119	596	0	40634
21410	141	40109	94	396	0	40740
21411	112	40005	127	260	0	40504
21412	38	37709	68	72	0	37887
21413	60	149	115	38321	0	38645
21414	55	59	17	38867	0	38998
21415	37572	22	22	205	0	37821
21416	37735	16	25	144	0	37920
21417	38638	15	26	133	0	38812
21418	160	26	25	38007	0	38218
21419	94	23	16	38864	0	38997
21420	37544	20	21	228	0	37813
21421	36703	31	44	157	0	36935
21422	141	120	36454	59	0	36774
21423	95	129	35399	55	0	35678
21424	58	100	37113	64	0	37335
21425	74	126	39132	42	0	39374
21426	85	24	132	38104	0	38345
21427	38631	14	50	214	0	38909
21428	102	38530	87	125	0	38844
21429	105	103	14	39399	0	39621
21430	67	181	39483	140	0	39871
21431	39	42520	135	148	0	42842
21432	55	100	39	43151	0	43345
21433	55	180	43108	130	0	43473
21434	71	42	101	42164	0	42378
21435	69	30	51	43739	0	43889
21436	44269	19	25	255	0	44568
21437	128	25	20	45061	0	45234
21438	75	261	44761	132	0	45229
21439	78	26	91	44401	0	44596
21440	40	47446	143	124	0	47753
21441	92	89	30	49688	0	49899
21442	73	54	43	50319	0	50489
21443	71	35	30	49874	0	50010
21444	49780	22	29	279	0	50110
21445	49289	25	39	198	0	49551
21446	49993	28	28	183	0	50232
21447	49277	30	27	172	0	49506
21448	180	161	48786	49	0	49176
21449	46422	38	111	152	0	46723
21450	49391	28	66	164	0	49649
21451	160	161	48607	65	0	48993
21452	94	175	49920	56	0	50245
21453	94	81	91	49052	0	49318
21454	27	50058	137	92	0	50314
21455	51403	58	34	191	0	51686
21456	52456	41	18	200	0	52715
21457	51358	27	21	193	0	51599
21458	128	28	24	50779	0	50959
21459	50	52087	138	97	0	52372
21460	53963	86	21	224	0	54294
21461	54540	46	26	191	0	54803
21462	136	34	19	52513	0	52702
21463	82	161	51488	198	0	51929
21464	50699	38	82	182	0	51001
21465	110	92	38	54807	0	55047
21466	56211	20	34	283	0	56548
21467	132	19	21	57576	0	57748
21468	105	195	57262	111	0	57673
21469	58888	46	87	270	0	59291
21470	120	18	50	61880	0	62068
21471	119	26	32	62288	0	62465
21472	79	23	28	62328	0	62458
21473	55	23	26	62191	0	62295
21474	62839	23	32	288	0	63182
21475	111	18	26	62389	0	62544
21476	60	61614	134	113	0	61921
21477	96	94	12	62655	0	62857
21478	42	62504	138	138	0	62822
21479	103	105	23	63446	0	63677
21480	97	78	10	63477	0	63662
21481	41	63030	130	163	0	63364
21482	78	95	14	64049	0	64236
21483	77	62	20	63716	0	63875
21484	62327	29	23	325	0	62704
21485	156	255	63173	101	0	63685
21486	116	21	129	63782	0	64048
21487	63985	20	76	327	0	64408
21488	63329	31	41	245	0	63646
21489	63724	26	42	243	0	64035
21490	312	228	63640	60	0	64240
21491	170	260	63735	53	0	64218
21492	123	84	327	64953	0	65487
21493	66511	17	151	434	0	67113
21494	253	204	66362	168	0	66987
21495	62241	49	247	232	0	62769
21496	258	67672	241	219	0	68390
21497	339	213	50	70707	0	71309
21498	103	127	37	72138	0	72405
21499	72163	38	31	520	0	72752
21500	252	31	35	73028	0	73346
21501	67690	31	24	432	0	68177
21502	68979	40	41	369	0	69429
21503	399	25	32	68188	0	68644
21504	235	25	26	68818	0	69104
21505	68459	30	31	510	0	69030
21506	300	263	71331	163	0	72057
21507	68358	37	250	362	0	69007
21508	322	281	75346	54	0	76003
21509	75028	40	263	338	0	75669
21510	81738	32	137	381	0	82288
21511	80897	40	73	297	0	81307
21512	79871	20	39	269	0	80199
21513	393	79623	203	204	0	80423
21514	81647	242	49	303	0	82241
21515	82202	149	47	290	0	82688
21516	452	87472	205	199	0	88328
21517	88876	279	47	367	0	89569
21518	398	469	87576	215	0	88658
21519	85858	60	340	332	0	86590
21520	516	360	89693	90	0	90659
21521	348	40	429	89286	0	90103
21522	225	23	231	92032	0	92511
21523	166	369	92186	678	0	93399
21524	226	53	490	90809	0	91578
21525	474	512	623	75305	0	76914
21526	97414	41	94	1080	0	98629
21527	746	40	77	98986	0	99849
21528	520	162	60	98373	0	99115
21529	278	105	59	98626	0	99068
21530	155	96348	317	1039	0	97859
21531	219	614	58	95707	0	96598
21532	94453	372	68	1034	0	95927
21533	839	401	95858	505	0	97603
21534	588	67	763	97071	0	98489
21535	245	409	97088	911	0	98653
21536	92041	97	920	756	0	93814
21537	1089	66	496	102516	0	104167
21538	698	445	138911	1223	0	141277
21539	499	65	2625	139177	0	142366
21540	344	79	1796	138118	0	140337
21541	226	138373	991	4622	0	144212
21542	398	2510	337	143455	0	146700
21543	397	1772	232	148821	0	151222
21544	300	1043	146766	5058	0	153167
21545	431	416	3029	146877	0	150753
21546	413	194	2026	149787	0	152420
21547	145169	137	750	5408	0	151464
21548	144621	152	480	3182	0	148435
21549	4827	146042	633	1297	0	152799
21550	148648	2993	308	1078	0	153027
21551	148032	2051	325	959	0	151367
21552	5271	149163	594	757	0	155785
21553	3070	3244	229	147725	0	154268
21554	150577	2148	269	3620	0	156614
21555	151455	739	379	2674	0	155247
21556	147989	422	314	1440	0	150165
21557	5668	145729	670	1030	0	153097
21558	3180	3424	148015	838	0	155457
21559	149472	2164	3339	1026	0	156001
21560	153103	887	2115	993	0	157098
21561	5819	152026	1095	878	0	159818
21562	154554	3694	478	1042	0	159768
21563	156096	2402	435	1076	0	160009
21564	6555	894	437	152196	0	160082
21565	3581	1005	152030	4073	0	160689
21566	1844	400	3575	153946	0	159765
21567	1460	476	2422	155282	0	159640
21568	1277	448	977	158190	0	160892
21569	1025	889	150222	6895	0	159031
21570	1378	447	3930	146439	0	152194
21571	1059	429	2625	153701	0	157814
21572	1144	385	995	155720	0	158244
21573	1200	419	608	157078	0	159305
21574	1208	438	456	156301	0	158403
21575	945	152813	883	7781	0	162422
21576	1104	3843	527	157070	0	162544
21577	1044	2560	613	162702	0	166919
21578	916	1411	156377	7404	0	166108
21579	1208	608	4076	172803	0	178695
21580	1267	593	2720	176129	0	180709
21581	1306	598	1124	181630	0	184658
21582	1411	545	860	184940	0	187756
21583	176108	542	754	10027	0	187431
21584	5969	585	588	181364	0	188506
21585	4304	807	530	183160	0	188801
21586	2182	1242	174012	9496	0	186932
21587	1601	168349	5337	5987	0	181274
21588	1348	177883	4201	3325	0	186757
21589	172183	7381	1779	2891	0	184234
21590	5238	176108	1541	2993	0	185880
21591	4040	5742	880	172978	0	183640
21592	171790	3671	670	7232	0	183363
21593	6012	2071	173440	5331	0	186854
21594	4505	1277	5194	169588	0	180564
21595	2289	173458	4098	7426	0	187271
21596	1974	5409	1533	168706	0	177622
21597	1265	175662	1621	7795	0	186343
21598	1589	6153	880	176868	0	185490
21599	172898	4076	682	8216	0	185872
21600	6273	2445	175673	5791	0	190182
21601	4828	1509	5541	163354	0	175232
21602	2320	173965	4468	7197	0	187950
21603	174216	5626	1905	5658	0	187405
21604	6286	4197	173340	3975	0	187798
21605	4703	1798	5466	170770	0	182737
21606	2403	1729	170548	7804	0	182484
21607	2285	1233	6352	170270	0	180140
21608	1787	1511	166753	8524	0	178575
21609	1851	1052	6741	161324	0	170968
21610	1574	1053	4650	165753	0	173030
21611	157933	1073	2102	11045	0	172153
21612	163174	1277	1381	6840	0	172672
21613	9451	1338	1194	156562	0	168545
21614	5310	157872	1533	7866	0	172581
21615	2846	6065	911	160691	0	170513
21616	2355	4042	1083	159952	0	167432
21617	150177	1722	1298	11513	0	164710
21618	5887	151026	1772	7731	0	166416
21619	151906	5990	1147	4690	0	163733
21620	151079	4326	932	4127	0	160464
21621	8995	144703	1504	3887	0	159089
21622	5136	151775	1533	3895	0	162339
21623	146623	8295	1155	4101	0	160174
21624	6590	4866	143792	4308	0	159556
21625	142971	2117	5721	4316	0	155125
21626	143819	1794	4117	4056	0	153786
21627	9456	139544	2373	3692	0	155065
21628	6171	5982	1630	120050	0	133833
21629	2881	141591	2150	7437	0	154059
21630	139918	6683	1905	5863	0	154369
21631	143957	4847	1746	4050	0	154600
21632	9308	2921	1564	136635	0	150428
21633	5804	2402	1304	142717	0	152227
21634	132387	2115	1133	10571	0	146206
21635	6581	133262	1473	7134	0	148450
21636	5307	131697	1493	4565	0	143062
21637	3136	131920	1919	3577	0	140552
21638	1429	90177	1069	2668	0	95343
21639	1250	91685	1305	2580	0	96820
21640	1899	6211	1174	85857	0	95141
21641	1535	3545	83508	4648	0	93236
21642	1583	84246	3233	3520	0	92582
21643	79667	3737	2118	2136	0	87658
21644	4224	2498	1352	78909	0	86983
21645	79494	1692	1068	4058	0	86312
21646	3791	78411	1394	3117	0	86713
21647	79152	3518	1216	2008	0	85894
21648	4095	79194	1669	1870	0	86828
21649	3206	3464	1329	79715	0	87714
21650	79849	2398	1243	4249	0	87739
21651	82332	1480	1231	3360	0	88403
21652	5196	1257	1219	80898	0	88570
21653	3308	1393	974	81218	0	86893
21654	2130	79299	1044	5647	0	88120
21655	2389	3363	641	80933	0	87326
21656	2337	2465	560	82335	0	87697
21657	2266	1561	554	81481	0	85862
21658	1805	76777	765	5754	0	85101
21659	70296	3144	513	3464	0	77417
21660	3348	72610	678	2432	0	79068
21661	71997	3435	484	1866	0	77782
21662	3877	72474	745	1419	0	78515
21663	3234	3751	69128	1299	0	77412
21664	2318	2508	2565	69054	0	76445
21665	2022	1931	68655	2992	0	75600
21666	1823	1793	67792	2091	0	73499
21667	1954	1540	3792	66366	0	73652
21668	1903	1308	68220	3087	0	74518
21669	2189	1105	3031	65673	0	71998
21670	2236	1181	1900	66628	0	71945
21671	2103	1264	864	68817	0	73048
21672	65881	1335	662	4748	0	72626
21673	3598	1363	460	66934	0	72355
21674	3139	1090	386	66174	0	70789
21675	60974	958	323	4339	0	66594
21676	3375	59539	445	3067	0	66426
21677	2375	56688	396	2001	0	61460
21678	1870	58718	384	1503	0	62475
21679	989	3992	203	41107	0	46291
21680	890	1286	41217	1647	0	45040
21681	34372	1069	1281	1124	0	37846
21682	1342	37182	702	502	0	39728
21683	36026	1258	289	400	0	37973
21684	36323	866	178	346	0	37713
21685	36628	642	171	301	0	37742
21686	1667	637	37270	340	0	39914
21687	1022	516	913	37109	0	39560
21688	785	547	588	38373	0	40293
21689	788	340	291	39059	0	40478
21690	643	386	255	37936	0	39220
21691	559	36835	290	1662	0	39346
21692	36082	973	192	983	0	38230
21693	970	686	34071	453	0	36180
21694	31566	279	602	407	0	32854
21695	933	330	374	31104	0	32741
21696	628	31008	192	919	0	32747
21697	388	32390	168	646	0	33592
21698	521	1318	73	29070	0	30982
21699	214	29205	402	608	0	30429
21700	25740	381	65	338	0	26524
21701	450	298	25997	181	0	26926
21702	258	199	353	25397	0	26207
21703	135	93	153	26511	0	26892
21704	123	93	77	26984	0	27277
21705	144	98	65	26957	0	27264
21706	27047	205	53	501	0	27806
21707	367	28287	89	249	0	28992
21708	31190	376	54	174	0	31794
21709	556	231	73	31872	0	32732
21710	333	100	74	32774	0	33281
21711	155	12840	111	21209	0	34315
21712	33304	266	59	777	0	34406
21713	34523	201	63	411	0	35198
21714	899	34879	130	206	0	36114
21715	495	646	62	32807	0	34010
21716	190	35184	155	610	0	36139
21717	34121	681	104	473	0	35379
21718	825	484	34439	176	0	35924
21719	651	266	33225	154	0	34296
21720	31684	113	884	223	0	32904
21721	611	34443	483	173	0	35710
21722	456	628	117	34539	0	35740
21723	191	394	115	34962	0	35662
21724	167	224	34644	950	0	35985
21725	182	172	615	34332	0	35301
21726	158	126	373	35009	0	35666
21727	102	34546	180	1032	0	35860
21728	146	649	95	34967	0	35857
21729	151	406	82	35071	0	35710
21730	33698	151	99	1082	0	35030
21731	645	33148	158	550	0	34501
21732	435	33588	140	250	0	34413
21733	197	940	198	33189	0	34524
21734	178	430	74	34056	0	34738
21735	178	261	52	33802	0	34293
21736	118	33534	135	1072	0	34859
21737	185	727	52	34247	0	35211
21738	181	477	65	33862	0	34585
21739	188	182	50	34349	0	34769
21740	195	143	51	33477	0	33866
21741	152	31765	164	1117	0	33198
21742	172	33506	145	602	0	34425
21743	32643	940	68	335	0	33986
21744	33087	499	72	289	0	33947
21745	1045	210	57	33067	0	34379
21746	531	248	33337	840	0	34956
21747	280	224	600	33645	0	34749
21748	248	169	396	33532	0	34345
21749	32184	149	137	1169	0	33639
21750	771	32779	180	621	0	34351
21751	532	711	103	33102	0	34448
21752	245	464	200	33559	0	34468
21753	212	314	32377	1182	0	34085
21754	210	290	32855	778	0	34133
21755	224	195	993	32655	0	34067
21756	227	185	492	31535	0	32439
21757	175	31748	288	1152	0	33363
21758	177	32446	258	681	0	33562
21759	31912	972	138	504	0	33526
21760	757	546	117	33522	0	34942
21761	472	301	32379	854	0	34006
21762	167	32155	711	663	0	33696
21763	186	700	412	32991	0	34289
21764	32704	492	136	954	0	34286
21765	683	358	111	33473	0	34625
21766	33262	197	102	995	0	34556
21767	735	33460	164	802	0	35161
21768	32867	738	95	447	0	34147
21769	810	573	63	33800	0	35246
21770	560	361	36054	977	0	37952
21771	273	223	807	35419	0	36722
21772	160	37667	612	1109	0	39548
21773	278	953	169	36940	0	38340
21774	164	39736	205	1194	0	41299
21775	204	1069	108	41237	0	42618
21776	210	788	40097	1515	0	42610
21777	193	365	39662	994	0	41214
21778	197	315	40287	605	0	41404
21779	38041	268	1533	559	0	40401
21780	1066	39383	836	472	0	41757
21781	733	41005	365	443	0	42546
21782	40088	1573	211	477	0	42349
21783	40308	774	194	503	0	41779
21784	1626	384	148	39925	0	42083
21785	791	378	39913	1361	0	42443
21786	349	393	37735	893	0	39370
21787	349	229	1570	37172	0	39320
21788	37319	220	763	1432	0	39734
21789	1053	37102	381	991	0	39527
21790	725	1097	263	37225	0	39310
21791	37139	741	232	1472	0	39584
21792	36987	317	215	1060	0	38579
21793	1577	352	36626	616	0	39171
21794	34620	304	1120	581	0	36625
21795	1211	382	37260	502	0	39355
21796	774	353	37633	489	0	39249
21797	443	244	1598	35579	0	37864
21798	337	273	839	36775	0	38224
21799	311	287	409	37787	0	38794
21800	301	408	36000	1875	0	38584
21801	34631	336	1096	1086	0	37149
21802	1224	294	675	36906	0	39099
21803	35959	294	316	1466	0	38035
21804	35574	296	286	1061	0	37217
21805	1598	36063	408	616	0	38685
21806	826	36260	398	630	0	38114
21807	348	35812	426	449	0	37035
21808	473	1445	434	30816	0	33168
21809	288	989	30464	932	0	32673
21810	287	1215	929	28016	0	30447
21811	289	28801	658	1052	0	30800
21812	284	29709	363	591	0	30947
21813	439	1092	239	27761	0	29531
21814	26921	502	225	870	0	28518
21815	830	26673	280	575	0	28358
21816	536	27083	267	339	0	28225
21817	27501	1020	223	358	0	29102
21818	877	493	217	27707	0	29294
21819	606	222	208	28175	0	29211
21820	353	160	198	28681	0	29392
21821	27130	152	214	1228	0	28724
21822	27613	146	237	659	0	28655
21823	1283	144	237	27268	0	28932
21824	664	234	26679	904	0	28481
21825	26114	186	863	599	0	27762
21826	932	164	564	26931	0	28591
21827	587	233	26457	943	0	28220
21828	294	204	26673	662	0	27833
21829	292	153	1207	27441	0	29093
21830	264	236	29148	1039	0	30687
21831	310	172	983	31345	0	32810
21832	345	222	621	31162	0	32350
21833	336	234	288	33649	0	34507
21834	32459	265	224	1576	0	34524
21835	1124	300	207	32864	0	34495
21836	739	301	230	32934	0	34204
21837	394	315	236	33254	0	34199
21838	369	295	253	33362	0	34279
21839	316	382	31362	1595	0	33655
21840	252	31402	1075	906	0	33635
21841	296	1141	632	31230	0	33299
21842	295	695	323	30132	0	31445
21843	296	30102	379	1430	0	32207
21844	349	31727	448	783	0	33307
21845	31007	1336	340	515	0	33198
21846	1047	30467	340	547	0	32401
21847	791	1037	255	29956	0	32039
21848	432	679	30868	1128	0	33107
21849	29385	285	918	857	0	31445
21850	1138	300	30456	532	0	32426
21851	29333	163	1002	536	0	31034
21852	29935	127	689	568	0	31319
21853	1574	172	29725	531	0	32002
21854	849	112	1007	27281	0	29249
21855	445	28877	721	1180	0	31223
21856	416	818	387	30469	0	32090
21857	31103	484	339	1289	0	33215
21858	31343	206	339	948	0	32836
21859	1398	31063	412	639	0	33512
21860	30514	798	302	609	0	32223
21861	1056	445	321	30020	0	31842
21862	29727	222	270	1288	0	31507
21863	30692	160	262	965	0	32079
21864	1335	163	207	30483	0	32188
21865	29969	153	189	1372	0	31683
21866	28796	182	197	1022	0	30197
21867	1168	274	29245	659	0	31346
21868	28174	245	794	603	0	29816
21869	978	294	28578	520	0	30370
21870	461	204	25381	376	0	26422
21871	233	26535	904	388	0	28060
21872	416	585	439	24814	0	26254
21873	170	426	25200	680	0	26476
21874	138	201	24084	376	0	24799
21875	23235	265	571	212	0	24283
21876	501	88	269	24003	0	24861
21877	308	87	124	25503	0	26022
21878	181	85	93	25792	0	26151
21879	159	114	95	25849	0	26217
21880	174	96	59	26044	0	26373
21881	173	130	25212	687	0	26202
21882	173	143	24834	362	0	25512
21883	182	95	572	25020	0	25869
21884	24778	71	280	536	0	25665
21885	490	24691	164	365	0	25710
21886	389	413	104	24601	0	25507
21887	24552	216	85	549	0	25402
21888	522	24238	162	341	0	25263
21889	411	396	90	24588	0	25485
21890	226	299	116	24786	0	25427
21891	215	100	118	25108	0	25541
21892	24508	79	99	754	0	25440
21893	527	111	24226	400	0	25264
21894	23648	171	472	267	0	24558
21895	573	90	291	24552	0	25506
21896	372	84	148	23274	0	23878
21897	197	23773	183	707	0	24860
21898	183	430	23518	422	0	24553
21899	22083	225	471	334	0	23113
21900	23535	95	312	298	0	24240
21901	697	146	23693	240	0	24776
21902	21515	90	464	306	0	22375
21903	510	23494	353	273	0	24630
21904	337	23607	211	238	0	24393
21905	186	23654	202	207	0	24249
21906	22660	618	143	213	0	23634
21907	495	374	23086	279	0	24234
21908	401	191	404	21991	0	22987
21909	188	22300	321	485	0	23294
21910	180	22869	200	359	0	23608
21911	203	23415	164	202	0	23984
21912	249	690	137	18286	0	19362
21913	22227	257	99	503	0	23086
21914	447	22700	153	354	0	23654
21915	337	364	111	22951	0	23763
21916	234	225	131	23383	0	23973
21917	22504	115	148	668	0	23435
21918	518	99	133	22627	0	23377
21919	385	78	122	23060	0	23645
21920	220	143	22399	654	0	23416
21921	229	117	392	22167	0	22905
21922	230	86	264	23426	0	24006
21923	22816	88	133	631	0	23668
21924	23043	75	112	401	0	23631
21925	653	79	101	23165	0	23998
21926	22340	84	105	553	0	23082
21927	22078	107	109	357	0	22651
21928	559	22771	177	213	0	23720
21929	314	358	21558	143	0	22373
21930	193	20665	381	147	0	21386
21931	338	268	261	18023	0	18890
21932	17520	152	67	233	0	17972
21933	185	17389	69	166	0	17809
21934	141	192	36	17370	0	17739
21935	17332	124	48	234	0	17738
21936	17361	67	55	192	0	17675
21937	279	42	43	17449	0	17813
21938	153	94	17888	244	0	18379
21939	85	53	172	18049	0	18359
21940	85	43	236	18532	0	18896
21941	126	80	18463	319	0	18988
21942	85	42	173	18103	0	18403
21943	77	42	116	18502	0	18737
21944	19017	41	63	360	0	19481
21945	213	32	44	19367	0	19656
21946	158	42	33	19544	0	19777
21947	19116	52	33	356	0	19557
21948	18635	41	50	213	0	18939
21949	18569	154	57	134	0	18914
21950	324	94	18358	100	0	18876
21951	188	53	192	17876	0	18309
21952	90	18784	161	212	0	19247
21953	113	213	45	19668	0	20039
21954	98	188	20158	266	0	20710
21955	146	204	217	18565	0	19132
21956	89	114	19404	248	0	19855
21957	17339	30	220	138	0	17727
21958	18495	34	87	108	0	18724
21959	214	24	40	18577	0	18855
21960	154	20	28	18815	0	19017
21961	70	41	23	18635	0	18769
21962	45	19136	74	238	0	19493
21963	18619	139	24	160	0	18942
21964	18994	90	19	130	0	19233
21965	236	39	21	18761	0	19057
21966	139	29	24	18581	0	18773
21967	84	31	20	18790	0	18925
21968	75	26	23	18805	0	18929
21969	71	91	18335	256	0	18753
21970	70	24	149	18294	0	18537
21971	17216	26	89	242	0	17573
21972	17026	26	35	154	0	17241
21973	244	30	24	16838	0	17136
21974	117	66	16179	187	0	16549
21975	14965	19	150	164	0	15298
21976	202	18	90	16310	0	16620
21977	108	15087	78	217	0	15490
21978	61	15924	72	153	0	16210
21979	16216	240	32	112	0	16600
21980	217	127	22	16363	0	16729
21981	155	46	24	16851	0	17076
21982	103	14	15	18230	0	18362
21983	82	24	26	18482	0	18614
21984	63	17	25	19486	0	19591
21985	55	83	19236	488	0	19862
21986	51	85	18903	304	0	19343
21987	64	80	19284	112	0	19540
21988	65	21	509	19050	0	19645
21989	69	70	19895	373	0	20407
21990	73	26	361	19641	0	20101
21991	73	21	195	19899	0	20188
21992	67	25	70	20803	0	20965
21993	20806	18	61	650	0	21535
21994	400	23	56	21454	0	21933
21995	254	22	61	21913	0	22250
21996	21468	16	66	639	0	22189
21997	392	21806	104	320	0	22622
21998	229	22839	102	146	0	23316
21999	22318	565	39	166	0	23088
22000	403	23324	110	145	0	23982
22001	23517	425	33	161	0	24136
22002	23796	227	37	189	0	24249
22003	23822	57	45	163	0	24087
22004	23497	30	55	161	0	23743
22005	23672	43	45	153	0	23913
22006	675	23064	93	136	0	23968
22007	23305	394	41	155	0	23895
22008	23255	260	55	136	0	23706
22009	645	24054	122	119	0	24940
22010	27535	391	43	165	0	28134
22011	28023	249	67	153	0	28492
22012	30144	76	45	153	0	30418
22013	31510	38	58	162	0	31768
22014	1222	117	31569	127	0	33035
22015	645	51	813	32356	0	33865
22016	267	55	434	34192	0	34948
22017	166	186	33262	1316	0	34930
22018	173	129	33355	616	0	34273
22019	32632	86	1307	238	0	34263
22020	1036	80	552	33414	0	35082
22021	636	152	34069	941	0	35798
22022	266	186	33649	533	0	34634
22023	32848	68	1343	250	0	34509
22024	34223	63	567	172	0	35025
22025	34673	57	179	178	0	35087
22026	1568	134	33874	130	0	35706
22027	806	52	937	33727	0	35522
22028	422	148	35058	985	0	36613
22029	34116	59	1090	604	0	35869
22030	1206	119	36520	219	0	38064
22031	750	71	1142	35167	0	37130
22032	436	73	614	33987	0	35110
22033	242	36345	311	1503	0	38401
22034	36915	991	162	678	0	38746
22035	1231	628	36982	245	0	39086
22036	36635	134	1149	227	0	38145
22037	1310	158	38886	192	0	40546
22038	815	63	1237	37152	0	39267
22039	423	63	695	38361	0	39542
22040	367	67	315	38935	0	39684
22041	37673	53	215	1742	0	39683
22042	1324	73	220	37414	0	39031
22043	893	77	198	37577	0	38745
22044	406	36540	314	1669	0	38929
22045	405	1009	243	37302	0	38959
22046	35692	536	253	1348	0	37829
22047	1389	241	36387	722	0	38739
22048	954	79	1215	36134	0	38382
22049	479	156	36875	1253	0	38763
22050	355	35423	1406	859	0	38043
22051	350	1065	36880	425	0	38720
22052	35143	544	1641	380	0	37708
22053	36649	166	839	324	0	37978
22054	1829	84	443	35180	0	37536
22055	35931	101	362	1273	0	37667
22056	36336	83	396	813	0	37628
22057	1881	83	379	35866	0	38209
22058	1043	92	361	36771	0	38267
22059	577	156	36155	1723	0	38611
22060	496	35466	1326	973	0	38261
22061	35393	1042	813	481	0	37729
22062	1333	35538	457	440	0	37768
22063	972	1124	354	35099	0	37549
22064	597	606	351	35829	0	37383
22065	507	201	396	36368	0	37472
22066	462	149	347	36523	0	37481
22067	368	274	34615	1965	0	37222
22068	32949	158	1298	1071	0	35476
22069	35873	155	826	541	0	37395
22070	1904	137	426	35050	0	37517
22071	35623	119	374	1406	0	37522
22072	1529	136	357	35989	0	38011
22073	941	181	35270	1525	0	37917
22074	596	303	1240	34580	0	36719
22075	494	35128	892	1483	0	37997
22076	541	979	359	33579	0	35458
22077	438	35222	446	1522	0	37628
22078	489	1114	333	32856	0	34792
22079	440	34751	367	1390	0	36948
22080	33510	1112	331	922	0	35875
22081	1278	703	34202	588	0	36771
22082	806	31879	1240	540	0	34465
22083	461	32821	849	651	0	34782
22084	515	1293	591	31604	0	34003
22085	456	591	357	31789	0	33193
22086	467	234	337	32075	0	33113
22087	497	262	311	32283	0	33353
22088	422	31115	393	1640	0	33570
22089	493	860	267	31277	0	32897
22090	488	509	269	31652	0	32918
22091	30320	226	245	1579	0	32370
22092	1198	157	209	31038	0	32602
22093	718	230	30046	1347	0	32341
22094	384	218	29284	916	0	30802
22095	26744	199	1254	629	0	28826
22096	994	28783	704	670	0	31151
22097	627	29743	347	512	0	31229
22098	392	1174	277	28279	0	30122
22099	377	577	192	29297	0	30443
22100	276	318	27819	1445	0	29858
22101	25557	210	861	921	0	27549
22102	27602	185	547	592	0	28926
22103	1292	224	29533	496	0	31545
22104	715	207	28816	457	0	30195
22105	27950	145	1140	543	0	29778
22106	30492	155	541	511	0	31699
22107	30609	174	249	495	0	31527
22108	30468	171	199	494	0	31332
22109	1270	28514	255	470	0	30509
22110	25091	631	131	358	0	26211
22111	761	393	23972	351	0	25477
22112	345	191	22063	257	0	22856
22113	169	161	22721	211	0	23262
22114	360	610	945	19253	0	21168
22115	19374	134	387	340	0	20235
22116	19497	51	63	228	0	19839
22117	354	63	64	19335	0	19816
22118	226	60	48	18344	0	18678
22119	129	57	41	19243	0	19470
22120	72	20112	106	397	0	20687
22121	20393	208	58	286	0	20945
22122	20718	142	50	178	0	21088
22123	21132	60	47	165	0	21404
22124	21146	53	47	179	0	21425
22125	20959	43	33	158	0	21193
22126	373	48	42	20126	0	20589
22127	178	19895	84	268	0	20425
22128	135	155	40	18186	0	18516
22129	66	69	24	18390	0	18549
22130	17552	26	45	216	0	17839
22131	135	65	17075	107	0	17382
22132	94	80	16203	52	0	16429
22133	49	76	16271	51	0	16447
22134	16384	23	102	64	0	16573
22135	17484	62	169	65	0	17780
22136	151	17	24	18150	0	18342
22137	57	13	12	17115	0	17197
22138	31	20	14	17628	0	17693
22139	26	66	17917	137	0	18146
22140	39	15	83	17459	0	17596
22141	40	64	19458	111	0	19673
22142	34	16	90	19209	0	19349
22143	45	15	61	19595	0	19716
22144	41	17	23	20024	0	20105
22145	19872	15	16	194	0	20097
22146	19614	19	20	155	0	19808
22147	149	87	20000	36	0	20272
22148	18974	20	76	73	0	19143
22149	19809	16	62	67	0	19954
22150	137	7	22	19890	0	20056
22151	20359	10	17	121	0	20507
22152	118	11	27	21071	0	21227
22153	85	9	20	21090	0	21204
22154	36	65	20655	199	0	20955
22155	18727	23	128	153	0	19031
22156	142	9	81	21215	0	21447
22157	97	67	21097	151	0	21412
22158	56	73	22055	82	0	22266
22159	52	17	185	21311	0	21565
22160	40	67	90	21855	0	22052
22161	22458	6	37	262	0	22763
22162	157	13	30	23132	0	23332
22163	104	9	25	23271	0	23409
22164	53	6	27	23401	0	23487
22165	59	4	24	25454	0	25541
22166	26210	7	156	381	0	26754
22167	26232	11	42	273	0	26558
22168	27062	10	27	130	0	27229
22169	27359	11	38	116	0	27524
22170	487	14	31	28379	0	28911
22171	28506	6	32	409	0	28953
22172	389	8	26	28461	0	28884
22173	28555	3	24	442	0	29024
22174	423	10	28	28364	0	28825
22175	271	19	38	27592	0	27920
22176	99	28158	68	562	0	28887
22177	95	311	35	28177	0	28618
22178	27713	203	46	443	0	28405
22179	27180	47	35	316	0	27578
22180	548	83	28278	102	0	29011
22181	262	28256	367	115	0	29000
22182	28149	316	222	148	0	28835
22183	360	29401	109	93	0	29963
22184	28995	344	42	128	0	29509
22185	388	30613	88	108	0	31197
22186	292	427	30511	104	0	31334
22187	96	31155	381	99	0	31731
22188	88	31531	288	154	0	32061
22189	110	556	52	32263	0	32981
22190	32971	247	35	504	0	33757
22191	451	56	26	33600	0	34133
22192	318	33	22	33860	0	34233
22193	33220	31	27	737	0	34015
22194	33961	31	36	442	0	34470
22195	666	29	22	34155	0	34872
22196	358	30	43	34431	0	34862
22197	207	27	37	34510	0	34781
22198	33171	28	50	754	0	34003
22199	489	182	33680	372	0	34723
22200	358	45	393	33881	0	34677
22201	165	115	34967	487	0	35734
22202	135	34119	460	401	0	35115
22203	167	473	32781	171	0	33592
22204	171	265	423	32289	0	33148
22205	129	185	33034	513	0	33861
22206	30688	83	434	414	0	31619
22207	499	77	252	32427	0	33255
22208	356	32852	170	521	0	33899
22209	206	426	54	32736	0	33422
22210	192	32994	126	486	0	33798
22211	175	33282	112	361	0	33930
22212	184	33835	107	246	0	34372
22213	218	660	42	30996	0	31916
22214	172	32268	106	470	0	33016
22215	31575	421	57	426	0	32479
22216	528	373	30680	203	0	31784
22217	382	210	29958	341	0	30891
22218	233	205	31578	208	0	32224
22219	223	103	623	31595	0	32544
22220	215	87	303	31100	0	31705
22221	232	91	109	30876	0	31308
22222	346	92	93	30955	0	31486
22223	305	84	107	29794	0	30290
22224	274	30696	154	1038	0	32162
22225	258	524	30564	434	0	31780
22226	273	405	30099	287	0	31064
22227	253	31682	686	265	0	32886
22228	244	482	315	32259	0	33300
22229	267	322	136	32777	0	33502
22230	256	171	94	32960	0	33481
22231	32336	164	103	882	0	33485
22232	523	271	32216	548	0	33558
22233	31160	163	447	373	0	32143
22234	31870	155	327	337	0	32689
22235	824	31215	239	279	0	32557
22236	455	31449	211	222	0	32337
22237	31373	686	105	315	0	32479
22238	691	400	114	31230	0	32435
22239	514	209	94	32299	0	33116
22240	265	278	33051	823	0	34417
22241	241	288	32560	468	0	33557
22242	218	179	776	33104	0	34277
22243	33295	215	400	678	0	34588
22244	589	307	35791	451	0	37138
22245	35935	214	648	310	0	37107
22246	788	165	455	37764	0	39172
22247	493	184	182	39867	0	40726
22248	270	146	162	41348	0	41926
22249	298	238	40791	1282	0	42609
22250	194	40197	825	701	0	41917
22251	187	42067	542	374	0	43170
22252	40894	1002	147	411	0	42454
22253	41914	459	125	366	0	42864
22254	1177	150	134	41602	0	43063
22255	42065	114	162	971	0	43312
22256	868	206	41278	603	0	42955
22257	518	256	41560	303	0	42637
22258	213	133	1184	41270	0	42800
22259	42743	114	573	1007	0	44437
22260	902	113	223	43712	0	44950
22261	563	115	218	45002	0	45898
22262	43620	108	193	1421	0	45342
22263	44775	111	224	722	0	45832
22264	1353	47597	275	395	0	49620
22265	46779	912	160	317	0	48168
22266	1099	459	120	44723	0	46401
22267	537	46350	210	1022	0	48119
22268	45941	919	93	613	0	47566
22269	967	46905	211	228	0	48311
22270	520	918	77	45358	0	46873
22271	45354	442	73	1016	0	46885
22272	1083	223	44767	477	0	46550
22273	491	221	45514	170	0	46396
22274	240	89	1247	43948	0	45524
22275	216	59	482	45618	0	46375
22276	232	90	138	43654	0	44114
22277	135	46548	198	1261	0	48142
22278	47014	942	112	552	0	48620
22279	47439	489	109	290	0	48327
22280	47501	122	75	321	0	48019
22281	1495	48084	162	292	0	50033
22282	676	980	91	51143	0	52890
22283	321	533	108	51763	0	52725
22284	314	184	113	52384	0	52995
22285	48502	164	114	1755	0	50535
22286	1160	49531	198	750	0	51639
22287	747	1127	99	49639	0	51612
22288	344	599	77	50770	0	51790
22289	288	312	48686	1690	0	50976
22290	284	48351	1174	798	0	50607
22291	343	1135	575	47879	0	49932
22292	350	693	188	48737	0	49968
22293	334	233	155	49075	0	49797
22294	47011	144	136	1875	0	49166
22295	1238	47099	239	932	0	49508
22296	47760	1157	126	451	0	49494
22297	1435	645	129	47012	0	49221
22298	47434	232	141	1406	0	49213
22299	1370	338	46528	828	0	49064
22300	46086	201	1088	527	0	47902
22301	47014	236	585	489	0	48324
22302	1776	375	46710	385	0	49246
22303	955	263	1096	46582	0	48896
22304	503	247	603	47157	0	48510
22305	48099	260	228	1906	0	50493
22306	1429	226	204	48732	0	50591
22307	919	227	189	49161	0	50496
22308	509	242	189	49954	0	50894
22309	417	363	48051	2026	0	50857
22310	43662	269	1212	1219	0	46362
22311	1411	48544	963	618	0	51536
22312	1019	1266	224	46195	0	48704
22313	530	48367	300	1486	0	50683
22314	496	50770	327	995	0	52588
22315	519	1846	201	50038	0	52604
22316	560	926	50459	1714	0	53659
22317	569	502	51683	1067	0	53821
22318	565	370	1769	51816	0	54520
22319	482	436	51999	1747	0	54664
22320	49911	335	1376	1166	0	52788
22321	1628	348	774	52525	0	55275
22322	1087	372	287	52939	0	54685
22323	551	53271	404	2248	0	56474
22324	554	1397	298	53606	0	55855
22325	539	762	296	52553	0	54150
22326	493	51797	447	2365	0	55102
22327	538	1389	288	53027	0	55242
22328	539	773	258	51756	0	53326
22329	496	51479	371	2297	0	54643
22330	51410	1398	262	1368	0	54438
22331	1640	930	51551	766	0	54887
22332	1099	525	51454	633	0	53711
22333	688	516	1773	50817	0	53794
22334	593	452	792	52325	0	54162
22335	494	445	51485	2260	0	54684
22336	567	466	51202	1224	0	53459
22337	45758	369	1877	907	0	48911
22338	1465	51280	992	804	0	54541
22339	50459	1390	447	850	0	53146
22340	1537	821	49902	844	0	53104
22341	838	49455	1561	816	0	52670
22342	639	1378	916	50454	0	53387
22343	500	889	51421	1834	0	54644
22344	332	417	50069	1145	0	51963
22345	468	522	1752	50984	0	53726
22346	502	431	51046	1715	0	53694
22347	357	50087	1476	1097	0	53017
22348	434	1286	800	48911	0	51431
22349	487	849	49465	1546	0	52347
22350	314	49874	1461	1074	0	52723
22351	49456	1264	797	656	0	52173
22352	1395	811	49252	569	0	52027
22353	842	49644	1464	605	0	52555
22354	457	1327	919	48718	0	51421
22355	399	807	418	50780	0	52404
22356	49696	323	352	2092	0	52463
22357	1373	220	319	49511	0	51423
22358	794	211	276	48589	0	49870
22359	46636	194	310	2023	0	49163
22360	1273	219	262	46478	0	48232
22361	664	298	44334	1478	0	46774
22362	409	282	1103	44171	0	45965
22363	248	297	43467	1352	0	45364
22364	315	229	40256	783	0	41583
22365	224	290	41600	396	0	42510
22366	434	170	1342	37738	0	39684
22367	188	120	811	40056	0	41175
22368	39584	118	296	1340	0	41338
22369	858	134	260	38317	0	39569
22370	534	42665	312	1119	0	44630
22371	275	808	236	43603	0	44922
22372	206	521	264	42789	0	43780
22373	108	43592	320	1344	0	45364
22374	42659	811	249	817	0	44536
22375	41625	508	241	461	0	42835
22376	1129	42438	318	375	0	44260
22377	472	41797	333	273	0	42875
22378	228	1327	356	40616	0	42527
22379	40558	525	389	883	0	42355
22380	758	315	40789	546	0	42408
22381	462	251	38384	290	0	39387
22382	33922	128	931	255	0	35236
22383	613	37317	566	198	0	38694
22384	431	710	213	37792	0	39146
22385	209	417	176	37022	0	37824
22386	172	162	152	37718	0	38204
22387	143	126	139	37845	0	38253
22388	119	37424	256	1040	0	38839
22389	118	604	149	37969	0	38840
22390	37388	375	136	841	0	38740
22391	664	140	138	37768	0	38710
22392	437	123	145	38070	0	38775
22393	37525	88	144	1112	0	38869
22394	38083	98	143	620	0	38944
22395	38784	116	132	374	0	39406
22396	39078	104	154	314	0	39650
22397	1276	101	158	38225	0	39760
22398	38866	97	149	807	0	39919
22399	796	114	141	38844	0	39895
22400	38615	97	157	868	0	39737
22401	38504	100	152	602	0	39358
22402	1037	108	144	37862	0	39151
22403	537	213	38751	776	0	40277
22404	37377	108	670	648	0	38803
22405	39008	114	461	352	0	39935
22406	39404	114	214	354	0	40086
22407	39198	113	158	303	0	39772
22408	1134	110	146	39763	0	41153
22409	528	202	39941	722	0	41393
22410	331	188	38817	491	0	39827
22411	37447	100	894	367	0	38808
22412	40646	129	475	259	0	41509
22413	893	40771	312	227	0	42203
22414	445	40843	236	241	0	41765
22415	41138	750	117	285	0	42290
22416	766	396	122	39916	0	41200
22417	483	221	96	40906	0	41706
22418	40151	91	104	927	0	41273
22419	569	41956	188	511	0	43224
22420	43351	511	84	392	0	44338
22421	686	419	42936	267	0	44308
22422	42347	151	575	290	0	43363
22423	676	87	313	43744	0	44820
22424	464	182	45289	667	0	46602
22425	242	46177	606	506	0	47531
22426	279	575	327	47455	0	48636
22427	236	428	49985	656	0	51305
22428	244	122	650	49250	0	50266
22429	50257	75	411	839	0	51582
22430	701	202	50446	546	0	51895
22431	46737	85	687	367	0	47876
22432	759	50495	545	207	0	52006
22433	550	594	181	50729	0	52054
22434	309	540	53888	684	0	55421
22435	287	146	624	53136	0	54193
22436	231	255	55061	774	0	56321
22437	191	54178	758	620	0	55747
22438	52565	545	394	323	0	53827
22439	614	56275	283	312	0	57484
22440	500	605	100	55436	0	56641
22441	290	395	95	56378	0	57158
22442	204	432	53872	918	0	55426
22443	41431	275	553	712	0	42971
22444	589	51934	408	210	0	53141
22445	280	49263	169	145	0	49857
22446	150	50289	155	124	0	50718
22447	179	791	74	48151	0	49195
22448	85	49088	145	394	0	49712
22449	157	661	62	47838	0	48718
22450	86	48158	137	376	0	48757
22451	133	331	43	46631	0	47138
22452	67	47882	131	310	0	48390
22453	46655	302	91	291	0	47339
22454	337	357	46941	82	0	47717
22455	43739	95	304	202	0	44340
22456	46393	78	193	154	0	46818
22457	48590	68	76	196	0	48930
22458	488	48693	150	74	0	49405
22459	49046	317	47	137	0	49547
22460	48850	190	72	167	0	49279
22461	48966	96	60	180	0	49302
22462	559	193	48253	80	0	49085
22463	325	83	335	48365	0	49108
22464	139	220	49899	379	0	50637
22465	152	60	373	48888	0	49473
22466	49018	75	233	529	0	49855
22467	434	49271	170	319	0	50194
22468	303	558	56053	107	0	57021
22469	209	287	650	55504	0	56650
22470	143	112	317	59470	0	60042
22471	126	215	65222	1093	0	66656
22472	60559	98	1066	576	0	62299
22473	66483	75	517	208	0	67283
22474	68386	90	129	183	0	68788
22475	1667	84	94	65655	0	67500
22476	642	65155	202	1190	0	67189
22477	217	68426	226	575	0	69444
22478	207	1551	94	67680	0	69532
22479	219	587	105	66747	0	67658
22480	147	67381	266	1517	0	69311
22481	67073	1109	89	690	0	68961
22482	1169	67804	226	210	0	69409
22483	664	1185	107	66123	0	68079
22484	237	717	65899	1162	0	68015
22485	228	196	1129	65359	0	66912
22486	65929	134	550	1349	0	67962
22487	1205	241	66026	616	0	68088
22488	65265	145	1194	287	0	66891
22489	68272	129	670	308	0	69379
22490	69908	115	188	288	0	70499
22491	69996	109	161	292	0	70558
22492	72777	115	215	256	0	73363
22493	1993	261	69255	251	0	71760
22494	923	254	69366	184	0	70727
22495	72271	146	1875	249	0	74541
22496	76788	146	743	236	0	77913
22497	2286	192	204	77581	0	80263
22498	938	79660	243	1641	0	82482
22499	379	1650	137	81090	0	83256
22500	81648	876	124	1843	0	84491
22501	1915	303	116	76357	0	78691
22502	987	82187	260	1658	0	85092
22503	81833	1672	131	1019	0	84655
22504	81628	926	150	415	0	83119
22505	81664	263	151	413	0	82491
22506	2578	80505	324	267	0	83674
22507	1294	1638	178	80805	0	83915
22508	680	915	155	79100	0	80850
22509	489	77805	300	2505	0	81099
22510	611	1671	133	79220	0	81635
22511	77788	932	144	1942	0	80806
22512	78553	286	164	1135	0	80138
22513	2699	77151	377	486	0	80713
22514	1387	1726	215	77348	0	80676
22515	745	921	283	78730	0	80679
22516	609	301	290	79922	0	81122
22517	75493	247	288	2844	0	78872
22518	2090	428	75133	1329	0	78980
22519	70594	279	1757	765	0	73395
22520	2286	832	73154	572	0	76844
22521	1541	452	1819	67477	0	71289
22522	817	70011	1131	1957	0	73916
22523	781	73830	460	1263	0	76334
22524	70760	2671	381	683	0	74495
22525	70143	1217	204	694	0	72258
22526	2785	68536	353	748	0	72422
22527	1392	68335	357	629	0	70713
22528	68176	2579	237	594	0	71586
22529	68792	1215	218	701	0	70926
22530	2779	69253	400	765	0	73197
22531	71777	1979	236	657	0	74649
22532	2472	1310	71424	546	0	75752
22533	71801	598	1763	640	0	74802
22534	71760	465	959	685	0	73869
22535	3134	467	391	69343	0	73335
22536	1699	69357	491	2165	0	73712
22537	1226	1873	319	70571	0	73989
22538	70673	1078	342	2274	0	74367
22539	2811	460	291	68766	0	72328
22540	1926	407	362	70156	0	72851
22541	1135	601	69951	2907	0	74594
22542	1082	483	1910	70608	0	74083
22543	1020	437	1059	72812	0	75328
22544	71431	510	439	3098	0	75478
22545	2457	669	71466	1557	0	76149
22546	72192	587	1849	841	0	75469
22547	2712	603	985	72409	0	76709
22548	1813	553	351	73530	0	76247
22549	1107	608	308	72033	0	74056
22550	1005	69889	439	2946	0	74279
22551	1094	72456	490	1408	0	75448
22552	1198	2752	301	70876	0	75127
22553	71259	1303	312	2213	0	75087
22554	72807	603	310	1364	0	75084
22555	3792	535	265	71020	0	75612
22556	71461	525	263	2525	0	74774
22557	2968	556	264	70802	0	74590
22558	1900	544	238	72140	0	74822
22559	68447	531	249	3446	0	72673
22560	2664	71464	478	1784	0	76390
22561	72512	2227	270	1079	0	76088
22562	73161	1239	269	1077	0	75746
22563	71406	540	337	1109	0	73392
22564	3327	70059	500	992	0	74878
22565	1883	2154	322	70536	0	74895
22566	1217	1143	302	72369	0	75031
22567	1041	696	69222	3372	0	74331
22568	984	781	1801	63195	0	66761
22569	832	610	60446	2292	0	64180
22570	747	56402	1750	1395	0	60294
22571	508	49806	804	684	0	51802
22572	586	52621	420	522	0	54149
22573	909	2174	514	52598	0	56195
22574	652	822	157	53619	0	55250
22575	545	372	146	54239	0	55302
22576	484	324	133	54955	0	55896
22577	444	416	54121	2222	0	57203
22578	455	448	62015	1213	0	64131
22579	569	336	2006	63101	0	66012
22580	530	412	65863	1931	0	68736
22581	64637	291	1634	1274	0	67836
22582	67061	275	816	748	0	68900
22583	2484	400	67075	686	0	70645
22584	1359	225	1550	67080	0	70214
22585	724	247	826	69485	0	71282
22586	637	273	340	70738	0	71988
22587	711	395	290	69902	0	71298
22588	642	260	294	70627	0	71823
22589	56313	414	454	2848	0	60029
22590	64546	281	291	1461	0	66579
22591	2202	65663	392	897	0	69154
22592	1027	1571	62130	640	0	65368
22593	489	61836	1502	756	0	64583
22594	379	62925	843	645	0	64792
22595	59036	1690	267	562	0	61555
22596	1332	58458	359	566	0	60715
22597	603	54989	261	381	0	56234
22598	53703	1419	557	416	0	56095
22599	1265	666	53307	327	0	55565
22600	52626	223	1051	362	0	54262
22601	1214	163	510	53934	0	55821
22602	663	277	195	52756	0	53891
22603	364	136	186	53271	0	53957
22604	258	198	51532	1724	0	53712
22605	229	51591	1176	903	0	53899
22606	51530	1040	558	603	0	53731
22607	1161	509	322	52079	0	54071
22608	605	52833	315	1426	0	55179
22609	354	1120	305	54526	0	56305
22610	391	650	54597	1456	0	57094
22611	449	297	1161	54381	0	56288
22612	412	250	625	56082	0	57369
22613	328	227	251	56232	0	57038
22614	55066	236	206	2028	0	57536
22615	1331	193	194	55858	0	57576
22616	732	270	55399	1668	0	58069
22617	398	55647	1294	1063	0	58402
22618	503	1177	616	56156	0	58452
22619	484	647	350	56768	0	58249
22620	395	451	56047	1940	0	58833
22621	355	457	54583	1000	0	56395
22622	52837	359	2062	714	0	55972
22623	53474	391	891	764	0	55520
22624	1815	54238	642	563	0	57258
22625	54549	1265	363	559	0	56736
22626	1612	835	54031	503	0	56981
22627	990	400	53495	626	0	55511
22628	52565	292	1864	993	0	55714
22629	53508	190	911	1056	0	55665
22630	1550	320	51714	1071	0	54655
22631	49285	297	1161	1087	0	51830
22632	1341	316	50619	964	0	53240
22633	49595	260	1286	535	0	51676
22634	50572	455	699	456	0	52182
22635	1732	644	430	45333	0	48139
22636	771	51972	561	1236	0	54540
22637	41297	1708	673	917	0	44595
22638	991	1070	53918	515	0	56494
22639	851	53590	1351	510	0	56302
22640	54027	1519	767	632	0	56945
22641	50616	925	367	641	0	52549
22642	1880	51146	521	626	0	54173
22643	1126	1152	597	51382	0	54257
22644	743	745	50444	1508	0	53440
22645	537	310	1301	50691	0	52839
22646	426	434	50284	1867	0	53011
22647	400	317	1483	49884	0	52084
22648	398	344	1100	50590	0	52432
22649	498	567	49360	1876	0	52301
22650	663	49124	1468	1139	0	52394
22651	732	1272	772	47886	0	50662
22652	727	1022	38114	1596	0	41459
22653	47175	429	898	1119	0	49621
22654	1209	308	879	49669	0	52065
22655	854	284	531	50956	0	52625
22656	49259	246	467	1987	0	51959
22657	1410	259	364	49478	0	51511
22658	1276	246	371	47747	0	49640
22659	615	49123	626	1642	0	52006
22660	630	1072	607	48239	0	50548
22661	508	915	47734	1603	0	50760
22662	613	424	1100	45463	0	47600
22663	509	46884	881	1405	0	49679
22664	498	48210	875	916	0	50499
22665	540	1370	686	47978	0	50574
22666	48172	755	553	1164	0	50644
22667	1445	491	479	48517	0	50932
22668	48576	637	479	1225	0	50917
22669	1599	333	526	48303	0	50761
22670	47824	278	750	1348	0	50200
22671	48580	305	665	1082	0	50632
22672	1998	284	487	46395	0	49164
22673	1232	1217	729	43733	0	46911
22674	763	43441	802	1744	0	46750
22675	786	45242	658	1058	0	47744
22676	685	1324	43885	853	0	46747
22677	770	42782	1033	803	0	45388
22678	32722	606	983	473	0	34784
22679	683	342	325	32525	0	33875
22680	554	31114	314	790	0	32772
22681	31817	503	209	683	0	33212
22682	733	426	196	31851	0	33206
22683	651	201	201	30752	0	31805
22684	339	181	306	31337	0	32163
22685	294	232	347	30750	0	31623
22686	338	30895	387	978	0	32598
22687	391	32660	297	594	0	33942
22688	33744	810	325	388	0	35267
22689	888	34836	321	303	0	36348
22690	716	713	313	35138	0	36880
22691	526	467	257	35679	0	36929
22692	530	250	201	36071	0	37052
22693	482	219	197	36269	0	37167
22694	35310	245	240	1139	0	36934
22695	36290	154	253	686	0	37383
22696	1178	229	35823	369	0	37599
22697	755	245	743	35543	0	37286
22698	504	247	36611	841	0	38203
22699	510	200	795	36269	0	37774
22700	378	234	553	37006	0	38171
22701	37714	224	220	1348	0	39506
22702	888	215	253	38104	0	39460
22703	592	273	38131	1007	0	40003
22704	304	276	36634	737	0	37951
22705	36665	176	1003	543	0	38387
22706	764	289	38788	469	0	40310
22707	546	203	665	36608	0	38022
22708	247	210	38559	879	0	39895
22709	214	417	703	36738	0	38072
22710	133	37934	518	859	0	39444
22711	206	631	197	37112	0	38146
22712	116	37698	216	848	0	38878
22713	110	38281	199	616	0	39206
22714	184	969	154	37244	0	38551
22715	36863	423	94	855	0	38235
22716	547	37800	197	557	0	39101
22717	425	561	75	37322	0	38383
22718	37676	349	84	806	0	38915
22719	37843	138	68	619	0	38668
22720	38912	144	85	382	0	39523
22721	976	116	74	38132	0	39298
22722	504	151	99	38592	0	39346
22723	38591	131	100	1063	0	39885
22724	38640	130	102	640	0	39512
22725	39033	123	99	368	0	39623
22726	946	160	103	38520	0	39729
22727	493	230	37463	683	0	38869
22728	36533	122	498	547	0	37700
22729	658	113	334	37438	0	38543
22730	454	38864	212	714	0	40244
22731	371	619	111	38376	0	39477
22732	218	38804	181	668	0	39871
22733	343	660	99	39471	0	40573
22734	214	414	39323	737	0	40688
22735	195	38789	531	589	0	40104
22736	264	543	271	36387	0	37465
22737	188	295	134	36582	0	37199
22738	200	163	78	36039	0	36480
22739	36821	104	98	860	0	37883
22740	551	37176	157	502	0	38386
22741	389	573	100	38295	0	39357
22742	38446	395	104	794	0	39739
22743	38657	175	112	594	0	39538
22744	985	124	100	38949	0	40158
22745	500	250	39433	801	0	40984
22746	284	98	613	38496	0	39491
22747	196	39680	499	865	0	41240
22748	239	618	161	40599	0	41617
22749	40494	374	107	896	0	41871
22750	741	176	111	42088	0	43116
22751	508	219	42420	902	0	44049
22752	260	46406	748	609	0	48023
22753	47155	791	428	386	0	48760
22754	894	615	47519	337	0	49365
22755	47017	174	867	340	0	48398
22756	997	119	540	49391	0	51047
22757	675	120	216	48770	0	49781
22758	263	49327	268	1421	0	51279
22759	50438	850	148	769	0	52205
22760	1054	538	141	51379	0	53112
22761	721	174	177	51992	0	53064
22762	360	124	146	53264	0	53894
22763	285	198	52425	1514	0	54422
22764	259	127	900	52500	0	53786
22765	52920	115	551	1247	0	54833
22766	53775	117	198	814	0	54904
22767	1442	110	113	53151	0	54816
22768	715	123	96	53778	0	54712
22769	52630	103	108	1505	0	54346
22770	956	238	52059	751	0	54004
22771	50673	115	909	430	0	52127
22772	1067	236	51460	316	0	53079
22773	683	217	51695	249	0	52844
22774	338	110	1260	51038	0	52746
22775	245	248	52419	994	0	53906
22776	50718	92	932	750	0	52492
22777	1020	80	530	52664	0	54294
22778	679	211	52717	994	0	54601
22779	50167	125	870	796	0	51958
22780	52331	115	533	466	0	53445
22781	1400	214	53347	353	0	55314
22782	852	134	894	48853	0	50733
22783	375	53749	657	925	0	55706
22784	54221	864	236	740	0	56061
22785	1037	659	55104	396	0	57196
22786	49581	271	785	453	0	51090
22787	1011	54039	603	482	0	56135
22788	52998	716	284	387	0	54385
22789	53271	446	174	415	0	54306
22790	52814	184	214	460	0	53672
22791	1290	205	215	52307	0	54017
22792	675	52996	295	962	0	54928
22793	441	866	52006	747	0	54060
22794	323	53795	876	476	0	55470
22795	428	964	531	46832	0	48755
22796	292	51961	371	835	0	53459
22797	300	53305	357	625	0	54587
22798	51353	1010	255	451	0	53069
22799	913	637	51040	364	0	52954
22800	684	326	51690	372	0	53072
22801	518	294	51965	361	0	53138
22802	360	52181	1182	584	0	54307
22803	51430	662	553	563	0	53208
22804	51978	510	229	464	0	53181
22805	51592	197	239	476	0	52504
22806	1181	51139	302	482	0	53104
22807	739	670	232	52714	0	54355
22808	433	543	51516	982	0	53474
22809	385	393	50525	783	0	52086
22810	50454	188	1102	644	0	52388
22811	53137	211	632	546	0	54526
22812	53378	169	379	531	0	54457
22813	1422	296	52062	513	0	54293
22814	51206	156	876	634	0	52872
22815	1201	185	628	52493	0	54507
22816	893	204	422	52287	0	53806
22817	668	340	54300	1356	0	56664
22818	589	54610	1037	915	0	57151
22819	561	693	737	55441	0	57432
22820	502	603	54543	1224	0	56872
22821	49595	242	1049	1072	0	51958
22822	1185	175	817	55467	0	57644
22823	972	135	467	55813	0	57387
22824	54926	128	500	1550	0	57104
22825	1339	155	395	55500	0	57389
22826	55320	129	406	1356	0	57211
22827	54995	190	492	1005	0	56682
22828	1661	182	410	54775	0	57028
22829	1114	222	484	55204	0	57024
22830	53764	162	513	1409	0	55848
22831	1267	195	576	54745	0	56783
22832	54636	205	587	1115	0	56543
22833	54100	226	566	809	0	55701
22834	53606	206	528	488	0	54828
22835	1767	256	545	52222	0	54790
22836	1121	176	481	52675	0	54453
22837	52155	182	490	1345	0	54172
22838	1245	51138	616	704	0	53703
22839	824	49718	509	304	0	51355
22840	49398	813	506	370	0	51087
22841	885	561	47749	256	0	49451
22842	47473	214	725	291	0	48703
22843	924	164	508	50395	0	51991
22844	658	307	50755	589	0	52309
22845	49894	200	661	455	0	51210
22846	1035	253	415	51587	0	53290
22847	774	192	219	52681	0	53866
22848	605	199	224	53605	0	54633
22849	597	182	166	53566	0	54511
22850	51902	220	153	896	0	53171
22851	723	50835	294	450	0	52302
22852	44976	310	113	220	0	45619
22853	427	297	45564	96	0	46384
22854	272	185	44338	76	0	44871
22855	160	46384	364	90	0	46998
22856	264	488	488	45379	0	46619
22857	103	224	45155	257	0	45739
22858	89	42425	213	240	0	42967
22859	75	224	42902	86	0	43287
22860	77	58	109	41703	0	41947
22861	67	18	55	42358	0	42498
22862	42112	13	27	234	0	42386
22863	142	22	25	41534	0	41723
22864	40925	11	18	242	0	41196
22865	140	132	41822	101	0	42195
22866	86	42314	170	62	0	42632
22867	103	104	46	43749	0	44002
22868	100	77	20	47962	0	48159
22869	67	147	48419	169	0	48802
22870	147	185	45865	102	0	46299
22871	43973	31	181	167	0	44352
22872	50421	25	78	137	0	50661
22873	217	36	36	50536	0	50825
22874	127	26	24	50783	0	50960
22875	41	50073	121	199	0	50434
22876	86	144	23	52335	0	52588
22877	52866	70	36	268	0	53240
22878	53958	40	46	210	0	54254
22879	338	55497	129	89	0	56053
22880	55985	279	33	177	0	56474
22881	55416	154	42	177	0	55789
22882	510	49	34	60610	0	61203
22883	232	61744	159	641	0	62776
22884	146	507	33	63089	0	63775
22885	135	262	43	63305	0	63745
22886	108	210	61535	779	0	62632
22887	60138	55	559	441	0	61193
22888	755	50	275	67178	0	68258
22889	446	53	62	68339	0	68900
22890	101	76560	230	1364	0	78255
22891	163	1197	48	79792	0	81200
22892	79746	567	77	1539	0	81929
22893	83133	152	79	848	0	84212
22894	2163	262	82392	212	0	85029
22895	827	267	82713	161	0	83968
22896	360	71	2116	82457	0	85004
22897	263	52	777	86931	0	88023
22898	192	228	85779	2293	0	88492
22899	169	349	86552	948	0	88018
22900	226	79	2322	81934	0	84561
22901	160	242	86856	1772	0	89030
22902	171	295	87336	871	0	88673
22903	248	79	2422	82942	0	85691
22904	87229	46	948	1867	0	90090
22905	89263	69	296	1029	0	90657
22906	2440	70	230	87104	0	89844
22907	1020	83	176	89030	0	90309
22908	87464	74	153	2577	0	90268
22909	1914	85	130	87947	0	90076
22910	87092	92	170	2015	0	89369
22911	87251	82	165	1142	0	88640
22912	2611	82	135	86898	0	89726
22913	1134	113	155	88226	0	89628
22914	85173	110	168	2691	0	88142
22915	1853	85263	342	1321	0	88779
22916	964	87097	371	677	0	89109
22917	505	2291	225	83217	0	86238
22918	347	1121	82744	1959	0	86171
22919	401	438	1754	82175	0	84768
22920	82489	199	964	2153	0	85805
22921	1899	171	386	82955	0	85411
22922	82615	131	503	2243	0	85492
22923	1980	327	82311	1254	0	85872
22924	80188	190	1863	771	0	83012
22925	2089	162	961	82783	0	85995
22926	1230	121	392	84999	0	86742
22927	618	293	86663	2814	0	90388
22928	640	216	1878	86137	0	88871
22929	533	153	1088	88391	0	90165
22930	539	167	468	90351	0	91525
22931	86214	167	411	3188	0	89980
22932	1996	363	87817	1555	0	91731
22933	1300	399	87787	840	0	90326
22934	84556	171	2627	978	0	88332
22935	88283	159	1266	938	0	90646
22936	2816	379	89851	775	0	93821
22937	1509	183	2130	84389	0	88211
22938	758	90793	1507	2308	0	95366
22939	940	1653	740	92920	0	96253
22940	92741	820	743	2581	0	96885
22941	94256	281	739	1779	0	97055
22942	2896	202	770	91922	0	95790
22943	1447	91260	987	2550	0	96244
22944	1036	1657	730	86896	0	90319
22945	899	90533	962	2362	0	94756
22946	90090	1735	663	1861	0	94349
22947	88317	925	751	1377	0	91370
22948	88889	303	745	1294	0	91231
22949	2984	85354	942	1276	0	90556
22950	1608	88769	813	1376	0	92566
22951	1146	2794	626	87904	0	92470
22952	1107	1007	610	89850	0	92574
22953	1088	357	590	89668	0	91703
22954	1146	288	548	91026	0	93008
22955	1074	448	86257	3580	0	91359
22956	80251	345	1994	2231	0	84821
22957	2571	562	88983	1417	0	93533
22958	89720	347	2242	1408	0	93717
22959	2799	611	93908	1354	0	98672
22960	92022	321	2360	1457	0	96160
22961	2862	555	95567	1308	0	100292
22962	92040	347	2540	1271	0	96198
22963	3030	297	1506	95906	0	100739
22964	97693	297	862	3100	0	101952
22965	3106	286	686	98398	0	102476
22966	2084	278	714	99460	0	102536
22967	1283	302	772	95770	0	98127
22968	1027	91359	930	3820	0	97136
22969	90996	2042	635	2300	0	95973
22970	91245	1139	638	1589	0	94611
22971	3569	91328	906	1398	0	97201
22972	2073	2037	567	91206	0	95883
22973	1209	1405	89537	2942	0	95093
22974	86716	434	2323	2196	0	91669
22975	91418	339	1418	1429	0	94604
22976	90531	324	758	1275	0	92888
22977	3832	316	643	84332	0	89123
22978	1875	84043	850	2515	0	89283
22979	1330	1933	606	84247	0	88116
22980	83739	1036	631	2683	0	88089
22981	2893	430	622	79626	0	83571
22982	1433	76371	702	2167	0	80673
22983	73933	1622	502	1480	0	77537
22984	2269	1141	74925	857	0	79192
22985	1951	589	74319	708	0	77567
22986	922	74006	2613	766	0	78307
22987	858	72321	1245	678	0	75102
22988	1258	2060	67981	594	0	71893
22989	993	1100	65036	568	0	67697
22990	1184	1664	1617	52706	0	57171
22991	55156	162	829	1051	0	57198
22992	917	364	56273	629	0	58183
22993	511	54600	777	333	0	56221
22994	54984	608	636	346	0	56574
22995	681	55172	273	179	0	56305
22996	52787	508	107	229	0	53631
22997	577	52660	210	138	0	53585
22998	391	53766	192	174	0	54523
22999	284	715	129	53672	0	54800
23000	267	372	123	54005	0	54767
23001	281	320	51560	741	0	52902
23002	286	97	436	50876	0	51695
23003	51363	116	301	643	0	52423
23004	51490	148	107	511	0	52256
23005	796	141	60	50388	0	51385
23006	464	260	49662	537	0	50923
23007	246	281	48768	433	0	49728
23008	251	121	685	49665	0	50722
23009	242	297	50669	517	0	51725
23010	221	110	584	49671	0	50586
23011	237	116	453	49361	0	50167
23012	162	297	56606	801	0	57866
23013	52307	148	781	599	0	53835
23014	56912	123	643	318	0	57996
23015	1350	245	57688	170	0	59453
23016	673	234	59510	204	0	60621
23017	326	134	1553	58704	0	60717
23018	275	115	774	68496	0	69660
23019	273	157	266	70875	0	71571
23020	322	181	188	71476	0	72167
23021	70236	169	180	1960	0	72545
23022	75018	159	171	1018	0	76366
23023	2122	184	195	78658	0	81159
23024	1141	192	166	83288	0	84787
23025	388	359	87790	2540	0	91077
23026	406	133	1992	89471	0	92002
23027	343	103	1267	92468	0	94181
23028	91399	117	357	3694	0	95567
23029	2366	95738	357	2260	0	100721
23030	1597	2408	188	95301	0	99494
23031	596	1359	220	97986	0	100161
23032	395	332	252	95729	0	96708
23033	295	88517	456	4122	0	93390
23034	270	95354	472	1920	0	98016
23035	350	3706	286	93682	0	98024
23036	338	1604	238	94215	0	96395
23037	377	391	236	96371	0	97375
23038	88506	226	283	4459	0	93474
23039	2546	89705	411	2450	0	95112
23040	91486	2536	238	885	0	95145
23041	92791	1543	226	709	0	95269
23042	4095	426	262	87762	0	92545
23043	1765	88569	416	2981	0	93731
23044	89162	2617	191	2019	0	93989
23045	2883	1702	184	89592	0	94361
23046	90898	504	232	3215	0	94849
23047	3126	308	202	92319	0	95955
23048	1837	458	91022	3312	0	96629
23049	624	479	93176	2159	0	96438
23050	625	304	3856	91196	0	95981
23051	567	337	1782	93770	0	96456
23052	577	342	518	91037	0	92474
23053	507	89108	496	4588	0	94699
23054	474	94774	498	2308	0	98054
23055	91141	3829	313	1191	0	96474
23056	89937	1822	292	1035	0	93086
23057	3808	88894	413	994	0	94109
23058	1576	85808	424	817	0	88625
23059	608	89221	382	837	0	91048
23060	83268	3611	210	928	0	88017
23061	2484	85188	452	852	0	88976
23062	1636	2580	181	84581	0	88978
23063	84480	1490	179	2914	0	89063
23064	85092	543	207	1950	0	87792
23065	3752	415	232	82526	0	86925
23066	1814	541	80861	2884	0	86100
23067	759	597	82125	1905	0	85386
23068	732	393	3406	81178	0	85709
23069	758	585	83143	3018	0	87504
23070	657	444	2531	82394	0	86026
23071	691	468	1429	82913	0	85501
23072	580	637	81633	4077	0	86927
23073	891	603	82722	2170	0	86386
23074	695	464	3619	80596	0	85374
23075	724	444	1611	85345	0	88124
23076	81416	500	578	4386	0	86880
23077	2636	81182	677	2487	0	86982
23078	1671	85756	604	1580	0	89611
23079	82614	3703	446	1359	0	88122
23080	84145	1797	362	1394	0	87698
23081	3865	82336	520	1484	0	88205
23082	2024	84727	605	1368	0	88724
23083	83386	3801	379	1380	0	88946
23084	3029	1852	403	82543	0	87827
23085	81616	769	494	3528	0	86407
23086	2969	81561	653	2613	0	87796
23087	82644	2703	417	1729	0	87493
23088	3153	1939	80893	1507	0	87492
23089	80175	772	2515	1544	0	85006
23090	3180	822	82174	1466	0	87642
23091	2120	673	2758	80439	0	85990
23092	78904	673	1641	3610	0	84828
23093	3003	836	76515	2600	0	82954
23094	2076	809	2595	77160	0	82640
23095	76634	808	1612	3600	0	82654
23096	3056	988	76501	2602	0	83147
23097	2178	865	2557	77740	0	83340
23098	75786	860	1525	3568	0	81739
23099	3139	75660	739	2518	0	82056
23100	2232	2912	495	76359	0	81998
23101	1301	1996	480	77088	0	80865
23102	1259	1085	406	76875	0	79625
23103	1057	76329	661	4450	0	82497
23104	1319	2995	382	79174	0	83870
23105	1289	1877	443	81197	0	84806
23106	1360	994	502	82079	0	84935
23107	1440	770	495	83873	0	86578
23108	1248	967	79091	4596	0	85902
23109	74812	777	2792	2543	0	80924
23110	79185	688	1698	1508	0	83079
23111	4228	78183	1004	1296	0	84711
23112	2093	2545	589	71874	0	77101
23113	1202	1518	594	72410	0	75724
23114	912	72346	879	4025	0	78162
23115	991	2327	654	71412	0	75384
23116	68038	1391	663	3033	0	73125
23117	2297	65722	804	1962	0	70785
23118	61054	1977	558	975	0	64564
23119	2181	1111	400	59940	0	63632
23120	1279	585	58885	2505	0	63254
23121	588	59397	2042	1573	0	63600
23122	53541	1817	1308	883	0	57549
23123	1617	50235	424	592	0	52868
23124	880	49490	348	467	0	51185
23125	41077	1247	412	361	0	43097
23126	992	580	41770	292	0	43634
23127	405	37864	743	212	0	39224
23128	33272	757	1340	496	0	35865
23129	30848	196	100	158	0	31302
23130	503	31669	111	125	0	32408
23131	269	423	61	32884	0	33637
23132	141	282	33798	425	0	34646
23133	128	117	362	33337	0	33944
23134	109	154	179	33590	0	34032
23135	115	58	69	35666	0	35908
23136	95	167	35506	571	0	36339
23137	118	91	372	34327	0	34908
23138	125	144	35388	488	0	36145
23139	103	177	33762	256	0	34298
23140	28518	107	505	265	0	29395
23141	391	34691	267	128	0	35477
23142	215	35200	166	113	0	35694
23143	124	525	171	35887	0	36707
23144	39934	234	34	583	0	40785
23145	40324	120	196	325	0	40965
23146	39533	106	57	193	0	39889
23147	39821	79	58	184	0	40142
23148	38247	65	70	177	0	38559
23149	640	170	37524	100	0	38434
23150	339	92	389	37051	0	37871
23151	160	36894	311	424	0	37789
23152	138	428	92	37871	0	38529
23153	38409	230	74	570	0	39283
23154	442	38535	145	294	0	39416
23155	304	438	78	39381	0	40201
23156	39686	252	57	570	0	40565
23157	41367	121	65	418	0	41971
23158	835	107	79	40592	0	41613
23159	364	77	90	40101	0	40632
23160	210	79	68	40827	0	41184
23161	129	181	39884	686	0	40880
23162	152	187	40400	356	0	41095
23163	181	88	592	40955	0	41816
23164	176	106	267	41860	0	42409
23165	41646	93	123	765	0	42627
23166	41368	102	94	441	0	42005
23167	41959	102	80	282	0	42423
23168	42556	102	82	255	0	42995
23169	41942	87	94	242	0	42365
23170	697	43183	156	190	0	44226
23171	45078	449	85	265	0	45877
23172	45435	261	98	270	0	46064
23173	45450	139	90	204	0	45883
23174	781	112	85	46885	0	47863
23175	402	213	46203	636	0	47454
23176	285	145	561	47303	0	48294
23177	248	250	50480	733	0	51711
23178	247	112	639	46928	0	47926
23179	175	49685	433	689	0	50982
23180	50264	612	123	469	0	51468
23181	51939	352	110	309	0	52710
23182	1024	141	85	53182	0	54432
23183	567	107	88	57601	0	58363
23184	279	86	102	57375	0	57842
23185	191	58621	178	960	0	59950
23186	58011	632	91	564	0	59298
23187	57840	353	91	287	0	58571
23188	1026	58554	192	205	0	59977
23189	553	628	76	58854	0	60111
23190	302	370	106	57402	0	58180
23191	322	59053	214	911	0	60500
23192	59625	659	99	529	0	60912
23193	59568	354	121	314	0	60357
23194	1144	144	88	59507	0	60883
23195	567	235	59572	768	0	61142
23196	286	303	57903	462	0	58954
23197	287	93	976	61371	0	62727
23198	306	101	435	61996	0	62838
23199	297	99	154	63850	0	64400
23200	62989	91	107	1338	0	64525
23201	62994	104	101	814	0	64013
23202	1250	66810	248	346	0	68654
23203	66472	770	208	379	0	67829
23204	1000	557	66828	221	0	68606
23205	587	343	66365	238	0	67533
23206	249	70747	1280	248	0	72524
23207	68933	749	513	331	0	70526
23208	781	69918	273	208	0	71180
23209	69984	766	189	366	0	71305
23210	934	616	69332	211	0	71093
23211	574	358	69409	238	0	70579
23212	384	123	1072	67850	0	69429
23213	288	305	73472	869	0	74934
23214	315	139	810	73797	0	75061
23215	399	211	484	67355	0	68449
23216	236	74671	272	1208	0	76387
23217	306	789	153	75538	0	76786
23218	263	446	107	76608	0	77424
23219	77935	206	132	1404	0	79677
23220	932	78266	249	701	0	80148
23221	686	896	113	79035	0	80730
23222	360	692	78500	1113	0	80665
23223	65512	237	963	992	0	67704
23224	1081	344	79481	402	0	81308
23225	715	235	1047	76159	0	78156
23226	304	81290	682	1031	0	83307
23227	330	1049	211	80158	0	81748
23228	81921	595	159	1303	0	83978
23229	81232	227	158	857	0	82474
23230	1623	83862	325	371	0	86181
23231	86987	1116	150	586	0	88839
23232	87329	832	185	503	0	88849
23233	88746	259	228	495	0	89728
23234	89809	184	370	439	0	90802
23235	83110	239	315	472	0	84136
23236	1634	401	87371	288	0	89694
23237	907	215	1166	85741	0	88029
23238	547	241	709	84638	0	86135
23239	390	220	306	86344	0	87260
23240	351	87727	408	1761	0	90247
23241	423	1116	220	87417	0	89176
23242	359	888	87222	1305	0	89774
23243	305	85673	1201	871	0	88050
23244	296	84101	821	421	0	85639
23245	494	1697	298	83412	0	85901
23246	339	712	279	83916	0	85246
23247	365	262	273	82028	0	82928
23248	293	81496	381	1760	0	83930
23249	303	83613	388	882	0	85186
23250	82237	1569	211	579	0	84596
23251	82297	743	219	524	0	83783
23252	1620	83638	395	423	0	86076
23253	85126	1147	263	527	0	87063
23254	87083	694	233	604	0	88614
23255	1784	399	277	87795	0	90255
23256	1049	284	238	90449	0	92020
23257	591	267	255	90886	0	91999
23258	502	502	91000	1880	0	93884
23259	526	474	92198	987	0	94185
23260	473	96383	2038	536	0	99430
23261	97286	1454	922	566	0	100228
23262	1755	1193	98693	425	0	102066
23263	95074	355	1598	631	0	97658
23264	1937	542	103906	430	0	106815
23265	99869	333	1875	598	0	102675
23266	2038	107163	1269	521	0	110991
23267	107088	1865	620	635	0	110208
23268	2172	1114	324	107075	0	110685
23269	1401	475	342	109123	0	111341
23270	717	665	107489	2831	0	111702
23271	531	111351	1919	1503	0	115304
23272	626	1882	1024	112107	0	115639
23273	552	1451	111361	1978	0	115342
23274	96282	491	1769	1485	0	100027
23275	1805	109437	1258	609	0	113109
23276	107795	1649	391	624	0	110459
23277	1846	105674	505	578	0	108603
23278	1172	1730	292	105288	0	108482
23279	104376	974	285	2040	0	107675
23280	1681	105835	524	1230	0	109270
23281	1131	1810	270	105214	0	108425
23282	541	1234	102698	1869	0	106342
23283	91512	477	1615	1257	0	94861
23284	1895	342	870	100115	0	103222
23285	1158	603	98782	1864	0	102407
23286	555	98626	1673	1314	0	102168
23287	675	1632	935	98780	0	102022
23288	584	1174	98597	1770	0	102125
23289	619	438	1738	93070	0	95865
23290	521	98841	1164	1807	0	102333
23291	474	100929	584	1073	0	103060
23292	641	2471	98584	518	0	102214
23293	703	1008	1595	96986	0	100292
23294	529	659	100360	1754	0	103302
23295	94288	423	1677	1189	0	97577
23296	1972	689	935	94270	0	97866
23297	1072	94742	548	1573	0	97935
23298	524	98279	484	1050	0	100337
23299	94380	2078	354	616	0	97428
23300	1570	97431	463	461	0	99925
23301	96523	1561	293	562	0	98939
23302	1733	1135	94433	379	0	97680
23303	85792	433	1482	573	0	88280
23304	1572	92709	1054	373	0	95708
23305	92030	1528	477	463	0	94498
23306	1560	90430	430	379	0	92799
23307	1012	1593	274	88592	0	91471
23308	519	992	252	91628	0	93391
23309	419	620	89765	2091	0	92895
23310	82972	404	1514	1273	0	86163
23311	1616	581	92069	471	0	94737
23312	91248	380	1729	496	0	93853
23313	1952	332	946	91993	0	95223
23314	1135	364	391	93116	0	95006
23315	453	94642	511	2646	0	98252
23316	503	1893	317	97187	0	99900
23317	532	1097	369	99755	0	101753
23318	441	665	97056	2785	0	100947
23319	85153	382	1894	1523	0	88952
23320	1843	94032	1325	557	0	97757
23321	94311	1814	427	491	0	97043
23322	2000	1063	367	93951	0	97381
23323	1220	468	333	95866	0	97887
23324	92835	362	372	2722	0	96291
23325	1900	95137	614	1359	0	99010
23326	92115	1820	328	597	0	94860
23327	1986	91915	555	407	0	94863
23328	1056	92667	478	463	0	94664
23329	91572	2435	500	463	0	94970
23330	2035	1162	309	89403	0	92909
23331	1155	681	87430	1881	0	91147
23332	687	387	1712	85559	0	88345
23333	536	506	984	84602	0	86628
23334	427	85984	596	2579	0	89586
23335	551	2090	249	87311	0	90201
23336	527	1228	303	88140	0	90198
23337	542	575	324	89692	0	91133
23338	519	413	297	91985	0	93214
23339	411	627	89192	2972	0	93202
23340	444	626	91404	1426	0	93900
23341	514	465	2722	91949	0	95650
23342	502	550	92763	2319	0	96134
23343	527	645	92059	1369	0	94600
23344	634	476	2809	91256	0	95175
23345	586	702	94011	2309	0	97608
23346	714	547	2208	85286	0	88755
23347	489	93335	1407	2211	0	97442
23348	95882	2199	544	1488	0	100113
23349	2392	1499	106386	764	0	111041
23350	1586	618	2589	105061	0	109854
23351	601	677	109328	2861	0	113467
23352	650	462	2765	112816	0	116693
23353	607	468	1497	117073	0	119645
23354	112830	467	636	4516	0	118449
23355	3023	465	547	115085	0	119120
23356	109005	417	471	3635	0	113528
23357	110242	423	488	2225	0	113378
23358	4026	107601	709	1287	0	113623
23359	104201	2640	416	906	0	108163
23360	2818	103625	694	772	0	107909
23361	1472	105894	688	861	0	108915
23362	101750	3529	611	823	0	106713
23363	2685	1720	101680	649	0	106734
23364	1530	767	99882	668	0	102847
23365	94020	525	4236	680	0	99461
23366	96731	411	1725	674	0	99541
23367	3280	96588	784	607	0	101259
23368	99314	2266	477	757	0	102814
23369	99606	1305	530	822	0	102263
23370	97968	462	515	798	0	99743
23371	3776	316	424	94120	0	98636
23372	92833	342	488	2699	0	96362
23373	2647	96501	575	1790	0	101513
23374	1813	2250	432	98986	0	103481
23375	1009	1300	448	98928	0	101685
23376	713	98948	701	3633	0	103995
23377	834	2286	490	100543	0	104153
23378	97607	1427	593	2951	0	102578
23379	98997	698	544	1971	0	102210
23380	3640	95650	702	1118	0	101110
23381	1943	98888	615	928	0	102374
23382	97922	3381	512	902	0	102717
23383	2939	1808	97141	903	0	102791
23384	2054	857	97764	851	0	101526
23385	1407	714	3457	93833	0	99411
23386	1234	695	1698	97956	0	101583
23387	1195	838	96090	3748	0	101871
23388	1149	93292	2750	1991	0	99182
23389	1289	2654	1671	89336	0	94950
23390	1216	1845	95847	2799	0	101707
23391	1275	793	2618	94632	0	99318
23392	1164	710	1733	93087	0	96694
23393	1094	98306	1019	3593	0	104012
23394	1302	2704	591	97561	0	102158
23395	1249	1721	650	99351	0	102971
23396	1231	873	729	100857	0	103690
23397	97827	700	611	4112	0	103250
23398	3340	707	537	94123	0	98707
23399	2204	96880	824	2933	0	102841
23400	96625	2622	593	2090	0	101930
23401	3220	1952	93359	1209	0	99740
23402	2270	1119	93579	1123	0	98091
23403	91940	684	3728	1221	0	97573
23404	3207	1048	1776	94465	0	100496
23405	2270	1084	94962	2956	0	101272
23406	1500	739	2670	94156	0	99065
23407	1349	712	1834	97843	0	101738
23408	95540	801	1042	4152	0	101535
23409	95765	846	809	2523	0	99943
23410	4014	94856	1030	1813	0	101713
23411	2509	2533	847	92066	0	97955
23412	1419	1780	92774	2929	0	98902
23413	1152	96539	2659	2107	0	102457
23414	94935	2415	1457	1448	0	100255
23415	2731	98856	1075	1259	0	103921
23416	98291	2482	726	1189	0	102688
23417	2914	1806	97696	1088	0	103504
23418	95387	904	2382	1215	0	99888
23419	100842	795	1513	1185	0	104335
23420	3784	1010	102151	1086	0	108031
23421	2202	1058	2499	95332	0	101091
23422	1321	100950	1742	2674	0	106687
23423	1161	105216	1018	1986	0	109381
23424	1133	107237	901	1268	0	110539
23425	1470	3608	665	101274	0	107017
23426	1246	1872	103939	2674	0	109731
23427	1301	925	2261	102520	0	107007
23428	1249	846	1422	106222	0	109739
23429	1209	917	104651	3529	0	110306
23430	1066	103725	2636	2675	0	110102
23431	1145	2399	1534	102482	0	107560
23432	103644	1505	812	2874	0	108835
23433	2762	843	735	104028	0	108368
23434	1873	710	694	101935	0	105212
23435	1112	101913	893	3593	0	107511
23436	101935	2400	584	2146	0	107065
23437	2846	1612	531	104263	0	109252
23438	1878	1011	102355	2665	0	107909
23439	1084	101634	2345	2009	0	107072
23440	98238	2094	1431	1213	0	102976
23441	2330	1774	100030	805	0	104939
23442	96728	851	2208	965	0	100752
23443	2520	734	1435	96313	0	101002
23444	1498	100399	1095	2096	0	105088
23445	99105	2163	738	1590	0	103596
23446	98024	1367	675	1124	0	101190
23447	2927	103443	917	868	0	108155
23448	1690	1847	598	99007	0	103142
23449	633	971	455	93013	0	95072
23450	88950	492	468	2254	0	92164
23451	1560	90539	647	1292	0	94038
23452	852	1572	275	83613	0	86312
23453	324	82519	437	1361	0	84641
23454	251	83088	365	724	0	84428
23455	399	1210	397	81187	0	83193
23456	79688	587	280	1112	0	81667
23457	856	81646	367	655	0	83524
23458	598	883	194	82055	0	83730
23459	320	562	163	82831	0	83876
23460	323	474	81516	1256	0	83569
23461	304	451	77157	692	0	78604
23462	246	80330	1259	541	0	82376
23463	336	1123	78497	353	0	80309
23464	344	668	813	77187	0	79012
23465	323	504	80146	896	0	81869
23466	342	420	892	79216	0	80870
23467	357	254	473	82209	0	83293
23468	318	265	214	82391	0	83188
23469	79533	272	206	1390	0	81401
23470	918	296	190	79792	0	81196
23471	659	332	142	79477	0	80610
23472	306	79541	364	1232	0	81443
23473	377	884	179	77210	0	78650
23474	75653	574	169	1231	0	77627
23475	837	77839	324	690	0	79690
23476	78129	948	184	633	0	79894
23477	1125	829	78436	399	0	80789
23478	661	654	80016	478	0	81809
23479	429	363	1190	81715	0	83697
23480	399	420	570	84546	0	85935
23481	337	85458	472	1402	0	87669
23482	386	1192	288	81778	0	83644
23483	83983	665	410	1363	0	86421
23484	84221	390	326	946	0	85883
23485	1421	394	266	86272	0	88353
23486	726	662	92765	1281	0	95434
23487	470	384	1056	93363	0	95273
23488	438	351	609	98111	0	99509
23489	408	319	374	99056	0	100157
23490	372	348	282	97778	0	98780
23491	379	365	276	95221	0	96241
23492	252	96186	495	1871	0	98804
23493	93462	1261	298	1231	0	96252
23494	94622	748	284	938	0	96592
23495	94906	376	291	884	0	96457
23496	1729	96641	475	700	0	99545
23497	95531	1284	254	794	0	97863
23498	1300	96860	441	644	0	99245
23499	857	1641	95198	605	0	98301
23500	578	822	1182	91856	0	94438
23501	500	624	97241	1518	0	99883
23502	381	97680	1489	1106	0	100656
23503	94967	1482	748	852	0	98049
23504	1411	1101	99578	629	0	102719
23505	973	670	106750	620	0	109013
23506	454	110555	2412	679	0	114100
23507	629	1668	1106	110315	0	113718
23508	496	1398	119291	1907	0	123092
23509	672	557	1825	113513	0	116567
23510	583	348	1171	130976	0	133078
23511	542	339	518	140749	0	142148
23512	144701	315	284	3853	0	149153
23513	144157	299	279	2069	0	146804
23514	3970	265	302	142675	0	147212
23515	141336	246	351	3198	0	145131
23516	2872	571	138678	1875	0	143996
23517	1649	578	137941	764	0	140932
23518	707	484	141230	614	0	143035
23519	582	516	141832	509	0	143439
23520	422	137906	4054	601	0	142983
23521	831	2395	2129	133033	0	138388
23522	636	1623	139123	2415	0	143797
23523	125941	410	2639	1642	0	130632
23524	137353	208	1558	769	0	139888
23525	3481	137103	1010	1583	0	143177
23526	137459	2330	626	610	0	141025
23527	2808	1294	638	136447	0	141187
23528	1584	772	140524	2505	0	145385
23529	912	343	2721	129677	0	133653
23530	451	142209	1910	2453	0	147023
23531	139216	2492	675	1644	0	144027
23532	141231	1394	461	953	0	144039
23533	3605	142491	741	813	0	147650
23534	144741	2456	435	761	0	148393
23535	142810	1388	402	760	0	145360
23536	3795	143139	660	642	0	148236
23537	2177	2516	438	136046	0	141177
23538	810	141545	686	2538	0	145579
23539	141372	2732	455	1724	0	146283
23540	2946	1804	470	140666	0	145886
23541	141858	660	526	2862	0	145906
23542	3274	554	415	141296	0	145539
23543	1964	921	139200	2890	0	144975
23544	132883	532	2595	1865	0	137875
23545	3060	811	140088	796	0	144755
23546	2065	503	2806	137274	0	142648
23547	1070	791	136447	2797	0	141105
23548	1016	516	2858	134938	0	139328
23549	877	828	136287	3058	0	141050
23550	127044	442	2965	2120	0	132571
23551	2873	134435	2117	1131	0	140556
23552	134531	2511	928	931	0	138901
23553	3295	1479	799	133104	0	138677
23554	130154	657	815	3028	0	134654
23555	2984	132306	1133	1887	0	138310
23556	1879	132925	1031	936	0	136771
23557	996	139609	986	846	0	142437
23558	137888	3814	734	1114	0	143550
23559	3173	1831	663	137702	0	143369
23560	2190	794	632	140992	0	144608
23561	1212	1078	137791	3997	0	144078
23562	1124	1152	137823	2056	0	142155
23563	1274	691	3747	138086	0	143798
23564	1171	1055	141711	3091	0	147028
23565	930	139653	3394	2068	0	146045
23566	137160	2883	1993	1202	0	143238
23567	3153	2117	140191	919	0	146380
23568	2111	1190	140737	883	0	144921
23569	1350	653	4212	136219	0	142434
23570	141125	569	2336	3302	0	147332
23571	3324	507	1106	142228	0	147165
23572	141158	523	1090	3444	0	146215
23573	3529	569	1051	142157	0	147306
23574	2171	877	142471	3185	0	148704
23575	1251	139906	3633	2034	0	146824
23576	1129	3014	142771	1092	0	148006
23577	962	143073	3651	1004	0	148690
23578	1256	3140	2323	138095	0	144814
23579	136299	1594	1063	3024	0	141980
23580	3018	1143	138445	2023	0	144629
23581	2294	615	2879	136575	0	142363
23582	1476	602	1734	141754	0	145566
23583	141936	599	932	4177	0	147644
23584	3220	689	844	137223	0	141976
23585	1951	141077	1359	2919	0	147306
23586	133842	2747	925	2002	0	139516
23587	2935	2011	133702	987	0	139635
23588	124954	833	2675	1073	0	129535
23589	2932	133343	2011	898	0	139184
23590	2316	2632	783	124015	0	129746
23591	1079	135333	967	2564	0	139943
23592	132802	2639	706	1831	0	137978
23593	2933	1946	135256	998	0	141133
23594	130074	941	2555	1135	0	134705
23595	2994	139017	1971	813	0	144795
23596	2075	2502	816	139415	0	144808
23597	141472	1565	661	2909	0	146607
23598	143763	757	760	1918	0	147198
23599	3993	643	622	141504	0	146762
23600	2261	708	591	142046	0	145606
23601	1127	141788	1003	3691	0	147609
23602	1174	2620	614	141199	0	145607
23603	920	166482	1052	2955	0	171409
23604	845	174067	1040	2069	0	178021
23605	1046	5150	682	152376	0	159254
23606	742	159209	913	3577	0	164441
23607	976	3392	161902	1779	0	168049
23608	1238	2011	166523	848	0	170620
23609	705	166207	4845	1298	0	173055
23610	784	3437	164402	554	0	169177
23611	510	1916	160464	487	0	163377
23612	497	796	150937	445	0	152675
23613	196	147170	4276	585	0	152227
23614	142456	2616	1764	444	0	147280
23615	2288	144201	818	329	0	147636
23616	1432	3148	144120	200	0	148900
23617	646	1345	2549	139124	0	143664
23618	140985	468	1359	2656	0	145468
23619	2526	595	142441	1233	0	146795
23620	1435	261	2681	139058	0	143435
23621	523	519	146088	2492	0	149622
23622	470	244	2931	141186	0	144831
23623	139454	269	1499	2980	0	144202
23624	2633	511	144135	1430	0	148709
23625	1343	145934	2961	735	0	150973
23626	721	2818	1476	138890	0	143905
23627	146158	1472	708	2766	0	151104
23628	2834	840	145817	1526	0	151017
23629	1861	624	3031	128597	0	134113
23630	507	145278	1920	2328	0	150033
23631	145795	2771	728	1457	0	150751
23632	149941	1534	571	684	0	152730
23633	4315	647	498	141692	0	147152
23634	1861	149886	806	2801	0	155354
23635	661	155747	724	1600	0	158732
23636	156270	4321	516	776	0	161883
23637	3404	2094	523	149382	0	155403
23638	1697	157698	775	3143	0	163313
23639	155582	3366	605	1828	0	161381
23640	3594	1833	561	158308	0	164296
23641	1983	725	561	161385	0	164654
23642	841	934	153983	4747	0	160505
23643	527	158385	3477	2235	0	164624
23644	489	165239	2145	1152	0	169025
23645	668	4868	819	160895	0	167250
23646	162104	2158	601	3628	0	168491
23647	3348	163478	914	1944	0	169684
23648	162625	3580	540	1014	0	167759
23649	3683	163889	840	664	0	169076
23650	2217	3857	560	160125	0	166759
23651	162920	2114	525	3565	0	169124
23652	3843	987	563	163529	0	168922
23653	2116	1183	163632	3814	0	170745
23654	1202	857	3601	152144	0	157804
23655	679	161607	2312	3873	0	168471
23656	159058	3764	926	2113	0	165861
23657	3572	159462	1111	1010	0	165155
23658	2318	3992	754	151614	0	158678
23659	1162	2272	653	157860	0	161947
23660	885	1477	153424	4955	0	160741
23661	788	1233	154528	2573	0	159122
23662	1033	1035	5010	150297	0	157375
23663	943	1239	152832	3816	0	158830
23664	727	150875	4256	2474	0	158332
23665	150457	3849	2338	1282	0	157926
23666	3654	2654	155003	1012	0	162323
23667	150135	1371	3693	1052	0	156251
23668	157469	1099	2244	1081	0	161893
23669	157457	1053	1165	1123	0	160798
23670	157990	1023	1032	1127	0	161172
23671	5499	1071	1100	153036	0	160706
23672	2871	982	1063	148777	0	153693
23673	1281	151644	1441	5131	0	159497
23674	149704	3781	1197	2691	0	157373
23675	3860	2800	148991	1279	0	156930
23676	2639	1463	3905	144518	0	152525
23677	1583	1200	2503	148018	0	153304
23678	1160	1359	145127	5243	0	152889
23679	1137	144966	4373	2757	0	153233
23680	1403	4007	2686	135989	0	144085
23681	1480	2375	1279	147609	0	152743
23682	142487	1362	1071	5437	0	150357
23683	3861	142495	1277	3160	0	150793
23684	2727	3801	932	138244	0	145704
23685	1488	141958	1306	4123	0	148875
23686	1548	3988	1001	143445	0	149982
23687	140760	2282	885	4635	0	148562
23688	143347	1246	915	2794	0	148302
23689	5549	1018	869	140032	0	147468
23690	139362	1010	804	4349	0	145525
23691	139001	1041	821	2897	0	143760
23692	5442	137329	1143	1686	0	145600
23693	3308	3809	777	129685	0	137579
23694	1723	135519	1218	3901	0	142361
23695	1782	4070	688	133967	0	140507
23696	130703	2477	631	4443	0	138254
23697	4225	1520	646	131204	0	137595
23698	2875	1225	515	132673	0	137288
23699	1675	1511	128090	5365	0	136641
23700	1531	123167	3447	3009	0	131154
23701	1396	129716	2022	1756	0	134890
23702	123542	4714	783	1876	0	130915
23703	3052	2168	448	97171	0	102839
23704	89750	889	383	2570	0	93592
23705	2479	87327	578	2049	0	92433
23706	1581	84353	493	1098	0	87525
23707	887	88985	558	979	0	91409
23708	74787	2298	745	930	0	78760
23709	1476	75360	682	687	0	78205
23710	73383	1410	758	789	0	76340
23711	72381	691	205	618	0	73895
23712	75572	377	237	594	0	76780
23713	1912	345	194	80654	0	83105
23714	1036	340	179	82969	0	84524
23715	588	323	214	83876	0	85001
23716	581	327	177	83572	0	84657
23717	81218	261	207	2431	0	84117
23718	1641	80527	393	1167	0	83728
23719	1036	1441	171	80463	0	83111
23720	80378	752	187	1816	0	83133
23721	1694	332	176	79135	0	81337
23722	1078	279	151	79689	0	81197
23723	77174	277	163	2368	0	79982
23724	1645	494	76326	1117	0	79582
23725	947	275	1249	74676	0	77147
23726	465	434	76063	1576	0	78538
23727	461	257	1283	74306	0	76307
23728	462	272	623	74615	0	75972
23729	71423	185	216	1998	0	73822
23730	1350	70357	295	986	0	72988
23731	703	69674	260	588	0	71225
23732	66047	1350	124	477	0	67998
23733	1097	68754	266	313	0	70430
23734	69701	987	107	523	0	71318
23735	1225	647	69576	302	0	71750
23736	64502	278	753	370	0	65903
23737	66787	96	314	403	0	67600
23738	67312	88	107	294	0	67801
23739	1259	133	69	65123	0	66584
23740	542	137	64	65344	0	66087
23741	249	65417	198	1108	0	66972
23742	215	1076	65	64013	0	65369
23743	63179	341	48	1009	0	64577
23744	772	63038	216	507	0	64533
23745	370	63609	170	225	0	64374
23746	62110	904	42	291	0	63347
23747	836	570	62815	112	0	64333
23748	444	132	674	62029	0	63279
23749	174	296	63861	820	0	65151
23750	237	120	713	60956	0	62026
23751	109	63357	457	764	0	64687
23752	244	728	82	64121	0	65175
23753	62946	349	88	874	0	64257
23754	813	250	40	63431	0	64534
23755	448	391	64198	819	0	65856
23756	57394	109	831	627	0	58961
23757	848	65245	520	279	0	66892
23758	457	69686	290	233	0	70666
23759	70475	1112	92	392	0	72071
23760	73442	511	70	388	0	74411
23761	1458	371	73615	206	0	75650
23762	69059	163	1010	372	0	70604
23763	1141	74165	576	256	0	76138
23764	74742	1010	186	351	0	76289
23765	1274	522	121	69846	0	71763
23766	589	67433	236	1097	0	69355
23767	68173	1090	86	619	0	69968
23768	1426	753	67479	247	0	69905
23769	741	222	988	67547	0	69498
23770	70181	162	492	1333	0	72168
23771	1265	359	69826	634	0	72084
23772	69230	183	1068	456	0	70937
23773	1376	171	516	69557	0	71620
23774	792	133	166	71366	0	72457
23775	387	392	72220	1597	0	74596
23776	412	166	1102	71685	0	73365
23777	72777	137	574	1510	0	74998
23778	1213	72064	376	965	0	74618
23779	72782	1082	170	610	0	74644
23780	73411	570	184	506	0	74671
23781	1800	271	134	72562	0	74767
23782	861	715	72839	1373	0	75788
23783	552	218	1123	72834	0	74727
23784	73638	202	593	1562	0	75995
23785	1329	72807	448	853	0	75437
23786	74388	1141	192	553	0	76274
23787	1601	624	203	73668	0	76096
23788	989	251	188	75969	0	77397
23789	550	242	229	76976	0	77997
23790	397	423	75522	1982	0	78324
23791	471	193	1281	75665	0	77610
23792	382	387	75657	1628	0	78054
23793	485	418	76362	804	0	78069
23794	462	299	1799	85152	0	87712
23795	465	485	86386	1871	0	89207
23796	91461	295	1880	1290	0	94926
23797	2398	241	1019	95936	0	99594
23798	1558	228	517	93728	0	96031
23799	667	97226	603	3164	0	101660
23800	98239	2139	376	1717	0	102471
23801	100562	1266	283	851	0	102962
23802	3474	102227	502	637	0	106840
23803	1812	2266	211	101366	0	105655
23804	826	1576	101959	2446	0	106807
23805	96050	518	2253	1643	0	100464
23806	104281	310	1324	882	0	106797
23807	3602	319	465	99178	0	103564
23808	1769	577	96181	2398	0	100925
23809	809	95117	2457	1540	0	99923
23810	92797	2215	1385	808	0	97205
23811	2653	1552	94316	501	0	99022
23812	1434	91658	2378	515	0	95985
23813	85758	1812	1455	436	0	89461
23814	85992	1068	594	449	0	88103
23815	2933	407	314	83454	0	87108
23816	1492	85678	498	1914	0	89582
23817	852	1822	255	90780	0	93709
23818	598	1100	255	92413	0	94366
23819	590	445	253	91405	0	92693
23820	501	334	251	93010	0	94096
23821	588	511	90534	3262	0	94895
23822	603	266	1868	91707	0	94444
23823	563	267	1133	94450	0	96413
23824	548	442	92753	3178	0	96921
23825	433	92478	2198	1928	0	97037
23826	92517	1906	1326	1016	0	96765
23827	93598	1200	567	805	0	96170
23828	3222	501	373	93086	0	97182
23829	94547	314	415	2450	0	97726
23830	2689	348	335	97528	0	100900
23831	1712	496	98504	2730	0	103442
23832	988	505	98390	1783	0	101666
23833	639	97696	3533	1069	0	102937
23834	95020	2212	1709	921	0	99862
23835	2680	1725	103527	779	0	108711
23836	2002	711	2903	94601	0	100217
23837	1215	450	2002	105820	0	109487
23838	953	427	758	110530	0	112668
23839	953	361	529	111026	0	112869
23840	846	440	536	111091	0	112913
23841	790	703	106013	5700	0	113206
23842	962	411	3013	108000	0	112386
23843	105894	531	2019	4002	0	112446
23844	3258	105700	1117	2792	0	112867
23845	105754	2968	701	1579	0	111002
23846	3440	107534	938	1211	0	113123
23847	107602	3299	587	1269	0	112757
23848	110451	2046	618	1201	0	114316
23849	5156	911	598	106957	0	113622
23850	2978	592	592	110375	0	114537
23851	106839	593	583	5259	0	113274
23852	105960	527	657	3072	0	110216
23853	107669	638	665	1569	0	110541
23854	5108	102418	872	1422	0	109820
23855	2727	104299	839	1342	0	109207
23856	1473	4440	102549	1208	0	109670
23857	1164	2235	2935	100146	0	106480
23858	956	1014	100514	3828	0	106312
23859	787	96939	3409	3144	0	104279
23860	878	2775	2098	92983	0	98734
23861	870	1778	840	94932	0	98420
23862	855	782	694	97927	0	100258
23863	93627	568	620	4992	0	99807
23864	94709	530	571	3063	0	98873
23865	4372	94416	867	1685	0	101340
23866	2591	2738	638	95205	0	101172
23867	1389	2201	95366	3388	0	102344
23868	1202	1049	94437	2465	0	99153
23869	93127	659	4218	1540	0	99544
23870	96125	586	2246	1385	0	100342
23871	4765	506	970	94857	0	101098
23872	96684	528	800	3694	0	101706
23873	3683	727	94928	2749	0	102087
23874	2560	94428	3222	1592	0	101802
23875	1509	2849	2138	94357	0	100853
23876	1145	2207	98200	3596	0	105148
23877	1130	908	3115	99762	0	104915
23878	1071	594	2194	102698	0	106557
23879	993	823	102873	5459	0	110148
23880	96370	571	3017	3620	0	103578
23881	103983	591	2082	2400	0	109056
23882	4699	108109	1307	1925	0	116040
23883	111940	3175	762	1930	0	117807
23884	114023	2210	754	1788	0	118775
23885	5763	1289	112040	1539	0	120631
23886	110327	840	3213	1648	0	116028
23887	4457	116488	2663	1454	0	125062
23888	118169	3495	949	1471	0	124084
23889	121292	2299	779	1366	0	125736
23890	123174	1093	701	1335	0	126303
23891	118780	803	694	1422	0	121699
23892	121835	787	634	1449	0	124705
23893	6208	116962	988	1393	0	125551
23894	108606	2906	577	1223	0	113312
23895	3759	107600	957	1037	0	113353
23896	2087	97057	811	883	0	100838
23897	1159	103518	746	850	0	106273
23898	100581	3765	1026	963	0	106335
23899	101988	1805	503	995	0	105291
23900	4118	1039	100218	806	0	106181
23901	102590	584	2479	941	0	106594
23902	103645	537	1658	927	0	106767
23903	4365	843	105731	788	0	111727
23904	2509	476	2728	103215	0	108928
23905	1471	516	1804	103049	0	106840
23906	1159	501	636	109588	0	111884
23907	1209	472	514	109814	0	112009
23908	1300	419	461	109691	0	111871
23909	1147	706	104916	4472	0	111241
23910	1127	104800	2935	2314	0	111176
23911	102893	2708	1783	1059	0	108443
23912	3258	105426	913	762	0	110359
23913	105094	2904	528	800	0	109326
23914	105379	1828	529	739	0	108475
23915	4635	1030	102417	695	0	108777
23916	2770	706	2646	90891	0	97013
23917	1263	98197	1942	2649	0	104051
23918	100074	2571	712	1772	0	105129
23919	100894	1729	534	1042	0	104199
23920	102168	708	557	758	0	104191
23921	4675	101420	857	616	0	107568
23922	103240	2551	489	738	0	107018
23923	104852	1692	489	693	0	107726
23924	105408	757	421	644	0	107230
23925	4909	595	451	100435	0	106390
23926	2874	569	453	102814	0	106710
23927	1819	540	412	104660	0	107431
23928	101364	608	394	4083	0	106449
23929	3421	102092	694	1899	0	108106
23930	101892	2447	393	788	0	105520
23931	100107	1583	358	597	0	102645
23932	97919	644	480	529	0	99572
23933	96677	594	332	553	0	98156
23934	4345	93043	553	448	0	98389
23935	85046	1863	208	409	0	87526
23936	2621	83062	420	360	0	86463
23937	1608	83838	322	321	0	86089
23938	83980	2310	292	449	0	87031
23939	2178	83081	349	289	0	85897
23940	1556	85656	370	295	0	87877
23941	85207	2346	573	414	0	88540
23942	86148	1246	237	404	0	88035
23943	2847	601	189	83213	0	86850
23944	1689	530	181	86612	0	89012
23945	89794	450	197	2634	0	93075
23946	94131	415	253	1381	0	96180
23947	92837	405	300	739	0	94281
23948	2798	628	89895	444	0	93765
23949	94882	425	1486	640	0	97433
23950	2389	472	894	96567	0	100322
23951	1749	397	364	98092	0	100602
23952	1150	394	303	98921	0	100768
23953	1032	393	274	99452	0	101151
23954	914	719	94070	2647	0	98350
23955	910	729	95618	1389	0	98646
23956	1058	493	2209	96699	0	100459
23957	979	684	96893	1889	0	100445
23958	962	808	96552	1250	0	99572
23959	1142	521	2312	93903	0	97878
23960	1234	449	1105	99582	0	102370
23961	1138	468	467	102821	0	104894
23962	1136	508	380	101462	0	103486
23963	101280	471	275	3039	0	105065
23964	105133	460	290	1690	0	107573
23965	3279	459	272	103313	0	107323
23966	2055	470	269	104209	0	107003
23967	1398	449	250	104415	0	106512
23968	1277	448	272	103996	0	105993
23969	1243	459	249	102685	0	104636
23970	1128	101045	535	2906	0	105614
23971	101171	1781	252	1819	0	105023
23972	2342	102891	510	1006	0	106749
23973	102063	1867	237	995	0	105162
23974	102830	1154	197	955	0	105136
23975	102892	583	191	829	0	104495
23976	3407	500	213	96204	0	100324
23977	96519	472	187	2011	0	99189
23978	2569	439	215	94488	0	97711
23979	1905	415	146	92951	0	95417
23980	92509	435	173	2596	0	95713
23981	2271	91415	398	1320	0	95404
23982	1249	88353	322	572	0	90496
23983	85808	1616	109	625	0	88158
23984	1656	1068	85554	379	0	88657
23985	76308	397	1079	527	0	78311
23986	1881	436	740	84517	0	87574
23987	1008	81790	413	1200	0	84411
23988	600	84130	283	805	0	85818
23989	85600	1550	170	714	0	88034
23990	1465	808	81	87256	0	89610
23991	829	93409	307	1087	0	95632
23992	92055	1025	170	812	0	94062
23993	92649	569	70	550	0	93838
23994	93220	260	78	504	0	94062
23995	93773	221	107	523	0	94624
23996	1598	90092	332	401	0	92423
23997	622	91180	267	369	0	92438
23998	92811	1132	46	442	0	94431
23999	95586	501	64	425	0	96576
24000	1561	459	95113	217	0	97350
24001	668	94386	1102	254	0	96410
24002	93618	962	403	306	0	95289
24003	96202	448	227	316	0	97193
24004	1633	465	96866	133	0	99097
24005	89285	142	1283	390	0	91100
24006	1553	383	101783	152	0	103871
24007	714	361	108155	152	0	109382
24008	377	242	2288	95597	0	98504
24009	175	102713	1138	1517	0	105543
24010	109977	1652	205	953	0	112787
24011	1870	803	89	110272	0	113034
24012	993	210	79	112048	0	113330
24013	431	124	67	114186	0	114808
24014	111918	97	174	2874	0	115063
24015	1952	124	90	112374	0	114540
24016	1072	102	82	116005	0	117261
24017	383	453	115560	2576	0	118972
24018	106669	153	1938	1353	0	110113
24019	116779	158	838	572	0	118347
24020	3017	449	116842	252	0	120560
24021	111462	153	2028	350	0	113993
24022	2512	140	937	112461	0	116050
24023	1177	111634	545	4931	0	118287
24024	593	2055	196	116023	0	118867
24025	113356	958	191	2410	0	116915
24026	2183	115087	430	1223	0	118923
24027	1354	2092	179	116560	0	120185
24028	682	986	191	120118	0	121977
24029	570	332	212	120105	0	121219
24030	584	238	219	113471	0	114512
24031	413	120648	457	3134	0	124652
24032	121665	2379	190	1499	0	125733
24033	122643	1193	245	771	0	124852
24034	3580	125828	424	931	0	130763
24035	138644	2638	200	651	0	142133
24036	142790	1251	220	642	0	144903
24037	142079	393	231	670	0	143373
24038	5093	639	137088	443	0	143263
24039	2473	257	3167	135271	0	141168
24040	1016	679	134954	3435	0	140084
24041	129783	279	3395	2030	0	135487
24042	3598	136014	1952	818	0	142382
24043	133766	3256	626	695	0	138343
24044	3919	137285	766	532	0	142502
24045	2407	3583	414	127178	0	133582
24046	1295	1733	387	131292	0	134707
24047	978	916	130272	4825	0	136991
24048	761	131146	3863	2423	0	138193
24049	127236	3532	1942	1159	0	133869
24050	3990	2101	128070	751	0	134912
24051	126198	852	3580	869	0	131499
24052	4436	628	1751	127598	0	134413
24053	2532	831	127875	3903	0	135141
24054	1195	126582	4006	2517	0	134300
24055	1253	3483	1832	125816	0	132384
24056	1033	2257	126828	3877	0	133995
24057	1148	1264	127363	2138	0	131913
24058	1208	124493	5197	1165	0	132063
24059	1484	3458	2244	121123	0	128309
24060	1416	1907	1019	116981	0	121323
24061	1192	121371	1026	4886	0	128475
24062	122973	3594	769	2503	0	129839
24063	4206	2011	781	117030	0	124028
24064	2379	120028	1089	4166	0	127662
24065	120511	3598	801	2406	0	127316
24066	121531	2086	859	1386	0	125862
24067	123471	1067	796	1233	0	126567
24068	5593	119875	968	1451	0	127887
24069	123545	3674	740	1427	0	129386
24070	124616	2282	678	1283	0	128859
24071	5918	1154	646	119857	0	127575
24072	121986	878	648	4339	0	127851
24073	4889	992	660	122349	0	128890
24074	2998	1132	119597	4443	0	128170
24075	1883	1019	122960	2744	0	128606
24076	1731	822	5125	122045	0	129723
24077	1634	1211	123774	4370	0	130989
24078	116680	955	4228	2784	0	124647
24079	4886	808	2300	122542	0	130536
24080	3094	818	1157	125845	0	130914
24081	1782	1113	121607	5927	0	130429
24082	1491	117801	4297	3171	0	126760
24083	1407	123705	2711	1771	0	129594
24084	1528	5154	1320	117649	0	125651
24085	1606	2441	984	120992	0	126023
24086	1393	1409	116018	5519	0	124339
24087	1477	1335	118163	2691	0	123666
24088	1677	1016	4945	117256	0	124894
24089	1461	1179	115590	4486	0	122716
24090	111147	1037	4139	2630	0	118953
24091	4736	1147	2152	111033	0	119068
24092	112808	1088	1092	4522	0	119510
24093	4895	930	972	112047	0	118844
24094	3054	857	963	114292	0	119166
24095	1775	1147	109545	5820	0	118287
24096	1558	109886	4491	3017	0	118952
24097	1703	3723	2439	108659	0	116524
24098	1491	2299	107275	4221	0	115286
24099	1366	103627	4123	2610	0	111726
24100	1776	3320	2212	104725	0	112033
24101	104707	1908	1229	4052	0	111896
24102	3913	1122	105491	2691	0	113217
24103	97582	682	3643	1606	0	103513
24104	3884	890	99605	1132	0	105511
24105	90219	711	3573	1181	0	95684
24106	3438	93099	2315	1254	0	100106
24107	1728	89578	1386	1003	0	93695
24108	1101	4308	935	80812	0	87156
24109	770	85639	1007	3015	0	90431
24110	83961	2704	999	1933	0	89597
24111	2882	1506	914	83964	0	89266
24112	1883	782	785	85824	0	89274
24113	1082	579	740	87372	0	89773
24114	779	732	82148	4410	0	88069
24115	820	656	2754	82969	0	87199
24116	759	759	81335	3231	0	86084
24117	567	76986	3055	1965	0	82573
24118	72753	2335	1717	1262	0	78067
24119	2639	75729	995	936	0	80299
24120	77369	2287	762	1135	0	81553
24121	78176	1216	622	1145	0	81159
24122	78701	589	616	1140	0	81046
24123	77898	472	725	1009	0	80104
24124	3359	634	74268	964	0	79225
24125	1722	584	2552	73313	0	78171
24126	1033	674	1472	74831	0	78010
24127	1045	577	761	77381	0	79764
24128	67661	598	705	3479	0	72443
24129	68762	507	617	1914	0	71800
24130	3175	71939	734	1118	0	76966
24131	1604	1849	68158	752	0	72363
24132	978	1005	68483	685	0	71151
24133	697	66593	2870	773	0	70933
24134	562	65798	1513	827	0	68700
24135	1622	1544	1721	50454	0	55341
24136	761	677	272	49501	0	51211
24137	49456	281	271	1547	0	51555
24138	1091	49390	339	750	0	51570
24139	742	1003	251	51101	0	53097
24140	431	669	53332	1160	0	55592
24141	396	617	1097	54748	0	56858
24142	370	228	623	56561	0	57782
24143	375	212	311	57663	0	58561
24144	390	189	277	56103	0	56959
24145	394	305	54040	1682	0	56421
24146	347	51876	1183	849	0	54255
24147	359	52555	638	423	0	53975
24148	49540	1202	314	371	0	51427
24149	1031	50647	362	303	0	52343
24150	603	53998	379	310	0	55290
24151	444	1311	253	52829	0	54837
24152	355	634	248	54173	0	55410
24153	430	295	219	54917	0	55861
24154	400	415	53540	1578	0	55933
24155	352	53609	1044	931	0	55936
24156	440	957	522	51186	0	53105
24157	301	54234	414	1137	0	56086
24158	53655	1010	312	824	0	55801
24159	954	54254	439	576	0	56223
24160	53853	1048	300	598	0	55799
24161	1013	719	53406	542	0	55680
24162	52899	406	1037	520	0	54862
24163	1113	428	565	54402	0	56508
24164	751	435	54868	1161	0	57215
24165	52848	395	1004	790	0	55037
24166	55175	359	606	495	0	56635
24167	55699	394	328	438	0	56859
24168	1509	357	271	53912	0	56049
24169	736	460	53895	1225	0	56316
24170	50825	357	1032	937	0	53151
24171	1211	330	576	54960	0	57077
24172	806	310	297	55470	0	56883
24173	446	468	54962	1569	0	57445
24174	363	54559	1086	957	0	56965
24175	438	1288	542	50923	0	53191
24176	322	54447	363	1043	0	56175
24177	52998	1084	371	716	0	55169
24178	53674	622	262	507	0	55065
24179	1411	347	258	53410	0	55426
24180	53336	271	255	1225	0	55087
24181	1123	52688	339	762	0	54912
24182	52500	1012	222	473	0	54207
24183	1183	54089	342	365	0	55979
24184	818	1053	223	53234	0	55328
24185	549	633	219	52623	0	54024
24186	437	54109	341	1308	0	56195
24187	495	942	221	54212	0	55870
24188	410	650	52844	1211	0	55115
24189	316	50662	974	825	0	52777
24190	46246	707	413	393	0	47759
24191	781	47399	302	316	0	48798
24192	522	730	145	46940	0	48337
24193	288	534	47466	771	0	49059
24194	294	317	704	47264	0	48579
24195	282	180	349	49134	0	49945
24196	46418	156	144	1233	0	47951
24197	787	246	47470	598	0	49101
24198	492	46924	810	408	0	48634
24199	255	837	47608	278	0	48978
24200	173	432	45248	217	0	46070
24201	161	395	44792	178	0	45526
24202	264	388	808	40108	0	41568
24203	42441	109	826	662	0	44038
24204	538	42474	191	380	0	43583
24205	43546	570	88	241	0	44445
24206	44569	294	91	247	0	45201
24207	792	149	79	43281	0	44301
24208	344	44501	159	574	0	45578
24209	44041	581	79	390	0	45091
24210	577	45264	158	191	0	46190
24211	378	631	80	42869	0	43958
24212	192	318	96	46786	0	47392
24213	119	46992	176	791	0	48078
24214	169	593	75	47274	0	48111
24215	157	452	45346	659	0	46614
24216	162	292	45855	343	0	46652
24217	172	145	772	46059	0	47148
24218	174	118	327	47634	0	48253
24219	137	234	45647	802	0	46820
24220	153	214	44270	385	0	45022
24221	37970	113	838	321	0	39242
24222	585	43857	430	195	0	45067
24223	359	47097	232	167	0	47855
24224	212	803	128	44993	0	46136
24225	186	364	112	45896	0	46558
24226	199	168	112	46640	0	47119
24227	172	244	45630	829	0	46875
24228	150	234	45122	383	0	45889
24229	271	110	821	46566	0	47768
24230	158	225	46992	715	0	48090
24231	116	46237	804	491	0	47648
24232	45915	679	468	250	0	47312
24233	724	445	46024	182	0	47375
24234	402	303	45632	153	0	46490
24235	206	177	904	44660	0	45947
24236	189	203	51580	764	0	52736
24237	110	52419	983	502	0	54014
24238	208	856	430	52153	0	53647
24239	174	536	52450	902	0	54062
24240	111	50616	963	464	0	52154
24241	49227	818	396	259	0	50700
24242	960	424	163	49082	0	50629
24243	435	171	123	49787	0	50516
24244	49220	120	114	1192	0	50646
24245	823	49203	216	533	0	50775
24246	49616	800	92	322	0	50830
24247	49922	411	108	267	0	50708
24248	50087	169	91	208	0	50555
24249	1288	115	92	48321	0	49816
24250	46348	92	98	910	0	47448
24251	956	42304	201	485	0	43946
24252	443	45161	182	250	0	46036
24253	45407	1088	103	200	0	46798
24254	913	475	95	46323	0	47806
24255	506	197	117	46944	0	47764
24256	268	143	104	47554	0	48069
24257	150	222	45452	1286	0	47110
24258	107	45500	955	634	0	47196
24259	146	861	454	46965	0	48426
24260	47255	431	194	1068	0	48948
24261	1001	174	144	47391	0	48710
24262	482	227	46847	1113	0	48669
24263	210	46692	1090	591	0	48583
24264	46801	949	488	322	0	48560
24265	46954	473	265	398	0	48090
24266	47643	240	202	237	0	48322
24267	1509	180	151	47025	0	48865
24268	669	224	46503	1083	0	48479
24269	335	264	47062	571	0	48232
24270	255	49471	1408	407	0	51541
24271	279	1059	551	49122	0	51011
24272	283	553	183	50848	0	51867
24273	48310	217	149	1607	0	50283
24274	1213	206	124	49485	0	51028
24275	50284	164	122	1359	0	51929
24276	1338	245	49346	698	0	51627
24277	758	223	50206	334	0	51521
24278	416	137	1590	48566	0	50709
24279	355	143	715	50215	0	51428
24280	284	178	263	51649	0	52374
24281	53802	184	176	1836	0	55998
24282	57306	150	166	875	0	58497
24283	2072	134	148	57340	0	59694
24284	930	210	56301	1704	0	59145
24285	399	243	57482	989	0	59113
24286	386	155	2169	55938	0	58648
24287	57349	170	1049	1667	0	60235
24288	1657	174	343	56661	0	58835
24289	1017	150	230	58761	0	60158
24290	430	242	57677	2344	0	60693
24291	346	255	58205	1116	0	59922
24292	53998	178	2241	614	0	57031
24293	1733	340	57224	376	0	59673
24294	1071	211	1676	54356	0	57314
24295	588	214	942	55777	0	57521
24296	55120	126	425	2273	0	57944
24297	1584	54973	466	1127	0	58150
24298	55307	1495	363	622	0	57787
24299	1640	54292	403	597	0	56932
24300	53835	1474	230	550	0	56089
24301	1694	850	52442	468	0	55454
24302	49185	280	1438	513	0	51416
24303	52013	185	851	499	0	53548
24304	2237	226	425	51505	0	54393
24305	1248	244	51055	1567	0	54114
24306	663	170	1567	49013	0	51413
24307	509	201	877	49115	0	50702
24308	400	49073	546	2275	0	52294
24309	533	1367	384	47262	0	49546
24310	490	49095	410	1691	0	51686
24311	619	1432	293	49215	0	51559
24312	47947	742	293	1934	0	50916
24313	1696	295	328	48603	0	50922
24314	1106	346	48182	1804	0	51438
24315	47253	242	1585	1225	0	50305
24316	1860	300	49688	666	0	52514
24317	49036	183	1700	678	0	51597
24318	50168	182	983	717	0	52050
24319	2361	48964	650	618	0	52593
24320	1241	51971	588	515	0	54315
24321	51325	2162	411	557	0	54455
24322	53255	971	395	550	0	55171
24323	51955	315	379	670	0	53319
24324	52134	245	350	692	0	53421
24325	52022	228	341	660	0	53251
24326	2808	252	341	49898	0	53299
24327	1544	261	362	51289	0	53456
24328	780	453	50171	2476	0	53880
24329	48355	224	1627	1328	0	51534
24330	1985	204	1034	48994	0	52217
24331	1356	190	485	50068	0	52099
24332	740	336	48722	2487	0	52285
24333	686	47090	1762	1383	0	50921
24334	674	49007	1180	977	0	51838
24335	47150	2133	565	723	0	50571
24336	42075	873	425	675	0	44048
24337	2089	39176	456	482	0	42203
24338	1028	40346	481	525	0	42380
24339	40224	1715	306	474	0	42719
24340	42297	772	296	506	0	43871
24341	2126	255	279	41118	0	43778
24342	1208	213	306	41832	0	43559
24343	701	239	285	43735	0	44960
24344	42579	226	249	2101	0	45155
24345	43686	231	261	1129	0	45307
24346	2296	247	256	43579	0	46378
24347	45886	258	266	1571	0	47981
24348	1858	324	45451	1020	0	48653
24349	1324	204	1446	45780	0	48754
24350	750	268	45776	1704	0	48498
24351	564	45099	1676	1114	0	48453
24352	646	1408	933	44816	0	47803
24353	45167	799	408	1653	0	48027
24354	1823	298	304	45152	0	47577
24355	1209	248	283	45920	0	47660
24356	661	360	44693	2297	0	48011
24357	568	371	45270	1157	0	47366
24358	644	45613	2088	601	0	48946
24359	45437	1389	961	542	0	48329
24360	45933	817	330	503	0	47583
24361	46113	304	266	644	0	47327
24362	46164	248	261	464	0	47137
24363	2392	230	259	45093	0	47974
24364	1414	243	230	43517	0	45404
24365	725	45244	324	1991	0	48284
24366	45342	1290	263	1029	0	47924
24367	45719	790	282	547	0	47338
24368	2204	414	44553	435	0	47606
24369	40114	211	1133	453	0	41911
24370	1557	41790	826	338	0	44511
24371	1139	1739	258	38717	0	41853
24372	650	42009	295	1185	0	44139
24373	40989	1340	249	877	0	43455
24374	1350	41397	289	462	0	43498
24375	1071	1107	214	40141	0	42533
24376	555	648	177	41147	0	42527
24377	493	297	177	40363	0	41330
24378	425	39620	265	1731	0	42041
24379	537	1291	201	39733	0	41762
24380	601	876	180	38486	0	40143
24381	350	34237	218	1414	0	36219
24382	275	32830	203	632	0	33940
24383	29879	923	88	316	0	31206
24384	795	30618	149	266	0	31828
24385	29501	683	84	268	0	30536
24386	894	481	29287	207	0	30869
24387	539	28914	687	280	0	30420
24388	28725	647	363	246	0	29981
24389	28379	378	117	273	0	29147
24390	1065	221	27978	206	0	29470
24391	583	160	602	27086	0	28431
24392	303	176	28255	737	0	29471
24393	269	27694	704	474	0	29141
24394	27161	646	372	302	0	28481
24395	695	27774	198	251	0	28918
24396	511	667	144	27227	0	28549
24397	302	416	111	28215	0	29044
24398	255	254	27493	956	0	28958
24399	279	235	26921	504	0	27939
24400	25364	198	870	320	0	26752
24401	27827	165	386	284	0	28662
24402	27976	161	172	270	0	28579
24403	27762	182	128	273	0	28345
24404	1039	27300	188	239	0	28766
24405	629	669	122	27097	0	28517
24406	391	432	110	26853	0	27786
24407	313	28042	171	945	0	29471
24408	28602	658	117	534	0	29911
24409	28798	427	123	307	0	29655
24410	1027	272	28216	251	0	29766
24411	28019	175	638	239	0	29071
24412	850	211	356	28223	0	29640
24413	568	236	28034	672	0	29510
24414	361	173	689	27096	0	28319
24415	287	218	27369	689	0	28563
24416	247	206	26358	413	0	27224
24417	267	421	759	24485	0	25932
24418	174	25544	430	550	0	26698
24419	25638	534	305	429	0	26906
24420	24698	344	144	228	0	25414
24421	762	26426	155	206	0	27549
24422	377	27116	145	174	0	27812
24423	27670	679	94	222	0	28665
24424	27888	334	85	238	0	28545
24425	28410	173	78	188	0	28849
24426	28415	145	91	154	0	28805
24427	809	125	71	27888	0	28893
24428	399	185	27294	492	0	28370
24429	222	27250	481	312	0	28265
24430	26774	465	251	180	0	27670
24431	510	27562	143	132	0	28347
24432	27541	456	84	130	0	28211
24433	27491	280	66	146	0	27983
24434	685	177	27694	110	0	28666
24435	328	28332	476	130	0	29266
24436	240	554	286	28129	0	29209
24437	192	286	86	29114	0	29678
24438	176	131	103	28394	0	28804
24439	28157	116	63	680	0	29016
24440	26716	121	58	335	0	27230
24441	26907	102	88	171	0	27268
24442	650	27228	123	135	0	28136
24443	26070	357	69	136	0	26632
24444	415	26069	116	113	0	26713
24445	278	428	25978	126	0	26810
24446	109	26068	375	104	0	26656
24447	260	297	213	23126	0	23896
24448	79	96	29	22959	0	23163
24449	64	102	23005	260	0	23431
24450	74	45	197	22120	0	22436
24451	74	50	100	23019	0	23243
24452	23009	34	39	304	0	23386
24453	22515	54	35	152	0	22756
24454	22902	48	35	105	0	23090
24455	282	23276	67	55	0	23680
24456	22975	199	43	85	0	23302
24457	22028	106	42	78	0	22254
24458	290	22877	71	51	0	23289
24459	160	201	39	22796	0	23196
24460	89	117	49	23133	0	23388
24461	22696	37	43	325	0	23101
24462	267	114	22894	131	0	23406
24463	145	21654	219	84	0	22102
24464	95	311	90	20163	0	20659
24465	67	20899	59	191	0	21216
24466	57	21632	55	113	0	21857
24467	21474	257	93	82	0	21906
24468	21841	111	22	74	0	22048
24469	279	43	17	22315	0	22654
24470	150	42	25	21743	0	21960
24471	77	31	24	21983	0	22115
24472	76	35	26	21959	0	22096
24473	61	79	21088	263	0	21491
24474	60	97	20060	122	0	20339
24475	74	109	247	21275	0	21705
24476	85	99	23564	227	0	23975
24477	54	24015	270	135	0	24474
24478	24053	230	110	96	0	24489
24479	24426	131	29	103	0	24689
24480	375	48	32	25081	0	25536
24481	172	61	30	25508	0	25771
24482	100	49	26	25688	0	25863
24483	59	25943	72	372	0	26446
24484	25810	269	39	207	0	26325
24485	26391	154	29	132	0	26706
24486	451	127	26179	73	0	26830
24487	232	48	301	28802	0	29383
24488	100	140	30338	473	0	31051
24489	135	54	437	31862	0	32488
24490	122	59	194	32009	0	32384
24491	99	56	69	32012	0	32236
24492	88	69	48	33117	0	33322
24493	32636	53	54	852	0	33595
24494	33226	74	48	380	0	33728
24495	34369	65	52	178	0	34664
24496	919	59	43	33993	0	35014
24497	379	112	33567	643	0	34701
24498	32018	59	589	383	0	33049
24499	680	50	291	34754	0	35775
24500	35575	56	79	744	0	36454
24501	689	63	59	35233	0	36044
24502	329	34568	98	713	0	35708
24503	161	37258	99	526	0	38044
24504	241	818	52	37712	0	38823
24505	173	318	57	38014	0	38562
24506	178	269	59	38016	0	38522
24507	113	37428	123	983	0	38647
24508	36525	657	72	488	0	37742
24509	678	37085	118	304	0	38185
24510	373	747	37679	188	0	38987
24511	193	327	674	37459	0	38653
24512	127	39347	391	753	0	40618
24513	184	689	122	39004	0	39999
24514	151	341	84	39780	0	40356
24515	130	184	39436	1120	0	40870
24516	34967	54	702	628	0	36351
24517	776	40983	379	324	0	42462
24518	41490	693	102	293	0	42578
24519	42230	352	66	258	0	42906
24520	42357	136	70	265	0	42828
24521	1211	177	39945	197	0	41530
24522	539	122	761	39053	0	40475
24523	253	88	379	40126	0	40846
24524	203	187	38946	1228	0	40564
24525	33639	125	788	707	0	35259
24526	885	173	39261	310	0	40629
24527	447	177	38697	268	0	39589
24528	191	40511	1065	259	0	42026
24529	204	736	399	39970	0	41309
24530	199	488	40895	857	0	42439
24531	37741	144	758	564	0	39207
24532	39974	113	415	332	0	40834
24533	1093	220	40388	218	0	41919
24534	543	137	750	40407	0	41837
24535	242	270	42272	870	0	43654
24536	207	42091	862	512	0	43672
24537	44663	764	400	327	0	46154
24538	45354	391	170	334	0	46249
24539	45654	158	157	321	0	46290
24540	1323	131	151	44862	0	46467
24541	621	119	146	45963	0	46849
24542	279	240	44604	1302	0	46425
24543	42766	137	898	667	0	44468
24544	1073	120	467	45506	0	47166
24545	44720	124	238	1038	0	46120
24546	1050	188	44694	684	0	46616
24547	583	230	45644	309	0	46766
24548	356	123	1268	43247	0	44994
24549	326	101	561	46248	0	47236
24550	284	185	45615	1328	0	47412
24551	42588	138	994	684	0	44404
24552	1005	131	578	44304	0	46018
24553	580	47327	389	974	0	49270
24554	47635	870	241	628	0	49374
24555	1067	49017	309	365	0	50758
24556	48392	926	310	344	0	49972
24557	1181	543	49643	330	0	51697
24558	676	253	49461	417	0	50807
24559	343	51137	1390	355	0	53225
24560	50917	889	586	366	0	52758
24561	1144	575	51078	298	0	53095
24562	47249	170	991	360	0	48770
24563	1141	51486	725	264	0	53616
24564	703	869	379	52884	0	54835
24565	401	474	266	51337	0	52478
24566	337	52075	374	1313	0	54099
24567	54157	881	273	682	0	55993
24568	54624	565	269	412	0	55870
24569	55090	163	275	378	0	55906
24570	1486	338	55061	299	0	57184
24571	758	210	1047	54378	0	56393
24572	420	197	605	55494	0	56716
24573	433	156	299	56482	0	57370
24574	405	274	55252	1454	0	57385
24575	319	54162	1172	734	0	56387
24576	51544	933	616	399	0	53492
24577	1105	613	52461	249	0	54428
24578	49709	229	1058	337	0	51333
24579	1149	52262	716	236	0	54363
24580	52388	925	308	316	0	53937
24581	1174	701	261	51290	0	53426
24582	52816	179	287	1087	0	54369
24583	1122	181	269	53294	0	54866
24584	676	308	54531	987	0	56502
24585	464	321	929	53590	0	55304
24586	538	285	54067	965	0	55855
24587	46400	231	782	568	0	47981
24588	868	50747	553	257	0	52425
24589	517	672	213	46576	0	47978
24590	257	50059	299	589	0	51204
24591	50023	607	199	449	0	51278
24592	49743	341	185	260	0	50529
24593	936	49800	278	224	0	51238
24594	50085	562	243	254	0	51144
24595	50870	316	188	294	0	51668
24596	917	169	185	50297	0	51568
24597	494	157	154	51155	0	51960
24598	53217	109	155	879	0	54360
24599	53500	127	193	454	0	54274
24600	1124	128	145	52259	0	53656
24601	582	138	145	57426	0	58291
24602	57106	115	190	1279	0	58690
24603	1064	257	56347	579	0	58247
24604	51592	145	941	347	0	53025
24605	1097	247	55560	255	0	57159
24606	570	54520	1064	254	0	56408
24607	477	891	495	53683	0	55546
24608	377	547	56273	842	0	58039
24609	256	58955	1075	512	0	60798
24610	57781	902	489	471	0	59643
24611	983	611	58365	177	0	60136
24612	55539	190	910	284	0	56923
24613	59012	170	431	281	0	59894
24614	58972	155	206	283	0	59616
24615	1388	165	159	55241	0	56953
24616	679	60624	274	883	0	62460
24617	58958	819	161	557	0	60495
24618	997	589	60594	237	0	62417
24619	52860	180	842	353	0	54235
24620	963	270	60902	226	0	62361
24621	564	60352	972	254	0	62142
24622	377	824	456	60199	0	61856
24623	352	423	215	59808	0	60798
24624	254	59908	338	1154	0	61654
24625	304	848	201	60547	0	61900
24626	325	646	60741	907	0	62619
24627	306	60679	991	497	0	62473
24628	351	862	465	58506	0	60184
24629	58589	464	198	948	0	60199
24630	60275	213	185	565	0	61238
24631	1469	189	160	59935	0	61753
24632	726	61990	273	964	0	63953
24633	448	905	168	62086	0	63607
24634	449	467	145	61444	0	62505
24635	377	320	58050	1394	0	60141
24636	350	58873	999	678	0	60900
24637	311	799	398	57071	0	58579
24638	275	525	56626	923	0	58349
24639	266	56277	916	557	0	58016
24640	304	836	459	56195	0	57794
24641	56880	437	189	941	0	58447
24642	986	58984	282	561	0	60813
24643	585	857	161	58631	0	60234
24644	60223	458	133	997	0	61811
24645	61093	209	148	584	0	62034
24646	61564	170	156	322	0	62212
24647	60959	150	145	268	0	61522
24648	1386	155	130	60143	0	61814
24649	641	307	60581	933	0	62462
24650	436	261	826	58076	0	59599
24651	330	60368	579	911	0	62188
24652	60675	805	243	620	0	62343
24653	980	621	58587	379	0	60567
24654	54943	218	831	308	0	56300
24655	975	316	57632	217	0	59140
24656	670	178	879	56611	0	58338
24657	357	284	58802	861	0	60304
24658	341	171	896	56542	0	57950
24659	237	387	57074	978	0	58676
24660	336	165	898	55172	0	56571
24661	56668	161	456	1040	0	58325
24662	929	61305	338	592	0	63164
24663	642	828	154	61173	0	62797
24664	399	458	152	60599	0	61608
24665	368	403	62960	1176	0	64907
24666	341	326	61353	586	0	62606
24667	56331	155	1082	482	0	58050
24668	886	61866	726	286	0	63764
24669	61864	762	448	345	0	63419
24670	62092	405	197	362	0	63056
24671	1249	165	208	60111	0	61733
24672	587	62383	359	800	0	64129
24673	64385	797	170	640	0	65992
24674	65710	426	217	440	0	66793
24675	66714	196	211	411	0	67532
24676	66568	192	220	346	0	67326
24677	66208	127	196	388	0	66919
24678	1335	334	64757	205	0	66631
24679	63584	169	826	344	0	64923
24680	1101	328	65159	193	0	66781
24681	722	146	917	62857	0	64642
24682	437	127	526	66488	0	67578
24683	328	355	65314	1312	0	67309
24684	62346	174	1042	809	0	64371
24685	1174	178	542	67779	0	69673
24686	752	148	272	70783	0	71955
24687	410	172	249	72780	0	73611
24688	402	161	198	72409	0	73170
24689	382	176	174	73314	0	74046
24690	297	359	73065	1802	0	75523
24691	373	205	1158	72004	0	73740
24692	348	307	73567	1382	0	75604
24693	343	394	73041	818	0	74596
24694	71681	164	1812	571	0	74228
24695	76423	154	864	560	0	78001
24696	81349	153	349	417	0	82268
24697	2372	346	82659	334	0	85711
24698	1131	329	81836	322	0	83618
24699	478	343	85579	292	0	86692
24700	341	87768	2655	375	0	91139
24701	532	1680	1548	83167	0	86927
24702	87771	774	367	1631	0	90543
24703	1732	227	235	91671	0	93865
24704	1003	94375	433	1962	0	97773
24705	95594	1733	211	1340	0	98878
24706	2008	996	210	94334	0	97548
24707	1157	97115	393	1949	0	100614
24708	544	1776	265	98317	0	100902
24709	388	1056	278	97607	0	99329
24710	94241	265	312	3043	0	97861
24711	2073	196	305	95854	0	98428
24712	1259	455	94467	2272	0	98453
24713	658	162	1975	92658	0	95453
24714	407	91520	1441	2171	0	95539
24715	457	95179	705	1358	0	97699
24716	514	2709	432	90629	0	94284
24717	494	1266	397	89318	0	91475
24718	375	89700	564	2933	0	93572
24719	401	90552	494	1509	0	92956
24720	378	92174	513	776	0	93841
24721	611	3082	300	81795	0	85788
24722	452	90369	492	1963	0	93276
24723	88481	2207	326	1430	0	92444
24724	2128	1600	90099	738	0	94565
24725	1476	686	1934	86196	0	90292
24726	600	90522	1377	2241	0	94740
24727	89504	2092	485	1729	0	93810
24728	2250	1582	90495	963	0	95290
24729	1390	90594	2246	927	0	95157
24730	88762	2099	1257	963	0	93081
24731	1938	89099	782	776	0	92595
24732	1227	90459	567	911	0	93164
24733	753	3123	436	86392	0	90704
24734	556	90132	783	2294	0	93765
24735	88930	2339	380	1682	0	93331
24736	2106	1610	394	89353	0	93463
24737	1339	1087	88205	2352	0	92983
24738	639	1087	88168	1650	0	91544
24739	626	882	2647	88120	0	92275
24740	605	1093	90392	2391	0	94481
24741	575	748	2086	90128	0	93537
24742	86988	755	1298	2684	0	91725
24743	2068	1039	88212	1686	0	93005
24744	1495	798	1978	84587	0	88858
24745	645	85103	1596	2293	0	89637
24746	661	2289	654	87308	0	90912
24747	735	1612	582	86847	0	89776
24748	628	86219	832	3079	0	90758
24749	643	2375	592	89129	0	92739
24750	662	1726	549	90089	0	93026
24751	640	1255	88013	3194	0	93102
24752	500	87471	2328	1967	0	92266
24753	86922	2524	1401	1181	0	92028
24754	2219	1691	751	88475	0	93136
24755	1440	1348	89265	2567	0	94620
24756	852	967	2139	88561	0	92519
24757	653	1071	88632	2747	0	93103
24758	81551	896	2339	2089	0	86875
24759	2124	88550	1792	1295	0	93761
24760	1612	2314	863	89277	0	94066
24761	955	1664	850	92011	0	95480
24762	85703	975	857	3460	0	90995
24763	2298	948	761	87340	0	91347
24764	1598	1168	85365	2893	0	91024
24765	936	880	2191	80539	0	84546
24766	670	80352	1726	2773	0	85521
24767	584	83331	1169	2147	0	87231
24768	591	84949	977	1514	0	88031
24769	717	3513	629	81853	0	86712
24770	762	2203	81197	2845	0	87007
24771	582	81427	2337	2244	0	86590
24772	78810	2518	1492	1515	0	84335
24773	1963	82005	933	1358	0	86259
24774	81782	2588	671	1435	0	86476
24775	81865	1718	711	1379	0	85673
24776	2973	1268	80585	1245	0	86071
24777	81478	976	2270	1363	0	86087
24778	85897	911	1525	1369	0	89702
24779	83875	857	830	1343	0	86905
24780	85952	893	731	1417	0	88993
24781	3259	1154	85121	1142	0	90676
24782	81978	876	2132	1185	0	86171
24783	85716	986	1468	1140	0	89310
24784	3012	88124	916	1097	0	93149
24785	1652	2388	473	83761	0	88274
24786	983	1626	561	83066	0	86236
24787	684	84032	834	3019	0	88569
24788	82383	2285	608	1715	0	86991
24789	2072	84094	873	1001	0	88040
24790	81641	2229	558	837	0	85265
24791	82079	1507	480	804	0	84870
24792	2896	83155	726	737	0	87514
24793	1591	1956	486	81741	0	85774
24794	930	1398	81599	2065	0	85992
24795	731	79187	2227	1397	0	83542
24796	815	2023	998	70611	0	74447
24797	597	73413	671	1456	0	76137
24798	527	76227	445	949	0	78148
24799	782	2388	341	70462	0	73973
24800	609	1057	70453	1468	0	73587
24801	386	68732	1538	917	0	71573
24802	304	69202	935	415	0	70856
24803	61010	1569	277	225	0	63081
24804	1059	712	92	62738	0	64601
24805	725	182	69	64314	0	65290
24806	272	127	59	66398	0	66856
24807	210	275	66173	1939	0	68597
24808	309	95	1328	65641	0	67373
24809	141	69818	939	1404	0	72302
24810	71790	1463	190	906	0	74349
24811	1669	873	98	71714	0	74354
24812	952	530	71524	1591	0	74597
24813	70959	176	1562	1054	0	73751
24814	1851	168	881	75021	0	77921
24815	1051	366	78824	1765	0	82006
24816	302	374	80233	1027	0	81936
24817	78794	270	2839	384	0	82287
24818	84844	173	1111	308	0	86436
24819	84785	195	267	323	0	85570
24820	85958	251	172	357	0	86738
24821	3185	528	83321	261	0	87295
24822	1324	84889	2089	435	0	88737
24823	84701	2075	1110	333	0	88219
24824	2087	84760	509	612	0	87968
24825	84004	2170	191	380	0	86745
24826	2194	85372	361	291	0	88218
24827	1406	2180	201	83837	0	87624
24828	498	1215	229	85214	0	87156
24829	476	373	229	83901	0	84979
24830	330	82379	388	3108	0	86205
24831	358	84967	340	1412	0	87077
24832	468	3050	213	78466	0	82197
24833	311	82536	432	2066	0	85345
24834	377	2464	81596	1232	0	85669
24835	492	1300	2143	81302	0	85237
24836	435	722	83003	2196	0	86356
24837	79034	411	2180	1455	0	83080
24838	83066	401	1248	655	0	85370
24839	3302	563	81872	556	0	86293
24840	1561	566	81477	526	0	84130
24841	756	432	3142	79452	0	83782
24842	575	641	81670	2318	0	85204
24843	633	486	2383	75175	0	78677
24844	530	73903	1619	2288	0	78340
24845	680	2511	507	80012	0	83710
24846	689	1485	379	81369	0	83922
24847	677	614	401	82264	0	83956
24848	584	692	77840	3576	0	82692
24849	637	529	2347	76230	0	79743
24850	683	583	1482	76243	0	78991
24851	743	602	610	72695	0	74650
24852	606	77010	691	3284	0	81591
24853	77280	2390	450	1711	0	81831
24854	78175	1533	498	1008	0	81214
24855	78140	657	501	952	0	80250
24856	3642	587	588	75277	0	80094
24857	1795	745	74049	2616	0	79205
24858	1180	743	74433	1857	0	78213
24859	675	73847	3519	976	0	79017
24860	70445	2491	1629	1014	0	75579
24861	2325	73197	978	965	0	77465
24862	73361	2439	687	1116	0	77603
24863	2557	74152	856	1096	0	78661
24864	73704	2528	712	1007	0	77951
24865	2671	76780	948	980	0	81379
24866	1980	2668	706	76187	0	81541
24867	1078	1910	75644	2784	0	81416
24868	979	1015	77020	2022	0	81036
24869	1130	734	3680	74672	0	80216
24870	1014	701	1974	76876	0	80565
24871	1101	759	942	78995	0	81797
24872	1091	862	76138	3952	0	82043
24873	1158	632	2565	75087	0	79442
24874	72345	635	1779	3112	0	77871
24875	73759	647	969	2201	0	77576
24876	3582	71594	1038	1178	0	77392
24877	70529	2340	831	1086	0	74786
24878	2818	69897	927	982	0	74624
24879	69801	2555	754	1056	0	74166
24880	70036	1723	779	1006	0	73544
24881	68241	864	802	1016	0	70923
24882	3707	920	66951	935	0	72513
24883	2080	865	65982	857	0	69784
24884	63325	678	3254	950	0	68207
24885	67654	627	1704	922	0	70907
24886	3756	634	836	65551	0	70777
24887	2279	724	632	68118	0	71753
24888	1350	796	641	70056	0	72843
24889	1078	755	716	70715	0	73264
24890	1008	775	714	71659	0	74156
24891	67700	762	709	3862	0	73033
24892	2666	761	579	69080	0	73086
24893	1727	827	67035	2901	0	72490
24894	63347	666	2307	2092	0	68412
24895	66600	542	1586	1323	0	70051
24896	3342	65160	932	1196	0	70630
24897	1611	65652	756	1170	0	69189
24898	59689	2640	507	868	0	63704
24899	1944	62391	750	742	0	65827
24900	61457	2014	632	768	0	64871
24901	63545	1130	541	765	0	65981
24902	64348	466	473	742	0	66029
24903	3111	359	467	59106	0	63043
24904	1454	60069	644	1991	0	64158
24905	59761	1573	407	1327	0	63068
24906	2093	904	429	59134	0	62560
24907	1253	298	313	56348	0	58212
24908	52171	170	281	2324	0	54946
24909	1383	50585	419	1168	0	53555
24910	906	1214	303	49747	0	52170
24911	49820	738	167	1517	0	52242
24912	1352	50783	264	1012	0	53411
24913	52723	1192	97	564	0	54576
24914	1492	857	48264	378	0	50991
24915	46042	242	984	372	0	47640
24916	1283	46969	633	329	0	49214
24917	45826	989	366	292	0	47473
24918	44624	603	80	230	0	45537
24919	1531	46386	184	204	0	48305
24920	46512	953	150	242	0	47857
24921	1196	45727	146	156	0	47225
24922	47318	1071	74	248	0	48711
24923	1285	605	60	46984	0	48934
24924	813	248	62	47853	0	48976
24925	430	207	71	48653	0	49361
24926	328	311	46114	1713	0	48466
24927	395	189	898	46781	0	48263
24928	344	312	47112	1181	0	48949
24929	364	192	1006	45875	0	47437
24930	321	46918	659	1096	0	48994
24931	374	1020	170	48270	0	49834
24932	331	756	47638	1148	0	49873
24933	466	384	49261	726	0	50837
24934	355	184	1445	49105	0	51089
24935	48901	184	655	1261	0	51001
24936	49426	180	222	827	0	50655
24937	1648	49626	240	430	0	51944
24938	927	1048	140	50138	0	52253
24939	442	811	50879	1169	0	53301
24940	460	288	996	51123	0	52867
24941	428	367	51179	1249	0	53223
24942	48808	208	1094	838	0	50948
24943	1338	251	610	51160	0	53359
24944	930	361	50544	1179	0	53014
24945	590	250	1042	50726	0	52608
24946	517	229	626	51985	0	53357
24947	459	333	50982	1702	0	53476
24948	497	272	1034	51277	0	53080
24949	51356	198	670	1494	0	53718
24950	52230	208	295	969	0	53702
24951	1806	235	187	52218	0	54446
24952	52813	183	208	1427	0	54631
24953	1387	357	51819	913	0	54476
24954	918	334	51312	563	0	53127
24955	51051	225	1637	501	0	53414
24956	53898	230	786	542	0	55456
24957	1851	204	331	52940	0	55326
24958	1078	229	299	54092	0	55698
24959	562	330	52901	1863	0	55656
24960	585	260	1246	48092	0	50183
24961	495	53037	933	1317	0	55782
24962	53170	1115	323	824	0	55432
24963	55869	712	255	510	0	57346
24964	1896	55671	362	446	0	58375
24965	53568	1224	261	444	0	55497
24966	53409	677	251	484	0	54821
24967	1842	53713	396	439	0	56390
24968	53621	1202	271	469	0	55563
24969	1461	53956	397	405	0	56219
24970	54291	1320	268	489	0	56368
24971	1557	801	53439	437	0	56234
24972	980	296	1315	53222	0	55813
24973	536	210	747	55945	0	57438
24974	468	226	369	59469	0	60532
24975	58176	171	257	2284	0	60888
24976	1688	159	290	60175	0	62312
24977	987	318	59127	1815	0	62247
24978	58662	198	1508	1180	0	61548
24979	1768	169	897	59294	0	62128
24980	993	58725	523	1695	0	61936
24981	519	61626	462	1007	0	63614
24982	578	1994	307	59231	0	62110
24983	557	868	301	59428	0	61154
24984	616	279	287	60288	0	61470
24985	470	316	56413	2289	0	59488
24986	392	55748	1602	1108	0	58850
24987	54117	1267	728	549	0	56661
24988	52930	702	293	464	0	54389
24989	1885	51957	320	575	0	54737
24990	815	53681	345	449	0	55290
24991	829	1805	305	52020	0	54959
24992	365	716	51597	1333	0	54011
24993	48526	219	1094	849	0	50688
24994	51858	190	583	463	0	53094
24995	1660	167	269	50779	0	52875
24996	788	140	233	51304	0	52465
24997	49693	145	200	1730	0	51768
24998	1212	261	49702	849	0	52024
24999	47053	143	1062	589	0	48847
25000	1211	48320	706	342	0	50579
25001	655	915	202	44554	0	46326
25002	341	45979	245	985	0	47550
25003	45893	1004	154	637	0	47688
25004	1046	441	166	44903	0	46556
25005	650	200	161	44193	0	45204
25006	327	44621	307	1242	0	46497
25007	45213	848	195	650	0	46906
25008	45609	457	151	424	0	46641
25009	1360	326	44614	327	0	46627
25010	633	295	42710	330	0	43968
25011	41957	173	1123	357	0	43610
25012	1036	266	43244	274	0	44820
25013	560	243	39356	246	0	40405
25014	38721	192	1151	317	0	40381
25015	887	249	45618	300	0	47054
25016	560	127	1149	45198	0	47034
25017	338	140	610	46393	0	47481
25018	48380	110	254	1800	0	50544
25019	1405	274	47679	799	0	50157
25020	49999	179	1369	409	0	51956
25021	1746	159	737	49884	0	52526
25022	50633	157	297	1571	0	52658
25023	51402	145	251	953	0	52751
25024	52120	130	192	473	0	52915
25025	2532	143	169	50290	0	53134
25026	51378	164	190	1679	0	53411
25027	2060	193	141	50996	0	53390
25028	1283	160	164	51455	0	53062
25029	704	169	225	52059	0	53157
25030	661	143	172	52192	0	53168
25031	50438	182	172	2462	0	53254
25032	51497	138	188	1245	0	53068
25033	2459	284	49886	608	0	53237
25034	50603	150	1559	600	0	52912
25035	52141	128	847	604	0	53720
25036	2586	179	338	48849	0	51952
25037	1296	49057	363	1763	0	52479
25038	50032	1461	263	1066	0	52822
25039	2098	769	248	48600	0	51715
25040	48952	249	267	1808	0	51276
25041	1988	48048	416	1077	0	51529
25042	49503	1492	240	599	0	51834
25043	2104	783	243	47150	0	50280
25044	1197	47720	323	1823	0	51063
25045	49182	1597	199	1154	0	52132
25046	1938	49135	338	675	0	52086
25047	1141	52884	382	624	0	55031
25048	52783	2108	276	671	0	55838
25049	2001	1120	51911	633	0	55665
25050	52865	432	1569	626	0	55492
25051	2366	331	854	53042	0	56593
25052	1464	371	53588	1783	0	57206
25053	1124	251	1627	53163	0	56165
25054	986	265	912	55207	0	57370
25055	915	431	53655	2571	0	57572
25056	53019	237	1764	1431	0	56451
25057	2399	234	958	54029	0	57620
25058	1545	173	389	54980	0	57087
25059	1106	198	274	54989	0	56567
25060	53485	223	317	2977	0	57002
25061	2127	313	52259	1716	0	56415
25062	1413	317	52694	1062	0	55486
25063	891	176	2011	49235	0	52313
25064	864	284	49800	1845	0	52793
25065	47843	191	1569	1337	0	50940
25066	1905	48768	1187	768	0	52628
25067	49406	1309	601	631	0	51947
25068	2197	759	429	46735	0	50120
25069	1529	47651	509	1675	0	51364
25070	999	1516	365	47211	0	50091
25071	875	48601	425	1738	0	51639
25072	883	1515	263	49396	0	52057
25073	861	1018	47745	1902	0	51526
25074	708	641	44919	1237	0	47505
25075	779	45151	1842	824	0	48596
25076	43907	1234	790	840	0	46771
25077	1539	884	399	43002	0	45824
25078	1221	476	299	43520	0	45516
25079	43556	428	314	1936	0	46234
25080	43786	366	362	1155	0	45669
25081	2121	299	396	43129	0	45945
25082	1323	321	42758	1446	0	45848
25083	944	42999	1383	1035	0	46361
25084	819	1214	854	42303	0	45190
25085	792	780	565	41314	0	43451
25086	697	43798	493	1937	0	46925
25087	43962	1247	363	1323	0	46895
25088	1604	966	43854	779	0	47203
25089	1225	469	1276	43719	0	46689
25090	748	365	841	43729	0	45683
25091	593	507	42889	2274	0	46263
25092	644	370	1373	43782	0	46169
25093	44246	337	912	1860	0	47355
25094	44085	344	591	1303	0	46323
25095	45224	304	540	920	0	46988
25096	2105	43769	666	875	0	47415
25097	47315	1227	542	732	0	49816
25098	2011	822	437	46210	0	49480
25099	1369	533	468	44131	0	46501
25100	893	50543	522	2103	0	54061
25101	54910	1595	413	1347	0	58265
25102	58385	1097	369	898	0	60749
25103	59473	570	362	887	0	61292
25104	60710	532	351	787	0	62380
25105	60152	417	374	932	0	61875
25106	3056	520	57829	730	0	62135
25107	58899	361	1937	766	0	61963
25108	60313	433	1154	708	0	62608
25109	59694	308	603	686	0	61291
25110	3206	267	499	57625	0	61597
25111	1831	234	421	58555	0	61041
25112	1114	373	55659	2661	0	59807
25113	45060	366	1885	1633	0	48944
25114	1887	54963	1256	1060	0	59166
25115	1093	49215	524	560	0	51392
25116	759	1645	49318	446	0	52168
25117	545	50439	1260	413	0	52657
25118	361	49402	785	375	0	50923
25119	936	2072	549	41540	0	45097
25120	331	45308	301	841	0	46781
25121	45421	1000	120	606	0	47147
25122	44829	590	131	298	0	45848
25123	1492	567	139	43631	0	45829
25124	829	249	43672	949	0	45699
25125	41822	123	945	698	0	43588
25126	1226	200	44219	334	0	45979
25127	804	190	44697	266	0	45957
25128	547	101	1352	40976	0	42976
25129	421	95	672	43877	0	45065
25130	514	170	44294	1333	0	46311
25131	318	42815	976	695	0	44804
25132	293	45315	609	321	0	46538
25133	45300	1225	196	277	0	46998
25134	45629	569	113	233	0	46544
25135	1384	334	44745	164	0	46627
25136	43982	166	788	220	0	45156
25137	47232	160	469	285	0	48146
25138	1471	196	222	45540	0	47429
25139	899	153	146	46960	0	48158
25140	541	162	119	47585	0	48407
25141	47096	201	116	1337	0	48750
25142	48134	131	132	723	0	49120
25143	48786	141	134	327	0	49388
25144	1790	136	145	48420	0	50491
25145	1103	229	47141	886	0	49359
25146	45853	126	856	645	0	47480
25147	45539	123	594	352	0	46608
25148	1678	147	298	43758	0	45881
25149	977	44585	299	917	0	46778
25150	664	861	191	43966	0	45682
25151	492	44405	277	1115	0	46289
25152	501	1007	208	42273	0	43989
25153	419	44216	370	990	0	45995
25154	43349	984	210	598	0	45141
25155	1156	660	212	42621	0	44649
25156	796	43345	326	877	0	45344
25157	516	1046	43155	583	0	45300
25158	41094	674	899	391	0	43058
25159	1099	374	604	43129	0	45206
25160	757	43784	386	932	0	45859
25161	560	944	215	41916	0	43635
25162	498	42757	312	934	0	44501
25163	3793	42614	297	598	0	47302
25164	45015	1153	259	438	0	46865
25165	45921	644	288	343	0	47196
25166	1452	411	45873	244	0	47980
25167	44977	270	924	342	0	46513
25168	45965	282	659	304	0	47210
25169	1397	45882	466	303	0	48048
25170	967	902	249	46256	0	48374
25171	630	559	271	46657	0	48117
25172	530	453	45720	1214	0	47917
25173	515	356	44623	697	0	46191
25174	44487	219	1242	419	0	46367
25175	46652	185	708	356	0	47901
25176	46589	138	408	357	0	47492
25177	1612	265	45074	291	0	47242
25178	992	170	907	44506	0	46575
25179	45360	209	567	1088	0	47224
25180	1070	188	296	45415	0	46969
25181	750	304	44534	1107	0	46695
25182	40787	220	826	730	0	42563
25183	1198	290	45397	359	0	47244
25184	837	44781	959	380	0	46957
25185	45354	802	538	344	0	47038
25186	1124	638	44937	291	0	46990
25187	869	262	798	44158	0	46087
25188	45224	183	501	956	0	46864
25189	1054	218	209	45743	0	47224
25190	46823	205	162	1109	0	48299
25191	1109	200	130	46304	0	47743
25192	47707	254	138	1157	0	49256
25193	47848	207	173	774	0	49002
25194	47934	265	150	412	0	48761
25195	46539	215	251	310	0	47315
25196	1442	221	173	46723	0	48559
25197	685	282	45174	759	0	46900
25198	403	250	45255	463	0	46371
25199	344	44912	998	317	0	46571
25200	175	40461	392	146	0	41174
25201	35453	384	1050	119	0	37006
25202	238	114	32	33636	0	34020
25203	145	113	33883	195	0	34336
25204	83	145	34828	128	0	35184
25205	67	43	256	34984	0	35350
25206	35638	27	118	236	0	36019
25207	177	36793	106	125	0	37201
25208	40912	161	24	229	0	41326
25209	224	109	26	41828	0	42187
25210	173	38	28	42188	0	42427
25211	87	24	32	42291	0	42434
25212	67	128	42150	297	0	42642
25213	84	128	41530	161	0	41903
25214	48	42665	379	78	0	43170
25215	89	203	135	43656	0	44083
25216	42447	121	49	305	0	42922
25217	247	140	41511	148	0	42046
25218	158	151	42373	69	0	42751
25219	113	41	389	42557	0	43100
25220	78	27	154	44745	0	45004
25221	76	26	48	44997	0	45147
25222	81	34	46	51693	0	51854
25223	51799	24	36	771	0	52630
25224	622	23	44	52228	0	52917
25225	51785	19	45	749	0	52598
25226	618	242	52589	315	0	53764
25227	310	53294	683	119	0	54406
25228	122	586	279	53311	0	54298
25229	107	401	55223	636	0	56367
25230	99	187	54811	355	0	55452
25231	89	55953	977	144	0	57163
25232	104	585	345	54576	0	55610
25233	97	370	103	54932	0	55502
25234	58	270	55671	850	0	56849
25235	51798	70	713	401	0	52982
25236	680	48	356	55798	0	56882
25237	396	52	124	55123	0	55695
25238	127	167	56184	954	0	57432
25239	63	56290	848	443	0	57644
25240	70	62680	493	205	0	63448
25241	62962	1278	135	199	0	64574
25242	1133	489	103	62633	0	64358
25243	65968	148	89	1252	0	67457
25244	1388	199	64319	618	0	66524
25245	678	73	1211	64075	0	66037
25246	64835	82	620	1338	0	66875
25247	65617	86	205	691	0	66599
25248	1806	87	109	64547	0	66549
25249	777	222	64326	1316	0	66641
25250	260	202	65269	689	0	66420
25251	174	123	1784	64556	0	66637
25252	182	220	65699	1294	0	67395
25253	61107	64	1364	848	0	63383
25254	1306	64160	772	433	0	66671
25255	65460	1184	291	347	0	67282
25256	65944	635	286	369	0	67234
25257	1914	205	199	64978	0	67296
25258	838	230	275	66325	0	67668
25259	65377	191	224	1970	0	67762
25260	1400	183	218	65685	0	67486
25261	770	314	65106	1522	0	67712
25262	347	65720	1469	827	0	68363
25263	323	1325	753	63888	0	66289
25264	376	689	291	65074	0	66430
25265	443	229	250	65575	0	66497
25266	358	240	63140	2250	0	65988
25267	424	62611	1518	1337	0	65890
25268	399	1240	864	63508	0	66011
25269	339	783	63371	1665	0	66158
25270	450	302	1509	63047	0	65308
25271	62774	263	905	1736	0	65678
25272	1618	244	422	63646	0	65930
25273	981	336	63102	1667	0	66086
25274	59073	200	1530	1173	0	61976
25275	1575	63063	1032	654	0	66324
25276	965	65428	687	523	0	67603
25277	64768	1795	411	671	0	67645
25278	1843	974	65579	515	0	68911
25279	1239	302	1505	63785	0	66831
25280	735	207	896	66683	0	68521
25281	502	331	66770	2393	0	69996
25282	446	66796	1766	1330	0	70338
25283	546	1462	973	60891	0	63872
25284	495	907	66136	1780	0	69318
25285	565	352	1628	65772	0	68317
25286	65445	358	986	2010	0	68799
25287	1596	450	67585	1288	0	70919
25288	1175	352	1531	67154	0	70212
25289	702	327	882	68468	0	70379
25290	579	437	66496	2495	0	70007
25291	753	478	1593	61612	0	64436
25292	554	60515	1183	2212	0	64464
25293	793	1443	804	57567	0	60607
25294	498	65031	760	1806	0	68095
25295	64525	1486	569	1365	0	67945
25296	61945	879	586	1021	0	64431
25297	2251	548	62505	934	0	66238
25298	1190	518	62439	806	0	64953
25299	685	533	62492	796	0	64506
25300	523	61211	2529	931	0	65194
25301	621	1473	1266	62414	0	65774
25302	635	974	64332	1849	0	67790
25303	832	479	1736	60086	0	63133
25304	709	420	1150	62712	0	64991
25305	679	460	62912	2432	0	66483
25306	789	435	1638	62339	0	65201
25307	719	444	1105	60444	0	62712
25308	659	57833	840	2596	0	61928
25309	764	1436	654	58653	0	61507
25310	595	880	742	59680	0	61897
25311	499	624	58651	2692	0	62466
25312	563	410	1683	58024	0	60680
25313	508	478	58620	2292	0	61898
25314	454	574	57285	1607	0	59920
25315	54240	413	2264	1235	0	58152
25316	1558	471	1407	53086	0	56522
25317	976	56087	943	2154	0	60160
25318	618	57944	877	1543	0	60982
25319	632	2154	836	56157	0	59779
25320	583	1090	56132	2121	0	59926
25321	578	55841	1897	1700	0	60016
25322	606	1358	1007	48795	0	51766
25323	442	809	52128	1467	0	54846
25324	414	52279	1340	1118	0	55151
25325	54253	1136	909	862	0	57160
25326	54335	803	720	800	0	56658
25327	54786	445	471	892	0	56594
25328	1556	373	547	56980	0	59456
25329	847	328	515	56163	0	57853
25330	420	308	518	56010	0	57256
25331	254	412	54697	2145	0	57508
25332	52645	365	1383	1457	0	55850
25333	1156	287	1024	54662	0	57129
25334	786	406	53225	1433	0	55850
25335	52659	319	1329	1290	0	55597
25336	55432	256	1004	897	0	57589
25337	1781	475	49129	755	0	52140
25338	52880	224	1076	855	0	55035
25339	1067	57405	922	706	0	60100
25340	498	647	52710	372	0	54227
25341	48573	424	631	425	0	50053
25342	638	52444	670	384	0	54136
25343	335	332	172	48557	0	49396
25344	75	50538	230	455	0	51298
25345	126	387	126	50813	0	51452
25346	103	454	49950	474	0	50981
25347	41760	113	578	566	0	43017
25348	375	233	50214	233	0	51055
25349	292	49073	481	341	0	50187
25350	72	50125	407	163	0	50767
25351	49005	566	153	266	0	49990
25352	368	437	49417	121	0	50343
25353	324	75	428	48255	0	49082
25354	115	204	50200	450	0	50969
25355	97	50950	500	388	0	51935
25356	245	365	345	46258	0	47213
25357	58	50952	216	354	0	51580
25358	51272	409	121	360	0	52162
25359	52094	304	128	215	0	52741
25360	51918	100	125	211	0	52354
25361	632	197	51316	149	0	52294
25362	339	205	48945	125	0	49614
25363	47835	81	683	237	0	48836
25364	439	179	53176	160	0	53954
25365	427	81	509	48735	0	49752
25366	72	52767	492	420	0	53751
25367	54201	406	157	472	0	55236
25368	54354	331	128	241	0	55054
25369	56810	97	121	293	0	57321
25370	765	63	113	56796	0	57737
25371	386	78	110	57571	0	58145
25372	57099	58	115	932	0	58204
25373	460	56872	222	479	0	58033
25374	57317	439	108	257	0	58121
25375	531	336	88	56411	0	57366
25376	404	100	77	56448	0	57029
25377	55513	74	82	835	0	56504
25378	447	55049	190	424	0	56110
25379	54906	418	78	230	0	55632
25380	495	55650	185	125	0	56455
25381	54875	456	118	118	0	55567
25382	617	364	69	55422	0	56472
25383	56427	83	77	567	0	57154
25384	60058	77	62	500	0	60697
25385	64304	91	58	218	0	64671
25386	1048	67215	192	121	0	68576
25387	534	868	65594	88	0	67084
25388	63908	501	784	232	0	65425
25389	67548	126	481	180	0	68335
25390	1239	67499	246	105	0	69089
25391	644	773	69	67908	0	69394
25392	258	505	72	68633	0	69468
25393	68401	126	74	1303	0	69904
25394	946	79	62	69703	0	70790
25395	597	250	69258	919	0	71024
25396	218	287	67217	572	0	68294
25397	69016	77	1290	290	0	70673
25398	1010	83	562	71412	0	73067
25399	694	87	150	72461	0	73392
25400	306	69	90	73843	0	74308
25401	188	237	75114	1459	0	76998
25402	284	75	1004	74417	0	75780
25403	283	78	605	76582	0	77548
25404	284	101	155	77474	0	78014
25405	76418	87	115	1768	0	78388
25406	1324	108	118	77632	0	79182
25407	805	284	79167	1206	0	81462
25408	81850	153	1136	854	0	83993
25409	1525	344	87760	261	0	89890
25410	86901	139	1468	357	0	88865
25411	84602	213	825	347	0	85987
25412	2382	150	197	90202	0	92931
25413	1037	92019	350	1777	0	95183
25414	711	1493	171	92504	0	94879
25415	426	929	212	92157	0	93724
25416	335	94643	406	2379	0	97763
25417	93856	1539	227	1240	0	96862
25418	1685	94714	411	488	0	97298
25419	95065	1655	189	526	0	97435
25420	95469	881	247	563	0	97160
25421	2608	235	184	93880	0	96907
25422	1278	175	183	94241	0	95877
25423	468	317	90525	2701	0	94011
25424	380	308	87536	1284	0	89508
25425	84047	231	2477	739	0	87494
25426	88136	184	1021	621	0	89962
25427	2436	84866	484	695	0	88481
25428	1238	1412	292	83902	0	86844
25429	628	929	88902	1728	0	92187
25430	589	480	1840	89077	0	91986
25431	88363	139	1070	1935	0	91507
25432	87462	191	359	1188	0	89200
25433	2424	88720	338	616	0	92098
25434	1306	1547	222	89226	0	92301
25435	682	897	222	90692	0	92493
25436	605	652	213	90881	0	92351
25437	525	509	86252	2571	0	89857
25438	74712	365	1574	1568	0	78219
25439	83050	347	864	813	0	85074
25440	2666	480	83209	734	0	87089
25441	1345	82889	1705	723	0	86662
25442	82698	1567	928	769	0	85962
25443	83368	868	430	757	0	85423
25444	7485	514	76959	710	0	85668
25445	1562	467	85375	621	0	88025
25446	981	298	2327	84983	0	88589
25447	832	495	86986	1869	0	90182
25448	83379	328	1810	1275	0	86792
25449	87215	317	1086	821	0	89439
25450	88515	368	521	814	0	90218
25451	2858	332	460	80341	0	83991
25452	1495	90365	683	1989	0	94532
25453	92282	1570	491	1410	0	95753
25454	92374	952	447	936	0	94709
25455	2861	672	91623	838	0	95994
25456	1644	615	89532	847	0	92638
25457	84026	388	2305	1066	0	87785
25458	2247	407	1174	91682	0	95510
25459	1523	638	91529	2115	0	95805
25460	1022	91204	1902	1616	0	95744
25461	1065	1694	1177	91280	0	95216
25462	90468	1062	612	2008	0	94150
25463	2215	93151	756	1459	0	97581
25464	1680	1669	552	89856	0	93757
25465	1092	90785	813	1940	0	94630
25466	995	93312	879	1352	0	96538
25467	1122	2129	662	92610	0	96523
25468	1114	1018	694	91816	0	94642
25469	1027	91886	909	2489	0	96311
25470	90809	1685	609	1430	0	94533
25471	2423	1271	91807	802	0	96303
25472	87593	559	1887	937	0	90976
25473	2475	481	1163	93462	0	97581
25474	1794	406	689	94228	0	97117
25475	1325	429	638	95163	0	97555
25476	1303	419	683	94919	0	97324
25477	1134	586	95059	2653	0	99432
25478	1184	437	1943	95375	0	98939
25479	1159	429	1246	96301	0	99135
25480	973	101755	901	3047	0	106676
25481	965	2046	103394	1609	0	108014
25482	908	105665	2370	1278	0	110221
25483	1045	2270	106396	865	0	110576
25484	903	104575	2305	806	0	108589
25485	1340	1827	1560	95821	0	100548
25486	95215	1086	576	1922	0	98799
25487	2062	96964	739	1365	0	101130
25488	1565	1837	526	97018	0	100946
25489	865	1259	97913	1907	0	101944
25490	660	100354	2112	1327	0	104453
25491	99259	1800	1212	778	0	103049
25492	99248	1128	726	745	0	101847
25493	2611	99815	777	750	0	103953
25494	1464	1977	97440	577	0	101458
25495	91667	1163	1812	719	0	95361
25496	2159	540	1082	99947	0	103728
25497	98222	518	527	2125	0	101392
25498	2099	99799	695	1401	0	103994
25499	1328	102521	672	823	0	105344
25500	816	2681	99040	863	0	103400
25501	88604	1213	1828	856	0	92501
25502	2036	634	1116	97492	0	101278
25503	97671	429	558	1816	0	100474
25504	1835	98142	635	1233	0	101845
25505	97105	1700	525	743	0	100073
25506	95631	1104	716	707	0	98158
25507	2435	735	97847	652	0	101669
25508	996	90742	1414	452	0	93604
25509	437	91597	902	392	0	93328
25510	402	2078	379	81870	0	84729
25511	283	85207	374	1128	0	86992
25512	83404	1169	226	791	0	85590
25513	1109	85630	276	382	0	87397
25514	809	1273	190	82500	0	84772
25515	385	82813	256	936	0	84390
25516	364	81467	272	612	0	82715
25517	389	83108	278	220	0	83995
25518	481	1484	211	80894	0	83070
25519	378	731	202	82936	0	84247
25520	329	470	175	81970	0	82944
25521	278	80588	275	1579	0	82720
25522	328	1279	78621	676	0	80904
25523	355	966	78336	275	0	79932
25524	74298	515	1270	362	0	76445
25525	1117	451	579	80085	0	82232
25526	733	619	80694	983	0	83029
25527	390	655	81217	667	0	82929
25528	303	84310	1417	334	0	86364
25529	440	1378	575	77830	0	80223
25530	366	853	225	80588	0	82032
25531	79808	476	188	1547	0	82019
25532	1040	492	230	80041	0	81803
25533	753	459	293	79505	0	81010
25534	396	635	80848	1452	0	83331
25535	441	444	1008	79560	0	81453
25536	425	460	645	84513	0	86043
25537	321	650	83667	1488	0	86126
25538	360	648	84352	832	0	86192
25539	329	82598	1555	653	0	85135
25540	472	1345	83567	495	0	85879
25541	368	866	1060	81327	0	83621
25542	531	865	869	67824	0	70089
25543	454	684	84342	1631	0	87111
25544	297	84011	1209	1044	0	86561
25545	78752	1218	800	709	0	81479
25546	984	81956	631	626	0	84197
25547	702	1306	458	80837	0	83303
25548	404	971	503	81914	0	83792
25549	301	82201	699	1716	0	84917
25550	405	1399	543	82147	0	84494
25551	395	966	514	82639	0	84514
25552	542	739	76096	1942	0	79319
25553	337	75640	1298	1223	0	78498
25554	414	1315	856	76210	0	78795
25555	405	1134	74669	1366	0	77574
25556	528	606	1267	73653	0	76054
25557	507	592	821	74346	0	76266
25558	526	531	453	75907	0	77417
25559	500	539	458	75735	0	77232
25560	462	603	480	73253	0	74798
25561	421	74892	631	1796	0	77740
25562	71587	1233	492	1239	0	74551
25563	1121	1010	72577	841	0	75549
25564	59235	613	1336	916	0	62100
25565	1113	729	75984	692	0	78518
25566	698	80300	1467	799	0	83264
25567	481	1592	79045	730	0	81848
25568	359	80637	1532	951	0	83479
25569	541	1556	897	70862	0	73856
25570	517	1080	476	74165	0	76238
25571	390	79153	561	1949	0	82053
25572	363	84034	524	1308	0	86229
25573	83593	1949	414	833	0	86789
25574	85443	1102	481	914	0	87940
25575	86244	588	437	736	0	88005
25576	86975	534	482	741	0	88732
25577	1856	677	454	82910	0	85897
25578	813	84790	552	1419	0	87574
25579	83034	1280	350	1042	0	85706
25580	1089	921	255	79622	0	81887
25581	76419	288	261	1148	0	78116
25582	73545	427	221	808	0	75001
25583	1165	72182	298	368	0	74013
25584	503	71704	269	311	0	72787
25585	184	74194	274	339	0	74991
25586	254	1504	196	68730	0	70684
25587	103	73174	261	885	0	74423
25588	72643	755	121	682	0	74201
25589	74895	492	113	402	0	75902
25590	73853	190	97	328	0	74468
25591	74664	142	122	339	0	75267
25592	75021	155	134	319	0	75629
25593	1286	303	78760	176	0	80525
25594	77658	160	993	308	0	79119
25595	1156	271	79838	194	0	81459
25596	77504	111	985	231	0	78831
25597	1129	143	574	77345	0	79191
25598	637	343	76895	914	0	78789
25599	267	286	82366	549	0	83468
25600	192	87738	1514	206	0	89650
25601	87382	1431	855	282	0	89950
25602	90321	657	158	243	0	91379
25603	1901	102628	257	166	0	104952
25604	980	1680	88	114794	0	117542
25605	123250	920	86	2263	0	126519
25606	2821	563	125954	1135	0	130473
25607	1356	124833	2490	381	0	129060
25608	119826	2482	1261	334	0	123903
25609	2453	125171	538	224	0	128386
25610	1634	2789	188	112600	0	117211
25611	568	125916	409	2137	0	129030
25612	536	3064	171	114391	0	118162
25613	384	123311	400	2419	0	126514
25614	277	127206	398	1383	0	129264
25615	123798	3758	265	562	0	128383
25616	125592	1673	243	427	0	127935
25617	3922	843	124344	294	0	129403
25618	1833	659	124222	213	0	126927
25619	765	743	127030	206	0	128744
25620	661	443	4041	123311	0	128456
25621	590	666	127262	2593	0	131111
25622	598	603	2976	123648	0	127825
25623	631	544	1656	123085	0	125916
25624	508	125662	859	3837	0	130866
25625	123491	2849	424	1924	0	128688
25626	2839	126646	611	699	0	130795
25627	1893	3132	441	127252	0	132718
25628	1049	1855	452	128948	0	132304
25629	870	897	469	130263	0	132499
25630	854	1048	127113	4283	0	133298
25631	899	691	2894	126503	0	130987
25632	915	783	1639	128650	0	131987
25633	866	753	620	130906	0	133145
25634	813	1106	124656	4517	0	131092
25635	799	124167	3030	2258	0	130254
25636	121102	3320	1627	1367	0	127416
25637	116875	2087	725	1127	0	120814
25638	4145	122202	771	1340	0	128458
25639	2252	3300	664	120288	0	126504
25640	1211	2154	625	124458	0	128448
25641	1230	1364	121047	4369	0	128010
25642	973	120757	3359	2474	0	127563
25643	985	3292	1972	120200	0	126449
25644	1084	2268	121406	3441	0	128199
25645	1042	1346	3231	119596	0	125215
25646	1041	1016	2018	121322	0	125397
25647	1140	1347	120410	4729	0	127626
25648	1148	1022	3105	119436	0	124711
25649	1115	975	2032	119856	0	123978
25650	1156	1242	121081	4981	0	128460
25651	1040	1006	3323	121253	0	126622
25652	1068	991	2101	120334	0	124494
25653	851	976	1152	125258	0	128237
25654	802	1187	122004	5291	0	129284
25655	874	944	3481	122735	0	128034
25656	119712	863	2194	4457	0	127226
25657	120152	879	1226	3002	0	125259
25658	4427	120394	1375	1882	0	128078
25659	122245	3184	1089	1811	0	128329
25660	3563	2351	124957	1789	0	132660
25661	2388	1119	3444	124519	0	131470
25662	1305	930	2303	126028	0	130566
25663	1054	1073	1247	129504	0	132878
25664	122261	922	1014	5544	0	129741
25665	2973	122659	1282	3503	0	130417
25666	1948	2937	932	109662	0	115479
25667	850	118354	1186	3591	0	123981
25668	115201	3160	934	2828	0	122123
25669	2833	117983	1195	2022	0	124033
25670	114406	3205	921	1950	0	120482
25671	2856	114039	1166	1903	0	119964
25672	1702	114224	1172	2100	0	119198
25673	1236	4104	1050	112405	0	118795
25674	940	2117	935	113895	0	117887
25675	937	1175	921	113904	0	116937
25676	881	1143	873	113952	0	116849
25677	844	1497	108918	5145	0	116404
25678	731	108671	3108	3186	0	115696
25679	912	3013	1817	99731	0	105473
25680	756	106907	1274	3613	0	112550
25681	4916	3308	102268	2658	0	113150
25682	979	1910	2855	104278	0	110022
25683	907	1071	1811	109535	0	113324
25684	937	999	107107	4774	0	113817
25685	687	104876	3288	3184	0	112035
25686	758	2671	2012	103712	0	109153
25687	867	1862	105174	4028	0	111931
25688	564	105684	3283	3072	0	112603
25689	732	2956	1790	102512	0	107990
25690	650	2097	102936	3721	0	109404
25691	863	1345	102026	2722	0	106956
25692	658	99324	3662	1996	0	105640
25693	700	103357	1932	1667	0	107656
25694	765	3692	1049	101499	0	107005
25695	798	2049	736	107249	0	110832
25696	605	1326	105264	4551	0	111746
25697	96024	940	2772	2901	0	102637
25698	100137	878	1733	2041	0	104789
25699	3474	1102	98395	1671	0	104642
25700	1590	92104	2601	1577	0	97872
25701	711	92596	1668	1320	0	96295
25702	559	89060	1028	1099	0	91746
25703	861	70744	1082	1259	0	73946
25704	1550	4317	1240	62707	0	69814
25705	317	588	271	74475	0	75651
25706	143	222	66	74654	0	75085
25707	164	159	104	73598	0	74025
25708	61	72683	216	2401	0	75361
25709	169	1591	100	72116	0	73976
25710	62	73244	210	2032	0	75548
25711	121	1687	90	74619	0	76517
25712	73089	874	104	1928	0	75995
25713	1578	290	87	73531	0	75486
25714	865	74145	267	1851	0	77128
25715	333	1616	87	76226	0	78262
25716	259	975	99	79828	0	81161
25717	230	316	88	81099	0	81733
25718	76188	250	110	3083	0	79631
25719	1792	341	115	80003	0	82251
25720	997	466	77291	2268	0	81022
25721	276	79400	1802	1507	0	82985
25722	284	1933	937	82737	0	85891
25723	358	1140	201	85803	0	87502
25724	324	398	171	87884	0	88777
25725	82131	374	113	3610	0	86228
25726	2064	513	83287	1750	0	87614
25727	1230	297	1886	77337	0	80750
25728	323	81146	1204	2439	0	85112
25729	395	2116	232	82466	0	85209
25730	76616	1262	178	2751	0	80807
25731	1821	80826	372	1916	0	84935
25732	1115	2229	168	81041	0	84553
25733	386	1298	116	81442	0	83242
25734	238	80267	249	3697	0	84451
25735	364	2168	136	82392	0	85060
25736	489	1334	154	83268	0	85245
25737	320	800	79959	3691	0	84770
25738	203	80019	2184	2154	0	84560
25739	79921	2331	1120	1265	0	84637
25740	2175	1556	80351	1201	0	85283
25741	78229	529	2064	1322	0	82144
25742	2417	733	80672	1267	0	85089
25743	1463	480	2217	80260	0	84420
25744	79823	513	1243	3377	0	84956
25745	2314	575	393	82397	0	85679
25746	82299	614	321	3529	0	86763
25747	82870	645	319	2520	0	86354
25748	82457	649	422	1540	0	85068
25749	3301	81751	583	1449	0	87084
25750	1797	2454	347	81256	0	85854
25751	900	1528	410	83700	0	86538
25752	833	690	398	84255	0	86176
25753	688	768	80971	4394	0	86821
25754	751	598	2359	82316	0	86024
25755	80842	572	1419	3651	0	86484
25756	82625	634	579	2630	0	86468
25757	3720	852	80140	1666	0	86378
25758	81328	609	2355	1550	0	85842
25759	83161	680	1512	1525	0	86878
25760	3775	784	658	77695	0	82912
25761	77560	700	528	3626	0	82414
25762	78403	681	497	2750	0	82331
25763	3886	690	555	77202	0	82333
25764	77812	618	646	3517	0	82593
25765	78077	620	718	2560	0	81975
25766	4065	702	647	76360	0	81774
25767	2421	923	66192	3286	0	72822
25768	70821	743	2191	2541	0	76296
25769	3140	711	75583	1597	0	81031
25770	2218	775	75381	1536	0	79910
25771	1264	74235	3464	1751	0	80714
25772	1461	2361	1667	72360	0	77849
25773	1431	1509	664	75355	0	78959
25774	1504	668	567	75625	0	78364
25775	1452	742	73439	4559	0	80192
25776	1508	648	73822	2674	0	78652
25777	1355	73797	3660	1744	0	80556
25778	1520	2331	1856	71509	0	77216
25779	1541	1401	932	75029	0	78903
25780	1537	531	896	76696	0	79660
25781	1508	568	74081	4428	0	80585
25782	1439	72956	2773	2801	0	79969
25783	1617	2229	1689	72162	0	77697
25784	1633	1496	73846	3414	0	80389
25785	1579	740	74131	2483	0	78933
25786	72605	492	3570	1689	0	78356
25787	74082	522	1931	1563	0	78098
25788	75378	648	881	1565	0	78472
25789	4241	553	850	68078	0	73722
25790	2445	618	71934	3388	0	78385
25791	1460	70399	2786	2656	0	77301
25792	1359	72944	2067	1781	0	78151
25793	1463	2933	65779	1386	0	71561
25794	1682	1868	2547	59950	0	66047
25795	1441	725	1721	56955	0	60842
25796	1280	57373	1324	2984	0	62961
25797	1337	61489	1101	1804	0	65731
25798	60698	2441	810	1272	0	65221
25799	62444	1190	778	1320	0	65732
25800	63111	515	706	1348	0	65680
25801	61899	437	756	1324	0	64416
25802	57954	552	727	1298	0	60531
25803	3048	55182	897	1143	0	60270
25804	1162	41887	670	777	0	44496
25805	627	36333	533	607	0	38100
25806	34579	1169	1174	658	0	37580
25807	1387	556	626	33999	0	36568
25808	812	194	372	34665	0	36043
25809	33780	141	403	1426	0	35750
25810	1050	33946	508	784	0	36288
25811	817	871	430	33928	0	36046
25812	645	475	388	34418	0	35926
25813	692	232	389	34529	0	35842
25814	31893	172	373	1153	0	33591
25815	1103	173	331	32006	0	33613
25816	730	246	29490	747	0	31213
25817	27452	179	676	594	0	28901
25818	879	145	501	28714	0	30239
25819	609	199	28498	656	0	29962
25820	405	28616	639	511	0	30171
25821	277	27034	341	263	0	27915
25822	24621	765	467	309	0	26162
25823	24633	162	137	177	0	25109
25824	447	25894	111	100	0	26552
25825	253	339	123	27566	0	28281
25826	29132	190	43	494	0	29859
25827	481	53	45	30777	0	31356
25828	335	31	57	32853	0	33276
25829	159	50	62	33432	0	33703
25830	123	60	46	33114	0	33343
25831	88	32819	120	866	0	33893
25832	104	475	69	33264	0	33912
25833	81	303	66	33310	0	33760
25834	91	81	55	34207	0	34434
25835	68	138	32942	935	0	34083
25836	62	33777	590	510	0	34939
25837	87	537	344	34663	0	35631
25838	64	415	34473	637	0	35589
25839	97	196	33319	458	0	34070
25840	60	34639	930	188	0	35817
25841	34093	688	481	169	0	35431
25842	566	368	124	34529	0	35587
25843	34443	106	97	657	0	35303
25844	599	34979	130	408	0	36116
25845	423	598	55	35240	0	36316
25846	34205	367	60	718	0	35350
25847	34975	123	50	500	0	35648
25848	956	92	44	34309	0	35401
25849	540	93	58	34231	0	34922
25850	164	161	34254	1017	0	35596
25851	173	70	579	34176	0	34998
25852	167	74	367	35203	0	35811
25853	33583	92	116	1049	0	34840
25854	600	34218	130	596	0	35544
25855	387	625	33965	295	0	35272
25856	31971	373	556	325	0	33225
25857	582	34437	416	264	0	35699
25858	432	596	128	34705	0	35861
25859	34547	378	89	774	0	35788
25860	646	158	91	34292	0	35187
25861	461	114	79	34428	0	35082
25862	181	213	33784	1021	0	35199
25863	179	118	567	34200	0	35064
25864	33638	100	363	849	0	34950
25865	668	109	141	34000	0	34918
25866	33199	109	92	929	0	34329
25867	668	32589	172	643	0	34072
25868	437	33750	170	390	0	34747
25869	248	875	91	33778	0	34992
25870	226	474	85	34209	0	34994
25871	32643	199	97	1154	0	34093
25872	610	33061	171	714	0	34556
25873	33621	634	122	448	0	34825
25874	33752	450	150	404	0	34756
25875	987	197	109	33579	0	34872
25876	33539	147	124	882	0	34692
25877	806	252	32125	581	0	33764
25878	559	175	633	32369	0	33736
25879	309	245	32861	835	0	34250
25880	305	152	720	33171	0	34348
25881	31784	171	422	989	0	33366
25882	32274	167	198	725	0	33364
25883	1092	32345	223	454	0	34114
25884	621	696	170	31951	0	33438
25885	362	450	153	32424	0	33389
25886	289	32850	230	1210	0	34579
25887	298	708	130	33864	0	35000
25888	328	482	127	33380	0	34317
25889	273	33004	221	1365	0	34863
25890	32243	696	108	823	0	33870
25891	32374	484	133	523	0	33514
25892	1096	251	140	32226	0	33713
25893	664	196	133	32610	0	33603
25894	364	278	31860	1221	0	33723
25895	396	201	636	30942	0	32175
25896	326	31477	509	995	0	33307
25897	31667	685	205	743	0	33300
25898	873	474	153	32048	0	33548
25899	615	225	152	31593	0	32585
25900	30485	174	157	1297	0	32113
25901	964	30366	229	757	0	32316
25902	661	704	133	30881	0	32379
25903	429	479	140	30307	0	31355
25904	312	30644	201	1231	0	32388
25905	30538	699	177	763	0	32177
25906	851	594	30555	455	0	32455
25907	598	326	30769	458	0	32151
25908	396	215	948	30744	0	32303
25909	342	278	31210	927	0	32757
25910	29710	238	674	753	0	31375
25911	919	174	444	31073	0	32610
25912	658	248	32700	949	0	34555
25913	393	265	32634	743	0	34035
25914	329	33678	1043	499	0	35549
25915	33398	694	485	448	0	35025
25916	808	34771	311	467	0	36357
25917	35143	730	189	523	0	36585
25918	34937	473	187	454	0	36051
25919	1062	34269	229	392	0	35952
25920	34081	660	130	385	0	35256
25921	34357	454	118	393	0	35322
25922	1091	308	34145	360	0	35904
25923	674	978	548	31210	0	33410
25924	276	30701	366	602	0	31945
25925	198	30043	146	373	0	30760
25926	619	675	194	27940	0	29428
25927	26111	231	395	552	0	27289
25928	369	72	51	25662	0	26154
25929	250	61	44	26732	0	27087
25930	109	56	42	27270	0	27477
25931	79	27920	91	589	0	28679
25932	132	442	39	29707	0	30320
25933	91	335	30786	589	0	31801
25934	27683	81	549	380	0	28693
25935	31272	54	280	169	0	31775
25936	797	30416	132	98	0	31443
25937	30378	531	43	133	0	31085
25938	623	289	38	30659	0	31609
25939	350	146	30384	579	0	31459
25940	28520	67	540	370	0	29497
25941	580	30906	351	132	0	31969
25942	343	566	49	30712	0	31670
25943	31960	293	52	654	0	32959
25944	605	32798	110	340	0	33853
25945	294	33619	85	129	0	34127
25946	33398	802	39	146	0	34385
25947	613	380	32604	89	0	33686
25948	32728	118	564	115	0	33525
25949	892	72	281	32548	0	33793
25950	387	65	81	32982	0	33515
25951	141	135	32345	846	0	33467
25952	144	132	32376	368	0	33020
25953	171	77	828	32502	0	33578
25954	147	118	32050	648	0	32963
25955	152	154	32591	356	0	33253
25956	184	196	873	31459	0	32712
25957	150	92	358	32966	0	33566
25958	32841	84	140	927	0	33992
25959	695	92	113	32968	0	33868
25960	33034	117	83	739	0	33973
25961	693	32750	160	410	0	34013
25962	440	650	87	32780	0	33957
25963	205	517	34081	658	0	35461
25964	33023	147	606	475	0	34251
25965	35303	138	345	202	0	35988
25966	35645	109	155	199	0	36108
25967	35278	99	117	207	0	35701
25968	35234	102	133	201	0	35670
25969	1038	97	139	34076	0	35350
25970	474	149	33583	711	0	34917
25971	237	150	33323	457	0	34167
25972	201	155	34060	218	0	34634
25973	31814	115	1060	243	0	33232
25974	34740	99	457	228	0	35524
25975	1021	97	196	32766	0	34080
25976	491	34975	251	672	0	36389
25977	304	620	144	35744	0	36812
25978	249	458	35374	756	0	36837
25979	222	206	34771	464	0	35663
25980	31912	134	952	308	0	33306
25981	794	163	36708	214	0	37879
25982	498	97	718	36153	0	37466
25983	38580	89	411	802	0	39882
25984	37568	108	208	484	0	38368
25985	39226	101	171	253	0	39751
25986	39561	84	151	262	0	40058
25987	1139	179	38322	196	0	39836
25988	36960	86	770	229	0	38045
25989	884	38476	562	195	0	40117
25990	605	673	372	38859	0	40509
25991	332	426	39210	773	0	40741
25992	367	138	767	38829	0	40101
25993	282	300	39593	832	0	41007
25994	296	122	812	38827	0	40057
25995	302	119	493	39887	0	40801
25996	253	173	39015	1108	0	40549
25997	307	98	797	38811	0	40013
25998	38886	92	522	872	0	40372
25999	860	86	249	39229	0	40424
26000	597	79	272	39989	0	40937
26001	39499	85	231	1130	0	40945
26002	913	39812	287	582	0	41594
26003	40001	686	228	322	0	41237
26004	935	40323	284	264	0	41806
26005	40448	725	217	270	0	41660
26006	954	489	40637	234	0	42314
26007	707	134	788	40052	0	41681
26008	391	131	518	41125	0	42165
26009	40123	104	238	1159	0	41624
26010	837	40201	312	601	0	41951
26011	605	681	249	39437	0	40972
26012	321	371	251	38706	0	39649
26013	334	38149	307	1124	0	39914
26014	37522	639	229	635	0	39025
26015	809	38071	315	338	0	39533
26016	590	623	181	36807	0	38201
26017	364	350	186	35613	0	36513
26018	261	35950	231	1065	0	37507
26019	35612	666	169	599	0	37046
26020	846	446	35674	299	0	37265
26021	33673	154	722	280	0	34829
26022	837	35011	512	237	0	36597
26023	573	658	196	35175	0	36602
26024	35287	371	195	767	0	36620
26025	845	132	180	35386	0	36543
26026	583	112	163	35797	0	36655
26027	35661	92	144	1137	0	37034
26028	792	35221	243	577	0	36833
26029	491	35407	196	366	0	36460
26030	34559	765	134	318	0	35776
26031	651	400	33826	228	0	35105
26032	354	31321	487	194	0	32356
26033	320	409	488	31199	0	32416
26034	174	299	35260	367	0	36100
26035	124	123	456	33974	0	34677
26036	33977	69	289	594	0	34929
26037	497	35085	140	424	0	36146
26038	389	487	72	32650	0	33598
26039	118	35152	135	439	0	35844
26040	34889	500	79	360	0	35828
26041	35673	327	68	211	0	36279
26042	763	36545	115	184	0	37607
26043	432	486	67	34348	0	35333
26044	157	35551	123	542	0	36373
26045	35526	556	46	405	0	36533
26046	35723	355	81	175	0	36334
26047	899	144	80	35319	0	36442
26048	499	120	49	36124	0	36792
26049	221	178	35062	866	0	36327
26050	31463	137	555	573	0	32728
26051	646	201	35362	177	0	36386
26052	454	114	578	34628	0	35774
26053	34542	94	374	663	0	35673
26054	611	35670	169	497	0	36947
26055	33391	607	103	283	0	34384
26056	639	498	31796	181	0	33114
26057	32038	155	452	261	0	32906
26058	673	34828	349	180	0	36030
26059	34869	590	102	241	0	35802
26060	667	36211	142	224	0	37244
26061	454	663	104	36142	0	37363
26062	257	515	35560	611	0	36943
26063	230	286	33989	432	0	34937
26064	222	172	850	34058	0	35302
26065	239	257	34608	671	0	35775
26066	272	178	586	34308	0	35344
26067	244	173	375	34758	0	35550
26068	208	210	35564	970	0	36952
26069	29213	161	630	663	0	30667
26070	35305	172	399	261	0	36137
26071	935	35107	192	220	0	36454
26072	35083	605	116	227	0	36031
26073	753	387	100	35081	0	36321
26074	472	235	36203	671	0	37581
26075	245	143	588	35858	0	36834
26076	302	133	498	35869	0	36802
26077	34858	146	138	932	0	36074
26078	626	34858	145	468	0	36097
26079	449	35892	144	285	0	36770
26080	220	832	103	35859	0	37014
26081	204	420	124	34881	0	35629
26082	210	34674	160	839	0	35883
26083	222	572	112	33361	0	34267
26084	207	406	116	33217	0	33946
26085	200	33436	154	897	0	34687
26086	33148	524	121	492	0	34285
26087	610	358	155	32828	0	33951
26088	457	33125	170	643	0	34395
26089	265	555	99	33236	0	34155
26090	32650	401	152	710	0	33913
26091	638	32600	146	474	0	33858
26092	33488	608	85	312	0	34493
26093	33705	423	93	309	0	34530
26094	983	320	79	34164	0	35546
26095	35688	395	105	739	0	36927
26096	36471	185	102	534	0	37292
26097	36871	178	98	293	0	37440
26098	37577	168	141	227	0	38113
26099	1029	157	118	36925	0	38229
26100	527	160	109	37438	0	38234
26101	245	211	36539	941	0	37936
26102	257	126	572	36950	0	37905
26103	281	136	331	37799	0	38547
26104	242	230	36626	990	0	38088
26105	34390	146	613	623	0	35772
26106	750	144	381	37322	0	38597
26107	548	252	37937	737	0	39474
26108	35340	138	629	667	0	36774
26109	849	216	42521	270	0	43856
26110	599	44404	865	280	0	46148
26111	270	47076	558	441	0	48345
26112	300	1275	201	50829	0	52605
26113	269	711	57169	1063	0	59212
26114	56314	203	1089	821	0	58427
26115	61957	153	648	537	0	63295
26116	1732	230	61833	302	0	64097
26117	61106	149	1139	359	0	62753
26118	62841	133	706	308	0	63988
26119	1691	62963	369	296	0	65319
26120	63416	1034	180	299	0	64929
26121	1312	623	186	62464	0	64585
26122	799	357	63960	1154	0	66270
26123	432	227	1087	58643	0	60389
26124	264	64592	775	1262	0	66893
26125	257	67194	389	676	0	68516
26126	66402	1549	195	413	0	68559
26127	66168	731	215	371	0	67485
26128	65621	281	254	325	0	66481
26129	1890	230	205	65326	0	67651
26130	999	310	210	62192	0	63711
26131	470	64030	297	1620	0	66417
26132	63544	1149	215	912	0	65820
26133	1416	65427	357	459	0	67659
26134	60453	937	219	338	0	61947
26135	1269	61054	338	358	0	63019
26136	61107	958	274	317	0	62656
26137	60004	566	242	300	0	61112
26138	1721	330	226	57981	0	60258
26139	1046	60668	315	920	0	62949
26140	696	1060	59047	634	0	61437
26141	53757	602	898	522	0	55779
26142	1220	57371	626	588	0	59805
26143	824	1043	59520	355	0	61742
26144	573	760	61007	315	0	62655
26145	554	383	1202	56970	0	59109
26146	567	375	555	56877	0	58374
26147	483	61353	308	1173	0	63317
26148	63238	1014	147	766	0	65165
26149	1322	707	180	60266	0	62475
26150	917	62881	258	955	0	65011
26151	666	65167	285	688	0	66806
26152	610	1402	63687	400	0	66099
26153	593	905	64293	315	0	66106
26154	59896	501	1208	481	0	62086
26155	1303	647	65579	245	0	67774
26156	1041	410	960	63623	0	66034
26157	719	437	559	66317	0	68032
26158	627	529	66073	1339	0	68568
26159	620	442	963	64049	0	66074
26160	660	393	673	63181	0	64907
26161	63242	389	377	1426	0	65434
26162	65520	430	400	784	0	67134
26163	1541	377	432	64003	0	66353
26164	1023	63795	555	995	0	66368
26165	563	66357	540	743	0	68203
26166	65672	1341	433	578	0	68024
26167	1158	930	65375	493	0	67956
26168	907	468	1054	64540	0	66969
26169	65448	456	726	1276	0	67906
26170	66018	485	455	880	0	67838
26171	1592	505	421	64981	0	67499
26172	979	615	65585	1147	0	68326
26173	703	625	62693	782	0	64803
26174	58908	497	1505	598	0	61508
26175	63770	486	917	545	0	65718
26176	1625	63851	791	583	0	66850
26177	1043	65122	728	596	0	67489
26178	66431	1354	565	692	0	69042
26179	66788	765	541	718	0	68812
26180	1846	464	515	66498	0	69323
26181	1385	400	473	68366	0	70624
26182	1043	414	448	69063	0	70968
26183	68152	452	416	1747	0	70767
26184	1751	503	337	68500	0	71091
26185	1279	604	68256	1276	0	71415
26186	64596	498	1036	917	0	67047
26187	1418	479	680	67815	0	70392
26188	1093	672	68366	1075	0	71206
26189	63332	672	983	891	0	65878
26190	62406	581	726	641	0	64354
26191	1537	69993	573	561	0	72664
26192	1132	71234	485	514	0	73365
26193	947	1488	67771	493	0	70699
26194	63043	826	939	647	0	65455
26195	1362	69265	747	582	0	71956
26196	1135	1234	67081	506	0	69956
26197	60878	843	901	588	0	63210
26198	1460	70278	689	534	0	72961
26199	1062	1268	69044	566	0	71940
26200	63711	878	908	627	0	66124
26201	1396	70252	698	606	0	72952
26202	1046	946	317	69249	0	71558
26203	68989	654	287	1209	0	71139
26204	1171	69231	465	869	0	71736
26205	845	1165	379	68745	0	71134
26206	67260	529	405	1167	0	69361
26207	1135	405	68209	799	0	70548
26208	673	66435	1032	491	0	68631
26209	472	829	63645	364	0	65310
26210	341	574	820	59828	0	61563
26211	295	333	59469	668	0	60765
26212	238	55026	585	338	0	56187
26213	180	50546	273	110	0	51109
26214	115	505	179	48285	0	49084
26215	99	139	39	45174	0	45451
26216	73	39	39	45586	0	45737
26217	66	149	45940	313	0	46468
26218	83	31	236	45787	0	46137
26219	45373	31	157	365	0	45926
26220	44907	31	65	267	0	45270
26221	409	151	46650	149	0	47359
26222	183	45262	322	79	0	45846
26223	44595	241	161	135	0	45132
26224	245	44705	124	93	0	45167
26225	43849	248	60	128	0	44285
26226	43600	162	44	137	0	43943
26227	403	167	43288	89	0	43947
26228	203	44532	332	65	0	45132
26229	124	251	143	44550	0	45068
26230	102	273	44597	267	0	45239
26231	40532	76	298	232	0	41138
26232	344	65	152	44249	0	44810
26233	190	198	43324	253	0	43965
26234	40607	62	283	251	0	41203
26235	407	187	45982	76	0	46652
26236	263	126	367	46635	0	47391
26237	47939	52	218	505	0	48714
26238	423	49551	181	304	0	50459
26239	299	508	49875	102	0	50784
26240	47512	259	433	200	0	48404
26241	54418	73	286	175	0	54952
26242	859	56276	189	88	0	57412
26243	455	594	80	56099	0	57228
26244	186	354	72	55209	0	55821
26245	54309	119	71	979	0	55478
26246	729	85	78	54985	0	55877
26247	423	227	54904	870	0	56424
26248	212	63	658	54015	0	54948
26249	53909	74	382	849	0	55214
26250	694	54255	238	533	0	55720
26251	472	734	64	51116	0	52386
26252	134	53327	189	707	0	54357
26253	53642	789	90	481	0	55002
26254	837	420	88	55835	0	57180
26255	528	102	82	56173	0	56885
26256	152	56564	200	1276	0	58192
26257	146	1019	55759	570	0	57494
26258	184	491	894	54715	0	56284
26259	189	160	487	55825	0	56661
26260	199	101	137	54787	0	55224
26261	145	55032	196	1464	0	56837
26262	155	997	55525	553	0	57230
26263	138	637	56862	218	0	57855
26264	54440	145	1345	299	0	56229
26265	57742	112	543	258	0	58655
26266	1425	245	58688	168	0	60526
26267	56365	98	969	280	0	57712
26268	1098	240	60912	197	0	62447
26269	57276	123	1075	319	0	58793
26270	1108	61803	662	201	0	63774
26271	63456	1054	239	304	0	65053
26272	1343	705	64826	194	0	67068
26273	726	347	66911	220	0	68204
26274	334	151	1707	70830	0	73022
26275	73322	127	688	1673	0	75810
26276	1573	81618	405	889	0	84485
26277	905	1970	89359	353	0	92587
26278	495	880	2150	89919	0	93444
26279	410	269	1052	92376	0	94107
26280	92570	192	290	3222	0	96274
26281	93178	212	231	1357	0	94978
26282	3264	215	200	91859	0	95538
26283	92952	168	227	2510	0	95857
26284	2548	392	91465	1230	0	95635
26285	1357	183	2272	89905	0	93717
26286	595	379	1134	93418	0	95526
26287	92291	178	390	3401	0	96260
26288	92855	199	284	1473	0	94811
26289	3492	184	258	91774	0	95708
26290	91404	205	251	2611	0	94471
26291	2607	380	89569	1327	0	93883
26292	1291	88778	2524	546	0	93139
26293	564	2438	90244	414	0	93660
26294	641	1051	2511	90198	0	94401
26295	88539	323	1266	2702	0	92830
26296	2514	88526	653	1412	0	93105
26297	1472	2350	370	87024	0	91216
26298	694	1182	412	84967	0	87255
26299	487	87029	573	3375	0	91464
26300	662	2507	400	87841	0	91410
26301	645	1283	413	88898	0	91239
26302	708	354	423	90024	0	91509
26303	718	357	433	89680	0	91188
26304	804	231	368	88048	0	89451
26305	672	85591	597	3751	0	90611
26306	818	2291	445	87435	0	90989
26307	828	1142	420	88227	0	90617
26308	761	543	84810	3767	0	89881
26309	724	84334	2727	1888	0	89673
26310	855	2461	1323	84536	0	89175
26311	910	1207	580	85436	0	88133
26312	920	406	572	83958	0	85856
26313	790	82645	690	3935	0	88060
26314	859	2497	83331	2037	0	88724
26315	1004	1229	2605	84944	0	89782
26316	854	642	85381	3077	0	89954
26317	835	750	84588	1930	0	88103
26318	831	384	3450	83922	0	88587
26319	84342	427	1466	3294	0	89529
26320	2859	442	613	84930	0	88844
26321	1730	447	511	82871	0	85559
26322	872	84782	750	4030	0	90434
26323	850	2431	483	87644	0	91408
26324	884	1312	524	89025	0	91745
26325	735	727	87217	4309	0	92988
26326	635	86705	2791	2478	0	92609
26327	786	2494	1421	87769	0	92470
26328	85101	1416	671	3516	0	90704
26329	2647	860	86405	2251	0	92163
26330	1588	618	2551	86558	0	91315
26331	755	600	1427	88808	0	91590
26332	85126	681	664	4567	0	91038
26333	2567	85674	828	2623	0	91692
26334	83518	2555	480	1788	0	88341
26335	2480	83773	785	1651	0	88689
26336	1432	2531	497	82338	0	86798
26337	80025	1313	559	3495	0	85392
26338	2458	752	80651	2341	0	86202
26339	1342	79020	2635	1669	0	84666
26340	638	79917	1593	1521	0	83669
26341	73280	2805	680	1502	0	78267
26342	2263	1257	627	70131	0	74278
26343	1251	71170	747	2917	0	76085
26344	610	74549	752	2411	0	78322
26345	672	2794	474	73719	0	77659
26346	682	1284	502	75482	0	77950
26347	71812	698	487	3822	0	76819
26348	2168	72106	792	2311	0	77377
26349	1356	2173	641	72082	0	76252
26350	666	1334	70875	2947	0	75822
26351	549	70859	2441	2039	0	75888
26352	619	2113	70467	1523	0	74722
26353	665	70389	2291	1433	0	74778
26354	1071	2019	1255	67766	0	72111
26355	730	1086	471	65768	0	68055
26356	560	67214	588	3158	0	71520
26357	608	2233	67282	1791	0	71914
26358	66033	1271	1906	1344	0	70554
26359	1994	773	1121	70683	0	74571
26360	1163	701	633	72547	0	75044
26361	553	911	70878	3305	0	75647
26362	694	728	1983	71238	0	74643
26363	510	893	70640	2785	0	74828
26364	558	703	2016	70476	0	73753
26365	444	876	71585	2845	0	75750
26366	447	71370	2143	2233	0	76193
26367	528	2396	72787	1385	0	77096
26368	557	1370	1930	71370	0	75227
26369	70487	771	1106	2830	0	75194
26370	1895	69262	640	2015	0	73812
26371	1198	2196	441	67295	0	71130
26372	549	1411	66112	2355	0	70427
26373	351	66454	2079	1559	0	70443
26374	490	2471	950	58394	0	62305
26375	437	1209	59750	1624	0	63020
26376	189	50646	1176	743	0	52754
26377	40676	1424	927	563	0	43590
26378	37744	319	176	290	0	38529
26379	736	132	115	37934	0	38917
26380	38151	95	140	754	0	39140
26381	579	85	108	37630	0	38402
26382	336	121	88	38157	0	38702
26383	117	220	39050	811	0	40198
26384	134	94	526	38167	0	38921
26385	148	117	283	38867	0	39415
26386	37581	107	112	840	0	38640
26387	36811	90	96	483	0	37480
26388	682	37232	175	242	0	38331
26389	373	604	37392	156	0	38525
26390	155	306	493	36702	0	37656
26391	123	230	36608	702	0	37663
26392	32541	108	504	411	0	33564
26393	510	191	35418	183	0	36302
26394	295	66	415	33600	0	34376
26395	113	34464	329	462	0	35368
26396	147	400	141	34424	0	35112
26397	116	250	94	34825	0	35285
26398	95	190	34719	679	0	35683
26399	126	64	452	34483	0	35125
26400	34088	48	291	606	0	35033
26401	34179	69	133	402	0	34783
26402	34330	74	128	238	0	34770
26403	34201	75	105	274	0	34655
26404	595	33908	172	179	0	34854
26405	290	34047	184	173	0	34694
26406	216	627	270	29912	0	31025
26407	154	321	135	33224	0	33834
26408	134	32180	165	664	0	33143
26409	177	415	117	33705	0	34414
26410	183	258	104	33778	0	34323
26411	148	152	129	33728	0	34157
26412	147	117	128	33811	0	34203
26413	155	118	113	34134	0	34520
26414	32912	124	126	807	0	33969
26415	503	32699	165	465	0	33832
26416	356	542	31638	277	0	32813
26417	180	321	473	31535	0	32509
26418	178	163	278	32187	0	32806
26419	135	118	171	32091	0	32515
26420	31455	108	139	886	0	32588
26421	515	37367	207	513	0	38602
26422	420	815	129	36492	0	37856
26423	207	39346	211	1062	0	40826
26424	265	1108	145	36908	0	38426
26425	178	38044	252	1109	0	39583
26426	190	1179	41022	738	0	43129
26427	227	642	1236	43225	0	45330
26428	176	325	50344	1487	0	52332
26429	248	155	1651	49640	0	51694
26430	242	194	796	52675	0	53907
26431	52091	160	293	2429	0	54973
26432	53169	172	190	1117	0	54648
26433	54326	152	176	526	0	55180
26434	54164	190	164	419	0	54937
26435	54278	137	197	405	0	55017
26436	2507	154	182	50054	0	52897
26437	985	51778	333	1904	0	55000
26438	465	1633	161	50892	0	53151
26439	306	909	49774	1914	0	52903
26440	48941	285	1629	1115	0	51970
26441	51960	250	783	511	0	53504
26442	2477	147	262	51031	0	53917
26443	1130	166	155	49842	0	51293
26444	442	49112	221	2436	0	52211
26445	423	1636	134	50314	0	52507
26446	371	827	155	49181	0	50534
26447	316	48732	488	2454	0	51990
26448	392	1636	175	50150	0	52353
26449	46092	821	187	2140	0	49240
26450	1659	416	48294	1141	0	51510
26451	46811	238	1613	723	0	49385
26452	1894	316	48546	525	0	51281
26453	1062	217	1786	46640	0	49705
26454	521	212	884	44403	0	46020
26455	358	45903	419	2464	0	49144
26456	384	47733	309	1172	0	49598
26457	515	2325	235	44854	0	47929
26458	413	929	45397	1936	0	48675
26459	42034	263	1580	974	0	44851
26460	1766	196	734	42169	0	44865
26461	888	42935	425	2001	0	46249
26462	602	1503	161	43919	0	46185
26463	484	758	160	43318	0	44720
26464	405	42231	233	2236	0	45105
26465	593	1627	167	40815	0	43202
26466	380	724	37631	1736	0	40471
26467	338	411	38274	877	0	39900
26468	394	270	1824	33381	0	35869
26469	250	37344	762	1444	0	39800
26470	290	1412	253	37120	0	39075
26471	37844	712	163	1687	0	40406
26472	38997	302	165	903	0	40367
26473	37025	211	207	563	0	38006
26474	2020	36216	229	454	0	38919
26475	843	1483	35779	432	0	38537
26476	35202	737	1358	479	0	37776
26477	37000	350	666	520	0	38536
26478	1957	36002	369	497	0	38825
26479	963	1485	219	35388	0	38055
26480	36420	790	237	1612	0	39059
26481	37219	353	271	968	0	38811
26482	38036	295	296	588	0	39215
26483	2172	236	320	35118	0	37846
26484	36141	254	267	1809	0	38471
26485	1783	256	260	35967	0	38266
26486	1051	264	246	37006	0	38567
26487	35879	305	236	2267	0	38687
26488	1755	317	255	36213	0	38540
26489	36153	311	298	1952	0	38714
26490	1894	328	250	36320	0	38792
26491	1149	313	242	37709	0	39413
26492	36074	389	255	2425	0	39143
26493	1811	399	36560	1292	0	40062
26494	1287	299	1425	37332	0	40343
26495	918	293	820	38115	0	40146
26496	807	279	360	38228	0	39674
26497	696	309	285	39087	0	40377
26498	676	440	291	37829	0	39236
26499	620	36946	383	2537	0	40486
26500	806	1529	267	37881	0	40483
26501	799	925	37602	1978	0	41304
26502	862	396	1419	38556	0	41233
26503	781	350	700	39183	0	41014
26504	779	353	299	40348	0	41779
26505	606	464	38526	2543	0	42139
26506	536	432	38990	1388	0	41346
26507	37219	369	2022	922	0	40532
26508	39636	340	889	836	0	41701
26509	2263	41076	489	853	0	44681
26510	1253	1579	269	43241	0	46342
26511	715	872	303	45848	0	47738
26512	644	409	305	46836	0	48194
26513	44971	336	347	2639	0	48293
26514	47048	314	286	1591	0	49239
26515	2279	359	235	46910	0	49783
26516	1118	436	230	47985	0	49769
26517	622	457	243	48713	0	50035
26518	595	325	315	48699	0	49934
26519	45073	297	395	2658	0	48423
26520	1649	370	45221	1459	0	48699
26521	710	37689	1183	821	0	40403
26522	314	36952	558	608	0	38432
26523	34722	965	125	588	0	36400
26524	902	804	288	34356	0	36350
26525	470	305	34565	1044	0	36384
26526	334	170	31247	577	0	32328
26527	187	31804	881	404	0	33276
26528	25413	156	428	139	0	26136
26529	180	120	25551	81	0	25932
26530	21034	29	122	191	0	21376
26531	89	15	44	24474	0	24622
26532	68	16	17	24869	0	24970
26533	29	24360	45	243	0	24677
26534	29	25379	46	90	0	25544
26535	25115	76	20	91	0	25302
26536	25051	47	17	83	0	25198
26537	95	25966	51	65	0	26177
26538	58	131	24812	119	0	25120
26539	43	97	25612	47	0	25799
26540	38	21	81	25252	0	25392
26541	26521	8	112	111	0	26752
26542	63	26436	66	76	0	26641
26543	54	68	22	27259	0	27403
26544	27818	37	31	161	0	28047
26545	113	25	14	27984	0	28136
26546	83	15	11	28517	0	28626
26547	27613	20	14	194	0	27841
26548	87	28196	49	101	0	28433
26549	56	29225	39	66	0	29386
26550	67	203	29516	47	0	29833
26551	38	60	90	30093	0	30281
26552	63	31	65	30534	0	30693
26553	30	95	31392	145	0	31662
26554	23334	44	125	279	0	23782
26555	28132	37	73	169	0	28411
26556	150	95	31232	35	0	31512
26557	23672	55	142	197	0	24066
26558	133	122	32822	56	0	33133
26559	68	34060	145	49	0	34322
26560	75	104	50	36243	0	36472
26561	52	64	33	37084	0	37233
26562	37221	29	26	247	0	37523
26563	37365	23	32	142	0	37562
26564	37263	33	26	120	0	37442
26565	37274	32	32	119	0	37457
26566	36895	28	38	127	0	37088
26567	160	114	36197	49	0	36520
26568	97	36618	128	65	0	36908
26569	65	86	54	36804	0	37009
26570	34	36984	81	85	0	37184
26571	36	37514	85	75	0	37710
26572	60	122	27	37003	0	37212
26573	100	64	20	37497	0	37681
26574	43	133	37355	132	0	37663
26575	32113	56	104	205	0	32478
26576	37244	19	58	123	0	37444
26577	114	37316	112	118	0	37660
26578	37647	79	21	115	0	37862
26579	38616	47	25	129	0	38817
26580	143	26	22	38159	0	38350
26581	105	130	40438	84	0	40757
26582	63	140	40042	61	0	40306
26583	39660	26	121	119	0	39926
26584	41488	13	43	122	0	41666
26585	187	41450	87	125	0	41849
26586	122	43153	89	41	0	43405
26587	97	199	17	44433	0	44746
26588	44293	111	23	270	0	44697
26589	162	179	45045	119	0	45505
26590	139	42	181	45295	0	45657
26591	46261	24	109	295	0	46689
26592	46179	28	50	247	0	46504
26593	297	45	37	46856	0	47235
26594	46902	27	51	298	0	47278
26595	236	166	45478	115	0	45995
26596	163	188	48455	191	0	48997
26597	130	41	287	46404	0	46862
26598	86	33	142	50434	0	50695
26599	81	23	48	50237	0	50389
26600	62	48944	100	301	0	49407
26601	47	50253	111	175	0	50586
26602	91	267	22	50421	0	50801
26603	50486	136	32	322	0	50976
26604	226	58	31	51222	0	51537
26605	180	41	26	51168	0	51415
26606	67	50570	106	329	0	51072
26607	42	51998	106	211	0	52357
26608	88	277	28	51948	0	52341
26609	78	178	23	49593	0	49872
26610	47683	59	26	390	0	48158
26611	203	47007	113	277	0	47600
26612	47353	179	41	198	0	47771
26613	239	129	29	48109	0	48506
26614	156	226	46506	213	0	47101
26615	98	208	45414	155	0	45875
26616	44313	46	289	164	0	44812
26617	233	28	144	48794	0	49199
26618	176	27	50	49167	0	49420
26619	111	41	29	49632	0	49813
26620	66	192	49867	344	0	50469
26621	111	28	194	49751	0	50084
26622	61	49510	241	269	0	50081
26623	102	224	51	51617	0	51994
26624	100	133	37	51710	0	51980
26625	46	52202	136	480	0	52864
26626	104	301	26	53097	0	53528
26627	50922	150	31	480	0	51583
26628	318	51294	139	232	0	51983
26629	52082	354	32	209	0	52677
26630	52162	209	31	229	0	52631
26631	594	81	26	51861	0	52562
26632	307	61	29	51624	0	52021
26633	146	36	31	52644	0	52857
26634	90	199	50065	632	0	50986
26635	69	49624	430	360	0	50483
26636	76	51391	292	193	0	51952
26637	105	544	47	50411	0	51107
26638	50296	227	46	489	0	51058
26639	440	72	45	49579	0	50136
26640	264	301	50103	488	0	51156
26641	109	49613	424	406	0	50552
26642	57	50954	336	201	0	51548
26643	50278	514	44	226	0	51062
26644	50462	258	38	185	0	50943
26645	554	56502	186	143	0	57385
26646	57821	392	74	235	0	58522
26647	556	395	56725	95	0	57771
26648	331	293	55504	111	0	56239
26649	56410	78	719	200	0	57407
26650	58310	80	320	197	0	58907
26651	784	82	90	57880	0	58836
26652	57578	52	62	729	0	58421
26653	641	229	58483	350	0	59703
26654	429	280	63821	161	0	64691
26655	316	129	977	74248	0	75670
26656	250	78	431	87434	0	88193
26657	253	68	152	90520	0	90993
26658	355	138	121	92258	0	92872
26659	278	83	98	99156	0	99615
26660	271	378	94538	3265	0	98452
26661	264	103	2019	94673	0	97059
26662	94277	89	1355	2801	0	98522
26663	2156	91	360	96259	0	98866
26664	95648	80	190	2801	0	98719
26665	2435	113	170	96452	0	99170
26666	98166	100	265	2878	0	101409
26667	103364	96	208	1730	0	105398
26668	3443	126	180	101596	0	105345
26669	1628	110	208	104129	0	106075
26670	101831	96	197	3572	0	105696
26671	102254	106	153	1967	0	104480
26672	3559	311	103037	845	0	107752
26673	1898	118	2099	102296	0	106411
26674	1052	107	1039	107386	0	109584
26675	105082	122	421	3707	0	109332
26676	107054	115	282	1877	0	109328
26677	3660	102	227	106222	0	110211
26678	1993	100	281	108242	0	110616
26679	975	98	237	108964	0	110274
26680	787	90	264	107152	0	108293
26681	610	100396	519	3985	0	105510
26682	513	104079	485	2203	0	107280
26683	582	3000	216	101760	0	105558
26684	501	102341	391	3184	0	106417
26685	648	2293	206	104244	0	107391
26686	519	1377	101647	3418	0	106961
26687	484	782	98913	2253	0	102432
26688	479	102420	3104	1603	0	107606
26689	675	2263	1326	101660	0	105924
26690	687	1454	101860	3135	0	107136
26691	765	589	2388	99704	0	103446
26692	850	436	1361	103900	0	106547
26693	100093	303	747	4183	0	105326
26694	2823	353	497	103382	0	107055
26695	1757	463	103578	3521	0	109319
26696	1155	528	103875	2315	0	107873
26697	997	102406	3417	1670	0	108490
26698	912	108363	1808	1547	0	112630
26699	109687	2892	760	1608	0	114947
26700	2976	1577	121126	1472	0	127151
26701	1911	524	2545	120799	0	125779
26702	122461	292	1438	3608	0	127799
26703	122295	423	761	2462	0	125941
26704	3680	126306	898	1814	0	132698
26705	2248	2525	624	123395	0	128792
26706	1326	1314	587	132004	0	135231
26707	1102	692	487	132484	0	134765
26708	126897	472	471	4844	0	132684
26709	2953	791	127673	2797	0	134214
26710	1676	130295	2726	1918	0	136615
26711	1278	2529	1343	130464	0	135614
26712	1012	1447	729	134947	0	138135
26713	835	1174	132449	4544	0	139002
26714	1030	671	2587	131062	0	135350
26715	955	542	1590	136038	0	139125
26716	886	636	901	136348	0	138771
26717	929	578	728	136487	0	138722
26718	823	876	131358	4929	0	137986
26719	822	556	2959	131401	0	135738
26720	661	957	133328	4370	0	139316
26721	684	132144	3175	3163	0	139166
26722	958	2197	1720	133985	0	138860
26723	896	1283	1051	136577	0	139807
26724	857	909	131990	4762	0	138518
26725	818	130032	2869	3523	0	137242
26726	1032	2340	1692	130201	0	135265
26727	1010	1743	130424	3554	0	136731
26728	845	129897	2974	2855	0	136571
26729	1072	2409	1534	132195	0	137210
26730	1043	1771	131416	3407	0	137637
26731	1096	874	2527	130192	0	134689
26732	1132	716	1533	130600	0	133981
26733	1031	661	1032	135232	0	137956
26734	131481	732	678	4594	0	137485
26735	2544	131339	997	2866	0	137746
26736	131272	2275	727	2237	0	136511
26737	2780	1636	131109	1853	0	137378
26738	129131	747	2474	2263	0	134615
26739	139686	582	1455	2182	0	143905
26740	3474	594	921	138763	0	143752
26741	140925	697	699	3753	0	146074
26742	143256	615	735	2780	0	147386
26743	145993	550	700	2260	0	149503
26744	3772	589	708	144356	0	149425
26745	2066	612	643	141544	0	144865
26746	1025	788	135901	3858	0	141572
26747	778	825	130531	2433	0	134567
26748	125375	469	3083	1904	0	130831
26749	2366	891	1765	134048	0	139070
26750	1280	136297	1260	3024	0	141861
26751	135631	2080	972	2289	0	140972
26752	2036	136117	1065	1696	0	140914
26753	1150	135089	1070	1436	0	138745
26754	988	3240	124423	1481	0	130132
26755	428	1044	124683	763	0	126918
26756	542	1828	1826	119525	0	123721
26757	317	632	129716	1067	0	131732
26758	310	534	119120	512	0	120476
26759	106088	90	422	461	0	107061
26760	117800	86	208	387	0	118481
26761	389	86	115	118932	0	119522
26762	285	166	214	119772	0	120437
26763	160	570	121366	403	0	122499
26764	108	123196	464	356	0	124124
26765	192	407	202	121309	0	122110
26766	124379	139	116	640	0	125274
26767	311	80	113	124426	0	124930
26768	172	126382	291	485	0	127330
26769	250	664	124539	297	0	125750
26770	85	128613	518	200	0	129416
26771	127887	329	182	431	0	128829
26772	125230	224	110	386	0	125950
26773	533	111	84	125267	0	125995
26774	271	427	126698	390	0	127786
26775	195	415	120712	322	0	121644
26776	137	126582	781	198	0	127698
26777	266	516	303	120324	0	121409
26778	192	228	101	128017	0	128538
26779	147	425	127111	638	0	128321
26780	233	188	466	124740	0	125627
26781	134	133708	504	843	0	135189
26782	231	664	121	134582	0	135598
26783	241	381	102	135349	0	136073
26784	172	472	135122	1070	0	136836
26785	257	147	734	131792	0	132930
26786	128153	91	509	1175	0	129928
26787	839	429	134989	487	0	136744
26788	544	468	134462	226	0	135700
26789	155	136412	1454	245	0	138266
26790	236	887	553	139675	0	141351
26791	212	558	164	148404	0	149338
26792	177	495	145794	1629	0	148095
26793	130823	113	1309	1084	0	133329
26794	1272	105	708	146453	0	148538
26795	741	497	144561	1200	0	146999
26796	355	111	1286	137536	0	139288
26797	265	472	144136	1319	0	146192
26798	207	645	140060	806	0	141718
26799	116	139216	2052	324	0	141708
26800	256	1178	780	125022	0	127236
26801	84	131830	548	1255	0	133717
26802	125721	1227	185	863	0	127996
26803	1193	1028	129725	260	0	132206
26804	669	126788	1413	292	0	129162
26805	236	1183	736	125467	0	127622
26806	123754	686	239	1482	0	126161
26807	1107	124638	438	1034	0	127217
26808	713	1198	184	125915	0	128010
26809	300	855	185	124674	0	126014
26810	102	129185	368	2007	0	131662
26811	128083	1482	176	1038	0	130779
26812	1587	827	194	148408	0	151016
26813	978	235	175	157053	0	158441
26814	361	508	154419	3709	0	158997
26815	189	160643	2878	1777	0	165487
26816	405	2767	1496	160539	0	165207
26817	372	1554	455	169898	0	172279
26818	171	175994	494	4552	0	181211
26819	350	3411	235	177196	0	181192
26820	335	1786	263	178615	0	180999
26821	394	509	472	177801	0	179176
26822	166	177456	619	5527	0	183768
26823	173156	3465	336	2480	0	179437
26824	3564	2282	177564	826	0	184236
26825	167455	600	3652	878	0	172585
26826	3701	177770	2373	710	0	184554
26827	2034	3553	651	177322	0	183560
26828	665	2363	180026	3832	0	186886
26829	529	681	3716	177385	0	182311
26830	558	424	2015	181394	0	184391
26831	551	376	672	185575	0	187174
26832	409	771	180702	6215	0	188097
26833	364	178706	4155	3175	0	186400
26834	427	4003	181883	1381	0	187694
26835	393	182990	4550	1363	0	189296
26836	495	4532	185237	980	0	191244
26837	524	2288	4189	182327	0	189328
26838	177822	907	2564	4898	0	186191
26839	3466	184167	1202	3256	0	192091
26840	2021	4288	185707	1717	0	193733
26841	634	185383	4286	1610	0	191913
26842	653	4726	186252	1441	0	193072
26843	745	2583	4461	176308	0	184097
26844	882	1259	2560	170767	0	175468
26845	569	180259	1587	5776	0	188191
26846	636	187410	1342	3133	0	192521
26847	184639	5969	945	1959	0	193512
26848	4323	3009	941	186592	0	194865
26849	2440	1814	186352	5301	0	195907
26850	1234	1283	4513	184738	0	191768
26851	810	1585	188303	5657	0	196355
26852	743	1548	188512	3704	0	194507
26853	881	1131	6481	174848	0	183341
26854	616	182918	3425	5380	0	192339
26855	174173	4714	1453	3674	0	184014
26856	4326	3011	1215	169939	0	178491
26857	2743	1558	1294	163495	0	169090
26858	973	168800	1660	6801	0	178234
26859	166249	4857	1258	3753	0	176117
26860	169634	3022	1284	2325	0	176265
26861	6127	1855	1477	162157	0	171616
26862	2833	163415	1814	5337	0	173399
26863	1004	173825	1799	3611	0	180239
26864	168452	6505	1297	2460	0	178714
26865	4281	3918	169942	2006	0	180147
26866	162565	1755	4731	2247	0	171298
26867	167988	1552	3140	2092	0	174772
26868	166611	1515	1531	2189	0	171846
26869	6147	164224	1804	2104	0	174279
26870	2963	4873	1343	166304	0	175483
26871	166622	3050	1464	5506	0	176642
26872	167468	1741	1405	3779	0	174393
26873	5793	166502	1974	2362	0	176631
26874	169904	4727	1324	2228	0	178183
26875	4742	3123	1464	171236	0	180565
26876	3057	1731	1310	171027	0	177125
26877	1303	169816	1832	6796	0	179747
26878	1465	4619	1240	174336	0	181660
26879	1422	3206	1206	174932	0	180766
26880	1163	172950	1639	7309	0	183061
26881	1596	4433	1168	161526	0	168723
26882	1109	170875	1523	5200	0	178707
26883	168616	4769	1313	3519	0	178217
26884	164023	3275	1317	2187	0	170802
26885	5548	165893	1658	2192	0	175291
26886	2928	4759	164277	1920	0	173884
26887	1754	3345	3856	163127	0	172082
26888	1546	2206	164147	4594	0	172493
26889	1427	158050	4435	3396	0	167308
26890	1401	162192	2780	2106	0	168479
26891	150173	4805	1093	1741	0	157812
26892	4017	158069	1200	1516	0	164802
26893	3241	3956	1018	148464	0	156679
26894	1757	154956	1337	3648	0	161698
26895	1672	159788	1152	2394	0	165006
26896	156982	5030	795	1881	0	164688
26897	4029	2623	809	157590	0	165051
26898	2569	1991	156964	4011	0	165535
26899	1559	1750	156679	3031	0	163019
26900	1343	159373	4864	2052	0	167632
26901	158165	3985	2216	1832	0	166198
26902	3804	162081	1646	1503	0	169034
26903	2782	4476	815	167896	0	175969
26904	167752	2769	975	4524	0	176020
26905	4626	1639	760	171930	0	178955
26906	3045	1507	845	171594	0	176991
26907	1624	173843	1258	6040	0	182765
26908	1933	4505	814	176128	0	183380
26909	1344	3414	177470	4622	0	186850
26910	168522	1633	4002	3084	0	177241
26911	4363	183715	2632	1528	0	192238
26912	1956	177643	1109	1010	0	181718
26913	168143	4189	388	1015	0	173735
26914	3604	2370	168811	699	0	175484
26915	153863	1079	3553	813	0	159308
26916	3135	183744	2096	618	0	189593
26917	1442	199948	705	456	0	202551
26918	683	5924	199341	376	0	206324
26919	286	205295	4669	513	0	210763
26920	880	4895	2374	185558	0	193707
26921	587	2181	438	190859	0	194065
26922	261	200361	603	5581	0	206806
26923	500	4289	186	201089	0	206064
26924	203160	2428	214	4584	0	210386
26925	4357	1019	202913	2535	0	210824
26926	199633	479	4203	844	0	205159
26927	208547	450	2022	691	0	211710
26928	206922	467	602	635	0	208626
26929	6581	919	202541	371	0	210412
26930	2834	515	4325	199898	0	207572
26931	826	820	204436	4409	0	210491
26932	193306	525	4765	2530	0	201126
26933	196436	513	2260	956	0	200165
26934	6150	201356	919	600	0	209025
26935	2983	4713	399	188412	0	196507
26936	859	205881	801	4159	0	211700
26937	819	5448	205285	2096	0	213648
26938	1102	2987	4699	202615	0	211403
26939	202891	885	2432	5049	0	211257
26940	205987	643	632	2700	0	209962
26941	7251	763	609	187712	0	196335
26942	2904	193425	954	4427	0	201710
26943	1078	4991	199016	2466	0	207551
26944	852	2984	203000	826	0	207662
26945	183272	967	7017	925	0	192181
26946	5230	1134	202137	671	0	209172
26947	2904	198719	5491	1068	0	208182
26948	1350	5149	2752	193905	0	203156
26949	1040	3158	200014	4806	0	209018
26950	1195	1011	5177	195386	0	202769
26951	960	1115	200548	5484	0	208107
26952	184139	707	5505	3012	0	193363
26953	5562	807	2954	188638	0	197961
26954	3025	192397	1440	5014	0	201876
26955	1269	199680	1304	2932	0	205185
26956	1403	7429	974	192309	0	202115
26957	1470	3193	1035	189266	0	194964
26958	1146	192202	1422	7012	0	201782
26959	1423	5711	192058	3019	0	202211
26960	1432	3410	5409	190702	0	200953
26961	1378	1606	196914	5396	0	205294
26962	1322	1467	194993	3069	0	200851
26963	176876	1218	7553	1606	0	187253
26964	5457	186365	3912	1454	0	197188
26965	187171	5619	1519	1267	0	195576
26966	6045	3550	1404	176095	0	187094
26967	3397	185033	1773	5458	0	195661
26968	2114	5959	1448	185101	0	194622
26969	1755	3553	1575	182813	0	189696
26970	1539	182357	1826	7711	0	193433
26971	1627	6245	182001	3819	0	193692
26972	1842	3394	5895	182650	0	193781
26973	182584	1712	3661	6329	0	194286
26974	6357	1473	1927	182284	0	192041
26975	4152	1455	1849	182916	0	190372
26976	2305	1703	178213	8187	0	190408
26977	2015	176682	6385	4004	0	189086
26978	2145	5858	3756	173266	0	185025
26979	1990	4270	174866	6030	0	187156
26980	1696	2491	175932	3819	0	183938
26981	163610	1892	8448	2565	0	176515
26982	5835	170870	4930	2588	0	184223
26983	169579	5857	2338	2076	0	179850
26984	6085	169963	2429	2238	0	180715
26985	3862	174192	2134	2479	0	182667
26986	168636	8232	1816	2195	0	180879
26987	6454	4006	2113	160261	0	172834
26988	4055	167100	2631	6070	0	179856
26989	2782	5868	1969	170168	0	180787
26990	167750	3500	2030	6679	0	179959
26991	6722	2207	168460	4170	0	181559
26992	4070	2052	166824	2369	0	175315
26993	156700	1660	8505	2289	0	169154
26994	6035	163193	5153	2223	0	176604
26995	4037	6014	163602	1847	0	175500
26996	2492	163289	6872	2128	0	174781
26997	2257	6287	3937	157847	0	170328
26998	1854	4409	161185	6206	0	173654
26999	1794	2074	6193	158561	0	168622
27000	1473	1993	158395	6854	0	168715
27001	146013	1765	6479	4561	0	158818
27002	5789	153721	4626	2487	0	166623
27003	148011	5131	2084	2161	0	157387
27004	5724	3482	2020	134232	0	145458
27005	3077	153739	2507	5154	0	164477
27006	151599	5759	2055	3454	0	162867
27007	149020	3498	2322	2317	0	157157
27008	6943	2173	149852	1994	0	160962
27009	3527	1894	147043	1804	0	154268
27010	123642	1379	6817	1661	0	133499
27011	4306	128662	4054	1925	0	138947
27012	2354	124209	2308	1518	0	130389
27013	1727	7132	2054	114211	0	125124
27014	1640	2772	116565	3909	0	124886
27015	1247	109459	4206	2502	0	117414
27016	1014	95337	2164	1249	0	99764
27017	2597	2446	897	63631	0	69571
27018	64140	994	626	1534	0	67294
27019	64530	461	380	1009	0	66380
27020	65647	334	369	515	0	66865
27021	2065	458	64349	392	0	67264
27022	62760	402	1461	445	0	65068
27023	63864	361	879	423	0	65527
27024	64577	399	379	362	0	65717
27025	2183	370	362	59300	0	62215
27026	1013	62074	454	1350	0	64891
27027	61612	1415	291	870	0	64188
27028	1430	62441	415	346	0	64632
27029	904	1353	292	61827	0	64376
27030	428	939	64360	1401	0	67128
27031	453	478	1463	63396	0	65790
27032	469	289	878	64937	0	66573
27033	423	403	65040	1880	0	67746
27034	379	64410	1513	898	0	67200
27035	378	1267	661	58351	0	60657
27036	57640	700	278	1199	0	59817
27037	1118	57131	298	686	0	59233
27038	55816	1056	190	343	0	57405
27039	1176	632	162	53086	0	55056
27040	730	55371	272	963	0	57336
27041	53671	1041	240	568	0	55520
27042	1077	55442	310	260	0	57089
27043	630	1049	53520	179	0	55378
27044	50693	701	1054	233	0	52681
27045	53875	309	624	248	0	55056
27046	1373	53508	256	433	0	55570
27047	638	1098	51511	230	0	53477
27048	287	53827	946	177	0	55237
27049	660	1585	762	38702	0	41709
27050	260	634	203	53131	0	54228
27051	337	276	124	53177	0	53914
27052	299	53424	198	1465	0	55386
27053	408	985	119	53551	0	55063
27054	382	575	153	53859	0	54969
27055	51855	358	145	1369	0	53727
27056	1193	188	150	52976	0	54507
27057	782	173	115	53875	0	54945
27058	52560	186	105	1533	0	54384
27059	1120	53211	226	875	0	55432
27060	53783	1065	106	406	0	55360
27061	53310	673	138	331	0	54452
27062	53948	314	205	309	0	54776
27063	1655	283	187	52350	0	54475
27064	841	223	186	53900	0	55150
27065	468	304	52006	1563	0	54341
27066	407	401	51356	790	0	52954
27067	403	393	51844	452	0	53092
27068	46266	308	1566	435	0	48575
27069	1248	430	51742	355	0	53775
27070	839	51862	1158	407	0	54266
27071	579	1158	634	50413	0	52784
27072	521	781	329	48042	0	49673
27073	482	51504	326	1482	0	53794
27074	519	1323	52262	751	0	54855
27075	463	53085	1215	433	0	55196
27076	51842	1266	691	421	0	54220
27077	1340	895	53037	356	0	55628
27078	876	52190	1271	523	0	54860
27079	593	1277	53117	389	0	55376
27080	520	814	1187	51968	0	54489
27081	446	611	53988	1177	0	56222
27082	469	421	1232	52289	0	54411
27083	53449	340	650	1509	0	55948
27084	1316	437	53877	932	0	56562
27085	840	53913	1186	661	0	56600
27086	54162	1198	705	676	0	56741
27087	1374	854	55661	562	0	58451
27088	924	550	56338	579	0	58391
27089	662	326	1577	54418	0	56983
27090	587	402	55933	1472	0	58394
27091	51596	431	1307	1066	0	54400
27092	1389	55701	872	680	0	58642
27093	1060	1380	396	53282	0	56118
27094	636	58290	506	1301	0	60733
27095	58080	1333	436	1021	0	60870
27096	1449	979	57567	631	0	60626
27097	945	620	59806	614	0	61985
27098	601	420	1811	58438	0	61270
27099	501	426	994	59712	0	61633
27100	497	429	600	60374	0	61900
27101	573	387	526	61038	0	62524
27102	518	563	60784	1963	0	63828
27103	480	58950	1498	1070	0	61998
27104	382	975	634	52412	0	54403
27105	352	714	50050	1018	0	52134
27106	325	49566	1053	695	0	51639
27107	48715	946	596	465	0	50722
27108	1205	654	313	48555	0	50727
27109	48249	290	278	1047	0	49864
27110	916	48241	338	724	0	50219
27111	47951	851	370	486	0	49658
27112	1084	657	48938	322	0	51001
27113	719	487	957	45091	0	47254
27114	341	48005	690	848	0	49884
27115	379	918	47439	594	0	49330
27116	254	47435	1005	483	0	49177
27117	402	1146	599	35165	0	37312
27118	43955	428	303	803	0	45489
27119	749	44220	348	547	0	45864
27120	43668	661	304	369	0	45002
27121	798	538	43679	313	0	45328
27122	548	318	42734	301	0	43901
27123	41266	172	1073	317	0	42828
27124	697	306	589	42443	0	44035
27125	520	161	361	43334	0	44376
27126	273	276	44680	908	0	46137
27127	244	253	43483	463	0	44443
27128	193	44323	1053	278	0	45847
27129	41757	694	642	241	0	43334
27130	39529	314	252	208	0	40303
27131	700	39270	261	178	0	40409
27132	385	731	177	40334	0	41627
27133	40675	319	206	644	0	41844
27134	547	290	210	40466	0	41513
27135	40697	137	344	659	0	41837
27136	41027	130	214	444	0	41815
27137	42244	148	180	311	0	42883
27138	845	161	163	41330	0	42499
27139	524	133	184	43180	0	44021
27140	42006	133	167	857	0	43163
27141	42569	135	179	506	0	43389
27142	41817	123	180	327	0	42447
27143	845	41771	240	192	0	43048
27144	39864	447	121	209	0	40641
27145	452	39452	296	155	0	40355
27146	38637	444	133	228	0	39442
27147	511	314	38950	149	0	39924
27148	34305	169	503	186	0	35163
27149	416	37642	277	111	0	38446
27150	250	38391	150	106	0	38897
27151	38828	511	88	178	0	39605
27152	447	243	78	38927	0	39695
27153	310	89	77	40565	0	41041
27154	145	41153	166	608	0	42072
27155	119	45053	158	280	0	45610
27156	46866	652	90	189	0	47797
27157	652	430	48829	99	0	50010
27158	431	108	628	51172	0	52339
27159	52156	79	333	854	0	53422
27160	834	223	53230	420	0	54707
27161	459	59053	830	157	0	60499
27162	62783	970	394	173	0	64320
27163	1433	633	66528	98	0	68692
27164	743	136	1427	68113	0	70419
27165	223	254	72328	1467	0	74272
27166	66131	105	1564	816	0	68616
27167	1485	72865	820	218	0	75388
27168	74060	1517	180	263	0	76020
27169	73997	693	133	208	0	75031
27170	2233	170	85	73110	0	75598
27171	73688	120	112	1648	0	75568
27172	1741	128	81	73937	0	75887
27173	861	140	85	74796	0	75882
27174	318	257	71876	2174	0	74625
27175	243	72280	1589	815	0	74927
27176	329	1484	841	73256	0	75910
27177	325	899	170	74403	0	75797
27178	268	289	94	75321	0	75972
27179	250	281	73464	2222	0	76217
27180	228	72938	1622	925	0	75713
27181	305	1568	680	73332	0	75885
27182	309	692	160	74544	0	75705
27183	249	378	73043	2270	0	75940
27184	303	177	1489	72164	0	74133
27185	72602	121	719	1780	0	75222
27186	1553	72798	353	821	0	75525
27187	71801	1522	155	419	0	73897
27188	1775	860	71023	221	0	73879
27189	929	250	1531	70291	0	73001
27190	71894	190	716	1651	0	74451
27191	71823	156	259	865	0	73103
27192	2256	341	72240	297	0	75134
27193	1112	171	1617	69673	0	72573
27194	443	286	71087	1632	0	73448
27195	65018	161	1712	1025	0	67916
27196	1665	70084	895	410	0	73054
27197	69850	1549	472	392	0	72263
27198	69821	800	392	393	0	71406
27199	2273	70518	442	358	0	73591
27200	72012	1563	365	490	0	74430
27201	1928	950	70652	396	0	73926
27202	70142	345	1663	469	0	72619
27203	2032	280	893	70823	0	74028
27204	1215	441	73578	1814	0	77048
27205	789	293	1757	73356	0	76195
27206	778	265	1006	73855	0	75904
27207	688	297	607	73117	0	74709
27208	672	74222	646	2434	0	77974
27209	74318	1704	497	1368	0	77887
27210	2079	977	461	73379	0	76896
27211	1264	73735	667	2001	0	77667
27212	901	1751	475	69941	0	73068
27213	821	73389	601	2068	0	76879
27214	819	2077	72846	1408	0	77150
27215	795	957	1862	72008	0	75622
27216	707	438	1152	74742	0	77039
27217	682	624	73550	2822	0	77678
27218	64837	545	1930	1840	0	69152
27219	1961	73339	1254	1199	0	77753
27220	1432	1733	666	73777	0	77608
27221	885	1018	649	72169	0	74721
27222	929	597	609	70969	0	73104
27223	790	72343	800	2767	0	76700
27224	71270	1823	640	1884	0	75617
27225	2107	1179	72090	1211	0	76587
27226	1467	650	70218	1196	0	73531
27227	956	476	2518	68867	0	72817
27228	951	462	1229	71635	0	74277
27229	70236	528	734	2965	0	74463
27230	2130	69746	938	1833	0	74647
27231	1462	1827	795	70778	0	74862
27232	69467	1022	697	2459	0	73645
27233	2370	620	624	69009	0	72623
27234	69243	521	634	2469	0	72867
27235	2461	596	67301	1544	0	71902
27236	1484	67613	2099	1157	0	72353
27237	67894	1814	1250	1076	0	72034
27238	2394	1212	67734	888	0	72228
27239	65100	609	1991	983	0	68683
27240	2420	686	66499	991	0	70596
27241	66468	464	2034	974	0	69940
27242	2433	552	1160	66367	0	70512
27243	68077	518	704	2222	0	71521
27244	2421	489	688	67412	0	71010
27245	1598	488	601	68906	0	71593
27246	67518	517	662	2916	0	71613
27247	2135	67578	788	1693	0	72194
27248	1412	1880	578	67990	0	71860
27249	68145	1059	507	2426	0	72137
27250	70654	687	506	1609	0	73456
27251	2810	606	524	69355	0	73295
27252	1588	536	544	71953	0	74621
27253	71032	501	454	3015	0	75002
27254	2412	565	464	71640	0	75081
27255	1476	509	462	70238	0	72685
27256	66291	440	450	2820	0	70001
27257	2024	357	432	65391	0	68204
27258	972	378	60453	2108	0	63911
27259	55635	239	1569	1400	0	58843
27260	1860	437	61133	649	0	64079
27261	912	290	54456	426	0	56084
27262	46082	747	2099	353	0	49281
27263	820	47020	616	178	0	48634
27264	583	653	322	44393	0	45951
27265	189	303	67	44299	0	44858
27266	173	99	53	47422	0	47747
27267	166	66	37	48177	0	48446
27268	46920	46	56	1357	0	48379
27269	50044	44	49	607	0	50744
27270	52029	41	44	265	0	52379
27271	1526	170	55405	164	0	57265
27272	728	42	1187	58722	0	60679
27273	323	49	684	60110	0	61166
27274	277	63	160	57033	0	57533
27275	150	55708	226	2259	0	58343
27276	163	57607	146	1058	0	58974
27277	57966	2109	73	460	0	60608
27278	1610	926	78	58425	0	61039
27279	1072	214	79	62046	0	63411
27280	408	111	96	63171	0	63786
27281	235	225	59966	2653	0	63079
27282	1777	216	57953	1239	0	61185
27283	57987	91	2390	531	0	60999
27284	62240	71	1092	394	0	63797
27285	2613	79	335	59287	0	62314
27286	1162	60568	325	1740	0	63795
27287	554	1589	156	61101	0	63400
27288	431	890	134	62435	0	63890
27289	292	298	59994	2707	0	63291
27290	58218	121	1676	1472	0	61487
27291	1870	92	963	63104	0	66029
27292	1144	98	287	62260	0	63789
27293	60114	99	188	2822	0	63223
27294	1871	61547	307	1503	0	65228
27295	63207	1769	140	701	0	65817
27296	2182	1057	119	61037	0	64395
27297	1202	60148	214	2108	0	63672
27298	61252	1768	115	1344	0	64479
27299	1981	1043	142	61368	0	64534
27300	60944	377	143	2190	0	63654
27301	60787	191	167	1439	0	62584
27302	61040	138	185	728	0	62091
27303	3056	58566	304	556	0	62482
27304	1494	58074	316	527	0	60411
27305	725	2648	218	54993	0	58584
27306	472	57383	334	2031	0	60220
27307	57954	1987	203	1364	0	61508
27308	2134	1123	213	57789	0	61259
27309	58300	395	242	2307	0	61244
27310	59352	252	238	1536	0	61378
27311	3106	218	237	57378	0	60939
27312	1651	215	227	60293	0	62386
27313	59490	266	189	3285	0	63230
27314	61069	286	213	1844	0	63412
27315	62928	266	234	1024	0	64452
27316	63687	291	185	923	0	65086
27317	64384	302	144	902	0	65732
27318	3627	285	160	61573	0	65645
27319	1933	327	192	62899	0	65351
27320	1098	364	185	64090	0	65737
27321	61552	306	203	3559	0	65620
27322	2599	266	172	60966	0	64003
27323	1634	60353	328	2757	0	65072
27324	1007	2055	180	62286	0	65528
27325	60653	1278	254	2667	0	64852
27326	61878	597	268	1773	0	64516
27327	3511	545	59679	867	0	64602
27328	2042	379	1896	56129	0	60446
27329	1019	59748	1240	2416	0	64423
27330	60620	2046	361	1745	0	64772
27331	2458	61585	412	1056	0	65511
27332	1861	2182	238	61370	0	65651
27333	63455	1278	217	2546	0	67496
27334	64394	493	188	1772	0	66847
27335	3703	62134	329	1055	0	67221
27336	2204	2145	155	62364	0	66868
27337	1241	1396	62113	2597	0	67347
27338	59261	552	2011	1831	0	63655
27339	2838	519	62582	1005	0	66944
27340	62419	393	2265	1016	0	66093
27341	63930	389	1126	1033	0	66478
27342	3785	376	322	62264	0	66747
27343	64261	419	178	2772	0	67630
27344	65299	416	171	1839	0	67725
27345	65804	445	141	1059	0	67449
27346	4123	500	162	62546	0	67331
27347	63016	367	191	2538	0	66112
27348	2984	395	165	62335	0	65879
27349	2031	373	315	62180	0	64899
27350	1182	60619	401	3365	0	65567
27351	1282	1948	190	57242	0	60662
27352	993	59519	293	2272	0	63077
27353	57671	1901	85	1478	0	61135
27354	57685	1084	88	891	0	59748
27355	3108	497	81	56098	0	59784
27356	1847	325	106	56919	0	59197
27357	54915	270	174	2790	0	58149
27358	2312	383	52960	1514	0	57169
27359	53439	212	1487	828	0	55966
27360	2500	294	831	51911	0	55536
27361	1548	353	48894	1874	0	52669
27362	48092	240	1433	1369	0	51134
27363	50228	221	815	819	0	52083
27364	2815	350	48236	602	0	52003
27365	47724	228	1360	700	0	50012
27366	2125	295	46249	549	0	49218
27367	1473	45896	1469	602	0	49440
27368	45626	1214	1087	650	0	48577
27369	44337	887	299	576	0	46099
27370	2135	42004	234	391	0	44764
27371	941	38188	271	293	0	39693
27372	34467	927	179	296	0	35869
27373	34840	404	63	266	0	35573
27374	1212	172	72	35964	0	37420
27375	656	239	35351	760	0	37006
27376	403	269	33870	436	0	34978
27377	34438	129	814	345	0	35726
27378	874	183	35559	309	0	36925
27379	33171	80	751	239	0	34241
27380	822	62	283	33094	0	34261
27381	519	63	152	33516	0	34250
27382	354	177	33761	791	0	35083
27383	33265	61	557	491	0	34374
27384	719	57	300	34844	0	35920
27385	499	47	167	36326	0	37039
27386	35719	45	124	865	0	36753
27387	35410	66	104	489	0	36069
27388	35537	57	89	316	0	35999
27389	896	36950	201	223	0	38270
27390	406	535	34810	150	0	35901
27391	33610	220	445	206	0	34481
27392	35314	93	219	202	0	35828
27393	715	34745	195	185	0	35840
27394	33604	324	58	169	0	34155
27395	465	165	64	32957	0	33651
27396	282	197	35694	351	0	36524
27397	34762	71	424	280	0	35537
27398	36486	55	174	217	0	36932
27399	37222	69	78	193	0	37562
27400	37224	57	75	147	0	37503
27401	581	44	78	37000	0	37703
27402	328	93	79	37113	0	37613
27403	37367	34	68	571	0	38040
27404	477	34	63	37415	0	37989
27405	315	32	72	37203	0	37622
27406	173	37017	143	587	0	37920
27407	188	319	63	37836	0	38406
27408	187	150	76	37909	0	38322
27409	206	49	61	38460	0	38776
27410	188	39	56	38569	0	38852
27411	142	37843	164	540	0	38689
27412	172	320	45	37343	0	37880
27413	164	189	57	36442	0	36852
27414	219	184	35457	489	0	36349
27415	158	186	33770	227	0	34341
27416	136	34661	480	147	0	35424
27417	41743	301	180	188	0	42412
27418	662	43318	176	129	0	44285
27419	363	648	83	44710	0	45804
27420	195	425	47576	698	0	48894
27421	50061	78	709	500	0	51348
27422	904	63	378	53274	0	54619
27423	54636	60	124	960	0	55780
27424	55091	51	74	588	0	55804
27425	1184	55732	204	226	0	57346
27426	55743	772	78	212	0	56805
27427	890	57892	192	147	0	59121
27428	537	1081	65	57851	0	59534
27429	185	59446	211	902	0	60744
27430	222	1100	58373	499	0	60194
27431	152	60180	948	208	0	61488
27432	267	1141	452	58285	0	60145
27433	58421	437	117	950	0	59925
27434	851	60440	198	591	0	62080
27435	627	907	66	61187	0	62787
27436	248	595	53	62464	0	63360
27437	186	322	62076	1489	0	64073
27438	245	135	1080	61548	0	63008
27439	221	257	62218	1136	0	63832
27440	56907	78	1080	870	0	58935
27441	1244	222	63349	240	0	65055
27442	783	63212	1183	431	0	65609
27443	422	1133	589	63192	0	65336
27444	402	636	171	63622	0	64831
27445	346	325	88	64870	0	65629
27446	64182	195	107	1888	0	66372
27447	1325	276	93	62655	0	64349
27448	712	63558	320	1234	0	65824
27449	62230	1279	118	840	0	64467
27450	1161	62129	251	399	0	63940
27451	830	1288	108	61346	0	63572
27452	61171	832	98	1321	0	63422
27453	1244	61048	258	884	0	63434
27454	719	63628	259	486	0	65092
27455	63344	1727	210	458	0	65739
27456	64187	784	173	538	0	65682
27457	1775	440	63493	450	0	66158
27458	63385	230	1269	444	0	65328
27459	1420	366	66268	339	0	68393
27460	938	314	1392	65990	0	68634
27461	369	424	67045	1497	0	69335
27462	381	272	1409	66793	0	68855
27463	318	408	67573	1669	0	69968
27464	425	221	1407	65806	0	67859
27465	359	224	816	68118	0	69517
27466	66079	306	279	2221	0	68885
27467	1528	380	65918	1090	0	68916
27468	61682	364	1397	603	0	64046
27469	1597	494	65793	508	0	68392
27470	1027	480	65526	406	0	67439
27471	476	408	1897	63846	0	66627
27472	65084	350	1006	1557	0	67997
27473	1457	65187	481	1010	0	68135
27474	64155	1398	245	520	0	66318
27475	64144	846	352	448	0	65790
27476	2201	63947	484	396	0	67028
27477	64080	1442	396	407	0	66325
27478	1669	1117	65255	481	0	68522
27479	1114	333	1527	65406	0	68380
27480	65788	271	965	1723	0	68747
27481	1522	66453	599	1257	0	69831
27482	1100	1360	394	65875	0	68729
27483	587	870	390	66492	0	68339
27484	595	358	413	67328	0	68694
27485	525	310	453	68015	0	69303
27486	66080	235	427	2425	0	69167
27487	66960	259	495	1332	0	69046
27488	67421	270	523	741	0	68955
27489	65286	263	410	749	0	66708
27490	2406	425	64495	533	0	67859
27491	63220	356	1503	596	0	65675
27492	65799	305	1027	562	0	67693
27493	2501	65339	601	601	0	69042
27494	1290	67120	612	551	0	69573
27495	936	2117	411	64373	0	67837
27496	755	1017	457	64745	0	66974
27497	626	628	63631	2257	0	67142
27498	672	64480	1695	1225	0	68072
27499	719	1558	1008	61701	0	64986
27500	602	65816	602	1657	0	68677
27501	683	1645	393	66675	0	69396
27502	687	966	356	66002	0	68011
27503	573	68338	568	2459	0	71938
27504	763	1530	409	69846	0	72548
27505	678	1103	70665	1982	0	74428
27506	699	509	69498	1360	0	72066
27507	65948	314	2409	820	0	69491
27508	71012	276	1330	758	0	73376
27509	2687	70206	715	580	0	74188
27510	71414	1557	394	627	0	73992
27511	2248	1058	378	70412	0	74096
27512	70692	476	358	1825	0	73351
27513	1986	69931	583	1383	0	73883
27514	1560	1758	68989	663	0	72970
27515	66011	1023	1755	730	0	69519
27516	2139	749	73414	565	0	76867
27517	1106	491	64403	439	0	66439
27518	578	436	64078	499	0	65591
27519	473	62390	2024	502	0	65389
27520	58458	1297	2195	543	0	62493
27521	56435	711	524	443	0	58113
27522	1693	321	275	55093	0	57382
27523	968	284	250	53537	0	55039
27524	439	55569	427	1549	0	57984
27525	56560	942	257	995	0	58754
27526	1192	57464	431	434	0	59521
27527	810	56477	416	365	0	58068
27528	57091	1303	272	460	0	59126
27529	1219	622	274	56162	0	58277
27530	864	243	277	56662	0	58046
27531	539	222	246	56729	0	57736
27532	406	55771	342	1398	0	57917
27533	55289	851	202	745	0	57087
27534	1142	693	189	53968	0	55992
27535	716	52345	301	864	0	54226
27536	360	53035	281	600	0	54276
27537	390	1064	162	50631	0	52247
27538	316	52509	281	758	0	53864
27539	370	795	208	52415	0	53788
27540	50117	513	177	901	0	51708
27541	764	410	50515	583	0	52272
27542	540	52015	771	349	0	53675
27543	403	691	412	52819	0	54325
27544	310	632	53273	755	0	54970
27545	49728	251	676	654	0	51309
27546	972	233	489	54138	0	55832
27547	54488	170	159	890	0	55707
27548	54210	208	144	656	0	55218
27549	1098	56086	287	1950	0	59421
27550	58792	684	135	383	0	59994
27551	58511	541	175	329	0	59556
27552	59080	279	136	329	0	59824
27553	1187	219	158	57466	0	59030
27554	690	227	162	57424	0	58503
27555	398	211	142	58147	0	58898
27556	303	408	56511	1175	0	58397
27557	264	56056	724	600	0	57644
27558	53580	626	390	393	0	54989
27559	574	55064	262	205	0	56105
27560	475	571	84	54897	0	56027
27561	265	529	54224	587	0	55605
27562	47003	350	511	577	0	48441
27563	570	54653	444	232	0	55899
27564	471	627	124	54263	0	55485
27565	263	399	87	54663	0	55412
27566	213	280	54105	807	0	55405
27567	177	54595	589	478	0	55839
27568	249	736	330	54333	0	55648
27569	244	388	135	55097	0	55864
27570	211	206	103	54570	0	55090
27571	51669	162	118	958	0	52907
27572	609	313	52930	466	0	54318
27573	416	53002	578	268	0	54264
27574	52162	508	367	289	0	53326
27575	513	52646	272	237	0	53668
27576	450	570	109	50783	0	51912
27577	248	53017	211	589	0	54065
27578	51166	574	70	474	0	52284
27579	52134	376	91	320	0	52921
27580	866	195	94	53832	0	54987
27581	531	162	87	55020	0	55800
27582	301	163	91	58195	0	58750
27583	228	316	58581	1241	0	60366
27584	207	61487	906	766	0	63366
27585	294	1357	519	73345	0	75515
27586	265	673	182	75646	0	76766
27587	272	247	121	77008	0	77648
27588	281	193	123	77301	0	77898
27589	241	339	75069	2287	0	77936
27590	208	78202	1522	1136	0	81068
27591	295	1603	820	80407	0	83125
27592	258	980	196	86673	0	88107
27593	227	518	84417	2865	0	88027
27594	274	277	1686	79949	0	82186
27595	202	82087	1221	2009	0	85519
27596	198	85716	529	1303	0	87746
27597	257	2620	172	83665	0	86714
27598	232	1326	81652	2110	0	85320
27599	71377	390	1761	1771	0	75299
27600	1658	80136	1245	889	0	83928
27601	992	1923	78742	652	0	82309
27602	376	1289	79492	587	0	81744
27603	251	77703	2687	563	0	81204
27604	490	1981	78328	553	0	81352
27605	515	1269	1950	74536	0	78270
27606	75004	447	1106	1890	0	78447
27607	76008	372	531	1191	0	78102
27608	75638	424	417	642	0	77121
27609	78372	380	384	551	0	79687
27610	2517	79364	456	553	0	82890
27611	79409	1776	398	643	0	82226
27612	1978	80153	564	791	0	83486
27613	1335	2125	78484	487	0	82431
27614	740	1230	1885	73560	0	77415
27615	416	80671	1340	1844	0	84271
27616	529	2011	552	77525	0	80617
27617	76465	1363	432	2259	0	80519
27618	1958	586	474	72926	0	75944
27619	1186	77515	486	2207	0	81394
27620	77735	1953	424	1549	0	81661
27621	2039	1352	77936	901	0	82228
27622	1465	676	1954	76992	0	81087
27623	690	687	1221	78492	0	81090
27624	75906	591	579	3029	0	80105
27625	1927	75241	649	1967	0	79784
27626	1259	2164	74277	934	0	78634
27627	811	1378	1951	73994	0	78134
27628	583	856	74151	2315	0	77905
27629	517	71519	2130	1759	0	75925
27630	514	74767	1448	1141	0	77870
27631	73269	2850	697	961	0	77777
27632	2007	1750	73367	997	0	78121
27633	73896	868	2295	1061	0	78120
27634	2221	715	1539	70501	0	74976
27635	1285	74505	1144	2261	0	79195
27636	73615	2244	757	1732	0	78348
27637	2155	1749	75790	1121	0	80815
27638	1663	970	2150	74022	0	78805
27639	959	776	1580	75219	0	78534
27640	922	807	874	73523	0	76126
27641	817	74266	914	3074	0	79071
27642	71406	2327	741	1859	0	76333
27643	2201	71414	879	1124	0	75618
27644	1516	72927	994	1004	0	76441
27645	1056	3005	803	71913	0	76777
27646	71414	1692	995	2492	0	76593
27647	71696	1010	798	1845	0	75349
27648	71590	1113	778	1127	0	74608
27649	3092	67404	931	983	0	72410
27650	1801	2342	733	67294	0	72170
27651	1140	1779	67925	2406	0	73250
27652	1277	920	2109	67226	0	71532
27653	1202	960	1451	64929	0	68542
27654	1132	67880	931	3060	0	73003
27655	67746	2420	721	2021	0	72908
27656	2500	1744	809	64890	0	69943
27657	1691	67927	935	2556	0	73109
27658	67383	2469	835	1964	0	72651
27659	2507	1836	66546	1276	0	72165
27660	64764	1131	2039	1289	0	69223
27661	2575	67609	1651	1223	0	73058
27662	68733	2441	805	1069	0	73048
27663	68883	1850	738	1013	0	72484
27664	3134	1493	67934	1002	0	73563
27665	68151	1111	2163	960	0	72385
27666	2749	1030	70876	1015	0	75670
27667	1973	1156	71254	916	0	75299
27668	68766	1073	2842	939	0	73620
27669	71331	979	1694	985	0	74989
27670	3470	1122	71329	904	0	76825
27671	2135	891	2467	68709	0	74202
27672	1475	916	1721	67745	0	71857
27673	1221	73519	1227	2916	0	78883
27674	72153	2260	932	1774	0	77119
27675	75062	1686	631	1121	0	78500
27676	3625	1175	74373	913	0	80086
27677	73213	914	2078	991	0	77196
27678	74929	1025	1440	926	0	78320
27679	3506	74347	1066	929	0	79848
27680	2125	2198	818	71787	0	76928
27681	1646	1532	717	70367	0	74262
27682	1416	845	649	69754	0	72664
27683	65405	712	701	2485	0	69303
27684	2024	62531	767	1455	0	66777
27685	993	1320	357	48597	0	51267
27686	691	49495	448	1054	0	51688
27687	622	2272	332	45978	0	49204
27688	607	47774	369	892	0	49642
27689	522	48645	377	712	0	50256
27690	43168	1000	609	471	0	45248
27691	42553	532	423	392	0	43900
27692	618	145	113	39015	0	39891
27693	368	112	117	39489	0	40086
27694	263	111	110	39964	0	40448
27695	221	111	101	40010	0	40443
27696	213	106	111	39229	0	39659
27697	152	38474	161	612	0	39399
27698	227	396	91	38925	0	39639
27699	213	252	79	39559	0	40103
27700	37337	228	91	606	0	38262
27701	570	113	76	38996	0	39755
27702	380	117	90	39008	0	39595
27703	217	203	39023	622	0	40065
27704	211	127	358	37795	0	38491
27705	202	162	201	39914	0	40479
27706	194	199	40131	624	0	41148
27707	166	40387	428	401	0	41382
27708	213	517	40682	218	0	41630
27709	188	301	39615	153	0	40257
27710	79	38421	495	106	0	39101
27711	39203	311	336	149	0	39999
27712	39220	222	56	142	0	39640
27713	462	73	32	38511	0	39078
27714	38306	39	56	434	0	38835
27715	378	163	39959	228	0	40728
27716	277	40	346	40035	0	40698
27717	198	190	45646	417	0	46451
27718	110	51	358	45553	0	46072
27719	118	62	215	46195	0	46590
27720	101	36	66	46920	0	47123
27721	45672	34	62	729	0	46497
27722	425	58	58	46709	0	47250
27723	46135	65	78	549	0	46827
27724	46096	66	65	438	0	46665
27725	571	46445	151	274	0	47441
27726	46796	381	60	242	0	47479
27727	451	48515	147	368	0	49481
27728	345	421	68	47315	0	48149
27729	203	272	67	47626	0	48168
27730	158	123	75	48332	0	48688
27731	135	201	46794	709	0	47839
27732	106	46845	488	408	0	47847
27733	172	450	268	44212	0	45102
27734	184	287	109	44440	0	45020
27735	100	46508	189	578	0	47375
27736	46431	404	76	423	0	47334
27737	457	45633	144	252	0	46486
27738	44238	424	79	300	0	45041
27739	466	46073	159	252	0	46950
27740	403	453	42	44296	0	45194
27741	151	46692	146	573	0	47562
27742	47326	445	62	507	0	48340
27743	47793	292	69	366	0	48520
27744	47742	126	76	329	0	48273
27745	47487	119	80	359	0	48045
27746	711	224	47752	229	0	48916
27747	47078	128	424	331	0	47961
27748	49218	107	245	338	0	49908
27749	49342	120	111	337	0	49910
27750	711	251	48307	212	0	49481
27751	46611	117	392	316	0	47436
27752	484	49259	382	234	0	50359
27753	49786	416	126	320	0	50648
27754	531	483	53493	219	0	54726
27755	52632	131	414	329	0	53506
27756	54678	138	242	304	0	55362
27757	695	115	129	54261	0	55200
27758	436	301	53779	529	0	55045
27759	54001	131	413	526	0	55071
27760	585	100	260	56416	0	57361
27761	432	243	155	57957	0	58787
27762	249	287	58936	756	0	60228
27763	51639	136	521	641	0	52937
27764	58054	112	300	385	0	58851
27765	738	59284	240	273	0	60535
27766	466	628	140	58688	0	59922
27767	298	350	102	58856	0	59606
27768	309	140	119	58370	0	58938
27769	232	60098	289	717	0	61336
27770	59641	470	116	650	0	60877
27771	642	348	92	59787	0	60869
27772	508	132	99	60068	0	60807
27773	57631	117	110	859	0	58717
27774	57394	125	104	567	0	58190
27775	780	97	159	58379	0	59415
27776	493	275	132	57781	0	58681
27777	228	385	55367	754	0	56734
27778	49429	120	505	650	0	50704
27779	610	57164	394	241	0	58409
27780	512	521	106	61330	0	62469
27781	353	338	72	62803	0	63566
27782	233	66332	239	1137	0	67941
27783	311	878	79	68254	0	69522
27784	71892	598	95	1217	0	73802
27785	1391	230	96	85452	0	87169
27786	901	141	90	87994	0	89126
27787	454	142	67	90023	0	90686
27788	278	359	87521	3129	0	91287
27789	366	120	1687	88670	0	90843
27790	303	336	88309	2319	0	91267
27791	224	86430	2080	1463	0	90197
27792	304	1767	1247	87346	0	90664
27793	321	1044	359	89063	0	90787
27794	251	468	175	90960	0	91854
27795	276	185	175	90454	0	91090
27796	238	142	152	91682	0	92214
27797	85147	141	134	3482	0	88904
27798	1852	329	87517	1769	0	91467
27799	1144	86026	1894	785	0	89849
27800	419	91815	1235	513	0	93982
27801	307	2787	345	90192	0	93631
27802	324	1310	164	92761	0	94559
27803	325	419	153	91663	0	92560
27804	167	90660	357	3224	0	94408
27805	329	1806	108	91933	0	94176
27806	196	1313	89460	2354	0	93323
27807	131	88285	1887	1625	0	91928
27808	327	1951	1025	89065	0	92368
27809	87162	1132	561	2223	0	91078
27810	1758	408	177	88583	0	90926
27811	1088	234	186	87801	0	89309
27812	388	84710	321	2951	0	88370
27813	309	89443	320	1696	0	91768
27814	299	2558	240	88879	0	91976
27815	297	1238	128	89833	0	91496
27816	158	743	88296	3180	0	92377
27817	275	319	5468	81105	0	87167
27818	251	283	1126	86669	0	88329
27819	296	295	501	86627	0	87719
27820	245	264	260	88274	0	89043
27821	84306	256	257	3724	0	88543
27822	85625	260	266	2198	0	88349
27823	2782	233	235	86546	0	89796
27824	1454	230	241	89155	0	91080
27825	86147	264	253	3829	0	90493
27826	2067	228	274	89870	0	92439
27827	1396	453	89964	3339	0	95152
27828	546	90844	2250	2442	0	96082
27829	441	1964	1377	93379	0	97161
27830	402	1337	636	95891	0	98266
27831	94072	721	430	4133	0	99356
27832	2106	513	386	97248	0	100253
27833	1359	502	292	99338	0	101491
27834	96934	390	303	4409	0	102036
27835	2235	431	288	98917	0	101871
27836	1371	98026	475	3552	0	103424
27837	777	2395	355	102910	0	106437
27838	583	1502	340	106239	0	108664
27839	561	706	390	106246	0	107903
27840	537	607	382	107164	0	108690
27841	355	924	101824	4651	0	107754
27842	362	960	100799	2933	0	105054
27843	448	563	3205	101982	0	106198
27844	444	569	1611	101109	0	103733
27845	263	101611	876	4523	0	107273
27846	481	2431	470	98650	0	102032
27847	357	100213	789	3600	0	104959
27848	98254	2592	510	2823	0	104179
27849	2191	103639	653	2172	0	108655
27850	1735	2715	343	106188	0	110981
27851	845	1667	292	109805	0	112609
27852	562	1084	106000	4637	0	112283
27853	96485	634	2258	3326	0	102703
27854	101051	656	1439	2234	0	105380
27855	3392	101979	951	1994	0	108316
27856	1986	2353	516	98869	0	103724
27857	926	1835	104840	3426	0	111027
27858	563	106343	2709	3084	0	112699
27859	105238	2411	1512	2118	0	111279
27860	105793	1561	615	2051	0	110020
27861	3615	1167	100972	1840	0	107594
27862	100618	517	2168	1808	0	105111
27863	3048	485	1398	101455	0	106386
27864	1863	102500	943	3392	0	108698
27865	101910	2329	422	2793	0	107454
27866	2777	1578	422	102262	0	107039
27867	103657	788	433	3579	0	108457
27868	107074	573	449	2969	0	111065
27869	3774	595	434	105091	0	109894
27870	2054	930	105868	3605	0	112457
27871	103711	505	2287	3178	0	109681
27872	109614	464	1455	2070	0	113603
27873	110546	580	694	1833	0	113653
27874	3972	111830	802	1942	0	118546
27875	2265	2511	431	111694	0	116901
27876	1237	1686	388	116264	0	119575
27877	807	1247	113224	4890	0	120168
27878	935	667	2457	110510	0	114569
27879	617	111232	1837	3688	0	117374
27880	106108	2329	662	2580	0	111679
27881	2251	107920	671	1719	0	112561
27882	1518	2437	104333	1248	0	109536
27883	686	106309	2410	1098	0	110503
27884	519	104686	1641	942	0	107788
27885	1387	1741	473	88276	0	91877
27886	88158	772	341	1320	0	90591
27887	87642	268	158	986	0	89054
27888	86459	199	185	563	0	87406
27889	1648	89563	353	450	0	92014
27890	884	1290	87255	370	0	89799
27891	86363	710	1001	511	0	88585
27892	90385	287	635	522	0	91829
27893	1653	90042	427	379	0	92501
27894	92763	1068	195	499	0	94525
27895	1416	718	184	92537	0	94855
27896	907	625	99312	1252	0	102096
27897	97726	269	1127	1141	0	100263
27898	100403	246	715	664	0	102028
27899	104049	226	295	570	0	105140
27900	2029	261	189	101440	0	103919
27901	1199	256	200	106707	0	108362
27902	621	245	163	111832	0	112861
27903	411	110452	480	2635	0	113978
27904	765	1941	264	112051	0	115021
27905	586	1128	167	124492	0	126373
27906	467	860	122827	3236	0	127390
27907	600	342	2152	123003	0	126097
27908	537	358	1278	126759	0	128932
27909	573	285	412	126821	0	128091
27910	603	311	304	125420	0	126638
27911	428	124046	661	3965	0	129100
27912	577	2283	253	126516	0	129629
27913	627	1390	227	127099	0	129343
27914	122351	465	287	3955	0	127058
27915	2538	725	122263	1816	0	127342
27916	1655	678	119111	810	0	122254
27917	115834	311	3347	868	0	120360
27918	122119	329	1543	741	0	124732
27919	3812	422	571	107613	0	112418
27920	1794	120711	588	2226	0	125319
27921	121776	2245	317	1429	0	125767
27922	2793	1429	267	117712	0	122201
27923	1599	122277	529	2397	0	126802
27924	121582	2125	277	1715	0	125699
27925	2467	123415	543	813	0	127238
27926	122327	2297	224	801	0	125649
27927	117842	1382	230	808	0	120262
27928	3437	115546	505	634	0	120122
27929	1807	2207	241	115567	0	119822
27930	968	1711	114326	2441	0	119446
27931	703	606	2061	113139	0	116509
27932	111895	418	1271	2851	0	116435
27933	2394	678	111653	1822	0	116547
27934	1503	111177	2308	1084	0	116072
27935	951	2209	1235	109606	0	114001
27936	682	1640	109650	2449	0	114421
27937	463	108382	2480	1761	0	113086
27938	107111	2121	1320	1167	0	111719
27939	2346	1275	560	108952	0	113133
27940	1570	521	379	110243	0	112713
27941	898	450	434	107234	0	109016
27942	528	108012	643	3610	0	112793
27943	107763	2126	322	1995	0	112206
27944	2246	107461	564	1019	0	111290
27945	1456	110144	555	900	0	113055
27946	109445	3087	267	917	0	113716
27947	110306	1638	266	910	0	113120
27948	3305	980	106823	761	0	111869
27949	103764	560	2048	858	0	107230
27950	104315	520	1240	776	0	106851
27951	3669	491	521	101154	0	105835
27952	1926	724	100208	2427	0	105285
27953	1151	506	2087	100280	0	104024
27954	101708	415	1285	2846	0	106254
27955	2627	715	104479	1791	0	109612
27956	1927	460	2375	114137	0	118899
27957	1188	514	1467	127109	0	130278
27958	991	512	556	138540	0	140599
27959	134239	467	514	6477	0	141697
27960	4374	136587	864	3045	0	144870
27961	136815	4336	462	1525	0	143138
27962	5013	2442	136630	1165	0	145250
27963	2673	892	4439	128872	0	136876
27964	1027	137231	2414	4623	0	145295
27965	138052	4530	748	2570	0	145900
27966	4964	2179	564	138594	0	146301
27967	2472	1288	135736	4945	0	144441
27968	1254	660	4324	135330	0	141568
27969	130039	637	2073	5530	0	138279
27970	4529	130243	1112	3105	0	138989
27971	2622	4766	577	114271	0	122236
27972	1038	130438	759	4265	0	136500
27973	127322	4589	439	2882	0	135232
27974	127400	2081	421	1375	0	131277
27975	5875	125408	826	1079	0	133188
27976	125844	4309	520	978	0	131651
27977	5174	2042	512	116254	0	123982
27978	2369	122885	742	4077	0	130073
27979	122922	4372	411	2150	0	129855
27980	125309	2042	393	1069	0	128813
27981	6127	119621	725	829	0	127302
27982	2699	122603	659	812	0	126773
27983	119602	5646	384	782	0	126414
27984	4965	2237	380	118799	0	126381
27985	120642	928	432	4480	0	126482
27986	5141	717	273	120860	0	126991
27987	2615	889	117894	4738	0	126136
27988	1458	645	4081	120551	0	126735
27989	116613	637	1774	5119	0	124143
27990	4809	904	117248	2374	0	125335
27991	2682	527	4304	115775	0	123288
27992	1402	516	1937	121881	0	125736
27993	1018	806	117484	6166	0	125474
27994	110357	519	4340	2733	0	117949
27995	4836	580	1947	115731	0	123094
27996	2323	800	108058	4701	0	115882
27997	98658	581	4406	2472	0	106117
27998	4449	107156	2291	1248	0	115144
27999	2140	107715	1180	1039	0	112074
28000	1098	109955	974	1100	0	113127
28001	973	5348	99362	895	0	106578
28002	992	2684	3565	94576	0	101817
28003	795	948	96205	4032	0	101980
28004	792	1999	3380	83798	0	89969
28005	619	83537	1677	3568	0	89401
28006	643	85515	795	1609	0	88562
28007	1047	4210	376	82534	0	88167
28008	83178	1589	337	3774	0	88878
28009	3502	931	352	85186	0	89971
28010	1645	661	309	84614	0	87229
28011	905	83947	571	4235	0	89658
28012	82662	3224	313	1881	0	88080
28013	3396	84795	574	1008	0	89773
28014	1810	3490	381	84291	0	89972
28015	1152	1533	395	84640	0	87720
28016	851	84231	617	4416	0	90115
28017	1047	3401	341	86030	0	90819
28018	85151	1663	305	4154	0	91273
28019	4012	1123	317	85714	0	91166
28020	2329	1080	387	84933	0	88729
28021	1458	83488	764	4326	0	90036
28022	1462	3352	650	85062	0	90526
28023	81371	1754	495	3879	0	87499
28024	83862	1227	439	2130	0	87658
28025	84542	1117	457	1395	0	87511
28026	5189	897	467	81482	0	88035
28027	2421	1004	79571	3917	0	86913
28028	1581	1046	80744	2181	0	85552
28029	1548	1018	4025	80020	0	86611
28030	80938	1084	1463	3954	0	87439
28031	4102	1041	655	81631	0	87429
28032	83393	975	551	4076	0	88995
28033	4463	943	473	82781	0	88660
28034	2686	890	530	85098	0	89204
28035	82933	1010	494	4713	0	89150
28036	4162	1198	80414	2185	0	87959
28037	80948	965	3203	1478	0	86594
28038	4218	1038	81527	1316	0	88099
28039	2460	778	3304	79629	0	86171
28040	79817	763	1565	3808	0	85953
28041	3942	1016	80726	1962	0	87646
28042	1980	1198	81418	1199	0	85795
28043	77501	898	4102	1273	0	83774
28044	3908	921	80649	1347	0	86825
28045	1974	78066	3746	1562	0	85348
28046	1335	3171	1663	81444	0	87613
28047	85159	1429	1090	4217	0	91895
28048	3520	1019	86625	2331	0	93495
28049	85993	638	3525	1637	0	91793
28050	89810	634	1845	1413	0	93702
28051	90219	658	1013	1601	0	93491
28052	90333	706	833	1562	0	93434
28053	4559	1036	848	83918	0	90361
28054	1994	83628	1038	5033	0	91693
28055	80755	2928	850	2293	0	86826
28056	2858	1163	69519	1203	0	74743
28057	714	52509	1086	590	0	54899
28058	46288	565	746	384	0	47983
28059	573	44513	289	283	0	45658
28060	366	47624	184	267	0	48441
28061	1153	643	772	45926	0	48494
28062	263	250	215	48267	0	48995
28063	222	128	114	48630	0	49094
28064	49416	75	112	837	0	50440
28065	51264	83	129	473	0	51949
28066	961	91	130	53133	0	54315
28067	537	91	107	57337	0	58072
28068	275	191	60101	1265	0	61832
28069	56920	73	1024	681	0	58698
28070	62192	88	502	305	0	63087
28071	1536	82	164	61323	0	63105
28072	688	69	138	62055	0	62950
28073	293	458	60646	1530	0	62927
28074	325	74	1064	60441	0	61904
28075	291	203	62310	1182	0	63986
28076	264	61164	1254	735	0	63417
28077	253	1006	61821	252	0	63332
28078	251	583	1100	59634	0	61568
28079	191	287	63262	1097	0	64837
28080	187	233	61205	573	0	62198
28081	59335	216	1467	269	0	61287
28082	1140	104	586	64644	0	66474
28083	591	194	64832	1183	0	66800
28084	57488	81	1146	761	0	59476
28085	1165	195	64972	264	0	66596
28086	630	209	70841	266	0	71946
28087	263	72832	1623	262	0	74980
28088	306	921	591	71968	0	73786
28089	262	541	72060	1030	0	73893
28090	263	272	71005	578	0	72118
28091	259	87	1454	69651	0	71451
28092	272	91	620	69406	0	70389
28093	180	71503	462	1551	0	73696
28094	261	1004	244	72324	0	73833
28095	72866	448	247	1259	0	74820
28096	72577	123	244	816	0	73760
28097	73925	107	241	471	0	74744
28098	1525	188	251	71260	0	73224
28099	641	73274	387	1190	0	75492
28100	72566	922	306	763	0	74557
28101	1127	73917	435	375	0	75854
28102	629	72820	389	337	0	74175
28103	302	74160	411	369	0	75242
28104	73475	1290	328	448	0	75541
28105	1116	553	339	72822	0	74830
28106	642	205	366	72229	0	73442
28107	248	73444	480	1441	0	75613
28108	70318	1004	418	749	0	72489
28109	1168	683	70679	334	0	72864
28110	665	199	1212	70435	0	72511
28111	70381	146	744	1319	0	72590
28112	1065	71906	576	745	0	74292
28113	75159	994	371	587	0	77111
28114	1268	510	390	73856	0	76024
28115	655	77138	513	1145	0	79451
28116	436	1163	75196	706	0	77501
28117	72971	537	1184	512	0	75204
28118	1231	283	785	77445	0	79744
28119	78971	250	398	1370	0	80989
28120	1256	273	332	78084	0	79945
28121	693	78402	553	1315	0	80963
28122	439	1277	80716	784	0	83216
28123	440	806	81548	559	0	83353
28124	419	311	1446	81252	0	83428
28125	83764	270	666	1442	0	86142
28126	84185	275	351	926	0	85737
28127	1659	243	330	83108	0	85340
28128	912	244	377	84081	0	85614
28129	85069	210	349	1753	0	87381
28130	1389	277	336	85699	0	87701
28131	85784	258	347	1508	0	87897
28132	1318	84439	558	945	0	87260
28133	83432	1113	371	686	0	85602
28134	1381	905	85367	580	0	88233
28135	965	381	1283	84690	0	87319
28136	655	323	824	87320	0	89122
28137	657	296	482	87247	0	88682
28138	509	85777	681	1892	0	88859
28139	563	80242	646	1294	0	82745
28140	546	1528	525	86643	0	89242
28141	439	938	86930	1583	0	89890
28142	600	456	1599	87566	0	90221
28143	564	369	934	91194	0	93061
28144	545	449	582	92304	0	93880
28145	86706	375	606	1959	0	89646
28146	1359	87453	715	1015	0	90542
28147	848	88590	781	724	0	90943
28148	728	1675	560	85921	0	88884
28149	706	756	515	88998	0	90975
28150	718	407	449	88627	0	90201
28151	663	375	463	89620	0	91121
28152	85698	425	492	1963	0	88578
28153	1261	87616	714	1361	0	90952
28154	87797	1222	507	813	0	90339
28155	89768	765	593	824	0	91950
28156	1772	404	404	89087	0	91667
28157	996	405	334	91007	0	92742
28158	88791	386	315	2024	0	91516
28159	89162	367	317	1278	0	91124
28160	1919	389	209	86498	0	89015
28161	1104	377	161	87089	0	88731
28162	692	504	85335	1730	0	88261
28163	645	83790	1036	1100	0	86571
28164	568	87470	623	583	0	89244
28165	82851	1068	167	579	0	84665
28166	986	694	86533	414	0	88627
28167	614	446	79945	306	0	81311
28168	70625	262	695	392	0	71974
28169	77026	95	371	339	0	77831
28170	566	85854	236	264	0	86920
28171	269	90193	240	359	0	91061
28172	287	623	107	91120	0	92137
28173	95556	270	98	805	0	96729
28174	96802	121	53	545	0	97521
28175	97910	103	52	414	0	98479
28176	731	155	65	97269	0	98220
28177	418	128	58	99083	0	99687
28178	271	374	97834	887	0	99366
28179	238	346	92809	489	0	93882
28180	263	304	98553	213	0	99333
28181	387	144	655	96751	0	97937
28182	95203	78	378	766	0	96425
28183	504	386	101285	479	0	102654
28184	352	81	489	99902	0	100824
28185	150	104077	467	508	0	105202
28186	226	433	146	101253	0	102058
28187	186	254	82	102233	0	102755
28188	253	393	105300	854	0	106800
28189	204	93	730	103978	0	105005
28190	106999	94	383	1072	0	108548
28191	918	443	114156	473	0	115990
28192	643	106	900	113997	0	115646
28193	245	364	118062	1086	0	119757
28194	187	118729	1276	710	0	120902
28195	274	1332	119633	531	0	121770
28196	360	612	1236	112359	0	114567
28197	210	193	703	121822	0	122928
28198	205	484	125947	1744	0	128380
28199	273	161	1309	122540	0	124283
28200	292	181	776	122110	0	123359
28201	189	123315	552	1902	0	125958
28202	378	1518	123501	955	0	126352
28203	330	690	1374	121834	0	124228
28204	297	234	801	124143	0	125475
28205	175	126032	531	2237	0	128975
28206	287	1397	225	127480	0	129389
28207	127571	746	245	1714	0	130276
28208	1445	232	271	128297	0	130245
28209	796	460	128462	1723	0	131441
28210	120378	166	1487	1337	0	123368
28211	132980	187	847	748	0	134762
28212	2360	455	135597	557	0	138969
28213	126145	186	1811	780	0	128922
28214	1802	139144	1293	592	0	142831
28215	1222	1729	485	140853	0	144289
28216	581	994	340	149959	0	151874
28217	477	354	361	149490	0	150682
28218	444	227	351	151880	0	152902
28219	523	236	334	151696	0	152789
28220	147591	186	370	3726	0	151873
28221	2186	563	147806	1800	0	152355
28222	137688	224	2264	1190	0	141366
28223	2382	581	145797	1036	0	149796
28224	1529	204	2433	143688	0	147854
28225	145202	201	1417	2719	0	149539
28226	2484	316	676	142465	0	145941
28227	1379	146800	886	2528	0	151593
28228	152821	2089	483	1873	0	157266
28229	2556	1276	511	158327	0	162670
28230	1508	789	152657	2785	0	157739
28231	140086	315	2302	2106	0	144809
28232	2457	162041	1632	1108	0	167238
28233	1610	2664	166230	826	0	171330
28234	915	1359	2669	162971	0	167914
28235	860	489	1648	159222	0	162219
28236	575	164013	965	3901	0	169454
28237	648	2807	163937	2109	0	169501
28238	682	1763	2594	162490	0	167529
28239	560	993	170959	3240	0	175752
28240	722	427	2828	167878	0	171855
28241	653	354	1708	170243	0	172958
28242	678	721	167940	4405	0	173744
28243	845	327	2899	165814	0	169885
28244	1168	850	2321	141498	0	145837
28245	847	306	1015	180269	0	182437
28246	848	306	818	181827	0	183799
28247	171908	287	839	5465	0	178499
28248	3215	733	172479	2816	0	179243
28249	173564	431	3209	1872	0	179076
28250	3767	479	2081	184107	0	190434
28251	2371	392	983	187993	0	191739
28252	1167	433	849	185014	0	187463
28253	789	184056	1192	6433	0	192470
28254	186774	3416	901	3331	0	194422
28255	3657	1982	965	192039	0	198643
28256	2104	194400	1361	4281	0	202146
28257	1163	3204	835	196012	0	201214
28258	196150	1974	872	4903	0	203899
28259	196220	871	923	3341	0	201355
28260	196363	620	959	2173	0	200115
28261	5165	196283	1308	1950	0	204706
28262	2542	3622	196460	1819	0	204443
28263	191942	1987	3600	2009	0	199538
28264	199208	730	2245	2090	0	204273
28265	5187	202234	1437	1790	0	210648
28266	199667	3446	860	2111	0	206084
28267	197976	2007	790	1941	0	202714
28268	202376	714	735	1986	0	205811
28269	5773	211148	1084	1907	0	219912
28270	3252	3486	777	208663	0	216178
28271	213845	2120	760	4791	0	221516
28272	219799	792	696	3264	0	224551
28273	216532	635	682	2164	0	220013
28274	218331	702	592	1944	0	221569
28275	6527	725	586	213419	0	221257
28276	3279	1087	211899	4919	0	221184
28277	1989	609	3897	207623	0	214118
28278	1509	214107	2697	5009	0	223322
28279	1690	4053	916	219846	0	226505
28280	1483	2716	219768	5281	0	229248
28281	211914	833	4309	3501	0	220557
28282	5370	665	2471	222157	0	230663
28283	219590	708	1005	5137	0	226440
28284	221993	702	904	3576	0	227175
28285	7092	912	754	224071	0	232829
28286	3979	1040	227328	5058	0	237405
28287	2513	1204	214729	3345	0	221791
28288	199033	810	5714	2107	0	207664
28289	4908	218223	3010	1624	0	227765
28290	3123	217850	1201	1381	0	223555
28291	1842	219142	1088	1462	0	223534
28292	1736	226256	1118	1415	0	230525
28293	217603	5500	1538	1661	0	226302
28294	219237	2307	755	1530	0	223829
28295	220059	955	488	1398	0	222900
28296	220958	838	578	1303	0	223677
28297	6392	774	581	209555	0	217302
28298	3138	210762	1052	3735	0	218687
28299	208828	3378	693	2675	0	215574
28300	4351	2490	209185	1246	0	217272
28301	2924	208336	3708	1472	0	216440
28302	1927	3826	210047	1145	0	216945
28303	200835	1983	3537	1338	0	207693
28304	211756	899	2059	1366	0	216080
28305	211751	812	909	1280	0	214752
28306	6291	695	644	208860	0	216490
28307	3498	1092	211290	3691	0	219571
28308	2141	211402	3713	2566	0	219822
28309	204112	3400	2140	1436	0	211088
28310	4253	209460	1250	1271	0	216234
28311	2711	202669	840	1410	0	207630
28312	1804	203391	912	1059	0	207166
28313	1723	202979	839	1161	0	206702
28314	1865	4505	188572	916	0	195858
28315	1568	196946	3248	1039	0	202801
28316	184525	2900	1577	1212	0	190214
28317	3564	1811	643	186337	0	192355
28318	2576	1094	596	189791	0	194057
28319	186077	763	598	4055	0	191493
28320	3407	186269	950	2339	0	192965
28321	2540	3269	187916	985	0	194710
28322	1940	1900	2655	184538	0	191033
28323	1926	902	1603	190766	0	195197
28324	1858	830	765	194738	0	198191
28325	1555	1372	189858	3920	0	196705
28326	1605	1366	190398	1902	0	195271
28327	1864	898	3600	187658	0	194020
28328	1659	1231	187200	2852	0	192942
28329	1559	1315	177584	1620	0	182078
28330	142761	1083	3767	1341	0	148952
28331	3300	178450	2107	980	0	184837
28332	2192	174998	1093	774	0	179057
28333	1625	181762	1015	966	0	185368
28334	1720	3870	679	166667	0	172936
28335	1407	183724	1108	2244	0	188483
28336	183177	2846	832	1843	0	188698
28337	3339	2308	187923	825	0	194395
28338	184642	1139	2906	980	0	189667
28339	3726	982	1832	192154	0	198694
28340	2670	988	858	190156	0	194672
28341	1464	201519	1178	4014	0	208175
28342	200160	3345	829	2357	0	206691
28343	199464	2206	1102	1255	0	204027
28344	5569	213115	1139	996	0	220819
28345	23711	3646	615	180909	0	208881
28346	1731	2626	206362	3086	0	213805
28347	1423	1489	209057	2064	0	214033
28348	1110	210744	5263	1124	0	218241
28349	207127	4138	2482	1136	0	214883
28350	4001	2587	211154	692	0	218434
28351	3073	962	3483	201836	0	209354
28352	210995	787	2302	3573	0	217657
28353	213328	828	909	2385	0	217450
28354	5492	255791	1178	894	0	263355
28355	2764	266494	1122	867	0	271247
28356	265206	7425	726	828	0	274185
28357	5974	3914	266127	558	0	276573
28358	262971	1615	5446	817	0	270849
28359	269475	1042	2930	750	0	274197
28360	8194	1044	996	265328	0	275562
28361	3762	1311	272606	5266	0	282945
28362	1669	1163	271656	2867	0	277355
28363	251364	742	8124	1300	0	261530
28364	6220	1410	271082	713	0	279425
28365	247539	806	5955	963	0	255263
28366	259169	710	4612	891	0	265382
28367	7700	261120	1935	867	0	271622
28368	4063	5596	261473	634	0	271766
28369	1587	254186	6071	978	0	262822
28370	244309	5555	3400	990	0	254254
28371	5862	3604	243618	548	0	253632
28372	3873	1550	5369	226350	0	237142
28373	1766	1231	240371	4986	0	248354
28374	1473	1169	240843	2755	0	246240
28375	1711	1074	241083	866	0	244734
28376	1663	1051	240708	640	0	244062
28377	1335	229588	8230	1064	0	240217
28378	1589	5321	231190	740	0	238840
28379	1395	226728	5978	1056	0	235157
28380	1672	5430	223609	695	0	231406
28381	217279	2945	6169	690	0	227083
28382	6171	1261	3608	191372	0	202412
28383	3590	225470	2214	4050	0	235324
28384	222659	5009	1767	2492	0	231927
28385	223142	3120	2071	1095	0	229428
28386	211437	1525	1855	992	0	215809
28387	217849	1238	2105	844	0	222036
28388	7846	216968	2417	998	0	228229
28389	212175	5204	1809	925	0	220113
28390	216253	3317	2067	1005	0	222642
28391	7887	208052	2385	1166	0	219490
28392	4254	5930	202580	752	0	213516
28393	2872	3661	5961	186848	0	199342
28394	2390	205138	4743	4432	0	216703
28395	2301	5806	207718	2613	0	218438
28396	2473	4008	211005	1151	0	218637
28397	2315	205297	9173	1023	0	217808
28398	2431	208749	5209	898	0	217287
28399	2380	218458	3399	1315	0	225552
28400	2559	219572	2753	971	0	225855
28401	213277	8796	2751	938	0	225762
28402	217584	4859	2554	1019	0	226016
28403	9502	2671	220288	1004	0	233465
28404	5546	2682	225750	776	0	234754
28405	3830	2124	9640	211720	0	227314
28406	3525	2371	5502	221062	0	232460
28407	3648	2337	3014	226134	0	235133
28408	220817	2302	3099	7862	0	234080
28409	7850	225157	3380	4065	0	240452
28410	5606	235412	3358	1738	0	246114
28411	3661	241482	3653	1258	0	250054
28412	233375	10007	3013	1271	0	247666
28413	239776	5400	3280	1203	0	249659
28414	11288	3360	3015	231798	0	249461
28415	240064	2670	3510	6120	0	252364
28416	241828	2870	3295	3881	0	251874
28417	11611	3003	3178	237079	0	254871
28418	239022	3349	3247	6742	0	252360
28419	9241	236091	4253	3989	0	253574
28420	7079	7763	4160	233197	0	252199
28421	4748	5888	233476	6119	0	250231
28422	4197	231170	9813	4296	0	249476
28423	4537	8754	235107	2348	0	250746
28424	4718	5695	9672	207076	0	227161
28425	4275	234286	7894	6254	0	252709
28426	4982	7871	5433	229025	0	247311
28427	4851	5835	4882	234860	0	250428
28428	4549	3820	233191	9582	0	251142
28429	4419	3641	245888	4745	0	258693
28430	4587	3288	11857	233684	0	253416
28431	4791	3423	7487	215836	0	231537
28432	4272	239452	5469	9010	0	258203
28433	221950	8864	4255	4675	0	239744
28434	9341	233498	4711	2765	0	250315
28435	6618	235641	4194	2429	0	248882
28436	4386	11063	223302	2619	0	241370
28437	3278	225495	8906	2690	0	240369
28438	3881	8473	6997	191168	0	210519
28439	3502	219254	5029	6313	0	234098
28440	3630	7996	3920	197308	0	212854
28441	2683	210668	4303	6517	0	224171
28442	204893	8293	3597	4069	0	220852
28443	7648	211214	3951	2665	0	225478
28444	4754	7633	3114	173922	0	189423
28445	3207	195665	3256	5331	0	207459
28446	190070	7519	2940	3371	0	203900
28447	189731	5539	1920	2223	0	199413
28448	8947	189519	2462	2096	0	203024
28449	182919	7033	1420	1740	0	193112
28450	7392	6427	1429	173512	0	188760
28451	5031	3368	175806	5639	0	189844
28452	3882	3126	177726	3237	0	187971
28453	3372	176381	7610	2290	0	189653
28454	124734	3649	3234	1595	0	133212
28455	124328	2124	794	1252	0	128498
28456	4143	1434	122904	1083	0	129564
28457	2157	1331	121948	1021	0	126457
28458	111938	1191	3625	1120	0	117874
28459	120756	1187	1798	1093	0	124834
28460	3705	1395	119297	1050	0	125447
28461	105686	1318	2799	1095	0	110898
28462	2729	112926	1874	979	0	118508
28463	1651	119049	1003	1026	0	122729
28464	992	4016	870	114470	0	120348
28465	903	2320	835	118060	0	122118
28466	116239	1370	854	3804	0	122267
28467	116628	1242	974	2144	0	120988
28468	117092	1309	885	1367	0	120653
28469	3798	1368	768	115355	0	121289
28470	2185	1381	703	114399	0	118668
28471	1316	111113	867	3643	0	116939
28472	1165	114739	1016	1978	0	118898
28473	1043	119068	985	1286	0	122382
28474	1496	4027	812	105414	0	111749
28475	1214	114973	958	2582	0	119727
28476	1418	3533	109453	1700	0	116104
28477	98370	2360	2435	1331	0	104496
28478	3119	1831	113329	1005	0	119284
28479	2132	1699	112126	981	0	116938
28480	102451	1551	3526	1043	0	108571
28481	2998	112566	1870	1090	0	118524
28482	113388	3168	898	1048	0	118502
28483	113457	2297	797	1131	0	117682
28484	4162	1649	111194	1012	0	118017
28485	2517	1508	114888	849	0	119762
28486	1678	114749	3699	1201	0	121327
28487	1895	3324	117048	1062	0	123329
28488	1767	2136	2894	114830	0	121627
28489	1726	1583	2092	99409	0	104810
28490	1432	117147	1551	3410	0	123540
28491	1446	122013	1382	1846	0	126687
28492	118646	4337	974	1222	0	125179
28493	123142	2453	1151	1213	0	127959
28494	4432	1537	1069	121743	0	128781
28495	2716	1374	1182	124656	0	129928
28496	119259	1201	1230	3667	0	125357
28497	120695	1235	1185	1947	0	125062
28498	4140	122768	1392	1172	0	129472
28499	114603	2714	961	881	0	119159
28500	3205	111049	1019	715	0	115988
28501	2012	113885	962	1001	0	117860
28502	112281	3417	719	837	0	117254
28503	111960	1898	812	943	0	115613
28504	3764	1208	667	108748	0	114387
28505	108313	958	603	2297	0	112171
28506	3032	1247	106657	1305	0	112241
28507	2053	106788	2109	1212	0	112162
28508	102641	2124	1154	1111	0	107030
28509	2458	1482	104850	846	0	109636
28510	1553	1267	1629	91786	0	96235
28511	1056	97043	1105	1459	0	100663
28512	1103	100504	670	881	0	103158
28513	99184	2126	792	678	0	102780
28514	1902	1235	97511	433	0	101081
28515	90527	521	1429	365	0	92842
28516	1896	421	960	93487	0	96764
28517	1241	598	93479	1146	0	96464
28518	87486	398	1551	969	0	90404
28519	1672	98453	994	679	0	101798
28520	1012	103576	727	342	0	105657
28521	104007	1779	487	487	0	106760
28522	104263	900	317	556	0	106036
28523	107573	509	282	643	0	109007
28524	2163	388	306	104124	0	106981
28525	1384	385	329	105920	0	108018
28526	866	494	105121	1529	0	108010
28527	897	547	103108	886	0	105438
28528	719	104715	1598	600	0	107632
28529	562	1074	568	97763	0	99967
28530	96409	555	456	1014	0	98434
28531	900	96912	324	617	0	98753
28532	644	896	210	97024	0	98774
28533	95473	546	216	985	0	97220
28534	946	97586	299	694	0	99525
28535	679	103612	276	342	0	104909
28536	547	1338	97540	233	0	99658
28537	92694	599	814	384	0	94491
28538	100207	293	552	547	0	101599
28539	1238	458	99271	230	0	101197
28540	88494	301	707	315	0	89817
28541	881	474	99354	235	0	100944
28542	531	97994	817	167	0	99509
28543	495	658	550	96205	0	97908
28544	94431	383	226	726	0	95766
28545	733	96385	347	375	0	97840
28546	511	96588	263	205	0	97567
28547	90886	786	158	264	0	92094
28548	680	603	98087	156	0	99526
28549	89311	177	506	403	0	90397
28550	557	101841	553	252	0	103203
28551	420	812	96981	114	0	98327
28552	94276	360	524	287	0	95447
28553	101536	150	273	216	0	102175
28554	838	227	149	99031	0	100245
28555	484	159	97	101486	0	102226
28556	258	101293	231	770	0	102552
28557	293	839	99513	402	0	101047
28558	335	358	577	100445	0	101715
28559	335	357	108128	828	0	109648
28560	244	336	108285	492	0	109357
28561	317	290	1148	111285	0	113040
28562	255	360	117371	1030	0	119016
28563	498	396	117391	561	0	118846
28564	319	139	1563	109332	0	111353
28565	200	348	118295	1063	0	119906
28566	100495	153	1337	754	0	102739
28567	1094	114725	833	474	0	117126
28568	677	1304	118200	185	0	120366
28569	380	876	129145	165	0	130566
28570	372	272	1653	119881	0	122178
28571	133420	149	736	1278	0	135583
28572	133990	168	290	711	0	135159
28573	133854	196	223	397	0	134670
28574	134522	157	291	356	0	135326
28575	1768	161	236	130382	0	132547
28576	846	447	134260	1141	0	136694
28577	130727	172	1175	845	0	132919
28578	137065	131	663	451	0	138310
28579	138455	152	302	449	0	139358
28580	1893	398	135305	247	0	137843
28581	120156	214	1404	450	0	122224
28582	1429	154	840	143131	0	145554
28583	808	148416	670	1431	0	151325
28584	572	1396	394	141012	0	143374
28585	313	148411	617	1508	0	150849
28586	146339	1462	527	979	0	149307
28587	1727	1058	149470	436	0	152691
28588	968	274	1862	139397	0	142501
28589	367	149083	1282	1530	0	152262
28590	280	153411	744	894	0	155329
28591	151632	2333	527	536	0	155028
28592	151971	934	568	443	0	153916
28593	2553	605	147515	327	0	151000
28594	146845	240	1975	420	0	149480
28595	2307	249	1066	149386	0	153008
28596	1381	506	154758	1858	0	158503
28597	871	505	154161	1020	0	156557
28598	820	153	2721	156113	0	159807
28599	169296	148	1386	2363	0	173193
28600	2685	130	494	169863	0	173172
28601	1757	155	406	170618	0	172936
28602	928	270	494	168351	0	170043
28603	696	170493	714	3260	0	175163
28604	803	2104	418	172529	0	175854
28605	164010	1173	457	2715	0	168355
28606	2395	170482	668	1612	0	175157
28607	1624	2277	392	171576	0	175869
28608	167998	1359	432	2741	0	172530
28609	2489	167752	682	1554	0	172477
28610	1502	171392	723	871	0	174488
28611	864	3473	453	169512	0	174302
28612	163246	1629	449	3454	0	168778
28613	2649	977	167146	1625	0	172397
28614	1770	795	164974	647	0	168186
28615	161228	531	3693	702	0	166154
28616	172310	428	1788	832	0	175358
28617	4067	176203	1034	608	0	181912
28618	2193	2781	637	168382	0	173993
28619	1059	1748	172444	2632	0	177883
28620	935	805	168256	1745	0	171741
28621	1408	639	179556	933	0	182536
28622	783	175680	4747	814	0	182024
28623	738	178351	2341	963	0	182393
28624	175049	3959	816	1106	0	180930
28625	3270	2120	177641	834	0	183865
28626	170115	733	3103	1046	0	174997
28627	177080	531	1734	1097	0	180442
28628	4663	884	181399	929	0	187875
28629	2261	185697	3402	1074	0	192434
28630	1307	3382	1836	177276	0	183801
28631	1142	2382	187506	3316	0	194346
28632	1081	1394	180919	2027	0	185421
28633	165120	1116	4464	1302	0	172002
28634	3499	184986	2381	1099	0	191965
28635	2426	3537	877	176631	0	183471
28636	1427	2295	778	171522	0	176022
28637	1083	181213	1201	4371	0	187868
28638	1149	186831	1173	2179	0	191332
28639	1183	189928	1290	1093	0	193494
28640	1342	5066	925	190327	0	197660
28641	192748	2363	922	4012	0	200045
28642	4381	1091	917	195163	0	201552
28643	2609	1304	195465	4271	0	203649
28644	1417	1110	195001	2505	0	200033
28645	1331	862	5730	194671	0	202594
28646	1165	1252	199031	4218	0	205666
28647	1161	197527	4901	2937	0	206526
28648	1376	4153	2687	201591	0	209807
28649	209140	2465	1386	4795	0	217786
28650	205164	1194	1162	3072	0	210592
28651	6484	208882	1455	1601	0	218422
28652	211832	4726	1060	1468	0	219086
28653	213578	2813	1035	1581	0	219007
28654	214833	1209	1077	1663	0	218782
28655	7318	1686	193209	1251	0	203464
28656	194306	1184	4392	1449	0	201331
28657	5097	201801	3074	1482	0	211454
28658	3010	4794	202016	1143	0	210963
28659	1601	2977	202697	1177	0	208452
28660	1353	199777	6706	1405	0	209241
28661	195981	4633	3371	1384	0	205369
28662	5013	2589	1365	184787	0	193754
28663	2780	188772	1444	4375	0	197371
28664	191932	4360	1054	2932	0	200278
28665	4817	2744	1076	192298	0	200935
28666	193809	1245	1199	4947	0	201200
28667	4993	1508	1242	195920	0	203663
28668	3070	1506	191973	5066	0	201615
28669	1557	1557	186432	2998	0	192544
28670	1599	1508	190251	1446	0	194804
28671	1724	1356	6750	175841	0	185671
28672	1764	1374	3265	187967	0	194370
28673	1843	1653	185853	6310	0	195659
28674	1903	184527	5231	3167	0	194828
28675	189417	4863	3137	1393	0	198810
28676	187748	3103	1748	1274	0	193873
28677	7257	190879	1990	1257	0	201383
28678	4204	5197	1694	186688	0	197783
28679	2181	3335	194909	4600	0	205025
28680	182784	1495	5661	3136	0	193076
28681	5623	1528	196788	1613	0	205552
28682	3470	1484	182474	926	0	188354
28683	1933	1493	185638	963	0	190027
28684	168090	1173	7122	1139	0	177524
28685	5277	1481	181794	1038	0	189590
28686	3343	173525	5377	1060	0	183305
28687	1944	181794	3545	976	0	188259
28688	2067	6095	2098	170361	0	180621
28689	1878	2912	1579	175067	0	181436
28690	1599	1608	174854	5704	0	183765
28691	161132	1172	4859	3108	0	170271
28692	176259	1158	3223	1479	0	182119
28693	6425	1129	1975	173485	0	183014
28694	173079	891	1816	4280	0	180066
28695	4797	172320	1949	2805	0	181871
28696	169766	4151	1550	1541	0	177008
28697	4812	167673	1776	1505	0	175766
28698	2793	166913	1704	1249	0	172659
28699	159951	5210	1271	1326	0	167758
28700	160910	2474	1518	1239	0	166141
28701	165056	1163	1556	1125	0	168900
28702	166052	958	1656	1109	0	169775
28703	6130	1236	157115	1018	0	165499
28704	151400	894	4576	1077	0	157947
28705	4712	1104	2917	149116	0	157849
28706	2879	156744	2050	3544	0	165217
28707	155860	3768	1477	2336	0	163441
28708	4321	157463	1757	1213	0	164754
28709	157576	3970	1359	1158	0	164063
28710	4792	2376	1283	154280	0	162731
28711	3222	1341	1459	157152	0	163174
28712	2075	1294	154175	5090	0	162634
28713	2036	1363	154616	2612	0	160627
28714	1829	155247	5499	1508	0	164083
28715	147314	3487	2804	1227	0	154832
28716	4379	149468	1712	1405	0	156964
28717	3162	150386	1465	1112	0	156125
28718	2250	157991	1368	1078	0	162687
28719	2546	5306	149595	785	0	158232
28720	2120	155097	3750	837	0	161804
28721	143837	3714	2333	922	0	150806
28722	144795	2302	1232	910	0	149239
28723	5510	1301	1128	136793	0	144732
28724	3140	139828	1441	3056	0	147465
28725	2170	143473	1392	1896	0	148931
28726	2263	4438	1095	140142	0	147938
28727	2214	2571	141944	3170	0	149899
28728	1956	138538	3601	2025	0	146120
28729	2255	3507	1996	133011	0	140769
28730	131895	2369	1055	3252	0	138571
28731	132052	1488	1102	2189	0	136831
28732	4705	134799	1427	1198	0	142129
28733	135106	3571	1113	1188	0	140978
28734	136258	2214	1102	1141	0	140715
28735	5139	1408	1191	131203	0	138941
28736	2845	1533	130101	3053	0	137532
28737	1791	133167	3499	2125	0	140582
28738	1764	3799	2085	130318	0	137966
28739	1629	2746	129963	2636	0	136974
28740	1524	126916	2834	1657	0	132931
28741	121974	3008	1788	900	0	127670
28742	123182	2100	938	852	0	127072
28743	3947	1520	757	119278	0	125502
28744	2333	123404	1099	2434	0	129270
28745	1655	2965	122068	1555	0	128243
28746	1588	2116	2500	119228	0	125432
28747	1444	1539	123850	2236	0	129069
28748	1052	114642	2169	1470	0	119333
28749	1578	1897	1162	107662	0	112299
28750	106605	1382	870	1671	0	110528
28751	1923	106146	754	1148	0	109971
28752	104021	1782	450	789	0	107042
28753	102422	1389	490	674	0	104975
28754	2514	107070	599	675	0	110858
28755	1779	1747	534	106727	0	110787
28756	1219	1418	474	106709	0	109820
28757	963	105193	665	2094	0	108915
28758	890	107485	727	1327	0	110429
28759	967	2232	484	99411	0	103094
28760	984	104639	636	1263	0	107522
28761	104632	1756	494	1044	0	107926
28762	103565	1300	520	676	0	106061
28763	2255	1117	103422	576	0	107370
28764	1367	979	102558	614	0	105518
28765	97918	840	1725	751	0	101234
28766	106422	820	965	706	0	108913
28767	1870	110784	750	772	0	114176
28768	109557	1628	621	698	0	112504
28769	108558	1241	382	689	0	110870
28770	2097	107393	547	544	0	110581
28771	111339	1688	362	677	0	114066
28772	1994	1290	367	132156	0	135807
28773	1450	897	365	136412	0	139124
28774	968	970	143214	3503	0	148655
28775	696	137736	2463	1913	0	142808
28776	570	145986	1320	616	0	148492
28777	137910	4163	805	920	0	143798
28778	139374	1259	423	502	0	141558
28779	135925	513	332	570	0	137340
28780	140688	414	472	571	0	142145
28781	3615	654	135231	365	0	139865
28782	1299	698	140642	336	0	142975
28783	583	141513	3167	445	0	145708
28784	711	2551	1172	140578	0	145012
28785	804	1302	402	134459	0	136967
28786	645	145506	477	2800	0	149428
28787	824	2661	330	140503	0	144318
28788	138163	1242	371	2622	0	142398
28789	2751	141086	545	1254	0	145636
28790	1725	2832	142525	494	0	147576
28791	704	146534	2662	523	0	150423
28792	143639	2743	1187	629	0	148198
28793	2783	1525	144558	438	0	149304
28794	138006	665	2587	738	0	141996
28795	145513	548	1169	630	0	147860
28796	3553	843	144385	423	0	149204
28797	1450	743	144377	443	0	147013
28798	794	678	142922	398	0	144792
28799	121848	596	3431	480	0	126355
28800	2866	656	141532	397	0	145451
28801	1402	139494	2810	498	0	144204
28802	137763	2470	1254	422	0	141909
28803	2760	1303	139228	296	0	143587
28804	129101	542	2812	466	0	132921
28805	3050	721	139667	269	0	143707
28806	1635	658	142724	237	0	145254
28807	978	143139	3644	529	0	148290
28808	893	2753	143451	433	0	147530
28809	1145	1395	142816	343	0	145699
28810	841	127014	3966	700	0	132521
28811	135125	2625	1723	472	0	139945
28812	3021	1547	139716	299	0	144583
28813	1808	833	3056	118649	0	124346
28814	926	139197	1799	2028	0	143950
28815	135303	2802	1021	1407	0	140533
28816	136183	1377	1144	926	0	139630
28817	3758	1055	137645	667	0	143125
28818	1837	132829	3299	542	0	138507
28819	1089	136966	2283	510	0	140848
28820	1399	3982	1198	124226	0	130805
28821	1378	128370	1269	2281	0	133298
28822	1851	3523	1085	115243	0	121702
28823	1868	1731	1081	132384	0	137064
28824	1543	134360	1570	3451	0	140924
28825	1633	3303	1428	128924	0	135288
28826	1403	133487	1583	3002	0	139475
28827	1405	3755	127561	1667	0	134388
28828	1396	2307	3588	126444	0	133735
28829	1508	1765	2047	126471	0	131791
28830	1483	129899	1519	3790	0	136691
28831	1625	135327	1472	1826	0	140250
28832	1743	4485	1276	122741	0	130245
28833	1393	132526	1812	2841	0	138572
28834	125890	3934	1527	1826	0	133177
28835	3697	2329	1680	127484	0	135190
28836	2072	132183	1912	3060	0	139227
28837	126586	3662	1473	1775	0	133496
28838	3514	127109	1911	1065	0	133599
28839	2396	3876	122665	1181	0	130118
28840	1880	2293	4043	121422	0	129638
28841	121203	1795	2702	3291	0	128991
28842	4066	1496	126189	1693	0	133444
28843	2391	1873	4241	114718	0	123223
28844	1966	123330	2776	2602	0	130674
28845	1969	3798	120318	1476	0	127561
28846	1821	124124	4437	876	0	131258
28847	114096	3509	3155	802	0	121562
28848	119374	2216	2572	848	0	125010
28849	4567	119872	2512	756	0	127707
28850	119344	3720	2498	866	0	126428
28851	3816	2440	119712	905	0	126873
28852	2267	1752	4701	113126	0	121846
28853	1842	1791	2959	113674	0	120266
28854	2053	67934	2336	53658	0	125981
28855	121872	2943	2540	2551	0	129906
28856	126099	2258	2031	1331	0	131719
28857	4394	2196	125477	772	0	132839
28858	122739	1482	4089	1004	0	129314
28859	128110	1795	2624	976	0	133505
28860	128700	1574	2129	1075	0	133478
28861	4812	1874	1730	122384	0	130800
28862	2428	2071	1770	122215	0	128484
28863	1784	127300	1793	3737	0	134614
28864	120810	4113	1701	2016	0	128640
28865	122841	2356	1278	1651	0	128126
28866	4440	123558	1502	1426	0	130926
28867	2235	3695	1174	115937	0	123041
28868	1505	123656	1108	3198	0	129467
28869	1232	130277	1336	1791	0	134636
28870	122418	4789	1449	1496	0	130152
28871	3860	2699	121983	1379	0	129921
28872	1320	1002	99573	546	0	102441
28873	652	99289	2304	664	0	102909
28874	86251	1715	1257	505	0	89728
28875	1629	1072	89383	359	0	92443
28876	809	82080	1509	442	0	84840
28877	80171	1269	900	360	0	82700
28878	1279	802	80718	224	0	83023
28879	730	350	1184	77473	0	79737
28880	83837	315	583	1398	0	86133
28881	1415	483	85072	796	0	87766
28882	766	427	90764	307	0	92264
28883	354	429	93984	280	0	95047
28884	257	380	92782	188	0	93607
28885	79715	240	2266	300	0	82521
28886	94995	198	665	226	0	96084
28887	1791	97247	358	196	0	99592
28888	832	1522	175	97986	0	100515
28889	390	716	180	101459	0	102745
28890	233	101733	307	2102	0	104375
28891	349	1841	156	97233	0	99579
28892	249	104024	282	1570	0	106125
28893	205	105890	300	871	0	107266
28894	291	2547	184	103335	0	106357
28895	277	1228	104277	1805	0	107587
28896	221	105598	2018	1013	0	108850
28897	344	1917	953	104085	0	107299
28898	105104	978	400	1934	0	108416
28899	1966	587	106121	893	0	109567
28900	103234	284	2057	415	0	105990
28901	108581	267	1092	325	0	110265
28902	2921	361	435	108308	0	112025
28903	1301	439	112391	2199	0	116330
28904	617	474	113918	1072	0	116081
28905	383	117115	3402	601	0	121501
28906	439	2499	1601	112786	0	117325
28907	374	1381	116082	2253	0	120090
28908	376	595	119543	1204	0	121718
28909	318	120021	3698	570	0	124607
28910	119809	2568	1610	383	0	124370
28911	122819	1311	710	372	0	125212
28912	3690	533	569	123794	0	128586
28913	1661	528	129139	2685	0	134013
28914	701	493	129533	1593	0	132320
28915	480	132375	4373	761	0	137989
28916	528	2944	135317	423	0	139212
28917	508	1947	134931	428	0	137814
28918	570	874	4537	119925	0	125906
28919	491	653	135003	2897	0	139044
28920	121994	439	3553	1818	0	127804
28921	2866	445	1999	132350	0	137660
28922	1740	637	138321	2915	0	143613
28923	657	138540	3373	1846	0	144416
28924	591	2800	2050	138216	0	143657
28925	561	1916	142113	2897	0	147487
28926	483	144966	3495	1997	0	150941
28927	664	3172	2135	134935	0	140906
28928	529	146831	1244	2800	0	151404
28929	610	3360	890	145386	0	150246
28930	591	1996	857	147089	0	150533
28931	503	1051	145033	4686	0	151273
28932	475	146711	3717	2344	0	153247
28933	577	3268	2269	144768	0	150882
28934	592	2202	1170	146708	0	150672
28935	594	1099	1024	150556	0	153273
28936	507	905	145828	4973	0	152213
28937	464	144662	3795	2836	0	151757
28938	634	3354	2377	143127	0	149492
28939	891	2369	144475	3417	0	151152
28940	519	144825	3918	2530	0	151792
28941	602	3521	2496	142772	0	149391
28942	569	2337	146051	3502	0	152459
28943	515	146095	3924	2397	0	152931
28944	635	3521	2512	141488	0	148156
28945	609	2236	1373	148733	0	152951
28946	515	1288	151559	5061	0	158423
28947	132196	902	4021	3049	0	140168
28948	2996	151405	2854	1602	0	158857
28949	152827	3499	1455	1390	0	159171
28950	3443	2493	154219	1213	0	161368
28951	150474	1304	4055	1331	0	157164
28952	3684	1034	2718	150504	0	157940
28953	2247	912	1686	159866	0	164711
28954	940	1331	157746	5210	0	165227
28955	139215	1058	4113	3303	0	147689
28956	147835	951	2846	1889	0	153521
28957	4654	147839	1998	1472	0	155963
28958	2347	154747	1653	1409	0	160156
28959	152490	5102	1404	1412	0	160408
28960	3693	2993	153925	1318	0	161929
28961	2256	159600	4553	1372	0	167781
28962	1301	3834	3001	159876	0	168012
28963	964	2486	1592	164945	0	169987
28964	746	1488	163649	5583	0	171466
28965	149280	1085	4502	3258	0	158125
28966	3821	1290	167336	1661	0	174108
28967	156487	873	4503	1619	0	163482
28968	3786	1328	165899	1209	0	172222
28969	2305	163901	4511	1225	0	171942
28970	165096	3470	3143	1380	0	173089
28971	165325	2873	1750	1431	0	171379
28972	163995	1230	1449	1324	0	167998
28973	165564	995	1360	1312	0	169231
28974	5473	981	1244	160474	0	168172
28975	2846	1146	161259	3703	0	168954
28976	1528	1145	3868	152544	0	159085
28977	1019	160698	3147	3733	0	168597
28978	1167	3267	1529	160865	0	166828
28979	912	2543	161136	3796	0	168387
28980	849	1417	160641	2556	0	165463
28981	1128	849	4924	154595	0	161496
28982	152843	775	3162	3691	0	160471
28983	149519	819	1554	2619	0	154511
28984	151451	834	1268	1586	0	155139
28985	4997	1103	151644	1344	0	159088
28986	2695	978	149765	1136	0	154574
28987	1306	147751	4756	1208	0	155021
28988	1093	148911	2695	980	0	153679
28989	142736	3751	2094	1141	0	149722
28990	142908	2097	1096	1094	0	147195
28991	3906	151583	1283	1020	0	157792
28992	149815	2493	887	1110	0	154305
28993	147970	1867	894	1128	0	151859
28994	3939	149520	1133	1146	0	155738
28995	151522	2584	1002	1051	0	156159
28996	147582	1906	952	1060	0	151500
28997	3950	152143	1224	1205	0	158522
28998	153308	2620	939	1203	0	158070
28999	151979	1867	984	1122	0	155952
29000	4286	1228	152401	862	0	158777
29001	2656	976	154828	786	0	159246
29002	1400	150723	3705	867	0	156695
29003	1214	153166	2350	709	0	157439
29004	150670	3181	1785	767	0	156403
29005	147052	1687	921	733	0	150393
29006	144430	812	868	623	0	146733
29007	3578	147600	997	546	0	152721
29008	2093	1910	650	146194	0	150847
29009	1480	1840	150067	1588	0	154975
29010	1459	1436	1891	140166	0	144952
29011	1196	150509	1888	1622	0	155215
29012	147521	1625	771	1103	0	151020
29013	2166	147230	744	464	0	150604
29014	1786	1875	477	143969	0	148107
29015	154990	1203	546	1903	0	158642
29016	153751	583	571	1329	0	156234
29017	3243	1043	157438	426	0	162150
29018	155133	549	1825	680	0	158187
29019	164842	566	1452	605	0	167465
29020	166894	583	748	624	0	168849
29021	3565	749	666	157846	0	162826
29022	2139	160801	933	1727	0	165600
29023	1576	2081	582	162774	0	167013
29024	1373	1945	164513	2098	0	169929
29025	1233	166039	2353	1428	0	171053
29026	1190	1963	1436	161019	0	165608
29027	1047	1874	165158	1791	0	169870
29028	1031	164439	2267	1370	0	169107
29029	1279	2222	1460	154759	0	159720
29030	1181	1945	163472	1785	0	168383
29031	134363	947	2340	2027	0	139677
29032	2628	1081	166859	606	0	171174
29033	2126	1097	166779	568	0	170570
29034	1297	168919	3319	547	0	174082
29035	1414	2279	1624	167368	0	172685
29036	1475	1706	755	158471	0	162407
29037	1255	166410	990	2868	0	171523
29038	1486	2322	597	166838	0	171243
29039	171641	1651	541	2324	0	176157
29040	171386	797	621	1716	0	174520
29041	3929	1138	164646	662	0	170375
29042	162061	804	2207	901	0	165973
29043	171294	798	1616	811	0	174519
29044	3922	1075	173497	579	0	179073
29045	2281	173912	2595	561	0	179349
29046	1268	174356	1955	535	0	178114
29047	1518	3718	792	149979	0	156007
29048	1094	170152	1031	1823	0	174100
29049	1440	3011	159005	1231	0	164687
29050	1275	2175	164671	576	0	168697
29051	1079	172030	3647	523	0	177279
29052	168441	2391	1664	711	0	173207
29053	172944	1760	687	762	0	176153
29054	175710	916	532	724	0	177882
29055	175436	823	500	779	0	177538
29056	167724	816	556	784	0	169880
29057	3686	171585	815	579	0	176665
29058	2142	2744	168188	443	0	173517
29059	1338	1576	2180	165402	0	170496
29060	163508	742	1487	2253	0	167990
29061	2588	163449	883	1539	0	168459
29062	2044	2138	606	158690	0	163478
29063	1154	1850	159512	1861	0	164377
29064	878	157630	2293	1356	0	162157
29065	665	159640	1568	472	0	162345
29066	151309	2973	1298	1386	0	156966
29067	1772	153301	627	413	0	156113
29068	1309	1750	368	146904	0	150331
29069	147442	1099	257	1704	0	150502
29070	147297	422	251	1176	0	149146
29071	148789	329	278	588	0	149984
29072	2611	678	146174	252	0	149715
29073	1262	148608	1888	306	0	152064
29074	149756	1716	1078	471	0	153021
29075	1925	1206	343	149927	0	153401
29076	152688	495	275	1911	0	155369
29077	1951	150550	590	1159	0	154250
29078	161912	1801	266	571	0	164550
29079	176059	1252	273	552	0	178136
29080	4054	455	298	173820	0	178627
29081	2025	779	179105	2630	0	184539
29082	1128	368	2790	180281	0	184567
29083	181123	383	1620	3123	0	186249
29084	181596	409	531	1966	0	184502
29085	4430	180838	794	634	0	186696
29086	174807	3007	402	626	0	178842
29087	3215	177794	720	1053	0	182782
29088	176823	3011	337	631	0	180802
29089	170800	1793	464	737	0	173794
29090	4095	1078	173320	724	0	179217
29091	1920	173976	3111	560	0	179567
29092	1001	3083	1663	174861	0	180608
29093	880	1830	626	178009	0	181345
29094	888	769	452	168769	0	170878
29095	611	173378	777	4474	0	179240
29096	785	3280	172571	1751	0	178387
29097	757	2088	177716	626	0	181187
29098	648	215298	4906	910	0	221762
29099	214077	4598	2034	692	0	221401
29100	4874	2774	216271	487	0	224406
29101	203159	869	4738	809	0	209575
29102	4835	210529	2826	587	0	218777
29103	2913	5096	211036	533	0	219578
29104	1401	2615	4655	205656	0	214327
29105	976	1339	216222	4603	0	223140
29106	968	1141	221733	2452	0	226294
29107	1571	782	6779	181939	0	191071
29108	1104	209967	3242	3699	0	218012
29109	934	216410	1377	1954	0	220675
29110	211755	6533	804	803	0	219895
29111	5190	3261	211251	537	0	220239
29112	210223	949	4993	827	0	216992
29113	213695	747	2590	866	0	217898
29114	6749	216432	1275	815	0	225271
29115	208043	4668	519	559	0	213789
29116	208225	2396	466	725	0	211812
29117	199175	872	426	637	0	201110
29118	6722	196577	916	496	0	204711
29119	2844	187297	817	551	0	191509
29120	1233	196368	819	550	0	198970
29121	193385	6108	892	550	0	200935
29122	194165	2542	778	667	0	198152
29123	6705	1259	187656	422	0	196042
29124	3070	1128	189311	419	0	193928
29125	189242	688	5602	681	0	196213
29126	196090	681	2558	726	0	200055
29127	198133	595	1039	799	0	200566
29128	6509	582	829	191068	0	198988
29129	3094	580	745	195782	0	200201
29130	1654	757	633	198176	0	201220
29131	1274	805	734	198692	0	201505
29132	1192	1228	187707	5952	0	196079
29133	1288	934	188893	2362	0	193477
29134	1391	919	190171	789	0	193270
29135	1356	1037	187980	639	0	191012
29136	177984	756	5854	767	0	185361
29137	4622	187525	2934	624	0	195705
29138	2863	193351	1528	641	0	198383
29139	190686	5597	868	726	0	197877
29140	4990	2959	190244	568	0	198761
29141	2842	1639	187729	738	0	192948
29142	179359	1099	5934	935	0	187327
29143	189458	909	2593	1040	0	194000
29144	6186	190234	1766	878	0	199064
29145	3565	4013	1018	189449	0	198045
29146	193747	2268	997	3975	0	200987
29147	198290	1303	974	2194	0	202761
29148	6844	1297	845	188590	0	197576
29149	3464	198747	1246	3857	0	207314
29150	198262	4240	878	2494	0	205874
29151	5069	2945	193295	1180	0	202489
29152	187031	1199	4494	1363	0	194087
29153	4783	193098	3098	1107	0	202086
29154	196258	4362	1376	1313	0	203309
29155	193370	2413	1340	1172	0	198295
29156	6132	1563	196107	790	0	204592
29157	3010	1460	191875	747	0	197092
29158	188280	1100	6377	773	0	196530
29159	197873	1117	3003	813	0	202806
29160	6190	200971	1908	684	0	209753
29161	3443	4509	1322	201352	0	210626
29162	2032	2735	202522	3927	0	211216
29163	187788	1204	4901	2202	0	196095
29164	5049	1046	2783	201613	0	210491
29165	3384	982	1436	206827	0	212629
29166	204607	981	1316	5729	0	212633
29167	4959	213432	1762	2613	0	222766
29168	215739	4379	1190	1397	0	222705
29169	217225	2400	1347	1137	0	222109
29170	220659	1386	1030	1045	0	224120
29171	7066	216625	1618	795	0	226104
29172	218770	4626	1074	806	0	225276
29173	6041	2460	1108	216053	0	225662
29174	3849	1104	1070	218456	0	224479
29175	2752	1449	217408	5715	0	227324
29176	2458	1333	215255	2413	0	221459
29177	2012	215173	6285	1124	0	224594
29178	1761	216585	2879	687	0	221912
29179	2124	4893	197720	552	0	205289
29180	1316	201717	4036	564	0	207633
29181	199753	4254	2453	1160	0	207620
29182	202077	1871	787	747	0	205482
29183	204641	865	600	680	0	206786
29184	5766	690	662	193415	0	200533
29185	2896	528	705	200543	0	204672
29186	1629	925	201418	4737	0	208709
29187	1144	200805	3890	2328	0	208167
29188	197278	3555	1888	1007	0	203728
29189	3866	202348	1228	604	0	208046
29190	201824	3702	640	685	0	206851
29191	202338	1803	618	696	0	205455
29192	5926	756	555	194472	0	201709
29193	3015	647	636	198653	0	202951
29194	1874	724	514	202854	0	205966
29195	1707	1131	194555	5108	0	202501
29196	1177	192802	3766	2669	0	200414
29197	918	191775	2196	1357	0	196246
29198	423	148964	454	414	0	150255
29199	393	148759	619	382	0	150153
29200	391	149745	460	284	0	150880
29201	128673	2193	516	440	0	131822
29202	1633	1267	140913	252	0	144065
29203	1013	142406	1509	550	0	145478
29204	595	1795	135339	318	0	138047
29205	445	143131	1551	457	0	145584
29206	840	3156	998	99224	0	104218
29207	584	929	367	131275	0	133155
29208	401	138609	451	1815	0	141276
29209	132947	1470	332	1039	0	135788
29210	1652	1281	133259	366	0	136558
29211	1077	137115	1616	529	0	140337
29212	720	1815	131880	378	0	134793
29213	624	1031	1401	129864	0	132920
29214	697	557	863	122738	0	124855
29215	521	132308	533	2006	0	135368
29216	601	1685	312	132968	0	135566
29217	589	1024	323	131795	0	133731
29218	445	132349	506	2062	0	135362
29219	548	1917	128223	1026	0	131714
29220	534	1448	129141	453	0	131576
29221	116744	699	2042	625	0	120110
29222	131273	618	917	572	0	133380
29223	2244	625	421	126360	0	129650
29224	1159	979	124812	1508	0	128458
29225	737	588	1483	118573	0	121381
29226	529	129538	1112	1786	0	132965
29227	637	2009	128428	1091	0	132165
29228	449	128495	1717	688	0	131349
29229	626	2148	126625	495	0	129894
29230	426	129267	1853	509	0	132055
29231	126645	1893	990	611	0	130139
29232	1619	1310	538	124851	0	128318
29233	1168	815	461	125157	0	127601
29234	660	1012	125545	2058	0	129275
29235	717	996	121876	1190	0	124779
29236	951	125109	2280	691	0	129031
29237	124084	1800	1092	837	0	127813
29238	1590	1228	598	122775	0	126191
29239	1033	1141	126240	1509	0	129923
29240	520	1112	123683	1044	0	126359
29241	105067	811	2259	789	0	108926
29242	118713	803	1121	704	0	121341
29243	2244	990	123655	521	0	127410
29244	1270	851	1633	114336	0	118090
29245	614	121923	1323	1518	0	125378
29246	120899	1656	628	1264	0	124447
29247	1527	121645	727	723	0	124622
29248	116521	1556	524	807	0	119408
29249	1428	118301	614	789	0	121132
29250	937	120177	692	655	0	122461
29251	766	2195	447	118599	0	122007
29252	718	1188	472	118221	0	120599
29253	460	119544	711	2224	0	122939
29254	568	1906	114699	1323	0	118496
29255	493	1407	114919	587	0	117406
29256	482	1023	114995	545	0	117045
29257	103548	658	2156	801	0	107163
29258	113835	754	1087	764	0	116440
29259	1918	123878	1041	907	0	127744
29260	1088	2437	121394	517	0	125436
29261	553	1550	1998	118867	0	122968
29262	444	1121	128053	2063	0	131681
29263	425	1054	132324	1318	0	135121
29264	560	798	3337	142020	0	146715
29265	603	712	1709	152393	0	155417
29266	450	1066	162768	4645	0	168929
29267	151042	624	3507	2715	0	157888
29268	3420	169520	2770	1236	0	176946
29269	2300	176613	1443	622	0	180978
29270	1187	5946	658	165875	0	173666
29271	172434	3116	677	3817	0	180044
29272	3937	178050	945	2431	0	185363
29273	176218	4409	514	1126	0	182267
29274	4419	179975	822	672	0	185888
29275	186621	4856	514	753	0	192744
29276	5272	3517	184887	493	0	194169
29277	3312	1932	189427	472	0	195143
29278	1583	1782	6588	177670	0	187623
29279	969	1192	183830	4265	0	190256
29280	811	173706	5353	2640	0	182510
29281	621	176753	3402	1557	0	182333
29282	175745	6476	1485	695	0	184401
29283	4598	3394	881	162884	0	171757
29284	2733	177189	1138	3859	0	184919
29285	179432	4801	685	2676	0	187594
29286	177538	3122	587	1083	0	182330
29287	181971	1367	468	716	0	184522
29288	7818	934	466	174978	0	184196
29289	4119	819	438	179517	0	184893
29290	1809	1085	177210	6861	0	186965
29291	1319	958	177404	3552	0	183233
29292	172657	581	6947	1529	0	181714
29293	5136	610	3530	172837	0	182113
29294	3412	929	175825	4751	0	184917
29295	170252	544	5054	3339	0	179189
29296	4947	182642	3691	1693	0	192973
29297	185859	4684	1562	1159	0	193264
29298	187985	3093	1074	1106	0	193258
29299	189999	1304	997	1012	0	193312
29300	8670	1094	182055	753	0	192572
29301	180894	803	4981	855	0	187533
29302	6782	769	3322	168151	0	179024
29303	4260	172921	1932	4436	0	183549
29304	2366	185312	1491	2912	0	192081
29305	183114	6989	1071	1503	0	192677
29306	185701	3671	952	1147	0	191471
29307	188986	1530	899	1206	0	192621
29308	9418	1274	919	179834	0	191445
29309	5150	1359	873	183625	0	191007
29310	3108	1148	800	172582	0	177638
29311	2158	182165	1130	7686	0	193139
29312	181499	5218	870	4183	0	191770
29313	185139	3576	829	2130	0	191674
29314	188964	1712	801	1621	0	193098
29315	9439	1610	182527	1335	0	194911
29316	185192	1401	5197	1385	0	193175
29317	7783	1345	3440	169993	0	182561
29318	5026	181511	2141	5013	0	193691
29319	183291	5540	1214	3332	0	193377
29320	182709	3698	1237	1853	0	189497
29321	9392	2339	185528	1374	0	198633
29322	5875	1408	5436	174706	0	187425
29323	3128	187354	4166	5217	0	199865
29324	193185	5617	1863	3771	0	204436
29325	7212	3931	1217	192504	0	204864
29326	5341	2097	1220	191628	0	200286
29327	3433	1548	1133	196491	0	202605
29328	2954	1509	1171	203780	0	209414
29329	2771	1769	197375	9819	0	211734
29330	2584	197599	6327	5644	0	212154
29331	2849	6191	3802	196887	0	209729
29332	2692	4544	199855	6719	0	213810
29333	195115	2252	6122	5025	0	208514
29334	205415	1568	4237	2915	0	214135
29335	10211	1587	2181	200825	0	214804
29336	205054	1575	1754	6965	0	215348
29337	209529	1565	1691	5001	0	217786
29338	10896	1885	204735	2581	0	220097
29339	6667	203529	6774	2072	0	219042
29340	206391	6045	4129	2267	0	218832
29341	8445	3952	2230	204903	0	219530
29342	210959	1945	1814	6722	0	221440
29343	8908	1558	1673	206852	0	218991
29344	6345	1510	1460	210588	0	219903
29345	4008	1970	203989	9609	0	219576
29346	183972	1475	6181	6364	0	197992
29347	7674	205458	4696	3636	0	221464
29348	6022	6325	206189	2681	0	221217
29349	3806	207243	6559	2532	0	220140
29350	203510	6564	4056	2464	0	216594
29351	8287	4173	1959	202527	0	216946
29352	204572	2082	1547	7015	0	215216
29353	8290	202411	2125	4896	0	217722
29354	209345	6089	1450	2981	0	219865
29355	212144	3976	1469	2461	0	220050
29356	213624	1920	1402	2444	0	219390
29357	210516	1393	1382	2355	0	215646
29358	11470	204173	1860	2347	0	219850
29359	199630	5456	1222	1972	0	208280
29360	8808	3689	1118	194060	0	207675
29361	6529	2364	1017	189445	0	199355
29362	4210	179532	1541	7623	0	192906
29363	3524	180361	1453	4504	0	189842
29364	2979	172148	1188	2022	0	178337
29365	159035	5853	1173	1938	0	167999
29366	4795	149427	1082	1512	0	156816
29367	2833	136880	998	972	0	141683
29368	134083	3810	1932	1151	0	140976
29369	131192	1771	516	1130	0	134609
29370	4401	133387	831	872	0	139491
29371	132695	2676	505	1008	0	136884
29372	3608	1882	128904	795	0	135189
29373	123594	1060	2337	1024	0	128015
29374	3541	1163	129130	892	0	134726
29375	2002	117594	2019	830	0	122445
29376	1370	121280	1365	815	0	124830
29377	2684	3749	1566	114182	0	122181
29378	119135	1146	559	2121	0	122961
29379	121596	702	411	1451	0	124160
29380	123145	656	394	1019	0	125214
29381	122791	616	429	938	0	124774
29382	120165	720	586	991	0	122462
29383	2711	1030	116587	747	0	121075
29384	2173	1235	111006	647	0	115061
29385	115124	783	1837	795	0	118539
29386	5984	116909	1127	738	0	124758
29387	121293	1625	414	935	0	124267
29388	125029	1096	430	851	0	127406
29389	130101	649	300	924	0	131974
29390	130425	571	417	812	0	132225
29391	130261	673	441	832	0	132207
29392	2786	1046	128175	645	0	132652
29393	128474	728	1442	981	0	131625
29394	131784	660	930	1008	0	134382
29395	2591	1079	127975	1145	0	132790
29396	119897	875	1267	979	0	123018
29397	126649	891	866	892	0	129298
29398	2763	1211	133633	610	0	138217
29399	1982	1120	131676	546	0	135324
29400	1494	136001	2168	590	0	140253
29401	1669	1787	907	135691	0	140054
29402	1586	1490	137887	1440	0	142403
29403	136617	755	1565	1212	0	140149
29404	2694	690	973	149056	0	153413
29405	1959	1099	155572	1698	0	160328
29406	149417	639	1779	1332	0	153167
29407	157177	749	1043	786	0	159755
29408	158569	750	514	766	0	160599
29409	3208	161384	710	766	0	166068
29410	2266	2296	439	155866	0	160867
29411	1585	160869	742	1872	0	165068
29412	161318	1986	574	1297	0	165175
29413	159459	1297	703	903	0	162362
29414	3385	1236	159387	404	0	164412
29415	1827	156550	1838	448	0	160663
29416	1241	158186	1331	326	0	161084
29417	1391	2356	536	155494	0	159777
29418	1354	1325	482	157662	0	160823
29419	154849	706	418	2338	0	158311
29420	2592	156832	566	1167	0	161157
29421	1963	156328	473	615	0	159379
29422	1888	2661	153775	347	0	158671
29423	1367	158819	1729	357	0	162272
29424	154501	1695	1492	552	0	158240
29425	2443	1451	152735	293	0	156922
29426	133024	545	1453	650	0	135672
29427	1996	813	147902	260	0	150971
29428	126061	364	1251	515	0	128191
29429	1450	145996	962	532	0	148940
29430	147651	1341	298	455	0	149745
29431	1783	1193	152225	150	0	155351
29432	148473	432	1615	594	0	151114
29433	152187	303	792	483	0	153765
29434	2277	786	158733	134	0	161930
29435	154774	303	1398	489	0	156964
29436	163989	281	850	421	0	165541
29437	161732	258	302	420	0	162712
29438	2458	159837	738	284	0	163317
29439	164749	1514	347	532	0	167142
29440	2110	1455	173057	352	0	176974
29441	1250	184494	2026	405	0	188175
29442	189052	2090	1276	451	0	192869
29443	187920	1198	388	542	0	190048
29444	190945	397	321	489	0	192152
29445	3564	189683	686	307	0	194240
29446	1838	2459	286	213861	0	218444
29447	999	1878	213358	3171	0	219406
29448	916	455	3482	211759	0	216612
29449	842	899	217185	3500	0	222426
29450	194160	417	3776	2179	0	200532
29451	3863	217455	2255	932	0	224505
29452	2400	3748	563	208662	0	215373
29453	847	220641	812	3424	0	225724
29454	1000	3940	484	217419	0	222843
29455	1031	2068	365	217475	0	220939
29456	795	223488	833	5301	0	230417
29457	1098	4140	364	225134	0	230736
29458	996	2262	410	230131	0	233799
29459	738	232303	858	5990	0	239889
29460	847	239261	916	2644	0	243668
29461	1252	6442	613	235720	0	244027
29462	1153	3074	235464	4717	0	244408
29463	889	239041	5083	2745	0	247758
29464	1140	5152	2343	234411	0	243046
29465	1263	3157	244031	4891	0	253342
29466	853	245967	5571	2982	0	255373
29467	243027	5367	2660	1291	0	252345
29468	5814	3360	242819	788	0	252781
29469	235978	1216	5253	1086	0	243533
29470	5880	1007	2710	239637	0	249234
29471	3187	925	964	243281	0	248357
29472	1549	984	699	244419	0	247651
29473	1110	1463	238362	7715	0	248650
29474	1409	1521	233597	3310	0	239837
29475	225204	1095	7400	1744	0	235443
29476	5676	1017	3114	236857	0	246664
29477	3106	1551	237771	5984	0	248412
29478	225016	1213	5652	3513	0	235394
29479	6016	1103	2994	234265	0	244378
29480	3524	1214	1172	237849	0	243759
29481	1706	1217	1005	234634	0	238562
29482	1218	237148	1578	8315	0	248259
29483	1789	5815	983	224481	0	233068
29484	1257	232638	1493	6097	0	241485
29485	1264	240697	1424	3616	0	247001
29486	233883	7627	1172	2045	0	244727
29487	226040	3547	1387	1867	0	232841
29488	235695	1564	1089	1942	0	240290
29489	7776	228602	1656	2088	0	240122
29490	229289	5828	1164	1992	0	238273
29491	231712	3166	1278	1923	0	238079
29492	8237	1567	1366	224345	0	235515
29493	3995	1356	1266	228621	0	235238
29494	1840	1701	222851	8634	0	235026
29495	1324	224493	6166	4607	0	236590
29496	221023	5876	3289	2423	0	232611
29497	220071	3287	1571	2290	0	227219
29498	7425	218374	1841	2540	0	230180
29499	218030	5812	1226	2434	0	227502
29500	218021	3475	1136	2476	0	225108
29501	8077	1865	1373	207764	0	219079
29502	3924	209040	1755	6465	0	221184
29503	1979	214946	1718	4045	0	222688
29504	207241	7334	1219	2727	0	218521
29505	6219	3712	1173	202205	0	213309
29506	3432	2289	200258	6323	0	212302
29507	187348	1764	5438	4476	0	199026
29508	5896	2126	204154	2547	0	214723
29509	3531	199981	5867	2587	0	211966
29510	196940	5590	3249	2717	0	208496
29511	5932	3771	198744	3357	0	211804
29512	3839	2314	5363	199870	0	211386
29513	2330	2248	211374	6490	0	222442
29514	1929	212660	6130	4433	0	225152
29515	2568	5753	3109	211396	0	222826
29516	2120	4162	211431	6478	0	224191
29517	187948	2160	5441	4956	0	200505
29518	5781	215019	3517	2907	0	227224
29519	3958	6019	1539	199526	0	211042
29520	2114	217087	1901	6026	0	227128
29521	212220	6152	1510	4038	0	223920
29522	211527	3899	1341	2945	0	219712
29523	7378	213436	1918	2860	0	225592
29524	4267	5798	1550	202716	0	214331
29525	2240	216115	1835	5993	0	226183
29526	214021	6039	1536	3979	0	225575
29527	213827	3648	1824	2563	0	221862
29528	7757	2672	213614	2276	0	226319
29529	4030	213812	5331	2460	0	225633
29530	2350	220856	3844	2229	0	229279
29531	2541	7053	1745	212930	0	224269
29532	212785	3541	1647	5702	0	223675
29533	215095	1808	1794	3707	0	222404
29534	206611	1478	1575	2434	0	212098
29535	7842	210091	2127	2333	0	222393
29536	4401	5065	1493	200006	0	210965
29537	2635	209992	1869	5417	0	219913
29538	208672	5213	1575	3866	0	219326
29539	6350	3090	1383	203719	0	214542
29540	3669	1748	190296	5109	0	200822
29541	2063	183570	4468	3161	0	193262
29542	176143	4121	2349	1959	0	184572
29543	4719	2964	177944	1288	0	186915
29544	168068	1656	3526	1794	0	175044
29545	4767	175858	2293	1856	0	184774
29546	1919	156668	843	840	0	160270
29547	150734	3490	576	830	0	155630
29548	2814	155827	741	732	0	160114
29549	150766	2596	653	840	0	154855
29550	2757	154111	706	598	0	158172
29551	153965	2620	625	764	0	157974
29552	153973	1494	507	678	0	156652
29553	3436	1237	157863	518	0	163054
29554	1965	1066	154948	424	0	158403
29555	1030	155890	2988	535	0	160443
29556	154151	1946	1355	919	0	158371
29557	2269	1566	151895	386	0	156116
29558	139619	542	1296	604	0	142061
29559	1707	1102	1002	142113	0	145924
29560	1083	733	146071	1130	0	149017
29561	678	665	139341	660	0	141344
29562	594	714	146905	345	0	148558
29563	426	146984	1593	477	0	149480
29564	1121	2581	2067	141587	0	147356
29565	140355	426	188	782	0	141751
29566	779	209	135	143266	0	144389
29567	144488	144	183	934	0	145749
29568	872	219	151	145554	0	146796
29569	147200	215	112	1150	0	148677
29570	146040	218	254	875	0	147387
29571	164437	178	172	439	0	165226
29572	1746	169393	384	307	0	171830
29573	1022	1812	171062	163	0	174059
29574	602	929	1365	170615	0	173511
29575	1667	2238	2061	109458	0	115424
29576	494	293	249	176339	0	177375
29577	489	303	185	172295	0	173272
29578	363	167460	408	2420	0	170651
29579	504	1926	164710	1195	0	168335
29580	363	169862	1837	580	0	172642
29581	596	2076	1064	151432	0	155168
29582	417	1209	355	169318	0	171299
29583	458	491	217	171018	0	172184
29584	458	366	304	168962	0	170090
29585	394	165037	492	2509	0	168432
29586	394	165624	459	1399	0	167876
29587	469	2749	161103	554	0	164875
29588	508	1261	1674	162227	0	165670
29589	519	743	1078	164828	0	167168
29590	515	597	378	168683	0	170173
29591	165434	503	264	3137	0	169338
29592	2028	166826	560	1656	0	171070
29593	1479	2239	163619	680	0	168017
29594	161548	1242	1754	762	0	165306
29595	2075	584	1111	167272	0	171042
29596	170030	507	373	2287	0	173197
29597	2372	537	320	171127	0	174356
29598	172060	451	391	2333	0	175235
29599	2312	433	401	171688	0	174834
29600	168622	462	491	2467	0	172042
29601	2367	851	176150	1461	0	180829
29602	1761	453	1963	171851	0	176028
29603	860	179843	1566	2078	0	184347
29604	836	2061	537	180768	0	184202
29605	178928	1481	514	2510	0	183433
29606	2261	181097	857	1818	0	186033
29607	1721	2347	466	186178	0	190712
29608	740	187770	756	2521	0	191787
29609	830	2769	416	188919	0	192934
29610	927	1658	366	190526	0	193477
29611	803	1062	186235	3915	0	192015
29612	918	514	2545	180341	0	184318
29613	688	920	175771	2987	0	180366
29614	556	171235	3136	2452	0	177379
29615	169164	2596	1605	1296	0	174661
29616	2821	1973	172616	900	0	178310
29617	163658	651	2732	1194	0	168235
29618	176402	491	1724	1181	0	179798
29619	4237	667	795	177217	0	182916
29620	2026	915	184272	3273	0	190486
29621	173037	513	3456	2553	0	179559
29622	190955	430	2012	1740	0	195137
29623	4896	521	767	183709	0	189893
29624	2464	567	544	183959	0	187534
29625	1031	184151	914	5174	0	191270
29626	1050	3442	544	179641	0	184677
29627	805	184175	805	4339	0	190124
29628	800	3873	180175	2632	0	187480
29629	669	1702	2805	174867	0	180043
29630	170679	580	1675	3783	0	176717
29631	174930	466	517	2593	0	178506
29632	4119	175567	703	1258	0	181647
29633	2283	2984	443	178750	0	184460
29634	182039	1816	409	3689	0	187953
29635	3262	178623	735	2413	0	185033
29636	180828	3216	398	1481	0	185923
29637	3697	1975	392	192557	0	198621
29638	206265	760	408	4402	0	211835
29639	4831	987	228401	2669	0	236888
29640	2631	231116	5367	1661	0	240775
29641	226195	5155	2808	1512	0	235670
29642	4939	239654	1316	1564	0	247473
29643	243658	5379	582	1455	0	251074
29644	246410	2915	519	1529	0	251373
29645	8199	1459	245553	1195	0	256406
29646	3910	696	5426	236961	0	246993
29647	247255	771	2952	6221	0	257199
29648	6074	1191	245268	3548	0	256081
29649	244875	793	5720	1659	0	253047
29650	6416	742	3009	245379	0	255546
29651	3549	1168	243442	6178	0	254337
29652	1709	672	5586	240831	0	248798
29653	233767	658	3113	6772	0	244310
29654	6280	1203	236557	3585	0	247625
29655	3968	852	5494	236609	0	246923
29656	1857	773	3240	239224	0	245094
29657	239808	635	1136	8920	0	250499
29658	237049	555	935	4359	0	242898
29659	8530	241500	1420	2036	0	253486
29660	4741	5697	889	237519	0	248846
29661	2474	3321	984	241351	0	248130
29662	2348	1291	1094	239418	0	244151
29663	233528	1032	1246	9117	0	244923
29664	237361	1200	1251	4329	0	244141
29665	10041	1474	1054	225672	0	238241
29666	5192	228304	1349	6282	0	241127
29667	3369	6148	1079	208546	0	219142
29668	2838	229233	1590	6022	0	239683
29669	222566	5921	1373	4204	0	234064
29670	7141	221212	2031	2358	0	232742
29671	206359	5321	1526	1848	0	215054
29672	7253	3081	1363	198912	0	210609
29673	198728	1206	1528	5956	0	207418
29674	7169	1236	193064	4063	0	205532
29675	4545	195034	5856	2528	0	207963
29676	195856	4874	3954	2421	0	207105
29677	199618	2784	1894	2415	0	206711
29678	8947	1165	1587	186101	0	197800
29679	4930	191826	1975	6348	0	205079
29680	3261	4937	1491	201523	0	211212
29681	3283	2947	1376	202847	0	210453
29682	3434	1466	1388	203127	0	209415
29683	199827	1474	1334	9254	0	211889
29684	203063	1505	1219	5379	0	211166
29685	9607	1359	1157	183972	0	196095
29686	5475	194946	1537	6892	0	208850
29687	199298	5225	1183	5223	0	210929
29688	7991	3612	196628	3394	0	211625
29689	5877	1786	5152	198331	0	211146
29690	3743	2203	200655	7523	0	214124
29691	3520	2006	5537	200858	0	211921
29692	3386	2508	200980	7759	0	214633
29693	3787	2030	5693	199392	0	210902
29694	201324	2188	3358	7504	0	214374
29695	201025	2171	1628	5145	0	209969
29696	10240	195460	1907	3322	0	210929
29697	199526	6081	1501	3377	0	210485
29698	8707	4072	1672	193430	0	207881
29699	6379	2638	1831	193925	0	204773
29700	196104	2261	1887	9116	0	209368
29701	8796	2546	189680	5453	0	206475
29702	6972	2458	191762	3772	0	204964
29703	4671	2609	190057	3970	0	201307
29704	182056	2009	7490	4397	0	195952
29705	8390	2050	192486	4403	0	207329
29706	6835	1981	185866	4369	0	199051
29707	173447	1755	7396	4186	0	186784
29708	8093	180858	4338	3813	0	197102
29709	6249	5333	2130	180571	0	194283
29710	4715	3805	1784	185388	0	195692
29711	4286	2456	184712	9209	0	200663
29712	183399	1842	5778	6259	0	197278
29713	188451	1556	4028	4920	0	198955
29714	174482	1550	2933	4908	0	183873
29715	9038	1808	186092	4605	0	201543
29716	179736	1512	5855	4862	0	191965
29717	8101	1993	174070	4461	0	188625
29718	6240	176812	5563	4340	0	192955
29719	4667	179940	3583	4092	0	192282
29720	169844	6581	2009	3990	0	182424
29721	6814	167401	2187	4452	0	180854
29722	5173	170007	2082	4341	0	181603
29723	167048	6191	1916	4266	0	179421
29724	6899	169459	2311	3905	0	182574
29725	169570	4931	2084	3591	0	180176
29726	7727	3257	2290	171915	0	185189
29727	5752	2214	2434	176064	0	186464
29728	4303	2220	2375	177868	0	186766
29729	4019	2223	2479	168852	0	177573
29730	3877	171043	2988	7921	0	185829
29731	172043	5155	2465	4865	0	184528
29732	7312	185297	2780	3203	0	198592
29733	5395	182963	2761	3907	0	195026
29734	3629	7051	187050	3161	0	200891
29735	174969	3294	6647	3422	0	188332
29736	7849	2300	191643	2555	0	204347
29737	5634	1678	183409	2026	0	192747
29738	3112	170390	6491	1802	0	181795
29739	1190	154482	2591	965	0	159228
29740	144675	4713	2229	960	0	152577
29741	3548	153432	1134	1191	0	159305
29742	2309	3461	153694	688	0	160152
29743	875	137733	3722	820	0	143150
29744	1076	3156	150177	441	0	154850
29745	594	1665	143908	369	0	146536
29746	133561	467	4656	694	0	139378
29747	4111	513	142535	340	0	147499
29748	1766	268	3228	135136	0	140398
29749	133029	261	1848	2896	0	138034
29750	2761	133309	1130	2197	0	139397
29751	1680	2832	138878	562	0	143952
29752	135288	1432	3051	482	0	140253
29753	3199	628	1727	123820	0	129374
29754	1656	123753	909	2684	0	129002
29755	653	2687	133606	1386	0	138332
29756	128248	1452	3056	529	0	133285
29757	3013	623	134749	309	0	138694
29758	1851	288	3281	128131	0	133551
29759	796	602	130161	2835	0	134394
29760	573	284	3243	127405	0	131505
29761	124648	286	1791	3120	0	129845
29762	2822	129179	968	1738	0	134707
29763	130794	2865	494	685	0	134838
29764	3286	1812	131010	325	0	136433
29765	1979	531	3116	125146	0	130772
29766	754	560	133197	2773	0	137284
29767	128639	349	3452	1712	0	134152
29768	130643	300	1909	600	0	133452
29769	4366	131515	1297	422	0	137600
29770	133341	2975	578	412	0	137306
29771	133423	1668	594	353	0	136038
29772	4712	588	486	128331	0	134117
29773	2159	605	131329	2882	0	136975
29774	872	125328	3327	1702	0	131229
29775	756	2962	1763	122355	0	127836
29776	125962	1650	813	2861	0	131286
29777	3163	721	127917	1532	0	133333
29778	1733	607	128731	520	0	131591
29779	719	604	126513	381	0	128217
29780	119815	383	4837	458	0	125493
29781	3251	603	124569	345	0	128768
29782	119714	443	3571	420	0	124148
29783	3458	625	112544	320	0	116947
29784	1910	120673	3465	398	0	126446
29785	952	3184	1877	117666	0	123679
29786	697	1869	119962	2808	0	125336
29787	625	116811	3576	1575	0	122587
29788	511	120795	2368	579	0	124253
29789	878	4280	1057	116089	0	122304
29790	116209	2119	731	2968	0	122027
29791	3269	955	764	116729	0	121717
29792	114520	864	733	3137	0	119254
29793	3467	872	765	112739	0	117843
29794	2028	827	114088	3209	0	120152
29795	1144	799	115507	1756	0	119206
29796	110252	602	4869	919	0	116642
29797	113323	636	2635	695	0	117289
29798	4632	820	112388	500	0	118340
29799	108320	763	3619	587	0	113289
29800	3705	1052	111634	406	0	116797
29801	2309	105924	4147	409	0	112789
29802	1267	105894	2776	466	0	110403
29803	1076	104775	1836	462	0	108149
29804	1405	4562	1364	99504	0	106835
29805	99521	2334	1417	2805	0	106077
29806	101511	1205	1350	1714	0	105780
29807	4790	1052	1184	99120	0	106146
29808	2457	1192	95716	3076	0	102441
29809	1469	861	3771	94645	0	100746
29810	1200	866	95294	3322	0	100682
29811	1308	719	4219	91965	0	98211
29812	91201	580	2731	3510	0	98022
29813	93865	515	1710	2060	0	98150
29814	94693	473	1486	1137	0	97789
29815	94377	553	1456	898	0	97284
29816	5390	539	1243	89292	0	96464
29817	2963	536	1227	92198	0	96924
29818	90525	646	1146	4478	0	96795
29819	92961	629	1189	2204	0	96983
29820	5199	651	1087	89862	0	96799
29821	3013	580	1016	91672	0	96281
29822	1755	576	1026	90181	0	93538
29823	1645	584	1103	90440	0	93772
29824	86042	500	1233	5201	0	92976
29825	3724	583	85788	2476	0	92571
29826	2362	422	3330	80349	0	86463
29827	79462	426	2105	3287	0	85280
29828	3497	571	78632	2028	0	84728
29829	2618	580	3222	78010	0	84430
29830	1647	608	79416	2994	0	84665
29831	1351	72923	3594	1742	0	79610
29832	1729	2057	1961	57002	0	62749
29833	52999	1027	1028	1864	0	56918
29834	2141	1224	799	44941	0	49105
29835	1529	45349	719	1754	0	49351
29836	961	42073	594	992	0	44620
29837	631	32184	464	459	0	33738
29838	687	29806	481	349	0	31323
29839	13910	2365	2159	1384	0	19818
29840	1225	601	447	8865	0	11138
29841	179	45	7427	286	0	7937
29842	132	24	242	7094	0	7492
29843	145	32	7000	277	0	7454
29844	6894	20	240	167	0	7321
29845	321	22	122	6862	0	7327
29846	231	25	56	7000	0	7312
29847	131	18	46	7041	0	7236
29848	125	26	35	7103	0	7289
29849	6841	21	48	365	0	7275
29850	6982	27	34	217	0	7260
29851	344	28	37	6749	0	7158
29852	6499	27	51	318	0	6895
29853	247	29	6274	219	0	6769
29854	160	6092	221	142	0	6615
29855	116	190	113	6023	0	6442
29856	80	87	85	5954	0	6206
29857	71	5958	84	351	0	6464
29858	108	179	63	5730	0	6080
29859	69	313	90	5687	0	6159
29860	5772	31	50	311	0	6164
29861	210	36	5588	123	0	5957
29862	82	45	4848	63	0	5038
29863	4285	17	178	78	0	4558
29864	162	28	4087	53	0	4330
29865	1781	13	62	28	0	1884
29866	1011	7	44	14	0	1076
29867	71	84	6	893	0	1054
29868	16	3	631	29	0	679
29869	553	2	22	11	0	588
29870	27	564	9	7	0	607
29871	451	31	80	5	0	567
29872	363	6	2	6	0	377
29873	122	2	2	3	0	129
29874	65	0	2	3	0	70
29875	60	1	3	3	0	67
29876	66	1	1	2	0	70
29877	68	1	1	2	0	72
29878	68	1	1	2	0	72
29879	72	0	0	0	0	72
29880	72	0	0	1	0	73
29881	66	1	1	1	0	69
29882	72	0	0	2	0	74
29883	72	0	2	0	0	74
29884	68	1	0	0	0	69
29885	72	1	0	2	0	75
29886	72	1	0	2	0	75
29887	69	1	0	1	0	71
29888	68	1	0	2	0	71
29889	73	0	0	1	0	74
29890	72	0	0	1	0	73
29891	72	0	2	1	0	75
29892	73	0	1	1	0	75
29893	71	0	2	0	0	73
29894	72	1	1	0	0	74
29895	67	0	0	2	0	69
29896	68	0	0	2	0	70
29897	67	1	0	1	0	69
29898	68	0	0	2	0	70
29899	68	0	0	1	0	69
29900	43	0	0	0	0	43
29901	36	0	1	1	0	38
29902	26	0	1	0	0	27
29903	19	0	1	0	0	20
29904	0	1	1	0	0	2
29905	1	0	0	1	0	2
29906	0	0	0	0	0	0
29907	0	1	0	0	0	1
29908	0	0	0	1	0	1
29909	0	0	0	1	0	1
29910	1	0	0	0	0	1
29911	0	0	1	0	0	1
29912	0	0	1	0	0	1
29913	1	0	0	0	0	1
29914	0	0	1	0	0	1
