Pos	A	C	G	T	Other	Total
1	0	0	0	0	0	0
2	0	0	0	0	0	0
3	0	0	0	0	0	0
4	0	0	0	0	0	0
5	0	0	0	0	0	0
6	0	0	0	0	0	0
7	0	0	0	0	0	0
8	0	0	0	0	0	0
9	0	0	0	0	0	0
10	0	0	0	0	0	0
11	0	0	0	0	0	0
12	0	0	0	0	0	0
13	0	0	0	0	0	0
14	2	0	0	0	0	2
15	0	2	0	0	0	2
16	0	6	0	0	0	6
17	0	0	0	18	0	18
18	0	0	0	20	0	20
19	0	23	0	0	0	23
20	0	26	0	0	0	26
21	0	26	0	0	0	26
22	30	0	0	0	0	30
23	1	1	28	0	0	30
24	0	0	30	0	0	30
25	0	0	0	39	0	39
26	39	0	0	0	0	39
27	40	0	0	0	0	40
28	0	40	0	0	0	40
29	45	0	0	0	0	45
30	47	0	0	0	0	47
31	46	0	0	0	0	46
32	0	47	0	0	0	47
33	0	47	0	0	0	47
34	48	0	0	0	0	48
35	48	0	0	0	0	48
36	0	48	0	0	0	48
37	0	48	0	0	0	48
38	48	0	0	0	0	48
39	47	0	0	0	0	47
40	0	48	0	0	0	48
41	0	0	0	53	0	53
42	0	0	0	50	0	50
43	0	0	0	53	0	53
44	0	52	0	0	0	52
45	0	0	51	0	0	51
46	50	0	0	0	0	50
47	0	0	0	53	0	53
48	0	52	0	0	0	52
49	0	0	0	53	0	53
50	0	54	0	0	0	54
51	0	0	0	53	0	53
52	0	0	0	54	0	54
53	0	0	54	0	0	54
54	0	0	0	53	0	53
55	54	0	0	0	0	54
56	0	0	53	0	0	53
57	49	0	0	0	0	49
58	0	0	0	54	0	54
59	0	56	0	0	0	56
60	0	0	0	55	0	55
61	0	0	54	0	0	54
62	0	0	0	53	0	53
63	0	0	0	56	0	56
64	0	57	0	0	0	57
65	0	0	0	57	0	57
66	0	56	0	0	0	56
67	0	0	0	57	0	57
68	57	0	0	0	0	57
69	58	0	0	0	0	58
70	60	0	0	0	0	60
71	0	60	0	0	0	60
72	0	0	60	0	0	60
73	58	0	0	0	0	58
74	61	0	0	0	0	61
75	0	64	0	0	0	64
76	0	0	0	45	0	45
77	0	0	0	49	0	49
78	0	0	0	47	0	47
79	47	0	0	0	0	47
80	48	0	0	0	0	48
81	48	0	0	0	0	48
82	52	0	0	0	0	52
83	0	0	0	51	0	51
84	0	52	0	0	0	52
85	0	0	0	52	0	52
86	0	0	51	0	0	51
87	0	0	0	53	0	53
88	0	0	58	0	0	58
89	0	0	0	59	0	59
90	0	0	58	0	0	58
91	0	1	60	0	0	61
92	0	58	0	0	0	58
93	0	0	0	61	0	61
94	0	0	62	0	0	62
95	0	0	1	61	0	62
96	0	62	0	1	0	63
97	62	1	0	0	0	63
98	1	63	0	0	0	64
99	0	1	0	65	0	66
100	0	69	0	1	0	70
101	0	1	67	0	0	68
102	0	0	67	0	0	67
103	0	69	1	0	0	70
104	0	1	0	66	0	67
105	0	0	68	1	0	69
106	0	68	1	0	0	69
107	69	1	0	0	0	70
108	1	0	0	68	0	69
109	0	0	69	1	0	70
110	0	68	1	0	0	69
111	0	1	0	68	0	69
112	0	0	0	70	0	70
113	69	0	0	1	0	70
114	1	0	69	0	0	70
115	0	0	1	69	0	70
116	0	0	65	1	0	66
117	0	60	0	0	0	60
118	54	1	0	1	0	56
119	1	59	0	0	0	60
120	0	1	0	58	0	59
121	0	58	1	1	0	60
122	57	1	0	1	0	59
123	1	56	0	1	0	58
124	0	2	56	0	0	58
125	0	52	1	0	0	53
126	52	2	0	0	0	54
127	1	0	52	1	0	54
128	1	0	1	52	0	54
129	51	0	0	1	0	52
130	3	0	0	51	0	54
131	51	1	0	2	0	54
132	53	0	0	0	0	53
133	3	0	0	51	0	54
134	1	0	0	52	0	53
135	50	0	0	2	0	52
136	52	0	0	1	0	53
137	2	0	0	51	0	53
138	49	0	0	3	0	52
139	52	0	0	0	0	52
140	3	51	0	0	0	54
141	1	2	0	53	0	56
142	58	0	0	2	0	60
143	60	0	0	1	0	61
144	2	1	0	57	0	60
145	0	0	0	61	0	61
146	57	0	1	2	0	60
147	2	58	0	1	0	61
148	1	2	1	56	0	60
149	0	0	58	3	0	61
150	0	0	3	56	0	59
151	0	55	0	2	0	57
152	0	3	56	0	0	59
153	0	0	2	58	0	60
154	0	0	1	55	0	56
155	0	0	56	2	0	58
156	56	1	2	0	0	59
157	3	57	0	0	0	60
158	54	2	0	0	0	56
159	2	0	54	0	0	56
160	0	0	56	0	0	56
161	53	0	2	0	0	55
162	2	57	0	0	0	59
163	55	2	0	0	0	57
164	2	55	0	0	0	57
165	0	2	58	0	0	60
166	58	0	2	0	0	60
167	2	0	58	0	0	60
168	0	0	2	57	0	59
169	54	0	0	2	0	56
170	58	0	0	0	0	58
171	2	56	0	0	0	58
172	0	5	0	52	0	57
173	0	56	0	1	0	57
174	0	2	54	0	0	56
175	0	0	2	50	0	52
176	0	52	0	1	0	53
177	0	2	0	49	0	51
178	45	0	0	2	0	47
179	2	0	0	46	0	48
180	0	46	0	2	0	48
181	0	2	0	46	0	48
182	0	0	0	44	0	44
183	0	41	0	2	0	43
184	0	2	0	42	0	44
185	0	0	41	2	0	43
186	0	44	2	2	0	48
187	43	2	0	1	0	46
188	2	1	40	0	0	43
189	0	0	44	0	0	44
190	0	42	2	0	0	44
191	0	2	0	41	0	43
192	0	0	41	2	0	43
193	0	36	2	0	0	38
194	0	1	0	40	0	41
195	0	0	0	41	0	41
196	38	0	0	2	0	40
197	1	38	0	0	0	39
198	0	1	37	0	0	38
199	0	0	38	0	0	38
200	0	0	1	34	0	35
201	0	0	0	41	0	41
202	0	0	0	41	0	41
203	0	51	0	1	0	52
204	0	1	49	0	0	50
205	0	0	1	50	0	51
206	0	53	0	1	0	54
207	0	54	0	0	0	54
208	0	1	52	0	0	53
209	0	0	1	51	0	52
210	0	0	55	1	0	56
211	0	0	1	55	0	56
212	0	0	0	56	0	56
213	0	0	54	1	0	55
214	0	55	1	0	0	56
215	54	1	0	0	0	55
216	2	0	53	0	0	55
217	0	54	1	0	0	55
218	0	56	0	0	0	56
219	0	1	51	0	0	52
220	51	0	1	1	0	53
221	1	0	0	51	0	52
222	0	50	0	1	0	51
223	50	1	0	0	0	51
224	1	0	0	49	0	50
225	0	50	0	1	0	51
226	51	1	0	0	0	52
227	1	0	51	0	0	52
228	0	52	1	0	0	53
229	48	0	0	0	0	48
230	0	47	0	1	0	48
231	47	1	0	0	0	48
232	0	1	0	47	0	48
233	0	47	1	0	0	48
234	0	0	0	48	0	48
235	47	0	1	0	0	48
236	0	0	46	1	0	47
237	0	0	46	0	0	46
238	0	0	1	46	0	47
239	0	0	0	46	0	46
240	1	0	0	45	0	46
241	0	0	1	44	0	45
242	0	1	40	0	0	41
243	0	1	0	40	0	41
244	0	40	1	0	0	41
245	1	40	0	0	0	41
246	0	0	40	0	0	40
247	0	1	39	0	0	40
248	1	0	40	0	0	41
249	0	0	0	41	0	41
250	0	1	40	0	0	41
251	1	0	0	40	0	41
252	0	0	40	0	0	40
253	40	1	0	0	0	41
254	1	39	0	0	0	40
255	0	45	0	0	0	45
256	1	1	50	0	0	52
257	49	0	1	1	0	51
258	50	1	0	0	0	51
259	50	0	0	1	0	51
260	2	0	48	0	0	50
261	0	0	50	0	0	50
262	1	0	2	48	0	51
263	48	0	0	2	0	50
264	49	0	0	0	0	49
265	1	0	45	1	0	47
266	45	0	1	1	0	47
267	2	0	1	44	0	47
268	0	0	45	2	0	47
269	0	1	46	0	0	47
270	44	1	1	0	0	46
271	1	0	46	0	0	47
272	45	0	2	0	0	47
273	1	0	48	0	0	49
274	0	43	2	1	0	46
275	0	48	1	0	0	49
276	0	1	0	48	0	49
277	0	0	1	49	0	50
278	1	0	47	1	0	49
279	1	1	1	46	0	49
280	0	47	0	1	0	48
281	0	48	1	0	0	49
282	1	48	0	0	0	49
283	1	1	0	48	0	50
284	0	0	48	1	0	49
285	0	0	53	0	0	53
286	0	0	2	45	0	47
287	0	0	0	47	0	47
288	1	0	0	47	0	48
289	1	45	0	1	0	47
290	45	1	1	0	0	47
291	45	0	0	0	0	45
292	1	45	0	1	0	47
293	0	1	47	0	0	48
294	46	0	2	0	0	48
295	2	0	46	0	0	48
296	45	0	2	0	0	47
297	48	0	0	0	0	48
298	46	0	1	0	0	47
299	44	0	0	0	0	44
300	1	45	0	0	0	46
301	36	1	0	0	0	37
302	1	39	0	1	0	41
303	27	1	1	0	0	29
304	1	27	0	1	0	29
305	0	1	25	0	0	26
306	1	2	1	22	0	26
307	0	25	0	1	0	26
308	0	27	0	0	0	27
309	25	1	0	0	0	26
310	24	0	0	0	0	24
311	1	23	0	0	0	24
312	0	1	0	23	0	24
313	0	23	0	1	0	24
314	23	1	0	0	0	24
315	1	0	21	0	0	22
316	0	0	1	22	0	23
317	0	0	0	23	0	23
318	0	0	0	24	0	24
319	0	0	22	1	0	23
320	0	24	1	0	0	25
321	0	26	0	0	0	26
322	0	1	0	25	0	26
323	0	0	24	1	0	25
324	0	0	1	24	0	25
325	0	0	0	26	0	26
326	0	0	0	23	0	23
327	0	0	0	24	0	24
328	24	0	0	1	0	25
329	1	25	0	0	0	26
330	25	1	0	0	0	26
331	1	0	24	0	0	25
332	0	0	24	0	0	24
333	0	0	1	24	0	25
334	0	0	0	25	0	25
335	0	24	0	1	0	25
336	0	1	23	0	0	24
337	0	23	1	0	0	24
338	0	1	23	0	0	24
339	22	0	1	0	0	23
340	1	23	0	0	0	24
341	0	1	24	0	0	25
342	0	0	1	23	0	24
343	0	0	24	1	0	25
344	0	24	1	0	0	25
345	0	1	0	21	0	22
346	0	22	0	3	0	25
347	0	1	24	0	0	25
348	0	0	1	24	0	25
349	24	0	0	1	0	25
350	1	24	0	0	0	25
351	0	1	24	0	0	25
352	0	0	1	22	0	23
353	0	0	23	1	0	24
354	0	0	24	0	0	24
355	0	19	0	0	0	19
356	0	0	0	14	0	14
357	0	0	0	14	0	14
358	0	0	0	13	0	13
359	0	0	14	0	0	14
360	0	0	13	0	0	13
361	13	0	0	0	0	13
362	0	0	11	0	0	11
363	11	0	0	0	0	11
364	0	11	0	0	0	11
365	0	0	0	11	0	11
366	0	11	0	0	0	11
367	0	11	0	0	0	11
368	0	0	9	0	0	9
369	0	0	0	13	0	13
370	0	0	13	0	0	13
371	0	0	11	0	0	11
372	11	0	0	0	0	11
373	0	0	10	0	0	10
374	0	0	10	0	0	10
375	10	0	0	0	0	10
376	0	0	11	0	0	11
377	0	0	14	0	0	14
378	0	0	0	11	0	11
379	0	16	0	0	0	16
380	0	0	0	17	0	17
381	0	0	0	17	0	17
382	16	0	0	0	0	16
383	0	0	0	16	0	16
384	0	17	0	0	0	17
385	14	0	0	0	0	14
386	0	0	14	0	0	14
387	14	0	0	0	0	14
388	0	0	14	0	0	14
389	0	0	13	0	0	13
390	0	14	0	0	0	14
391	14	0	0	0	0	14
392	0	14	0	0	0	14
393	0	0	13	0	0	13
394	0	0	0	12	0	12
395	0	12	0	0	0	12
396	13	0	0	0	0	13
397	13	0	0	0	0	13
398	0	13	0	0	0	13
399	13	0	0	0	0	13
400	0	0	0	13	0	13
401	0	13	0	0	0	13
402	0	0	0	13	0	13
403	0	0	0	13	0	13
404	13	0	0	0	0	13
405	13	0	0	0	0	13
406	13	0	0	0	0	13
407	0	0	13	0	0	13
408	13	0	0	0	0	13
409	0	0	0	12	0	12
410	0	0	13	0	0	13
411	0	0	12	0	0	12
412	0	13	0	0	0	13
413	12	0	0	0	0	12
414	0	13	0	0	0	13
415	0	0	0	13	0	13
416	0	0	0	13	0	13
417	0	0	15	0	0	15
418	0	0	0	15	0	15
419	0	0	14	0	0	14
420	0	0	12	0	0	12
421	0	12	0	0	0	12
422	0	0	0	13	0	13
423	0	0	0	13	0	13
424	13	0	0	0	0	13
425	0	0	13	0	0	13
426	0	0	0	13	0	13
427	13	0	0	0	0	13
428	0	0	11	0	0	11
429	11	0	0	0	0	11
430	11	0	0	0	0	11
431	0	0	11	0	0	11
432	0	0	0	9	0	9
433	0	0	0	11	0	11
434	0	0	11	0	0	11
435	11	0	0	0	0	11
436	11	0	0	0	0	11
437	11	0	0	0	0	11
438	11	0	0	0	0	11
439	11	0	0	0	0	11
440	0	0	9	0	0	9
441	0	0	11	0	0	11
442	0	10	0	0	0	10
443	0	0	11	0	0	11
444	0	0	0	11	0	11
445	0	0	0	8	0	8
446	0	0	0	14	0	14
447	0	0	0	14	0	14
448	0	0	14	0	0	14
449	0	13	0	0	0	13
450	0	13	0	0	0	13
451	0	0	0	13	0	13
452	0	14	0	0	0	14
453	15	0	0	0	0	15
454	16	0	0	0	0	16
455	0	16	0	0	0	16
456	0	0	0	16	0	16
457	0	0	0	16	0	16
458	0	0	16	0	0	16
459	13	0	0	0	0	13
460	15	0	0	0	0	15
461	0	16	0	0	0	16
462	16	0	0	0	0	16
463	0	0	16	0	0	16
464	0	16	0	0	0	16
465	0	16	0	0	0	16
466	0	16	0	0	0	16
467	0	0	0	16	0	16
468	16	0	0	0	0	16
469	0	0	0	13	0	13
470	0	0	15	0	0	15
471	0	0	0	15	0	15
472	0	0	15	0	0	15
473	0	0	0	15	0	15
474	0	0	0	15	0	15
475	0	15	0	0	0	15
476	18	0	0	0	0	18
477	0	0	0	16	0	16
478	0	16	0	0	0	16
479	12	0	0	0	0	12
480	12	0	0	0	0	12
481	12	0	0	0	0	12
482	0	13	0	0	0	13
483	0	0	13	0	0	13
484	0	0	0	13	0	13
485	0	0	0	11	0	11
486	0	13	0	0	0	13
487	0	0	12	0	0	12
488	0	0	12	0	0	12
489	13	0	0	0	0	13
490	0	0	0	13	0	13
491	0	0	13	0	0	13
492	0	16	0	0	0	16
493	0	0	0	16	0	16
494	0	16	0	0	0	16
495	0	0	16	0	0	16
496	16	0	0	0	0	16
497	16	0	0	0	0	16
498	0	16	0	0	0	16
499	0	0	0	16	0	16
500	0	0	16	0	0	16
501	0	16	0	0	0	16
502	16	0	0	0	0	16
503	0	15	0	0	0	15
504	0	16	0	0	0	16
505	0	0	0	16	0	16
506	0	16	0	0	0	16
507	16	0	0	0	0	16
508	0	0	0	16	0	16
509	0	0	14	0	0	14
510	0	0	15	0	0	15
511	0	0	0	16	0	16
512	0	16	0	0	0	16
513	16	0	0	0	0	16
514	0	0	0	16	0	16
515	0	0	16	0	0	16
516	0	0	0	16	0	16
517	0	0	0	14	0	14
518	14	0	0	0	0	14
519	0	0	0	14	0	14
520	0	0	14	0	0	14
521	0	0	13	0	0	13
522	0	0	0	14	0	14
523	0	0	0	14	0	14
524	0	0	14	0	0	14
525	14	0	0	0	0	14
526	0	0	14	0	0	14
527	0	17	0	0	0	17
528	0	0	0	17	0	17
529	0	0	17	0	0	17
530	0	0	16	0	0	16
531	0	0	0	16	0	16
532	17	0	0	0	0	17
533	0	0	17	0	0	17
534	0	21	0	0	0	21
535	21	0	0	0	0	21
536	0	0	21	0	0	21
537	21	0	0	0	0	21
538	21	0	0	0	0	21
539	0	21	0	0	0	21
540	0	0	0	21	0	21
541	0	20	0	0	0	20
542	0	0	20	0	0	20
543	21	0	0	0	0	21
544	24	0	0	0	0	24
545	0	0	26	0	0	26
546	0	0	20	0	0	20
547	0	23	0	0	0	23
548	22	0	0	0	0	22
549	0	0	0	23	0	23
550	0	0	0	23	0	23
551	0	23	0	0	0	23
552	23	0	0	0	0	23
553	0	0	21	0	0	21
554	0	0	0	21	0	21
555	21	0	0	0	0	21
556	0	23	0	0	0	23
557	0	0	25	0	0	25
558	0	0	24	0	0	24
559	0	0	0	25	0	25
560	0	25	0	0	0	25
561	0	0	24	0	0	24
562	0	0	0	25	0	25
563	25	0	0	0	0	25
564	0	0	26	0	0	26
565	0	0	1	25	0	26
566	0	1	25	0	0	26
567	1	0	24	0	0	25
568	0	0	0	26	0	26
569	0	0	25	1	0	26
570	20	1	0	0	0	21
571	1	0	23	0	0	24
572	22	0	1	0	0	23
573	0	25	0	1	0	26
574	26	0	0	0	0	26
575	0	26	0	0	0	26
576	0	0	1	21	0	22
577	0	0	1	21	0	22
578	0	0	21	1	0	22
579	0	1	20	0	0	21
580	0	0	1	21	0	22
581	0	0	21	1	0	22
582	1	0	0	20	0	21
583	0	21	1	0	0	22
584	0	21	0	1	0	22
585	0	0	1	21	0	22
586	0	0	1	21	0	22
587	0	0	21	1	0	22
588	0	0	1	21	0	22
589	1	20	0	0	0	21
590	0	21	1	0	0	22
591	0	21	0	0	0	21
592	0	0	0	18	0	18
593	1	18	0	0	0	19
594	18	1	0	0	0	19
595	0	0	0	19	0	19
596	0	0	18	1	0	19
597	0	0	1	18	0	19
598	0	0	18	0	0	18
599	0	0	18	1	0	19
600	0	0	18	0	0	18
601	0	18	0	1	0	19
602	0	1	18	0	0	19
603	17	1	0	0	0	18
604	18	0	0	1	0	19
605	18	0	0	1	0	19
606	0	0	1	17	0	18
607	18	0	0	1	0	19
608	0	19	0	0	0	19
609	0	18	0	0	0	18
610	18	1	0	0	0	19
611	0	0	18	0	0	18
612	0	1	0	18	0	19
613	1	0	18	0	0	19
614	0	0	17	1	0	18
615	0	17	1	0	0	18
616	0	0	0	19	0	19
617	0	0	1	18	0	19
618	17	0	1	0	0	18
619	0	18	1	0	0	19
620	0	20	0	0	0	20
621	0	0	21	0	0	21
622	1	20	0	0	0	21
623	21	0	0	0	0	21
624	21	0	0	0	0	21
625	0	0	20	1	0	21
626	1	0	19	0	0	20
627	0	0	0	16	0	16
628	0	0	0	16	0	16
629	1	17	0	0	0	18
630	0	0	1	17	0	18
631	0	0	0	18	0	18
632	0	14	1	0	0	15
633	0	0	1	14	0	15
634	0	1	0	9	0	10
635	0	11	0	1	0	12
636	0	0	11	1	0	12
637	1	0	0	11	0	12
638	11	0	0	0	0	11
639	11	1	0	0	0	12
640	0	0	11	0	0	11
641	11	1	0	0	0	12
642	12	0	0	0	0	12
643	1	11	0	0	0	12
644	0	0	8	0	0	8
645	0	0	8	0	0	8
646	0	0	0	8	0	8
647	8	0	0	0	0	8
648	12	0	0	0	0	12
649	0	0	0	16	0	16
650	16	0	0	0	0	16
651	16	0	0	0	0	16
652	19	0	0	0	0	19
653	0	0	19	0	0	19
654	0	0	18	0	0	18
655	23	0	0	0	0	23
656	0	0	20	0	0	20
657	0	19	0	0	0	19
658	0	0	0	18	0	18
659	0	0	19	0	0	19
660	0	0	19	0	0	19
661	0	0	0	19	0	19
662	0	0	19	0	0	19
663	0	0	19	0	0	19
664	0	18	0	0	0	18
665	0	19	0	0	0	19
666	19	0	0	0	0	19
667	0	0	0	18	0	18
668	19	0	0	0	0	19
669	1	0	20	0	0	21
670	0	0	0	21	0	21
671	0	0	0	21	0	21
672	21	0	0	0	0	21
673	0	19	0	0	0	19
674	0	0	17	0	0	17
675	0	0	19	0	0	19
676	0	23	0	0	0	23
677	0	0	23	0	0	23
678	0	23	0	0	0	23
679	0	22	0	0	0	22
680	0	0	23	0	0	23
681	22	0	0	0	0	22
682	0	0	0	23	0	23
683	0	23	0	0	0	23
684	0	0	0	23	0	23
685	23	0	0	0	0	23
686	23	0	0	0	0	23
687	23	0	0	0	0	23
688	0	0	23	0	0	23
689	0	0	0	23	0	23
690	0	23	0	0	0	23
691	23	0	0	0	0	23
692	0	0	0	23	0	23
693	0	0	0	23	0	23
694	0	0	0	23	0	23
695	0	0	23	0	0	23
696	21	0	0	0	0	21
697	0	23	0	0	0	23
698	0	0	0	24	0	24
699	1	0	0	23	0	24
700	24	0	0	0	0	24
701	1	0	22	0	0	23
702	0	0	24	0	0	24
703	0	24	0	0	0	24
704	1	0	24	0	0	25
705	24	0	1	0	0	25
706	0	25	0	0	0	25
707	0	0	24	1	0	25
708	23	0	1	0	0	24
709	0	0	25	0	0	25
710	0	25	0	0	0	25
711	0	1	1	25	0	27
712	0	0	1	26	0	27
713	0	0	25	1	0	26
714	0	1	26	0	0	27
715	1	25	1	0	0	27
716	24	0	0	1	0	25
717	2	25	0	0	0	27
718	0	1	1	25	0	27
719	0	0	25	2	0	27
720	23	0	1	1	0	25
721	1	0	0	22	0	23
722	0	24	0	1	0	25
723	0	24	1	0	0	25
724	0	1	1	23	0	25
725	0	1	0	24	0	25
726	23	0	0	1	0	24
727	1	1	0	23	0	25
728	0	1	25	1	0	27
729	25	0	1	0	0	26
730	27	0	0	0	0	27
731	1	0	25	1	0	27
732	23	1	1	0	0	25
733	1	0	0	27	0	28
734	1	0	0	27	0	28
735	1	0	0	31	0	32
736	1	0	0	31	0	32
737	0	29	1	1	0	31
738	29	2	0	0	0	31
739	31	1	0	0	0	32
740	3	0	30	0	0	33
741	30	0	1	1	0	32
742	30	0	0	2	0	32
743	31	0	0	1	0	32
744	32	0	1	0	0	33
745	3	30	0	0	0	33
746	0	5	0	28	0	33
747	0	0	30	2	0	32
748	0	0	28	1	0	29
749	20	0	2	0	0	22
750	20	0	0	4	0	24
751	1	18	0	0	0	19
752	15	2	0	0	0	17
753	2	16	0	0	0	18
754	0	2	0	16	0	18
755	16	0	0	2	0	18
756	18	0	0	0	0	18
757	18	0	0	0	0	18
758	2	16	0	0	0	18
759	16	2	0	0	0	18
760	2	0	0	21	0	23
761	21	0	0	2	0	23
762	2	0	19	0	0	21
763	0	21	2	0	0	23
764	21	2	0	0	0	23
765	2	0	22	0	0	24
766	0	0	2	22	0	24
767	0	0	22	2	0	24
768	0	0	24	0	0	24
769	0	0	2	20	0	22
770	0	0	20	2	0	22
771	0	0	2	20	0	22
772	0	0	0	21	0	21
773	20	0	0	2	0	22
774	2	18	0	0	0	20
775	0	23	0	0	0	23
776	0	19	0	0	0	19
777	0	2	17	0	0	19
778	0	0	2	16	0	18
779	0	0	20	2	0	22
780	20	0	2	0	0	22
781	22	0	0	0	0	22
782	2	19	0	0	0	21
783	0	2	0	20	0	22
784	0	20	0	2	0	22
785	19	2	0	0	0	21
786	2	0	0	20	0	22
787	0	0	24	2	0	26
788	0	22	2	0	0	24
789	0	2	24	0	0	26
790	0	0	2	23	0	25
791	0	0	24	2	0	26
792	23	0	2	0	0	25
793	2	0	25	0	0	27
794	0	26	2	0	0	28
795	0	2	0	26	0	28
796	0	0	0	28	0	28
797	26	0	0	2	0	28
798	27	0	0	0	0	27
799	2	25	0	0	0	27
800	0	2	23	0	0	25
801	0	0	26	0	0	26
802	25	0	2	0	0	27
803	2	0	24	0	0	26
804	0	0	26	0	0	26
805	0	0	26	0	0	26
806	0	0	25	0	0	25
807	0	25	2	0	0	27
808	25	2	0	0	0	27
809	2	0	0	25	0	27
810	24	0	0	1	0	25
811	1	24	0	0	0	25
812	24	1	0	0	0	25
813	1	24	0	0	0	25
814	0	1	0	24	0	25
815	0	24	0	1	0	25
816	0	1	24	0	0	25
817	0	24	1	0	0	25
818	0	1	0	28	0	29
819	28	0	0	1	0	29
820	1	0	0	28	0	29
821	0	0	28	1	0	29
822	0	0	1	27	0	28
823	0	26	0	1	0	27
824	0	1	26	0	0	27
825	27	0	1	0	0	28
826	1	0	0	27	0	28
827	25	0	0	1	0	26
828	25	0	0	0	0	25
829	1	25	0	0	0	26
830	24	1	0	0	0	25
831	26	0	0	0	0	26
832	1	28	0	0	0	29
833	0	0	0	26	0	26
834	0	0	3	22	0	25
835	0	24	0	0	0	24
836	0	0	0	24	0	24
837	0	0	24	0	0	24
838	0	0	0	24	0	24
839	0	0	24	0	0	24
840	0	0	22	0	0	22
841	0	22	0	0	0	22
842	0	23	0	0	0	23
843	0	22	0	0	0	22
844	0	0	0	22	0	22
845	0	0	23	0	0	23
846	22	0	0	0	0	22
847	0	0	0	22	0	22
848	0	0	24	0	0	24
849	0	0	23	0	0	23
850	0	24	0	0	0	24
851	0	0	0	25	0	25
852	25	0	0	0	0	25
853	0	24	0	0	0	24
854	0	23	0	0	0	23
855	0	25	0	0	0	25
856	0	0	0	29	0	29
857	0	30	0	0	0	30
858	0	0	0	35	0	35
859	0	0	0	35	0	35
860	0	0	33	0	0	33
861	33	0	0	0	0	33
862	0	0	33	0	0	33
863	0	0	0	32	0	32
864	0	0	32	0	0	32
865	0	30	0	0	0	30
866	32	0	0	0	0	32
867	0	0	0	31	0	31
868	0	0	0	31	0	31
869	35	0	0	0	0	35
870	34	0	0	0	0	34
871	34	0	0	0	0	34
872	0	0	37	0	0	37
873	37	0	0	0	0	37
874	0	38	0	0	0	38
875	0	37	0	0	0	37
876	0	0	0	37	0	37
877	0	0	0	35	0	35
878	0	36	0	0	0	36
879	0	0	0	34	0	34
880	34	0	0	0	0	34
881	0	0	33	0	0	33
882	0	34	0	0	0	34
883	33	0	0	0	0	33
884	0	35	0	0	0	35
885	0	0	36	0	0	36
886	0	0	0	36	0	36
887	0	0	32	0	0	32
888	0	32	0	0	0	32
889	0	0	0	32	0	32
890	0	0	32	0	0	32
891	0	0	32	0	0	32
892	0	0	0	32	0	32
893	30	0	0	0	0	30
894	29	0	0	0	0	29
895	28	0	0	0	0	28
896	0	0	32	0	0	32
897	0	31	0	0	0	31
898	0	0	0	30	0	30
899	0	0	0	32	0	32
900	0	32	0	0	0	32
901	32	0	0	0	0	32
902	0	0	0	32	0	32
903	0	0	30	0	0	30
904	0	31	0	0	0	31
905	31	0	0	0	0	31
906	0	31	0	0	0	31
907	0	0	0	31	0	31
908	0	0	0	31	0	31
909	0	0	0	31	0	31
910	0	0	31	0	0	31
911	0	1	0	28	0	29
912	0	30	0	0	0	30
913	0	31	0	0	0	31
914	0	0	29	0	0	29
915	28	0	0	0	0	28
916	30	0	0	0	0	30
917	0	30	0	0	0	30
918	27	0	0	0	0	27
919	27	0	0	0	0	27
920	0	27	0	1	0	28
921	0	0	0	27	0	27
922	0	0	28	0	0	28
923	1	0	27	0	0	28
924	26	0	1	0	0	27
925	0	27	0	1	0	28
926	0	0	1	27	0	28
927	0	1	0	28	0	29
928	1	0	0	28	0	29
929	28	0	0	1	0	29
930	0	0	0	28	0	28
931	1	0	0	30	0	31
932	1	0	27	0	0	28
933	28	0	0	0	0	28
934	0	26	1	0	0	27
935	28	0	0	0	0	28
936	0	29	0	0	0	29
937	0	1	0	29	0	30
938	27	0	0	1	0	28
939	28	0	0	1	0	29
940	0	1	28	0	0	29
941	28	0	0	1	0	29
942	1	0	28	0	0	29
943	0	0	28	0	0	28
944	0	1	28	0	0	29
945	1	0	31	0	0	32
946	0	1	0	31	0	32
947	0	0	32	0	0	32
948	0	0	0	30	0	30
949	32	0	1	0	0	33
950	0	0	0	31	0	31
951	32	0	0	0	0	32
952	0	32	1	0	0	33
953	0	0	1	31	0	32
954	0	0	32	1	0	33
955	1	32	0	0	0	33
956	2	0	0	26	0	28
957	1	0	26	0	0	27
958	0	22	0	0	0	22
959	0	21	0	0	0	21
960	0	0	22	0	0	22
961	0	0	0	20	0	20
962	0	0	22	0	0	22
963	21	0	0	0	0	21
964	22	0	0	0	0	22
965	0	22	0	0	0	22
966	22	0	0	0	0	22
967	0	0	0	22	0	22
968	0	0	22	0	0	22
969	18	0	0	0	0	18
970	0	0	20	0	0	20
971	0	20	0	0	0	20
972	18	0	0	0	0	18
973	0	0	0	16	0	16
974	0	0	16	0	0	16
975	17	0	0	0	0	17
976	17	0	0	0	0	17
977	17	0	0	0	0	17
978	0	0	0	18	0	18
979	0	0	0	18	0	18
980	0	0	18	0	0	18
981	0	18	0	0	0	18
982	0	0	0	17	0	17
983	0	0	0	18	0	18
984	0	0	17	0	0	17
985	0	0	16	0	0	16
986	0	0	0	16	0	16
987	16	0	0	0	0	16
988	0	16	0	0	0	16
989	16	0	0	0	0	16
990	0	16	0	0	0	16
991	0	0	16	0	0	16
992	0	0	16	0	0	16
993	18	0	0	0	0	18
994	21	0	0	0	0	21
995	0	21	0	0	0	21
996	0	0	19	0	0	19
997	0	0	0	19	0	19
998	0	0	0	19	0	19
999	0	19	0	0	0	19
1000	0	0	0	19	0	19
1001	0	0	19	0	0	19
1002	19	0	0	0	0	19
1003	19	0	0	0	0	19
1004	19	0	0	0	0	19
1005	19	0	0	0	0	19
1006	0	0	19	0	0	19
1007	19	0	0	0	0	19
1008	0	0	18	0	0	18
1009	0	19	0	0	0	19
1010	0	0	0	19	0	19
1011	19	0	0	0	0	19
1012	0	0	0	23	0	23
1013	0	0	23	0	0	23
1014	23	0	0	0	0	23
1015	23	0	0	0	0	23
1016	0	0	0	23	0	23
1017	0	0	0	23	0	23
1018	0	0	23	0	0	23
1019	0	23	0	0	0	23
1020	23	0	0	0	0	23
1021	0	0	22	0	0	22
1022	22	0	0	0	0	22
1023	0	22	0	0	0	22
1024	22	0	0	0	0	22
1025	0	22	0	0	0	22
1026	0	22	0	0	0	22
1027	0	0	0	22	0	22
1028	0	0	0	22	0	22
1029	0	0	0	22	0	22
1030	0	0	0	22	0	22
1031	0	0	20	0	0	20
1032	20	0	0	0	0	20
1033	19	0	0	0	0	19
1034	20	0	0	0	0	20
1035	0	0	0	20	0	20
1036	0	0	0	18	0	18
1037	18	0	0	0	0	18
1038	18	0	0	0	0	18
1039	18	0	0	0	0	18
1040	0	0	0	18	0	18
1041	0	0	0	18	0	18
1042	0	0	18	0	0	18
1043	0	0	18	0	0	18
1044	0	18	0	0	0	18
1045	14	0	0	0	0	14
1046	16	0	0	0	0	16
1047	16	0	0	0	0	16
1048	0	0	17	0	0	17
1049	16	0	0	0	0	16
1050	16	0	0	0	0	16
1051	15	0	0	0	0	15
1052	0	0	0	16	0	16
1053	0	0	0	16	0	16
1054	0	0	0	15	0	15
1055	0	0	14	0	0	14
1056	15	0	0	0	0	15
1057	0	14	0	0	0	14
1058	14	0	0	0	0	14
1059	0	14	0	0	0	14
1060	0	14	0	0	0	14
1061	0	0	0	14	0	14
1062	0	0	0	14	0	14
1063	0	14	0	0	0	14
1064	14	0	0	0	0	14
1065	14	0	0	0	0	14
1066	0	0	0	14	0	14
1067	0	0	15	0	0	15
1068	0	0	15	0	0	15
1069	0	0	16	0	0	16
1070	0	0	15	0	0	15
1071	16	0	0	0	0	16
1072	16	0	0	0	0	16
1073	0	0	0	16	0	16
1074	0	0	16	0	0	16
1075	0	0	0	16	0	16
1076	0	16	0	0	0	16
1077	0	16	0	0	0	16
1078	15	0	0	0	0	15
1079	15	0	0	0	0	15
1080	15	0	0	0	0	15
1081	0	0	0	15	0	15
1082	0	0	0	15	0	15
1083	0	0	0	15	0	15
1084	0	0	0	15	0	15
1085	0	0	15	0	0	15
1086	0	0	0	15	0	15
1087	16	0	0	0	0	16
1088	0	0	0	16	0	16
1089	0	0	0	16	0	16
1090	0	0	0	15	0	15
1091	0	16	0	0	0	16
1092	0	15	0	0	0	15
1093	0	14	0	0	0	14
1094	0	0	0	11	0	11
1095	0	0	0	11	0	11
1096	11	0	0	0	0	11
1097	11	0	0	0	0	11
1098	11	0	0	0	0	11
1099	0	0	0	11	0	11
1100	0	0	0	11	0	11
1101	0	11	0	0	0	11
1102	0	11	0	0	0	11
1103	11	0	0	0	0	11
1104	0	0	0	11	0	11
1105	14	0	0	0	0	14
1106	14	0	0	0	0	14
1107	0	0	0	14	0	14
1108	0	17	0	0	0	17
1109	17	0	0	0	0	17
1110	17	0	0	0	0	17
1111	0	0	18	0	0	18
1112	14	0	0	0	0	14
1113	0	15	0	0	0	15
1114	0	0	0	15	0	15
1115	17	0	0	0	0	17
1116	0	0	0	18	0	18
1117	0	0	0	18	0	18
1118	0	18	0	0	0	18
1119	18	0	0	0	0	18
1120	18	0	0	0	0	18
1121	0	18	0	0	0	18
1122	0	19	0	0	0	19
1123	19	0	0	0	0	19
1124	19	0	0	0	0	19
1125	0	0	19	0	0	19
1126	0	0	18	0	0	18
1127	0	0	21	0	0	21
1128	0	0	0	21	0	21
1129	0	0	0	21	0	21
1130	0	0	21	0	0	21
1131	24	0	0	0	0	24
1132	24	0	0	0	0	24
1133	23	0	0	0	0	23
1134	24	0	0	0	0	24
1135	0	0	26	0	0	26
1136	26	0	0	0	0	26
1137	27	0	0	0	0	27
1138	28	0	0	0	0	28
1139	27	0	0	0	0	27
1140	28	0	0	0	0	28
1141	0	0	28	0	0	28
1142	0	28	0	0	0	28
1143	0	0	0	27	0	27
1144	0	0	0	28	0	28
1145	0	0	27	0	0	27
1146	24	0	0	0	0	24
1147	1	0	0	25	0	26
1148	0	0	24	0	0	24
1149	0	0	21	0	0	21
1150	0	23	0	0	0	23
1151	0	0	0	24	0	24
1152	0	0	0	24	0	24
1153	0	0	0	24	0	24
1154	24	0	0	0	0	24
1155	0	0	0	23	0	23
1156	0	0	23	0	0	23
1157	0	0	22	0	0	22
1158	0	0	26	0	0	26
1159	0	0	0	26	0	26
1160	27	0	0	0	0	27
1161	0	0	27	0	0	27
1162	27	0	0	0	0	27
1163	29	0	0	0	0	29
1164	0	0	0	30	0	30
1165	0	0	0	30	0	30
1166	0	30	0	0	0	30
1167	0	0	29	0	0	29
1168	29	0	0	0	0	29
1169	0	0	0	28	0	28
1170	0	28	0	0	0	28
1171	0	0	0	28	0	28
1172	0	0	28	0	0	28
1173	0	0	0	28	0	28
1174	0	28	0	0	0	28
1175	0	0	0	28	0	28
1176	28	0	0	0	0	28
1177	0	0	0	28	0	28
1178	0	28	0	0	0	28
1179	0	28	0	0	0	28
1180	28	0	0	0	0	28
1181	0	0	30	0	0	30
1182	0	0	0	30	0	30
1183	0	0	0	30	0	30
1184	0	0	31	0	0	31
1185	0	31	0	0	0	31
1186	0	0	31	0	0	31
1187	0	0	0	30	0	30
1188	0	29	0	0	0	29
1189	29	0	0	0	0	29
1190	0	30	0	0	0	30
1191	0	32	0	0	0	32
1192	32	0	0	0	0	32
1193	32	0	0	0	0	32
1194	33	0	0	0	0	33
1195	0	0	0	36	0	36
1196	0	0	37	0	0	37
1197	39	0	0	0	0	39
1198	39	0	0	0	0	39
1199	0	0	0	43	0	43
1200	0	0	43	0	0	43
1201	0	43	0	0	0	43
1202	42	0	0	0	0	42
1203	44	0	0	0	0	44
1204	0	45	0	0	0	45
1205	0	45	0	0	0	45
1206	45	0	0	0	0	45
1207	43	0	0	0	0	43
1208	42	0	0	0	0	42
1209	0	0	0	42	0	42
1210	0	0	44	0	0	44
1211	0	0	0	43	0	43
1212	0	0	43	0	0	43
1213	0	42	0	0	0	42
1214	0	43	0	0	0	43
1215	1	0	0	40	0	41
1216	0	0	0	39	0	39
1217	0	0	0	39	0	39
1218	0	40	0	0	0	40
1219	39	0	0	0	0	39
1220	39	0	0	0	0	39
1221	0	40	0	0	0	40
1222	0	0	0	39	0	39
1223	0	39	0	0	0	39
1224	0	0	0	39	0	39
1225	0	39	0	0	0	39
1226	39	0	0	0	0	39
1227	0	0	0	37	0	37
1228	0	0	37	0	0	37
1229	35	0	0	0	0	35
1230	37	0	0	0	0	37
1231	0	0	33	0	0	33
1232	0	0	0	34	0	34
1233	0	0	34	0	0	34
1234	0	0	0	33	0	33
1235	0	0	32	0	0	32
1236	29	0	0	0	0	29
1237	0	0	0	30	0	30
1238	0	30	0	0	0	30
1239	30	0	0	0	0	30
1240	0	0	0	30	0	30
1241	0	0	0	30	0	30
1242	0	0	30	0	0	30
1243	0	0	0	31	0	31
1244	0	0	32	0	0	32
1245	0	0	34	0	0	34
1246	0	0	0	34	0	34
1247	0	0	38	0	0	38
1248	47	0	0	0	0	47
1249	54	0	0	0	0	54
1250	65	0	0	0	0	65
1251	1	65	0	0	0	66
1252	0	1	0	63	0	64
1253	0	0	0	66	0	66
1254	0	68	0	0	0	68
1255	67	1	0	0	0	68
1256	1	0	0	66	0	67
1257	0	0	73	1	0	74
1258	0	0	69	0	0	69
1259	0	69	0	0	0	69
1260	67	1	0	0	0	68
1261	1	0	69	0	0	70
1262	66	0	1	0	0	67
1263	1	65	0	0	0	66
1264	0	1	65	0	0	66
1265	0	0	66	0	0	66
1266	0	0	69	0	0	69
1267	0	68	1	0	0	69
1268	0	1	68	0	0	69
1269	68	0	1	0	0	69
1270	1	0	0	69	0	70
1271	0	0	0	73	0	73
1272	0	0	0	74	0	74
1273	0	0	0	74	0	74
1274	0	0	73	0	0	73
1275	0	0	1	74	0	75
1276	0	0	0	76	0	76
1277	71	0	0	1	0	72
1278	78	0	0	0	0	78
1279	74	0	0	0	0	74
1280	2	0	79	0	0	81
1281	1	77	1	0	0	79
1282	0	79	1	0	0	80
1283	78	2	0	0	0	80
1284	0	78	1	0	0	79
1285	1	1	0	78	0	80
1286	0	1	0	79	0	80
1287	0	0	77	2	0	79
1288	0	78	1	1	0	80
1289	0	1	78	0	0	79
1290	77	1	0	0	0	78
1291	75	0	1	0	0	76
1292	2	0	0	74	0	76
1293	1	0	0	76	0	77
1294	0	0	0	77	0	77
1295	0	0	0	73	0	73
1296	0	0	71	2	0	73
1297	0	0	1	69	0	70
1298	0	0	68	1	0	69
1299	0	0	65	1	0	66
1300	0	64	2	0	0	66
1301	64	1	1	0	0	66
1302	1	67	0	0	0	68
1303	1	1	0	64	0	66
1304	0	1	69	1	0	71
1305	66	0	0	1	0	67
1306	1	0	68	1	0	70
1307	68	0	2	0	0	70
1308	66	0	1	0	0	67
1309	2	0	0	68	0	70
1310	0	0	0	67	0	67
1311	1	0	0	66	0	67
1312	1	0	66	2	0	69
1313	66	0	1	1	0	68
1314	1	67	1	0	0	69
1315	1	1	0	67	0	69
1316	66	1	0	2	0	69
1317	65	1	0	1	0	67
1318	69	0	0	0	0	69
1319	2	0	66	1	0	69
1320	66	0	2	0	0	68
1321	68	0	2	0	0	70
1322	2	1	71	0	0	74
1323	2	0	75	0	0	77
1324	0	0	2	75	0	77
1325	1	0	75	1	0	77
1326	0	74	0	1	0	75
1327	0	77	2	0	0	79
1328	77	2	1	0	0	80
1329	1	76	1	0	0	78
1330	1	1	0	77	0	79
1331	75	1	1	1	0	78
1332	2	77	0	1	0	80
1333	1	1	0	78	0	80
1334	0	1	0	79	0	80
1335	0	0	77	3	0	80
1336	0	0	1	79	0	80
1337	0	0	78	1	0	79
1338	0	0	75	2	0	77
1339	0	0	1	78	0	79
1340	1	0	1	78	0	80
1341	79	0	0	2	0	81
1342	2	85	0	1	0	88
1343	1	1	0	82	0	84
1344	0	1	0	83	0	84
1345	81	0	0	2	0	83
1346	1	81	0	1	0	83
1347	1	78	0	0	0	79
1348	0	68	0	0	0	68
1349	0	61	0	0	0	61
1350	50	1	0	0	0	51
1351	50	1	0	0	0	51
1352	51	0	0	0	0	51
1353	48	0	0	0	0	48
1354	1	0	0	47	0	48
1355	1	0	46	0	0	47
1356	0	47	0	1	0	48
1357	0	0	1	39	0	40
1358	0	1	42	0	0	43
1359	1	0	0	42	0	43
1360	0	0	1	41	0	42
1361	0	0	42	1	0	43
1362	0	0	0	43	0	43
1363	0	0	1	41	0	42
1364	42	0	0	1	0	43
1365	40	0	0	1	0	41
1366	41	0	0	0	0	41
1367	41	0	0	0	0	41
1368	1	0	0	40	0	41
1369	1	0	0	40	0	41
1370	0	0	0	36	0	36
1371	37	0	0	1	0	38
1372	0	0	0	38	0	38
1373	1	0	0	37	0	38
1374	0	0	34	1	0	35
1375	0	0	0	35	0	35
1376	0	34	1	0	0	35
1377	0	35	0	1	0	36
1378	32	0	0	0	0	32
1379	0	0	32	0	0	32
1380	0	29	0	0	0	29
1381	28	0	0	0	0	28
1382	0	0	0	29	0	29
1383	0	0	29	0	0	29
1384	0	0	0	27	0	27
1385	0	29	0	0	0	29
1386	31	0	0	0	0	31
1387	0	30	0	0	0	30
1388	32	0	0	0	0	32
1389	32	0	0	0	0	32
1390	0	0	0	32	0	32
1391	0	0	0	32	0	32
1392	0	32	0	0	0	32
1393	32	0	0	0	0	32
1394	0	0	32	0	0	32
1395	32	0	0	0	0	32
1396	32	0	0	0	0	32
1397	0	0	30	0	0	30
1398	0	1	0	31	0	32
1399	32	0	0	0	0	32
1400	0	0	31	0	0	31
1401	0	0	32	0	0	32
1402	30	0	0	0	0	30
1403	0	31	0	0	0	31
1404	0	25	0	0	0	25
1405	0	0	0	25	0	25
1406	0	0	25	0	0	25
1407	25	0	0	0	0	25
1408	0	0	25	0	0	25
1409	0	24	0	0	0	24
1410	24	0	0	0	0	24
1411	0	0	0	24	0	24
1412	24	0	0	0	0	24
1413	0	0	24	0	0	24
1414	0	0	0	23	0	23
1415	0	24	0	0	0	24
1416	0	0	0	24	0	24
1417	0	0	0	24	0	24
1418	0	0	24	0	0	24
1419	0	24	0	0	0	24
1420	0	24	0	0	0	24
1421	0	0	22	0	0	22
1422	15	0	0	0	0	15
1423	15	0	0	0	0	15
1424	0	0	0	15	0	15
1425	15	0	0	0	0	15
1426	0	14	0	0	0	14
1427	0	14	0	0	0	14
1428	14	0	0	0	0	14
1429	0	0	0	14	0	14
1430	14	0	0	0	0	14
1431	14	0	0	0	0	14
1432	0	0	0	14	0	14
1433	0	0	14	0	0	14
1434	14	0	0	0	0	14
1435	14	0	0	0	0	14
1436	0	0	0	13	0	13
1437	0	14	0	0	0	14
1438	0	0	0	14	0	14
1439	0	0	14	0	0	14
1440	0	0	13	0	0	13
1441	0	13	0	0	0	13
1442	0	0	0	6	0	6
1443	0	0	0	6	0	6
1444	0	0	6	0	0	6
1445	6	0	0	0	0	6
1446	6	0	0	0	0	6
1447	6	0	0	0	0	6
1448	6	0	0	0	0	6
1449	0	5	0	0	0	5
1450	0	6	0	0	0	6
1451	6	0	0	0	0	6
1452	0	0	0	5	0	5
1453	0	0	0	6	0	6
1454	0	6	0	0	0	6
1455	0	0	0	6	0	6
1456	0	0	0	6	0	6
1457	0	6	0	0	0	6
1458	0	0	6	0	0	6
1459	0	0	0	6	0	6
1460	6	0	0	0	0	6
1461	5	0	0	0	0	5
1462	0	0	5	0	0	5
1463	0	0	5	0	0	5
1464	0	0	5	0	0	5
1465	0	0	0	5	0	5
1466	0	0	5	0	0	5
1467	0	0	4	0	0	4
1468	0	0	0	5	0	5
1469	0	6	0	0	0	6
1470	0	0	6	0	0	6
1471	0	4	0	0	0	4
1472	4	0	0	0	0	4
1473	0	4	0	0	0	4
1474	0	0	0	4	0	4
1475	4	0	0	0	0	4
1476	0	0	0	4	0	4
1477	0	0	0	4	0	4
1478	0	0	4	0	0	4
1479	0	3	0	0	0	3
1480	0	4	0	0	0	4
1481	0	0	0	4	0	4
1482	0	0	0	4	0	4
1483	0	0	0	4	0	4
1484	0	0	3	0	0	3
1485	0	0	3	0	0	3
1486	2	0	0	0	0	2
1487	0	0	2	0	0	2
1488	0	0	1	0	0	1
1489	0	1	0	0	0	1
1490	0	0	0	1	0	1
1491	0	0	1	0	0	1
1492	0	0	0	1	0	1
1493	0	0	1	0	0	1
1494	0	0	0	1	0	1
1495	0	0	1	0	0	1
1496	0	0	0	1	0	1
1497	0	0	0	1	0	1
1498	0	1	0	0	0	1
1499	0	0	0	1	0	1
1500	0	1	0	0	0	1
1501	0	0	0	1	0	1
1502	0	0	0	1	0	1
1503	1	0	0	0	0	1
1504	0	0	0	1	0	1
1505	0	0	1	0	0	1
1506	0	0	0	1	0	1
1507	0	0	0	1	0	1
1508	0	0	1	0	0	1
1509	0	0	1	0	0	1
1510	0	0	0	1	0	1
1511	0	0	0	1	0	1
1512	0	0	1	0	0	1
1513	0	1	0	0	0	1
1514	0	1	0	0	0	1
1515	1	0	0	0	0	1
1516	0	0	0	1	0	1
1517	1	0	0	0	0	1
1518	1	0	0	0	0	1
1519	0	1	0	0	0	1
1520	1	0	0	0	0	1
1521	1	0	0	0	0	1
1522	0	0	1	0	0	1
1523	0	0	0	1	0	1
1524	0	0	1	0	0	1
1525	0	0	0	1	0	1
1526	0	0	1	0	0	1
1527	0	1	0	0	0	1
1528	0	1	0	0	0	1
1529	0	0	0	1	0	1
1530	1	0	0	0	0	1
1531	0	0	0	1	0	1
1532	0	0	0	1	0	1
1533	0	0	1	0	0	1
1534	0	0	1	0	0	1
1535	0	0	1	0	0	1
1536	0	0	0	1	0	1
1537	0	0	0	1	0	1
1538	0	1	0	0	0	1
1539	0	1	0	0	0	1
1540	1	0	0	0	0	1
1541	0	1	0	0	0	1
1542	0	0	1	0	0	1
1543	0	0	0	1	0	1
1544	0	0	1	0	0	1
1545	0	1	0	0	0	1
1546	0	0	0	1	0	1
1547	1	0	0	0	0	1
1548	0	0	1	0	0	1
1549	0	1	0	0	0	1
1550	0	0	1	0	0	1
1551	0	1	0	0	0	1
1552	0	0	0	1	0	1
1553	1	0	0	0	0	1
1554	1	0	0	0	0	1
1555	0	1	0	0	0	1
1556	1	0	0	0	0	1
1557	0	0	0	1	0	1
1558	1	0	0	0	0	1
1559	0	0	1	0	0	1
1560	0	0	1	0	0	1
1561	0	0	0	1	0	1
1562	0	0	0	1	0	1
1563	0	0	1	0	0	1
1564	0	0	0	1	0	1
1565	1	0	0	0	0	1
1566	1	0	0	0	0	1
1567	0	1	0	0	0	1
1568	0	0	0	0	0	0
1569	0	0	0	0	0	0
1570	0	0	0	0	0	0
1571	0	0	0	0	0	0
1572	0	0	0	0	0	0
1573	0	0	0	0	0	0
1574	0	0	0	0	0	0
1575	0	0	0	0	0	0
1576	0	0	0	0	0	0
1577	0	0	0	0	0	0
1578	0	0	0	0	0	0
1579	0	0	0	0	0	0
1580	0	0	1	0	0	1
1581	0	0	0	1	0	1
1582	0	0	0	1	0	1
1583	0	0	1	0	0	1
1584	0	0	1	0	0	1
1585	1	0	0	0	0	1
1586	0	0	1	0	0	1
1587	1	0	0	0	0	1
1588	1	0	0	0	0	1
1589	0	0	1	0	0	1
1590	0	0	1	0	0	1
1591	0	0	0	1	0	1
1592	0	0	0	1	0	1
1593	0	1	0	0	0	1
1594	0	4	0	0	0	4
1595	0	0	5	0	0	5
1596	5	0	0	0	0	5
1597	5	0	0	0	0	5
1598	0	0	5	0	0	5
1599	0	0	5	0	0	5
1600	0	0	0	5	0	5
1601	0	5	0	0	0	5
1602	0	0	0	5	0	5
1603	0	0	0	5	0	5
1604	5	0	0	0	0	5
1605	5	0	0	0	0	5
1606	0	0	0	5	0	5
1607	0	0	8	0	0	8
1608	8	0	0	0	0	8
1609	0	9	0	0	0	9
1610	9	0	0	0	0	9
1611	9	0	0	0	0	9
1612	0	8	0	0	0	8
1613	0	8	0	0	0	8
1614	0	0	0	9	0	9
1615	0	0	0	7	0	7
1616	0	9	0	0	0	9
1617	0	0	0	9	0	9
1618	0	0	0	9	0	9
1619	0	0	9	0	0	9
1620	8	0	0	0	0	8
1621	8	0	0	0	0	8
1622	7	0	0	0	0	7
1623	0	0	0	9	0	9
1624	9	0	0	0	0	9
1625	0	8	0	0	0	8
1626	0	0	0	9	0	9
1627	0	9	0	0	0	9
1628	0	9	0	0	0	9
1629	8	0	0	0	0	8
1630	9	0	0	0	0	9
1631	7	0	0	0	0	7
1632	9	0	0	0	0	9
1633	9	0	0	0	0	9
1634	0	0	8	0	0	8
1635	8	0	0	0	0	8
1636	0	0	9	0	0	9
1637	9	0	0	0	0	9
1638	9	0	0	0	0	9
1639	8	0	0	0	0	8
1640	0	0	9	0	0	9
1641	0	0	0	9	0	9
1642	0	9	0	0	0	9
1643	10	0	0	0	0	10
1644	10	0	0	0	0	10
1645	0	11	0	0	0	11
1646	11	0	0	0	0	11
1647	0	0	0	12	0	12
1648	0	12	0	0	0	12
1649	12	0	0	0	0	12
1650	12	0	0	0	0	12
1651	0	0	0	12	0	12
1652	12	0	0	0	0	12
1653	0	0	0	12	0	12
1654	0	0	0	12	0	12
1655	0	0	12	0	0	12
1656	0	0	0	11	0	11
1657	0	0	0	12	0	12
1658	0	0	12	0	0	12
1659	0	0	11	0	0	11
1660	0	0	0	14	0	14
1661	0	0	15	0	0	15
1662	12	0	0	0	0	12
1663	0	15	0	0	0	15
1664	0	0	0	15	0	15
1665	0	0	0	15	0	15
1666	0	0	0	15	0	15
1667	15	0	0	0	0	15
1668	14	0	0	0	0	14
1669	14	0	0	0	0	14
1670	0	15	0	0	0	15
1671	0	0	0	15	0	15
1672	0	0	0	14	0	14
1673	15	0	0	0	0	15
1674	14	0	0	0	0	14
1675	0	0	0	14	0	14
1676	0	0	14	0	0	14
1677	14	0	0	0	0	14
1678	15	0	0	0	0	15
1679	0	0	15	0	0	15
1680	13	0	0	0	0	13
1681	0	0	14	0	0	14
1682	13	0	0	0	0	13
1683	0	0	0	14	0	14
1684	0	14	0	0	0	14
1685	0	0	13	0	0	13
1686	0	13	0	0	0	13
1687	0	13	0	0	0	13
1688	14	0	0	0	0	14
1689	0	0	0	12	0	12
1690	0	0	0	14	0	14
1691	15	0	0	0	0	15
1692	0	0	0	13	0	13
1693	0	0	0	15	0	15
1694	0	0	0	11	0	11
1695	0	0	0	10	0	10
1696	0	0	11	0	0	11
1697	0	0	10	0	0	10
1698	0	11	0	0	0	11
1699	11	0	0	0	0	11
1700	0	0	0	11	0	11
1701	0	12	0	0	0	12
1702	0	0	0	12	0	12
1703	0	0	0	11	0	11
1704	0	0	0	12	0	12
1705	0	0	0	12	0	12
1706	0	0	0	12	0	12
1707	0	8	0	0	0	8
1708	0	0	0	8	0	8
1709	0	0	8	0	0	8
1710	0	8	0	0	0	8
1711	0	0	0	8	0	8
1712	0	0	0	8	0	8
1713	0	8	0	0	0	8
1714	0	8	0	0	0	8
1715	8	0	0	0	0	8
1716	0	8	0	0	0	8
1717	8	0	0	0	0	8
1718	8	0	0	0	0	8
1719	0	0	10	0	0	10
1720	0	0	0	10	0	10
1721	0	0	10	0	0	10
1722	0	10	0	0	0	10
1723	0	0	0	10	0	10
1724	0	0	0	10	0	10
1725	0	0	0	10	0	10
1726	0	0	0	10	0	10
1727	0	0	11	0	0	11
1728	0	0	0	11	0	11
1729	0	0	11	0	0	11
1730	0	0	11	0	0	11
1731	10	0	0	0	0	10
1732	11	0	0	0	0	11
1733	11	0	0	0	0	11
1734	0	11	0	0	0	11
1735	0	0	0	11	0	11
1736	0	0	11	0	0	11
1737	0	0	0	10	0	10
1738	0	0	15	0	0	15
1739	14	0	0	0	0	14
1740	15	0	0	0	0	15
1741	15	0	0	0	0	15
1742	0	0	15	0	0	15
1743	0	0	13	0	0	13
1744	0	0	0	14	0	14
1745	1	0	0	11	0	12
1746	0	0	0	12	0	12
1747	0	0	15	0	0	15
1748	0	0	14	0	0	14
1749	15	0	0	0	0	15
1750	0	0	0	15	0	15
1751	0	0	0	15	0	15
1752	15	0	0	0	0	15
1753	0	0	0	15	0	15
1754	15	0	0	0	0	15
1755	15	0	0	0	0	15
1756	13	0	0	0	0	13
1757	0	0	14	0	0	14
1758	0	15	0	0	0	15
1759	17	0	0	0	0	17
1760	0	0	0	14	0	14
1761	0	0	0	14	0	14
1762	0	14	0	0	0	14
1763	14	0	0	0	0	14
1764	14	0	0	0	0	14
1765	14	0	0	0	0	14
1766	0	14	0	0	0	14
1767	16	0	0	0	0	16
1768	16	0	0	0	0	16
1769	16	0	0	0	0	16
1770	0	0	0	16	0	16
1771	0	0	0	16	0	16
1772	0	0	17	0	0	17
1773	0	0	0	16	0	16
1774	0	0	0	15	0	15
1775	0	0	17	0	0	17
1776	17	0	0	0	0	17
1777	17	0	0	0	0	17
1778	0	0	0	17	0	17
1779	0	17	0	0	0	17
1780	0	17	0	0	0	17
1781	0	0	0	17	0	17
1782	0	0	17	0	0	17
1783	0	0	0	16	0	16
1784	0	0	17	0	0	17
1785	0	0	19	0	0	19
1786	0	0	0	19	0	19
1787	19	0	0	0	0	19
1788	19	0	0	0	0	19
1789	0	0	0	21	0	21
1790	0	0	0	21	0	21
1791	0	0	0	20	0	20
1792	0	0	0	20	0	20
1793	20	0	0	0	0	20
1794	20	0	0	0	0	20
1795	20	0	0	0	0	20
1796	0	0	20	0	0	20
1797	0	0	0	20	0	20
1798	0	0	0	20	0	20
1799	20	0	0	0	0	20
1800	0	20	0	0	0	20
1801	18	0	0	0	0	18
1802	20	0	0	0	0	20
1803	20	0	0	0	0	20
1804	21	0	0	0	0	21
1805	0	0	22	0	0	22
1806	0	0	20	0	0	20
1807	23	0	0	0	0	23
1808	23	0	0	0	0	23
1809	23	0	0	0	0	23
1810	26	0	0	0	0	26
1811	0	0	26	0	0	26
1812	0	25	0	0	0	25
1813	0	0	0	26	0	26
1814	26	0	0	0	0	26
1815	26	0	0	0	0	26
1816	28	0	0	0	0	28
1817	32	0	0	0	0	32
1818	32	0	0	0	0	32
1819	30	0	0	0	0	30
1820	0	0	28	0	0	28
1821	0	0	30	0	0	30
1822	1	0	0	30	0	31
1823	0	0	29	0	0	29
1824	1	30	0	0	0	31
1825	1	30	0	0	0	31
1826	0	0	0	29	0	29
1827	0	0	31	0	0	31
1828	0	0	28	1	0	29
1829	31	0	1	0	0	32
1830	32	1	0	0	0	33
1831	1	1	0	36	0	38
1832	36	0	0	2	0	38
1833	1	0	1	35	0	37
1834	0	0	1	38	0	39
1835	1	2	37	1	0	41
1836	1	0	40	0	0	41
1837	0	0	1	40	0	41
1838	1	0	36	1	0	38
1839	34	1	0	1	0	36
1840	37	0	0	1	0	38
1841	1	34	1	0	0	36
1842	36	1	1	0	0	38
1843	0	0	34	1	0	35
1844	38	1	1	0	0	40
1845	39	0	0	0	0	39
1846	40	0	0	0	0	40
1847	1	1	0	36	0	38
1848	1	36	0	1	0	38
1849	37	1	1	0	0	39
1850	39	0	0	0	0	39
1851	2	0	0	37	0	39
1852	37	0	0	1	0	38
1853	1	40	0	1	0	42
1854	0	2	0	42	0	44
1855	1	0	41	1	0	43
1856	41	0	1	0	0	42
1857	1	0	41	1	0	43
1858	1	0	1	39	0	41
1859	0	37	0	1	0	38
1860	0	41	0	1	0	42
1861	0	1	1	40	0	42
1862	1	42	0	2	0	45
1863	0	2	1	49	0	52
1864	0	0	0	51	0	51
1865	1	1	0	52	0	54
1866	50	0	0	2	0	52
1867	1	0	0	50	0	51
1868	0	1	48	2	0	51
1869	0	52	1	1	0	54
1870	50	2	0	1	0	53
1871	2	0	0	55	0	57
1872	1	0	0	55	0	56
1873	1	0	0	55	0	56
1874	0	0	51	3	0	54
1875	0	53	2	0	0	55
1876	52	3	0	0	0	55
1877	3	0	0	52	0	55
1878	0	50	0	3	0	53
1879	51	2	0	2	0	55
1880	2	0	53	1	0	56
1881	51	1	2	0	0	54
1882	3	1	51	0	0	55
1883	1	0	51	1	0	53
1884	0	50	2	2	0	54
1885	1	3	0	49	0	53
1886	1	0	51	2	0	54
1887	1	48	3	0	0	52
1888	1	2	1	47	0	51
1889	0	48	2	2	0	52
1890	0	3	46	0	0	49
1891	0	1	2	47	0	50
1892	0	0	48	3	0	51
1893	0	1	3	48	0	52
1894	0	1	0	51	0	52
1895	0	1	46	3	0	50
1896	0	1	2	47	0	50
1897	45	0	1	3	0	49
1898	3	48	1	1	0	53
1899	1	2	48	1	0	52
1900	48	0	2	3	0	53
1901	3	0	1	47	0	51
1902	0	45	1	4	0	50
1903	47	2	0	2	0	51
1904	49	1	1	0	0	51
1905	2	1	2	46	0	51
1906	1	0	1	49	0	51
1907	1	0	1	48	0	50
1908	1	1	0	49	0	51
1909	2	44	0	2	0	48
1910	2	3	0	39	0	44
1911	2	39	0	3	0	44
1912	0	40	1	2	0	43
1913	1	42	0	3	0	46
1914	1	2	37	3	0	43
1915	2	41	2	1	0	46
1916	37	3	0	4	0	44
1917	1	37	1	1	0	40
1918	1	4	0	37	0	42
1919	2	43	0	2	0	47
1920	0	2	0	45	0	47
1921	1	0	1	46	0	48
1922	0	2	43	3	0	48
1923	44	0	3	1	0	48
1924	43	2	1	0	0	46
1925	44	0	0	1	0	45
1926	2	43	1	1	0	47
1927	0	3	0	43	0	46
1928	1	1	41	3	0	46
1929	0	39	3	0	0	42
1930	2	3	0	36	0	41
1931	1	35	1	1	0	38
1932	37	1	1	0	0	39
1933	36	2	0	0	0	38
1934	36	0	0	2	0	38
1935	34	0	2	0	0	36
1936	0	1	0	33	0	34
1937	0	0	0	35	0	35
1938	0	33	0	0	0	33
1939	1	0	1	32	0	34
1940	1	0	32	1	0	34
1941	1	0	1	32	0	34
1942	1	0	30	1	0	32
1943	0	31	0	2	0	33
1944	0	0	29	1	0	30
1945	0	0	0	31	0	31
1946	1	0	29	1	0	31
1947	0	1	1	28	0	30
1948	0	0	1	30	0	31
1949	1	0	0	28	0	29
1950	0	1	0	29	0	30
1951	29	0	1	0	0	30
1952	1	34	0	1	0	36
1953	31	0	1	1	0	33
1954	0	0	29	2	0	31
1955	28	0	0	2	0	30
1956	29	0	0	2	0	31
1957	0	0	29	1	0	30
1958	1	2	27	0	0	30
1959	0	28	0	1	0	29
1960	1	26	0	0	0	27
1961	0	0	25	0	0	25
1962	1	24	0	0	0	25
1963	1	0	1	19	0	21
1964	19	0	0	0	0	19
1965	0	0	0	19	0	19
1966	19	0	0	0	0	19
1967	19	0	0	0	0	19
1968	0	19	0	0	0	19
1969	17	0	0	0	0	17
1970	17	0	0	0	0	17
1971	0	0	0	17	0	17
1972	16	0	0	0	0	16
1973	0	16	0	0	0	16
1974	0	0	0	17	0	17
1975	17	0	0	0	0	17
1976	0	0	16	0	0	16
1977	16	0	0	0	0	16
1978	0	0	0	17	0	17
1979	0	0	15	0	0	15
1980	0	0	15	0	0	15
1981	17	0	0	0	0	17
1982	22	0	0	0	0	22
1983	0	0	0	22	0	22
1984	0	0	0	22	0	22
1985	0	0	0	22	0	22
1986	0	22	0	0	0	22
1987	22	0	0	0	0	22
1988	0	22	0	0	0	22
1989	22	0	0	0	0	22
1990	0	0	22	0	0	22
1991	0	0	0	22	0	22
1992	22	0	0	0	0	22
1993	0	0	0	22	0	22
1994	0	0	0	22	0	22
1995	0	22	0	0	0	22
1996	22	0	0	0	0	22
1997	0	21	0	0	0	21
1998	0	0	0	22	0	22
1999	0	0	22	0	0	22
2000	19	0	0	0	0	19
2001	0	0	22	0	0	22
2002	21	0	0	0	0	21
2003	0	23	0	0	0	23
2004	0	0	0	22	0	22
2005	0	22	0	0	0	22
2006	22	0	0	0	0	22
2007	0	0	0	23	0	23
2008	0	0	0	23	0	23
2009	0	0	23	0	0	23
2010	23	0	0	0	0	23
2011	0	0	0	23	0	23
2012	0	0	23	0	0	23
2013	0	23	0	0	0	23
2014	0	0	0	23	0	23
2015	23	0	0	0	0	23
2016	0	0	0	23	0	23
2017	0	0	23	0	0	23
2018	23	0	0	0	0	23
2019	0	0	0	19	0	19
2020	0	0	25	0	0	25
2021	0	0	0	27	0	27
2022	0	0	0	25	0	25
2023	0	27	0	0	0	27
2024	27	0	0	0	0	27
2025	0	27	0	0	0	27
2026	27	0	0	0	0	27
2027	0	0	0	27	0	27
2028	0	26	0	0	0	26
2029	0	0	0	26	0	26
2030	0	0	27	0	0	27
2031	26	0	0	0	0	26
2032	0	0	0	27	0	27
2033	0	0	0	27	0	27
2034	0	0	0	27	0	27
2035	0	0	27	0	0	27
2036	0	0	26	0	0	26
2037	0	27	0	0	0	27
2038	0	0	0	27	0	27
2039	27	0	0	0	0	27
2040	0	26	0	0	0	26
2041	0	0	0	27	0	27
2042	26	0	0	0	0	26
2043	26	0	0	0	0	26
2044	0	27	0	0	0	27
2045	26	0	0	1	0	27
2046	33	0	0	0	0	33
2047	0	0	0	32	0	32
2048	0	32	0	0	0	32
2049	0	0	0	33	0	33
2050	33	0	0	0	0	33
2051	1	0	33	0	0	34
2052	0	0	0	28	0	28
2053	0	1	0	28	0	29
2054	0	0	27	1	0	28
2055	1	0	0	28	0	29
2056	28	0	1	0	0	29
2057	26	0	0	1	0	27
2058	0	0	0	29	0	29
2059	0	0	29	0	0	29
2060	0	0	27	1	0	28
2061	1	27	0	0	0	28
2062	0	26	0	0	0	26
2063	0	0	0	24	0	24
2064	25	0	1	0	0	26
2065	0	24	0	0	0	24
2066	25	1	0	0	0	26
2067	1	0	0	24	0	25
2068	0	0	0	26	0	26
2069	24	0	0	0	0	24
2070	0	26	0	0	0	26
2071	26	0	0	0	0	26
2072	0	0	25	1	0	26
2073	0	0	25	1	0	26
2074	1	0	0	24	0	25
2075	0	1	25	0	0	26
2076	1	0	25	0	0	26
2077	0	0	1	25	0	26
2078	0	0	26	0	0	26
2079	0	0	0	25	0	25
2080	0	0	0	25	0	25
2081	0	0	25	0	0	25
2082	0	0	0	21	0	21
2083	0	0	1	20	0	21
2084	0	20	0	1	0	21
2085	20	0	0	1	0	21
2086	0	0	21	0	0	21
2087	0	0	0	21	0	21
2088	0	0	0	21	0	21
2089	0	1	20	0	0	21
2090	20	0	0	0	0	20
2091	0	20	0	0	0	20
2092	0	0	0	20	0	20
2093	0	0	0	20	0	20
2094	0	20	1	0	0	21
2095	1	0	19	0	0	20
2096	0	21	0	0	0	21
2097	20	0	0	1	0	21
2098	0	0	20	1	0	21
2099	0	1	0	20	0	21
2100	0	0	20	0	0	20
2101	0	1	19	0	0	20
2102	1	19	0	0	0	20
2103	0	0	1	18	0	19
2104	18	0	0	0	0	18
2105	18	0	1	0	0	19
2106	0	17	1	0	0	18
2107	0	1	0	20	0	21
2108	20	0	0	1	0	21
2109	22	0	0	0	0	22
2110	1	21	0	0	0	22
2111	21	1	0	0	0	22
2112	0	0	0	22	0	22
2113	1	19	0	0	0	20
2114	1	0	0	21	0	22
2115	0	0	0	21	0	21
2116	1	0	0	21	0	22
2117	0	0	21	1	0	22
2118	0	1	18	0	0	19
2119	0	18	0	1	0	19
2120	9	0	0	0	0	9
2121	0	10	0	1	0	11
2122	0	0	1	10	0	11
2123	0	0	11	0	0	11
2124	0	1	0	10	0	11
2125	1	0	0	10	0	11
2126	0	1	0	10	0	11
2127	10	0	0	1	0	11
2128	0	0	1	10	0	11
2129	0	0	10	0	0	10
2130	10	0	0	1	0	11
2131	9	0	0	1	0	10
2132	11	0	0	0	0	11
2133	10	0	0	1	0	11
2134	10	0	1	0	0	11
2135	1	10	0	0	0	11
2136	1	0	0	9	0	10
2137	1	10	0	0	0	11
2138	11	0	0	0	0	11
2139	11	0	0	0	0	11
2140	10	1	0	0	0	11
2141	0	10	0	1	0	11
2142	0	10	0	0	0	10
2143	1	10	0	0	0	11
2144	1	0	10	0	0	11
2145	1	3	0	7	0	11
2146	0	4	0	0	0	4
2147	0	5	0	0	0	5
2148	0	1	0	5	0	6
2149	0	0	0	5	0	5
2150	0	0	6	1	0	7
2151	5	0	1	0	0	6
2152	1	0	0	6	0	7
2153	0	0	0	7	0	7
2154	0	0	6	1	0	7
2155	0	0	6	0	0	6
2156	0	6	0	0	0	6
2157	0	1	0	6	0	7
2158	0	0	0	7	0	7
2159	0	0	6	1	0	7
2160	6	0	1	0	0	7
2161	7	0	0	0	0	7
2162	1	0	6	0	0	7
2163	5	0	1	0	0	6
2164	1	0	5	0	0	6
2165	6	0	1	0	0	7
2166	7	0	0	0	0	7
2167	1	0	6	0	0	7
2168	0	0	0	6	0	6
2169	0	0	0	6	0	6
2170	0	0	0	6	0	6
2171	6	0	0	1	0	7
2172	6	0	0	0	0	6
2173	1	0	8	0	0	9
2174	0	0	9	0	0	9
2175	7	0	1	0	0	8
2176	9	0	0	0	0	9
2177	1	0	8	0	0	9
2178	0	0	9	0	0	9
2179	0	0	1	7	0	8
2180	0	3	5	1	0	9
2181	0	0	1	8	0	9
2182	8	0	0	0	0	8
2183	1	0	8	0	0	9
2184	7	0	1	0	0	8
2185	1	0	8	0	0	9
2186	0	0	1	8	0	9
2187	0	0	0	9	0	9
2188	0	0	0	9	0	9
2189	0	8	0	1	0	9
2190	1	1	0	7	0	9
2191	0	0	0	7	0	7
2192	7	0	0	1	0	8
2193	1	0	7	0	0	8
2194	7	0	1	0	0	8
2195	1	0	7	0	0	8
2196	7	0	0	0	0	7
2197	1	7	0	0	0	8
2198	0	1	7	0	0	8
2199	0	0	5	0	0	5
2200	0	0	0	7	0	7
2201	0	0	0	8	0	8
2202	0	0	7	1	0	8
2203	0	0	9	0	0	9
2204	0	0	8	0	0	8
2205	7	0	1	0	0	8
2206	9	0	0	0	0	9
2207	6	0	0	0	0	6
2208	1	0	0	5	0	6
2209	0	0	0	6	0	6
2210	0	0	10	0	0	10
2211	0	0	1	9	0	10
2212	0	0	0	10	0	10
2213	10	0	0	1	0	11
2214	11	0	0	0	0	11
2215	11	0	0	0	0	11
2216	1	0	0	10	0	11
2217	0	0	0	11	0	11
2218	0	0	0	11	0	11
2219	10	0	0	1	0	11
2220	1	0	0	10	0	11
2221	0	10	0	1	0	11
2222	0	1	0	10	0	11
2223	0	10	0	1	0	11
2224	10	1	0	0	0	11
2225	10	0	0	0	0	10
2226	0	10	0	0	0	10
2227	0	10	0	0	0	10
2228	0	1	0	10	0	11
2229	0	0	10	1	0	11
2230	0	0	1	9	0	10
2231	0	0	10	1	0	11
2232	0	9	1	0	0	10
2233	0	1	0	10	0	11
2234	0	0	0	11	0	11
2235	0	0	16	1	0	17
2236	0	0	0	16	0	16
2237	0	0	19	1	0	20
2238	19	0	0	0	0	19
2239	20	0	0	0	0	20
2240	20	0	0	0	0	20
2241	1	0	0	19	0	20
2242	0	0	0	20	0	20
2243	0	0	19	1	0	20
2244	0	0	1	19	0	20
2245	0	19	0	1	0	20
2246	0	1	19	0	0	20
2247	0	0	18	0	0	18
2248	0	0	1	15	0	16
2249	0	0	18	0	0	18
2250	0	0	17	0	0	17
2251	17	0	0	0	0	17
2252	0	17	0	0	0	17
2253	17	0	0	0	0	17
2254	17	0	0	0	0	17
2255	17	0	0	0	0	17
2256	0	0	0	17	0	17
2257	0	0	0	17	0	17
2258	0	0	17	0	0	17
2259	0	0	0	17	0	17
2260	0	16	0	0	0	16
2261	17	0	0	0	0	17
2262	0	17	0	0	0	17
2263	0	17	0	0	0	17
2264	0	0	0	17	0	17
2265	0	0	18	0	0	18
2266	0	0	0	18	0	18
2267	0	0	18	0	0	18
2268	0	18	0	0	0	18
2269	18	0	0	0	0	18
2270	18	0	0	0	0	18
2271	18	0	0	0	0	18
2272	0	0	21	0	0	21
2273	0	0	19	0	0	19
2274	19	0	0	0	0	19
2275	18	0	0	0	0	18
2276	19	0	0	0	0	19
2277	0	0	0	19	0	19
2278	0	0	0	19	0	19
2279	19	0	0	0	0	19
2280	19	0	0	0	0	19
2281	0	0	25	0	0	25
2282	0	0	24	0	0	24
2283	29	0	0	0	0	29
2284	0	0	29	0	0	29
2285	29	0	0	0	0	29
2286	0	0	29	0	0	29
2287	0	0	0	29	0	29
2288	0	0	30	0	0	30
2289	0	0	0	30	0	30
2290	0	0	0	30	0	30
2291	0	30	0	0	0	30
2292	31	0	0	0	0	31
2293	0	0	31	0	0	31
2294	31	0	0	0	0	31
2295	0	30	0	0	0	30
2296	32	0	0	0	0	32
2297	0	0	0	32	0	32
2298	0	0	0	32	0	32
2299	0	33	0	0	0	33
2300	0	0	0	36	0	36
2301	0	0	0	37	0	37
2302	0	0	0	39	0	39
2303	37	0	0	0	0	37
2304	36	0	0	0	0	36
2305	0	0	38	0	0	38
2306	0	39	0	0	0	39
2307	0	0	0	40	0	40
2308	0	0	0	40	0	40
2309	0	0	40	0	0	40
2310	0	0	0	35	0	35
2311	35	0	0	0	0	35
2312	34	0	0	0	0	34
2313	35	0	0	0	0	35
2314	0	0	0	35	0	35
2315	40	0	0	0	0	40
2316	38	0	0	0	0	38
2317	40	0	0	0	0	40
2318	0	0	0	40	0	40
2319	0	0	0	40	0	40
2320	0	0	0	40	0	40
2321	0	0	0	39	0	39
2322	0	0	0	40	0	40
2323	0	0	39	0	0	39
2324	0	0	39	0	0	39
2325	0	38	0	0	0	38
2326	0	0	0	40	0	40
2327	0	0	0	38	0	38
2328	0	0	0	40	0	40
2329	0	0	40	0	0	40
2330	0	0	0	39	0	39
2331	0	0	40	0	0	40
2332	0	0	0	40	0	40
2333	0	0	40	0	0	40
2334	0	40	0	0	0	40
2335	0	0	0	34	0	34
2336	0	0	34	0	0	34
2337	26	0	0	0	0	26
2338	0	31	0	0	0	31
2339	0	0	0	31	0	31
2340	0	30	0	0	0	30
2341	0	0	0	31	0	31
2342	31	0	0	0	0	31
2343	0	0	0	31	0	31
2344	0	31	0	0	0	31
2345	31	0	0	0	0	31
2346	0	0	0	31	0	31
2347	0	0	0	31	0	31
2348	31	0	0	0	0	31
2349	0	0	0	37	0	37
2350	0	0	0	51	0	51
2351	0	0	51	1	0	52
2352	0	0	54	0	0	54
2353	0	0	2	56	0	58
2354	0	0	55	2	0	57
2355	0	0	58	0	0	58
2356	59	0	2	0	0	61
2357	2	0	60	0	0	62
2358	0	60	1	0	0	61
2359	0	2	0	63	0	65
2360	67	0	0	2	0	69
2361	68	0	1	0	0	69
2362	67	0	1	0	0	68
2363	2	67	0	1	0	70
2364	0	2	1	65	0	68
2365	0	0	1	68	0	69
2366	66	0	0	2	0	68
2367	66	0	1	0	0	67
2368	67	1	0	0	0	68
2369	2	0	65	1	0	68
2370	1	64	2	0	0	67
2371	1	70	0	0	0	71
2372	2	2	0	66	0	70
2373	0	0	0	69	0	69
2374	0	0	70	3	0	73
2375	66	0	2	0	0	68
2376	72	0	0	0	0	72
2377	3	0	0	70	0	73
2378	1	0	0	71	0	72
2379	0	0	1	71	0	72
2380	68	1	0	2	0	71
2381	2	1	63	0	0	66
2382	0	0	65	1	0	66
2383	0	0	2	61	0	63
2384	0	0	60	2	0	62
2385	61	0	2	0	0	63
2386	62	0	0	0	0	62
2387	62	0	0	1	0	63
2388	2	59	0	1	0	62
2389	59	2	0	1	0	62
2390	3	0	0	58	0	61
2391	0	1	1	60	0	62
2392	0	0	1	60	0	61
2393	0	0	59	3	0	62
2394	0	0	3	55	0	58
2395	1	63	0	2	0	66
2396	62	2	0	0	0	64
2397	3	61	0	0	0	64
2398	0	3	60	0	0	63
2399	1	60	2	0	0	63
2400	56	2	1	1	0	60
2401	2	55	0	1	0	58
2402	1	2	0	49	0	52
2403	0	54	1	2	0	57
2404	53	3	0	1	0	57
2405	57	1	0	0	0	58
2406	53	0	0	0	0	53
2407	2	1	52	0	0	55
2408	0	0	55	0	0	55
2409	0	1	54	0	0	55
2410	54	0	2	0	0	56
2411	2	1	0	52	0	55
2412	0	0	0	56	0	56
2413	0	1	52	2	0	55
2414	1	0	2	53	0	56
2415	48	0	0	2	0	50
2416	2	48	0	0	0	50
2417	48	2	1	0	0	51
2418	2	0	47	1	0	50
2419	47	0	3	0	0	50
2420	48	0	0	0	0	48
2421	48	0	0	1	0	49
2422	2	1	45	1	0	49
2423	0	0	3	47	0	50
2424	0	0	45	4	0	49
2425	2	0	2	46	0	50
2426	1	1	45	2	0	49
2427	2	0	2	46	0	50
2428	0	0	2	46	0	48
2429	45	1	0	2	0	48
2430	47	1	0	0	0	48
2431	47	0	0	1	0	48
2432	2	0	1	43	0	46
2433	0	39	1	3	0	43
2434	1	46	1	0	0	48
2435	45	2	0	1	0	48
2436	2	0	45	1	0	48
2437	43	0	2	2	0	47
2438	2	0	44	2	0	48
2439	46	0	2	0	0	48
2440	43	0	1	0	0	44
2441	3	0	47	0	0	50
2442	48	0	1	2	0	51
2443	49	1	1	0	0	51
2444	50	0	0	0	0	50
2445	4	50	0	0	0	54
2446	1	1	1	50	0	53
2447	1	1	49	2	0	53
2448	1	0	52	0	0	53
2449	1	38	1	1	0	41
2450	0	30	0	1	0	31
2451	0	1	3	27	0	31
2452	26	0	0	0	0	26
2453	0	24	0	0	0	24
2454	1	0	0	25	0	26
2455	0	23	0	0	0	23
2456	22	0	0	0	0	22
2457	0	0	0	22	0	22
2458	0	0	22	0	0	22
2459	0	21	0	0	0	21
2460	0	18	0	0	0	18
2461	0	0	0	18	0	18
2462	0	18	0	0	0	18
2463	0	0	0	18	0	18
2464	19	0	0	0	0	19
2465	25	0	0	0	0	25
2466	25	0	0	0	0	25
2467	25	0	0	0	0	25
2468	0	0	25	0	0	25
2469	0	24	0	0	0	24
2470	0	21	0	0	0	21
2471	0	22	0	0	0	22
2472	0	22	0	0	0	22
2473	22	0	1	0	0	23
2474	20	0	0	0	0	20
2475	21	0	0	0	0	21
2476	22	0	0	0	0	22
2477	0	0	23	0	0	23
2478	24	0	0	0	0	24
2479	25	0	0	0	0	25
2480	25	0	0	0	0	25
2481	0	0	0	25	0	25
2482	0	0	0	25	0	25
2483	25	0	0	0	0	25
2484	0	0	0	24	0	24
2485	0	25	0	0	0	25
2486	0	0	0	25	0	25
2487	0	0	0	25	0	25
2488	0	24	0	0	0	24
2489	0	0	0	25	0	25
2490	0	0	0	25	0	25
2491	25	0	0	0	0	25
2492	0	0	25	0	0	25
2493	23	0	0	1	0	24
2494	0	0	24	0	0	24
2495	0	0	21	0	0	21
2496	0	0	21	0	0	21
2497	22	0	0	0	0	22
2498	0	0	23	0	0	23
2499	24	0	0	0	0	24
2500	25	0	0	0	0	25
2501	25	0	0	0	0	25
2502	0	24	0	0	0	24
2503	25	0	0	0	0	25
2504	0	25	0	0	0	25
2505	0	0	0	24	0	24
2506	0	0	0	24	0	24
2507	0	24	0	0	0	24
2508	0	22	0	0	0	22
2509	0	24	0	0	0	24
2510	24	0	0	0	0	24
2511	0	24	0	0	0	24
2512	24	0	0	0	0	24
2513	0	0	24	0	0	24
2514	24	0	0	0	0	24
2515	23	0	0	0	0	23
2516	0	0	24	0	0	24
2517	0	0	0	24	0	24
2518	0	0	23	0	0	23
2519	0	0	0	24	0	24
2520	0	0	0	23	0	23
2521	24	0	0	0	0	24
2522	23	0	0	0	0	23
2523	0	24	0	0	0	24
2524	24	0	0	0	0	24
2525	0	0	29	0	0	29
2526	28	0	0	0	0	28
2527	0	0	31	0	0	31
2528	0	0	31	0	0	31
2529	30	0	0	0	0	30
2530	32	0	0	0	0	32
2531	0	0	32	0	0	32
2532	0	0	0	31	0	31
2533	0	0	0	32	0	32
2534	0	0	32	0	0	32
2535	0	0	0	31	0	31
2536	0	29	0	0	0	29
2537	0	0	0	32	0	32
2538	0	0	0	32	0	32
2539	0	0	32	0	0	32
2540	30	0	0	0	0	30
2541	30	0	0	0	0	30
2542	29	0	0	0	0	29
2543	29	0	0	0	0	29
2544	0	32	0	0	0	32
2545	0	0	0	30	0	30
2546	0	0	30	0	0	30
2547	0	0	30	0	0	30
2548	0	0	0	31	0	31
2549	0	0	29	0	0	29
2550	30	0	0	0	0	30
2551	0	0	0	30	0	30
2552	0	0	0	30	0	30
2553	0	0	0	31	0	31
2554	31	0	0	0	0	31
2555	0	31	0	0	0	31
2556	30	0	0	0	0	30
2557	31	0	0	0	0	31
2558	0	31	0	0	0	31
2559	0	31	0	0	0	31
2560	31	0	0	0	0	31
2561	0	0	0	30	0	30
2562	0	0	0	31	0	31
2563	36	0	0	0	0	36
2564	0	0	35	0	0	35
2565	29	0	0	0	0	29
2566	29	0	0	0	0	29
2567	0	29	0	0	0	29
2568	30	0	0	0	0	30
2569	35	0	0	0	0	35
2570	0	38	0	0	0	38
2571	0	38	0	0	0	38
2572	1	0	1	37	0	39
2573	37	1	0	0	0	38
2574	0	38	0	0	0	38
2575	0	0	0	36	0	36
2576	36	0	0	0	0	36
2577	0	1	33	0	0	34
2578	0	1	0	33	0	34
2579	1	1	32	0	0	34
2580	31	0	1	1	0	33
2581	31	0	0	1	0	32
2582	0	1	33	0	0	34
2583	1	32	0	1	0	34
2584	2	2	0	32	0	36
2585	0	2	34	0	0	36
2586	0	1	0	35	0	36
2587	2	0	1	34	0	37
2588	1	2	33	0	0	36
2589	33	0	0	3	0	36
2590	35	0	1	0	0	36
2591	0	1	36	0	0	37
2592	1	33	0	3	0	37
2593	1	0	3	31	0	35
2594	2	31	1	1	0	35
2595	2	32	0	1	0	35
2596	32	0	3	1	0	36
2597	1	3	0	32	0	36
2598	1	1	0	33	0	35
2599	1	0	33	0	0	34
2600	0	1	29	3	0	33
2601	0	0	0	33	0	33
2602	0	1	3	29	0	33
2603	2	1	30	0	0	33
2604	3	0	29	1	0	33
2605	0	0	2	31	0	33
2606	29	2	1	1	0	33
2607	0	29	2	2	0	33
2608	28	2	1	1	0	32
2609	1	31	0	1	0	33
2610	2	30	0	1	0	33
2611	30	0	1	2	0	33
2612	0	1	30	2	0	33
2613	0	0	2	30	0	32
2614	2	0	2	29	0	33
2615	0	1	1	31	0	33
2616	1	0	30	3	0	34
2617	0	1	2	31	0	34
2618	30	1	2	1	0	34
2619	1	0	1	32	0	34
2620	2	0	1	31	0	34
2621	31	2	0	1	0	34
2622	32	0	0	1	0	33
2623	0	32	0	2	0	34
2624	1	2	31	0	0	34
2625	3	0	25	1	0	29
2626	1	0	26	0	0	27
2627	0	22	1	3	0	26
2628	0	0	1	25	0	26
2629	1	0	1	24	0	26
2630	23	1	2	0	0	26
2631	0	1	0	26	0	27
2632	2	0	24	1	0	27
2633	1	0	1	25	0	27
2634	0	0	1	26	0	27
2635	2	1	24	0	0	27
2636	2	23	0	2	0	27
2637	0	2	0	21	0	23
2638	1	23	3	0	0	27
2639	0	1	24	1	0	26
2640	22	0	3	0	0	25
2641	22	3	0	1	0	26
2642	22	0	1	3	0	26
2643	1	0	1	24	0	26
2644	3	20	0	0	0	23
2645	20	0	0	3	0	23
2646	19	1	2	1	0	23
2647	19	1	1	2	0	23
2648	2	0	18	2	0	22
2649	20	0	2	0	0	22
2650	2	20	0	0	0	22
2651	18	0	1	3	0	22
2652	1	21	0	0	0	22
2653	19	1	2	0	0	22
2654	4	0	19	0	0	23
2655	22	1	0	0	0	23
2656	22	0	1	0	0	23
2657	19	0	1	2	0	22
2658	20	3	0	0	0	23
2659	4	0	19	0	0	23
2660	3	1	0	19	0	23
2661	23	0	0	0	0	23
2662	0	19	4	0	0	23
2663	3	0	0	15	0	18
2664	2	2	14	0	0	18
2665	2	1	0	14	0	17
2666	1	2	14	1	0	18
2667	2	14	2	0	0	18
2668	0	13	2	2	0	17
2669	3	7	0	0	0	10
2670	0	0	0	4	0	4
2671	0	0	0	4	0	4
2672	0	0	4	0	0	4
2673	0	4	0	0	0	4
2674	4	0	0	0	0	4
2675	0	4	0	0	0	4
2676	0	4	0	0	0	4
2677	0	0	0	4	0	4
2678	4	0	0	0	0	4
2679	4	0	0	0	0	4
2680	0	0	0	4	0	4
2681	4	0	0	0	0	4
2682	0	0	0	4	0	4
2683	0	0	4	0	0	4
2684	4	0	0	0	0	4
2685	0	0	0	4	0	4
2686	0	0	3	0	0	3
2687	0	0	3	0	0	3
2688	0	0	0	3	0	3
2689	3	0	0	0	0	3
2690	3	0	0	0	0	3
2691	0	3	0	0	0	3
2692	3	0	0	0	0	3
2693	3	0	0	0	0	3
2694	3	0	0	0	0	3
2695	0	3	0	0	0	3
2696	3	0	0	0	0	3
2697	3	0	0	0	0	3
2698	0	0	0	3	0	3
2699	3	0	0	0	0	3
2700	0	3	0	0	0	3
2701	0	3	0	0	0	3
2702	0	0	0	3	0	3
2703	0	0	0	3	0	3
2704	0	3	0	0	0	3
2705	3	0	0	0	0	3
2706	0	3	0	0	0	3
2707	3	0	0	0	0	3
2708	0	3	0	0	0	3
2709	0	0	0	4	0	4
2710	0	4	0	0	0	4
2711	4	0	0	0	0	4
2712	3	0	0	0	0	3
2713	4	0	0	0	0	4
2714	0	0	4	0	0	4
2715	0	0	3	0	0	3
2716	0	3	0	0	0	3
2717	0	0	2	0	0	2
2718	0	0	2	0	0	2
2719	0	0	0	2	0	2
2720	0	0	2	0	0	2
2721	0	2	0	0	0	2
2722	2	0	0	0	0	2
2723	0	2	0	0	0	2
2724	0	2	0	0	0	2
2725	2	0	0	0	0	2
2726	2	0	0	0	0	2
2727	0	2	0	0	0	2
2728	2	0	0	0	0	2
2729	2	0	0	0	0	2
2730	2	0	0	0	0	2
2731	0	0	2	0	0	2
2732	0	0	2	0	0	2
2733	0	0	0	2	0	2
2734	0	0	0	2	0	2
2735	2	0	0	0	0	2
2736	0	2	0	0	0	2
2737	0	0	0	2	0	2
2738	0	0	0	2	0	2
2739	0	0	0	2	0	2
2740	0	0	0	2	0	2
2741	0	0	1	0	0	1
2742	0	0	2	0	0	2
2743	0	0	0	2	0	2
2744	0	0	2	0	0	2
2745	2	0	0	0	0	2
2746	0	0	0	2	0	2
2747	0	0	2	0	0	2
2748	2	0	0	0	0	2
2749	0	2	0	0	0	2
2750	2	0	0	0	0	2
2751	0	2	0	0	0	2
2752	0	0	0	2	0	2
2753	0	0	4	0	0	4
2754	0	0	0	4	0	4
2755	0	0	4	0	0	4
2756	4	0	0	0	0	4
2757	0	0	0	4	0	4
2758	4	0	0	0	0	4
2759	0	0	4	0	0	4
2760	4	0	0	0	0	4
2761	4	0	0	0	0	4
2762	0	0	4	0	0	4
2763	0	0	0	4	0	4
2764	0	0	4	0	0	4
2765	0	4	0	0	0	4
2766	4	0	0	0	0	4
2767	4	0	0	0	0	4
2768	0	0	4	0	0	4
2769	0	0	4	0	0	4
2770	0	0	0	4	0	4
2771	0	0	0	6	0	6
2772	6	0	0	0	0	6
2773	0	6	0	0	0	6
2774	6	0	0	0	0	6
2775	6	0	0	0	0	6
2776	0	0	6	0	0	6
2777	6	0	0	0	0	6
2778	0	0	6	0	0	6
2779	0	0	0	6	0	6
2780	0	0	6	0	0	6
2781	0	0	0	6	0	6
2782	0	0	5	0	0	5
2783	6	0	0	0	0	6
2784	6	0	0	0	0	6
2785	0	0	0	6	0	6
2786	6	0	0	0	0	6
2787	0	0	0	6	0	6
2788	0	6	0	0	0	6
2789	6	0	0	0	0	6
2790	0	6	0	0	0	6
2791	0	0	0	6	0	6
2792	0	0	0	6	0	6
2793	0	0	0	6	0	6
2794	0	0	0	6	0	6
2795	0	0	6	0	0	6
2796	6	0	0	0	0	6
2797	6	0	0	0	0	6
2798	0	6	0	0	0	6
2799	0	0	0	6	0	6
2800	0	0	0	6	0	6
2801	0	0	6	0	0	6
2802	5	0	0	0	0	5
2803	0	0	0	6	0	6
2804	0	0	6	0	0	6
2805	6	0	0	0	0	6
2806	6	0	0	0	0	6
2807	6	0	0	0	0	6
2808	0	0	6	0	0	6
2809	0	0	6	0	0	6
2810	6	0	0	0	0	6
2811	0	0	0	7	0	7
2812	0	0	0	8	0	8
2813	0	0	8	0	0	8
2814	8	0	0	0	0	8
2815	0	0	0	8	0	8
2816	8	0	0	0	0	8
2817	8	0	0	0	0	8
2818	8	0	0	0	0	8
2819	0	0	8	0	0	8
2820	0	0	0	8	0	8
2821	9	0	0	0	0	9
2822	0	9	0	0	0	9
2823	0	0	0	9	0	9
2824	0	0	0	9	0	9
2825	9	0	0	0	0	9
2826	9	0	0	0	0	9
2827	0	0	0	9	0	9
2828	0	0	9	0	0	9
2829	8	0	0	0	0	8
2830	0	0	9	0	0	9
2831	9	0	0	0	0	9
2832	9	0	0	0	0	9
2833	0	0	9	0	0	9
2834	0	0	0	9	0	9
2835	0	0	13	0	0	13
2836	0	13	0	0	0	13
2837	0	0	0	13	0	13
2838	0	12	0	0	0	12
2839	0	0	0	13	0	13
2840	0	0	14	0	0	14
2841	0	14	1	0	0	15
2842	0	15	0	0	0	15
2843	0	1	0	14	0	15
2844	14	0	0	1	0	15
2845	1	0	0	19	0	20
2846	19	0	0	1	0	20
2847	1	19	0	0	0	20
2848	18	1	0	0	0	19
2849	1	0	21	0	0	22
2850	0	0	1	21	0	22
2851	0	0	0	20	0	20
2852	0	0	20	1	0	21
2853	17	0	1	0	0	18
2854	18	0	0	0	0	18
2855	1	18	0	0	0	19
2856	0	1	0	18	0	19
2857	0	17	0	1	0	18
2858	0	1	18	0	0	19
2859	0	0	19	0	0	19
2860	0	0	1	18	0	19
2861	17	0	0	1	0	18
2862	1	18	0	0	0	19
2863	18	1	0	0	0	19
2864	1	0	18	0	0	19
2865	19	0	1	0	0	20
2866	19	0	0	0	0	19
2867	1	0	19	0	0	20
2868	0	0	1	19	0	20
2869	19	0	0	1	0	20
2870	20	0	0	0	0	20
2871	18	0	0	0	0	18
2872	1	0	0	17	0	18
2873	0	0	17	1	0	18
2874	16	0	0	0	0	16
2875	1	0	17	0	0	18
2876	0	0	1	17	0	18
2877	0	0	0	17	0	17
2878	0	16	0	1	0	17
2879	0	1	17	0	0	18
2880	0	17	1	0	0	18
2881	0	18	0	0	0	18
2882	0	1	0	17	0	18
2883	0	0	17	1	0	18
2884	0	0	1	17	0	18
2885	0	0	17	1	0	18
2886	0	0	1	17	0	18
2887	0	0	0	18	0	18
2888	0	0	17	1	0	18
2889	0	0	1	16	0	17
2890	0	0	17	1	0	18
2891	0	0	16	0	0	16
2892	0	17	1	0	0	18
2893	17	1	0	0	0	18
2894	1	0	16	0	0	17
2895	16	0	1	0	0	17
2896	1	0	0	17	0	18
2897	0	0	17	1	0	18
2898	0	17	1	0	0	18
2899	0	1	0	17	0	18
2900	0	0	17	1	0	18
2901	0	0	1	17	0	18
2902	0	16	0	0	0	16
2903	17	1	0	0	0	18
2904	1	0	0	17	0	18
2905	17	0	0	1	0	18
2906	18	0	0	0	0	18
2907	18	0	0	0	0	18
2908	18	0	0	0	0	18
2909	17	0	0	0	0	17
2910	1	15	0	0	0	16
2911	0	1	0	15	0	16
2912	0	0	0	15	0	15
2913	0	0	0	15	0	15
2914	0	0	14	1	0	15
2915	0	14	1	0	0	15
2916	14	1	0	0	0	15
2917	15	0	0	0	0	15
2918	1	13	0	0	0	14
2919	0	16	0	0	0	16
2920	15	1	0	0	0	16
2921	1	0	14	0	0	15
2922	0	0	1	14	0	15
2923	14	0	0	1	0	15
2924	1	0	0	15	0	16
2925	0	14	0	1	0	15
2926	0	0	0	15	0	15
2927	0	0	14	1	0	15
2928	15	0	1	0	0	16
2929	15	0	0	0	0	15
2930	1	0	0	15	0	16
2931	0	0	0	16	0	16
2932	14	0	0	1	0	15
2933	1	15	0	0	0	16
2934	0	1	0	15	0	16
2935	0	0	0	12	0	12
2936	11	0	0	1	0	12
2937	1	10	0	0	0	11
2938	11	1	0	0	0	12
2939	2	11	0	0	0	13
2940	0	11	0	0	0	11
2941	11	0	0	0	0	11
2942	0	11	0	0	0	11
2943	0	0	0	11	0	11
2944	0	0	11	0	0	11
2945	0	0	6	0	0	6
2946	0	0	9	0	0	9
2947	0	9	0	0	0	9
2948	7	0	2	0	0	9
2949	0	0	0	7	0	7
2950	0	0	0	7	0	7
2951	0	0	7	0	0	7
2952	9	0	0	0	0	9
2953	0	0	0	9	0	9
2954	0	0	1	9	0	10
2955	0	1	0	9	0	10
2956	10	0	0	0	0	10
2957	0	0	9	1	0	10
2958	9	0	0	1	0	10
2959	0	0	1	9	0	10
2960	1	0	9	0	0	10
2961	8	0	0	1	0	9
2962	0	0	9	1	0	10
2963	0	0	0	10	0	10
2964	1	0	9	0	0	10
2965	0	0	9	0	0	9
2966	9	0	0	0	0	9
2967	0	0	8	1	0	9
2968	0	0	1	8	0	9
2969	9	0	0	0	0	9
2970	0	0	0	8	0	8
2971	0	0	8	1	0	9
2972	0	0	7	0	0	7
2973	0	8	1	0	0	9
2974	1	0	0	7	0	8
2975	8	0	1	0	0	9
2976	0	8	0	1	0	9
2977	9	0	0	0	0	9
2978	0	0	0	9	0	9
2979	7	0	1	0	0	8
2980	0	8	1	0	0	9
2981	0	1	0	8	0	9
2982	8	0	0	1	0	9
2983	0	8	0	0	0	8
2984	0	1	0	8	0	9
2985	1	0	0	8	0	9
2986	8	0	0	1	0	9
2987	1	0	0	8	0	9
2988	0	0	0	8	0	8
2989	0	0	0	9	0	9
2990	0	0	9	0	0	9
2991	9	1	0	0	0	10
2992	0	0	0	11	0	11
2993	0	0	10	1	0	11
2994	10	0	0	0	0	10
2995	0	0	9	2	0	11
2996	0	0	0	11	0	11
2997	0	10	0	1	0	11
2998	0	0	1	10	0	11
2999	0	0	10	0	0	10
3000	0	0	10	1	0	11
3001	0	0	1	10	0	11
3002	1	0	10	0	0	11
3003	10	0	0	0	0	10
3004	0	0	10	1	0	11
3005	0	1	0	10	0	11
3006	0	0	0	10	0	10
3007	0	0	1	10	0	11
3008	10	0	1	0	0	11
3009	10	0	0	1	0	11
3010	10	0	1	0	0	11
3011	1	0	0	9	0	10
3012	0	0	1	10	0	11
3013	0	0	10	1	0	11
3014	0	0	11	1	0	12
3015	0	11	0	1	0	12
3016	1	0	0	9	0	10
3017	1	0	0	9	0	10
3018	1	10	0	0	0	11
3019	10	0	0	1	0	11
3020	0	10	0	1	0	11
3021	10	0	1	0	0	11
3022	0	0	0	10	0	10
3023	10	1	0	0	0	11
3024	0	0	0	10	0	10
3025	0	0	9	1	0	10
3026	0	1	0	9	0	10
3027	9	0	0	0	0	9
3028	0	1	0	9	0	10
3029	1	0	0	8	0	9
3030	0	0	13	1	0	14
3031	1	0	0	12	0	13
3032	0	0	0	13	0	13
3033	0	13	0	0	0	13
3034	0	0	0	15	0	15
3035	1	0	0	13	0	14
3036	0	0	0	14	0	14
3037	0	0	0	14	0	14
3038	0	0	1	14	0	15
3039	13	0	0	1	0	14
3040	0	13	0	1	0	14
3041	0	11	0	0	0	11
3042	0	13	0	0	0	13
3043	0	0	0	13	0	13
3044	0	11	0	2	0	13
3045	0	13	0	1	0	14
3046	9	0	0	0	0	9
3047	0	0	10	0	0	10
3048	9	0	0	0	0	9
3049	0	0	0	10	0	10
3050	0	0	10	0	0	10
3051	10	0	0	0	0	10
3052	0	0	8	0	0	8
3053	0	0	7	0	0	7
3054	8	0	0	0	0	8
3055	0	0	0	8	0	8
3056	0	0	8	0	0	8
3057	8	0	0	0	0	8
3058	7	0	0	0	0	7
3059	0	0	8	0	0	8
3060	8	0	0	0	0	8
3061	7	0	0	0	0	7
3062	0	0	7	0	0	7
3063	8	0	0	0	0	8
3064	8	0	0	0	0	8
3065	0	0	8	0	0	8
3066	0	0	7	0	0	7
3067	0	0	0	6	0	6
3068	0	0	8	0	0	8
3069	8	0	0	0	0	8
3070	0	0	0	8	0	8
3071	0	0	0	8	0	8
3072	0	0	8	0	0	8
3073	0	0	0	8	0	8
3074	0	0	7	0	0	7
3075	8	0	0	0	0	8
3076	8	0	0	0	0	8
3077	0	0	8	0	0	8
3078	8	0	0	0	0	8
3079	8	0	0	0	0	8
3080	0	0	8	0	0	8
3081	8	0	0	0	0	8
3082	8	0	0	0	0	8
3083	0	0	7	0	0	7
3084	8	0	0	0	0	8
3085	0	0	8	0	0	8
3086	0	0	0	8	0	8
3087	0	0	0	7	0	7
3088	0	0	0	8	0	8
3089	0	0	8	0	0	8
3090	7	0	0	0	0	7
3091	0	0	7	0	0	7
3092	0	5	0	0	0	5
3093	0	7	0	0	0	7
3094	7	0	0	0	0	7
3095	0	0	0	7	0	7
3096	0	7	0	0	0	7
3097	7	0	0	0	0	7
3098	7	0	0	0	0	7
3099	0	7	0	0	0	7
3100	0	0	0	7	0	7
3101	0	7	0	0	0	7
3102	7	0	0	0	0	7
3103	7	0	0	0	0	7
3104	0	0	0	7	0	7
3105	7	0	0	0	0	7
3106	0	0	0	7	0	7
3107	0	0	7	0	0	7
3108	7	0	0	0	0	7
3109	0	0	7	0	0	7
3110	0	0	0	7	0	7
3111	7	0	0	0	0	7
3112	0	0	0	12	0	12
3113	0	0	14	0	0	14
3114	0	0	13	0	0	13
3115	0	0	0	12	0	12
3116	13	0	0	0	0	13
3117	0	13	0	0	0	13
3118	0	0	0	13	0	13
3119	0	0	13	0	0	13
3120	11	0	0	0	0	11
3121	13	0	0	0	0	13
3122	0	0	13	0	0	13
3123	11	0	0	0	0	11
3124	0	0	0	13	0	13
3125	0	0	8	5	0	13
3126	13	0	0	0	0	13
3127	0	0	0	10	0	10
3128	0	0	0	13	0	13
3129	13	0	0	0	0	13
3130	0	9	0	0	0	9
3131	0	9	0	0	0	9
3132	9	0	0	0	0	9
3133	9	0	0	0	0	9
3134	0	0	8	0	0	8
3135	0	0	7	0	0	7
3136	0	0	0	8	0	8
3137	8	0	0	0	0	8
3138	8	0	0	0	0	8
3139	8	0	0	0	0	8
3140	0	6	0	0	0	6
3141	0	8	0	0	0	8
3142	0	0	0	8	0	8
3143	0	0	0	8	0	8
3144	0	0	0	6	0	6
3145	0	0	11	0	0	11
3146	0	0	10	0	0	10
3147	11	0	0	0	0	11
3148	12	0	0	0	0	12
3149	0	0	0	12	0	12
3150	0	0	0	11	0	11
3151	0	0	0	12	0	12
3152	0	0	12	0	0	12
3153	0	0	12	0	0	12
3154	0	0	0	12	0	12
3155	0	0	12	0	0	12
3156	0	12	0	0	0	12
3157	0	12	0	0	0	12
3158	12	0	0	0	0	12
3159	0	12	0	0	0	12
3160	0	0	0	12	0	12
3161	0	0	0	12	0	12
3162	0	12	0	0	0	12
3163	0	0	0	12	0	12
3164	0	0	12	0	0	12
3165	0	13	0	0	0	13
3166	0	0	0	13	0	13
3167	0	0	13	0	0	13
3168	0	13	0	0	0	13
3169	0	0	0	12	0	12
3170	0	13	0	0	0	13
3171	0	0	0	13	0	13
3172	0	0	0	13	0	13
3173	0	12	0	0	0	12
3174	13	0	0	0	0	13
3175	12	0	0	0	0	12
3176	0	12	0	0	0	12
3177	0	13	0	0	0	13
3178	0	0	0	13	0	13
3179	0	0	13	0	0	13
3180	15	0	0	0	0	15
3181	15	0	0	0	0	15
3182	0	0	15	0	0	15
3183	15	0	0	0	0	15
3184	15	0	0	0	0	15
3185	0	0	15	0	0	15
3186	12	0	0	0	0	12
3187	0	0	15	0	0	15
3188	0	14	0	0	0	14
3189	15	0	0	0	0	15
3190	15	0	0	0	0	15
3191	0	0	14	0	0	14
3192	15	0	0	0	0	15
3193	15	0	0	0	0	15
3194	0	0	14	0	0	14
3195	15	0	0	0	0	15
3196	14	0	0	0	0	14
3197	0	0	15	0	0	15
3198	15	0	0	0	0	15
3199	0	0	0	15	0	15
3200	0	0	0	15	0	15
3201	0	0	15	0	0	15
3202	0	0	16	0	0	16
3203	0	0	0	17	0	17
3204	0	0	0	16	0	16
3205	18	0	0	0	0	18
3206	0	0	18	0	0	18
3207	18	0	0	0	0	18
3208	0	0	0	18	0	18
3209	0	0	18	0	0	18
3210	17	0	0	0	0	17
3211	0	0	0	17	0	17
3212	0	0	13	0	0	13
3213	11	0	0	0	0	11
3214	0	0	0	11	0	11
3215	11	0	0	0	0	11
3216	0	0	11	0	0	11
3217	0	0	0	10	0	10
3218	0	16	0	0	0	16
3219	16	0	0	0	0	16
3220	16	0	0	0	0	16
3221	0	16	0	0	0	16
3222	16	0	0	0	0	16
3223	16	0	0	0	0	16
3224	15	0	0	0	0	15
3225	0	16	0	0	0	16
3226	0	0	0	16	0	16
3227	0	0	16	0	0	16
3228	0	0	0	21	0	21
3229	0	0	0	20	0	20
3230	0	0	21	0	0	21
3231	0	0	21	0	0	21
3232	0	0	0	19	0	19
3233	0	19	0	0	0	19
3234	19	0	0	0	0	19
3235	20	0	0	0	0	20
3236	0	21	0	0	0	21
3237	21	0	0	0	0	21
3238	21	0	0	0	0	21
3239	0	0	21	0	0	21
3240	18	0	0	0	0	18
3241	0	21	0	0	0	21
3242	0	0	21	0	0	21
3243	0	0	20	0	0	20
3244	0	21	0	0	0	21
3245	17	0	0	0	0	17
3246	0	0	17	0	0	17
3247	0	0	0	17	0	17
3248	0	0	17	0	0	17
3249	17	0	0	0	0	17
3250	0	0	17	0	0	17
3251	0	0	17	0	0	17
3252	17	0	0	0	0	17
3253	0	16	0	0	0	16
3254	17	0	0	0	0	17
3255	16	0	0	0	0	16
3256	0	0	0	17	0	17
3257	0	17	0	0	0	17
3258	17	0	0	0	0	17
3259	0	0	15	0	0	15
3260	16	0	0	0	0	16
3261	0	17	0	0	0	17
3262	16	0	0	0	0	16
3263	17	0	0	0	0	17
3264	0	16	0	0	0	16
3265	0	0	0	17	0	17
3266	16	0	0	0	0	16
3267	0	18	0	0	0	18
3268	0	0	0	18	0	18
3269	19	0	0	0	0	19
3270	0	0	0	19	0	19
3271	0	0	0	19	0	19
3272	0	17	0	0	0	17
3273	19	0	0	0	0	19
3274	18	0	0	0	0	18
3275	19	0	0	0	0	19
3276	0	19	0	0	0	19
3277	18	0	0	0	0	18
3278	18	0	0	0	0	18
3279	0	0	0	19	0	19
3280	0	0	0	17	0	17
3281	0	0	17	0	0	17
3282	0	0	0	17	0	17
3283	0	0	0	16	0	16
3284	0	0	17	0	0	17
3285	16	0	0	0	0	16
3286	0	0	16	0	0	16
3287	0	0	15	0	0	15
3288	0	0	0	17	0	17
3289	0	0	0	16	0	16
3290	0	17	0	0	0	17
3291	17	0	0	0	0	17
3292	17	0	0	0	0	17
3293	0	16	0	0	0	16
3294	0	16	0	0	0	16
3295	0	0	0	16	0	16
3296	0	17	0	0	0	17
3297	17	0	0	0	0	17
3298	17	0	0	0	0	17
3299	0	0	0	19	0	19
3300	0	0	0	19	0	19
3301	19	0	0	0	0	19
3302	0	0	17	0	0	17
3303	17	0	0	0	0	17
3304	0	0	17	0	0	17
3305	16	0	0	0	0	16
3306	0	0	0	16	0	16
3307	0	0	15	0	0	15
3308	0	0	16	0	0	16
3309	15	0	0	0	0	15
3310	15	0	0	0	0	15
3311	0	18	0	0	0	18
3312	0	0	0	14	0	14
3313	0	0	0	14	0	14
3314	14	0	0	0	0	14
3315	0	14	0	0	0	14
3316	15	0	0	0	0	15
3317	0	15	0	0	0	15
3318	0	9	0	0	0	9
3319	10	0	0	0	0	10
3320	0	0	10	0	0	10
3321	0	0	0	10	0	10
3322	0	0	0	10	0	10
3323	0	0	10	0	0	10
3324	0	0	0	10	0	10
3325	0	0	0	8	0	8
3326	0	11	0	0	0	11
3327	11	0	0	0	0	11
3328	0	0	11	0	0	11
3329	11	0	0	0	0	11
3330	0	12	0	0	0	12
3331	0	0	0	12	0	12
3332	12	0	0	0	0	12
3333	0	0	0	12	0	12
3334	0	0	0	12	0	12
3335	0	0	12	0	0	12
3336	11	0	0	0	0	11
3337	12	0	0	0	0	12
3338	0	0	12	0	0	12
3339	0	0	0	12	0	12
3340	0	0	12	0	0	12
3341	12	0	0	0	0	12
3342	12	0	0	0	0	12
3343	0	0	0	12	0	12
3344	12	0	0	0	0	12
3345	0	0	17	0	0	17
3346	0	0	0	17	0	17
3347	0	0	0	17	0	17
3348	0	0	0	17	0	17
3349	0	0	0	16	0	16
3350	17	0	0	0	0	17
3351	0	0	17	0	0	17
3352	0	0	0	17	0	17
3353	0	0	17	0	0	17
3354	0	0	17	0	0	17
3355	0	0	0	17	0	17
3356	0	0	0	17	0	17
3357	17	0	0	0	0	17
3358	0	0	0	17	0	17
3359	0	0	0	17	0	17
3360	0	0	0	17	0	17
3361	17	0	0	0	0	17
3362	18	0	0	0	0	18
3363	18	0	0	0	0	18
3364	17	0	0	0	0	17
3365	0	17	0	0	0	17
3366	0	0	0	17	0	17
3367	0	0	0	16	0	16
3368	15	1	0	0	0	16
3369	0	15	0	0	0	15
3370	0	0	0	18	0	18
3371	0	0	18	0	0	18
3372	23	0	0	0	0	23
3373	0	23	0	0	0	23
3374	26	0	0	0	0	26
3375	26	0	0	0	0	26
3376	0	0	0	27	0	27
3377	0	0	27	0	0	27
3378	0	0	0	27	0	27
3379	27	0	0	0	0	27
3380	0	0	0	27	0	27
3381	27	0	0	0	0	27
3382	0	27	0	0	0	27
3383	28	0	0	0	0	28
3384	0	0	0	28	0	28
3385	0	0	0	29	0	29
3386	30	0	0	0	0	30
3387	30	0	0	0	0	30
3388	31	0	0	0	0	31
3389	30	1	0	0	0	31
3390	31	0	0	0	0	31
3391	0	0	0	30	0	30
3392	0	0	30	1	0	31
3393	0	30	0	0	0	30
3394	29	0	0	1	0	30
3395	1	0	29	0	0	30
3396	29	0	0	1	0	30
3397	1	29	0	0	0	30
3398	29	1	0	0	0	30
3399	1	0	0	27	0	28
3400	0	0	0	28	0	28
3401	0	0	27	1	0	28
3402	1	0	0	26	0	27
3403	0	0	27	0	0	27
3404	1	0	26	0	0	27
3405	28	0	0	0	0	28
3406	28	0	0	0	0	28
3407	0	0	27	1	0	28
3408	27	0	0	0	0	27
3409	27	1	0	0	0	28
3410	1	0	25	0	0	26
3411	0	25	1	0	0	26
3412	1	0	0	29	0	30
3413	34	1	0	0	0	35
3414	35	0	0	0	0	35
3415	33	0	0	1	0	34
3416	33	0	0	1	0	34
3417	33	0	0	0	0	33
3418	0	0	33	1	0	34
3419	0	0	33	0	0	33
3420	0	0	1	34	0	35
3421	35	0	0	0	0	35
3422	35	0	0	0	0	35
3423	33	0	0	0	0	33
3424	34	0	0	0	0	34
3425	1	34	0	0	0	35
3426	0	32	1	0	0	33
3427	33	0	0	0	0	33
3428	33	0	0	1	0	34
3429	1	32	0	0	0	33
3430	33	0	0	0	0	33
3431	1	0	31	0	0	32
3432	1	0	0	31	0	32
3433	1	0	33	0	0	34
3434	0	0	35	0	0	35
3435	0	0	1	33	0	34
3436	0	0	0	40	0	40
3437	0	0	39	0	0	39
3438	0	0	0	39	0	39
3439	1	0	0	39	0	40
3440	40	0	0	0	0	40
3441	39	1	0	0	0	40
3442	0	0	0	38	0	38
3443	1	0	39	0	0	40
3444	1	38	0	0	0	39
3445	37	1	0	0	0	38
3446	1	0	37	0	0	38
3447	0	37	1	0	0	38
3448	0	36	0	1	0	37
3449	37	0	1	0	0	38
3450	37	0	1	0	0	38
3451	0	0	0	38	0	38
3452	0	0	37	1	0	38
3453	0	0	1	39	0	40
3454	0	0	1	40	0	41
3455	0	0	0	41	0	41
3456	40	0	0	1	0	41
3457	1	38	0	1	0	40
3458	1	43	0	1	0	45
3459	0	1	1	45	0	47
3460	0	2	0	44	0	46
3461	44	0	0	1	0	45
3462	44	0	1	1	0	46
3463	45	0	0	0	0	45
3464	1	45	0	0	0	46
3465	46	0	0	0	0	46
3466	1	2	0	43	0	46
3467	1	0	44	1	0	46
3468	0	0	42	1	0	43
3469	41	0	1	1	0	43
3470	0	0	40	1	0	41
3471	1	0	38	1	0	40
3472	34	0	1	0	0	35
3473	0	0	37	0	0	37
3474	1	0	32	0	0	33
3475	0	0	1	34	0	35
3476	0	0	34	0	0	34
3477	0	0	0	32	0	32
3478	0	0	1	31	0	32
3479	0	0	33	1	0	34
3480	0	32	0	1	0	33
3481	32	0	1	0	0	33
3482	0	1	33	0	0	34
3483	1	0	32	0	0	33
3484	30	0	1	0	0	31
3485	0	0	32	0	0	32
3486	1	29	0	0	0	30
3487	0	28	1	0	0	29
3488	0	0	0	30	0	30
3489	0	1	0	29	0	30
3490	30	0	0	1	0	31
3491	30	0	0	1	0	31
3492	31	0	0	0	0	31
3493	1	0	0	30	0	31
3494	31	0	0	0	0	31
3495	30	0	0	1	0	31
3496	0	0	30	0	0	30
3497	1	0	27	0	0	28
3498	0	30	1	0	0	31
3499	0	0	1	30	0	31
3500	30	1	0	0	0	31
3501	0	30	0	1	0	31
3502	1	0	0	34	0	35
3503	34	1	0	0	0	35
3504	34	0	0	1	0	35
3505	1	34	0	0	0	35
3506	34	0	0	0	0	34
3507	34	1	0	0	0	35
3508	1	0	0	38	0	39
3509	1	0	39	0	0	40
3510	0	38	0	1	0	39
3511	0	38	1	0	0	39
3512	34	1	0	0	0	35
3513	0	1	0	30	0	31
3514	1	0	30	0	0	31
3515	0	30	0	1	0	31
3516	29	0	1	0	0	30
3517	30	1	0	0	0	31
3518	1	0	34	0	0	35
3519	1	0	0	34	0	35
3520	0	0	1	36	0	37
3521	0	0	39	1	0	40
3522	39	0	0	1	0	40
3523	42	0	1	0	0	43
3524	1	0	0	47	0	48
3525	1	51	0	0	0	52
3526	0	0	0	56	0	56
3527	0	1	55	0	0	56
3528	53	0	0	1	0	54
3529	0	1	1	55	0	57
3530	1	0	53	1	0	55
3531	54	0	1	1	0	56
3532	1	0	0	55	0	56
3533	1	0	0	52	0	53
3534	52	0	0	1	0	53
3535	1	51	0	1	0	53
3536	49	0	0	1	0	50
3537	0	1	0	49	0	50
3538	50	0	0	0	0	50
3539	0	1	48	1	0	50
3540	2	48	0	0	0	50
3541	0	0	1	51	0	52
3542	53	1	0	0	0	54
3543	0	50	1	1	0	52
3544	1	1	0	54	0	56
3545	51	1	0	1	0	53
3546	52	0	0	1	0	53
3547	1	1	0	50	0	52
3548	1	0	51	1	0	53
3549	1	0	50	1	0	52
3550	51	0	1	0	0	52
3551	0	50	1	1	0	52
3552	0	49	1	0	0	50
3553	49	0	1	0	0	50
3554	1	50	0	0	0	51
3555	0	1	0	50	0	51
3556	0	1	0	50	0	51
3557	51	0	0	0	0	51
3558	44	0	0	0	0	44
3559	44	0	0	1	0	45
3560	0	0	44	1	0	45
3561	1	0	0	42	0	43
3562	0	0	44	0	0	44
3563	1	0	41	0	0	42
3564	0	0	44	0	0	44
3565	0	0	0	44	0	44
3566	0	0	45	0	0	45
3567	0	0	45	0	0	45
3568	0	0	1	43	0	44
3569	43	0	0	1	0	44
3570	0	0	44	0	0	44
3571	0	0	1	42	0	43
3572	1	0	0	41	0	42
3573	1	0	41	0	0	42
3574	0	0	1	41	0	42
3575	0	0	41	1	0	42
3576	0	0	0	43	0	43
3577	0	0	1	42	0	43
3578	0	0	0	43	0	43
3579	0	0	1	42	0	43
3580	42	0	0	1	0	43
3581	42	0	0	1	0	43
3582	0	0	42	1	0	43
3583	0	41	0	1	0	42
3584	1	0	42	0	0	43
3585	1	0	42	0	0	43
3586	42	0	1	0	0	43
3587	0	43	0	0	0	43
3588	44	0	1	0	0	45
3589	0	49	1	0	0	50
3590	51	0	0	0	0	51
3591	51	1	0	0	0	52
3592	1	0	0	50	0	51
3593	0	52	0	0	0	52
3594	1	0	0	51	0	52
3595	1	0	0	51	0	52
3596	0	0	51	0	0	51
3597	0	49	0	0	0	49
3598	0	0	0	52	0	52
3599	50	0	0	1	0	51
3600	51	0	1	0	0	52
3601	52	1	0	0	0	53
3602	0	51	0	1	0	52
3603	56	0	0	0	0	56
3604	1	57	0	0	0	58
3605	1	0	0	63	0	64
3606	1	0	62	0	0	63
3607	1	0	0	61	0	62
3608	0	61	0	1	0	62
3609	0	0	1	59	0	60
3610	0	0	1	61	0	62
3611	0	60	0	1	0	61
3612	60	1	0	1	0	62
3613	0	0	0	62	0	62
3614	0	1	60	1	0	62
3615	1	1	0	60	0	62
3616	1	0	0	61	0	62
3617	0	0	59	1	0	60
3618	0	0	0	55	0	55
3619	0	54	0	2	0	56
3620	0	0	49	1	0	50
3621	0	0	49	1	0	50
3622	0	52	0	1	0	53
3623	0	50	1	0	0	51
3624	0	46	4	0	0	50
3625	40	1	4	0	0	45
3626	38	1	0	0	0	39
3627	40	1	0	0	0	41
3628	1	0	0	40	0	41
3629	1	0	39	0	0	40
3630	1	0	0	39	0	40
3631	0	0	0	41	0	41
3632	40	0	1	0	0	41
3633	40	0	0	1	0	41
3634	0	41	0	0	0	41
3635	41	0	0	0	0	41
3636	43	0	0	0	0	43
3637	42	1	0	0	0	43
3638	1	0	42	0	0	43
3639	1	0	40	1	0	42
3640	1	0	1	42	0	44
3641	0	0	40	1	0	41
3642	38	1	1	0	0	40
3643	36	0	2	2	0	40
3644	0	0	37	1	0	38
3645	37	1	0	0	0	38
3646	2	36	0	0	0	38
3647	36	0	1	1	0	38
3648	1	0	1	35	0	37
3649	0	1	0	36	0	37
3650	1	35	0	1	0	37
3651	36	0	1	1	0	38
3652	34	0	0	2	0	36
3653	0	37	0	0	0	37
3654	1	0	1	36	0	38
3655	1	0	1	35	0	37
3656	0	37	0	0	0	37
3657	0	1	0	36	0	37
3658	0	1	0	36	0	37
3659	36	1	0	0	0	37
3660	36	0	0	1	0	37
3661	0	0	34	1	0	35
3662	36	0	0	1	0	37
3663	1	0	36	0	0	37
3664	0	0	1	36	0	37
3665	1	0	34	1	0	36
3666	1	35	1	0	0	37
3667	0	0	0	34	0	34
3668	0	1	1	35	0	37
3669	35	1	0	0	0	36
3670	1	0	0	36	0	37
3671	0	0	35	1	0	36
3672	36	0	1	0	0	37
3673	35	0	1	1	0	37
3674	34	0	1	1	0	36
3675	37	0	0	0	0	37
3676	2	0	0	34	0	36
3677	2	0	0	34	0	36
3678	1	0	1	34	0	36
3679	1	0	0	35	0	36
3680	34	1	0	1	0	36
3681	34	0	0	1	0	35
3682	0	0	0	35	0	35
3683	1	34	0	1	0	36
3684	35	1	0	0	0	36
3685	1	0	34	1	0	36
3686	1	35	0	0	0	36
3687	35	1	0	0	0	36
3688	0	32	1	1	0	34
3689	0	1	27	1	0	29
3690	28	1	0	0	0	29
3691	26	1	0	1	0	28
3692	0	0	25	1	0	26
3693	2	0	0	26	0	28
3694	2	0	0	25	0	27
3695	0	26	2	0	0	28
3696	1	0	0	27	0	28
3697	25	0	1	1	0	27
3698	0	27	0	1	0	28
3699	0	0	0	27	0	27
3700	1	1	0	26	0	28
3701	0	1	21	1	0	23
3702	0	22	0	2	0	24
3703	19	0	0	0	0	19
3704	0	16	0	1	0	17
3705	0	11	0	0	0	11
3706	9	0	0	0	0	9
3707	0	0	0	10	0	10
3708	0	0	0	10	0	10
3709	11	0	0	0	0	11
3710	0	0	0	11	0	11
3711	0	0	0	11	0	11
3712	11	0	0	0	0	11
3713	0	0	0	10	0	10
3714	0	11	0	0	0	11
3715	11	0	0	0	0	11
3716	0	0	11	0	0	11
3717	0	11	0	0	0	11
3718	0	0	0	11	0	11
3719	0	0	11	0	0	11
3720	0	0	10	0	0	10
3721	5	1	0	5	0	11
3722	4	0	1	0	0	5
3723	0	0	0	4	0	4
3724	0	0	0	4	0	4
3725	0	0	0	4	0	4
3726	0	0	0	4	0	4
3727	0	0	0	4	0	4
3728	0	0	4	0	0	4
3729	0	0	4	0	0	4
3730	0	0	0	4	0	4
3731	0	0	4	0	0	4
3732	0	4	0	0	0	4
3733	0	0	0	4	0	4
3734	0	0	3	0	0	3
3735	2	0	0	0	0	2
3736	0	2	0	0	0	2
3737	0	2	0	0	0	2
3738	0	2	0	0	0	2
3739	0	0	0	2	0	2
3740	2	0	0	0	0	2
3741	0	0	0	2	0	2
3742	2	0	0	0	0	2
3743	0	2	0	0	0	2
3744	2	0	0	0	0	2
3745	0	0	0	2	0	2
3746	0	0	0	2	0	2
3747	0	2	0	0	0	2
3748	0	0	0	2	0	2
3749	0	0	0	2	0	2
3750	0	0	0	2	0	2
3751	2	0	0	0	0	2
3752	2	0	0	0	0	2
3753	0	0	2	0	0	2
3754	2	0	0	0	0	2
3755	0	0	2	0	0	2
3756	0	0	0	2	0	2
3757	0	0	0	2	0	2
3758	0	0	0	2	0	2
3759	0	0	2	0	0	2
3760	0	0	0	2	0	2
3761	0	0	2	0	0	2
3762	0	0	0	2	0	2
3763	2	0	0	0	0	2
3764	0	0	2	0	0	2
3765	2	0	0	0	0	2
3766	0	0	0	2	0	2
3767	2	0	0	0	0	2
3768	0	2	0	0	0	2
3769	0	0	0	2	0	2
3770	0	0	2	0	0	2
3771	0	0	0	2	0	2
3772	0	0	0	2	0	2
3773	0	2	0	0	0	2
3774	0	0	2	0	0	2
3775	0	1	0	0	0	1
3776	1	0	0	0	0	1
3777	0	1	0	0	0	1
3778	1	0	0	0	0	1
3779	1	0	0	0	0	1
3780	1	0	0	0	0	1
3781	0	0	0	1	0	1
3782	0	0	1	0	0	1
3783	0	0	0	0	0	0
3784	0	1	0	0	0	1
3785	0	0	0	1	0	1
3786	1	0	0	0	0	1
3787	0	1	0	0	0	1
3788	0	0	0	1	0	1
3789	0	0	0	1	0	1
3790	1	0	0	0	0	1
3791	0	0	1	0	0	1
3792	0	1	0	0	0	1
3793	0	0	0	1	0	1
3794	0	0	1	0	0	1
3795	0	0	0	1	0	1
3796	0	1	0	0	0	1
3797	0	0	0	1	0	1
3798	0	0	0	1	0	1
3799	0	0	0	1	0	1
3800	0	0	1	0	0	1
3801	1	0	0	0	0	1
3802	0	0	0	1	0	1
3803	1	0	0	0	0	1
3804	1	0	0	0	0	1
3805	1	0	0	0	0	1
3806	1	0	0	0	0	1
3807	1	0	0	0	0	1
3808	0	0	0	1	0	1
3809	0	0	0	0	0	0
3810	0	0	0	0	0	0
3811	0	0	0	0	0	0
3812	0	0	0	0	0	0
3813	0	0	0	0	0	0
3814	0	0	0	0	0	0
3815	0	0	0	0	0	0
3816	0	0	0	0	0	0
3817	0	0	0	0	0	0
3818	0	0	0	0	0	0
3819	0	0	0	0	0	0
3820	0	0	0	0	0	0
3821	0	0	0	0	0	0
3822	0	0	0	0	0	0
3823	0	0	0	0	0	0
3824	0	0	0	0	0	0
3825	0	0	0	0	0	0
3826	0	0	0	0	0	0
3827	0	0	0	0	0	0
3828	0	0	0	0	0	0
3829	0	0	0	0	0	0
3830	0	0	0	0	0	0
3831	0	0	0	0	0	0
3832	0	0	0	0	0	0
3833	0	0	0	0	0	0
3834	0	0	0	0	0	0
3835	0	0	0	0	0	0
3836	0	0	0	0	0	0
3837	0	0	0	0	0	0
3838	0	0	0	0	0	0
3839	0	0	0	0	0	0
3840	0	0	0	0	0	0
3841	0	0	0	0	0	0
3842	0	0	0	0	0	0
3843	0	0	0	0	0	0
3844	0	0	0	0	0	0
3845	0	0	0	0	0	0
3846	0	0	0	0	0	0
3847	0	0	0	0	0	0
3848	0	0	0	0	0	0
3849	0	0	0	0	0	0
3850	0	0	0	0	0	0
3851	0	0	0	0	0	0
3852	0	0	0	0	0	0
3853	0	0	0	0	0	0
3854	0	0	0	0	0	0
3855	0	0	0	0	0	0
3856	0	0	3	0	0	3
3857	0	3	0	0	0	3
3858	3	0	0	0	0	3
3859	3	0	0	0	0	3
3860	0	0	3	0	0	3
3861	0	0	0	3	0	3
3862	0	0	0	3	0	3
3863	0	0	3	0	0	3
3864	3	0	0	0	0	3
3865	3	0	0	0	0	3
3866	0	3	0	0	0	3
3867	3	0	0	0	0	3
3868	3	0	0	0	0	3
3869	3	0	0	0	0	3
3870	3	0	0	0	0	3
3871	0	0	4	0	0	4
3872	4	0	0	0	0	4
3873	0	0	0	4	0	4
3874	0	4	0	0	0	4
3875	0	0	4	0	0	4
3876	0	4	0	0	0	4
3877	0	0	0	4	0	4
3878	0	0	4	0	0	4
3879	4	0	0	0	0	4
3880	0	0	4	0	0	4
3881	4	0	0	0	0	4
3882	0	0	0	4	0	4
3883	0	0	0	4	0	4
3884	0	4	0	0	0	4
3885	0	4	0	0	0	4
3886	0	0	0	4	0	4
3887	4	0	0	0	0	4
3888	4	0	0	0	0	4
3889	4	0	0	0	0	4
3890	0	0	4	0	0	4
3891	4	0	0	0	0	4
3892	0	0	4	0	0	4
3893	0	0	3	0	0	3
3894	4	0	0	0	0	4
3895	4	0	0	0	0	4
3896	0	0	4	0	0	4
3897	0	0	0	4	0	4
3898	0	0	0	4	0	4
3899	4	0	0	0	0	4
3900	4	0	0	0	0	4
3901	0	0	12	0	0	12
3902	0	12	0	0	0	12
3903	0	12	0	0	0	12
3904	12	0	0	0	0	12
3905	0	0	0	12	0	12
3906	0	0	0	12	0	12
3907	0	0	0	12	0	12
3908	12	0	0	0	0	12
3909	0	0	0	12	0	12
3910	12	0	0	0	0	12
3911	12	0	0	0	0	12
3912	0	15	0	0	0	15
3913	0	0	0	16	0	16
3914	0	0	17	0	0	17
3915	18	0	0	0	0	18
3916	18	0	0	0	0	18
3917	18	0	0	0	0	18
3918	0	0	19	0	0	19
3919	0	0	0	19	0	19
3920	19	0	0	0	0	19
3921	19	0	0	0	0	19
3922	19	0	0	0	0	19
3923	0	19	0	0	0	19
3924	0	22	0	0	0	22
3925	1	0	0	21	0	22
3926	0	0	0	22	0	22
3927	0	22	0	0	0	22
3928	21	0	0	0	0	21
3929	0	0	22	0	0	22
3930	0	0	0	22	0	22
3931	0	0	0	21	0	21
3932	0	0	22	0	0	22
3933	22	0	0	0	0	22
3934	22	0	0	0	0	22
3935	0	22	0	0	0	22
3936	22	0	0	0	0	22
3937	0	0	24	0	0	24
3938	30	0	0	0	0	30
3939	0	0	31	0	0	31
3940	33	0	0	0	0	33
3941	34	0	0	0	0	34
3942	33	0	0	0	0	33
3943	34	0	0	0	0	34
3944	0	34	0	0	0	34
3945	34	0	0	0	0	34
3946	33	0	0	0	0	33
3947	0	0	37	0	0	37
3948	37	0	1	0	0	38
3949	1	0	0	38	0	39
3950	0	0	39	1	0	40
3951	39	0	1	0	0	40
3952	1	0	0	40	0	41
3953	43	0	0	1	0	44
3954	46	0	0	0	0	46
3955	1	0	43	0	0	44
3956	42	0	1	0	0	43
3957	43	0	0	0	0	43
3958	41	0	0	1	0	42
3959	43	0	0	0	0	43
3960	1	0	0	42	0	43
3961	0	41	0	1	0	42
3962	41	1	0	0	0	42
3963	42	0	0	0	0	42
3964	40	0	0	1	0	41
3965	1	0	41	0	0	42
3966	0	41	1	0	0	42
3967	0	1	0	42	0	43
3968	1	0	0	42	0	43
3969	0	0	43	1	0	44
3970	0	0	1	44	0	45
3971	0	0	43	1	0	44
3972	0	0	1	42	0	43
3973	0	0	0	44	0	44
3974	0	0	47	1	0	48
3975	44	0	0	0	0	44
3976	48	0	0	0	0	48
3977	1	0	46	0	0	47
3978	47	0	1	0	0	48
3979	50	0	0	0	0	50
3980	1	0	52	0	0	53
3981	1	0	1	49	0	51
3982	0	0	0	52	0	52
3983	52	0	0	1	0	53
3984	1	52	0	0	0	53
3985	47	1	0	0	0	48
3986	53	0	0	0	0	53
3987	1	51	0	1	0	53
3988	52	1	0	0	0	53
3989	53	0	0	0	0	53
3990	1	52	0	0	0	53
3991	0	1	0	52	0	53
3992	0	52	0	1	0	53
3993	0	1	0	52	0	53
3994	0	0	52	1	0	53
3995	0	0	51	0	0	51
3996	51	0	1	0	0	52
3997	53	0	0	0	0	53
3998	1	0	52	0	0	53
3999	50	0	1	0	0	51
4000	56	0	0	0	0	56
4001	48	0	0	0	0	48
4002	1	51	0	0	0	52
4003	0	1	0	51	0	52
4004	51	0	0	1	0	52
4005	51	0	0	0	0	51
4006	1	0	50	0	0	51
4007	0	0	1	50	0	51
4008	0	0	0	52	0	52
4009	0	51	0	1	0	52
4010	0	56	0	0	0	56
4011	0	1	0	54	0	55
4012	0	52	0	1	0	53
4013	52	1	0	0	0	53
4014	1	53	0	0	0	54
4015	54	1	0	0	0	55
4016	1	0	52	0	0	53
4017	56	0	1	0	0	57
4018	55	0	0	0	0	55
4019	54	0	0	0	0	54
4020	55	0	0	0	0	55
4021	1	54	0	0	0	55
4022	0	1	0	54	0	55
4023	0	0	0	54	0	54
4024	0	0	51	1	0	52
4025	0	0	1	51	0	52
4026	0	0	0	52	0	52
4027	52	0	0	1	0	53
4028	1	52	0	0	0	53
4029	0	1	0	51	0	52
4030	0	0	0	53	0	53
4031	0	0	0	52	0	52
4032	55	0	0	1	0	56
4033	1	0	0	55	0	56
4034	55	0	0	1	0	56
4035	1	0	0	55	0	56
4036	0	0	0	56	0	56
4037	0	0	51	1	0	52
4038	45	0	1	0	0	46
4039	1	47	0	0	0	48
4040	44	1	0	0	0	45
4041	1	0	0	43	0	44
4042	0	0	0	45	0	45
4043	46	0	0	1	0	47
4044	52	0	0	0	0	52
4045	1	2	0	51	0	54
4046	0	0	53	1	0	54
4047	0	0	50	0	0	50
4048	0	49	0	0	0	49
4049	50	0	1	0	0	51
4050	47	0	0	0	0	47
4051	0	0	0	48	0	48
4052	0	48	0	0	0	48
4053	0	0	0	47	0	47
4054	0	0	0	45	0	45
4055	0	44	0	0	0	44
4056	44	0	0	0	0	44
4057	0	0	0	45	0	45
4058	1	43	0	0	0	44
4059	0	45	0	0	0	45
4060	45	0	0	0	0	45
4061	0	0	44	0	0	44
4062	44	0	0	0	0	44
4063	0	0	0	50	0	50
4064	0	0	0	50	0	50
4065	0	50	0	0	0	50
4066	0	0	0	50	0	50
4067	1	0	49	1	0	51
4068	0	49	0	0	0	49
4069	0	50	0	1	0	51
4070	46	1	1	0	0	48
4071	0	44	0	0	0	44
4072	0	2	0	47	0	49
4073	1	47	0	1	0	49
4074	0	2	0	43	0	45
4075	0	0	0	44	0	44
4076	0	1	41	1	0	43
4077	0	0	1	44	0	45
4078	0	0	0	45	0	45
4079	40	0	1	0	0	41
4080	2	0	37	1	0	40
4081	1	0	1	42	0	44
4082	1	0	42	1	0	44
4083	41	0	3	0	0	44
4084	1	42	1	1	0	45
4085	45	2	1	0	0	48
4086	3	0	0	46	0	49
4087	1	1	0	47	0	49
4088	1	0	45	2	0	48
4089	41	1	1	1	0	44
4090	1	45	0	2	0	48
4091	49	1	1	1	0	52
4092	2	1	0	48	0	51
4093	0	50	0	1	0	51
4094	50	1	0	1	0	52
4095	1	54	0	0	0	55
4096	0	2	0	52	0	54
4097	2	0	0	53	0	55
4098	0	1	1	50	0	52
4099	1	51	0	2	0	54
4100	0	0	0	49	0	49
4101	0	0	0	51	0	51
4102	45	2	0	1	0	48
4103	48	0	0	2	0	50
4104	48	0	1	1	0	50
4105	2	1	53	0	0	56
4106	54	1	0	1	0	56
4107	56	0	0	0	0	56
4108	53	1	0	0	0	54
4109	2	0	50	1	0	53
4110	51	1	0	0	0	52
4111	2	0	0	51	0	53
4112	0	0	51	2	0	53
4113	1	49	2	0	0	52
4114	0	2	0	49	0	51
4115	0	46	1	2	0	49
4116	1	50	0	0	0	51
4117	46	1	1	1	0	49
4118	0	0	0	47	0	47
4119	46	1	1	1	0	49
4120	3	0	0	46	0	49
4121	46	1	0	2	0	49
4122	3	0	0	46	0	49
4123	46	0	0	3	0	49
4124	1	0	45	1	0	47
4125	0	0	2	47	0	49
4126	2	0	45	1	0	48
4127	0	1	42	0	0	43
4128	1	0	47	1	0	49
4129	0	1	2	49	0	52
4130	0	2	49	1	0	52
4131	50	0	2	0	0	52
4132	1	1	0	47	0	49
4133	0	0	50	3	0	53
4134	1	1	1	48	0	51
4135	0	0	0	53	0	53
4136	0	1	49	2	0	52
4137	0	0	2	53	0	55
4138	0	0	0	52	0	52
4139	1	51	1	1	0	54
4140	54	1	0	1	0	56
4141	53	0	1	0	0	54
4142	1	1	51	1	0	54
4143	47	0	2	0	0	49
4144	1	0	41	0	0	42
4145	0	1	45	0	0	46
4146	1	0	40	0	0	41
4147	0	0	0	40	0	40
4148	0	0	44	1	0	45
4149	0	0	2	42	0	44
4150	0	0	1	44	0	45
4151	0	1	0	46	0	47
4152	1	0	0	46	0	47
4153	42	0	0	2	0	44
4154	46	1	0	1	0	48
4155	1	46	0	1	0	48
4156	1	0	0	45	0	46
4157	1	0	46	2	0	49
4158	0	47	1	1	0	49
4159	0	0	0	49	0	49
4160	0	1	47	1	0	49
4161	0	1	1	47	0	49
4162	0	0	45	3	0	48
4163	1	0	43	0	0	44
4164	1	0	1	43	0	45
4165	0	0	0	43	0	43
4166	43	0	1	1	0	45
4167	2	0	0	43	0	45
4168	43	0	0	1	0	44
4169	1	42	0	0	0	43
4170	0	42	0	0	0	42
4171	0	1	0	42	0	43
4172	43	0	0	1	0	44
4173	1	43	0	0	0	44
4174	0	1	0	45	0	46
4175	46	0	0	1	0	47
4176	47	0	0	0	0	47
4177	50	0	0	0	0	50
4178	50	0	0	0	0	50
4179	50	0	0	0	0	50
4180	1	0	50	0	0	51
4181	0	0	48	0	0	48
4182	0	47	1	0	0	48
4183	0	1	0	47	0	48
4184	0	0	51	1	0	52
4185	0	0	51	0	0	51
4186	0	0	1	52	0	53
4187	0	0	54	1	0	55
4188	0	0	55	0	0	55
4189	0	69	1	0	0	70
4190	72	1	0	0	0	73
4191	1	77	0	0	0	78
4192	0	1	0	80	0	81
4193	79	0	0	1	0	80
4194	1	78	0	0	0	79
4195	0	1	0	77	0	78
4196	0	0	75	1	0	76
4197	74	0	0	0	0	74
4198	77	0	0	0	0	77
4199	76	0	0	0	0	76
4200	1	0	0	74	0	75
4201	0	0	76	1	0	77
4202	0	75	0	0	0	75
4203	0	0	0	75	0	75
4204	74	0	0	1	0	75
4205	1	0	66	0	0	67
4206	0	68	0	0	0	68
4207	0	1	69	0	0	70
4208	68	0	1	0	0	69
4209	69	0	0	0	0	69
4210	69	0	0	0	0	69
4211	1	0	68	0	0	69
4212	0	69	0	0	0	69
4213	0	1	0	68	0	69
4214	0	0	0	69	0	69
4215	0	0	0	69	0	69
4216	0	0	66	1	0	67
4217	67	0	2	1	0	70
4218	1	0	65	0	0	66
4219	70	0	1	1	0	72
4220	68	0	1	0	0	69
4221	70	0	1	0	0	71
4222	71	2	0	0	0	73
4223	2	0	68	0	0	70
4224	0	2	1	70	0	73
4225	0	0	68	3	0	71
4226	2	69	1	0	0	72
4227	0	71	0	0	0	71
4228	70	1	0	2	0	73
4229	69	0	2	0	0	71
4230	2	71	0	0	0	73
4231	71	1	0	0	0	72
4232	3	1	65	0	0	69
4233	67	0	1	3	0	71
4234	2	67	2	0	0	71
4235	69	4	0	0	0	73
4236	69	0	0	2	0	71
4237	3	0	1	68	0	72
4238	1	1	2	69	0	73
4239	69	2	0	2	0	73
4240	3	0	2	67	0	72
4241	70	1	0	2	0	73
4242	3	0	1	69	0	73
4243	70	1	1	1	0	73
4244	70	0	2	1	0	73
4245	3	70	0	0	0	73
4246	1	68	1	2	0	72
4247	66	1	1	3	0	71
4248	1	66	2	3	0	72
4249	1	2	3	66	0	72
4250	3	0	0	65	0	68
4251	64	0	2	1	0	67
4252	4	63	2	0	0	69
4253	3	65	0	0	0	68
4254	2	63	1	2	0	68
4255	4	1	63	2	0	70
4256	1	1	65	1	0	68
4257	1	1	61	3	0	66
4258	1	1	3	61	0	66
4259	1	66	1	0	0	68
4260	66	2	0	1	0	69
4261	5	0	63	1	0	69
4262	4	0	61	2	0	67
4263	1	2	65	1	0	69
4264	3	0	2	62	0	67
4265	0	1	2	65	0	68
4266	2	0	1	64	0	67
4267	65	3	0	0	0	68
4268	65	2	1	0	0	68
4269	67	1	1	0	0	69
4270	2	0	1	65	0	68
4271	1	1	62	3	0	67
4272	5	0	67	0	0	72
4273	1	1	1	69	0	72
4274	3	2	1	64	0	70
4275	62	2	0	3	0	67
4276	4	63	0	2	0	69
4277	63	1	0	2	0	66
4278	1	62	0	1	0	64
4279	1	2	2	61	0	66
4280	5	0	60	0	0	65
4281	1	3	1	60	0	65
4282	62	0	0	2	0	64
4283	3	0	59	3	0	65
4284	56	0	0	1	0	57
4285	1	1	51	1	0	54
4286	1	2	48	0	0	51
4287	48	2	0	2	0	52
4288	2	0	48	0	0	50
4289	0	1	32	1	0	34
4290	1	31	1	1	0	34
4291	20	2	0	0	0	22
4292	20	0	0	0	0	20
4293	20	0	0	0	0	20
4294	0	0	19	0	0	19
4295	18	0	0	0	0	18
4296	0	20	0	0	0	20
4297	20	0	0	0	0	20
4298	0	0	21	0	0	21
4299	0	0	0	21	0	21
4300	0	0	21	0	0	21
4301	0	21	0	0	0	21
4302	0	0	0	20	0	20
4303	0	0	0	21	0	21
4304	20	0	0	0	0	20
4305	21	0	0	0	0	21
4306	20	0	0	0	0	20
4307	20	0	0	0	0	20
4308	21	0	0	0	0	21
4309	0	0	21	0	0	21
4310	0	0	0	20	0	20
4311	0	0	21	0	0	21
4312	0	0	0	19	0	19
4313	19	0	0	0	0	19
4314	18	0	0	0	0	18
4315	19	0	0	0	0	19
4316	18	0	0	0	0	18
4317	0	0	20	0	0	20
4318	0	0	0	18	0	18
4319	0	0	18	0	0	18
4320	0	17	0	0	0	17
4321	0	19	0	0	0	19
4322	0	0	0	18	0	18
4323	0	0	0	24	0	24
4324	0	0	0	29	0	29
4325	0	0	0	30	0	30
4326	29	0	0	0	0	29
4327	0	30	0	0	0	30
4328	26	0	0	0	0	26
4329	0	0	0	25	0	25
4330	0	0	0	24	0	24
4331	0	26	0	0	0	26
4332	0	0	0	26	0	26
4333	25	0	0	0	0	25
4334	0	24	0	0	0	24
4335	0	23	0	0	0	23
4336	23	0	0	0	0	23
4337	0	0	0	22	0	22
4338	0	21	0	0	0	21
4339	0	0	0	23	0	23
4340	23	0	0	0	0	23
4341	0	0	0	23	0	23
4342	0	0	0	22	0	22
4343	22	0	0	0	0	22
4344	0	0	0	23	0	23
4345	0	25	0	0	0	25
4346	0	0	0	25	0	25
4347	0	25	0	0	0	25
4348	0	0	0	25	0	25
4349	25	0	0	0	0	25
4350	25	0	0	0	0	25
4351	0	0	0	25	0	25
4352	0	0	25	0	0	25
4353	25	0	0	0	0	25
4354	0	0	25	0	0	25
4355	25	0	0	0	0	25
4356	25	0	0	0	0	25
4357	0	0	25	0	0	25
4358	0	25	0	0	0	25
4359	23	0	0	0	0	23
4360	21	0	0	0	0	21
4361	0	0	27	0	0	27
4362	27	0	0	0	0	27
4363	28	0	0	0	0	28
4364	28	0	0	0	0	28
4365	0	0	0	27	0	27
4366	0	0	0	28	0	28
4367	0	26	0	0	0	26
4368	0	0	0	27	0	27
4369	0	0	0	27	0	27
4370	0	0	28	0	0	28
4371	1	0	26	0	0	27
4372	24	0	0	0	0	24
4373	25	0	0	0	0	25
4374	0	25	0	0	0	25
4375	0	0	0	24	0	24
4376	0	0	27	0	0	27
4377	0	0	0	27	0	27
4378	0	0	1	25	0	26
4379	0	0	0	28	0	28
4380	0	28	0	1	0	29
4381	0	0	0	29	0	29
4382	0	1	0	28	0	29
4383	0	0	28	1	0	29
4384	0	0	27	1	0	28
4385	28	0	1	0	0	29
4386	27	0	1	0	0	28
4387	1	0	0	30	0	31
4388	1	0	0	31	0	32
4389	0	0	0	34	0	34
4390	0	0	33	1	0	34
4391	0	31	0	1	0	32
4392	0	0	33	0	0	33
4393	32	1	0	0	0	33
4394	0	0	33	0	0	33
4395	33	0	0	0	0	33
4396	30	0	1	0	0	31
4397	33	0	0	0	0	33
4398	1	0	0	31	0	32
4399	1	0	29	0	0	30
4400	0	31	0	1	0	32
4401	0	0	1	34	0	35
4402	0	1	0	33	0	34
4403	0	0	35	1	0	36
4404	0	35	0	1	0	36
4405	35	0	1	0	0	36
4406	0	36	0	0	0	36
4407	37	0	0	0	0	37
4408	0	1	0	33	0	34
4409	1	0	36	0	0	37
4410	0	36	0	1	0	37
4411	36	0	1	0	0	37
4412	0	1	36	0	0	37
4413	37	0	0	0	0	37
4414	36	0	1	0	0	37
4415	1	0	36	0	0	37
4416	37	0	0	0	0	37
4417	34	0	1	0	0	35
4418	35	0	0	0	0	35
4419	1	34	0	0	0	35
4420	34	0	0	0	0	34
4421	0	35	0	0	0	35
4422	1	0	34	0	0	35
4423	0	29	0	0	0	29
4424	23	0	1	0	0	24
4425	23	1	0	0	0	24
4426	24	0	0	0	0	24
4427	1	0	0	23	0	24
4428	1	0	0	23	0	24
4429	23	0	0	1	0	24
4430	22	0	0	1	0	23
4431	1	0	0	23	0	24
4432	1	0	23	0	0	24
4433	0	23	0	1	0	24
4434	0	25	1	0	0	26
4435	0	1	0	25	0	26
4436	0	1	25	0	0	26
4437	0	0	0	25	0	25
4438	0	25	1	0	0	26
4439	0	0	0	26	0	26
4440	0	1	25	0	0	26
4441	0	0	0	26	0	26
4442	0	0	26	0	0	26
4443	0	0	0	26	0	26
4444	0	0	26	0	0	26
4445	0	0	23	1	0	24
4446	23	0	1	0	0	24
4447	23	0	1	0	0	24
4448	24	0	0	0	0	24
4449	1	23	0	0	0	24
4450	1	0	0	24	0	25
4451	23	1	0	0	0	24
4452	24	0	0	1	0	25
4453	25	0	0	0	0	25
4454	1	0	24	0	0	25
4455	1	24	0	0	0	25
4456	0	24	1	0	0	25
4457	23	1	0	0	0	24
4458	0	1	0	23	0	24
4459	25	0	0	0	0	25
4460	0	0	26	1	0	27
4461	1	0	0	21	0	22
4462	0	0	1	23	0	24
4463	1	0	0	22	0	23
4464	0	23	0	1	0	24
4465	23	0	0	1	0	24
4466	22	1	0	0	0	23
4467	1	23	0	0	0	24
4468	0	0	0	23	0	23
4469	23	1	0	0	0	24
4470	0	0	0	24	0	24
4471	23	0	0	0	0	23
4472	0	22	0	1	0	23
4473	23	0	0	0	0	23
4474	0	1	21	0	0	22
4475	1	22	0	0	0	23
4476	0	0	21	0	0	21
4477	0	0	0	22	0	22
4478	21	0	0	0	0	21
4479	21	0	0	0	0	21
4480	21	0	0	0	0	21
4481	1	0	0	20	0	21
4482	21	0	0	0	0	21
4483	0	0	0	21	0	21
4484	21	0	0	0	0	21
4485	24	0	0	0	0	24
4486	0	0	24	0	0	24
4487	0	0	22	0	0	22
4488	0	0	21	0	0	21
4489	0	0	0	16	0	16
4490	17	0	0	0	0	17
4491	0	0	0	17	0	17
4492	0	0	0	17	0	17
4493	17	0	0	0	0	17
4494	17	0	0	0	0	17
4495	17	0	0	0	0	17
4496	17	0	0	0	0	17
4497	0	0	0	17	0	17
4498	17	0	0	0	0	17
4499	0	17	0	0	0	17
4500	17	0	0	0	0	17
4501	13	0	0	0	0	13
4502	0	0	13	0	0	13
4503	11	0	0	0	0	11
4504	0	0	11	0	0	11
4505	0	0	13	0	0	13
4506	0	0	13	0	0	13
4507	0	0	0	11	0	11
4508	0	0	12	0	0	12
4509	0	0	0	12	0	12
4510	0	0	12	0	0	12
4511	0	0	16	0	0	16
4512	0	0	0	13	0	13
4513	0	0	0	16	0	16
4514	0	0	17	0	0	17
4515	15	0	0	0	0	15
4516	0	0	0	17	0	17
4517	0	0	0	16	0	16
4518	17	0	0	0	0	17
4519	0	0	0	16	0	16
4520	0	0	17	0	0	17
4521	0	0	17	0	0	17
4522	0	0	0	17	0	17
4523	0	0	17	0	0	17
4524	0	16	0	0	0	16
4525	0	0	0	17	0	17
4526	17	0	0	0	0	17
4527	0	0	16	0	0	16
4528	17	0	0	0	0	17
4529	0	0	0	18	0	18
4530	0	0	0	17	0	17
4531	0	0	0	18	0	18
4532	0	0	0	18	0	18
4533	18	0	0	0	0	18
4534	0	17	0	0	0	17
4535	0	0	0	17	0	17
4536	0	0	0	16	0	16
4537	0	0	0	16	0	16
4538	0	0	0	17	0	17
4539	17	0	0	0	0	17
4540	0	16	0	0	0	16
4541	17	0	0	0	0	17
4542	0	17	0	0	0	17
4543	0	17	0	0	0	17
4544	16	0	0	0	0	16
4545	0	0	19	0	0	19
4546	0	0	0	18	0	18
4547	21	0	0	0	0	21
4548	21	0	0	0	0	21
4549	20	0	0	0	0	20
4550	19	0	0	0	0	19
4551	0	20	0	0	0	20
4552	22	0	0	0	0	22
4553	21	0	0	0	0	21
4554	0	21	0	0	0	21
4555	0	0	0	22	0	22
4556	0	0	22	0	0	22
4557	0	0	0	22	0	22
4558	22	0	0	0	0	22
4559	0	0	23	0	0	23
4560	0	21	0	0	0	21
4561	0	0	22	0	0	22
4562	0	0	0	20	0	20
4563	0	19	0	0	0	19
4564	19	0	0	0	0	19
4565	0	20	0	0	0	20
4566	0	0	0	20	0	20
4567	0	0	0	20	0	20
4568	20	0	0	0	0	20
4569	0	0	0	20	0	20
4570	0	20	0	0	0	20
4571	20	0	0	0	0	20
4572	20	0	0	0	0	20
4573	0	20	0	0	0	20
4574	20	0	0	0	0	20
4575	0	21	0	0	0	21
4576	20	0	0	0	0	20
4577	0	20	0	0	0	20
4578	0	0	0	16	0	16
4579	0	0	0	20	0	20
4580	19	0	0	0	0	19
4581	19	0	0	0	0	19
4582	0	20	0	0	0	20
4583	0	0	21	0	0	21
4584	21	0	0	0	0	21
4585	0	0	0	16	0	16
4586	0	18	0	0	0	18
4587	0	0	0	18	0	18
4588	18	0	0	0	0	18
4589	18	0	0	0	0	18
4590	18	0	0	0	0	18
4591	0	0	0	18	0	18
4592	0	0	18	0	0	18
4593	17	0	0	0	0	17
4594	17	0	0	0	0	17
4595	18	0	0	0	0	18
4596	0	18	0	0	0	18
4597	0	0	0	18	0	18
4598	0	20	0	0	0	20
4599	0	0	0	19	0	19
4600	0	0	0	20	0	20
4601	0	0	25	0	0	25
4602	0	0	0	26	0	26
4603	0	0	0	26	0	26
4604	29	0	0	0	0	29
4605	0	29	0	0	0	29
4606	29	0	0	0	0	29
4607	29	0	0	0	0	29
4608	0	0	0	29	0	29
4609	0	0	29	0	0	29
4610	0	26	0	0	0	26
4611	0	25	0	0	0	25
4612	23	0	0	0	0	23
4613	0	25	0	0	0	25
4614	0	0	0	24	0	24
4615	0	0	0	24	0	24
4616	0	0	24	0	0	24
4617	0	0	24	0	0	24
4618	0	24	0	0	0	24
4619	0	0	0	24	0	24
4620	24	0	0	0	0	24
4621	0	0	0	23	0	23
4622	0	0	24	0	0	24
4623	0	0	0	24	0	24
4624	23	0	0	0	0	23
4625	23	0	0	0	0	23
4626	0	24	0	0	0	24
4627	23	0	0	0	0	23
4628	0	21	0	0	0	21
4629	24	0	0	0	0	24
4630	0	0	0	24	0	24
4631	0	0	24	0	0	24
4632	0	0	25	0	0	25
4633	0	25	0	0	0	25
4634	0	0	0	25	0	25
4635	0	0	0	25	0	25
4636	25	0	0	0	0	25
4637	25	0	0	0	0	25
4638	25	0	0	0	0	25
4639	0	0	0	25	0	25
4640	0	0	0	24	0	24
4641	0	0	0	25	0	25
4642	0	0	24	0	0	24
4643	0	0	25	0	0	25
4644	24	0	0	0	0	24
4645	21	0	0	0	0	21
4646	0	0	22	0	0	22
4647	21	0	0	0	0	21
4648	18	0	0	0	0	18
4649	0	0	20	0	0	20
4650	0	21	0	0	0	21
4651	0	0	0	22	0	22
4652	0	0	20	0	0	20
4653	0	19	0	0	0	19
4654	0	0	0	18	0	18
4655	0	19	0	0	0	19
4656	0	0	20	0	0	20
4657	0	0	20	0	0	20
4658	0	2	0	18	0	20
4659	18	0	0	0	0	18
4660	0	0	0	18	0	18
4661	18	0	0	0	0	18
4662	0	0	0	18	0	18
4663	0	0	18	0	0	18
4664	18	0	0	0	0	18
4665	0	0	19	0	0	19
4666	19	0	0	0	0	19
4667	0	0	0	17	0	17
4668	0	19	0	0	0	19
4669	0	0	0	18	0	18
4670	0	18	0	0	0	18
4671	0	0	0	16	0	16
4672	0	17	0	0	0	17
4673	19	0	0	0	0	19
4674	19	0	0	0	0	19
4675	17	0	0	0	0	17
4676	0	0	17	0	0	17
4677	0	0	0	17	0	17
4678	0	0	17	0	0	17
4679	0	16	0	0	0	16
4680	0	18	0	0	0	18
4681	18	0	0	0	0	18
4682	0	0	17	0	0	17
4683	0	17	0	0	0	17
4684	0	0	0	17	0	17
4685	17	0	0	0	0	17
4686	0	17	0	0	0	17
4687	17	0	0	0	0	17
4688	0	0	17	0	0	17
4689	0	0	0	17	0	17
4690	0	0	0	17	0	17
4691	0	0	0	17	0	17
4692	0	17	0	0	0	17
4693	0	0	0	17	0	17
4694	0	0	17	0	0	17
4695	0	0	0	17	0	17
4696	0	0	0	16	0	16
4697	0	0	0	15	0	15
4698	0	15	0	0	0	15
4699	0	0	0	15	0	15
4700	0	0	0	14	0	14
4701	0	10	0	0	0	10
4702	9	0	0	0	0	9
4703	0	9	0	0	0	9
4704	0	6	0	0	0	6
4705	0	0	0	7	0	7
4706	0	0	7	0	0	7
4707	7	0	0	0	0	7
4708	0	0	0	7	0	7
4709	0	0	7	0	0	7
4710	0	6	0	0	0	6
4711	0	0	0	7	0	7
4712	0	0	7	0	0	7
4713	0	0	0	7	0	7
4714	0	0	0	10	0	10
4715	10	0	0	0	0	10
4716	0	10	0	0	0	10
4717	10	0	0	0	0	10
4718	0	0	8	0	0	8
4719	0	10	0	0	0	10
4720	0	0	10	0	0	10
4721	0	0	0	10	0	10
4722	10	0	0	0	0	10
4723	0	0	0	10	0	10
4724	10	0	0	0	0	10
4725	10	0	0	0	0	10
4726	0	0	0	13	0	13
4727	0	0	11	0	0	11
4728	0	0	12	0	0	12
4729	0	0	0	11	0	11
4730	0	0	0	11	0	11
4731	11	0	0	0	0	11
4732	0	0	0	10	0	10
4733	0	10	0	0	0	10
4734	0	0	0	10	0	10
4735	0	0	0	10	0	10
4736	10	0	0	0	0	10
4737	0	10	0	0	0	10
4738	0	0	0	10	0	10
4739	0	0	0	10	0	10
4740	0	10	0	0	0	10
4741	0	0	0	10	0	10
4742	0	0	0	10	0	10
4743	0	10	0	0	0	10
4744	0	0	0	10	0	10
4745	0	0	0	10	0	10
4746	0	10	0	0	0	10
4747	0	0	0	10	0	10
4748	11	0	0	0	0	11
4749	11	0	0	0	0	11
4750	11	0	0	0	0	11
4751	10	0	0	0	0	10
4752	0	10	0	0	0	10
4753	10	0	0	0	0	10
4754	0	11	0	0	0	11
4755	0	11	0	0	0	11
4756	0	0	0	11	0	11
4757	0	0	12	0	0	12
4758	12	0	0	0	0	12
4759	15	0	0	0	0	15
4760	0	0	13	0	0	13
4761	16	0	0	0	0	16
4762	16	0	0	0	0	16
4763	0	16	0	0	0	16
4764	17	0	0	0	0	17
4765	0	0	0	13	0	13
4766	0	0	0	16	0	16
4767	0	0	0	16	0	16
4768	0	0	0	16	0	16
4769	16	0	0	0	0	16
4770	0	0	0	16	0	16
4771	0	0	0	16	0	16
4772	0	0	16	0	0	16
4773	14	0	0	0	0	14
4774	16	0	0	0	0	16
4775	16	0	0	0	0	16
4776	0	16	0	0	0	16
4777	0	15	0	0	0	15
4778	16	0	0	0	0	16
4779	0	0	0	16	0	16
4780	0	15	0	0	0	15
4781	0	0	0	15	0	15
4782	0	15	0	0	0	15
4783	15	0	0	0	0	15
4784	0	15	0	0	0	15
4785	0	0	0	15	0	15
4786	0	0	0	15	0	15
4787	0	0	15	0	0	15
4788	0	16	0	0	0	16
4789	0	0	0	17	0	17
4790	0	0	16	0	0	16
4791	0	0	17	0	0	17
4792	0	0	0	18	0	18
4793	0	0	0	19	0	19
4794	0	19	0	0	0	19
4795	0	18	0	0	0	18
4796	0	0	0	19	0	19
4797	19	0	0	0	0	19
4798	0	0	0	19	0	19
4799	21	0	0	0	0	21
4800	21	0	0	0	0	21
4801	20	0	0	0	0	20
4802	0	0	21	0	0	21
4803	21	0	0	0	0	21
4804	0	0	0	21	0	21
4805	0	0	0	20	0	20
4806	0	0	20	0	0	20
4807	0	0	20	0	0	20
4808	0	0	0	19	0	19
4809	0	20	0	0	0	20
4810	0	21	0	0	0	21
4811	0	0	0	21	0	21
4812	23	0	0	0	0	23
4813	0	0	0	25	0	25
4814	0	0	0	22	0	22
4815	0	25	0	0	0	25
4816	0	0	0	26	0	26
4817	0	0	26	0	0	26
4818	0	0	25	0	0	25
4819	25	0	0	0	0	25
4820	0	26	0	0	0	26
4821	26	0	0	0	0	26
4822	26	0	0	0	0	26
4823	0	0	0	26	0	26
4824	0	26	0	0	0	26
4825	0	0	0	26	0	26
4826	26	0	0	0	0	26
4827	0	31	0	0	0	31
4828	31	0	0	0	0	31
4829	0	31	0	0	0	31
4830	31	0	0	0	0	31
4831	31	0	0	0	0	31
4832	0	31	0	0	0	31
4833	0	0	0	31	0	31
4834	31	0	0	0	0	31
4835	0	0	31	0	0	31
4836	0	0	30	0	0	30
4837	0	0	0	31	0	31
4838	31	0	0	0	0	31
4839	0	0	0	31	0	31
4840	31	0	0	0	0	31
4841	0	0	31	0	0	31
4842	30	0	0	0	0	30
4843	31	0	0	0	0	31
4844	0	0	0	31	0	31
4845	0	0	0	31	0	31
4846	1	0	0	28	0	29
4847	0	31	0	0	0	31
4848	0	0	0	30	0	30
4849	0	0	0	29	0	29
4850	29	0	0	1	0	30
4851	29	0	0	1	0	30
4852	0	0	30	0	0	30
4853	30	0	0	0	0	30
4854	0	0	29	0	0	29
4855	29	0	0	0	0	29
4856	0	0	29	0	0	29
4857	0	0	28	0	0	28
4858	0	0	0	27	0	27
4859	0	0	30	0	0	30
4860	25	0	0	0	0	25
4861	0	0	0	29	0	29
4862	30	0	0	0	0	30
4863	29	0	0	0	0	29
4864	29	0	0	0	0	29
4865	29	0	0	0	0	29
4866	0	0	29	0	0	29
4867	0	0	0	28	0	28
4868	0	0	29	0	0	29
4869	0	0	0	28	0	28
4870	28	0	0	0	0	28
4871	1	0	0	28	0	29
4872	30	0	0	0	0	30
4873	0	0	0	31	0	31
4874	0	0	0	31	0	31
4875	31	0	0	0	0	31
4876	0	31	0	0	0	31
4877	31	0	0	0	0	31
4878	0	31	0	0	0	31
4879	0	0	0	31	0	31
4880	31	0	0	0	0	31
4881	0	0	31	0	0	31
4882	0	0	0	31	0	31
4883	31	0	0	0	0	31
4884	32	0	0	0	0	32
4885	0	0	0	32	0	32
4886	0	32	0	0	0	32
4887	0	32	0	0	0	32
4888	0	1	0	30	0	31
4889	31	0	0	0	0	31
4890	0	33	0	0	0	33
4891	0	33	0	0	0	33
4892	31	0	0	0	0	31
4893	0	32	0	0	0	32
4894	33	0	0	0	0	33
4895	0	0	0	32	0	32
4896	0	0	0	33	0	33
4897	0	33	0	0	0	33
4898	0	35	0	0	0	35
4899	33	0	0	0	0	33
4900	0	32	0	0	0	32
4901	0	36	0	0	0	36
4902	0	2	0	35	0	37
4903	37	0	0	2	0	39
4904	2	0	42	0	0	44
4905	42	0	3	0	0	45
4906	3	0	0	45	0	48
4907	0	0	45	3	0	48
4908	0	0	46	0	0	46
4909	0	0	3	46	0	49
4910	0	0	44	3	0	47
4911	46	0	3	0	0	49
4912	47	0	0	0	0	47
4913	3	0	41	0	0	44
4914	0	0	3	41	0	44
4915	0	0	0	41	0	41
4916	38	0	0	3	0	41
4917	3	0	0	37	0	40
4918	0	37	0	3	0	40
4919	37	3	0	0	0	40
4920	3	38	0	0	0	41
4921	0	40	0	0	0	40
4922	0	3	0	37	0	40
4923	0	0	0	40	0	40
4924	0	0	0	41	0	41
4925	0	0	38	3	0	41
4926	34	0	3	0	0	37
4927	2	30	0	0	0	32
4928	31	3	0	0	0	34
4929	33	0	0	0	0	33
4930	3	0	0	28	0	31
4931	0	31	0	3	0	34
4932	0	3	0	30	0	33
4933	0	0	0	34	0	34
4934	31	0	0	3	0	34
4935	36	0	0	0	0	36
4936	3	1	35	0	0	39
4937	36	0	3	0	0	39
4938	3	36	0	0	0	39
4939	37	3	0	0	0	40
4940	3	41	0	0	0	44
4941	0	2	0	41	0	43
4942	0	0	0	45	0	45
4943	0	42	0	3	0	45
4944	0	2	0	44	0	46
4945	0	0	0	47	0	47
4946	0	0	0	44	0	44
4947	0	43	0	3	0	46
4948	0	3	0	43	0	46
4949	0	0	0	47	0	47
4950	0	0	0	47	0	47
4951	0	0	43	3	0	46
4952	43	0	3	0	0	46
4953	3	0	44	0	0	47
4954	43	0	3	0	0	46
4955	3	0	38	0	0	41
4956	40	0	3	0	0	43
4957	42	0	0	0	0	42
4958	3	0	39	0	0	42
4959	0	0	3	38	0	41
4960	0	0	38	3	0	41
4961	37	0	3	0	0	40
4962	3	0	37	0	0	40
4963	0	0	39	0	0	39
4964	38	0	3	0	0	41
4965	3	37	0	0	0	40
4966	0	3	0	38	0	41
4967	38	0	0	3	0	41
4968	3	0	0	36	0	39
4969	0	0	0	41	0	41
4970	38	0	0	3	0	41
4971	41	0	0	0	0	41
4972	3	0	37	0	0	40
4973	0	0	37	0	0	37
4974	1	0	3	34	0	38
4975	0	0	35	3	0	38
4976	0	0	3	36	0	39
4977	0	0	0	37	0	37
4978	0	0	0	39	0	39
4979	36	0	0	3	0	39
4980	2	38	0	0	0	40
4981	38	2	0	0	0	40
4982	40	0	0	0	0	40
4983	3	37	0	0	0	40
4984	36	3	0	0	0	39
4985	3	0	37	0	0	40
4986	0	0	3	36	0	39
4987	37	0	0	3	0	40
4988	3	0	39	0	0	42
4989	37	0	3	0	0	40
4990	3	36	0	0	0	39
4991	40	3	0	0	0	43
4992	42	0	0	0	0	42
4993	3	38	0	0	0	41
4994	38	3	0	0	0	41
4995	3	0	0	40	0	43
4996	0	0	0	43	0	43
4997	40	0	0	3	0	43
4998	40	0	0	0	0	40
4999	3	37	0	0	0	40
5000	0	39	0	0	0	39
5001	0	1	0	32	0	33
5002	0	34	0	1	0	35
5003	0	35	0	0	0	35
5004	27	0	0	0	0	27
5005	0	26	0	0	0	26
5006	25	0	0	0	0	25
5007	0	25	0	0	0	25
5008	0	0	24	0	0	24
5009	0	25	0	0	0	25
5010	25	0	0	0	0	25
5011	24	0	0	0	0	24
5012	0	0	24	0	0	24
5013	0	0	0	23	0	23
5014	0	0	0	24	0	24
5015	0	0	24	0	0	24
5016	0	0	0	23	0	23
5017	0	0	24	0	0	24
5018	0	0	24	0	0	24
5019	24	0	0	0	0	24
5020	0	24	0	0	0	24
5021	23	0	0	0	0	23
5022	0	0	0	24	0	24
5023	0	0	24	0	0	24
5024	0	0	0	24	0	24
5025	0	23	0	0	0	23
5026	24	0	0	0	0	24
5027	25	0	0	0	0	25
5028	0	0	0	24	0	24
5029	0	0	25	0	0	25
5030	23	0	0	0	0	23
5031	0	25	0	0	0	25
5032	25	0	0	0	0	25
5033	0	0	0	25	0	25
5034	25	0	0	0	0	25
5035	0	0	0	23	0	23
5036	0	0	18	0	0	18
5037	0	0	18	0	0	18
5038	19	0	0	0	0	19
5039	0	19	0	0	0	19
5040	15	0	0	0	0	15
5041	15	0	0	0	0	15
5042	0	13	0	0	0	13
5043	13	0	0	0	0	13
5044	0	0	12	0	0	12
5045	0	0	0	13	0	13
5046	0	0	0	13	0	13
5047	0	0	0	15	0	15
5048	0	0	15	0	0	15
5049	0	0	16	0	0	16
5050	0	0	0	16	0	16
5051	0	17	0	0	0	17
5052	0	17	0	0	0	17
5053	17	0	0	0	0	17
5054	17	0	0	0	0	17
5055	0	17	0	0	0	17
5056	0	0	0	17	0	17
5057	0	0	0	17	0	17
5058	17	0	0	0	0	17
5059	0	0	0	17	0	17
5060	0	0	0	17	0	17
5061	0	0	0	17	0	17
5062	0	0	17	0	0	17
5063	0	0	17	0	0	17
5064	16	0	0	0	0	16
5065	0	0	0	17	0	17
5066	0	0	17	0	0	17
5067	0	0	16	0	0	16
5068	16	0	0	0	0	16
5069	0	0	17	0	0	17
5070	0	17	0	0	0	17
5071	0	0	0	17	0	17
5072	0	0	17	0	0	17
5073	20	0	0	0	0	20
5074	0	0	0	21	0	21
5075	0	0	21	0	0	21
5076	0	0	0	21	0	21
5077	0	0	0	20	0	20
5078	21	0	0	0	0	21
5079	0	21	0	0	0	21
5080	0	0	0	19	0	19
5081	19	0	0	0	0	19
5082	19	0	0	0	0	19
5083	19	0	0	0	0	19
5084	19	0	0	0	0	19
5085	0	0	0	19	0	19
5086	19	0	0	0	0	19
5087	23	0	0	0	0	23
5088	20	0	0	0	0	20
5089	21	0	0	0	0	21
5090	0	21	0	0	0	21
5091	0	15	0	0	0	15
5092	0	2	0	14	0	16
5093	0	17	0	0	0	17
5094	15	0	0	0	0	15
5095	0	0	0	15	0	15
5096	15	0	0	0	0	15
5097	14	0	0	0	0	14
5098	0	0	0	15	0	15
5099	0	0	0	15	0	15
5100	0	15	0	0	0	15
5101	15	0	0	0	0	15
5102	0	15	0	0	0	15
5103	15	0	0	0	0	15
5104	0	0	0	15	0	15
5105	0	0	15	0	0	15
5106	15	0	0	0	0	15
5107	16	0	0	0	0	16
5108	0	0	14	0	0	14
5109	0	0	15	0	0	15
5110	0	0	0	15	0	15
5111	16	0	0	0	0	16
5112	17	0	0	1	0	18
5113	18	0	0	0	0	18
5114	18	0	0	0	0	18
5115	0	18	0	0	0	18
5116	18	0	0	0	0	18
5117	0	0	0	18	0	18
5118	0	0	0	17	0	17
5119	0	0	0	18	0	18
5120	0	0	0	18	0	18
5121	18	0	0	0	0	18
5122	0	0	0	19	0	19
5123	0	0	18	0	0	18
5124	0	0	0	19	0	19
5125	0	0	0	19	0	19
5126	0	0	0	19	0	19
5127	0	0	0	18	0	18
5128	18	0	0	0	0	18
5129	0	18	0	0	0	18
5130	0	18	0	0	0	18
5131	0	0	0	18	0	18
5132	18	0	0	0	0	18
5133	18	0	0	0	0	18
5134	0	0	0	17	0	17
5135	0	0	18	0	0	18
5136	18	0	0	0	0	18
5137	0	0	0	21	0	21
5138	0	0	21	0	0	21
5139	20	0	0	0	0	20
5140	0	20	0	0	0	20
5141	22	0	0	0	0	22
5142	0	23	0	0	0	23
5143	0	0	0	22	0	22
5144	0	23	0	0	0	23
5145	0	0	0	25	0	25
5146	24	0	0	0	0	24
5147	0	23	0	0	0	23
5148	0	0	23	0	0	23
5149	0	0	0	21	0	21
5150	0	0	24	0	0	24
5151	0	0	0	22	0	22
5152	0	0	0	23	0	23
5153	0	0	23	0	0	23
5154	22	0	0	0	0	22
5155	0	0	24	0	0	24
5156	0	0	23	0	0	23
5157	0	24	0	0	0	24
5158	0	0	0	23	0	23
5159	0	0	0	25	0	25
5160	0	0	0	24	0	24
5161	0	0	0	25	0	25
5162	0	0	24	0	0	24
5163	25	0	0	0	0	25
5164	0	0	25	0	0	25
5165	0	0	0	25	0	25
5166	25	0	0	0	0	25
5167	0	25	0	0	0	25
5168	0	0	0	25	0	25
5169	24	0	0	0	0	24
5170	0	25	0	0	0	25
5171	0	25	0	0	0	25
5172	25	0	0	0	0	25
5173	0	21	0	0	0	21
5174	21	0	0	0	0	21
5175	0	20	0	0	0	20
5176	23	0	0	0	0	23
5177	23	0	0	0	0	23
5178	0	23	0	0	0	23
5179	0	0	0	23	0	23
5180	0	0	23	0	0	23
5181	21	0	0	0	0	21
5182	0	0	0	23	0	23
5183	0	23	0	0	0	23
5184	0	22	0	0	0	22
5185	0	0	0	23	0	23
5186	23	0	0	0	0	23
5187	0	0	19	0	0	19
5188	0	0	0	20	0	20
5189	0	0	0	20	0	20
5190	0	0	0	20	0	20
5191	0	0	0	20	0	20
5192	0	20	0	0	0	20
5193	0	0	0	20	0	20
5194	0	0	20	0	0	20
5195	0	0	20	0	0	20
5196	0	0	20	0	0	20
5197	0	0	0	20	0	20
5198	20	0	0	0	0	20
5199	0	0	20	0	0	20
5200	0	0	19	0	0	19
5201	0	0	0	20	0	20
5202	20	0	0	0	0	20
5203	0	20	0	0	0	20
5204	20	0	0	0	0	20
5205	0	0	0	20	0	20
5206	0	0	21	0	0	21
5207	0	0	0	19	0	19
5208	0	20	0	0	0	20
5209	20	0	0	0	0	20
5210	0	0	21	0	0	21
5211	0	20	0	0	0	20
5212	19	0	0	0	0	19
5213	0	0	0	20	0	20
5214	0	0	0	20	0	20
5215	20	0	0	0	0	20
5216	20	0	0	0	0	20
5217	20	0	0	0	0	20
5218	0	0	0	19	0	19
5219	0	20	0	0	0	20
5220	20	0	0	0	0	20
5221	0	20	0	0	0	20
5222	18	0	0	0	0	18
5223	0	19	0	0	0	19
5224	0	0	0	19	0	19
5225	19	0	0	0	0	19
5226	19	0	0	0	0	19
5227	19	0	0	0	0	19
5228	19	0	0	0	0	19
5229	19	0	0	0	0	19
5230	0	0	19	0	0	19
5231	0	0	0	19	0	19
5232	0	0	19	0	0	19
5233	0	0	18	0	0	18
5234	19	0	0	0	0	19
5235	19	0	0	0	0	19
5236	19	0	0	0	0	19
5237	0	0	0	15	0	15
5238	15	0	0	0	0	15
5239	0	15	0	0	0	15
5240	0	18	0	0	0	18
5241	0	17	0	0	0	17
5242	16	0	0	0	0	16
5243	0	16	0	0	0	16
5244	17	0	0	0	0	17
5245	17	0	0	0	0	17
5246	0	0	18	0	0	18
5247	0	0	0	18	0	18
5248	0	0	0	18	0	18
5249	18	0	0	0	0	18
5250	16	0	0	0	0	16
5251	0	0	0	16	0	16
5252	0	0	16	0	0	16
5253	0	0	15	0	0	15
5254	0	0	0	15	0	15
5255	0	0	0	14	0	14
5256	0	0	0	14	0	14
5257	14	0	0	0	0	14
5258	13	0	0	0	0	13
5259	0	13	0	0	0	13
5260	0	0	0	13	0	13
5261	0	0	0	13	0	13
5262	0	13	0	0	0	13
5263	0	0	0	13	0	13
5264	13	0	0	0	0	13
5265	0	0	0	13	0	13
5266	0	0	0	13	0	13
5267	13	0	0	0	0	13
5268	13	0	0	0	0	13
5269	13	0	0	0	0	13
5270	0	0	0	13	0	13
5271	0	0	13	0	0	13
5272	0	0	12	0	0	12
5273	0	0	12	0	0	12
5274	0	13	0	0	0	13
5275	11	2	0	0	0	13
5276	0	0	11	0	0	11
5277	11	0	0	0	0	11
5278	0	0	0	11	0	11
5279	10	0	0	0	0	10
5280	11	0	0	0	0	11
5281	0	13	0	0	0	13
5282	13	0	0	0	0	13
5283	13	0	0	0	0	13
5284	0	12	0	0	0	12
5285	0	0	0	13	0	13
5286	0	0	13	0	0	13
5287	0	0	0	13	0	13
5288	0	0	0	13	0	13
5289	13	0	0	0	0	13
5290	0	0	0	16	0	16
5291	0	16	0	0	0	16
5292	0	0	0	16	0	16
5293	0	0	0	16	0	16
5294	0	0	15	0	0	15
5295	0	16	0	0	0	16
5296	0	16	0	0	0	16
5297	16	0	0	0	0	16
5298	0	16	0	0	0	16
5299	0	0	0	16	0	16
5300	0	0	17	0	0	17
5301	0	17	0	0	0	17
5302	17	0	0	0	0	17
5303	0	0	0	17	0	17
5304	0	0	0	17	0	17
5305	0	0	17	0	0	17
5306	0	0	0	16	0	16
5307	0	0	0	16	0	16
5308	16	0	0	0	0	16
5309	16	0	0	0	0	16
5310	0	15	0	0	0	15
5311	15	0	0	0	0	15
5312	0	13	0	0	0	13
5313	0	0	0	12	0	12
5314	0	13	0	0	0	13
5315	0	13	0	0	0	13
5316	12	0	0	0	0	12
5317	12	0	0	0	0	12
5318	0	13	0	0	0	13
5319	13	0	0	0	0	13
5320	13	0	0	0	0	13
5321	14	0	0	0	0	14
5322	1	0	0	16	0	17
5323	17	0	0	0	0	17
5324	0	0	17	0	0	17
5325	17	0	0	0	0	17
5326	0	0	17	0	0	17
5327	0	0	0	17	0	17
5328	0	0	0	16	0	16
5329	0	0	17	0	0	17
5330	16	0	0	0	0	16
5331	17	0	0	0	0	17
5332	0	0	18	0	0	18
5333	0	0	0	18	0	18
5334	0	0	0	18	0	18
5335	0	0	0	18	0	18
5336	18	0	0	0	0	18
5337	18	0	0	0	0	18
5338	0	0	0	17	0	17
5339	0	18	0	0	0	18
5340	0	15	0	0	0	15
5341	15	0	0	0	0	15
5342	0	14	0	0	0	14
5343	0	15	0	0	0	15
5344	0	0	0	12	0	12
5345	0	0	12	0	0	12
5346	0	11	0	0	0	11
5347	0	0	0	10	0	10
5348	0	11	0	0	0	11
5349	0	0	0	11	0	11
5350	11	0	0	0	0	11
5351	0	11	0	0	0	11
5352	11	0	0	0	0	11
5353	11	0	0	0	0	11
5354	0	0	11	0	0	11
5355	11	0	0	0	0	11
5356	0	0	0	11	0	11
5357	0	0	11	0	0	11
5358	0	11	0	0	0	11
5359	0	0	0	10	0	10
5360	0	0	0	11	0	11
5361	11	0	0	0	0	11
5362	0	0	0	11	0	11
5363	0	0	0	11	0	11
5364	11	0	0	0	0	11
5365	0	10	0	0	0	10
5366	11	0	0	0	0	11
5367	0	0	10	0	0	10
5368	10	0	0	0	0	10
5369	0	0	11	0	0	11
5370	0	11	0	0	0	11
5371	13	0	0	0	0	13
5372	13	0	0	0	0	13
5373	0	0	13	0	0	13
5374	0	0	13	0	0	13
5375	0	0	12	0	0	12
5376	0	14	0	0	0	14
5377	0	0	0	16	0	16
5378	0	0	17	0	0	17
5379	0	0	17	0	0	17
5380	0	0	1	17	0	18
5381	0	0	15	1	0	16
5382	14	0	1	0	0	15
5383	16	0	0	0	0	16
5384	1	0	16	0	0	17
5385	0	15	1	0	0	16
5386	0	1	0	16	0	17
5387	0	0	13	1	0	14
5388	0	13	1	0	0	14
5389	0	1	0	12	0	13
5390	13	0	0	1	0	14
5391	14	0	0	0	0	14
5392	1	12	0	0	0	13
5393	0	1	0	13	0	14
5394	0	0	0	14	0	14
5395	0	0	0	14	0	14
5396	0	0	0	14	0	14
5397	0	0	13	1	0	14
5398	0	0	1	12	0	13
5399	0	0	13	1	0	14
5400	0	12	1	0	0	13
5401	11	1	0	0	0	12
5402	1	12	0	0	0	13
5403	0	1	0	12	0	13
5404	0	0	0	13	0	13
5405	12	0	0	1	0	13
5406	1	0	0	12	0	13
5407	0	12	0	1	0	13
5408	0	1	0	12	0	13
5409	0	0	0	13	0	13
5410	12	0	0	1	0	13
5411	1	0	13	0	0	14
5412	0	13	1	0	0	14
5413	0	13	0	0	0	13
5414	0	1	0	13	0	14
5415	13	0	0	1	0	14
5416	1	13	0	0	0	14
5417	0	1	0	13	0	14
5418	0	0	13	1	0	14
5419	0	0	1	13	0	14
5420	13	0	0	1	0	14
5421	12	0	0	0	0	12
5422	1	0	0	10	0	11
5423	10	0	0	1	0	11
5424	10	0	0	0	0	10
5425	1	0	10	0	0	11
5426	9	0	1	0	0	10
5427	1	10	0	0	0	11
5428	10	1	0	0	0	11
5429	1	0	9	0	0	10
5430	0	0	1	12	0	13
5431	12	0	0	1	0	13
5432	1	0	15	0	0	16
5433	0	0	15	0	0	15
5434	0	0	1	14	0	15
5435	0	0	15	1	0	16
5436	14	0	1	0	0	15
5437	1	0	14	0	0	15
5438	0	0	1	16	0	17
5439	0	0	0	17	0	17
5440	21	0	0	1	0	22
5441	1	0	21	0	0	22
5442	0	0	25	0	0	25
5443	0	0	1	24	0	25
5444	0	0	23	1	0	24
5445	23	0	1	0	0	24
5446	1	0	0	24	0	25
5447	0	0	23	1	0	24
5448	0	0	1	24	0	25
5449	0	0	0	25	0	25
5450	23	0	0	1	0	24
5451	1	0	24	0	0	25
5452	23	0	1	0	0	24
5453	1	0	28	0	0	29
5454	27	0	1	0	0	28
5455	29	0	0	0	0	29
5456	31	0	0	0	0	31
5457	1	30	0	0	0	31
5458	30	1	0	0	0	31
5459	31	0	0	0	0	31
5460	1	0	0	29	0	30
5461	0	0	29	1	0	30
5462	28	0	1	0	0	29
5463	1	0	36	0	0	37
5464	0	0	1	35	0	36
5465	0	0	0	36	0	36
5466	35	0	0	1	0	36
5467	1	36	0	0	0	37
5468	0	1	0	35	0	36
5469	0	0	0	37	0	37
5470	0	0	37	1	0	38
5471	0	0	1	34	0	35
5472	0	0	0	35	0	35
5473	0	0	0	36	0	36
5474	0	34	0	1	0	35
5475	34	1	0	0	0	35
5476	34	0	0	0	0	34
5477	1	31	0	0	0	32
5478	31	0	0	0	0	31
5479	0	0	0	31	0	31
5480	0	0	30	0	0	30
5481	0	33	0	0	0	33
5482	0	33	0	0	0	33
5483	35	0	0	0	0	35
5484	34	0	0	0	0	34
5485	0	0	0	34	0	34
5486	0	0	0	34	0	34
5487	0	0	0	34	0	34
5488	34	0	0	0	0	34
5489	0	0	34	0	0	34
5490	34	0	0	0	0	34
5491	0	0	0	34	0	34
5492	0	0	0	34	0	34
5493	0	36	0	0	0	36
5494	0	0	0	36	0	36
5495	0	0	0	36	0	36
5496	0	0	36	0	0	36
5497	0	35	0	0	0	35
5498	34	0	0	0	0	34
5499	32	0	0	0	0	32
5500	36	0	0	0	0	36
5501	35	0	0	0	0	35
5502	0	0	36	0	0	36
5503	34	0	0	0	0	34
5504	0	0	36	0	0	36
5505	0	0	0	36	0	36
5506	0	36	0	0	0	36
5507	0	0	0	36	0	36
5508	0	0	0	38	0	38
5509	0	0	38	0	0	38
5510	37	0	0	0	0	37
5511	38	0	0	0	0	38
5512	0	39	0	0	0	39
5513	0	0	38	0	0	38
5514	0	0	0	38	0	38
5515	0	0	38	0	0	38
5516	0	0	38	0	0	38
5517	0	0	0	38	0	38
5518	0	0	38	0	0	38
5519	0	0	0	37	0	37
5520	0	0	38	0	0	38
5521	0	0	0	38	0	38
5522	38	0	0	0	0	38
5523	38	0	0	0	0	38
5524	37	0	0	0	0	37
5525	38	0	0	0	0	38
5526	0	36	0	0	0	36
5527	0	0	0	38	0	38
5528	0	0	0	38	0	38
5529	0	0	40	0	0	40
5530	1	0	0	37	0	38
5531	1	0	37	0	0	38
5532	0	0	33	0	0	33
5533	32	0	0	0	0	32
5534	0	34	0	0	0	34
5535	34	0	0	0	0	34
5536	33	0	0	0	0	33
5537	0	34	0	0	0	34
5538	32	0	0	0	0	32
5539	0	0	32	0	0	32
5540	0	28	0	0	0	28
5541	27	0	0	1	0	28
5542	0	0	26	0	0	26
5543	29	0	0	0	0	29
5544	0	29	0	0	0	29
5545	30	0	0	0	0	30
5546	30	0	0	0	0	30
5547	0	29	0	0	0	29
5548	0	30	0	0	0	30
5549	0	31	0	0	0	31
5550	0	0	0	31	0	31
5551	0	0	0	31	0	31
5552	30	0	0	0	0	30
5553	25	0	0	1	0	26
5554	0	0	26	0	0	26
5555	0	0	25	0	0	25
5556	0	0	25	0	0	25
5557	0	0	0	25	0	25
5558	0	0	25	0	0	25
5559	0	0	0	25	0	25
5560	25	0	0	0	0	25
5561	0	0	27	0	0	27
5562	26	0	0	0	0	26
5563	22	0	0	0	0	22
5564	0	0	27	0	0	27
5565	0	27	0	0	0	27
5566	0	0	0	27	0	27
5567	0	0	27	0	0	27
5568	0	0	0	25	0	25
5569	0	0	0	27	0	27
5570	26	0	0	0	0	26
5571	0	0	0	26	0	26
5572	0	0	26	0	0	26
5573	0	0	0	25	0	25
5574	25	0	0	1	0	26
5575	0	27	0	0	0	27
5576	27	0	0	0	0	27
5577	0	0	0	27	0	27
5578	0	0	26	0	0	26
5579	0	0	25	0	0	25
5580	0	0	26	0	0	26
5581	0	24	0	0	0	24
5582	24	0	0	0	0	24
5583	0	21	0	0	0	21
5584	22	0	0	0	0	22
5585	0	21	0	0	0	21
5586	0	0	0	21	0	21
5587	0	0	0	21	0	21
5588	0	0	0	21	0	21
5589	0	22	0	0	0	22
5590	0	0	0	23	0	23
5591	0	0	0	29	0	29
5592	29	0	0	0	0	29
5593	0	0	0	26	0	26
5594	0	0	30	0	0	30
5595	30	0	0	0	0	30
5596	30	0	0	0	0	30
5597	0	29	0	0	0	29
5598	30	0	0	1	0	31
5599	30	0	0	0	0	30
5600	0	0	0	31	0	31
5601	0	0	0	30	0	30
5602	1	0	0	30	0	31
5603	30	0	0	0	0	30
5604	29	1	0	0	0	30
5605	1	0	30	0	0	31
5606	33	0	0	0	0	33
5607	32	0	0	1	0	33
5608	30	0	0	1	0	31
5609	0	0	30	1	0	31
5610	1	0	30	0	0	31
5611	1	0	0	29	0	30
5612	0	0	31	0	0	31
5613	1	0	0	31	0	32
5614	1	0	0	26	0	27
5615	1	31	0	0	0	32
5616	31	0	1	0	0	32
5617	0	0	32	0	0	32
5618	31	0	0	1	0	32
5619	0	0	1	31	0	32
5620	31	0	0	1	0	32
5621	0	31	0	0	0	31
5622	0	32	0	0	0	32
5623	1	0	0	31	0	32
5624	0	0	1	31	0	32
5625	1	0	31	0	0	32
5626	0	0	0	32	0	32
5627	32	0	0	0	0	32
5628	0	31	0	0	0	31
5629	0	1	29	0	0	30
5630	0	0	0	30	0	30
5631	0	0	29	1	0	30
5632	0	0	1	30	0	31
5633	0	0	29	1	0	30
5634	1	0	29	0	0	30
5635	0	1	0	29	0	30
5636	30	0	1	0	0	31
5637	30	0	0	1	0	31
5638	30	0	1	0	0	31
5639	0	30	0	1	0	31
5640	30	0	0	0	0	30
5641	30	0	1	0	0	31
5642	0	0	29	0	0	29
5643	1	26	0	0	0	27
5644	1	0	0	26	0	27
5645	26	0	0	0	0	26
5646	0	26	0	0	0	26
5647	26	0	0	0	0	26
5648	26	0	0	0	0	26
5649	24	0	1	0	0	25
5650	24	1	0	0	0	25
5651	0	0	0	24	0	24
5652	25	0	0	0	0	25
5653	0	1	0	24	0	25
5654	1	24	0	0	0	25
5655	1	0	0	24	0	25
5656	24	0	0	0	0	24
5657	1	0	26	0	0	27
5658	0	0	0	27	0	27
5659	27	0	0	0	0	27
5660	0	25	0	1	0	26
5661	22	1	0	0	0	23
5662	23	0	0	1	0	24
5663	1	23	0	0	0	24
5664	18	0	1	0	0	19
5665	0	0	18	1	0	19
5666	0	0	15	0	0	15
5667	17	1	0	0	0	18
5668	1	0	17	0	0	18
5669	1	0	0	17	0	18
5670	0	18	0	0	0	18
5671	18	0	0	0	0	18
5672	0	17	1	0	0	18
5673	0	17	1	0	0	18
5674	1	0	0	16	0	17
5675	0	0	1	15	0	16
5676	0	0	0	17	0	17
5677	0	1	0	16	0	17
5678	1	0	15	0	0	16
5679	0	1	0	16	0	17
5680	0	1	0	16	0	17
5681	16	0	0	1	0	17
5682	0	0	0	17	0	17
5683	0	0	16	1	0	17
5684	15	0	0	1	0	16
5685	0	0	0	16	0	16
5686	0	0	18	1	0	19
5687	0	0	0	19	0	19
5688	1	18	0	0	0	19
5689	18	0	0	1	0	19
5690	0	0	20	0	0	20
5691	0	13	0	0	0	13
5692	12	0	0	0	0	12
5693	0	13	0	0	0	13
5694	0	10	0	0	0	10
5695	10	0	0	0	0	10
5696	0	10	0	0	0	10
5697	0	10	0	0	0	10
5698	0	0	0	10	0	10
5699	0	0	10	0	0	10
5700	0	11	0	0	0	11
5701	0	0	0	10	0	10
5702	0	11	0	0	0	11
5703	11	0	0	0	0	11
5704	0	0	11	0	0	11
5705	0	0	0	10	0	10
5706	11	0	0	0	0	11
5707	0	0	0	11	0	11
5708	0	0	11	0	0	11
5709	10	0	0	0	0	10
5710	10	0	0	0	0	10
5711	0	11	0	0	0	11
5712	0	0	0	9	0	9
5713	0	0	0	9	0	9
5714	9	0	0	0	0	9
5715	9	0	0	0	0	9
5716	0	0	9	0	0	9
5717	0	11	0	0	0	11
5718	11	1	0	0	0	12
5719	1	0	0	11	0	12
5720	0	0	11	1	0	12
5721	0	0	12	0	0	12
5722	0	0	1	11	0	12
5723	11	0	0	1	0	12
5724	1	11	0	0	0	12
5725	12	1	0	0	0	13
5726	1	0	0	14	0	15
5727	0	0	0	15	0	15
5728	0	0	0	15	0	15
5729	14	0	0	1	0	15
5730	1	14	0	0	0	15
5731	0	1	0	14	0	15
5732	0	0	0	14	0	14
5733	0	0	13	1	0	14
5734	0	0	1	13	0	14
5735	0	0	13	1	0	14
5736	0	13	1	0	0	14
5737	0	1	0	13	0	14
5738	13	0	0	1	0	14
5739	1	0	13	0	0	14
5740	0	0	1	13	0	14
5741	0	0	13	1	0	14
5742	11	0	1	0	0	12
5743	1	0	13	0	0	14
5744	0	0	1	12	0	13
5745	13	0	0	1	0	14
5746	1	13	0	0	0	14
5747	13	1	0	0	0	14
5748	1	12	0	0	0	13
5749	0	1	0	13	0	14
5750	0	0	13	1	0	14
5751	0	0	16	0	0	16
5752	0	0	1	15	0	16
5753	15	0	0	1	0	16
5754	16	0	0	0	0	16
5755	1	0	0	15	0	16
5756	0	0	0	16	0	16
5757	13	0	0	1	0	14
5758	1	13	0	0	0	14
5759	0	15	0	0	0	15
5760	15	1	0	0	0	16
5761	2	0	17	0	0	19
5762	0	0	1	18	0	19
5763	0	0	18	1	0	19
5764	0	0	0	18	0	18
5765	0	0	19	1	0	20
5766	1	0	20	0	0	21
5767	0	0	1	21	0	22
5768	0	21	0	1	0	22
5769	22	1	0	0	0	23
5770	1	22	0	0	0	23
5771	0	1	0	24	0	25
5772	24	0	0	1	0	25
5773	2	0	0	23	0	25
5774	24	0	0	1	0	25
5775	25	0	0	0	0	25
5776	25	0	0	0	0	25
5777	1	24	0	0	0	25
5778	24	1	0	0	0	25
5779	1	0	0	24	0	25
5780	25	0	0	1	0	26
5781	1	0	0	29	0	30
5782	30	0	0	2	0	32
5783	33	0	0	0	0	33
5784	2	32	0	0	0	34
5785	0	2	0	34	0	36
5786	0	0	0	33	0	33
5787	0	35	0	2	0	37
5788	0	2	0	35	0	37
5789	36	0	0	1	0	37
5790	36	0	0	0	0	36
5791	36	0	0	0	0	36
5792	2	0	33	0	0	35
5793	33	0	2	0	0	35
5794	36	0	0	0	0	36
5795	36	0	0	0	0	36
5796	2	34	0	0	0	36
5797	0	2	0	34	0	36
5798	0	0	0	36	0	36
5799	0	0	0	36	0	36
5800	0	0	32	2	0	34
5801	0	0	2	32	0	34
5802	33	0	0	2	0	35
5803	2	0	0	33	0	35
5804	0	0	0	35	0	35
5805	0	0	33	2	0	35
5806	0	31	2	0	0	33
5807	32	2	0	0	0	34
5808	2	0	0	32	0	34
5809	31	0	0	2	0	33
5810	2	0	33	0	0	35
5811	31	0	2	0	0	33
5812	2	36	0	0	0	38
5813	0	2	36	0	0	38
5814	0	0	38	0	0	38
5815	0	2	2	33	0	37
5816	0	1	40	1	0	42
5817	0	39	1	0	0	40
5818	0	1	0	37	0	38
5819	0	0	0	40	0	40
5820	0	0	0	39	0	39
5821	39	0	0	1	0	40
5822	1	39	0	0	0	40
5823	0	1	0	39	0	40
5824	0	0	0	40	0	40
5825	39	0	0	1	0	40
5826	1	36	0	0	0	37
5827	38	1	0	0	0	39
5828	39	0	0	0	0	39
5829	39	0	0	0	0	39
5830	1	0	36	0	0	37
5831	0	0	1	37	0	38
5832	0	38	0	1	0	39
5833	0	39	0	0	0	39
5834	0	1	0	38	0	39
5835	0	40	0	1	0	41
5836	39	1	0	0	0	40
5837	1	0	40	0	0	41
5838	39	0	1	0	0	40
5839	40	0	0	0	0	40
5840	1	0	0	42	0	43
5841	42	0	0	1	0	43
5842	1	44	0	0	0	45
5843	43	1	0	0	0	44
5844	44	0	0	0	0	44
5845	50	0	0	0	0	50
5846	1	0	50	0	0	51
5847	0	0	50	0	0	50
5848	0	0	0	50	0	50
5849	0	50	0	1	0	51
5850	0	53	0	0	0	53
5851	0	1	0	50	0	51
5852	50	0	0	1	0	51
5853	1	0	0	53	0	54
5854	0	0	0	53	0	53
5855	53	0	0	1	0	54
5856	1	52	0	0	0	53
5857	0	1	51	0	0	52
5858	0	0	50	0	0	50
5859	48	0	1	0	0	49
5860	1	0	0	49	0	50
5861	0	0	47	1	0	48
5862	0	0	1	47	0	48
5863	0	0	0	47	0	47
5864	0	0	0	48	0	48
5865	0	0	0	47	0	47
5866	0	43	0	1	0	44
5867	0	1	0	43	0	44
5868	43	0	0	1	0	44
5869	0	43	0	0	0	43
5870	43	1	0	0	0	44
5871	44	0	0	0	0	44
5872	43	0	0	0	0	43
5873	1	0	44	0	0	45
5874	44	0	1	0	0	45
5875	45	0	0	0	0	45
5876	45	0	0	0	0	45
5877	45	0	0	0	0	45
5878	1	44	0	1	0	46
5879	45	1	0	0	0	46
5880	1	0	47	0	0	48
5881	0	0	0	43	0	43
5882	0	0	0	41	0	41
5883	40	0	0	0	0	40
5884	0	41	0	0	0	41
5885	39	0	0	0	0	39
5886	0	40	0	0	0	40
5887	37	0	0	0	0	37
5888	37	0	0	0	0	37
5889	0	41	0	0	0	41
5890	41	0	0	0	0	41
5891	42	0	0	0	0	42
5892	0	42	0	0	0	42
5893	0	44	0	0	0	44
5894	45	0	0	0	0	45
5895	0	0	0	48	0	48
5896	48	0	0	0	0	48
5897	48	0	0	0	0	48
5898	48	0	0	0	0	48
5899	48	0	0	0	0	48
5900	0	46	0	0	0	46
5901	0	48	0	0	0	48
5902	48	0	0	0	0	48
5903	0	0	48	0	0	48
5904	0	0	0	47	0	47
5905	0	0	0	47	0	47
5906	48	0	0	0	0	48
5907	0	48	0	0	0	48
5908	0	0	0	47	0	47
5909	0	0	0	48	0	48
5910	49	0	0	0	0	49
5911	0	0	0	49	0	49
5912	46	0	0	0	0	46
5913	46	0	0	0	0	46
5914	45	0	0	0	0	45
5915	0	0	0	46	0	46
5916	0	0	0	43	0	43
5917	0	0	51	0	0	51
5918	0	0	50	0	0	50
5919	51	0	0	0	0	51
5920	0	0	0	54	0	54
5921	0	0	64	0	0	64
5922	0	0	64	0	0	64
5923	0	0	0	64	0	64
5924	0	0	64	0	0	64
5925	0	0	0	64	0	64
5926	0	0	1	63	0	64
5927	0	0	64	0	0	64
5928	0	0	0	65	0	65
5929	0	0	1	61	0	62
5930	0	0	0	65	0	65
5931	0	0	64	1	0	65
5932	0	0	1	65	0	66
5933	65	0	0	1	0	66
5934	0	65	0	1	0	66
5935	63	0	0	1	0	64
5936	0	0	63	0	0	63
5937	62	0	0	1	0	63
5938	63	0	0	0	0	63
5939	66	1	0	0	0	67
5940	1	0	0	63	0	64
5941	0	0	1	64	0	65
5942	1	0	61	0	0	62
5943	59	0	0	0	0	59
5944	1	59	0	0	0	60
5945	0	54	0	1	0	55
5946	0	54	0	1	0	55
5947	0	0	1	53	0	54
5948	54	0	0	0	0	54
5949	54	1	0	0	0	55
5950	0	1	53	0	0	54
5951	0	1	0	53	0	54
5952	0	0	0	53	0	53
5953	1	0	50	0	0	51
5954	1	0	48	0	0	49
5955	49	0	1	0	0	50
5956	0	49	0	1	0	50
5957	49	0	0	1	0	50
5958	51	0	1	0	0	52
5959	0	0	1	51	0	52
5960	1	0	0	51	0	52
5961	51	1	0	0	0	52
5962	1	0	0	51	0	52
5963	1	0	0	51	0	52
5964	51	0	0	1	0	52
5965	0	0	0	52	0	52
5966	52	0	0	0	0	52
5967	51	0	0	1	0	52
5968	0	0	51	1	0	52
5969	50	0	0	0	0	50
5970	49	0	0	1	0	50
5971	51	0	0	0	0	51
5972	1	0	47	0	0	48
5973	48	0	0	0	0	48
5974	1	49	0	0	0	50
5975	49	0	0	0	0	49
5976	49	0	0	0	0	49
5977	0	0	1	48	0	49
5978	0	0	0	48	0	48
5979	0	49	0	0	0	49
5980	1	0	0	44	0	45
5981	1	0	0	45	0	46
5982	45	0	0	1	0	46
5983	0	0	0	46	0	46
5984	0	1	0	44	0	45
5985	0	0	0	45	0	45
5986	0	43	0	1	0	44
5987	43	0	0	0	0	43
5988	0	43	0	1	0	44
5989	38	0	0	1	0	39
5990	0	0	38	1	0	39
5991	37	1	0	0	0	38
5992	1	0	37	0	0	38
5993	0	34	0	0	0	34
5994	35	0	0	0	0	35
5995	31	0	1	0	0	32
5996	1	28	0	0	0	29
5997	0	31	1	0	0	32
5998	31	0	0	0	0	31
5999	32	0	0	0	0	32
6000	1	0	0	31	0	32
6001	0	1	0	31	0	32
6002	0	1	31	0	0	32
6003	32	0	0	0	0	32
6004	1	0	0	30	0	31
6005	0	31	0	1	0	32
6006	0	0	0	33	0	33
6007	0	0	1	32	0	33
6008	1	0	32	0	0	33
6009	0	0	0	33	0	33
6010	30	0	0	1	0	31
6011	0	28	0	1	0	29
6012	0	29	0	1	0	30
6013	30	0	1	0	0	31
6014	31	0	0	1	0	32
6015	29	0	0	0	0	29
6016	0	30	0	0	0	30
6017	0	23	0	0	0	23
6018	25	0	0	0	0	25
6019	26	0	0	0	0	26
6020	0	22	0	0	0	22
6021	0	12	0	0	0	12
6022	12	0	0	0	0	12
6023	0	0	0	12	0	12
6024	12	0	0	0	0	12
6025	0	0	0	12	0	12
6026	0	12	0	0	0	12
6027	0	10	0	0	0	10
6028	12	0	0	0	0	12
6029	12	0	0	0	0	12
6030	12	0	0	0	0	12
6031	0	12	0	0	0	12
6032	0	0	11	0	0	11
6033	0	11	0	0	0	11
6034	11	0	0	0	0	11
6035	11	0	0	0	0	11
6036	0	0	11	0	0	11
6037	0	10	0	0	0	10
6038	0	0	0	11	0	11
6039	0	0	0	8	0	8
6040	0	8	0	0	0	8
6041	0	0	8	0	0	8
6042	8	0	0	0	0	8
6043	0	0	0	8	0	8
6044	7	0	0	0	0	7
6045	8	0	0	0	0	8
6046	0	0	0	9	0	9
6047	0	0	0	9	0	9
6048	0	0	0	9	0	9
6049	0	0	0	9	0	9
6050	9	0	0	0	0	9
6051	9	0	0	0	0	9
6052	0	0	8	0	0	8
6053	0	0	0	9	0	9
6054	0	0	0	9	0	9
6055	0	0	0	9	0	9
6056	0	0	9	0	0	9
6057	0	0	0	8	0	8
6058	8	0	0	0	0	8
6059	0	0	0	8	0	8
6060	0	0	7	0	0	7
6061	0	0	0	8	0	8
6062	0	0	10	0	0	10
6063	11	0	0	0	0	11
6064	0	0	0	11	0	11
6065	11	0	0	0	0	11
6066	11	0	0	0	0	11
6067	0	0	0	11	0	11
6068	11	0	0	0	0	11
6069	0	0	0	11	0	11
6070	0	11	0	0	0	11
6071	12	0	0	0	0	12
6072	13	0	0	0	0	13
6073	12	0	0	0	0	12
6074	0	0	0	13	0	13
6075	0	0	0	13	0	13
6076	0	0	0	13	0	13
6077	0	0	13	0	0	13
6078	0	13	0	0	0	13
6079	0	0	0	13	0	13
6080	0	0	13	0	0	13
6081	13	0	0	0	0	13
6082	0	0	0	13	0	13
6083	0	0	13	0	0	13
6084	12	0	0	0	0	12
6085	0	0	0	18	0	18
6086	0	0	0	18	0	18
6087	0	0	0	18	0	18
6088	18	0	0	0	0	18
6089	18	0	0	0	0	18
6090	17	0	0	0	0	17
6091	0	18	0	0	0	18
6092	0	18	0	0	0	18
6093	18	0	0	0	0	18
6094	0	0	17	0	0	17
6095	0	0	0	18	0	18
6096	0	0	0	18	0	18
6097	18	0	0	0	0	18
6098	18	0	0	0	0	18
6099	0	18	0	0	0	18
6100	0	0	0	18	0	18
6101	0	0	17	0	0	17
6102	0	0	18	0	0	18
6103	0	0	0	19	0	19
6104	0	0	0	19	0	19
6105	19	0	0	0	0	19
6106	0	0	0	18	0	18
6107	18	0	0	0	0	18
6108	18	0	0	0	0	18
6109	0	0	20	0	0	20
6110	20	0	0	0	0	20
6111	19	0	0	0	0	19
6112	19	0	0	0	0	19
6113	0	20	0	0	0	20
6114	0	19	0	0	0	19
6115	0	0	0	19	0	19
6116	0	0	19	0	0	19
6117	0	19	0	0	0	19
6118	0	0	0	16	0	16
6119	0	0	0	16	0	16
6120	0	15	0	0	0	15
6121	15	0	0	0	0	15
6122	16	0	0	0	0	16
6123	0	0	16	0	0	16
6124	16	0	0	0	0	16
6125	0	0	16	0	0	16
6126	14	0	0	0	0	14
6127	0	0	16	0	0	16
6128	0	14	0	0	0	14
6129	0	0	0	14	0	14
6130	0	0	0	13	0	13
6131	14	0	0	0	0	14
6132	14	0	0	0	0	14
6133	14	0	0	0	0	14
6134	0	0	14	0	0	14
6135	0	0	0	14	0	14
6136	0	0	0	13	0	13
6137	14	0	0	0	0	14
6138	0	14	0	0	0	14
6139	14	0	0	0	0	14
6140	0	0	0	14	0	14
6141	0	0	0	14	0	14
6142	0	0	0	14	0	14
6143	0	0	0	17	0	17
6144	0	0	0	17	0	17
6145	0	17	0	0	0	17
6146	0	16	0	0	0	16
6147	0	16	0	0	0	16
6148	0	0	0	16	0	16
6149	0	0	16	0	0	16
6150	16	0	0	0	0	16
6151	0	15	0	0	0	15
6152	0	0	0	16	0	16
6153	0	0	0	16	0	16
6154	16	0	0	0	0	16
6155	16	0	0	0	0	16
6156	16	0	0	0	0	16
6157	0	0	0	16	0	16
6158	0	0	15	0	0	15
6159	0	0	16	0	0	16
6160	0	0	0	16	0	16
6161	0	0	17	0	0	17
6162	14	0	0	0	0	14
6163	0	0	0	14	0	14
6164	0	0	14	0	0	14
6165	0	0	0	14	0	14
6166	0	0	14	0	0	14
6167	0	0	14	0	0	14
6168	0	0	0	14	0	14
6169	0	0	14	0	0	14
6170	0	0	13	0	0	13
6171	0	13	0	0	0	13
6172	0	0	0	17	0	17
6173	19	0	0	0	0	19
6174	0	0	0	18	0	18
6175	0	0	0	19	0	19
6176	0	0	21	0	0	21
6177	20	0	0	0	0	20
6178	0	0	0	21	0	21
6179	0	0	0	21	0	21
6180	21	0	0	0	0	21
6181	0	0	0	21	0	21
6182	21	0	1	0	0	22
6183	21	0	2	0	0	23
6184	21	1	2	0	0	24
6185	0	18	1	1	0	20
6186	18	1	0	1	0	20
6187	1	17	0	2	0	20
6188	1	0	0	19	0	20
6189	17	0	1	2	0	20
6190	1	17	1	1	0	20
6191	18	0	1	1	0	20
6192	1	17	0	2	0	20
6193	18	0	0	2	0	20
6194	1	19	0	2	0	22
6195	2	18	0	1	0	21
6196	2	20	0	1	0	23
6197	3	0	0	20	0	23
6198	2	21	0	0	0	23
6199	2	1	0	20	0	23
6200	1	2	0	20	0	23
6201	1	1	0	21	0	23
6202	1	1	0	22	0	24
6203	21	1	0	1	0	23
6204	22	1	0	1	0	24
6205	1	2	20	0	0	23
6206	22	1	0	1	0	24
6207	20	2	0	0	0	22
6208	22	2	0	0	0	24
6209	0	3	19	0	0	22
6210	0	2	22	1	0	25
6211	21	2	0	1	0	24
6212	0	1	22	2	0	25
6213	0	25	0	2	0	27
6214	0	0	0	27	0	27
6215	25	0	0	3	0	28
6216	25	0	0	2	0	27
6217	27	0	0	1	0	28
6218	2	0	1	25	0	28
6219	2	0	1	25	0	28
6220	2	0	26	0	0	28
6221	3	0	0	25	0	28
6222	2	0	1	25	0	28
6223	26	0	2	0	0	28
6224	1	25	2	0	0	28
6225	26	0	2	0	0	28
6226	1	1	1	25	0	28
6227	25	1	1	1	0	28
6228	25	1	0	1	0	27
6229	25	0	0	1	0	26
6230	3	25	0	0	0	28
6231	2	25	0	1	0	28
6232	1	0	0	29	0	30
6233	27	0	1	2	0	30
6234	0	0	1	29	0	30
6235	0	0	1	28	0	29
6236	1	0	25	2	0	28
6237	1	1	0	27	0	29
6238	2	1	0	29	0	32
6239	1	1	0	29	0	31
6240	2	0	29	1	0	32
6241	2	0	28	1	0	31
6242	3	29	0	0	0	32
6243	28	1	0	0	0	29
6244	1	2	0	25	0	28
6245	0	2	26	1	0	29
6246	1	1	0	27	0	29
6247	1	0	0	29	0	30
6248	28	0	0	2	0	30
6249	28	0	1	2	0	31
6250	0	28	1	2	0	31
6251	28	0	1	2	0	31
6252	28	0	0	3	0	31
6253	0	0	1	34	0	35
6254	0	0	32	2	0	34
6255	0	33	2	0	0	35
6256	33	1	1	0	0	35
6257	32	1	0	1	0	34
6258	1	32	1	1	0	35
6259	0	0	1	36	0	37
6260	34	0	1	2	0	37
6261	35	0	0	0	0	35
6262	2	0	0	34	0	36
6263	36	1	0	0	0	37
6264	36	1	0	0	0	37
6265	40	1	0	0	0	41
6266	2	0	46	1	0	49
6267	1	47	1	1	0	50
6268	0	47	1	1	0	49
6269	46	0	0	0	0	46
6270	0	48	0	0	0	48
6271	0	0	47	0	0	47
6272	0	0	0	44	0	44
6273	42	0	0	0	0	42
6274	0	0	0	42	0	42
6275	47	0	0	0	0	47
6276	44	0	0	0	0	44
6277	44	0	0	0	0	44
6278	0	45	0	0	0	45
6279	0	48	0	0	0	48
6280	47	0	0	0	0	47
6281	48	0	0	0	0	48
6282	48	0	0	0	0	48
6283	0	0	0	48	0	48
6284	47	0	0	0	0	47
6285	0	48	0	0	0	48
6286	0	48	0	0	0	48
6287	0	0	0	48	0	48
6288	0	0	47	0	0	47
6289	0	0	48	0	0	48
6290	0	0	0	47	0	47
6291	1	0	47	0	0	48
6292	0	0	0	47	0	47
6293	48	0	0	0	0	48
6294	0	0	0	45	0	45
6295	46	0	0	0	0	46
6296	0	45	0	0	0	45
6297	0	0	48	0	0	48
6298	0	0	0	46	0	46
6299	0	0	0	48	0	48
6300	0	0	50	0	0	50
6301	0	0	0	47	0	47
6302	0	47	0	0	0	47
6303	0	0	0	48	0	48
6304	0	0	0	47	0	47
6305	0	0	0	48	0	48
6306	0	0	48	0	0	48
6307	0	0	46	0	0	46
6308	46	0	0	0	0	46
6309	0	0	47	0	0	47
6310	0	48	0	0	0	48
6311	48	0	0	0	0	48
6312	0	47	0	0	0	47
6313	47	0	0	0	0	47
6314	46	0	0	0	0	46
6315	46	0	0	0	0	46
6316	45	0	0	0	0	45
6317	0	45	0	0	0	45
6318	0	47	0	0	0	47
6319	47	0	0	0	0	47
6320	0	0	46	0	0	46
6321	0	0	0	46	0	46
6322	0	0	0	45	0	45
6323	0	0	47	0	0	47
6324	42	0	0	0	0	42
6325	47	0	0	0	0	47
6326	47	0	0	0	0	47
6327	0	46	0	0	0	46
6328	45	0	1	0	0	46
6329	0	0	0	47	0	47
6330	0	46	0	0	0	46
6331	49	0	0	0	0	49
6332	47	0	0	0	0	47
6333	50	0	0	0	0	50
6334	0	0	0	50	0	50
6335	0	0	0	50	0	50
6336	0	50	0	0	0	50
6337	0	0	49	0	0	49
6338	0	0	0	45	0	45
6339	0	0	0	43	0	43
6340	0	0	0	46	0	46
6341	0	0	47	0	0	47
6342	46	0	0	0	0	46
6343	0	0	0	48	0	48
6344	0	0	48	0	0	48
6345	0	0	0	48	0	48
6346	48	0	0	0	0	48
6347	0	50	0	0	0	50
6348	0	0	0	51	0	51
6349	0	0	51	0	0	51
6350	49	0	0	0	0	49
6351	51	0	0	0	0	51
6352	0	0	51	0	0	51
6353	0	0	0	44	0	44
6354	0	46	0	0	0	46
6355	46	0	0	0	0	46
6356	0	0	46	0	0	46
6357	45	0	0	0	0	45
6358	0	0	47	0	0	47
6359	0	0	42	0	0	42
6360	45	0	0	0	0	45
6361	0	45	0	0	0	45
6362	0	0	45	0	0	45
6363	0	43	0	0	0	43
6364	0	0	45	0	0	45
6365	0	40	0	0	0	40
6366	31	0	0	0	0	31
6367	0	0	30	0	0	30
6368	0	0	29	0	0	29
6369	0	0	28	0	0	28
6370	27	0	0	0	0	27
6371	28	0	0	0	0	28
6372	0	0	0	28	0	28
6373	0	0	28	0	0	28
6374	0	0	28	0	0	28
6375	24	0	0	0	0	24
6376	0	0	0	25	0	25
6377	25	0	0	0	0	25
6378	25	0	0	0	0	25
6379	0	0	0	22	0	22
6380	0	21	0	0	0	21
6381	0	0	0	22	0	22
6382	0	0	0	22	0	22
6383	0	0	22	0	0	22
6384	0	20	0	0	0	20
6385	0	21	0	0	0	21
6386	0	0	0	22	0	22
6387	0	0	22	0	0	22
6388	0	21	0	0	0	21
6389	0	0	22	0	0	22
6390	22	0	0	0	0	22
6391	21	0	0	0	0	21
6392	0	0	22	0	0	22
6393	22	0	0	0	0	22
6394	0	0	0	22	0	22
6395	0	23	0	0	0	23
6396	0	0	0	23	0	23
6397	20	0	0	0	0	20
6398	19	0	0	0	0	19
6399	21	0	0	0	0	21
6400	19	0	0	0	0	19
6401	0	21	0	0	0	21
6402	0	21	0	0	0	21
6403	21	0	0	0	0	21
6404	0	0	21	0	0	21
6405	0	0	0	21	0	21
6406	0	24	0	0	0	24
6407	0	0	0	23	0	23
6408	0	23	0	1	0	24
6409	0	0	0	24	0	24
6410	0	0	21	0	0	21
6411	20	0	0	0	0	20
6412	21	0	0	0	0	21
6413	0	0	21	0	0	21
6414	20	0	0	0	0	20
6415	20	0	0	0	0	20
6416	0	0	20	0	0	20
6417	0	0	0	20	0	20
6418	21	0	0	1	0	22
6419	0	0	22	0	0	22
6420	0	0	0	22	0	22
6421	0	0	22	0	0	22
6422	0	0	23	0	0	23
6423	25	0	0	1	0	26
6424	26	0	0	0	0	26
6425	26	0	0	0	0	26
6426	25	0	0	0	0	25
6427	0	0	0	26	0	26
6428	0	24	0	0	0	24
6429	0	26	0	0	0	26
6430	0	0	0	26	0	26
6431	25	0	0	0	0	25
6432	0	26	0	0	0	26
6433	0	23	0	0	0	23
6434	23	0	0	0	0	23
6435	0	0	0	23	0	23
6436	22	0	0	0	0	22
6437	0	23	0	0	0	23
6438	23	0	0	0	0	23
6439	0	0	29	0	0	29
6440	37	0	0	0	0	37
6441	37	0	0	0	0	37
6442	37	0	0	0	0	37
6443	0	0	33	0	0	33
6444	38	0	0	0	0	38
6445	0	38	0	0	0	38
6446	0	0	38	0	0	38
6447	0	0	0	34	0	34
6448	0	0	0	35	0	35
6449	0	34	0	0	0	34
6450	0	0	0	34	0	34
6451	0	0	0	35	0	35
6452	0	0	35	0	0	35
6453	33	0	0	0	0	33
6454	0	0	35	0	0	35
6455	0	0	0	33	0	33
6456	0	0	33	0	0	33
6457	0	0	0	36	0	36
6458	38	0	0	0	0	38
6459	38	0	0	0	0	38
6460	0	0	0	37	0	37
6461	0	0	39	0	0	39
6462	0	0	0	38	0	38
6463	0	0	38	0	0	38
6464	38	0	0	0	0	38
6465	39	0	0	0	0	39
6466	39	0	0	0	0	39
6467	39	0	0	0	0	39
6468	0	39	0	0	0	39
6469	0	0	0	37	0	37
6470	39	0	0	0	0	39
6471	0	39	0	0	0	39
6472	0	38	0	0	0	38
6473	0	0	39	0	0	39
6474	37	0	0	0	0	37
6475	38	0	0	0	0	38
6476	0	0	38	0	0	38
6477	0	0	0	38	0	38
6478	0	0	0	38	0	38
6479	0	0	38	0	0	38
6480	0	0	0	38	0	38
6481	38	0	0	0	0	38
6482	0	0	37	0	0	37
6483	0	0	37	0	0	37
6484	37	0	0	0	0	37
6485	0	0	37	0	0	37
6486	38	0	0	0	0	38
6487	0	38	0	0	0	38
6488	37	0	0	0	0	37
6489	0	0	0	38	0	38
6490	0	0	0	38	0	38
6491	38	0	0	0	0	38
6492	0	0	0	39	0	39
6493	39	0	0	0	0	39
6494	0	41	0	0	0	41
6495	0	0	0	38	0	38
6496	0	0	0	40	0	40
6497	40	0	0	0	0	40
6498	39	0	0	0	0	39
6499	37	0	0	0	0	37
6500	0	38	0	0	0	38
6501	0	36	0	0	0	36
6502	37	0	0	0	0	37
6503	0	0	35	0	0	35
6504	0	37	0	0	0	37
6505	36	0	0	0	0	36
6506	36	0	0	0	0	36
6507	36	0	0	0	0	36
6508	1	0	0	34	0	35
6509	35	0	0	0	0	35
6510	35	0	0	0	0	35
6511	0	0	0	34	0	34
6512	35	0	0	0	0	35
6513	0	0	34	0	0	34
6514	0	0	0	34	0	34
6515	0	0	0	34	0	34
6516	0	0	0	35	0	35
6517	35	0	0	0	0	35
6518	30	0	0	0	0	30
6519	33	0	0	0	0	33
6520	33	0	0	0	0	33
6521	30	0	0	0	0	30
6522	0	0	0	31	0	31
6523	0	0	0	29	0	29
6524	27	0	0	0	0	27
6525	0	29	0	0	0	29
6526	29	0	0	0	0	29
6527	0	0	29	0	0	29
6528	29	0	0	0	0	29
6529	33	0	0	0	0	33
6530	0	0	33	0	0	33
6531	31	0	0	0	0	31
6532	0	0	31	0	0	31
6533	0	0	38	0	0	38
6534	0	0	0	40	0	40
6535	0	0	0	41	0	41
6536	0	0	40	0	0	40
6537	0	0	41	0	0	41
6538	0	39	0	0	0	39
6539	0	34	1	0	0	35
6540	26	0	0	0	0	26
6541	0	27	0	0	0	27
6542	26	0	0	0	0	26
6543	0	27	0	1	0	28
6544	25	0	0	1	0	26
6545	0	0	25	0	0	25
6546	24	0	0	0	0	24
6547	0	1	0	21	0	22
6548	0	23	0	0	0	23
6549	1	0	0	23	0	24
6550	23	1	0	0	0	24
6551	22	0	0	0	0	22
6552	0	1	0	23	0	24
6553	1	0	21	0	0	22
6554	0	0	23	0	0	23
6555	1	22	0	0	0	23
6556	0	2	0	20	0	22
6557	0	0	21	0	0	21
6558	0	19	0	1	0	20
6559	1	0	0	20	0	21
6560	1	0	0	20	0	21
6561	19	0	0	1	0	20
6562	0	0	1	19	0	20
6563	0	0	19	0	0	19
6564	0	0	0	19	0	19
6565	19	0	0	1	0	20
6566	0	0	19	0	0	19
6567	16	1	0	0	0	17
6568	0	19	0	1	0	20
6569	19	0	0	1	0	20
6570	20	0	0	0	0	20
6571	0	0	0	20	0	20
6572	0	0	1	18	0	19
6573	0	18	0	1	0	19
6574	1	0	0	19	0	20
6575	18	0	1	0	0	19
6576	1	0	22	0	0	23
6577	0	0	0	21	0	21
6578	1	22	0	0	0	23
6579	1	0	0	22	0	23
6580	0	0	0	23	0	23
6581	22	0	0	1	0	23
6582	0	22	0	0	0	22
6583	0	0	0	23	0	23
6584	22	0	0	0	0	22
6585	0	0	1	22	0	23
6586	0	0	0	23	0	23
6587	22	1	0	0	0	23
6588	21	0	0	1	0	22
6589	0	0	21	1	0	22
6590	23	0	0	0	0	23
6591	22	1	0	0	0	23
6592	21	0	0	1	0	22
6593	1	21	0	0	0	22
6594	0	17	0	1	0	18
6595	0	0	0	20	0	20
6596	19	0	0	0	0	19
6597	20	0	0	0	0	20
6598	0	0	0	19	0	19
6599	1	0	25	0	0	26
6600	26	0	0	0	0	26
6601	24	0	0	0	0	24
6602	0	0	0	25	0	25
6603	0	1	0	24	0	25
6604	25	0	0	1	0	26
6605	1	0	0	25	0	26
6606	1	22	0	0	0	23
6607	0	0	0	24	0	24
6608	23	0	1	0	0	24
6609	1	0	22	0	0	23
6610	22	0	0	0	0	22
6611	0	0	23	1	0	24
6612	0	0	0	23	0	23
6613	23	0	0	0	0	23
6614	0	0	0	24	0	24
6615	0	0	0	24	0	24
6616	23	0	0	0	0	23
6617	0	0	25	0	0	25
6618	0	0	28	0	0	28
6619	0	0	0	29	0	29
6620	0	0	0	30	0	30
6621	0	0	0	30	0	30
6622	0	0	33	0	0	33
6623	31	0	0	0	0	31
6624	33	0	0	0	0	33
6625	34	0	0	0	0	34
6626	34	0	0	0	0	34
6627	0	33	0	0	0	33
6628	0	32	0	0	0	32
6629	0	28	0	0	0	28
6630	0	0	0	29	0	29
6631	0	0	0	30	0	30
6632	0	0	28	0	0	28
6633	0	22	0	0	0	22
6634	0	0	0	20	0	20
6635	20	0	0	0	0	20
6636	0	19	0	0	0	19
6637	0	0	0	20	0	20
6638	0	20	0	0	0	20
6639	20	0	0	0	0	20
6640	0	0	0	20	0	20
6641	0	0	20	0	0	20
6642	0	0	20	0	0	20
6643	0	0	0	20	0	20
6644	0	0	0	20	0	20
6645	0	0	0	20	0	20
6646	20	0	0	0	0	20
6647	0	0	19	0	0	19
6648	0	20	0	0	0	20
6649	0	0	0	19	0	19
6650	0	0	21	0	0	21
6651	0	21	0	0	0	21
6652	0	0	0	21	0	21
6653	0	0	21	0	0	21
6654	0	0	0	21	0	21
6655	0	0	0	19	0	19
6656	21	0	0	0	0	21
6657	21	0	0	0	0	21
6658	0	0	0	21	0	21
6659	20	0	0	0	0	20
6660	0	0	23	0	0	23
6661	0	0	0	23	0	23
6662	0	0	26	0	0	26
6663	0	0	0	24	0	24
6664	0	24	0	0	0	24
6665	0	25	0	0	0	25
6666	0	24	0	0	0	24
6667	0	0	0	24	0	24
6668	0	0	0	30	0	30
6669	0	0	31	0	0	31
6670	0	0	32	0	0	32
6671	0	0	30	0	0	30
6672	36	0	0	0	0	36
6673	0	0	0	35	0	35
6674	38	0	0	0	0	38
6675	0	39	0	0	0	39
6676	1	1	0	38	0	40
6677	38	1	0	1	0	40
6678	1	0	0	39	0	40
6679	38	0	0	1	0	39
6680	1	0	39	1	0	41
6681	1	38	1	0	0	40
6682	0	1	0	39	0	40
6683	38	1	0	1	0	40
6684	40	0	0	2	0	42
6685	2	0	0	40	0	42
6686	1	0	0	40	0	41
6687	39	0	0	2	0	41
6688	1	0	0	41	0	42
6689	1	0	39	1	0	41
6690	0	40	1	1	0	42
6691	0	1	1	40	0	42
6692	39	1	0	1	0	41
6693	42	0	0	1	0	43
6694	2	0	41	0	0	43
6695	1	40	1	0	0	42
6696	0	43	0	0	0	43
6697	0	2	0	42	0	44
6698	0	1	0	42	0	43
6699	0	0	0	38	0	38
6700	0	0	0	38	0	38
6701	0	36	0	2	0	38
6702	0	1	0	37	0	38
6703	0	1	0	37	0	38
6704	36	0	0	2	0	38
6705	37	0	0	1	0	38
6706	2	36	0	0	0	38
6707	39	1	0	0	0	40
6708	40	0	0	0	0	40
6709	41	0	0	0	0	41
6710	2	0	38	0	0	40
6711	1	0	1	38	0	40
6712	0	0	0	40	0	40
6713	0	0	39	2	0	41
6714	0	0	1	38	0	39
6715	0	0	1	37	0	38
6716	38	0	0	2	0	40
6717	1	0	36	0	0	37
6718	1	0	1	32	0	34
6719	32	0	1	1	0	34
6720	1	31	0	1	0	33
6721	33	1	0	0	0	34
6722	29	1	0	0	0	30
6723	2	29	0	0	0	31
6724	0	1	0	28	0	29
6725	29	1	0	1	0	31
6726	1	27	0	1	0	29
6727	1	1	0	29	0	31
6728	29	1	0	1	0	31
6729	29	0	0	1	0	30
6730	2	30	0	0	0	32
6731	32	1	0	0	0	33
6732	1	1	0	31	0	33
6733	29	0	0	1	0	30
6734	1	0	30	1	0	32
6735	1	0	1	31	0	33
6736	0	0	1	32	0	33
6737	31	0	0	2	0	33
6738	1	31	0	1	0	33
6739	32	1	0	0	0	33
6740	1	30	0	0	0	31
6741	1	1	31	0	0	33
6742	0	1	30	0	0	31
6743	0	0	2	30	0	32
6744	0	0	30	1	0	31
6745	0	0	1	32	0	33
6746	0	0	1	32	0	33
6747	0	0	0	32	0	32
6748	30	0	0	2	0	32
6749	32	0	0	1	0	33
6750	30	0	0	0	0	30
6751	1	29	0	0	0	30
6752	1	33	0	1	0	35
6753	0	2	37	0	0	39
6754	1	1	2	36	0	40
6755	0	0	37	2	0	39
6756	0	0	2	37	0	39
6757	0	0	1	39	0	40
6758	0	0	0	40	0	40
6759	0	0	37	3	0	40
6760	0	0	2	35	0	37
6761	34	0	1	2	0	37
6762	2	33	0	1	0	36
6763	1	2	0	33	0	36
6764	32	1	0	2	0	35
6765	35	0	0	1	0	36
6766	3	0	0	32	0	35
6767	1	0	0	33	0	34
6768	27	0	0	3	0	30
6769	2	0	0	28	0	30
6770	27	0	0	2	0	29
6771	2	0	0	27	0	29
6772	1	0	22	2	0	25
6773	0	20	2	1	0	23
6774	0	21	0	0	0	21
6775	0	1	0	17	0	18
6776	0	0	0	18	0	18
6777	17	0	0	1	0	18
6778	1	0	0	17	0	18
6779	0	0	0	18	0	18
6780	0	0	0	17	0	17
6781	0	16	0	0	0	16
6782	0	1	0	16	0	17
6783	0	0	0	17	0	17
6784	0	0	0	16	0	16
6785	15	0	0	1	0	16
6786	1	16	0	0	0	17
6787	0	1	0	16	0	17
6788	0	0	0	17	0	17
6789	0	0	0	17	0	17
6790	16	0	0	1	0	17
6791	1	0	0	16	0	17
6792	0	0	0	17	0	17
6793	0	0	14	1	0	15
6794	0	13	1	0	0	14
6795	0	1	0	14	0	15
6796	14	0	0	1	0	15
6797	1	14	0	0	0	15
6798	14	0	0	0	0	14
6799	15	0	0	0	0	15
6800	1	0	0	14	0	15
6801	0	0	0	15	0	15
6802	0	0	15	1	0	16
6803	0	0	0	15	0	15
6804	0	0	15	1	0	16
6805	0	0	1	15	0	16
6806	12	0	0	1	0	13
6807	1	13	0	0	0	14
6808	0	1	1	13	0	15
6809	0	0	0	15	0	15
6810	0	0	1	14	0	15
6811	0	0	0	15	0	15
6812	13	0	0	2	0	15
6813	1	13	0	1	0	15
6814	0	1	1	13	0	15
6815	13	0	0	2	0	15
6816	1	0	13	0	0	14
6817	13	1	1	0	0	15
6818	14	0	0	1	0	15
6819	2	0	13	0	0	15
6820	0	0	1	13	0	14
6821	13	0	0	1	0	14
6822	1	13	0	1	0	15
6823	14	1	0	0	0	15
6824	14	0	0	1	0	15
6825	18	0	0	0	0	18
6826	1	0	0	17	0	18
6827	1	0	1	18	0	20
6828	0	23	0	2	0	25
6829	0	2	0	23	0	25
6830	20	1	0	2	0	23
6831	1	0	20	2	0	23
6832	22	0	1	0	0	23
6833	21	0	1	1	0	23
6834	2	0	0	22	0	24
6835	1	0	0	23	0	24
6836	21	0	0	2	0	23
6837	20	0	0	2	0	22
6838	23	0	0	1	0	24
6839	2	0	21	1	0	24
6840	1	21	0	0	0	22
6841	21	2	1	0	0	24
6842	1	1	0	21	0	23
6843	1	21	0	2	0	24
6844	0	0	0	23	0	23
6845	21	1	0	1	0	23
6846	1	0	0	22	0	23
6847	1	0	20	2	0	23
6848	0	21	1	1	0	23
6849	0	23	1	0	0	24
6850	0	2	21	1	0	24
6851	21	1	2	0	0	24
6852	1	17	1	0	0	19
6853	1	0	0	15	0	16
6854	15	1	0	0	0	16
6855	0	15	0	1	0	16
6856	1	0	0	15	0	16
6857	12	1	5	0	0	18
6858	0	0	0	18	0	18
6859	18	0	0	0	0	18
6860	0	0	17	1	0	18
6861	1	17	0	0	0	18
6862	17	0	1	0	0	18
6863	17	1	0	0	0	18
6864	18	0	0	0	0	18
6865	1	0	17	0	0	18
6866	17	0	0	0	0	17
6867	17	0	1	0	0	18
6868	1	0	0	17	0	18
6869	18	0	0	0	0	18
6870	0	17	0	1	0	18
6871	1	0	0	17	0	18
6872	0	1	17	0	0	18
6873	0	0	0	18	0	18
6874	0	0	1	17	0	18
6875	17	0	0	1	0	18
6876	16	0	0	1	0	17
6877	1	0	17	0	0	18
6878	18	0	0	0	0	18
6879	0	0	18	0	0	18
6880	1	0	0	17	0	18
6881	0	0	17	0	0	17
6882	0	0	0	18	0	18
6883	0	18	1	0	0	19
6884	0	0	18	1	0	19
6885	0	1	18	0	0	19
6886	0	0	1	14	0	15
6887	17	0	1	0	0	18
6888	17	0	0	1	0	18
6889	18	0	0	0	0	18
6890	1	0	0	17	0	18
6891	1	0	0	17	0	18
6892	0	0	0	18	0	18
6893	0	0	0	18	0	18
6894	0	0	19	1	0	20
6895	0	0	0	19	0	19
6896	0	19	0	0	0	19
6897	0	0	0	20	0	20
6898	21	1	0	0	0	22
6899	0	0	20	1	0	21
6900	20	0	0	0	0	20
6901	0	0	22	0	0	22
6902	1	0	19	0	0	20
6903	0	19	1	0	0	20
6904	0	0	1	15	0	16
6905	0	1	0	19	0	20
6906	0	18	0	1	0	19
6907	20	0	0	1	0	21
6908	0	1	0	20	0	21
6909	1	0	0	20	0	21
6910	0	0	0	21	0	21
6911	23	0	0	1	0	24
6912	25	0	0	1	0	26
6913	1	0	0	25	0	26
6914	1	0	0	25	0	26
6915	25	0	0	1	0	26
6916	0	0	0	26	0	26
6917	1	0	0	25	0	26
6918	0	0	0	26	0	26
6919	0	0	25	1	0	26
6920	24	0	0	1	0	25
6921	27	0	1	0	0	28
6922	2	0	25	0	0	27
6923	1	3	0	24	0	28
6924	0	25	1	2	0	28
6925	24	0	0	0	0	24
6926	0	22	0	2	0	24
6927	0	18	0	2	0	20
6928	0	0	0	18	0	18
6929	16	0	2	0	0	18
6930	18	0	0	0	0	18
6931	2	0	0	16	0	18
6932	0	0	2	16	0	18
6933	0	0	0	18	0	18
6934	0	2	0	15	0	17
6935	2	0	0	16	0	18
6936	0	18	0	0	0	18
6937	0	2	0	15	0	17
6938	15	0	0	2	0	17
6939	17	0	0	0	0	17
6940	16	0	0	0	0	16
6941	0	14	0	2	0	16
6942	0	0	0	17	0	17
6943	0	0	15	2	0	17
6944	13	0	0	2	0	15
6945	0	0	0	16	0	16
6946	14	2	0	0	0	16
6947	14	0	0	2	0	16
6948	16	0	0	0	0	16
6949	1	0	0	13	0	14
6950	15	0	0	0	0	15
6951	0	2	0	13	0	15
6952	0	0	0	14	0	14
6953	13	0	2	0	0	15
6954	2	0	0	13	0	15
6955	13	0	0	2	0	15
6956	15	0	0	0	0	15
6957	2	0	0	11	0	13
6958	2	0	0	11	0	13
6959	0	0	0	13	0	13
6960	2	0	10	0	0	12
6961	0	0	10	2	0	12
6962	0	0	0	12	0	12
6963	2	0	0	10	0	12
6964	0	0	0	12	0	12
6965	2	0	0	10	0	12
6966	2	0	0	10	0	12
6967	10	0	0	2	0	12
6968	0	10	0	2	0	12
6969	0	0	0	12	0	12
6970	10	0	2	0	0	12
6971	0	0	2	10	0	12
6972	0	0	0	12	0	12
6973	10	0	0	2	0	12
6974	10	0	0	2	0	12
6975	0	0	10	2	0	12
6976	0	0	0	12	0	12
6977	2	0	10	0	0	12
6978	0	2	0	10	0	12
6979	0	0	0	12	0	12
6980	2	0	0	10	0	12
6981	0	0	10	2	0	12
6982	0	9	0	2	0	11
6983	2	9	0	0	0	11
6984	2	0	0	9	0	11
6985	9	0	2	0	0	11
6986	0	0	9	2	0	11
6987	0	0	11	0	0	11
6988	0	0	0	11	0	11
6989	0	0	0	11	0	11
6990	0	9	0	1	0	10
6991	0	0	2	9	0	11
6992	0	2	0	9	0	11
6993	0	2	0	9	0	11
6994	8	0	0	2	0	10
6995	10	0	0	0	0	10
6996	0	0	1	8	0	9
6997	0	8	2	0	0	10
6998	0	0	0	8	0	8
6999	6	0	0	0	0	6
7000	0	8	0	0	0	8
7001	0	0	0	8	0	8
7002	0	6	0	1	0	7
7003	6	0	0	2	0	8
7004	7	0	0	0	0	7
7005	2	6	0	0	0	8
7006	0	5	0	2	0	7
7007	0	2	5	0	0	7
7008	0	5	0	2	0	7
7009	2	0	0	5	0	7
7010	0	2	5	0	0	7
7011	0	1	0	0	0	1
7012	0	0	0	0	0	0
7013	0	0	0	0	0	0
7014	0	0	0	0	0	0
7015	0	0	0	0	0	0
7016	0	0	0	0	0	0
7017	0	0	0	0	0	0
7018	0	0	0	0	0	0
7019	0	0	0	0	0	0
7020	0	0	0	0	0	0
7021	0	0	0	0	0	0
7022	0	0	0	0	0	0
7023	0	0	0	0	0	0
7024	0	0	0	0	0	0
7025	0	0	0	0	0	0
7026	0	0	0	0	0	0
7027	0	0	0	0	0	0
7028	0	0	0	0	0	0
7029	0	0	0	0	0	0
7030	0	0	0	0	0	0
7031	0	0	0	0	0	0
7032	0	0	0	0	0	0
7033	0	0	0	0	0	0
7034	0	0	0	0	0	0
7035	0	0	0	0	0	0
7036	0	0	0	0	0	0
7037	0	0	0	0	0	0
7038	0	0	0	0	0	0
7039	0	0	0	0	0	0
7040	0	0	0	0	0	0
7041	0	0	0	0	0	0
7042	0	0	0	0	0	0
7043	0	0	0	0	0	0
7044	0	0	0	0	0	0
7045	0	0	0	0	0	0
7046	0	0	0	0	0	0
7047	0	0	0	0	0	0
7048	0	0	0	0	0	0
7049	0	0	0	0	0	0
7050	0	0	0	0	0	0
7051	0	0	0	0	0	0
7052	0	0	0	0	0	0
7053	0	0	0	0	0	0
7054	0	0	0	0	0	0
7055	0	0	0	0	0	0
7056	0	0	0	0	0	0
7057	0	0	0	0	0	0
7058	0	0	0	0	0	0
7059	0	0	0	0	0	0
7060	0	0	0	0	0	0
7061	0	0	0	0	0	0
7062	0	0	0	0	0	0
7063	0	0	0	0	0	0
7064	0	0	0	0	0	0
7065	0	0	0	0	0	0
7066	0	0	0	0	0	0
7067	0	0	0	0	0	0
7068	0	0	0	0	0	0
7069	0	0	0	0	0	0
7070	0	0	0	0	0	0
7071	0	0	0	0	0	0
7072	0	0	0	0	0	0
7073	0	0	0	0	0	0
7074	0	0	0	0	0	0
7075	0	0	0	0	0	0
7076	0	0	0	0	0	0
7077	0	0	0	0	0	0
7078	0	0	0	0	0	0
7079	0	0	0	0	0	0
7080	0	0	0	0	0	0
7081	0	0	0	0	0	0
7082	0	0	0	0	0	0
7083	0	0	0	0	0	0
7084	0	0	0	0	0	0
7085	0	0	0	0	0	0
7086	0	0	0	0	0	0
7087	0	0	0	0	0	0
7088	0	0	0	0	0	0
7089	0	0	0	0	0	0
7090	0	0	0	0	0	0
7091	0	0	0	0	0	0
7092	0	0	0	0	0	0
7093	0	0	0	0	0	0
7094	0	0	0	0	0	0
7095	0	0	0	0	0	0
7096	0	0	0	0	0	0
7097	0	0	0	0	0	0
7098	0	0	0	2	0	2
7099	0	0	0	2	0	2
7100	0	0	2	0	0	2
7101	0	2	0	0	0	2
7102	2	0	0	0	0	2
7103	2	0	0	0	0	2
7104	0	2	0	0	0	2
7105	0	2	0	0	0	2
7106	0	0	0	2	0	2
7107	2	0	0	0	0	2
7108	0	2	0	0	0	2
7109	0	0	0	2	0	2
7110	0	0	2	0	0	2
7111	0	0	0	2	0	2
7112	2	0	0	0	0	2
7113	0	2	0	0	0	2
7114	0	0	0	3	0	3
7115	0	0	3	0	0	3
7116	0	0	3	0	0	3
7117	0	0	0	3	0	3
7118	0	0	0	5	0	5
7119	0	5	0	0	0	5
7120	0	0	0	4	0	4
7121	5	0	0	0	0	5
7122	0	0	0	5	0	5
7123	5	0	0	0	0	5
7124	0	4	0	0	0	4
7125	0	4	0	0	0	4
7126	0	0	0	5	0	5
7127	0	0	0	5	0	5
7128	0	0	7	0	0	7
7129	0	0	0	7	0	7
7130	7	0	0	0	0	7
7131	0	0	7	0	0	7
7132	0	0	0	7	0	7
7133	0	0	7	0	0	7
7134	0	0	0	7	0	7
7135	0	0	0	7	0	7
7136	0	0	0	7	0	7
7137	0	0	7	0	0	7
7138	0	0	0	7	0	7
7139	0	7	0	0	0	7
7140	0	0	0	7	0	7
7141	0	0	0	7	0	7
7142	9	0	0	0	0	9
7143	0	0	9	0	0	9
7144	0	0	0	9	0	9
7145	0	0	10	0	0	10
7146	0	0	8	0	0	8
7147	0	0	0	9	0	9
7148	0	0	0	13	0	13
7149	0	0	0	13	0	13
7150	13	0	0	0	0	13
7151	0	0	13	0	0	13
7152	13	0	0	0	0	13
7153	0	0	0	13	0	13
7154	0	0	0	13	0	13
7155	0	14	0	0	0	14
7156	0	0	0	13	0	13
7157	0	0	0	14	0	14
7158	0	0	0	14	0	14
7159	14	0	0	0	0	14
7160	0	0	13	0	0	13
7161	13	0	0	0	0	13
7162	0	13	0	0	0	13
7163	14	0	0	0	0	14
7164	0	14	0	0	0	14
7165	0	14	0	0	0	14
7166	0	0	0	14	0	14
7167	14	0	0	0	0	14
7168	0	0	0	14	0	14
7169	0	14	0	0	0	14
7170	0	16	0	0	0	16
7171	0	0	0	16	0	16
7172	0	0	0	16	0	16
7173	0	16	0	0	0	16
7174	0	0	0	16	0	16
7175	0	0	0	16	0	16
7176	0	0	0	16	0	16
7177	18	0	0	0	0	18
7178	0	0	18	0	0	18
7179	17	0	0	0	0	17
7180	18	0	0	0	0	18
7181	18	0	0	0	0	18
7182	0	18	0	0	0	18
7183	0	0	0	18	0	18
7184	18	0	0	0	0	18
7185	0	0	0	19	0	19
7186	19	0	0	0	0	19
7187	0	25	0	0	0	25
7188	25	0	0	0	0	25
7189	25	0	0	0	0	25
7190	27	0	0	0	0	27
7191	0	0	0	27	0	27
7192	0	0	0	26	0	26
7193	28	0	0	0	0	28
7194	0	28	0	0	0	28
7195	0	27	0	0	0	27
7196	29	0	0	0	0	29
7197	0	0	0	30	0	30
7198	0	0	0	29	0	29
7199	0	0	0	29	0	29
7200	0	29	0	0	0	29
7201	31	0	0	0	0	31
7202	0	0	0	31	0	31
7203	0	35	0	0	0	35
7204	0	0	0	37	0	37
7205	0	0	0	37	0	37
7206	0	0	0	37	0	37
7207	0	0	0	37	0	37
7208	37	0	0	0	0	37
7209	37	0	0	0	0	37
7210	37	0	0	0	0	37
7211	0	0	0	37	0	37
7212	0	0	37	0	0	37
7213	0	0	36	0	0	36
7214	0	0	31	0	0	31
7215	37	0	0	0	0	37
7216	0	0	0	38	0	38
7217	0	0	0	38	0	38
7218	0	0	0	36	0	36
7219	36	0	0	0	0	36
7220	36	0	0	0	0	36
7221	0	35	0	0	0	35
7222	0	0	0	35	0	35
7223	0	0	35	0	0	35
7224	0	35	0	0	0	35
7225	0	0	0	35	0	35
7226	0	0	0	35	0	35
7227	0	0	0	34	0	34
7228	0	0	0	33	0	33
7229	0	0	33	0	0	33
7230	0	0	32	0	0	32
7231	0	33	0	0	0	33
7232	0	0	0	33	0	33
7233	0	0	0	33	0	33
7234	33	0	0	0	0	33
7235	0	0	33	0	0	33
7236	0	0	0	33	0	33
7237	0	0	0	33	0	33
7238	0	0	36	0	0	36
7239	0	36	0	0	0	36
7240	36	0	0	0	0	36
7241	0	0	36	0	0	36
7242	33	0	0	0	0	33
7243	0	0	34	0	0	34
7244	0	0	0	34	0	34
7245	0	0	34	0	0	34
7246	0	0	36	0	0	36
7247	0	0	0	38	0	38
7248	0	0	1	34	0	35
7249	0	0	0	37	0	37
7250	0	0	0	36	0	36
7251	0	0	0	36	0	36
7252	0	0	36	0	0	36
7253	0	0	37	0	0	37
7254	0	38	0	0	0	38
7255	37	0	0	0	0	37
7256	0	0	0	37	0	37
7257	37	0	0	0	0	37
7258	0	0	0	37	0	37
7259	38	0	0	0	0	38
7260	0	0	0	38	0	38
7261	0	0	0	38	0	38
7262	0	39	0	0	0	39
7263	0	0	0	39	0	39
7264	0	0	0	38	0	38
7265	0	0	0	39	0	39
7266	0	0	0	39	0	39
7267	0	39	0	0	0	39
7268	39	0	0	0	0	39
7269	0	39	0	0	0	39
7270	0	0	0	37	0	37
7271	37	0	0	0	0	37
7272	0	0	36	0	0	36
7273	0	0	37	0	0	37
7274	0	0	0	37	0	37
7275	0	0	0	37	0	37
7276	0	0	0	38	0	38
7277	0	0	0	34	0	34
7278	0	0	0	36	0	36
7279	0	36	0	0	0	36
7280	0	0	0	36	0	36
7281	36	0	0	0	0	36
7282	0	0	0	36	0	36
7283	1	0	35	0	0	36
7284	0	0	0	35	0	35
7285	35	0	0	0	0	35
7286	0	39	0	0	0	39
7287	0	0	0	34	0	34
7288	0	0	0	35	0	35
7289	0	0	35	0	0	35
7290	0	0	49	0	0	49
7291	70	0	1	0	0	71
7292	1	0	0	72	0	73
7293	0	0	0	73	0	73
7294	0	0	77	1	0	78
7295	0	0	79	0	0	79
7296	0	76	1	0	0	77
7297	0	1	0	76	0	77
7298	0	0	76	1	0	77
7299	0	76	1	0	0	77
7300	73	1	0	0	0	74
7301	78	0	0	0	0	78
7302	1	0	0	77	0	78
7303	0	73	0	1	0	74
7304	71	1	0	0	0	72
7305	1	0	0	69	0	70
7306	0	0	72	0	0	72
7307	0	72	1	0	0	73
7308	70	1	0	0	0	71
7309	73	0	0	0	0	73
7310	1	0	0	71	0	72
7311	0	0	0	72	0	72
7312	0	0	71	1	0	72
7313	0	0	1	70	0	71
7314	0	0	0	69	0	69
7315	0	0	0	71	0	71
7316	0	0	0	71	0	71
7317	0	0	0	68	0	68
7318	0	70	0	1	0	71
7319	69	1	0	0	0	70
7320	1	0	69	0	0	70
7321	0	66	1	0	0	67
7322	0	1	0	70	0	71
7323	70	0	0	1	0	71
7324	1	0	0	70	0	71
7325	0	0	0	71	0	71
7326	0	0	0	70	0	70
7327	1	0	0	70	0	71
7328	0	0	67	1	0	68
7329	0	70	1	0	0	71
7330	69	1	0	0	0	70
7331	1	0	69	0	0	70
7332	0	0	1	70	0	71
7333	69	0	0	2	0	71
7334	1	70	0	0	0	71
7335	71	1	0	0	0	72
7336	1	0	0	69	0	70
7337	0	0	0	72	0	72
7338	0	0	0	69	0	69
7339	0	0	0	69	0	69
7340	68	0	0	1	0	69
7341	1	0	0	68	0	69
7342	0	0	0	69	0	69
7343	67	0	0	1	0	68
7344	1	0	64	0	0	65
7345	0	0	1	65	0	66
7346	64	0	0	1	0	65
7347	63	0	0	0	0	63
7348	1	0	0	60	0	61
7349	0	0	0	61	0	61
7350	0	60	0	0	0	60
7351	0	1	0	59	0	60
7352	0	0	0	61	0	61
7353	0	0	60	1	0	61
7354	0	0	58	0	0	58
7355	0	59	1	0	0	60
7356	0	1	0	59	0	60
7357	0	0	0	60	0	60
7358	59	0	0	1	0	60
7359	1	0	0	58	0	59
7360	0	0	58	1	0	59
7361	0	0	1	58	0	59
7362	0	0	57	1	0	58
7363	0	0	56	0	0	56
7364	0	0	1	57	0	58
7365	0	0	0	58	0	58
7366	57	0	0	1	0	58
7367	58	0	0	0	0	58
7368	1	0	0	58	0	59
7369	59	0	0	1	0	60
7370	59	0	0	0	0	59
7371	1	0	0	59	0	60
7372	0	0	0	60	0	60
7373	58	0	0	1	0	59
7374	59	0	0	0	0	59
7375	1	0	0	59	0	60
7376	0	59	0	1	0	60
7377	0	1	0	59	0	60
7378	0	0	0	61	0	61
7379	0	0	60	1	0	61
7380	0	0	1	60	0	61
7381	59	0	0	1	0	60
7382	1	59	0	0	0	60
7383	60	1	0	0	0	61
7384	60	0	0	0	0	60
7385	61	0	0	0	0	61
7386	1	0	0	56	0	57
7387	0	0	55	1	0	56
7388	0	0	53	0	0	53
7389	0	53	1	0	0	54
7390	0	39	0	0	0	39
7391	0	18	0	0	0	18
7392	0	20	0	0	0	20
7393	1	0	18	0	0	19
7394	15	0	0	0	0	15
7395	0	0	0	13	0	13
7396	0	0	0	13	0	13
7397	0	0	0	13	0	13
7398	0	13	0	0	0	13
7399	13	0	0	0	0	13
7400	0	0	13	0	0	13
7401	0	10	0	0	0	10
7402	0	0	0	10	0	10
7403	10	0	0	0	0	10
7404	0	0	0	10	0	10
7405	0	0	10	0	0	10
7406	0	0	9	0	0	9
7407	0	0	0	10	0	10
7408	0	0	0	10	0	10
7409	10	0	0	0	0	10
7410	0	0	10	0	0	10
7411	10	0	0	0	0	10
7412	10	0	0	0	0	10
7413	0	0	0	10	0	10
7414	0	0	9	0	0	9
7415	0	0	0	12	0	12
7416	12	0	0	0	0	12
7417	0	14	0	0	0	14
7418	15	0	0	0	0	15
7419	0	0	0	15	0	15
7420	0	17	0	0	0	17
7421	0	0	0	17	0	17
7422	0	0	0	17	0	17
7423	0	17	0	0	0	17
7424	0	0	0	17	0	17
7425	0	0	0	17	0	17
7426	0	0	0	17	0	17
7427	0	0	17	0	0	17
7428	0	17	0	0	0	17
7429	17	0	0	0	0	17
7430	1	0	0	18	0	19
7431	0	20	0	0	0	20
7432	21	0	0	0	0	21
7433	0	0	0	21	0	21
7434	0	0	0	21	0	21
7435	0	0	0	20	0	20
7436	0	0	0	20	0	20
7437	20	0	0	0	0	20
7438	0	0	0	20	0	20
7439	0	0	0	20	0	20
7440	20	0	0	0	0	20
7441	0	0	0	20	0	20
7442	0	0	20	0	0	20
7443	0	0	0	20	0	20
7444	20	0	0	0	0	20
7445	0	0	0	20	0	20
7446	0	0	21	0	0	21
7447	0	0	20	0	0	20
7448	21	0	0	0	0	21
7449	21	0	0	0	0	21
7450	21	0	0	0	0	21
7451	21	0	0	0	0	21
7452	0	0	21	0	0	21
7453	0	0	0	21	0	21
7454	0	0	0	21	0	21
7455	21	0	0	0	0	21
7456	0	0	0	21	0	21
7457	0	0	21	0	0	21
7458	0	0	0	21	0	21
7459	0	0	20	0	0	20
7460	0	23	0	0	0	23
7461	23	0	0	0	0	23
7462	0	0	0	23	0	23
7463	0	0	24	0	0	24
7464	0	0	0	25	0	25
7465	0	0	0	25	0	25
7466	0	0	25	0	0	25
7467	0	0	0	25	0	25
7468	23	0	0	0	0	23
7469	0	0	23	0	0	23
7470	23	0	0	0	0	23
7471	0	22	0	0	0	22
7472	0	0	23	0	0	23
7473	0	0	23	0	0	23
7474	0	2	0	20	0	22
7475	0	0	0	20	0	20
7476	0	0	21	0	0	21
7477	0	0	0	23	0	23
7478	23	0	0	0	0	23
7479	23	0	0	1	0	24
7480	1	0	0	23	0	24
7481	1	0	0	22	0	23
7482	0	23	0	1	0	24
7483	23	0	0	1	0	24
7484	0	1	0	23	0	24
7485	1	23	0	0	0	24
7486	23	0	0	0	0	23
7487	23	1	0	0	0	24
7488	1	22	0	0	0	23
7489	1	0	0	23	0	24
7490	0	1	0	21	0	22
7491	0	0	21	1	0	22
7492	0	0	0	19	0	19
7493	18	0	1	0	0	19
7494	0	0	0	19	0	19
7495	1	0	18	0	0	19
7496	18	0	0	1	0	19
7497	0	0	1	18	0	19
7498	1	0	18	0	0	19
7499	0	0	0	19	0	19
7500	0	0	19	0	0	19
7501	0	0	0	19	0	19
7502	0	0	1	18	0	19
7503	18	0	0	1	0	19
7504	0	18	0	1	0	19
7505	19	0	0	0	0	19
7506	18	1	0	0	0	19
7507	18	0	0	0	0	18
7508	1	18	0	0	0	19
7509	1	0	18	0	0	19
7510	0	1	0	18	0	19
7511	18	0	0	0	0	18
7512	18	0	0	1	0	19
7513	1	0	0	17	0	18
7514	19	0	0	0	0	19
7515	0	0	16	1	0	17
7516	17	0	0	0	0	17
7517	0	0	15	0	0	15
7518	1	12	0	0	0	13
7519	13	0	1	0	0	14
7520	11	1	0	0	0	12
7521	1	11	0	0	0	12
7522	12	0	0	0	0	12
7523	11	1	0	0	0	12
7524	1	0	11	0	0	12
7525	12	0	0	0	0	12
7526	0	0	12	0	0	12
7527	1	0	0	10	0	11
7528	0	11	1	0	0	12
7529	0	0	11	0	0	11
7530	8	0	0	1	0	9
7531	8	0	1	0	0	9
7532	1	0	0	7	0	8
7533	1	0	7	0	0	8
7534	0	0	0	8	0	8
7535	7	0	1	0	0	8
7536	0	11	0	1	0	12
7537	12	0	0	0	0	12
7538	11	1	0	0	0	12
7539	1	11	0	0	0	12
7540	1	0	0	11	0	12
7541	11	1	0	0	0	12
7542	0	0	0	12	0	12
7543	1	0	0	10	0	11
7544	0	0	10	0	0	10
7545	0	0	0	12	0	12
7546	0	0	1	11	0	12
7547	11	0	0	1	0	12
7548	11	0	0	1	0	12
7549	1	0	0	11	0	12
7550	1	0	10	0	0	11
7551	0	0	11	1	0	12
7552	0	0	1	11	0	12
7553	0	0	11	0	0	11
7554	0	0	0	12	0	12
7555	0	0	1	11	0	12
7556	11	0	0	1	0	12
7557	0	0	11	1	0	12
7558	11	0	0	0	0	11
7559	11	0	1	0	0	12
7560	1	0	9	0	0	10
7561	1	0	8	0	0	9
7562	0	2	1	7	0	10
7563	0	5	1	0	0	6
7564	0	7	0	1	0	8
7565	0	1	0	7	0	8
7566	0	0	0	7	0	7
7567	0	0	0	8	0	8
7568	0	0	0	8	0	8
7569	7	0	0	1	0	8
7570	0	0	0	8	0	8
7571	1	0	6	0	0	7
7572	0	0	0	8	0	8
7573	0	7	1	0	0	8
7574	0	0	0	8	0	8
7575	7	1	0	0	0	8
7576	0	0	0	8	0	8
7577	0	0	5	0	0	5
7578	0	5	0	0	0	5
7579	0	0	0	5	0	5
7580	5	0	0	0	0	5
7581	5	0	0	0	0	5
7582	0	0	0	5	0	5
7583	0	0	5	0	0	5
7584	0	0	5	0	0	5
7585	5	0	0	0	0	5
7586	0	0	5	0	0	5
7587	0	0	5	0	0	5
7588	0	0	0	5	0	5
7589	5	0	0	0	0	5
7590	5	0	0	0	0	5
7591	5	0	0	0	0	5
7592	0	0	5	0	0	5
7593	0	0	5	0	0	5
7594	0	5	0	0	0	5
7595	0	0	0	5	0	5
7596	0	0	0	5	0	5
7597	0	0	0	5	0	5
7598	0	0	0	5	0	5
7599	0	0	5	0	0	5
7600	0	5	0	0	0	5
7601	5	0	0	0	0	5
7602	7	0	0	0	0	7
7603	7	0	0	0	0	7
7604	0	7	0	0	0	7
7605	0	0	0	7	0	7
7606	9	0	0	0	0	9
7607	0	9	0	0	0	9
7608	9	0	0	0	0	9
7609	0	9	0	0	0	9
7610	9	0	0	0	0	9
7611	9	0	0	0	0	9
7612	0	0	0	8	0	8
7613	0	0	0	9	0	9
7614	0	0	9	0	0	9
7615	0	0	9	0	0	9
7616	8	0	0	0	0	8
7617	9	0	0	0	0	9
7618	0	0	0	9	0	9
7619	0	0	0	9	0	9
7620	0	0	9	0	0	9
7621	0	0	0	9	0	9
7622	0	0	9	0	0	9
7623	0	0	0	9	0	9
7624	0	0	0	9	0	9
7625	9	0	0	0	0	9
7626	9	0	0	0	0	9
7627	0	0	0	9	0	9
7628	0	0	0	9	0	9
7629	0	0	9	0	0	9
7630	0	0	0	9	0	9
7631	0	0	8	0	0	8
7632	9	0	0	0	0	9
7633	0	0	0	9	0	9
7634	9	0	0	0	0	9
7635	0	9	0	0	0	9
7636	5	0	0	0	0	5
7637	0	0	0	5	0	5
7638	0	0	0	5	0	5
7639	0	5	0	0	0	5
7640	0	0	0	5	0	5
7641	0	0	5	0	0	5
7642	0	0	0	5	0	5
7643	0	0	5	0	0	5
7644	0	5	0	0	0	5
7645	0	0	1	4	0	5
7646	0	0	4	0	0	4
7647	0	0	4	0	0	4
7648	0	0	0	4	0	4
7649	4	0	0	0	0	4
7650	0	0	4	0	0	4
7651	0	0	0	4	0	4
7652	3	0	0	0	0	3
7653	0	4	0	0	0	4
7654	4	0	0	0	0	4
7655	0	0	0	4	0	4
7656	0	0	0	3	0	3
7657	0	0	0	4	0	4
7658	4	0	0	0	0	4
7659	0	0	0	4	0	4
7660	0	0	0	4	0	4
7661	4	0	0	0	0	4
7662	0	0	4	0	0	4
7663	0	0	0	4	0	4
7664	0	0	4	0	0	4
7665	4	0	0	0	0	4
7666	0	0	0	4	0	4
7667	0	0	4	0	0	4
7668	4	0	0	0	0	4
7669	4	0	0	0	0	4
7670	0	0	3	0	0	3
7671	0	0	0	4	0	4
7672	0	0	0	4	0	4
7673	0	0	4	0	0	4
7674	0	4	0	0	0	4
7675	0	0	4	0	0	4
7676	4	0	0	0	0	4
7677	0	0	4	0	0	4
7678	4	0	0	0	0	4
7679	0	0	4	0	0	4
7680	4	0	0	0	0	4
7681	0	4	0	0	0	4
7682	0	0	0	4	0	4
7683	0	0	0	4	0	4
7684	0	0	7	0	0	7
7685	0	0	0	6	0	6
7686	0	7	0	0	0	7
7687	7	0	0	0	0	7
7688	0	7	0	0	0	7
7689	0	0	0	7	0	7
7690	7	0	0	0	0	7
7691	0	7	0	0	0	7
7692	7	0	0	0	0	7
7693	0	0	7	0	0	7
7694	0	0	0	6	0	6
7695	0	0	0	7	0	7
7696	0	0	0	7	0	7
7697	7	0	0	0	0	7
7698	7	0	0	0	0	7
7699	7	0	0	0	0	7
7700	7	0	0	0	0	7
7701	0	0	7	0	0	7
7702	5	0	0	0	0	5
7703	0	5	0	0	0	5
7704	0	5	0	0	0	5
7705	3	0	2	0	0	5
7706	3	0	0	0	0	3
7707	0	0	0	3	0	3
7708	3	0	0	0	0	3
7709	3	0	0	0	0	3
7710	3	0	0	0	0	3
7711	0	0	0	3	0	3
7712	0	3	0	0	0	3
7713	0	3	0	0	0	3
7714	0	0	0	3	0	3
7715	3	0	0	0	0	3
7716	0	3	0	0	0	3
7717	0	0	0	3	0	3
7718	0	0	3	0	0	3
7719	3	0	0	0	0	3
7720	0	3	0	0	0	3
7721	0	3	0	0	0	3
7722	3	0	0	0	0	3
7723	0	0	3	0	0	3
7724	0	0	0	3	0	3
7725	0	3	0	0	0	3
7726	0	0	0	3	0	3
7727	0	0	0	3	0	3
7728	0	2	0	0	0	2
7729	0	0	0	3	0	3
7730	0	0	0	3	0	3
7731	3	0	0	0	0	3
7732	0	3	0	0	0	3
7733	3	0	0	0	0	3
7734	0	0	0	3	0	3
7735	0	3	0	0	0	3
7736	0	0	3	0	0	3
7737	0	0	0	3	0	3
7738	0	0	0	3	0	3
7739	0	0	3	0	0	3
7740	2	0	0	0	0	2
7741	0	0	0	3	0	3
7742	3	0	0	0	0	3
7743	0	0	3	0	0	3
7744	0	0	0	3	0	3
7745	0	0	3	0	0	3
7746	0	0	0	3	0	3
7747	0	0	0	3	0	3
7748	3	0	0	0	0	3
7749	0	3	0	0	0	3
7750	3	0	0	0	0	3
7751	0	0	3	0	0	3
7752	0	0	0	3	0	3
7753	0	0	3	0	0	3
7754	3	0	0	0	0	3
7755	3	0	0	0	0	3
7756	0	0	3	0	0	3
7757	3	0	0	0	0	3
7758	3	0	0	0	0	3
7759	0	0	0	3	0	3
7760	0	0	3	0	0	3
7761	0	0	3	0	0	3
7762	0	0	0	3	0	3
7763	0	0	0	3	0	3
7764	0	3	0	0	0	3
7765	0	3	0	0	0	3
7766	3	0	0	0	0	3
7767	0	0	0	3	0	3
7768	0	3	0	0	0	3
7769	0	3	0	0	0	3
7770	3	0	0	0	0	3
7771	0	0	0	3	0	3
7772	0	3	0	0	0	3
7773	0	0	0	3	0	3
7774	0	0	0	3	0	3
7775	0	0	0	3	0	3
7776	3	0	0	0	0	3
7777	0	3	0	0	0	3
7778	0	0	0	3	0	3
7779	0	0	0	3	0	3
7780	0	0	0	3	0	3
7781	0	0	3	0	0	3
7782	3	0	0	0	0	3
7783	0	0	0	3	0	3
7784	0	0	0	0	0	0
7785	0	0	0	0	0	0
7786	0	0	0	0	0	0
7787	0	0	3	0	0	3
7788	0	4	0	0	0	4
7789	0	0	0	4	0	4
7790	0	0	4	0	0	4
7791	0	0	5	0	0	5
7792	0	0	0	5	0	5
7793	0	4	0	0	0	4
7794	4	0	0	0	0	4
7795	5	0	0	0	0	5
7796	5	0	0	0	0	5
7797	5	0	0	0	0	5
7798	0	0	5	0	0	5
7799	5	0	0	0	0	5
7800	0	5	0	0	0	5
7801	0	0	0	5	0	5
7802	0	0	0	5	0	5
7803	5	0	0	0	0	5
7804	0	0	0	5	0	5
7805	0	0	5	0	0	5
7806	5	0	0	0	0	5
7807	5	0	0	0	0	5
7808	5	0	0	0	0	5
7809	0	0	5	0	0	5
7810	5	0	0	0	0	5
7811	0	5	0	0	0	5
7812	5	0	0	0	0	5
7813	0	0	0	5	0	5
7814	0	0	0	5	0	5
7815	0	5	0	0	0	5
7816	0	0	0	5	0	5
7817	0	5	0	0	0	5
7818	0	0	0	5	0	5
7819	0	5	0	0	0	5
7820	0	0	0	5	0	5
7821	0	5	0	0	0	5
7822	0	0	0	5	0	5
7823	0	5	0	0	0	5
7824	5	0	0	0	0	5
7825	0	0	0	5	0	5
7826	0	0	0	5	0	5
7827	0	0	0	5	0	5
7828	0	0	0	5	0	5
7829	0	0	5	0	0	5
7830	0	0	0	5	0	5
7831	0	0	0	5	0	5
7832	5	0	0	0	0	5
7833	5	0	0	0	0	5
7834	0	5	0	0	0	5
7835	0	0	0	5	0	5
7836	0	0	0	6	0	6
7837	6	0	0	0	0	6
7838	0	0	6	0	0	6
7839	5	0	0	0	0	5
7840	0	6	0	0	0	6
7841	6	0	0	0	0	6
7842	6	0	0	0	0	6
7843	0	5	0	0	0	5
7844	0	6	0	0	0	6
7845	0	0	0	6	0	6
7846	0	0	6	0	0	6
7847	6	0	0	0	0	6
7848	0	0	6	0	0	6
7849	6	0	0	0	0	6
7850	0	0	7	0	0	7
7851	0	7	0	0	0	7
7852	0	0	0	7	0	7
7853	7	0	0	0	0	7
7854	7	0	0	0	0	7
7855	0	0	0	9	0	9
7856	9	0	0	0	0	9
7857	9	0	0	0	0	9
7858	0	9	0	0	0	9
7859	9	0	0	0	0	9
7860	0	11	0	0	0	11
7861	0	0	0	11	0	11
7862	11	0	0	0	0	11
7863	10	0	0	0	0	10
7864	11	0	0	0	0	11
7865	0	0	11	0	0	11
7866	0	0	10	0	0	10
7867	0	0	0	11	0	11
7868	0	0	0	10	0	10
7869	0	13	0	0	0	13
7870	13	0	0	0	0	13
7871	0	0	0	13	0	13
7872	0	0	0	13	0	13
7873	0	0	13	0	0	13
7874	0	12	0	0	0	12
7875	0	13	0	0	0	13
7876	0	0	0	12	0	12
7877	13	0	0	0	0	13
7878	0	0	0	13	0	13
7879	0	0	0	13	0	13
7880	12	0	0	0	0	12
7881	13	0	0	0	0	13
7882	0	0	0	13	0	13
7883	0	0	13	0	0	13
7884	0	0	0	13	0	13
7885	0	0	0	12	0	12
7886	13	0	0	0	0	13
7887	0	0	0	8	0	8
7888	8	0	0	0	0	8
7889	0	0	12	0	0	12
7890	0	0	0	13	0	13
7891	0	0	0	12	0	12
7892	0	0	0	12	0	12
7893	0	0	0	12	0	12
7894	0	0	0	12	0	12
7895	0	0	12	0	0	12
7896	12	0	0	0	0	12
7897	0	0	0	12	0	12
7898	0	0	12	0	0	12
7899	0	0	12	0	0	12
7900	0	0	0	12	0	12
7901	12	0	0	0	0	12
7902	12	0	0	0	0	12
7903	12	0	0	0	0	12
7904	1	0	0	10	0	11
7905	0	12	0	0	0	12
7906	12	0	0	0	0	12
7907	12	0	0	0	0	12
7908	11	0	0	0	0	11
7909	12	0	0	0	0	12
7910	0	0	0	12	0	12
7911	0	0	12	0	0	12
7912	0	0	0	12	0	12
7913	0	0	12	0	0	12
7914	11	0	0	0	0	11
7915	12	0	0	0	0	12
7916	0	0	12	0	0	12
7917	12	0	0	0	0	12
7918	12	0	0	0	0	12
7919	0	0	0	11	0	11
7920	0	11	0	0	0	11
7921	11	0	0	0	0	11
7922	0	0	0	12	0	12
7923	0	12	0	0	0	12
7924	0	0	0	12	0	12
7925	0	0	11	0	0	11
7926	0	11	0	0	0	11
7927	12	0	0	0	0	12
7928	12	0	0	0	0	12
7929	12	0	0	0	0	12
7930	12	0	0	0	0	12
7931	0	0	0	11	0	11
7932	0	11	0	0	0	11
7933	11	0	0	0	0	11
7934	0	0	11	0	0	11
7935	0	11	0	0	0	11
7936	0	0	11	0	0	11
7937	0	0	0	11	0	11
7938	1	11	0	0	0	12
7939	0	0	0	12	0	12
7940	0	0	12	0	0	12
7941	0	0	0	12	0	12
7942	0	0	0	11	0	11
7943	0	0	0	12	0	12
7944	12	0	0	0	0	12
7945	0	12	0	0	0	12
7946	0	0	0	11	0	11
7947	12	0	0	0	0	12
7948	0	12	0	0	0	12
7949	12	0	0	0	0	12
7950	0	0	11	0	0	11
7951	0	0	0	8	0	8
7952	0	11	0	0	0	11
7953	11	0	0	0	0	11
7954	0	0	11	0	0	11
7955	0	7	0	0	0	7
7956	0	0	0	8	0	8
7957	0	0	0	9	0	9
7958	9	0	0	0	0	9
7959	0	0	0	9	0	9
7960	0	0	7	0	0	7
7961	0	0	0	6	0	6
7962	0	0	6	0	0	6
7963	0	0	0	6	0	6
7964	0	6	0	0	0	6
7965	7	0	0	0	0	7
7966	7	0	0	0	0	7
7967	0	7	0	0	0	7
7968	0	7	0	0	0	7
7969	0	0	0	5	0	5
7970	5	0	0	0	0	5
7971	0	0	0	5	0	5
7972	5	0	0	0	0	5
7973	0	5	0	0	0	5
7974	0	0	0	4	0	4
7975	0	0	5	0	0	5
7976	0	0	0	5	0	5
7977	0	0	0	5	0	5
7978	5	0	0	0	0	5
7979	0	5	0	0	0	5
7980	0	0	0	5	0	5
7981	5	0	0	0	0	5
7982	0	0	5	0	0	5
7983	5	0	0	0	0	5
7984	0	0	0	5	0	5
7985	0	5	0	0	0	5
7986	5	0	0	0	0	5
7987	0	0	5	0	0	5
7988	0	5	1	0	0	6
7989	1	1	0	0	0	2
7990	1	0	1	0	0	2
7991	0	0	1	1	0	2
7992	0	1	0	1	0	2
7993	2	0	0	0	0	2
7994	0	0	1	1	0	2
7995	0	0	0	2	0	2
7996	1	0	1	0	0	2
7997	0	0	1	1	0	2
7998	0	0	0	1	0	1
7999	0	0	1	1	0	2
8000	0	0	1	0	0	1
8001	1	1	0	0	0	2
8002	0	0	0	2	0	2
8003	0	0	2	0	0	2
8004	1	0	0	1	0	2
8005	0	0	0	1	0	1
8006	0	0	2	0	0	2
8007	0	0	1	1	0	2
8008	0	0	0	2	0	2
8009	0	0	2	0	0	2
8010	1	0	1	0	0	2
8011	0	0	0	2	0	2
8012	1	0	1	0	0	2
8013	1	0	1	0	0	2
8014	0	0	0	2	0	2
8015	1	0	2	0	0	3
8016	0	1	1	0	0	2
8017	0	0	1	1	0	2
8018	0	0	2	0	0	2
8019	1	1	0	0	0	2
8020	1	0	1	0	0	2
8021	0	0	3	0	0	3
8022	1	0	0	2	0	3
8023	1	0	0	2	0	3
8024	0	0	3	0	0	3
8025	0	2	0	1	0	3
8026	2	0	0	1	0	3
8027	0	0	3	0	0	3
8028	0	1	0	2	0	3
8029	1	0	0	2	0	3
8030	3	0	1	0	0	4
8031	3	0	0	1	0	4
8032	3	0	0	1	0	4
8033	4	0	0	0	0	4
8034	1	0	0	3	0	4
8035	1	0	3	0	0	4
8036	1	0	0	2	0	3
8037	0	0	0	4	0	4
8038	0	0	1	3	0	4
8039	0	0	3	1	0	4
8040	2	0	0	1	0	3
8041	0	0	0	4	0	4
8042	0	0	4	0	0	4
8043	1	3	0	0	0	4
8044	0	0	0	4	0	4
8045	0	0	1	3	0	4
8046	3	1	0	0	0	4
8047	0	3	0	1	0	4
8048	0	0	3	1	0	4
8049	1	0	0	2	0	3
8050	0	1	0	3	0	4
8051	3	0	1	0	0	4
8052	3	0	0	1	0	4
8053	0	0	0	4	0	4
8054	4	0	0	0	0	4
8055	1	3	0	0	0	4
8056	0	0	4	1	0	5
8057	1	0	0	4	0	5
8058	0	1	0	4	0	5
8059	0	0	1	4	0	5
8060	0	0	0	5	0	5
8061	0	3	0	1	0	4
8062	4	0	0	1	0	5
8063	0	0	0	5	0	5
8064	0	5	0	0	0	5
8065	5	0	0	0	0	5
8066	4	0	0	1	0	5
8067	0	6	0	0	0	6
8068	1	0	0	5	0	6
8069	1	0	0	5	0	6
8070	0	1	0	5	0	6
8071	0	0	0	6	0	6
8072	4	0	0	1	0	5
8073	3	0	0	1	0	4
8074	0	5	0	1	0	6
8075	1	0	5	0	0	6
8076	1	0	0	5	0	6
8077	5	1	0	0	0	6
8078	0	5	1	0	0	6
8079	1	4	0	1	0	6
8080	5	0	0	2	0	7
8081	6	1	0	0	0	7
8082	0	1	0	6	0	7
8083	1	0	8	0	0	9
8084	1	0	8	0	0	9
8085	9	0	0	0	0	9
8086	10	0	0	0	0	10
8087	10	0	0	0	0	10
8088	10	0	0	0	0	10
8089	10	0	0	0	0	10
8090	0	10	0	0	0	10
8091	0	0	0	10	0	10
8092	0	10	0	0	0	10
8093	9	0	0	0	0	9
8094	10	0	0	0	0	10
8095	9	0	0	0	0	9
8096	9	0	0	0	0	9
8097	0	11	0	0	0	11
8098	12	0	0	0	0	12
8099	0	11	0	0	0	11
8100	0	0	0	12	0	12
8101	12	0	0	0	0	12
8102	0	0	12	0	0	12
8103	0	0	0	12	0	12
8104	0	0	0	12	0	12
8105	0	0	12	0	0	12
8106	0	11	0	0	0	11
8107	12	0	0	0	0	12
8108	12	0	0	0	0	12
8109	0	12	0	0	0	12
8110	0	0	0	11	0	11
8111	0	0	12	0	0	12
8112	0	12	0	0	0	12
8113	13	0	0	0	0	13
8114	0	0	12	0	0	12
8115	12	0	0	0	0	12
8116	12	0	0	0	0	12
8117	0	0	11	0	0	11
8118	0	10	0	1	0	11
8119	0	0	0	12	0	12
8120	0	0	12	0	0	12
8121	10	0	0	0	0	10
8122	12	0	0	0	0	12
8123	0	11	0	0	0	11
8124	0	0	0	12	0	12
8125	0	0	0	11	0	11
8126	0	0	12	0	0	12
8127	0	12	0	0	0	12
8128	12	0	0	0	0	12
8129	12	0	0	0	0	12
8130	11	0	0	0	0	11
8131	0	0	11	0	0	11
8132	11	0	0	0	0	11
8133	11	0	0	0	0	11
8134	0	0	0	11	0	11
8135	0	0	11	0	0	11
8136	0	0	0	11	0	11
8137	0	0	10	0	0	10
8138	0	0	0	11	0	11
8139	0	10	0	0	0	10
8140	0	11	0	0	0	11
8141	0	0	0	11	0	11
8142	0	0	0	12	0	12
8143	11	0	0	0	0	11
8144	0	0	12	0	0	12
8145	11	0	0	0	0	11
8146	0	11	0	0	0	11
8147	12	0	0	0	0	12
8148	11	0	0	0	0	11
8149	0	0	0	12	0	12
8150	0	0	10	0	0	10
8151	0	0	0	12	0	12
8152	0	9	0	0	0	9
8153	0	0	0	10	0	10
8154	0	0	0	12	0	12
8155	12	0	0	0	0	12
8156	0	0	0	10	0	10
8157	0	11	0	0	0	11
8158	0	0	0	10	0	10
8159	11	0	0	0	0	11
8160	0	10	0	0	0	10
8161	0	0	0	10	0	10
8162	0	0	0	10	0	10
8163	0	0	0	10	0	10
8164	0	0	0	10	0	10
8165	10	0	0	0	0	10
8166	0	0	0	10	0	10
8167	0	0	0	8	0	8
8168	0	0	0	9	0	9
8169	0	9	0	0	0	9
8170	6	0	0	0	0	6
8171	0	0	9	0	0	9
8172	0	8	0	0	0	8
8173	9	0	0	0	0	9
8174	0	0	10	0	0	10
8175	0	10	0	0	0	10
8176	0	0	0	10	0	10
8177	0	9	0	0	0	9
8178	0	0	9	0	0	9
8179	0	0	8	0	0	8
8180	0	8	0	0	0	8
8181	9	0	0	0	0	9
8182	9	0	0	0	0	9
8183	0	0	8	0	0	8
8184	0	0	6	0	0	6
8185	0	0	6	0	0	6
8186	0	0	0	6	0	6
8187	0	0	0	6	0	6
8188	0	0	0	6	0	6
8189	0	0	6	0	0	6
8190	0	0	0	6	0	6
8191	0	0	0	6	0	6
8192	0	0	6	0	0	6
8193	8	0	0	0	0	8
8194	0	0	0	8	0	8
8195	0	0	0	7	0	7
8196	0	8	0	0	0	8
8197	7	0	0	0	0	7
8198	0	0	7	0	0	7
8199	7	0	0	0	0	7
8200	0	0	0	7	0	7
8201	0	0	7	0	0	7
8202	0	0	0	7	0	7
8203	7	0	0	0	0	7
8204	0	0	9	0	0	9
8205	8	0	0	0	0	8
8206	8	0	0	0	0	8
8207	9	0	0	0	0	9
8208	0	8	0	0	0	8
8209	0	0	0	9	0	9
8210	10	0	0	0	0	10
8211	13	0	0	0	0	13
8212	15	0	0	0	0	15
8213	0	0	15	0	0	15
8214	16	0	0	0	0	16
8215	0	0	0	17	0	17
8216	0	0	17	0	0	17
8217	0	0	0	19	0	19
8218	0	0	0	20	0	20
8219	0	0	19	0	0	19
8220	0	0	0	20	0	20
8221	0	0	0	20	0	20
8222	0	0	22	0	0	22
8223	23	0	0	0	0	23
8224	23	0	0	0	0	23
8225	0	0	0	24	0	24
8226	0	0	26	0	0	26
8227	0	0	0	26	0	26
8228	0	26	0	0	0	26
8229	0	0	0	24	0	24
8230	0	0	0	26	0	26
8231	26	0	0	0	0	26
8232	26	0	0	0	0	26
8233	25	0	0	0	0	25
8234	0	0	0	28	0	28
8235	0	0	0	28	0	28
8236	0	0	28	0	0	28
8237	0	0	0	27	0	27
8238	0	27	0	0	0	27
8239	27	0	0	0	0	27
8240	0	27	0	0	0	27
8241	27	0	0	0	0	27
8242	0	0	0	26	0	26
8243	0	27	0	0	0	27
8244	27	0	0	0	0	27
8245	27	0	0	0	0	27
8246	0	0	0	27	0	27
8247	0	27	0	0	0	27
8248	0	0	0	26	0	26
8249	0	0	27	0	0	27
8250	27	0	0	0	0	27
8251	0	27	0	1	0	28
8252	27	0	1	0	0	28
8253	0	0	0	28	0	28
8254	27	0	0	0	0	27
8255	0	0	27	1	0	28
8256	27	0	0	1	0	28
8257	28	0	0	0	0	28
8258	1	0	27	0	0	28
8259	1	0	0	27	0	28
8260	0	0	0	28	0	28
8261	27	0	0	1	0	28
8262	0	27	1	0	0	28
8263	0	0	0	28	0	28
8264	0	0	27	0	0	27
8265	1	0	26	0	0	27
8266	0	27	0	0	0	27
8267	1	0	26	0	0	27
8268	27	0	1	0	0	28
8269	0	0	0	27	0	27
8270	28	0	0	0	0	28
8271	1	0	26	0	0	27
8272	0	0	0	28	0	28
8273	0	1	0	27	0	28
8274	0	0	26	1	0	27
8275	0	0	1	26	0	27
8276	27	0	0	0	0	27
8277	26	0	0	0	0	26
8278	1	0	0	26	0	27
8279	26	0	0	1	0	27
8280	26	0	0	0	0	26
8281	0	25	1	0	0	26
8282	1	0	0	24	0	25
8283	25	0	0	0	0	25
8284	0	0	1	24	0	25
8285	24	0	0	1	0	25
8286	0	0	0	25	0	25
8287	0	0	24	0	0	24
8288	1	23	0	0	0	24
8289	0	0	0	23	0	23
8290	0	24	1	0	0	25
8291	24	0	1	0	0	25
8292	0	21	0	0	0	21
8293	0	18	1	0	0	19
8294	1	0	0	18	0	19
8295	16	0	0	1	0	17
8296	1	0	0	17	0	18
8297	18	0	0	0	0	18
8298	18	0	0	1	0	19
8299	0	18	0	0	0	18
8300	18	0	1	0	0	19
8301	18	0	0	1	0	19
8302	18	0	0	0	0	18
8303	1	0	18	0	0	19
8304	0	0	0	17	0	17
8305	1	0	0	16	0	17
8306	1	0	16	0	0	17
8307	15	0	0	0	0	15
8308	16	0	0	1	0	17
8309	16	0	0	0	0	16
8310	14	0	0	1	0	15
8311	1	15	0	0	0	16
8312	13	0	0	1	0	14
8313	0	0	1	13	0	14
8314	0	0	10	0	0	10
8315	12	0	0	0	0	12
8316	0	12	0	0	0	12
8317	9	0	0	0	0	9
8318	0	8	0	0	0	8
8319	0	8	0	0	0	8
8320	0	7	0	1	0	8
8321	1	8	0	0	0	9
8322	0	0	5	2	0	7
8323	0	0	0	3	0	3
8324	0	0	3	0	0	3
8325	2	0	0	0	0	2
8326	0	2	0	0	0	2
8327	0	2	0	0	0	2
8328	0	0	0	2	0	2
8329	0	0	0	2	0	2
8330	0	0	2	0	0	2
8331	0	0	2	0	0	2
8332	0	0	0	2	0	2
8333	0	0	2	0	0	2
8334	0	0	0	0	0	0
8335	0	0	0	0	0	0
8336	0	0	0	0	0	0
8337	0	0	0	0	0	0
8338	0	0	0	0	0	0
8339	0	0	0	0	0	0
8340	0	0	0	0	0	0
8341	0	0	0	0	0	0
8342	0	0	0	0	0	0
8343	0	0	0	0	0	0
8344	0	0	0	0	0	0
8345	0	0	0	0	0	0
8346	0	0	0	0	0	0
8347	0	0	0	0	0	0
8348	0	0	0	0	0	0
8349	0	0	0	0	0	0
8350	0	0	0	0	0	0
8351	0	0	2	0	0	2
8352	0	2	0	0	0	2
8353	0	0	2	0	0	2
8354	0	2	0	0	0	2
8355	0	0	2	0	0	2
8356	0	0	0	2	0	2
8357	0	2	0	0	0	2
8358	2	0	0	0	0	2
8359	0	0	0	2	0	2
8360	2	0	0	0	0	2
8361	0	0	0	2	0	2
8362	0	0	0	2	0	2
8363	2	0	0	0	0	2
8364	2	0	0	0	0	2
8365	0	0	0	2	0	2
8366	0	0	2	0	0	2
8367	0	2	0	0	0	2
8368	0	0	2	0	0	2
8369	0	2	0	0	0	2
8370	2	0	0	0	0	2
8371	0	0	2	0	0	2
8372	0	0	2	0	0	2
8373	0	0	0	2	0	2
8374	2	0	0	0	0	2
8375	0	0	4	0	0	4
8376	0	4	0	0	0	4
8377	4	0	0	0	0	4
8378	4	0	0	0	0	4
8379	4	0	0	0	0	4
8380	4	0	0	0	0	4
8381	4	0	0	0	0	4
8382	0	0	4	0	0	4
8383	0	0	0	6	0	6
8384	0	6	0	0	0	6
8385	6	0	0	0	0	6
8386	0	6	0	0	0	6
8387	6	0	0	0	0	6
8388	6	0	0	0	0	6
8389	0	6	0	0	0	6
8390	6	0	0	0	0	6
8391	0	0	0	6	0	6
8392	0	0	0	6	0	6
8393	0	0	6	0	0	6
8394	0	5	0	0	0	5
8395	0	0	0	6	0	6
8396	0	0	0	6	0	6
8397	0	0	0	6	0	6
8398	0	0	6	0	0	6
8399	6	0	0	0	0	6
8400	0	0	0	6	0	6
8401	8	0	0	0	0	8
8402	0	0	0	8	0	8
8403	0	0	8	0	0	8
8404	0	0	9	0	0	9
8405	9	0	0	0	0	9
8406	9	0	0	0	0	9
8407	0	9	0	0	0	9
8408	0	0	9	0	0	9
8409	0	0	0	9	0	9
8410	0	0	0	7	0	7
8411	9	0	0	0	0	9
8412	9	0	0	0	0	9
8413	9	0	0	0	0	9
8414	0	0	9	0	0	9
8415	9	0	0	0	0	9
8416	0	0	0	9	0	9
8417	0	0	0	9	0	9
8418	0	0	0	9	0	9
8419	0	9	0	0	0	9
8420	9	0	0	0	0	9
8421	0	0	0	9	0	9
8422	0	0	9	0	0	9
8423	0	0	0	9	0	9
8424	0	9	0	0	0	9
8425	9	0	0	0	0	9
8426	0	0	0	9	0	9
8427	0	0	0	9	0	9
8428	0	0	9	0	0	9
8429	0	0	0	9	0	9
8430	0	9	0	0	0	9
8431	0	0	0	9	0	9
8432	0	0	9	0	0	9
8433	11	0	0	0	0	11
8434	13	0	0	0	0	13
8435	0	13	0	0	0	13
8436	13	0	0	0	0	13
8437	14	0	0	0	0	14
8438	0	15	0	0	0	15
8439	0	0	0	15	0	15
8440	15	0	0	0	0	15
8441	0	15	0	0	0	15
8442	0	0	15	0	0	15
8443	15	0	0	1	0	16
8444	15	0	0	0	0	15
8445	15	0	1	0	0	16
8446	16	0	0	0	0	16
8447	1	15	0	0	0	16
8448	15	0	0	0	0	15
8449	16	0	1	0	0	17
8450	16	0	0	1	0	17
8451	0	0	0	15	0	15
8452	15	0	0	0	0	15
8453	1	17	0	0	0	18
8454	0	0	17	0	0	17
8455	0	0	1	17	0	18
8456	18	0	0	0	0	18
8457	0	0	17	1	0	18
8458	0	0	0	18	0	18
8459	0	0	17	1	0	18
8460	0	18	0	0	0	18
8461	1	0	0	17	0	18
8462	0	0	17	1	0	18
8463	0	17	1	0	0	18
8464	0	0	0	18	0	18
8465	17	0	0	0	0	17
8466	17	0	0	0	0	17
8467	17	0	0	1	0	18
8468	17	1	0	1	0	19
8469	17	0	2	0	0	19
8470	0	0	16	2	0	18
8471	18	1	0	0	0	19
8472	17	0	1	1	0	19
8473	0	0	1	18	0	19
8474	18	0	1	0	0	19
8475	15	1	0	0	0	16
8476	0	16	0	1	0	17
8477	1	0	1	15	0	17
8478	1	1	0	15	0	17
8479	15	1	0	1	0	17
8480	1	15	0	1	0	17
8481	1	15	0	0	0	16
8482	1	1	0	15	0	17
8483	1	0	0	13	0	14
8484	2	0	0	13	0	15
8485	1	0	1	13	0	15
8486	15	0	0	0	0	15
8487	14	0	0	0	0	14
8488	0	1	13	1	0	15
8489	2	0	0	13	0	15
8490	2	0	0	13	0	15
8491	1	1	13	0	0	15
8492	12	0	0	2	0	14
8493	1	13	0	1	0	15
8494	14	0	0	0	0	14
8495	0	1	1	13	0	15
8496	0	1	13	1	0	15
8497	0	0	0	14	0	14
8498	0	0	14	1	0	15
8499	0	13	0	2	0	15
8500	10	0	3	1	0	14
8501	12	0	0	0	0	12
8502	1	14	0	0	0	15
8503	0	0	1	14	0	15
8504	13	0	0	1	0	14
8505	0	13	0	1	0	14
8506	0	0	1	16	0	17
8507	17	0	0	0	0	17
8508	0	1	16	0	0	17
8509	16	0	0	0	0	16
8510	0	16	0	1	0	17
8511	16	0	1	0	0	17
8512	16	0	0	1	0	17
8513	0	0	17	0	0	17
8514	0	1	0	15	0	16
8515	1	0	0	16	0	17
8516	0	0	16	0	0	16
8517	0	0	0	15	0	15
8518	0	0	0	16	0	16
8519	17	0	0	0	0	17
8520	16	1	0	0	0	17
8521	0	0	0	17	0	17
8522	1	0	16	0	0	17
8523	0	0	1	16	0	17
8524	0	0	0	16	0	16
8525	0	1	16	0	0	17
8526	1	0	0	16	0	17
8527	17	0	0	0	0	17
8528	15	0	1	0	0	16
8529	0	16	0	1	0	17
8530	16	0	0	0	0	16
8531	16	0	1	0	0	17
8532	0	17	0	1	0	18
8533	15	0	0	1	0	16
8534	14	0	0	0	0	14
8535	14	0	0	0	0	14
8536	0	0	13	1	0	14
8537	11	0	1	0	0	12
8538	0	0	0	12	0	12
8539	10	0	0	1	0	11
8540	0	0	12	0	0	12
8541	0	11	0	1	0	12
8542	12	0	0	0	0	12
8543	1	13	0	0	0	14
8544	0	0	0	13	0	13
8545	1	0	0	13	0	14
8546	14	0	0	0	0	14
8547	13	1	0	0	0	14
8548	1	0	13	0	0	14
8549	1	0	11	0	0	12
8550	1	0	11	0	0	12
8551	0	0	1	12	0	13
8552	1	0	12	0	0	13
8553	0	0	9	0	0	9
8554	0	0	0	9	0	9
8555	11	0	0	0	0	11
8556	11	0	0	0	0	11
8557	11	0	0	0	0	11
8558	11	0	0	0	0	11
8559	0	0	0	11	0	11
8560	0	0	0	10	0	10
8561	0	0	11	0	0	11
8562	0	0	0	10	0	10
8563	0	0	0	10	0	10
8564	11	0	0	0	0	11
8565	14	0	0	0	0	14
8566	0	0	0	14	0	14
8567	14	0	0	0	0	14
8568	13	0	0	0	0	13
8569	0	0	0	14	0	14
8570	0	0	0	14	0	14
8571	0	0	12	0	0	12
8572	0	0	14	0	0	14
8573	0	0	0	14	0	14
8574	0	0	0	14	0	14
8575	0	0	14	0	0	14
8576	13	0	0	0	0	13
8577	12	0	0	0	0	12
8578	0	0	13	0	0	13
8579	0	13	0	0	0	13
8580	13	0	0	0	0	13
8581	0	0	11	0	0	11
8582	0	0	0	13	0	13
8583	0	0	0	13	0	13
8584	12	0	0	0	0	12
8585	13	0	0	0	0	13
8586	0	0	0	16	0	16
8587	0	0	0	16	0	16
8588	16	0	0	0	0	16
8589	15	0	0	0	0	15
8590	16	0	0	0	0	16
8591	0	0	15	0	0	15
8592	0	0	0	16	0	16
8593	0	0	0	16	0	16
8594	16	0	0	0	0	16
8595	0	16	0	0	0	16
8596	16	0	0	0	0	16
8597	0	14	0	0	0	14
8598	0	0	0	16	0	16
8599	0	0	0	16	0	16
8600	0	0	16	0	0	16
8601	0	0	0	16	0	16
8602	0	0	13	0	0	13
8603	0	0	0	14	0	14
8604	0	0	0	13	0	13
8605	0	13	0	0	0	13
8606	0	11	0	0	0	11
8607	0	0	0	10	0	10
8608	0	0	0	11	0	11
8609	0	0	0	11	0	11
8610	0	0	0	11	0	11
8611	0	0	0	11	0	11
8612	0	0	11	0	0	11
8613	0	0	0	9	0	9
8614	0	0	0	11	0	11
8615	0	0	11	0	0	11
8616	0	11	0	0	0	11
8617	0	0	0	11	0	11
8618	0	0	10	0	0	10
8619	0	11	0	0	0	11
8620	0	0	0	9	0	9
8621	11	0	0	0	0	11
8622	0	0	0	11	0	11
8623	0	0	0	11	0	11
8624	0	0	0	11	0	11
8625	0	0	0	11	0	11
8626	0	11	0	0	0	11
8627	0	0	0	13	0	13
8628	14	0	0	0	0	14
8629	0	0	0	14	0	14
8630	0	0	0	14	0	14
8631	0	0	0	14	0	14
8632	13	0	0	0	0	13
8633	13	0	0	0	0	13
8634	0	0	0	13	0	13
8635	12	0	0	0	0	12
8636	13	0	0	0	0	13
8637	0	13	0	0	0	13
8638	14	0	0	0	0	14
8639	0	14	0	0	0	14
8640	0	12	0	0	0	12
8641	0	0	0	13	0	13
8642	0	0	13	0	0	13
8643	0	0	0	11	0	11
8644	0	0	0	11	0	11
8645	0	11	0	0	0	11
8646	11	0	0	0	0	11
8647	0	0	0	11	0	11
8648	0	0	14	0	0	14
8649	0	0	0	14	0	14
8650	0	15	0	0	0	15
8651	16	0	0	0	0	16
8652	0	0	0	16	0	16
8653	0	0	16	0	0	16
8654	0	0	0	15	0	15
8655	0	15	0	0	0	15
8656	0	0	0	16	0	16
8657	16	0	0	0	0	16
8658	15	0	0	0	0	15
8659	15	0	0	0	0	15
8660	0	16	0	0	0	16
8661	16	0	0	0	0	16
8662	0	0	0	16	0	16
8663	15	0	0	0	0	15
8664	0	17	0	0	0	17
8665	0	0	0	14	0	14
8666	0	0	16	0	0	16
8667	14	0	0	0	0	14
8668	0	16	0	0	0	16
8669	0	0	0	16	0	16
8670	0	0	0	16	0	16
8671	0	0	0	16	0	16
8672	0	0	0	17	0	17
8673	0	17	0	0	0	17
8674	17	0	0	0	0	17
8675	16	0	0	0	0	16
8676	0	0	19	0	0	19
8677	0	0	0	18	0	18
8678	0	0	19	0	0	19
8679	19	0	0	0	0	19
8680	19	0	0	0	0	19
8681	19	0	0	0	0	19
8682	0	0	0	19	0	19
8683	0	19	0	0	0	19
8684	19	0	0	0	0	19
8685	0	0	0	19	0	19
8686	16	0	0	0	0	16
8687	0	0	16	0	0	16
8688	0	0	17	0	0	17
8689	16	0	0	0	0	16
8690	0	0	0	17	0	17
8691	17	0	0	0	0	17
8692	0	17	0	0	0	17
8693	16	0	0	0	0	16
8694	17	0	0	0	0	17
8695	0	0	17	0	0	17
8696	0	0	17	0	0	17
8697	0	17	0	0	0	17
8698	0	0	0	19	0	19
8699	19	0	0	0	0	19
8700	0	0	0	19	0	19
8701	0	0	0	19	0	19
8702	0	0	18	0	0	18
8703	19	0	0	0	0	19
8704	0	0	0	19	0	19
8705	0	0	19	0	0	19
8706	0	0	17	0	0	17
8707	0	0	0	19	0	19
8708	0	0	19	0	0	19
8709	0	0	19	0	0	19
8710	0	0	0	19	0	19
8711	0	0	19	0	0	19
8712	0	0	0	19	0	19
8713	0	19	0	0	0	19
8714	21	0	0	0	0	21
8715	0	21	0	0	0	21
8716	0	0	0	20	0	20
8717	0	21	0	0	0	21
8718	0	0	21	0	0	21
8719	0	0	0	27	0	27
8720	0	0	33	0	0	33
8721	36	0	0	0	0	36
8722	0	36	0	0	0	36
8723	37	0	0	0	0	37
8724	0	0	0	37	0	37
8725	36	0	0	0	0	36
8726	0	0	37	0	0	37
8727	0	33	0	0	0	33
8728	34	0	0	0	0	34
8729	0	0	0	29	0	29
8730	0	33	1	0	0	34
8731	0	0	0	33	0	33
8732	33	0	0	0	0	33
8733	0	39	0	0	0	39
8734	39	0	0	0	0	39
8735	0	0	38	0	0	38
8736	37	0	0	0	0	37
8737	0	0	0	39	0	39
8738	38	0	0	0	0	38
8739	0	37	0	0	0	37
8740	0	0	0	38	0	38
8741	0	0	0	38	0	38
8742	0	0	36	0	0	36
8743	1	0	0	35	0	36
8744	0	0	0	38	0	38
8745	0	0	0	38	0	38
8746	0	0	0	38	0	38
8747	0	0	39	0	0	39
8748	0	35	0	0	0	35
8749	0	0	0	36	0	36
8750	33	0	0	0	0	33
8751	34	0	0	0	0	34
8752	0	34	0	0	0	34
8753	34	0	0	0	0	34
8754	33	0	0	0	0	33
8755	34	0	0	0	0	34
8756	0	34	0	0	0	34
8757	34	0	0	0	0	34
8758	0	0	0	33	0	33
8759	0	0	32	0	0	32
8760	0	34	0	0	0	34
8761	0	0	0	32	0	32
8762	0	0	34	0	0	34
8763	34	0	0	0	0	34
8764	0	0	0	32	0	32
8765	0	0	0	33	0	33
8766	0	0	0	31	0	31
8767	0	0	0	31	0	31
8768	0	0	31	0	0	31
8769	29	0	0	0	0	29
8770	0	31	0	0	0	31
8771	28	0	0	0	0	28
8772	0	30	0	0	0	30
8773	30	0	0	0	0	30
8774	0	0	0	30	0	30
8775	0	0	30	0	0	30
8776	0	0	28	0	0	28
8777	0	0	0	28	0	28
8778	0	0	0	28	0	28
8779	0	0	0	28	0	28
8780	28	0	0	0	0	28
8781	0	0	27	0	0	27
8782	0	27	0	0	0	27
8783	0	28	0	0	0	28
8784	27	0	0	0	0	27
8785	0	0	28	0	0	28
8786	0	27	0	0	0	27
8787	0	0	26	0	0	26
8788	0	0	0	27	0	27
8789	0	0	27	0	0	27
8790	0	0	27	0	0	27
8791	0	0	0	27	0	27
8792	0	0	27	0	0	27
8793	0	0	26	0	0	26
8794	0	0	0	27	0	27
8795	27	0	0	0	0	27
8796	0	0	26	0	0	26
8797	0	0	0	26	0	26
8798	0	0	0	25	0	25
8799	24	0	0	0	0	24
8800	0	0	0	25	0	25
8801	25	0	0	0	0	25
8802	0	25	0	0	0	25
8803	0	0	0	24	0	24
8804	25	0	0	0	0	25
8805	25	0	0	0	0	25
8806	0	0	0	25	0	25
8807	0	0	25	0	0	25
8808	24	0	0	0	0	24
8809	0	25	0	0	0	25
8810	22	0	0	0	0	22
8811	24	0	0	0	0	24
8812	25	0	0	0	0	25
8813	0	0	24	0	0	24
8814	0	23	0	0	0	23
8815	0	0	0	22	0	22
8816	0	0	0	23	0	23
8817	0	0	22	0	0	22
8818	0	23	0	0	0	23
8819	0	16	0	0	0	16
8820	0	10	0	0	0	10
8821	7	0	1	0	0	8
8822	0	0	0	7	0	7
8823	0	0	0	7	0	7
8824	0	0	7	0	0	7
8825	7	0	0	0	0	7
8826	0	0	0	7	0	7
8827	0	0	0	7	0	7
8828	0	0	7	0	0	7
8829	0	7	0	0	0	7
8830	0	0	0	7	0	7
8831	0	0	7	0	0	7
8832	0	7	0	0	0	7
8833	2	0	0	0	0	2
8834	0	0	2	0	0	2
8835	0	0	0	2	0	2
8836	0	2	0	0	0	2
8837	2	0	0	0	0	2
8838	0	0	0	2	0	2
8839	2	0	0	0	0	2
8840	2	0	0	0	0	2
8841	0	2	0	0	0	2
8842	3	0	0	0	0	3
8843	3	0	0	0	0	3
8844	0	0	4	0	0	4
8845	4	0	0	0	0	4
8846	0	0	4	0	0	4
8847	3	0	0	0	0	3
8848	3	0	0	0	0	3
8849	0	0	5	0	0	5
8850	0	0	0	5	0	5
8851	0	0	5	0	0	5
8852	0	0	5	0	0	5
8853	0	0	5	0	0	5
8854	0	1	0	4	0	5
8855	0	0	0	6	0	6
8856	0	0	0	6	0	6
8857	0	0	0	6	0	6
8858	0	0	8	0	0	8
8859	0	0	0	7	0	7
8860	0	8	0	0	0	8
8861	0	0	8	0	0	8
8862	0	0	0	8	0	8
8863	0	0	8	0	0	8
8864	0	8	0	0	0	8
8865	0	8	0	0	0	8
8866	0	0	0	8	0	8
8867	0	0	8	0	0	8
8868	0	0	7	0	0	7
8869	0	0	0	8	0	8
8870	0	0	0	8	0	8
8871	0	0	0	8	0	8
8872	0	0	10	0	0	10
8873	0	10	0	0	0	10
8874	0	10	0	0	0	10
8875	0	0	0	10	0	10
8876	0	0	10	0	0	10
8877	0	0	10	0	0	10
8878	0	10	0	0	0	10
8879	10	0	0	0	0	10
8880	0	10	0	0	0	10
8881	0	0	10	0	0	10
8882	10	0	0	0	0	10
8883	0	0	0	10	0	10
8884	10	0	0	0	0	10
8885	0	0	0	10	0	10
8886	0	0	0	10	0	10
8887	10	0	0	0	0	10
8888	0	10	0	0	0	10
8889	0	0	10	0	0	10
8890	0	10	0	0	0	10
8891	10	0	0	0	0	10
8892	0	10	0	0	0	10
8893	10	0	0	0	0	10
8894	10	0	0	0	0	10
8895	0	11	0	0	0	11
8896	0	0	0	11	0	11
8897	11	0	0	0	0	11
8898	10	0	0	0	0	10
8899	0	0	0	11	0	11
8900	0	0	10	0	0	10
8901	0	0	11	0	0	11
8902	0	0	0	11	0	11
8903	0	0	11	0	0	11
8904	11	0	0	0	0	11
8905	0	11	0	0	0	11
8906	0	0	0	11	0	11
8907	0	0	0	11	0	11
8908	0	0	0	11	0	11
8909	0	0	0	11	0	11
8910	0	0	0	11	0	11
8911	0	0	11	0	0	11
8912	0	11	0	0	0	11
8913	11	0	0	0	0	11
8914	0	0	0	13	0	13
8915	0	0	0	13	0	13
8916	0	0	0	13	0	13
8917	0	12	0	0	0	12
8918	0	0	0	13	0	13
8919	0	0	0	13	0	13
8920	13	0	0	0	0	13
8921	0	13	0	0	0	13
8922	0	13	0	0	0	13
8923	0	0	0	14	0	14
8924	14	0	0	0	0	14
8925	0	0	13	0	0	13
8926	14	0	0	0	0	14
8927	0	0	14	0	0	14
8928	0	0	0	14	0	14
8929	0	0	0	14	0	14
8930	0	0	0	14	0	14
8931	0	0	0	14	0	14
8932	0	0	0	14	0	14
8933	14	0	0	0	0	14
8934	0	0	14	0	0	14
8935	0	0	0	14	0	14
8936	0	0	14	0	0	14
8937	0	14	0	0	0	14
8938	14	0	0	0	0	14
8939	0	0	16	0	0	16
8940	0	0	0	16	0	16
8941	0	0	0	16	0	16
8942	0	0	15	0	0	15
8943	0	0	14	0	0	14
8944	0	0	0	14	0	14
8945	14	0	0	0	0	14
8946	14	0	0	0	0	14
8947	0	14	0	0	0	14
8948	14	0	0	0	0	14
8949	0	0	0	12	0	12
8950	0	14	0	0	0	14
8951	0	0	0	14	0	14
8952	0	0	14	0	0	14
8953	0	0	0	14	0	14
8954	0	0	0	14	0	14
8955	12	0	0	0	0	12
8956	0	12	0	0	0	12
8957	12	0	0	0	0	12
8958	0	10	0	0	0	10
8959	9	0	0	0	0	9
8960	0	10	0	0	0	10
8961	0	10	0	0	0	10
8962	10	0	0	0	0	10
8963	0	0	0	9	0	9
8964	0	10	0	0	0	10
8965	10	0	0	0	0	10
8966	10	0	0	0	0	10
8967	11	0	0	0	0	11
8968	11	0	0	0	0	11
8969	0	11	0	0	0	11
8970	0	0	0	11	0	11
8971	0	0	0	11	0	11
8972	10	0	0	0	0	10
8973	0	0	0	10	0	10
8974	10	0	0	0	0	10
8975	0	0	10	0	0	10
8976	10	0	0	0	0	10
8977	0	0	10	0	0	10
8978	0	0	0	10	0	10
8979	10	0	0	0	0	10
8980	0	10	0	0	0	10
8981	10	0	0	0	0	10
8982	0	10	0	0	0	10
8983	0	0	0	12	0	12
8984	0	0	12	0	0	12
8985	11	0	0	0	0	11
8986	0	12	0	0	0	12
8987	0	0	0	12	0	12
8988	0	0	0	12	0	12
8989	0	0	0	12	0	12
8990	0	0	12	0	0	12
8991	0	12	0	0	0	12
8992	11	0	0	0	0	11
8993	12	0	0	0	0	12
8994	0	12	0	0	0	12
8995	12	0	0	0	0	12
8996	0	0	0	11	0	11
8997	0	12	0	0	0	12
8998	12	0	0	0	0	12
8999	0	0	12	0	0	12
9000	0	12	0	0	0	12
9001	0	0	0	12	0	12
9002	0	0	0	12	0	12
9003	0	0	13	0	0	13
9004	0	0	0	13	0	13
9005	0	0	13	0	0	13
9006	0	0	0	12	0	12
9007	0	0	0	13	0	13
9008	0	0	0	13	0	13
9009	0	0	0	13	0	13
9010	0	0	13	0	0	13
9011	0	0	13	0	0	13
9012	0	15	0	0	0	15
9013	0	0	0	16	0	16
9014	0	0	17	0	0	17
9015	0	17	0	0	0	17
9016	0	0	0	17	0	17
9017	0	0	17	0	0	17
9018	17	0	0	0	0	17
9019	18	0	0	0	0	18
9020	0	0	0	19	0	19
9021	0	0	19	0	0	19
9022	0	0	0	19	0	19
9023	18	0	0	0	0	18
9024	0	18	0	0	0	18
9025	18	0	0	0	0	18
9026	18	0	0	0	0	18
9027	0	0	0	20	0	20
9028	0	0	0	21	0	21
9029	0	0	0	21	0	21
9030	0	0	0	21	0	21
9031	0	0	0	20	0	20
9032	21	0	0	0	0	21
9033	21	0	0	0	0	21
9034	21	0	0	0	0	21
9035	0	0	20	0	0	20
9036	20	0	0	0	0	20
9037	0	0	0	21	0	21
9038	0	0	21	0	0	21
9039	0	19	0	0	0	19
9040	0	0	0	19	0	19
9041	0	0	0	19	0	19
9042	0	19	0	0	0	19
9043	0	0	0	20	0	20
9044	0	0	19	0	0	19
9045	0	0	20	0	0	20
9046	0	0	0	20	0	20
9047	20	0	0	0	0	20
9048	20	0	0	0	0	20
9049	0	0	20	0	0	20
9050	0	18	0	0	0	18
9051	0	18	0	0	0	18
9052	18	0	0	0	0	18
9053	0	0	18	0	0	18
9054	0	0	0	18	0	18
9055	18	0	0	0	0	18
9056	0	17	0	0	0	17
9057	0	17	0	0	0	17
9058	18	0	0	0	0	18
9059	0	0	0	18	0	18
9060	17	0	0	0	0	17
9061	0	0	0	19	0	19
9062	0	0	0	19	0	19
9063	0	0	19	0	0	19
9064	0	0	0	19	0	19
9065	0	0	0	19	0	19
9066	19	0	0	0	0	19
9067	0	0	0	18	0	18
9068	0	0	17	0	0	17
9069	18	0	0	0	0	18
9070	0	0	0	18	0	18
9071	18	0	0	0	0	18
9072	0	16	0	0	0	16
9073	0	17	0	0	0	17
9074	17	0	0	0	0	17
9075	17	0	0	0	0	17
9076	0	0	0	17	0	17
9077	0	0	17	0	0	17
9078	0	0	0	17	0	17
9079	17	0	0	0	0	17
9080	0	17	0	0	0	17
9081	0	0	0	16	0	16
9082	16	0	0	0	0	16
9083	0	0	15	0	0	15
9084	15	0	0	0	0	15
9085	14	0	0	0	0	14
9086	0	0	15	0	0	15
9087	0	0	15	0	0	15
9088	0	0	0	15	0	15
9089	0	0	0	13	0	13
9090	0	16	0	0	0	16
9091	0	0	0	16	0	16
9092	0	0	21	0	0	21
9093	0	0	0	20	0	20
9094	0	0	0	21	0	21
9095	0	0	20	0	0	20
9096	0	20	0	0	0	20
9097	0	0	0	20	0	20
9098	0	0	0	20	0	20
9099	21	0	0	0	0	21
9100	0	0	0	21	0	21
9101	0	0	21	0	0	21
9102	21	0	0	0	0	21
9103	20	0	0	0	0	20
9104	20	0	0	0	0	20
9105	0	0	20	0	0	20
9106	0	0	0	20	0	20
9107	0	0	0	20	0	20
9108	0	0	0	20	0	20
9109	20	0	0	0	0	20
9110	0	20	0	0	0	20
9111	0	0	22	0	0	22
9112	0	20	0	0	0	20
9113	0	19	0	0	0	19
9114	0	17	0	0	0	17
9115	0	0	0	17	0	17
9116	0	0	19	0	0	19
9117	19	0	0	0	0	19
9118	0	20	0	0	0	20
9119	18	0	0	0	0	18
9120	0	18	0	0	0	18
9121	18	0	0	0	0	18
9122	0	18	0	0	0	18
9123	0	0	17	0	0	17
9124	0	0	0	17	0	17
9125	0	0	0	18	0	18
9126	18	0	0	0	0	18
9127	0	0	0	15	0	15
9128	0	0	15	0	0	15
9129	0	0	0	15	0	15
9130	0	0	15	0	0	15
9131	0	14	0	0	0	14
9132	0	0	0	14	0	14
9133	0	15	0	0	0	15
9134	14	0	0	0	0	14
9135	0	0	0	15	0	15
9136	0	0	15	0	0	15
9137	0	0	14	0	0	14
9138	15	0	0	0	0	15
9139	0	0	0	15	0	15
9140	0	0	15	0	0	15
9141	0	0	14	0	0	14
9142	0	15	0	0	0	15
9143	0	0	0	14	0	14
9144	0	13	0	0	0	13
9145	0	0	0	14	0	14
9146	14	0	0	0	0	14
9147	0	0	0	14	0	14
9148	0	0	0	15	0	15
9149	15	0	0	0	0	15
9150	0	0	0	18	0	18
9151	0	0	0	17	0	17
9152	0	18	0	0	0	18
9153	18	0	0	0	0	18
9154	18	0	0	0	0	18
9155	0	0	0	18	0	18
9156	0	0	0	18	0	18
9157	0	0	0	18	0	18
9158	0	17	0	0	0	17
9159	0	18	0	0	0	18
9160	0	0	0	17	0	17
9161	17	0	0	0	0	17
9162	16	0	0	0	0	16
9163	0	17	0	0	0	17
9164	17	0	0	0	0	17
9165	0	16	0	0	0	16
9166	0	17	0	0	0	17
9167	0	0	0	17	0	17
9168	17	0	0	0	0	17
9169	0	17	0	0	0	17
9170	0	17	0	0	0	17
9171	0	0	0	16	0	16
9172	0	0	0	17	0	17
9173	0	0	16	0	0	16
9174	17	0	0	0	0	17
9175	15	0	0	0	0	15
9176	0	0	16	0	0	16
9177	0	0	17	0	0	17
9178	0	0	0	17	0	17
9179	0	0	0	15	0	15
9180	0	16	0	0	0	16
9181	0	0	0	18	0	18
9182	0	0	18	0	0	18
9183	0	0	0	18	0	18
9184	0	0	0	18	0	18
9185	18	0	0	0	0	18
9186	0	0	18	0	0	18
9187	18	0	0	0	0	18
9188	0	0	17	0	0	17
9189	0	0	0	16	0	16
9190	0	0	17	0	0	17
9191	0	0	17	0	0	17
9192	0	0	0	12	0	12
9193	12	0	0	0	0	12
9194	11	0	0	0	0	11
9195	0	11	0	0	0	11
9196	11	0	0	0	0	11
9197	11	0	0	0	0	11
9198	0	11	0	0	0	11
9199	0	0	0	13	0	13
9200	0	0	0	13	0	13
9201	0	0	0	13	0	13
9202	0	0	0	13	0	13
9203	0	0	13	0	0	13
9204	13	0	0	0	0	13
9205	0	0	0	13	0	13
9206	0	0	0	13	0	13
9207	0	13	0	0	0	13
9208	0	0	0	13	0	13
9209	0	0	13	0	0	13
9210	13	0	0	0	0	13
9211	0	0	11	0	0	11
9212	0	0	0	15	0	15
9213	15	0	0	0	0	15
9214	0	15	0	0	0	15
9215	0	0	0	15	0	15
9216	0	0	13	0	0	13
9217	0	0	0	13	0	13
9218	13	0	0	0	0	13
9219	0	0	13	0	0	13
9220	0	0	13	0	0	13
9221	0	12	0	0	0	12
9222	13	0	0	0	0	13
9223	0	13	0	0	0	13
9224	0	0	13	0	0	13
9225	0	0	13	0	0	13
9226	0	13	0	0	0	13
9227	12	0	0	0	0	12
9228	0	13	0	0	0	13
9229	0	0	0	13	0	13
9230	0	0	0	13	0	13
9231	0	0	13	0	0	13
9232	0	0	0	12	0	12
9233	0	0	13	0	0	13
9234	13	0	0	0	0	13
9235	13	0	0	0	0	13
9236	13	0	0	0	0	13
9237	0	0	13	0	0	13
9238	13	0	0	0	0	13
9239	0	0	0	12	0	12
9240	0	13	0	0	0	13
9241	13	0	0	0	0	13
9242	0	0	10	0	0	10
9243	12	0	0	0	0	12
9244	13	0	0	0	0	13
9245	0	0	13	0	0	13
9246	0	13	0	0	0	13
9247	0	1	0	12	0	13
9248	0	0	12	0	0	12
9249	0	0	12	0	0	12
9250	0	0	0	9	0	9
9251	0	0	9	0	0	9
9252	0	0	0	9	0	9
9253	0	0	0	9	0	9
9254	0	0	0	9	0	9
9255	0	0	9	0	0	9
9256	0	0	0	9	0	9
9257	0	0	9	0	0	9
9258	0	0	0	9	0	9
9259	9	0	0	0	0	9
9260	0	0	0	7	0	7
9261	0	9	0	0	0	9
9262	0	0	0	9	0	9
9263	8	0	0	0	0	8
9264	0	9	0	0	0	9
9265	0	0	0	9	0	9
9266	9	0	0	0	0	9
9267	0	0	9	0	0	9
9268	0	0	0	9	0	9
9269	0	0	9	0	0	9
9270	0	0	9	0	0	9
9271	0	0	0	9	0	9
9272	9	0	0	0	0	9
9273	0	0	9	0	0	9
9274	9	0	0	0	0	9
9275	0	0	0	9	0	9
9276	0	0	9	0	0	9
9277	0	0	9	0	0	9
9278	0	0	8	0	0	8
9279	0	2	0	6	0	8
9280	9	0	0	0	0	9
9281	0	8	0	0	0	8
9282	0	0	0	8	0	8
9283	0	0	0	8	0	8
9284	8	0	0	0	0	8
9285	8	0	0	0	0	8
9286	0	8	0	0	0	8
9287	7	0	0	0	0	7
9288	8	0	0	0	0	8
9289	0	0	0	8	0	8
9290	0	0	8	0	0	8
9291	8	0	0	0	0	8
9292	0	0	0	8	0	8
9293	0	0	0	7	0	7
9294	8	0	0	0	0	8
9295	0	0	0	8	0	8
9296	0	0	0	8	0	8
9297	8	0	0	0	0	8
9298	0	8	0	0	0	8
9299	5	0	0	0	0	5
9300	0	0	5	0	0	5
9301	5	0	0	0	0	5
9302	0	0	0	5	0	5
9303	0	5	0	0	0	5
9304	0	0	0	5	0	5
9305	0	0	0	5	0	5
9306	0	0	0	5	0	5
9307	4	0	0	0	0	4
9308	0	5	0	0	0	5
9309	0	5	0	0	0	5
9310	5	0	0	0	0	5
9311	0	0	5	0	0	5
9312	0	0	1	0	0	1
9313	1	0	0	0	0	1
9314	0	0	1	0	0	1
9315	0	0	0	1	0	1
9316	0	0	0	1	0	1
9317	0	0	0	1	0	1
9318	0	0	0	1	0	1
9319	0	1	0	0	0	1
9320	0	0	0	1	0	1
9321	0	0	1	0	0	1
9322	0	0	0	1	0	1
9323	0	0	1	0	0	1
9324	0	0	1	0	0	1
9325	0	0	0	1	0	1
9326	0	0	1	0	0	1
9327	0	0	0	1	0	1
9328	1	0	0	0	0	1
9329	0	0	1	0	0	1
9330	1	0	0	0	0	1
9331	0	0	0	1	0	1
9332	0	0	1	0	0	1
9333	0	1	0	0	0	1
9334	0	0	0	1	0	1
9335	0	0	1	0	0	1
9336	0	0	0	1	0	1
9337	1	0	0	0	0	1
9338	1	0	0	0	0	1
9339	1	0	0	0	0	1
9340	0	0	0	1	0	1
9341	0	0	0	1	0	1
9342	0	0	0	1	0	1
9343	1	0	0	0	0	1
9344	0	1	0	0	0	1
9345	0	0	0	1	0	1
9346	0	0	0	1	0	1
9347	1	0	0	0	0	1
9348	0	1	0	0	0	1
9349	0	0	0	2	0	2
9350	2	0	0	0	0	2
9351	2	0	0	0	0	2
9352	0	0	0	2	0	2
9353	2	0	0	0	0	2
9354	0	0	0	2	0	2
9355	0	0	3	0	0	3
9356	0	0	0	3	0	3
9357	0	0	0	3	0	3
9358	0	0	0	3	0	3
9359	3	0	0	0	0	3
9360	0	3	0	0	0	3
9361	3	0	0	0	0	3
9362	0	3	0	0	0	3
9363	0	3	0	0	0	3
9364	3	0	0	0	0	3
9365	0	5	0	0	0	5
9366	0	0	0	5	0	5
9367	5	0	0	0	0	5
9368	5	0	0	0	0	5
9369	0	0	0	5	0	5
9370	0	0	0	5	0	5
9371	0	5	0	0	0	5
9372	5	0	0	0	0	5
9373	5	0	0	0	0	5
9374	0	7	0	0	0	7
9375	0	7	0	0	0	7
9376	0	0	0	7	0	7
9377	7	0	0	0	0	7
9378	0	0	0	7	0	7
9379	0	0	0	7	0	7
9380	0	0	7	0	0	7
9381	0	0	5	0	0	5
9382	0	0	0	6	0	6
9383	0	0	6	0	0	6
9384	0	6	0	0	0	6
9385	0	0	0	6	0	6
9386	0	0	0	6	0	6
9387	0	0	0	6	0	6
9388	0	0	6	0	0	6
9389	0	0	6	0	0	6
9390	6	0	0	0	0	6
9391	0	6	0	0	0	6
9392	6	0	0	0	0	6
9393	0	0	0	6	0	6
9394	6	0	0	0	0	6
9395	0	0	0	6	0	6
9396	0	6	0	0	0	6
9397	7	0	0	0	0	7
9398	0	0	7	0	0	7
9399	0	7	0	0	0	7
9400	7	0	0	0	0	7
9401	0	0	0	7	0	7
9402	0	7	0	0	0	7
9403	0	0	0	7	0	7
9404	7	0	0	0	0	7
9405	0	0	0	7	0	7
9406	7	0	0	0	0	7
9407	0	0	7	0	0	7
9408	0	0	0	7	0	7
9409	7	0	0	0	0	7
9410	0	0	7	0	0	7
9411	0	7	0	0	0	7
9412	0	0	0	7	0	7
9413	0	0	7	0	0	7
9414	0	0	7	0	0	7
9415	0	0	0	7	0	7
9416	0	0	7	0	0	7
9417	0	0	7	0	0	7
9418	0	0	0	7	0	7
9419	7	0	0	0	0	7
9420	0	0	0	7	0	7
9421	0	0	0	8	0	8
9422	0	0	8	0	0	8
9423	0	0	0	8	0	8
9424	8	0	0	0	0	8
9425	0	0	8	0	0	8
9426	0	8	0	0	0	8
9427	0	0	0	10	0	10
9428	10	0	0	0	0	10
9429	0	0	0	10	0	10
9430	0	10	0	0	0	10
9431	0	0	10	0	0	10
9432	0	0	0	10	0	10
9433	9	0	0	0	0	9
9434	0	0	10	0	0	10
9435	0	0	0	12	0	12
9436	12	0	0	0	0	12
9437	12	0	0	0	0	12
9438	0	12	0	0	0	12
9439	11	0	0	0	0	11
9440	0	0	0	15	0	15
9441	0	0	17	0	0	17
9442	0	17	0	0	0	17
9443	0	18	0	0	0	18
9444	0	0	0	18	0	18
9445	0	0	0	18	0	18
9446	0	0	18	0	0	18
9447	0	18	0	0	0	18
9448	0	18	0	0	0	18
9449	0	0	0	17	0	17
9450	17	0	0	0	0	17
9451	0	16	0	0	0	16
9452	0	0	0	17	0	17
9453	17	0	0	0	0	17
9454	0	0	0	17	0	17
9455	0	0	0	16	0	16
9456	0	0	0	16	0	16
9457	0	0	0	16	0	16
9458	16	0	0	0	0	16
9459	0	0	0	16	0	16
9460	0	0	15	0	0	15
9461	16	0	0	0	0	16
9462	0	0	15	0	0	15
9463	0	0	16	0	0	16
9464	0	0	0	16	0	16
9465	0	0	0	14	0	14
9466	0	0	0	14	0	14
9467	14	0	0	0	0	14
9468	0	0	14	0	0	14
9469	14	0	0	0	0	14
9470	14	0	0	0	0	14
9471	0	0	16	0	0	16
9472	16	0	0	0	0	16
9473	0	0	16	0	0	16
9474	0	14	0	0	0	14
9475	0	0	0	16	0	16
9476	0	0	0	16	0	16
9477	0	0	0	15	0	15
9478	0	0	0	14	0	14
9479	0	0	16	0	0	16
9480	0	0	16	0	0	16
9481	0	0	0	16	0	16
9482	0	0	16	0	0	16
9483	16	0	0	0	0	16
9484	16	0	0	0	0	16
9485	0	0	0	15	0	15
9486	16	0	0	0	0	16
9487	0	16	0	0	0	16
9488	16	0	0	0	0	16
9489	0	0	16	0	0	16
9490	0	0	0	15	0	15
9491	0	15	0	0	0	15
9492	16	0	0	0	0	16
9493	0	0	0	16	0	16
9494	1	0	16	0	0	17
9495	0	0	0	16	0	16
9496	16	0	0	1	0	17
9497	1	0	14	0	0	15
9498	1	0	0	13	0	14
9499	0	1	0	14	0	15
9500	1	0	14	0	0	15
9501	0	13	0	1	0	14
9502	0	12	1	0	0	13
9503	0	1	0	14	0	15
9504	0	1	0	15	0	16
9505	0	0	0	16	0	16
9506	15	0	0	1	0	16
9507	13	0	1	0	0	14
9508	0	1	0	15	0	16
9509	15	1	0	0	0	16
9510	0	14	0	1	0	15
9511	1	0	0	15	0	16
9512	0	1	0	15	0	16
9513	0	0	0	16	0	16
9514	16	0	0	0	0	16
9515	0	15	0	1	0	16
9516	0	0	0	16	0	16
9517	17	0	0	1	0	18
9518	0	0	0	18	0	18
9519	1	0	0	17	0	18
9520	0	17	0	1	0	18
9521	0	16	1	0	0	17
9522	1	0	0	15	0	16
9523	0	0	1	16	0	17
9524	16	0	1	0	0	17
9525	0	0	0	17	0	17
9526	0	0	15	1	0	16
9527	0	0	0	15	0	15
9528	1	14	0	0	0	15
9529	14	0	1	0	0	15
9530	1	0	0	13	0	14
9531	1	0	0	14	0	15
9532	0	14	1	0	0	15
9533	14	0	0	0	0	14
9534	0	14	0	0	0	14
9535	0	0	0	12	0	12
9536	0	0	12	0	0	12
9537	0	0	0	11	0	11
9538	11	0	1	0	0	12
9539	0	10	0	0	0	10
9540	0	0	0	9	0	9
9541	0	8	0	0	0	8
9542	0	0	0	8	0	8
9543	0	0	8	0	0	8
9544	0	0	0	7	0	7
9545	0	0	0	8	0	8
9546	0	0	0	8	0	8
9547	7	0	0	0	0	7
9548	8	0	0	0	0	8
9549	0	8	0	0	0	8
9550	8	0	0	0	0	8
9551	0	8	0	0	0	8
9552	0	8	0	0	0	8
9553	7	0	0	0	0	7
9554	0	0	8	0	0	8
9555	0	0	0	8	0	8
9556	0	0	0	8	0	8
9557	0	0	0	8	0	8
9558	8	0	0	0	0	8
9559	0	8	0	0	0	8
9560	0	0	0	8	0	8
9561	0	8	0	0	0	8
9562	8	0	0	0	0	8
9563	0	0	0	7	0	7
9564	0	0	0	12	0	12
9565	0	14	0	0	0	14
9566	0	0	0	14	0	14
9567	0	0	0	14	0	14
9568	13	0	0	0	0	13
9569	0	14	0	0	0	14
9570	0	16	0	0	0	16
9571	0	0	0	13	0	13
9572	0	0	14	0	0	14
9573	0	0	13	0	0	13
9574	0	0	0	14	0	14
9575	0	0	12	0	0	12
9576	0	0	0	12	0	12
9577	0	0	0	12	0	12
9578	0	0	0	12	0	12
9579	12	0	0	0	0	12
9580	0	0	0	12	0	12
9581	0	0	0	12	0	12
9582	0	12	0	0	0	12
9583	0	0	0	15	0	15
9584	0	0	15	0	0	15
9585	0	0	0	15	0	15
9586	0	0	0	15	0	15
9587	14	0	0	0	0	14
9588	0	0	0	15	0	15
9589	0	0	0	15	0	15
9590	0	0	0	15	0	15
9591	14	0	0	0	0	14
9592	0	15	0	0	0	15
9593	0	0	0	15	0	15
9594	0	0	0	15	0	15
9595	0	0	14	0	0	14
9596	0	0	0	15	0	15
9597	15	0	0	0	0	15
9598	0	15	0	0	0	15
9599	0	0	0	18	0	18
9600	0	0	0	18	0	18
9601	0	0	18	0	0	18
9602	18	0	0	0	0	18
9603	0	18	0	0	0	18
9604	17	0	0	0	0	17
9605	0	0	0	17	0	17
9606	0	0	0	16	0	16
9607	0	0	0	16	0	16
9608	0	0	0	17	0	17
9609	17	0	0	0	0	17
9610	0	0	0	17	0	17
9611	0	17	0	0	0	17
9612	0	0	0	17	0	17
9613	0	0	0	18	0	18
9614	17	0	0	0	0	17
9615	0	18	0	0	0	18
9616	0	0	0	18	0	18
9617	16	0	0	0	0	16
9618	16	0	0	0	0	16
9619	0	0	0	16	0	16
9620	0	0	16	0	0	16
9621	16	0	0	0	0	16
9622	0	0	0	16	0	16
9623	0	0	15	0	0	15
9624	0	0	0	15	0	15
9625	0	0	0	14	0	14
9626	0	0	0	15	0	15
9627	0	16	0	0	0	16
9628	0	0	0	16	0	16
9629	0	0	0	16	0	16
9630	0	0	0	16	0	16
9631	0	0	0	15	0	15
9632	0	0	0	16	0	16
9633	0	0	0	16	0	16
9634	15	0	0	0	0	15
9635	0	0	16	0	0	16
9636	0	16	0	0	0	16
9637	16	0	0	0	0	16
9638	0	16	0	0	0	16
9639	16	0	0	0	0	16
9640	1	0	0	15	0	16
9641	15	0	0	0	0	15
9642	0	0	0	15	0	15
9643	0	0	0	15	0	15
9644	0	15	0	0	0	15
9645	15	0	0	0	0	15
9646	0	0	16	0	0	16
9647	0	0	0	16	0	16
9648	0	0	16	0	0	16
9649	0	0	15	0	0	15
9650	16	0	0	0	0	16
9651	0	0	0	16	0	16
9652	0	0	16	0	0	16
9653	0	0	16	0	0	16
9654	0	0	0	16	0	16
9655	0	0	0	16	0	16
9656	16	0	0	0	0	16
9657	0	0	0	16	0	16
9658	0	0	16	0	0	16
9659	0	0	0	16	0	16
9660	0	0	0	15	0	15
9661	0	16	0	0	0	16
9662	16	0	0	0	0	16
9663	0	16	0	0	0	16
9664	12	0	0	0	0	12
9665	0	10	0	0	0	10
9666	0	10	0	0	0	10
9667	0	0	0	10	0	10
9668	0	0	0	10	0	10
9669	0	0	0	10	0	10
9670	8	0	0	0	0	8
9671	0	0	8	0	0	8
9672	0	0	0	8	0	8
9673	8	0	0	0	0	8
9674	0	8	0	0	0	8
9675	0	8	0	0	0	8
9676	0	0	0	7	0	7
9677	0	0	0	8	0	8
9678	0	0	0	8	0	8
9679	0	9	0	0	0	9
9680	0	0	0	9	0	9
9681	0	0	9	0	0	9
9682	0	0	9	0	0	9
9683	5	0	0	0	0	5
9684	0	0	0	6	0	6
9685	6	0	0	0	0	6
9686	6	0	0	0	0	6
9687	0	6	0	0	0	6
9688	6	0	0	0	0	6
9689	5	0	0	0	0	5
9690	0	0	0	6	0	6
9691	0	0	0	6	0	6
9692	0	0	6	0	0	6
9693	0	6	0	0	0	6
9694	0	0	0	5	0	5
9695	0	0	0	6	0	6
9696	6	0	0	0	0	6
9697	0	0	0	6	0	6
9698	6	0	0	0	0	6
9699	0	0	0	3	0	3
9700	0	3	0	0	0	3
9701	3	0	0	0	0	3
9702	0	0	0	4	0	4
9703	0	0	0	7	0	7
9704	0	0	0	7	0	7
9705	0	0	7	0	0	7
9706	0	0	0	7	0	7
9707	7	0	0	0	0	7
9708	0	0	0	7	0	7
9709	0	0	0	12	0	12
9710	0	0	0	12	0	12
9711	0	12	0	0	0	12
9712	0	12	0	0	0	12
9713	11	0	0	0	0	11
9714	0	11	0	0	0	11
9715	11	0	0	0	0	11
9716	10	0	0	0	0	10
9717	10	0	0	0	0	10
9718	0	0	11	0	0	11
9719	0	11	0	0	0	11
9720	11	0	0	0	0	11
9721	0	0	0	9	0	9
9722	0	0	0	10	0	10
9723	0	0	0	11	0	11
9724	0	11	0	0	0	11
9725	0	0	0	11	0	11
9726	10	0	0	0	0	10
9727	0	0	0	11	0	11
9728	0	0	0	12	0	12
9729	0	1	11	0	0	12
9730	0	1	10	0	0	11
9731	1	0	0	11	0	12
9732	0	1	0	11	0	12
9733	1	11	0	0	0	12
9734	1	0	0	11	0	12
9735	1	0	0	11	0	12
9736	0	0	1	11	0	12
9737	11	1	0	0	0	12
9738	1	0	11	0	0	12
9739	0	0	0	12	0	12
9740	11	0	0	1	0	12
9741	11	0	0	1	0	12
9742	0	1	0	10	0	11
9743	0	0	0	12	0	12
9744	12	0	0	0	0	12
9745	0	10	0	1	0	11
9746	0	10	0	1	0	11
9747	0	0	0	10	0	10
9748	10	0	1	0	0	11
9749	9	1	0	1	0	11
9750	9	0	0	1	0	10
9751	0	1	10	0	0	11
9752	10	0	0	1	0	11
9753	0	0	9	1	0	10
9754	10	0	0	1	0	11
9755	1	9	0	0	0	10
9756	0	0	10	0	0	10
9757	0	0	0	11	0	11
9758	1	0	10	0	0	11
9759	1	0	0	10	0	11
9760	10	0	0	1	0	11
9761	0	0	10	1	0	11
9762	1	0	0	9	0	10
9763	0	12	0	0	0	12
9764	0	1	0	11	0	12
9765	0	0	0	12	0	12
9766	1	0	0	11	0	12
9767	12	0	0	0	0	12
9768	10	0	0	0	0	10
9769	0	0	1	11	0	12
9770	1	0	11	0	0	12
9771	0	0	12	0	0	12
9772	1	0	0	11	0	12
9773	0	1	15	0	0	16
9774	0	0	1	15	0	16
9775	0	0	0	16	0	16
9776	0	0	1	15	0	16
9777	0	14	0	1	0	15
9778	1	14	0	0	0	15
9779	0	0	1	14	0	15
9780	0	0	0	14	0	14
9781	0	1	0	14	0	15
9782	14	0	0	1	0	15
9783	0	0	16	1	0	17
9784	0	0	0	18	0	18
9785	17	0	0	0	0	17
9786	1	17	0	0	0	18
9787	0	0	0	18	0	18
9788	0	0	1	16	0	17
9789	0	0	1	17	0	18
9790	0	0	0	17	0	17
9791	0	0	18	0	0	18
9792	17	0	0	1	0	18
9793	17	0	0	1	0	18
9794	0	0	17	0	0	17
9795	17	1	0	0	0	18
9796	17	1	0	0	0	18
9797	0	0	17	1	0	18
9798	0	18	0	1	0	19
9799	0	0	0	20	0	20
9800	1	0	19	0	0	20
9801	0	19	1	0	0	20
9802	0	0	16	1	0	17
9803	1	15	0	0	0	16
9804	0	1	0	15	0	16
9805	0	0	18	0	0	18
9806	0	0	0	19	0	19
9807	0	0	18	1	0	19
9808	0	18	0	1	0	19
9809	13	0	0	0	0	13
9810	0	13	0	0	0	13
9811	0	18	0	0	0	18
9812	0	0	0	18	0	18
9813	0	0	0	17	0	17
9814	0	0	0	18	0	18
9815	0	0	0	18	0	18
9816	0	0	0	18	0	18
9817	0	0	20	0	0	20
9818	0	0	0	20	0	20
9819	0	0	0	20	0	20
9820	20	0	0	0	0	20
9821	22	0	0	0	0	22
9822	22	0	0	0	0	22
9823	0	0	0	22	0	22
9824	22	0	0	0	0	22
9825	26	0	0	0	0	26
9826	26	0	0	0	0	26
9827	0	0	26	0	0	26
9828	26	0	0	0	0	26
9829	25	0	0	0	0	25
9830	26	0	0	0	0	26
9831	0	0	0	25	0	25
9832	0	0	26	0	0	26
9833	0	0	0	26	0	26
9834	26	0	0	0	0	26
9835	0	0	0	28	0	28
9836	0	31	0	0	0	31
9837	0	0	0	31	0	31
9838	31	0	0	0	0	31
9839	31	0	0	0	0	31
9840	31	0	0	0	0	31
9841	0	0	31	0	0	31
9842	0	0	0	30	0	30
9843	0	0	0	31	0	31
9844	0	0	31	0	0	31
9845	0	30	0	0	0	30
9846	0	1	30	0	0	31
9847	0	0	0	31	0	31
9848	31	0	0	0	0	31
9849	0	0	31	0	0	31
9850	0	0	0	31	0	31
9851	0	0	31	0	0	31
9852	29	0	0	0	0	29
9853	0	0	0	31	0	31
9854	0	0	31	0	0	31
9855	0	0	0	30	0	30
9856	0	0	32	0	0	32
9857	0	32	0	0	0	32
9858	0	0	0	32	0	32
9859	32	0	0	0	0	32
9860	0	0	0	32	0	32
9861	0	0	0	32	0	32
9862	32	0	0	0	0	32
9863	0	31	0	0	0	31
9864	0	30	0	0	0	30
9865	0	0	0	31	0	31
9866	0	31	0	0	0	31
9867	0	0	0	31	0	31
9868	0	0	0	31	0	31
9869	30	0	0	0	0	30
9870	0	31	0	0	0	31
9871	0	0	30	0	0	30
9872	0	31	0	0	0	31
9873	27	0	0	0	0	27
9874	27	0	0	0	0	27
9875	0	0	0	27	0	27
9876	27	0	0	0	0	27
9877	0	0	0	27	0	27
9878	27	0	0	0	0	27
9879	27	0	0	0	0	27
9880	0	0	0	27	0	27
9881	27	0	0	0	0	27
9882	0	0	27	0	0	27
9883	24	0	0	0	0	24
9884	0	0	0	24	0	24
9885	24	0	0	0	0	24
9886	0	25	0	0	0	25
9887	0	0	0	25	0	25
9888	0	0	0	25	0	25
9889	25	0	0	0	0	25
9890	0	0	25	0	0	25
9891	0	25	0	0	0	25
9892	0	0	0	25	0	25
9893	0	26	0	0	0	26
9894	0	0	0	26	0	26
9895	0	0	0	26	0	26
9896	0	0	0	26	0	26
9897	26	0	0	0	0	26
9898	0	0	0	25	0	25
9899	24	0	0	0	0	24
9900	24	0	0	0	0	24
9901	0	0	0	24	0	24
9902	24	0	0	0	0	24
9903	24	0	0	0	0	24
9904	0	0	24	0	0	24
9905	0	0	0	20	0	20
9906	21	0	0	0	0	21
9907	0	21	0	0	0	21
9908	21	0	0	0	0	21
9909	20	0	0	0	0	20
9910	0	0	21	0	0	21
9911	0	0	0	16	0	16
9912	19	0	0	0	0	19
9913	0	0	0	19	0	19
9914	0	0	0	20	0	20
9915	0	0	0	20	0	20
9916	0	0	0	19	0	19
9917	18	0	0	0	0	18
9918	0	0	21	0	0	21
9919	0	0	0	30	0	30
9920	0	0	34	0	0	34
9921	0	0	36	0	0	36
9922	36	0	0	0	0	36
9923	0	0	35	0	0	35
9924	0	38	0	0	0	38
9925	36	0	0	0	0	36
9926	36	0	0	0	0	36
9927	0	0	0	36	0	36
9928	0	0	36	0	0	36
9929	0	0	35	0	0	35
9930	34	0	0	0	0	34
9931	0	0	0	35	0	35
9932	35	0	0	0	0	35
9933	0	39	0	0	0	39
9934	37	0	0	0	0	37
9935	37	0	0	0	0	37
9936	0	34	0	0	0	34
9937	0	0	0	33	0	33
9938	34	0	0	0	0	34
9939	0	0	32	0	0	32
9940	0	34	0	0	0	34
9941	0	0	0	37	0	37
9942	37	0	0	0	0	37
9943	0	37	0	0	0	37
9944	37	0	0	0	0	37
9945	0	0	35	0	0	35
9946	36	0	0	0	0	36
9947	0	0	40	0	0	40
9948	40	0	0	0	0	40
9949	38	0	0	0	0	38
9950	0	0	40	0	0	40
9951	0	42	0	0	0	42
9952	0	0	0	45	0	45
9953	0	0	45	0	0	45
9954	0	45	0	0	0	45
9955	0	0	0	42	0	42
9956	0	0	0	44	0	44
9957	0	0	43	0	0	43
9958	0	0	0	42	0	42
9959	0	0	0	43	0	43
9960	0	0	43	0	0	43
9961	0	0	0	44	0	44
9962	0	44	0	0	0	44
9963	44	0	0	0	0	44
9964	0	0	0	41	0	41
9965	0	44	0	0	0	44
9966	0	0	1	39	0	40
9967	1	43	0	0	0	44
9968	0	0	41	0	0	41
9969	0	45	0	0	0	45
9970	44	0	0	0	0	44
9971	45	0	0	0	0	45
9972	42	0	0	1	0	43
9973	0	0	43	0	0	43
9974	0	0	42	0	0	42
9975	1	47	0	0	0	48
9976	0	0	0	51	0	51
9977	1	50	0	0	0	51
9978	0	1	0	43	0	44
9979	1	50	0	0	0	51
9980	52	0	0	0	0	52
9981	52	1	0	0	0	53
9982	0	0	0	58	0	58
9983	1	0	54	0	0	55
9984	55	0	1	0	0	56
9985	0	58	0	0	0	58
9986	0	0	0	57	0	57
9987	0	0	0	55	0	55
9988	0	57	0	0	0	57
9989	57	0	0	0	0	57
9990	0	0	58	0	0	58
9991	1	0	0	57	0	58
9992	55	0	0	0	0	55
9993	57	0	0	0	0	57
9994	0	54	0	0	0	54
9995	0	0	1	52	0	53
9996	0	57	0	0	0	57
9997	56	0	0	1	0	57
9998	0	0	55	0	0	55
9999	0	1	55	0	0	56
10000	0	0	0	55	0	55
10001	0	0	0	55	0	55
10002	0	56	1	0	0	57
10003	0	0	0	56	0	56
10004	0	0	56	1	0	57
10005	53	0	1	0	0	54
10006	0	0	0	56	0	56
10007	0	1	55	0	0	56
10008	1	0	0	56	0	57
10009	0	0	0	56	0	56
10010	0	56	0	0	0	56
10011	1	0	0	54	0	55
10012	0	1	0	53	0	54
10013	0	0	1	52	0	53
10014	52	1	0	0	0	53
10015	1	50	0	0	0	51
10016	1	52	0	0	0	53
10017	51	0	0	0	0	51
10018	44	0	0	0	0	44
10019	0	37	0	0	0	37
10020	0	32	0	0	0	32
10021	31	0	0	0	0	31
10022	0	31	0	0	0	31
10023	0	32	0	0	0	32
10024	29	0	2	0	0	31
10025	0	30	0	0	0	30
10026	30	0	0	0	0	30
10027	30	0	0	0	0	30
10028	29	0	0	0	0	29
10029	0	29	0	0	0	29
10030	0	30	0	0	0	30
10031	0	0	0	30	0	30
10032	0	31	0	0	0	31
10033	0	0	0	30	0	30
10034	31	0	0	0	0	31
10035	0	0	0	31	0	31
10036	0	31	0	0	0	31
10037	31	1	0	0	0	32
10038	0	31	0	1	0	32
10039	1	31	0	0	0	32
10040	0	0	0	32	0	32
10041	1	29	0	0	0	30
10042	30	0	0	0	0	30
10043	0	1	28	1	0	30
10044	0	29	1	0	0	30
10045	1	0	0	29	0	30
10046	0	2	28	0	0	30
10047	1	0	0	26	0	27
10048	0	0	1	26	0	27
10049	0	2	0	25	0	27
10050	1	0	0	25	0	26
10051	0	0	24	0	0	24
10052	0	20	0	2	0	22
10053	21	0	0	1	0	22
10054	1	0	22	1	0	24
10055	22	1	0	1	0	24
10056	0	0	23	1	0	24
10057	0	2	0	22	0	24
10058	2	0	21	0	0	23
10059	0	0	24	0	0	24
10060	1	0	1	22	0	24
10061	0	0	1	23	0	24
10062	0	0	0	24	0	24
10063	0	1	0	22	0	23
10064	22	0	1	1	0	24
10065	0	0	23	1	0	24
10066	23	0	0	1	0	24
10067	22	0	0	2	0	24
10068	22	0	1	0	0	23
10069	23	0	0	1	0	24
10070	22	0	1	1	0	24
10071	1	1	0	22	0	24
10072	1	0	22	1	0	24
10073	1	0	23	1	0	25
10074	1	23	0	1	0	25
10075	19	0	2	0	0	21
10076	0	2	0	17	0	19
10077	0	0	1	16	0	17
10078	1	16	1	0	0	18
10079	1	17	0	0	0	18
10080	1	15	0	0	0	16
10081	13	2	0	1	0	16
10082	0	0	0	11	0	11
10083	0	13	0	0	0	13
10084	0	1	0	12	0	13
10085	0	1	12	0	0	13
10086	1	0	14	0	0	15
10087	0	0	0	15	0	15
10088	14	1	0	0	0	15
10089	16	0	0	1	0	17
10090	15	0	1	0	0	16
10091	0	0	20	0	0	20
10092	0	0	0	20	0	20
10093	1	0	0	19	0	20
10094	1	0	19	0	0	20
10095	20	0	0	0	0	20
10096	0	0	21	0	0	21
10097	0	0	20	1	0	21
10098	0	0	21	1	0	22
10099	0	0	1	21	0	22
10100	1	0	0	21	0	22
10101	0	0	23	0	0	23
10102	0	0	1	22	0	23
10103	22	0	1	0	0	23
10104	0	0	0	23	0	23
10105	0	0	22	1	0	23
10106	0	0	23	0	0	23
10107	0	0	0	25	0	25
10108	25	0	0	0	0	25
10109	0	24	0	1	0	25
10110	24	0	0	0	0	24
10111	24	0	1	0	0	25
10112	0	0	26	1	0	27
10113	1	0	0	26	0	27
10114	26	1	1	0	0	28
10115	26	0	0	1	0	27
10116	2	29	0	0	0	31
10117	0	0	0	30	0	30
10118	0	0	1	30	0	31
10119	1	0	29	0	0	30
10120	0	0	0	30	0	30
10121	0	1	29	0	0	30
10122	0	1	28	1	0	30
10123	1	0	0	27	0	28
10124	28	0	1	0	0	29
10125	0	27	1	1	0	29
10126	27	0	1	1	0	29
10127	27	0	1	0	0	28
10128	0	27	0	1	0	28
10129	0	1	0	27	0	28
10130	27	1	0	1	0	29
10131	1	26	0	1	0	28
10132	26	0	1	0	0	27
10133	0	23	0	1	0	24
10134	0	0	1	23	0	24
10135	0	0	1	23	0	24
10136	23	0	0	1	0	24
10137	24	0	0	0	0	24
10138	0	24	0	0	0	24
10139	1	0	22	0	0	23
10140	0	0	23	0	0	23
10141	0	0	0	23	0	23
10142	0	23	0	1	0	24
10143	1	0	0	23	0	24
10144	0	1	0	23	0	24
10145	1	0	0	23	0	24
10146	0	0	23	0	0	23
10147	0	0	23	1	0	24
10148	0	22	0	2	0	24
10149	1	0	0	23	0	24
10150	1	0	0	23	0	24
10151	0	1	23	0	0	24
10152	22	0	1	0	0	23
10153	0	0	1	24	0	25
10154	0	0	22	0	0	22
10155	22	1	0	0	0	23
10156	0	23	0	1	0	24
10157	0	0	25	1	0	26
10158	0	0	0	26	0	26
10159	25	0	1	0	0	26
10160	0	0	25	0	0	25
10161	0	1	0	25	0	26
10162	0	0	0	26	0	26
10163	0	0	0	27	0	27
10164	28	0	1	0	0	29
10165	1	28	0	0	0	29
10166	0	0	0	29	0	29
10167	0	0	29	0	0	29
10168	1	0	0	28	0	29
10169	1	29	0	0	0	30
10170	0	28	1	1	0	30
10171	28	0	1	1	0	30
10172	28	0	1	0	0	29
10173	0	0	27	1	0	28
10174	27	0	0	1	0	28
10175	0	28	0	1	0	29
10176	28	0	0	1	0	29
10177	2	0	0	27	0	29
10178	0	1	26	0	0	27
10179	0	0	0	29	0	29
10180	1	0	27	0	0	28
10181	28	0	0	1	0	29
10182	0	0	0	27	0	27
10183	0	27	0	1	0	28
10184	1	0	0	27	0	28
10185	1	0	27	0	0	28
10186	0	23	1	1	0	25
10187	25	0	1	0	0	26
10188	0	24	0	0	0	24
10189	1	22	0	1	0	24
10190	0	0	0	22	0	22
10191	0	20	1	0	0	21
10192	2	0	0	19	0	21
10193	1	0	19	0	0	20
10194	18	1	0	0	0	19
10195	18	0	0	2	0	20
10196	1	0	20	0	0	21
10197	18	1	0	1	0	20
10198	1	19	1	0	0	21
10199	19	2	0	0	0	21
10200	1	0	0	20	0	21
10201	0	0	18	0	0	18
10202	0	18	0	0	0	18
10203	0	0	0	19	0	19
10204	0	0	0	19	0	19
10205	20	0	0	0	0	20
10206	19	0	0	0	0	19
10207	0	18	0	0	0	18
10208	0	17	0	0	0	17
10209	0	19	0	0	0	19
10210	0	0	0	17	0	17
10211	18	0	0	0	0	18
10212	18	0	0	0	0	18
10213	0	0	0	18	0	18
10214	0	0	0	17	0	17
10215	18	0	0	0	0	18
10216	0	0	0	15	0	15
10217	0	0	15	0	0	15
10218	14	0	0	0	0	14
10219	16	0	0	0	0	16
10220	0	0	15	0	0	15
10221	15	0	0	0	0	15
10222	0	0	0	17	0	17
10223	0	0	0	17	0	17
10224	0	0	0	16	0	16
10225	17	0	0	0	0	17
10226	0	16	0	0	0	16
10227	0	0	0	18	0	18
10228	0	20	0	0	0	20
10229	23	0	0	0	0	23
10230	0	0	0	25	0	25
10231	0	0	0	28	0	28
10232	0	29	0	0	0	29
10233	0	0	30	0	0	30
10234	0	0	0	30	0	30
10235	30	0	0	0	0	30
10236	30	0	0	0	0	30
10237	0	0	37	0	0	37
10238	0	0	0	45	0	45
10239	0	44	0	0	0	44
10240	0	0	0	46	0	46
10241	46	0	0	0	0	46
10242	46	0	0	0	0	46
10243	0	0	0	46	0	46
10244	0	43	0	0	0	43
10245	57	0	0	0	0	57
10246	0	0	0	57	0	57
10247	58	0	0	0	0	58
10248	56	0	0	0	0	56
10249	0	0	0	58	0	58
10250	0	0	0	55	0	55
10251	0	0	0	57	0	57
10252	0	55	0	0	0	55
10253	0	0	0	57	0	57
10254	0	0	0	55	0	55
10255	0	0	56	0	0	56
10256	0	0	51	0	0	51
10257	0	0	0	51	0	51
10258	55	0	0	0	0	55
10259	0	55	0	0	0	55
10260	56	0	0	0	0	56
10261	0	0	56	0	0	56
10262	0	0	55	0	0	55
10263	0	58	0	0	0	58
10264	0	0	0	57	0	57
10265	0	0	57	0	0	57
10266	0	0	53	0	0	53
10267	0	0	0	57	0	57
10268	55	0	0	0	0	55
10269	55	0	0	0	0	55
10270	0	0	0	56	0	56
10271	0	0	60	0	0	60
10272	0	0	0	61	0	61
10273	1	0	0	59	0	60
10274	0	60	0	0	0	60
10275	61	0	0	0	0	61
10276	61	0	0	0	0	61
10277	0	62	0	0	0	62
10278	0	0	0	62	0	62
10279	0	63	0	0	0	63
10280	63	0	0	0	0	63
10281	0	0	62	0	0	62
10282	0	0	57	0	0	57
10283	0	0	60	0	0	60
10284	0	0	0	61	0	61
10285	0	0	0	60	0	60
10286	61	0	0	0	0	61
10287	0	0	0	61	0	61
10288	0	0	0	64	0	64
10289	0	0	66	0	0	66
10290	0	0	65	0	0	65
10291	62	0	0	0	0	62
10292	0	65	0	1	0	66
10293	68	1	0	0	0	69
10294	0	0	0	68	0	68
10295	0	0	0	70	0	70
10296	0	66	0	1	0	67
10297	0	0	0	67	0	67
10298	67	0	1	0	0	68
10299	0	0	0	66	0	66
10300	1	0	65	0	0	66
10301	1	66	0	0	0	67
10302	66	0	1	0	0	67
10303	66	0	0	1	0	67
10304	66	1	0	0	0	67
10305	66	0	0	1	0	67
10306	1	0	0	65	0	66
10307	1	0	0	65	0	66
10308	0	0	64	1	0	65
10309	0	1	0	65	0	66
10310	1	0	65	0	0	66
10311	0	0	0	65	0	65
10312	66	0	0	0	0	66
10313	1	67	0	1	0	69
10314	1	0	0	68	0	69
10315	1	0	0	68	0	69
10316	67	0	0	2	0	69
10317	63	0	0	1	0	64
10318	0	0	64	2	0	66
10319	0	65	0	1	0	66
10320	0	0	1	66	0	67
10321	0	0	1	66	0	67
10322	64	0	1	1	0	66
10323	63	0	1	0	0	64
10324	0	1	65	1	0	67
10325	2	0	63	0	0	65
10326	0	0	1	64	0	65
10327	1	0	0	61	0	62
10328	0	0	62	0	0	62
10329	58	0	1	0	0	59
10330	0	1	0	57	0	58
10331	54	0	0	1	0	55
10332	0	52	0	0	0	52
10333	54	0	0	0	0	54
10334	0	0	54	1	0	55
10335	1	55	0	0	0	56
10336	1	54	0	0	0	55
10337	47	0	0	1	0	48
10338	40	0	1	0	0	41
10339	0	0	0	40	0	40
10340	0	39	0	1	0	40
10341	0	40	0	0	0	40
10342	1	0	0	39	0	40
10343	40	0	0	0	0	40
10344	38	1	0	0	0	39
10345	0	0	28	0	0	28
10346	28	0	0	0	0	28
10347	0	32	0	0	0	32
10348	35	0	0	0	0	35
10349	0	47	0	0	0	47
10350	0	51	0	0	0	51
10351	0	1	0	62	0	63
10352	73	0	0	1	0	74
10353	74	0	0	0	0	74
10354	1	0	73	0	0	74
10355	0	0	1	73	0	74
10356	74	0	0	1	0	75
10357	1	0	0	74	0	75
10358	72	0	0	1	0	73
10359	71	0	0	0	0	71
10360	1	0	70	0	0	71
10361	0	0	1	68	0	69
10362	0	0	0	70	0	70
10363	0	0	0	69	0	69
10364	0	0	68	1	0	69
10365	0	0	1	68	0	69
10366	0	0	0	68	0	68
10367	0	68	0	1	0	69
10368	0	1	66	0	0	67
10369	0	68	0	0	0	68
10370	70	1	0	0	0	71
10371	1	0	0	67	0	68
10372	0	0	0	64	0	64
10373	0	66	0	1	0	67
10374	67	1	0	0	0	68
10375	68	0	0	0	0	68
10376	1	65	0	0	0	66
10377	0	67	0	0	0	67
10378	66	1	0	0	0	67
10379	2	0	66	0	0	68
10380	1	0	66	0	0	67
10381	66	0	2	0	0	68
10382	1	66	0	1	0	68
10383	67	1	0	0	0	68
10384	1	0	67	1	0	69
10385	68	0	1	0	0	69
10386	2	68	0	0	0	70
10387	0	1	1	69	0	71
10388	0	0	0	69	0	69
10389	0	0	0	66	0	66
10390	0	0	0	68	0	68
10391	0	0	1	65	0	66
10392	0	65	0	2	0	67
10393	64	1	0	1	0	66
10394	1	1	64	0	0	66
10395	0	0	2	64	0	66
10396	0	1	64	1	0	66
10397	1	0	1	64	0	66
10398	0	0	0	65	0	65
10399	64	0	0	2	0	66
10400	1	1	63	0	0	65
10401	2	64	1	0	0	67
10402	1	1	0	60	0	62
10403	0	1	0	64	0	65
10404	0	2	63	1	0	66
10405	2	0	1	62	0	65
10406	1	0	1	64	0	66
10407	62	0	1	1	0	64
10408	2	63	0	0	0	65
10409	62	3	0	0	0	65
10410	64	0	0	1	0	65
10411	2	0	1	62	0	65
10412	2	0	62	1	0	65
10413	0	1	62	0	0	63
10414	1	0	0	61	0	62
10415	0	1	0	61	0	62
10416	1	60	0	2	0	63
10417	59	2	0	1	0	62
10418	1	56	0	2	0	59
10419	1	61	0	1	0	63
10420	63	1	0	0	0	64
10421	2	0	2	59	0	63
10422	0	60	0	3	0	63
10423	1	1	1	61	0	64
10424	1	0	59	3	0	63
10425	1	0	61	2	0	64
10426	3	0	1	59	0	63
10427	1	0	60	1	0	62
10428	0	1	1	61	0	63
10429	0	0	0	63	0	63
10430	0	0	0	64	0	64
10431	60	0	1	1	0	62
10432	1	59	1	2	0	63
10433	0	60	0	2	0	62
10434	60	2	0	0	0	62
10435	60	1	1	0	0	62
10436	2	0	0	59	0	61
10437	2	0	60	0	0	62
10438	0	0	1	62	0	63
10439	0	0	61	1	0	62
10440	0	64	2	0	0	66
10441	1	1	0	64	0	66
10442	67	0	0	2	0	69
10443	1	1	0	66	0	68
10444	1	1	66	1	0	69
10445	67	1	1	0	0	69
10446	1	1	67	0	0	69
10447	1	0	64	0	0	65
10448	1	64	1	1	0	67
10449	0	57	0	0	0	57
10450	1	51	0	1	0	53
10451	34	0	5	2	0	41
10452	28	0	0	0	0	28
10453	0	0	0	31	0	31
10454	0	0	0	32	0	32
10455	0	0	0	32	0	32
10456	0	33	0	0	0	33
10457	32	0	0	0	0	32
10458	0	32	0	0	0	32
10459	0	0	0	33	0	33
10460	33	0	0	0	0	33
10461	0	0	0	32	0	32
10462	0	0	0	32	0	32
10463	33	0	0	0	0	33
10464	33	0	0	0	0	33
10465	0	0	33	0	0	33
10466	0	0	33	0	0	33
10467	0	0	33	0	0	33
10468	0	0	0	33	0	33
10469	0	0	0	30	0	30
10470	0	31	0	0	0	31
10471	31	0	0	0	0	31
10472	0	0	0	32	0	32
10473	0	0	0	32	0	32
10474	0	33	0	0	0	33
10475	0	34	0	0	0	34
10476	0	0	0	34	0	34
10477	0	0	0	37	0	37
10478	37	0	0	1	0	38
10479	38	0	0	0	0	38
10480	1	0	0	36	0	37
10481	0	0	36	1	0	37
10482	1	0	34	0	0	35
10483	0	0	1	37	0	38
10484	0	0	0	36	0	36
10485	0	34	0	1	0	35
10486	34	1	0	0	0	35
10487	1	0	0	34	0	35
10488	0	0	30	1	0	31
10489	0	0	1	31	0	32
10490	0	0	30	1	0	31
10491	0	0	29	0	0	29
10492	0	0	1	30	0	31
10493	29	0	0	1	0	30
10494	1	0	29	0	0	30
10495	0	0	1	29	0	30
10496	0	0	30	1	0	31
10497	0	0	1	30	0	31
10498	0	0	0	30	0	30
10499	0	0	28	1	0	29
10500	0	0	30	0	0	30
10501	0	0	1	28	0	29
10502	0	0	0	29	0	29
10503	0	0	0	29	0	29
10504	0	0	0	30	0	30
10505	29	0	0	1	0	30
10506	29	0	0	0	0	29
10507	1	29	0	0	0	30
10508	29	1	0	0	0	30
10509	1	0	0	29	0	30
10510	29	0	0	1	0	30
10511	1	0	29	0	0	30
10512	29	0	1	0	0	30
10513	1	0	0	29	0	30
10514	0	0	0	28	0	28
10515	30	0	0	1	0	31
10516	1	0	0	36	0	37
10517	0	0	36	1	0	37
10518	37	0	1	0	0	38
10519	1	40	0	0	0	41
10520	0	1	0	41	0	42
10521	0	0	43	1	0	44
10522	0	0	1	43	0	44
10523	0	0	43	1	0	44
10524	0	0	1	47	0	48
10525	0	48	0	1	0	49
10526	0	1	0	48	0	49
10527	0	49	0	1	0	50
10528	0	1	0	52	0	53
10529	0	0	0	54	0	54
10530	0	0	0	54	0	54
10531	0	0	0	54	0	54
10532	0	0	0	54	0	54
10533	0	0	50	1	0	51
10534	0	0	1	50	0	51
10535	0	0	0	52	0	52
10536	51	0	0	1	0	52
10537	1	53	0	0	0	54
10538	53	1	0	0	0	54
10539	2	0	0	51	0	53
10540	0	0	50	1	0	51
10541	0	50	1	0	0	51
10542	46	1	0	0	0	47
10543	1	46	0	0	0	47
10544	0	49	0	0	0	49
10545	47	1	0	0	0	48
10546	1	0	0	49	0	50
10547	48	0	0	1	0	49
10548	1	0	0	44	0	45
10549	0	0	44	1	0	45
10550	0	0	45	0	0	45
10551	43	0	1	0	0	44
10552	45	0	0	0	0	45
10553	1	0	0	41	0	42
10554	0	0	0	39	0	39
10555	38	0	0	1	0	39
10556	1	38	0	0	0	39
10557	0	40	0	0	0	40
10558	39	1	0	0	0	40
10559	40	0	0	0	0	40
10560	1	39	0	0	0	40
10561	0	1	0	38	0	39
10562	0	0	39	1	0	40
10563	0	0	40	0	0	40
10564	39	0	1	0	0	40
10565	1	0	39	0	0	40
10566	0	0	1	38	0	39
10567	0	0	0	37	0	37
10568	0	37	1	1	0	39
10569	38	1	0	0	0	39
10570	1	0	0	38	0	39
10571	0	0	38	1	0	39
10572	0	39	1	0	0	40
10573	0	1	0	39	0	40
10574	0	0	41	1	0	42
10575	0	0	41	0	0	41
10576	0	43	1	0	0	44
10577	38	0	0	0	0	38
10578	0	38	0	0	0	38
10579	39	0	0	0	0	39
10580	0	0	39	0	0	39
10581	39	0	0	0	0	39
10582	0	39	0	0	0	39
10583	0	0	0	38	0	38
10584	0	0	0	38	0	38
10585	39	0	0	0	0	39
10586	0	0	39	0	0	39
10587	39	0	0	0	0	39
10588	39	0	0	0	0	39
10589	0	0	39	0	0	39
10590	0	0	39	0	0	39
10591	0	0	0	39	0	39
10592	39	0	0	0	0	39
10593	39	0	0	0	0	39
10594	0	43	0	0	0	43
10595	0	0	0	42	0	42
10596	0	0	0	42	0	42
10597	0	0	0	42	0	42
10598	0	0	0	42	0	42
10599	42	0	0	0	0	42
10600	0	0	0	42	0	42
10601	0	0	42	0	0	42
10602	0	0	40	0	0	40
10603	40	0	0	0	0	40
10604	0	42	0	0	0	42
10605	0	42	0	0	0	42
10606	0	0	0	42	0	42
10607	0	0	0	42	0	42
10608	0	0	0	41	0	41
10609	0	0	0	41	0	41
10610	0	0	42	0	0	42
10611	0	0	0	42	0	42
10612	0	0	0	42	0	42
10613	0	0	42	0	0	42
10614	41	0	0	0	0	41
10615	0	40	0	0	0	40
10616	35	0	0	0	0	35
10617	0	0	35	0	0	35
10618	0	0	33	0	0	33
10619	0	30	0	0	0	30
10620	27	0	2	0	0	29
10621	28	0	0	0	0	28
10622	28	0	0	0	0	28
10623	0	28	0	0	0	28
10624	23	0	0	0	0	23
10625	0	0	24	0	0	24
10626	0	26	0	0	0	26
10627	24	0	0	0	0	24
10628	0	21	0	0	0	21
10629	20	0	0	0	0	20
10630	21	0	0	0	0	21
10631	0	0	22	0	0	22
10632	0	22	0	0	0	22
10633	22	0	0	0	0	22
10634	0	0	22	0	0	22
10635	0	21	0	0	0	21
10636	0	0	2	19	0	21
10637	0	0	19	0	0	19
10638	0	0	19	0	0	19
10639	0	0	0	18	0	18
10640	19	0	0	0	0	19
10641	0	19	0	0	0	19
10642	0	0	18	0	0	18
10643	0	0	17	0	0	17
10644	17	0	0	0	0	17
10645	0	18	0	0	0	18
10646	17	0	0	0	0	17
10647	0	15	0	0	0	15
10648	17	0	0	0	0	17
10649	16	0	0	0	0	16
10650	0	17	0	0	0	17
10651	0	0	0	17	0	17
10652	22	0	0	0	0	22
10653	0	0	0	22	0	22
10654	0	0	0	22	0	22
10655	22	0	0	0	0	22
10656	0	22	0	0	0	22
10657	22	0	0	0	0	22
10658	0	0	22	0	0	22
10659	0	0	0	22	0	22
10660	0	0	0	21	0	21
10661	23	0	0	0	0	23
10662	24	0	0	0	0	24
10663	0	0	0	23	0	23
10664	0	0	24	0	0	24
10665	0	0	0	24	0	24
10666	0	0	0	23	0	23
10667	0	0	0	24	0	24
10668	0	0	0	24	0	24
10669	24	0	0	0	0	24
10670	0	0	24	0	0	24
10671	0	22	0	0	0	22
10672	0	0	0	21	0	21
10673	0	0	0	22	0	22
10674	0	0	21	0	0	21
10675	0	0	21	0	0	21
10676	0	0	0	19	0	19
10677	0	0	0	18	0	18
10678	0	0	19	0	0	19
10679	0	0	0	19	0	19
10680	19	0	0	0	0	19
10681	0	19	0	0	0	19
10682	0	0	18	0	0	18
10683	0	19	0	0	0	19
10684	0	0	0	19	0	19
10685	0	0	19	0	0	19
10686	0	19	0	0	0	19
10687	0	0	0	19	0	19
10688	0	0	19	0	0	19
10689	0	0	0	19	0	19
10690	0	0	0	19	0	19
10691	19	0	0	0	0	19
10692	0	0	0	19	0	19
10693	19	0	0	0	0	19
10694	15	0	0	0	0	15
10695	15	0	0	0	0	15
10696	0	0	0	15	0	15
10697	0	0	15	0	0	15
10698	0	0	14	1	0	15
10699	15	0	0	0	0	15
10700	0	0	15	0	0	15
10701	14	0	0	0	0	14
10702	0	15	0	0	0	15
10703	15	0	0	0	0	15
10704	0	0	14	0	0	14
10705	0	0	14	0	0	14
10706	0	0	0	14	0	14
10707	0	0	16	0	0	16
10708	0	0	16	0	0	16
10709	0	0	0	19	0	19
10710	0	0	0	20	0	20
10711	0	0	0	21	0	21
10712	0	21	0	0	0	21
10713	0	0	0	21	0	21
10714	0	21	0	0	0	21
10715	21	0	0	0	0	21
10716	21	0	0	0	0	21
10717	0	0	0	21	0	21
10718	0	20	0	0	0	20
10719	0	0	21	0	0	21
10720	22	0	0	0	0	22
10721	0	0	0	22	0	22
10722	0	0	0	22	0	22
10723	0	0	0	22	0	22
10724	21	0	0	0	0	21
10725	0	20	0	0	0	20
10726	0	19	0	0	0	19
10727	19	0	0	0	0	19
10728	0	19	0	0	0	19
10729	19	0	0	0	0	19
10730	19	0	0	0	0	19
10731	0	17	0	0	0	17
10732	0	0	0	17	0	17
10733	0	18	0	0	0	18
10734	0	0	0	17	0	17
10735	0	0	0	22	0	22
10736	22	0	0	0	0	22
10737	22	0	0	0	0	22
10738	1	0	0	20	0	21
10739	0	0	23	0	0	23
10740	22	0	1	0	0	23
10741	0	21	0	1	0	22
10742	0	0	0	23	0	23
10743	0	0	1	21	0	22
10744	0	0	0	23	0	23
10745	23	0	0	0	0	23
10746	21	1	0	0	0	22
10747	0	20	1	0	0	21
10748	0	20	0	0	0	20
10749	0	0	0	21	0	21
10750	1	0	0	19	0	20
10751	0	1	20	0	0	21
10752	0	0	0	16	0	16
10753	0	0	16	0	0	16
10754	0	0	14	1	0	15
10755	0	15	0	1	0	16
10756	1	0	0	15	0	16
10757	15	0	0	1	0	16
10758	1	0	0	15	0	16
10759	1	0	14	0	0	15
10760	15	0	0	0	0	15
10761	14	0	0	1	0	15
10762	0	0	15	0	0	15
10763	0	0	1	14	0	15
10764	14	0	0	0	0	14
10765	0	15	0	0	0	15
10766	16	0	0	0	0	16
10767	16	0	0	0	0	16
10768	1	0	0	16	0	17
10769	0	0	1	16	0	17
10770	15	0	1	0	0	16
10771	0	0	0	17	0	17
10772	0	0	18	0	0	18
10773	16	0	1	0	0	17
10774	14	0	0	0	0	14
10775	0	15	0	0	0	15
10776	0	15	0	0	0	15
10777	1	0	0	14	0	15
10778	0	15	0	0	0	15
10779	0	0	0	15	0	15
10780	15	0	0	0	0	15
10781	14	0	0	0	0	14
10782	0	14	0	0	0	14
10783	15	0	0	0	0	15
10784	0	15	0	0	0	15
10785	15	0	0	0	0	15
10786	15	0	0	0	0	15
10787	0	0	14	0	0	14
10788	14	0	0	1	0	15
10789	0	14	0	0	0	14
10790	0	15	0	0	0	15
10791	14	0	0	0	0	14
10792	0	0	0	15	0	15
10793	0	0	15	0	0	15
10794	0	0	0	15	0	15
10795	0	0	0	15	0	15
10796	0	0	14	0	0	14
10797	15	0	0	0	0	15
10798	0	15	0	0	0	15
10799	15	0	0	0	0	15
10800	0	0	0	15	0	15
10801	15	0	0	0	0	15
10802	0	16	0	0	0	16
10803	0	0	0	16	0	16
10804	15	0	0	0	0	15
10805	0	0	17	0	0	17
10806	0	0	14	0	0	14
10807	16	0	0	0	0	16
10808	0	15	0	0	0	15
10809	0	11	0	0	0	11
10810	0	0	1	11	0	12
10811	0	11	0	0	0	11
10812	0	0	0	10	0	10
10813	1	0	0	10	0	11
10814	0	0	0	11	0	11
10815	0	11	0	0	0	11
10816	0	0	0	11	0	11
10817	0	0	11	0	0	11
10818	0	11	0	0	0	11
10819	0	0	0	10	0	10
10820	0	10	0	0	0	10
10821	9	0	0	0	0	9
10822	9	0	0	0	0	9
10823	10	0	0	0	0	10
10824	0	10	0	0	0	10
10825	0	0	0	10	0	10
10826	0	0	10	0	0	10
10827	0	0	10	0	0	10
10828	10	0	0	0	0	10
10829	10	0	0	0	0	10
10830	0	0	0	10	0	10
10831	0	0	0	10	0	10
10832	0	0	10	0	0	10
10833	0	10	0	0	0	10
10834	0	10	0	0	0	10
10835	0	0	7	0	0	7
10836	0	0	0	7	0	7
10837	0	0	0	7	0	7
10838	0	0	0	7	0	7
10839	0	0	0	7	0	7
10840	7	0	0	0	0	7
10841	0	0	8	0	0	8
10842	8	0	0	0	0	8
10843	0	0	0	8	0	8
10844	8	0	0	0	0	8
10845	0	0	0	8	0	8
10846	0	0	8	0	0	8
10847	0	0	0	8	0	8
10848	0	0	8	0	0	8
10849	0	0	0	8	0	8
10850	0	0	8	0	0	8
10851	0	8	0	0	0	8
10852	0	0	0	8	0	8
10853	0	0	0	8	0	8
10854	0	8	0	0	0	8
10855	8	0	0	0	0	8
10856	0	0	0	8	0	8
10857	0	0	0	8	0	8
10858	8	0	0	0	0	8
10859	8	0	0	0	0	8
10860	8	0	0	0	0	8
10861	8	0	0	0	0	8
10862	0	0	7	0	0	7
10863	7	0	0	0	0	7
10864	7	0	0	0	0	7
10865	0	0	0	5	0	5
10866	0	0	0	5	0	5
10867	5	0	0	0	0	5
10868	0	5	0	0	0	5
10869	0	0	0	5	0	5
10870	0	0	7	0	0	7
10871	0	7	0	0	0	7
10872	6	0	0	0	0	6
10873	6	0	0	0	0	6
10874	6	0	0	0	0	6
10875	6	0	0	0	0	6
10876	0	0	0	6	0	6
10877	0	0	6	0	0	6
10878	0	0	6	0	0	6
10879	0	0	0	6	0	6
10880	6	0	0	1	0	7
10881	1	0	0	6	0	7
10882	0	0	6	1	0	7
10883	6	0	1	0	0	7
10884	7	0	0	0	0	7
10885	1	0	0	8	0	9
10886	0	0	8	1	0	9
10887	0	0	11	0	0	11
10888	10	0	1	0	0	11
10889	1	10	0	0	0	11
10890	0	1	10	0	0	11
10891	0	0	1	10	0	11
10892	10	0	0	1	0	11
10893	1	10	0	0	0	11
10894	0	12	0	0	0	12
10895	11	1	0	0	0	12
10896	1	0	0	11	0	12
10897	14	0	0	1	0	15
10898	1	0	0	14	0	15
10899	0	0	0	15	0	15
10900	0	0	14	1	0	15
10901	0	0	14	0	0	14
10902	0	0	14	0	0	14
10903	0	0	1	13	0	14
10904	13	0	0	0	0	13
10905	1	0	12	0	0	13
10906	0	0	1	14	0	15
10907	0	0	14	1	0	15
10908	0	14	1	0	0	15
10909	0	1	0	14	0	15
10910	0	0	0	15	0	15
10911	0	0	0	15	0	15
10912	14	0	0	1	0	15
10913	1	0	0	14	0	15
10914	0	0	0	15	0	15
10915	14	0	0	1	0	15
10916	1	0	14	0	0	15
10917	14	0	1	0	0	15
10918	15	0	0	0	0	15
10919	0	0	14	0	0	14
10920	14	0	1	0	0	15
10921	1	0	0	14	0	15
10922	0	0	14	0	0	14
10923	13	0	1	0	0	14
10924	15	0	0	0	0	15
10925	1	0	0	14	0	15
10926	0	0	0	14	0	14
10927	0	0	0	15	0	15
10928	13	0	0	1	0	14
10929	1	17	0	0	0	18
10930	16	1	0	0	0	17
10931	1	16	0	0	0	17
10932	0	16	1	0	0	17
10933	0	1	0	16	0	17
10934	0	0	1	17	0	18
10935	0	0	0	18	0	18
10936	0	0	0	18	0	18
10937	0	0	16	0	0	16
10938	17	0	1	0	0	18
10939	1	0	0	17	0	18
10940	0	0	17	1	0	18
10941	0	0	1	16	0	17
10942	0	0	0	17	0	17
10943	0	0	18	1	0	19
10944	0	0	1	19	0	20
10945	0	0	0	20	0	20
10946	19	0	0	1	0	20
10947	1	0	19	0	0	20
10948	18	0	1	0	0	19
10949	1	19	0	0	0	20
10950	19	1	0	0	0	20
10951	20	0	0	0	0	20
10952	1	0	0	19	0	20
10953	0	0	18	1	0	19
10954	0	19	1	0	0	20
10955	0	1	0	18	0	19
10956	0	20	0	0	0	20
10957	19	1	0	0	0	20
10958	1	0	20	0	0	21
10959	0	0	21	0	0	21
10960	0	0	1	20	0	21
10961	0	0	24	1	0	25
10962	0	0	1	22	0	23
10963	0	0	0	25	0	25
10964	24	0	0	1	0	25
10965	1	23	0	0	0	24
10966	0	1	0	24	0	25
10967	0	0	0	24	0	24
10968	0	0	0	23	0	23
10969	0	23	0	0	0	23
10970	0	22	0	0	0	22
10971	22	0	0	0	0	22
10972	21	0	0	0	0	21
10973	22	0	0	0	0	22
10974	0	0	22	0	0	22
10975	0	0	0	22	0	22
10976	0	0	21	0	0	21
10977	0	22	0	0	0	22
10978	22	0	0	0	0	22
10979	0	0	24	0	0	24
10980	0	0	0	25	0	25
10981	0	0	25	0	0	25
10982	25	0	0	0	0	25
10983	25	0	0	0	0	25
10984	25	0	0	0	0	25
10985	23	0	0	0	0	23
10986	0	0	23	0	0	23
10987	21	0	0	0	0	21
10988	20	0	0	0	0	20
10989	0	20	0	0	0	20
10990	21	0	0	0	0	21
10991	21	0	0	0	0	21
10992	0	0	0	21	0	21
10993	0	23	0	0	0	23
10994	24	0	0	0	0	24
10995	26	0	0	0	0	26
10996	0	0	27	0	0	27
10997	0	0	26	0	0	26
10998	0	0	31	0	0	31
10999	0	0	0	31	0	31
11000	31	0	0	0	0	31
11001	0	31	0	0	0	31
11002	30	0	0	0	0	30
11003	0	31	0	0	0	31
11004	30	0	0	0	0	30
11005	0	32	0	0	0	32
11006	0	30	0	0	0	30
11007	30	0	0	0	0	30
11008	0	30	0	0	0	30
11009	0	0	0	30	0	30
11010	0	0	30	0	0	30
11011	0	0	30	0	0	30
11012	0	0	0	30	0	30
11013	0	0	0	30	0	30
11014	0	0	30	0	0	30
11015	0	0	0	32	0	32
11016	0	0	0	33	0	33
11017	32	0	0	0	0	32
11018	0	33	0	0	0	33
11019	0	0	0	32	0	32
11020	0	33	0	0	0	33
11021	33	0	0	0	0	33
11022	0	33	0	0	0	33
11023	32	0	0	0	0	32
11024	33	0	0	0	0	33
11025	0	0	0	32	0	32
11026	0	0	0	32	0	32
11027	0	0	0	33	0	33
11028	0	0	0	33	0	33
11029	0	0	30	0	0	30
11030	28	0	0	0	0	28
11031	0	29	0	0	0	29
11032	0	0	0	32	0	32
11033	0	0	0	29	0	29
11034	0	31	0	0	0	31
11035	31	0	0	0	0	31
11036	0	31	0	0	0	31
11037	0	0	0	31	0	31
11038	0	0	0	31	0	31
11039	0	0	0	31	0	31
11040	0	0	0	31	0	31
11041	31	0	0	0	0	31
11042	0	0	32	0	0	32
11043	0	0	0	28	0	28
11044	0	0	0	30	0	30
11045	0	0	0	29	0	29
11046	0	0	0	29	0	29
11047	30	0	0	0	0	30
11048	0	0	32	0	0	32
11049	0	0	0	28	0	28
11050	0	31	1	0	0	32
11051	0	33	0	0	0	33
11052	33	0	0	0	0	33
11053	0	0	33	0	0	33
11054	32	0	0	1	0	33
11055	0	0	33	0	0	33
11056	0	0	0	32	0	32
11057	32	0	0	0	0	32
11058	0	32	0	0	0	32
11059	0	0	0	29	0	29
11060	0	30	1	0	0	31
11061	27	0	0	0	0	27
11062	28	0	0	0	0	28
11063	0	0	0	27	0	27
11064	0	1	27	0	0	28
11065	0	0	26	1	0	27
11066	0	0	1	27	0	28
11067	0	30	1	0	0	31
11068	0	0	0	31	0	31
11069	0	1	0	29	0	30
11070	0	0	0	31	0	31
11071	0	0	30	1	0	31
11072	0	0	0	29	0	29
11073	0	0	1	30	0	31
11074	0	29	1	1	0	31
11075	0	0	0	29	0	29
11076	1	1	0	28	0	30
11077	0	0	0	31	0	31
11078	0	0	0	31	0	31
11079	0	0	0	28	0	28
11080	0	0	0	28	0	28
11081	0	0	0	28	0	28
11082	1	0	0	26	0	27
11083	0	0	27	1	0	28
11084	0	0	0	28	0	28
11085	27	0	1	0	0	28
11086	0	0	0	28	0	28
11087	1	0	27	0	0	28
11088	27	0	0	1	0	28
11089	27	0	1	0	0	28
11090	27	0	0	0	0	27
11091	28	0	0	0	0	28
11092	1	0	0	25	0	26
11093	1	0	25	0	0	26
11094	0	23	0	1	0	24
11095	0	20	1	0	0	21
11096	0	1	0	16	0	17
11097	0	1	0	23	0	24
11098	0	0	0	22	0	22
11099	0	0	0	22	0	22
11100	0	0	0	22	0	22
11101	20	0	0	1	0	21
11102	0	25	0	1	0	26
11103	1	24	0	0	0	25
11104	0	1	0	26	0	27
11105	0	1	0	26	0	27
11106	0	0	0	27	0	27
11107	0	0	0	27	0	27
11108	0	0	26	1	0	27
11109	0	26	0	1	0	27
11110	0	0	0	26	0	26
11111	24	1	0	0	0	25
11112	0	0	0	26	0	26
11113	1	1	25	0	0	27
11114	0	1	26	1	0	28
11115	0	0	22	1	0	23
11116	0	0	1	23	0	24
11117	25	0	1	1	0	27
11118	0	0	0	25	0	25
11119	1	0	1	25	0	27
11120	25	0	0	1	0	26
11121	0	0	0	28	0	28
11122	2	0	0	27	0	29
11123	0	0	26	2	0	28
11124	0	27	1	0	0	28
11125	0	0	2	26	0	28
11126	27	1	0	0	0	28
11127	0	0	0	29	0	29
11128	2	0	26	0	0	28
11129	0	0	0	29	0	29
11130	0	27	1	1	0	29
11131	0	0	0	29	0	29
11132	0	1	24	1	0	26
11133	0	24	0	2	0	26
11134	0	0	2	25	0	27
11135	0	1	0	26	0	27
11136	0	0	0	30	0	30
11137	1	0	0	30	0	31
11138	0	0	29	2	0	31
11139	0	29	1	1	0	31
11140	29	0	1	1	0	31
11141	29	2	0	0	0	31
11142	1	0	0	29	0	30
11143	1	0	28	0	0	29
11144	28	1	0	1	0	30
11145	0	0	1	29	0	30
11146	1	0	29	1	0	31
11147	0	0	0	31	0	31
11148	0	0	1	26	0	27
11149	0	0	0	27	0	27
11150	0	1	25	1	0	27
11151	0	0	0	26	0	26
11152	1	26	1	0	0	28
11153	26	0	0	2	0	28
11154	25	1	1	0	0	27
11155	28	0	0	0	0	28
11156	1	26	0	1	0	28
11157	26	0	0	0	0	26
11158	0	1	0	27	0	28
11159	27	0	0	1	0	28
11160	26	0	0	2	0	28
11161	1	0	27	0	0	28
11162	1	26	0	1	0	28
11163	25	1	0	0	0	26
11164	1	0	0	26	0	27
11165	1	0	26	0	0	27
11166	0	26	0	0	0	26
11167	23	1	0	0	0	24
11168	1	0	0	22	0	23
11169	0	0	0	24	0	24
11170	1	0	0	22	0	23
11171	1	23	0	0	0	24
11172	0	0	1	23	0	24
11173	0	24	0	0	0	24
11174	1	0	0	23	0	24
11175	0	0	23	1	0	24
11176	0	0	1	23	0	24
11177	0	1	0	22	0	23
11178	0	0	0	23	0	23
11179	0	0	21	1	0	22
11180	0	0	0	23	0	23
11181	0	0	0	23	0	23
11182	0	0	0	22	0	22
11183	0	0	0	24	0	24
11184	0	1	0	23	0	24
11185	0	0	23	1	0	24
11186	0	0	1	23	0	24
11187	0	0	0	24	0	24
11188	22	0	0	1	0	23
11189	0	22	0	1	0	23
11190	0	22	0	0	0	22
11191	0	0	0	24	0	24
11192	0	0	0	24	0	24
11193	0	24	0	1	0	25
11194	0	0	0	25	0	25
11195	0	24	0	1	0	25
11196	1	0	1	23	0	25
11197	0	0	0	18	0	18
11198	0	0	17	1	0	18
11199	1	17	0	0	0	18
11200	0	18	0	0	0	18
11201	15	1	0	2	0	18
11202	0	11	0	0	0	11
11203	0	0	0	11	0	11
11204	0	0	11	0	0	11
11205	0	0	0	11	0	11
11206	11	0	0	0	0	11
11207	0	0	11	0	0	11
11208	0	11	0	0	0	11
11209	0	0	0	11	0	11
11210	0	0	0	11	0	11
11211	11	0	0	0	0	11
11212	0	0	0	11	0	11
11213	0	0	0	11	0	11
11214	0	0	0	11	0	11
11215	0	0	0	11	0	11
11216	10	0	0	0	0	10
11217	9	0	0	0	0	9
11218	0	0	0	9	0	9
11219	9	0	0	0	0	9
11220	0	0	0	9	0	9
11221	0	0	8	0	0	8
11222	0	0	7	0	0	7
11223	0	0	0	6	0	6
11224	0	7	0	0	0	7
11225	0	0	0	7	0	7
11226	7	0	0	0	0	7
11227	0	0	0	7	0	7
11228	7	0	0	0	0	7
11229	0	0	0	7	0	7
11230	0	0	7	0	0	7
11231	0	7	0	0	0	7
11232	0	7	0	0	0	7
11233	0	0	0	7	0	7
11234	0	0	6	0	0	6
11235	0	5	0	0	0	5
11236	0	0	0	2	0	2
11237	2	0	0	0	0	2
11238	0	0	3	0	0	3
11239	0	0	0	3	0	3
11240	0	0	0	3	0	3
11241	0	0	3	0	0	3
11242	0	0	3	0	0	3
11243	0	0	3	0	0	3
11244	0	0	0	3	0	3
11245	0	0	3	0	0	3
11246	2	0	0	0	0	2
11247	0	0	0	3	0	3
11248	0	0	6	0	0	6
11249	0	7	0	0	0	7
11250	0	0	7	0	0	7
11251	0	0	0	7	0	7
11252	7	0	0	0	0	7
11253	0	0	0	8	0	8
11254	0	0	0	8	0	8
11255	8	0	0	0	0	8
11256	0	0	0	8	0	8
11257	0	0	8	0	0	8
11258	8	0	0	0	0	8
11259	0	9	0	0	0	9
11260	9	0	0	0	0	9
11261	0	0	0	9	0	9
11262	0	0	9	0	0	9
11263	0	0	8	0	0	8
11264	0	0	0	9	0	9
11265	0	0	0	9	0	9
11266	0	0	9	0	0	9
11267	0	0	9	0	0	9
11268	9	0	0	0	0	9
11269	0	0	0	9	0	9
11270	9	0	0	0	0	9
11271	0	0	0	9	0	9
11272	0	0	11	0	0	11
11273	0	0	11	0	0	11
11274	0	0	0	11	0	11
11275	0	0	0	11	0	11
11276	0	0	12	0	0	12
11277	11	0	0	0	0	11
11278	0	0	0	12	0	12
11279	12	0	0	0	0	12
11280	0	15	0	0	0	15
11281	0	0	0	15	0	15
11282	15	0	0	0	0	15
11283	0	0	14	0	0	14
11284	0	0	0	15	0	15
11285	0	0	0	15	0	15
11286	0	0	0	16	0	16
11287	0	0	16	0	0	16
11288	0	0	0	16	0	16
11289	0	16	0	0	0	16
11290	0	0	0	16	0	16
11291	0	0	16	0	0	16
11292	0	0	16	0	0	16
11293	0	0	0	14	0	14
11294	0	0	0	15	0	15
11295	0	0	0	16	0	16
11296	0	0	0	16	0	16
11297	16	0	0	0	0	16
11298	16	0	0	0	0	16
11299	0	0	16	0	0	16
11300	0	16	0	0	0	16
11301	0	0	0	16	0	16
11302	16	0	0	0	0	16
11303	15	0	0	0	0	15
11304	16	0	0	0	0	16
11305	16	0	0	0	0	16
11306	0	0	16	0	0	16
11307	16	0	0	0	0	16
11308	0	16	0	0	0	16
11309	0	0	0	16	0	16
11310	0	0	16	0	0	16
11311	0	0	0	15	0	15
11312	0	0	16	0	0	16
11313	0	0	0	16	0	16
11314	0	0	0	16	0	16
11315	16	0	0	0	0	16
11316	0	0	0	16	0	16
11317	0	0	16	0	0	16
11318	0	0	0	16	0	16
11319	16	0	0	0	0	16
11320	0	0	0	16	0	16
11321	0	0	16	0	0	16
11322	0	16	0	0	0	16
11323	16	0	0	0	0	16
11324	0	0	0	14	0	14
11325	0	16	0	0	0	16
11326	16	0	0	0	0	16
11327	0	0	16	0	0	16
11328	0	16	0	0	0	16
11329	0	0	0	16	0	16
11330	0	0	16	0	0	16
11331	0	0	0	15	0	15
11332	16	0	0	0	0	16
11333	0	0	16	0	0	16
11334	0	0	0	16	0	16
11335	0	0	16	0	0	16
11336	0	0	0	16	0	16
11337	0	0	0	16	0	16
11338	15	0	0	0	0	15
11339	0	15	0	0	0	15
11340	0	0	0	15	0	15
11341	15	0	0	0	0	15
11342	15	0	0	0	0	15
11343	0	0	0	14	0	14
11344	0	13	0	0	0	13
11345	0	15	0	0	0	15
11346	0	0	0	15	0	15
11347	0	0	0	14	0	14
11348	10	0	0	0	0	10
11349	0	0	0	10	0	10
11350	0	0	10	0	0	10
11351	10	0	0	0	0	10
11352	0	9	0	0	0	9
11353	9	0	0	0	0	9
11354	0	0	9	0	0	9
11355	0	10	0	0	0	10
11356	10	0	0	0	0	10
11357	10	0	0	0	0	10
11358	0	0	10	0	0	10
11359	9	0	0	0	0	9
11360	9	0	0	0	0	9
11361	0	8	0	0	0	8
11362	0	0	0	9	0	9
11363	0	0	9	0	0	9
11364	0	0	0	10	0	10
11365	0	0	11	0	0	11
11366	0	0	0	12	0	12
11367	11	0	1	0	0	12
11368	0	0	0	12	0	12
11369	1	0	11	0	0	12
11370	11	0	0	1	0	12
11371	0	0	1	11	0	12
11372	1	0	9	0	0	10
11373	9	0	0	1	0	10
11374	0	0	1	9	0	10
11375	1	0	8	0	0	9
11376	0	0	8	1	0	9
11377	0	0	1	9	0	10
11378	0	0	10	0	0	10
11379	0	7	0	1	0	8
11380	0	0	1	6	0	7
11381	6	1	0	0	0	7
11382	0	0	7	1	0	8
11383	1	0	7	0	0	8
11384	7	0	1	0	0	8
11385	0	0	8	0	0	8
11386	7	0	0	0	0	7
11387	0	0	7	0	0	7
11388	1	0	0	6	0	7
11389	0	0	10	0	0	10
11390	0	0	0	9	0	9
11391	0	0	12	0	0	12
11392	0	0	10	1	0	11
11393	10	0	1	0	0	11
11394	0	13	1	0	0	14
11395	13	0	0	0	0	13
11396	0	13	0	0	0	13
11397	1	0	0	12	0	13
11398	0	1	0	12	0	13
11399	12	0	0	1	0	13
11400	0	0	0	13	0	13
11401	1	0	12	0	0	13
11402	12	0	0	1	0	13
11403	12	0	1	0	0	13
11404	1	0	0	12	0	13
11405	1	0	12	0	0	13
11406	0	0	0	13	0	13
11407	0	12	1	0	0	13
11408	0	0	0	13	0	13
11409	0	1	0	12	0	13
11410	0	0	12	1	0	13
11411	11	0	0	1	0	12
11412	0	12	1	0	0	13
11413	13	0	0	0	0	13
11414	0	13	0	0	0	13
11415	1	0	0	12	0	13
11416	0	13	0	0	0	13
11417	0	0	12	1	0	13
11418	0	0	0	12	0	12
11419	0	0	1	11	0	12
11420	0	0	0	13	0	13
11421	11	0	0	1	0	12
11422	0	0	0	13	0	13
11423	13	0	0	0	0	13
11424	12	0	0	1	0	13
11425	11	0	0	0	0	11
11426	1	0	13	0	0	14
11427	1	0	0	13	0	14
11428	0	0	1	13	0	14
11429	0	0	0	14	0	14
11430	14	0	0	1	0	15
11431	0	0	0	15	0	15
11432	1	0	0	14	0	15
11433	14	0	0	1	0	15
11434	0	0	0	15	0	15
11435	1	0	14	0	0	15
11436	0	0	13	1	0	14
11437	0	0	1	13	0	14
11438	14	0	1	0	0	15
11439	14	0	0	1	0	15
11440	1	0	0	14	0	15
11441	1	0	14	0	0	15
11442	0	14	0	1	0	15
11443	0	0	1	14	0	15
11444	0	1	0	14	0	15
11445	0	0	0	15	0	15
11446	14	0	0	1	0	15
11447	0	0	13	1	0	14
11448	15	0	0	0	0	15
11449	0	0	1	14	0	15
11450	1	14	0	0	0	15
11451	13	0	0	1	0	14
11452	13	1	0	0	0	14
11453	1	0	14	0	0	15
11454	0	13	0	0	0	13
11455	0	13	1	0	0	14
11456	13	1	0	0	0	14
11457	0	1	0	13	0	14
11458	1	0	0	13	0	14
11459	0	0	0	14	0	14
11460	0	12	0	1	0	13
11461	0	13	0	1	0	14
11462	13	1	0	0	0	14
11463	0	1	0	13	0	14
11464	0	0	14	0	0	14
11465	0	0	0	15	0	15
11466	0	0	21	0	0	21
11467	0	0	18	0	0	18
11468	0	0	18	0	0	18
11469	0	21	0	0	0	21
11470	0	0	0	21	0	21
11471	0	21	1	0	0	22
11472	0	0	1	18	0	19
11473	0	0	1	21	0	22
11474	21	1	0	0	0	22
11475	0	0	0	22	0	22
11476	20	1	0	0	0	21
11477	20	0	0	1	0	21
11478	0	0	0	21	0	21
11479	1	20	0	0	0	21
11480	0	0	0	21	0	21
11481	1	20	0	0	0	21
11482	1	0	0	19	0	20
11483	0	0	19	1	0	20
11484	0	1	0	19	0	20
11485	0	0	0	20	0	20
11486	19	1	0	0	0	20
11487	0	19	0	1	0	20
11488	0	0	1	19	0	20
11489	0	0	0	17	0	17
11490	0	16	0	1	0	17
11491	1	0	0	14	0	15
11492	13	1	0	0	0	14
11493	14	0	0	1	0	15
11494	0	12	0	1	0	13
11495	0	1	0	12	0	13
11496	12	0	0	1	0	13
11497	1	12	0	0	0	13
11498	1	0	0	11	0	12
11499	0	13	0	0	0	13
11500	12	0	0	1	0	13
11501	1	0	12	0	0	13
11502	0	1	12	0	0	13
11503	0	0	0	13	0	13
11504	0	1	12	0	0	13
11505	1	0	0	12	0	13
11506	12	0	1	0	0	13
11507	0	0	21	0	0	21
11508	0	0	0	21	0	21
11509	0	0	1	20	0	21
11510	20	0	0	1	0	21
11511	1	20	0	0	0	21
11512	20	0	1	0	0	21
11513	20	0	0	1	0	21
11514	0	19	0	1	0	20
11515	1	0	0	21	0	22
11516	0	1	20	0	0	21
11517	1	0	0	21	0	22
11518	1	21	0	0	0	22
11519	21	1	0	0	0	22
11520	0	0	0	22	0	22
11521	0	0	21	0	0	21
11522	0	0	0	21	0	21
11523	0	1	0	21	0	22
11524	1	0	0	21	0	22
11525	0	0	0	22	0	22
11526	0	0	1	20	0	21
11527	0	0	20	1	0	21
11528	0	0	20	1	0	21
11529	0	18	0	1	0	19
11530	0	19	0	1	0	20
11531	19	0	0	1	0	20
11532	0	0	18	0	0	18
11533	18	0	1	0	0	19
11534	0	0	18	0	0	18
11535	0	1	18	0	0	19
11536	1	0	0	19	0	20
11537	19	0	1	0	0	20
11538	1	0	0	18	0	19
11539	0	0	1	19	0	20
11540	0	0	24	0	0	24
11541	0	0	0	26	0	26
11542	1	0	0	25	0	26
11543	0	0	0	26	0	26
11544	0	0	0	26	0	26
11545	0	0	1	25	0	26
11546	25	0	0	1	0	26
11547	0	0	0	26	0	26
11548	0	0	24	1	0	25
11549	0	0	0	26	0	26
11550	0	0	25	1	0	26
11551	1	0	0	25	0	26
11552	0	0	25	1	0	26
11553	0	0	1	23	0	24
11554	0	0	0	26	0	26
11555	0	0	25	0	0	25
11556	21	0	0	1	0	22
11557	0	0	26	0	0	26
11558	0	0	0	26	0	26
11559	25	0	0	1	0	26
11560	0	0	1	25	0	26
11561	1	0	0	25	0	26
11562	0	0	25	0	0	25
11563	0	24	0	1	0	25
11564	1	22	0	0	0	23
11565	0	20	0	1	0	21
11566	0	0	0	15	0	15
11567	15	0	0	0	0	15
11568	0	0	0	15	0	15
11569	0	0	0	17	0	17
11570	0	0	0	17	0	17
11571	0	0	0	17	0	17
11572	0	16	0	0	0	16
11573	0	0	0	17	0	17
11574	0	0	0	18	0	18
11575	0	18	0	0	0	18
11576	20	0	0	0	0	20
11577	0	0	0	20	0	20
11578	21	0	0	0	0	21
11579	21	0	0	0	0	21
11580	0	21	0	0	0	21
11581	0	0	0	22	0	22
11582	0	0	22	0	0	22
11583	0	0	21	0	0	21
11584	0	0	0	21	0	21
11585	22	0	0	0	0	22
11586	21	0	0	0	0	21
11587	0	0	0	22	0	22
11588	22	0	0	0	0	22
11589	0	22	0	0	0	22
11590	21	0	0	0	0	21
11591	0	22	0	0	0	22
11592	0	0	0	22	0	22
11593	0	0	0	21	0	21
11594	0	22	0	0	0	22
11595	22	0	0	0	0	22
11596	0	0	19	0	0	19
11597	0	0	0	22	0	22
11598	0	0	22	0	0	22
11599	0	0	0	22	0	22
11600	22	0	0	0	0	22
11601	0	0	0	22	0	22
11602	22	0	0	0	0	22
11603	21	0	0	0	0	21
11604	0	0	0	21	0	21
11605	0	0	22	0	0	22
11606	0	24	0	0	0	24
11607	0	0	0	17	0	17
11608	17	0	0	0	0	17
11609	0	0	18	0	0	18
11610	0	0	0	19	0	19
11611	0	0	0	19	0	19
11612	0	0	0	19	0	19
11613	19	0	0	0	0	19
11614	0	0	0	18	0	18
11615	0	0	0	18	0	18
11616	1	0	18	0	0	19
11617	0	0	0	19	0	19
11618	1	0	0	18	0	19
11619	1	0	0	17	0	18
11620	0	18	0	0	0	18
11621	0	0	0	19	0	19
11622	0	0	1	18	0	19
11623	18	0	1	0	0	19
11624	0	0	18	1	0	19
11625	1	0	18	0	0	19
11626	0	18	0	0	0	18
11627	0	0	0	19	0	19
11628	19	0	0	0	0	19
11629	0	1	0	18	0	19
11630	0	0	0	18	0	18
11631	0	1	0	18	0	19
11632	0	0	0	18	0	18
11633	0	0	0	19	0	19
11634	0	0	18	0	0	18
11635	1	0	0	18	0	19
11636	18	0	1	0	0	19
11637	0	18	0	1	0	19
11638	0	0	1	18	0	19
11639	0	0	0	19	0	19
11640	1	0	14	0	0	15
11641	0	0	0	13	0	13
11642	1	0	0	14	0	15
11643	15	0	0	1	0	16
11644	1	14	0	1	0	16
11645	0	1	1	14	0	16
11646	0	1	0	15	0	16
11647	0	0	0	16	0	16
11648	1	0	15	1	0	17
11649	0	0	17	0	0	17
11650	0	14	1	1	0	16
11651	0	17	0	1	0	18
11652	0	1	0	17	0	18
11653	1	14	0	1	0	16
11654	0	1	0	16	0	17
11655	0	0	0	25	0	25
11656	0	0	1	26	0	27
11657	0	0	0	27	0	27
11658	0	0	25	3	0	28
11659	0	0	1	26	0	27
11660	0	0	0	27	0	27
11661	0	0	0	28	0	28
11662	25	0	0	3	0	28
11663	3	25	0	0	0	28
11664	0	2	1	27	0	30
11665	0	28	0	2	0	30
11666	28	3	0	0	0	31
11667	28	0	0	1	0	29
11668	3	28	0	0	0	31
11669	0	26	0	1	0	27
11670	0	2	24	1	0	27
11671	0	24	2	1	0	27
11672	0	2	0	25	0	27
11673	23	0	0	3	0	26
11674	2	22	0	1	0	25
11675	0	2	0	23	0	25
11676	0	0	0	23	0	23
11677	0	0	0	25	0	25
11678	21	0	0	2	0	23
11679	2	0	22	0	0	24
11680	22	0	2	0	0	24
11681	2	21	0	0	0	23
11682	0	2	0	20	0	22
11683	0	0	21	2	0	23
11684	21	0	2	0	0	23
11685	1	18	0	0	0	19
11686	0	2	0	18	0	20
11687	0	21	0	2	0	23
11688	0	2	0	21	0	23
11689	0	0	0	23	0	23
11690	0	0	21	2	0	23
11691	0	0	22	0	0	22
11692	0	0	2	21	0	23
11693	0	0	20	3	0	23
11694	0	0	3	20	0	23
11695	0	0	0	25	0	25
11696	0	0	0	24	0	24
11697	22	0	0	3	0	25
11698	3	0	0	22	0	25
11699	0	1	22	2	0	25
11700	22	0	2	1	0	25
11701	2	1	0	22	0	25
11702	1	0	0	24	0	25
11703	23	0	0	2	0	25
11704	2	23	0	0	0	25
11705	0	3	0	22	0	25
11706	0	0	1	21	0	22
11707	20	1	0	2	0	23
11708	2	0	20	1	0	23
11709	1	0	2	18	0	21
11710	0	1	0	20	0	21
11711	0	0	0	21	0	21
11712	0	18	0	3	0	21
11713	0	2	0	19	0	21
11714	19	0	0	2	0	21
11715	2	18	1	0	0	21
11716	19	2	0	0	0	21
11717	2	20	0	0	0	22
11718	19	2	0	1	0	22
11719	2	0	20	0	0	22
11720	1	0	21	0	0	22
11721	19	1	2	0	0	22
11722	2	0	19	1	0	22
11723	0	1	2	19	0	22
11724	0	0	0	20	0	20
11725	0	0	0	22	0	22
11726	19	0	1	1	0	21
11727	2	0	20	0	0	22
11728	19	0	2	1	0	22
11729	2	0	1	19	0	22
11730	19	0	0	3	0	22
11731	2	0	0	20	0	22
11732	20	0	0	3	0	23
11733	3	0	0	27	0	30
11734	0	0	27	2	0	29
11735	27	0	3	0	0	30
11736	31	0	0	0	0	31
11737	2	0	0	29	0	31
11738	0	0	0	31	0	31
11739	1	28	0	2	0	31
11740	28	3	0	0	0	31
11741	2	28	0	0	0	30
11742	26	1	0	1	0	28
11743	2	0	26	0	0	28
11744	0	0	28	0	0	28
11745	0	0	27	1	0	28
11746	26	0	1	1	0	28
11747	1	25	0	0	0	26
11748	0	2	0	25	0	27
11749	25	0	0	2	0	27
11750	2	28	0	0	0	30
11751	0	1	0	27	0	28
11752	1	28	0	1	0	30
11753	0	29	0	0	0	29
11754	1	29	0	0	0	30
11755	21	1	3	0	0	25
11756	0	22	0	0	0	22
11757	0	19	0	0	0	19
11758	0	19	0	0	0	19
11759	19	0	0	0	0	19
11760	19	0	0	0	0	19
11761	0	0	19	0	0	19
11762	19	0	0	0	0	19
11763	19	0	0	0	0	19
11764	0	0	0	16	0	16
11765	16	0	0	0	0	16
11766	0	0	16	0	0	16
11767	0	18	0	0	0	18
11768	19	0	0	0	0	19
11769	0	0	0	19	0	19
11770	19	0	0	0	0	19
11771	0	0	19	0	0	19
11772	19	0	0	0	0	19
11773	0	0	0	19	0	19
11774	0	0	19	0	0	19
11775	0	19	0	0	0	19
11776	0	19	0	0	0	19
11777	0	0	0	19	0	19
11778	1	0	0	18	0	19
11779	0	19	0	0	0	19
11780	19	0	0	0	0	19
11781	19	0	0	0	0	19
11782	19	0	0	0	0	19
11783	0	18	0	0	0	18
11784	0	0	0	19	0	19
11785	0	21	0	0	0	21
11786	21	0	0	0	0	21
11787	21	0	0	0	0	21
11788	0	20	0	0	0	20
11789	21	0	0	0	0	21
11790	0	0	0	21	0	21
11791	0	0	0	21	0	21
11792	22	0	0	0	0	22
11793	22	0	0	0	0	22
11794	20	0	0	0	0	20
11795	0	0	0	20	0	20
11796	0	0	0	20	0	20
11797	0	0	20	0	0	20
11798	0	0	0	20	0	20
11799	0	0	0	20	0	20
11800	0	0	20	0	0	20
11801	0	0	19	0	0	19
11802	0	0	20	0	0	20
11803	0	0	0	20	0	20
11804	0	0	20	0	0	20
11805	0	0	0	20	0	20
11806	1	0	0	19	0	20
11807	0	0	20	0	0	20
11808	0	0	19	0	0	19
11809	0	0	0	20	0	20
11810	0	0	19	0	0	19
11811	0	0	20	0	0	20
11812	0	19	1	0	0	20
11813	19	0	0	0	0	19
11814	20	0	0	0	0	20
11815	20	0	0	0	0	20
11816	0	20	0	0	0	20
11817	0	20	0	0	0	20
11818	0	0	0	20	0	20
11819	1	0	0	19	0	20
11820	0	0	20	0	0	20
11821	0	0	0	20	0	20
11822	21	0	0	0	0	21
11823	0	0	0	21	0	21
11824	0	19	0	0	0	19
11825	21	0	0	0	0	21
11826	21	0	0	0	0	21
11827	23	0	0	0	0	23
11828	0	0	22	0	0	22
11829	1	0	0	23	0	24
11830	26	0	0	0	0	26
11831	0	0	25	0	0	25
11832	0	24	0	0	0	24
11833	0	17	0	0	0	17
11834	18	0	0	0	0	18
11835	0	17	0	0	0	17
11836	0	0	0	17	0	17
11837	0	0	17	0	0	17
11838	0	0	0	16	0	16
11839	17	0	0	0	0	17
11840	0	17	0	0	0	17
11841	17	0	0	0	0	17
11842	0	0	17	0	0	17
11843	0	0	0	17	0	17
11844	0	17	0	0	0	17
11845	0	0	0	17	0	17
11846	19	0	0	0	0	19
11847	19	0	0	0	0	19
11848	19	0	0	0	0	19
11849	19	0	0	0	0	19
11850	0	0	0	16	0	16
11851	0	0	18	0	0	18
11852	0	0	0	18	0	18
11853	0	18	0	0	0	18
11854	17	0	0	0	0	17
11855	0	0	18	0	0	18
11856	17	0	0	0	0	17
11857	0	0	0	18	0	18
11858	0	0	17	0	0	17
11859	0	0	0	18	0	18
11860	18	0	0	0	0	18
11861	18	0	0	0	0	18
11862	17	0	0	0	0	17
11863	0	0	18	0	0	18
11864	0	0	0	19	0	19
11865	0	0	20	0	0	20
11866	0	20	0	0	0	20
11867	19	0	0	0	0	19
11868	0	18	0	0	0	18
11869	18	0	0	0	0	18
11870	0	0	0	20	0	20
11871	0	22	0	0	0	22
11872	22	0	0	0	0	22
11873	0	0	22	0	0	22
11874	0	0	0	22	0	22
11875	22	0	0	0	0	22
11876	0	0	21	0	0	21
11877	0	0	0	22	0	22
11878	0	23	0	0	0	23
11879	0	0	0	24	0	24
11880	0	0	0	23	0	23
11881	24	0	0	0	0	24
11882	0	24	0	0	0	24
11883	0	0	0	23	0	23
11884	0	24	0	0	0	24
11885	0	0	0	22	0	22
11886	0	22	0	0	0	22
11887	22	0	0	0	0	22
11888	0	0	22	0	0	22
11889	0	0	0	22	0	22
11890	0	0	0	22	0	22
11891	0	0	0	21	0	21
11892	0	0	0	21	0	21
11893	0	0	21	0	0	21
11894	0	24	0	0	0	24
11895	24	0	0	0	0	24
11896	24	0	0	0	0	24
11897	0	24	0	0	0	24
11898	26	0	0	0	0	26
11899	26	0	0	0	0	26
11900	0	26	0	0	0	26
11901	0	0	0	25	0	25
11902	0	26	0	0	0	26
11903	25	0	0	0	0	25
11904	0	0	26	0	0	26
11905	26	0	0	0	0	26
11906	0	0	26	0	0	26
11907	0	0	0	26	0	26
11908	26	0	0	0	0	26
11909	0	0	26	0	0	26
11910	26	0	0	0	0	26
11911	25	0	0	0	0	25
11912	0	0	0	26	0	26
11913	0	26	0	0	0	26
11914	26	0	0	0	0	26
11915	0	0	0	26	0	26
11916	0	26	0	0	0	26
11917	25	0	0	0	0	25
11918	0	0	0	25	0	25
11919	0	25	0	0	0	25
11920	0	0	0	25	0	25
11921	25	0	0	0	0	25
11922	24	0	0	0	0	24
11923	24	0	0	0	0	24
11924	0	0	0	23	0	23
11925	0	0	0	24	0	24
11926	0	0	27	0	0	27
11927	0	0	0	24	0	24
11928	0	0	24	0	0	24
11929	0	0	23	0	0	23
11930	0	0	20	0	0	20
11931	0	27	0	0	0	27
11932	0	0	0	28	0	28
11933	0	35	0	0	0	35
11934	34	0	0	1	0	35
11935	35	0	0	0	0	35
11936	0	0	0	38	0	38
11937	0	0	40	0	0	40
11938	0	0	1	40	0	41
11939	0	0	40	1	0	41
11940	0	0	1	41	0	42
11941	0	42	0	1	0	43
11942	0	43	0	0	0	43
11943	42	2	0	0	0	44
11944	2	0	42	0	0	44
11945	1	0	1	42	0	44
11946	0	0	0	42	0	42
11947	40	0	1	1	0	42
11948	1	40	0	1	0	42
11949	40	1	1	0	0	42
11950	1	40	0	1	0	42
11951	38	1	0	0	0	39
11952	38	1	0	0	0	39
11953	2	0	0	40	0	42
11954	0	0	40	1	0	41
11955	38	0	1	1	0	40
11956	1	39	0	1	0	41
11957	41	1	0	0	0	42
11958	1	1	0	39	0	41
11959	1	0	0	40	0	41
11960	0	41	0	1	0	42
11961	1	1	0	40	0	42
11962	0	41	0	1	0	42
11963	0	1	0	42	0	43
11964	0	0	1	41	0	42
11965	40	0	0	1	0	41
11966	1	0	38	0	0	39
11967	1	38	1	0	0	40
11968	0	1	0	39	0	40
11969	37	0	0	2	0	39
11970	37	1	0	0	0	38
11971	34	0	0	1	0	35
11972	1	0	34	0	0	35
11973	34	0	1	1	0	36
11974	1	0	0	34	0	35
11975	35	0	0	1	0	36
11976	1	33	1	0	0	35
11977	0	1	0	34	0	35
11978	32	0	0	2	0	34
11979	2	32	0	0	0	34
11980	1	1	0	32	0	34
11981	1	0	30	1	0	32
11982	34	0	2	0	0	36
11983	37	0	0	0	0	37
11984	1	0	36	1	0	38
11985	1	34	1	0	0	36
11986	0	36	0	0	0	36
11987	0	1	0	38	0	39
11988	1	0	0	39	0	40
11989	0	1	0	39	0	40
11990	0	0	39	2	0	41
11991	40	0	2	0	0	42
11992	42	0	0	0	0	42
11993	42	0	0	0	0	42
11994	38	0	1	0	0	39
11995	38	0	0	0	0	38
11996	38	1	0	0	0	39
11997	1	0	0	40	0	41
11998	0	0	37	2	0	39
11999	0	0	37	1	0	38
12000	0	0	1	37	0	38
12001	1	0	0	37	0	38
12002	1	0	0	37	0	38
12003	1	35	0	1	0	37
12004	40	1	0	0	0	41
12005	2	40	0	0	0	42
12006	1	1	0	41	0	43
12007	42	0	0	2	0	44
12008	1	43	0	0	0	44
12009	0	1	0	43	0	44
12010	0	0	0	45	0	45
12011	0	0	0	43	0	43
12012	0	43	0	2	0	45
12013	0	2	0	43	0	45
12014	1	0	43	1	0	45
12015	0	1	1	44	0	46
12016	0	0	0	46	0	46
12017	0	0	0	48	0	48
12018	0	1	0	48	0	49
12019	0	0	46	2	0	48
12020	0	46	1	1	0	48
12021	0	1	0	50	0	51
12022	0	0	0	50	0	50
12023	0	0	0	49	0	49
12024	0	50	1	1	0	52
12025	0	48	0	1	0	49
12026	47	1	0	1	0	49
12027	1	0	0	48	0	49
12028	0	0	47	2	0	49
12029	0	46	2	0	0	48
12030	46	2	0	0	0	48
12031	1	0	41	1	0	43
12032	0	0	41	1	0	42
12033	0	0	35	0	0	35
12034	0	0	1	34	0	35
12035	0	0	34	1	0	35
12036	0	28	1	1	0	30
12037	0	0	0	30	0	30
12038	0	0	29	0	0	29
12039	0	0	0	28	0	28
12040	27	0	0	1	0	28
12041	0	0	29	1	0	30
12042	27	0	0	0	0	27
12043	0	30	0	0	0	30
12044	29	0	0	0	0	29
12045	1	0	0	29	0	30
12046	29	0	0	1	0	30
12047	28	0	1	0	0	29
12048	28	1	0	1	0	30
12049	1	34	0	0	0	35
12050	34	0	1	0	0	35
12051	34	0	1	0	0	35
12052	0	0	40	0	0	40
12053	0	37	0	1	0	38
12054	0	0	1	37	0	38
12055	0	1	0	37	0	38
12056	1	0	0	37	0	38
12057	0	0	38	0	0	38
12058	0	0	0	38	0	38
12059	1	0	37	0	0	38
12060	36	0	0	0	0	36
12061	37	0	0	0	0	37
12062	0	1	38	0	0	39
12063	37	0	0	0	0	37
12064	38	0	0	1	0	39
12065	39	0	0	0	0	39
12066	1	0	0	37	0	38
12067	1	0	38	0	0	39
12068	0	38	0	0	0	38
12069	1	0	0	37	0	38
12070	1	0	38	0	0	39
12071	0	0	37	0	0	37
12072	36	1	0	0	0	37
12073	0	38	0	1	0	39
12074	38	0	0	2	0	40
12075	39	0	0	0	0	39
12076	0	40	1	0	0	41
12077	40	0	0	1	0	41
12078	0	0	40	0	0	40
12079	1	0	40	0	0	41
12080	1	0	39	0	0	40
12081	0	39	0	0	0	39
12082	37	0	0	0	0	37
12083	38	0	0	0	0	38
12084	1	36	0	0	0	37
12085	0	36	0	1	0	37
12086	0	0	1	33	0	34
12087	0	1	0	34	0	35
12088	34	0	0	1	0	35
12089	0	35	0	0	0	35
12090	33	0	1	0	0	34
12091	33	0	0	0	0	33
12092	0	1	33	0	0	34
12093	1	33	0	0	0	34
12094	1	0	0	33	0	34
12095	33	1	0	0	0	34
12096	1	2	0	31	0	34
12097	30	0	1	0	0	31
12098	0	0	30	0	0	30
12099	0	30	0	0	0	30
12100	0	31	0	0	0	31
12101	1	2	0	28	0	31
12102	1	30	0	0	0	31
12103	29	3	0	0	0	32
12104	0	1	28	0	0	29
12105	26	0	0	1	0	27
12106	0	0	28	0	0	28
12107	1	0	0	25	0	26
12108	0	1	0	25	0	26
12109	1	0	0	24	0	25
12110	26	0	0	0	0	26
12111	0	0	27	0	0	27
12112	0	1	0	27	0	28
12113	0	0	0	28	0	28
12114	1	25	0	0	0	26
12115	0	26	0	1	0	27
12116	1	26	0	0	0	27
12117	0	0	0	25	0	25
12118	0	0	0	25	0	25
12119	0	23	0	0	0	23
12120	0	25	0	0	0	25
12121	21	0	0	0	0	21
12122	0	0	0	22	0	22
12123	0	22	0	0	0	22
12124	22	0	0	0	0	22
12125	0	0	0	21	0	21
12126	30	0	0	0	0	30
12127	0	0	1	35	0	36
12128	0	0	36	0	0	36
12129	0	37	0	0	0	37
12130	33	0	0	0	0	33
12131	0	0	37	0	0	37
12132	0	36	0	0	0	36
12133	0	0	0	40	0	40
12134	0	0	0	40	0	40
12135	0	0	0	39	0	39
12136	0	0	0	39	0	39
12137	0	0	39	0	0	39
12138	0	39	0	0	0	39
12139	0	0	0	39	0	39
12140	38	0	0	0	0	38
12141	0	38	0	0	0	38
12142	0	0	0	38	0	38
12143	0	0	38	0	0	38
12144	0	38	0	0	0	38
12145	0	0	0	35	0	35
12146	0	38	0	0	0	38
12147	38	0	0	0	0	38
12148	38	0	0	0	0	38
12149	0	0	32	0	0	32
12150	31	0	0	0	0	31
12151	32	0	0	0	0	32
12152	0	0	28	0	0	28
12153	0	26	0	0	0	26
12154	0	0	0	28	0	28
12155	0	0	0	28	0	28
12156	27	0	0	0	0	27
12157	0	0	0	27	0	27
12158	0	0	28	0	0	28
12159	26	0	0	0	0	26
12160	0	0	28	0	0	28
12161	0	28	0	0	0	28
12162	26	0	0	0	0	26
12163	0	0	27	0	0	27
12164	0	0	26	0	0	26
12165	0	27	0	0	0	27
12166	0	0	0	26	0	26
12167	0	0	27	0	0	27
12168	0	0	0	26	0	26
12169	0	0	0	27	0	27
12170	0	0	28	0	0	28
12171	0	28	0	0	0	28
12172	0	0	0	28	0	28
12173	27	0	0	0	0	27
12174	26	0	0	0	0	26
12175	0	0	0	26	0	26
12176	0	0	26	0	0	26
12177	0	0	28	0	0	28
12178	0	0	0	29	0	29
12179	0	0	29	0	0	29
12180	30	0	0	0	0	30
12181	0	0	0	30	0	30
12182	0	0	0	29	0	29
12183	0	30	0	0	0	30
12184	0	0	0	30	0	30
12185	0	0	29	0	0	29
12186	28	0	0	0	0	28
12187	29	0	0	0	0	29
12188	0	0	32	0	0	32
12189	0	0	0	34	0	34
12190	0	0	0	36	0	36
12191	0	0	35	1	0	36
12192	0	0	1	35	0	36
12193	0	0	1	38	0	39
12194	0	39	0	1	0	40
12195	0	1	0	40	0	41
12196	0	0	0	41	0	41
12197	39	0	0	1	0	40
12198	39	0	0	0	0	39
12199	41	0	0	0	0	41
12200	41	0	0	0	0	41
12201	41	0	0	0	0	41
12202	1	0	40	0	0	41
12203	0	0	1	39	0	40
12204	0	0	0	41	0	41
12205	0	0	40	1	0	41
12206	38	0	1	0	0	39
12207	40	0	0	0	0	40
12208	1	0	37	0	0	38
12209	42	0	1	0	0	43
12210	42	0	0	0	0	42
12211	1	0	40	0	0	41
12212	0	0	1	39	0	40
12213	0	39	0	1	0	40
12214	0	1	0	37	0	38
12215	0	0	0	40	0	40
12216	0	0	0	39	0	39
12217	0	0	38	1	0	39
12218	36	0	1	0	0	37
12219	40	0	0	0	0	40
12220	1	0	0	39	0	40
12221	0	0	39	1	0	40
12222	0	0	1	39	0	40
12223	0	0	39	1	0	40
12224	0	0	40	0	0	40
12225	0	39	1	0	0	40
12226	1	1	0	30	0	32
12227	25	0	0	1	0	26
12228	25	0	0	0	0	25
12229	26	0	0	0	0	26
12230	1	0	0	25	0	26
12231	0	29	0	1	0	30
12232	0	1	0	28	0	29
12233	0	0	27	1	0	28
12234	30	0	1	0	0	31
12235	31	0	0	0	0	31
12236	1	0	0	30	0	31
12237	0	0	0	31	0	31
12238	0	0	0	31	0	31
12239	0	0	30	1	0	31
12240	27	0	1	0	0	28
12241	1	30	0	1	0	32
12242	0	32	0	0	0	32
12243	0	1	31	0	0	32
12244	0	0	1	31	0	32
12245	0	0	31	1	0	32
12246	31	0	1	0	0	32
12247	1	0	0	30	0	31
12248	0	0	31	1	0	32
12249	0	35	1	0	0	36
12250	36	1	0	0	0	37
12251	1	0	36	0	0	37
12252	1	35	1	0	0	37
12253	0	37	1	0	0	38
12254	36	2	0	0	0	38
12255	1	1	0	36	0	38
12256	1	0	36	1	0	38
12257	0	36	1	1	0	38
12258	36	1	1	0	0	38
12259	38	1	0	0	0	39
12260	3	36	0	0	0	39
12261	1	2	39	0	0	42
12262	0	1	2	39	0	42
12263	39	0	1	2	0	42
12264	41	0	0	1	0	42
12265	3	0	39	0	0	42
12266	1	0	2	37	0	40
12267	0	0	1	40	0	41
12268	0	0	39	3	0	42
12269	0	0	39	1	0	40
12270	39	0	3	0	0	42
12271	41	0	1	0	0	42
12272	42	0	0	0	0	42
12273	42	0	0	0	0	42
12274	3	0	38	0	0	41
12275	40	0	2	0	0	42
12276	2	0	1	39	0	42
12277	1	0	41	2	0	44
12278	0	0	41	1	0	42
12279	0	39	3	0	0	42
12280	0	2	0	38	0	40
12281	0	1	39	2	0	42
12282	38	0	2	1	0	41
12283	2	0	1	36	0	39
12284	1	38	0	2	0	41
12285	39	2	0	1	0	42
12286	41	1	0	0	0	42
12287	3	0	39	0	0	42
12288	1	37	2	0	0	40
12289	0	1	1	33	0	35
12290	34	1	0	1	0	36
12291	1	0	0	35	0	36
12292	1	0	34	1	0	36
12293	26	0	1	1	0	28
12294	1	28	1	0	0	30
12295	1	32	0	0	0	33
12296	0	36	0	0	0	36
12297	34	1	0	0	0	35
12298	35	1	0	0	0	36
12299	36	0	0	0	0	36
12300	2	0	0	33	0	35
12301	1	0	34	1	0	36
12302	0	0	1	38	0	39
12303	37	0	1	1	0	39
12304	1	0	0	38	0	39
12305	38	0	0	1	0	39
12306	38	0	0	1	0	39
12307	39	0	0	0	0	39
12308	2	36	0	0	0	38
12309	34	1	0	0	0	35
12310	1	1	34	0	0	36
12311	2	0	38	0	0	40
12312	0	38	2	0	0	40
12313	0	1	1	39	0	41
12314	39	1	0	1	0	41
12315	1	0	39	1	0	41
12316	40	0	1	0	0	41
12317	1	0	1	37	0	39
12318	1	39	0	1	0	41
12319	0	1	0	38	0	39
12320	0	1	41	1	0	43
12321	36	0	1	1	0	38
12322	1	0	41	0	0	42
12323	1	0	41	0	0	42
12324	38	0	2	1	0	41
12325	1	43	1	0	0	45
12326	44	1	0	0	0	45
12327	44	1	0	0	0	45
12328	2	0	43	0	0	45
12329	41	0	1	0	0	42
12330	1	0	43	0	0	44
12331	1	0	39	0	0	40
12332	0	0	40	0	0	40
12333	0	36	2	0	0	38
12334	35	1	1	0	0	37
12335	36	1	0	0	0	37
12336	37	0	0	0	0	37
12337	37	0	0	0	0	37
12338	2	0	35	0	0	37
12339	1	0	1	34	0	36
12340	0	0	1	36	0	37
12341	34	0	0	2	0	36
12342	1	33	0	1	0	35
12343	1	1	0	34	0	36
12344	34	1	0	1	0	36
12345	1	0	35	1	0	37
12346	1	0	1	34	0	36
12347	0	0	37	1	0	38
12348	0	36	1	1	0	38
12349	0	1	1	31	0	33
12350	31	0	0	1	0	32
12351	1	0	0	30	0	31
12352	0	0	31	1	0	32
12353	0	31	1	0	0	32
12354	35	1	0	0	0	36
12355	1	0	35	0	0	36
12356	34	0	1	0	0	35
12357	1	33	0	0	0	34
12358	34	0	0	0	0	34
12359	35	0	0	0	0	35
12360	0	0	0	35	0	35
12361	0	0	33	0	0	33
12362	0	32	0	0	0	32
12363	0	0	0	37	0	37
12364	0	0	0	40	0	40
12365	0	0	0	42	0	42
12366	0	0	0	42	0	42
12367	0	42	0	0	0	42
12368	45	0	0	0	0	45
12369	0	46	0	0	0	46
12370	0	0	0	48	0	48
12371	48	0	0	0	0	48
12372	0	0	0	48	0	48
12373	0	0	47	0	0	47
12374	0	48	0	0	0	48
12375	0	0	0	48	0	48
12376	0	0	0	47	0	47
12377	43	0	0	0	0	43
12378	0	0	44	0	0	44
12379	44	0	0	0	0	44
12380	44	0	0	0	0	44
12381	44	0	0	0	0	44
12382	0	0	44	0	0	44
12383	0	0	0	43	0	43
12384	0	0	0	44	0	44
12385	0	0	44	0	0	44
12386	0	0	45	0	0	45
12387	45	0	0	0	0	45
12388	0	0	0	44	0	44
12389	45	0	0	0	0	45
12390	48	0	0	0	0	48
12391	0	0	0	48	0	48
12392	0	0	53	1	0	54
12393	51	0	0	1	0	52
12394	1	0	0	54	0	55
12395	0	1	49	1	0	51
12396	1	49	0	1	0	51
12397	49	2	0	0	0	51
12398	1	48	0	1	0	50
12399	0	1	0	46	0	47
12400	0	49	0	2	0	51
12401	50	0	1	0	0	51
12402	44	0	0	1	0	45
12403	0	46	1	1	0	48
12404	46	1	0	1	0	48
12405	47	0	0	1	0	48
12406	0	46	1	1	0	48
12407	48	0	0	0	0	48
12408	1	0	1	46	0	48
12409	2	0	0	45	0	47
12410	47	0	1	0	0	48
12411	1	0	0	41	0	42
12412	0	41	1	1	0	43
12413	40	0	0	1	0	41
12414	39	0	1	1	0	41
12415	1	41	1	0	0	43
12416	40	0	1	1	0	42
12417	43	0	0	0	0	43
12418	1	0	0	42	0	43
12419	1	0	40	1	0	42
12420	1	38	1	0	0	40
12421	39	0	0	1	0	40
12422	38	0	1	1	0	40
12423	1	0	39	0	0	40
12424	38	1	0	1	0	40
12425	1	0	37	0	0	38
12426	35	1	0	0	0	36
12427	1	0	0	36	0	37
12428	0	2	36	0	0	38
12429	1	0	36	1	0	38
12430	1	1	0	36	0	38
12431	1	1	0	34	0	36
12432	2	0	34	0	0	36
12433	1	1	0	33	0	35
12434	1	2	34	0	0	37
12435	3	0	0	35	0	38
12436	0	2	0	34	0	36
12437	1	34	0	2	0	37
12438	2	32	0	1	0	35
12439	0	35	0	3	0	38
12440	2	0	1	34	0	37
12441	1	1	0	36	0	38
12442	1	1	34	1	0	37
12443	35	1	0	1	0	37
12444	36	0	0	0	0	36
12445	1	33	1	0	0	35
12446	35	0	0	1	0	36
12447	2	0	1	33	0	36
12448	34	1	0	1	0	36
12449	33	0	2	0	0	35
12450	1	1	0	34	0	36
12451	34	0	1	1	0	36
12452	2	33	1	0	0	36
12453	0	33	2	0	0	35
12454	3	0	0	28	0	31
12455	0	29	1	2	0	32
12456	2	0	0	28	0	30
12457	1	0	1	30	0	32
12458	29	0	1	2	0	32
12459	0	33	2	1	0	36
12460	33	0	1	1	0	35
12461	31	0	0	3	0	34
12462	0	32	2	0	0	34
12463	27	1	0	2	0	30
12464	1	0	26	0	0	27
12465	0	23	0	0	0	23
12466	22	0	0	0	0	22
12467	0	0	22	0	0	22
12468	0	21	0	0	0	21
12469	0	19	0	0	0	19
12470	18	0	0	0	0	18
12471	18	0	0	0	0	18
12472	18	0	0	0	0	18
12473	0	18	0	0	0	18
12474	0	0	0	18	0	18
12475	19	0	0	0	0	19
12476	18	0	0	0	0	18
12477	0	0	0	19	0	19
12478	0	0	19	0	0	19
12479	0	0	18	0	0	18
12480	1	0	0	18	0	19
12481	0	0	0	19	0	19
12482	0	0	19	0	0	19
12483	0	0	0	18	0	18
12484	0	19	0	0	0	19
12485	19	0	0	0	0	19
12486	0	0	0	18	0	18
12487	18	0	0	0	0	18
12488	0	18	0	0	0	18
12489	0	19	0	0	0	19
12490	15	0	0	0	0	15
12491	0	0	15	0	0	15
12492	7	0	0	0	0	7
12493	0	10	0	0	0	10
12494	0	0	0	9	0	9
12495	9	0	0	0	0	9
12496	0	0	0	9	0	9
12497	10	0	0	0	0	10
12498	11	0	0	0	0	11
12499	0	12	0	0	0	12
12500	12	0	0	0	0	12
12501	0	12	0	0	0	12
12502	12	0	0	0	0	12
12503	0	0	0	12	0	12
12504	12	0	0	0	0	12
12505	0	0	0	12	0	12
12506	12	0	0	0	0	12
12507	12	0	0	0	0	12
12508	12	0	0	0	0	12
12509	12	0	0	0	0	12
12510	12	0	0	0	0	12
12511	0	0	0	14	0	14
12512	14	0	0	1	0	15
12513	1	13	0	0	0	14
12514	0	1	13	0	0	14
12515	0	0	1	13	0	14
12516	0	0	14	1	0	15
12517	0	0	1	14	0	15
12518	0	0	14	1	0	15
12519	13	0	1	0	0	14
12520	1	0	0	15	0	16
12521	0	0	14	1	0	15
12522	0	0	20	0	0	20
12523	0	0	1	19	0	20
12524	22	0	0	1	0	23
12525	1	22	0	0	0	23
12526	24	1	0	0	0	25
12527	25	0	0	0	0	25
12528	1	24	0	0	0	25
12529	27	1	0	0	0	28
12530	1	0	0	27	0	28
12531	0	0	0	28	0	28
12532	0	0	0	28	0	28
12533	27	0	0	1	0	28
12534	0	27	0	0	0	27
12535	0	1	0	28	0	29
12536	0	0	0	28	0	28
12537	28	0	0	1	0	29
12538	1	0	0	29	0	30
12539	0	0	30	1	0	31
12540	0	29	1	0	0	30
12541	29	1	0	0	0	30
12542	1	0	0	29	0	30
12543	0	30	0	1	0	31
12544	29	1	0	0	0	30
12545	1	0	30	0	0	31
12546	0	30	1	0	0	31
12547	29	1	0	0	0	30
12548	1	0	0	30	0	31
12549	0	0	0	31	0	31
12550	0	0	29	1	0	30
12551	0	0	1	29	0	30
12552	0	0	28	1	0	29
12553	0	0	31	0	0	31
12554	0	0	29	0	0	29
12555	31	0	1	0	0	32
12556	32	0	0	0	0	32
12557	31	0	0	0	0	31
12558	1	0	0	31	0	32
12559	0	27	0	1	0	28
12560	0	28	0	0	0	28
12561	27	1	0	0	0	28
12562	30	0	0	0	0	30
12563	1	29	0	0	0	30
12564	30	1	0	0	0	31
12565	1	0	29	0	0	30
12566	0	0	30	0	0	30
12567	0	0	1	29	0	30
12568	0	0	0	30	0	30
12569	0	0	30	1	0	31
12570	0	0	1	30	0	31
12571	30	0	0	1	0	31
12572	1	0	30	0	0	31
12573	28	0	1	0	0	29
12574	1	0	0	31	0	32
12575	0	0	30	1	0	31
12576	0	29	1	0	0	30
12577	29	1	0	0	0	30
12578	1	0	30	0	0	31
12579	31	0	1	0	0	32
12580	1	0	0	31	0	32
12581	31	0	0	1	0	32
12582	1	0	34	0	0	35
12583	0	0	1	31	0	32
12584	34	0	0	1	0	35
12585	35	0	0	0	0	35
12586	35	0	0	0	0	35
12587	37	0	0	0	0	37
12588	1	0	0	36	0	37
12589	0	0	0	34	0	34
12590	0	0	34	1	0	35
12591	0	0	1	35	0	36
12592	0	0	0	38	0	38
12593	0	39	0	2	0	41
12594	39	2	0	0	0	41
12595	40	0	0	0	0	40
12596	3	40	0	0	0	43
12597	0	3	0	39	0	42
12598	0	0	0	41	0	41
12599	37	0	0	3	0	40
12600	3	0	38	0	0	41
12601	0	0	3	37	0	40
12602	0	0	39	2	0	41
12603	38	0	3	0	0	41
12604	42	0	0	0	0	42
12605	42	0	0	0	0	42
12606	3	0	0	39	0	42
12607	0	0	0	42	0	42
12608	38	0	1	3	0	42
12609	3	0	39	0	0	42
12610	0	0	3	39	0	42
12611	36	0	0	2	0	38
12612	3	0	0	37	0	40
12613	0	0	39	2	0	41
12614	0	0	41	0	0	41
12615	39	0	2	0	0	41
12616	2	39	0	0	0	41
12617	39	2	0	0	0	41
12618	41	0	0	0	0	41
12619	2	0	0	39	0	41
12620	0	0	0	40	0	40
12621	0	38	0	2	0	40
12622	33	2	0	0	0	35
12623	2	33	0	0	0	35
12624	0	36	0	0	0	36
12625	0	2	0	34	0	36
12626	31	0	0	2	0	33
12627	33	0	0	0	0	33
12628	2	0	0	32	0	34
12629	0	0	0	30	0	30
12630	0	0	0	31	0	31
12631	29	0	0	2	0	31
12632	2	0	28	0	0	30
12633	0	29	2	0	0	31
12634	27	2	0	0	0	29
12635	2	0	0	27	0	29
12636	0	0	30	2	0	32
12637	0	0	32	0	0	32
12638	0	28	2	0	0	30
12639	0	31	0	0	0	31
12640	0	2	0	29	0	31
12641	0	28	0	2	0	30
12642	0	2	0	27	0	29
12643	0	0	0	30	0	30
12644	28	0	0	2	0	30
12645	2	0	0	30	0	32
12646	0	0	0	32	0	32
12647	0	0	30	2	0	32
12648	0	0	2	30	0	32
12649	30	0	0	2	0	32
12650	32	0	0	0	0	32
12651	2	32	0	0	0	34
12652	30	2	0	0	0	32
12653	2	0	33	0	0	35
12654	0	35	2	0	0	37
12655	0	2	0	35	0	37
12656	0	0	0	36	0	36
12657	0	0	0	36	0	36
12658	35	0	0	2	0	37
12659	35	0	0	0	0	35
12660	2	0	37	0	0	39
12661	0	0	39	0	0	39
12662	0	0	36	0	0	36
12663	0	33	2	0	0	35
12664	0	36	0	0	0	36
12665	34	2	0	0	0	36
12666	36	0	0	0	0	36
12667	2	0	0	34	0	36
12668	0	0	0	35	0	35
12669	0	33	0	2	0	35
12670	0	2	0	36	0	38
12671	0	0	37	2	0	39
12672	1	35	2	0	0	38
12673	0	2	0	36	0	38
12674	0	0	36	4	0	40
12675	0	0	1	38	0	39
12676	0	37	0	2	0	39
12677	38	2	0	0	0	40
12678	39	0	0	0	0	39
12679	38	0	0	0	0	38
12680	2	0	0	36	0	38
12681	0	0	0	38	0	38
12682	34	0	0	2	0	36
12683	2	35	0	0	0	37
12684	35	2	0	0	0	37
12685	2	0	42	0	0	44
12686	40	0	2	0	0	42
12687	42	0	0	0	0	42
12688	2	0	0	40	0	42
12689	40	0	0	2	0	42
12690	40	0	0	0	0	40
12691	2	0	0	40	0	42
12692	0	0	36	1	0	37
12693	36	0	1	0	0	37
12694	1	0	38	0	0	39
12695	0	36	0	0	0	36
12696	0	0	0	37	0	37
12697	0	0	0	38	0	38
12698	41	0	0	0	0	41
12699	0	0	41	0	0	41
12700	0	0	0	40	0	40
12701	0	41	0	0	0	41
12702	0	39	0	0	0	39
12703	0	0	0	40	0	40
12704	0	0	40	0	0	40
12705	0	0	0	39	0	39
12706	0	0	0	40	0	40
12707	0	0	38	0	0	38
12708	0	40	0	0	0	40
12709	39	0	0	0	0	39
12710	0	39	0	0	0	39
12711	0	0	0	40	0	40
12712	36	0	0	0	0	36
12713	0	37	0	0	0	37
12714	0	0	36	0	0	36
12715	36	0	0	0	0	36
12716	0	37	0	0	0	37
12717	36	0	0	0	0	36
12718	0	0	37	0	0	37
12719	36	0	0	0	0	36
12720	0	0	0	37	0	37
12721	0	0	39	0	0	39
12722	0	0	0	36	0	36
12723	0	35	0	0	0	35
12724	0	0	0	35	0	35
12725	0	0	0	36	0	36
12726	0	0	35	0	0	35
12727	0	0	0	34	0	34
12728	0	0	34	0	0	34
12729	0	36	0	0	0	36
12730	0	0	0	37	0	37
12731	0	0	38	0	0	38
12732	0	37	0	0	0	37
12733	0	38	0	0	0	38
12734	0	0	38	0	0	38
12735	0	0	37	0	0	37
12736	0	0	0	35	0	35
12737	34	0	0	0	0	34
12738	0	34	0	0	0	34
12739	0	0	0	35	0	35
12740	35	0	0	0	0	35
12741	0	34	0	0	0	34
12742	35	0	0	0	0	35
12743	0	35	0	0	0	35
12744	35	0	0	0	0	35
12745	35	0	0	0	0	35
12746	36	0	0	0	0	36
12747	0	38	0	0	0	38
12748	0	0	0	38	0	38
12749	0	0	36	0	0	36
12750	0	35	0	0	0	35
12751	0	0	0	35	0	35
12752	0	0	0	35	0	35
12753	0	0	34	0	0	34
12754	0	31	0	0	0	31
12755	31	0	0	0	0	31
12756	0	31	0	0	0	31
12757	0	0	0	31	0	31
12758	0	0	33	0	0	33
12759	30	0	0	0	0	30
12760	0	0	0	30	0	30
12761	0	0	30	0	0	30
12762	30	0	0	0	0	30
12763	0	30	0	0	0	30
12764	30	0	0	0	0	30
12765	30	0	0	0	0	30
12766	0	0	0	30	0	30
12767	0	0	32	0	0	32
12768	0	32	0	0	0	32
12769	0	0	32	0	0	32
12770	0	0	0	28	0	28
12771	0	0	0	28	0	28
12772	28	0	0	0	0	28
12773	0	0	30	0	0	30
12774	0	29	0	0	0	29
12775	0	0	0	29	0	29
12776	0	0	0	29	0	29
12777	29	0	0	0	0	29
12778	0	29	0	0	0	29
12779	0	0	0	29	0	29
12780	29	0	0	0	0	29
12781	0	29	0	0	0	29
12782	28	0	0	0	0	28
12783	28	0	0	0	0	28
12784	0	28	0	0	0	28
12785	22	0	0	0	0	22
12786	0	22	0	0	0	22
12787	22	0	0	0	0	22
12788	22	0	0	0	0	22
12789	0	22	0	0	0	22
12790	22	0	0	0	0	22
12791	22	0	0	0	0	22
12792	22	0	0	0	0	22
12793	0	0	22	0	0	22
12794	0	0	19	0	0	19
12795	0	0	20	0	0	20
12796	20	0	0	0	0	20
12797	0	0	19	0	0	19
12798	0	0	16	0	0	16
12799	0	0	0	16	0	16
12800	16	0	0	0	0	16
12801	0	0	16	0	0	16
12802	0	0	19	0	0	19
12803	0	0	0	20	0	20
12804	0	0	0	20	0	20
12805	0	0	0	20	0	20
12806	0	0	20	0	0	20
12807	0	0	0	20	0	20
12808	20	0	0	0	0	20
12809	0	20	0	0	0	20
12810	0	0	0	23	0	23
12811	0	0	0	23	0	23
12812	0	0	26	0	0	26
12813	0	26	0	0	0	26
12814	30	0	0	0	0	30
12815	0	30	0	0	0	30
12816	0	0	0	30	0	30
12817	0	0	30	0	0	30
12818	0	0	0	30	0	30
12819	0	0	0	31	0	31
12820	30	0	0	0	0	30
12821	0	0	0	29	0	29
12822	0	27	1	0	0	28
12823	0	28	0	0	0	28
12824	0	0	29	0	0	29
12825	29	0	0	0	0	29
12826	0	0	0	29	0	29
12827	0	0	0	29	0	29
12828	0	0	0	29	0	29
12829	29	0	0	0	0	29
12830	0	28	0	0	0	28
12831	28	0	0	0	0	28
12832	0	0	28	0	0	28
12833	0	0	28	0	0	28
12834	28	0	0	0	0	28
12835	0	0	0	28	0	28
12836	0	0	0	28	0	28
12837	0	0	0	28	0	28
12838	0	0	28	0	0	28
12839	28	0	0	0	0	28
12840	28	0	0	0	0	28
12841	28	0	0	0	0	28
12842	0	0	1	27	0	28
12843	0	0	28	0	0	28
12844	0	0	27	0	0	27
12845	0	0	27	0	0	27
12846	0	28	0	0	0	28
12847	0	0	0	26	0	26
12848	26	0	0	0	0	26
12849	0	0	27	0	0	27
12850	29	0	0	0	0	29
12851	0	0	0	29	0	29
12852	0	0	0	27	0	27
12853	0	29	0	0	0	29
12854	0	28	0	0	0	28
12855	0	30	0	0	0	30
12856	0	0	0	30	0	30
12857	29	0	0	0	0	29
12858	28	0	0	0	0	28
12859	0	0	28	0	0	28
12860	28	0	0	0	0	28
12861	0	0	28	0	0	28
12862	0	0	0	28	0	28
12863	0	0	28	0	0	28
12864	28	0	0	0	0	28
12865	0	0	0	28	0	28
12866	0	0	28	0	0	28
12867	0	1	23	0	0	24
12868	24	0	0	0	0	24
12869	25	0	0	0	0	25
12870	0	28	0	0	0	28
12871	0	0	0	29	0	29
12872	0	0	29	0	0	29
12873	0	0	27	0	0	27
12874	0	0	0	25	0	25
12875	26	0	0	0	0	26
12876	0	26	0	0	0	26
12877	0	0	0	25	0	25
12878	26	0	0	0	0	26
12879	0	0	0	25	0	25
12880	0	26	0	0	0	26
12881	0	0	0	26	0	26
12882	26	0	0	0	0	26
12883	0	0	0	26	0	26
12884	26	0	0	0	0	26
12885	0	28	0	0	0	28
12886	28	0	0	0	0	28
12887	0	0	28	0	0	28
12888	27	0	0	0	0	27
12889	27	0	0	0	0	27
12890	0	28	0	0	0	28
12891	0	0	0	28	0	28
12892	0	0	28	0	0	28
12893	0	0	28	0	0	28
12894	27	0	0	0	0	27
12895	26	0	0	0	0	26
12896	0	27	0	0	0	27
12897	0	26	0	0	0	26
12898	27	0	0	0	0	27
12899	0	27	0	0	0	27
12900	0	27	0	0	0	27
12901	0	0	0	27	0	27
12902	0	0	0	24	0	24
12903	0	0	23	0	0	23
12904	0	0	0	23	0	23
12905	23	0	0	0	0	23
12906	0	0	23	0	0	23
12907	0	0	22	0	0	22
12908	0	0	0	20	0	20
12909	0	0	0	23	0	23
12910	0	0	0	20	0	20
12911	0	0	20	0	0	20
12912	0	0	0	17	0	17
12913	0	0	0	17	0	17
12914	13	0	0	0	0	13
12915	0	13	0	0	0	13
12916	13	0	0	0	0	13
12917	0	0	13	0	0	13
12918	13	0	0	0	0	13
12919	0	13	0	0	0	13
12920	13	0	0	0	0	13
12921	0	12	1	0	0	13
12922	13	0	0	0	0	13
12923	1	12	0	0	0	13
12924	0	13	0	0	0	13
12925	0	0	0	13	0	13
12926	12	0	1	0	0	13
12927	12	0	1	0	0	13
12928	13	0	0	0	0	13
12929	1	0	12	0	0	13
12930	0	1	11	0	0	12
12931	0	1	0	11	0	12
12932	0	11	0	0	0	11
12933	0	12	0	0	0	12
12934	0	1	0	11	0	12
12935	11	0	0	1	0	12
12936	11	0	0	1	0	12
12937	11	0	1	0	0	12
12938	0	0	11	1	0	12
12939	1	0	0	11	0	12
12940	0	0	12	0	0	12
12941	11	0	1	0	0	12
12942	11	0	0	0	0	11
12943	0	0	11	1	0	12
12944	0	0	0	12	0	12
12945	11	0	1	0	0	12
12946	0	0	0	10	0	10
12947	0	0	0	10	0	10
12948	1	0	0	11	0	12
12949	10	1	0	0	0	11
12950	1	0	0	14	0	15
12951	12	0	1	0	0	13
12952	0	15	0	0	0	15
12953	0	1	0	16	0	17
12954	1	0	0	16	0	17
12955	0	1	0	15	0	16
12956	16	0	0	0	0	16
12957	0	1	0	15	0	16
12958	0	1	0	14	0	15
12959	15	0	0	1	0	16
12960	17	0	0	0	0	17
12961	16	0	0	0	0	16
12962	2	0	16	0	0	18
12963	1	0	17	0	0	18
12964	16	0	2	0	0	18
12965	0	0	1	17	0	18
12966	1	1	0	16	0	18
12967	16	1	0	1	0	18
12968	15	0	0	2	0	17
12969	17	0	0	0	0	17
12970	2	14	0	0	0	16
12971	15	0	0	0	0	15
12972	12	1	1	0	0	14
12973	1	13	0	1	0	15
12974	1	13	1	0	0	15
12975	1	1	0	13	0	15
12976	14	1	0	0	0	15
12977	13	0	1	1	0	15
12978	14	0	0	1	0	15
12979	2	0	0	13	0	15
12980	14	0	0	1	0	15
12981	0	0	15	2	0	17
12982	17	0	0	1	0	18
12983	1	0	17	0	0	18
12984	1	0	16	1	0	18
12985	0	0	1	14	0	15
12986	13	0	0	0	0	13
12987	0	0	0	15	0	15
12988	1	0	14	0	0	15
12989	0	0	14	1	0	15
12990	0	0	1	14	0	15
12991	14	0	1	0	0	15
12992	0	13	0	1	0	14
12993	1	0	0	14	0	15
12994	0	1	0	14	0	15
12995	0	0	14	1	0	15
12996	0	0	14	1	0	15
12997	0	0	1	14	0	15
12998	14	0	1	0	0	15
12999	0	0	14	1	0	15
13000	1	0	0	14	0	15
13001	0	0	1	13	0	14
13002	0	0	0	15	0	15
13003	14	0	0	1	0	15
13004	0	0	13	1	0	14
13005	1	14	0	0	0	15
13006	0	0	0	14	0	14
13007	0	1	17	0	0	18
13008	0	17	0	1	0	18
13009	0	17	1	0	0	18
13010	17	1	0	0	0	18
13011	0	19	0	0	0	19
13012	19	0	0	0	0	19
13013	0	1	18	0	0	19
13014	1	0	0	17	0	18
13015	17	0	1	0	0	18
13016	0	18	0	1	0	19
13017	1	0	17	0	0	18
13018	0	1	0	18	0	19
13019	0	18	1	0	0	19
13020	0	0	0	18	0	18
13021	18	1	0	0	0	19
13022	0	19	0	1	0	20
13023	21	0	0	0	0	21
13024	20	1	0	0	0	21
13025	1	0	21	0	0	22
13026	1	22	0	0	0	23
13027	0	0	1	22	0	23
13028	0	1	24	0	0	25
13029	0	0	25	1	0	26
13030	0	0	1	27	0	28
13031	30	0	1	0	0	31
13032	30	0	1	1	0	32
13033	1	0	0	31	0	32
13034	2	0	30	0	0	32
13035	1	29	0	1	0	31
13036	29	0	1	1	0	31
13037	29	1	1	0	0	31
13038	1	30	0	0	0	31
13039	31	0	0	0	0	31
13040	1	1	30	0	0	32
13041	31	1	0	0	0	32
13042	29	0	1	0	0	30
13043	1	0	31	0	0	32
13044	2	0	0	30	0	32
13045	1	0	31	0	0	32
13046	0	30	1	1	0	32
13047	0	30	1	1	0	32
13048	0	1	1	28	0	30
13049	0	2	28	0	0	30
13050	0	22	0	1	0	23
13051	0	24	1	1	0	26
13052	21	1	0	0	0	22
13053	20	2	0	0	0	22
13054	1	1	0	20	0	22
13055	2	0	0	18	0	20
13056	1	20	0	1	0	22
13057	20	0	0	2	0	22
13058	20	1	0	1	0	22
13059	1	20	0	0	0	21
13060	1	0	0	19	0	20
13061	1	0	19	0	0	20
13062	0	1	0	17	0	18
13063	19	0	0	1	0	20
13064	0	0	1	19	0	20
13065	0	0	0	20	0	20
13066	22	0	0	0	0	22
13067	0	0	0	22	0	22
13068	0	21	0	1	0	22
13069	1	0	0	21	0	22
13070	0	0	0	23	0	23
13071	0	1	0	20	0	21
13072	0	22	0	1	0	23
13073	0	0	0	23	0	23
13074	0	0	22	1	0	23
13075	0	1	0	21	0	22
13076	0	0	21	1	0	22
13077	0	24	1	0	0	25
13078	0	0	0	26	0	26
13079	0	0	1	24	0	25
13080	0	1	0	24	0	25
13081	0	0	0	25	0	25
13082	0	0	24	1	0	25
13083	0	23	0	1	0	24
13084	0	0	0	25	0	25
13085	0	0	25	0	0	25
13086	0	1	0	22	0	23
13087	24	0	0	1	0	25
13088	0	1	24	0	0	25
13089	23	0	0	1	0	24
13090	1	0	0	24	0	25
13091	0	0	25	0	0	25
13092	1	24	0	0	0	25
13093	0	0	0	25	0	25
13094	0	0	27	0	0	27
13095	0	29	0	0	0	29
13096	0	0	0	29	0	29
13097	28	0	1	0	0	29
13098	28	1	0	0	0	29
13099	28	0	0	1	0	29
13100	1	0	31	0	0	32
13101	1	31	0	0	0	32
13102	1	0	0	32	0	33
13103	0	0	1	33	0	34
13104	31	1	0	1	0	33
13105	1	31	0	1	0	33
13106	32	1	0	1	0	34
13107	31	0	0	0	0	31
13108	30	1	0	0	0	31
13109	2	0	29	0	0	31
13110	29	0	1	0	0	30
13111	2	0	0	28	0	30
13112	0	0	1	29	0	30
13113	29	0	0	1	0	30
13114	1	0	0	29	0	30
13115	0	28	0	2	0	30
13116	1	1	0	28	0	30
13117	28	0	0	2	0	30
13118	1	1	28	0	0	30
13119	0	28	1	1	0	30
13120	1	1	0	28	0	30
13121	28	0	1	1	0	30
13122	1	1	25	0	0	27
13123	0	0	1	27	0	28
13124	1	0	26	1	0	28
13125	0	0	25	0	0	25
13126	0	0	26	1	0	27
13127	0	0	27	0	0	27
13128	0	0	25	0	0	25
13129	21	0	3	0	0	24
13130	1	21	0	0	0	22
13131	18	1	0	0	0	19
13132	19	0	0	0	0	19
13133	1	21	0	0	0	22
13134	0	22	0	0	0	22
13135	21	1	0	0	0	22
13136	22	0	0	0	0	22
13137	1	0	0	21	0	22
13138	0	21	0	1	0	22
13139	21	1	0	0	0	22
13140	1	21	0	0	0	22
13141	0	1	0	21	0	22
13142	21	0	0	1	0	22
13143	22	0	0	0	0	22
13144	1	0	0	21	0	22
13145	0	0	0	22	0	22
13146	0	0	21	1	0	22
13147	0	0	1	21	0	22
13148	0	0	21	1	0	22
13149	0	0	1	21	0	22
13150	0	0	0	22	0	22
13151	21	0	0	1	0	22
13152	22	0	0	0	0	22
13153	1	0	20	0	0	21
13154	20	0	1	0	0	21
13155	1	0	0	21	0	22
13156	0	0	21	1	0	22
13157	0	0	1	21	0	22
13158	0	0	0	22	0	22
13159	0	0	22	1	0	23
13160	0	0	1	20	0	21
13161	0	0	22	1	0	23
13162	0	0	1	24	0	25
13163	24	0	0	1	0	25
13164	1	24	0	0	0	25
13165	25	1	0	0	0	26
13166	1	22	0	0	0	23
13167	22	1	0	0	0	23
13168	1	22	0	0	0	23
13169	22	1	0	0	0	23
13170	1	22	0	0	0	23
13171	0	1	0	22	0	23
13172	0	0	22	1	0	23
13173	0	0	23	0	0	23
13174	0	0	1	22	0	23
13175	22	0	0	1	0	23
13176	1	22	0	0	0	23
13177	0	1	0	19	0	20
13178	0	0	19	1	0	20
13179	0	0	19	0	0	19
13180	0	0	1	19	0	20
13181	0	17	0	1	0	18
13182	17	1	0	0	0	18
13183	1	0	17	0	0	18
13184	0	0	18	0	0	18
13185	0	19	1	0	0	20
13186	19	1	0	0	0	20
13187	20	0	0	0	0	20
13188	1	0	0	19	0	20
13189	19	0	0	1	0	20
13190	20	0	0	0	0	20
13191	1	21	0	0	0	22
13192	21	1	0	0	0	22
13193	1	0	23	0	0	24
13194	0	0	1	21	0	22
13195	0	0	0	20	0	20
13196	19	0	0	1	0	20
13197	1	19	0	0	0	20
13198	20	1	0	0	0	21
13199	1	20	0	0	0	21
13200	0	18	0	0	0	18
13201	0	1	16	0	0	17
13202	0	0	14	0	0	14
13203	16	0	0	0	0	16
13204	16	0	0	0	0	16
13205	0	0	16	0	0	16
13206	0	15	0	0	0	15
13207	0	16	0	0	0	16
13208	16	0	0	0	0	16
13209	16	0	0	0	0	16
13210	0	0	0	16	0	16
13211	17	0	0	0	0	17
13212	0	0	0	17	0	17
13213	0	0	17	0	0	17
13214	0	0	17	0	0	17
13215	16	0	0	0	0	16
13216	0	0	0	17	0	17
13217	0	18	0	0	0	18
13218	18	0	0	0	0	18
13219	18	0	0	0	0	18
13220	0	0	18	0	0	18
13221	18	0	0	0	0	18
13222	18	0	0	0	0	18
13223	0	0	0	18	0	18
13224	0	17	0	0	0	17
13225	0	20	0	0	0	20
13226	0	0	0	22	0	22
13227	0	0	0	21	0	21
13228	0	0	0	21	0	21
13229	0	0	21	0	0	21
13230	0	0	21	0	0	21
13231	0	0	0	19	0	19
13232	0	0	21	0	0	21
13233	0	0	19	0	0	19
13234	0	0	0	19	0	19
13235	0	0	25	0	0	25
13236	0	25	0	0	0	25
13237	27	0	0	0	0	27
13238	0	0	0	27	0	27
13239	0	27	0	0	0	27
13240	0	0	28	0	0	28
13241	0	0	0	27	0	27
13242	0	0	28	0	0	28
13243	0	0	0	30	0	30
13244	0	0	0	30	0	30
13245	0	0	30	0	0	30
13246	0	0	0	29	0	29
13247	0	30	0	0	0	30
13248	0	0	0	30	0	30
13249	0	0	29	0	0	29
13250	0	0	0	30	0	30
13251	30	0	0	0	0	30
13252	0	30	0	0	0	30
13253	0	0	0	30	0	30
13254	0	0	30	0	0	30
13255	0	28	0	0	0	28
13256	0	30	0	0	0	30
13257	0	0	30	0	0	30
13258	0	0	0	29	0	29
13259	0	0	0	29	0	29
13260	0	0	30	0	0	30
13261	0	30	0	0	0	30
13262	0	28	0	0	0	28
13263	28	0	0	0	0	28
13264	0	30	0	0	0	30
13265	29	0	0	0	0	29
13266	0	0	0	29	0	29
13267	30	0	0	0	0	30
13268	0	0	29	0	0	29
13269	30	0	0	0	0	30
13270	0	0	0	30	0	30
13271	0	29	0	1	0	30
13272	30	0	0	0	0	30
13273	1	0	0	29	0	30
13274	0	31	0	0	0	31
13275	0	33	0	0	0	33
13276	35	1	0	0	0	36
13277	36	0	0	0	0	36
13278	36	0	0	0	0	36
13279	1	0	0	35	0	36
13280	0	35	0	1	0	36
13281	0	36	0	0	0	36
13282	0	1	0	35	0	36
13283	34	0	0	1	0	35
13284	34	0	0	0	0	34
13285	35	0	0	0	0	35
13286	1	1	35	0	0	37
13287	0	0	37	0	0	37
13288	37	0	1	0	0	38
13289	1	0	0	36	0	37
13290	0	0	0	38	0	38
13291	0	0	0	35	0	35
13292	0	0	0	36	0	36
13293	0	0	37	1	0	38
13294	0	0	1	37	0	38
13295	0	0	36	1	0	37
13296	37	0	1	0	0	38
13297	1	36	0	0	0	37
13298	0	1	1	36	0	38
13299	0	1	0	36	0	37
13300	35	0	0	1	0	36
13301	37	0	0	1	0	38
13302	37	0	0	0	0	37
13303	37	0	1	0	0	38
13304	1	0	36	1	0	38
13305	0	0	36	0	0	36
13306	0	0	1	36	0	37
13307	36	0	0	2	0	38
13308	37	0	1	0	0	38
13309	1	0	35	1	0	37
13310	0	1	1	35	0	37
13311	34	0	0	1	0	35
13312	1	0	1	34	0	36
13313	0	0	35	2	0	37
13314	1	0	1	35	0	37
13315	34	1	0	1	0	36
13316	1	35	0	1	0	37
13317	34	1	1	0	0	36
13318	35	0	0	0	0	35
13319	35	1	0	0	0	36
13320	1	0	1	33	0	35
13321	34	0	0	2	0	36
13322	1	35	0	1	0	37
13323	0	38	0	0	0	38
13324	0	2	0	37	0	39
13325	35	2	0	1	0	38
13326	2	36	0	0	0	38
13327	38	2	0	1	0	41
13328	47	0	0	0	0	47
13329	1	48	0	1	0	50
13330	2	1	0	48	0	51
13331	1	0	1	49	0	51
13332	1	1	49	1	0	52
13333	0	0	1	51	0	52
13334	0	1	49	2	0	52
13335	0	43	2	0	0	45
13336	0	1	0	44	0	45
13337	41	0	1	1	0	43
13338	41	1	0	0	0	42
13339	1	0	0	42	0	43
13340	1	0	40	1	0	42
13341	41	0	0	0	0	41
13342	1	40	0	1	0	42
13343	0	41	1	0	0	42
13344	1	38	0	0	0	39
13345	0	2	0	37	0	39
13346	0	1	37	1	0	39
13347	0	1	1	37	0	39
13348	0	0	37	2	0	39
13349	0	0	39	0	0	39
13350	0	0	38	1	0	39
13351	0	0	2	36	0	38
13352	0	0	0	38	0	38
13353	0	0	1	38	0	39
13354	0	0	0	39	0	39
13355	37	0	0	2	0	39
13356	1	37	0	1	0	39
13357	37	1	0	1	0	39
13358	2	39	0	0	0	41
13359	0	2	0	39	0	41
13360	1	0	0	39	0	40
13361	37	1	0	1	0	39
13362	39	0	0	1	0	40
13363	39	0	0	1	0	40
13364	38	0	0	0	0	38
13365	38	0	0	0	0	38
13366	2	40	0	0	0	42
13367	40	1	0	0	0	41
13368	2	39	0	0	0	41
13369	39	2	0	0	0	41
13370	2	0	41	0	0	43
13371	0	1	1	40	0	42
13372	1	41	0	1	0	43
13373	0	1	1	43	0	45
13374	0	0	41	2	0	43
13375	0	1	0	39	0	40
13376	39	0	0	1	0	40
13377	0	39	1	0	0	40
13378	0	37	0	1	0	38
13379	1	0	43	0	0	44
13380	0	1	0	41	0	42
13381	0	43	0	0	0	43
13382	0	0	1	43	0	44
13383	0	0	44	1	0	45
13384	0	45	0	0	0	45
13385	0	0	44	1	0	45
13386	0	0	41	0	0	41
13387	1	0	0	40	0	41
13388	41	0	1	0	0	42
13389	0	0	1	41	0	42
13390	0	0	41	1	0	42
13391	1	0	0	41	0	42
13392	0	0	39	1	0	40
13393	0	0	38	0	0	38
13394	38	0	0	1	0	39
13395	42	0	1	0	0	43
13396	42	0	1	0	0	43
13397	0	0	41	0	0	41
13398	1	0	42	0	0	43
13399	1	0	0	42	0	43
13400	1	0	1	40	0	42
13401	41	0	1	0	0	42
13402	0	0	0	42	0	42
13403	0	0	42	0	0	42
13404	1	0	41	0	0	42
13405	0	42	0	1	0	43
13406	0	0	1	43	0	44
13407	0	0	44	0	0	44
13408	0	1	0	43	0	44
13409	43	0	0	1	0	44
13410	0	0	43	0	0	43
13411	0	0	0	42	0	42
13412	1	0	0	42	0	43
13413	0	0	44	0	0	44
13414	0	0	0	43	0	43
13415	0	0	43	1	0	44
13416	41	0	1	0	0	42
13417	0	0	0	43	0	43
13418	0	43	1	0	0	44
13419	44	0	0	0	0	44
13420	42	0	0	0	0	42
13421	0	44	0	0	0	44
13422	3	5	0	31	0	39
13423	0	39	0	0	0	39
13424	0	39	0	0	0	39
13425	0	0	38	0	0	38
13426	0	35	0	0	0	35
13427	0	0	31	2	0	33
13428	22	1	0	2	0	25
13429	23	0	0	0	0	23
13430	0	23	0	0	0	23
13431	0	23	0	0	0	23
13432	0	21	0	0	0	21
13433	21	0	0	0	0	21
13434	0	0	0	20	0	20
13435	0	0	22	0	0	22
13436	0	22	0	0	0	22
13437	0	0	0	22	0	22
13438	0	0	0	22	0	22
13439	0	24	0	0	0	24
13440	26	0	0	0	0	26
13441	0	0	26	0	0	26
13442	0	0	0	32	0	32
13443	0	35	0	0	0	35
13444	35	0	0	0	0	35
13445	0	0	35	0	0	35
13446	0	35	0	0	0	35
13447	0	0	0	35	0	35
13448	0	0	35	0	0	35
13449	33	0	0	0	0	33
13450	0	0	0	34	0	34
13451	0	0	34	0	0	34
13452	0	35	0	0	0	35
13453	34	0	0	0	0	34
13454	0	34	0	0	0	34
13455	35	0	0	0	0	35
13456	35	0	0	0	0	35
13457	0	0	0	34	0	34
13458	0	32	0	0	0	32
13459	0	0	32	0	0	32
13460	0	0	0	33	0	33
13461	0	0	0	28	0	28
13462	0	0	0	32	0	32
13463	0	0	0	33	0	33
13464	0	0	0	33	0	33
13465	33	0	0	0	0	33
13466	29	0	0	0	0	29
13467	27	0	0	0	0	27
13468	0	29	0	0	0	29
13469	0	0	31	0	0	31
13470	0	0	28	0	0	28
13471	0	0	28	1	0	29
13472	0	0	1	28	0	29
13473	0	0	0	27	0	27
13474	1	0	0	26	0	27
13475	0	0	26	0	0	26
13476	0	25	0	1	0	26
13477	0	0	24	1	0	25
13478	0	0	27	0	0	27
13479	0	0	0	23	0	23
13480	0	0	23	0	0	23
13481	1	0	0	22	0	23
13482	22	0	0	1	0	23
13483	21	1	0	0	0	22
13484	1	0	21	0	0	22
13485	1	0	0	21	0	22
13486	0	1	20	0	0	21
13487	0	25	0	1	0	26
13488	25	0	0	0	0	25
13489	0	1	26	0	0	27
13490	0	25	1	0	0	26
13491	0	27	0	0	0	27
13492	0	26	1	0	0	27
13493	1	0	26	0	0	27
13494	1	0	0	25	0	26
13495	0	24	0	0	0	24
13496	0	1	0	23	0	24
13497	0	1	0	23	0	24
13498	24	0	0	0	0	24
13499	0	23	0	0	0	23
13500	23	0	1	0	0	24
13501	0	24	0	0	0	24
13502	0	23	0	1	0	24
13503	0	0	23	1	0	24
13504	0	0	0	22	0	22
13505	0	0	22	0	0	22
13506	0	22	0	0	0	22
13507	0	0	22	0	0	22
13508	0	0	23	0	0	23
13509	0	23	0	0	0	23
13510	23	0	0	0	0	23
13511	0	23	0	0	0	23
13512	23	1	0	0	0	24
13513	1	0	23	0	0	24
13514	0	0	24	0	0	24
13515	0	23	0	0	0	23
13516	23	0	0	1	0	24
13517	0	23	1	0	0	24
13518	1	0	0	23	0	24
13519	23	0	0	1	0	24
13520	0	0	25	0	0	25
13521	0	1	0	24	0	25
13522	24	0	0	0	0	24
13523	0	25	0	0	0	25
13524	1	0	0	24	0	25
13525	1	0	24	0	0	25
13526	24	0	0	1	0	25
13527	0	1	0	23	0	24
13528	0	0	24	0	0	24
13529	0	0	0	25	0	25
13530	0	24	0	1	0	25
13531	0	0	24	1	0	25
13532	0	0	0	25	0	25
13533	24	0	0	1	0	25
13534	1	0	0	24	0	25
13535	24	0	0	0	0	24
13536	1	23	0	0	0	24
13537	23	1	0	0	0	24
13538	0	0	24	0	0	24
13539	0	0	22	0	0	22
13540	0	0	20	0	0	20
13541	0	19	0	1	0	20
13542	0	0	1	10	0	11
13543	0	0	0	10	0	10
13544	0	0	0	10	0	10
13545	0	0	0	10	0	10
13546	0	0	10	0	0	10
13547	9	0	0	0	0	9
13548	0	10	0	0	0	10
13549	9	0	0	0	0	9
13550	0	0	0	10	0	10
13551	0	11	0	0	0	11
13552	0	0	0	12	0	12
13553	12	0	0	0	0	12
13554	0	12	0	0	0	12
13555	12	0	0	0	0	12
13556	12	0	0	0	0	12
13557	0	0	0	12	0	12
13558	0	0	12	0	0	12
13559	12	0	0	0	0	12
13560	0	0	0	12	0	12
13561	11	0	0	0	0	11
13562	12	0	0	0	0	12
13563	12	0	0	0	0	12
13564	0	0	12	0	0	12
13565	0	0	0	12	0	12
13566	12	0	0	0	0	12
13567	0	0	12	0	0	12
13568	0	12	0	0	0	12
13569	0	0	0	11	0	11
13570	0	0	11	0	0	11
13571	0	0	10	0	0	10
13572	0	0	0	11	0	11
13573	0	0	0	11	0	11
13574	0	0	0	11	0	11
13575	0	0	0	11	0	11
13576	0	0	11	0	0	11
13577	0	11	0	0	0	11
13578	0	0	0	11	0	11
13579	11	0	0	0	0	11
13580	11	0	0	0	0	11
13581	11	0	0	0	0	11
13582	0	0	0	11	0	11
13583	0	0	0	11	0	11
13584	0	11	0	0	0	11
13585	0	11	0	0	0	11
13586	0	0	0	9	0	9
13587	5	0	0	0	0	5
13588	5	0	0	0	0	5
13589	4	0	0	0	0	4
13590	4	0	0	0	0	4
13591	4	0	0	0	0	4
13592	0	4	0	0	0	4
13593	0	0	0	4	0	4
13594	4	0	0	0	0	4
13595	4	0	0	0	0	4
13596	0	0	0	4	0	4
13597	0	0	0	4	0	4
13598	0	0	4	0	0	4
13599	0	0	0	4	0	4
13600	0	0	0	4	0	4
13601	0	0	4	0	0	4
13602	0	0	0	4	0	4
13603	0	4	0	0	0	4
13604	0	0	4	0	0	4
13605	0	4	0	0	0	4
13606	0	0	0	4	0	4
13607	0	0	0	4	0	4
13608	0	2	0	0	0	2
13609	0	3	0	0	0	3
13610	5	0	0	0	0	5
13611	5	0	0	0	0	5
13612	0	0	5	0	0	5
13613	5	0	0	0	0	5
13614	5	0	0	0	0	5
13615	5	0	0	0	0	5
13616	5	0	0	0	0	5
13617	0	0	6	0	0	6
13618	0	0	7	0	0	7
13619	7	0	0	0	0	7
13620	0	9	0	0	0	9
13621	0	0	6	0	0	6
13622	9	0	0	0	0	9
13623	9	0	0	0	0	9
13624	0	0	8	0	0	8
13625	9	0	0	0	0	9
13626	0	0	0	9	0	9
13627	0	0	9	0	0	9
13628	9	0	0	0	0	9
13629	0	9	0	0	0	9
13630	9	0	0	0	0	9
13631	11	0	0	0	0	11
13632	0	0	0	10	0	10
13633	0	0	0	11	0	11
13634	0	0	0	11	0	11
13635	11	0	0	0	0	11
13636	11	0	0	0	0	11
13637	0	0	0	11	0	11
13638	0	0	0	11	0	11
13639	0	0	11	0	0	11
13640	11	0	0	0	0	11
13641	0	0	0	11	0	11
13642	0	0	0	11	0	11
13643	0	11	0	0	0	11
13644	0	0	0	11	0	11
13645	0	0	0	11	0	11
13646	11	0	0	0	0	11
13647	0	11	0	0	0	11
13648	0	0	0	11	0	11
13649	0	0	0	10	0	10
13650	0	0	0	11	0	11
13651	0	0	9	0	0	9
13652	0	0	0	9	0	9
13653	9	0	0	0	0	9
13654	0	0	9	0	0	9
13655	0	0	0	9	0	9
13656	0	0	0	9	0	9
13657	9	0	0	0	0	9
13658	9	0	0	0	0	9
13659	0	0	9	0	0	9
13660	8	0	0	0	0	8
13661	0	0	9	0	0	9
13662	9	0	0	0	0	9
13663	0	12	0	0	0	12
13664	12	0	0	0	0	12
13665	0	12	0	0	0	12
13666	12	0	0	0	0	12
13667	0	12	0	0	0	12
13668	0	0	0	15	0	15
13669	0	0	0	14	0	14
13670	0	0	0	15	0	15
13671	0	15	0	0	0	15
13672	0	0	0	15	0	15
13673	0	15	0	0	0	15
13674	0	0	0	15	0	15
13675	15	0	0	0	0	15
13676	15	0	0	0	0	15
13677	0	15	0	0	0	15
13678	0	0	0	14	0	14
13679	15	0	0	0	0	15
13680	0	15	0	0	0	15
13681	0	14	0	0	0	14
13682	14	0	0	0	0	14
13683	15	0	0	0	0	15
13684	0	14	0	0	0	14
13685	15	0	0	0	0	15
13686	0	0	0	15	0	15
13687	0	0	18	0	0	18
13688	19	0	0	0	0	19
13689	19	0	0	0	0	19
13690	0	0	18	0	0	18
13691	19	0	0	0	0	19
13692	20	0	0	0	0	20
13693	21	0	0	0	0	21
13694	0	21	0	0	0	21
13695	21	0	0	0	0	21
13696	21	0	0	0	0	21
13697	0	0	0	21	0	21
13698	0	0	0	21	0	21
13699	0	0	0	20	0	20
13700	20	0	0	0	0	20
13701	0	0	0	21	0	21
13702	21	0	0	0	0	21
13703	22	0	0	1	0	23
13704	0	0	0	23	0	23
13705	0	0	0	24	0	24
13706	0	0	0	24	0	24
13707	24	0	0	0	0	24
13708	0	24	0	0	0	24
13709	0	0	0	25	0	25
13710	0	0	0	24	0	24
13711	23	0	0	0	0	23
13712	23	0	0	0	0	23
13713	0	0	23	0	0	23
13714	0	0	23	0	0	23
13715	26	0	0	0	0	26
13716	0	0	0	26	0	26
13717	0	0	0	36	0	36
13718	0	0	36	0	0	36
13719	0	0	0	35	0	35
13720	0	36	0	0	0	36
13721	0	36	0	0	0	36
13722	34	0	0	0	0	34
13723	0	0	35	0	0	35
13724	0	37	0	0	0	37
13725	0	0	0	37	0	37
13726	0	0	37	0	0	37
13727	0	0	0	36	0	36
13728	0	0	0	36	0	36
13729	0	0	37	0	0	37
13730	0	37	0	0	0	37
13731	0	0	0	33	0	33
13732	35	0	0	0	0	35
13733	35	0	0	0	0	35
13734	34	0	0	0	0	34
13735	0	35	0	0	0	35
13736	35	0	0	0	0	35
13737	0	0	0	34	0	34
13738	0	0	35	0	0	35
13739	33	0	0	1	0	34
13740	0	35	0	0	0	35
13741	0	0	0	35	0	35
13742	0	0	0	35	0	35
13743	0	33	0	0	0	33
13744	0	0	0	35	0	35
13745	0	0	0	35	0	35
13746	0	0	0	35	0	35
13747	34	0	0	0	0	34
13748	35	0	0	0	0	35
13749	0	0	34	0	0	34
13750	0	0	0	36	0	36
13751	0	0	0	36	0	36
13752	0	0	0	35	0	35
13753	36	0	0	0	0	36
13754	0	0	36	0	0	36
13755	36	0	0	0	0	36
13756	34	0	0	0	0	34
13757	0	0	0	36	0	36
13758	36	0	0	0	0	36
13759	0	0	35	1	0	36
13760	35	0	0	1	0	36
13761	1	41	0	0	0	42
13762	1	0	40	0	0	41
13763	0	0	40	0	0	40
13764	1	0	1	40	0	42
13765	1	0	41	0	0	42
13766	39	0	1	1	0	41
13767	0	41	0	1	0	42
13768	40	0	1	0	0	41
13769	0	0	0	41	0	41
13770	0	1	40	0	0	41
13771	0	1	38	0	0	39
13772	1	0	0	39	0	40
13773	40	0	1	0	0	41
13774	0	41	0	0	0	41
13775	0	43	0	0	0	43
13776	43	0	1	0	0	44
13777	0	43	0	1	0	44
13778	45	0	0	1	0	46
13779	0	0	1	45	0	46
13780	45	1	0	0	0	46
13781	0	0	0	46	0	46
13782	45	0	0	0	0	45
13783	1	0	0	45	0	46
13784	1	45	0	0	0	46
13785	45	1	0	0	0	46
13786	1	45	0	0	0	46
13787	0	0	41	1	0	42
13788	1	0	1	39	0	41
13789	1	43	0	0	0	44
13790	41	1	0	0	0	42
13791	43	0	0	1	0	44
13792	0	41	0	1	0	42
13793	0	1	44	0	0	45
13794	0	0	0	44	0	44
13795	0	44	0	1	0	45
13796	0	0	0	44	0	44
13797	1	0	0	44	0	45
13798	45	0	0	0	0	45
13799	0	44	1	0	0	45
13800	0	0	0	45	0	45
13801	44	0	0	1	0	45
13802	43	0	0	1	0	44
13803	42	0	0	0	0	42
13804	0	0	1	40	0	41
13805	40	0	0	1	0	41
13806	1	41	0	0	0	42
13807	41	0	0	1	0	42
13808	1	43	0	0	0	44
13809	42	0	0	0	0	42
13810	39	0	0	0	0	39
13811	0	0	0	40	0	40
13812	0	0	40	0	0	40
13813	0	0	39	0	0	39
13814	0	40	0	0	0	40
13815	37	0	0	0	0	37
13816	0	0	37	0	0	37
13817	24	0	0	0	0	24
13818	0	25	0	0	0	25
13819	0	24	0	0	0	24
13820	0	0	0	23	0	23
13821	0	24	0	0	0	24
13822	0	0	24	0	0	24
13823	0	0	0	22	0	22
13824	0	27	0	0	0	27
13825	0	0	0	27	0	27
13826	27	0	0	0	0	27
13827	0	0	0	26	0	26
13828	0	0	26	0	0	26
13829	0	33	0	0	0	33
13830	0	0	0	33	0	33
13831	0	0	0	32	0	32
13832	0	0	0	33	0	33
13833	33	0	0	0	0	33
13834	33	0	0	0	0	33
13835	0	0	32	0	0	32
13836	0	0	31	0	0	31
13837	0	32	0	0	0	32
13838	33	0	0	0	0	33
13839	0	0	0	33	0	33
13840	0	0	0	33	0	33
13841	0	0	0	33	0	33
13842	0	0	0	32	0	32
13843	0	0	32	0	0	32
13844	30	0	0	0	0	30
13845	0	0	0	35	0	35
13846	0	0	35	0	0	35
13847	35	0	0	0	0	35
13848	43	0	0	0	0	43
13849	0	0	45	0	0	45
13850	0	0	46	0	0	46
13851	0	0	0	48	0	48
13852	48	0	0	0	0	48
13853	48	0	0	0	0	48
13854	0	0	0	47	0	47
13855	0	0	0	47	0	47
13856	0	0	50	0	0	50
13857	0	0	0	50	0	50
13858	0	0	50	0	0	50
13859	46	0	0	0	0	46
13860	0	48	0	0	0	48
13861	44	0	0	0	0	44
13862	0	43	0	0	0	43
13863	44	0	0	0	0	44
13864	0	0	0	41	0	41
13865	0	0	0	41	0	41
13866	45	0	0	0	0	45
13867	45	0	0	0	0	45
13868	45	0	0	0	0	45
13869	45	0	0	0	0	45
13870	0	0	46	0	0	46
13871	48	0	0	0	0	48
13872	48	0	0	0	0	48
13873	48	0	0	0	0	48
13874	0	0	0	48	0	48
13875	45	0	0	0	0	45
13876	0	45	0	0	0	45
13877	0	0	0	45	0	45
13878	1	0	0	44	0	45
13879	0	0	45	0	0	45
13880	0	0	1	43	0	44
13881	0	44	0	1	0	45
13882	45	0	0	0	0	45
13883	1	44	0	0	0	45
13884	43	0	0	1	0	44
13885	0	0	0	45	0	45
13886	44	0	1	0	0	45
13887	0	44	0	1	0	45
13888	45	0	1	0	0	46
13889	45	0	0	0	0	45
13890	0	1	0	45	0	46
13891	1	0	0	45	0	46
13892	0	1	44	0	0	45
13893	1	0	0	42	0	43
13894	0	0	0	43	0	43
13895	0	0	42	1	0	43
13896	1	0	0	41	0	42
13897	1	0	42	0	0	43
13898	43	0	0	0	0	43
13899	1	0	0	42	0	43
13900	0	0	43	0	0	43
13901	43	0	0	0	0	43
13902	1	0	0	42	0	43
13903	1	0	42	0	0	43
13904	41	0	0	1	0	42
13905	1	0	0	41	0	42
13906	0	0	0	41	0	41
13907	42	0	0	1	0	43
13908	0	0	0	41	0	41
13909	0	0	0	39	0	39
13910	0	0	0	41	0	41
13911	0	42	0	0	0	42
13912	42	0	0	0	0	42
13913	40	1	0	0	0	41
13914	0	0	0	41	0	41
13915	41	0	1	1	0	43
13916	41	0	0	1	0	42
13917	41	1	0	0	0	42
13918	42	0	0	0	0	42
13919	41	0	0	1	0	42
13920	0	0	39	2	0	41
13921	0	0	36	1	0	37
13922	39	0	1	1	0	41
13923	0	38	1	1	0	40
13924	1	0	0	35	0	36
13925	0	1	39	0	0	40
13926	0	0	37	1	0	38
13927	0	1	1	36	0	38
13928	40	0	2	0	0	42
13929	0	0	0	39	0	39
13930	0	0	37	1	0	38
13931	38	0	0	0	0	38
13932	1	0	0	38	0	39
13933	1	0	1	37	0	39
13934	1	0	0	37	0	38
13935	0	0	1	38	0	39
13936	0	0	37	1	0	38
13937	2	0	0	37	0	39
13938	37	0	0	1	0	38
13939	0	0	36	2	0	38
13940	35	0	0	1	0	36
13941	37	2	0	0	0	39
13942	36	0	0	0	0	36
13943	38	0	0	1	0	39
13944	0	37	1	1	0	39
13945	1	35	0	1	0	37
13946	1	39	0	0	0	40
13947	36	1	0	0	0	37
13948	0	1	28	0	0	29
13949	25	0	1	0	0	26
13950	0	0	1	24	0	25
13951	23	0	0	0	0	23
13952	0	0	0	23	0	23
13953	24	0	0	0	0	24
13954	0	0	0	24	0	24
13955	0	0	0	24	0	24
13956	22	0	0	1	0	23
13957	0	28	0	0	0	28
13958	1	0	29	0	0	30
13959	0	29	0	0	0	29
13960	0	0	30	0	0	30
13961	0	0	0	30	0	30
13962	30	0	0	0	0	30
13963	0	0	0	29	0	29
13964	29	0	0	0	0	29
13965	0	34	0	0	0	34
13966	0	0	34	0	0	34
13967	0	33	0	1	0	34
13968	0	34	0	0	0	34
13969	34	0	0	0	0	34
13970	30	0	0	0	0	30
13971	0	32	0	0	0	32
13972	0	0	0	32	0	32
13973	0	0	0	31	0	31
13974	32	0	0	0	0	32
13975	0	0	32	0	0	32
13976	0	0	32	0	0	32
13977	0	0	0	32	0	32
13978	0	0	31	0	0	31
13979	32	0	0	0	0	32
13980	33	0	0	0	0	33
13981	0	32	0	0	0	32
13982	0	0	33	0	0	33
13983	0	0	0	32	0	32
13984	0	0	34	0	0	34
13985	0	0	0	34	0	34
13986	34	0	0	0	0	34
13987	0	34	0	0	0	34
13988	0	0	31	0	0	31
13989	0	28	0	0	0	28
13990	0	30	0	0	0	30
13991	34	0	0	0	0	34
13992	32	0	0	0	0	32
13993	0	0	36	0	0	36
13994	0	39	0	0	0	39
13995	0	0	0	39	0	39
13996	0	0	0	39	0	39
13997	0	0	0	39	0	39
13998	0	0	39	0	0	39
13999	0	0	0	38	0	38
14000	0	0	0	39	0	39
14001	38	0	0	0	0	38
14002	41	0	0	0	0	41
14003	40	0	0	0	0	40
14004	41	0	0	0	0	41
14005	41	0	0	0	0	41
14006	0	40	0	0	0	40
14007	43	0	0	0	0	43
14008	0	0	43	0	0	43
14009	0	1	0	42	0	43
14010	42	0	0	0	0	42
14011	0	43	0	0	0	43
14012	43	0	0	0	0	43
14013	42	0	0	0	0	42
14014	0	0	0	42	0	42
14015	0	0	0	48	0	48
14016	0	53	0	0	0	53
14017	0	0	0	53	0	53
14018	0	0	54	0	0	54
14019	0	0	0	54	0	54
14020	0	0	54	0	0	54
14021	53	0	0	0	0	53
14022	0	0	0	54	0	54
14023	0	0	54	0	0	54
14024	0	55	0	0	0	55
14025	0	53	0	0	0	53
14026	53	0	0	0	0	53
14027	0	0	0	53	0	53
14028	0	0	51	0	0	51
14029	0	49	0	0	0	49
14030	0	0	50	0	0	50
14031	49	0	0	0	0	49
14032	50	0	0	0	0	50
14033	49	0	0	0	0	49
14034	0	0	0	50	0	50
14035	0	0	50	0	0	50
14036	0	49	0	0	0	49
14037	0	0	0	50	0	50
14038	0	0	49	0	0	49
14039	0	0	50	0	0	50
14040	0	0	0	50	0	50
14041	49	0	0	0	0	49
14042	0	0	0	49	0	49
14043	0	0	0	50	0	50
14044	0	0	49	0	0	49
14045	0	0	0	49	0	49
14046	0	0	0	46	0	46
14047	0	0	51	0	0	51
14048	0	0	47	0	0	47
14049	0	0	0	49	0	49
14050	0	0	51	0	0	51
14051	0	0	0	51	0	51
14052	51	0	0	0	0	51
14053	0	51	0	0	0	51
14054	0	0	0	51	0	51
14055	0	0	51	0	0	51
14056	44	0	0	0	0	44
14057	0	42	0	0	0	42
14058	43	0	0	0	0	43
14059	0	0	0	42	0	42
14060	0	3	0	40	0	43
14061	43	0	0	0	0	43
14062	0	0	44	0	0	44
14063	43	0	0	1	0	44
14064	0	0	0	43	0	43
14065	39	0	0	1	0	40
14066	36	0	0	0	0	36
14067	0	0	0	35	0	35
14068	0	38	0	0	0	38
14069	37	0	0	1	0	38
14070	37	0	0	0	0	37
14071	0	0	37	0	0	37
14072	37	0	0	0	0	37
14073	0	0	0	37	0	37
14074	0	36	0	0	0	36
14075	1	0	0	35	0	36
14076	0	37	0	0	0	37
14077	37	0	0	0	0	37
14078	41	0	0	1	0	42
14079	0	0	0	44	0	44
14080	0	0	44	0	0	44
14081	0	0	42	0	0	42
14082	1	0	0	43	0	44
14083	44	0	0	0	0	44
14084	48	0	0	0	0	48
14085	0	48	0	0	0	48
14086	0	0	0	47	0	47
14087	0	0	48	0	0	48
14088	0	0	53	0	0	53
14089	0	0	0	53	0	53
14090	57	0	0	1	0	58
14091	1	0	0	54	0	55
14092	0	0	55	1	0	56
14093	52	0	1	0	0	53
14094	1	0	0	50	0	51
14095	0	0	0	51	0	51
14096	0	0	0	50	0	50
14097	0	48	0	1	0	49
14098	0	1	49	0	0	50
14099	0	0	50	0	0	50
14100	0	0	1	49	0	50
14101	0	0	49	1	0	50
14102	46	0	1	0	0	47
14103	1	0	0	47	0	48
14104	0	0	0	48	0	48
14105	0	0	0	47	0	47
14106	0	46	1	1	0	48
14107	44	1	0	0	0	45
14108	1	0	0	45	0	46
14109	45	0	0	1	0	46
14110	1	45	0	0	0	46
14111	44	1	0	0	0	45
14112	43	1	0	0	0	44
14113	45	0	0	0	0	45
14114	1	43	0	0	0	44
14115	0	40	0	0	0	40
14116	33	1	0	0	0	34
14117	1	34	0	0	0	35
14118	0	1	33	0	0	34
14119	0	29	1	1	0	31
14120	0	33	0	0	0	33
14121	32	1	0	0	0	33
14122	1	0	32	0	0	33
14123	0	0	33	0	0	33
14124	0	0	1	30	0	31
14125	30	0	0	1	0	31
14126	1	0	29	0	0	30
14127	0	0	1	30	0	31
14128	0	0	29	1	0	30
14129	0	0	30	0	0	30
14130	29	0	1	0	0	30
14131	1	0	29	0	0	30
14132	0	0	0	29	0	29
14133	0	0	0	28	0	28
14134	0	29	0	1	0	30
14135	0	32	0	0	0	32
14136	0	1	0	32	0	33
14137	0	0	31	1	0	32
14138	0	0	1	32	0	33
14139	0	0	0	33	0	33
14140	0	0	33	1	0	34
14141	0	0	1	33	0	34
14142	32	0	0	1	0	33
14143	1	0	32	0	0	33
14144	33	0	1	0	0	34
14145	1	0	0	33	0	34
14146	0	0	0	33	0	33
14147	0	30	0	1	0	31
14148	0	1	0	32	0	33
14149	0	0	0	32	0	32
14150	32	0	0	1	0	33
14151	1	0	0	32	0	33
14152	0	0	0	32	0	32
14153	35	0	0	1	0	36
14154	1	0	0	35	0	36
14155	0	0	0	36	0	36
14156	0	35	0	1	0	36
14157	35	1	0	0	0	36
14158	1	0	0	35	0	36
14159	0	0	0	36	0	36
14160	0	0	34	1	0	35
14161	0	0	1	34	0	35
14162	0	0	0	34	0	34
14163	34	0	0	1	0	35
14164	35	0	0	0	0	35
14165	1	0	0	34	0	35
14166	0	0	33	1	0	34
14167	0	35	1	0	0	36
14168	0	33	0	0	0	33
14169	0	1	0	34	0	35
14170	34	0	0	1	0	35
14171	1	0	0	34	0	35
14172	34	0	0	1	0	35
14173	1	0	0	35	0	36
14174	0	0	0	36	0	36
14175	35	0	0	1	0	36
14176	35	0	0	0	0	35
14177	1	41	0	0	0	42
14178	0	37	0	0	0	37
14179	0	1	0	34	0	35
14180	0	0	0	35	0	35
14181	0	0	34	1	0	35
14182	33	0	1	0	0	34
14183	1	32	0	1	0	34
14184	0	30	0	0	0	30
14185	29	1	0	0	0	30
14186	1	0	30	0	0	31
14187	0	0	30	0	0	30
14188	0	0	23	0	0	23
14189	0	22	0	0	0	22
14190	0	0	0	19	0	19
14191	0	0	0	22	0	22
14192	0	0	0	22	0	22
14193	22	0	0	0	0	22
14194	22	0	0	0	0	22
14195	0	22	0	0	0	22
14196	0	0	0	22	0	22
14197	0	0	23	0	0	23
14198	0	23	0	0	0	23
14199	23	0	0	0	0	23
14200	0	0	23	0	0	23
14201	23	0	0	0	0	23
14202	0	0	23	0	0	23
14203	0	0	0	23	0	23
14204	0	22	0	0	0	22
14205	23	0	0	0	0	23
14206	0	24	0	0	0	24
14207	24	0	0	0	0	24
14208	0	0	0	24	0	24
14209	0	0	24	0	0	24
14210	0	0	0	25	0	25
14211	0	0	0	27	0	27
14212	0	0	28	0	0	28
14213	26	0	0	0	0	26
14214	0	28	0	0	0	28
14215	28	0	0	0	0	28
14216	0	28	0	0	0	28
14217	0	0	0	27	0	27
14218	0	0	28	0	0	28
14219	32	0	0	0	0	32
14220	0	33	0	0	0	33
14221	0	0	0	33	0	33
14222	0	0	0	33	0	33
14223	36	0	0	0	0	36
14224	42	0	0	0	0	42
14225	1	42	0	0	0	43
14226	46	1	0	0	0	47
14227	46	0	0	1	0	47
14228	48	0	0	1	0	49
14229	2	0	47	0	0	49
14230	2	50	0	0	0	52
14231	0	53	1	0	0	54
14232	1	1	0	51	0	53
14233	1	0	0	52	0	53
14234	53	0	0	1	0	54
14235	0	49	1	1	0	51
14236	50	1	0	0	0	51
14237	0	2	0	49	0	51
14238	1	0	0	50	0	51
14239	49	0	0	2	0	51
14240	49	0	0	1	0	50
14241	1	1	47	0	0	49
14242	2	0	0	48	0	50
14243	0	0	48	1	0	49
14244	0	0	48	2	0	50
14245	1	0	48	0	0	49
14246	49	0	1	0	0	50
14247	0	0	2	48	0	50
14248	1	0	0	48	0	49
14249	0	0	1	48	0	49
14250	0	0	48	1	0	49
14251	0	0	1	47	0	48
14252	1	0	1	47	0	49
14253	44	0	0	2	0	46
14254	43	0	0	2	0	45
14255	45	0	0	1	0	46
14256	45	0	1	0	0	46
14257	1	0	0	44	0	45
14258	45	0	0	1	0	46
14259	1	0	0	45	0	46
14260	2	0	44	0	0	46
14261	44	0	0	1	0	45
14262	1	44	1	0	0	46
14263	1	0	0	44	0	45
14264	1	1	0	44	0	46
14265	0	43	0	2	0	45
14266	43	0	1	1	0	45
14267	1	43	0	0	0	44
14268	1	1	42	0	0	44
14269	0	0	42	1	0	43
14270	42	0	1	1	0	44
14271	42	1	0	0	0	43
14272	2	0	41	0	0	43
14273	41	1	0	0	0	42
14274	0	0	42	0	0	42
14275	42	0	1	0	0	43
14276	1	0	42	0	0	43
14277	2	0	35	0	0	37
14278	0	0	1	34	0	35
14279	1	0	1	34	0	36
14280	33	0	1	1	0	35
14281	34	0	0	1	0	35
14282	34	0	1	0	0	35
14283	35	0	1	0	0	36
14284	1	33	0	1	0	35
14285	1	0	0	34	0	35
14286	1	34	0	0	0	35
14287	1	0	0	34	0	35
14288	1	1	0	33	0	35
14289	1	0	0	34	0	35
14290	0	1	33	1	0	35
14291	29	0	0	2	0	31
14292	0	31	1	0	0	32
14293	1	30	0	1	0	32
14294	0	0	30	1	0	31
14295	0	1	0	31	0	32
14296	0	0	2	30	0	32
14297	33	0	0	1	0	34
14298	0	1	0	33	0	34
14299	1	1	0	32	0	34
14300	0	0	1	33	0	34
14301	0	0	0	34	0	34
14302	32	0	0	2	0	34
14303	33	0	0	1	0	34
14304	33	0	0	1	0	34
14305	1	0	0	33	0	34
14306	32	0	0	1	0	33
14307	0	0	0	36	0	36
14308	2	0	0	33	0	35
14309	1	0	34	1	0	36
14310	1	0	32	1	0	34
14311	0	0	31	1	0	32
14312	30	0	1	0	0	31
14313	0	0	0	30	0	30
14314	1	30	0	1	0	32
14315	30	0	1	1	0	32
14316	0	1	31	0	0	32
14317	30	0	1	0	0	31
14318	1	30	1	0	0	32
14319	26	0	0	0	0	26
14320	0	1	0	25	0	26
14321	26	0	0	0	0	26
14322	0	25	0	1	0	26
14323	1	21	0	0	0	22
14324	16	0	0	0	0	16
14325	0	18	0	0	0	18
14326	0	14	0	0	0	14
14327	0	14	0	0	0	14
14328	11	0	0	0	0	11
14329	10	0	0	0	0	10
14330	8	0	0	0	0	8
14331	0	0	0	8	0	8
14332	0	0	0	8	0	8
14333	0	0	8	0	0	8
14334	0	0	0	8	0	8
14335	0	0	8	0	0	8
14336	0	0	0	8	0	8
14337	0	0	0	8	0	8
14338	8	0	0	0	0	8
14339	7	0	0	1	0	8
14340	0	8	0	0	0	8
14341	0	0	0	8	0	8
14342	0	0	8	0	0	8
14343	1	0	0	7	0	8
14344	0	0	0	8	0	8
14345	0	0	0	8	0	8
14346	0	0	8	0	0	8
14347	0	0	7	0	0	7
14348	8	0	0	0	0	8
14349	0	0	0	10	0	10
14350	0	0	10	0	0	10
14351	10	0	0	0	0	10
14352	0	10	0	0	0	10
14353	10	0	0	0	0	10
14354	0	0	13	0	0	13
14355	13	0	0	0	0	13
14356	0	0	0	13	0	13
14357	0	0	10	0	0	10
14358	0	13	0	0	0	13
14359	12	0	0	0	0	12
14360	0	0	0	13	0	13
14361	0	0	0	12	0	12
14362	0	13	0	0	0	13
14363	0	0	0	13	0	13
14364	0	0	13	0	0	13
14365	0	13	0	0	0	13
14366	13	0	0	0	0	13
14367	0	0	0	13	0	13
14368	0	0	0	13	0	13
14369	0	0	13	0	0	13
14370	1	0	0	13	0	14
14371	0	0	14	0	0	14
14372	0	14	0	0	0	14
14373	13	0	0	1	0	14
14374	13	0	0	0	0	13
14375	13	0	0	1	0	14
14376	0	14	0	0	0	14
14377	1	0	0	13	0	14
14378	0	0	0	14	0	14
14379	0	0	0	14	0	14
14380	14	0	0	0	0	14
14381	14	0	0	0	0	14
14382	0	0	0	14	0	14
14383	0	0	14	0	0	14
14384	0	0	0	14	0	14
14385	0	0	0	14	0	14
14386	0	0	0	14	0	14
14387	0	0	0	14	0	14
14388	14	0	0	0	0	14
14389	0	0	0	14	0	14
14390	0	0	0	14	0	14
14391	0	14	0	0	0	14
14392	0	0	0	13	0	13
14393	0	14	0	0	0	14
14394	0	0	0	14	0	14
14395	14	0	0	0	0	14
14396	0	14	0	0	0	14
14397	11	0	0	0	0	11
14398	0	0	11	0	0	11
14399	0	0	0	11	0	11
14400	0	0	15	0	0	15
14401	0	0	0	14	0	14
14402	0	0	0	13	0	13
14403	0	15	0	0	0	15
14404	0	15	0	0	0	15
14405	0	15	0	0	0	15
14406	15	0	0	0	0	15
14407	0	12	0	0	0	12
14408	0	12	0	0	0	12
14409	0	0	0	12	0	12
14410	12	0	0	0	0	12
14411	0	10	0	0	0	10
14412	10	0	0	0	0	10
14413	10	0	0	0	0	10
14414	0	0	13	0	0	13
14415	0	0	0	13	0	13
14416	0	0	0	13	0	13
14417	0	0	0	15	0	15
14418	0	0	0	15	0	15
14419	0	0	14	0	0	14
14420	0	0	13	0	0	13
14421	13	0	0	0	0	13
14422	0	14	0	0	0	14
14423	0	14	0	0	0	14
14424	13	0	0	0	0	13
14425	0	12	0	0	0	12
14426	0	0	0	13	0	13
14427	13	0	0	0	0	13
14428	0	0	13	0	0	13
14429	0	0	0	13	0	13
14430	0	0	13	0	0	13
14431	13	0	0	0	0	13
14432	0	0	14	0	0	14
14433	14	0	0	0	0	14
14434	15	0	0	0	0	15
14435	15	0	0	0	0	15
14436	15	0	0	0	0	15
14437	15	0	0	0	0	15
14438	0	0	0	15	0	15
14439	15	0	0	0	0	15
14440	0	0	0	15	0	15
14441	0	0	0	15	0	15
14442	0	0	0	15	0	15
14443	0	0	15	0	0	15
14444	0	0	0	15	0	15
14445	0	0	0	15	0	15
14446	0	0	15	0	0	15
14447	13	0	0	0	0	13
14448	0	0	0	15	0	15
14449	0	0	15	0	0	15
14450	0	0	15	0	0	15
14451	0	0	0	15	0	15
14452	0	0	15	0	0	15
14453	0	0	0	15	0	15
14454	0	0	0	21	0	21
14455	0	19	0	0	0	19
14456	0	19	0	0	0	19
14457	20	0	0	0	0	20
14458	0	0	0	20	0	20
14459	0	0	0	20	0	20
14460	0	0	0	24	0	24
14461	0	0	24	0	0	24
14462	0	0	0	23	0	23
14463	23	0	0	0	0	23
14464	0	0	22	0	0	22
14465	0	0	0	26	0	26
14466	0	0	0	25	0	25
14467	0	0	0	26	0	26
14468	0	27	0	0	0	27
14469	26	0	0	0	0	26
14470	26	0	0	0	0	26
14471	0	27	0	0	0	27
14472	0	0	0	29	0	29
14473	0	0	29	0	0	29
14474	0	0	29	0	0	29
14475	29	0	0	0	0	29
14476	0	0	0	31	0	31
14477	32	0	0	0	0	32
14478	0	30	0	0	0	30
14479	0	32	0	0	0	32
14480	31	0	0	0	0	31
14481	0	32	0	0	0	32
14482	0	0	0	32	0	32
14483	0	0	0	32	0	32
14484	0	32	0	0	0	32
14485	32	0	0	0	0	32
14486	0	0	32	0	0	32
14487	28	0	0	0	0	28
14488	0	0	32	0	0	32
14489	32	0	0	0	0	32
14490	0	0	32	0	0	32
14491	0	31	0	0	0	31
14492	0	0	0	32	0	32
14493	32	0	0	0	0	32
14494	0	0	32	0	0	32
14495	0	0	31	0	0	31
14496	0	0	0	32	0	32
14497	0	0	31	0	0	31
14498	0	0	0	31	0	31
14499	0	0	0	31	0	31
14500	0	0	27	0	0	27
14501	0	0	0	29	0	29
14502	30	0	0	0	0	30
14503	0	30	0	0	0	30
14504	30	0	0	0	0	30
14505	0	0	0	30	0	30
14506	30	0	0	0	0	30
14507	30	0	0	0	0	30
14508	0	0	0	30	0	30
14509	0	30	0	0	0	30
14510	29	0	0	0	0	29
14511	0	0	30	0	0	30
14512	0	0	30	0	0	30
14513	30	0	0	0	0	30
14514	0	0	0	27	0	27
14515	0	0	27	0	0	27
14516	0	0	0	27	0	27
14517	27	0	0	0	0	27
14518	27	0	0	0	0	27
14519	27	0	0	0	0	27
14520	0	29	0	0	0	29
14521	0	0	0	29	0	29
14522	0	0	0	29	0	29
14523	29	0	0	0	0	29
14524	0	29	0	0	0	29
14525	29	0	0	0	0	29
14526	0	0	0	29	0	29
14527	29	0	0	0	0	29
14528	0	0	28	0	0	28
14529	0	29	0	0	0	29
14530	0	0	0	30	0	30
14531	0	30	0	0	0	30
14532	0	0	0	29	0	29
14533	28	0	0	0	0	28
14534	0	0	28	0	0	28
14535	25	0	0	0	0	25
14536	0	28	0	0	0	28
14537	0	0	0	28	0	28
14538	0	0	0	28	0	28
14539	28	0	0	0	0	28
14540	0	0	27	0	0	27
14541	0	0	0	28	0	28
14542	0	0	0	28	0	28
14543	0	0	0	29	0	29
14544	0	0	0	29	0	29
14545	29	0	0	0	0	29
14546	29	0	0	0	0	29
14547	0	0	31	0	0	31
14548	0	0	26	0	0	26
14549	30	0	0	0	0	30
14550	31	0	0	0	0	31
14551	0	0	0	30	0	30
14552	0	0	0	30	0	30
14553	31	0	0	0	0	31
14554	0	20	1	0	0	21
14555	0	0	0	22	0	22
14556	0	0	0	22	0	22
14557	0	0	21	0	0	21
14558	0	0	0	21	0	21
14559	0	0	21	0	0	21
14560	0	0	0	17	0	17
14561	17	0	0	0	0	17
14562	0	0	0	16	0	16
14563	0	0	18	0	0	18
14564	0	18	0	0	0	18
14565	0	0	0	16	0	16
14566	0	0	18	0	0	18
14567	0	18	0	0	0	18
14568	0	0	0	16	0	16
14569	0	0	17	0	0	17
14570	15	0	0	0	0	15
14571	0	17	0	0	0	17
14572	0	15	0	0	0	15
14573	0	17	0	0	0	17
14574	0	0	0	17	0	17
14575	0	0	18	0	0	18
14576	0	16	0	0	0	16
14577	0	0	0	15	0	15
14578	18	0	0	0	0	18
14579	0	0	0	31	0	31
14580	0	0	44	0	0	44
14581	0	45	0	0	0	45
14582	47	0	0	0	0	47
14583	0	46	0	0	0	46
14584	0	0	48	0	0	48
14585	0	48	1	0	0	49
14586	1	1	0	47	0	49
14587	1	1	46	0	0	48
14588	0	47	0	0	0	47
14589	0	1	1	47	0	49
14590	0	1	0	46	0	47
14591	0	46	1	1	0	48
14592	0	1	1	46	0	48
14593	0	0	47	1	0	48
14594	0	0	46	2	0	48
14595	0	1	0	48	0	49
14596	45	1	0	1	0	47
14597	46	0	1	2	0	49
14598	0	0	2	46	0	48
14599	0	47	1	1	0	49
14600	1	0	0	47	0	48
14601	48	0	0	0	0	48
14602	1	0	0	45	0	46
14603	0	1	0	46	0	47
14604	45	1	0	1	0	47
14605	1	43	0	1	0	45
14606	1	1	0	45	0	47
14607	45	0	0	1	0	46
14608	1	0	45	1	0	47
14609	47	1	0	0	0	48
14610	0	0	0	49	0	49
14611	48	0	0	1	0	49
14612	48	0	1	0	0	49
14613	47	0	1	0	0	48
14614	1	46	0	1	0	48
14615	1	0	47	1	0	49
14616	2	47	0	0	0	49
14617	50	0	0	0	0	50
14618	1	50	0	0	0	51
14619	0	1	1	49	0	51
14620	47	1	1	0	0	49
14621	0	49	0	0	0	49
14622	1	1	47	0	0	49
14623	0	1	0	49	0	50
14624	1	0	48	1	0	50
14625	0	47	0	0	0	47
14626	0	1	1	47	0	49
14627	0	0	1	48	0	49
14628	0	0	0	49	0	49
14629	0	1	1	47	0	49
14630	0	48	0	1	0	49
14631	46	0	0	2	0	48
14632	0	0	47	2	0	49
14633	0	0	0	48	0	48
14634	47	1	0	1	0	49
14635	1	1	47	0	0	49
14636	1	47	1	0	0	49
14637	0	0	1	47	0	48
14638	1	0	47	1	0	49
14639	1	46	1	0	0	48
14640	45	1	0	0	0	46
14641	0	46	0	1	0	47
14642	0	0	1	48	0	49
14643	0	1	1	44	0	46
14644	47	1	0	0	0	48
14645	1	47	0	0	0	48
14646	0	1	0	47	0	48
14647	43	0	0	2	0	45
14648	43	0	0	2	0	45
14649	1	44	1	0	0	46
14650	44	2	0	1	0	47
14651	46	0	0	1	0	47
14652	2	0	0	44	0	46
14653	1	0	44	0	0	45
14654	1	2	0	44	0	47
14655	2	0	0	45	0	47
14656	1	0	45	1	0	47
14657	0	43	1	1	0	45
14658	0	0	1	44	0	45
14659	0	0	0	46	0	46
14660	0	1	0	43	0	44
14661	0	1	1	44	0	46
14662	0	44	1	1	0	46
14663	42	0	1	2	0	45
14664	42	0	0	3	0	45
14665	44	0	0	2	0	46
14666	1	40	0	1	0	42
14667	1	1	0	41	0	43
14668	2	1	40	0	0	43
14669	2	0	0	37	0	39
14670	2	41	0	0	0	43
14671	38	1	0	1	0	40
14672	37	0	1	2	0	40
14673	37	0	0	1	0	38
14674	0	39	0	1	0	40
14675	1	35	0	1	0	37
14676	3	35	0	0	0	38
14677	2	0	36	0	0	38
14678	2	1	30	0	0	33
14679	0	10	0	10	0	20
14680	5	0	0	0	0	5
14681	5	0	0	0	0	5
14682	0	0	0	5	0	5
14683	0	0	0	5	0	5
14684	0	0	0	5	0	5
14685	0	0	0	5	0	5
14686	5	0	0	0	0	5
14687	5	0	0	0	0	5
14688	0	6	0	0	0	6
14689	5	0	0	0	0	5
14690	6	0	0	0	0	6
14691	6	0	0	0	0	6
14692	0	0	4	0	0	4
14693	6	0	0	0	0	6
14694	0	6	0	0	0	6
14695	0	0	0	6	0	6
14696	0	0	0	5	0	5
14697	0	6	0	0	0	6
14698	0	0	0	6	0	6
14699	6	0	0	0	0	6
14700	0	0	0	6	0	6
14701	0	0	6	0	0	6
14702	6	0	0	0	0	6
14703	0	6	0	0	0	6
14704	0	0	0	6	0	6
14705	0	0	0	6	0	6
14706	0	0	0	6	0	6
14707	0	0	6	0	0	6
14708	0	6	0	0	0	6
14709	0	0	0	3	0	3
14710	0	0	3	0	0	3
14711	0	0	0	3	0	3
14712	0	0	3	0	0	3
14713	0	0	0	3	0	3
14714	0	3	0	0	0	3
14715	0	0	0	3	0	3
14716	3	0	0	0	0	3
14717	3	0	0	0	0	3
14718	0	0	1	0	0	1
14719	0	0	1	0	0	1
14720	0	0	4	0	0	4
14721	0	0	0	4	0	4
14722	0	0	0	4	0	4
14723	0	0	0	4	0	4
14724	0	4	0	0	0	4
14725	0	0	0	4	0	4
14726	0	0	0	4	0	4
14727	0	0	0	4	0	4
14728	4	0	0	0	0	4
14729	4	0	0	0	0	4
14730	0	0	4	0	0	4
14731	0	0	4	0	0	4
14732	4	0	0	0	0	4
14733	4	0	0	0	0	4
14734	0	0	4	0	0	4
14735	0	0	4	0	0	4
14736	4	0	0	0	0	4
14737	4	0	0	0	0	4
14738	0	0	4	0	0	4
14739	0	0	0	4	0	4
14740	0	0	0	4	0	4
14741	0	12	0	0	0	12
14742	0	0	0	12	0	12
14743	0	0	12	0	0	12
14744	0	0	0	12	0	12
14745	0	0	0	12	0	12
14746	0	0	12	0	0	12
14747	12	0	0	0	0	12
14748	12	0	0	0	0	12
14749	0	0	0	12	0	12
14750	0	0	0	12	0	12
14751	12	0	0	0	0	12
14752	10	0	0	0	0	10
14753	9	0	0	0	0	9
14754	12	0	0	0	0	12
14755	0	12	0	0	0	12
14756	12	0	0	0	0	12
14757	0	12	0	0	0	12
14758	0	0	0	11	0	11
14759	0	0	0	12	0	12
14760	0	12	0	0	0	12
14761	0	0	0	12	0	12
14762	0	0	0	11	0	11
14763	0	12	0	0	0	12
14764	0	0	0	12	0	12
14765	0	0	0	12	0	12
14766	0	0	0	12	0	12
14767	0	0	12	0	0	12
14768	0	12	0	0	0	12
14769	0	0	0	10	0	10
14770	0	13	0	0	0	13
14771	13	0	0	0	0	13
14772	0	0	13	0	0	13
14773	0	0	13	0	0	13
14774	13	0	0	0	0	13
14775	0	0	0	13	0	13
14776	0	0	12	0	0	12
14777	0	0	13	0	0	13
14778	0	0	0	13	0	13
14779	13	0	0	0	0	13
14780	13	0	0	0	0	13
14781	0	0	0	15	0	15
14782	0	0	15	0	0	15
14783	0	15	0	0	0	15
14784	0	0	0	13	0	13
14785	0	0	15	0	0	15
14786	0	15	0	0	0	15
14787	0	0	0	15	0	15
14788	13	0	0	0	0	13
14789	0	0	0	12	0	12
14790	0	14	0	0	0	14
14791	13	0	0	0	0	13
14792	0	0	13	0	0	13
14793	0	14	0	0	0	14
14794	0	0	14	0	0	14
14795	14	0	0	0	0	14
14796	0	0	0	14	0	14
14797	0	0	0	14	0	14
14798	13	0	0	0	0	13
14799	0	0	0	14	0	14
14800	0	0	13	0	0	13
14801	13	0	0	0	0	13
14802	0	14	0	0	0	14
14803	0	0	0	14	0	14
14804	14	0	0	0	0	14
14805	0	14	0	0	0	14
14806	0	0	0	14	0	14
14807	13	0	0	0	0	13
14808	0	0	0	14	0	14
14809	0	13	0	0	0	13
14810	0	0	14	0	0	14
14811	0	0	0	14	0	14
14812	0	0	0	14	0	14
14813	14	0	0	0	0	14
14814	0	0	0	13	0	13
14815	14	0	0	0	0	14
14816	14	0	0	0	0	14
14817	0	0	0	14	0	14
14818	0	13	0	0	0	13
14819	0	0	0	14	0	14
14820	9	0	0	0	0	9
14821	0	13	0	0	0	13
14822	0	15	0	0	0	15
14823	14	0	0	0	0	14
14824	14	0	0	0	0	14
14825	0	15	0	0	0	15
14826	15	0	0	0	0	15
14827	14	0	0	0	0	14
14828	0	0	0	15	0	15
14829	0	0	15	0	0	15
14830	0	0	0	15	0	15
14831	0	0	15	0	0	15
14832	0	0	0	15	0	15
14833	0	0	14	0	0	14
14834	15	0	0	0	0	15
14835	0	0	0	15	0	15
14836	15	0	0	0	0	15
14837	0	0	0	14	0	14
14838	0	15	0	0	0	15
14839	15	0	0	0	0	15
14840	0	0	15	0	0	15
14841	7	0	0	0	0	7
14842	0	7	0	0	0	7
14843	7	0	0	0	0	7
14844	7	0	0	0	0	7
14845	0	7	0	0	0	7
14846	0	0	0	7	0	7
14847	7	0	0	0	0	7
14848	0	7	0	0	0	7
14849	0	0	0	7	0	7
14850	7	0	0	0	0	7
14851	0	0	0	7	0	7
14852	0	0	0	7	0	7
14853	0	0	0	7	0	7
14854	0	0	7	0	0	7
14855	0	0	0	7	0	7
14856	7	0	0	0	0	7
14857	0	0	7	0	0	7
14858	0	0	0	7	0	7
14859	0	0	0	7	0	7
14860	0	0	7	0	0	7
14861	7	0	0	0	0	7
14862	7	0	0	0	0	7
14863	0	0	7	0	0	7
14864	0	0	0	7	0	7
14865	0	0	0	7	0	7
14866	0	0	7	0	0	7
14867	0	0	0	7	0	7
14868	0	0	0	7	0	7
14869	0	0	6	0	0	6
14870	6	0	0	0	0	6
14871	0	0	0	6	0	6
14872	6	0	0	0	0	6
14873	6	0	0	0	0	6
14874	0	0	6	0	0	6
14875	0	0	0	6	0	6
14876	6	0	0	0	0	6
14877	0	8	0	0	0	8
14878	0	0	0	8	0	8
14879	0	0	0	9	0	9
14880	0	0	0	9	0	9
14881	0	0	7	0	0	7
14882	6	0	0	0	0	6
14883	0	0	0	7	0	7
14884	0	0	0	7	0	7
14885	0	0	7	0	0	7
14886	0	0	0	7	0	7
14887	0	0	0	7	0	7
14888	7	0	0	0	0	7
14889	0	7	0	0	0	7
14890	0	0	7	0	0	7
14891	7	0	0	0	0	7
14892	0	0	0	7	0	7
14893	0	0	9	0	0	9
14894	0	0	9	0	0	9
14895	0	0	0	9	0	9
14896	0	0	9	0	0	9
14897	0	0	12	0	0	12
14898	0	12	0	0	0	12
14899	0	0	0	12	0	12
14900	0	0	12	0	0	12
14901	0	0	0	12	0	12
14902	12	0	0	0	0	12
14903	0	0	0	12	0	12
14904	0	0	0	12	0	12
14905	14	0	0	0	0	14
14906	13	0	0	0	0	13
14907	0	0	0	14	0	14
14908	0	0	14	0	0	14
14909	0	14	0	0	0	14
14910	0	0	0	14	0	14
14911	14	0	0	0	0	14
14912	14	0	0	0	0	14
14913	0	14	0	0	0	14
14914	0	14	0	0	0	14
14915	14	0	0	0	0	14
14916	13	0	0	0	0	13
14917	0	0	15	0	0	15
14918	0	0	0	15	0	15
14919	0	15	0	0	0	15
14920	15	0	0	0	0	15
14921	0	0	0	13	0	13
14922	0	10	0	0	0	10
14923	0	0	11	0	0	11
14924	0	0	0	10	0	10
14925	0	12	0	0	0	12
14926	12	0	0	0	0	12
14927	12	0	0	0	0	12
14928	0	12	0	0	0	12
14929	12	0	0	0	0	12
14930	12	0	0	0	0	12
14931	0	12	0	0	0	12
14932	0	12	0	0	0	12
14933	0	0	0	12	0	12
14934	14	0	0	0	0	14
14935	0	0	14	0	0	14
14936	14	0	0	0	0	14
14937	0	14	0	0	0	14
14938	14	0	0	0	0	14
14939	14	0	0	0	0	14
14940	14	0	0	0	0	14
14941	0	0	0	14	0	14
14942	0	13	0	0	0	13
14943	14	0	0	0	0	14
14944	0	0	13	0	0	13
14945	0	14	0	0	0	14
14946	0	0	0	14	0	14
14947	0	0	15	0	0	15
14948	0	0	13	0	0	13
14949	0	0	0	14	0	14
14950	0	0	0	16	0	16
14951	0	0	0	16	0	16
14952	0	0	0	16	0	16
14953	0	16	0	0	0	16
14954	0	16	0	0	0	16
14955	16	0	0	0	0	16
14956	0	0	0	16	0	16
14957	0	0	0	16	0	16
14958	0	0	0	16	0	16
14959	16	0	0	0	0	16
14960	15	0	0	0	0	15
14961	0	0	0	16	0	16
14962	16	0	0	0	0	16
14963	15	0	0	0	0	15
14964	17	0	0	0	0	17
14965	0	0	0	17	0	17
14966	0	0	21	0	0	21
14967	0	0	20	0	0	20
14968	0	0	18	0	0	18
14969	0	0	20	0	0	20
14970	0	0	0	20	0	20
14971	20	0	0	0	0	20
14972	20	0	0	0	0	20
14973	0	0	20	0	0	20
14974	0	0	19	0	0	19
14975	0	20	0	0	0	20
14976	0	0	0	21	0	21
14977	19	0	0	0	0	19
14978	0	0	19	0	0	19
14979	17	0	0	0	0	17
14980	0	18	0	0	0	18
14981	0	0	0	18	0	18
14982	0	0	0	18	0	18
14983	0	0	0	17	0	17
14984	18	0	0	0	0	18
14985	0	0	0	18	0	18
14986	0	0	0	18	0	18
14987	16	0	0	0	0	16
14988	0	0	0	18	0	18
14989	0	0	18	0	0	18
14990	17	0	0	0	0	17
14991	0	0	0	18	0	18
14992	0	0	0	18	0	18
14993	0	16	0	0	0	16
14994	16	0	0	0	0	16
14995	16	0	0	0	0	16
14996	0	0	0	16	0	16
14997	0	0	13	0	0	13
14998	13	0	0	0	0	13
14999	0	0	13	0	0	13
15000	0	0	0	13	0	13
15001	0	0	0	13	0	13
15002	13	0	0	0	0	13
15003	0	0	0	13	0	13
15004	0	0	15	0	0	15
15005	13	0	0	0	0	13
15006	0	0	13	0	0	13
15007	0	0	13	0	0	13
15008	13	0	0	0	0	13
15009	0	0	0	13	0	13
15010	0	16	0	0	0	16
15011	16	0	0	0	0	16
15012	16	0	0	0	0	16
15013	0	0	16	0	0	16
15014	16	0	0	0	0	16
15015	0	0	0	16	0	16
15016	0	0	18	0	0	18
15017	0	18	0	0	0	18
15018	17	0	0	0	0	17
15019	0	18	0	0	0	18
15020	0	0	0	18	0	18
15021	0	0	0	18	0	18
15022	0	0	0	17	0	17
15023	0	0	0	18	0	18
15024	0	18	0	0	0	18
15025	0	0	17	0	0	17
15026	0	16	0	0	0	16
15027	17	0	0	0	0	17
15028	0	0	0	17	0	17
15029	17	0	0	0	0	17
15030	0	0	0	17	0	17
15031	18	0	0	0	0	18
15032	0	18	0	0	0	18
15033	18	0	0	0	0	18
15034	16	0	0	0	0	16
15035	16	0	0	0	0	16
15036	16	0	0	0	0	16
15037	0	16	0	0	0	16
15038	0	0	17	0	0	17
15039	0	0	0	17	0	17
15040	17	0	0	0	0	17
15041	18	0	0	0	0	18
15042	0	0	0	18	0	18
15043	0	0	18	0	0	18
15044	0	0	0	18	0	18
15045	0	20	0	0	0	20
15046	20	0	0	0	0	20
15047	0	0	0	19	0	19
15048	0	25	0	0	0	25
15049	0	24	0	0	0	24
15050	0	24	0	0	0	24
15051	0	0	0	26	0	26
15052	25	0	0	1	0	26
15053	1	26	0	0	0	27
15054	0	1	0	26	0	27
15055	26	0	0	1	0	27
15056	1	0	0	26	0	27
15057	26	0	0	1	0	27
15058	27	0	0	0	0	27
15059	1	29	0	0	0	30
15060	0	1	0	29	0	30
15061	0	28	0	1	0	29
15062	29	0	0	0	0	29
15063	30	0	0	0	0	30
15064	29	0	0	0	0	29
15065	1	0	0	32	0	33
15066	0	0	27	1	0	28
15067	24	0	1	0	0	25
15068	29	0	0	0	0	29
15069	1	0	0	28	0	29
15070	0	32	0	1	0	33
15071	0	1	0	33	0	34
15072	0	0	0	34	0	34
15073	33	0	0	1	0	34
15074	35	0	0	0	0	35
15075	1	0	34	0	0	35
15076	0	0	1	33	0	34
15077	32	0	0	1	0	33
15078	1	0	0	33	0	34
15079	0	0	33	1	0	34
15080	0	33	1	0	0	34
15081	0	34	0	0	0	34
15082	47	1	0	0	0	48
15083	1	0	0	49	0	50
15084	0	0	0	51	0	51
15085	50	0	0	1	0	51
15086	1	0	47	0	0	48
15087	0	0	1	51	0	52
15088	0	0	51	1	0	52
15089	0	49	1	0	0	50
15090	50	1	0	0	0	51
15091	51	0	0	0	0	51
15092	52	0	0	0	0	52
15093	1	0	51	0	0	52
15094	49	0	1	0	0	50
15095	52	0	0	0	0	52
15096	1	0	0	51	0	52
15097	46	0	0	1	0	47
15098	1	0	52	0	0	53
15099	51	0	1	0	0	52
15100	1	0	54	0	0	55
15101	0	59	1	0	0	60
15102	0	1	0	56	0	57
15103	0	56	0	1	0	57
15104	0	1	55	0	0	56
15105	0	57	1	0	0	58
15106	56	1	0	0	0	57
15107	1	57	0	0	0	58
15108	0	56	0	0	0	56
15109	3	1	54	0	0	58
15110	0	0	1	53	0	54
15111	54	0	0	1	0	55
15112	1	0	54	0	0	55
15113	0	54	1	0	0	55
15114	0	1	0	54	0	55
15115	0	1	53	1	0	55
15116	0	0	52	0	0	52
15117	0	0	1	53	0	54
15118	0	0	52	1	0	53
15119	0	0	1	52	0	53
15120	0	52	0	1	0	53
15121	0	1	0	51	0	52
15122	0	52	0	1	0	53
15123	0	1	0	53	0	54
15124	52	0	0	1	0	53
15125	1	0	0	53	0	54
15126	0	52	0	1	0	53
15127	0	1	0	53	0	54
15128	0	0	53	1	0	54
15129	0	0	0	52	0	52
15130	53	0	0	1	0	54
15131	1	0	52	0	0	53
15132	0	0	1	52	0	53
15133	50	0	0	1	0	51
15134	1	51	0	0	0	52
15135	0	1	0	52	0	53
15136	50	0	0	1	0	51
15137	1	0	0	52	0	53
15138	0	0	52	1	0	53
15139	49	0	1	0	0	50
15140	1	52	0	0	0	53
15141	0	52	0	0	0	52
15142	52	1	0	0	0	53
15143	53	0	0	0	0	53
15144	1	0	0	52	0	53
15145	52	0	0	1	0	53
15146	1	0	55	0	0	56
15147	52	0	0	0	0	52
15148	1	47	0	0	0	48
15149	48	1	0	0	0	49
15150	1	0	50	0	0	51
15151	0	0	0	50	0	50
15152	0	0	0	50	0	50
15153	0	0	0	47	0	47
15154	0	51	0	0	0	51
15155	50	0	0	0	0	50
15156	0	0	0	49	0	49
15157	0	51	0	0	0	51
15158	51	0	0	0	0	51
15159	47	0	0	0	0	47
15160	48	0	0	0	0	48
15161	48	0	0	0	0	48
15162	48	0	0	0	0	48
15163	0	0	0	47	0	47
15164	0	0	0	47	0	47
15165	43	0	0	0	0	43
15166	0	0	0	44	0	44
15167	0	0	0	43	0	43
15168	0	0	43	0	0	43
15169	41	0	0	1	0	42
15170	39	0	0	0	0	39
15171	41	0	0	0	0	41
15172	0	0	0	39	0	39
15173	0	41	0	0	0	41
15174	47	0	0	0	0	47
15175	45	0	0	0	0	45
15176	1	0	0	49	0	50
15177	48	0	0	1	0	49
15178	2	1	45	0	0	48
15179	0	49	0	1	0	50
15180	1	51	0	0	0	52
15181	0	2	49	0	0	51
15182	0	38	2	0	0	40
15183	0	38	0	0	0	38
15184	33	3	1	0	0	37
15185	2	33	0	0	0	35
15186	0	2	0	37	0	39
15187	37	0	0	3	0	40
15188	2	1	36	0	0	39
15189	40	0	2	1	0	43
15190	3	0	41	0	0	44
15191	0	0	43	1	0	44
15192	41	1	2	0	0	44
15193	1	0	41	1	0	43
15194	1	41	3	0	0	45
15195	1	2	0	42	0	45
15196	41	1	1	1	0	44
15197	2	41	0	1	0	44
15198	0	2	1	39	0	42
15199	1	0	38	3	0	42
15200	1	1	2	38	0	42
15201	33	0	0	3	0	36
15202	2	0	34	1	0	37
15203	1	0	2	34	0	37
15204	34	0	0	2	0	36
15205	37	0	1	1	0	39
15206	3	0	0	35	0	38
15207	1	0	0	38	0	39
15208	1	0	37	2	0	40
15209	1	0	33	1	0	35
15210	35	1	2	1	0	39
15211	38	1	1	0	0	40
15212	3	36	0	0	0	39
15213	38	2	0	0	0	40
15214	39	0	0	1	0	40
15215	3	1	38	0	0	42
15216	1	38	3	0	0	42
15217	36	2	0	0	0	38
15218	39	0	1	0	0	40
15219	43	1	0	0	0	44
15220	3	0	0	41	0	44
15221	1	0	0	42	0	43
15222	1	40	0	2	0	43
15223	0	2	0	41	0	43
15224	41	0	0	3	0	44
15225	2	1	0	41	0	44
15226	0	0	41	3	0	44
15227	1	0	42	0	0	43
15228	0	0	2	41	0	43
15229	0	0	42	2	0	44
15230	0	0	41	0	0	41
15231	0	0	2	41	0	43
15232	0	0	1	43	0	44
15233	0	0	40	2	0	42
15234	0	0	40	1	0	41
15235	0	40	2	1	0	43
15236	41	2	1	0	0	44
15237	2	44	1	0	0	47
15238	46	2	0	0	0	48
15239	49	0	0	0	0	49
15240	2	49	0	0	0	51
15241	49	2	0	0	0	51
15242	3	0	0	48	0	51
15243	0	1	49	2	0	52
15244	1	0	2	47	0	50
15245	0	0	0	49	0	49
15246	43	0	1	2	0	46
15247	44	0	0	1	0	45
15248	45	0	0	1	0	46
15249	47	0	0	0	0	47
15250	44	0	0	0	0	44
15251	3	40	0	0	0	43
15252	1	2	0	41	0	44
15253	1	0	40	2	0	43
15254	0	1	2	41	0	44
15255	0	0	0	41	0	41
15256	0	0	1	43	0	44
15257	43	0	0	3	0	46
15258	2	0	0	47	0	49
15259	47	0	0	3	0	50
15260	3	0	47	0	0	50
15261	0	0	2	56	0	58
15262	1	0	53	2	0	56
15263	55	0	3	0	0	58
15264	2	0	0	55	0	57
15265	0	0	56	2	0	58
15266	1	0	2	55	0	58
15267	57	0	0	2	0	59
15268	2	0	58	0	0	60
15269	56	0	2	1	0	59
15270	59	0	0	0	0	59
15271	59	0	0	0	0	59
15272	57	0	0	0	0	57
15273	3	53	0	0	0	56
15274	0	48	0	0	0	48
15275	0	48	0	0	0	48
15276	0	1	0	45	0	46
15277	0	46	0	1	0	47
15278	44	0	0	0	0	44
15279	0	44	0	0	0	44
15280	0	42	0	0	0	42
15281	0	0	0	45	0	45
15282	0	0	0	44	0	44
15283	43	0	0	0	0	43
15284	0	0	0	44	0	44
15285	0	0	44	0	0	44
15286	0	0	39	0	0	39
15287	0	0	38	0	0	38
15288	0	0	0	41	0	41
15289	0	0	0	36	0	36
15290	0	0	37	0	0	37
15291	0	0	36	0	0	36
15292	0	0	40	0	0	40
15293	39	0	0	1	0	40
15294	0	0	0	40	0	40
15295	0	0	0	43	0	43
15296	45	0	0	0	0	45
15297	0	0	0	45	0	45
15298	0	47	0	0	0	47
15299	0	48	0	0	0	48
15300	0	0	0	48	0	48
15301	48	0	0	0	0	48
15302	48	0	0	0	0	48
15303	47	0	0	0	0	47
15304	0	0	0	48	0	48
15305	0	0	45	0	0	45
15306	0	0	0	45	0	45
15307	0	0	45	0	0	45
15308	42	0	0	1	0	43
15309	0	0	0	45	0	45
15310	44	0	0	0	0	44
15311	0	0	45	0	0	45
15312	41	0	0	0	0	41
15313	0	0	44	0	0	44
15314	0	42	0	0	0	42
15315	0	43	0	0	0	43
15316	43	0	0	0	0	43
15317	0	0	0	43	0	43
15318	0	0	42	0	0	42
15319	0	42	0	0	0	42
15320	0	43	0	0	0	43
15321	0	0	0	43	0	43
15322	43	0	0	0	0	43
15323	43	0	0	0	0	43
15324	0	42	0	0	0	42
15325	43	0	0	0	0	43
15326	0	0	0	43	0	43
15327	0	0	42	0	0	42
15328	0	43	0	0	0	43
15329	0	0	0	43	0	43
15330	0	0	0	43	0	43
15331	43	0	0	0	0	43
15332	0	0	43	0	0	43
15333	42	0	0	0	0	42
15334	42	0	0	0	0	42
15335	0	0	0	42	0	42
15336	0	0	0	41	0	41
15337	39	0	0	0	0	39
15338	0	0	0	35	0	35
15339	0	0	34	0	0	34
15340	0	0	32	0	0	32
15341	0	31	0	0	0	31
15342	0	45	0	0	0	45
15343	0	0	0	42	0	42
15344	0	42	0	0	0	42
15345	42	0	0	0	0	42
15346	0	43	0	0	0	43
15347	0	0	0	44	0	44
15348	0	0	0	44	0	44
15349	0	0	44	0	0	44
15350	0	0	0	43	0	43
15351	0	0	0	43	0	43
15352	0	46	0	0	0	46
15353	0	0	0	45	0	45
15354	0	0	0	46	0	46
15355	0	0	45	0	0	45
15356	0	45	0	0	0	45
15357	0	1	0	41	0	42
15358	0	40	0	0	0	40
15359	0	0	39	0	0	39
15360	0	41	0	0	0	41
15361	34	0	0	0	0	34
15362	33	0	0	0	0	33
15363	34	0	0	0	0	34
15364	0	33	0	0	0	33
15365	34	0	0	0	0	34
15366	0	0	0	34	0	34
15367	32	0	0	0	0	32
15368	0	31	0	0	0	31
15369	32	0	0	0	0	32
15370	32	0	0	0	0	32
15371	0	31	0	0	0	31
15372	1	0	31	0	0	32
15373	0	0	0	32	0	32
15374	0	0	34	0	0	34
15375	0	0	0	34	0	34
15376	0	0	0	34	0	34
15377	0	0	35	0	0	35
15378	0	0	0	35	0	35
15379	35	0	0	0	0	35
15380	0	0	35	0	0	35
15381	0	35	0	0	0	35
15382	0	0	0	33	0	33
15383	0	0	0	33	0	33
15384	0	0	35	0	0	35
15385	0	0	0	35	0	35
15386	0	35	0	0	0	35
15387	35	0	0	0	0	35
15388	0	34	0	0	0	34
15389	34	0	0	0	0	34
15390	0	34	0	0	0	34
15391	0	34	0	0	0	34
15392	0	1	34	0	0	35
15393	1	0	1	37	0	39
15394	0	0	0	39	0	39
15395	0	0	0	40	0	40
15396	0	39	0	1	0	40
15397	0	1	0	39	0	40
15398	36	0	0	1	0	37
15399	1	0	0	36	0	37
15400	36	0	0	1	0	37
15401	1	0	36	0	0	37
15402	36	0	1	0	0	37
15403	0	0	0	35	0	35
15404	0	0	0	37	0	37
15405	38	0	0	1	0	39
15406	1	0	37	0	0	38
15407	0	38	1	0	0	39
15408	0	1	0	37	0	38
15409	38	0	0	1	0	39
15410	39	0	0	0	0	39
15411	1	0	0	38	0	39
15412	0	0	38	0	0	38
15413	37	0	1	0	0	38
15414	1	0	38	0	0	39
15415	0	0	1	38	0	39
15416	0	0	38	1	0	39
15417	0	1	1	36	0	38
15418	0	0	37	1	0	38
15419	0	33	1	0	0	34
15420	0	1	0	32	0	33
15421	0	34	0	1	0	35
15422	34	1	0	0	0	35
15423	35	0	0	0	0	35
15424	1	0	33	0	0	34
15425	0	0	1	34	0	35
15426	34	0	0	1	0	35
15427	1	0	0	33	0	34
15428	0	0	0	34	0	34
15429	0	0	34	1	0	35
15430	33	0	1	0	0	34
15431	1	0	34	0	0	35
15432	0	0	1	34	0	35
15433	0	0	34	1	0	35
15434	34	0	1	0	0	35
15435	35	0	0	0	0	35
15436	35	0	0	0	0	35
15437	1	0	0	34	0	35
15438	0	0	34	1	0	35
15439	0	0	35	0	0	35
15440	0	6	1	25	0	32
15441	0	35	0	1	0	36
15442	23	1	0	0	0	24
15443	1	0	0	23	0	24
15444	0	0	23	1	0	24
15445	0	0	1	23	0	24
15446	0	0	23	1	0	24
15447	0	0	1	23	0	24
15448	0	0	23	1	0	24
15449	0	0	24	0	0	24
15450	0	23	1	0	0	24
15451	0	1	23	0	0	24
15452	0	0	21	0	0	21
15453	0	0	1	19	0	20
15454	0	0	0	20	0	20
15455	0	20	0	0	0	20
15456	20	1	0	0	0	21
15457	1	20	0	0	0	21
15458	0	1	0	20	0	21
15459	20	0	0	1	0	21
15460	1	0	0	18	0	19
15461	18	0	0	1	0	19
15462	1	0	0	17	0	18
15463	0	0	21	1	0	22
15464	0	0	1	20	0	21
15465	0	0	0	22	0	22
15466	21	0	0	1	0	22
15467	22	0	0	0	0	22
15468	22	0	0	0	0	22
15469	1	18	0	0	0	19
15470	0	22	0	0	0	22
15471	21	1	0	0	0	22
15472	1	0	21	0	0	22
15473	0	0	23	0	0	23
15474	0	1	1	20	0	22
15475	0	0	21	1	0	22
15476	0	0	21	0	0	21
15477	19	0	1	0	0	20
15478	20	0	0	0	0	20
15479	1	20	0	0	0	21
15480	0	21	0	0	0	21
15481	0	1	0	20	0	21
15482	0	20	0	1	0	21
15483	20	1	0	0	0	21
15484	1	0	0	20	0	21
15485	0	20	0	1	0	21
15486	20	1	0	0	0	21
15487	1	0	20	0	0	21
15488	0	0	20	0	0	20
15489	20	0	1	0	0	21
15490	1	0	20	0	0	21
15491	17	0	0	0	0	17
15492	0	0	0	18	0	18
15493	0	0	14	0	0	14
15494	0	14	0	0	0	14
15495	0	9	0	0	0	9
15496	8	0	0	0	0	8
15497	0	8	0	0	0	8
15498	8	0	0	0	0	8
15499	8	0	0	0	0	8
15500	0	7	0	0	0	7
15501	0	0	0	7	0	7
15502	0	0	7	0	0	7
15503	0	7	0	0	0	7
15504	0	0	0	6	0	6
15505	0	0	0	7	0	7
15506	7	0	0	0	0	7
15507	0	0	0	7	0	7
15508	0	0	7	0	0	7
15509	0	7	0	0	0	7
15510	0	0	0	7	0	7
15511	7	0	0	0	0	7
15512	7	0	0	0	0	7
15513	0	0	0	7	0	7
15514	7	0	0	0	0	7
15515	0	0	7	0	0	7
15516	0	0	0	7	0	7
15517	0	0	7	0	0	7
15518	0	0	0	9	0	9
15519	0	0	0	12	0	12
15520	0	0	0	10	0	10
15521	0	0	0	13	0	13
15522	0	0	0	15	0	15
15523	14	0	0	1	0	15
15524	14	0	0	0	0	14
15525	1	14	0	0	0	15
15526	13	1	0	0	0	14
15527	1	0	0	14	0	15
15528	0	0	0	15	0	15
15529	0	0	0	14	0	14
15530	0	0	14	1	0	15
15531	0	0	1	14	0	15
15532	0	14	0	1	0	15
15533	14	0	0	0	0	14
15534	15	0	0	0	0	15
15535	1	0	14	0	0	15
15536	0	14	0	0	0	14
15537	0	1	0	14	0	15
15538	0	0	14	1	0	15
15539	0	0	1	14	0	15
15540	0	14	0	1	0	15
15541	11	1	0	0	0	12
15542	1	13	0	0	0	14
15543	0	1	12	0	0	13
15544	0	0	13	0	0	13
15545	0	12	1	0	0	13
15546	0	13	0	0	0	13
15547	13	1	0	0	0	14
15548	14	0	0	0	0	14
15549	1	0	0	13	0	14
15550	0	0	13	1	0	14
15551	0	0	1	13	0	14
15552	0	0	0	14	0	14
15553	13	0	0	1	0	14
15554	13	0	0	0	0	13
15555	0	0	0	13	0	13
15556	0	0	13	1	0	14
15557	0	13	1	0	0	14
15558	11	1	0	0	0	12
15559	1	13	0	0	0	14
15560	0	1	0	13	0	14
15561	0	0	0	14	0	14
15562	0	0	0	14	0	14
15563	0	0	0	11	0	11
15564	10	0	0	1	0	11
15565	1	0	0	10	0	11
15566	0	9	0	1	0	10
15567	0	1	0	10	0	11
15568	10	0	0	1	0	11
15569	0	10	0	0	0	10
15570	0	1	0	10	0	11
15571	0	0	10	1	0	11
15572	10	0	1	0	0	11
15573	0	0	0	8	0	8
15574	0	0	8	1	0	9
15575	0	0	9	0	0	9
15576	0	0	1	8	0	9
15577	8	0	0	1	0	9
15578	9	0	0	0	0	9
15579	0	11	0	0	0	11
15580	11	1	0	0	0	12
15581	12	0	0	0	0	12
15582	12	0	0	0	0	12
15583	11	0	0	0	0	11
15584	0	0	0	11	0	11
15585	0	0	0	12	0	12
15586	0	0	9	1	0	10
15587	0	11	1	0	0	12
15588	0	12	0	0	0	12
15589	0	1	11	0	0	12
15590	11	0	1	0	0	12
15591	1	0	0	11	0	12
15592	11	0	0	1	0	12
15593	12	0	0	0	0	12
15594	1	0	10	0	0	11
15595	0	0	1	11	0	12
15596	11	0	0	1	0	12
15597	1	0	0	11	0	12
15598	0	0	10	1	0	11
15599	0	0	1	11	0	12
15600	0	11	0	1	0	12
15601	0	13	0	0	0	13
15602	0	1	11	0	0	12
15603	0	12	1	0	0	13
15604	12	1	0	0	0	13
15605	13	0	0	0	0	13
15606	1	0	0	12	0	13
15607	0	0	0	13	0	13
15608	0	0	0	13	0	13
15609	12	0	0	1	0	13
15610	0	11	0	0	0	11
15611	12	1	0	0	0	13
15612	13	0	0	0	0	13
15613	1	12	0	0	0	13
15614	12	1	0	0	0	13
15615	0	11	0	0	0	11
15616	12	1	0	0	0	13
15617	1	0	12	0	0	13
15618	9	0	2	0	0	11
15619	1	7	0	0	0	8
15620	0	1	2	5	0	8
15621	0	0	0	5	0	5
15622	0	0	0	5	0	5
15623	5	0	0	0	0	5
15624	0	0	0	5	0	5
15625	0	0	5	0	0	5
15626	5	0	0	0	0	5
15627	0	0	5	0	0	5
15628	0	0	0	5	0	5
15629	0	0	5	0	0	5
15630	0	0	0	5	0	5
15631	0	5	0	0	0	5
15632	0	0	0	5	0	5
15633	0	5	0	0	0	5
15634	0	0	0	5	0	5
15635	5	0	0	0	0	5
15636	0	0	0	5	0	5
15637	5	0	0	0	0	5
15638	0	0	5	0	0	5
15639	5	0	0	0	0	5
15640	5	0	0	0	0	5
15641	4	0	0	0	0	4
15642	0	0	0	5	0	5
15643	5	0	0	0	0	5
15644	0	0	6	0	0	6
15645	6	0	0	0	0	6
15646	0	0	6	0	0	6
15647	6	0	0	0	0	6
15648	0	0	0	6	0	6
15649	0	0	9	0	0	9
15650	0	0	0	9	0	9
15651	0	0	0	9	0	9
15652	0	0	9	0	0	9
15653	9	0	0	0	0	9
15654	0	8	0	0	0	8
15655	9	0	0	0	0	9
15656	0	9	0	0	0	9
15657	9	0	0	0	0	9
15658	0	0	9	0	0	9
15659	9	0	0	0	0	9
15660	0	9	0	0	0	9
15661	0	0	0	9	0	9
15662	0	0	0	10	0	10
15663	0	0	0	11	0	11
15664	0	0	11	0	0	11
15665	0	0	0	11	0	11
15666	0	0	11	0	0	11
15667	11	0	0	0	0	11
15668	11	0	0	0	0	11
15669	0	0	0	10	0	10
15670	0	0	12	0	0	12
15671	13	0	0	0	0	13
15672	0	0	17	0	0	17
15673	0	0	0	18	0	18
15674	0	0	0	17	0	17
15675	0	0	0	19	0	19
15676	0	0	0	19	0	19
15677	18	0	0	0	0	18
15678	0	20	0	0	0	20
15679	0	0	15	0	0	15
15680	0	17	0	0	0	17
15681	17	0	0	0	0	17
15682	0	0	0	17	0	17
15683	17	0	0	0	0	17
15684	0	0	0	17	0	17
15685	0	0	0	17	0	17
15686	0	0	0	17	0	17
15687	0	0	17	0	0	17
15688	0	17	0	0	0	17
15689	0	0	17	0	0	17
15690	0	0	0	17	0	17
15691	17	0	0	0	0	17
15692	17	0	0	0	0	17
15693	17	0	0	0	0	17
15694	0	17	0	0	0	17
15695	17	0	0	0	0	17
15696	0	0	0	17	0	17
15697	0	0	0	16	0	16
15698	0	0	0	17	0	17
15699	0	17	0	0	0	17
15700	0	0	0	17	0	17
15701	0	15	0	0	0	15
15702	15	0	0	0	0	15
15703	15	0	0	0	0	15
15704	0	0	0	15	0	15
15705	0	0	15	0	0	15
15706	15	0	0	0	0	15
15707	0	0	0	15	0	15
15708	0	0	15	0	0	15
15709	15	0	0	0	0	15
15710	0	0	0	15	0	15
15711	15	0	0	0	0	15
15712	0	15	0	0	0	15
15713	0	0	0	15	0	15
15714	0	22	0	0	0	22
15715	0	0	0	27	0	27
15716	0	27	0	0	0	27
15717	0	0	0	27	0	27
15718	0	0	27	0	0	27
15719	24	0	0	0	0	24
15720	0	26	0	0	0	26
15721	0	0	24	0	0	24
15722	27	0	0	0	0	27
15723	0	0	0	27	0	27
15724	0	0	26	0	0	26
15725	0	27	0	0	0	27
15726	0	0	0	27	0	27
15727	0	0	28	0	0	28
15728	0	0	0	28	0	28
15729	0	0	0	28	0	28
15730	0	0	28	0	0	28
15731	0	0	0	28	0	28
15732	0	0	31	0	0	31
15733	0	0	0	32	0	32
15734	0	0	33	0	0	33
15735	0	0	0	32	0	32
15736	0	0	0	33	0	33
15737	0	0	0	32	0	32
15738	0	34	0	0	0	34
15739	33	0	0	0	0	33
15740	34	0	0	0	0	34
15741	0	0	0	35	0	35
15742	37	0	0	0	0	37
15743	0	0	37	0	0	37
15744	0	36	0	0	0	36
15745	36	0	0	0	0	36
15746	0	36	0	0	0	36
15747	0	0	0	36	0	36
15748	0	0	0	36	0	36
15749	33	0	0	0	0	33
15750	0	0	0	32	0	32
15751	0	0	32	0	0	32
15752	0	33	0	0	0	33
15753	32	0	0	0	0	32
15754	0	0	0	32	0	32
15755	0	33	0	0	0	33
15756	0	0	0	32	0	32
15757	0	33	0	0	0	33
15758	33	0	0	0	0	33
15759	32	0	0	0	0	32
15760	0	0	30	0	0	30
15761	0	0	33	0	0	33
15762	0	0	0	31	0	31
15763	0	31	0	0	0	31
15764	0	0	0	31	0	31
15765	31	0	0	0	0	31
15766	0	0	29	0	0	29
15767	0	0	0	31	0	31
15768	0	0	31	0	0	31
15769	0	0	30	0	0	30
15770	0	30	0	0	0	30
15771	0	0	0	27	0	27
15772	24	0	0	0	0	24
15773	0	0	24	0	0	24
15774	0	24	0	0	0	24
15775	23	0	0	0	0	23
15776	0	0	0	23	0	23
15777	24	0	0	0	0	24
15778	22	0	0	0	0	22
15779	23	0	0	0	0	23
15780	0	0	22	0	0	22
15781	22	0	0	0	0	22
15782	23	0	0	0	0	23
15783	0	29	0	0	0	29
15784	0	0	0	29	0	29
15785	0	0	0	28	0	28
15786	0	0	0	29	0	29
15787	29	0	0	0	0	29
15788	29	0	0	0	0	29
15789	0	0	28	0	0	28
15790	0	0	0	29	0	29
15791	0	29	0	0	0	29
15792	29	0	0	0	0	29
15793	0	0	30	0	0	30
15794	0	0	0	31	0	31
15795	0	0	0	31	0	31
15796	0	31	0	0	0	31
15797	0	0	0	31	0	31
15798	0	0	0	30	0	30
15799	0	0	0	31	0	31
15800	31	0	0	0	0	31
15801	0	0	0	31	0	31
15802	0	0	0	31	0	31
15803	32	0	0	0	0	32
15804	0	0	0	33	0	33
15805	0	34	0	0	0	34
15806	34	0	0	0	0	34
15807	35	0	0	0	0	35
15808	34	0	0	0	0	34
15809	36	0	0	0	0	36
15810	0	47	0	0	0	47
15811	54	0	0	0	0	54
15812	53	0	0	0	0	53
15813	0	0	0	54	0	54
15814	0	0	48	0	0	48
15815	0	0	0	43	0	43
15816	0	0	0	43	0	43
15817	0	0	0	41	0	41
15818	0	0	0	41	0	41
15819	0	0	0	43	0	43
15820	42	0	0	0	0	42
15821	0	0	0	43	0	43
15822	0	0	46	0	0	46
15823	0	0	0	44	0	44
15824	0	46	0	0	0	46
15825	0	0	0	46	0	46
15826	0	0	46	0	0	46
15827	39	0	0	0	0	39
15828	41	0	0	0	0	41
15829	0	0	44	0	0	44
15830	0	44	0	0	0	44
15831	44	0	0	0	0	44
15832	40	0	0	0	0	40
15833	40	0	0	0	0	40
15834	39	0	0	0	0	39
15835	0	0	0	39	0	39
15836	0	0	39	0	0	39
15837	0	0	0	39	0	39
15838	0	0	0	39	0	39
15839	0	0	40	0	0	40
15840	0	0	39	0	0	39
15841	39	0	0	0	0	39
15842	0	35	0	0	0	35
15843	0	0	0	37	0	37
15844	0	0	36	0	0	36
15845	34	0	0	0	0	34
15846	0	0	37	0	0	37
15847	35	0	0	0	0	35
15848	0	37	0	0	0	37
15849	0	0	0	37	0	37
15850	0	0	35	0	0	35
15851	36	0	0	0	0	36
15852	0	40	0	0	0	40
15853	0	40	0	0	0	40
15854	0	0	0	39	0	39
15855	0	0	0	46	0	46
15856	51	0	0	0	0	51
15857	0	51	0	0	0	51
15858	0	0	0	50	0	50
15859	49	0	0	0	0	49
15860	51	0	0	0	0	51
15861	52	0	0	0	0	52
15862	0	0	53	0	0	53
15863	0	0	51	0	0	51
15864	57	0	0	0	0	57
15865	0	55	0	0	0	55
15866	0	58	0	0	0	58
15867	0	0	0	55	0	55
15868	0	58	0	0	0	58
15869	58	0	0	0	0	58
15870	0	0	0	58	0	58
15871	0	0	57	0	0	57
15872	58	0	0	1	0	59
15873	59	0	0	0	0	59
15874	0	1	0	58	0	59
15875	0	0	0	59	0	59
15876	1	0	0	58	0	59
15877	1	0	0	57	0	58
15878	1	0	57	0	0	58
15879	0	57	0	0	0	57
15880	0	0	1	54	0	55
15881	1	57	0	0	0	58
15882	0	1	0	55	0	56
15883	0	53	0	0	0	53
15884	52	0	0	1	0	53
15885	51	1	0	0	0	52
15886	1	52	0	0	0	53
15887	52	0	0	1	0	53
15888	0	0	1	52	0	53
15889	52	0	0	0	0	52
15890	0	52	0	0	0	52
15891	52	0	0	1	0	53
15892	51	0	0	1	0	52
15893	0	0	0	51	0	51
15894	0	0	50	1	0	51
15895	0	47	0	3	0	50
15896	0	1	0	49	0	50
15897	47	0	0	1	0	48
15898	0	1	49	0	0	50
15899	0	0	0	50	0	50
15900	0	1	0	50	0	51
15901	51	0	0	0	0	51
15902	51	0	0	0	0	51
15903	48	1	0	0	0	49
15904	1	47	0	0	0	48
15905	47	0	0	1	0	48
15906	1	0	47	0	0	48
15907	0	1	45	0	0	46
15908	1	0	45	0	0	46
15909	1	6	0	38	0	45
15910	0	0	34	0	0	34
15911	27	0	0	0	0	27
15912	0	1	0	28	0	29
15913	0	0	28	1	0	29
15914	30	0	0	0	0	30
15915	0	0	1	28	0	29
15916	0	0	0	30	0	30
15917	31	0	0	1	0	32
15918	2	0	0	33	0	35
15919	1	0	34	1	0	36
15920	1	0	1	34	0	36
15921	0	1	34	1	0	36
15922	1	0	1	31	0	33
15923	30	0	1	1	0	32
15924	1	35	1	0	0	37
15925	0	35	1	0	0	36
15926	0	1	0	36	0	37
15927	0	0	1	35	0	36
15928	1	35	0	1	0	37
15929	0	36	0	1	0	37
15930	0	1	1	35	0	37
15931	1	0	0	36	0	37
15932	34	0	0	1	0	35
15933	1	34	0	1	0	36
15934	1	36	0	0	0	37
15935	0	36	0	1	0	37
15936	35	1	1	0	0	37
15937	1	0	35	1	0	37
15938	33	0	1	0	0	34
15939	1	0	0	33	0	34
15940	1	33	0	1	0	35
15941	0	35	0	0	0	35
15942	33	2	0	0	0	35
15943	1	0	0	33	0	34
15944	0	37	0	1	0	38
15945	37	2	0	0	0	39
15946	38	1	0	0	0	39
15947	1	0	36	1	0	38
15948	37	0	1	1	0	39
15949	39	0	0	0	0	39
15950	1	1	0	36	0	38
15951	0	37	0	1	0	38
15952	0	35	0	0	0	35
15953	1	1	0	34	0	36
15954	34	0	1	1	0	36
15955	1	0	24	0	0	25
15956	0	0	22	0	0	22
15957	1	0	20	0	0	21
15958	0	0	26	0	0	26
15959	0	25	1	0	0	26
15960	0	25	0	0	0	25
15961	0	1	24	0	0	25
15962	0	0	24	0	0	24
15963	0	23	1	0	0	24
15964	0	1	0	17	0	18
15965	0	0	18	1	0	19
15966	0	0	1	18	0	19
15967	0	0	0	19	0	19
15968	0	0	0	19	0	19
15969	0	0	0	22	0	22
15970	0	0	21	1	0	22
15971	0	0	1	20	0	21
15972	19	0	0	2	0	21
15973	1	0	21	0	0	22
15974	21	0	1	0	0	22
15975	1	0	0	21	0	22
15976	0	0	20	1	0	21
15977	20	0	1	0	0	21
15978	1	0	0	23	0	24
15979	22	0	0	3	0	25
15980	3	0	0	23	0	26
15981	0	22	0	3	0	25
15982	0	3	22	0	0	25
15983	0	0	3	22	0	25
15984	23	0	0	3	0	26
15985	25	0	0	0	0	25
15986	26	0	0	0	0	26
15987	25	0	0	0	0	25
15988	25	1	0	0	0	26
15989	3	22	0	0	0	25
15990	23	3	0	0	0	26
15991	3	0	22	0	0	25
15992	22	0	3	0	0	25
15993	3	0	0	22	0	25
15994	0	0	23	3	0	26
15995	0	0	26	0	0	26
15996	0	0	3	23	0	26
15997	23	0	0	3	0	26
15998	3	23	0	0	0	26
15999	22	3	0	0	0	25
16000	3	23	0	0	0	26
16001	0	3	0	23	0	26
16002	0	0	0	26	0	26
16003	23	0	0	3	0	26
16004	3	0	0	23	0	26
16005	0	0	23	3	0	26
16006	23	0	3	0	0	26
16007	3	0	0	23	0	26
16008	0	0	0	26	0	26
16009	0	0	23	3	0	26
16010	21	0	3	0	0	24
16011	25	0	0	0	0	25
16012	3	23	0	0	0	26
16013	0	3	26	0	0	29
16014	0	0	28	0	0	28
16015	0	0	3	25	0	28
16016	0	0	0	28	0	28
16017	0	23	0	2	0	25
16018	0	2	20	0	0	22
16019	0	0	2	19	0	21
16020	0	0	20	2	0	22
16021	0	0	2	19	0	21
16022	0	20	0	2	0	22
16023	0	2	0	20	0	22
16024	0	0	0	18	0	18
16025	0	0	0	18	0	18
16026	16	0	0	2	0	18
16027	2	0	16	0	0	18
16028	0	17	2	0	0	19
16029	0	2	0	17	0	19
16030	18	0	0	2	0	20
16031	2	0	0	18	0	20
16032	19	0	0	2	0	21
16033	2	0	20	0	0	22
16034	19	0	2	0	0	21
16035	2	0	0	19	0	21
16036	0	0	19	2	0	21
16037	0	20	2	0	0	22
16038	0	2	0	20	0	22
16039	0	0	0	22	0	22
16040	20	0	0	2	0	22
16041	2	22	0	0	0	24
16042	0	24	0	0	0	24
16043	0	24	0	0	0	24
16044	18	2	0	0	0	20
16045	2	18	0	0	0	20
16046	0	2	0	18	0	20
16047	0	0	0	20	0	20
16048	18	0	0	2	0	20
16049	2	18	0	0	0	20
16050	0	2	0	18	0	20
16051	18	0	0	2	0	20
16052	20	0	0	0	0	20
16053	20	0	0	0	0	20
16054	2	18	0	0	0	20
16055	19	2	0	0	0	21
16056	2	0	0	18	0	20
16057	0	19	0	2	0	21
16058	0	19	0	0	0	19
16059	0	2	0	17	0	19
16060	17	0	0	2	0	19
16061	19	0	0	0	0	19
16062	2	0	0	16	0	18
16063	0	17	0	2	0	19
16064	17	2	0	0	0	19
16065	2	0	19	0	0	21
16066	0	0	21	0	0	21
16067	19	0	2	0	0	21
16068	2	0	19	0	0	21
16069	0	0	2	16	0	18
16070	16	0	0	2	0	18
16071	2	0	0	16	0	18
16072	0	0	16	2	0	18
16073	0	16	2	0	0	18
16074	0	2	0	17	0	19
16075	0	0	17	2	0	19
16076	18	0	2	0	0	20
16077	2	0	0	18	0	20
16078	0	0	15	0	0	15
16079	0	0	0	16	0	16
16080	0	16	0	0	0	16
16081	0	0	0	19	0	19
16082	0	0	0	19	0	19
16083	0	0	0	19	0	19
16084	0	19	0	0	0	19
16085	19	0	0	0	0	19
16086	0	0	0	19	0	19
16087	0	0	0	19	0	19
16088	0	0	0	19	0	19
16089	0	0	19	0	0	19
16090	0	0	0	17	0	17
16091	18	0	0	0	0	18
16092	0	19	0	0	0	19
16093	0	0	0	18	0	18
16094	0	0	0	19	0	19
16095	19	0	0	0	0	19
16096	0	19	0	0	0	19
16097	19	0	0	0	0	19
16098	18	0	0	0	0	18
16099	0	0	0	19	0	19
16100	19	0	0	0	0	19
16101	0	19	0	0	0	19
16102	19	0	0	0	0	19
16103	0	0	0	19	0	19
16104	22	0	0	0	0	22
16105	21	0	0	0	0	21
16106	0	0	19	0	0	19
16107	21	0	0	0	0	21
16108	22	0	0	0	0	22
16109	25	0	0	0	0	25
16110	0	0	28	0	0	28
16111	0	30	0	0	0	30
16112	0	0	0	30	0	30
16113	28	0	0	0	0	28
16114	0	27	0	0	0	27
16115	27	0	0	0	0	27
16116	0	0	0	27	0	27
16117	0	0	27	0	0	27
16118	25	0	0	0	0	25
16119	0	0	0	27	0	27
16120	0	0	27	0	0	27
16121	26	0	0	0	0	26
16122	1	0	27	0	0	28
16123	0	0	0	30	0	30
16124	0	0	1	29	0	30
16125	30	0	0	0	0	30
16126	28	0	1	0	0	29
16127	0	29	0	1	0	30
16128	28	0	0	1	0	29
16129	1	0	28	0	0	29
16130	0	0	27	0	0	27
16131	27	1	0	0	0	28
16132	1	24	0	0	0	25
16133	25	0	1	0	0	26
16134	0	25	1	0	0	26
16135	26	0	0	0	0	26
16136	0	1	0	23	0	24
16137	1	0	24	0	0	25
16138	0	1	0	24	0	25
16139	1	0	0	25	0	26
16140	25	0	0	1	0	26
16141	0	0	22	0	0	22
16142	22	0	0	1	0	23
16143	0	23	0	1	0	24
16144	24	0	0	0	0	24
16145	0	0	1	23	0	24
16146	1	0	23	0	0	24
16147	0	0	0	22	0	22
16148	24	0	0	0	0	24
16149	0	0	0	24	0	24
16150	0	0	1	23	0	24
16151	0	23	0	1	0	24
16152	1	0	0	23	0	24
16153	0	0	23	1	0	24
16154	0	0	0	22	0	22
16155	0	0	0	22	0	22
16156	22	0	0	1	0	23
16157	0	0	1	22	0	23
16158	0	0	21	1	0	22
16159	0	21	0	1	0	22
16160	1	0	0	20	0	21
16161	0	0	0	22	0	22
16162	19	0	1	0	0	20
16163	0	21	0	0	0	21
16164	0	0	0	22	0	22
16165	19	0	0	1	0	20
16166	19	0	0	0	0	19
16167	0	1	0	19	0	20
16168	0	0	19	1	0	20
16169	20	0	0	0	0	20
16170	1	0	0	19	0	20
16171	19	0	0	1	0	20
16172	18	0	1	0	0	19
16173	1	19	0	0	0	20
16174	17	0	0	1	0	18
16175	0	17	0	0	0	17
16176	1	0	0	17	0	18
16177	0	0	0	19	0	19
16178	1	19	0	0	0	20
16179	21	1	0	0	0	22
16180	22	0	0	1	0	23
16181	0	0	18	0	0	18
16182	0	1	18	0	0	19
16183	1	0	0	19	0	20
16184	19	0	0	0	0	19
16185	0	0	0	19	0	19
16186	0	0	1	19	0	20
16187	0	0	18	1	0	19
16188	1	0	19	0	0	20
16189	0	0	18	1	0	19
16190	18	0	0	1	0	19
16191	19	0	1	0	0	20
16192	0	18	1	0	0	19
16193	0	18	1	0	0	19
16194	1	0	0	19	0	20
16195	0	0	19	0	0	19
16196	17	0	0	0	0	17
16197	0	1	21	0	0	22
16198	0	0	0	22	0	22
16199	0	0	0	19	0	19
16200	1	0	0	21	0	22
16201	0	0	1	21	0	22
16202	21	0	0	1	0	22
16203	0	0	0	22	0	22
16204	0	0	18	1	0	19
16205	18	0	0	1	0	19
16206	1	0	17	0	0	18
16207	0	0	17	1	0	18
16208	0	16	1	0	0	17
16209	1	0	3	10	0	14
16210	10	0	0	0	0	10
16211	0	0	1	10	0	11
16212	0	1	9	0	0	10
16213	0	0	0	10	0	10
16214	10	0	0	0	0	10
16215	0	9	0	1	0	10
16216	9	0	1	0	0	10
16217	0	9	0	1	0	10
16218	9	0	0	0	0	9
16219	0	9	0	0	0	9
16220	0	8	0	0	0	8
16221	0	0	9	0	0	9
16222	0	9	0	0	0	9
16223	7	0	0	0	0	7
16224	0	0	0	7	0	7
16225	7	0	0	0	0	7
16226	0	7	0	0	0	7
16227	7	0	0	0	0	7
16228	0	0	7	0	0	7
16229	0	0	0	7	0	7
16230	0	7	0	0	0	7
16231	0	0	0	7	0	7
16232	0	0	0	9	0	9
16233	9	0	0	0	0	9
16234	0	9	0	0	0	9
16235	10	0	0	0	0	10
16236	0	0	10	0	0	10
16237	0	0	10	0	0	10
16238	0	10	0	0	0	10
16239	0	0	0	9	0	9
16240	0	0	10	0	0	10
16241	0	0	0	10	0	10
16242	0	0	0	9	0	9
16243	0	0	10	0	0	10
16244	0	0	10	0	0	10
16245	0	0	10	0	0	10
16246	0	0	10	0	0	10
16247	0	9	0	0	0	9
16248	0	0	0	10	0	10
16249	0	0	0	10	0	10
16250	0	0	10	0	0	10
16251	0	0	0	10	0	10
16252	0	0	12	0	0	12
16253	0	0	0	12	0	12
16254	0	0	0	12	0	12
16255	0	12	0	0	0	12
16256	0	0	0	13	0	13
16257	0	0	0	12	0	12
16258	0	0	0	13	0	13
16259	0	0	13	0	0	13
16260	0	13	0	0	0	13
16261	13	0	0	0	0	13
16262	11	0	0	0	0	11
16263	0	0	0	13	0	13
16264	0	0	0	12	0	12
16265	0	13	0	0	0	13
16266	11	0	0	0	0	11
16267	0	13	0	0	0	13
16268	13	0	0	0	0	13
16269	0	0	13	0	0	13
16270	12	0	0	0	0	12
16271	0	13	0	0	0	13
16272	0	0	0	13	0	13
16273	0	0	0	13	0	13
16274	0	13	0	0	0	13
16275	14	0	0	0	0	14
16276	0	0	0	14	0	14
16277	0	0	0	12	0	12
16278	13	0	0	0	0	13
16279	12	0	0	0	0	12
16280	0	0	12	0	0	12
16281	12	0	0	0	0	12
16282	1	0	0	12	0	13
16283	0	0	12	0	0	12
16284	1	0	0	12	0	13
16285	0	0	11	0	0	11
16286	0	0	13	0	0	13
16287	0	0	0	13	0	13
16288	0	0	13	0	0	13
16289	0	12	0	0	0	12
16290	0	0	0	12	0	12
16291	0	0	1	12	0	13
16292	0	1	12	0	0	13
16293	0	12	0	1	0	13
16294	12	0	0	1	0	13
16295	0	0	1	12	0	13
16296	12	1	0	0	0	13
16297	1	11	0	0	0	12
16298	0	0	11	1	0	12
16299	1	0	0	13	0	14
16300	13	1	0	0	0	14
16301	0	0	14	0	0	14
16302	12	0	0	1	0	13
16303	1	13	0	0	0	14
16304	0	12	1	0	0	13
16305	13	0	0	0	0	13
16306	0	0	0	12	0	12
16307	0	0	0	13	0	13
16308	1	13	0	0	0	14
16309	0	0	0	14	0	14
16310	0	0	0	14	0	14
16311	13	1	0	0	0	14
16312	0	0	0	14	0	14
16313	0	0	12	1	0	13
16314	1	0	0	13	0	14
16315	0	0	0	14	0	14
16316	0	0	16	0	0	16
16317	0	0	0	15	0	15
16318	15	0	0	1	0	16
16319	14	0	0	0	0	14
16320	15	0	0	1	0	16
16321	1	0	0	15	0	16
16322	1	0	14	0	0	15
16323	1	15	0	0	0	16
16324	0	0	0	16	0	16
16325	0	0	16	0	0	16
16326	0	1	0	15	0	16
16327	0	0	0	16	0	16
16328	14	0	1	0	0	15
16329	0	15	0	1	0	16
16330	0	0	15	1	0	16
16331	16	0	0	0	0	16
16332	0	14	0	0	0	14
16333	0	12	1	0	0	13
16334	13	0	0	0	0	13
16335	0	1	0	12	0	13
16336	0	1	15	0	0	16
16337	1	0	0	14	0	15
16338	0	14	0	1	0	15
16339	15	0	0	0	0	15
16340	0	0	0	16	0	16
16341	15	1	0	0	0	16
16342	1	0	0	15	0	16
16343	0	18	0	1	0	19
16344	20	0	0	0	0	20
16345	19	0	0	1	0	20
16346	0	20	0	0	0	20
16347	20	0	0	0	0	20
16348	1	0	0	19	0	20
16349	0	20	0	0	0	20
16350	20	0	0	0	0	20
16351	0	19	0	1	0	20
16352	17	1	0	0	0	18
16353	0	0	0	17	0	17
16354	18	1	0	0	0	19
16355	19	0	0	0	0	19
16356	17	0	0	1	0	18
16357	1	0	0	18	0	19
16358	1	0	0	18	0	19
16359	18	0	0	0	0	18
16360	0	0	18	1	0	19
16361	0	0	0	18	0	18
16362	1	18	0	0	0	19
16363	0	0	1	18	0	19
16364	0	0	0	20	0	20
16365	0	1	19	0	0	20
16366	0	0	0	20	0	20
16367	0	21	0	1	0	22
16368	0	0	1	20	0	21
16369	0	0	22	0	0	22
16370	0	1	0	22	0	23
16371	0	0	0	21	0	21
16372	22	0	1	0	0	23
16373	20	0	0	1	0	21
16374	0	0	0	22	0	22
16375	1	20	0	0	0	21
16376	0	21	0	0	0	21
16377	0	0	20	1	0	21
16378	0	3	0	17	0	20
16379	18	0	0	0	0	18
16380	0	0	0	17	0	17
16381	0	0	18	0	0	18
16382	0	0	0	18	0	18
16383	0	0	0	18	0	18
16384	0	0	0	18	0	18
16385	0	0	18	0	0	18
16386	0	18	0	0	0	18
16387	18	0	0	0	0	18
16388	18	0	0	0	0	18
16389	0	0	0	18	0	18
16390	0	0	18	0	0	18
16391	0	18	0	0	0	18
16392	0	0	0	16	0	16
16393	0	17	0	0	0	17
16394	0	18	0	0	0	18
16395	18	0	0	0	0	18
16396	0	0	18	0	0	18
16397	0	0	18	0	0	18
16398	0	0	0	18	0	18
16399	0	0	0	16	0	16
16400	0	0	17	0	0	17
16401	0	0	0	16	0	16
16402	0	0	17	0	0	17
16403	17	0	0	0	0	17
16404	0	0	0	17	0	17
16405	0	0	17	0	0	17
16406	0	0	0	15	0	15
16407	0	22	0	0	0	22
16408	21	0	0	0	0	21
16409	0	23	0	0	0	23
16410	22	0	0	0	0	22
16411	0	0	23	0	0	23
16412	22	0	0	0	0	22
16413	0	0	0	23	0	23
16414	0	0	23	0	0	23
16415	0	0	0	21	0	21
16416	0	0	21	0	0	21
16417	21	0	0	0	0	21
16418	0	22	0	0	0	22
16419	0	0	0	21	0	21
16420	0	22	0	0	0	22
16421	22	0	0	0	0	22
16422	22	0	0	0	0	22
16423	0	21	0	0	0	21
16424	0	0	0	22	0	22
16425	0	0	0	21	0	21
16426	0	0	0	22	0	22
16427	22	0	0	0	0	22
16428	0	21	0	0	0	21
16429	0	0	0	21	0	21
16430	0	0	0	22	0	22
16431	22	0	0	0	0	22
16432	0	0	22	0	0	22
16433	0	0	22	0	0	22
16434	20	0	0	0	0	20
16435	0	0	21	0	0	21
16436	0	0	18	0	0	18
16437	0	0	0	19	0	19
16438	19	0	0	0	0	19
16439	0	0	0	19	0	19
16440	0	0	19	0	0	19
16441	18	0	0	0	0	18
16442	0	0	19	0	0	19
16443	0	17	0	0	0	17
16444	0	0	0	16	0	16
16445	16	0	0	0	0	16
16446	0	0	0	16	0	16
16447	0	0	0	16	0	16
16448	16	0	0	0	0	16
16449	0	0	0	16	0	16
16450	0	0	0	16	0	16
16451	0	0	16	0	0	16
16452	0	0	0	16	0	16
16453	16	0	0	0	0	16
16454	14	0	0	0	0	14
16455	14	0	0	0	0	14
16456	0	0	0	14	0	14
16457	0	14	0	0	0	14
16458	14	0	0	0	0	14
16459	0	14	0	0	0	14
16460	14	0	0	0	0	14
16461	0	0	0	14	0	14
16462	13	0	0	0	0	13
16463	13	0	0	0	0	13
16464	13	0	0	0	0	13
16465	0	13	0	0	0	13
16466	0	12	0	0	0	12
16467	11	0	0	0	0	11
16468	0	11	0	0	0	11
16469	0	10	0	0	0	10
16470	0	10	0	0	0	10
16471	10	0	0	0	0	10
16472	0	0	0	10	0	10
16473	0	0	0	10	0	10
16474	10	0	0	0	0	10
16475	0	0	10	0	0	10
16476	0	0	0	12	0	12
16477	0	0	0	12	0	12
16478	0	0	0	13	0	13
16479	0	0	0	15	0	15
16480	0	15	0	0	0	15
16481	0	22	0	0	0	22
16482	23	2	0	0	0	25
16483	2	0	0	23	0	25
16484	0	0	0	25	0	25
16485	0	0	23	2	0	25
16486	0	0	2	23	0	25
16487	0	0	25	2	0	27
16488	0	0	2	27	0	29
16489	0	0	27	2	0	29
16490	0	27	2	0	0	29
16491	0	2	0	28	0	30
16492	28	0	0	2	0	30
16493	30	0	0	0	0	30
16494	2	0	0	28	0	30
16495	0	0	30	2	0	32
16496	0	0	31	0	0	31
16497	28	0	2	0	0	30
16498	2	28	0	0	0	30
16499	28	2	0	0	0	30
16500	30	0	0	0	0	30
16501	2	0	30	0	0	32
16502	1	0	2	29	0	32
16503	0	0	0	32	0	32
16504	0	0	0	32	0	32
16505	1	0	0	32	0	33
16506	1	0	0	31	0	32
16507	0	0	25	3	0	28
16508	0	0	28	0	0	28
16509	0	0	3	24	0	27
16510	0	0	0	26	0	26
16511	0	1	0	26	0	27
16512	25	0	0	2	0	27
16513	3	0	0	24	0	27
16514	24	0	1	2	0	27
16515	2	1	0	28	0	31
16516	28	0	0	3	0	31
16517	29	0	0	1	0	30
16518	28	0	0	2	0	30
16519	28	0	1	1	0	30
16520	28	0	1	1	0	30
16521	2	0	2	26	0	30
16522	28	0	0	4	0	32
16523	2	30	1	1	0	34
16524	30	3	0	1	0	34
16525	3	0	0	31	0	34
16526	1	0	30	3	0	34
16527	2	0	2	29	0	33
16528	0	0	30	3	0	33
16529	1	0	3	30	0	34
16530	1	0	1	32	0	34
16531	1	0	30	2	0	33
16532	1	1	32	0	0	34
16533	2	0	2	30	0	34
16534	31	0	0	3	0	34
16535	2	0	31	0	0	33
16536	0	33	2	1	0	36
16537	1	2	32	1	0	36
16538	32	0	2	2	0	36
16539	2	0	1	34	0	37
16540	33	0	0	4	0	37
16541	34	0	2	0	0	36
16542	2	0	1	34	0	37
16543	0	0	32	4	0	36
16544	0	0	3	33	0	36
16545	0	0	1	35	0	36
16546	32	0	0	3	0	35
16547	3	31	0	1	0	35
16548	1	2	1	32	0	36
16549	0	1	32	3	0	36
16550	31	0	3	0	0	34
16551	4	32	0	0	0	36
16552	1	2	0	32	0	35
16553	2	0	0	34	0	36
16554	2	0	0	34	0	36
16555	32	0	0	4	0	36
16556	35	0	1	0	0	36
16557	2	1	0	33	0	36
16558	1	0	32	3	0	36
16559	1	31	2	1	0	35
16560	32	3	1	0	0	36
16561	34	0	0	1	0	35
16562	2	0	2	32	0	36
16563	1	0	0	34	0	35
16564	0	1	31	3	0	35
16565	0	32	3	1	0	36
16566	32	2	1	1	0	36
16567	34	0	0	2	0	36
16568	4	32	0	0	0	36
16569	33	2	1	0	0	36
16570	2	0	0	32	0	34
16571	0	0	34	2	0	36
16572	1	1	2	31	0	35
16573	1	0	31	3	0	35
16574	32	0	2	0	0	34
16575	3	30	0	2	0	35
16576	0	2	0	31	0	33
16577	0	0	32	2	0	34
16578	0	1	30	1	0	32
16579	28	0	2	1	0	31
16580	4	26	0	0	0	30
16581	19	0	0	0	0	19
16582	20	0	0	0	0	20
16583	19	0	0	1	0	20
16584	0	0	1	19	0	20
16585	0	0	19	1	0	20
16586	0	20	1	0	0	21
16587	1	0	0	18	0	19
16588	0	1	16	0	0	17
16589	0	0	14	1	0	15
16590	0	0	1	15	0	16
16591	0	0	15	0	0	15
16592	14	0	0	0	0	14
16593	0	0	0	15	0	15
16594	0	0	0	17	0	17
16595	15	0	0	0	0	15
16596	0	15	0	0	0	15
16597	15	0	0	0	0	15
16598	0	0	0	15	0	15
16599	1	0	0	13	0	14
16600	0	0	0	15	0	15
16601	0	0	0	13	0	13
16602	13	0	0	0	0	13
16603	0	0	13	0	0	13
16604	0	12	0	0	0	12
16605	0	0	0	13	0	13
16606	13	0	0	0	0	13
16607	13	0	0	0	0	13
16608	0	13	0	0	0	13
16609	13	0	0	0	0	13
16610	0	13	0	0	0	13
16611	0	13	0	0	0	13
16612	0	0	0	12	0	12
16613	0	0	13	0	0	13
16614	0	0	0	13	0	13
16615	10	0	0	0	0	10
16616	0	10	0	0	0	10
16617	0	0	0	10	0	10
16618	0	0	12	0	0	12
16619	12	0	0	0	0	12
16620	11	0	0	0	0	11
16621	12	0	0	0	0	12
16622	0	0	9	0	0	9
16623	8	0	0	0	0	8
16624	0	8	0	0	0	8
16625	0	0	0	8	0	8
16626	0	7	0	0	0	7
16627	8	0	0	0	0	8
16628	7	0	0	0	0	7
16629	0	0	9	0	0	9
16630	0	9	0	0	0	9
16631	0	0	0	9	0	9
16632	0	0	0	9	0	9
16633	0	0	0	9	0	9
16634	0	0	0	8	0	8
16635	0	0	0	8	0	8
16636	0	0	6	0	0	6
16637	0	6	0	0	0	6
16638	6	0	0	0	0	6
16639	0	0	6	0	0	6
16640	1	8	0	0	0	9
16641	9	0	0	0	0	9
16642	0	0	9	0	0	9
16643	9	0	0	0	0	9
16644	7	0	0	0	0	7
16645	9	0	0	0	0	9
16646	0	9	0	0	0	9
16647	0	0	9	0	0	9
16648	0	9	0	0	0	9
16649	0	0	0	9	0	9
16650	0	9	0	0	0	9
16651	9	0	0	0	0	9
16652	9	0	0	0	0	9
16653	9	0	0	0	0	9
16654	0	0	9	0	0	9
16655	0	10	0	0	0	10
16656	0	0	0	12	0	12
16657	12	0	0	0	0	12
16658	0	12	0	0	0	12
16659	1	0	0	11	0	12
16660	0	0	14	0	0	14
16661	14	0	0	0	0	14
16662	0	0	17	0	0	17
16663	0	0	17	1	0	18
16664	18	0	0	0	0	18
16665	0	1	17	0	0	18
16666	15	0	0	1	0	16
16667	0	17	1	0	0	18
16668	18	0	0	0	0	18
16669	0	0	1	17	0	18
16670	0	0	0	17	0	17
16671	1	0	0	17	0	18
16672	18	0	1	0	0	19
16673	19	0	0	0	0	19
16674	18	1	0	0	0	19
16675	1	18	0	0	0	19
16676	0	0	0	19	0	19
16677	0	0	18	1	0	19
16678	0	0	0	18	0	18
16679	1	18	0	0	0	19
16680	1	0	0	18	0	19
16681	0	0	0	18	0	18
16682	18	1	0	0	0	19
16683	0	0	0	18	0	18
16684	0	0	19	0	0	19
16685	0	0	18	1	0	19
16686	0	1	0	18	0	19
16687	18	0	0	1	0	19
16688	0	0	0	19	0	19
16689	2	0	0	19	0	21
16690	0	0	20	1	0	21
16691	0	20	1	0	0	21
16692	0	0	1	19	0	20
16693	17	0	0	1	0	18
16694	1	18	0	0	0	19
16695	0	0	0	19	0	19
16696	0	0	18	1	0	19
16697	0	0	1	18	0	19
16698	18	1	0	0	0	19
16699	0	17	0	1	0	18
16700	1	0	18	0	0	19
16701	0	0	0	17	0	17
16702	0	0	19	1	0	20
16703	19	0	0	0	0	19
16704	19	0	0	1	0	20
16705	0	0	19	0	0	19
16706	0	1	0	19	0	20
16707	0	0	19	0	0	19
16708	0	19	0	1	0	20
16709	0	0	1	18	0	19
16710	1	0	19	0	0	20
16711	1	0	0	19	0	20
16712	0	19	1	0	0	20
16713	0	0	0	20	0	20
16714	0	0	20	0	0	20
16715	19	1	0	0	0	20
16716	0	19	0	0	0	19
16717	19	0	0	0	0	19
16718	0	0	17	1	0	18
16719	17	1	0	0	0	18
16720	0	0	17	1	0	18
16721	16	0	1	0	0	17
16722	18	0	0	0	0	18
16723	0	1	0	17	0	18
16724	1	0	0	17	0	18
16725	17	0	0	0	0	17
16726	1	17	0	0	0	18
16727	19	0	1	0	0	20
16728	1	0	0	19	0	20
16729	1	17	0	0	0	18
16730	0	0	0	19	0	19
16731	0	0	0	22	0	22
16732	1	0	0	21	0	22
16733	0	22	0	0	0	22
16734	22	0	0	0	0	22
16735	0	0	0	22	0	22
16736	0	1	21	0	0	22
16737	0	0	21	1	0	22
16738	0	0	21	1	0	22
16739	21	0	0	0	0	21
16740	18	1	0	0	0	19
16741	1	0	17	0	0	18
16742	0	0	0	19	0	19
16743	0	0	1	17	0	18
16744	0	0	20	0	0	20
16745	0	0	22	0	0	22
16746	0	0	0	21	0	21
16747	23	0	0	0	0	23
16748	21	0	1	0	0	22
16749	22	0	0	1	0	23
16750	0	22	0	1	0	23
16751	0	21	1	0	0	22
16752	0	0	1	22	0	23
16753	22	0	0	1	0	23
16754	1	0	24	0	0	25
16755	23	0	0	0	0	23
16756	0	21	0	0	0	21
16757	0	21	0	0	0	21
16758	20	0	0	0	0	20
16759	0	20	0	0	0	20
16760	0	18	0	0	0	18
16761	16	0	3	0	0	19
16762	0	16	0	0	0	16
16763	0	0	0	16	0	16
16764	0	0	0	16	0	16
16765	16	0	0	0	0	16
16766	16	0	0	0	0	16
16767	0	16	0	0	0	16
16768	0	16	0	0	0	16
16769	0	0	15	0	0	15
16770	20	0	0	0	0	20
16771	21	0	0	0	0	21
16772	21	0	0	0	0	21
16773	0	0	0	21	0	21
16774	0	0	0	21	0	21
16775	21	0	0	0	0	21
16776	0	0	0	21	0	21
16777	0	0	24	0	0	24
16778	0	0	0	25	0	25
16779	0	24	0	0	0	24
16780	0	0	0	25	0	25
16781	0	0	0	25	0	25
16782	0	0	0	25	0	25
16783	24	0	0	0	0	24
16784	0	27	0	0	0	27
16785	0	0	0	27	0	27
16786	0	0	26	0	0	26
16787	0	0	25	0	0	25
16788	0	0	0	26	0	26
16789	0	0	0	24	0	24
16790	24	0	0	0	0	24
16791	0	0	0	23	0	23
16792	0	24	0	0	0	24
16793	0	0	24	0	0	24
16794	0	0	0	24	0	24
16795	0	0	24	0	0	24
16796	0	0	0	23	0	23
16797	24	0	0	0	0	24
16798	24	0	0	0	0	24
16799	0	23	0	0	0	23
16800	0	0	0	24	0	24
16801	26	0	0	0	0	26
16802	25	0	0	0	0	25
16803	25	0	0	0	0	25
16804	25	0	0	0	0	25
16805	24	0	0	0	0	24
16806	0	25	0	0	0	25
16807	25	0	0	0	0	25
16808	0	0	24	0	0	24
16809	0	0	0	24	0	24
16810	25	0	0	0	0	25
16811	25	0	0	0	0	25
16812	25	0	0	0	0	25
16813	0	0	25	0	0	25
16814	0	0	0	25	0	25
16815	25	0	0	0	0	25
16816	0	26	0	0	0	26
16817	26	0	0	0	0	26
16818	26	0	0	0	0	26
16819	26	0	0	0	0	26
16820	0	0	0	26	0	26
16821	26	0	0	0	0	26
16822	0	0	27	0	0	27
16823	0	0	30	0	0	30
16824	30	0	0	0	0	30
16825	0	0	30	0	0	30
16826	29	0	0	0	0	29
16827	0	0	31	0	0	31
16828	0	0	0	31	0	31
16829	31	0	0	0	0	31
16830	0	30	0	2	0	32
16831	28	0	0	0	0	28
16832	0	29	0	0	0	29
16833	0	33	0	0	0	33
16834	0	0	0	35	0	35
16835	0	0	0	35	0	35
16836	0	0	0	35	0	35
16837	0	0	36	0	0	36
16838	35	0	0	0	0	35
16839	36	0	0	0	0	36
16840	36	0	0	0	0	36
16841	36	0	0	0	0	36
16842	36	0	0	0	0	36
16843	0	0	35	0	0	35
16844	0	0	32	0	0	32
16845	0	0	0	31	0	31
16846	0	0	31	0	0	31
16847	33	0	0	0	0	33
16848	0	32	0	0	0	32
16849	0	0	0	36	0	36
16850	35	0	0	0	0	35
16851	0	0	0	35	0	35
16852	0	0	36	0	0	36
16853	0	0	39	0	0	39
16854	0	0	0	37	0	37
16855	0	0	37	0	0	37
16856	35	0	0	0	0	35
16857	0	0	0	36	0	36
16858	0	0	37	0	0	37
16859	0	37	0	0	0	37
16860	0	0	0	37	0	37
16861	0	0	36	0	0	36
16862	0	0	0	36	0	36
16863	0	0	0	41	0	41
16864	0	0	41	0	0	41
16865	0	0	0	41	0	41
16866	0	0	0	39	0	39
16867	0	0	0	44	0	44
16868	44	0	0	1	0	45
16869	0	42	1	0	0	43
16870	0	40	0	1	0	41
16871	0	0	39	0	0	39
16872	37	0	0	1	0	38
16873	1	0	38	0	0	39
16874	0	1	38	0	0	39
16875	0	2	0	36	0	38
16876	38	0	1	0	0	39
16877	1	35	0	0	0	36
16878	32	0	0	0	0	32
16879	34	0	1	0	0	35
16880	0	33	0	1	0	34
16881	35	0	0	0	0	35
16882	34	1	0	0	0	35
16883	1	33	0	0	0	34
16884	1	0	0	32	0	33
16885	0	1	0	32	0	33
16886	33	0	0	0	0	33
16887	1	30	0	0	0	31
16888	33	0	0	0	0	33
16889	33	0	0	1	0	34
16890	33	0	0	1	0	34
16891	1	0	0	33	0	34
16892	0	1	0	33	0	34
16893	34	0	0	0	0	34
16894	34	0	0	0	0	34
16895	34	0	0	0	0	34
16896	0	0	0	35	0	35
16897	0	0	32	2	0	34
16898	1	0	1	34	0	36
16899	1	0	0	41	0	42
16900	1	0	43	1	0	45
16901	0	0	42	1	0	43
16902	0	0	2	43	0	45
16903	0	0	42	2	0	44
16904	42	0	0	1	0	43
16905	1	0	1	42	0	44
16906	0	0	0	43	0	43
16907	43	0	0	2	0	45
16908	1	0	1	44	0	46
16909	1	0	0	44	0	45
16910	0	0	0	45	0	45
16911	0	0	0	46	0	46
16912	1	0	44	1	0	46
16913	0	0	1	45	0	46
16914	0	0	44	2	0	46
16915	0	43	1	1	0	45
16916	0	1	0	44	0	45
16917	0	0	43	1	0	44
16918	42	0	1	1	0	44
16919	1	43	0	0	0	44
16920	43	2	0	0	0	45
16921	1	0	0	42	0	43
16922	0	43	1	1	0	45
16923	42	1	0	0	0	43
16924	1	43	0	0	0	44
16925	43	1	0	0	0	44
16926	1	0	0	43	0	44
16927	37	1	0	1	0	39
16928	2	37	0	0	0	39
16929	38	1	0	0	0	39
16930	2	0	38	0	0	40
16931	0	0	1	39	0	40
16932	39	0	0	1	0	40
16933	33	1	0	0	0	34
16934	2	0	0	30	0	32
16935	0	0	33	1	0	34
16936	0	32	1	1	0	34
16937	1	32	0	0	0	33
16938	32	1	0	0	0	33
16939	1	0	0	32	0	33
16940	0	0	1	32	0	33
16941	31	1	0	1	0	33
16942	32	1	0	0	0	33
16943	2	0	31	0	0	33
16944	0	0	1	31	0	32
16945	0	0	31	2	0	33
16946	1	33	1	0	0	35
16947	31	1	0	0	0	32
16948	1	31	0	0	0	32
16949	0	30	0	0	0	30
16950	0	1	1	29	0	31
16951	28	1	0	1	0	30
16952	2	29	0	0	0	31
16953	27	2	0	0	0	29
16954	1	27	0	0	0	28
16955	0	1	0	27	0	28
16956	28	0	0	0	0	28
16957	1	1	27	0	0	29
16958	1	0	1	26	0	28
16959	0	0	28	1	0	29
16960	0	28	1	1	0	30
16961	1	28	0	0	0	29
16962	27	1	1	0	0	29
16963	1	24	0	0	0	25
16964	25	1	0	0	0	26
16965	26	0	0	0	0	26
16966	1	0	24	0	0	25
16967	23	0	1	0	0	24
16968	1	0	23	0	0	24
16969	0	23	1	0	0	24
16970	23	1	0	0	0	24
16971	1	23	0	0	0	24
16972	0	1	0	23	0	24
16973	23	0	0	1	0	24
16974	1	0	0	23	0	24
16975	0	0	23	1	0	24
16976	0	0	0	23	0	23
16977	0	0	0	24	0	24
16978	23	0	0	1	0	24
16979	1	0	24	0	0	25
16980	26	0	1	0	0	27
16981	28	0	0	0	0	28
16982	1	0	0	27	0	28
16983	0	0	0	28	0	28
16984	26	0	0	1	0	27
16985	1	27	0	0	0	28
16986	0	1	0	27	0	28
16987	0	0	27	1	0	28
16988	0	0	27	0	0	27
16989	0	26	1	0	0	27
16990	0	1	0	26	0	27
16991	0	0	0	27	0	27
16992	26	0	0	1	0	27
16993	1	0	0	26	0	27
16994	26	0	0	1	0	27
16995	1	24	0	0	0	25
16996	0	24	0	0	0	24
16997	0	27	0	0	0	27
16998	27	0	0	0	0	27
16999	18	0	2	0	0	20
17000	0	18	0	0	0	18
17001	17	0	0	0	0	17
17002	0	16	0	0	0	16
17003	0	0	0	17	0	17
17004	0	17	0	0	0	17
17005	17	0	0	0	0	17
17006	17	0	0	0	0	17
17007	0	0	0	17	0	17
17008	16	0	0	0	0	16
17009	0	0	0	16	0	16
17010	0	15	0	0	0	15
17011	0	0	0	15	0	15
17012	0	15	0	0	0	15
17013	16	0	0	0	0	16
17014	0	0	16	0	0	16
17015	16	0	0	0	0	16
17016	0	0	0	16	0	16
17017	0	0	16	0	0	16
17018	16	0	0	0	0	16
17019	0	0	16	0	0	16
17020	0	0	0	16	0	16
17021	0	0	0	16	0	16
17022	0	0	0	12	0	12
17023	0	0	0	13	0	13
17024	0	14	0	0	0	14
17025	0	0	0	16	0	16
17026	14	0	0	0	0	14
17027	0	0	16	0	0	16
17028	0	16	0	0	0	16
17029	16	0	0	0	0	16
17030	17	0	0	0	0	17
17031	0	0	0	19	0	19
17032	0	0	19	0	0	19
17033	0	0	0	19	0	19
17034	0	0	0	19	0	19
17035	0	0	18	0	0	18
17036	0	24	0	0	0	24
17037	25	1	0	0	0	26
17038	26	0	0	0	0	26
17039	26	0	0	0	0	26
17040	1	1	0	25	0	27
17041	1	0	0	26	0	27
17042	29	0	0	1	0	30
17043	2	0	0	27	0	29
17044	0	29	0	2	0	31
17045	30	1	0	1	0	32
17046	30	0	0	0	0	30
17047	29	0	0	1	0	30
17048	32	1	0	0	0	33
17049	2	0	30	0	0	32
17050	1	0	31	0	0	32
17051	1	0	1	28	0	30
17052	1	0	0	30	0	31
17053	0	0	31	1	0	32
17054	0	0	32	0	0	32
17055	0	0	1	31	0	32
17056	30	0	0	2	0	32
17057	1	0	1	30	0	32
17058	0	0	30	1	0	31
17059	0	31	1	0	0	32
17060	32	1	0	0	0	33
17061	35	0	0	1	0	36
17062	35	0	1	0	0	36
17063	34	1	0	0	0	35
17064	2	0	33	0	0	35
17065	1	0	1	33	0	35
17066	35	0	0	1	0	36
17067	2	0	0	33	0	35
17068	0	0	1	34	0	35
17069	0	33	0	2	0	35
17070	1	1	0	34	0	36
17071	33	0	0	2	0	35
17072	1	34	0	1	0	36
17073	33	2	0	0	0	35
17074	1	34	0	1	0	36
17075	1	1	0	32	0	34
17076	0	31	0	1	0	32
17077	1	35	0	0	0	36
17078	34	2	0	0	0	36
17079	1	0	31	1	0	33
17080	0	1	29	0	0	30
17081	0	1	29	0	0	30
17082	29	0	1	0	0	30
17083	1	27	1	0	0	29
17084	0	29	1	0	0	30
17085	30	1	1	0	0	32
17086	2	29	0	0	0	31
17087	0	33	0	0	0	33
17088	0	2	0	31	0	33
17089	1	0	31	1	0	33
17090	0	1	32	0	0	33
17091	0	1	1	31	0	33
17092	31	0	0	2	0	33
17093	1	30	1	0	0	32
17094	0	1	1	31	0	33
17095	0	0	28	2	0	30
17096	1	0	29	1	0	31
17097	0	1	1	26	0	28
17098	28	0	0	2	0	30
17099	27	0	1	0	0	28
17100	1	0	28	0	0	29
17101	28	0	1	1	0	30
17102	2	0	33	0	0	35
17103	1	0	1	34	0	36
17104	0	35	1	1	0	37
17105	37	1	0	0	0	38
17106	1	0	1	38	0	40
17107	0	0	0	41	0	41
17108	0	1	0	39	0	40
17109	1	0	0	40	0	41
17110	0	0	39	2	0	41
17111	0	38	1	0	0	39
17112	0	1	0	40	0	41
17113	39	0	0	2	0	41
17114	1	0	1	39	0	41
17115	0	1	0	40	0	41
17116	0	0	41	2	0	43
17117	1	0	40	0	0	41
17118	0	40	1	1	0	42
17119	0	43	0	1	0	44
17120	0	1	1	41	0	43
17121	41	0	1	1	0	43
17122	1	1	41	0	0	43
17123	0	42	1	0	0	43
17124	0	1	0	41	0	42
17125	1	39	0	1	0	41
17126	0	1	1	39	0	41
17127	0	39	0	0	0	39
17128	0	1	0	39	0	40
17129	37	1	0	1	0	39
17130	1	37	0	0	0	38
17131	0	2	0	36	0	38
17132	36	0	0	2	0	38
17133	2	33	0	0	0	35
17134	0	38	0	0	0	38
17135	0	38	0	1	0	39
17136	1	0	0	33	0	34
17137	0	0	0	33	0	33
17138	0	33	0	0	0	33
17139	0	0	0	33	0	33
17140	0	0	38	0	0	38
17141	0	38	1	0	0	39
17142	0	0	0	35	0	35
17143	0	37	0	0	0	37
17144	0	0	36	0	0	36
17145	0	39	0	0	0	39
17146	37	0	0	0	0	37
17147	0	0	0	39	0	39
17148	33	0	6	0	0	39
17149	0	0	38	0	0	38
17150	0	0	0	39	0	39
17151	0	0	42	0	0	42
17152	0	0	0	42	0	42
17153	45	0	0	1	0	46
17154	0	0	0	48	0	48
17155	48	0	0	0	0	48
17156	0	48	0	0	0	48
17157	47	0	0	0	0	47
17158	0	0	49	0	0	49
17159	0	49	0	0	0	49
17160	0	0	0	47	0	47
17161	0	0	0	46	0	46
17162	0	0	45	0	0	45
17163	0	46	0	0	0	46
17164	0	0	0	43	0	43
17165	0	45	0	0	0	45
17166	0	0	0	44	0	44
17167	0	43	0	0	0	43
17168	45	0	0	0	0	45
17169	0	0	0	45	0	45
17170	0	0	43	0	0	43
17171	0	44	0	0	0	44
17172	0	46	0	0	0	46
17173	0	0	45	0	0	45
17174	0	45	0	0	0	45
17175	0	0	0	45	0	45
17176	0	0	45	0	0	45
17177	0	0	0	44	0	44
17178	0	0	0	46	0	46
17179	0	0	45	0	0	45
17180	45	0	0	0	0	45
17181	0	0	0	46	0	46
17182	0	0	45	0	0	45
17183	0	45	0	0	0	45
17184	46	0	0	0	0	46
17185	0	46	0	0	0	46
17186	0	0	0	45	0	45
17187	45	0	0	0	0	45
17188	0	0	0	45	0	45
17189	0	0	45	0	0	45
17190	0	0	0	44	0	44
17191	0	0	44	0	0	44
17192	42	0	0	0	0	42
17193	0	0	46	0	0	46
17194	42	1	0	0	0	43
17195	47	0	0	0	0	47
17196	0	0	45	1	0	46
17197	1	0	45	0	0	46
17198	0	46	0	0	0	46
17199	45	0	0	1	0	46
17200	0	0	1	45	0	46
17201	0	0	0	46	0	46
17202	44	0	0	0	0	44
17203	45	0	0	2	0	47
17204	46	0	0	0	0	46
17205	44	1	0	0	0	45
17206	1	0	0	43	0	44
17207	41	0	1	0	0	42
17208	0	1	0	44	0	45
17209	0	0	0	43	0	43
17210	0	0	0	45	0	45
17211	0	0	45	0	0	45
17212	0	43	0	0	0	43
17213	0	44	0	1	0	45
17214	0	1	0	44	0	45
17215	42	0	0	1	0	43
17216	0	1	0	41	0	42
17217	41	0	0	0	0	41
17218	0	0	43	1	0	44
17219	43	0	0	0	0	43
17220	0	1	0	43	0	44
17221	43	1	0	0	0	44
17222	41	0	1	0	0	42
17223	42	1	0	0	0	43
17224	0	0	0	44	0	44
17225	0	0	44	0	0	44
17226	0	0	0	46	0	46
17227	49	0	0	1	0	50
17228	0	0	50	0	0	50
17229	1	0	0	49	0	50
17230	51	0	0	1	0	52
17231	0	0	52	0	0	52
17232	52	0	0	0	0	52
17233	56	0	0	0	0	56
17234	0	1	0	53	0	54
17235	0	0	0	53	0	53
17236	52	0	0	0	0	52
17237	0	0	0	56	0	56
17238	53	0	0	0	0	53
17239	0	55	0	1	0	56
17240	0	48	1	0	0	49
17241	1	0	0	49	0	50
17242	0	0	51	0	0	51
17243	0	49	0	0	0	49
17244	46	0	0	0	0	46
17245	0	46	0	0	0	46
17246	0	0	45	0	0	45
17247	0	0	0	43	0	43
17248	0	0	45	0	0	45
17249	0	45	0	0	0	45
17250	0	0	0	45	0	45
17251	0	40	0	0	0	40
17252	0	0	40	0	0	40
17253	0	0	0	35	0	35
17254	0	0	36	0	0	36
17255	0	0	0	35	0	35
17256	36	0	0	0	0	36
17257	0	0	34	0	0	34
17258	32	0	0	0	0	32
17259	0	0	35	0	0	35
17260	0	0	0	35	0	35
17261	0	0	37	0	0	37
17262	0	0	0	36	0	36
17263	0	0	0	37	0	37
17264	0	0	0	36	0	36
17265	0	0	0	37	0	37
17266	0	0	39	0	0	39
17267	39	0	0	0	0	39
17268	0	0	0	40	0	40
17269	40	0	0	0	0	40
17270	39	0	0	0	0	39
17271	40	0	0	0	0	40
17272	0	0	0	38	0	38
17273	0	0	0	38	0	38
17274	0	48	0	0	0	48
17275	53	0	0	0	0	53
17276	59	0	0	0	0	59
17277	58	0	0	0	0	58
17278	1	0	57	0	0	58
17279	0	0	1	58	0	59
17280	0	0	58	1	0	59
17281	58	0	1	0	0	59
17282	58	0	0	0	0	58
17283	1	0	0	58	0	59
17284	0	0	0	56	0	56
17285	0	58	0	1	0	59
17286	58	1	0	0	0	59
17287	58	0	0	0	0	58
17288	1	57	0	0	0	58
17289	59	1	0	0	0	60
17290	1	0	0	61	0	62
17291	0	0	0	62	0	62
17292	61	0	0	1	0	62
17293	1	0	61	0	0	62
17294	59	0	1	0	0	60
17295	60	0	0	0	0	60
17296	1	60	0	0	0	61
17297	60	1	0	0	0	61
17298	1	1	60	0	0	62
17299	1	0	1	59	0	61
17300	60	0	0	1	0	61
17301	2	0	0	59	0	61
17302	0	0	56	1	0	57
17303	0	0	1	54	0	55
17304	0	54	1	1	0	56
17305	1	1	0	53	0	55
17306	1	0	0	57	0	58
17307	0	0	0	58	0	58
17308	0	0	0	57	0	57
17309	0	1	54	1	0	56
17310	1	0	1	54	0	56
17311	53	0	0	1	0	54
17312	1	56	0	0	0	57
17313	1	1	0	59	0	61
17314	0	0	59	2	0	61
17315	0	0	1	61	0	62
17316	61	0	0	1	0	62
17317	61	0	0	0	0	61
17318	60	0	0	0	0	60
17319	2	0	0	58	0	60
17320	0	1	58	1	0	60
17321	1	57	1	0	0	59
17322	58	1	1	0	0	60
17323	1	1	0	59	0	61
17324	2	0	0	59	0	61
17325	2	0	56	2	0	60
17326	1	55	2	0	0	58
17327	0	53	1	1	0	55
17328	0	2	0	48	0	50
17329	0	0	50	2	0	52
17330	50	0	1	1	0	52
17331	2	0	47	1	0	50
17332	44	0	1	2	0	47
17333	1	44	1	1	0	47
17334	0	2	45	1	0	48
17335	44	0	1	0	0	45
17336	2	46	0	0	0	48
17337	44	2	0	0	0	46
17338	2	0	43	0	0	45
17339	0	42	1	2	0	45
17340	44	1	0	1	0	46
17341	3	0	43	0	0	46
17342	43	0	2	0	0	45
17343	1	0	0	42	0	43
17344	42	0	1	1	0	44
17345	1	2	0	41	0	44
17346	42	0	0	1	0	43
17347	1	0	43	1	0	45
17348	0	0	1	45	0	46
17349	0	0	1	43	0	44
17350	0	1	45	2	0	48
17351	0	1	1	46	0	48
17352	0	45	0	3	0	48
17353	0	5	1	51	0	57
17354	1	0	0	55	0	56
17355	0	0	1	63	0	64
17356	1	0	58	6	0	65
17357	57	1	5	2	0	65
17358	5	0	2	61	0	68
17359	0	0	58	6	0	64
17360	62	1	5	0	0	68
17361	67	1	0	0	0	68
17362	67	0	1	1	0	69
17363	5	1	1	61	0	68
17364	1	0	0	72	0	73
17365	1	0	1	75	0	77
17366	2	67	0	5	0	74
17367	67	5	0	3	0	75
17368	72	1	0	2	0	75
17369	6	0	2	66	0	74
17370	3	1	67	5	0	76
17371	1	0	71	2	0	74
17372	0	65	7	2	0	74
17373	1	72	1	2	0	76
17374	53	7	1	1	0	62
17375	5	57	0	0	0	62
17376	52	4	0	0	0	56
17377	54	1	0	1	0	56
17378	54	0	0	1	0	55
17379	5	1	0	51	0	57
17380	2	0	0	57	0	59
17381	55	0	0	5	0	60
17382	4	0	0	56	0	60
17383	1	0	53	2	0	56
17384	55	0	4	1	0	60
17385	4	0	1	56	0	61
17386	1	1	0	60	0	62
17387	1	0	0	62	0	63
17388	0	1	56	4	0	61
17389	54	0	4	1	0	59
17390	5	0	54	0	0	59
17391	2	0	3	53	0	58
17392	0	0	55	4	0	59
17393	0	0	4	55	0	59
17394	1	0	1	58	0	60
17395	0	0	57	6	0	63
17396	0	0	4	58	0	62
17397	1	57	1	3	0	62
17398	58	4	0	2	0	64
17399	63	1	0	1	0	65
17400	5	0	0	59	0	64
17401	1	0	61	4	0	66
17402	1	56	4	1	0	62
17403	0	64	2	0	0	66
17404	59	5	0	1	0	65
17405	4	0	59	0	0	63
17406	58	0	4	1	0	63
17407	4	0	1	56	0	61
17408	1	0	1	58	0	60
17409	55	0	0	6	0	61
17410	4	56	0	1	0	61
17411	2	3	55	0	0	60
17412	1	1	4	56	0	62
17413	0	0	52	5	0	57
17414	0	52	5	1	0	58
17415	0	5	1	52	0	58
17416	52	2	0	4	0	58
17417	57	0	0	1	0	58
17418	4	0	51	0	0	55
17419	2	52	3	0	0	57
17420	52	4	1	1	0	58
17421	4	52	0	0	0	56
17422	2	4	0	52	0	58
17423	51	2	0	4	0	57
17424	4	0	1	53	0	58
17425	1	0	52	5	0	58
17426	0	0	4	52	0	56
17427	0	1	53	4	0	58
17428	0	0	4	53	0	57
17429	55	0	1	4	0	60
17430	5	54	0	1	0	60
17431	55	4	0	0	0	59
17432	4	2	0	54	0	60
17433	2	0	0	60	0	62
17434	0	1	53	5	0	59
17435	0	0	57	2	0	59
17436	1	57	5	0	0	63
17437	0	4	56	1	0	61
17438	52	1	5	0	0	58
17439	4	54	1	1	0	60
17440	1	56	1	0	0	58
17441	0	60	0	1	0	61
17442	1	5	0	52	0	58
17443	0	2	58	4	0	64
17444	1	57	3	1	0	62
17445	0	4	1	56	0	61
17446	0	58	0	5	0	63
17447	54	4	0	1	0	59
17448	59	1	1	0	0	61
17449	5	1	0	56	0	62
17450	1	0	1	57	0	59
17451	52	0	0	5	0	57
17452	1	50	0	1	0	52
17453	1	50	0	0	0	51
17454	0	3	0	46	0	49
17455	0	1	42	0	0	43
17456	0	42	0	1	0	43
17457	39	0	1	0	0	40
17458	0	40	0	0	0	40
17459	1	40	0	0	0	41
17460	36	0	0	0	0	36
17461	0	38	0	0	0	38
17462	1	0	37	0	0	38
17463	0	38	0	0	0	38
17464	29	0	0	0	0	29
17465	0	27	0	0	0	27
17466	27	0	0	0	0	27
17467	0	0	0	27	0	27
17468	0	0	0	27	0	27
17469	0	0	30	0	0	30
17470	0	30	0	0	0	30
17471	0	0	0	32	0	32
17472	32	0	0	0	0	32
17473	32	0	0	0	0	32
17474	0	31	0	1	0	32
17475	0	0	0	28	0	28
17476	28	0	0	0	0	28
17477	28	0	0	0	0	28
17478	0	0	28	0	0	28
17479	0	0	25	0	0	25
17480	0	0	27	0	0	27
17481	0	24	0	0	0	24
17482	24	0	0	0	0	24
17483	0	24	0	0	0	24
17484	23	0	0	0	0	23
17485	0	26	0	0	0	26
17486	0	0	0	26	0	26
17487	26	0	0	0	0	26
17488	0	0	26	0	0	26
17489	26	0	0	0	0	26
17490	26	0	0	0	0	26
17491	0	33	0	0	0	33
17492	0	32	0	0	0	32
17493	33	0	0	0	0	33
17494	0	0	32	0	0	32
17495	29	0	0	0	0	29
17496	28	0	0	0	0	28
17497	0	0	0	28	0	28
17498	28	0	0	0	0	28
17499	0	0	0	28	0	28
17500	0	0	0	28	0	28
17501	0	0	0	27	0	27
17502	0	27	0	0	0	27
17503	27	0	0	0	0	27
17504	27	0	0	0	0	27
17505	0	0	0	27	0	27
17506	0	0	0	26	0	26
17507	0	27	0	0	0	27
17508	27	0	0	0	0	27
17509	0	0	27	0	0	27
17510	0	0	0	25	0	25
17511	0	0	27	0	0	27
17512	0	0	0	26	0	26
17513	0	0	27	0	0	27
17514	0	0	0	27	0	27
17515	27	0	0	0	0	27
17516	0	0	28	0	0	28
17517	25	0	0	0	0	25
17518	0	28	0	0	0	28
17519	0	0	0	28	0	28
17520	0	0	0	28	0	28
17521	28	0	0	0	0	28
17522	0	0	0	31	0	31
17523	0	0	30	0	0	30
17524	31	0	0	0	0	31
17525	33	0	0	0	0	33
17526	33	0	0	0	0	33
17527	33	0	0	0	0	33
17528	0	31	0	0	0	31
17529	0	0	0	31	0	31
17530	31	0	0	0	0	31
17531	0	0	0	31	0	31
17532	30	0	0	0	0	30
17533	0	0	28	0	0	28
17534	0	0	28	0	0	28
17535	0	0	0	26	0	26
17536	0	32	0	0	0	32
17537	0	32	0	0	0	32
17538	32	0	0	0	0	32
17539	0	0	36	0	0	36
17540	32	0	0	1	0	33
17541	0	36	0	0	0	36
17542	36	0	0	0	0	36
17543	0	0	0	32	0	32
17544	0	0	34	0	0	34
17545	0	0	0	33	0	33
17546	0	0	0	32	0	32
17547	0	33	0	0	0	33
17548	0	37	0	0	0	37
17549	0	0	0	36	0	36
17550	0	39	0	0	0	39
17551	0	0	37	0	0	37
17552	0	0	37	0	0	37
17553	33	0	0	0	0	33
17554	39	0	0	0	0	39
17555	0	37	0	0	0	37
17556	0	0	0	38	0	38
17557	0	0	0	38	0	38
17558	0	0	38	0	0	38
17559	0	0	0	37	0	37
17560	0	36	0	0	0	36
17561	0	0	35	0	0	35
17562	0	1	34	0	0	35
17563	0	34	0	0	0	34
17564	0	0	34	0	0	34
17565	0	0	0	34	0	34
17566	0	0	0	31	0	31
17567	0	0	37	0	0	37
17568	0	0	0	37	0	37
17569	0	34	0	0	0	34
17570	0	38	0	0	0	38
17571	0	0	0	37	0	37
17572	0	0	37	0	0	37
17573	0	38	0	0	0	38
17574	0	0	0	37	0	37
17575	0	0	38	0	0	38
17576	35	0	0	0	0	35
17577	38	0	0	0	0	38
17578	43	0	0	0	0	43
17579	0	0	0	42	0	42
17580	0	0	0	44	0	44
17581	0	0	47	0	0	47
17582	0	0	0	44	0	44
17583	0	0	0	46	0	46
17584	0	0	47	0	0	47
17585	39	0	0	1	0	40
17586	0	44	0	0	0	44
17587	45	0	0	0	0	45
17588	0	43	0	0	0	43
17589	0	0	0	45	0	45
17590	0	0	44	0	0	44
17591	1	0	0	38	0	39
17592	0	0	38	0	0	38
17593	34	0	0	0	0	34
17594	0	0	38	0	0	38
17595	0	0	0	36	0	36
17596	0	0	38	0	0	38
17597	0	39	0	0	0	39
17598	0	0	0	36	0	36
17599	0	0	0	36	0	36
17600	0	0	0	38	0	38
17601	0	0	37	0	0	37
17602	0	0	38	0	0	38
17603	0	0	0	36	0	36
17604	0	0	0	49	0	49
17605	0	0	0	54	0	54
17606	51	0	0	3	0	54
17607	3	0	0	60	0	63
17608	0	0	60	3	0	63
17609	62	0	3	0	0	65
17610	5	0	0	65	0	70
17611	68	0	0	4	0	72
17612	72	0	0	0	0	72
17613	5	0	0	74	0	79
17614	73	0	0	5	0	78
17615	78	0	0	0	0	78
17616	5	0	69	0	0	74
17617	0	73	4	0	0	77
17618	0	5	0	72	0	77
17619	0	0	0	78	0	78
17620	73	0	0	5	0	78
17621	77	0	0	0	0	77
17622	73	0	2	0	0	75
17623	5	0	68	0	0	73
17624	0	67	5	0	0	72
17625	68	5	0	1	0	74
17626	5	68	0	1	0	74
17627	68	5	0	0	0	73
17628	5	0	0	69	0	74
17629	68	0	1	5	0	74
17630	73	0	0	0	0	73
17631	73	0	0	1	0	74
17632	6	0	69	0	0	75
17633	70	0	5	0	0	75
17634	5	70	0	1	0	76
17635	71	5	0	0	0	76
17636	74	0	0	0	0	74
17637	73	0	1	0	0	74
17638	5	1	0	69	0	75
17639	1	63	1	5	0	70
17640	65	5	0	1	0	71
17641	6	0	71	0	0	77
17642	1	70	5	1	0	77
17643	1	5	0	64	0	70
17644	0	70	1	5	0	76
17645	70	6	0	0	0	76
17646	77	0	0	0	0	77
17647	6	1	0	69	0	76
17648	1	0	67	5	0	73
17649	0	68	5	1	0	74
17650	2	5	0	53	0	60
17651	1	1	0	76	0	78
17652	2	0	0	77	0	79
17653	74	0	1	6	0	81
17654	80	0	0	0	0	80
17655	77	1	0	0	0	78
17656	81	0	0	0	0	81
17657	6	0	1	74	0	81
17658	2	0	77	5	0	84
17659	0	1	5	78	0	84
17660	1	1	0	79	0	81
17661	1	0	0	83	0	84
17662	1	0	1	84	0	86
17663	79	1	0	6	0	86
17664	5	1	0	79	0	85
17665	78	1	0	5	0	84
17666	85	0	1	0	0	86
17667	6	1	77	0	0	84
17668	0	0	78	1	0	79
17669	0	1	82	0	0	83
17670	1	1	5	73	0	80
17671	1	0	73	5	0	79
17672	0	0	4	73	0	77
17673	0	0	1	78	0	79
17674	71	0	0	5	0	76
17675	6	0	0	72	0	78
17676	1	74	0	6	0	81
17677	75	5	0	1	0	81
17678	6	70	0	1	0	77
17679	1	5	69	0	0	75
17680	1	70	5	1	0	77
17681	68	5	0	1	0	74
17682	5	0	0	69	0	74
17683	0	0	68	6	0	74
17684	66	0	5	1	0	72
17685	5	0	0	69	0	74
17686	1	0	67	5	0	73
17687	1	0	4	67	0	72
17688	1	0	1	72	0	74
17689	0	0	0	69	0	69
17690	1	69	0	3	0	73
17691	70	5	0	1	0	76
17692	5	0	2	70	0	77
17693	0	69	0	6	0	75
17694	0	5	1	71	0	77
17695	2	0	68	4	0	74
17696	0	69	5	1	0	75
17697	70	6	0	1	0	77
17698	77	0	0	1	0	78
17699	6	1	0	72	0	79
17700	0	0	0	79	0	79
17701	74	2	0	5	0	81
17702	80	0	0	0	0	80
17703	5	79	0	1	0	85
17704	61	2	1	0	0	64
17705	2	1	59	0	0	62
17706	1	0	61	0	0	62
17707	0	50	2	1	0	53
17708	0	54	1	0	0	55
17709	52	0	0	0	0	52
17710	0	50	0	1	0	51
17711	51	0	0	0	0	51
17712	51	0	0	0	0	51
17713	48	0	0	0	0	48
17714	0	0	0	50	0	50
17715	50	0	0	0	0	50
17716	0	0	52	0	0	52
17717	0	0	53	0	0	53
17718	0	55	0	0	0	55
17719	0	0	54	0	0	54
17720	0	0	0	55	0	55
17721	0	0	55	0	0	55
17722	0	0	55	0	0	55
17723	0	0	0	55	0	55
17724	54	0	0	0	0	54
17725	55	0	0	0	0	55
17726	0	0	59	0	0	59
17727	57	0	0	0	0	57
17728	0	0	59	0	0	59
17729	60	0	0	0	0	60
17730	63	0	0	0	0	63
17731	0	0	0	63	0	63
17732	0	0	0	61	0	61
17733	0	60	0	0	0	60
17734	0	60	0	0	0	60
17735	0	0	0	60	0	60
17736	0	0	0	61	0	61
17737	59	0	0	0	0	59
17738	0	59	0	0	0	59
17739	58	0	0	0	0	58
17740	0	60	0	0	0	60
17741	0	0	55	0	0	55
17742	0	0	0	56	0	56
17743	56	0	0	0	0	56
17744	58	0	0	0	0	58
17745	0	59	0	0	0	59
17746	0	57	0	0	0	57
17747	0	59	0	0	0	59
17748	0	0	0	71	0	71
17749	0	0	74	0	0	74
17750	0	72	0	0	0	72
17751	0	0	0	71	0	71
17752	0	0	0	71	0	71
17753	0	0	71	0	0	71
17754	0	0	69	0	0	69
17755	68	0	0	0	0	68
17756	0	0	71	0	0	71
17757	72	0	0	0	0	72
17758	67	0	0	0	0	67
17759	68	0	0	0	0	68
17760	68	0	0	0	0	68
17761	0	0	65	0	0	65
17762	0	66	0	0	0	66
17763	0	0	0	65	0	65
17764	0	0	65	0	0	65
17765	0	0	0	64	0	64
17766	0	65	0	0	0	65
17767	0	0	0	66	0	66
17768	0	0	0	65	0	65
17769	0	0	0	65	0	65
17770	66	0	0	0	0	66
17771	0	0	0	66	0	66
17772	0	0	0	66	0	66
17773	0	0	0	66	0	66
17774	0	66	0	0	0	66
17775	66	0	0	0	0	66
17776	0	65	0	0	0	65
17777	0	67	0	0	0	67
17778	0	0	0	66	0	66
17779	0	0	0	67	0	67
17780	67	0	0	0	0	67
17781	0	0	0	71	0	71
17782	70	0	0	0	0	70
17783	80	0	0	0	0	80
17784	1	0	0	80	0	81
17785	0	0	0	84	0	84
17786	0	87	0	0	0	87
17787	91	1	0	0	0	92
17788	1	90	0	0	0	91
17789	90	1	0	0	0	91
17790	1	1	86	0	0	88
17791	88	1	1	0	0	90
17792	88	1	0	1	0	90
17793	1	0	0	88	0	89
17794	0	0	89	1	0	90
17795	0	86	1	0	0	87
17796	0	1	0	88	0	89
17797	0	0	86	2	0	88
17798	0	0	1	85	0	86
17799	86	0	0	1	0	87
17800	2	0	84	0	0	86
17801	0	83	2	0	0	85
17802	1	85	0	0	0	86
17803	1	1	0	71	0	73
17804	1	83	0	0	0	84
17805	84	1	0	0	0	85
17806	83	0	0	0	0	83
17807	85	1	0	1	0	87
17808	1	0	81	1	0	83
17809	78	0	2	0	0	80
17810	1	0	0	81	0	82
17811	0	0	0	77	0	77
17812	0	0	0	78	0	78
17813	0	0	0	78	0	78
17814	0	0	76	2	0	78
17815	1	0	76	0	0	77
17816	0	0	73	1	0	74
17817	72	0	1	0	0	73
17818	1	70	1	0	0	72
17819	0	2	0	71	0	73
17820	71	0	0	1	0	72
17821	1	70	0	0	0	71
17822	0	73	0	0	0	73
17823	70	1	0	1	0	72
17824	72	0	0	1	0	73
17825	2	75	0	0	0	77
17826	0	1	0	68	0	69
17827	0	69	0	1	0	70
17828	70	1	0	0	0	71
17829	69	0	0	1	0	70
17830	67	0	0	1	0	68
17831	1	67	0	0	0	68
17832	1	1	0	67	0	69
17833	0	1	66	1	0	68
17834	1	0	1	67	0	69
17835	0	0	1	68	0	69
17836	1	0	67	1	0	69
17837	66	0	1	0	0	67
17838	1	0	0	65	0	66
17839	0	0	1	64	0	65
17840	0	67	0	0	0	67
17841	66	1	0	1	0	68
17842	1	0	1	63	0	65
17843	0	63	1	2	0	66
17844	62	1	0	0	0	63
17845	1	63	0	0	0	64
17846	63	1	0	0	0	64
17847	1	0	63	0	0	64
17848	0	0	52	0	0	52
17849	0	0	51	0	0	51
17850	0	48	1	0	0	49
17851	0	1	0	44	0	45
17852	0	41	0	1	0	42
17853	44	1	0	0	0	45
17854	1	0	44	0	0	45
17855	45	0	1	0	0	46
17856	46	0	0	0	0	46
17857	1	0	0	44	0	45
17858	44	0	0	1	0	45
17859	1	0	0	44	0	45
17860	0	0	43	1	0	44
17861	42	0	1	0	0	43
17862	1	44	0	0	0	45
17863	0	1	0	44	0	45
17864	44	0	0	1	0	45
17865	1	0	0	44	0	45
17866	0	0	44	1	0	45
17867	0	0	1	42	0	43
17868	0	43	0	1	0	44
17869	44	1	0	0	0	45
17870	1	0	0	43	0	44
17871	44	0	0	1	0	45
17872	1	0	0	44	0	45
17873	0	0	0	44	0	44
17874	0	42	0	1	0	43
17875	44	1	0	0	0	45
17876	1	44	0	0	0	45
17877	0	1	0	40	0	41
17878	0	38	0	0	0	38
17879	40	1	0	0	0	41
17880	41	0	0	0	0	41
17881	35	0	0	0	0	35
17882	1	35	0	0	0	36
17883	0	26	0	0	0	26
17884	26	0	0	0	0	26
17885	0	23	0	0	0	23
17886	1	1	0	20	0	22
17887	0	0	18	0	0	18
17888	19	0	0	0	0	19
17889	19	0	0	0	0	19
17890	19	0	0	0	0	19
17891	0	19	0	0	0	19
17892	19	0	0	0	0	19
17893	0	0	19	0	0	19
17894	0	20	0	0	0	20
17895	0	0	0	20	0	20
17896	0	22	0	0	0	22
17897	22	0	0	0	0	22
17898	0	26	0	0	0	26
17899	0	0	0	26	0	26
17900	0	26	0	0	0	26
17901	0	0	0	26	0	26
17902	0	0	0	25	0	25
17903	0	0	25	0	0	25
17904	0	0	0	22	0	22
17905	22	0	0	0	0	22
17906	22	0	0	0	0	22
17907	0	0	0	20	0	20
17908	0	0	20	0	0	20
17909	0	0	0	20	0	20
17910	20	0	0	0	0	20
17911	20	0	0	0	0	20
17912	20	0	0	0	0	20
17913	0	20	0	0	0	20
17914	20	0	0	0	0	20
17915	0	0	19	0	0	19
17916	19	0	0	0	0	19
17917	0	0	0	20	0	20
17918	0	0	0	20	0	20
17919	0	0	0	20	0	20
17920	20	0	0	0	0	20
17921	20	0	0	0	0	20
17922	0	0	0	20	0	20
17923	0	0	22	0	0	22
17924	1	0	0	23	0	24
17925	0	0	0	21	0	21
17926	0	0	21	0	0	21
17927	0	21	0	0	0	21
17928	0	0	0	20	0	20
17929	22	0	0	0	0	22
17930	0	0	0	23	0	23
17931	0	0	0	23	0	23
17932	25	0	0	0	0	25
17933	0	25	0	0	0	25
17934	0	26	0	0	0	26
17935	25	0	0	0	0	25
17936	0	0	25	0	0	25
17937	24	0	0	0	0	24
17938	0	0	27	0	0	27
17939	0	27	0	0	0	27
17940	27	0	0	0	0	27
17941	27	0	0	0	0	27
17942	27	0	0	0	0	27
17943	27	0	0	0	0	27
17944	0	0	27	0	0	27
17945	0	0	0	25	0	25
17946	25	0	0	0	0	25
17947	0	0	31	0	0	31
17948	0	0	29	0	0	29
17949	0	29	0	0	0	29
17950	30	0	0	0	0	30
17951	0	0	0	30	0	30
17952	30	0	0	0	0	30
17953	0	33	0	0	0	33
17954	0	0	0	35	0	35
17955	0	0	0	33	0	33
17956	0	0	0	35	0	35
17957	0	0	35	0	0	35
17958	0	36	0	0	0	36
17959	37	0	0	0	0	37
17960	0	0	0	36	0	36
17961	37	0	0	0	0	37
17962	37	0	0	0	0	37
17963	0	0	0	37	0	37
17964	0	0	40	0	0	40
17965	0	0	0	40	0	40
17966	0	40	0	0	0	40
17967	0	0	0	40	0	40
17968	0	0	40	0	0	40
17969	39	0	0	0	0	39
17970	0	0	0	40	0	40
17971	40	0	0	0	0	40
17972	0	0	40	0	0	40
17973	37	0	0	0	0	37
17974	0	0	39	0	0	39
17975	38	0	0	0	0	38
17976	0	40	0	0	0	40
17977	0	39	0	0	0	39
17978	0	0	0	40	0	40
17979	0	0	0	39	0	39
17980	0	0	0	40	0	40
17981	40	0	0	0	0	40
17982	0	0	0	40	0	40
17983	0	0	43	0	0	43
17984	41	0	0	0	0	41
17985	0	44	0	0	0	44
17986	43	0	0	0	0	43
17987	41	0	0	0	0	41
17988	0	0	41	0	0	41
17989	0	0	0	39	0	39
17990	0	0	0	41	0	41
17991	0	0	42	0	0	42
17992	0	42	0	0	0	42
17993	42	0	0	0	0	42
17994	41	0	0	0	0	41
17995	0	0	0	49	0	49
17996	0	0	0	52	0	52
17997	0	0	0	51	0	51
17998	48	0	0	1	0	49
17999	1	48	0	0	0	49
18000	49	1	0	0	0	50
18001	52	0	0	0	0	52
18002	1	0	50	0	0	51
18003	0	0	1	50	0	51
18004	0	51	0	1	0	52
18005	0	1	0	51	0	52
18006	0	0	0	51	0	51
18007	0	0	51	1	0	52
18008	53	0	1	0	0	54
18009	54	0	0	0	0	54
18010	60	0	0	0	0	60
18011	1	0	0	59	0	60
18012	0	0	0	58	0	58
18013	0	59	0	1	0	60
18014	0	61	0	0	0	61
18015	61	1	0	0	0	62
18016	1	59	0	0	0	60
18017	0	1	58	0	0	59
18018	0	0	1	59	0	60
18019	60	0	0	1	0	61
18020	1	0	59	0	0	60
18021	0	0	59	0	0	59
18022	57	0	1	0	0	58
18023	58	0	0	0	0	58
18024	1	0	0	54	0	55
18025	0	0	56	1	0	57
18026	0	0	1	55	0	56
18027	0	0	54	1	0	55
18028	0	0	55	0	0	55
18029	0	55	1	0	0	56
18030	54	1	0	0	0	55
18031	55	0	0	0	0	55
18032	1	52	0	0	0	53
18033	0	1	0	51	0	52
18034	0	0	0	51	0	51
18035	0	0	0	52	0	52
18036	50	0	0	1	0	51
18037	1	49	0	0	0	50
18038	48	1	0	0	0	49
18039	50	0	0	0	0	50
18040	1	0	49	0	0	50
18041	0	50	1	0	0	51
18042	0	1	0	50	0	51
18043	0	0	50	1	0	51
18044	51	0	1	0	0	52
18045	51	0	0	0	0	51
18046	50	0	0	0	0	50
18047	46	0	0	0	0	46
18048	1	0	0	44	0	45
18049	0	0	45	1	0	46
18050	0	0	1	44	0	45
18051	43	0	0	1	0	44
18052	43	0	0	0	0	43
18053	1	39	0	0	0	40
18054	39	1	0	0	0	40
18055	1	0	38	0	0	39
18056	0	0	38	0	0	38
18057	39	0	1	0	0	40
18058	1	40	0	0	0	41
18059	0	1	0	39	0	40
18060	0	40	0	1	0	41
18061	0	1	0	41	0	42
18062	1	0	0	41	0	42
18063	0	0	0	42	0	42
18064	36	0	0	1	0	37
18065	38	1	0	0	0	39
18066	39	1	0	0	0	40
18067	2	0	37	0	0	39
18068	42	0	1	0	0	43
18069	1	0	1	42	0	44
18070	1	0	0	44	0	45
18071	1	0	45	2	0	48
18072	0	0	2	52	0	54
18073	51	0	2	2	0	55
18074	3	0	51	2	0	56
18075	3	0	2	51	0	56
18076	50	0	2	3	0	55
18077	52	0	1	2	0	55
18078	3	0	50	1	0	54
18079	2	0	59	0	0	61
18080	0	0	5	55	0	60
18081	56	1	2	2	0	61
18082	59	0	0	2	0	61
18083	4	0	0	49	0	53
18084	2	52	0	2	0	56
18085	52	2	0	3	0	57
18086	2	53	0	1	0	56
18087	2	2	0	54	0	58
18088	1	2	57	2	0	62
18089	0	1	59	2	0	62
18090	1	0	61	0	0	62
18091	1	0	4	56	0	61
18092	0	0	3	58	0	61
18093	56	1	0	4	0	61
18094	2	54	0	3	0	59
18095	50	1	1	0	0	52
18096	2	2	0	42	0	46
18097	3	43	0	1	0	47
18098	1	45	0	1	0	47
18099	1	3	0	44	0	48
18100	43	2	0	2	0	47
18101	1	41	1	2	0	45
18102	44	1	0	0	0	45
18103	1	44	0	0	0	45
18104	44	1	0	0	0	45
18105	1	2	44	0	0	47
18106	3	0	44	0	0	47
18107	0	41	3	1	0	45
18108	40	1	2	0	0	43
18109	2	42	0	0	0	44
18110	2	36	0	0	0	38
18111	1	3	0	34	0	38
18112	34	2	0	1	0	37
18113	1	35	0	2	0	38
18114	36	1	0	0	0	37
18115	1	35	0	0	0	36
18116	35	1	0	0	0	36
18117	1	35	0	0	0	36
18118	2	35	0	0	0	37
18119	0	3	0	35	0	38
18120	0	34	0	4	0	38
18121	35	1	0	2	0	38
18122	1	2	35	0	0	38
18123	2	0	1	35	0	38
18124	0	0	36	1	0	37
18125	0	0	1	36	0	37
18126	0	0	2	35	0	37
18127	0	0	34	3	0	37
18128	33	0	1	2	0	36
18129	1	33	2	0	0	36
18130	36	1	0	0	0	37
18131	1	36	0	0	0	37
18132	2	1	0	33	0	36
18133	34	2	0	1	0	37
18134	35	0	0	2	0	37
18135	37	0	0	0	0	37
18136	3	0	0	34	0	37
18137	2	0	0	35	0	37
18138	0	34	0	3	0	37
18139	35	1	0	1	0	37
18140	36	2	0	0	0	38
18141	38	0	0	0	0	38
18142	36	0	0	0	0	36
18143	3	35	0	0	0	38
18144	2	1	0	34	0	37
18145	0	2	34	1	0	37
18146	32	0	1	2	0	35
18147	35	0	2	0	0	37
18148	3	0	34	0	0	37
18149	2	0	36	0	0	38
18150	0	0	3	36	0	39
18151	0	0	2	39	0	41
18152	0	0	0	43	0	43
18153	40	0	0	4	0	44
18154	2	0	0	42	0	44
18155	2	0	42	2	0	46
18156	0	0	2	44	0	46
18157	0	0	43	2	0	45
18158	0	0	1	43	0	44
18159	0	0	2	48	0	50
18160	0	0	46	3	0	49
18161	44	0	2	2	0	48
18162	2	43	2	0	0	47
18163	46	2	0	0	0	48
18164	2	2	0	47	0	51
18165	50	0	0	2	0	52
18166	2	54	0	2	0	58
18167	2	57	0	0	0	59
18168	0	2	0	53	0	55
18169	0	1	55	2	0	58
18170	0	1	56	1	0	58
18171	0	52	2	1	0	55
18172	45	1	1	0	0	47
18173	1	0	1	45	0	47
18174	46	1	0	1	0	48
18175	2	45	0	0	0	47
18176	0	47	0	1	0	48
18177	1	1	0	45	0	47
18178	45	1	0	1	0	47
18179	39	1	0	0	0	40
18180	1	0	39	1	0	41
18181	0	0	40	0	0	40
18182	40	0	1	0	0	41
18183	1	39	1	0	0	41
18184	40	1	1	0	0	42
18185	2	0	0	39	0	41
18186	0	1	38	1	0	40
18187	40	0	1	0	0	41
18188	1	35	0	1	0	37
18189	0	34	1	0	0	35
18190	1	2	0	34	0	37
18191	34	1	0	0	0	35
18192	2	1	0	35	0	38
18193	35	0	0	3	0	38
18194	3	0	34	0	0	37
18195	33	0	2	1	0	36
18196	37	0	0	0	0	37
18197	2	0	36	0	0	38
18198	35	0	2	0	0	37
18199	2	34	0	0	0	36
18200	0	2	1	35	0	38
18201	1	35	0	2	0	38
18202	36	3	0	0	0	39
18203	2	0	0	37	0	39
18204	0	36	0	2	0	38
18205	1	2	0	34	0	37
18206	0	34	0	3	0	37
18207	0	3	0	33	0	36
18208	34	1	0	3	0	38
18209	2	0	0	35	0	37
18210	1	0	33	3	0	37
18211	35	0	2	1	0	38
18212	3	0	0	35	0	38
18213	0	0	34	2	0	36
18214	2	0	34	0	0	36
18215	1	0	35	2	0	38
18216	1	0	4	34	0	39
18217	1	1	1	41	0	44
18218	0	2	1	40	0	43
18219	0	0	0	42	0	42
18220	38	1	1	3	0	43
18221	41	0	1	1	0	43
18222	40	1	0	2	0	43
18223	42	1	0	0	0	43
18224	3	0	0	39	0	42
18225	2	0	37	2	0	41
18226	38	1	2	1	0	42
18227	40	1	0	1	0	42
18228	2	0	1	40	0	43
18229	2	0	1	43	0	46
18230	44	0	0	3	0	47
18231	2	0	1	44	0	47
18232	0	41	1	3	0	45
18233	44	2	1	0	0	47
18234	43	1	0	1	0	45
18235	3	1	42	1	0	47
18236	1	0	2	45	0	48
18237	1	0	1	46	0	48
18238	43	0	1	3	0	47
18239	45	0	0	1	0	46
18240	3	1	0	43	0	47
18241	2	0	42	2	0	46
18242	3	0	42	0	0	45
18243	0	0	2	44	0	46
18244	1	0	2	44	0	47
18245	43	0	1	2	0	46
18246	3	42	0	1	0	46
18247	1	42	0	2	0	45
18248	1	44	1	1	0	47
18249	2	2	0	40	0	44
18250	38	2	2	3	0	45
18251	39	2	0	1	0	42
18252	2	39	0	1	0	42
18253	40	1	0	0	0	41
18254	2	0	1	38	0	41
18255	0	2	35	2	0	39
18256	1	0	1	38	0	40
18257	1	1	0	38	0	40
18258	1	0	1	37	0	39
18259	32	0	0	2	0	34
18260	0	0	1	33	0	34
18261	0	31	2	1	0	34
18262	33	0	0	0	0	33
18263	0	31	0	3	0	34
18264	1	29	0	0	0	30
18265	1	29	0	0	0	30
18266	0	0	21	0	0	21
18267	0	20	0	0	0	20
18268	0	0	18	1	0	19
18269	17	0	0	0	0	17
18270	17	0	0	0	0	17
18271	0	1	20	0	0	21
18272	21	0	0	0	0	21
18273	20	0	0	0	0	20
18274	0	0	21	0	0	21
18275	0	21	0	0	0	21
18276	0	0	0	21	0	21
18277	21	0	0	0	0	21
18278	0	0	0	21	0	21
18279	22	0	0	0	0	22
18280	22	0	0	0	0	22
18281	0	0	22	0	0	22
18282	22	0	0	0	0	22
18283	0	22	0	0	0	22
18284	26	0	0	0	0	26
18285	0	0	0	26	0	26
18286	0	0	26	0	0	26
18287	0	0	0	26	0	26
18288	25	0	0	0	0	25
18289	0	26	0	0	0	26
18290	0	0	26	0	0	26
18291	0	0	0	23	0	23
18292	0	0	24	0	0	24
18293	0	25	0	0	0	25
18294	27	0	0	0	0	27
18295	0	0	0	26	0	26
18296	0	0	27	0	0	27
18297	0	0	24	0	0	24
18298	28	0	0	0	0	28
18299	0	0	0	29	0	29
18300	0	0	0	28	0	28
18301	0	0	27	0	0	27
18302	0	0	26	0	0	26
18303	0	27	0	0	0	27
18304	0	0	0	28	0	28
18305	0	0	0	28	0	28
18306	0	27	0	0	0	27
18307	0	0	26	0	0	26
18308	25	0	0	0	0	25
18309	0	0	0	26	0	26
18310	0	0	27	0	0	27
18311	0	0	0	27	0	27
18312	0	27	0	0	0	27
18313	0	0	27	0	0	27
18314	26	0	0	0	0	26
18315	0	0	25	0	0	25
18316	0	0	25	0	0	25
18317	0	0	21	0	0	21
18318	0	0	25	0	0	25
18319	0	0	0	25	0	25
18320	0	0	27	0	0	27
18321	0	0	0	27	0	27
18322	0	27	0	0	0	27
18323	29	0	0	0	0	29
18324	0	0	0	27	0	27
18325	0	0	31	0	0	31
18326	0	31	0	0	0	31
18327	0	0	0	31	0	31
18328	31	0	0	0	0	31
18329	0	29	0	0	0	29
18330	0	0	0	28	0	28
18331	28	0	0	0	0	28
18332	0	0	26	0	0	26
18333	26	0	0	0	0	26
18334	0	0	28	0	0	28
18335	25	0	0	0	0	25
18336	26	0	0	0	0	26
18337	0	0	27	0	0	27
18338	0	26	0	0	0	26
18339	0	0	0	26	0	26
18340	0	0	28	0	0	28
18341	0	0	0	27	0	27
18342	0	0	0	27	0	27
18343	0	0	27	0	0	27
18344	0	0	27	0	0	27
18345	0	0	0	26	0	26
18346	28	0	0	0	0	28
18347	0	32	0	0	0	32
18348	0	32	0	0	0	32
18349	32	0	0	0	0	32
18350	31	0	0	0	0	31
18351	0	0	0	37	0	37
18352	0	0	0	35	0	35
18353	0	0	0	37	0	37
18354	37	0	0	0	0	37
18355	0	32	0	0	0	32
18356	0	37	0	0	0	37
18357	0	0	0	36	0	36
18358	0	0	0	36	0	36
18359	0	0	0	36	0	36
18360	37	0	0	0	0	37
18361	0	37	0	0	0	37
18362	35	0	0	0	0	35
18363	0	0	35	0	0	35
18364	0	36	0	0	0	36
18365	0	0	0	36	0	36
18366	36	0	0	0	0	36
18367	0	0	36	0	0	36
18368	0	0	33	0	0	33
18369	0	0	0	37	0	37
18370	0	0	0	36	0	36
18371	0	0	0	34	0	34
18372	0	0	0	31	0	31
18373	0	0	0	33	0	33
18374	0	33	0	0	0	33
18375	0	0	0	33	0	33
18376	33	0	0	0	0	33
18377	0	33	0	0	0	33
18378	33	0	0	0	0	33
18379	0	0	31	0	0	31
18380	0	0	31	0	0	31
18381	0	0	0	30	0	30
18382	0	0	49	0	0	49
18383	0	0	1	50	0	51
18384	0	0	0	44	0	44
18385	48	0	0	1	0	49
18386	48	0	0	0	0	48
18387	1	53	0	0	0	54
18388	0	53	0	0	0	53
18389	0	1	0	53	0	54
18390	52	0	0	1	0	53
18391	1	0	53	0	0	54
18392	0	0	1	51	0	52
18393	0	0	0	53	0	53
18394	0	0	50	1	0	51
18395	0	49	1	0	0	50
18396	0	1	0	52	0	53
18397	0	0	52	1	0	53
18398	0	0	1	50	0	51
18399	48	0	0	1	0	49
18400	0	48	0	0	0	48
18401	0	51	0	0	0	51
18402	0	1	0	48	0	49
18403	50	0	0	1	0	51
18404	1	50	0	0	0	51
18405	48	1	0	0	0	49
18406	1	0	46	0	0	47
18407	0	0	49	0	0	49
18408	0	0	1	48	0	49
18409	0	0	0	51	0	51
18410	50	0	0	1	0	51
18411	1	0	0	50	0	51
18412	0	0	47	1	0	48
18413	0	0	1	48	0	49
18414	0	0	0	50	0	50
18415	0	0	48	1	0	49
18416	49	0	1	0	0	50
18417	1	0	0	49	0	50
18418	44	0	0	1	0	45
18419	1	45	0	0	0	46
18420	44	1	0	0	0	45
18421	1	43	0	0	0	44
18422	0	45	0	0	0	45
18423	0	1	0	42	0	43
18424	42	0	0	1	0	43
18425	44	0	0	0	0	44
18426	1	0	0	43	0	44
18427	43	0	0	1	0	44
18428	44	0	0	0	0	44
18429	1	0	0	43	0	44
18430	43	0	0	1	0	44
18431	1	42	0	0	0	43
18432	42	1	0	0	0	43
18433	1	0	44	0	0	45
18434	46	0	1	0	0	47
18435	1	0	0	47	0	48
18436	0	0	0	48	0	48
18437	0	0	0	47	0	47
18438	0	0	0	46	0	46
18439	1	0	0	46	0	47
18440	0	44	0	1	0	45
18441	0	47	0	0	0	47
18442	46	1	0	0	0	47
18443	1	0	46	0	0	47
18444	46	0	1	0	0	47
18445	1	0	45	0	0	46
18446	0	0	2	46	0	48
18447	0	0	0	44	0	44
18448	40	0	0	2	0	42
18449	2	0	41	0	0	43
18450	1	0	1	39	0	41
18451	0	0	34	1	0	35
18452	0	39	1	0	0	40
18453	0	1	0	39	0	40
18454	38	0	0	0	0	38
18455	38	0	1	0	0	39
18456	37	0	0	1	0	38
18457	1	35	0	1	0	37
18458	0	36	1	0	0	37
18459	35	2	0	0	0	37
18460	1	35	0	1	0	37
18461	0	37	1	0	0	38
18462	0	1	36	1	0	38
18463	1	36	1	0	0	38
18464	0	39	0	0	0	39
18465	0	2	0	39	0	41
18466	0	0	38	2	0	40
18467	1	0	40	0	0	41
18468	39	1	1	0	0	41
18469	2	0	39	0	0	41
18470	39	0	2	0	0	41
18471	1	0	1	41	0	43
18472	0	40	0	2	0	42
18473	39	2	0	1	0	42
18474	48	0	0	0	0	48
18475	2	1	0	46	0	49
18476	1	1	0	50	0	52
18477	1	0	0	50	0	51
18478	48	0	0	4	0	52
18479	47	0	1	1	0	49
18480	48	0	0	0	0	48
18481	4	46	0	1	0	51
18482	32	1	0	0	0	33
18483	1	31	0	0	0	32
18484	0	33	0	0	0	33
18485	1	1	0	28	0	30
18486	0	31	0	1	0	32
18487	27	2	0	0	0	29
18488	1	0	0	27	0	28
18489	27	1	0	1	0	29
18490	2	26	0	0	0	28
18491	0	28	0	1	0	29
18492	30	1	0	0	0	31
18493	1	32	0	0	0	33
18494	0	2	0	32	0	34
18495	1	0	0	33	0	34
18496	32	1	0	1	0	34
18497	1	0	0	33	0	34
18498	0	0	34	2	0	36
18499	1	0	0	34	0	35
18500	36	0	0	2	0	38
18501	1	38	1	0	0	40
18502	38	1	0	1	0	40
18503	40	0	0	0	0	40
18504	38	1	0	0	0	39
18505	2	0	37	0	0	39
18506	0	0	37	0	0	37
18507	38	0	1	0	0	39
18508	1	35	1	0	0	37
18509	0	1	0	37	0	38
18510	1	0	0	38	0	39
18511	0	38	0	1	0	39
18512	0	37	0	1	0	38
18513	0	1	0	37	0	38
18514	0	1	0	38	0	39
18515	0	1	36	1	0	38
18516	0	0	38	1	0	39
18517	37	0	1	1	0	39
18518	38	0	1	0	0	39
18519	1	0	1	37	0	39
18520	1	1	37	1	0	40
18521	2	0	1	37	0	40
18522	38	0	0	2	0	40
18523	1	0	35	0	0	36
18524	0	0	1	35	0	36
18525	1	0	34	2	0	37
18526	1	34	1	0	0	36
18527	1	1	33	1	0	36
18528	1	0	2	34	0	37
18529	34	2	0	1	0	37
18530	2	0	1	35	0	38
18531	35	0	0	2	0	37
18532	37	1	0	0	0	38
18533	33	0	0	2	0	35
18534	2	1	31	0	0	34
18535	33	1	1	0	0	35
18536	3	0	0	32	0	35
18537	2	0	0	32	0	34
18538	2	0	32	1	0	35
18539	0	1	2	33	0	36
18540	33	0	1	2	0	36
18541	2	33	1	0	0	36
18542	32	2	0	2	0	36
18543	34	0	0	2	0	36
18544	34	1	0	1	0	36
18545	2	0	0	34	0	36
18546	0	1	33	1	0	35
18547	1	0	1	35	0	37
18548	1	0	0	36	0	37
18549	33	1	1	1	0	36
18550	34	0	1	1	0	36
18551	3	0	33	1	0	37
18552	3	0	1	32	0	36
18553	0	0	33	2	0	35
18554	35	0	3	0	0	38
18555	2	35	0	2	0	39
18556	36	2	1	0	0	39
18557	2	36	1	1	0	40
18558	36	2	0	2	0	40
18559	2	36	1	0	0	39
18560	0	4	0	35	0	39
18561	1	0	1	38	0	40
18562	36	1	0	3	0	40
18563	38	0	1	1	0	40
18564	34	0	1	2	0	37
18565	37	0	0	0	0	37
18566	36	0	0	0	0	36
18567	3	0	0	32	0	35
18568	1	31	1	2	0	35
18569	2	1	0	33	0	36
18570	1	32	0	3	0	36
18571	0	0	0	31	0	31
18572	0	30	1	0	0	31
18573	0	0	0	31	0	31
18574	1	0	26	0	0	27
18575	26	1	0	0	0	27
18576	1	23	0	0	0	24
18577	24	0	0	0	0	24
18578	1	0	23	0	0	24
18579	25	0	0	1	0	26
18580	0	0	28	0	0	28
18581	0	0	0	28	0	28
18582	0	27	0	1	0	28
18583	0	0	27	0	0	27
18584	1	0	0	27	0	28
18585	26	0	1	0	0	27
18586	0	0	0	26	0	26
18587	0	0	1	25	0	26
18588	1	0	0	26	0	27
18589	0	1	27	1	0	29
18590	1	0	1	27	0	29
18591	0	32	0	0	0	32
18592	1	1	0	29	0	31
18593	0	0	0	27	0	27
18594	26	0	0	2	0	28
18595	1	0	0	26	0	27
18596	1	0	25	1	0	27
18597	1	0	26	0	0	27
18598	1	0	25	0	0	26
18599	0	25	1	0	0	26
18600	22	1	0	0	0	23
18601	1	21	0	0	0	22
18602	21	1	0	0	0	22
18603	1	0	0	22	0	23
18604	0	0	23	1	0	24
18605	0	0	24	0	0	24
18606	0	24	1	0	0	25
18607	0	1	0	24	0	25
18608	0	0	0	25	0	25
18609	0	0	0	24	0	24
18610	0	0	24	1	0	25
18611	24	0	1	0	0	25
18612	1	0	24	0	0	25
18613	0	0	1	24	0	25
18614	0	0	0	26	0	26
18615	0	0	25	1	0	26
18616	24	0	1	0	0	25
18617	1	25	0	0	0	26
18618	25	1	0	0	0	26
18619	1	0	0	24	0	25
18620	0	26	0	1	0	27
18621	0	1	0	26	0	27
18622	26	0	0	1	0	27
18623	1	0	0	25	0	26
18624	0	0	27	0	0	27
18625	27	0	1	0	0	28
18626	28	0	0	0	0	28
18627	1	0	26	0	0	27
18628	0	0	1	27	0	28
18629	27	0	0	1	0	28
18630	1	0	0	26	0	27
18631	0	0	0	27	0	27
18632	0	0	0	27	0	27
18633	0	0	0	26	0	26
18634	0	1	25	1	0	27
18635	0	0	1	26	0	27
18636	0	0	25	2	0	27
18637	25	0	1	1	0	27
18638	25	0	0	0	0	25
18639	25	0	0	0	0	25
18640	25	0	1	0	0	26
18641	1	0	0	25	0	26
18642	24	0	1	2	0	27
18643	1	0	24	1	0	26
18644	1	1	24	0	0	26
18645	23	1	2	0	0	26
18646	2	23	0	1	0	26
18647	1	24	0	1	0	26
18648	0	2	0	23	0	25
18649	0	0	23	3	0	26
18650	22	0	1	1	0	24
18651	1	0	24	1	0	26
18652	0	23	2	0	0	25
18653	1	2	23	0	0	26
18654	1	18	1	1	0	21
18655	18	1	0	1	0	20
18656	2	19	0	1	0	22
18657	1	17	0	0	0	18
18658	0	1	1	19	0	21
18659	0	0	19	1	0	20
18660	0	0	2	18	0	20
18661	0	1	0	20	0	21
18662	1	0	18	1	0	20
18663	0	1	1	18	0	20
18664	0	17	0	1	0	18
18665	1	1	0	17	0	19
18666	19	0	1	0	0	20
18667	2	0	1	19	0	22
18668	1	1	16	2	0	20
18669	0	0	1	21	0	22
18670	1	0	20	2	0	23
18671	20	0	2	1	0	23
18672	1	0	3	19	0	23
18673	20	0	0	2	0	22
18674	1	1	18	1	0	21
18675	18	1	2	1	0	22
18676	1	19	0	2	0	22
18677	2	2	23	0	0	27
18678	3	0	1	22	0	26
18679	0	1	23	2	0	26
18680	0	21	1	0	0	22
18681	0	19	1	1	0	21
18682	20	0	0	0	0	20
18683	2	19	0	1	0	22
18684	19	1	1	0	0	21
18685	2	1	0	22	0	25
18686	1	0	21	1	0	23
18687	0	22	3	0	0	25
18688	0	0	0	23	0	23
18689	1	0	0	21	0	22
18690	0	0	1	21	0	22
18691	0	0	0	21	0	21
18692	0	18	0	1	0	19
18693	0	20	0	2	0	22
18694	21	0	1	0	0	22
18695	0	20	0	2	0	22
18696	0	0	2	21	0	23
18697	1	0	22	1	0	24
18698	1	21	1	0	0	23
18699	2	0	0	21	0	23
18700	1	0	0	20	0	21
18701	1	21	0	1	0	23
18702	21	0	1	0	0	22
18703	1	0	24	0	0	25
18704	22	1	1	0	0	24
18705	1	23	1	0	0	25
18706	22	0	0	0	0	22
18707	0	24	0	0	0	24
18708	0	0	0	26	0	26
18709	0	0	0	26	0	26
18710	26	0	0	0	0	26
18711	0	0	0	26	0	26
18712	0	0	26	0	0	26
18713	0	26	0	0	0	26
18714	0	25	0	0	0	25
18715	0	0	0	25	0	25
18716	0	0	25	0	0	25
18717	0	0	0	25	0	25
18718	0	0	0	25	0	25
18719	0	0	25	0	0	25
18720	0	0	24	0	0	24
18721	0	24	0	0	0	24
18722	24	0	0	0	0	24
18723	0	0	0	24	0	24
18724	0	23	0	0	0	23
18725	23	0	0	0	0	23
18726	0	0	0	23	0	23
18727	0	0	0	22	0	22
18728	0	23	0	0	0	23
18729	0	0	0	23	0	23
18730	23	0	0	0	0	23
18731	0	0	0	23	0	23
18732	0	0	0	23	0	23
18733	0	0	23	0	0	23
18734	0	0	23	0	0	23
18735	23	0	0	0	0	23
18736	0	0	0	23	0	23
18737	0	0	0	22	0	22
18738	0	0	0	23	0	23
18739	0	0	23	0	0	23
18740	23	0	0	0	0	23
18741	0	0	0	23	0	23
18742	0	0	0	23	0	23
18743	23	0	0	0	0	23
18744	0	23	0	0	0	23
18745	0	0	23	0	0	23
18746	0	0	0	22	0	22
18747	0	22	0	0	0	22
18748	0	0	0	23	0	23
18749	23	0	0	0	0	23
18750	0	0	0	23	0	23
18751	23	0	0	0	0	23
18752	23	0	0	0	0	23
18753	0	0	0	23	0	23
18754	0	23	0	0	0	23
18755	0	23	0	0	0	23
18756	0	0	22	0	0	22
18757	0	0	0	22	0	22
18758	0	0	0	23	0	23
18759	0	0	0	23	0	23
18760	23	0	0	0	0	23
18761	0	0	0	23	0	23
18762	0	0	23	0	0	23
18763	23	0	0	0	0	23
18764	0	0	0	23	0	23
18765	0	0	0	23	0	23
18766	0	0	23	0	0	23
18767	23	0	0	0	0	23
18768	0	0	0	23	0	23
18769	0	0	23	0	0	23
18770	0	0	0	22	0	22
18771	0	0	0	19	0	19
18772	0	22	0	0	0	22
18773	22	0	0	0	0	22
18774	22	0	0	0	0	22
18775	0	22	0	0	0	22
18776	22	0	0	0	0	22
18777	18	0	0	0	0	18
18778	0	0	0	18	0	18
18779	0	0	17	0	0	17
18780	0	0	16	0	0	16
18781	0	0	17	0	0	17
18782	0	0	17	0	0	17
18783	0	0	0	17	0	17
18784	0	0	0	17	0	17
18785	0	0	0	14	0	14
18786	0	0	0	14	0	14
18787	14	0	0	0	0	14
18788	0	16	0	0	0	16
18789	18	0	0	0	0	18
18790	0	0	18	0	0	18
18791	0	0	16	0	0	16
18792	0	4	0	13	0	17
18793	17	0	0	0	0	17
18794	13	0	0	0	0	13
18795	0	13	0	0	0	13
18796	0	14	0	0	0	14
18797	0	0	0	13	0	13
18798	14	0	0	0	0	14
18799	0	14	0	0	0	14
18800	15	0	0	0	0	15
18801	15	0	0	0	0	15
18802	14	0	0	0	0	14
18803	0	0	14	0	0	14
18804	0	15	0	0	0	15
18805	16	0	0	0	0	16
18806	16	0	0	3	0	19
18807	3	13	0	0	0	16
18808	3	12	0	0	0	15
18809	12	3	0	0	0	15
18810	0	3	0	12	0	15
18811	0	0	12	3	0	15
18812	15	0	0	0	0	15
18813	0	3	0	12	0	15
18814	3	12	0	0	0	15
18815	3	0	0	12	0	15
18816	3	0	12	0	0	15
18817	0	0	3	12	0	15
18818	12	3	0	0	0	15
18819	3	0	0	12	0	15
18820	3	0	0	12	0	15
18821	0	3	13	0	0	16
18822	0	3	0	12	0	15
18823	3	13	0	0	0	16
18824	13	0	0	3	0	16
18825	13	0	3	0	0	16
18826	3	0	13	0	0	16
18827	0	0	0	16	0	16
18828	0	16	0	0	0	16
18829	0	13	0	3	0	16
18830	13	0	3	0	0	16
18831	0	0	0	16	0	16
18832	3	0	13	0	0	16
18833	0	0	13	3	0	16
18834	0	0	0	16	0	16
18835	13	0	3	0	0	16
18836	13	0	0	3	0	16
18837	0	3	0	13	0	16
18838	3	0	13	0	0	16
18839	3	13	0	0	0	16
18840	13	0	3	0	0	16
18841	0	16	0	3	0	19
18842	16	3	0	0	0	19
18843	0	3	0	16	0	19
18844	3	0	16	0	0	19
18845	0	0	0	19	0	19
18846	16	0	3	0	0	19
18847	0	0	19	0	0	19
18848	0	16	0	3	0	19
18849	3	0	0	16	0	19
18850	19	0	0	0	0	19
18851	0	0	16	3	0	19
18852	0	0	3	16	0	19
18853	0	3	0	16	0	19
18854	3	0	19	0	0	22
18855	0	3	0	19	0	22
18856	3	0	19	0	0	22
18857	19	0	0	3	0	22
18858	0	0	3	19	0	22
18859	0	0	23	3	0	26
18860	3	25	0	0	0	28
18861	25	0	3	0	0	28
18862	26	3	0	0	0	29
18863	0	0	0	31	0	31
18864	3	30	0	0	0	33
18865	31	0	3	0	0	34
18866	0	0	0	33	0	33
18867	0	0	31	3	0	34
18868	26	0	3	0	0	29
18869	0	31	0	3	0	34
18870	0	0	3	31	0	34
18871	34	0	0	0	0	34
18872	0	0	31	3	0	34
18873	0	0	34	0	0	34
18874	0	3	0	30	0	33
18875	3	0	33	0	0	36
18876	3	0	0	32	0	35
18877	0	30	0	3	0	33
18878	0	3	0	31	0	34
18879	35	0	0	0	0	35
18880	0	0	33	3	0	36
18881	0	32	3	0	0	35
18882	3	0	0	32	0	35
18883	0	3	35	0	0	38
18884	0	0	0	38	0	38
18885	3	35	0	0	0	38
18886	0	36	3	0	0	39
18887	34	0	3	0	0	37
18888	0	34	0	3	0	37
18889	0	0	36	0	0	36
18890	31	0	0	3	0	34
18891	0	3	31	0	0	34
18892	0	0	0	25	0	25
18893	0	0	33	0	0	33
18894	0	32	0	0	0	32
18895	0	0	0	33	0	33
18896	0	0	0	31	0	31
18897	0	0	0	30	0	30
18898	0	0	29	0	0	29
18899	0	0	0	29	0	29
18900	0	0	0	29	0	29
18901	29	0	0	0	0	29
18902	27	0	0	0	0	27
18903	0	0	29	0	0	29
18904	0	28	0	0	0	28
18905	0	0	29	0	0	29
18906	0	0	0	28	0	28
18907	0	0	27	0	0	27
18908	0	0	0	28	0	28
18909	0	0	0	29	0	29
18910	0	0	28	0	0	28
18911	26	0	0	0	0	26
18912	0	27	0	0	0	27
18913	0	0	0	28	0	28
18914	0	0	29	0	0	29
18915	0	0	28	0	0	28
18916	28	0	0	0	0	28
18917	0	28	0	0	0	28
18918	0	0	0	28	0	28
18919	29	0	0	0	0	29
18920	0	0	0	29	0	29
18921	0	0	0	27	0	27
18922	0	0	29	0	0	29
18923	28	0	0	0	0	28
18924	28	0	0	0	0	28
18925	0	0	0	29	0	29
18926	29	0	0	0	0	29
18927	0	0	0	29	0	29
18928	0	28	0	0	0	28
18929	0	29	0	0	0	29
18930	0	0	0	29	0	29
18931	29	0	0	0	0	29
18932	0	0	0	28	0	28
18933	32	0	0	0	0	32
18934	32	0	0	0	0	32
18935	0	0	0	32	0	32
18936	0	0	0	31	0	31
18937	0	0	31	0	0	31
18938	0	0	32	0	0	32
18939	0	0	0	32	0	32
18940	0	0	37	0	0	37
18941	33	0	0	0	0	33
18942	0	0	0	39	0	39
18943	0	0	39	0	0	39
18944	41	0	0	0	0	41
18945	42	0	0	0	0	42
18946	0	46	0	0	0	46
18947	0	0	0	47	0	47
18948	0	0	49	0	0	49
18949	49	0	0	0	0	49
18950	49	0	0	0	0	49
18951	0	0	49	0	0	49
18952	48	0	0	0	0	48
18953	0	0	0	48	0	48
18954	0	0	0	46	0	46
18955	46	0	0	0	0	46
18956	45	0	0	0	0	45
18957	0	0	0	44	0	44
18958	0	0	44	0	0	44
18959	0	42	0	0	0	42
18960	0	0	40	0	0	40
18961	0	0	40	0	0	40
18962	0	40	0	0	0	40
18963	0	0	2	36	0	38
18964	0	0	0	35	0	35
18965	0	0	35	0	0	35
18966	0	0	0	36	0	36
18967	36	0	0	0	0	36
18968	0	0	36	0	0	36
18969	35	0	0	0	0	35
18970	36	0	0	0	0	36
18971	36	0	0	0	0	36
18972	0	0	36	0	0	36
18973	0	0	36	0	0	36
18974	0	0	0	34	0	34
18975	0	0	0	34	0	34
18976	0	34	0	0	0	34
18977	32	0	0	0	0	32
18978	33	0	0	0	0	33
18979	0	34	0	0	0	34
18980	34	0	0	0	0	34
18981	0	34	0	0	0	34
18982	34	0	0	0	0	34
18983	0	0	0	31	0	31
18984	0	0	32	0	0	32
18985	0	0	33	0	0	33
18986	0	0	0	30	0	30
18987	0	0	0	32	0	32
18988	0	0	30	0	0	30
18989	0	0	0	31	0	31
18990	0	0	0	30	0	30
18991	31	0	0	0	0	31
18992	32	0	0	0	0	32
18993	28	0	0	0	0	28
18994	0	0	28	0	0	28
18995	0	27	0	0	0	27
18996	0	0	0	27	0	27
18997	0	0	27	0	0	27
18998	0	28	0	0	0	28
18999	30	0	0	0	0	30
19000	0	0	0	30	0	30
19001	0	0	0	30	0	30
19002	30	0	0	0	0	30
19003	0	0	0	32	0	32
19004	0	0	0	33	0	33
19005	33	0	0	0	0	33
19006	0	0	33	0	0	33
19007	0	33	0	0	0	33
19008	33	0	0	0	0	33
19009	0	0	31	0	0	31
19010	34	0	0	0	0	34
19011	0	33	0	0	0	33
19012	33	0	0	0	0	33
19013	34	0	0	0	0	34
19014	33	0	0	0	0	33
19015	0	0	0	32	0	32
19016	0	0	0	32	0	32
19017	0	37	0	0	0	37
19018	0	36	0	0	0	36
19019	0	36	0	0	0	36
19020	37	0	0	0	0	37
19021	0	0	37	0	0	37
19022	0	0	0	38	0	38
19023	0	0	0	38	0	38
19024	0	38	0	0	0	38
19025	0	0	0	38	0	38
19026	0	0	0	36	0	36
19027	0	38	0	0	0	38
19028	40	0	0	0	0	40
19029	0	42	0	0	0	42
19030	0	0	41	0	0	41
19031	40	0	0	0	0	40
19032	0	42	0	0	0	42
19033	38	0	0	0	0	38
19034	0	0	0	38	0	38
19035	0	0	0	39	0	39
19036	0	0	39	0	0	39
19037	0	0	39	0	0	39
19038	0	0	0	38	0	38
19039	37	0	0	0	0	37
19040	32	0	0	0	0	32
19041	0	32	0	0	0	32
19042	0	27	0	0	0	27
19043	0	28	0	0	0	28
19044	0	1	0	24	0	25
19045	27	0	0	0	0	27
19046	24	0	1	0	0	25
19047	26	0	1	0	0	27
19048	0	0	24	1	0	25
19049	0	26	0	1	0	27
19050	0	0	1	32	0	33
19051	33	0	0	1	0	34
19052	0	0	0	33	0	33
19053	1	0	0	33	0	34
19054	34	0	0	0	0	34
19055	41	0	0	0	0	41
19056	0	0	41	0	0	41
19057	0	1	0	39	0	40
19058	0	0	42	1	0	43
19059	0	0	1	42	0	43
19060	1	1	42	0	0	44
19061	1	0	0	43	0	44
19062	44	0	0	1	0	45
19063	0	43	0	1	0	44
19064	1	46	0	0	0	47
19065	1	0	0	44	0	45
19066	0	48	0	1	0	49
19067	49	1	0	0	0	50
19068	48	0	1	1	0	50
19069	1	1	47	0	0	49
19070	1	46	0	1	0	48
19071	0	0	0	49	0	49
19072	2	0	48	0	0	50
19073	48	1	0	0	0	49
19074	0	0	1	47	0	48
19075	1	0	47	1	0	49
19076	1	0	0	48	0	49
19077	48	0	0	2	0	50
19078	0	0	48	0	0	48
19079	48	1	0	1	0	50
19080	49	1	0	0	0	50
19081	0	2	0	48	0	50
19082	1	1	48	0	0	50
19083	0	0	47	1	0	48
19084	45	0	0	0	0	45
19085	47	0	0	0	0	47
19086	1	0	47	0	0	48
19087	0	0	1	46	0	47
19088	0	1	0	45	0	46
19089	0	43	0	1	0	44
19090	0	0	0	45	0	45
19091	47	0	0	0	0	47
19092	0	0	0	47	0	47
19093	0	0	45	0	0	45
19094	45	0	0	1	0	46
19095	1	0	0	46	0	47
19096	0	0	47	0	0	47
19097	1	47	0	0	0	48
19098	48	0	0	0	0	48
19099	0	46	0	1	0	47
19100	44	0	1	0	0	45
19101	0	0	45	0	0	45
19102	1	44	0	0	0	45
19103	1	43	0	0	0	44
19104	0	0	1	41	0	42
19105	0	0	0	42	0	42
19106	0	0	42	1	0	43
19107	0	1	0	42	0	43
19108	42	0	0	1	0	43
19109	1	0	41	0	0	42
19110	0	0	0	43	0	43
19111	0	0	42	0	0	42
19112	39	0	0	0	0	39
19113	0	42	0	1	0	43
19114	41	0	1	0	0	42
19115	40	1	0	0	0	41
19116	42	0	0	0	0	42
19117	0	1	39	0	0	40
19118	1	38	0	0	0	39
19119	0	0	1	38	0	39
19120	0	0	0	40	0	40
19121	39	1	0	0	0	40
19122	0	0	0	40	0	40
19123	41	0	0	1	0	42
19124	40	0	0	0	0	40
19125	41	0	0	1	0	42
19126	42	0	0	0	0	42
19127	0	0	1	41	0	42
19128	42	0	0	1	0	43
19129	0	0	41	0	0	41
19130	39	0	0	0	0	39
19131	40	1	0	0	0	41
19132	1	0	37	0	0	38
19133	40	0	0	0	0	40
19134	42	0	0	0	0	42
19135	0	0	1	40	0	41
19136	0	0	1	40	0	41
19137	41	0	0	1	0	42
19138	0	0	0	42	0	42
19139	1	0	0	41	0	42
19140	0	40	0	1	0	41
19141	1	0	0	43	0	44
19142	44	0	0	0	0	44
19143	1	0	0	43	0	44
19144	1	0	0	41	0	42
19145	0	39	0	1	0	40
19146	1	0	0	38	0	39
19147	0	0	0	34	0	34
19148	34	0	0	0	0	34
19149	0	0	0	30	0	30
19150	0	0	25	0	0	25
19151	0	24	0	0	0	24
19152	0	25	0	0	0	25
19153	24	0	0	0	0	24
19154	0	26	0	0	0	26
19155	19	0	0	0	0	19
19156	0	24	0	0	0	24
19157	24	0	0	0	0	24
19158	0	0	0	24	0	24
19159	0	0	0	24	0	24
19160	0	22	0	2	0	24
19161	0	0	0	24	0	24
19162	0	0	23	0	0	23
19163	22	0	0	0	0	22
19164	0	23	0	0	0	23
19165	20	0	0	0	0	20
19166	20	0	0	1	0	21
19167	21	0	0	0	0	21
19168	0	0	0	20	0	20
19169	0	0	0	21	0	21
19170	0	20	0	0	0	20
19171	20	0	0	0	0	20
19172	0	20	0	0	0	20
19173	20	0	0	0	0	20
19174	0	0	20	0	0	20
19175	21	0	0	0	0	21
19176	0	0	0	21	0	21
19177	0	0	21	0	0	21
19178	0	0	21	0	0	21
19179	0	0	0	21	0	21
19180	0	0	21	0	0	21
19181	0	0	0	21	0	21
19182	21	0	0	0	0	21
19183	0	0	0	20	0	20
19184	0	0	21	0	0	21
19185	0	20	0	0	0	20
19186	0	21	0	0	0	21
19187	0	0	0	21	0	21
19188	22	0	0	0	0	22
19189	0	0	0	21	0	21
19190	0	0	0	22	0	22
19191	0	0	0	21	0	21
19192	0	0	0	21	0	21
19193	0	0	21	0	0	21
19194	0	0	20	0	0	20
19195	21	0	0	0	0	21
19196	21	0	0	0	0	21
19197	0	0	0	21	0	21
19198	0	0	0	20	0	20
19199	0	0	20	0	0	20
19200	0	20	0	0	0	20
19201	20	0	0	0	0	20
19202	20	0	0	0	0	20
19203	0	0	0	20	0	20
19204	0	0	20	0	0	20
19205	0	0	0	20	0	20
19206	0	19	0	0	0	19
19207	0	0	20	0	0	20
19208	20	0	0	0	0	20
19209	0	0	0	20	0	20
19210	20	0	0	0	0	20
19211	0	0	20	0	0	20
19212	21	0	0	0	0	21
19213	0	0	0	21	0	21
19214	21	0	0	0	0	21
19215	0	0	0	20	0	20
19216	0	20	0	0	0	20
19217	0	21	0	0	0	21
19218	0	0	0	23	0	23
19219	0	0	21	0	0	21
19220	0	21	0	0	0	21
19221	0	0	0	21	0	21
19222	17	0	2	0	0	19
19223	19	0	0	0	0	19
19224	0	0	0	19	0	19
19225	0	0	0	19	0	19
19226	0	19	0	0	0	19
19227	0	19	0	0	0	19
19228	16	0	0	0	0	16
19229	0	0	0	16	0	16
19230	0	0	0	16	0	16
19231	0	0	16	0	0	16
19232	0	0	0	15	0	15
19233	0	0	0	15	0	15
19234	0	0	0	15	0	15
19235	0	0	13	0	0	13
19236	0	0	0	15	0	15
19237	15	0	0	0	0	15
19238	0	0	14	0	0	14
19239	16	0	0	0	0	16
19240	0	0	0	15	0	15
19241	0	0	0	15	0	15
19242	0	0	0	15	0	15
19243	0	0	15	0	0	15
19244	16	0	0	0	0	16
19245	0	17	0	0	0	17
19246	16	0	0	0	0	16
19247	0	17	0	0	0	17
19248	0	0	0	17	0	17
19249	17	0	0	0	0	17
19250	0	0	17	0	0	17
19251	16	0	0	0	0	16
19252	0	0	17	0	0	17
19253	0	0	0	17	0	17
19254	0	0	16	0	0	16
19255	0	16	0	0	0	16
19256	0	0	0	10	0	10
19257	11	0	0	0	0	11
19258	0	0	0	11	0	11
19259	0	14	0	0	0	14
19260	0	0	0	14	0	14
19261	14	0	0	0	0	14
19262	14	0	0	0	0	14
19263	0	13	0	0	0	13
19264	0	13	0	0	0	13
19265	0	0	0	13	0	13
19266	0	0	0	13	0	13
19267	13	0	0	0	0	13
19268	13	0	0	0	0	13
19269	0	16	0	0	0	16
19270	0	0	0	15	0	15
19271	0	0	0	16	0	16
19272	0	0	16	0	0	16
19273	0	16	0	0	0	16
19274	0	16	0	0	0	16
19275	0	0	0	15	0	15
19276	0	0	15	0	0	15
19277	0	0	15	0	0	15
19278	0	0	0	15	0	15
19279	0	0	0	15	0	15
19280	0	0	15	0	0	15
19281	0	0	0	15	0	15
19282	0	0	15	0	0	15
19283	15	0	0	0	0	15
19284	0	0	0	15	0	15
19285	0	0	15	0	0	15
19286	0	0	15	0	0	15
19287	0	0	0	17	0	17
19288	0	0	16	0	0	16
19289	0	0	17	0	0	17
19290	0	17	0	0	0	17
19291	17	0	0	0	0	17
19292	0	0	17	0	0	17
19293	0	0	0	17	0	17
19294	0	0	0	17	0	17
19295	0	0	0	17	0	17
19296	0	0	17	0	0	17
19297	0	0	0	17	0	17
19298	17	0	0	0	0	17
19299	0	0	0	17	0	17
19300	0	0	17	0	0	17
19301	0	0	0	17	0	17
19302	17	0	0	0	0	17
19303	17	0	0	0	0	17
19304	16	0	0	0	0	16
19305	0	0	0	17	0	17
19306	17	0	0	0	0	17
19307	17	0	0	0	0	17
19308	16	0	0	0	0	16
19309	0	17	0	0	0	17
19310	17	0	0	0	0	17
19311	0	0	0	17	0	17
19312	0	0	16	0	0	16
19313	0	16	0	0	0	16
19314	15	0	0	0	0	15
19315	0	0	0	15	0	15
19316	0	0	0	15	0	15
19317	0	16	0	0	0	16
19318	0	14	0	0	0	14
19319	14	0	0	0	0	14
19320	0	14	0	0	0	14
19321	14	0	0	0	0	14
19322	0	14	0	0	0	14
19323	14	0	0	0	0	14
19324	0	14	0	0	0	14
19325	0	14	0	0	0	14
19326	14	0	0	0	0	14
19327	0	0	14	0	0	14
19328	0	12	0	0	0	12
19329	0	0	0	13	0	13
19330	0	0	0	13	0	13
19331	0	0	0	13	0	13
19332	0	0	0	13	0	13
19333	0	0	13	0	0	13
19334	13	0	0	0	0	13
19335	0	0	0	14	0	14
19336	14	0	0	0	0	14
19337	14	0	0	0	0	14
19338	14	0	0	0	0	14
19339	13	0	0	0	0	13
19340	0	0	13	0	0	13
19341	0	0	0	12	0	12
19342	0	0	12	0	0	12
19343	0	11	0	0	0	11
19344	0	0	0	10	0	10
19345	0	0	0	10	0	10
19346	0	0	0	10	0	10
19347	0	0	0	10	0	10
19348	0	0	10	0	0	10
19349	0	0	0	10	0	10
19350	0	0	0	10	0	10
19351	10	0	0	0	0	10
19352	10	0	0	0	0	10
19353	0	0	0	10	0	10
19354	0	0	0	10	0	10
19355	0	0	0	10	0	10
19356	10	0	0	0	0	10
19357	11	0	0	0	0	11
19358	11	0	0	0	0	11
19359	9	0	0	0	0	9
19360	0	8	0	0	0	8
19361	9	0	0	0	0	9
19362	9	0	0	0	0	9
19363	0	0	0	9	0	9
19364	0	0	0	8	0	8
19365	8	0	0	0	0	8
19366	0	7	0	0	0	7
19367	0	8	0	0	0	8
19368	5	0	3	0	0	8
19369	0	0	0	5	0	5
19370	0	0	0	5	0	5
19371	0	0	0	5	0	5
19372	0	0	0	5	0	5
19373	0	0	0	5	0	5
19374	0	5	0	0	0	5
19375	0	0	0	5	0	5
19376	5	0	0	0	0	5
19377	0	0	0	5	0	5
19378	0	0	0	5	0	5
19379	5	0	0	0	0	5
19380	0	5	0	0	0	5
19381	0	0	0	5	0	5
19382	0	7	0	0	0	7
19383	0	0	0	6	0	6
19384	0	0	7	0	0	7
19385	7	0	0	0	0	7
19386	0	7	0	0	0	7
19387	5	0	0	0	0	5
19388	0	0	5	0	0	5
19389	0	0	0	4	0	4
19390	0	4	0	0	0	4
19391	0	4	0	0	0	4
19392	5	0	0	0	0	5
19393	0	0	0	5	0	5
19394	0	0	6	0	0	6
19395	0	0	0	6	0	6
19396	0	0	6	0	0	6
19397	5	0	0	0	0	5
19398	0	0	6	0	0	6
19399	0	0	0	6	0	6
19400	0	9	0	0	0	9
19401	0	0	0	8	0	8
19402	0	9	0	0	0	9
19403	11	0	0	0	0	11
19404	0	0	0	14	0	14
19405	0	0	13	0	0	13
19406	0	0	13	0	0	13
19407	14	0	0	0	0	14
19408	14	0	0	0	0	14
19409	13	0	0	0	0	13
19410	14	0	0	0	0	14
19411	0	12	0	1	0	13
19412	14	0	0	0	0	14
19413	14	0	0	0	0	14
19414	0	0	16	0	0	16
19415	0	0	0	15	0	15
19416	17	0	0	0	0	17
19417	0	0	17	0	0	17
19418	0	0	0	16	0	16
19419	0	0	16	0	0	16
19420	0	0	0	17	0	17
19421	0	17	0	0	0	17
19422	17	0	0	0	0	17
19423	0	0	16	0	0	16
19424	17	0	0	0	0	17
19425	0	0	0	17	0	17
19426	17	0	0	0	0	17
19427	0	0	0	17	0	17
19428	17	0	0	0	0	17
19429	0	0	17	0	0	17
19430	17	0	0	0	0	17
19431	0	0	0	16	0	16
19432	0	0	0	17	0	17
19433	17	0	0	0	0	17
19434	0	0	0	17	0	17
19435	0	0	16	0	0	16
19436	0	0	0	16	0	16
19437	16	0	0	0	0	16
19438	0	14	0	0	0	14
19439	0	14	0	0	0	14
19440	16	0	0	0	0	16
19441	0	19	0	1	0	20
19442	0	0	0	20	0	20
19443	22	0	0	0	0	22
19444	19	0	0	0	0	19
19445	22	0	0	0	0	22
19446	0	0	22	0	0	22
19447	0	0	0	22	0	22
19448	0	22	0	0	0	22
19449	0	0	0	22	0	22
19450	0	0	22	0	0	22
19451	0	20	0	0	0	20
19452	0	0	0	22	0	22
19453	22	0	0	0	0	22
19454	0	22	0	0	0	22
19455	0	0	23	0	0	23
19456	0	0	0	21	0	21
19457	0	0	22	0	0	22
19458	0	0	0	21	0	21
19459	26	0	0	0	0	26
19460	0	0	0	25	0	25
19461	27	0	0	0	0	27
19462	27	0	0	0	0	27
19463	0	26	0	0	0	26
19464	27	0	0	0	0	27
19465	0	26	0	0	0	26
19466	0	0	27	0	0	27
19467	0	0	0	23	0	23
19468	0	0	0	26	0	26
19469	0	0	27	0	0	27
19470	0	26	0	0	0	26
19471	27	0	0	0	0	27
19472	27	0	0	0	0	27
19473	0	0	0	27	0	27
19474	0	0	0	25	0	25
19475	0	0	0	27	0	27
19476	27	0	0	0	0	27
19477	0	0	27	0	0	27
19478	0	0	27	0	0	27
19479	0	0	0	27	0	27
19480	0	0	27	0	0	27
19481	0	0	28	0	0	28
19482	0	0	0	25	0	25
19483	0	0	26	0	0	26
19484	0	26	0	0	0	26
19485	0	0	0	25	0	25
19486	0	0	26	0	0	26
19487	0	0	0	26	0	26
19488	0	26	0	0	0	26
19489	0	0	0	26	0	26
19490	0	0	30	0	0	30
19491	0	0	0	29	0	29
19492	28	0	0	0	0	28
19493	0	0	28	0	0	28
19494	29	0	0	0	0	29
19495	0	29	0	0	0	29
19496	30	0	0	0	0	30
19497	0	0	0	30	0	30
19498	0	30	0	0	0	30
19499	29	0	0	0	0	29
19500	0	0	0	27	0	27
19501	0	0	30	0	0	30
19502	0	31	0	0	0	31
19503	0	3	0	26	0	29
19504	28	0	0	0	0	28
19505	27	0	0	0	0	27
19506	0	0	0	28	0	28
19507	0	0	28	0	0	28
19508	25	0	0	1	0	26
19509	0	0	28	0	0	28
19510	0	0	0	28	0	28
19511	28	0	0	0	0	28
19512	0	27	0	0	0	27
19513	27	0	0	0	0	27
19514	0	0	24	0	0	24
19515	24	0	0	0	0	24
19516	0	0	0	24	0	24
19517	0	0	0	24	0	24
19518	0	0	24	0	0	24
19519	0	0	0	24	0	24
19520	24	0	0	0	0	24
19521	0	0	0	24	0	24
19522	0	24	0	0	0	24
19523	0	0	0	24	0	24
19524	0	24	0	0	0	24
19525	0	0	28	0	0	28
19526	28	0	0	0	0	28
19527	0	0	0	28	0	28
19528	0	0	28	0	0	28
19529	0	29	0	0	0	29
19530	0	0	0	29	0	29
19531	0	0	0	28	0	28
19532	29	0	0	0	0	29
19533	0	0	0	30	0	30
19534	30	0	0	0	0	30
19535	30	0	0	0	0	30
19536	0	29	0	0	0	29
19537	30	0	0	0	0	30
19538	0	0	0	35	0	35
19539	0	0	35	0	0	35
19540	33	0	0	0	0	33
19541	0	0	0	31	0	31
19542	0	0	31	0	0	31
19543	28	0	0	0	0	28
19544	0	0	0	28	0	28
19545	0	29	0	0	0	29
19546	0	0	0	29	0	29
19547	0	29	0	0	0	29
19548	29	0	0	0	0	29
19549	0	0	30	0	0	30
19550	0	30	0	0	0	30
19551	0	0	0	29	0	29
19552	0	0	29	0	0	29
19553	0	0	29	0	0	29
19554	0	29	0	0	0	29
19555	0	0	0	29	0	29
19556	0	0	0	30	0	30
19557	0	0	0	43	0	43
19558	43	0	0	1	0	44
19559	1	0	42	0	0	43
19560	0	40	1	0	0	41
19561	0	1	0	44	0	45
19562	0	0	0	44	0	44
19563	0	0	44	1	0	45
19564	0	0	1	44	0	45
19565	0	0	44	1	0	45
19566	0	0	43	0	0	43
19567	0	0	44	0	0	44
19568	0	0	1	44	0	45
19569	0	0	0	45	0	45
19570	0	0	0	43	0	43
19571	43	0	0	1	0	44
19572	0	44	0	0	0	44
19573	44	1	0	0	0	45
19574	42	0	0	0	0	42
19575	45	0	0	0	0	45
19576	1	44	0	0	0	45
19577	44	1	0	0	0	45
19578	45	0	0	0	0	45
19579	1	0	0	45	0	46
19580	0	0	0	43	0	43
19581	0	0	0	45	0	45
19582	0	0	43	1	0	44
19583	44	0	1	0	0	45
19584	1	0	0	44	0	45
19585	43	0	0	1	0	44
19586	1	43	0	0	0	44
19587	0	1	0	43	0	44
19588	0	0	0	44	0	44
19589	44	0	0	1	0	45
19590	0	0	0	43	0	43
19591	41	0	0	1	0	42
19592	44	0	0	0	0	44
19593	0	43	0	0	0	43
19594	0	40	0	0	0	40
19595	0	1	0	39	0	40
19596	0	40	0	1	0	41
19597	0	1	0	41	0	42
19598	0	0	41	1	0	42
19599	0	0	38	0	0	38
19600	39	1	1	0	0	41
19601	38	0	0	0	0	38
19602	1	35	0	0	0	36
19603	35	1	0	0	0	36
19604	1	36	0	0	0	37
19605	0	0	0	37	0	37
19606	0	0	0	37	0	37
19607	0	0	0	37	0	37
19608	0	0	0	37	0	37
19609	36	0	0	1	0	37
19610	1	37	0	0	0	38
19611	37	1	0	0	0	38
19612	37	0	0	0	0	37
19613	1	0	37	0	0	38
19614	37	0	1	0	0	38
19615	1	36	0	0	0	37
19616	0	1	0	35	0	36
19617	0	0	0	36	0	36
19618	0	37	0	0	0	37
19619	36	1	0	0	0	37
19620	1	0	35	0	0	36
19621	36	0	1	0	0	37
19622	1	0	36	0	0	37
19623	0	0	1	37	0	38
19624	0	0	0	39	0	39
19625	0	0	0	35	0	35
19626	34	0	0	1	0	35
19627	1	0	34	0	0	35
19628	33	0	1	0	0	34
19629	34	0	0	0	0	34
19630	34	0	0	0	0	34
19631	34	0	0	0	0	34
19632	0	0	0	33	0	33
19633	0	0	32	1	0	33
19634	0	0	1	30	0	31
19635	0	0	30	1	0	31
19636	0	0	30	0	0	30
19637	0	30	1	0	0	31
19638	0	1	0	27	0	28
19639	0	0	0	28	0	28
19640	0	0	0	28	0	28
19641	0	0	0	28	0	28
19642	27	0	0	1	0	28
19643	28	0	0	0	0	28
19644	1	0	0	27	0	28
19645	0	0	27	1	0	28
19646	0	0	1	27	0	28
19647	0	0	0	28	0	28
19648	0	0	27	1	0	28
19649	0	0	1	26	0	27
19650	26	0	0	1	0	27
19651	27	0	0	0	0	27
19652	27	0	0	0	0	27
19653	1	0	0	26	0	27
19654	25	0	0	1	0	26
19655	26	0	0	0	0	26
19656	1	0	25	0	0	26
19657	0	0	12	0	0	12
19658	0	0	12	0	0	12
19659	10	0	0	0	0	10
19660	0	10	0	0	0	10
19661	7	0	0	0	0	7
19662	0	7	0	0	0	7
19663	0	0	0	7	0	7
19664	0	0	0	7	0	7
19665	0	0	0	7	0	7
19666	0	0	7	0	0	7
19667	7	0	0	0	0	7
19668	0	0	0	7	0	7
19669	0	0	8	0	0	8
19670	0	0	8	0	0	8
19671	8	0	0	0	0	8
19672	0	8	0	0	0	8
19673	8	0	0	0	0	8
19674	9	0	0	0	0	9
19675	0	9	0	0	0	9
19676	9	0	0	0	0	9
19677	0	0	9	0	0	9
19678	0	0	9	0	0	9
19679	0	0	9	0	0	9
19680	0	0	0	9	0	9
19681	0	0	9	0	0	9
19682	9	0	0	0	0	9
19683	9	0	0	0	0	9
19684	0	0	9	0	0	9
19685	0	0	0	9	0	9
19686	10	0	0	0	0	10
19687	0	11	0	0	0	11
19688	0	12	0	0	0	12
19689	13	0	0	0	0	13
19690	0	0	10	0	0	10
19691	0	0	0	9	0	9
19692	0	0	0	9	0	9
19693	0	0	0	10	0	10
19694	0	10	0	0	0	10
19695	0	0	0	10	0	10
19696	10	0	0	0	0	10
19697	0	0	0	10	0	10
19698	0	10	0	0	0	10
19699	11	0	0	0	0	11
19700	0	0	0	12	0	12
19701	0	0	0	15	0	15
19702	15	0	0	0	0	15
19703	16	0	0	0	0	16
19704	0	0	0	14	0	14
19705	18	0	0	0	0	18
19706	20	0	0	0	0	20
19707	0	20	0	0	0	20
19708	20	0	0	0	0	20
19709	0	20	0	0	0	20
19710	0	0	0	20	0	20
19711	0	0	20	0	0	20
19712	0	0	0	19	0	19
19713	0	0	0	20	0	20
19714	0	0	0	20	0	20
19715	20	0	0	0	0	20
19716	0	20	0	0	0	20
19717	20	0	0	0	0	20
19718	0	20	0	0	0	20
19719	19	0	0	0	0	19
19720	20	0	0	0	0	20
19721	20	0	0	0	0	20
19722	20	0	0	0	0	20
19723	0	0	20	0	0	20
19724	0	0	0	22	0	22
19725	0	0	0	22	0	22
19726	0	0	23	0	0	23
19727	23	0	0	0	0	23
19728	0	0	0	22	0	22
19729	0	0	23	0	0	23
19730	0	0	23	0	0	23
19731	0	0	0	22	0	22
19732	0	0	24	0	0	24
19733	0	0	0	23	0	23
19734	0	0	0	24	0	24
19735	0	0	24	0	0	24
19736	23	0	0	0	0	23
19737	0	0	0	24	0	24
19738	0	0	24	0	0	24
19739	0	0	0	24	0	24
19740	24	0	0	0	0	24
19741	0	0	24	0	0	24
19742	23	0	0	0	0	23
19743	23	0	0	0	0	23
19744	0	0	0	24	0	24
19745	0	0	0	23	0	23
19746	0	0	24	0	0	24
19747	0	0	0	23	0	23
19748	0	0	0	21	0	21
19749	0	0	0	23	0	23
19750	0	0	24	0	0	24
19751	23	0	0	0	0	23
19752	24	0	0	0	0	24
19753	24	0	0	0	0	24
19754	25	0	0	0	0	25
19755	0	0	0	25	0	25
19756	25	0	0	0	0	25
19757	27	0	0	0	0	27
19758	23	0	0	0	0	23
19759	26	0	0	0	0	26
19760	0	27	0	0	0	27
19761	26	0	0	0	0	26
19762	28	0	0	0	0	28
19763	0	28	0	0	0	28
19764	28	0	0	0	0	28
19765	0	0	0	27	0	27
19766	0	0	0	28	0	28
19767	28	0	0	0	0	28
19768	0	28	0	0	0	28
19769	0	27	0	0	0	27
19770	0	0	0	27	0	27
19771	0	0	28	0	0	28
19772	0	0	0	28	0	28
19773	0	0	0	28	0	28
19774	27	0	0	0	0	27
19775	27	0	0	0	0	27
19776	0	0	0	27	0	27
19777	0	0	27	0	0	27
19778	0	0	0	26	0	26
19779	27	0	0	0	0	27
19780	0	0	27	0	0	27
19781	0	28	0	0	0	28
19782	28	0	0	0	0	28
19783	0	0	0	28	0	28
19784	0	0	0	27	0	27
19785	0	0	0	27	0	27
19786	0	0	25	0	0	25
19787	22	0	0	0	0	22
19788	0	0	23	0	0	23
19789	0	24	0	0	0	24
19790	0	0	0	26	0	26
19791	0	0	0	27	0	27
19792	0	0	0	27	0	27
19793	0	0	27	0	0	27
19794	0	0	27	0	0	27
19795	0	0	26	0	0	26
19796	0	29	0	0	0	29
19797	0	0	0	29	0	29
19798	30	0	0	0	0	30
19799	30	0	0	0	0	30
19800	0	0	29	0	0	29
19801	0	27	0	0	0	27
19802	0	0	28	0	0	28
19803	0	27	0	0	0	27
19804	28	0	0	0	0	28
19805	24	0	0	0	0	24
19806	0	24	0	0	0	24
19807	24	0	0	0	0	24
19808	0	0	0	25	0	25
19809	0	0	0	25	0	25
19810	25	0	0	0	0	25
19811	25	0	0	0	0	25
19812	24	0	0	0	0	24
19813	0	25	0	0	0	25
19814	0	25	0	0	0	25
19815	25	0	0	0	0	25
19816	0	0	25	0	0	25
19817	0	0	0	25	0	25
19818	25	0	0	0	0	25
19819	0	25	0	0	0	25
19820	0	25	0	0	0	25
19821	25	0	0	0	0	25
19822	0	0	25	0	0	25
19823	22	0	0	0	0	22
19824	0	0	21	0	0	21
19825	0	0	23	0	0	23
19826	0	0	0	24	0	24
19827	0	0	24	0	0	24
19828	24	0	0	0	0	24
19829	26	0	0	0	0	26
19830	26	0	0	0	0	26
19831	26	0	0	0	0	26
19832	0	0	0	25	0	25
19833	25	0	0	0	0	25
19834	0	25	0	0	0	25
19835	0	0	0	25	0	25
19836	0	25	0	0	0	25
19837	26	0	0	0	0	26
19838	26	0	0	0	0	26
19839	0	0	0	26	0	26
19840	26	0	0	0	0	26
19841	26	0	0	0	0	26
19842	0	0	0	26	0	26
19843	0	0	0	25	0	25
19844	0	0	0	26	0	26
19845	0	0	27	0	0	27
19846	0	0	26	0	0	26
19847	0	0	26	0	0	26
19848	0	0	0	26	0	26
19849	0	0	27	0	0	27
19850	0	0	0	26	0	26
19851	0	0	28	0	0	28
19852	0	0	27	0	0	27
19853	27	0	0	0	0	27
19854	0	27	0	0	0	27
19855	27	0	0	0	0	27
19856	0	0	0	26	0	26
19857	0	0	0	24	0	24
19858	0	0	25	0	0	25
19859	0	24	0	0	0	24
19860	0	0	0	30	0	30
19861	0	0	30	0	0	30
19862	0	29	0	0	0	29
19863	0	0	0	29	0	29
19864	29	0	0	0	0	29
19865	29	0	0	0	0	29
19866	0	0	0	29	0	29
19867	29	0	0	0	0	29
19868	0	29	0	0	0	29
19869	0	0	0	29	0	29
19870	0	0	32	0	0	32
19871	0	0	0	31	0	31
19872	0	0	31	0	0	31
19873	30	0	0	0	0	30
19874	0	0	0	31	0	31
19875	0	30	0	0	0	30
19876	0	0	0	31	0	31
19877	0	0	31	0	0	31
19878	0	0	32	0	0	32
19879	0	0	31	0	0	31
19880	30	0	0	0	0	30
19881	0	31	0	0	0	31
19882	0	0	0	30	0	30
19883	33	0	0	0	0	33
19884	0	33	0	0	0	33
19885	32	0	0	0	0	32
19886	32	0	0	0	0	32
19887	33	0	0	0	0	33
19888	32	0	0	0	0	32
19889	0	0	32	0	0	32
19890	26	0	0	0	0	26
19891	0	0	29	0	0	29
19892	27	0	0	0	0	27
19893	0	0	0	28	0	28
19894	0	0	28	0	0	28
19895	0	30	0	0	0	30
19896	0	1	0	28	0	29
19897	0	29	0	0	0	29
19898	0	28	0	0	0	28
19899	27	0	0	0	0	27
19900	0	0	26	0	0	26
19901	0	27	0	0	0	27
19902	26	0	0	0	0	26
19903	0	28	0	0	0	28
19904	27	0	0	0	0	27
19905	0	0	0	26	0	26
19906	25	0	0	0	0	25
19907	0	0	0	25	0	25
19908	24	0	0	0	0	24
19909	0	0	0	24	0	24
19910	0	26	0	0	0	26
19911	0	0	0	26	0	26
19912	26	0	0	0	0	26
19913	0	26	0	0	0	26
19914	0	0	0	26	0	26
19915	26	0	0	0	0	26
19916	0	0	0	26	0	26
19917	0	0	0	26	0	26
19918	0	0	27	0	0	27
19919	0	0	26	0	0	26
19920	0	0	0	26	0	26
19921	0	0	31	0	0	31
19922	0	0	0	30	0	30
19923	0	0	0	31	0	31
19924	0	0	0	31	0	31
19925	0	0	27	0	0	27
19926	0	0	0	26	0	26
19927	0	0	0	27	0	27
19928	0	27	0	0	0	27
19929	0	0	0	25	0	25
19930	25	0	0	0	0	25
19931	0	0	0	25	0	25
19932	0	0	31	0	0	31
19933	30	0	0	0	0	30
19934	0	38	0	0	0	38
19935	0	0	0	41	0	41
19936	0	0	40	0	0	40
19937	37	0	0	0	0	37
19938	0	40	0	0	0	40
19939	41	0	0	0	0	41
19940	0	0	0	41	0	41
19941	41	0	0	0	0	41
19942	0	0	42	0	0	42
19943	0	42	0	0	0	42
19944	0	45	0	0	0	45
19945	45	0	0	0	0	45
19946	42	0	0	2	0	44
19947	0	0	45	0	0	45
19948	43	0	0	0	0	43
19949	43	0	0	0	0	43
19950	44	0	0	0	0	44
19951	0	43	0	0	0	43
19952	0	44	0	0	0	44
19953	44	0	0	0	0	44
19954	43	0	0	0	0	43
19955	0	43	0	0	0	43
19956	0	0	0	45	0	45
19957	0	0	44	0	0	44
19958	43	0	0	0	0	43
19959	41	0	0	1	0	42
19960	43	0	0	0	0	43
19961	0	42	0	0	0	42
19962	0	0	46	0	0	46
19963	45	0	0	0	0	45
19964	0	0	0	45	0	45
19965	0	0	0	45	0	45
19966	0	0	0	46	0	46
19967	0	0	46	0	0	46
19968	0	0	0	46	0	46
19969	0	0	46	0	0	46
19970	0	43	0	0	0	43
19971	43	0	0	0	0	43
19972	0	42	0	0	0	42
19973	0	48	0	0	0	48
19974	47	0	0	0	0	47
19975	0	48	0	0	0	48
19976	0	0	0	48	0	48
19977	0	47	0	0	0	47
19978	49	0	0	0	0	49
19979	0	48	0	0	0	48
19980	0	0	0	48	0	48
19981	0	0	49	0	0	49
19982	0	0	0	49	0	49
19983	0	49	0	0	0	49
19984	0	0	0	49	0	49
19985	0	0	0	49	0	49
19986	0	0	0	49	0	49
19987	0	0	0	50	0	50
19988	0	0	0	50	0	50
19989	0	0	0	52	0	52
19990	0	0	53	0	0	53
19991	51	0	0	0	0	51
19992	0	0	0	53	0	53
19993	0	0	55	0	0	55
19994	0	0	56	0	0	56
19995	0	0	0	55	0	55
19996	54	0	0	0	0	54
19997	0	0	54	0	0	54
19998	54	0	0	0	0	54
19999	0	0	58	0	0	58
20000	0	0	0	56	0	56
20001	0	0	0	60	0	60
20002	0	0	61	0	0	61
20003	57	0	0	0	0	57
20004	0	0	0	59	0	59
20005	0	0	58	0	0	58
20006	0	0	60	0	0	60
20007	0	0	0	59	0	59
20008	0	61	0	0	0	61
20009	60	0	0	0	0	60
20010	57	0	0	0	0	57
20011	0	0	58	0	0	58
20012	0	0	0	57	0	57
20013	56	0	0	0	0	56
20014	0	0	58	0	0	58
20015	57	0	0	0	0	57
20016	0	61	0	0	0	61
20017	0	0	0	60	0	60
20018	0	0	0	60	0	60
20019	66	0	0	0	0	66
20020	0	0	0	66	0	66
20021	0	0	0	60	0	60
20022	0	0	0	61	0	61
20023	60	0	0	0	0	60
20024	0	0	62	0	0	62
20025	61	0	0	0	0	61
20026	60	0	0	0	0	60
20027	62	0	0	0	0	62
20028	0	0	0	61	0	61
20029	0	0	62	0	0	62
20030	0	63	0	0	0	63
20031	0	61	0	0	0	61
20032	0	54	0	0	0	54
20033	0	0	58	0	0	58
20034	0	3	0	66	0	69
20035	65	0	0	0	0	65
20036	70	0	0	0	0	70
20037	0	0	0	72	0	72
20038	0	0	73	1	0	74
20039	0	0	73	0	0	73
20040	0	0	1	72	0	73
20041	1	0	72	1	0	74
20042	0	0	1	71	0	72
20043	0	0	0	71	0	71
20044	0	68	1	1	0	70
20045	0	1	0	69	0	70
20046	0	0	0	71	0	71
20047	70	0	1	1	0	72
20048	1	0	0	70	0	71
20049	0	0	0	75	0	75
20050	72	1	1	1	0	75
20051	1	74	1	1	0	77
20052	74	1	0	2	0	77
20053	1	0	73	0	0	74
20054	74	0	1	2	0	77
20055	73	0	0	2	0	75
20056	2	1	72	0	0	75
20057	0	1	73	1	0	75
20058	2	0	1	71	0	74
20059	72	0	1	1	0	74
20060	2	0	71	1	0	74
20061	2	0	1	71	0	74
20062	1	0	69	1	0	71
20063	0	1	2	68	0	71
20064	1	0	0	71	0	72
20065	71	0	1	1	0	73
20066	71	0	1	1	0	73
20067	73	0	0	1	0	74
20068	2	0	72	0	0	74
20069	0	0	70	2	0	72
20070	1	0	2	72	0	75
20071	3	0	1	69	0	73
20072	2	0	1	72	0	75
20073	67	0	1	2	0	70
20074	1	65	2	2	0	70
20075	66	1	1	1	0	69
20076	67	0	0	1	0	68
20077	2	67	0	2	0	71
20078	0	68	0	2	0	70
20079	69	1	0	0	0	70
20080	1	1	1	66	0	69
20081	1	67	1	2	0	71
20082	2	1	0	66	0	69
20083	0	2	65	2	0	69
20084	1	1	1	66	0	69
20085	67	0	1	1	0	69
20086	2	1	63	1	0	67
20087	2	1	62	0	0	65
20088	1	2	2	59	0	64
20089	0	62	2	1	0	65
20090	0	61	0	2	0	63
20091	3	62	0	0	0	65
20092	62	1	2	1	0	66
20093	61	1	1	1	0	64
20094	58	0	1	2	0	61
20095	1	59	1	2	0	63
20096	59	1	1	2	0	63
20097	60	1	1	0	0	62
20098	3	0	59	1	0	63
20099	2	55	3	0	0	60
20100	1	1	1	57	0	60
20101	52	2	1	2	0	57
20102	2	2	52	1	0	57
20103	1	1	1	53	0	56
20104	1	52	1	3	0	57
20105	3	1	0	54	0	58
20106	1	1	0	56	0	58
20107	55	1	0	2	0	58
20108	57	0	1	0	0	58
20109	2	2	0	54	0	58
20110	1	2	56	1	0	60
20111	1	2	57	1	0	61
20112	59	0	1	3	0	63
20113	4	1	58	0	0	63
20114	1	0	3	55	0	59
20115	0	54	2	1	0	57
20116	51	2	1	2	0	56
20117	3	50	1	1	0	55
20118	52	1	2	1	0	56
20119	2	0	2	52	0	56
20120	1	0	1	54	0	56
20121	51	1	0	3	0	55
20122	53	1	1	0	0	55
20123	2	2	1	51	0	56
20124	4	0	0	50	0	54
20125	2	0	51	2	0	55
20126	1	0	51	2	0	54
20127	47	2	2	0	0	51
20128	3	0	50	1	0	54
20129	50	1	1	1	0	53
20130	49	0	2	1	0	52
20131	2	1	49	1	0	53
20132	0	47	1	2	0	50
20133	3	48	0	0	0	51
20134	2	1	32	0	0	35
20135	0	4	3	27	0	34
20136	24	1	1	1	0	27
20137	25	0	0	0	0	25
20138	27	0	0	0	0	27
20139	35	0	0	0	0	35
20140	36	0	0	0	0	36
20141	0	36	0	0	0	36
20142	36	0	0	0	0	36
20143	0	37	0	0	0	37
20144	37	0	0	0	0	37
20145	0	0	37	0	0	37
20146	0	0	0	37	0	37
20147	0	0	0	35	0	35
20148	0	36	0	1	0	37
20149	35	0	0	0	0	35
20150	34	0	0	0	0	34
20151	1	0	0	32	0	33
20152	0	0	0	33	0	33
20153	33	0	0	0	0	33
20154	0	0	0	33	0	33
20155	0	0	0	33	0	33
20156	32	0	0	0	0	32
20157	0	0	0	33	0	33
20158	32	0	0	0	0	32
20159	32	0	0	0	0	32
20160	0	0	33	0	0	33
20161	32	0	0	0	0	32
20162	33	0	0	0	0	33
20163	33	0	0	0	0	33
20164	0	0	32	0	0	32
20165	0	0	0	31	0	31
20166	0	0	0	30	0	30
20167	0	0	30	0	0	30
20168	31	0	0	0	0	31
20169	0	0	0	31	0	31
20170	0	0	31	0	0	31
20171	0	0	30	0	0	30
20172	0	0	0	32	0	32
20173	0	0	32	0	0	32
20174	0	0	0	32	0	32
20175	0	0	0	33	0	33
20176	0	0	31	0	0	31
20177	0	0	0	28	0	28
20178	0	29	0	0	0	29
20179	0	31	0	0	0	31
20180	31	0	0	0	0	31
20181	30	0	0	0	0	30
20182	0	30	0	0	0	30
20183	31	0	0	0	0	31
20184	31	0	0	0	0	31
20185	0	0	0	30	0	30
20186	0	0	0	31	0	31
20187	29	0	0	0	0	29
20188	0	30	0	0	0	30
20189	0	30	0	0	0	30
20190	0	0	0	30	0	30
20191	0	0	29	0	0	29
20192	30	0	0	0	0	30
20193	30	0	0	0	0	30
20194	30	0	0	0	0	30
20195	0	29	0	0	0	29
20196	0	0	0	29	0	29
20197	0	0	0	29	0	29
20198	28	0	0	0	0	28
20199	0	28	0	0	0	28
20200	0	0	0	28	0	28
20201	0	0	0	28	0	28
20202	0	0	0	29	0	29
20203	28	0	0	0	0	28
20204	0	28	0	0	0	28
20205	0	0	0	27	0	27
20206	0	27	0	0	0	27
20207	26	0	0	0	0	26
20208	0	0	26	0	0	26
20209	27	0	0	0	0	27
20210	0	0	23	0	0	23
20211	0	2	0	21	0	23
20212	22	0	0	0	0	22
20213	0	0	20	0	0	20
20214	20	0	0	0	0	20
20215	20	0	0	0	0	20
20216	20	0	0	0	0	20
20217	1	0	0	19	0	20
20218	0	0	0	20	0	20
20219	0	0	0	20	0	20
20220	20	0	0	0	0	20
20221	0	20	0	0	0	20
20222	19	0	0	0	0	19
20223	20	0	0	0	0	20
20224	0	0	20	0	0	20
20225	19	0	0	0	0	19
20226	20	0	0	0	0	20
20227	0	0	0	19	0	19
20228	0	0	0	18	0	18
20229	0	0	0	20	0	20
20230	20	0	0	0	0	20
20231	20	0	0	0	0	20
20232	18	0	0	0	0	18
20233	0	18	0	0	0	18
20234	0	16	0	0	0	16
20235	0	17	0	0	0	17
20236	17	0	0	0	0	17
20237	0	0	15	0	0	15
20238	0	0	12	0	0	12
20239	4	0	0	0	0	4
20240	0	0	4	0	0	4
20241	0	0	0	3	0	3
20242	0	3	0	0	0	3
20243	3	0	0	0	0	3
20244	3	0	0	0	0	3
20245	3	0	0	0	0	3
20246	0	0	0	3	0	3
20247	0	0	3	0	0	3
20248	0	0	3	0	0	3
20249	3	0	0	0	0	3
20250	3	0	0	0	0	3
20251	3	0	0	0	0	3
20252	0	0	0	3	0	3
20253	0	0	0	3	0	3
20254	0	0	3	0	0	3
20255	4	0	0	0	0	4
20256	0	0	0	4	0	4
20257	0	0	0	4	0	4
20258	0	0	0	4	0	4
20259	0	4	0	0	0	4
20260	0	0	0	4	0	4
20261	0	0	0	4	0	4
20262	4	0	0	0	0	4
20263	0	0	4	0	0	4
20264	3	0	0	0	0	3
20265	4	0	0	0	0	4
20266	0	0	0	4	0	4
20267	0	0	0	4	0	4
20268	4	0	0	0	0	4
20269	0	0	4	0	0	4
20270	0	3	0	0	0	3
20271	1	0	0	3	0	4
20272	3	0	0	0	0	3
20273	0	0	0	2	0	2
20274	0	0	2	0	0	2
20275	0	0	2	0	0	2
20276	2	0	0	0	0	2
20277	0	0	0	5	0	5
20278	0	0	5	0	0	5
20279	6	0	0	0	0	6
20280	6	0	0	0	0	6
20281	0	0	0	6	0	6
20282	0	0	0	6	0	6
20283	0	5	0	0	0	5
20284	6	0	0	0	0	6
20285	0	0	0	6	0	6
20286	0	0	0	6	0	6
20287	0	0	6	0	0	6
20288	8	0	0	1	0	9
20289	9	0	0	0	0	9
20290	0	8	0	0	0	8
20291	0	0	9	0	0	9
20292	0	0	9	0	0	9
20293	0	0	0	9	0	9
20294	9	0	0	0	0	9
20295	0	0	0	10	0	10
20296	11	0	0	0	0	11
20297	11	0	0	0	0	11
20298	11	0	0	0	0	11
20299	0	0	0	12	0	12
20300	0	0	0	12	0	12
20301	12	0	0	0	0	12
20302	0	0	12	0	0	12
20303	11	0	0	0	0	11
20304	11	0	0	0	0	11
20305	0	0	12	0	0	12
20306	0	0	10	0	0	10
20307	0	12	0	0	0	12
20308	0	0	0	12	0	12
20309	12	0	0	0	0	12
20310	0	0	0	12	0	12
20311	0	0	11	0	0	11
20312	0	10	0	0	0	10
20313	0	11	0	0	0	11
20314	0	0	0	11	0	11
20315	0	0	0	11	0	11
20316	0	11	0	0	0	11
20317	0	0	11	0	0	11
20318	10	0	0	0	0	10
20319	11	0	0	0	0	11
20320	0	11	0	0	0	11
20321	11	0	0	0	0	11
20322	0	0	0	11	0	11
20323	11	0	0	0	0	11
20324	0	0	0	14	0	14
20325	0	15	0	0	0	15
20326	0	1	16	0	0	17
20327	0	0	1	17	0	18
20328	0	0	0	19	0	19
20329	0	0	0	19	0	19
20330	19	0	0	2	0	21
20331	2	0	0	19	0	21
20332	0	0	19	2	0	21
20333	0	0	21	0	0	21
20334	19	0	2	0	0	21
20335	2	0	19	0	0	21
20336	19	0	2	0	0	21
20337	2	0	0	22	0	24
20338	0	0	0	24	0	24
20339	0	0	0	23	0	23
20340	0	0	0	24	0	24
20341	22	0	0	2	0	24
20342	2	0	22	0	0	24
20343	0	0	2	21	0	23
20344	0	22	0	2	0	24
20345	22	2	0	0	0	24
20346	2	0	0	22	0	24
20347	22	0	0	2	0	24
20348	2	0	22	0	0	24
20349	0	0	2	22	0	24
20350	0	21	0	2	0	23
20351	22	2	0	0	0	24
20352	2	0	22	0	0	24
20353	0	0	2	22	0	24
20354	0	0	0	24	0	24
20355	21	0	0	2	0	23
20356	2	0	21	0	0	23
20357	0	0	23	0	0	23
20358	0	0	2	20	0	22
20359	0	0	21	2	0	23
20360	0	0	24	0	0	24
20361	0	0	2	22	0	24
20362	0	0	0	23	0	23
20363	0	0	0	24	0	24
20364	21	0	0	2	0	23
20365	2	21	0	0	0	23
20366	22	2	0	0	0	24
20367	2	0	0	22	0	24
20368	0	22	0	2	0	24
20369	0	2	0	21	0	23
20370	21	0	0	2	0	23
20371	2	23	0	0	0	25
20372	0	2	0	23	0	25
20373	0	0	23	2	0	25
20374	23	0	2	0	0	25
20375	2	0	0	22	0	24
20376	0	0	0	25	0	25
20377	0	0	21	2	0	23
20378	0	0	22	0	0	22
20379	20	0	2	0	0	22
20380	2	20	0	0	0	22
20381	0	2	0	20	0	22
20382	20	0	0	2	0	22
20383	2	0	22	0	0	24
20384	0	22	2	0	0	24
20385	0	2	0	22	0	24
20386	22	0	0	2	0	24
20387	23	0	0	0	0	23
20388	21	0	0	0	0	21
20389	2	19	0	0	0	21
20390	0	2	19	0	0	21
20391	0	0	2	19	0	21
20392	1	0	0	18	0	19
20393	0	0	0	21	0	21
20394	0	0	0	21	0	21
20395	18	0	0	2	0	20
20396	19	0	0	0	0	19
20397	2	0	17	0	0	19
20398	0	0	19	0	0	19
20399	15	0	2	0	0	17
20400	17	0	0	0	0	17
20401	2	0	0	14	0	16
20402	0	15	0	2	0	17
20403	15	2	0	0	0	17
20404	2	15	0	0	0	17
20405	0	16	0	0	0	16
20406	0	2	0	15	0	17
20407	0	0	0	16	0	16
20408	0	0	0	17	0	17
20409	0	0	0	17	0	17
20410	0	0	15	2	0	17
20411	15	0	2	0	0	17
20412	17	0	0	0	0	17
20413	2	0	0	15	0	17
20414	0	0	0	16	0	16
20415	15	0	0	2	0	17
20416	2	0	17	0	0	19
20417	16	0	2	0	0	18
20418	19	0	0	0	0	19
20419	2	0	17	0	0	19
20420	17	0	2	0	0	19
20421	2	0	0	19	0	21
20422	0	0	0	21	0	21
20423	0	0	0	20	0	20
20424	0	0	0	17	0	17
20425	14	0	0	1	0	15
20426	1	0	0	14	0	15
20427	0	0	0	13	0	13
20428	0	12	0	0	0	12
20429	0	12	0	0	0	12
20430	0	0	0	11	0	11
20431	11	0	0	0	0	11
20432	0	0	0	11	0	11
20433	0	0	11	0	0	11
20434	0	0	13	0	0	13
20435	12	0	0	0	0	12
20436	0	13	0	0	0	13
20437	9	0	0	0	0	9
20438	0	0	10	0	0	10
20439	0	0	0	10	0	10
20440	10	0	0	0	0	10
20441	0	10	0	0	0	10
20442	10	0	0	0	0	10
20443	0	0	11	0	0	11
20444	0	0	0	11	0	11
20445	0	0	0	11	0	11
20446	11	0	0	0	0	11
20447	11	0	0	0	0	11
20448	11	0	0	0	0	11
20449	11	0	0	0	0	11
20450	11	0	0	0	0	11
20451	0	11	0	0	0	11
20452	0	0	0	11	0	11
20453	11	0	0	0	0	11
20454	0	0	0	11	0	11
20455	0	0	0	10	0	10
20456	0	0	0	11	0	11
20457	0	10	0	0	0	10
20458	11	0	0	0	0	11
20459	0	0	0	10	0	10
20460	10	0	0	0	0	10
20461	10	0	0	0	0	10
20462	0	9	0	0	0	9
20463	9	0	0	0	0	9
20464	0	0	9	0	0	9
20465	9	0	0	0	0	9
20466	0	0	1	8	0	9
20467	0	0	11	0	0	11
20468	0	11	0	0	0	11
20469	0	0	12	0	0	12
20470	0	12	0	0	0	12
20471	11	0	0	0	0	11
20472	11	0	0	0	0	11
20473	11	0	0	0	0	11
20474	0	11	0	0	0	11
20475	11	0	0	0	0	11
20476	0	0	11	0	0	11
20477	0	0	11	0	0	11
20478	0	0	0	11	0	11
20479	0	0	0	12	0	12
20480	0	12	0	0	0	12
20481	12	0	0	0	0	12
20482	0	0	0	12	0	12
20483	0	11	0	0	0	11
20484	0	0	0	11	0	11
20485	11	0	0	0	0	11
20486	11	0	0	0	0	11
20487	0	0	11	0	0	11
20488	0	0	0	11	0	11
20489	0	0	11	0	0	11
20490	0	0	0	11	0	11
20491	0	0	10	0	0	10
20492	0	0	0	11	0	11
20493	0	0	11	0	0	11
20494	0	0	0	11	0	11
20495	0	0	12	0	0	12
20496	0	0	0	11	0	11
20497	0	0	0	12	0	12
20498	0	14	0	0	0	14
20499	0	0	0	14	0	14
20500	0	0	14	0	0	14
20501	0	0	0	14	0	14
20502	0	0	0	14	0	14
20503	15	0	0	0	0	15
20504	0	0	0	17	0	17
20505	0	0	0	17	0	17
20506	0	0	17	0	0	17
20507	16	0	0	0	0	16
20508	0	0	0	17	0	17
20509	0	0	0	17	0	17
20510	0	0	0	17	0	17
20511	17	0	0	0	0	17
20512	0	0	0	17	0	17
20513	0	0	0	17	0	17
20514	17	0	0	0	0	17
20515	0	17	0	0	0	17
20516	0	0	0	15	0	15
20517	0	0	0	15	0	15
20518	0	0	15	0	0	15
20519	14	0	0	0	0	14
20520	0	0	0	15	0	15
20521	0	0	13	0	0	13
20522	12	0	0	0	0	12
20523	0	0	0	13	0	13
20524	0	0	0	13	0	13
20525	0	0	0	13	0	13
20526	0	0	0	13	0	13
20527	0	0	13	0	0	13
20528	0	0	0	12	0	12
20529	0	0	0	20	0	20
20530	0	0	25	1	0	26
20531	25	0	1	0	0	26
20532	26	0	0	0	0	26
20533	26	0	0	0	0	26
20534	1	0	0	23	0	24
20535	23	0	0	1	0	24
20536	24	0	0	0	0	24
20537	1	0	0	23	0	24
20538	23	0	0	1	0	24
20539	24	0	0	0	0	24
20540	24	0	0	0	0	24
20541	24	0	0	0	0	24
20542	1	0	0	23	0	24
20543	0	20	0	3	0	23
20544	0	23	0	0	0	23
20545	0	23	0	0	0	23
20546	23	1	0	0	0	24
20547	24	0	0	0	0	24
20548	1	0	23	0	0	24
20549	23	0	1	0	0	24
20550	1	0	0	23	0	24
20551	0	0	0	24	0	24
20552	0	0	0	24	0	24
20553	23	0	0	1	0	24
20554	1	0	0	23	0	24
20555	0	23	0	1	0	24
20556	0	1	0	23	0	24
20557	0	0	26	1	0	27
20558	0	0	1	26	0	27
20559	26	0	0	1	0	27
20560	1	0	26	0	0	27
20561	0	0	1	26	0	27
20562	0	0	0	25	0	25
20563	0	0	0	27	0	27
20564	0	26	0	1	0	27
20565	0	1	0	26	0	27
20566	26	0	0	1	0	27
20567	25	0	0	0	0	25
20568	1	0	24	0	0	25
20569	0	0	23	0	0	23
20570	0	0	1	23	0	24
20571	0	0	0	24	0	24
20572	0	0	23	1	0	24
20573	0	0	1	23	0	24
20574	0	23	0	1	0	24
20575	24	2	0	0	0	26
20576	26	0	0	0	0	26
20577	26	0	0	0	0	26
20578	2	0	24	0	0	26
20579	0	0	2	23	0	25
20580	0	0	23	2	0	25
20581	22	0	1	0	0	23
20582	2	24	0	0	0	26
20583	0	2	0	24	0	26
20584	24	0	0	2	0	26
20585	2	0	0	24	0	26
20586	0	0	0	25	0	25
20587	0	0	24	2	0	26
20588	24	0	2	0	0	26
20589	2	24	0	0	0	26
20590	0	2	0	24	0	26
20591	24	0	0	2	0	26
20592	2	0	0	24	0	26
20593	24	0	0	2	0	26
20594	1	24	0	0	0	25
20595	23	2	0	0	0	25
20596	2	0	25	0	0	27
20597	26	0	2	0	0	28
20598	26	0	0	0	0	26
20599	24	0	0	0	0	24
20600	2	0	0	23	0	25
20601	0	0	0	25	0	25
20602	0	0	0	26	0	26
20603	0	23	0	2	0	25
20604	21	2	0	0	0	23
20605	1	0	0	21	0	22
20606	0	0	0	22	0	22
20607	0	0	0	23	0	23
20608	21	0	0	2	0	23
20609	2	0	0	21	0	23
20610	0	0	21	1	0	22
20611	0	21	2	0	0	23
20612	0	2	0	21	0	23
20613	0	0	0	23	0	23
20614	0	0	0	23	0	23
20615	0	0	22	2	0	24
20616	0	0	23	0	0	23
20617	0	0	2	22	0	24
20618	0	0	22	2	0	24
20619	0	0	2	22	0	24
20620	26	0	0	1	0	27
20621	28	0	0	0	0	28
20622	28	0	0	0	0	28
20623	2	0	26	0	0	28
20624	26	0	2	0	0	28
20625	2	0	0	26	0	28
20626	0	0	26	2	0	28
20627	0	0	25	0	0	25
20628	0	26	2	0	0	28
20629	0	20	0	0	0	20
20630	13	1	0	0	0	14
20631	1	0	0	14	0	15
20632	0	0	16	0	0	16
20633	0	0	1	16	0	17
20634	16	0	0	1	0	17
20635	1	0	18	0	0	19
20636	17	1	0	0	0	18
20637	18	0	0	0	0	18
20638	20	0	0	0	0	20
20639	0	18	0	0	0	18
20640	19	1	0	0	0	20
20641	1	0	0	19	0	20
20642	0	0	0	18	0	18
20643	0	0	0	20	0	20
20644	0	0	0	20	0	20
20645	19	0	0	1	0	20
20646	1	18	0	0	0	19
20647	0	18	0	0	0	18
20648	0	18	0	0	0	18
20649	18	1	0	0	0	19
20650	18	0	0	0	0	18
20651	19	0	0	0	0	19
20652	18	0	0	0	0	18
20653	1	0	0	17	0	18
20654	0	0	0	19	0	19
20655	18	0	0	1	0	19
20656	1	18	0	0	0	19
20657	15	0	0	0	0	15
20658	16	0	0	0	0	16
20659	1	0	0	15	0	16
20660	0	15	0	1	0	16
20661	0	1	0	15	0	16
20662	16	0	0	1	0	17
20663	1	0	16	0	0	17
20664	0	0	1	15	0	16
20665	0	16	0	1	0	17
20666	16	1	0	0	0	17
20667	17	0	0	0	0	17
20668	1	0	16	0	0	17
20669	0	15	1	0	0	16
20670	0	1	16	0	0	17
20671	0	0	2	14	0	16
20672	0	0	16	0	0	16
20673	0	0	16	0	0	16
20674	0	15	0	0	0	15
20675	15	0	0	0	0	15
20676	16	0	0	0	0	16
20677	0	17	0	0	0	17
20678	0	17	0	0	0	17
20679	0	0	16	0	0	16
20680	0	0	14	0	0	14
20681	0	0	16	0	0	16
20682	0	0	0	15	0	15
20683	0	0	15	0	0	15
20684	0	0	0	15	0	15
20685	0	0	0	15	0	15
20686	0	0	15	0	0	15
20687	0	14	0	0	0	14
20688	0	0	0	15	0	15
20689	15	0	0	0	0	15
20690	0	0	0	15	0	15
20691	0	0	15	0	0	15
20692	0	14	0	0	0	14
20693	0	14	0	0	0	14
20694	0	0	0	15	0	15
20695	15	0	0	0	0	15
20696	13	0	0	0	0	13
20697	0	0	0	12	0	12
20698	0	12	0	0	0	12
20699	0	0	0	12	0	12
20700	0	0	0	12	0	12
20701	0	0	0	12	0	12
20702	14	0	0	0	0	14
20703	0	14	0	0	0	14
20704	14	0	0	0	0	14
20705	14	0	0	0	0	14
20706	14	0	0	0	0	14
20707	14	0	0	0	0	14
20708	0	0	0	14	0	14
20709	0	0	14	0	0	14
20710	0	14	0	0	0	14
20711	14	0	0	0	0	14
20712	14	0	0	0	0	14
20713	14	0	0	0	0	14
20714	0	0	13	0	0	13
20715	13	0	0	0	0	13
20716	13	0	0	0	0	13
20717	0	0	0	13	0	13
20718	0	0	13	0	0	13
20719	0	13	0	0	0	13
20720	0	0	0	9	0	9
20721	9	0	0	0	0	9
20722	0	0	0	9	0	9
20723	0	0	0	9	0	9
20724	10	0	0	0	0	10
20725	0	0	10	0	0	10
20726	10	0	0	0	0	10
20727	10	0	0	0	0	10
20728	10	0	0	0	0	10
20729	11	0	0	0	0	11
20730	0	0	11	0	0	11
20731	0	0	0	11	0	11
20732	0	0	10	0	0	10
20733	0	0	0	10	0	10
20734	0	0	10	0	0	10
20735	7	0	0	0	0	7
20736	0	6	0	0	0	6
20737	0	7	0	0	0	7
20738	0	0	0	7	0	7
20739	0	0	0	9	0	9
20740	0	10	0	0	0	10
20741	10	0	0	0	0	10
20742	10	0	0	1	0	11
20743	10	1	0	0	0	11
20744	11	0	0	0	0	11
20745	1	0	0	10	0	11
20746	1	0	0	10	0	11
20747	11	0	0	0	0	11
20748	0	0	0	11	0	11
20749	0	0	10	1	0	11
20750	1	0	10	0	0	11
20751	0	0	0	11	0	11
20752	0	0	11	0	0	11
20753	10	0	1	0	0	11
20754	0	0	0	11	0	11
20755	10	0	1	0	0	11
20756	1	0	10	0	0	11
20757	0	0	0	11	0	11
20758	1	0	10	0	0	11
20759	0	10	1	0	0	11
20760	10	0	0	1	0	11
20761	10	0	1	0	0	11
20762	0	10	0	0	0	10
20763	10	0	0	0	0	10
20764	1	0	0	9	0	10
20765	0	1	0	9	0	10
20766	10	0	0	0	0	10
20767	0	9	0	1	0	10
20768	0	9	0	1	0	10
20769	1	0	0	9	0	10
20770	9	1	0	0	0	10
20771	11	1	0	0	0	12
20772	11	0	0	1	0	12
20773	1	0	13	0	0	14
20774	1	0	13	0	0	14
20775	1	13	0	0	0	14
20776	12	0	1	0	0	13
20777	0	0	1	11	0	12
20778	11	1	0	0	0	12
20779	12	0	0	0	0	12
20780	0	0	0	12	0	12
20781	1	0	11	0	0	12
20782	12	0	0	0	0	12
20783	0	0	0	12	0	12
20784	0	0	12	0	0	12
20785	12	0	0	0	0	12
20786	11	0	0	1	0	12
20787	0	0	1	11	0	12
20788	1	0	11	0	0	12
20789	1	0	0	9	0	10
20790	0	10	0	1	0	11
20791	0	0	11	0	0	11
20792	0	11	0	1	0	12
20793	11	0	0	0	0	11
20794	11	0	1	0	0	12
20795	11	1	0	0	0	12
20796	12	0	0	0	0	12
20797	1	0	0	11	0	12
20798	13	0	0	0	0	13
20799	1	0	0	13	0	14
20800	13	0	0	1	0	14
20801	1	12	0	0	0	13
20802	0	0	0	11	0	11
20803	1	11	0	0	0	12
20804	11	1	0	0	0	12
20805	11	0	0	1	0	12
20806	0	11	0	0	0	11
20807	1	0	0	11	0	12
20808	0	0	11	0	0	11
20809	0	1	0	11	0	12
20810	0	0	11	1	0	12
20811	0	0	1	10	0	11
20812	0	10	0	1	0	11
20813	11	0	1	0	0	12
20814	11	0	0	1	0	12
20815	0	1	0	11	0	12
20816	11	0	0	0	0	11
20817	1	0	0	11	0	12
20818	0	0	0	12	0	12
20819	1	0	0	11	0	12
20820	11	0	0	1	0	12
20821	11	0	0	1	0	12
20822	11	0	0	1	0	12
20823	1	11	0	0	0	12
20824	11	0	0	0	0	11
20825	0	10	0	0	0	10
20826	10	0	0	0	0	10
20827	1	0	0	10	0	11
20828	0	1	0	10	0	11
20829	10	0	0	0	0	10
20830	9	0	0	1	0	10
20831	0	9	0	1	0	10
20832	10	0	0	0	0	10
20833	1	0	0	9	0	10
20834	0	1	0	9	0	10
20835	10	0	0	0	0	10
20836	0	0	9	1	0	10
20837	0	9	0	1	0	10
20838	1	0	0	9	0	10
20839	0	0	6	0	0	6
20840	0	0	0	6	0	6
20841	6	0	0	0	0	6
20842	0	6	0	0	0	6
20843	0	6	0	0	0	6
20844	0	6	0	0	0	6
20845	0	0	0	7	0	7
20846	7	0	0	0	0	7
20847	0	0	0	7	0	7
20848	7	0	0	0	0	7
20849	7	0	0	0	0	7
20850	0	0	0	7	0	7
20851	7	0	0	0	0	7
20852	0	0	0	7	0	7
20853	0	0	7	0	0	7
20854	5	0	0	0	0	5
20855	0	0	7	0	0	7
20856	6	0	0	0	0	6
20857	0	0	7	0	0	7
20858	0	0	0	7	0	7
20859	0	0	0	7	0	7
20860	7	0	0	0	0	7
20861	0	0	0	7	0	7
20862	6	0	0	0	0	6
20863	0	7	0	0	0	7
20864	7	0	0	0	0	7
20865	0	0	0	7	0	7
20866	0	0	0	7	0	7
20867	0	0	0	7	0	7
20868	0	0	0	7	0	7
20869	0	0	7	0	0	7
20870	0	0	7	0	0	7
20871	0	0	0	5	0	5
20872	0	0	5	0	0	5
20873	0	3	0	0	0	3
20874	0	0	0	3	0	3
20875	0	0	2	0	0	2
20876	0	0	3	0	0	3
20877	0	0	0	4	0	4
20878	0	0	0	5	0	5
20879	0	5	0	0	0	5
20880	0	0	0	5	0	5
20881	0	0	5	0	0	5
20882	5	0	0	0	0	5
20883	0	0	0	5	0	5
20884	5	0	0	0	0	5
20885	5	0	0	0	0	5
20886	5	0	0	0	0	5
20887	0	0	5	0	0	5
20888	0	0	5	0	0	5
20889	5	0	0	0	0	5
20890	0	0	6	0	0	6
20891	0	0	0	6	0	6
20892	0	0	0	6	0	6
20893	0	0	6	0	0	6
20894	0	6	0	0	0	6
20895	5	0	0	0	0	5
20896	0	6	0	0	0	6
20897	0	6	0	0	0	6
20898	4	0	0	0	0	4
20899	0	0	4	0	0	4
20900	0	0	4	0	0	4
20901	0	0	0	4	0	4
20902	4	0	0	0	0	4
20903	0	4	0	0	0	4
20904	4	0	0	0	0	4
20905	0	0	4	0	0	4
20906	0	4	0	0	0	4
20907	0	0	0	4	0	4
20908	0	0	4	0	0	4
20909	0	0	0	4	0	4
20910	0	0	0	4	0	4
20911	0	0	0	4	0	4
20912	0	0	0	4	0	4
20913	4	0	0	0	0	4
20914	4	0	0	0	0	4
20915	0	0	4	0	0	4
20916	4	0	0	0	0	4
20917	0	4	0	0	0	4
20918	4	0	0	0	0	4
20919	0	0	4	0	0	4
20920	0	0	0	4	0	4
20921	0	0	4	0	0	4
20922	0	0	4	0	0	4
20923	0	0	0	4	0	4
20924	0	0	0	4	0	4
20925	0	0	4	0	0	4
20926	0	4	0	0	0	4
20927	0	4	0	0	0	4
20928	0	0	0	4	0	4
20929	4	0	0	0	0	4
20930	0	8	0	0	0	8
20931	0	0	8	0	0	8
20932	0	0	7	0	0	7
20933	0	0	8	0	0	8
20934	0	0	0	8	0	8
20935	8	0	0	0	0	8
20936	0	8	0	0	0	8
20937	0	0	8	0	0	8
20938	0	7	0	0	0	7
20939	0	0	0	8	0	8
20940	0	0	8	0	0	8
20941	0	8	0	0	0	8
20942	0	0	0	8	0	8
20943	0	0	0	8	0	8
20944	0	0	7	0	0	7
20945	0	0	0	6	0	6
20946	0	7	0	0	0	7
20947	0	0	7	0	0	7
20948	6	0	0	0	0	6
20949	0	0	0	7	0	7
20950	0	0	0	7	0	7
20951	0	7	0	0	0	7
20952	7	0	0	0	0	7
20953	0	0	7	0	0	7
20954	7	0	0	0	0	7
20955	0	0	0	7	0	7
20956	0	6	0	0	0	6
20957	0	0	0	7	0	7
20958	0	0	0	7	0	7
20959	7	0	0	0	0	7
20960	6	0	0	0	0	6
20961	0	0	0	7	0	7
20962	0	0	7	0	0	7
20963	6	0	0	0	0	6
20964	0	7	0	0	0	7
20965	0	0	0	7	0	7
20966	0	0	0	7	0	7
20967	0	0	0	7	0	7
20968	0	0	7	0	0	7
20969	0	0	0	6	0	6
20970	0	6	0	0	0	6
20971	0	0	0	7	0	7
20972	0	7	0	0	0	7
20973	0	0	0	7	0	7
20974	0	0	7	0	0	7
20975	5	0	0	0	0	5
20976	0	0	0	7	0	7
20977	0	0	5	0	0	5
20978	0	5	0	0	0	5
20979	4	0	0	0	0	4
20980	0	0	5	0	0	5
20981	5	0	0	0	0	5
20982	0	0	0	7	0	7
20983	0	0	0	7	0	7
20984	0	8	0	0	0	8
20985	7	0	0	0	0	7
20986	8	0	0	0	0	8
20987	0	8	0	0	0	8
20988	0	0	0	8	0	8
20989	0	0	0	8	0	8
20990	0	0	0	7	0	7
20991	0	0	7	0	0	7
20992	5	0	0	0	0	5
20993	0	0	0	7	0	7
20994	0	0	0	7	0	7
20995	0	0	9	0	0	9
20996	0	0	9	0	0	9
20997	0	0	0	9	0	9
20998	0	0	9	0	0	9
20999	9	0	0	0	0	9
21000	0	0	0	9	0	9
21001	0	0	0	9	0	9
21002	0	0	9	0	0	9
21003	0	0	0	12	0	12
21004	0	0	12	0	0	12
21005	0	11	0	0	0	11
21006	12	0	0	0	0	12
21007	12	0	0	0	0	12
21008	0	12	0	0	0	12
21009	0	0	0	12	0	12
21010	0	0	12	0	0	12
21011	0	0	0	12	0	12
21012	12	0	0	0	0	12
21013	0	12	0	0	0	12
21014	12	0	0	0	0	12
21015	0	0	0	12	0	12
21016	12	0	0	0	0	12
21017	0	12	0	0	0	12
21018	12	0	0	0	0	12
21019	0	0	12	0	0	12
21020	0	12	0	0	0	12
21021	0	0	0	12	0	12
21022	18	0	0	0	0	18
21023	18	0	0	0	0	18
21024	0	0	0	18	0	18
21025	18	0	0	0	0	18
21026	18	0	0	0	0	18
21027	18	0	0	0	0	18
21028	0	0	0	17	0	17
21029	0	0	18	0	0	18
21030	0	0	13	0	0	13
21031	0	0	13	0	0	13
21032	14	0	0	0	0	14
21033	0	0	0	14	0	14
21034	0	14	0	0	0	14
21035	0	0	0	14	0	14
21036	0	14	0	0	0	14
21037	14	0	0	0	0	14
21038	0	0	0	14	0	14
21039	0	0	0	14	0	14
21040	14	0	0	0	0	14
21041	0	0	0	14	0	14
21042	0	0	0	16	0	16
21043	17	0	0	0	0	17
21044	0	0	17	0	0	17
21045	0	0	0	17	0	17
21046	0	0	17	0	0	17
21047	17	0	0	0	0	17
21048	0	0	0	17	0	17
21049	17	0	0	0	0	17
21050	0	0	0	17	0	17
21051	0	0	18	0	0	18
21052	0	0	0	17	0	17
21053	18	0	0	0	0	18
21054	0	18	0	0	0	18
21055	0	0	18	0	0	18
21056	18	0	0	0	0	18
21057	0	22	0	0	0	22
21058	0	22	0	0	0	22
21059	0	23	0	0	0	23
21060	0	0	0	24	0	24
21061	24	0	0	0	0	24
21062	24	0	0	0	0	24
21063	0	0	24	0	0	24
21064	24	0	0	0	0	24
21065	0	23	0	0	0	23
21066	0	0	0	24	0	24
21067	24	0	0	0	0	24
21068	24	0	0	0	0	24
21069	24	0	0	0	0	24
21070	24	0	0	0	0	24
21071	24	0	0	0	0	24
21072	0	0	0	24	0	24
21073	0	0	24	0	0	24
21074	0	0	0	24	0	24
21075	0	0	0	24	0	24
21076	24	0	0	0	0	24
21077	0	23	0	0	0	23
21078	24	0	0	0	0	24
21079	24	0	0	0	0	24
21080	24	0	0	0	0	24
21081	24	0	0	0	0	24
21082	0	0	21	0	0	21
21083	22	0	0	0	0	22
21084	21	0	0	0	0	21
21085	18	0	0	0	0	18
21086	20	0	0	0	0	20
21087	0	0	0	21	0	21
21088	0	0	21	0	0	21
21089	21	0	0	0	0	21
21090	0	21	0	0	0	21
21091	3	0	0	18	0	21
21092	0	21	0	0	0	21
21093	0	0	0	21	0	21
21094	21	0	0	0	0	21
21095	20	0	0	0	0	20
21096	20	0	0	0	0	20
21097	0	0	20	0	0	20
21098	20	0	0	0	0	20
21099	0	0	20	0	0	20
21100	0	0	19	0	0	19
21101	0	0	21	0	0	21
21102	0	1	0	20	0	21
21103	0	0	0	18	0	18
21104	0	0	0	18	0	18
21105	0	0	0	18	0	18
21106	0	0	0	18	0	18
21107	0	0	0	18	0	18
21108	0	18	0	0	0	18
21109	17	0	0	0	0	17
21110	0	18	0	0	0	18
21111	0	0	0	18	0	18
21112	0	0	0	18	0	18
21113	18	0	0	0	0	18
21114	0	18	0	0	0	18
21115	18	0	0	0	0	18
21116	0	0	0	18	0	18
21117	0	0	0	18	0	18
21118	0	0	0	18	0	18
21119	0	0	18	0	0	18
21120	0	0	0	18	0	18
21121	0	0	18	0	0	18
21122	0	0	12	0	0	12
21123	0	0	12	0	0	12
21124	0	0	0	12	0	12
21125	0	0	0	12	0	12
21126	0	0	0	14	0	14
21127	14	0	0	0	0	14
21128	0	0	0	14	0	14
21129	15	0	0	0	0	15
21130	0	15	0	0	0	15
21131	16	0	0	0	0	16
21132	16	0	0	0	0	16
21133	0	16	0	0	0	16
21134	16	0	0	0	0	16
21135	16	0	0	0	0	16
21136	16	0	0	0	0	16
21137	15	0	0	0	0	15
21138	0	0	16	0	0	16
21139	0	16	0	0	0	16
21140	0	0	0	16	0	16
21141	16	0	0	0	0	16
21142	0	0	14	0	0	14
21143	0	13	0	0	0	13
21144	0	0	0	13	0	13
21145	0	13	0	0	0	13
21146	0	0	0	13	0	13
21147	0	0	0	13	0	13
21148	0	0	13	0	0	13
21149	0	0	12	0	0	12
21150	13	0	0	0	0	13
21151	0	0	12	0	0	12
21152	0	0	12	0	0	12
21153	0	0	0	12	0	12
21154	0	0	0	12	0	12
21155	0	11	0	0	0	11
21156	0	12	0	0	0	12
21157	0	0	8	0	0	8
21158	0	0	0	13	0	13
21159	0	0	11	0	0	11
21160	0	0	11	0	0	11
21161	0	11	0	0	0	11
21162	0	0	0	11	0	11
21163	11	0	0	0	0	11
21164	0	0	0	11	0	11
21165	11	0	0	0	0	11
21166	11	0	0	0	0	11
21167	11	0	0	0	0	11
21168	0	0	11	0	0	11
21169	13	0	0	0	0	13
21170	0	0	0	14	0	14
21171	14	0	0	0	0	14
21172	14	0	0	0	0	14
21173	0	14	0	0	0	14
21174	14	0	0	0	0	14
21175	0	0	14	0	0	14
21176	13	0	0	0	0	13
21177	13	0	0	0	0	13
21178	0	14	0	0	0	14
21179	14	0	0	0	0	14
21180	0	0	0	14	0	14
21181	0	0	0	13	0	13
21182	0	14	0	0	0	14
21183	0	0	0	14	0	14
21184	0	0	0	15	0	15
21185	0	0	15	0	0	15
21186	0	0	15	0	0	15
21187	14	1	0	0	0	15
21188	14	0	0	1	0	15
21189	1	0	0	14	0	15
21190	0	0	14	1	0	15
21191	1	14	0	0	0	15
21192	1	0	0	14	0	15
21193	1	0	14	0	0	15
21194	14	0	1	0	0	15
21195	1	0	0	13	0	14
21196	0	15	0	1	0	16
21197	1	0	0	15	0	16
21198	1	0	0	15	0	16
21199	0	1	0	15	0	16
21200	17	0	0	0	0	17
21201	0	0	1	16	0	17
21202	17	0	0	0	0	17
21203	17	0	0	0	0	17
21204	0	1	16	0	0	17
21205	1	16	0	0	0	17
21206	0	0	0	16	0	16
21207	0	16	0	1	0	17
21208	16	1	0	0	0	17
21209	0	0	0	17	0	17
21210	0	0	17	1	0	18
21211	0	0	18	0	0	18
21212	0	0	18	0	0	18
21213	17	0	0	0	0	17
21214	1	17	0	0	0	18
21215	16	0	0	2	0	18
21216	0	17	1	0	0	18
21217	0	1	0	17	0	18
21218	0	0	0	17	0	17
21219	0	17	1	0	0	18
21220	1	0	17	0	0	18
21221	0	17	0	1	0	18
21222	17	1	0	0	0	18
21223	0	0	0	18	0	18
21224	0	0	17	1	0	18
21225	0	0	17	1	0	18
21226	1	0	0	15	0	16
21227	0	0	15	1	0	16
21228	1	0	15	0	0	16
21229	15	0	0	0	0	15
21230	0	13	1	0	0	14
21231	13	1	0	0	0	14
21232	0	0	14	1	0	15
21233	0	15	0	0	0	15
21234	0	14	0	0	0	14
21235	2	0	0	13	0	15
21236	0	0	1	12	0	13
21237	0	0	1	12	0	13
21238	0	0	13	0	0	13
21239	0	0	0	12	0	12
21240	0	1	0	11	0	12
21241	13	0	0	0	0	13
21242	0	15	0	0	0	15
21243	0	0	0	15	0	15
21244	14	0	0	0	0	14
21245	14	1	0	0	0	15
21246	0	0	1	14	0	15
21247	0	1	14	0	0	15
21248	1	0	0	14	0	15
21249	0	0	14	1	0	15
21250	15	0	1	0	0	16
21251	15	0	1	0	0	16
21252	0	0	0	18	0	18
21253	0	0	19	1	0	20
21254	0	20	2	0	0	22
21255	1	2	22	0	0	25
21256	0	3	2	20	0	25
21257	1	22	0	1	0	24
21258	18	1	0	0	0	19
21259	2	0	0	19	0	21
21260	0	19	0	1	0	20
21261	19	2	0	0	0	21
21262	1	0	0	19	0	20
21263	0	18	0	2	0	20
21264	0	2	0	19	0	21
21265	0	0	19	2	0	21
21266	19	0	2	0	0	21
21267	20	0	0	0	0	20
21268	2	0	19	0	0	21
21269	0	16	2	0	0	18
21270	16	2	0	0	0	18
21271	2	0	0	16	0	18
21272	0	0	0	18	0	18
21273	0	0	0	18	0	18
21274	0	0	0	16	0	16
21275	0	0	0	18	0	18
21276	16	0	0	2	0	18
21277	18	0	0	0	0	18
21278	2	0	0	16	0	18
21279	0	0	0	18	0	18
21280	0	0	16	2	0	18
21281	0	0	18	0	0	18
21282	16	0	1	0	0	17
21283	2	0	0	16	0	18
21284	0	0	16	2	0	18
21285	0	0	1	16	0	17
21286	20	0	0	2	0	22
21287	22	0	0	0	0	22
21288	2	0	0	20	0	22
21289	0	0	0	22	0	22
21290	20	0	0	2	0	22
21291	2	0	0	20	0	22
21292	0	20	0	2	0	22
21293	0	2	0	20	0	22
21294	0	0	0	22	0	22
21295	0	0	20	2	0	22
21296	0	0	20	0	0	20
21297	0	18	2	0	0	20
21298	18	2	0	0	0	20
21299	19	0	0	0	0	19
21300	16	0	0	0	0	16
21301	2	16	0	0	0	18
21302	0	18	0	0	0	18
21303	16	2	0	0	0	18
21304	2	16	0	0	0	18
21305	0	2	16	0	0	18
21306	0	16	2	0	0	18
21307	0	2	16	0	0	18
21308	15	0	2	0	0	17
21309	17	0	0	0	0	17
21310	2	17	0	0	0	19
21311	17	2	0	0	0	19
21312	21	0	0	0	0	21
21313	21	0	0	0	0	21
21314	2	0	0	19	0	21
21315	19	0	0	2	0	21
21316	2	0	19	0	0	21
21317	19	0	2	0	0	21
21318	2	0	0	19	0	21
21319	0	0	19	2	0	21
21320	0	0	20	0	0	20
21321	0	0	2	19	0	21
21322	0	0	0	21	0	21
21323	19	0	0	2	0	21
21324	1	0	0	19	0	20
21325	0	0	19	2	0	21
21326	0	0	2	19	0	21
21327	0	19	0	2	0	21
21328	21	2	0	0	0	23
21329	2	0	0	21	0	23
21330	0	0	20	1	0	21
21331	0	21	2	0	0	23
21332	20	2	0	0	0	22
21333	2	0	0	20	0	22
21334	0	0	20	1	0	21
21335	0	20	1	0	0	21
21336	20	2	0	0	0	22
21337	22	0	0	0	0	22
21338	20	0	0	0	0	20
21339	2	0	0	19	0	21
21340	0	0	0	22	0	22
21341	20	0	0	2	0	22
21342	1	16	0	0	0	17
21343	18	2	0	0	0	20
21344	1	0	0	17	0	18
21345	18	0	0	2	0	20
21346	2	0	0	17	0	19
21347	0	0	0	20	0	20
21348	0	0	0	18	0	18
21349	0	0	0	20	0	20
21350	0	0	15	2	0	17
21351	0	0	17	0	0	17
21352	14	0	1	0	0	15
21353	1	0	13	0	0	14
21354	0	0	10	0	0	10
21355	8	0	0	0	0	8
21356	9	0	0	0	0	9
21357	0	0	0	14	0	14
21358	13	0	0	0	0	13
21359	0	12	0	0	0	12
21360	13	0	0	0	0	13
21361	13	0	0	0	0	13
21362	17	0	0	0	0	17
21363	0	0	0	17	0	17
21364	0	16	0	0	0	16
21365	0	16	0	0	0	16
21366	17	0	0	0	0	17
21367	17	0	0	0	0	17
21368	0	0	0	17	0	17
21369	0	0	0	17	0	17
21370	0	16	0	0	0	16
21371	17	0	0	0	0	17
21372	0	0	17	0	0	17
21373	0	0	0	17	0	17
21374	0	0	0	17	0	17
21375	0	0	16	0	0	16
21376	0	0	0	17	0	17
21377	0	15	0	0	0	15
21378	0	0	0	17	0	17
21379	0	0	0	16	0	16
21380	0	16	0	0	0	16
21381	0	17	0	0	0	17
21382	0	0	0	17	0	17
21383	17	0	0	0	0	17
21384	0	0	0	16	0	16
21385	0	0	0	16	0	16
21386	0	13	0	0	0	13
21387	0	0	0	14	0	14
21388	0	0	0	14	0	14
21389	0	0	0	14	0	14
21390	14	0	0	0	0	14
21391	0	0	0	14	0	14
21392	0	0	0	14	0	14
21393	0	0	0	14	0	14
21394	0	0	14	0	0	14
21395	13	0	0	0	0	13
21396	0	14	0	0	0	14
21397	14	0	0	0	0	14
21398	0	0	0	14	0	14
21399	0	0	13	0	0	13
21400	13	0	0	0	0	13
21401	0	0	19	0	0	19
21402	0	0	0	19	0	19
21403	19	0	0	0	0	19
21404	19	0	0	0	0	19
21405	18	0	0	0	0	18
21406	0	0	0	19	0	19
21407	0	0	0	19	0	19
21408	0	0	0	19	0	19
21409	0	18	0	0	0	18
21410	0	17	0	0	0	17
21411	0	17	0	0	0	17
21412	0	16	0	0	0	16
21413	0	0	0	17	0	17
21414	0	0	0	17	0	17
21415	17	0	0	0	0	17
21416	17	0	0	0	0	17
21417	17	0	0	0	0	17
21418	0	0	0	17	0	17
21419	0	0	0	17	0	17
21420	17	0	0	0	0	17
21421	15	0	0	0	0	15
21422	0	0	16	0	0	16
21423	0	0	18	0	0	18
21424	0	0	19	0	0	19
21425	0	0	17	0	0	17
21426	0	0	0	19	0	19
21427	19	0	0	0	0	19
21428	0	18	0	0	0	18
21429	0	0	0	18	0	18
21430	0	0	19	0	0	19
21431	0	20	0	0	0	20
21432	0	0	0	20	0	20
21433	0	0	21	0	0	21
21434	0	0	0	21	0	21
21435	0	0	0	21	0	21
21436	22	0	0	0	0	22
21437	0	0	0	22	0	22
21438	0	0	22	0	0	22
21439	0	0	0	22	0	22
21440	0	22	0	0	0	22
21441	0	0	0	25	0	25
21442	0	0	0	28	0	28
21443	0	0	0	28	0	28
21444	28	0	0	0	0	28
21445	30	0	0	0	0	30
21446	31	0	0	0	0	31
21447	31	0	0	0	0	31
21448	0	0	31	0	0	31
21449	31	0	0	0	0	31
21450	31	0	0	0	0	31
21451	0	0	30	0	0	30
21452	0	0	34	0	0	34
21453	0	0	0	34	0	34
21454	0	34	0	0	0	34
21455	34	0	0	0	0	34
21456	34	0	0	0	0	34
21457	30	0	0	0	0	30
21458	0	0	0	29	0	29
21459	0	30	0	0	0	30
21460	31	0	0	0	0	31
21461	33	0	0	0	0	33
21462	0	0	0	31	0	31
21463	0	0	29	0	0	29
21464	28	0	0	0	0	28
21465	0	0	0	31	0	31
21466	31	0	0	0	0	31
21467	0	0	0	31	0	31
21468	0	0	31	0	0	31
21469	34	0	0	0	0	34
21470	0	0	0	34	0	34
21471	0	0	0	34	0	34
21472	0	0	0	34	0	34
21473	0	0	0	34	0	34
21474	34	0	0	0	0	34
21475	0	0	0	33	0	33
21476	0	34	0	0	0	34
21477	0	0	0	33	0	33
21478	0	34	0	0	0	34
21479	0	0	0	33	0	33
21480	0	0	0	34	0	34
21481	0	34	0	0	0	34
21482	0	0	0	34	0	34
21483	0	0	0	34	0	34
21484	34	0	0	0	0	34
21485	0	0	34	0	0	34
21486	0	0	0	34	0	34
21487	34	0	0	0	0	34
21488	34	0	0	0	0	34
21489	34	0	0	0	0	34
21490	0	0	33	0	0	33
21491	0	0	32	0	0	32
21492	0	0	0	33	0	33
21493	33	0	0	0	0	33
21494	0	0	33	0	0	33
21495	32	0	0	0	0	32
21496	0	37	0	0	0	37
21497	0	0	0	39	0	39
21498	0	0	0	38	0	38
21499	39	0	0	0	0	39
21500	0	0	0	40	0	40
21501	35	0	0	0	0	35
21502	35	0	0	0	0	35
21503	0	0	0	36	0	36
21504	0	0	0	36	0	36
21505	35	0	0	0	0	35
21506	0	0	39	0	0	39
21507	37	0	0	0	0	37
21508	0	0	42	0	0	42
21509	41	0	0	0	0	41
21510	44	0	0	0	0	44
21511	44	0	0	0	0	44
21512	42	0	0	0	0	42
21513	0	41	0	0	0	41
21514	42	0	0	0	0	42
21515	41	0	0	0	0	41
21516	0	45	0	0	0	45
21517	45	0	0	0	0	45
21518	0	0	45	0	0	45
21519	49	0	0	0	0	49
21520	0	0	48	0	0	48
21521	0	0	0	49	0	49
21522	0	0	0	48	0	48
21523	0	0	49	0	0	49
21524	0	0	0	50	0	50
21525	0	0	0	39	0	39
21526	51	0	0	0	0	51
21527	0	0	0	50	0	50
21528	0	0	0	51	0	51
21529	0	0	0	51	0	51
21530	0	50	0	0	0	50
21531	0	0	0	49	0	49
21532	52	0	0	0	0	52
21533	0	0	50	0	0	50
21534	0	0	0	49	0	49
21535	0	0	50	0	0	50
21536	48	0	0	0	0	48
21537	0	0	0	49	0	49
21538	0	0	68	0	0	68
21539	0	0	2	69	0	71
21540	0	0	0	70	0	70
21541	0	65	0	2	0	67
21542	0	2	0	62	0	64
21543	0	0	0	64	0	64
21544	0	0	67	2	0	69
21545	0	0	2	64	0	66
21546	0	0	0	66	0	66
21547	64	0	0	2	0	66
21548	68	0	0	0	0	68
21549	2	66	0	0	0	68
21550	67	2	0	0	0	69
21551	69	0	0	0	0	69
21552	2	68	0	0	0	70
21553	0	2	0	68	0	70
21554	68	0	0	2	0	70
21555	70	0	1	0	0	71
21556	71	0	0	1	0	72
21557	2	70	0	0	0	72
21558	0	2	72	0	0	74
21559	70	0	2	0	0	72
21560	75	0	0	0	0	75
21561	3	69	1	0	0	73
21562	67	3	0	0	0	70
21563	73	0	0	0	0	73
21564	3	0	0	69	0	72
21565	0	0	72	3	0	75
21566	0	0	3	71	0	74
21567	0	0	0	75	0	75
21568	0	0	0	76	0	76
21569	0	0	69	3	0	72
21570	0	0	3	69	0	72
21571	0	0	0	72	0	72
21572	0	0	0	71	0	71
21573	0	0	0	73	0	73
21574	0	0	0	71	0	71
21575	0	70	0	3	0	73
21576	0	3	0	70	0	73
21577	0	0	0	78	0	78
21578	0	0	75	3	0	78
21579	0	0	3	88	0	91
21580	0	0	2	91	0	93
21581	0	0	0	96	0	96
21582	0	0	0	98	0	98
21583	93	0	0	5	0	98
21584	3	0	0	95	0	98
21585	2	0	0	96	0	98
21586	0	0	92	5	0	97
21587	0	93	3	2	0	98
21588	0	96	2	0	0	98
21589	93	3	0	0	0	96
21590	3	94	0	0	0	97
21591	2	3	1	93	0	99
21592	95	2	1	4	0	102
21593	3	0	96	4	0	103
21594	3	0	3	96	0	102
21595	1	97	2	2	0	102
21596	0	3	0	91	0	94
21597	1	93	0	4	0	98
21598	1	3	1	92	0	97
21599	91	3	0	4	0	98
21600	3	0	93	4	0	100
21601	4	0	3	91	0	98
21602	2	95	2	2	0	101
21603	93	4	0	2	0	99
21604	4	2	90	0	0	96
21605	3	0	3	91	0	97
21606	1	1	91	3	0	96
21607	1	0	3	91	0	95
21608	1	0	88	3	0	92
21609	2	0	3	88	0	93
21610	2	0	2	84	0	88
21611	83	1	0	6	0	90
21612	85	0	2	2	0	89
21613	7	0	0	82	0	89
21614	3	83	0	4	0	90
21615	0	4	0	88	0	92
21616	2	2	0	85	0	89
21617	83	1	0	6	0	90
21618	3	82	0	5	0	90
21619	79	3	1	2	0	85
21620	78	2	0	2	0	82
21621	6	78	0	2	0	86
21622	2	83	0	1	0	86
21623	76	5	2	1	0	84
21624	4	1	75	3	0	83
21625	78	0	4	2	0	84
21626	77	1	1	3	0	82
21627	6	75	0	3	0	84
21628	4	3	0	71	0	78
21629	0	78	0	6	0	84
21630	76	3	1	2	0	82
21631	78	2	1	3	0	84
21632	4	1	0	74	0	79
21633	2	1	0	77	0	80
21634	71	1	1	6	0	79
21635	3	74	0	4	0	81
21636	3	72	0	3	0	78
21637	2	76	0	1	0	79
21638	0	54	1	2	0	57
21639	1	57	0	2	0	60
21640	0	5	1	54	0	60
21641	0	1	55	4	0	60
21642	0	56	1	3	0	60
21643	55	1	3	2	0	61
21644	2	2	0	52	0	56
21645	53	0	1	2	0	56
21646	1	51	0	4	0	56
21647	53	2	0	1	0	56
21648	2	51	0	0	0	53
21649	2	1	1	49	0	53
21650	46	2	0	2	0	50
21651	48	0	1	2	0	51
21652	3	0	0	47	0	50
21653	2	0	1	47	0	50
21654	0	47	0	4	0	51
21655	0	1	0	48	0	49
21656	1	0	0	46	0	47
21657	1	0	0	46	0	47
21658	1	43	0	3	0	47
21659	42	1	1	2	0	46
21660	0	43	0	2	0	45
21661	44	1	0	1	0	46
21662	1	45	0	1	0	47
21663	2	2	41	0	0	45
21664	1	2	0	43	0	46
21665	2	0	42	0	0	44
21666	0	1	40	2	0	43
21667	0	1	1	41	0	43
21668	1	1	39	0	0	41
21669	1	0	1	41	0	43
21670	1	0	3	38	0	42
21671	1	0	0	42	0	43
21672	39	1	1	2	0	43
21673	0	0	0	43	0	43
21674	2	1	1	39	0	43
21675	40	0	0	3	0	43
21676	1	39	0	3	0	43
21677	1	32	0	1	0	34
21678	1	33	0	2	0	36
21679	0	0	0	24	0	24
21680	0	1	21	0	0	22
21681	16	0	1	1	0	18
21682	0	16	0	1	0	17
21683	17	0	0	0	0	17
21684	16	1	0	0	0	17
21685	17	0	0	0	0	17
21686	1	0	16	0	0	17
21687	0	1	0	16	0	17
21688	0	1	0	16	0	17
21689	1	0	0	16	0	17
21690	0	0	1	16	0	17
21691	1	16	0	0	0	17
21692	14	0	0	0	0	14
21693	0	0	12	0	0	12
21694	12	0	0	0	0	12
21695	0	0	0	12	0	12
21696	0	12	0	0	0	12
21697	0	12	0	0	0	12
21698	0	0	0	12	0	12
21699	0	12	0	0	0	12
21700	9	0	0	0	0	9
21701	0	0	9	0	0	9
21702	0	0	0	7	0	7
21703	0	0	0	7	0	7
21704	0	0	0	7	0	7
21705	0	0	0	7	0	7
21706	7	0	0	0	0	7
21707	0	7	0	0	0	7
21708	7	0	0	0	0	7
21709	0	0	0	7	0	7
21710	0	0	0	8	0	8
21711	0	8	0	0	0	8
21712	8	0	0	0	0	8
21713	8	0	0	0	0	8
21714	0	9	0	0	0	9
21715	0	0	0	7	0	7
21716	0	7	0	0	0	7
21717	7	0	0	0	0	7
21718	0	0	7	0	0	7
21719	0	0	7	0	0	7
21720	6	0	0	0	0	6
21721	0	6	0	0	0	6
21722	0	0	0	6	0	6
21723	0	0	0	6	0	6
21724	0	0	5	1	0	6
21725	0	0	0	6	0	6
21726	0	0	0	6	0	6
21727	0	6	0	0	0	6
21728	0	0	0	6	0	6
21729	0	0	0	6	0	6
21730	6	0	0	0	0	6
21731	0	6	0	0	0	6
21732	0	6	0	0	0	6
21733	0	0	0	6	0	6
21734	0	0	0	6	0	6
21735	0	0	0	6	0	6
21736	0	6	0	0	0	6
21737	0	0	0	6	0	6
21738	0	0	0	4	0	4
21739	0	0	0	4	0	4
21740	0	0	0	4	0	4
21741	0	3	0	0	0	3
21742	0	3	0	0	0	3
21743	3	0	0	0	0	3
21744	3	0	0	0	0	3
21745	0	0	0	3	0	3
21746	0	0	3	0	0	3
21747	0	0	0	3	0	3
21748	0	0	0	3	0	3
21749	3	0	0	0	0	3
21750	0	3	0	0	0	3
21751	0	0	0	3	0	3
21752	0	0	0	3	0	3
21753	0	0	3	0	0	3
21754	0	0	3	0	0	3
21755	0	0	0	3	0	3
21756	0	0	0	3	0	3
21757	0	3	0	0	0	3
21758	0	3	0	0	0	3
21759	3	0	0	0	0	3
21760	0	0	0	3	0	3
21761	0	0	2	0	0	2
21762	0	2	0	0	0	2
21763	0	0	0	2	0	2
21764	2	0	0	0	0	2
21765	0	0	0	2	0	2
21766	2	0	0	0	0	2
21767	0	2	0	0	0	2
21768	2	0	0	0	0	2
21769	0	0	0	2	0	2
21770	0	0	3	0	0	3
21771	0	0	0	3	0	3
21772	0	3	0	0	0	3
21773	0	0	0	3	0	3
21774	0	4	0	0	0	4
21775	0	0	0	4	0	4
21776	0	0	4	0	0	4
21777	0	0	4	0	0	4
21778	0	0	4	0	0	4
21779	4	0	0	0	0	4
21780	0	4	0	0	0	4
21781	0	5	0	0	0	5
21782	5	0	0	0	0	5
21783	5	0	0	0	0	5
21784	0	0	0	5	0	5
21785	0	0	5	0	0	5
21786	0	0	5	0	0	5
21787	0	0	0	5	0	5
21788	5	0	0	0	0	5
21789	0	5	0	0	0	5
21790	0	0	0	5	0	5
21791	5	0	0	0	0	5
21792	5	0	0	0	0	5
21793	0	0	5	0	0	5
21794	4	0	0	0	0	4
21795	0	0	5	0	0	5
21796	0	0	5	0	0	5
21797	0	0	0	5	0	5
21798	0	0	0	5	0	5
21799	0	0	0	5	0	5
21800	0	0	5	0	0	5
21801	5	0	0	0	0	5
21802	0	0	0	5	0	5
21803	5	0	0	0	0	5
21804	5	0	0	0	0	5
21805	0	5	0	0	0	5
21806	0	5	0	0	0	5
21807	0	5	0	0	0	5
21808	0	0	0	5	0	5
21809	0	0	5	0	0	5
21810	0	0	0	4	0	4
21811	0	4	0	0	0	4
21812	0	4	0	0	0	4
21813	0	0	0	4	0	4
21814	3	0	0	0	0	3
21815	0	3	0	0	0	3
21816	0	3	0	0	0	3
21817	3	0	0	0	0	3
21818	0	0	0	3	0	3
21819	0	0	0	3	0	3
21820	0	0	0	3	0	3
21821	3	0	0	0	0	3
21822	3	0	0	0	0	3
21823	0	0	0	3	0	3
21824	0	0	3	0	0	3
21825	6	0	0	0	0	6
21826	0	0	0	6	0	6
21827	0	0	6	0	0	6
21828	0	0	6	0	0	6
21829	0	0	0	6	0	6
21830	0	0	6	0	0	6
21831	0	0	0	6	0	6
21832	0	0	0	5	0	5
21833	0	0	0	6	0	6
21834	6	0	0	0	0	6
21835	0	0	0	6	0	6
21836	0	0	0	6	0	6
21837	0	0	0	6	0	6
21838	0	0	0	6	0	6
21839	0	0	6	0	0	6
21840	0	6	0	0	0	6
21841	0	0	0	6	0	6
21842	0	0	0	6	0	6
21843	0	6	0	0	0	6
21844	0	6	0	0	0	6
21845	6	0	0	0	0	6
21846	0	6	0	0	0	6
21847	0	0	0	6	0	6
21848	0	0	6	0	0	6
21849	6	0	0	0	0	6
21850	0	0	6	0	0	6
21851	6	0	0	0	0	6
21852	5	0	0	0	0	5
21853	0	0	6	0	0	6
21854	0	0	0	6	0	6
21855	0	6	0	0	0	6
21856	0	0	0	6	0	6
21857	6	0	0	0	0	6
21858	6	0	0	0	0	6
21859	0	6	0	0	0	6
21860	6	0	0	0	0	6
21861	0	0	0	6	0	6
21862	6	0	0	0	0	6
21863	6	0	0	0	0	6
21864	0	0	0	6	0	6
21865	6	0	0	0	0	6
21866	6	0	0	0	0	6
21867	0	0	6	0	0	6
21868	6	0	0	0	0	6
21869	0	0	6	0	0	6
21870	0	0	5	0	0	5
21871	0	6	0	0	0	6
21872	0	0	0	6	0	6
21873	0	0	6	0	0	6
21874	0	0	5	0	0	5
21875	5	0	0	0	0	5
21876	0	0	0	5	0	5
21877	0	0	0	5	0	5
21878	0	0	0	5	0	5
21879	0	0	0	5	0	5
21880	0	0	0	5	0	5
21881	0	0	4	0	0	4
21882	0	0	3	0	0	3
21883	0	0	0	4	0	4
21884	3	0	0	0	0	3
21885	0	4	0	0	0	4
21886	0	0	0	4	0	4
21887	4	0	0	0	0	4
21888	0	4	0	0	0	4
21889	0	0	0	4	0	4
21890	0	0	0	4	0	4
21891	0	0	0	4	0	4
21892	4	0	0	0	0	4
21893	0	0	4	0	0	4
21894	4	0	0	0	0	4
21895	0	0	0	4	0	4
21896	0	0	0	4	0	4
21897	0	4	0	0	0	4
21898	0	0	4	0	0	4
21899	4	0	0	0	0	4
21900	4	0	0	0	0	4
21901	0	0	4	0	0	4
21902	4	0	0	0	0	4
21903	0	4	0	0	0	4
21904	0	4	0	0	0	4
21905	0	4	0	0	0	4
21906	4	0	0	0	0	4
21907	0	0	4	0	0	4
21908	0	0	0	4	0	4
21909	0	4	0	0	0	4
21910	0	4	0	0	0	4
21911	0	4	0	0	0	4
21912	0	0	0	3	0	3
21913	2	0	0	0	0	2
21914	0	4	0	0	0	4
21915	0	0	0	4	0	4
21916	0	0	0	4	0	4
21917	3	0	0	0	0	3
21918	0	0	0	3	0	3
21919	0	0	0	4	0	4
21920	0	0	4	0	0	4
21921	0	0	0	4	0	4
21922	0	0	0	4	0	4
21923	3	0	0	0	0	3
21924	3	0	0	0	0	3
21925	0	0	0	1	0	1
21926	3	0	0	0	0	3
21927	3	0	0	0	0	3
21928	0	3	0	0	0	3
21929	0	0	3	0	0	3
21930	0	3	0	0	0	3
21931	0	0	0	3	0	3
21932	3	0	0	0	0	3
21933	0	3	0	0	0	3
21934	0	0	0	3	0	3
21935	3	0	0	0	0	3
21936	3	0	0	0	0	3
21937	0	0	0	3	0	3
21938	0	0	4	0	0	4
21939	0	0	0	4	0	4
21940	0	0	0	4	0	4
21941	0	0	4	0	0	4
21942	0	0	0	4	0	4
21943	0	0	0	4	0	4
21944	4	0	0	0	0	4
21945	0	0	0	4	0	4
21946	0	0	0	4	0	4
21947	4	0	0	0	0	4
21948	4	0	0	0	0	4
21949	4	0	0	0	0	4
21950	0	0	4	0	0	4
21951	0	0	0	4	0	4
21952	0	4	0	0	0	4
21953	0	0	0	4	0	4
21954	0	0	6	0	0	6
21955	0	0	0	6	0	6
21956	0	0	6	0	0	6
21957	6	0	0	0	0	6
21958	6	0	0	0	0	6
21959	0	0	0	6	0	6
21960	0	0	0	6	0	6
21961	0	0	0	6	0	6
21962	0	6	0	0	0	6
21963	6	0	0	0	0	6
21964	6	0	0	0	0	6
21965	0	0	0	6	0	6
21966	0	0	0	6	0	6
21967	0	0	0	6	0	6
21968	0	0	0	6	0	6
21969	0	0	6	0	0	6
21970	0	0	0	6	0	6
21971	5	0	0	0	0	5
21972	5	0	0	0	0	5
21973	0	0	0	5	0	5
21974	0	0	5	0	0	5
21975	5	0	0	0	0	5
21976	0	0	0	5	0	5
21977	0	5	0	0	0	5
21978	0	5	0	0	0	5
21979	5	0	0	0	0	5
21980	0	0	0	5	0	5
21981	0	0	0	4	0	4
21982	0	0	0	5	0	5
21983	0	0	0	5	0	5
21984	0	0	0	5	0	5
21985	0	0	5	0	0	5
21986	0	0	5	0	0	5
21987	0	0	5	0	0	5
21988	0	0	0	5	0	5
21989	0	0	5	0	0	5
21990	0	0	0	5	0	5
21991	0	0	0	5	0	5
21992	0	0	0	5	0	5
21993	4	0	0	0	0	4
21994	0	0	0	5	0	5
21995	0	0	0	5	0	5
21996	5	0	0	0	0	5
21997	0	5	0	0	0	5
21998	0	7	0	0	0	7
21999	7	0	0	0	0	7
22000	0	7	0	0	0	7
22001	7	0	0	0	0	7
22002	7	0	0	0	0	7
22003	7	0	0	0	0	7
22004	7	0	0	0	0	7
22005	7	0	0	0	0	7
22006	0	7	0	0	0	7
22007	7	0	0	0	0	7
22008	7	0	0	0	0	7
22009	0	9	0	0	0	9
22010	9	0	0	0	0	9
22011	9	0	0	0	0	9
22012	12	0	0	0	0	12
22013	12	0	0	0	0	12
22014	1	0	14	0	0	15
22015	1	0	0	13	0	14
22016	0	0	1	14	0	15
22017	0	0	14	1	0	15
22018	0	0	14	1	0	15
22019	14	0	1	0	0	15
22020	0	0	1	14	0	15
22021	1	0	14	0	0	15
22022	0	0	13	0	0	13
22023	14	0	0	0	0	14
22024	14	0	1	0	0	15
22025	15	0	0	0	0	15
22026	1	0	12	0	0	13
22027	1	0	0	12	0	13
22028	0	0	13	0	0	13
22029	12	0	0	1	0	13
22030	0	0	13	0	0	13
22031	1	0	0	12	0	13
22032	0	0	1	12	0	13
22033	0	12	0	1	0	13
22034	12	0	0	0	0	12
22035	0	1	12	0	0	13
22036	13	0	0	0	0	13
22037	0	0	16	0	0	16
22038	1	0	0	14	0	15
22039	0	0	1	14	0	15
22040	0	0	0	15	0	15
22041	14	0	0	1	0	15
22042	0	0	0	15	0	15
22043	1	0	0	14	0	15
22044	0	14	0	1	0	15
22045	0	0	0	15	0	15
22046	14	1	0	0	0	15
22047	0	0	14	1	0	15
22048	1	0	0	14	0	15
22049	0	0	14	0	0	14
22050	0	13	0	1	0	14
22051	0	0	14	0	0	14
22052	13	1	0	0	0	14
22053	14	0	1	0	0	15
22054	1	0	0	12	0	13
22055	13	0	0	0	0	13
22056	12	0	0	1	0	13
22057	1	0	0	12	0	13
22058	1	0	0	11	0	12
22059	0	0	11	1	0	12
22060	0	12	0	1	0	13
22061	12	0	1	0	0	13
22062	0	13	0	0	0	13
22063	1	0	0	12	0	13
22064	0	1	0	12	0	13
22065	0	0	0	13	0	13
22066	0	0	0	13	0	13
22067	0	0	12	1	0	13
22068	12	0	0	1	0	13
22069	11	0	1	0	0	12
22070	1	0	1	12	0	14
22071	13	0	0	1	0	14
22072	0	0	0	14	0	14
22073	1	0	13	0	0	14
22074	0	0	1	13	0	14
22075	1	12	1	0	0	14
22076	0	0	0	13	0	13
22077	0	13	1	0	0	14
22078	0	0	1	13	0	14
22079	1	13	0	0	0	14
22080	13	0	0	1	0	14
22081	1	1	12	0	0	14
22082	1	12	1	0	0	14
22083	0	12	1	1	0	14
22084	0	1	1	11	0	13
22085	1	0	0	11	0	12
22086	0	0	1	12	0	13
22087	0	0	0	14	0	14
22088	0	12	0	2	0	14
22089	0	1	0	13	0	14
22090	1	0	0	12	0	13
22091	12	0	1	1	0	14
22092	1	0	0	13	0	14
22093	1	0	13	0	0	14
22094	0	0	11	2	0	13
22095	10	0	1	1	0	12
22096	0	12	1	1	0	14
22097	2	14	0	0	0	16
22098	0	1	0	13	0	14
22099	0	1	0	13	0	14
22100	0	1	12	1	0	14
22101	12	0	0	2	0	14
22102	13	0	1	0	0	14
22103	1	0	14	0	0	15
22104	1	0	13	1	0	15
22105	13	0	2	0	0	15
22106	13	1	1	0	0	15
22107	14	0	1	0	0	15
22108	15	0	0	0	0	15
22109	2	11	0	0	0	13
22110	11	0	0	1	0	12
22111	1	0	10	0	0	11
22112	1	0	12	0	0	13
22113	0	0	13	1	0	14
22114	0	0	0	10	0	10
22115	10	0	0	0	0	10
22116	10	0	0	0	0	10
22117	0	0	0	10	0	10
22118	0	0	0	10	0	10
22119	0	0	0	9	0	9
22120	0	14	0	0	0	14
22121	14	0	0	1	0	15
22122	16	0	0	0	0	16
22123	15	0	0	0	0	15
22124	16	0	0	0	0	16
22125	16	0	0	0	0	16
22126	0	0	0	16	0	16
22127	0	16	0	0	0	16
22128	0	0	0	15	0	15
22129	0	0	0	16	0	16
22130	16	0	0	0	0	16
22131	0	0	16	0	0	16
22132	0	0	18	0	0	18
22133	0	0	16	0	0	16
22134	17	0	0	0	0	17
22135	18	0	0	0	0	18
22136	0	0	0	22	0	22
22137	0	0	0	18	0	18
22138	0	0	0	19	0	19
22139	0	0	19	0	0	19
22140	0	0	0	19	0	19
22141	0	0	22	0	0	22
22142	0	0	0	22	0	22
22143	0	0	0	22	0	22
22144	0	0	0	22	0	22
22145	22	0	0	0	0	22
22146	21	0	0	0	0	21
22147	0	0	22	0	0	22
22148	21	0	0	0	0	21
22149	22	0	0	0	0	22
22150	0	0	0	21	0	21
22151	22	0	0	0	0	22
22152	0	0	0	22	0	22
22153	0	0	0	22	0	22
22154	0	0	22	0	0	22
22155	22	0	0	0	0	22
22156	0	0	0	22	0	22
22157	0	0	22	0	0	22
22158	0	0	22	0	0	22
22159	0	0	0	22	0	22
22160	0	0	0	22	0	22
22161	22	0	0	0	0	22
22162	0	0	0	22	0	22
22163	0	0	0	22	0	22
22164	0	0	0	22	0	22
22165	0	0	0	27	0	27
22166	30	0	0	0	0	30
22167	30	0	0	0	0	30
22168	30	0	0	0	0	30
22169	29	0	0	0	0	29
22170	0	0	0	32	0	32
22171	32	0	0	0	0	32
22172	0	0	0	32	0	32
22173	32	0	0	0	0	32
22174	0	0	0	32	0	32
22175	0	0	0	32	0	32
22176	0	32	0	0	0	32
22177	0	0	0	32	0	32
22178	32	0	0	0	0	32
22179	32	0	0	0	0	32
22180	0	0	32	0	0	32
22181	0	32	0	0	0	32
22182	32	0	0	0	0	32
22183	0	32	0	0	0	32
22184	32	0	0	0	0	32
22185	0	31	0	0	0	31
22186	0	0	32	0	0	32
22187	0	31	0	0	0	31
22188	0	32	0	0	0	32
22189	0	0	0	32	0	32
22190	33	0	0	0	0	33
22191	0	0	0	33	0	33
22192	0	0	0	31	0	31
22193	33	0	0	0	0	33
22194	33	0	0	0	0	33
22195	0	0	0	33	0	33
22196	0	0	0	33	0	33
22197	0	0	0	31	0	31
22198	31	0	0	0	0	31
22199	0	0	31	0	0	31
22200	0	0	0	30	0	30
22201	0	0	30	0	0	30
22202	0	31	0	0	0	31
22203	0	0	30	0	0	30
22204	0	0	0	29	0	29
22205	0	0	29	0	0	29
22206	27	0	0	0	0	27
22207	0	0	0	30	0	30
22208	0	32	0	0	0	32
22209	0	0	0	32	0	32
22210	0	32	0	0	0	32
22211	0	32	0	0	0	32
22212	0	28	0	0	0	28
22213	0	0	0	28	0	28
22214	0	28	0	0	0	28
22215	28	0	0	0	0	28
22216	0	0	27	0	0	27
22217	0	0	24	0	0	24
22218	0	0	26	0	0	26
22219	0	0	0	25	0	25
22220	0	0	0	24	0	24
22221	0	0	0	22	0	22
22222	0	0	0	22	0	22
22223	0	0	0	22	0	22
22224	0	23	0	0	0	23
22225	0	0	21	0	0	21
22226	0	0	21	0	0	21
22227	0	22	0	0	0	22
22228	0	0	0	22	0	22
22229	0	0	0	23	0	23
22230	0	0	0	22	0	22
22231	22	0	0	0	0	22
22232	0	0	21	0	0	21
22233	21	0	0	0	0	21
22234	21	0	0	0	0	21
22235	0	21	0	0	0	21
22236	0	17	0	0	0	17
22237	17	0	0	0	0	17
22238	0	0	0	17	0	17
22239	0	0	0	17	0	17
22240	0	0	17	0	0	17
22241	0	0	14	0	0	14
22242	0	0	0	14	0	14
22243	16	0	0	0	0	16
22244	0	0	16	0	0	16
22245	18	0	0	0	0	18
22246	0	0	0	18	0	18
22247	0	0	0	18	0	18
22248	0	0	0	18	0	18
22249	0	0	18	0	0	18
22250	0	17	0	0	0	17
22251	0	20	0	0	0	20
22252	23	0	0	0	0	23
22253	23	0	0	0	0	23
22254	0	0	0	23	0	23
22255	23	0	0	0	0	23
22256	0	0	21	0	0	21
22257	0	0	23	0	0	23
22258	0	0	0	24	0	24
22259	24	0	0	0	0	24
22260	0	0	0	24	0	24
22261	0	0	0	24	0	24
22262	24	0	0	0	0	24
22263	23	0	0	0	0	23
22264	0	24	0	0	0	24
22265	19	0	0	0	0	19
22266	0	0	0	15	0	15
22267	0	16	0	0	0	16
22268	16	0	0	0	0	16
22269	0	16	0	0	0	16
22270	0	0	0	14	0	14
22271	14	0	0	0	0	14
22272	0	0	14	0	0	14
22273	0	0	14	0	0	14
22274	0	0	0	13	0	13
22275	0	0	0	14	0	14
22276	0	0	0	14	0	14
22277	0	19	0	0	0	19
22278	19	2	0	0	0	21
22279	20	0	0	1	0	21
22280	17	1	0	2	0	20
22281	1	21	0	0	0	22
22282	2	1	0	19	0	22
22283	0	2	0	20	0	22
22284	1	0	0	20	0	21
22285	20	0	1	0	0	21
22286	0	19	3	0	0	22
22287	0	0	2	20	0	22
22288	0	0	0	22	0	22
22289	0	0	18	3	0	21
22290	0	19	0	2	0	21
22291	1	2	0	18	0	21
22292	3	0	0	18	0	21
22293	3	0	0	17	0	20
22294	20	1	0	0	0	21
22295	0	20	0	1	0	21
22296	18	0	0	3	0	21
22297	0	0	0	21	0	21
22298	19	0	0	2	0	21
22299	2	1	18	0	0	21
22300	18	2	0	1	0	21
22301	18	0	0	3	0	21
22302	0	0	18	2	0	20
22303	0	1	2	17	0	20
22304	0	2	0	18	0	20
22305	17	0	0	3	0	20
22306	0	0	0	20	0	20
22307	1	0	0	20	0	21
22308	2	1	0	16	0	19
22309	1	2	16	0	0	19
22310	18	0	0	1	0	19
22311	1	17	0	2	0	20
22312	2	0	1	17	0	20
22313	1	17	2	0	0	20
22314	3	17	0	0	0	20
22315	1	0	1	17	0	19
22316	0	0	19	1	0	20
22317	0	0	17	3	0	20
22318	1	0	0	19	0	20
22319	2	0	17	1	0	20
22320	17	0	0	3	0	20
22321	0	0	0	20	0	20
22322	0	0	1	19	0	20
22323	1	17	2	0	0	20
22324	2	1	0	16	0	19
22325	0	2	0	17	0	19
22326	0	17	0	2	0	19
22327	0	3	0	16	0	19
22328	0	2	0	17	0	19
22329	0	16	1	2	0	19
22330	16	0	3	0	0	19
22331	0	0	18	1	0	19
22332	0	0	17	2	0	19
22333	1	0	2	16	0	19
22334	2	0	0	17	0	19
22335	0	0	16	3	0	19
22336	0	1	16	2	0	19
22337	16	3	0	1	0	20
22338	0	15	0	5	0	20
22339	16	1	0	3	0	20
22340	0	2	16	2	0	20
22341	0	16	0	3	0	19
22342	2	2	0	16	0	20
22343	1	2	14	1	0	18
22344	2	0	15	1	0	18
22345	0	0	3	13	0	16
22346	0	1	15	1	0	17
22347	0	12	0	4	0	16
22348	0	0	1	16	0	17
22349	0	0	16	1	0	17
22350	2	13	2	0	0	17
22351	13	2	0	0	0	15
22352	2	2	8	0	0	12
22353	2	8	1	1	0	12
22354	1	1	2	10	0	14
22355	0	2	1	9	0	12
22356	10	0	1	2	0	13
22357	1	0	3	10	0	14
22358	0	0	2	10	0	12
22359	9	0	1	3	0	13
22360	0	1	2	10	0	13
22361	1	2	9	1	0	13
22362	0	0	1	12	0	13
22363	0	1	11	1	0	13
22364	0	0	9	1	0	10
22365	0	0	10	0	0	10
22366	1	0	0	9	0	10
22367	0	1	0	9	0	10
22368	9	0	0	0	0	9
22369	0	1	0	9	0	10
22370	0	15	0	0	0	15
22371	0	0	0	15	0	15
22372	0	0	1	14	0	15
22373	0	14	1	0	0	15
22374	14	0	0	1	0	15
22375	14	0	1	0	0	15
22376	1	15	0	0	0	16
22377	0	12	0	1	0	13
22378	0	0	0	13	0	13
22379	12	1	0	0	0	13
22380	0	0	12	1	0	13
22381	0	0	11	0	0	11
22382	11	0	0	0	0	11
22383	0	11	0	0	0	11
22384	0	0	0	11	0	11
22385	0	0	0	11	0	11
22386	0	0	0	10	0	10
22387	0	0	0	10	0	10
22388	0	11	0	0	0	11
22389	0	0	0	11	0	11
22390	11	0	0	0	0	11
22391	0	0	0	11	0	11
22392	0	0	0	11	0	11
22393	11	0	0	0	0	11
22394	11	0	0	0	0	11
22395	10	0	0	0	0	10
22396	11	0	0	0	0	11
22397	0	0	0	11	0	11
22398	13	0	0	0	0	13
22399	0	0	0	13	0	13
22400	13	0	0	0	0	13
22401	13	0	0	0	0	13
22402	0	0	0	13	0	13
22403	0	0	13	0	0	13
22404	13	0	0	0	0	13
22405	13	0	0	0	0	13
22406	13	0	0	0	0	13
22407	12	0	0	0	0	12
22408	0	0	0	12	0	12
22409	0	0	12	0	0	12
22410	0	0	11	0	0	11
22411	9	0	0	0	0	9
22412	11	0	0	0	0	11
22413	0	11	0	0	0	11
22414	0	11	0	0	0	11
22415	11	0	0	0	0	11
22416	0	0	0	11	0	11
22417	0	0	0	13	0	13
22418	13	0	0	0	0	13
22419	0	13	0	0	0	13
22420	13	0	0	0	0	13
22421	0	0	12	0	0	12
22422	13	0	0	0	0	13
22423	0	0	0	13	0	13
22424	0	0	13	0	0	13
22425	0	13	0	0	0	13
22426	0	0	0	13	0	13
22427	0	0	14	0	0	14
22428	0	0	0	14	0	14
22429	14	0	0	0	0	14
22430	0	0	14	0	0	14
22431	12	0	0	0	0	12
22432	0	14	0	0	0	14
22433	0	0	0	14	0	14
22434	0	0	13	0	0	13
22435	0	0	0	13	0	13
22436	0	0	14	0	0	14
22437	0	14	0	0	0	14
22438	14	0	0	0	0	14
22439	0	14	0	0	0	14
22440	0	0	0	14	0	14
22441	0	0	0	14	0	14
22442	0	0	14	0	0	14
22443	12	0	0	0	0	12
22444	0	14	0	0	0	14
22445	0	13	0	0	0	13
22446	0	14	0	0	0	14
22447	0	0	0	14	0	14
22448	0	14	0	0	0	14
22449	0	0	0	14	0	14
22450	0	14	0	0	0	14
22451	0	0	0	14	0	14
22452	0	14	0	0	0	14
22453	14	0	0	0	0	14
22454	0	0	12	0	0	12
22455	11	0	0	0	0	11
22456	11	0	0	0	0	11
22457	12	0	0	0	0	12
22458	0	12	0	0	0	12
22459	12	0	0	0	0	12
22460	12	0	0	0	0	12
22461	12	0	0	0	0	12
22462	0	0	12	0	0	12
22463	0	0	0	12	0	12
22464	0	0	12	0	0	12
22465	0	0	0	11	0	11
22466	12	0	0	0	0	12
22467	0	12	0	0	0	12
22468	0	1	12	0	0	13
22469	0	0	1	11	0	12
22470	0	0	0	8	0	8
22471	0	0	12	1	0	13
22472	11	0	1	0	0	12
22473	13	0	0	0	0	13
22474	13	0	0	0	0	13
22475	2	0	0	11	0	13
22476	0	10	0	1	0	11
22477	0	11	0	0	0	11
22478	0	1	0	9	0	10
22479	0	0	0	11	0	11
22480	0	9	0	1	0	10
22481	10	1	0	0	0	11
22482	1	10	0	0	0	11
22483	0	1	0	10	0	11
22484	0	0	10	1	0	11
22485	0	0	1	10	0	11
22486	10	0	0	1	0	11
22487	1	0	10	0	0	11
22488	10	0	1	0	0	11
22489	13	0	0	0	0	13
22490	14	0	0	0	0	14
22491	14	0	0	0	0	14
22492	14	0	0	0	0	14
22493	1	0	16	0	0	17
22494	0	0	17	0	0	17
22495	19	0	1	0	0	20
22496	20	0	0	0	0	20
22497	1	0	0	19	0	20
22498	0	18	0	1	0	19
22499	0	1	0	18	0	19
22500	18	0	0	1	0	19
22501	1	0	0	18	0	19
22502	0	22	0	1	0	23
22503	22	1	0	0	0	23
22504	22	0	0	0	0	22
22505	22	0	0	0	0	22
22506	1	22	0	0	0	23
22507	0	1	0	24	0	25
22508	0	0	0	25	0	25
22509	0	24	0	1	0	25
22510	0	1	0	24	0	25
22511	24	0	0	1	0	25
22512	25	0	0	0	0	25
22513	1	24	0	0	0	25
22514	0	1	0	24	0	25
22515	0	0	0	25	0	25
22516	0	0	0	25	0	25
22517	22	0	0	1	0	23
22518	1	0	22	0	0	23
22519	22	0	1	0	0	23
22520	1	0	22	0	0	23
22521	0	0	1	20	0	21
22522	0	22	0	0	0	22
22523	0	23	0	0	0	23
22524	21	1	0	0	0	22
22525	23	0	0	0	0	23
22526	1	22	0	0	0	23
22527	0	22	0	0	0	22
22528	21	1	0	0	0	22
22529	26	0	0	0	0	26
22530	2	24	0	0	0	26
22531	24	1	0	1	0	26
22532	1	1	24	0	0	26
22533	23	0	1	1	0	25
22534	26	0	0	0	0	26
22535	1	0	0	24	0	25
22536	0	25	0	1	0	26
22537	1	1	0	24	0	26
22538	25	0	0	1	0	26
22539	2	0	0	24	0	26
22540	0	1	0	28	0	29
22541	0	0	27	1	0	28
22542	0	0	1	27	0	28
22543	0	1	0	28	0	29
22544	27	0	0	2	0	29
22545	2	0	27	0	0	29
22546	28	0	1	0	0	29
22547	1	1	0	27	0	29
22548	0	0	0	29	0	29
22549	0	0	0	29	0	29
22550	0	27	0	2	0	29
22551	1	28	0	0	0	29
22552	0	1	1	27	0	29
22553	28	0	0	1	0	29
22554	27	0	1	0	0	28
22555	1	0	0	27	0	28
22556	27	1	0	1	0	29
22557	1	1	0	27	0	29
22558	1	0	0	28	0	29
22559	27	0	0	1	0	28
22560	1	30	0	0	0	31
22561	29	2	0	0	0	31
22562	30	0	0	0	0	30
22563	31	0	0	0	0	31
22564	1	31	0	0	0	32
22565	1	1	0	30	0	32
22566	0	0	1	31	0	32
22567	1	0	30	0	0	31
22568	1	0	0	30	0	31
22569	0	0	30	0	0	30
22570	0	31	0	0	0	31
22571	0	25	0	1	0	26
22572	1	25	0	0	0	26
22573	0	0	0	24	0	24
22574	0	0	0	26	0	26
22575	0	0	1	25	0	26
22576	0	0	0	26	0	26
22577	0	0	27	1	0	28
22578	1	0	36	0	0	37
22579	0	0	2	35	0	37
22580	1	0	34	1	0	36
22581	35	0	1	1	0	37
22582	36	0	0	1	0	37
22583	1	0	35	1	0	37
22584	0	1	1	35	0	37
22585	0	1	0	36	0	37
22586	0	0	0	37	0	37
22587	1	0	0	35	0	36
22588	1	0	0	37	0	38
22589	26	0	0	2	0	28
22590	36	0	0	0	0	36
22591	1	35	0	1	0	37
22592	0	1	34	1	0	36
22593	1	32	0	0	0	33
22594	0	33	0	0	0	33
22595	31	1	0	0	0	32
22596	1	31	0	0	0	32
22597	0	32	0	0	0	32
22598	30	1	0	0	0	31
22599	1	0	29	0	0	30
22600	29	0	1	0	0	30
22601	1	0	0	30	0	31
22602	0	0	0	27	0	27
22603	0	0	0	27	0	27
22604	0	0	26	1	0	27
22605	0	26	0	0	0	26
22606	26	0	0	0	0	26
22607	1	0	0	25	0	26
22608	0	25	0	1	0	26
22609	0	1	0	25	0	26
22610	0	0	25	1	0	26
22611	0	0	1	25	0	26
22612	0	0	0	26	0	26
22613	0	0	0	26	0	26
22614	25	0	0	1	0	26
22615	1	0	0	25	0	26
22616	0	0	25	1	0	26
22617	0	25	1	0	0	26
22618	0	0	0	25	0	25
22619	0	0	0	26	0	26
22620	0	0	25	1	0	26
22621	0	0	26	0	0	26
22622	25	0	1	0	0	26
22623	26	0	0	0	0	26
22624	1	25	0	0	0	26
22625	25	0	0	0	0	25
22626	1	0	25	0	0	26
22627	0	0	26	0	0	26
22628	25	0	1	0	0	26
22629	23	0	0	0	0	23
22630	1	0	22	0	0	23
22631	22	0	1	0	0	23
22632	1	0	22	0	0	23
22633	22	0	0	0	0	22
22634	24	0	0	0	0	24
22635	1	0	0	21	0	22
22636	0	23	0	1	0	24
22637	22	0	0	0	0	22
22638	1	0	23	0	0	24
22639	0	23	0	0	0	23
22640	20	1	0	0	0	21
22641	21	0	0	0	0	21
22642	1	20	0	0	0	21
22643	0	1	0	20	0	21
22644	0	0	20	0	0	20
22645	0	0	1	19	0	20
22646	0	0	20	1	0	21
22647	0	0	1	19	0	20
22648	0	0	0	21	0	21
22649	0	0	20	1	0	21
22650	0	20	1	0	0	21
22651	0	1	0	20	0	21
22652	0	0	17	1	0	18
22653	20	0	1	0	0	21
22654	1	0	0	20	0	21
22655	0	0	0	21	0	21
22656	20	0	0	1	0	21
22657	1	0	0	20	0	21
22658	0	0	0	21	0	21
22659	0	20	0	1	0	21
22660	0	1	0	18	0	19
22661	0	0	18	1	0	19
22662	0	0	1	18	0	19
22663	0	18	0	0	0	18
22664	0	18	0	0	0	18
22665	0	0	0	17	0	17
22666	17	0	0	1	0	18
22667	1	0	0	17	0	18
22668	17	0	0	1	0	18
22669	1	0	0	17	0	18
22670	17	0	0	1	0	18
22671	17	0	0	0	0	17
22672	1	0	0	17	0	18
22673	0	0	0	18	0	18
22674	0	17	0	1	0	18
22675	0	18	0	0	0	18
22676	0	1	17	0	0	18
22677	0	15	0	0	0	15
22678	7	0	0	0	0	7
22679	0	0	0	7	0	7
22680	0	7	0	0	0	7
22681	7	0	0	0	0	7
22682	0	0	0	7	0	7
22683	0	0	0	7	0	7
22684	0	0	0	7	0	7
22685	0	0	0	10	0	10
22686	0	10	0	0	0	10
22687	0	10	0	0	0	10
22688	8	0	0	0	0	8
22689	0	7	0	0	0	7
22690	0	0	0	7	0	7
22691	0	0	0	7	0	7
22692	0	0	0	7	0	7
22693	0	0	0	7	0	7
22694	7	0	0	0	0	7
22695	5	0	0	0	0	5
22696	0	0	5	0	0	5
22697	0	0	0	5	0	5
22698	0	0	5	0	0	5
22699	0	0	0	5	0	5
22700	0	0	0	5	0	5
22701	5	0	0	0	0	5
22702	0	0	0	5	0	5
22703	0	0	5	0	0	5
22704	0	0	5	0	0	5
22705	5	0	0	0	0	5
22706	0	0	5	0	0	5
22707	0	0	0	4	0	4
22708	0	0	4	0	0	4
22709	0	0	0	4	0	4
22710	0	4	0	0	0	4
22711	0	0	0	4	0	4
22712	0	4	0	0	0	4
22713	0	4	0	0	0	4
22714	0	0	0	4	0	4
22715	6	0	0	0	0	6
22716	0	6	0	0	0	6
22717	0	0	0	6	0	6
22718	6	0	0	0	0	6
22719	6	0	0	0	0	6
22720	6	0	0	0	0	6
22721	0	0	0	6	0	6
22722	0	0	0	6	0	6
22723	6	0	0	0	0	6
22724	6	0	0	0	0	6
22725	6	0	0	0	0	6
22726	0	0	0	6	0	6
22727	0	0	6	0	0	6
22728	6	0	0	0	0	6
22729	0	0	0	7	0	7
22730	0	8	0	0	0	8
22731	0	0	0	8	0	8
22732	0	8	0	0	0	8
22733	0	0	0	8	0	8
22734	0	0	7	0	0	7
22735	0	7	0	0	0	7
22736	0	0	0	7	0	7
22737	0	0	0	7	0	7
22738	0	0	0	7	0	7
22739	7	0	0	0	0	7
22740	0	7	0	0	0	7
22741	0	0	0	8	0	8
22742	8	0	0	0	0	8
22743	8	0	0	0	0	8
22744	0	0	0	8	0	8
22745	0	0	8	0	0	8
22746	0	0	0	8	0	8
22747	0	8	0	0	0	8
22748	0	0	0	8	0	8
22749	8	0	0	0	0	8
22750	0	0	0	8	0	8
22751	0	0	8	0	0	8
22752	0	8	0	0	0	8
22753	8	0	0	0	0	8
22754	0	0	8	0	0	8
22755	8	0	0	0	0	8
22756	0	0	0	8	0	8
22757	0	0	0	8	0	8
22758	0	8	0	0	0	8
22759	10	0	0	0	0	10
22760	0	0	0	11	0	11
22761	0	0	0	11	0	11
22762	0	0	0	11	0	11
22763	0	0	11	0	0	11
22764	0	0	0	11	0	11
22765	11	0	0	0	0	11
22766	11	0	0	0	0	11
22767	0	0	0	11	0	11
22768	0	0	0	11	0	11
22769	11	0	0	0	0	11
22770	0	0	11	0	0	11
22771	10	0	0	0	0	10
22772	0	0	11	0	0	11
22773	0	0	11	0	0	11
22774	0	0	0	11	0	11
22775	0	0	11	0	0	11
22776	10	0	0	0	0	10
22777	0	0	0	11	0	11
22778	0	0	11	0	0	11
22779	11	0	0	0	0	11
22780	11	0	0	0	0	11
22781	0	0	16	0	0	16
22782	0	0	0	16	0	16
22783	0	17	0	0	0	17
22784	17	0	0	0	0	17
22785	0	0	14	0	0	14
22786	12	0	0	0	0	12
22787	0	14	0	1	0	15
22788	16	0	0	0	0	16
22789	16	0	0	0	0	16
22790	15	0	0	0	0	15
22791	0	0	0	16	0	16
22792	0	17	0	0	0	17
22793	0	0	17	0	0	17
22794	0	17	0	0	0	17
22795	0	0	0	17	0	17
22796	0	17	0	0	0	17
22797	0	16	0	0	0	16
22798	16	0	0	0	0	16
22799	0	0	17	0	0	17
22800	0	0	17	0	0	17
22801	0	0	18	0	0	18
22802	0	18	0	0	0	18
22803	18	0	0	0	0	18
22804	18	0	0	0	0	18
22805	18	0	0	0	0	18
22806	0	17	0	0	0	17
22807	0	0	0	18	0	18
22808	0	0	20	0	0	20
22809	0	0	20	0	0	20
22810	20	0	0	0	0	20
22811	19	0	0	0	0	19
22812	20	0	0	0	0	20
22813	0	0	20	0	0	20
22814	19	0	0	0	0	19
22815	0	0	0	18	0	18
22816	0	0	0	18	0	18
22817	0	0	25	0	0	25
22818	0	26	0	0	0	26
22819	0	0	0	26	0	26
22820	0	0	25	1	0	26
22821	26	1	0	0	0	27
22822	0	0	0	26	0	26
22823	0	0	0	27	0	27
22824	26	0	0	1	0	27
22825	0	0	0	27	0	27
22826	26	0	1	0	0	27
22827	26	0	0	1	0	27
22828	1	0	0	26	0	27
22829	1	0	0	24	0	25
22830	24	0	0	1	0	25
22831	0	0	0	25	0	25
22832	26	0	0	0	0	26
22833	25	0	1	0	0	26
22834	26	0	0	0	0	26
22835	0	0	1	25	0	26
22836	0	0	1	24	0	25
22837	25	0	0	1	0	26
22838	0	25	1	0	0	26
22839	1	25	0	0	0	26
22840	23	0	0	2	0	25
22841	0	0	24	0	0	24
22842	24	0	0	0	0	24
22843	1	0	0	24	0	25
22844	0	0	26	0	0	26
22845	23	0	0	1	0	24
22846	0	1	0	25	0	26
22847	1	0	0	26	0	27
22848	0	0	1	26	0	27
22849	1	0	0	26	0	27
22850	26	0	0	0	0	26
22851	1	27	0	0	0	28
22852	27	0	0	0	0	27
22853	1	0	26	0	0	27
22854	0	0	26	1	0	27
22855	0	28	0	0	0	28
22856	0	0	1	29	0	30
22857	0	0	29	0	0	29
22858	0	29	0	0	0	29
22859	0	0	26	0	0	26
22860	0	0	0	26	0	26
22861	0	0	0	25	0	25
22862	26	0	0	0	0	26
22863	0	0	0	26	0	26
22864	25	0	0	1	0	26
22865	0	0	26	0	0	26
22866	0	28	0	0	0	28
22867	0	0	0	30	0	30
22868	0	0	0	30	0	30
22869	0	0	30	0	0	30
22870	0	0	29	0	0	29
22871	28	0	0	0	0	28
22872	31	0	0	0	0	31
22873	0	0	0	31	0	31
22874	0	0	0	31	0	31
22875	0	30	0	0	0	30
22876	0	0	0	31	0	31
22877	34	0	0	0	0	34
22878	34	0	0	0	0	34
22879	0	34	0	0	0	34
22880	34	0	0	0	0	34
22881	30	0	0	0	0	30
22882	0	0	0	33	0	33
22883	0	34	0	0	0	34
22884	0	0	0	34	0	34
22885	0	0	0	34	0	34
22886	0	0	32	0	0	32
22887	33	0	0	0	0	33
22888	0	0	0	35	0	35
22889	0	0	0	38	0	38
22890	0	41	0	0	0	41
22891	0	0	0	47	0	47
22892	48	0	0	0	0	48
22893	49	0	0	0	0	49
22894	0	0	50	0	0	50
22895	0	0	52	0	0	52
22896	0	0	0	55	0	55
22897	0	0	0	55	0	55
22898	0	0	55	0	0	55
22899	0	0	57	0	0	57
22900	0	0	0	56	0	56
22901	0	0	59	0	0	59
22902	0	0	59	0	0	59
22903	0	0	0	60	0	60
22904	61	0	0	0	0	61
22905	60	0	0	1	0	61
22906	0	0	0	61	0	61
22907	0	0	0	60	0	60
22908	58	0	0	1	0	59
22909	0	0	0	59	0	59
22910	59	0	0	0	0	59
22911	57	0	0	1	0	58
22912	0	0	0	59	0	59
22913	0	0	0	59	0	59
22914	59	0	0	0	0	59
22915	0	59	0	0	0	59
22916	0	58	0	0	0	58
22917	0	0	0	51	0	51
22918	0	0	50	0	0	50
22919	0	0	0	51	0	51
22920	51	0	0	0	0	51
22921	0	0	0	51	0	51
22922	51	0	0	0	0	51
22923	0	0	51	0	0	51
22924	52	0	0	0	0	52
22925	0	0	0	52	0	52
22926	0	0	0	51	0	51
22927	0	0	51	0	0	51
22928	0	0	0	50	0	50
22929	0	0	0	51	0	51
22930	0	0	0	52	0	52
22931	52	0	0	0	0	52
22932	0	0	51	0	0	51
22933	0	0	51	0	0	51
22934	51	0	0	0	0	51
22935	51	0	0	0	0	51
22936	0	0	54	0	0	54
22937	0	0	0	53	0	53
22938	0	55	0	0	0	55
22939	0	0	0	55	0	55
22940	54	0	0	0	0	54
22941	54	0	0	0	0	54
22942	0	0	0	55	0	55
22943	0	55	0	0	0	55
22944	0	0	0	54	0	54
22945	0	53	0	0	0	53
22946	54	0	0	0	0	54
22947	51	0	0	0	0	51
22948	53	0	0	0	0	53
22949	0	51	0	0	0	51
22950	0	52	0	0	0	52
22951	0	0	0	51	0	51
22952	0	0	0	51	0	51
22953	0	0	0	51	0	51
22954	0	0	0	51	0	51
22955	0	0	50	0	0	50
22956	50	0	0	0	0	50
22957	0	0	51	0	0	51
22958	51	0	0	0	0	51
22959	0	0	49	0	0	49
22960	51	0	0	0	0	51
22961	0	0	50	0	0	50
22962	50	0	0	0	0	50
22963	0	0	0	51	0	51
22964	50	0	0	0	0	50
22965	0	0	0	53	0	53
22966	0	0	0	49	0	49
22967	0	0	0	48	0	48
22968	0	49	0	0	0	49
22969	47	0	0	0	0	47
22970	48	0	0	0	0	48
22971	0	48	0	0	0	48
22972	0	0	0	48	0	48
22973	0	0	48	0	0	48
22974	47	0	0	0	0	47
22975	48	0	0	0	0	48
22976	48	0	0	0	0	48
22977	0	0	0	44	0	44
22978	0	43	0	0	0	43
22979	0	0	0	44	0	44
22980	45	0	0	0	0	45
22981	0	0	0	44	0	44
22982	0	41	0	0	0	41
22983	39	0	0	0	0	39
22984	0	0	43	0	0	43
22985	0	0	42	0	0	42
22986	0	43	0	0	0	43
22987	0	42	0	0	0	42
22988	0	0	40	0	0	40
22989	0	0	37	0	0	37
22990	0	8	0	25	0	33
22991	27	0	0	0	0	27
22992	0	0	27	0	0	27
22993	0	25	0	0	0	25
22994	25	0	0	0	0	25
22995	0	22	0	0	0	22
22996	20	0	0	0	0	20
22997	0	20	0	0	0	20
22998	0	23	0	0	0	23
22999	0	0	0	21	0	21
23000	0	0	1	21	0	22
23001	0	0	17	0	0	17
23002	0	0	0	17	0	17
23003	17	0	0	0	0	17
23004	17	0	0	0	0	17
23005	0	0	0	16	0	16
23006	0	0	17	0	0	17
23007	0	0	17	0	0	17
23008	0	0	0	17	0	17
23009	0	0	19	0	0	19
23010	0	0	0	19	0	19
23011	0	0	0	19	0	19
23012	0	0	20	0	0	20
23013	19	0	0	0	0	19
23014	20	0	0	0	0	20
23015	0	0	19	0	0	19
23016	0	0	21	0	0	21
23017	0	0	0	20	0	20
23018	0	0	0	25	0	25
23019	0	0	0	26	0	26
23020	0	0	0	26	0	26
23021	25	0	0	1	0	26
23022	27	0	0	0	0	27
23023	1	0	0	27	0	28
23024	0	0	0	28	0	28
23025	0	0	31	1	0	32
23026	0	0	2	32	0	34
23027	0	0	0	36	0	36
23028	40	0	0	2	0	42
23029	2	42	0	0	0	44
23030	0	2	0	42	0	44
23031	0	0	0	43	0	43
23032	0	0	0	44	0	44
23033	0	43	0	2	0	45
23034	0	45	0	0	0	45
23035	0	2	0	44	0	46
23036	0	0	0	42	0	42
23037	0	0	0	41	0	41
23038	39	0	0	2	0	41
23039	2	40	0	0	0	42
23040	40	2	0	0	0	42
23041	41	0	0	0	0	41
23042	2	0	0	40	0	42
23043	0	40	0	2	0	42
23044	42	2	0	0	0	44
23045	2	0	0	43	0	45
23046	43	0	0	2	0	45
23047	2	0	0	43	0	45
23048	0	0	44	2	0	46
23049	0	0	45	0	0	45
23050	0	0	1	43	0	44
23051	0	0	0	46	0	46
23052	0	0	0	44	0	44
23053	0	42	0	1	0	43
23054	0	46	0	0	0	46
23055	44	2	0	0	0	46
23056	45	0	0	1	0	46
23057	3	42	0	0	0	45
23058	0	46	0	0	0	46
23059	0	44	0	1	0	45
23060	43	1	0	1	0	45
23061	2	43	0	1	0	46
23062	0	2	0	43	0	45
23063	43	1	0	2	0	46
23064	45	0	0	1	0	46
23065	2	0	0	42	0	44
23066	0	0	41	3	0	44
23067	1	0	40	0	0	41
23068	0	1	2	41	0	44
23069	1	0	41	2	0	44
23070	1	0	2	41	0	44
23071	0	0	0	43	0	43
23072	0	1	39	2	0	42
23073	1	0	41	0	0	42
23074	0	0	2	41	0	43
23075	0	0	0	42	0	42
23076	40	0	0	2	0	42
23077	1	40	1	1	0	43
23078	0	41	1	0	0	42
23079	40	2	0	1	0	43
23080	42	0	0	1	0	43
23081	2	40	0	1	0	43
23082	0	43	0	0	0	43
23083	40	3	0	0	0	43
23084	3	0	0	36	0	39
23085	37	0	0	2	0	39
23086	2	37	0	0	0	39
23087	36	2	0	0	0	38
23088	2	1	36	0	0	39
23089	37	0	2	0	0	39
23090	2	1	36	0	0	39
23091	0	0	2	36	0	38
23092	36	0	0	2	0	38
23093	3	0	35	0	0	38
23094	0	0	2	36	0	38
23095	35	0	1	2	0	38
23096	2	0	35	0	0	37
23097	0	0	2	36	0	38
23098	33	0	0	2	0	35
23099	2	33	0	1	0	36
23100	0	2	0	33	0	35
23101	0	0	1	34	0	35
23102	0	0	1	34	0	35
23103	0	32	0	2	0	34
23104	0	1	0	33	0	34
23105	1	0	0	34	0	35
23106	0	1	0	34	0	35
23107	0	1	0	38	0	39
23108	0	0	37	2	0	39
23109	34	0	2	0	0	36
23110	37	1	0	0	0	38
23111	2	36	0	0	0	38
23112	1	2	0	34	0	37
23113	0	0	0	37	0	37
23114	1	34	0	2	0	37
23115	0	2	0	34	0	36
23116	32	0	0	2	0	34
23117	2	31	1	0	0	34
23118	31	1	0	0	0	32
23119	1	0	1	30	0	32
23120	0	0	30	2	0	32
23121	1	30	0	0	0	31
23122	28	1	1	0	0	30
23123	1	27	0	1	0	29
23124	1	28	0	0	0	29
23125	23	0	1	0	0	24
23126	0	0	19	1	0	20
23127	0	18	0	0	0	18
23128	14	0	0	0	0	14
23129	12	0	0	0	0	12
23130	0	12	0	0	0	12
23131	0	1	0	12	0	13
23132	0	0	12	0	0	12
23133	0	0	0	12	0	12
23134	0	0	0	10	0	10
23135	0	0	0	12	0	12
23136	0	0	12	0	0	12
23137	0	0	0	11	0	11
23138	0	0	12	0	0	12
23139	0	0	16	0	0	16
23140	15	0	0	0	0	15
23141	0	16	0	0	0	16
23142	0	16	0	0	0	16
23143	1	0	0	17	0	18
23144	19	0	0	0	0	19
23145	18	0	0	0	0	18
23146	18	0	0	0	0	18
23147	18	0	0	0	0	18
23148	18	0	0	0	0	18
23149	0	0	18	0	0	18
23150	0	0	0	17	0	17
23151	0	18	0	0	0	18
23152	0	0	0	18	0	18
23153	18	0	0	0	0	18
23154	0	17	0	0	0	17
23155	0	0	0	18	0	18
23156	18	0	0	0	0	18
23157	18	0	0	0	0	18
23158	0	0	0	17	0	17
23159	0	0	0	17	0	17
23160	0	0	0	17	0	17
23161	0	0	18	0	0	18
23162	0	0	22	0	0	22
23163	0	0	0	21	0	21
23164	0	0	0	21	0	21
23165	21	0	0	0	0	21
23166	21	0	0	0	0	21
23167	22	0	0	0	0	22
23168	23	0	0	0	0	23
23169	22	0	0	0	0	22
23170	0	22	0	0	0	22
23171	23	0	0	0	0	23
23172	23	0	0	0	0	23
23173	23	0	0	0	0	23
23174	0	0	0	23	0	23
23175	0	0	25	0	0	25
23176	0	0	0	25	0	25
23177	0	0	25	0	0	25
23178	0	0	0	25	0	25
23179	0	24	0	0	0	24
23180	25	0	0	0	0	25
23181	25	0	0	0	0	25
23182	0	0	0	24	0	24
23183	0	0	0	25	0	25
23184	0	0	0	25	0	25
23185	0	24	0	0	0	24
23186	25	0	0	0	0	25
23187	25	0	0	0	0	25
23188	0	25	0	0	0	25
23189	0	0	0	25	0	25
23190	0	0	0	24	0	24
23191	0	25	0	0	0	25
23192	25	0	0	0	0	25
23193	25	0	0	0	0	25
23194	0	0	0	25	0	25
23195	0	0	25	0	0	25
23196	0	0	25	0	0	25
23197	0	0	0	24	0	24
23198	0	0	0	24	0	24
23199	0	0	0	25	0	25
23200	25	0	0	0	0	25
23201	26	0	0	0	0	26
23202	0	27	0	0	0	27
23203	29	0	0	0	0	29
23204	0	0	29	0	0	29
23205	0	0	28	0	0	28
23206	0	28	0	0	0	28
23207	24	0	1	0	0	25
23208	0	23	0	0	0	23
23209	24	0	0	0	0	24
23210	0	0	26	0	0	26
23211	0	0	25	0	0	25
23212	0	0	0	30	0	30
23213	0	0	31	0	0	31
23214	0	0	0	30	0	30
23215	0	0	0	27	0	27
23216	0	31	0	0	0	31
23217	0	0	0	30	0	30
23218	0	0	0	29	0	29
23219	29	0	0	0	0	29
23220	0	29	0	0	0	29
23221	0	0	0	30	0	30
23222	0	0	30	0	0	30
23223	27	0	0	0	0	27
23224	0	0	30	0	0	30
23225	0	0	0	30	0	30
23226	0	35	0	0	0	35
23227	0	0	0	35	0	35
23228	34	0	0	0	0	34
23229	34	0	0	0	0	34
23230	0	33	0	0	0	33
23231	36	0	0	0	0	36
23232	36	0	0	0	0	36
23233	36	0	0	0	0	36
23234	37	0	0	1	0	38
23235	35	0	1	0	0	36
23236	0	0	37	1	0	38
23237	0	0	1	37	0	38
23238	1	0	0	35	0	36
23239	0	1	0	33	0	34
23240	1	32	0	0	0	33
23241	1	0	0	32	0	33
23242	0	0	36	1	0	37
23243	0	33	0	1	0	34
23244	0	32	0	1	0	33
23245	0	1	0	32	0	33
23246	1	0	0	32	0	33
23247	1	0	0	31	0	32
23248	0	32	0	0	0	32
23249	0	33	0	1	0	34
23250	34	0	0	1	0	35
23251	33	0	0	0	0	33
23252	1	33	0	0	0	34
23253	35	0	0	0	0	35
23254	37	0	0	2	0	39
23255	0	0	1	37	0	38
23256	0	0	1	37	0	38
23257	1	0	0	37	0	38
23258	0	0	37	1	0	38
23259	0	0	37	1	0	38
23260	1	38	0	0	0	39
23261	39	0	0	0	0	39
23262	0	1	34	0	0	35
23263	34	0	0	0	0	34
23264	0	0	34	0	0	34
23265	33	0	1	0	0	34
23266	0	35	0	0	0	35
23267	35	0	0	0	0	35
23268	0	1	0	33	0	34
23269	1	0	0	35	0	36
23270	0	0	36	0	0	36
23271	0	31	1	4	0	36
23272	1	0	0	34	0	35
23273	0	0	36	0	0	36
23274	32	0	0	0	0	32
23275	0	33	0	0	0	33
23276	33	0	0	0	0	33
23277	0	33	0	0	0	33
23278	0	0	0	33	0	33
23279	33	0	0	0	0	33
23280	0	33	0	0	0	33
23281	0	0	0	33	0	33
23282	0	0	34	0	0	34
23283	34	0	0	0	0	34
23284	0	0	0	34	0	34
23285	0	0	33	0	0	33
23286	0	34	0	0	0	34
23287	0	0	0	34	0	34
23288	0	0	36	0	0	36
23289	0	0	0	36	0	36
23290	0	35	0	0	0	35
23291	0	36	0	0	0	36
23292	0	0	36	0	0	36
23293	0	0	0	35	0	35
23294	0	0	36	0	0	36
23295	36	0	0	0	0	36
23296	0	0	0	34	0	34
23297	0	36	0	0	0	36
23298	0	36	0	0	0	36
23299	35	0	0	0	0	35
23300	0	36	0	0	0	36
23301	33	0	0	0	0	33
23302	0	0	31	0	0	31
23303	29	0	0	0	0	29
23304	0	30	0	0	0	30
23305	31	0	0	0	0	31
23306	0	31	0	0	0	31
23307	0	0	0	31	0	31
23308	0	3	0	28	0	31
23309	0	0	35	0	0	35
23310	31	0	0	0	0	31
23311	0	0	32	0	0	32
23312	29	0	0	0	0	29
23313	0	0	0	28	0	28
23314	0	0	0	28	0	28
23315	0	29	0	0	0	29
23316	0	0	0	29	0	29
23317	0	0	0	29	0	29
23318	0	0	29	0	0	29
23319	26	0	0	0	0	26
23320	0	29	0	0	0	29
23321	28	0	0	0	0	28
23322	0	0	0	27	0	27
23323	0	0	0	28	0	28
23324	28	0	0	0	0	28
23325	0	26	0	0	0	26
23326	23	0	0	0	0	23
23327	0	23	0	0	0	23
23328	0	23	0	0	0	23
23329	23	0	0	0	0	23
23330	0	0	0	22	0	22
23331	0	0	20	0	0	20
23332	0	1	0	20	0	21
23333	1	0	0	19	0	20
23334	0	19	0	1	0	20
23335	0	0	1	20	0	21
23336	0	0	0	21	0	21
23337	0	0	0	21	0	21
23338	0	1	0	21	0	22
23339	0	0	21	1	0	22
23340	0	0	22	1	0	23
23341	0	0	0	23	0	23
23342	0	0	19	1	0	20
23343	0	0	19	0	0	19
23344	0	0	1	18	0	19
23345	0	0	23	1	0	24
23346	0	0	1	22	0	23
23347	0	22	0	0	0	22
23348	28	0	0	1	0	29
23349	0	0	30	0	0	30
23350	0	0	1	29	0	30
23351	0	1	30	1	0	32
23352	1	0	1	33	0	35
23353	0	0	1	35	0	36
23354	32	0	0	2	0	34
23355	1	0	1	32	0	34
23356	30	1	1	2	0	34
23357	32	0	0	1	0	33
23358	2	32	0	0	0	34
23359	31	1	0	1	0	33
23360	2	32	0	0	0	34
23361	1	34	0	0	0	35
23362	31	2	0	0	0	33
23363	2	0	32	0	0	34
23364	0	1	33	0	0	34
23365	32	1	1	0	0	34
23366	33	0	0	0	0	33
23367	1	32	1	0	0	34
23368	30	1	1	0	0	32
23369	32	0	0	0	0	32
23370	33	0	0	0	0	33
23371	1	1	0	31	0	33
23372	31	0	0	1	0	32
23373	2	31	0	0	0	33
23374	1	1	0	32	0	34
23375	0	0	0	35	0	35
23376	1	32	0	1	0	34
23377	0	2	0	34	0	36
23378	34	0	0	2	0	36
23379	35	0	0	0	0	35
23380	1	32	0	0	0	33
23381	0	34	0	1	0	35
23382	34	1	0	0	0	35
23383	2	0	32	0	0	34
23384	0	1	34	0	0	35
23385	0	1	1	32	0	34
23386	1	0	0	33	0	34
23387	0	0	34	1	0	35
23388	0	30	2	0	0	32
23389	1	1	0	28	0	30
23390	0	0	32	2	0	34
23391	0	0	2	32	0	34
23392	0	1	0	32	0	33
23393	0	32	0	2	0	34
23394	0	1	1	32	0	34
23395	0	0	0	34	0	34
23396	0	0	0	34	0	34
23397	31	1	0	1	0	33
23398	1	0	0	33	0	34
23399	0	32	0	2	0	34
23400	31	1	0	1	0	33
23401	2	0	31	0	0	33
23402	0	0	32	0	0	32
23403	0	1	31	0	0	32
23404	1	0	1	31	0	33
23405	0	0	31	1	0	32
23406	0	0	2	30	0	32
23407	0	0	0	32	0	32
23408	31	0	0	2	0	33
23409	30	0	1	0	0	31
23410	1	30	0	1	0	32
23411	0	1	0	32	0	33
23412	1	0	30	2	0	33
23413	2	30	1	0	0	33
23414	31	2	0	0	0	33
23415	1	32	0	0	0	33
23416	33	1	1	0	0	35
23417	1	2	30	0	0	33
23418	34	0	1	0	0	35
23419	33	2	0	0	0	35
23420	2	1	33	0	0	36
23421	1	0	2	32	0	35
23422	1	33	1	1	0	36
23423	1	34	1	0	0	36
23424	1	34	1	0	0	36
23425	0	1	0	34	0	35
23426	0	1	34	1	0	36
23427	1	0	1	33	0	35
23428	1	0	0	34	0	35
23429	1	0	37	1	0	39
23430	0	37	1	1	0	39
23431	0	1	0	36	0	37
23432	36	1	0	1	0	38
23433	1	0	0	38	0	39
23434	0	0	0	37	0	37
23435	0	37	0	1	0	38
23436	36	1	0	1	0	38
23437	2	0	0	35	0	37
23438	1	0	35	1	0	37
23439	0	36	1	0	0	37
23440	34	2	0	0	0	36
23441	2	0	37	0	0	39
23442	37	0	2	0	0	39
23443	1	0	1	36	0	38
23444	0	37	0	2	0	39
23445	35	1	0	0	0	36
23446	37	0	1	0	0	38
23447	1	38	0	0	0	39
23448	0	1	0	35	0	36
23449	0	0	1	31	0	32
23450	30	0	0	0	0	30
23451	0	31	0	1	0	32
23452	0	0	0	27	0	27
23453	0	26	0	0	0	26
23454	0	25	0	0	0	25
23455	0	0	0	25	0	25
23456	25	0	0	0	0	25
23457	0	25	0	0	0	25
23458	0	0	0	25	0	25
23459	0	0	0	25	0	25
23460	0	0	27	0	0	27
23461	0	0	25	0	0	25
23462	0	28	0	0	0	28
23463	0	0	31	0	0	31
23464	0	0	0	31	0	31
23465	0	0	29	0	0	29
23466	0	0	0	31	0	31
23467	0	0	0	30	0	30
23468	0	0	0	31	0	31
23469	31	0	0	0	0	31
23470	0	0	0	30	0	30
23471	0	0	0	31	0	31
23472	0	30	0	0	0	30
23473	0	0	0	33	0	33
23474	33	0	0	0	0	33
23475	0	31	0	0	0	31
23476	33	0	0	1	0	34
23477	0	0	35	0	0	35
23478	0	0	32	0	0	32
23479	0	0	0	36	0	36
23480	0	0	0	36	0	36
23481	0	35	0	0	0	35
23482	0	0	0	34	0	34
23483	35	0	0	0	0	35
23484	35	0	0	0	0	35
23485	0	0	0	36	0	36
23486	0	0	43	0	0	43
23487	0	0	0	42	0	42
23488	0	0	0	43	0	43
23489	0	0	0	44	0	44
23490	0	0	0	42	0	42
23491	0	0	0	42	0	42
23492	0	42	0	0	0	42
23493	43	0	0	0	0	43
23494	46	0	0	0	0	46
23495	47	0	0	0	0	47
23496	0	47	0	0	0	47
23497	46	0	0	0	0	46
23498	0	45	0	1	0	46
23499	0	0	46	0	0	46
23500	0	0	0	43	0	43
23501	0	0	46	0	0	46
23502	0	45	0	0	0	45
23503	46	0	0	0	0	46
23504	0	0	49	0	0	49
23505	0	0	50	0	0	50
23506	0	51	1	0	0	52
23507	0	0	1	50	0	51
23508	0	1	51	0	0	52
23509	0	0	0	47	0	47
23510	0	0	1	54	0	55
23511	0	0	0	64	0	64
23512	69	0	0	1	0	70
23513	71	0	0	0	0	71
23514	2	0	0	72	0	74
23515	71	0	0	1	0	72
23516	1	0	70	1	0	72
23517	1	0	71	0	0	72
23518	0	0	71	0	0	71
23519	0	0	73	0	0	73
23520	0	73	2	0	0	75
23521	0	1	0	69	0	70
23522	0	1	72	1	0	74
23523	68	0	1	1	0	70
23524	72	0	1	0	0	73
23525	2	72	0	0	0	74
23526	72	1	0	0	0	73
23527	1	1	0	71	0	73
23528	1	0	74	1	0	76
23529	0	0	1	68	0	69
23530	0	71	1	1	0	73
23531	70	1	0	1	0	72
23532	69	1	0	1	0	71
23533	2	71	0	0	0	73
23534	73	1	0	0	0	74
23535	72	0	0	0	0	72
23536	2	74	0	0	0	76
23537	2	1	0	74	0	77
23538	0	76	0	1	0	77
23539	73	1	1	1	0	76
23540	1	1	0	74	0	76
23541	74	0	0	2	0	76
23542	1	1	0	74	0	76
23543	2	0	71	1	0	74
23544	70	0	2	1	0	73
23545	1	0	75	0	0	76
23546	2	1	1	71	0	75
23547	0	0	73	2	0	75
23548	0	0	2	74	0	76
23549	0	0	70	1	0	71
23550	71	0	1	2	0	74
23551	1	73	0	1	0	75
23552	76	1	0	0	0	77
23553	2	1	0	76	0	79
23554	75	0	0	2	0	77
23555	2	75	0	1	0	78
23556	1	73	1	0	0	75
23557	0	77	1	0	0	78
23558	75	1	1	0	0	77
23559	1	1	1	74	0	77
23560	1	1	0	72	0	74
23561	0	0	70	2	0	72
23562	0	0	70	1	0	71
23563	1	0	1	69	0	71
23564	1	0	72	1	0	74
23565	0	70	1	1	0	72
23566	71	1	0	0	0	72
23567	1	1	71	1	0	74
23568	1	0	72	0	0	73
23569	0	0	2	71	0	73
23570	71	1	1	1	0	74
23571	2	0	0	71	0	73
23572	72	0	0	1	0	73
23573	1	1	0	68	0	70
23574	2	0	70	1	0	73
23575	1	69	1	1	0	72
23576	0	1	70	0	0	71
23577	0	69	1	0	0	70
23578	0	3	1	65	0	69
23579	67	1	0	1	0	69
23580	1	0	66	2	0	69
23581	2	0	1	65	0	68
23582	0	0	0	68	0	68
23583	67	0	0	2	0	69
23584	2	0	0	65	0	67
23585	1	65	1	1	0	68
23586	57	1	0	2	0	60
23587	1	1	59	0	0	61
23588	55	0	1	1	0	57
23589	1	56	2	0	0	59
23590	2	1	0	56	0	59
23591	0	60	0	1	0	61
23592	59	1	0	1	0	61
23593	1	1	58	1	0	61
23594	54	0	1	0	0	55
23595	1	55	1	0	0	57
23596	1	1	0	56	0	58
23597	55	1	0	1	0	57
23598	56	0	0	1	0	57
23599	2	0	0	53	0	55
23600	1	0	0	57	0	58
23601	0	55	0	2	0	57
23602	0	1	0	60	0	61
23603	0	64	0	0	0	64
23604	0	63	0	0	0	63
23605	0	1	0	59	0	60
23606	0	62	0	1	0	63
23607	0	0	64	0	0	64
23608	0	0	65	0	0	65
23609	0	67	2	0	0	69
23610	0	1	69	0	0	70
23611	0	0	65	0	0	65
23612	0	0	59	0	0	59
23613	0	54	0	0	0	54
23614	54	0	0	0	0	54
23615	0	54	0	0	0	54
23616	1	0	54	0	0	55
23617	0	1	0	54	0	55
23618	51	0	1	0	0	52
23619	0	0	52	1	0	53
23620	1	0	0	52	0	53
23621	0	0	53	0	0	53
23622	0	0	0	50	0	50
23623	51	0	1	0	0	52
23624	0	0	52	1	0	53
23625	1	52	0	0	0	53
23626	0	0	1	52	0	53
23627	53	1	0	0	0	54
23628	0	0	50	1	0	51
23629	1	0	0	49	0	50
23630	0	50	1	0	0	51
23631	50	0	0	1	0	51
23632	56	1	0	0	0	57
23633	1	0	0	58	0	59
23634	1	56	0	0	0	57
23635	0	61	0	1	0	62
23636	62	0	0	0	0	62
23637	0	1	0	60	0	61
23638	1	62	0	0	0	63
23639	62	0	0	1	0	63
23640	0	1	0	62	0	63
23641	1	0	0	62	0	63
23642	0	0	59	1	0	60
23643	0	61	0	1	0	62
23644	0	60	1	0	0	61
23645	0	0	0	59	0	59
23646	59	1	0	0	0	60
23647	0	60	0	1	0	61
23648	61	0	0	0	0	61
23649	0	61	0	0	0	61
23650	1	0	0	61	0	62
23651	58	0	0	0	0	58
23652	0	0	0	61	0	61
23653	1	0	57	0	0	58
23654	0	0	0	56	0	56
23655	0	56	0	0	0	56
23656	56	0	0	0	0	56
23657	0	58	0	0	0	58
23658	1	0	0	57	0	58
23659	0	1	0	57	0	58
23660	0	0	55	1	0	56
23661	0	0	57	1	0	58
23662	0	0	1	57	0	58
23663	0	0	56	0	0	56
23664	0	57	0	1	0	58
23665	61	0	1	0	0	62
23666	0	1	66	0	0	67
23667	67	0	0	0	0	67
23668	66	0	1	0	0	67
23669	68	0	0	0	0	68
23670	68	0	0	0	0	68
23671	1	0	0	67	0	68
23672	1	0	0	65	0	66
23673	0	66	0	1	0	67
23674	63	0	0	1	0	64
23675	0	1	63	0	0	64
23676	1	0	0	62	0	63
23677	0	0	1	62	0	63
23678	0	0	62	1	0	63
23679	0	64	0	1	0	65
23680	1	0	0	63	0	64
23681	0	1	0	65	0	66
23682	65	0	0	1	0	66
23683	0	65	0	1	0	66
23684	1	0	0	61	0	62
23685	0	63	0	0	0	63
23686	0	0	0	66	0	66
23687	63	1	0	0	0	64
23688	65	0	0	1	0	66
23689	1	0	0	65	0	66
23690	65	0	0	0	0	65
23691	62	0	0	1	0	63
23692	1	62	0	0	0	63
23693	1	0	0	62	0	63
23694	0	66	0	0	0	66
23695	0	0	0	66	0	66
23696	63	1	0	0	0	64
23697	0	0	0	64	0	64
23698	1	0	0	64	0	65
23699	0	0	65	1	0	66
23700	0	60	0	1	0	61
23701	0	66	1	0	0	67
23702	62	1	0	0	0	63
23703	1	1	0	57	0	59
23704	56	0	0	0	0	56
23705	0	55	0	1	0	56
23706	1	50	0	0	0	51
23707	0	49	0	0	0	49
23708	42	2	0	0	0	44
23709	0	44	1	0	0	45
23710	35	0	2	0	0	37
23711	34	0	0	0	0	34
23712	37	0	0	0	0	37
23713	0	0	0	39	0	39
23714	0	0	0	38	0	38
23715	0	0	0	38	0	38
23716	0	0	0	38	0	38
23717	38	0	0	0	0	38
23718	0	37	0	0	0	37
23719	0	0	0	37	0	37
23720	38	0	0	0	0	38
23721	0	0	0	38	0	38
23722	0	0	0	38	0	38
23723	38	0	0	0	0	38
23724	0	0	36	0	0	36
23725	0	0	0	36	0	36
23726	0	0	36	0	0	36
23727	0	0	0	36	0	36
23728	0	0	0	35	0	35
23729	35	0	0	0	0	35
23730	0	35	0	0	0	35
23731	0	33	0	0	0	33
23732	31	0	0	0	0	31
23733	0	32	0	0	0	32
23734	30	0	0	0	0	30
23735	0	0	28	0	0	28
23736	27	0	0	0	0	27
23737	26	0	0	0	0	26
23738	27	0	0	0	0	27
23739	0	0	0	27	0	27
23740	0	0	0	27	0	27
23741	0	29	0	0	0	29
23742	0	0	0	29	0	29
23743	29	0	0	0	0	29
23744	0	29	0	0	0	29
23745	0	29	0	0	0	29
23746	29	0	0	0	0	29
23747	0	0	25	0	0	25
23748	0	0	0	24	0	24
23749	0	0	23	0	0	23
23750	0	0	0	25	0	25
23751	0	25	0	0	0	25
23752	0	0	0	25	0	25
23753	25	0	0	0	0	25
23754	0	0	0	25	0	25
23755	0	0	25	0	0	25
23756	24	0	0	0	0	24
23757	0	24	0	0	0	24
23758	0	27	0	0	0	27
23759	27	0	0	0	0	27
23760	31	0	0	0	0	31
23761	0	0	33	0	0	33
23762	29	0	0	0	0	29
23763	0	31	0	0	0	31
23764	30	0	0	0	0	30
23765	0	0	0	27	0	27
23766	0	22	0	0	0	22
23767	22	0	0	0	0	22
23768	0	0	22	0	0	22
23769	0	0	0	22	0	22
23770	22	0	0	0	0	22
23771	0	0	22	0	0	22
23772	24	0	0	0	0	24
23773	0	0	0	24	0	24
23774	0	0	0	24	0	24
23775	0	0	24	0	0	24
23776	0	0	0	24	0	24
23777	24	0	0	0	0	24
23778	0	24	0	0	0	24
23779	22	0	0	0	0	22
23780	21	0	0	0	0	21
23781	0	0	0	22	0	22
23782	0	0	24	0	0	24
23783	0	0	0	24	0	24
23784	24	0	0	0	0	24
23785	0	24	0	0	0	24
23786	24	0	0	0	0	24
23787	0	0	0	24	0	24
23788	0	0	0	24	0	24
23789	0	0	0	24	0	24
23790	0	0	24	0	0	24
23791	0	0	0	24	0	24
23792	0	0	25	0	0	25
23793	0	0	25	0	0	25
23794	0	0	0	33	0	33
23795	0	0	33	0	0	33
23796	39	0	0	0	0	39
23797	0	0	0	42	0	42
23798	0	0	0	44	0	44
23799	0	46	0	0	0	46
23800	46	0	0	0	0	46
23801	45	0	0	0	0	45
23802	0	48	0	0	0	48
23803	0	0	0	48	0	48
23804	0	0	48	0	0	48
23805	48	0	0	0	0	48
23806	48	0	0	0	0	48
23807	0	0	0	48	0	48
23808	0	0	48	0	0	48
23809	0	47	0	0	0	47
23810	47	0	0	0	0	47
23811	0	0	47	0	0	47
23812	0	44	0	0	0	44
23813	42	0	0	0	0	42
23814	42	0	0	0	0	42
23815	0	0	0	41	0	41
23816	0	42	0	0	0	42
23817	0	0	0	42	0	42
23818	0	0	0	42	0	42
23819	0	0	0	41	0	41
23820	0	0	0	42	0	42
23821	0	0	42	0	0	42
23822	0	0	0	43	0	43
23823	0	0	0	42	0	42
23824	0	0	42	0	0	42
23825	0	42	0	0	0	42
23826	43	0	0	0	0	43
23827	43	0	0	0	0	43
23828	0	0	0	43	0	43
23829	43	0	0	0	0	43
23830	0	0	0	46	0	46
23831	0	0	49	1	0	50
23832	0	0	52	0	0	52
23833	0	54	1	0	0	55
23834	57	1	0	0	0	58
23835	1	0	57	0	0	58
23836	0	0	1	56	0	57
23837	0	0	0	62	0	62
23838	0	0	0	62	0	62
23839	0	0	0	62	0	62
23840	0	0	0	60	0	60
23841	0	0	59	1	0	60
23842	0	0	1	59	0	60
23843	60	0	0	1	0	61
23844	1	60	0	0	0	61
23845	60	1	0	0	0	61
23846	1	61	0	0	0	62
23847	61	0	0	0	0	61
23848	62	0	0	0	0	62
23849	1	0	0	60	0	61
23850	0	0	0	61	0	61
23851	61	0	0	1	0	62
23852	61	0	0	0	0	61
23853	60	0	0	0	0	60
23854	1	59	0	0	0	60
23855	0	61	0	0	0	61
23856	0	1	61	0	0	62
23857	0	0	1	61	0	62
23858	0	0	59	1	0	60
23859	0	58	1	0	0	59
23860	0	1	2	55	0	58
23861	0	0	0	58	0	58
23862	0	0	0	58	0	58
23863	57	0	0	1	0	58
23864	55	0	0	0	0	55
23865	1	56	0	0	0	57
23866	0	1	0	56	0	57
23867	0	0	55	1	0	56
23868	0	0	56	0	0	56
23869	55	0	1	0	0	56
23870	57	0	0	0	0	57
23871	1	0	0	56	0	57
23872	53	0	0	1	0	54
23873	1	0	53	0	0	54
23874	0	54	1	0	0	55
23875	0	1	0	54	0	55
23876	0	0	54	1	0	55
23877	0	0	1	55	0	56
23878	0	0	0	56	0	56
23879	0	0	57	1	0	58
23880	56	0	1	0	0	57
23881	58	0	0	0	0	58
23882	1	57	0	0	0	58
23883	57	1	0	0	0	58
23884	59	0	0	0	0	59
23885	1	0	57	0	0	58
23886	57	0	1	0	0	58
23887	1	58	0	0	0	59
23888	56	1	0	0	0	57
23889	64	0	0	0	0	64
23890	67	0	0	0	0	67
23891	63	0	0	0	0	63
23892	65	0	0	1	0	66
23893	1	66	0	0	0	67
23894	58	1	0	0	0	59
23895	1	58	0	0	0	59
23896	0	52	0	0	0	52
23897	0	53	3	0	0	56
23898	50	1	3	0	0	54
23899	53	0	0	0	0	53
23900	1	0	52	0	0	53
23901	52	0	1	0	0	53
23902	53	0	0	0	0	53
23903	1	0	54	0	0	55
23904	0	0	1	54	0	55
23905	0	0	0	53	0	53
23906	0	0	0	54	0	54
23907	0	0	0	53	0	53
23908	0	0	0	54	0	54
23909	0	0	55	1	0	56
23910	0	56	1	0	0	57
23911	57	1	0	0	0	58
23912	1	58	0	0	0	59
23913	57	1	0	0	0	58
23914	59	0	0	0	0	59
23915	1	0	57	0	0	58
23916	0	0	1	56	0	57
23917	0	56	0	1	0	57
23918	57	1	0	0	0	58
23919	59	0	0	0	0	59
23920	57	0	0	0	0	57
23921	1	58	0	0	0	59
23922	59	1	0	0	0	60
23923	60	0	0	0	0	60
23924	60	0	0	0	0	60
23925	1	0	0	59	0	60
23926	0	0	0	60	0	60
23927	0	0	0	60	0	60
23928	59	0	0	1	0	60
23929	1	60	0	0	0	61
23930	56	0	0	0	0	56
23931	53	0	0	0	0	53
23932	49	0	0	0	0	49
23933	49	0	0	0	0	49
23934	0	46	0	0	0	46
23935	45	0	0	0	0	45
23936	0	43	0	0	0	43
23937	0	41	0	0	0	41
23938	42	0	0	0	0	42
23939	0	42	0	0	0	42
23940	0	41	0	0	0	41
23941	42	0	1	0	0	43
23942	42	0	0	0	0	42
23943	0	0	0	42	0	42
23944	0	0	0	39	0	39
23945	41	0	0	0	0	41
23946	41	0	0	0	0	41
23947	40	0	0	0	0	40
23948	0	0	38	0	0	38
23949	43	0	0	0	0	43
23950	0	0	0	43	0	43
23951	0	0	0	43	0	43
23952	0	0	0	43	0	43
23953	0	0	0	42	0	42
23954	0	0	42	0	0	42
23955	0	0	43	0	0	43
23956	0	0	0	43	0	43
23957	0	0	42	0	0	42
23958	0	0	43	0	0	43
23959	0	0	0	42	0	42
23960	0	0	0	38	0	38
23961	0	0	0	39	0	39
23962	0	0	0	38	0	38
23963	39	0	0	0	0	39
23964	39	0	0	0	0	39
23965	0	0	0	38	0	38
23966	0	0	0	38	0	38
23967	0	0	0	38	0	38
23968	0	0	0	38	0	38
23969	0	0	0	37	0	37
23970	0	37	0	0	0	37
23971	37	0	0	1	0	38
23972	0	38	0	0	0	38
23973	37	0	0	1	0	38
23974	37	0	0	1	0	38
23975	38	0	0	0	0	38
23976	0	0	0	37	0	37
23977	37	0	0	0	0	37
23978	0	0	0	37	0	37
23979	0	0	0	35	0	35
23980	34	0	0	0	0	34
23981	0	35	0	0	0	35
23982	0	32	0	0	0	32
23983	32	0	0	0	0	32
23984	0	0	32	0	0	32
23985	30	0	0	0	0	30
23986	0	0	0	30	0	30
23987	0	30	0	0	0	30
23988	0	30	0	0	0	30
23989	28	0	0	0	0	28
23990	0	0	0	24	0	24
23991	0	23	0	0	0	23
23992	24	0	0	0	0	24
23993	23	0	0	0	0	23
23994	24	0	0	0	0	24
23995	24	0	0	0	0	24
23996	0	23	0	0	0	23
23997	0	19	0	0	0	19
23998	19	0	0	0	0	19
23999	17	0	0	0	0	17
24000	0	0	16	0	0	16
24001	0	16	0	0	0	16
24002	14	0	0	0	0	14
24003	16	0	0	0	0	16
24004	0	0	16	0	0	16
24005	14	0	0	0	0	14
24006	0	0	16	0	0	16
24007	0	0	20	0	0	20
24008	0	0	0	22	0	22
24009	0	19	0	0	0	19
24010	19	0	0	0	0	19
24011	0	0	0	19	0	19
24012	0	0	0	19	0	19
24013	0	0	0	19	0	19
24014	19	0	0	0	0	19
24015	0	0	0	19	0	19
24016	0	0	0	22	0	22
24017	0	0	23	0	0	23
24018	22	0	0	0	0	22
24019	22	0	0	0	0	22
24020	0	0	23	0	0	23
24021	21	0	0	0	0	21
24022	0	0	0	21	0	21
24023	0	21	0	0	0	21
24024	0	0	0	21	0	21
24025	21	0	0	0	0	21
24026	0	21	0	0	0	21
24027	0	0	0	21	0	21
24028	0	0	0	21	0	21
24029	0	0	0	19	0	19
24030	0	0	0	19	0	19
24031	0	20	0	0	0	20
24032	20	0	0	0	0	20
24033	20	0	0	0	0	20
24034	0	20	0	0	0	20
24035	23	0	0	0	0	23
24036	23	0	0	0	0	23
24037	23	0	0	0	0	23
24038	0	0	23	0	0	23
24039	0	0	0	23	0	23
24040	0	0	22	0	0	22
24041	21	0	0	0	0	21
24042	0	22	0	0	0	22
24043	22	0	0	0	0	22
24044	0	22	0	1	0	23
24045	0	1	0	22	0	23
24046	1	0	0	23	0	24
24047	0	0	23	1	0	24
24048	0	23	0	1	0	24
24049	21	0	0	1	0	22
24050	1	0	21	0	0	22
24051	21	0	0	1	0	22
24052	0	0	0	22	0	22
24053	0	0	22	0	0	22
24054	1	20	0	0	0	21
24055	1	0	0	21	0	22
24056	0	0	21	0	0	21
24057	1	0	21	0	0	22
24058	0	19	0	1	0	20
24059	0	1	0	21	0	22
24060	0	0	0	22	0	22
24061	1	21	0	0	0	22
24062	21	1	0	0	0	22
24063	0	0	0	22	0	22
24064	0	21	0	0	0	21
24065	21	0	0	0	0	21
24066	21	0	0	1	0	22
24067	20	1	0	0	0	21
24068	1	21	0	0	0	22
24069	22	0	0	0	0	22
24070	21	1	0	0	0	22
24071	1	0	0	21	0	22
24072	21	0	0	0	0	21
24073	1	0	0	21	0	22
24074	0	0	21	0	0	21
24075	0	1	21	1	0	23
24076	1	0	1	21	0	23
24077	1	0	21	1	0	23
24078	20	1	0	0	0	21
24079	1	0	0	24	0	25
24080	1	1	0	23	0	25
24081	0	0	23	1	0	24
24082	0	23	0	1	0	24
24083	0	22	2	0	0	24
24084	1	1	0	24	0	26
24085	2	0	0	24	0	26
24086	0	0	26	0	0	26
24087	1	0	23	0	0	24
24088	0	0	0	26	0	26
24089	0	0	24	0	0	24
24090	23	1	0	1	0	25
24091	0	0	0	23	0	23
24092	23	1	1	0	0	25
24093	0	0	1	23	0	24
24094	0	1	0	24	0	25
24095	0	0	23	2	0	25
24096	0	23	0	2	0	25
24097	0	2	0	21	0	23
24098	2	0	21	0	0	23
24099	1	21	0	1	0	23
24100	0	2	0	20	0	22
24101	22	0	0	0	0	22
24102	2	0	20	0	0	22
24103	19	0	0	0	0	19
24104	0	1	18	0	0	19
24105	17	0	0	1	0	18
24106	1	16	1	0	0	18
24107	1	14	0	1	0	16
24108	0	0	0	12	0	12
24109	0	10	0	0	0	10
24110	11	0	0	0	0	11
24111	0	0	0	11	0	11
24112	0	0	0	11	0	11
24113	0	0	0	11	0	11
24114	0	0	11	0	0	11
24115	0	0	0	10	0	10
24116	0	0	8	0	0	8
24117	0	7	0	0	0	7
24118	7	0	0	0	0	7
24119	0	7	0	0	0	7
24120	7	0	0	0	0	7
24121	6	0	0	0	0	6
24122	7	0	0	0	0	7
24123	7	0	0	0	0	7
24124	0	0	7	0	0	7
24125	0	0	0	7	0	7
24126	0	0	0	7	0	7
24127	0	0	0	7	0	7
24128	7	0	0	0	0	7
24129	7	0	0	0	0	7
24130	0	10	0	0	0	10
24131	0	0	10	0	0	10
24132	0	0	10	0	0	10
24133	0	9	0	0	0	9
24134	0	10	0	0	0	10
24135	0	0	0	7	0	7
24136	0	0	0	7	0	7
24137	7	0	0	0	0	7
24138	0	6	0	0	0	6
24139	0	0	0	7	0	7
24140	0	0	9	0	0	9
24141	0	0	0	9	0	9
24142	0	0	0	9	0	9
24143	0	0	0	9	0	9
24144	0	0	0	9	0	9
24145	0	0	9	0	0	9
24146	0	7	0	0	0	7
24147	0	8	0	0	0	8
24148	8	0	0	0	0	8
24149	0	8	0	0	0	8
24150	0	8	0	0	0	8
24151	0	0	0	8	0	8
24152	0	0	0	8	0	8
24153	0	0	0	8	0	8
24154	0	0	8	0	0	8
24155	0	7	0	0	0	7
24156	0	0	0	8	0	8
24157	0	10	0	0	0	10
24158	10	0	0	0	0	10
24159	0	10	0	0	0	10
24160	10	0	0	0	0	10
24161	0	0	10	0	0	10
24162	10	0	0	0	0	10
24163	0	0	0	10	0	10
24164	0	0	10	0	0	10
24165	10	0	0	0	0	10
24166	10	0	0	0	0	10
24167	10	0	0	0	0	10
24168	0	0	0	10	0	10
24169	0	0	10	0	0	10
24170	10	0	0	0	0	10
24171	0	0	0	10	0	10
24172	0	0	0	10	0	10
24173	0	0	11	0	0	11
24174	0	11	0	0	0	11
24175	0	0	0	11	0	11
24176	0	11	0	0	0	11
24177	11	0	0	0	0	11
24178	11	0	0	0	0	11
24179	0	0	0	9	0	9
24180	9	0	0	0	0	9
24181	0	9	0	0	0	9
24182	9	0	0	0	0	9
24183	0	8	0	0	0	8
24184	0	0	0	8	0	8
24185	0	0	0	8	0	8
24186	0	8	0	0	0	8
24187	0	0	0	8	0	8
24188	0	0	12	0	0	12
24189	0	12	0	0	0	12
24190	10	0	0	0	0	10
24191	0	12	0	0	0	12
24192	0	0	0	11	0	11
24193	0	0	12	0	0	12
24194	0	0	0	11	0	11
24195	0	0	0	12	0	12
24196	12	0	0	0	0	12
24197	0	0	12	0	0	12
24198	0	11	0	0	0	11
24199	0	0	12	0	0	12
24200	0	0	12	0	0	12
24201	0	0	12	0	0	12
24202	0	0	0	10	0	10
24203	13	0	0	0	0	13
24204	0	13	0	0	0	13
24205	13	0	0	0	0	13
24206	14	0	0	0	0	14
24207	0	0	0	12	0	12
24208	0	14	0	0	0	14
24209	13	0	0	0	0	13
24210	0	14	0	0	0	14
24211	0	0	0	14	0	14
24212	0	0	0	14	0	14
24213	0	14	0	0	0	14
24214	0	0	0	14	0	14
24215	0	0	14	0	0	14
24216	0	0	13	0	0	13
24217	0	0	0	13	0	13
24218	0	0	0	14	0	14
24219	0	0	14	0	0	14
24220	0	0	14	0	0	14
24221	14	0	0	0	0	14
24222	0	14	0	0	0	14
24223	0	12	0	2	0	14
24224	0	0	0	13	0	13
24225	0	0	0	14	0	14
24226	0	0	0	14	0	14
24227	0	0	14	0	0	14
24228	0	0	13	0	0	13
24229	0	0	0	14	0	14
24230	0	0	11	0	0	11
24231	0	11	0	0	0	11
24232	11	0	0	0	0	11
24233	0	0	11	0	0	11
24234	0	0	11	0	0	11
24235	0	0	0	12	0	12
24236	0	0	16	0	0	16
24237	0	17	0	0	0	17
24238	0	0	0	19	0	19
24239	0	0	19	0	0	19
24240	0	17	0	0	0	17
24241	17	0	0	0	0	17
24242	0	0	0	15	0	15
24243	0	0	0	17	0	17
24244	17	0	0	0	0	17
24245	0	17	0	0	0	17
24246	17	0	0	0	0	17
24247	17	0	0	0	0	17
24248	16	0	0	0	0	16
24249	0	0	0	17	0	17
24250	17	0	0	0	0	17
24251	0	17	0	0	0	17
24252	0	17	0	0	0	17
24253	17	0	0	0	0	17
24254	0	0	0	17	0	17
24255	0	0	0	17	0	17
24256	0	0	0	17	0	17
24257	0	0	15	0	0	15
24258	0	16	0	0	0	16
24259	0	0	0	16	0	16
24260	16	0	0	0	0	16
24261	0	0	0	16	0	16
24262	0	0	15	0	0	15
24263	0	16	0	0	0	16
24264	17	0	0	0	0	17
24265	17	0	0	0	0	17
24266	15	0	0	0	0	15
24267	0	0	0	17	0	17
24268	0	0	17	0	0	17
24269	0	0	18	0	0	18
24270	0	19	0	0	0	19
24271	0	0	0	19	0	19
24272	0	0	0	19	0	19
24273	18	0	0	0	0	18
24274	0	0	0	18	0	18
24275	18	0	0	0	0	18
24276	0	0	18	0	0	18
24277	0	0	18	0	0	18
24278	0	0	0	18	0	18
24279	0	0	0	17	0	17
24280	0	0	0	17	0	17
24281	18	0	0	0	0	18
24282	20	0	0	0	0	20
24283	0	0	0	20	0	20
24284	0	0	20	0	0	20
24285	0	0	20	0	0	20
24286	0	0	0	20	0	20
24287	20	0	0	0	0	20
24288	0	0	0	17	0	17
24289	1	0	0	16	0	17
24290	0	0	16	1	0	17
24291	0	0	16	1	0	17
24292	15	0	1	0	0	16
24293	0	0	17	0	0	17
24294	1	0	0	16	0	17
24295	0	0	1	16	0	17
24296	16	0	0	1	0	17
24297	0	16	0	1	0	17
24298	15	0	0	0	0	15
24299	0	17	0	0	0	17
24300	17	0	0	0	0	17
24301	0	1	16	0	0	17
24302	17	0	0	0	0	17
24303	15	0	1	0	0	16
24304	1	0	0	15	0	16
24305	1	0	15	0	0	16
24306	0	0	0	15	0	15
24307	0	0	1	14	0	15
24308	0	14	0	1	0	15
24309	0	0	0	15	0	15
24310	0	15	0	0	0	15
24311	0	0	0	15	0	15
24312	14	1	0	0	0	15
24313	0	0	0	15	0	15
24314	1	0	14	0	0	15
24315	14	0	0	1	0	15
24316	0	0	15	0	0	15
24317	15	0	0	0	0	15
24318	13	0	1	0	0	14
24319	1	14	0	0	0	15
24320	1	14	0	0	0	15
24321	14	1	0	0	0	15
24322	13	1	0	0	0	14
24323	14	0	0	0	0	14
24324	15	0	0	0	0	15
24325	15	0	0	0	0	15
24326	1	0	0	14	0	15
24327	0	0	0	14	0	14
24328	0	0	14	1	0	15
24329	14	0	0	1	0	15
24330	0	0	1	14	0	15
24331	1	0	0	14	0	15
24332	0	0	14	1	0	15
24333	0	14	0	1	0	15
24334	0	14	1	0	0	15
24335	13	1	0	0	0	14
24336	8	1	0	0	0	9
24337	1	8	0	0	0	9
24338	1	6	0	0	0	7
24339	6	1	0	0	0	7
24340	6	1	0	0	0	7
24341	1	0	0	6	0	7
24342	1	0	0	6	0	7
24343	0	0	0	7	0	7
24344	6	0	0	1	0	7
24345	6	0	0	1	0	7
24346	1	0	0	6	0	7
24347	6	0	0	0	0	6
24348	0	0	6	1	0	7
24349	1	0	0	6	0	7
24350	0	0	7	0	0	7
24351	0	6	0	1	0	7
24352	0	0	1	6	0	7
24353	6	1	0	0	0	7
24354	0	0	0	7	0	7
24355	1	0	0	6	0	7
24356	0	0	6	1	0	7
24357	0	0	5	1	0	6
24358	0	6	1	0	0	7
24359	6	0	1	0	0	7
24360	6	1	0	0	0	7
24361	7	0	0	0	0	7
24362	7	0	0	0	0	7
24363	1	0	0	5	0	6
24364	1	0	0	5	0	6
24365	0	5	0	1	0	6
24366	5	0	0	0	0	5
24367	5	1	0	0	0	6
24368	1	0	5	0	0	6
24369	4	0	0	0	0	4
24370	0	3	1	0	0	4
24371	1	0	0	3	0	4
24372	0	4	0	0	0	4
24373	3	0	0	1	0	4
24374	0	7	0	0	0	7
24375	1	0	0	6	0	7
24376	0	1	0	6	0	7
24377	0	0	0	7	0	7
24378	0	6	0	1	0	7
24379	0	0	0	7	0	7
24380	0	0	0	6	0	6
24381	0	6	0	1	0	7
24382	0	4	0	1	0	5
24383	4	1	0	0	0	5
24384	0	5	0	0	0	5
24385	5	0	0	0	0	5
24386	0	0	5	0	0	5
24387	0	5	0	0	0	5
24388	5	0	0	0	0	5
24389	5	0	0	0	0	5
24390	0	0	5	0	0	5
24391	0	0	0	5	0	5
24392	0	0	5	0	0	5
24393	0	5	0	0	0	5
24394	5	0	0	0	0	5
24395	0	5	0	0	0	5
24396	0	0	0	5	0	5
24397	0	0	0	5	0	5
24398	0	0	5	0	0	5
24399	0	0	5	0	0	5
24400	5	0	0	0	0	5
24401	5	0	0	0	0	5
24402	5	0	0	0	0	5
24403	5	0	0	0	0	5
24404	0	9	0	0	0	9
24405	0	0	0	9	0	9
24406	0	0	0	9	0	9
24407	0	9	0	0	0	9
24408	9	0	0	0	0	9
24409	9	0	0	0	0	9
24410	0	0	9	0	0	9
24411	9	0	0	0	0	9
24412	0	0	0	9	0	9
24413	0	0	9	0	0	9
24414	0	0	0	9	0	9
24415	0	0	9	0	0	9
24416	0	0	8	0	0	8
24417	0	0	0	9	0	9
24418	0	9	0	0	0	9
24419	9	0	0	0	0	9
24420	9	0	0	0	0	9
24421	0	8	0	0	0	8
24422	0	9	0	0	0	9
24423	9	0	0	0	0	9
24424	9	0	0	0	0	9
24425	9	0	0	0	0	9
24426	9	0	0	0	0	9
24427	0	0	0	9	0	9
24428	0	0	9	0	0	9
24429	0	9	0	0	0	9
24430	9	0	0	0	0	9
24431	0	9	0	0	0	9
24432	9	0	0	0	0	9
24433	9	0	0	0	0	9
24434	0	0	9	0	0	9
24435	0	9	0	0	0	9
24436	0	0	0	9	0	9
24437	0	0	0	9	0	9
24438	0	0	0	9	0	9
24439	9	0	0	0	0	9
24440	9	0	0	0	0	9
24441	9	0	0	0	0	9
24442	0	9	0	0	0	9
24443	9	0	0	0	0	9
24444	0	9	0	0	0	9
24445	0	0	8	0	0	8
24446	0	9	0	0	0	9
24447	0	0	0	9	0	9
24448	0	0	0	9	0	9
24449	0	0	9	0	0	9
24450	0	0	0	8	0	8
24451	0	0	0	9	0	9
24452	9	0	0	0	0	9
24453	9	0	0	0	0	9
24454	9	0	0	0	0	9
24455	0	9	0	0	0	9
24456	9	0	0	0	0	9
24457	9	0	0	0	0	9
24458	0	8	0	0	0	8
24459	0	0	0	9	0	9
24460	0	0	0	9	0	9
24461	9	0	0	0	0	9
24462	0	0	8	0	0	8
24463	0	9	0	0	0	9
24464	0	0	0	9	0	9
24465	0	8	0	0	0	8
24466	0	8	0	0	0	8
24467	9	0	0	0	0	9
24468	9	0	0	0	0	9
24469	0	0	0	9	0	9
24470	0	0	0	9	0	9
24471	0	0	0	9	0	9
24472	0	0	0	9	0	9
24473	0	0	8	0	0	8
24474	0	0	6	0	0	6
24475	0	0	0	7	0	7
24476	0	0	6	0	0	6
24477	0	7	0	0	0	7
24478	7	0	0	0	0	7
24479	7	0	0	0	0	7
24480	0	0	0	7	0	7
24481	0	0	0	6	0	6
24482	0	0	0	7	0	7
24483	0	7	0	0	0	7
24484	6	0	0	1	0	7
24485	6	0	0	0	0	6
24486	0	0	6	0	0	6
24487	0	0	0	7	0	7
24488	0	0	8	0	0	8
24489	0	0	0	14	0	14
24490	0	0	0	14	0	14
24491	0	0	0	13	0	13
24492	0	0	0	14	0	14
24493	14	0	0	0	0	14
24494	12	0	0	0	0	12
24495	14	0	0	0	0	14
24496	0	0	0	14	0	14
24497	0	0	12	0	0	12
24498	13	0	0	1	0	14
24499	0	0	0	15	0	15
24500	15	0	0	0	0	15
24501	0	0	0	14	0	14
24502	0	15	0	0	0	15
24503	0	15	0	0	0	15
24504	0	0	0	11	0	11
24505	0	0	0	10	0	10
24506	0	0	0	10	0	10
24507	0	11	0	0	0	11
24508	11	0	0	0	0	11
24509	0	11	0	0	0	11
24510	0	0	11	0	0	11
24511	0	0	0	11	0	11
24512	0	11	0	0	0	11
24513	0	0	0	11	0	11
24514	0	0	0	11	0	11
24515	0	0	11	0	0	11
24516	11	0	0	0	0	11
24517	0	13	0	1	0	14
24518	13	0	1	0	0	14
24519	13	0	0	1	0	14
24520	13	0	0	1	0	14
24521	0	0	13	1	0	14
24522	0	0	0	14	0	14
24523	1	0	0	13	0	14
24524	1	0	13	0	0	14
24525	14	0	0	0	0	14
24526	0	0	13	1	0	14
24527	0	0	14	0	0	14
24528	1	13	0	0	0	14
24529	0	0	0	13	0	13
24530	1	0	13	0	0	14
24531	12	0	0	1	0	13
24532	13	0	0	0	0	13
24533	0	1	12	0	0	13
24534	0	0	0	14	0	14
24535	0	0	14	1	0	15
24536	0	14	0	1	0	15
24537	15	1	0	0	0	16
24538	15	0	0	1	0	16
24539	15	1	0	0	0	16
24540	0	0	1	15	0	16
24541	0	0	0	16	0	16
24542	0	1	15	0	0	16
24543	16	0	0	1	0	17
24544	0	0	0	17	0	17
24545	16	0	1	0	0	17
24546	1	0	16	0	0	17
24547	0	1	15	0	0	16
24548	1	0	0	16	0	17
24549	1	0	0	16	0	17
24550	1	0	16	0	0	17
24551	16	0	1	0	0	17
24552	0	0	0	17	0	17
24553	0	16	0	1	0	17
24554	16	0	1	0	0	17
24555	1	17	0	0	0	18
24556	17	0	1	0	0	18
24557	0	0	17	0	0	17
24558	0	1	16	0	0	17
24559	0	16	0	1	0	17
24560	16	0	1	0	0	17
24561	1	0	16	0	0	17
24562	17	0	0	0	0	17
24563	0	16	1	0	0	17
24564	0	0	0	17	0	17
24565	0	0	1	16	0	17
24566	0	16	0	0	0	16
24567	19	0	0	0	0	19
24568	19	0	0	0	0	19
24569	19	0	0	0	0	19
24570	0	0	19	1	0	20
24571	0	0	0	21	0	21
24572	0	0	1	20	0	21
24573	1	0	0	20	0	21
24574	0	0	19	1	0	20
24575	1	19	0	0	0	20
24576	19	0	1	0	0	20
24577	0	0	20	0	0	20
24578	18	0	0	1	0	19
24579	0	19	0	1	0	20
24580	19	0	0	0	0	19
24581	1	0	0	19	0	20
24582	19	0	0	1	0	20
24583	0	1	0	19	0	20
24584	1	0	19	0	0	20
24585	0	2	0	19	0	21
24586	1	0	20	0	0	21
24587	16	0	0	0	0	16
24588	0	18	0	0	0	18
24589	0	0	0	12	0	12
24590	0	12	0	0	0	12
24591	12	0	0	0	0	12
24592	12	0	0	0	0	12
24593	0	12	0	0	0	12
24594	12	0	0	0	0	12
24595	12	0	0	0	0	12
24596	0	0	0	12	0	12
24597	0	0	0	12	0	12
24598	12	0	0	0	0	12
24599	11	0	0	0	0	11
24600	0	0	0	11	0	11
24601	0	0	0	12	0	12
24602	12	0	0	0	0	12
24603	0	0	12	0	0	12
24604	12	0	0	0	0	12
24605	0	0	12	0	0	12
24606	0	12	0	0	0	12
24607	0	0	0	12	0	12
24608	0	0	14	0	0	14
24609	0	14	0	0	0	14
24610	14	0	0	0	0	14
24611	0	0	19	0	0	19
24612	19	0	0	0	0	19
24613	18	0	0	0	0	18
24614	19	0	0	0	0	19
24615	0	0	0	19	0	19
24616	0	19	0	0	0	19
24617	16	0	0	0	0	16
24618	0	0	17	0	0	17
24619	16	0	0	0	0	16
24620	0	0	17	0	0	17
24621	0	17	0	0	0	17
24622	0	0	0	17	0	17
24623	0	0	0	17	0	17
24624	0	17	0	0	0	17
24625	0	0	0	17	0	17
24626	0	0	17	0	0	17
24627	0	18	0	0	0	18
24628	0	0	0	18	0	18
24629	18	0	0	0	0	18
24630	20	0	0	0	0	20
24631	0	0	0	21	0	21
24632	0	23	0	0	0	23
24633	0	0	0	23	0	23
24634	0	0	0	23	0	23
24635	0	0	23	0	0	23
24636	0	23	0	0	0	23
24637	0	0	0	22	0	22
24638	0	0	22	0	0	22
24639	0	22	0	0	0	22
24640	0	0	0	22	0	22
24641	22	0	0	0	0	22
24642	0	22	0	0	0	22
24643	0	0	0	22	0	22
24644	22	0	0	0	0	22
24645	22	0	0	0	0	22
24646	22	0	0	0	0	22
24647	22	0	0	0	0	22
24648	0	0	0	22	0	22
24649	0	0	22	0	0	22
24650	0	0	0	22	0	22
24651	0	22	0	0	0	22
24652	22	0	0	0	0	22
24653	0	0	22	0	0	22
24654	20	0	0	0	0	20
24655	0	0	21	0	0	21
24656	0	0	0	21	0	21
24657	0	0	22	0	0	22
24658	0	0	0	22	0	22
24659	0	0	22	0	0	22
24660	0	0	0	21	0	21
24661	22	0	0	0	0	22
24662	0	23	0	0	0	23
24663	0	0	0	23	0	23
24664	0	0	0	23	0	23
24665	0	0	25	0	0	25
24666	0	0	25	0	0	25
24667	23	0	0	0	0	23
24668	0	23	0	0	0	23
24669	22	0	0	0	0	22
24670	22	0	0	0	0	22
24671	0	0	0	20	0	20
24672	0	20	0	0	0	20
24673	21	0	0	0	0	21
24674	21	0	0	0	0	21
24675	21	0	0	0	0	21
24676	21	0	0	0	0	21
24677	21	0	0	0	0	21
24678	0	0	21	0	0	21
24679	20	0	0	0	0	20
24680	0	0	21	0	0	21
24681	0	0	0	21	0	21
24682	1	0	0	20	0	21
24683	0	0	21	0	0	21
24684	20	0	0	0	0	20
24685	0	0	0	25	0	25
24686	1	0	0	24	0	25
24687	0	0	0	25	0	25
24688	0	0	0	25	0	25
24689	0	0	0	25	0	25
24690	0	0	26	0	0	26
24691	0	0	0	28	0	28
24692	0	0	26	2	0	28
24693	0	0	26	2	0	28
24694	25	0	0	2	0	27
24695	26	0	0	2	0	28
24696	26	0	2	1	0	29
24697	0	0	28	2	0	30
24698	0	0	29	0	0	29
24699	0	0	30	0	0	30
24700	2	27	2	0	0	31
24701	1	2	0	27	0	30
24702	29	0	0	2	0	31
24703	2	0	2	28	0	32
24704	0	28	2	2	0	32
24705	28	2	2	0	0	32
24706	2	2	0	27	0	31
24707	0	30	0	4	0	34
24708	2	1	0	28	0	31
24709	0	0	0	32	0	32
24710	27	2	0	2	0	31
24711	4	0	0	23	0	27
24712	0	0	25	4	0	29
24713	0	2	2	25	0	29
24714	0	24	0	4	0	28
24715	0	27	0	2	0	29
24716	2	2	0	25	0	29
24717	0	0	0	27	0	27
24718	0	24	2	2	0	28
24719	0	27	0	2	0	29
24720	0	29	0	0	0	29
24721	0	4	0	24	0	28
24722	0	25	0	4	0	29
24723	25	1	0	2	0	28
24724	2	2	25	0	0	29
24725	0	2	2	25	0	29
24726	0	26	0	1	0	27
24727	24	1	0	2	0	27
24728	2	2	23	0	0	27
24729	2	24	2	0	0	28
24730	22	2	2	0	0	26
24731	1	19	0	2	0	22
24732	0	22	0	0	0	22
24733	2	2	0	18	0	22
24734	0	19	2	1	0	22
24735	18	4	0	0	0	22
24736	4	0	0	17	0	21
24737	0	2	18	2	0	22
24738	0	2	20	0	0	22
24739	0	0	2	20	0	22
24740	0	2	18	2	0	22
24741	2	0	2	19	0	23
24742	19	0	0	4	0	23
24743	2	0	19	0	0	21
24744	0	0	4	17	0	21
24745	0	18	0	4	0	22
24746	0	2	2	18	0	22
24747	0	0	0	21	0	21
24748	2	18	0	2	0	22
24749	0	2	2	18	0	22
24750	0	0	0	22	0	22
24751	0	2	17	2	0	21
24752	0	18	2	2	0	22
24753	18	1	0	1	0	20
24754	2	2	0	18	0	22
24755	0	0	18	4	0	22
24756	0	0	2	19	0	21
24757	0	0	19	2	0	21
24758	16	2	2	0	0	20
24759	4	17	0	0	0	21
24760	0	2	0	19	0	21
24761	0	0	2	18	0	20
24762	16	0	0	4	0	20
24763	2	0	2	16	0	20
24764	2	0	14	2	0	18
24765	0	2	2	13	0	17
24766	0	13	0	4	0	17
24767	0	14	0	2	0	16
24768	2	16	0	0	0	18
24769	0	2	0	15	0	17
24770	0	0	15	1	0	16
24771	0	13	2	1	0	16
24772	14	4	0	0	0	18
24773	2	17	1	0	0	20
24774	16	4	0	0	0	20
24775	18	0	0	2	0	20
24776	2	0	18	0	0	20
24777	16	2	2	0	0	20
24778	19	1	0	0	0	20
24779	18	2	0	0	0	20
24780	20	0	0	0	0	20
24781	4	0	15	0	0	19
24782	17	0	4	0	0	21
24783	19	0	0	0	0	19
24784	4	20	1	0	0	25
24785	0	2	0	18	0	20
24786	0	0	0	19	0	19
24787	0	16	0	2	0	18
24788	18	2	0	0	0	20
24789	2	16	0	0	0	18
24790	17	2	0	0	0	19
24791	19	0	0	0	0	19
24792	2	16	1	0	0	19
24793	0	2	0	17	0	19
24794	0	0	16	2	0	18
24795	0	16	3	0	0	19
24796	0	2	0	15	0	17
24797	0	17	0	2	0	19
24798	0	18	0	0	0	18
24799	0	0	0	17	0	17
24800	0	0	17	0	0	17
24801	0	16	0	0	0	16
24802	0	15	1	0	0	16
24803	17	0	0	0	0	17
24804	0	0	0	17	0	17
24805	0	0	0	18	0	18
24806	0	0	0	23	0	23
24807	0	0	21	0	0	21
24808	0	0	0	21	0	21
24809	0	21	0	0	0	21
24810	24	0	0	0	0	24
24811	0	0	0	24	0	24
24812	0	0	21	0	0	21
24813	22	0	0	0	0	22
24814	0	0	0	22	0	22
24815	0	0	23	0	0	23
24816	0	0	23	0	0	23
24817	24	0	0	0	0	24
24818	24	0	0	0	0	24
24819	24	0	0	0	0	24
24820	24	0	0	0	0	24
24821	0	0	23	0	0	23
24822	0	23	0	0	0	23
24823	24	0	0	0	0	24
24824	0	24	0	0	0	24
24825	24	0	0	0	0	24
24826	0	24	0	0	0	24
24827	0	0	0	24	0	24
24828	0	1	0	23	0	24
24829	0	0	0	24	0	24
24830	0	24	0	0	0	24
24831	0	24	0	0	0	24
24832	0	0	0	24	0	24
24833	0	24	0	0	0	24
24834	0	0	24	0	0	24
24835	0	0	0	23	0	23
24836	0	0	23	0	0	23
24837	21	0	0	0	0	21
24838	23	0	0	0	0	23
24839	0	0	23	0	0	23
24840	0	0	23	0	0	23
24841	0	0	0	23	0	23
24842	0	0	23	0	0	23
24843	0	0	0	23	0	23
24844	0	23	0	0	0	23
24845	0	0	0	25	0	25
24846	0	0	0	26	0	26
24847	0	0	0	26	0	26
24848	0	0	27	0	0	27
24849	0	0	0	27	0	27
24850	0	0	0	26	0	26
24851	0	0	0	26	0	26
24852	0	27	0	0	0	27
24853	27	0	0	0	0	27
24854	27	0	0	0	0	27
24855	27	0	0	0	0	27
24856	0	0	0	26	0	26
24857	0	0	27	0	0	27
24858	3	0	22	0	0	25
24859	0	23	0	0	0	23
24860	24	0	0	0	0	24
24861	0	26	0	0	0	26
24862	26	0	0	0	0	26
24863	0	26	0	0	0	26
24864	26	0	0	0	0	26
24865	0	24	0	0	0	24
24866	0	0	0	26	0	26
24867	0	0	26	0	0	26
24868	0	0	26	0	0	26
24869	0	0	0	25	0	25
24870	0	0	0	25	0	25
24871	0	0	0	26	0	26
24872	1	0	24	0	0	25
24873	0	0	0	23	0	23
24874	22	0	0	0	0	22
24875	23	0	0	0	0	23
24876	0	23	0	0	0	23
24877	22	0	0	0	0	22
24878	0	22	0	0	0	22
24879	23	0	0	0	0	23
24880	23	0	0	0	0	23
24881	23	0	0	0	0	23
24882	0	0	24	0	0	24
24883	0	0	22	1	0	23
24884	21	0	0	0	0	21
24885	18	0	0	0	0	18
24886	0	0	0	18	0	18
24887	0	0	0	22	0	22
24888	0	0	0	22	0	22
24889	0	0	0	22	0	22
24890	0	0	0	20	0	20
24891	22	0	0	0	0	22
24892	0	0	0	22	0	22
24893	0	0	21	0	0	21
24894	20	0	0	0	0	20
24895	22	0	0	0	0	22
24896	0	21	0	0	0	21
24897	0	20	0	0	0	20
24898	20	0	0	0	0	20
24899	0	22	0	0	0	22
24900	25	0	0	0	0	25
24901	24	0	0	0	0	24
24902	24	0	0	0	0	24
24903	0	0	0	23	0	23
24904	0	21	0	0	0	21
24905	21	0	0	0	0	21
24906	0	0	0	18	0	18
24907	0	0	0	18	0	18
24908	18	0	0	0	0	18
24909	0	18	0	0	0	18
24910	0	0	0	15	0	15
24911	14	0	0	0	0	14
24912	0	15	0	0	0	15
24913	13	0	0	0	0	13
24914	0	0	13	0	0	13
24915	15	0	0	0	0	15
24916	0	15	0	0	0	15
24917	17	0	0	0	0	17
24918	16	0	0	0	0	16
24919	0	16	0	0	0	16
24920	17	0	0	0	0	17
24921	0	15	0	0	0	15
24922	17	0	0	0	0	17
24923	0	0	0	16	0	16
24924	0	0	0	17	0	17
24925	0	0	0	17	0	17
24926	0	0	17	0	0	17
24927	0	0	0	17	0	17
24928	0	0	17	0	0	17
24929	0	0	0	13	0	13
24930	0	14	0	0	0	14
24931	0	0	0	14	0	14
24932	0	0	14	0	0	14
24933	0	0	14	0	0	14
24934	0	0	0	14	0	14
24935	14	0	0	0	0	14
24936	14	0	0	0	0	14
24937	0	15	0	0	0	15
24938	0	0	0	15	0	15
24939	0	0	16	0	0	16
24940	0	0	0	15	0	15
24941	0	0	16	0	0	16
24942	16	0	0	0	0	16
24943	0	0	0	16	0	16
24944	0	0	16	0	0	16
24945	0	0	0	16	0	16
24946	0	0	0	16	0	16
24947	0	0	16	0	0	16
24948	0	0	0	15	0	15
24949	15	0	0	0	0	15
24950	15	0	0	0	0	15
24951	0	0	0	15	0	15
24952	15	0	0	0	0	15
24953	0	0	15	0	0	15
24954	0	0	15	0	0	15
24955	14	0	0	0	0	14
24956	14	0	0	0	0	14
24957	0	0	0	15	0	15
24958	0	0	0	15	0	15
24959	0	0	17	0	0	17
24960	0	0	0	15	0	15
24961	0	17	0	0	0	17
24962	17	0	0	0	0	17
24963	17	0	0	0	0	17
24964	0	17	0	0	0	17
24965	17	0	0	0	0	17
24966	17	0	0	0	0	17
24967	0	17	0	0	0	17
24968	17	0	0	0	0	17
24969	0	17	0	0	0	17
24970	17	0	0	0	0	17
24971	0	0	17	0	0	17
24972	0	0	0	18	0	18
24973	0	0	0	18	0	18
24974	0	0	0	18	0	18
24975	18	0	0	0	0	18
24976	0	0	0	18	0	18
24977	0	0	18	0	0	18
24978	17	0	0	0	0	17
24979	0	0	0	18	0	18
24980	0	18	0	0	0	18
24981	0	18	0	0	0	18
24982	0	0	0	18	0	18
24983	0	0	0	18	0	18
24984	0	0	0	18	0	18
24985	0	0	17	0	0	17
24986	0	18	0	0	0	18
24987	15	0	0	0	0	15
24988	15	0	0	0	0	15
24989	0	15	0	0	0	15
24990	0	16	0	0	0	16
24991	0	0	0	16	0	16
24992	0	0	16	0	0	16
24993	16	0	0	0	0	16
24994	16	0	0	0	0	16
24995	0	0	0	16	0	16
24996	0	0	0	15	0	15
24997	16	0	0	0	0	16
24998	0	0	16	0	0	16
24999	13	0	0	0	0	13
25000	0	13	0	0	0	13
25001	0	0	0	13	0	13
25002	0	13	0	0	0	13
25003	13	0	0	0	0	13
25004	0	0	0	13	0	13
25005	0	0	0	12	0	12
25006	0	10	0	2	0	12
25007	12	0	0	0	0	12
25008	12	0	0	0	0	12
25009	0	0	12	0	0	12
25010	0	0	12	0	0	12
25011	12	0	0	0	0	12
25012	0	0	12	0	0	12
25013	0	0	12	0	0	12
25014	10	0	0	0	0	10
25015	0	0	12	0	0	12
25016	0	0	0	12	0	12
25017	0	0	0	9	0	9
25018	11	0	0	0	0	11
25019	0	0	11	0	0	11
25020	10	0	0	0	0	10
25021	0	0	0	11	0	11
25022	11	0	0	0	0	11
25023	11	0	0	0	0	11
25024	11	0	0	0	0	11
25025	0	0	0	11	0	11
25026	12	0	0	0	0	12
25027	0	0	0	13	0	13
25028	0	0	0	13	0	13
25029	0	0	0	13	0	13
25030	0	0	0	13	0	13
25031	13	0	0	0	0	13
25032	13	0	0	0	0	13
25033	0	0	14	0	0	14
25034	15	0	0	0	0	15
25035	14	0	0	0	0	14
25036	0	0	0	14	0	14
25037	0	14	0	0	0	14
25038	14	0	0	0	0	14
25039	0	0	0	13	0	13
25040	13	0	0	0	0	13
25041	0	13	0	0	0	13
25042	13	0	0	0	0	13
25043	0	0	0	13	0	13
25044	0	13	0	0	0	13
25045	13	0	0	0	0	13
25046	0	13	0	0	0	13
25047	0	13	0	0	0	13
25048	12	0	0	0	0	12
25049	0	0	13	0	0	13
25050	13	0	0	0	0	13
25051	0	0	0	12	0	12
25052	0	0	13	0	0	13
25053	0	0	0	12	0	12
25054	0	0	0	13	0	13
25055	0	0	13	0	0	13
25056	13	0	0	0	0	13
25057	0	0	0	13	0	13
25058	0	0	0	13	0	13
25059	0	0	0	11	0	11
25060	11	0	0	0	0	11
25061	0	0	11	0	0	11
25062	0	0	11	0	0	11
25063	0	0	0	10	0	10
25064	0	0	13	0	0	13
25065	13	0	0	0	0	13
25066	0	13	0	0	0	13
25067	13	0	0	0	0	13
25068	0	0	0	13	0	13
25069	0	13	0	0	0	13
25070	0	0	0	13	0	13
25071	0	12	0	0	0	12
25072	0	0	0	12	0	12
25073	0	0	11	0	0	11
25074	0	0	12	0	0	12
25075	0	12	0	0	0	12
25076	12	0	0	0	0	12
25077	0	0	0	12	0	12
25078	0	0	0	12	0	12
25079	12	0	0	0	0	12
25080	12	0	0	0	0	12
25081	0	0	0	12	0	12
25082	0	0	12	0	0	12
25083	0	12	0	0	0	12
25084	0	0	0	12	0	12
25085	0	0	0	11	0	11
25086	0	12	0	0	0	12
25087	12	0	0	0	0	12
25088	0	0	12	0	0	12
25089	0	0	0	12	0	12
25090	0	0	0	11	0	11
25091	0	0	11	0	0	11
25092	0	0	0	11	0	11
25093	11	0	0	0	0	11
25094	11	0	0	0	0	11
25095	11	0	0	0	0	11
25096	0	11	0	0	0	11
25097	13	0	0	0	0	13
25098	0	0	0	12	0	12
25099	0	0	0	13	0	13
25100	0	11	0	0	0	11
25101	13	0	0	0	0	13
25102	16	0	0	0	0	16
25103	16	0	0	0	0	16
25104	16	0	0	0	0	16
25105	16	0	0	0	0	16
25106	0	0	15	0	0	15
25107	16	0	0	0	0	16
25108	16	0	0	0	0	16
25109	15	0	0	0	0	15
25110	0	0	0	16	0	16
25111	0	0	0	16	0	16
25112	0	0	16	0	0	16
25113	15	0	0	0	0	15
25114	0	16	0	0	0	16
25115	0	13	0	0	0	13
25116	0	0	14	0	0	14
25117	0	14	0	0	0	14
25118	0	13	0	0	0	13
25119	0	0	0	13	0	13
25120	0	13	0	0	0	13
25121	13	0	0	0	0	13
25122	13	0	0	0	0	13
25123	0	0	0	13	0	13
25124	0	0	13	0	0	13
25125	13	0	0	0	0	13
25126	0	0	11	0	0	11
25127	0	0	11	0	0	11
25128	0	0	0	11	0	11
25129	0	0	0	11	0	11
25130	0	0	10	0	0	10
25131	0	11	0	0	0	11
25132	0	11	0	0	0	11
25133	9	0	0	0	0	9
25134	9	0	0	0	0	9
25135	0	0	9	0	0	9
25136	9	0	0	0	0	9
25137	9	0	0	0	0	9
25138	0	0	0	9	0	9
25139	0	0	0	9	0	9
25140	0	0	0	9	0	9
25141	9	0	0	0	0	9
25142	10	0	0	0	0	10
25143	10	0	0	0	0	10
25144	0	0	0	10	0	10
25145	0	0	10	0	0	10
25146	10	0	0	0	0	10
25147	10	0	0	0	0	10
25148	0	0	0	10	0	10
25149	0	10	0	0	0	10
25150	0	0	0	10	0	10
25151	0	10	0	0	0	10
25152	0	0	0	10	0	10
25153	0	10	0	0	0	10
25154	10	0	0	0	0	10
25155	0	0	0	10	0	10
25156	0	10	0	0	0	10
25157	0	0	10	0	0	10
25158	10	0	0	0	0	10
25159	0	0	0	10	0	10
25160	0	10	0	0	0	10
25161	0	0	0	10	0	10
25162	0	10	0	0	0	10
25163	0	10	0	0	0	10
25164	8	0	0	0	0	8
25165	8	0	0	0	0	8
25166	0	0	8	0	0	8
25167	8	0	0	0	0	8
25168	8	0	0	0	0	8
25169	0	8	0	0	0	8
25170	0	0	0	8	0	8
25171	0	0	0	8	0	8
25172	0	0	8	0	0	8
25173	0	0	10	0	0	10
25174	10	0	0	0	0	10
25175	10	0	0	0	0	10
25176	10	0	0	0	0	10
25177	0	0	10	0	0	10
25178	0	0	0	10	0	10
25179	10	0	0	0	0	10
25180	0	0	0	10	0	10
25181	0	0	10	0	0	10
25182	10	0	0	0	0	10
25183	0	0	10	0	0	10
25184	0	10	0	0	0	10
25185	10	0	0	0	0	10
25186	0	0	10	0	0	10
25187	0	0	0	10	0	10
25188	10	0	0	0	0	10
25189	0	0	0	10	0	10
25190	10	0	0	0	0	10
25191	0	0	0	10	0	10
25192	10	0	0	0	0	10
25193	10	0	0	0	0	10
25194	10	0	0	0	0	10
25195	10	0	0	0	0	10
25196	0	0	0	10	0	10
25197	0	0	8	0	0	8
25198	0	0	8	0	0	8
25199	0	7	0	0	0	7
25200	0	8	0	0	0	8
25201	6	0	0	0	0	6
25202	0	0	0	3	0	3
25203	0	0	3	0	0	3
25204	0	0	3	0	0	3
25205	0	0	0	4	0	4
25206	4	0	0	0	0	4
25207	0	4	0	0	0	4
25208	4	0	0	0	0	4
25209	0	0	0	4	0	4
25210	0	0	0	4	0	4
25211	0	0	0	4	0	4
25212	0	0	4	0	0	4
25213	0	0	4	0	0	4
25214	0	4	0	0	0	4
25215	0	0	0	4	0	4
25216	4	0	0	0	0	4
25217	0	0	4	0	0	4
25218	0	0	4	0	0	4
25219	0	0	0	4	0	4
25220	0	0	0	4	0	4
25221	0	0	0	4	0	4
25222	0	0	0	4	0	4
25223	4	0	0	0	0	4
25224	0	0	0	4	0	4
25225	4	0	0	0	0	4
25226	0	0	8	0	0	8
25227	0	8	0	0	0	8
25228	0	0	0	8	0	8
25229	0	0	8	0	0	8
25230	0	0	8	0	0	8
25231	0	8	0	0	0	8
25232	0	0	0	8	0	8
25233	0	0	0	8	0	8
25234	0	0	8	0	0	8
25235	8	0	0	0	0	8
25236	0	0	0	8	0	8
25237	0	0	0	8	0	8
25238	0	0	8	0	0	8
25239	0	8	0	0	0	8
25240	0	8	0	0	0	8
25241	8	0	0	0	0	8
25242	0	0	0	7	0	7
25243	7	0	0	0	0	7
25244	0	0	7	0	0	7
25245	0	0	0	7	0	7
25246	7	0	0	0	0	7
25247	7	0	0	0	0	7
25248	0	0	0	7	0	7
25249	0	0	7	0	0	7
25250	0	0	6	0	0	6
25251	0	0	0	7	0	7
25252	0	0	7	0	0	7
25253	7	0	0	0	0	7
25254	0	7	0	0	0	7
25255	7	0	0	0	0	7
25256	7	0	0	0	0	7
25257	0	0	0	7	0	7
25258	0	0	0	7	0	7
25259	7	0	0	0	0	7
25260	0	0	0	7	0	7
25261	0	0	7	0	0	7
25262	0	7	0	0	0	7
25263	0	0	0	7	0	7
25264	0	0	0	7	0	7
25265	0	0	0	7	0	7
25266	0	0	7	0	0	7
25267	0	7	0	0	0	7
25268	0	0	0	7	0	7
25269	0	0	7	0	0	7
25270	0	0	0	7	0	7
25271	7	0	0	0	0	7
25272	0	0	0	7	0	7
25273	0	0	5	0	0	5
25274	5	0	0	0	0	5
25275	0	5	0	0	0	5
25276	0	5	0	0	0	5
25277	7	0	0	0	0	7
25278	0	0	7	0	0	7
25279	0	0	0	7	0	7
25280	0	0	0	7	0	7
25281	0	0	7	0	0	7
25282	0	7	0	0	0	7
25283	0	0	0	7	0	7
25284	0	0	7	0	0	7
25285	0	0	0	7	0	7
25286	7	0	0	0	0	7
25287	0	0	7	0	0	7
25288	0	0	0	7	0	7
25289	0	0	0	7	0	7
25290	0	0	7	0	0	7
25291	0	0	0	7	0	7
25292	0	10	0	0	0	10
25293	0	0	0	11	0	11
25294	0	11	0	0	0	11
25295	11	0	0	0	0	11
25296	11	0	0	0	0	11
25297	0	0	11	0	0	11
25298	0	0	11	0	0	11
25299	0	0	11	0	0	11
25300	0	11	0	0	0	11
25301	0	0	0	11	0	11
25302	0	0	11	0	0	11
25303	0	0	0	8	0	8
25304	0	0	0	10	0	10
25305	0	0	10	0	0	10
25306	0	0	0	10	0	10
25307	0	0	0	10	0	10
25308	0	10	0	0	0	10
25309	0	0	0	10	0	10
25310	0	0	0	10	0	10
25311	0	0	12	0	0	12
25312	0	0	0	11	0	11
25313	0	0	12	0	0	12
25314	0	0	12	0	0	12
25315	12	0	0	0	0	12
25316	0	0	0	12	0	12
25317	0	11	0	0	0	11
25318	0	15	0	0	0	15
25319	0	0	0	15	0	15
25320	0	0	15	0	0	15
25321	0	14	0	0	0	14
25322	0	0	0	15	0	15
25323	0	0	14	0	0	14
25324	0	15	0	0	0	15
25325	15	0	0	0	0	15
25326	11	0	0	0	0	11
25327	10	0	0	0	0	10
25328	0	0	0	14	0	14
25329	0	0	0	14	0	14
25330	0	0	0	14	0	14
25331	0	0	14	0	0	14
25332	12	0	0	0	0	12
25333	0	0	0	14	0	14
25334	0	0	12	0	0	12
25335	13	0	0	0	0	13
25336	13	0	0	0	0	13
25337	1	0	12	0	0	13
25338	15	0	0	0	0	15
25339	0	16	0	0	0	16
25340	0	0	16	0	0	16
25341	15	0	0	0	0	15
25342	0	16	0	0	0	16
25343	0	0	0	16	0	16
25344	0	16	0	0	0	16
25345	0	0	0	16	0	16
25346	0	0	16	0	0	16
25347	16	0	0	0	0	16
25348	0	0	16	0	0	16
25349	0	15	0	0	0	15
25350	0	16	0	0	0	16
25351	16	0	0	0	0	16
25352	0	0	16	0	0	16
25353	0	0	0	16	0	16
25354	0	0	16	0	0	16
25355	0	16	0	0	0	16
25356	0	0	0	15	0	15
25357	0	15	0	0	0	15
25358	16	0	0	0	0	16
25359	16	0	0	0	0	16
25360	16	0	0	0	0	16
25361	0	0	16	0	0	16
25362	0	0	16	0	0	16
25363	17	0	0	0	0	17
25364	0	0	17	0	0	17
25365	0	0	0	17	0	17
25366	0	17	0	0	0	17
25367	17	0	0	0	0	17
25368	17	0	0	0	0	17
25369	17	0	0	0	0	17
25370	1	0	0	16	0	17
25371	0	0	0	16	0	16
25372	17	0	0	0	0	17
25373	0	17	0	0	0	17
25374	17	0	0	0	0	17
25375	0	0	0	17	0	17
25376	0	0	0	17	0	17
25377	16	0	0	0	0	16
25378	0	15	0	0	0	15
25379	16	0	0	0	0	16
25380	0	16	0	0	0	16
25381	16	0	0	0	0	16
25382	0	0	0	18	0	18
25383	18	0	0	0	0	18
25384	18	0	0	0	0	18
25385	25	0	0	0	0	25
25386	0	28	0	0	0	28
25387	0	0	28	0	0	28
25388	28	0	0	0	0	28
25389	28	0	0	0	0	28
25390	0	28	0	0	0	28
25391	0	0	0	28	0	28
25392	0	0	0	24	0	24
25393	24	0	0	0	0	24
25394	0	0	0	24	0	24
25395	0	0	24	0	0	24
25396	0	0	28	0	0	28
25397	28	0	0	0	0	28
25398	0	0	0	28	0	28
25399	0	0	0	28	0	28
25400	0	0	0	28	0	28
25401	0	0	30	0	0	30
25402	0	0	0	30	0	30
25403	0	0	0	29	0	29
25404	0	0	0	29	0	29
25405	29	0	0	0	0	29
25406	0	0	0	30	0	30
25407	0	1	30	0	0	31
25408	31	0	1	0	0	32
25409	1	0	31	0	0	32
25410	32	0	0	0	0	32
25411	27	1	0	0	0	28
25412	0	0	0	30	0	30
25413	0	29	0	1	0	30
25414	1	0	0	29	0	30
25415	0	0	0	30	0	30
25416	0	30	1	0	0	31
25417	29	0	1	0	0	30
25418	0	27	0	0	0	27
25419	27	0	0	1	0	28
25420	28	0	0	1	0	29
25421	0	0	0	29	0	29
25422	0	0	1	28	0	29
25423	0	0	27	1	0	28
25424	0	0	26	1	0	27
25425	27	0	0	1	0	28
25426	28	0	0	0	0	28
25427	0	27	0	0	0	27
25428	0	0	1	25	0	26
25429	1	0	26	0	0	27
25430	0	0	1	26	0	27
25431	27	0	0	0	0	27
25432	27	0	0	0	0	27
25433	0	25	0	1	0	26
25434	0	1	0	26	0	27
25435	0	0	0	27	0	27
25436	0	0	0	27	0	27
25437	0	1	24	0	0	25
25438	24	0	0	0	0	24
25439	23	0	0	0	0	23
25440	1	0	23	0	0	24
25441	1	22	0	0	0	23
25442	23	0	0	1	0	24
25443	23	0	0	1	0	24
25444	0	0	24	0	0	24
25445	0	0	26	0	0	26
25446	1	0	0	27	0	28
25447	1	0	27	0	0	28
25448	26	0	0	0	0	26
25449	27	0	0	1	0	28
25450	27	0	1	0	0	28
25451	0	0	0	28	0	28
25452	0	30	0	0	0	30
25453	31	0	0	0	0	31
25454	30	1	0	0	0	31
25455	0	0	25	1	0	26
25456	0	0	26	1	0	27
25457	27	0	0	1	0	28
25458	0	0	0	28	0	28
25459	1	0	26	0	0	27
25460	1	27	0	0	0	28
25461	0	0	1	28	0	29
25462	27	0	0	0	0	27
25463	1	27	0	0	0	28
25464	1	0	0	27	0	28
25465	0	25	1	0	0	26
25466	0	26	1	0	0	27
25467	0	0	0	28	0	28
25468	0	0	1	27	0	28
25469	1	31	0	0	0	32
25470	32	0	0	0	0	32
25471	1	0	31	0	0	32
25472	31	0	0	1	0	32
25473	0	1	0	31	0	32
25474	1	0	0	31	0	32
25475	1	0	0	31	0	32
25476	0	0	1	30	0	31
25477	0	0	31	0	0	31
25478	1	0	0	31	0	32
25479	0	0	0	32	0	32
25480	0	30	1	0	0	31
25481	0	1	31	0	0	32
25482	0	30	0	1	0	31
25483	1	0	30	0	0	31
25484	0	32	0	0	0	32
25485	2	0	0	21	0	23
25486	20	0	0	0	0	20
25487	0	21	0	0	0	21
25488	0	0	0	21	0	21
25489	0	0	21	0	0	21
25490	0	23	0	0	0	23
25491	22	0	0	0	0	22
25492	23	0	0	0	0	23
25493	0	23	0	0	0	23
25494	0	0	22	0	0	22
25495	22	0	0	0	0	22
25496	0	0	0	20	0	20
25497	20	0	0	0	0	20
25498	0	19	0	0	0	19
25499	0	20	0	0	0	20
25500	0	0	19	0	0	19
25501	19	0	0	0	0	19
25502	0	0	0	19	0	19
25503	19	0	0	0	0	19
25504	0	20	0	0	0	20
25505	20	0	0	0	0	20
25506	20	0	0	0	0	20
25507	0	0	20	0	0	20
25508	0	18	0	0	0	18
25509	0	19	0	0	0	19
25510	0	0	0	19	0	19
25511	0	18	0	0	0	18
25512	19	0	0	0	0	19
25513	0	19	0	0	0	19
25514	0	0	0	19	0	19
25515	0	18	0	0	0	18
25516	0	18	0	0	0	18
25517	0	18	0	0	0	18
25518	1	0	0	17	0	18
25519	0	0	0	17	0	17
25520	0	0	0	16	0	16
25521	0	17	0	0	0	17
25522	0	0	16	0	0	16
25523	0	0	16	0	0	16
25524	16	0	0	0	0	16
25525	0	0	0	16	0	16
25526	0	0	16	0	0	16
25527	0	0	16	0	0	16
25528	0	16	0	0	0	16
25529	0	0	0	15	0	15
25530	0	0	0	15	0	15
25531	15	0	0	0	0	15
25532	0	0	0	15	0	15
25533	0	0	0	15	0	15
25534	0	0	21	0	0	21
25535	0	0	0	21	0	21
25536	0	0	0	22	0	22
25537	0	0	22	0	0	22
25538	0	0	22	0	0	22
25539	0	22	0	0	0	22
25540	0	0	22	0	0	22
25541	0	0	0	22	0	22
25542	0	0	0	18	0	18
25543	0	0	22	0	0	22
25544	0	22	0	0	0	22
25545	17	0	0	0	0	17
25546	0	18	0	0	0	18
25547	0	0	0	18	0	18
25548	0	0	0	18	0	18
25549	0	18	0	0	0	18
25550	0	0	0	18	0	18
25551	0	0	0	18	0	18
25552	0	0	19	0	0	19
25553	0	19	0	0	0	19
25554	0	0	0	19	0	19
25555	0	0	19	0	0	19
25556	0	0	0	19	0	19
25557	0	0	0	19	0	19
25558	0	0	0	19	0	19
25559	0	0	0	19	0	19
25560	0	0	0	18	0	18
25561	0	19	0	0	0	19
25562	18	0	0	0	0	18
25563	0	0	19	0	0	19
25564	19	0	0	0	0	19
25565	0	0	25	0	0	25
25566	0	26	0	0	0	26
25567	0	0	25	0	0	25
25568	0	25	0	0	0	25
25569	0	0	0	21	0	21
25570	0	0	0	23	0	23
25571	0	22	0	0	0	22
25572	0	23	0	0	0	23
25573	23	0	0	0	0	23
25574	23	0	0	0	0	23
25575	23	0	0	0	0	23
25576	23	0	0	0	0	23
25577	0	0	0	24	0	24
25578	0	24	0	0	0	24
25579	23	0	0	0	0	23
25580	0	0	0	24	0	24
25581	24	0	0	0	0	24
25582	24	0	0	0	0	24
25583	0	24	0	0	0	24
25584	0	23	0	0	0	23
25585	0	25	0	0	0	25
25586	0	0	0	26	0	26
25587	0	26	0	0	0	26
25588	26	0	0	0	0	26
25589	26	0	0	0	0	26
25590	23	0	0	0	0	23
25591	24	0	0	0	0	24
25592	25	0	0	0	0	25
25593	0	0	26	0	0	26
25594	27	0	0	0	0	27
25595	0	0	27	0	0	27
25596	26	0	0	0	0	26
25597	0	0	0	28	0	28
25598	0	0	26	0	0	26
25599	0	0	27	0	0	27
25600	0	27	0	0	0	27
25601	28	0	0	0	0	28
25602	29	0	0	0	0	29
25603	0	35	0	0	0	35
25604	0	0	0	35	0	35
25605	35	0	0	0	0	35
25606	0	0	44	0	0	44
25607	0	44	0	0	0	44
25608	44	0	0	0	0	44
25609	0	43	0	0	0	43
25610	0	0	0	44	0	44
25611	0	44	0	0	0	44
25612	0	0	0	42	0	42
25613	0	43	0	0	0	43
25614	0	44	0	0	0	44
25615	43	0	0	0	0	43
25616	44	0	0	0	0	44
25617	0	0	44	0	0	44
25618	0	0	43	0	0	43
25619	0	0	41	0	0	41
25620	0	0	0	44	0	44
25621	0	0	43	0	0	43
25622	0	0	0	43	0	43
25623	0	0	0	41	0	41
25624	0	42	0	0	0	42
25625	44	0	0	0	0	44
25626	0	45	0	0	0	45
25627	0	0	0	45	0	45
25628	0	0	0	45	0	45
25629	0	0	0	45	0	45
25630	0	0	46	0	0	46
25631	0	0	0	46	0	46
25632	0	0	0	45	0	45
25633	0	0	0	43	0	43
25634	0	0	42	0	0	42
25635	0	41	0	0	0	41
25636	41	0	0	0	0	41
25637	40	0	0	0	0	40
25638	0	41	1	0	0	42
25639	0	1	0	41	0	42
25640	1	0	0	41	0	42
25641	0	0	38	0	0	38
25642	0	41	0	0	0	41
25643	0	0	0	41	0	41
25644	1	0	41	0	0	42
25645	0	0	1	41	0	42
25646	0	1	0	39	0	40
25647	1	0	42	0	0	43
25648	0	1	0	41	0	42
25649	0	0	0	42	0	42
25650	0	1	46	0	0	47
25651	1	0	0	45	0	46
25652	0	1	1	37	0	39
25653	1	1	0	42	0	44
25654	1	0	43	1	0	45
25655	1	0	1	42	0	44
25656	42	0	2	0	0	44
25657	43	1	1	0	0	45
25658	1	43	1	0	0	45
25659	45	0	0	1	0	46
25660	0	1	48	0	0	49
25661	0	0	0	49	0	49
25662	1	0	0	45	0	46
25663	0	1	1	47	0	49
25664	47	1	0	0	0	48
25665	1	42	0	0	0	43
25666	0	1	0	41	0	42
25667	0	41	0	2	0	43
25668	41	1	0	1	0	43
25669	0	40	0	1	0	41
25670	40	1	0	1	0	42
25671	0	41	0	1	0	42
25672	1	40	0	1	0	42
25673	1	0	0	40	0	41
25674	0	1	1	40	0	42
25675	1	0	1	40	0	42
25676	1	0	1	39	0	41
25677	0	1	39	1	0	41
25678	0	39	1	1	0	41
25679	0	0	0	41	0	41
25680	0	39	1	1	0	41
25681	0	2	39	0	0	41
25682	1	0	0	39	0	40
25683	0	1	1	39	0	41
25684	0	0	39	2	0	41
25685	0	37	0	1	0	38
25686	0	0	1	37	0	38
25687	0	0	38	1	0	39
25688	0	37	0	2	0	39
25689	0	0	0	36	0	36
25690	0	0	36	2	0	38
25691	0	0	34	0	0	34
25692	0	34	0	1	0	35
25693	0	38	1	0	0	39
25694	0	0	0	41	0	41
25695	1	0	0	42	0	43
25696	0	0	43	0	0	43
25697	40	0	0	0	0	40
25698	41	0	0	0	0	41
25699	0	0	41	0	0	41
25700	0	41	0	0	0	41
25701	0	40	0	0	0	40
25702	0	42	0	0	0	42
25703	0	32	0	0	0	32
25704	0	0	0	39	0	39
25705	0	0	0	51	0	51
25706	0	0	0	46	0	46
25707	0	0	0	48	0	48
25708	0	47	0	1	0	48
25709	0	1	0	45	0	46
25710	0	45	0	1	0	46
25711	0	1	0	47	0	48
25712	47	0	0	1	0	48
25713	1	0	0	46	0	47
25714	0	48	0	1	0	49
25715	0	1	0	47	0	48
25716	0	0	0	50	0	50
25717	0	1	0	50	0	51
25718	47	0	0	3	0	50
25719	1	0	0	47	0	48
25720	0	1	48	1	0	50
25721	1	48	1	1	0	51
25722	1	2	0	50	0	53
25723	0	0	1	50	0	51
25724	1	0	0	51	0	52
25725	50	1	0	2	0	53
25726	1	2	49	0	0	52
25727	0	1	1	48	0	50
25728	0	48	0	5	0	53
25729	0	1	0	52	0	53
25730	47	0	0	3	0	50
25731	1	48	0	2	0	51
25732	0	2	1	48	0	51
25733	0	2	0	52	0	54
25734	0	50	0	3	0	53
25735	1	1	0	50	0	52
25736	1	0	0	51	0	52
25737	0	1	49	2	0	52
25738	0	50	2	1	0	53
25739	49	1	0	3	0	53
25740	1	1	49	2	0	53
25741	48	0	1	2	0	51
25742	2	0	49	1	0	52
25743	0	1	1	49	0	51
25744	49	1	1	2	0	53
25745	1	0	0	50	0	51
25746	48	1	0	3	0	52
25747	49	0	0	3	0	52
25748	52	0	0	2	0	54
25749	2	50	2	0	0	54
25750	0	2	0	47	0	49
25751	1	1	0	48	0	50
25752	0	1	1	49	0	51
25753	1	0	46	2	0	49
25754	1	1	2	46	0	50
25755	46	1	0	3	0	50
25756	48	1	0	2	0	51
25757	1	1	46	3	0	51
25758	45	1	1	2	0	49
25759	46	0	0	3	0	49
25760	3	0	1	44	0	48
25761	43	2	2	1	0	48
25762	45	0	0	2	0	47
25763	2	1	1	44	0	48
25764	44	0	1	3	0	48
25765	46	0	2	0	0	48
25766	1	1	1	45	0	48
25767	2	0	30	3	0	35
25768	41	0	1	2	0	44
25769	2	1	43	1	0	47
25770	3	0	42	1	0	46
25771	3	41	1	1	0	46
25772	1	2	1	43	0	47
25773	1	2	0	43	0	46
25774	2	0	0	45	0	47
25775	0	0	43	4	0	47
25776	2	0	44	1	0	47
25777	1	41	3	1	0	46
25778	1	1	0	44	0	46
25779	3	0	0	43	0	46
25780	1	0	1	44	0	46
25781	2	0	44	1	0	47
25782	3	42	2	0	0	47
25783	2	2	0	43	0	47
25784	1	0	42	3	0	46
25785	1	0	44	2	0	47
25786	42	0	1	3	0	46
25787	45	0	1	2	0	48
25788	46	0	2	0	0	48
25789	2	1	0	45	0	48
25790	1	0	45	3	0	49
25791	2	39	1	1	0	43
25792	1	45	2	1	0	49
25793	1	1	41	0	0	43
25794	1	2	1	36	0	40
25795	0	0	0	37	0	37
25796	1	31	1	2	0	35
25797	0	34	1	1	0	36
25798	35	1	1	1	0	38
25799	36	0	1	0	0	37
25800	36	1	0	0	0	37
25801	33	0	0	3	0	36
25802	32	0	2	0	0	34
25803	2	32	0	1	0	35
25804	0	22	1	0	0	23
25805	0	11	1	0	0	12
25806	11	1	1	0	0	13
25807	0	0	0	12	0	12
25808	0	0	0	12	0	12
25809	10	0	0	1	0	11
25810	0	11	1	0	0	12
25811	0	0	1	10	0	11
25812	0	1	0	11	0	12
25813	0	0	0	11	0	11
25814	10	0	0	1	0	11
25815	0	0	0	11	0	11
25816	0	0	11	0	0	11
25817	10	1	0	0	0	11
25818	0	0	0	11	0	11
25819	0	0	11	0	0	11
25820	0	10	1	0	0	11
25821	0	7	0	0	0	7
25822	7	0	0	0	0	7
25823	7	0	0	0	0	7
25824	0	7	0	0	0	7
25825	0	0	0	7	0	7
25826	8	0	0	0	0	8
25827	0	0	0	9	0	9
25828	0	0	0	10	0	10
25829	0	0	0	10	0	10
25830	0	0	0	10	0	10
25831	0	10	0	0	0	10
25832	0	0	0	10	0	10
25833	0	0	0	7	0	7
25834	0	0	0	7	0	7
25835	0	0	7	0	0	7
25836	0	6	0	0	0	6
25837	0	0	0	7	0	7
25838	0	0	7	0	0	7
25839	0	0	7	0	0	7
25840	0	7	0	0	0	7
25841	7	0	0	0	0	7
25842	0	0	0	7	0	7
25843	7	0	0	0	0	7
25844	0	7	0	0	0	7
25845	0	0	0	7	0	7
25846	7	0	0	0	0	7
25847	7	0	0	0	0	7
25848	0	0	0	5	0	5
25849	0	0	0	5	0	5
25850	0	0	5	0	0	5
25851	0	0	0	5	0	5
25852	0	0	0	5	0	5
25853	5	0	0	0	0	5
25854	0	5	0	0	0	5
25855	0	0	5	0	0	5
25856	5	0	0	0	0	5
25857	0	5	0	0	0	5
25858	0	0	0	5	0	5
25859	5	0	0	0	0	5
25860	0	0	0	5	0	5
25861	0	0	0	5	0	5
25862	0	0	5	0	0	5
25863	0	0	0	5	0	5
25864	5	0	0	0	0	5
25865	0	0	0	5	0	5
25866	5	0	0	0	0	5
25867	0	5	0	0	0	5
25868	0	5	0	0	0	5
25869	0	0	0	5	0	5
25870	0	0	0	5	0	5
25871	5	0	0	0	0	5
25872	0	5	0	0	0	5
25873	5	0	0	0	0	5
25874	5	0	0	0	0	5
25875	0	0	0	5	0	5
25876	5	0	0	0	0	5
25877	0	0	5	0	0	5
25878	0	0	0	5	0	5
25879	0	0	5	0	0	5
25880	0	0	0	5	0	5
25881	5	0	0	0	0	5
25882	5	0	0	0	0	5
25883	0	4	0	0	0	4
25884	0	0	0	4	0	4
25885	0	0	0	4	0	4
25886	0	4	0	0	0	4
25887	0	0	0	4	0	4
25888	0	0	0	4	0	4
25889	0	4	0	0	0	4
25890	3	0	0	0	0	3
25891	3	0	0	0	0	3
25892	0	0	0	3	0	3
25893	0	0	0	3	0	3
25894	0	0	3	0	0	3
25895	0	0	0	3	0	3
25896	0	3	0	0	0	3
25897	3	0	0	0	0	3
25898	0	0	0	3	0	3
25899	0	0	0	3	0	3
25900	3	0	0	0	0	3
25901	0	3	0	0	0	3
25902	0	0	0	3	0	3
25903	0	0	0	3	0	3
25904	0	3	0	0	0	3
25905	3	0	0	0	0	3
25906	0	0	3	0	0	3
25907	0	0	3	0	0	3
25908	0	0	0	3	0	3
25909	0	0	3	0	0	3
25910	3	0	0	0	0	3
25911	0	0	0	3	0	3
25912	0	0	3	0	0	3
25913	0	0	3	0	0	3
25914	0	3	0	0	0	3
25915	3	0	0	0	0	3
25916	0	3	0	0	0	3
25917	3	0	0	0	0	3
25918	3	0	0	0	0	3
25919	0	3	0	0	0	3
25920	3	0	0	0	0	3
25921	3	0	0	0	0	3
25922	0	0	3	0	0	3
25923	0	0	0	3	0	3
25924	0	3	0	0	0	3
25925	0	3	0	0	0	3
25926	0	0	0	2	0	2
25927	1	0	0	0	0	1
25928	0	0	0	0	0	0
25929	0	0	0	0	0	0
25930	0	0	0	0	0	0
25931	0	0	0	0	0	0
25932	0	0	0	0	0	0
25933	0	0	0	0	0	0
25934	0	0	0	0	0	0
25935	0	0	0	0	0	0
25936	0	0	0	0	0	0
25937	2	0	0	0	0	2
25938	0	0	0	2	0	2
25939	0	0	2	0	0	2
25940	2	0	0	0	0	2
25941	0	2	0	0	0	2
25942	0	0	0	2	0	2
25943	2	0	0	0	0	2
25944	0	2	0	0	0	2
25945	0	2	0	0	0	2
25946	2	0	0	0	0	2
25947	0	0	2	0	0	2
25948	2	0	0	0	0	2
25949	0	0	0	2	0	2
25950	0	0	0	2	0	2
25951	0	0	2	0	0	2
25952	0	0	2	0	0	2
25953	0	0	0	2	0	2
25954	0	0	2	0	0	2
25955	0	0	2	0	0	2
25956	0	0	0	2	0	2
25957	0	0	0	2	0	2
25958	2	0	0	0	0	2
25959	0	0	0	2	0	2
25960	2	0	0	0	0	2
25961	0	2	0	0	0	2
25962	0	0	0	2	0	2
25963	0	0	2	0	0	2
25964	2	0	0	0	0	2
25965	2	0	0	0	0	2
25966	2	0	0	0	0	2
25967	2	0	0	0	0	2
25968	2	0	0	0	0	2
25969	0	0	0	2	0	2
25970	0	0	2	0	0	2
25971	0	0	2	0	0	2
25972	0	0	2	0	0	2
25973	2	0	0	0	0	2
25974	2	0	0	0	0	2
25975	0	0	0	2	0	2
25976	0	2	0	0	0	2
25977	0	0	0	2	0	2
25978	0	0	2	0	0	2
25979	0	0	2	0	0	2
25980	2	0	0	0	0	2
25981	0	0	2	0	0	2
25982	0	0	0	2	0	2
25983	2	0	0	0	0	2
25984	2	0	0	0	0	2
25985	2	0	0	0	0	2
25986	2	0	0	0	0	2
25987	0	0	2	0	0	2
25988	2	0	0	0	0	2
25989	0	2	0	0	0	2
25990	0	0	0	2	0	2
25991	0	0	2	0	0	2
25992	0	0	0	2	0	2
25993	0	0	2	0	0	2
25994	0	0	0	2	0	2
25995	0	0	0	2	0	2
25996	0	0	2	0	0	2
25997	0	0	0	2	0	2
25998	3	0	0	0	0	3
25999	0	0	0	3	0	3
26000	0	0	0	4	0	4
26001	4	0	0	0	0	4
26002	0	4	0	0	0	4
26003	4	0	0	0	0	4
26004	0	4	0	0	0	4
26005	4	0	0	0	0	4
26006	0	0	4	0	0	4
26007	0	0	0	4	0	4
26008	0	0	0	4	0	4
26009	4	0	0	0	0	4
26010	0	4	0	0	0	4
26011	0	0	0	4	0	4
26012	0	0	0	4	0	4
26013	0	4	0	0	0	4
26014	4	0	0	0	0	4
26015	0	4	0	0	0	4
26016	0	0	0	4	0	4
26017	0	0	0	4	0	4
26018	0	4	0	0	0	4
26019	4	0	0	0	0	4
26020	0	0	4	0	0	4
26021	4	0	0	0	0	4
26022	0	4	0	0	0	4
26023	0	0	0	4	0	4
26024	4	0	0	0	0	4
26025	0	0	0	4	0	4
26026	0	0	0	4	0	4
26027	4	0	0	0	0	4
26028	0	4	0	0	0	4
26029	0	4	0	0	0	4
26030	4	0	0	0	0	4
26031	0	0	4	0	0	4
26032	0	4	0	0	0	4
26033	0	0	0	4	0	4
26034	0	0	5	0	0	5
26035	0	0	0	5	0	5
26036	5	0	0	0	0	5
26037	0	3	0	0	0	3
26038	0	0	0	2	0	2
26039	0	3	0	0	0	3
26040	3	0	0	0	0	3
26041	3	0	0	0	0	3
26042	0	3	0	0	0	3
26043	0	0	0	3	0	3
26044	0	5	0	0	0	5
26045	5	0	0	0	0	5
26046	5	0	0	0	0	5
26047	0	0	0	5	0	5
26048	0	0	0	5	0	5
26049	0	0	5	0	0	5
26050	5	0	0	0	0	5
26051	0	0	5	0	0	5
26052	0	0	0	5	0	5
26053	5	0	0	0	0	5
26054	0	5	0	0	0	5
26055	5	0	0	0	0	5
26056	0	0	5	0	0	5
26057	5	0	0	0	0	5
26058	0	5	0	0	0	5
26059	5	0	0	0	0	5
26060	0	5	0	0	0	5
26061	0	0	0	5	0	5
26062	0	0	5	0	0	5
26063	0	0	5	0	0	5
26064	0	0	0	5	0	5
26065	0	0	5	0	0	5
26066	0	0	0	5	0	5
26067	0	0	0	5	0	5
26068	0	0	5	0	0	5
26069	5	0	0	0	0	5
26070	5	0	0	0	0	5
26071	0	5	0	0	0	5
26072	5	0	0	0	0	5
26073	0	0	0	5	0	5
26074	0	0	6	0	0	6
26075	0	0	0	6	0	6
26076	0	0	0	6	0	6
26077	6	0	0	0	0	6
26078	0	6	0	0	0	6
26079	0	6	0	0	0	6
26080	0	0	0	6	0	6
26081	0	0	0	6	0	6
26082	0	6	0	0	0	6
26083	0	0	0	6	0	6
26084	0	0	0	6	0	6
26085	0	6	0	0	0	6
26086	8	0	0	0	0	8
26087	0	0	0	8	0	8
26088	0	12	0	0	0	12
26089	0	0	0	13	0	13
26090	13	0	0	0	0	13
26091	0	13	0	0	0	13
26092	13	0	0	0	0	13
26093	19	0	0	0	0	19
26094	0	0	0	20	0	20
26095	20	0	0	0	0	20
26096	20	0	0	0	0	20
26097	19	0	0	0	0	19
26098	21	0	0	0	0	21
26099	0	0	0	21	0	21
26100	0	0	0	20	0	20
26101	0	0	20	0	0	20
26102	0	0	0	19	0	19
26103	0	0	0	20	0	20
26104	0	0	19	0	0	19
26105	20	0	0	0	0	20
26106	0	0	0	20	0	20
26107	0	0	21	0	0	21
26108	20	0	0	0	0	20
26109	0	0	21	0	0	21
26110	0	21	0	0	0	21
26111	0	21	0	0	0	21
26112	0	0	0	21	0	21
26113	0	0	21	0	0	21
26114	21	0	0	0	0	21
26115	21	0	0	0	0	21
26116	0	0	21	0	0	21
26117	20	0	0	0	0	20
26118	21	0	0	0	0	21
26119	0	20	0	0	0	20
26120	21	0	0	0	0	21
26121	0	0	0	21	0	21
26122	0	0	21	0	0	21
26123	0	0	0	20	0	20
26124	0	22	0	0	0	22
26125	0	21	0	0	0	21
26126	22	0	0	0	0	22
26127	22	0	0	0	0	22
26128	22	0	0	0	0	22
26129	0	0	0	22	0	22
26130	0	0	0	22	0	22
26131	0	21	0	0	0	21
26132	21	0	0	0	0	21
26133	0	24	0	0	0	24
26134	23	0	0	0	0	23
26135	0	23	0	0	0	23
26136	22	0	0	0	0	22
26137	23	0	0	0	0	23
26138	0	0	0	23	0	23
26139	0	23	0	0	0	23
26140	0	0	22	0	0	22
26141	20	0	0	0	0	20
26142	0	21	0	0	0	21
26143	0	0	23	0	0	23
26144	0	0	21	0	0	21
26145	0	0	0	20	0	20
26146	0	0	0	20	0	20
26147	0	21	0	0	0	21
26148	21	0	0	0	0	21
26149	0	0	0	21	0	21
26150	0	21	0	0	0	21
26151	0	21	0	0	0	21
26152	0	0	20	0	0	20
26153	0	0	19	0	0	19
26154	20	0	0	0	0	20
26155	0	0	21	0	0	21
26156	0	0	0	20	0	20
26157	0	0	0	21	0	21
26158	0	0	21	0	0	21
26159	0	0	0	21	0	21
26160	0	0	0	21	0	21
26161	20	0	0	0	0	20
26162	21	0	0	0	0	21
26163	0	0	0	21	0	21
26164	0	20	0	0	0	20
26165	0	20	0	0	0	20
26166	21	0	0	0	0	21
26167	0	0	20	0	0	20
26168	0	0	0	21	0	21
26169	22	0	0	0	0	22
26170	22	0	0	0	0	22
26171	0	0	0	22	0	22
26172	0	0	21	0	0	21
26173	0	0	20	0	0	20
26174	21	0	0	0	0	21
26175	21	0	0	0	0	21
26176	0	21	0	0	0	21
26177	0	21	0	0	0	21
26178	22	0	0	0	0	22
26179	21	0	0	0	0	21
26180	0	0	0	24	0	24
26181	0	0	0	24	0	24
26182	0	0	0	24	0	24
26183	24	0	0	0	0	24
26184	0	0	0	24	0	24
26185	0	0	21	0	0	21
26186	21	0	0	0	0	21
26187	0	0	0	22	0	22
26188	0	0	18	0	0	18
26189	18	0	0	0	0	18
26190	18	0	0	0	0	18
26191	0	19	0	0	0	19
26192	0	21	0	0	0	21
26193	0	0	17	0	0	17
26194	16	0	0	0	0	16
26195	0	16	0	0	0	16
26196	0	0	15	0	0	15
26197	14	0	0	0	0	14
26198	0	17	0	0	0	17
26199	0	0	17	0	0	17
26200	17	0	0	0	0	17
26201	0	15	0	0	0	15
26202	0	0	0	17	0	17
26203	17	0	0	0	0	17
26204	0	17	0	0	0	17
26205	0	0	0	17	0	17
26206	17	0	0	0	0	17
26207	0	0	16	0	0	16
26208	0	16	0	0	0	16
26209	0	0	16	0	0	16
26210	0	0	0	16	0	16
26211	0	0	16	0	0	16
26212	0	16	0	0	0	16
26213	0	16	0	0	0	16
26214	0	0	0	16	0	16
26215	0	0	0	14	0	14
26216	0	0	0	16	0	16
26217	0	0	16	0	0	16
26218	0	0	0	16	0	16
26219	16	0	0	0	0	16
26220	16	0	0	0	0	16
26221	0	0	15	0	0	15
26222	0	16	0	0	0	16
26223	16	0	0	0	0	16
26224	0	15	0	0	0	15
26225	15	0	0	0	0	15
26226	15	0	0	0	0	15
26227	0	0	15	0	0	15
26228	0	15	0	0	0	15
26229	0	0	0	15	0	15
26230	0	0	15	0	0	15
26231	12	0	0	0	0	12
26232	0	0	0	15	0	15
26233	0	0	13	0	0	13
26234	13	0	0	0	0	13
26235	0	0	16	0	0	16
26236	0	0	0	16	0	16
26237	17	0	0	0	0	17
26238	0	20	0	0	0	20
26239	0	0	20	0	0	20
26240	20	0	0	0	0	20
26241	22	0	0	0	0	22
26242	0	22	0	0	0	22
26243	0	0	0	22	0	22
26244	0	0	0	22	0	22
26245	22	0	0	0	0	22
26246	0	0	0	22	0	22
26247	0	0	22	0	0	22
26248	0	0	0	22	0	22
26249	22	0	0	0	0	22
26250	0	22	0	0	0	22
26251	0	0	0	22	0	22
26252	0	21	0	0	0	21
26253	22	0	0	0	0	22
26254	0	0	0	22	0	22
26255	0	0	0	21	0	21
26256	0	21	0	0	0	21
26257	0	0	21	0	0	21
26258	0	0	0	21	0	21
26259	1	0	0	21	0	22
26260	0	0	1	21	0	22
26261	0	21	0	1	0	22
26262	1	0	21	0	0	22
26263	0	1	21	0	0	22
26264	21	0	1	0	0	22
26265	22	0	0	0	0	22
26266	1	0	21	0	0	22
26267	19	1	0	0	0	20
26268	0	0	21	1	0	22
26269	19	0	0	1	0	20
26270	1	19	0	0	0	20
26271	20	0	0	1	0	21
26272	0	0	21	0	0	21
26273	1	0	19	1	0	21
26274	1	0	1	21	0	23
26275	22	0	0	0	0	22
26276	0	25	0	1	0	26
26277	0	1	29	0	0	30
26278	1	0	0	32	0	33
26279	0	0	0	35	0	35
26280	32	0	0	0	0	32
26281	31	1	0	0	0	32
26282	0	0	1	32	0	33
26283	32	0	0	1	0	33
26284	0	0	32	1	0	33
26285	0	0	0	33	0	33
26286	0	1	0	32	0	33
26287	31	0	1	0	0	32
26288	31	0	1	0	0	32
26289	1	0	0	31	0	32
26290	35	0	0	0	0	35
26291	0	0	34	0	0	34
26292	1	31	0	0	0	32
26293	0	0	31	0	0	31
26294	1	0	0	30	0	31
26295	30	1	0	0	0	31
26296	1	30	0	0	0	31
26297	0	0	1	30	0	31
26298	0	0	1	26	0	27
26299	0	28	0	1	0	29
26300	1	0	0	28	0	29
26301	0	1	0	28	0	29
26302	0	0	1	28	0	29
26303	0	0	0	29	0	29
26304	0	0	0	28	0	28
26305	1	28	0	0	0	29
26306	1	0	0	28	0	29
26307	0	0	0	29	0	29
26308	1	0	27	0	0	28
26309	0	28	1	0	0	29
26310	0	0	0	29	0	29
26311	0	0	0	29	0	29
26312	1	0	0	28	0	29
26313	1	28	0	0	0	29
26314	0	0	28	1	0	29
26315	1	0	0	28	0	29
26316	0	0	29	0	0	29
26317	0	1	29	0	0	30
26318	0	0	1	30	0	31
26319	30	0	0	1	0	31
26320	1	0	0	30	0	31
26321	0	1	0	30	0	31
26322	0	30	0	1	0	31
26323	0	0	0	30	0	30
26324	0	1	0	30	0	31
26325	0	0	30	1	0	31
26326	0	30	0	1	0	31
26327	0	0	0	31	0	31
26328	30	0	0	1	0	31
26329	0	0	30	1	0	31
26330	0	1	0	30	0	31
26331	0	0	0	30	0	30
26332	30	0	0	1	0	31
26333	0	30	1	0	0	31
26334	28	0	0	0	0	28
26335	0	27	0	0	0	27
26336	0	0	0	27	0	27
26337	27	0	0	0	0	27
26338	0	0	24	0	0	24
26339	0	24	0	0	0	24
26340	0	23	0	0	0	23
26341	22	0	0	0	0	22
26342	0	0	0	22	0	22
26343	0	22	0	0	0	22
26344	0	22	0	0	0	22
26345	0	0	0	22	0	22
26346	0	0	0	22	0	22
26347	21	0	0	0	0	21
26348	0	22	0	0	0	22
26349	0	0	0	22	0	22
26350	0	0	22	0	0	22
26351	0	23	0	0	0	23
26352	0	0	23	0	0	23
26353	0	23	0	0	0	23
26354	0	0	0	23	0	23
26355	0	0	0	20	0	20
26356	0	22	0	0	0	22
26357	0	0	22	0	0	22
26358	22	0	0	0	0	22
26359	0	0	0	22	0	22
26360	0	0	0	22	0	22
26361	0	0	22	0	0	22
26362	0	0	0	22	0	22
26363	0	0	23	0	0	23
26364	0	0	0	23	0	23
26365	0	0	27	0	0	27
26366	0	27	0	0	0	27
26367	0	0	27	0	0	27
26368	0	0	0	27	0	27
26369	27	0	0	0	0	27
26370	0	27	0	0	0	27
26371	0	0	0	27	0	27
26372	0	0	27	0	0	27
26373	0	28	0	0	0	28
26374	0	0	0	26	0	26
26375	0	0	28	0	0	28
26376	0	23	0	0	0	23
26377	16	0	5	0	0	21
26378	16	0	0	0	0	16
26379	0	0	0	19	0	19
26380	19	0	0	0	0	19
26381	0	0	0	19	0	19
26382	0	0	0	19	0	19
26383	0	0	23	0	0	23
26384	0	0	0	23	0	23
26385	0	0	0	23	0	23
26386	23	0	0	0	0	23
26387	23	0	0	0	0	23
26388	0	23	0	0	0	23
26389	0	0	23	0	0	23
26390	0	0	0	20	0	20
26391	0	0	20	0	0	20
26392	19	0	0	0	0	19
26393	0	0	19	0	0	19
26394	0	0	0	18	0	18
26395	0	18	0	0	0	18
26396	0	0	0	18	0	18
26397	0	0	0	19	0	19
26398	0	0	19	0	0	19
26399	0	0	0	18	0	18
26400	18	0	0	0	0	18
26401	17	0	0	0	0	17
26402	17	0	0	0	0	17
26403	18	0	0	0	0	18
26404	0	18	0	0	0	18
26405	0	18	0	0	0	18
26406	0	0	0	18	0	18
26407	0	0	0	18	0	18
26408	0	17	0	0	0	17
26409	0	0	0	18	0	18
26410	0	0	0	17	0	17
26411	0	0	0	18	0	18
26412	0	0	0	18	0	18
26413	0	0	0	18	0	18
26414	18	0	0	0	0	18
26415	0	18	0	0	0	18
26416	0	0	18	0	0	18
26417	0	0	0	17	0	17
26418	0	0	0	17	0	17
26419	0	0	0	17	0	17
26420	17	0	0	0	0	17
26421	0	18	0	0	0	18
26422	0	1	0	19	0	20
26423	0	19	0	1	0	20
26424	0	1	0	19	0	20
26425	0	19	0	1	0	20
26426	0	1	18	0	0	19
26427	0	0	1	23	0	24
26428	0	0	29	1	0	30
26429	0	0	1	29	0	30
26430	0	0	0	30	0	30
26431	29	0	0	1	0	30
26432	30	0	0	0	0	30
26433	30	0	0	0	0	30
26434	30	0	0	0	0	30
26435	30	0	0	0	0	30
26436	1	0	0	29	0	30
26437	0	28	0	1	0	29
26438	0	1	0	29	0	30
26439	0	0	29	1	0	30
26440	29	0	1	0	0	30
26441	30	0	0	0	0	30
26442	1	0	0	29	0	30
26443	0	0	0	30	0	30
26444	0	29	0	1	0	30
26445	0	1	0	29	0	30
26446	0	0	0	30	0	30
26447	0	29	0	1	0	30
26448	0	1	0	29	0	30
26449	28	0	0	1	0	29
26450	1	0	29	0	0	30
26451	27	0	1	0	0	28
26452	1	0	28	0	0	29
26453	0	0	1	28	0	29
26454	0	0	0	29	0	29
26455	0	28	0	1	0	29
26456	0	29	0	0	0	29
26457	0	1	0	28	0	29
26458	0	0	28	1	0	29
26459	28	0	1	0	0	29
26460	1	0	0	28	0	29
26461	0	28	0	1	0	29
26462	0	1	0	27	0	28
26463	0	0	0	27	0	27
26464	0	27	0	1	0	28
26465	0	1	0	23	0	24
26466	0	0	23	1	0	24
26467	0	0	24	0	0	24
26468	0	0	1	23	0	24
26469	0	23	0	1	0	24
26470	0	1	0	23	0	24
26471	23	0	0	1	0	24
26472	24	0	0	0	0	24
26473	21	0	0	0	0	21
26474	1	21	0	0	0	22
26475	0	1	19	0	0	20
26476	19	0	1	0	0	20
26477	20	0	0	0	0	20
26478	1	19	0	0	0	20
26479	0	1	0	16	0	17
26480	16	0	0	1	0	17
26481	17	0	0	0	0	17
26482	17	0	0	0	0	17
26483	1	0	0	12	0	13
26484	12	0	0	1	0	13
26485	1	0	0	12	0	13
26486	0	0	0	13	0	13
26487	12	0	0	1	0	13
26488	1	0	0	12	0	13
26489	12	0	0	1	0	13
26490	1	0	0	12	0	13
26491	0	0	0	13	0	13
26492	12	0	0	1	0	13
26493	1	0	12	0	0	13
26494	0	0	1	12	0	13
26495	0	0	0	13	0	13
26496	0	0	0	13	0	13
26497	0	0	0	13	0	13
26498	0	0	0	13	0	13
26499	0	11	0	1	0	12
26500	0	1	0	12	0	13
26501	0	0	12	1	0	13
26502	0	0	1	12	0	13
26503	0	0	0	13	0	13
26504	0	0	0	13	0	13
26505	0	0	12	1	0	13
26506	0	0	13	0	0	13
26507	12	0	1	0	0	13
26508	13	0	0	0	0	13
26509	1	12	0	0	0	13
26510	0	1	0	12	0	13
26511	0	0	0	13	0	13
26512	0	0	0	13	0	13
26513	12	0	0	1	0	13
26514	13	0	0	0	0	13
26515	1	0	0	12	0	13
26516	0	0	0	13	0	13
26517	0	0	0	13	0	13
26518	0	0	0	13	0	13
26519	12	0	0	1	0	13
26520	1	0	12	0	0	13
26521	0	11	0	0	0	11
26522	0	10	0	0	0	10
26523	10	0	0	0	0	10
26524	0	2	0	8	0	10
26525	0	0	10	0	0	10
26526	0	0	11	0	0	11
26527	0	13	0	0	0	13
26528	6	0	0	0	0	6
26529	0	0	7	0	0	7
26530	7	0	0	0	0	7
26531	0	0	0	7	0	7
26532	0	0	0	7	0	7
26533	0	7	0	0	0	7
26534	0	8	0	0	0	8
26535	9	0	0	0	0	9
26536	9	0	0	0	0	9
26537	0	11	0	0	0	11
26538	0	0	11	0	0	11
26539	0	0	11	0	0	11
26540	0	0	0	10	0	10
26541	11	0	0	0	0	11
26542	0	11	0	0	0	11
26543	0	0	0	11	0	11
26544	11	0	0	0	0	11
26545	0	0	0	11	0	11
26546	0	0	0	11	0	11
26547	11	0	0	0	0	11
26548	0	15	0	0	0	15
26549	0	15	0	0	0	15
26550	0	0	14	0	0	14
26551	0	0	0	14	0	14
26552	0	0	0	15	0	15
26553	0	0	15	0	0	15
26554	11	0	0	0	0	11
26555	14	0	0	0	0	14
26556	0	0	14	0	0	14
26557	14	0	0	0	0	14
26558	0	0	17	0	0	17
26559	0	18	0	0	0	18
26560	0	0	0	19	0	19
26561	0	0	0	19	0	19
26562	19	0	0	0	0	19
26563	19	0	0	0	0	19
26564	18	0	0	0	0	18
26565	19	0	0	0	0	19
26566	19	0	0	0	0	19
26567	0	0	18	0	0	18
26568	0	19	0	0	0	19
26569	0	0	0	19	0	19
26570	0	19	0	0	0	19
26571	0	19	0	0	0	19
26572	0	0	0	19	0	19
26573	0	0	0	19	0	19
26574	0	0	18	0	0	18
26575	18	0	0	0	0	18
26576	19	0	0	0	0	19
26577	0	19	0	0	0	19
26578	19	0	0	0	0	19
26579	20	0	0	0	0	20
26580	0	0	0	20	0	20
26581	0	0	20	0	0	20
26582	0	0	20	0	0	20
26583	20	0	0	0	0	20
26584	19	0	0	0	0	19
26585	0	20	0	0	0	20
26586	0	20	0	0	0	20
26587	0	0	0	20	0	20
26588	20	0	0	0	0	20
26589	0	0	19	0	0	19
26590	0	0	0	20	0	20
26591	20	0	0	0	0	20
26592	20	0	0	0	0	20
26593	0	0	0	20	0	20
26594	20	0	0	0	0	20
26595	0	0	19	0	0	19
26596	0	0	18	0	0	18
26597	0	0	0	18	0	18
26598	0	0	0	19	0	19
26599	0	0	0	20	0	20
26600	0	20	0	0	0	20
26601	1	18	0	0	0	19
26602	0	0	0	20	0	20
26603	19	0	0	1	0	20
26604	0	0	0	19	0	19
26605	0	0	0	19	0	19
26606	0	19	0	0	0	19
26607	0	20	0	0	0	20
26608	0	0	0	20	0	20
26609	0	0	0	20	0	20
26610	20	0	0	0	0	20
26611	0	20	0	0	0	20
26612	20	0	0	0	0	20
26613	0	0	0	19	0	19
26614	0	0	20	0	0	20
26615	0	0	20	0	0	20
26616	20	0	0	0	0	20
26617	0	0	0	19	0	19
26618	0	0	0	18	0	18
26619	0	0	0	20	0	20
26620	0	0	23	0	0	23
26621	0	0	0	23	0	23
26622	0	22	0	0	0	22
26623	0	0	0	23	0	23
26624	0	0	0	23	0	23
26625	0	22	0	0	0	22
26626	0	0	0	22	0	22
26627	16	0	0	0	0	16
26628	0	15	1	0	0	16
26629	17	0	0	0	0	17
26630	17	0	0	0	0	17
26631	0	0	0	17	0	17
26632	0	0	0	16	0	16
26633	0	0	0	16	0	16
26634	0	0	16	0	0	16
26635	0	15	0	0	0	15
26636	0	14	0	0	0	14
26637	0	0	0	13	0	13
26638	13	0	0	0	0	13
26639	0	0	0	12	0	12
26640	0	0	13	0	0	13
26641	0	12	0	0	0	12
26642	0	12	1	0	0	13
26643	13	0	0	0	0	13
26644	13	0	0	0	0	13
26645	0	12	1	0	0	13
26646	13	0	0	0	0	13
26647	0	0	13	0	0	13
26648	0	0	10	0	0	10
26649	9	0	0	0	0	9
26650	10	0	0	0	0	10
26651	0	0	0	10	0	10
26652	10	0	0	0	0	10
26653	0	0	11	0	0	11
26654	0	0	17	0	0	17
26655	0	0	0	19	0	19
26656	0	0	0	22	0	22
26657	0	0	0	25	0	25
26658	0	0	0	25	0	25
26659	0	0	0	25	0	25
26660	1	0	24	1	0	26
26661	0	0	0	24	0	24
26662	25	0	1	0	0	26
26663	1	0	0	25	0	26
26664	25	0	0	1	0	26
26665	0	0	0	26	0	26
26666	27	0	0	2	0	29
26667	27	0	1	1	0	29
26668	1	0	0	27	0	28
26669	1	1	0	27	0	29
26670	27	0	0	2	0	29
26671	28	0	0	1	0	29
26672	1	0	27	1	0	29
26673	0	0	0	27	0	27
26674	0	1	1	27	0	29
26675	27	1	0	1	0	29
26676	28	0	0	1	0	29
26677	1	0	0	27	0	28
26678	1	1	0	27	0	29
26679	1	0	0	26	0	27
26680	0	0	1	27	0	28
26681	0	26	1	1	0	28
26682	1	25	0	2	0	28
26683	1	1	0	26	0	28
26684	0	27	0	1	0	28
26685	1	0	0	27	0	28
26686	0	1	27	0	0	28
26687	1	0	26	1	0	28
26688	0	25	1	0	0	26
26689	0	0	1	27	0	28
26690	0	1	25	1	0	27
26691	0	0	0	28	0	28
26692	0	0	1	31	0	32
26693	30	0	1	1	0	32
26694	0	0	0	32	0	32
26695	2	0	33	0	0	35
26696	0	0	33	2	0	35
26697	1	33	1	0	0	35
26698	0	37	1	1	0	39
26699	38	1	0	0	0	39
26700	1	1	48	0	0	50
26701	1	0	0	48	0	49
26702	48	0	1	1	0	50
26703	47	0	0	1	0	48
26704	2	47	0	0	0	49
26705	1	0	1	46	0	48
26706	0	1	0	49	0	50
26707	0	0	0	49	0	49
26708	49	0	0	1	0	50
26709	1	0	48	1	0	50
26710	1	47	0	1	0	49
26711	0	0	1	49	0	50
26712	0	1	0	49	0	50
26713	0	0	49	2	0	51
26714	0	1	0	51	0	52
26715	0	0	1	49	0	50
26716	0	0	0	52	0	52
26717	0	1	0	51	0	52
26718	0	0	50	2	0	52
26719	0	0	1	50	0	51
26720	0	0	49	0	0	49
26721	0	48	0	1	0	49
26722	0	0	1	48	0	49
26723	0	1	1	47	0	49
26724	0	0	47	2	0	49
26725	0	48	0	2	0	50
26726	1	0	1	46	0	48
26727	0	1	48	0	0	49
26728	0	49	0	0	0	49
26729	0	0	1	49	0	50
26730	0	1	48	0	0	49
26731	0	0	0	49	0	49
26732	0	0	1	48	0	49
26733	0	0	0	50	0	50
26734	49	0	0	3	0	52
26735	0	50	0	1	0	51
26736	52	0	0	0	0	52
26737	0	1	50	0	0	51
26738	52	0	0	0	0	52
26739	52	0	1	0	0	53
26740	1	0	0	51	0	52
26741	53	0	0	0	0	53
26742	50	0	0	1	0	51
26743	53	0	0	0	0	53
26744	1	0	0	52	0	53
26745	1	0	0	56	0	57
26746	0	0	53	1	0	54
26747	0	0	52	1	0	53
26748	51	0	1	0	0	52
26749	0	0	1	54	0	55
26750	1	55	0	0	0	56
26751	56	0	0	0	0	56
26752	0	56	0	0	0	56
26753	1	55	0	0	0	56
26754	0	1	45	0	0	46
26755	0	1	46	0	0	47
26756	0	0	1	51	0	52
26757	0	0	48	0	0	48
26758	0	0	44	0	0	44
26759	45	0	0	0	0	45
26760	44	0	0	0	0	44
26761	0	0	0	45	0	45
26762	0	0	0	45	0	45
26763	0	0	45	0	0	45
26764	0	44	0	0	0	44
26765	0	0	0	44	0	44
26766	45	0	0	0	0	45
26767	0	0	0	46	0	46
26768	0	47	0	0	0	47
26769	0	0	47	0	0	47
26770	0	46	0	0	0	46
26771	48	0	0	0	0	48
26772	48	0	0	0	0	48
26773	0	0	0	48	0	48
26774	0	0	47	0	0	47
26775	0	0	45	0	0	45
26776	0	47	0	0	0	47
26777	0	0	0	46	0	46
26778	0	0	0	48	0	48
26779	0	0	47	0	0	47
26780	0	0	0	45	0	45
26781	0	49	0	0	0	49
26782	0	1	0	50	0	51
26783	0	0	0	50	0	50
26784	0	0	49	1	0	50
26785	0	0	1	47	0	48
26786	53	0	0	1	0	54
26787	1	0	54	0	0	55
26788	0	0	58	0	0	58
26789	0	55	1	0	0	56
26790	0	1	0	56	0	57
26791	0	0	0	57	0	57
26792	0	0	53	1	0	54
26793	51	0	1	0	0	52
26794	1	0	0	53	0	54
26795	0	0	51	1	0	52
26796	0	0	1	50	0	51
26797	0	0	51	1	0	52
26798	0	0	48	0	0	48
26799	0	46	1	0	0	47
26800	0	1	0	36	0	37
26801	0	38	0	1	0	39
26802	38	1	0	0	0	39
26803	1	0	36	0	0	37
26804	0	38	1	0	0	39
26805	0	1	0	38	0	39
26806	38	0	0	1	0	39
26807	1	37	0	0	0	38
26808	0	1	0	38	0	39
26809	0	0	0	42	0	42
26810	0	41	0	1	0	42
26811	40	1	0	0	0	41
26812	1	0	0	50	0	51
26813	0	1	0	52	0	53
26814	0	0	53	2	0	55
26815	0	54	2	1	0	57
26816	0	2	0	56	0	58
26817	0	0	0	63	0	63
26818	0	62	0	1	0	63
26819	0	2	0	63	0	65
26820	0	0	0	70	0	70
26821	0	1	0	73	0	74
26822	0	69	0	4	0	73
26823	72	3	0	2	0	77
26824	3	0	71	1	0	75
26825	71	1	3	0	0	75
26826	4	72	1	0	0	77
26827	0	3	1	70	0	74
26828	1	0	70	3	0	74
26829	0	1	3	71	0	75
26830	0	0	0	77	0	77
26831	0	0	1	75	0	76
26832	0	0	73	4	0	77
26833	0	71	3	1	0	75
26834	0	3	70	1	0	74
26835	0	70	4	0	0	74
26836	0	4	72	0	0	76
26837	0	0	4	70	0	74
26838	71	1	0	3	0	75
26839	3	68	1	0	0	72
26840	0	3	71	1	0	75
26841	1	71	2	0	0	74
26842	0	3	70	0	0	73
26843	0	0	4	69	0	73
26844	0	1	0	69	0	70
26845	0	66	0	2	0	68
26846	0	70	0	1	0	71
26847	66	2	0	1	0	69
26848	3	0	0	65	0	68
26849	0	1	67	3	0	71
26850	1	0	3	67	0	71
26851	0	0	67	4	0	71
26852	0	0	68	0	0	68
26853	0	0	3	63	0	66
26854	0	66	1	2	0	69
26855	65	3	1	0	0	69
26856	3	0	0	61	0	64
26857	1	1	0	58	0	60
26858	1	62	0	3	0	66
26859	62	3	0	1	0	66
26860	65	0	0	1	0	66
26861	3	0	0	61	0	64
26862	1	66	0	3	0	70
26863	1	75	0	0	0	76
26864	73	3	0	1	0	77
26865	3	1	73	0	0	77
26866	68	1	3	0	0	72
26867	71	0	0	0	0	71
26868	70	0	1	0	0	71
26869	4	65	0	0	0	69
26870	1	3	0	67	0	71
26871	67	0	0	3	0	70
26872	70	1	0	0	0	71
26873	3	67	0	1	0	71
26874	68	3	0	0	0	71
26875	4	0	0	65	0	69
26876	0	1	0	69	0	70
26877	1	67	0	3	0	71
26878	0	3	0	67	0	70
26879	0	0	0	69	0	69
26880	0	67	0	3	0	70
26881	1	2	0	63	0	66
26882	0	65	0	3	0	68
26883	65	3	0	0	0	68
26884	65	0	0	1	0	66
26885	1	64	0	1	0	66
26886	1	2	62	0	0	65
26887	1	0	2	61	0	64
26888	0	1	57	1	0	59
26889	0	55	3	0	0	58
26890	0	57	0	1	0	58
26891	57	2	1	0	0	60
26892	2	58	0	0	0	60
26893	0	2	0	53	0	55
26894	1	55	0	2	0	58
26895	0	57	0	0	0	57
26896	55	2	0	1	0	58
26897	2	0	0	55	0	57
26898	0	1	54	2	0	57
26899	1	0	55	0	0	56
26900	0	53	2	1	0	56
26901	54	2	1	0	0	57
26902	2	53	1	0	0	56
26903	0	3	0	57	0	60
26904	58	0	0	2	0	60
26905	2	1	0	57	0	60
26906	0	0	0	59	0	59
26907	1	57	0	1	0	59
26908	1	2	0	57	0	60
26909	0	0	60	3	0	63
26910	63	1	3	0	0	67
26911	3	61	0	1	0	65
26912	0	62	0	0	0	62
26913	55	2	0	0	0	57
26914	2	0	55	0	0	57
26915	50	0	5	0	0	55
26916	2	61	0	0	0	63
26917	0	58	0	0	0	58
26918	0	3	57	0	0	60
26919	0	53	5	0	0	58
26920	0	2	0	48	0	50
26921	0	0	0	51	0	51
26922	0	49	0	2	0	51
26923	0	2	0	45	0	47
26924	45	0	0	2	0	47
26925	2	0	45	0	0	47
26926	45	0	2	0	0	47
26927	47	0	0	0	0	47
26928	45	0	0	0	0	45
26929	2	0	45	0	0	47
26930	0	0	2	44	0	46
26931	0	0	44	1	0	45
26932	44	0	2	0	0	46
26933	47	0	0	0	0	47
26934	1	45	0	0	0	46
26935	0	4	0	46	0	50
26936	0	48	0	1	0	49
26937	0	3	49	0	0	52
26938	0	0	2	49	0	51
26939	48	0	0	3	0	51
26940	51	0	0	0	0	51
26941	2	0	0	45	0	47
26942	0	49	0	3	0	52
26943	0	3	49	0	0	52
26944	0	0	51	0	0	51
26945	47	0	3	0	0	50
26946	3	0	48	0	0	51
26947	0	48	3	0	0	51
26948	0	3	0	47	0	50
26949	0	1	48	3	0	52
26950	0	0	4	47	0	51
26951	0	1	48	3	0	52
26952	47	0	3	1	0	51
26953	3	0	0	47	0	50
26954	0	50	0	2	0	52
26955	0	52	0	1	0	53
26956	1	3	0	49	0	53
26957	0	0	1	51	0	52
26958	1	48	0	3	0	52
26959	1	3	48	0	0	52
26960	1	0	3	45	0	49
26961	0	0	49	2	0	51
26962	0	0	46	1	0	47
26963	37	0	4	0	0	41
26964	4	39	0	0	0	43
26965	40	3	0	0	0	43
26966	3	1	0	39	0	43
26967	0	38	0	4	0	42
26968	0	4	0	39	0	43
26969	0	0	1	39	0	40
26970	0	39	0	4	0	43
26971	1	3	39	0	0	43
26972	1	0	4	38	0	43
26973	39	0	0	4	0	43
26974	3	2	0	39	0	44
26975	0	1	1	42	0	44
26976	1	0	40	3	0	44
26977	1	38	4	0	0	43
26978	1	3	1	39	0	44
26979	0	2	39	3	0	44
26980	0	1	40	1	0	42
26981	39	0	5	0	0	44
26982	3	40	0	1	0	44
26983	38	3	1	1	0	43
26984	4	39	0	1	0	44
26985	0	42	0	1	0	43
26986	39	3	0	1	0	43
26987	4	1	0	39	0	44
26988	0	38	1	3	0	42
26989	1	3	0	40	0	44
26990	39	1	0	3	0	43
26991	4	0	40	0	0	44
26992	0	0	45	1	0	46
26993	40	0	3	1	0	44
26994	3	42	2	0	0	47
26995	2	3	42	0	0	47
26996	1	43	3	0	0	47
26997	1	4	0	42	0	47
26998	0	0	42	3	0	45
26999	0	1	3	42	0	46
27000	0	0	43	4	0	47
27001	42	0	3	1	0	46
27002	4	42	0	0	0	46
27003	40	3	1	0	0	44
27004	3	0	0	44	0	47
27005	1	45	0	3	0	49
27006	45	3	1	1	0	50
27007	48	0	0	1	0	49
27008	3	0	46	0	0	49
27009	0	1	36	0	0	37
27010	34	0	1	1	0	36
27011	2	34	1	0	0	37
27012	0	33	1	0	0	34
27013	1	2	0	29	0	32
27014	0	1	30	2	0	33
27015	1	28	2	0	0	31
27016	0	26	0	0	0	26
27017	0	1	0	27	0	28
27018	28	0	0	1	0	29
27019	30	0	0	0	0	30
27020	30	0	0	0	0	30
27021	1	0	28	0	0	29
27022	28	0	1	0	0	29
27023	30	0	0	0	0	30
27024	30	0	0	0	0	30
27025	1	0	0	28	0	29
27026	0	28	0	1	0	29
27027	29	0	0	0	0	29
27028	1	29	0	0	0	30
27029	0	1	0	27	0	28
27030	0	0	27	1	0	28
27031	0	0	1	26	0	27
27032	0	0	0	28	0	28
27033	0	0	27	1	0	28
27034	0	26	0	0	0	26
27035	0	0	0	23	0	23
27036	23	0	0	0	0	23
27037	0	22	0	0	0	22
27038	21	0	0	0	0	21
27039	0	0	0	21	0	21
27040	0	22	0	0	0	22
27041	22	0	0	0	0	22
27042	0	21	0	0	0	21
27043	0	0	22	0	0	22
27044	20	0	0	0	0	20
27045	22	0	0	0	0	22
27046	0	22	0	0	0	22
27047	0	0	22	0	0	22
27048	0	22	0	0	0	22
27049	0	0	0	19	0	19
27050	0	0	0	22	0	22
27051	0	0	0	21	0	21
27052	0	22	0	0	0	22
27053	0	0	0	21	0	21
27054	0	0	0	19	0	19
27055	19	0	0	0	0	19
27056	0	0	0	19	0	19
27057	0	0	0	19	0	19
27058	18	0	0	0	0	18
27059	0	19	0	0	0	19
27060	20	0	0	0	0	20
27061	20	0	0	0	0	20
27062	21	0	0	0	0	21
27063	0	0	0	21	0	21
27064	0	0	0	21	0	21
27065	0	0	21	0	0	21
27066	0	0	20	0	0	20
27067	0	0	21	0	0	21
27068	20	0	0	0	0	20
27069	0	0	21	0	0	21
27070	0	21	0	0	0	21
27071	0	0	0	20	0	20
27072	0	0	0	21	0	21
27073	0	21	0	0	0	21
27074	0	0	20	0	0	20
27075	0	20	0	0	0	20
27076	21	0	0	0	0	21
27077	0	0	20	0	0	20
27078	0	21	0	0	0	21
27079	0	0	21	0	0	21
27080	0	0	0	21	0	21
27081	0	0	21	0	0	21
27082	0	0	0	19	0	19
27083	21	0	0	0	0	21
27084	0	0	21	0	0	21
27085	0	21	0	0	0	21
27086	21	0	0	0	0	21
27087	0	0	21	0	0	21
27088	0	0	21	0	0	21
27089	0	0	0	21	0	21
27090	0	0	21	0	0	21
27091	20	0	0	0	0	20
27092	0	22	0	0	0	22
27093	0	0	0	23	0	23
27094	0	25	0	0	0	25
27095	24	0	0	0	0	24
27096	0	0	24	0	0	24
27097	0	0	24	0	0	24
27098	0	0	0	25	0	25
27099	0	0	0	25	0	25
27100	0	0	0	25	0	25
27101	0	0	0	25	0	25
27102	0	0	25	0	0	25
27103	0	27	0	0	0	27
27104	0	0	0	23	0	23
27105	0	0	21	0	0	21
27106	0	21	0	0	0	21
27107	20	0	0	1	0	21
27108	0	0	0	20	0	20
27109	21	0	0	0	0	21
27110	0	21	0	0	0	21
27111	21	0	0	0	0	21
27112	0	0	23	0	0	23
27113	0	0	0	24	0	24
27114	0	23	0	0	0	23
27115	0	0	24	0	0	24
27116	0	21	0	0	0	21
27117	0	1	0	8	0	9
27118	14	0	0	0	0	14
27119	0	15	0	0	0	15
27120	15	0	0	0	0	15
27121	0	0	15	0	0	15
27122	0	0	13	0	0	13
27123	14	0	0	1	0	15
27124	0	0	0	15	0	15
27125	0	0	0	14	0	14
27126	0	0	14	0	0	14
27127	0	0	13	0	0	13
27128	0	15	0	0	0	15
27129	14	0	0	0	0	14
27130	14	0	0	0	0	14
27131	0	13	0	2	0	15
27132	0	0	0	17	0	17
27133	17	0	0	0	0	17
27134	0	0	0	17	0	17
27135	17	0	0	0	0	17
27136	15	0	0	1	0	16
27137	17	0	0	0	0	17
27138	0	0	0	16	0	16
27139	0	0	0	17	0	17
27140	17	0	0	0	0	17
27141	16	0	0	0	0	16
27142	17	0	0	0	0	17
27143	0	17	0	0	0	17
27144	18	0	0	0	0	18
27145	0	18	0	0	0	18
27146	17	0	0	0	0	17
27147	0	0	16	0	0	16
27148	13	0	0	1	0	14
27149	0	17	0	0	0	17
27150	0	18	0	0	0	18
27151	18	0	0	0	0	18
27152	0	0	0	18	0	18
27153	0	0	0	18	0	18
27154	0	18	0	0	0	18
27155	0	18	0	0	0	18
27156	17	0	0	0	0	17
27157	0	0	18	0	0	18
27158	0	0	0	21	0	21
27159	21	0	0	0	0	21
27160	0	0	21	0	0	21
27161	0	20	0	0	0	20
27162	18	0	0	0	0	18
27163	0	0	21	0	0	21
27164	0	0	0	22	0	22
27165	0	0	20	0	0	20
27166	20	0	0	0	0	20
27167	0	22	0	0	0	22
27168	21	0	0	1	0	22
27169	21	0	0	1	0	22
27170	0	0	0	22	0	22
27171	24	0	0	0	0	24
27172	0	0	0	26	0	26
27173	0	0	0	27	0	27
27174	0	0	25	0	0	25
27175	0	27	0	0	0	27
27176	0	0	0	29	0	29
27177	0	0	0	30	0	30
27178	0	0	0	30	0	30
27179	0	0	30	0	0	30
27180	0	30	0	0	0	30
27181	0	0	0	30	0	30
27182	0	0	0	29	0	29
27183	0	0	30	0	0	30
27184	0	0	0	28	0	28
27185	30	0	0	0	0	30
27186	0	30	0	0	0	30
27187	29	0	0	0	0	29
27188	0	0	30	0	0	30
27189	0	0	0	29	0	29
27190	30	0	0	0	0	30
27191	29	0	0	0	0	29
27192	0	0	26	0	0	26
27193	0	0	0	26	0	26
27194	0	0	26	0	0	26
27195	24	0	0	0	0	24
27196	0	26	0	0	0	26
27197	26	0	0	0	0	26
27198	25	0	0	0	0	25
27199	0	25	0	0	0	25
27200	25	0	0	0	0	25
27201	0	0	27	0	0	27
27202	26	0	0	0	0	26
27203	0	0	0	27	0	27
27204	0	0	29	0	0	29
27205	0	0	0	29	0	29
27206	0	0	0	32	0	32
27207	0	0	0	30	0	30
27208	0	32	0	0	0	32
27209	32	0	0	0	0	32
27210	0	0	0	31	0	31
27211	0	33	0	0	0	33
27212	0	0	0	31	0	31
27213	0	31	0	0	0	31
27214	0	0	30	0	0	30
27215	0	0	0	31	0	31
27216	0	0	0	29	0	29
27217	0	0	31	0	0	31
27218	25	0	0	0	0	25
27219	0	30	0	0	0	30
27220	0	0	0	30	0	30
27221	0	0	0	29	0	29
27222	0	0	0	29	0	29
27223	0	30	0	0	0	30
27224	30	0	0	0	0	30
27225	0	0	30	0	0	30
27226	0	0	31	0	0	31
27227	0	0	0	30	0	30
27228	0	0	0	32	0	32
27229	32	0	0	0	0	32
27230	0	34	0	0	0	34
27231	0	0	0	33	0	33
27232	32	0	0	0	0	32
27233	0	0	0	33	0	33
27234	33	0	0	0	0	33
27235	0	0	33	0	0	33
27236	0	34	0	0	0	34
27237	33	0	0	0	0	33
27238	0	0	34	0	0	34
27239	33	0	0	0	0	33
27240	0	0	33	0	0	33
27241	31	0	0	0	0	31
27242	0	0	0	34	0	34
27243	33	0	0	0	0	33
27244	0	0	0	33	0	33
27245	0	0	0	33	0	33
27246	33	0	0	0	0	33
27247	0	35	0	0	0	35
27248	0	0	0	35	0	35
27249	35	0	0	0	0	35
27250	35	0	0	0	0	35
27251	0	0	0	36	0	36
27252	0	0	0	39	0	39
27253	40	0	0	0	0	40
27254	1	0	0	43	0	44
27255	0	0	0	43	0	43
27256	42	0	0	1	0	43
27257	1	0	0	41	0	42
27258	0	0	39	1	0	40
27259	38	0	1	0	0	39
27260	1	0	37	0	0	38
27261	0	0	39	0	0	39
27262	36	0	1	0	0	37
27263	1	37	0	0	0	38
27264	0	1	0	36	0	37
27265	0	0	0	37	0	37
27266	0	0	0	35	0	35
27267	0	0	0	37	0	37
27268	35	0	0	1	0	36
27269	41	0	0	0	0	41
27270	44	0	0	0	0	44
27271	1	0	51	1	0	53
27272	2	0	2	48	0	52
27273	0	0	1	49	0	50
27274	0	1	0	48	0	49
27275	1	51	0	2	0	54
27276	0	50	1	0	0	51
27277	50	2	0	0	0	52
27278	1	0	1	48	0	50
27279	1	0	0	49	0	50
27280	0	0	0	51	0	51
27281	1	0	49	2	0	52
27282	0	0	51	0	0	51
27283	48	0	2	1	0	51
27284	51	0	0	0	0	51
27285	2	1	0	49	0	52
27286	0	48	0	3	0	51
27287	1	2	0	47	0	50
27288	1	0	0	51	0	52
27289	0	0	48	3	0	51
27290	47	0	2	1	0	50
27291	3	0	0	48	0	51
27292	0	0	0	49	0	49
27293	45	0	0	3	0	48
27294	2	44	0	0	0	46
27295	45	2	0	1	0	48
27296	2	0	1	45	0	48
27297	1	44	0	2	0	47
27298	44	2	1	0	0	47
27299	2	0	1	44	0	47
27300	45	0	0	2	0	47
27301	44	1	0	0	0	45
27302	43	0	0	1	0	44
27303	2	39	0	1	0	42
27304	0	42	0	1	0	43
27305	0	2	0	40	0	42
27306	1	41	0	2	0	44
27307	42	2	0	0	0	44
27308	3	0	0	41	0	44
27309	41	0	1	2	0	44
27310	43	0	0	1	0	44
27311	2	0	0	40	0	42
27312	1	0	0	42	0	43
27313	42	1	0	2	0	45
27314	46	1	0	0	0	47
27315	47	0	0	0	0	47
27316	46	0	0	1	0	47
27317	47	0	0	1	0	48
27318	2	0	0	46	0	48
27319	0	0	1	46	0	47
27320	0	0	1	47	0	48
27321	45	0	0	2	0	47
27322	3	0	0	44	0	47
27323	0	42	0	3	0	45
27324	0	3	0	45	0	48
27325	45	0	0	3	0	48
27326	46	0	0	1	0	47
27327	2	0	45	0	0	47
27328	0	0	2	45	0	47
27329	0	47	0	2	0	49
27330	45	2	0	0	0	47
27331	2	45	0	0	0	47
27332	0	1	0	44	0	45
27333	45	0	0	2	0	47
27334	46	0	0	0	0	46
27335	2	45	0	0	0	47
27336	0	2	0	44	0	46
27337	0	0	44	2	0	46
27338	42	0	2	0	0	44
27339	2	0	46	0	0	48
27340	45	0	2	0	0	47
27341	48	0	0	0	0	48
27342	2	0	0	46	0	48
27343	49	0	0	2	0	51
27344	50	0	0	0	0	50
27345	50	0	0	0	0	50
27346	2	0	0	48	0	50
27347	46	0	0	2	0	48
27348	2	0	0	47	0	49
27349	0	0	0	48	0	48
27350	0	47	0	2	0	49
27351	0	2	0	46	0	48
27352	0	43	0	2	0	45
27353	41	1	0	0	0	42
27354	41	0	0	0	0	41
27355	1	0	0	40	0	41
27356	0	0	0	41	0	41
27357	40	0	0	1	0	41
27358	1	0	40	0	0	41
27359	39	0	1	0	0	40
27360	1	0	0	40	0	41
27361	0	0	37	1	0	38
27362	37	0	1	0	0	38
27363	38	0	0	0	0	38
27364	1	0	40	0	0	41
27365	38	0	1	0	0	39
27366	1	0	40	0	0	41
27367	0	39	1	0	0	40
27368	37	1	0	0	0	38
27369	34	0	2	0	0	36
27370	1	32	0	0	0	33
27371	0	22	0	0	0	22
27372	22	0	0	0	0	22
27373	20	0	0	0	0	20
27374	0	0	0	23	0	23
27375	0	0	21	0	0	21
27376	0	0	21	0	0	21
27377	20	0	0	0	0	20
27378	0	0	20	0	0	20
27379	21	0	0	0	0	21
27380	0	0	0	20	0	20
27381	0	0	0	20	0	20
27382	0	0	20	0	0	20
27383	20	0	0	0	0	20
27384	0	0	0	20	0	20
27385	0	0	0	21	0	21
27386	21	0	0	0	0	21
27387	20	0	0	0	0	20
27388	20	0	0	0	0	20
27389	0	21	0	0	0	21
27390	0	0	20	0	0	20
27391	21	0	0	0	0	21
27392	21	0	0	0	0	21
27393	0	21	0	0	0	21
27394	21	0	0	0	0	21
27395	0	0	0	21	0	21
27396	0	0	21	0	0	21
27397	21	0	0	0	0	21
27398	25	0	0	0	0	25
27399	25	0	0	0	0	25
27400	25	0	0	0	0	25
27401	0	0	0	25	0	25
27402	0	0	0	25	0	25
27403	25	0	0	0	0	25
27404	0	0	0	24	0	24
27405	0	0	0	24	0	24
27406	0	23	0	0	0	23
27407	0	0	0	24	0	24
27408	0	0	0	24	0	24
27409	0	0	0	24	0	24
27410	0	0	0	24	0	24
27411	0	24	0	0	0	24
27412	0	0	0	22	0	22
27413	0	0	0	21	0	21
27414	0	0	19	0	0	19
27415	0	0	17	0	0	17
27416	0	18	0	0	0	18
27417	18	0	0	0	0	18
27418	0	18	0	0	0	18
27419	0	0	0	19	0	19
27420	0	0	19	0	0	19
27421	22	0	0	0	0	22
27422	0	0	0	23	0	23
27423	23	0	0	0	0	23
27424	23	0	0	0	0	23
27425	0	23	0	0	0	23
27426	23	0	0	0	0	23
27427	0	22	0	0	0	22
27428	0	0	0	27	0	27
27429	0	25	0	0	0	25
27430	0	0	25	0	0	25
27431	0	24	0	0	0	24
27432	0	0	0	25	0	25
27433	26	0	0	0	0	26
27434	0	26	0	0	0	26
27435	0	0	0	27	0	27
27436	0	0	0	30	0	30
27437	0	0	30	0	0	30
27438	0	0	0	30	0	30
27439	0	0	27	0	0	27
27440	27	0	0	0	0	27
27441	0	0	26	0	0	26
27442	0	28	0	0	0	28
27443	0	0	0	27	0	27
27444	0	0	0	25	0	25
27445	0	0	0	26	0	26
27446	26	0	0	0	0	26
27447	0	0	0	26	0	26
27448	0	26	0	0	0	26
27449	24	0	0	0	0	24
27450	0	25	0	0	0	25
27451	0	0	0	25	0	25
27452	25	0	0	0	0	25
27453	0	31	0	0	0	31
27454	0	31	0	0	0	31
27455	31	0	0	0	0	31
27456	31	0	0	0	0	31
27457	0	0	31	0	0	31
27458	31	0	0	0	0	31
27459	0	0	31	0	0	31
27460	0	0	0	31	0	31
27461	0	0	31	0	0	31
27462	0	0	0	30	0	30
27463	0	0	31	0	0	31
27464	0	0	0	29	0	29
27465	0	0	0	29	0	29
27466	29	0	0	0	0	29
27467	0	0	29	0	0	29
27468	27	0	0	0	0	27
27469	0	0	29	0	0	29
27470	0	0	28	0	0	28
27471	0	0	0	28	0	28
27472	29	0	0	0	0	29
27473	0	29	0	0	0	29
27474	27	0	0	0	0	27
27475	27	0	0	0	0	27
27476	0	26	0	0	0	26
27477	27	0	0	0	0	27
27478	0	0	29	0	0	29
27479	0	0	0	29	0	29
27480	29	0	0	0	0	29
27481	0	29	0	0	0	29
27482	0	0	0	33	0	33
27483	0	0	0	31	0	31
27484	0	0	0	33	0	33
27485	0	0	0	33	0	33
27486	32	0	0	0	0	32
27487	33	0	0	0	0	33
27488	32	0	0	0	0	32
27489	31	0	0	0	0	31
27490	0	0	33	0	0	33
27491	33	0	0	0	0	33
27492	32	0	0	0	0	32
27493	0	32	0	0	0	32
27494	0	33	0	0	0	33
27495	0	0	0	33	0	33
27496	0	0	0	31	0	31
27497	0	0	32	0	0	32
27498	0	30	0	0	0	30
27499	0	0	0	30	0	30
27500	0	31	0	0	0	31
27501	0	0	0	31	0	31
27502	0	0	0	31	0	31
27503	0	33	0	0	0	33
27504	0	0	0	33	0	33
27505	0	0	36	0	0	36
27506	0	0	33	0	0	33
27507	32	0	0	0	0	32
27508	35	0	0	0	0	35
27509	0	35	0	0	0	35
27510	35	0	0	0	0	35
27511	0	0	0	35	0	35
27512	34	0	0	0	0	34
27513	0	35	0	0	0	35
27514	0	0	34	0	0	34
27515	34	0	0	0	0	34
27516	0	0	43	0	0	43
27517	0	0	40	0	0	40
27518	0	0	40	0	0	40
27519	0	42	0	0	0	42
27520	40	2	0	0	0	42
27521	38	0	0	0	0	38
27522	0	0	0	37	0	37
27523	0	0	0	38	0	38
27524	0	38	0	0	0	38
27525	41	0	0	0	0	41
27526	0	42	0	0	0	42
27527	0	41	0	0	0	41
27528	37	0	0	0	0	37
27529	0	0	0	38	0	38
27530	0	0	0	38	0	38
27531	0	0	0	38	0	38
27532	0	38	0	0	0	38
27533	37	0	0	0	0	37
27534	0	0	0	37	0	37
27535	0	35	0	0	0	35
27536	0	33	0	0	0	33
27537	0	0	0	33	0	33
27538	0	33	0	0	0	33
27539	0	0	0	33	0	33
27540	33	0	0	0	0	33
27541	0	0	33	0	0	33
27542	0	33	0	0	0	33
27543	0	0	0	31	0	31
27544	0	0	30	0	0	30
27545	31	0	0	0	0	31
27546	0	0	0	31	0	31
27547	31	0	0	0	0	31
27548	31	0	0	0	0	31
27549	0	31	0	0	0	31
27550	31	0	0	0	0	31
27551	31	0	0	0	0	31
27552	29	0	0	0	0	29
27553	0	0	0	25	0	25
27554	0	0	0	25	0	25
27555	0	0	0	24	0	24
27556	0	0	26	0	0	26
27557	0	26	0	0	0	26
27558	26	0	0	0	0	26
27559	0	26	0	0	0	26
27560	0	0	0	26	0	26
27561	0	0	26	0	0	26
27562	25	0	0	0	0	25
27563	0	26	0	0	0	26
27564	0	0	0	26	0	26
27565	0	0	0	26	0	26
27566	0	1	28	0	0	29
27567	0	29	0	0	0	29
27568	0	0	0	29	0	29
27569	0	0	0	29	0	29
27570	0	0	0	29	0	29
27571	29	0	0	0	0	29
27572	0	0	29	0	0	29
27573	0	29	0	0	0	29
27574	29	0	0	0	0	29
27575	0	28	0	0	0	28
27576	0	0	0	29	0	29
27577	0	29	0	0	0	29
27578	30	0	0	0	0	30
27579	30	0	0	0	0	30
27580	0	0	0	30	0	30
27581	0	0	0	28	0	28
27582	0	0	0	32	0	32
27583	0	0	36	0	0	36
27584	0	36	0	0	0	36
27585	0	0	0	41	0	41
27586	0	0	0	45	0	45
27587	0	0	0	44	0	44
27588	0	0	0	46	0	46
27589	0	0	46	0	0	46
27590	0	47	0	0	0	47
27591	0	0	0	47	0	47
27592	0	0	0	49	0	49
27593	0	0	49	0	0	49
27594	0	0	0	48	0	48
27595	0	48	0	0	0	48
27596	0	48	0	0	0	48
27597	0	0	0	49	0	49
27598	0	0	47	0	0	47
27599	45	0	0	0	0	45
27600	0	46	0	0	0	46
27601	0	0	46	1	0	47
27602	0	0	42	0	0	42
27603	0	44	0	1	0	45
27604	0	0	43	1	0	44
27605	0	0	1	41	0	42
27606	40	1	0	0	0	41
27607	40	0	0	1	0	41
27608	39	0	0	0	0	39
27609	42	0	1	0	0	43
27610	0	44	0	1	0	45
27611	43	1	0	0	0	44
27612	1	45	0	0	0	46
27613	0	1	45	1	0	47
27614	0	0	2	43	0	45
27615	1	46	0	1	0	48
27616	0	2	0	38	0	40
27617	38	0	0	1	0	39
27618	1	0	0	35	0	36
27619	0	39	0	1	0	40
27620	38	1	1	0	0	40
27621	1	0	38	1	0	40
27622	1	0	1	38	0	40
27623	1	0	0	38	0	39
27624	38	0	0	1	0	39
27625	1	34	0	0	0	35
27626	0	2	33	0	0	35
27627	1	0	1	34	0	36
27628	0	1	33	1	0	35
27629	0	34	2	0	0	36
27630	0	35	0	1	0	36
27631	34	2	0	0	0	36
27632	1	1	33	1	0	36
27633	36	0	1	0	0	37
27634	1	1	0	35	0	37
27635	0	35	1	1	0	37
27636	35	1	0	0	0	36
27637	1	1	32	0	0	34
27638	0	0	1	35	0	36
27639	1	0	0	34	0	35
27640	1	0	0	35	0	36
27641	0	34	0	1	0	35
27642	34	1	1	0	0	36
27643	1	32	0	1	0	34
27644	0	35	1	1	0	37
27645	0	2	0	35	0	37
27646	34	1	0	1	0	36
27647	33	1	0	0	0	34
27648	34	0	2	0	0	36
27649	2	34	0	1	0	37
27650	0	1	0	35	0	36
27651	0	2	33	1	0	36
27652	1	1	1	33	0	36
27653	2	0	1	32	0	35
27654	0	32	1	1	0	34
27655	34	1	0	1	0	36
27656	1	0	0	35	0	36
27657	0	35	0	1	0	36
27658	35	1	0	0	0	36
27659	1	1	32	0	0	34
27660	33	1	1	1	0	36
27661	1	32	0	1	0	34
27662	34	1	0	1	0	36
27663	35	1	0	0	0	36
27664	3	0	34	0	0	37
27665	33	1	1	0	0	35
27666	1	1	32	0	0	34
27667	0	0	34	1	0	35
27668	34	0	1	1	0	36
27669	34	0	0	1	0	35
27670	2	1	31	0	0	34
27671	1	1	1	33	0	36
27672	0	0	0	32	0	32
27673	0	34	1	1	0	36
27674	34	1	0	1	0	36
27675	33	0	1	0	0	34
27676	2	1	34	0	0	37
27677	37	1	1	0	0	39
27678	35	0	0	1	0	36
27679	2	32	0	0	0	34
27680	1	1	1	33	0	36
27681	2	0	1	33	0	36
27682	1	1	1	28	0	31
27683	24	1	1	2	0	28
27684	3	24	0	1	0	28
27685	1	1	0	16	0	18
27686	0	15	1	1	0	17
27687	1	2	0	14	0	17
27688	0	13	1	2	0	16
27689	0	15	1	0	0	16
27690	14	1	0	1	0	16
27691	13	0	2	0	0	15
27692	1	1	0	11	0	13
27693	1	0	0	13	0	14
27694	1	0	0	13	0	14
27695	0	1	0	13	0	14
27696	1	0	0	12	0	13
27697	1	10	0	2	0	13
27698	0	1	1	12	0	14
27699	1	0	0	13	0	14
27700	12	1	0	1	0	14
27701	1	1	0	12	0	14
27702	0	0	0	14	0	14
27703	0	0	11	1	0	12
27704	0	0	1	13	0	14
27705	1	0	0	12	0	13
27706	0	1	12	1	0	14
27707	0	12	1	1	0	14
27708	0	2	10	1	0	13
27709	0	1	16	0	0	17
27710	0	12	1	0	0	13
27711	10	0	1	0	0	11
27712	10	0	0	0	0	10
27713	0	1	0	10	0	11
27714	11	0	0	0	0	11
27715	1	0	9	0	0	10
27716	0	0	0	10	0	10
27717	1	0	14	0	0	15
27718	0	0	1	11	0	12
27719	0	0	0	12	0	12
27720	0	0	1	14	0	15
27721	15	0	0	1	0	16
27722	0	0	0	16	0	16
27723	15	0	0	1	0	16
27724	18	0	0	0	0	18
27725	0	17	0	1	0	18
27726	18	0	0	0	0	18
27727	0	16	0	0	0	16
27728	0	1	0	19	0	20
27729	1	0	0	18	0	19
27730	0	1	0	19	0	20
27731	0	0	18	1	0	19
27732	0	17	0	1	0	18
27733	0	0	0	19	0	19
27734	0	0	1	18	0	19
27735	0	19	0	0	0	19
27736	19	0	0	1	0	20
27737	0	19	0	0	0	19
27738	18	1	0	0	0	19
27739	1	20	0	0	0	21
27740	0	1	0	19	0	20
27741	1	19	0	0	0	20
27742	20	1	0	0	0	21
27743	20	0	0	1	0	21
27744	21	1	0	0	0	22
27745	22	0	0	0	0	22
27746	1	0	22	0	0	23
27747	23	0	0	0	0	23
27748	23	0	0	0	0	23
27749	22	0	1	0	0	23
27750	1	0	21	0	0	22
27751	22	0	0	0	0	22
27752	1	22	0	0	0	23
27753	23	0	1	0	0	24
27754	1	0	23	0	0	24
27755	23	1	0	0	0	24
27756	23	0	0	0	0	23
27757	0	0	0	22	0	22
27758	1	0	23	0	0	24
27759	23	0	0	0	0	23
27760	0	0	0	24	0	24
27761	0	0	1	21	0	22
27762	1	0	22	0	0	23
27763	22	0	0	1	0	23
27764	21	0	0	0	0	21
27765	0	21	1	0	0	22
27766	1	0	0	20	0	21
27767	0	0	0	23	0	23
27768	0	1	0	23	0	24
27769	0	22	0	1	0	23
27770	23	0	0	1	0	24
27771	0	0	0	24	0	24
27772	0	1	0	23	0	24
27773	24	0	0	0	0	24
27774	21	0	0	1	0	22
27775	0	0	0	23	0	23
27776	1	0	0	21	0	22
27777	0	0	20	0	0	20
27778	20	0	0	0	0	20
27779	0	20	0	0	0	20
27780	0	0	0	20	0	20
27781	0	0	0	20	0	20
27782	0	20	0	0	0	20
27783	0	0	0	20	0	20
27784	22	0	0	0	0	22
27785	0	0	0	24	0	24
27786	0	0	0	30	0	30
27787	0	0	0	30	0	30
27788	0	0	30	0	0	30
27789	0	0	0	31	0	31
27790	0	0	31	0	0	31
27791	0	31	0	0	0	31
27792	0	0	0	31	0	31
27793	0	0	0	31	0	31
27794	0	0	0	32	0	32
27795	0	0	0	32	0	32
27796	0	0	0	32	0	32
27797	32	0	0	0	0	32
27798	0	0	32	0	0	32
27799	0	32	0	0	0	32
27800	0	31	0	0	0	31
27801	0	0	0	32	0	32
27802	0	0	0	32	0	32
27803	0	0	0	31	0	31
27804	0	32	0	0	0	32
27805	0	0	0	32	0	32
27806	0	0	32	0	0	32
27807	0	32	0	0	0	32
27808	0	0	0	32	0	32
27809	28	0	0	0	0	28
27810	0	0	0	28	0	28
27811	0	0	0	28	0	28
27812	0	28	0	0	0	28
27813	0	28	0	0	0	28
27814	0	0	0	28	0	28
27815	0	0	0	28	0	28
27816	0	0	29	0	0	29
27817	0	0	0	28	0	28
27818	0	0	0	27	0	27
27819	0	0	0	28	0	28
27820	0	0	0	28	0	28
27821	27	0	0	0	0	27
27822	27	0	0	0	0	27
27823	0	0	0	27	0	27
27824	0	0	0	25	0	25
27825	27	0	0	0	0	27
27826	0	0	0	27	0	27
27827	0	0	27	0	0	27
27828	0	25	0	0	0	25
27829	0	0	0	27	0	27
27830	0	0	0	27	0	27
27831	28	0	0	0	0	28
27832	0	0	0	29	0	29
27833	0	0	0	29	0	29
27834	31	0	0	0	0	31
27835	0	0	0	34	0	34
27836	0	34	0	1	0	35
27837	1	0	1	33	0	35
27838	0	0	0	37	0	37
27839	0	1	0	35	0	36
27840	0	0	1	35	0	36
27841	0	0	35	1	0	36
27842	0	0	35	0	0	35
27843	0	0	0	36	0	36
27844	0	0	1	34	0	35
27845	0	36	1	0	0	37
27846	0	0	0	35	0	35
27847	0	35	0	1	0	36
27848	35	1	0	0	0	36
27849	0	42	0	1	0	43
27850	0	1	0	45	0	46
27851	1	0	0	45	0	46
27852	0	1	44	0	0	45
27853	41	0	0	1	0	42
27854	43	0	0	1	0	44
27855	0	44	1	0	0	45
27856	1	0	0	44	0	45
27857	1	0	44	0	0	45
27858	0	45	0	0	0	45
27859	44	0	0	1	0	45
27860	44	0	1	0	0	45
27861	0	1	43	0	0	44
27862	44	0	0	0	0	44
27863	1	0	0	44	0	45
27864	0	44	1	0	0	45
27865	45	0	0	0	0	45
27866	0	0	0	44	0	44
27867	41	1	0	0	0	42
27868	41	0	0	0	0	41
27869	0	0	0	43	0	43
27870	1	0	43	0	0	44
27871	43	0	0	0	0	43
27872	43	0	0	1	0	44
27873	43	0	1	0	0	44
27874	1	42	0	0	0	43
27875	1	0	0	43	0	44
27876	0	0	0	45	0	45
27877	0	1	44	0	0	45
27878	0	0	0	46	0	46
27879	0	45	0	1	0	46
27880	45	0	1	0	0	46
27881	0	45	0	1	0	46
27882	0	1	50	0	0	51
27883	1	48	0	0	0	49
27884	0	52	0	0	0	52
27885	0	0	4	45	0	49
27886	43	1	0	0	0	44
27887	43	0	0	0	0	43
27888	43	0	0	1	0	44
27889	1	42	0	0	0	43
27890	1	0	41	0	0	42
27891	42	0	0	0	0	42
27892	42	1	0	0	0	43
27893	0	40	1	0	0	41
27894	42	0	0	0	0	42
27895	1	0	0	43	0	44
27896	0	1	44	0	0	45
27897	45	0	0	0	0	45
27898	44	0	0	1	0	45
27899	44	0	1	0	0	45
27900	0	0	0	44	0	44
27901	1	0	0	47	0	48
27902	1	0	0	46	0	47
27903	0	48	0	1	0	49
27904	0	0	0	46	0	46
27905	0	0	0	52	0	52
27906	0	1	58	0	0	59
27907	0	0	0	58	0	58
27908	0	0	1	58	0	59
27909	0	0	1	58	0	59
27910	0	0	0	57	0	57
27911	0	56	0	2	0	58
27912	0	0	0	57	0	57
27913	0	1	0	59	0	60
27914	58	1	0	1	0	60
27915	0	0	57	2	0	59
27916	1	0	52	1	0	54
27917	53	0	1	0	0	54
27918	54	0	1	0	0	55
27919	2	0	1	52	0	55
27920	2	54	0	0	0	56
27921	54	0	0	1	0	55
27922	0	2	0	53	0	55
27923	2	55	0	0	0	57
27924	55	0	0	2	0	57
27925	0	56	0	1	0	57
27926	56	1	0	0	0	57
27927	53	2	0	0	0	55
27928	2	54	0	0	0	56
27929	2	0	0	52	0	54
27930	0	2	52	0	0	54
27931	0	0	0	52	0	52
27932	51	0	1	0	0	52
27933	0	0	51	2	0	53
27934	2	49	0	0	0	51
27935	0	0	2	41	0	43
27936	0	2	41	0	0	43
27937	0	40	0	2	0	42
27938	39	0	1	0	0	40
27939	0	2	0	40	0	42
27940	2	0	0	40	0	42
27941	0	0	0	41	0	41
27942	0	40	0	2	0	42
27943	38	0	0	2	0	40
27944	0	41	0	0	0	41
27945	2	38	0	0	0	40
27946	38	2	0	0	0	40
27947	38	2	0	0	0	40
27948	2	0	37	0	0	39
27949	33	0	0	0	0	33
27950	28	0	2	0	0	30
27951	2	0	0	28	0	30
27952	2	0	28	0	0	30
27953	0	0	0	30	0	30
27954	28	0	2	0	0	30
27955	0	0	35	2	0	37
27956	2	0	0	37	0	39
27957	0	0	2	43	0	45
27958	0	0	0	49	0	49
27959	45	0	0	3	0	48
27960	1	48	0	2	0	51
27961	49	1	0	0	0	50
27962	1	1	48	0	0	50
27963	2	0	1	45	0	48
27964	0	48	2	1	0	51
27965	48	1	0	2	0	51
27966	0	2	0	47	0	49
27967	2	0	47	0	0	49
27968	0	0	1	50	0	51
27969	47	0	1	1	0	49
27970	1	46	0	2	0	49
27971	2	1	0	43	0	46
27972	0	48	0	0	0	48
27973	46	1	0	0	0	47
27974	46	2	0	0	0	48
27975	3	46	0	0	0	49
27976	46	1	0	0	0	47
27977	1	2	0	43	0	46
27978	2	44	0	1	0	47
27979	44	1	0	1	0	46
27980	45	2	0	0	0	47
27981	3	44	0	0	0	47
27982	1	40	0	0	0	41
27983	40	3	0	0	0	43
27984	1	2	0	40	0	43
27985	42	0	0	1	0	43
27986	1	0	0	42	0	43
27987	2	0	40	1	0	43
27988	0	0	1	42	0	43
27989	40	0	2	1	0	43
27990	1	0	39	2	0	42
27991	2	0	1	40	0	43
27992	0	0	1	41	0	42
27993	0	0	40	3	0	43
27994	40	0	1	2	0	43
27995	1	0	1	38	0	40
27996	2	0	37	1	0	40
27997	37	0	1	2	0	40
27998	1	37	2	0	0	40
27999	2	37	0	0	0	39
28000	0	40	0	0	0	40
28001	0	3	35	0	0	38
28002	0	2	1	37	0	40
28003	0	0	35	1	0	36
28004	0	0	1	34	0	35
28005	0	32	3	1	0	36
28006	0	28	0	2	0	30
28007	0	2	0	29	0	31
28008	28	1	0	2	0	31
28009	2	0	0	29	0	31
28010	1	1	0	27	0	29
28011	1	28	0	1	0	30
28012	28	1	1	0	0	30
28013	1	31	0	1	0	33
28014	1	2	0	30	0	33
28015	1	1	0	29	0	31
28016	0	28	0	2	0	30
28017	0	1	1	30	0	32
28018	30	0	0	2	0	32
28019	2	0	0	30	0	32
28020	0	1	0	30	0	31
28021	0	29	0	2	0	31
28022	0	2	0	30	0	32
28023	29	0	0	1	0	30
28024	30	0	0	0	0	30
28025	29	1	0	0	0	30
28026	2	0	0	28	0	30
28027	0	0	27	2	0	29
28028	0	1	28	0	0	29
28029	1	0	1	28	0	30
28030	28	0	0	1	0	29
28031	1	1	0	28	0	30
28032	28	1	0	1	0	30
28033	2	0	0	28	0	30
28034	0	0	0	30	0	30
28035	29	0	0	1	0	30
28036	1	0	28	1	0	30
28037	28	0	2	0	0	30
28038	1	0	28	1	0	30
28039	1	0	1	28	0	30
28040	28	0	1	1	0	30
28041	1	0	27	1	0	29
28042	0	0	28	0	0	28
28043	28	0	2	0	0	30
28044	2	0	26	0	0	28
28045	0	29	1	1	0	31
28046	0	1	1	30	0	32
28047	33	0	0	2	0	35
28048	1	1	34	0	0	36
28049	32	0	1	1	0	34
28050	34	1	1	0	0	36
28051	35	0	1	1	0	37
28052	35	1	0	1	0	37
28053	1	1	1	34	0	37
28054	0	33	0	3	0	36
28055	28	1	0	0	0	29
28056	1	0	25	1	0	27
28057	0	18	0	1	0	19
28058	18	1	0	0	0	19
28059	1	16	1	1	0	19
28060	0	21	0	0	0	21
28061	0	0	0	22	0	22
28062	0	0	0	22	0	22
28063	0	1	0	21	0	22
28064	21	0	0	1	0	22
28065	22	0	0	0	0	22
28066	0	0	0	22	0	22
28067	0	0	0	24	0	24
28068	0	1	27	0	0	28
28069	25	0	0	1	0	26
28070	28	0	0	0	0	28
28071	1	0	0	27	0	28
28072	1	0	0	27	0	28
28073	0	0	27	1	0	28
28074	0	0	1	27	0	28
28075	0	0	29	0	0	29
28076	1	28	0	1	0	30
28077	1	0	28	0	0	29
28078	0	0	0	30	0	30
28079	1	0	30	0	0	31
28080	0	0	30	1	0	31
28081	29	0	0	1	0	30
28082	2	0	0	30	0	32
28083	0	0	31	1	0	32
28084	30	0	1	0	0	31
28085	1	0	30	0	0	31
28086	0	0	32	1	0	33
28087	1	32	0	0	0	33
28088	0	1	1	31	0	33
28089	0	0	33	1	0	34
28090	1	0	32	0	0	33
28091	0	0	1	32	0	33
28092	0	1	0	32	0	33
28093	0	35	0	2	0	37
28094	1	1	0	36	0	38
28095	36	0	1	1	0	38
28096	37	0	0	0	0	37
28097	36	0	0	0	0	36
28098	2	0	0	35	0	37
28099	1	33	0	1	0	35
28100	35	1	0	1	0	37
28101	1	35	0	0	0	36
28102	0	33	0	0	0	33
28103	0	34	0	0	0	34
28104	31	1	0	0	0	32
28105	1	0	0	31	0	32
28106	0	0	0	32	0	32
28107	0	30	0	1	0	31
28108	31	1	0	0	0	32
28109	1	0	31	0	0	32
28110	0	0	1	31	0	32
28111	30	0	0	1	0	31
28112	1	31	0	0	0	32
28113	30	1	0	0	0	31
28114	1	0	0	30	0	31
28115	0	29	0	1	0	30
28116	0	1	31	0	0	32
28117	32	0	1	0	0	33
28118	1	0	0	32	0	33
28119	32	0	0	1	0	33
28120	1	0	0	32	0	33
28121	0	32	0	1	0	33
28122	0	1	30	0	0	31
28123	0	0	31	0	0	31
28124	0	0	1	35	0	36
28125	34	0	0	1	0	35
28126	34	0	0	0	0	34
28127	1	0	0	35	0	36
28128	0	0	0	34	0	34
28129	35	0	0	1	0	36
28130	1	0	0	35	0	36
28131	35	0	0	1	0	36
28132	1	34	0	0	0	35
28133	35	0	0	0	0	35
28134	1	0	37	0	0	38
28135	0	0	1	37	0	38
28136	0	0	0	38	0	38
28137	0	0	0	38	0	38
28138	0	36	0	1	0	37
28139	0	33	0	0	0	33
28140	0	1	0	37	0	38
28141	0	0	40	1	0	41
28142	0	0	1	38	0	39
28143	0	0	0	41	0	41
28144	0	0	0	41	0	41
28145	37	0	0	1	0	38
28146	1	37	0	0	0	38
28147	0	34	0	0	0	34
28148	0	1	0	32	0	33
28149	0	0	0	35	0	35
28150	0	0	0	35	0	35
28151	0	0	0	37	0	37
28152	36	0	0	1	0	37
28153	1	36	0	0	0	37
28154	36	1	0	0	0	37
28155	38	0	0	0	0	38
28156	1	0	0	37	0	38
28157	0	0	0	37	0	37
28158	34	0	0	1	0	35
28159	33	0	0	0	0	33
28160	1	0	0	29	0	30
28161	0	0	0	30	0	30
28162	0	0	29	1	0	30
28163	0	29	1	0	0	30
28164	0	29	0	0	0	29
28165	29	1	0	0	0	30
28166	1	0	31	0	0	32
28167	0	0	29	0	0	29
28168	23	0	1	0	0	24
28169	25	0	0	0	0	25
28170	1	28	0	0	0	29
28171	0	27	0	0	0	27
28172	0	1	0	28	0	29
28173	28	0	0	1	0	29
28174	29	0	0	0	0	29
28175	26	0	0	1	0	27
28176	1	0	0	25	0	26
28177	0	0	0	27	0	27
28178	0	0	25	1	0	26
28179	0	0	24	0	0	24
28180	0	0	24	0	0	24
28181	0	0	0	24	0	24
28182	22	0	0	0	0	22
28183	0	0	23	0	0	23
28184	0	0	0	26	0	26
28185	0	25	0	0	0	25
28186	0	0	0	24	0	24
28187	0	0	0	24	0	24
28188	0	0	27	0	0	27
28189	0	0	0	25	0	25
28190	28	0	0	0	0	28
28191	1	0	36	0	0	37
28192	0	0	1	35	0	36
28193	0	0	31	1	0	32
28194	0	32	0	0	0	32
28195	0	1	35	0	0	36
28196	0	0	1	35	0	36
28197	0	0	0	34	0	34
28198	0	0	41	1	0	42
28199	0	0	1	41	0	42
28200	0	0	0	40	0	40
28201	0	39	0	1	0	40
28202	0	1	40	0	0	41
28203	0	0	0	40	0	40
28204	0	0	0	42	0	42
28205	0	40	0	1	0	41
28206	0	1	0	41	0	42
28207	41	0	0	1	0	42
28208	1	0	0	41	0	42
28209	0	0	41	1	0	42
28210	39	0	1	0	0	40
28211	41	0	0	0	0	41
28212	1	0	43	0	0	44
28213	40	0	1	0	0	41
28214	1	42	0	0	0	43
28215	0	1	0	41	0	42
28216	0	0	0	48	0	48
28217	0	0	0	48	0	48
28218	0	0	0	47	0	47
28219	0	0	0	47	0	47
28220	47	0	0	1	0	48
28221	1	0	47	0	0	48
28222	46	0	1	0	0	47
28223	1	0	48	0	0	49
28224	0	0	1	45	0	46
28225	46	0	0	1	0	47
28226	1	0	0	46	0	47
28227	0	45	0	0	0	45
28228	48	1	0	0	0	49
28229	1	0	0	55	0	56
28230	0	0	54	1	0	55
28231	54	0	1	0	0	55
28232	1	63	0	0	0	64
28233	0	1	63	0	0	64
28234	0	0	1	65	0	66
28235	0	0	0	65	0	65
28236	0	63	0	1	0	64
28237	0	1	67	0	0	68
28238	0	0	1	63	0	64
28239	0	0	67	1	0	68
28240	0	0	1	66	0	67
28241	0	0	0	64	0	64
28242	0	0	63	1	0	64
28243	0	0	1	62	0	63
28244	0	1	0	52	0	53
28245	0	0	0	63	0	63
28246	0	0	0	63	0	63
28247	61	0	0	1	0	62
28248	1	0	63	0	0	64
28249	64	0	1	0	0	65
28250	2	0	0	65	0	67
28251	0	0	0	65	0	65
28252	0	0	0	67	0	67
28253	0	64	0	0	0	64
28254	65	3	0	0	0	68
28255	1	0	1	79	0	81
28256	1	79	0	1	0	81
28257	0	1	0	82	0	83
28258	86	0	1	2	0	89
28259	92	0	0	2	0	94
28260	91	1	0	1	0	93
28261	2	95	0	0	0	97
28262	0	1	97	1	0	99
28263	93	1	1	1	0	96
28264	97	0	0	2	0	99
28265	2	95	0	0	0	97
28266	95	1	0	1	0	97
28267	96	0	0	0	0	96
28268	95	1	0	1	0	97
28269	1	96	2	0	0	99
28270	2	1	0	95	0	98
28271	97	0	0	1	0	98
28272	95	1	1	0	0	97
28273	96	0	0	0	0	96
28274	98	1	0	0	0	99
28275	2	0	0	97	0	99
28276	0	1	100	2	0	103
28277	0	0	1	99	0	100
28278	1	100	0	1	0	102
28279	1	1	0	104	0	106
28280	2	0	106	1	0	109
28281	102	0	2	0	0	104
28282	2	0	0	107	0	109
28283	102	0	1	1	0	104
28284	104	0	0	2	0	106
28285	2	1	0	113	0	116
28286	0	0	115	3	0	118
28287	0	1	107	0	0	108
28288	109	0	1	0	0	110
28289	1	108	0	2	0	111
28290	1	108	0	0	0	109
28291	1	104	0	0	0	105
28292	0	105	0	1	0	106
28293	103	0	2	0	0	105
28294	105	0	1	0	0	106
28295	103	0	0	0	0	103
28296	104	1	0	0	0	105
28297	0	1	0	103	0	104
28298	0	95	0	0	0	95
28299	98	1	0	0	0	99
28300	1	0	95	0	0	96
28301	1	95	0	0	0	96
28302	1	0	97	0	0	98
28303	98	0	0	0	0	98
28304	97	0	0	1	0	98
28305	95	1	0	0	0	96
28306	1	0	0	96	0	97
28307	0	0	96	0	0	96
28308	0	95	0	0	0	95
28309	93	0	1	0	0	94
28310	1	90	0	0	0	91
28311	1	91	0	0	0	92
28312	1	88	0	1	0	90
28313	0	91	0	1	0	92
28314	0	0	88	0	0	88
28315	0	90	0	0	0	90
28316	82	0	1	0	0	83
28317	0	1	0	84	0	85
28318	0	1	0	83	0	84
28319	84	1	0	0	0	85
28320	0	83	0	0	0	83
28321	0	0	88	0	0	88
28322	0	1	0	87	0	88
28323	1	0	0	86	0	87
28324	0	0	0	88	0	88
28325	0	0	89	1	0	90
28326	1	0	88	0	0	89
28327	0	1	0	86	0	87
28328	0	0	89	0	0	89
28329	0	0	76	1	0	77
28330	67	0	0	1	0	68
28331	0	72	0	1	0	73
28332	0	66	1	0	0	67
28333	0	65	1	0	0	66
28334	0	0	0	66	0	66
28335	0	66	1	0	0	67
28336	65	0	1	0	0	66
28337	1	0	71	0	0	72
28338	72	1	0	0	0	73
28339	0	1	0	73	0	74
28340	0	1	0	75	0	76
28341	0	78	0	0	0	78
28342	80	1	0	0	0	81
28343	82	0	1	0	0	83
28344	1	90	1	0	0	92
28345	1	1	0	92	0	94
28346	0	0	87	3	0	90
28347	0	1	89	0	0	90
28348	1	94	1	0	0	96
28349	93	1	0	0	0	94
28350	1	0	90	0	0	91
28351	0	0	1	90	0	91
28352	91	0	1	1	0	93
28353	93	0	1	0	0	94
28354	1	118	0	0	0	119
28355	1	121	0	0	0	122
28356	122	1	1	0	0	124
28357	1	0	121	1	0	123
28358	111	3	1	0	0	115
28359	112	1	0	1	0	114
28360	1	2	1	112	0	116
28361	1	1	108	1	0	111
28362	1	0	106	0	0	107
28363	108	0	2	0	0	110
28364	3	0	108	0	0	111
28365	104	0	1	2	0	107
28366	107	0	1	1	0	109
28367	2	106	2	0	0	110
28368	1	2	105	0	0	108
28369	1	103	2	0	0	106
28370	105	1	1	0	0	107
28371	3	0	107	0	0	110
28372	1	1	1	105	0	108
28373	1	1	106	1	0	109
28374	0	1	107	1	0	109
28375	1	1	106	0	0	108
28376	1	0	101	0	0	102
28377	1	98	2	1	0	102
28378	0	2	97	1	0	100
28379	2	95	3	0	0	100
28380	1	1	98	0	0	100
28381	97	0	4	0	0	101
28382	3	1	2	88	0	94
28383	0	99	1	3	0	103
28384	97	2	2	0	0	101
28385	90	2	3	0	0	95
28386	87	0	1	1	0	89
28387	91	0	2	1	0	94
28388	2	91	1	2	0	96
28389	85	3	1	1	0	90
28390	90	1	2	0	0	93
28391	3	86	2	0	0	91
28392	2	3	88	0	0	93
28393	4	2	1	83	0	90
28394	1	90	3	1	0	95
28395	3	1	87	2	0	93
28396	2	1	91	1	0	95
28397	1	87	3	0	0	91
28398	1	89	2	1	0	93
28399	1	92	1	1	0	95
28400	2	94	1	0	0	97
28401	92	1	3	0	0	96
28402	94	3	1	0	0	98
28403	2	2	99	0	0	103
28404	2	2	97	1	0	102
28405	0	3	2	98	0	103
28406	0	2	1	94	0	97
28407	4	0	0	99	0	103
28408	99	1	2	1	0	103
28409	3	96	3	0	0	102
28410	2	98	2	1	0	103
28411	0	105	0	4	0	109
28412	100	4	1	2	0	107
28413	104	2	0	1	0	107
28414	4	3	0	100	0	107
28415	103	2	2	2	0	109
28416	102	2	0	2	0	106
28417	4	2	1	100	0	107
28418	106	0	3	2	0	111
28419	3	103	2	3	0	111
28420	2	3	1	105	0	111
28421	2	2	99	1	0	104
28422	2	98	2	2	0	104
28423	1	4	100	1	0	106
28424	2	3	3	95	0	103
28425	2	103	1	1	0	107
28426	2	2	2	100	0	106
28427	1	3	3	102	0	109
28428	2	1	100	5	0	108
28429	2	0	104	3	0	109
28430	1	1	2	106	0	110
28431	2	1	2	102	0	107
28432	1	104	0	5	0	110
28433	100	3	1	2	0	106
28434	3	102	3	1	0	109
28435	2	105	1	1	0	109
28436	2	4	103	1	0	110
28437	0	98	3	1	0	102
28438	2	1	2	89	0	94
28439	1	97	0	2	0	100
28440	2	3	0	91	0	96
28441	1	88	2	3	0	94
28442	82	4	2	1	0	89
28443	2	87	2	2	0	93
28444	1	2	1	72	0	76
28445	0	78	1	2	0	81
28446	77	2	2	1	0	82
28447	74	2	0	1	0	77
28448	2	74	1	0	0	77
28449	74	2	0	2	0	78
28450	1	5	1	71	0	78
28451	3	0	72	1	0	76
28452	1	0	73	2	0	76
28453	0	74	1	1	0	76
28454	41	1	1	0	0	43
28455	42	1	0	0	0	43
28456	2	0	43	0	0	45
28457	1	0	43	0	0	44
28458	43	0	2	0	0	45
28459	45	0	1	0	0	46
28460	1	0	42	0	0	43
28461	43	0	1	0	0	44
28462	1	41	1	0	0	43
28463	1	44	0	0	0	45
28464	0	1	0	41	0	42
28465	0	1	0	42	0	43
28466	42	0	0	2	0	44
28467	43	0	0	1	0	44
28468	42	0	0	0	0	42
28469	2	0	0	42	0	44
28470	1	0	0	43	0	44
28471	0	39	0	2	0	41
28472	0	38	0	1	0	39
28473	0	42	0	0	0	42
28474	0	1	0	37	0	38
28475	0	39	0	1	0	40
28476	0	0	37	1	0	38
28477	37	1	0	0	0	38
28478	1	0	39	0	0	40
28479	1	0	38	0	0	39
28480	37	0	2	0	0	39
28481	1	40	1	0	0	42
28482	41	1	0	0	0	42
28483	39	1	2	0	0	42
28484	2	0	38	0	0	40
28485	1	0	36	0	0	37
28486	0	35	2	0	0	37
28487	0	1	37	0	0	38
28488	0	1	1	35	0	37
28489	0	0	1	32	0	33
28490	0	35	0	1	0	36
28491	0	36	0	0	0	36
28492	34	1	0	0	0	35
28493	35	1	0	0	0	36
28494	2	0	0	34	0	36
28495	1	0	0	36	0	37
28496	35	0	0	2	0	37
28497	36	0	0	1	0	37
28498	2	34	0	0	0	36
28499	34	1	0	0	0	35
28500	1	26	0	0	0	27
28501	1	30	0	0	0	31
28502	29	2	0	0	0	31
28503	26	0	0	0	0	26
28504	2	0	0	26	0	28
28505	26	0	0	1	0	27
28506	1	0	26	1	0	28
28507	0	26	1	0	0	27
28508	26	0	1	0	0	27
28509	1	1	30	0	0	32
28510	0	0	0	24	0	24
28511	0	24	0	0	0	24
28512	0	25	0	0	0	25
28513	26	0	0	0	0	26
28514	0	0	25	0	0	25
28515	26	0	0	0	0	26
28516	0	0	0	27	0	27
28517	0	0	27	0	0	27
28518	28	0	0	0	0	28
28519	0	26	0	0	0	26
28520	0	33	0	0	0	33
28521	33	0	0	0	0	33
28522	33	0	0	0	0	33
28523	34	0	0	0	0	34
28524	0	0	0	38	0	38
28525	0	0	0	38	0	38
28526	0	0	36	0	0	36
28527	0	0	37	0	0	37
28528	0	43	0	0	0	43
28529	0	0	0	40	0	40
28530	40	0	0	0	0	40
28531	0	41	0	0	0	41
28532	0	0	0	41	0	41
28533	41	0	0	0	0	41
28534	0	39	0	0	0	39
28535	0	41	0	0	0	41
28536	0	0	38	0	0	38
28537	34	0	0	0	0	34
28538	39	0	0	0	0	39
28539	0	0	35	0	0	35
28540	37	0	0	0	0	37
28541	0	0	37	0	0	37
28542	0	36	0	0	0	36
28543	0	0	0	38	0	38
28544	38	0	0	0	0	38
28545	0	38	0	0	0	38
28546	0	38	0	0	0	38
28547	38	0	0	0	0	38
28548	0	0	41	0	0	41
28549	41	0	0	0	0	41
28550	0	41	0	0	0	41
28551	0	0	36	0	0	36
28552	42	0	0	0	0	42
28553	40	0	0	0	0	40
28554	0	0	0	36	0	36
28555	0	0	0	41	0	41
28556	0	42	0	0	0	42
28557	0	0	42	0	0	42
28558	0	0	0	45	0	45
28559	0	0	46	0	0	46
28560	0	0	45	0	0	45
28561	0	0	0	45	0	45
28562	0	0	46	0	0	46
28563	0	0	46	0	0	46
28564	0	0	0	44	0	44
28565	0	0	46	0	0	46
28566	41	0	1	0	0	42
28567	0	44	0	1	0	45
28568	0	0	44	1	0	45
28569	1	0	50	0	0	51
28570	0	1	0	51	0	52
28571	53	0	1	0	0	54
28572	53	0	1	0	0	54
28573	51	0	0	2	0	53
28574	54	0	0	1	0	55
28575	1	0	0	54	0	55
28576	1	0	55	0	0	56
28577	53	0	0	0	0	53
28578	54	0	0	0	0	54
28579	54	0	1	0	0	55
28580	1	0	53	0	0	54
28581	52	0	0	0	0	52
28582	1	0	0	56	0	57
28583	0	58	0	0	0	58
28584	1	0	0	58	0	59
28585	0	58	0	0	0	58
28586	58	1	0	0	0	59
28587	0	0	59	1	0	60
28588	0	1	0	60	0	61
28589	1	60	0	0	0	61
28590	0	62	1	0	0	63
28591	62	0	0	1	0	63
28592	61	0	0	0	0	61
28593	0	1	62	0	0	63
28594	62	0	0	0	0	62
28595	1	0	0	59	0	60
28596	0	0	67	0	0	67
28597	0	0	64	0	0	64
28598	0	0	0	71	0	71
28599	72	0	1	0	0	73
28600	0	0	1	72	0	73
28601	0	0	0	73	0	73
28602	1	0	0	71	0	72
28603	0	73	0	1	0	74
28604	0	0	0	76	0	76
28605	73	0	0	1	0	74
28606	0	75	0	0	0	75
28607	0	0	0	76	0	76
28608	76	0	0	0	0	76
28609	0	70	0	0	0	70
28610	0	72	0	1	0	73
28611	1	0	0	72	0	73
28612	72	0	0	0	0	72
28613	0	0	70	0	0	70
28614	0	0	64	1	0	65
28615	73	0	0	0	0	73
28616	74	0	1	0	0	75
28617	1	74	1	0	0	76
28618	1	1	0	70	0	72
28619	1	0	69	1	0	71
28620	0	1	65	0	0	66
28621	0	0	69	1	0	70
28622	0	69	2	0	0	71
28623	0	71	1	0	0	72
28624	65	1	0	0	0	66
28625	1	0	66	0	0	67
28626	62	1	1	0	0	64
28627	67	0	0	0	0	67
28628	1	0	65	0	0	66
28629	1	64	1	0	0	66
28630	1	1	0	62	0	64
28631	0	0	64	1	0	65
28632	0	1	61	0	0	62
28633	62	0	1	1	0	64
28634	1	63	1	0	0	65
28635	0	1	1	63	0	65
28636	1	0	0	64	0	65
28637	0	65	0	1	0	66
28638	0	65	0	1	0	66
28639	0	66	0	1	0	67
28640	0	2	0	66	0	68
28641	68	1	0	1	0	70
28642	1	1	0	70	0	72
28643	0	0	69	2	0	71
28644	1	0	70	0	0	71
28645	0	0	1	71	0	72
28646	0	0	71	1	0	72
28647	0	70	1	0	0	71
28648	0	1	0	77	0	78
28649	87	0	1	1	0	89
28650	85	1	0	0	0	86
28651	0	86	0	1	0	87
28652	90	1	0	0	0	91
28653	91	0	0	0	0	91
28654	92	1	0	0	0	93
28655	2	0	83	0	0	85
28656	82	0	1	0	0	83
28657	2	83	0	0	0	85
28658	0	1	84	0	0	85
28659	0	0	82	0	0	82
28660	0	83	1	0	0	84
28661	83	2	0	0	0	85
28662	2	0	0	82	0	84
28663	0	81	1	1	0	83
28664	84	1	1	0	0	86
28665	1	0	0	84	0	85
28666	85	1	0	1	0	87
28667	1	0	0	86	0	87
28668	0	0	85	2	0	87
28669	0	1	79	0	0	80
28670	0	1	79	0	0	80
28671	0	0	1	76	0	77
28672	0	0	0	80	0	80
28673	1	0	79	1	0	81
28674	0	77	1	1	0	79
28675	79	1	1	0	0	81
28676	80	0	1	0	0	81
28677	2	80	0	1	0	83
28678	0	2	1	79	0	82
28679	0	1	82	2	0	85
28680	85	0	2	2	0	89
28681	3	0	86	0	0	89
28682	1	0	81	0	0	82
28683	0	1	83	0	0	84
28684	79	0	2	0	0	81
28685	3	0	82	0	0	85
28686	1	80	1	0	0	82
28687	0	81	0	0	0	81
28688	1	2	0	77	0	80
28689	0	1	0	79	0	80
28690	0	0	78	2	0	80
28691	77	0	3	0	0	80
28692	82	1	0	0	0	83
28693	3	0	0	79	0	82
28694	79	0	0	3	0	82
28695	2	82	0	0	0	84
28696	78	2	0	0	0	80
28697	2	77	0	1	0	80
28698	1	72	0	0	0	73
28699	72	2	0	1	0	75
28700	72	0	1	0	0	73
28701	74	0	1	0	0	75
28702	74	0	1	0	0	75
28703	2	0	69	1	0	72
28704	67	0	2	1	0	70
28705	2	0	1	68	0	71
28706	0	70	0	2	0	72
28707	71	2	0	0	0	73
28708	3	71	0	0	0	74
28709	73	3	0	0	0	76
28710	2	0	0	72	0	74
28711	0	0	1	72	0	73
28712	1	0	71	2	0	74
28713	0	0	74	0	0	74
28714	0	72	3	0	0	75
28715	69	1	1	0	0	71
28716	2	68	0	0	0	70
28717	0	70	0	0	0	70
28718	0	71	0	0	0	71
28719	0	2	68	0	0	70
28720	0	70	1	1	0	72
28721	65	1	1	1	0	68
28722	66	0	1	0	0	67
28723	2	0	0	64	0	66
28724	1	62	0	1	0	64
28725	0	64	0	0	0	64
28726	1	1	0	64	0	66
28727	0	1	62	1	0	64
28728	1	62	1	0	0	64
28729	0	1	0	62	0	63
28730	61	0	0	1	0	62
28731	59	0	0	0	0	59
28732	1	64	0	0	0	65
28733	66	1	0	0	0	67
28734	67	0	0	0	0	67
28735	1	0	0	66	0	67
28736	0	0	62	1	0	63
28737	0	65	1	0	0	66
28738	0	1	0	65	0	66
28739	0	0	65	1	0	66
28740	0	61	1	0	0	62
28741	58	1	0	0	0	59
28742	61	0	0	0	0	61
28743	1	0	0	59	0	60
28744	0	60	0	1	0	61
28745	0	1	60	0	0	61
28746	0	0	1	58	0	59
28747	0	0	59	1	0	60
28748	0	49	1	0	0	50
28749	0	1	0	38	0	39
28750	38	0	0	1	0	39
28751	0	38	0	0	0	38
28752	36	1	0	0	0	37
28753	37	0	0	0	0	37
28754	1	33	0	0	0	34
28755	0	1	0	34	0	35
28756	0	0	0	34	0	34
28757	0	34	0	1	0	35
28758	0	35	0	0	0	35
28759	0	1	0	33	0	34
28760	0	34	0	1	0	35
28761	33	1	0	0	0	34
28762	34	0	0	0	0	34
28763	1	0	33	0	0	34
28764	0	0	30	0	0	30
28765	28	0	1	0	0	29
28766	30	0	0	0	0	30
28767	1	30	0	0	0	31
28768	30	1	0	0	0	31
28769	32	0	0	1	0	33
28770	1	32	0	0	0	33
28771	33	1	0	0	0	34
28772	1	0	0	44	0	45
28773	0	0	0	45	0	45
28774	0	0	46	1	0	47
28775	0	47	0	0	0	47
28776	0	47	0	0	0	47
28777	46	0	0	1	0	47
28778	50	0	1	0	0	51
28779	48	1	0	0	0	49
28780	48	1	0	0	0	49
28781	0	0	45	0	0	45
28782	1	0	45	0	0	46
28783	1	45	0	0	0	46
28784	1	0	0	46	0	47
28785	0	0	1	45	0	46
28786	0	50	1	1	0	52
28787	0	1	0	51	0	52
28788	50	0	1	1	0	52
28789	0	52	0	1	0	53
28790	0	2	50	0	0	52
28791	1	47	0	1	0	49
28792	49	0	0	0	0	49
28793	0	1	48	0	0	49
28794	49	0	1	0	0	50
28795	48	1	0	0	0	49
28796	1	0	49	0	0	50
28797	0	1	48	0	0	49
28798	1	0	47	1	0	49
28799	47	0	0	1	0	48
28800	0	1	53	0	0	54
28801	0	51	1	1	0	53
28802	51	0	1	0	0	52
28803	1	0	50	0	0	51
28804	51	0	2	0	0	53
28805	0	2	54	0	0	56
28806	2	0	54	0	0	56
28807	0	57	2	0	0	59
28808	2	0	56	0	0	58
28809	1	0	53	0	0	54
28810	0	54	2	0	0	56
28811	55	1	0	0	0	56
28812	0	0	55	0	0	55
28813	1	0	1	50	0	52
28814	0	53	1	0	0	54
28815	52	1	0	0	0	53
28816	51	0	0	0	0	51
28817	0	0	52	0	0	52
28818	1	51	0	0	0	52
28819	1	49	1	0	0	51
28820	1	0	0	49	0	50
28821	0	48	1	0	0	49
28822	0	1	1	44	0	46
28823	0	1	1	48	0	50
28824	0	51	0	1	0	52
28825	1	1	0	49	0	51
28826	0	49	1	1	0	51
28827	0	0	48	2	0	50
28828	0	2	0	48	0	50
28829	0	0	0	47	0	47
28830	1	50	0	0	0	51
28831	0	49	2	0	0	51
28832	0	0	0	48	0	48
28833	0	47	0	0	0	47
28834	45	1	0	1	0	47
28835	0	2	0	45	0	47
28836	0	44	0	1	0	45
28837	46	1	0	0	0	47
28838	1	46	0	0	0	47
28839	0	0	47	1	0	48
28840	0	2	0	46	0	48
28841	46	0	1	0	0	47
28842	1	1	44	1	0	47
28843	0	0	1	49	0	50
28844	0	47	0	1	0	48
28845	1	1	45	0	0	47
28846	0	47	1	1	0	49
28847	46	1	0	0	0	47
28848	48	1	0	0	0	49
28849	0	46	1	0	0	47
28850	47	2	0	0	0	49
28851	1	0	45	0	0	46
28852	1	1	0	46	0	48
28853	0	1	1	47	0	49
28854	1	46	0	1	0	48
28855	50	0	1	0	0	51
28856	50	0	1	1	0	52
28857	0	0	50	1	0	51
28858	52	2	0	0	0	54
28859	54	0	1	0	0	55
28860	52	1	0	0	0	53
28861	1	0	1	51	0	53
28862	2	0	0	51	0	53
28863	1	53	0	0	0	54
28864	54	0	0	0	0	54
28865	51	0	1	1	0	53
28866	0	53	0	1	0	54
28867	0	1	0	62	0	63
28868	0	60	0	0	0	60
28869	2	61	0	0	0	63
28870	62	1	0	0	0	63
28871	0	0	62	0	0	62
28872	0	1	47	0	0	48
28873	0	50	0	0	0	50
28874	46	0	0	0	0	46
28875	0	0	44	0	0	44
28876	0	42	0	0	0	42
28877	43	0	0	0	0	43
28878	0	0	38	0	0	38
28879	0	0	0	39	0	39
28880	40	0	0	0	0	40
28881	0	0	43	0	0	43
28882	0	0	47	0	0	47
28883	0	0	48	0	0	48
28884	0	0	50	0	0	50
28885	52	0	0	0	0	52
28886	49	0	0	0	0	49
28887	0	48	0	0	0	48
28888	0	0	0	49	0	49
28889	0	0	0	48	0	48
28890	0	50	0	0	0	50
28891	0	0	0	49	0	49
28892	0	50	0	0	0	50
28893	0	50	0	0	0	50
28894	0	0	0	50	0	50
28895	0	0	51	0	0	51
28896	0	51	0	0	0	51
28897	0	0	0	52	0	52
28898	48	0	0	0	0	48
28899	0	0	49	0	0	49
28900	47	0	0	0	0	47
28901	45	0	0	0	0	45
28902	0	0	0	45	0	45
28903	0	0	47	0	0	47
28904	0	0	45	0	0	45
28905	0	45	0	0	0	45
28906	0	0	0	41	0	41
28907	0	0	40	0	0	40
28908	0	0	41	0	0	41
28909	0	45	0	0	0	45
28910	44	0	0	0	0	44
28911	47	0	0	0	0	47
28912	0	0	0	49	0	49
28913	0	0	51	0	0	51
28914	0	0	55	1	0	56
28915	0	56	1	0	0	57
28916	0	0	55	0	0	55
28917	0	1	56	0	0	57
28918	0	0	1	51	0	52
28919	0	0	56	0	0	56
28920	56	0	0	1	0	57
28921	0	0	1	56	0	57
28922	1	0	56	0	0	57
28923	0	56	0	1	0	57
28924	0	0	1	55	0	56
28925	0	1	56	0	0	57
28926	0	59	0	1	0	60
28927	0	0	1	60	0	61
28928	0	62	0	0	0	62
28929	0	0	0	62	0	62
28930	0	2	0	60	0	62
28931	1	0	61	1	0	63
28932	1	61	0	1	0	63
28933	0	0	1	62	0	63
28934	0	1	1	59	0	61
28935	0	0	1	60	0	61
28936	0	1	61	1	0	63
28937	0	61	1	1	0	63
28938	0	0	2	60	0	62
28939	0	1	59	1	0	61
28940	0	58	1	1	0	60
28941	1	0	1	57	0	59
28942	0	1	57	1	0	59
28943	0	58	1	1	0	60
28944	0	0	1	58	0	59
28945	0	1	0	59	0	60
28946	0	0	60	1	0	61
28947	57	0	0	1	0	58
28948	0	58	1	1	0	60
28949	60	1	0	0	0	61
28950	0	1	57	1	0	59
28951	60	0	0	1	0	61
28952	0	0	2	60	0	62
28953	1	0	0	60	0	61
28954	0	0	59	2	0	61
28955	54	0	0	2	0	56
28956	54	0	1	1	0	56
28957	1	57	2	0	0	60
28958	1	58	0	0	0	59
28959	59	1	0	1	0	61
28960	0	1	62	0	0	63
28961	1	62	0	0	0	63
28962	1	0	1	69	0	71
28963	1	1	1	67	0	70
28964	0	1	68	2	0	71
28965	69	0	1	1	0	71
28966	0	0	72	1	0	73
28967	60	1	1	0	0	62
28968	0	0	65	0	0	65
28969	1	65	1	0	0	67
28970	68	0	1	1	0	70
28971	67	1	2	0	0	70
28972	67	0	0	0	0	67
28973	67	0	0	2	0	69
28974	1	0	2	66	0	69
28975	1	2	66	0	0	69
28976	2	0	0	64	0	66
28977	2	60	2	0	0	64
28978	1	2	0	66	0	69
28979	0	1	65	2	0	68
28980	1	1	60	2	0	64
28981	0	0	3	61	0	64
28982	57	1	1	1	0	60
28983	54	1	1	1	0	57
28984	54	1	0	2	0	57
28985	1	0	55	1	0	57
28986	2	0	52	1	0	55
28987	0	50	2	2	0	54
28988	3	54	2	0	0	59
28989	55	2	2	0	0	59
28990	51	3	0	1	0	55
28991	3	53	2	0	0	58
28992	61	1	1	0	0	63
28993	55	2	1	1	0	59
28994	3	60	1	0	0	64
28995	59	1	0	3	0	63
28996	54	1	2	2	0	59
28997	1	59	1	3	0	64
28998	61	2	1	0	0	64
28999	59	1	1	2	0	63
29000	2	2	60	0	0	64
29001	3	0	58	0	0	61
29002	1	60	2	2	0	65
29003	4	61	1	0	0	66
29004	63	1	0	1	0	65
29005	64	1	0	1	0	66
29006	58	0	4	0	0	62
29007	2	63	2	1	0	68
29008	1	2	0	61	0	64
29009	0	3	64	1	0	68
29010	3	1	0	60	0	64
29011	1	62	2	1	0	66
29012	61	1	1	0	0	63
29013	1	55	2	0	0	58
29014	1	1	0	55	0	57
29015	61	1	0	0	0	62
29016	62	0	0	1	0	63
29017	2	1	55	0	0	58
29018	59	1	1	0	0	61
29019	61	1	1	1	0	64
29020	67	1	1	1	0	70
29021	1	1	1	65	0	68
29022	2	66	1	0	0	69
29023	1	1	1	67	0	70
29024	0	2	68	0	0	70
29025	2	69	0	0	0	71
29026	3	0	0	65	0	68
29027	2	1	63	1	0	67
29028	2	64	0	0	0	66
29029	2	0	0	62	0	64
29030	0	1	64	0	0	65
29031	59	0	1	1	0	61
29032	1	2	64	1	0	68
29033	1	1	65	0	0	67
29034	0	65	1	0	0	66
29035	0	1	0	67	0	68
29036	1	2	1	63	0	67
29037	4	63	0	0	0	67
29038	1	0	1	66	0	68
29039	68	1	1	0	0	70
29040	67	2	0	0	0	69
29041	1	0	64	2	0	67
29042	66	1	1	2	0	70
29043	69	1	0	0	0	70
29044	0	1	69	1	0	71
29045	2	69	2	0	0	73
29046	1	74	1	0	0	76
29047	0	1	1	72	0	74
29048	1	74	1	1	0	77
29049	3	1	65	0	0	69
29050	0	0	71	1	0	72
29051	1	74	1	0	0	76
29052	74	2	0	0	0	76
29053	74	0	1	1	0	76
29054	71	0	2	1	0	74
29055	71	2	1	0	0	74
29056	72	1	1	2	0	76
29057	1	71	1	0	0	73
29058	1	3	68	0	0	72
29059	1	0	0	68	0	69
29060	67	0	0	1	0	68
29061	3	63	0	0	0	66
29062	1	0	0	57	0	58
29063	2	2	57	0	0	61
29064	2	59	1	0	0	62
29065	0	55	1	1	0	57
29066	56	1	0	0	0	57
29067	0	54	0	0	0	54
29068	0	0	0	50	0	50
29069	48	0	0	1	0	49
29070	51	0	0	0	0	51
29071	48	0	0	0	0	48
29072	0	0	51	0	0	51
29073	0	52	0	0	0	52
29074	53	0	0	0	0	53
29075	0	0	0	52	0	52
29076	53	0	0	0	0	53
29077	0	53	0	0	0	53
29078	59	0	0	0	0	59
29079	59	0	0	0	0	59
29080	0	0	0	59	0	59
29081	0	0	64	0	0	64
29082	0	0	0	66	0	66
29083	66	0	0	0	0	66
29084	65	0	0	0	0	65
29085	0	63	0	0	0	63
29086	63	0	0	0	0	63
29087	0	65	0	0	0	65
29088	66	0	0	0	0	66
29089	64	0	0	0	0	64
29090	0	0	65	0	0	65
29091	0	63	0	0	0	63
29092	0	0	0	62	0	62
29093	0	0	0	62	0	62
29094	0	0	0	60	0	60
29095	0	63	0	0	0	63
29096	0	0	63	0	0	63
29097	0	0	60	0	0	60
29098	0	84	0	0	0	84
29099	84	0	1	0	0	85
29100	0	1	85	0	0	86
29101	82	0	0	1	0	83
29102	0	81	1	0	0	82
29103	1	0	84	0	0	85
29104	0	1	0	82	0	83
29105	0	0	86	0	0	86
29106	0	0	84	1	0	85
29107	0	0	1	76	0	77
29108	0	75	1	0	0	76
29109	0	74	0	1	0	75
29110	76	0	0	0	0	76
29111	0	1	82	0	0	83
29112	84	0	0	0	0	84
29113	83	0	1	0	0	84
29114	1	84	0	0	0	85
29115	80	0	0	0	0	80
29116	80	1	0	0	0	81
29117	81	0	0	0	0	81
29118	1	76	0	0	0	77
29119	1	69	0	0	0	70
29120	0	73	0	1	0	74
29121	72	0	1	0	0	73
29122	71	1	0	0	0	72
29123	1	0	75	0	0	76
29124	1	0	75	0	0	76
29125	75	0	1	0	0	76
29126	76	0	1	0	0	77
29127	77	0	0	1	0	78
29128	1	0	0	76	0	77
29129	1	0	0	77	0	78
29130	0	0	0	78	0	78
29131	0	0	0	77	0	77
29132	0	0	71	1	0	72
29133	0	0	74	1	0	75
29134	0	0	75	0	0	75
29135	0	0	73	0	0	73
29136	72	0	1	0	0	73
29137	0	72	1	0	0	73
29138	1	73	0	0	0	74
29139	72	1	0	0	0	73
29140	0	0	71	0	0	71
29141	1	0	73	0	0	74
29142	73	0	1	0	0	74
29143	76	0	1	0	0	77
29144	1	78	0	0	0	79
29145	4	0	0	74	0	78
29146	74	1	0	0	0	75
29147	75	0	0	2	0	77
29148	1	0	0	72	0	73
29149	1	77	0	1	0	79
29150	80	0	0	0	0	80
29151	1	1	78	0	0	80
29152	77	1	0	0	0	78
29153	1	78	1	0	0	80
29154	83	1	0	0	0	84
29155	82	1	0	0	0	83
29156	2	0	83	0	0	85
29157	1	0	84	0	0	85
29158	81	1	1	0	0	83
29159	84	0	1	1	0	86
29160	1	82	0	1	0	84
29161	1	0	0	86	0	87
29162	0	1	88	0	0	89
29163	86	0	1	1	0	88
29164	0	0	2	88	0	90
29165	1	1	0	88	0	90
29166	89	0	0	1	0	90
29167	0	93	1	1	0	95
29168	95	0	0	0	0	95
29169	92	2	0	0	0	94
29170	94	0	1	0	0	95
29171	1	91	0	2	0	94
29172	93	0	1	0	0	94
29173	0	0	0	94	0	94
29174	1	0	0	93	0	94
29175	0	1	93	1	0	95
29176	0	0	89	1	0	90
29177	0	91	1	0	0	92
29178	0	90	1	0	0	91
29179	0	1	88	0	0	89
29180	0	88	0	0	0	88
29181	89	0	3	0	0	92
29182	96	1	0	0	0	97
29183	96	0	0	0	0	96
29184	2	0	0	98	0	100
29185	1	0	0	100	0	101
29186	0	0	103	2	0	105
29187	0	104	1	1	0	106
29188	104	1	0	0	0	105
29189	1	106	0	0	0	107
29190	107	1	0	0	0	108
29191	107	1	0	0	0	108
29192	2	0	0	105	0	107
29193	1	0	0	102	0	103
29194	0	0	0	108	0	108
29195	0	0	106	1	0	107
29196	0	102	1	1	0	104
29197	0	100	0	0	0	100
29198	0	77	0	0	0	77
29199	0	80	0	0	0	80
29200	0	81	0	0	0	81
29201	75	1	0	0	0	76
29202	1	0	79	0	0	80
29203	0	73	1	0	0	74
29204	0	1	73	0	0	74
29205	0	76	1	0	0	77
29206	0	1	0	69	0	70
29207	0	0	0	81	0	81
29208	0	86	0	1	0	87
29209	85	1	0	0	0	86
29210	1	0	87	0	0	88
29211	0	83	1	0	0	84
29212	0	1	83	0	0	84
29213	0	0	0	82	0	82
29214	0	0	0	79	0	79
29215	1	83	0	0	0	84
29216	0	1	0	83	0	84
29217	0	0	0	84	0	84
29218	0	82	0	1	0	83
29219	0	1	82	0	0	83
29220	0	0	81	0	0	81
29221	79	0	1	0	0	80
29222	83	0	0	0	0	83
29223	1	0	0	76	0	77
29224	0	0	77	1	0	78
29225	0	0	1	76	0	77
29226	0	82	0	1	0	83
29227	0	1	82	0	0	83
29228	0	79	1	0	0	80
29229	0	1	81	0	0	82
29230	0	81	1	0	0	82
29231	82	1	0	0	0	83
29232	1	0	0	79	0	80
29233	0	0	0	83	0	83
29234	0	0	80	1	0	81
29235	0	0	76	0	0	76
29236	0	81	1	0	0	82
29237	81	1	0	0	0	82
29238	1	0	0	80	0	81
29239	1	0	82	1	0	84
29240	1	0	82	0	0	83
29241	71	0	1	1	0	73
29242	76	0	0	1	0	77
29243	1	0	76	0	0	77
29244	0	1	1	68	0	70
29245	1	72	0	1	0	74
29246	72	2	0	0	0	74
29247	2	72	0	0	0	74
29248	73	1	0	0	0	74
29249	1	73	0	1	0	75
29250	0	76	0	1	0	77
29251	0	1	0	75	0	76
29252	0	0	1	76	0	77
29253	0	76	0	1	0	77
29254	0	2	72	0	0	74
29255	0	1	71	0	0	72
29256	0	1	71	0	0	72
29257	67	1	1	0	0	69
29258	74	0	0	0	0	74
29259	1	72	1	0	0	74
29260	0	2	71	0	0	73
29261	0	0	2	70	0	72
29262	0	2	70	1	0	73
29263	0	0	78	1	0	79
29264	0	0	1	83	0	84
29265	0	1	0	93	0	94
29266	1	0	100	2	0	103
29267	95	0	2	0	0	97
29268	2	96	1	1	0	100
29269	1	100	2	0	0	103
29270	1	4	0	98	0	103
29271	95	2	2	3	0	102
29272	2	109	0	1	0	112
29273	110	2	0	2	0	114
29274	3	108	0	1	0	112
29275	117	3	0	0	0	120
29276	4	1	116	0	0	121
29277	1	1	118	0	0	120
29278	2	0	4	112	0	118
29279	1	0	115	3	0	119
29280	0	110	3	2	0	115
29281	0	110	2	1	0	113
29282	100	4	1	0	0	105
29283	2	2	0	104	0	108
29284	1	104	0	2	0	107
29285	104	2	0	1	0	107
29286	98	1	0	1	0	100
29287	98	1	0	0	0	99
29288	4	0	0	98	0	102
29289	2	0	0	102	0	104
29290	1	0	100	3	0	104
29291	0	0	101	2	0	103
29292	97	0	3	1	0	101
29293	2	0	2	99	0	103
29294	1	0	100	2	0	103
29295	98	0	2	1	0	101
29296	2	104	1	1	0	108
29297	105	2	1	0	0	108
29298	107	1	0	0	0	108
29299	108	1	0	0	0	109
29300	4	0	103	0	0	107
29301	108	0	2	0	0	110
29302	3	0	1	106	0	110
29303	1	103	1	2	0	107
29304	1	108	0	1	0	110
29305	105	3	0	1	0	109
29306	102	2	0	0	0	104
29307	104	1	0	0	0	105
29308	4	0	0	96	0	100
29309	2	0	0	95	0	97
29310	1	0	0	95	0	96
29311	0	98	0	4	0	102
29312	96	2	0	2	0	100
29313	97	1	0	2	0	100
29314	98	1	0	1	0	100
29315	4	0	97	0	0	101
29316	100	0	1	0	0	101
29317	3	0	0	99	0	102
29318	1	100	1	2	0	104
29319	100	2	0	1	0	103
29320	98	1	0	1	0	100
29321	3	1	102	0	0	106
29322	2	0	2	100	0	104
29323	1	100	1	2	0	104
29324	103	2	1	0	0	106
29325	2	1	0	104	0	107
29326	1	1	0	101	0	103
29327	1	0	0	101	0	102
29328	0	0	0	102	0	102
29329	0	0	100	4	0	104
29330	0	97	3	2	0	102
29331	0	2	1	100	0	103
29332	0	1	102	2	0	105
29333	101	1	2	1	0	105
29334	99	1	1	1	0	102
29335	3	0	1	101	0	105
29336	102	0	0	2	0	104
29337	105	0	0	1	0	106
29338	3	0	101	1	0	105
29339	2	104	2	0	0	108
29340	106	2	0	0	0	108
29341	2	1	1	105	0	109
29342	107	1	0	2	0	110
29343	3	0	0	109	0	112
29344	1	0	0	110	0	111
29345	1	0	109	3	0	113
29346	104	0	2	2	0	108
29347	2	110	0	1	0	113
29348	1	2	111	0	0	114
29349	1	106	1	0	0	108
29350	103	3	0	0	0	106
29351	3	1	2	102	0	108
29352	104	1	0	1	0	106
29353	4	103	0	1	0	108
29354	105	1	0	2	0	108
29355	110	1	0	0	0	111
29356	110	1	0	0	0	111
29357	109	0	1	0	0	110
29358	4	105	0	0	0	109
29359	106	2	0	1	0	109
29360	3	0	0	103	0	106
29361	2	1	1	103	0	107
29362	2	100	0	4	0	106
29363	0	96	0	4	0	100
29364	0	97	1	1	0	99
29365	87	2	0	0	0	89
29366	2	80	0	0	0	82
29367	0	74	1	0	0	75
29368	77	2	1	1	0	81
29369	79	1	0	0	0	80
29370	2	79	0	1	0	82
29371	76	1	0	1	0	78
29372	1	0	68	1	0	70
29373	67	0	1	1	0	69
29374	2	0	66	1	0	69
29375	1	59	1	0	0	61
29376	1	63	0	0	0	64
29377	0	1	0	63	0	64
29378	61	0	1	0	0	62
29379	63	0	0	2	0	65
29380	63	0	0	1	0	64
29381	63	0	0	1	0	64
29382	60	1	0	0	0	61
29383	1	1	59	0	0	61
29384	1	0	57	0	0	58
29385	57	1	0	0	0	58
29386	1	58	0	0	0	59
29387	53	0	0	1	0	54
29388	55	0	0	0	0	55
29389	53	1	0	1	0	55
29390	54	0	0	1	0	55
29391	53	0	2	0	0	55
29392	2	0	53	0	0	55
29393	53	1	1	0	0	55
29394	54	0	1	0	0	55
29395	2	2	52	0	0	56
29396	50	0	0	1	0	51
29397	51	0	0	1	0	52
29398	2	0	52	0	0	54
29399	1	1	53	0	0	55
29400	2	53	0	0	0	55
29401	2	0	0	53	0	55
29402	1	0	53	0	0	54
29403	55	0	1	0	0	56
29404	1	1	0	55	0	57
29405	1	1	55	0	0	57
29406	55	0	0	1	0	56
29407	56	0	0	1	0	57
29408	56	1	0	0	0	57
29409	1	58	0	0	0	59
29410	1	1	0	59	0	61
29411	0	55	0	0	0	55
29412	57	1	0	0	0	58
29413	57	1	0	0	0	58
29414	1	0	56	0	0	57
29415	0	54	0	0	0	54
29416	1	53	0	0	0	54
29417	0	0	1	53	0	54
29418	0	0	1	53	0	54
29419	53	0	0	0	0	53
29420	0	53	0	1	0	54
29421	0	49	1	0	0	50
29422	1	0	53	0	0	54
29423	0	52	0	1	0	53
29424	50	0	1	0	0	51
29425	1	0	52	0	0	53
29426	51	0	0	0	0	51
29427	1	0	51	0	0	52
29428	50	1	0	0	0	51
29429	0	57	0	1	0	58
29430	56	1	0	0	0	57
29431	1	0	58	0	0	59
29432	60	0	0	0	0	60
29433	60	0	0	0	0	60
29434	0	0	61	0	0	61
29435	61	0	0	0	0	61
29436	64	0	0	0	0	64
29437	61	0	0	0	0	61
29438	0	61	0	0	0	61
29439	65	0	0	0	0	65
29440	0	0	63	0	0	63
29441	0	66	0	0	0	66
29442	68	0	1	0	0	69
29443	69	0	0	0	0	69
29444	71	0	0	0	0	71
29445	1	67	0	0	0	68
29446	0	1	0	89	0	90
29447	0	0	89	1	0	90
29448	0	0	1	90	0	91
29449	0	0	93	1	0	94
29450	91	0	2	0	0	93
29451	2	92	0	0	0	94
29452	1	2	0	91	0	94
29453	0	93	0	2	0	95
29454	0	2	0	93	0	95
29455	0	0	0	92	0	92
29456	0	93	0	2	0	95
29457	0	2	0	91	0	93
29458	0	0	0	97	0	97
29459	0	97	0	2	0	99
29460	0	96	0	0	0	96
29461	0	2	0	96	0	98
29462	0	0	97	2	0	99
29463	0	97	2	0	0	99
29464	0	2	0	94	0	96
29465	0	0	94	2	0	96
29466	0	91	2	0	0	93
29467	92	2	0	0	0	94
29468	2	0	89	0	0	91
29469	90	0	2	0	0	92
29470	2	0	0	88	0	90
29471	0	0	0	87	0	87
29472	0	0	0	92	0	92
29473	0	0	90	2	0	92
29474	0	0	91	0	0	91
29475	89	0	2	0	0	91
29476	2	0	0	87	0	89
29477	0	0	92	2	0	94
29478	92	0	2	0	0	94
29479	2	0	0	89	0	91
29480	0	0	0	92	0	92
29481	0	0	0	92	0	92
29482	0	95	0	2	0	97
29483	0	2	0	90	0	92
29484	0	93	0	2	0	95
29485	0	96	0	0	0	96
29486	95	2	0	0	0	97
29487	91	0	0	0	0	91
29488	97	0	0	0	0	97
29489	2	91	0	0	0	93
29490	92	2	0	0	0	94
29491	95	0	0	0	0	95
29492	2	0	0	91	0	93
29493	0	0	0	94	0	94
29494	0	0	89	2	0	91
29495	0	90	2	0	0	92
29496	88	2	0	0	0	90
29497	92	0	0	0	0	92
29498	2	89	0	0	0	91
29499	88	2	0	0	0	90
29500	90	0	0	0	0	90
29501	2	0	0	79	0	81
29502	0	82	0	2	0	84
29503	0	87	0	0	0	87
29504	84	2	0	0	0	86
29505	2	0	0	84	0	86
29506	0	0	82	2	0	84
29507	82	0	2	0	0	84
29508	2	0	81	0	0	83
29509	0	77	2	4	0	83
29510	79	2	0	0	0	81
29511	2	0	76	0	0	78
29512	0	0	2	78	0	80
29513	0	0	80	2	0	82
29514	0	79	2	1	0	82
29515	0	2	0	79	0	81
29516	0	0	79	2	0	81
29517	77	0	2	0	0	79
29518	2	82	0	0	0	84
29519	1	2	0	78	0	81
29520	0	82	0	2	0	84
29521	82	2	0	0	0	84
29522	79	0	0	0	0	79
29523	2	78	0	0	0	80
29524	0	2	0	75	0	77
29525	0	79	0	2	0	81
29526	77	2	0	0	0	79
29527	2	0	76	3	0	81
29528	0	0	75	0	0	75
29529	0	70	2	0	0	72
29530	0	76	0	0	0	76
29531	0	2	2	71	0	75
29532	68	0	0	2	0	70
29533	73	0	0	0	0	73
29534	69	0	0	0	0	69
29535	2	70	0	0	0	72
29536	0	2	0	66	0	68
29537	0	68	0	2	0	70
29538	67	2	0	0	0	69
29539	2	0	0	64	0	66
29540	0	0	61	2	0	63
29541	0	60	2	0	0	62
29542	57	1	0	0	0	58
29543	1	0	57	0	0	58
29544	54	0	1	0	0	55
29545	1	53	0	0	0	54
29546	0	35	0	0	0	35
29547	33	1	0	0	0	34
29548	1	34	0	0	0	35
29549	31	0	0	0	0	31
29550	0	31	0	0	0	31
29551	30	0	0	0	0	30
29552	28	0	2	0	0	30
29553	0	0	33	0	0	33
29554	0	0	31	0	0	31
29555	0	31	0	0	0	31
29556	32	0	0	0	0	32
29557	0	0	32	0	0	32
29558	25	0	0	0	0	25
29559	0	0	0	28	0	28
29560	0	0	29	0	0	29
29561	0	0	29	0	0	29
29562	0	0	28	0	0	28
29563	0	28	0	0	0	28
29564	0	0	0	28	0	28
29565	28	0	0	0	0	28
29566	0	0	0	30	0	30
29567	30	0	0	0	0	30
29568	0	0	0	32	0	32
29569	35	0	0	0	0	35
29570	33	0	0	0	0	33
29571	41	0	0	0	0	41
29572	0	40	0	0	0	40
29573	0	0	42	0	0	42
29574	0	0	0	41	0	41
29575	0	2	0	22	0	24
29576	0	0	0	41	0	41
29577	0	0	0	36	0	36
29578	0	37	0	0	0	37
29579	0	0	35	0	0	35
29580	0	37	0	0	0	37
29581	0	0	0	37	0	37
29582	0	0	0	35	0	35
29583	0	0	0	34	0	34
29584	0	0	0	35	0	35
29585	0	35	0	0	0	35
29586	0	35	0	0	0	35
29587	0	0	36	0	0	36
29588	0	0	0	34	0	34
29589	0	0	0	34	0	34
29590	0	0	0	36	0	36
29591	38	0	0	0	0	38
29592	0	37	0	0	0	37
29593	0	0	38	0	0	38
29594	38	0	0	0	0	38
29595	0	0	0	45	0	45
29596	45	0	0	0	0	45
29597	0	0	0	44	0	44
29598	50	0	0	0	0	50
29599	0	0	0	51	0	51
29600	51	0	0	0	0	51
29601	0	0	55	0	0	55
29602	0	0	0	54	0	54
29603	0	57	0	0	0	57
29604	0	0	0	62	0	62
29605	62	0	0	0	0	62
29606	0	62	0	0	0	62
29607	0	1	0	69	0	70
29608	0	67	0	1	0	68
29609	0	1	0	68	0	69
29610	0	0	0	70	0	70
29611	0	0	68	1	0	69
29612	0	0	1	74	0	75
29613	0	0	73	1	0	74
29614	0	73	1	0	0	74
29615	74	1	0	0	0	75
29616	1	0	74	0	0	75
29617	73	0	1	0	0	74
29618	73	0	0	0	0	73
29619	1	0	0	73	0	74
29620	0	0	85	1	0	86
29621	86	0	1	0	0	87
29622	93	0	0	0	0	93
29623	1	0	0	93	0	94
29624	0	0	0	92	0	92
29625	0	93	0	1	0	94
29626	0	1	0	95	0	96
29627	0	95	0	0	0	95
29628	0	1	95	0	0	96
29629	0	0	1	95	0	96
29630	96	0	0	1	0	97
29631	95	0	0	0	0	95
29632	1	99	0	0	0	100
29633	0	1	0	98	0	99
29634	100	0	0	0	0	100
29635	1	100	0	0	0	101
29636	102	2	0	0	0	104
29637	1	0	0	103	0	104
29638	104	0	0	1	0	105
29639	1	1	106	0	0	108
29640	1	107	1	1	0	110
29641	106	1	0	2	0	109
29642	2	113	0	0	0	115
29643	112	1	1	1	0	115
29644	113	2	0	0	0	115
29645	2	0	114	0	0	116
29646	0	1	1	112	0	114
29647	116	0	0	1	0	117
29648	3	0	114	0	0	117
29649	115	1	1	0	0	117
29650	1	1	0	120	0	122
29651	3	0	119	1	0	123
29652	0	2	2	118	0	122
29653	118	0	0	1	0	119
29654	2	0	115	2	0	119
29655	1	0	3	115	0	119
29656	0	0	1	116	0	117
29657	117	1	0	0	0	118
29658	117	0	2	0	0	119
29659	2	116	1	1	0	120
29660	1	1	0	112	0	114
29661	3	0	1	116	0	120
29662	1	1	1	117	0	120
29663	115	1	0	2	0	118
29664	116	0	1	1	0	118
29665	1	1	2	117	0	121
29666	2	112	0	4	0	118
29667	3	2	0	109	0	114
29668	3	111	2	0	0	116
29669	109	2	0	2	0	113
29670	2	106	1	2	0	111
29671	100	1	2	3	0	106
29672	2	0	0	102	0	104
29673	100	0	1	1	0	102
29674	4	1	97	0	0	102
29675	2	96	1	4	0	103
29676	97	3	1	2	0	103
29677	99	0	0	3	0	102
29678	2	1	1	98	0	102
29679	2	99	1	3	0	105
29680	2	2	0	99	0	103
29681	3	0	0	100	0	103
29682	1	0	0	99	0	100
29683	100	2	0	1	0	103
29684	98	1	1	2	0	102
29685	1	2	0	99	0	102
29686	1	96	0	3	0	100
29687	98	2	0	2	0	102
29688	3	1	95	1	0	100
29689	2	1	1	98	0	102
29690	1	1	96	3	0	101
29691	2	1	2	96	0	101
29692	0	1	96	4	0	101
29693	3	1	1	95	0	100
29694	98	0	2	1	0	101
29695	88	2	0	3	0	93
29696	3	90	1	0	0	94
29697	91	1	0	3	0	95
29698	3	0	1	88	0	92
29699	1	2	0	85	0	88
29700	85	2	1	2	0	90
29701	4	0	76	2	0	82
29702	1	0	80	3	0	84
29703	1	1	78	3	0	83
29704	76	1	1	0	0	78
29705	2	0	79	1	0	82
29706	0	2	73	2	0	77
29707	71	0	2	1	0	74
29708	2	72	1	2	0	77
29709	1	0	2	73	0	76
29710	1	0	2	74	0	77
29711	2	1	73	1	0	77
29712	68	1	2	0	0	71
29713	68	1	2	2	0	73
29714	70	0	0	2	0	72
29715	1	0	71	1	0	73
29716	65	1	1	3	0	70
29717	3	0	69	0	0	72
29718	1	66	1	2	0	70
29719	1	65	2	2	0	70
29720	57	0	1	1	0	59
29721	1	51	2	0	0	54
29722	2	49	2	0	0	53
29723	47	1	0	1	0	49
29724	3	46	0	1	0	50
29725	46	1	2	0	0	49
29726	1	0	2	47	0	50
29727	2	0	1	46	0	49
29728	0	3	1	47	0	51
29729	2	1	0	44	0	47
29730	1	43	1	2	0	47
29731	50	1	2	1	0	54
29732	2	55	0	0	0	57
29733	2	55	0	0	0	57
29734	0	2	55	1	0	58
29735	58	0	2	1	0	61
29736	3	0	57	0	0	60
29737	1	0	66	1	0	68
29738	0	71	0	1	0	72
29739	0	74	0	0	0	74
29740	72	1	0	0	0	73
29741	1	76	0	0	0	77
29742	0	1	76	0	0	77
29743	0	79	1	0	0	80
29744	0	1	78	0	0	79
29745	0	0	77	0	0	77
29746	74	0	0	0	0	74
29747	1	0	75	0	0	76
29748	0	0	1	73	0	74
29749	74	0	0	1	0	75
29750	1	72	0	0	0	73
29751	0	1	73	0	0	74
29752	68	0	1	0	0	69
29753	1	0	0	71	0	72
29754	0	66	0	1	0	67
29755	0	1	70	0	0	71
29756	70	0	1	0	0	71
29757	1	0	72	0	0	73
29758	0	0	1	72	0	73
29759	0	0	71	1	0	72
29760	1	0	1	71	0	73
29761	69	0	0	1	0	70
29762	0	72	0	0	0	72
29763	70	0	0	0	0	70
29764	1	0	71	0	0	72
29765	0	0	1	71	0	72
29766	0	0	70	1	0	71
29767	69	0	0	0	0	69
29768	73	0	0	0	0	73
29769	1	73	0	0	0	74
29770	74	1	0	0	0	75
29771	74	0	0	0	0	74
29772	1	0	0	74	0	75
29773	0	0	73	1	0	74
29774	0	74	1	0	0	75
29775	0	1	0	74	0	75
29776	75	0	0	1	0	76
29777	1	0	75	0	0	76
29778	0	0	75	0	0	75
29779	0	1	72	0	0	73
29780	74	0	1	0	0	75
29781	1	1	72	0	0	74
29782	72	0	1	0	0	73
29783	1	0	68	0	0	69
29784	0	72	1	0	0	73
29785	0	1	1	73	0	75
29786	1	0	74	1	0	76
29787	0	72	2	0	0	74
29788	0	74	0	1	0	75
29789	1	1	0	73	0	75
29790	73	1	0	1	0	75
29791	0	0	1	73	0	74
29792	74	0	0	1	0	75
29793	1	0	0	74	0	75
29794	0	1	73	1	0	75
29795	0	0	72	0	0	72
29796	73	0	0	0	0	73
29797	72	0	1	0	0	73
29798	1	0	68	1	0	70
29799	70	0	2	0	0	72
29800	1	0	69	1	0	71
29801	1	68	1	0	0	70
29802	0	72	0	0	0	72
29803	1	68	0	0	0	69
29804	0	0	1	68	0	69
29805	65	0	0	1	0	66
29806	66	0	1	0	0	67
29807	1	0	0	65	0	66
29808	1	0	64	1	0	66
29809	0	1	1	64	0	66
29810	1	0	64	1	0	66
29811	1	0	1	62	0	64
29812	62	0	0	2	0	64
29813	63	0	0	0	0	63
29814	63	1	0	0	0	64
29815	63	0	0	1	0	64
29816	2	0	0	62	0	64
29817	0	0	1	62	0	63
29818	61	0	0	1	0	62
29819	62	0	0	0	0	62
29820	2	0	0	61	0	63
29821	0	0	1	62	0	63
29822	1	0	0	61	0	62
29823	1	0	0	62	0	63
29824	61	1	0	1	0	63
29825	1	0	60	0	0	61
29826	0	0	2	59	0	61
29827	59	0	0	1	0	60
29828	1	1	58	0	0	60
29829	0	0	1	60	0	61
29830	1	0	54	1	0	56
29831	1	50	1	1	0	53
29832	1	2	0	43	0	46
29833	42	0	0	1	0	43
29834	0	4	0	33	0	37
29835	0	34	1	0	0	35
29836	1	32	0	1	0	34
29837	1	23	0	0	0	24
29838	0	20	1	0	0	21
29839	10	0	0	0	0	10
29840	0	0	0	8	0	8
29841	0	0	5	0	0	5
29842	0	0	0	4	0	4
29843	0	0	4	0	0	4
29844	4	0	0	0	0	4
29845	0	0	0	4	0	4
29846	0	0	0	4	0	4
29847	0	0	0	4	0	4
29848	0	0	0	4	0	4
29849	4	0	0	0	0	4
29850	4	0	0	0	0	4
29851	0	0	0	4	0	4
29852	4	0	0	0	0	4
29853	0	0	4	0	0	4
29854	0	4	0	0	0	4
29855	0	0	0	4	0	4
29856	0	0	0	4	0	4
29857	0	4	0	0	0	4
29858	0	0	0	3	0	3
29859	0	0	0	4	0	4
29860	4	0	0	0	0	4
29861	0	0	4	0	0	4
29862	0	0	4	0	0	4
29863	4	0	0	0	0	4
29864	0	0	4	0	0	4
29865	4	0	0	0	0	4
29866	3	0	0	0	0	3
29867	0	0	0	4	0	4
29868	0	0	1	0	0	1
29869	1	0	0	0	0	1
29870	0	1	0	0	0	1
29871	18	0	0	0	0	18
29872	47	0	0	0	0	47
29873	106	0	0	0	0	106
29874	212	0	0	0	0	212
29875	221	0	0	0	0	221
29876	215	0	0	0	0	215
29877	220	0	0	0	0	220
29878	221	0	0	0	0	221
29879	222	0	0	0	0	222
29880	219	0	0	0	0	219
29881	210	0	0	0	0	210
29882	217	0	0	0	0	217
29883	221	0	0	0	0	221
29884	218	0	0	0	0	218
29885	219	0	0	0	0	219
29886	218	0	0	0	0	218
29887	219	0	0	0	0	219
29888	214	0	0	0	0	214
29889	212	0	0	0	0	212
29890	212	0	0	0	0	212
29891	204	0	0	0	0	204
29892	219	0	0	0	0	219
29893	209	0	0	0	0	209
29894	220	0	0	0	0	220
29895	217	0	0	0	0	217
29896	217	0	0	0	0	217
29897	207	0	0	0	0	207
29898	223	0	0	0	0	223
29899	220	0	0	0	0	220
29900	214	0	0	0	0	214
29901	204	0	0	0	0	204
29902	177	0	1	0	0	178
29903	115	0	16	0	0	131
