Pos	A	C	G	T	Other	Total
1	5	0	0	0	0	5
2	0	0	0	5	0	5
3	0	0	0	18	0	18
4	23	0	0	0	0	23
5	77	0	0	0	0	77
6	79	0	0	0	0	79
7	1	0	81	0	0	82
8	1	0	88	2	0	91
9	0	0	1	103	0	104
10	0	0	1	111	0	112
11	0	0	4	131	0	135
12	254	0	0	2	0	256
13	2	0	0	482	0	484
14	846	0	5	18	0	869
15	0	1245	0	4	0	1249
16	2	2170	2	17	0	2191
17	20	6	5	6250	0	6281
18	10	1	1	7042	0	7054
19	2	10715	18	19	0	10754
20	3	12117	16	19	0	12155
21	5	14397	23	120	0	14545
22	16110	9	9	96	0	16224
23	11	51	16749	21	0	16832
24	15	59	17050	13	0	17137
25	18	4	13	18561	0	18596
26	20164	4	8	93	0	20269
27	20556	2	5	54	0	20617
28	21	20790	38	31	0	20880
29	24214	16	6	167	0	24403
30	26175	10	14	124	0	26323
31	26945	7	7	55	0	27014
32	13	27355	34	20	0	27422
33	7	28123	39	27	0	28196
34	29139	13	5	80	0	29237
35	29643	9	10	76	0	29738
36	16	30786	35	20	0	30857
37	13	33078	31	44	0	33166
38	33208	18	7	58	0	33291
39	33276	8	8	60	0	33352
40	19	33831	38	44	0	33932
41	25	16	5	35114	0	35160
42	23	13	2	35512	0	35550
43	11	11	5	35709	0	35736
44	3	35815	26	61	0	35905
45	23	118	34961	37	0	35139
46	32562	19	25	63	0	32669
47	32	8	18	36229	0	36287
48	17	36542	48	38	0	36645
49	18	21	10	36880	0	36929
50	11	37058	44	39	0	37152
51	21	34	6	37204	0	37265
52	23	20	2	37732	0	37777
53	15	67	37990	74	0	38146
54	28	12	27	37607	0	37674
55	37573	4	24	99	0	37700
56	45	79	38013	54	0	38191
57	36455	12	32	62	0	36561
58	46	13	19	38689	0	38767
59	23	38940	46	47	0	39056
60	29	35	5	39307	0	39376
61	22	124	39353	63	0	39562
62	39	14	37	38749	0	38839
63	20	16	38	39707	0	39781
64	11	40247	59	104	0	40421
65	34	46	6	40559	0	40645
66	39	40467	41	74	0	40621
67	18	47	4	40726	0	40795
68	40329	30	11	101	0	40471
69	39937	14	9	105	0	40065
70	40493	11	10	75	0	40589
71	143	41452	51	85	0	41731
72	93	99	41008	35	0	41235
73	39780	58	72	64	0	39974
74	42978	10	57	57	0	43102
75	160	44584	60	65	0	44869
76	117	162	10	40284	0	40573
77	52	127	12	41456	0	41647
78	42	24	11	40027	0	40104
79	40340	20	53	475	0	40888
80	40583	17	11	278	0	40889
81	40949	18	11	94	0	41072
82	41373	11	16	76	0	41476
83	478	12	14	40763	0	41267
84	244	41130	82	257	0	41713
85	77	239	13	42408	0	42737
86	60	323	42365	315	0	43063
87	61	42	290	43810	0	44203
88	45	94	44935	401	0	45475
89	50	29	370	44600	0	45049
90	56	102	45898	431	0	46487
91	71	87	45838	365	0	46361
92	33	47279	718	138	0	48168
93	90	422	363	48626	0	49501
94	79	408	50454	450	0	51391
95	58	54	471	49229	0	49812
96	37	50807	450	480	0	51774
97	50643	451	60	444	0	51598
98	430	53312	116	123	0	53981
99	408	478	51	51702	0	52639
100	72	53692	114	481	0	54359
101	69	563	51859	407	0	52898
102	83	465	52431	130	0	53109
103	48	53044	870	154	0	54116
104	84	505	398	53294	0	54281
105	151	466	53541	529	0	54687
106	45	53348	560	465	0	54418
107	53140	485	395	151	0	54171
108	502	409	83	53567	0	54561
109	426	172	55091	543	0	56232
110	77	55370	559	456	0	56462
111	99	521	398	55358	0	56376
112	103	410	96	55953	0	56562
113	52262	98	93	936	0	53389
114	479	165	55227	482	0	56353
115	427	81	494	54543	0	55545
116	99	175	54856	566	0	55696
117	69	51868	604	494	0	53035
118	50236	524	422	156	0	51338
119	467	49929	181	153	0	50730
120	404	561	97	47200	0	48262
121	83	47775	145	469	0	48472
122	45391	555	90	439	0	46475
123	493	46665	143	158	0	47459
124	452	620	45190	150	0	46412
125	93	45801	561	139	0	46594
126	43900	547	448	171	0	45066
127	546	545	44920	134	0	46145
128	460	127	570	44595	0	45752
129	43258	118	458	583	0	44417
130	586	119	109	42357	0	43171
131	42422	99	108	664	0	43293
132	42580	111	111	538	0	43340
133	1009	115	84	42016	0	43224
134	581	110	81	42061	0	42833
135	41060	95	85	1030	0	42270
136	40788	120	104	593	0	41605
137	1043	103	78	39588	0	40812
138	39885	95	98	650	0	40728
139	39954	109	96	573	0	40732
140	1015	39698	162	224	0	41099
141	600	568	97	39597	0	40862
142	40088	488	103	691	0	41370
143	40647	134	117	587	0	41485
144	1039	141	92	40230	0	41502
145	583	98	111	40831	0	41623
146	39976	105	109	1046	0	41236
147	625	40421	182	639	0	41867
148	583	581	102	40304	0	41570
149	212	560	40442	665	0	41879
150	210	158	576	39602	0	40546
151	169	40042	564	656	0	41431
152	151	637	40032	580	0	41400
153	196	490	579	39274	0	40539
154	212	144	497	39363	0	40216
155	164	192	40037	1054	0	41447
156	36428	95	575	688	0	37786
157	582	40829	590	261	0	42262
158	40935	554	159	246	0	41894
159	661	543	40501	205	0	41910
160	550	205	41384	223	0	42362
161	38465	143	946	221	0	39775
162	638	41578	581	188	0	42985
163	41590	563	143	225	0	42521
164	627	42226	188	203	0	43244
165	566	681	41986	200	0	43433
166	40709	525	555	218	0	42007
167	661	243	43382	157	0	44443
168	583	143	579	42385	0	43690
169	42592	114	480	651	0	43837
170	42374	112	176	562	0	43224
171	948	42289	207	254	0	43698
172	593	1143	138	40429	0	42303
173	219	41787	150	554	0	42710
174	182	590	40683	493	0	41948
175	259	710	471	37334	0	38774
176	138	37965	443	457	0	39003
177	204	468	104	36670	0	37446
178	31977	326	116	492	0	32911
179	373	78	74	35687	0	36212
180	314	35697	137	387	0	36535
181	148	300	62	36002	0	36512
182	148	305	82	35674	0	36209
183	111	35766	102	547	0	36526
184	154	362	84	35746	0	36346
185	161	301	34920	341	0	35723
186	108	34563	310	326	0	35307
187	31590	214	186	132	0	32122
188	245	234	32618	94	0	33191
189	226	119	32295	62	0	32702
190	93	31870	348	71	0	32382
191	285	391	309	30339	0	31324
192	97	181	30010	147	0	30435
193	69	27011	172	158	0	27410
194	97	114	112	27406	0	27729
195	87	112	48	27950	0	28197
196	27407	43	25	219	0	27694
197	121	28076	52	190	0	28439
198	132	183	26461	68	0	26844
199	75	178	27225	56	0	27534
200	64	43	230	26875	0	27212
201	58	44	142	33313	0	33557
202	68	37	33	33663	0	33801
203	56	34755	65	4457	0	39333
204	62	548	39444	406	0	40460
205	74	434	518	39854	0	40880
206	39	42290	507	620	0	43456
207	42	43930	143	565	0	44680
208	50	1207	45100	125	0	46482
209	58	637	738	44058	0	45491
210	73	179	48925	788	0	49965
211	97	89	914	48079	0	49179
212	82	71	716	49879	0	50748
213	112	137	49302	1510	0	51061
214	35	49087	937	876	0	50935
215	47887	861	781	204	0	49733
216	903	795	49642	135	0	51475
217	700	49709	949	143	0	51501
218	127	50979	800	113	0	52019
219	132	1621	49105	94	0	50952
220	47409	839	947	106	0	49301
221	961	228	776	44496	0	46461
222	715	49651	254	793	0	51413
223	49302	955	128	703	0	51088
224	943	812	121	47287	0	49163
225	745	49017	166	947	0	50875
226	49247	980	151	821	0	51199
227	920	833	48717	222	0	50692
228	731	48857	1006	193	0	50787
229	47764	981	817	216	0	49778
230	837	48804	273	195	0	50109
231	48099	1024	190	181	0	49494
232	964	841	191	46123	0	48119
233	735	46990	264	911	0	48900
234	186	967	178	47569	0	48900
235	46336	821	207	1091	0	48455
236	903	311	46236	837	0	48287
237	769	290	46925	293	0	48277
238	289	208	1646	45105	0	47248
239	178	214	920	46560	0	47872
240	225	260	271	45754	0	46510
241	151	44943	292	1693	0	47079
242	190	1075	44195	909	0	46369
243	244	864	974	42167	0	44249
244	168	43450	903	965	0	45486
245	227	44631	331	793	0	45982
246	254	1650	43848	266	0	46018
247	226	1001	44511	214	0	45952
248	258	441	45734	179	0	46612
249	274	285	1698	43580	0	45837
250	218	402	45175	1010	0	46805
251	307	293	1121	44669	0	46390
252	262	307	45861	1109	0	47539
253	42192	317	1148	908	0	44565
254	1087	46632	967	342	0	49028
255	900	49358	392	302	0	50952
256	319	1885	50597	313	0	53114
257	49350	1035	1200	316	0	51901
258	51308	383	968	278	0	52937
259	51717	286	375	304	0	52682
260	2007	329	49342	322	0	52000
261	1074	304	50523	362	0	52263
262	314	281	2032	48944	0	51571
263	49840	261	1148	1355	0	52604
264	49852	314	449	1167	0	51782
265	1936	362	48582	433	0	51313
266	48695	348	1376	428	0	50847
267	1290	368	1207	47762	0	50627
268	957	400	48708	1346	0	51411
269	283	379	49348	1092	0	51102
270	46205	320	2236	539	0	49300
271	1168	328	49503	426	0	51425
272	47344	297	1614	468	0	49723
273	1290	338	49343	433	0	51404
274	1045	47094	1713	414	0	50266
275	427	49199	1392	372	0	51390
276	458	2052	627	46863	0	50000
277	401	1245	557	49333	0	51536
278	390	522	48614	2001	0	51527
279	474	436	1547	46562	0	49019
280	456	46677	1386	1316	0	49835
281	585	47899	651	1081	0	50216
282	539	49553	594	410	0	51096
283	600	2224	522	47056	0	50402
284	551	1241	47751	1272	0	50815
285	549	515	48138	1085	0	50287
286	588	463	2214	46260	0	49525
287	611	384	1298	47144	0	49437
288	677	338	664	43503	0	45182
289	596	46604	593	1963	0	49756
290	46785	1231	499	1140	0	49655
291	46761	1105	509	451	0	48826
292	2179	46453	547	429	0	49608
293	1298	1355	46994	419	0	50066
294	46897	1116	1421	380	0	49814
295	1495	475	48496	391	0	50857
296	47561	350	1595	341	0	49847
297	47740	375	1295	432	0	49842
298	47741	391	587	442	0	49161
299	46630	330	476	615	0	48051
300	2034	45992	583	573	0	49182
301	39796	964	414	443	0	41617
302	1022	40084	443	443	0	41992
303	33941	798	318	291	0	35348
304	791	33383	355	283	0	34812
305	612	694	30770	190	0	32266
306	294	2369	722	26606	0	29991
307	216	28884	600	550	0	30250
308	196	28216	249	465	0	29126
309	26132	926	804	442	0	28304
310	23889	328	141	163	0	24521
311	611	24538	146	139	0	25434
312	385	368	138	23050	0	23941
313	180	25792	163	304	0	26439
314	25919	368	143	267	0	26697
315	484	324	26100	107	0	27015
316	412	172	426	25046	0	26056
317	208	88	372	25231	0	25899
318	194	96	180	25607	0	26077
319	206	119	25281	574	0	26180
320	184	25093	414	313	0	26004
321	206	25919	338	105	0	26568
322	213	592	153	26030	0	26988
323	185	366	26427	358	0	27336
324	166	194	425	26118	0	26903
325	174	155	335	26589	0	27253
326	187	156	149	26465	0	26957
327	165	162	149	26446	0	26922
328	25744	119	144	680	0	26687
329	407	26112	166	406	0	27091
330	26061	434	158	199	0	26852
331	438	396	26042	168	0	27044
332	369	199	26313	154	0	27035
333	193	177	600	25321	0	26291
334	169	163	372	24984	0	25688
335	131	26670	175	658	0	27634
336	141	417	26868	395	0	27821
337	117	27277	470	255	0	28119
338	128	458	27511	170	0	28267
339	24919	329	436	220	0	25904
340	400	27557	362	198	0	28517
341	373	444	27764	137	0	28718
342	202	364	427	27204	0	28197
343	158	200	27939	422	0	28719
344	124	27643	474	403	0	28644
345	151	416	326	26571	0	27464
346	138	27638	181	453	0	28410
347	177	436	27458	384	0	28455
348	187	397	363	26953	0	27900
349	26906	178	312	435	0	27831
350	428	26827	148	371	0	27774
351	347	428	26136	138	0	27049
352	179	795	372	24535	0	25881
353	133	156	25661	344	0	26294
354	128	127	22938	271	0	23464
355	74	21392	463	106	0	22035
356	211	170	283	19025	0	19689
357	47	156	79	19157	0	19439
358	54	74	44	19207	0	19379
359	47	52	19358	266	0	19723
360	43	67	19038	158	0	19306
361	16499	39	268	87	0	16893
362	149	49	18873	58	0	19129
363	17343	28	152	59	0	17582
364	139	18417	129	66	0	18751
365	119	137	58	17422	0	17736
366	38	18796	49	134	0	19017
367	32	19216	58	135	0	19441
368	31	233	18838	65	0	19167
369	29	166	160	18480	0	18835
370	25	65	19083	159	0	19332
371	28	53	18172	130	0	18383
372	17367	42	238	77	0	17724
373	139	54	18743	53	0	18989
374	107	55	18330	58	0	18550
375	16960	39	215	69	0	17283
376	121	49	18282	57	0	18509
377	101	65	18627	41	0	18834
378	43	49	222	17668	0	17982
379	29	18661	154	150	0	18994
380	25	118	74	18795	0	19012
381	26	116	48	18607	0	18797
382	18683	50	44	241	0	19018
383	123	42	62	18244	0	18471
384	110	19004	85	159	0	19358
385	18667	138	52	153	0	19010
386	142	147	18825	61	0	19175
387	17769	69	139	77	0	18054
388	149	61	20130	58	0	20398
389	109	57	20642	61	0	20869
390	36	21160	280	65	0	21541
391	21200	151	172	121	0	21644
392	123	21713	109	89	0	22034
393	135	189	21515	68	0	21907
394	77	152	199	19022	0	19450
395	37	21958	183	146	0	22324
396	22058	171	90	144	0	22463
397	21860	154	79	48	0	22141
398	269	22276	78	63	0	22686
399	22761	169	86	56	0	23072
400	198	160	72	21826	0	22256
401	139	22583	101	177	0	23000
402	44	202	56	23239	0	23541
403	49	165	63	24230	0	24507
404	24704	82	65	327	0	25178
405	24324	49	79	204	0	24656
406	24313	54	70	88	0	24525
407	370	64	24255	40	0	24729
408	23423	43	230	52	0	23748
409	240	127	221	24236	0	24824
410	185	52	24400	210	0	24847
411	76	50	23120	188	0	23434
412	38	23299	363	67	0	23767
413	21017	160	220	42	0	21439
414	152	22044	62	41	0	22299
415	162	161	26	21763	0	22112
416	52	130	38	22066	0	22286
417	51	51	22578	250	0	22930
418	41	44	171	21574	0	21830
419	37	41	22683	158	0	22919
420	37	24	21887	152	0	22100
421	39	22506	247	48	0	22840
422	45	115	119	21768	0	22047
423	34	99	26	21562	0	21721
424	21693	23	12	198	0	21926
425	120	32	21835	121	0	22108
426	116	13	121	22052	0	22302
427	22117	9	115	144	0	22385
428	121	34	22512	110	0	22777
429	21661	15	137	59	0	21872
430	22458	19	125	35	0	22637
431	231	50	23467	25	0	23773
432	134	29	131	22932	0	23226
433	50	16	104	23406	0	23576
434	45	34	23998	225	0	24302
435	22854	13	173	150	0	23190
436	24043	17	125	62	0	24247
437	23481	22	58	33	0	23594
438	23693	25	59	39	0	23816
439	23442	31	81	41	0	23595
440	271	66	20572	61	0	20970
441	139	63	23599	63	0	23864
442	58	23914	236	66	0	24274
443	69	157	24052	60	0	24338
444	54	135	169	23326	0	23684
445	113	109	196	18631	0	19049
446	73	47	61	24148	0	24329
447	95	48	44	24389	0	24576
448	96	64	24269	271	0	24700
449	94	23925	165	151	0	24335
450	69	24947	153	75	0	25244
451	107	254	61	23467	0	23889
452	63	25376	64	165	0	25668
453	25183	186	42	160	0	25571
454	24862	111	41	116	0	25130
455	309	26430	65	83	0	26887
456	228	151	54	26505	0	26938
457	115	127	65	27125	0	27432
458	106	63	27134	305	0	27608
459	23990	43	246	223	0	24502
460	27191	48	186	82	0	27507
461	343	27956	102	97	0	28498
462	28192	200	82	90	0	28564
463	279	190	28830	80	0	29379
464	226	28779	239	89	0	29333
465	111	29781	208	96	0	30196
466	90	29827	105	92	0	30114
467	103	373	74	29221	0	29771
468	29068	205	75	281	0	29629
469	279	66	103	29827	0	30275
470	290	67	30496	304	0	31157
471	155	55	295	30526	0	31031
472	123	68	32106	351	0	32648
473	138	69	363	30622	0	31192
474	140	78	282	29053	0	29553
475	83	31730	138	469	0	32420
476	32205	293	131	283	0	32912
477	343	242	133	30984	0	31702
478	280	32211	102	324	0	32917
479	32391	294	103	276	0	33064
480	29157	264	125	153	0	29699
481	32320	85	96	165	0	32666
482	491	32409	137	165	0	33202
483	280	310	32404	157	0	33151
484	125	245	347	32603	0	33320
485	121	164	285	31903	0	32473
486	127	32720	166	506	0	33519
487	132	306	32306	283	0	33027
488	149	212	31691	146	0	32198
489	29531	76	433	127	0	30167
490	377	154	268	30857	0	31656
491	253	62	31689	320	0	32324
492	128	32585	292	245	0	33250
493	160	314	244	30241	0	30959
494	127	33070	117	244	0	33558
495	123	318	32411	223	0	33075
496	29950	214	306	115	0	30585
497	32196	68	240	113	0	32617
498	425	32716	94	146	0	33381
499	227	281	61	32315	0	32884
500	124	227	32372	301	0	33024
501	118	32115	289	213	0	32735
502	31097	284	206	85	0	31672
503	263	30598	54	78	0	30993
504	173	30673	54	65	0	30965
505	121	393	43	29735	0	30292
506	53	30558	61	281	0	30953
507	30300	267	53	182	0	30802
508	250	205	60	30183	0	30698
509	169	91	29362	257	0	29879
510	78	84	28367	177	0	28706
511	77	97	327	27747	0	28248
512	61	28906	190	218	0	29375
513	28890	233	71	158	0	29352
514	252	178	56	28316	0	28802
515	162	92	28421	241	0	28916
516	56	71	237	28128	0	28492
517	62	64	159	28222	0	28507
518	27673	73	60	362	0	28168
519	257	80	54	27152	0	27543
520	179	86	27516	250	0	28031
521	86	79	27385	183	0	27733
522	65	56	349	27343	0	27813
523	76	64	178	28106	0	28424
524	60	91	28743	357	0	29251
525	24576	81	250	234	0	25141
526	241	91	28408	116	0	28856
527	170	28164	270	117	0	28721
528	102	248	170	28365	0	28885
529	80	194	28515	260	0	29049
530	65	123	28088	207	0	28483
531	72	72	349	27122	0	27615
532	27211	59	189	265	0	27724
533	247	83	27889	193	0	28412
534	169	27517	260	101	0	28047
535	27761	239	188	115	0	28303
536	238	195	28160	98	0	28691
537	26667	87	252	100	0	27106
538	28074	66	180	101	0	28421
539	354	28838	103	114	0	29409
540	200	233	88	26881	0	27402
541	86	28696	96	204	0	29082
542	76	270	28049	177	0	28572
543	26622	186	259	126	0	27193
544	28846	81	186	98	0	29211
545	354	108	29086	83	0	29631
546	216	103	28757	74	0	29150
547	98	30006	403	73	0	30580
548	30526	269	220	102	0	31117
549	307	200	92	30080	0	30679
550	243	63	87	28696	0	29089
551	78	30110	105	365	0	30658
552	29332	243	101	218	0	29894
553	256	220	30356	104	0	30936
554	206	87	269	32717	0	33279
555	33109	56	220	492	0	33877
556	493	33636	108	318	0	34555
557	277	512	37162	107	0	38058
558	115	278	38093	89	0	38575
559	108	225	944	35315	0	36592
560	69	37788	426	558	0	38841
561	89	651	38214	317	0	39271
562	81	356	696	37515	0	38648
563	38357	92	365	690	0	39504
564	710	83	39435	354	0	40582
565	371	106	770	39038	0	40285
566	115	84	40224	731	0	41154
567	86	82	40926	356	0	41450
568	116	325	1086	39426	0	40953
569	85	73	40723	733	0	41614
570	33243	53	816	434	0	34546
571	699	63	39344	93	0	40199
572	35621	48	734	90	0	36493
573	672	37849	405	63	0	38989
574	38476	660	112	104	0	39352
575	674	39597	120	80	0	40471
576	367	694	76	39225	0	40362
577	111	330	74	41026	0	41541
578	82	100	40224	988	0	41394
579	72	88	40760	409	0	41329
580	71	44	1061	40533	0	41709
581	61	75	41568	727	0	42431
582	96	46	790	38872	0	39804
583	52	39983	478	714	0	41227
584	87	41460	200	416	0	42163
585	79	1017	150	40552	0	41798
586	103	431	123	41173	0	41830
587	72	160	40520	1036	0	41788
588	98	99	769	38815	0	39781
589	59	39777	456	774	0	41066
590	76	40134	211	408	0	40829
591	57	40326	181	183	0	40747
592	91	1038	146	36313	0	37588
593	76	38144	212	668	0	39100
594	37355	729	173	427	0	38684
595	733	396	176	37234	0	38539
596	400	154	37290	771	0	38615
597	152	102	797	37040	0	38091
598	108	132	37759	796	0	38795
599	125	131	37900	457	0	38613
600	103	122	38444	226	0	38895
601	97	37227	1209	196	0	38729
602	129	742	38053	182	0	39106
603	37091	428	852	199	0	38570
604	38187	145	527	181	0	39040
605	38865	140	264	190	0	39459
606	1087	105	208	37892	0	39292
607	37949	142	238	806	0	39135
608	741	37241	275	509	0	38766
609	397	39085	225	275	0	39982
610	38406	1038	239	218	0	39901
611	744	536	39168	217	0	40665
612	447	208	831	38808	0	40294
613	171	224	40033	814	0	41242
614	123	198	40455	552	0	41328
615	109	39935	1164	271	0	41479
616	134	819	614	37775	0	39342
617	136	495	272	40109	0	41012
618	39356	226	232	1133	0	40947
619	755	39879	293	594	0	41521
620	451	40848	278	326	0	41903
621	242	1156	40281	245	0	41924
622	147	41236	959	250	0	42592
623	39945	876	602	265	0	41688
624	40466	522	344	295	0	41627
625	1048	299	41095	251	0	42693
626	477	241	41654	297	0	42669
627	223	228	1304	39145	0	40900
628	231	235	727	39496	0	40689
629	189	40359	411	1165	0	42124
630	254	816	333	40197	0	41600
631	241	530	326	39927	0	41024
632	227	40212	351	1172	0	41962
633	245	842	313	40014	0	41414
634	208	524	370	38819	0	39921
635	187	38606	366	1240	0	40399
636	205	853	38742	617	0	40417
637	257	504	955	39246	0	40962
638	39376	298	630	900	0	41204
639	39138	260	338	555	0	40291
640	1171	307	38622	286	0	40386
641	37714	287	868	299	0	39168
642	38714	284	525	299	0	39822
643	1105	38421	345	325	0	40196
644	514	830	37513	355	0	39212
645	217	525	38138	326	0	39206
646	230	448	1194	38225	0	40097
647	39327	213	669	889	0	41098
648	40767	212	347	539	0	41865
649	1152	264	284	41822	0	43522
650	44727	227	245	960	0	46159
651	45709	230	258	640	0	46837
652	44465	255	331	295	0	45346
653	1337	244	44701	292	0	46574
654	522	181	43340	230	0	44273
655	40659	133	929	233	0	41954
656	614	173	42265	232	0	43284
657	316	38708	440	125	0	39589
658	258	479	592	37322	0	38651
659	111	323	39456	362	0	40252
660	105	110	38918	285	0	39418
661	127	320	594	36881	0	37922
662	73	61	38382	353	0	38869
663	92	80	37778	289	0	38239
664	65	35588	518	84	0	36255
665	56	36832	287	72	0	37247
666	36479	485	145	76	0	37185
667	318	249	68	35871	0	36506
668	35869	55	63	261	0	36248
669	302	81	36120	229	0	36732
670	264	45	291	35216	0	35816
671	74	63	250	36062	0	36449
672	34140	28	74	491	0	34733
673	268	36211	81	298	0	36858
674	274	297	34669	77	0	35317
675	91	276	35333	55	0	35755
676	49	35869	481	90	0	36489
677	55	268	35274	48	0	35645
678	45	35350	306	45	0	35746
679	41	33842	242	51	0	34176
680	104	459	32421	42	0	33026
681	30246	203	285	44	0	30778
682	250	46	206	33491	0	33993
683	209	34718	68	257	0	35252
684	62	224	41	33901	0	34228
685	34078	191	38	247	0	34554
686	33875	34	44	210	0	34163
687	33893	23	56	61	0	34033
688	409	47	33583	35	0	34074
689	224	34	248	32076	0	32582
690	41	34199	228	208	0	34676
691	35241	239	62	220	0	35762
692	240	205	47	35756	0	36248
693	222	47	37	35836	0	36142
694	66	37	51	36697	0	36851
695	52	46	36424	436	0	36958
696	31242	39	245	340	0	31866
697	271	36932	228	64	0	37495
698	241	231	50	36641	0	37163
699	85	200	40	36918	0	37243
700	35007	40	59	471	0	35577
701	289	61	36240	231	0	36821
702	241	59	37337	50	0	37687
703	80	37147	488	68	0	37783
704	74	292	38272	41	0	38679
705	32835	233	375	90	0	33533
706	259	38491	300	94	0	39144
707	268	303	38247	53	0	38871
708	32136	249	376	86	0	32847
709	299	95	40192	80	0	40666
710	274	40462	328	75	0	41139
711	107	312	267	40389	0	41075
712	90	255	94	41181	0	41620
713	95	90	40494	500	0	41179
714	95	80	40030	296	0	40501
715	82	40011	546	93	0	40732
716	38966	279	310	103	0	39658
717	302	41020	125	102	0	41549
718	282	314	99	40186	0	40881
719	90	296	40697	341	0	41424
720	35317	79	366	308	0	36070
721	352	66	314	39357	0	40089
722	282	39490	165	283	0	40220
723	72	40756	137	301	0	41266
724	93	525	93	40233	0	40944
725	99	295	88	40819	0	41301
726	39735	87	103	539	0	40464
727	310	81	98	41200	0	41689
728	278	128	41175	353	0	41934
729	38994	66	362	342	0	39764
730	41501	67	303	128	0	41999
731	547	117	41992	100	0	42756
732	39809	88	373	109	0	40379
733	392	74	299	43404	0	44169
734	348	79	107	43949	0	44483
735	129	98	71	44366	0	44664
736	112	72	81	43155	0	43420
737	80	43903	123	618	0	44724
738	44723	341	100	359	0	45523
739	46067	316	84	139	0	46606
740	655	145	48021	111	0	48932
741	48101	70	392	163	0	48726
742	50696	92	392	115	0	51295
743	51787	91	95	111	0	52084
744	53157	65	107	105	0	53434
745	846	52602	144	132	0	53724
746	419	527	67	50596	0	51609
747	136	400	51358	451	0	52345
748	111	118	49323	351	0	49903
749	43856	417	968	173	0	45414
750	45487	126	552	113	0	46278
751	578	44758	78	98	0	45512
752	45122	299	57	67	0	45545
753	344	45529	79	68	0	46020
754	370	327	36	44990	0	45723
755	46160	280	45	401	0	46886
756	46150	49	46	348	0	46593
757	45821	33	36	81	0	45971
758	607	45291	71	72	0	46041
759	45431	304	32	86	0	45853
760	382	308	38	45422	0	46150
761	46133	50	46	354	0	46583
762	413	76	45157	314	0	45960
763	339	45802	350	81	0	46572
764	45525	303	305	62	0	46195
765	368	327	45699	54	0	46448
766	358	75	327	44998	0	45758
767	108	79	46432	325	0	46944
768	105	95	46408	294	0	46902
769	120	54	565	44950	0	45689
770	138	75	47321	330	0	47864
771	125	52	332	46372	0	46881
772	118	50	291	47118	0	47577
773	47053	34	66	624	0	47777
774	381	47651	82	354	0	48468
775	355	48484	86	89	0	49014
776	124	49399	101	63	0	49687
777	173	713	48134	78	0	49098
778	164	338	411	47565	0	48478
779	120	130	49770	427	0	50447
780	45386	66	437	390	0	46279
781	48721	66	349	105	0	49241
782	705	49531	126	100	0	50462
783	445	398	73	47636	0	48552
784	136	50128	111	356	0	50731
785	49854	421	86	356	0	50717
786	491	359	86	49621	0	50557
787	438	148	50019	464	0	51069
788	151	49657	474	431	0	50713
789	164	484	50574	121	0	51343
790	172	383	449	49477	0	50481
791	144	143	50050	468	0	50805
792	45601	94	491	443	0	46629
793	506	143	50150	126	0	50925
794	444	49886	529	127	0	50986
795	170	462	407	49650	0	50689
796	151	375	156	50510	0	51192
797	49832	117	140	773	0	50862
798	49814	90	127	449	0	50480
799	784	49411	182	178	0	50555
800	459	489	49240	119	0	50307
801	183	422	48987	117	0	49709
802	47182	136	789	163	0	48270
803	521	173	49356	130	0	50180
804	458	150	48051	127	0	48786
805	185	159	48596	122	0	49062
806	185	146	48174	137	0	48642
807	152	47962	808	136	0	49058
808	48159	478	480	144	0	49261
809	559	416	172	46163	0	47310
810	46804	123	185	450	0	47562
811	524	46342	170	388	0	47424
812	46275	457	156	152	0	47040
813	509	47773	188	148	0	48618
814	477	482	173	46402	0	47534
815	167	50025	196	449	0	50837
816	176	557	49232	422	0	50387
817	162	51183	562	186	0	52093
818	214	545	491	55207	0	56457
819	55848	450	188	625	0	57111
820	641	181	168	55949	0	56939
821	586	195	56041	638	0	57460
822	223	146	656	53153	0	54178
823	142	55756	660	654	0	57212
824	168	617	55874	497	0	57156
825	54303	554	689	190	0	55736
826	715	181	591	57005	0	58492
827	56878	130	218	656	0	57882
828	56185	156	179	630	0	57150
829	1053	56802	221	257	0	58333
830	56625	632	188	185	0	57630
831	56482	565	180	176	0	57403
832	1026	56688	253	179	0	58146
833	629	622	176	56281	0	57708
834	238	583	206	55481	0	56508
835	158	56249	245	1031	0	57683
836	197	675	161	56821	0	57854
837	175	639	55947	639	0	57400
838	239	389	625	54833	0	56086
839	213	175	54501	649	0	55538
840	184	148	50715	545	0	51592
841	144	50220	950	209	0	51523
842	121	49765	565	146	0	50597
843	150	50511	226	143	0	51030
844	446	886	258	47308	0	48898
845	120	508	47967	445	0	49040
846	45546	134	466	444	0	46590
847	467	87	443	47840	0	48837
848	419	140	48059	451	0	49069
849	161	170	47951	441	0	48723
850	110	48307	805	165	0	49387
851	156	516	436	46969	0	48077
852	46667	445	129	461	0	47702
853	401	46891	167	413	0	47872
854	372	46837	135	164	0	47508
855	107	46647	136	164	0	47054
856	132	803	131	45893	0	46959
857	79	48159	160	512	0	48910
858	113	530	115	50390	0	51148
859	129	429	115	51115	0	51788
860	175	228	50074	958	0	51435
861	41606	138	632	758	0	43134
862	592	177	51198	158	0	52125
863	499	214	625	50421	0	51759
864	137	213	51649	613	0	52612
865	90	50864	709	540	0	52203
866	50611	609	593	200	0	52013
867	655	559	175	49237	0	50626
868	527	139	132	49938	0	50736
869	49789	102	133	1027	0	51051
870	49732	108	139	561	0	50540
871	50988	112	112	190	0	51402
872	1027	184	50260	118	0	51589
873	46110	122	540	178	0	46950
874	580	48869	527	154	0	50130
875	468	49258	164	157	0	50047
876	193	935	80	47311	0	48519
877	168	512	90	45709	0	46479
878	111	47044	120	897	0	48172
879	143	562	96	46910	0	47711
880	44944	462	115	640	0	46161
881	563	179	46687	548	0	47977
882	461	46448	576	194	0	47679
883	44277	567	469	181	0	45494
884	476	45790	225	216	0	46707
885	448	618	45465	197	0	46728
886	192	532	562	44803	0	46089
887	150	199	45615	606	0	46570
888	142	44738	610	531	0	46021
889	171	562	481	43845	0	45059
890	178	516	44409	560	0	45663
891	171	231	44616	484	0	45502
892	203	192	888	43197	0	44480
893	44296	135	508	568	0	45507
894	44492	141	164	520	0	45317
895	44733	139	133	217	0	45222
896	918	196	44971	213	0	46298
897	522	44942	554	211	0	46229
898	198	563	495	44547	0	45803
899	152	509	168	42565	0	43394
900	132	44846	189	927	0	46094
901	44415	548	137	553	0	45653
902	575	507	132	44737	0	45951
903	518	213	44825	609	0	46165
904	167	44751	613	571	0	46102
905	42847	554	535	240	0	44176
906	492	44579	244	240	0	45555
907	502	593	186	43458	0	44739
908	212	538	193	43763	0	44706
909	208	215	193	43692	0	44308
910	178	261	43509	989	0	44937
911	221	203	582	41179	0	42185
912	188	42428	600	614	0	43830
913	204	41793	274	545	0	42816
914	231	869	40145	260	0	41505
915	37456	489	539	267	0	38751
916	39081	212	456	256	0	40005
917	806	38138	225	263	0	39432
918	33248	366	211	196	0	34021
919	32907	300	120	196	0	33523
920	628	34280	158	181	0	35247
921	422	420	152	34374	0	35368
922	217	402	35642	414	0	36675
923	204	168	34588	363	0	35323
924	34242	218	654	223	0	35337
925	431	35586	423	200	0	36640
926	387	434	126	35345	0	36292
927	196	385	104	35527	0	36212
928	181	165	112	35488	0	35946
929	34622	152	105	745	0	35624
930	501	146	142	34962	0	35751
931	456	153	118	34661	0	35388
932	182	195	33626	660	0	34663
933	30484	163	417	435	0	31499
934	445	33309	394	159	0	34307
935	32853	423	153	182	0	33611
936	427	32726	163	168	0	33484
937	392	426	150	31403	0	32371
938	32765	357	144	435	0	33701
939	32992	140	155	385	0	33672
940	621	191	32941	164	0	33917
941	33105	127	447	177	0	33856
942	455	163	34222	164	0	35004
943	401	167	32982	146	0	33696
944	193	171	33541	157	0	34062
945	151	170	35431	166	0	35918
946	176	157	771	35564	0	36668
947	149	187	36628	542	0	37506
948	176	134	548	35963	0	36821
949	36277	135	424	572	0	37408
950	540	142	191	36124	0	36997
951	35114	151	138	616	0	36019
952	524	35630	181	488	0	36823
953	450	573	151	35441	0	36615
954	203	458	34730	586	0	35977
955	166	36828	534	504	0	38032
956	187	830	409	35378	0	36804
957	158	417	35872	559	0	37006
958	112	34415	440	374	0	35341
959	90	34287	326	159	0	34862
960	176	687	33483	148	0	34494
961	149	615	472	31959	0	33195
962	89	99	32588	423	0	33199
963	30053	58	419	277	0	30807
964	31662	31	270	92	0	32055
965	552	31496	121	54	0	32223
966	31594	341	52	62	0	32049
967	392	258	51	31478	0	32179
968	268	103	31283	378	0	32032
969	29164	34	365	313	0	29876
970	383	64	31042	127	0	31616
971	255	30655	429	76	0	31415
972	31336	363	296	68	0	32063
973	383	258	84	31140	0	31865
974	268	112	31543	356	0	32279
975	30905	46	382	284	0	31617
976	31215	31	287	112	0	31645
977	31571	37	102	53	0	31763
978	646	41	51	30984	0	31722
979	327	52	54	31511	0	31944
980	82	89	31229	610	0	32010
981	61	31162	410	332	0	31965
982	84	368	276	30635	0	31363
983	90	262	102	31504	0	31958
984	66	127	31176	612	0	31981
985	75	82	31143	342	0	31642
986	75	42	636	30906	0	31659
987	30470	51	365	397	0	31283
988	374	30930	158	324	0	31786
989	30914	397	85	140	0	31536
990	426	30891	140	98	0	31555
991	303	446	30671	87	0	31507
992	128	315	31210	88	0	31741
993	30159	99	669	107	0	31034
994	33260	67	348	109	0	33784
995	712	33347	173	142	0	34374
996	440	472	32639	153	0	33704
997	204	331	511	32277	0	33323
998	143	152	399	31500	0	32194
999	134	32785	199	773	0	33891
1000	122	451	112	32991	0	33676
1001	130	398	33030	585	0	34143
1002	32091	175	537	401	0	33204
1003	33050	103	391	217	0	33761
1004	33190	89	193	146	0	33618
1005	33865	110	118	132	0	34225
1006	917	106	32853	131	0	34007
1007	32459	64	580	113	0	33216
1008	694	104	33229	100	0	34127
1009	484	32763	663	105	0	34015
1010	265	488	463	32890	0	34106
1011	33676	361	232	538	0	34807
1012	579	153	195	34895	0	35822
1013	482	112	35001	661	0	36256
1014	34520	103	659	457	0	35739
1015	35565	105	466	247	0	36383
1016	983	82	214	35244	0	36523
1017	575	98	154	35749	0	36576
1018	258	145	35255	986	0	36644
1019	199	35461	646	597	0	36903
1020	33925	580	472	240	0	35217
1021	637	438	33012	125	0	34212
1022	31681	147	548	177	0	32553
1023	705	32445	485	125	0	33760
1024	32109	550	229	87	0	32975
1025	710	31710	167	117	0	32704
1026	494	31889	155	129	0	32667
1027	311	852	164	31665	0	32992
1028	219	467	153	32346	0	33185
1029	221	193	148	32702	0	33264
1030	220	103	124	32812	0	33259
1031	161	146	31815	1009	0	33131
1032	30761	114	585	549	0	32009
1033	32222	94	408	290	0	33014
1034	32899	82	236	205	0	33422
1035	1046	70	173	32074	0	33363
1036	625	71	137	32473	0	33306
1037	32144	74	144	898	0	33260
1038	32246	110	121	531	0	33008
1039	32384	73	157	250	0	32864
1040	1033	155	141	30900	0	32229
1041	569	135	137	30390	0	31231
1042	309	120	29521	801	0	30751
1043	238	113	29153	461	0	29965
1044	218	28802	804	237	0	30061
1045	25764	690	759	330	0	27543
1046	25574	297	239	170	0	26280
1047	25589	123	105	174	0	25991
1048	662	108	25825	142	0	26737
1049	25331	72	387	167	0	25957
1050	26050	66	272	171	0	26559
1051	26347	70	146	144	0	26707
1052	727	57	109	25733	0	26626
1053	461	50	110	25765	0	26386
1054	302	50	96	25657	0	26105
1055	195	74	23424	628	0	24321
1056	21170	57	308	353	0	21888
1057	438	22833	243	168	0	23682
1058	21190	266	86	99	0	21641
1059	370	20962	91	108	0	21531
1060	273	21109	75	105	0	21562
1061	222	437	107	20742	0	21508
1062	162	258	97	20329	0	20846
1063	98	20482	99	432	0	21111
1064	20261	285	63	260	0	20869
1065	20353	204	46	143	0	20746
1066	477	109	65	20045	0	20696
1067	320	71	20123	322	0	20836
1068	186	71	19857	249	0	20363
1069	167	63	20603	141	0	20974
1070	177	44	20478	111	0	20810
1071	19107	103	522	108	0	19840
1072	19416	36	225	90	0	19767
1073	483	30	101	18950	0	19564
1074	287	56	18783	325	0	19451
1075	191	33	274	18607	0	19105
1076	109	19080	235	308	0	19732
1077	140	20741	128	211	0	21220
1078	20955	399	63	141	0	21558
1079	21053	229	45	98	0	21425
1080	21235	105	56	127	0	21523
1081	474	68	60	20904	0	21506
1082	278	74	52	21331	0	21735
1083	193	62	52	21466	0	21773
1084	177	62	35	21493	0	21767
1085	170	68	21146	462	0	21846
1086	142	37	253	21276	0	21708
1087	21917	26	172	391	0	22506
1088	320	28	128	22187	0	22663
1089	240	31	84	22397	0	22752
1090	168	153	89	22006	0	22416
1091	122	21630	106	469	0	22327
1092	137	21478	85	257	0	21957
1093	124	21494	69	133	0	21820
1094	93	267	60	19413	0	19833
1095	74	112	46	19649	0	19881
1096	19488	31	34	294	0	19847
1097	19614	31	29	142	0	19816
1098	19803	33	23	74	0	19933
1099	295	33	33	19566	0	19927
1100	143	34	29	19447	0	19653
1101	73	19485	49	273	0	19880
1102	91	19962	48	127	0	20228
1103	19747	232	31	60	0	20070
1104	243	92	18	19571	0	19924
1105	19590	20	31	233	0	19874
1106	19990	10	37	150	0	20187
1107	276	13	43	19537	0	19869
1108	118	20620	55	198	0	20991
1109	20861	165	22	140	0	21188
1110	21270	90	15	92	0	21467
1111	267	44	21614	79	0	22004
1112	20087	15	106	41	0	20249
1113	120	20563	72	29	0	20784
1114	77	105	17	21004	0	21203
1115	22971	55	21	175	0	23222
1116	132	22	14	23034	0	23202
1117	89	20	9	23149	0	23267
1118	30	23300	24	179	0	23533
1119	22901	112	9	119	0	23141
1120	23080	81	12	41	0	23214
1121	180	23235	26	31	0	23472
1122	84	24045	24	31	0	24184
1123	23880	155	26	59	0	24120
1124	23691	83	6	39	0	23819
1125	168	49	23551	28	0	23796
1126	102	40	23063	37	0	23242
1127	43	50	24068	28	0	24189
1128	23	17	166	23843	0	24049
1129	27	19	77	24375	0	24498
1130	32	39	24370	177	0	24618
1131	23434	17	99	118	0	23668
1132	25047	14	67	62	0	25190
1133	25172	13	22	53	0	25260
1134	24838	18	12	46	0	24914
1135	192	53	27015	28	0	27288
1136	26949	19	94	81	0	27143
1137	28052	18	126	66	0	28262
1138	28154	13	33	65	0	28265
1139	28368	16	9	49	0	28442
1140	28158	19	19	74	0	28270
1141	191	54	28711	62	0	29018
1142	121	28817	122	50	0	29110
1143	62	108	72	28885	0	29127
1144	61	84	25	29396	0	29566
1145	39	76	29248	195	0	29558
1146	27045	27	101	129	0	27302
1147	126	25	70	28836	0	29057
1148	116	73	28934	124	0	29247
1149	69	62	28369	116	0	28616
1150	49	29759	190	86	0	30084
1151	63	116	92	30183	0	30454
1152	64	78	27	30470	0	30639
1153	62	40	25	30401	0	30528
1154	30477	23	22	226	0	30748
1155	143	21	17	30551	0	30732
1156	120	69	30480	140	0	30809
1157	76	67	29400	114	0	29657
1158	63	82	32035	60	0	32240
1159	64	41	210	32199	0	32514
1160	32846	23	106	169	0	33144
1161	161	83	33216	107	0	33567
1162	32408	30	121	84	0	32643
1163	36629	35	100	157	0	36921
1164	241	29	43	37549	0	37862
1165	155	35	30	37894	0	38114
1166	71	38323	65	231	0	38690
1167	85	190	38056	149	0	38480
1168	36552	108	150	95	0	36905
1169	177	42	111	39248	0	39578
1170	123	39331	97	199	0	39750
1171	86	148	37	39837	0	40108
1172	67	188	39731	199	0	40185
1173	68	69	153	38970	0	39260
1174	55	39541	158	191	0	39945
1175	73	137	37	39367	0	39614
1176	39091	101	34	219	0	39445
1177	173	54	45	38345	0	38617
1178	149	37835	77	177	0	38238
1179	66	38395	68	163	0	38692
1180	36717	220	48	122	0	37107
1181	181	162	38408	54	0	38805
1182	138	51	167	38028	0	38384
1183	94	26	117	39189	0	39426
1184	58	75	39728	259	0	40120
1185	42	40005	183	203	0	40433
1186	63	207	39988	84	0	40342
1187	65	211	158	38560	0	38994
1188	40	40314	151	152	0	40657
1189	40822	124	58	161	0	41165
1190	137	41016	92	95	0	41340
1191	154	41509	65	74	0	41802
1192	41785	193	73	81	0	42132
1193	42465	114	59	148	0	42786
1194	43428	39	40	111	0	43618
1195	235	24	28	43764	0	44051
1196	129	93	44079	172	0	44473
1197	42714	29	137	207	0	43087
1198	46532	23	110	96	0	46761
1199	316	26	36	47838	0	48216
1200	175	100	47965	246	0	48486
1201	52	47840	248	173	0	48313
1202	47616	190	145	105	0	48056
1203	48775	146	57	130	0	49108
1204	315	50002	89	63	0	50469
1205	179	51179	78	63	0	51499
1206	51089	319	35	114	0	51557
1207	50924	169	28	92	0	51213
1208	50415	53	33	79	0	50580
1209	388	40	26	50049	0	50503
1210	201	137	50654	240	0	51232
1211	79	33	202	49633	0	49947
1212	76	116	50294	256	0	50742
1213	54	49582	264	197	0	50097
1214	46	49978	196	98	0	50318
1215	130	299	76	46830	0	47335
1216	64	133	36	48133	0	48366
1217	58	50	31	47251	0	47390
1218	34	48171	78	333	0	48616
1219	47595	189	37	223	0	48044
1220	46830	148	26	109	0	47113
1221	298	48421	61	67	0	48847
1222	170	201	17	47121	0	47509
1223	66	47843	86	184	0	48179
1224	97	234	19	47307	0	47657
1225	67	48076	63	196	0	48402
1226	47957	199	31	225	0	48412
1227	217	161	31	47605	0	48014
1228	162	133	47392	225	0	47912
1229	45467	52	204	222	0	45945
1230	46951	31	144	122	0	47248
1231	330	124	46964	77	0	47495
1232	198	68	191	46645	0	47102
1233	79	127	47760	225	0	48191
1234	78	59	205	47619	0	47961
1235	74	126	46053	250	0	46503
1236	43125	66	221	220	0	43632
1237	245	72	147	44814	0	45278
1238	174	45799	87	229	0	46289
1239	46660	227	46	221	0	47154
1240	283	202	28	47410	0	47923
1241	229	86	25	47264	0	47604
1242	108	166	46948	438	0	47660
1243	97	59	243	49207	0	49606
1244	103	127	51162	377	0	51769
1245	104	122	52930	315	0	53471
1246	112	54	614	53925	0	54705
1247	105	125	58518	414	0	59162
1248	57196	75	552	425	0	58248
1249	66710	66	414	152	0	67342
1250	66864	114	103	127	0	67208
1251	1338	73164	138	125	0	74765
1252	744	947	69	73260	0	75020
1253	254	835	72	65580	0	66741
1254	149	75019	150	1375	0	76693
1255	74514	940	86	700	0	76240
1256	998	747	59	73438	0	75242
1257	801	219	76047	985	0	78052
1258	231	174	73485	836	0	74726
1259	112	73227	1743	249	0	75331
1260	73407	954	847	195	0	75403
1261	1019	864	73760	215	0	75858
1262	67477	165	1073	212	0	68927
1263	1016	67051	911	205	0	69183
1264	788	971	69899	164	0	71822
1265	252	813	68822	144	0	70031
1266	159	262	71263	119	0	71803
1267	158	68339	1811	174	0	70482
1268	231	1059	69488	129	0	70907
1269	66567	753	1080	228	0	68628
1270	1037	226	814	66082	0	68159
1271	837	121	192	69542	0	70692
1272	290	123	126	70365	0	70904
1273	240	117	123	70753	0	71233
1274	183	186	69323	2007	0	71699
1275	228	122	1006	68987	0	70343
1276	209	92	823	69240	0	70364
1277	68724	114	230	1777	0	70845
1278	70014	109	205	956	0	71284
1279	67019	106	226	340	0	67691
1280	1690	219	69153	267	0	71329
1281	916	70064	1125	257	0	72362
1282	254	72110	959	223	0	73546
1283	66312	1767	293	232	0	68604
1284	1054	70616	282	225	0	72177
1285	937	1156	217	69005	0	71315
1286	328	930	194	70493	0	71945
1287	246	371	69904	1838	0	72359
1288	215	68555	1237	1099	0	71106
1289	218	1185	68911	327	0	70641
1290	66440	898	1263	304	0	68905
1291	69175	243	1001	285	0	70704
1292	1906	166	333	68377	0	70782
1293	1072	150	280	67891	0	69393
1294	366	148	285	68244	0	69043
1295	360	168	247	68695	0	69470
1296	291	256	67557	2013	0	70117
1297	321	244	1171	66440	0	68176
1298	265	215	67124	1312	0	68916
1299	267	215	65269	1079	0	66830
1300	206	64829	2032	447	0	67514
1301	64700	1074	1116	365	0	67255
1302	1106	66943	436	360	0	68845
1303	1067	1265	306	62840	0	65478
1304	340	1049	67324	1219	0	69932
1305	64103	237	1315	1101	0	66756
1306	1282	304	67135	411	0	69132
1307	66706	223	1427	351	0	68707
1308	67455	195	1159	346	0	69155
1309	2189	199	408	68411	0	71207
1310	1276	240	353	68057	0	69926
1311	490	220	346	68949	0	70005
1312	425	302	66709	2352	0	69788
1313	64372	228	1379	1356	0	67335
1314	1401	65894	1315	516	0	69126
1315	1381	1269	417	63879	0	66946
1316	66498	1117	352	1481	0	69448
1317	67497	395	378	1278	0	69548
1318	68227	342	323	571	0	69463
1319	2520	439	65676	525	0	69160
1320	66821	353	1442	569	0	69185
1321	67190	415	1290	594	0	69489
1322	2405	385	61871	642	0	65303
1323	1411	451	68231	513	0	70606
1324	655	372	2460	66776	0	70263
1325	555	335	69202	1567	0	71659
1326	454	66433	1915	1378	0	70180
1327	474	68851	1735	437	0	71497
1328	66709	2305	739	402	0	70155
1329	1539	69069	673	434	0	71715
1330	1468	1507	616	68165	0	71756
1331	65994	1254	614	1592	0	69454
1332	1463	68567	687	1433	0	72150
1333	1360	1490	571	68156	0	71577
1334	542	1211	614	69317	0	71684
1335	442	456	67804	2665	0	71367
1336	516	345	1601	68130	0	70592
1337	496	428	68272	1917	0	71113
1338	532	273	67485	1646	0	69936
1339	617	226	2318	65120	0	68281
1340	529	224	1318	66222	0	68293
1341	65008	180	484	2705	0	68377
1342	1562	68462	534	1717	0	72275
1343	1357	1353	383	65678	0	68771
1344	673	1704	373	65418	0	68168
1345	61873	334	327	2538	0	65072
1346	1559	60328	383	1498	0	63768
1347	1274	56892	374	490	0	59030
1348	461	54235	382	337	0	55415
1349	238	47824	314	256	0	48632
1350	40621	1258	1262	199	0	43340
1351	39574	630	327	166	0	40697
1352	38549	170	154	168	0	39041
1353	38546	112	100	154	0	38912
1354	1251	111	100	37326	0	38788
1355	666	140	36897	685	0	38388
1356	223	36607	693	631	0	38154
1357	200	649	558	35682	0	37089
1358	168	574	35906	716	0	37364
1359	207	188	654	35643	0	36692
1360	173	123	559	35722	0	36577
1361	157	140	35567	1158	0	37022
1362	161	124	651	35557	0	36493
1363	194	136	585	34803	0	35718
1364	35728	97	157	1185	0	37167
1365	35409	110	154	703	0	36376
1366	35542	110	125	282	0	36059
1367	35562	115	115	229	0	36021
1368	1259	106	133	34327	0	35825
1369	741	125	119	34844	0	35829
1370	319	129	130	35162	0	35740
1371	34144	122	123	1238	0	35627
1372	778	156	131	34704	0	35769
1373	693	139	113	34638	0	35583
1374	286	183	33501	1199	0	35169
1375	280	256	663	32369	0	33568
1376	240	32634	594	783	0	34251
1377	235	33820	172	676	0	34903
1378	32273	1066	139	269	0	33747
1379	771	590	32253	262	0	33876
1380	601	31081	637	227	0	32546
1381	30516	613	608	204	0	31941
1382	719	532	179	30518	0	31948
1383	562	185	30548	762	0	32057
1384	270	238	619	29140	0	30267
1385	174	31367	556	723	0	32820
1386	31019	596	194	628	0	32437
1387	650	31959	205	346	0	33160
1388	31886	648	142	268	0	32944
1389	32145	524	139	265	0	33073
1390	1128	158	112	31716	0	33114
1391	666	153	113	30745	0	31677
1392	267	31480	155	1103	0	33005
1393	31598	634	104	660	0	32996
1394	735	560	31269	292	0	32856
1395	30212	213	563	269	0	31257
1396	29719	147	440	270	0	30576
1397	1042	130	28721	275	0	30168
1398	553	297	539	27138	0	28527
1399	27530	104	434	695	0	28763
1400	627	129	27377	560	0	28693
1401	483	135	26538	242	0	27398
1402	24452	121	842	218	0	25633
1403	532	24708	452	216	0	25908
1404	409	23272	156	165	0	24002
1405	328	738	160	22525	0	23751
1406	168	389	22688	487	0	23732
1407	20992	149	460	392	0	21993
1408	472	132	22202	171	0	22977
1409	310	20552	386	144	0	21392
1410	20422	403	324	145	0	21294
1411	457	307	88	20320	0	21172
1412	20540	103	80	435	0	21158
1413	480	109	20268	348	0	21205
1414	381	110	381	19574	0	20446
1415	165	20471	291	402	0	21329
1416	160	415	113	20210	0	20898
1417	159	320	84	20638	0	21201
1418	217	129	20544	596	0	21486
1419	181	20024	419	357	0	20981
1420	175	20062	305	205	0	20747
1421	192	521	19313	133	0	20159
1422	18056	258	380	170	0	18864
1423	18748	94	291	134	0	19267
1424	629	111	119	18254	0	19113
1425	17726	76	121	374	0	18297
1426	415	17154	137	287	0	17993
1427	301	17871	121	155	0	18448
1428	17926	493	114	146	0	18679
1429	485	331	104	17798	0	18718
1430	18314	85	95	424	0	18918
1431	18604	65	75	300	0	19044
1432	586	104	75	17766	0	18531
1433	338	98	17767	378	0	18581
1434	17334	87	359	270	0	18050
1435	17779	64	247	132	0	18222
1436	592	90	102	17207	0	17991
1437	318	17429	129	376	0	18252
1438	147	424	90	17508	0	18169
1439	139	266	17350	396	0	18151
1440	149	86	17106	285	0	17626
1441	128	16867	532	158	0	17685
1442	313	219	228	12573	0	13333
1443	57	109	64	12804	0	13034
1444	62	55	12761	223	0	13101
1445	12175	45	165	112	0	12497
1446	13030	38	112	54	0	13234
1447	13102	24	43	53	0	13222
1448	12995	43	32	58	0	13128
1449	258	12737	46	50	0	13091
1450	139	13084	47	59	0	13329
1451	13313	234	36	55	0	13638
1452	209	115	41	13658	0	14023
1453	166	52	28	13731	0	13977
1454	66	13941	50	256	0	14313
1455	73	172	30	14081	0	14356
1456	71	128	29	13781	0	14009
1457	61	13842	54	274	0	14231
1458	61	185	13780	162	0	14188
1459	70	138	177	13755	0	14140
1460	13849	70	115	178	0	14212
1461	13738	41	44	155	0	13978
1462	279	47	13565	70	0	13961
1463	169	42	13428	58	0	13697
1464	92	42	13472	54	0	13660
1465	79	52	258	13106	0	13495
1466	76	42	13282	178	0	13578
1467	92	45	13228	126	0	13491
1468	102	170	246	12506	0	13024
1469	76	13426	143	186	0	13831
1470	88	167	13567	144	0	13966
1471	46	13894	166	82	0	14188
1472	13605	176	132	59	0	13972
1473	169	13751	68	67	0	14055
1474	147	176	36	13511	0	13870
1475	13624	129	48	185	0	13986
1476	171	58	36	13682	0	13947
1477	152	46	47	13750	0	13995
1478	75	43	13908	263	0	14289
1479	80	13486	168	146	0	13880
1480	77	13783	137	67	0	14064
1481	83	250	52	13198	0	13583
1482	55	124	41	13254	0	13474
1483	57	41	51	13048	0	13197
1484	61	40	12714	236	0	13051
1485	33	45	12007	122	0	12207
1486	10828	29	204	71	0	11132
1487	121	42	11801	52	0	12016
1488	100	31	11848	53	0	12032
1489	42	11706	213	59	0	12020
1490	42	177	138	11633	0	11990
1491	54	102	11863	142	0	12161
1492	52	35	141	11566	0	11794
1493	51	35	12039	155	0	12280
1494	43	32	157	11989	0	12221
1495	41	29	12578	171	0	12819
1496	45	31	156	12402	0	12634
1497	37	26	116	12215	0	12394
1498	30	12733	58	232	0	13053
1499	33	143	41	12628	0	12845
1500	29	12959	63	149	0	13200
1501	35	135	37	13039	0	13246
1502	29	117	36	13092	0	13274
1503	12758	38	46	242	0	13084
1504	147	41	39	12774	0	13001
1505	110	56	12625	172	0	12963
1506	48	31	155	12637	0	12871
1507	41	30	116	12719	0	12906
1508	38	48	12535	243	0	12864
1509	37	38	12440	153	0	12668
1510	34	39	232	12141	0	12446
1511	41	40	130	12508	0	12719
1512	37	50	12524	252	0	12863
1513	23	12137	174	166	0	12500
1514	33	12532	141	90	0	12796
1515	12293	230	56	82	0	12661
1516	148	117	71	12481	0	12817
1517	12715	42	61	197	0	13015
1518	12350	33	67	152	0	12602
1519	201	12576	79	91	0	12947
1520	12726	143	71	65	0	13005
1521	12708	117	58	76	0	12959
1522	215	48	12667	89	0	13019
1523	106	52	174	12575	0	12907
1524	40	52	12962	184	0	13238
1525	38	56	173	12945	0	13212
1526	30	38	13075	186	0	13329
1527	23	12350	170	154	0	12697
1528	28	12451	134	74	0	12687
1529	87	222	65	11973	0	12347
1530	11893	96	46	152	0	12187
1531	106	31	44	11971	0	12152
1532	84	23	45	11954	0	12106
1533	21	37	11997	204	0	12259
1534	22	39	11950	136	0	12147
1535	21	44	12169	75	0	12309
1536	28	31	190	11872	0	12121
1537	31	34	128	11497	0	11690
1538	24	11967	61	230	0	12282
1539	24	12362	62	131	0	12579
1540	12068	189	49	75	0	12381
1541	106	12220	70	92	0	12488
1542	96	160	12042	82	0	12380
1543	40	89	145	11918	0	12192
1544	21	44	12515	181	0	12761
1545	20	12562	157	137	0	12876
1546	36	134	111	12613	0	12894
1547	12174	78	66	162	0	12480
1548	110	62	12549	134	0	12855
1549	82	12705	146	83	0	13016
1550	41	112	12679	64	0	12896
1551	31	12514	129	74	0	12748
1552	91	178	146	11695	0	12110
1553	11839	87	57	131	0	12114
1554	11640	35	46	109	0	11830
1555	142	11695	51	66	0	11954
1556	11836	88	49	68	0	12041
1557	108	72	38	11834	0	12052
1558	11852	36	50	138	0	12076
1559	112	52	12132	112	0	12408
1560	80	48	12224	80	0	12432
1561	55	33	172	11751	0	12011
1562	40	26	104	12601	0	12771
1563	35	54	12523	184	0	12796
1564	30	41	118	12562	0	12751
1565	12626	32	102	150	0	12910
1566	12587	31	46	117	0	12781
1567	170	12298	54	78	0	12600
1568	101	12255	55	55	0	12466
1569	11916	157	34	69	0	12176
1570	121	90	50	11720	0	11981
1571	11631	35	47	127	0	11840
1572	113	11627	60	95	0	11895
1573	11651	105	46	69	0	11871
1574	112	83	11531	53	0	11779
1575	80	44	11520	58	0	11702
1576	30	62	175	11482	0	11749
1577	41	49	11819	128	0	12037
1578	38	40	119	11435	0	11632
1579	37	29	81	11447	0	11594
1580	35	53	12121	155	0	12364
1581	36	35	116	12157	0	12344
1582	37	32	76	12854	0	12999
1583	38	33	13216	195	0	13482
1584	35	33	13192	92	0	13352
1585	12718	32	194	59	0	13003
1586	141	29	13642	45	0	13857
1587	13881	33	194	41	0	14149
1588	14891	16	109	28	0	15044
1589	224	37	15218	30	0	15509
1590	113	31	15552	34	0	15730
1591	58	95	250	14919	0	15322
1592	41	26	116	14409	0	14592
1593	24	15208	41	221	0	15494
1594	31	15529	40	147	0	15747
1595	25	243	15203	38	0	15509
1596	14446	96	172	40	0	14754
1597	15116	22	115	48	0	15301
1598	237	18	14925	33	0	15213
1599	116	37	15018	38	0	15209
1600	45	13	244	14391	0	14693
1601	38	15097	132	152	0	15419
1602	38	154	41	15257	0	15490
1603	42	93	37	15485	0	15657
1604	15398	22	39	240	0	15699
1605	15423	17	30	133	0	15603
1606	258	18	23	15749	0	16048
1607	121	27	15899	166	0	16213
1608	14942	14	174	126	0	15256
1609	166	16115	120	57	0	16458
1610	16312	147	42	42	0	16543
1611	15789	93	38	53	0	15973
1612	230	16185	50	43	0	16508
1613	106	16468	54	38	0	16666
1614	53	249	31	16322	0	16655
1615	32	118	34	16301	0	16485
1616	34	16352	37	260	0	16683
1617	42	163	25	16306	0	16536
1618	41	96	41	16402	0	16580
1619	33	44	16279	266	0	16622
1620	15749	23	175	141	0	16088
1621	16425	22	123	55	0	16625
1622	16578	24	42	41	0	16685
1623	288	21	33	16200	0	16542
1624	16027	19	31	179	0	16256
1625	193	15831	42	128	0	16194
1626	152	189	37	14621	0	14999
1627	56	15525	59	151	0	15791
1628	40	15959	50	117	0	16166
1629	15980	235	60	67	0	16342
1630	15994	109	46	47	0	16196
1631	15876	32	42	51	0	16001
1632	15845	31	41	38	0	15955
1633	15753	30	35	40	0	15858
1634	279	48	15751	34	0	16112
1635	15429	35	169	46	0	15679
1636	210	48	16137	42	0	16437
1637	15537	21	181	61	0	15800
1638	15899	18	131	49	0	16097
1639	15708	28	60	55	0	15851
1640	280	36	16230	53	0	16599
1641	158	57	184	15303	0	15702
1642	71	16652	144	139	0	17006
1643	16927	164	54	109	0	17254
1644	16652	110	62	51	0	16875
1645	270	16839	73	52	0	17234
1646	17070	164	43	60	0	17337
1647	215	102	54	16417	0	16788
1648	129	17076	61	160	0	17426
1649	16895	160	33	129	0	17217
1650	16937	112	50	54	0	17153
1651	287	53	55	16843	0	17238
1652	17075	36	44	194	0	17349
1653	220	34	55	17171	0	17480
1654	170	28	50	17262	0	17510
1655	102	65	17180	264	0	17611
1656	95	42	185	16939	0	17261
1657	82	37	137	17187	0	17443
1658	96	51	17120	258	0	17525
1659	71	46	16962	135	0	17214
1660	88	51	229	16761	0	17129
1661	61	62	17006	181	0	17310
1662	15565	38	176	139	0	15918
1663	182	17122	118	66	0	17488
1664	136	166	35	17130	0	17467
1665	75	106	29	17520	0	17730
1666	69	38	28	17543	0	17678
1667	17463	26	26	258	0	17773
1668	17439	36	29	135	0	17639
1669	17732	22	27	67	0	17848
1670	268	17632	39	63	0	18002
1671	145	166	16	17721	0	18048
1672	103	85	9	17899	0	18096
1673	17742	53	9	245	0	18049
1674	17782	47	15	120	0	17964
1675	276	45	9	17689	0	18019
1676	126	68	17685	163	0	18042
1677	17150	40	139	134	0	17463
1678	17822	32	79	66	0	17999
1679	266	50	17925	46	0	18287
1680	16403	32	136	53	0	16624
1681	198	25	17619	50	0	17892
1682	16914	17	142	48	0	17121
1683	192	245	83	17222	0	17742
1684	126	18232	54	134	0	18546
1685	94	126	18655	100	0	18975
1686	61	18799	154	51	0	19065
1687	44	17729	88	38	0	17899
1688	17517	187	131	111	0	17946
1689	121	74	37	17275	0	17507
1690	46	8	9	17064	0	17127
1691	17678	4	6	130	0	17818
1692	80	10	9	17877	0	17976
1693	54	9	3	17886	0	17952
1694	17	11	6	17836	0	17870
1695	15	7	3	17718	0	17743
1696	15	32	17688	110	0	17845
1697	18	22	17428	51	0	17519
1698	19	17562	106	17	0	17704
1699	17751	67	37	25	0	17880
1700	81	48	5	17957	0	18091
1701	48	17795	25	89	0	17957
1702	17	85	8	18796	0	18906
1703	20	37	11	18946	0	19014
1704	20	7	8	19051	0	19086
1705	21	8	6	19248	0	19283
1706	20	8	9	19027	0	19064
1707	14	18824	24	114	0	18976
1708	24	68	8	18970	0	19070
1709	14	71	18624	89	0	18798
1710	14	18741	80	78	0	18913
1711	19	65	43	18841	0	18968
1712	22	43	8	18790	0	18863
1713	17	18545	24	114	0	18700
1714	16	18857	23	56	0	18952
1715	18490	101	6	39	0	18636
1716	65	18612	20	24	0	18721
1717	18299	68	9	37	0	18413
1718	18210	35	10	34	0	18289
1719	105	38	19134	20	0	19297
1720	50	13	66	18391	0	18520
1721	15	40	19577	87	0	19719
1722	13	20317	88	72	0	20490
1723	23	116	46	19455	0	19640
1724	17	45	9	20580	0	20651
1725	21	15	7	20796	0	20839
1726	18	8	14	20952	0	20992
1727	25	33	21290	137	0	21485
1728	13	8	84	21070	0	21175
1729	12	51	21441	90	0	21594
1730	20	41	21336	63	0	21460
1731	19846	16	127	71	0	20060
1732	21869	17	55	43	0	21984
1733	22148	10	10	41	0	22209
1734	128	21749	27	40	0	21944
1735	67	85	6	21873	0	22031
1736	30	87	22490	100	0	22707
1737	28	18	87	22267	0	22400
1738	26	41	23343	98	0	23508
1739	22485	10	94	100	0	22689
1740	22993	10	59	49	0	23111
1741	22979	6	15	28	0	23028
1742	147	40	22613	25	0	22825
1743	73	41	22564	29	0	22707
1744	32	40	134	22654	0	22860
1745	21	19	59	22906	0	23005
1746	24	8	7	23369	0	23408
1747	16	37	23353	144	0	23550
1748	20	31	22294	66	0	22411
1749	22296	8	132	53	0	22489
1750	88	12	60	23718	0	23878
1751	63	6	16	23921	0	24006
1752	24266	8	13	163	0	24450
1753	88	5	12	24147	0	24252
1754	25666	9	16	152	0	25843
1755	26386	10	17	112	0	26525
1756	26302	8	14	74	0	26398
1757	140	57	26913	40	0	27150
1758	64	26826	109	67	0	27066
1759	27829	82	62	73	0	28046
1760	101	54	16	27857	0	28028
1761	84	11	6	27646	0	27747
1762	18	28123	38	144	0	28323
1763	27986	82	18	98	0	28184
1764	27898	63	19	58	0	28038
1765	28253	12	10	55	0	28330
1766	160	28472	58	24	0	28714
1767	29844	85	17	80	0	30026
1768	29981	66	13	60	0	30120
1769	30137	12	15	51	0	30215
1770	168	9	18	29599	0	29794
1771	77	22	11	29916	0	30026
1772	30	61	30843	178	0	31112
1773	43	14	92	30181	0	30330
1774	34	12	67	30862	0	30975
1775	28	61	30754	159	0	31002
1776	28918	14	101	107	0	29140
1777	30887	11	59	42	0	30999
1778	161	22	17	30545	0	30745
1779	74	30312	39	103	0	30528
1780	42	30654	52	77	0	30825
1781	38	203	39	30203	0	30483
1782	43	118	29582	108	0	29851
1783	52	84	87	28612	0	28835
1784	40	38	28857	94	0	29029
1785	27	58	29190	58	0	29333
1786	35	11	75	29574	0	29695
1787	29882	8	50	100	0	30040
1788	29376	9	16	94	0	29495
1789	108	17	11	30258	0	30394
1790	70	12	13	30638	0	30733
1791	32	11	15	30434	0	30492
1792	34	15	9	30394	0	30452
1793	30350	9	19	134	0	30512
1794	30177	13	20	84	0	30294
1795	30214	10	15	57	0	30296
1796	103	60	30162	40	0	30365
1797	83	17	52	30027	0	30179
1798	44	14	41	30736	0	30835
1799	30590	4	17	127	0	30738
1800	65	30497	58	61	0	30681
1801	30489	56	5	55	0	30605
1802	30330	43	13	55	0	30441
1803	30193	11	17	59	0	30280
1804	30065	13	12	59	0	30149
1805	123	69	30995	23	0	31210
1806	82	67	29365	19	0	29533
1807	32029	19	124	62	0	32234
1808	32971	7	49	62	0	33089
1809	32945	7	26	63	0	33041
1810	33590	10	18	66	0	33684
1811	145	68	35901	58	0	36172
1812	99	37601	177	53	0	37930
1813	112	161	97	39595	0	39965
1814	42584	132	26	311	0	43053
1815	43589	30	14	216	0	43849
1816	46066	14	13	108	0	46201
1817	46804	6	20	78	0	46908
1818	47258	13	22	64	0	47357
1819	45578	12	50	58	0	45698
1820	587	80	42160	68	0	42895
1821	267	92	44187	22	0	44568
1822	103	81	431	43482	0	44097
1823	84	90	44532	312	0	45018
1824	57	43864	351	232	0	44504
1825	61	45126	255	82	0	45524
1826	129	506	58	45614	0	46307
1827	68	306	47753	297	0	48424
1828	70	129	46022	225	0	46446
1829	45693	44	527	109	0	46373
1830	51484	29	261	87	0	51861
1831	679	31	70	52095	0	52875
1832	52932	20	60	520	0	53532
1833	567	21	39	52851	0	53478
1834	387	21	49	53116	0	53573
1835	109	108	53484	816	0	54517
1836	95	126	52252	394	0	52867
1837	92	28	799	52237	0	53156
1838	110	103	52621	543	0	53377
1839	49005	22	540	452	0	50019
1840	53014	27	362	154	0	53557
1841	848	54698	143	113	0	55802
1842	55285	500	62	122	0	55969
1843	658	421	54654	68	0	55801
1844	53842	70	549	92	0	54553
1845	55367	30	393	110	0	55900
1846	56139	16	109	109	0	56373
1847	1016	34	85	53995	0	55130
1848	484	55434	145	546	0	56609
1849	56013	519	86	395	0	57013
1850	56170	373	80	161	0	56784
1851	1034	84	83	56673	0	57874
1852	56835	48	79	692	0	57654
1853	717	57765	145	525	0	59152
1854	546	605	72	56988	0	58211
1855	209	521	56546	692	0	57968
1856	48966	102	714	633	0	50415
1857	763	142	56582	181	0	57668
1858	579	127	743	55657	0	57106
1859	228	56382	552	713	0	57875
1860	213	60459	228	503	0	61403
1861	286	1190	130	59687	0	61293
1862	235	62012	197	857	0	63301
1863	281	1091	150	78013	0	79535
1864	257	634	155	81336	0	82382
1865	267	198	146	82742	0	83353
1866	78794	117	133	2325	0	81369
1867	1611	113	115	80604	0	82443
1868	1057	236	79034	1672	0	81999
1869	447	79248	1476	1055	0	82226
1870	79048	1399	827	404	0	81678
1871	1692	849	196	79475	0	82212
1872	1142	235	142	80605	0	82124
1873	441	170	172	81943	0	82726
1874	410	269	79437	2417	0	82533
1875	301	79572	1574	1214	0	82661
1876	79641	1453	934	503	0	82531
1877	1648	956	275	74143	0	77022
1878	990	80350	330	1571	0	83241
1879	79929	1541	233	1094	0	82797
1880	1604	1053	79889	416	0	82962
1881	78803	357	1571	445	0	81176
1882	1795	340	81578	367	0	84080
1883	1146	349	81348	421	0	83264
1884	459	80351	2391	635	0	83836
1885	462	1552	1067	77764	0	80845
1886	438	1033	78922	1741	0	82134
1887	346	76879	1771	1241	0	80237
1888	398	1567	1101	73708	0	76774
1889	303	77071	504	1694	0	79572
1890	334	1774	76417	1155	0	79680
1891	370	1055	1610	75692	0	78727
1892	366	482	77581	1845	0	80274
1893	348	357	1710	76429	0	78844
1894	406	285	1094	77941	0	79726
1895	350	410	76619	2628	0	80007
1896	416	291	1723	76666	0	79096
1897	74380	301	1115	2007	0	77803
1898	1649	75681	578	1543	0	79451
1899	1151	1662	75461	821	0	79095
1900	73665	1056	1716	755	0	77192
1901	1918	446	1151	71878	0	75393
1902	1231	75477	585	1845	0	79138
1903	76265	1665	482	1328	0	79740
1904	77579	1202	456	634	0	79871
1905	2592	544	396	74083	0	77615
1906	1363	447	375	75397	0	77582
1907	583	406	376	75945	0	77310
1908	531	416	388	74298	0	75633
1909	454	73071	497	3015	0	77037
1910	674	2827	495	67586	0	71582
1911	455	69352	440	2057	0	72304
1912	452	68081	534	1564	0	70631
1913	358	67400	529	975	0	69262
1914	576	2416	62311	852	0	66155
1915	439	64069	1732	851	0	67091
1916	59624	1766	1384	990	0	63764
1917	1556	60408	633	1050	0	63647
1918	1127	1609	540	54193	0	57469
1919	620	60361	669	1941	0	63591
1920	580	1791	521	59875	0	62767
1921	643	1215	606	61322	0	63786
1922	575	813	59774	2570	0	63732
1923	56593	725	1622	1615	0	60555
1924	59868	670	1069	1070	0	62677
1925	58872	607	682	1055	0	61216
1926	2251	57700	731	1202	0	61884
1927	1207	1604	691	55750	0	59252
1928	700	1167	55294	2084	0	59245
1929	606	54788	1744	1570	0	58708
1930	788	1814	1084	44033	0	47719
1931	563	50892	729	1485	0	53669
1932	50304	1570	612	1147	0	53633
1933	51003	1158	614	757	0	53532
1934	51573	691	693	634	0	53591
1935	51102	593	791	595	0	53081
1936	2112	535	748	49196	0	52591
1937	1114	650	732	48208	0	50704
1938	598	49326	745	2100	0	52769
1939	653	1493	591	49894	0	52631
1940	467	1167	48585	1894	0	52113
1941	437	691	1413	47751	0	50292
1942	359	720	47201	1931	0	50211
1943	334	46103	1536	1477	0	49450
1944	360	1543	46782	963	0	49648
1945	426	1098	1632	46093	0	49249
1946	411	625	46930	1841	0	49807
1947	446	612	1515	46234	0	48807
1948	505	572	1106	46419	0	48602
1949	629	559	608	46589	0	48385
1950	651	538	581	46134	0	47904
1951	44059	561	440	2160	0	47220
1952	1388	44240	561	1337	0	47526
1953	43193	1390	359	928	0	45870
1954	1373	1065	42135	901	0	45474
1955	41373	679	1138	803	0	43993
1956	42548	558	682	832	0	44620
1957	2066	599	41148	783	0	44596
1958	1410	568	39842	705	0	42525
1959	770	38937	1424	876	0	42007
1960	551	36772	741	766	0	38830
1961	850	1429	33935	842	0	37056
1962	475	30597	932	898	0	32902
1963	844	841	622	15644	0	17951
1964	14611	167	211	256	0	15245
1965	188	76	37	14587	0	14888
1966	14686	53	43	212	0	14994
1967	14624	75	42	142	0	14883
1968	221	14952	53	87	0	15313
1969	14915	137	40	86	0	15178
1970	14896	114	42	90	0	15142
1971	203	86	25	14692	0	15006
1972	14774	43	39	194	0	15050
1973	152	15044	40	151	0	15387
1974	114	146	19	15026	0	15305
1975	15116	98	23	167	0	15404
1976	148	70	15016	132	0	15366
1977	15018	37	120	78	0	15253
1978	168	85	84	15388	0	15725
1979	110	53	15520	139	0	15822
1980	57	49	15242	111	0	15459
1981	14737	88	242	77	0	15144
1982	15033	14	94	62	0	15203
1983	157	13	26	15083	0	15279
1984	88	12	21	15202	0	15323
1985	38	19	13	15029	0	15099
1986	19	15287	32	167	0	15505
1987	15424	92	23	111	0	15650
1988	97	15529	32	43	0	15701
1989	15402	96	19	50	0	15567
1990	127	89	15323	39	0	15578
1991	84	16	97	15441	0	15638
1992	15833	12	72	148	0	16065
1993	118	17	27	15942	0	16104
1994	92	19	14	15724	0	15849
1995	47	15617	36	161	0	15861
1996	15704	102	20	92	0	15918
1997	107	16592	37	43	0	16779
1998	87	121	33	16788	0	17029
1999	57	91	16529	119	0	16796
2000	14418	20	120	136	0	14694
2001	128	34	16404	47	0	16613
2002	15119	27	138	54	0	15338
2003	143	16532	91	54	0	16820
2004	102	137	26	15771	0	16036
2005	47	16458	33	126	0	16664
2006	16546	144	17	126	0	16833
2007	173	83	21	16757	0	17034
2008	105	34	19	17027	0	17185
2009	45	43	16568	232	0	16888
2010	15134	28	140	144	0	15446
2011	164	15	88	16920	0	17187
2012	116	45	16632	169	0	16962
2013	55	16585	157	114	0	16911
2014	49	142	95	16728	0	17014
2015	16916	93	32	181	0	17222
2016	171	31	30	17006	0	17238
2017	115	46	17176	178	0	17515
2018	17808	20	149	117	0	18094
2019	215	14	108	18473	0	18810
2020	141	49	20001	219	0	20410
2021	81	27	234	20310	0	20652
2022	56	27	149	19887	0	20119
2023	42	20550	65	362	0	21019
2024	20321	234	31	196	0	20782
2025	240	20674	54	72	0	21040
2026	20766	258	29	71	0	21124
2027	286	163	33	19916	0	20398
2028	177	20639	59	239	0	21114
2029	87	242	28	20612	0	20969
2030	48	195	20290	288	0	20821
2031	19352	55	242	197	0	19846
2032	259	34	157	19930	0	20380
2033	196	31	48	19887	0	20162
2034	88	41	38	20101	0	20268
2035	67	61	19522	433	0	20083
2036	65	55	19411	239	0	19770
2037	45	19573	395	133	0	20146
2038	70	247	189	19085	0	19591
2039	19228	150	57	277	0	19712
2040	239	19627	57	194	0	20117
2041	217	256	36	20108	0	20617
2042	20475	185	54	281	0	20995
2043	20534	56	27	219	0	20836
2044	446	20627	60	96	0	21229
2045	22262	267	38	94	0	22661
2046	24262	196	36	97	0	24591
2047	527	74	34	24777	0	25412
2048	313	25025	71	382	0	25791
2049	147	358	38	25541	0	26084
2050	25138	271	46	468	0	25923
2051	422	127	25434	334	0	26317
2052	329	75	370	25235	0	26009
2053	143	68	276	25682	0	26169
2054	100	104	25384	691	0	26279
2055	113	74	386	25481	0	26054
2056	25346	53	292	535	0	26226
2057	23963	71	115	405	0	24554
2058	632	50	86	25073	0	25841
2059	352	74	24806	506	0	25738
2060	141	68	24243	421	0	24873
2061	96	24413	664	196	0	25369
2062	105	24956	349	187	0	25597
2063	155	594	120	24132	0	25001
2064	24097	309	90	449	0	24945
2065	392	24204	106	344	0	25046
2066	24065	411	83	178	0	24737
2067	488	303	79	23851	0	24721
2068	347	123	70	23863	0	24403
2069	23155	100	70	672	0	23997
2070	447	23269	85	413	0	24214
2071	23415	383	55	198	0	24051
2072	475	332	22566	152	0	23525
2073	346	129	22317	153	0	22945
2074	172	153	572	21684	0	22581
2075	128	107	22313	434	0	22982
2076	123	93	22001	339	0	22556
2077	137	93	591	20402	0	21223
2078	121	77	21517	447	0	22162
2079	108	50	437	20807	0	21402
2080	114	57	331	20952	0	21454
2081	122	63	21224	663	0	22072
2082	109	70	408	20799	0	21386
2083	128	73	327	20279	0	20807
2084	109	20539	171	678	0	21497
2085	20413	366	127	396	0	21302
2086	396	318	20566	214	0	21494
2087	323	113	390	20286	0	21112
2088	158	87	325	20650	0	21220
2089	101	126	20208	698	0	21133
2090	18774	104	390	438	0	19706
2091	399	20076	340	256	0	21071
2092	361	365	127	19950	0	20803
2093	178	304	105	19784	0	20371
2094	127	19950	136	684	0	20897
2095	134	405	19829	450	0	20818
2096	117	20201	458	213	0	20989
2097	19172	450	328	184	0	20134
2098	376	326	18970	183	0	19855
2099	337	174	372	18660	0	19543
2100	148	98	19287	452	0	19985
2101	127	117	19146	382	0	19772
2102	115	18843	614	209	0	19781
2103	225	335	371	17878	0	18809
2104	18281	265	170	393	0	19109
2105	18204	111	148	362	0	18825
2106	531	18251	167	215	0	19164
2107	328	309	132	18224	0	18993
2108	18219	273	125	422	0	19039
2109	18408	115	118	367	0	19008
2110	522	18276	159	210	0	19167
2111	18698	298	109	167	0	19272
2112	392	274	112	18018	0	18796
2113	292	18612	149	405	0	19458
2114	176	323	117	19029	0	19645
2115	151	308	122	18958	0	19539
2116	165	256	115	19075	0	19611
2117	126	127	18412	620	0	19285
2118	112	93	16948	341	0	17494
2119	96	16957	481	200	0	17734
2120	15177	231	265	139	0	15812
2121	208	15018	114	137	0	15477
2122	213	217	82	14677	0	15189
2123	82	213	15184	249	0	15728
2124	91	96	239	14750	0	15176
2125	76	69	224	15179	0	15548
2126	60	77	106	15419	0	15662
2127	15128	79	71	393	0	15671
2128	209	62	82	15317	0	15670
2129	182	71	15986	292	0	16531
2130	15222	53	236	261	0	15772
2131	15799	59	214	148	0	16220
2132	16226	37	95	135	0	16493
2133	16291	48	67	138	0	16544
2134	16195	54	69	114	0	16432
2135	367	15994	99	120	0	16580
2136	230	195	69	15137	0	15631
2137	112	15924	73	225	0	16334
2138	15731	201	72	206	0	16210
2139	15549	163	60	107	0	15879
2140	15044	72	58	97	0	15271
2141	329	14659	68	83	0	15139
2142	175	14310	67	76	0	14628
2143	84	14434	58	77	0	14653
2144	144	301	13983	71	0	14499
2145	212	916	207	11321	0	12656
2146	36	10238	78	55	0	10407
2147	6	9593	24	28	0	9651
2148	38	36	22	9553	0	9649
2149	7	21	5	9595	0	9628
2150	13	20	9620	44	0	9697
2151	9202	6	28	49	0	9285
2152	33	6	25	10066	0	10130
2153	28	3	11	10109	0	10151
2154	12	10	10050	60	0	10132
2155	10	13	9817	40	0	9880
2156	9	10414	62	17	0	10502
2157	11	38	28	10525	0	10602
2158	9	31	5	10632	0	10677
2159	13	19	10409	67	0	10508
2160	9553	15	33	47	0	9648
2161	10328	10	27	28	0	10393
2162	54	22	10578	20	0	10674
2163	10328	6	28	36	0	10398
2164	45	21	10874	17	0	10957
2165	10635	12	35	21	0	10703
2166	10956	3	29	29	0	11017
2167	63	22	11333	16	0	11434
2168	43	7	37	11193	0	11280
2169	19	13	32	11400	0	11464
2170	22	10	7	11764	0	11803
2171	11686	10	8	86	0	11790
2172	11581	7	15	58	0	11661
2173	73	21	11857	16	0	11967
2174	43	25	11487	15	0	11570
2175	11911	6	73	30	0	12020
2176	12268	9	46	32	0	12355
2177	80	16	12217	19	0	12332
2178	49	23	12276	9	0	12357
2179	18	3	86	12400	0	12507
2180	15	20	12767	63	0	12865
2181	19	0	62	12343	0	12424
2182	13025	6	52	73	0	13156
2183	93	22	13908	57	0	14080
2184	13169	12	109	31	0	13321
2185	119	16	15389	20	0	15544
2186	92	5	132	15173	0	15402
2187	35	9	97	16001	0	16142
2188	39	6	19	16007	0	16071
2189	26	16325	29	250	0	16630
2190	34	154	13	15797	0	15998
2191	31	95	13	16450	0	16589
2192	16162	21	19	253	0	16455
2193	168	26	16179	115	0	16488
2194	15232	8	151	45	0	15436
2195	177	29	16156	24	0	16386
2196	14325	14	171	44	0	14554
2197	168	15762	122	30	0	16082
2198	111	145	15944	21	0	16221
2199	37	111	15906	23	0	16077
2200	52	45	262	14403	0	14762
2201	27	6	121	15701	0	15855
2202	28	21	15871	227	0	16147
2203	30	21	15990	112	0	16153
2204	24	24	17050	28	0	17126
2205	17090	5	263	52	0	17410
2206	17511	14	124	41	0	17690
2207	17514	5	42	44	0	17605
2208	251	3	25	17225	0	17504
2209	118	5	26	17373	0	17522
2210	29	31	17955	271	0	18286
2211	44	11	152	17618	0	17825
2212	38	12	108	17645	0	17803
2213	17613	12	33	279	0	17937
2214	17597	4	24	149	0	17774
2215	17926	10	25	60	0	18021
2216	271	16	29	17780	0	18096
2217	135	12	37	17848	0	18032
2218	56	11	23	17885	0	17975
2219	17609	13	22	296	0	17940
2220	193	14	39	16992	0	17238
2221	125	17639	63	155	0	17982
2222	69	148	51	16828	0	17096
2223	32	17201	58	171	0	17462
2224	17189	157	43	124	0	17513
2225	16718	114	53	55	0	16940
2226	227	17122	74	43	0	17466
2227	117	17347	80	56	0	17600
2228	54	259	47	17095	0	17455
2229	55	135	16527	186	0	16903
2230	49	30	185	16252	0	16516
2231	51	39	16655	217	0	16962
2232	44	16673	210	175	0	17102
2233	62	168	132	16717	0	17079
2234	66	101	60	16977	0	17204
2235	61	43	17617	297	0	18018
2236	72	13	184	17631	0	17900
2237	63	34	18032	222	0	18351
2238	17493	19	197	171	0	17880
2239	18160	17	144	99	0	18420
2240	18383	13	57	102	0	18555
2241	309	23	45	18117	0	18494
2242	176	10	44	18239	0	18469
2243	70	43	18485	298	0	18896
2244	76	50	187	17676	0	17989
2245	60	18290	177	214	0	18741
2246	79	176	18215	156	0	18626
2247	74	141	17869	75	0	18159
2248	79	68	268	16771	0	17186
2249	54	62	18021	197	0	18334
2250	47	53	18081	177	0	18358
2251	16163	56	266	125	0	16610
2252	172	19033	160	102	0	19467
2253	19686	151	79	115	0	20031
2254	19708	113	41	110	0	19972
2255	20071	34	61	101	0	20267
2256	288	24	49	19829	0	20190
2257	167	25	54	20127	0	20373
2258	72	49	20109	283	0	20513
2259	92	27	178	19673	0	19970
2260	65	20349	148	227	0	20789
2261	20310	146	78	153	0	20687
2262	184	20478	85	78	0	20825
2263	131	20543	71	82	0	20827
2264	71	255	70	20366	0	20762
2265	70	155	20633	207	0	21065
2266	80	46	184	20429	0	20739
2267	62	68	20563	201	0	20894
2268	61	20377	215	172	0	20825
2269	20282	152	143	86	0	20663
2270	20468	100	69	88	0	20725
2271	20978	26	60	108	0	21172
2272	269	55	22038	90	0	22452
2273	139	61	21366	81	0	21647
2274	21843	32	248	114	0	22237
2275	22529	18	165	90	0	22802
2276	23030	24	53	100	0	23207
2277	278	13	37	22752	0	23080
2278	163	27	42	23037	0	23269
2279	22921	15	33	266	0	23235
2280	22668	23	33	181	0	22905
2281	252	82	23095	77	0	23506
2282	115	60	22104	67	0	22346
2283	21017	15	140	105	0	21277
2284	108	71	22217	46	0	22442
2285	20327	11	74	57	0	20469
2286	73	50	21080	24	0	21227
2287	53	25	45	20201	0	20324
2288	18	54	21362	47	0	21481
2289	22	11	28	21479	0	21540
2290	26	12	22	21736	0	21796
2291	10	22270	50	70	0	22400
2292	22303	22	7	67	0	22399
2293	28	76	22917	16	0	23037
2294	21600	10	33	55	0	21698
2295	30	23414	56	34	0	23534
2296	24390	32	17	42	0	24481
2297	38	22	10	24355	0	24425
2298	44	9	8	24708	0	24769
2299	16	25598	40	90	0	25744
2300	22	39	10	26467	0	26538
2301	14	44	9	26714	0	26781
2302	20	13	11	26922	0	26966
2303	26131	8	10	152	0	26301
2304	25021	8	14	104	0	25147
2305	138	58	25000	36	0	25232
2306	79	25279	92	50	0	25500
2307	27	54	65	25809	0	25955
2308	29	69	10	26746	0	26854
2309	16	73	27023	160	0	27272
2310	17	18	94	26212	0	26341
2311	26582	5	90	130	0	26807
2312	26778	4	9	123	0	26914
2313	27133	5	10	59	0	27207
2314	197	18	6	27325	0	27546
2315	28798	4	8	207	0	29017
2316	28804	11	10	153	0	28978
2317	29340	6	9	67	0	29422
2318	215	12	13	29345	0	29585
2319	131	8	7	29743	0	29889
2320	41	11	7	29937	0	29996
2321	38	11	8	29673	0	29730
2322	36	9	10	29775	0	29830
2323	21	59	29300	216	0	29596
2324	26	75	29089	133	0	29323
2325	20	28915	222	42	0	29199
2326	35	119	107	29509	0	29770
2327	39	99	20	29948	0	30106
2328	35	16	10	30159	0	30220
2329	49	62	29753	249	0	30113
2330	45	14	107	29500	0	29666
2331	26	67	29827	140	0	30060
2332	39	9	110	29481	0	29639
2333	34	63	31373	153	0	31623
2334	23	31425	164	276	0	31888
2335	38	122	113	31229	0	31502
2336	26	176	30920	143	0	31265
2337	26186	28	134	239	0	26587
2338	117	31518	156	78	0	31869
2339	133	123	23	31730	0	32009
2340	27	32147	68	158	0	32400
2341	31	150	23	32021	0	32225
2342	32479	139	26	192	0	32836
2343	159	30	18	32068	0	32275
2344	136	32590	63	181	0	32970
2345	32730	134	11	183	0	33058
2346	163	128	16	33885	0	34192
2347	169	48	22	34599	0	34838
2348	35183	18	22	383	0	35606
2349	228	24	23	37998	0	38273
2350	244	15	30	45365	0	45654
2351	62	96	46114	815	0	47087
2352	62	77	46064	433	0	46636
2353	102	23	988	45406	0	46519
2354	60	84	46458	632	0	47234
2355	55	87	45525	470	0	46137
2356	41542	25	1054	223	0	42844
2357	650	73	47177	128	0	48028
2358	439	47166	806	126	0	48537
2359	158	649	476	47259	0	48542
2360	48658	422	140	715	0	49935
2361	49479	97	89	526	0	50191
2362	49289	43	76	184	0	49592
2363	1174	49216	177	163	0	50730
2364	626	684	73	48742	0	50125
2365	218	464	66	49753	0	50501
2366	47832	124	94	1210	0	49260
2367	49438	50	79	660	0	50227
2368	49775	36	84	268	0	50163
2369	1209	141	49970	165	0	51485
2370	625	50019	840	174	0	51658
2371	202	55392	647	192	0	56433
2372	204	1358	206	53445	0	55213
2373	159	723	141	55341	0	56364
2374	144	248	55044	1572	0	57008
2375	53242	108	1019	868	0	55237
2376	55521	92	714	310	0	56637
2377	1655	102	233	55014	0	57004
2378	895	92	116	55613	0	56716
2379	363	74	71	56186	0	56694
2380	55002	52	112	1781	0	56947
2381	1143	143	53934	930	0	56150
2382	830	168	54595	336	0	55929
2383	320	120	1611	53394	0	55445
2384	176	176	54453	1165	0	55970
2385	52782	73	1150	897	0	54902
2386	54293	50	778	357	0	55478
2387	54852	56	273	265	0	55446
2388	1806	52632	274	244	0	54956
2389	53112	979	164	238	0	54493
2390	1239	738	160	52175	0	54312
2391	876	233	151	52625	0	53885
2392	388	121	143	53611	0	54263
2393	251	156	51719	1908	0	54034
2394	317	180	1100	49591	0	51188
2395	281	51166	868	1247	0	53562
2396	49704	937	334	906	0	51881
2397	1082	51093	312	525	0	53012
2398	875	1156	50066	410	0	52507
2399	388	50271	1167	370	0	52196
2400	48583	1097	892	332	0	50904
2401	1073	49307	504	344	0	51228
2402	943	1126	336	42162	0	44567
2403	326	48951	398	1032	0	50707
2404	48585	1104	322	773	0	50784
2405	49300	735	287	365	0	50687
2406	46928	293	311	351	0	47883
2407	1793	323	48000	269	0	50385
2408	1013	300	47500	278	0	49091
2409	490	301	47406	331	0	48528
2410	46400	221	1757	365	0	48743
2411	1262	223	968	46225	0	48678
2412	989	183	389	46829	0	48390
2413	473	283	45802	1713	0	48271
2414	416	233	1066	46146	0	47861
2415	44071	257	785	1295	0	46408
2416	1214	44295	440	919	0	46868
2417	45169	1004	271	445	0	46889
2418	1345	857	44339	337	0	46878
2419	44782	360	1100	315	0	46557
2420	45366	295	812	341	0	46814
2421	45752	260	395	371	0	46778
2422	1861	344	44111	361	0	46677
2423	1241	227	1060	43818	0	46346
2424	668	261	44563	1154	0	46646
2425	591	176	1195	44569	0	46531
2426	489	256	44923	1227	0	46895
2427	483	190	1231	44144	0	46048
2428	463	187	888	45011	0	46549
2429	44361	139	412	1755	0	46667
2430	44820	137	365	1014	0	46336
2431	45536	114	325	546	0	46521
2432	1920	133	373	42373	0	44799
2433	1082	40550	414	1160	0	43206
2434	520	42572	410	975	0	44477
2435	42149	1427	271	497	0	44344
2436	1266	832	41719	373	0	44190
2437	41806	300	1090	341	0	43537
2438	1353	263	41531	338	0	43485
2439	42004	226	1158	347	0	43735
2440	40566	219	796	386	0	41967
2441	1732	240	41775	371	0	44118
2442	41772	143	1108	402	0	43425
2443	42102	185	810	360	0	43457
2444	42107	168	426	339	0	43040
2445	1794	41598	397	385	0	44174
2446	1056	1429	341	39780	0	42606
2447	521	706	40140	1106	0	42473
2448	513	297	40168	790	0	41768
2449	456	36616	1396	361	0	38829
2450	314	29133	587	177	0	30211
2451	695	674	506	26577	0	28452
2452	26249	320	196	506	0	27271
2453	510	26550	179	423	0	27662
2454	518	457	135	25618	0	26728
2455	270	26793	156	447	0	27666
2456	26005	472	103	336	0	26916
2457	518	424	110	25863	0	26915
2458	434	177	25533	446	0	26590
2459	225	24715	480	372	0	25792
2460	210	24652	381	184	0	25427
2461	229	617	197	22315	0	23358
2462	191	24266	181	330	0	24968
2463	244	429	106	23839	0	24618
2464	24042	319	112	450	0	24923
2465	24091	153	107	326	0	24677
2466	24761	140	102	164	0	25167
2467	24811	110	114	145	0	25180
2468	703	166	24685	132	0	25686
2469	395	23405	361	138	0	24299
2470	193	23107	301	117	0	23718
2471	72	19201	72	55	0	19400
2472	80	19154	72	45	0	19351
2473	18443	254	327	46	0	19070
2474	18071	100	53	38	0	18262
2475	18413	30	26	39	0	18508
2476	18446	20	11	39	0	18516
2477	218	30	18306	23	0	18577
2478	19117	24	117	52	0	19310
2479	19592	11	88	35	0	19726
2480	19843	21	25	42	0	19931
2481	223	17	20	19650	0	19910
2482	119	31	14	19711	0	19875
2483	19908	23	19	220	0	20170
2484	146	22	14	19636	0	19818
2485	99	19660	32	139	0	19930
2486	59	120	8	19873	0	20060
2487	46	87	17	19750	0	19900
2488	31	20053	35	198	0	20317
2489	43	124	17	20022	0	20206
2490	43	88	10	20092	0	20233
2491	19740	34	17	209	0	20000
2492	137	57	19389	115	0	19698
2493	18876	20	118	65	0	19079
2494	154	52	19463	50	0	19719
2495	110	46	19006	21	0	19183
2496	53	50	19344	32	0	19479
2497	18515	25	208	39	0	18787
2498	130	63	20037	36	0	20266
2499	19591	33	140	53	0	19817
2500	20099	24	93	54	0	20270
2501	20209	31	33	48	0	20321
2502	201	20175	35	41	0	20452
2503	20251	119	14	45	0	20429
2504	142	20624	31	24	0	20821
2505	109	141	22	20784	0	21056
2506	52	102	13	20688	0	20855
2507	42	20847	32	183	0	21104
2508	39	20974	36	113	0	21162
2509	50	21423	33	56	0	21562
2510	21223	203	18	36	0	21480
2511	143	21735	48	29	0	21955
2512	21793	139	16	45	0	21993
2513	163	148	21397	25	0	21733
2514	21249	50	120	46	0	21465
2515	21824	34	86	41	0	21985
2516	234	53	21447	24	0	21758
2517	133	30	122	21309	0	21594
2518	65	47	21885	158	0	22155
2519	50	23	138	21662	0	21873
2520	57	31	96	21920	0	22104
2521	21937	25	30	233	0	22225
2522	21958	31	25	123	0	22137
2523	221	21913	34	73	0	22241
2524	22276	129	22	62	0	22489
2525	178	130	22482	31	0	22821
2526	22197	33	131	69	0	22430
2527	184	51	23716	31	0	23982
2528	151	66	23551	29	0	23797
2529	23674	21	248	67	0	24010
2530	24504	24	138	49	0	24715
2531	278	77	25065	37	0	25457
2532	166	36	166	23851	0	24219
2533	83	36	119	25199	0	25437
2534	63	50	24953	283	0	25349
2535	80	34	168	24224	0	24506
2536	66	24504	150	183	0	24903
2537	78	162	59	25636	0	25935
2538	75	136	35	25543	0	25789
2539	80	101	24980	247	0	25408
2540	22664	33	179	179	0	23055
2541	24688	30	134	76	0	24928
2542	24651	27	52	42	0	24772
2543	24434	15	48	67	0	24564
2544	320	24070	73	51	0	24514
2545	229	154	40	23496	0	23919
2546	122	160	23352	160	0	23794
2547	83	86	23208	150	0	23527
2548	104	70	224	22495	0	22893
2549	64	57	23254	191	0	23566
2550	22171	26	173	155	0	22525
2551	182	24	114	23223	0	23543
2552	141	31	50	23408	0	23630
2553	77	29	32	23455	0	23593
2554	23073	23	31	286	0	23413
2555	145	23253	68	184	0	23650
2556	23296	133	34	112	0	23575
2557	23153	106	43	76	0	23378
2558	257	22857	70	53	0	23237
2559	157	23026	80	59	0	23322
2560	23656	209	60	59	0	23984
2561	178	122	70	23710	0	24080
2562	168	34	65	23713	0	23980
2563	24444	17	57	249	0	24767
2564	207	70	24462	139	0	24878
2565	23964	26	192	82	0	24264
2566	24649	26	147	59	0	24881
2567	332	25188	72	68	0	25660
2568	26247	158	48	58	0	26511
2569	25900	150	43	72	0	26165
2570	337	28864	57	48	0	29306
2571	178	29364	55	42	0	29639
2572	158	468	55	28576	0	29257
2573	29034	240	34	304	0	29612
2574	282	29920	60	223	0	30485
2575	231	308	17	30183	0	30739
2576	30444	218	14	357	0	31033
2577	348	114	30379	237	0	31078
2578	264	30	311	30062	0	30667
2579	96	70	30538	330	0	31034
2580	29153	36	363	274	0	29826
2581	30671	33	250	107	0	31061
2582	549	66	30667	75	0	31357
2583	287	30436	369	74	0	31166
2584	126	319	247	30630	0	31322
2585	66	277	31041	345	0	31729
2586	64	60	350	30787	0	31261
2587	87	37	245	31690	0	32059
2588	49	69	31323	579	0	32020
2589	28752	52	360	346	0	29510
2590	31237	32	250	124	0	31643
2591	585	69	31560	78	0	32292
2592	309	31498	387	99	0	32293
2593	146	362	269	29973	0	30750
2594	81	31369	121	327	0	31898
2595	69	31769	85	264	0	32187
2596	31750	567	61	123	0	32501
2597	398	306	46	31802	0	32552
2598	295	99	36	31669	0	32099
2599	109	101	31946	607	0	32763
2600	100	99	31735	343	0	32277
2601	96	52	587	31428	0	32163
2602	121	47	318	32284	0	32770
2603	103	91	32045	604	0	32843
2604	77	92	32005	370	0	32544
2605	86	68	638	31777	0	32569
2606	32135	68	347	443	0	32993
2607	407	32618	167	355	0	33547
2608	32616	411	77	174	0	33278
2609	464	32880	107	111	0	33562
2610	344	33086	122	134	0	33686
2611	32524	647	79	137	0	33387
2612	459	400	32981	105	0	33945
2613	368	123	427	33022	0	33940
2614	186	71	346	33983	0	34586
2615	126	78	151	36175	0	36530
2616	112	119	36233	830	0	37294
2617	140	77	520	36402	0	37139
2618	36900	72	418	606	0	37996
2619	559	65	145	38162	0	38931
2620	460	75	117	39155	0	39807
2621	39062	73	112	987	0	40234
2622	38672	71	87	594	0	39424
2623	928	38666	174	231	0	39999
2624	554	578	39009	146	0	40287
2625	199	472	38527	141	0	39339
2626	143	155	39120	156	0	39574
2627	104	37271	1049	143	0	38567
2628	189	564	595	36280	0	37628
2629	139	434	178	37074	0	37825
2630	36754	128	115	954	0	37951
2631	591	89	124	36531	0	37335
2632	461	104	36275	676	0	37516
2633	191	76	594	36490	0	37351
2634	151	81	477	36524	0	37233
2635	137	113	36140	1014	0	37404
2636	111	35744	632	625	0	37112
2637	222	534	491	31039	0	32286
2638	130	35647	244	533	0	36554
2639	140	630	35432	473	0	36675
2640	34825	456	623	214	0	36118
2641	35598	164	491	199	0	36452
2642	36061	126	200	195	0	36582
2643	1017	130	156	34762	0	36065
2644	554	35589	163	638	0	36944
2645	35489	566	143	548	0	36746
2646	35920	440	146	265	0	36771
2647	35665	139	149	226	0	36179
2648	1002	124	35061	223	0	36410
2649	33991	83	617	218	0	34909
2650	665	34651	524	218	0	36058
2651	34436	553	184	217	0	35390
2652	627	34854	202	194	0	35877
2653	35014	622	139	192	0	35967
2654	707	492	35068	181	0	36448
2655	34920	162	616	202	0	35900
2656	35478	116	491	163	0	36248
2657	32618	109	221	207	0	33155
2658	35809	109	154	176	0	36248
2659	1040	173	34824	157	0	36194
2660	611	122	584	34142	0	35459
2661	33961	104	489	613	0	35167
2662	643	33958	254	532	0	35387
2663	534	524	129	33169	0	34356
2664	228	439	32859	600	0	34126
2665	240	301	607	32775	0	33923
2666	195	136	33005	653	0	33989
2667	141	31592	647	513	0	32893
2668	171	30125	471	225	0	30992
2669	179	30343	222	183	0	30927
2670	269	851	144	26780	0	28044
2671	157	354	97	26704	0	27312
2672	162	142	26075	620	0	26999
2673	128	25211	358	350	0	26047
2674	23985	320	274	120	0	24699
2675	334	23776	121	92	0	24323
2676	286	23673	108	93	0	24160
2677	324	514	111	22724	0	23673
2678	22679	261	95	320	0	23355
2679	22840	102	79	268	0	23289
2680	538	55	65	22518	0	23176
2681	22432	73	81	337	0	22923
2682	354	54	62	22341	0	22811
2683	269	94	22058	366	0	22787
2684	21849	69	305	285	0	22508
2685	334	104	249	21844	0	22531
2686	259	96	21496	330	0	22181
2687	118	78	21352	268	0	21816
2688	111	76	484	21262	0	21933
2689	21600	68	274	316	0	22258
2690	21573	79	85	263	0	22000
2691	501	21674	88	111	0	22374
2692	22234	313	60	101	0	22708
2693	22222	242	70	97	0	22631
2694	22406	72	59	108	0	22645
2695	533	22344	94	97	0	23068
2696	22384	280	47	98	0	22809
2697	22502	225	48	101	0	22876
2698	571	80	48	22191	0	22890
2699	21449	48	59	287	0	21843
2700	337	21279	84	237	0	21937
2701	282	21615	77	83	0	22057
2702	156	415	65	21353	0	21989
2703	118	275	54	21128	0	21575
2704	103	21574	80	433	0	22190
2705	21218	251	46	245	0	21760
2706	290	20958	76	74	0	21398
2707	20408	239	37	46	0	20730
2708	288	20779	75	54	0	21196
2709	284	249	35	19542	0	20110
2710	120	21131	68	211	0	21530
2711	20985	260	136	211	0	21592
2712	20557	220	91	97	0	20965
2713	20382	74	67	70	0	20593
2714	441	75	19448	55	0	20019
2715	206	56	17865	52	0	18179
2716	58	17333	284	37	0	17712
2717	93	186	16899	34	0	17212
2718	70	175	16062	56	0	16363
2719	53	269	184	13783	0	14289
2720	16	32	14441	92	0	14581
2721	8	14384	82	66	0	14540
2722	14229	69	49	31	0	14378
2723	72	14201	26	17	0	14316
2724	53	14313	20	27	0	14413
2725	14484	105	12	48	0	14649
2726	14650	55	10	26	0	14741
2727	103	15083	28	43	0	15257
2728	15304	80	9	26	0	15419
2729	15233	50	12	25	0	15320
2730	15298	12	8	25	0	15343
2731	121	21	15063	11	0	15216
2732	60	36	14999	12	0	15107
2733	25	24	102	15203	0	15354
2734	26	13	44	15630	0	15713
2735	15689	13	11	118	0	15831
2736	76	15539	31	65	0	15711
2737	60	86	11	15851	0	16008
2738	19	54	13	16061	0	16147
2739	31	17	15	16349	0	16412
2740	31	19	14	16415	0	16479
2741	26	40	16319	152	0	16537
2742	25	46	16267	76	0	16414
2743	28	12	146	16731	0	16917
2744	21	37	17022	114	0	17194
2745	16453	13	132	74	0	16672
2746	134	16	69	17165	0	17384
2747	79	36	17283	115	0	17513
2748	15662	16	117	100	0	15895
2749	113	17200	85	32	0	17430
2750	17082	97	23	36	0	17238
2751	114	17664	42	35	0	17855
2752	80	122	30	17298	0	17530
2753	36	94	17457	116	0	17703
2754	34	41	114	16799	0	16988
2755	25	31	16930	134	0	17120
2756	16487	16	118	86	0	16707
2757	120	17	64	17304	0	17505
2758	17427	20	26	129	0	17602
2759	140	35	17353	85	0	17613
2760	17690	19	107	39	0	17855
2761	19215	15	69	35	0	19334
2762	216	36	19438	25	0	19715
2763	115	30	151	19223	0	19519
2764	55	37	19735	153	0	19980
2765	29	19789	175	86	0	20079
2766	19693	145	115	67	0	20020
2767	19680	82	45	46	0	19853
2768	230	49	19762	24	0	20065
2769	108	36	19742	18	0	19904
2770	46	18	204	19518	0	19786
2771	27	13	96	20020	0	20156
2772	20028	17	36	211	0	20292
2773	151	20112	33	104	0	20400
2774	20477	136	25	49	0	20687
2775	20574	76	18	52	0	20720
2776	220	42	20147	28	0	20437
2777	19615	15	152	36	0	19818
2778	172	57	20362	29	0	20620
2779	126	12	153	20458	0	20749
2780	55	45	21542	156	0	21798
2781	47	18	155	21423	0	21643
2782	44	51	21652	153	0	21900
2783	20968	17	183	102	0	21270
2784	21535	11	96	61	0	21703
2785	234	14	46	21348	0	21642
2786	21773	10	33	191	0	22007
2787	180	15	32	21854	0	22081
2788	98	22384	64	166	0	22712
2789	22238	133	35	113	0	22519
2790	159	22399	62	63	0	22683
2791	127	140	31	22471	0	22769
2792	58	79	31	22186	0	22354
2793	57	24	30	22129	0	22240
2794	48	16	29	21976	0	22069
2795	35	60	21384	236	0	21715
2796	19373	21	142	142	0	19678
2797	20849	20	86	66	0	21021
2798	211	20978	66	45	0	21300
2799	109	126	31	21060	0	21326
2800	55	80	41	21171	0	21347
2801	43	56	20787	219	0	21105
2802	20015	24	143	125	0	20307
2803	164	25	92	20617	0	20898
2804	93	49	20499	146	0	20787
2805	20166	16	151	132	0	20465
2806	20958	23	93	68	0	21142
2807	21028	15	36	67	0	21146
2808	216	43	20615	60	0	20934
2809	110	47	19823	61	0	20041
2810	19579	24	184	52	0	19839
2811	177	15	99	20109	0	20400
2812	100	18	42	20639	0	20799
2813	65	43	20590	188	0	20886
2814	19844	23	141	98	0	20106
2815	160	18	72	20975	0	21225
2816	21588	10	45	194	0	21837
2817	21692	9	42	118	0	21861
2818	21689	21	34	88	0	21832
2819	238	56	22123	79	0	22496
2820	126	20	159	22128	0	22433
2821	22343	5	99	197	0	22644
2822	173	23052	81	116	0	23422
2823	143	144	36	23457	0	23780
2824	80	95	26	23669	0	23870
2825	23337	29	35	275	0	23676
2826	23319	25	24	156	0	23524
2827	278	13	34	22979	0	23304
2828	156	46	23090	195	0	23487
2829	22397	19	178	155	0	22749
2830	205	63	24191	73	0	24532
2831	24157	15	205	60	0	24437
2832	24818	15	135	61	0	25029
2833	340	41	24846	34	0	25261
2834	212	33	192	25148	0	25585
2835	77	54	26480	254	0	26865
2836	50	27932	275	186	0	28443
2837	111	280	164	26091	0	26646
2838	56	28589	92	229	0	28966
2839	79	264	33	28732	0	29108
2840	68	198	29497	287	0	30050
2841	52	30008	311	224	0	30595
2842	42	30628	243	73	0	30986
2843	121	531	73	30453	0	31178
2844	30975	217	41	328	0	31561
2845	317	45	29	33501	0	33892
2846	33942	23	31	435	0	34431
2847	411	34709	79	283	0	35482
2848	37564	396	23	107	0	38090
2849	504	322	38978	62	0	39866
2850	372	73	469	38602	0	39516
2851	112	27	334	38817	0	39290
2852	66	66	38725	804	0	39661
2853	36706	31	491	442	0	37670
2854	37923	35	400	111	0	38469
2855	801	38422	123	52	0	39398
2856	513	622	56	33286	0	34477
2857	91	38158	108	428	0	38785
2858	67	543	37805	334	0	38749
2859	78	384	38186	106	0	38754
2860	158	488	817	36335	0	37798
2861	36266	40	386	477	0	37169
2862	440	35814	105	391	0	36750
2863	36234	434	37	113	0	36818
2864	510	393	35557	49	0	36509
2865	35717	77	452	84	0	36330
2866	36366	40	366	67	0	36839
2867	789	79	36122	71	0	37061
2868	442	45	470	35180	0	36137
2869	36301	54	362	494	0	37211
2870	36450	45	97	394	0	36986
2871	36731	37	59	115	0	36942
2872	851	53	59	35982	0	36945
2873	444	89	36006	477	0	37016
2874	35136	66	491	413	0	36106
2875	519	122	36671	136	0	37448
2876	425	59	514	35821	0	36819
2877	160	60	388	35481	0	36089
2878	141	36054	140	802	0	37137
2879	114	504	36085	436	0	37139
2880	95	35276	532	133	0	36036
2881	131	35525	429	105	0	36190
2882	137	831	140	35017	0	36125
2883	123	437	35303	515	0	36378
2884	142	99	502	35306	0	36049
2885	122	103	35713	558	0	36496
2886	176	73	543	35096	0	35888
2887	152	91	424	35038	0	35705
2888	142	131	33975	845	0	35093
2889	148	78	529	33818	0	34573
2890	127	101	34388	601	0	35217
2891	166	96	33848	459	0	34569
2892	136	33643	912	184	0	34875
2893	33778	506	466	162	0	34912
2894	557	456	33792	163	0	34968
2895	32573	159	574	137	0	33443
2896	623	103	463	33882	0	35071
2897	465	131	33738	595	0	34929
2898	165	33605	643	538	0	34951
2899	203	531	469	33395	0	34598
2900	184	483	33769	548	0	34984
2901	247	176	573	31397	0	32393
2902	165	33647	506	536	0	34854
2903	33847	508	204	448	0	35007
2904	648	440	148	33851	0	35087
2905	33898	147	165	596	0	34806
2906	34048	119	164	534	0	34865
2907	34387	88	174	249	0	34898
2908	34500	98	165	202	0	34965
2909	33862	102	178	198	0	34340
2910	941	33017	204	228	0	34390
2911	569	500	175	33096	0	34340
2912	273	408	184	33282	0	34147
2913	254	136	180	33445	0	34015
2914	233	141	32286	932	0	33592
2915	192	31899	631	553	0	33275
2916	32290	501	480	240	0	33511
2917	32314	412	229	205	0	33160
2918	935	31885	263	211	0	33294
2919	533	32143	230	237	0	33143
2920	31662	856	188	197	0	32903
2921	625	474	31132	201	0	32432
2922	560	277	626	29894	0	31357
2923	30076	122	539	622	0	31359
2924	648	111	207	29301	0	30267
2925	501	29860	259	602	0	31222
2926	233	556	188	29985	0	30962
2927	208	465	29888	621	0	31182
2928	28905	129	633	502	0	30169
2929	30246	105	482	243	0	31076
2930	966	99	199	28720	0	29984
2931	587	98	158	28900	0	29743
2932	27516	102	160	842	0	28620
2933	599	27538	210	530	0	28877
2934	496	435	181	26879	0	27991
2935	316	369	128	26608	0	27421
2936	24416	87	125	730	0	25358
2937	484	24849	145	455	0	25933
2938	24549	383	110	190	0	25232
2939	498	24528	137	144	0	25307
2940	392	24202	127	115	0	24836
2941	23157	617	125	130	0	24029
2942	428	23596	122	130	0	24276
2943	404	819	218	22035	0	23476
2944	157	337	22153	401	0	23048
2945	145	97	19406	270	0	19918
2946	82	91	18825	112	0	19110
2947	71	18064	541	67	0	18743
2948	15065	235	583	50	0	15933
2949	200	154	59	14195	0	14608
2950	158	35	22	14410	0	14625
2951	56	37	14199	308	0	14600
2952	13849	23	170	190	0	14232
2953	196	31	141	14648	0	15016
2954	163	30	32	14825	0	15050
2955	55	18	21	14828	0	14922
2956	14327	20	23	338	0	14708
2957	191	25	14230	190	0	14636
2958	14136	26	168	64	0	14394
2959	210	22	133	14217	0	14582
2960	163	45	14160	181	0	14549
2961	13667	32	172	171	0	14042
2962	201	33	14354	58	0	14646
2963	169	98	188	13756	0	14211
2964	60	42	14299	192	0	14593
2965	57	39	13805	159	0	14060
2966	12725	27	304	80	0	13136
2967	189	37	13523	46	0	13795
2968	159	47	209	13054	0	13469
2969	13114	22	167	185	0	13488
2970	181	30	59	13211	0	13481
2971	155	35	13033	203	0	13426
2972	64	37	13165	172	0	13438
2973	53	13120	331	82	0	13586
2974	57	171	184	12740	0	13152
2975	12477	141	61	189	0	12868
2976	175	12409	50	170	0	12804
2977	12551	162	37	75	0	12825
2978	195	144	44	12329	0	12712
2979	12383	37	41	202	0	12663
2980	204	12258	58	167	0	12687
2981	169	169	47	12102	0	12487
2982	12207	133	44	181	0	12565
2983	194	12363	54	166	0	12777
2984	163	180	41	12329	0	12713
2985	74	136	53	12280	0	12543
2986	12438	36	49	304	0	12827
2987	191	35	57	12545	0	12828
2988	180	24	61	12567	0	12832
2989	79	29	51	12864	0	13023
2990	63	45	12355	341	0	12804
2991	12128	26	204	217	0	12575
2992	208	24	182	14513	0	14927
2993	192	39	15239	274	0	15744
2994	14762	22	280	227	0	15291
2995	282	31	15713	108	0	16134
2996	222	25	303	15000	0	15550
2997	89	15593	242	274	0	16198
2998	82	251	77	15778	0	16188
2999	63	207	15886	308	0	16464
3000	62	83	16292	259	0	16696
3001	64	45	456	16186	0	16751
3002	79	48	16312	313	0	16752
3003	15633	40	305	253	0	16231
3004	288	59	16234	109	0	16690
3005	248	41	302	15733	0	16324
3006	97	37	241	16018	0	16393
3007	81	45	90	15976	0	16192
3008	15699	38	67	522	0	16326
3009	15842	35	56	306	0	16239
3010	16159	41	68	106	0	16374
3011	507	36	57	15733	0	16333
3012	272	41	62	15896	0	16271
3013	89	20	15556	505	0	16170
3014	82	41	15567	290	0	15980
3015	63	15423	472	129	0	16087
3016	94	278	226	13995	0	14593
3017	78	154	69	13339	0	13640
3018	49	14140	58	373	0	14620
3019	14060	195	47	196	0	14498
3020	225	14262	65	88	0	14640
3021	14238	223	62	71	0	14594
3022	256	175	44	14059	0	14534
3023	14240	35	65	259	0	14599
3024	252	33	59	14269	0	14613
3025	175	32	14020	274	0	14501
3026	49	27	242	14232	0	14550
3027	13888	24	195	271	0	14378
3028	248	28	58	14114	0	14448
3029	196	21	54	13984	0	14255
3030	67	35	13948	398	0	14448
3031	66	27	233	14131	0	14457
3032	67	24	175	13728	0	13994
3033	64	13735	61	402	0	14262
3034	76	197	49	13906	0	14228
3035	74	146	44	14033	0	14297
3036	85	39	44	13752	0	13920
3037	48	12831	51	506	0	13436
3038	66	166	45	12422	0	12699
3039	11814	128	36	244	0	12222
3040	169	11688	54	181	0	12092
3041	117	11210	46	82	0	11455
3042	42	11136	60	60	0	11298
3043	63	379	46	10039	0	10527
3044	40	10437	81	178	0	10736
3045	60	10633	65	160	0	10918
3046	10403	247	84	86	0	10820
3047	164	119	10231	86	0	10600
3048	9978	51	171	86	0	10286
3049	162	43	143	10097	0	10445
3050	112	40	10108	206	0	10466
3051	9803	19	228	165	0	10215
3052	169	33	10015	88	0	10305
3053	122	32	9935	80	0	10169
3054	9983	29	307	83	0	10402
3055	186	30	182	10128	0	10526
3056	141	41	10233	250	0	10665
3057	10137	29	186	222	0	10574
3058	10410	27	140	141	0	10718
3059	317	16	10410	119	0	10862
3060	10667	23	180	108	0	10978
3061	10858	19	132	107	0	11116
3062	298	24	10463	121	0	10906
3063	10524	14	203	131	0	10872
3064	10606	26	167	113	0	10912
3065	255	51	10449	108	0	10863
3066	152	59	11112	101	0	11424
3067	82	59	282	11116	0	11539
3068	62	66	11314	260	0	11702
3069	11171	70	182	188	0	11611
3070	248	67	125	11191	0	11631
3071	190	76	49	11332	0	11647
3072	120	63	11071	307	0	11561
3073	102	48	172	10981	0	11303
3074	89	48	11073	253	0	11463
3075	11017	34	193	222	0	11466
3076	11295	40	154	114	0	11603
3077	308	39	11122	115	0	11584
3078	11134	33	191	122	0	11480
3079	11356	33	134	131	0	11654
3080	299	33	11268	143	0	11743
3081	11401	26	203	142	0	11772
3082	11319	36	164	144	0	11663
3083	260	38	11373	155	0	11826
3084	11205	49	181	134	0	11569
3085	197	52	11566	164	0	11979
3086	145	38	196	11401	0	11780
3087	72	41	125	11544	0	11782
3088	79	51	43	11676	0	11849
3089	53	69	11265	354	0	11741
3090	10335	60	169	204	0	10768
3091	208	91	10724	85	0	11108
3092	91	8656	109	50	0	8906
3093	24	8186	65	28	0	8303
3094	7666	101	89	29	0	7885
3095	85	64	19	7604	0	7772
3096	59	7716	22	75	0	7872
3097	7411	47	12	41	0	7511
3098	7373	31	12	19	0	7435
3099	86	7626	21	12	0	7745
3100	55	50	13	6792	0	6910
3101	15	7306	21	49	0	7391
3102	7376	54	11	43	0	7484
3103	7432	34	13	18	0	7497
3104	93	10	10	7223	0	7336
3105	7223	6	11	57	0	7297
3106	68	6	9	7252	0	7335
3107	39	13	7213	63	0	7328
3108	6974	6	56	41	0	7077
3109	64	13	7325	16	0	7418
3110	43	12	62	7063	0	7180
3111	7215	6	43	56	0	7320
3112	65	10	10	7332	0	7417
3113	48	12	7316	60	0	7436
3114	25	12	7254	44	0	7335
3115	22	83	89	7233	0	7427
3116	7261	6	54	61	0	7382
3117	57	7411	24	44	0	7536
3118	51	44	5	7433	0	7533
3119	18	41	7547	56	0	7662
3120	7328	11	62	46	0	7447
3121	7722	2	46	16	0	7786
3122	93	7	7685	29	0	7814
3123	7634	10	51	17	0	7712
3124	69	5	35	7855	0	7964
3125	43	10	7844	46	0	7943
3126	7675	4	52	50	0	7781
3127	64	10	39	7740	0	7853
3128	45	7	13	7702	0	7767
3129	7736	5	7	78	0	7826
3130	47	7547	20	41	0	7655
3131	40	7706	16	19	0	7781
3132	7690	62	8	14	0	7774
3133	7435	33	20	13	0	7501
3134	77	12	7673	14	0	7776
3135	42	18	7616	13	0	7689
3136	21	14	62	7599	0	7696
3137	7880	2	38	44	0	7964
3138	7817	5	15	34	0	7871
3139	7875	2	8	24	0	7909
3140	70	7868	16	13	0	7967
3141	38	8031	18	12	0	8099
3142	25	53	13	8287	0	8378
3143	19	32	10	8301	0	8362
3144	21	5	9	8616	0	8651
3145	26	11	8810	75	0	8922
3146	23	15	8212	37	0	8287
3147	8539	4	77	9	0	8629
3148	9019	4	42	22	0	9087
3149	87	6	13	8984	0	9090
3150	53	4	13	8995	0	9065
3151	25	4	9	9235	0	9273
3152	14	14	9030	89	0	9147
3153	19	13	8954	50	0	9036
3154	15	12	69	9000	0	9096
3155	14	14	9228	48	0	9304
3156	8	8993	56	44	0	9101
3157	11	9170	48	30	0	9259
3158	9061	69	14	14	0	9158
3159	47	9045	14	15	0	9121
3160	45	70	9	8996	0	9120
3161	19	39	8	9033	0	9099
3162	12	9485	11	78	0	9586
3163	18	63	7	9610	0	9698
3164	16	53	9443	62	0	9574
3165	18	9488	52	52	0	9610
3166	13	53	37	9007	0	9110
3167	11	40	9013	44	0	9108
3168	6	8912	43	43	0	9004
3169	13	39	39	8604	0	8695
3170	7	8953	16	46	0	9022
3171	12	43	6	8925	0	8986
3172	13	44	6	8590	0	8653
3173	6	8846	6	81	0	8939
3174	8470	45	5	47	0	8567
3175	8339	38	13	23	0	8413
3176	72	8606	16	18	0	8712
3177	42	8751	16	24	0	8833
3178	17	75	14	8646	0	8752
3179	15	51	8633	42	0	8741
3180	8268	11	45	52	0	8376
3181	8501	9	42	18	0	8570
3182	80	20	8531	12	0	8643
3183	8332	10	36	22	0	8400
3184	8607	11	36	29	0	8683
3185	79	14	8469	17	0	8579
3186	8131	12	45	20	0	8208
3187	47	18	8768	13	0	8846
3188	50	8833	52	11	0	8946
3189	8930	40	44	11	0	9025
3190	8914	41	14	14	0	8983
3191	75	19	8936	12	0	9042
3192	8952	9	39	23	0	9023
3193	9221	9	47	36	0	9313
3194	76	16	9175	18	0	9285
3195	9177	14	36	23	0	9250
3196	9404	10	40	23	0	9477
3197	82	18	9365	16	0	9481
3198	9331	17	41	11	0	9400
3199	51	17	43	9194	0	9305
3200	51	14	10	9211	0	9286
3201	22	14	9209	73	0	9318
3202	19	16	9114	50	0	9199
3203	21	11	74	9195	0	9301
3204	26	11	43	9317	0	9397
3205	9711	6	17	81	0	9815
3206	66	11	9665	51	0	9793
3207	9629	11	56	21	0	9717
3208	60	13	51	9946	0	10070
3209	48	11	10034	61	0	10154
3210	10382	14	62	58	0	10516
3211	77	7	44	10967	0	11095
3212	55	18	11051	73	0	11197
3213	10708	18	71	65	0	10862
3214	86	6	58	11032	0	11182
3215	11167	12	18	76	0	11273
3216	78	16	11721	61	0	11876
3217	69	22	77	10878	0	11046
3218	25	11899	65	75	0	12064
3219	11994	71	16	65	0	12146
3220	11789	47	19	30	0	11885
3221	119	12161	22	22	0	12324
3222	12292	75	16	23	0	12406
3223	12148	53	16	24	0	12241
3224	12083	13	17	19	0	12132
3225	137	11972	24	22	0	12155
3226	82	72	15	12047	0	12216
3227	25	69	12205	82	0	12381
3228	36	10	79	12014	0	12139
3229	23	7	61	12157	0	12248
3230	24	25	12123	136	0	12308
3231	26	24	12018	69	0	12137
3232	35	15	135	11219	0	11404
3233	25	12175	69	75	0	12344
3234	12091	75	21	65	0	12252
3235	11889	58	19	26	0	11992
3236	140	12207	30	31	0	12408
3237	12280	81	14	35	0	12410
3238	12174	52	20	28	0	12274
3239	132	28	12286	16	0	12462
3240	11919	12	89	27	0	12047
3241	97	12567	60	24	0	12748
3242	66	87	12282	22	0	12457
3243	35	64	12177	15	0	12291
3244	29	12164	128	22	0	12343
3245	11905	72	49	13	0	12039
3246	97	54	12060	30	0	12241
3247	62	16	81	11886	0	12045
3248	22	26	12030	78	0	12156
3249	11207	10	78	59	0	11354
3250	87	28	13475	22	0	13612
3251	63	19	13453	21	0	13556
3252	12891	10	132	23	0	13056
3253	85	13664	75	20	0	13844
3254	13836	68	29	40	0	13973
3255	13983	43	23	27	0	14076
3256	125	12	18	13760	0	13915
3257	57	14894	31	85	0	15067
3258	15059	69	19	82	0	15229
3259	86	75	15317	10	0	15488
3260	14663	15	74	33	0	14785
3261	82	15452	56	21	0	15611
3262	15050	60	23	19	0	15152
3263	14969	43	14	27	0	15053
3264	96	15261	34	16	0	15407
3265	56	65	16	15323	0	15460
3266	15586	36	26	81	0	15729
3267	77	15567	36	42	0	15722
3268	55	67	18	15680	0	15820
3269	16047	38	22	94	0	16201
3270	87	14	19	16799	0	16919
3271	52	13	18	16661	0	16744
3272	28	16860	43	126	0	17057
3273	16740	79	20	78	0	16917
3274	17193	56	20	40	0	17309
3275	17370	14	22	32	0	17438
3276	147	17882	36	17	0	18082
3277	18134	81	16	36	0	18267
3278	18180	53	14	32	0	18279
3279	145	19	15	17957	0	18136
3280	77	20	14	18112	0	18223
3281	49	41	18075	131	0	18296
3282	41	21	93	17711	0	17866
3283	41	25	56	17941	0	18063
3284	38	59	18141	131	0	18369
3285	15262	21	92	134	0	15509
3286	105	41	18139	29	0	18314
3287	81	45	18383	27	0	18536
3288	35	21	124	18190	0	18370
3289	35	20	58	18382	0	18495
3290	36	18829	45	123	0	19033
3291	18752	87	16	84	0	18939
3292	18504	58	23	39	0	18624
3293	144	18851	31	32	0	19058
3294	78	20107	30	37	0	20252
3295	69	172	8	19384	0	19633
3296	30	20720	28	113	0	20891
3297	20695	134	13	81	0	20923
3298	20698	83	8	42	0	20831
3299	221	19	14	20538	0	20792
3300	109	21	18	20765	0	20913
3301	20595	8	14	237	0	20854
3302	154	44	20236	100	0	20534
3303	19802	12	141	47	0	20002
3304	161	43	20319	29	0	20552
3305	19786	5	134	46	0	19971
3306	151	39	80	20128	0	20398
3307	106	46	20465	133	0	20750
3308	27	51	20136	98	0	20312
3309	19317	69	243	80	0	19709
3310	19880	18	84	48	0	20030
3311	189	20494	36	27	0	20746
3312	87	123	16	21071	0	21297
3313	32	73	17	21567	0	21689
3314	21374	14	15	255	0	21658
3315	152	21295	41	117	0	21605
3316	20873	127	12	39	0	21051
3317	154	20794	31	39	0	21018
3318	87	20670	37	38	0	20832
3319	20502	192	15	42	0	20751
3320	155	122	20390	17	0	20684
3321	99	30	131	20128	0	20388
3322	33	17	79	20448	0	20577
3323	28	48	20520	214	0	20810
3324	35	14	132	20295	0	20476
3325	38	29	90	19217	0	19374
3326	23	20607	44	217	0	20891
3327	20471	135	16	139	0	20761
3328	154	116	20710	44	0	21024
3329	19639	27	145	56	0	19867
3330	156	20890	115	33	0	21194
3331	92	143	22	20932	0	21189
3332	21600	96	11	179	0	21886
3333	163	18	15	21729	0	21925
3334	111	22	19	21851	0	22003
3335	39	45	21707	245	0	22036
3336	20220	18	150	140	0	20528
3337	21504	18	90	60	0	21672
3338	248	44	21534	34	0	21860
3339	123	23	152	21286	0	21584
3340	37	47	21545	176	0	21805
3341	20755	16	150	147	0	21068
3342	21760	23	102	51	0	21936
3343	244	19	24	21648	0	21935
3344	21566	13	18	185	0	21782
3345	173	55	22796	129	0	23153
3346	132	23	152	22680	0	22987
3347	62	20	102	23004	0	23188
3348	55	11	20	23468	0	23554
3349	46	17	18	23442	0	23523
3350	21606	13	26	298	0	21943
3351	171	59	21529	134	0	21893
3352	119	15	159	21657	0	21950
3353	47	46	21513	201	0	21807
3354	37	59	21249	140	0	21485
3355	34	14	242	21030	0	21320
3356	55	14	119	21378	0	21566
3357	20495	16	30	276	0	20817
3358	179	16	16	20630	0	20841
3359	124	27	25	20748	0	20924
3360	55	13	18	21011	0	21097
3361	20716	16	24	315	0	21071
3362	20855	24	19	156	0	21054
3363	21181	25	20	68	0	21294
3364	20875	19	20	66	0	20980
3365	282	22308	45	75	0	22710
3366	150	211	19	22180	0	22560
3367	65	152	30	22581	0	22828
3368	23182	21	26	386	0	23615
3369	266	24531	60	207	0	25064
3370	180	287	28	25401	0	25896
3371	46	231	27195	347	0	27819
3372	27979	36	375	290	0	28680
3373	460	30152	296	71	0	30979
3374	31631	451	48	63	0	32193
3375	32311	315	18	69	0	32713
3376	851	43	37	32000	0	32931
3377	397	57	31981	578	0	33013
3378	92	34	520	32800	0	33446
3379	32873	20	334	614	0	33841
3380	596	27	39	33003	0	33665
3381	33001	15	32	617	0	33665
3382	591	32679	70	405	0	33745
3383	33924	533	33	116	0	34606
3384	636	359	39	33907	0	34941
3385	443	46	17	35422	0	35928
3386	36294	23	30	923	0	37270
3387	36185	31	37	455	0	36708
3388	36522	24	29	111	0	36686
3389	36379	27	31	95	0	36532
3390	36332	20	32	93	0	36477
3391	1017	22	18	35338	0	36395
3392	489	86	34595	612	0	35782
3393	141	34653	559	449	0	35802
3394	33533	525	387	156	0	34601
3395	619	397	32906	93	0	34015
3396	32612	56	530	100	0	33298
3397	606	32857	408	95	0	33966
3398	33386	514	74	79	0	34053
3399	664	358	33	33066	0	34121
3400	492	68	41	33444	0	34045
3401	161	88	33157	915	0	34321
3402	169	43	529	32960	0	33701
3403	152	81	33800	613	0	34646
3404	153	92	33535	450	0	34230
3405	33495	52	842	169	0	34558
3406	34728	63	431	135	0	35357
3407	983	78	33834	146	0	35041
3408	33504	53	530	163	0	34250
3409	34125	50	372	166	0	34713
3410	993	94	33385	159	0	34631
3411	561	32933	558	156	0	34208
3412	390	568	401	33363	0	34722
3413	34253	345	105	609	0	35312
3414	35113	79	67	452	0	35711
3415	35350	62	69	163	0	35644
3416	35269	72	89	146	0	35576
3417	35147	61	97	151	0	35456
3418	1042	119	34163	146	0	35470
3419	616	111	34811	133	0	35671
3420	326	113	875	34464	0	35778
3421	35015	91	460	623	0	36189
3422	35497	91	136	477	0	36201
3423	35623	74	101	238	0	36036
3424	34108	70	140	208	0	34526
3425	998	34136	185	242	0	35561
3426	582	35597	179	231	0	36589
3427	35557	818	124	237	0	36736
3428	35729	403	119	214	0	36465
3429	1070	35511	188	196	0	36965
3430	35998	519	131	197	0	36845
3431	776	447	35606	172	0	37001
3432	686	106	555	35091	0	36438
3433	374	116	35750	609	0	36849
3434	415	140	35541	442	0	36538
3435	392	110	858	34998	0	36358
3436	403	67	432	36231	0	37133
3437	358	128	36495	873	0	37854
3438	401	90	556	35687	0	36734
3439	389	101	427	36658	0	37575
3440	36358	85	172	915	0	37530
3441	36712	81	153	494	0	37440
3442	1125	100	161	36238	0	37624
3443	679	161	36275	577	0	37692
3444	337	36369	625	505	0	37836
3445	35636	517	471	233	0	36857
3446	786	440	36410	183	0	37819
3447	649	35645	642	186	0	37122
3448	343	37148	515	192	0	38198
3449	37355	785	201	194	0	38535
3450	37945	413	182	197	0	38737
3451	1153	107	159	37278	0	38697
3452	655	159	38999	598	0	40411
3453	399	100	642	39194	0	40335
3454	372	95	508	39571	0	40546
3455	394	86	185	40038	0	40703
3456	39212	84	177	995	0	40468
3457	805	38637	253	527	0	40222
3458	666	40147	270	206	0	41289
3459	351	911	169	39053	0	40484
3460	325	437	166	40236	0	41164
3461	39693	104	157	1028	0	40982
3462	39414	85	134	585	0	40218
3463	39798	81	141	257	0	40277
3464	1164	39062	225	208	0	40659
3465	38011	474	145	186	0	38816
3466	762	609	143	37208	0	38722
3467	583	151	37097	568	0	38399
3468	398	121	35250	407	0	36176
3469	33223	75	770	183	0	34251
3470	523	83	33067	121	0	33794
3471	371	105	30705	95	0	31276
3472	27068	36	408	90	0	27602
3473	277	77	27737	57	0	28148
3474	149	79	26617	60	0	26905
3475	129	295	302	24905	0	25631
3476	57	90	26377	143	0	26667
3477	57	42	126	25305	0	25530
3478	68	30	105	25734	0	25937
3479	62	70	26398	207	0	26737
3480	27	26841	149	111	0	27128
3481	26676	100	124	94	0	26994
3482	130	118	27381	41	0	27670
3483	111	81	26795	44	0	27031
3484	22412	32	215	77	0	22736
3485	141	72	25587	39	0	25839
3486	80	24924	120	43	0	25167
3487	24	24672	113	38	0	24847
3488	46	143	26	25493	0	25708
3489	38	75	26	25431	0	25570
3490	26118	16	13	197	0	26344
3491	26029	14	21	121	0	26185
3492	26210	12	17	61	0	26300
3493	177	17	15	26160	0	26369
3494	26380	12	25	138	0	26555
3495	26210	11	25	129	0	26375
3496	181	59	26414	32	0	26686
3497	112	49	26105	33	0	26299
3498	36	26812	198	37	0	27083
3499	29	90	91	26853	0	27063
3500	27000	81	28	141	0	27250
3501	108	26948	53	99	0	27208
3502	94	101	25	27211	0	27431
3503	27070	84	26	135	0	27315
3504	26639	18	25	128	0	26810
3505	178	27023	48	45	0	27294
3506	26751	100	17	56	0	26924
3507	26927	90	25	79	0	27121
3508	204	25	16	27051	0	27296
3509	114	77	27279	117	0	27587
3510	54	26996	138	115	0	27303
3511	38	27202	117	57	0	27414
3512	26138	153	39	53	0	26383
3513	136	123	30	26097	0	26386
3514	112	83	26419	118	0	26732
3515	23	26624	126	119	0	26892
3516	26570	86	98	52	0	26806
3517	26700	94	28	71	0	26893
3518	193	70	27473	42	0	27778
3519	136	36	111	26573	0	26856
3520	58	21	101	28502	0	28682
3521	38	79	31449	236	0	31802
3522	31429	15	209	176	0	31829
3523	37554	12	199	83	0	37848
3524	594	23	61	41057	0	41735
3525	341	42206	113	532	0	43192
3526	133	540	34	44320	0	45027
3527	54	490	44344	603	0	45491
3528	43224	79	579	499	0	44381
3529	623	44	450	45209	0	46326
3530	465	104	45310	634	0	46513
3531	43187	51	621	517	0	44376
3532	673	27	464	45094	0	46258
3533	533	37	91	45225	0	45886
3534	44704	32	72	1075	0	45883
3535	632	45118	138	552	0	46440
3536	45243	581	60	165	0	46049
3537	719	449	54	44457	0	45679
3538	44595	90	67	698	0	45450
3539	745	124	44295	539	0	45703
3540	537	44609	652	183	0	45981
3541	184	637	487	44853	0	46161
3542	45185	491	108	723	0	46507
3543	688	45173	152	559	0	46572
3544	600	681	79	45216	0	46576
3545	45653	497	61	757	0	46968
3546	44649	104	100	623	0	45476
3547	1224	86	93	43783	0	45186
3548	640	137	43615	753	0	45145
3549	204	146	43861	625	0	44836
3550	42880	74	1099	224	0	44277
3551	751	43474	611	184	0	45020
3552	546	42522	191	191	0	43450
3553	41753	991	140	187	0	43071
3554	705	42867	144	148	0	43864
3555	613	691	98	42362	0	43764
3556	244	511	95	43383	0	44233
3557	42822	177	77	1127	0	44203
3558	42303	109	63	646	0	43121
3559	42638	125	72	238	0	43073
3560	1204	177	41350	197	0	42928
3561	710	99	624	41303	0	42736
3562	297	164	41883	721	0	43065
3563	243	125	41625	593	0	42586
3564	242	126	42633	246	0	43247
3565	236	104	1172	41182	0	42694
3566	199	131	42549	753	0	43632
3567	205	145	42952	582	0	43884
3568	208	128	1185	41925	0	43446
3569	42447	111	635	807	0	44000
3570	800	172	42776	609	0	44357
3571	669	115	770	41813	0	43367
3572	287	106	586	43237	0	44216
3573	232	180	43161	1229	0	44802
3574	266	104	754	42773	0	43897
3575	218	182	43836	865	0	45101
3576	242	124	811	42705	0	43882
3577	240	97	600	43166	0	44103
3578	246	92	253	43428	0	44019
3579	238	100	208	43105	0	43651
3580	41462	82	210	1357	0	43111
3581	41622	86	226	803	0	42737
3582	1252	137	41247	346	0	42982
3583	687	40709	879	402	0	42677
3584	272	709	41790	274	0	43045
3585	246	553	41445	263	0	42507
3586	39835	134	1290	281	0	41540
3587	767	41625	819	315	0	43526
3588	42079	724	310	293	0	43406
3589	869	42559	388	251	0	44067
3590	42373	784	273	277	0	43707
3591	42678	585	242	289	0	43794
3592	1384	181	255	41406	0	43226
3593	747	42332	290	960	0	44329
3594	355	762	207	42868	0	44192
3595	273	583	196	43358	0	44410
3596	232	216	42813	1476	0	44737
3597	223	43026	969	862	0	45080
3598	270	779	699	42977	0	44725
3599	43510	593	300	995	0	45398
3600	44658	170	230	777	0	45835
3601	45010	127	237	357	0	45731
3602	1473	44063	284	313	0	46133
3603	45195	843	207	291	0	46536
3604	1019	46989	273	273	0	48554
3605	870	956	196	47355	0	49377
3606	342	795	47383	1058	0	49578
3607	357	205	995	46234	0	47791
3608	269	47217	884	1038	0	49408
3609	290	985	253	47294	0	48822
3610	293	800	203	46864	0	48160
3611	217	47380	297	1656	0	49550
3612	47466	1015	188	943	0	49612
3613	1106	780	164	47181	0	49231
3614	850	294	46354	1150	0	48648
3615	344	175	983	46844	0	48346
3616	327	177	776	47633	0	48913
3617	267	225	47322	1762	0	49576
3618	320	246	1047	43641	0	45254
3619	238	46418	866	1159	0	48681
3620	333	1032	45983	856	0	48204
3621	522	744	43375	312	0	44953
3622	163	41535	1475	280	0	43453
3623	125	37163	661	204	0	38153
3624	172	33493	255	150	0	34070
3625	30955	936	700	204	0	32795
3626	29789	396	153	112	0	30450
3627	29674	97	59	89	0	29919
3628	847	56	60	29044	0	30007
3629	409	77	28695	519	0	29700
3630	104	74	486	28556	0	29220
3631	85	75	376	28684	0	29220
3632	28386	72	75	843	0	29376
3633	28406	56	71	438	0	28971
3634	784	28447	93	123	0	29447
3635	28641	479	50	118	0	29288
3636	28588	376	64	117	0	29145
3637	29128	78	62	139	0	29407
3638	828	105	28191	115	0	29239
3639	407	80	28211	109	0	28807
3640	141	144	767	27475	0	28527
3641	95	97	27886	488	0	28566
3642	26671	81	473	387	0	27612
3643	27454	58	352	145	0	28009
3644	757	95	26846	78	0	27776
3645	26154	63	423	84	0	26724
3646	474	26452	386	74	0	27386
3647	26860	437	83	98	0	27478
3648	497	338	72	26261	0	27168
3649	412	92	66	25198	0	25768
3650	126	26211	100	705	0	27142
3651	26196	427	69	374	0	27066
3652	26224	358	64	135	0	26781
3653	727	26247	100	126	0	27200
3654	387	455	68	25543	0	26453
3655	168	352	72	25396	0	25988
3656	110	25586	106	744	0	26546
3657	133	481	63	25631	0	26308
3658	159	376	89	25882	0	26506
3659	25316	97	76	792	0	26281
3660	25426	97	66	415	0	26004
3661	770	131	25107	162	0	26170
3662	24782	95	426	171	0	25474
3663	496	123	25222	125	0	25966
3664	432	128	429	24403	0	25392
3665	135	107	24743	531	0	25516
3666	134	24243	488	414	0	25279
3667	203	435	390	23609	0	24637
3668	152	344	95	23996	0	24587
3669	23595	87	80	699	0	24461
3670	519	80	53	23494	0	24146
3671	409	119	22993	453	0	23974
3672	22931	98	426	402	0	23857
3673	23441	74	359	157	0	24031
3674	23876	104	102	126	0	24208
3675	23691	78	80	148	0	23997
3676	773	91	93	24349	0	25306
3677	455	79	76	25115	0	25725
3678	175	85	74	26181	0	26515
3679	209	79	85	26327	0	26700
3680	25605	65	67	878	0	26615
3681	25703	71	93	459	0	26326
3682	884	50	101	23518	0	24553
3683	454	24524	118	549	0	25645
3684	24623	474	133	410	0	25640
3685	582	400	24474	156	0	25612
3686	463	24449	506	147	0	25565
3687	23025	433	361	127	0	23946
3688	468	23291	111	104	0	23974
3689	400	425	22987	87	0	23899
3690	22891	332	398	92	0	23713
3691	23230	87	336	90	0	23743
3692	758	86	22690	107	0	23641
3693	446	49	416	22716	0	23627
3694	202	68	319	22383	0	22972
3695	154	22570	134	737	0	23595
3696	173	401	80	22501	0	23155
3697	21603	306	72	464	0	22445
3698	439	21702	98	416	0	22655
3699	382	377	50	20531	0	21340
3700	162	288	46	20693	0	21189
3701	132	89	20111	628	0	20960
3702	134	19964	374	326	0	20798
3703	18421	359	294	132	0	19206
3704	305	16639	80	79	0	17103
3705	219	15837	69	64	0	16189
3706	15541	386	159	79	0	16165
3707	285	178	67	15089	0	15619
3708	227	57	37	15294	0	15615
3709	15133	32	32	408	0	15605
3710	280	39	30	15360	0	15709
3711	232	39	27	15475	0	15773
3712	15580	28	29	419	0	16056
3713	288	36	24	15180	0	15528
3714	218	15193	34	267	0	15712
3715	15048	227	15	218	0	15508
3716	261	186	14602	74	0	15123
3717	186	13909	230	74	0	14399
3718	82	315	160	13337	0	13894
3719	54	171	13164	227	0	13616
3720	50	53	13128	176	0	13407
3721	113	449	307	12047	0	12916
3722	12050	29	198	207	0	12484
3723	189	28	32	12044	0	12293
3724	175	16	25	12120	0	12336
3725	38	28	19	12254	0	12339
3726	54	25	23	12247	0	12349
3727	43	20	15	12306	0	12384
3728	42	33	11718	313	0	12106
3729	39	41	11594	173	0	11847
3730	52	23	264	11599	0	11938
3731	48	35	11712	189	0	11984
3732	35	11637	181	167	0	12020
3733	54	159	141	11627	0	11981
3734	35	151	11436	197	0	11819
3735	10248	42	176	185	0	10651
3736	165	11208	154	79	0	11606
3737	139	10957	46	52	0	11194
3738	49	11215	39	50	0	11353
3739	74	263	24	10859	0	11220
3740	10883	147	31	178	0	11239
3741	175	41	15	10963	0	11194
3742	10742	42	18	198	0	11000
3743	158	10433	42	176	0	10809
3744	10717	165	14	79	0	10975
3745	182	143	18	10652	0	10995
3746	155	39	30	10599	0	10823
3747	40	10532	38	288	0	10898
3748	69	170	22	10700	0	10961
3749	53	141	32	10725	0	10951
3750	50	32	32	10756	0	10870
3751	10415	43	20	309	0	10787
3752	10193	30	29	191	0	10443
3753	253	56	10303	85	0	10697
3754	10259	25	146	95	0	10525
3755	177	47	10564	63	0	10851
3756	158	30	158	10321	0	10667
3757	52	24	145	10521	0	10742
3758	58	28	46	10664	0	10796
3759	28	48	10378	306	0	10760
3760	45	30	156	10457	0	10688
3761	33	43	10626	212	0	10914
3762	41	30	166	10625	0	10862
3763	10484	40	147	189	0	10860
3764	159	50	10515	196	0	10920
3765	10526	35	168	80	0	10809
3766	168	32	136	10622	0	10958
3767	10657	33	43	197	0	10930
3768	155	10572	56	207	0	10990
3769	169	139	31	10693	0	11032
3770	39	156	10986	201	0	11382
3771	77	58	144	10934	0	11213
3772	42	193	133	10453	0	10821
3773	42	10671	45	286	0	11044
3774	56	166	10552	164	0	10938
3775	35	10388	155	94	0	10672
3776	8711	154	126	77	0	9068
3777	90	8940	35	51	0	9116
3778	8084	78	82	35	0	8279
3779	8080	70	13	34	0	8197
3780	8034	11	18	30	0	8093
3781	153	12	15	7996	0	8176
3782	81	13	8040	85	0	8219
3783	33	12	74	7864	0	7983
3784	20	8085	86	79	0	8270
3785	12	71	20	8106	0	8209
3786	7957	65	22	93	0	8137
3787	68	8040	22	90	0	8220
3788	81	74	20	7780	0	7955
3789	20	75	12	7820	0	7927
3790	7724	12	15	141	0	7892
3791	74	24	7747	84	0	7929
3792	73	7616	70	44	0	7803
3793	16	64	55	7274	0	7409
3794	20	58	7248	65	0	7391
3795	21	25	66	7042	0	7154
3796	10	7282	61	59	0	7412
3797	18	72	23	7417	0	7530
3798	14	53	11	7347	0	7425
3799	15	10	10	7364	0	7399
3800	8	22	7243	116	0	7389
3801	6878	6	55	80	0	7019
3802	61	13	53	7681	0	7808
3803	8197	10	14	76	0	8297
3804	8389	17	8	73	0	8487
3805	8514	10	8	21	0	8553
3806	8493	10	10	18	0	8531
3807	8589	10	7	23	0	8629
3808	144	13	5	8372	0	8534
3809	75	8306	17	73	0	8471
3810	25	57	9	8040	0	8131
3811	11	8101	21	71	0	8204
3812	13	62	2	7672	0	7749
3813	7617	44	4	60	0	7725
3814	50	15	5	7614	0	7684
3815	43	19	7567	54	0	7683
3816	7112	3	44	56	0	7215
3817	54	7619	44	15	0	7732
3818	7629	45	31	26	0	7731
3819	7567	38	19	8	0	7632
3820	7435	9	4	17	0	7465
3821	79	7673	9	13	0	7774
3822	50	46	7	7640	0	7743
3823	16	37	5	7687	0	7745
3824	16	16	7642	92	0	7766
3825	14	7	48	7370	0	7439
3826	17	3	33	7514	0	7567
3827	14	5	12	7606	0	7637
3828	12	7686	15	88	0	7801
3829	7764	52	4	51	0	7871
3830	7523	44	2	23	0	7592
3831	94	18	7901	20	0	8033
3832	54	7981	52	16	0	8103
3833	26	64	34	8033	0	8157
3834	17	37	10	8136	0	8200
3835	16	9	8	8174	0	8207
3836	11	18	7	8299	0	8335
3837	17	11	3	8392	0	8423
3838	15	14	8194	115	0	8338
3839	13	18	7938	64	0	8033
3840	8217	9	101	28	0	8355
3841	8670	13	46	23	0	8752
3842	8773	7	15	24	0	8819
3843	121	9	15	8837	0	8982
3844	64	22	8752	75	0	8913
3845	8656	8	62	69	0	8795
3846	8960	8	49	31	0	9048
3847	118	21	8732	25	0	8896
3848	8634	8	69	25	0	8736
3849	91	15	9507	20	0	9633
3850	70	6	79	9550	0	9705
3851	18	21	9697	87	0	9823
3852	9371	6	87	77	0	9541
3853	9742	10	62	27	0	9841
3854	9773	6	17	26	0	9822
3855	9769	7	13	32	0	9821
3856	143	14	10176	21	0	10354
3857	80	10200	90	24	0	10394
3858	10328	78	61	15	0	10482
3859	10322	56	13	28	0	10419
3860	143	18	10493	17	0	10671
3861	84	13	82	10128	0	10307
3862	41	12	54	10471	0	10578
3863	29	13	10370	140	0	10552
3864	9729	5	87	82	0	9903
3865	10351	4	62	37	0	10454
3866	139	10507	34	25	0	10705
3867	10894	73	14	37	0	11018
3868	10911	55	18	18	0	11002
3869	10965	12	15	16	0	11008
3870	10645	10	18	24	0	10697
3871	168	16	10446	17	0	10647
3872	10118	8	91	18	0	10235
3873	114	43	64	10211	0	10432
3874	78	10422	29	87	0	10616
3875	40	82	10307	68	0	10497
3876	33	10445	92	27	0	10597
3877	47	118	64	9906	0	10135
3878	32	51	10144	73	0	10300
3879	9370	12	68	53	0	9503
3880	75	13	10089	17	0	10194
3881	9881	7	69	21	0	9978
3882	93	4	48	10067	0	10212
3883	69	4	20	10042	0	10135
3884	37	9997	18	97	0	10149
3885	27	10278	21	54	0	10380
3886	28	100	11	10508	0	10647
3887	10400	47	13	74	0	10534
3888	10411	15	8	57	0	10491
3889	10392	4	21	21	0	10438
3890	110	19	10519	14	0	10662
3891	10184	8	59	29	0	10280
3892	88	17	10832	17	0	10954
3893	65	19	10490	7	0	10581
3894	10435	5	107	21	0	10568
3895	10898	11	54	18	0	10981
3896	99	14	11009	11	0	11133
3897	56	13	64	10773	0	10906
3898	33	10	44	11187	0	11274
3899	11223	3	23	93	0	11342
3900	11057	4	12	56	0	11129
3901	99	10	11725	28	0	11862
3902	48	11424	57	18	0	11547
3903	21	11143	36	13	0	11213
3904	11004	70	18	18	0	11110
3905	78	33	14	10976	0	11101
3906	46	10	8	11165	0	11229
3907	21	9	9	11363	0	11402
3908	9959	7	7	94	0	10067
3909	54	11	11	11389	0	11465
3910	11464	0	7	60	0	11531
3911	11767	3	8	39	0	11817
3912	92	12547	23	17	0	12679
3913	54	62	9	13603	0	13728
3914	18	57	13750	65	0	13890
3915	13179	13	77	58	0	13327
3916	13738	7	57	25	0	13827
3917	13794	5	27	21	0	13847
3918	136	29	14303	12	0	14480
3919	82	8	86	14338	0	14514
3920	14526	4	62	94	0	14686
3921	14096	4	19	66	0	14185
3922	14114	10	9	35	0	14168
3923	135	14095	25	22	0	14277
3924	77	14579	16	29	0	14701
3925	36	114	10	14837	0	14997
3926	33	60	6	14728	0	14827
3927	29	14847	18	112	0	15006
3928	14681	78	9	66	0	14834
3929	91	61	15043	22	0	15217
3930	73	17	76	14954	0	15120
3931	26	15	57	14944	0	15042
3932	30	26	14847	123	0	15026
3933	13804	9	80	82	0	13975
3934	14991	5	58	32	0	15086
3935	132	14890	33	34	0	15089
3936	14849	65	15	28	0	14957
3937	95	78	15412	23	0	15608
3938	15423	16	74	26	0	15539
3939	109	27	15950	15	0	16101
3940	15656	30	110	19	0	15815
3941	16112	19	50	18	0	16199
3942	16080	5	36	26	0	16147
3943	15917	9	16	25	0	15967
3944	135	15896	28	24	0	16083
3945	16211	64	12	29	0	16316
3946	16539	45	22	19	0	16625
3947	126	33	16618	29	0	16806
3948	16515	19	61	24	0	16619
3949	100	14	48	16433	0	16595
3950	70	28	16450	81	0	16629
3951	16282	9	74	54	0	16419
3952	92	24	52	16664	0	16832
3953	17130	8	19	93	0	17250
3954	18033	11	18	99	0	18161
3955	140	27	18878	27	0	19072
3956	18488	11	80	36	0	18615
3957	19012	11	59	29	0	19111
3958	19116	7	23	24	0	19170
3959	19411	4	17	39	0	19471
3960	165	7	27	18865	0	19064
3961	98	19127	38	83	0	19346
3962	18921	86	22	78	0	19107
3963	19360	57	10	31	0	19458
3964	19499	18	22	29	0	19568
3965	171	33	19327	25	0	19556
3966	101	19361	109	25	0	19596
3967	73	84	71	19301	0	19529
3968	69	50	31	19504	0	19654
3969	70	33	20116	141	0	20360
3970	68	16	104	20050	0	20238
3971	60	40	20433	116	0	20649
3972	57	17	114	20219	0	20407
3973	59	25	78	20524	0	20686
3974	62	45	20659	175	0	20941
3975	19633	18	113	109	0	19873
3976	20951	20	86	56	0	21113
3977	191	42	21151	44	0	21428
3978	20597	21	109	57	0	20784
3979	21238	15	93	48	0	21394
3980	209	34	22015	48	0	22306
3981	130	17	114	21709	0	21970
3982	63	19	96	22140	0	22318
3983	22218	10	41	192	0	22461
3984	146	22713	47	117	0	23023
3985	21814	113	38	51	0	22016
3986	22523	85	36	45	0	22689
3987	221	23176	38	50	0	23485
3988	23345	112	33	60	0	23550
3989	23223	87	30	49	0	23389
3990	224	23205	48	47	0	23524
3991	149	115	33	23259	0	23556
3992	86	23749	46	125	0	24006
3993	86	133	25	23800	0	24044
3994	73	127	23724	129	0	24053
3995	69	52	23588	116	0	23825
3996	22983	25	203	51	0	23262
3997	23870	25	124	50	0	24069
3998	264	53	24053	36	0	24406
3999	23738	17	139	66	0	23960
4000	24484	13	120	45	0	24662
4001	23970	15	44	48	0	24077
4002	254	24599	69	54	0	24976
4003	172	111	33	24993	0	25309
4004	24980	100	32	156	0	25268
4005	24773	22	36	125	0	24956
4006	270	56	25323	45	0	25694
4007	182	15	127	24936	0	25260
4008	97	29	125	25089	0	25340
4009	82	25481	52	209	0	25824
4010	83	26834	47	143	0	27107
4011	78	406	34	25632	0	26150
4012	63	26505	40	193	0	26801
4013	25562	168	28	126	0	25884
4014	194	26835	50	38	0	27117
4015	27443	192	28	47	0	27710
4016	257	181	27906	23	0	28367
4017	28515	34	225	46	0	28820
4018	29685	22	159	43	0	29909
4019	29783	20	37	46	0	29886
4020	29185	21	25	55	0	29286
4021	422	29386	41	33	0	29882
4022	223	223	24	29627	0	30097
4023	88	185	20	29832	0	30125
4024	60	67	29655	406	0	30188
4025	65	34	238	29148	0	29485
4026	64	28	178	29774	0	30044
4027	29846	19	31	441	0	30337
4028	285	30278	42	223	0	30828
4029	222	258	32	30359	0	30871
4030	87	198	29	30813	0	31127
4031	75	57	31	31016	0	31179
4032	30715	39	26	486	0	31266
4033	283	32	42	30926	0	31283
4034	31200	24	33	325	0	31582
4035	332	27	39	31298	0	31696
4036	282	28	28	31547	0	31885
4037	111	46	30302	458	0	30917
4038	27315	44	259	292	0	27910
4039	329	30099	217	78	0	30723
4040	30965	258	43	105	0	31371
4041	349	202	37	30610	0	31198
4042	273	48	32	30956	0	31309
4043	31450	38	25	492	0	32005
4044	31949	35	30	294	0	32308
4045	534	43	30	33070	0	33677
4046	276	71	33284	372	0	34003
4047	93	73	33166	309	0	33641
4048	86	34490	529	113	0	35218
4049	34855	328	297	116	0	35596
4050	34670	266	59	124	0	35119
4051	619	69	42	34253	0	34983
4052	324	35641	46	376	0	36387
4053	143	356	25	35631	0	36155
4054	128	289	33	34154	0	34604
4055	79	33313	65	655	0	34112
4056	33449	350	47	344	0	34190
4057	435	313	41	33105	0	33894
4058	335	34004	86	413	0	34838
4059	128	35138	79	322	0	35667
4060	35068	578	42	136	0	35824
4061	445	338	34994	123	0	35900
4062	34920	78	362	129	0	35489
4063	472	98	272	35248	0	36090
4064	378	74	58	34833	0	35343
4065	161	35379	83	650	0	36273
4066	145	460	62	35572	0	36239
4067	168	333	35689	470	0	36660
4068	138	35306	373	371	0	36188
4069	127	35520	290	147	0	36084
4070	34819	564	94	169	0	35646
4071	380	35536	92	169	0	36177
4072	326	397	63	35158	0	35944
4073	136	35661	64	438	0	36299
4074	160	388	45	35754	0	36347
4075	151	303	33	35912	0	36399
4076	113	161	35102	719	0	36095
4077	122	96	354	34836	0	35408
4078	140	97	288	35264	0	35789
4079	34483	94	91	708	0	35376
4080	473	122	34539	430	0	35564
4081	426	100	351	35022	0	35899
4082	195	129	35276	524	0	36124
4083	34160	105	397	472	0	35134
4084	447	35682	360	274	0	36763
4085	37481	445	107	248	0	38281
4086	547	359	78	38293	0	39277
4087	443	138	64	38669	0	39314
4088	208	179	38214	855	0	39456
4089	34473	140	450	602	0	35665
4090	520	38638	369	284	0	39811
4091	36798	506	113	262	0	37679
4092	588	400	94	37752	0	38834
4093	454	38671	125	576	0	39826
4094	38293	506	98	489	0	39386
4095	548	39312	111	268	0	40239
4096	441	548	66	38990	0	40045
4097	215	398	81	39368	0	40062
4098	203	185	103	39060	0	39551
4099	168	38642	132	918	0	39860
4100	165	537	104	38952	0	39758
4101	217	424	102	39128	0	39871
4102	38069	211	82	936	0	39298
4103	38326	181	67	561	0	39135
4104	38493	174	83	266	0	39016
4105	858	213	38413	263	0	39747
4106	38198	200	468	280	0	39146
4107	38838	163	381	261	0	39643
4108	37823	157	144	292	0	38416
4109	828	221	36133	273	0	37455
4110	36250	161	364	235	0	37010
4111	545	132	300	36955	0	37932
4112	398	197	36340	534	0	37469
4113	213	36096	445	460	0	37214
4114	231	884	322	33537	0	34974
4115	168	34426	144	443	0	35181
4116	167	34378	113	368	0	35026
4117	32585	540	227	220	0	33572
4118	391	312	98	32259	0	33060
4119	32624	94	96	436	0	33250
4120	409	117	72	32598	0	33196
4121	32530	112	75	409	0	33126
4122	414	115	70	32525	0	33124
4123	32457	115	66	417	0	33055
4124	389	164	31480	340	0	32373
4125	343	132	301	31584	0	32360
4126	182	175	32182	389	0	32928
4127	145	151	31076	342	0	31714
4128	127	116	32146	215	0	32604
4129	144	168	517	31206	0	32035
4130	130	136	31740	448	0	32454
4131	31103	106	303	375	0	31887
4132	362	80	229	31651	0	32322
4133	295	132	32845	437	0	33709
4134	181	91	294	32755	0	33321
4135	174	81	256	32985	0	33496
4136	188	150	34839	560	0	35737
4137	192	78	309	34846	0	35425
4138	191	66	263	34416	0	34936
4139	178	35598	162	539	0	36477
4140	35496	275	89	322	0	36182
4141	35565	214	90	184	0	36053
4142	560	141	34837	168	0	35706
4143	33825	53	303	166	0	34347
4144	380	110	33501	137	0	34128
4145	248	100	32121	139	0	32608
4146	127	114	32184	100	0	32525
4147	236	460	473	30300	0	31469
4148	89	121	31558	265	0	32033
4149	93	98	207	30816	0	31214
4150	91	46	159	31325	0	31621
4151	100	36	56	31298	0	31490
4152	80	44	52	31154	0	31330
4153	30910	18	42	361	0	31331
4154	30974	28	56	248	0	31306
4155	351	31921	85	119	0	32476
4156	201	180	60	32038	0	32479
4157	112	195	32691	260	0	33258
4158	62	33104	301	218	0	33685
4159	104	285	202	33779	0	34370
4160	55	226	34518	325	0	35124
4161	78	72	302	33881	0	34333
4162	53	100	34538	326	0	35017
4163	52	121	34323	245	0	34741
4164	89	36	445	34487	0	35057
4165	85	32	237	34805	0	35159
4166	34719	22	67	528	0	35336
4167	319	34	70	34534	0	34957
4168	34274	28	64	390	0	34756
4169	284	34399	80	267	0	35030
4170	205	35421	80	106	0	35812
4171	110	452	41	35441	0	36044
4172	35900	203	55	367	0	36525
4173	325	36249	98	242	0	36914
4174	258	316	59	36969	0	37602
4175	39005	199	66	413	0	39683
4176	39440	41	77	282	0	39840
4177	39361	28	78	135	0	39602
4178	39291	24	77	102	0	39494
4179	40245	26	61	117	0	40449
4180	567	95	39162	77	0	39901
4181	280	96	38831	103	0	39310
4182	80	38966	530	87	0	39663
4183	116	507	319	38309	0	39251
4184	69	233	39930	324	0	40556
4185	59	144	38664	211	0	39078
4186	72	156	477	36815	0	37520
4187	57	95	40746	311	0	41209
4188	64	102	40719	220	0	41105
4189	38	49104	579	113	0	49834
4190	48807	557	302	96	0	49762
4191	520	52598	138	73	0	53329
4192	443	655	75	51117	0	52290
4193	54361	393	59	603	0	55416
4194	657	55733	112	393	0	56895
4195	464	640	66	54541	0	55711
4196	84	504	56000	668	0	57256
4197	55493	83	686	449	0	56711
4198	57448	56	436	120	0	58060
4199	58442	45	87	122	0	58696
4200	1203	35	47	57988	0	59273
4201	525	169	58105	807	0	59606
4202	99	58422	813	492	0	59826
4203	143	747	440	57405	0	58735
4204	57333	455	98	767	0	58653
4205	763	150	58255	457	0	59625
4206	488	56173	836	163	0	57660
4207	148	796	57954	86	0	58984
4208	56968	434	811	117	0	58330
4209	59088	96	492	105	0	59781
4210	59055	78	111	127	0	59371
4211	1245	148	57929	111	0	59433
4212	565	57399	844	114	0	58922
4213	204	747	511	57331	0	58793
4214	195	467	114	58261	0	59037
4215	169	106	112	58136	0	58523
4216	126	152	57175	1230	0	58683
4217	54585	93	792	639	0	56109
4218	846	151	58153	168	0	59318
4219	57990	82	836	175	0	59083
4220	59193	88	550	146	0	59977
4221	59665	98	147	163	0	60073
4222	57882	95	167	150	0	58294
4223	1342	198	58273	91	0	59904
4224	694	123	804	57479	0	59100
4225	268	160	58267	862	0	59557
4226	238	56719	926	582	0	58465
4227	215	58445	618	176	0	59454
4228	58099	1240	203	206	0	59748
4229	56530	618	192	195	0	57535
4230	1291	58218	261	205	0	59975
4231	58871	877	156	226	0	60130
4232	1126	682	51489	217	0	53514
4233	56561	165	746	224	0	57696
4234	995	57905	587	189	0	59676
4235	59140	890	219	193	0	60442
4236	57356	615	187	190	0	58348
4237	1584	181	175	56006	0	57946
4238	885	167	184	56868	0	58104
4239	55920	193	204	1419	0	57736
4240	1094	173	215	56310	0	57792
4241	56462	174	207	1013	0	57856
4242	1151	174	197	56390	0	57912
4243	55980	136	247	1018	0	57381
4244	55301	174	235	679	0	56389
4245	1515	54856	345	247	0	56963
4246	856	55939	368	191	0	57354
4247	54152	1369	236	247	0	56004
4248	1085	54967	324	221	0	56597
4249	846	1029	272	53659	0	55806
4250	452	661	238	54523	0	55874
4251	52329	267	276	1437	0	54309
4252	1031	53477	329	797	0	55634
4253	840	52947	349	367	0	54503
4254	426	53414	379	287	0	54506
4255	536	1357	51040	295	0	53228
4256	527	761	51599	248	0	53135
4257	593	375	52062	257	0	53287
4258	653	876	1417	43431	0	46377
4259	515	49020	770	790	0	51095
4260	49061	835	256	646	0	50798
4261	1112	651	48550	326	0	50639
4262	901	295	48613	332	0	50141
4263	431	291	49476	324	0	50522
4264	577	258	1333	47374	0	49542
4265	524	215	751	48773	0	50263
4266	597	228	263	49278	0	50366
4267	48643	227	244	1255	0	50369
4268	48733	215	267	664	0	49879
4269	49078	248	241	273	0	49840
4270	1518	223	296	47035	0	49072
4271	824	260	45894	808	0	47786
4272	465	292	46796	595	0	48148
4273	485	200	1154	45701	0	47540
4274	489	205	654	45167	0	46515
4275	43849	205	235	1219	0	45508
4276	1002	43274	344	701	0	45321
4277	43431	707	161	337	0	44636
4278	1006	43124	282	352	0	44764
4279	891	755	188	42452	0	44286
4280	483	570	42432	881	0	44366
4281	519	274	769	42189	0	43751
4282	42311	162	507	936	0	43916
4283	997	202	42023	650	0	43872
4284	40106	162	699	324	0	41291
4285	1006	239	40124	206	0	41575
4286	863	255	38932	171	0	40221
4287	35610	190	1000	254	0	37054
4288	896	189	36569	231	0	37885
4289	381	126	27395	110	0	28012
4290	423	26820	820	120	0	28183
4291	23351	551	1001	226	0	25129
4292	22102	155	241	69	0	22567
4293	22002	38	53	57	0	22150
4294	294	66	21107	46	0	21513
4295	20125	39	164	58	0	20386
4296	190	20744	125	29	0	21088
4297	20166	135	28	53	0	20382
4298	157	139	20181	44	0	20521
4299	155	227	127	18956	0	19465
4300	37	47	18937	124	0	19145
4301	40	18962	127	105	0	19234
4302	93	98	111	18212	0	18514
4303	60	75	43	18564	0	18742
4304	18891	14	19	148	0	19072
4305	18812	15	16	91	0	18934
4306	18857	13	16	39	0	18925
4307	18867	8	18	42	0	18935
4308	18631	10	16	24	0	18681
4309	153	45	18620	25	0	18843
4310	100	16	74	18412	0	18602
4311	35	42	19273	95	0	19445
4312	28	16	100	19262	0	19406
4313	19592	9	88	114	0	19803
4314	19830	15	19	103	0	19967
4315	20078	13	17	35	0	20143
4316	20163	15	22	31	0	20231
4317	193	49	20669	20	0	20931
4318	118	16	103	20392	0	20629
4319	35	36	20685	125	0	20881
4320	23	21011	132	136	0	21302
4321	27	21152	149	63	0	21391
4322	57	255	27	20431	0	20770
4323	47	125	18	22243	0	22433
4324	58	27	24	22734	0	22843
4325	45	12	29	23614	0	23700
4326	23252	11	24	324	0	23611
4327	167	23252	47	182	0	23648
4328	22713	151	13	54	0	22931
4329	179	140	25	22585	0	22929
4330	174	22	24	21881	0	22101
4331	33	22602	43	305	0	22983
4332	68	153	22	22673	0	22916
4333	22392	136	20	204	0	22752
4334	177	21860	40	178	0	22255
4335	141	21469	45	57	0	21712
4336	21250	276	20	49	0	21595
4337	183	149	11	21294	0	21637
4338	154	21381	37	170	0	21742
4339	73	169	20	21624	0	21886
4340	21527	148	24	199	0	21898
4341	175	31	17	21502	0	21725
4342	164	23	8	21537	0	21732
4343	21335	14	17	339	0	21705
4344	188	16	13	21365	0	21582
4345	179	21441	29	191	0	21840
4346	60	149	14	21297	0	21520
4347	50	21497	30	193	0	21770
4348	42	180	14	21496	0	21732
4349	21306	145	23	210	0	21684
4350	21500	28	22	189	0	21739
4351	316	39	14	21557	0	21926
4352	175	59	21239	184	0	21657
4353	20427	19	156	201	0	20803
4354	208	62	21345	49	0	21664
4355	20871	28	174	73	0	21146
4356	21086	26	141	63	0	21316
4357	320	43	20760	49	0	21172
4358	169	20519	184	69	0	20941
4359	20470	156	162	63	0	20851
4360	20482	138	29	76	0	20725
4361	287	62	21188	46	0	21583
4362	21015	40	170	70	0	21295
4363	21050	21	133	78	0	21282
4364	21270	21	22	75	0	21388
4365	310	27	18	21038	0	21393
4366	195	38	12	21012	0	21257
4367	56	21281	33	306	0	21676
4368	65	161	13	21757	0	21996
4369	60	150	11	21776	0	21997
4370	49	68	21354	329	0	21800
4371	52	63	20843	184	0	21142
4372	19388	26	280	95	0	19789
4373	20726	33	148	70	0	20977
4374	316	20716	64	66	0	21162
4375	202	187	28	20848	0	21265
4376	75	181	21373	233	0	21862
4377	70	55	185	21610	0	21920
4378	68	36	159	22169	0	22432
4379	64	26	37	22552	0	22679
4380	50	22692	67	397	0	23206
4381	74	226	24	23097	0	23421
4382	73	186	14	23366	0	23639
4383	62	60	23051	408	0	23581
4384	63	65	23153	239	0	23520
4385	21958	39	379	100	0	22476
4386	23217	23	192	101	0	23533
4387	418	30	55	24325	0	24828
4388	237	35	37	23940	0	24249
4389	87	35	29	24346	0	24497
4390	73	54	23362	521	0	24010
4391	45	22945	300	327	0	23617
4392	54	312	23212	113	0	23691
4393	22542	229	307	90	0	23168
4394	335	68	23332	61	0	23796
4395	22988	44	304	86	0	23422
4396	22918	39	242	87	0	23286
4397	23451	41	59	69	0	23620
4398	532	32	49	23079	0	23692
4399	280	63	23134	338	0	23815
4400	87	23640	332	274	0	24333
4401	86	301	237	23361	0	23985
4402	89	251	55	24013	0	24408
4403	75	81	24597	555	0	25308
4404	60	24243	389	336	0	25028
4405	24788	357	279	106	0	25530
4406	422	25521	122	103	0	26168
4407	26950	439	59	82	0	27530
4408	545	325	50	27000	0	27920
4409	376	107	27708	506	0	28697
4410	107	27829	539	406	0	28881
4411	27864	509	406	146	0	28925
4412	546	379	27979	106	0	29010
4413	28023	82	547	103	0	28755
4414	28258	46	380	80	0	28764
4415	868	67	28063	78	0	29076
4416	27670	42	536	78	0	28326
4417	27673	40	375	71	0	28159
4418	27366	34	104	81	0	27585
4419	864	26655	118	87	0	27724
4420	26053	482	68	65	0	26668
4421	543	26448	89	77	0	27157
4422	377	517	26251	64	0	27209
4423	110	26134	498	86	0	26828
4424	24805	502	489	87	0	25883
4425	25077	303	86	55	0	25521
4426	25386	67	47	63	0	25563
4427	781	49	36	24581	0	25447
4428	380	48	41	25104	0	25573
4429	24369	45	59	736	0	25209
4430	24935	51	52	342	0	25380
4431	777	40	41	24246	0	25104
4432	378	65	24236	445	0	25124
4433	118	23688	464	317	0	24587
4434	87	24321	336	99	0	24843
4435	102	696	82	23820	0	24700
4436	112	337	23987	443	0	24879
4437	119	120	442	22653	0	23334
4438	86	23518	330	447	0	24381
4439	102	441	86	23501	0	24130
4440	91	345	23467	468	0	24371
4441	95	107	457	23551	0	24210
4442	111	86	24467	496	0	25160
4443	120	54	493	24255	0	24922
4444	112	87	24998	494	0	25691
4445	105	91	24892	328	0	25416
4446	23785	63	743	102	0	24693
4447	24901	53	349	94	0	25397
4448	25220	56	110	78	0	25464
4449	788	24667	108	70	0	25633
4450	440	450	79	24847	0	25816
4451	24625	323	83	483	0	25514
4452	25242	98	92	330	0	25762
4453	25273	84	82	118	0	25557
4454	814	100	24778	100	0	25792
4455	431	23992	495	135	0	25053
4456	180	25162	343	134	0	25819
4457	24851	688	119	90	0	25748
4458	564	342	103	24715	0	25724
4459	24802	119	88	464	0	25473
4460	588	109	24533	323	0	25553
4461	430	85	492	23929	0	24936
4462	206	91	340	24373	0	25010
4463	206	87	125	23406	0	23824
4464	164	24116	142	690	0	25112
4465	24095	458	90	350	0	24993
4466	24221	323	89	123	0	24756
4467	775	23765	128	82	0	24750
4468	442	471	72	23429	0	24414
4469	23616	319	82	489	0	24506
4470	590	111	75	23657	0	24433
4471	23738	92	87	494	0	24411
4472	569	23438	113	372	0	24492
4473	23386	468	87	121	0	24062
4474	568	374	23079	112	0	24133
4475	409	23207	487	139	0	24242
4476	213	492	23068	128	0	23901
4477	332	596	570	22128	0	23626
4478	22077	124	349	451	0	23001
4479	22263	80	136	306	0	22785
4480	22082	82	86	146	0	22396
4481	774	63	83	21240	0	22160
4482	21435	61	93	431	0	22020
4483	534	61	83	21150	0	21828
4484	21150	57	84	472	0	21763
4485	21227	74	104	307	0	21712
4486	688	102	20949	131	0	21870
4487	329	80	19840	83	0	20332
4488	147	77	19861	90	0	20175
4489	130	88	561	18948	0	19727
4490	19111	57	339	369	0	19876
4491	427	60	87	19439	0	20013
4492	290	45	71	19773	0	20179
4493	20387	52	54	576	0	21069
4494	20507	29	66	291	0	20893
4495	20722	44	50	121	0	20937
4496	20850	37	51	91	0	21029
4497	608	35	67	20346	0	21056
4498	20170	48	46	354	0	20618
4499	390	19855	82	260	0	20587
4500	19561	289	53	97	0	20000
4501	19349	201	92	114	0	19756
4502	483	99	18286	53	0	18921
4503	16973	35	258	66	0	17332
4504	296	39	17195	54	0	17584
4505	160	31	16106	51	0	16348
4506	103	62	15973	38	0	16176
4507	152	385	271	13443	0	14251
4508	42	31	13994	85	0	14152
4509	37	107	83	12840	0	13067
4510	18	11	13308	71	0	13408
4511	26	20	13954	44	0	14044
4512	28	27	102	13259	0	13416
4513	23	7	47	14358	0	14435
4514	19	16	14952	93	0	15080
4515	14153	5	61	58	0	14277
4516	72	8	50	14972	0	15102
4517	64	5	13	15132	0	15214
4518	15141	7	15	114	0	15277
4519	70	6	13	15489	0	15578
4520	51	29	15451	72	0	15603
4521	26	22	14798	53	0	14899
4522	21	9	102	14594	0	14726
4523	17	34	15006	75	0	15132
4524	7	15596	78	55	0	15736
4525	34	64	49	15389	0	15536
4526	15553	40	20	86	0	15699
4527	69	28	15641	58	0	15796
4528	15212	9	73	45	0	15339
4529	83	3	47	16127	0	16260
4530	58	4	15	16300	0	16377
4531	21	3	11	16346	0	16381
4532	28	9	9	16308	0	16354
4533	15994	5	12	142	0	16153
4534	76	17131	35	78	0	17320
4535	63	101	16	17351	0	17531
4536	25	91	12	17400	0	17528
4537	27	13	11	17494	0	17545
4538	19	7	14	17488	0	17528
4539	17176	9	12	194	0	17391
4540	96	17271	29	109	0	17505
4541	17089	75	17	54	0	17235
4542	95	16505	26	41	0	16667
4543	79	16574	25	44	0	16722
4544	16149	146	10	43	0	16348
4545	102	104	16417	24	0	16647
4546	95	24	98	16440	0	16657
4547	16854	9	85	123	0	17071
4548	17126	10	25	111	0	17272
4549	15942	39	40	81	0	16102
4550	17399	7	10	53	0	17469
4551	173	18314	32	52	0	18571
4552	18569	134	9	37	0	18749
4553	19023	99	12	43	0	19177
4554	242	20238	26	32	0	20538
4555	149	199	8	20861	0	21217
4556	39	177	20880	225	0	21321
4557	28	32	213	21091	0	21364
4558	20812	21	149	268	0	21250
4559	224	35	22044	174	0	22477
4560	165	21846	239	70	0	22320
4561	55	244	22294	49	0	22642
4562	45	209	243	20620	0	21117
4563	23	21908	196	203	0	22330
4564	22102	224	47	169	0	22542
4565	227	22477	45	84	0	22833
4566	192	257	20	22124	0	22593
4567	62	171	17	22752	0	23002
4568	22321	47	17	398	0	22783
4569	260	25	20	22025	0	22330
4570	183	22352	39	269	0	22843
4571	22345	226	16	195	0	22782
4572	22412	166	16	71	0	22665
4573	378	22741	32	50	0	23201
4574	22785	239	18	57	0	23099
4575	258	22572	36	53	0	22919
4576	22375	254	17	63	0	22709
4577	271	22562	38	53	0	22924
4578	204	262	25	21498	0	21989
4579	77	176	18	22611	0	22882
4580	22384	53	19	382	0	22838
4581	22832	41	29	217	0	23119
4582	384	22811	43	85	0	23323
4583	213	272	22473	58	0	23016
4584	22611	178	227	64	0	23080
4585	274	72	168	22920	0	23434
4586	197	23179	59	239	0	23674
4587	87	249	24	23328	0	23688
4588	23237	172	24	288	0	23721
4589	23481	72	10	220	0	23783
4590	23810	44	18	94	0	23966
4591	454	51	15	23320	0	23840
4592	243	76	23390	262	0	23971
4593	22064	44	220	231	0	22559
4594	22864	53	171	82	0	23170
4595	23271	43	51	60	0	23425
4596	446	22894	57	58	0	23455
4597	264	250	36	22981	0	23531
4598	94	23732	36	256	0	24118
4599	83	288	23	23826	0	24220
4600	90	200	24	24165	0	24479
4601	67	115	25161	424	0	25767
4602	94	56	254	26461	0	26865
4603	97	42	210	27112	0	27461
4604	26947	51	57	559	0	27614
4605	343	27229	57	327	0	27956
4606	27472	348	34	103	0	27957
4607	28202	265	27	80	0	28574
4608	608	98	30	27976	0	28712
4609	356	91	28370	364	0	29181
4610	127	27835	364	306	0	28632
4611	75	27713	290	119	0	28197
4612	26955	610	96	93	0	27754
4613	399	27399	79	86	0	27963
4614	300	395	40	26545	0	27280
4615	122	283	23	27327	0	27755
4616	96	111	26841	606	0	27654
4617	91	81	26752	348	0	27272
4618	81	26761	609	99	0	27550
4619	112	369	297	26566	0	27344
4620	26669	298	63	400	0	27430
4621	402	88	51	27036	0	27577
4622	298	96	27217	436	0	28047
4623	116	71	333	27122	0	27642
4624	25907	53	268	450	0	26678
4625	26150	66	72	340	0	26628
4626	616	26262	73	146	0	27097
4627	26351	376	40	104	0	26871
4628	407	26401	70	92	0	26970
4629	26274	390	39	96	0	26799
4630	451	317	28	25735	0	26531
4631	323	122	25702	382	0	26529
4632	136	96	25629	313	0	26174
4633	96	26180	573	127	0	26976
4634	143	336	284	25196	0	25959
4635	81	272	69	25835	0	26257
4636	25739	80	39	585	0	26443
4637	26083	70	34	324	0	26511
4638	26589	63	37	132	0	26821
4639	628	78	38	26131	0	26875
4640	359	78	42	26612	0	27091
4641	149	68	35	26905	0	27157
4642	121	77	26341	609	0	27148
4643	93	93	26163	320	0	26669
4644	25060	73	525	158	0	25816
4645	25997	58	274	136	0	26465
4646	568	102	26081	85	0	26836
4647	25318	77	334	102	0	25831
4648	25199	65	247	116	0	25627
4649	548	77	25297	108	0	26030
4650	315	25326	361	109	0	26111
4651	160	401	297	24294	0	25152
4652	121	259	24971	346	0	25697
4653	113	25597	326	270	0	26306
4654	165	511	215	22699	0	23590
4655	80	23974	98	278	0	24430
4656	91	288	23303	230	0	23912
4657	99	226	23575	113	0	24013
4658	148	210	428	23102	0	23888
4659	23362	72	238	302	0	23974
4660	310	67	70	23422	0	23869
4661	23329	61	44	309	0	23743
4662	338	69	45	23430	0	23882
4663	255	77	23191	304	0	23827
4664	22029	64	277	273	0	22643
4665	301	63	23337	113	0	23814
4666	22944	64	299	100	0	23407
4667	310	66	241	22563	0	23180
4668	248	23245	101	301	0	23895
4669	129	262	67	23161	0	23619
4670	104	23949	97	324	0	24474
4671	141	277	69	22341	0	22828
4672	86	24017	104	283	0	24490
4673	23570	277	74	252	0	24173
4674	23797	207	61	145	0	24210
4675	23715	72	81	131	0	23999
4676	477	78	23491	103	0	24149
4677	283	82	287	23322	0	23974
4678	157	59	23929	319	0	24464
4679	125	23241	330	248	0	23944
4680	120	23697	271	107	0	24195
4681	23009	434	106	96	0	23645
4682	336	247	23284	94	0	23961
4683	266	22994	316	95	0	23671
4684	140	280	242	23250	0	23912
4685	23300	228	105	320	0	23953
4686	299	23557	117	281	0	24254
4687	23832	289	82	112	0	24315
4688	335	273	24016	120	0	24744
4689	274	89	301	24223	0	24887
4690	126	62	253	24873	0	25314
4691	115	62	110	25214	0	25501
4692	112	25120	102	536	0	25870
4693	132	327	86	24411	0	24956
4694	130	267	25455	395	0	26247
4695	130	58	330	24913	0	25431
4696	130	55	264	25423	0	25872
4697	134	50	117	25001	0	25302
4698	115	24608	124	527	0	25374
4699	125	295	88	24530	0	25038
4700	138	235	78	24160	0	24611
4701	69	22659	90	446	0	23264
4702	21042	218	44	206	0	21510
4703	226	21357	62	71	0	21716
4704	150	21095	61	71	0	21377
4705	94	400	77	20574	0	21145
4706	59	174	20545	216	0	20994
4707	18510	66	235	149	0	18960
4708	217	49	131	20120	0	20517
4709	134	44	19850	221	0	20249
4710	40	19929	220	181	0	20370
4711	39	187	130	19936	0	20292
4712	39	155	20214	209	0	20617
4713	47	83	188	19697	0	20015
4714	52	46	136	19786	0	20020
4715	19368	35	39	317	0	19759
4716	180	19391	59	191	0	19821
4717	19252	176	26	79	0	19533
4718	193	153	19558	62	0	19966
4719	145	19733	190	62	0	20130
4720	59	199	19837	48	0	20143
4721	82	214	198	19883	0	20377
4722	19934	40	148	210	0	20332
4723	183	43	31	19959	0	20216
4724	20125	31	30	221	0	20407
4725	20346	37	29	158	0	20570
4726	307	37	29	20615	0	20988
4727	170	53	21337	208	0	21768
4728	54	49	21856	180	0	22139
4729	61	36	308	22099	0	22504
4730	54	35	164	22622	0	22875
4731	22446	35	50	361	0	22892
4732	214	43	34	22338	0	22629
4733	169	22213	56	240	0	22678
4734	71	193	39	22419	0	22722
4735	46	167	26	22518	0	22757
4736	22133	45	22	383	0	22583
4737	221	22486	50	219	0	22976
4738	177	232	31	22661	0	23101
4739	55	183	31	22513	0	22782
4740	39	22421	75	412	0	22947
4741	46	231	34	22779	0	23090
4742	53	191	27	22449	0	22720
4743	40	22192	58	431	0	22721
4744	53	236	32	22386	0	22707
4745	48	188	30	22102	0	22368
4746	35	21964	53	419	0	22471
4747	47	230	29	22237	0	22543
4748	21885	182	27	310	0	22404
4749	21912	58	29	244	0	22243
4750	21850	46	26	113	0	22035
4751	21594	43	23	110	0	21770
4752	370	20779	48	100	0	21297
4753	19634	197	16	72	0	19919
4754	195	19420	35	75	0	19725
4755	135	19367	40	73	0	19615
4756	125	305	56	19180	0	19666
4757	46	170	19306	206	0	19728
4758	18341	47	186	166	0	18740
4759	19156	36	126	87	0	19405
4760	292	67	19740	74	0	20173
4761	19332	39	184	74	0	19629
4762	20037	23	135	100	0	20295
4763	304	19710	54	60	0	20128
4764	21646	186	22	128	0	21982
4765	223	151	13	21534	0	21921
4766	185	46	22	21711	0	21964
4767	59	42	25	21872	0	21998
4768	65	35	17	21821	0	21938
4769	21663	37	25	358	0	22083
4770	220	36	22	21551	0	21829
4771	185	29	25	21616	0	21855
4772	65	80	21215	333	0	21693
4773	19575	42	180	245	0	20042
4774	21414	31	139	98	0	21682
4775	21499	33	25	74	0	21631
4776	330	21144	51	87	0	21612
4777	168	21429	54	69	0	21720
4778	21179	281	33	88	0	21581
4779	229	155	25	21337	0	21746
4780	190	21697	33	232	0	22152
4781	79	191	23	21587	0	21880
4782	57	21858	43	234	0	22192
4783	21629	202	16	214	0	22061
4784	201	22029	41	97	0	22368
4785	199	202	14	21789	0	22204
4786	70	181	21	22173	0	22445
4787	73	85	22578	390	0	23126
4788	54	23431	216	228	0	23929
4789	90	322	195	23976	0	24583
4790	84	258	24384	296	0	25022
4791	61	75	24918	256	0	25310
4792	77	50	476	24900	0	25503
4793	64	62	271	24570	0	24967
4794	55	24424	64	552	0	25095
4795	54	25194	61	315	0	25624
4796	61	536	25	25078	0	25700
4797	25135	295	26	351	0	25807
4798	331	62	23	26193	0	26609
4799	26823	59	22	386	0	27290
4800	27110	51	9	354	0	27524
4801	27544	56	28	120	0	27748
4802	610	77	27325	86	0	28098
4803	27087	50	299	91	0	27527
4804	383	34	284	27351	0	28052
4805	350	35	45	27596	0	28026
4806	96	81	27106	598	0	27881
4807	69	74	27171	339	0	27653
4808	86	109	552	26180	0	26927
4809	60	26344	332	336	0	27072
4810	50	26859	78	310	0	27297
4811	121	544	42	26637	0	27344
4812	26565	314	33	358	0	27270
4813	339	55	36	26881	0	27311
4814	309	57	28	26517	0	26911
4815	80	26784	43	614	0	27521
4816	66	316	29	27147	0	27558
4817	74	307	27359	356	0	28096
4818	68	95	26624	327	0	27114
4819	25444	32	541	137	0	26154
4820	326	26698	330	73	0	27427
4821	26619	301	62	82	0	27064
4822	26510	257	42	91	0	26900
4823	563	61	56	25156	0	25836
4824	297	26121	69	288	0	26775
4825	95	297	32	26172	0	26596
4826	25998	279	32	345	0	26654
4827	305	25682	55	309	0	26351
4828	25104	275	34	107	0	25520
4829	313	25121	53	80	0	25567
4830	25168	294	25	86	0	25573
4831	25099	256	21	88	0	25464
4832	500	24899	50	100	0	25549
4833	307	295	29	24847	0	25478
4834	24922	237	39	322	0	25520
4835	293	81	24413	266	0	25053
4836	256	61	24368	84	0	24769
4837	115	232	452	23669	0	24468
4838	24166	38	260	294	0	24758
4839	276	54	60	24306	0	24696
4840	24331	44	30	314	0	24719
4841	307	91	24784	256	0	25438
4842	24911	38	246	118	0	25313
4843	26104	39	222	107	0	26472
4844	481	34	62	25876	0	26453
4845	308	39	33	26158	0	26538
4846	102	46	38	26263	0	26449
4847	68	26277	83	494	0	26922
4848	81	248	47	26326	0	26702
4849	71	230	38	26611	0	26950
4850	26332	54	45	497	0	26928
4851	26390	51	58	314	0	26813
4852	459	76	26144	108	0	26787
4853	25516	56	246	130	0	25948
4854	299	107	26218	88	0	26712
4855	24277	57	278	130	0	24742
4856	296	81	25917	107	0	26401
4857	277	65	25523	98	0	25963
4858	125	77	423	24915	0	25540
4859	93	85	25437	309	0	25924
4860	24581	43	287	288	0	25199
4861	282	47	230	26105	0	26664
4862	26646	34	71	327	0	27078
4863	26731	59	59	287	0	27136
4864	25264	51	54	119	0	25488
4865	25058	34	44	119	0	25255
4866	497	65	24954	93	0	25609
4867	328	38	236	24898	0	25500
4868	124	73	25446	274	0	25917
4869	130	43	244	25097	0	25514
4870	24980	35	224	316	0	25555
4871	303	34	87	25374	0	25798
4872	25595	30	76	316	0	26017
4873	308	39	54	25766	0	26167
4874	269	55	58	25901	0	26283
4875	25753	38	57	478	0	26326
4876	274	25801	97	292	0	26464
4877	25769	236	50	118	0	26173
4878	278	25745	75	94	0	26192
4879	265	239	34	25810	0	26348
4880	25654	213	36	293	0	26196
4881	276	98	26084	265	0	26723
4882	272	31	216	26146	0	26665
4883	26329	38	218	285	0	26870
4884	27224	40	60	250	0	27574
4885	487	46	46	26676	0	27255
4886	328	27297	69	300	0	27994
4887	122	26912	62	259	0	27355
4888	137	947	44	24953	0	26081
4889	25159	214	56	258	0	25687
4890	222	24673	41	204	0	25140
4891	144	23967	27	61	0	24199
4892	23415	291	28	44	0	23778
4893	158	23493	43	37	0	23731
4894	24028	186	64	51	0	24329
4895	232	141	19	23885	0	24277
4896	191	40	15	23695	0	23941
4897	46	23827	24	296	0	24193
4898	21	23584	31	161	0	23797
4899	22489	285	16	46	0	22836
4900	168	23641	33	31	0	23873
4901	136	25506	32	31	0	25705
4902	82	398	22	25256	0	25758
4903	25992	209	15	299	0	26515
4904	302	73	27435	210	0	28020
4905	27363	20	323	62	0	27768
4906	373	20	248	29585	0	30226
4907	292	46	30060	416	0	30814
4908	77	50	30946	323	0	31396
4909	54	16	687	31099	0	31856
4910	40	70	32304	433	0	32847
4911	31431	25	496	366	0	32318
4912	32752	12	348	115	0	33227
4913	757	50	33043	57	0	33907
4914	413	29	455	32531	0	33428
4915	125	27	352	32999	0	33503
4916	33229	15	91	793	0	34128
4917	499	32	49	31625	0	32205
4918	367	32348	78	460	0	33253
4919	32407	432	30	381	0	33250
4920	459	32617	66	137	0	33279
4921	358	33508	55	93	0	34014
4922	141	784	33	32927	0	33885
4923	100	408	27	33305	0	33840
4924	80	121	23	33735	0	33959
4925	71	114	32700	835	0	33720
4926	29961	73	440	499	0	30973
4927	467	32251	373	192	0	33283
4928	32959	469	96	110	0	33634
4929	33196	374	43	107	0	33720
4930	845	112	41	32775	0	33773
4931	450	33081	68	523	0	34122
4932	165	486	34	33948	0	34633
4933	132	370	35	34276	0	34813
4934	34365	116	35	860	0	35376
4935	34301	84	40	497	0	34922
4936	843	125	33850	161	0	34979
4937	34233	74	453	158	0	34918
4938	591	34833	394	119	0	35937
4939	35024	512	95	130	0	35761
4940	599	36564	75	111	0	37349
4941	469	596	57	35672	0	36794
4942	175	449	49	35601	0	36274
4943	117	35490	71	917	0	36595
4944	149	565	50	36323	0	37087
4945	123	441	51	36444	0	37059
4946	125	159	51	35885	0	36220
4947	101	35422	83	1007	0	36613
4948	148	558	48	36000	0	36754
4949	119	456	71	36091	0	36737
4950	136	159	50	36447	0	36792
4951	120	179	35251	1060	0	36610
4952	32960	96	552	659	0	34267
4953	605	145	35703	274	0	36727
4954	34656	115	629	220	0	35620
4955	702	144	35713	182	0	36741
4956	35033	101	645	187	0	35966
4957	35756	99	463	186	0	36504
4958	1009	149	35526	180	0	36864
4959	631	100	572	35039	0	36342
4960	255	159	34366	614	0	35394
4961	32867	116	599	530	0	34112
4962	671	160	35484	241	0	36556
4963	537	137	35218	196	0	36088
4964	34115	99	952	212	0	35378
4965	639	35060	579	195	0	36473
4966	550	572	205	35016	0	36343
4967	35638	464	144	676	0	36922
4968	699	174	143	35850	0	36866
4969	584	121	150	36297	0	37152
4970	35690	102	124	1067	0	36983
4971	35866	96	144	668	0	36774
4972	1059	128	35422	292	0	36901
4973	645	123	35499	263	0	36530
4974	302	106	979	35378	0	36765
4975	247	129	36273	732	0	37381
4976	234	107	680	35822	0	36843
4977	241	94	532	35913	0	36780
4978	247	88	223	36742	0	37300
4979	35346	109	141	1169	0	36765
4980	650	35641	200	687	0	37178
4981	35672	572	104	350	0	36698
4982	35288	456	121	322	0	36187
4983	975	34942	162	321	0	36400
4984	34122	542	87	284	0	35035
4985	671	460	33615	238	0	34984
4986	486	247	459	33072	0	34264
4987	33278	125	344	652	0	34399
4988	581	163	32943	486	0	34173
4989	32654	95	479	272	0	33500
4990	612	34157	422	196	0	35387
4991	37418	481	165	206	0	38270
4992	37476	356	133	196	0	38161
4993	1094	38000	145	175	0	39414
4994	39031	611	109	200	0	39951
4995	878	445	115	39143	0	40581
4996	665	206	91	39805	0	40767
4997	39258	132	83	1103	0	40576
4998	37353	114	85	679	0	38231
4999	1053	38908	133	346	0	40440
5000	616	38652	137	265	0	39670
5001	300	1127	82	34292	0	35801
5002	191	36255	111	516	0	37073
5003	155	36718	105	416	0	37394
5004	34062	755	136	207	0	35160
5005	479	34660	98	150	0	35387
5006	32740	452	62	119	0	33373
5007	443	33584	78	105	0	34210
5008	371	450	32976	73	0	33870
5009	168	33356	362	112	0	33998
5010	32155	603	385	158	0	33301
5011	31675	272	124	88	0	32159
5012	550	165	31662	65	0	32442
5013	373	79	337	30546	0	31335
5014	180	55	234	31965	0	32434
5015	133	73	31923	528	0	32657
5016	113	38	347	31219	0	31717
5017	99	80	31996	436	0	32611
5018	94	80	31339	309	0	31822
5019	30301	42	521	161	0	31025
5020	354	31554	340	103	0	32351
5021	31545	319	129	80	0	32073
5022	421	237	91	31432	0	32181
5023	328	156	31799	333	0	32616
5024	189	104	300	30323	0	30916
5025	129	31971	265	356	0	32721
5026	32307	308	115	254	0	32984
5027	32338	243	75	146	0	32802
5028	567	124	61	32240	0	32992
5029	349	130	31772	352	0	32603
5030	30107	82	286	268	0	30743
5031	393	31285	248	145	0	32071
5032	31139	312	110	106	0	31667
5033	514	257	63	30732	0	31566
5034	30697	138	54	324	0	31213
5035	517	144	40	30445	0	31146
5036	354	162	30423	413	0	31352
5037	241	100	29761	337	0	30439
5038	28487	66	456	290	0	29299
5039	381	30502	320	168	0	31371
5040	29740	289	227	132	0	30388
5041	29638	258	100	97	0	30093
5042	454	30065	79	78	0	30676
5043	29661	377	36	92	0	30166
5044	399	364	30996	109	0	31868
5045	309	225	256	31072	0	31862
5046	224	171	190	31601	0	32186
5047	176	143	104	31914	0	32337
5048	176	186	31549	502	0	32413
5049	147	194	31855	314	0	32510
5050	147	131	482	30897	0	31657
5051	99	31553	357	302	0	32311
5052	141	32511	185	222	0	33059
5053	32440	496	94	157	0	33187
5054	32396	292	124	124	0	32936
5055	488	33458	148	155	0	34249
5056	346	350	84	33814	0	34594
5057	197	266	102	34177	0	34742
5058	34508	135	136	582	0	35361
5059	400	94	135	35480	0	36109
5060	332	86	147	35475	0	36040
5061	250	90	131	35612	0	36083
5062	224	168	33782	602	0	34776
5063	193	196	32812	392	0	33593
5064	33604	80	525	279	0	34488
5065	424	66	344	35668	0	36502
5066	309	119	35786	449	0	36663
5067	205	162	35073	339	0	35779
5068	34914	134	614	230	0	35892
5069	556	151	39333	162	0	40202
5070	424	40210	560	200	0	41394
5071	221	436	422	42901	0	43980
5072	210	435	43046	547	0	44238
5073	42520	198	577	451	0	43746
5074	664	142	436	45410	0	46652
5075	553	182	45227	638	0	46600
5076	276	65	596	45934	0	46871
5077	213	90	512	46028	0	46843
5078	46133	53	224	1092	0	47502
5079	627	46833	271	640	0	48371
5080	616	566	165	46071	0	47418
5081	47093	492	101	675	0	48361
5082	47425	186	100	571	0	48282
5083	47956	100	101	257	0	48414
5084	48438	108	95	218	0	48859
5085	1220	109	118	47342	0	48789
5086	47474	64	130	678	0	48346
5087	47218	56	144	608	0	48026
5088	45472	56	119	352	0	45999
5089	45942	76	144	311	0	46473
5090	1045	43708	187	231	0	45171
5091	385	40571	75	73	0	41104
5092	147	788	68	39314	0	40317
5093	72	40139	89	390	0	40690
5094	39367	406	76	351	0	40200
5095	471	337	37	38904	0	39749
5096	38906	53	42	415	0	39416
5097	39072	29	43	384	0	39528
5098	673	45	36	39947	0	40701
5099	381	32	55	39493	0	39961
5100	102	39697	102	664	0	40565
5101	39740	348	41	378	0	40507
5102	416	39852	79	125	0	40472
5103	40186	383	50	140	0	40759
5104	451	302	52	40214	0	41019
5105	380	131	39816	431	0	40758
5106	39223	39	377	389	0	40028
5107	38473	55	321	137	0	38986
5108	731	106	38254	106	0	39197
5109	413	104	38351	95	0	38963
5110	176	58	647	37059	0	37940
5111	39927	57	325	480	0	40789
5112	41731	63	75	419	0	42288
5113	42933	49	56	163	0	43201
5114	42946	64	45	165	0	43220
5115	874	42335	103	137	0	43449
5116	43685	445	54	175	0	44359
5117	575	416	50	43167	0	44208
5118	553	85	50	43829	0	44517
5119	241	58	56	45327	0	45682
5120	231	59	46	45822	0	46158
5121	44756	67	65	969	0	45857
5122	630	60	73	47124	0	47887
5123	571	144	46009	655	0	47379
5124	265	71	504	47270	0	48110
5125	225	53	475	47419	0	48172
5126	230	59	96	47596	0	47981
5127	242	76	68	46984	0	47370
5128	45645	67	69	1104	0	46885
5129	646	45746	136	650	0	47178
5130	603	46239	128	212	0	47182
5131	264	994	77	45320	0	46655
5132	45552	546	87	660	0	46845
5133	46713	109	84	592	0	47498
5134	1136	85	65	46632	0	47918
5135	695	132	45720	701	0	47248
5136	45637	83	574	662	0	46956
5137	757	92	495	47575	0	48919
5138	671	153	47577	703	0	49104
5139	45042	91	591	682	0	46406
5140	766	47559	569	249	0	49143
5141	52144	586	93	229	0	53052
5142	1029	53636	153	199	0	55017
5143	955	929	56	52969	0	54909
5144	329	54043	140	1025	0	55537
5145	354	1079	63	55251	0	56747
5146	53104	823	77	1205	0	55209
5147	1037	53948	146	1022	0	56153
5148	927	1007	53940	313	0	56187
5149	357	877	918	53784	0	55936
5150	296	241	54804	1100	0	56441
5151	269	147	1012	53726	0	55154
5152	265	121	817	54886	0	56089
5153	220	184	53737	1775	0	55916
5154	47877	110	1011	1168	0	50166
5155	1069	148	53863	350	0	55430
5156	943	144	53090	287	0	54464
5157	298	53243	1726	281	0	55548
5158	301	980	874	52899	0	55054
5159	276	822	196	53607	0	54901
5160	270	236	114	53358	0	53978
5161	267	139	98	54468	0	54972
5162	194	162	52308	1951	0	54615
5163	47334	96	1003	1164	0	49597
5164	1055	175	52525	442	0	54197
5165	911	95	1005	50681	0	52692
5166	50110	96	828	1063	0	52097
5167	994	50631	298	1002	0	52925
5168	867	1220	161	48514	0	50762
5169	46660	708	143	969	0	48480
5170	906	45476	154	855	0	47391
5171	675	44999	156	250	0	46080
5172	44092	1326	143	214	0	45775
5173	802	44967	155	205	0	46129
5174	43559	827	106	187	0	44679
5175	811	44108	134	185	0	45238
5176	44361	789	85	177	0	45412
5177	44450	652	75	180	0	45357
5178	1299	44921	157	168	0	46545
5179	756	783	91	44338	0	45968
5180	212	724	43929	835	0	45700
5181	42880	179	761	738	0	44558
5182	800	165	629	43158	0	44752
5183	704	42815	212	862	0	44593
5184	209	43900	191	736	0	45036
5185	186	1277	111	43788	0	45362
5186	43386	720	120	878	0	45104
5187	767	248	43657	749	0	45421
5188	717	130	746	43981	0	45574
5189	219	101	675	44925	0	45920
5190	211	105	181	45707	0	46204
5191	195	107	142	44655	0	45099
5192	108	43918	172	1484	0	45682
5193	184	763	113	44816	0	45876
5194	145	754	43647	980	0	45526
5195	145	263	43456	822	0	44686
5196	141	233	44316	304	0	44994
5197	167	141	1396	42928	0	44632
5198	42159	155	791	880	0	43985
5199	843	201	42426	772	0	44242
5200	753	224	42921	313	0	44211
5201	279	167	1367	41884	0	43697
5202	42552	147	755	916	0	44370
5203	802	42256	312	841	0	44211
5204	42513	803	170	356	0	43842
5205	928	711	171	42100	0	43910
5206	802	306	42932	910	0	44950
5207	311	370	800	40834	0	42315
5208	217	43263	788	808	0	45076
5209	44475	840	244	756	0	46315
5210	909	772	44686	345	0	46712
5211	723	43610	831	275	0	45439
5212	43168	863	762	300	0	45093
5213	1036	750	291	43308	0	45385
5214	775	225	184	43833	0	45017
5215	43835	131	169	1518	0	45653
5216	44638	127	178	900	0	45843
5217	46353	152	171	332	0	47008
5218	1638	170	155	43679	0	45642
5219	892	43974	229	934	0	46029
5220	44162	845	149	818	0	45974
5221	938	44496	213	347	0	45994
5222	42721	899	155	255	0	44030
5223	971	42194	182	203	0	43550
5224	793	878	136	41227	0	43034
5225	41857	701	101	919	0	43578
5226	42362	229	83	773	0	43447
5227	42956	195	83	311	0	43545
5228	43099	172	77	267	0	43615
5229	43011	139	99	220	0	43469
5230	1569	222	41729	184	0	43704
5231	947	164	804	41327	0	43242
5232	351	175	42237	854	0	43617
5233	279	195	41691	706	0	42871
5234	41012	153	1383	277	0	42825
5235	41981	127	741	234	0	43083
5236	42191	148	227	177	0	42743
5237	1587	148	152	40338	0	42225
5238	40175	151	131	833	0	41290
5239	1013	39912	170	777	0	41872
5240	801	40325	170	277	0	41573
5241	256	37262	102	165	0	37785
5242	34351	803	159	136	0	35449
5243	536	35133	72	120	0	35861
5244	34506	441	145	105	0	35197
5245	33958	374	45	141	0	34518
5246	833	148	33740	91	0	34812
5247	559	84	406	32938	0	33987
5248	240	71	384	34485	0	35180
5249	34634	67	94	770	0	35565
5250	34848	66	68	448	0	35430
5251	877	64	62	34459	0	35462
5252	537	106	34314	494	0	35451
5253	246	111	34458	449	0	35264
5254	211	71	762	34495	0	35539
5255	231	66	422	34853	0	35572
5256	212	61	99	35451	0	35823
5257	34199	65	68	873	0	35205
5258	34286	63	57	528	0	34934
5259	883	34258	101	174	0	35416
5260	586	474	78	34179	0	35317
5261	265	455	72	33936	0	34728
5262	194	34338	111	831	0	35474
5263	263	485	70	34550	0	35368
5264	34480	439	71	566	0	35556
5265	646	122	67	34475	0	35310
5266	607	92	70	34595	0	35364
5267	33817	94	71	912	0	34894
5268	33974	97	71	552	0	34694
5269	34322	86	84	208	0	34700
5270	1073	218	103	33107	0	34501
5271	611	125	32051	539	0	33326
5272	303	116	31650	473	0	32542
5273	237	131	31546	190	0	32104
5274	228	30481	827	179	0	31715
5275	29538	470	580	205	0	30793
5276	595	397	29181	178	0	30351
5277	28425	109	441	155	0	29130
5278	628	83	378	28328	0	29417
5279	28360	92	148	489	0	29089
5280	28801	98	108	483	0	29490
5281	801	28983	132	219	0	30135
5282	29568	407	77	243	0	30295
5283	29319	372	102	226	0	30019
5284	858	29186	131	225	0	30400
5285	619	398	74	29574	0	30665
5286	323	425	29625	497	0	30870
5287	281	122	412	29199	0	30014
5288	246	97	367	29687	0	30397
5289	29280	109	96	851	0	30336
5290	582	102	112	29041	0	29837
5291	521	29433	147	562	0	30663
5292	257	438	99	29490	0	30284
5293	226	402	105	29872	0	30605
5294	250	144	29298	835	0	30527
5295	269	28952	450	536	0	30207
5296	264	29529	421	242	0	30456
5297	28815	707	127	226	0	29875
5298	545	29979	165	245	0	30934
5299	535	490	122	29647	0	30794
5300	280	464	29792	522	0	31058
5301	233	29926	482	501	0	31142
5302	29862	466	410	201	0	30939
5303	556	423	175	29822	0	30976
5304	551	125	140	30262	0	31078
5305	258	142	29935	853	0	31188
5306	235	122	441	29046	0	29844
5307	256	93	376	29496	0	30221
5308	28718	91	115	854	0	29778
5309	26748	89	95	493	0	27425
5310	751	26458	129	240	0	27578
5311	25125	344	76	192	0	25737
5312	408	24590	101	192	0	25291
5313	345	573	83	22414	0	23415
5314	165	23410	84	401	0	24060
5315	160	23780	84	334	0	24358
5316	22548	549	210	205	0	23512
5317	21832	263	64	174	0	22333
5318	427	21696	56	133	0	22312
5319	21684	236	88	126	0	22134
5320	21629	209	52	135	0	22025
5321	22273	70	51	142	0	22536
5322	463	68	54	22359	0	22944
5323	22470	78	46	306	0	22900
5324	295	109	21887	239	0	22530
5325	21289	74	214	147	0	21724
5326	291	112	22408	115	0	22926
5327	286	63	249	22282	0	22880
5328	121	80	197	22997	0	23395
5329	108	108	22892	414	0	23522
5330	21644	57	238	284	0	22223
5331	22592	75	198	137	0	23002
5332	405	89	23387	133	0	24014
5333	278	52	232	22910	0	23472
5334	129	64	199	23325	0	23717
5335	125	49	57	23636	0	23867
5336	23139	48	57	429	0	23673
5337	23150	63	52	275	0	23540
5338	420	67	49	22144	0	22680
5339	222	21393	59	214	0	21888
5340	92	20856	57	196	0	21201
5341	19857	265	31	91	0	20244
5342	188	20007	44	72	0	20311
5343	164	19359	53	63	0	19639
5344	127	197	27	17996	0	18347
5345	44	123	18009	133	0	18309
5346	41	17807	111	117	0	18076
5347	72	165	85	17418	0	17740
5348	37	17669	47	106	0	17859
5349	75	108	21	17333	0	17537
5350	17336	70	10	116	0	17532
5351	94	17569	44	85	0	17792
5352	17694	80	16	51	0	17841
5353	17273	74	11	57	0	17415
5354	135	45	16986	45	0	17211
5355	16588	17	73	37	0	16715
5356	94	42	59	17288	0	17483
5357	71	56	17531	83	0	17741
5358	33	17698	81	74	0	17886
5359	51	108	70	17403	0	17632
5360	37	47	19	17459	0	17562
5361	17408	12	14	118	0	17552
5362	79	19	11	17456	0	17565
5363	67	21	9	17535	0	17632
5364	17481	13	12	125	0	17631
5365	61	17457	36	74	0	17628
5366	17104	60	18	48	0	17230
5367	69	83	17207	23	0	17382
5368	15463	21	61	58	0	15603
5369	82	43	17698	34	0	17857
5370	71	17934	75	33	0	18113
5371	17978	74	47	38	0	18137
5372	17500	55	22	34	0	17611
5373	117	47	17684	18	0	17866
5374	65	43	17931	41	0	18080
5375	38	56	18858	29	0	18981
5376	30	19376	137	35	0	19578
5377	47	97	59	19527	0	19730
5378	45	104	21287	103	0	21539
5379	34	53	20965	73	0	21125
5380	45	23	231	20904	0	21203
5381	49	44	21452	139	0	21684
5382	21042	18	151	161	0	21372
5383	24372	13	112	79	0	24576
5384	402	43	24221	36	0	24702
5385	208	24146	262	61	0	24677
5386	94	229	200	23834	0	24357
5387	43	232	24327	253	0	24855
5388	32	24381	259	209	0	24881
5389	75	288	191	24105	0	24659
5390	24375	194	59	273	0	24901
5391	23950	39	30	212	0	24231
5392	410	24433	65	67	0	24975
5393	223	263	31	24453	0	24970
5394	70	197	29	24645	0	24941
5395	56	43	23	24712	0	24834
5396	49	23	19	24790	0	24881
5397	42	60	24231	459	0	24792
5398	57	27	238	23982	0	24304
5399	32	64	23727	307	0	24130
5400	23	23297	287	217	0	23824
5401	22932	230	177	85	0	23424
5402	221	24129	70	44	0	24464
5403	198	249	24	24052	0	24523
5404	88	189	21	24125	0	24423
5405	23894	46	16	439	0	24395
5406	233	21	28	23941	0	24223
5407	178	23833	36	263	0	24310
5408	59	217	21	24193	0	24490
5409	32	191	27	24186	0	24436
5410	23779	44	25	422	0	24270
5411	230	67	23521	232	0	24050
5412	191	23255	212	82	0	23740
5413	49	23727	178	55	0	24009
5414	38	381	33	23251	0	23703
5415	22875	186	17	267	0	23345
5416	207	22947	47	227	0	23428
5417	178	222	15	23166	0	23581
5418	55	217	22991	241	0	23504
5419	38	50	224	23100	0	23412
5420	23034	38	165	269	0	23506
5421	22741	31	57	221	0	23050
5422	393	29	22	22543	0	22987
5423	23039	30	14	265	0	23348
5424	22845	32	31	217	0	23125
5425	401	54	22808	82	0	23345
5426	21795	35	228	71	0	22129
5427	264	22470	211	66	0	23011
5428	22622	235	54	83	0	22994
5429	274	234	22339	38	0	22885
5430	215	49	234	22629	0	23127
5431	23151	27	207	301	0	23686
5432	289	55	22242	234	0	22820
5433	242	61	22674	83	0	23060
5434	98	45	448	22275	0	22866
5435	55	79	23126	295	0	23555
5436	22587	25	295	260	0	23167
5437	296	61	23657	84	0	24098
5438	246	35	311	24161	0	24753
5439	86	35	236	24800	0	25157
5440	25729	36	86	558	0	26409
5441	368	68	26196	318	0	26950
5442	313	64	27502	103	0	27982
5443	123	26	636	28663	0	29448
5444	68	74	29262	438	0	29842
5445	28647	31	494	384	0	29556
5446	465	27	389	28858	0	29739
5447	392	65	29376	459	0	30292
5448	137	34	485	29358	0	30014
5449	96	35	386	29776	0	30293
5450	29549	40	114	799	0	30502
5451	472	75	29524	467	0	30538
5452	28575	35	480	163	0	29253
5453	523	98	30427	101	0	31149
5454	29731	54	538	126	0	30449
5455	30223	60	411	131	0	30825
5456	30248	31	98	136	0	30513
5457	852	29206	112	123	0	30293
5458	29665	433	74	113	0	30285
5459	29514	378	54	137	0	30083
5460	843	72	78	29242	0	30235
5461	467	68	29131	526	0	30192
5462	28184	26	483	487	0	29180
5463	503	74	29728	153	0	30458
5464	463	38	531	28832	0	29864
5465	173	43	420	29797	0	30433
5466	29566	35	116	844	0	30561
5467	487	30204	127	525	0	31343
5468	494	447	74	30000	0	31015
5469	199	383	79	30348	0	31009
5470	116	132	30082	843	0	31173
5471	134	38	469	30205	0	30846
5472	138	42	408	30688	0	31276
5473	181	42	113	29423	0	29759
5474	116	29404	132	822	0	30474
5475	28820	413	79	467	0	29779
5476	29059	344	83	184	0	29670
5477	788	29070	121	142	0	30121
5478	27540	373	63	119	0	28095
5479	494	353	85	27984	0	28916
5480	377	95	28847	479	0	29798
5481	105	29124	480	401	0	30110
5482	111	29524	373	131	0	30139
5483	28382	560	173	90	0	29205
5484	29710	277	75	85	0	30147
5485	710	53	51	29711	0	30525
5486	377	34	58	30360	0	30829
5487	123	22	53	30517	0	30715
5488	29448	34	65	798	0	30345
5489	484	64	29333	396	0	30277
5490	29524	21	442	128	0	30115
5491	521	29	350	29503	0	30403
5492	404	36	66	29161	0	29667
5493	114	29373	115	762	0	30364
5494	139	408	47	30060	0	30654
5495	128	323	62	30278	0	30791
5496	115	111	30172	772	0	31170
5497	128	30252	471	452	0	31303
5498	30857	408	365	182	0	31812
5499	30530	335	91	143	0	31099
5500	31503	78	84	122	0	31787
5501	30983	53	62	159	0	31257
5502	791	85	30059	115	0	31050
5503	29748	58	477	108	0	30391
5504	556	88	30496	123	0	31263
5505	447	52	460	29125	0	30084
5506	166	30281	398	483	0	31328
5507	185	420	92	30489	0	31186
5508	140	337	101	30811	0	31389
5509	139	101	30453	816	0	31509
5510	29212	56	459	488	0	30215
5511	30182	63	372	179	0	30796
5512	787	29910	146	191	0	31034
5513	466	482	30188	187	0	31323
5514	190	335	470	30257	0	31252
5515	154	128	30677	560	0	31519
5516	155	135	30420	436	0	31146
5517	204	82	762	30022	0	31070
5518	195	112	30434	551	0	31292
5519	199	93	484	30299	0	31075
5520	187	110	31094	601	0	31992
5521	212	73	482	30948	0	31715
5522	30839	62	400	613	0	31914
5523	30852	65	140	510	0	31567
5524	31052	67	93	239	0	31451
5525	30608	71	108	191	0	30978
5526	833	30505	127	203	0	31668
5527	485	452	106	30210	0	31253
5528	227	348	86	30628	0	31289
5529	183	150	30124	844	0	31301
5530	186	110	474	29834	0	30604
5531	139	119	29749	609	0	30616
5532	144	120	29008	453	0	29725
5533	27662	88	719	218	0	28687
5534	480	29470	422	246	0	30618
5535	29717	436	135	188	0	30476
5536	29539	344	121	180	0	30184
5537	795	29713	143	183	0	30834
5538	29495	382	152	175	0	30204
5539	542	339	29539	153	0	30573
5540	360	28799	429	159	0	29747
5541	28399	362	330	187	0	29278
5542	421	304	27423	137	0	28285
5543	25612	69	320	141	0	26142
5544	323	26887	254	123	0	27587
5545	26770	270	111	129	0	27280
5546	26398	182	83	126	0	26789
5547	451	26574	97	95	0	27217
5548	239	26502	96	90	0	26927
5549	93	27175	136	80	0	27484
5550	124	416	116	27009	0	27665
5551	103	203	111	27394	0	27811
5552	27622	46	94	442	0	28204
5553	27185	48	102	262	0	27597
5554	439	97	27416	104	0	28056
5555	219	86	27198	144	0	27647
5556	91	77	28146	111	0	28425
5557	133	37	461	27603	0	28234
5558	139	62	28493	315	0	29009
5559	157	37	305	28090	0	28589
5560	28529	47	209	360	0	29145
5561	361	83	28948	216	0	29608
5562	28425	61	318	130	0	28934
5563	29139	62	227	115	0	29543
5564	497	87	29910	120	0	30614
5565	249	30875	410	116	0	31650
5566	102	315	240	31164	0	31821
5567	97	264	31226	351	0	31938
5568	115	59	384	30854	0	31412
5569	135	51	272	32919	0	33377
5570	32247	66	91	585	0	32989
5571	454	54	65	32458	0	33031
5572	325	123	32252	397	0	33097
5573	140	84	381	32476	0	33081
5574	32607	50	285	436	0	33378
5575	422	32925	148	300	0	33795
5576	32873	383	107	114	0	33477
5577	489	377	130	32426	0	33422
5578	354	142	32636	389	0	33521
5579	217	115	32058	247	0	32637
5580	185	129	31752	113	0	32179
5581	96	30700	545	44	0	31385
5582	29550	433	496	117	0	30596
5583	290	29017	110	40	0	29457
5584	27489	214	51	57	0	27811
5585	229	27740	58	26	0	28053
5586	177	232	42	27930	0	28381
5587	46	152	33	28271	0	28502
5588	51	29	30	28307	0	28417
5589	36	28396	66	406	0	28904
5590	63	249	33	29878	0	30223
5591	49	171	17	32961	0	33198
5592	34133	29	24	613	0	34799
5593	500	24	25	35450	0	35999
5594	302	92	36779	532	0	37705
5595	35887	24	534	367	0	36812
5596	37190	27	339	131	0	37687
5597	874	37366	119	103	0	38462
5598	37775	557	49	101	0	38482
5599	38556	348	47	112	0	39063
5600	966	51	37	38136	0	39190
5601	451	37	31	39035	0	39554
5602	140	31	23	39942	0	40136
5603	39386	32	28	1024	0	40470
5604	39678	33	39	477	0	40227
5605	1010	88	39292	115	0	40505
5606	38976	29	614	111	0	39730
5607	39466	45	408	100	0	40019
5608	39745	32	83	106	0	39966
5609	1060	83	38460	74	0	39677
5610	514	81	38916	66	0	39577
5611	161	40	982	38739	0	39922
5612	124	70	40101	668	0	40963
5613	148	41	684	39233	0	40106
5614	217	48	447	35757	0	36469
5615	106	39912	161	909	0	41088
5616	39838	624	90	461	0	41013
5617	715	469	40444	133	0	41761
5618	40766	78	673	155	0	41672
5619	820	54	455	41484	0	42813
5620	40964	61	107	755	0	41887
5621	793	40464	129	560	0	41946
5622	558	41853	143	222	0	42776
5623	265	1059	78	41491	0	42893
5624	213	486	89	42241	0	43029
5625	185	198	41492	1213	0	43088
5626	218	63	711	41774	0	42766
5627	40761	73	477	867	0	42178
5628	798	40877	201	629	0	42505
5629	598	732	40931	215	0	42476
5630	303	475	746	40666	0	42190
5631	238	162	41574	811	0	42785
5632	254	83	787	41156	0	42280
5633	187	136	41805	837	0	42965
5634	173	111	40951	595	0	41830
5635	171	120	1165	40312	0	41768
5636	40810	60	597	825	0	42292
5637	40715	69	194	582	0	41560
5638	40264	92	150	240	0	40746
5639	1218	39605	152	225	0	41200
5640	39960	712	134	201	0	41007
5641	39600	482	128	185	0	40395
5642	1239	169	38728	215	0	40351
5643	622	38348	767	218	0	39955
5644	345	732	491	37708	0	39276
5645	37824	499	166	777	0	39266
5646	805	37915	194	582	0	39496
5647	38875	720	138	300	0	40033
5648	38999	495	134	244	0	39872
5649	39014	152	134	255	0	39555
5650	38786	105	135	247	0	39273
5651	1279	121	137	37489	0	39026
5652	37856	101	140	823	0	38920
5653	888	117	152	37039	0	38196
5654	596	36556	227	820	0	38199
5655	277	649	166	36974	0	38066
5656	36512	423	165	851	0	37951
5657	790	130	36628	600	0	38148
5658	622	70	711	36505	0	37908
5659	36335	82	519	779	0	37715
5660	800	36062	229	597	0	37688
5661	36320	643	158	218	0	37339
5662	36580	446	151	197	0	37374
5663	1171	36442	207	181	0	38001
5664	36028	662	122	170	0	36982
5665	874	472	34120	153	0	35619
5666	602	188	33817	140	0	34747
5667	32388	129	1019	186	0	33722
5668	802	139	33565	197	0	34703
5669	615	151	617	30562	0	31945
5670	312	31815	446	559	0	33132
5671	31989	574	145	391	0	33099
5672	737	31831	134	208	0	32910
5673	571	31590	146	158	0	32465
5674	332	850	89	32504	0	33775
5675	283	384	112	32740	0	33519
5676	275	121	82	32811	0	33289
5677	257	114	107	32764	0	33242
5678	194	140	31597	989	0	32920
5679	242	101	535	30982	0	31860
5680	215	101	382	31251	0	31949
5681	30459	97	126	917	0	31599
5682	676	84	113	30709	0	31582
5683	470	141	29934	633	0	31178
5684	28356	108	537	431	0	29432
5685	698	118	351	29650	0	30817
5686	506	141	30131	533	0	31311
5687	286	202	509	29111	0	30108
5688	213	30060	418	515	0	31206
5689	29530	482	158	364	0	30534
5690	601	348	28697	127	0	29773
5691	302	25324	374	88	0	26088
5692	23694	314	282	89	0	24379
5693	261	22535	110	63	0	22969
5694	164	21124	54	69	0	21411
5695	20702	254	191	60	0	21207
5696	169	20299	60	73	0	20601
5697	134	20178	49	63	0	20424
5698	219	304	127	19572	0	20222
5699	73	122	19469	156	0	19820
5700	46	19993	127	131	0	20297
5701	82	161	76	19220	0	19539
5702	45	19356	45	131	0	19577
5703	18826	111	35	103	0	19075
5704	130	83	18947	59	0	19219
5705	103	40	109	18818	0	19070
5706	19401	15	71	150	0	19637
5707	122	22	19	19677	0	19840
5708	95	45	19688	124	0	19952
5709	18308	21	113	122	0	18564
5710	19661	16	83	66	0	19826
5711	170	20549	40	37	0	20796
5712	108	112	23	20284	0	20527
5713	50	73	22	20714	0	20859
5714	20792	36	21	162	0	21011
5715	20296	33	23	88	0	20440
5716	171	52	20932	35	0	21190
5717	79	20597	99	20	0	20795
5718	20333	64	46	22	0	20465
5719	80	55	11	20289	0	20435
5720	62	35	20790	71	0	20958
5721	22	29	20185	58	0	20294
5722	57	166	101	19600	0	19924
5723	20062	14	63	60	0	20199
5724	53	20018	19	39	0	20129
5725	21348	53	8	54	0	21463
5726	56	36	7	21517	0	21616
5727	47	8	4	21739	0	21798
5728	15	9	10	21938	0	21972
5729	21554	8	8	94	0	21664
5730	46	22217	25	60	0	22348
5731	39	43	11	22441	0	22534
5732	13	35	8	22287	0	22343
5733	13	32	22286	73	0	22404
5734	15	9	45	21923	0	21992
5735	14	30	22469	62	0	22575
5736	11	22055	61	53	0	22180
5737	14	54	24	22155	0	22247
5738	21483	24	10	62	0	21579
5739	43	22	21923	37	0	22025
5740	36	12	40	21717	0	21805
5741	11	23	21856	39	0	21929
5742	19794	7	39	55	0	19895
5743	46	37	21984	15	0	22082
5744	35	10	42	20886	0	20973
5745	21326	11	27	59	0	21423
5746	46	18678	29	43	0	18796
5747	20385	31	3	30	0	20449
5748	47	19370	27	24	0	19468
5749	36	32	12	20953	0	21033
5750	15	41	20680	46	0	20782
5751	17	46	20649	46	0	20758
5752	19	7	63	20806	0	20895
5753	21292	8	26	71	0	21397
5754	21300	6	13	45	0	21364
5755	69	8	5	21325	0	21407
5756	34	11	6	21790	0	21841
5757	20811	5	11	82	0	20909
5758	37	20755	27	38	0	20857
5759	35	21855	20	24	0	21934
5760	21752	60	5	38	0	21855
5761	53	62	21753	32	0	21900
5762	43	9	50	21251	0	21353
5763	13	29	21552	67	0	21661
5764	15	5	39	21517	0	21576
5765	28	37	22010	53	0	22128
5766	15	45	22012	42	0	22114
5767	30	10	71	21865	0	21976
5768	7	21534	65	55	0	21661
5769	22408	44	10	63	0	22525
5770	55	22485	30	21	0	22591
5771	50	49	12	22490	0	22601
5772	22748	38	15	75	0	22876
5773	63	8	8	23139	0	23218
5774	23199	9	9	91	0	23308
5775	23306	14	12	59	0	23391
5776	23496	16	14	35	0	23561
5777	82	23071	30	32	0	23215
5778	23909	42	14	46	0	24011
5779	64	116	17	24932	0	25129
5780	26003	11	20	117	0	26151
5781	102	13	19	27148	0	27282
5782	27160	12	15	187	0	27374
5783	27718	14	11	125	0	27868
5784	239	27788	37	59	0	28123
5785	137	145	14	30443	0	30739
5786	59	126	19	30284	0	30488
5787	19	31976	44	369	0	32408
5788	32	252	13	32601	0	32898
5789	32241	202	23	321	0	32787
5790	33791	38	19	250	0	34098
5791	33379	18	29	100	0	33526
5792	500	56	34758	44	0	35358
5793	35376	30	281	84	0	35771
5794	37149	21	236	59	0	37465
5795	37620	11	42	77	0	37750
5796	571	37184	54	51	0	37860
5797	316	307	20	37589	0	38232
5798	80	254	24	38365	0	38723
5799	78	45	14	38354	0	38491
5800	52	62	37116	613	0	37843
5801	71	24	322	37693	0	38110
5802	37674	18	271	419	0	38382
5803	371	20	44	38376	0	38811
5804	315	16	22	39231	0	39584
5805	89	73	38643	654	0	39459
5806	47	38280	402	383	0	39112
5807	39137	367	296	133	0	39933
5808	419	290	57	39144	0	39910
5809	39023	51	30	443	0	39547
5810	442	82	38682	355	0	39561
5811	36388	23	378	127	0	36916
5812	429	38887	341	100	0	39757
5813	362	419	38522	76	0	39379
5814	111	354	38772	59	0	39296
5815	117	165	658	36957	0	37897
5816	90	81	39423	434	0	40028
5817	68	38988	443	365	0	39864
5818	104	406	299	38263	0	39072
5819	85	290	71	39384	0	39830
5820	73	70	35	39531	0	39709
5821	38349	45	43	712	0	39149
5822	385	38734	83	455	0	39657
5823	362	361	39	39235	0	39997
5824	120	307	36	39770	0	40233
5825	38475	72	44	716	0	39307
5826	404	38663	77	434	0	39578
5827	39206	389	35	186	0	39816
5828	38956	305	45	157	0	39463
5829	38877	82	52	165	0	39176
5830	770	88	38057	123	0	39038
5831	465	62	377	36911	0	37815
5832	188	38010	348	424	0	38970
5833	160	38786	131	348	0	39425
5834	183	671	62	36772	0	37688
5835	131	38673	107	403	0	39314
5836	39590	445	74	417	0	40526
5837	469	380	39598	173	0	40620
5838	38882	107	412	181	0	39582
5839	40338	63	330	177	0	40908
5840	784	84	98	40511	0	41477
5841	40860	73	67	544	0	41544
5842	528	42349	130	455	0	43462
5843	43378	453	60	264	0	44155
5844	43360	366	90	229	0	44045
5845	46490	129	85	229	0	46933
5846	968	163	46418	193	0	47742
5847	629	196	47057	208	0	48090
5848	283	103	936	46466	0	47788
5849	246	46802	577	630	0	48255
5850	246	47885	238	528	0	48897
5851	265	925	111	47163	0	48464
5852	47459	542	109	742	0	48852
5853	665	127	148	47729	0	48669
5854	552	132	127	48092	0	48903
5855	47357	120	127	1104	0	48708
5856	659	47505	209	739	0	49112
5857	613	635	47371	336	0	48955
5858	287	556	47240	256	0	48339
5859	47854	153	979	300	0	49286
5860	700	159	574	47586	0	49019
5861	592	216	48483	696	0	49987
5862	279	149	623	47657	0	48708
5863	258	120	511	48349	0	49238
5864	242	107	188	49337	0	49874
5865	259	122	122	48247	0	48750
5866	198	47365	198	1133	0	48894
5867	238	594	144	47900	0	48876
5868	47341	507	139	809	0	48796
5869	680	47222	231	681	0	48814
5870	48340	598	162	374	0	49474
5871	48723	524	136	316	0	49699
5872	49203	224	156	264	0	49847
5873	1127	269	47809	230	0	49435
5874	47838	171	626	321	0	48956
5875	49040	151	508	251	0	49950
5876	48855	140	170	264	0	49429
5877	48978	120	114	256	0	49468
5878	1150	48095	190	232	0	49667
5879	47129	632	105	252	0	48118
5880	787	568	46370	219	0	47944
5881	623	169	514	44816	0	46122
5882	341	136	418	45745	0	46640
5883	46264	101	137	887	0	47389
5884	694	45821	154	570	0	47239
5885	44076	457	76	244	0	44853
5886	584	44104	162	166	0	45016
5887	43082	436	66	148	0	43732
5888	42624	319	49	155	0	43147
5889	749	46679	104	142	0	47674
5890	46753	494	90	135	0	47472
5891	47855	386	93	124	0	48458
5892	905	45245	129	75	0	46354
5893	466	46339	104	89	0	46998
5894	48214	861	194	112	0	49381
5895	776	475	68	48893	0	50212
5896	49886	112	45	710	0	50753
5897	51038	73	42	514	0	51667
5898	52179	70	41	178	0	52468
5899	51607	58	40	163	0	51868
5900	1173	50372	106	137	0	51788
5901	581	51442	103	109	0	52235
5902	51437	1034	78	109	0	52658
5903	736	593	51493	68	0	52890
5904	589	186	645	49915	0	51335
5905	209	60	501	51605	0	52375
5906	50854	72	106	1108	0	52140
5907	678	50825	135	623	0	52261
5908	567	646	44	50586	0	51843
5909	202	492	52	52196	0	52942
5910	51830	118	36	1209	0	53193
5911	769	84	29	52462	0	53344
5912	52414	84	40	822	0	53360
5913	52443	93	52	605	0	53193
5914	52843	97	44	214	0	53198
5915	1363	83	58	51944	0	53448
5916	782	96	46	52311	0	53235
5917	259	161	55502	1227	0	57149
5918	254	169	54969	643	0	56035
5919	55265	94	1450	196	0	57005
5920	1029	73	736	56912	0	58750
5921	862	137	59976	987	0	61962
5922	301	183	60365	790	0	61639
5923	285	98	1764	59936	0	62083
5924	241	182	60747	1102	0	62272
5925	265	115	1145	59932	0	61457
5926	289	117	833	60476	0	61715
5927	227	168	60734	1873	0	63002
5928	272	102	1082	61002	0	62458
5929	262	109	836	60894	0	62101
5930	295	85	211	62831	0	63422
5931	252	182	60949	2073	0	63456
5932	284	117	1027	62348	0	63776
5933	61858	92	853	1367	0	64170
5934	1215	61879	294	1133	0	64521
5935	63332	1106	131	380	0	64949
5936	1411	960	61767	234	0	64372
5937	62466	221	1116	249	0	64052
5938	63163	140	916	254	0	64473
5939	63158	153	259	222	0	63792
5940	2212	155	163	61390	0	63920
5941	1305	145	161	62306	0	63917
5942	456	186	58718	2011	0	61371
5943	55365	81	1154	1205	0	57805
5944	1375	57210	991	427	0	60003
5945	928	54415	340	304	0	55987
5946	343	55781	241	328	0	56693
5947	511	1749	247	52862	0	55369
5948	52733	859	205	1156	0	54953
5949	53112	203	197	960	0	54472
5950	1789	180	52085	444	0	54498
5951	1061	147	1037	51672	0	53917
5952	414	144	818	52346	0	53722
5953	313	182	51714	1853	0	54062
5954	294	158	51187	1080	0	52719
5955	50125	108	1668	501	0	52402
5956	1112	50967	1035	411	0	53525
5957	51913	927	291	387	0	53518
5958	51945	769	209	379	0	53302
5959	1917	213	210	50663	0	53003
5960	1172	102	203	51684	0	53161
5961	50364	121	196	1859	0	52540
5962	1270	127	195	50787	0	52379
5963	1047	123	217	50884	0	52271
5964	50309	114	258	1879	0	52560
5965	1263	95	231	50912	0	52501
5966	51150	94	248	1369	0	52861
5967	51348	90	262	1109	0	52809
5968	1836	144	50345	497	0	52822
5969	50708	118	1155	450	0	52431
5970	50729	121	938	448	0	52236
5971	50695	102	401	467	0	51665
5972	1946	165	43885	477	0	46473
5973	48262	107	939	438	0	49746
5974	1205	47729	948	462	0	50344
5975	48941	873	366	471	0	50651
5976	49138	723	273	503	0	50637
5977	1857	171	262	48311	0	50601
5978	1150	93	305	48137	0	49685
5979	505	48362	334	1889	0	51090
5980	497	930	234	48942	0	50603
5981	517	810	231	49493	0	51051
5982	48525	206	266	1865	0	50862
5983	1304	123	248	48297	0	49972
5984	1233	107	202	48099	0	49641
5985	615	147	234	47576	0	48572
5986	464	45789	294	1965	0	48512
5987	44917	874	263	1179	0	47233
5988	1205	45376	335	581	0	47497
5989	40817	857	222	407	0	42303
5990	1112	721	39242	364	0	41439
5991	37456	204	821	350	0	38831
5992	1049	187	38317	331	0	39884
5993	863	36676	943	321	0	38803
5994	34250	705	1154	307	0	36416
5995	33157	593	320	310	0	34380
5996	1205	32323	202	277	0	34007
5997	774	32013	199	250	0	33236
5998	31058	1000	216	280	0	32554
5999	31344	577	137	245	0	32303
6000	1237	184	111	30914	0	32446
6001	781	114	116	31734	0	32745
6002	371	161	30932	1138	0	32602
6003	29964	126	565	704	0	31359
6004	830	118	503	30014	0	31465
6005	697	30290	263	696	0	31946
6006	368	557	107	30479	0	31511
6007	336	476	78	30460	0	31350
6008	275	235	29443	1123	0	31076
6009	348	152	526	29653	0	30679
6010	29016	121	477	791	0	30405
6011	700	28514	221	642	0	30077
6012	593	28543	121	280	0	29537
6013	28428	883	130	178	0	29619
6014	28609	521	125	195	0	29450
6015	28436	170	110	200	0	28916
6016	1131	27331	148	147	0	28757
6017	421	24146	93	112	0	24772
6018	24983	576	120	103	0	25782
6019	24955	344	107	113	0	25519
6020	691	24091	79	107	0	24968
6021	216	20952	46	48	0	21262
6022	20555	342	70	58	0	21025
6023	276	191	31	20345	0	20843
6024	20941	49	15	236	0	21241
6025	282	51	11	20678	0	21022
6026	193	21366	38	239	0	21836
6027	72	21432	37	203	0	21744
6028	21973	380	66	81	0	22500
6029	22306	197	54	64	0	22621
6030	22714	60	21	42	0	22837
6031	451	22425	33	59	0	22968
6032	211	252	21322	32	0	21817
6033	55	21559	221	38	0	21873
6034	20795	282	207	41	0	21325
6035	19741	154	44	48	0	19987
6036	344	58	20072	23	0	20497
6037	168	19837	226	30	0	20261
6038	84	219	176	19723	0	20202
6039	72	173	25	18936	0	19206
6040	57	18348	45	490	0	18940
6041	59	237	19333	158	0	19787
6042	19508	157	205	46	0	19916
6043	248	57	147	19990	0	20442
6044	20130	30	36	241	0	20437
6045	20305	31	18	168	0	20522
6046	386	44	19	20870	0	21319
6047	218	39	14	21769	0	22040
6048	89	38	16	22241	0	22384
6049	67	35	19	22408	0	22529
6050	21883	42	13	477	0	22415
6051	22016	31	24	245	0	22316
6052	453	61	22181	66	0	22761
6053	260	37	264	22178	0	22739
6054	98	40	183	22522	0	22843
6055	83	35	37	22741	0	22896
6056	65	66	22161	468	0	22760
6057	78	41	268	21966	0	22353
6058	21787	39	190	325	0	22341
6059	309	39	32	21961	0	22341
6060	238	53	21827	349	0	22467
6061	99	41	271	21903	0	22314
6062	69	67	22072	330	0	22538
6063	22177	43	291	248	0	22759
6064	333	44	197	22383	0	22957
6065	22563	35	55	333	0	22986
6066	22290	42	30	233	0	22595
6067	515	33	29	22195	0	22772
6068	22827	44	30	364	0	23265
6069	375	47	28	22293	0	22743
6070	246	23557	51	343	0	24197
6071	24168	298	34	238	0	24738
6072	24210	219	34	93	0	24556
6073	24517	51	46	87	0	24701
6074	560	43	36	24180	0	24819
6075	312	54	27	24318	0	24711
6076	126	35	27	24508	0	24696
6077	98	58	23630	559	0	24345
6078	76	23376	325	316	0	24093
6079	100	277	211	22827	0	23415
6080	79	231	22759	350	0	23419
6081	22291	52	281	271	0	22895
6082	347	39	208	22675	0	23269
6083	256	57	22607	321	0	23241
6084	22850	36	272	292	0	23450
6085	330	35	213	23455	0	24033
6086	260	28	51	23681	0	24020
6087	122	23	38	23958	0	24141
6088	23678	28	39	548	0	24293
6089	23947	28	45	302	0	24322
6090	23710	31	39	135	0	23915
6091	501	23056	68	113	0	23738
6092	254	23145	62	104	0	23565
6093	23130	405	50	105	0	23690
6094	319	223	22996	91	0	23629
6095	245	66	255	22576	0	23142
6096	120	23	200	22965	0	23308
6097	22711	28	44	487	0	23270
6098	22294	18	33	298	0	22643
6099	446	22419	71	116	0	23052
6100	283	235	33	22348	0	22899
6101	110	204	22158	310	0	22782
6102	94	70	22369	269	0	22802
6103	109	32	410	22398	0	22949
6104	87	27	219	22954	0	23287
6105	22579	23	53	492	0	23147
6106	313	18	36	23137	0	23504
6107	23726	22	47	382	0	24177
6108	23632	28	39	299	0	23998
6109	458	58	23758	122	0	24396
6110	23412	20	241	118	0	23791
6111	23695	21	203	131	0	24050
6112	23787	24	58	124	0	23993
6113	464	23578	81	123	0	24246
6114	242	23617	72	113	0	24044
6115	126	483	52	23374	0	24035
6116	97	213	23315	343	0	23968
6117	88	22622	260	240	0	23210
6118	141	244	185	21461	0	22031
6119	108	137	51	20937	0	21233
6120	94	21180	62	325	0	21661
6121	21272	171	27	201	0	21671
6122	21351	135	33	89	0	21608
6123	355	59	21699	82	0	22195
6124	20785	32	185	111	0	21113
6125	220	48	21013	68	0	21349
6126	19098	27	185	97	0	19407
6127	222	45	20382	80	0	20729
6128	144	19832	159	66	0	20201
6129	206	122	212	18973	0	19513
6130	89	90	47	19213	0	19439
6131	19208	22	32	235	0	19497
6132	19226	15	30	148	0	19419
6133	19043	14	23	73	0	19153
6134	221	37	19464	56	0	19778
6135	148	16	117	19363	0	19644
6136	69	19	94	19856	0	20038
6137	19743	13	37	235	0	20028
6138	135	19797	46	131	0	20109
6139	20529	111	20	97	0	20757
6140	160	96	25	20881	0	21162
6141	144	31	21	21290	0	21486
6142	77	27	18	21355	0	21477
6143	64	20	25	21454	0	21563
6144	67	43	15	21401	0	21526
6145	53	20910	34	243	0	21240
6146	35	20238	21	88	0	20382
6147	24	19769	26	25	0	19844
6148	32	150	15	19621	0	19818
6149	26	86	19364	70	0	19546
6150	17288	19	68	103	0	17478
6151	63	20037	84	27	0	20211
6152	94	52	17	20068	0	20231
6153	25	50	19	20250	0	20344
6154	20523	8	10	139	0	20680
6155	20329	11	10	91	0	20441
6156	20661	12	9	41	0	20723
6157	149	7	9	21939	0	22104
6158	84	33	22203	95	0	22415
6159	27	41	23188	90	0	23346
6160	21	15	166	23309	0	23511
6161	19	42	23614	120	0	23795
6162	22164	16	106	121	0	22407
6163	105	4	86	23205	0	23400
6164	97	29	23455	115	0	23696
6165	29	13	97	23140	0	23279
6166	29	45	24384	125	0	24583
6167	26	44	25689	98	0	25857
6168	63	55	198	27043	0	27359
6169	29	64	28627	164	0	28884
6170	31	59	28001	143	0	28234
6171	16	26415	342	50	0	26823
6172	108	205	179	28115	0	28607
6173	29554	146	31	239	0	29970
6174	183	25	19	29728	0	29955
6175	175	12	9	30788	0	30984
6176	33	59	30426	360	0	30878
6177	26859	10	198	235	0	27302
6178	186	8	163	31227	0	31584
6179	173	10	29	31928	0	32140
6180	31248	8	13	387	0	31656
6181	190	7	10	32141	0	32348
6182	32073	7	18	269	0	32367
6183	32247	12	23	239	0	32521
6184	32288	7	18	86	0	32399
6185	344	31751	44	43	0	32182
6186	32315	171	17	66	0	32569
6187	199	32490	45	31	0	32765
6188	210	195	15	32571	0	32991
6189	32907	185	21	244	0	33357
6190	197	33058	56	225	0	33536
6191	33381	195	20	70	0	33666
6192	212	33359	65	63	0	33699
6193	32681	219	28	64	0	32992
6194	220	32866	46	54	0	33186
6195	214	33559	54	51	0	33878
6196	48	35115	68	67	0	35298
6197	53	408	20	33975	0	34456
6198	31	35809	55	232	0	36127
6199	64	257	18	35598	0	35937
6200	52	229	17	36188	0	36486
6201	55	37	15	36467	0	36574
6202	41	27	19	36580	0	36667
6203	35683	18	12	528	0	36241
6204	36380	26	23	299	0	36728
6205	485	90	36271	74	0	36920
6206	37133	32	254	118	0	37537
6207	39160	28	238	95	0	39521
6208	40164	24	45	119	0	40352
6209	613	94	39226	57	0	39990
6210	385	90	39425	57	0	39957
6211	37876	40	640	99	0	38655
6212	418	87	40999	76	0	41580
6213	358	42430	450	90	0	43328
6214	111	409	345	42827	0	43692
6215	44012	362	52	460	0	44886
6216	44304	76	52	427	0	44859
6217	44795	40	49	143	0	45027
6218	817	38	50	44371	0	45276
6219	474	27	53	45313	0	45867
6220	108	129	45664	829	0	46730
6221	124	41	414	45910	0	46489
6222	103	36	395	46760	0	47294
6223	46100	25	74	881	0	47080
6224	478	46621	131	504	0	47734
6225	47494	430	59	172	0	48155
6226	540	414	46	47433	0	48433
6227	47098	55	70	543	0	47766
6228	46628	49	70	499	0	47246
6229	45255	34	70	183	0	45542
6230	835	45788	122	132	0	46877
6231	464	46671	115	104	0	47354
6232	162	804	61	46640	0	47667
6233	47000	434	61	549	0	48044
6234	525	90	71	46788	0	47474
6235	493	54	62	47129	0	47738
6236	180	138	46852	879	0	48049
6237	170	61	453	46856	0	47540
6238	150	55	418	47321	0	47944
6239	158	65	70	47542	0	47835
6240	140	140	46556	959	0	47795
6241	149	129	45803	591	0	46672
6242	132	46136	874	220	0	47362
6243	46281	459	442	187	0	47369
6244	587	426	91	46488	0	47592
6245	520	174	46730	554	0	47978
6246	219	73	457	46358	0	47107
6247	221	55	419	49146	0	49841
6248	48628	71	99	932	0	49730
6249	48775	80	74	570	0	49499
6250	905	48742	133	178	0	49958
6251	48763	484	72	181	0	49500
6252	48501	427	67	152	0	49147
6253	950	109	90	48228	0	49377
6254	553	187	48000	532	0	49272
6255	179	48197	514	542	0	49432
6256	48147	462	424	202	0	49235
6257	48870	431	104	220	0	49625
6258	882	49857	144	173	0	51056
6259	549	467	63	50612	0	51691
6260	52385	411	65	686	0	53547
6261	52778	86	98	598	0	53560
6262	1079	73	72	53055	0	54279
6263	54101	67	86	748	0	55002
6264	56208	66	79	630	0	56983
6265	57156	76	92	246	0	57570
6266	1294	159	57568	171	0	59192
6267	721	56549	709	175	0	58154
6268	222	56593	644	166	0	57625
6269	54784	1103	153	180	0	56220
6270	740	55448	149	154	0	56491
6271	713	774	54835	148	0	56470
6272	271	623	666	54785	0	56345
6273	54676	117	593	746	0	56132
6274	783	115	96	54901	0	55895
6275	55090	101	61	841	0	56093
6276	54961	90	50	720	0	55821
6277	55091	65	75	223	0	55454
6278	1311	53720	175	186	0	55392
6279	701	56087	187	176	0	57151
6280	55922	1156	87	240	0	57405
6281	55652	628	80	215	0	56575
6282	56287	119	77	211	0	56694
6283	1390	111	76	55247	0	56824
6284	55167	87	75	796	0	56125
6285	837	54024	169	720	0	55750
6286	710	55521	151	250	0	56632
6287	277	1160	73	55030	0	56540
6288	226	690	54452	792	0	56160
6289	242	185	53994	681	0	55102
6290	295	91	1162	53870	0	55418
6291	216	196	54631	764	0	55807
6292	261	117	691	54470	0	55539
6293	54537	123	586	782	0	56028
6294	881	126	100	54925	0	56032
6295	54285	90	99	827	0	55301
6296	806	52637	181	675	0	54299
6297	747	756	53010	200	0	54713
6298	273	630	668	51556	0	53127
6299	311	163	560	53230	0	54264
6300	242	208	53169	1278	0	54897
6301	298	125	670	51562	0	52655
6302	241	53780	661	761	0	55443
6303	300	718	122	54618	0	55758
6304	306	598	88	55128	0	56120
6305	314	134	76	56852	0	57376
6306	277	179	55619	1390	0	57465
6307	238	162	52387	711	0	53498
6308	47612	106	1229	264	0	49211
6309	804	166	51658	165	0	52793
6310	651	51384	776	175	0	52986
6311	51472	697	552	155	0	52876
6312	761	51919	216	173	0	53069
6313	50738	699	169	181	0	51787
6314	50494	530	143	156	0	51323
6315	50194	143	98	146	0	50581
6316	50193	114	70	164	0	50541
6317	1167	48806	146	156	0	50275
6318	614	49322	144	163	0	50243
6319	49215	1059	90	156	0	50520
6320	790	618	48348	123	0	49879
6321	628	160	659	47166	0	48613
6322	269	103	512	48604	0	49488
6323	198	162	48289	1101	0	49750
6324	44707	118	647	623	0	46095
6325	48149	108	500	221	0	48978
6326	48017	123	139	189	0	48468
6327	1185	47097	172	185	0	48639
6328	49163	640	133	214	0	50150
6329	808	568	136	46948	0	48460
6330	611	51002	209	666	0	52488
6331	51837	736	130	593	0	53296
6332	52699	624	124	221	0	53668
6333	55858	184	116	216	0	56374
6334	1525	146	107	54572	0	56350
6335	868	148	122	54538	0	55676
6336	321	53493	171	1439	0	55424
6337	278	893	54110	787	0	56068
6338	320	698	810	53770	0	55598
6339	305	194	671	54335	0	55505
6340	312	123	200	56509	0	57144
6341	260	166	55313	1537	0	57276
6342	53186	142	873	898	0	55099
6343	1011	148	681	56319	0	58159
6344	829	221	57109	954	0	59113
6345	401	116	914	56904	0	58335
6346	57861	116	711	1095	0	59783
6347	1052	57212	276	853	0	59393
6348	894	966	151	58138	0	60149
6349	329	841	58368	1044	0	60582
6350	55064	194	1004	892	0	57154
6351	58083	141	788	332	0	59344
6352	1741	186	57898	270	0	60095
6353	1060	299	1008	52130	0	54497
6354	331	57183	854	925	0	59293
6355	57520	956	235	799	0	59510
6356	1093	834	56784	287	0	58998
6357	54933	229	1041	267	0	56470
6358	1259	166	54876	223	0	56524
6359	993	184	52204	191	0	53572
6360	49270	130	1478	246	0	51124
6361	941	50987	833	312	0	53073
6362	905	890	50341	251	0	52387
6363	338	49540	920	261	0	51059
6364	365	849	47906	241	0	49361
6365	175	47429	881	193	0	48678
6366	44455	791	745	257	0	46248
6367	730	523	44022	184	0	45459
6368	574	188	43871	162	0	44795
6369	265	138	43319	174	0	43896
6370	41089	151	1173	131	0	42544
6371	42156	69	590	144	0	42959
6372	1026	70	193	41308	0	42597
6373	556	134	42603	635	0	43928
6374	225	110	43074	504	0	43913
6375	42010	102	1007	200	0	43319
6376	732	81	559	43084	0	44456
6377	43246	65	234	659	0	44204
6378	43531	70	163	486	0	44250
6379	1088	178	169	40700	0	42135
6380	584	41301	224	615	0	42724
6381	285	604	161	41773	0	42823
6382	207	461	159	42165	0	42992
6383	218	211	41609	1000	0	43038
6384	195	40798	732	583	0	42308
6385	195	41670	585	217	0	42667
6386	223	979	272	39810	0	41284
6387	177	561	40843	611	0	42192
6388	154	40735	777	513	0	42179
6389	176	667	41119	198	0	42160
6390	39701	441	803	172	0	41117
6391	41327	169	568	161	0	42225
6392	1046	180	40773	159	0	42158
6393	40442	117	732	158	0	41449
6394	804	118	575	40322	0	41819
6395	577	42409	386	630	0	44002
6396	365	587	253	42979	0	44184
6397	42118	443	232	706	0	43499
6398	42679	139	229	521	0	43568
6399	42757	119	222	234	0	43332
6400	41830	115	206	196	0	42347
6401	1092	40630	280	215	0	42217
6402	581	40501	258	210	0	41550
6403	39946	852	226	181	0	41205
6404	693	533	39943	153	0	41322
6405	566	917	586	37430	0	39499
6406	269	39871	539	516	0	41195
6407	268	543	249	38450	0	39510
6408	166	40787	265	557	0	41775
6409	210	627	212	40601	0	41650
6410	171	531	40563	628	0	41893
6411	39057	191	649	508	0	40405
6412	40747	139	540	201	0	41627
6413	964	210	40495	126	0	41795
6414	39933	152	681	152	0	40918
6415	40820	147	546	164	0	41677
6416	1014	171	40137	141	0	41463
6417	659	116	653	38868	0	40296
6418	39985	89	554	574	0	41202
6419	743	172	40045	447	0	41407
6420	602	129	650	38582	0	39963
6421	266	168	41050	609	0	42093
6422	261	155	40734	475	0	41625
6423	39391	154	1026	233	0	40804
6424	41613	123	570	187	0	42493
6425	42164	108	220	158	0	42650
6426	43336	109	191	167	0	43803
6427	1163	163	157	40927	0	42410
6428	618	40117	224	596	0	41555
6429	281	41293	199	481	0	42254
6430	240	938	137	38319	0	39634
6431	38337	405	162	522	0	39426
6432	619	37625	181	380	0	38805
6433	371	36219	133	132	0	36855
6434	35909	656	100	110	0	36775
6435	536	376	100	35524	0	36536
6436	36102	88	92	485	0	36767
6437	523	35776	123	329	0	36751
6438	36468	425	111	140	0	37144
6439	580	324	37381	87	0	38372
6440	40323	120	528	111	0	41082
6441	41771	83	365	120	0	42339
6442	42557	81	97	128	0	42863
6443	1016	167	37493	125	0	38801
6444	40268	81	436	109	0	40894
6445	625	40379	366	103	0	41473
6446	393	525	39986	70	0	40974
6447	286	596	576	37611	0	39069
6448	156	99	362	37226	0	37843
6449	90	38241	142	770	0	39243
6450	112	479	58	38648	0	39297
6451	113	315	55	38878	0	39361
6452	97	123	37735	793	0	38748
6453	34014	41	541	474	0	35070
6454	560	75	38597	92	0	39324
6455	388	59	568	37370	0	38385
6456	128	74	38986	536	0	39724
6457	109	43	577	38518	0	39247
6458	39576	31	365	588	0	40560
6459	40841	28	100	372	0	41341
6460	936	39	66	40472	0	41513
6461	470	82	41294	587	0	42433
6462	195	47	560	41157	0	41959
6463	130	81	41211	619	0	42041
6464	38784	51	616	444	0	39895
6465	41071	63	391	137	0	41662
6466	40800	68	114	117	0	41099
6467	40279	67	63	115	0	40524
6468	925	38990	122	117	0	40154
6469	509	592	65	39278	0	40444
6470	38196	412	75	602	0	39285
6471	603	38742	110	461	0	39916
6472	448	39317	127	150	0	40042
6473	200	887	36699	106	0	37892
6474	36760	409	615	117	0	37901
6475	38190	78	432	98	0	38798
6476	1018	85	37130	86	0	38319
6477	625	46	616	36117	0	37404
6478	278	46	424	37842	0	38590
6479	200	76	37460	943	0	38679
6480	212	64	621	36956	0	37853
6481	36862	52	463	662	0	38039
6482	689	77	36528	452	0	37746
6483	497	91	37360	163	0	38111
6484	35840	73	951	152	0	37016
6485	684	113	37519	140	0	38456
6486	36346	71	674	146	0	37237
6487	723	36708	490	133	0	38054
6488	37365	584	139	137	0	38225
6489	783	399	102	36570	0	37854
6490	547	135	104	37353	0	38139
6491	36716	115	90	957	0	37878
6492	720	126	94	37029	0	37969
6493	37053	95	84	714	0	37946
6494	710	36812	151	490	0	38163
6495	556	617	91	35292	0	36556
6496	260	435	91	36096	0	36882
6497	34969	135	92	944	0	36140
6498	35807	100	107	517	0	36531
6499	35908	93	96	207	0	36304
6500	1072	34426	138	159	0	35795
6501	574	35085	153	134	0	35946
6502	34577	861	114	120	0	35672
6503	754	455	33891	133	0	35233
6504	517	33621	644	135	0	34917
6505	31578	535	679	139	0	32931
6506	30707	310	210	114	0	31341
6507	30509	74	102	98	0	30783
6508	895	72	102	28987	0	30056
6509	29901	34	84	509	0	30528
6510	29652	44	80	333	0	30109
6511	832	44	76	28283	0	29235
6512	28950	53	93	519	0	29615
6513	570	78	27826	361	0	28835
6514	421	64	472	28109	0	29066
6515	187	55	328	28775	0	29345
6516	160	46	114	29373	0	29693
6517	28509	53	73	808	0	29443
6518	29513	48	76	427	0	30064
6519	29661	64	86	177	0	29988
6520	29612	32	79	156	0	29879
6521	28529	23	79	126	0	28757
6522	862	26	82	26725	0	27695
6523	497	31	56	27614	0	28198
6524	26843	32	86	721	0	27682
6525	507	26120	132	398	0	27157
6526	26122	386	98	150	0	26756
6527	534	268	24922	96	0	25820
6528	26479	59	412	81	0	27031
6529	27369	35	278	95	0	27777
6530	744	59	28813	96	0	29712
6531	29540	23	459	80	0	30102
6532	598	61	30032	85	0	30776
6533	407	59	31045	45	0	31556
6534	225	99	741	29461	0	30526
6535	173	73	378	31915	0	32539
6536	141	47	31874	736	0	32798
6537	162	56	32172	397	0	32787
6538	79	30568	736	142	0	31525
6539	93	29740	382	103	0	30318
6540	25192	529	320	71	0	26112
6541	297	26707	75	76	0	27155
6542	25598	291	127	45	0	26061
6543	308	25207	67	61	0	25643
6544	24802	285	41	41	0	25169
6545	295	202	24022	32	0	24551
6546	23943	60	257	22	0	24282
6547	314	45	184	23715	0	24258
6548	214	24392	62	236	0	24904
6549	109	244	28	24484	0	24865
6550	24377	183	21	277	0	24858
6551	24668	55	21	192	0	24936
6552	460	47	22	24089	0	24618
6553	245	37	24033	258	0	24573
6554	84	37	24020	192	0	24333
6555	46	24161	412	70	0	24689
6556	70	375	214	23602	0	24261
6557	59	197	23601	244	0	24101
6558	30	21835	229	178	0	22272
6559	110	273	209	21723	0	22315
6560	48	148	61	21985	0	22242
6561	20896	42	22	341	0	21301
6562	198	19	23	21025	0	21265
6563	153	39	20773	229	0	21194
6564	53	31	196	20517	0	20797
6565	19386	14	147	250	0	19797
6566	201	23	20460	166	0	20850
6567	19600	16	190	77	0	19883
6568	226	20675	171	68	0	21140
6569	21071	180	54	32	0	21337
6570	21182	138	44	38	0	21402
6571	355	44	24	20124	0	20547
6572	199	16	27	20907	0	21149
6573	68	20682	34	345	0	21129
6574	56	199	23	21105	0	21383
6575	19968	136	30	247	0	20381
6576	217	64	20569	167	0	21017
6577	170	33	193	20253	0	20649
6578	56	20575	158	201	0	20990
6579	52	212	44	20847	0	21155
6580	61	147	24	21090	0	21322
6581	20241	58	34	351	0	20684
6582	212	20550	39	196	0	20997
6583	165	204	30	20610	0	21009
6584	20167	149	25	221	0	20562
6585	218	45	30	20467	0	20760
6586	178	28	27	20673	0	20906
6587	20253	29	28	388	0	20698
6588	20592	25	18	205	0	20840
6589	342	34	20648	80	0	21104
6590	20116	25	200	62	0	20403
6591	20794	28	159	53	0	21034
6592	20932	32	58	59	0	21081
6593	374	19875	51	48	0	20348
6594	204	20014	45	51	0	20314
6595	97	315	41	19715	0	20168
6596	19883	179	34	218	0	20314
6597	20061	58	35	177	0	20331
6598	352	34	27	19622	0	20035
6599	214	55	20032	219	0	20520
6600	19789	32	188	200	0	20209
6601	21057	28	152	94	0	21331
6602	355	39	45	20472	0	20911
6603	230	33	22	20902	0	21187
6604	20641	24	27	365	0	21057
6605	245	30	28	20586	0	20889
6606	191	20748	43	236	0	21218
6607	106	195	21	21383	0	21705
6608	20849	140	28	273	0	21290
6609	228	67	21108	190	0	21593
6610	19851	33	186	122	0	20192
6611	237	43	21189	71	0	21540
6612	183	38	212	20862	0	21295
6613	21198	22	145	237	0	21602
6614	234	17	62	21214	0	21527
6615	189	20	28	21427	0	21664
6616	20493	35	37	369	0	20934
6617	210	42	20825	228	0	21305
6618	181	49	21545	118	0	21893
6619	105	24	303	21234	0	21666
6620	68	20	178	22082	0	22348
6621	75	18	57	22329	0	22479
6622	61	46	22130	371	0	22608
6623	20808	14	194	254	0	21270
6624	22516	14	154	110	0	22794
6625	22749	14	45	84	0	22892
6626	22509	22	30	76	0	22637
6627	358	21775	61	85	0	22279
6628	196	21648	38	62	0	21944
6629	87	20795	35	57	0	20974
6630	88	357	31	17132	0	17608
6631	66	105	38	17889	0	18098
6632	47	31	17253	133	0	17464
6633	27	15877	90	64	0	16058
6634	126	67	50	14877	0	15120
6635	14358	36	25	63	0	14482
6636	45	14730	24	66	0	14865
6637	45	68	2	14398	0	14513
6638	18	14809	21	60	0	14908
6639	15063	49	9	65	0	15186
6640	66	72	7	15088	0	15233
6641	45	23	15033	62	0	15163
6642	13	29	15171	55	0	15268
6643	20	36	116	15512	0	15684
6644	18	5	57	15833	0	15913
6645	17	4	17	16314	0	16352
6646	16078	5	17	163	0	16263
6647	93	21	16041	76	0	16231
6648	67	15949	81	28	0	16125
6649	28	66	59	15831	0	15984
6650	24	83	16052	86	0	16245
6651	8	16120	78	83	0	16289
6652	24	73	65	16358	0	16520
6653	19	79	16544	80	0	16722
6654	13	18	72	16296	0	16399
6655	15	5	59	16659	0	16738
6656	16765	1	17	135	0	16918
6657	16756	7	5	86	0	16854
6658	143	3	4	16752	0	16902
6659	16841	2	8	88	0	16939
6660	92	29	17000	92	0	17213
6661	77	11	81	17093	0	17262
6662	32	30	17636	95	0	17793
6663	16	22	93	17952	0	18083
6664	10	17859	96	107	0	18072
6665	11	18219	34	103	0	18367
6666	9	18601	30	25	0	18665
6667	28	197	10	18627	0	18862
6668	19	108	9	20587	0	20723
6669	9	36	20501	261	0	20807
6670	16	45	20783	161	0	21005
6671	15	37	21689	24	0	21765
6672	21600	9	337	32	0	21978
6673	196	13	168	22713	0	23090
6674	23219	3	19	224	0	23465
6675	215	23574	28	181	0	23998
6676	189	224	13	23715	0	24141
6677	24324	182	18	232	0	24756
6678	252	26	8	24471	0	24757
6679	24300	16	11	288	0	24615
6680	267	41	24745	222	0	25275
6681	209	25142	244	47	0	25642
6682	38	228	204	25265	0	25735
6683	25575	198	34	264	0	26071
6684	25987	29	19	233	0	26268
6685	445	10	16	26030	0	26501
6686	242	20	26	26295	0	26583
6687	25658	18	26	470	0	26172
6688	263	15	38	25734	0	26050
6689	225	41	25654	283	0	26203
6690	53	25635	267	242	0	26197
6691	51	241	212	25862	0	26366
6692	25988	207	41	295	0	26531
6693	26159	32	34	262	0	26487
6694	469	55	26749	73	0	27346
6695	249	26406	275	75	0	27005
6696	76	27347	246	74	0	27743
6697	66	480	40	27196	0	27782
6698	76	250	32	27792	0	28150
6699	67	57	37	27781	0	27942
6700	64	41	38	27709	0	27852
6701	52	27097	61	571	0	27781
6702	76	289	31	27435	0	27831
6703	79	253	36	27645	0	28013
6704	27188	56	33	586	0	27863
6705	27168	40	34	349	0	27591
6706	538	27258	62	125	0	27983
6707	27709	290	30	126	0	28155
6708	27558	248	39	119	0	27964
6709	27703	54	35	113	0	27905
6710	574	69	27084	102	0	27829
6711	338	47	302	26932	0	27619
6712	115	49	249	27690	0	28103
6713	120	75	27245	563	0	28003
6714	108	43	295	27155	0	27601
6715	117	64	269	26613	0	27063
6716	26873	52	72	580	0	27577
6717	331	83	26923	374	0	27711
6718	299	53	296	26327	0	26975
6719	26144	35	265	393	0	26837
6720	322	26115	102	370	0	26909
6721	26345	301	46	181	0	26873
6722	25885	265	40	156	0	26346
6723	570	25640	59	140	0	26409
6724	344	313	29	25651	0	26337
6725	25731	261	21	393	0	26406
6726	376	25697	64	340	0	26477
6727	344	316	41	25790	0	26491
6728	25460	257	47	381	0	26145
6729	25170	75	53	348	0	25646
6730	581	25014	85	151	0	25831
6731	25417	304	49	140	0	25910
6732	405	276	47	25160	0	25888
6733	25344	71	43	407	0	25865
6734	405	75	24905	363	0	25748
6735	347	51	313	24832	0	25543
6736	136	63	262	24924	0	25385
6737	24444	59	77	630	0	25210
6738	374	24170	86	377	0	25007
6739	23717	298	60	173	0	24248
6740	386	23805	74	146	0	24411
6741	322	332	22784	123	0	23561
6742	150	291	22621	111	0	23173
6743	222	292	538	21799	0	22851
6744	135	92	22371	364	0	22962
6745	146	89	283	22269	0	22787
6746	144	69	228	21948	0	22389
6747	139	64	52	22818	0	23073
6748	22638	65	42	574	0	23319
6749	22723	78	30	353	0	23184
6750	23361	58	45	164	0	23628
6751	599	23414	59	150	0	24222
6752	360	24872	74	133	0	25439
6753	155	602	26200	133	0	27090
6754	166	312	409	26602	0	27489
6755	149	118	26689	502	0	27458
6756	159	83	440	26521	0	27203
6757	161	63	353	26749	0	27326
6758	141	65	94	26977	0	27277
6759	122	91	25987	831	0	27031
6760	123	59	448	26032	0	26662
6761	25614	59	336	569	0	26578
6762	450	25091	134	472	0	26147
6763	370	411	75	24866	0	25722
6764	24867	315	68	513	0	25763
6765	24764	85	67	413	0	25329
6766	767	73	64	24071	0	24975
6767	448	47	63	23466	0	24024
6768	21941	36	46	644	0	22667
6769	469	45	47	21906	0	22467
6770	20677	38	39	436	0	21190
6771	425	48	26	20338	0	20837
6772	285	41	19349	392	0	20067
6773	107	18523	275	299	0	19204
6774	80	18881	231	126	0	19318
6775	193	443	217	18000	0	18853
6776	179	213	126	18134	0	18652
6777	17726	54	38	464	0	18282
6778	286	57	24	17886	0	18253
6779	235	39	34	17884	0	18192
6780	79	40	35	16985	0	17139
6781	60	16532	45	501	0	17138
6782	71	237	24	16998	0	17330
6783	59	189	31	16899	0	17178
6784	69	42	31	16862	0	17004
6785	15781	35	48	520	0	16384
6786	273	16092	35	284	0	16684
6787	215	264	25	16249	0	16753
6788	74	206	29	16397	0	16706
6789	84	57	31	16510	0	16682
6790	15875	40	33	499	0	16447
6791	291	24	38	16023	0	16376
6792	241	23	26	15755	0	16045
6793	72	59	14852	506	0	15489
6794	58	14426	247	290	0	15021
6795	56	281	170	14513	0	15020
6796	14138	157	52	320	0	14667
6797	258	14224	38	237	0	14757
6798	13888	226	37	105	0	14256
6799	13855	161	30	97	0	14143
6800	378	48	23	13687	0	14136
6801	224	41	25	13909	0	14199
6802	68	40	13900	436	0	14444
6803	70	23	213	14249	0	14555
6804	62	33	14224	310	0	14629
6805	60	33	240	14400	0	14733
6806	13538	28	160	323	0	14049
6807	237	13683	66	246	0	14232
6808	188	239	42	14217	0	14686
6809	55	178	37	14425	0	14695
6810	63	44	37	14458	0	14602
6811	60	33	30	14543	0	14666
6812	13926	31	32	497	0	14486
6813	243	13787	48	295	0	14373
6814	190	226	29	14058	0	14503
6815	14047	163	29	377	0	14616
6816	264	61	13884	270	0	14479
6817	13822	49	213	158	0	14242
6818	14088	27	165	129	0	14409
6819	399	57	13815	167	0	14438
6820	232	43	231	13901	0	14407
6821	14002	38	184	328	0	14552
6822	269	14327	60	262	0	14918
6823	14707	236	35	152	0	15130
6824	14685	169	33	141	0	15028
6825	14819	46	29	133	0	15027
6826	439	31	21	14492	0	14983
6827	248	43	26	14845	0	15162
6828	89	15924	40	465	0	16518
6829	87	270	29	16123	0	16509
6830	16056	196	26	345	0	16623
6831	291	57	15746	285	0	16379
6832	15643	46	234	141	0	16064
6833	16291	34	172	126	0	16623
6834	455	32	35	15837	0	16359
6835	256	36	29	16204	0	16525
6836	16114	27	23	498	0	16662
6837	16279	29	19	295	0	16622
6838	15384	32	44	157	0	15617
6839	440	47	15890	123	0	16500
6840	232	15676	241	117	0	16266
6841	15760	235	176	114	0	16285
6842	292	184	42	15536	0	16054
6843	227	15765	53	311	0	16356
6844	99	230	29	15853	0	16211
6845	15626	184	23	304	0	16137
6846	264	72	27	15843	0	16206
6847	258	54	15431	326	0	16069
6848	84	15115	213	257	0	15669
6849	59	15358	165	137	0	15719
6850	97	318	14367	87	0	14869
6851	12427	341	348	148	0	13264
6852	159	12457	124	92	0	12832
6853	198	103	58	10191	0	10550
6854	10151	50	12	60	0	10273
6855	61	10163	15	55	0	10294
6856	64	55	8	10202	0	10329
6857	10245	47	6	68	0	10366
6858	73	6	5	10267	0	10351
6859	10252	5	9	86	0	10352
6860	72	16	10382	59	0	10529
6861	60	10440	57	23	0	10580
6862	10793	59	46	34	0	10932
6863	10710	55	9	31	0	10805
6864	10726	12	12	28	0	10778
6865	112	24	10436	30	0	10602
6866	10380	9	57	27	0	10473
6867	10652	20	45	30	0	10747
6868	114	18	8	10629	0	10769
6869	10642	10	12	81	0	10745
6870	77	10524	14	70	0	10685
6871	71	65	13	10611	0	10760
6872	29	66	10611	73	0	10779
6873	30	21	59	10544	0	10654
6874	30	20	53	10751	0	10854
6875	10669	11	9	126	0	10815
6876	10653	23	11	66	0	10753
6877	113	26	10567	28	0	10734
6878	10312	12	59	28	0	10411
6879	90	21	10626	28	0	10765
6880	82	16	62	10570	0	10730
6881	36	29	10677	87	0	10829
6882	40	20	67	10447	0	10574
6883	36	10692	62	80	0	10870
6884	44	76	10886	57	0	11063
6885	39	70	11156	25	0	11290
6886	47	23	131	9698	0	9899
6887	11203	13	59	82	0	11357
6888	11262	17	18	65	0	11362
6889	11360	13	22	40	0	11435
6890	148	12	12	11176	0	11348
6891	92	18	10	11328	0	11448
6892	49	12	9	11387	0	11457
6893	47	14	16	11375	0	11452
6894	40	34	11207	128	0	11409
6895	44	18	69	11041	0	11172
6896	38	11090	66	100	0	11294
6897	36	74	18	11206	0	11334
6898	11257	59	15	93	0	11424
6899	99	16	11425	75	0	11615
6900	10596	12	83	45	0	10736
6901	103	17	11800	31	0	11951
6902	82	21	11715	39	0	11857
6903	23	11663	160	26	0	11872
6904	44	106	110	10705	0	10965
6905	36	84	27	11182	0	11329
6906	18	10991	42	155	0	11206
6907	12434	100	19	81	0	12634
6908	135	94	21	12797	0	13047
6909	151	21	18	13756	0	13946
6910	41	10	21	14410	0	14482
6911	15523	13	17	288	0	15841
6912	16385	13	19	173	0	16590
6913	365	10	17	16300	0	16692
6914	219	10	20	16375	0	16624
6915	16081	19	12	387	0	16499
6916	211	14	22	16284	0	16531
6917	197	11	13	16336	0	16557
6918	60	16	20	16519	0	16615
6919	39	17	15918	405	0	16379
6920	15057	8	189	234	0	15488
6921	15662	7	171	73	0	15913
6922	384	17	15187	66	0	15654
6923	226	114	198	13803	0	14341
6924	56	14956	185	218	0	15415
6925	14670	197	38	190	0	15095
6926	207	14887	35	95	0	15224
6927	178	14100	35	97	0	14410
6928	124	295	33	13164	0	13616
6929	13114	153	38	194	0	13499
6930	13448	29	13	177	0	13667
6931	324	18	15	13261	0	13618
6932	190	19	20	13311	0	13540
6933	70	19	12	13356	0	13457
6934	56	25	14	13304	0	13399
6935	51	21	17	12947	0	13036
6936	33	12811	25	353	0	13222
6937	44	168	11	12975	0	13198
6938	12773	145	12	246	0	13176
6939	12981	30	13	197	0	13221
6940	13081	20	13	87	0	13201
6941	332	12751	26	88	0	13197
6942	196	169	11	12590	0	12966
6943	63	142	12646	213	0	13064
6944	12325	35	166	195	0	12721
6945	194	66	138	12469	0	12867
6946	12535	33	31	215	0	12814
6947	12204	23	13	194	0	12434
6948	12280	29	13	71	0	12393
6949	341	27	9	11937	0	12314
6950	12033	20	15	198	0	12266
6951	220	30	14	12043	0	12307
6952	192	18	13	12172	0	12395
6953	12064	19	18	337	0	12438
6954	229	21	18	12225	0	12493
6955	12109	22	12	239	0	12382
6956	12181	19	9	208	0	12417
6957	346	19	14	12180	0	12559
6958	226	18	7	12354	0	12605
6959	87	23	8	12498	0	12616
6960	84	26	11918	362	0	12390
6961	71	15	12046	234	0	12366
6962	80	19	282	11662	0	12043
6963	84	15	147	11780	0	12026
6964	73	12	28	11977	0	12090
6965	70	25	29	11926	0	12050
6966	67	11	20	12018	0	12116
6967	11553	12	23	390	0	11978
6968	209	11493	42	227	0	11971
6969	195	154	30	11614	0	11993
6970	11698	142	29	235	0	12104
6971	212	28	28	11808	0	12076
6972	188	22	20	11772	0	12002
6973	11559	24	13	377	0	11973
6974	11562	21	11	249	0	11843
6975	334	27	11453	118	0	11932
6976	201	28	152	11521	0	11902
6977	103	26	11665	243	0	12037
6978	76	22	170	11680	0	11948
6979	83	14	142	11666	0	11905
6980	80	16	24	11832	0	11952
6981	68	18	11432	397	0	11915
6982	55	11222	169	252	0	11698
6983	65	11587	167	126	0	11945
6984	72	269	47	11336	0	11724
6985	11181	145	49	227	0	11602
6986	188	39	11192	227	0	11646
6987	179	30	11583	124	0	11916
6988	72	26	292	11449	0	11839
6989	78	25	176	11181	0	11460
6990	54	11816	63	338	0	12271
6991	53	166	44	11830	0	12093
6992	51	164	32	12203	0	12450
6993	58	44	32	12422	0	12556
6994	12086	24	26	381	0	12517
6995	12103	25	27	225	0	12380
6996	331	28	34	12123	0	12516
6997	193	12074	54	230	0	12551
6998	80	153	24	12062	0	12319
6999	11661	147	35	230	0	12073
7000	170	11963	35	240	0	12408
7001	168	164	21	11120	0	11473
7002	55	11426	30	208	0	11719
7003	11151	147	28	188	0	11514
7004	10687	140	41	92	0	10960
7005	253	11342	33	80	0	11708
7006	135	11165	30	75	0	11405
7007	92	236	10412	70	0	10810
7008	37	10023	122	69	0	10251
7009	97	233	151	8677	0	9158
7010	41	103	8526	124	0	8794
7011	14	7042	64	56	0	7176
7012	29	56	37	6356	0	6478
7013	16	28	8	6462	0	6514
7014	6	12	3	6471	0	6492
7015	6303	7	7	67	0	6384
7016	35	10	6284	40	0	6369
7017	39	10	6287	17	0	6353
7018	9	8	56	6300	0	6373
7019	7	20	6846	39	0	6912
7020	13	10	34	6887	0	6944
7021	11	6	34	6746	0	6797
7022	10	9	9	7113	0	7141
7023	7	10	6	7131	0	7154
7024	6940	9	8	70	0	7027
7025	6973	7	6	50	0	7036
7026	62	6	4	7068	0	7140
7027	41	10	7515	44	0	7610
7028	9	3	34	7489	0	7535
7029	11	7530	38	50	0	7629
7030	12	30	10	7534	0	7586
7031	7506	31	6	49	0	7592
7032	7641	8	9	58	0	7716
7033	61	7	5	7670	0	7743
7034	35	10	6	7706	0	7757
7035	14	2	8	7769	0	7793
7036	7489	8	7	76	0	7580
7037	39	14	7618	48	0	7719
7038	35	13	7503	18	0	7569
7039	11	7464	56	20	0	7551
7040	7611	25	34	21	0	7691
7041	30	36	15	7691	0	7772
7042	33	16	7976	43	0	8068
7043	11	7933	34	38	0	8016
7044	10	8170	40	21	0	8241
7045	14	52	9	8233	0	8308
7046	12	41	8	8406	0	8467
7047	7	8454	15	63	0	8539
7048	13	31	3	8655	0	8702
7049	17	34	6	8630	0	8687
7050	8502	8	4	72	0	8586
7051	28	8609	16	52	0	8705
7052	36	31	5	8552	0	8624
7053	14	47	8462	44	0	8567
7054	17	14	31	8387	0	8449
7055	8424	12	34	45	0	8515
7056	23	8563	22	42	0	8650
7057	27	33	2	8713	0	8775
7058	12	35	8654	42	0	8743
7059	7	29	9247	44	0	9327
7060	12	15	56	9438	0	9521
7061	24	11	46	9726	0	9807
7062	9806	8	9	90	0	9913
7063	41	10083	11	61	0	10196
7064	10233	54	13	26	0	10326
7065	53	72	10381	17	0	10523
7066	9813	17	59	38	0	9927
7067	67	14	10803	26	0	10910
7068	10368	12	64	30	0	10474
7069	10878	7	64	30	0	10979
7070	130	14	11781	29	0	11954
7071	72	23	11983	29	0	12107
7072	15	11847	150	28	0	12040
7073	17	74	76	12186	0	12353
7074	12535	67	19	93	0	12714
7075	84	18	15	12880	0	12997
7076	78	10	14	13138	0	13240
7077	29	8	12	13280	0	13329
7078	15	34	13141	164	0	13354
7079	11680	7	92	108	0	11887
7080	13119	13	70	37	0	13239
7081	150	13627	37	50	0	13864
7082	94	85	13	13469	0	13661
7083	17	13994	28	108	0	14147
7084	20	113	13	14062	0	14208
7085	13986	86	15	127	0	14214
7086	102	14041	27	110	0	14280
7087	91	98	12	13733	0	13934
7088	13660	82	9	109	0	13860
7089	13700	17	12	95	0	13824
7090	176	9	9	13471	0	13665
7091	104	20	13610	114	0	13848
7092	31	70	101	13132	0	13334
7093	14	13752	90	109	0	13965
7094	13590	101	20	90	0	13801
7095	96	13784	22	47	0	13949
7096	91	104	15	13574	0	13784
7097	13793	76	12	121	0	14002
7098	109	20	11	14342	0	14482
7099	89	17	11	14405	0	14522
7100	36	23	14397	172	0	14628
7101	23	14369	100	99	0	14591
7102	14046	91	91	31	0	14259
7103	12888	101	23	40	0	13052
7104	125	14121	24	31	0	14301
7105	76	14254	15	13	0	14358
7106	45	159	11	13992	0	14207
7107	13864	69	14	98	0	14045
7108	86	13945	22	88	0	14141
7109	81	85	12	14076	0	14254
7110	29	83	14005	94	0	14211
7111	36	16	93	13989	0	14134
7112	14151	9	72	116	0	14348
7113	89	14377	42	93	0	14601
7114	89	82	11	14836	0	15018
7115	36	95	14782	97	0	15010
7116	30	39	14859	88	0	15016
7117	24	17	148	14813	0	15002
7118	26	15	85	15169	0	15295
7119	23	14927	37	169	0	15156
7120	21	101	14	14861	0	14997
7121	14969	75	10	123	0	15177
7122	115	22	19	15170	0	15326
7123	15171	16	11	122	0	15320
7124	112	15214	32	94	0	15452
7125	87	15661	23	34	0	15805
7126	47	160	18	15933	0	16158
7127	37	87	22	15638	0	15784
7128	32	37	15697	185	0	15951
7129	35	27	95	15417	0	15574
7130	15412	21	85	133	0	15651
7131	119	34	15684	109	0	15946
7132	109	23	102	15745	0	15979
7133	48	41	16571	138	0	16798
7134	44	21	120	16533	0	16718
7135	36	25	96	16637	0	16794
7136	45	19	32	16977	0	17073
7137	34	47	16836	230	0	17147
7138	29	26	111	16467	0	16633
7139	21	16944	97	138	0	17200
7140	31	119	18	17064	0	17232
7141	37	97	18	17027	0	17179
7142	16588	28	17	223	0	16856
7143	133	50	16632	128	0	16943
7144	106	25	115	16604	0	16850
7145	52	40	16669	146	0	16907
7146	31	35	16345	131	0	16542
7147	39	30	193	16583	0	16845
7148	44	27	106	16497	0	16674
7149	38	28	20	17309	0	17395
7150	16911	35	14	237	0	17197
7151	143	59	17040	125	0	17367
7152	16982	33	120	90	0	17225
7153	168	21	90	18100	0	18379
7154	116	22	28	18514	0	18680
7155	30	19455	40	247	0	19772
7156	33	131	22	19827	0	20013
7157	38	88	31	19657	0	19814
7158	76	29	23	19659	0	19787
7159	17619	23	25	210	0	17877
7160	113	41	17796	107	0	18057
7161	15479	20	107	99	0	15705
7162	121	17876	74	49	0	18120
7163	17428	79	40	45	0	17592
7164	90	17567	19	46	0	17722
7165	63	17512	27	39	0	17641
7166	117	138	24	17322	0	17601
7167	17499	53	59	104	0	17715
7168	87	20	8	17668	0	17783
7169	52	17552	24	117	0	17745
7170	29	17944	21	98	0	18092
7171	24	128	14	17959	0	18125
7172	20	71	12	17882	0	17985
7173	7	18209	23	173	0	18412
7174	17	95	9	18557	0	18678
7175	23	64	12	18670	0	18769
7176	16	18	8	18848	0	18890
7177	18273	10	13	198	0	18494
7178	98	30	18620	96	0	18844
7179	17916	11	92	80	0	18099
7180	19026	11	63	36	0	19136
7181	18874	9	13	30	0	18926
7182	140	18793	26	29	0	18988
7183	69	73	9	18542	0	18693
7184	18721	54	6	113	0	18894
7185	88	18	8	19075	0	19189
7186	19066	13	10	101	0	19190
7187	80	20161	33	74	0	20348
7188	20834	72	13	82	0	21001
7189	21163	51	10	60	0	21284
7190	21395	17	9	51	0	21472
7191	139	17	6	21290	0	21452
7192	80	17	12	21974	0	22083
7193	21992	18	6	156	0	22172
7194	74	22132	35	83	0	22324
7195	57	22102	30	51	0	22240
7196	22635	108	8	64	0	22815
7197	93	51	14	22662	0	22820
7198	68	23	11	22782	0	22884
7199	42	13	5	23054	0	23114
7200	22	22870	34	189	0	23115
7201	22754	94	8	112	0	22968
7202	117	62	5	23119	0	23303
7203	76	23563	29	145	0	23813
7204	56	131	14	24438	0	24639
7205	41	69	6	24704	0	24820
7206	33	27	12	24741	0	24813
7207	33	23	10	24893	0	24959
7208	24496	15	10	220	0	24741
7209	24518	14	14	120	0	24666
7210	24859	18	6	95	0	24978
7211	193	25	7	25033	0	25258
7212	94	55	24730	118	0	24997
7213	60	54	23695	94	0	23903
7214	52	65	23964	50	0	24131
7215	23944	16	170	91	0	24221
7216	126	28	82	25161	0	25397
7217	97	18	20	25084	0	25219
7218	48	18	12	25334	0	25412
7219	24799	26	5	213	0	25043
7220	24638	21	8	135	0	24802
7221	173	26148	31	72	0	26424
7222	92	113	8	26303	0	26516
7223	49	116	26042	136	0	26343
7224	37	26413	123	96	0	26669
7225	53	161	60	26356	0	26630
7226	53	77	26	26470	0	26626
7227	45	25	13	26335	0	26418
7228	58	25	14	25945	0	26042
7229	45	62	25734	200	0	26041
7230	44	64	25102	114	0	25324
7231	33	26112	161	62	0	26368
7232	49	92	66	26086	0	26293
7233	48	58	16	25657	0	25779
7234	24887	23	14	206	0	25130
7235	115	64	25535	89	0	25803
7236	91	22	92	25357	0	25562
7237	61	28	79	26232	0	26400
7238	60	62	26708	174	0	27004
7239	32	26754	118	119	0	27023
7240	26634	97	67	98	0	26896
7241	111	110	26541	68	0	26830
7242	25512	28	89	93	0	25722
7243	110	66	27941	64	0	28181
7244	82	34	88	27828	0	28032
7245	57	60	28417	129	0	28663
7246	45	87	29059	109	0	29300
7247	42	23	127	28893	0	29085
7248	80	67	123	25833	0	26103
7249	35	17	26	30295	0	30373
7250	39	19	23	30032	0	30113
7251	38	17	29	30142	0	30226
7252	40	86	29924	192	0	30242
7253	48	75	29052	154	0	29329
7254	29	30187	183	64	0	30463
7255	29776	91	76	100	0	30043
7256	133	85	25	29986	0	30229
7257	30219	18	23	176	0	30436
7258	145	16	17	30183	0	30361
7259	31004	12	22	247	0	31285
7260	144	14	27	31356	0	31541
7261	100	20	27	31493	0	31640
7262	40	32352	53	229	0	32674
7263	59	122	28	33063	0	33272
7264	52	92	20	33137	0	33301
7265	43	29	20	33123	0	33215
7266	49	20	27	32826	0	32922
7267	21	32305	72	225	0	32623
7268	31998	98	21	150	0	32267
7269	103	32132	69	83	0	32387
7270	67	98	17	31406	0	31588
7271	30808	61	12	181	0	31062
7272	108	98	30612	93	0	30911
7273	84	76	30621	56	0	30837
7274	67	73	179	29310	0	29629
7275	37	15	88	30638	0	30778
7276	27	17	28	30736	0	30808
7277	43	25	23	29690	0	29781
7278	26	14	16	30227	0	30283
7279	17	29711	58	171	0	29957
7280	24	87	18	30205	0	30334
7281	30151	65	20	154	0	30390
7282	99	14	22	30632	0	30767
7283	93	89	31380	135	0	31697
7284	39	16	116	30955	0	31126
7285	30643	8	101	220	0	30972
7286	114	32584	66	138	0	32902
7287	124	124	20	34662	0	34930
7288	57	112	20	36116	0	36305
7289	45	108	35734	432	0	36319
7290	61	105	46376	274	0	46816
7291	52682	36	884	121	0	53723
7292	1033	55	468	54312	0	55868
7293	752	21	96	56046	0	56915
7294	186	126	58794	1657	0	60763
7295	144	145	59924	901	0	61114
7296	62	60091	1982	334	0	62469
7297	121	1167	922	59087	0	61297
7298	103	855	59948	1152	0	62058
7299	32	60218	1378	858	0	62486
7300	60319	1209	882	257	0	62667
7301	61809	836	203	145	0	62993
7302	2031	203	112	58681	0	61027
7303	958	60521	210	1192	0	62881
7304	60365	1239	102	845	0	62551
7305	1531	912	187	51327	0	53957
7306	960	267	59622	1006	0	61855
7307	232	59975	1293	815	0	62315
7308	59692	1266	852	279	0	62089
7309	60822	864	196	192	0	62074
7310	2101	184	99	60184	0	62568
7311	1069	100	93	61466	0	62728
7312	269	165	59890	2104	0	62428
7313	220	98	1253	60641	0	62212
7314	223	87	871	59511	0	60692
7315	168	69	209	61146	0	61592
7316	185	73	135	61025	0	61418
7317	197	56	121	58553	0	58927
7318	99	58984	232	2228	0	61543
7319	58622	1219	116	1201	0	61158
7320	1332	923	58894	513	0	61662
7321	908	58028	1354	348	0	60638
7322	320	1289	898	58198	0	60705
7323	58240	892	261	1483	0	60876
7324	1339	264	209	58906	0	60718
7325	1006	166	164	59252	0	60588
7326	329	135	159	60172	0	60795
7327	275	143	163	60229	0	60810
7328	260	224	57846	2502	0	60832
7329	209	57930	1416	1381	0	60936
7330	57722	1319	941	598	0	60580
7331	1431	1032	57867	431	0	60761
7332	1031	269	1425	57754	0	60479
7333	57762	206	1012	1590	0	60570
7334	1415	57841	430	1175	0	60861
7335	58727	1393	252	512	0	60884
7336	1677	1009	248	55420	0	58354
7337	1145	327	204	59087	0	60763
7338	508	225	161	59225	0	60119
7339	370	196	149	59434	0	60149
7340	56684	212	194	2613	0	59703
7341	1519	169	199	57840	0	59727
7342	1142	164	156	58505	0	59967
7343	55224	152	185	2565	0	58126
7344	1525	298	54904	1479	0	58206
7345	1154	156	1360	55339	0	58009
7346	53550	170	958	1769	0	56447
7347	54333	155	328	1337	0	56153
7348	2324	156	230	53056	0	55766
7349	1291	157	240	52924	0	54612
7350	465	51102	368	2481	0	54416
7351	410	1333	165	52581	0	54489
7352	406	923	171	52467	0	53967
7353	300	342	50217	2589	0	53448
7354	277	249	50325	1565	0	52416
7355	237	49469	2220	792	0	52718
7356	326	1284	1133	48840	0	51583
7357	287	935	407	50417	0	52046
7358	49417	311	296	2427	0	52451
7359	1495	233	292	49520	0	51540
7360	1106	285	48220	1862	0	51473
7361	534	194	1384	49239	0	51351
7362	347	261	47672	1917	0	50197
7363	333	281	47861	1390	0	49865
7364	401	232	2206	46096	0	48935
7365	354	226	1166	48130	0	49876
7366	47161	223	386	2473	0	50243
7367	48375	169	284	1466	0	50294
7368	2324	190	273	47536	0	50323
7369	48633	181	202	1817	0	50833
7370	49478	161	188	1367	0	51194
7371	2433	174	186	48443	0	51236
7372	1368	184	196	49684	0	51432
7373	48138	165	194	2561	0	51058
7374	48821	128	178	1535	0	50662
7375	2321	115	190	47585	0	50211
7376	1269	47371	337	1787	0	50764
7377	608	1258	141	48672	0	50679
7378	460	863	156	49440	0	50919
7379	375	341	47387	2676	0	50779
7380	330	168	1253	49057	0	50808
7381	46446	141	977	1893	0	49457
7382	1353	46921	487	1441	0	50202
7383	47133	1194	199	769	0	49295
7384	47116	871	184	663	0	48834
7385	47882	264	144	625	0	48915
7386	2446	473	154	44223	0	47296
7387	1487	221	40381	1515	0	43604
7388	866	210	39150	1073	0	41299
7389	370	38640	1829	588	0	41427
7390	189	27472	606	288	0	28555
7391	138	19598	261	122	0	20119
7392	174	18640	322	137	0	19273
7393	578	461	17012	131	0	18182
7394	12834	490	671	158	0	14153
7395	141	85	84	12729	0	13039
7396	84	15	12	12543	0	12654
7397	35	17	17	12356	0	12425
7398	18	12423	33	185	0	12659
7399	12127	84	18	96	0	12325
7400	105	72	12262	43	0	12482
7401	55	11680	90	34	0	11859
7402	37	89	76	11696	0	11898
7403	11711	51	24	99	0	11885
7404	100	7	15	11735	0	11857
7405	70	21	11550	100	0	11741
7406	18	30	11656	78	0	11782
7407	29	12	120	11747	0	11908
7408	29	8	58	11875	0	11970
7409	11745	8	20	149	0	11922
7410	95	26	11777	68	0	11966
7411	11388	11	77	30	0	11506
7412	11648	6	48	39	0	11741
7413	130	10	12	11773	0	11925
7414	62	26	11998	98	0	12184
7415	34	5	83	12026	0	12148
7416	12104	8	57	106	0	12275
7417	86	12171	33	76	0	12366
7418	12387	87	14	38	0	12526
7419	100	54	7	12439	0	12600
7420	71	12895	24	109	0	13099
7421	30	101	14	13017	0	13162
7422	34	67	12	13206	0	13319
7423	19	13386	29	175	0	13609
7424	29	109	13	13626	0	13777
7425	33	85	10	13887	0	14015
7426	27	22	16	14247	0	14312
7427	22	37	14204	248	0	14511
7428	23	14204	138	134	0	14499
7429	14426	126	105	59	0	14716
7430	155	102	23	14551	0	14831
7431	117	15406	39	171	0	15733
7432	16283	158	28	135	0	16604
7433	193	128	12	16487	0	16820
7434	144	27	11	16631	0	16813
7435	46	23	16	16421	0	16506
7436	38	21	12	16189	0	16260
7437	15994	15	14	354	0	16377
7438	193	19	10	16318	0	16540
7439	176	23	13	16329	0	16541
7440	16145	17	14	351	0	16527
7441	207	18	15	16356	0	16596
7442	164	35	16127	241	0	16567
7443	53	16	173	16258	0	16500
7444	15816	11	137	227	0	16191
7445	204	22	22	15947	0	16195
7446	157	32	15978	222	0	16389
7447	47	30	15836	183	0	16096
7448	15985	15	320	74	0	16394
7449	16660	14	163	81	0	16918
7450	16796	13	38	50	0	16897
7451	16824	10	36	53	0	16923
7452	354	40	16667	38	0	17099
7453	209	4	194	16455	0	16862
7454	69	12	152	16946	0	17179
7455	16729	14	29	357	0	17129
7456	223	14	28	16919	0	17184
7457	163	28	16668	246	0	17105
7458	55	20	186	16858	0	17119
7459	47	41	17044	234	0	17366
7460	27	17059	210	200	0	17496
7461	17275	181	184	74	0	17714
7462	220	154	40	17204	0	17618
7463	175	44	17069	237	0	17525
7464	59	21	205	17204	0	17489
7465	51	19	159	17643	0	17872
7466	42	30	17695	391	0	18158
7467	45	25	218	17783	0	18071
7468	17615	19	176	289	0	18099
7469	243	32	16990	228	0	17493
7470	16470	19	204	105	0	16798
7471	256	16717	180	92	0	17245
7472	197	200	16632	76	0	17105
7473	60	174	16763	90	0	17087
7474	103	260	390	14223	0	14976
7475	64	25	161	15892	0	16142
7476	51	38	15823	359	0	16271
7477	41	15	213	15890	0	16159
7478	16023	15	161	289	0	16488
7479	16096	15	55	202	0	16368
7480	352	17	37	15763	0	16169
7481	206	16	32	15734	0	15988
7482	72	15874	49	355	0	16350
7483	15927	188	35	220	0	16370
7484	247	144	34	16146	0	16571
7485	179	16514	48	257	0	16998
7486	16695	190	41	217	0	17143
7487	16846	149	32	129	0	17156
7488	348	17259	49	113	0	17769
7489	207	202	34	17214	0	17657
7490	96	152	39	17116	0	17403
7491	78	52	16644	419	0	17193
7492	86	26	213	16554	0	16879
7493	16473	19	186	294	0	16972
7494	259	19	71	16429	0	16778
7495	200	29	16129	292	0	16650
7496	15925	18	241	252	0	16436
7497	271	13	187	16155	0	16626
7498	207	38	16103	279	0	16627
7499	105	17	235	16198	0	16555
7500	90	29	16178	288	0	16585
7501	103	13	241	16208	0	16565
7502	95	16	195	16365	0	16671
7503	16138	19	87	402	0	16646
7504	231	16162	93	256	0	16742
7505	16575	190	66	132	0	16963
7506	16296	155	59	121	0	16631
7507	16389	34	54	111	0	16588
7508	398	16126	83	115	0	16722
7509	225	223	16128	90	0	16666
7510	107	159	241	15951	0	16458
7511	16261	47	209	270	0	16787
7512	16440	37	73	211	0	16761
7513	410	25	61	15905	0	16401
7514	15996	28	60	282	0	16366
7515	277	41	15835	237	0	16390
7516	15645	23	236	118	0	16022
7517	266	36	15820	131	0	16253
7518	217	15507	267	110	0	16101
7519	15401	171	191	104	0	15867
7520	14920	148	83	92	0	15243
7521	331	14902	95	108	0	15436
7522	14882	188	70	84	0	15224
7523	14376	136	49	86	0	14647
7524	323	70	14111	75	0	14579
7525	13460	39	180	77	0	13756
7526	206	44	13573	77	0	13900
7527	170	102	176	12318	0	12766
7528	60	12991	158	163	0	13372
7529	69	149	12822	139	0	13179
7530	11655	300	230	226	0	12411
7531	11447	84	142	122	0	11795
7532	179	35	33	10783	0	11030
7533	108	30	10640	111	0	10889
7534	68	23	94	10660	0	10845
7535	10640	16	76	118	0	10850
7536	116	10766	34	88	0	11004
7537	10618	86	30	53	0	10787
7538	10631	56	26	39	0	10752
7539	152	10623	28	36	0	10839
7540	101	83	18	10643	0	10845
7541	10846	65	18	109	0	11038
7542	117	22	23	10951	0	11113
7543	101	18	22	11375	0	11516
7544	62	28	11492	144	0	11726
7545	50	21	93	11434	0	11598
7546	45	23	69	11517	0	11654
7547	11303	11	27	162	0	11503
7548	11281	21	17	87	0	11406
7549	180	20	28	11225	0	11453
7550	109	18	11068	110	0	11305
7551	59	25	10947	92	0	11123
7552	56	24	154	10806	0	11040
7553	55	22	11168	106	0	11351
7554	37	26	101	11012	0	11176
7555	41	11	82	10945	0	11079
7556	11004	14	33	137	0	11188
7557	101	18	10967	94	0	11180
7558	10715	12	85	38	0	10850
7559	10653	8	72	44	0	10777
7560	146	24	10401	46	0	10617
7561	89	32	10382	32	0	10535
7562	48	308	120	9738	0	10214
7563	53	9876	68	64	0	10061
7564	38	9991	34	70	0	10133
7565	104	112	38	9298	0	9552
7566	32	47	25	9105	0	9209
7567	26	12	10	9336	0	9384
7568	25	11	14	9399	0	9449
7569	9129	6	11	81	0	9227
7570	60	6	12	9192	0	9270
7571	56	15	9036	63	0	9170
7572	34	5	54	8802	0	8895
7573	20	8798	63	62	0	8943
7574	33	42	10	8777	0	8862
7575	8717	41	15	51	0	8824
7576	69	6	18	8858	0	8951
7577	59	12	8867	58	0	8996
7578	26	8744	57	53	0	8880
7579	22	42	58	8743	0	8865
7580	8753	40	15	64	0	8872
7581	8806	10	18	57	0	8891
7582	95	17	14	8845	0	8971
7583	68	21	8441	55	0	8585
7584	34	11	8065	46	0	8156
7585	8069	7	81	21	0	8178
7586	64	15	8407	12	0	8498
7587	45	12	8314	11	0	8382
7588	27	44	62	7799	0	7932
7589	8257	10	54	55	0	8376
7590	8180	5	15	51	0	8251
7591	8139	3	15	27	0	8184
7592	81	13	8701	11	0	8806
7593	50	15	8867	15	0	8947
7594	14	9256	80	16	0	9366
7595	19	34	49	9210	0	9312
7596	21	45	13	9274	0	9353
7597	20	8	14	9189	0	9231
7598	17	1	23	9329	0	9370
7599	13	21	9417	87	0	9538
7600	18	9584	48	67	0	9717
7601	10096	38	53	30	0	10217
7602	11054	44	19	30	0	11147
7603	11158	9	10	26	0	11203
7604	179	11342	31	18	0	11570
7605	113	88	18	11158	0	11377
7606	11789	88	19	94	0	11990
7607	110	12378	25	117	0	12630
7608	12321	113	18	35	0	12487
7609	119	12354	22	28	0	12523
7610	12427	123	17	33	0	12600
7611	12369	113	11	35	0	12528
7612	237	19	12	12688	0	12956
7613	148	14	12	13170	0	13344
7614	34	29	13108	243	0	13414
7615	26	22	12853	160	0	13061
7616	13008	10	248	39	0	13305
7617	13354	14	137	24	0	13529
7618	262	25	24	13141	0	13452
7619	151	18	11	13300	0	13480
7620	49	25	13126	267	0	13467
7621	38	20	132	13057	0	13247
7622	33	31	13130	190	0	13384
7623	40	16	150	13169	0	13375
7624	31	19	140	13378	0	13568
7625	13292	8	36	285	0	13621
7626	13206	17	22	167	0	13412
7627	287	24	20	13256	0	13587
7628	188	15	20	13258	0	13481
7629	51	28	13123	291	0	13493
7630	49	20	151	13303	0	13523
7631	44	30	13362	196	0	13632
7632	13111	20	176	168	0	13475
7633	171	19	154	13401	0	13745
7634	13368	13	43	187	0	13611
7635	193	13258	32	181	0	13664
7636	13471	139	25	73	0	13708
7637	192	140	32	13302	0	13666
7638	180	27	36	13204	0	13447
7639	61	13248	57	294	0	13660
7640	57	142	53	13433	0	13685
7641	46	151	13175	211	0	13583
7642	64	32	170	13182	0	13448
7643	48	32	12864	211	0	13155
7644	35	12413	185	189	0	12822
7645	56	137	148	12448	0	12789
7646	58	145	12388	175	0	12766
7647	43	33	12278	175	0	12529
7648	46	56	268	12143	0	12513
7649	12106	16	183	186	0	12491
7650	174	27	12104	175	0	12480
7651	152	12	162	12023	0	12349
7652	12195	13	143	190	0	12541
7653	164	11910	62	182	0	12318
7654	12469	146	35	74	0	12724
7655	200	140	29	12365	0	12734
7656	165	32	24	12540	0	12761
7657	67	16	30	12806	0	12919
7658	12600	18	31	340	0	12989
7659	180	19	32	12809	0	13040
7660	166	10	38	12942	0	13156
7661	12442	15	45	328	0	12830
7662	178	27	12487	199	0	12891
7663	172	20	173	12555	0	12920
7664	63	39	12637	194	0	12933
7665	12290	19	183	198	0	12690
7666	189	20	156	12600	0	12965
7667	173	40	12696	193	0	13102
7668	12291	30	163	199	0	12683
7669	12616	20	151	97	0	12884
7670	302	39	13009	75	0	13425
7671	191	32	169	12954	0	13346
7672	80	26	159	13262	0	13527
7673	46	37	13478	325	0	13886
7674	44	13403	183	227	0	13857
7675	55	166	13736	89	0	14046
7676	12929	131	210	97	0	13367
7677	186	42	13976	82	0	14286
7678	13230	15	202	80	0	13527
7679	204	31	13901	87	0	14223
7680	13409	5	193	108	0	13715
7681	199	14065	181	79	0	14524
7682	168	154	56	13871	0	14249
7683	71	135	39	14264	0	14509
7684	46	46	14224	337	0	14653
7685	61	36	177	13624	0	13898
7686	64	13945	167	195	0	14371
7687	13652	145	54	171	0	14022
7688	176	13869	47	94	0	14186
7689	157	159	42	13903	0	14261
7690	13983	113	44	217	0	14357
7691	177	14144	50	203	0	14574
7692	13827	155	52	93	0	14127
7693	217	135	13983	66	0	14401
7694	168	25	197	13823	0	14213
7695	71	20	165	13982	0	14238
7696	64	27	66	14303	0	14460
7697	14132	21	53	335	0	14541
7698	14245	19	48	200	0	14512
7699	14209	28	42	86	0	14365
7700	13980	27	40	67	0	14114
7701	294	36	13132	50	0	13512
7702	11681	13	125	43	0	11862
7703	145	11988	104	36	0	12273
7704	79	11895	45	33	0	12052
7705	11722	152	289	58	0	12221
7706	11714	68	88	55	0	11925
7707	142	17	24	11160	0	11343
7708	11373	12	14	106	0	11505
7709	11411	8	17	66	0	11502
7710	12175	9	8	45	0	12237
7711	169	14	14	11991	0	12188
7712	77	11880	28	99	0	12084
7713	15	11922	19	68	0	12024
7714	20	153	11	11824	0	12008
7715	11676	70	18	100	0	11864
7716	91	11846	20	70	0	12027
7717	68	88	14	11805	0	11975
7718	29	67	11958	96	0	12150
7719	10966	15	92	80	0	11153
7720	101	12155	79	16	0	12351
7721	65	12314	29	28	0	12436
7722	12062	138	9	29	0	12238
7723	111	89	12250	25	0	12475
7724	79	19	94	11976	0	12168
7725	38	12362	62	99	0	12561
7726	33	89	26	12455	0	12603
7727	28	58	6	12391	0	12483
7728	22	11974	27	163	0	12186
7729	43	97	6	12744	0	12890
7730	30	64	12	12857	0	12963
7731	12648	22	10	152	0	12832
7732	104	12617	36	82	0	12839
7733	12809	101	4	34	0	12948
7734	121	72	10	12565	0	12768
7735	85	12967	21	102	0	13175
7736	48	137	12991	69	0	13245
7737	42	91	95	13049	0	13277
7738	30	23	69	13617	0	13739
7739	35	35	13834	170	0	14074
7740	12938	23	105	101	0	13167
7741	126	26	71	14990	0	15213
7742	14895	17	22	154	0	15088
7743	161	38	14750	123	0	15072
7744	127	24	140	14820	0	15111
7745	33	44	15594	163	0	15834
7746	47	26	171	15633	0	15877
7747	24	31	119	16020	0	16194
7748	15840	22	28	282	0	16172
7749	149	16104	33	169	0	16455
7750	16097	160	14	57	0	16328
7751	185	153	16176	35	0	16549
7752	152	45	148	16126	0	16471
7753	46	46	16642	168	0	16902
7754	14627	32	181	177	0	15017
7755	16232	28	137	68	0	16465
7756	276	48	16243	46	0	16613
7757	15936	22	159	62	0	16179
7758	16381	18	136	51	0	16586
7759	285	25	32	16299	0	16641
7760	163	44	16125	181	0	16513
7761	58	40	16618	160	0	16876
7762	60	26	266	16429	0	16781
7763	45	23	157	16240	0	16465
7764	44	16308	76	283	0	16711
7765	39	16669	44	186	0	16938
7766	16616	259	36	83	0	16994
7767	193	152	41	16399	0	16785
7768	156	16415	38	189	0	16798
7769	59	16802	46	162	0	17069
7770	15942	268	40	65	0	16315
7771	190	159	26	16259	0	16634
7772	157	16463	54	183	0	16857
7773	84	169	32	16364	0	16649
7774	66	136	37	16323	0	16562
7775	59	38	41	16268	0	16406
7776	15805	43	41	317	0	16206
7777	192	15772	43	204	0	16211
7778	180	151	39	15794	0	16164
7779	84	149	32	15864	0	16129
7780	55	49	43	16018	0	16165
7781	43	47	15313	339	0	15742
7782	14608	25	178	221	0	15032
7783	180	37	166	15343	0	15726
7784	15152	32	52	215	0	15451
7785	15171	33	44	180	0	15428
7786	15247	39	38	93	0	15417
7787	324	63	15073	72	0	15532
7788	191	14946	187	60	0	15384
7789	87	168	154	14563	0	14972
7790	55	168	14595	193	0	15011
7791	56	68	14400	176	0	14700
7792	66	115	267	13499	0	13947
7793	54	13844	173	181	0	14252
7794	13991	146	60	186	0	14383
7795	14175	128	38	86	0	14427
7796	14324	46	34	89	0	14493
7797	14250	34	29	90	0	14403
7798	283	51	14053	76	0	14463
7799	13751	33	142	75	0	14001
7800	175	14238	171	76	0	14660
7801	173	141	41	14398	0	14753
7802	72	134	49	14586	0	14841
7803	14573	29	44	287	0	14933
7804	198	31	41	14616	0	14886
7805	177	48	14239	181	0	14645
7806	13584	26	145	168	0	13923
7807	14164	27	134	88	0	14413
7808	14099	25	45	76	0	14245
7809	264	47	13843	62	0	14216
7810	12798	22	123	71	0	13014
7811	137	13055	131	65	0	13388
7812	13185	113	82	78	0	13458
7813	147	110	51	12924	0	13232
7814	150	35	29	12989	0	13203
7815	59	12963	52	201	0	13275
7816	79	124	22	12935	0	13160
7817	53	13036	53	140	0	13282
7818	72	129	18	12794	0	13013
7819	58	12800	35	130	0	13023
7820	60	114	31	12768	0	12973
7821	40	12971	46	142	0	13199
7822	64	133	20	13306	0	13523
7823	50	13631	39	153	0	13873
7824	14359	117	23	165	0	14664
7825	185	120	20	14621	0	14946
7826	160	34	26	14789	0	15009
7827	85	22	27	15448	0	15582
7828	77	26	31	15542	0	15676
7829	57	45	15596	339	0	16037
7830	59	25	170	15736	0	15990
7831	68	17	160	15813	0	16058
7832	15621	20	28	341	0	16010
7833	15439	20	27	205	0	15691
7834	316	15989	39	63	0	16407
7835	197	182	10	16011	0	16400
7836	80	148	16	16884	0	17128
7837	17191	29	30	358	0	17608
7838	240	54	16610	214	0	17118
7839	16267	38	181	71	0	16557
7840	221	16779	183	43	0	17226
7841	15738	163	11	43	0	15955
7842	15492	137	17	38	0	15684
7843	311	15475	20	32	0	15838
7844	158	15901	29	29	0	16117
7845	125	331	32	15017	0	15505
7846	33	161	15023	175	0	15392
7847	14519	25	160	148	0	14852
7848	181	44	15026	23	0	15274
7849	14499	22	159	34	0	14714
7850	168	27	14889	40	0	15124
7851	136	14672	168	31	0	15007
7852	45	154	131	14665	0	14995
7853	14427	128	21	171	0	14747
7854	14717	23	12	159	0	14911
7855	287	16	15	14844	0	15162
7856	15357	17	17	172	0	15563
7857	15300	22	15	155	0	15492
7858	315	15168	23	51	0	15557
7859	15302	170	10	37	0	15519
7860	196	15473	28	41	0	15738
7861	178	185	13	15319	0	15695
7862	15331	144	18	196	0	15689
7863	15596	28	12	165	0	15801
7864	15570	23	17	40	0	15650
7865	323	41	15518	21	0	15903
7866	164	43	15684	33	0	15924
7867	51	29	309	15951	0	16340
7868	51	18	157	16538	0	16764
7869	45	17457	34	336	0	17872
7870	17577	216	18	189	0	18000
7871	246	189	28	17619	0	18082
7872	220	32	19	17857	0	18128
7873	56	40	17845	428	0	18369
7874	43	17638	232	233	0	18146
7875	48	18079	210	53	0	18390
7876	60	401	38	18011	0	18510
7877	17978	212	21	263	0	18474
7878	256	41	22	18107	0	18426
7879	232	27	27	18359	0	18645
7880	18278	38	28	420	0	18764
7881	18415	36	26	241	0	18718
7882	447	27	21	18354	0	18849
7883	252	39	18321	270	0	18882
7884	73	31	228	18585	0	18917
7885	71	29	196	18791	0	19087
7886	18626	33	32	452	0	19143
7887	290	25	21	18799	0	19135
7888	18847	35	28	295	0	19205
7889	297	46	18933	257	0	19533
7890	262	37	236	19310	0	19845
7891	111	34	213	19745	0	20103
7892	103	24	45	20015	0	20187
7893	88	44	29	19862	0	20023
7894	102	33	37	19708	0	19880
7895	85	62	19061	515	0	19723
7896	18701	39	267	298	0	19305
7897	317	36	236	19081	0	19670
7898	257	60	19002	343	0	19662
7899	105	56	19069	292	0	19522
7900	89	40	460	18808	0	19397
7901	18769	36	254	336	0	19395
7902	18882	52	52	284	0	19270
7903	19231	36	52	102	0	19421
7904	529	46	54	18054	0	18683
7905	297	18803	72	298	0	19470
7906	19132	273	57	294	0	19756
7907	19185	246	43	111	0	19585
7908	19311	52	39	107	0	19509
7909	19242	26	44	111	0	19423
7910	565	31	57	18672	0	19325
7911	316	60	18664	348	0	19388
7912	130	42	275	18713	0	19160
7913	115	58	18866	343	0	19382
7914	18394	23	287	313	0	19017
7915	18741	27	240	137	0	19145
7916	526	49	18457	117	0	19149
7917	18404	27	274	135	0	18840
7918	19017	23	252	132	0	19424
7919	547	34	67	18382	0	19030
7920	325	18673	65	336	0	19399
7921	18553	258	62	296	0	19169
7922	362	369	65	17527	0	18323
7923	288	17594	56	328	0	18266
7924	117	276	37	17196	0	17626
7925	95	187	17219	289	0	17790
7926	89	17321	234	261	0	17905
7927	16716	239	239	120	0	17314
7928	16623	201	97	131	0	17052
7929	16264	29	43	85	0	16421
7930	16368	11	42	99	0	16520
7931	399	134	49	15606	0	16188
7932	226	15844	72	228	0	16370
7933	15237	177	52	218	0	15684
7934	251	180	15383	86	0	15900
7935	221	14963	199	84	0	15467
7936	95	143	14175	64	0	14477
7937	82	128	156	12926	0	13292
7938	66	12462	146	146	0	12820
7939	83	127	43	13499	0	13752
7940	64	122	14026	184	0	14396
7941	83	26	144	13715	0	13968
7942	65	21	136	14212	0	14434
7943	70	18	36	14420	0	14544
7944	13833	19	28	275	0	14155
7945	172	14032	57	167	0	14428
7946	167	121	38	14060	0	14386
7947	13867	117	39	164	0	14187
7948	161	13975	51	170	0	14357
7949	13894	127	35	82	0	14138
7950	182	136	14196	63	0	14577
7951	183	56	140	13624	0	14003
7952	76	14140	137	162	0	14515
7953	14011	135	41	157	0	14344
7954	187	126	13924	55	0	14292
7955	174	13382	155	57	0	13768
7956	88	119	124	13305	0	13636
7957	76	115	36	13400	0	13627
7958	13201	29	26	226	0	13482
7959	161	28	28	13227	0	13444
7960	149	37	12958	141	0	13285
7961	77	27	112	12690	0	12906
7962	61	38	13139	144	0	13382
7963	70	53	123	12331	0	12577
7964	58	13050	113	118	0	13339
7965	12838	108	48	111	0	13105
7966	12429	92	41	42	0	12604
7967	189	12133	38	43	0	12403
7968	89	11546	20	31	0	11686
7969	135	123	45	10946	0	11249
7970	10930	49	25	76	0	11080
7971	74	11	22	10899	0	11006
7972	10712	18	10	72	0	10812
7973	66	10571	16	68	0	10721
7974	83	55	13	10766	0	10917
7975	31	59	11156	60	0	11306
7976	39	41	57	10956	0	11093
7977	35	17	55	11180	0	11287
7978	11294	14	8	126	0	11442
7979	66	11562	17	66	0	11711
7980	60	71	15	11605	0	11751
7981	11452	59	19	67	0	11597
7982	71	28	11716	83	0	11898
7983	11152	15	56	31	0	11254
7984	69	48	62	11841	0	12020
7985	62	12294	23	57	0	12436
7986	12194	61	8	74	0	12337
7987	78	57	12618	24	0	12777
7988	72	25	12523	12	0	12632
7989	24	12544	117	25	0	12710
7990	12129	43	106	28	0	12306
7991	46	41	7	12347	0	12441
7992	48	3	6	12434	0	12491
7993	12404	6	4	109	0	12523
7994	57	13	12621	63	0	12754
7995	62	7	48	12703	0	12820
7996	20	29	13404	63	0	13516
7997	11	9	63	13219	0	13302
7998	6	13629	79	67	0	13781
7999	10	63	10	13854	0	13937
8000	9	75	13784	66	0	13934
8001	13119	14	64	85	0	13282
8002	70	8	69	14017	0	14164
8003	74	17	14096	72	0	14259
8004	16	7	77	13776	0	13876
8005	16	4	74	13975	0	14069
8006	11	19	13871	147	0	14048
8007	8	30	14062	82	0	14182
8008	9	7	141	14172	0	14329
8009	11	17	14459	86	0	14573
8010	13846	3	94	83	0	14026
8011	85	9	81	14507	0	14682
8012	14406	7	22	99	0	14534
8013	88	22	14432	80	0	14622
8014	88	5	84	14501	0	14678
8015	27	29	15585	104	0	15745
8016	12	15426	125	107	0	15670
8017	20	101	15702	33	0	15856
8018	20	97	15153	16	0	15286
8019	14446	15	170	28	0	14659
8020	15345	8	99	26	0	15478
8021	173	22	15867	25	0	16087
8022	103	14	111	14806	0	15034
8023	27	9	94	16017	0	16147
8024	28	33	16158	182	0	16401
8025	8	15630	122	109	0	15869
8026	15210	94	107	49	0	15460
8027	111	111	15977	17	0	16216
8028	109	18	111	15936	0	16174
8029	32	11	105	16445	0	16593
8030	16703	5	25	214	0	16947
8031	16879	7	22	139	0	17047
8032	17091	8	15	41	0	17155
8033	17164	4	21	27	0	17216
8034	222	7	23	16935	0	17187
8035	122	35	17655	128	0	17940
8036	44	9	121	17570	0	17744
8037	34	8	118	17907	0	18067
8038	28	6	25	18408	0	18467
8039	23	24	18095	240	0	18382
8040	16438	7	133	164	0	16742
8041	136	4	129	17881	0	18150
8042	128	17	18147	152	0	18444
8043	26	18465	159	149	0	18799
8044	35	126	149	18726	0	19036
8045	31	128	33	18878	0	19070
8046	18554	16	30	284	0	18884
8047	137	18976	34	163	0	19310
8048	144	141	19070	44	0	19399
8049	36	133	135	18825	0	19129
8050	35	22	135	18832	0	19024
8051	18755	12	29	271	0	19067
8052	18720	10	30	170	0	18930
8053	272	11	19	18879	0	19181
8054	18906	8	15	172	0	19101
8055	155	18685	38	177	0	19055
8056	150	145	19588	48	0	19931
8057	51	135	154	19542	0	19882
8058	46	17	138	20106	0	20307
8059	38	12	36	20272	0	20358
8060	32	15	33	19975	0	20055
8061	17	19740	43	304	0	20104
8062	19371	137	17	196	0	19721
8063	153	142	24	19443	0	19762
8064	150	20216	39	174	0	20579
8065	20294	146	22	166	0	20628
8066	20216	139	17	59	0	20431
8067	268	20892	41	52	0	21253
8068	174	156	23	21198	0	21551
8069	57	133	20	21378	0	21588
8070	49	25	17	21347	0	21438
8071	38	15	16	21626	0	21695
8072	21712	14	26	327	0	22079
8073	22083	14	25	204	0	22326
8074	338	22342	36	78	0	22794
8075	179	209	22132	49	0	22569
8076	54	157	196	22129	0	22536
8077	22430	25	161	239	0	22855
8078	218	22116	48	207	0	22589
8079	183	22229	40	54	0	22506
8080	22517	350	15	58	0	22940
8081	22811	174	26	61	0	23072
8082	389	39	19	22592	0	23039
8083	201	45	22891	252	0	23389
8084	64	43	23185	196	0	23488
8085	23537	51	368	92	0	24048
8086	24469	49	203	83	0	24804
8087	24352	20	44	53	0	24469
8088	24256	18	27	59	0	24360
8089	24085	18	22	63	0	24188
8090	396	24046	50	48	0	24540
8091	234	226	13	22963	0	23436
8092	63	25004	48	195	0	25310
8093	25238	231	63	188	0	25720
8094	25061	169	23	80	0	25333
8095	25159	41	23	71	0	25294
8096	24910	24	19	62	0	25015
8097	340	24628	39	58	0	25065
8098	24413	192	16	53	0	24674
8099	219	24531	52	46	0	24848
8100	190	243	21	24388	0	24842
8101	24176	137	28	219	0	24560
8102	207	77	24842	154	0	25280
8103	170	42	187	24250	0	24649
8104	75	29	134	25055	0	25293
8105	62	61	25008	338	0	25469
8106	43	24972	211	187	0	25413
8107	24807	173	139	71	0	25190
8108	24699	133	37	47	0	24916
8109	313	24640	44	58	0	25055
8110	191	179	17	24565	0	24952
8111	95	180	25242	187	0	25704
8112	65	26136	212	151	0	26564
8113	25919	183	138	73	0	26313
8114	207	185	26118	30	0	26540
8115	23717	48	163	82	0	24010
8116	25184	42	119	69	0	25414
8117	316	69	25984	53	0	26422
8118	174	26091	185	48	0	26498
8119	98	187	128	26000	0	26413
8120	75	166	26589	170	0	27000
8121	24644	61	171	167	0	25043
8122	26001	28	124	65	0	26218
8123	298	26215	51	54	0	26618
8124	165	151	23	26060	0	26399
8125	81	141	21	26590	0	26833
8126	72	88	26687	245	0	27092
8127	59	26819	160	146	0	27184
8128	27540	155	107	127	0	27929
8129	27732	119	34	67	0	27952
8130	27835	41	24	75	0	27975
8131	284	62	27604	40	0	27990
8132	26896	33	137	48	0	27114
8133	27835	30	108	60	0	28033
8134	284	26	18	27877	0	28205
8135	146	64	27232	133	0	27575
8136	74	42	125	27099	0	27340
8137	67	82	27452	141	0	27742
8138	65	66	133	26591	0	26855
8139	43	27264	124	161	0	27592
8140	58	28608	64	121	0	28851
8141	66	215	37	28823	0	29141
8142	47	123	26	28295	0	28491
8143	27909	30	15	263	0	28217
8144	180	74	28199	108	0	28561
8145	26591	31	139	100	0	26861
8146	174	28590	115	42	0	28921
8147	28552	133	36	59	0	28780
8148	28632	88	29	71	0	28820
8149	240	34	15	28592	0	28881
8150	132	60	29465	158	0	29815
8151	67	37	143	29307	0	29554
8152	65	31233	106	166	0	31570
8153	61	164	34	31311	0	31570
8154	57	120	41	31526	0	31744
8155	31057	38	27	318	0	31440
8156	202	27	30	30558	0	30817
8157	142	30310	48	197	0	30697
8158	70	179	14	30807	0	31070
8159	30949	112	36	217	0	31314
8160	193	31498	55	164	0	31910
8161	159	190	29	32248	0	32626
8162	68	140	20	32410	0	32638
8163	58	46	25	34072	0	34201
8164	65	43	16	33870	0	33994
8165	33898	21	23	454	0	34396
8166	297	15	23	34660	0	34995
8167	224	21	24	35178	0	35447
8168	69	64	28	35472	0	35633
8169	40	36262	62	526	0	36890
8170	35913	326	34	272	0	36545
8171	369	284	36243	75	0	36971
8172	231	35596	363	76	0	36266
8173	34471	285	207	92	0	35055
8174	332	256	35627	58	0	36273
8175	224	35663	319	50	0	36256
8176	95	451	229	34174	0	34949
8177	31	35776	93	277	0	36177
8178	49	346	35566	203	0	36164
8179	41	282	36012	72	0	36407
8180	23	35951	482	84	0	36540
8181	35756	279	236	97	0	36368
8182	35716	200	55	72	0	36043
8183	439	104	35094	48	0	35685
8184	225	93	33470	49	0	33837
8185	59	95	34382	47	0	34583
8186	58	37	478	33573	0	34146
8187	57	31	226	33978	0	34292
8188	49	28	58	34913	0	35048
8189	53	89	35456	519	0	36117
8190	59	34	304	34476	0	34873
8191	48	25	214	35489	0	35776
8192	39	83	34995	545	0	35662
8193	32806	38	338	327	0	33509
8194	373	29	245	36070	0	36717
8195	282	33	68	35642	0	36025
8196	68	36579	100	631	0	37378
8197	36650	340	73	336	0	37399
8198	398	321	36538	106	0	37363
8199	36229	70	367	97	0	36763
8200	428	56	283	36548	0	37315
8201	315	132	37072	397	0	37916
8202	106	42	387	36811	0	37346
8203	37008	44	315	493	0	37860
8204	391	108	37061	332	0	37892
8205	36445	39	419	164	0	37067
8206	37069	35	321	128	0	37553
8207	37591	38	103	132	0	37864
8208	674	37125	139	105	0	38043
8209	390	363	73	37929	0	38755
8210	39025	281	64	472	0	39842
8211	38971	76	73	381	0	39501
8212	39768	47	76	173	0	40064
8213	789	115	38418	114	0	39436
8214	40154	42	477	141	0	40814
8215	608	40	380	42245	0	43273
8216	452	132	42211	660	0	43455
8217	191	47	612	43213	0	44063
8218	146	41	466	43621	0	44274
8219	118	117	43987	1183	0	45405
8220	137	52	701	44216	0	45106
8221	125	54	544	45539	0	46262
8222	109	143	49825	1303	0	51380
8223	51663	40	907	736	0	53346
8224	56181	48	702	269	0	57200
8225	1739	62	221	57595	0	59617
8226	977	134	57376	1142	0	59629
8227	386	51	1088	56005	0	57530
8228	248	56591	907	1204	0	58950
8229	261	989	262	56751	0	58263
8230	232	795	191	57448	0	58666
8231	56754	189	162	1969	0	59074
8232	57217	122	135	1165	0	58639
8233	58311	108	142	432	0	58993
8234	2090	88	129	56710	0	59017
8235	1197	98	98	57687	0	59080
8236	485	150	56345	1974	0	58954
8237	421	147	1109	54474	0	56151
8238	321	56012	954	1361	0	58648
8239	55879	1027	285	1080	0	58271
8240	1171	55678	274	485	0	57608
8241	56053	1149	216	375	0	57793
8242	1357	880	207	52158	0	54602
8243	1004	54550	273	1192	0	57019
8244	54732	1089	195	1035	0	57051
8245	55226	904	166	512	0	56808
8246	2055	257	164	53719	0	56195
8247	1151	54235	270	1338	0	56994
8248	522	1127	172	54848	0	56669
8249	409	949	53973	1414	0	56745
8250	52347	267	1106	1174	0	54894
8251	1248	53268	980	526	0	56022
8252	52697	1061	311	400	0	54469
8253	1397	851	202	52194	0	54644
8254	53252	283	213	1311	0	55059
8255	1427	275	53697	1094	0	56493
8256	54924	187	1164	548	0	56823
8257	55279	157	943	448	0	56827
8258	2238	221	54695	449	0	57603
8259	1445	156	1222	53876	0	56699
8260	724	125	1002	54688	0	56539
8261	52970	157	337	2184	0	55648
8262	1407	52940	376	1383	0	56106
8263	1134	2052	283	50689	0	54158
8264	559	988	50919	1407	0	53873
8265	484	373	50629	1188	0	52674
8266	453	49527	1864	596	0	52440
8267	613	1186	49521	495	0	51815
8268	47079	1030	1383	468	0	49960
8269	1317	386	967	46260	0	48930
8270	47682	243	369	1266	0	49560
8271	1324	312	46908	1094	0	49638
8272	1124	230	1161	46734	0	49249
8273	581	256	869	47688	0	49394
8274	481	323	46475	1873	0	49152
8275	518	222	1115	46827	0	48682
8276	45999	266	923	1416	0	48604
8277	46707	209	362	1160	0	48438
8278	2012	186	288	45891	0	48377
8279	46213	209	259	1299	0	47980
8280	46014	193	183	1163	0	47553
8281	2037	44727	327	581	0	47672
8282	1358	982	259	44817	0	47416
8283	45158	827	239	1288	0	47512
8284	1438	314	250	45605	0	47607
8285	44991	234	281	1345	0	46851
8286	1492	219	217	44728	0	46656
8287	1245	265	44478	1392	0	47380
8288	656	44190	1141	1157	0	47144
8289	654	1120	923	37160	0	39857
8290	566	43686	472	1120	0	45844
8291	42521	1117	381	977	0	44996
8292	1220	42191	396	568	0	44375
8293	1055	41903	376	475	0	43809
8294	652	1665	331	40707	0	43355
8295	40624	1005	330	1217	0	43176
8296	1283	386	232	40842	0	42743
8297	40792	311	275	1376	0	42754
8298	40324	317	262	1137	0	42040
8299	1810	40199	323	617	0	42949
8300	41228	1027	309	472	0	43036
8301	40943	838	284	459	0	42524
8302	41305	342	269	451	0	42367
8303	2083	282	39304	402	0	42071
8304	1355	241	1022	38681	0	41299
8305	785	199	853	39709	0	41546
8306	677	242	38755	1764	0	41438
8307	38649	196	1024	1139	0	41008
8308	39680	166	874	628	0	41348
8309	39415	171	343	565	0	40494
8310	38034	169	279	493	0	38975
8311	1947	36297	327	515	0	39086
8312	36134	807	184	424	0	37549
8313	1539	724	167	35032	0	37462
8314	1142	333	32428	1007	0	34910
8315	31160	181	677	806	0	32824
8316	1114	31498	665	413	0	33690
8317	29719	689	237	314	0	30959
8318	1010	29454	198	336	0	30998
8319	850	28048	177	304	0	29379
8320	500	27882	238	329	0	28949
8321	539	26992	359	377	0	28267
8322	561	973	21205	344	0	23083
8323	529	1512	644	16987	0	19672
8324	184	147	15752	340	0	16423
8325	12699	79	233	220	0	13231
8326	238	12967	184	110	0	13499
8327	203	13142	73	106	0	13524
8328	124	334	54	12641	0	13153
8329	121	211	28	12861	0	13221
8330	113	100	12638	332	0	13183
8331	99	105	12665	185	0	13054
8332	111	74	291	12561	0	13037
8333	111	75	12910	239	0	13335
8334	142	12807	219	193	0	13361
8335	147	215	163	12623	0	13148
8336	142	165	54	13605	0	13966
8337	168	62	13385	340	0	13955
8338	137	61	189	13233	0	13620
8339	13284	47	184	232	0	13747
8340	289	45	66	13287	0	13687
8341	245	44	53	13203	0	13545
8342	99	55	13066	416	0	13636
8343	12325	32	223	257	0	12837
8344	278	13166	207	108	0	13759
8345	280	198	49	13067	0	13594
8346	177	183	13039	225	0	13624
8347	152	69	186	13025	0	13432
8348	12935	62	171	224	0	13392
8349	302	79	13034	199	0	13614
8350	249	106	195	12878	0	13428
8351	118	65	13257	260	0	13700
8352	113	13153	204	230	0	13700
8353	152	224	12978	95	0	13449
8354	111	12737	203	75	0	13126
8355	71	166	10991	33	0	11261
8356	68	266	139	9375	0	9848
8357	24	9995	135	91	0	10245
8358	9739	86	23	106	0	9954
8359	106	107	15	9778	0	10006
8360	9926	23	25	100	0	10074
8361	100	25	10	10205	0	10340
8362	112	22	19	10256	0	10409
8363	10162	15	14	193	0	10384
8364	10374	15	26	115	0	10530
8365	213	18	17	10720	0	10968
8366	125	23	11038	118	0	11304
8367	38	10908	113	123	0	11182
8368	38	113	11169	33	0	11353
8369	32	11215	112	34	0	11393
8370	10893	104	124	45	0	11166
8371	118	101	10785	25	0	11029
8372	111	27	10678	23	0	10839
8373	30	15	186	10339	0	10570
8374	10525	10	99	113	0	10747
8375	101	25	10922	100	0	11148
8376	100	11325	122	24	0	11571
8377	11617	102	92	25	0	11836
8378	11806	91	25	26	0	11948
8379	11950	16	17	32	0	12015
8380	11954	16	22	36	0	12028
8381	11871	17	16	30	0	11934
8382	200	23	11713	21	0	11957
8383	129	75	100	11066	0	11370
8384	28	11520	115	95	0	11758
8385	11613	103	24	101	0	11841
8386	107	11754	33	32	0	11926
8387	11132	97	25	19	0	11273
8388	11087	75	17	24	0	11203
8389	159	11051	28	26	0	11264
8390	11271	91	20	29	0	11411
8391	105	77	20	11219	0	11421
8392	89	19	15	11402	0	11525
8393	30	23	11219	166	0	11438
8394	21	11545	101	97	0	11764
8395	29	94	81	11518	0	11722
8396	32	80	27	11682	0	11821
8397	26	16	21	11743	0	11806
8398	27	28	11419	173	0	11647
8399	10546	12	94	107	0	10759
8400	104	13	90	11521	0	11728
8401	11605	16	26	106	0	11753
8402	119	24	12	11627	0	11782
8403	104	20	11750	122	0	11996
8404	33	23	11860	99	0	12015
8405	11121	20	182	35	0	11358
8406	11955	7	93	30	0	12085
8407	177	11843	36	25	0	12081
8408	113	106	11819	25	0	12063
8409	36	81	106	11609	0	11832
8410	55	45	104	10648	0	10852
8411	12393	16	20	194	0	12623
8412	12382	14	21	98	0	12515
8413	12414	10	21	26	0	12471
8414	172	37	12254	25	0	12488
8415	12391	12	102	37	0	12542
8416	114	4	93	12615	0	12826
8417	99	18	12	12758	0	12887
8418	49	9	20	12754	0	12832
8419	33	12654	29	161	0	12877
8420	12446	92	18	101	0	12657
8421	107	75	21	12441	0	12644
8422	97	36	12366	105	0	12604
8423	48	17	95	12117	0	12277
8424	34	12380	88	105	0	12607
8425	12495	92	25	99	0	12711
8426	124	78	20	12432	0	12654
8427	101	28	20	12302	0	12451
8428	36	27	12433	176	0	12672
8429	37	14	97	12232	0	12380
8430	36	12505	88	106	0	12735
8431	44	94	27	12667	0	12832
8432	28	106	12687	107	0	12928
8433	11257	13	106	96	0	11472
8434	12161	11	80	41	0	12293
8435	151	12411	24	31	0	12617
8436	12003	73	18	38	0	12132
8437	12388	56	13	29	0	12486
8438	147	12415	22	26	0	12610
8439	93	87	20	12495	0	12695
8440	12747	66	12	103	0	12928
8441	94	13144	30	76	0	13344
8442	68	118	13190	19	0	13395
8443	13014	62	111	38	0	13225
8444	13699	11	69	43	0	13822
8445	13820	9	13	30	0	13872
8446	13782	6	13	32	0	13833
8447	159	14119	29	25	0	14332
8448	14303	89	14	34	0	14440
8449	14606	73	27	30	0	14736
8450	14806	4	10	25	0	14845
8451	196	13	12	14659	0	14880
8452	14666	12	9	126	0	14813
8453	128	15063	20	94	0	15305
8454	101	138	15637	29	0	15905
8455	38	138	136	16024	0	16336
8456	16128	15	103	181	0	16427
8457	160	37	16431	121	0	16749
8458	129	13	147	16361	0	16650
8459	33	25	16519	167	0	16744
8460	26	16389	160	159	0	16734
8461	46	157	119	16125	0	16447
8462	33	128	16270	175	0	16606
8463	19	16238	159	122	0	16538
8464	44	164	119	15872	0	16199
8465	16030	105	43	181	0	16359
8466	16072	11	17	119	0	16219
8467	16244	17	16	28	0	16305
8468	16168	5	13	36	0	16222
8469	16145	11	15	24	0	16195
8470	246	26	16157	17	0	16446
8471	16157	8	129	34	0	16328
8472	16619	10	113	24	0	16766
8473	248	13	12	16529	0	16802
8474	16653	9	13	144	0	16819
8475	16124	18	12	130	0	16284
8476	231	15859	31	25	0	16146
8477	130	123	13	15863	0	16129
8478	35	109	9	16001	0	16154
8479	15819	7	15	240	0	16081
8480	158	15880	17	122	0	16177
8481	125	16244	31	23	0	16423
8482	46	240	23	16380	0	16689
8483	39	113	14	16554	0	16720
8484	45	27	15	16536	0	16623
8485	37	18	12	16669	0	16736
8486	16137	12	12	285	0	16446
8487	16108	12	13	141	0	16274
8488	280	43	16291	42	0	16656
8489	165	13	145	16005	0	16328
8490	59	16	118	16312	0	16505
8491	46	38	16120	266	0	16470
8492	15033	15	156	162	0	15366
8493	177	16012	132	50	0	16371
8494	15896	145	20	46	0	16107
8495	178	122	20	15777	0	16097
8496	145	42	15934	173	0	16294
8497	47	36	151	16108	0	16342
8498	47	38	16688	187	0	16960
8499	40	16805	174	142	0	17161
8500	16484	154	139	57	0	16834
8501	16472	135	25	48	0	16680
8502	258	16533	49	32	0	16872
8503	141	144	20	16188	0	16493
8504	15889	116	28	165	0	16198
8505	177	15919	41	137	0	16274
8506	147	150	21	15975	0	16293
8507	16057	111	24	181	0	16373
8508	182	49	15894	133	0	16258
8509	15522	21	143	56	0	15742
8510	173	16011	143	44	0	16371
8511	15997	138	27	35	0	16197
8512	15887	122	23	51	0	16083
8513	279	42	15755	40	0	16116
8514	176	27	141	15252	0	15596
8515	78	20	116	15815	0	16029
8516	64	49	15768	263	0	16144
8517	59	21	142	15491	0	15713
8518	55	26	122	15367	0	15570
8519	15884	22	22	277	0	16205
8520	15998	26	28	154	0	16206
8521	267	18	28	15843	0	16156
8522	156	32	15871	190	0	16249
8523	66	29	146	15952	0	16193
8524	67	25	123	16072	0	16287
8525	49	46	16178	297	0	16570
8526	70	15	151	16435	0	16671
8527	16248	20	120	197	0	16585
8528	16244	16	23	173	0	16456
8529	266	16225	48	64	0	16603
8530	16480	146	17	73	0	16716
8531	16310	109	31	50	0	16500
8532	271	16497	44	53	0	16865
8533	16784	154	25	59	0	17022
8534	16786	112	23	66	0	16987
8535	17098	27	22	47	0	17194
8536	276	49	16649	42	0	17016
8537	16403	15	138	46	0	16602
8538	177	34	115	16744	0	17070
8539	16705	16	25	174	0	16920
8540	175	34	16451	146	0	16806
8541	143	16048	165	30	0	16386
8542	15924	145	115	47	0	16231
8543	166	16405	43	36	0	16650
8544	134	141	17	16129	0	16421
8545	57	106	18	16468	0	16649
8546	16512	18	19	246	0	16795
8547	16228	19	29	135	0	16411
8548	250	34	16222	48	0	16554
8549	118	32	15272	35	0	15457
8550	34	41	15537	33	0	15645
8551	62	93	187	15127	0	15469
8552	39	25	15375	124	0	15563
8553	25	44	14813	88	0	14970
8554	183	338	150	13584	0	14255
8555	14166	7	101	151	0	14425
8556	14301	6	23	65	0	14395
8557	14393	4	20	31	0	14448
8558	14400	5	13	23	0	14441
8559	132	6	9	14421	0	14568
8560	66	3	20	14568	0	14657
8561	26	29	15183	129	0	15367
8562	23	12	97	15006	0	15138
8563	40	17	71	14924	0	15052
8564	15598	5	14	171	0	15788
8565	15655	9	16	102	0	15782
8566	192	11	13	15501	0	15717
8567	15749	14	14	121	0	15898
8568	15859	6	20	113	0	15998
8569	198	5	19	16016	0	16238
8570	114	4	20	15865	0	16003
8571	45	32	15748	216	0	16041
8572	41	37	15565	111	0	15754
8573	52	36	190	15643	0	15921
8574	42	10	107	15930	0	16089
8575	45	33	16003	190	0	16271
8576	15342	10	115	121	0	15588
8577	15607	9	98	54	0	15768
8578	217	19	15605	49	0	15890
8579	115	15529	141	32	0	15817
8580	15626	90	111	50	0	15877
8581	124	111	16217	44	0	16496
8582	112	43	122	15959	0	16236
8583	56	14	110	16428	0	16608
8584	17011	7	31	244	0	17293
8585	17994	2	31	165	0	18192
8586	219	6	26	18169	0	18420
8587	146	9	17	19188	0	19360
8588	19364	5	25	245	0	19639
8589	19467	7	28	160	0	19662
8590	19445	8	28	72	0	19553
8591	279	27	19641	57	0	20004
8592	169	13	159	19642	0	19983
8593	65	8	143	20145	0	20361
8594	20030	4	47	309	0	20390
8595	165	20317	52	184	0	20718
8596	21756	131	27	86	0	22000
8597	254	21907	65	69	0	22295
8598	220	204	29	22230	0	22683
8599	86	161	40	22582	0	22869
8600	57	44	22427	429	0	22957
8601	68	27	237	22536	0	22868
8602	64	41	22687	283	0	23075
8603	60	19	260	22724	0	23063
8604	61	22	218	22535	0	22836
8605	49	22115	89	452	0	22705
8606	74	22882	50	270	0	23276
8607	82	412	45	22364	0	22903
8608	73	201	44	23172	0	23490
8609	85	31	31	23534	0	23681
8610	80	23	43	23863	0	24009
8611	72	19	28	24060	0	24179
8612	70	49	23614	513	0	24246
8613	76	31	262	23633	0	24002
8614	83	17	228	23911	0	24239
8615	65	53	23186	519	0	23823
8616	68	23019	273	338	0	23698
8617	74	248	241	23140	0	23703
8618	69	251	23176	323	0	23819
8619	47	23289	293	314	0	23943
8620	73	258	243	23370	0	23944
8621	23800	233	55	349	0	24437
8622	318	44	48	23815	0	24225
8623	286	37	46	23990	0	24359
8624	93	43	42	24264	0	24442
8625	83	27	46	23738	0	23894
8626	55	23132	73	586	0	23846
8627	79	259	43	23698	0	24079
8628	24185	237	30	414	0	24866
8629	298	48	52	24575	0	24973
8630	262	46	43	24442	0	24793
8631	83	38	45	24836	0	25002
8632	23740	39	53	623	0	24455
8633	23965	32	61	411	0	24469
8634	527	31	59	24033	0	24650
8635	23390	33	58	384	0	23865
8636	23340	36	54	350	0	23780
8637	451	23449	74	172	0	24146
8638	23313	243	38	163	0	23757
8639	271	23477	80	143	0	23971
8640	249	23426	56	138	0	23869
8641	112	453	47	23538	0	24150
8642	56	282	24028	364	0	24730
8643	71	99	241	23512	0	23923
8644	68	50	225	23486	0	23829
8645	45	23409	88	533	0	24075
8646	23240	240	56	342	0	23878
8647	250	223	40	23374	0	23887
8648	255	81	24355	372	0	25063
8649	81	74	234	24130	0	24519
8650	59	24969	262	345	0	25635
8651	25120	243	65	359	0	25787
8652	255	244	40	25333	0	25872
8653	259	112	25687	362	0	26420
8654	97	68	218	25893	0	26276
8655	66	25667	257	380	0	26370
8656	67	255	54	26158	0	26534
8657	27043	254	43	409	0	27749
8658	27655	66	34	425	0	28180
8659	27821	54	45	200	0	28120
8660	523	27867	91	198	0	28679
8661	27743	260	54	175	0	28232
8662	319	255	42	27803	0	28419
8663	27659	70	57	391	0	28177
8664	298	27770	77	381	0	28526
8665	302	294	32	27990	0	28618
8666	97	311	28202	361	0	28971
8667	25970	87	267	408	0	26732
8668	276	28264	275	195	0	29010
8669	304	278	59	28228	0	28869
8670	99	277	32	28901	0	29309
8671	86	73	27	28807	0	28993
8672	89	63	44	27944	0	28140
8673	59	28164	80	546	0	28849
8674	28257	279	29	399	0	28964
8675	28203	254	43	176	0	28676
8676	493	114	28862	154	0	29623
8677	312	61	249	28992	0	29614
8678	93	103	29279	377	0	29852
8679	28613	57	276	363	0	29309
8680	29261	58	246	162	0	29727
8681	28697	53	63	155	0	28968
8682	544	44	40	27724	0	28352
8683	306	27753	85	317	0	28461
8684	27804	275	29	323	0	28431
8685	325	262	27	27216	0	27830
8686	27253	58	59	343	0	27713
8687	296	86	26066	304	0	26752
8688	260	111	25496	97	0	25964
8689	25867	51	366	120	0	26404
8690	301	54	217	26103	0	26675
8691	25834	36	56	294	0	26220
8692	271	25940	65	281	0	26557
8693	26077	222	44	146	0	26489
8694	26082	212	50	115	0	26459
8695	436	109	25724	100	0	26369
8696	213	88	23828	77	0	24206
8697	68	24178	296	80	0	24622
8698	211	176	277	23647	0	24311
8699	23980	130	131	186	0	24427
8700	175	34	25	24125	0	24359
8701	177	37	18	24793	0	25025
8702	79	90	24328	279	0	24776
8703	23533	34	130	191	0	23888
8704	191	52	133	25168	0	25544
8705	181	75	25019	181	0	25456
8706	79	83	24741	155	0	25058
8707	87	146	235	24815	0	25283
8708	80	86	25167	151	0	25484
8709	102	82	24900	159	0	25243
8710	101	55	224	22481	0	22861
8711	76	83	25481	155	0	25795
8712	74	58	135	24741	0	25008
8713	54	25055	138	171	0	25418
8714	25930	119	35	174	0	26258
8715	175	26612	84	91	0	26962
8716	161	178	49	26334	0	26722
8717	80	27586	57	189	0	27912
8718	81	248	28434	160	0	28923
8719	92	144	221	32025	0	32482
8720	71	112	36435	410	0	37028
8721	35412	53	509	324	0	36298
8722	542	38383	405	106	0	39436
8723	38957	518	95	91	0	39661
8724	628	400	69	38139	0	39236
8725	38676	101	94	583	0	39454
8726	659	100	38763	434	0	39956
8727	471	39019	601	121	0	40212
8728	38560	565	413	95	0	39633
8729	636	423	118	36425	0	37602
8730	443	38933	147	518	0	40041
8731	188	579	78	39542	0	40387
8732	40279	423	77	696	0	41475
8733	616	42916	129	505	0	44166
8734	43344	675	65	176	0	44260
8735	779	575	42721	105	0	44180
8736	42474	128	716	104	0	43422
8737	852	64	526	42779	0	44221
8738	42797	62	153	749	0	43761
8739	753	42585	135	536	0	44009
8740	609	687	83	42720	0	44099
8741	215	518	70	43463	0	44266
8742	151	173	41835	1217	0	43376
8743	136	89	697	41733	0	42655
8744	173	71	524	42651	0	43419
8745	138	96	144	42961	0	43339
8746	150	82	86	43166	0	43484
8747	112	118	42382	1334	0	43946
8748	103	40723	802	714	0	42342
8749	136	718	571	40848	0	42273
8750	40548	546	145	830	0	42069
8751	40599	134	91	638	0	41462
8752	1223	40738	148	244	0	42353
8753	40605	732	113	193	0	41643
8754	40470	555	120	170	0	41315
8755	40386	149	85	171	0	40791
8756	1321	39264	106	150	0	40841
8757	38433	724	69	127	0	39353
8758	849	586	74	37196	0	38705
8759	622	178	37113	770	0	38683
8760	212	37116	731	570	0	38629
8761	241	737	557	36850	0	38385
8762	129	575	36586	770	0	38060
8763	35576	135	684	573	0	36968
8764	767	93	511	36623	0	37994
8765	618	94	133	36960	0	37805
8766	215	107	87	36991	0	37400
8767	181	97	59	37141	0	37478
8768	153	126	35549	1278	0	37106
8769	32112	100	702	737	0	33651
8770	746	35103	577	270	0	36696
8771	35411	710	130	224	0	36475
8772	828	35510	150	171	0	36659
8773	35722	773	88	195	0	36778
8774	869	533	91	35145	0	36638
8775	615	197	35187	787	0	36786
8776	266	149	35058	617	0	36090
8777	214	139	1151	34279	0	35783
8778	202	114	574	34955	0	35845
8779	193	119	137	35647	0	36096
8780	34262	82	113	1324	0	35781
8781	792	136	34559	692	0	36179
8782	640	608	734	31937	0	33919
8783	207	34504	573	776	0	36060
8784	34151	708	157	636	0	35652
8785	800	581	34158	295	0	35834
8786	639	33721	774	248	0	35382
8787	262	722	34247	223	0	35454
8788	250	545	769	33806	0	35370
8789	231	233	34156	818	0	35438
8790	243	199	34120	647	0	35209
8791	250	150	1179	33784	0	35363
8792	225	170	34190	867	0	35452
8793	203	153	34379	688	0	35423
8794	214	136	1201	33041	0	34592
8795	33246	112	650	875	0	34883
8796	805	153	33376	717	0	35051
8797	646	109	796	32626	0	34177
8798	272	127	596	33625	0	34620
8799	32987	108	229	1293	0	34617
8800	811	108	158	33380	0	34457
8801	32700	99	145	968	0	33912
8802	853	32272	209	692	0	34026
8803	659	717	151	32540	0	34067
8804	32472	527	148	898	0	34045
8805	32857	157	128	707	0	33849
8806	1334	117	153	32214	0	33818
8807	727	154	32092	895	0	33868
8808	30860	135	763	696	0	32454
8809	823	31822	629	323	0	33597
8810	31723	720	220	297	0	32960
8811	31587	526	170	242	0	32525
8812	31794	191	154	261	0	32400
8813	1316	137	30626	265	0	32344
8814	683	30355	799	224	0	32061
8815	298	865	586	29511	0	31260
8816	273	681	216	29987	0	31157
8817	225	190	29036	1202	0	30653
8818	202	27086	723	655	0	28666
8819	133	23035	460	223	0	23851
8820	103	19978	148	133	0	20362
8821	18102	491	739	119	0	19451
8822	404	222	79	17402	0	18107
8823	238	52	63	17614	0	17967
8824	88	71	17522	446	0	18127
8825	16471	46	261	259	0	17037
8826	270	48	209	17379	0	17906
8827	246	137	80	17440	0	17903
8828	84	44	17254	461	0	17843
8829	52	16977	274	279	0	17582
8830	110	415	213	16663	0	17401
8831	94	191	16562	268	0	17115
8832	47	14948	221	161	0	15377
8833	12827	121	90	66	0	13104
8834	153	99	13328	50	0	13630
8835	94	23	116	12519	0	12752
8836	39	13102	91	106	0	13338
8837	13117	121	28	85	0	13351
8838	120	73	23	13193	0	13409
8839	13248	18	23	121	0	13410
8840	13228	16	13	88	0	13345
8841	168	13287	33	50	0	13538
8842	13400	104	27	49	0	13580
8843	13831	68	24	49	0	13972
8844	180	42	14012	34	0	14268
8845	13669	14	105	45	0	13833
8846	124	29	14045	25	0	14223
8847	13598	12	81	37	0	13728
8848	13827	13	63	33	0	13936
8849	129	35	14252	26	0	14442
8850	67	42	73	14122	0	14304
8851	26	31	14712	84	0	14853
8852	21	29	14133	58	0	14241
8853	36	38	15082	33	0	15189
8854	25	44	125	14607	0	14801
8855	26	13	49	16075	0	16163
8856	23	5	9	16240	0	16277
8857	19	2	13	16703	0	16737
8858	25	39	16787	160	0	17011
8859	23	13	97	15953	0	16086
8860	14	15479	98	119	0	15710
8861	29	114	17183	87	0	17413
8862	22	75	108	16922	0	17127
8863	17	29	17612	112	0	17770
8864	12	17427	117	95	0	17651
8865	18	17684	100	17	0	17819
8866	20	183	24	17529	0	17756
8867	16	116	17594	114	0	17840
8868	18	38	17722	110	0	17888
8869	24	40	196	17687	0	17947
8870	25	17	99	18066	0	18207
8871	22	9	12	18364	0	18407
8872	28	36	18274	217	0	18555
8873	21	18432	108	120	0	18681
8874	18	19064	123	24	0	19229
8875	20	203	22	18953	0	19198
8876	18	126	18839	126	0	19109
8877	21	43	19022	118	0	19204
8878	24	19715	244	25	0	20008
8879	19837	122	122	37	0	20118
8880	116	20320	42	36	0	20514
8881	128	149	20867	34	0	21178
8882	20772	121	154	34	0	21081
8883	161	21	139	21616	0	21937
8884	22251	13	34	188	0	22486
8885	176	17	21	22278	0	22492
8886	161	12	22	22531	0	22726
8887	22480	11	23	335	0	22849
8888	177	23293	22	198	0	23690
8889	158	220	23364	35	0	23777
8890	21	23886	201	37	0	24145
8891	23512	186	156	44	0	23898
8892	169	23688	49	46	0	23952
8893	23588	188	24	54	0	23854
8894	23473	155	19	45	0	23692
8895	333	23694	38	34	0	24099
8896	175	192	17	23310	0	23694
8897	23363	161	23	219	0	23766
8898	23495	27	29	171	0	23722
8899	335	31	22	23213	0	23601
8900	172	39	23023	209	0	23443
8901	41	48	23260	168	0	23517
8902	59	27	333	23259	0	23678
8903	26	57	23160	206	0	23449
8904	21744	32	220	191	0	22187
8905	192	22853	171	54	0	23270
8906	162	177	26	23046	0	23411
8907	38	151	22	23174	0	23385
8908	47	26	28	23205	0	23306
8909	43	25	20	23069	0	23157
8910	45	18	20	23321	0	23404
8911	30	62	22944	335	0	23371
8912	24	23057	203	175	0	23459
8913	23138	197	155	52	0	23542
8914	202	153	38	22943	0	23336
8915	183	27	21	23097	0	23328
8916	50	31	22	23145	0	23248
8917	27	23116	52	358	0	23553
8918	45	205	26	23537	0	23813
8919	40	168	30	23682	0	23920
8920	23058	36	26	400	0	23520
8921	209	22766	62	214	0	23251
8922	171	23013	60	77	0	23321
8923	40	374	25	22985	0	23424
8924	22672	182	33	241	0	23128
8925	221	68	22882	194	0	23365
8926	21540	52	207	79	0	21878
8927	233	54	23407	63	0	23757
8928	210	48	213	23010	0	23481
8929	54	31	179	23484	0	23748
8930	49	40	31	23395	0	23515
8931	54	32	31	23328	0	23445
8932	48	37	27	23297	0	23409
8933	22846	34	29	398	0	23307
8934	228	48	22694	222	0	23192
8935	201	34	217	22967	0	23419
8936	46	52	23728	259	0	24085
8937	51	23580	245	237	0	24113
8938	23267	219	195	91	0	23772
8939	242	221	24175	101	0	24739
8940	216	34	239	24455	0	24944
8941	77	38	186	25176	0	25477
8942	57	61	25042	444	0	25604
8943	36	60	24935	250	0	25281
8944	59	26	416	23570	0	24071
8945	24790	35	204	309	0	25338
8946	24803	31	43	249	0	25126
8947	402	24764	85	98	0	25349
8948	25133	246	29	97	0	25505
8949	288	194	28	23971	0	24481
8950	208	25029	63	289	0	25589
8951	77	247	34	25193	0	25551
8952	69	222	25373	311	0	25975
8953	85	56	246	24344	0	24731
8954	106	38	198	24744	0	25086
8955	23582	34	36	423	0	24075
8956	243	23584	71	247	0	24145
8957	23237	225	24	103	0	23589
8958	235	23174	65	98	0	23572
8959	22308	222	47	86	0	22663
8960	220	22471	54	86	0	22831
8961	173	22302	50	79	0	22604
8962	22353	329	33	92	0	22807
8963	246	187	65	21300	0	21798
8964	157	21999	48	239	0	22443
8965	22230	201	64	209	0	22704
8966	22219	149	23	95	0	22486
8967	22584	31	26	80	0	22721
8968	22257	33	32	67	0	22389
8969	330	22281	68	61	0	22740
8970	173	202	34	22303	0	22712
8971	61	142	25	22679	0	22907
8972	22678	46	31	346	0	23101
8973	258	30	23	22387	0	22698
8974	21964	28	32	265	0	22289
8975	235	61	21511	165	0	21972
8976	20644	28	189	117	0	20978
8977	217	79	21468	75	0	21839
8978	177	146	198	20770	0	21291
8979	20782	34	140	222	0	21178
8980	209	20659	40	156	0	21064
8981	19697	152	33	72	0	19954
8982	170	19812	37	59	0	20078
8983	134	201	41	20456	0	20832
8984	49	135	20010	181	0	20375
8985	17850	83	189	161	0	18283
8986	151	19754	105	68	0	20078
8987	142	179	40	19375	0	19736
8988	53	103	19	19085	0	19260
8989	53	32	13	18919	0	19017
8990	44	51	18767	203	0	19065
8991	37	18706	137	123	0	19003
8992	18588	124	83	57	0	18852
8993	18559	86	24	48	0	18717
8994	185	18586	41	40	0	18852
8995	19068	120	19	80	0	19287
8996	145	103	16	19047	0	19311
8997	97	19051	26	148	0	19322
8998	19090	122	11	112	0	19335
8999	150	122	18839	58	0	19169
9000	101	19116	127	44	0	19388
9001	61	134	85	19216	0	19496
9002	43	92	19	19418	0	19572
9003	48	61	19154	182	0	19445
9004	51	32	105	18560	0	18748
9005	40	50	19220	141	0	19451
9006	51	33	112	18925	0	19121
9007	53	25	79	19320	0	19477
9008	51	37	21	19495	0	19604
9009	56	24	15	19811	0	19906
9010	44	49	19519	209	0	19821
9011	56	47	20546	120	0	20769
9012	43	22192	253	69	0	22557
9013	47	210	112	23249	0	23618
9014	42	184	24298	250	0	24774
9015	41	24273	245	217	0	24776
9016	66	270	173	25107	0	25616
9017	56	196	26180	261	0	26693
9018	24284	50	257	205	0	24796
9019	27441	31	182	60	0	27714
9020	472	26	39	27233	0	27770
9021	252	72	27289	299	0	27912
9022	78	42	288	27204	0	27612
9023	27178	24	202	346	0	27750
9024	287	27809	87	242	0	28425
9025	28460	283	32	113	0	28888
9026	28753	207	26	71	0	29057
9027	500	62	24	27953	0	28539
9028	279	30	27	28368	0	28704
9029	85	24	34	28517	0	28660
9030	64	30	31	28401	0	28526
9031	55	33	33	28468	0	28589
9032	27903	38	31	559	0	28531
9033	28077	28	39	299	0	28443
9034	28065	27	35	148	0	28275
9035	500	58	27076	67	0	27701
9036	26647	40	258	88	0	27033
9037	370	52	213	26898	0	27533
9038	238	71	26895	356	0	27560
9039	79	26424	313	258	0	27074
9040	100	371	249	25946	0	26666
9041	73	204	64	25807	0	26148
9042	58	26216	78	433	0	26785
9043	86	260	39	26829	0	27214
9044	84	247	26449	353	0	27133
9045	66	79	26762	284	0	27191
9046	88	42	508	26852	0	27490
9047	26723	26	284	355	0	27388
9048	26584	33	66	303	0	26986
9049	538	70	26747	119	0	27474
9050	325	25358	326	120	0	26129
9051	124	25944	268	113	0	26449
9052	24761	478	67	126	0	25432
9053	330	288	25247	129	0	25994
9054	287	73	290	24901	0	25551
9055	25037	35	238	392	0	25702
9056	345	24843	101	329	0	25618
9057	294	25384	74	152	0	25904
9058	25194	461	46	121	0	25822
9059	367	260	43	25591	0	26261
9060	27457	69	49	358	0	27933
9061	433	50	41	30549	0	31073
9062	382	40	60	31040	0	31522
9063	151	92	31087	778	0	32108
9064	141	58	407	31815	0	32421
9065	122	46	354	32051	0	32573
9066	32127	47	134	864	0	33172
9067	493	53	78	32843	0	33467
9068	402	82	32714	622	0	33820
9069	32331	56	473	506	0	33366
9070	534	56	406	32953	0	33949
9071	33007	51	154	585	0	33797
9072	572	31847	141	515	0	33075
9073	461	32889	140	236	0	33726
9074	32741	777	93	191	0	33802
9075	32958	469	101	173	0	33701
9076	896	159	85	32568	0	33708
9077	540	131	32383	541	0	33595
9078	243	94	473	32881	0	33691
9079	32254	102	428	601	0	33385
9080	547	32321	188	506	0	33562
9081	503	486	109	32107	0	33205
9082	32251	432	110	555	0	33348
9083	572	193	31473	524	0	32762
9084	31508	102	478	253	0	32341
9085	30431	98	420	239	0	31188
9086	866	100	31546	231	0	32743
9087	565	106	31903	191	0	32765
9088	276	71	841	30754	0	31942
9089	234	62	504	30628	0	31428
9090	190	32212	206	882	0	33490
9091	208	481	125	32620	0	33434
9092	189	454	32662	706	0	34011
9093	218	134	523	32999	0	33874
9094	223	92	444	34079	0	34838
9095	191	109	33108	1030	0	34438
9096	169	32953	593	684	0	34399
9097	192	495	464	33014	0	34165
9098	203	450	165	33625	0	34443
9099	33295	139	130	1013	0	34577
9100	612	109	119	33303	0	34143
9101	552	135	32828	729	0	34244
9102	32451	100	550	605	0	33706
9103	33175	104	452	306	0	34037
9104	33511	105	172	256	0	34044
9105	1046	123	32331	209	0	33709
9106	676	84	560	31953	0	33273
9107	309	74	509	32438	0	33330
9108	252	84	214	32670	0	33220
9109	31312	95	146	1033	0	32586
9110	594	31199	191	746	0	32730
9111	520	449	29467	293	0	30729
9112	230	28846	446	258	0	29780
9113	184	27826	413	226	0	28649
9114	183	27461	238	168	0	28050
9115	389	883	343	26159	0	27774
9116	183	424	25889	510	0	27006
9117	23220	207	421	480	0	24328
9118	379	24876	400	238	0	25893
9119	23831	325	135	219	0	24510
9120	382	24607	145	178	0	25312
9121	24785	366	78	180	0	25409
9122	418	25225	112	172	0	25927
9123	399	419	25511	153	0	26482
9124	201	359	364	25295	0	26219
9125	177	143	319	26245	0	26884
9126	26167	94	141	713	0	27115
9127	434	104	103	27802	0	28443
9128	407	128	27667	559	0	28761
9129	209	90	426	28097	0	28822
9130	163	118	28079	578	0	28938
9131	146	27730	510	542	0	28928
9132	184	439	415	25450	0	26488
9133	145	28176	228	437	0	28986
9134	28080	451	136	430	0	29097
9135	483	391	134	27961	0	28969
9136	444	158	27933	514	0	29049
9137	170	151	27715	483	0	28519
9138	27094	104	739	231	0	28168
9139	479	140	425	27195	0	28239
9140	426	128	27155	489	0	28198
9141	178	148	26603	442	0	27371
9142	121	26772	777	191	0	27861
9143	137	454	459	24228	0	25278
9144	98	26786	211	427	0	27522
9145	127	453	124	26451	0	27155
9146	26684	369	128	510	0	27691
9147	421	139	136	26986	0	27682
9148	385	110	112	27234	0	27841
9149	27162	106	125	771	0	28164
9150	453	122	96	28611	0	29282
9151	432	101	109	27812	0	28454
9152	164	28919	146	807	0	30036
9153	28987	430	114	515	0	30046
9154	29432	386	109	250	0	30177
9155	788	140	129	29188	0	30245
9156	500	102	107	29283	0	29992
9157	205	101	108	28940	0	29354
9158	155	27886	122	918	0	29081
9159	140	28532	155	570	0	29397
9160	242	770	108	26313	0	27433
9161	22739	263	59	347	0	23408
9162	22399	62	62	288	0	22811
9163	467	21927	66	127	0	22587
9164	20875	272	56	98	0	21301
9165	280	21019	59	87	0	21445
9166	229	20730	66	87	0	21112
9167	381	486	116	19909	0	20892
9168	19587	218	106	308	0	20219
9169	247	19215	57	255	0	19774
9170	219	19507	67	86	0	19879
9171	80	394	40	19376	0	19890
9172	53	227	36	19687	0	20003
9173	62	73	19373	429	0	19937
9174	18850	67	231	268	0	19416
9175	19087	57	198	101	0	19443
9176	408	75	19568	96	0	20147
9177	227	70	19621	94	0	20012
9178	74	53	406	19637	0	20170
9179	69	64	201	19965	0	20299
9180	64	19831	66	475	0	20436
9181	70	273	40	20100	0	20483
9182	72	250	19807	335	0	20464
9183	84	77	261	19709	0	20131
9184	74	53	214	19864	0	20205
9185	19416	60	66	511	0	20053
9186	290	91	19165	281	0	19827
9187	18700	63	264	126	0	19153
9188	299	82	18892	125	0	19398
9189	237	60	282	18333	0	18912
9190	70	74	18359	314	0	18817
9191	70	90	18237	276	0	18673
9192	77	128	419	17805	0	18429
9193	17346	114	351	361	0	18172
9194	16968	57	81	256	0	17362
9195	416	17100	86	117	0	17719
9196	17111	248	66	121	0	17546
9197	16858	209	69	101	0	17237
9198	405	17002	82	114	0	17603
9199	223	258	62	17155	0	17698
9200	75	208	68	17392	0	17743
9201	80	67	44	17494	0	17685
9202	78	72	43	17582	0	17775
9203	71	77	17115	467	0	17730
9204	16268	45	252	294	0	16859
9205	292	40	196	17213	0	17741
9206	248	48	72	16969	0	17337
9207	85	17300	75	442	0	17902
9208	108	265	32	17634	0	18039
9209	89	227	17561	322	0	18199
9210	16237	67	247	299	0	16850
9211	278	90	17780	129	0	18277
9212	235	76	248	17196	0	17755
9213	17187	56	197	311	0	17751
9214	267	17493	50	290	0	18100
9215	251	260	37	17918	0	18466
9216	87	243	18003	316	0	18649
9217	94	62	248	18143	0	18547
9218	17686	67	213	303	0	18269
9219	276	90	17861	271	0	18498
9220	254	67	17477	112	0	17910
9221	88	17218	432	97	0	17835
9222	16536	267	230	84	0	17117
9223	280	16277	73	93	0	16723
9224	219	240	15777	83	0	16319
9225	75	190	15002	62	0	15329
9226	41	14701	367	68	0	15177
9227	12928	159	239	48	0	13374
9228	159	12985	66	47	0	13257
9229	126	156	30	12671	0	12983
9230	48	121	25	12915	0	13109
9231	36	33	12795	263	0	13127
9232	28	18	165	12793	0	13004
9233	31	26	13016	176	0	13249
9234	12564	17	168	153	0	12902
9235	12943	17	135	56	0	13151
9236	13034	23	37	41	0	13135
9237	286	24	12711	43	0	13064
9238	12797	24	163	43	0	13027
9239	176	29	136	12274	0	12615
9240	144	12764	54	160	0	13122
9241	12771	139	31	157	0	13098
9242	159	135	12550	52	0	12896
9243	12276	25	145	42	0	12488
9244	12241	10	138	40	0	12429
9245	240	28	11926	48	0	12242
9246	142	11864	163	46	0	12215
9247	61	217	148	11726	0	12152
9248	35	132	11817	144	0	12128
9249	44	35	11435	124	0	11638
9250	45	243	192	9818	0	10298
9251	18	23	9937	101	0	10079
9252	16	12	95	9582	0	9705
9253	20	15	87	9366	0	9488
9254	21	12	20	9652	0	9705
9255	21	15	9562	169	0	9767
9256	27	7	96	9603	0	9733
9257	13	9	9694	111	0	9827
9258	24	10	110	9728	0	9872
9259	9965	15	80	111	0	10171
9260	113	13	26	10044	0	10196
9261	91	10308	33	110	0	10542
9262	32	105	23	10572	0	10732
9263	10643	81	18	130	0	10872
9264	128	10768	32	88	0	11016
9265	92	100	20	10709	0	10921
9266	10672	92	23	123	0	10910
9267	120	33	10768	104	0	11025
9268	104	9	118	10627	0	10858
9269	26	30	10884	120	0	11060
9270	24	13	10780	98	0	10915
9271	32	24	198	10578	0	10832
9272	10653	15	100	120	0	10888
9273	121	23	10509	98	0	10751
9274	10367	18	123	41	0	10549
9275	131	34	98	10588	0	10851
9276	94	21	10584	120	0	10819
9277	31	16	10372	96	0	10515
9278	26	17	10475	51	0	10569
9279	33	89	185	9950	0	10257
9280	10188	7	153	125	0	10473
9281	95	10278	46	77	0	10496
9282	93	91	24	10098	0	10306
9283	31	75	26	10321	0	10453
9284	10316	19	24	159	0	10518
9285	10349	6	21	105	0	10481
9286	162	10375	25	25	0	10587
9287	10500	82	30	30	0	10642
9288	10406	77	30	25	0	10538
9289	168	26	19	10319	0	10532
9290	101	20	10375	98	0	10594
9291	10248	29	98	88	0	10463
9292	104	13	90	10469	0	10676
9293	86	14	30	10451	0	10581
9294	10348	17	26	164	0	10555
9295	99	9	25	10084	0	10217
9296	98	15	18	10095	0	10226
9297	9950	7	25	169	0	10151
9298	92	10136	30	111	0	10369
9299	10096	72	26	35	0	10229
9300	98	79	10183	37	0	10397
9301	10101	12	101	34	0	10248
9302	108	5	89	10136	0	10338
9303	89	10423	40	92	0	10644
9304	50	77	20	10552	0	10699
9305	39	69	27	10523	0	10658
9306	46	16	17	10521	0	10600
9307	10282	21	16	169	0	10488
9308	86	10128	27	103	0	10344
9309	80	9998	22	30	0	10130
9310	9803	117	17	29	0	9966
9311	84	74	10053	24	0	10235
9312	72	20	9909	11	0	10012
9313	9521	48	167	26	0	9762
9314	86	15	9957	28	0	10086
9315	60	5	52	9404	0	9521
9316	25	8	63	9278	0	9374
9317	14	5	10	9806	0	9835
9318	18	10	12	9745	0	9785
9319	12	9686	25	98	0	9821
9320	17	50	13	9877	0	9957
9321	12	62	9753	70	0	9897
9322	12	7	59	9688	0	9766
9323	22	15	9568	70	0	9675
9324	15	20	9428	70	0	9533
9325	11	8	100	9573	0	9692
9326	25	15	9689	65	0	9794
9327	20	4	63	9620	0	9707
9328	9636	10	52	84	0	9782
9329	68	22	9783	54	0	9927
9330	9474	7	57	23	0	9561
9331	64	9	66	9696	0	9835
9332	62	18	9686	73	0	9839
9333	22	9597	68	64	0	9751
9334	27	58	59	9833	0	9977
9335	9	60	10303	81	0	10453
9336	25	9	63	10324	0	10421
9337	10581	3	63	91	0	10738
9338	10645	13	15	87	0	10760
9339	10943	9	15	32	0	10999
9340	129	12	16	10972	0	11129
9341	87	12	8	11098	0	11205
9342	31	3	13	11306	0	11353
9343	11438	8	23	152	0	11621
9344	87	11717	19	92	0	11915
9345	88	81	12	11764	0	11945
9346	32	88	16	11957	0	12093
9347	11812	9	11	197	0	12029
9348	91	12128	22	119	0	12360
9349	111	91	7	12419	0	12628
9350	12716	99	20	116	0	12951
9351	12598	22	8	126	0	12754
9352	227	10	12	12525	0	12774
9353	12613	7	20	125	0	12765
9354	134	9	15	12587	0	12745
9355	124	29	12607	123	0	12883
9356	28	9	109	12659	0	12805
9357	33	10	113	12803	0	12959
9358	33	9	14	12900	0	12956
9359	12349	3	7	222	0	12581
9360	104	12349	23	129	0	12605
9361	11999	98	11	36	0	12144
9362	96	11998	18	40	0	12152
9363	107	12146	23	26	0	12302
9364	12042	175	21	37	0	12275
9365	88	12393	22	30	0	12533
9366	113	86	12	12257	0	12468
9367	12277	101	10	103	0	12491
9368	12362	17	14	126	0	12519
9369	193	13	10	12350	0	12566
9370	119	13	13	12088	0	12233
9371	23	12406	29	209	0	12667
9372	12593	90	13	125	0	12821
9373	12078	106	11	42	0	12237
9374	192	12996	17	39	0	13244
9375	103	13046	21	23	0	13193
9376	27	201	13	13051	0	13292
9377	13010	106	12	137	0	13265
9378	114	22	12	13078	0	13226
9379	132	23	12	13161	0	13328
9380	29	19	12928	217	0	13193
9381	35	28	12931	121	0	13115
9382	30	28	206	12879	0	13143
9383	24	28	13101	144	0	13297
9384	34	13021	115	125	0	13295
9385	36	116	106	12993	0	13251
9386	36	111	9	13249	0	13405
9387	27	22	8	13338	0	13395
9388	32	30	13179	236	0	13477
9389	37	28	12940	137	0	13142
9390	12543	15	198	53	0	12809
9391	118	13143	125	39	0	13425
9392	13190	112	11	51	0	13364
9393	142	114	9	13079	0	13344
9394	13380	19	8	143	0	13550
9395	134	34	12	13087	0	13267
9396	119	13447	31	141	0	13738
9397	13546	115	20	141	0	13822
9398	141	121	13302	44	0	13608
9399	123	13234	121	39	0	13517
9400	13112	117	118	56	0	13403
9401	138	108	36	12867	0	13149
9402	124	12797	31	151	0	13103
9403	45	118	13	13175	0	13351
9404	13108	107	14	155	0	13384
9405	145	27	20	13181	0	13373
9406	13178	28	14	161	0	13381
9407	147	50	13055	141	0	13393
9408	137	25	112	13017	0	13291
9409	12945	40	104	165	0	13254
9410	155	35	12952	140	0	13282
9411	128	12578	129	61	0	12896
9412	56	147	102	12327	0	12632
9413	45	128	12226	161	0	12560
9414	54	45	12165	133	0	12397
9415	55	84	214	12072	0	12425
9416	45	49	12191	154	0	12439
9417	47	42	12009	150	0	12248
9418	47	38	196	11729	0	12010
9419	11893	27	104	151	0	12175
9420	133	26	29	11926	0	12114
9421	116	28	28	12133	0	12305
9422	57	53	12157	224	0	12491
9423	49	25	122	12449	0	12645
9424	12577	29	112	158	0	12876
9425	125	44	12633	157	0	12959
9426	130	12811	138	63	0	13142
9427	47	127	117	12978	0	13269
9428	13189	117	33	162	0	13501
9429	142	43	34	12960	0	13179
9430	119	13122	42	145	0	13428
9431	39	140	13672	144	0	13995
9432	53	120	132	13960	0	14265
9433	14643	32	131	164	0	14970
9434	159	52	14550	147	0	14908
9435	163	22	147	14715	0	15047
9436	15177	28	149	186	0	15540
9437	15595	23	36	197	0	15851
9438	315	15824	53	68	0	16260
9439	15673	177	30	51	0	15931
9440	226	163	23	15606	0	16018
9441	183	43	15873	211	0	16310
9442	52	15586	197	178	0	16013
9443	26	15872	164	50	0	16112
9444	48	330	66	15399	0	15843
9445	61	166	31	15643	0	15901
9446	35	52	15259	294	0	15640
9447	24	15144	179	181	0	15528
9448	17	15127	155	49	0	15348
9449	83	318	45	14356	0	14802
9450	14212	126	35	156	0	14529
9451	143	14330	34	119	0	14626
9452	139	141	21	14479	0	14780
9453	14826	116	21	179	0	15142
9454	157	26	27	15060	0	15270
9455	141	22	21	14928	0	15112
9456	53	34	19	15051	0	15157
9457	36	32	17	15021	0	15106
9458	14702	15	21	278	0	15016
9459	159	18	24	14843	0	15044
9460	123	39	14574	161	0	14897
9461	13985	25	151	154	0	14315
9462	149	29	14610	65	0	14853
9463	127	26	14644	45	0	14842
9464	35	35	228	14483	0	14781
9465	31	28	127	14619	0	14805
9466	41	23	35	14836	0	14935
9467	14599	18	14	272	0	14903
9468	159	33	14555	150	0	14897
9469	14338	19	146	73	0	14576
9470	14637	23	116	66	0	14842
9471	253	32	14636	44	0	14965
9472	14181	19	145	68	0	14413
9473	156	31	14897	52	0	15136
9474	116	14801	159	60	0	15136
9475	91	175	189	14618	0	15073
9476	37	108	42	14941	0	15128
9477	31	25	28	14907	0	14991
9478	39	14	27	14934	0	15014
9479	28	34	14790	254	0	15106
9480	37	32	14786	140	0	14995
9481	32	20	225	14608	0	14885
9482	29	31	14842	158	0	15060
9483	14159	20	147	155	0	14481
9484	14804	17	117	68	0	15006
9485	231	23	43	14676	0	14973
9486	14671	16	25	171	0	14883
9487	153	14974	44	145	0	15316
9488	14924	124	29	67	0	15144
9489	164	124	15072	53	0	15413
9490	138	25	137	14744	0	15044
9491	36	15213	141	153	0	15543
9492	15383	130	50	139	0	15702
9493	143	106	31	15526	0	15806
9494	121	50	15398	176	0	15745
9495	57	23	138	15351	0	15569
9496	15162	16	126	173	0	15477
9497	156	46	15373	141	0	15716
9498	158	18	142	15360	0	15678
9499	61	16	121	15604	0	15802
9500	55	45	15582	252	0	15934
9501	64	15410	151	145	0	15770
9502	58	14038	163	85	0	14344
9503	56	217	50	15662	0	15985
9504	57	124	32	16021	0	16234
9505	57	55	40	16170	0	16322
9506	15728	42	33	285	0	16088
9507	15950	34	33	188	0	16205
9508	235	32	42	15995	0	16304
9509	15930	42	31	190	0	16193
9510	145	15991	65	160	0	16361
9511	141	149	44	16256	0	16590
9512	64	132	28	16459	0	16683
9513	48	43	37	16618	0	16746
9514	15572	32	34	310	0	15948
9515	150	15815	45	195	0	16205
9516	133	129	26	16013	0	16301
9517	15883	116	20	196	0	16215
9518	153	35	21	16119	0	16328
9519	149	30	30	15911	0	16120
9520	68	15471	33	275	0	15847
9521	44	16020	41	195	0	16300
9522	66	215	33	15815	0	16129
9523	67	127	33	15745	0	15972
9524	15028	27	40	292	0	15387
9525	164	19	36	15348	0	15567
9526	140	49	14938	197	0	15324
9527	57	13	145	14745	0	14960
9528	47	14525	144	189	0	14905
9529	14830	128	51	180	0	15189
9530	158	118	43	14870	0	15189
9531	152	33	42	14281	0	14508
9532	45	14227	43	263	0	14578
9533	13480	90	23	135	0	13728
9534	109	14290	32	67	0	14498
9535	111	120	18	13856	0	14105
9536	44	104	13536	120	0	13804
9537	98	152	80	12673	0	13003
9538	12660	8	85	84	0	12837
9539	63	12925	25	82	0	13095
9540	88	76	10	12757	0	12931
9541	16	12723	15	78	0	12832
9542	26	73	18	12835	0	12952
9543	27	101	12749	82	0	12959
9544	32	55	54	12518	0	12659
9545	18	7	71	12661	0	12757
9546	32	13	9	12751	0	12805
9547	12264	16	9	142	0	12431
9548	12423	13	10	100	0	12546
9549	119	12655	20	44	0	12838
9550	12656	65	9	42	0	12772
9551	66	12706	15	34	0	12821
9552	74	12828	26	27	0	12955
9553	12328	118	10	50	0	12506
9554	65	97	12387	36	0	12585
9555	90	21	58	12208	0	12377
9556	27	14	62	12535	0	12638
9557	18	20	9	12848	0	12895
9558	12538	16	4	157	0	12715
9559	67	12775	28	105	0	12975
9560	79	74	5	12702	0	12860
9561	25	13037	14	93	0	13169
9562	13549	97	7	99	0	13752
9563	103	90	9	13847	0	14049
9564	121	22	8	16331	0	16482
9565	23	17537	22	325	0	17907
9566	43	219	6	18471	0	18739
9567	44	232	11	18512	0	18799
9568	17786	43	12	486	0	18327
9569	226	17928	28	300	0	18482
9570	243	18289	26	71	0	18629
9571	49	456	9	18053	0	18567
9572	24	282	17678	274	0	18258
9573	38	83	17653	273	0	18047
9574	31	40	453	17417	0	17941
9575	28	53	17531	283	0	17895
9576	40	30	253	17478	0	17801
9577	36	36	252	16972	0	17296
9578	25	27	46	18014	0	18112
9579	17424	23	22	525	0	17994
9580	255	23	25	17712	0	18015
9581	251	31	23	17366	0	17671
9582	48	17310	34	526	0	17918
9583	41	232	14	17971	0	18258
9584	28	274	17468	306	0	18076
9585	51	50	239	17741	0	18081
9586	39	36	246	17865	0	18186
9587	17083	45	38	543	0	17709
9588	260	36	26	17382	0	17704
9589	259	38	28	17099	0	17424
9590	73	23	18	17431	0	17545
9591	16146	25	26	557	0	16754
9592	225	16529	41	348	0	17143
9593	244	270	20	16674	0	17208
9594	62	244	17	16851	0	17174
9595	38	76	16382	545	0	17041
9596	54	47	253	16592	0	16946
9597	15764	41	243	358	0	16406
9598	237	16044	61	338	0	16680
9599	265	255	29	15873	0	16422
9600	80	260	32	16020	0	16392
9601	39	80	15664	556	0	16339
9602	14712	38	248	372	0	15370
9603	252	15310	269	157	0	15988
9604	15334	259	63	120	0	15776
9605	270	266	32	15338	0	15906
9606	265	67	30	15552	0	15914
9607	70	52	38	15734	0	15894
9608	58	40	34	15811	0	15943
9609	15228	40	21	601	0	15890
9610	273	48	44	15053	0	15418
9611	250	14708	43	385	0	15386
9612	73	241	44	15061	0	15419
9613	53	245	37	15235	0	15570
9614	14806	61	44	561	0	15472
9615	262	14837	47	379	0	15525
9616	270	256	34	15039	0	15599
9617	14864	256	38	381	0	15539
9618	15056	62	45	366	0	15529
9619	499	49	31	15069	0	15648
9620	296	71	14881	364	0	15612
9621	14624	47	253	360	0	15284
9622	290	32	249	14999	0	15570
9623	270	59	14990	379	0	15698
9624	84	41	265	15348	0	15738
9625	87	35	255	15123	0	15500
9626	85	50	49	15206	0	15390
9627	59	15273	49	612	0	15993
9628	58	266	37	15771	0	16132
9629	74	239	38	15663	0	16014
9630	80	60	34	15822	0	15996
9631	72	52	31	15765	0	15920
9632	81	49	28	15544	0	15702
9633	76	60	32	15453	0	15621
9634	13869	47	29	605	0	14550
9635	261	53	13683	393	0	14390
9636	244	13474	266	190	0	14174
9637	13454	247	220	137	0	14058
9638	263	13621	75	141	0	14100
9639	13378	250	53	143	0	13824
9640	323	220	56	13162	0	13761
9641	13399	48	45	351	0	13843
9642	288	33	36	13429	0	13786
9643	264	44	36	12642	0	12986
9644	84	12967	48	511	0	13610
9645	13049	229	24	344	0	13646
9646	278	233	13322	155	0	13988
9647	252	50	227	13500	0	14029
9648	77	53	13718	358	0	14206
9649	66	57	13359	336	0	13818
9650	13209	40	419	159	0	13827
9651	252	40	234	13517	0	14043
9652	236	51	13439	363	0	14089
9653	84	48	13839	331	0	14302
9654	79	27	416	13614	0	14136
9655	80	34	235	13991	0	14340
9656	13823	41	46	497	0	14407
9657	270	44	42	14046	0	14402
9658	250	54	14165	333	0	14802
9659	103	32	212	14254	0	14601
9660	83	94	198	13805	0	14180
9661	48	14065	62	447	0	14622
9662	13545	182	40	274	0	14041
9663	202	13361	48	125	0	13736
9664	10649	87	19	77	0	10832
9665	60	9289	20	32	0	9401
9666	25	8864	25	25	0	8939
9667	103	70	49	8633	0	8855
9668	23	24	49	8612	0	8708
9669	16	18	14	8562	0	8610
9670	8178	8	4	53	0	8243
9671	29	16	8295	31	0	8371
9672	23	9	24	8197	0	8253
9673	7928	7	17	35	0	7987
9674	18	8140	9	25	0	8192
9675	19	8097	11	19	0	8146
9676	37	56	11	8144	0	8248
9677	4	18	5	8257	0	8284
9678	3	10	5	8311	0	8329
9679	11	8503	5	41	0	8560
9680	11	20	3	8551	0	8585
9681	11	30	8544	24	0	8609
9682	4	14	8014	17	0	8049
9683	7897	3	28	13	0	7941
9684	27	3	26	8510	0	8566
9685	8580	4	2	27	0	8613
9686	8484	2	4	28	0	8518
9687	25	8692	15	8	0	8740
9688	8829	13	2	20	0	8864
9689	9051	15	4	21	0	9091
9690	30	4	6	9092	0	9132
9691	22	2	4	9348	0	9376
9692	4	15	9715	34	0	9768
9693	4	9973	13	34	0	10024
9694	11	15	18	9424	0	9468
9695	9	15	8	10221	0	10253
9696	10247	2	4	45	0	10298
9697	16	3	4	10305	0	10328
9698	10467	3	7	33	0	10510
9699	26	3	1	10723	0	10753
9700	16	10877	14	39	0	10946
9701	11194	43	4	42	0	11283
9702	47	23	4	12410	0	12484
9703	30	6	5	13422	0	13463
9704	17	1	4	14132	0	14154
9705	7	15	14116	192	0	14330
9706	5	7	112	14362	0	14486
9707	14662	4	90	146	0	14902
9708	111	5	15	15456	0	15587
9709	104	5	5	16761	0	16875
9710	18	14	7	16716	0	16755
9711	5	16809	24	313	0	17151
9712	5	17358	27	152	0	17542
9713	17213	310	6	30	0	17559
9714	177	17458	19	23	0	17677
9715	17431	191	3	26	0	17651
9716	17372	145	7	21	0	17545
9717	17416	28	9	37	0	17490
9718	335	35	17375	21	0	17766
9719	160	17701	196	23	0	18080
9720	17880	185	136	24	0	18225
9721	204	143	18	18128	0	18493
9722	157	23	3	18403	0	18586
9723	37	12	9	18311	0	18369
9724	13	17947	32	349	0	18341
9725	32	177	5	18121	0	18335
9726	18038	140	7	218	0	18403
9727	187	19	6	17914	0	18126
9728	166	7	7	18085	0	18265
9729	31	28	17797	353	0	18209
9730	22	36	18062	191	0	18311
9731	30	16	312	18178	0	18536
9732	29	10	159	18271	0	18469
9733	14	18428	40	371	0	18853
9734	37	185	29	18581	0	18832
9735	32	159	15	18837	0	19043
9736	38	33	11	19035	0	19117
9737	18271	19	17	402	0	18709
9738	204	68	18766	211	0	19249
9739	179	35	182	18971	0	19367
9740	19119	37	144	226	0	19526
9741	19109	39	25	199	0	19372
9742	366	33	17	18968	0	19384
9743	208	33	10	19164	0	19415
9744	18798	30	19	363	0	19210
9745	223	18855	40	206	0	19324
9746	191	18986	28	82	0	19287
9747	79	345	31	18843	0	19298
9748	19011	183	18	252	0	19464
9749	19284	44	16	212	0	19556
9750	19002	32	17	117	0	19168
9751	362	44	19247	81	0	19734
9752	18031	51	206	99	0	18387
9753	256	56	18969	70	0	19351
9754	18239	34	218	103	0	18594
9755	240	18740	169	100	0	19249
9756	192	220	18856	96	0	19364
9757	70	196	223	18653	0	19142
9758	60	64	18846	290	0	19260
9759	78	34	230	18589	0	18931
9760	18404	37	170	296	0	18907
9761	223	67	18700	261	0	19251
9762	191	54	213	18493	0	18951
9763	81	19588	205	291	0	20165
9764	90	195	48	20238	0	20571
9765	70	167	46	20138	0	20421
9766	71	46	40	19988	0	20145
9767	19881	41	44	438	0	20404
9768	20001	49	32	260	0	20342
9769	384	41	23	20081	0	20529
9770	238	57	19872	303	0	20470
9771	109	71	19716	258	0	20154
9772	84	47	354	19994	0	20479
9773	108	71	20680	285	0	21144
9774	110	58	212	20632	0	21012
9775	119	52	182	20064	0	20417
9776	109	32	57	20773	0	20971
9777	105	20128	69	423	0	20725
9778	105	20342	85	256	0	20788
9779	99	356	46	20829	0	21330
9780	92	180	59	20864	0	21195
9781	100	50	50	20997	0	21197
9782	20330	55	52	433	0	20870
9783	273	64	20878	275	0	21490
9784	220	50	220	20891	0	21381
9785	20775	39	198	307	0	21319
9786	240	20994	90	267	0	21591
9787	238	228	59	21349	0	21874
9788	89	177	60	21580	0	21906
9789	87	60	61	21436	0	21644
9790	84	37	56	21435	0	21612
9791	72	59	20861	464	0	21456
9792	19060	46	230	304	0	19640
9793	20347	45	184	174	0	20750
9794	373	62	20463	133	0	21031
9795	19781	24	237	149	0	20191
9796	20456	34	195	129	0	20814
9797	396	58	20848	126	0	21428
9798	227	21541	258	126	0	22152
9799	105	270	230	21340	0	21945
9800	76	181	22269	258	0	22784
9801	100	21862	211	245	0	22418
9802	102	193	20941	130	0	21366
9803	43	20119	171	145	0	20478
9804	76	144	161	19379	0	19760
9805	49	105	19457	123	0	19734
9806	47	66	114	18998	0	19225
9807	33	59	19736	123	0	19951
9808	22	19396	133	103	0	19654
9809	18011	27	79	41	0	18158
9810	14	17995	31	22	0	18062
9811	22	18998	24	48	0	19092
9812	126	69	49	18847	0	19091
9813	15	41	6	19310	0	19372
9814	6	2	4	19345	0	19357
9815	9	3	4	19308	0	19324
9816	10	1	6	19568	0	19585
9817	15	40	20661	41	0	20757
9818	15	3	18	20437	0	20473
9819	10	6	21	21011	0	21048
9820	21214	5	6	68	0	21293
9821	21355	3	4	55	0	21417
9822	21604	4	4	24	0	21636
9823	68	3	1	21788	0	21860
9824	23660	3	7	74	0	23744
9825	25413	1	6	113	0	25533
9826	25986	1	10	46	0	26043
9827	186	54	26025	16	0	26281
9828	25294	4	107	30	0	25435
9829	26673	10	85	43	0	26811
9830	26936	5	7	32	0	26980
9831	223	5	3	26931	0	27162
9832	103	41	27273	126	0	27543
9833	24	16	113	27122	0	27275
9834	28022	6	101	168	0	28297
9835	129	6	12	28491	0	28638
9836	111	29679	35	141	0	29966
9837	27	117	11	30519	0	30674
9838	30450	95	5	183	0	30733
9839	30685	7	6	148	0	30846
9840	30489	1	9	58	0	30557
9841	264	39	31434	24	0	31761
9842	144	12	141	30974	0	31271
9843	39	6	120	32352	0	32517
9844	27	57	32600	280	0	32964
9845	15	32103	169	176	0	32463
9846	34	198	32434	34	0	32700
9847	39	123	155	32480	0	32797
9848	32588	9	133	182	0	32912
9849	180	70	33905	142	0	34297
9850	165	11	153	33827	0	34156
9851	38	66	34186	176	0	34466
9852	32939	11	179	187	0	33316
9853	179	3	133	34608	0	34923
9854	153	73	36065	181	0	36472
9855	45	10	169	36051	0	36275
9856	40	66	36865	215	0	37186
9857	49	37178	216	205	0	37648
9858	59	175	133	37320	0	37687
9859	37866	124	33	244	0	38267
9860	221	30	25	38146	0	38422
9861	189	14	31	37771	0	38005
9862	37604	6	18	343	0	37971
9863	205	36202	57	196	0	36660
9864	168	36987	70	77	0	37302
9865	66	293	26	36951	0	37336
9866	34	37293	74	205	0	37606
9867	65	185	22	37483	0	37755
9868	59	138	28	37507	0	37732
9869	37336	37	14	384	0	37771
9870	203	37545	71	240	0	38059
9871	197	235	37476	79	0	37987
9872	67	38631	221	59	0	38978
9873	38208	195	166	79	0	38648
9874	39092	147	42	93	0	39374
9875	372	33	37	38820	0	39262
9876	39606	24	30	278	0	39938
9877	253	20	37	39554	0	39864
9878	39548	21	42	291	0	39902
9879	39937	21	45	256	0	40259
9880	411	25	40	41531	0	42007
9881	42170	11	43	345	0	42569
9882	280	93	42326	215	0	42914
9883	41535	18	250	123	0	41926
9884	302	21	185	42733	0	43241
9885	43199	22	65	302	0	43588
9886	295	43949	98	209	0	44551
9887	249	212	40	44166	0	44667
9888	113	171	52	44472	0	44808
9889	43822	33	50	470	0	44375
9890	282	126	44513	242	0	45163
9891	230	44291	274	119	0	44914
9892	123	220	194	44477	0	45014
9893	84	45079	109	290	0	45562
9894	104	270	47	45442	0	45863
9895	111	182	47	45035	0	45375
9896	98	63	39	45656	0	45856
9897	45043	62	44	484	0	45633
9898	288	54	37	44398	0	44777
9899	44693	48	35	372	0	45148
9900	44363	41	43	326	0	44773
9901	446	42	39	44592	0	45119
9902	44553	32	54	336	0	44975
9903	43995	46	56	300	0	44397
9904	426	109	44381	127	0	45043
9905	265	57	263	43436	0	44021
9906	44622	53	202	349	0	45226
9907	275	44542	129	261	0	45207
9908	45212	236	48	188	0	45684
9909	45108	177	45	164	0	45494
9910	477	123	44408	100	0	45108
9911	276	38	265	42633	0	43212
9912	46766	39	214	443	0	47462
9913	362	37	53	48157	0	48609
9914	318	46	50	50092	0	50506
9915	129	48	43	50803	0	51023
9916	125	43	45	53642	0	53855
9917	53110	33	38	790	0	53971
9918	548	128	55108	417	0	56201
9919	458	110	518	56514	0	57600
9920	147	152	61009	617	0	61925
9921	111	161	62671	534	0	63477
9922	60074	49	1348	226	0	61697
9923	953	130	65994	154	0	67231
9924	676	64014	978	147	0	65815
9925	64494	806	837	193	0	66330
9926	65190	649	160	130	0	66129
9927	1506	102	75	63628	0	65311
9928	798	140	65231	811	0	66980
9929	185	143	65261	693	0	66282
9930	65649	49	1509	217	0	67424
9931	982	76	771	67928	0	69757
9932	68611	34	159	934	0	69738
9933	987	69986	171	802	0	71946
9934	70658	871	72	236	0	71837
9935	69984	717	85	156	0	70942
9936	1630	69334	154	120	0	71238
9937	928	889	82	69412	0	71311
9938	69008	743	74	1001	0	70826
9939	1009	215	69724	824	0	71772
9940	846	70231	1055	206	0	72338
9941	323	927	824	69564	0	71638
9942	70025	752	201	991	0	71969
9943	999	70685	213	851	0	72748
9944	71851	949	108	255	0	73163
9945	1147	954	71049	145	0	73295
9946	69634	169	1023	177	0	71003
9947	1193	235	72084	127	0	73639
9948	70033	97	1109	190	0	71429
9949	69832	78	894	199	0	71003
9950	1863	175	69874	182	0	72094
9951	1032	70318	1100	188	0	72638
9952	414	1000	866	68811	0	71091
9953	301	937	70907	1067	0	73212
9954	267	69635	1157	941	0	72000
9955	339	1016	919	68499	0	70773
9956	354	838	289	70228	0	71709
9957	289	319	69142	1825	0	71575
9958	343	147	1166	67689	0	69345
9959	366	141	1013	69428	0	70948
9960	302	252	68802	1895	0	71251
9961	372	180	1204	66429	0	68185
9962	299	68413	1156	1198	0	71066
9963	68939	1054	442	1013	0	71448
9964	1290	934	398	67744	0	70366
9965	1165	69353	525	1161	0	72204
9966	636	1115	410	65229	0	67390
9967	526	71151	527	1177	0	73381
9968	649	1301	70479	966	0	73395
9969	514	71550	1407	484	0	73955
9970	70589	1252	1106	392	0	73339
9971	70987	977	488	397	0	72849
9972	72231	367	419	414	0	73431
9973	2234	410	72456	405	0	75505
9974	1406	396	71987	373	0	74162
9975	654	73953	2261	415	0	77283
9976	738	1361	1272	68997	0	72368
9977	631	75967	588	1263	0	78449
9978	861	1532	425	65592	0	68410
9979	630	75993	508	1211	0	78342
9980	75680	1518	395	1077	0	78670
9981	80533	1258	419	527	0	82737
9982	2738	524	382	82346	0	85990
9983	1751	479	82026	1754	0	86010
9984	79193	434	1729	1490	0	82846
9985	1920	82857	1622	651	0	87050
9986	1767	1695	597	81214	0	85273
9987	965	1491	535	78521	0	81512
9988	813	82902	569	2524	0	86808
9989	83034	1784	515	1570	0	86903
9990	2125	1626	82629	534	0	86914
9991	1870	639	1830	82164	0	86503
9992	82711	476	1578	1795	0	86560
9993	82254	498	711	1571	0	85034
9994	3045	82394	683	715	0	86837
9995	1911	1791	587	78943	0	83232
9996	771	84045	630	1842	0	87288
9997	84319	1922	565	1620	0	88426
9998	1966	1693	84395	758	0	88812
9999	1706	855	84584	634	0	87779
10000	845	546	2868	82488	0	86747
10001	725	528	1748	81511	0	84512
10002	611	83693	911	2930	0	88145
10003	661	1852	595	84546	0	87654
10004	591	1688	83289	2176	0	87744
10005	81062	668	1899	1837	0	85466
10006	1921	651	1535	83930	0	88037
10007	1579	737	83221	2100	0	87637
10008	786	591	1868	83547	0	86792
10009	656	589	1620	81239	0	84104
10010	519	83118	830	3058	0	87525
10011	650	1898	533	83429	0	86510
10012	626	1590	526	81324	0	84066
10013	667	727	493	81331	0	83218
10014	75638	503	465	3035	0	79641
10015	1796	74903	598	1811	0	79108
10016	1527	73936	490	799	0	76752
10017	70753	2327	434	590	0	74104
10018	67378	1316	420	533	0	69647
10019	2206	65802	478	468	0	68954
10020	1091	62459	334	384	0	64268
10021	56920	1611	260	253	0	59044
10022	1035	57474	204	302	0	59015
10023	807	57141	248	289	0	58485
10024	55809	1603	432	309	0	58153
10025	1024	56463	221	294	0	58002
10026	55966	1099	189	310	0	57564
10027	55465	853	238	296	0	56852
10028	55409	371	203	296	0	56279
10029	1678	54864	252	290	0	57084
10030	979	54814	213	357	0	56363
10031	497	1577	116	52316	0	54506
10032	357	54267	211	982	0	55817
10033	405	1151	132	54599	0	56287
10034	54574	888	197	1166	0	56825
10035	1050	410	179	54015	0	55654
10036	940	53438	271	1196	0	55845
10037	52689	1007	168	946	0	54810
10038	1066	53001	218	483	0	54768
10039	897	54027	190	421	0	55535
10040	568	1948	142	50434	0	53092
10041	344	52989	225	946	0	54504
10042	51981	1138	253	791	0	54163
10043	1006	963	51275	418	0	53662
10044	835	50846	965	420	0	53066
10045	465	993	760	50988	0	53206
10046	362	956	50962	1070	0	53350
10047	352	452	899	50165	0	51868
10048	349	362	778	51138	0	52627
10049	377	365	299	51853	0	52894
10050	353	335	242	51377	0	52307
10051	340	374	49957	1782	0	52453
10052	302	49476	1003	1227	0	52008
10053	48938	966	805	689	0	51398
10054	953	969	48468	563	0	50953
10055	48003	448	865	573	0	49889
10056	1095	431	49396	505	0	51427
10057	966	386	1012	48831	0	51195
10058	576	405	49257	1090	0	51328
10059	412	427	49981	940	0	51760
10060	404	400	1537	49173	0	51514
10061	441	355	914	48685	0	50395
10062	413	394	365	50996	0	52168
10063	373	419	277	50817	0	51886
10064	49530	384	249	1819	0	51982
10065	1057	429	49813	1201	0	52500
10066	49678	368	859	708	0	51613
10067	50077	396	730	544	0	51747
10068	50368	384	274	497	0	51523
10069	50177	432	185	434	0	51228
10070	50429	379	181	381	0	51370
10071	2022	337	151	48545	0	51055
10072	1246	407	46768	996	0	49417
10073	655	395	45168	827	0	47045
10074	498	45744	1288	449	0	47979
10075	43460	992	908	357	0	45717
10076	954	935	341	42449	0	44679
10077	785	772	195	41230	0	42982
10078	417	41905	208	1264	0	43794
10079	351	41522	188	861	0	42922
10080	368	40837	173	383	0	41761
10081	34565	1190	220	376	0	36351
10082	498	808	124	31055	0	32485
10083	336	30974	119	431	0	31860
10084	175	413	62	31061	0	31711
10085	145	365	30938	444	0	31892
10086	152	190	32318	358	0	33018
10087	206	138	577	34497	0	35418
10088	35915	134	338	522	0	36909
10089	37657	152	95	411	0	38315
10090	37783	122	73	191	0	38169
10091	957	183	37749	169	0	39058
10092	557	154	508	37269	0	38488
10093	228	162	430	38759	0	39579
10094	192	201	37902	885	0	39180
10095	34668	147	524	624	0	35963
10096	611	174	38352	271	0	39408
10097	436	140	37397	193	0	38166
10098	184	138	38136	158	0	38616
10099	142	97	872	36358	0	37469
10100	133	79	514	37439	0	38165
10101	126	121	38271	876	0	39394
10102	136	93	516	38409	0	39154
10103	38797	50	476	658	0	39981
10104	503	68	216	39823	0	40610
10105	468	97	40068	675	0	41308
10106	170	84	41679	593	0	42526
10107	170	88	921	40611	0	41790
10108	42731	56	567	638	0	43992
10109	667	44736	278	529	0	46210
10110	46046	576	188	282	0	47092
10111	46372	501	200	226	0	47299
10112	1211	174	47361	237	0	48983
10113	749	55	745	46956	0	48505
10114	47743	45	683	845	0	49316
10115	46900	53	298	760	0	48011
10116	1228	47656	285	301	0	49470
10117	760	575	257	47708	0	49300
10118	301	527	227	48985	0	50040
10119	216	173	48208	1285	0	49882
10120	281	53	760	47855	0	48949
10121	257	111	48528	895	0	49791
10122	283	108	47850	737	0	48978
10123	302	71	1202	46741	0	48316
10124	46729	28	743	780	0	48280
10125	772	45835	349	777	0	47733
10126	45952	587	271	326	0	47136
10127	45582	541	221	275	0	46619
10128	1215	45521	268	251	0	47255
10129	763	613	203	43285	0	44864
10130	43531	550	165	678	0	44924
10131	812	43693	219	580	0	45304
10132	43152	573	181	285	0	44191
10133	774	42558	206	214	0	43752
10134	655	535	182	41046	0	42418
10135	333	473	157	41976	0	42939
10136	41227	148	152	1004	0	42531
10137	40465	142	147	638	0	41392
10138	1008	41315	226	380	0	42929
10139	585	537	40638	326	0	42086
10140	265	465	40616	333	0	41679
10141	259	165	1030	38513	0	39967
10142	215	40775	723	672	0	42385
10143	253	520	349	41480	0	42602
10144	259	443	295	41378	0	42375
10145	284	163	249	41832	0	42528
10146	264	192	40919	1076	0	42451
10147	302	198	40705	690	0	41895
10148	297	41517	1024	357	0	43195
10149	336	587	606	41085	0	42614
10150	333	526	247	42568	0	43674
10151	313	276	41958	1058	0	43605
10152	34568	380	730	873	0	36551
10153	759	201	590	42319	0	43869
10154	654	246	42384	768	0	44052
10155	39085	182	645	832	0	40744
10156	775	42352	649	425	0	44201
10157	739	648	43292	365	0	45044
10158	461	553	712	42934	0	44660
10159	42596	242	670	809	0	44317
10160	758	241	43720	731	0	45450
10161	661	189	792	43460	0	45102
10162	373	180	662	44541	0	45756
10163	316	186	335	47051	0	47888
10164	47004	175	294	1330	0	48803
10165	762	46101	338	952	0	48153
10166	695	678	284	46503	0	48160
10167	296	663	47192	952	0	49103
10168	310	268	834	45573	0	46985
10169	277	46345	762	927	0	48311
10170	277	48184	387	830	0	49678
10171	47556	1104	277	521	0	49458
10172	47889	641	305	432	0	49267
10173	1289	314	47570	412	0	49585
10174	46260	241	775	384	0	47660
10175	950	47392	719	342	0	49403
10176	47967	798	295	370	0	49430
10177	988	665	251	47530	0	49434
10178	858	372	48489	885	0	50604
10179	520	272	800	48356	0	49948
10180	425	297	48922	982	0	50626
10181	47100	219	897	854	0	49070
10182	845	225	709	48686	0	50465
10183	734	50174	328	1038	0	52274
10184	462	865	242	50686	0	52255
10185	364	756	50166	1052	0	52338
10186	273	48873	856	953	0	50955
10187	45366	703	661	504	0	47234
10188	633	44877	345	348	0	46203
10189	480	43865	241	294	0	44880
10190	314	974	211	41844	0	43343
10191	186	43464	188	588	0	44426
10192	260	643	166	43546	0	44615
10193	228	562	43050	629	0	44469
10194	38846	251	563	574	0	40234
10195	41876	176	455	280	0	42787
10196	972	236	41790	221	0	43219
10197	39643	141	532	245	0	40561
10198	600	41052	489	204	0	42345
10199	41389	529	194	234	0	42346
10200	653	467	163	40638	0	41921
10201	503	215	40938	632	0	42288
10202	214	41511	569	519	0	42813
10203	246	553	485	40776	0	42060
10204	203	428	164	41065	0	41860
10205	39429	150	124	865	0	40568
10206	37672	125	142	515	0	38454
10207	754	37712	172	208	0	38846
10208	340	35615	116	149	0	36220
10209	94	34565	82	108	0	34849
10210	263	563	155	33071	0	34052
10211	32667	219	151	327	0	33364
10212	32012	62	47	241	0	32362
10213	435	57	49	31792	0	32333
10214	263	44	35	31825	0	32167
10215	31502	61	34	434	0	32031
10216	295	70	37	32021	0	32423
10217	212	111	31856	308	0	32487
10218	30936	67	248	252	0	31503
10219	31922	55	172	137	0	32286
10220	460	114	32373	78	0	33025
10221	32537	71	250	113	0	32971
10222	323	65	181	33412	0	33981
10223	240	83	66	33509	0	33898
10224	106	52	62	33907	0	34127
10225	32840	77	62	499	0	33478
10226	297	34129	106	261	0	34793
10227	270	299	61	33913	0	34543
10228	118	33665	101	332	0	34216
10229	33588	299	79	249	0	34215
10230	347	209	70	33924	0	34550
10231	279	87	52	34508	0	34926
10232	143	34394	62	527	0	35126
10233	121	384	33941	299	0	34745
10234	143	231	316	34293	0	34983
10235	34367	102	217	398	0	35084
10236	37641	78	105	317	0	38141
10237	731	144	39269	155	0	40299
10238	441	81	541	39182	0	40245
10239	158	41001	407	571	0	42137
10240	131	586	101	41747	0	42565
10241	41413	411	86	691	0	42601
10242	41717	137	71	505	0	42430
10243	1021	96	73	40776	0	41966
10244	502	40894	100	629	0	42125
10245	43134	608	59	516	0	44317
10246	686	454	56	44142	0	45338
10247	44236	158	54	747	0	45195
10248	46123	105	51	604	0	46883
10249	1115	103	51	46072	0	47341
10250	603	70	61	46325	0	47059
10251	228	89	55	47078	0	47450
10252	154	46772	126	1261	0	48313
10253	193	687	54	47730	0	48664
10254	199	473	60	47608	0	48340
10255	206	181	46012	1151	0	47550
10256	153	156	45380	644	0	46333
10257	176	92	1038	44915	0	46221
10258	44413	86	505	827	0	45831
10259	661	44898	176	640	0	46375
10260	43815	664	96	255	0	44830
10261	806	523	43897	232	0	45458
10262	546	170	42534	238	0	43488
10263	182	42395	1032	177	0	43786
10264	302	642	596	41456	0	42996
10265	128	459	41655	631	0	42873
10266	123	187	42763	465	0	43538
10267	150	139	880	41811	0	42980
10268	41909	44	428	686	0	43067
10269	42138	41	102	510	0	42791
10270	929	56	71	41686	0	42742
10271	491	149	44191	653	0	45484
10272	161	68	550	44779	0	45558
10273	161	58	407	43732	0	44358
10274	93	45023	174	886	0	46176
10275	44797	527	107	552	0	45983
10276	44734	381	90	248	0	45453
10277	919	45514	142	214	0	46789
10278	523	612	75	42268	0	43478
10279	170	44817	146	585	0	45718
10280	44457	570	96	489	0	45612
10281	651	516	43958	160	0	45285
10282	449	233	42765	136	0	43583
10283	164	171	42704	156	0	43195
10284	153	112	912	41671	0	42848
10285	148	67	451	42196	0	42862
10286	41764	75	131	917	0	42887
10287	592	73	87	42051	0	42803
10288	498	65	82	42756	0	43401
10289	185	151	44421	942	0	45699
10290	136	172	43679	552	0	44539
10291	42182	73	860	297	0	43412
10292	555	44111	525	221	0	45412
10293	44870	520	145	247	0	45782
10294	645	385	122	44564	0	45716
10295	501	121	124	44295	0	45041
10296	190	44263	179	913	0	45545
10297	182	560	101	44730	0	45573
10298	44042	408	101	724	0	45275
10299	626	141	127	44483	0	45377
10300	489	195	44545	698	0	45927
10301	223	43797	632	570	0	45222
10302	43410	522	452	294	0	44678
10303	44074	415	169	306	0	44964
10304	44289	140	126	321	0	44876
10305	44562	122	122	291	0	45097
10306	1021	126	116	43988	0	45251
10307	590	119	122	44608	0	45439
10308	279	207	44412	1035	0	45933
10309	276	113	584	44529	0	45502
10310	238	197	44580	775	0	45790
10311	227	110	598	44488	0	45423
10312	43979	111	436	815	0	45341
10313	622	45666	230	660	0	47178
10314	556	554	126	46590	0	47826
10315	238	407	156	47590	0	48391
10316	46402	153	170	1081	0	47806
10317	45618	135	157	684	0	46594
10318	947	197	45980	361	0	47485
10319	519	46235	692	291	0	47737
10320	277	568	475	45604	0	46924
10321	240	445	218	46295	0	47198
10322	45521	154	204	1027	0	46906
10323	45309	127	220	594	0	46250
10324	985	193	46013	304	0	47495
10325	560	219	46255	276	0	47310
10326	278	122	968	44702	0	46070
10327	240	96	542	46087	0	46965
10328	216	187	45763	1018	0	47184
10329	43652	99	679	636	0	45066
10330	684	88	488	45940	0	47200
10331	45407	82	203	726	0	46418
10332	644	44946	234	639	0	46463
10333	46012	515	176	376	0	47079
10334	728	523	49541	311	0	51103
10335	551	48975	677	308	0	50511
10336	173	46864	468	170	0	47675
10337	44350	573	569	188	0	45680
10338	43389	270	100	160	0	43919
10339	567	81	52	42960	0	43660
10340	284	43310	109	319	0	44022
10341	89	44367	130	301	0	44887
10342	110	521	48	44675	0	45354
10343	45051	271	64	401	0	45787
10344	45711	66	43	402	0	46222
10345	559	158	43879	82	0	44678
10346	41954	35	261	153	0	42403
10347	307	46316	317	87	0	47027
10348	47425	387	36	116	0	47964
10349	491	57377	141	96	0	58105
10350	397	61734	127	95	0	62353
10351	303	1689	83	65379	0	67454
10352	70234	796	115	1313	0	72458
10353	71989	182	35	903	0	73109
10354	2282	226	70486	267	0	73261
10355	1229	71	1339	70576	0	73215
10356	71626	48	946	1483	0	74103
10357	1563	52	239	72658	0	74512
10358	73157	37	91	1690	0	74975
10359	73349	39	83	1103	0	74574
10360	2417	187	72687	358	0	75649
10361	1334	57	1403	71407	0	74201
10362	464	53	941	73356	0	74814
10363	266	41	257	74263	0	74827
10364	204	208	71301	2571	0	74284
10365	200	67	1444	71439	0	73150
10366	183	71	956	68350	0	69560
10367	118	69748	353	2435	0	72654
10368	233	1513	69187	1214	0	72147
10369	109	70860	1537	523	0	73029
10370	70073	1652	965	270	0	72960
10371	1578	1056	257	66932	0	69823
10372	1137	346	136	64860	0	66479
10373	366	66962	229	2279	0	69836
10374	66292	1508	101	1219	0	69120
10375	66759	998	88	486	0	68331
10376	2401	66502	244	339	0	69486
10377	1301	68012	209	314	0	69836
10378	66974	2358	116	261	0	69709
10379	1674	1360	66428	240	0	69702
10380	1185	527	66765	275	0	68752
10381	64014	268	2370	293	0	66945
10382	1588	66197	1314	239	0	69338
10383	66750	1511	408	312	0	68981
10384	1820	1156	65856	285	0	69117
10385	65614	400	1506	364	0	67884
10386	1808	67411	1144	314	0	70677
10387	1344	1537	356	67804	0	71041
10388	723	1059	223	68702	0	70707
10389	500	371	226	66222	0	67319
10390	483	222	202	67318	0	68225
10391	441	227	196	64771	0	65635
10392	375	64762	322	2922	0	68381
10393	65003	1511	198	1567	0	68279
10394	1759	1198	64827	696	0	68480
10395	1332	421	1539	65324	0	68616
10396	609	400	65966	1870	0	68845
10397	468	287	1812	65746	0	68313
10398	456	265	1231	66633	0	68585
10399	64851	251	503	2786	0	68391
10400	1750	351	64478	1637	0	68216
10401	1284	64105	1783	783	0	67955
10402	645	1649	1180	64097	0	67571
10403	530	1192	464	65928	0	68114
10404	515	668	64812	2627	0	68622
10405	465	395	1643	65167	0	67670
10406	487	402	1096	66349	0	68334
10407	63436	342	407	2820	0	67005
10408	1622	64318	441	1648	0	68029
10409	65000	1676	271	821	0	67768
10410	65604	1250	242	613	0	67709
10411	2829	583	220	63938	0	67570
10412	1621	486	63681	1799	0	67587
10413	812	522	63884	1310	0	66528
10414	641	353	2544	61889	0	65427
10415	661	353	1443	60424	0	62881
10416	500	62103	720	2591	0	65914
10417	62024	1600	482	1526	0	65632
10418	1765	61795	560	813	0	64933
10419	1405	62874	469	698	0	65446
10420	61942	2526	336	717	0	65521
10421	1921	1441	337	60550	0	64249
10422	1442	62948	436	1929	0	66755
10423	825	1688	331	64032	0	66876
10424	467	1328	62372	2275	0	66442
10425	457	602	62869	1670	0	65598
10426	507	382	2494	62496	0	65879
10427	409	404	63538	2134	0	66485
10428	491	314	1968	62834	0	65607
10429	456	288	1382	63316	0	65442
10430	443	341	668	64670	0	66122
10431	61316	283	468	3094	0	65161
10432	1592	60274	559	1932	0	64357
10433	1175	61578	524	947	0	64224
10434	57287	2325	353	728	0	60693
10435	58218	1280	294	732	0	60524
10436	2522	612	276	56700	0	60110
10437	1395	600	56777	1809	0	60581
10438	732	405	1509	57469	0	60115
10439	529	445	57339	2091	0	60404
10440	430	56470	1855	1487	0	60242
10441	568	1535	1123	56474	0	59700
10442	56103	1068	533	1792	0	59496
10443	1724	549	392	56490	0	59155
10444	1225	420	54322	1842	0	57809
10445	52169	353	1624	1279	0	55425
10446	1766	374	54639	735	0	57514
10447	1295	334	51883	571	0	54083
10448	492	49117	2033	534	0	52176
10449	240	38696	787	254	0	39977
10450	298	35636	552	248	0	36734
10451	27401	960	1160	638	0	30159
10452	24639	103	180	121	0	25043
10453	165	31	14	24837	0	25047
10454	86	17	20	25165	0	25288
10455	54	22	17	25513	0	25606
10456	25	25582	49	186	0	25842
10457	25561	88	17	114	0	25780
10458	84	25689	60	43	0	25876
10459	85	82	23	25782	0	25972
10460	25493	75	28	139	0	25735
10461	98	31	22	25745	0	25896
10462	94	19	15	26300	0	26428
10463	26315	17	17	214	0	26563
10464	26065	22	18	154	0	26259
10465	178	74	26317	41	0	26610
10466	108	74	26146	38	0	26366
10467	39	76	27014	48	0	27177
10468	55	38	190	26741	0	27024
10469	36	19	117	27392	0	27564
10470	26	27642	61	228	0	27957
10471	28482	109	25	169	0	28785
10472	129	115	33	28948	0	29225
10473	145	30	18	29516	0	29709
10474	35	29873	49	283	0	30240
10475	27	31694	56	184	0	31961
10476	71	271	18	32344	0	32704
10477	41	153	22	35814	0	36030
10478	36112	39	19	503	0	36673
10479	36252	33	27	308	0	36620
10480	538	27	37	36275	0	36877
10481	286	93	36424	339	0	37142
10482	75	117	35680	303	0	36175
10483	81	22	528	36060	0	36691
10484	68	32	260	35760	0	36120
10485	50	35844	96	568	0	36558
10486	34903	296	49	333	0	35581
10487	329	245	34	34956	0	35564
10488	273	121	35128	366	0	35888
10489	72	48	309	35654	0	36083
10490	57	90	35755	399	0	36301
10491	70	101	36126	304	0	36601
10492	77	126	556	36137	0	36896
10493	36147	49	300	407	0	36903
10494	325	102	36109	304	0	36840
10495	268	26	330	35655	0	36279
10496	79	121	38655	391	0	39246
10497	70	33	330	38630	0	39063
10498	71	51	266	38956	0	39344
10499	78	86	38726	602	0	39492
10500	72	86	38375	342	0	38875
10501	75	49	610	36173	0	36907
10502	69	29	289	39104	0	39491
10503	75	29	94	39310	0	39508
10504	56	25	73	39075	0	39229
10505	38379	23	64	655	0	39121
10506	38615	31	64	376	0	39086
10507	554	38521	118	149	0	39342
10508	38983	316	66	183	0	39548
10509	386	257	68	39050	0	39761
10510	39414	45	87	470	0	40016
10511	400	102	39490	354	0	40346
10512	39899	31	390	190	0	40510
10513	414	34	317	40830	0	41595
10514	379	45	100	42265	0	42789
10515	42107	23	89	786	0	43005
10516	461	41	78	45075	0	45655
10517	349	118	46149	648	0	47264
10518	44922	38	568	576	0	46104
10519	595	47205	541	205	0	48546
10520	517	525	87	48736	0	49865
10521	112	547	51683	710	0	53052
10522	130	77	689	51540	0	52436
10523	118	151	52318	853	0	53440
10524	133	74	755	52229	0	53191
10525	102	52889	665	863	0	54519
10526	160	722	129	53011	0	54022
10527	104	55536	181	946	0	56767
10528	199	876	130	52945	0	54150
10529	167	643	106	57900	0	58816
10530	185	99	117	58705	0	59106
10531	179	52	118	58766	0	59115
10532	197	74	126	59015	0	59412
10533	143	166	57247	1693	0	59249
10534	146	59	915	57712	0	58832
10535	146	61	779	58165	0	59151
10536	57527	64	230	1691	0	59512
10537	876	57352	239	1140	0	59607
10538	58213	873	146	388	0	59620
10539	1005	748	124	57917	0	59794
10540	825	230	57948	1109	0	60112
10541	151	57871	1073	1044	0	60139
10542	56835	881	841	427	0	58984
10543	911	57897	303	363	0	59474
10544	763	58784	276	316	0	60139
10545	57944	1570	152	366	0	60032
10546	992	817	153	60417	0	62379
10547	60704	161	142	1268	0	62275
10548	1131	114	148	59928	0	61321
10549	891	158	59728	1312	0	62089
10550	220	166	59421	1100	0	60907
10551	56918	84	1792	511	0	59305
10552	59866	90	958	417	0	61331
10553	1836	92	241	58466	0	60635
10554	1017	110	169	59245	0	60541
10555	56770	135	160	2033	0	59098
10556	1064	57081	231	1192	0	59568
10557	897	58460	243	484	0	60084
10558	57449	1727	172	400	0	59748
10559	57761	909	158	382	0	59210
10560	1829	57584	239	381	0	60033
10561	1059	1079	188	57378	0	59704
10562	328	958	57056	1244	0	59586
10563	287	320	57100	1018	0	58725
10564	54656	202	1799	425	0	57082
10565	1219	260	57272	393	0	59144
10566	1048	162	1097	55209	0	57516
10567	364	146	873	54371	0	55754
10568	251	55336	346	1903	0	57836
10569	54941	1058	225	1089	0	57313
10570	1240	872	201	54881	0	57194
10571	979	323	53864	1203	0	56369
10572	335	53617	1100	1130	0	56182
10573	335	1126	812	52953	0	55226
10574	253	892	52696	1220	0	55061
10575	305	327	51543	1023	0	53198
10576	240	50331	1708	418	0	52697
10577	46199	870	849	284	0	48202
10578	860	47249	293	285	0	48687
10579	46947	901	177	298	0	48323
10580	956	790	46125	312	0	48183
10581	44832	214	869	332	0	46247
10582	931	46073	811	319	0	48134
10583	813	831	252	45747	0	47643
10584	288	730	192	47393	0	48603
10585	46734	230	180	1491	0	48635
10586	944	267	46698	896	0	48805
10587	46437	181	868	397	0	47883
10588	46970	165	728	336	0	48199
10589	1499	221	45719	293	0	47732
10590	819	273	46496	304	0	47892
10591	339	221	1443	44966	0	46969
10592	45599	164	803	1058	0	47624
10593	45980	197	246	875	0	47298
10594	1456	46266	307	360	0	48389
10595	918	900	168	46701	0	48687
10596	397	749	183	45218	0	46547
10597	321	239	195	46128	0	46883
10598	332	189	189	46548	0	47258
10599	45237	185	215	1616	0	47253
10600	1038	182	206	45986	0	47412
10601	892	256	45264	1016	0	47428
10602	342	266	45087	849	0	46544
10603	42696	217	1504	378	0	44795
10604	1037	44562	917	303	0	46819
10605	923	45805	321	273	0	47322
10606	430	1516	236	45665	0	47847
10607	378	812	224	46550	0	47964
10608	354	216	234	46633	0	47437
10609	342	198	228	47026	0	47794
10610	304	271	45393	1653	0	47621
10611	387	172	894	44928	0	46381
10612	391	177	756	44363	0	45687
10613	299	219	42647	1479	0	44644
10614	38975	121	918	919	0	40933
10615	896	41383	829	405	0	43513
10616	38738	677	272	289	0	39976
10617	778	558	37718	252	0	39306
10618	659	194	37016	227	0	38096
10619	241	36371	1099	228	0	37939
10620	33758	1047	1703	390	0	36898
10621	31912	464	257	238	0	32871
10622	31782	116	106	195	0	32199
10623	835	30916	181	177	0	32109
10624	30046	402	110	158	0	30716
10625	487	392	29920	164	0	30963
10626	369	29693	440	162	0	30664
10627	28452	350	377	139	0	29318
10628	394	28933	152	124	0	29603
10629	27777	320	88	120	0	28305
10630	27156	263	77	124	0	27620
10631	561	96	27838	96	0	28591
10632	278	27852	397	97	0	28624
10633	27193	304	277	124	0	27898
10634	348	314	27288	100	0	28050
10635	293	27319	346	95	0	28053
10636	158	369	273	26566	0	27366
10637	114	254	26460	292	0	27120
10638	76	107	25985	234	0	26402
10639	113	127	425	25732	0	26397
10640	25412	53	229	297	0	25991
10641	267	25620	100	271	0	26258
10642	219	275	25368	80	0	25942
10643	108	201	25073	72	0	25454
10644	23223	70	407	79	0	23779
10645	257	25003	233	67	0	25560
10646	22624	126	94	47	0	22891
10647	141	22733	48	29	0	22951
10648	23201	143	80	35	0	23459
10649	22728	114	29	41	0	22912
10650	252	22594	56	31	0	22933
10651	152	155	27	22821	0	23155
10652	24231	129	31	187	0	24578
10653	188	46	28	24819	0	25081
10654	172	28	37	26004	0	26241
10655	25740	35	40	365	0	26180
10656	202	25833	60	210	0	26305
10657	26231	200	41	78	0	26550
10658	235	214	26118	46	0	26613
10659	201	43	212	26125	0	26581
10660	73	34	182	26191	0	26480
10661	26010	28	51	375	0	26464
10662	26045	45	34	217	0	26341
10663	394	32	39	26043	0	26508
10664	215	64	26488	216	0	26983
10665	93	35	212	26441	0	26781
10666	67	37	185	26750	0	27039
10667	91	31	40	26937	0	27099
10668	93	45	28	27010	0	27176
10669	26400	41	32	400	0	26873
10670	250	63	26569	231	0	27113
10671	227	26772	248	92	0	27339
10672	93	211	187	26666	0	27157
10673	96	191	36	27681	0	28004
10674	64	107	27653	441	0	28265
10675	94	90	27445	277	0	27906
10676	93	39	408	27892	0	28432
10677	82	45	239	28203	0	28569
10678	75	77	27727	537	0	28416
10679	96	42	275	27791	0	28204
10680	28033	38	253	354	0	28678
10681	322	28939	113	309	0	29683
10682	271	297	28664	123	0	29355
10683	94	28906	309	100	0	29409
10684	109	323	242	28857	0	29531
10685	98	273	29062	346	0	29779
10686	86	28993	340	313	0	29732
10687	79	281	270	29092	0	29722
10688	88	286	29737	347	0	30458
10689	94	84	304	29575	0	30057
10690	104	49	263	29886	0	30302
10691	29759	47	84	588	0	30478
10692	355	51	72	29856	0	30334
10693	30056	61	62	391	0	30570
10694	29042	43	80	352	0	29517
10695	29125	55	83	177	0	29440
10696	605	58	62	28789	0	29514
10697	318	61	28392	382	0	29153
10698	110	84	28040	307	0	28541
10699	27700	30	529	163	0	28422
10700	335	74	29003	121	0	29533
10701	27728	39	342	129	0	28238
10702	314	28589	335	133	0	29371
10703	28951	273	106	135	0	29465
10704	352	293	29278	124	0	30047
10705	301	111	30093	103	0	30608
10706	113	38	558	30521	0	31230
10707	86	95	32037	417	0	32635
10708	79	95	32609	393	0	33176
10709	99	52	693	33314	0	34158
10710	91	64	387	34972	0	35514
10711	82	42	112	35766	0	36002
10712	75	36161	146	917	0	37299
10713	137	469	73	34731	0	35410
10714	68	37169	146	559	0	37942
10715	36994	518	91	510	0	38113
10716	37796	425	72	239	0	38532
10717	925	103	112	36398	0	37538
10718	540	36587	154	577	0	37858
10719	151	530	37348	547	0	38576
10720	37204	432	569	219	0	38424
10721	620	90	529	37616	0	38855
10722	581	66	160	37943	0	38750
10723	219	68	89	38554	0	38930
10724	37051	65	152	1118	0	38386
10725	580	36396	156	658	0	37790
10726	523	37172	149	251	0	38095
10727	35869	912	128	175	0	37084
10728	570	36656	148	181	0	37555
10729	36721	597	127	182	0	37627
10730	36352	495	119	196	0	37162
10731	1010	36114	158	179	0	37461
10732	603	574	134	34942	0	36253
10733	156	36327	166	657	0	37306
10734	152	613	122	36113	0	37000
10735	176	513	101	37185	0	37975
10736	36929	161	130	1152	0	38372
10737	37877	98	131	731	0	38837
10738	1169	104	102	37686	0	39061
10739	677	133	37011	770	0	38591
10740	35672	108	671	721	0	37172
10741	654	36768	639	328	0	38389
10742	674	642	175	36819	0	38310
10743	281	562	130	37354	0	38327
10744	224	213	135	37908	0	38480
10745	36092	147	110	1357	0	37706
10746	35982	175	123	806	0	37086
10747	1155	35006	173	349	0	36683
10748	691	35451	183	261	0	36586
10749	339	1087	113	35050	0	36589
10750	309	685	97	35557	0	36648
10751	271	248	35073	1168	0	36760
10752	251	200	588	34115	0	35154
10753	198	207	33455	813	0	34673
10754	216	154	31853	647	0	32870
10755	178	31700	974	400	0	33252
10756	330	598	621	31554	0	33103
10757	31842	516	174	774	0	33306
10758	698	223	92	32007	0	33020
10759	666	192	31387	744	0	32989
10760	30777	226	540	615	0	32158
10761	31391	217	493	303	0	32404
10762	1134	220	30881	240	0	32475
10763	738	212	533	31632	0	33115
10764	31338	129	480	746	0	32693
10765	735	31728	202	673	0	33338
10766	32452	627	126	372	0	33577
10767	32933	536	119	349	0	33937
10768	1145	246	128	32484	0	34003
10769	731	162	105	33412	0	34410
10770	32928	176	96	1244	0	34444
10771	791	148	135	33430	0	34504
10772	705	188	32749	878	0	34520
10773	31292	150	596	747	0	32785
10774	31912	140	535	368	0	32955
10775	1101	31380	192	299	0	32972
10776	606	31927	144	307	0	32984
10777	288	1068	119	30495	0	31970
10778	243	31953	138	714	0	33048
10779	269	792	114	31901	0	33076
10780	31317	518	123	774	0	32732
10781	30507	205	117	656	0	31485
10782	997	30165	177	298	0	31637
10783	29998	607	148	279	0	31032
10784	701	30097	166	286	0	31250
10785	29961	598	149	295	0	31003
10786	29960	497	171	305	0	30933
10787	1052	221	29206	284	0	30763
10788	28621	142	571	260	0	29594
10789	725	28387	551	235	0	29898
10790	614	29081	202	294	0	30191
10791	29199	881	122	260	0	30462
10792	807	523	102	29134	0	30566
10793	651	251	29140	668	0	30710
10794	396	150	556	29423	0	30525
10795	345	168	443	29845	0	30801
10796	297	177	29028	1002	0	30504
10797	27499	131	546	689	0	28865
10798	700	28438	482	351	0	29971
10799	28228	522	162	268	0	29180
10800	806	451	99	27368	0	28724
10801	27421	166	112	657	0	28356
10802	745	27050	150	561	0	28506
10803	604	629	93	26996	0	28322
10804	26495	443	113	644	0	27695
10805	660	191	25281	543	0	26675
10806	478	119	23558	292	0	24447
10807	21836	157	811	176	0	22980
10808	575	21923	413	166	0	23077
10809	325	19634	106	96	0	20161
10810	521	587	260	18030	0	19398
10811	127	18583	73	307	0	19090
10812	183	350	91	18331	0	18955
10813	173	258	66	18792	0	19289
10814	123	73	72	18476	0	18744
10815	142	18114	94	456	0	18806
10816	144	268	65	17846	0	18323
10817	120	241	17429	314	0	18104
10818	123	17097	237	260	0	17717
10819	134	277	159	15497	0	16067
10820	121	16247	93	216	0	16677
10821	15998	223	59	209	0	16489
10822	16066	162	67	119	0	16414
10823	16133	89	61	88	0	16371
10824	383	16366	68	105	0	16922
10825	240	234	41	16258	0	16773
10826	144	208	16169	209	0	16730
10827	128	117	15895	191	0	16331
10828	15416	112	312	126	0	15966
10829	15642	106	168	113	0	16029
10830	352	74	53	16263	0	16742
10831	227	77	36	16586	0	16926
10832	137	117	16802	388	0	17444
10833	122	16372	219	373	0	17086
10834	127	16527	205	125	0	16984
10835	137	298	15756	91	0	16282
10836	132	293	227	15051	0	15703
10837	85	102	131	13912	0	14230
10838	99	68	40	15298	0	15505
10839	85	69	30	15353	0	15537
10840	15158	66	39	281	0	15544
10841	221	74	14784	148	0	15227
10842	14664	56	147	93	0	14960
10843	214	57	141	14806	0	15218
10844	14888	66	43	185	0	15182
10845	202	74	36	14949	0	15261
10846	182	61	14942	178	0	15363
10847	101	49	152	15053	0	15355
10848	79	69	15363	195	0	15706
10849	83	62	147	15018	0	15310
10850	58	64	15727	207	0	16056
10851	65	15842	157	165	0	16229
10852	68	147	132	15850	0	16197
10853	72	135	51	15622	0	15880
10854	54	16182	48	221	0	16505
10855	16523	154	42	160	0	16879
10856	174	126	47	16476	0	16823
10857	158	58	40	16322	0	16578
10858	16588	58	24	289	0	16959
10859	16830	49	36	163	0	17078
10860	17345	41	34	108	0	17528
10861	17421	43	37	84	0	17585
10862	280	69	16784	72	0	17205
10863	16492	29	135	75	0	16731
10864	16930	42	115	77	0	17164
10865	270	42	43	16244	0	16599
10866	150	44	39	16116	0	16349
10867	15548	26	30	240	0	15844
10868	141	15473	43	145	0	15802
10869	105	120	26	15053	0	15304
10870	43	115	15555	116	0	15829
10871	27	15450	101	103	0	15681
10872	15371	111	133	60	0	15675
10873	15459	80	47	48	0	15634
10874	15473	21	21	51	0	15566
10875	15736	19	12	37	0	15804
10876	177	23	17	15352	0	15569
10877	111	37	15376	99	0	15623
10878	46	49	15986	107	0	16188
10879	37	17	182	16815	0	17051
10880	17781	10	131	149	0	18071
10881	154	9	30	17934	0	18127
10882	152	32	18196	154	0	18534
10883	18198	7	147	158	0	18510
10884	18353	2	134	54	0	18543
10885	272	10	31	18553	0	18866
10886	165	27	19132	166	0	19490
10887	51	29	19493	140	0	19713
10888	18659	7	269	63	0	18998
10889	154	19311	167	50	0	19682
10890	157	170	19576	36	0	19939
10891	45	129	156	19406	0	19736
10892	19445	20	146	184	0	19795
10893	176	19102	52	161	0	19491
10894	149	19272	43	53	0	19517
10895	19235	271	22	51	0	19579
10896	181	148	21	19215	0	19565
10897	20688	31	25	209	0	20953
10898	236	16	24	21164	0	21440
10899	187	17	24	21340	0	21568
10900	55	43	21338	369	0	21805
10901	52	49	20843	206	0	21150
10902	63	31	21622	57	0	21773
10903	51	17	394	21245	0	21707
10904	21685	12	199	263	0	22159
10905	265	36	21758	192	0	22251
10906	233	20	236	21717	0	22206
10907	66	49	22350	279	0	22744
10908	51	22471	286	222	0	23030
10909	70	253	205	22815	0	23343
10910	70	200	51	22969	0	23290
10911	54	39	35	23281	0	23409
10912	22883	18	52	464	0	23417
10913	282	15	44	22923	0	23264
10914	249	25	41	22976	0	23291
10915	22759	29	34	488	0	23310
10916	284	47	22626	276	0	23233
10917	22432	25	257	90	0	22804
10918	22528	19	231	74	0	22852
10919	481	63	22434	76	0	23054
10920	21723	21	259	85	0	22088
10921	320	28	238	22539	0	23125
10922	260	49	23078	282	0	23669
10923	22741	18	284	269	0	23312
10924	23116	10	243	97	0	23466
10925	498	15	57	22952	0	23522
10926	273	25	54	23090	0	23442
10927	102	11	60	23292	0	23465
10928	22702	18	47	517	0	23284
10929	281	22868	89	300	0	23538
10930	22316	217	51	107	0	22691
10931	278	21735	82	84	0	22179
10932	208	21522	96	89	0	21915
10933	73	411	80	21594	0	22158
10934	89	193	50	21828	0	22160
10935	107	27	51	21711	0	21896
10936	81	36	55	21810	0	21982
10937	68	61	21276	456	0	21861
10938	20588	29	272	270	0	21159
10939	279	40	210	21373	0	21902
10940	234	68	21527	292	0	22121
10941	101	39	253	21620	0	22013
10942	83	40	202	21916	0	22241
10943	100	63	22439	455	0	23057
10944	85	40	259	22451	0	22835
10945	76	45	212	22621	0	22954
10946	22464	22	52	480	0	23018
10947	254	43	22827	295	0	23419
10948	21858	18	259	146	0	22281
10949	295	23065	234	121	0	23715
10950	22811	218	91	118	0	23238
10951	22303	186	70	103	0	22662
10952	461	38	75	22215	0	22789
10953	243	67	22224	303	0	22837
10954	107	23629	296	268	0	24300
10955	140	284	220	22154	0	22798
10956	82	24706	104	298	0	25190
10957	24441	302	58	301	0	25102
10958	317	260	24102	143	0	24822
10959	283	80	24043	101	0	24507
10960	100	51	486	23541	0	24178
10961	93	77	24449	356	0	24975
10962	112	55	301	24544	0	25012
10963	84	58	243	24558	0	24943
10964	24645	31	82	578	0	25336
10965	332	24872	98	348	0	25650
10966	281	320	79	25085	0	25765
10967	107	228	73	25560	0	25968
10968	99	58	73	25246	0	25476
10969	93	24953	120	595	0	25761
10970	83	25271	114	347	0	25815
10971	24804	489	88	140	0	25521
10972	24879	247	67	139	0	25332
10973	24852	47	64	149	0	25112
10974	565	74	24407	109	0	25155
10975	317	113	322	23974	0	24726
10976	98	85	24285	408	0	24876
10977	91	24012	355	330	0	24788
10978	23019	332	271	162	0	23784
10979	337	240	22519	124	0	23220
10980	262	109	270	21551	0	22192
10981	101	75	22041	309	0	22526
10982	21151	41	291	247	0	21730
10983	22068	38	208	126	0	22440
10984	22156	29	78	94	0	22357
10985	21862	37	63	105	0	22067
10986	431	69	22016	104	0	22620
10987	21391	44	235	100	0	21770
10988	21725	30	206	91	0	22052
10989	393	21646	114	78	0	22231
10990	21476	204	59	77	0	21816
10991	21658	184	47	89	0	21978
10992	413	50	69	20878	0	21410
10993	237	21971	87	231	0	22526
10994	22766	211	52	239	0	23268
10995	23976	181	58	112	0	24327
10996	477	88	25795	80	0	26440
10997	258	71	25551	66	0	25946
10998	93	78	26024	59	0	26254
10999	93	143	552	25266	0	26054
11000	25250	29	290	346	0	25915
11001	336	25400	102	279	0	26117
11002	24996	306	55	99	0	25456
11003	352	25256	86	96	0	25790
11004	24793	321	49	64	0	25227
11005	347	24831	76	44	0	25298
11006	250	25082	61	46	0	25439
11007	24109	484	39	72	0	24704
11008	319	24845	70	43	0	25277
11009	260	321	29	24463	0	25073
11010	86	237	24873	292	0	25488
11011	70	99	25088	206	0	25463
11012	71	50	489	24526	0	25136
11013	72	33	245	25266	0	25616
11014	61	73	25110	499	0	25743
11015	86	37	317	24838	0	25278
11016	83	40	237	25318	0	25678
11017	25128	37	83	516	0	25764
11018	332	25242	67	318	0	25959
11019	280	311	56	23594	0	24241
11020	85	25459	80	295	0	25919
11021	25090	338	52	242	0	25722
11022	341	25389	76	89	0	25895
11023	25380	342	50	55	0	25827
11024	25337	250	37	68	0	25692
11025	550	85	35	25035	0	25705
11026	294	69	52	25260	0	25675
11027	131	56	56	25511	0	25754
11028	128	67	59	25578	0	25832
11029	92	92	24786	553	0	25523
11030	22787	62	319	341	0	23509
11031	358	24727	260	104	0	25449
11032	279	328	92	24968	0	25667
11033	123	237	67	24893	0	25320
11034	81	25103	95	530	0	25809
11035	25138	338	65	289	0	25830
11036	354	25554	98	107	0	26113
11037	301	363	69	25392	0	26125
11038	130	276	57	25895	0	26358
11039	130	100	45	26150	0	26425
11040	125	90	48	26046	0	26309
11041	25386	85	50	569	0	26090
11042	408	97	25509	318	0	26332
11043	318	85	342	24870	0	25615
11044	141	69	275	25155	0	25640
11045	122	85	113	25314	0	25634
11046	130	63	77	25170	0	25440
11047	23955	63	67	629	0	24714
11048	400	98	24272	337	0	25107
11049	294	136	325	22859	0	23614
11050	121	23139	288	366	0	23914
11051	97	23812	108	304	0	24321
11052	23365	527	46	168	0	24106
11053	389	326	23444	114	0	24273
11054	21239	128	282	98	0	21747
11055	364	129	21954	98	0	22545
11056	229	69	260	20663	0	21221
11057	21155	61	184	312	0	21712
11058	245	21564	115	283	0	22207
11059	207	249	83	20471	0	21010
11060	95	21091	112	303	0	21601
11061	21206	274	72	260	0	21812
11062	21243	181	63	158	0	21645
11063	415	76	53	21218	0	21762
11064	223	75	21076	339	0	21713
11065	114	110	21075	256	0	21555
11066	106	109	387	20508	0	21110
11067	75	21122	221	309	0	21727
11068	99	316	55	21849	0	22319
11069	102	228	37	21039	0	21406
11070	114	123	19	21212	0	21468
11071	87	105	21187	471	0	21850
11072	92	66	248	21009	0	21415
11073	82	49	199	21242	0	21572
11074	51	21147	105	589	0	21892
11075	57	338	44	20217	0	20656
11076	59	193	61	21959	0	22272
11077	69	54	60	22233	0	22416
11078	71	44	57	22216	0	22388
11079	79	57	45	21965	0	22146
11080	87	59	42	21929	0	22117
11081	80	74	39	21547	0	21740
11082	77	82	72	21191	0	21422
11083	85	95	20131	668	0	20979
11084	79	81	242	20545	0	20947
11085	20221	69	179	386	0	20855
11086	317	45	56	19993	0	20411
11087	229	71	20186	371	0	20857
11088	19354	50	262	332	0	19998
11089	20575	49	198	177	0	20999
11090	20645	54	66	168	0	20933
11091	20782	51	46	168	0	21047
11092	484	39	58	20785	0	21366
11093	248	55	20586	365	0	21254
11094	91	19938	260	268	0	20557
11095	52	18724	194	136	0	19106
11096	223	357	470	15859	0	16909
11097	49	82	107	16458	0	16696
11098	15	16	11	16505	0	16547
11099	12	11	13	17080	0	17116
11100	24	11	4	18568	0	18607
11101	19530	16	11	300	0	19857
11102	206	19938	29	183	0	20356
11103	188	20536	27	49	0	20800
11104	33	444	15	20771	0	21263
11105	25	196	10	21234	0	21465
11106	25	20	12	21399	0	21456
11107	26	11	10	21353	0	21400
11108	25	42	20395	497	0	20959
11109	28	20188	277	261	0	20754
11110	30	253	197	19965	0	20445
11111	19616	197	14	289	0	20116
11112	253	19	12	19933	0	20217
11113	204	51	19864	288	0	20407
11114	18	46	19604	253	0	19921
11115	31	45	20300	64	0	20440
11116	39	39	442	19605	0	20125
11117	20375	21	246	313	0	20955
11118	253	14	26	20667	0	20960
11119	212	18	15	21207	0	21452
11120	21054	9	20	524	0	21607
11121	282	13	24	21685	0	22004
11122	216	21	27	21863	0	22127
11123	31	40	22681	484	0	23236
11124	20	22884	291	260	0	23455
11125	33	283	210	23421	0	23947
11126	23393	214	20	361	0	23988
11127	287	20	27	23772	0	24106
11128	237	59	23842	353	0	24491
11129	55	44	287	23804	0	24190
11130	29	24204	251	351	0	24835
11131	46	298	33	24644	0	25021
11132	48	281	24421	364	0	25114
11133	26	26036	337	314	0	26713
11134	51	386	244	26412	0	27093
11135	52	307	39	28642	0	29040
11136	45	46	41	29334	0	29466
11137	36	33	29	29559	0	29657
11138	44	58	28748	818	0	29668
11139	30	28797	440	465	0	29732
11140	28816	421	360	137	0	29734
11141	29271	349	47	117	0	29784
11142	747	47	48	28984	0	29826
11143	373	82	28763	495	0	29713
11144	27829	32	428	453	0	28742
11145	453	20	364	29099	0	29936
11146	375	70	29783	517	0	30745
11147	75	38	441	30076	0	30630
11148	81	29	377	30045	0	30532
11149	84	42	54	30559	0	30739
11150	64	78	30768	877	0	31787
11151	123	43	452	29048	0	29666
11152	53	30878	404	489	0	31824
11153	30987	427	75	449	0	31938
11154	31160	372	64	161	0	31757
11155	31325	60	58	164	0	31607
11156	769	30877	102	151	0	31899
11157	31004	428	57	162	0	31651
11158	492	378	58	30320	0	31248
11159	30439	54	67	572	0	31132
11160	30288	54	68	488	0	30898
11161	809	75	29715	182	0	30781
11162	405	29613	480	146	0	30644
11163	29489	425	381	138	0	30433
11164	487	390	66	29503	0	30446
11165	421	123	29506	524	0	30574
11166	93	29642	488	470	0	30693
11167	29156	432	398	164	0	30150
11168	472	373	70	29416	0	30331
11169	427	76	65	29785	0	30353
11170	129	59	54	29847	0	30089
11171	82	29393	101	918	0	30494
11172	105	459	65	29572	0	30201
11173	95	29475	130	565	0	30265
11174	98	450	65	29603	0	30216
11175	93	438	29275	565	0	30371
11176	122	98	460	29542	0	30222
11177	124	67	402	29755	0	30348
11178	121	54	93	30267	0	30535
11179	107	121	29454	909	0	30591
11180	133	58	469	29476	0	30136
11181	99	78	412	30050	0	30639
11182	128	61	98	30472	0	30759
11183	120	67	96	30451	0	30734
11184	132	64	88	30596	0	30880
11185	115	117	29765	908	0	30905
11186	148	68	454	29685	0	30355
11187	127	64	403	29352	0	29946
11188	28392	48	98	927	0	29465
11189	473	28160	130	552	0	29315
11190	434	28864	129	221	0	29648
11191	158	770	88	28542	0	29558
11192	164	398	82	28162	0	28806
11193	104	27369	115	886	0	28474
11194	162	437	71	27439	0	28109
11195	104	27465	130	572	0	28271
11196	178	462	66	27212	0	27918
11197	132	399	57	26774	0	27362
11198	118	144	25791	770	0	26823
11199	103	25333	410	494	0	26340
11200	91	24358	312	190	0	24951
11201	21805	483	144	166	0	22598
11202	255	22202	106	133	0	22696
11203	281	295	50	21699	0	22325
11204	105	272	21218	329	0	21924
11205	116	117	231	21163	0	21627
11206	20754	75	224	348	0	21401
11207	260	89	21387	324	0	22060
11208	238	21768	267	137	0	22410
11209	106	299	247	19757	0	20409
11210	70	232	63	22233	0	22598
11211	22441	52	68	553	0	23114
11212	251	76	55	22843	0	23225
11213	228	60	43	22832	0	23163
11214	80	58	54	22921	0	23113
11215	59	60	37	22810	0	22966
11216	22037	53	46	569	0	22705
11217	21997	55	55	359	0	22466
11218	424	48	47	22054	0	22573
11219	21555	53	37	360	0	22005
11220	248	39	56	21221	0	21564
11221	234	79	20566	363	0	21242
11222	69	69	20194	351	0	20683
11223	99	166	382	18477	0	19124
11224	55	19025	232	282	0	19594
11225	58	206	55	18816	0	19135
11226	18468	193	49	290	0	19000
11227	204	59	39	18799	0	19101
11228	18505	43	29	314	0	18891
11229	211	52	33	18604	0	18900
11230	181	76	18599	272	0	19128
11231	44	18373	206	277	0	18900
11232	40	18770	174	138	0	19122
11233	76	508	61	16551	0	17196
11234	42	138	16888	167	0	17235
11235	10	15012	65	79	0	15166
11236	79	98	69	14398	0	14644
11237	14134	35	26	77	0	14272
11238	35	47	14574	58	0	14714
11239	33	6	33	14619	0	14691
11240	17	23	30	15200	0	15270
11241	17	36	15225	80	0	15358
11242	13	33	14668	59	0	14773
11243	17	31	15461	21	0	15530
11244	21	38	75	15346	0	15480
11245	16	32	15958	52	0	16058
11246	14554	9	56	68	0	14687
11247	68	4	50	16542	0	16664
11248	66	40	19279	90	0	19475
11249	16	19912	102	94	0	20124
11250	33	134	19949	35	0	20151
11251	28	80	112	19796	0	20016
11252	20579	16	98	148	0	20841
11253	107	10	16	21282	0	21415
11254	91	13	17	21509	0	21630
11255	22765	9	16	225	0	23015
11256	155	11	10	23354	0	23530
11257	129	58	23588	199	0	23974
11258	22880	7	164	170	0	23221
11259	165	24037	162	45	0	24409
11260	24381	152	28	43	0	24604
11261	184	118	11	24361	0	24674
11262	130	72	24323	193	0	24718
11263	41	51	24647	158	0	24897
11264	37	59	313	23893	0	24302
11265	23	14	147	24284	0	24468
11266	25	45	24618	305	0	24993
11267	29	57	24152	174	0	24412
11268	24173	6	315	53	0	24547
11269	195	19	172	24690	0	25076
11270	24989	5	36	201	0	25231
11271	212	8	23	24842	0	25085
11272	166	44	25740	233	0	26183
11273	48	35	26871	184	0	27138
11274	33	14	354	27209	0	27610
11275	33	4	185	28032	0	28254
11276	44	53	28878	387	0	29362
11277	28220	18	265	236	0	28739
11278	301	12	206	29811	0	30330
11279	30918	9	46	324	0	31297
11280	322	34166	80	243	0	34811
11281	270	386	40	34831	0	35527
11282	35010	269	33	482	0	35794
11283	437	88	35493	356	0	36374
11284	331	16	426	35633	0	36406
11285	93	14	320	35898	0	36325
11286	68	19	55	36738	0	36880
11287	63	91	36076	777	0	37007
11288	63	29	454	35509	0	36055
11289	50	36260	375	474	0	37159
11290	58	419	82	36685	0	37244
11291	56	355	36329	487	0	37227
11292	51	113	36700	375	0	37239
11293	72	30	769	36575	0	37446
11294	77	19	386	37114	0	37596
11295	68	21	78	37714	0	37881
11296	83	18	52	37863	0	38016
11297	37069	23	71	845	0	38008
11298	36933	26	50	448	0	37457
11299	788	69	36715	132	0	37704
11300	385	37203	545	92	0	38225
11301	134	433	358	37641	0	38566
11302	38844	318	85	606	0	39853
11303	37239	60	111	451	0	37861
11304	39596	33	94	161	0	39884
11305	39642	25	72	166	0	39905
11306	842	86	38868	150	0	39946
11307	37666	29	512	147	0	38354
11308	505	38017	432	153	0	39107
11309	421	459	110	38272	0	39262
11310	147	386	38634	556	0	39723
11311	119	55	516	38338	0	39028
11312	105	82	38476	621	0	39284
11313	110	43	551	38363	0	39067
11314	113	43	401	38872	0	39429
11315	38642	30	128	919	0	39719
11316	558	41	108	39080	0	39787
11317	411	113	39046	627	0	40197
11318	136	56	550	39911	0	40653
11319	39624	38	424	671	0	40757
11320	549	44	154	40259	0	41006
11321	463	94	39913	685	0	41155
11322	123	39658	578	532	0	40891
11323	40779	471	443	293	0	41986
11324	591	367	153	38976	0	40087
11325	452	41429	178	587	0	42646
11326	41307	491	124	479	0	42401
11327	576	424	41393	236	0	42629
11328	438	41115	603	237	0	42393
11329	182	486	433	41428	0	42529
11330	156	417	41225	639	0	42437
11331	183	95	564	40370	0	41212
11332	40256	41	432	703	0	41432
11333	607	119	40345	530	0	41601
11334	502	54	556	39933	0	41045
11335	194	133	40445	672	0	41444
11336	201	66	589	40107	0	40963
11337	174	74	432	40800	0	41480
11338	39751	54	183	1009	0	40997
11339	569	40065	208	592	0	41434
11340	472	500	141	40017	0	41130
11341	39767	350	137	700	0	40954
11342	39928	89	132	578	0	40727
11343	900	120	130	39048	0	40198
11344	470	38812	162	635	0	40079
11345	156	39614	208	526	0	40504
11346	226	766	155	38547	0	39694
11347	212	398	160	38360	0	39130
11348	35324	84	124	890	0	36422
11349	538	61	115	35189	0	35903
11350	385	115	33720	587	0	34807
11351	31551	56	455	481	0	32543
11352	466	32879	395	223	0	33963
11353	32658	417	114	204	0	33393
11354	536	326	33029	196	0	34087
11355	342	33575	456	171	0	34544
11356	33347	426	462	154	0	34389
11357	33413	305	160	209	0	34087
11358	706	128	33475	126	0	34435
11359	32782	77	465	160	0	33484
11360	33581	40	339	139	0	34099
11361	675	33619	159	136	0	34589
11362	387	385	75	34202	0	35049
11363	161	346	33965	478	0	34950
11364	131	85	429	34786	0	35431
11365	116	132	35366	530	0	36144
11366	143	54	479	34721	0	35397
11367	35089	66	348	559	0	36062
11368	510	46	113	36127	0	36796
11369	371	98	37920	545	0	38934
11370	37529	43	516	449	0	38537
11371	606	52	382	38902	0	39942
11372	400	108	37904	574	0	38986
11373	35552	51	503	483	0	36589
11374	607	74	395	36629	0	37705
11375	427	93	35844	549	0	36913
11376	123	107	34976	414	0	35620
11377	130	429	721	33752	0	35032
11378	105	103	34815	466	0	35489
11379	102	33428	459	386	0	34375
11380	171	389	303	29802	0	30665
11381	29733	225	78	292	0	30328
11382	274	69	29962	234	0	30539
11383	235	51	29747	62	0	30095
11384	27455	15	475	81	0	28026
11385	268	67	29859	63	0	30257
11386	28106	13	282	74	0	28475
11387	262	51	29597	61	0	29971
11388	267	27	276	28787	0	29357
11389	50	53	29717	265	0	30085
11390	62	47	256	29294	0	29659
11391	41	61	30178	276	0	30556
11392	37	60	29669	225	0	29991
11393	27096	16	436	92	0	27640
11394	233	29538	275	58	0	30104
11395	29747	213	76	55	0	30091
11396	247	30257	81	45	0	30630
11397	239	244	56	30163	0	30702
11398	85	206	65	30709	0	31065
11399	30571	29	50	449	0	31099
11400	277	19	53	30479	0	30828
11401	242	80	30343	272	0	30937
11402	28768	17	266	260	0	29311
11403	29602	20	248	103	0	29973
11404	459	35	74	29593	0	30161
11405	258	52	30101	283	0	30694
11406	86	19	288	29698	0	30091
11407	53	30203	297	291	0	30844
11408	69	249	80	30303	0	30701
11409	85	216	55	30671	0	31027
11410	79	81	29992	503	0	30655
11411	26209	31	298	353	0	26891
11412	268	29738	322	101	0	30429
11413	29695	239	73	94	0	30101
11414	280	30149	98	77	0	30604
11415	273	282	81	29170	0	29806
11416	76	30133	112	297	0	30618
11417	76	298	29385	278	0	30037
11418	98	279	307	28167	0	28851
11419	95	58	279	28865	0	29297
11420	74	28	94	29481	0	29677
11421	28766	30	92	512	0	29400
11422	309	40	81	28881	0	29311
11423	27999	40	96	348	0	28483
11424	28022	34	98	318	0	28472
11425	27628	31	109	134	0	27902
11426	522	77	27651	110	0	28360
11427	331	49	317	27687	0	28384
11428	119	39	309	29114	0	29581
11429	106	34	133	29818	0	30091
11430	30790	40	112	641	0	31583
11431	393	39	125	31265	0	31822
11432	380	36	118	31777	0	32311
11433	33090	39	121	749	0	33999
11434	490	39	125	34350	0	35004
11435	459	89	34922	507	0	35977
11436	134	87	35445	478	0	36144
11437	133	54	878	35473	0	36538
11438	35177	47	511	573	0	36308
11439	34380	44	160	513	0	35097
11440	919	28	129	34759	0	35835
11441	513	65	34717	566	0	35861
11442	139	34582	584	519	0	35824
11443	148	447	500	34969	0	36064
11444	121	420	135	35450	0	36126
11445	167	64	123	35657	0	36011
11446	35070	32	112	960	0	36174
11447	537	104	35394	556	0	36591
11448	35519	51	553	186	0	36309
11449	598	1226	472	33439	0	35735
11450	503	35685	172	538	0	36898
11451	35795	484	97	533	0	36909
11452	35590	438	95	212	0	36335
11453	940	117	37091	169	0	38317
11454	529	35566	565	188	0	36848
11455	140	34864	499	140	0	35643
11456	34302	789	155	180	0	35426
11457	538	444	89	34352	0	35423
11458	523	78	90	34226	0	34917
11459	172	73	69	33778	0	34092
11460	110	33096	142	910	0	34258
11461	109	33796	113	514	0	34532
11462	32961	785	61	191	0	33998
11463	515	436	59	32759	0	33769
11464	447	118	34544	528	0	35637
11465	158	54	518	35808	0	36538
11466	105	120	38686	683	0	39594
11467	129	97	38788	556	0	39570
11468	149	105	38923	199	0	39376
11469	66	35644	1181	106	0	36997
11470	243	633	794	32593	0	34263
11471	81	35261	197	553	0	36092
11472	130	706	93	33128	0	34057
11473	106	492	69	35370	0	36037
11474	35038	130	66	1116	0	36350
11475	616	46	63	35527	0	36252
11476	35180	41	63	764	0	36048
11477	35207	50	48	606	0	35911
11478	1113	54	52	33493	0	34712
11479	609	34099	104	666	0	35478
11480	209	587	64	33386	0	34246
11481	111	34484	85	717	0	35397
11482	127	673	66	34226	0	35092
11483	118	546	33781	789	0	35234
11484	118	134	624	34083	0	34959
11485	134	72	535	34517	0	35258
11486	33036	67	173	1177	0	34453
11487	618	33561	130	739	0	35048
11488	559	617	96	33670	0	34942
11489	196	546	87	33193	0	34022
11490	119	33081	160	1179	0	34539
11491	172	617	101	33411	0	34301
11492	32176	535	102	837	0	33650
11493	32876	178	94	658	0	33806
11494	1121	32506	117	287	0	34031
11495	663	639	60	32385	0	33747
11496	31505	549	88	741	0	32883
11497	650	32311	127	690	0	33778
11498	636	692	79	29942	0	31349
11499	216	32256	155	685	0	33312
11500	31590	736	112	612	0	33050
11501	710	595	31383	282	0	32970
11502	612	219	31361	235	0	32427
11503	247	190	1115	30918	0	32470
11504	181	154	31691	756	0	32782
11505	141	141	768	30883	0	31933
11506	30510	147	587	817	0	32061
11507	667	159	31346	665	0	32837
11508	608	148	652	31199	0	32607
11509	233	124	546	32110	0	33013
11510	31572	128	181	1228	0	33109
11511	664	32213	172	756	0	33805
11512	32616	645	113	317	0	33691
11513	32160	595	100	254	0	33109
11514	1156	31607	131	281	0	33175
11515	704	673	88	31770	0	33235
11516	258	631	31448	765	0	33102
11517	187	233	618	31089	0	32127
11518	158	31599	596	802	0	33155
11519	31877	708	195	666	0	33446
11520	713	591	130	32094	0	33528
11521	575	287	32395	840	0	34097
11522	239	146	658	32982	0	34025
11523	156	158	570	33524	0	34408
11524	158	164	205	34065	0	34592
11525	176	163	115	34156	0	34610
11526	170	150	132	33455	0	33907
11527	146	202	32015	1348	0	33711
11528	329	135	30736	842	0	32042
11529	141	29811	1008	404	0	31364
11530	129	29596	547	254	0	30526
11531	28699	838	206	278	0	30021
11532	594	520	28663	227	0	30004
11533	26097	251	630	232	0	27210
11534	558	145	25845	187	0	26735
11535	371	128	24784	142	0	25425
11536	190	85	696	23860	0	24831
11537	24561	103	422	487	0	25573
11538	438	106	140	24998	0	25682
11539	364	103	82	25216	0	25765
11540	151	124	26586	787	0	27648
11541	94	67	406	26973	0	27540
11542	129	54	314	26973	0	27470
11543	123	61	118	27122	0	27424
11544	137	54	65	27142	0	27398
11545	129	68	54	27188	0	27439
11546	26149	60	50	838	0	27097
11547	428	71	54	26239	0	26792
11548	332	111	25372	562	0	26377
11549	185	97	363	25523	0	26168
11550	99	101	25442	552	0	26194
11551	102	120	457	25546	0	26225
11552	95	79	26416	550	0	27140
11553	84	149	465	24660	0	25358
11554	76	70	320	25521	0	25987
11555	77	93	25199	659	0	26028
11556	22470	56	413	483	0	23422
11557	381	71	25469	231	0	26152
11558	310	105	473	25232	0	26120
11559	25656	42	322	489	0	26509
11560	403	38	147	26007	0	26595
11561	357	92	75	26144	0	26668
11562	174	72	26066	705	0	27017
11563	70	25480	391	464	0	26405
11564	42	22957	227	184	0	23410
11565	42	22279	146	96	0	22563
11566	437	160	248	18427	0	19272
11567	18684	53	67	109	0	18913
11568	54	25	15	18673	0	18767
11569	57	14	8	18892	0	18971
11570	32	8	10	19067	0	19117
11571	24	10	12	19024	0	19070
11572	5	18919	25	128	0	19077
11573	17	48	14	19200	0	19279
11574	12	51	11	19127	0	19201
11575	9	19120	21	113	0	19263
11576	19289	53	8	89	0	19439
11577	55	47	9	19327	0	19438
11578	19269	18	13	89	0	19389
11579	19128	6	7	84	0	19225
11580	96	19527	23	51	0	19697
11581	69	57	8	20547	0	20681
11582	29	64	20535	68	0	20696
11583	15	51	20222	62	0	20350
11584	24	49	100	20275	0	20448
11585	20693	11	73	89	0	20866
11586	21220	8	29	96	0	21353
11587	106	10	15	21434	0	21565
11588	21570	6	18	86	0	21680
11589	76	21479	28	76	0	21659
11590	21477	54	10	57	0	21598
11591	73	22839	29	37	0	22978
11592	77	67	8	23309	0	23461
11593	34	62	9	23285	0	23390
11594	21	23511	29	136	0	23697
11595	23328	60	24	107	0	23519
11596	67	98	23313	31	0	23509
11597	67	32	59	23024	0	23182
11598	36	54	23579	83	0	23752
11599	22	19	76	23353	0	23470
11600	23668	12	63	116	0	23859
11601	74	6	25	23753	0	23858
11602	23581	16	21	119	0	23737
11603	23568	8	10	111	0	23697
11604	126	8	14	23512	0	23660
11605	92	39	23345	93	0	23569
11606	44	24270	79	88	0	24481
11607	23	62	64	23760	0	23909
11608	23321	57	22	110	0	23510
11609	69	58	23697	87	0	23911
11610	83	24	67	23495	0	23669
11611	45	17	61	23324	0	23447
11612	34	11	28	23564	0	23637
11613	23506	14	22	169	0	23711
11614	88	21	15	23375	0	23499
11615	78	13	16	23722	0	23829
11616	33	30	23632	161	0	23856
11617	56	13	73	23633	0	23775
11618	35	15	79	24045	0	24174
11619	44	14	23	24324	0	24405
11620	27	24222	42	181	0	24472
11621	30	77	17	23791	0	23915
11622	28	74	19	23770	0	23891
11623	22630	32	19	183	0	22864
11624	95	58	22983	120	0	23256
11625	97	54	22379	65	0	22595
11626	38	23100	160	43	0	23341
11627	54	73	113	23474	0	23714
11628	23441	77	44	122	0	23684
11629	97	29	25	23326	0	23477
11630	103	11	22	23619	0	23755
11631	39	10	18	23818	0	23885
11632	32	12	13	23638	0	23695
11633	32	17	9	23666	0	23724
11634	32	45	23301	206	0	23584
11635	30	9	70	23398	0	23507
11636	23238	21	83	160	0	23502
11637	93	23050	52	139	0	23334
11638	94	79	17	23210	0	23400
11639	38	82	15	23274	0	23409
11640	37	65	22267	198	0	22567
11641	29	27	91	22000	0	22147
11642	26	18	91	23640	0	23775
11643	23699	10	40	254	0	24003
11644	133	24718	41	184	0	25076
11645	150	143	17	25101	0	25411
11646	69	138	14	25417	0	25638
11647	52	62	22	25665	0	25801
11648	39	57	25883	354	0	26333
11649	42	53	25307	232	0	25634
11650	24	25792	349	93	0	26258
11651	20	26452	191	74	0	26737
11652	35	299	42	25552	0	25928
11653	16	24734	66	256	0	25072
11654	38	285	29	27886	0	28238
11655	32	189	17	30872	0	31110
11656	22	24	22	32693	0	32761
11657	39	19	10	36314	0	36382
11658	33	52	36320	745	0	37150
11659	30	32	418	36538	0	37018
11660	43	19	370	37072	0	37504
11661	36	21	69	37906	0	38032
11662	36249	16	49	945	0	37259
11663	419	37689	70	553	0	38731
11664	439	483	53	33611	0	34586
11665	79	37925	82	477	0	38563
11666	36560	517	38	439	0	37554
11667	31632	513	46	242	0	32433
11668	715	37651	54	179	0	38599
11669	383	38736	53	120	0	39292
11670	124	953	37807	126	0	39010
11671	72	39123	534	106	0	39835
11672	78	665	420	37834	0	38997
11673	38440	493	88	555	0	39576
11674	499	39290	78	496	0	40363
11675	455	618	39	39827	0	40939
11676	119	496	57	40346	0	41018
11677	81	141	62	41184	0	41468
11678	39633	112	52	1096	0	40893
11679	554	120	40104	676	0	41454
11680	38262	94	522	262	0	39140
11681	582	39380	485	209	0	40656
11682	500	577	91	39411	0	40579
11683	119	530	39180	656	0	40485
11684	36477	120	551	588	0	37736
11685	581	39234	497	166	0	40478
11686	512	574	120	37921	0	39127
11687	145	39436	109	574	0	40264
11688	112	659	77	39520	0	40368
11689	104	519	69	40085	0	40777
11690	96	192	39294	1055	0	40637
11691	95	176	38157	612	0	39040
11692	105	132	921	37903	0	39061
11693	78	153	38819	697	0	39747
11694	82	121	610	38484	0	39297
11695	85	90	499	38175	0	38849
11696	84	79	147	39413	0	39723
11697	38493	63	149	1142	0	39847
11698	580	75	127	39122	0	39904
11699	489	123	38849	816	0	40277
11700	38333	82	584	693	0	39692
11701	597	108	480	39407	0	40592
11702	530	80	156	39852	0	40618
11703	39006	85	99	1142	0	40332
11704	599	40020	158	730	0	41507
11705	529	580	125	40594	0	41828
11706	183	493	140	40339	0	41155
11707	39402	161	87	1228	0	40878
11708	594	189	39720	773	0	41276
11709	559	132	548	39268	0	40507
11710	205	160	518	39724	0	40607
11711	146	169	148	38885	0	39348
11712	126	39100	187	1237	0	40650
11713	161	608	138	39509	0	40416
11714	38759	529	111	875	0	40274
11715	579	38884	163	741	0	40367
11716	38564	616	107	387	0	39674
11717	613	39269	141	356	0	40379
11718	39174	661	115	345	0	40295
11719	698	619	38655	290	0	40262
11720	605	249	38481	278	0	39613
11721	37769	191	934	295	0	39189
11722	675	214	39516	279	0	40684
11723	608	175	618	38989	0	40390
11724	255	177	529	37848	0	38809
11725	245	100	206	40172	0	40723
11726	39415	129	196	1148	0	40888
11727	661	164	39070	717	0	40612
11728	38907	114	641	369	0	40031
11729	689	138	539	40605	0	41971
11730	40970	111	165	853	0	42099
11731	749	130	155	41373	0	42407
11732	42413	135	115	871	0	43534
11733	822	144	133	44947	0	46046
11734	644	177	45608	924	0	47353
11735	45366	141	707	801	0	47015
11736	47513	93	596	395	0	48597
11737	1330	105	201	47364	0	49000
11738	784	129	172	45693	0	46778
11739	299	47558	236	1336	0	49429
11740	46059	693	186	845	0	47783
11741	798	47291	250	398	0	48737
11742	45276	678	225	348	0	46527
11743	822	600	45651	285	0	47358
11744	674	185	45448	310	0	46617
11745	248	158	45063	278	0	45747
11746	42728	144	1229	279	0	44380
11747	734	44881	733	249	0	46597
11748	683	615	223	43752	0	45273
11749	43271	506	188	756	0	44721
11750	699	44733	237	710	0	46379
11751	635	1158	170	41548	0	43511
11752	216	43992	181	724	0	45113
11753	216	42519	178	613	0	43526
11754	173	42287	154	274	0	42888
11755	37508	953	288	312	0	39061
11756	490	37768	117	198	0	38573
11757	307	33355	85	120	0	33867
11758	113	32994	102	178	0	33387
11759	32408	523	273	99	0	33303
11760	32351	265	83	94	0	32793
11761	568	101	31662	91	0	32422
11762	30616	55	300	91	0	31062
11763	31669	33	236	85	0	32023
11764	529	60	56	31419	0	32064
11765	31977	37	42	343	0	32399
11766	367	85	31748	271	0	32471
11767	277	33398	302	81	0	34058
11768	33493	349	268	90	0	34200
11769	389	274	59	34259	0	34981
11770	34527	51	43	371	0	34992
11771	413	104	33234	283	0	34034
11772	33454	44	331	76	0	33905
11773	415	62	250	34332	0	35059
11774	313	77	34185	373	0	34948
11775	77	33341	364	279	0	34061
11776	69	34291	303	81	0	34744
11777	131	660	98	33219	0	34108
11778	138	306	61	31574	0	32079
11779	60	33696	53	487	0	34296
11780	33732	340	35	254	0	34361
11781	33636	262	36	69	0	34003
11782	33285	62	35	73	0	33455
11783	615	33807	59	90	0	34571
11784	375	349	33	31084	0	31841
11785	76	34000	58	307	0	34441
11786	33798	370	36	242	0	34446
11787	33408	275	26	79	0	33788
11788	596	33059	63	59	0	33777
11789	33657	363	19	74	0	34113
11790	430	276	36	33369	0	34111
11791	323	66	30	33578	0	33997
11792	33856	56	53	616	0	34581
11793	33212	62	39	295	0	33608
11794	33478	56	40	83	0	33657
11795	635	61	54	33149	0	33899
11796	356	59	37	33649	0	34101
11797	113	100	33289	606	0	34108
11798	124	72	363	32970	0	33529
11799	130	81	275	32911	0	33397
11800	124	111	32352	574	0	33161
11801	112	130	31549	304	0	32095
11802	93	100	32749	114	0	33056
11803	114	69	642	32165	0	32990
11804	116	140	32018	386	0	32660
11805	128	104	382	31722	0	32336
11806	141	89	281	32316	0	32827
11807	130	117	32128	636	0	33011
11808	106	144	32075	322	0	32647
11809	117	87	605	31485	0	32294
11810	115	135	33318	418	0	33986
11811	139	117	33000	326	0	33582
11812	107	32863	653	99	0	33722
11813	33608	406	307	100	0	34421
11814	33782	328	90	92	0	34292
11815	33820	104	72	115	0	34111
11816	675	33448	96	122	0	34341
11817	397	34010	97	129	0	34633
11818	193	618	64	33769	0	34644
11819	170	328	80	33687	0	34265
11820	140	141	33184	701	0	34166
11821	154	89	398	33107	0	33748
11822	33154	82	304	470	0	34010
11823	488	83	86	30824	0	31481
11824	371	32952	132	407	0	33862
11825	33785	406	88	350	0	34629
11826	34174	323	85	109	0	34691
11827	34608	89	69	154	0	34920
11828	757	94	34141	136	0	35128
11829	384	176	362	33829	0	34751
11830	35064	72	318	489	0	35943
11831	522	101	36212	374	0	37209
11832	380	34897	490	166	0	35933
11833	115	33130	330	106	0	33681
11834	30955	555	183	84	0	31777
11835	383	31232	119	78	0	31812
11836	328	368	51	30166	0	30913
11837	99	294	30489	373	0	31255
11838	98	117	356	30248	0	30819
11839	30050	42	265	391	0	30748
11840	351	29916	98	322	0	30687
11841	29725	335	63	84	0	30207
11842	368	280	29510	97	0	30255
11843	293	123	348	28000	0	28764
11844	62	29867	306	341	0	30576
11845	108	364	74	30158	0	30704
11846	30448	241	71	392	0	31152
11847	30718	54	62	298	0	31132
11848	30831	62	50	102	0	31045
11849	30965	47	60	80	0	31152
11850	599	55	52	29725	0	30431
11851	307	86	30018	390	0	30801
11852	122	71	358	28627	0	29178
11853	78	29919	303	360	0	30660
11854	30044	323	79	287	0	30733
11855	370	269	29871	95	0	30605
11856	29149	57	336	89	0	29631
11857	361	54	262	29690	0	30367
11858	288	79	30364	367	0	31098
11859	113	45	332	30206	0	30696
11860	30512	35	263	391	0	31201
11861	30640	44	66	296	0	31046
11862	30782	38	69	113	0	31002
11863	570	80	30317	82	0	31049
11864	316	94	330	29924	0	30664
11865	115	93	30821	338	0	31367
11866	85	30476	338	264	0	31163
11867	28740	295	283	107	0	29425
11868	308	28460	90	86	0	28944
11869	27046	233	79	65	0	27423
11870	280	180	51	26010	0	26521
11871	194	26745	69	216	0	27224
11872	26901	204	46	190	0	27341
11873	242	202	27241	53	0	27738
11874	191	67	200	26765	0	27223
11875	26762	46	178	244	0	27230
11876	250	59	27012	205	0	27526
11877	241	42	206	26149	0	26638
11878	91	26634	198	232	0	27155
11879	98	246	51	27281	0	27676
11880	104	193	49	27448	0	27794
11881	26624	62	44	388	0	27118
11882	249	27108	57	221	0	27635
11883	206	241	41	26269	0	26757
11884	91	27263	83	238	0	27675
11885	110	246	54	26716	0	27126
11886	79	27718	88	265	0	28150
11887	27330	258	59	207	0	27854
11888	289	234	28024	86	0	28633
11889	231	73	261	27716	0	28281
11890	93	59	193	27941	0	28286
11891	101	65	53	28062	0	28281
11892	94	44	53	27817	0	28008
11893	118	92	27314	422	0	27946
11894	116	27847	254	241	0	28458
11895	27750	209	177	131	0	28267
11896	27936	176	68	103	0	28283
11897	402	28032	87	113	0	28634
11898	28284	229	74	103	0	28690
11899	28147	187	54	118	0	28506
11900	397	28892	74	95	0	29458
11901	256	257	53	27605	0	28171
11902	112	29249	84	219	0	29664
11903	28834	236	59	196	0	29325
11904	286	224	28736	92	0	29338
11905	26618	50	266	142	0	27076
11906	293	91	29443	96	0	29923
11907	246	58	251	29116	0	29671
11908	29237	32	191	276	0	29736
11909	307	94	29252	209	0	29862
11910	27579	40	262	105	0	27986
11911	28663	37	196	116	0	29012
11912	413	72	72	28331	0	28888
11913	228	28897	82	268	0	29475
11914	29220	247	46	229	0	29742
11915	306	226	38	28873	0	29443
11916	240	28772	66	264	0	29342
11917	28774	248	37	225	0	29284
11918	299	207	39	28788	0	29333
11919	219	30017	88	280	0	30604
11920	105	247	61	30921	0	31334
11921	31189	187	55	313	0	31744
11922	31029	49	60	244	0	31382
11923	31414	46	61	106	0	31627
11924	422	56	54	30685	0	31217
11925	263	73	34	30648	0	31018
11926	91	93	30962	407	0	31553
11927	127	157	248	30833	0	31365
11928	114	100	32007	293	0	32514
11929	82	71	29532	176	0	29861
11930	52	56	29283	61	0	29452
11931	24	30528	292	48	0	30892
11932	125	228	264	27787	0	28404
11933	38	32673	74	127	0	32912
11934	33162	215	49	136	0	33562
11935	33377	178	29	69	0	33653
11936	392	38	32	34410	0	34872
11937	214	73	35700	264	0	36251
11938	71	32	292	35641	0	36036
11939	62	64	37054	357	0	37537
11940	71	33	307	35695	0	36106
11941	40	37084	263	339	0	37726
11942	41	37945	71	255	0	38312
11943	37181	517	34	76	0	37808
11944	335	314	37477	57	0	38183
11945	294	48	300	36880	0	37522
11946	81	40	249	37463	0	37833
11947	37709	34	59	568	0	38370
11948	322	38033	92	346	0	38793
11949	38132	308	42	99	0	38581
11950	320	39061	70	76	0	39527
11951	38493	336	43	85	0	38957
11952	39158	261	41	116	0	39576
11953	554	72	47	39488	0	40161
11954	298	82	39602	380	0	40362
11955	37518	44	339	330	0	38231
11956	341	39861	315	116	0	40633
11957	40445	335	62	97	0	40939
11958	373	276	55	39195	0	39899
11959	320	49	56	38799	0	39224
11960	80	39253	99	561	0	39993
11961	101	336	47	38542	0	39026
11962	69	39837	72	381	0	40359
11963	107	367	45	39389	0	39908
11964	100	276	50	38895	0	39321
11965	37412	71	40	621	0	38144
11966	391	101	38121	312	0	38925
11967	309	37946	346	119	0	38720
11968	114	342	262	38062	0	38780
11969	38818	271	69	410	0	39568
11970	39323	73	55	338	0	39789
11971	39385	65	59	132	0	39641
11972	639	115	39053	87	0	39894
11973	38895	57	378	124	0	39454
11974	434	56	296	39447	0	40233
11975	39189	64	69	444	0	39766
11976	410	38900	104	359	0	39773
11977	374	396	46	39146	0	39962
11978	38828	312	58	445	0	39643
11979	440	40131	91	362	0	41024
11980	379	403	54	40309	0	41145
11981	148	386	40221	444	0	41199
11982	39731	124	393	428	0	40676
11983	42521	73	312	187	0	43093
11984	836	133	42606	128	0	43703
11985	457	41934	482	120	0	42993
11986	176	43198	407	122	0	43903
11987	182	751	120	42960	0	44013
11988	162	406	93	42282	0	42943
11989	164	112	68	43454	0	43798
11990	124	162	43641	854	0	44781
11991	42784	106	495	520	0	43905
11992	45882	110	387	204	0	46583
11993	47055	97	101	191	0	47444
11994	47293	102	88	179	0	47662
11995	47885	99	86	220	0	48290
11996	48376	105	114	182	0	48777
11997	1101	101	97	49758	0	51057
11998	633	171	49383	688	0	50875
11999	235	181	50336	566	0	51318
12000	254	109	1054	49674	0	51091
12001	243	124	513	49603	0	50483
12002	252	111	139	49214	0	49716
12003	206	50481	157	1156	0	52000
12004	50636	695	94	666	0	52091
12005	768	52585	162	216	0	53731
12006	689	719	90	51369	0	52867
12007	50709	562	99	833	0	52203
12008	814	51366	143	661	0	52984
12009	674	757	91	51566	0	53088
12010	306	593	79	52488	0	53466
12011	273	187	74	52590	0	53124
12012	206	52033	136	1345	0	53720
12013	251	748	106	53129	0	54234
12014	250	633	52675	952	0	54510
12015	268	198	740	53633	0	54839
12016	250	156	541	54369	0	55316
12017	245	146	130	56841	0	57362
12018	271	153	103	57736	0	58263
12019	280	196	55709	1659	0	57844
12020	220	55552	958	1023	0	57753
12021	249	940	692	55693	0	57574
12022	238	716	199	57549	0	58702
12023	264	247	149	55711	0	56371
12024	224	55226	196	1794	0	57440
12025	202	57615	204	1108	0	59129
12026	56168	1535	141	517	0	58361
12027	1097	863	102	55123	0	57185
12028	782	352	54612	1200	0	56946
12029	274	54458	952	979	0	56663
12030	52989	995	698	465	0	55147
12031	1039	769	52334	352	0	54494
12032	767	342	51868	351	0	53328
12033	315	250	51800	320	0	52685
12034	257	620	1545	49645	0	52067
12035	209	237	50771	1070	0	52287
12036	156	48537	1100	870	0	50663
12037	223	796	726	46779	0	48524
12038	152	635	47772	978	0	49537
12039	173	288	927	46959	0	48347
12040	45979	179	696	1154	0	48008
12041	818	230	46327	868	0	48243
12042	44824	183	904	539	0	46450
12043	916	46910	710	380	0	48916
12044	47058	869	298	381	0	48606
12045	1042	618	246	46701	0	48607
12046	46972	242	252	1067	0	48533
12047	47043	211	265	765	0	48284
12048	46054	272	226	428	0	46980
12049	1482	46482	279	376	0	48619
12050	46665	839	272	375	0	48151
12051	46568	590	265	375	0	47798
12052	1486	293	45590	351	0	47720
12053	889	45400	964	356	0	47609
12054	530	910	744	44949	0	47133
12055	416	669	338	45721	0	47144
12056	319	299	287	46269	0	47174
12057	312	296	45017	1548	0	47173
12058	287	236	923	45395	0	46841
12059	323	238	45515	1246	0	47322
12060	44245	205	1025	995	0	46470
12061	45772	200	730	589	0	47291
12062	1413	271	45437	488	0	47609
12063	45308	205	925	470	0	46908
12064	46291	221	751	438	0	47701
12065	46880	196	389	406	0	47871
12066	1669	201	300	45468	0	47638
12067	1052	249	45802	1057	0	48160
12068	591	45951	963	833	0	48338
12069	571	881	706	45416	0	47574
12070	491	692	46139	1039	0	48361
12071	415	361	44742	826	0	46344
12072	42624	298	1344	573	0	44839
12073	886	45441	853	569	0	47749
12074	45711	824	433	554	0	47522
12075	45604	613	379	512	0	47108
12076	1320	45579	441	458	0	47798
12077	45490	819	379	444	0	47132
12078	1119	663	46147	417	0	48346
12079	900	308	45343	358	0	46909
12080	624	302	45369	331	0	46626
12081	508	44104	1361	321	0	46294
12082	42860	727	1029	283	0	44899
12083	42559	538	463	300	0	43860
12084	1277	41515	429	288	0	43509
12085	805	42629	408	346	0	44188
12086	492	1057	387	41712	0	43648
12087	441	666	297	42290	0	43694
12088	42223	356	277	1124	0	43980
12089	880	42604	366	704	0	44554
12090	41923	764	300	391	0	43378
12091	40790	539	324	344	0	41997
12092	1179	370	40322	290	0	42161
12093	814	39745	698	264	0	41521
12094	704	763	580	38915	0	40962
12095	38536	510	336	574	0	39956
12096	954	273	297	37862	0	39386
12097	36115	195	296	584	0	37190
12098	798	223	35391	394	0	36806
12099	572	34431	645	273	0	35921
12100	414	35358	465	219	0	36456
12101	472	971	364	31993	0	33800
12102	398	35704	263	416	0	36781
12103	35224	634	246	419	0	36523
12104	585	526	34684	248	0	36043
12105	32390	322	480	266	0	33458
12106	616	289	34923	243	0	36071
12107	518	237	488	34355	0	35598
12108	439	214	354	34836	0	35843
12109	427	167	263	35224	0	36081
12110	34551	167	217	646	0	35581
12111	615	195	34969	420	0	36199
12112	465	157	412	34426	0	35460
12113	332	177	326	33915	0	34750
12114	319	33368	228	637	0	34552
12115	285	33147	188	452	0	34072
12116	295	33912	186	279	0	34672
12117	237	483	122	31660	0	32502
12118	181	250	103	30353	0	30887
12119	76	29645	76	237	0	30034
12120	70	29900	64	140	0	30174
12121	29419	178	144	128	0	29869
12122	155	193	57	29245	0	29650
12123	98	29061	39	100	0	29298
12124	29443	81	59	90	0	29673
12125	128	63	35	29707	0	29933
12126	31421	29	43	134	0	31627
12127	166	35	37	32069	0	32307
12128	142	70	33059	174	0	33445
12129	48	33279	145	160	0	33632
12130	32197	148	115	100	0	32560
12131	163	149	33801	43	0	34156
12132	113	33860	142	52	0	34167
12133	62	129	98	33843	0	34132
12134	31	71	27	34252	0	34381
12135	26	21	12	33814	0	33873
12136	35	11	11	33664	0	33721
12137	32	59	33665	181	0	33937
12138	13	33425	120	136	0	33694
12139	27	104	76	33324	0	33531
12140	31985	81	22	138	0	32226
12141	92	33505	27	122	0	33746
12142	96	108	12	35388	0	35604
12143	49	144	35255	180	0	35628
12144	21	35662	197	177	0	36057
12145	183	199	152	31589	0	32123
12146	15	36775	44	102	0	36936
12147	37044	203	16	110	0	37373
12148	37255	149	10	68	0	37482
12149	382	70	36637	25	0	37114
12150	35802	21	208	54	0	36085
12151	37173	20	169	69	0	37431
12152	388	59	36599	37	0	37083
12153	189	37173	229	40	0	37631
12154	73	224	168	37158	0	37623
12155	32	180	32	38202	0	38446
12156	38168	24	17	418	0	38627
12157	222	21	12	38074	0	38329
12158	192	60	38249	239	0	38740
12159	34291	20	233	267	0	34811
12160	247	66	37962	54	0	38329
12161	203	38135	257	55	0	38650
12162	36787	220	196	50	0	37253
12163	251	221	37677	38	0	38187
12164	228	97	36861	46	0	37232
12165	42	37617	421	56	0	38136
12166	48	223	192	37817	0	38280
12167	41	241	37251	258	0	37791
12168	76	56	257	33355	0	33744
12169	48	19	198	36875	0	37140
12170	45	53	36175	428	0	36701
12171	18	36312	264	242	0	36836
12172	35	254	203	36378	0	36870
12173	36022	193	42	277	0	36534
12174	35790	38	28	238	0	36094
12175	436	28	20	36135	0	36619
12176	234	75	36023	269	0	36601
12177	54	85	37575	216	0	37930
12178	52	36	436	37082	0	37606
12179	47	82	36929	308	0	37366
12180	35626	36	280	249	0	36191
12181	304	24	225	37641	0	38194
12182	274	30	49	38063	0	38416
12183	50	38379	84	511	0	39024
12184	56	300	33	39225	0	39614
12185	56	315	38319	341	0	39031
12186	35845	50	321	312	0	36528
12187	38187	39	266	117	0	38609
12188	561	64	38854	81	0	39560
12189	304	43	332	41477	0	42156
12190	98	36	277	43010	0	43421
12191	60	77	43186	829	0	44152
12192	78	36	493	43701	0	44308
12193	96	40	386	43544	0	44066
12194	50	45173	128	877	0	46228
12195	70	539	49	46256	0	46914
12196	82	400	53	46690	0	47225
12197	47415	61	72	1018	0	48566
12198	49192	31	74	538	0	49835
12199	50176	47	61	158	0	50442
12200	49773	42	58	119	0	49992
12201	49400	42	64	147	0	49653
12202	1104	90	47885	123	0	49202
12203	588	48	615	47311	0	48562
12204	174	25	483	48491	0	49173
12205	100	93	48184	1075	0	49452
12206	46012	54	624	588	0	47278
12207	47739	43	486	172	0	48440
12208	1098	85	45980	115	0	47278
12209	47433	36	567	158	0	48194
12210	48418	34	469	132	0	49053
12211	1142	102	47848	92	0	49184
12212	651	72	658	45959	0	47340
12213	173	49505	573	641	0	50892
12214	177	653	145	52018	0	52993
12215	178	498	81	52303	0	53060
12216	153	88	89	52592	0	52922
12217	107	118	51361	1229	0	52815
12218	49162	49	704	712	0	50627
12219	51693	47	560	224	0	52524
12220	1224	51	154	51181	0	52610
12221	651	96	50491	787	0	52025
12222	202	63	731	50317	0	51313
12223	157	99	51650	851	0	52757
12224	141	91	52010	676	0	52918
12225	132	52607	1255	245	0	54239
12226	302	621	649	50534	0	52106
12227	50645	454	192	748	0	52039
12228	49401	83	114	584	0	50182
12229	50797	39	116	220	0	51172
12230	1236	50	130	49261	0	50677
12231	658	51988	141	740	0	53527
12232	227	720	92	52856	0	53895
12233	154	569	54100	909	0	55732
12234	55666	120	820	703	0	57309
12235	60047	56	609	280	0	60992
12236	1553	49	191	60003	0	61796
12237	878	65	104	60744	0	61791
12238	333	52	94	61509	0	61988
12239	236	123	59706	1697	0	61762
12240	50079	69	1028	1196	0	52372
12241	1022	58616	769	347	0	60754
12242	686	57375	277	280	0	58618
12243	260	1324	57382	254	0	59220
12244	262	738	862	56279	0	58141
12245	179	218	57780	976	0	59153
12246	53967	105	947	761	0	55780
12247	997	132	639	55513	0	57281
12248	745	130	55425	926	0	57226
12249	287	57061	930	773	0	59051
12250	55971	778	651	338	0	57738
12251	1016	629	58359	225	0	60229
12252	736	57450	959	242	0	59387
12253	259	58599	753	225	0	59836
12254	58552	1299	252	298	0	60401
12255	977	646	196	58688	0	60507
12256	719	223	60139	1003	0	62084
12257	293	60212	1007	792	0	62304
12258	60369	861	681	304	0	62215
12259	60660	624	234	270	0	61788
12260	1496	60166	252	265	0	62179
12261	791	966	61102	262	0	63121
12262	321	627	974	61080	0	63002
12263	61346	174	699	1046	0	63265
12264	61742	143	258	787	0	62930
12265	1573	208	61412	306	0	63499
12266	937	141	928	59952	0	61958
12267	399	110	713	62036	0	63258
12268	314	175	62042	1524	0	64055
12269	321	214	61529	805	0	62869
12270	61522	133	1534	348	0	63537
12271	63602	132	830	289	0	64853
12272	64235	171	303	275	0	64984
12273	64221	151	263	318	0	64953
12274	1654	217	62458	279	0	64608
12275	62232	121	1019	276	0	63648
12276	1287	144	728	61634	0	63793
12277	875	205	62315	1049	0	64444
12278	426	204	62506	836	0	63972
12279	325	62101	1564	432	0	64422
12280	348	874	818	60520	0	62560
12281	310	712	61523	1006	0	63551
12282	58643	256	1006	738	0	60643
12283	1125	255	764	52687	0	54831
12284	750	61107	439	782	0	63078
12285	61357	857	306	717	0	63237
12286	61939	591	305	401	0	63236
12287	1548	268	61395	328	0	63539
12288	903	60715	1056	308	0	62982
12289	425	714	604	57523	0	59266
12290	57323	548	296	797	0	58964
12291	947	266	226	56915	0	58354
12292	644	229	55423	827	0	57123
12293	49714	164	786	620	0	51284
12294	782	54605	643	287	0	56317
12295	582	53229	299	263	0	54373
12296	305	55426	332	219	0	56282
12297	53962	1051	632	303	0	55948
12298	53194	492	330	249	0	54265
12299	53639	184	243	167	0	54233
12300	1097	169	161	52600	0	54027
12301	642	213	53340	635	0	54830
12302	370	141	666	53592	0	54769
12303	53863	128	499	721	0	55211
12304	800	133	229	54423	0	55585
12305	55357	118	184	745	0	56404
12306	55173	115	199	553	0	56040
12307	54622	115	254	275	0	55266
12308	1002	54875	261	242	0	56380
12309	54719	570	214	246	0	55749
12310	775	502	53943	168	0	55388
12311	618	241	54632	167	0	55658
12312	365	53962	954	158	0	55439
12313	496	546	552	51251	0	52845
12314	50803	372	208	562	0	51945
12315	701	199	50684	405	0	51989
12316	49193	89	615	184	0	50081
12317	712	98	455	49145	0	50410
12318	470	50710	285	559	0	52024
12319	271	515	215	51363	0	52364
12320	241	461	51341	583	0	52626
12321	46976	150	604	532	0	48262
12322	677	192	52201	205	0	53275
12323	544	185	50704	146	0	51579
12324	48346	109	766	161	0	49382
12325	623	49334	510	156	0	50623
12326	50688	516	182	147	0	51533
12327	50669	352	184	195	0	51400
12328	955	202	49812	107	0	51076
12329	47905	94	613	186	0	48798
12330	657	160	48900	161	0	49878
12331	438	131	46505	152	0	47226
12332	311	161	47091	164	0	47727
12333	204	44971	762	129	0	46066
12334	41110	479	999	183	0	42771
12335	40352	211	174	131	0	40868
12336	40333	35	59	93	0	40520
12337	40155	36	59	87	0	40337
12338	432	105	40215	58	0	40810
12339	268	47	238	39632	0	40185
12340	112	40	180	40739	0	41071
12341	40508	28	73	426	0	41035
12342	271	40640	113	209	0	41233
12343	233	234	41	40318	0	40826
12344	39947	150	54	288	0	40439
12345	278	137	40746	191	0	41352
12346	252	57	226	40613	0	41148
12347	96	109	41985	316	0	42506
12348	94	41625	331	245	0	42295
12349	174	319	253	39672	0	40418
12350	39496	179	86	309	0	40070
12351	298	40	57	40816	0	41211
12352	230	139	40963	315	0	41647
12353	63	41223	307	282	0	41875
12354	40319	253	227	112	0	40911
12355	299	292	40754	70	0	41415
12356	38894	61	290	95	0	39340
12357	296	40788	272	86	0	41442
12358	41638	278	126	68	0	42110
12359	42192	235	52	116	0	42595
12360	569	36	38	42938	0	43581
12361	325	122	43105	348	0	43900
12362	78	43839	372	321	0	44610
12363	115	354	286	45659	0	46414
12364	104	285	56	46809	0	47254
12365	80	38	60	49701	0	49879
12366	95	50	45	51147	0	51337
12367	56	55245	124	994	0	56419
12368	56476	643	70	551	0	57740
12369	730	57161	122	118	0	58131
12370	637	743	46	58022	0	59448
12371	59009	547	52	793	0	60401
12372	833	101	58	59603	0	60595
12373	662	158	59082	897	0	60799
12374	140	59159	859	717	0	60875
12375	180	777	609	59102	0	60668
12376	125	638	81	60496	0	61340
12377	58112	102	70	1443	0	59727
12378	856	198	58073	694	0	59821
12379	57306	74	792	245	0	58417
12380	58161	86	641	201	0	59089
12381	58667	93	106	182	0	59048
12382	1461	184	57717	152	0	59514
12383	803	109	814	56809	0	58535
12384	247	105	637	57916	0	58905
12385	159	202	58500	1484	0	60345
12386	169	177	59223	807	0	60376
12387	58614	91	1468	302	0	60475
12388	1033	89	751	60448	0	62321
12389	61674	98	176	1032	0	62980
12390	62648	100	139	860	0	63747
12391	1696	105	101	62386	0	64288
12392	901	190	64971	1106	0	67168
12393	61551	102	1092	1011	0	63756
12394	1205	95	822	66029	0	68151
12395	911	203	66057	1218	0	68389
12396	308	65354	1143	1012	0	67817
12397	64904	1074	877	346	0	67201
12398	1174	66390	302	333	0	68199
12399	1138	1182	189	58539	0	61048
12400	387	67067	232	1050	0	68736
12401	65195	1122	205	932	0	67454
12402	65788	875	217	395	0	67275
12403	1937	65456	297	390	0	68080
12404	65640	1092	217	355	0	67304
12405	64598	895	235	390	0	66118
12406	1982	63877	298	405	0	66562
12407	64649	1111	217	384	0	66361
12408	1474	847	219	63597	0	66137
12409	1241	182	254	64554	0	66231
12410	63880	177	218	1934	0	66209
12411	1498	153	240	60233	0	62124
12412	1191	62150	342	1191	0	64874
12413	62380	1098	226	1029	0	64733
12414	62228	892	266	422	0	63808
12415	1962	62333	369	412	0	65076
12416	63222	1115	262	416	0	65015
12417	63403	921	261	351	0	64936
12418	2181	250	244	61950	0	64625
12419	1320	347	61780	1305	0	64752
12420	625	61588	1209	1205	0	64627
12421	62331	1158	901	475	0	64865
12422	62625	966	290	406	0	64287
12423	2305	424	60982	351	0	64062
12424	61279	268	1145	427	0	63119
12425	1533	389	60662	401	0	62985
12426	60317	276	1203	344	0	62140
12427	1523	337	920	59943	0	62723
12428	1276	406	59791	1301	0	62774
12429	665	459	60422	1027	0	62573
12430	650	545	1841	58241	0	61277
12431	670	368	952	59205	0	61195
12432	630	441	57721	1925	0	60717
12433	773	303	1098	57822	0	59996
12434	697	440	58425	1288	0	60850
12435	750	342	1187	57771	0	60050
12436	792	377	933	56483	0	58585
12437	701	56433	416	1934	0	59484
12438	714	56642	386	1200	0	58942
12439	665	58718	391	588	0	60362
12440	712	1895	308	57139	0	60054
12441	780	996	307	58124	0	60207
12442	625	457	56796	2060	0	59938
12443	54490	315	1202	1275	0	57282
12444	57568	300	987	544	0	59399
12445	2254	56003	435	477	0	59169
12446	56467	1147	348	421	0	58383
12447	1662	941	317	54825	0	57745
12448	56127	357	358	1340	0	58182
12449	56301	298	363	1097	0	58059
12450	2294	287	364	54708	0	57653
12451	52806	339	377	1270	0	54792
12452	1415	51679	431	1084	0	54609
12453	1273	52648	443	418	0	54782
12454	722	1772	357	48985	0	51836
12455	623	52468	466	1109	0	54666
12456	696	1145	329	50691	0	52861
12457	734	882	313	51259	0	53188
12458	49660	287	276	1736	0	51959
12459	1260	48710	450	1165	0	51585
12460	48049	1004	290	513	0	49856
12461	46461	771	346	466	0	48044
12462	1706	46322	395	483	0	48906
12463	44979	942	290	510	0	46721
12464	1270	769	43793	485	0	46317
12465	856	40890	915	406	0	43067
12466	38035	735	645	401	0	39816
12467	775	540	35248	315	0	36878
12468	556	32746	551	216	0	34069
12469	335	33412	570	242	0	34559
12470	31184	717	530	194	0	32625
12471	30817	414	139	152	0	31522
12472	30935	164	109	160	0	31368
12473	794	30347	134	289	0	31564
12474	501	434	117	30636	0	31688
12475	30716	356	103	500	0	31675
12476	30844	165	107	420	0	31536
12477	811	135	103	30443	0	31492
12478	493	154	30698	477	0	31822
12479	219	183	30714	426	0	31542
12480	226	120	697	30469	0	31512
12481	217	116	389	31223	0	31945
12482	213	136	30934	747	0	32030
12483	233	95	437	29592	0	30357
12484	158	30322	431	501	0	31412
12485	29227	368	143	358	0	30096
12486	499	344	110	28630	0	29583
12487	27334	104	90	389	0	27917
12488	388	27394	125	380	0	28287
12489	306	27501	130	160	0	28097
12490	26502	446	70	161	0	27179
12491	316	283	25991	95	0	26685
12492	22030	165	205	92	0	22492
12493	207	22743	228	64	0	23242
12494	205	141	51	21340	0	21737
12495	21216	116	22	150	0	21504
12496	164	36	19	21091	0	21310
12497	21337	22	25	167	0	21551
12498	20920	35	28	126	0	21109
12499	211	21619	46	64	0	21940
12500	20949	96	15	48	0	21108
12501	109	20784	34	22	0	20949
12502	20809	93	28	57	0	20987
12503	144	85	19	20785	0	21033
12504	21183	24	27	131	0	21365
12505	115	19	9	21617	0	21760
12506	22267	19	8	138	0	22432
12507	22816	21	13	116	0	22966
12508	23113	22	9	45	0	23189
12509	23221	24	11	60	0	23316
12510	23425	17	9	42	0	23493
12511	175	15	7	23596	0	23793
12512	23087	14	16	120	0	23237
12513	111	22836	28	100	0	23075
12514	89	130	22844	35	0	23098
12515	52	85	88	22627	0	22852
12516	40	53	23455	102	0	23650
12517	44	23	101	24122	0	24290
12518	42	49	24635	142	0	24868
12519	23628	21	121	127	0	23897
12520	143	31	85	24561	0	24820
12521	113	45	24344	137	0	24639
12522	50	61	24861	111	0	25083
12523	45	49	195	24896	0	25185
12524	27250	25	117	180	0	27572
12525	163	28758	48	130	0	29099
12526	29037	158	13	55	0	29263
12527	28992	135	20	34	0	29181
12528	292	29153	36	57	0	29538
12529	30270	156	13	103	0	30542
12530	206	140	17	30445	0	30808
12531	182	32	13	30672	0	30899
12532	74	17	6	31008	0	31105
12533	30764	15	8	323	0	31110
12534	174	31548	48	195	0	31965
12535	168	192	11	31904	0	32275
12536	54	160	13	32302	0	32529
12537	32090	26	14	386	0	32516
12538	216	22	12	32322	0	32572
12539	198	74	32936	250	0	33458
12540	47	34033	245	204	0	34529
12541	34332	250	210	81	0	34873
12542	292	229	37	33305	0	33863
12543	236	34884	74	242	0	35436
12544	34727	255	22	242	0	35246
12545	299	261	34869	71	0	35500
12546	238	34900	282	28	0	35448
12547	35122	259	222	60	0	35663
12548	288	247	46	34792	0	35373
12549	257	42	20	34948	0	35267
12550	59	75	34781	470	0	35385
12551	56	35	257	34300	0	34648
12552	53	75	36920	311	0	37359
12553	38	69	35628	251	0	35986
12554	48	65	36807	76	0	36996
12555	35503	25	519	76	0	36123
12556	36664	15	257	75	0	37011
12557	37552	16	54	77	0	37699
12558	518	32	42	36582	0	37174
12559	275	36962	86	256	0	37579
12560	71	37701	77	247	0	38096
12561	37915	461	21	107	0	38504
12562	37695	254	32	100	0	38081
12563	442	38340	54	66	0	38902
12564	37776	242	39	77	0	38134
12565	282	267	37671	54	0	38274
12566	236	107	37501	49	0	37893
12567	97	39	437	35140	0	35713
12568	76	34	235	37475	0	37820
12569	65	82	37503	441	0	38091
12570	67	33	262	36762	0	37124
12571	37062	19	241	309	0	37631
12572	262	82	37195	249	0	37788
12573	36044	37	259	88	0	36428
12574	311	26	233	37282	0	37852
12575	251	82	38327	293	0	38953
12576	73	38816	308	267	0	39464
12577	39005	228	235	124	0	39592
12578	291	292	38188	60	0	38831
12579	37554	56	279	61	0	37950
12580	314	26	236	38292	0	38868
12581	38638	34	67	298	0	39037
12582	324	81	40246	268	0	40919
12583	282	33	278	40591	0	41184
12584	42320	35	249	341	0	42945
12585	43347	39	69	309	0	43764
12586	44589	32	61	126	0	44808
12587	44831	38	47	107	0	45023
12588	643	43	47	43397	0	44130
12589	358	32	58	43593	0	44041
12590	108	117	43706	621	0	44552
12591	131	54	333	43653	0	44171
12592	135	47	304	43143	0	43629
12593	83	45102	118	649	0	45952
12594	45410	360	51	381	0	46202
12595	45952	333	55	143	0	46483
12596	705	47549	126	112	0	48492
12597	431	436	54	47248	0	48169
12598	146	378	63	47991	0	48578
12599	46192	72	63	846	0	47173
12600	511	122	48722	484	0	49839
12601	473	49	460	49122	0	50104
12602	133	121	50187	541	0	50982
12603	47929	43	512	521	0	49005
12604	50098	52	422	155	0	50727
12605	50519	38	104	135	0	50796
12606	913	39	73	49190	0	50215
12607	526	49	50	49134	0	49759
12608	48633	33	69	870	0	49605
12609	566	98	48368	509	0	49541
12610	504	51	480	48331	0	49366
12611	48576	39	403	558	0	49576
12612	544	35	95	48963	0	49637
12613	477	109	51505	589	0	52680
12614	193	112	50487	460	0	51252
12615	48185	69	816	235	0	49305
12616	510	51246	519	155	0	52430
12617	51792	423	133	180	0	52528
12618	52173	361	63	169	0	52766
12619	869	62	90	52057	0	53078
12620	496	89	78	51760	0	52423
12621	153	51882	120	846	0	53001
12622	51286	407	71	520	0	52284
12623	503	52548	144	131	0	53326
12624	416	51641	124	111	0	52292
12625	229	646	69	49848	0	50792
12626	49893	331	64	493	0	50781
12627	50754	73	65	430	0	51322
12628	770	43	54	50227	0	51094
12629	467	43	57	49227	0	49794
12630	202	55	46	49384	0	49687
12631	48009	40	44	811	0	48904
12632	512	104	48561	477	0	49654
12633	419	48578	466	194	0	49657
12634	47976	348	324	204	0	48852
12635	478	368	91	47966	0	48903
12636	412	143	48058	458	0	49071
12637	198	122	47846	406	0	48572
12638	120	47953	720	183	0	48976
12639	125	48406	387	145	0	49063
12640	338	602	250	46109	0	47299
12641	121	44593	138	355	0	45207
12642	181	329	54	46464	0	47028
12643	139	266	54	47288	0	47747
12644	47138	77	63	661	0	47939
12645	382	66	47	47573	0	48068
12646	345	69	52	47766	0	48232
12647	180	140	47296	593	0	48209
12648	142	81	327	47972	0	48522
12649	48009	69	277	495	0	48850
12650	48388	56	106	403	0	48953
12651	652	50211	118	215	0	51196
12652	48808	366	57	194	0	49425
12653	510	394	48902	194	0	50000
12654	389	49478	432	220	0	50519
12655	229	402	320	50138	0	51089
12656	185	310	126	51062	0	51683
12657	147	106	92	51305	0	51650
12658	50897	84	104	794	0	51879
12659	47349	85	168	515	0	48117
12660	716	154	50212	220	0	51302
12661	449	152	49887	175	0	50663
12662	221	160	50992	202	0	51575
12663	192	51123	743	191	0	52249
12664	179	51906	434	166	0	52685
12665	51734	690	103	222	0	52749
12666	51476	380	104	253	0	52213
12667	778	110	90	52213	0	53191
12668	473	80	108	51259	0	51920
12669	189	52530	173	787	0	53679
12670	159	446	95	53660	0	54360
12671	206	458	53254	570	0	54488
12672	161	53902	522	555	0	55140
12673	186	465	370	54176	0	55197
12674	205	478	56475	530	0	57688
12675	256	173	478	51571	0	52478
12676	149	55495	440	544	0	56628
12677	57064	524	107	504	0	58199
12678	57081	431	66	260	0	57838
12679	59126	147	73	224	0	59570
12680	1043	141	70	58996	0	60250
12681	606	111	78	59413	0	60208
12682	59212	111	85	1110	0	60518
12683	679	59033	161	611	0	60484
12684	59849	595	119	282	0	60845
12685	738	598	61585	196	0	63117
12686	61729	117	649	240	0	62735
12687	63462	83	578	236	0	64359
12688	1378	101	127	62093	0	63699
12689	64720	93	94	778	0	65685
12690	65067	89	121	708	0	65985
12691	1375	105	108	65486	0	67074
12692	732	173	65070	774	0	66749
12693	60249	97	715	802	0	61863
12694	770	210	66386	209	0	67575
12695	683	67444	798	132	0	69057
12696	347	715	756	67174	0	68992
12697	185	626	104	68412	0	69327
12698	72085	95	96	1433	0	73709
12699	934	143	73283	766	0	75126
12700	810	188	897	65301	0	67196
12701	145	71930	827	807	0	73709
12702	95	70988	223	740	0	72046
12703	158	1609	101	71346	0	73214
12704	125	894	71480	989	0	73488
12705	152	175	946	72014	0	73287
12706	193	100	780	70498	0	71571
12707	153	205	70223	1692	0	72273
12708	138	71864	949	907	0	73858
12709	68549	951	772	297	0	70569
12710	915	72756	215	220	0	74106
12711	870	1015	124	69930	0	71939
12712	67835	847	115	1012	0	69809
12713	902	67968	218	896	0	69984
12714	820	986	68908	216	0	70930
12715	65812	825	948	212	0	67797
12716	965	70134	927	178	0	72204
12717	70536	961	162	241	0	71900
12718	1127	932	68582	227	0	70868
12719	67693	181	942	245	0	69061
12720	1100	144	833	67650	0	69727
12721	922	230	68870	1061	0	71083
12722	293	129	985	65914	0	67321
12723	187	66831	943	1064	0	69025
12724	275	972	202	68415	0	69864
12725	237	850	153	67946	0	69186
12726	269	301	66970	1812	0	69352
12727	312	153	979	67531	0	68975
12728	297	300	60862	1191	0	62650
12729	267	67593	930	1086	0	69876
12730	312	1069	766	67006	0	69153
12731	333	973	68298	1144	0	70748
12732	301	67988	1109	1026	0	70424
12733	304	69672	994	346	0	71316
12734	310	1872	68315	320	0	70817
12735	360	1037	68509	307	0	70213
12736	352	251	1817	67148	0	69568
12737	67443	175	964	1254	0	69836
12738	1267	67358	359	1089	0	70073
12739	1148	1117	211	65868	0	68344
12740	66292	912	185	1235	0	68624
12741	1302	66731	324	1118	0	69475
12742	67030	1098	194	444	0	68766
12743	1384	68476	337	368	0	70565
12744	68573	1169	221	376	0	70339
12745	68572	1006	268	392	0	70238
12746	69693	275	279	406	0	70653
12747	2240	71246	368	512	0	74366
12748	1406	1221	296	71591	0	74514
12749	681	1136	70659	1445	0	73921
12750	543	70634	1386	1347	0	73910
12751	684	1309	1155	68761	0	71909
12752	713	1094	439	69321	0	71567
12753	600	442	67427	2129	0	70598
12754	593	66103	1337	1326	0	69359
12755	65138	1174	1174	571	0	68057
12756	1501	65592	466	561	0	68120
12757	1356	1252	316	64769	0	67693
12758	536	1080	64834	1467	0	67917
12759	61769	359	1342	1281	0	64751
12760	1405	361	1157	65494	0	68417
12761	1098	448	64556	1437	0	67539
12762	60367	377	1315	1331	0	63390
12763	1276	63038	1236	616	0	66166
12764	63693	1266	462	603	0	66024
12765	63487	1191	326	627	0	65631
12766	2043	424	334	63033	0	65834
12767	1146	509	62853	1466	0	65974
12768	468	62624	1336	1259	0	65687
12769	306	1422	62891	566	0	65185
12770	342	1308	1252	60463	0	63365
12771	349	602	1121	62557	0	64629
12772	60220	427	426	2180	0	63253
12773	1173	451	60513	1445	0	63582
12774	1057	58320	1379	475	0	61231
12775	463	1285	1026	57686	0	60460
12776	418	1136	329	58336	0	60219
12777	56517	450	355	1851	0	59173
12778	1196	57078	375	1166	0	59815
12779	1134	1115	218	54831	0	57298
12780	53328	1025	231	1112	0	55696
12781	991	53182	331	968	0	55472
12782	51988	944	186	295	0	53413
12783	51443	864	241	247	0	52795
12784	1595	50385	332	275	0	52587
12785	45966	776	151	197	0	47090
12786	862	46172	245	197	0	47476
12787	45674	785	158	184	0	46801
12788	45282	617	167	197	0	46263
12789	1273	44504	201	212	0	46190
12790	42693	665	115	191	0	43664
12791	43441	532	114	185	0	44272
12792	43464	148	117	173	0	43902
12793	1183	178	42275	157	0	43793
12794	574	169	39754	145	0	40642
12795	183	139	40257	130	0	40709
12796	39178	234	1236	152	0	40800
12797	656	166	39151	133	0	40106
12798	459	134	34750	97	0	35440
12799	221	237	740	32301	0	33499
12800	32800	85	409	415	0	33709
12801	432	126	33261	369	0	34188
12802	412	126	34583	133	0	35254
12803	161	86	710	33987	0	34944
12804	148	82	409	34774	0	35413
12805	146	82	111	35331	0	35670
12806	139	144	34669	764	0	35716
12807	144	67	410	34727	0	35348
12808	34167	87	368	473	0	35095
12809	451	34730	158	417	0	35756
12810	455	417	76	34716	0	35664
12811	205	375	60	35426	0	36066
12812	143	158	35739	730	0	36770
12813	124	35255	486	427	0	36292
12814	34893	435	388	166	0	35882
12815	488	35669	162	136	0	36455
12816	465	466	95	35402	0	36428
12817	179	427	35479	473	0	36558
12818	167	115	489	37392	0	38163
12819	161	79	419	37949	0	38608
12820	37871	74	155	918	0	39018
12821	598	79	133	36683	0	37493
12822	524	37498	168	586	0	38776
12823	180	38841	172	527	0	39720
12824	143	964	39061	184	0	40352
12825	38668	501	620	148	0	39937
12826	654	110	535	39421	0	40720
12827	583	73	159	39677	0	40492
12828	243	79	115	40113	0	40550
12829	39635	80	122	1084	0	40921
12830	596	40211	161	663	0	41631
12831	40129	548	140	231	0	41048
12832	646	539	38936	150	0	40271
12833	541	184	38793	155	0	39673
12834	38886	96	998	181	0	40161
12835	684	102	619	39618	0	41023
12836	551	92	174	40551	0	41368
12837	213	85	140	41025	0	41463
12838	137	135	40415	1104	0	41791
12839	39835	80	632	640	0	41187
12840	40854	92	538	242	0	41726
12841	40087	100	198	206	0	40591
12842	1104	160	142	39268	0	40674
12843	593	133	38458	695	0	39879
12844	241	127	37786	612	0	38766
12845	193	130	39111	282	0	39716
12846	172	37334	1000	239	0	38745
12847	386	495	726	33852	0	35459
12848	33855	359	154	519	0	34887
12849	459	119	34108	486	0	35172
12850	34412	70	462	222	0	35166
12851	516	85	409	34568	0	35578
12852	471	99	142	34041	0	34753
12853	153	33997	166	804	0	35120
12854	134	34552	180	500	0	35366
12855	130	35560	187	245	0	36122
12856	207	726	164	35034	0	36131
12857	35076	396	139	541	0	36152
12858	35224	91	121	514	0	35950
12859	787	122	34818	240	0	35967
12860	34138	61	494	241	0	34934
12861	523	124	34868	201	0	35716
12862	499	83	510	34406	0	35498
12863	194	104	34849	524	0	35671
12864	33952	75	519	495	0	35041
12865	539	111	448	34465	0	35563
12866	449	143	35863	484	0	36939
12867	194	111	34757	464	0	35526
12868	33822	73	805	245	0	34945
12869	34985	95	459	236	0	35775
12870	753	35500	217	261	0	36731
12871	469	421	156	35776	0	36822
12872	198	381	35768	544	0	36891
12873	189	179	35699	458	0	36525
12874	186	195	757	35552	0	36690
12875	35599	120	496	548	0	36763
12876	470	35575	210	484	0	36739
12877	454	418	154	35854	0	36880
12878	35940	376	117	561	0	36994
12879	508	108	132	35834	0	36582
12880	449	36121	202	548	0	37320
12881	240	395	149	36528	0	37312
12882	36192	363	171	495	0	37221
12883	567	114	142	36489	0	37312
12884	36390	72	170	550	0	37182
12885	529	36810	213	491	0	38043
12886	36964	370	196	252	0	37782
12887	527	390	36310	228	0	37455
12888	35288	134	512	215	0	36149
12889	36306	105	429	220	0	37060
12890	721	36579	243	190	0	37733
12891	488	494	182	35367	0	36531
12892	221	345	35684	434	0	36684
12893	165	137	34905	421	0	35628
12894	32646	250	717	242	0	33855
12895	32179	124	394	202	0	32899
12896	541	32832	148	149	0	33670
12897	334	33132	142	168	0	33776
12898	32578	471	145	155	0	33349
12899	364	32613	150	155	0	33282
12900	343	33204	159	128	0	33834
12901	201	448	96	32762	0	33507
12902	148	222	98	31861	0	32329
12903	144	112	31921	563	0	32740
12904	172	73	316	31952	0	32513
12905	31568	71	269	359	0	32267
12906	396	105	31771	322	0	32594
12907	357	127	32158	155	0	32797
12908	179	72	498	31381	0	32130
12909	193	65	311	32473	0	33042
12910	191	62	142	32377	0	32772
12911	160	114	31838	477	0	32589
12912	129	91	305	30579	0	31104
12913	173	79	267	31460	0	31979
12914	30868	50	124	447	0	31489
12915	284	30748	120	274	0	31426
12916	30336	210	87	95	0	30728
12917	278	241	30583	101	0	31203
12918	26444	31	155	92	0	26722
12919	158	28994	157	46	0	29355
12920	27424	78	51	41	0	27594
12921	92	27520	25	58	0	27695
12922	26370	74	72	42	0	26558
12923	66	26001	32	38	0	26137
12924	70	25742	67	37	0	25916
12925	167	119	111	25412	0	25809
12926	25728	47	48	65	0	25888
12927	25705	18	3	75	0	25801
12928	25844	7	13	30	0	25894
12929	80	36	25616	12	0	25744
12930	54	38	25427	17	0	25536
12931	27	20	87	25583	0	25717
12932	11	26381	66	59	0	26517
12933	16	26938	31	61	0	27046
12934	30	100	5	25776	0	25911
12935	25957	47	7	67	0	26078
12936	25938	9	8	58	0	26013
12937	26033	13	4	33	0	26083
12938	106	46	25976	16	0	26144
12939	69	15	56	26278	0	26418
12940	21	47	26834	78	0	26980
12941	26631	14	71	84	0	26800
12942	27353	4	59	53	0	27469
12943	131	34	27370	18	0	27553
12944	76	11	74	27642	0	27803
12945	27529	2	65	124	0	27720
12946	91	14	17	28694	0	28816
12947	85	10	8	29104	0	29207
12948	30	13	12	31171	0	31226
12949	32778	12	14	268	0	33072
12950	194	8	3	34769	0	34974
12951	34845	13	14	265	0	35137
12952	241	37274	32	196	0	37743
12953	221	258	12	39649	0	40140
12954	55	222	14	39857	0	40148
12955	54	36	16	38401	0	38507
12956	39126	10	9	540	0	39685
12957	321	14	19	39151	0	39505
12958	302	12	17	35872	0	36203
12959	39620	14	20	506	0	40160
12960	39899	17	13	265	0	40194
12961	39737	16	15	88	0	39856
12962	578	47	39218	42	0	39885
12963	300	53	37502	50	0	37905
12964	38916	15	503	57	0	39491
12965	335	17	251	39253	0	39856
12966	318	23	30	36237	0	36608
12967	38974	11	16	576	0	39577
12968	38504	20	24	291	0	38839
12969	36758	39	23	98	0	36918
12970	544	37665	42	80	0	38331
12971	38058	291	12	83	0	38444
12972	36029	254	18	68	0	36369
12973	546	37545	53	65	0	38209
12974	283	37303	58	126	0	37770
12975	189	502	33	34150	0	34874
12976	38600	251	34	266	0	39151
12977	38655	24	36	256	0	38971
12978	38394	15	28	104	0	38541
12979	607	10	27	37602	0	38246
12980	37959	11	23	343	0	38336
12981	381	67	37785	265	0	38498
12982	36912	21	311	100	0	37344
12983	393	55	38083	73	0	38604
12984	317	71	36685	78	0	37151
12985	121	48	505	36297	0	36971
12986	36587	30	275	379	0	37271
12987	316	34	52	36597	0	36999
12988	316	71	37120	379	0	37886
12989	137	56	36934	343	0	37470
12990	146	37	515	34755	0	35453
12991	35481	47	267	362	0	36157
12992	340	36979	101	374	0	37794
12993	354	296	53	37678	0	38381
12994	181	246	44	38041	0	38512
12995	157	79	38743	620	0	39599
12996	158	72	38084	371	0	38685
12997	165	33	544	38431	0	39173
12998	38666	28	302	460	0	39456
12999	459	109	38578	418	0	39564
13000	449	52	322	38561	0	39384
13001	223	40	292	38976	0	39531
13002	198	59	87	38674	0	39018
13003	38220	58	72	778	0	39128
13004	480	112	34082	517	0	35191
13005	433	38339	294	325	0	39391
13006	264	323	235	38898	0	39720
13007	292	326	38534	558	0	39710
13008	322	38295	377	540	0	39534
13009	328	39173	371	313	0	40185
13010	39270	573	132	282	0	40257
13011	597	39377	143	386	0	40503
13012	39975	379	113	374	0	40841
13013	613	398	39450	402	0	40863
13014	589	126	367	40053	0	41135
13015	39989	76	322	784	0	41171
13016	683	40692	144	708	0	42227
13017	674	447	40643	499	0	42263
13018	566	368	415	36503	0	37852
13019	478	41175	402	611	0	42666
13020	525	438	147	42376	0	43486
13021	42395	378	177	704	0	43654
13022	779	43333	246	619	0	44977
13023	44126	473	181	393	0	45173
13024	44532	382	181	393	0	45488
13025	1193	184	44353	368	0	46098
13026	896	46012	595	316	0	47819
13027	597	563	505	47905	0	49570
13028	604	511	49450	714	0	51279
13029	582	236	52636	598	0	54052
13030	560	241	1180	53201	0	55182
13031	54644	134	730	836	0	56344
13032	54457	172	243	724	0	55596
13033	1614	156	169	54479	0	56418
13034	990	264	54919	928	0	57101
13035	493	55066	876	771	0	57206
13036	56296	789	658	360	0	58103
13037	56545	663	186	260	0	57654
13038	1623	56569	268	275	0	58735
13039	57358	827	181	274	0	58640
13040	1102	771	56035	233	0	58141
13041	55758	149	852	235	0	56994
13042	53303	135	858	255	0	54551
13043	1436	209	55796	246	0	57687
13044	872	129	901	54623	0	56525
13045	394	123	55443	929	0	56889
13046	306	53346	1004	810	0	55466
13047	277	53782	888	323	0	55270
13048	337	1434	272	49989	0	52032
13049	186	589	50352	753	0	51880
13050	118	47640	696	556	0	49010
13051	109	47195	588	168	0	48060
13052	43646	944	324	202	0	45116
13053	43499	407	79	87	0	44072
13054	831	64	43	43559	0	44497
13055	449	50	50	42471	0	43020
13056	95	43824	90	797	0	44806
13057	43014	475	52	453	0	43994
13058	43742	379	54	128	0	44303
13059	838	43867	94	104	0	44903
13060	442	491	43	43976	0	44952
13061	130	439	44020	520	0	45109
13062	116	87	476	44172	0	44851
13063	44511	63	399	579	0	45552
13064	570	72	81	44968	0	45691
13065	479	64	60	45704	0	46307
13066	45650	48	69	922	0	46689
13067	570	66	83	45195	0	45914
13068	435	45333	123	579	0	46470
13069	177	479	78	46530	0	47264
13070	141	401	68	46839	0	47449
13071	117	94	66	46000	0	46277
13072	107	45957	151	886	0	47101
13073	123	524	84	46076	0	46807
13074	122	498	45488	600	0	46708
13075	137	119	528	45566	0	46350
13076	137	175	45585	616	0	46513
13077	135	45128	622	504	0	46389
13078	168	556	454	45642	0	46820
13079	190	464	112	46067	0	46833
13080	181	113	105	46545	0	46944
13081	180	91	120	46335	0	46726
13082	146	196	45332	1020	0	46694
13083	140	45043	649	575	0	46407
13084	165	577	453	45653	0	46848
13085	196	541	46350	635	0	47722
13086	185	141	575	46680	0	47581
13087	46711	121	527	717	0	48076
13088	684	193	46078	570	0	47525
13089	45693	118	622	228	0	46661
13090	792	107	485	46700	0	48084
13091	597	179	46857	715	0	48348
13092	237	46457	700	641	0	48035
13093	228	629	499	46231	0	47587
13094	198	605	47298	720	0	48821
13095	197	47185	717	629	0	48728
13096	226	688	549	47110	0	48573
13097	47416	548	176	788	0	48928
13098	48117	185	182	644	0	49128
13099	48811	158	140	293	0	49402
13100	1211	230	47972	244	0	49657
13101	693	48659	738	225	0	50315
13102	289	695	562	48651	0	50197
13103	231	590	190	50533	0	51544
13104	51474	189	148	1252	0	53063
13105	781	52659	214	746	0	54400
13106	53564	794	123	317	0	54798
13107	52939	676	127	291	0	54033
13108	53780	211	133	326	0	54450
13109	1392	251	52762	274	0	54679
13110	52959	154	803	276	0	54192
13111	953	139	660	53351	0	55103
13112	789	150	160	53499	0	54598
13113	52449	130	118	1500	0	54197
13114	871	125	125	52113	0	53234
13115	707	51617	208	972	0	53504
13116	242	785	83	51523	0	52633
13117	49858	649	105	973	0	51585
13118	788	237	49613	854	0	51492
13119	687	48929	813	317	0	50746
13120	226	721	588	48027	0	49562
13121	47638	617	135	835	0	49225
13122	737	180	47082	767	0	48766
13123	723	814	765	45459	0	47761
13124	376	143	45834	816	0	47169
13125	345	155	44327	698	0	45525
13126	319	124	43245	232	0	43920
13127	253	132	42052	228	0	42665
13128	243	156	40402	198	0	40999
13129	34540	413	1208	168	0	36329
13130	362	35061	449	128	0	36000
13131	34294	294	91	98	0	34777
13132	33810	283	59	110	0	34262
13133	570	33766	95	82	0	34513
13134	318	34142	99	75	0	34634
13135	34080	526	98	84	0	34788
13136	33994	281	49	118	0	34442
13137	590	61	57	32428	0	33136
13138	329	33568	86	310	0	34293
13139	33765	292	61	308	0	34426
13140	330	33833	102	86	0	34351
13141	339	304	47	33714	0	34404
13142	34035	278	48	372	0	34733
13143	34011	56	58	332	0	34457
13144	599	59	49	33956	0	34663
13145	353	44	53	34139	0	34589
13146	106	113	33880	565	0	34664
13147	116	45	328	33566	0	34055
13148	92	100	34015	366	0	34573
13149	116	45	331	32893	0	33385
13150	117	40	296	33368	0	33821
13151	33308	41	80	588	0	34017
13152	33169	48	79	341	0	33637
13153	591	100	33052	104	0	33847
13154	32480	42	353	83	0	32958
13155	390	49	302	32999	0	33740
13156	336	125	33385	339	0	34185
13157	146	46	346	33479	0	34017
13158	131	61	291	35466	0	35949
13159	105	113	35578	643	0	36439
13160	151	54	367	36242	0	36814
13161	122	97	37469	421	0	38109
13162	135	71	410	38667	0	39283
13163	40065	56	363	518	0	41002
13164	531	40851	156	457	0	41995
13165	41132	486	88	157	0	41863
13166	556	42042	114	131	0	42843
13167	41235	541	84	128	0	41988
13168	585	41512	140	114	0	42351
13169	40715	533	99	106	0	41453
13170	588	41597	123	112	0	42420
13171	542	566	69	41293	0	42470
13172	174	519	41507	543	0	42743
13173	178	196	41265	490	0	42129
13174	166	104	910	40869	0	42049
13175	40910	69	512	588	0	42079
13176	591	41615	210	553	0	42969
13177	547	545	89	41777	0	42958
13178	162	525	41848	626	0	43161
13179	170	184	42333	521	0	43208
13180	210	226	945	39348	0	40729
13181	118	42229	591	547	0	43485
13182	41827	532	167	497	0	43023
13183	591	522	42921	188	0	44222
13184	527	173	42074	168	0	42942
13185	146	42512	986	152	0	43796
13186	41886	567	680	171	0	43304
13187	42060	437	192	134	0	42823
13188	932	123	119	41504	0	42678
13189	42352	85	139	556	0	43132
13190	41433	70	135	493	0	42131
13191	882	41565	209	154	0	42810
13192	41455	474	122	151	0	42202
13193	601	488	42108	100	0	43297
13194	519	133	514	41020	0	42186
13195	236	95	447	41020	0	41798
13196	40369	85	152	828	0	41434
13197	527	40485	179	507	0	41698
13198	39908	481	97	180	0	40666
13199	533	40966	150	133	0	41782
13200	448	40665	129	133	0	41375
13201	251	784	39638	121	0	40794
13202	190	512	38871	110	0	39683
13203	35543	344	758	120	0	36765
13204	36653	126	409	112	0	37300
13205	611	122	35771	74	0	36578
13206	309	34630	363	68	0	35370
13207	143	35384	296	69	0	35892
13208	34878	531	167	70	0	35646
13209	34783	297	84	93	0	35257
13210	580	116	61	34836	0	35593
13211	35478	90	73	348	0	35989
13212	402	89	67	35303	0	35861
13213	315	104	35285	351	0	36055
13214	132	147	33973	269	0	34521
13215	34035	77	514	163	0	34789
13216	382	97	286	33962	0	34727
13217	290	37064	170	282	0	37806
13218	37703	331	94	284	0	38412
13219	37629	259	106	136	0	38130
13220	571	160	37903	87	0	38721
13221	37814	101	347	109	0	38371
13222	39188	63	289	107	0	39647
13223	639	67	122	38556	0	39384
13224	365	38763	142	353	0	39623
13225	198	39876	134	295	0	40503
13226	177	617	83	40302	0	41179
13227	178	346	68	39670	0	40262
13228	186	118	78	40366	0	40748
13229	164	156	39634	656	0	40610
13230	157	166	38680	395	0	39398
13231	191	96	634	38790	0	39711
13232	153	143	39407	419	0	40122
13233	148	174	39032	357	0	39711
13234	157	109	664	38499	0	39429
13235	165	165	40894	431	0	41655
13236	136	40658	526	383	0	41703
13237	42266	445	410	231	0	43352
13238	513	372	176	41419	0	42480
13239	420	42052	178	451	0	43101
13240	196	505	43381	385	0	44467
13241	159	368	494	43217	0	44238
13242	145	201	45074	494	0	45914
13243	168	98	537	44650	0	45453
13244	173	95	439	46026	0	46733
13245	144	179	47432	843	0	48598
13246	189	93	535	46299	0	47116
13247	121	47602	544	571	0	48838
13248	159	503	160	48816	0	49638
13249	159	487	48599	554	0	49799
13250	165	134	536	48235	0	49070
13251	47186	112	451	633	0	48382
13252	537	48392	223	558	0	49710
13253	489	547	156	48336	0	49528
13254	194	510	49429	586	0	50719
13255	147	48540	597	550	0	49834
13256	170	49132	488	221	0	50011
13257	249	894	48011	194	0	49348
13258	205	513	506	45637	0	46861
13259	187	259	439	46020	0	46905
13260	145	163	45685	824	0	46817
13261	93	43931	467	484	0	44975
13262	89	43656	421	149	0	44315
13263	40831	485	144	140	0	41600
13264	287	41196	126	118	0	41727
13265	40732	278	93	139	0	41242
13266	346	252	57	39620	0	40275
13267	41751	76	70	422	0	42319
13268	297	127	42162	286	0	42872
13269	41563	55	299	152	0	42069
13270	354	67	271	42222	0	42914
13271	289	43166	152	336	0	43943
13272	43406	285	65	335	0	44091
13273	356	477	81	42955	0	43869
13274	269	44038	117	321	0	44745
13275	78	46026	108	303	0	46515
13276	45388	489	119	156	0	46152
13277	45770	281	59	140	0	46250
13278	46305	74	52	119	0	46550
13279	530	79	60	44950	0	45619
13280	292	44512	101	311	0	45216
13281	68	45535	116	320	0	46039
13282	92	498	69	45333	0	45992
13283	44865	287	63	378	0	45593
13284	43322	80	64	361	0	43827
13285	44563	85	47	144	0	44839
13286	530	132	44176	81	0	44919
13287	326	173	43964	100	0	44563
13288	45620	70	487	130	0	46307
13289	352	68	297	45984	0	46701
13290	329	69	69	46554	0	47021
13291	129	77	70	46396	0	46672
13292	104	64	69	46733	0	46970
13293	81	181	45651	615	0	46528
13294	109	88	304	45354	0	45855
13295	77	167	45465	433	0	46142
13296	41933	74	348	488	0	42843
13297	318	45537	365	187	0	46407
13298	334	288	120	46544	0	47286
13299	125	311	96	46004	0	46536
13300	45535	113	95	644	0	46387
13301	45284	91	92	414	0	45881
13302	45433	90	85	208	0	45816
13303	45461	84	88	190	0	45823
13304	595	181	45429	165	0	46370
13305	377	192	44828	139	0	45536
13306	176	83	550	44980	0	45789
13307	45499	81	349	408	0	46337
13308	44947	101	142	423	0	45613
13309	575	181	45087	186	0	46029
13310	366	95	340	44209	0	45010
13311	44424	88	322	438	0	45272
13312	368	97	130	44671	0	45266
13313	345	182	44932	460	0	45919
13314	170	102	321	44785	0	45378
13315	45009	97	318	474	0	45898
13316	363	48343	177	418	0	49301
13317	47912	334	105	228	0	48579
13318	48519	333	92	222	0	49166
13319	48948	125	106	205	0	49384
13320	670	98	90	48619	0	49477
13321	47715	84	66	407	0	48272
13322	375	49945	135	366	0	50821
13323	357	51175	150	181	0	51863
13324	180	739	90	50651	0	51660
13325	50972	371	82	446	0	51871
13326	450	53605	135	416	0	54606
13327	63304	500	66	193	0	64063
13328	66836	421	80	185	0	67522
13329	1371	70302	161	191	0	72025
13330	867	885	74	70732	0	72558
13331	306	704	71	72249	0	73330
13332	247	321	72121	1523	0	74212
13333	271	152	890	71770	0	73083
13334	224	222	72591	1121	0	74158
13335	206	69707	1028	1538	0	72479
13336	235	945	692	71045	0	72917
13337	68967	705	178	1072	0	70922
13338	69775	157	119	878	0	70929
13339	1637	140	127	69356	0	71260
13340	843	222	67847	1018	0	69930
13341	62493	112	906	870	0	64381
13342	909	65823	760	303	0	67795
13343	693	65947	212	268	0	67120
13344	272	66817	170	207	0	67466
13345	360	1553	168	63436	0	65517
13346	184	778	64908	907	0	66777
13347	234	240	852	64383	0	65709
13348	183	238	65288	929	0	66638
13349	132	236	64661	702	0	65731
13350	172	239	66388	238	0	67037
13351	188	180	1471	62488	0	64327
13352	178	145	730	66361	0	67414
13353	158	130	249	67148	0	67685
13354	162	132	184	66309	0	66787
13355	65454	90	187	1583	0	67314
13356	829	65251	279	900	0	67259
13357	65508	820	204	342	0	66874
13358	881	66624	255	379	0	68139
13359	741	895	146	66446	0	68228
13360	268	669	106	68883	0	69926
13361	68149	181	95	1615	0	70040
13362	69263	157	104	900	0	70424
13363	70130	176	98	358	0	70762
13364	69795	160	83	328	0	70366
13365	69297	191	77	321	0	69886
13366	1571	68547	142	259	0	70519
13367	66087	886	80	283	0	67336
13368	1034	66217	153	236	0	67640
13369	65386	914	132	247	0	66679
13370	1106	739	64957	215	0	67017
13371	867	319	847	62407	0	64440
13372	359	65505	717	847	0	67428
13373	320	918	179	65647	0	67064
13374	344	805	64631	975	0	66755
13375	345	277	887	62944	0	64453
13376	61425	203	645	1105	0	63378
13377	916	62466	365	932	0	64679
13378	668	63564	300	481	0	65013
13379	354	1559	63768	394	0	66075
13380	296	826	927	61520	0	63569
13381	222	65069	803	1038	0	67132
13382	275	971	253	66413	0	67912
13383	258	832	66905	1123	0	69118
13384	246	66053	1077	967	0	68343
13385	307	1088	66279	390	0	68064
13386	329	885	65824	338	0	67376
13387	320	309	1438	65025	0	67092
13388	66010	268	797	1061	0	68136
13389	1017	279	308	66842	0	68446
13390	781	390	66846	1126	0	69143
13391	334	308	1024	67933	0	69599
13392	256	402	70654	1132	0	72444
13393	269	376	69943	920	0	71508
13394	69422	259	1644	596	0	71921
13395	74042	231	925	524	0	75722
13396	74712	207	438	498	0	75855
13397	1667	301	73694	467	0	76129
13398	905	290	73956	457	0	75608
13399	425	186	1744	72325	0	74680
13400	416	193	970	74361	0	75940
13401	73917	193	366	1811	0	76287
13402	1228	191	318	74848	0	76585
13403	944	318	74778	1281	0	77321
13404	430	347	73749	1034	0	75560
13405	372	75031	1805	486	0	77694
13406	430	1080	881	75631	0	78022
13407	421	932	77071	1223	0	79647
13408	439	279	1171	75888	0	77777
13409	76067	196	896	1398	0	78557
13410	1189	336	78177	1025	0	80727
13411	1011	216	1156	77981	0	80364
13412	524	218	899	79412	0	81053
13413	408	336	77960	1847	0	80551
13414	476	196	1167	77176	0	79015
13415	375	368	78076	1338	0	80157
13416	71945	206	1230	1061	0	74442
13417	1294	186	952	72194	0	74626
13418	918	72771	508	1216	0	75413
13419	72530	1031	273	1042	0	74876
13420	71897	801	337	488	0	73523
13421	1747	72277	435	470	0	74929
13422	1607	4571	426	62529	0	69133
13423	377	68533	305	925	0	70140
13424	336	68701	254	780	0	70071
13425	1006	1713	65006	365	0	68090
13426	373	64150	1088	411	0	66022
13427	441	967	53122	382	0	54912
13428	42045	611	552	180	0	43388
13429	43534	80	245	115	0	43974
13430	463	46720	115	98	0	47396
13431	241	46846	87	61	0	47235
13432	56	48322	89	75	0	48542
13433	49117	514	69	83	0	49783
13434	411	248	65	50433	0	51157
13435	295	134	53926	463	0	54818
13436	69	54294	494	362	0	55219
13437	75	448	370	55471	0	56364
13438	101	418	74	51970	0	52563
13439	50	61276	152	767	0	62245
13440	64940	639	63	403	0	66045
13441	782	577	66342	142	0	67843
13442	707	142	804	72662	0	74315
13443	97	84759	708	1034	0	86598
13444	84128	1290	115	784	0	86317
13445	1366	979	84313	200	0	86858
13446	879	82788	1368	176	0	85211
13447	218	1353	885	82573	0	85029
13448	128	982	83123	1312	0	85545
13449	79177	158	1400	931	0	81666
13450	1420	94	905	81686	0	84105
13451	976	220	82015	1383	0	84594
13452	176	81550	1489	1085	0	84300
13453	79783	1358	914	219	0	82274
13454	1280	82431	306	200	0	84217
13455	82501	1428	144	188	0	84261
13456	82454	966	103	156	0	83679
13457	2263	217	95	79535	0	82110
13458	1023	77868	223	1445	0	80559
13459	259	1395	78909	918	0	81481
13460	218	901	1382	78665	0	81166
13461	305	372	1070	72012	0	73759
13462	224	136	209	80089	0	80658
13463	271	142	160	80099	0	80672
13464	217	144	141	79975	0	80477
13465	77848	155	159	2402	0	80564
13466	77375	145	155	1187	0	78862
13467	75441	169	164	364	0	76138
13468	2216	74179	290	344	0	77029
13469	1073	1356	77095	213	0	79737
13470	318	1000	78031	235	0	79584
13471	245	342	79181	232	0	80000
13472	252	267	2389	74218	0	77126
13473	255	196	1130	77153	0	78734
13474	245	181	301	77745	0	78472
13475	228	258	76238	2444	0	79168
13476	201	74086	1527	1487	0	77301
13477	275	1474	76016	418	0	78183
13478	289	1102	76320	302	0	78013
13479	334	316	2375	73342	0	76367
13480	314	359	76142	1573	0	78388
13481	312	241	1661	73431	0	75645
13482	73220	244	1142	1707	0	76313
13483	72786	265	354	1201	0	74606
13484	2487	308	71978	435	0	75208
13485	1347	262	1598	70285	0	73492
13486	466	391	72642	1639	0	75138
13487	336	71920	1777	1304	0	75337
13488	71168	1559	1243	485	0	74455
13489	1694	1231	71821	406	0	75152
13490	1204	69892	1745	453	0	73294
13491	420	69958	1310	429	0	72117
13492	396	69040	582	475	0	70493
13493	457	2470	65175	438	0	68540
13494	554	1598	1629	59609	0	63390
13495	412	63446	1285	1622	0	66765
13496	481	1606	505	63263	0	65855
13497	477	1195	424	63887	0	65983
13498	61479	411	395	2544	0	64829
13499	1549	61761	601	1499	0	65410
13500	61160	1507	400	710	0	63777
13501	1659	60899	503	660	0	63721
13502	1242	61759	579	578	0	64158
13503	634	2364	60275	593	0	63866
13504	580	1416	1658	59287	0	62941
13505	492	605	60417	1685	0	63199
13506	471	58207	1800	1578	0	62056
13507	503	1507	59154	714	0	61878
13508	520	1174	58864	707	0	61265
13509	443	58363	2491	687	0	61984
13510	56128	1552	1339	689	0	59708
13511	1469	57760	711	722	0	60662
13512	57810	1626	633	706	0	60775
13513	1641	1223	57397	742	0	61003
13514	1231	473	57907	756	0	60367
13515	495	56889	2587	710	0	60681
13516	56160	1525	1360	628	0	59673
13517	1617	57389	797	622	0	60425
13518	1345	1554	678	56542	0	60119
13519	57270	1222	586	1620	0	60698
13520	1611	583	57294	1280	0	60768
13521	1216	484	1805	57197	0	60702
13522	56889	392	1384	1723	0	60388
13523	1580	56707	772	1412	0	60471
13524	1223	1543	597	56369	0	59732
13525	480	1173	56456	1859	0	59968
13526	55512	452	1727	1389	0	59080
13527	1511	473	1389	56434	0	59807
13528	1066	489	55862	1767	0	59184
13529	460	414	1742	54010	0	56626
13530	387	54702	1388	1862	0	58339
13531	463	1525	55042	1403	0	58433
13532	580	1051	1548	52691	0	55870
13533	50901	411	1174	1491	0	53977
13534	1686	373	537	49760	0	52356
13535	45721	390	485	1323	0	47919
13536	1338	45183	587	996	0	48104
13537	44083	1254	557	428	0	46322
13538	1237	1006	43168	397	0	45808
13539	846	462	38074	318	0	39700
13540	367	343	33827	292	0	34829
13541	317	31450	1924	280	0	33971
13542	905	223	1653	13439	0	16220
13543	64	103	142	13271	0	13580
13544	31	35	31	13129	0	13226
13545	27	33	27	13301	0	13388
13546	20	30	13144	199	0	13393
13547	11781	19	119	125	0	12044
13548	103	13185	109	33	0	13430
13549	12887	108	32	29	0	13056
13550	122	100	27	12895	0	13144
13551	90	13080	45	101	0	13316
13552	41	116	18	13203	0	13378
13553	13104	86	29	116	0	13335
13554	100	13729	42	97	0	13968
13555	13652	99	29	40	0	13820
13556	13583	82	38	32	0	13735
13557	167	40	21	13784	0	14012
13558	93	43	13940	101	0	14177
13559	13588	36	108	102	0	13834
13560	117	28	82	14473	0	14700
13561	14677	15	30	129	0	14851
13562	14989	18	27	100	0	15134
13563	14999	18	25	44	0	15086
13564	186	28	15072	29	0	15315
13565	108	33	114	14671	0	14926
13566	14730	20	94	116	0	14960
13567	115	40	15390	98	0	15643
13568	102	15412	115	33	0	15662
13569	65	121	95	14447	0	14728
13570	34	91	15311	87	0	15523
13571	24	30	15297	80	0	15431
13572	32	44	157	14918	0	15151
13573	30	22	92	15476	0	15620
13574	30	17	15	15566	0	15628
13575	32	7	19	15446	0	15504
13576	14	28	15386	152	0	15580
13577	24	15463	89	78	0	15654
13578	35	70	63	15535	0	15703
13579	15598	59	21	108	0	15786
13580	15305	11	16	85	0	15417
13581	15459	17	13	24	0	15513
13582	142	20	15	15292	0	15469
13583	70	36	23	15070	0	15199
13584	32	14622	18	116	0	14788
13585	25	14948	15	68	0	15056
13586	84	159	31	14448	0	14722
13587	14366	69	22	92	0	14549
13588	14298	8	8	69	0	14383
13589	14130	11	17	29	0	14187
13590	14235	9	12	17	0	14273
13591	14241	6	10	33	0	14290
13592	76	14329	23	32	0	14460
13593	50	48	11	14408	0	14517
13594	14743	36	3	91	0	14873
13595	14818	8	15	55	0	14896
13596	91	13	10	14720	0	14834
13597	52	3	6	14850	0	14911
13598	21	23	15168	91	0	15303
13599	24	15	51	14775	0	14865
13600	26	8	39	15232	0	15305
13601	14	26	15837	97	0	15974
13602	16	16	41	15586	0	15659
13603	13	15959	48	60	0	16080
13604	25	69	15828	48	0	15970
13605	10	16054	55	34	0	16153
13606	30	54	33	15775	0	15892
13607	23	45	10	15871	0	15949
13608	16	15972	21	75	0	16084
13609	10	16077	21	45	0	16153
13610	16235	59	5	39	0	16338
13611	16060	38	4	33	0	16135
13612	72	36	15989	20	0	16117
13613	16011	8	41	51	0	16111
13614	17036	8	31	56	0	17131
13615	17095	7	7	40	0	17149
13616	17028	5	52	26	0	17111
13617	86	25	16622	27	0	16760
13618	43	28	16133	27	0	16231
13619	16782	5	64	44	0	16895
13620	57	17712	61	33	0	17863
13621	40	60	17710	30	0	17840
13622	17528	39	44	40	0	17651
13623	17895	8	45	37	0	17985
13624	73	36	17929	19	0	18057
13625	17528	13	54	34	0	17629
13626	50	14	47	19288	0	19399
13627	47	33	19943	68	0	20091
13628	18068	10	70	79	0	18227
13629	56	19974	68	32	0	20130
13630	20352	49	10	61	0	20472
13631	22137	37	16	128	0	22318
13632	98	8	15	22287	0	22408
13633	55	14	17	22497	0	22583
13634	25	19	15	22832	0	22891
13635	22874	15	12	141	0	23042
13636	24061	11	14	97	0	24183
13637	128	7	17	24315	0	24467
13638	97	12	6	24221	0	24336
13639	36	44	23877	157	0	24114
13640	22539	18	74	122	0	22753
13641	92	25	64	24579	0	24760
13642	79	20	12	24489	0	24600
13643	32	24362	45	170	0	24609
13644	45	87	4	24604	0	24740
13645	46	72	5	24606	0	24729
13646	23928	13	13	171	0	24125
13647	120	24689	35	102	0	24946
13648	114	87	4	25029	0	25234
13649	42	85	8	25142	0	25277
13650	50	24	15	25409	0	25498
13651	38	54	25054	188	0	25334
13652	40	17	80	24777	0	24914
13653	24175	9	84	154	0	24422
13654	119	52	24731	122	0	25024
13655	113	16	97	25088	0	25314
13656	44	7	86	25540	0	25677
13657	25520	9	23	250	0	25802
13658	24887	13	22	152	0	25074
13659	195	47	25180	43	0	25465
13660	23371	26	106	86	0	23589
13661	125	48	25125	50	0	25348
13662	24483	19	116	70	0	24688
13663	134	27138	109	53	0	27434
13664	27576	125	30	74	0	27805
13665	143	28149	28	62	0	28382
13666	28776	141	31	87	0	29035
13667	148	29474	47	60	0	29729
13668	151	151	18	30065	0	30385
13669	56	117	11	30102	0	30286
13670	46	37	22	29959	0	30064
13671	17	29673	36	317	0	30043
13672	32	156	16	29581	0	29785
13673	28	30059	50	190	0	30327
13674	50	165	11	30215	0	30441
13675	30408	130	24	219	0	30781
13676	29936	34	21	174	0	30165
13677	302	30198	49	62	0	30611
13678	191	180	20	30243	0	30634
13679	30080	145	20	219	0	30464
13680	195	30580	60	179	0	31014
13681	162	30923	42	49	0	31176
13682	30962	326	19	54	0	31361
13683	31010	183	21	67	0	31281
13684	354	31119	34	48	0	31555
13685	31176	206	9	63	0	31454
13686	243	176	7	31153	0	31579
13687	193	121	32311	216	0	32841
13688	31996	36	203	239	0	32474
13689	32721	41	161	98	0	33021
13690	389	79	33152	65	0	33685
13691	33276	36	220	124	0	33656
13692	34319	36	180	102	0	34637
13693	35529	46	32	113	0	35720
13694	423	35491	74	94	0	36082
13695	36069	250	20	82	0	36421
13696	36174	224	21	111	0	36530
13697	478	68	15	36149	0	36710
13698	292	44	20	36726	0	37082
13699	122	47	18	37201	0	37388
13700	37159	57	20	514	0	37750
13701	324	62	19	36734	0	37139
13702	37132	54	23	361	0	37570
13703	37444	51	29	319	0	37843
13704	547	55	20	37349	0	37971
13705	337	51	22	38494	0	38904
13706	124	61	29	38796	0	39010
13707	38654	47	21	578	0	39300
13708	339	38828	65	318	0	39550
13709	337	298	32	39554	0	40221
13710	155	255	27	40172	0	40609
13711	39850	59	26	641	0	40576
13712	40022	49	66	375	0	40512
13713	648	97	39500	133	0	40378
13714	369	108	39159	114	0	39750
13715	40861	62	585	126	0	41634
13716	483	78	299	42553	0	43413
13717	435	52	49	48015	0	48551
13718	171	131	47891	989	0	49182
13719	178	115	610	45783	0	46686
13720	128	47635	496	663	0	48922
13721	127	48798	123	536	0	49584
13722	47605	1014	56	175	0	48850
13723	743	540	47725	154	0	49162
13724	530	48847	608	142	0	50127
13725	217	641	439	49063	0	50360
13726	167	523	48882	727	0	50299
13727	170	131	639	47947	0	48887
13728	199	71	435	48628	0	49333
13729	141	164	48593	1150	0	50048
13730	139	48791	696	597	0	50223
13731	170	650	440	46788	0	48048
13732	47228	452	118	726	0	48524
13733	47483	105	90	554	0	48232
13734	47556	67	68	214	0	47905
13735	1148	46770	148	172	0	48238
13736	46118	630	79	160	0	46987
13737	770	488	82	45929	0	47269
13738	552	141	45540	733	0	46966
13739	44209	82	638	585	0	45514
13740	696	45842	506	216	0	47260
13741	519	617	104	45507	0	46747
13742	209	454	97	45187	0	45947
13743	144	45401	134	1077	0	46756
13744	161	694	95	46370	0	47320
13745	196	467	105	46702	0	47470
13746	193	141	87	47588	0	48009
13747	46157	125	128	1204	0	47614
13748	45959	94	129	715	0	46897
13749	1064	208	46094	302	0	47668
13750	576	182	683	45775	0	47216
13751	267	149	490	47053	0	47959
13752	224	167	185	47576	0	48152
13753	46382	178	144	1230	0	47934
13754	777	226	45602	709	0	47314
13755	44907	148	712	312	0	46079
13756	46222	151	491	323	0	47187
13757	1152	118	176	45821	0	47267
13758	46176	119	190	851	0	47336
13759	829	238	45335	648	0	47050
13760	44400	115	676	385	0	45576
13761	836	48265	557	365	0	50023
13762	635	746	47535	287	0	49203
13763	325	567	47665	294	0	48851
13764	369	425	1131	46554	0	48479
13765	319	212	47636	853	0	49020
13766	44987	228	758	712	0	46685
13767	797	45605	603	320	0	47325
13768	45794	673	189	335	0	46991
13769	808	538	163	45878	0	47387
13770	611	261	45690	903	0	47465
13771	260	228	45828	731	0	47047
13772	248	262	1037	45501	0	47048
13773	46184	133	532	958	0	47807
13774	744	45593	243	785	0	47365
13775	565	46992	216	504	0	48277
13776	46639	1004	180	430	0	48253
13777	843	47295	221	420	0	48779
13778	47398	693	206	320	0	48617
13779	988	518	150	46836	0	48492
13780	46923	159	173	841	0	48096
13781	873	136	189	46929	0	48127
13782	47378	108	167	904	0	48557
13783	808	134	223	46683	0	47848
13784	666	46505	271	797	0	48239
13785	46490	627	197	664	0	47978
13786	779	46628	275	409	0	48091
13787	676	726	44766	289	0	46457
13788	393	509	720	41789	0	43411
13789	314	45229	579	676	0	46798
13790	44312	664	192	543	0	45711
13791	43647	490	213	276	0	44626
13792	1090	43366	289	239	0	44984
13793	577	700	42453	298	0	44028
13794	315	448	728	40814	0	42305
13795	273	41676	591	707	0	43247
13796	273	657	241	42341	0	43512
13797	353	449	194	42581	0	43577
13798	41590	219	139	1090	0	43038
13799	761	41396	247	596	0	43000
13800	618	632	191	41613	0	43054
13801	41650	483	159	800	0	43092
13802	41667	187	176	602	0	42632
13803	41393	181	172	373	0	42119
13804	1172	208	156	40549	0	42085
13805	39823	182	128	702	0	40835
13806	766	39603	215	522	0	41106
13807	39381	612	128	267	0	40388
13808	696	39739	209	277	0	40921
13809	39398	592	151	280	0	40421
13810	38934	409	112	334	0	39789
13811	1080	384	145	38353	0	39962
13812	603	204	39552	675	0	41034
13813	402	239	39030	502	0	40173
13814	326	39151	795	214	0	40486
13815	37322	623	530	260	0	38735
13816	610	466	36814	133	0	38023
13817	28367	87	201	88	0	28743
13818	197	30245	177	57	0	30676
13819	194	31571	92	75	0	31932
13820	106	336	62	32416	0	32920
13821	95	33873	68	241	0	34277
13822	97	355	34233	227	0	34912
13823	159	292	284	32931	0	33666
13824	64	35358	274	320	0	36016
13825	77	376	60	35576	0	36089
13826	35580	279	47	404	0	36310
13827	373	110	44	36045	0	36572
13828	304	105	36475	430	0	37314
13829	113	37075	415	328	0	37931
13830	98	482	264	36877	0	37721
13831	122	349	88	37386	0	37945
13832	92	91	59	37884	0	38126
13833	36690	100	54	722	0	37566
13834	36684	69	72	415	0	37240
13835	652	126	37354	156	0	38288
13836	384	136	37202	121	0	37843
13837	109	37478	683	137	0	38407
13838	38120	387	328	146	0	38981
13839	488	329	77	38201	0	39095
13840	381	107	60	38459	0	39007
13841	155	59	56	38810	0	39080
13842	164	56	34	38955	0	39209
13843	128	113	37685	755	0	38681
13844	35887	66	407	464	0	36824
13845	476	62	296	41319	0	42153
13846	412	119	41178	569	0	42278
13847	40730	89	543	493	0	41855
13848	44797	50	450	199	0	45496
13849	1060	120	49519	115	0	50814
13850	662	162	51462	100	0	52386
13851	242	54	1341	50223	0	51860
13852	51478	58	699	864	0	53099
13853	52270	45	192	661	0	53168
13854	1434	68	134	50719	0	52355
13855	759	81	119	52196	0	53155
13856	236	117	51864	1394	0	53611
13857	192	151	848	50993	0	52184
13858	186	135	51547	974	0	52842
13859	48120	77	893	725	0	49815
13860	828	51105	715	316	0	52964
13861	49293	734	161	154	0	50342
13862	843	49335	165	175	0	50518
13863	49042	822	200	142	0	50206
13864	966	598	87	47611	0	49262
13865	756	166	69	48099	0	49090
13866	48257	86	70	1351	0	49764
13867	48718	84	64	725	0	49591
13868	49349	66	63	233	0	49711
13869	49750	54	76	175	0	50055
13870	1521	120	48524	147	0	50312
13871	48555	46	794	156	0	49551
13872	49523	35	615	167	0	50340
13873	49640	41	166	154	0	50001
13874	1613	42	111	48163	0	49929
13875	47054	46	115	889	0	48104
13876	990	47027	160	700	0	48877
13877	779	758	107	47254	0	48898
13878	338	597	96	47967	0	48998
13879	256	208	47006	1469	0	48939
13880	264	91	825	45284	0	46464
13881	190	46878	714	992	0	48774
13882	46160	808	191	784	0	47943
13883	879	47067	206	329	0	48481
13884	47253	905	129	262	0	48549
13885	1066	685	126	46699	0	48576
13886	46481	181	105	998	0	47765
13887	1045	45818	174	784	0	47821
13888	46732	843	119	319	0	48013
13889	46796	672	124	223	0	47815
13890	1615	173	138	45915	0	47841
13891	957	133	124	46844	0	48058
13892	413	156	46008	1552	0	48129
13893	404	94	815	46340	0	47653
13894	401	105	648	46729	0	47883
13895	331	108	45991	1575	0	48005
13896	329	83	883	46445	0	47740
13897	287	127	46145	1146	0	47705
13898	44891	58	990	886	0	46825
13899	1073	83	744	45438	0	47338
13900	887	140	44878	1018	0	46923
13901	44278	112	877	825	0	46092
13902	1142	100	716	44916	0	46874
13903	890	157	45299	1046	0	47392
13904	44818	89	922	866	0	46695
13905	1094	105	716	45766	0	47681
13906	943	96	238	46266	0	47543
13907	46282	90	160	1555	0	48087
13908	1178	108	145	46188	0	47619
13909	975	93	131	46411	0	47610
13910	509	114	139	44528	0	45290
13911	363	44683	230	1628	0	46904
13912	43414	811	155	952	0	45332
13913	43852	629	152	414	0	45047
13914	1679	196	101	42604	0	44580
13915	43237	138	138	1033	0	44546
13916	43068	116	137	877	0	44198
13917	43657	123	105	416	0	44301
13918	38514	136	276	398	0	39324
13919	42195	91	200	405	0	42891
13920	1638	126	38603	352	0	40719
13921	917	133	37572	316	0	38938
13922	36441	137	1198	299	0	38075
13923	958	36717	720	318	0	38713
13924	735	724	284	35226	0	36969
13925	378	539	35352	838	0	37107
13926	328	193	35427	707	0	36655
13927	446	454	1156	34207	0	36263
13928	34102	235	928	947	0	36212
13929	848	127	211	34420	0	35606
13930	698	158	34233	875	0	35964
13931	34861	89	665	739	0	36354
13932	901	83	537	35547	0	37068
13933	746	50	206	36083	0	37085
13934	404	44	145	36557	0	37150
13935	381	52	120	35971	0	36524
13936	324	97	34736	1299	0	36456
13937	369	55	648	34960	0	36032
13938	34390	58	568	878	0	35894
13939	825	101	33802	708	0	35436
13940	33915	52	650	389	0	35006
13941	34666	52	525	323	0	35566
13942	34757	65	178	296	0	35296
13943	34081	70	164	304	0	34619
13944	1241	33229	188	293	0	34951
13945	559	29897	131	200	0	30787
13946	297	30658	159	182	0	31296
13947	28342	999	560	343	0	30244
13948	594	381	26646	238	0	27859
13949	20406	258	502	97	0	21263
13950	420	45	213	19393	0	20071
13951	19382	12	48	202	0	19644
13952	198	13	38	19317	0	19566
13953	19311	6	30	233	0	19580
13954	211	11	32	19301	0	19555
13955	200	27	27	19564	0	19818
13956	16327	25	37	383	0	16772
13957	196	20818	56	197	0	21267
13958	177	156	20677	96	0	21106
13959	90	20644	154	80	0	20968
13960	80	140	19693	61	0	19974
13961	106	267	157	18429	0	18959
13962	18839	23	190	126	0	19178
13963	123	22	26	18551	0	18722
13964	18320	12	31	143	0	18506
13965	132	19368	31	115	0	19646
13966	130	126	19606	55	0	19917
13967	45	19699	113	44	0	19901
13968	50	19636	98	36	0	19820
13969	18663	111	88	38	0	18900
13970	18153	59	45	42	0	18299
13971	117	18529	33	24	0	18703
13972	75	63	16	18609	0	18763
13973	37	53	14	18672	0	18776
13974	18699	10	15	138	0	18862
13975	92	33	18762	78	0	18965
13976	73	41	18547	25	0	18686
13977	31	13	123	18759	0	18926
13978	21	47	19233	101	0	19402
13979	18073	14	83	99	0	18269
13980	19065	15	69	35	0	19184
13981	140	19227	48	41	0	19456
13982	93	85	19710	39	0	19927
13983	45	72	84	19595	0	19796
13984	39	49	20721	108	0	20917
13985	37	12	87	20641	0	20777
13986	20669	13	76	123	0	20881
13987	91	21579	42	129	0	21841
13988	98	118	22533	42	0	22791
13989	36	22872	113	37	0	23058
13990	27	23587	110	49	0	23773
13991	23756	157	24	61	0	23998
13992	23060	84	31	54	0	23229
13993	199	55	23833	44	0	24131
13994	100	24468	136	62	0	24766
13995	56	111	84	24552	0	24803
13996	40	82	18	24652	0	24792
13997	41	24	21	24579	0	24665
13998	56	59	24877	200	0	25192
13999	54	32	112	24521	0	24719
14000	43	28	89	25480	0	25640
14001	25756	20	31	232	0	26039
14002	25917	28	16	133	0	26094
14003	26020	25	26	74	0	26145
14004	25667	12	25	77	0	25781
14005	25568	15	13	62	0	25658
14006	199	25491	47	43	0	25780
14007	24774	100	24	46	0	24944
14008	138	105	24809	31	0	25083
14009	105	74	104	24574	0	24857
14010	24974	22	72	118	0	25186
14011	116	25088	46	77	0	25327
14012	25381	104	14	62	0	25561
14013	25900	78	13	54	0	26045
14014	174	30	14	26021	0	26239
14015	116	20	21	26439	0	26596
14016	38	27674	49	181	0	27942
14017	53	113	24	28115	0	28305
14018	48	148	29200	151	0	29547
14019	50	31	134	29378	0	29593
14020	38	58	29631	170	0	29897
14021	27407	30	165	153	0	27755
14022	181	33	122	29998	0	30334
14023	128	70	30445	193	0	30836
14024	42	30120	200	146	0	30508
14025	25	30460	159	66	0	30710
14026	30125	261	47	70	0	30503
14027	193	168	46	30086	0	30493
14028	127	99	31677	188	0	32091
14029	30	31228	189	149	0	31596
14030	63	222	31199	87	0	31571
14031	29943	126	173	65	0	30307
14032	30641	25	112	51	0	30829
14033	30851	19	31	49	0	30950
14034	256	18	26	30991	0	31291
14035	124	73	30897	201	0	31295
14036	35	31246	187	118	0	31586
14037	57	150	111	31680	0	31998
14038	44	155	31245	176	0	31620
14039	50	89	30780	139	0	31058
14040	37	18	241	31343	0	31639
14041	31799	22	126	201	0	32148
14042	169	14	42	31880	0	32105
14043	133	20	27	32486	0	32666
14044	53	76	32665	293	0	33087
14045	47	26	170	32483	0	32726
14046	44	19	120	32774	0	32957
14047	36	79	32922	296	0	33333
14048	40	82	32604	163	0	32889
14049	48	34	263	32559	0	32904
14050	51	69	33286	204	0	33610
14051	44	25	188	33103	0	33360
14052	33158	23	133	219	0	33533
14053	154	34052	92	184	0	34482
14054	139	157	51	34422	0	34769
14055	59	177	34086	188	0	34510
14056	29083	41	187	287	0	29598
14057	165	32118	165	80	0	32528
14058	32400	159	50	91	0	32700
14059	190	120	35	32369	0	32714
14060	159	33	48	32341	0	32581
14061	32796	32	39	358	0	33225
14062	190	97	33127	165	0	33579
14063	32492	24	180	106	0	32802
14064	189	27	138	33635	0	33989
14065	33077	15	59	242	0	33393
14066	33004	21	54	183	0	33262
14067	324	25	44	32758	0	33151
14068	176	33966	82	236	0	34460
14069	34775	177	61	196	0	35209
14070	34909	156	42	107	0	35214
14071	377	103	35119	76	0	35675
14072	34564	30	237	91	0	34922
14073	255	49	183	34838	0	35325
14074	197	35666	113	227	0	36203
14075	115	224	56	34394	0	34789
14076	62	35741	99	218	0	36120
14077	35430	220	50	222	0	35922
14078	36171	184	61	92	0	36508
14079	416	50	42	38501	0	39009
14080	249	86	38347	356	0	39038
14081	99	103	38253	280	0	38735
14082	103	41	543	39299	0	39986
14083	39457	32	324	376	0	40189
14084	41738	31	104	339	0	42212
14085	669	42589	111	126	0	43495
14086	428	421	60	42585	0	43494
14087	122	418	43349	490	0	44379
14088	77	155	44429	439	0	45100
14089	150	190	879	46500	0	47719
14090	49770	38	571	736	0	51115
14091	737	30	118	50684	0	51569
14092	565	117	50075	800	0	51557
14093	49488	33	735	645	0	50901
14094	741	39	577	49761	0	51118
14095	588	46	153	50466	0	51253
14096	216	52	87	49099	0	49454
14097	106	49381	148	1276	0	50911
14098	127	697	49754	661	0	51239
14099	100	608	50572	236	0	51516
14100	139	113	1227	49950	0	51429
14101	112	115	50751	805	0	51783
14102	49269	49	830	676	0	50824
14103	807	54	606	49766	0	51233
14104	659	57	179	50127	0	51022
14105	224	58	134	49434	0	49850
14106	121	49923	193	1344	0	51581
14107	50644	690	116	790	0	52240
14108	815	576	100	50397	0	51888
14109	50285	142	122	859	0	51408
14110	818	50214	173	733	0	51938
14111	50577	729	125	281	0	51712
14112	49440	589	135	247	0	50411
14113	49884	148	105	244	0	50381
14114	1399	48735	185	206	0	50525
14115	753	48880	161	225	0	50019
14116	46878	1200	109	224	0	48411
14117	803	47892	165	206	0	49066
14118	656	832	46200	215	0	47903
14119	242	45558	751	202	0	46753
14120	161	46224	663	214	0	47262
14121	45608	1162	224	171	0	47165
14122	769	697	45240	189	0	46895
14123	650	252	44935	160	0	45997
14124	308	148	1184	43729	0	45369
14125	44726	110	694	762	0	46292
14126	793	152	44929	654	0	46528
14127	686	121	732	44620	0	46159
14128	253	173	43408	793	0	44627
14129	210	164	42831	659	0	43864
14130	41084	146	1184	283	0	42697
14131	812	176	43022	197	0	44207
14132	663	148	831	41785	0	43427
14133	299	147	660	41295	0	42401
14134	205	41857	321	1209	0	43592
14135	230	42851	244	753	0	44078
14136	260	1186	198	41782	0	43426
14137	216	738	42021	841	0	43816
14138	257	226	777	42025	0	43285
14139	216	161	677	42543	0	43597
14140	210	189	42631	1344	0	44374
14141	247	151	831	43034	0	44263
14142	43006	148	695	1000	0	44849
14143	843	203	42957	769	0	44772
14144	42644	152	855	399	0	44050
14145	924	147	741	42397	0	44209
14146	789	157	321	42956	0	44223
14147	340	43474	326	1446	0	45586
14148	310	811	258	44138	0	45517
14149	312	634	260	44955	0	46161
14150	44316	240	287	1483	0	46326
14151	887	208	284	44871	0	46250
14152	774	176	270	45109	0	46329
14153	43546	202	285	1531	0	45564
14154	939	201	294	44178	0	45612
14155	808	186	339	41596	0	42929
14156	334	43359	379	1497	0	45569
14157	43604	814	279	984	0	45681
14158	988	672	255	43765	0	45680
14159	832	252	238	44524	0	45846
14160	404	256	43453	1610	0	45723
14161	350	182	861	43315	0	44708
14162	326	191	737	43653	0	44907
14163	42460	212	267	1600	0	44539
14164	42951	221	229	995	0	44396
14165	1490	202	222	42269	0	44183
14166	854	294	41419	1058	0	43625
14167	374	40271	898	850	0	42393
14168	336	41116	740	450	0	42642
14169	440	1335	380	40089	0	42244
14170	40391	687	281	1040	0	42399
14171	902	324	186	40875	0	42287
14172	41104	230	153	1089	0	42576
14173	956	228	194	41679	0	43057
14174	814	219	212	41460	0	42705
14175	40596	203	197	1427	0	42423
14176	40206	211	209	883	0	41509
14177	1378	40504	285	445	0	42612
14178	786	41237	281	361	0	42665
14179	345	1092	190	37434	0	39061
14180	285	607	175	38122	0	39189
14181	295	230	37335	1143	0	39003
14182	33804	150	703	746	0	35403
14183	703	35994	592	421	0	37710
14184	411	33454	244	237	0	34346
14185	32262	718	237	234	0	33451
14186	564	409	32315	206	0	33494
14187	439	158	31022	154	0	31773
14188	262	191	28696	164	0	29313
14189	117	26025	512	122	0	26776
14190	166	158	384	22876	0	23584
14191	56	113	53	22900	0	23122
14192	43	29	29	23108	0	23209
14193	22563	28	26	298	0	22915
14194	22431	20	30	168	0	22649
14195	253	22621	47	99	0	23020
14196	159	158	27	22872	0	23216
14197	92	169	23185	189	0	23635
14198	44	23471	176	174	0	23865
14199	23038	152	134	88	0	23412
14200	175	172	23001	68	0	23416
14201	21281	39	150	93	0	21563
14202	150	80	23013	88	0	23331
14203	151	101	141	21888	0	22281
14204	51	23149	142	165	0	23507
14205	23275	143	34	153	0	23605
14206	143	23821	59	77	0	24100
14207	23367	148	25	81	0	23621
14208	171	119	17	23232	0	23539
14209	135	96	24414	205	0	24850
14210	75	42	150	25268	0	25535
14211	66	42	104	27106	0	27318
14212	60	72	27157	357	0	27646
14213	25276	50	212	241	0	25779
14214	226	27883	179	81	0	28369
14215	27723	204	42	108	0	28077
14216	237	28527	59	76	0	28899
14217	176	258	19	29441	0	29894
14218	66	203	29293	317	0	29879
14219	33309	65	274	235	0	33883
14220	431	35170	215	111	0	35927
14221	312	422	48	34950	0	35732
14222	123	293	38	36239	0	36693
14223	38146	72	22	728	0	38968
14224	39596	58	40	365	0	40059
14225	825	40861	81	129	0	41896
14226	42914	573	36	118	0	43641
14227	43040	369	38	135	0	43582
14228	43803	88	47	118	0	44056
14229	1137	118	43734	99	0	45088
14230	543	43151	693	113	0	44500
14231	149	44662	497	82	0	45390
14232	174	1065	99	42159	0	43497
14233	125	518	63	43769	0	44475
14234	43758	132	50	1090	0	45030
14235	704	43637	128	542	0	45011
14236	44273	698	49	172	0	45192
14237	803	476	46	43500	0	44825
14238	559	127	48	44172	0	44906
14239	43321	96	53	1156	0	44626
14240	43043	67	50	575	0	43735
14241	1139	149	42402	184	0	43874
14242	632	131	668	41881	0	43312
14243	220	107	42014	703	0	43044
14244	139	128	41660	496	0	42423
14245	159	138	42152	163	0	42612
14246	40311	164	1225	168	0	41868
14247	752	90	525	40329	0	41696
14248	542	65	137	40178	0	40922
14249	205	81	86	41299	0	41671
14250	142	135	40581	1135	0	41993
14251	191	74	662	40578	0	41505
14252	194	70	443	41045	0	41752
14253	40663	77	121	1085	0	41946
14254	41029	68	81	568	0	41746
14255	41896	74	67	220	0	42257
14256	41787	76	107	168	0	42138
14257	1323	110	80	40526	0	42039
14258	41069	117	97	795	0	42078
14259	920	118	72	40985	0	42095
14260	701	159	39424	833	0	41117
14261	39410	122	653	627	0	40812
14262	891	40085	547	241	0	41764
14263	707	738	151	39563	0	41159
14264	391	581	106	38820	0	39898
14265	280	40127	156	1154	0	41717
14266	39776	748	95	647	0	41266
14267	894	39657	175	364	0	41090
14268	698	800	39340	245	0	41083
14269	354	597	39571	246	0	40768
14270	38526	190	1166	253	0	40135
14271	39668	170	612	246	0	40696
14272	1287	214	38687	234	0	40422
14273	38452	158	762	255	0	39627
14274	974	184	38726	270	0	40154
14275	38351	133	813	310	0	39607
14276	978	200	38701	317	0	40196
14277	753	186	38837	298	0	40074
14278	438	165	1211	36186	0	38000
14279	419	126	643	37578	0	38766
14280	37973	124	283	1297	0	39677
14281	37992	122	228	773	0	39115
14282	38652	117	229	367	0	39365
14283	38725	128	215	343	0	39411
14284	1437	37541	291	345	0	39614
14285	932	689	219	36345	0	38185
14286	481	37875	292	885	0	39533
14287	490	748	270	38132	0	39640
14288	482	540	233	37935	0	39190
14289	487	225	211	37945	0	38868
14290	439	228	36406	1438	0	38511
14291	34630	170	779	911	0	36490
14292	992	35234	645	495	0	37366
14293	774	36466	305	423	0	37968
14294	513	1147	36571	408	0	38639
14295	514	586	794	36311	0	38205
14296	484	222	632	36723	0	38061
14297	36254	150	293	1357	0	38054
14298	1099	149	255	36140	0	37643
14299	883	178	267	36453	0	37781
14300	530	157	280	36889	0	37856
14301	480	128	318	37177	0	38103
14302	35926	117	305	1425	0	37773
14303	36345	138	350	806	0	37639
14304	36757	127	317	453	0	37654
14305	1479	126	314	36130	0	38049
14306	36332	101	312	1030	0	37775
14307	1113	104	280	36915	0	38412
14308	936	155	300	37466	0	38857
14309	545	141	35606	1383	0	37675
14310	459	133	34354	800	0	35746
14311	443	142	33481	410	0	34476
14312	32283	154	1317	369	0	34123
14313	1035	174	744	30118	0	32071
14314	798	31835	372	844	0	33849
14315	32271	619	281	688	0	33859
14316	1014	478	31449	406	0	33347
14317	29738	146	746	340	0	30970
14318	935	28775	601	271	0	30582
14319	24018	395	186	183	0	24782
14320	662	324	126	23741	0	24853
14321	23456	87	116	525	0	24184
14322	565	22578	124	408	0	23675
14323	431	22070	149	204	0	22854
14324	19668	455	127	134	0	20384
14325	346	19801	123	119	0	20389
14326	185	17407	59	75	0	17726
14327	114	17613	122	69	0	17918
14328	16595	359	331	89	0	17374
14329	16000	133	74	50	0	16257
14330	16149	40	20	43	0	16252
14331	272	29	16	15845	0	16162
14332	141	32	20	16011	0	16204
14333	57	39	15853	263	0	16212
14334	54	20	152	15845	0	16071
14335	68	49	16141	176	0	16434
14336	54	24	155	16039	0	16272
14337	64	22	117	16234	0	16437
14338	16121	17	33	270	0	16441
14339	16067	21	36	139	0	16263
14340	260	16096	47	54	0	16457
14341	145	155	28	16051	0	16379
14342	52	137	16551	170	0	16910
14343	64	37	145	16519	0	16765
14344	68	30	113	16724	0	16935
14345	70	29	32	16918	0	17049
14346	43	53	16617	263	0	16976
14347	42	40	15833	142	0	16057
14348	16071	24	233	60	0	16388
14349	182	31	122	16678	0	17013
14350	129	34	16521	182	0	16866
14351	15541	16	161	147	0	15865
14352	155	16581	137	63	0	16936
14353	16667	132	49	71	0	16919
14354	166	125	17030	58	0	17379
14355	16537	29	137	82	0	16785
14356	163	27	110	17082	0	17382
14357	136	46	17434	150	0	17766
14358	50	16919	154	494	0	17617
14359	17382	127	121	72	0	17702
14360	158	108	47	17349	0	17662
14361	124	35	35	17337	0	17531
14362	44	17654	48	217	0	17963
14363	43	136	31	17724	0	17934
14364	53	111	17662	154	0	17980
14365	35	17555	147	137	0	17874
14366	17551	131	103	68	0	17853
14367	152	94	40	17458	0	17744
14368	124	35	26	17379	0	17564
14369	55	50	17281	213	0	17599
14370	55	53	126	17199	0	17433
14371	64	51	17880	147	0	18142
14372	41	17905	146	123	0	18215
14373	17697	120	118	58	0	17993
14374	17683	105	29	64	0	17881
14375	17748	28	34	48	0	17858
14376	208	18575	51	51	0	18885
14377	135	120	31	18572	0	18858
14378	69	94	35	18681	0	18879
14379	60	40	32	17983	0	18115
14380	18410	25	26	239	0	18700
14381	18323	26	18	157	0	18524
14382	232	23	31	18319	0	18605
14383	124	67	19693	164	0	20048
14384	54	27	122	19634	0	19837
14385	58	30	101	19820	0	20009
14386	57	22	36	19812	0	19927
14387	56	18	37	19910	0	20021
14388	19870	25	22	263	0	20180
14389	155	21	28	20333	0	20537
14390	121	19	37	20211	0	20388
14391	51	20300	50	256	0	20657
14392	50	148	23	20733	0	20954
14393	44	21296	52	202	0	21594
14394	51	168	30	21274	0	21523
14395	21125	135	20	207	0	21487
14396	165	21323	50	180	0	21718
14397	20907	168	26	91	0	21192
14398	189	166	21349	71	0	21775
14399	172	30	160	21101	0	21463
14400	58	52	21761	240	0	22111
14401	44	23	180	21631	0	21878
14402	50	44	137	21404	0	21635
14403	42	21584	63	311	0	22000
14404	33	21757	53	154	0	21997
14405	26	21889	42	60	0	22017
14406	21354	200	36	71	0	21661
14407	112	20674	30	56	0	20872
14408	73	20360	28	56	0	20517
14409	222	173	32	20361	0	20788
14410	20448	72	7	136	0	20663
14411	94	21516	28	100	0	21738
14412	22007	99	13	71	0	22190
14413	21989	72	11	49	0	22121
14414	170	59	22812	35	0	23076
14415	96	20	98	22383	0	22597
14416	35	16	74	23222	0	23347
14417	26	16	14	23447	0	23503
14418	31	18	17	23204	0	23270
14419	21	40	22381	178	0	22620
14420	29	56	20163	102	0	20350
14421	20061	18	147	80	0	20306
14422	86	21842	77	37	0	22042
14423	66	21837	28	31	0	21962
14424	21860	141	10	47	0	22058
14425	80	21811	34	25	0	21950
14426	78	101	8	21757	0	21944
14427	21811	73	10	141	0	22035
14428	114	47	21809	90	0	22060
14429	77	24	92	21961	0	22154
14430	23	53	22289	110	0	22475
14431	21165	23	102	110	0	21400
14432	115	69	24479	35	0	24698
14433	24556	19	110	63	0	24748
14434	25940	15	83	70	0	26108
14435	26074	17	22	69	0	26182
14436	26208	23	15	55	0	26301
14437	26295	15	18	45	0	26373
14438	196	17	21	26208	0	26442
14439	27254	17	14	192	0	27477
14440	131	22	17	27369	0	27539
14441	107	19	16	27419	0	27561
14442	50	8	13	27574	0	27645
14443	48	72	27480	217	0	27817
14444	49	30	105	27050	0	27234
14445	36	25	81	27993	0	28135
14446	44	72	27449	223	0	27788
14447	25003	21	122	159	0	25305
14448	136	24	82	28044	0	28286
14449	115	50	28046	142	0	28353
14450	43	59	27439	121	0	27662
14451	36	24	192	27441	0	27693
14452	61	79	28127	161	0	28428
14453	43	34	122	28355	0	28554
14454	58	15	92	28329	0	28494
14455	27	28223	69	225	0	28544
14456	29	28543	72	126	0	28770
14457	28595	185	18	112	0	28910
14458	140	109	20	28857	0	29126
14459	115	25	30	28619	0	28789
14460	38	22	20	29348	0	29428
14461	36	78	29449	253	0	29816
14462	42	28	137	29081	0	29288
14463	28981	22	105	198	0	29306
14464	165	86	30111	142	0	30504
14465	121	28	150	30676	0	30975
14466	66	21	106	31268	0	31461
14467	54	25	29	31454	0	31562
14468	30	33404	79	266	0	33779
14469	33587	196	23	164	0	33970
14470	34872	148	35	91	0	35146
14471	406	36037	73	48	0	36564
14472	236	253	28	37546	0	38063
14473	78	251	37884	314	0	38527
14474	54	111	37776	259	0	38200
14475	38364	21	549	95	0	39029
14476	392	18	266	39520	0	40196
14477	40917	15	68	406	0	41406
14478	435	42021	90	318	0	42864
14479	331	42687	97	86	0	43201
14480	42211	724	30	103	0	43068
14481	429	43886	90	81	0	44486
14482	366	475	34	44118	0	44993
14483	127	335	40	41829	0	42331
14484	41	45446	84	758	0	46329
14485	45889	492	47	427	0	46855
14486	532	437	46463	79	0	47511
14487	44335	73	519	131	0	45058
14488	570	112	47280	60	0	48022
14489	42686	47	562	180	0	43475
14490	594	117	47699	91	0	48501
14491	428	47051	606	68	0	48153
14492	188	588	425	46858	0	48059
14493	46528	372	86	554	0	47540
14494	528	130	46288	409	0	47355
14495	423	128	46344	98	0	46993
14496	124	65	860	45106	0	46155
14497	79	121	46507	529	0	47236
14498	87	34	549	45719	0	46389
14499	102	43	408	45548	0	46101
14500	82	89	45848	912	0	46931
14501	85	35	521	45644	0	46285
14502	46327	31	414	622	0	47394
14503	514	46303	160	436	0	47413
14504	46863	504	60	166	0	47593
14505	592	399	50	45862	0	46903
14506	46445	76	73	559	0	47153
14507	47059	57	61	496	0	47673
14508	931	64	74	45356	0	46425
14509	471	47201	118	536	0	48326
14510	47592	480	87	475	0	48634
14511	564	471	46201	151	0	47387
14512	494	173	45604	125	0	46396
14513	45029	61	888	135	0	46113
14514	591	79	471	45063	0	46204
14515	466	150	45460	549	0	46625
14516	160	63	564	45603	0	46390
14517	45671	65	457	637	0	46830
14518	46504	55	122	504	0	47185
14519	46340	79	98	200	0	46717
14520	939	47302	158	189	0	48588
14521	535	560	80	47640	0	48815
14522	209	440	78	47959	0	48686
14523	47594	105	95	917	0	48711
14524	594	47646	188	509	0	48937
14525	47820	542	91	197	0	48650
14526	650	431	92	47300	0	48473
14527	47292	127	98	607	0	48124
14528	653	193	46146	475	0	47467
14529	511	46388	620	172	0	47691
14530	291	584	453	43817	0	45145
14531	183	47555	224	470	0	48432
14532	182	555	122	45380	0	46239
14533	44833	425	123	595	0	45976
14534	607	193	43668	458	0	44926
14535	42491	90	575	221	0	43377
14536	600	44572	542	199	0	45913
14537	504	528	169	44995	0	46196
14538	220	419	150	45707	0	46496
14539	44166	105	143	966	0	45380
14540	627	201	44305	521	0	45654
14541	559	98	553	44495	0	45705
14542	228	95	435	44620	0	45378
14543	226	100	157	44572	0	45055
14544	197	96	136	44891	0	45320
14545	43868	86	119	1011	0	45084
14546	43822	104	122	585	0	44633
14547	989	168	43977	216	0	45350
14548	582	160	43095	216	0	44053
14549	44188	90	919	233	0	45430
14550	45784	79	482	236	0	46581
14551	1036	92	148	45327	0	46603
14552	582	87	132	45502	0	46303
14553	44745	81	145	959	0	45930
14554	615	44828	230	601	0	46274
14555	561	489	135	45021	0	46206
14556	285	391	136	45612	0	46424
14557	203	190	44760	985	0	46138
14558	210	94	554	44817	0	45675
14559	204	164	45237	702	0	46307
14560	229	86	577	45017	0	45909
14561	44466	68	468	683	0	45685
14562	679	91	124	44882	0	45776
14563	553	154	44355	686	0	45748
14564	213	42400	598	617	0	43828
14565	245	568	450	43843	0	45106
14566	255	470	44105	626	0	45456
14567	209	44337	585	556	0	45687
14568	269	572	395	42896	0	44132
14569	179	463	42611	567	0	43820
14570	31767	146	489	659	0	33061
14571	452	40490	413	192	0	41547
14572	387	39054	126	163	0	39730
14573	164	39813	134	141	0	40252
14574	332	954	147	37604	0	39037
14575	127	362	39272	401	0	40162
14576	87	38896	414	377	0	39774
14577	270	660	381	37761	0	39072
14578	40076	283	86	411	0	40856
14579	447	54	49	51588	0	52138
14580	442	155	59366	870	0	60833
14581	108	60171	965	606	0	61850
14582	58094	901	641	230	0	59866
14583	835	59936	183	170	0	61124
14584	712	992	57009	151	0	58864
14585	129	57745	975	152	0	59001
14586	220	1175	732	55670	0	57797
14587	137	785	56037	835	0	57794
14588	108	55769	1020	666	0	57563
14589	161	1000	644	54195	0	56000
14590	114	724	187	53983	0	55008
14591	37	55034	236	1393	0	56700
14592	100	978	131	55460	0	56669
14593	47	782	55004	1023	0	56856
14594	51	285	55739	745	0	56820
14595	98	202	1423	54970	0	56693
14596	55099	163	684	1061	0	57007
14597	55431	149	192	784	0	56556
14598	1434	154	164	54173	0	55925
14599	656	54879	260	1055	0	56850
14600	237	900	234	55051	0	56422
14601	54395	676	197	1049	0	56317
14602	1009	184	132	54549	0	55874
14603	805	172	100	54830	0	55907
14604	53676	194	102	1598	0	55570
14605	938	53566	173	888	0	55565
14606	732	997	113	53057	0	54899
14607	53117	699	109	1090	0	55015
14608	972	266	52469	875	0	54582
14609	52172	186	897	401	0	53656
14610	1093	185	641	52676	0	54595
14611	53171	191	146	1126	0	54634
14612	53295	216	125	879	0	54515
14613	51161	182	190	397	0	51930
14614	1579	51974	260	374	0	54187
14615	915	957	51750	310	0	53932
14616	377	52617	1015	306	0	54315
14617	51495	977	706	288	0	53466
14618	1154	52012	245	318	0	53729
14619	930	1044	154	51496	0	53624
14620	50209	834	161	1049	0	52253
14621	1036	50468	258	803	0	52565
14622	844	1152	50485	291	0	52772
14623	372	863	947	50412	0	52594
14624	301	404	50956	1106	0	52767
14625	307	50477	1081	1124	0	52989
14626	341	1112	759	49687	0	51899
14627	330	879	263	50599	0	52071
14628	289	362	267	51294	0	52212
14629	320	289	309	49265	0	50183
14630	271	49576	405	1741	0	51993
14631	48973	1069	270	1059	0	51371
14632	1064	951	49056	573	0	51644
14633	887	329	1024	49170	0	51410
14634	48757	352	770	1295	0	51174
14635	1160	436	49236	1056	0	51888
14636	866	48463	1207	487	0	51023
14637	417	1230	892	47429	0	49968
14638	407	1005	48429	1171	0	51012
14639	314	48637	1200	1022	0	51173
14640	46915	1143	883	570	0	49511
14641	1081	48504	481	464	0	50530
14642	878	1300	315	47363	0	49856
14643	349	995	302	48853	0	50499
14644	47393	495	325	1852	0	50065
14645	1053	47609	490	1148	0	50300
14646	925	1157	387	47917	0	50386
14647	46876	983	379	1309	0	49547
14648	46603	439	329	1171	0	48542
14649	1772	46101	285	729	0	48887
14650	46466	1174	233	617	0	48490
14651	46570	1030	194	547	0	48341
14652	1916	526	205	45484	0	48131
14653	1123	499	45067	1372	0	48061
14654	712	404	1033	44865	0	47014
14655	644	352	802	45382	0	47180
14656	524	405	44322	2012	0	47263
14657	544	43505	1176	1417	0	46642
14658	551	1234	781	43607	0	46173
14659	426	876	369	44745	0	46416
14660	493	340	375	45162	0	46370
14661	499	312	385	43522	0	44718
14662	411	43542	425	1941	0	46319
14663	43757	1105	272	1209	0	46343
14664	44106	828	192	761	0	45887
14665	43538	364	130	713	0	44745
14666	1791	41375	282	723	0	44171
14667	1070	1213	159	40971	0	43413
14668	589	1003	40899	1335	0	43826
14669	618	606	995	39416	0	41635
14670	636	41044	829	1197	0	43706
14671	40263	1078	233	939	0	42513
14672	40457	873	206	570	0	42106
14673	40061	405	239	531	0	41236
14674	1661	39256	405	523	0	41845
14675	858	37481	408	474	0	39221
14676	473	38096	373	624	0	39566
14677	625	1435	36798	419	0	39277
14678	635	1248	33193	525	0	35601
14679	1035	3960	1052	16675	0	22722
14680	12892	93	572	182	0	13739
14681	12612	12	30	106	0	12760
14682	175	33	23	13003	0	13234
14683	95	26	14	12944	0	13079
14684	35	33	19	13209	0	13296
14685	44	25	12	13282	0	13363
14686	13289	25	20	191	0	13525
14687	13485	36	21	109	0	13651
14688	192	13971	29	57	0	14249
14689	14262	129	9	60	0	14460
14690	14373	92	14	44	0	14523
14691	14424	39	17	37	0	14517
14692	222	39	13018	50	0	13329
14693	13788	26	89	50	0	13953
14694	143	14352	80	40	0	14615
14695	116	136	20	14694	0	14966
14696	50	92	16	14705	0	14863
14697	38	14754	31	215	0	15038
14698	42	149	18	15140	0	15349
14699	14993	92	25	172	0	15282
14700	159	34	18	15273	0	15484
14701	115	50	15069	168	0	15402
14702	14409	29	139	137	0	14714
14703	149	15491	105	55	0	15800
14704	114	147	19	15482	0	15762
14705	51	104	19	15582	0	15756
14706	57	36	14	15659	0	15766
14707	51	36	15394	255	0	15736
14708	44	15199	136	161	0	15540
14709	59	144	80	15265	0	15548
14710	62	108	15023	154	0	15347
14711	69	33	123	14791	0	15016
14712	50	55	14820	161	0	15086
14713	67	61	134	14210	0	14472
14714	39	14531	107	163	0	14840
14715	60	138	24	14302	0	14524
14716	14315	96	33	158	0	14602
14717	14313	36	23	115	0	14487
14718	221	42	14351	50	0	14664
14719	114	38	13861	40	0	14053
14720	49	49	15031	53	0	15182
14721	48	36	199	14894	0	15177
14722	41	25	84	15529	0	15679
14723	41	35	25	15521	0	15622
14724	33	15801	38	262	0	16134
14725	49	163	25	15748	0	15985
14726	58	97	23	16239	0	16417
14727	48	41	26	16633	0	16748
14728	16486	34	23	287	0	16830
14729	16615	27	34	167	0	16843
14730	258	37	16709	83	0	17087
14731	133	60	16499	71	0	16763
14732	16678	30	240	67	0	17015
14733	17300	33	117	67	0	17517
14734	277	42	17730	55	0	18104
14735	133	43	17235	70	0	17481
14736	17170	34	261	70	0	17535
14737	17503	24	132	67	0	17726
14738	286	48	17707	53	0	18094
14739	156	19	185	17499	0	17859
14740	51	29	151	17681	0	17912
14741	57	18703	61	295	0	19116
14742	71	175	42	18992	0	19280
14743	49	154	19886	245	0	20334
14744	49	36	223	19930	0	20238
14745	59	23	171	20074	0	20327
14746	50	54	19761	389	0	20254
14747	19007	28	227	245	0	19507
14748	19972	22	182	108	0	20284
14749	377	31	59	19790	0	20257
14750	213	27	51	20006	0	20297
14751	19963	25	53	383	0	20424
14752	19925	22	57	241	0	20245
14753	19404	23	57	108	0	19592
14754	19950	25	53	98	0	20126
14755	371	19547	76	86	0	20080
14756	19217	192	57	91	0	19557
14757	267	19456	47	74	0	19844
14758	207	213	57	19283	0	19760
14759	85	159	70	19045	0	19359
14760	67	19085	86	374	0	19612
14761	86	205	41	19327	0	19659
14762	82	159	55	18982	0	19278
14763	64	18992	86	374	0	19516
14764	76	217	61	19203	0	19557
14765	71	160	46	19283	0	19560
14766	78	51	58	19339	0	19526
14767	81	56	18876	429	0	19442
14768	73	18402	241	248	0	18964
14769	96	294	186	17056	0	17632
14770	64	18377	91	239	0	18771
14771	17986	187	72	208	0	18453
14772	256	166	17939	103	0	18464
14773	206	62	17522	88	0	17878
14774	16735	40	314	95	0	17184
14775	239	87	217	16969	0	17512
14776	201	46	16609	192	0	17048
14777	100	48	16338	176	0	16662
14778	113	130	293	15849	0	16385
14779	15743	30	185	197	0	16155
14780	15785	39	46	173	0	16043
14781	305	38	38	15596	0	15977
14782	177	42	15325	210	0	15754
14783	65	15943	169	211	0	16388
14784	80	172	128	15842	0	16222
14785	68	151	15888	208	0	16315
14786	61	15753	179	193	0	16186
14787	99	190	135	15304	0	15728
14788	15210	135	53	202	0	15600
14789	159	60	34	14738	0	14991
14790	139	15110	60	181	0	15490
14791	15039	130	43	186	0	15398
14792	157	153	15646	93	0	16049
14793	157	15455	154	84	0	15850
14794	72	143	15333	95	0	15643
14795	14563	150	181	86	0	14980
14796	186	51	154	14576	0	14967
14797	166	22	72	15095	0	15355
14798	15134	26	57	275	0	15492
14799	170	25	58	15241	0	15494
14800	162	39	14942	186	0	15329
14801	13933	19	151	190	0	14293
14802	155	14991	160	85	0	15391
14803	172	127	65	14687	0	15051
14804	14685	128	48	171	0	15032
14805	165	14668	68	165	0	15066
14806	184	153	54	14953	0	15344
14807	15140	137	46	187	0	15510
14808	152	60	44	15078	0	15334
14809	153	15145	58	210	0	15566
14810	69	150	15534	195	0	15948
14811	56	143	139	15964	0	16302
14812	72	49	149	15819	0	16089
14813	16073	36	43	289	0	16441
14814	177	42	28	16228	0	16475
14815	16259	41	51	193	0	16544
14816	16257	39	42	185	0	16523
14817	276	36	36	15987	0	16335
14818	166	16246	68	179	0	16659
14819	86	131	25	15927	0	16169
14820	15129	127	29	187	0	15472
14821	167	15430	47	164	0	15808
14822	138	15898	32	79	0	16147
14823	16128	200	16	71	0	16415
14824	16223	130	37	56	0	16446
14825	239	16382	53	62	0	16736
14826	16406	146	83	63	0	16698
14827	16258	125	33	55	0	16471
14828	260	36	18	16286	0	16600
14829	140	46	16906	180	0	17272
14830	56	83	162	16936	0	17237
14831	51	41	17364	201	0	17657
14832	50	53	160	17231	0	17494
14833	43	37	17294	194	0	17568
14834	16469	21	179	154	0	16823
14835	173	27	133	16823	0	17156
14836	17341	8	30	177	0	17556
14837	198	78	14	16739	0	17029
14838	145	17448	35	193	0	17821
14839	17763	157	23	153	0	18096
14840	181	155	17269	45	0	17650
14841	16153	38	126	42	0	16359
14842	144	16713	130	22	0	17009
14843	15980	115	22	17	0	16134
14844	15998	86	11	20	0	16115
14845	208	16235	15	20	0	16478
14846	108	133	9	16702	0	16952
14847	16741	92	8	163	0	17004
14848	156	16847	23	112	0	17138
14849	125	152	7	16963	0	17247
14850	17100	106	8	172	0	17386
14851	171	28	9	17093	0	17301
14852	126	12	10	17268	0	17416
14853	36	19	8	17440	0	17503
14854	25	29	17135	277	0	17466
14855	29	32	149	17110	0	17320
14856	17124	15	105	189	0	17433
14857	181	28	17424	120	0	17753
14858	129	15	153	17393	0	17690
14859	44	24	107	17731	0	17906
14860	38	27	17506	279	0	17850
14861	16497	13	167	163	0	16840
14862	17865	20	106	52	0	18043
14863	284	42	17985	40	0	18351
14864	153	16	169	17707	0	18045
14865	53	13	116	18399	0	18581
14866	42	37	19156	310	0	19545
14867	48	13	185	19341	0	19587
14868	50	20	127	19621	0	19818
14869	39	32	19931	332	0	20334
14870	19132	13	195	183	0	19523
14871	208	15	144	20286	0	20653
14872	20280	13	37	237	0	20567
14873	20308	15	30	182	0	20535
14874	337	25	20456	70	0	20888
14875	190	19	208	20085	0	20502
14876	20251	15	141	249	0	20656
14877	226	20665	64	208	0	21163
14878	177	193	36	21311	0	21717
14879	56	138	44	21625	0	21863
14880	55	28	34	21980	0	22097
14881	55	34	21606	374	0	22069
14882	19228	31	230	222	0	19711
14883	234	19	160	20819	0	21232
14884	191	18	42	20935	0	21186
14885	63	31	20690	391	0	21175
14886	69	23	221	20680	0	20993
14887	62	16	165	20984	0	21227
14888	20453	15	51	400	0	20919
14889	242	20532	55	236	0	21065
14890	177	213	20398	81	0	20869
14891	20138	132	227	77	0	20574
14892	234	29	154	20200	0	20617
14893	171	27	20417	262	0	20877
14894	67	30	20626	200	0	20923
14895	59	23	349	20760	0	21191
14896	54	29	21212	260	0	21555
14897	52	28	21301	198	0	21579
14898	47	20548	360	95	0	21050
14899	53	200	186	21724	0	22163
14900	57	162	21937	261	0	22417
14901	62	22	226	21441	0	21751
14902	22574	16	177	272	0	23039
14903	232	22	54	22905	0	23213
14904	171	13	53	23284	0	23521
14905	22488	16	49	400	0	22953
14906	22934	32	54	218	0	23238
14907	363	18	57	23813	0	24251
14908	178	37	24110	283	0	24608
14909	44	23891	256	211	0	24402
14910	56	211	179	23791	0	24237
14911	23369	141	68	280	0	23858
14912	23468	30	50	226	0	23774
14913	357	23395	78	107	0	23937
14914	187	23941	83	86	0	24297
14915	23972	338	49	103	0	24462
14916	24021	158	61	81	0	24321
14917	381	70	24801	86	0	25338
14918	219	57	235	23805	0	24316
14919	67	25228	211	266	0	25772
14920	26014	218	56	220	0	26508
14921	276	205	49	25363	0	25893
14922	201	25282	74	271	0	25828
14923	89	262	25409	213	0	25973
14924	83	311	244	23551	0	24189
14925	61	26031	218	263	0	26573
14926	25953	210	62	211	0	26436
14927	25835	163	49	114	0	26161
14928	356	25884	70	74	0	26384
14929	24986	190	45	84	0	25305
14930	24714	142	37	85	0	24978
14931	327	24696	52	79	0	25154
14932	154	25015	59	74	0	25302
14933	102	334	67	24440	0	24943
14934	24266	139	47	222	0	24674
14935	202	63	25240	185	0	25690
14936	23324	39	190	88	0	23641
14937	189	25335	164	60	0	25748
14938	25251	173	57	90	0	25571
14939	25288	130	46	84	0	25548
14940	25402	39	42	75	0	25558
14941	309	48	47	24686	0	25090
14942	159	25037	68	181	0	25445
14943	24963	171	37	178	0	25349
14944	191	167	25313	89	0	25760
14945	164	25264	186	56	0	25670
14946	82	165	124	25670	0	26041
14947	60	134	25227	175	0	25596
14948	59	72	25546	128	0	25805
14949	80	69	252	24681	0	25082
14950	80	46	125	26307	0	26558
14951	69	40	43	26576	0	26728
14952	77	38	39	26080	0	26234
14953	65	25527	59	279	0	25930
14954	60	26352	56	155	0	26623
14955	26538	243	35	92	0	26908
14956	188	142	28	26614	0	26972
14957	170	51	34	26718	0	26973
14958	82	36	36	27065	0	27219
14959	26485	52	38	284	0	26859
14960	26855	43	37	187	0	27122
14961	282	45	32	26918	0	27277
14962	27131	55	24	201	0	27411
14963	27005	35	28	176	0	27244
14964	27441	41	31	74	0	27587
14965	285	53	25	26894	0	27257
14966	167	61	25754	152	0	26134
14967	80	68	24621	127	0	24896
14968	85	62	25573	48	0	25768
14969	78	57	26158	42	0	26335
14970	100	78	238	25621	0	26037
14971	26049	35	117	144	0	26345
14972	25860	36	35	118	0	26049
14973	211	53	26027	50	0	26341
14974	127	40	26216	49	0	26432
14975	53	27872	214	44	0	28183
14976	61	155	98	28075	0	28389
14977	28004	94	45	166	0	28309
14978	138	55	28020	118	0	28331
14979	26790	30	141	66	0	27027
14980	128	29076	135	52	0	29391
14981	110	138	27	29697	0	29972
14982	46	96	18	30692	0	30852
14983	53	25	20	30745	0	30843
14984	30889	26	31	286	0	31232
14985	177	28	24	31111	0	31340
14986	153	26	21	31245	0	31445
14987	31179	26	24	298	0	31527
14988	195	29	26	31190	0	31440
14989	159	61	31505	198	0	31923
14990	30495	26	162	182	0	30865
14991	202	32	118	31930	0	32282
14992	171	24	41	31521	0	31757
14993	72	31737	62	258	0	32129
14994	31973	154	24	177	0	32328
14995	32337	135	38	89	0	32599
14996	326	45	23	31995	0	32389
14997	177	49	31960	199	0	32385
14998	29118	21	170	197	0	29506
14999	207	56	32171	81	0	32515
15000	175	28	203	31616	0	32022
15001	82	21	163	32738	0	33004
15002	32514	22	50	377	0	32963
15003	263	13	44	33885	0	34205
15004	218	73	34030	254	0	34575
15005	32635	25	230	228	0	33118
15006	257	57	36580	83	0	36977
15007	209	76	36255	74	0	36614
15008	36843	24	474	95	0	37436
15009	360	46	251	37749	0	38406
15010	224	40145	119	280	0	40768
15011	40349	272	58	236	0	40915
15012	40240	206	46	103	0	40595
15013	511	82	40237	64	0	40894
15014	39719	21	312	102	0	40154
15015	361	23	237	40310	0	40931
15016	255	78	41362	341	0	42036
15017	76	40638	328	317	0	41359
15018	40081	286	252	122	0	40741
15019	308	41045	93	92	0	41538
15020	272	327	56	40451	0	41106
15021	101	208	35	40919	0	41263
15022	96	38	33	40831	0	40998
15023	74	32	34	39911	0	40051
15024	57	39945	79	525	0	40606
15025	75	311	38801	288	0	39475
15026	44	39352	314	130	0	39840
15027	39213	295	221	114	0	39843
15028	316	218	58	39224	0	39816
15029	39538	44	39	347	0	39968
15030	357	49	34	39734	0	40174
15031	40803	30	48	397	0	41278
15032	338	41627	118	274	0	42357
15033	42949	282	50	163	0	43444
15034	43090	209	55	115	0	43469
15035	42477	52	43	107	0	42679
15036	42763	42	52	111	0	42968
15037	554	42397	70	101	0	43122
15038	287	353	42657	70	0	43367
15039	143	219	317	42770	0	43449
15040	42956	61	244	366	0	43627
15041	43914	31	84	284	0	44313
15042	572	34	57	44617	0	45280
15043	326	111	45547	411	0	46395
15044	148	49	350	44331	0	44878
15045	111	45616	322	396	0	46445
15046	45825	343	87	344	0	46599
15047	439	301	74	45673	0	46487
15048	327	45568	102	400	0	46397
15049	134	47770	97	356	0	48357
15050	86	48576	119	172	0	48953
15051	138	653	65	48729	0	49585
15052	49033	332	49	477	0	49891
15053	462	49564	101	368	0	50495
15054	357	428	62	50168	0	51015
15055	49909	303	53	499	0	50764
15056	479	101	49	50332	0	50961
15057	50102	70	59	547	0	50778
15058	50119	89	43	420	0	50671
15059	736	51998	113	165	0	53012
15060	523	444	61	48526	0	49554
15061	167	52654	121	368	0	53310
15062	52089	443	60	341	0	52933
15063	52484	329	61	176	0	53050
15064	53548	94	79	164	0	53885
15065	839	99	79	53238	0	54255
15066	464	145	52936	484	0	54029
15067	51204	85	448	417	0	52154
15068	53475	89	318	198	0	54080
15069	855	107	95	52096	0	53153
15070	499	53852	106	484	0	54941
15071	246	472	61	54228	0	55007
15072	183	390	72	55082	0	55727
15073	54804	146	80	768	0	55798
15074	54368	142	67	468	0	55045
15075	848	151	52778	195	0	53972
15076	519	100	430	52553	0	53602
15077	53290	129	330	564	0	54313
15078	589	123	99	54225	0	55036
15079	477	182	54374	631	0	55664
15080	234	52486	492	528	0	53740
15081	210	54712	368	225	0	55515
15082	59522	771	113	209	0	60615
15083	751	441	69	62518	0	63779
15084	594	152	49	68778	0	69573
15085	68085	135	67	1333	0	69620
15086	961	198	68887	739	0	70785
15087	753	133	802	67948	0	69636
15088	328	172	69776	907	0	71183
15089	230	69491	944	708	0	71373
15090	71207	865	616	345	0	73033
15091	72411	620	154	255	0	73440
15092	73200	191	103	228	0	73722
15093	1592	220	71338	235	0	73385
15094	70982	147	836	247	0	72212
15095	72827	107	629	229	0	73792
15096	1605	125	163	72138	0	74031
15097	61319	164	468	1019	0	62970
15098	893	219	71155	677	0	72944
15099	68502	139	817	357	0	69815
15100	1119	176	71392	235	0	72922
15101	817	72220	930	269	0	74236
15102	481	1584	643	63850	0	66558
15103	375	71597	270	761	0	73003
15104	383	937	70338	584	0	72242
15105	302	71279	884	304	0	72769
15106	66373	836	588	255	0	68052
15107	803	66567	242	185	0	67797
15108	636	64801	179	197	0	65813
15109	367	1167	63732	139	0	65405
15110	253	650	753	62533	0	64189
15111	63063	213	531	778	0	64585
15112	810	245	63755	612	0	65422
15113	607	63758	777	328	0	65470
15114	329	750	560	61710	0	63349
15115	278	639	64037	769	0	65723
15116	296	272	63098	609	0	64275
15117	281	198	1233	62537	0	64249
15118	295	231	63731	843	0	65100
15119	335	200	911	56072	0	57518
15120	253	61688	713	741	0	63395
15121	371	734	309	59636	0	61050
15122	323	62601	299	743	0	63966
15123	387	795	168	62248	0	63598
15124	61592	578	267	835	0	63272
15125	932	247	244	61028	0	62451
15126	741	61562	284	882	0	63469
15127	404	734	244	62511	0	63893
15128	364	617	62232	907	0	64120
15129	320	277	841	62069	0	63507
15130	61660	195	650	928	0	63433
15131	933	271	60763	685	0	62652
15132	745	303	870	59603	0	61521
15133	58672	194	660	864	0	60390
15134	917	58896	367	745	0	60925
15135	815	865	290	57679	0	59649
15136	58907	657	300	872	0	60736
15137	987	310	309	58851	0	60457
15138	755	332	57798	916	0	59801
15139	55121	334	897	727	0	57079
15140	924	57625	848	332	0	59729
15141	659	57608	438	411	0	59116
15142	57507	1171	355	302	0	59335
15143	56518	672	351	300	0	57841
15144	1283	425	317	55390	0	57415
15145	56180	286	340	799	0	57605
15146	975	399	55326	712	0	57412
15147	54253	285	915	481	0	55934
15148	900	54459	795	464	0	56618
15149	54170	737	488	439	0	55834
15150	992	650	54102	460	0	56204
15151	892	467	945	53353	0	55657
15152	553	338	784	53837	0	55512
15153	471	390	487	49386	0	50734
15154	443	52924	503	1233	0	55103
15155	53285	753	403	747	0	55188
15156	1149	618	473	48170	0	50410
15157	949	50284	441	793	0	52467
15158	54634	758	395	761	0	56548
15159	52639	643	499	480	0	54261
15160	53764	383	382	538	0	55067
15161	53640	371	380	570	0	54961
15162	52610	310	414	553	0	53887
15163	1327	362	472	52131	0	54292
15164	968	410	421	51681	0	53480
15165	50999	421	402	1260	0	53082
15166	869	525	430	51352	0	53176
15167	861	521	420	50825	0	52627
15168	490	558	48516	1327	0	50891
15169	49378	491	923	849	0	51641
15170	50274	493	807	586	0	52160
15171	50740	609	443	484	0	52276
15172	1318	569	490	45393	0	47770
15173	823	48832	456	1052	0	51163
15174	52618	861	492	830	0	54801
15175	50772	736	490	775	0	52773
15176	1496	428	434	54225	0	56583
15177	54010	388	582	1119	0	56099
15178	1359	853	44503	1011	0	47726
15179	928	54624	967	696	0	57215
15180	873	55451	758	823	0	57905
15181	1099	1408	53772	719	0	56998
15182	443	48066	961	678	0	50148
15183	568	44706	787	709	0	46770
15184	38162	613	680	443	0	39898
15185	433	37998	288	466	0	39185
15186	557	505	262	37835	0	39159
15187	38580	387	192	647	0	39806
15188	565	284	37889	566	0	39304
15189	36891	276	311	511	0	37989
15190	557	297	37302	397	0	38553
15191	474	207	37044	414	0	38139
15192	35791	157	540	413	0	36901
15193	497	161	37857	381	0	38896
15194	465	37276	376	230	0	38347
15195	299	285	385	37002	0	37971
15196	37120	292	137	449	0	37998
15197	492	36534	127	401	0	37554
15198	461	361	118	36537	0	37477
15199	340	345	36418	411	0	37514
15200	370	148	256	36551	0	37325
15201	35389	121	321	454	0	36285
15202	565	159	35093	344	0	36161
15203	576	161	269	34562	0	35568
15204	34975	227	280	391	0	35873
15205	35799	157	134	381	0	36471
15206	777	132	113	35721	0	36743
15207	591	134	68	35975	0	36768
15208	349	167	36303	584	0	37403
15209	337	120	36065	360	0	36882
15210	35517	58	525	204	0	36304
15211	37262	104	264	189	0	37819
15212	622	37181	123	166	0	38092
15213	37118	249	128	86	0	37581
15214	37710	241	138	159	0	38248
15215	552	146	40202	208	0	41108
15216	337	41273	312	208	0	42130
15217	41866	286	292	136	0	42580
15218	42085	243	71	89	0	42488
15219	42985	61	40	95	0	43181
15220	589	45	32	42285	0	42951
15221	374	43	28	42200	0	42645
15222	118	42352	91	537	0	43098
15223	116	293	33	42956	0	43398
15224	42586	262	34	377	0	43259
15225	357	60	31	43053	0	43501
15226	327	99	42504	364	0	43294
15227	126	88	41983	317	0	42514
15228	126	46	533	41939	0	42644
15229	101	82	42837	358	0	43378
15230	74	94	42605	363	0	43136
15231	104	46	584	41122	0	41856
15232	106	47	337	43238	0	43728
15233	84	102	43376	596	0	44158
15234	114	73	43419	364	0	43970
15235	87	43924	613	135	0	44759
15236	43886	329	341	111	0	44667
15237	362	45294	159	96	0	45911
15238	45299	355	69	128	0	45851
15239	45895	306	54	82	0	46337
15240	604	46179	106	129	0	47018
15241	46523	379	40	92	0	47034
15242	467	334	39	45915	0	46755
15243	374	136	47037	414	0	47961
15244	160	67	393	46507	0	47127
15245	107	46	325	47624	0	48102
15246	46170	44	90	710	0	47014
15247	46458	46	76	409	0	46989
15248	46739	30	59	184	0	47012
15249	46758	29	69	115	0	46971
15250	45013	33	78	111	0	45235
15251	718	44111	116	89	0	45034
15252	460	353	55	44754	0	45622
15253	149	369	45705	417	0	46640
15254	124	83	430	45617	0	46254
15255	135	50	346	46276	0	46807
15256	123	34	105	48233	0	48495
15257	50333	56	84	814	0	51287
15258	625	51	63	50715	0	51454
15259	51530	50	77	663	0	52320
15260	668	141	52518	524	0	53851
15261	572	58	596	58606	0	59832
15262	184	143	60782	912	0	62021
15263	60037	45	902	696	0	61680
15264	929	52	644	60850	0	62475
15265	716	143	61921	944	0	63724
15266	241	61	898	62361	0	63561
15267	62372	44	700	1060	0	64176
15268	966	126	63525	738	0	65355
15269	63458	42	911	283	0	64694
15270	65079	47	679	243	0	66048
15271	65148	45	218	212	0	65623
15272	63462	44	171	239	0	63916
15273	1560	62518	244	218	0	64540
15274	734	59988	214	169	0	61105
15275	293	59556	210	189	0	60248
15276	375	1828	319	53607	0	56129
15277	210	55892	185	740	0	57027
15278	54485	739	116	532	0	55872
15279	764	54150	182	169	0	55265
15280	607	54624	151	190	0	55572
15281	267	1162	105	54084	0	55618
15282	244	583	112	55075	0	56014
15283	54302	159	127	1246	0	55834
15284	845	135	96	55068	0	56144
15285	625	187	53894	850	0	55556
15286	274	186	52395	664	0	53519
15287	257	157	54080	273	0	54767
15288	300	117	1212	52495	0	54124
15289	343	78	580	56031	0	57032
15290	293	175	54746	1287	0	56501
15291	276	179	54008	706	0	55169
15292	263	217	55426	269	0	56175
15293	54578	155	1387	244	0	56364
15294	915	171	708	55854	0	57648
15295	695	151	239	56520	0	57605
15296	56226	153	197	1464	0	58040
15297	944	150	173	55911	0	57178
15298	718	55990	264	999	0	57971
15299	253	57779	219	811	0	59062
15300	285	1302	137	57146	0	58870
15301	57382	637	161	1025	0	59205
15302	57675	185	172	838	0	58870
15303	58764	142	190	372	0	59468
15304	1517	129	207	57602	0	59455
15305	820	186	56837	988	0	58831
15306	359	118	907	57043	0	58427
15307	311	165	57155	1056	0	58687
15308	53408	118	999	872	0	55397
15309	1007	130	770	55519	0	57426
15310	54005	105	326	1061	0	55497
15311	994	149	55125	796	0	57064
15312	50154	105	980	421	0	51660
15313	1108	194	56784	334	0	58420
15314	852	54287	966	345	0	56450
15315	379	53572	748	329	0	55028
15316	52272	1304	309	311	0	54196
15317	1013	716	196	51803	0	53728
15318	743	321	52168	927	0	54159
15319	331	51423	896	730	0	53380
15320	285	52863	719	339	0	54206
15321	362	1302	255	52185	0	54104
15322	52544	644	224	964	0	54376
15323	52614	216	188	792	0	53810
15324	1341	52512	325	369	0	54547
15325	52957	844	240	377	0	54418
15326	1029	621	256	52568	0	54474
15327	761	246	52490	1012	0	54509
15328	351	52839	1019	788	0	54997
15329	421	832	707	52985	0	54945
15330	389	604	301	53359	0	54653
15331	52646	181	272	1406	0	54505
15332	994	249	52460	787	0	54490
15333	51848	199	929	346	0	53322
15334	52724	213	678	310	0	53925
15335	1469	212	242	51904	0	53827
15336	834	210	224	52970	0	54238
15337	51489	205	195	1398	0	53287
15338	993	243	209	51820	0	53265
15339	763	297	51031	965	0	53056
15340	322	253	50532	763	0	51870
15341	311	50043	1258	341	0	51953
15342	321	52932	689	376	0	54318
15343	412	1253	250	48118	0	50033
15344	312	50659	269	866	0	52106
15345	50858	857	201	720	0	52636
15346	843	51820	312	367	0	53342
15347	712	873	197	51351	0	53133
15348	331	653	194	52314	0	53492
15349	250	299	51795	1397	0	53741
15350	301	181	854	51397	0	52733
15351	315	162	685	52168	0	53330
15352	282	52855	362	1363	0	54862
15353	322	785	242	52243	0	53592
15354	325	581	226	53206	0	54338
15355	403	254	51987	1477	0	54121
15356	250	50940	901	850	0	52941
15357	280	2580	526	44172	0	47558
15358	176	47607	230	764	0	48777
15359	232	662	45509	556	0	46959
15360	158	44632	698	237	0	45725
15361	37002	653	671	285	0	38611
15362	36050	287	105	98	0	36540
15363	35968	94	66	101	0	36229
15364	492	35809	90	84	0	36475
15365	35482	296	51	96	0	35925
15366	347	275	36	34980	0	35638
15367	34361	85	53	336	0	34835
15368	319	34000	63	294	0	34676
15369	34079	294	53	127	0	34553
15370	34954	258	55	127	0	35394
15371	529	35645	85	143	0	36402
15372	323	379	35845	90	0	36637
15373	143	307	316	38451	0	39217
15374	112	122	41437	473	0	42144
15375	103	92	481	42293	0	42969
15376	91	64	388	44377	0	44920
15377	71	115	45048	910	0	46144
15378	98	72	566	45451	0	46187
15379	45313	79	420	664	0	46476
15380	566	109	45984	524	0	47183
15381	438	46096	613	184	0	47331
15382	144	559	432	45280	0	46415
15383	132	442	103	46660	0	47337
15384	83	173	46271	995	0	47522
15385	129	121	563	43951	0	44764
15386	93	45782	472	595	0	46942
15387	44578	549	115	492	0	45734
15388	477	45318	117	140	0	46052
15389	42878	533	49	125	0	43585
15390	484	43604	85	125	0	44298
15391	359	44675	103	110	0	45247
15392	132	882	42825	96	0	43935
15393	153	568	609	42844	0	44174
15394	90	123	405	42797	0	43415
15395	92	70	105	43830	0	44097
15396	41	45853	142	962	0	46998
15397	98	611	102	46276	0	47087
15398	46330	441	89	773	0	47633
15399	704	102	104	46578	0	47488
15400	46113	76	107	818	0	47114
15401	748	132	46475	617	0	47972
15402	46219	90	693	237	0	47239
15403	738	92	504	46619	0	47953
15404	536	129	134	48216	0	49015
15405	48580	94	112	1231	0	50017
15406	742	145	49253	659	0	50799
15407	513	48939	795	288	0	50535
15408	179	745	508	48591	0	50023
15409	49473	568	148	737	0	50926
15410	49971	187	96	598	0	50852
15411	1199	191	90	49026	0	50506
15412	624	204	49417	793	0	51038
15413	46928	167	720	623	0	48438
15414	754	198	48505	236	0	49693
15415	628	172	778	47502	0	49080
15416	196	187	48265	882	0	49530
15417	196	150	744	47619	0	48709
15418	163	151	46909	942	0	48165
15419	167	46550	782	748	0	48247
15420	340	704	535	39768	0	41347
15421	192	46940	205	712	0	48049
15422	47007	707	113	576	0	48403
15423	47314	520	153	273	0	48260
15424	1186	201	46469	256	0	48112
15425	706	132	719	45950	0	47507
15426	46603	117	576	838	0	48134
15427	837	130	185	46575	0	47727
15428	682	114	149	46093	0	47038
15429	281	165	45351	1281	0	47078
15430	42779	135	756	805	0	44475
15431	843	161	45843	355	0	47202
15432	696	119	824	44762	0	46401
15433	318	142	45659	900	0	47019
15434	44787	114	844	788	0	46533
15435	45399	98	642	409	0	46548
15436	45295	112	332	318	0	46057
15437	1253	129	282	44422	0	46086
15438	681	159	44131	911	0	45882
15439	252	186	44280	736	0	45454
15440	360	339	1227	36135	0	38061
15441	255	43554	747	750	0	45306
15442	42119	735	276	689	0	43819
15443	915	578	235	42194	0	43922
15444	706	264	42420	888	0	44278
15445	432	180	778	42843	0	44233
15446	356	212	43723	936	0	45227
15447	394	224	845	43631	0	45094
15448	343	173	44366	1033	0	45915
15449	361	168	43902	816	0	45247
15450	340	42858	1271	491	0	44960
15451	299	664	43335	430	0	44728
15452	332	550	43151	418	0	44451
15453	434	283	1319	35080	0	37116
15454	436	162	716	37138	0	38452
15455	353	41500	393	1142	0	43388
15456	41494	649	355	649	0	43147
15457	903	41727	409	369	0	43408
15458	787	684	336	40622	0	42429
15459	41193	485	356	840	0	42874
15460	887	153	303	41271	0	42614
15461	41293	147	398	913	0	42751
15462	895	120	359	41733	0	43107
15463	703	207	41862	931	0	43703
15464	378	185	858	42057	0	43478
15465	374	173	681	42186	0	43414
15466	41996	156	426	1289	0	43867
15467	42271	99	391	842	0	43603
15468	41247	126	438	461	0	42272
15469	1177	40378	514	428	0	42497
15470	596	39989	455	427	0	41467
15471	39084	898	441	359	0	40782
15472	775	531	39738	382	0	41426
15473	549	239	37744	323	0	38855
15474	433	1110	1050	33138	0	35731
15475	265	141	34168	568	0	35142
15476	232	96	32560	430	0	33318
15477	29770	137	811	340	0	31058
15478	29858	78	498	258	0	30692
15479	722	30883	247	247	0	32099
15480	441	31209	249	230	0	32129
15481	332	598	210	24197	0	25337
15482	201	30899	277	419	0	31796
15483	31259	388	269	351	0	32267
15484	532	287	211	28335	0	29365
15485	388	31169	244	459	0	32260
15486	31790	390	187	419	0	32786
15487	515	296	32128	243	0	33182
15488	391	144	31701	245	0	32481
15489	30937	81	740	256	0	32014
15490	494	124	31086	253	0	31957
15491	29741	61	519	223	0	30544
15492	486	90	371	30785	0	31732
15493	322	132	30886	429	0	31769
15494	170	30292	512	344	0	31318
15495	158	30699	416	191	0	31464
15496	27448	346	253	151	0	28198
15497	264	27899	248	139	0	28550
15498	26293	183	182	124	0	26782
15499	26263	143	167	118	0	26691
15500	300	26312	180	86	0	26878
15501	180	190	129	25950	0	26449
15502	93	172	26666	201	0	27132
15503	61	27607	292	163	0	28123
15504	93	909	207	26566	0	27775
15505	80	200	99	27963	0	28342
15506	27306	42	52	373	0	27773
15507	236	22	31	27410	0	27699
15508	171	61	27114	278	0	27624
15509	37	27124	262	206	0	27629
15510	61	251	189	27187	0	27688
15511	27710	177	83	277	0	28247
15512	28391	50	39	214	0	28694
15513	438	34	48	28468	0	28988
15514	29413	28	65	306	0	29812
15515	358	83	29711	231	0	30383
15516	287	25	351	29730	0	30393
15517	73	68	30555	351	0	31047
15518	69	26	370	32370	0	32835
15519	65	37	275	32391	0	32768
15520	77	44	68	32768	0	32957
15521	70	36	41	32607	0	32754
15522	72	42	25	32685	0	32824
15523	31958	39	26	789	0	32812
15524	32248	37	23	439	0	32747
15525	728	32374	61	148	0	33311
15526	32972	405	35	133	0	33545
15527	491	333	41	32835	0	33700
15528	382	62	50	33296	0	33790
15529	141	34	46	33577	0	33798
15530	104	78	33468	802	0	34452
15531	121	51	436	31406	0	32014
15532	89	33243	373	457	0	34162
15533	33095	416	74	407	0	33992
15534	33068	351	51	155	0	33625
15535	795	131	32747	116	0	33789
15536	416	32825	484	143	0	33868
15537	132	418	375	32620	0	33545
15538	85	410	33180	497	0	34172
15539	118	77	438	31040	0	31673
15540	83	32625	419	509	0	33636
15541	31737	431	114	412	0	32694
15542	469	32473	82	248	0	33272
15543	420	469	32264	132	0	33285
15544	162	410	32355	124	0	33051
15545	90	32212	731	146	0	33179
15546	83	31575	408	118	0	32184
15547	30707	706	109	151	0	31673
15548	30690	368	57	155	0	31270
15549	730	87	76	30510	0	31403
15550	394	91	30577	508	0	31570
15551	130	80	422	30521	0	31153
15552	140	73	337	30444	0	30994
15553	30070	55	83	814	0	31022
15554	29997	62	81	468	0	30608
15555	779	68	72	31200	0	32119
15556	424	117	31512	552	0	32605
15557	126	31667	489	486	0	32768
15558	31574	467	406	190	0	32637
15559	494	32815	149	140	0	33598
15560	477	503	67	33026	0	34073
15561	177	438	72	34155	0	34842
15562	140	135	87	34212	0	34574
15563	140	84	93	33563	0	33880
15564	32612	92	91	967	0	33762
15565	541	113	73	32607	0	33334
15566	477	32154	100	637	0	33368
15567	205	465	77	32341	0	33088
15568	31305	417	90	653	0	32465
15569	503	31611	138	569	0	32821
15570	500	475	96	31485	0	32556
15571	154	463	31052	626	0	32295
15572	30099	142	479	576	0	31296
15573	592	107	425	30747	0	31871
15574	513	120	30326	612	0	31571
15575	172	142	30060	538	0	30912
15576	211	219	865	29786	0	31081
15577	29815	103	521	583	0	31022
15578	29999	112	126	574	0	30811
15579	882	30649	140	267	0	31938
15580	30690	479	101	242	0	31512
15581	30692	421	91	274	0	31478
15582	30894	112	87	253	0	31346
15583	30422	97	90	240	0	30849
15584	957	94	87	29692	0	30830
15585	560	112	81	29773	0	30526
15586	208	147	28697	954	0	30006
15587	195	27510	493	607	0	28805
15588	166	28384	444	280	0	29274
15589	173	834	27665	244	0	28916
15590	26905	446	490	222	0	28063
15591	565	128	419	27402	0	28514
15592	27776	112	120	596	0	28604
15593	27425	117	112	524	0	28178
15594	847	150	26970	233	0	28200
15595	521	114	455	26699	0	27789
15596	26946	94	407	556	0	28003
15597	575	87	120	27095	0	27877
15598	529	133	26726	566	0	27954
15599	244	742	455	24997	0	26438
15600	187	27017	453	538	0	28195
15601	203	27624	165	435	0	28427
15602	226	727	26338	221	0	27512
15603	141	25669	448	183	0	26441
15604	23828	475	481	307	0	25091
15605	23272	315	133	159	0	23879
15606	630	83	66	23005	0	23784
15607	402	67	79	23144	0	23692
15608	172	65	85	23509	0	23831
15609	22932	67	77	617	0	23693
15610	395	22947	89	385	0	23816
15611	22497	287	42	144	0	22970
15612	21894	265	58	105	0	22322
15613	552	21919	81	123	0	22675
15614	20564	208	47	99	0	20918
15615	272	20830	67	109	0	21278
15616	20838	213	45	117	0	21213
15617	265	220	20459	117	0	21061
15618	17805	111	255	83	0	18254
15619	179	18689	164	65	0	19097
15620	291	155	107	18661	0	19214
15621	81	134	24	19529	0	19768
15622	68	27	16	20043	0	20154
15623	20073	24	27	346	0	20470
15624	204	42	29	20387	0	20662
15625	184	54	19893	239	0	20370
15626	19202	49	162	204	0	19617
15627	194	54	19911	84	0	20243
15628	188	77	176	19638	0	20079
15629	65	67	20098	197	0	20427
15630	64	103	172	18987	0	19326
15631	47	19723	179	186	0	20135
15632	76	165	50	19148	0	19439
15633	51	19691	64	199	0	20005
15634	65	167	40	19714	0	19986
15635	19762	156	32	197	0	20147
15636	198	45	28	20368	0	20639
15637	20389	35	27	206	0	20657
15638	211	51	19680	190	0	20132
15639	19696	43	154	93	0	19986
15640	20080	35	150	64	0	20329
15641	20220	38	35	49	0	20342
15642	354	41	20	20208	0	20623
15643	19965	35	41	186	0	20227
15644	232	56	19454	167	0	19909
15645	19208	37	159	83	0	19487
15646	222	54	19585	58	0	19919
15647	19361	30	163	68	0	19622
15648	219	30	155	19867	0	20271
15649	202	58	20284	189	0	20733
15650	103	36	160	20249	0	20548
15651	85	29	168	20601	0	20883
15652	71	59	20442	314	0	20886
15653	18495	18	168	244	0	18925
15654	174	20675	181	104	0	21134
15655	19907	130	49	79	0	20165
15656	164	19766	64	54	0	20048
15657	19228	132	39	62	0	19461
15658	153	120	19125	54	0	19452
15659	16912	125	258	75	0	17370
15660	121	17928	113	44	0	18206
15661	123	80	39	17574	0	17816
15662	43	59	13	18120	0	18235
15663	27	17	12	18337	0	18393
15664	26	27	18363	168	0	18584
15665	37	10	92	18226	0	18365
15666	24	25	19282	123	0	19454
15667	19482	6	120	106	0	19714
15668	20852	10	89	54	0	21005
15669	227	9	28	21245	0	21509
15670	127	30	21482	158	0	21797
15671	19971	9	151	161	0	20292
15672	165	35	25101	40	0	25341
15673	134	12	204	24725	0	25075
15674	50	6	149	25757	0	25962
15675	45	10	27	26418	0	26500
15676	41	10	22	26647	0	26720
15677	25765	11	25	392	0	26193
15678	216	26289	37	227	0	26769
15679	197	229	25468	46	0	25940
15680	46	25720	224	41	0	26031
15681	25634	223	169	48	0	26074
15682	248	169	24	25687	0	26128
15683	25960	25	25	259	0	26269
15684	247	16	27	25976	0	26266
15685	193	19	21	25966	0	26199
15686	57	13	24	26154	0	26248
15687	39	49	25663	420	0	26171
15688	37	25496	234	223	0	25990
15689	70	237	26030	68	0	26405
15690	55	166	226	25881	0	26328
15691	26229	26	183	292	0	26730
15692	26220	17	42	222	0	26501
15693	26383	13	37	93	0	26526
15694	380	26366	76	68	0	26890
15695	26941	212	35	99	0	27287
15696	268	179	34	26832	0	27313
15697	206	39	36	27078	0	27359
15698	70	30	28	27080	0	27208
15699	52	27308	47	425	0	27832
15700	79	231	34	25412	0	25756
15701	51	26570	61	259	0	26941
15702	26242	242	32	214	0	26730
15703	26329	179	38	97	0	26643
15704	419	37	27	26447	0	26930
15705	229	57	26164	278	0	26728
15706	25686	38	229	257	0	26210
15707	265	40	188	26616	0	27109
15708	214	62	26457	279	0	27012
15709	25022	26	245	256	0	25549
15710	277	29	180	26571	0	27057
15711	26471	28	53	306	0	26858
15712	272	26395	65	245	0	26977
15713	227	262	37	25854	0	26380
15714	88	26732	71	280	0	27171
15715	98	385	43	26486	0	27012
15716	80	26892	60	291	0	27323
15717	102	270	52	27050	0	27474
15718	71	218	26741	274	0	27304
15719	20754	77	250	399	0	21480
15720	241	26077	194	136	0	26648
15721	184	241	25324	85	0	25834
15722	24473	153	195	118	0	24939
15723	225	49	150	25499	0	25923
15724	183	64	25388	257	0	25892
15725	75	25558	229	230	0	26092
15726	89	185	160	25728	0	26162
15727	82	191	26091	234	0	26598
15728	77	55	198	26003	0	26333
15729	76	41	155	26456	0	26728
15730	69	66	26919	379	0	27433
15731	89	42	202	26958	0	27291
15732	66	106	27529	283	0	27984
15733	72	65	220	27528	0	27885
15734	66	86	28700	303	0	29155
15735	101	49	225	28623	0	28998
15736	96	67	174	28689	0	29026
15737	100	47	67	28304	0	28518
15738	73	28364	103	392	0	28932
15739	28345	219	59	263	0	28886
15740	28622	179	79	137	0	29017
15741	405	58	65	28860	0	29388
15742	28808	58	75	324	0	29265
15743	267	100	28840	265	0	29472
15744	207	29100	237	153	0	29697
15745	29232	216	186	170	0	29804
15746	239	29688	97	129	0	30153
15747	214	229	52	29760	0	30255
15748	79	207	57	29956	0	30299
15749	29014	64	62	408	0	29548
15750	263	59	50	29141	0	29513
15751	233	85	28945	295	0	29558
15752	96	28775	256	267	0	29394
15753	28879	233	172	134	0	29418
15754	252	193	58	28509	0	29012
15755	209	29109	87	295	0	29700
15756	117	224	51	28256	0	28648
15757	76	29429	104	253	0	29862
15758	29301	240	62	242	0	29845
15759	29183	199	67	131	0	29580
15760	385	110	28896	125	0	29516
15761	244	93	28626	114	0	29077
15762	108	71	325	28135	0	28639
15763	98	29041	221	251	0	29611
15764	108	215	62	29319	0	29704
15765	28994	179	56	309	0	29538
15766	220	96	28329	216	0	28861
15767	184	89	180	26961	0	27414
15768	60	75	26899	214	0	27248
15769	55	83	26054	178	0	26370
15770	40	27129	278	88	0	27535
15771	374	530	259	25622	0	26785
15772	23388	90	49	161	0	23688
15773	96	43	23419	83	0	23641
15774	58	23066	100	40	0	23264
15775	22656	51	51	57	0	22815
15776	71	46	14	22766	0	22897
15777	23478	15	16	110	0	23619
15778	23856	18	9	97	0	23980
15779	24151	10	13	65	0	24239
15780	115	49	25372	27	0	25563
15781	24090	14	83	51	0	24238
15782	25577	11	54	48	0	25690
15783	125	26456	36	31	0	26648
15784	62	111	16	26625	0	26814
15785	41	53	14	26592	0	26700
15786	25	15	7	27036	0	27083
15787	27196	11	18	153	0	27378
15788	26555	7	10	102	0	26674
15789	150	46	26986	42	0	27224
15790	84	18	87	26580	0	26769
15791	25	26895	84	110	0	27114
15792	27014	86	14	104	0	27218
15793	109	122	27204	35	0	27470
15794	84	17	96	26339	0	26536
15795	38	16	59	26913	0	27026
15796	31	27184	54	159	0	27428
15797	34	94	19	27319	0	27466
15798	36	67	15	26861	0	26979
15799	25	21	9	27491	0	27546
15800	27226	12	20	192	0	27450
15801	113	13	17	27217	0	27360
15802	82	21	13	27281	0	27397
15803	27617	10	8	234	0	27869
15804	132	19	14	27541	0	27706
15805	110	31443	39	171	0	31763
15806	32685	242	12	140	0	33079
15807	33905	174	22	87	0	34188
15808	34962	35	16	68	0	35081
15809	37394	28	12	58	0	37492
15810	610	39613	57	65	0	40345
15811	43898	417	11	75	0	44401
15812	44314	289	27	102	0	44732
15813	926	63	17	44041	0	45047
15814	445	103	44042	556	0	45146
15815	154	31	527	44149	0	44861
15816	104	27	373	44297	0	44801
15817	113	21	65	44088	0	44287
15818	83	29	61	44117	0	44290
15819	88	33	33	44328	0	44482
15820	42954	25	23	1037	0	44039
15821	602	20	23	43565	0	44210
15822	424	93	43906	691	0	45114
15823	139	19	562	42913	0	43633
15824	62	44131	449	716	0	45358
15825	101	580	70	44321	0	45072
15826	88	429	44234	672	0	45423
15827	38982	74	591	582	0	40229
15828	42330	61	408	180	0	42979
15829	967	88	44972	124	0	46151
15830	470	44985	623	120	0	46198
15831	45693	593	411	155	0	46852
15832	45831	410	77	137	0	46455
15833	46181	91	55	114	0	46441
15834	45320	52	50	104	0	45526
15835	1195	80	42	44083	0	45400
15836	639	137	44827	645	0	46248
15837	344	76	601	44863	0	45884
15838	267	67	406	46127	0	46867
15839	203	120	45725	1104	0	47152
15840	182	148	45392	662	0	46384
15841	44266	55	1043	318	0	45682
15842	760	45821	587	340	0	47508
15843	610	620	154	45988	0	47372
15844	223	500	45481	911	0	47115
15845	42523	97	709	821	0	44150
15846	757	127	45667	440	0	46991
15847	43835	59	740	454	0	45088
15848	776	45519	608	443	0	47346
15849	648	659	180	45779	0	47266
15850	301	554	45686	935	0	47476
15851	43050	162	725	752	0	44689
15852	834	45972	628	327	0	47761
15853	651	48261	293	289	0	49494
15854	398	1125	239	47563	0	49325
15855	302	635	183	49693	0	50813
15856	50937	246	193	1353	0	52729
15857	1058	50933	220	839	0	53050
15858	916	818	187	51580	0	53501
15859	51743	585	180	1039	0	53547
15860	52953	168	168	811	0	54100
15861	54141	168	192	413	0	54914
15862	1676	225	54586	399	0	56886
15863	981	183	55918	379	0	57461
15864	56821	106	1503	465	0	58895
15865	1261	58433	930	441	0	61065
15866	932	59437	424	460	0	61253
15867	459	1671	298	55891	0	58319
15868	298	59207	363	1252	0	61120
15869	59196	1118	313	939	0	61566
15870	1311	772	310	58876	0	61269
15871	957	295	59077	1214	0	61543
15872	58501	208	1204	917	0	60830
15873	60112	249	860	360	0	61581
15874	2013	252	298	59074	0	61637
15875	1107	217	312	59942	0	61578
15876	617	201	330	60450	0	61598
15877	582	229	262	59918	0	60991
15878	448	346	57145	1923	0	59862
15879	426	56663	1210	1090	0	59389
15880	530	1190	797	50425	0	52942
15881	416	56442	365	1302	0	58525
15882	568	1246	318	49478	0	51610
15883	413	55495	311	1221	0	57440
15884	54458	1260	220	1008	0	56946
15885	54943	885	261	524	0	56613
15886	1933	54566	313	534	0	57346
15887	55124	1148	281	441	0	56994
15888	1547	841	284	54474	0	57146
15889	54425	370	318	1282	0	56395
15890	1475	53972	370	975	0	56792
15891	54717	1233	310	406	0	56666
15892	55061	880	315	367	0	56623
15893	2044	427	331	53557	0	56359
15894	1163	452	53759	1216	0	56590
15895	539	53534	1249	968	0	56290
15896	599	1238	823	53509	0	56169
15897	53695	972	300	1333	0	56300
15898	1406	546	53486	1013	0	56451
15899	1130	382	1101	52580	0	55193
15900	607	344	779	53418	0	55148
15901	53556	240	325	1994	0	56115
15902	54132	281	265	1214	0	55892
15903	53643	283	315	637	0	54878
15904	1940	52133	374	612	0	55059
15905	48701	954	224	500	0	50379
15906	1148	726	46402	528	0	48804
15907	799	308	45267	528	0	46902
15908	400	297	45339	441	0	46477
15909	641	1763	1586	39644	0	43634
15910	315	266	39570	815	0	40966
15911	35080	182	544	464	0	36270
15912	685	160	338	35482	0	36665
15913	518	203	36062	660	0	37443
15914	36242	153	526	521	0	37442
15915	731	147	366	36577	0	37821
15916	554	157	139	37295	0	38145
15917	37362	155	140	876	0	38533
15918	709	160	147	38191	0	39207
15919	554	213	38446	645	0	39858
15920	285	157	587	38870	0	39899
15921	298	184	39459	681	0	40622
15922	290	130	618	38768	0	39806
15923	37919	116	427	702	0	39164
15924	702	37478	232	530	0	38942
15925	544	38481	199	286	0	39510
15926	313	815	162	37721	0	39011
15927	290	435	135	37295	0	38155
15928	245	37451	184	914	0	38794
15929	269	36635	204	543	0	37651
15930	307	801	179	35744	0	37031
15931	265	406	199	35867	0	36737
15932	34663	142	174	998	0	35977
15933	652	34883	235	540	0	36310
15934	480	34894	201	289	0	35864
15935	254	35902	231	241	0	36628
15936	34078	819	199	262	0	35358
15937	617	450	34245	250	0	35562
15938	33486	140	606	289	0	34521
15939	661	124	392	33208	0	34385
15940	451	32821	231	604	0	34107
15941	215	34281	176	508	0	35180
15942	33654	766	139	303	0	34862
15943	635	400	146	31854	0	33035
15944	443	35457	203	620	0	36723
15945	36002	564	180	495	0	37241
15946	36206	408	157	280	0	37051
15947	878	213	35865	232	0	37188
15948	35527	160	527	258	0	36472
15949	36047	146	402	231	0	36826
15950	922	163	124	34514	0	35723
15951	432	34944	168	660	0	36204
15952	211	35272	156	485	0	36124
15953	233	902	83	33455	0	34673
15954	31914	389	146	612	0	33061
15955	506	193	31407	422	0	32528
15956	416	163	29958	155	0	30692
15957	416	176	29353	160	0	30105
15958	466	169	29718	130	0	30483
15959	141	29617	625	169	0	30552
15960	170	29278	390	154	0	29992
15961	412	647	27434	146	0	28639
15962	229	408	26801	135	0	27573
15963	70	24375	474	116	0	25035
15964	121	169	252	22067	0	22609
15965	32	164	23387	148	0	23731
15966	28	31	153	22562	0	22774
15967	24	24	140	23998	0	24186
15968	32	18	23	24469	0	24542
15969	29	19	20	25438	0	25506
15970	25	60	25083	360	0	25528
15971	32	16	199	24505	0	24752
15972	24685	19	186	247	0	25137
15973	209	44	24497	210	0	24960
15974	24493	22	215	61	0	24791
15975	249	19	184	25119	0	25571
15976	189	43	25550	250	0	26032
15977	25071	25	231	211	0	25538
15978	245	32	185	25770	0	26232
15979	26162	23	35	275	0	26495
15980	247	28	43	25475	0	25793
15981	208	25738	52	248	0	26246
15982	53	242	26542	205	0	27042
15983	55	192	233	26344	0	26824
15984	26868	41	197	271	0	27377
15985	27045	43	52	216	0	27356
15986	27182	32	52	89	0	27355
15987	27054	32	45	87	0	27218
15988	26471	39	41	79	0	26630
15989	405	26663	60	69	0	27197
15990	26905	243	35	82	0	27265
15991	255	245	26520	50	0	27070
15992	26524	56	223	79	0	26882
15993	301	67	275	22859	0	23502
15994	239	67	26591	169	0	27066
15995	75	73	26573	168	0	26889
15996	74	49	402	26308	0	26833
15997	26748	38	201	289	0	27276
15998	243	26534	92	234	0	27103
15999	26646	241	48	87	0	27022
16000	273	26910	63	91	0	27337
16001	255	264	53	27272	0	27844
16002	98	220	49	27681	0	28048
16003	27551	56	54	445	0	28106
16004	287	53	55	27921	0	28316
16005	257	79	27996	296	0	28628
16006	27211	50	272	266	0	27799
16007	309	51	218	28430	0	29008
16008	249	44	63	28394	0	28750
16009	81	85	28221	462	0	28849
16010	26012	61	282	282	0	26637
16011	27897	46	240	108	0	28291
16012	475	28114	91	123	0	28803
16013	253	253	27501	65	0	28072
16014	111	230	27069	59	0	27469
16015	116	168	439	26363	0	27086
16016	90	103	252	26072	0	26517
16017	65	26677	94	425	0	27261
16018	80	253	26016	220	0	26569
16019	82	196	263	25109	0	25650
16020	75	62	25801	297	0	26235
16021	65	39	268	24539	0	24911
16022	58	25339	256	255	0	25908
16023	68	243	79	25879	0	26269
16024	65	180	83	26012	0	26340
16025	83	37	60	26084	0	26264
16026	25571	52	60	472	0	26155
16027	278	69	25738	248	0	26333
16028	226	26903	307	108	0	27544
16029	99	276	217	27984	0	28576
16030	28688	234	69	365	0	29356
16031	375	46	58	29173	0	29652
16032	29346	29	67	402	0	29844
16033	376	73	29546	308	0	30303
16034	29005	41	346	138	0	29530
16035	406	35	289	30107	0	30837
16036	339	63	30229	427	0	31058
16037	110	30097	390	345	0	30942
16038	132	350	287	29553	0	30322
16039	118	268	83	30023	0	30492
16040	29260	53	67	612	0	29992
16041	366	29312	83	359	0	30120
16042	311	28837	92	127	0	29367
16043	110	29513	108	104	0	29835
16044	27058	531	79	111	0	27779
16045	331	27428	72	94	0	27925
16046	347	321	56	26801	0	27525
16047	169	256	53	27005	0	27483
16048	26704	53	47	566	0	27370
16049	330	26589	83	318	0	27320
16050	292	302	51	26823	0	27468
16051	27287	246	46	365	0	27944
16052	27207	52	56	300	0	27615
16053	27063	53	53	111	0	27280
16054	543	26817	76	87	0	27523
16055	26152	274	44	80	0	26550
16056	312	273	46	25452	0	26083
16057	226	25447	54	313	0	26040
16058	81	25853	62	255	0	26251
16059	207	450	49	25318	0	26024
16060	25145	222	39	313	0	25719
16061	25505	61	39	263	0	25868
16062	444	45	41	24681	0	25211
16063	242	24757	67	298	0	25364
16064	24731	252	38	250	0	25271
16065	276	247	24199	91	0	24813
16066	223	91	23746	78	0	24138
16067	22819	57	377	97	0	23350
16068	262	86	23351	75	0	23774
16069	191	38	213	21907	0	22349
16070	22148	38	158	227	0	22571
16071	210	48	51	22690	0	22999
16072	174	69	22524	228	0	22995
16073	60	22976	184	224	0	23444
16074	69	217	155	23145	0	23586
16075	65	197	23088	217	0	23567
16076	21811	67	179	193	0	22250
16077	199	46	137	23022	0	23404
16078	176	66	23063	211	0	23516
16079	80	41	168	22716	0	23005
16080	47	22893	173	220	0	23333
16081	78	192	45	23730	0	24045
16082	67	149	22	23421	0	23659
16083	69	52	32	23124	0	23277
16084	61	23069	61	331	0	23522
16085	23428	185	26	229	0	23868
16086	209	160	36	23700	0	24105
16087	190	61	38	23806	0	24095
16088	86	48	29	24126	0	24289
16089	61	81	23859	382	0	24383
16090	79	42	181	24075	0	24377
16091	24094	39	160	267	0	24560
16092	216	24393	74	199	0	24882
16093	186	222	34	24870	0	25312
16094	84	179	32	24954	0	25249
16095	24691	60	39	387	0	25177
16096	223	24840	64	238	0	25365
16097	25180	201	28	131	0	25540
16098	25576	172	31	94	0	25873
16099	409	63	24	25331	0	25827
16100	25520	37	29	270	0	25856
16101	245	24649	74	234	0	25202
16102	24946	219	28	100	0	25293
16103	294	186	26	25247	0	25753
16104	27552	71	28	307	0	27958
16105	27890	54	21	235	0	28200
16106	502	68	27268	103	0	27941
16107	28048	46	264	108	0	28466
16108	28694	48	194	87	0	29023
16109	28744	51	73	105	0	28973
16110	571	63	30720	87	0	31441
16111	326	30820	419	90	0	31655
16112	123	383	296	30897	0	31699
16113	31090	298	83	431	0	31902
16114	411	30720	75	347	0	31553
16115	31000	396	24	96	0	31516
16116	471	301	36	31385	0	32193
16117	358	97	31511	444	0	32410
16118	32232	36	396	365	0	33029
16119	470	41	318	33317	0	34146
16120	392	62	33720	441	0	34615
16121	33436	33	435	410	0	34314
16122	498	80	35065	113	0	35756
16123	422	49	494	35577	0	36542
16124	156	44	354	37312	0	37866
16125	37099	31	89	918	0	38137
16126	37090	35	42	528	0	37695
16127	945	37047	72	130	0	38194
16128	36572	490	80	99	0	37241
16129	571	403	34934	61	0	35969
16130	422	116	34799	64	0	35401
16131	33869	74	801	79	0	34823
16132	505	34630	457	77	0	35669
16133	34002	438	134	78	0	34652
16134	526	34198	88	42	0	34854
16135	33944	463	70	71	0	34548
16136	535	341	51	33166	0	34093
16137	437	112	33657	446	0	34652
16138	178	43	437	33703	0	34361
16139	107	27	357	34470	0	34961
16140	34059	44	86	790	0	34979
16141	509	78	33916	405	0	34908
16142	33258	26	478	147	0	33909
16143	530	33752	392	89	0	34763
16144	34140	456	99	84	0	34779
16145	581	342	65	33529	0	34517
16146	419	143	33498	496	0	34556
16147	184	73	470	33676	0	34403
16148	33784	34	357	561	0	34736
16149	521	60	121	34096	0	34798
16150	474	38	82	33395	0	33989
16151	157	32996	90	823	0	34066
16152	162	442	83	33517	0	34204
16153	142	381	33205	552	0	34280
16154	169	94	490	33253	0	34006
16155	165	61	380	33554	0	34160
16156	33065	65	126	837	0	34093
16157	571	59	93	33180	0	33903
16158	460	87	32697	583	0	33827
16159	175	32899	542	458	0	34074
16160	203	478	385	32771	0	33837
16161	216	384	107	33063	0	33770
16162	33077	125	92	816	0	34110
16163	576	32557	148	484	0	33765
16164	467	478	102	32899	0	33946
16165	32475	359	120	567	0	33521
16166	32967	99	106	473	0	33645
16167	902	94	89	32869	0	33954
16168	556	112	33255	591	0	34514
16169	33099	69	507	491	0	34166
16170	640	72	418	34346	0	35476
16171	34561	61	137	689	0	35448
16172	34470	81	117	516	0	35184
16173	915	33488	153	249	0	34805
16174	33460	495	98	226	0	34279
16175	664	33628	164	161	0	34617
16176	537	556	124	33274	0	34491
16177	279	415	117	32394	0	33205
16178	213	33291	145	885	0	34534
16179	33603	514	103	544	0	34764
16180	33308	405	132	247	0	34092
16181	928	171	32550	212	0	33861
16182	522	144	32418	240	0	33324
16183	269	86	834	32478	0	33667
16184	32771	81	460	681	0	33993
16185	632	87	147	32936	0	33802
16186	532	105	109	33241	0	33987
16187	244	124	33209	961	0	34538
16188	222	125	33218	566	0	34131
16189	210	121	33536	257	0	34124
16190	31611	108	926	235	0	32880
16191	32607	96	512	201	0	33416
16192	929	32003	193	196	0	33321
16193	545	32563	159	217	0	33484
16194	269	836	113	32189	0	33407
16195	209	485	32375	606	0	33675
16196	31339	147	506	550	0	32542
16197	597	146	33311	268	0	34322
16198	525	114	531	32645	0	33815
16199	240	72	419	33608	0	34339
16200	188	77	153	33972	0	34390
16201	249	78	128	34584	0	35039
16202	33852	96	112	985	0	35045
16203	676	89	111	33819	0	34695
16204	466	95	31992	594	0	33147
16205	29698	67	479	530	0	30774
16206	544	105	31498	221	0	32368
16207	474	107	31019	203	0	31803
16208	202	30755	794	186	0	31937
16209	427	421	533	28201	0	29582
16210	28161	286	193	400	0	29040
16211	410	91	66	28262	0	28829
16212	337	93	28033	425	0	28888
16213	138	49	329	28232	0	28748
16214	27665	40	305	418	0	28428
16215	344	27909	128	371	0	28752
16216	27235	283	56	163	0	27737
16217	361	27040	88	152	0	27641
16218	26337	292	74	148	0	26851
16219	321	26065	74	101	0	26561
16220	258	25904	91	93	0	26346
16221	139	447	25070	60	0	25716
16222	101	24752	302	75	0	25230
16223	22498	187	289	69	0	23043
16224	184	150	57	22103	0	22494
16225	22324	31	16	163	0	22534
16226	158	22689	38	150	0	23035
16227	22610	153	21	60	0	22844
16228	186	179	22808	39	0	23212
16229	177	31	173	22351	0	22732
16230	45	23569	183	190	0	23987
16231	52	196	33	24257	0	24538
16232	52	182	17	24361	0	24612
16233	26864	33	28	388	0	27313
16234	278	27316	65	253	0	27912
16235	27789	285	40	83	0	28197
16236	337	308	28119	65	0	28829
16237	326	79	27648	64	0	28117
16238	72	27848	591	71	0	28582
16239	69	296	323	27771	0	28459
16240	50	308	28241	313	0	28912
16241	79	64	330	27017	0	27490
16242	63	49	298	28692	0	29102
16243	52	72	28216	580	0	28920
16244	58	63	27948	345	0	28414
16245	61	71	28958	110	0	29200
16246	56	63	29197	83	0	29399
16247	56	29858	644	114	0	30672
16248	78	341	383	29636	0	30438
16249	65	335	106	30350	0	30856
16250	54	103	30023	652	0	30832
16251	66	58	352	29960	0	30436
16252	65	82	31180	408	0	31735
16253	70	54	395	30805	0	31324
16254	69	62	369	30338	0	30838
16255	57	31017	142	653	0	31869
16256	76	362	67	31354	0	31859
16257	76	350	77	31258	0	31761
16258	83	90	71	31483	0	31727
16259	68	101	30639	717	0	31525
16260	50	30623	399	468	0	31540
16261	30570	359	344	160	0	31433
16262	30777	341	91	125	0	31334
16263	671	99	81	30315	0	31166
16264	403	95	67	29562	0	30127
16265	116	30643	102	677	0	31538
16266	30395	368	68	417	0	31248
16267	358	31126	104	150	0	31738
16268	30241	368	95	140	0	30844
16269	389	372	29920	92	0	30773
16270	28113	94	360	137	0	28704
16271	367	29778	362	106	0	30613
16272	356	338	120	29895	0	30709
16273	111	323	87	29616	0	30137
16274	66	30257	115	644	0	31082
16275	30258	360	74	423	0	31115
16276	370	339	85	30849	0	31643
16277	353	91	88	31404	0	31936
16278	31460	81	84	711	0	32336
16279	31817	70	78	455	0	32420
16280	672	116	31686	152	0	32626
16281	31935	63	377	153	0	32528
16282	434	60	374	32153	0	33021
16283	379	111	32284	432	0	33206
16284	115	70	389	32225	0	32799
16285	93	96	32245	468	0	32902
16286	91	108	32271	433	0	32903
16287	89	103	704	31943	0	32839
16288	90	106	32701	480	0	33377
16289	71	32953	504	503	0	34031
16290	89	374	415	32847	0	33725
16291	93	372	143	33844	0	34452
16292	88	151	33823	739	0	34801
16293	73	33819	473	506	0	34871
16294	33959	372	388	230	0	34949
16295	403	364	140	34483	0	35390
16296	34544	117	109	509	0	35279
16297	439	34107	146	473	0	35165
16298	454	443	34368	187	0	35452
16299	144	410	458	33875	0	34887
16300	33519	114	431	493	0	34557
16301	422	150	33731	456	0	34759
16302	31989	81	447	237	0	32754
16303	455	33085	453	179	0	34172
16304	366	32780	187	159	0	33492
16305	32497	619	183	152	0	33451
16306	418	353	160	32298	0	33229
16307	376	150	148	32056	0	32730
16308	112	32582	139	736	0	33569
16309	130	368	107	33225	0	33830
16310	90	324	126	33315	0	33855
16311	32859	109	103	750	0	33821
16312	397	76	113	32930	0	33516
16313	338	118	32700	490	0	33646
16314	133	77	412	32817	0	33439
16315	118	85	375	33527	0	34105
16316	95	116	33366	756	0	34333
16317	81	88	401	33447	0	34017
16318	32842	71	331	585	0	33829
16319	32375	61	130	514	0	33080
16320	32551	70	128	249	0	32998
16321	674	55	84	32357	0	33170
16322	411	136	32407	485	0	33439
16323	160	32674	406	468	0	33708
16324	162	358	323	32703	0	33546
16325	160	379	32850	445	0	33834
16326	141	113	362	32397	0	33013
16327	132	119	305	32697	0	33253
16328	31816	63	109	674	0	32662
16329	350	32991	150	453	0	33944
16330	361	406	31933	164	0	32864
16331	29024	290	316	200	0	29830
16332	370	31542	345	154	0	32411
16333	189	29137	98	106	0	29530
16334	29721	327	257	100	0	30405
16335	278	198	62	29905	0	30443
16336	211	110	32104	279	0	32704
16337	98	52	258	31567	0	31975
16338	70	32167	268	288	0	32793
16339	32537	251	66	282	0	33136
16340	279	225	41	32936	0	33481
16341	33836	61	44	360	0	34301
16342	305	44	44	33264	0	33657
16343	248	34570	106	294	0	35218
16344	35091	279	43	303	0	35716
16345	34832	245	34	129	0	35240
16346	510	34927	86	94	0	35617
16347	34366	264	37	121	0	34788
16348	331	242	40	33414	0	34027
16349	241	33815	63	290	0	34409
16350	33802	276	46	286	0	34410
16351	310	34265	64	89	0	34728
16352	34096	290	36	109	0	34531
16353	319	240	33	34015	0	34607
16354	34505	53	42	334	0	34934
16355	34668	61	26	325	0	35080
16356	34964	59	36	88	0	35147
16357	529	50	21	34792	0	35392
16358	293	59	24	35420	0	35796
16359	34653	39	34	521	0	35247
16360	323	99	36075	314	0	36811
16361	295	51	289	35910	0	36545
16362	98	37181	298	366	0	37943
16363	115	330	49	37777	0	38271
16364	107	286	35	38040	0	38468
16365	91	130	37520	624	0	38365
16366	138	67	320	40072	0	40597
16367	94	42770	328	473	0	43665
16368	127	511	55	43753	0	44446
16369	116	562	46668	595	0	47941
16370	158	114	573	46841	0	47686
16371	127	73	529	47590	0	48319
16372	47006	66	91	1210	0	48373
16373	47271	52	61	718	0	48102
16374	1197	129	53	44841	0	46220
16375	672	45838	102	676	0	47288
16376	164	46137	113	600	0	47014
16377	187	1163	45405	184	0	46939
16378	165	801	615	45007	0	46588
16379	45177	147	570	709	0	46603
16380	683	105	96	45713	0	46597
16381	612	148	45326	760	0	46846
16382	189	74	603	45499	0	46365
16383	160	74	550	45768	0	46552
16384	166	80	92	46561	0	46899
16385	155	130	45375	1247	0	46907
16386	121	45122	666	758	0	46667
16387	44548	629	547	280	0	46004
16388	44053	567	118	206	0	44944
16389	1176	159	74	43595	0	45004
16390	689	150	43557	709	0	45105
16391	172	43647	647	683	0	45149
16392	221	718	559	39593	0	41091
16393	130	43419	187	647	0	44383
16394	115	43804	122	531	0	44572
16395	42575	1050	114	244	0	43983
16396	666	645	43029	177	0	44517
16397	584	209	42920	189	0	43902
16398	234	145	1050	41990	0	43419
16399	171	91	581	43150	0	43993
16400	155	167	43306	1097	0	44725
16401	182	107	574	42688	0	43551
16402	155	166	43357	754	0	44432
16403	40319	93	636	705	0	41753
16404	664	91	547	42733	0	44035
16405	601	173	43294	690	0	44758
16406	246	144	595	40513	0	41498
16407	145	44103	613	692	0	45553
16408	43733	588	161	645	0	45127
16409	604	44127	194	323	0	45248
16410	44259	639	145	275	0	45318
16411	709	620	43554	252	0	45135
16412	43484	168	591	288	0	44531
16413	730	130	568	44002	0	45430
16414	623	218	44115	727	0	45683
16415	256	130	638	43909	0	44933
16416	186	196	43420	845	0	44647
16417	40433	145	665	813	0	42056
16418	683	43171	639	352	0	44845
16419	751	632	229	39512	0	41124
16420	220	43860	250	702	0	45032
16421	43272	696	176	697	0	44841
16422	43244	596	156	398	0	44394
16423	1127	43206	257	328	0	44918
16424	703	671	155	43120	0	44649
16425	297	612	163	43437	0	44509
16426	231	198	166	43929	0	44524
16427	42562	166	195	1353	0	44276
16428	632	42641	274	925	0	44472
16429	644	609	221	41735	0	43209
16430	227	603	227	42149	0	43206
16431	41062	201	235	1324	0	42822
16432	693	231	40902	844	0	42670
16433	679	191	40573	449	0	41892
16434	37783	111	1052	410	0	39356
16435	653	187	39290	336	0	40466
16436	587	224	36328	269	0	37408
16437	289	206	1012	35084	0	36591
16438	36169	149	644	661	0	37623
16439	632	148	235	35968	0	36983
16440	595	180	35481	709	0	36965
16441	33191	158	592	648	0	34589
16442	632	199	34814	329	0	35974
16443	529	34184	661	278	0	35652
16444	332	617	634	34313	0	35896
16445	34749	473	247	684	0	36153
16446	543	198	229	35024	0	35994
16447	504	117	240	35254	0	36115
16448	35750	107	181	1040	0	37078
16449	598	92	161	36456	0	37307
16450	562	84	206	36995	0	37847
16451	215	172	36615	1028	0	38030
16452	207	124	540	36532	0	37403
16453	36523	108	541	725	0	37897
16454	36456	143	182	650	0	37431
16455	36785	131	176	284	0	37376
16456	1021	156	167	35312	0	36656
16457	590	35481	232	544	0	36847
16458	35539	446	158	590	0	36733
16459	532	36072	258	241	0	37103
16460	34941	470	147	229	0	35787
16461	582	418	166	34541	0	35707
16462	34043	123	145	522	0	34833
16463	33878	85	155	512	0	34630
16464	33936	67	163	274	0	34440
16465	808	33433	193	215	0	34649
16466	299	30568	141	153	0	31161
16467	27934	296	87	109	0	28426
16468	206	28447	93	96	0	28842
16469	75	25571	62	49	0	25757
16470	70	25251	79	31	0	25431
16471	24946	173	168	70	0	25357
16472	120	105	22	24711	0	24958
16473	97	17	5	25298	0	25417
16474	25380	6	9	221	0	25616
16475	117	62	26311	119	0	26609
16476	120	15	115	30043	0	30293
16477	61	13	102	30817	0	30993
16478	29	13	22	33408	0	33472
16479	48	22	12	34172	0	34254
16480	26	34247	68	634	0	34975
16481	16	39469	80	378	0	39943
16482	40053	824	23	138	0	41038
16483	568	463	14	40368	0	41413
16484	470	88	12	41131	0	41701
16485	102	97	40607	1037	0	41843
16486	67	32	576	41112	0	41787
16487	32	102	41671	699	0	42504
16488	68	33	658	41943	0	42702
16489	54	88	43810	770	0	44722
16490	24	43431	811	570	0	44836
16491	66	651	539	43304	0	44560
16492	43952	514	113	733	0	45312
16493	43882	99	53	591	0	44625
16494	1198	48	44	43560	0	44850
16495	619	93	43674	744	0	45130
16496	154	78	43711	624	0	44567
16497	41343	32	1189	219	0	42783
16498	682	43030	682	168	0	44562
16499	43934	694	131	123	0	44882
16500	43436	544	61	155	0	44196
16501	1231	168	43025	105	0	44529
16502	702	57	728	42494	0	43981
16503	218	45	564	43512	0	44339
16504	115	56	130	45065	0	45366
16505	116	43	81	44279	0	44519
16506	117	44	82	43931	0	44174
16507	96	97	41715	1445	0	43353
16508	80	113	41823	775	0	42791
16509	97	56	1277	41671	0	43101
16510	136	49	679	42474	0	43338
16511	123	58	154	43192	0	43527
16512	41843	52	103	1513	0	43511
16513	828	72	105	42207	0	43212
16514	42416	62	105	976	0	43559
16515	936	55	91	43176	0	44258
16516	43850	58	113	1057	0	45078
16517	44414	66	101	813	0	45394
16518	44069	51	121	336	0	44577
16519	44280	54	102	286	0	44722
16520	44219	48	125	254	0	44646
16521	1538	71	100	43066	0	44775
16522	43405	59	122	947	0	44533
16523	944	42725	144	806	0	44619
16524	43184	771	122	360	0	44437
16525	1049	623	109	43184	0	44965
16526	790	188	42995	978	0	44951
16527	284	79	826	43810	0	44999
16528	224	131	43759	1095	0	45209
16529	223	84	954	43491	0	44752
16530	234	78	709	44269	0	45290
16531	198	139	43561	1611	0	45509
16532	219	132	43747	942	0	45040
16533	233	85	1468	43454	0	45240
16534	43365	49	812	1090	0	45316
16535	934	107	43550	930	0	45521
16536	763	43809	985	448	0	46005
16537	338	828	45236	351	0	46753
16538	44274	634	1009	345	0	46262
16539	1004	168	757	44667	0	46596
16540	45690	91	260	1022	0	47063
16541	45884	88	194	857	0	47023
16542	1611	88	167	45360	0	47226
16543	979	121	44726	1036	0	46862
16544	412	70	911	44744	0	46137
16545	354	50	737	44521	0	45662
16546	43043	55	245	1728	0	45071
16547	967	44004	283	1050	0	46304
16548	875	782	175	44044	0	45876
16549	369	710	43300	1155	0	45534
16550	41419	167	914	948	0	43448
16551	1036	42702	829	427	0	44994
16552	905	795	261	43010	0	44971
16553	416	652	192	43282	0	44542
16554	331	140	187	44145	0	44803
16555	42421	88	186	1777	0	44472
16556	43340	85	200	1050	0	44675
16557	1672	73	178	43225	0	45148
16558	966	119	42810	1191	0	45086
16559	393	42905	1016	969	0	45283
16560	42912	834	745	464	0	44955
16561	43986	660	263	376	0	45285
16562	1719	140	201	42926	0	44986
16563	1053	76	169	44054	0	45352
16564	380	132	43791	1742	0	46045
16565	311	43881	1031	1011	0	46234
16566	44503	875	774	437	0	46589
16567	43584	688	244	370	0	44886
16568	1557	43328	290	318	0	45493
16569	43351	846	173	313	0	44683
16570	1135	633	181	42646	0	44595
16571	882	223	42161	1091	0	44357
16572	409	106	888	42858	0	44261
16573	299	165	42272	1206	0	43942
16574	40580	86	959	924	0	42549
16575	971	40924	812	406	0	43113
16576	622	799	195	36903	0	38519
16577	284	513	36817	809	0	38423
16578	215	175	35501	570	0	36461
16579	32720	183	998	266	0	34167
16580	612	33502	535	238	0	34887
16581	28740	348	474	142	0	29704
16582	28155	248	152	127	0	28682
16583	28178	72	88	116	0	28454
16584	618	142	97	27474	0	28331
16585	356	72	27353	356	0	28137
16586	127	27273	340	315	0	28055
16587	173	459	326	26968	0	27926
16588	119	275	27237	343	0	27974
16589	91	86	25216	217	0	25610
16590	70	93	375	24908	0	25446
16591	69	54	24854	261	0	25238
16592	23646	41	253	230	0	24170
16593	257	31	196	24719	0	25203
16594	215	36	60	25371	0	25682
16595	25147	32	60	381	0	25620
16596	240	24902	83	207	0	25432
16597	25948	215	63	121	0	26347
16598	282	171	55	25690	0	26198
16599	243	51	48	26026	0	26368
16600	103	42	60	26255	0	26460
16601	97	40	66	25864	0	26067
16602	25215	33	45	423	0	25716
16603	272	64	25349	237	0	25922
16604	203	25041	246	107	0	25597
16605	82	219	165	25195	0	25661
16606	24851	159	78	273	0	25361
16607	25075	48	67	218	0	25408
16608	344	25160	90	108	0	25702
16609	24775	193	51	109	0	25128
16610	237	24890	95	86	0	25308
16611	191	25809	83	93	0	26176
16612	108	358	47	25848	0	26361
16613	91	210	26061	276	0	26638
16614	108	132	207	25579	0	26026
16615	25223	44	171	271	0	25709
16616	201	24872	90	269	0	25432
16617	185	196	42	25071	0	25494
16618	81	199	27252	244	0	27776
16619	27243	47	206	244	0	27740
16620	28558	40	150	129	0	28877
16621	28676	36	64	108	0	28884
16622	338	80	27944	76	0	28438
16623	26887	51	191	89	0	27218
16624	227	27968	169	74	0	28438
16625	185	203	53	26869	0	27310
16626	68	27952	105	190	0	28315
16627	28111	182	41	182	0	28516
16628	27196	142	41	91	0	27470
16629	279	101	28551	67	0	28998
16630	138	28558	217	91	0	29004
16631	91	189	130	28652	0	29062
16632	87	118	57	28871	0	29133
16633	80	60	52	28738	0	28930
16634	87	44	47	29409	0	29587
16635	93	36	43	29718	0	29890
16636	70	92	28666	347	0	29175
16637	71	28326	229	212	0	28838
16638	27906	195	142	112	0	28355
16639	263	187	28642	73	0	29165
16640	182	29308	231	67	0	29788
16641	29330	213	152	95	0	29790
16642	256	192	30576	72	0	31096
16643	29447	57	250	115	0	29869
16644	29837	58	189	100	0	30184
16645	29951	58	50	89	0	30148
16646	397	30747	80	129	0	31353
16647	241	300	30200	79	0	30820
16648	84	31225	290	71	0	31670
16649	161	333	209	26346	0	27049
16650	71	31368	86	201	0	31726
16651	31348	248	49	203	0	31848
16652	32676	188	34	112	0	33010
16653	32238	63	33	100	0	32434
16654	526	79	32985	66	0	33656
16655	280	34440	343	79	0	35142
16656	113	357	241	36871	0	37582
16657	39841	270	59	424	0	40594
16658	521	39571	96	349	0	40537
16659	452	516	41	39412	0	40421
16660	130	459	40123	497	0	41209
16661	39050	89	526	437	0	40102
16662	595	117	42296	88	0	43096
16663	502	116	42685	61	0	43364
16664	39565	48	999	107	0	40719
16665	635	111	41700	76	0	42522
16666	39692	50	617	63	0	40422
16667	606	40383	538	82	0	41609
16668	41691	536	118	103	0	42448
16669	660	451	73	41795	0	42979
16670	552	77	60	42119	0	42808
16671	171	53	58	42807	0	43089
16672	42050	45	65	1064	0	43224
16673	42114	47	54	575	0	42790
16674	42097	50	59	142	0	42348
16675	1084	41199	123	107	0	42513
16676	621	552	49	41538	0	42760
16677	193	498	41254	604	0	42549
16678	156	91	584	39854	0	40685
16679	97	40175	549	622	0	41443
16680	133	573	105	40272	0	41083
16681	156	487	59	40383	0	41085
16682	40103	112	73	1057	0	41345
16683	655	74	66	40531	0	41326
16684	558	117	40230	695	0	41600
16685	178	116	39749	575	0	40618
16686	179	74	1045	39872	0	41170
16687	39706	70	591	668	0	41035
16688	699	82	166	39743	0	40690
16689	607	65	131	40238	0	41041
16690	225	98	39782	1108	0	41213
16691	174	39564	675	651	0	41064
16692	208	578	563	39672	0	41021
16693	39235	490	200	680	0	40605
16694	692	39335	202	605	0	40834
16695	644	586	112	39536	0	40878
16696	241	557	39625	696	0	41119
16697	238	140	636	39319	0	40333
16698	38314	115	554	788	0	39771
16699	683	38017	206	669	0	39575
16700	620	653	38513	314	0	40100
16701	279	544	620	38223	0	39666
16702	212	180	39202	768	0	40362
16703	37971	125	700	677	0	39473
16704	38754	146	608	278	0	39786
16705	1191	162	38748	231	0	40332
16706	764	145	682	38267	0	39858
16707	317	163	39687	775	0	40942
16708	233	39125	815	719	0	40892
16709	243	640	722	39240	0	40845
16710	269	603	39566	780	0	41218
16711	309	280	770	36717	0	38076
16712	276	38463	737	766	0	40242
16713	295	664	263	38672	0	39894
16714	251	600	38514	838	0	40203
16715	36704	184	741	750	0	38379
16716	754	38263	712	358	0	40087
16717	38941	647	234	341	0	40163
16718	842	648	36729	307	0	38526
16719	35948	211	706	342	0	37207
16720	871	177	36531	348	0	37927
16721	36106	177	824	314	0	37421
16722	37283	161	652	354	0	38450
16723	1270	178	287	36731	0	38466
16724	858	184	239	37413	0	38694
16725	37152	201	223	1326	0	38902
16726	830	37327	324	873	0	39354
16727	37896	686	276	427	0	39285
16728	915	627	249	36674	0	38465
16729	775	36578	362	896	0	38611
16730	424	657	275	37816	0	39172
16731	381	575	288	38192	0	39436
16732	355	199	258	37658	0	38470
16733	306	37188	302	1396	0	39192
16734	36930	641	233	882	0	38686
16735	835	615	189	37114	0	38753
16736	706	247	36683	942	0	38578
16737	295	196	36337	889	0	37717
16738	262	220	36960	459	0	37901
16739	35546	169	1186	441	0	37342
16740	36027	188	718	383	0	37316
16741	1211	213	35346	388	0	37158
16742	709	180	705	33277	0	34871
16743	302	184	657	34232	0	35375
16744	239	186	34809	1230	0	36464
16745	255	219	35041	760	0	36275
16746	305	141	1076	34986	0	36508
16747	34841	130	667	820	0	36458
16748	34175	126	303	708	0	35312
16749	34060	100	301	364	0	34825
16750	1123	33596	296	346	0	35361
16751	690	33833	306	284	0	35113
16752	346	888	197	32669	0	34100
16753	32452	469	224	668	0	33813
16754	613	193	31810	591	0	33207
16755	28543	133	491	376	0	29543
16756	451	27358	409	208	0	28426
16757	247	24721	102	97	0	25167
16758	24174	369	152	104	0	24799
16759	253	24475	82	94	0	24904
16760	173	23643	81	78	0	23975
16761	22630	534	469	236	0	23869
16762	150	23151	70	62	0	23433
16763	104	124	25	22311	0	22564
16764	34	90	29	22450	0	22603
16765	22361	20	21	215	0	22617
16766	22275	19	31	125	0	22450
16767	185	22910	48	59	0	23202
16768	102	23017	36	40	0	23195
16769	43	202	22554	28	0	22827
16770	22650	108	155	44	0	22957
16771	24034	23	103	48	0	24208
16772	24602	15	34	35	0	24686
16773	230	18	26	24670	0	24944
16774	146	10	18	25491	0	25665
16775	25740	12	10	266	0	26028
16776	173	17	8	25950	0	26148
16777	139	42	26124	193	0	26498
16778	47	24	155	26052	0	26278
16779	39	26994	140	178	0	27351
16780	38	187	22	27494	0	27741
16781	44	133	20	28068	0	28265
16782	35	26	16	28218	0	28295
16783	27684	25	21	352	0	28082
16784	183	27812	50	197	0	28242
16785	166	193	12	28320	0	28691
16786	39	191	28347	222	0	28799
16787	54	58	27605	168	0	27885
16788	42	29	326	27899	0	28296
16789	47	29	169	28076	0	28321
16790	27875	18	48	361	0	28302
16791	216	22	35	27201	0	27474
16792	166	27286	33	257	0	27742
16793	68	240	27913	208	0	28429
16794	67	179	200	28149	0	28595
16795	38	83	28842	255	0	29218
16796	50	30	223	28589	0	28892
16797	28628	30	185	251	0	29094
16798	28833	22	44	204	0	29103
16799	358	28945	70	80	0	29453
16800	215	195	25	28464	0	28899
16801	29866	147	31	234	0	30278
16802	30201	48	22	204	0	30475
16803	30579	39	40	96	0	30754
16804	30637	24	40	69	0	30770
16805	30355	21	45	64	0	30485
16806	368	29871	64	61	0	30364
16807	29650	185	28	61	0	29924
16808	244	173	29485	47	0	29949
16809	176	48	172	29303	0	29699
16810	29825	36	126	223	0	30210
16811	29746	31	29	165	0	29971
16812	29637	33	30	89	0	29789
16813	328	68	29580	62	0	30038
16814	202	32	183	29659	0	30076
16815	30541	27	134	225	0	30927
16816	223	30616	59	172	0	31070
16817	31723	189	23	133	0	32068
16818	31220	141	17	90	0	31468
16819	31471	43	25	84	0	31623
16820	337	58	32	31718	0	32145
16821	32016	31	29	245	0	32321
16822	236	80	32146	174	0	32636
16823	181	80	31882	94	0	32237
16824	31261	33	282	121	0	31697
16825	220	65	32480	62	0	32827
16826	30036	31	170	90	0	30327
16827	184	69	32161	67	0	32481
16828	169	64	158	31307	0	31698
16829	31292	16	137	211	0	31656
16830	188	30800	73	167	0	31228
16831	31483	130	48	95	0	31756
16832	175	31283	57	83	0	31598
16833	155	32489	64	69	0	32777
16834	80	243	33	32823	0	33179
16835	79	123	37	32895	0	33134
16836	64	38	36	33069	0	33207
16837	60	102	32671	269	0	33102
16838	30933	23	141	242	0	31339
16839	33748	28	126	125	0	34027
16840	34144	19	45	106	0	34314
16841	34203	24	38	114	0	34379
16842	34158	29	66	96	0	34349
16843	363	65	33136	76	0	33640
16844	205	73	33448	52	0	33778
16845	131	24	285	33891	0	34331
16846	98	79	33977	227	0	34381
16847	32823	26	209	245	0	33303
16848	271	36144	205	78	0	36698
16849	259	234	46	37782	0	38321
16850	38187	176	42	306	0	38711
16851	352	49	46	38715	0	39162
16852	313	94	39240	323	0	39970
16853	121	81	39596	266	0	40064
16854	121	20	519	40763	0	41423
16855	85	70	41217	350	0	41722
16856	39447	31	344	323	0	40145
16857	384	31	272	41074	0	41761
16858	308	88	41293	380	0	42069
16859	126	41381	350	328	0	42185
16860	131	301	280	42381	0	43093
16861	122	318	42686	379	0	43505
16862	112	64	352	41356	0	41884
16863	108	45	295	42426	0	42874
16864	111	91	42867	639	0	43708
16865	123	44	379	42554	0	43100
16866	127	43	313	42119	0	42602
16867	127	27	87	42581	0	42822
16868	41341	36	63	678	0	42118
16869	389	41576	115	377	0	42457
16870	343	41753	101	151	0	42348
16871	123	615	40682	84	0	41504
16872	37837	275	340	127	0	38579
16873	358	118	40480	70	0	41026
16874	299	96	39747	74	0	40216
16875	97	76	508	38802	0	39483
16876	39347	15	291	333	0	39986
16877	301	39819	115	288	0	40523
16878	39797	273	95	112	0	40277
16879	38802	230	45	124	0	39201
16880	492	39538	99	64	0	40193
16881	39430	254	69	100	0	39853
16882	38795	228	70	103	0	39196
16883	455	39896	99	70	0	40520
16884	302	290	77	39989	0	40658
16885	124	247	69	40630	0	41070
16886	41636	39	49	515	0	42239
16887	312	42459	98	354	0	43223
16888	43442	315	47	118	0	43922
16889	43569	274	51	135	0	44029
16890	45497	58	56	123	0	45734
16891	683	42	46	45183	0	45954
16892	392	39	43	45978	0	46452
16893	45769	27	52	710	0	46558
16894	46650	63	49	407	0	47169
16895	46902	46	47	144	0	47139
16896	787	43	60	47908	0	48798
16897	443	108	48324	497	0	49372
16898	170	47	477	49115	0	49809
16899	129	38	420	52115	0	52702
16900	118	107	51509	967	0	52701
16901	100	117	54689	552	0	55458
16902	131	66	1138	54907	0	56242
16903	103	106	55745	791	0	56745
16904	55229	36	793	710	0	56768
16905	761	59	631	56510	0	57961
16906	683	59	161	57300	0	58203
16907	57624	37	85	1419	0	59165
16908	819	55	92	58099	0	59065
16909	744	62	77	58266	0	59149
16910	235	38	83	58960	0	59316
16911	179	40	87	59121	0	59427
16912	151	157	57396	1475	0	59179
16913	182	50	738	58113	0	59083
16914	177	97	57249	982	0	58505
16915	126	57645	853	896	0	59520
16916	161	758	655	57136	0	58710
16917	149	691	56316	939	0	58095
16918	52381	114	833	883	0	54211
16919	821	55855	768	270	0	57714
16920	56397	743	187	263	0	57590
16921	935	654	131	53083	0	54803
16922	735	54655	194	848	0	56432
16923	54620	762	111	812	0	56305
16924	834	55361	189	296	0	56680
16925	55749	824	116	247	0	56936
16926	970	684	118	54615	0	56387
16927	55738	151	104	922	0	56915
16928	931	56064	184	821	0	58000
16929	56376	803	113	324	0	57616
16930	1004	745	55691	281	0	57721
16931	829	160	827	55900	0	57716
16932	55522	83	714	1009	0	57328
16933	56150	92	171	896	0	57309
16934	1567	87	128	55350	0	57132
16935	874	149	55396	1017	0	57436
16936	276	53731	920	896	0	55823
16937	228	55771	787	345	0	57131
16938	55760	1395	286	376	0	57817
16939	988	720	169	55253	0	57130
16940	814	165	156	55888	0	57023
16941	55085	104	180	1588	0	56957
16942	54598	118	171	998	0	55885
16943	1529	196	55015	385	0	57125
16944	934	138	848	54299	0	56219
16945	317	166	54327	1054	0	55864
16946	288	53464	939	905	0	55596
16947	51157	771	722	427	0	53077
16948	824	52199	268	364	0	53655
16949	678	51645	266	368	0	52957
16950	580	1242	240	50442	0	52504
16951	49617	646	187	937	0	51387
16952	788	49560	239	870	0	51457
16953	48913	752	200	404	0	50269
16954	827	48462	238	367	0	49894
16955	762	777	165	48244	0	49948
16956	47631	630	190	940	0	49391
16957	853	266	48456	831	0	50406
16958	811	302	756	47868	0	49737
16959	345	215	48171	974	0	49705
16960	293	45932	805	854	0	47884
16961	288	47439	706	387	0	48820
16962	46205	1211	247	434	0	48097
16963	767	47153	269	364	0	48553
16964	47030	758	204	394	0	48386
16965	47396	651	185	370	0	48602
16966	1262	336	46669	335	0	48602
16967	46055	210	711	363	0	47339
16968	896	303	48163	336	0	49698
16969	760	47937	830	318	0	49845
16970	48223	759	627	323	0	49932
16971	919	48549	290	291	0	50049
16972	829	824	179	48226	0	50058
16973	48662	669	176	891	0	50398
16974	979	253	181	48717	0	50130
16975	790	375	48981	934	0	51080
16976	451	237	721	48833	0	50242
16977	372	258	613	49329	0	50572
16978	48690	245	196	1361	0	50492
16979	930	342	48713	791	0	50776
16980	49211	254	749	362	0	50576
16981	50826	233	631	319	0	52009
16982	1473	232	245	50166	0	52116
16983	937	234	166	50493	0	51830
16984	49436	225	192	1396	0	51249
16985	1009	49954	266	852	0	52081
16986	880	771	172	48770	0	50593
16987	371	718	47681	819	0	49589
16988	331	327	46167	732	0	47557
16989	329	47463	1201	306	0	49299
16990	399	747	619	45524	0	47289
16991	330	619	185	46038	0	47172
16992	45228	241	135	1160	0	46764
16993	866	227	145	44835	0	46073
16994	43185	168	153	763	0	44269
16995	769	42417	191	662	0	44039
16996	571	42188	196	271	0	43226
16997	236	43440	179	244	0	44099
16998	41821	894	253	248	0	43216
16999	38697	474	217	184	0	39572
17000	777	38228	145	202	0	39352
17001	34281	254	111	95	0	34741
17002	276	34052	66	75	0	34469
17003	247	288	43	32475	0	33053
17004	87	33419	60	237	0	33803
17005	33212	295	82	247	0	33836
17006	33231	208	38	89	0	33566
17007	415	73	32	32298	0	32818
17008	32449	49	27	270	0	32795
17009	277	62	32	32190	0	32561
17010	210	32790	61	282	0	33343
17011	127	358	41	32450	0	32976
17012	71	33068	74	261	0	33474
17013	32563	241	38	226	0	33068
17014	251	231	31942	83	0	32507
17015	29915	61	191	97	0	30264
17016	256	52	134	31653	0	32095
17017	183	96	31573	222	0	32074
17018	30048	45	182	227	0	30502
17019	229	113	32919	90	0	33351
17020	188	70	203	32485	0	32946
17021	94	41	162	33416	0	33713
17022	78	47	47	33417	0	33589
17023	80	44	26	33810	0	33960
17024	68	33908	73	425	0	34474
17025	88	254	36	35681	0	36059
17026	35623	214	39	366	0	36242
17027	308	120	35548	283	0	36259
17028	280	37734	305	107	0	38426
17029	38692	335	255	115	0	39397
17030	41248	349	58	99	0	41754
17031	766	83	27	45400	0	46276
17032	494	140	45472	567	0	46673
17033	189	69	526	45006	0	45790
17034	147	75	494	46898	0	47614
17035	143	92	46954	1096	0	48285
17036	89	48747	654	655	0	50145
17037	50149	651	560	243	0	51603
17038	50372	601	125	197	0	51295
17039	51696	136	87	183	0	52102
17040	1401	84	91	50474	0	52050
17041	829	83	80	52487	0	53479
17042	53374	67	51	1397	0	54889
17043	928	80	73	50124	0	51205
17044	786	52964	113	879	0	54742
17045	55398	730	58	741	0	56927
17046	56700	692	91	292	0	57775
17047	59658	160	46	241	0	60105
17048	59860	107	65	233	0	60265
17049	1818	151	57332	188	0	59489
17050	1100	135	57396	160	0	58791
17051	428	113	1569	56603	0	58713
17052	341	89	885	58139	0	59454
17053	286	130	57447	1661	0	59524
17054	266	162	57602	985	0	59015
17055	281	88	1625	57067	0	59061
17056	57554	75	945	1042	0	59616
17057	1050	70	311	56875	0	58306
17058	952	126	56975	1091	0	59144
17059	324	57384	1010	1021	0	59739
17060	58025	839	865	419	0	60148
17061	58826	777	303	352	0	60258
17062	59520	215	236	315	0	60286
17063	59510	152	202	306	0	60170
17064	1994	192	56806	233	0	59225
17065	1237	132	944	56741	0	59054
17066	57392	127	877	1042	0	59438
17067	1261	114	291	57656	0	59322
17068	1231	104	239	54396	0	55970
17069	537	55280	268	1752	0	57837
17070	473	879	196	56002	0	57550
17071	54861	791	222	1249	0	57123
17072	1097	55150	342	1085	0	57674
17073	54909	936	204	521	0	56570
17074	1238	55368	277	430	0	57313
17075	1196	1025	205	50290	0	52716
17076	530	53404	303	1019	0	55256
17077	447	54749	302	996	0	56494
17078	53582	1602	264	491	0	55939
17079	1275	1032	53128	430	0	55865
17080	1098	384	52188	431	0	54101
17081	562	330	51799	442	0	53133
17082	48353	285	1733	448	0	50819
17083	1156	50511	1092	456	0	53215
17084	1141	51496	475	424	0	53536
17085	49252	1576	305	396	0	51529
17086	1260	49799	365	386	0	51810
17087	1173	50806	357	401	0	52737
17088	651	1630	282	50657	0	53220
17089	607	1042	50509	1155	0	53313
17090	587	485	50997	1115	0	53184
17091	614	419	1613	50750	0	53396
17092	50404	342	1024	1200	0	52970
17093	1315	50993	543	1111	0	53962
17094	1259	1035	368	51576	0	54238
17095	759	994	51353	1156	0	54262
17096	711	447	50392	1182	0	52732
17097	663	348	1675	49850	0	52536
17098	49854	334	1135	1273	0	52596
17099	50369	355	529	1145	0	52398
17100	2040	362	49613	561	0	52576
17101	49288	356	1146	565	0	51355
17102	1541	364	50230	530	0	52665
17103	1489	301	1295	45163	0	48248
17104	810	49210	1243	1103	0	52366
17105	50392	997	559	1013	0	52961
17106	1436	922	511	50412	0	53281
17107	1307	403	522	50442	0	52674
17108	794	301	521	51903	0	53519
17109	715	298	503	51913	0	53429
17110	652	324	49399	2045	0	52420
17111	691	49065	1237	1326	0	52319
17112	687	990	1105	49400	0	52182
17113	49391	936	551	1326	0	52204
17114	1319	413	483	50154	0	52369
17115	1263	354	447	50330	0	52394
17116	694	458	49074	1969	0	52195
17117	678	392	48202	1364	0	50636
17118	641	47963	1836	745	0	51185
17119	632	48563	1203	646	0	51044
17120	632	1598	527	47589	0	50346
17121	47389	1027	487	1300	0	50203
17122	1205	538	47260	1215	0	50218
17123	1146	47284	1090	653	0	50173
17124	731	1028	922	43506	0	46187
17125	504	45848	491	1092	0	47935
17126	534	1092	353	42560	0	44539
17127	462	44767	398	1076	0	46703
17128	495	938	310	41998	0	43741
17129	40104	789	258	976	0	42127
17130	780	37742	299	779	0	39600
17131	526	884	173	32524	0	34107
17132	31524	466	194	619	0	32803
17133	517	31937	199	507	0	33160
17134	367	29527	157	281	0	30332
17135	279	29832	198	254	0	30563
17136	423	641	349	27107	0	28520
17137	123	346	167	26636	0	27272
17138	75	26651	98	506	0	27330
17139	118	398	91	26511	0	27118
17140	175	309	26347	343	0	27174
17141	76	26016	256	247	0	26595
17142	94	1430	180	23082	0	24786
17143	88	24925	101	213	0	25327
17144	128	290	23217	176	0	23811
17145	41	23180	184	105	0	23510
17146	19599	290	231	152	0	20272
17147	115	74	21	19561	0	19771
17148	19372	13	14	98	0	19497
17149	74	39	19509	73	0	19695
17150	66	14	73	19587	0	19740
17151	19	46	19955	98	0	20118
17152	21	12	84	19907	0	20024
17153	20607	12	73	132	0	20824
17154	76	29	16	20673	0	20794
17155	20765	9	4	123	0	20901
17156	83	21207	25	89	0	21404
17157	20823	82	7	68	0	20980
17158	93	91	21843	42	0	22069
17159	60	22099	102	40	0	22301
17160	24	87	69	22175	0	22355
17161	27	68	10	22105	0	22210
17162	21	38	21778	148	0	21985
17163	16	22004	79	92	0	22191
17164	24	82	62	21811	0	21979
17165	14	22252	36	80	0	22382
17166	13	81	11	21742	0	21847
17167	16	22078	27	83	0	22204
17168	21595	74	17	59	0	21745
17169	74	79	6	21939	0	22098
17170	73	48	21992	82	0	22195
17171	9	22127	76	90	0	22302
17172	20	22615	68	28	0	22731
17173	43	149	22374	26	0	22592
17174	7	22599	82	33	0	22721
17175	16	74	59	22143	0	22292
17176	13	70	22709	80	0	22872
17177	23	9	67	22373	0	22472
17178	19	12	48	22969	0	23048
17179	24	49	22885	113	0	23071
17180	21146	8	73	90	0	21317
17181	76	9	45	23273	0	23403
17182	64	44	24325	74	0	24507
17183	19	24600	89	76	0	24784
17184	24675	63	59	50	0	24847
17185	63	24882	34	25	0	25004
17186	54	66	12	24887	0	25019
17187	24633	51	13	109	0	24806
17188	80	18	12	24605	0	24715
17189	54	50	25320	85	0	25509
17190	31	12	78	24959	0	25080
17191	22	62	25307	78	0	25469
17192	23889	14	91	88	0	24082
17193	94	60	25276	23	0	25453
17194	24954	15	80	51	0	25100
17195	25302	22	60	68	0	25452
17196	141	57	25494	29	0	25721
17197	69	53	24943	46	0	25111
17198	15	25769	161	32	0	25977
17199	26397	85	59	51	0	26592
17200	96	59	17	26726	0	26898
17201	70	18	18	26697	0	26803
17202	28282	11	15	253	0	28561
17203	28649	14	15	123	0	28801
17204	28768	13	13	61	0	28855
17205	28648	15	17	52	0	28732
17206	141	17	23	28271	0	28452
17207	28509	19	16	157	0	28701
17208	103	18	15	28689	0	28825
17209	81	20	19	28676	0	28796
17210	33	24	15	28972	0	29044
17211	20	62	28535	181	0	28798
17212	28	28308	118	92	0	28546
17213	22	28618	101	40	0	28781
17214	32	140	21	28715	0	28908
17215	28717	65	25	118	0	28925
17216	118	17	11	28648	0	28794
17217	28416	14	27	130	0	28587
17218	114	72	29169	91	0	29446
17219	28311	17	105	58	0	28491
17220	114	22	70	29713	0	29919
17221	30422	16	23	176	0	30637
17222	30171	17	21	130	0	30339
17223	30375	14	20	62	0	30471
17224	173	20	20	30334	0	30547
17225	108	69	30085	149	0	30411
17226	43	20	116	30216	0	30395
17227	30566	18	88	162	0	30834
17228	151	89	33905	107	0	34252
17229	125	34	139	35890	0	36188
17230	37141	16	98	236	0	37491
17231	206	95	37941	132	0	38374
17232	39136	20	187	107	0	39450
17233	40949	28	128	83	0	41188
17234	362	22	27	41556	0	41967
17235	201	24	28	42121	0	42374
17236	42090	12	17	458	0	42577
17237	266	25	16	43549	0	43856
17238	43044	16	37	362	0	43459
17239	286	43885	71	260	0	44502
17240	194	44214	68	81	0	44557
17241	66	442	21	44005	0	44534
17242	61	307	45014	315	0	45697
17243	37	45247	343	241	0	45868
17244	44414	301	228	134	0	45077
17245	275	44606	98	92	0	45071
17246	186	368	44455	34	0	45043
17247	81	215	278	43949	0	44523
17248	53	154	45077	317	0	45601
17249	40	46358	352	287	0	47037
17250	59	278	195	45272	0	45804
17251	36	45834	108	278	0	46256
17252	65	349	45787	197	0	46398
17253	59	187	288	45061	0	45595
17254	66	137	46067	298	0	46568
17255	63	31	302	45422	0	45818
17256	45487	17	195	376	0	46075
17257	304	120	45011	221	0	45656
17258	42319	19	295	127	0	42760
17259	324	97	44070	58	0	44549
17260	238	30	302	43666	0	44236
17261	76	128	46444	320	0	46968
17262	75	33	299	46372	0	46779
17263	63	30	200	47005	0	47298
17264	75	40	57	46883	0	47055
17265	60	26	41	47406	0	47533
17266	44	134	49105	540	0	49823
17267	48137	40	292	369	0	48838
17268	337	37	195	53031	0	53600
17269	53520	32	72	416	0	54040
17270	55011	34	53	317	0	55415
17271	56080	42	47	155	0	56324
17272	669	47	44	56901	0	57661
17273	403	44	52	56746	0	57245
17274	97	63274	158	667	0	64196
17275	68322	588	48	417	0	69375
17276	71234	434	58	167	0	71893
17277	72030	102	62	181	0	72375
17278	1417	171	72490	126	0	74204
17279	770	52	800	72094	0	73716
17280	243	153	72579	874	0	73849
17281	70909	49	909	698	0	72565
17282	73019	36	625	262	0	73942
17283	1429	57	162	72004	0	73652
17284	830	67	106	68666	0	69669
17285	215	73345	184	1358	0	75102
17286	73903	813	83	713	0	75512
17287	73771	597	86	262	0	74716
17288	1441	73461	197	212	0	75311
17289	74250	831	94	213	0	75388
17290	1036	598	103	74277	0	76014
17291	769	151	75	74901	0	75896
17292	74865	90	85	1488	0	76528
17293	976	176	74505	764	0	76421
17294	73762	69	833	349	0	75013
17295	74978	75	608	282	0	75943
17296	1458	74270	251	232	0	76211
17297	75502	834	103	213	0	76652
17298	1109	726	74241	126	0	76202
17299	844	177	863	74057	0	75941
17300	74417	102	633	976	0	76128
17301	1052	80	188	74739	0	76059
17302	793	181	72183	996	0	74153
17303	341	68	904	70338	0	71651
17304	280	76156	759	1058	0	78253
17305	333	892	212	78274	0	79711
17306	320	616	133	79656	0	80725
17307	279	176	121	79657	0	80233
17308	256	120	113	79962	0	80451
17309	246	219	78128	1667	0	80260
17310	305	97	872	78777	0	80051
17311	78062	98	655	1217	0	80032
17312	994	77952	279	901	0	80126
17313	819	896	137	79397	0	81249
17314	371	779	79870	1081	0	82101
17315	337	180	903	80443	0	81863
17316	80898	119	679	1212	0	82908
17317	81167	117	227	911	0	82422
17318	80501	106	180	413	0	81200
17319	1799	104	174	80192	0	82269
17320	1065	235	79850	1070	0	82220
17321	482	79214	1047	862	0	81605
17322	79845	869	721	477	0	81912
17323	1171	643	271	79782	0	81867
17324	954	237	218	80284	0	81693
17325	536	263	79624	1625	0	82048
17326	450	78166	1062	968	0	80646
17327	408	80686	815	481	0	82390
17328	538	1703	324	75918	0	78483
17329	420	855	74403	1102	0	76780
17330	67723	256	911	1017	0	69907
17331	1151	315	72123	404	0	73993
17332	67148	204	899	493	0	68744
17333	1109	73355	697	433	0	75594
17334	888	905	72187	423	0	74403
17335	69266	587	859	452	0	71164
17336	1092	72309	739	328	0	74468
17337	74182	834	266	423	0	75705
17338	1157	717	74393	343	0	76610
17339	891	74900	872	334	0	76997
17340	75751	778	612	384	0	77525
17341	1067	708	74973	340	0	77088
17342	74218	212	823	346	0	75599
17343	1138	194	640	74768	0	76740
17344	75679	170	277	991	0	77117
17345	1133	160	233	75685	0	77211
17346	75605	162	230	1108	0	77105
17347	1049	275	76410	875	0	78609
17348	835	173	867	77030	0	78905
17349	438	152	633	77241	0	78464
17350	349	308	77503	1526	0	79686
17351	383	191	844	78343	0	79761
17352	305	70494	872	1267	0	72938
17353	319	854	277	85715	0	87165
17354	360	671	235	90149	0	91415
17355	399	231	172	97472	0	98274
17356	361	328	95447	2240	0	98376
17357	89199	161	1334	1441	0	92135
17358	1545	170	967	100911	0	103593
17359	1148	333	103252	1673	0	106406
17360	99085	160	1540	1366	0	102151
17361	104370	165	1108	586	0	106229
17362	107573	171	355	530	0	108629
17363	2830	170	264	106645	0	109909
17364	1538	179	286	117348	0	119351
17365	693	194	273	112312	0	113472
17366	461	115102	461	3179	0	119203
17367	114249	1850	278	1769	0	118146
17368	113245	1272	309	744	0	115570
17369	3212	369	256	112066	0	115903
17370	1772	359	110249	2140	0	114520
17371	771	334	111075	1568	0	113748
17372	399	108046	3163	592	0	112200
17373	371	109407	1599	1909	0	113286
17374	101515	3032	932	784	0	106263
17375	1575	100563	376	353	0	102867
17376	99362	1502	266	313	0	101443
17377	99394	947	120	295	0	100756
17378	99833	203	111	278	0	100425
17379	2620	127	128	99072	0	101947
17380	1343	94	118	104765	0	106320
17381	106053	104	92	2671	0	108920
17382	1863	97	117	108530	0	110607
17383	1287	268	107594	1926	0	111075
17384	107472	141	1722	1363	0	110698
17385	2006	155	1149	107946	0	111256
17386	1469	133	197	110014	0	111813
17387	476	135	109	111519	0	112239
17388	344	251	107954	3181	0	111730
17389	98301	117	1867	1717	0	102002
17390	1996	246	108459	482	0	111183
17391	1465	145	1976	106644	0	110230
17392	472	278	109473	2010	0	112233
17393	422	164	2038	106989	0	109613
17394	443	190	1327	108999	0	110959
17395	438	277	110741	3203	0	114659
17396	597	219	2003	99544	0	102363
17397	447	110832	1484	2002	0	114765
17398	110580	1881	309	1560	0	114330
17399	112587	1269	233	633	0	114722
17400	3373	256	245	111236	0	115110
17401	1729	313	112248	2321	0	116611
17402	595	109439	2157	1704	0	113895
17403	437	113452	1569	726	0	116184
17404	107760	2992	468	665	0	111885
17405	2229	1546	106760	568	0	111103
17406	106475	338	2068	629	0	109510
17407	2445	224	1450	106528	0	110647
17408	1743	206	469	108145	0	110563
17409	104138	242	372	3580	0	108332
17410	2206	105205	489	2025	0	109925
17411	1721	2056	106274	754	0	110805
17412	799	1346	2119	104317	0	108581
17413	588	432	107740	2497	0	111257
17414	503	105669	2488	1891	0	110551
17415	591	2024	1588	105579	0	109782
17416	105595	1382	585	2524	0	110086
17417	106778	364	523	1965	0	109630
17418	3572	536	105285	867	0	110260
17419	1944	105379	2343	749	0	110415
17420	104208	2036	1600	800	0	108644
17421	2371	106196	781	751	0	110099
17422	1935	2189	497	103526	0	108147
17423	104685	1485	493	2466	0	109129
17424	2481	512	488	106078	0	109559
17425	1925	479	103998	2668	0	109070
17426	942	375	2229	105162	0	108708
17427	801	537	105056	2645	0	109039
17428	926	373	2315	104038	0	107652
17429	103742	331	1705	2765	0	108543
17430	2370	104520	862	2057	0	109809
17431	105350	2145	567	1051	0	109113
17432	2626	1630	627	103998	0	108881
17433	2004	564	568	104575	0	107711
17434	830	680	99111	3808	0	104429
17435	842	605	103810	2053	0	107310
17436	804	102669	3606	1110	0	108189
17437	836	2314	101807	894	0	105851
17438	91297	1574	2531	974	0	96376
17439	2483	99025	2045	849	0	104402
17440	1885	101121	909	946	0	104861
17441	878	102575	765	941	0	105159
17442	906	3627	568	99282	0	104383
17443	855	1918	100562	2639	0	105974
17444	758	101265	2601	2184	0	106808
17445	1007	2299	1825	90752	0	95883
17446	751	102038	930	2391	0	106110
17447	99093	2298	671	2033	0	104095
17448	100603	1723	668	1007	0	104001
17449	3703	660	657	98706	0	103726
17450	2198	483	684	98553	0	101918
17451	93068	477	620	3774	0	97939
17452	2287	90832	842	2202	0	96163
17453	1734	90903	744	1071	0	94452
17454	1012	3339	537	83359	0	88247
17455	538	1397	77858	2014	0	81807
17456	438	77120	1923	1523	0	81004
17457	72875	1668	1552	631	0	76726
17458	1581	72149	682	594	0	75006
17459	1156	71035	538	565	0	73294
17460	67323	2288	620	465	0	70696
17461	1467	69619	453	514	0	72053
17462	1202	1551	66701	520	0	69974
17463	406	66903	1465	523	0	69297
17464	55696	1134	1151	316	0	58297
17465	893	56089	367	274	0	57623
17466	55415	1007	390	269	0	57081
17467	1081	759	209	54616	0	56665
17468	804	349	195	55877	0	57225
17469	336	350	55710	1455	0	57851
17470	288	56162	852	842	0	58144
17471	293	890	644	56093	0	57920
17472	55807	701	282	963	0	57753
17473	55482	274	219	786	0	56761
17474	1286	55845	284	367	0	57782
17475	736	920	172	55160	0	56988
17476	55058	689	179	878	0	56804
17477	55264	349	218	722	0	56553
17478	1370	333	53409	281	0	55393
17479	687	304	50318	215	0	51524
17480	278	290	48964	200	0	49732
17481	148	46839	899	140	0	48026
17482	44373	510	877	123	0	45883
17483	466	44400	170	107	0	45143
17484	43650	508	199	147	0	44504
17485	451	45326	139	102	0	46018
17486	382	508	61	45844	0	46795
17487	46151	347	57	465	0	47020
17488	470	194	46654	326	0	47644
17489	45475	128	402	163	0	46168
17490	46816	116	329	121	0	47382
17491	658	47076	126	102	0	47962
17492	332	47351	101	102	0	47886
17493	48326	618	144	122	0	49210
17494	447	386	49798	96	0	50727
17495	46692	279	424	134	0	47529
17496	47552	120	309	110	0	48091
17497	622	98	74	46865	0	47659
17498	48150	87	44	378	0	48659
17499	437	103	56	49300	0	49896
17500	342	85	59	50420	0	50906
17501	173	101	47	49224	0	49545
17502	114	46298	91	3716	0	50219
17503	49677	331	54	347	0	50409
17504	50194	275	64	134	0	50667
17505	618	105	57	50041	0	50821
17506	371	80	66	49218	0	49735
17507	142	49870	114	555	0	50681
17508	49658	375	72	324	0	50429
17509	424	358	49495	125	0	50402
17510	361	145	330	49635	0	50471
17511	181	173	49242	372	0	49968
17512	173	104	346	49058	0	49681
17513	130	158	49326	379	0	49993
17514	178	87	365	48232	0	48862
17515	48112	86	300	412	0	48910
17516	423	127	49157	334	0	50041
17517	47144	78	367	164	0	47753
17518	434	50577	344	120	0	51475
17519	384	353	115	50937	0	51789
17520	208	324	78	51512	0	52122
17521	52836	122	83	654	0	53695
17522	469	117	73	55167	0	55826
17523	412	175	57118	421	0	58126
17524	55261	96	331	427	0	56115
17525	58129	77	276	222	0	58704
17526	58289	88	90	201	0	58668
17527	58023	82	78	185	0	58368
17528	712	57316	146	156	0	58330
17529	402	324	88	56978	0	57792
17530	56608	250	58	403	0	57319
17531	427	118	66	56249	0	56860
17532	55325	77	93	404	0	55899
17533	438	136	54343	288	0	55205
17534	344	147	54298	145	0	54934
17535	189	561	449	51583	0	52782
17536	170	53979	319	308	0	54776
17537	131	55411	140	324	0	56006
17538	54298	400	144	291	0	55133
17539	314	279	54328	154	0	55075
17540	48913	84	261	226	0	49484
17541	291	53747	255	126	0	54419
17542	53672	186	79	158	0	54095
17543	317	167	50	53242	0	53776
17544	252	151	54365	292	0	55060
17545	174	65	229	53820	0	54288
17546	159	54	165	53803	0	54181
17547	119	54058	125	401	0	54703
17548	111	55649	111	299	0	56170
17549	152	345	81	54912	0	55490
17550	154	56229	121	303	0	56807
17551	170	311	55083	218	0	55782
17552	136	267	53688	135	0	54226
17553	50055	86	375	174	0	50690
17554	55224	65	198	144	0	55631
17555	431	54694	139	116	0	55380
17556	276	241	67	54485	0	55069
17557	167	193	74	54900	0	55334
17558	136	153	54994	425	0	55708
17559	169	68	252	52555	0	53044
17560	118	54316	236	321	0	54991
17561	110	331	52205	229	0	52875
17562	148	257	51805	146	0	52356
17563	142	48136	439	203	0	48920
17564	162	313	51739	115	0	52329
17565	181	200	259	49065	0	49705
17566	169	158	215	46360	0	46902
17567	130	151	52064	444	0	52789
17568	136	101	260	49976	0	50473
17569	102	50272	245	330	0	50949
17570	97	52256	141	271	0	52765
17571	138	401	78	51249	0	51866
17572	133	276	51541	309	0	52259
17573	98	52715	329	250	0	53392
17574	192	375	256	52404	0	53227
17575	106	283	51561	278	0	52228
17576	45532	81	239	293	0	46145
17577	51833	53	166	113	0	52165
17578	52099	43	53	130	0	52325
17579	374	58	53	50488	0	50973
17580	193	50	68	51609	0	51920
17581	85	148	52923	390	0	53546
17582	82	54	242	51770	0	52148
17583	81	61	174	53766	0	54082
17584	64	136	53075	354	0	53629
17585	40406	58	251	381	0	41096
17586	202	50238	222	102	0	50764
17587	50302	191	53	96	0	50642
17588	206	50052	97	81	0	50436
17589	201	249	46	49799	0	50295
17590	87	223	49884	254	0	50448
17591	92	156	224	47816	0	48288
17592	56	104	49060	250	0	49470
17593	35846	57	326	324	0	36553
17594	183	112	46923	59	0	47277
17595	140	31	221	43771	0	44163
17596	53	88	46984	221	0	47346
17597	50	47634	234	156	0	48074
17598	75	224	133	49183	0	49615
17599	88	134	36	49951	0	50209
17600	81	28	39	52014	0	52162
17601	41	94	51762	564	0	52461
17602	46	116	53266	313	0	53741
17603	67	31	649	51528	0	52275
17604	78	40	309	64972	0	65399
17605	92	39	68	69398	0	69597
17606	70729	25	74	1430	0	72258
17607	928	46	48	74187	0	75209
17608	727	146	77369	1033	0	79275
17609	78913	45	1034	806	0	80798
17610	1163	35	783	83400	0	85381
17611	86913	29	260	1282	0	88484
17612	88545	23	99	1033	0	89700
17613	2197	14	81	88131	0	90423
17614	88681	32	102	1380	0	90195
17615	89253	28	97	1097	0	90475
17616	2251	149	87888	304	0	90592
17617	1150	88709	1358	210	0	91427
17618	377	1232	996	85884	0	88489
17619	247	964	182	89434	0	90827
17620	88469	170	109	2254	0	91002
17621	88002	58	116	1193	0	89369
17622	87834	49	94	407	0	88384
17623	2437	148	82573	292	0	85450
17624	1295	83243	1416	249	0	86203
17625	83215	1227	1026	318	0	85786
17626	1401	84397	374	243	0	86415
17627	84812	1386	147	237	0	86582
17628	1628	1010	124	83886	0	86648
17629	84631	205	142	1465	0	86443
17630	84914	101	119	1219	0	86353
17631	85985	84	106	447	0	86622
17632	2590	197	84403	319	0	87509
17633	85334	96	1297	327	0	87054
17634	1717	85100	1120	327	0	88264
17635	87330	1292	276	337	0	89235
17636	87913	1063	166	352	0	89494
17637	89408	231	174	357	0	90170
17638	2783	141	149	84108	0	87181
17639	1569	86620	244	1480	0	89913
17640	86818	1343	148	1234	0	89543
17641	1866	1187	86565	498	0	90116
17642	1528	86966	1508	373	0	90375
17643	980	1425	1117	77279	0	80801
17644	579	86199	416	1277	0	88471
17645	85768	1558	215	1073	0	88614
17646	88133	1189	158	456	0	89936
17647	2839	317	165	86868	0	90189
17648	1718	304	85541	1678	0	89241
17649	791	85731	1534	1380	0	89436
17650	1113	1498	1300	72650	0	76561
17651	735	1206	385	86648	0	88974
17652	723	360	273	89799	0	91155
17653	89109	269	271	2792	0	92441
17654	90093	278	256	1579	0	92206
17655	91202	283	215	604	0	92304
17656	91685	273	195	543	0	92696
17657	3244	272	219	89107	0	92842
17658	1982	437	89746	1811	0	93976
17659	1026	255	1554	91206	0	94041
17660	936	256	1247	91348	0	93787
17661	1020	258	374	92120	0	93772
17662	1021	279	247	92466	0	94013
17663	90149	283	340	3079	0	93851
17664	2410	234	357	90716	0	93717
17665	90926	237	336	2151	0	93650
17666	91241	281	328	1779	0	93629
17667	3513	410	88451	854	0	93228
17668	2346	374	88229	774	0	91723
17669	1386	377	90606	786	0	93155
17670	1353	416	2672	87220	0	91661
17671	1246	440	89815	1928	0	93429
17672	1207	427	1820	88056	0	91510
17673	1198	452	1357	88625	0	91632
17674	88886	350	490	3153	0	92879
17675	2542	377	405	87066	0	90390
17676	2240	89352	514	2200	0	94306
17677	90674	1595	435	1731	0	94435
17678	2487	91493	610	925	0	95515
17679	2133	1938	91674	854	0	96599
17680	1206	93202	1816	814	0	97038
17681	91193	1928	1398	758	0	95277
17682	2602	1510	462	90534	0	95108
17683	2327	725	89873	2009	0	94934
17684	89876	410	1678	1696	0	93660
17685	2669	448	1376	90349	0	94842
17686	2386	528	90657	1952	0	95523
17687	1503	430	1786	91319	0	95038
17688	1341	391	1467	91683	0	94882
17689	1328	444	573	91008	0	93353
17690	1246	90993	585	2975	0	95799
17691	92110	1683	430	1820	0	96043
17692	2706	1404	375	89767	0	94252
17693	2199	91276	540	2034	0	96049
17694	1362	1835	305	91771	0	95273
17695	1218	1647	90831	2102	0	95798
17696	1102	91297	1901	1699	0	95999
17697	90300	1754	1490	899	0	94443
17698	89714	1526	579	777	0	92596
17699	3116	620	425	87086	0	91247
17700	1985	539	436	87596	0	90556
17701	86400	437	419	2786	0	90042
17702	84078	403	431	1786	0	86698
17703	2810	84321	616	946	0	88693
17704	72400	1071	371	592	0	74434
17705	1461	854	68603	470	0	71388
17706	1186	352	67056	471	0	69065
17707	464	64983	1403	465	0	67315
17708	355	63109	877	348	0	64689
17709	57007	982	1302	322	0	59613
17710	593	57132	300	290	0	58315
17711	55123	496	187	220	0	56026
17712	54194	350	103	206	0	54853
17713	53794	117	85	203	0	54199
17714	792	108	78	53048	0	54026
17715	53409	75	96	564	0	54144
17716	601	167	52610	403	0	53781
17717	425	153	53156	183	0	53917
17718	197	53478	742	211	0	54628
17719	180	537	54006	181	0	54904
17720	226	366	517	51948	0	53057
17721	153	193	54189	533	0	55068
17722	153	185	53498	407	0	54243
17723	191	105	682	52960	0	53938
17724	53851	96	338	572	0	54857
17725	54046	100	129	459	0	54734
17726	729	231	55181	172	0	56313
17727	54041	86	479	223	0	54829
17728	549	189	56303	143	0	57184
17729	55765	88	497	195	0	56545
17730	58406	81	349	240	0	59076
17731	789	75	142	57883	0	58889
17732	436	89	124	56419	0	57068
17733	187	56183	205	735	0	57310
17734	171	57355	174	403	0	58103
17735	199	656	124	55823	0	56802
17736	210	352	104	56397	0	57063
17737	54703	104	98	703	0	55608
17738	476	54666	174	371	0	55687
17739	54288	414	96	181	0	54979
17740	454	54973	181	171	0	55779
17741	409	518	54008	136	0	55071
17742	204	376	432	53929	0	54941
17743	54161	112	370	485	0	55128
17744	55985	104	114	424	0	56627
17745	833	58740	162	181	0	59916
17746	430	60384	159	147	0	61120
17747	168	61456	167	150	0	61941
17748	229	1147	100	63965	0	65441
17749	186	664	64982	799	0	66631
17750	147	65090	830	587	0	66654
17751	267	821	594	64270	0	65952
17752	141	547	110	65572	0	66370
17753	120	230	64998	1214	0	66562
17754	133	188	64837	641	0	65799
17755	61448	77	1259	248	0	63032
17756	801	185	67277	122	0	68385
17757	66053	88	787	161	0	67089
17758	65654	84	599	160	0	66497
17759	66220	66	137	151	0	66574
17760	65829	77	125	180	0	66211
17761	1340	176	63942	145	0	65603
17762	692	64543	800	145	0	66180
17763	272	734	578	63984	0	65568
17764	196	685	64830	788	0	66499
17765	208	145	763	63076	0	64192
17766	205	59876	775	845	0	61701
17767	232	776	122	66386	0	67516
17768	202	618	114	66601	0	67535
17769	207	147	113	66446	0	66913
17770	64910	120	127	1354	0	66511
17771	871	120	139	65944	0	67074
17772	702	132	129	65874	0	66837
17773	218	135	148	65147	0	65648
17774	143	63054	242	1370	0	64809
17775	62498	756	156	731	0	64141
17776	802	61097	255	243	0	62397
17777	639	62131	218	199	0	63187
17778	268	1240	169	62225	0	63902
17779	261	652	143	62738	0	63794
17780	62051	136	130	1448	0	63765
17781	976	105	153	63514	0	64748
17782	64022	121	125	984	0	65252
17783	75665	129	145	814	0	76753
17784	2069	144	134	75339	0	77686
17785	1186	136	158	73750	0	75230
17786	289	76673	237	2242	0	79441
17787	78464	1377	135	1222	0	81198
17788	1479	81276	255	437	0	83447
17789	81409	1611	196	357	0	83573
17790	1685	1309	79917	320	0	83231
17791	79711	294	1489	323	0	81817
17792	83305	204	1122	366	0	84997
17793	2678	197	238	81011	0	84124
17794	1424	315	81541	1701	0	84981
17795	411	81500	1677	1454	0	85042
17796	427	1667	1188	82799	0	86081
17797	401	1386	82709	1788	0	86284
17798	407	442	1594	82362	0	84805
17799	80094	218	1266	1879	0	83457
17800	1798	269	80863	1467	0	84397
17801	1381	79719	1748	524	0	83372
17802	471	82074	1380	366	0	84291
17803	710	2818	355	67669	0	71552
17804	346	81513	317	1371	0	83547
17805	80626	1707	274	1208	0	83815
17806	81099	1323	197	469	0	83088
17807	81641	330	195	417	0	82583
17808	2853	390	77788	326	0	81357
17809	79026	280	1568	446	0	81320
17810	1856	320	1283	78251	0	81710
17811	1464	262	264	79505	0	81495
17812	581	255	203	80568	0	81607
17813	482	255	348	80579	0	81664
17814	426	372	77715	2959	0	81472
17815	419	374	78062	1646	0	80501
17816	418	326	78111	622	0	79477
17817	72292	232	2790	602	0	75916
17818	1817	75092	1547	581	0	79037
17819	1539	1608	392	74144	0	77683
17820	73769	1344	255	1950	0	77318
17821	1753	74971	457	1567	0	78748
17822	1486	76636	421	585	0	79128
17823	75434	2747	278	483	0	78942
17824	76087	1468	302	431	0	78288
17825	2919	76004	385	503	0	79811
17826	1852	1730	231	69230	0	73043
17827	678	75079	396	1682	0	77835
17828	73782	1773	236	1492	0	77283
17829	74303	1412	270	542	0	76527
17830	73644	507	241	535	0	74927
17831	3013	71232	320	573	0	75138
17832	1651	1699	286	71796	0	75432
17833	693	1466	71374	1964	0	75497
17834	641	485	1644	71455	0	74225
17835	660	362	1339	72748	0	75109
17836	583	562	70428	2905	0	74478
17837	68656	374	1645	1673	0	72348
17838	1959	372	1354	70832	0	74517
17839	1679	413	368	69420	0	71880
17840	632	69657	460	2833	0	73582
17841	69372	1694	306	1587	0	72959
17842	1991	1467	300	67113	0	70871
17843	1574	67938	471	1777	0	71760
17844	64575	1530	295	1451	0	67851
17845	1641	64640	369	610	0	67260
17846	61547	1505	345	490	0	63887
17847	1720	1224	60420	487	0	63851
17848	1168	420	55989	418	0	57995
17849	485	301	55873	353	0	57012
17850	409	55036	2202	315	0	57962
17851	705	1345	1449	48216	0	51715
17852	409	53747	448	1096	0	55700
17853	53168	1330	249	927	0	55674
17854	1319	1115	53387	350	0	56171
17855	52628	394	1187	323	0	54532
17856	53213	363	993	285	0	54854
17857	2129	297	339	51941	0	54706
17858	53137	243	253	1241	0	54874
17859	1504	289	243	53185	0	55221
17860	1088	376	52503	1293	0	55260
17861	51055	303	1128	1062	0	53548
17862	1280	52094	1054	401	0	54829
17863	1171	1185	302	52233	0	54891
17864	52330	951	189	1221	0	54691
17865	1441	327	203	52673	0	54644
17866	1138	352	51012	1344	0	53846
17867	496	227	1148	50432	0	52303
17868	345	51015	1090	1318	0	53768
17869	51307	1155	307	1055	0	53824
17870	1314	961	251	51016	0	53542
17871	51828	320	255	1278	0	53681
17872	1460	227	167	51813	0	53667
17873	1148	233	202	49667	0	51250
17874	466	50685	341	1892	0	53384
17875	50253	1193	195	1085	0	52726
17876	1252	52510	290	501	0	54553
17877	1113	1208	170	47196	0	49687
17878	365	49636	255	1110	0	51366
17879	48601	1119	145	911	0	50776
17880	48320	914	183	393	0	49810
17881	47972	323	196	345	0	48836
17882	1833	45797	304	272	0	48206
17883	423	34114	101	113	0	34751
17884	33366	687	98	105	0	34256
17885	453	34143	115	126	0	34837
17886	495	849	181	31304	0	32829
17887	222	343	30426	344	0	31335
17888	27369	94	285	293	0	28041
17889	28464	52	206	91	0	28813
17890	28165	55	37	76	0	28333
17891	426	28067	60	76	0	28629
17892	26995	217	36	79	0	27327
17893	274	238	27958	56	0	28526
17894	190	27460	193	61	0	27904
17895	95	345	157	25612	0	26209
17896	37	26047	47	100	0	26231
17897	24645	101	45	111	0	24902
17898	93	25635	39	38	0	25805
17899	110	93	11	25433	0	25647
17900	33	25834	41	93	0	26001
17901	37	94	27	26273	0	26431
17902	39	95	26	25861	0	26021
17903	25	78	25962	175	0	26240
17904	47	29	92	25451	0	25619
17905	25201	32	84	127	0	25444
17906	25251	19	21	133	0	25424
17907	179	35	15	25426	0	25655
17908	124	57	25279	114	0	25574
17909	48	36	96	25004	0	25184
17910	24975	16	94	134	0	25219
17911	25631	22	34	166	0	25853
17912	25918	19	27	66	0	26030
17913	201	26858	48	36	0	27143
17914	27119	99	12	83	0	27313
17915	138	130	26962	33	0	27263
17916	28665	44	111	115	0	28935
17917	144	40	95	30141	0	30420
17918	142	28	38	30372	0	30580
17919	64	32	15	30644	0	30755
17920	29942	29	9	296	0	30276
17921	29531	27	26	185	0	29769
17922	264	26	16	29689	0	29995
17923	168	85	30104	166	0	30523
17924	78	20	130	30118	0	30346
17925	62	31	121	29688	0	29902
17926	55	74	29527	276	0	29932
17927	59	29551	160	191	0	29961
17928	53	137	127	29932	0	30249
17929	30374	143	31	203	0	30751
17930	172	41	24	30630	0	30867
17931	175	43	16	30811	0	31045
17932	30740	33	16	327	0	31116
17933	171	30643	53	196	0	31063
17934	160	31121	62	74	0	31417
17935	30693	259	17	96	0	31065
17936	194	207	30699	47	0	31147
17937	28819	56	143	107	0	29125
17938	207	97	32781	65	0	33150
17939	147	33272	196	71	0	33686
17940	33638	151	129	85	0	34003
17941	33777	131	36	85	0	34029
17942	34040	42	21	95	0	34198
17943	34232	30	23	102	0	34387
17944	310	91	34079	38	0	34518
17945	186	44	143	33440	0	33813
17946	33703	30	129	199	0	34061
17947	188	100	35295	163	0	35746
17948	170	87	35186	65	0	35508
17949	64	35244	284	49	0	35641
17950	35375	137	134	78	0	35724
17951	198	104	46	35076	0	35424
17952	35685	27	19	186	0	35917
17953	166	36371	70	148	0	36755
17954	171	157	22	38735	0	39085
17955	61	126	21	38986	0	39194
17956	73	41	12	39960	0	40086
17957	48	90	40506	432	0	41076
17958	35	41029	284	274	0	41622
17959	43592	252	201	129	0	44174
17960	351	220	48	43646	0	44265
17961	43755	43	37	374	0	44209
17962	43527	30	18	323	0	43898
17963	608	12	31	43455	0	44106
17964	315	138	44036	360	0	44849
17965	133	32	318	43582	0	44065
17966	64	44339	329	362	0	45094
17967	79	306	51	45040	0	45476
17968	71	323	44798	377	0	45569
17969	43752	55	324	350	0	44481
17970	362	27	276	45365	0	46030
17971	44753	33	72	417	0	45275
17972	384	117	44634	304	0	45439
17973	42319	36	316	175	0	42846
17974	384	106	45007	77	0	45574
17975	42106	30	364	104	0	42604
17976	353	43485	318	75	0	44231
17977	297	44623	115	132	0	45167
17978	116	603	64	44465	0	45248
17979	136	293	44	43180	0	43653
17980	88	77	46	45049	0	45260
17981	44827	39	39	631	0	45536
17982	375	35	44	45635	0	46089
17983	287	143	45547	421	0	46398
17984	42927	32	325	411	0	43695
17985	346	46118	322	150	0	46936
17986	46668	330	76	139	0	47213
17987	45813	266	56	137	0	46272
17988	656	134	46527	106	0	47423
17989	387	60	370	46173	0	46990
17990	168	37	297	49028	0	49530
17991	114	140	49813	699	0	50766
17992	77	49802	469	420	0	50768
17993	49081	388	336	179	0	49984
17994	49334	313	77	174	0	49898
17995	751	76	63	50112	0	51002
17996	430	64	53	50622	0	51169
17997	157	50	76	52627	0	52910
17998	51471	51	68	899	0	52489
17999	504	52919	145	512	0	54080
18000	53735	468	51	214	0	54468
18001	53309	382	72	181	0	53944
18002	920	187	56000	179	0	57286
18003	548	77	542	54235	0	55402
18004	185	57253	553	604	0	58595
18005	201	567	111	58332	0	59211
18006	196	519	76	60199	0	60990
18007	167	227	61295	1123	0	62812
18008	62040	73	669	691	0	63473
18009	68189	50	556	314	0	69109
18010	70490	89	150	221	0	70950
18011	1555	80	107	69652	0	71394
18012	892	124	95	66660	0	67771
18013	247	68785	203	1508	0	70743
18014	198	71126	218	815	0	72357
18015	69704	1491	115	292	0	71602
18016	969	68717	239	234	0	70159
18017	845	1021	68364	219	0	70449
18018	305	767	901	68522	0	70495
18019	69489	175	798	1024	0	71486
18020	1026	216	69497	830	0	71569
18021	883	220	69087	266	0	70456
18022	69464	116	1611	229	0	71420
18023	70226	123	843	256	0	71448
18024	1734	124	208	69404	0	71470
18025	973	186	69447	1034	0	71640
18026	394	131	937	69769	0	71231
18027	291	215	68834	1111	0	70451
18028	307	216	70119	887	0	71529
18029	257	70597	1676	344	0	72874
18030	70809	923	893	342	0	72967
18031	70781	792	239	327	0	72139
18032	1690	70471	292	313	0	72766
18033	1043	1064	180	70050	0	72337
18034	424	803	197	70972	0	72396
18035	384	210	161	72121	0	72876
18036	70508	150	169	1820	0	72647
18037	1048	70379	277	1076	0	72780
18038	69270	957	192	392	0	70811
18039	68656	830	175	315	0	69976
18040	1766	314	67158	306	0	69544
18041	1019	67237	1086	281	0	69623
18042	482	988	863	67159	0	69492
18043	370	920	67734	1040	0	70064
18044	65812	232	1049	971	0	68064
18045	68239	162	876	395	0	69672
18046	68658	175	281	334	0	69448
18047	67700	147	232	331	0	68410
18048	1916	163	202	65601	0	67882
18049	1056	237	65231	1047	0	67571
18050	512	146	968	65224	0	66850
18051	64907	146	847	1146	0	67046
18052	64532	129	249	1009	0	65919
18053	1698	63511	290	407	0	65906
18054	62244	859	218	315	0	63636
18055	1136	816	61697	267	0	63916
18056	986	285	61379	209	0	62859
18057	58374	221	1538	292	0	60425
18058	1082	59762	907	264	0	62015
18059	934	742	265	55169	0	57110
18060	347	57743	240	785	0	59115
18061	362	795	176	57994	0	59327
18062	325	674	180	58391	0	59570
18063	337	207	167	60336	0	61047
18064	59011	152	153	1431	0	60747
18065	59903	188	157	802	0	61050
18066	59734	183	178	308	0	60403
18067	1506	244	58563	308	0	60621
18068	57460	149	856	304	0	58769
18069	1056	136	794	60275	0	62261
18070	922	153	256	62389	0	63720
18071	474	205	62081	1520	0	64280
18072	444	134	936	66074	0	67588
18073	67955	140	802	1227	0	70124
18074	1236	202	68056	975	0	70469
18075	1120	126	1080	67904	0	70230
18076	68419	128	904	1194	0	70645
18077	68012	127	319	1023	0	69481
18078	1980	240	68270	369	0	70859
18079	1172	248	69385	318	0	71123
18080	542	151	1810	69258	0	71761
18081	70548	162	1020	1202	0	72932
18082	71364	137	292	1044	0	72837
18083	2060	178	217	67173	0	69628
18084	1158	70688	312	1122	0	73280
18085	70272	1031	219	1001	0	72523
18086	1256	71868	331	449	0	73904
18087	1176	1089	210	71112	0	73587
18088	497	911	70512	1203	0	73123
18089	428	283	69513	1019	0	71243
18090	421	231	70225	353	0	71230
18091	443	153	1885	66680	0	69161
18092	416	110	1009	68211	0	69746
18093	67476	130	321	1831	0	69758
18094	1224	67236	341	1101	0	69902
18095	67400	960	248	403	0	69011
18096	1382	826	247	62580	0	65035
18097	1018	65202	315	1034	0	67569
18098	425	67024	320	876	0	68645
18099	450	1669	208	65444	0	67771
18100	65203	818	201	1139	0	67361
18101	1165	65842	314	921	0	68242
18102	62264	912	209	298	0	63683
18103	1086	63769	269	355	0	65479
18104	62282	958	266	286	0	63792
18105	1173	798	61462	202	0	63635
18106	902	312	60142	213	0	61569
18107	337	58961	1461	195	0	60954
18108	53877	1077	1353	270	0	56577
18109	673	52099	292	169	0	53233
18110	536	49194	199	158	0	50087
18111	620	1058	177	48791	0	50646
18112	48791	446	166	632	0	50035
18113	603	49383	162	537	0	50685
18114	48087	558	99	164	0	48908
18115	601	48163	145	161	0	49070
18116	46919	556	99	117	0	47691
18117	561	47118	124	149	0	47952
18118	428	47563	114	126	0	48231
18119	239	915	120	44840	0	46114
18120	134	47078	109	496	0	47817
18121	45634	560	67	391	0	46652
18122	536	475	46056	154	0	47221
18123	426	152	488	45788	0	46854
18124	157	228	47140	554	0	48079
18125	162	95	562	46058	0	46877
18126	153	94	388	47064	0	47699
18127	132	139	44999	842	0	46112
18128	38472	99	545	606	0	39722
18129	583	43949	451	220	0	45203
18130	44374	502	147	197	0	45220
18131	600	45067	180	188	0	46035
18132	518	576	106	44668	0	45868
18133	44788	404	131	580	0	45903
18134	45055	170	148	452	0	45825
18135	45639	134	136	205	0	46114
18136	961	138	107	44516	0	45722
18137	613	149	112	44166	0	45040
18138	250	46438	147	780	0	47615
18139	46790	528	116	509	0	47943
18140	47282	439	122	231	0	48074
18141	47546	175	140	165	0	48026
18142	47072	179	154	178	0	47583
18143	915	45618	194	183	0	46910
18144	521	562	148	46064	0	47295
18145	249	499	45731	557	0	47036
18146	43972	217	562	492	0	45243
18147	47135	184	383	243	0	47945
18148	954	238	47037	189	0	48418
18149	590	245	47401	153	0	48389
18150	265	229	842	46273	0	47609
18151	264	197	431	48259	0	49151
18152	229	204	162	49014	0	49609
18153	47933	198	124	995	0	49250
18154	693	214	94	48828	0	49829
18155	538	262	47715	715	0	49230
18156	248	182	592	48386	0	49408
18157	199	281	49447	706	0	50633
18158	251	154	647	48677	0	49729
18159	248	180	474	52233	0	53135
18160	226	223	52524	1085	0	54058
18161	47150	178	730	736	0	48794
18162	733	53113	629	270	0	54745
18163	53739	753	159	206	0	54857
18164	891	647	101	54957	0	56596
18165	54522	243	101	861	0	55727
18166	888	57905	156	731	0	59680
18167	718	60588	147	296	0	61749
18168	382	2013	122	62298	0	64815
18169	253	950	65186	1013	0	67402
18170	272	327	63759	804	0	65162
18171	203	64129	1711	275	0	66318
18172	58163	926	835	217	0	60141
18173	889	699	170	57964	0	59722
18174	57585	129	121	848	0	58683
18175	836	57313	180	728	0	59057
18176	706	58551	161	221	0	59639
18177	239	1503	81	57823	0	59646
18178	58094	766	77	882	0	59819
18179	58245	176	63	744	0	59228
18180	1464	229	57380	204	0	59277
18181	806	208	55940	147	0	57101
18182	54397	127	1339	159	0	56022
18183	838	56148	770	141	0	57897
18184	55875	790	199	128	0	56992
18185	987	713	109	54986	0	56795
18186	782	220	54050	814	0	55866
18187	51003	117	817	745	0	52682
18188	815	53384	771	173	0	55143
18189	681	54462	248	123	0	55514
18190	357	1408	185	52982	0	54932
18191	53883	728	146	888	0	55645
18192	889	195	125	54440	0	55649
18193	55585	140	118	916	0	56759
18194	929	272	54076	695	0	55972
18195	54011	185	727	256	0	55179
18196	55483	125	630	233	0	56471
18197	1542	200	53745	180	0	55667
18198	51756	120	791	210	0	52877
18199	981	52573	757	172	0	54483
18200	899	769	224	50781	0	52673
18201	358	53072	211	712	0	54353
18202	52982	881	150	645	0	54658
18203	965	714	167	51380	0	53226
18204	812	51681	198	847	0	53538
18205	356	862	144	51279	0	52641
18206	269	52106	175	936	0	53486
18207	274	942	107	52365	0	53688
18208	51844	779	119	957	0	53699
18209	930	255	114	52326	0	53625
18210	817	289	51395	981	0	53482
18211	49928	219	786	868	0	51801
18212	981	188	656	51470	0	53295
18213	841	225	50534	975	0	52575
18214	372	195	49696	845	0	51108
18215	319	218	51954	319	0	52810
18216	330	149	1539	49865	0	51883
18217	360	152	857	51991	0	53360
18218	317	181	308	52175	0	52981
18219	302	149	288	52569	0	53308
18220	51518	201	262	1597	0	53578
18221	52522	151	222	982	0	53877
18222	53176	185	185	443	0	53989
18223	53802	202	182	371	0	54557
18224	1684	188	159	52145	0	54176
18225	1034	273	53082	1028	0	55417
18226	52378	181	829	954	0	54342
18227	54834	218	735	397	0	56184
18228	1701	212	226	53995	0	56134
18229	1058	178	213	55172	0	56621
18230	55398	170	194	1622	0	57384
18231	1186	152	232	52811	0	54381
18232	988	53500	335	1051	0	55874
18233	54419	836	265	933	0	56453
18234	53774	781	230	477	0	55262
18235	1705	323	55116	381	0	57525
18236	1085	220	928	54845	0	57078
18237	518	183	823	56463	0	57987
18238	55768	177	293	1722	0	57960
18239	56281	191	230	1024	0	57726
18240	1854	172	182	55797	0	58005
18241	1126	231	55897	1133	0	58387
18242	570	212	56286	993	0	58061
18243	515	140	1576	56106	0	58337
18244	533	185	896	56907	0	58521
18245	55603	128	277	1730	0	57738
18246	1172	55104	323	1095	0	57694
18247	1021	55017	303	450	0	56791
18248	464	56596	296	345	0	57701
18249	500	1546	261	54743	0	57050
18250	54590	838	210	1077	0	56715
18251	54296	295	166	964	0	55721
18252	1666	54514	218	433	0	56831
18253	54956	917	137	382	0	56392
18254	1165	778	141	53910	0	55994
18255	963	330	54295	1059	0	56647
18256	568	209	827	53262	0	54866
18257	507	190	708	53434	0	54839
18258	504	169	218	53322	0	54213
18259	50176	123	180	1473	0	51952
18260	924	268	197	47968	0	49357
18261	797	48064	248	956	0	50065
18262	46297	653	360	851	0	48161
18263	804	46237	222	418	0	47681
18264	594	43985	201	324	0	45104
18265	268	44828	216	281	0	45593
18266	318	822	39857	264	0	41261
18267	174	38797	547	218	0	39736
18268	329	420	33786	140	0	34675
18269	29730	269	309	143	0	30451
18270	30664	51	157	112	0	30984
18271	305	60	31291	58	0	31714
18272	30091	47	168	124	0	30430
18273	32046	35	126	88	0	32295
18274	281	94	32089	86	0	32550
18275	167	33302	185	67	0	33721
18276	114	202	156	33152	0	33624
18277	33686	116	48	250	0	34100
18278	209	37	21	33198	0	33465
18279	34616	37	40	263	0	34956
18280	34335	46	38	156	0	34575
18281	282	88	34612	86	0	35068
18282	33734	37	163	110	0	34044
18283	206	35507	153	85	0	35951
18284	35846	171	37	93	0	36147
18285	225	149	30	35871	0	36275
18286	178	127	35973	216	0	36494
18287	90	47	163	35771	0	36071
18288	35520	43	141	229	0	35933
18289	190	35755	61	264	0	36270
18290	169	248	35763	104	0	36284
18291	120	143	164	34393	0	34820
18292	96	101	35982	239	0	36418
18293	81	35899	228	189	0	36397
18294	35522	186	150	113	0	35971
18295	231	142	45	35677	0	36095
18296	183	98	35899	242	0	36422
18297	104	119	34727	182	0	35132
18298	35534	68	285	111	0	35998
18299	257	62	143	36795	0	37257
18300	222	69	53	37017	0	37361
18301	73	116	37353	337	0	37879
18302	107	114	37188	204	0	37613
18303	109	38526	355	92	0	39082
18304	103	215	190	38543	0	39051
18305	131	179	68	37691	0	38069
18306	100	38742	100	335	0	39277
18307	114	257	38317	190	0	38878
18308	35943	175	248	120	0	36486
18309	278	58	172	39208	0	39716
18310	210	111	39804	261	0	40386
18311	134	71	231	37940	0	38376
18312	104	39949	225	256	0	40534
18313	113	313	39899	205	0	40530
18314	36948	215	256	158	0	37577
18315	310	126	41066	78	0	41580
18316	226	125	40670	63	0	41084
18317	103	124	40252	68	0	40547
18318	112	102	43099	86	0	43399
18319	118	80	460	42124	0	42782
18320	112	98	45508	336	0	46054
18321	118	96	357	43063	0	43634
18322	71	45362	317	365	0	46115
18323	47851	326	93	304	0	48574
18324	492	289	75	48428	0	49284
18325	379	117	48075	512	0	49083
18326	101	48116	505	432	0	49154
18327	131	440	373	48000	0	48944
18328	47809	363	118	505	0	48795
18329	422	48569	123	387	0	49501
18330	386	488	81	48456	0	49411
18331	49076	355	70	504	0	50005
18332	468	111	49224	372	0	50175
18333	48231	43	480	159	0	48913
18334	505	99	50157	63	0	50824
18335	46781	65	514	78	0	47438
18336	47107	32	382	109	0	47630
18337	759	90	47049	67	0	47965
18338	370	46271	445	63	0	47149
18339	106	500	389	45175	0	46170
18340	66	385	47055	421	0	47927
18341	80	122	414	45209	0	45825
18342	99	37	349	46639	0	47124
18343	49	92	46692	716	0	47549
18344	71	83	46687	376	0	47217
18345	85	36	707	46444	0	47272
18346	47451	32	391	485	0	48359
18347	414	47281	132	399	0	48226
18348	345	47746	88	136	0	48315
18349	47820	682	70	113	0	48685
18350	48958	364	57	156	0	49535
18351	743	66	78	48993	0	49880
18352	411	46	64	49373	0	49894
18353	106	46	67	49970	0	50189
18354	48387	51	59	820	0	49317
18355	426	47679	116	423	0	48644
18356	356	48782	118	150	0	49406
18357	108	733	80	48666	0	49587
18358	81	363	92	49751	0	50287
18359	98	68	85	50114	0	50365
18360	49100	42	88	847	0	50077
18361	437	50111	153	502	0	51203
18362	50886	435	96	161	0	51578
18363	521	444	50771	133	0	51869
18364	418	51539	544	118	0	52619
18365	127	513	432	50862	0	51934
18366	50719	429	114	586	0	51848
18367	555	142	51424	490	0	52611
18368	482	125	51870	125	0	52602
18369	147	78	939	50961	0	52125
18370	112	77	477	52417	0	53083
18371	120	69	111	52374	0	52674
18372	123	89	95	51108	0	51415
18373	153	97	75	50566	0	50891
18374	124	49718	146	979	0	50967
18375	144	514	102	49829	0	50589
18376	48790	434	112	657	0	49993
18377	520	49360	159	598	0	50637
18378	49300	511	98	239	0	50148
18379	611	523	48191	160	0	49485
18380	524	180	49094	150	0	49948
18381	188	108	945	50290	0	51531
18382	161	171	59259	709	0	60300
18383	188	97	858	58466	0	59609
18384	172	91	753	58785	0	59801
18385	59474	89	229	1539	0	61331
18386	58551	106	148	942	0	59747
18387	1525	60919	255	309	0	63008
18388	867	63029	227	211	0	64334
18389	281	1606	101	62180	0	64168
18390	62740	899	119	1078	0	64836
18391	953	304	63778	885	0	65920
18392	886	137	960	63442	0	65425
18393	319	113	837	64040	0	65309
18394	190	202	63467	1801	0	65660
18395	154	63285	1047	1185	0	65671
18396	211	970	839	63077	0	65097
18397	173	898	63882	1100	0	66053
18398	207	236	964	63438	0	64845
18399	60478	125	886	1204	0	62693
18400	936	61619	366	1018	0	63939
18401	822	62631	226	409	0	64088
18402	323	1684	173	61478	0	63658
18403	60389	951	174	1103	0	62617
18404	939	61204	279	1026	0	63448
18405	61828	969	184	446	0	63427
18406	1123	901	61673	349	0	64046
18407	961	336	63189	345	0	64831
18408	382	210	1784	59674	0	62050
18409	297	207	976	63782	0	65262
18410	62713	189	301	1903	0	65106
18411	1239	203	185	63069	0	64696
18412	1024	334	62339	1277	0	64974
18413	409	272	1023	61660	0	63364
18414	342	231	915	62935	0	64423
18415	225	245	60747	1999	0	63216
18416	57069	193	1069	1251	0	59582
18417	1116	229	954	60479	0	62778
18418	58086	126	319	1240	0	59771
18419	1000	55867	330	1038	0	58235
18420	55125	924	267	509	0	56825
18421	953	55264	249	409	0	56875
18422	795	55215	272	441	0	56723
18423	648	1550	447	50667	0	53312
18424	51085	839	360	937	0	53221
18425	51368	320	161	788	0	52637
18426	1345	262	174	50519	0	52300
18427	51001	247	169	947	0	52364
18428	50685	201	152	900	0	51938
18429	1489	206	177	50296	0	52168
18430	48861	236	211	929	0	50237
18431	973	49295	272	907	0	51447
18432	49435	793	267	472	0	50967
18433	966	763	48881	404	0	51014
18434	49713	225	802	493	0	51233
18435	1010	126	720	49889	0	51745
18436	875	131	339	50708	0	52053
18437	393	116	246	51044	0	51799
18438	346	225	258	50944	0	51773
18439	285	235	239	49933	0	50692
18440	311	47457	304	1613	0	49685
18441	285	49353	319	1009	0	50966
18442	48762	1250	218	494	0	50724
18443	924	899	48541	434	0	50798
18444	47606	387	776	413	0	49182
18445	1042	385	48646	414	0	50487
18446	949	318	848	47473	0	49588
18447	527	342	651	49127	0	50647
18448	47025	292	264	1520	0	49101
18449	1080	330	48122	969	0	50501
18450	1061	241	810	47890	0	50002
18451	596	264	49609	1036	0	51505
18452	477	50250	995	1006	0	52728
18453	580	845	731	51134	0	53290
18454	50993	715	289	1144	0	53141
18455	50308	329	215	1046	0	51898
18456	51185	241	214	568	0	52208
18457	1633	51241	338	516	0	53728
18458	998	52395	355	529	0	54277
18459	46590	1418	319	563	0	48890
18460	947	52071	309	604	0	53931
18461	798	51525	287	671	0	53281
18462	472	1414	50223	602	0	52711
18463	346	50213	881	551	0	51991
18464	364	50017	728	446	0	51555
18465	393	1454	296	49286	0	51429
18466	365	1016	49692	932	0	52005
18467	402	489	48794	812	0	50497
18468	46533	228	1354	498	0	48613
18469	1052	316	49375	357	0	51100
18470	49536	216	961	381	0	51094
18471	1126	181	808	48205	0	50320
18472	935	49904	412	1008	0	52259
18473	51381	812	236	924	0	53353
18474	52962	699	262	544	0	54467
18475	1562	279	307	52748	0	54896
18476	1117	237	241	53126	0	54721
18477	579	227	244	53591	0	54641
18478	52096	218	174	1619	0	54107
18479	50101	198	188	1084	0	51571
18480	51917	245	162	521	0	52845
18481	1526	48438	186	415	0	50565
18482	40356	446	68	171	0	41041
18483	535	40119	95	153	0	40902
18484	392	40135	102	165	0	40794
18485	361	1128	236	37207	0	38932
18486	148	38412	143	403	0	39106
18487	36637	388	91	278	0	37394
18488	440	300	72	36149	0	36961
18489	35478	102	57	370	0	36007
18490	380	34662	78	256	0	35376
18491	248	35492	78	100	0	35918
18492	35987	467	56	91	0	36601
18493	401	36997	93	80	0	37571
18494	332	361	68	37058	0	37819
18495	222	251	69	37378	0	37920
18496	37354	79	39	558	0	38030
18497	408	66	51	37817	0	38342
18498	295	126	38335	413	0	39169
18499	121	90	363	38616	0	39190
18500	39119	67	239	440	0	39865
18501	407	40009	111	296	0	40823
18502	41757	409	57	136	0	42359
18503	41231	315	63	116	0	41725
18504	42201	96	43	106	0	42446
18505	721	139	41130	76	0	42066
18506	396	124	40083	57	0	40660
18507	38589	81	628	114	0	39412
18508	421	40239	355	121	0	41136
18509	345	407	81	40485	0	41318
18510	112	321	48	39984	0	40465
18511	95	39308	100	637	0	40140
18512	82	40352	103	342	0	40879
18513	130	652	53	40408	0	41243
18514	105	329	50	40774	0	41258
18515	108	146	39951	679	0	40884
18516	105	143	38730	390	0	39368
18517	38803	70	655	135	0	39663
18518	40992	73	316	125	0	41506
18519	741	79	93	40715	0	41628
18520	404	137	40713	462	0	41716
18521	187	105	417	40522	0	41231
18522	40153	97	315	523	0	41088
18523	523	157	40357	374	0	41411
18524	405	113	430	40762	0	41710
18525	162	156	41401	489	0	42208
18526	144	40771	489	418	0	41822
18527	146	514	41146	155	0	41961
18528	202	442	468	40339	0	41451
18529	40922	130	369	501	0	41922
18530	509	103	102	41701	0	42415
18531	42059	86	88	537	0	42770
18532	42263	89	77	411	0	42840
18533	41684	110	90	162	0	42046
18534	791	135	40566	161	0	41653
18535	40918	77	428	157	0	41580
18536	563	75	327	41320	0	42285
18537	445	72	109	41604	0	42230
18538	176	121	41256	762	0	42315
18539	218	151	413	41510	0	42292
18540	41925	86	338	539	0	42888
18541	470	42497	159	433	0	43559
18542	43602	422	91	192	0	44307
18543	43819	324	80	204	0	44427
18544	44409	102	89	159	0	44759
18545	805	116	80	43555	0	44556
18546	455	129	43991	526	0	45101
18547	193	84	470	44415	0	45162
18548	206	81	353	44960	0	45600
18549	44525	82	129	841	0	45577
18550	43406	77	116	463	0	44062
18551	828	119	42571	163	0	43681
18552	487	150	440	42339	0	43416
18553	194	132	43237	552	0	44115
18554	43061	72	560	462	0	44155
18555	610	47471	483	220	0	48784
18556	47579	557	162	176	0	48474
18557	683	48669	170	136	0	49658
18558	48146	609	92	179	0	49026
18559	700	48549	132	127	0	49508
18560	589	633	133	47900	0	49255
18561	218	455	85	49412	0	50170
18562	49387	95	106	1048	0	50636
18563	49459	72	80	596	0	50207
18564	49820	47	89	209	0	50165
18565	48837	49	107	162	0	49155
18566	49252	68	76	151	0	49547
18567	1170	52	94	47429	0	48745
18568	601	47797	148	684	0	49230
18569	287	574	89	46645	0	47595
18570	204	47221	164	687	0	48276
18571	223	644	62	45687	0	46616
18572	173	46650	142	694	0	47659
18573	214	605	72	46270	0	47161
18574	179	483	44695	708	0	46065
18575	41994	105	598	559	0	43256
18576	659	44501	493	196	0	45849
18577	44848	561	107	178	0	45694
18578	733	503	44396	135	0	45767
18579	43536	116	597	159	0	44408
18580	754	143	46816	169	0	47882
18581	598	120	675	45814	0	47207
18582	229	48893	543	697	0	50362
18583	198	768	49518	550	0	51034
18584	247	569	730	49484	0	51030
18585	48323	133	573	856	0	49885
18586	882	83	155	50788	0	51908
18587	701	95	107	51025	0	51928
18588	270	74	81	51866	0	52291
18589	211	169	50252	1388	0	52020
18590	245	96	738	49397	0	50476
18591	211	49415	657	832	0	51115
18592	244	734	113	49321	0	50412
18593	241	567	96	49311	0	50215
18594	48176	139	84	1276	0	49675
18595	883	147	90	49617	0	50737
18596	671	128	49624	855	0	51278
18597	248	149	49435	678	0	50510
18598	216	137	49541	252	0	50146
18599	179	48726	1296	246	0	50447
18600	47682	813	851	218	0	49564
18601	796	47829	247	196	0	49068
18602	47008	764	200	182	0	48154
18603	872	562	111	46280	0	47825
18604	646	208	47180	799	0	48833
18605	254	191	46682	648	0	47775
18606	201	48082	1253	252	0	49788
18607	236	805	615	47508	0	49164
18608	209	613	174	48281	0	49277
18609	175	187	133	49195	0	49690
18610	160	195	48128	1426	0	49909
18611	43212	133	827	896	0	45068
18612	867	175	48500	326	0	49868
18613	726	128	824	47059	0	48737
18614	298	101	633	48818	0	49850
18615	207	158	47920	1451	0	49736
18616	44672	110	891	860	0	46533
18617	828	47947	757	321	0	49853
18618	48275	784	233	289	0	49581
18619	918	674	196	46382	0	48170
18620	696	47764	237	898	0	49595
18621	309	788	175	48495	0	49767
18622	48122	645	188	995	0	49950
18623	910	188	162	48359	0	49619
18624	733	248	47227	968	0	49176
18625	45946	141	845	841	0	47773
18626	47473	178	713	337	0	48701
18627	1411	189	46834	334	0	48768
18628	840	156	822	46625	0	48443
18629	47754	140	695	1035	0	49624
18630	942	129	250	47443	0	48764
18631	809	142	209	46836	0	47996
18632	320	113	230	47352	0	48015
18633	287	121	235	47267	0	47910
18634	201	215	45826	1581	0	47823
18635	263	131	868	46073	0	47335
18636	225	188	45942	1118	0	47473
18637	44453	154	927	912	0	46446
18638	45808	160	761	420	0	47149
18639	45824	146	266	385	0	46621
18640	45608	155	247	358	0	46368
18641	1507	148	239	43783	0	45677
18642	43285	115	259	1012	0	44671
18643	980	160	42736	835	0	44711
18644	816	151	42497	354	0	43818
18645	40277	143	1346	352	0	42118
18646	872	41068	795	352	0	43087
18647	672	41246	348	359	0	42625
18648	366	1177	273	40555	0	42371
18649	300	638	40680	892	0	42510
18650	37955	209	831	847	0	39842
18651	854	161	40894	436	0	42345
18652	622	38813	789	419	0	40643
18653	309	627	38531	347	0	39814
18654	222	36102	716	309	0	37349
18655	32411	614	853	292	0	34170
18656	564	32402	247	279	0	33492
18657	522	31134	207	243	0	32106
18658	323	749	158	30878	0	32108
18659	223	428	30719	588	0	31958
18660	232	133	508	29833	0	30706
18661	210	98	473	30350	0	31131
18662	203	135	29786	888	0	31012
18663	223	102	535	28529	0	29389
18664	222	29155	528	549	0	30454
18665	229	452	199	29996	0	30876
18666	29905	391	165	582	0	31043
18667	571	128	154	30314	0	31167
18668	486	150	30072	606	0	31314
18669	223	92	535	30438	0	31288
18670	209	147	30322	611	0	31289
18671	29535	112	542	523	0	30712
18672	571	131	472	30333	0	31507
18673	30549	109	223	577	0	31458
18674	556	161	30587	516	0	31820
18675	28485	124	526	239	0	29374
18676	543	30975	496	239	0	32253
18677	521	464	31277	221	0	32483
18678	224	576	558	30556	0	31914
18679	202	159	31900	558	0	32819
18680	164	29890	532	470	0	31056
18681	155	30542	489	228	0	31414
18682	27336	532	162	161	0	28191
18683	332	28768	134	158	0	29392
18684	28930	349	118	138	0	29535
18685	476	326	96	29083	0	29981
18686	366	126	28889	398	0	29779
18687	114	29450	374	359	0	30297
18688	182	428	369	29239	0	30218
18689	131	335	108	30688	0	31262
18690	136	101	94	31351	0	31682
18691	136	88	96	30348	0	30668
18692	115	29958	130	668	0	30871
18693	114	30743	123	418	0	31398
18694	29349	593	95	146	0	30183
18695	337	29538	131	133	0	30139
18696	316	344	82	28422	0	29164
18697	94	332	28384	342	0	29152
18698	60	28322	351	360	0	29093
18699	102	303	321	27769	0	28495
18700	102	420	78	27155	0	27755
18701	55	28052	92	524	0	28723
18702	27084	317	53	325	0	27779
18703	294	340	27428	93	0	28155
18704	25158	91	261	103	0	25613
18705	258	26716	287	100	0	27361
18706	25358	251	53	83	0	25745
18707	238	26480	57	76	0	26851
18708	305	288	41	27603	0	28237
18709	92	267	45	28000	0	28404
18710	27630	79	40	556	0	28305
18711	284	80	27	28100	0	28491
18712	301	101	27842	339	0	28583
18713	72	27271	285	327	0	27955
18714	47	27608	296	115	0	28066
18715	82	529	88	27318	0	28017
18716	46	379	27627	301	0	28353
18717	50	124	244	27404	0	27822
18718	52	73	284	27672	0	28081
18719	51	107	27255	551	0	27964
18720	57	99	26686	388	0	27230
18721	44	27284	518	118	0	27964
18722	27318	294	307	95	0	28014
18723	288	313	58	26447	0	27106
18724	281	26542	84	293	0	27200
18725	27203	288	45	351	0	27887
18726	275	314	55	27208	0	27852
18727	301	91	55	27047	0	27494
18728	73	26883	63	555	0	27574
18729	68	299	51	26783	0	27201
18730	26718	330	38	346	0	27432
18731	300	115	42	27168	0	27625
18732	315	87	41	27251	0	27694
18733	83	129	26767	570	0	27549
18734	79	145	25619	389	0	26232
18735	26321	84	507	176	0	27088
18736	296	94	301	26703	0	27394
18737	302	99	68	26848	0	27317
18738	105	95	67	27241	0	27508
18739	73	132	26587	606	0	27398
18740	26064	93	297	392	0	26846
18741	316	87	307	26585	0	27295
18742	337	95	92	26854	0	27378
18743	26201	95	79	607	0	26982
18744	284	26233	113	449	0	27079
18745	324	340	26237	181	0	27082
18746	137	323	290	25032	0	25782
18747	89	26038	329	391	0	26847
18748	113	305	92	26442	0	26952
18749	26014	331	89	409	0	26843
18750	338	142	72	26134	0	26686
18751	25816	105	71	437	0	26429
18752	25391	105	79	461	0	26036
18753	542	109	80	24726	0	25457
18754	354	24781	98	409	0	25642
18755	93	25359	115	467	0	26034
18756	117	553	25238	237	0	26145
18757	116	359	338	24239	0	25052
18758	120	117	337	25459	0	26033
18759	142	100	103	25877	0	26222
18760	25278	103	95	656	0	26132
18761	356	111	62	25622	0	26151
18762	353	121	25392	460	0	26326
18763	25184	78	311	489	0	26062
18764	356	103	319	26499	0	27277
18765	371	111	91	27010	0	27583
18766	154	108	26586	698	0	27546
18767	25411	86	290	524	0	26311
18768	348	114	316	26882	0	27660
18769	367	119	27347	465	0	28298
18770	150	97	324	27320	0	27891
18771	163	96	367	24680	0	25306
18772	120	27550	169	626	0	28465
18773	27230	288	87	464	0	28069
18774	26767	316	108	284	0	27475
18775	567	26760	162	234	0	27723
18776	26147	275	100	226	0	26748
18777	25460	275	91	219	0	26045
18778	544	95	68	25440	0	26147
18779	351	110	24501	388	0	25350
18780	143	94	23735	358	0	24330
18781	99	92	23770	181	0	24142
18782	96	102	24378	190	0	24766
18783	141	260	515	22610	0	23526
18784	87	58	291	23853	0	24289
18785	78	56	98	23646	0	23878
18786	114	46	59	24115	0	24334
18787	23723	35	56	535	0	24349
18788	267	24190	101	336	0	24894
18789	24361	182	76	155	0	24774
18790	272	212	24420	116	0	25020
18791	243	102	25553	113	0	26011
18792	133	146	401	26067	0	26747
18793	26362	33	349	340	0	27084
18794	24833	42	90	307	0	25272
18795	430	26120	74	141	0	26765
18796	238	26706	74	107	0	27125
18797	116	415	46	26629	0	27206
18798	26653	217	70	315	0	27255
18799	239	26957	94	265	0	27555
18800	27216	223	38	149	0	27626
18801	27320	200	42	117	0	27679
18802	27437	67	55	111	0	27670
18803	441	70	27668	86	0	28265
18804	244	27803	265	99	0	28411
18805	27406	214	190	110	0	27920
18806	27004	179	76	90	0	27349
18807	393	26316	70	79	0	26858
18808	167	25086	44	41	0	25338
18809	25079	273	58	51	0	25461
18810	223	130	31	25002	0	25386
18811	150	92	25068	184	0	25494
18812	24117	52	167	140	0	24476
18813	219	34	117	25000	0	25370
18814	160	26017	54	177	0	26408
18815	73	201	20	26392	0	26686
18816	55	182	26508	210	0	26955
18817	71	62	167	26321	0	26621
18818	27408	39	119	271	0	27837
18819	232	23	49	27754	0	28058
18820	176	35	23	27987	0	28221
18821	68	85	29157	331	0	29641
18822	82	38	184	28136	0	28440
18823	47	29311	171	221	0	29750
18824	29326	191	66	168	0	29751
18825	28453	151	25	82	0	28711
18826	330	101	29352	72	0	29855
18827	205	49	191	28357	0	28802
18828	75	28996	181	232	0	29484
18829	49	29624	91	162	0	29926
18830	29359	294	35	103	0	29791
18831	237	172	29	29862	0	30300
18832	174	95	29890	226	0	30385
18833	80	114	29707	174	0	30075
18834	74	38	328	29928	0	30368
18835	29777	29	172	255	0	30233
18836	29826	48	56	205	0	30135
18837	369	51	42	30862	0	31324
18838	212	81	31585	257	0	32135
18839	76	31692	235	208	0	32211
18840	31639	201	170	118	0	32128
18841	220	32147	110	80	0	32557
18842	32214	228	39	104	0	32585
18843	279	156	34	32194	0	32663
18844	197	120	32278	253	0	32848
18845	109	51	208	31913	0	32281
18846	31915	46	170	278	0	32409
18847	243	122	32380	209	0	32954
18848	191	32553	242	93	0	33079
18849	115	226	171	32653	0	33165
18850	32791	150	67	272	0	33280
18851	264	107	33048	191	0	33610
18852	200	46	243	33182	0	33671
18853	133	34	171	33802	0	34140
18854	90	108	33780	389	0	34367
18855	107	51	250	33428	0	33836
18856	75	116	33747	307	0	34245
18857	32235	65	268	257	0	32825
18858	306	52	185	35071	0	35614
18859	237	116	36966	287	0	37606
18860	98	37726	326	266	0	38416
18861	38633	296	241	134	0	39304
18862	41583	237	79	152	0	42051
18863	649	92	81	43988	0	44810
18864	352	46327	116	508	0	47303
18865	46764	546	71	397	0	47778
18866	621	401	54	46652	0	47728
18867	438	181	46751	574	0	47944
18868	44472	82	560	465	0	45579
18869	610	46104	446	123	0	47283
18870	470	556	101	46177	0	47304
18871	46303	389	54	606	0	47352
18872	608	152	46020	430	0	47210
18873	447	140	46649	117	0	47353
18874	144	85	906	45014	0	46149
18875	120	136	47496	616	0	48368
18876	143	66	628	45554	0	46391
18877	94	46788	494	647	0	48023
18878	136	581	111	48194	0	49022
18879	47323	390	83	700	0	48496
18880	623	137	47599	507	0	48866
18881	430	47622	683	217	0	48952
18882	153	569	420	47001	0	48143
18883	130	492	47932	630	0	49184
18884	150	232	562	45156	0	46100
18885	81	46869	484	579	0	48013
18886	94	47947	156	448	0	48645
18887	46031	855	100	187	0	47173
18888	482	47184	156	134	0	47956
18889	383	587	45177	99	0	46246
18890	40980	404	608	148	0	42140
18891	504	163	44893	73	0	45633
18892	386	72	507	41882	0	42847
18893	100	124	44551	483	0	45258
18894	63	44264	547	395	0	45269
18895	110	466	356	44243	0	45175
18896	82	323	84	44226	0	44715
18897	79	86	57	43956	0	44178
18898	86	134	43706	830	0	44756
18899	118	63	490	42989	0	43660
18900	104	57	358	43889	0	44408
18901	42808	61	104	818	0	43791
18902	42779	58	92	473	0	43402
18903	779	99	42960	145	0	43983
18904	394	42423	548	137	0	43502
18905	123	504	43198	118	0	43943
18906	105	359	497	42897	0	43858
18907	104	147	44095	514	0	44860
18908	124	65	536	43343	0	44068
18909	94	65	404	44197	0	44760
18910	76	114	43882	853	0	44925
18911	39519	64	542	529	0	40654
18912	481	44283	476	168	0	45408
18913	394	507	95	44138	0	45134
18914	114	442	44924	538	0	46018
18915	104	182	44349	431	0	45066
18916	42130	92	842	176	0	43240
18917	494	44502	478	153	0	45627
18918	385	511	111	44216	0	45223
18919	44876	342	118	598	0	45934
18920	555	85	119	45290	0	46049
18921	418	99	94	45193	0	45804
18922	118	171	45084	878	0	46251
18923	42786	81	547	505	0	43919
18924	45423	73	420	175	0	46091
18925	878	94	130	45343	0	46445
18926	45390	67	129	620	0	46206
18927	615	62	118	45207	0	46002
18928	415	44489	200	616	0	45720
18929	141	46016	166	488	0	46811
18930	176	925	117	46126	0	47344
18931	45440	414	112	666	0	46632
18932	573	114	85	46034	0	46806
18933	46507	89	92	695	0	47383
18934	46691	86	98	522	0	47397
18935	943	87	116	46573	0	47719
18936	540	69	99	47662	0	48370
18937	175	159	46239	983	0	47556
18938	158	155	47102	528	0	47943
18939	163	79	954	47023	0	48219
18940	104	167	49418	685	0	50374
18941	48334	83	702	586	0	49705
18942	681	63	563	51176	0	52483
18943	517	154	53359	758	0	54788
18944	52512	63	787	678	0	54040
18945	56364	67	605	283	0	57319
18946	1386	58074	252	210	0	59922
18947	802	826	144	58464	0	60236
18948	216	768	60242	899	0	62125
18949	59632	147	905	827	0	61511
18950	61809	80	766	269	0	62924
18951	1533	181	61485	219	0	63418
18952	61947	66	921	227	0	63161
18953	1074	61	736	61562	0	63433
18954	881	81	162	62391	0	63515
18955	61667	64	149	1608	0	63488
18956	61990	67	144	896	0	63097
18957	1638	318	181	60855	0	62992
18958	914	171	60869	948	0	62902
18959	267	58600	944	828	0	60639
18960	299	824	59228	292	0	60643
18961	331	681	58493	294	0	59799
18962	261	55585	1449	248	0	57543
18963	409	618	940	49377	0	51344
18964	211	491	227	50319	0	51248
18965	157	176	49924	1035	0	51292
18966	198	86	615	49594	0	50493
18967	49787	62	526	735	0	51110
18968	641	145	50469	586	0	51841
18969	50198	59	629	261	0	51147
18970	51305	45	577	209	0	52136
18971	51896	56	206	189	0	52347
18972	1227	139	50749	158	0	52273
18973	719	161	50740	181	0	51801
18974	320	92	1008	50038	0	51458
18975	312	106	638	47719	0	48775
18976	222	50775	286	1014	0	52297
18977	50352	540	191	649	0	51732
18978	50096	459	215	267	0	51037
18979	1122	50292	214	221	0	51849
18980	50281	563	185	256	0	51285
18981	729	49881	260	230	0	51100
18982	50199	617	183	230	0	51229
18983	798	501	173	48593	0	50065
18984	642	251	49049	699	0	50641
18985	287	196	48830	599	0	49912
18986	243	142	1054	47910	0	49349
18987	233	98	670	48670	0	49671
18988	263	156	48159	1036	0	49614
18989	266	115	720	47291	0	48392
18990	267	104	630	48126	0	49127
18991	47454	101	267	1178	0	49000
18992	47789	76	252	712	0	48829
18993	47269	98	222	338	0	47927
18994	1194	157	46065	296	0	47712
18995	714	46103	781	277	0	47875
18996	414	578	611	46061	0	47664
18997	371	546	47229	679	0	48825
18998	320	47358	781	584	0	49043
18999	47792	598	611	270	0	49271
19000	826	523	253	47738	0	49340
19001	730	174	242	48451	0	49597
19002	48035	138	236	1158	0	49567
19003	811	166	216	48118	0	49311
19004	734	147	220	48356	0	49457
19005	47803	129	237	1178	0	49347
19006	789	233	47344	759	0	49125
19007	709	46847	770	401	0	48727
19008	46682	600	630	333	0	48245
19009	794	600	47459	298	0	49151
19010	46327	201	693	358	0	47579
19011	811	48141	738	327	0	50017
19012	47878	609	327	317	0	49131
19013	47685	499	270	349	0	48803
19014	46998	185	250	309	0	47742
19015	1299	195	246	45568	0	47308
19016	817	274	277	45239	0	46607
19017	389	45019	332	1141	0	46881
19018	398	45392	290	735	0	46815
19019	346	45945	284	347	0	46922
19020	44958	970	212	326	0	46466
19021	784	614	44161	307	0	45866
19022	746	193	617	43836	0	45392
19023	361	181	573	43593	0	44708
19024	320	44091	319	1088	0	45818
19025	374	608	215	44345	0	45542
19026	294	567	242	43668	0	44771
19027	302	44354	266	1070	0	45992
19028	43492	624	229	717	0	45062
19029	700	44525	280	354	0	45859
19030	662	704	43338	348	0	45052
19031	42375	553	588	338	0	43854
19032	743	43952	611	325	0	45631
19033	42802	547	245	298	0	43892
19034	801	510	181	43014	0	44506
19035	762	197	155	43140	0	44254
19036	407	248	42449	942	0	44046
19037	355	257	42451	547	0	43610
19038	358	326	826	41470	0	42980
19039	41313	145	503	628	0	42589
19040	40062	138	218	466	0	40884
19041	896	41114	208	219	0	42437
19042	463	39841	160	197	0	40661
19043	205	38878	124	150	0	39357
19044	854	1144	506	36153	0	38657
19045	35995	310	502	496	0	37303
19046	36348	61	35	311	0	36755
19047	36280	49	47	134	0	36510
19048	639	102	35439	71	0	36251
19049	311	40880	434	81	0	41706
19050	138	508	291	44342	0	45279
19051	44913	375	70	622	0	45980
19052	666	72	42	45668	0	46448
19053	509	37	48	46981	0	47575
19054	46765	56	53	1100	0	47974
19055	49215	57	39	561	0	49872
19056	1172	126	49626	132	0	51056
19057	641	64	708	49515	0	50928
19058	131	132	49556	763	0	50582
19059	145	63	726	49380	0	50314
19060	102	131	49219	835	0	50287
19061	121	94	752	48639	0	49606
19062	47104	42	528	834	0	48508
19063	721	48038	158	596	0	49513
19064	538	49662	116	160	0	50476
19065	291	1287	81	42455	0	44114
19066	79	50168	112	613	0	50972
19067	49595	796	74	490	0	50955
19068	48836	556	71	136	0	49599
19069	1271	155	48229	102	0	49757
19070	620	48203	783	113	0	49719
19071	183	740	533	48012	0	49468
19072	113	602	48319	760	0	49794
19073	47395	108	763	583	0	48849
19074	836	119	571	48005	0	49531
19075	600	132	48123	800	0	49655
19076	169	69	772	48318	0	49328
19077	47954	58	575	833	0	49420
19078	787	129	47799	629	0	49344
19079	47753	49	772	176	0	48750
19080	48617	57	579	141	0	49394
19081	1348	80	110	47761	0	49299
19082	669	122	48088	789	0	49668
19083	170	129	47711	617	0	48627
19084	46608	56	1287	221	0	48172
19085	48080	44	628	169	0	48921
19086	1379	124	47570	137	0	49210
19087	744	64	805	46961	0	48574
19088	260	64	620	45644	0	46588
19089	171	47757	221	1284	0	49433
19090	191	763	134	47908	0	48996
19091	47630	566	130	930	0	49256
19092	937	98	119	48134	0	49288
19093	676	143	47430	940	0	49189
19094	45924	80	838	730	0	47572
19095	906	80	640	46824	0	48450
19096	718	152	46870	920	0	48660
19097	223	46184	891	746	0	48044
19098	44694	809	660	281	0	46444
19099	868	46524	237	301	0	47930
19100	46001	813	172	266	0	47252
19101	1007	666	45591	274	0	47538
19102	755	44608	923	284	0	46570
19103	277	45909	738	261	0	47185
19104	310	1316	253	44543	0	46422
19105	282	649	206	45459	0	46596
19106	239	231	44823	1455	0	46748
19107	293	128	874	45071	0	46366
19108	44325	130	721	1016	0	46192
19109	930	193	44009	766	0	45898
19110	764	177	900	43704	0	45545
19111	270	200	43816	974	0	45260
19112	41837	190	927	784	0	43738
19113	939	43403	776	362	0	45480
19114	43995	835	257	339	0	45426
19115	44489	646	218	333	0	45686
19116	45104	182	234	315	0	45835
19117	1569	219	43337	260	0	45385
19118	830	43369	1022	329	0	45550
19119	417	850	763	43212	0	45242
19120	367	646	291	45106	0	46410
19121	45663	177	294	1556	0	47690
19122	1153	147	282	46244	0	47826
19123	46770	135	267	1159	0	48331
19124	46665	127	392	885	0	48069
19125	47281	158	270	391	0	48100
19126	47335	159	288	308	0	48090
19127	1805	156	226	45515	0	47702
19128	46013	152	255	1080	0	47500
19129	1184	198	44704	878	0	46964
19130	44932	129	1018	373	0	46452
19131	45567	155	830	264	0	46816
19132	1751	229	44026	655	0	46661
19133	45027	146	1005	263	0	46441
19134	45819	144	789	296	0	47048
19135	1729	130	308	44564	0	46731
19136	1031	136	267	45104	0	46538
19137	43655	500	262	1641	0	46058
19138	1203	130	220	44120	0	45673
19139	991	122	257	42999	0	44369
19140	426	41850	347	1543	0	44166
19141	464	731	208	41014	0	42417
19142	39998	558	205	1013	0	41774
19143	1051	136	211	39880	0	41278
19144	828	102	195	38323	0	39448
19145	351	36870	273	1329	0	38823
19146	393	648	189	35864	0	37094
19147	437	509	173	35166	0	36285
19148	33591	138	189	1117	0	35035
19149	724	314	100	27145	0	28283
19150	415	72	23825	431	0	24743
19151	133	22521	352	370	0	23376
19152	119	22089	302	126	0	22636
19153	21024	482	141	126	0	21773
19154	331	21442	121	92	0	21986
19155	18960	199	209	85	0	19453
19156	257	18893	78	65	0	19293
19157	19125	214	62	72	0	19473
19158	251	179	17	19220	0	19667
19159	228	49	18	19301	0	19596
19160	73	19451	44	396	0	19964
19161	94	234	13	19861	0	20202
19162	81	207	20057	274	0	20619
19163	18953	47	209	251	0	19460
19164	240	21181	214	86	0	21721
19165	20844	244	28	81	0	21197
19166	20873	215	26	71	0	21185
19167	21279	30	16	63	0	21388
19168	499	26	18	20735	0	21278
19169	292	36	26	20453	0	20807
19170	77	20950	37	498	0	21562
19171	20912	272	16	261	0	21461
19172	305	21217	33	84	0	21639
19173	21207	272	24	81	0	21584
19174	334	268	21511	62	0	22175
19175	22322	43	276	74	0	22715
19176	393	38	243	22499	0	23173
19177	334	70	22635	352	0	23391
19178	111	59	22811	318	0	23299
19179	85	56	582	22691	0	23414
19180	100	55	23039	371	0	23565
19181	100	32	358	22773	0	23263
19182	21851	25	298	391	0	22565
19183	395	37	52	22453	0	22937
19184	343	51	22106	389	0	22889
19185	102	21829	356	359	0	22646
19186	102	22247	305	111	0	22765
19187	117	576	71	21685	0	22449
19188	21945	291	81	393	0	22710
19189	382	67	30	22320	0	22799
19190	340	50	31	22468	0	22889
19191	128	45	36	22827	0	23036
19192	107	57	35	22972	0	23171
19193	89	76	22491	642	0	23298
19194	92	75	22192	370	0	22729
19195	21930	42	565	140	0	22677
19196	22678	27	305	151	0	23161
19197	625	44	71	22534	0	23274
19198	354	58	44	22806	0	23262
19199	110	75	22426	651	0	23262
19200	101	22469	365	379	0	23314
19201	22443	328	297	130	0	23198
19202	22737	300	61	116	0	23214
19203	629	78	51	22541	0	23299
19204	357	106	22701	407	0	23571
19205	134	76	335	21819	0	22364
19206	88	22595	327	404	0	23414
19207	114	383	22642	345	0	23484
19208	22259	308	343	139	0	23049
19209	400	77	306	22803	0	23586
19210	23239	62	81	414	0	23796
19211	405	103	22503	370	0	23381
19212	22553	53	352	150	0	23108
19213	408	72	314	22609	0	23403
19214	22570	61	85	398	0	23114
19215	423	60	72	22000	0	22555
19216	374	21622	88	419	0	22503
19217	134	22102	93	354	0	22683
19218	154	643	89	21404	0	22290
19219	101	291	21273	358	0	22023
19220	88	20937	317	317	0	21659
19221	237	294	283	19718	0	20532
19222	19396	211	97	316	0	20020
19223	19417	54	50	281	0	19802
19224	462	38	68	19265	0	19833
19225	275	51	60	19138	0	19524
19226	95	18786	88	497	0	19466
19227	93	19360	74	279	0	19806
19228	19153	421	68	135	0	19777
19229	292	249	47	19009	0	19597
19230	267	61	52	19120	0	19500
19231	85	71	18900	492	0	19548
19232	94	53	257	18728	0	19132
19233	94	48	248	18577	0	18967
19234	80	45	66	18852	0	19043
19235	87	53	18681	530	0	19351
19236	90	52	278	18848	0	19268
19237	18551	32	255	366	0	19204
19238	284	48	18418	319	0	19069
19239	19118	33	298	180	0	19629
19240	308	40	261	19503	0	20112
19241	280	36	78	20038	0	20432
19242	121	30	72	20591	0	20814
19243	85	47	20046	549	0	20727
19244	18626	38	295	351	0	19310
19245	304	20452	288	160	0	21204
19246	20636	275	72	131	0	21114
19247	308	20885	86	130	0	21409
19248	300	302	67	20765	0	21434
19249	20845	234	46	375	0	21500
19250	324	92	20581	325	0	21322
19251	19957	44	302	144	0	20447
19252	334	67	21138	121	0	21660
19253	295	107	294	20641	0	21337
19254	112	64	20766	318	0	21260
19255	94	20460	339	293	0	21186
19256	198	288	269	19686	0	20441
19257	19294	255	114	387	0	20050
19258	285	57	57	18923	0	19322
19259	226	18802	84	299	0	19411
19260	101	252	59	18935	0	19347
19261	18591	207	39	297	0	19134
19262	18042	48	43	260	0	18393
19263	421	18038	88	115	0	18662
19264	179	16840	49	75	0	17143
19265	98	275	65	16575	0	17013
19266	78	161	45	16700	0	16984
19267	16457	53	41	314	0	16865
19268	16209	34	28	199	0	16470
19269	305	16510	40	64	0	16919
19270	186	216	20	15946	0	16368
19271	72	158	24	16148	0	16402
19272	59	52	16026	308	0	16445
19273	50	15824	166	197	0	16237
19274	38	15448	126	65	0	15677
19275	63	217	41	14770	0	15091
19276	27	114	14810	127	0	15078
19277	29	51	14836	105	0	15021
19278	38	34	195	14793	0	15060
19279	31	25	124	15095	0	15275
19280	29	40	15070	233	0	15372
19281	32	18	134	15352	0	15536
19282	30	31	15655	164	0	15880
19283	15930	17	152	139	0	16238
19284	163	18	105	16271	0	16557
19285	134	34	16649	186	0	17003
19286	49	40	16720	146	0	16955
19287	39	37	300	17730	0	18106
19288	36	34	18879	234	0	19183
19289	51	34	19441	184	0	19710
19290	24	18919	388	60	0	19391
19291	19347	213	206	56	0	19822
19292	249	186	20066	46	0	20547
19293	190	48	254	19622	0	20114
19294	54	30	202	20394	0	20680
19295	41	20	51	20793	0	20905
19296	42	40	20297	453	0	20832
19297	34	24	247	20031	0	20336
19298	20057	21	201	305	0	20584
19299	243	23	54	20145	0	20465
19300	205	41	20048	296	0	20590
19301	71	27	255	20007	0	20360
19302	20024	19	206	320	0	20569
19303	20402	17	64	242	0	20725
19304	20367	25	47	81	0	20520
19305	456	16	38	20184	0	20694
19306	20290	15	36	286	0	20627
19307	20247	13	44	243	0	20547
19308	20242	28	35	98	0	20403
19309	458	19685	53	76	0	20272
19310	19919	235	38	82	0	20274
19311	294	191	51	19818	0	20354
19312	236	68	19763	290	0	20357
19313	65	19768	283	225	0	20341
19314	19750	246	213	94	0	20303
19315	272	201	74	19770	0	20317
19316	236	48	51	19072	0	19407
19317	74	19443	69	424	0	20010
19318	45	20106	58	253	0	20462
19319	19113	401	41	105	0	19660
19320	263	19465	69	72	0	19869
19321	18891	261	43	54	0	19249
19322	276	18999	40	86	0	19401
19323	18585	251	41	80	0	18957
19324	269	18925	54	64	0	19312
19325	214	19301	50	61	0	19626
19326	19159	382	30	72	0	19643
19327	277	234	19011	54	0	19576
19328	210	19332	249	66	0	19857
19329	95	249	200	19259	0	19803
19330	66	186	70	19988	0	20310
19331	78	62	50	20041	0	20231
19332	79	43	30	20353	0	20505
19333	69	60	20131	487	0	20747
19334	19575	30	269	272	0	20146
19335	292	35	209	20579	0	21115
19336	20939	30	77	338	0	21384
19337	21432	36	71	264	0	21803
19338	21718	32	55	125	0	21930
19339	20951	33	56	97	0	21137
19340	531	53	20592	98	0	21274
19341	294	48	314	20230	0	20886
19342	115	53	20469	343	0	20980
19343	92	20188	363	278	0	20921
19344	134	359	281	18642	0	19416
19345	109	233	111	19753	0	20206
19346	73	62	60	19999	0	20194
19347	78	42	48	19917	0	20085
19348	63	49	19424	549	0	20085
19349	77	48	326	19485	0	19936
19350	92	49	243	19780	0	20164
19351	19751	40	95	515	0	20401
19352	20272	32	77	312	0	20693
19353	554	40	68	20505	0	21167
19354	335	47	63	20654	0	21099
19355	143	29	77	20919	0	21168
19356	20591	37	63	676	0	21367
19357	20969	36	66	370	0	21441
19358	20867	37	59	169	0	21132
19359	20924	38	67	136	0	21165
19360	627	20695	78	124	0	21524
19361	20961	313	51	125	0	21450
19362	21032	247	42	117	0	21438
19363	640	66	40	20444	0	21190
19364	371	34	41	20479	0	20925
19365	19948	40	41	616	0	20645
19366	415	19780	72	340	0	20607
19367	356	20317	48	132	0	20853
19368	20597	516	27	146	0	21286
19369	437	284	33	20722	0	21476
19370	365	88	26	21025	0	21504
19371	166	56	31	21370	0	21623
19372	140	54	39	21255	0	21488
19373	151	62	30	20890	0	21133
19374	111	20381	46	642	0	21180
19375	127	308	22	20032	0	20489
19376	19841	245	17	390	0	20493
19377	350	73	27	19692	0	20142
19378	273	59	26	19629	0	19987
19379	19105	52	31	545	0	19733
19380	337	19345	59	308	0	20049
19381	284	408	31	18741	0	19464
19382	114	19282	47	324	0	19767
19383	105	598	37	18202	0	18942
19384	90	215	18186	300	0	18791
19385	16285	126	246	232	0	16889
19386	256	17300	180	94	0	17830
19387	16051	183	37	73	0	16344
19388	213	143	15613	79	0	16048
19389	176	187	159	14140	0	14662
19390	62	14702	130	192	0	15086
19391	48	15110	44	157	0	15359
19392	14454	267	69	66	0	14856
19393	190	124	31	14514	0	14859
19394	150	44	15241	198	0	15633
19395	62	26	155	15546	0	15789
19396	55	40	15682	207	0	15984
19397	14657	15	158	177	0	15007
19398	183	34	15906	77	0	16200
19399	160	23	161	15381	0	15725
19400	65	16184	133	210	0	16592
19401	49	168	21	15875	0	16113
19402	50	16396	36	205	0	16687
19403	16700	172	16	178	0	17066
19404	215	137	18	17223	0	17593
19405	173	44	17431	237	0	17885
19406	56	55	17074	184	0	17369
19407	16962	23	277	112	0	17374
19408	18084	27	130	81	0	18322
19409	18142	30	18	88	0	18278
19410	17941	22	22	75	0	18060
19411	324	17853	30	94	0	18301
19412	18048	187	19	79	0	18333
19413	18053	140	21	86	0	18300
19414	342	55	17735	75	0	18207
19415	195	37	157	17543	0	17932
19416	17828	27	128	244	0	18227
19417	222	51	17657	189	0	18119
19418	177	43	163	17494	0	17877
19419	78	58	18226	232	0	18594
19420	87	47	167	17498	0	17799
19421	68	18368	148	206	0	18790
19422	18491	174	35	187	0	18887
19423	204	181	18233	89	0	18707
19424	17955	46	162	88	0	18251
19425	224	46	130	18199	0	18599
19426	18336	38	24	233	0	18631
19427	216	36	27	18298	0	18577
19428	19168	39	25	272	0	19504
19429	216	58	18863	194	0	19331
19430	19400	45	174	116	0	19735
19431	223	41	130	19826	0	20220
19432	182	44	24	19859	0	20109
19433	19468	26	28	304	0	19826
19434	199	29	28	19623	0	19879
19435	131	72	19370	189	0	19762
19436	55	75	124	19121	0	19375
19437	18341	19	101	175	0	18636
19438	137	18475	44	124	0	18780
19439	100	18471	45	64	0	18680
19440	18147	169	26	66	0	18408
19441	129	19133	46	39	0	19347
19442	186	117	26	18728	0	19057
19443	18945	82	49	139	0	19215
19444	18860	23	24	104	0	19011
19445	18855	22	14	54	0	18945
19446	173	52	18965	45	0	19235
19447	107	60	104	18621	0	18892
19448	41	19100	102	108	0	19351
19449	43	101	33	19230	0	19407
19450	49	99	19724	112	0	19984
19451	32	19178	128	87	0	19425
19452	64	175	47	18876	0	19162
19453	18418	44	30	93	0	18585
19454	62	18685	28	56	0	18831
19455	58	87	19101	23	0	19269
19456	26	49	78	19090	0	19243
19457	17	49	19430	82	0	19578
19458	26	22	81	18878	0	19007
19459	19691	14	69	114	0	19888
19460	99	8	16	19741	0	19864
19461	19958	10	13	104	0	20085
19462	20007	10	18	104	0	20139
19463	143	20487	25	44	0	20699
19464	20842	78	17	36	0	20973
19465	105	20954	33	22	0	21114
19466	100	124	21235	29	0	21488
19467	54	77	100	21155	0	21386
19468	40	14	86	22664	0	22804
19469	39	59	22176	203	0	22477
19470	22	22123	143	127	0	22415
19471	22272	114	108	51	0	22545
19472	22746	98	31	56	0	22931
19473	229	19	13	23116	0	23377
19474	138	16	15	23252	0	23421
19475	34	15	17	23655	0	23721
19476	23220	11	28	251	0	23510
19477	144	47	23095	135	0	23421
19478	124	57	23320	43	0	23544
19479	45	20	220	23466	0	23751
19480	30	46	23468	156	0	23700
19481	41	52	23512	126	0	23731
19482	46	14	227	22523	0	22810
19483	35	52	23919	151	0	24157
19484	21	23795	169	180	0	24165
19485	38	134	107	24205	0	24484
19486	38	144	24539	153	0	24874
19487	39	22	150	24190	0	24401
19488	24	23853	155	161	0	24193
19489	38	124	31	24248	0	24441
19490	45	168	24589	165	0	24967
19491	49	43	137	24090	0	24319
19492	24026	20	119	191	0	24356
19493	148	53	24475	139	0	24815
19494	22664	22	144	89	0	22919
19495	156	24170	130	39	0	24495
19496	24425	135	31	58	0	24649
19497	173	138	22	24547	0	24880
19498	120	24706	49	163	0	25038
19499	25459	140	30	158	0	25787
19500	184	135	22	25906	0	26247
19501	147	61	26174	207	0	26589
19502	33	26539	208	176	0	26956
19503	56	180	156	26458	0	26850
19504	26191	143	32	210	0	26576
19505	25767	20	17	192	0	25996
19506	328	25	30	25751	0	26134
19507	173	61	25572	202	0	26008
19508	23813	18	189	208	0	24228
19509	191	69	25651	46	0	25957
19510	175	19	204	25404	0	25802
19511	25765	18	166	221	0	26170
19512	180	25859	72	205	0	26316
19513	26096	170	35	68	0	26369
19514	207	191	25726	47	0	26171
19515	25748	29	197	58	0	26032
19516	222	21	176	26133	0	26552
19517	189	22	36	26585	0	26832
19518	47	62	26472	350	0	26931
19519	56	25	189	25865	0	26135
19520	26190	18	168	255	0	26631
19521	201	21	48	26406	0	26676
19522	180	26884	68	226	0	27358
19523	59	182	57	26563	0	26861
19524	37	27135	68	233	0	27473
19525	58	236	26685	194	0	27173
19526	25392	170	212	87	0	25861
19527	226	39	175	27132	0	27572
19528	196	65	26229	240	0	26730
19529	46	26185	227	209	0	26667
19530	66	213	181	25696	0	26156
19531	70	194	40	25986	0	26290
19532	25869	36	44	399	0	26348
19533	236	40	48	26375	0	26699
19534	26560	38	41	272	0	26911
19535	26402	30	50	242	0	26724
19536	412	26559	79	82	0	27132
19537	27085	238	47	88	0	27458
19538	293	203	46	28628	0	29170
19539	238	72	28841	334	0	29485
19540	28557	40	306	277	0	29180
19541	345	35	239	28250	0	28869
19542	262	64	28336	332	0	28994
19543	27109	32	306	294	0	27741
19544	354	48	234	28168	0	28804
19545	266	29021	111	337	0	29735
19546	128	294	56	28120	0	28598
19547	70	29020	109	346	0	29545
19548	28550	310	66	285	0	29211
19549	353	262	29357	124	0	30096
19550	257	29106	338	115	0	29816
19551	127	299	250	29107	0	29783
19552	86	265	29435	345	0	30131
19553	86	107	29036	298	0	29527
19554	85	29692	555	112	0	30444
19555	194	397	278	28974	0	29843
19556	86	254	97	29706	0	30143
19557	97	60	56	34689	0	34902
19558	35076	48	46	832	0	36002
19559	579	91	36599	440	0	37709
19560	403	36740	664	167	0	37974
19561	133	583	431	36168	0	37315
19562	123	420	97	37429	0	38069
19563	87	112	37022	1021	0	38242
19564	95	98	635	37027	0	37855
19565	87	78	36985	724	0	37874
19566	97	93	35820	472	0	36482
19567	127	87	36141	137	0	36492
19568	137	60	973	34255	0	35425
19569	106	55	461	35456	0	36078
19570	84	44	125	36377	0	36630
19571	35574	57	92	1018	0	36741
19572	620	35274	128	530	0	36552
19573	36208	588	80	188	0	37064
19574	35914	399	82	157	0	36552
19575	36803	79	76	145	0	37103
19576	986	36865	120	140	0	38111
19577	37293	622	88	138	0	38141
19578	37620	430	78	163	0	38291
19579	1048	101	79	37040	0	38268
19580	544	78	94	37684	0	38400
19581	183	70	86	38423	0	38762
19582	129	126	37513	1097	0	38865
19583	36068	72	669	572	0	37381
19584	670	85	481	37267	0	38503
19585	36891	58	162	759	0	37870
19586	691	36821	159	576	0	38247
19587	491	624	119	36979	0	38213
19588	160	429	120	37745	0	38454
19589	37110	108	111	1122	0	38451
19590	716	86	102	37377	0	38281
19591	36428	90	108	787	0	37413
19592	36881	84	66	597	0	37628
19593	1100	36378	128	229	0	37835
19594	541	37135	120	178	0	37974
19595	255	1199	107	34430	0	35991
19596	143	36718	143	671	0	37675
19597	190	738	91	36363	0	37382
19598	134	479	35827	763	0	37203
19599	151	135	34968	564	0	35818
19600	33015	101	1019	239	0	34374
19601	34012	80	514	203	0	34809
19602	981	33595	185	197	0	34958
19603	33622	590	122	223	0	34557
19604	657	34514	163	233	0	35567
19605	498	628	132	34563	0	35821
19606	198	426	138	35015	0	35777
19607	183	106	125	35293	0	35707
19608	156	82	128	35527	0	35893
19609	34396	77	159	1096	0	35728
19610	661	34431	164	676	0	35932
19611	34664	603	122	274	0	35663
19612	34885	412	106	286	0	35689
19613	1065	159	34146	229	0	35599
19614	33620	128	590	246	0	34584
19615	758	33956	438	208	0	35360
19616	591	638	125	33821	0	35175
19617	286	458	117	32901	0	33762
19618	216	33733	139	971	0	35059
19619	33942	639	124	583	0	35288
19620	772	484	33512	230	0	34998
19621	32863	147	641	286	0	33937
19622	783	139	33457	334	0	34713
19623	591	111	688	32887	0	34277
19624	290	137	507	33763	0	34697
19625	258	136	187	34340	0	34921
19626	33839	129	150	1230	0	35348
19627	759	159	34270	710	0	35898
19628	34131	142	668	395	0	35336
19629	34906	146	485	358	0	35895
19630	34882	120	234	354	0	35590
19631	34781	110	210	318	0	35419
19632	1137	131	185	33878	0	35331
19633	630	147	33516	796	0	35089
19634	355	169	594	33392	0	34510
19635	314	144	33463	763	0	34684
19636	297	190	32741	568	0	33796
19637	258	32676	895	278	0	34107
19638	389	581	395	30055	0	31420
19639	277	438	106	31038	0	31859
19640	312	182	97	29042	0	29633
19641	303	134	103	31237	0	31777
19642	30641	118	103	908	0	31770
19643	30854	102	85	517	0	31558
19644	981	96	79	30205	0	31361
19645	566	128	29594	722	0	31010
19646	256	117	491	30035	0	30899
19647	251	95	356	30427	0	31129
19648	246	111	29955	999	0	31311
19649	277	88	503	29469	0	30337
19650	29366	103	337	718	0	30524
19651	29531	116	106	545	0	30298
19652	29658	112	74	274	0	30118
19653	947	133	55	28856	0	29991
19654	28539	88	58	640	0	29325
19655	27942	78	120	458	0	28598
19656	872	128	27368	207	0	28575
19657	275	60	21852	82	0	22269
19658	121	59	21885	70	0	22135
19659	19225	43	247	47	0	19562
19660	131	20007	136	56	0	20330
19661	19966	100	65	52	0	20183
19662	124	21235	35	52	0	21446
19663	133	121	34	21059	0	21347
19664	50	87	19	21358	0	21514
19665	34	21	19	21504	0	21578
19666	39	42	21227	219	0	21527
19667	19633	20	108	124	0	19885
19668	156	28	89	21085	0	21358
19669	100	51	20905	118	0	21174
19670	32	47	20172	108	0	20359
19671	19489	21	183	59	0	19752
19672	118	20928	102	58	0	21206
19673	20556	94	54	51	0	20755
19674	20322	74	23	49	0	20468
19675	152	20374	32	36	0	20594
19676	19924	82	20	39	0	20065
19677	112	105	20685	37	0	20939
19678	87	33	20290	33	0	20443
19679	43	47	21186	52	0	21328
19680	43	101	173	20699	0	21016
19681	28	38	21262	99	0	21427
19682	20206	15	88	95	0	20404
19683	20878	5	71	44	0	20998
19684	151	42	21199	23	0	21415
19685	88	12	75	20898	0	21073
19686	21012	8	76	93	0	21189
19687	83	22234	44	88	0	22449
19688	72	22664	36	33	0	22805
19689	22670	122	19	55	0	22866
19690	81	98	23002	25	0	23206
19691	66	152	70	22052	0	22340
19692	27	5	70	22431	0	22533
19693	14	5	9	22671	0	22699
19694	8	22845	40	112	0	23005
19695	33	81	12	22519	0	22645
19696	23954	41	2	101	0	24098
19697	88	10	10	24449	0	24557
19698	66	24858	34	115	0	25073
19699	25356	98	4	107	0	25565
19700	103	72	6	25452	0	25633
19701	88	20	7	26509	0	26624
19702	27118	5	6	215	0	27344
19703	27240	11	11	120	0	27382
19704	224	6	7	27166	0	27403
19705	27836	1	10	169	0	28016
19706	27880	10	4	154	0	28048
19707	267	28604	48	28	0	28947
19708	28747	168	6	45	0	28966
19709	190	28751	45	18	0	29004
19710	170	185	6	28652	0	29013
19711	48	202	29583	180	0	30013
19712	47	34	178	29526	0	29785
19713	34	17	146	29958	0	30155
19714	41	10	30	30923	0	31004
19715	30574	15	13	367	0	30969
19716	192	30705	56	226	0	31179
19717	31574	199	11	83	0	31867
19718	227	32939	56	59	0	33281
19719	33775	227	14	86	0	34102
19720	33964	184	13	51	0	34212
19721	34180	40	18	72	0	34310
19722	34055	23	10	52	0	34140
19723	454	75	34135	45	0	34709
19724	258	22	239	33940	0	34459
19725	77	24	197	35257	0	35555
19726	57	62	34708	478	0	35305
19727	33205	17	279	271	0	33772
19728	310	16	223	34441	0	34990
19729	265	65	34184	310	0	34824
19730	72	60	34000	251	0	34383
19731	92	16	501	34732	0	35341
19732	70	75	36103	324	0	36572
19733	58	27	317	35608	0	36010
19734	66	27	250	35899	0	36242
19735	51	73	35371	531	0	36026
19736	33152	25	304	321	0	33802
19737	321	22	244	35384	0	35971
19738	282	79	35775	361	0	36497
19739	91	18	306	36053	0	36468
19740	35957	15	252	388	0	36612
19741	340	65	35972	296	0	36673
19742	34828	28	305	138	0	35299
19743	36799	15	254	89	0	37157
19744	551	27	49	36756	0	37383
19745	315	29	31	36690	0	37065
19746	102	90	36655	550	0	37397
19747	93	23	301	36675	0	37092
19748	101	34	264	35246	0	35645
19749	86	23	61	37013	0	37183
19750	83	65	36158	590	0	36896
19751	34812	22	313	356	0	35503
19752	36295	18	265	144	0	36722
19753	37073	33	52	137	0	37295
19754	37845	25	55	136	0	38061
19755	607	30	55	37696	0	38388
19756	37724	27	47	385	0	38183
19757	37748	27	58	370	0	38203
19758	33616	96	148	183	0	34043
19759	37924	23	50	121	0	38118
19760	557	37948	109	122	0	38736
19761	38324	266	54	131	0	38775
19762	37573	236	50	117	0	37976
19763	579	37494	118	102	0	38293
19764	37779	313	58	111	0	38261
19765	424	268	44	37694	0	38430
19766	366	44	59	37935	0	38404
19767	37528	25	75	647	0	38275
19768	375	37191	103	382	0	38051
19769	327	37243	108	122	0	37800
19770	147	556	66	37810	0	38579
19771	115	335	38162	377	0	38989
19772	115	63	340	37548	0	38066
19773	119	24	281	38486	0	38910
19774	37904	27	82	641	0	38654
19775	38141	25	61	383	0	38610
19776	632	22	59	38133	0	38846
19777	368	95	37728	396	0	38587
19778	144	31	376	38246	0	38797
19779	38362	23	315	456	0	39156
19780	444	77	39936	359	0	40816
19781	374	40220	479	159	0	41232
19782	41160	378	363	125	0	42026
19783	493	329	89	41183	0	42094
19784	454	55	54	41351	0	41914
19785	162	27	62	42329	0	42580
19786	102	84	41338	825	0	42349
19787	35595	25	455	546	0	36621
19788	513	97	39882	140	0	40632
19789	442	39643	519	99	0	40703
19790	176	402	366	39969	0	40913
19791	155	353	87	40471	0	41066
19792	160	70	63	43026	0	43319
19793	113	63	42294	994	0	43464
19794	110	89	41803	551	0	42553
19795	127	91	43186	186	0	43590
19796	119	43195	1034	132	0	44480
19797	204	589	566	42914	0	44273
19798	44538	430	113	627	0	45708
19799	46608	58	87	536	0	47289
19800	1157	96	49356	192	0	50801
19801	620	49816	789	227	0	51452
19802	182	747	50421	154	0	51504
19803	120	51763	837	135	0	52855
19804	50277	862	741	179	0	52059
19805	49864	573	166	162	0	50765
19806	1215	49797	168	136	0	51316
19807	50113	687	91	134	0	51025
19808	847	537	88	49536	0	51008
19809	645	135	79	50088	0	50947
19810	49973	80	78	1207	0	51338
19811	48936	78	69	639	0	49722
19812	48712	82	65	224	0	49083
19813	1268	48287	147	196	0	49898
19814	627	49336	155	180	0	50298
19815	49016	1115	89	156	0	50376
19816	801	616	48831	131	0	50379
19817	643	367	683	47548	0	49241
19818	46363	114	553	730	0	47760
19819	766	45723	181	586	0	47256
19820	591	47045	151	191	0	47978
19821	46863	1100	123	145	0	48231
19822	796	630	46097	114	0	47637
19823	44771	235	716	114	0	45836
19824	798	174	45503	105	0	46580
19825	598	181	45337	89	0	46205
19826	272	151	1096	44626	0	46145
19827	200	177	46628	628	0	47633
19828	45436	109	732	545	0	46822
19829	46934	97	565	213	0	47809
19830	47663	112	166	156	0	48097
19831	47275	99	104	150	0	47628
19832	1258	96	116	45361	0	46831
19833	45792	84	107	673	0	46656
19834	810	45552	193	524	0	47079
19835	690	687	132	42466	0	43975
19836	304	46324	182	584	0	47394
19837	47247	708	126	508	0	48589
19838	47166	525	121	214	0	48026
19839	1251	197	100	46723	0	48271
19840	47420	149	122	724	0	48415
19841	47601	154	120	556	0	48431
19842	1257	159	120	47059	0	48595
19843	775	143	147	47266	0	48331
19844	400	154	136	48005	0	48695
19845	338	211	46730	1117	0	48396
19846	302	204	45405	638	0	46549
19847	323	195	46873	243	0	47634
19848	322	154	1183	46152	0	47811
19849	332	206	47741	748	0	49027
19850	376	104	789	47317	0	48586
19851	352	171	50318	842	0	51683
19852	316	211	49365	626	0	50518
19853	46863	145	1157	314	0	48479
19854	834	48755	716	224	0	50529
19855	49499	689	274	242	0	50704
19856	942	557	221	48919	0	50639
19857	728	208	222	49413	0	50571
19858	377	231	49329	1169	0	51106
19859	318	49470	821	726	0	51335
19860	331	734	605	49585	0	51255
19861	360	619	50259	784	0	52022
19862	329	49832	808	616	0	51585
19863	380	719	612	49629	0	51340
19864	49759	497	281	777	0	51314
19865	49893	201	241	594	0	50929
19866	1209	185	222	49716	0	51332
19867	49994	155	229	782	0	51160
19868	857	49964	290	653	0	51764
19869	749	711	222	50317	0	51999
19870	435	595	51061	766	0	52857
19871	432	213	769	50978	0	52392
19872	401	231	51340	897	0	52869
19873	49395	157	827	680	0	51059
19874	943	185	557	50726	0	52411
19875	779	51779	280	827	0	53665
19876	464	841	188	52854	0	54347
19877	371	575	52151	898	0	53995
19878	373	262	51390	702	0	52727
19879	350	236	50926	320	0	51832
19880	46934	312	1233	260	0	48739
19881	728	49028	662	280	0	50698
19882	567	633	292	48049	0	49541
19883	48478	448	217	735	0	49878
19884	705	48607	321	585	0	50218
19885	50119	606	236	332	0	51293
19886	50371	448	224	277	0	51320
19887	51419	168	242	263	0	52092
19888	51817	153	212	229	0	52411
19889	1126	188	50496	219	0	52029
19890	48206	70	711	252	0	49239
19891	769	148	49830	210	0	50957
19892	42620	99	636	215	0	43570
19893	724	128	473	47478	0	48803
19894	500	140	46847	497	0	47984
19895	265	46134	513	442	0	47354
19896	428	2259	464	42043	0	45194
19897	218	44491	181	371	0	45261
19898	194	44242	190	322	0	44948
19899	39139	419	262	241	0	40061
19900	273	209	38576	110	0	39168
19901	121	37365	190	63	0	37739
19902	36214	152	243	83	0	36692
19903	162	36937	67	60	0	37226
19904	36842	130	30	61	0	37063
19905	173	94	27	36746	0	37040
19906	37008	18	26	156	0	37208
19907	143	24	28	36580	0	36775
19908	36753	23	34	159	0	36969
19909	153	20	23	36585	0	36781
19910	96	37604	59	143	0	37902
19911	59	126	24	38204	0	38413
19912	38045	81	37	166	0	38329
19913	127	37939	68	129	0	38263
19914	99	129	36	37719	0	37983
19915	38069	84	34	174	0	38361
19916	139	37	29	38386	0	38591
19917	108	29	32	38603	0	38772
19918	58	85	38897	231	0	39271
19919	58	89	38248	130	0	38525
19920	62	32	203	37921	0	38218
19921	52	86	39747	175	0	40060
19922	50	35	140	39467	0	39692
19923	87	34	95	37699	0	37915
19924	58	31	43	40026	0	40158
19925	58	96	39736	225	0	40115
19926	50	34	142	38234	0	38460
19927	67	29	96	38753	0	38945
19928	45	39179	65	222	0	39511
19929	50	134	32	39501	0	39717
19930	39380	93	28	183	0	39684
19931	167	41	31	40123	0	40362
19932	133	94	44392	188	0	44807
19933	40211	42	284	238	0	40775
19934	305	46703	262	128	0	47398
19935	279	328	64	47127	0	47798
19936	107	329	46788	340	0	47564
19937	42411	79	333	329	0	43152
19938	331	46232	335	121	0	47019
19939	46490	329	87	103	0	47009
19940	414	266	42	46169	0	46891
19941	45668	86	53	369	0	46176
19942	415	103	45860	312	0	46690
19943	312	45352	380	132	0	46176
19944	121	48189	315	86	0	48711
19945	48639	557	124	120	0	49440
19946	48689	307	42	118	0	49156
19947	588	177	48429	72	0	49266
19948	46872	58	328	90	0	47348
19949	48282	26	274	88	0	48670
19950	47975	52	85	100	0	48212
19951	614	46053	77	62	0	46806
19952	344	46522	69	92	0	47027
19953	46443	541	30	89	0	47103
19954	46360	308	50	105	0	46823
19955	567	47091	90	89	0	47837
19956	338	359	43	47149	0	47889
19957	141	320	47461	372	0	48294
19958	45337	104	358	378	0	46177
19959	43664	113	381	237	0	44395
19960	48330	53	114	137	0	48634
19961	587	47870	104	95	0	48656
19962	363	410	48050	99	0	48922
19963	47946	283	367	108	0	48704
19964	420	111	279	49327	0	50137
19965	351	76	93	49716	0	50236
19966	175	57	67	50309	0	50608
19967	132	132	49951	681	0	50896
19968	130	68	365	48993	0	49556
19969	123	180	49767	504	0	50574
19970	83	48143	435	364	0	49025
19971	46971	326	282	165	0	47744
19972	339	47647	135	109	0	48230
19973	286	47849	108	82	0	48325
19974	47301	527	96	105	0	48029
19975	340	48926	114	68	0	49448
19976	324	391	34	47569	0	48318
19977	133	48476	88	289	0	48986
19978	47974	383	43	283	0	48683
19979	369	48829	85	98	0	49381
19980	328	424	37	49362	0	50151
19981	160	396	49329	392	0	50277
19982	132	134	351	49525	0	50142
19983	88	49999	354	536	0	50977
19984	119	388	118	50774	0	51399
19985	121	392	74	50199	0	50786
19986	126	181	54	50091	0	50452
19987	127	64	65	51037	0	51293
19988	106	69	71	51455	0	51701
19989	124	74	55	51915	0	52168
19990	105	156	51487	844	0	52592
19991	48655	72	480	581	0	49788
19992	509	76	404	54497	0	55486
19993	444	156	54727	636	0	55963
19994	210	182	55197	498	0	56087
19995	186	100	922	55186	0	56394
19996	56108	106	549	652	0	57415
19997	629	193	55644	490	0	56956
19998	54269	94	609	273	0	55245
19999	728	184	57403	157	0	58472
20000	605	134	689	56739	0	58167
20001	309	125	496	58586	0	59516
20002	217	221	58249	1011	0	59698
20003	54400	121	655	653	0	55829
20004	704	134	503	57414	0	58755
20005	594	199	57585	677	0	59055
20006	299	210	58028	581	0	59118
20007	355	129	1042	52145	0	53671
20008	197	58017	685	560	0	59459
20009	58767	588	241	538	0	60134
20010	58646	501	167	278	0	59592
20011	1103	307	58731	191	0	60332
20012	729	130	646	57466	0	58971
20013	58623	126	556	749	0	60054
20014	739	196	58911	666	0	60512
20015	56793	90	688	371	0	57942
20016	802	58324	661	276	0	60063
20017	643	604	255	59134	0	60636
20018	328	483	214	59649	0	60674
20019	60685	178	192	1208	0	62263
20020	779	122	184	61348	0	62433
20021	637	124	159	60558	0	61478
20022	301	104	160	61372	0	61937
20023	59745	90	189	1428	0	61452
20024	801	197	60140	834	0	61972
20025	59456	117	774	459	0	60806
20026	60351	99	626	409	0	61485
20027	61555	85	308	308	0	62256
20028	1379	147	226	60249	0	62001
20029	847	220	61560	892	0	63519
20030	382	60526	904	738	0	62550
20031	254	61239	703	417	0	62613
20032	194	59017	283	343	0	59837
20033	348	1091	59430	295	0	61164
20034	304	867	768	65261	0	67200
20035	67352	132	683	1140	0	69307
20036	71436	90	210	891	0	72627
20037	1793	98	141	74308	0	76340
20038	980	165	74452	1241	0	76838
20039	381	173	74572	1015	0	76141
20040	272	78	1837	74747	0	76934
20041	240	171	76057	1356	0	77824
20042	273	65	1344	76376	0	78058
20043	261	99	960	73531	0	74851
20044	231	74936	482	2018	0	77667
20045	273	1105	281	75877	0	77536
20046	302	796	240	77641	0	78979
20047	76250	235	291	2212	0	78988
20048	1359	109	264	77078	0	78810
20049	1071	111	214	77061	0	78457
20050	75230	103	254	2277	0	77864
20051	1348	75229	390	1383	0	78350
20052	76463	1147	297	617	0	78524
20053	1525	961	75264	456	0	78206
20054	74976	256	1331	490	0	77053
20055	74837	145	1042	502	0	76526
20056	2249	193	73945	424	0	76811
20057	1300	217	73767	434	0	75718
20058	655	264	2146	71035	0	74100
20059	71201	126	1299	1462	0	74088
20060	1475	196	70766	1162	0	73599
20061	1239	119	1513	70268	0	73139
20062	531	219	70644	1518	0	72912
20063	473	136	1625	69367	0	71601
20064	479	123	1158	69933	0	71693
20065	69346	159	563	2394	0	72462
20066	69518	147	432	1519	0	71616
20067	70677	154	369	839	0	72039
20068	2412	235	69562	747	0	72956
20069	1392	215	69873	666	0	72146
20070	712	144	2254	68737	0	71847
20071	645	190	1332	69784	0	71951
20072	640	208	639	71007	0	72494
20073	68184	189	510	2564	0	71447
20074	1524	68352	586	1665	0	72127
20075	67632	1233	503	876	0	70244
20076	65561	964	451	807	0	67783
20077	2280	65220	568	826	0	68894
20078	1445	66329	557	755	0	69086
20079	65124	1871	471	845	0	68311
20080	1652	1033	447	62625	0	65757
20081	1526	63360	528	1820	0	67234
20082	1132	1226	423	64067	0	66848
20083	934	997	62786	1964	0	66681
20084	856	373	1607	63141	0	65977
20085	61981	266	1494	2043	0	65784
20086	1674	345	61450	1720	0	65189
20087	1370	348	61243	1112	0	64073
20088	865	1355	2446	53277	0	57943
20089	727	57353	1550	1915	0	61545
20090	694	57869	869	1651	0	61083
20091	640	59309	713	1305	0	61967
20092	56513	1818	708	1341	0	60380
20093	56610	961	545	1194	0	59310
20094	54865	384	533	1211	0	56993
20095	2268	54218	593	1311	0	58390
20096	55407	1062	538	1094	0	58101
20097	54802	962	537	956	0	57257
20098	2419	640	53549	904	0	57512
20099	1702	51844	1609	726	0	55881
20100	1291	1180	1350	51548	0	55369
20101	51798	864	788	1562	0	55012
20102	1822	502	51286	1399	0	55009
20103	1499	265	1647	49019	0	52430
20104	950	50453	1472	1850	0	54725
20105	1027	1077	848	50530	0	53482
20106	972	857	773	50875	0	53477
20107	51105	380	756	2427	0	54668
20108	51278	392	765	1681	0	54116
20109	2285	452	706	50564	0	54007
20110	1556	466	49567	1835	0	53424
20111	1115	475	49751	1485	0	52826
20112	49340	403	1879	1045	0	52667
20113	2141	428	50328	838	0	53735
20114	1808	452	1591	43013	0	46864
20115	1109	47692	1503	1341	0	51645
20116	47474	1041	955	1307	0	50777
20117	1606	47519	924	1035	0	51084
20118	48112	1185	744	1131	0	51172
20119	1787	891	616	47155	0	50449
20120	1500	623	587	47220	0	49930
20121	47357	649	464	2069	0	50539
20122	48250	534	455	1312	0	50551
20123	2440	659	483	47048	0	50630
20124	1746	754	445	47064	0	50009
20125	1174	733	45966	1881	0	49754
20126	964	663	45797	1352	0	48776
20127	44814	583	1757	958	0	48112
20128	1554	592	43870	937	0	46953
20129	43466	438	1327	943	0	46174
20130	44009	366	1160	923	0	46458
20131	2092	405	42546	837	0	45880
20132	1353	40402	1294	633	0	43682
20133	943	40395	1196	525	0	43059
20134	575	762	32578	282	0	34197
20135	1182	2461	1342	27160	0	32145
20136	25438	533	1048	921	0	27940
20137	24559	123	90	298	0	25070
20138	27204	87	76	184	0	27551
20139	31002	84	80	134	0	31300
20140	31383	70	76	151	0	31680
20141	895	32038	150	118	0	33201
20142	31160	510	86	118	0	31874
20143	594	31062	122	83	0	31861
20144	30355	498	70	66	0	30989
20145	569	381	29586	31	0	30567
20146	409	61	443	28494	0	29407
20147	149	46	318	27202	0	27715
20148	84	28651	98	683	0	29516
20149	28827	469	40	323	0	29659
20150	29148	327	21	78	0	29574
20151	800	82	26	28488	0	29396
20152	423	28	36	28950	0	29437
20153	28740	26	45	784	0	29595
20154	519	33	23	29026	0	29601
20155	397	33	20	29195	0	29645
20156	28773	47	25	780	0	29625
20157	548	19	26	28963	0	29556
20158	29078	19	34	540	0	29671
20159	29078	31	24	412	0	29545
20160	788	65	28915	112	0	29880
20161	29047	32	451	154	0	29684
20162	29009	24	333	123	0	29489
20163	29277	12	55	88	0	29432
20164	862	55	28189	71	0	29177
20165	468	30	457	27627	0	28582
20166	198	23	330	28451	0	29002
20167	137	63	27982	754	0	28936
20168	27239	21	491	378	0	28129
20169	580	37	329	27324	0	28270
20170	427	59	27118	510	0	28114
20171	151	68	27761	366	0	28346
20172	142	32	791	27337	0	28302
20173	120	59	28007	548	0	28734
20174	158	30	515	27723	0	28426
20175	166	30	370	27976	0	28542
20176	160	69	27654	838	0	28721
20177	171	59	512	26264	0	27006
20178	143	26903	423	518	0	27987
20179	121	28130	156	441	0	28848
20180	27769	753	97	148	0	28767
20181	27723	377	95	137	0	28332
20182	848	27525	105	176	0	28654
20183	27738	481	97	148	0	28464
20184	27926	373	65	126	0	28490
20185	953	95	59	27306	0	28413
20186	531	108	64	27747	0	28450
20187	27075	95	40	871	0	28081
20188	618	26882	97	474	0	28071
20189	502	27411	121	166	0	28200
20190	260	822	69	26936	0	28087
20191	244	433	27198	578	0	28453
20192	26253	94	515	509	0	27371
20193	27069	57	384	230	0	27740
20194	26725	81	88	193	0	27087
20195	1000	26674	123	145	0	27942
20196	630	541	83	26049	0	27303
20197	322	396	80	27049	0	27847
20198	26482	85	101	938	0	27606
20199	685	26379	159	505	0	27728
20200	595	538	96	26116	0	27345
20201	330	414	80	26668	0	27492
20202	357	135	83	26773	0	27348
20203	26099	108	93	984	0	27284
20204	706	25961	158	600	0	27425
20205	687	639	89	24369	0	25784
20206	310	26053	146	591	0	27100
20207	25401	595	150	529	0	26675
20208	740	423	25291	294	0	26748
20209	24733	106	563	355	0	25757
20210	689	140	24901	315	0	26045
20211	685	316	551	23396	0	24948
20212	23578	120	408	642	0	24748
20213	667	116	23461	545	0	24789
20214	23531	99	513	298	0	24441
20215	24023	65	410	301	0	24799
20216	24366	66	162	254	0	24848
20217	994	73	126	23298	0	24491
20218	581	58	137	23537	0	24313
20219	324	47	124	23918	0	24413
20220	23028	37	110	969	0	24144
20221	706	23088	163	562	0	24519
20222	23250	415	141	248	0	24054
20223	23361	333	162	214	0	24070
20224	941	119	22732	229	0	24021
20225	22841	85	513	201	0	23640
20226	23383	67	415	210	0	24075
20227	941	81	177	23009	0	24208
20228	580	81	153	23195	0	24009
20229	272	83	170	23296	0	23821
20230	22275	51	144	878	0	23348
20231	22136	67	160	520	0	22883
20232	21230	70	164	259	0	21723
20233	766	20194	166	237	0	21363
20234	337	18814	170	177	0	19498
20235	123	19016	151	223	0	19513
20236	18434	532	255	217	0	19438
20237	428	266	18036	230	0	18960
20238	328	108	15037	167	0	15640
20239	10686	41	251	73	0	11051
20240	131	24	11157	54	0	11366
20241	48	15	45	9079	0	9187
20242	18	9323	46	42	0	9429
20243	9545	50	12	50	0	9657
20244	9580	40	6	19	0	9645
20245	9613	10	7	20	0	9650
20246	100	7	6	10234	0	10347
20247	49	19	10611	46	0	10725
20248	20	19	10390	40	0	10469
20249	10336	15	68	25	0	10444
20250	10688	8	45	18	0	10759
20251	10667	12	11	20	0	10710
20252	91	5	13	10796	0	10905
20253	60	7	7	10853	0	10927
20254	20	23	10783	80	0	10906
20255	10567	6	44	53	0	10670
20256	57	6	39	11097	0	11199
20257	57	6	9	11071	0	11143
20258	24	9	8	10994	0	11035
20259	19	11054	29	80	0	11182
20260	32	39	10	11026	0	11107
20261	23	35	13	11012	0	11083
20262	10842	7	8	82	0	10939
20263	54	19	10810	55	0	10938
20264	10441	6	34	39	0	10520
20265	10934	11	35	24	0	11004
20266	82	8	12	10853	0	10955
20267	59	6	12	10879	0	10956
20268	10768	4	3	85	0	10860
20269	54	24	10719	50	0	10847
20270	45	10708	52	17	0	10822
20271	23	37	32	10535	0	10627
20272	10483	27	8	54	0	10572
20273	49	6	5	10323	0	10383
20274	40	15	10234	50	0	10339
20275	28	22	10165	44	0	10259
20276	10013	7	55	28	0	10103
20277	48	19	37	10621	0	10725
20278	37	21	10540	51	0	10649
20279	10297	12	31	50	0	10390
20280	11140	8	29	35	0	11212
20281	69	6	11	11146	0	11232
20282	42	5	12	11118	0	11177
20283	12	11148	23	59	0	11242
20284	11559	26	8	65	0	11658
20285	47	24	11	11672	0	11754
20286	47	5	7	11818	0	11877
20287	20	24	12064	63	0	12171
20288	11051	7	36	43	0	11137
20289	11839	5	21	31	0	11896
20290	57	11802	20	36	0	11915
20291	32	33	11527	19	0	11611
20292	26	35	11501	12	0	11574
20293	28	39	38	11288	0	11393
20294	11845	7	39	50	0	11941
20295	29	17	2	11808	0	11856
20296	12325	4	0	55	0	12384
20297	12380	0	6	47	0	12433
20298	12569	5	5	33	0	12612
20299	43	3	10	12737	0	12793
20300	36	3	7	12877	0	12923
20301	12931	1	5	49	0	12986
20302	25	40	13227	23	0	13315
20303	12112	7	19	25	0	12163
20304	12616	2	8	31	0	12657
20305	22	33	12950	13	0	13018
20306	14	32	12867	16	0	12929
20307	5	13050	26	11	0	13092
20308	21	27	20	13124	0	13192
20309	11751	13	13	69	0	11846
20310	11	2	4	13235	0	13252
20311	11	34	13353	16	0	13414
20312	3	13279	13	18	0	13313
20313	9	13295	20	5	0	13329
20314	3	12	1	13620	0	13636
20315	7	6	2	13426	0	13441
20316	4	13563	17	24	0	13608
20317	8	42	13392	19	0	13461
20318	12501	10	11	41	0	12563
20319	13742	2	9	15	0	13768
20320	16	13890	16	15	0	13937
20321	13547	18	2	25	0	13592
20322	18	13	0	13376	0	13407
20323	13363	0	1	38	0	13402
20324	23	3	1	13375	0	13402
20325	14	14311	12	26	0	14363
20326	5	47	14543	24	0	14619
20327	14	23	42	15756	0	15835
20328	15	2	25	15826	0	15868
20329	12	8	4	16725	0	16749
20330	17170	2	4	155	0	17331
20331	121	3	3	17382	0	17509
20332	68	19	18407	121	0	18615
20333	20	31	19160	71	0	19282
20334	19221	3	225	33	0	19482
20335	155	17	20047	20	0	20239
20336	19933	4	163	21	0	20121
20337	170	6	105	21281	0	21562
20338	121	4	18	21807	0	21950
20339	18	3	7	22885	0	22913
20340	26	4	12	23062	0	23104
20341	22619	4	15	375	0	23013
20342	211	28	23077	183	0	23499
20343	177	5	194	22309	0	22685
20344	18	23365	185	207	0	23775
20345	23328	191	23	160	0	23702
20346	216	161	11	22757	0	23145
20347	22567	16	18	225	0	22826
20348	224	42	22478	177	0	22921
20349	202	15	220	21179	0	21616
20350	25	22318	187	210	0	22740
20351	22412	192	29	187	0	22820
20352	213	185	22398	46	0	22842
20353	198	24	210	21921	0	22353
20354	46	9	171	22454	0	22680
20355	22219	4	40	391	0	22654
20356	236	25	22207	201	0	22669
20357	195	33	22501	49	0	22778
20358	51	16	400	22314	0	22781
20359	45	25	22525	238	0	22833
20360	55	36	22802	200	0	23093
20361	55	14	414	22312	0	22795
20362	42	7	214	22934	0	23197
20363	48	20	48	23808	0	23924
20364	23463	7	32	468	0	23970
20365	251	23902	88	248	0	24489
20366	24141	250	34	97	0	24522
20367	316	188	40	23770	0	24314
20368	219	24286	66	304	0	24875
20369	81	260	33	24912	0	25286
20370	25601	204	34	363	0	26202
20371	317	26865	55	303	0	27540
20372	268	315	56	27699	0	28338
20373	88	279	28044	395	0	28806
20374	27396	58	365	337	0	28156
20375	386	32	304	28268	0	28990
20376	329	37	71	28433	0	28870
20377	91	39	28096	666	0	28892
20378	73	53	28126	389	0	28641
20379	27040	24	645	162	0	27871
20380	388	27299	379	116	0	28182
20381	340	364	117	27168	0	27989
20382	27396	288	85	425	0	28194
20383	416	87	27494	351	0	28348
20384	326	27071	437	157	0	27991
20385	117	358	337	27025	0	27837
20386	27216	286	111	451	0	28064
20387	26689	66	88	385	0	27228
20388	27227	41	68	170	0	27506
20389	667	26468	129	326	0	27590
20390	390	396	26789	114	0	27689
20391	129	296	402	26910	0	27737
20392	168	88	353	25275	0	25884
20393	105	51	123	27289	0	27568
20394	127	39	93	27101	0	27360
20395	26558	50	85	759	0	27452
20396	26223	48	93	420	0	26784
20397	672	70	25878	185	0	26805
20398	416	75	25662	160	0	26313
20399	25024	38	677	169	0	25908
20400	25377	44	383	158	0	25962
20401	706	59	129	24261	0	25155
20402	400	24831	132	461	0	25824
20403	24690	368	107	393	0	25558
20404	438	24644	105	203	0	25390
20405	377	24687	107	178	0	25349
20406	198	662	89	24756	0	25705
20407	155	339	88	25112	0	25694
20408	141	105	91	25332	0	25669
20409	145	65	82	25334	0	25626
20410	109	107	24506	755	0	25477
20411	23902	61	407	450	0	24820
20412	24689	61	336	201	0	25287
20413	727	66	117	24134	0	25044
20414	424	72	102	24169	0	24767
20415	23993	59	99	710	0	24861
20416	458	109	23131	421	0	24119
20417	23793	67	395	207	0	24462
20418	23929	55	327	198	0	24509
20419	722	97	23564	157	0	24540
20420	23942	56	429	197	0	24624
20421	512	50	336	24052	0	24950
20422	421	57	140	24327	0	24945
20423	204	55	118	24495	0	24872
20424	192	54	100	24375	0	24721
20425	22805	55	86	719	0	23665
20426	488	59	80	22443	0	23070
20427	347	46	73	20687	0	21153
20428	153	19869	104	579	0	20705
20429	112	20097	108	362	0	20679
20430	145	468	51	19466	0	20130
20431	19244	273	45	353	0	19915
20432	358	120	47	18198	0	18723
20433	262	65	16868	304	0	17499
20434	112	56	16219	266	0	16653
20435	15733	33	398	133	0	16297
20436	243	16018	260	124	0	16645
20437	14968	179	194	92	0	15433
20438	299	178	14861	87	0	15425
20439	360	370	248	13565	0	14543
20440	13402	42	189	237	0	13870
20441	213	13410	82	191	0	13896
20442	13227	154	63	94	0	13538
20443	240	136	13981	82	0	14439
20444	210	73	169	13717	0	14169
20445	99	44	154	14072	0	14369
20446	14247	30	83	315	0	14675
20447	14399	33	53	183	0	14668
20448	14662	39	42	108	0	14851
20449	14739	46	21	90	0	14896
20450	14750	32	24	105	0	14911
20451	332	14564	60	93	0	15049
20452	211	156	34	14669	0	15070
20453	14878	130	36	229	0	15273
20454	232	53	28	14907	0	15220
20455	206	26	24	14870	0	15126
20456	117	25	21	14924	0	15087
20457	81	14513	47	328	0	14969
20458	14567	159	35	188	0	14949
20459	197	138	38	14518	0	14891
20460	14069	31	45	212	0	14357
20461	13744	23	30	195	0	13992
20462	281	13566	51	105	0	14003
20463	13414	127	29	86	0	13656
20464	220	125	13185	61	0	13591
20465	12805	24	156	47	0	13032
20466	197	89	191	12646	0	13123
20467	156	37	13146	128	0	13467
20468	80	13246	142	142	0	13610
20469	113	130	12938	72	0	13253
20470	36	11820	89	50	0	11995
20471	10412	185	277	125	0	10999
20472	10322	35	41	55	0	10453
20473	10119	9	11	17	0	10156
20474	39	10193	16	17	0	10265
20475	9934	18	1	19	0	9972
20476	21	41	10081	10	0	10153
20477	22	28	10241	9	0	10300
20478	18	35	18	10044	0	10115
20479	10	8	17	10676	0	10711
20480	5	10775	12	25	0	10817
20481	10933	20	10	25	0	10988
20482	31	10	6	11042	0	11089
20483	14	11206	17	46	0	11283
20484	10	27	1	11477	0	11515
20485	11458	15	0	45	0	11518
20486	11245	5	2	34	0	11286
20487	48	24	11030	12	0	11114
20488	32	2	31	11083	0	11148
20489	6	23	11188	48	0	11265
20490	10	5	29	11219	0	11263
20491	15	30	11342	42	0	11429
20492	12	5	35	11264	0	11316
20493	5	31	11476	42	0	11554
20494	8	6	36	11423	0	11473
20495	16	18	11746	46	0	11826
20496	12	8	39	11584	0	11643
20497	10	5	27	11840	0	11882
20498	8	12346	27	63	0	12444
20499	9	40	7	12640	0	12696
20500	12	60	12487	52	0	12611
20501	12	5	46	12488	0	12551
20502	10	2	22	12580	0	12614
20503	12664	8	5	91	0	12768
20504	41	8	5	12927	0	12981
20505	36	4	6	12826	0	12872
20506	13	35	12584	83	0	12715
20507	12155	10	48	61	0	12274
20508	58	8	27	12912	0	13005
20509	35	6	9	13012	0	13062
20510	15	4	12	13087	0	13118
20511	13116	5	12	99	0	13232
20512	54	3	11	13280	0	13348
20513	39	6	9	13285	0	13339
20514	13161	2	5	104	0	13272
20515	48	13249	29	53	0	13379
20516	37	45	6	13185	0	13273
20517	13	29	11	13317	0	13370
20518	9	36	13078	98	0	13221
20519	10846	18	58	112	0	11034
20520	60	7	27	12991	0	13085
20521	31	26	12714	79	0	12850
20522	12764	2	53	73	0	12892
20523	63	7	33	13464	0	13567
20524	45	6	13	13968	0	14032
20525	16	4	9	14091	0	14120
20526	15	8	13	14483	0	14519
20527	12	24	15575	134	0	15745
20528	20	5	97	15736	0	15858
20529	27	4	63	18662	0	18756
20530	13	39	20731	272	0	21055
20531	21301	5	247	166	0	21719
20532	22353	3	184	70	0	22610
20533	22612	6	57	45	0	22720
20534	502	9	18	22221	0	22750
20535	22567	7	14	304	0	22892
20536	22830	9	12	237	0	23088
20537	506	7	14	22787	0	23314
20538	23147	4	18	338	0	23507
20539	23094	2	18	247	0	23361
20540	23277	4	13	110	0	23404
20541	23425	5	12	62	0	23504
20542	567	6	9	22546	0	23128
20543	297	21857	33	313	0	22500
20544	102	21999	42	237	0	22380
20545	64	22440	34	90	0	22628
20546	21792	506	20	71	0	22389
20547	22204	243	17	57	0	22521
20548	514	85	21841	51	0	22491
20549	22175	24	293	54	0	22546
20550	402	19	211	22545	0	23177
20551	298	22	63	22624	0	23007
20552	146	17	28	22928	0	23119
20553	22299	12	20	591	0	22922
20554	355	8	17	22442	0	22822
20555	280	22122	44	389	0	22835
20556	142	286	11	22499	0	22938
20557	98	247	22788	369	0	23502
20558	103	61	288	22992	0	23444
20559	23021	30	222	408	0	23681
20560	402	46	23138	263	0	23849
20561	308	25	306	23107	0	23746
20562	157	29	222	23145	0	23553
20563	117	29	66	23265	0	23477
20564	69	23484	57	575	0	24185
20565	94	313	31	23769	0	24207
20566	23484	229	24	423	0	24160
20567	23064	78	37	303	0	23482
20568	578	64	22685	142	0	23469
20569	341	57	22915	99	0	23412
20570	165	28	517	22641	0	23351
20571	119	42	271	23318	0	23750
20572	97	57	23252	590	0	23996
20573	158	38	336	21793	0	22325
20574	77	23125	287	412	0	23901
20575	23783	314	78	301	0	24476
20576	23610	237	48	143	0	24038
20577	23423	69	55	120	0	23667
20578	657	65	23389	115	0	24226
20579	405	48	331	23345	0	24129
20580	173	50	23432	396	0	24051
20581	22397	31	366	327	0	23121
20582	384	23105	293	166	0	23948
20583	334	325	97	22883	0	23639
20584	22966	244	58	402	0	23670
20585	400	86	55	23037	0	23578
20586	350	56	51	23447	0	23904
20587	186	67	23032	621	0	23906
20588	21666	39	343	402	0	22450
20589	429	23006	325	169	0	23929
20590	378	310	89	23123	0	23900
20591	23095	240	69	410	0	23814
20592	444	91	74	23268	0	23877
20593	23119	65	59	459	0	23702
20594	487	23135	103	357	0	24082
20595	23531	317	58	204	0	24110
20596	473	287	23532	144	0	24436
20597	23513	104	355	150	0	24122
20598	23376	60	285	144	0	23865
20599	23656	54	106	166	0	23982
20600	731	51	76	23047	0	23905
20601	469	69	61	22566	0	23165
20602	237	89	53	23115	0	23494
20603	175	22685	80	676	0	23616
20604	22876	328	57	382	0	23643
20605	448	252	55	22817	0	23572
20606	389	103	58	22955	0	23505
20607	227	51	71	23085	0	23434
20608	22525	55	73	667	0	23320
20609	421	51	69	22864	0	23405
20610	343	68	22378	517	0	23306
20611	176	22570	335	390	0	23471
20612	161	340	261	22785	0	23547
20613	130	278	102	23075	0	23585
20614	159	109	75	23491	0	23834
20615	159	84	22780	703	0	23726
20616	140	84	22862	424	0	23510
20617	153	48	573	22907	0	23681
20618	137	83	23827	495	0	24542
20619	142	45	400	24145	0	24732
20620	24265	39	305	529	0	25138
20621	24911	54	116	435	0	25516
20622	24926	60	88	248	0	25322
20623	667	109	24204	175	0	25155
20624	23471	50	342	193	0	24056
20625	495	70	307	24089	0	24961
20626	361	55	23750	424	0	24590
20627	180	70	23086	319	0	23655
20628	127	22714	530	191	0	23562
20629	71	20185	231	102	0	20589
20630	17498	250	459	87	0	18294
20631	197	71	64	17037	0	17369
20632	100	36	17330	143	0	17609
20633	37	29	106	17595	0	17767
20634	17703	10	80	155	0	17948
20635	135	47	18966	95	0	19243
20636	18940	14	130	70	0	19154
20637	19934	12	95	59	0	20100
20638	19786	8	19	47	0	19860
20639	233	19665	30	39	0	19967
20640	20249	140	20	68	0	20477
20641	166	100	18	20427	0	20711
20642	130	18	20	20437	0	20605
20643	52	15	14	20639	0	20720
20644	35	19	17	20492	0	20563
20645	19989	10	22	263	0	20284
20646	155	19831	45	146	0	20177
20647	114	19537	27	48	0	19726
20648	32	19983	34	42	0	20091
20649	19931	207	41	61	0	20240
20650	19898	89	33	53	0	20073
20651	19903	17	27	48	0	19995
20652	19888	20	15	57	0	19980
20653	244	15	16	19846	0	20121
20654	121	15	22	19952	0	20110
20655	19852	11	23	240	0	20126
20656	138	19830	38	127	0	20133
20657	19476	129	19	43	0	19667
20658	19712	95	20	58	0	19885
20659	251	10	18	19540	0	19819
20660	125	19848	36	170	0	20179
20661	51	147	20	20287	0	20505
20662	20004	97	20	178	0	20299
20663	174	34	20548	129	0	20885
20664	140	19	146	19727	0	20032
20665	35	20461	132	148	0	20776
20666	20408	138	25	138	0	20709
20667	20066	111	29	50	0	20256
20668	256	51	20710	48	0	21065
20669	138	20381	152	46	0	20717
20670	61	168	20766	34	0	21029
20671	60	140	156	20090	0	20446
20672	36	55	20288	158	0	20537
20673	49	37	20113	111	0	20310
20674	35	19933	231	38	0	20237
20675	19754	129	116	30	0	20029
20676	19820	104	20	61	0	20005
20677	223	20582	42	48	0	20895
20678	116	20515	35	39	0	20705
20679	60	234	19818	32	0	20144
20680	53	136	19830	44	0	20063
20681	42	70	20333	36	0	20481
20682	35	33	220	20127	0	20415
20683	47	54	20470	153	0	20724
20684	49	24	141	19990	0	20204
20685	57	28	102	20065	0	20252
20686	56	65	20372	233	0	20726
20687	43	20342	153	127	0	20665
20688	55	133	114	20274	0	20576
20689	20336	101	21	179	0	20637
20690	164	33	22	20397	0	20616
20691	151	62	20504	169	0	20886
20692	51	20529	154	141	0	20875
20693	54	21424	131	62	0	21671
20694	60	273	23	20973	0	21329
20695	21090	125	32	187	0	21434
20696	21095	39	31	146	0	21311
20697	294	32	36	20840	0	21202
20698	165	21922	62	176	0	22325
20699	68	213	28	22231	0	22540
20700	79	150	16	22780	0	23025
20701	74	45	27	22984	0	23130
20702	23587	34	27	396	0	24044
20703	251	23778	60	185	0	24274
20704	24073	233	32	91	0	24429
20705	24274	184	27	74	0	24559
20706	24360	49	27	77	0	24513
20707	24877	30	32	86	0	25025
20708	444	52	39	24413	0	24948
20709	233	83	24576	276	0	25168
20710	88	24687	272	198	0	25245
20711	25035	269	202	98	0	25604
20712	25351	183	45	80	0	25659
20713	25713	55	26	77	0	25871
20714	483	77	25104	65	0	25729
20715	24933	32	278	73	0	25316
20716	25404	39	196	54	0	25693
20717	483	48	51	25270	0	25852
20718	238	74	24411	295	0	25018
20719	83	24067	297	233	0	24680
20720	104	298	211	23923	0	24536
20721	23772	190	95	332	0	24389
20722	309	60	30	23833	0	24232
20723	230	34	34	24462	0	24760
20724	25009	25	28	476	0	25538
20725	332	87	24823	227	0	25469
20726	24937	38	312	93	0	25380
20727	24769	38	218	58	0	25083
20728	24835	35	75	61	0	25006
20729	24788	35	44	69	0	24936
20730	537	74	24096	64	0	24771
20731	298	33	307	23778	0	24416
20732	102	72	24246	303	0	24723
20733	95	78	311	23852	0	24336
20734	68	61	24090	320	0	24539
20735	21858	48	298	235	0	22439
20736	312	22084	238	80	0	22714
20737	244	22601	81	56	0	22982
20738	136	457	57	23919	0	24569
20739	114	229	44	24015	0	24402
20740	69	25273	63	569	0	25974
20741	25493	376	43	314	0	26226
20742	26515	279	26	99	0	26919
20743	27612	64	35	64	0	27775
20744	28684	40	32	60	0	28816
20745	857	21	42	28231	0	29151
20746	485	28	37	29094	0	29644
20747	29250	34	33	827	0	30144
20748	583	22	36	29328	0	29969
20749	446	66	28617	543	0	29672
20750	155	73	28856	407	0	29491
20751	127	32	824	28883	0	29866
20752	111	84	29153	522	0	29870
20753	28481	26	550	439	0	29496
20754	563	28	393	28746	0	29730
20755	29120	26	107	538	0	29791
20756	593	76	29138	434	0	30241
20757	486	37	505	29002	0	30030
20758	165	63	29492	563	0	30283
20759	120	29093	586	468	0	30267
20760	28710	506	472	155	0	29843
20761	28849	383	125	118	0	29475
20762	900	28426	84	114	0	29524
20763	28340	497	58	107	0	29002
20764	637	383	54	27776	0	28850
20765	504	83	65	28171	0	28823
20766	27684	38	51	904	0	28677
20767	588	27346	110	499	0	28543
20768	475	27594	93	162	0	28324
20769	195	850	73	27061	0	28179
20770	27021	434	48	541	0	28044
20771	27357	105	71	455	0	27988
20772	27524	61	69	159	0	27813
20773	1031	79	26557	116	0	27783
20774	564	90	26603	136	0	27393
20775	206	26414	894	103	0	27617
20776	26352	504	474	126	0	27456
20777	671	403	107	25765	0	26946
20778	26228	117	97	554	0	26996
20779	26197	64	67	464	0	26792
20780	1025	42	94	25578	0	26739
20781	582	90	25497	629	0	26798
20782	25346	66	556	481	0	26449
20783	668	48	421	25467	0	26604
20784	517	70	25471	630	0	26688
20785	25193	56	561	477	0	26287
20786	25624	55	439	202	0	26320
20787	996	46	149	25146	0	26337
20788	589	82	25141	609	0	26421
20789	293	50	555	24177	0	25075
20790	218	25077	491	611	0	26397
20791	254	527	25133	455	0	26369
20792	211	25440	622	210	0	26483
20793	24673	530	435	162	0	25800
20794	24989	398	167	140	0	25694
20795	25008	116	114	153	0	25391
20796	24865	61	115	145	0	25186
20797	1061	74	105	23717	0	24957
20798	23192	71	109	542	0	23914
20799	696	56	97	22768	0	23617
20800	22071	62	96	607	0	22836
20801	624	21737	146	451	0	22958
20802	503	447	71	20067	0	21088
20803	190	20849	111	486	0	21636
20804	20654	455	89	399	0	21597
20805	20657	377	71	170	0	21275
20806	796	20299	107	147	0	21349
20807	502	429	99	19918	0	20948
20808	245	355	19793	443	0	20836
20809	231	145	422	19639	0	20437
20810	191	112	19637	495	0	20435
20811	219	137	449	17512	0	18317
20812	195	18609	378	415	0	19597
20813	18601	391	102	367	0	19461
20814	18856	321	77	143	0	19397
20815	777	89	64	18476	0	19406
20816	19235	71	89	455	0	19850
20817	551	60	83	19196	0	19890
20818	461	72	71	19279	0	19883
20819	219	67	68	19626	0	19980
20820	19262	73	68	714	0	20117
20821	19245	39	62	432	0	19778
20822	19415	50	73	165	0	19703
20823	752	18260	103	119	0	19234
20824	17845	339	82	109	0	18375
20825	433	17495	99	135	0	18162
20826	17618	374	85	104	0	18181
20827	503	308	59	17192	0	18062
20828	444	101	48	17537	0	18130
20829	17263	68	56	616	0	18003
20830	17344	69	60	363	0	17836
20831	685	16972	88	165	0	17910
20832	17076	323	47	127	0	17573
20833	490	278	52	16337	0	17157
20834	400	81	39	16541	0	17061
20835	16113	58	38	626	0	16835
20836	441	75	15896	344	0	16756
20837	349	15179	296	138	0	15962
20838	199	246	178	13229	0	13852
20839	95	167	12359	212	0	12833
20840	111	313	188	11578	0	12190
20841	11525	32	170	205	0	11932
20842	185	10721	53	154	0	11113
20843	108	9786	44	54	0	9992
20844	59	9047	23	35	0	9164
20845	207	311	159	8140	0	8817
20846	8162	60	166	124	0	8512
20847	95	27	4	8007	0	8133
20848	7939	11	8	84	0	8042
20849	7989	12	6	51	0	8058
20850	114	6	6	7988	0	8114
20851	8044	5	7	85	0	8141
20852	90	6	7	8175	0	8278
20853	53	16	8227	87	0	8383
20854	7891	16	73	67	0	8047
20855	89	17	8914	29	0	9049
20856	8117	5	75	18	0	8215
20857	94	9	8505	18	0	8626
20858	58	4	58	7900	0	8020
20859	17	6	42	8168	0	8233
20860	8314	7	8	106	0	8435
20861	71	4	8	8587	0	8670
20862	8575	5	5	67	0	8652
20863	64	8596	8	60	0	8728
20864	8921	58	7	20	0	9006
20865	72	48	5	9084	0	9209
20866	64	4	4	9160	0	9232
20867	24	6	4	9255	0	9289
20868	19	9	2	9246	0	9276
20869	9	20	8978	118	0	9125
20870	14	14	8810	60	0	8898
20871	17	6	103	8944	0	9070
20872	22	13	9133	72	0	9240
20873	12	9087	67	62	0	9228
20874	17	77	53	9055	0	9202
20875	17	61	9299	76	0	9453
20876	15	22	9160	70	0	9267
20877	23	21	113	9297	0	9454
20878	16	8	54	9379	0	9457
20879	11	9552	16	121	0	9700
20880	14	68	14	9681	0	9777
20881	11	69	9738	77	0	9895
20882	9367	6	73	75	0	9521
20883	76	6	72	9885	0	10039
20884	10009	6	10	94	0	10119
20885	10024	8	12	90	0	10134
20886	10296	6	13	32	0	10347
20887	154	15	10369	14	0	10552
20888	79	21	10193	20	0	10313
20889	9348	9	140	37	0	9534
20890	90	19	10493	21	0	10623
20891	86	9	78	9917	0	10090
20892	24	9	80	10157	0	10270
20893	21	8	10250	153	0	10432
20894	19	10256	92	83	0	10450
20895	10219	78	82	17	0	10396
20896	85	10394	27	30	0	10536
20897	81	10649	28	25	0	10783
20898	10588	141	20	31	0	10780
20899	83	84	11059	25	0	11251
20900	84	14	11222	19	0	11339
20901	19	13	171	10907	0	11110
20902	11100	8	83	111	0	11302
20903	83	11219	36	104	0	11442
20904	11361	98	17	24	0	11500
20905	102	90	11627	30	0	11849
20906	89	12467	112	23	0	12691
20907	20	108	91	12825	0	13044
20908	23	102	13180	122	0	13427
20909	34	13	122	13222	0	13391
20910	32	20	105	12519	0	12676
20911	29	16	18	13463	0	13526
20912	30	13	21	13412	0	13476
20913	13203	11	29	225	0	13468
20914	13195	10	27	117	0	13349
20915	220	22	13363	38	0	13643
20916	12688	17	133	38	0	12876
20917	139	12858	117	33	0	13147
20918	12871	120	33	32	0	13056
20919	141	112	12969	34	0	13256
20920	115	30	141	12606	0	12892
20921	28	29	13084	135	0	13276
20922	30	20	13076	111	0	13237
20923	29	22	220	12800	0	13071
20924	29	18	111	13046	0	13204
20925	23	22	12977	223	0	13245
20926	27	12680	150	116	0	12973
20927	20	12896	114	41	0	13071
20928	35	214	28	12810	0	13087
20929	12680	101	25	145	0	12951
20930	131	13251	55	126	0	13563
20931	100	132	13405	41	0	13678
20932	26	112	13209	37	0	13384
20933	35	34	13547	34	0	13650
20934	31	25	230	13038	0	13324
20935	13315	17	115	152	0	13599
20936	139	13239	52	127	0	13557
20937	122	136	13230	41	0	13529
20938	28	13374	160	32	0	13594
20939	35	135	114	13302	0	13586
20940	36	117	13415	146	0	13714
20941	26	13502	162	137	0	13827
20942	38	132	114	13347	0	13631
20943	35	100	39	13764	0	13938
20944	33	49	13970	235	0	14287
20945	41	20	148	13503	0	13712
20946	31	13779	134	143	0	14087
20947	30	146	13758	127	0	14061
20948	13484	117	149	45	0	13795
20949	159	36	134	13822	0	14151
20950	129	24	46	13627	0	13826
20951	39	13814	60	231	0	14144
20952	13588	125	43	122	0	13878
20953	144	117	13423	50	0	13734
20954	13143	25	140	48	0	13356
20955	132	40	104	12891	0	13167
20956	87	13041	69	115	0	13312
20957	23	113	40	13106	0	13282
20958	37	93	37	13397	0	13564
20959	13235	26	31	204	0	13496
20960	13336	20	33	116	0	13505
20961	178	32	19	13308	0	13537
20962	95	36	13284	134	0	13549
20963	12338	25	128	112	0	12603
20964	121	13281	108	43	0	13553
20965	95	122	41	13259	0	13517
20966	43	91	30	13558	0	13722
20967	27	26	30	13640	0	13723
20968	21	35	13499	224	0	13779
20969	22	25	134	13220	0	13401
20970	27	13541	125	140	0	13833
20971	33	124	45	13179	0	13381
20972	26	13524	50	132	0	13732
20973	25	135	33	13451	0	13644
20974	11	110	13307	156	0	13584
20975	12144	33	129	124	0	12430
20976	132	44	98	13181	0	13455
20977	84	29	13171	138	0	13422
20978	30	13081	146	127	0	13384
20979	12942	119	102	54	0	13217
20980	121	92	12908	53	0	13174
20981	12436	57	142	55	0	12690
20982	139	35	83	12832	0	13089
20983	92	19	40	12780	0	12931
20984	33	12936	51	162	0	13182
20985	12861	101	29	104	0	13095
20986	12613	77	29	49	0	12768
20987	161	13109	41	33	0	13344
20988	88	139	28	13191	0	13446
20989	27	73	30	13308	0	13438
20990	28	27	32	13230	0	13317
20991	31	35	13046	192	0	13304
20992	12420	21	116	131	0	12688
20993	109	24	80	13033	0	13246
20994	79	29	29	13134	0	13271
20995	33	42	12880	191	0	13146
20996	29	35	12837	103	0	13004
20997	27	34	170	13098	0	13329
20998	26	33	13410	134	0	13603
20999	12519	23	121	96	0	12759
21000	111	15	72	13045	0	13243
21001	82	17	37	13255	0	13391
21002	35	36	13679	167	0	13917
21003	29	42	105	13888	0	14064
21004	28	39	14077	138	0	14282
21005	20	13682	125	89	0	13916
21006	12577	102	150	62	0	12891
21007	12452	57	31	42	0	12582
21008	118	12325	32	35	0	12510
21009	69	72	17	12408	0	12566
21010	31	72	12578	84	0	12765
21011	19	22	67	12509	0	12617
21012	12467	16	59	91	0	12633
21013	71	12583	35	76	0	12765
21014	12623	71	16	32	0	12742
21015	84	53	10	12556	0	12703
21016	12580	11	19	95	0	12705
21017	82	12478	17	71	0	12648
21018	12573	63	10	35	0	12681
21019	74	65	12249	24	0	12412
21020	51	12427	75	19	0	12572
21021	34	63	57	12247	0	12401
21022	12646	37	25	82	0	12790
21023	12790	14	9	65	0	12878
21024	115	11	13	12773	0	12912
21025	12970	10	14	87	0	13081
21026	12919	9	8	72	0	13008
21027	13271	9	19	47	0	13346
21028	118	14	14	13290	0	13436
21029	63	26	13416	68	0	13573
21030	27	21	12785	66	0	12899
21031	19	31	13040	27	0	13117
21032	12808	13	104	31	0	12956
21033	79	12	55	13038	0	13184
21034	52	13419	27	89	0	13587
21035	39	66	15	13227	0	13347
21036	20	13709	27	84	0	13840
21037	13817	68	17	67	0	13969
21038	79	51	12	14016	0	14158
21039	65	11	12	14449	0	14537
21040	14663	11	14	132	0	14820
21041	91	13	11	14821	0	14936
21042	69	9	16	15098	0	15192
21043	15291	8	21	159	0	15479
21044	107	33	15709	86	0	15935
21045	74	20	98	15653	0	15845
21046	36	29	15765	116	0	15946
21047	15417	12	104	85	0	15618
21048	122	7	78	15880	0	16087
21049	15912	15	20	120	0	16067
21050	127	14	12	16166	0	16319
21051	85	32	16439	128	0	16684
21052	36	15	114	16693	0	16858
21053	16922	11	84	136	0	17153
21054	120	17400	45	97	0	17662
21055	104	126	17271	38	0	17539
21056	16407	80	107	45	0	16639
21057	127	17637	96	39	0	17899
21058	94	17970	31	43	0	18138
21059	32	19412	37	19	0	19500
21060	42	239	14	20097	0	20392
21061	20684	110	24	172	0	20990
21062	21210	15	15	134	0	21374
21063	298	29	21105	30	0	21462
21064	20750	24	167	34	0	20975
21065	188	20746	143	25	0	21102
21066	159	166	23	20515	0	20863
21067	21621	119	16	203	0	21959
21068	21802	21	23	154	0	22000
21069	22010	20	11	43	0	22084
21070	21769	14	24	35	0	21842
21071	21955	12	21	40	0	22028
21072	345	16	9	21725	0	22095
21073	167	35	21760	194	0	22156
21074	63	16	170	22062	0	22311
21075	60	14	128	22081	0	22283
21076	22138	17	21	303	0	22479
21077	209	21770	41	174	0	22194
21078	22173	172	28	51	0	22424
21079	22433	133	19	56	0	22641
21080	23036	28	30	67	0	23161
21081	23308	13	24	59	0	23404
21082	362	49	22874	45	0	23330
21083	22878	30	175	56	0	23139
21084	23223	29	134	44	0	23430
21085	21046	35	55	65	0	21201
21086	23311	17	22	46	0	23396
21087	369	14	19	22516	0	22918
21088	228	30	22202	201	0	22661
21089	21788	17	197	180	0	22182
21090	241	22352	172	67	0	22832
21091	229	173	31	21741	0	22174
21092	82	22701	51	204	0	23038
21093	98	180	30	22851	0	23159
21094	23059	141	25	241	0	23466
21095	23084	34	44	175	0	23337
21096	23143	23	45	63	0	23274
21097	396	55	22181	46	0	22678
21098	21939	31	178	64	0	22212
21099	262	60	22084	48	0	22454
21100	209	60	22164	48	0	22481
21101	117	41	22572	60	0	22790
21102	129	91	333	20524	0	21077
21103	109	34	153	21707	0	22003
21104	77	25	48	21786	0	21936
21105	101	23	42	21841	0	22007
21106	101	26	32	21514	0	21673
21107	86	30	45	21447	0	21608
21108	70	21777	59	320	0	22226
21109	21397	193	44	195	0	21829
21110	212	21854	46	95	0	22207
21111	218	198	33	21912	0	22361
21112	97	153	26	22209	0	22485
21113	21897	40	32	361	0	22330
21114	257	21890	61	223	0	22431
21115	22116	198	26	87	0	22427
21116	286	157	39	22000	0	22482
21117	244	50	47	22117	0	22458
21118	128	47	41	22220	0	22436
21119	96	56	21999	376	0	22527
21120	126	31	196	22002	0	22355
21121	123	62	21788	244	0	22217
21122	112	42	21637	216	0	22007
21123	116	48	22707	110	0	22981
21124	130	32	325	22522	0	23009
21125	119	29	171	23240	0	23559
21126	121	42	63	23477	0	23703
21127	23424	51	42	425	0	23942
21128	300	43	41	23983	0	24367
21129	24104	43	40	306	0	24493
21130	358	23928	68	246	0	24600
21131	24911	241	49	118	0	25319
21132	25726	171	54	136	0	26087
21133	484	26607	79	105	0	27275
21134	27025	256	50	118	0	27449
21135	27035	200	47	130	0	27412
21136	27298	42	90	112	0	27542
21137	27222	34	54	110	0	27420
21138	546	53	26673	90	0	27362
21139	327	26251	270	96	0	26944
21140	182	328	208	25820	0	26538
21141	25749	179	87	298	0	26313
21142	327	75	25665	223	0	26290
21143	238	25218	264	107	0	25827
21144	171	223	166	23681	0	24241
21145	117	24923	64	246	0	25350
21146	145	253	38	24867	0	25303
21147	143	195	40	25047	0	25425
21148	150	82	25009	369	0	25610
21149	126	65	24718	197	0	25106
21150	22825	55	372	106	0	23358
21151	297	73	24671	68	0	25109
21152	240	65	24396	67	0	24768
21153	135	67	367	23823	0	24392
21154	122	60	201	23382	0	23765
21155	97	24150	88	369	0	24704
21156	82	25694	83	224	0	26083
21157	117	391	25483	88	0	26079
21158	119	424	333	25435	0	26311
21159	58	68	25096	279	0	25501
21160	43	43	23367	198	0	23651
21161	42	23068	405	56	0	23571
21162	148	228	223	22182	0	22781
21163	22524	162	56	208	0	22950
21164	218	47	26	22624	0	22915
21165	22851	26	31	250	0	23158
21166	22690	27	35	185	0	22937
21167	22674	23	37	76	0	22810
21168	378	48	22369	47	0	22842
21169	22393	16	218	45	0	22672
21170	250	27	177	22724	0	23178
21171	22975	21	50	236	0	23282
21172	22879	17	34	202	0	23132
21173	354	22646	47	69	0	23116
21174	22733	196	22	68	0	23019
21175	245	183	22730	42	0	23200
21176	22165	40	208	56	0	22469
21177	22392	27	157	41	0	22617
21178	337	22458	84	28	0	22907
21179	22522	191	42	38	0	22793
21180	247	153	35	21659	0	22094
21181	206	38	31	21434	0	21709
21182	64	21498	61	332	0	21955
21183	62	195	33	21827	0	22117
21184	80	154	32	21930	0	22196
21185	61	78	21746	351	0	22236
21186	65	65	21534	204	0	21868
21187	20670	33	342	86	0	21131
21188	21675	27	181	67	0	21950
21189	376	30	57	21900	0	22363
21190	229	59	21902	235	0	22425
21191	87	21913	226	208	0	22434
21192	93	200	183	21818	0	22294
21193	82	182	22140	228	0	22632
21194	21273	48	232	223	0	21776
21195	277	32	193	22441	0	22943
21196	216	23117	107	231	0	23671
21197	116	225	51	23399	0	23791
21198	83	186	65	23761	0	24095
21199	84	63	52	24071	0	24270
21200	23408	50	54	454	0	23966
21201	285	50	51	23408	0	23794
21202	23633	52	53	318	0	24056
21203	23658	45	58	254	0	24015
21204	482	62	23609	89	0	24242
21205	294	23741	281	101	0	24417
21206	184	271	237	20715	0	21407
21207	94	24837	105	234	0	25270
21208	25132	290	54	229	0	25705
21209	325	241	52	25064	0	25682
21210	302	72	25251	331	0	25956
21211	109	59	25273	288	0	25729
21212	114	90	25467	81	0	25752
21213	24481	44	517	96	0	25138
21214	330	25370	311	89	0	26100
21215	25317	290	88	97	0	25792
21216	349	25685	84	87	0	26205
21217	317	313	54	25262	0	25946
21218	158	256	63	24761	0	25238
21219	96	25552	91	500	0	26239
21220	121	319	25583	300	0	26323
21221	88	25981	338	115	0	26522
21222	24989	308	251	97	0	25645
21223	330	249	61	24224	0	24864
21224	271	92	23899	301	0	24563
21225	100	63	23875	262	0	24300
21226	119	80	469	23262	0	23930
21227	92	69	23367	269	0	23797
21228	81	69	22617	249	0	23016
21229	21174	62	447	99	0	21782
21230	258	21978	282	85	0	22603
21231	21265	225	82	81	0	21653
21232	274	232	20979	75	0	21560
21233	238	19991	266	62	0	20557
21234	87	20259	253	69	0	20668
21235	145	447	170	19867	0	20629
21236	64	231	81	20103	0	20479
21237	80	63	41	20636	0	20820
21238	57	64	20262	488	0	20871
21239	109	52	219	20372	0	20752
21240	79	42	216	20669	0	21006
21241	20557	48	54	450	0	21109
21242	257	20420	72	300	0	21049
21243	256	234	61	20701	0	21252
21244	20744	225	50	284	0	21303
21245	20558	68	45	268	0	20939
21246	460	57	47	20378	0	20942
21247	272	77	20543	284	0	21176
21248	104	47	261	20660	0	21072
21249	83	56	20704	310	0	21153
21250	21029	57	277	270	0	21633
21251	22613	34	259	105	0	23011
21252	510	65	104	23046	0	23725
21253	309	68	23202	320	0	23899
21254	92	23583	376	331	0	24382
21255	90	375	24119	87	0	24671
21256	127	466	334	20310	0	21237
21257	47	22543	300	264	0	23154
21258	21677	280	55	209	0	22221
21259	281	238	33	20848	0	21400
21260	223	21473	61	269	0	22026
21261	21763	275	41	234	0	22313
21262	300	228	43	21361	0	21932
21263	234	21703	72	294	0	22303
21264	78	282	41	21937	0	22338
21265	41	239	21617	321	0	22218
21266	20634	52	286	250	0	21222
21267	21306	33	239	70	0	21648
21268	493	48	21168	58	0	21767
21269	245	20996	313	63	0	21617
21270	21080	282	246	54	0	21662
21271	309	230	60	20959	0	21558
21272	259	52	44	21006	0	21361
21273	77	46	43	21419	0	21585
21274	65	33	49	21390	0	21537
21275	58	44	41	21243	0	21386
21276	20733	42	36	521	0	21332
21277	20981	35	44	280	0	21340
21278	504	40	39	20775	0	21358
21279	269	34	43	21025	0	21371
21280	77	42	20623	523	0	21265
21281	58	56	20633	292	0	21039
21282	20140	45	481	99	0	20765
21283	332	41	242	20426	0	21041
21284	253	62	20318	336	0	20969
21285	96	39	293	20424	0	20852
21286	20389	35	250	352	0	21026
21287	20864	40	65	286	0	21255
21288	534	37	53	20558	0	21182
21289	287	42	50	20627	0	21006
21290	20539	30	53	525	0	21147
21291	319	30	51	20442	0	20842
21292	250	20723	74	336	0	21383
21293	105	323	42	20526	0	20996
21294	93	236	45	20543	0	20917
21295	76	67	20060	494	0	20697
21296	74	61	19518	262	0	19915
21297	64	19750	469	111	0	20394
21298	19333	312	245	95	0	19985
21299	19176	209	69	88	0	19542
21300	19319	53	50	84	0	19506
21301	478	18835	76	91	0	19480
21302	239	19011	58	100	0	19408
21303	18510	417	58	95	0	19080
21304	278	19115	70	105	0	19568
21305	242	294	18529	74	0	19139
21306	83	18785	277	113	0	19258
21307	103	291	18021	84	0	18499
21308	17139	187	272	81	0	17679
21309	17734	50	198	82	0	18064
21310	388	17666	66	89	0	18209
21311	18088	241	36	87	0	18452
21312	19243	170	42	99	0	19554
21313	19567	66	39	76	0	19748
21314	538	40	43	19149	0	19770
21315	19388	37	53	334	0	19812
21316	358	64	18925	250	0	19597
21317	19060	41	282	107	0	19490
21318	371	33	221	19263	0	19888
21319	270	60	19242	313	0	19885
21320	123	64	19365	263	0	19815
21321	121	40	462	19211	0	19834
21322	84	50	235	19617	0	19986
21323	19469	43	73	499	0	20084
21324	347	36	53	19609	0	20045
21325	238	68	19444	390	0	20140
21326	136	39	291	18954	0	19420
21327	96	19680	248	341	0	20365
21328	19845	274	86	259	0	20464
21329	344	209	51	19891	0	20495
21330	259	79	19706	333	0	20377
21331	109	19688	316	274	0	20387
21332	19120	269	214	116	0	19719
21333	327	212	74	19462	0	20075
21334	253	74	19570	303	0	20200
21335	117	19356	293	287	0	20053
21336	19256	276	237	114	0	19883
21337	19182	187	79	93	0	19541
21338	19393	58	44	89	0	19584
21339	490	40	44	18860	0	19434
21340	288	29	56	19062	0	19435
21341	18749	30	49	457	0	19285
21342	307	18647	70	263	0	19287
21343	18810	239	50	119	0	19218
21344	333	170	44	18636	0	19183
21345	19085	58	48	312	0	19503
21346	342	38	56	19078	0	19514
21347	258	35	53	19049	0	19395
21348	132	46	38	19265	0	19481
21349	167	46	44	19262	0	19519
21350	94	53	17697	421	0	18265
21351	85	43	16281	199	0	16608
21352	14118	28	265	119	0	14530
21353	188	38	15658	66	0	15950
21354	123	28	14542	48	0	14741
21355	13576	17	252	48	0	13893
21356	14347	29	165	50	0	14591
21357	236	28	51	14888	0	15203
21358	15066	15	46	140	0	15267
21359	170	15326	38	90	0	15624
21360	15569	117	22	78	0	15786
21361	15375	84	26	61	0	15546
21362	15968	35	24	65	0	16092
21363	232	43	16	15689	0	15980
21364	136	15588	44	121	0	15889
21365	74	15834	24	115	0	16047
21366	15817	170	31	58	0	16076
21367	15914	98	25	54	0	16091
21368	196	36	18	15704	0	15954
21369	123	35	18	15702	0	15878
21370	64	15637	45	198	0	15944
21371	15488	107	25	122	0	15742
21372	145	97	15598	69	0	15909
21373	125	42	106	15303	0	15576
21374	65	22	92	15735	0	15914
21375	53	33	15759	205	0	16050
21376	59	19	111	15510	0	15699
21377	52	13129	107	156	0	13444
21378	51	104	33	15938	0	16126
21379	48	87	26	15753	0	15914
21380	41	14958	29	204	0	15232
21381	45	15966	29	124	0	16164
21382	46	158	20	15812	0	16036
21383	15813	88	16	157	0	16074
21384	129	34	19	15973	0	16155
21385	94	35	29	16057	0	16215
21386	53	16163	48	196	0	16460
21387	60	102	28	16558	0	16748
21388	59	74	28	16520	0	16681
21389	48	22	29	16629	0	16728
21390	16140	25	18	223	0	16406
21391	142	23	9	16321	0	16495
21392	109	17	14	16126	0	16266
21393	63	22	18	16117	0	16220
21394	51	31	15436	220	0	15738
21395	13194	22	100	161	0	13477
21396	133	15388	86	70	0	15677
21397	15417	87	32	48	0	15584
21398	140	73	28	15355	0	15596
21399	89	47	15102	122	0	15360
21400	13570	25	96	105	0	13796
21401	121	44	17097	39	0	17301
21402	96	25	105	16989	0	17215
21403	17640	22	78	120	0	17860
21404	17384	14	33	96	0	17527
21405	17896	11	20	73	0	18000
21406	166	17	22	17791	0	17996
21407	110	22	13	18094	0	18239
21408	66	33	15	18077	0	18191
21409	42	17371	23	178	0	17614
21410	29	17405	19	114	0	17567
21411	23	17175	26	61	0	17285
21412	11	16479	20	18	0	16528
21413	43	39	14	16509	0	16605
21414	26	19	4	16740	0	16789
21415	16342	4	8	54	0	16408
21416	16297	5	8	34	0	16344
21417	16639	3	4	45	0	16691
21418	39	3	8	16508	0	16558
21419	26	7	4	16691	0	16728
21420	16299	4	0	63	0	16366
21421	16056	3	9	45	0	16113
21422	43	29	16071	16	0	16159
21423	32	26	15578	20	0	15656
21424	19	35	16125	9	0	16188
21425	14	24	16851	10	0	16899
21426	23	6	42	16509	0	16580
21427	16580	1	22	48	0	16651
21428	32	16632	18	38	0	16720
21429	32	26	5	16932	0	16995
21430	17	36	17097	39	0	17189
21431	11	17750	36	42	0	17839
21432	10	22	16	17939	0	17987
21433	18	47	17812	33	0	17910
21434	25	7	21	17375	0	17428
21435	13	7	16	17802	0	17838
21436	17939	4	6	54	0	18003
21437	30	2	7	18224	0	18263
21438	19	47	18268	41	0	18375
21439	11	7	24	18190	0	18232
21440	9	19364	39	47	0	19459
21441	15	22	6	20348	0	20391
21442	8	15	7	20563	0	20593
21443	12	8	5	20457	0	20482
21444	20684	4	2	72	0	20762
21445	20624	3	7	59	0	20693
21446	20916	3	6	53	0	20978
21447	20893	6	5	43	0	20947
21448	50	50	20800	11	0	20911
21449	20097	8	30	40	0	20175
21450	20923	8	16	43	0	20990
21451	48	24	20764	31	0	20867
21452	32	31	22052	25	0	22140
21453	19	13	33	21904	0	21969
21454	10	22367	36	38	0	22451
21455	22823	22	16	52	0	22913
21456	23285	18	4	50	0	23357
21457	23168	5	7	54	0	23234
21458	43	11	3	23054	0	23111
21459	25	23858	20	39	0	23942
21460	24676	23	7	73	0	24779
21461	25165	17	5	46	0	25233
21462	46	14	6	24849	0	24915
21463	26	55	24580	55	0	24716
21464	24434	10	34	76	0	24554
21465	47	6	26	25708	0	25787
21466	26176	6	6	92	0	26280
21467	40	4	13	26677	0	26734
21468	32	51	26842	56	0	26981
21469	28056	8	43	112	0	28219
21470	39	9	20	29164	0	29232
21471	43	8	9	29496	0	29556
21472	19	10	2	29626	0	29657
21473	20	7	6	29566	0	29599
21474	29905	4	10	103	0	30022
21475	45	16	4	29895	0	29960
21476	53	30134	34	69	0	30290
21477	21	50	10	30629	0	30710
21478	12	30886	39	65	0	31002
21479	28	54	10	31391	0	31483
21480	21	32	9	31660	0	31722
21481	9	31541	46	100	0	31696
21482	21	52	8	31960	0	32041
21483	21	30	4	32007	0	32062
21484	31622	11	5	130	0	31768
21485	70	57	32487	59	0	32673
21486	57	9	70	32854	0	32990
21487	33097	8	52	127	0	33284
21488	33037	8	16	104	0	33165
21489	33350	4	7	45	0	33406
21490	147	58	33437	28	0	33670
21491	88	75	34108	21	0	34292
21492	36	34	153	34590	0	34813
21493	35179	1	95	145	0	35420
21494	105	70	35167	102	0	35444
21495	33545	19	95	70	0	33729
21496	97	35564	117	54	0	35832
21497	117	84	18	36938	0	37157
21498	38	77	16	37749	0	37880
21499	38115	11	10	225	0	38361
21500	102	12	8	38622	0	38744
21501	37344	9	7	183	0	37543
21502	38019	9	15	172	0	38215
21503	181	16	4	37837	0	38038
21504	105	9	10	38075	0	38199
21505	37975	8	16	231	0	38230
21506	123	77	40125	107	0	40432
21507	39329	11	99	132	0	39571
21508	119	71	42395	31	0	42616
21509	42339	9	109	127	0	42584
21510	45484	9	98	173	0	45764
21511	45165	17	18	81	0	45281
21512	44800	6	19	82	0	44907
21513	200	44841	56	53	0	45150
21514	45871	103	24	122	0	46120
21515	45984	90	11	105	0	46190
21516	204	48534	75	49	0	48862
21517	49069	109	15	124	0	49317
21518	160	213	48756	42	0	49171
21519	47895	25	123	100	0	48143
21520	178	141	50038	56	0	50413
21521	172	17	140	49822	0	50151
21522	65	14	123	50815	0	51017
21523	50	135	51158	287	0	51630
21524	68	20	148	51101	0	51337
21525	172	223	293	42789	0	43477
21526	54104	13	35	400	0	54552
21527	223	18	20	54847	0	55108
21528	217	19	20	54894	0	55150
21529	77	14	24	55100	0	55215
21530	47	54343	73	395	0	54858
21531	61	199	20	54854	0	55134
21532	54393	159	20	354	0	54926
21533	256	131	55927	261	0	56575
21534	281	28	243	57025	0	57577
21535	79	132	57382	349	0	57942
21536	55316	32	302	337	0	55987
21537	346	18	261	60206	0	60831
21538	326	178	73212	464	0	74180
21539	140	29	833	73682	0	74684
21540	111	34	742	73223	0	74110
21541	61	74244	312	1611	0	76228
21542	114	812	100	76988	0	78014
21543	102	762	69	80614	0	81547
21544	117	345	80282	1846	0	82590
21545	128	106	954	80598	0	81786
21546	128	46	863	81517	0	82554
21547	79954	44	235	1980	0	82213
21548	79673	46	146	1206	0	81071
21549	1820	80303	168	407	0	82698
21550	81732	974	90	344	0	83140
21551	81289	872	78	301	0	82540
21552	1913	81720	215	205	0	84053
21553	1166	1055	83	81175	0	83479
21554	82456	882	66	1216	0	84620
21555	83050	264	106	1054	0	84474
21556	81917	126	75	469	0	82587
21557	2103	80921	175	327	0	83526
21558	1256	1164	82690	224	0	85334
21559	83374	872	1068	324	0	85638
21560	84985	293	901	289	0	86468
21561	2175	85012	339	219	0	87745
21562	86134	1210	142	319	0	87805
21563	86647	1022	104	318	0	88091
21564	2432	293	127	85335	0	88187
21565	1398	379	86388	1377	0	89542
21566	579	131	1201	87706	0	89617
21567	457	126	1038	88132	0	89753
21568	347	124	299	89542	0	90312
21569	313	280	86068	2523	0	89184
21570	431	141	1305	83915	0	85792
21571	367	138	1076	87095	0	88676
21572	332	109	306	88202	0	88949
21573	358	107	208	88786	0	89459
21574	329	115	125	88593	0	89162
21575	257	87260	281	3044	0	90842
21576	351	1293	139	88984	0	90767
21577	307	1094	178	91264	0	92843
21578	235	427	89299	2789	0	92750
21579	312	190	1398	95863	0	97763
21580	335	146	1198	97029	0	98708
21581	335	164	359	100007	0	100865
21582	394	141	276	101561	0	102372
21583	98048	166	217	3735	0	102166
21584	1959	196	186	101123	0	103464
21585	1732	260	141	101039	0	103172
21586	697	380	97294	3596	0	101967
21587	469	94917	1816	2368	0	99570
21588	345	98786	1698	1180	0	102009
21589	96566	2871	621	905	0	100963
21590	1746	98483	456	965	0	101650
21591	1692	1991	233	96452	0	100368
21592	95856	1557	220	2422	0	100055
21593	2012	647	96753	2137	0	101549
21594	1765	376	1781	95399	0	99321
21595	701	97174	1691	2476	0	102042
21596	583	1839	493	95549	0	98464
21597	366	98347	519	2621	0	101853
21598	481	2168	242	98465	0	101356
21599	96741	1720	204	2713	0	101378
21600	2154	816	98178	2330	0	103478
21601	1954	446	1894	93012	0	97306
21602	744	97789	1893	2422	0	102848
21603	97576	1953	602	2260	0	102391
21604	2149	1801	97204	1301	0	102455
21605	2024	632	1885	96372	0	100913
21606	821	597	95353	2656	0	99427
21607	750	373	2177	94944	0	98244
21608	592	443	93704	2846	0	97585
21609	611	319	2328	91065	0	94323
21610	458	339	1936	91877	0	94610
21611	89323	365	649	4102	0	94439
21612	91330	415	437	2621	0	94803
21613	3675	391	356	87586	0	92008
21614	2181	88977	503	2627	0	94288
21615	885	2059	317	90891	0	94152
21616	717	1771	388	89437	0	92313
21617	85914	571	417	4292	0	91194
21618	2029	86380	522	2957	0	91888
21619	86808	2116	357	1504	0	90785
21620	85662	1858	316	1346	0	89182
21621	3510	83646	477	1267	0	88900
21622	2128	86856	505	1356	0	90845
21623	84294	3294	447	1360	0	89395
21624	2263	2064	83144	1458	0	88929
21625	82972	739	1987	1389	0	87087
21626	82660	571	1779	1331	0	86341
21627	3708	80767	785	1268	0	86528
21628	2462	2118	542	71643	0	76765
21629	940	81557	696	2662	0	85855
21630	80339	2394	620	2374	0	85727
21631	81604	2021	534	1386	0	85545
21632	3663	960	541	78393	0	83557
21633	2372	900	409	79642	0	83323
21634	75227	639	405	4019	0	80290
21635	2315	75597	491	2765	0	81168
21636	2120	74758	514	1526	0	78918
21637	986	74233	612	1234	0	77065
21638	510	58839	368	944	0	60661
21639	492	59539	427	920	0	61378
21640	877	2924	580	56052	0	60433
21641	559	1512	54884	1794	0	58749
21642	589	54507	1269	1568	0	57933
21643	50685	1465	1033	779	0	53962
21644	1562	1233	454	50013	0	53262
21645	50362	626	314	1501	0	52803
21646	1456	49554	476	1365	0	52851
21647	50047	1307	409	727	0	52490
21648	1516	50084	592	613	0	52805
21649	1460	1385	459	49625	0	52929
21650	49693	1126	444	1537	0	52800
21651	50623	554	414	1438	0	53029
21652	2184	462	410	50045	0	53101
21653	1486	440	316	49979	0	52221
21654	779	49111	370	2323	0	52583
21655	814	1272	243	49866	0	52195
21656	769	1106	196	50038	0	52109
21657	754	752	190	49306	0	51002
21658	615	46353	237	2395	0	49600
21659	43352	1167	170	1427	0	46116
21660	1262	44240	205	785	0	46492
21661	43396	1288	173	583	0	45440
21662	1390	43367	224	566	0	45547
21663	1373	1310	41639	503	0	44825
21664	790	1197	968	41295	0	44250
21665	636	655	40753	1122	0	43166
21666	627	556	40010	948	0	42141
21667	667	571	1599	38993	0	41830
21668	634	434	39696	1123	0	41887
21669	689	428	1060	38665	0	40842
21670	692	391	878	38828	0	40789
21671	659	434	323	39674	0	41090
21672	38376	399	207	1856	0	40838
21673	1293	414	178	38626	0	40511
21674	1290	332	118	37977	0	39717
21675	35575	317	104	1714	0	37710
21676	1172	35029	141	1218	0	37560
21677	967	33083	113	623	0	34786
21678	591	33296	123	472	0	34482
21679	395	2037	123	25186	0	27741
21680	289	561	25437	607	0	26894
21681	21748	426	509	467	0	23150
21682	433	22549	378	173	0	23533
21683	21628	433	117	155	0	22333
21684	21407	383	41	105	0	21936
21685	21637	172	55	89	0	21953
21686	679	180	21319	98	0	22276
21687	438	149	306	21312	0	22205
21688	250	131	303	21704	0	22388
21689	228	118	75	22036	0	22457
21690	178	127	70	21324	0	21699
21691	166	20891	94	628	0	21779
21692	20312	316	62	383	0	21073
21693	309	304	19287	147	0	20047
21694	18443	100	214	149	0	18906
21695	336	242	208	17334	0	18120
21696	297	17201	55	293	0	17846
21697	132	17516	36	297	0	17981
21698	230	1131	91	15417	0	16869
21699	81	16048	45	225	0	16399
21700	14105	140	23	152	0	14420
21701	135	139	13878	74	0	14226
21702	138	56	108	13043	0	13345
21703	33	28	110	13613	0	13784
21704	31	30	23	13811	0	13895
21705	33	34	24	13796	0	13887
21706	13794	27	16	207	0	14044
21707	120	14466	20	144	0	14750
21708	15778	117	25	54	0	15974
21709	184	132	24	16039	0	16379
21710	185	45	17	16177	0	16424
21711	45	16972	43	379	0	17439
21712	17479	198	21	232	0	17930
21713	17735	193	11	67	0	18006
21714	398	17804	34	56	0	18292
21715	229	224	23	16203	0	16679
21716	52	17387	41	192	0	17672
21717	17073	223	28	190	0	17514
21718	227	224	17189	58	0	17698
21719	220	56	16961	55	0	17292
21720	16019	25	395	51	0	16490
21721	210	16816	224	73	0	17323
21722	207	209	37	16787	0	17240
21723	59	195	21	16987	0	17262
21724	36	71	16985	393	0	17485
21725	35	20	203	16969	0	17227
21726	31	28	200	16988	0	17247
21727	27	16795	40	414	0	17276
21728	32	211	18	16917	0	17178
21729	38	206	21	16864	0	17129
21730	16395	34	15	428	0	16872
21731	210	16234	38	237	0	16719
21732	203	16462	26	73	0	16764
21733	51	382	17	16323	0	16773
21734	40	224	17	16600	0	16881
21735	29	48	11	16615	0	16703
21736	29	16327	27	437	0	16820
21737	47	224	9	16648	0	16928
21738	39	207	15	16488	0	16749
21739	33	45	14	16708	0	16800
21740	48	34	11	16469	0	16562
21741	38	15948	34	435	0	16455
21742	37	16677	26	251	0	16991
21743	16284	387	14	76	0	16761
21744	16358	224	12	57	0	16651
21745	431	54	17	16284	0	16786
21746	241	58	16371	266	0	16936
21747	58	50	219	16534	0	16861
21748	68	51	195	16402	0	16716
21749	16031	47	34	430	0	16542
21750	252	16446	37	252	0	16987
21751	225	243	23	16311	0	16802
21752	68	229	26	16538	0	16861
21753	60	75	16200	430	0	16765
21754	56	75	16308	250	0	16689
21755	37	54	417	16134	0	16642
21756	58	47	235	15747	0	16087
21757	49	15916	70	426	0	16461
21758	38	16220	51	266	0	16575
21759	15969	384	42	120	0	16515
21760	242	217	33	16230	0	16722
21761	197	74	16054	287	0	16612
21762	36	16006	224	271	0	16537
21763	56	226	185	16190	0	16657
21764	16203	227	39	279	0	16748
21765	224	77	20	16589	0	16910
21766	16322	46	19	314	0	16701
21767	230	16478	47	262	0	17017
21768	16327	250	24	113	0	16714
21769	244	236	17	16558	0	17055
21770	226	101	17176	291	0	17794
21771	71	68	225	16927	0	17291
21772	42	17495	228	328	0	18093
21773	73	279	47	17366	0	17765
21774	41	18428	56	335	0	18860
21775	47	293	34	18953	0	19327
21776	59	272	18513	392	0	19236
21777	57	102	18285	332	0	18776
21778	49	100	18643	164	0	18956
21779	17952	96	483	138	0	18669
21780	310	18321	278	126	0	19035
21781	279	18747	78	132	0	19236
21782	18435	490	50	122	0	19097
21783	18465	280	58	129	0	18932
21784	500	81	46	18357	0	18984
21785	287	85	18297	391	0	19060
21786	107	91	17860	305	0	18363
21787	65	83	490	17735	0	18373
21788	17697	62	262	398	0	18419
21789	280	17663	97	367	0	18407
21790	251	298	75	17749	0	18373
21791	17668	266	66	400	0	18400
21792	17719	76	56	357	0	18208
21793	481	71	17703	175	0	18430
21794	16878	82	278	168	0	17406
21795	323	117	17943	124	0	18507
21796	260	107	18241	123	0	18731
21797	99	64	486	17578	0	18227
21798	90	64	283	17899	0	18336
21799	99	74	75	18276	0	18524
21800	72	120	17829	557	0	18578
21801	17417	94	276	374	0	18161
21802	330	78	236	18333	0	18977
21803	17917	67	54	395	0	18433
21804	17660	87	53	343	0	18143
21805	511	18018	83	148	0	18760
21806	261	18313	108	150	0	18832
21807	80	18048	105	106	0	18339
21808	108	411	97	16374	0	16990
21809	69	209	16403	224	0	16905
21810	62	557	209	15024	0	15852
21811	55	15563	181	200	0	15999
21812	50	15299	51	178	0	15578
21813	94	275	46	15009	0	15424
21814	14869	142	37	177	0	15225
21815	164	14824	78	153	0	15219
21816	159	14802	72	45	0	15078
21817	15039	264	35	80	0	15418
21818	178	146	27	15094	0	15445
21819	173	49	28	15135	0	15385
21820	64	34	36	15426	0	15560
21821	14980	27	28	309	0	15344
21822	15109	21	33	196	0	15359
21823	312	17	55	15061	0	15445
21824	177	26	14803	189	0	15195
21825	14674	20	182	173	0	15049
21826	193	31	160	15038	0	15422
21827	154	48	14951	200	0	15353
21828	61	40	14964	178	0	15243
21829	63	36	293	15187	0	15579
21830	35	48	15973	207	0	16263
21831	71	32	197	16852	0	17152
21832	59	48	163	16812	0	17082
21833	54	29	49	17833	0	17965
21834	17487	34	39	418	0	17978
21835	241	55	24	17735	0	18055
21836	220	61	30	17713	0	18024
21837	74	60	31	17819	0	17984
21838	67	51	31	17850	0	17999
21839	45	67	17137	441	0	17690
21840	44	17151	238	260	0	17693
21841	58	237	183	16815	0	17293
21842	65	221	60	16197	0	16543
21843	34	16370	53	383	0	16840
21844	53	16880	69	213	0	17215
21845	16645	350	43	91	0	17129
21846	210	16479	37	86	0	16812
21847	216	225	37	16167	0	16645
21848	77	199	16362	251	0	16889
21849	15677	57	198	226	0	16158
21850	227	50	15951	102	0	16330
21851	15687	24	234	95	0	16040
21852	15830	16	188	86	0	16120
21853	377	44	15890	111	0	16422
21854	241	30	225	14956	0	15452
21855	76	15670	218	269	0	16233
21856	69	200	57	16191	0	16517
21857	16536	169	56	308	0	17069
21858	16650	40	59	265	0	17014
21859	396	16581	72	129	0	17178
21860	16699	211	53	120	0	17083
21861	253	193	54	16279	0	16779
21862	16370	43	53	319	0	16785
21863	16513	29	53	279	0	16874
21864	418	40	31	16369	0	16858
21865	16346	42	46	312	0	16746
21866	15694	44	57	267	0	16062
21867	363	63	15982	142	0	16550
21868	15627	53	216	141	0	16037
21869	264	51	15718	115	0	16148
21870	182	57	14850	88	0	15177
21871	69	15175	349	76	0	15669
21872	95	233	240	14402	0	14970
21873	56	152	14698	225	0	15131
21874	57	49	14369	192	0	14667
21875	14124	51	296	80	0	14551
21876	183	40	155	14300	0	14678
21877	161	36	42	14737	0	14976
21878	66	29	29	14943	0	15067
21879	43	31	36	14990	0	15100
21880	56	40	32	15121	0	15249
21881	67	55	14744	351	0	15217
21882	62	40	14804	201	0	15107
21883	82	29	295	14829	0	15235
21884	14729	38	157	231	0	15155
21885	206	14705	53	200	0	15164
21886	206	179	27	14613	0	15025
21887	14634	139	31	223	0	15027
21888	220	14669	58	202	0	15149
21889	196	180	37	14705	0	15118
21890	95	137	41	14950	0	15223
21891	65	34	48	15001	0	15148
21892	14657	23	43	359	0	15082
21893	214	32	14626	200	0	15072
21894	14585	22	205	81	0	14893
21895	225	28	171	14711	0	15135
21896	177	19	61	14048	0	14305
21897	62	14416	64	352	0	14894
21898	58	183	14426	219	0	14886
21899	13937	136	214	107	0	14394
21900	14507	38	157	104	0	14806
21901	312	37	14302	118	0	14769
21902	13603	26	185	110	0	13924
21903	212	14292	165	95	0	14764
21904	152	14512	67	91	0	14822
21905	74	14498	67	79	0	14718
21906	13770	294	65	73	0	14202
21907	221	151	13744	75	0	14191
21908	158	145	183	12857	0	13343
21909	69	12899	130	173	0	13271
21910	49	13029	60	134	0	13272
21911	55	12959	43	70	0	13127
21912	119	389	38	10595	0	11141
21913	12198	119	29	180	0	12526
21914	154	12346	45	145	0	12690
21915	137	135	26	12336	0	12634
21916	66	100	25	12497	0	12688
21917	12074	32	38	259	0	12403
21918	181	20	35	12196	0	12432
21919	136	20	36	12391	0	12583
21920	65	36	12210	259	0	12570
21921	57	26	137	12190	0	12410
21922	47	21	115	12494	0	12677
21923	12305	21	32	255	0	12613
21924	12320	26	26	136	0	12508
21925	256	20	32	12362	0	12670
21926	12048	21	25	174	0	12268
21927	12054	24	25	129	0	12232
21928	233	12150	35	59	0	12477
21929	142	148	11852	44	0	12186
21930	63	11438	136	43	0	11680
21931	90	306	92	10113	0	10601
21932	9851	61	86	88	0	10086
21933	71	9809	15	80	0	9975
21934	54	75	14	9770	0	9913
21935	9752	39	20	90	0	9901
21936	9707	17	18	56	0	9798
21937	114	12	11	9725	0	9862
21938	55	25	9963	89	0	10132
21939	16	14	68	10055	0	10153
21940	18	16	35	10299	0	10368
21941	14	18	10248	131	0	10411
21942	26	7	73	10176	0	10282
21943	19	7	46	10409	0	10481
21944	10683	2	18	141	0	10844
21945	84	12	8	10844	0	10948
21946	51	11	11	10900	0	10973
21947	10713	16	11	129	0	10869
21948	10676	13	12	66	0	10767
21949	10662	11	11	31	0	10715
21950	132	33	10593	26	0	10784
21951	61	21	79	10311	0	10472
21952	27	10757	48	79	0	10911
21953	24	82	15	10978	0	11099
21954	23	78	11183	88	0	11372
21955	41	72	75	10567	0	10755
21956	21	28	10857	78	0	10984
21957	10002	15	71	56	0	10144
21958	10289	10	50	27	0	10376
21959	96	10	11	10450	0	10567
21960	51	5	5	10499	0	10560
21961	17	8	9	10421	0	10455
21962	19	10850	16	89	0	10974
21963	10826	45	12	58	0	10941
21964	10907	39	5	34	0	10985
21965	87	16	8	10816	0	10927
21966	46	6	11	10817	0	10880
21967	19	10	3	10855	0	10887
21968	24	7	6	10854	0	10891
21969	19	18	10740	98	0	10875
21970	18	10	47	10756	0	10831
21971	10467	6	39	73	0	10585
21972	10389	9	9	57	0	10464
21973	87	7	5	10238	0	10337
21974	53	28	9973	70	0	10124
21975	9607	7	52	67	0	9733
21976	64	10	36	10030	0	10140
21977	37	9825	22	56	0	9940
21978	16	10199	19	41	0	10275
21979	10422	64	11	55	0	10552
21980	57	35	8	10652	0	10752
21981	40	10	10	10841	0	10901
21982	21	8	6	11315	0	11350
21983	19	5	7	11430	0	11461
21984	18	8	6	11809	0	11841
21985	20	17	11738	121	0	11896
21986	16	11	11688	75	0	11790
21987	16	17	11830	37	0	11900
21988	17	4	105	11717	0	11843
21989	29	29	12241	82	0	12381
21990	26	7	84	12190	0	12307
21991	16	3	63	12349	0	12431
21992	19	4	25	12750	0	12798
21993	12973	8	15	158	0	13154
21994	83	7	10	13168	0	13268
21995	83	4	13	13291	0	13391
21996	13138	7	7	171	0	13323
21997	78	13306	22	107	0	13513
21998	69	13599	29	44	0	13741
21999	13635	149	9	43	0	13836
22000	96	14055	33	30	0	14214
22001	14003	108	12	42	0	14165
22002	14094	75	7	42	0	14218
22003	14108	24	7	39	0	14178
22004	13939	13	6	35	0	13993
22005	13990	5	7	32	0	14034
22006	171	13865	21	33	0	14090
22007	13960	84	6	38	0	14088
22008	14028	74	14	29	0	14145
22009	174	14466	28	29	0	14697
22010	16146	102	9	48	0	16305
22011	16425	86	17	36	0	16564
22012	17571	26	12	37	0	17646
22013	18112	17	12	41	0	18182
22014	421	36	18723	33	0	19213
22015	246	23	251	19416	0	19936
22016	77	16	199	20082	0	20374
22017	47	33	19863	506	0	20449
22018	43	40	19685	266	0	20034
22019	19454	19	486	60	0	20019
22020	299	15	259	20014	0	20587
22021	265	32	20241	296	0	20834
22022	84	34	20164	237	0	20519
22023	19788	21	509	70	0	20388
22024	20362	16	262	45	0	20685
22025	20535	12	54	39	0	20640
22026	553	34	20330	34	0	20951
22027	316	20	290	20256	0	20882
22028	90	25	20782	294	0	21191
22029	20079	17	323	263	0	20682
22030	338	25	21206	76	0	21645
22031	282	21	344	20662	0	21309
22032	116	19	272	19963	0	20370
22033	54	21221	90	494	0	21859
22034	21354	294	52	279	0	21979
22035	335	261	21367	70	0	22033
22036	21251	41	339	56	0	21687
22037	393	37	22007	48	0	22485
22038	319	18	350	21268	0	21955
22039	119	13	300	21724	0	22156
22040	87	9	102	21898	0	22096
22041	21393	9	65	605	0	22072
22042	384	15	55	21448	0	21902
22043	326	15	65	21271	0	21677
22044	104	20784	92	567	0	21547
22045	113	299	50	21097	0	21559
22046	20469	245	72	399	0	21185
22047	399	64	20747	314	0	21524
22048	346	27	367	20536	0	21276
22049	149	37	20816	388	0	21390
22050	111	20260	430	333	0	21134
22051	112	320	20808	133	0	21373
22052	20158	272	440	127	0	20997
22053	20619	58	328	117	0	21122
22054	604	23	157	20136	0	20920
22055	20448	29	121	365	0	20963
22056	20512	15	104	334	0	20965
22057	631	22	106	20352	0	21111
22058	381	25	100	20719	0	21225
22059	174	47	20386	600	0	21207
22060	145	20319	408	366	0	21238
22061	20241	304	311	136	0	20992
22062	400	20093	151	121	0	20765
22063	371	347	112	19845	0	20675
22064	154	266	114	20063	0	20597
22065	146	67	109	20275	0	20597
22066	156	51	108	20243	0	20558
22067	125	61	19579	687	0	20452
22068	18896	47	388	406	0	19737
22069	19898	38	326	182	0	20444
22070	637	50	131	19577	0	20395
22071	19696	43	109	438	0	20286
22072	475	33	93	19792	0	20393
22073	386	63	19495	439	0	20383
22074	220	32	373	19232	0	19857
22075	142	19260	347	443	0	20192
22076	140	303	115	18698	0	19256
22077	115	19238	116	450	0	19919
22078	147	336	86	18031	0	18600
22079	119	18757	132	414	0	19422
22080	18051	349	82	377	0	18859
22081	389	294	18218	210	0	19111
22082	323	17449	363	162	0	18297
22083	144	17675	333	176	0	18328
22084	213	518	200	17094	0	18025
22085	145	250	120	17215	0	17730
22086	127	91	121	17318	0	17657
22087	160	50	97	17277	0	17584
22088	134	16860	107	600	0	17701
22089	165	282	93	16640	0	17180
22090	136	233	85	16605	0	17059
22091	16067	60	75	595	0	16797
22092	388	56	61	16272	0	16777
22093	302	74	15692	415	0	16483
22094	124	59	15530	359	0	16072
22095	14493	57	467	202	0	15219
22096	311	15382	272	185	0	16150
22097	252	15504	112	157	0	16025
22098	173	437	122	14926	0	15658
22099	102	256	80	15160	0	15598
22100	80	87	14605	561	0	15333
22101	13768	81	275	339	0	14463
22102	14434	60	222	195	0	14911
22103	464	53	14780	172	0	15469
22104	295	53	14587	162	0	15097
22105	14363	42	447	159	0	15011
22106	15078	50	240	171	0	15539
22107	15126	46	81	147	0	15400
22108	14856	44	54	156	0	15110
22109	467	14012	77	131	0	14687
22110	12426	186	38	122	0	12772
22111	222	160	11827	99	0	12308
22112	131	45	10692	73	0	10941
22113	59	48	10797	62	0	10966
22114	183	658	336	8347	0	9524
22115	8340	10	143	62	0	8555
22116	8324	9	11	47	0	8391
22117	76	6	10	8331	0	8423
22118	42	11	11	8167	0	8231
22119	22	5	11	8341	0	8379
22120	18	8724	21	88	0	8851
22121	8846	42	7	63	0	8958
22122	8917	34	10	31	0	8992
22123	8954	9	9	30	0	9002
22124	8928	5	12	32	0	8977
22125	8921	8	9	31	0	8969
22126	82	8	10	8638	0	8738
22127	37	8547	25	56	0	8665
22128	37	46	12	8106	0	8201
22129	18	47	11	8126	0	8202
22130	7841	12	7	63	0	7923
22131	42	19	7795	29	0	7885
22132	27	19	7587	13	0	7646
22133	13	7	7653	14	0	7687
22134	7792	8	41	20	0	7861
22135	8146	6	49	26	0	8227
22136	37	7	5	8424	0	8473
22137	22	2	12	8306	0	8342
22138	6	3	6	8501	0	8516
22139	8	16	8528	45	0	8597
22140	12	4	29	8381	0	8426
22141	13	15	8971	35	0	9034
22142	5	6	28	8990	0	9029
22143	4	3	17	9055	0	9079
22144	5	3	6	9329	0	9343
22145	9300	3	3	60	0	9366
22146	9386	4	8	29	0	9427
22147	43	14	9535	14	0	9606
22148	9319	1	24	15	0	9359
22149	9496	3	14	12	0	9525
22150	41	2	2	9525	0	9570
22151	9631	1	4	43	0	9679
22152	28	3	4	9844	0	9879
22153	25	2	4	9896	0	9927
22154	9	19	9776	47	0	9851
22155	9056	1	31	32	0	9120
22156	37	5	15	9797	0	9854
22157	24	13	9880	36	0	9953
22158	14	21	10257	24	0	10316
22159	10	7	46	10059	0	10122
22160	15	5	14	10248	0	10282
22161	10428	2	7	55	0	10492
22162	29	2	4	10626	0	10661
22163	21	2	6	10685	0	10714
22164	5	1	4	10815	0	10825
22165	11	2	9	11497	0	11519
22166	11903	1	4	87	0	11995
22167	11936	3	6	61	0	12006
22168	12256	2	2	28	0	12288
22169	12521	3	3	28	0	12555
22170	117	2	2	12904	0	13025
22171	13172	1	5	69	0	13247
22172	81	0	4	13205	0	13290
22173	13376	4	5	86	0	13471
22174	90	5	5	13386	0	13486
22175	77	4	3	13183	0	13267
22176	18	13436	15	138	0	13607
22177	19	68	3	13430	0	13520
22178	13299	66	7	90	0	13462
22179	13060	9	5	95	0	13169
22180	136	21	13447	34	0	13638
22181	88	13476	77	22	0	13663
22182	13482	71	75	29	0	13657
22183	74	13884	21	19	0	13998
22184	13823	79	11	27	0	13940
22185	85	14530	15	24	0	14654
22186	80	103	14665	38	0	14886
22187	19	14990	84	28	0	15121
22188	19	15086	87	23	0	15215
22189	23	153	13	15323	0	15512
22190	15672	79	10	107	0	15868
22191	87	15	7	15849	0	15958
22192	89	12	8	15832	0	15941
22193	15724	10	5	179	0	15918
22194	16070	8	4	129	0	16211
22195	176	7	5	16174	0	16362
22196	105	6	8	16262	0	16381
22197	37	5	7	16304	0	16353
22198	15851	7	6	192	0	16056
22199	96	22	16076	104	0	16298
22200	106	7	82	16063	0	16258
22201	36	26	16580	106	0	16748
22202	21	16449	102	102	0	16674
22203	30	112	16200	39	0	16381
22204	44	81	84	15958	0	16167
22205	21	48	16154	99	0	16322
22206	15564	10	90	115	0	15779
22207	86	22	83	16165	0	16356
22208	90	16721	37	113	0	16961
22209	41	90	11	16734	0	16876
22210	33	16823	27	103	0	16986
22211	34	16918	22	106	0	17080
22212	37	17083	26	35	0	17181
22213	45	167	14	16076	0	16302
22214	33	16718	24	101	0	16876
22215	16549	79	12	120	0	16760
22216	102	110	16445	37	0	16694
22217	99	52	16355	50	0	16556
22218	52	43	16770	36	0	16901
22219	33	17	161	16828	0	17039
22220	48	15	91	16421	0	16575
22221	48	22	24	16352	0	16446
22222	56	15	12	16460	0	16543
22223	58	15	18	16129	0	16220
22224	55	16698	29	186	0	16968
22225	48	103	16606	116	0	16873
22226	57	114	16649	66	0	16886
22227	49	17082	172	66	0	17369
22228	44	106	91	17323	0	17564
22229	56	86	28	17419	0	17589
22230	41	42	21	17487	0	17591
22231	17188	25	21	217	0	17451
22232	104	50	17091	142	0	17387
22233	16734	34	82	78	0	16928
22234	16889	31	91	75	0	17086
22235	179	16701	45	53	0	16978
22236	123	16844	43	53	0	17063
22237	16976	159	29	70	0	17234
22238	128	120	29	17052	0	17329
22239	124	49	21	17604	0	17798
22240	53	49	18138	213	0	18453
22241	41	75	18080	145	0	18341
22242	51	77	215	18374	0	18717
22243	18654	57	142	138	0	18991
22244	136	61	19562	149	0	19908
22245	19955	49	138	108	0	20250
22246	173	42	157	20617	0	20989
22247	162	47	30	21448	0	21687
22248	56	28	41	22083	0	22208
22249	56	52	21994	357	0	22459
22250	43	21883	190	215	0	22331
22251	54	22666	190	97	0	23007
22252	22646	302	30	93	0	23071
22253	23064	180	27	81	0	23352
22254	349	35	24	23137	0	23545
22255	23373	17	46	240	0	23676
22256	206	67	23067	219	0	23559
22257	200	78	22956	87	0	23321
22258	63	28	338	22757	0	23186
22259	23464	31	210	237	0	23942
22260	205	32	42	23942	0	24221
22261	216	19	63	24398	0	24696
22262	24075	30	41	430	0	24576
22263	24457	21	55	257	0	24790
22264	398	25271	47	94	0	25810
22265	25098	208	49	69	0	25424
22266	255	264	30	24261	0	24810
22267	209	24809	50	255	0	25323
22268	24659	220	37	226	0	25142
22269	231	25082	50	64	0	25427
22270	246	255	35	24513	0	25049
22271	24414	194	27	239	0	24874
22272	233	54	24309	209	0	24805
22273	210	55	24192	47	0	24504
22274	74	53	387	23804	0	24318
22275	54	26	199	24439	0	24718
22276	58	30	27	23791	0	23906
22277	43	25282	48	374	0	25747
22278	25695	239	30	229	0	26193
22279	25809	222	26	76	0	26133
22280	25899	30	22	66	0	26017
22281	467	27084	50	67	0	27668
22282	273	287	30	28813	0	29403
22283	64	235	28	29148	0	29475
22284	70	34	32	29460	0	29596
22285	27833	36	37	615	0	28521
22286	318	28054	61	325	0	28758
22287	313	320	20	27997	0	28650
22288	90	285	18	28301	0	28694
22289	80	68	27630	619	0	28397
22290	73	27409	312	333	0	28127
22291	83	334	291	27188	0	27896
22292	81	285	41	27477	0	27884
22293	80	47	31	27525	0	27683
22294	26638	45	29	634	0	27346
22295	332	26663	65	384	0	27444
22296	26902	338	24	137	0	27401
22297	374	302	28	26608	0	27312
22298	26880	61	39	382	0	27362
22299	370	91	26486	354	0	27301
22300	26427	54	317	123	0	26921
22301	26539	44	294	127	0	27004
22302	620	88	26535	99	0	27342
22303	355	72	310	26452	0	27189
22304	114	54	288	26698	0	27154
22305	27113	58	52	674	0	27897
22306	396	70	35	27590	0	28091
22307	384	57	48	27499	0	27988
22308	129	51	58	27500	0	27738
22309	118	81	26803	674	0	27676
22310	24773	57	336	443	0	25609
22311	379	27016	332	161	0	27888
22312	351	359	56	26200	0	26966
22313	130	27066	73	412	0	27681
22314	123	27660	86	393	0	28262
22315	132	640	46	27498	0	28316
22316	122	377	27566	466	0	28531
22317	120	107	27600	427	0	28254
22318	137	53	645	27611	0	28446
22319	105	97	27907	516	0	28625
22320	27189	81	380	450	0	28100
22321	416	77	340	28199	0	29032
22322	409	87	67	28339	0	28902
22323	115	28375	81	783	0	29354
22324	120	404	71	28540	0	29135
22325	135	337	83	28048	0	28603
22326	93	27855	104	794	0	28846
22327	131	391	61	28386	0	28969
22328	122	335	73	27836	0	28366
22329	121	27854	89	769	0	28833
22330	27623	402	61	463	0	28549
22331	456	385	27898	181	0	28920
22332	403	132	27794	175	0	28504
22333	160	143	645	27333	0	28281
22334	151	103	357	27891	0	28502
22335	119	112	27608	773	0	28612
22336	117	97	27382	466	0	28062
22337	25078	99	664	228	0	26069
22338	409	27086	421	193	0	28109
22339	26790	379	76	202	0	27447
22340	420	330	26398	219	0	27367
22341	349	26132	418	185	0	27084
22342	129	459	333	26241	0	27162
22343	119	337	26861	488	0	27805
22344	80	114	26163	385	0	26742
22345	140	247	656	26062	0	27105
22346	115	104	26437	489	0	27145
22347	91	25706	416	405	0	26618
22348	107	440	324	25141	0	26012
22349	104	344	25542	425	0	26415
22350	57	25606	436	402	0	26501
22351	25229	382	358	158	0	26127
22352	409	322	25168	135	0	26034
22353	319	25142	412	133	0	26006
22354	122	377	356	24768	0	25623
22355	93	313	99	25535	0	26040
22356	25246	76	79	709	0	26110
22357	408	53	87	25342	0	25890
22358	314	74	60	24912	0	25360
22359	24208	59	81	676	0	25024
22360	371	66	65	24118	0	24620
22361	286	85	23216	428	0	24015
22362	100	66	347	23242	0	23755
22363	48	75	22969	417	0	23509
22364	79	50	22015	314	0	22458
22365	59	72	22319	105	0	22555
22366	114	93	543	20895	0	21645
22367	66	34	309	21609	0	22018
22368	21439	40	88	528	0	22095
22369	300	50	69	20758	0	21177
22370	238	21804	88	356	0	22486
22371	72	284	73	22224	0	22653
22372	77	238	74	21612	0	22001
22373	34	22006	104	505	0	22649
22374	21795	273	77	300	0	22445
22375	21284	228	66	141	0	21719
22376	457	21509	83	122	0	22171
22377	190	20831	89	79	0	21189
22378	107	987	105	19708	0	20907
22379	20317	203	157	283	0	20960
22380	263	69	20462	225	0	21019
22381	198	62	18690	79	0	19029
22382	16450	35	316	52	0	16853
22383	173	17275	172	49	0	17669
22384	132	200	53	17270	0	17655
22385	43	139	32	17308	0	17522
22386	32	30	43	17610	0	17715
22387	36	23	29	17533	0	17621
22388	24	17430	49	314	0	17817
22389	18	166	37	17643	0	17864
22390	17572	125	28	214	0	17939
22391	184	39	26	17850	0	18099
22392	132	35	25	17951	0	18143
22393	17977	18	28	329	0	18352
22394	18117	21	25	187	0	18350
22395	18421	27	35	74	0	18557
22396	18531	29	40	48	0	18648
22397	341	17	25	18266	0	18649
22398	18379	31	35	194	0	18639
22399	195	24	34	18311	0	18564
22400	18210	13	34	222	0	18479
22401	18151	21	31	182	0	18385
22402	310	16	37	18222	0	18585
22403	170	34	18492	195	0	18891
22404	18213	29	176	180	0	18598
22405	18572	29	138	80	0	18819
22406	18518	15	46	72	0	18651
22407	18519	33	37	67	0	18656
22408	325	28	32	18530	0	18915
22409	160	41	18605	188	0	18994
22410	49	58	18361	163	0	18631
22411	17898	37	284	89	0	18308
22412	18581	22	142	73	0	18818
22413	273	18542	56	67	0	18938
22414	149	18414	47	58	0	18668
22415	18609	237	42	58	0	18946
22416	187	125	23	18241	0	18576
22417	148	51	31	18683	0	18913
22418	18508	24	34	279	0	18845
22419	171	18860	35	162	0	19228
22420	19193	143	23	90	0	19449
22421	177	121	18969	54	0	19321
22422	18788	31	140	70	0	19029
22423	179	31	107	19028	0	19345
22424	130	40	19451	199	0	19820
22425	73	19640	160	166	0	20039
22426	75	126	113	20136	0	20450
22427	51	132	21005	181	0	21369
22428	70	45	154	20924	0	21193
22429	21308	8	132	227	0	21675
22430	193	34	21346	164	0	21737
22431	20499	16	163	89	0	20767
22432	201	21655	152	75	0	22083
22433	167	159	42	21869	0	22237
22434	68	151	22932	191	0	23342
22435	61	56	156	22912	0	23185
22436	71	50	23408	212	0	23741
22437	63	23204	182	163	0	23612
22438	22865	144	128	78	0	23215
22439	168	23753	59	51	0	24031
22440	165	148	24	23494	0	23831
22441	84	133	26	23591	0	23834
22442	71	75	22785	253	0	23184
22443	17979	33	141	215	0	18368
22444	148	21633	128	67	0	21976
22445	98	20505	48	33	0	20684
22446	38	20657	37	37	0	20769
22447	105	267	74	19831	0	20277
22448	23	20129	52	92	0	20296
22449	52	141	21	19625	0	19839
22450	33	19866	31	110	0	20040
22451	38	110	15	19346	0	19509
22452	20	19994	35	87	0	20136
22453	19876	62	19	92	0	20049
22454	79	101	19872	27	0	20079
22455	18908	33	106	49	0	19096
22456	19899	17	59	33	0	20008
22457	20284	22	15	36	0	20357
22458	118	20397	31	33	0	20579
22459	20703	61	23	36	0	20823
22460	20637	53	18	34	0	20742
22461	21098	17	20	45	0	21180
22462	139	51	20860	15	0	21065
22463	102	17	64	21231	0	21414
22464	40	52	21761	88	0	21941
22465	38	15	92	21612	0	21757
22466	21655	10	84	122	0	21871
22467	104	21902	32	100	0	22138
22468	93	120	24444	40	0	24697
22469	49	90	168	24306	0	24613
22470	35	33	112	26054	0	26234
22471	23	52	28292	334	0	28701
22472	27212	23	296	177	0	27708
22473	28908	22	188	58	0	29176
22474	29611	27	37	31	0	29706
22475	483	28	23	28818	0	29352
22476	219	28865	42	284	0	29410
22477	52	29953	41	215	0	30261
22478	51	468	29	29683	0	30231
22479	50	223	27	29227	0	29527
22480	31	29385	51	454	0	29921
22481	29268	288	26	222	0	29804
22482	305	29471	33	84	0	29893
22483	213	308	13	28968	0	29502
22484	50	241	28822	303	0	29416
22485	39	44	298	28699	0	29080
22486	28816	24	202	329	0	29371
22487	304	60	28964	215	0	29543
22488	28888	29	303	67	0	29287
22489	29672	32	245	71	0	30020
22490	30184	24	46	59	0	30313
22491	30257	25	39	62	0	30383
22492	30970	33	52	56	0	31111
22493	559	37	30093	40	0	30729
22494	281	58	30167	42	0	30548
22495	31522	35	520	63	0	32140
22496	32692	33	240	46	0	33011
22497	623	45	47	32685	0	33400
22498	304	33492	56	374	0	34226
22499	96	389	34	33953	0	34472
22500	34486	274	28	442	0	35230
22501	456	58	29	33161	0	33704
22502	306	34789	58	398	0	35551
22503	34637	394	28	313	0	35372
22504	34506	287	32	86	0	34911
22505	34525	59	32	77	0	34693
22506	686	34153	84	61	0	34984
22507	395	388	37	34062	0	34882
22508	125	285	31	33585	0	34026
22509	91	33321	73	655	0	34140
22510	135	414	22	33708	0	34279
22511	33274	285	27	463	0	34049
22512	33297	65	48	334	0	33744
22513	700	33080	79	110	0	33969
22514	392	437	28	33100	0	33957
22515	169	303	46	33308	0	33826
22516	123	77	59	33727	0	33986
22517	32400	59	65	737	0	33261
22518	495	84	32288	383	0	33250
22519	31016	53	424	159	0	31652
22520	530	166	32153	132	0	32981
22521	434	114	438	30225	0	31211
22522	179	31363	325	433	0	32300
22523	173	32390	93	388	0	33044
22524	31506	691	57	139	0	32393
22525	31211	366	63	158	0	31798
22526	723	30716	78	147	0	31664
22527	372	30373	84	160	0	30989
22528	30525	682	83	162	0	31452
22529	31194	365	58	166	0	31783
22530	770	31654	91	147	0	32662
22531	32480	480	67	134	0	33161
22532	569	380	32096	135	0	33180
22533	32294	135	433	158	0	33020
22534	32107	97	321	173	0	32698
22535	844	101	105	31401	0	32451
22536	497	31439	99	510	0	32545
22537	260	468	75	31881	0	32684
22538	31938	353	71	531	0	32893
22539	655	99	56	31330	0	32140
22540	499	98	65	31680	0	32342
22541	250	156	31995	798	0	33199
22542	248	114	472	32246	0	33080
22543	243	94	333	33036	0	33706
22544	32729	111	107	835	0	33782
22545	579	149	32752	442	0	33922
22546	33045	120	462	202	0	33829
22547	626	120	326	33118	0	34190
22548	503	110	88	33354	0	34055
22549	264	121	66	33012	0	33463
22550	227	32220	105	793	0	33345
22551	200	32976	134	472	0	33782
22552	279	736	60	32395	0	33470
22553	32405	379	68	521	0	33373
22554	32651	135	65	412	0	33263
22555	951	119	47	32324	0	33441
22556	32373	115	67	589	0	33144
22557	697	111	66	32219	0	33093
22558	513	112	62	32466	0	33153
22559	31397	101	60	884	0	32442
22560	636	32604	105	473	0	33818
22561	32649	508	52	222	0	33431
22562	32521	358	47	227	0	33153
22563	31669	118	66	236	0	32089
22564	836	31379	92	224	0	32531
22565	487	587	92	31299	0	32465
22566	264	354	60	31764	0	32442
22567	224	139	30859	854	0	32076
22568	207	330	395	28255	0	29187
22569	170	122	27547	488	0	28327
22570	150	25915	356	323	0	26744
22571	104	23198	213	141	0	23656
22572	109	23702	72	102	0	23985
22573	286	466	226	23599	0	24577
22574	133	197	65	23765	0	24160
22575	91	66	23	24004	0	24184
22576	82	58	31	24278	0	24449
22577	77	91	24215	475	0	24858
22578	78	79	27974	281	0	28412
22579	82	60	469	28729	0	29340
22580	104	76	29914	401	0	30495
22581	29418	58	348	332	0	30156
22582	30197	52	236	152	0	30637
22583	586	81	30421	129	0	31217
22584	321	43	347	30496	0	31207
22585	141	43	248	31170	0	31602
22586	130	49	51	31540	0	31770
22587	142	45	55	31361	0	31603
22588	129	42	62	31793	0	32026
22589	26008	121	106	690	0	26925
22590	30218	50	67	395	0	30730
22591	548	30605	93	213	0	31459
22592	312	369	29575	171	0	30427
22593	95	29570	357	169	0	30191
22594	83	29586	260	151	0	30080
22595	28106	487	61	117	0	28771
22596	328	28037	91	130	0	28586
22597	212	27108	76	98	0	27494
22598	26726	447	98	89	0	27360
22599	325	228	26633	91	0	27277
22600	26074	51	285	105	0	26515
22601	309	53	210	26831	0	27403
22602	248	38	37	26288	0	26611
22603	107	34	57	26559	0	26757
22604	81	54	26058	532	0	26725
22605	68	26109	324	308	0	26809
22606	26201	259	209	170	0	26839
22607	324	192	88	26364	0	26968
22608	226	26766	79	423	0	27494
22609	87	318	96	27451	0	27952
22610	124	246	27487	366	0	28223
22611	130	93	312	27635	0	28170
22612	124	76	236	28189	0	28625
22613	116	78	56	28533	0	28783
22614	28163	91	61	632	0	28947
22615	360	75	81	28481	0	28997
22616	258	87	28286	482	0	29113
22617	109	28251	342	377	0	29079
22618	157	312	229	28414	0	29112
22619	146	246	92	28362	0	28846
22620	108	147	28038	575	0	28868
22621	118	101	27396	342	0	27957
22622	26817	139	597	224	0	27777
22623	26971	139	288	240	0	27638
22624	564	27230	180	217	0	28191
22625	27272	360	132	187	0	27951
22626	467	285	27196	178	0	28126
22627	340	105	26889	205	0	27539
22628	26376	139	592	319	0	27426
22629	26076	76	290	352	0	26794
22630	494	83	25448	365	0	26390
22631	24698	76	347	333	0	25454
22632	385	95	25289	301	0	26070
22633	24752	92	389	178	0	25411
22634	25042	177	242	155	0	25616
22635	557	215	121	23189	0	24082
22636	265	25865	160	394	0	26684
22637	21079	499	232	320	0	22130
22638	314	357	26152	189	0	27012
22639	308	26295	416	170	0	27189
22640	26394	448	259	223	0	27324
22641	25017	320	124	220	0	25681
22642	599	25295	178	213	0	26285
22643	402	333	204	25285	0	26224
22644	215	252	24942	477	0	25886
22645	190	106	407	25058	0	25761
22646	167	147	24887	544	0	25745
22647	153	114	443	24768	0	25478
22648	162	113	369	24945	0	25589
22649	184	179	24588	594	0	25545
22650	229	24539	442	384	0	25594
22651	260	371	274	24018	0	24923
22652	259	319	19501	525	0	20604
22653	23872	140	301	414	0	24727
22654	398	106	304	24768	0	25576
22655	305	96	180	25044	0	25625
22656	24664	76	175	657	0	25572
22657	457	102	153	24554	0	25266
22658	434	105	124	23800	0	24463
22659	209	24319	203	549	0	25280
22660	239	334	191	23796	0	24560
22661	162	330	23509	415	0	24416
22662	215	114	337	22598	0	23264
22663	193	23074	323	440	0	24030
22664	144	23346	262	366	0	24118
22665	208	460	210	23213	0	24091
22666	23377	262	178	393	0	24210
22667	446	146	194	23350	0	24136
22668	23407	220	157	388	0	24172
22669	490	120	178	23421	0	24209
22670	23370	115	245	419	0	24149
22671	23790	118	209	391	0	24508
22672	644	141	181	23410	0	24376
22673	484	814	230	22149	0	23677
22674	270	22475	254	593	0	23592
22675	289	22806	212	376	0	23683
22676	278	418	22353	275	0	23324
22677	270	21882	313	279	0	22744
22678	17107	268	422	177	0	17974
22679	331	149	143	16689	0	17312
22680	158	16157	99	205	0	16619
22681	16462	145	76	185	0	16868
22682	226	131	59	16444	0	16860
22683	183	49	74	16126	0	16432
22684	88	55	93	16481	0	16717
22685	108	51	104	16432	0	16695
22686	103	16833	106	297	0	17339
22687	126	17718	71	165	0	18080
22688	18165	240	81	101	0	18587
22689	261	18567	88	68	0	18984
22690	196	202	84	18426	0	18908
22691	116	152	47	18553	0	18868
22692	128	52	56	18685	0	18921
22693	125	58	46	18792	0	19021
22694	18531	46	57	329	0	18963
22695	18830	40	79	176	0	19125
22696	353	52	18818	92	0	19315
22697	198	38	222	18827	0	19285
22698	112	56	19279	256	0	19703
22699	115	55	216	19146	0	19532
22700	101	54	168	19362	0	19685
22701	19201	46	52	391	0	19690
22702	251	53	55	19346	0	19705
22703	175	61	19251	267	0	19754
22704	74	73	18684	190	0	19021
22705	18607	44	322	110	0	19083
22706	240	66	19293	103	0	19702
22707	185	74	201	18427	0	18887
22708	46	37	19028	256	0	19367
22709	50	113	194	18266	0	18623
22710	30	18552	151	231	0	18964
22711	47	216	52	18231	0	18546
22712	20	18412	49	233	0	18714
22713	27	18349	40	158	0	18574
22714	40	295	24	17942	0	18301
22715	17902	130	24	218	0	18274
22716	164	18063	33	150	0	18410
22717	140	172	9	18035	0	18356
22718	18151	117	13	202	0	18483
22719	18390	26	12	161	0	18589
22720	18734	23	8	85	0	18850
22721	293	27	23	18491	0	18834
22722	153	23	14	18706	0	18896
22723	18803	26	23	313	0	19165
22724	18862	16	19	178	0	19075
22725	19099	21	10	77	0	19207
22726	290	24	24	18875	0	19213
22727	136	46	18345	205	0	18732
22728	17977	25	159	150	0	18311
22729	190	27	111	18202	0	18530
22730	138	18558	45	211	0	18952
22731	65	218	27	18307	0	18617
22732	49	18516	47	196	0	18808
22733	64	185	28	18624	0	18901
22734	41	129	18306	217	0	18693
22735	46	18139	171	159	0	18515
22736	55	157	111	17175	0	17498
22737	45	109	37	17247	0	17438
22738	44	34	29	17236	0	17343
22739	17275	20	27	287	0	17609
22740	155	17556	38	168	0	17917
22741	139	172	21	17860	0	18192
22742	18048	130	17	217	0	18412
22743	18116	41	26	180	0	18363
22744	317	25	20	18162	0	18524
22745	168	59	18352	240	0	18819
22746	63	25	187	18056	0	18331
22747	46	18390	166	236	0	18838
22748	66	193	27	18630	0	18916
22749	18562	130	39	252	0	18983
22750	215	42	30	19377	0	19664
22751	165	44	19635	281	0	20125
22752	54	20498	214	200	0	20966
22753	20624	222	136	119	0	21101
22754	247	182	20891	92	0	21412
22755	20845	42	226	91	0	21204
22756	264	30	176	21445	0	21915
22757	214	28	63	21535	0	21840
22758	69	21823	66	408	0	22366
22759	22482	210	55	244	0	22991
22760	275	179	40	22852	0	23346
22761	231	43	42	23085	0	23401
22762	99	27	37	23667	0	23830
22763	73	60	23453	457	0	24043
22764	61	42	249	23613	0	23965
22765	23713	33	190	328	0	24264
22766	24121	49	57	255	0	24482
22767	431	35	32	24067	0	24565
22768	242	30	29	24229	0	24530
22769	23826	41	33	453	0	24353
22770	265	49	23740	264	0	24318
22771	23142	37	241	107	0	23527
22772	287	71	23370	87	0	23815
22773	230	50	23367	97	0	23744
22774	108	35	382	23197	0	23722
22775	75	47	23670	303	0	24095
22776	23222	31	260	243	0	23756
22777	278	26	183	23882	0	24369
22778	219	60	23865	285	0	24429
22779	22865	27	233	257	0	23382
22780	23552	31	184	129	0	23896
22781	430	52	23968	100	0	24550
22782	262	115	235	22477	0	23089
22783	89	24185	225	240	0	24739
22784	24328	221	66	226	0	24841
22785	272	201	24570	89	0	25132
22786	22387	82	207	115	0	22791
22787	237	23435	190	100	0	23962
22788	22542	156	114	75	0	22887
22789	22394	125	25	84	0	22628
22790	22502	31	30	94	0	22657
22791	309	83	41	22271	0	22704
22792	178	22661	46	192	0	23077
22793	83	193	22357	176	0	22809
22794	60	22931	177	90	0	23258
22795	94	229	137	20774	0	21234
22796	65	22364	74	147	0	22650
22797	50	22471	51	154	0	22726
22798	21819	227	55	86	0	22187
22799	161	162	21885	44	0	22252
22800	150	75	22249	62	0	22536
22801	81	73	22167	62	0	22383
22802	69	22340	239	77	0	22725
22803	22221	128	155	72	0	22576
22804	22244	118	43	75	0	22480
22805	22112	49	35	83	0	22279
22806	246	21991	56	78	0	22371
22807	150	135	38	22436	0	22759
22808	77	132	22285	172	0	22666
22809	62	80	22279	164	0	22585
22810	22324	33	239	124	0	22720
22811	23048	29	143	81	0	23301
22812	23148	32	59	84	0	23323
22813	286	56	22755	96	0	23193
22814	22508	31	156	106	0	22801
22815	213	30	126	22861	0	23230
22816	179	36	70	22845	0	23130
22817	111	71	23355	279	0	23816
22818	98	23444	190	190	0	23922
22819	86	119	167	23509	0	23881
22820	78	143	23244	217	0	23682
22821	21805	46	186	228	0	22265
22822	209	29	162	23439	0	23839
22823	195	28	81	23475	0	23779
22824	23306	22	70	315	0	23713
22825	240	24	69	23365	0	23698
22826	23319	18	70	238	0	23645
22827	23341	22	82	230	0	23675
22828	309	35	76	23367	0	23787
22829	244	35	83	23484	0	23846
22830	23225	27	80	315	0	23647
22831	235	26	87	23504	0	23852
22832	23672	29	91	230	0	24022
22833	23642	33	90	204	0	23969
22834	23717	32	80	118	0	23947
22835	367	21	86	23262	0	23736
22836	233	36	82	23288	0	23639
22837	23249	18	76	290	0	23633
22838	209	23048	105	162	0	23524
22839	173	22562	98	58	0	22891
22840	22289	160	73	83	0	22605
22841	163	134	22005	53	0	22355
22842	21621	36	130	59	0	21846
22843	164	25	116	22626	0	22931
22844	146	59	22833	124	0	23162
22845	22409	35	112	120	0	22676
22846	179	40	93	23107	0	23419
22847	157	34	54	23628	0	23873
22848	112	30	50	24084	0	24276
22849	108	45	31	24068	0	24252
22850	23378	40	41	165	0	23624
22851	120	22946	76	116	0	23258
22852	21588	54	36	52	0	21730
22853	99	96	21617	36	0	21848
22854	86	57	21153	34	0	21330
22855	45	21988	113	30	0	22176
22856	141	275	142	21361	0	21919
22857	41	71	21471	84	0	21667
22858	23	20480	54	91	0	20648
22859	31	61	20340	54	0	20486
22860	18	16	23	19982	0	20039
22861	11	8	14	20110	0	20143
22862	20008	4	7	49	0	20068
22863	26	5	3	19803	0	19837
22864	19680	1	8	50	0	19739
22865	34	35	19805	23	0	19897
22866	16	20001	45	24	0	20086
22867	19	22	13	20864	0	20918
22868	34	14	6	22042	0	22096
22869	11	48	22372	44	0	22475
22870	21	49	21514	22	0	21606
22871	20893	5	43	52	0	20993
22872	22732	3	9	39	0	22783
22873	39	6	9	22685	0	22739
22874	25	11	2	22635	0	22673
22875	6	22439	43	56	0	22544
22876	9	29	4	23196	0	23238
22877	23598	13	10	71	0	23692
22878	24067	7	7	51	0	24132
22879	99	24588	38	12	0	24737
22880	24937	72	6	38	0	25053
22881	24908	49	9	40	0	25006
22882	150	11	13	26610	0	26784
22883	74	27149	41	162	0	27426
22884	32	142	10	27504	0	27688
22885	23	104	5	27767	0	27899
22886	22	58	27280	266	0	27626
22887	27405	10	161	160	0	27736
22888	219	11	112	30146	0	30488
22889	174	22	12	31630	0	31838
22890	26	36207	57	491	0	36781
22891	32	404	13	38748	0	39197
22892	39524	296	15	535	0	40370
22893	42172	55	19	398	0	42644
22894	911	86	42263	96	0	43356
22895	456	97	42709	53	0	43315
22896	107	27	948	42663	0	43745
22897	69	13	444	44514	0	45040
22898	49	93	44203	1033	0	45378
22899	46	70	44506	509	0	45131
22900	51	45	1035	42766	0	43897
22901	41	81	44722	673	0	45517
22902	84	105	44671	488	0	45348
22903	74	22	1069	43059	0	44224
22904	44520	18	515	689	0	45742
22905	45556	11	113	515	0	46195
22906	1087	15	76	44890	0	46068
22907	540	24	65	45491	0	46120
22908	44767	16	58	1113	0	45954
22909	706	10	52	44606	0	45374
22910	44401	22	44	777	0	45244
22911	44209	22	60	567	0	44858
22912	1124	25	58	44132	0	45339
22913	570	28	47	44703	0	45348
22914	43359	30	51	1161	0	44601
22915	705	43610	100	598	0	45013
22916	498	44382	112	219	0	45211
22917	165	1046	76	43161	0	44448
22918	134	532	43058	753	0	44477
22919	132	92	686	43189	0	44099
22920	42977	51	494	812	0	44334
22921	726	44	132	43416	0	44318
22922	43362	34	99	849	0	44344
22923	754	95	42973	604	0	44426
22924	42847	54	698	250	0	43849
22925	781	39	493	43435	0	44748
22926	581	40	138	44317	0	45076
22927	201	100	45076	1184	0	46561
22928	205	45	716	45157	0	46123
22929	153	51	515	45951	0	46670
22930	146	63	122	46959	0	47290
22931	45722	60	104	1335	0	47221
22932	780	115	45989	696	0	47580
22933	617	105	45932	275	0	46929
22934	44813	57	1124	299	0	46293
22935	46204	33	595	283	0	47115
22936	1202	118	46634	274	0	48228
22937	678	76	781	44498	0	46033
22938	247	46880	678	816	0	48621
22939	243	646	262	47785	0	48936
22940	47636	468	257	984	0	49345
22941	48203	99	277	739	0	49318
22942	1243	65	275	47267	0	48850
22943	646	47372	365	940	0	49323
22944	355	643	266	45240	0	46504
22945	269	47374	350	896	0	48889
22946	47263	692	259	733	0	48947
22947	46324	482	245	445	0	47496
22948	46566	105	241	424	0	47336
22949	1289	45046	298	426	0	47059
22950	743	46410	300	443	0	47896
22951	387	1133	210	46303	0	48033
22952	377	511	186	46998	0	48072
22953	381	130	158	47006	0	47675
22954	379	109	173	47423	0	48084
22955	338	176	45560	1445	0	47519
22956	43390	124	740	954	0	45208
22957	924	189	46478	493	0	48084
22958	46253	119	836	441	0	47649
22959	1001	188	47713	414	0	49316
22960	47187	130	809	507	0	48633
22961	1062	201	48615	406	0	50284
22962	47198	122	892	417	0	48629
22963	1046	118	660	48615	0	50439
22964	49694	114	267	1074	0	51149
22965	1108	119	204	50351	0	51782
22966	821	103	228	50527	0	51679
22967	424	90	222	49052	0	49788
22968	349	47687	303	1507	0	49846
22969	47456	729	206	948	0	49339
22970	47494	532	198	560	0	48784
22971	1409	47699	276	457	0	49841
22972	874	751	195	47720	0	49540
22973	412	633	47361	1031	0	49437
22974	46307	124	838	896	0	48165
22975	47962	87	639	482	0	49170
22976	47558	116	259	449	0	48382
22977	1462	103	227	45160	0	46952
22978	797	44844	332	906	0	46879
22979	454	687	202	45115	0	46458
22980	44560	485	220	954	0	46219
22981	1015	158	209	43060	0	44442
22982	673	41870	260	818	0	43621
22983	40645	604	207	666	0	42122
22984	838	557	41066	314	0	42775
22985	839	223	40597	292	0	41951
22986	328	40534	1048	265	0	42175
22987	277	39689	534	233	0	40733
22988	782	917	37073	232	0	39004
22989	623	550	34921	231	0	36325
22990	444	1823	772	27089	0	30128
22991	28129	86	370	335	0	28920
22992	316	125	27966	199	0	28606
22993	149	26038	197	73	0	26457
22994	25764	143	250	90	0	26247
22995	146	25675	71	63	0	25955
22996	24597	103	36	62	0	24798
22997	120	24728	55	37	0	24940
22998	102	25144	41	43	0	25330
22999	80	178	47	25335	0	25640
23000	84	95	46	25365	0	25590
23001	45	81	24645	150	0	24921
23002	44	23	84	24342	0	24493
23003	24582	29	64	137	0	24812
23004	24702	17	25	116	0	24860
23005	158	17	15	24434	0	24624
23006	86	65	24178	100	0	24429
23007	50	65	24007	108	0	24230
23008	42	20	148	24299	0	24509
23009	44	62	24905	114	0	25125
23010	38	22	115	24731	0	24906
23011	46	21	96	24736	0	24899
23012	37	60	27140	181	0	27418
23013	25449	24	177	159	0	25809
23014	27260	22	160	63	0	27505
23015	287	62	27745	51	0	28145
23016	178	79	28403	46	0	28706
23017	76	25	382	28137	0	28620
23018	54	19	211	31743	0	32027
23019	64	19	50	32584	0	32717
23020	65	22	45	32698	0	32830
23021	32620	28	29	563	0	33240
23022	34352	21	34	316	0	34723
23023	577	32	34	36104	0	36747
23024	343	20	22	37757	0	38142
23025	88	83	39962	766	0	40899
23026	92	20	545	40800	0	41457
23027	80	13	426	42245	0	42764
23028	42827	14	73	1150	0	44064
23029	703	45532	110	613	0	46958
23030	593	799	35	45389	0	46816
23031	147	572	32	45984	0	46735
23032	79	98	45	45271	0	45493
23033	44	42755	97	1471	0	44367
23034	42	45058	118	750	0	45968
23035	86	1356	42	44590	0	46074
23036	86	641	34	44532	0	45293
23037	77	114	41	45255	0	45487
23038	42685	56	41	1531	0	44313
23039	781	43202	86	822	0	44891
23040	43990	798	37	221	0	45046
23041	44212	614	38	160	0	45024
23042	1444	130	27	42592	0	44193
23043	708	42578	84	907	0	44277
23044	42711	818	66	722	0	44317
23045	891	641	30	42708	0	44270
23046	43563	137	56	989	0	44745
23047	948	80	32	44037	0	45097
23048	687	123	43727	1002	0	45539
23049	173	131	44629	785	0	45718
23050	137	84	1382	44035	0	45638
23051	145	76	686	44852	0	45759
23052	172	100	119	43793	0	44184
23053	110	43327	119	1514	0	45070
23054	117	45144	132	819	0	46212
23055	43943	1364	71	329	0	45707
23056	43246	723	63	256	0	44288
23057	1398	43191	113	235	0	44937
23058	668	42648	99	238	0	43653
23059	165	43870	100	236	0	44371
23060	41368	1402	91	266	0	43127
23061	810	42116	96	257	0	43279
23062	666	920	45	41609	0	43240
23063	41610	630	46	955	0	43241
23064	41593	147	56	763	0	42559
23065	1422	111	64	40246	0	41843
23066	743	173	39689	949	0	41554
23067	236	181	40175	739	0	41331
23068	211	118	1315	39782	0	41426
23069	181	177	40947	972	0	42277
23070	230	127	849	40624	0	41830
23071	186	127	617	40693	0	41623
23072	193	183	40341	1477	0	42194
23073	177	178	40707	835	0	41897
23074	189	118	1365	39904	0	41576
23075	198	125	684	41564	0	42571
23076	40297	153	174	1581	0	42205
23077	878	40193	201	913	0	42185
23078	680	41860	190	398	0	43128
23079	40850	1376	117	403	0	42746
23080	41606	753	111	371	0	42841
23081	1425	40817	181	405	0	42828
23082	788	41569	177	388	0	42922
23083	41201	1420	115	373	0	43109
23084	1006	760	109	40841	0	42716
23085	40655	263	118	1131	0	42167
23086	999	40387	189	983	0	42558
23087	40924	935	111	492	0	42462
23088	1051	743	40297	452	0	42543
23089	39986	232	846	461	0	41525
23090	1071	253	40834	396	0	42554
23091	810	230	892	39926	0	41858
23092	39429	196	704	1140	0	41469
23093	982	251	38892	979	0	41104
23094	803	237	831	38997	0	40868
23095	38615	230	666	1156	0	40667
23096	1011	305	38672	938	0	40926
23097	844	251	850	38937	0	40882
23098	38184	268	654	1182	0	40288
23099	982	38041	255	978	0	40256
23100	853	933	138	38727	0	40651
23101	362	806	136	38839	0	40143
23102	373	324	129	38957	0	39783
23103	317	38930	183	1649	0	41079
23104	390	962	122	40410	0	41884
23105	399	768	134	40689	0	41990
23106	421	297	138	41213	0	42069
23107	406	234	149	41995	0	42784
23108	418	279	40343	1675	0	42715
23109	38386	221	900	997	0	40504
23110	40194	240	719	456	0	41609
23111	1607	39869	327	379	0	42182
23112	847	860	164	37973	0	39844
23113	398	676	187	38101	0	39362
23114	260	38097	237	1539	0	40133
23115	314	789	192	37907	0	39202
23116	36112	623	246	980	0	37961
23117	777	35384	283	821	0	37265
23118	33752	695	171	303	0	34921
23119	776	581	138	33168	0	34663
23120	604	195	32913	855	0	34567
23121	220	32911	695	681	0	34507
23122	30377	685	640	252	0	31954
23123	551	29462	144	221	0	30378
23124	466	28472	144	176	0	29258
23125	25114	634	241	155	0	26144
23126	398	326	25118	141	0	25983
23127	221	23128	281	81	0	23711
23128	19962	586	920	217	0	21685
23129	18356	146	113	73	0	18688
23130	181	18369	23	48	0	18621
23131	104	105	15	18828	0	19052
23132	28	111	19253	127	0	19519
23133	28	29	100	19097	0	19254
23134	24	30	82	19101	0	19237
23135	42	19	16	19934	0	20011
23136	23	39	19912	195	0	20169
23137	32	44	86	19428	0	19590
23138	32	36	19878	116	0	20062
23139	26	33	19161	106	0	19326
23140	16764	26	174	78	0	17042
23141	99	19628	95	32	0	19854
23142	98	19806	23	33	0	19960
23143	48	178	39	20256	0	20521
23144	21872	102	15	167	0	22156
23145	22059	22	15	127	0	22223
23146	21796	24	24	42	0	21886
23147	21907	24	10	46	0	21987
23148	21085	18	12	37	0	21152
23149	204	56	20772	39	0	21071
23150	119	17	109	20526	0	20771
23151	30	20535	111	125	0	20801
23152	38	109	34	20780	0	20961
23153	21035	107	15	153	0	21310
23154	118	21045	36	126	0	21325
23155	108	127	22	21276	0	21533
23156	21398	103	21	145	0	21667
23157	21959	29	17	146	0	22151
23158	223	25	24	22007	0	22279
23159	135	24	23	21672	0	21854
23160	66	23	15	21931	0	22035
23161	42	39	21581	239	0	21901
23162	33	67	21844	138	0	22082
23163	48	16	201	22239	0	22504
23164	48	24	111	22577	0	22760
23165	22492	25	30	244	0	22791
23166	22462	22	25	161	0	22670
23167	22884	25	19	75	0	23003
23168	23424	26	25	71	0	23546
23169	22975	29	21	64	0	23089
23170	235	23471	42	50	0	23798
23171	24163	130	18	78	0	24389
23172	24204	108	18	67	0	24397
23173	24184	38	16	65	0	24303
23174	265	31	16	24635	0	24947
23175	169	51	24440	174	0	24834
23176	87	32	136	24814	0	25069
23177	57	69	26415	200	0	26741
23178	60	24	170	25198	0	25452
23179	48	26432	161	191	0	26832
23180	26537	153	35	171	0	26896
23181	27400	131	38	94	0	27663
23182	309	39	24	27837	0	28209
23183	186	33	17	29046	0	29282
23184	74	23	19	29023	0	29139
23185	68	29641	50	320	0	30079
23186	29492	179	15	186	0	29872
23187	29481	137	20	84	0	29722
23188	323	29861	41	54	0	30279
23189	200	182	19	30069	0	30470
23190	93	153	19	29221	0	29486
23191	64	30197	63	283	0	30607
23192	30574	182	18	194	0	30968
23193	30509	144	22	82	0	30757
23194	349	32	20	30636	0	31037
23195	190	59	30812	227	0	31288
23196	84	60	30070	176	0	30390
23197	77	34	323	31495	0	31929
23198	73	26	164	31715	0	31978
23199	80	31	45	32229	0	32385
23200	31828	20	35	422	0	32305
23201	32061	25	21	240	0	32347
23202	374	33548	58	140	0	34120
23203	33585	213	59	85	0	33942
23204	288	193	33673	63	0	34217
23205	216	88	33574	73	0	33951
23206	75	35011	398	77	0	35561
23207	34029	252	251	67	0	34599
23208	207	34318	72	63	0	34660
23209	34207	213	31	73	0	34524
23210	248	184	34253	52	0	34737
23211	171	95	33782	52	0	34100
23212	84	28	324	33458	0	33894
23213	78	72	35282	241	0	35673
23214	70	35	219	35494	0	35818
23215	76	48	165	32936	0	33225
23216	49	36083	61	396	0	36589
23217	73	217	36	36542	0	36868
23218	69	150	31	37011	0	37261
23219	37926	56	35	399	0	38416
23220	259	38198	59	225	0	38741
23221	203	247	41	39057	0	39548
23222	82	218	39080	337	0	39717
23223	34436	54	279	311	0	35080
23224	318	85	39157	93	0	39653
23225	251	63	284	37629	0	38227
23226	82	40123	230	297	0	40732
23227	90	318	66	39336	0	39810
23228	40557	236	69	370	0	41232
23229	40259	62	53	273	0	40647
23230	564	41567	84	105	0	42320
23231	42946	355	50	144	0	43495
23232	43147	248	45	172	0	43612
23233	43612	84	43	130	0	43869
23234	44213	51	39	113	0	44416
23235	40734	43	105	142	0	41024
23236	558	77	43115	69	0	43819
23237	308	61	360	42578	0	43307
23238	136	66	268	42306	0	42776
23239	117	50	83	42417	0	42667
23240	103	43026	112	600	0	43841
23241	123	354	60	42910	0	43447
23242	109	315	42921	408	0	43753
23243	96	42085	373	320	0	42874
23244	91	41611	287	129	0	42118
23245	156	545	91	41484	0	42276
23246	103	274	75	41537	0	41989
23247	115	91	77	40591	0	40874
23248	90	40528	113	611	0	41342
23249	94	41129	104	355	0	41682
23250	40925	536	59	162	0	41682
23251	40795	295	64	124	0	41278
23252	553	41247	94	187	0	42081
23253	41831	344	83	154	0	42412
23254	42561	268	68	211	0	43108
23255	617	104	79	43115	0	43915
23256	373	101	61	44492	0	45027
23257	175	67	70	44604	0	44916
23258	166	136	44439	670	0	45411
23259	165	142	44457	353	0	45117
23260	157	46718	659	165	0	47699
23261	47424	420	372	162	0	48378
23262	510	404	48061	147	0	49122
23263	46834	121	488	220	0	47663
23264	558	152	50937	181	0	51828
23265	49874	97	567	186	0	50724
23266	618	53087	501	149	0	54355
23267	53078	601	126	178	0	53983
23268	667	484	97	52658	0	53906
23269	553	148	116	53466	0	54283
23270	241	203	53136	985	0	54565
23271	169	54737	569	638	0	56113
23272	195	625	458	55270	0	56548
23273	159	583	55087	631	0	56460
23274	49994	135	593	594	0	51316
23275	577	54469	545	237	0	55828
23276	53959	551	123	214	0	54847
23277	572	53015	163	216	0	53966
23278	544	576	118	52626	0	53864
23279	52234	446	86	656	0	53422
23280	536	52746	153	580	0	54015
23281	501	538	86	52805	0	53930
23282	177	512	52040	638	0	53367
23283	48443	158	536	546	0	49683
23284	611	134	406	51716	0	52867
23285	495	212	50958	591	0	52256
23286	203	51069	540	550	0	52362
23287	202	529	444	51048	0	52223
23288	196	506	51139	564	0	52405
23289	191	186	541	48811	0	49729
23290	185	51316	497	527	0	52525
23291	172	52176	173	481	0	53002
23292	205	894	51400	173	0	52672
23293	209	498	501	50744	0	51952
23294	139	210	52089	588	0	53026
23295	49730	118	533	512	0	50893
23296	596	163	430	49619	0	50808
23297	463	49653	156	551	0	50823
23298	168	51545	123	443	0	52279
23299	50435	807	100	167	0	51509
23300	495	52075	159	155	0	52884
23301	51609	514	133	207	0	52463
23302	550	499	50898	136	0	52083
23303	47148	145	461	193	0	47947
23304	504	49808	445	128	0	50885
23305	49670	483	154	179	0	50486
23306	474	49286	122	150	0	50032
23307	449	509	105	48568	0	49631
23308	181	426	73	49794	0	50474
23309	120	191	49412	789	0	50512
23310	46195	128	468	488	0	47279
23311	514	185	50493	146	0	51338
23312	50391	112	517	142	0	51162
23313	589	100	427	50432	0	51548
23314	488	124	114	50864	0	51590
23315	128	51669	155	936	0	52888
23316	139	569	106	53507	0	54321
23317	169	516	111	54359	0	55155
23318	126	224	53441	1042	0	54833
23319	47857	94	577	695	0	49223
23320	560	51736	574	188	0	53058
23321	51672	547	126	150	0	52495
23322	600	482	90	51260	0	52432
23323	526	146	94	51909	0	52675
23324	51154	79	75	1022	0	52330
23325	541	51902	189	611	0	53243
23326	50175	506	70	180	0	50931
23327	566	50492	149	122	0	51329
23328	501	50331	119	111	0	51062
23329	50078	893	147	142	0	51260
23330	617	512	140	48929	0	50198
23331	497	218	48640	544	0	49899
23332	197	114	506	48008	0	48825
23333	164	100	468	47516	0	48248
23334	128	48091	171	936	0	49326
23335	157	614	67	48880	0	49718
23336	122	561	70	48999	0	49752
23337	166	151	71	49751	0	50139
23338	118	126	76	50693	0	51013
23339	104	172	49730	1123	0	51129
23340	129	182	50445	657	0	51413
23341	134	124	991	51288	0	52537
23342	135	146	51869	721	0	52871
23343	148	168	51454	630	0	52400
23344	167	121	1047	51408	0	52743
23345	159	181	53335	725	0	54400
23346	192	131	664	49691	0	50678
23347	105	53580	625	706	0	55016
23348	55229	646	160	653	0	56688
23349	747	674	59881	233	0	61535
23350	715	168	804	59657	0	61344
23351	206	193	61872	929	0	63200
23352	189	163	862	64490	0	65704
23353	199	137	737	66003	0	67076
23354	65008	118	200	1745	0	67071
23355	990	126	174	66437	0	67727
23356	63880	115	174	1168	0	65337
23357	64487	115	153	1040	0	65795
23358	1629	64022	242	362	0	66255
23359	63106	932	162	307	0	64507
23360	1027	62303	240	301	0	63871
23361	802	62720	219	284	0	64025
23362	60987	1498	264	305	0	63054
23363	987	879	61001	202	0	63069
23364	759	267	59121	202	0	60349
23365	56441	300	1729	225	0	58695
23366	57391	117	860	233	0	58601
23367	1367	57396	290	180	0	59233
23368	58759	794	144	244	0	59941
23369	58755	690	157	278	0	59880
23370	58029	176	146	246	0	58597
23371	1536	135	119	56425	0	58215
23372	56152	118	131	910	0	57311
23373	954	57105	193	837	0	59089
23374	835	800	149	58258	0	60042
23375	353	670	117	58183	0	59323
23376	252	58295	227	1473	0	60247
23377	294	817	172	59191	0	60474
23378	57843	729	176	1077	0	59825
23379	58397	193	201	923	0	59714
23380	1479	57168	254	462	0	59363
23381	892	58166	233	366	0	59657
23382	57763	1405	159	314	0	59641
23383	1036	869	57443	354	0	59702
23384	949	311	57506	331	0	59097
23385	510	255	1451	55941	0	58157
23386	479	226	812	57676	0	59193
23387	467	281	56943	1533	0	59224
23388	408	55513	985	961	0	57867
23389	513	990	799	53285	0	55587
23390	461	904	56739	993	0	59097
23391	453	317	962	56240	0	57972
23392	441	280	850	55358	0	56929
23393	422	57832	379	1537	0	60170
23394	498	938	256	57740	0	59432
23395	462	867	259	58220	0	59808
23396	486	332	256	58955	0	60029
23397	57687	286	213	1636	0	59822
23398	1227	253	200	55796	0	57476
23399	1046	57047	276	1147	0	59516
23400	56641	923	218	957	0	58739
23401	1186	907	55380	450	0	57923
23402	1049	390	55066	468	0	56973
23403	54324	268	1458	469	0	56519
23404	1168	327	827	55596	0	57918
23405	1019	373	56055	1125	0	58572
23406	545	269	940	55915	0	57669
23407	554	247	842	56954	0	58597
23408	55854	301	342	1705	0	58202
23409	55567	338	277	1124	0	57306
23410	1709	55999	333	561	0	58602
23411	1128	941	324	54967	0	57360
23412	535	848	55138	1090	0	57611
23413	437	56813	966	1026	0	59242
23414	56260	897	788	568	0	58513
23415	1004	58028	432	451	0	59915
23416	57135	915	329	449	0	58828
23417	1038	842	56634	434	0	58948
23418	55508	325	874	434	0	57141
23419	57805	315	783	441	0	59344
23420	1535	412	58686	445	0	61078
23421	968	464	888	55951	0	58271
23422	464	58215	857	1051	0	60587
23423	393	60135	355	1011	0	61894
23424	391	60915	331	561	0	62198
23425	566	1551	217	58702	0	61036
23426	427	911	59923	1031	0	62292
23427	447	375	785	59735	0	61342
23428	478	280	713	61047	0	62518
23429	433	375	60635	1488	0	62931
23430	410	60464	963	961	0	62798
23431	441	871	750	59701	0	61763
23432	60065	733	301	1054	0	62153
23433	962	292	322	60557	0	62133
23434	872	240	260	59678	0	61050
23435	431	59529	302	1534	0	61796
23436	59748	847	214	997	0	61806
23437	1063	753	227	61083	0	63126
23438	872	370	60602	1033	0	62877
23439	386	60216	849	929	0	62380
23440	58767	779	751	427	0	60724
23441	874	856	59627	333	0	61690
23442	57904	362	787	368	0	59421
23443	924	313	725	58247	0	60209
23444	735	59380	418	816	0	61349
23445	58480	777	289	771	0	60317
23446	58284	669	244	392	0	59589
23447	1229	59706	342	308	0	61585
23448	785	691	213	57164	0	58853
23449	295	489	166	54509	0	55459
23450	52633	179	171	923	0	53906
23451	592	53123	231	627	0	54573
23452	383	556	85	49572	0	50596
23453	132	49164	111	404	0	49811
23454	90	48675	105	373	0	49243
23455	221	592	162	47268	0	48243
23456	46892	277	129	359	0	47657
23457	275	47351	116	310	0	48052
23458	275	290	72	47223	0	47860
23459	106	251	51	47601	0	48009
23460	92	160	47210	503	0	47965
23461	101	153	45423	312	0	45989
23462	89	46952	480	140	0	47661
23463	99	344	46057	112	0	46612
23464	89	312	273	45636	0	46310
23465	80	156	47388	259	0	47883
23466	98	89	252	47203	0	47642
23467	97	81	224	48262	0	48664
23468	86	67	69	48520	0	48742
23469	47466	65	51	547	0	48129
23470	271	97	44	47519	0	47931
23471	270	85	51	47358	0	47764
23472	100	47294	93	515	0	48002
23473	103	291	31	46657	0	47082
23474	46513	263	52	421	0	47249
23475	270	47718	106	332	0	48426
23476	48012	297	55	215	0	48579
23477	331	355	48297	127	0	49110
23478	283	204	49426	135	0	50048
23479	127	110	490	50327	0	51054
23480	118	121	317	51374	0	51930
23481	88	51966	164	645	0	52863
23482	115	372	98	50333	0	50918
23483	51557	302	87	456	0	52402
23484	51652	129	75	410	0	52266
23485	606	86	82	52501	0	53275
23486	357	184	55515	465	0	56521
23487	166	97	383	56074	0	56720
23488	108	103	312	58109	0	58632
23489	115	105	97	58826	0	59143
23490	110	107	87	58212	0	58516
23491	109	107	76	57225	0	57517
23492	66	57366	143	864	0	58439
23493	56322	416	80	579	0	57397
23494	57301	358	99	306	0	58064
23495	57922	130	71	251	0	58374
23496	774	58673	138	199	0	59784
23497	58331	462	81	251	0	59125
23498	485	58680	148	192	0	59505
23499	456	592	57657	217	0	58922
23500	199	427	458	56339	0	57423
23501	161	237	59056	594	0	60048
23502	119	59484	563	525	0	60691
23503	58661	506	421	270	0	59858
23504	527	520	60645	234	0	61926
23505	507	244	63852	222	0	64825
23506	147	65898	1066	228	0	67339
23507	193	661	618	66800	0	68272
23508	190	691	71652	802	0	73335
23509	204	183	729	70283	0	71399
23510	182	105	639	79377	0	80303
23511	182	108	160	84208	0	84658
23512	86729	115	111	1915	0	88870
23513	86771	84	93	1117	0	88065
23514	2044	119	91	86273	0	88527
23515	86518	91	161	1346	0	88116
23516	1294	183	85132	1136	0	87745
23517	1133	222	84527	295	0	86177
23518	342	174	86333	291	0	87140
23519	265	206	87280	337	0	88088
23520	211	85045	2117	379	0	87752
23521	428	1102	1238	83334	0	86102
23522	253	1040	85832	1144	0	88269
23523	79337	168	1226	1072	0	81803
23524	84804	102	1067	334	0	86307
23525	1881	84905	449	326	0	87561
23526	85218	1047	321	254	0	86840
23527	1250	930	290	84518	0	86988
23528	1061	328	86394	1146	0	88929
23529	398	222	1217	80842	0	82679
23530	203	87795	1175	1109	0	90282
23531	86564	1091	281	1046	0	88982
23532	87522	967	225	402	0	89116
23533	1988	88031	289	314	0	90622
23534	89256	1144	170	317	0	90887
23535	88007	971	198	344	0	89520
23536	2081	88562	324	287	0	91254
23537	1286	1166	212	84997	0	87661
23538	352	87584	337	1166	0	89439
23539	87409	1226	209	1107	0	89951
23540	1339	1218	221	87029	0	89807
23541	87654	305	218	1314	0	89491
23542	1474	259	174	87456	0	89363
23543	1277	370	85970	1341	0	88958
23544	82883	241	1160	1216	0	85500
23545	1380	390	86673	397	0	88840
23546	1301	222	1271	85029	0	87823
23547	491	322	85667	1289	0	87769
23548	506	194	1303	85085	0	87088
23549	408	345	85565	1426	0	87744
23550	81035	213	1367	1308	0	83923
23551	1320	84239	1287	478	0	87324
23552	84919	1118	458	438	0	86933
23553	1467	1008	380	83550	0	86405
23554	82737	271	406	1396	0	84810
23555	1338	82517	506	1226	0	85587
23556	1209	82497	460	457	0	84623
23557	449	85967	465	454	0	87335
23558	85137	2046	350	494	0	88027
23559	1462	1187	284	84836	0	87769
23560	1357	389	246	86172	0	88164
23561	586	442	84350	2164	0	87542
23562	569	448	84235	1311	0	86563
23563	560	324	2032	84614	0	87530
23564	495	518	86590	1428	0	89031
23565	424	85257	1466	1275	0	88422
23566	84136	1249	1255	571	0	87211
23567	1413	1247	85348	457	0	88465
23568	1299	526	85402	468	0	87695
23569	591	345	2236	82969	0	86141
23570	85763	227	1382	1450	0	88822
23571	1456	233	550	86610	0	88849
23572	86136	251	505	1504	0	88396
23573	1502	282	496	86777	0	89057
23574	1350	421	87041	1400	0	90212
23575	583	85747	1572	1341	0	89243
23576	547	1316	87658	606	0	90127
23577	466	87534	1594	521	0	90115
23578	605	1473	1300	84397	0	87775
23579	83613	1077	495	1400	0	86585
23580	1417	466	84385	1333	0	87601
23581	1412	261	1275	83622	0	86570
23582	633	305	1175	86153	0	88266
23583	86560	274	429	2230	0	89493
23584	1411	335	432	85028	0	87206
23585	1235	86726	596	1293	0	89850
23586	83579	1211	414	1308	0	86512
23587	1338	1311	83068	536	0	86253
23588	79292	380	1191	489	0	81352
23589	1392	82781	1212	464	0	85849
23590	1439	1383	337	77148	0	80307
23591	533	84065	405	1188	0	86191
23592	82698	1211	317	1134	0	85360
23593	1403	1270	83175	466	0	86314
23594	80350	544	1167	507	0	82568
23595	1353	83672	1192	642	0	86859
23596	1338	1149	361	83699	0	86547
23597	84793	1075	313	1316	0	87497
23598	85779	351	355	1211	0	87696
23599	2182	291	284	85213	0	87970
23600	1344	365	292	85612	0	87613
23601	531	85399	441	2072	0	88443
23602	602	1385	317	85361	0	87665
23603	427	97635	452	1365	0	99879
23604	410	100952	463	1274	0	103099
23605	586	3535	329	90064	0	94514
23606	415	94976	406	1487	0	97284
23607	664	1515	95936	1219	0	99334
23608	828	1337	96977	467	0	99609
23609	347	96198	2657	662	0	99864
23610	403	1457	94330	283	0	96473
23611	283	1167	92309	252	0	94011
23612	219	367	87601	143	0	88330
23613	81	85598	2209	194	0	88082
23614	82838	1326	1361	195	0	85720
23615	1052	83497	343	119	0	85011
23616	894	1313	83350	80	0	85637
23617	210	866	1183	81117	0	83376
23618	81937	176	899	1199	0	84211
23619	1145	243	81955	842	0	84185
23620	894	110	1219	80298	0	82521
23621	191	217	83392	1140	0	84940
23622	151	103	1306	81285	0	82845
23623	80265	102	928	1346	0	82641
23624	1170	207	82451	953	0	84781
23625	858	83002	1325	325	0	85510
23626	267	1224	935	79574	0	82000
23627	83268	940	222	1201	0	85631
23628	1229	315	82742	889	0	85175
23629	1052	180	1336	74650	0	77218
23630	210	81759	1092	1057	0	84118
23631	82558	1216	315	890	0	84979
23632	84319	930	238	245	0	85732
23633	2175	263	244	80655	0	83337
23634	1106	84533	352	1271	0	87262
23635	263	87433	337	1039	0	89072
23636	88130	2246	221	297	0	90894
23637	1519	1207	229	85024	0	87979
23638	1132	88407	317	1597	0	91453
23639	87453	1481	228	1155	0	90317
23640	1583	1145	231	88809	0	91768
23641	1217	314	214	89997	0	91742
23642	323	363	86153	2528	0	89367
23643	189	88545	1495	1376	0	91605
23644	212	91659	1221	401	0	93493
23645	296	2478	334	89704	0	92812
23646	90254	1300	243	1594	0	93391
23647	1453	90362	365	1290	0	93470
23648	90824	1586	216	409	0	93035
23649	1627	90999	361	297	0	93284
23650	1326	1704	224	89253	0	92507
23651	90176	1293	248	1589	0	93306
23652	1666	450	218	90986	0	93320
23653	1306	456	90380	1682	0	93824
23654	495	319	1571	85974	0	88359
23655	285	89616	1396	1592	0	92889
23656	88375	1666	369	1274	0	91684
23657	1628	89073	392	440	0	91533
23658	1355	1764	281	85329	0	88729
23659	477	1329	285	88053	0	90144
23660	370	607	86189	2604	0	89770
23661	304	524	86742	1465	0	89035
23662	413	475	2579	84701	0	88168
23663	332	489	86166	1741	0	88728
23664	301	84618	1852	1447	0	88218
23665	84145	1740	1306	553	0	87744
23666	1655	1459	85663	455	0	89232
23667	83667	507	1689	463	0	86326
23668	86234	457	1345	463	0	88499
23669	86836	432	482	449	0	88199
23670	86585	432	368	444	0	87829
23671	2779	428	414	84261	0	87882
23672	1571	403	417	82216	0	84607
23673	558	83510	530	2618	0	87216
23674	81633	1706	464	1440	0	85243
23675	1717	1450	81163	545	0	84875
23676	1500	576	1662	79202	0	82940
23677	639	454	1390	80698	0	83181
23678	486	506	79371	2679	0	83042
23679	482	79565	1780	1613	0	83440
23680	590	1730	1429	76061	0	79810
23681	582	1358	537	80800	0	83277
23682	78685	558	425	2730	0	82398
23683	1703	78294	487	1774	0	82258
23684	1571	1652	361	76357	0	79941
23685	569	78265	500	1801	0	81135
23686	614	1777	389	78799	0	81579
23687	77370	1343	350	1994	0	81057
23688	78617	486	345	1538	0	80986
23689	2781	437	365	77035	0	80618
23690	77023	442	318	1914	0	79697
23691	76694	474	332	1495	0	78995
23692	2710	75672	429	717	0	79528
23693	1761	1656	279	72169	0	75865
23694	692	75441	504	1673	0	78310
23695	732	1763	274	74623	0	77392
23696	73326	1375	264	1868	0	76833
23697	1863	604	234	73739	0	76440
23698	1552	486	219	73967	0	76224
23699	675	575	71631	2729	0	75610
23700	631	68979	1483	1567	0	72660
23701	579	71303	1172	732	0	73786
23702	68211	2259	371	784	0	71625
23703	1356	1266	190	55203	0	58015
23704	52087	348	149	1111	0	53695
23705	1043	50407	257	1022	0	52729
23706	819	47676	221	430	0	49146
23707	311	48735	192	399	0	49637
23708	41935	1207	800	333	0	44275
23709	639	42348	250	258	0	43495
23710	40368	596	453	286	0	41703
23711	39399	415	107	218	0	40139
23712	40530	147	81	224	0	40982
23713	879	117	70	42029	0	43095
23714	521	121	66	43115	0	43823
23715	220	106	88	43548	0	43962
23716	189	129	63	43528	0	43909
23717	42480	107	70	1035	0	43692
23718	608	42163	155	562	0	43488
23719	531	550	58	42076	0	43215
23720	42213	400	89	692	0	43394
23721	639	124	63	42024	0	42850
23722	523	104	50	42172	0	42849
23723	40990	93	65	973	0	42121
23724	597	182	40468	553	0	41800
23725	496	130	454	39961	0	41041
23726	164	165	40586	629	0	41544
23727	181	109	487	39524	0	40301
23728	202	194	376	39253	0	40025
23729	38079	71	81	919	0	39150
23730	519	37554	126	508	0	38707
23731	365	36864	98	205	0	37532
23732	35209	607	50	153	0	36019
23733	419	35863	88	111	0	36481
23734	35375	341	102	205	0	36023
23735	484	277	34819	113	0	35693
23736	31565	62	256	97	0	31980
23737	32194	22	134	90	0	32440
23738	32469	23	35	95	0	32622
23739	364	30	19	31732	0	32145
23740	186	24	17	31744	0	31971
23741	53	31738	63	336	0	32190
23742	73	397	17	31312	0	31799
23743	30772	144	23	292	0	31231
23744	210	30738	64	172	0	31184
23745	140	30590	43	73	0	30846
23746	29993	304	16	70	0	30383
23747	208	219	30115	47	0	30589
23748	160	35	195	29578	0	29968
23749	59	97	30326	241	0	30723
23750	59	35	197	29625	0	29916
23751	36	30349	163	193	0	30741
23752	60	194	22	30737	0	31013
23753	30172	124	23	268	0	30587
23754	228	39	16	30409	0	30692
23755	146	94	31171	253	0	31664
23756	28058	32	240	235	0	28565
23757	241	31688	182	86	0	32197
23758	172	33468	75	74	0	33789
23759	34576	383	19	110	0	35088
23760	36095	194	28	117	0	36434
23761	521	112	36395	68	0	37096
23762	34884	53	335	118	0	35390
23763	366	36426	254	84	0	37130
23764	36896	324	54	87	0	37361
23765	431	228	23	35133	0	35815
23766	254	34205	80	329	0	34868
23767	34491	333	23	248	0	35095
23768	391	303	34534	78	0	35306
23769	289	63	327	34506	0	35185
23770	35248	36	217	420	0	35921
23771	391	117	35177	264	0	35949
23772	35146	43	354	124	0	35667
23773	442	50	226	35197	0	35915
23774	275	42	54	35921	0	36292
23775	126	91	36029	599	0	36845
23776	106	52	363	35996	0	36517
23777	36405	47	224	474	0	37150
23778	396	35922	129	307	0	36754
23779	36282	363	33	170	0	36848
23780	36398	245	42	154	0	36839
23781	641	69	42	36208	0	36960
23782	321	166	36684	432	0	37603
23783	142	59	363	36762	0	37326
23784	37044	38	255	489	0	37826
23785	423	36849	133	310	0	37715
23786	37931	372	45	163	0	38511
23787	475	252	41	37708	0	38476
23788	355	68	50	38534	0	39007
23789	140	56	46	38908	0	39150
23790	100	141	38067	694	0	39002
23791	144	55	395	38503	0	39097
23792	124	105	38633	500	0	39362
23793	119	118	38918	333	0	39488
23794	113	72	663	43434	0	44282
23795	117	134	44158	604	0	45013
23796	46727	53	641	546	0	47967
23797	787	59	493	48916	0	50255
23798	698	76	177	47922	0	48873
23799	224	49694	180	1264	0	51362
23800	50183	755	98	778	0	51814
23801	51524	622	85	291	0	52522
23802	1432	52009	127	203	0	53771
23803	822	820	63	51708	0	53413
23804	289	785	52084	857	0	54015
23805	50068	208	784	743	0	51803
23806	53148	94	665	296	0	54203
23807	1502	108	188	51058	0	52856
23808	843	160	49836	869	0	51708
23809	286	49215	874	767	0	51142
23810	48294	787	659	276	0	50016
23811	930	727	48905	168	0	50730
23812	705	48144	855	168	0	49872
23813	45906	735	792	145	0	47578
23814	46064	587	222	146	0	47019
23815	1355	182	100	44797	0	46434
23816	782	45880	163	732	0	47557
23817	335	777	84	47967	0	49163
23818	223	612	89	48539	0	49463
23819	209	207	88	48517	0	49021
23820	190	114	70	49056	0	49430
23821	149	174	47819	1533	0	49675
23822	177	92	769	48672	0	49710
23823	184	101	605	49379	0	50269
23824	185	135	48469	1444	0	50233
23825	158	48364	855	884	0	50261
23826	48420	763	658	367	0	50208
23827	48921	637	245	268	0	50071
23828	1418	217	111	48765	0	50511
23829	49508	103	121	962	0	50694
23830	1045	129	116	50332	0	51622
23831	808	150	50502	1098	0	52558
23832	395	140	50765	868	0	52168
23833	216	50450	1488	421	0	52575
23834	49722	820	839	317	0	51698
23835	978	790	52753	252	0	54773
23836	872	274	984	49379	0	51509
23837	429	144	815	54015	0	55403
23838	304	141	311	55547	0	56303
23839	309	121	158	55781	0	56369
23840	294	133	174	55869	0	56470
23841	247	206	53842	2093	0	56388
23842	300	121	1045	54621	0	56087
23843	53605	160	864	1416	0	56045
23844	1099	53435	394	1169	0	56097
23845	53787	1016	248	526	0	55577
23846	1219	54157	340	399	0	56115
23847	54272	1165	177	384	0	55998
23848	55300	895	197	388	0	56780
23849	1916	316	190	54082	0	56504
23850	1190	196	155	55195	0	56736
23851	53963	154	173	1973	0	56263
23852	53674	160	195	1240	0	55269
23853	54174	186	186	584	0	55130
23854	1937	52410	278	477	0	55102
23855	1085	52870	308	469	0	54732
23856	485	1676	51928	415	0	54504
23857	443	1223	1018	50598	0	53282
23858	325	388	50790	1221	0	52724
23859	258	49038	1188	1112	0	51596
23860	330	929	889	46880	0	49028
23861	306	754	296	47409	0	48765
23862	314	272	204	48551	0	49341
23863	46933	166	200	1851	0	49150
23864	47173	178	166	1198	0	48715
23865	1627	47156	260	540	0	49583
23866	1046	880	192	47273	0	49391
23867	456	865	47380	1100	0	49801
23868	364	372	46814	968	0	48518
23869	46342	242	1541	490	0	48615
23870	47340	184	948	420	0	48892
23871	1691	172	329	46786	0	48978
23872	47525	153	288	1128	0	49094
23873	1220	214	46704	1038	0	49176
23874	975	46481	998	588	0	49042
23875	521	930	820	46076	0	48347
23876	345	861	47184	1180	0	49570
23877	361	325	994	47445	0	49125
23878	334	204	882	48054	0	49474
23879	330	248	48001	1897	0	50476
23880	45719	194	962	1301	0	48176
23881	48585	181	854	723	0	50343
23882	1646	49952	431	570	0	52599
23883	51400	958	236	535	0	53129
23884	52139	858	225	487	0	53709
23885	1933	441	51186	475	0	54035
23886	50690	235	1011	487	0	52423
23887	1348	53094	1000	432	0	55874
23888	53898	1035	326	449	0	55708
23889	55136	893	260	387	0	56676
23890	56397	379	223	359	0	57358
23891	54432	249	198	420	0	55299
23892	55529	247	208	397	0	56381
23893	2131	53714	297	408	0	56550
23894	49518	832	162	335	0	50847
23895	1087	48943	265	281	0	50576
23896	646	44020	189	181	0	45036
23897	285	45674	213	208	0	46380
23898	44463	1097	617	226	0	46403
23899	44319	557	161	239	0	45276
23900	1169	221	43917	179	0	45486
23901	44918	143	628	184	0	45873
23902	45101	122	505	226	0	45954
23903	1275	157	45688	207	0	47327
23904	724	100	747	44920	0	46491
23905	355	118	584	45055	0	46112
23906	284	97	156	47410	0	47947
23907	270	116	123	47693	0	48202
23908	291	99	102	47765	0	48257
23909	272	174	46224	1341	0	48011
23910	224	46109	809	707	0	47849
23911	45150	729	554	231	0	46664
23912	861	45727	216	224	0	47028
23913	45634	790	132	170	0	46726
23914	45364	586	118	182	0	46250
23915	1340	243	44411	158	0	46152
23916	777	244	714	39819	0	41554
23917	276	42896	630	648	0	44450
23918	43140	715	194	522	0	44571
23919	43407	542	110	236	0	44295
23920	43842	156	123	179	0	44300
23921	1309	43545	175	154	0	45183
23922	43942	678	122	137	0	44879
23923	44088	556	99	145	0	44888
23924	44371	169	94	124	0	44758
23925	1406	145	93	42755	0	44399
23926	813	136	97	43411	0	44457
23927	413	106	70	44025	0	44614
23928	42819	138	82	1162	0	44201
23929	877	42824	170	634	0	44505
23930	42706	656	70	211	0	43643
23931	41774	523	79	136	0	42512
23932	40951	159	65	125	0	41300
23933	40642	133	67	99	0	40941
23934	1279	39272	134	115	0	40800
23935	36441	546	67	89	0	37143
23936	738	36003	101	86	0	36928
23937	525	35447	61	83	0	36116
23938	35217	787	110	104	0	36218
23939	589	35018	100	78	0	35785
23940	519	35534	76	83	0	36212
23941	35349	761	153	111	0	36374
23942	35443	421	48	93	0	36005
23943	874	163	36	34528	0	35601
23944	551	115	41	35250	0	35957
23945	35551	124	42	786	0	36503
23946	36561	118	57	444	0	37180
23947	35903	123	50	187	0	36263
23948	851	152	35105	132	0	36240
23949	36221	95	434	159	0	36909
23950	662	115	342	36272	0	37391
23951	529	100	109	36707	0	37445
23952	298	101	66	37045	0	37510
23953	266	103	84	37164	0	37617
23954	233	144	35636	837	0	36850
23955	231	158	35902	471	0	36762
23956	258	101	718	36003	0	37080
23957	234	148	36336	554	0	37272
23958	228	168	36365	466	0	37227
23959	294	109	759	35139	0	36301
23960	261	120	395	36866	0	37642
23961	264	104	121	37871	0	38360
23962	278	114	86	37648	0	38126
23963	37270	131	92	898	0	38391
23964	38677	98	74	548	0	39397
23965	975	114	73	37944	0	39106
23966	636	94	90	38265	0	39085
23967	312	113	71	38410	0	38906
23968	317	99	68	38296	0	38780
23969	308	102	72	37835	0	38317
23970	272	37378	145	900	0	38695
23971	37291	512	58	549	0	38410
23972	619	37717	122	267	0	38725
23973	37720	520	62	257	0	38559
23974	37823	403	34	230	0	38490
23975	38027	158	62	200	0	38447
23976	1021	125	61	36087	0	37294
23977	36374	134	43	571	0	37122
23978	733	129	39	35865	0	36766
23979	611	155	49	35362	0	36177
23980	35334	141	38	826	0	36339
23981	676	34683	76	451	0	35886
23982	419	33463	71	183	0	34136
23983	32475	545	43	166	0	33229
23984	519	321	32405	128	0	33373
23985	29911	121	377	158	0	30567
23986	604	257	250	31356	0	32467
23987	351	29855	91	347	0	30644
23988	187	30366	74	294	0	30921
23989	30351	488	87	202	0	31128
23990	393	346	23	31058	0	31820
23991	303	32973	69	300	0	33645
23992	32674	289	54	263	0	33280
23993	32802	219	21	122	0	33164
23994	33129	82	26	102	0	33339
23995	33180	73	17	111	0	33381
23996	476	31965	65	105	0	32611
23997	238	31817	57	72	0	32184
23998	32195	340	23	92	0	32650
23999	33378	191	23	103	0	33695
24000	430	111	33241	74	0	33856
24001	162	32731	241	44	0	33178
24002	32942	211	178	56	0	33387
24003	34313	147	23	63	0	34546
24004	411	91	34412	26	0	34940
24005	32603	28	279	88	0	32998
24006	323	86	35812	43	0	36264
24007	224	65	37567	27	0	37883
24008	74	80	566	33758	0	34478
24009	29	36623	331	344	0	37327
24010	39178	359	44	293	0	39874
24011	413	269	12	39217	0	39911
24012	309	39	19	39690	0	40057
24013	84	19	16	40314	0	40433
24014	39704	19	26	721	0	40470
24015	429	23	12	40071	0	40535
24016	316	24	14	41147	0	41501
24017	80	81	40976	674	0	41811
24018	39062	22	409	402	0	39895
24019	41791	19	291	117	0	42218
24020	778	68	41834	66	0	42746
24021	40433	16	450	77	0	40976
24022	533	28	326	40488	0	41375
24023	365	41063	99	506	0	42033
24024	131	462	31	41589	0	42213
24025	40707	320	46	550	0	41623
24026	466	41231	93	390	0	42180
24027	411	448	32	41753	0	42644
24028	132	337	46	42799	0	43314
24029	102	66	44	43373	0	43585
24030	107	33	38	41267	0	41445
24031	72	43587	100	783	0	44542
24032	43497	519	35	443	0	44494
24033	44141	394	47	169	0	44751
24034	921	45359	78	147	0	46505
24035	48556	584	24	155	0	49319
24036	49696	448	40	132	0	50316
24037	49624	101	26	139	0	49890
24038	1325	100	48118	115	0	49658
24039	715	58	689	47593	0	49055
24040	221	116	47970	754	0	49061
24041	46220	49	736	644	0	47649
24042	777	48099	633	174	0	49683
24043	47802	704	129	149	0	48784
24044	840	48759	157	119	0	49875
24045	687	781	81	46574	0	48123
24046	277	566	101	47901	0	48845
24047	189	219	47820	1229	0	49457
24048	156	48266	790	700	0	49912
24049	47412	759	629	257	0	49057
24050	858	647	47802	175	0	49482
24051	47295	161	802	182	0	48440
24052	920	115	623	47786	0	49444
24053	749	184	48184	881	0	49998
24054	253	48047	853	752	0	49905
24055	269	779	605	47825	0	49478
24056	223	701	48267	838	0	50029
24057	285	223	48545	690	0	49743
24058	231	47873	1347	296	0	49747
24059	297	808	702	46921	0	48728
24060	290	609	225	45485	0	46609
24061	253	46595	236	1278	0	48362
24062	46803	789	192	724	0	48508
24063	944	650	156	45620	0	47370
24064	734	46271	236	836	0	48077
24065	46750	795	171	730	0	48446
24066	46824	653	161	331	0	47969
24067	47775	235	196	265	0	48471
24068	1481	46707	226	335	0	48749
24069	47868	823	162	337	0	49190
24070	47922	703	173	274	0	49072
24071	1551	247	144	46758	0	48700
24072	47763	180	156	974	0	49073
24073	1087	229	123	47722	0	49161
24074	839	243	46999	1042	0	49123
24075	470	238	47791	795	0	49294
24076	377	178	1341	47797	0	49693
24077	332	219	48700	1030	0	50281
24078	45729	212	955	820	0	47716
24079	1115	173	715	48461	0	50464
24080	914	164	268	49029	0	50375
24081	402	270	48083	1576	0	50331
24082	325	46869	989	937	0	49120
24083	366	48799	790	371	0	50326
24084	366	1354	260	47100	0	49080
24085	347	748	219	47970	0	49284
24086	319	331	46587	1484	0	48721
24087	349	288	47391	853	0	48881
24088	369	272	1342	46869	0	48852
24089	313	269	46528	1035	0	48145
24090	44296	239	932	832	0	46299
24091	1135	250	683	44875	0	46943
24092	45453	228	273	1056	0	47010
24093	1159	208	184	45242	0	46793
24094	899	200	221	45504	0	46824
24095	393	247	44465	1563	0	46668
24096	360	44733	997	935	0	47025
24097	391	888	771	44361	0	46411
24098	356	743	44241	1013	0	46353
24099	289	42926	937	806	0	44958
24100	354	807	761	43120	0	45042
24101	42750	637	292	940	0	44619
24102	887	256	42981	797	0	44921
24103	39504	154	830	354	0	40842
24104	894	219	40819	252	0	42184
24105	36758	155	811	272	0	37996
24106	743	38141	710	257	0	39851
24107	556	37216	272	224	0	38268
24108	273	1343	270	34393	0	36279
24109	184	35862	229	609	0	36884
24110	34828	607	213	650	0	36298
24111	626	492	174	35190	0	36482
24112	553	169	162	35588	0	36472
24113	213	128	145	36177	0	36663
24114	161	156	34787	1067	0	36171
24115	177	133	575	34855	0	35740
24116	143	159	34446	702	0	35450
24117	130	33189	662	600	0	34581
24118	31622	469	493	256	0	32840
24119	512	32909	220	198	0	33839
24120	33401	492	168	254	0	34315
24121	33500	421	160	226	0	34307
24122	33762	122	151	219	0	34254
24123	33436	110	147	216	0	33909
24124	891	134	32555	205	0	33785
24125	536	129	499	31734	0	32898
24126	223	139	478	32264	0	33104
24127	214	119	171	33031	0	33535
24128	29811	120	166	912	0	31009
24129	30235	113	154	588	0	31090
24130	802	31627	156	278	0	32863
24131	471	398	30370	196	0	31435
24132	223	345	30446	216	0	31230
24133	148	30223	720	174	0	31265
24134	169	29903	436	166	0	30674
24135	594	555	497	25712	0	27358
24136	114	247	105	25154	0	25620
24137	25607	75	64	421	0	26167
24138	237	25701	80	295	0	26313
24139	266	205	68	26289	0	26828
24140	121	232	26779	276	0	27408
24141	101	75	234	27423	0	27833
24142	92	59	220	27972	0	28343
24143	81	59	89	28333	0	28562
24144	100	62	60	27971	0	28193
24145	107	62	27210	470	0	27849
24146	100	26265	272	305	0	26942
24147	97	26546	231	127	0	27001
24148	25607	360	96	95	0	26158
24149	220	25954	109	91	0	26374
24150	223	26733	91	89	0	27136
24151	157	392	78	26368	0	26995
24152	109	227	58	26856	0	27250
24153	112	93	66	26906	0	27177
24154	113	94	26515	448	0	27170
24155	95	26419	239	303	0	27056
24156	125	237	199	25643	0	26204
24157	84	26657	105	263	0	27109
24158	26204	217	94	296	0	26811
24159	217	26565	99	158	0	27039
24160	26262	242	80	169	0	26753
24161	234	266	26120	136	0	26756
24162	25906	108	227	138	0	26379
24163	259	110	214	26613	0	27196
24164	260	140	27025	250	0	27675
24165	25720	115	227	278	0	26340
24166	26958	87	207	138	0	27390
24167	27173	81	105	120	0	27479
24168	413	91	75	26601	0	27180
24169	261	116	26826	283	0	27486
24170	25593	80	243	327	0	26243
24171	271	82	197	27697	0	28247
24172	260	96	89	27762	0	28207
24173	117	127	28321	447	0	29012
24174	85	28236	228	294	0	28843
24175	117	249	207	26879	0	27452
24176	82	28086	93	268	0	28529
24177	27338	254	88	246	0	27926
24178	27522	210	64	135	0	27931
24179	371	81	74	27246	0	27772
24180	27315	73	73	282	0	27743
24181	240	27179	76	246	0	27741
24182	27169	227	49	149	0	27594
24183	275	27543	73	112	0	28003
24184	284	249	57	27402	0	27992
24185	153	219	45	26995	0	27412
24186	109	27631	82	360	0	28182
24187	110	232	71	27546	0	27959
24188	96	244	27221	281	0	27842
24189	79	26712	214	228	0	27233
24190	25333	158	145	111	0	25747
24191	147	25929	82	90	0	26248
24192	173	153	49	25655	0	26030
24193	87	185	25817	183	0	26272
24194	81	92	151	25935	0	26259
24195	73	55	127	26406	0	26661
24196	25150	31	68	314	0	25563
24197	190	65	26039	183	0	26477
24198	143	26223	168	151	0	26685
24199	78	197	27308	74	0	27657
24200	56	144	26767	62	0	27029
24201	57	82	26914	56	0	27109
24202	148	329	328	25038	0	25843
24203	27119	20	208	194	0	27541
24204	158	27181	41	142	0	27522
24205	28009	166	19	73	0	28267
24206	28616	124	23	85	0	28848
24207	290	32	18	27718	0	28058
24208	147	28368	47	182	0	28744
24209	28090	173	20	150	0	28433
24210	162	28588	39	41	0	28830
24211	166	193	15	27649	0	28023
24212	50	145	16	29169	0	29380
24213	31	29395	40	327	0	29793
24214	38	178	8	29536	0	29760
24215	51	166	28839	203	0	29259
24216	38	64	29007	149	0	29258
24217	41	31	291	29063	0	29426
24218	31	35	145	29727	0	29938
24219	45	58	28655	305	0	29063
24220	30	73	28165	165	0	28433
24221	25107	24	319	93	0	25543
24222	181	28005	175	34	0	28395
24223	148	29650	54	76	0	29928
24224	63	310	41	28669	0	29083
24225	41	167	25	29103	0	29336
24226	41	37	23	29480	0	29581
24227	46	67	29003	314	0	29430
24228	37	68	28678	161	0	28944
24229	44	38	317	29285	0	29684
24230	51	59	29472	215	0	29797
24231	32	29137	226	211	0	29606
24232	28960	196	200	68	0	29424
24233	207	178	29045	45	0	29475
24234	172	88	29023	51	0	29334
24235	57	48	347	29203	0	29655
24236	51	56	32331	267	0	32705
24237	31	32872	309	266	0	33478
24238	68	283	199	33160	0	33710
24239	46	238	33432	304	0	34020
24240	39	32793	319	241	0	33392
24241	32450	274	221	102	0	33047
24242	298	225	78	32349	0	32950
24243	247	59	40	32577	0	32923
24244	32503	46	41	499	0	33089
24245	279	32543	82	289	0	33193
24246	32938	285	39	100	0	33362
24247	33046	211	36	87	0	33380
24248	33165	62	36	86	0	33349
24249	511	55	35	32478	0	33079
24250	31916	34	48	307	0	32305
24251	336	29608	75	256	0	30275
24252	237	31335	78	106	0	31756
24253	32031	460	54	90	0	32635
24254	334	250	47	32544	0	33175
24255	257	75	47	32772	0	33151
24256	91	54	53	33033	0	33231
24257	55	77	31923	559	0	32614
24258	41	32050	343	304	0	32738
24259	88	308	236	32494	0	33126
24260	32512	235	82	372	0	33201
24261	322	75	65	32678	0	33140
24262	264	94	32255	400	0	33013
24263	84	32406	355	296	0	33141
24264	32453	330	262	126	0	33171
24265	32546	258	96	118	0	33018
24266	32771	81	64	103	0	33019
24267	577	52	69	32645	0	33343
24268	314	91	32942	363	0	33710
24269	125	102	33547	316	0	34090
24270	90	34539	622	127	0	35378
24271	117	409	325	34371	0	35222
24272	129	311	82	34944	0	35466
24273	33492	95	67	706	0	34360
24274	445	90	51	34239	0	34825
24275	35069	47	73	505	0	35694
24276	484	83	34597	369	0	35533
24277	387	82	35193	153	0	35815
24278	159	56	707	34652	0	35574
24279	122	56	380	35517	0	36075
24280	108	73	102	36490	0	36773
24281	37319	68	82	810	0	38279
24282	38994	53	80	456	0	39583
24283	890	51	59	39110	0	40110
24284	488	85	38625	637	0	39835
24285	133	73	39362	525	0	40093
24286	132	62	928	38958	0	40080
24287	39757	57	508	630	0	40952
24288	622	54	123	39647	0	40446
24289	520	54	95	40130	0	40799
24290	147	87	39774	1005	0	41013
24291	109	85	39706	554	0	40454
24292	37625	64	948	236	0	38873
24293	615	88	39711	158	0	40572
24294	534	58	616	38210	0	39418
24295	195	65	482	38879	0	39621
24296	38665	44	166	1003	0	39878
24297	595	38281	169	581	0	39626
24298	37883	515	123	219	0	38740
24299	586	36598	151	171	0	37506
24300	35793	520	119	190	0	36622
24301	608	422	35091	175	0	36296
24302	32553	146	676	166	0	33541
24303	33529	70	405	125	0	34129
24304	874	158	135	33192	0	34359
24305	481	78	33055	516	0	34130
24306	199	48	531	31998	0	32776
24307	162	63	415	32001	0	32641
24308	128	32039	173	887	0	33227
24309	178	459	101	31240	0	31978
24310	157	32116	128	553	0	32954
24311	167	487	82	32105	0	32841
24312	31566	374	98	656	0	32694
24313	552	107	108	31869	0	32636
24314	485	115	31584	600	0	32784
24315	30952	73	509	500	0	32034
24316	600	98	32551	238	0	33487
24317	32170	46	555	247	0	33018
24318	32736	46	454	203	0	33439
24319	924	32379	227	187	0	33717
24320	548	33595	183	148	0	34474
24321	33501	848	135	162	0	34646
24322	34162	438	127	198	0	34925
24323	33564	105	129	198	0	33996
24324	33647	79	101	222	0	34049
24325	33669	88	92	179	0	34028
24326	1046	84	91	32795	0	34016
24327	608	80	121	33487	0	34296
24328	250	135	33090	961	0	34436
24329	32130	63	580	557	0	33330
24330	695	71	463	32651	0	33880
24331	576	66	157	33054	0	33853
24332	254	103	32739	992	0	34088
24333	223	32074	621	595	0	33513
24334	212	32765	503	253	0	33733
24335	31622	866	207	280	0	32975
24336	29333	448	163	166	0	30110
24337	843	28078	134	156	0	29211
24338	454	28003	132	121	0	28710
24339	27767	712	133	156	0	28768
24340	28610	351	83	189	0	29233
24341	831	89	77	28081	0	29078
24342	489	75	92	28345	0	29001
24343	202	83	75	29089	0	29449
24344	28283	56	95	838	0	29272
24345	28589	60	72	476	0	29197
24346	846	71	67	28681	0	29665
24347	29293	81	83	521	0	29978
24348	593	133	29263	445	0	30434
24349	526	76	450	29371	0	30423
24350	237	87	29520	549	0	30393
24351	192	29075	547	438	0	30252
24352	262	509	434	28608	0	29813
24353	28501	384	138	554	0	29577
24354	590	89	103	28541	0	29323
24355	490	73	85	28578	0	29226
24356	196	117	28308	823	0	29444
24357	206	116	28448	487	0	29257
24358	208	28707	770	180	0	29865
24359	28746	466	401	172	0	29785
24360	29003	373	112	160	0	29648
24361	29287	105	103	129	0	29624
24362	29391	71	88	139	0	29689
24363	942	67	77	28636	0	29722
24364	568	67	63	27946	0	28644
24365	209	28898	127	773	0	30007
24366	28848	451	82	418	0	29799
24367	28731	348	84	181	0	29344
24368	795	130	27700	145	0	28770
24369	25135	63	351	116	0	25665
24370	469	25819	329	108	0	26725
24371	406	738	85	24151	0	25380
24372	188	25858	87	378	0	26511
24373	25308	417	73	361	0	26159
24374	428	25442	98	140	0	26108
24375	365	371	62	24290	0	25088
24376	163	270	51	24554	0	25038
24377	126	82	49	24049	0	24306
24378	118	23598	76	611	0	24403
24379	142	513	65	23521	0	24241
24380	196	457	47	22582	0	23282
24381	90	20723	62	524	0	21399
24382	83	19745	57	236	0	20121
24383	18677	340	37	84	0	19138
24384	235	18986	49	83	0	19353
24385	18191	220	50	67	0	18528
24386	273	178	18083	63	0	18597
24387	178	17784	201	59	0	18222
24388	17689	184	168	69	0	18110
24389	17530	150	48	74	0	17802
24390	340	55	17302	55	0	17752
24391	202	46	182	17062	0	17492
24392	80	54	17584	232	0	17950
24393	68	17329	213	183	0	17793
24394	17046	211	164	86	0	17507
24395	182	17216	74	59	0	17531
24396	177	198	27	16990	0	17392
24397	101	146	32	17361	0	17640
24398	70	81	17260	302	0	17713
24399	83	64	16900	178	0	17225
24400	16318	53	293	94	0	16758
24401	17107	42	149	73	0	17371
24402	17227	47	33	85	0	17392
24403	17115	54	34	68	0	17271
24404	326	17094	45	72	0	17537
24405	198	183	41	16968	0	17390
24406	107	154	28	16919	0	17208
24407	72	17501	43	302	0	17918
24408	17605	193	28	182	0	18008
24409	17746	153	34	82	0	18015
24410	328	70	17613	80	0	18091
24411	17465	48	186	67	0	17766
24412	242	60	137	17490	0	17929
24413	186	64	17376	202	0	17828
24414	101	105	185	17093	0	17484
24415	66	66	17383	211	0	17726
24416	73	62	16658	156	0	16949
24417	82	177	249	15672	0	16180
24418	47	16154	161	161	0	16523
24419	16143	147	64	139	0	16493
24420	15648	119	42	70	0	15879
24421	237	16496	63	54	0	16850
24422	142	16817	45	56	0	17060
24423	17136	226	63	69	0	17494
24424	17234	132	33	51	0	17450
24425	17358	49	34	51	0	17492
24426	17362	38	37	40	0	17477
24427	292	42	31	17365	0	17730
24428	168	48	17162	161	0	17539
24429	68	17119	163	148	0	17498
24430	16838	160	126	67	0	17191
24431	171	17269	38	44	0	17522
24432	17130	145	33	44	0	17352
24433	17117	107	28	38	0	17290
24434	247	52	17482	44	0	17825
24435	142	18207	151	32	0	18532
24436	80	155	113	18195	0	18543
24437	72	121	30	18468	0	18691
24438	55	44	27	18289	0	18415
24439	18108	31	23	256	0	18418
24440	17518	44	19	148	0	17729
24441	17582	38	24	58	0	17702
24442	247	17664	32	54	0	17997
24443	17291	120	16	52	0	17479
24444	154	17547	28	49	0	17778
24445	100	163	17378	37	0	17678
24446	42	17263	134	39	0	17478
24447	114	221	171	16212	0	16718
24448	32	66	22	16059	0	16179
24449	25	42	16001	149	0	16217
24450	27	15	97	15662	0	15801
24451	28	19	66	15988	0	16101
24452	16130	15	22	168	0	16335
24453	15955	13	17	91	0	16076
24454	16192	20	11	42	0	16265
24455	160	16278	27	43	0	16508
24456	16162	88	7	40	0	16297
24457	15722	65	23	26	0	15836
24458	166	16271	34	20	0	16491
24459	110	96	19	16194	0	16419
24460	69	83	17	16264	0	16433
24461	16025	22	17	186	0	16250
24462	122	45	15929	98	0	16194
24463	86	15425	121	45	0	15677
24464	29	213	78	14620	0	14940
24465	22	14825	29	97	0	14973
24466	30	15099	21	76	0	15226
24467	15059	140	49	34	0	15282
24468	15011	76	13	28	0	15128
24469	160	26	9	15105	0	15300
24470	104	14	7	14993	0	15118
24471	40	17	14	15084	0	15155
24472	31	22	12	14990	0	15055
24473	37	33	14577	159	0	14806
24474	32	46	14001	86	0	14165
24475	34	16	146	14693	0	14889
24476	40	43	15730	101	0	15914
24477	30	15935	127	84	0	16176
24478	16110	114	72	42	0	16338
24479	16235	82	18	40	0	16375
24480	191	23	15	16364	0	16593
24481	111	13	13	16614	0	16751
24482	35	25	21	16679	0	16760
24483	28	16938	32	203	0	17201
24484	16987	112	13	112	0	17224
24485	17052	87	14	41	0	17194
24486	209	38	17016	36	0	17299
24487	128	17	127	17911	0	18183
24488	51	42	18615	198	0	18906
24489	49	24	175	19905	0	20153
24490	52	22	110	19917	0	20101
24491	42	21	26	20096	0	20185
24492	35	28	22	20418	0	20503
24493	20197	29	26	376	0	20628
24494	20692	36	23	179	0	20930
24495	21182	21	18	71	0	21292
24496	394	20	23	21009	0	21446
24497	185	40	20742	245	0	21212
24498	20081	21	219	185	0	20506
24499	253	23	148	20929	0	21353
24500	21167	30	32	260	0	21489
24501	261	24	18	21038	0	21341
24502	170	20879	29	272	0	21350
24503	59	21813	41	183	0	22096
24504	90	364	27	21755	0	22236
24505	66	163	27	21781	0	22037
24506	65	44	19	21702	0	21830
24507	38	21463	40	408	0	21949
24508	21148	229	26	217	0	21620
24509	246	21387	33	93	0	21759
24510	162	272	21207	57	0	21698
24511	66	174	226	20911	0	21377
24512	43	21881	177	283	0	22384
24513	54	254	43	21794	0	22145
24514	48	162	32	22041	0	22283
24515	45	64	21727	460	0	22296
24516	20013	25	238	283	0	20559
24517	264	22410	183	113	0	22970
24518	22663	252	35	101	0	23051
24519	23066	165	30	87	0	23348
24520	23182	49	27	89	0	23347
24521	458	84	22126	71	0	22739
24522	259	27	266	21587	0	22139
24523	87	42	174	21757	0	22060
24524	87	64	21327	460	0	21938
24525	19223	36	271	294	0	19824
24526	300	70	21508	114	0	21992
24527	195	57	20975	93	0	21320
24528	62	21310	388	108	0	21868
24529	91	268	190	20964	0	21513
24530	52	187	21406	286	0	21931
24531	19974	50	251	224	0	20499
24532	20768	47	163	102	0	21080
24533	403	61	20933	86	0	21483
24534	219	46	252	20767	0	21284
24535	87	56	21193	288	0	21624
24536	75	21212	274	206	0	21767
24537	22045	256	180	118	0	22599
24538	22356	168	52	115	0	22691
24539	22685	50	58	101	0	22894
24540	458	41	43	22323	0	22865
24541	245	52	43	22752	0	23092
24542	105	69	22510	462	0	23146
24543	21943	40	281	250	0	22514
24544	315	46	207	22506	0	23074
24545	22314	46	85	320	0	22765
24546	335	62	22353	253	0	23003
24547	233	54	22863	129	0	23279
24548	115	34	442	22097	0	22688
24549	112	40	209	23176	0	23537
24550	89	69	23072	466	0	23696
24551	22093	41	319	273	0	22726
24552	323	55	207	22125	0	22710
24553	229	23404	130	304	0	24067
24554	23564	272	86	238	0	24160
24555	344	23952	92	111	0	24499
24556	23916	280	75	110	0	24381
24557	362	216	24382	117	0	25077
24558	255	72	23910	104	0	24341
24559	100	24197	457	116	0	24870
24560	24136	288	247	110	0	24781
24561	365	204	24149	98	0	24816
24562	23268	55	308	102	0	23733
24563	378	24097	222	84	0	24781
24564	266	266	110	24333	0	24975
24565	120	183	86	23662	0	24051
24566	102	24673	109	428	0	25312
24567	25338	274	97	247	0	25956
24568	25740	187	72	118	0	26117
24569	26256	45	72	118	0	26491
24570	496	91	26255	96	0	26938
24571	269	51	356	26053	0	26729
24572	124	58	224	26553	0	26959
24573	104	56	95	26986	0	27241
24574	106	72	26599	502	0	27279
24575	113	26166	371	255	0	26905
24576	25120	306	229	102	0	25757
24577	359	235	25432	109	0	26135
24578	24623	67	318	96	0	25104
24579	350	25336	240	109	0	26035
24580	25456	295	104	72	0	25927
24581	372	243	89	25032	0	25736
24582	25442	50	102	335	0	25929
24583	367	58	85	25486	0	25996
24584	264	86	25985	318	0	26653
24585	138	181	333	25668	0	26320
24586	128	77	25769	311	0	26285
24587	23140	57	282	221	0	23700
24588	277	24372	205	123	0	24977
24589	172	258	74	21871	0	22375
24590	72	23598	83	179	0	23932
24591	23377	191	100	153	0	23821
24592	23245	120	72	65	0	23502
24593	299	23294	69	68	0	23730
24594	23149	185	76	70	0	23480
24595	23479	102	48	89	0	23718
24596	274	45	51	23244	0	23614
24597	163	25	43	23565	0	23796
24598	24264	47	46	293	0	24650
24599	24573	27	38	143	0	24781
24600	325	38	43	24123	0	24529
24601	188	30	45	25582	0	25845
24602	25781	36	45	360	0	26222
24603	269	76	25699	167	0	26211
24604	24389	34	250	86	0	24759
24605	289	63	25519	72	0	25943
24606	185	25102	276	70	0	25633
24607	87	256	184	24584	0	25111
24608	94	187	25516	243	0	26040
24609	66	26263	275	159	0	26763
24610	26097	242	182	108	0	26629
24611	270	201	26218	63	0	26752
24612	25385	50	249	73	0	25757
24613	26388	42	150	86	0	26666
24614	26733	39	46	83	0	26901
24615	404	37	37	24986	0	25464
24616	207	26845	66	215	0	27333
24617	26158	225	42	178	0	26603
24618	262	179	26629	60	0	27130
24619	24269	47	241	87	0	24644
24620	248	70	26748	72	0	27138
24621	181	26417	251	78	0	26927
24622	100	217	153	26459	0	26929
24623	103	136	57	26278	0	26574
24624	64	26402	71	378	0	26915
24625	90	227	48	26916	0	27281
24626	87	185	27051	261	0	27584
24627	77	27253	275	169	0	27774
24628	98	240	154	26598	0	27090
24629	26759	182	60	250	0	27251
24630	27680	62	50	178	0	27970
24631	424	49	46	27639	0	28158
24632	234	28467	79	258	0	29038
24633	115	257	43	28447	0	28862
24634	115	178	42	28175	0	28510
24635	104	73	26853	441	0	27471
24636	93	27170	279	259	0	27801
24637	90	231	148	26610	0	27079
24638	85	184	26551	270	0	27090
24639	75	26454	266	202	0	26997
24640	104	246	183	26280	0	26813
24641	26507	174	64	268	0	27013
24642	281	26881	78	233	0	27473
24643	213	249	38	26906	0	27406
24644	27574	180	45	287	0	28086
24645	27780	74	41	213	0	28108
24646	27845	49	53	115	0	28062
24647	27475	52	43	89	0	27659
24648	430	53	37	27196	0	27716
24649	234	74	27382	298	0	27988
24650	127	105	231	26407	0	26870
24651	91	27343	194	266	0	27894
24652	27561	224	70	206	0	28061
24653	272	206	26904	87	0	27469
24654	25524	59	222	91	0	25896
24655	277	68	26558	77	0	26980
24656	219	55	240	26092	0	26606
24657	117	68	26408	222	0	26815
24658	99	56	227	25863	0	26245
24659	86	95	26220	260	0	26661
24660	105	46	235	25731	0	26117
24661	26105	38	178	280	0	26601
24662	247	27414	110	199	0	27970
24663	220	222	66	27531	0	28039
24664	121	191	41	27517	0	27870
24665	112	99	28316	360	0	28887
24666	106	94	27435	212	0	27847
24667	25759	52	351	125	0	26287
24668	244	27422	215	103	0	27984
24669	27133	177	111	90	0	27511
24670	27403	144	50	109	0	27706
24671	354	47	71	26754	0	27226
24672	196	27733	86	236	0	28251
24673	28322	187	69	204	0	28782
24674	28667	152	61	115	0	28995
24675	29190	59	45	105	0	29399
24676	29297	42	38	96	0	29473
24677	28982	41	58	90	0	29171
24678	369	89	28553	58	0	29069
24679	28077	39	216	83	0	28415
24680	271	89	28831	55	0	29246
24681	227	27	235	27929	0	28418
24682	132	37	162	29288	0	29619
24683	93	85	29014	360	0	29552
24684	27974	55	232	254	0	28515
24685	294	42	163	29442	0	29941
24686	220	44	59	30111	0	30434
24687	109	40	48	30472	0	30669
24688	97	40	56	30274	0	30467
24689	95	41	50	30470	0	30656
24690	73	117	30598	479	0	31267
24691	109	28	285	30372	0	30794
24692	73	113	31109	332	0	31627
24693	95	95	30793	282	0	31265
24694	30409	36	500	144	0	31089
24695	32008	37	271	122	0	32438
24696	33848	51	101	135	0	34135
24697	687	84	34533	95	0	35399
24698	400	70	34416	80	0	34966
24699	143	71	35487	104	0	35805
24700	97	36355	805	109	0	37366
24701	306	557	581	35321	0	36765
24702	37204	312	151	421	0	38088
24703	479	73	75	38771	0	39398
24704	391	39722	132	577	0	40822
24705	40219	463	83	495	0	41260
24706	530	394	76	39752	0	40752
24707	455	40690	118	588	0	41851
24708	175	477	65	41252	0	41969
24709	132	428	65	40831	0	41456
24710	39865	77	75	966	0	40983
24711	544	60	89	40473	0	41166
24712	467	142	39977	598	0	41184
24713	159	61	516	39515	0	40251
24714	122	39009	512	558	0	40201
24715	125	40049	197	541	0	40912
24716	130	860	144	38725	0	39859
24717	134	495	109	38092	0	38830
24718	105	38275	139	923	0	39442
24719	123	38612	132	561	0	39428
24720	116	39295	123	232	0	39766
24721	165	975	77	35696	0	36913
24722	119	38835	142	535	0	39631
24723	38117	588	79	541	0	39325
24724	559	586	38799	228	0	40172
24725	511	182	511	37208	0	38412
24726	152	38866	487	623	0	40128
24727	38364	565	96	605	0	39630
24728	594	583	38707	257	0	40141
24729	512	38619	590	254	0	39975
24730	37678	573	475	264	0	38990
24731	508	37887	198	202	0	38795
24732	432	38041	137	254	0	38864
24733	190	979	116	36997	0	38282
24734	154	38384	124	587	0	39249
24735	37726	621	80	601	0	39028
24736	546	568	96	37806	0	39016
24737	460	283	37670	632	0	39045
24738	135	310	37849	552	0	38846
24739	155	254	821	37499	0	38729
24740	146	254	38423	629	0	39452
24741	141	197	554	38337	0	39229
24742	37312	188	459	656	0	38615
24743	540	263	37741	557	0	39101
24744	490	222	535	36424	0	37671
24745	144	37092	515	592	0	38343
24746	167	606	157	37835	0	38765
24747	183	545	144	37378	0	38250
24748	164	37439	174	942	0	38719
24749	167	612	132	38485	0	39396
24750	135	566	152	38582	0	39435
24751	147	323	37886	982	0	39338
24752	130	37649	596	623	0	38998
24753	37585	673	476	319	0	39053
24754	584	564	167	37937	0	39252
24755	492	317	38150	682	0	39641
24756	187	245	577	37971	0	38980
24757	169	255	38191	735	0	39350
24758	35616	254	608	649	0	37127
24759	568	37917	568	305	0	39358
24760	519	588	205	38066	0	39378
24761	211	556	211	38865	0	39843
24762	37054	219	224	1047	0	38544
24763	563	235	175	37800	0	38773
24764	498	284	37245	735	0	38762
24765	203	239	565	35423	0	36430
24766	181	35517	539	717	0	36954
24767	159	36422	260	700	0	37541
24768	152	37149	257	394	0	37952
24769	184	1049	174	36126	0	37533
24770	163	697	35715	765	0	37340
24771	137	35752	626	697	0	37212
24772	34837	680	495	371	0	36383
24773	510	35672	237	381	0	36800
24774	35622	672	184	380	0	36858
24775	35428	582	203	340	0	36553
24776	926	317	35053	331	0	36627
24777	35735	262	585	352	0	36934
24778	37370	246	513	393	0	38522
24779	37022	231	202	363	0	37818
24780	37792	230	186	353	0	38561
24781	962	291	37395	290	0	38938
24782	36759	227	560	297	0	37843
24783	37809	261	512	304	0	38886
24784	910	38569	228	271	0	39978
24785	534	660	133	37784	0	39111
24786	265	588	140	37591	0	38584
24787	195	38207	239	951	0	39592
24788	37702	624	185	598	0	39109
24789	589	38270	248	266	0	39373
24790	37150	635	156	210	0	38151
24791	37339	550	123	214	0	38226
24792	880	37896	181	230	0	39187
24793	541	567	141	37722	0	38971
24794	293	482	38165	605	0	39545
24795	208	37232	551	525	0	38516
24796	278	835	367	33739	0	35219
24797	193	35394	191	382	0	36160
24798	151	36725	132	385	0	37393
24799	263	1065	181	34677	0	36186
24800	171	404	35347	446	0	36368
24801	125	34257	432	378	0	35192
24802	94	33762	382	102	0	34340
24803	30563	526	209	63	0	31361
24804	299	291	29	31310	0	31929
24805	273	66	15	31910	0	32264
24806	84	30	17	32627	0	32758
24807	46	81	32585	627	0	33339
24808	62	37	341	32677	0	33117
24809	32	33996	333	414	0	34775
24810	35083	369	55	349	0	35856
24811	438	338	17	35127	0	35920
24812	384	135	35102	438	0	36059
24813	34951	43	419	392	0	35805
24814	468	42	356	36580	0	37446
24815	417	84	38491	473	0	39465
24816	96	97	38980	421	0	39594
24817	38233	43	901	119	0	39296
24818	40538	46	459	79	0	41122
24819	40672	61	81	69	0	40883
24820	40965	57	51	93	0	41166
24821	1005	110	40170	75	0	41360
24822	534	40503	571	112	0	41720
24823	40403	550	480	87	0	41520
24824	547	40694	121	82	0	41444
24825	40246	570	54	88	0	40958
24826	569	40650	107	92	0	41418
24827	507	609	48	40160	0	41324
24828	120	471	64	40452	0	41107
24829	101	109	42	40101	0	40353
24830	86	39549	86	977	0	40698
24831	99	40326	86	564	0	41075
24832	120	977	50	37979	0	39126
24833	85	39471	106	556	0	40218
24834	89	657	39058	492	0	40296
24835	128	497	557	38847	0	40029
24836	105	201	39596	592	0	40494
24837	38013	123	597	559	0	39292
24838	39150	94	482	187	0	39913
24839	1033	119	38955	158	0	40265
24840	568	165	38777	155	0	39665
24841	185	123	985	38035	0	39328
24842	137	169	38912	629	0	39847
24843	159	132	611	36648	0	37550
24844	127	35888	594	629	0	37238
24845	180	620	153	38609	0	39562
24846	155	566	108	38873	0	39702
24847	151	186	105	39311	0	39753
24848	140	179	37832	1139	0	39290
24849	146	132	612	37370	0	38260
24850	157	161	551	37174	0	38043
24851	218	201	153	35515	0	36087
24852	172	37431	183	968	0	38754
24853	37527	614	90	615	0	38846
24854	37732	557	134	261	0	38684
24855	37898	171	142	277	0	38488
24856	1070	172	175	36838	0	38255
24857	633	174	36846	706	0	38359
24858	479	210	36653	646	0	37988
24859	206	36796	1037	270	0	38309
24860	35748	621	604	280	0	37253
24861	598	36682	267	299	0	37846
24862	36826	644	188	261	0	37919
24863	674	36779	234	259	0	37946
24864	36380	685	175	253	0	37493
24865	687	37651	277	292	0	38907
24866	680	678	194	37407	0	38959
24867	314	660	37153	732	0	38859
24868	296	255	37597	703	0	38851
24869	297	207	1088	36789	0	38381
24870	264	199	681	37436	0	38580
24871	277	198	235	38191	0	38901
24872	301	220	37316	1199	0	39036
24873	301	199	638	37145	0	38283
24874	36053	163	624	815	0	37655
24875	36433	201	249	709	0	37592
24876	1107	35990	245	360	0	37702
24877	35531	641	215	327	0	36714
24878	768	35052	246	303	0	36369
24879	34882	711	224	267	0	36084
24880	34905	627	217	247	0	35996
24881	34200	239	215	274	0	34928
24882	1182	248	33983	223	0	35636
24883	702	241	33707	213	0	34863
24884	32658	200	1021	240	0	34119
24885	33821	158	630	248	0	34857
24886	1173	220	229	33343	0	34965
24887	810	188	185	34167	0	35350
24888	377	198	196	34961	0	35732
24889	247	216	221	35369	0	36053
24890	257	191	188	35945	0	36581
24891	34364	224	179	1241	0	36008
24892	714	189	158	34464	0	35525
24893	616	260	33463	769	0	35108
24894	32034	167	585	731	0	33517
24895	33110	149	576	359	0	34194
24896	1024	33050	249	351	0	34674
24897	554	32741	208	297	0	33800
24898	30323	763	149	198	0	31433
24899	465	31453	198	163	0	32279
24900	30875	470	195	191	0	31731
24901	32690	393	195	201	0	33479
24902	32994	98	114	190	0	33396
24903	994	69	125	31082	0	32270
24904	541	31531	170	535	0	32777
24905	31539	426	88	516	0	32569
24906	616	419	94	31360	0	32489
24907	524	104	84	30528	0	31240
24908	28818	37	80	825	0	29760
24909	421	28465	80	507	0	29473
24910	376	406	40	27857	0	28679
24911	28095	349	43	448	0	28935
24912	392	28547	75	430	0	29444
24913	28567	338	22	152	0	29079
24914	399	376	26996	98	0	27869
24915	25927	58	259	80	0	26324
24916	359	26464	279	78	0	27180
24917	26143	291	110	70	0	26614
24918	25702	284	21	66	0	26073
24919	558	26261	46	59	0	26924
24920	26305	274	24	61	0	26664
24921	336	26084	46	38	0	26504
24922	26682	300	13	75	0	27070
24923	365	275	12	26554	0	27206
24924	346	75	10	26682	0	27113
24925	125	50	11	27098	0	27284
24926	103	80	26153	581	0	26917
24927	100	57	261	26298	0	26716
24928	95	91	26466	337	0	26989
24929	110	44	278	26058	0	26490
24930	80	26269	312	323	0	26984
24931	99	293	49	26844	0	27285
24932	97	337	26643	324	0	27401
24933	102	124	27079	315	0	27620
24934	97	56	522	26961	0	27636
24935	26833	51	311	344	0	27539
24936	26982	52	69	347	0	27450
24937	592	27123	75	129	0	27919
24938	398	295	42	27368	0	28103
24939	141	360	27935	331	0	28767
24940	102	115	289	28238	0	28744
24941	114	91	28422	376	0	29003
24942	27227	67	333	389	0	28016
24943	407	79	299	28321	0	29106
24944	388	91	27846	363	0	28688
24945	163	78	301	27884	0	28426
24946	153	63	305	28154	0	28675
24947	115	109	27954	647	0	28825
24948	128	56	317	27959	0	28460
24949	27897	65	319	434	0	28715
24950	28286	73	91	394	0	28844
24951	651	62	51	28404	0	29168
24952	28721	57	67	420	0	29265
24953	421	117	28587	398	0	29523
24954	390	103	28436	159	0	29088
24955	28320	60	605	164	0	29149
24956	29422	60	360	147	0	29989
24957	657	77	110	28825	0	29669
24958	437	58	76	29238	0	29809
24959	168	97	28877	683	0	29825
24960	188	81	354	26964	0	27587
24961	126	29138	389	365	0	30018
24962	29327	325	99	362	0	30113
24963	30570	321	93	149	0	31133
24964	698	30676	115	157	0	31646
24965	29686	393	84	157	0	30320
24966	29493	340	79	162	0	30074
24967	679	29833	139	148	0	30799
24968	29927	367	84	162	0	30540
24969	459	30082	122	134	0	30797
24970	30190	403	77	162	0	30832
24971	479	405	29943	148	0	30975
24972	426	98	414	29875	0	30813
24973	175	62	371	30799	0	31407
24974	161	56	120	32160	0	32497
24975	31720	63	101	840	0	32724
24976	544	39	63	32863	0	33509
24977	467	104	32505	580	0	33656
24978	32368	52	484	524	0	33428
24979	555	53	429	32437	0	33474
24980	497	32189	164	535	0	33385
24981	160	33204	154	513	0	34031
24982	147	784	98	32421	0	33450
24983	204	425	87	32516	0	33232
24984	162	95	86	32951	0	33294
24985	140	106	31438	898	0	32582
24986	146	31006	479	522	0	32153
24987	30208	407	382	199	0	31196
24988	29654	376	128	145	0	30303
24989	754	29419	99	145	0	30417
24990	438	29836	105	128	0	30507
24991	258	743	154	28923	0	30078
24992	129	398	28878	446	0	29851
24993	27616	175	403	424	0	28618
24994	28535	69	353	150	0	29107
24995	686	51	89	28213	0	29039
24996	402	31	60	28311	0	28804
24997	27363	39	68	702	0	28172
24998	406	76	27264	414	0	28160
24999	26132	46	356	173	0	26707
25000	396	26552	369	116	0	27433
25001	292	279	34	23679	0	24284
25002	76	24402	55	285	0	24818
25003	24418	258	90	275	0	25041
25004	300	217	43	23998	0	24558
25005	254	57	51	23564	0	23926
25006	73	23812	74	439	0	24398
25007	23928	239	38	266	0	24471
25008	24052	213	39	92	0	24396
25009	453	74	23845	73	0	24445
25010	234	76	22827	83	0	23220
25011	22516	49	366	80	0	23011
25012	269	72	23105	51	0	23497
25013	204	69	22414	47	0	22734
25014	22099	60	416	78	0	22653
25015	254	56	25012	75	0	25397
25016	223	26	364	24856	0	25469
25017	71	26	280	25637	0	26014
25018	26756	25	67	689	0	27537
25019	468	62	27227	378	0	28135
25020	28726	41	469	108	0	29344
25021	589	43	369	28640	0	29641
25022	29060	37	94	520	0	29711
25023	29185	49	54	429	0	29717
25024	29590	27	41	141	0	29799
25025	1004	37	37	28751	0	29829
25026	29262	43	40	557	0	29902
25027	686	29	33	29307	0	30055
25028	549	37	38	29332	0	29956
25029	226	29	41	29712	0	30008
25030	186	24	55	29687	0	29952
25031	28887	46	57	1004	0	29994
25032	29107	36	49	565	0	29757
25033	962	62	28703	210	0	29937
25034	29077	30	516	157	0	29780
25035	29475	26	425	157	0	30083
25036	980	35	128	28430	0	29573
25037	580	28539	89	574	0	29782
25038	28785	498	68	484	0	29835
25039	675	409	56	28022	0	29162
25040	28016	102	66	602	0	28786
25041	653	27541	99	489	0	28782
25042	28147	507	61	183	0	28898
25043	724	414	47	27020	0	28205
25044	512	27328	101	578	0	28519
25045	27750	530	54	469	0	28803
25046	620	27847	89	196	0	28752
25047	504	28534	99	186	0	29323
25048	28458	865	69	174	0	29566
25049	645	516	28109	171	0	29441
25050	28386	131	525	174	0	29216
25051	760	89	412	28099	0	29360
25052	591	103	28310	576	0	29580
25053	339	64	531	28099	0	29033
25054	261	77	464	28715	0	29517
25055	265	100	28182	989	0	29536
25056	27914	54	556	638	0	29162
25057	732	47	461	28344	0	29584
25058	653	67	119	28674	0	29513
25059	337	49	75	28685	0	29146
25060	28088	55	81	1135	0	29359
25061	695	95	27629	694	0	29113
25062	586	83	27690	342	0	28701
25063	279	62	829	26382	0	27552
25064	218	78	26613	655	0	27564
25065	25788	50	570	579	0	26987
25066	604	26163	503	256	0	27526
25067	26263	460	207	192	0	27122
25068	753	402	120	25046	0	26321
25069	574	25566	174	513	0	26827
25070	335	589	104	25233	0	26261
25071	261	25907	107	604	0	26879
25072	258	603	73	25962	0	26896
25073	244	458	25268	637	0	26607
25074	202	212	24365	512	0	25291
25075	196	24212	774	282	0	25464
25076	23181	435	453	238	0	24307
25077	519	403	151	22753	0	23826
25078	472	172	104	22997	0	23745
25079	23051	127	83	756	0	24017
25080	23125	120	100	484	0	23829
25081	831	108	109	22836	0	23884
25082	553	114	22536	501	0	23704
25083	275	22583	473	454	0	23785
25084	241	428	384	22495	0	23548
25085	242	351	188	21830	0	22611
25086	179	23159	155	757	0	24250
25087	23266	430	111	513	0	24320
25088	529	392	23310	248	0	24479
25089	491	158	450	23144	0	24243
25090	242	110	371	23187	0	23910
25091	180	149	22953	874	0	24156
25092	201	87	456	23413	0	24157
25093	23447	89	388	634	0	24558
25094	23422	89	199	530	0	24240
25095	23820	71	163	293	0	24347
25096	851	23198	188	266	0	24503
25097	24608	424	146	225	0	25403
25098	664	366	135	24235	0	25400
25099	538	153	141	23504	0	24336
25100	288	25716	141	807	0	26952
25101	27254	504	109	532	0	28399
25102	28281	441	128	292	0	29142
25103	28723	196	115	234	0	29268
25104	29365	147	95	229	0	29836
25105	29255	124	115	251	0	29745
25106	1073	159	28388	224	0	29844
25107	28919	122	566	194	0	29801
25108	29128	116	487	185	0	29916
25109	28948	95	200	185	0	29428
25110	1107	97	145	28132	0	29481
25111	683	97	138	28269	0	29187
25112	340	109	27288	955	0	28692
25113	23034	132	557	630	0	24353
25114	595	26604	454	304	0	27957
25115	393	23967	143	171	0	24674
25116	229	524	23677	137	0	24567
25117	137	23600	367	113	0	24217
25118	131	22560	274	110	0	23075
25119	367	869	331	18679	0	20246
25120	69	20000	109	226	0	20404
25121	19677	242	36	161	0	20116
25122	19432	163	29	67	0	19691
25123	376	50	24	19237	0	19687
25124	200	69	19172	224	0	19665
25125	18570	30	224	173	0	18997
25126	269	45	19377	73	0	19764
25127	198	43	19416	68	0	19725
25128	96	33	338	18521	0	18988
25129	104	33	164	19080	0	19381
25130	82	46	19339	336	0	19803
25131	61	18938	247	192	0	19438
25132	59	20032	179	92	0	20362
25133	19748	338	68	104	0	20258
25134	19843	159	58	72	0	20132
25135	345	74	19538	48	0	20005
25136	19244	45	187	52	0	19528
25137	20323	26	140	74	0	20563
25138	370	45	34	20030	0	20479
25139	224	33	33	20349	0	20639
25140	116	27	21	20535	0	20699
25141	20415	31	31	335	0	20812
25142	20589	36	16	205	0	20846
25143	20895	24	38	76	0	21033
25144	432	24	23	20788	0	21267
25145	290	33	20463	225	0	21011
25146	20169	22	202	174	0	20567
25147	20205	26	155	59	0	20445
25148	403	26	68	19735	0	20232
25149	245	20153	67	210	0	20675
25150	160	217	44	19942	0	20363
25151	128	20327	46	234	0	20735
25152	116	256	31	19551	0	19954
25153	83	20477	64	252	0	20876
25154	20014	224	56	170	0	20464
25155	273	193	41	19921	0	20428
25156	194	20031	59	214	0	20498
25157	99	271	19872	159	0	20401
25158	19233	182	231	66	0	19712
25159	252	79	166	19708	0	20205
25160	178	19779	59	232	0	20248
25161	91	219	53	19187	0	19550
25162	88	19341	61	226	0	19716
25163	110	20173	56	162	0	20501
25164	20157	330	59	81	0	20627
25165	20397	162	58	87	0	20704
25166	335	95	20477	57	0	20964
25167	20170	61	214	63	0	20508
25168	20500	44	172	65	0	20781
25169	334	20401	91	53	0	20879
25170	214	207	51	20525	0	20997
25171	126	144	38	20498	0	20806
25172	95	75	20305	324	0	20799
25173	90	87	19902	163	0	20242
25174	19941	48	313	79	0	20381
25175	20544	34	169	72	0	20819
25176	20589	21	75	63	0	20748
25177	382	52	20202	58	0	20694
25178	228	35	205	19878	0	20346
25179	20115	25	150	248	0	20538
25180	256	37	44	20157	0	20494
25181	175	48	19887	251	0	20361
25182	18623	35	187	208	0	19053
25183	264	66	20635	68	0	21033
25184	205	20182	207	79	0	20673
25185	20299	174	155	69	0	20697
25186	255	156	20127	63	0	20601
25187	194	66	210	19829	0	20299
25188	20038	28	159	220	0	20445
25189	262	38	40	20200	0	20540
25190	20468	34	32	233	0	20767
25191	231	45	21	20338	0	20635
25192	20815	44	26	259	0	21144
25193	20891	42	29	189	0	21151
25194	20980	47	23	79	0	21129
25195	20652	47	45	66	0	20810
25196	391	69	33	20613	0	21106
25197	181	46	19981	174	0	20382
25198	94	58	20155	145	0	20452
25199	65	20223	289	55	0	20632
25200	47	18513	137	30	0	18727
25201	16796	200	301	37	0	17334
25202	113	65	32	16321	0	16531
25203	68	27	16440	78	0	16613
25204	12	33	16656	79	0	16780
25205	38	48	120	16688	0	16894
25206	16816	3	68	85	0	16972
25207	65	17013	23	71	0	17172
25208	18025	61	6	45	0	18137
25209	79	61	3	18223	0	18366
25210	69	12	6	18286	0	18373
25211	28	8	4	18399	0	18439
25212	13	28	18330	129	0	18500
25213	23	23	18052	77	0	18175
25214	16	18429	148	19	0	18612
25215	16	65	69	18802	0	18952
25216	18546	64	19	90	0	18719
25217	87	41	18364	71	0	18563
25218	85	35	18674	17	0	18811
25219	24	9	137	18865	0	19035
25220	20	6	70	19439	0	19535
25221	21	2	18	19576	0	19617
25222	15	8	12	21034	0	21069
25223	21122	8	9	207	0	21346
25224	141	8	7	21432	0	21588
25225	21340	7	11	167	0	21525
25226	154	41	21509	115	0	21819
25227	108	21630	164	31	0	21933
25228	38	147	107	21699	0	21991
25229	28	127	22089	145	0	22389
25230	27	38	22001	128	0	22194
25231	26	22519	257	39	0	22841
25232	28	135	120	21914	0	22197
25233	25	108	22	22115	0	22270
25234	20	46	22522	234	0	22822
25235	21608	12	167	123	0	21910
25236	161	10	124	22585	0	22880
25237	125	15	30	22191	0	22361
25238	34	38	22828	288	0	23188
25239	18	22990	202	141	0	23351
25240	13	24870	154	42	0	25079
25241	25120	347	30	52	0	25549
25242	267	169	28	25386	0	25850
25243	26572	30	20	282	0	26904
25244	332	44	26397	199	0	26972
25245	226	24	299	26282	0	26831
25246	26392	19	205	322	0	26938
25247	26697	13	44	248	0	27002
25248	498	7	27	26522	0	27054
25249	248	29	26406	323	0	27006
25250	68	51	26940	212	0	27271
25251	50	30	491	26706	0	27277
25252	43	48	27208	329	0	27628
25253	25572	11	336	250	0	26169
25254	294	26806	253	76	0	27429
25255	27234	277	67	72	0	27650
25256	27393	219	46	75	0	27733
25257	509	52	40	27360	0	27961
25258	266	33	50	27672	0	28021
25259	27674	42	45	522	0	28283
25260	323	40	38	27901	0	28302
25261	242	51	27668	369	0	28330
25262	86	27788	347	269	0	28490
25263	68	328	237	27442	0	28075
25264	73	226	76	27515	0	27890
25265	79	50	59	27696	0	27884
25266	75	52	27000	591	0	27718
25267	93	26838	356	335	0	27622
25268	71	297	267	27046	0	27681
25269	71	253	26958	380	0	27662
25270	90	58	351	26925	0	27424
25271	26903	42	272	400	0	27617
25272	358	49	94	27216	0	27717
25273	294	77	26896	387	0	27654
25274	25941	37	340	347	0	26665
25275	351	27482	295	166	0	28294
25276	283	28095	155	110	0	28643
25277	28196	503	79	151	0	28929
25278	381	309	28733	131	0	29554
25279	347	70	361	28401	0	29179
25280	151	49	277	29107	0	29584
25281	104	69	29256	621	0	30050
25282	105	29359	404	361	0	30229
25283	120	329	290	27291	0	28030
25284	107	262	29038	413	0	29820
25285	109	82	388	28899	0	29478
25286	28733	77	277	461	0	29548
25287	370	101	29532	363	0	30366
25288	318	77	368	29663	0	30426
25289	145	59	274	30050	0	30528
25290	110	79	29519	655	0	30363
25291	147	73	360	27978	0	28558
25292	121	27745	332	450	0	28648
25293	151	352	154	25853	0	26510
25294	108	28912	146	393	0	29559
25295	28709	351	104	332	0	29496
25296	27614	259	149	220	0	28242
25297	583	110	28014	187	0	28894
25298	322	87	27405	177	0	27991
25299	129	114	27531	172	0	27946
25300	114	27409	605	162	0	28290
25301	173	342	397	27649	0	28561
25302	126	261	28340	396	0	29123
25303	160	96	387	27166	0	27809
25304	155	74	291	27843	0	28363
25305	141	95	28051	587	0	28874
25306	161	79	367	28093	0	28700
25307	142	79	289	27456	0	27966
25308	129	27252	207	627	0	28215
25309	153	341	128	27629	0	28251
25310	144	264	147	27949	0	28504
25311	101	135	27857	651	0	28744
25312	131	94	375	27325	0	27925
25313	117	106	27833	525	0	28581
25314	91	133	27044	413	0	27681
25315	26278	108	541	261	0	27188
25316	390	127	351	25374	0	26242
25317	259	27676	216	443	0	28594
25318	134	28004	175	370	0	28683
25319	148	588	164	27520	0	28420
25320	126	327	27857	493	0	28803
25321	106	27742	435	429	0	28712
25322	133	317	312	26116	0	26878
25323	88	265	27784	389	0	28526
25324	91	28174	332	330	0	28927
25325	29503	314	305	205	0	30327
25326	29574	230	167	166	0	30137
25327	29409	114	97	247	0	29867
25328	468	82	125	31368	0	32043
25329	264	83	126	31359	0	31832
25330	115	64	110	31051	0	31340
25331	63	115	30959	629	0	31766
25332	30326	89	405	411	0	31231
25333	362	73	299	29874	0	30608
25334	259	105	30076	383	0	30823
25335	30632	73	376	347	0	31428
25336	31603	70	296	202	0	32171
25337	557	170	26487	192	0	27406
25338	30643	56	301	203	0	31203
25339	309	31903	269	190	0	32671
25340	169	221	30633	127	0	31150
25341	29050	184	315	121	0	29670
25342	210	30213	216	111	0	30750
25343	109	149	63	28354	0	28675
25344	40	29099	72	199	0	29410
25345	34	158	29	29366	0	29587
25346	33	127	29400	194	0	29754
25347	25869	29	204	179	0	26281
25348	163	57	29608	63	0	29891
25349	103	29146	189	61	0	29499
25350	25	29338	138	51	0	29552
25351	28893	232	35	75	0	29235
25352	156	145	28895	45	0	29241
25353	104	23	163	28387	0	28677
25354	38	56	28987	180	0	29261
25355	19	29340	187	136	0	29682
25356	106	160	105	26130	0	26501
25357	17	29405	66	111	0	29599
25358	29854	175	29	126	0	30184
25359	30061	104	28	70	0	30263
25360	30053	30	37	49	0	30169
25361	259	40	29737	48	0	30084
25362	112	54	28898	43	0	29107
25363	28558	20	276	61	0	28915
25364	188	60	30485	60	0	30793
25365	136	19	203	28246	0	28604
25366	28	30228	144	161	0	30561
25367	30941	170	39	124	0	31274
25368	30977	111	42	61	0	31191
25369	31733	24	31	76	0	31864
25370	293	31	30	31864	0	32218
25371	134	18	29	32097	0	32278
25372	31835	14	27	322	0	32198
25373	188	31682	56	151	0	32077
25374	31517	174	22	63	0	31776
25375	211	107	18	31119	0	31455
25376	128	23	11	31214	0	31376
25377	30511	15	27	300	0	30853
25378	182	30143	42	150	0	30517
25379	30255	180	22	86	0	30543
25380	205	30542	45	24	0	30816
25381	30172	205	21	37	0	30435
25382	227	108	15	32061	0	32411
25383	32389	27	20	233	0	32669
25384	33726	28	12	151	0	33917
25385	36021	20	50	65	0	36156
25386	406	37423	40	24	0	37893
25387	204	335	36386	27	0	36952
25388	36021	188	313	47	0	36569
25389	37081	38	185	48	0	37352
25390	479	37015	74	43	0	37611
25391	244	302	15	37336	0	37897
25392	82	187	20	37506	0	37795
25393	37339	37	19	502	0	37897
25394	349	27	25	37988	0	38389
25395	222	65	38055	368	0	38710
25396	78	88	37649	233	0	38048
25397	38242	16	515	95	0	38868
25398	379	18	230	38786	0	39413
25399	240	21	49	39212	0	39522
25400	100	25	29	39777	0	39931
25401	41	53	40030	587	0	40711
25402	62	7	370	39747	0	40186
25403	91	19	231	40795	0	41136
25404	65	17	52	41164	0	41298
25405	40488	17	36	661	0	41202
25406	450	36	30	40940	0	41456
25407	280	80	41201	478	0	42039
25408	41358	30	419	336	0	42143
25409	488	77	43409	104	0	44078
25410	43392	36	487	107	0	44022
25411	41026	93	352	112	0	41583
25412	830	34	77	44757	0	45698
25413	421	45348	90	567	0	46426
25414	164	518	51	45925	0	46658
25415	107	423	61	45450	0	46041
25416	86	46482	119	873	0	47560
25417	45878	484	80	463	0	46905
25418	540	46140	105	184	0	46969
25419	46147	547	54	146	0	46894
25420	46149	374	55	157	0	46735
25421	921	82	51	45759	0	46813
25422	510	55	57	45734	0	46356
25423	134	83	44083	939	0	45239
25424	108	104	42251	524	0	42987
25425	40863	67	832	228	0	41990
25426	42127	33	447	170	0	42777
25427	846	40629	139	186	0	41800
25428	486	441	94	39693	0	40714
25429	188	388	40954	521	0	42051
25430	218	433	530	40674	0	41855
25431	40185	75	465	603	0	41328
25432	39053	44	114	445	0	39656
25433	819	39389	93	209	0	40510
25434	494	461	57	39277	0	40289
25435	169	388	55	39689	0	40301
25436	167	107	61	40135	0	40470
25437	138	128	38313	872	0	39451
25438	33753	93	466	588	0	34900
25439	37101	91	355	212	0	37759
25440	876	107	37376	171	0	38530
25441	511	37194	499	181	0	38385
25442	37134	449	393	190	0	38166
25443	37320	366	122	198	0	38006
25444	859	149	36468	176	0	37652
25445	518	109	37582	156	0	38365
25446	245	121	777	36977	0	38120
25447	205	105	37907	522	0	38739
25448	36459	94	533	453	0	37539
25449	37435	76	418	192	0	38121
25450	37944	80	156	189	0	38369
25451	920	68	121	35261	0	36370
25452	534	38217	160	497	0	39408
25453	38848	442	107	456	0	39853
25454	38540	384	101	227	0	39252
25455	896	169	37978	209	0	39252
25456	549	124	37211	205	0	38089
25457	35136	91	778	229	0	36234
25458	604	89	433	37537	0	38663
25459	524	133	37398	564	0	38619
25460	267	37273	516	518	0	38574
25461	254	462	434	37317	0	38467
25462	37088	408	177	545	0	38218
25463	593	37963	166	493	0	39215
25464	542	450	139	36911	0	38042
25465	256	37256	198	507	0	38217
25466	229	37937	187	487	0	38840
25467	258	725	149	37684	0	38816
25468	249	409	160	37389	0	38207
25469	219	37851	219	778	0	39067
25470	37456	460	137	509	0	38562
25471	642	448	37561	226	0	38877
25472	36751	150	510	203	0	37614
25473	668	138	439	38333	0	39578
25474	593	107	148	38573	0	39421
25475	330	94	152	38884	0	39460
25476	286	96	164	38737	0	39283
25477	239	130	38632	859	0	39860
25478	284	105	518	38830	0	39737
25479	278	135	451	38513	0	39377
25480	211	40360	228	896	0	41695
25481	225	523	40800	548	0	42096
25482	215	42140	572	291	0	43218
25483	270	619	42369	246	0	43504
25484	186	41885	612	225	0	42908
25485	453	554	594	37451	0	39052
25486	37381	409	146	457	0	38393
25487	489	37771	156	471	0	38887
25488	508	431	100	38180	0	39219
25489	199	457	38576	465	0	39697
25490	138	39192	498	480	0	40308
25491	38815	438	469	198	0	39920
25492	38734	425	148	145	0	39452
25493	776	39118	189	131	0	40214
25494	496	463	38466	117	0	39542
25495	36649	429	433	142	0	37653
25496	493	174	418	38930	0	40015
25497	38576	114	136	505	0	39331
25498	537	39390	159	482	0	40568
25499	462	40100	133	194	0	40889
25500	200	774	39195	204	0	40373
25501	37680	486	493	160	0	38819
25502	549	332	391	38788	0	40060
25503	38918	101	141	452	0	39612
25504	487	39043	144	438	0	40112
25505	39001	444	109	167	0	39721
25506	38547	383	130	166	0	39226
25507	766	173	38762	146	0	39847
25508	378	36610	369	130	0	37487
25509	151	36961	358	90	0	37560
25510	130	738	94	33547	0	34509
25511	81	34685	93	315	0	35174
25512	33903	347	89	263	0	34602
25513	302	34170	61	116	0	34649
25514	272	386	61	32816	0	33535
25515	111	33030	74	274	0	33489
25516	87	32425	63	225	0	32800
25517	104	33237	52	82	0	33475
25518	187	517	102	32553	0	33359
25519	86	280	66	33018	0	33450
25520	94	122	40	32756	0	33012
25521	82	32171	57	460	0	32770
25522	98	323	31525	278	0	32224
25523	74	321	31573	94	0	32062
25524	30671	135	418	80	0	31304
25525	294	128	228	32320	0	32970
25526	270	127	32447	295	0	33139
25527	106	154	32580	259	0	33099
25528	85	33580	444	108	0	34217
25529	87	331	253	31969	0	32640
25530	82	277	67	32792	0	33218
25531	32593	140	49	527	0	33309
25532	282	114	51	32779	0	33226
25533	253	97	68	32651	0	33069
25534	107	136	33028	495	0	33766
25535	89	103	296	32886	0	33374
25536	96	119	240	34161	0	34616
25537	75	137	34029	497	0	34738
25538	71	136	33766	293	0	34266
25539	71	33878	495	153	0	34597
25540	80	377	34086	124	0	34667
25541	79	282	318	33243	0	33922
25542	144	203	331	28149	0	28827
25543	91	150	34314	540	0	35095
25544	62	34169	321	358	0	34910
25545	32256	321	283	184	0	33044
25546	265	33242	177	148	0	33832
25547	273	348	114	33049	0	33784
25548	96	319	119	33399	0	33933
25549	69	33491	175	539	0	34274
25550	88	343	122	33510	0	34063
25551	103	309	114	33646	0	34172
25552	93	169	32114	573	0	32949
25553	84	31902	350	418	0	32754
25554	99	336	275	32174	0	32884
25555	70	345	32041	384	0	32840
25556	119	165	320	31825	0	32429
25557	138	136	283	31955	0	32512
25558	125	120	121	32430	0	32796
25559	110	121	101	32308	0	32640
25560	102	147	103	31445	0	31797
25561	86	31992	149	575	0	32802
25562	31094	346	115	397	0	31952
25563	305	321	31139	213	0	31978
25564	26940	158	359	243	0	27700
25565	295	166	32509	173	0	33143
25566	252	33702	391	221	0	34566
25567	124	412	33384	190	0	34110
25568	95	33751	383	228	0	34457
25569	141	421	322	30200	0	31084
25570	138	317	102	31059	0	31616
25571	91	32849	115	590	0	33645
25572	75	34045	126	352	0	34598
25573	33809	561	101	221	0	34692
25574	34378	346	92	191	0	35007
25575	34647	145	106	171	0	35069
25576	34938	124	99	204	0	35365
25577	567	136	103	33904	0	34710
25578	271	34114	152	350	0	34887
25579	33530	335	88	333	0	34286
25580	273	240	65	32246	0	32824
25581	31132	94	80	309	0	31615
25582	29929	73	81	262	0	30345
25583	324	29425	88	124	0	29961
25584	149	28664	74	79	0	28966
25585	57	29672	64	79	0	29872
25586	103	513	105	27502	0	28223
25587	41	29385	78	211	0	29715
25588	29127	193	52	166	0	29538
25589	29775	122	31	122	0	30050
25590	29606	44	33	93	0	29776
25591	30268	39	39	99	0	30445
25592	30502	33	41	89	0	30665
25593	346	80	31394	57	0	31877
25594	31085	34	221	88	0	31428
25595	245	78	31878	51	0	32252
25596	31176	31	211	60	0	31478
25597	237	63	180	31001	0	31481
25598	188	82	30739	193	0	31202
25599	66	73	32573	187	0	32899
25600	44	34641	377	75	0	35137
25601	34660	280	291	84	0	35315
25602	35337	235	69	52	0	35693
25603	524	38989	62	84	0	39659
25604	332	374	36	43975	0	44717
25605	47423	335	37	556	0	48351
25606	621	146	48698	494	0	49959
25607	537	48543	607	117	0	49804
25608	46990	601	537	104	0	48232
25609	592	48632	137	80	0	49441
25610	580	730	62	44594	0	45966
25611	128	48920	91	545	0	49684
25612	128	820	52	45296	0	46296
25613	95	48261	91	614	0	49061
25614	62	49211	92	536	0	49901
25615	48067	1136	45	144	0	49392
25616	48699	632	58	110	0	49499
25617	1135	252	48568	112	0	50067
25618	657	175	48342	78	0	49252
25619	196	183	49218	68	0	49665
25620	165	103	1179	48280	0	49727
25621	136	164	49752	657	0	50709
25622	130	138	757	48885	0	49910
25623	139	115	627	48490	0	49371
25624	120	49316	222	1167	0	50825
25625	48911	686	119	671	0	50387
25626	688	50162	138	230	0	51218
25627	650	774	110	50442	0	51976
25628	208	659	111	50908	0	51886
25629	193	211	118	51405	0	51927
25630	213	209	50580	1292	0	52294
25631	172	154	717	50609	0	51652
25632	202	181	603	50978	0	51964
25633	183	171	181	51759	0	52294
25634	156	278	49946	1345	0	51725
25635	180	49778	741	775	0	51474
25636	48972	793	612	321	0	50698
25637	47101	680	180	306	0	48267
25638	1188	49391	195	251	0	51025
25639	734	805	150	49017	0	50706
25640	287	711	156	50208	0	51362
25641	240	320	49510	1287	0	51357
25642	210	49183	820	865	0	51078
25643	217	784	673	49300	0	50974
25644	200	725	49808	850	0	51583
25645	200	276	791	49420	0	50687
25646	223	233	696	49510	0	50662
25647	206	294	49388	1387	0	51275
25648	231	233	770	49122	0	50356
25649	227	224	711	49083	0	50245
25650	229	267	49582	1417	0	51495
25651	215	222	813	49781	0	51031
25652	226	216	715	48918	0	50075
25653	178	195	273	50476	0	51122
25654	143	278	49547	1525	0	51493
25655	177	196	837	49767	0	50977
25656	48728	203	733	1090	0	50754
25657	48801	193	282	957	0	50233
25658	1247	49117	305	501	0	51170
25659	49715	781	255	413	0	51164
25660	884	735	50841	421	0	52881
25661	767	253	830	50765	0	52615
25662	298	219	751	51095	0	52363
25663	230	234	300	52412	0	53176
25664	50246	173	241	1566	0	52226
25665	705	50101	311	1100	0	52217
25666	653	753	230	46428	0	48064
25667	208	48851	253	986	0	50298
25668	47921	791	231	903	0	49846
25669	733	48653	307	492	0	50185
25670	47723	804	195	487	0	49209
25671	726	47553	268	498	0	49045
25672	640	47373	284	499	0	48796
25673	295	1223	231	47068	0	48817
25674	211	700	238	47457	0	48606
25675	225	284	209	47699	0	48417
25676	223	264	187	47549	0	48223
25677	188	327	46094	1501	0	48110
25678	183	45866	775	1034	0	47858
25679	234	769	659	43071	0	44733
25680	187	45905	309	960	0	47361
25681	233	862	45510	898	0	47503
25682	234	692	756	45034	0	46716
25683	229	302	657	46577	0	47765
25684	214	258	45901	1447	0	47820
25685	156	45109	849	1016	0	47130
25686	185	702	706	44488	0	46081
25687	185	661	44715	1077	0	46638
25688	131	44638	847	1008	0	46624
25689	201	794	669	43660	0	45324
25690	156	751	43826	1016	0	45749
25691	192	358	43191	889	0	44630
25692	158	42487	1185	460	0	44290
25693	159	44974	690	436	0	46259
25694	238	1180	298	45027	0	46743
25695	207	713	219	47965	0	49104
25696	115	338	47493	1506	0	49452
25697	44713	247	792	990	0	46742
25698	46293	219	707	533	0	47752
25699	1206	295	45633	438	0	47572
25700	634	43714	785	389	0	45522
25701	214	43442	658	345	0	44659
25702	148	42788	280	280	0	43496
25703	263	35594	402	388	0	36647
25704	781	1657	575	31453	0	34466
25705	97	257	81	36252	0	36687
25706	47	58	24	36332	0	36461
25707	32	38	26	36540	0	36636
25708	12	36630	62	925	0	37629
25709	44	493	27	36410	0	36974
25710	18	36810	58	551	0	37437
25711	45	512	26	37295	0	37878
25712	36546	422	35	579	0	37582
25713	487	92	20	37107	0	37706
25714	412	36908	84	572	0	37976
25715	97	517	32	37972	0	38618
25716	83	434	43	38647	0	39207
25717	67	101	31	39149	0	39348
25718	37270	88	40	1085	0	38483
25719	529	108	26	38788	0	39451
25720	435	150	37807	700	0	39092
25721	91	38585	522	623	0	39821
25722	84	631	446	39345	0	40506
25723	102	493	69	40594	0	41258
25724	95	127	53	41280	0	41555
25725	39111	111	44	1198	0	40464
25726	602	158	39359	676	0	40795
25727	520	126	540	37234	0	38420
25728	102	38480	503	746	0	39831
25729	105	623	73	39015	0	39816
25730	36747	535	39	822	0	38143
25731	534	38010	99	709	0	39352
25732	488	649	47	38110	0	39294
25733	109	548	35	38153	0	38845
25734	50	37768	75	1264	0	39157
25735	85	631	31	38854	0	39601
25736	137	545	36	38985	0	39703
25737	103	223	38143	1264	0	39733
25738	65	37983	617	828	0	39493
25739	37925	679	504	391	0	39499
25740	622	585	37830	391	0	39428
25741	37200	172	594	388	0	38354
25742	689	203	38007	402	0	39301
25743	595	161	644	37720	0	39120
25744	37506	135	540	997	0	39178
25745	680	171	137	38305	0	39293
25746	38373	178	81	1052	0	39684
25747	38265	188	86	897	0	39436
25748	38049	189	122	480	0	38840
25749	1122	37713	174	393	0	39402
25750	663	710	106	37506	0	38985
25751	261	623	113	38243	0	39240
25752	247	213	92	38589	0	39141
25753	205	235	37398	1420	0	39258
25754	231	165	675	37886	0	38957
25755	37532	146	603	1025	0	39306
25756	38039	188	145	955	0	39327
25757	1213	225	37305	476	0	39219
25758	37797	167	643	448	0	39055
25759	38169	172	604	400	0	39345
25760	1225	219	191	36098	0	37733
25761	36194	187	150	1002	0	37533
25762	36198	178	137	942	0	37455
25763	1288	187	139	35875	0	37489
25764	36176	157	180	983	0	37496
25765	35995	175	231	895	0	37296
25766	1337	176	184	35534	0	37231
25767	865	279	32041	916	0	34101
25768	33807	173	609	907	0	35496
25769	882	199	35640	435	0	37156
25770	821	187	35388	441	0	36837
25771	376	35161	1172	494	0	37203
25772	409	678	621	34821	0	36529
25773	425	620	195	35567	0	36807
25774	416	189	140	35921	0	36666
25775	414	185	35121	1445	0	37165
25776	465	175	35172	910	0	36722
25777	364	35167	1209	475	0	37215
25778	400	672	666	34378	0	36116
25779	422	569	249	35449	0	36689
25780	443	143	235	35985	0	36806
25781	407	130	34935	1430	0	36902
25782	389	34546	797	940	0	36672
25783	471	621	643	34104	0	35839
25784	461	588	34941	936	0	36926
25785	437	199	35021	839	0	36496
25786	34511	131	1187	464	0	36293
25787	34907	121	726	426	0	36180
25788	35439	170	263	415	0	36287
25789	1378	173	224	33294	0	35069
25790	868	159	34274	958	0	36259
25791	401	33701	743	935	0	35780
25792	356	34303	757	500	0	35916
25793	383	958	30788	389	0	32518
25794	576	1083	739	27672	0	30070
25795	380	374	614	25605	0	26973
25796	292	25865	345	920	0	27422
25797	341	26703	264	614	0	27922
25798	26227	782	283	325	0	27617
25799	26417	452	219	307	0	27395
25800	26564	153	179	326	0	27222
25801	26039	89	182	359	0	26669
25802	24682	151	172	324	0	25329
25803	912	23670	230	304	0	25116
25804	355	19040	161	165	0	19721
25805	147	16994	126	129	0	17396
25806	16164	361	490	158	0	17173
25807	442	328	227	15429	0	16426
25808	211	34	97	15302	0	15644
25809	15158	30	97	324	0	15609
25810	207	15273	108	208	0	15796
25811	231	159	77	15253	0	15720
25812	131	140	73	15432	0	15776
25813	129	51	104	15431	0	15715
25814	14782	41	85	294	0	15202
25815	247	55	60	14966	0	15328
25816	193	72	14205	187	0	14657
25817	13726	45	141	176	0	14088
25818	211	50	153	14131	0	14545
25819	195	51	14185	151	0	14582
25820	107	14171	149	153	0	14580
25821	67	13477	122	56	0	13722
25822	12748	247	278	68	0	13341
25823	12583	92	70	61	0	12806
25824	173	13079	37	33	0	13322
25825	120	93	11	13591	0	13815
25826	14013	83	14	140	0	14250
25827	130	19	9	14724	0	14882
25828	109	10	12	15354	0	15485
25829	49	11	15	15497	0	15572
25830	25	15	18	15382	0	15440
25831	22	15222	28	278	0	15550
25832	24	127	21	15425	0	15597
25833	30	113	19	15426	0	15588
25834	25	31	16	15707	0	15779
25835	23	30	15159	283	0	15495
25836	20	15372	150	176	0	15718
25837	21	175	125	15413	0	15734
25838	20	136	15327	167	0	15650
25839	24	60	14847	154	0	15085
25840	15	15262	275	56	0	15608
25841	15125	159	150	48	0	15482
25842	137	138	34	15399	0	15708
25843	15409	38	21	169	0	15637
25844	164	15650	24	161	0	15999
25845	138	149	13	15697	0	15997
25846	15415	134	19	171	0	15739
25847	15654	43	15	172	0	15884
25848	283	30	17	15609	0	15939
25849	182	24	10	15598	0	15814
25850	59	33	15572	308	0	15972
25851	30	15	152	15597	0	15794
25852	33	44	140	15831	0	16048
25853	15399	29	42	307	0	15777
25854	151	15519	27	226	0	15923
25855	142	169	15296	85	0	15692
25856	14737	129	143	81	0	15090
25857	148	15418	155	57	0	15778
25858	148	160	35	15408	0	15751
25859	15302	135	35	188	0	15660
25860	161	49	21	15282	0	15513
25861	151	28	22	15339	0	15540
25862	43	46	15166	302	0	15557
25863	41	26	157	15270	0	15494
25864	15152	31	135	223	0	15541
25865	180	26	42	15355	0	15603
25866	15107	31	21	243	0	15402
25867	187	14936	43	196	0	15362
25868	152	15271	37	117	0	15577
25869	77	257	23	15316	0	15673
25870	60	162	16	15341	0	15579
25871	14901	59	18	324	0	15302
25872	160	14936	40	232	0	15368
25873	15116	160	24	119	0	15419
25874	15094	145	39	92	0	15370
25875	296	55	27	14921	0	15299
25876	15009	39	27	222	0	15297
25877	208	51	14561	199	0	15019
25878	190	39	146	14573	0	14948
25879	76	58	14953	199	0	15286
25880	70	28	180	15023	0	15301
25881	14867	44	142	245	0	15298
25882	14910	35	60	227	0	15232
25883	300	14908	33	131	0	15372
25884	200	167	40	14748	0	15155
25885	95	167	30	14833	0	15125
25886	69	15012	49	331	0	15461
25887	66	158	28	15443	0	15695
25888	100	146	24	15185	0	15455
25889	50	15078	42	341	0	15511
25890	14624	171	35	245	0	15075
25891	14607	151	37	123	0	14918
25892	302	73	32	14585	0	14992
25893	203	51	29	14641	0	14924
25894	99	76	14466	339	0	14980
25895	106	45	165	14221	0	14537
25896	81	14363	150	240	0	14834
25897	14533	168	56	234	0	14991
25898	228	144	28	14528	0	14928
25899	185	73	33	14291	0	14582
25900	13919	45	26	354	0	14344
25901	194	13985	75	237	0	14491
25902	183	167	31	14340	0	14721
25903	113	148	43	14116	0	14420
25904	77	14196	53	356	0	14682
25905	14144	173	48	231	0	14596
25906	211	156	14057	126	0	14550
25907	164	89	14110	112	0	14475
25908	119	66	256	14132	0	14573
25909	86	73	14187	225	0	14571
25910	13720	64	166	219	0	14169
25911	214	47	137	14249	0	14647
25912	177	58	14584	242	0	15061
25913	101	74	14821	207	0	15203
25914	73	15094	266	135	0	15568
25915	14968	155	142	103	0	15368
25916	191	15326	72	140	0	15729
25917	15403	163	46	130	0	15742
25918	15357	115	47	97	0	15616
25919	243	14970	53	93	0	15359
25920	14915	131	28	99	0	15173
25921	14846	114	39	95	0	15094
25922	252	72	14766	84	0	15174
25923	175	521	105	13864	0	14665
25924	74	13750	103	130	0	14057
25925	50	13459	42	99	0	13650
25926	185	290	90	12784	0	13349
25927	12399	82	74	230	0	12785
25928	88	30	19	12256	0	12393
25929	71	17	12	12733	0	12833
25930	31	15	15	13041	0	13102
25931	21	13651	28	167	0	13867
25932	46	107	11	14318	0	14482
25933	31	103	15020	133	0	15287
25934	14014	27	136	130	0	14307
25935	15411	20	93	44	0	15568
25936	223	15181	35	34	0	15473
25937	15388	127	8	29	0	15552
25938	152	93	8	15462	0	15715
25939	113	27	15462	138	0	15740
25940	14740	27	127	110	0	15004
25941	129	15699	108	25	0	15961
25942	94	131	8	15495	0	15728
25943	15986	100	9	136	0	16231
25944	138	15986	20	97	0	16241
25945	96	16245	21	42	0	16404
25946	16148	215	10	41	0	16414
25947	146	125	15764	25	0	16060
25948	15881	34	142	29	0	16086
25949	155	11	104	15918	0	16188
25950	123	17	23	15958	0	16121
25951	43	35	15807	237	0	16122
25952	40	43	15825	111	0	16019
25953	52	17	228	15866	0	16163
25954	43	26	15816	158	0	16043
25955	38	40	15887	113	0	16078
25956	49	15	237	15496	0	15797
25957	37	27	116	15939	0	16119
25958	15918	21	35	235	0	16209
25959	163	18	21	16024	0	16226
25960	16011	27	20	181	0	16239
25961	168	15950	31	121	0	16270
25962	137	162	11	16041	0	16351
25963	39	131	16434	159	0	16763
25964	15974	32	145	126	0	16277
25965	16767	22	105	56	0	16950
25966	16889	17	33	51	0	16990
25967	16688	14	40	31	0	16773
25968	16602	20	35	47	0	16704
25969	266	13	29	16284	0	16592
25970	128	23	16190	163	0	16504
25971	46	28	16029	133	0	16236
25972	35	23	16354	47	0	16459
25973	15724	21	270	51	0	16066
25974	16586	12	147	48	0	16793
25975	286	18	46	16112	0	16462
25976	151	16808	54	163	0	17176
25977	58	154	24	17102	0	17338
25978	48	135	17003	188	0	17374
25979	62	47	16694	145	0	16948
25980	15922	25	273	70	0	16290
25981	200	40	17503	48	0	17791
25982	167	26	182	17321	0	17696
25983	18078	16	141	197	0	18432
25984	17907	20	51	161	0	18139
25985	18577	18	33	50	0	18678
25986	18612	13	28	60	0	18713
25987	320	33	18146	50	0	18549
25988	17762	16	177	47	0	18002
25989	210	18284	172	40	0	18706
25990	188	152	50	18432	0	18822
25991	74	156	18460	168	0	18858
25992	72	43	172	18371	0	18658
25993	67	40	18890	206	0	19203
25994	61	23	201	18541	0	18826
25995	64	30	164	18812	0	19070
25996	69	50	18616	307	0	19042
25997	63	18	191	18525	0	18797
25998	18722	20	178	215	0	19135
25999	203	20	62	18893	0	19178
26000	174	23	62	19141	0	19400
26001	18838	16	46	339	0	19239
26002	219	18971	65	171	0	19426
26003	19155	166	59	75	0	19455
26004	237	19417	46	57	0	19757
26005	19897	175	39	83	0	20194
26006	222	172	19950	54	0	20398
26007	207	35	187	19735	0	20164
26008	95	30	157	19971	0	20253
26009	19741	24	65	328	0	20158
26010	207	19742	64	201	0	20214
26011	187	160	56	19505	0	19908
26012	82	132	42	19275	0	19531
26013	54	18780	66	333	0	19233
26014	18460	155	50	193	0	18858
26015	187	18760	65	108	0	19120
26016	176	165	40	18442	0	18823
26017	69	138	46	17908	0	18161
26018	64	18030	52	307	0	18453
26019	17792	163	42	184	0	18181
26020	214	165	17875	74	0	18328
26021	17135	44	179	66	0	17424
26022	211	17686	165	60	0	18122
26023	170	163	41	17660	0	18034
26024	17789	133	32	216	0	18170
26025	210	36	34	17878	0	18158
26026	175	42	35	17871	0	18123
26027	17724	24	41	336	0	18125
26028	195	17632	54	189	0	18070
26029	169	17688	35	88	0	17980
26030	17278	238	44	60	0	17620
26031	172	148	17299	63	0	17682
26032	127	16483	133	52	0	16795
26033	171	189	194	16265	0	16819
26034	36	109	18151	107	0	18403
26035	41	78	148	17512	0	17779
26036	17727	14	159	180	0	18080
26037	156	18248	41	173	0	18618
26038	178	155	19	17005	0	17357
26039	37	18293	24	130	0	18484
26040	18289	153	19	136	0	18597
26041	18682	140	16	48	0	18886
26042	285	19177	20	65	0	19547
26043	189	155	13	18330	0	18687
26044	30	19630	50	165	0	19875
26045	19756	186	10	161	0	20113
26046	20004	179	16	53	0	20252
26047	346	37	16	19857	0	20256
26048	213	22	11	20122	0	20368
26049	65	36	19795	354	0	20250
26050	18188	34	181	241	0	18644
26051	215	47	19890	62	0	20214
26052	206	28	198	19526	0	19958
26053	19405	35	178	206	0	19824
26054	190	20030	49	192	0	20461
26055	19319	195	35	78	0	19627
26056	219	220	18567	47	0	19053
26057	18786	51	139	73	0	19049
26058	229	19990	165	45	0	20429
26059	20127	193	40	61	0	20421
26060	219	20631	45	63	0	20958
26061	202	217	22	20431	0	20872
26062	66	211	20151	200	0	20628
26063	49	87	19729	203	0	20068
26064	58	42	339	19676	0	20115
26065	73	46	20155	223	0	20497
26066	76	40	211	19923	0	20250
26067	58	44	175	20058	0	20335
26068	49	62	20466	367	0	20944
26069	17381	47	213	270	0	17911
26070	20180	34	177	74	0	20465
26071	365	20134	62	55	0	20616
26072	20161	190	25	63	0	20439
26073	237	179	32	20073	0	20521
26074	189	76	20690	203	0	21158
26075	78	47	204	20555	0	20884
26076	59	40	193	20676	0	20968
26077	20224	30	59	355	0	20668
26078	199	20178	40	214	0	20631
26079	176	20386	44	78	0	20684
26080	81	314	30	20361	0	20786
26081	79	179	50	19833	0	20141
26082	51	19905	45	318	0	20319
26083	70	178	28	19586	0	19862
26084	69	187	29	19275	0	19560
26085	43	19233	39	334	0	19649
26086	18987	170	35	224	0	19416
26087	186	161	54	18944	0	19345
26088	182	19052	48	213	0	19495
26089	92	190	30	19110	0	19422
26090	18858	168	33	231	0	19290
26091	193	18923	51	197	0	19364
26092	19208	191	22	121	0	19542
26093	19199	166	34	86	0	19485
26094	353	71	33	19386	0	19843
26095	19970	66	5	251	0	20292
26096	20292	48	33	215	0	20588
26097	20565	58	23	86	0	20732
26098	20574	46	29	78	0	20727
26099	372	42	39	20358	0	20811
26100	225	36	30	20598	0	20889
26101	79	67	20507	379	0	21032
26102	86	43	182	20631	0	20942
26103	96	43	166	20857	0	21162
26104	64	64	20472	406	0	21006
26105	19467	42	199	273	0	19981
26106	262	42	185	20438	0	20927
26107	235	82	20791	241	0	21349
26108	19709	46	224	265	0	20244
26109	284	58	22394	118	0	22854
26110	264	22783	278	84	0	23409
26111	87	23726	238	90	0	24141
26112	91	443	54	24677	0	25265
26113	67	290	26834	295	0	27486
26114	26269	64	299	325	0	26957
26115	28098	45	284	136	0	28563
26116	580	66	28045	92	0	28783
26117	27827	32	307	96	0	28262
26118	28233	27	297	103	0	28660
26119	573	28443	114	87	0	29217
26120	28595	286	59	93	0	29033
26121	387	269	70	28271	0	28997
26122	326	101	28361	329	0	29117
26123	137	67	292	26443	0	26939
26124	62	28466	312	325	0	29165
26125	70	29129	116	293	0	29608
26126	28931	525	76	97	0	29629
26127	28671	302	75	83	0	29131
26128	28809	70	74	100	0	29053
26129	608	52	62	28471	0	29193
26130	371	105	62	27222	0	27760
26131	107	27722	85	544	0	28458
26132	27427	305	72	333	0	28137
26133	367	28026	79	117	0	28589
26134	25834	235	51	67	0	26187
26135	289	26031	91	56	0	26467
26136	25809	229	60	67	0	26165
26137	25309	220	60	83	0	25672
26138	491	149	54	24576	0	25270
26139	317	25693	64	225	0	26299
26140	175	262	25127	219	0	25783
26141	22956	241	238	111	0	23546
26142	276	23977	208	105	0	24566
26143	226	253	24198	70	0	24747
26144	103	210	24390	62	0	24765
26145	119	120	314	23081	0	23634
26146	106	54	170	22753	0	23083
26147	90	24220	48	310	0	24668
26148	24786	218	16	203	0	25223
26149	258	204	24	24102	0	24588
26150	235	25491	50	173	0	25949
26151	123	26744	45	211	0	27123
26152	110	373	26391	68	0	26942
26153	116	248	26655	61	0	27080
26154	25238	92	315	69	0	25714
26155	253	103	26847	61	0	27264
26156	245	81	197	26177	0	26700
26157	112	76	176	27227	0	27591
26158	118	111	27068	348	0	27645
26159	109	80	206	26592	0	26987
26160	115	75	180	26115	0	26485
26161	26220	91	66	372	0	26749
26162	27082	73	82	226	0	27463
26163	386	148	76	26587	0	27197
26164	225	27010	103	220	0	27558
26165	85	27922	112	215	0	28334
26166	27895	356	79	103	0	28433
26167	255	254	28006	79	0	28594
26168	247	91	242	27661	0	28241
26169	28535	90	220	276	0	29121
26170	28853	82	92	260	0	29287
26171	430	93	88	28675	0	29286
26172	251	120	28848	281	0	29500
26173	137	123	27811	252	0	28323
26174	26596	103	435	126	0	27260
26175	27978	94	265	118	0	28455
26176	443	28268	133	133	0	28977
26177	286	28714	159	119	0	29278
26178	29249	397	106	158	0	29910
26179	29469	230	113	180	0	29992
26180	524	93	112	29944	0	30673
26181	365	73	91	30514	0	31043
26182	217	96	75	30708	0	31096
26183	30387	105	100	449	0	31041
26184	404	105	89	30575	0	31173
26185	366	131	30878	295	0	31670
26186	29880	110	289	285	0	30564
26187	351	114	228	30928	0	31621
26188	330	160	31264	292	0	32046
26189	29906	116	265	284	0	30571
26190	28249	171	253	142	0	28815
26191	443	32334	128	142	0	33047
26192	288	33033	130	111	0	33562
26193	197	465	31885	129	0	32676
26194	30541	265	255	146	0	31207
26195	371	33057	261	111	0	33800
26196	333	337	31994	126	0	32790
26197	30155	257	245	175	0	30832
26198	347	33816	234	165	0	34562
26199	307	345	33536	158	0	34346
26200	31664	270	250	180	0	32364
26201	333	33641	259	134	0	34367
26202	324	269	75	33169	0	33837
26203	33090	225	86	320	0	33721
26204	312	33249	134	384	0	34079
26205	290	368	93	32918	0	33669
26206	32589	193	100	345	0	33227
26207	263	114	32866	253	0	33496
26208	213	32340	262	143	0	32958
26209	153	250	31589	116	0	32108
26210	141	398	238	30280	0	31057
26211	91	93	30515	213	0	30912
26212	52	29071	192	168	0	29483
26213	52	27465	150	46	0	27713
26214	114	227	78	26816	0	27235
26215	42	68	31	26109	0	26250
26216	53	14	24	26419	0	26510
26217	27	74	26878	197	0	27176
26218	36	26	108	26987	0	27157
26219	26811	20	92	155	0	27078
26220	26582	22	33	123	0	26760
26221	210	73	27554	56	0	27893
26222	104	27561	139	41	0	27845
26223	27373	106	88	81	0	27648
26224	110	27474	63	45	0	27692
26225	27419	106	28	84	0	27637
26226	27495	90	19	60	0	27664
26227	205	55	27478	46	0	27784
26228	111	28136	139	57	0	28443
26229	52	124	100	28187	0	28463
26230	52	125	28293	138	0	28608
26231	26796	41	134	125	0	27096
26232	161	44	92	28315	0	28612
26233	109	53	28090	126	0	28378
26234	26870	21	127	133	0	27151
26235	176	67	29149	48	0	29440
26236	139	26	150	29468	0	29783
26237	30275	18	116	192	0	30601
26238	158	31024	57	144	0	31383
26239	146	216	31420	48	0	31830
26240	30804	125	165	64	0	31158
26241	33598	35	145	59	0	33837
26242	371	34583	67	76	0	35097
26243	222	247	17	34712	0	35198
26244	65	209	25	34555	0	34854
26245	34204	42	32	481	0	34759
26246	292	22	31	34760	0	35105
26247	223	107	34790	302	0	35422
26248	67	32	262	34473	0	34834
26249	34374	16	213	340	0	34943
26250	281	34214	81	270	0	34846
26251	253	289	23	32504	0	33069
26252	51	33639	72	271	0	34033
26253	33883	327	30	255	0	34495
26254	340	249	23	35897	0	36509
26255	282	41	31	36631	0	36985
26256	59	36810	67	706	0	37642
26257	68	464	36189	356	0	37077
26258	65	322	410	35885	0	36682
26259	60	54	322	36489	0	36925
26260	84	49	43	36232	0	36408
26261	40	36229	63	750	0	37082
26262	71	459	36244	360	0	37134
26263	64	379	36671	91	0	37205
26264	35591	52	728	119	0	36490
26265	36713	31	356	90	0	37190
26266	762	104	36908	47	0	37821
26267	36021	35	438	104	0	36598
26268	475	106	37813	74	0	38468
26269	35987	33	485	91	0	36596
26270	482	37690	420	138	0	38730
26271	38451	428	89	116	0	39084
26272	511	416	38774	78	0	39779
26273	419	152	39523	96	0	40190
26274	124	55	815	42059	0	43053
26275	43233	48	413	687	0	44381
26276	634	45930	137	542	0	47243
26277	556	772	50158	165	0	51651
26278	173	550	880	50637	0	52240
26279	110	92	686	52087	0	52975
26280	51603	57	101	1572	0	53333
26281	51915	69	75	809	0	52868
26282	1606	71	74	51214	0	52965
26283	52021	56	84	982	0	53143
26284	1036	131	50883	804	0	52854
26285	811	57	902	50074	0	51844
26286	206	62	720	51183	0	52171
26287	50892	64	145	1615	0	52716
26288	50989	63	94	839	0	51985
26289	1681	56	90	50023	0	51850
26290	50701	49	79	1010	0	51839
26291	1048	104	49161	827	0	51140
26292	794	48801	979	228	0	50802
26293	190	950	49413	155	0	50708
26294	184	801	991	48828	0	50804
26295	48088	102	776	1045	0	50011
26296	986	48089	218	864	0	50157
26297	857	920	118	47746	0	49641
26298	225	738	130	46636	0	47729
26299	162	46689	189	1656	0	48696
26300	208	931	131	47722	0	48992
26301	196	767	141	47710	0	48814
26302	237	124	133	48370	0	48864
26303	238	88	119	48185	0	48630
26304	278	65	130	47368	0	47841
26305	222	45865	201	1767	0	48055
26306	265	897	125	46963	0	48250
26307	282	731	115	46686	0	47814
26308	255	200	45198	1775	0	47428
26309	233	44882	1048	1046	0	47209
26310	251	944	804	45101	0	47100
26311	330	745	189	45211	0	46475
26312	346	168	142	45118	0	45774
26313	259	44181	223	1827	0	46490
26314	302	974	44393	1004	0	46673
26315	310	777	1022	44804	0	46913
26316	255	249	45065	1198	0	46767
26317	295	183	44395	1017	0	45890
26318	270	175	1645	43927	0	46017
26319	44100	135	843	1273	0	46351
26320	1093	165	217	44417	0	45892
26321	913	148	173	43252	0	44486
26322	274	43426	236	1888	0	45824
26323	273	977	160	44718	0	46128
26324	285	793	237	44980	0	46295
26325	230	236	44213	1976	0	46655
26326	209	44023	1063	1188	0	46483
26327	274	982	821	44289	0	46366
26328	43040	827	219	1336	0	45422
26329	1028	330	43413	1115	0	45886
26330	865	209	1015	43331	0	45420
26331	255	195	819	44053	0	45322
26332	42633	216	242	1962	0	45053
26333	982	42550	294	1245	0	45071
26334	42007	960	167	664	0	43798
26335	1000	41874	265	585	0	43724
26336	832	1004	181	40923	0	42940
26337	40061	797	184	1349	0	42391
26338	991	249	39896	1162	0	42298
26339	789	38868	1025	635	0	41317
26340	223	39035	917	851	0	41026
26341	36650	1378	327	514	0	38869
26342	911	779	223	35055	0	36968
26343	749	35100	246	1146	0	37241
26344	244	36475	261	1058	0	38038
26345	281	1383	197	36057	0	37918
26346	261	803	168	36607	0	37839
26347	35086	238	192	1717	0	37233
26348	875	35118	269	1079	0	37341
26349	722	940	275	34981	0	36918
26350	251	754	34506	1083	0	36594
26351	218	34475	919	1012	0	36624
26352	270	832	34362	570	0	36034
26353	228	34003	957	513	0	35701
26354	420	904	854	31191	0	33369
26355	273	610	156	30234	0	31273
26356	228	30700	208	1293	0	32429
26357	187	752	30765	851	0	32555
26358	30462	638	652	458	0	32210
26359	689	289	589	31540	0	33107
26360	623	257	178	32206	0	33264
26361	215	246	31817	1347	0	33625
26362	185	265	689	32364	0	33503
26363	163	315	32248	990	0	33716
26364	205	312	670	32052	0	33239
26365	192	262	32642	953	0	34049
26366	134	32401	763	948	0	34246
26367	150	852	33186	495	0	34683
26368	200	696	662	32725	0	34283
26369	32212	261	573	978	0	34024
26370	671	31668	229	880	0	33448
26371	615	847	155	30983	0	32600
26372	190	725	30491	859	0	32265
26373	133	30515	731	779	0	32158
26374	163	780	505	26525	0	27973
26375	120	558	26520	575	0	27773
26376	51	23522	468	400	0	24441
26377	18004	457	562	185	0	19208
26378	16683	185	137	120	0	17125
26379	248	47	16	16640	0	16951
26380	16718	25	17	156	0	16916
26381	138	21	20	16561	0	16740
26382	120	23	11	16739	0	16893
26383	32	45	17027	243	0	17347
26384	29	32	127	16834	0	17022
26385	29	19	122	16995	0	17165
26386	16736	16	29	272	0	17053
26387	16496	23	23	161	0	16703
26388	225	16677	32	52	0	16986
26389	137	138	16766	32	0	17073
26390	32	131	132	16531	0	16826
26391	31	56	16431	155	0	16673
26392	15091	17	135	138	0	15381
26393	128	41	15972	57	0	16198
26394	124	24	127	15321	0	15596
26395	25	15675	117	126	0	15943
26396	26	104	39	15660	0	15829
26397	28	112	27	15660	0	15827
26398	34	54	15954	233	0	16275
26399	30	9	119	15929	0	16087
26400	15849	12	119	163	0	16143
26401	15921	15	38	137	0	16111
26402	15954	23	27	67	0	16071
26403	15948	14	26	66	0	16054
26404	203	15753	33	59	0	16048
26405	117	15813	44	50	0	16024
26406	61	223	30	14566	0	14880
26407	30	126	34	15669	0	15859
26408	36	15284	57	250	0	15627
26409	42	128	37	15839	0	16046
26410	31	128	34	15870	0	16063
26411	38	42	40	15954	0	16074
26412	32	29	37	15974	0	16072
26413	44	31	33	16001	0	16109
26414	15617	31	27	260	0	15935
26415	121	15561	52	169	0	15903
26416	125	156	15386	85	0	15752
26417	58	124	134	15413	0	15729
26418	42	45	129	15515	0	15731
26419	44	40	49	15530	0	15663
26420	15579	28	43	281	0	15931
26421	154	17244	50	197	0	17645
26422	170	210	35	16993	0	17408
26423	68	18080	50	279	0	18477
26424	67	269	33	17240	0	17609
26425	52	17575	59	288	0	17974
26426	49	310	18458	219	0	19036
26427	52	200	299	19381	0	19932
26428	53	61	22395	380	0	22889
26429	78	47	425	22291	0	22841
26430	68	47	305	23685	0	24105
26431	23842	48	74	759	0	24723
26432	24094	49	58	424	0	24625
26433	24540	43	59	148	0	24790
26434	24557	39	60	116	0	24772
26435	24541	45	55	107	0	24748
26436	853	50	55	23149	0	24107
26437	404	23862	84	495	0	24845
26438	131	457	56	23828	0	24472
26439	92	386	23368	546	0	24392
26440	23047	76	463	438	0	24024
26441	23872	46	340	154	0	24412
26442	821	36	87	23581	0	24525
26443	439	47	34	23229	0	23749
26444	127	22964	64	829	0	23984
26445	116	445	29	23541	0	24131
26446	111	359	37	23051	0	23558
26447	97	22980	60	856	0	23993
26448	103	468	42	23453	0	24066
26449	22058	357	63	578	0	23056
26450	472	109	22637	446	0	23664
26451	22246	63	452	181	0	22942
26452	545	78	22763	140	0	23526
26453	414	53	492	22127	0	23086
26454	127	60	353	21315	0	21855
26455	84	21763	101	829	0	22777
26456	87	22317	86	479	0	22969
26457	107	768	61	21339	0	22275
26458	106	412	21569	554	0	22641
26459	20589	82	445	418	0	21534
26460	491	56	335	20636	0	21518
26461	378	20627	93	540	0	21638
26462	157	444	50	20803	0	21454
26463	127	374	33	20319	0	20853
26464	104	20022	72	786	0	20984
26465	152	463	39	19173	0	19827
26466	96	291	17934	470	0	18791
26467	102	109	17611	312	0	18134
26468	102	114	582	16059	0	16857
26469	65	17443	289	384	0	18181
26470	89	391	66	17222	0	17768
26471	17428	271	43	430	0	18172
26472	17781	66	33	336	0	18216
26473	17327	50	35	138	0	17550
26474	618	16931	62	104	0	17715
26475	311	368	16783	112	0	17574
26476	16536	288	357	112	0	17293
26477	17049	86	264	128	0	17527
26478	608	16760	92	114	0	17574
26479	344	386	63	16503	0	17296
26480	16768	287	49	432	0	17536
26481	17013	77	63	335	0	17488
26482	17295	70	60	142	0	17567
26483	677	51	70	16391	0	17189
26484	16800	54	62	461	0	17377
26485	487	52	63	16739	0	17341
26486	370	55	54	16901	0	17380
26487	16599	60	55	717	0	17431
26488	484	70	63	16699	0	17316
26489	16657	63	69	515	0	17304
26490	493	92	51	16705	0	17341
26491	393	87	57	16904	0	17441
26492	16401	80	59	767	0	17307
26493	513	73	16473	448	0	17507
26494	459	80	386	16685	0	17610
26495	254	65	294	16932	0	17545
26496	207	67	103	17003	0	17380
26497	178	97	60	17192	0	17527
26498	162	96	66	16501	0	16825
26499	154	16070	104	788	0	17116
26500	195	404	79	16391	0	17069
26501	211	315	15998	546	0	17070
26502	222	111	395	16357	0	17085
26503	180	76	282	16492	0	17030
26504	197	90	71	16904	0	17262
26505	160	101	16238	769	0	17268
26506	141	108	16321	480	0	17050
26507	15824	112	646	239	0	16821
26508	16374	80	325	230	0	17009
26509	722	16710	106	215	0	17753
26510	414	436	72	17058	0	17980
26511	172	336	69	17719	0	18296
26512	151	108	83	18140	0	18482
26513	17534	75	117	796	0	18522
26514	17942	76	80	502	0	18600
26515	689	94	61	17876	0	18720
26516	383	118	58	18063	0	18622
26517	152	112	59	18220	0	18543
26518	122	93	93	18228	0	18536
26519	17148	92	100	782	0	18122
26520	453	82	16933	486	0	17954
26521	303	14707	357	192	0	15559
26522	96	14181	247	180	0	14704
26523	13402	407	82	190	0	14081
26524	301	594	112	13002	0	14009
26525	246	88	13127	362	0	13823
26526	101	74	12219	255	0	12649
26527	79	11961	402	109	0	12551
26528	9164	64	235	55	0	9518
26529	79	77	9082	34	0	9272
26530	7424	40	74	18	0	7556
26531	23	4	32	8024	0	8083
26532	29	2	5	8108	0	8144
26533	5	8111	4	51	0	8171
26534	1	8320	12	36	0	8369
26535	8306	32	5	16	0	8359
26536	8350	23	5	14	0	8392
26537	35	8521	4	6	0	8566
26538	25	25	8300	12	0	8362
26539	9	31	8480	5	0	8525
26540	10	12	34	8577	0	8633
26541	8861	5	30	17	0	8913
26542	16	8943	7	34	0	9000
26543	24	10	5	9312	0	9351
26544	9379	23	4	24	0	9430
26545	22	4	4	9535	0	9565
26546	33	7	3	9854	0	9897
26547	9743	4	4	52	0	9803
26548	20	9863	10	48	0	9941
26549	39	10222	6	11	0	10278
26550	18	50	10406	11	0	10485
26551	10	33	17	10543	0	10603
26552	11	8	34	10653	0	10706
26553	7	16	10949	57	0	11029
26554	8883	6	22	80	0	8991
26555	10177	4	35	32	0	10248
26556	50	15	10887	13	0	10965
26557	9028	10	21	37	0	9096
26558	20	12	11219	21	0	11272
26559	36	11635	23	17	0	11711
26560	20	18	33	12198	0	12269
26561	10	35	7	12541	0	12593
26562	12580	6	5	71	0	12662
26563	12523	4	6	54	0	12587
26564	12497	3	7	23	0	12530
26565	12537	8	2	19	0	12566
26566	12530	4	11	30	0	12575
26567	57	18	12401	10	0	12486
26568	39	12534	26	15	0	12614
26569	15	21	38	12412	0	12486
26570	8	12647	14	25	0	12694
26571	6	12773	16	49	0	12844
26572	9	46	9	12612	0	12676
26573	9	39	13	12679	0	12740
26574	14	24	12623	62	0	12723
26575	11380	5	25	51	0	11461
26576	12495	8	38	17	0	12558
26577	51	12478	13	34	0	12576
26578	12536	13	7	21	0	12577
26579	12848	34	8	23	0	12913
26580	50	10	2	12869	0	12931
26581	38	15	13413	28	0	13494
26582	12	23	13375	31	0	13441
26583	13233	1	40	26	0	13300
26584	13556	6	29	22	0	13613
26585	49	13606	13	30	0	13698
26586	35	14027	12	11	0	14085
26587	15	41	4	14408	0	14468
26588	14444	31	9	37	0	14521
26589	26	24	14623	39	0	14712
26590	43	9	21	14719	0	14792
26591	15070	12	35	47	0	15164
26592	15127	4	6	52	0	15189
26593	60	10	7	15401	0	15478
26594	15484	9	14	46	0	15553
26595	23	26	15213	43	0	15305
26596	51	27	16327	18	0	16423
26597	19	3	56	15905	0	15983
26598	19	4	44	16868	0	16935
26599	16	13	10	16801	0	16840
26600	18	16618	21	70	0	16727
26601	16	17005	22	52	0	17095
26602	13	67	6	17117	0	17203
26603	17253	38	7	53	0	17351
26604	36	5	11	17491	0	17543
26605	54	12	10	17544	0	17620
26606	16	17450	25	74	0	17565
26607	12	18032	27	66	0	18137
26608	21	59	7	18064	0	18151
26609	29	51	7	17608	0	17695
26610	17249	18	4	82	0	17353
26611	36	17315	14	72	0	17437
26612	17447	26	8	37	0	17518
26613	40	49	4	17592	0	17685
26614	49	41	17317	42	0	17449
26615	13	42	17185	64	0	17304
26616	17281	16	78	25	0	17400
26617	42	13	45	18371	0	18471
26618	48	6	12	18494	0	18560
26619	19	8	3	18630	0	18660
26620	20	52	18852	84	0	19008
26621	19	12	32	19027	0	19090
26622	12	19104	63	65	0	19244
26623	19	41	13	19698	0	19771
26624	28	48	7	19602	0	19685
26625	19	20040	28	84	0	20171
26626	17	55	5	20446	0	20523
26627	19939	54	6	89	0	20088
26628	57	20096	29	96	0	20278
26629	20688	61	13	46	0	20808
26630	20741	72	3	37	0	20853
26631	158	17	10	20801	0	20986
26632	87	11	8	20752	0	20858
26633	27	8	5	21002	0	21042
26634	28	37	20439	178	0	20682
26635	17	20259	86	105	0	20467
26636	13	20699	92	28	0	20832
26637	16	143	13	20322	0	20494
26638	20095	75	10	98	0	20278
26639	87	14	7	20071	0	20179
26640	81	47	20127	124	0	20379
26641	13	20017	73	112	0	20215
26642	10	20229	90	34	0	20363
26643	20022	135	17	38	0	20212
26644	20266	79	3	39	0	20387
26645	145	21838	23	40	0	22046
26646	22174	83	14	48	0	22319
26647	101	112	22029	12	0	22254
26648	93	39	21870	32	0	22034
26649	22063	10	171	40	0	22284
26650	22715	17	93	42	0	22867
26651	186	14	17	22772	0	22989
26652	22731	11	12	137	0	22891
26653	122	34	22993	105	0	23254
26654	119	53	24492	42	0	24706
26655	60	16	233	26534	0	26843
26656	42	13	124	29780	0	29959
26657	29	20	30	31036	0	31115
26658	59	24	26	31779	0	31888
26659	52	11	11	33449	0	33523
26660	39	65	32633	638	0	33375
26661	40	19	303	32633	0	32995
26662	32527	15	314	438	0	33294
26663	332	20	62	32964	0	33378
26664	32807	16	31	440	0	33294
26665	375	14	24	32980	0	33393
26666	33497	20	30	480	0	34027
26667	34304	20	30	419	0	34773
26668	657	18	32	34059	0	34766
26669	391	20	47	34524	0	34982
26670	34046	15	36	704	0	34801
26671	34153	29	27	426	0	34635
26672	682	57	34783	140	0	35662
26673	443	18	334	34750	0	35545
26674	164	26	296	35623	0	36109
26675	35364	20	74	700	0	36158
26676	35835	16	45	455	0	36351
26677	729	13	41	35847	0	36630
26678	425	20	43	36268	0	36756
26679	177	23	36	36265	0	36501
26680	124	20	39	35759	0	35942
26681	90	33904	98	1170	0	35262
26682	86	34842	80	519	0	35527
26683	90	621	48	34482	0	35241
26684	93	34833	80	485	0	35491
26685	104	372	28	35253	0	35757
26686	93	359	34633	575	0	35660
26687	87	132	33937	519	0	34675
26688	77	34803	643	289	0	35812
26689	134	372	359	34485	0	35350
26690	120	364	34538	518	0	35540
26691	129	104	382	34099	0	34714
26692	161	79	335	34811	0	35386
26693	34290	48	120	815	0	35273
26694	449	62	81	35080	0	35672
26695	437	83	35443	555	0	36518
26696	200	93	35018	533	0	35844
26697	178	34963	718	266	0	36125
26698	160	36614	413	308	0	37495
26699	37210	593	139	272	0	38214
26700	481	395	40150	261	0	41287
26701	463	83	404	40131	0	41081
26702	40545	49	368	574	0	41536
26703	40382	56	145	548	0	41131
26704	712	41559	144	319	0	42734
26705	514	435	103	40655	0	41707
26706	244	342	83	42753	0	43422
26707	195	100	79	42680	0	43054
26708	41602	66	70	939	0	42677
26709	454	132	41661	651	0	42898
26710	418	42499	439	364	0	43720
26711	243	404	343	42245	0	43235
26712	187	370	112	43017	0	43686
26713	137	198	42719	868	0	43922
26714	155	106	415	42456	0	43132
26715	155	89	384	43185	0	43813
26716	185	83	146	43265	0	43679
26717	148	102	126	43014	0	43390
26718	129	152	42045	961	0	43287
26719	142	99	444	42089	0	42774
26720	137	141	42568	711	0	43557
26721	115	42152	507	664	0	43438
26722	149	364	408	42358	0	43279
26723	176	352	168	42833	0	43529
26724	161	161	41972	901	0	43195
26725	134	41592	456	678	0	42860
26726	191	418	416	41139	0	42164
26727	166	380	41559	581	0	42686
26728	152	41329	440	560	0	42481
26729	212	365	352	41339	0	42268
26730	318	409	41233	557	0	42517
26731	197	162	399	41054	0	41812
26732	182	105	354	41231	0	41872
26733	172	104	170	42299	0	42745
26734	41581	131	96	824	0	42632
26735	395	41576	156	606	0	42733
26736	41687	338	129	348	0	42502
26737	430	390	41706	311	0	42837
26738	41949	130	369	406	0	42854
26739	44296	87	361	370	0	45114
26740	634	109	161	44158	0	45062
26741	45151	123	113	652	0	46039
26742	45711	95	110	607	0	46523
26743	46762	98	128	414	0	47402
26744	669	93	107	46406	0	47275
26745	445	104	114	45213	0	45876
26746	153	144	44114	738	0	45149
26747	129	158	42757	534	0	43578
26748	41368	85	593	327	0	42373
26749	371	232	370	43349	0	44322
26750	279	43943	228	454	0	44904
26751	43773	311	164	465	0	44713
26752	302	44008	175	278	0	44763
26753	265	43601	180	266	0	44312
26754	238	605	41467	261	0	42571
26755	141	310	41372	137	0	41960
26756	195	666	500	39341	0	40702
26757	98	119	42045	190	0	42452
26758	58	124	39453	132	0	39767
26759	36254	37	89	113	0	36493
26760	39036	14	42	102	0	39194
26761	63	19	20	39675	0	39777
26762	45	19	20	40250	0	40334
26763	45	87	40822	88	0	41042
26764	27	41524	63	65	0	41679
26765	31	49	37	41246	0	41363
26766	42799	25	32	170	0	43026
26767	58	14	12	43425	0	43509
26768	40	43903	38	119	0	44100
26769	49	142	43558	84	0	43833
26770	30	44934	96	44	0	45104
26771	44838	64	53	94	0	45049
26772	44026	52	14	84	0	44176
26773	116	22	14	43962	0	44114
26774	95	100	44735	86	0	45016
26775	48	108	43009	102	0	43267
26776	23	44664	200	57	0	44944
26777	65	103	108	43122	0	43398
26778	44	83	22	45181	0	45330
26779	34	115	45001	175	0	45325
26780	38	25	96	44363	0	44522
26781	25	47203	143	135	0	47506
26782	44	164	32	47589	0	47829
26783	39	140	21	47901	0	48101
26784	44	125	47545	329	0	48043
26785	29	30	170	46924	0	47153
26786	46247	14	213	265	0	46739
26787	214	101	47508	186	0	48009
26788	209	106	47846	78	0	48239
26789	41	48551	466	68	0	49126
26790	62	256	249	49521	0	50088
26791	52	224	59	51921	0	52256
26792	32	139	51443	549	0	52163
26793	46988	42	348	381	0	47759
26794	341	19	316	51271	0	51947
26795	328	139	50798	333	0	51598
26796	80	26	340	49303	0	49749
26797	46	113	50869	390	0	51418
26798	55	118	49620	351	0	50144
26799	30	49567	694	104	0	50395
26800	90	341	356	45450	0	46237
26801	19	48109	138	363	0	48629
26802	46626	355	60	367	0	47408
26803	340	394	47541	102	0	48377
26804	322	46827	408	77	0	47634
26805	79	347	336	46509	0	47271
26806	46017	326	76	422	0	46841
26807	332	46475	119	414	0	47340
26808	327	358	60	46962	0	47707
26809	89	341	66	46784	0	47280
26810	35	47873	114	669	0	48691
26811	47796	423	54	430	0	48703
26812	434	370	64	53786	0	54654
26813	403	84	58	56438	0	56983
26814	123	133	55671	1225	0	57152
26815	46	57705	775	728	0	59254
26816	99	748	620	57870	0	59337
26817	76	651	153	61821	0	62701
26818	37	63685	149	1458	0	65329
26819	103	933	86	64621	0	65743
26820	139	742	118	66468	0	67467
26821	96	133	95	67049	0	67373
26822	42	67291	157	1817	0	69307
26823	66081	996	96	975	0	68148
26824	1006	921	67336	253	0	69516
26825	64514	140	1049	253	0	65956
26826	1060	67261	962	186	0	69469
26827	859	1036	155	66930	0	68980
26828	183	936	67534	1099	0	69752
26829	135	177	1033	67733	0	69078
26830	144	112	869	68343	0	69468
26831	137	108	193	69973	0	70411
26832	99	234	68090	1987	0	70410
26833	91	67827	1145	1217	0	70280
26834	135	1129	68831	365	0	70460
26835	95	69441	1231	381	0	71148
26836	124	1239	69900	313	0	71576
26837	129	924	1175	68809	0	71037
26838	67475	242	932	1318	0	69967
26839	999	69373	323	1183	0	71878
26840	848	1195	69942	451	0	72436
26841	156	70019	1200	416	0	71791
26842	194	1300	70194	373	0	72061
26843	165	956	1203	67006	0	69330
26844	239	309	970	64758	0	66276
26845	153	68423	383	1879	0	70838
26846	162	70323	347	1098	0	71930
26847	69714	1918	256	475	0	72363
26848	1145	1126	247	70321	0	72839
26849	983	468	70333	1434	0	73218
26850	306	272	1207	70845	0	72630
26851	233	427	71686	1526	0	73872
26852	193	414	71881	1239	0	73727
26853	213	287	2016	67628	0	70144
26854	146	70237	1247	1402	0	73032
26855	68674	1284	361	1270	0	71589
26856	1186	1115	323	67815	0	70439
26857	1010	378	326	65645	0	67359
26858	245	67389	427	2116	0	70177
26859	66739	1329	290	1233	0	69591
26860	67523	1111	318	594	0	69546
26861	2021	353	354	64906	0	67634
26862	1056	65784	472	1449	0	68761
26863	265	68954	460	1274	0	70953
26864	67416	2052	343	618	0	70429
26865	1176	1336	67647	497	0	70656
26866	65268	471	1336	535	0	67610
26867	66051	385	1104	525	0	68065
26868	66025	354	384	540	0	67303
26869	1983	64867	432	564	0	67846
26870	1120	1293	344	65128	0	67885
26871	65361	1093	337	1449	0	68240
26872	65626	383	362	1244	0	67615
26873	1897	65312	508	559	0	68276
26874	66309	1265	338	542	0	68454
26875	1265	1119	332	66425	0	69141
26876	1065	388	361	66034	0	67848
26877	318	65944	421	2176	0	68859
26878	362	1288	298	67352	0	69300
26879	395	1102	275	66867	0	68639
26880	305	66578	388	2199	0	69470
26881	382	1196	291	62414	0	64283
26882	252	65218	405	1363	0	67238
26883	64482	1248	339	1147	0	67216
26884	62894	1069	334	551	0	64848
26885	1748	63366	418	547	0	66079
26886	995	1240	62568	523	0	65326
26887	465	1186	1025	62192	0	64868
26888	401	548	62740	1222	0	64911
26889	341	60756	1154	1123	0	63374
26890	360	61503	973	480	0	63316
26891	58275	1505	285	416	0	60481
26892	1055	60207	323	363	0	61948
26893	1014	1059	240	57529	0	59842
26894	408	59159	352	956	0	60875
26895	397	60257	263	891	0	61808
26896	59457	1553	196	420	0	61626
26897	1074	883	174	59638	0	61769
26898	871	445	59405	1121	0	61842
26899	356	423	58895	1032	0	60706
26900	326	59789	1497	478	0	62090
26901	59302	1037	795	473	0	61607
26902	996	60672	389	326	0	62383
26903	885	1168	202	61007	0	63262
26904	61316	868	235	1168	0	63587
26905	1146	404	182	62466	0	64198
26906	946	349	196	62213	0	63704
26907	408	62209	310	1818	0	64745
26908	447	1109	186	63182	0	64924
26909	278	1080	63453	1183	0	65994
26910	60059	353	1040	981	0	62433
26911	1047	65298	863	392	0	67600
26912	710	63235	239	267	0	64451
26913	60346	1257	126	229	0	61958
26914	904	794	61363	216	0	63277
26915	57525	334	845	227	0	58931
26916	778	66203	684	172	0	67837
26917	567	70894	224	149	0	71834
26918	219	1707	71337	149	0	73412
26919	111	73401	1189	188	0	74889
26920	264	1308	940	65410	0	67922
26921	162	906	124	67213	0	68405
26922	67	69460	149	1587	0	71263
26923	108	1014	57	69744	0	70923
26924	70137	821	44	1068	0	72070
26925	1044	265	69957	787	0	72053
26926	69878	107	1010	209	0	71204
26927	71958	106	776	161	0	73001
26928	71904	119	126	164	0	72313
26929	1900	216	70888	97	0	73101
26930	969	168	1033	70029	0	72199
26931	216	187	71662	1054	0	73119
26932	68562	123	1128	887	0	70700
26933	68811	130	853	249	0	70043
26934	1785	70356	222	163	0	72526
26935	977	1145	107	68092	0	70321
26936	233	71968	209	1039	0	73449
26937	197	1285	71897	877	0	74256
26938	239	1001	1150	71239	0	73629
26939	71203	233	929	1204	0	73569
26940	71679	144	177	944	0	72944
26941	2075	162	138	67509	0	69884
26942	1027	68828	241	1111	0	71207
26943	272	1202	69850	952	0	72276
26944	234	1014	70667	218	0	72133
26945	65386	227	2045	224	0	67882
26946	1313	244	70984	208	0	72749
26947	1007	69910	1349	259	0	72525
26948	328	1234	987	68663	0	71212
26949	226	1043	70264	1155	0	72688
26950	261	242	1251	68647	0	70401
26951	217	257	70188	1331	0	71993
26952	64757	160	1353	1023	0	67293
26953	1329	170	1005	66228	0	68732
26954	1047	67252	331	1210	0	69840
26955	305	68551	297	968	0	70121
26956	295	2052	241	67064	0	69652
26957	297	1059	240	66276	0	67872
26958	281	66729	326	2054	0	69390
26959	311	1374	66829	1046	0	69560
26960	270	1035	1286	66712	0	69303
26961	257	351	68358	1334	0	70300
26962	269	275	66774	1095	0	68413
26963	61428	253	2128	375	0	64184
26964	1288	64327	1216	369	0	67200
26965	64938	1316	348	308	0	66910
26966	1456	1132	316	61509	0	64413
26967	1099	64189	451	1268	0	67007
26968	435	1406	322	65201	0	67364
26969	336	1134	369	64193	0	66032
26970	351	63881	399	2157	0	66788
26971	360	1483	63673	1240	0	66756
26972	377	1111	1384	64007	0	66879
26973	63908	423	1171	1490	0	66992
26974	1447	317	424	64028	0	66216
26975	1250	319	403	63642	0	65614
26976	511	417	62566	2255	0	65749
26977	416	62093	1534	1290	0	65333
26978	476	1453	1140	61093	0	64162
26979	407	1203	61678	1467	0	64755
26980	350	521	61479	1241	0	63591
26981	58086	398	2306	616	0	61406
26982	1358	60440	1375	606	0	63779
26983	60195	1364	561	507	0	62627
26984	1471	60341	560	522	0	62894
26985	1184	61012	521	592	0	63309
26986	59765	2227	429	536	0	62957
26987	1534	1217	428	57578	0	60757
26988	1248	59344	590	1435	0	62617
26989	666	1384	419	60499	0	62968
26990	59544	1149	431	1616	0	62740
26991	1623	491	59919	1265	0	63298
26992	1262	437	59403	564	0	61666
26993	56407	371	2336	544	0	59658
26994	1453	58337	1531	518	0	61839
26995	1264	1453	58415	493	0	61625
26996	564	58850	1576	486	0	61476
26997	506	1535	1241	57045	0	60327
26998	408	1334	58173	1461	0	61376
26999	450	514	1434	57852	0	60250
27000	314	471	57560	1716	0	60061
27001	53512	426	1561	1336	0	56835
27002	1349	56056	1380	643	0	59428
27003	55760	1292	549	472	0	58073
27004	1487	1154	443	50251	0	53335
27005	1067	57189	590	1283	0	60129
27006	56777	1432	507	1128	0	59844
27007	56211	1174	506	553	0	58444
27008	2010	562	56458	504	0	59534
27009	1157	488	55307	448	0	57400
27010	48620	342	2030	420	0	51412
27011	1096	50163	1255	483	0	52997
27012	798	48387	550	408	0	50143
27013	841	2371	677	44958	0	48847
27014	384	914	45446	1057	0	47801
27015	338	43238	1045	799	0	45420
27016	289	38427	715	334	0	39765
27017	1101	812	377	27815	0	30105
27018	28433	323	147	332	0	29235
27019	28477	103	74	315	0	28969
27020	28901	90	75	134	0	29200
27021	537	104	28692	96	0	29429
27022	28170	79	342	96	0	28687
27023	28693	93	282	102	0	29170
27024	29148	95	88	85	0	29416
27025	565	105	83	27854	0	28607
27026	318	28301	104	296	0	29019
27027	28095	308	77	268	0	28748
27028	313	28373	97	93	0	28876
27029	272	312	75	27866	0	28525
27030	94	286	28842	316	0	29538
27031	108	131	315	28627	0	29181
27032	101	73	255	28929	0	29358
27033	83	107	28980	518	0	29688
27034	84	28524	320	263	0	29191
27035	90	255	218	26675	0	27238
27036	26386	215	66	251	0	26918
27037	236	26016	53	210	0	26515
27038	25539	219	33	70	0	25861
27039	237	279	42	24697	0	25255
27040	222	25638	51	208	0	26119
27041	25447	201	49	180	0	25877
27042	219	26040	64	58	0	26381
27043	170	240	25573	41	0	26024
27044	25319	212	234	56	0	25821
27045	25851	103	153	53	0	26160
27046	379	26028	60	55	0	26522
27047	219	225	25316	36	0	25796
27048	59	26357	215	54	0	26685
27049	176	495	285	18455	0	19411
27050	48	218	51	26754	0	27071
27051	50	56	22	26716	0	26844
27052	49	26728	28	456	0	27261
27053	58	252	23	26861	0	27194
27054	60	232	23	26822	0	27137
27055	26363	64	23	462	0	26912
27056	282	29	28	26442	0	26781
27057	257	35	13	26542	0	26847
27058	26190	42	20	451	0	26703
27059	263	26407	51	271	0	26992
27060	26765	260	31	88	0	27144
27061	26584	242	30	54	0	26910
27062	26862	61	22	64	0	27009
27063	484	52	30	26540	0	27106
27064	270	48	37	26865	0	27220
27065	113	50	26477	471	0	27111
27066	84	72	26105	275	0	26536
27067	64	86	26026	89	0	26265
27068	23526	58	485	79	0	24148
27069	315	80	25814	81	0	26290
27070	259	25737	300	111	0	26407
27071	123	277	217	25418	0	26035
27072	98	254	68	24301	0	24721
27073	90	25883	73	433	0	26479
27074	96	327	26264	240	0	26927
27075	96	26553	266	124	0	27039
27076	26204	295	238	100	0	26837
27077	322	278	26537	99	0	27236
27078	290	26445	294	120	0	27149
27079	137	298	26906	86	0	27427
27080	106	279	310	26474	0	27169
27081	104	129	27080	323	0	27636
27082	99	82	336	26454	0	26971
27083	26833	63	244	357	0	27497
27084	332	85	27042	314	0	27773
27085	279	27072	310	151	0	27812
27086	27200	319	267	124	0	27910
27087	335	289	27913	118	0	28655
27088	304	126	27806	125	0	28361
27089	143	76	502	27215	0	27936
27090	126	86	27809	378	0	28399
27091	26048	101	346	340	0	26835
27092	350	27492	288	168	0	28298
27093	329	346	90	26689	0	27454
27094	138	28757	119	320	0	29334
27095	28718	363	106	314	0	29501
27096	383	326	28860	148	0	29717
27097	342	119	29664	130	0	30255
27098	138	104	595	28996	0	29833
27099	112	102	337	29563	0	30114
27100	122	83	130	30080	0	30415
27101	127	96	114	30259	0	30596
27102	124	124	30129	650	0	31027
27103	99	29553	400	403	0	30455
27104	105	314	266	27729	0	28414
27105	72	277	26920	325	0	27594
27106	88	26721	329	277	0	27415
27107	26531	304	291	132	0	27258
27108	458	280	115	26291	0	27144
27109	26024	79	79	333	0	26515
27110	294	25977	86	283	0	26640
27111	25805	268	90	140	0	26303
27112	322	273	26583	94	0	27272
27113	281	196	316	24872	0	25665
27114	97	26411	284	287	0	27079
27115	112	292	26134	257	0	26795
27116	75	26132	322	112	0	26641
27117	140	438	277	20738	0	21593
27118	24518	182	116	305	0	25121
27119	243	24589	94	243	0	25169
27120	24429	238	80	122	0	24869
27121	272	236	24244	96	0	24848
27122	228	101	23969	108	0	24406
27123	23577	54	409	94	0	24134
27124	263	77	254	23942	0	24536
27125	234	78	99	24282	0	24693
27126	85	81	24589	406	0	25161
27127	85	69	24081	223	0	24458
27128	71	24612	422	99	0	25204
27129	23713	253	297	126	0	24389
27130	22832	185	117	78	0	23212
27131	339	22680	82	81	0	23182
27132	215	203	82	22948	0	23448
27133	23233	174	65	256	0	23728
27134	224	61	69	23287	0	23641
27135	23490	56	77	247	0	23870
27136	23554	52	60	214	0	23880
27137	24200	45	76	118	0	24439
27138	364	50	64	23701	0	24179
27139	215	57	63	24617	0	24952
27140	23892	46	48	375	0	24361
27141	24021	51	53	226	0	24351
27142	23785	53	62	102	0	24002
27143	362	23454	86	73	0	23975
27144	22140	146	41	73	0	22400
27145	159	22140	58	82	0	22439
27146	21666	145	50	69	0	21930
27147	176	153	21582	56	0	21967
27148	19551	104	230	90	0	19975
27149	130	20455	115	55	0	20755
27150	94	20473	53	28	0	20648
27151	20655	166	19	48	0	20888
27152	130	85	35	20764	0	21014
27153	106	36	30	21562	0	21734
27154	48	21737	47	194	0	22026
27155	46	23259	42	115	0	23462
27156	24062	204	34	45	0	24345
27157	168	138	24999	31	0	25336
27158	148	41	162	26071	0	26422
27159	26488	28	134	228	0	26878
27160	247	61	26760	171	0	27239
27161	183	28628	226	54	0	29091
27162	29886	264	172	56	0	30378
27163	368	228	30921	36	0	31553
27164	272	50	363	31776	0	32461
27165	71	59	32996	394	0	33520
27166	31035	50	423	301	0	31809
27167	402	33220	304	76	0	34002
27168	33659	395	72	70	0	34196
27169	33456	274	42	62	0	33834
27170	682	55	33	33247	0	34017
27171	33470	32	28	442	0	33972
27172	450	55	31	33691	0	34227
27173	319	34	25	33745	0	34123
27174	95	57	32692	657	0	33501
27175	62	32759	405	338	0	33564
27176	96	404	268	32664	0	33432
27177	75	277	53	32921	0	33326
27178	76	57	21	33162	0	33316
27179	82	50	32464	675	0	33271
27180	60	32290	400	358	0	33108
27181	96	379	255	32462	0	33192
27182	104	263	52	32742	0	33161
27183	67	76	32327	644	0	33114
27184	84	58	365	32078	0	32585
27185	31915	30	278	451	0	32674
27186	394	32067	82	305	0	32848
27187	31607	384	32	102	0	32125
27188	465	298	31379	52	0	32194
27189	330	75	380	31270	0	32055
27190	31914	59	275	405	0	32653
27191	31776	52	71	295	0	32194
27192	671	73	31881	87	0	32712
27193	363	87	416	31434	0	32300
27194	117	65	31730	423	0	32335
27195	29630	54	442	309	0	30435
27196	420	31398	308	112	0	32238
27197	31617	382	94	83	0	32176
27198	31232	277	70	100	0	31679
27199	659	31572	110	73	0	32414
27200	31819	385	82	105	0	32391
27201	472	311	31469	100	0	32352
27202	31217	77	422	113	0	31829
27203	484	71	312	31484	0	32351
27204	376	105	32187	457	0	33125
27205	169	73	428	32092	0	32762
27206	176	62	317	32102	0	32657
27207	195	49	132	31758	0	32134
27208	151	32087	132	698	0	33068
27209	32295	420	89	398	0	33202
27210	515	309	104	31927	0	32855
27211	394	32170	143	492	0	33199
27212	197	432	116	30308	0	31053
27213	174	31544	153	547	0	32418
27214	182	459	31417	438	0	32496
27215	146	335	465	31167	0	32113
27216	167	120	355	31827	0	32469
27217	160	138	31462	795	0	32555
27218	28446	119	469	549	0	29583
27219	489	31223	376	298	0	32386
27220	428	451	147	31242	0	32268
27221	227	324	138	30591	0	31280
27222	212	130	134	30541	0	31017
27223	200	31000	159	783	0	32142
27224	30606	462	172	495	0	31735
27225	529	374	31044	307	0	32254
27226	417	139	30410	278	0	31244
27227	220	113	710	29979	0	31022
27228	208	106	387	30670	0	31371
27229	30317	96	183	843	0	31439
27230	535	30277	192	534	0	31538
27231	433	459	167	30502	0	31561
27232	30204	339	159	606	0	31308
27233	592	147	149	29986	0	30874
27234	30100	125	143	618	0	30986
27235	642	148	29309	476	0	30575
27236	464	29774	524	240	0	31002
27237	29695	468	421	219	0	30803
27238	598	398	29655	219	0	30870
27239	28803	132	496	232	0	29663
27240	640	133	29128	239	0	30140
27241	29061	124	511	235	0	29931
27242	617	111	396	28808	0	29932
27243	29471	115	170	556	0	30312
27244	592	127	152	29243	0	30114
27245	495	119	143	29436	0	30193
27246	29126	130	157	813	0	30226
27247	567	29322	176	516	0	30581
27248	433	500	115	29474	0	30522
27249	29760	366	143	597	0	30866
27250	30430	160	115	496	0	31201
27251	789	147	124	30318	0	31378
27252	510	122	120	30778	0	31530
27253	30516	126	125	848	0	31615
27254	612	111	114	30748	0	31585
27255	440	130	96	29879	0	30545
27256	28734	107	114	790	0	29745
27257	536	109	85	28029	0	28759
27258	296	94	26125	527	0	27042
27259	24271	54	411	398	0	25134
27260	426	94	26169	175	0	26864
27261	267	91	24129	99	0	24586
27262	21413	141	665	88	0	22307
27263	223	21684	255	63	0	22225
27264	200	165	139	20582	0	21086
27265	60	116	42	20833	0	21051
27266	47	22	18	21950	0	22037
27267	33	13	13	22286	0	22345
27268	22033	10	27	352	0	22422
27269	23226	15	14	193	0	23448
27270	24125	17	10	67	0	24219
27271	428	36	25727	42	0	26233
27272	242	17	305	26747	0	27311
27273	71	12	247	27298	0	27628
27274	66	15	54	26446	0	26581
27275	51	26541	55	638	0	27285
27276	36	27225	46	360	0	27667
27277	27577	617	17	118	0	28329
27278	412	326	22	27774	0	28534
27279	341	61	19	29225	0	29646
27280	93	34	19	29947	0	30093
27281	72	54	29059	777	0	29962
27282	46	54	28814	421	0	29335
27283	28418	26	713	120	0	29277
27284	29743	16	365	81	0	30205
27285	742	20	87	28949	0	29798
27286	386	29596	75	444	0	30501
27287	130	412	26	29803	0	30371
27288	86	330	24	29912	0	30352
27289	73	80	29260	781	0	30194
27290	28791	30	410	448	0	29679
27291	490	13	329	30432	0	31264
27292	396	16	68	30047	0	30527
27293	29335	21	46	802	0	30204
27294	471	29990	67	454	0	30982
27295	30573	446	32	173	0	31224
27296	546	397	34	29676	0	30653
27297	390	29202	40	524	0	30156
27298	29511	472	22	391	0	30396
27299	534	360	22	29445	0	30361
27300	29386	74	32	530	0	30022
27301	29052	44	28	416	0	29540
27302	29129	29	28	159	0	29345
27303	832	28349	60	124	0	29365
27304	445	28167	60	97	0	28769
27305	184	753	37	27179	0	28153
27306	103	28196	71	479	0	28849
27307	28278	507	36	393	0	29214
27308	532	353	29	28261	0	29175
27309	28429	100	39	544	0	29112
27310	28736	59	37	427	0	29259
27311	844	60	44	28185	0	29133
27312	483	47	49	29136	0	29715
27313	29054	43	46	874	0	30017
27314	29387	67	27	515	0	29996
27315	30035	49	28	216	0	30328
27316	30326	66	31	195	0	30618
27317	30699	76	32	147	0	30954
27318	961	56	25	29947	0	30989
27319	535	56	27	30336	0	30954
27320	231	76	29	30675	0	31011
27321	29945	69	32	938	0	30984
27322	634	56	38	29723	0	30451
27323	470	29658	74	651	0	30853
27324	218	485	38	30198	0	30939
27325	29531	380	42	660	0	30613
27326	29766	130	50	481	0	30427
27327	899	128	29289	210	0	30526
27328	525	138	467	28084	0	29214
27329	232	29373	371	544	0	30520
27330	29525	502	94	452	0	30573
27331	587	30060	77	244	0	30968
27332	501	539	34	29921	0	30995
27333	30587	386	38	596	0	31607
27334	30781	115	54	478	0	31428
27335	954	30435	74	272	0	31735
27336	579	520	28	30170	0	31297
27337	268	397	30154	615	0	31434
27338	28939	122	478	503	0	30042
27339	652	137	30342	207	0	31338
27340	30347	77	542	200	0	31166
27341	30756	79	377	207	0	31419
27342	1005	81	76	30487	0	31649
27343	31178	100	39	669	0	31986
27344	31440	83	52	557	0	32132
27345	31786	116	44	254	0	32200
27346	1096	107	42	30890	0	32135
27347	31001	76	55	618	0	31750
27348	741	83	28	30813	0	31665
27349	560	93	54	30536	0	31243
27350	255	30319	95	919	0	31588
27351	263	494	56	28842	0	29655
27352	220	29754	87	572	0	30633
27353	29001	481	29	450	0	29961
27354	29036	358	41	209	0	29644
27355	876	119	22	28551	0	29568
27356	524	80	20	28640	0	29264
27357	28118	71	33	818	0	29040
27358	617	101	27514	469	0	28701
27359	27772	55	420	238	0	28485
27360	664	76	300	27355	0	28395
27361	518	74	26356	515	0	27463
27362	26160	70	406	445	0	27081
27363	26825	66	306	211	0	27408
27364	847	84	26533	180	0	27644
27365	26188	54	397	194	0	26833
27366	585	82	25884	149	0	26700
27367	466	25670	425	130	0	26691
27368	25587	367	499	217	0	26670
27369	25042	311	138	162	0	25653
27370	671	24146	73	107	0	24997
27371	304	22438	116	97	0	22955
27372	21254	318	201	82	0	21855
27373	21238	124	39	70	0	21471
27374	350	53	36	21750	0	22189
27375	184	80	21442	220	0	21926
27376	105	74	20779	147	0	21105
27377	20957	34	273	73	0	21337
27378	239	77	21322	48	0	21686
27379	20270	103	262	71	0	20706
27380	230	21	107	20087	0	20445
27381	147	16	30	20155	0	20348
27382	85	47	20540	269	0	20941
27383	20395	20	166	160	0	20741
27384	210	20	109	20944	0	21283
27385	164	11	41	21978	0	22194
27386	21521	11	40	271	0	21843
27387	21643	17	33	160	0	21853
27388	21650	16	17	90	0	21773
27389	270	22126	58	57	0	22511
27390	126	168	21087	54	0	21435
27391	20493	72	138	53	0	20756
27392	20986	25	98	54	0	21163
27393	226	20623	46	51	0	20946
27394	20077	110	55	52	0	20294
27395	177	70	20	19792	0	20059
27396	91	49	20474	109	0	20723
27397	20177	35	118	95	0	20425
27398	20782	33	82	65	0	20962
27399	20959	13	17	55	0	21044
27400	21002	13	17	45	0	21077
27401	183	17	15	20932	0	21147
27402	104	15	19	21009	0	21147
27403	21108	9	22	192	0	21331
27404	147	7	21	21104	0	21279
27405	91	8	16	21077	0	21192
27406	40	21044	48	177	0	21309
27407	60	104	16	21344	0	21524
27408	60	59	14	21425	0	21558
27409	39	25	19	21592	0	21675
27410	45	15	15	21724	0	21799
27411	42	21496	37	189	0	21764
27412	43	108	11	21311	0	21473
27413	50	82	17	20932	0	21081
27414	43	59	20729	190	0	21021
27415	42	65	20280	110	0	20497
27416	28	20613	210	61	0	20912
27417	23832	100	94	46	0	24072
27418	197	24567	49	45	0	24858
27419	177	208	18	25560	0	25963
27420	54	205	27223	272	0	27754
27421	28758	32	283	231	0	29304
27422	319	24	198	29975	0	30516
27423	30346	14	45	349	0	30754
27424	30521	23	30	237	0	30811
27425	513	30661	54	67	0	31295
27426	30637	294	21	73	0	31025
27427	325	31909	61	50	0	32345
27428	262	389	19	31863	0	32533
27429	57	32649	63	336	0	33105
27430	88	379	32437	246	0	33150
27431	43	32932	345	78	0	33398
27432	91	392	246	31960	0	32689
27433	32087	232	47	355	0	32721
27434	301	32841	53	286	0	33481
27435	276	319	19	33152	0	33766
27436	91	276	23	33715	0	34105
27437	66	108	33753	612	0	34539
27438	74	50	370	33757	0	34251
27439	72	81	34071	419	0	34643
27440	32130	32	400	379	0	32941
27441	451	72	34714	101	0	35338
27442	336	34645	428	94	0	35503
27443	139	428	288	34532	0	35387
27444	125	291	55	34626	0	35097
27445	109	107	51	35036	0	35303
27446	34874	73	49	731	0	35727
27447	461	91	45	34204	0	34801
27448	325	34639	97	465	0	35526
27449	34112	447	42	370	0	34971
27450	416	33986	92	154	0	34648
27451	349	457	49	33629	0	34484
27452	33727	361	33	483	0	34604
27453	454	33433	96	393	0	34376
27454	333	34389	77	164	0	34963
27455	34281	696	78	165	0	35220
27456	34591	367	60	170	0	35188
27457	701	160	34365	149	0	35375
27458	34844	91	450	142	0	35527
27459	537	131	35818	137	0	36623
27460	419	116	505	35786	0	36826
27461	141	142	36212	567	0	37062
27462	139	109	522	36182	0	36952
27463	123	152	36506	591	0	37372
27464	136	97	492	35654	0	36379
27465	120	88	379	36441	0	37028
27466	35636	98	114	882	0	36730
27467	537	144	35567	470	0	36718
27468	33723	111	500	226	0	34560
27469	591	158	35358	161	0	36268
27470	455	165	35306	163	0	36089
27471	176	181	783	34776	0	35916
27472	35245	97	402	592	0	36336
27473	535	35259	173	460	0	36427
27474	35096	525	96	185	0	35902
27475	34777	393	118	168	0	35456
27476	870	34509	172	158	0	35709
27477	34794	504	150	129	0	35577
27478	597	432	34965	175	0	36169
27479	473	137	537	34952	0	36099
27480	35060	97	426	590	0	36173
27481	548	35319	197	496	0	36560
27482	461	495	145	35022	0	36123
27483	204	381	132	35449	0	36166
27484	205	120	162	35783	0	36270
27485	196	103	152	35958	0	36409
27486	35178	83	156	931	0	36348
27487	35563	81	171	539	0	36354
27488	35846	106	179	252	0	36383
27489	35128	92	159	255	0	35634
27490	924	148	34821	210	0	36103
27491	34251	106	546	216	0	35119
27492	34961	96	443	197	0	35697
27493	961	34666	218	207	0	36052
27494	560	35320	185	178	0	36243
27495	340	823	156	34498	0	35817
27496	274	467	150	34849	0	35740
27497	221	205	34344	899	0	35669
27498	255	34734	595	532	0	36116
27499	240	537	463	33742	0	34982
27500	206	35108	192	602	0	36108
27501	245	577	121	35867	0	36810
27502	238	447	128	35593	0	36406
27503	221	36749	189	997	0	38156
27504	276	544	150	37451	0	38421
27505	236	477	37586	703	0	39002
27506	259	176	37129	605	0	38169
27507	36068	119	939	299	0	37425
27508	38097	110	511	299	0	39017
27509	1060	37651	242	238	0	39191
27510	38089	547	147	214	0	38997
27511	784	498	126	37690	0	39098
27512	37782	153	119	670	0	38724
27513	701	37609	179	622	0	39111
27514	692	604	37045	256	0	38597
27515	35772	452	712	257	0	37193
27516	718	261	39079	227	0	40285
27517	478	155	35040	160	0	35833
27518	260	135	34879	187	0	35461
27519	144	34038	713	177	0	35072
27520	31677	568	893	213	0	33351
27521	30644	303	159	186	0	31292
27522	568	101	100	30140	0	30909
27523	372	100	88	29701	0	30261
27524	141	30585	142	543	0	31411
27525	30832	300	112	364	0	31608
27526	383	31300	122	162	0	31967
27527	325	30417	134	140	0	31016
27528	30113	476	131	148	0	30868
27529	417	264	123	29815	0	30619
27530	325	84	88	29973	0	30470
27531	161	78	81	30153	0	30473
27532	144	29813	106	518	0	30581
27533	29434	267	82	312	0	30095
27534	369	291	55	29022	0	29737
27535	280	28171	83	285	0	28819
27536	122	28284	95	223	0	28724
27537	126	429	79	27241	0	27875
27538	130	27945	89	255	0	28419
27539	118	306	69	27763	0	28256
27540	26938	201	96	309	0	27544
27541	258	101	26680	263	0	27302
27542	212	27341	230	114	0	27897
27543	165	246	175	27557	0	28143
27544	123	226	28166	243	0	28758
27545	26690	95	255	247	0	27287
27546	331	112	187	28379	0	29009
27547	28445	60	50	312	0	28867
27548	28283	70	63	269	0	28685
27549	402	30027	74	109	0	30612
27550	30539	248	39	119	0	30945
27551	30494	213	60	112	0	30879
27552	30705	83	54	131	0	30973
27553	458	71	53	30209	0	30791
27554	274	69	56	30111	0	30510
27555	138	81	46	30431	0	30696
27556	117	130	29754	437	0	30438
27557	104	29479	234	269	0	30086
27558	28640	192	156	120	0	29108
27559	192	28727	85	84	0	29088
27560	167	182	31	28448	0	28828
27561	63	199	28217	196	0	28675
27562	24818	54	190	230	0	25292
27563	183	28365	172	77	0	28797
27564	167	176	38	28224	0	28605
27565	82	136	27	28330	0	28575
27566	62	105	28051	289	0	28507
27567	54	28097	178	175	0	28504
27568	72	194	138	28106	0	28510
27569	64	155	42	28330	0	28591
27570	76	54	25	27871	0	28026
27571	26615	46	45	330	0	27036
27572	179	95	26990	188	0	27452
27573	162	26898	171	93	0	27324
27574	26563	154	133	99	0	26949
27575	171	27070	67	103	0	27411
27576	193	180	22	26305	0	26700
27577	53	27496	54	184	0	27787
27578	26750	189	20	176	0	27135
27579	27290	157	33	95	0	27575
27580	326	70	25	28113	0	28534
27581	229	52	21	28531	0	28833
27582	76	48	31	29984	0	30139
27583	70	86	30169	451	0	30776
27584	63	31280	290	276	0	31909
27585	72	345	228	35624	0	36269
27586	61	252	47	36551	0	36911
27587	80	79	34	37251	0	37444
27588	89	56	24	37242	0	37411
27589	74	99	36485	861	0	37519
27590	51	38201	482	513	0	39247
27591	78	510	376	39567	0	40531
27592	79	458	65	43041	0	43643
27593	76	176	42439	1064	0	43755
27594	84	108	565	40748	0	41505
27595	62	41303	544	677	0	42586
27596	63	42641	149	608	0	43461
27597	92	1008	64	41770	0	42934
27598	60	578	41065	729	0	42432
27599	36509	126	584	731	0	37950
27600	557	40523	558	295	0	41933
27601	476	628	39618	239	0	40961
27602	113	542	39871	220	0	40746
27603	58	39023	1078	194	0	40353
27604	116	647	39687	161	0	40611
27605	180	758	660	38096	0	39694
27606	38224	147	543	631	0	39545
27607	38716	91	186	534	0	39527
27608	39124	135	137	193	0	39589
27609	39932	136	121	171	0	40360
27610	996	40218	138	209	0	41561
27611	40440	575	129	211	0	41355
27612	672	41148	157	211	0	42188
27613	601	703	40424	193	0	41921
27614	230	563	637	38402	0	39832
27615	141	41107	569	654	0	42471
27616	163	682	184	39413	0	40442
27617	38795	618	129	757	0	40299
27618	650	193	174	37382	0	38399
27619	535	38974	169	772	0	40450
27620	39044	676	156	659	0	40535
27621	661	631	39117	269	0	40678
27622	631	231	658	38663	0	40183
27623	219	174	569	38812	0	39774
27624	37887	190	180	1162	0	39419
27625	681	37783	198	763	0	39425
27626	579	734	37372	299	0	38984
27627	271	614	669	37264	0	38818
27628	182	271	37776	813	0	39042
27629	186	36373	761	740	0	38060
27630	181	37487	608	413	0	38689
27631	37002	1104	262	315	0	38683
27632	696	728	36984	385	0	38793
27633	37204	302	750	379	0	38635
27634	745	250	699	35722	0	37416
27635	583	37195	380	803	0	38961
27636	36987	754	244	755	0	38740
27637	717	707	37513	423	0	39360
27638	717	317	740	36865	0	38639
27639	343	256	649	37172	0	38420
27640	322	298	287	36458	0	37365
27641	256	36794	304	1253	0	38607
27642	35575	784	287	816	0	37462
27643	733	35716	290	477	0	37216
27644	662	35807	318	370	0	37157
27645	361	1165	274	35522	0	37322
27646	35382	703	353	847	0	37285
27647	35324	341	300	763	0	36728
27648	35307	420	237	408	0	36372
27649	1180	33241	344	380	0	35145
27650	773	774	252	33147	0	34946
27651	409	756	33243	796	0	35204
27652	469	333	722	33054	0	34578
27653	413	322	662	31765	0	33162
27654	383	33007	313	1245	0	34948
27655	33092	830	256	851	0	35029
27656	889	749	269	31896	0	33803
27657	725	32995	346	820	0	34886
27658	32860	829	310	820	0	34819
27659	833	773	32562	502	0	34670
27660	31986	404	716	407	0	33513
27661	887	32872	693	410	0	34862
27662	33303	848	279	352	0	34782
27663	33110	786	236	385	0	34517
27664	1251	493	32797	349	0	34890
27665	33035	365	749	310	0	34459
27666	955	351	33966	367	0	35639
27667	856	398	33929	320	0	35503
27668	33192	350	1142	305	0	34989
27669	34048	317	752	312	0	35429
27670	1317	360	33958	343	0	35978
27671	868	319	837	33287	0	35311
27672	508	318	723	32621	0	34170
27673	446	34779	420	1146	0	36791
27674	34401	788	324	731	0	36244
27675	35299	729	240	420	0	36688
27676	1383	398	34864	339	0	36984
27677	34973	342	720	341	0	36376
27678	35198	343	617	298	0	36456
27679	1357	34771	338	300	0	36766
27680	836	760	300	33600	0	35496
27681	579	642	224	33021	0	34466
27682	458	300	226	32425	0	33409
27683	30546	246	222	951	0	31965
27684	690	29402	246	618	0	30956
27685	427	419	143	24334	0	25323
27686	257	24665	135	368	0	25425
27687	211	930	111	22594	0	23846
27688	195	23519	132	320	0	24166
27689	178	23802	135	311	0	24426
27690	21089	498	280	259	0	22126
27691	20656	255	221	220	0	21352
27692	219	84	31	18380	0	18714
27693	152	25	26	18469	0	18672
27694	66	23	34	18668	0	18791
27695	46	29	26	18677	0	18778
27696	48	29	25	18545	0	18647
27697	55	18398	31	221	0	18705
27698	60	114	26	18596	0	18796
27699	53	95	25	18773	0	18946
27700	18243	44	22	230	0	18539
27701	153	27	14	18640	0	18834
27702	130	33	15	18449	0	18627
27703	66	56	18414	213	0	18749
27704	41	46	116	18044	0	18247
27705	60	73	99	18682	0	18914
27706	53	48	19005	215	0	19321
27707	39	19354	136	160	0	19689
27708	49	140	19435	62	0	19686
27709	42	109	18983	36	0	19170
27710	31	18376	194	38	0	18639
27711	18472	90	173	35	0	18770
27712	18240	72	24	39	0	18375
27713	148	19	7	17932	0	18106
27714	18095	8	15	108	0	18226
27715	107	41	18600	94	0	18842
27716	81	10	89	18837	0	19017
27717	32	34	20530	113	0	20709
27718	28	8	102	20617	0	20755
27719	32	13	77	20782	0	20904
27720	23	18	18	21024	0	21083
27721	20895	7	16	204	0	21122
27722	106	8	13	21296	0	21423
27723	21221	15	11	143	0	21390
27724	21397	12	12	132	0	21553
27725	158	21544	22	54	0	21778
27726	21615	91	17	49	0	21772
27727	116	22269	31	42	0	22458
27728	98	117	14	21981	0	22210
27729	38	89	10	22434	0	22571
27730	34	35	6	22619	0	22694
27731	37	43	22222	233	0	22535
27732	29	22093	127	160	0	22409
27733	38	129	99	21010	0	21276
27734	51	113	26	20870	0	21060
27735	30	22159	45	199	0	22433
27736	22082	109	21	149	0	22361
27737	124	21782	35	71	0	22012
27738	21566	130	15	61	0	21772
27739	127	22038	33	70	0	22268
27740	126	123	12	21024	0	21285
27741	40	22277	28	136	0	22481
27742	22507	128	14	164	0	22813
27743	22775	97	13	89	0	22974
27744	22793	34	18	80	0	22925
27745	22703	22	14	100	0	22839
27746	231	62	22877	55	0	23225
27747	22806	23	120	86	0	23035
27748	23503	21	103	77	0	23704
27749	23507	21	27	65	0	23620
27750	231	55	23358	46	0	23690
27751	22963	28	110	76	0	23177
27752	149	23894	124	57	0	24224
27753	24025	113	30	85	0	24253
27754	144	145	25415	71	0	25775
27755	25202	40	124	107	0	25473
27756	25841	23	103	84	0	26051
27757	209	31	31	25775	0	26046
27758	147	57	25702	143	0	26049
27759	25463	28	122	185	0	25798
27760	150	20	95	26650	0	26915
27761	132	26	42	27428	0	27628
27762	66	66	27648	261	0	28041
27763	25411	30	137	194	0	25772
27764	27430	21	110	106	0	27667
27765	234	27708	51	80	0	28073
27766	142	143	42	27435	0	27762
27767	70	121	28	27412	0	27631
27768	73	44	34	27197	0	27348
27769	58	27651	61	256	0	28026
27770	27443	136	26	163	0	27768
27771	174	117	25	27377	0	27693
27772	151	44	26	27403	0	27624
27773	26713	22	29	266	0	27030
27774	26613	32	32	180	0	26857
27775	262	18	40	27034	0	27354
27776	163	39	33	26792	0	27027
27777	69	65	25924	270	0	26328
27778	23896	35	145	206	0	24282
27779	180	26446	132	83	0	26841
27780	169	144	28	27931	0	28272
27781	74	132	23	28577	0	28806
27782	74	30238	52	358	0	30722
27783	98	259	26	30976	0	31359
27784	32924	229	41	337	0	33531
27785	376	72	29	37481	0	37958
27786	365	32	14	38416	0	38827
27787	119	40	17	39280	0	39456
27788	73	94	38484	1009	0	39660
27789	93	39	481	38846	0	39459
27790	89	87	38618	659	0	39453
27791	74	37690	564	538	0	38866
27792	91	503	447	37550	0	38591
27793	83	414	95	38165	0	38757
27794	81	95	44	39222	0	39442
27795	73	41	47	39477	0	39638
27796	63	50	50	39927	0	40090
27797	38159	33	44	1061	0	39297
27798	509	77	38763	592	0	39941
27799	438	38283	505	226	0	39452
27800	130	39766	470	155	0	40521
27801	91	856	85	40429	0	41461
27802	87	479	47	41185	0	41798
27803	89	109	49	40981	0	41228
27804	60	40555	96	1003	0	41714
27805	90	506	33	40901	0	41530
27806	75	456	39819	661	0	41011
27807	37	39193	506	549	0	40285
27808	82	536	408	39257	0	40283
27809	38757	432	137	639	0	39965
27810	498	113	48	39161	0	39820
27811	425	85	45	38582	0	39137
27812	102	37708	78	930	0	38818
27813	87	39473	92	609	0	40261
27814	93	828	59	39307	0	40287
27815	84	479	45	39446	0	40054
27816	60	199	38934	1009	0	40202
27817	85	123	509	38065	0	38782
27818	65	77	418	38269	0	38829
27819	91	78	113	38119	0	38401
27820	69	84	69	38655	0	38877
27821	37507	80	67	1138	0	38792
27822	37895	68	72	731	0	38766
27823	911	60	59	38297	0	39327
27824	531	63	69	39186	0	39849
27825	38323	69	66	1208	0	39666
27826	546	79	81	39774	0	40480
27827	497	116	39414	920	0	40947
27828	138	39483	617	811	0	41049
27829	134	542	526	40037	0	41239
27830	108	486	162	40793	0	41549
27831	40469	163	110	1240	0	41982
27832	561	121	99	41421	0	42202
27833	505	132	87	41983	0	42707
27834	41651	108	71	1318	0	43148
27835	613	108	82	42249	0	43052
27836	531	42254	132	929	0	43846
27837	202	610	84	44192	0	45088
27838	151	555	101	45237	0	46044
27839	142	215	86	45348	0	45791
27840	126	155	94	45668	0	46043
27841	122	223	44001	1421	0	45767
27842	103	221	43521	958	0	44803
27843	110	144	1034	43826	0	45114
27844	119	149	584	43103	0	43955
27845	80	43755	212	1390	0	45437
27846	109	660	116	42415	0	43300
27847	95	43331	180	995	0	44601
27848	42101	724	129	902	0	43856
27849	587	44142	178	568	0	45475
27850	620	717	94	44702	0	46133
27851	217	605	80	45607	0	46509
27852	122	293	44527	1444	0	46386
27853	41568	170	605	1065	0	43408
27854	42697	156	567	551	0	43971
27855	1091	42746	245	523	0	44605
27856	698	632	129	41263	0	42722
27857	245	661	43754	924	0	45584
27858	135	44244	703	926	0	46008
27859	43664	656	595	527	0	45442
27860	43763	605	168	464	0	45000
27861	1167	236	42136	481	0	44020
27862	42319	136	617	426	0	43498
27863	833	133	528	42086	0	43580
27864	655	42497	222	908	0	44282
27865	42382	637	107	865	0	43991
27866	735	596	110	42350	0	43791
27867	42897	195	124	946	0	44162
27868	44144	161	118	913	0	45336
27869	1202	140	117	43659	0	45118
27870	704	228	44010	986	0	45928
27871	43838	125	606	987	0	45556
27872	45317	104	563	545	0	46529
27873	45617	109	161	482	0	46369
27874	1286	45833	195	454	0	47768
27875	789	660	105	45597	0	47151
27876	321	636	93	47412	0	48462
27877	234	298	46470	1473	0	48475
27878	247	200	641	45464	0	46552
27879	159	45408	685	1028	0	47280
27880	43481	622	192	868	0	45163
27881	651	43812	186	469	0	45118
27882	589	648	42166	341	0	43744
27883	171	42868	657	352	0	44048
27884	169	41486	595	294	0	42544
27885	509	616	390	35419	0	36934
27886	35607	323	140	367	0	36437
27887	35483	80	40	379	0	35982
27888	35147	58	47	151	0	35403
27889	556	35813	91	158	0	36618
27890	344	372	35292	116	0	36124
27891	34991	312	281	153	0	35737
27892	36046	65	305	129	0	36545
27893	586	35766	104	108	0	36564
27894	36376	290	51	144	0	36861
27895	371	320	63	36262	0	37016
27896	354	174	37915	357	0	38800
27897	37775	64	295	407	0	38541
27898	38362	75	313	162	0	38912
27899	39718	71	63	130	0	39982
27900	688	77	46	38868	0	39679
27901	422	75	49	40219	0	40765
27902	154	73	53	41801	0	42081
27903	116	41850	112	781	0	42859
27904	204	474	59	42519	0	43256
27905	161	401	55	46449	0	47066
27906	128	189	46533	954	0	47804
27907	154	98	501	46824	0	47577
27908	146	84	467	47617	0	48314
27909	119	86	110	47839	0	48154
27910	135	78	84	47414	0	47711
27911	151	47159	123	1063	0	48496
27912	157	551	67	47854	0	48629
27913	154	484	66	47386	0	48090
27914	46400	113	81	1062	0	47656
27915	628	165	46512	588	0	47893
27916	573	166	45434	210	0	46383
27917	44794	85	967	201	0	46047
27918	46516	79	535	182	0	47312
27919	1123	128	132	40430	0	41813
27920	611	45931	114	530	0	47186
27921	46114	533	87	471	0	47205
27922	681	481	71	44862	0	46095
27923	527	46376	160	610	0	47673
27924	45943	502	67	533	0	47045
27925	570	46644	84	176	0	47474
27926	45934	525	71	184	0	46714
27927	44705	473	46	172	0	45396
27928	915	43893	125	158	0	45091
27929	574	521	45	43638	0	44778
27930	210	543	43353	559	0	44665
27931	157	213	493	42815	0	43678
27932	42438	98	421	640	0	43597
27933	547	138	42148	554	0	43387
27934	462	41892	515	243	0	43112
27935	199	637	402	41182	0	42420
27936	124	497	40988	585	0	42194
27937	92	40279	532	497	0	41400
27938	39810	515	428	233	0	40986
27939	510	408	108	40171	0	41197
27940	444	102	83	40498	0	41127
27941	193	108	83	39611	0	39995
27942	105	40018	127	890	0	41140
27943	39921	453	79	539	0	40992
27944	500	40023	112	218	0	40853
27945	439	40716	104	182	0	41441
27946	40629	783	69	173	0	41654
27947	40705	450	59	173	0	41387
27948	832	205	39908	154	0	41099
27949	39160	100	442	164	0	39866
27950	38897	112	395	143	0	39547
27951	902	107	104	38228	0	39341
27952	549	153	38097	520	0	39319
27953	231	114	442	38228	0	39015
27954	38670	75	403	597	0	39745
27955	555	149	39859	491	0	41054
27956	525	84	499	42583	0	43691
27957	211	93	453	45610	0	46367
27958	205	98	116	48488	0	48907
27959	47619	69	85	1508	0	49281
27960	888	48310	171	815	0	50184
27961	48535	894	93	282	0	49804
27962	1018	693	48479	272	0	50462
27963	720	173	897	46657	0	48447
27964	191	48799	718	960	0	50668
27965	49136	920	152	713	0	50921
27966	1010	644	98	49120	0	50872
27967	702	289	48284	1045	0	50320
27968	249	131	867	47758	0	49005
27969	46325	135	613	1079	0	48152
27970	877	46350	222	821	0	48270
27971	709	1003	112	41754	0	43578
27972	183	46257	160	862	0	47462
27973	45235	904	89	651	0	46879
27974	44904	625	98	247	0	45874
27975	1375	44471	159	228	0	46233
27976	44169	854	87	200	0	45310
27977	1046	572	80	41756	0	43454
27978	644	43482	131	812	0	45069
27979	43410	880	99	580	0	44969
27980	43828	555	102	218	0	44703
27981	1375	42995	128	202	0	44700
27982	672	43210	128	172	0	44182
27983	42086	1254	91	168	0	43599
27984	969	643	72	41779	0	43463
27985	42488	173	82	882	0	43625
27986	961	155	54	42491	0	43661
27987	650	179	41855	920	0	43604
27988	281	135	786	42487	0	43689
27989	41544	130	485	973	0	43132
27990	947	160	42152	612	0	43871
27991	636	98	831	41948	0	43513
27992	255	104	518	43411	0	44288
27993	202	152	42572	1369	0	44295
27994	40611	103	833	668	0	42215
27995	931	103	527	42212	0	43773
27996	593	162	40277	923	0	41955
27997	37045	111	854	618	0	38628
27998	867	39879	559	247	0	41552
27999	549	39809	225	228	0	40811
28000	195	40470	192	235	0	41092
28001	221	1204	37857	213	0	39495
28002	227	819	761	36135	0	37942
28003	176	198	36778	836	0	37988
28004	179	829	696	32778	0	34482
28005	120	32439	460	699	0	33718
28006	138	32343	140	432	0	33053
28007	249	933	116	31518	0	32816
28008	31522	420	95	757	0	32794
28009	679	124	52	32193	0	33048
28010	441	140	77	31724	0	32382
28011	153	31653	108	937	0	32851
28012	31268	611	68	456	0	32403
28013	642	31861	134	191	0	32828
28014	440	656	63	31645	0	32804
28015	194	412	86	31489	0	32181
28016	138	31436	129	970	0	32673
28017	207	639	62	31775	0	32683
28018	31572	413	59	787	0	32831
28019	749	247	52	31842	0	32890
28020	529	214	77	31515	0	32335
28021	267	31405	155	938	0	32765
28022	292	644	109	31789	0	32834
28023	30310	460	92	729	0	31591
28024	31165	210	80	497	0	31952
28025	31560	196	79	282	0	32117
28026	1108	176	84	30905	0	32273
28027	569	186	30515	792	0	32062
28028	278	196	30631	573	0	31678
28029	298	192	879	30727	0	32096
28030	31060	195	384	765	0	32404
28031	783	195	112	31377	0	32467
28032	31867	202	103	816	0	32988
28033	877	171	87	32155	0	33290
28034	653	148	81	32586	0	33468
28035	32180	195	104	1025	0	33504
28036	808	220	31639	539	0	33206
28037	31652	175	605	274	0	32706
28038	833	217	31900	236	0	33186
28039	602	173	621	31262	0	32658
28040	31709	152	390	759	0	33010
28041	794	191	32486	468	0	33939
28042	533	230	32655	220	0	33638
28043	31347	174	928	255	0	32704
28044	795	178	32927	262	0	34162
28045	534	32156	746	304	0	33740
28046	234	666	455	33452	0	34807
28047	35350	389	230	897	0	36866
28048	746	192	36390	581	0	37909
28049	36423	115	739	333	0	37610
28050	37488	116	484	296	0	38384
28051	37739	120	214	290	0	38363
28052	37652	118	186	314	0	38270
28053	1081	279	168	36032	0	37560
28054	512	36410	194	770	0	37886
28055	34648	603	183	599	0	36033
28056	618	345	31795	217	0	32975
28057	211	27394	274	124	0	28003
28058	25608	198	239	83	0	26128
28059	195	24934	78	54	0	25261
28060	134	25620	44	57	0	25855
28061	545	261	236	24977	0	26019
28062	79	101	63	25645	0	25888
28063	54	24	28	25761	0	25867
28064	25920	11	28	281	0	26240
28065	26813	23	28	163	0	27027
28066	322	14	30	27775	0	28141
28067	196	23	33	29273	0	29525
28068	70	66	30013	417	0	30566
28069	28626	20	293	283	0	29222
28070	30688	21	217	87	0	31013
28071	520	21	50	30607	0	31198
28072	288	20	41	30791	0	31140
28073	89	72	30492	546	0	31199
28074	68	22	316	30521	0	30927
28075	80	48	31488	361	0	31977
28076	89	31157	375	306	0	31927
28077	67	327	31702	102	0	32198
28078	91	247	354	30706	0	31398
28079	66	103	32205	326	0	32700
28080	61	68	31199	285	0	31613
28081	31152	48	555	98	0	31853
28082	364	35	287	33457	0	34143
28083	306	73	33476	371	0	34226
28084	30718	36	409	322	0	31485
28085	384	67	33708	106	0	34265
28086	313	63	35532	109	0	36017
28087	104	36045	647	101	0	36897
28088	86	341	335	35746	0	36508
28089	99	303	35805	388	0	36595
28090	89	91	35323	314	0	35817
28091	112	39	617	34455	0	35223
28092	108	31	342	34611	0	35092
28093	89	35674	146	603	0	36512
28094	123	345	68	35907	0	36443
28095	36183	259	81	451	0	36974
28096	36179	70	88	372	0	36709
28097	36825	36	88	184	0	37133
28098	675	35	101	35796	0	36607
28099	340	36421	118	442	0	37321
28100	36251	356	112	341	0	37060
28101	397	36763	123	147	0	37430
28102	331	36230	126	135	0	36822
28103	118	36511	133	141	0	36903
28104	36490	578	152	128	0	37348
28105	403	302	112	36393	0	37210
28106	337	92	113	36292	0	36834
28107	108	36612	164	640	0	37524
28108	35766	375	140	378	0	36659
28109	409	334	35888	129	0	36760
28110	319	103	432	35995	0	36849
28111	35944	62	368	448	0	36822
28112	375	36914	193	393	0	37875
28113	38298	350	146	213	0	39007
28114	457	282	120	38221	0	39080
28115	341	39318	174	432	0	40265
28116	168	431	38666	375	0	39640
28117	38100	285	427	190	0	39002
28118	436	112	344	39892	0	40784
28119	40414	78	140	462	0	41094
28120	489	101	115	39993	0	40698
28121	351	40080	149	476	0	41056
28122	165	432	40682	380	0	41659
28123	123	363	40875	181	0	41542
28124	149	276	623	40707	0	41755
28125	41436	96	396	440	0	42368
28126	41617	94	117	362	0	42190
28127	644	80	103	41218	0	42045
28128	402	72	107	41620	0	42201
28129	42105	74	108	645	0	42932
28130	427	91	104	42501	0	43123
28131	42502	99	100	499	0	43200
28132	440	41985	135	404	0	42964
28133	41489	384	111	212	0	42196
28134	479	357	42500	162	0	43498
28135	397	123	401	42201	0	43122
28136	231	95	338	43188	0	43852
28137	170	109	134	43199	0	43612
28138	172	42212	151	728	0	43263
28139	144	40640	152	482	0	41418
28140	179	600	115	42227	0	43121
28141	136	380	41506	516	0	42538
28142	151	149	405	41371	0	42076
28143	130	95	346	41937	0	42508
28144	140	40991	181	1096	0	42408
28145	40484	377	129	405	0	41395
28146	384	40324	176	194	0	41078
28147	337	39828	168	176	0	40509
28148	186	582	132	38939	0	39839
28149	201	324	138	39275	0	39938
28150	193	125	94	39376	0	39788
28151	178	107	96	39609	0	39990
28152	38409	89	100	698	0	39296
28153	377	38883	168	455	0	39883
28154	39133	351	111	233	0	39828
28155	39964	308	126	229	0	40627
28156	638	130	88	39553	0	40409
28157	390	107	79	40111	0	40687
28158	39604	83	71	672	0	40430
28159	39880	95	93	470	0	40538
28160	629	104	63	39404	0	40200
28161	414	119	47	39430	0	40010
28162	207	148	39044	660	0	40059
28163	181	38452	328	418	0	39379
28164	154	39767	261	206	0	40388
28165	37985	421	102	174	0	38682
28166	308	277	38628	145	0	39358
28167	204	130	36122	141	0	36597
28168	33098	92	353	115	0	33658
28169	35407	44	180	96	0	35727
28170	268	38074	74	68	0	38484
28171	145	39590	54	69	0	39858
28172	95	249	26	40010	0	40380
28173	41621	130	24	287	0	42062
28174	42028	42	16	203	0	42289
28175	42298	38	21	151	0	42508
28176	292	59	13	42065	0	42429
28177	164	31	20	42539	0	42754
28178	85	97	42165	296	0	42643
28179	68	88	40001	198	0	40355
28180	73	72	42333	112	0	42590
28181	93	529	229	41550	0	42401
28182	40917	30	118	177	0	41242
28183	150	79	42784	139	0	43152
28184	133	30	124	42409	0	42696
28185	44	43675	144	162	0	44025
28186	59	112	33	43327	0	43531
28187	53	115	20	43989	0	44177
28188	43	107	45319	318	0	45787
28189	60	30	204	45112	0	45406
28190	46682	33	172	286	0	47173
28191	293	101	49073	210	0	49677
28192	241	33	287	49093	0	49654
28193	85	78	50680	344	0	51187
28194	57	51108	378	294	0	51837
28195	96	365	51444	109	0	52014
28196	76	278	399	49041	0	49794
28197	66	55	259	52050	0	52430
28198	65	105	53554	595	0	54319
28199	77	35	365	52317	0	52794
28200	73	48	284	52212	0	52617
28201	45	52529	121	635	0	53330
28202	70	430	53063	387	0	53950
28203	72	266	404	52811	0	53553
28204	78	82	296	53262	0	53718
28205	39	54114	144	673	0	54970
28206	67	419	61	54598	0	55145
28207	54876	285	65	494	0	55720
28208	409	92	51	55186	0	55738
28209	311	125	55625	498	0	56559
28210	53596	46	439	459	0	54540
28211	58080	40	336	222	0	58678
28212	781	121	59092	116	0	60110
28213	56405	56	509	217	0	57187
28214	542	60212	475	158	0	61387
28215	448	493	131	61225	0	62297
28216	167	425	109	66256	0	66957
28217	127	111	96	66908	0	67242
28218	121	58	89	67887	0	68155
28219	129	68	94	67840	0	68131
28220	66432	50	110	1338	0	67930
28221	703	148	66191	733	0	67775
28222	62780	66	724	321	0	63891
28223	775	147	65618	239	0	66779
28224	621	42	792	64672	0	66127
28225	65209	60	593	870	0	66732
28226	764	78	174	64535	0	65551
28227	610	65769	211	837	0	67427
28228	67723	661	147	731	0	69262
28229	776	557	152	69798	0	71283
28230	649	223	67681	837	0	69390
28231	63939	76	709	794	0	65518
28232	766	71591	657	340	0	73354
28233	717	769	73601	264	0	75351
28234	281	640	803	72180	0	73904
28235	238	171	683	71127	0	72219
28236	165	72461	248	1408	0	74282
28237	188	799	72682	879	0	74548
28238	175	633	783	72460	0	74051
28239	155	227	75314	989	0	76685
28240	212	127	831	74304	0	75474
28241	156	111	724	75141	0	76132
28242	204	204	74942	1535	0	76885
28243	220	96	914	74804	0	76034
28244	324	266	933	64337	0	65860
28245	249	88	312	79131	0	79780
28246	230	80	220	79728	0	80258
28247	76528	104	235	1812	0	78679
28248	964	206	76752	1086	0	79008
28249	77914	132	952	554	0	79552
28250	1112	126	865	81555	0	83658
28251	939	133	306	83055	0	84433
28252	344	129	248	82232	0	82953
28253	262	81834	338	2073	0	84507
28254	82608	1040	252	1237	0	85137
28255	1042	846	268	85125	0	87281
28256	877	86120	355	1286	0	88638
28257	311	933	238	86989	0	88471
28258	87065	836	284	1478	0	89663
28259	87253	232	283	1270	0	89038
28260	87512	189	288	646	0	88635
28261	1701	87159	414	643	0	89917
28262	988	1046	87521	639	0	90194
28263	85870	838	1030	628	0	88366
28264	89016	237	923	596	0	90772
28265	1727	89660	454	605	0	92446
28266	89666	960	250	662	0	91538
28267	88854	866	269	617	0	90606
28268	90505	232	215	606	0	91558
28269	1916	92208	354	617	0	95095
28270	1189	956	262	91739	0	94146
28271	93313	862	247	1418	0	95840
28272	95195	245	203	1241	0	96884
28273	94137	215	197	699	0	95248
28274	94874	199	206	613	0	95892
28275	2130	228	182	92796	0	95336
28276	1235	345	92649	1431	0	95660
28277	661	204	1086	91450	0	93401
28278	484	93564	1001	1523	0	96572
28279	562	1113	253	96248	0	98176
28280	506	1006	96608	1508	0	99628
28281	94056	282	1158	1284	0	96780
28282	1584	189	992	97893	0	100658
28283	97423	228	304	1495	0	99450
28284	97773	246	297	1342	0	99658
28285	2311	221	236	99095	0	101863
28286	1461	299	99441	1465	0	102666
28287	761	360	94055	1181	0	96357
28288	88745	243	1849	603	0	91440
28289	1400	95522	1076	496	0	98494
28290	1132	94549	363	445	0	96489
28291	566	95063	324	414	0	96367
28292	518	97665	326	426	0	98935
28293	94377	1782	544	473	0	97176
28294	94681	872	261	408	0	96222
28295	94862	248	174	410	0	95694
28296	95222	256	160	392	0	96030
28297	1898	281	168	91562	0	93909
28298	1096	91769	310	1162	0	94337
28299	91193	939	197	973	0	93302
28300	1238	907	92651	404	0	95200
28301	1103	92046	1035	458	0	94642
28302	579	1061	92553	384	0	94577
28303	89274	780	1000	440	0	91494
28304	92959	241	795	405	0	94400
28305	93162	251	263	405	0	94081
28306	1934	251	202	92382	0	94769
28307	1152	313	92952	1058	0	95475
28308	561	92711	1013	974	0	95259
28309	89588	887	784	414	0	91673
28310	1159	91277	316	436	0	93188
28311	969	89037	219	357	0	90582
28312	502	88720	238	368	0	89828
28313	461	88347	263	410	0	89481
28314	514	1386	83255	261	0	85416
28315	469	85615	902	314	0	87300
28316	79866	714	646	294	0	81520
28317	819	576	147	80090	0	81632
28318	691	232	129	81124	0	82176
28319	79956	183	151	1073	0	81363
28320	784	80085	240	656	0	81765
28321	745	768	81224	284	0	83021
28322	437	562	587	80527	0	82113
28323	423	196	509	82829	0	83957
28324	435	176	151	84014	0	84776
28325	348	330	82621	1063	0	84362
28326	328	370	82539	590	0	83827
28327	397	216	985	82092	0	83690
28328	369	289	82272	635	0	83565
28329	331	355	78052	488	0	79226
28330	63624	255	1018	356	0	65253
28331	717	78697	578	250	0	80242
28332	594	76662	238	205	0	77699
28333	398	79141	242	211	0	79992
28334	437	1081	163	74713	0	76394
28335	322	80480	267	512	0	81581
28336	80773	638	177	529	0	82117
28337	778	604	82246	220	0	83848
28338	82025	229	683	264	0	83201
28339	848	225	562	84648	0	86283
28340	717	212	220	85385	0	86534
28341	289	89321	275	1175	0	91060
28342	89121	824	198	745	0	90888
28343	89118	694	281	286	0	90379
28344	1542	95193	244	312	0	97291
28345	853	1173	139	92511	0	94676
28346	334	914	94336	998	0	96582
28347	314	341	95196	829	0	96680
28348	245	96766	1759	342	0	99112
28349	96094	1277	986	445	0	98802
28350	1238	932	97852	125	0	100147
28351	1057	254	1121	95289	0	97721
28352	98100	189	929	1146	0	100364
28353	99419	203	249	966	0	100837
28354	2010	119067	342	261	0	121680
28355	1091	124085	339	252	0	125767
28356	123881	2943	193	232	0	127249
28357	2072	1581	124365	208	0	128226
28358	123664	412	1910	238	0	126224
28359	125619	284	1367	212	0	127482
28360	3336	303	319	124551	0	128509
28361	1663	403	127559	1993	0	131618
28362	542	362	126553	1356	0	128813
28363	119192	220	3383	410	0	123205
28364	2305	422	127668	262	0	130657
28365	119558	257	2323	252	0	122390
28366	124160	182	1559	249	0	126150
28367	3323	124215	598	388	0	128524
28368	1845	2131	124904	213	0	129093
28369	578	123389	2322	268	0	126557
28370	119820	2209	1624	304	0	123957
28371	2288	1674	119768	178	0	123908
28372	1828	577	2150	112241	0	116796
28373	698	452	119608	1893	0	122651
28374	633	455	119708	1304	0	122100
28375	739	381	120409	294	0	121823
28376	653	404	120240	301	0	121598
28377	588	116040	3735	393	0	120756
28378	724	2186	116397	288	0	119595
28379	594	114353	2503	382	0	117832
28380	661	2251	112663	351	0	115926
28381	109322	1442	2573	304	0	113641
28382	2547	441	1830	100120	0	104938
28383	1776	112735	960	1634	0	117105
28384	111645	2084	749	1284	0	115762
28385	112163	1576	812	443	0	114994
28386	108281	642	768	337	0	110028
28387	110940	495	929	273	0	112637
28388	3639	109907	884	422	0	114852
28389	108503	2148	767	374	0	111792
28390	109609	1668	889	346	0	112512
28391	3599	106728	956	484	0	111767
28392	2050	2441	104404	286	0	109181
28393	1081	1793	2536	98293	0	103703
28394	899	106338	2301	1837	0	111375
28395	933	2342	107195	1368	0	111838
28396	974	1858	108681	449	0	111962
28397	897	105751	4065	431	0	111144
28398	927	107512	2432	356	0	111227
28399	901	111459	1475	398	0	114233
28400	982	111034	1119	335	0	113470
28401	108512	3855	1089	388	0	113844
28402	110516	2318	979	395	0	114208
28403	4209	1073	110925	405	0	116612
28404	2544	1045	113528	345	0	117462
28405	1534	802	4146	107812	0	114294
28406	1463	849	2417	112010	0	116739
28407	1460	955	1110	113424	0	116949
28408	110646	875	1146	3529	0	116196
28409	3032	111681	1280	1926	0	117919
28410	2562	114721	1300	656	0	119239
28411	1543	117120	1436	591	0	120690
28412	113900	4265	1133	495	0	119793
28413	116380	2555	1232	491	0	120658
28414	4660	1272	1182	113547	0	120661
28415	117321	1074	1407	2374	0	122176
28416	118026	1205	1246	1811	0	122288
28417	4851	1261	1193	115577	0	122882
28418	117003	1324	1258	2622	0	122207
28419	3653	115388	1589	1930	0	122560
28420	3077	3091	1609	114817	0	122594
28421	1893	2566	114001	2391	0	120851
28422	1734	113500	3804	1968	0	121006
28423	1870	3328	115712	932	0	121842
28424	2008	2516	3680	103229	0	111433
28425	1663	114956	3310	2465	0	122394
28426	1857	3103	2004	113672	0	120636
28427	1885	2582	1881	115444	0	121792
28428	1794	1483	114236	4088	0	121601
28429	1716	1358	120320	2227	0	125621
28430	1682	1292	5001	116339	0	124314
28431	1841	1344	3223	108096	0	114504
28432	1614	118365	2166	3896	0	126041
28433	111195	3380	1697	2269	0	118541
28434	3742	116006	1819	1055	0	122622
28435	3035	116653	1600	989	0	122277
28436	1645	4733	111158	1099	0	118635
28437	1347	112872	3528	1075	0	118822
28438	1618	3373	3072	99656	0	107719
28439	1392	110558	1983	2664	0	116597
28440	1431	3224	1537	102212	0	108404
28441	1067	107086	1689	2670	0	112512
28442	103892	3424	1449	1982	0	110747
28443	3115	106476	1539	1021	0	112151
28444	2243	3323	1185	89911	0	96662
28445	1324	99320	1232	2196	0	104072
28446	96630	3016	1162	1728	0	102536
28447	96774	2463	797	962	0	100996
28448	3931	95893	976	796	0	101596
28449	92938	2683	714	719	0	97054
28450	3171	3201	744	87593	0	94709
28451	2131	1357	89475	2255	0	95218
28452	1609	1234	90224	1598	0	94665
28453	1336	89224	3266	924	0	94750
28454	65473	1243	1499	446	0	68661
28455	64434	808	423	394	0	66059
28456	1550	477	63519	353	0	65899
28457	805	415	62484	348	0	64052
28458	58660	379	1363	363	0	60765
28459	62235	375	712	361	0	63683
28460	1339	444	60952	311	0	63046
28461	55470	343	900	333	0	57046
28462	912	58104	693	289	0	59998
28463	591	60020	324	307	0	61242
28464	421	1379	386	58054	0	60240
28465	311	790	270	59273	0	60644
28466	58774	433	249	1282	0	60738
28467	58978	339	294	761	0	60372
28468	59218	344	275	417	0	60254
28469	1262	409	238	58181	0	60090
28470	767	398	215	57769	0	59149
28471	388	56167	246	1258	0	58059
28472	342	57621	283	767	0	59013
28473	319	59412	301	368	0	60400
28474	426	1473	234	53708	0	55841
28475	358	57316	270	875	0	58819
28476	413	1094	54558	590	0	56655
28477	48763	809	814	438	0	50824
28478	946	604	56123	327	0	58000
28479	691	547	55808	284	0	57330
28480	51457	486	1188	305	0	53436
28481	928	55730	647	339	0	57644
28482	56146	1022	278	356	0	57802
28483	56099	776	236	326	0	57437
28484	1400	473	55198	301	0	57372
28485	867	434	56455	285	0	58041
28486	556	56591	1222	315	0	58684
28487	503	1057	57414	313	0	59287
28488	516	797	928	56597	0	58838
28489	553	512	709	49627	0	51401
28490	418	57601	432	1186	0	59637
28491	420	59228	406	665	0	60719
28492	58036	1466	273	400	0	60175
28493	59732	860	303	371	0	61266
28494	1453	485	370	58903	0	61211
28495	903	403	378	60246	0	61930
28496	58349	386	381	1277	0	60393
28497	59007	418	389	707	0	60521
28498	1410	59822	395	429	0	62056
28499	57120	918	292	274	0	58604
28500	1097	55653	324	221	0	57295
28501	787	57017	302	233	0	58339
28502	56513	1191	248	266	0	58218
28503	56099	740	317	272	0	57428
28504	1358	408	250	54997	0	57013
28505	55016	355	204	774	0	56349
28506	1062	389	54806	540	0	56797
28507	797	55187	724	363	0	57071
28508	53945	798	506	384	0	55633
28509	959	581	54916	323	0	56779
28510	687	608	691	49719	0	51705
28511	460	52133	483	559	0	53635
28512	438	53145	296	435	0	54314
28513	52515	889	302	253	0	53959
28514	814	564	51913	191	0	53482
28515	48889	239	595	147	0	49870
28516	812	201	410	50020	0	51443
28517	544	229	50021	523	0	51317
28518	46768	189	643	408	0	48008
28519	707	51645	436	182	0	52970
28520	484	53373	264	164	0	54285
28521	53569	785	288	204	0	54846
28522	53479	416	152	244	0	54291
28523	54404	209	137	240	0	54990
28524	959	212	128	52991	0	54290
28525	606	211	167	53681	0	54665
28526	392	171	53217	682	0	54462
28527	315	190	52401	385	0	53291
28528	276	52914	682	258	0	54130
28529	262	577	321	48748	0	49908
28530	48314	229	107	357	0	49007
28531	365	48618	94	251	0	49328
28532	260	412	63	48615	0	49350
28533	48241	209	73	395	0	48918
28534	384	48565	95	226	0	49270
28535	282	50380	88	122	0	50872
28536	213	466	48156	113	0	48948
28537	46025	235	350	144	0	46754
28538	49234	120	171	134	0	49659
28539	439	161	48360	80	0	49040
28540	43994	97	252	88	0	44431
28541	325	112	48111	69	0	48617
28542	177	47548	250	75	0	48050
28543	218	306	216	46637	0	47377
28544	45847	130	72	237	0	46286
28545	241	46262	98	132	0	46733
28546	150	46185	93	80	0	46508
28547	43914	234	62	100	0	44310
28548	213	164	46479	57	0	46913
28549	43718	67	185	116	0	44086
28550	193	48455	131	68	0	48847
28551	160	229	46367	52	0	46808
28552	45130	99	143	73	0	45445
28553	47608	42	76	48	0	47774
28554	225	41	42	46614	0	46922
28555	127	39	36	47754	0	47956
28556	68	47471	63	242	0	47844
28557	81	217	46772	114	0	47184
28558	74	107	168	47330	0	47679
28559	74	118	50168	240	0	50600
28560	67	107	50509	157	0	50840
28561	88	52	323	51950	0	52413
28562	70	83	54123	303	0	54579
28563	85	108	53570	189	0	53952
28564	77	53	441	50438	0	51009
28565	64	93	53934	306	0	54397
28566	45664	61	373	261	0	46359
28567	314	52752	246	117	0	53429
28568	217	362	53671	74	0	54324
28569	111	263	57201	64	0	57639
28570	91	81	496	53396	0	54064
28571	58671	41	221	350	0	59283
28572	59038	35	95	213	0	59381
28573	58824	43	59	126	0	59052
28574	59153	43	62	95	0	59353
28575	511	42	70	57572	0	58195
28576	255	123	59136	337	0	59851
28577	57542	56	331	257	0	58186
28578	60197	35	208	123	0	60563
28579	60492	32	89	128	0	60741
28580	506	107	58959	54	0	59626
28581	53917	43	380	112	0	54452
28582	368	60	248	61215	0	61891
28583	232	63051	179	360	0	63822
28584	159	452	104	60492	0	61207
28585	81	62750	133	380	0	63344
28586	61556	404	137	294	0	62391
28587	450	306	62952	123	0	63831
28588	303	80	484	59788	0	60655
28589	95	62513	395	385	0	63388
28590	84	63789	177	313	0	64363
28591	63285	623	172	134	0	64214
28592	63185	302	121	109	0	63717
28593	688	163	61015	106	0	61972
28594	61019	51	509	96	0	61675
28595	545	44	358	61861	0	62808
28596	396	121	63399	488	0	64404
28597	223	136	62967	329	0	63655
28598	215	61	729	63696	0	64701
28599	68358	34	372	611	0	69375
28600	674	42	133	68412	0	69261
28601	520	32	119	68756	0	69427
28602	235	45	118	67909	0	68307
28603	202	68982	178	965	0	70327
28604	215	547	109	69744	0	70615
28605	67008	381	135	732	0	68256
28606	636	68811	203	542	0	70192
28607	541	614	94	69415	0	70664
28608	68394	449	95	724	0	69662
28609	656	68575	162	548	0	69941
28610	517	69607	183	204	0	70511
28611	239	1059	109	68694	0	70101
28612	66925	546	121	737	0	68329
28613	734	234	68428	525	0	69921
28614	562	213	67779	176	0	68730
28615	66851	122	1133	196	0	68302
28616	70720	117	598	168	0	71603
28617	1271	72376	269	150	0	74066
28618	708	762	188	69828	0	71486
28619	275	612	71351	789	0	73027
28620	246	210	70097	613	0	71166
28621	222	180	75222	296	0	75920
28622	194	74206	1514	243	0	76157
28623	182	74804	821	249	0	76056
28624	74317	1296	240	300	0	76153
28625	954	756	74886	233	0	76829
28626	72872	202	881	276	0	74231
28627	74776	141	678	297	0	75892
28628	1521	207	76172	277	0	78177
28629	784	78217	960	297	0	80258
28630	407	983	666	76279	0	78335
28631	292	813	79610	988	0	81703
28632	291	360	77288	736	0	78675
28633	70287	243	1512	417	0	72459
28634	1002	78838	851	250	0	80941
28635	850	975	253	76005	0	78083
28636	346	809	191	73433	0	74779
28637	272	77102	265	1479	0	79118
28638	306	78927	296	781	0	80310
28639	273	80210	354	317	0	81154
28640	315	1658	247	80648	0	82868
28641	82488	843	202	1138	0	84671
28642	1246	281	244	83955	0	85726
28643	927	345	83691	1274	0	86237
28644	344	301	83779	939	0	85363
28645	333	260	1886	84106	0	86585
28646	321	313	85814	1216	0	87664
28647	308	85478	1374	1064	0	88224
28648	331	1208	970	87737	0	90246
28649	91620	927	363	1382	0	94292
28650	90490	309	323	1068	0	92190
28651	2251	92379	391	452	0	95473
28652	94573	1459	290	388	0	96710
28653	95281	1076	268	402	0	97027
28654	95920	314	309	429	0	96972
28655	2558	445	87203	324	0	90530
28656	89441	286	1358	414	0	91499
28657	1613	91387	1158	478	0	94636
28658	1202	1498	91425	290	0	94415
28659	507	1113	91383	328	0	93331
28660	376	90525	2359	367	0	93627
28661	88662	1509	1369	351	0	91891
28662	1639	1112	395	84147	0	87293
28663	1105	86661	376	1343	0	89485
28664	87717	1402	307	1060	0	90486
28665	1503	1076	296	87895	0	90770
28666	88980	375	315	1541	0	91211
28667	1630	305	299	89898	0	92132
28668	1229	414	88535	1562	0	91740
28669	448	421	86624	1198	0	88691
28670	466	391	88059	433	0	89349
28671	461	367	2386	83101	0	86315
28672	474	367	1248	87685	0	89774
28673	503	422	87034	2320	0	90279
28674	460	86625	1664	1359	0	90108
28675	87806	1536	1231	454	0	91027
28676	87516	1177	492	360	0	89545
28677	2496	88859	572	384	0	92311
28678	1558	1750	424	88149	0	91881
28679	661	1257	91461	1625	0	95004
28680	87724	456	1782	1231	0	91193
28681	1881	472	92561	458	0	95372
28682	1420	417	88149	301	0	90287
28683	654	431	89447	286	0	90818
28684	83631	344	2714	338	0	87027
28685	1833	468	87931	365	0	90597
28686	1398	84757	1854	325	0	88334
28687	664	87524	1469	375	0	90032
28688	740	2311	658	83423	0	87132
28689	601	1236	557	85359	0	87753
28690	601	526	85150	2244	0	88521
28691	80651	404	1720	1304	0	84079
28692	86180	416	1318	478	0	88392
28693	2572	364	661	85185	0	88782
28694	85357	327	611	1598	0	87893
28695	1825	84964	675	1237	0	88701
28696	84158	1553	503	536	0	86750
28697	1778	83065	580	591	0	86014
28698	1250	82547	562	529	0	84888
28699	80052	2103	517	484	0	83156
28700	80286	1129	521	421	0	82357
28701	81911	445	503	401	0	83260
28702	82495	337	583	382	0	83797
28703	2471	435	78035	369	0	81310
28704	76322	346	1646	380	0	78694
28705	1765	363	1255	74881	0	78264
28706	1238	77238	688	1377	0	80541
28707	76755	1373	522	1027	0	79677
28708	1581	77464	617	444	0	80106
28709	77369	1464	490	376	0	79699
28710	1790	1010	449	76517	0	79766
28711	1324	501	442	77802	0	80069
28712	711	474	76643	2081	0	79909
28713	738	448	77097	1112	0	79395
28714	695	76871	2180	558	0	80304
28715	73766	1303	1194	478	0	76741
28716	1596	74316	616	422	0	76950
28717	1248	73058	577	416	0	75299
28718	817	75577	483	361	0	77238
28719	866	2019	71788	336	0	75009
28720	690	73759	1391	350	0	76190
28721	68001	1463	1067	306	0	70837
28722	68288	1001	413	312	0	70014
28723	2143	467	381	64965	0	67956
28724	1224	66052	453	1146	0	68875
28725	735	67431	496	905	0	69567
28726	784	1801	349	66189	0	69123
28727	746	1035	66690	1212	0	69683
28728	724	64981	1284	883	0	67872
28729	782	1456	850	62726	0	65814
28730	61943	968	368	1203	0	64482
28731	62172	499	326	910	0	63907
28732	1790	63035	439	441	0	65705
28733	63420	1309	390	368	0	65487
28734	63504	923	388	336	0	65151
28735	2013	519	381	61173	0	64086
28736	1228	488	60660	1146	0	63522
28737	650	61579	1267	901	0	64397
28738	669	1630	897	60296	0	63492
28739	596	1033	60397	1054	0	63080
28740	547	58841	1085	748	0	61221
28741	56113	1172	827	371	0	58483
28742	56722	849	371	291	0	58233
28743	1583	498	292	54674	0	57047
28744	951	55913	376	940	0	58180
28745	591	1118	55240	719	0	57668
28746	538	1057	987	54228	0	56810
28747	548	548	55676	940	0	57712
28748	403	51200	855	633	0	53091
28749	808	866	649	46030	0	48353
28750	45855	512	286	630	0	47283
28751	693	45583	204	502	0	46982
28752	44625	668	177	263	0	45733
28753	43703	531	163	244	0	44641
28754	1009	44729	196	233	0	46167
28755	655	666	168	44324	0	45813
28756	430	594	141	43907	0	45072
28757	340	43309	228	774	0	44651
28758	307	44738	215	457	0	45717
28759	356	890	167	41328	0	42741
28760	291	43600	208	491	0	44590
28761	43318	631	163	364	0	44476
28762	43099	455	149	217	0	43920
28763	856	353	42783	177	0	44169
28764	486	319	41915	234	0	42954
28765	40292	271	656	257	0	41476
28766	42902	257	375	229	0	43763
28767	712	44286	245	230	0	45473
28768	44074	616	215	211	0	45116
28769	43694	496	123	202	0	44515
28770	819	42991	151	239	0	44200
28771	43843	639	107	211	0	44800
28772	688	495	124	50161	0	51468
28773	531	365	132	51919	0	52947
28774	306	260	54040	1173	0	55779
28775	247	52634	822	545	0	54248
28776	222	54419	461	284	0	55386
28777	51750	1564	414	470	0	54198
28778	51832	533	139	216	0	52720
28779	50896	155	111	210	0	51372
28780	52468	138	120	151	0	52877
28781	1096	197	50409	110	0	51812
28782	488	208	51495	128	0	52319
28783	196	52107	1027	119	0	53449
28784	230	798	446	51507	0	52981
28785	272	495	124	49650	0	50541
28786	236	52820	129	905	0	54090
28787	274	769	113	51538	0	52694
28788	51028	445	122	727	0	52322
28789	832	51750	139	443	0	53164
28790	545	800	52489	195	0	54029
28791	204	53754	747	205	0	54910
28792	52874	835	449	196	0	54354
28793	791	548	53030	183	0	54552
28794	51319	230	765	210	0	52524
28795	53372	205	430	173	0	54180
28796	1158	232	52953	126	0	54469
28797	566	228	52866	123	0	53783
28798	301	221	52471	111	0	53104
28799	46510	182	1127	112	0	47931
28800	878	172	52491	133	0	53674
28801	569	51585	816	133	0	53103
28802	51229	689	517	97	0	52532
28803	810	453	51565	87	0	52915
28804	48433	152	847	108	0	49540
28805	866	215	51438	96	0	52615
28806	585	179	52850	95	0	53709
28807	329	53112	1146	156	0	54743
28808	256	813	53480	104	0	54653
28809	368	496	52816	136	0	53816
28810	290	47744	1223	157	0	49414
28811	50380	777	639	121	0	51917
28812	843	517	51778	90	0	53228
28813	603	261	869	45433	0	47166
28814	283	51925	618	612	0	53438
28815	51213	757	370	479	0	52819
28816	51661	505	334	263	0	52763
28817	1161	303	52015	172	0	53651
28818	628	50577	941	139	0	52285
28819	334	52164	731	164	0	53393
28820	406	1205	356	48864	0	50831
28821	434	49535	323	669	0	50961
28822	542	981	312	45444	0	47279
28823	517	593	325	51267	0	52702
28824	410	51975	429	1035	0	53849
28825	422	957	398	50625	0	52402
28826	426	51638	398	832	0	53294
28827	428	1065	49633	589	0	51715
28828	394	761	972	49836	0	51963
28829	449	503	656	49673	0	51281
28830	398	50198	441	1186	0	52223
28831	451	51991	438	624	0	53504
28832	445	1390	369	48077	0	50281
28833	392	50985	488	817	0	52682
28834	49233	1104	436	646	0	51419
28835	1002	749	454	49702	0	51907
28836	676	50762	496	884	0	52818
28837	49329	1042	395	592	0	51358
28838	1002	49510	498	302	0	51312
28839	729	1116	48254	286	0	50385
28840	528	773	1083	47911	0	50295
28841	47873	479	857	844	0	50053
28842	1125	452	49775	577	0	51929
28843	829	500	1140	46343	0	48812
28844	549	48851	847	751	0	50998
28845	564	1018	47997	516	0	50095
28846	455	49671	1240	261	0	51627
28847	46270	919	922	247	0	48358
28848	47846	726	706	199	0	49477
28849	1340	48033	721	241	0	50335
28850	47595	1059	670	216	0	49540
28851	1069	784	47747	218	0	49818
28852	728	488	1256	45508	0	47980
28853	539	508	881	45020	0	46948
28854	572	46930	634	1474	0	49610
28855	50058	1026	657	597	0	52338
28856	51975	807	501	302	0	53585
28857	1282	588	51981	233	0	54084
28858	51114	441	1130	278	0	52963
28859	52948	481	779	263	0	54471
28860	53362	441	567	289	0	54659
28861	1419	504	468	51271	0	53662
28862	785	545	436	51482	0	53248
28863	475	52148	460	1142	0	54225
28864	50768	1082	407	615	0	52872
28865	50920	710	340	453	0	52423
28866	1310	50892	383	360	0	52945
28867	687	1210	303	48038	0	50238
28868	423	49121	266	865	0	50675
28869	351	51205	318	569	0	52443
28870	48542	1236	421	448	0	50647
28871	929	784	48321	433	0	50467
28872	365	264	40886	169	0	41684
28873	189	40678	523	181	0	41571
28874	36307	321	433	124	0	37185
28875	312	247	37033	93	0	37685
28876	203	34621	278	114	0	35216
28877	33974	188	169	57	0	34388
28878	192	172	33763	44	0	34171
28879	152	93	160	32606	0	33011
28880	34960	50	142	204	0	35356
28881	222	71	35473	159	0	35925
28882	179	81	37371	67	0	37698
28883	75	75	38927	47	0	39124
28884	49	93	38927	37	0	39106
28885	34715	54	403	60	0	35232
28886	40362	38	186	54	0	40640
28887	351	41003	75	53	0	41482
28888	199	240	48	41678	0	42165
28889	58	190	40	43268	0	43556
28890	48	43042	54	456	0	43600
28891	51	343	33	42496	0	42923
28892	32	44871	55	342	0	45300
28893	32	45483	44	251	0	45810
28894	45	607	31	44597	0	45280
28895	41	359	45376	373	0	46149
28896	33	45965	413	296	0	46707
28897	58	399	289	45462	0	46208
28898	46193	301	84	385	0	46963
28899	411	111	46534	293	0	47349
28900	45227	49	424	85	0	45785
28901	47481	44	321	67	0	47913
28902	763	44	76	48484	0	49367
28903	390	98	50296	497	0	51281
28904	139	94	50411	372	0	51016
28905	79	53166	918	114	0	54277
28906	79	611	463	51824	0	52977
28907	58	453	52929	562	0	54002
28908	80	147	53519	429	0	54175
28909	64	54156	1017	142	0	55379
28910	54274	600	541	91	0	55506
28911	55156	442	164	86	0	55848
28912	1024	128	118	56523	0	57793
28913	539	126	58602	701	0	59968
28914	192	122	58685	520	0	59519
28915	115	60596	1209	245	0	62165
28916	112	730	61510	143	0	62495
28917	118	583	61183	115	0	61999
28918	132	238	1331	55093	0	56794
28919	90	159	61642	784	0	62675
28920	56826	96	920	572	0	58414
28921	743	97	659	61464	0	62963
28922	578	149	63285	810	0	64822
28923	200	63619	893	618	0	65330
28924	160	739	671	63740	0	65310
28925	152	651	65090	815	0	66708
28926	115	66529	953	631	0	68228
28927	177	840	706	63306	0	65029
28928	124	67963	354	779	0	69220
28929	138	946	262	67695	0	69041
28930	145	688	246	68190	0	69269
28931	118	286	67367	1437	0	69208
28932	114	68039	996	835	0	69984
28933	141	911	760	67747	0	69559
28934	163	679	363	68136	0	69341
28935	146	261	307	69521	0	70235
28936	142	268	67705	1568	0	69683
28937	141	67393	1077	936	0	69547
28938	168	931	785	67155	0	69039
28939	161	763	67383	1030	0	69337
28940	128	67481	1087	848	0	69544
28941	155	971	841	66762	0	68729
28942	140	810	67977	997	0	69924
28943	130	68198	1099	825	0	70252
28944	176	999	832	66245	0	68252
28945	156	764	429	68699	0	70048
28946	146	409	69744	1534	0	71833
28947	61841	298	1094	1057	0	64290
28948	825	69666	897	523	0	71911
28949	69931	972	467	429	0	71799
28950	971	842	70451	407	0	72671
28951	68675	387	1135	437	0	70634
28952	1029	329	899	69243	0	71500
28953	725	301	474	72250	0	73750
28954	279	368	71558	1606	0	73811
28955	63951	324	1137	1084	0	66496
28956	66780	292	946	565	0	68583
28957	1401	66482	563	504	0	68950
28958	769	68811	459	481	0	70520
28959	68165	1528	438	455	0	70586
28960	1011	988	68529	439	0	70967
28961	779	71053	1234	505	0	73571
28962	381	1089	980	72110	0	74560
28963	300	834	560	73579	0	75273
28964	251	503	73373	1708	0	75835
28965	68211	336	1262	1126	0	70935
28966	1087	372	74728	553	0	76740
28967	72103	308	1369	553	0	74333
28968	1184	367	76866	493	0	78910
28969	884	76676	1454	467	0	79481
28970	77555	1088	1143	513	0	80299
28971	77923	927	604	483	0	79937
28972	77573	411	492	518	0	78994
28973	78063	366	484	443	0	79356
28974	1873	368	472	76422	0	79135
28975	1058	458	76713	1224	0	79453
28976	523	418	1253	73874	0	76068
28977	359	76502	1083	1294	0	79238
28978	360	1054	591	76798	0	78803
28979	293	936	76549	1342	0	79120
28980	320	465	76779	993	0	78557
28981	377	403	1764	74646	0	77190
28982	73916	305	1166	1221	0	76608
28983	72555	304	615	928	0	74402
28984	73158	324	497	582	0	74561
28985	1705	388	73294	468	0	75855
28986	1009	331	73134	468	0	74942
28987	496	72187	1636	417	0	74736
28988	417	72765	971	454	0	74607
28989	70599	1302	856	403	0	73160
28990	70390	776	455	412	0	72033
28991	1313	73300	405	460	0	75478
28992	72194	845	342	383	0	73764
28993	71529	649	315	396	0	72889
28994	1272	72407	359	395	0	74433
28995	73052	856	314	411	0	74633
28996	71925	635	310	379	0	73249
28997	1294	73380	384	387	0	75445
28998	73527	810	317	345	0	74999
28999	72884	576	341	370	0	74171
29000	1348	422	73496	314	0	75580
29001	867	350	73062	271	0	74550
29002	456	71753	1102	273	0	73584
29003	358	72272	742	225	0	73597
29004	70997	1046	879	286	0	73208
29005	68949	535	335	235	0	70054
29006	67584	230	222	186	0	68222
29007	1006	68035	293	165	0	69499
29008	637	547	151	67485	0	68820
29009	408	518	68364	489	0	69779
29010	402	588	561	65185	0	66736
29011	316	68691	491	506	0	70004
29012	67175	423	165	329	0	68092
29013	554	66605	190	150	0	67499
29014	498	493	128	65122	0	66241
29015	69841	341	137	537	0	70856
29016	69203	152	160	361	0	69876
29017	956	240	69948	125	0	71269
29018	69749	142	505	159	0	70555
29019	73980	132	440	139	0	74691
29020	74811	122	167	162	0	75262
29021	1092	209	132	70546	0	71979
29022	669	72778	198	511	0	74156
29023	353	600	140	73957	0	75050
29024	286	614	74784	587	0	76271
29025	248	75815	647	573	0	77283
29026	247	622	487	73467	0	74823
29027	210	611	74687	556	0	76064
29028	217	74281	629	495	0	75622
29029	287	621	512	70809	0	72229
29030	245	613	74208	518	0	75584
29031	61940	215	671	748	0	63574
29032	697	240	75593	139	0	76669
29033	655	232	75358	134	0	76379
29034	280	76292	1051	137	0	77760
29035	309	644	574	75972	0	77499
29036	322	622	150	70668	0	71762
29037	270	75551	219	916	0	76956
29038	307	633	128	74639	0	75707
29039	77665	573	139	734	0	79111
29040	78119	177	125	573	0	78994
29041	1231	274	75143	164	0	76812
29042	75106	175	576	189	0	76046
29043	78425	161	561	200	0	79347
29044	1214	240	79521	151	0	81126
29045	729	79733	752	154	0	81368
29046	287	79762	699	137	0	80885
29047	389	1197	211	67637	0	69434
29048	257	78322	202	522	0	79303
29049	365	807	74129	472	0	75773
29050	308	756	76747	153	0	77964
29051	229	78339	1205	150	0	79923
29052	77699	714	650	166	0	79229
29053	79209	665	174	187	0	80235
29054	80110	246	150	175	0	80681
29055	80203	171	148	181	0	80703
29056	76670	224	150	177	0	77221
29057	1263	78028	188	177	0	79656
29058	788	807	77159	129	0	78883
29059	357	655	656	76468	0	78136
29060	75065	199	626	696	0	76586
29061	762	74559	245	679	0	76245
29062	729	741	148	72851	0	74469
29063	304	666	73427	627	0	75024
29064	256	72187	714	580	0	73737
29065	199	73434	622	159	0	74414
29066	70502	1259	380	298	0	72439
29067	643	71261	187	154	0	72245
29068	662	626	109	67940	0	69337
29069	68266	517	126	606	0	69515
29070	68254	154	88	526	0	69022
29071	68759	117	95	168	0	69139
29072	1083	197	67706	129	0	69115
29073	599	68350	612	91	0	69652
29074	69454	591	508	150	0	70703
29075	687	553	125	68980	0	70345
29076	70223	154	97	645	0	71119
29077	693	69552	176	578	0	70999
29078	73310	622	112	180	0	74224
29079	77951	594	109	159	0	78813
29080	1454	172	106	76395	0	78127
29081	855	260	79196	854	0	81165
29082	418	141	899	80219	0	81677
29083	80188	126	737	966	0	82017
29084	80627	134	190	829	0	81780
29085	1733	80049	252	240	0	82274
29086	78119	900	170	214	0	79403
29087	1095	79075	250	218	0	80638
29088	79044	1003	120	208	0	80375
29089	76761	794	173	270	0	77998
29090	1586	330	78167	193	0	80276
29091	836	77691	981	196	0	79704
29092	317	1018	799	78021	0	80155
29093	261	816	240	79096	0	80413
29094	277	306	166	75768	0	76517
29095	222	77333	248	1851	0	79654
29096	234	1023	77584	821	0	79662
29097	289	911	79151	228	0	80579
29098	227	90932	1745	269	0	93173
29099	90678	1347	963	201	0	93189
29100	1495	1141	90882	198	0	93716
29101	87010	274	1460	259	0	89003
29102	1426	89088	1171	225	0	91910
29103	1156	1522	89769	219	0	92666
29104	361	1063	1382	88663	0	91469
29105	346	390	92170	1437	0	94343
29106	357	338	93656	1077	0	95428
29107	564	258	2308	79459	0	82589
29108	423	91379	1241	1095	0	94138
29109	372	93222	429	888	0	94911
29110	91893	2195	277	238	0	94603
29111	1612	1253	91699	198	0	94762
29112	90496	333	1461	220	0	92510
29113	91522	244	1127	219	0	93112
29114	2161	92076	339	175	0	94751
29115	88292	1321	168	147	0	89928
29116	88252	965	140	182	0	89539
29117	85149	217	155	143	0	85664
29118	2155	83681	252	173	0	86261
29119	1023	79379	237	148	0	80787
29120	340	82131	185	176	0	82832
29121	80715	1941	520	165	0	83341
29122	80520	992	235	183	0	81930
29123	2013	334	77573	116	0	80036
29124	985	294	76757	79	0	78115
29125	76418	192	1669	139	0	78418
29126	78506	182	808	148	0	79644
29127	79477	152	235	204	0	80068
29128	1923	148	199	77139	0	79409
29129	1005	137	175	78766	0	80083
29130	380	173	166	79776	0	80495
29131	325	187	170	80091	0	80773
29132	305	288	76400	1762	0	78755
29133	339	234	76707	834	0	78114
29134	353	201	77116	223	0	77893
29135	332	225	76324	212	0	77093
29136	72866	184	1765	217	0	75032
29137	1224	75994	969	179	0	78366
29138	917	78020	344	194	0	79475
29139	76717	1667	258	170	0	78812
29140	1359	884	76727	155	0	79125
29141	922	432	75257	210	0	76821
29142	72541	282	1832	248	0	74903
29143	76245	241	890	273	0	77649
29144	1845	76344	416	233	0	78838
29145	1124	1094	251	75747	0	78216
29146	77292	758	268	1059	0	79377
29147	78669	327	251	764	0	80011
29148	1999	286	194	76445	0	78924
29149	1111	80170	270	1058	0	82609
29150	80372	1163	190	872	0	82597
29151	1349	978	79564	298	0	82189
29152	77474	288	1230	323	0	79315
29153	1305	79260	993	284	0	81842
29154	80270	1169	323	337	0	82099
29155	78766	865	304	299	0	80234
29156	1850	390	80254	219	0	82713
29157	994	347	79656	215	0	81212
29158	77305	266	1932	206	0	79709
29159	80348	276	1000	181	0	81805
29160	1868	81704	494	197	0	84263
29161	1099	1209	335	82088	0	84731
29162	529	915	82168	1105	0	84717
29163	80353	296	1317	784	0	82750
29164	1372	278	971	82416	0	85037
29165	1076	280	367	83610	0	85333
29166	82782	244	330	1773	0	85129
29167	1303	85205	482	1006	0	87996
29168	86409	1133	337	393	0	88272
29169	86437	854	345	289	0	87925
29170	87636	354	249	268	0	88507
29171	2104	86392	360	294	0	89150
29172	87081	1243	283	236	0	88843
29173	1611	928	290	86486	0	89315
29174	1298	348	282	86824	0	88752
29175	897	390	85845	1801	0	88933
29176	812	358	85168	905	0	87243
29177	551	85347	1900	320	0	88118
29178	516	85938	974	233	0	87661
29179	653	1526	80178	131	0	82488
29180	374	82124	1104	214	0	83816
29181	80126	1248	922	376	0	82672
29182	81170	683	203	186	0	82242
29183	82016	258	152	196	0	82622
29184	1695	198	171	78326	0	80390
29185	954	175	181	80753	0	82063
29186	478	229	81686	1480	0	83873
29187	321	81359	1028	788	0	83496
29188	80177	959	683	251	0	82070
29189	1038	81723	284	218	0	83263
29190	81180	973	184	182	0	82519
29191	81173	642	170	198	0	82183
29192	1682	199	161	79260	0	81302
29193	983	161	158	80569	0	81871
29194	475	184	145	81941	0	82745
29195	433	256	78807	1535	0	81031
29196	313	77861	944	897	0	80015
29197	266	77052	720	373	0	78411
29198	164	63950	123	159	0	64396
29199	126	63624	137	159	0	64046
29200	160	64001	140	155	0	64456
29201	57723	737	253	154	0	58867
29202	505	469	61345	86	0	62405
29203	400	61868	429	200	0	62897
29204	222	493	59326	87	0	60128
29205	151	61984	452	155	0	62742
29206	278	1056	399	44882	0	46615
29207	197	415	112	57496	0	58220
29208	148	60158	134	610	0	61050
29209	58716	426	111	370	0	59623
29210	460	445	58848	124	0	59877
29211	397	59887	409	162	0	60855
29212	208	514	58521	141	0	59384
29213	200	377	400	57804	0	58781
29214	197	187	340	55311	0	56035
29215	165	58502	164	653	0	59484
29216	204	444	92	59043	0	59783
29217	198	400	110	58757	0	59465
29218	175	59161	181	710	0	60227
29219	167	528	58482	419	0	59596
29220	164	477	58705	181	0	59527
29221	54137	230	656	196	0	55219
29222	59477	190	349	179	0	60195
29223	689	200	117	58222	0	59228
29224	432	267	58198	455	0	59352
29225	218	178	420	56051	0	56867
29226	203	59778	408	499	0	60888
29227	180	551	59723	440	0	60894
29228	134	59699	483	239	0	60555
29229	156	570	59133	183	0	60042
29230	128	59919	491	163	0	60701
29231	58864	538	385	179	0	59966
29232	450	478	176	58484	0	59588
29233	417	266	149	58410	0	59242
29234	204	317	58492	659	0	59672
29235	210	292	57189	443	0	58134
29236	167	58483	742	240	0	59632
29237	58227	514	424	276	0	59441
29238	451	455	195	57085	0	58186
29239	392	343	59045	442	0	60222
29240	184	332	57300	392	0	58208
29241	51068	250	702	284	0	52304
29242	55972	235	408	232	0	56847
29243	689	313	57398	207	0	58607
29244	442	405	436	53864	0	55147
29245	186	57003	461	430	0	58080
29246	56661	459	197	428	0	57745
29247	419	56777	240	282	0	57718
29248	54216	420	145	215	0	54996
29249	367	54785	178	182	0	55512
29250	318	55293	172	231	0	56014
29251	204	596	122	54939	0	55861
29252	160	438	153	54935	0	55686
29253	136	55516	195	756	0	56603
29254	157	524	54197	347	0	55225
29255	147	457	54430	145	0	55179
29256	121	265	54216	179	0	54781
29257	50132	191	625	217	0	51165
29258	54076	191	357	211	0	54835
29259	560	57634	214	228	0	58636
29260	328	629	56998	178	0	58133
29261	159	511	521	56714	0	57905
29262	135	293	60850	552	0	61830
29263	107	303	62319	478	0	63207
29264	169	215	989	65585	0	66958
29265	182	209	616	69762	0	70769
29266	120	290	73724	1432	0	75566
29267	68237	164	935	998	0	70334
29268	891	76309	1001	325	0	78526
29269	883	79326	382	239	0	80830
29270	334	1839	195	75926	0	78294
29271	79769	1121	184	989	0	82063
29272	1081	81758	308	960	0	84107
29273	82031	1213	173	327	0	83744
29274	1225	83043	251	236	0	84755
29275	85521	1322	143	226	0	87212
29276	1446	1250	84978	174	0	87848
29277	1227	513	86471	157	0	88368
29278	435	586	2153	82466	0	85640
29279	269	309	84584	1223	0	86385
29280	203	80583	1472	1083	0	83341
29281	162	81226	1247	285	0	82920
29282	80943	2135	409	242	0	83729
29283	1280	1257	245	77117	0	79899
29284	1071	81910	298	1139	0	84418
29285	82829	1310	194	1044	0	85377
29286	81769	1204	169	280	0	83422
29287	84408	366	158	212	0	85144
29288	2492	243	141	82242	0	85118
29289	1460	211	151	83691	0	85513
29290	506	322	83352	2283	0	86463
29291	377	290	83225	1299	0	85191
29292	81299	174	2277	422	0	84172
29293	1438	192	1292	81660	0	84582
29294	1253	271	82509	1384	0	85417
29295	80317	168	1411	1230	0	83126
29296	1382	84637	1368	426	0	87813
29297	86080	1318	421	286	0	88105
29298	86376	1172	255	365	0	88168
29299	87251	368	250	332	0	88201
29300	2766	325	84365	293	0	87749
29301	83978	218	1436	261	0	85893
29302	1888	214	1263	79430	0	82795
29303	1498	80920	542	1299	0	84259
29304	685	85077	418	1165	0	87345
29305	84513	2269	311	430	0	87523
29306	85114	1365	293	295	0	87067
29307	86381	401	236	316	0	87334
29308	2921	327	205	83077	0	86530
29309	1756	329	254	84265	0	86604
29310	874	291	247	80423	0	81835
29311	643	83480	322	2535	0	86980
29312	83184	1476	260	1475	0	86395
29313	84173	1326	221	560	0	86280
29314	85861	485	186	494	0	87026
29315	2948	509	83802	425	0	87684
29316	84998	402	1443	366	0	87209
29317	2208	347	1295	79617	0	83467
29318	1793	83253	540	1416	0	87002
29319	82994	1552	302	1299	0	86147
29320	82366	1345	572	532	0	84815
29321	2929	633	83627	395	0	87584
29322	1988	377	1533	79654	0	83552
29323	840	84260	1510	1457	0	88067
29324	86341	1582	499	1323	0	89745
29325	2074	1433	359	86171	0	90037
29326	1848	544	353	85736	0	88481
29327	903	404	320	87329	0	88956
29328	762	439	313	89558	0	91072
29329	776	515	87061	3125	0	91477
29330	718	87170	1752	1911	0	91551
29331	837	1732	1431	86661	0	90661
29332	752	1587	88057	1951	0	92347
29333	86437	594	1710	1752	0	90493
29334	89790	407	1561	783	0	92541
29335	3260	457	578	88928	0	93223
29336	90443	426	486	1962	0	93317
29337	91072	429	472	1816	0	93789
29338	3456	523	90168	785	0	94932
29339	2270	89506	1910	592	0	94278
29340	90251	1727	1574	628	0	94180
29341	2405	1527	622	89949	0	94503
29342	92634	540	516	1922	0	95612
29343	2502	428	492	91558	0	94980
29344	2149	437	463	92400	0	95449
29345	1141	553	90280	3169	0	95143
29346	82126	387	1731	2250	0	86494
29347	2180	90951	1698	975	0	95804
29348	2131	1818	90595	802	0	95346
29349	1073	91304	1884	785	0	95046
29350	89570	1930	1588	705	0	93793
29351	2360	1571	562	88796	0	93289
29352	89351	596	390	2002	0	92339
29353	2361	88122	598	1861	0	92942
29354	90895	1736	420	877	0	93928
29355	91661	1509	376	731	0	94277
29356	92486	508	384	742	0	94120
29357	91114	387	402	639	0	92542
29358	3629	88966	544	646	0	93785
29359	87374	1601	378	566	0	89919
29360	2572	1445	335	85277	0	89629
29361	2216	759	311	82485	0	85771
29362	1192	78638	410	2573	0	82813
29363	1046	78376	402	1571	0	81395
29364	843	75499	361	612	0	77315
29365	69747	2040	385	511	0	72683
29366	1462	66265	296	456	0	68479
29367	1128	61721	338	347	0	63534
29368	60141	1406	780	391	0	62718
29369	58296	713	259	308	0	59576
29370	1526	58469	228	316	0	60539
29371	57002	844	159	277	0	58282
29372	1126	667	55005	231	0	57029
29373	53294	294	693	312	0	54593
29374	1080	342	54345	276	0	56043
29375	702	49970	612	267	0	51551
29376	436	50865	453	258	0	52012
29377	1113	1230	436	47625	0	50404
29378	49494	421	259	626	0	50800
29379	50161	242	99	495	0	50997
29380	50989	225	134	257	0	51605
29381	50966	208	124	238	0	51536
29382	49908	230	137	247	0	50522
29383	927	289	48190	255	0	49661
29384	594	328	46536	211	0	47669
29385	47579	265	677	223	0	48744
29386	715	48915	407	190	0	50227
29387	48375	505	225	193	0	49298
29388	49570	437	96	203	0	50306
29389	50973	219	88	229	0	51509
29390	50967	160	102	210	0	51439
29391	50855	226	100	236	0	51417
29392	946	273	50222	192	0	51633
29393	50866	222	445	290	0	51823
29394	51781	225	369	258	0	52633
29395	869	322	49923	215	0	51329
29396	48099	277	369	260	0	49005
29397	50574	306	329	202	0	51411
29398	885	360	52119	208	0	53572
29399	664	344	51970	195	0	53173
29400	495	53002	637	180	0	54314
29401	561	523	371	52628	0	54083
29402	478	477	53431	430	0	54816
29403	53435	254	429	362	0	54480
29404	789	213	377	56871	0	58250
29405	632	307	58659	443	0	60041
29406	57326	193	502	427	0	58448
29407	59720	220	404	208	0	60552
29408	60110	241	144	187	0	60682
29409	993	61402	194	266	0	62855
29410	752	557	122	59147	0	60578
29411	490	61671	193	471	0	62825
29412	61711	558	184	392	0	62845
29413	61228	447	196	177	0	62048
29414	1035	312	61057	117	0	62521
29415	669	59508	497	108	0	60782
29416	343	59945	466	97	0	60851
29417	414	728	203	59035	0	60380
29418	401	459	132	59592	0	60584
29419	58653	200	118	669	0	59640
29420	747	59146	157	436	0	60486
29421	637	59068	132	157	0	59994
29422	613	746	58297	121	0	59777
29423	434	60002	456	100	0	60992
29424	58612	477	399	132	0	59620
29425	685	461	58155	96	0	59397
29426	49871	172	427	228	0	50698
29427	561	196	56535	84	0	57376
29428	46251	101	371	242	0	46965
29429	436	57165	306	87	0	57994
29430	58540	370	117	104	0	59131
29431	557	401	60160	37	0	61155
29432	59574	144	492	154	0	60364
29433	60477	74	332	124	0	61007
29434	757	163	62560	54	0	63534
29435	61970	84	389	110	0	62553
29436	64695	78	322	92	0	65187
29437	63793	55	81	99	0	64028
29438	838	62970	135	66	0	64009
29439	64298	429	80	99	0	64906
29440	599	463	65899	45	0	67006
29441	438	69258	497	159	0	70352
29442	70389	511	448	111	0	71459
29443	69963	417	134	119	0	70633
29444	70891	98	56	108	0	71153
29445	1064	70498	138	114	0	71814
29446	603	609	69	78713	0	79994
29447	183	600	78748	838	0	80369
29448	182	110	857	78845	0	79994
29449	170	180	80950	936	0	82236
29450	74654	78	966	793	0	76491
29451	976	81294	810	161	0	83241
29452	854	949	141	78877	0	80821
29453	220	82813	173	837	0	84043
29454	218	1032	82	82776	0	84108
29455	184	761	106	82095	0	83146
29456	163	85015	195	1657	0	87030
29457	228	1109	84	85819	0	87240
29458	209	852	99	87492	0	88652
29459	176	89046	204	1923	0	91349
29460	173	91494	193	1006	0	92866
29461	225	2044	113	90397	0	92779
29462	248	1145	90543	1328	0	93264
29463	202	91557	1307	1028	0	94094
29464	243	1349	933	90123	0	92648
29465	300	1135	93888	1357	0	96680
29466	199	94718	1436	1079	0	97432
29467	93880	1417	1026	363	0	96686
29468	1447	1195	94059	239	0	96940
29469	92037	348	1414	254	0	94053
29470	1576	251	1005	93364	0	96196
29471	1124	241	258	94409	0	96032
29472	357	259	186	94922	0	95724
29473	278	349	92899	2482	0	96008
29474	247	347	92479	1298	0	94371
29475	85284	294	2347	484	0	88409
29476	1492	305	1155	92201	0	95153
29477	1151	356	92713	1593	0	95813
29478	89745	317	1490	1246	0	92798
29479	1602	311	1087	91965	0	94965
29480	1240	293	365	92710	0	94608
29481	462	277	292	91530	0	92561
29482	336	92255	346	2577	0	95514
29483	429	1542	243	87726	0	89940
29484	331	91138	370	1603	0	93442
29485	302	93252	376	1194	0	95124
29486	91520	2363	301	547	0	94731
29487	88206	1268	351	483	0	90308
29488	91594	435	278	502	0	92809
29489	2404	89152	442	521	0	92519
29490	89391	1562	304	501	0	91758
29491	89699	1174	292	564	0	91729
29492	2508	413	335	87354	0	90610
29493	1374	362	363	88259	0	90358
29494	521	429	86557	2632	0	90139
29495	374	87445	1613	1560	0	90992
29496	86088	1568	1219	704	0	89579
29497	85607	1232	437	545	0	87821
29498	2364	85065	485	589	0	88503
29499	85308	1555	350	617	0	87830
29500	84460	1256	276	681	0	86673
29501	2443	546	310	81288	0	84587
29502	1370	81725	466	1718	0	85279
29503	591	83371	388	1455	0	85805
29504	81121	2351	310	730	0	84512
29505	1688	1398	277	79585	0	82948
29506	1273	617	78958	1776	0	82624
29507	75037	501	1493	1491	0	78522
29508	1645	604	80298	737	0	83284
29509	1275	77888	1579	677	0	81419
29510	77258	1571	1226	639	0	80694
29511	1688	1326	77480	677	0	81171
29512	1386	608	1477	77454	0	80925
29513	601	587	80123	1795	0	83106
29514	510	80002	1687	1508	0	83707
29515	672	1667	1155	79304	0	82798
29516	632	1363	79397	1792	0	83184
29517	72997	584	1494	1646	0	76721
29518	1583	80476	1267	827	0	84153
29519	1412	1662	476	74854	0	78404
29520	641	81438	507	1618	0	84204
29521	79605	1699	447	1329	0	83080
29522	79183	1373	369	775	0	81700
29523	2392	79254	522	777	0	82945
29524	1484	1683	420	75550	0	79137
29525	623	79742	502	1666	0	82533
29526	78175	1692	509	1363	0	81739
29527	2776	1402	76939	675	0	81792
29528	1396	686	77483	628	0	80193
29529	666	76002	2111	629	0	79408
29530	630	76519	1311	600	0	79060
29531	687	2115	594	73784	0	77180
29532	73631	1159	410	1492	0	76692
29533	74189	515	431	1157	0	76292
29534	71931	414	383	636	0	73364
29535	2277	72845	493	645	0	76260
29536	1347	1302	401	68824	0	71874
29537	672	72565	469	1399	0	75105
29538	72005	1399	447	1152	0	75003
29539	1590	1019	379	70640	0	73628
29540	1184	491	67958	1353	0	70986
29541	617	66113	1220	1105	0	69055
29542	63790	1143	850	495	0	66278
29543	1265	964	63777	385	0	66391
29544	61474	425	985	495	0	63379
29545	1291	62558	793	457	0	65099
29546	650	55573	240	282	0	56745
29547	53769	1015	246	224	0	55254
29548	759	55374	192	221	0	56546
29549	53340	712	178	249	0	54479
29550	727	53992	210	181	0	55110
29551	53752	691	243	182	0	54868
29552	53655	489	160	167	0	54471
29553	1013	286	54460	171	0	55930
29554	559	270	52285	112	0	53226
29555	293	52895	728	183	0	54099
29556	51150	522	638	164	0	52474
29557	533	405	50318	117	0	51373
29558	46336	211	398	144	0	47089
29559	358	234	302	46063	0	46957
29560	248	134	46661	222	0	47265
29561	132	157	45196	173	0	45658
29562	145	127	47312	107	0	47691
29563	97	47250	337	65	0	47749
29564	512	684	483	45018	0	46697
29565	44243	96	68	168	0	44575
29566	136	26	27	44991	0	45180
29567	45514	30	37	178	0	45759
29568	156	26	26	45590	0	45798
29569	46131	30	21	224	0	46406
29570	46044	40	47	193	0	46324
29571	51546	31	29	82	0	51688
29572	377	52765	45	70	0	53257
29573	242	345	53328	66	0	53981
29574	106	238	287	53310	0	53941
29575	449	560	496	33481	0	34986
29576	74	73	44	55439	0	55630
29577	86	47	49	54755	0	54937
29578	71	53698	67	601	0	54437
29579	91	427	52916	351	0	53785
29580	64	54199	386	126	0	54775
29581	104	486	282	50166	0	51038
29582	71	343	63	54414	0	54891
29583	80	91	55	54843	0	55069
29584	93	82	46	54305	0	54526
29585	66	53191	93	651	0	54001
29586	77	53511	102	376	0	54066
29587	90	668	52622	133	0	53513
29588	84	313	379	53007	0	53783
29589	87	127	283	53900	0	54397
29590	93	108	71	55077	0	55349
29591	54990	104	71	744	0	55909
29592	417	55354	100	398	0	56269
29593	388	474	54947	144	0	55953
29594	54433	309	399	181	0	55322
29595	482	103	285	55289	0	56159
29596	56340	113	68	521	0	57042
29597	535	86	79	56558	0	57258
29598	57026	99	57	535	0	57717
29599	505	95	72	56979	0	57651
29600	56450	76	100	528	0	57154
29601	535	147	58539	397	0	59618
29602	429	86	418	57153	0	58086
29603	176	59952	378	465	0	60971
29604	168	463	94	60722	0	61447
29605	60266	372	97	565	0	61300
29606	485	61147	155	453	0	62240
29607	422	514	102	62735	0	63773
29608	131	63155	153	622	0	64061
29609	162	610	71	63662	0	64505
29610	149	480	61	63900	0	64590
29611	155	238	62909	1011	0	64313
29612	194	129	557	61637	0	62517
29613	130	172	60940	700	0	61942
29614	105	59851	682	642	0	61280
29615	59392	575	467	270	0	60704
29616	625	538	60103	238	0	61504
29617	58025	138	624	262	0	59049
29618	61734	112	478	257	0	62581
29619	1052	115	165	62676	0	64008
29620	549	186	65408	735	0	66878
29621	63193	98	751	694	0	64736
29622	68266	88	558	354	0	69266
29623	1242	88	157	66932	0	68419
29624	734	121	119	67088	0	68062
29625	203	67882	212	1372	0	69669
29626	223	837	111	66700	0	67871
29627	117	68454	179	943	0	69693
29628	186	845	67353	755	0	69139
29629	145	684	674	66390	0	67893
29630	65213	135	557	899	0	66804
29631	66242	112	105	729	0	67188
29632	1140	66621	177	263	0	68201
29633	649	716	99	67656	0	69120
29634	68349	581	98	856	0	69884
29635	759	67142	181	743	0	68825
29636	68070	760	52	345	0	69227
29637	898	645	73	70521	0	72137
29638	73396	172	106	977	0	74651
29639	1019	250	77883	836	0	79988
29640	797	78278	1066	375	0	80516
29641	77574	1030	816	302	0	79722
29642	1015	80567	268	335	0	82185
29643	81868	1050	147	326	0	83391
29644	82865	847	117	350	0	84179
29645	1919	317	83046	281	0	85563
29646	1076	209	1066	81372	0	83723
29647	84230	167	873	1236	0	86506
29648	1245	234	83928	983	0	86390
29649	84095	186	1148	380	0	85809
29650	1318	159	875	84354	0	86706
29651	1024	282	83639	1306	0	86251
29652	354	134	1148	83278	0	84914
29653	81353	150	905	1382	0	83790
29654	1346	268	83130	1050	0	85794
29655	1060	187	1104	83062	0	85413
29656	424	148	950	83658	0	85180
29657	83797	123	247	2108	0	86275
29658	82946	122	208	1227	0	84503
29659	2007	84706	270	469	0	87452
29660	1223	1131	186	84010	0	86550
29661	516	948	220	84387	0	86071
29662	472	267	210	83781	0	84730
29663	82042	204	239	2156	0	84641
29664	83064	208	240	1231	0	84743
29665	2280	258	194	80584	0	83316
29666	1316	80713	278	1354	0	83661
29667	672	1273	200	76104	0	78249
29668	522	81414	321	1247	0	83504
29669	79477	1174	237	1149	0	82037
29670	1427	79040	358	483	0	81308
29671	74264	1004	289	375	0	75932
29672	1404	877	218	72510	0	75009
29673	72264	224	286	1176	0	73950
29674	1341	271	71765	1041	0	74418
29675	1144	72737	1074	474	0	75429
29676	72119	1034	1102	460	0	74715
29677	72809	800	338	493	0	74440
29678	1929	227	255	69930	0	72341
29679	1142	71663	374	1202	0	74381
29680	581	982	274	74445	0	76282
29681	600	809	212	74468	0	76089
29682	583	251	268	74634	0	75736
29683	73938	256	210	1950	0	76354
29684	74602	259	198	1239	0	76298
29685	2013	274	240	70870	0	73397
29686	1225	73200	292	1345	0	76062
29687	74005	973	179	1199	0	76356
29688	1415	920	73604	623	0	76562
29689	1310	343	965	73918	0	76536
29690	653	384	74523	1406	0	76966
29691	637	354	1037	73749	0	75777
29692	615	428	74681	1415	0	77139
29693	646	393	1019	73840	0	75898
29694	74209	352	893	1361	0	76815
29695	74072	367	267	1202	0	75908
29696	2053	72767	345	592	0	75757
29697	74457	1103	255	588	0	76403
29698	1591	956	257	73709	0	76513
29699	1343	400	286	73860	0	75889
29700	73948	385	337	1925	0	76595
29701	1556	408	72522	1251	0	75737
29702	1352	411	72354	690	0	74807
29703	794	425	72426	667	0	74312
29704	69313	364	1595	751	0	72023
29705	1458	351	73801	706	0	76316
29706	1298	376	70848	782	0	73304
29707	66577	326	1592	710	0	69205
29708	1337	71503	989	693	0	74522
29709	1245	954	359	72552	0	75110
29710	787	826	294	73671	0	75578
29711	702	436	74309	1778	0	77225
29712	72645	303	1259	1241	0	75448
29713	75119	253	897	829	0	77098
29714	71638	264	487	772	0	73161
29715	1741	316	74834	739	0	77630
29716	71925	261	1014	825	0	74025
29717	1440	354	72170	718	0	74682
29718	1205	72106	1007	725	0	75043
29719	737	72328	838	672	0	74575
29720	68679	1234	356	651	0	70920
29721	1121	68203	388	636	0	70348
29722	1002	68395	359	646	0	70402
29723	67555	1183	347	676	0	69761
29724	1136	68316	396	637	0	70485
29725	67953	811	322	587	0	69673
29726	1217	674	372	69589	0	71852
29727	1063	327	402	70560	0	72352
29728	658	330	384	71088	0	72460
29729	678	336	383	68529	0	69926
29730	572	69664	499	1467	0	72202
29731	70185	835	400	928	0	72348
29732	1177	76972	472	559	0	79180
29733	1091	76495	452	867	0	78905
29734	795	1610	78605	518	0	81528
29735	72817	794	1345	681	0	75637
29736	1542	386	82806	395	0	85129
29737	1195	333	81940	360	0	83828
29738	506	80783	1666	401	0	83356
29739	226	80019	786	224	0	81255
29740	77267	1518	509	207	0	79501
29741	983	81050	330	312	0	82675
29742	803	1108	83182	191	0	85284
29743	255	75038	1257	196	0	76746
29744	214	1027	82205	157	0	83603
29745	171	693	79764	104	0	80732
29746	75124	234	1702	168	0	77228
29747	1047	203	80092	142	0	81484
29748	714	106	1062	76281	0	78163
29749	75522	78	755	951	0	77306
29750	898	75239	317	824	0	77278
29751	696	920	77278	197	0	79091
29752	75975	723	1046	147	0	77891
29753	1032	167	713	71087	0	72999
29754	703	70227	332	899	0	72161
29755	212	870	75121	635	0	76838
29756	72978	585	1000	180	0	74743
29757	997	214	76083	133	0	77427
29758	773	95	1072	73354	0	75294
29759	227	172	74781	985	0	76165
29760	186	68	1055	73822	0	75131
29761	72739	83	738	1037	0	74597
29762	933	74823	321	746	0	76823
29763	75637	938	145	230	0	76950
29764	1068	761	75504	135	0	77468
29765	791	156	1031	73339	0	75317
29766	251	181	77179	972	0	78583
29767	74876	101	1137	748	0	76862
29768	76141	93	797	203	0	77234
29769	1602	77133	354	172	0	79261
29770	78108	1014	196	141	0	79459
29771	78090	731	192	125	0	79138
29772	1790	175	162	76108	0	78235
29773	923	202	77270	997	0	79392
29774	287	74173	1169	835	0	76464
29775	297	1019	753	73039	0	75108
29776	74361	733	245	983	0	76322
29777	1084	269	74878	697	0	76928
29778	776	177	74971	179	0	76103
29779	247	197	73637	142	0	74223
29780	70515	127	1805	158	0	72605
29781	1125	200	73148	103	0	74576
29782	70391	136	1297	150	0	71974
29783	1191	206	67661	118	0	69176
29784	832	71014	1197	165	0	73208
29785	335	1033	816	70059	0	72243
29786	238	802	70830	991	0	72861
29787	200	69370	1275	748	0	71593
29788	194	70762	940	229	0	72125
29789	276	1696	305	68940	0	71217
29790	69008	890	266	1011	0	71175
29791	1124	334	255	69334	0	71047
29792	68023	282	249	1116	0	69670
29793	1223	253	265	68075	0	69816
29794	864	283	67678	1131	0	69956
29795	375	262	67704	788	0	69129
29796	65082	187	1854	308	0	67431
29797	66654	188	1056	240	0	68138
29798	1787	297	65717	195	0	67996
29799	63337	229	1264	222	0	65052
29800	1310	352	65347	167	0	67176
29801	985	62365	1450	168	0	64968
29802	466	62322	1114	171	0	64073
29803	380	61562	625	172	0	62739
29804	483	1809	502	59411	0	62205
29805	59171	950	498	1050	0	61669
29806	59792	403	475	804	0	61474
29807	1879	349	407	58802	0	61437
29808	1034	389	56153	1102	0	58678
29809	537	269	1343	55456	0	57605
29810	429	325	55542	1192	0	57488
29811	456	218	1469	53674	0	55817
29812	53107	180	1112	1255	0	55654
29813	53766	157	597	939	0	55459
29814	54116	185	525	402	0	55228
29815	53964	213	468	318	0	54963
29816	2076	190	435	51824	0	54525
29817	1235	190	412	52730	0	54567
29818	52023	204	416	1779	0	54422
29819	52744	225	372	967	0	54308
29820	2062	211	374	51575	0	54222
29821	1283	199	318	52145	0	53945
29822	611	198	359	51519	0	52687
29823	563	227	347	51630	0	52767
29824	49773	151	406	1942	0	52272
29825	1349	222	48970	1108	0	51649
29826	1075	147	1233	46671	0	49126
29827	46343	164	939	1215	0	48661
29828	1326	200	45890	931	0	48347
29829	1131	240	1178	45470	0	48019
29830	611	209	45876	1159	0	47855
29831	487	42821	1348	862	0	45518
29832	664	852	853	35254	0	37623
29833	32648	520	415	774	0	34357
29834	849	743	284	28750	0	30626
29835	667	28354	315	685	0	30021
29836	396	26042	234	463	0	27135
29837	290	21089	172	196	0	21747
29838	274	19658	230	179	0	20341
29839	11856	1208	1122	784	0	14970
29840	605	430	351	8650	0	10036
29841	134	43	7362	151	0	7690
29842	73	29	128	6826	0	7056
29843	80	30	6733	137	0	6980
29844	6644	23	114	113	0	6894
29845	179	14	92	6598	0	6883
29846	148	21	31	6662	0	6862
29847	73	17	44	6652	0	6786
29848	62	25	33	6672	0	6792
29849	6494	20	32	206	0	6752
29850	6575	22	26	118	0	6741
29851	220	17	20	6437	0	6694
29852	6266	9	30	174	0	6479
29853	138	19	6187	138	0	6482
29854	94	6021	122	97	0	6334
29855	76	100	85	6005	0	6266
29856	65	66	50	5829	0	6010
29857	52	5821	56	195	0	6124
29858	71	98	30	5730	0	5929
29859	57	159	42	5531	0	5789
29860	5483	10	37	191	0	5721
29861	115	16	5122	97	0	5350
29862	72	26	4581	47	0	4726
29863	4311	12	130	57	0	4510
29864	107	12	4102	40	0	4261
29865	2268	13	137	27	0	2445
29866	1828	4	69	15	0	1916
29867	78	46	19	1457	0	1600
29868	20	6	1161	30	0	1217
29869	955	10	32	20	0	1017
29870	29	947	11	9	0	996
29871	576	66	113	12	0	767
29872	394	21	55	25	0	495
29873	164	1	9	4	0	178
29874	51	3	0	2	0	56
29875	43	2	1	2	0	48
29876	43	0	2	1	0	46
29877	34	0	0	2	0	36
29878	33	0	1	3	0	37
29879	34	1	0	3	0	38
29880	32	1	1	3	0	37
29881	34	1	0	2	0	37
29882	35	0	0	1	0	36
29883	33	1	1	1	0	36
29884	33	0	0	1	0	34
29885	32	1	2	0	0	35
29886	28	1	0	1	0	30
29887	28	0	1	0	0	29
29888	28	0	0	0	0	28
29889	25	0	0	1	0	26
29890	26	0	0	0	0	26
29891	24	0	0	1	0	25
29892	22	0	0	0	0	22
29893	21	1	1	0	0	23
29894	19	1	0	0	0	20
29895	19	1	0	0	0	20
29896	20	0	0	0	0	20
29897	20	0	0	1	0	21
29898	20	0	1	0	0	21
29899	20	0	0	1	0	21
29900	11	0	1	0	0	12
29901	9	0	0	0	0	9
29902	5	0	0	1	0	6
29903	2	0	0	1	0	3
29904	0	0	0	1	0	1
29905	0	0	0	1	0	1
29906	1	0	0	0	0	1
29907	0	0	0	0	0	0
29908	0	0	0	1	0	1
