Pos	A	C	G	T	Other	Total
1	0	0	0	0	0	0
2	0	0	0	0	0	0
3	0	0	0	0	0	0
4	0	0	0	0	0	0
5	2	0	0	0	0	2
6	2	0	0	0	0	2
7	0	0	2	0	0	2
8	0	0	2	0	0	2
9	0	0	0	2	0	2
10	0	0	0	2	0	2
11	0	0	0	2	0	2
12	2	0	0	0	0	2
13	0	0	0	4	0	4
14	14	0	0	0	0	14
15	0	16	0	0	0	16
16	0	26	0	0	0	26
17	1	0	0	96	0	97
18	0	0	0	112	0	112
19	0	174	0	0	0	174
20	0	205	0	0	0	205
21	0	256	0	0	0	256
22	286	0	0	5	0	291
23	0	0	289	0	0	289
24	0	0	290	0	0	290
25	0	0	0	333	0	333
26	371	0	0	4	0	375
27	371	0	0	2	0	373
28	0	384	0	0	0	384
29	434	0	0	5	0	439
30	495	0	0	2	0	497
31	509	0	1	2	0	512
32	1	497	0	1	0	499
33	0	519	0	1	0	520
34	545	0	0	1	0	546
35	559	0	0	0	0	559
36	1	560	0	0	0	561
37	0	635	0	3	0	638
38	660	0	0	0	0	660
39	661	0	0	1	0	662
40	0	660	0	0	0	660
41	0	0	0	728	0	728
42	0	0	0	739	0	739
43	1	0	0	733	0	734
44	0	719	0	0	0	719
45	1	0	715	0	0	716
46	692	0	1	2	0	695
47	0	0	0	752	0	752
48	0	746	0	1	0	747
49	0	0	0	763	0	763
50	0	759	0	0	0	759
51	0	0	0	781	0	781
52	0	0	0	800	0	800
53	0	0	797	0	0	797
54	0	0	0	801	0	801
55	810	0	0	0	0	810
56	0	0	803	0	0	803
57	791	0	1	0	0	792
58	0	0	0	828	0	828
59	0	825	0	0	0	825
60	1	0	0	840	0	841
61	1	0	843	0	0	844
62	3	0	0	829	0	832
63	0	0	0	858	0	858
64	0	876	0	0	0	876
65	0	0	0	887	0	887
66	0	871	0	3	0	874
67	0	0	0	895	0	895
68	892	0	0	0	0	892
69	868	0	0	1	0	869
70	872	0	0	1	0	873
71	0	884	0	1	0	885
72	2	0	891	0	0	893
73	875	0	0	2	0	877
74	938	0	0	0	0	938
75	0	955	0	1	0	956
76	1	0	0	868	0	869
77	1	1	0	900	0	902
78	0	0	0	890	0	890
79	893	1	29	4	0	927
80	921	0	0	4	0	925
81	920	0	0	0	0	920
82	934	0	0	3	0	937
83	2	2	0	936	0	940
84	2	924	0	4	0	930
85	0	1	0	959	0	960
86	0	1	969	2	0	972
87	1	0	2	992	0	995
88	1	0	1023	3	0	1027
89	2	0	4	1012	0	1018
90	1	1	1072	5	0	1079
91	0	0	1051	2	0	1053
92	1	1119	6	0	0	1126
93	2	5	2	1216	0	1225
94	0	3	1278	5	0	1286
95	0	0	5	1263	0	1268
96	1	1296	2	6	0	1305
97	1324	5	1	4	0	1334
98	5	1416	1	5	0	1427
99	4	6	0	1428	0	1438
100	2	1432	0	6	0	1440
101	1	6	1398	1	0	1406
102	3	2	1370	4	0	1379
103	0	1412	8	0	0	1420
104	0	6	3	1458	0	1467
105	2	7	1441	6	0	1456
106	0	1424	5	7	0	1436
107	1450	5	4	5	0	1464
108	6	2	2	1471	0	1481
109	3	1	1533	5	0	1542
110	2	1528	5	3	0	1538
111	2	6	2	1554	0	1564
112	4	9	1	1544	0	1558
113	1537	3	0	8	0	1548
114	6	1	1535	5	0	1547
115	4	2	6	1536	0	1548
116	2	1	1524	7	0	1534
117	0	1476	11	4	0	1491
118	1467	7	2	5	0	1481
119	7	1454	3	2	0	1466
120	2	9	1	1435	0	1447
121	1	1427	1	6	0	1435
122	1394	10	1	4	0	1409
123	7	1413	2	1	0	1423
124	4	8	1390	1	0	1403
125	0	1394	7	2	0	1403
126	1370	8	3	4	0	1385
127	7	5	1429	0	0	1441
128	3	2	9	1424	0	1438
129	1304	2	127	11	0	1444
130	12	0	3	1396	0	1411
131	1404	0	3	16	0	1423
132	1416	3	1	6	0	1426
133	16	0	2	1418	0	1436
134	8	2	2	1406	0	1418
135	1397	1	1	16	0	1415
136	1376	2	1	9	0	1388
137	17	0	0	1359	0	1376
138	1347	4	2	12	0	1365
139	1353	2	0	8	0	1363
140	16	1349	1	3	0	1369
141	7	10	2	1343	0	1362
142	1365	6	2	15	0	1388
143	1389	4	1	7	0	1401
144	20	1	5	1382	0	1408
145	6	3	4	1389	0	1402
146	1384	4	3	17	0	1408
147	12	1384	1	14	0	1411
148	9	11	1	1389	0	1410
149	4	7	1401	14	0	1426
150	3	4	10	1379	0	1396
151	7	1387	4	15	0	1413
152	3	13	1393	8	0	1417
153	6	6	12	1400	0	1424
154	4	3	5	1358	0	1370
155	4	1	1429	18	0	1452
156	1309	0	13	12	0	1334
157	14	1483	7	4	0	1508
158	1486	10	2	10	0	1508
159	14	8	1476	5	0	1503
160	9	4	1492	2	0	1507
161	1470	1	15	7	0	1493
162	12	1559	5	4	0	1580
163	1567	11	2	11	0	1591
164	15	1599	3	2	0	1619
165	7	13	1607	3	0	1630
166	1572	4	11	8	0	1595
167	12	2	1682	5	0	1701
168	7	2	13	1665	0	1687
169	1681	4	5	16	0	1706
170	1677	1	2	14	0	1694
171	18	1690	3	3	0	1714
172	12	13	3	1668	0	1696
173	2	1681	1	12	0	1696
174	2	13	1657	7	0	1679
175	5	11	10	1628	0	1654
176	4	1589	3	12	0	1608
177	4	11	5	1612	0	1632
178	1558	3	5	14	0	1580
179	14	6	1	1582	0	1603
180	8	1589	3	11	0	1611
181	2	11	2	1612	0	1627
182	4	4	2	1605	0	1615
183	4	1589	1	12	0	1606
184	5	11	1	1604	0	1621
185	4	6	1567	12	0	1589
186	3	1536	11	8	0	1558
187	1493	8	7	4	0	1512
188	12	3	1498	2	0	1515
189	9	4	1485	3	0	1501
190	3	1466	10	5	0	1484
191	8	8	3	1448	0	1467
192	3	4	1407	13	0	1427
193	4	1148	11	4	0	1167
194	6	7	2	1269	0	1284
195	3	3	1	1306	0	1313
196	1278	2	1	14	0	1295
197	10	1287	0	6	0	1303
198	4	9	1192	1	0	1206
199	1	4	1209	5	0	1219
200	4	2	8	1213	0	1227
201	3	1	4	1578	0	1586
202	2	3	2	1593	0	1600
203	0	1788	0	35	0	1823
204	1	29	1841	14	0	1885
205	5	16	26	1901	0	1948
206	2	1932	12	34	0	1980
207	1	2055	5	17	0	2078
208	0	60	2107	4	0	2171
209	3	18	51	2071	0	2143
210	2	7	2290	47	0	2346
211	3	3	60	2269	0	2335
212	6	1	25	2351	0	2383
213	0	2	2304	76	0	2382
214	4	2279	58	32	0	2373
215	2276	56	18	19	0	2369
216	52	23	2311	9	0	2395
217	23	2283	60	3	0	2369
218	10	2381	25	1	0	2417
219	8	68	2286	6	0	2368
220	2250	30	56	6	0	2342
221	54	15	24	2177	0	2270
222	21	2300	10	48	0	2379
223	2289	53	12	24	0	2378
224	61	25	6	2234	0	2326
225	22	2267	4	55	0	2348
226	2268	60	7	28	0	2363
227	56	26	2220	8	0	2310
228	23	2233	57	10	0	2323
229	2200	57	23	4	0	2284
230	54	2205	14	7	0	2280
231	2192	65	11	9	0	2277
232	59	33	10	2127	0	2229
233	24	2153	10	52	0	2239
234	18	54	11	2187	0	2270
235	2154	23	10	70	0	2257
236	51	17	2128	34	0	2230
237	25	12	2160	15	0	2212
238	14	11	76	2099	0	2200
239	15	10	30	2154	0	2209
240	11	8	19	2124	0	2162
241	6	2086	15	77	0	2184
242	7	60	2055	36	0	2158
243	15	29	57	2010	0	2111
244	9	1999	26	58	0	2092
245	13	2095	13	24	0	2145
246	11	68	2055	16	0	2150
247	9	39	2070	15	0	2133
248	12	20	2131	9	0	2172
249	13	14	77	2065	0	2169
250	12	12	2117	55	0	2196
251	14	12	69	2082	0	2177
252	8	15	2118	63	0	2204
253	2004	15	62	37	0	2118
254	62	2144	30	17	0	2253
255	29	2301	13	20	0	2363
256	18	87	2347	11	0	2463
257	2282	35	63	25	0	2405
258	2339	24	26	19	0	2408
259	2370	13	24	14	0	2421
260	97	11	2239	17	0	2364
261	46	12	2283	16	0	2357
262	25	11	97	2229	0	2362
263	2234	18	40	80	0	2372
264	2245	19	25	45	0	2334
265	86	19	2159	29	0	2293
266	2160	21	77	24	0	2282
267	87	15	44	2120	0	2266
268	37	20	2142	77	0	2276
269	19	21	2176	38	0	2254
270	2054	13	107	33	0	2207
271	69	14	2135	26	0	2244
272	2099	13	97	23	0	2232
273	81	15	2111	18	0	2225
274	38	2026	98	19	0	2181
275	25	2134	49	19	0	2227
276	25	98	32	2032	0	2187
277	28	58	24	2124	0	2234
278	24	31	2053	89	0	2197
279	20	33	87	1997	0	2137
280	20	1962	44	90	0	2116
281	32	2033	28	39	0	2132
282	27	2096	29	24	0	2176
283	33	96	27	2015	0	2171
284	26	46	2020	79	0	2171
285	24	34	2050	37	0	2145
286	26	32	97	1990	0	2145
287	22	22	49	2041	0	2134
288	36	21	35	1915	0	2007
289	29	1986	29	97	0	2141
290	2008	75	16	46	0	2145
291	2018	40	22	37	0	2117
292	99	1976	28	24	0	2127
293	47	79	2005	17	0	2148
294	2011	33	82	16	0	2142
295	86	19	2036	23	0	2164
296	2014	22	92	15	0	2143
297	2040	14	48	30	0	2132
298	2023	19	37	26	0	2105
299	1981	16	25	24	0	2046
300	99	1946	17	33	0	2095
301	1616	57	12	20	0	1705
302	70	1596	21	26	0	1713
303	1363	48	13	8	0	1432
304	47	1324	14	12	0	1397
305	26	44	1209	11	0	1290
306	23	112	36	1028	0	1199
307	16	1105	19	29	0	1169
308	9	1058	13	15	0	1095
309	951	41	45	25	0	1062
310	828	8	4	6	0	846
311	21	868	15	4	0	908
312	20	17	6	839	0	882
313	12	894	4	33	0	943
314	931	21	9	4	0	965
315	25	4	925	5	0	959
316	15	5	20	909	0	949
317	8	3	10	912	0	933
318	11	6	7	929	0	953
319	7	2	905	24	0	938
320	7	849	22	12	0	890
321	7	928	8	8	0	951
322	9	20	7	934	0	970
323	8	10	929	18	0	965
324	2	12	21	925	0	960
325	9	11	4	958	0	982
326	4	9	6	952	0	971
327	6	4	7	958	0	975
328	929	3	9	26	0	967
329	18	934	5	17	0	974
330	937	20	7	15	0	979
331	22	10	929	8	0	969
332	11	14	937	8	0	970
333	11	8	20	937	0	976
334	9	3	13	954	0	979
335	3	959	9	28	0	999
336	6	18	958	13	0	995
337	5	964	22	16	0	1007
338	8	21	992	9	0	1030
339	926	9	24	3	0	962
340	25	1001	8	3	0	1037
341	14	18	1001	7	0	1040
342	12	11	17	985	0	1025
343	6	8	995	19	0	1028
344	7	1000	24	9	0	1040
345	7	22	8	979	0	1016
346	8	996	8	21	0	1033
347	9	23	1002	11	0	1045
348	6	13	22	976	0	1017
349	983	5	6	23	0	1017
350	21	969	5	7	0	1002
351	9	23	936	9	0	977
352	13	22	17	874	0	926
353	7	8	902	19	0	936
354	8	8	781	4	0	801
355	3	709	11	6	0	729
356	8	5	7	629	0	649
357	3	2	2	624	0	631
358	0	3	3	627	0	633
359	2	2	623	9	0	636
360	2	3	615	3	0	623
361	567	3	6	5	0	581
362	4	4	604	1	0	613
363	561	1	4	3	0	569
364	4	590	3	2	0	599
365	2	5	3	579	0	589
366	0	586	1	8	0	595
367	1	601	2	4	0	608
368	1	5	589	1	0	596
369	1	3	3	599	0	606
370	1	5	603	4	0	613
371	3	2	558	2	0	565
372	562	1	7	4	0	574
373	21	2	566	5	0	594
374	2	2	566	4	0	574
375	557	3	4	5	0	569
376	3	1	584	4	0	592
377	1	4	592	2	0	599
378	2	4	6	585	0	597
379	3	600	4	4	0	611
380	1	5	4	609	0	619
381	0	1	5	602	0	608
382	620	1	3	7	0	631
383	8	1	2	615	0	626
384	0	636	5	4	0	645
385	633	3	4	4	0	644
386	6	3	634	3	0	646
387	615	2	9	1	0	627
388	7	3	685	2	0	697
389	0	2	710	4	0	716
390	1	745	4	2	0	752
391	671	8	2	79	0	760
392	4	762	3	7	0	776
393	4	8	785	2	0	799
394	1	3	9	754	0	767
395	2	825	5	4	0	836
396	841	7	3	3	0	854
397	833	3	4	1	0	841
398	9	834	4	2	0	849
399	851	10	1	2	0	864
400	8	3	5	814	0	830
401	1	838	4	8	0	851
402	1	9	0	863	0	873
403	0	6	3	919	0	928
404	926	2	5	9	0	942
405	913	0	1	5	0	919
406	905	4	2	2	0	913
407	14	1	894	4	0	913
408	885	4	7	2	0	898
409	9	3	5	921	0	938
410	4	1	918	11	0	934
411	2	3	833	4	0	842
412	2	857	12	0	0	871
413	805	10	3	2	0	820
414	9	831	1	3	0	844
415	4	7	2	836	0	849
416	3	1	1	847	0	852
417	1	3	868	9	0	881
418	2	6	11	841	0	860
419	2	1	877	9	0	889
420	2	1	845	2	0	850
421	2	873	11	1	0	887
422	2	8	3	866	0	879
423	0	3	1	880	0	884
424	873	0	1	11	0	885
425	8	2	857	3	0	870
426	2	1	9	886	0	898
427	903	0	3	12	0	918
428	11	2	903	2	0	918
429	901	1	7	1	0	910
430	919	1	4	1	0	925
431	11	0	937	3	0	951
432	3	1	9	911	0	924
433	1	0	4	913	0	918
434	3	0	934	12	0	949
435	928	0	9	5	0	942
436	961	0	5	0	0	966
437	933	2	0	2	0	937
438	945	0	0	3	0	948
439	941	0	5	2	0	948
440	15	3	779	6	0	803
441	3	1	942	3	0	949
442	3	946	12	1	0	962
443	5	9	953	1	0	968
444	3	7	11	941	0	962
445	13	4	11	690	0	718
446	5	4	0	961	0	970
447	3	3	1	961	0	968
448	4	1	965	13	0	983
449	2	918	9	4	0	933
450	3	973	3	1	0	980
451	5	10	2	956	0	973
452	1	1003	3	10	0	1017
453	1000	10	2	6	0	1018
454	1003	4	1	8	0	1016
455	13	1035	1	6	0	1055
456	7	8	1	1050	0	1066
457	3	6	3	1065	0	1077
458	4	2	1062	15	0	1083
459	981	1	12	8	0	1002
460	1078	3	2	4	0	1087
461	16	1085	3	3	0	1107
462	1108	9	2	5	0	1124
463	12	7	1139	4	0	1162
464	7	1083	14	4	0	1108
465	8	1138	3	5	0	1154
466	3	1158	5	2	0	1168
467	6	19	2	1163	0	1190
468	1152	6	2	20	0	1180
469	23	4	5	1158	0	1190
470	12	5	1178	24	0	1219
471	10	5	24	1175	0	1214
472	6	6	1217	24	0	1253
473	6	6	27	1179	0	1218
474	10	3	6	1184	0	1203
475	5	1211	9	24	0	1249
476	1247	26	8	8	0	1289
477	25	9	8	1215	0	1257
478	6	1231	4	31	0	1272
479	1239	20	5	16	0	1280
480	1063	7	7	8	0	1085
481	1230	5	10	6	0	1251
482	24	1223	5	16	0	1268
483	7	24	1233	9	0	1273
484	4	7	25	1215	0	1251
485	5	7	8	1194	0	1214
486	8	1209	5	26	0	1248
487	8	27	1199	8	0	1242
488	10	5	1163	9	0	1187
489	1107	4	18	13	0	1142
490	25	5	9	1123	0	1162
491	13	3	1137	18	0	1171
492	7	1183	22	7	0	1219
493	9	22	8	1120	0	1159
494	8	1181	3	14	0	1206
495	6	21	1151	7	0	1185
496	1114	2	22	7	0	1145
497	1163	6	5	9	0	1183
498	21	1168	4	5	0	1198
499	5	19	5	1145	0	1174
500	7	3	1150	16	0	1176
501	9	1116	18	5	0	1148
502	1094	17	7	10	0	1128
503	14	1026	5	3	0	1048
504	5	1044	4	4	0	1057
505	3	17	4	1033	0	1057
506	1	1045	1	16	0	1063
507	1044	15	4	5	0	1068
508	26	6	1	1033	0	1066
509	8	4	996	15	0	1023
510	2	6	967	4	0	979
511	3	2	12	995	0	1012
512	2	992	5	10	0	1009
513	1002	16	0	7	0	1025
514	19	4	3	961	0	987
515	3	5	961	15	0	984
516	1	5	13	955	0	974
517	2	3	6	968	0	979
518	946	7	0	17	0	970
519	17	2	2	929	0	950
520	4	3	913	17	0	937
521	3	2	919	5	0	929
522	2	3	15	938	0	958
523	6	2	3	964	0	975
524	4	7	965	18	0	994
525	862	3	15	12	0	892
526	16	2	946	3	0	967
527	6	926	17	2	0	951
528	4	14	1	938	0	957
529	4	6	930	15	0	955
530	4	6	928	5	0	943
531	2	2	18	897	0	919
532	898	6	7	15	0	926
533	15	3	912	6	0	936
534	6	890	14	5	0	915
535	916	14	7	9	0	946
536	15	6	926	3	0	950
537	890	0	16	8	0	914
538	933	2	10	7	0	952
539	16	945	4	4	0	969
540	10	14	2	900	0	926
541	2	935	8	14	0	959
542	6	19	937	2	0	964
543	922	2	12	8	0	944
544	976	5	5	4	0	990
545	23	4	958	2	0	987
546	7	9	953	4	0	973
547	6	978	18	1	0	1003
548	1008	16	8	5	0	1037
549	20	5	4	997	0	1026
550	11	3	3	955	0	972
551	4	981	2	16	0	1003
552	964	15	4	11	0	994
553	18	7	978	1	0	1004
554	7	1	17	1071	0	1096
555	1097	0	6	28	0	1131
556	24	1129	4	2	0	1159
557	4	20	1273	7	0	1304
558	1	4	1312	2	0	1319
559	3	24	35	1247	0	1309
560	5	1307	5	38	0	1355
561	3	34	1332	7	0	1376
562	3	3	34	1304	0	1344
563	1326	6	5	36	0	1373
564	32	6	1371	6	0	1415
565	8	3	31	1355	0	1397
566	3	3	1376	36	0	1418
567	5	3	1390	4	0	1402
568	2	11	38	1378	0	1429
569	2	2	1407	34	0	1445
570	1228	3	32	6	0	1269
571	25	1	1350	5	0	1381
572	1292	2	27	5	0	1326
573	31	1320	8	1	0	1360
574	1366	25	10	6	0	1407
575	32	1414	2	4	0	1452
576	11	28	3	1391	0	1433
577	7	9	1	1446	0	1463
578	2	4	1422	37	0	1465
579	2	3	1423	11	0	1439
580	3	3	34	1443	0	1483
581	5	1	1444	29	0	1479
582	5	2	35	1395	0	1437
583	2	1383	7	33	0	1425
584	3	1454	12	5	0	1474
585	4	32	4	1438	0	1478
586	6	8	3	1458	0	1475
587	6	7	1408	32	0	1453
588	4	3	31	1379	0	1417
589	3	1349	5	36	0	1393
590	3	1371	7	7	0	1388
591	3	1410	8	8	0	1429
592	1	35	4	1294	0	1334
593	4	1324	5	29	0	1362
594	1305	33	6	8	0	1352
595	31	3	5	1308	0	1347
596	4	5	1303	28	0	1340
597	7	9	30	1274	0	1320
598	3	4	1305	33	0	1345
599	4	5	1309	9	0	1327
600	4	5	1299	12	0	1320
601	4	1305	38	7	0	1354
602	11	31	1325	5	0	1372
603	1317	9	36	8	0	1370
604	1349	7	8	7	0	1371
605	1358	7	12	7	0	1384
606	40	6	6	1335	0	1387
607	1333	7	6	36	0	1382
608	33	1297	10	9	0	1349
609	9	1363	7	16	0	1395
610	1360	32	9	8	0	1409
611	33	8	1392	4	0	1437
612	13	6	33	1382	0	1434
613	12	8	1422	28	0	1470
614	10	10	1422	11	0	1453
615	3	1446	40	12	0	1501
616	8	34	14	1383	0	1439
617	7	7	17	1486	0	1517
618	1451	10	6	38	0	1505
619	28	1444	9	19	0	1500
620	15	1471	6	12	0	1504
621	13	35	1436	8	0	1492
622	7	1465	29	9	0	1510
623	1445	41	15	13	0	1514
624	1447	9	17	10	0	1483
625	44	14	1448	11	0	1517
626	12	12	1471	9	0	1504
627	14	5	39	1424	0	1482
628	4	12	23	1416	0	1455
629	8	1428	19	43	0	1498
630	5	40	14	1429	0	1488
631	14	7	13	1443	0	1477
632	7	1433	15	41	0	1496
633	11	32	9	1417	0	1469
634	7	9	19	1383	0	1418
635	8	1357	18	46	0	1429
636	4	33	1364	20	0	1421
637	12	9	42	1373	0	1436
638	1376	7	19	40	0	1442
639	1359	12	18	11	0	1400
640	49	14	1304	10	0	1377
641	1288	14	34	12	0	1348
642	1333	9	10	11	0	1363
643	36	1305	14	13	0	1368
644	15	33	1252	17	0	1317
645	8	12	1274	19	0	1313
646	6	13	40	1342	0	1401
647	1361	8	25	43	0	1437
648	1433	7	20	16	0	1476
649	35	10	15	1469	0	1529
650	1542	9	7	40	0	1598
651	1597	9	10	16	0	1632
652	1557	15	6	20	0	1598
653	45	9	1537	12	0	1603
654	22	8	1462	16	0	1508
655	1426	2	30	9	0	1467
656	32	13	1418	7	0	1470
657	6	1294	20	1	0	1321
658	14	11	14	1253	0	1292
659	3	7	1297	11	0	1318
660	3	4	1264	7	0	1278
661	4	17	14	1229	0	1264
662	2	2	1262	9	0	1275
663	4	0	1213	7	0	1224
664	1	1096	11	4	0	1112
665	1	1196	8	3	0	1208
666	1214	12	6	3	0	1235
667	7	3	1	1199	0	1210
668	1201	2	0	8	0	1211
669	8	0	1186	5	0	1199
670	6	0	10	1192	0	1208
671	1	0	5	1212	0	1218
672	1210	2	0	16	0	1228
673	10	1223	1	3	0	1237
674	7	7	1128	1	0	1143
675	7	8	1136	0	0	1151
676	2	1212	11	1	0	1226
677	3	5	1229	2	0	1239
678	1	1216	10	3	0	1230
679	2	1148	7	0	0	1157
680	1	13	1183	1	0	1198
681	1155	3	11	2	0	1171
682	5	1	6	1232	0	1244
683	6	1230	1	9	0	1246
684	0	7	3	1251	0	1261
685	1244	5	2	8	0	1259
686	1217	1	1	7	0	1226
687	1230	1	1	4	0	1236
688	9	5	1205	0	0	1219
689	4	1	8	1204	0	1217
690	1	1213	8	9	0	1231
691	1268	6	2	6	0	1282
692	7	4	1	1286	0	1298
693	5	5	1	1248	0	1259
694	3	2	0	1307	0	1312
695	1	2	1301	11	0	1315
696	1204	1	7	8	0	1220
697	8	1294	6	0	0	1308
698	5	7	2	1304	0	1318
699	4	3	2	1319	0	1328
700	1323	1	2	9	0	1335
701	10	4	1230	4	0	1248
702	5	0	1301	1	0	1307
703	2	1309	11	2	0	1324
704	2	9	1375	2	0	1388
705	1320	6	10	10	0	1346
706	10	1386	6	3	0	1405
707	6	11	1413	2	0	1432
708	1344	5	11	6	0	1366
709	12	2	1496	4	0	1514
710	5	1520	12	2	0	1539
711	3	10	3	1515	0	1531
712	5	6	0	1526	0	1537
713	4	1	1496	14	0	1515
714	1	2	1429	7	0	1439
715	4	1452	16	5	0	1477
716	1456	10	5	7	0	1478
717	13	1491	4	3	0	1511
718	8	12	4	1493	0	1517
719	3	7	1488	11	0	1509
720	1406	3	12	8	0	1429
721	15	3	6	1471	0	1495
722	6	1428	6	12	0	1452
723	3	1509	4	5	0	1521
724	3	12	8	1499	0	1522
725	3	10	3	1521	0	1537
726	1507	3	4	18	0	1532
727	13	6	2	1526	0	1547
728	6	4	1532	13	0	1555
729	1496	0	15	7	0	1518
730	1535	3	11	2	0	1551
731	16	2	1534	5	0	1557
732	1522	4	14	3	0	1543
733	18	2	5	1589	0	1614
734	6	5	2	1590	0	1603
735	4	3	4	1620	0	1631
736	5	2	2	1585	0	1594
737	1	1614	5	20	0	1640
738	1656	12	3	11	0	1682
739	1691	9	5	5	0	1710
740	25	3	1751	8	0	1787
741	1778	6	17	6	0	1807
742	1878	1	8	6	0	1893
743	1897	3	5	5	0	1910
744	1970	3	2	1	0	1976
745	28	1956	6	2	0	1992
746	15	20	2	1872	0	1909
747	9	11	1881	17	0	1918
748	7	7	1747	10	0	1771
749	1659	14	42	6	0	1721
750	1702	4	14	8	0	1728
751	25	1662	6	2	0	1695
752	1678	15	2	4	0	1699
753	22	1674	3	2	0	1701
754	12	19	0	1674	0	1705
755	1719	7	4	25	0	1755
756	1706	3	4	10	0	1723
757	1714	2	0	3	0	1719
758	28	1686	1	4	0	1719
759	1698	18	2	4	0	1722
760	24	6	0	1721	0	1751
761	1785	6	2	20	0	1813
762	23	3	1741	7	0	1774
763	11	1752	15	4	0	1782
764	1800	18	6	5	0	1829
765	21	8	1797	5	0	1831
766	9	5	17	1795	0	1826
767	9	2	1815	18	0	1844
768	6	1	1793	7	0	1807
769	6	2	20	1789	0	1817
770	4	1	1836	18	0	1859
771	3	3	22	1814	0	1842
772	8	2	7	1819	0	1836
773	1872	0	7	22	0	1901
774	21	1836	3	14	0	1874
775	12	1867	3	12	0	1894
776	7	1890	5	1	0	1903
777	6	27	1872	5	0	1910
778	7	13	23	1891	0	1934
779	3	10	1914	20	0	1947
780	1832	2	25	15	0	1874
781	1901	1	11	7	0	1920
782	29	1889	6	4	0	1928
783	20	23	4	1839	0	1886
784	10	1903	2	21	0	1936
785	1905	28	3	7	0	1943
786	25	9	4	1910	0	1948
787	15	7	1880	24	0	1926
788	10	1850	25	13	0	1898
789	4	22	1932	11	0	1969
790	11	10	27	1915	0	1963
791	11	7	1896	24	0	1938
792	1790	6	25	13	0	1834
793	30	11	1870	5	0	1916
794	13	1886	26	8	0	1933
795	13	24	13	1872	0	1922
796	12	11	14	1909	0	1946
797	1883	8	8	33	0	1932
798	1904	4	5	17	0	1930
799	33	1866	9	9	0	1917
800	18	23	1831	7	0	1879
801	14	14	1794	5	0	1827
802	1790	8	32	10	0	1840
803	30	7	1803	8	0	1848
804	16	5	1726	10	0	1757
805	17	6	1723	6	0	1752
806	14	9	1742	8	0	1773
807	11	1742	32	4	0	1789
808	1775	18	17	7	0	1817
809	27	12	10	1711	0	1760
810	1711	12	5	19	0	1747
811	30	1689	14	10	0	1743
812	1709	23	9	14	0	1755
813	30	1742	14	11	0	1797
814	13	24	11	1754	0	1802
815	16	1812	10	27	0	1865
816	16	28	1797	11	0	1852
817	9	1841	25	9	0	1884
818	11	31	10	1956	0	2008
819	1955	22	15	25	0	2017
820	35	9	2	1957	0	2003
821	18	8	1955	29	0	2010
822	12	11	24	1916	0	1963
823	10	1938	20	32	0	2000
824	12	30	1936	13	0	1991
825	1915	21	29	15	0	1980
826	29	11	18	1984	0	2042
827	1970	5	11	35	0	2021
828	1956	11	9	23	0	1999
829	40	1980	15	16	0	2051
830	1959	29	8	16	0	2012
831	2029	19	10	10	0	2068
832	40	2000	14	13	0	2067
833	30	33	12	2004	0	2079
834	23	14	9	2001	0	2047
835	10	1997	17	42	0	2066
836	25	33	7	2029	0	2094
837	13	23	1988	39	0	2063
838	16	18	34	1958	0	2026
839	13	7	1941	44	0	2005
840	12	8	1777	19	0	1816
841	6	1777	36	16	0	1835
842	9	1751	14	21	0	1795
843	9	1830	14	4	0	1857
844	13	35	12	1729	0	1789
845	3	11	1714	29	0	1757
846	1675	7	28	15	0	1725
847	25	13	11	1734	0	1783
848	8	9	1745	27	0	1789
849	6	13	1716	9	0	1744
850	4	1767	33	13	0	1817
851	12	33	17	1744	0	1806
852	1731	9	7	35	0	1782
853	23	1707	10	13	0	1753
854	13	1698	10	7	0	1728
855	6	1690	11	10	0	1717
856	5	41	10	1679	0	1735
857	5	1724	9	28	0	1766
858	4	40	5	1860	0	1909
859	18	15	6	1886	0	1925
860	8	12	1830	42	0	1892
861	1661	15	29	14	0	1719
862	28	10	1815	12	0	1865
863	12	11	31	1797	0	1851
864	7	7	1792	36	0	1842
865	4	1786	35	18	0	1843
866	1789	33	13	17	0	1852
867	31	15	8	1759	0	1813
868	9	8	11	1796	0	1824
869	1766	6	8	42	0	1822
870	1768	2	13	18	0	1801
871	1814	8	5	20	0	1847
872	42	6	1783	9	0	1840
873	1666	8	29	12	0	1715
874	39	1670	11	11	0	1731
875	20	1677	8	8	0	1713
876	15	30	5	1626	0	1676
877	13	13	5	1593	0	1624
878	11	1587	12	31	0	1641
879	14	31	4	1594	0	1643
880	1573	15	9	34	0	1631
881	30	13	1569	18	0	1630
882	11	1574	25	17	0	1627
883	1541	35	9	17	0	1602
884	27	1553	8	12	0	1600
885	10	31	1553	11	0	1605
886	17	15	24	1539	0	1595
887	9	11	1549	31	0	1600
888	9	1533	29	13	0	1584
889	12	28	16	1503	0	1559
890	2	24	1499	26	0	1551
891	12	14	1508	18	0	1552
892	8	10	27	1518	0	1563
893	1516	12	24	31	0	1583
894	1527	8	9	20	0	1564
895	1528	6	13	16	0	1563
896	38	10	1527	9	0	1584
897	14	1530	34	11	0	1589
898	17	33	14	1519	0	1583
899	10	12	15	1498	0	1535
900	8	1532	10	32	0	1582
901	1537	27	6	19	0	1589
902	30	14	10	1539	0	1593
903	14	15	1536	32	0	1597
904	9	1527	30	24	0	1590
905	1490	31	19	17	0	1557
906	33	1501	13	14	0	1561
907	18	30	10	1499	0	1557
908	15	11	9	1504	0	1539
909	17	12	14	1507	0	1550
910	12	11	1480	34	0	1537
911	18	12	27	1432	0	1489
912	5	1401	15	41	0	1462
913	13	1415	7	19	0	1454
914	11	32	1339	17	0	1399
915	1280	17	22	14	0	1333
916	1312	12	13	19	0	1356
917	26	1281	16	21	0	1344
918	1182	34	9	8	0	1233
919	1189	15	3	12	0	1219
920	28	1217	9	12	0	1266
921	13	21	10	1245	0	1289
922	15	10	1304	30	0	1359
923	14	13	1273	14	0	1314
924	1295	14	30	14	0	1353
925	33	1320	13	17	0	1383
926	11	25	13	1315	0	1364
927	9	15	8	1325	0	1357
928	16	12	7	1324	0	1359
929	1299	9	7	34	0	1349
930	28	7	10	1298	0	1343
931	13	9	8	1278	0	1308
932	11	6	1235	27	0	1279
933	1169	8	17	11	0	1205
934	22	1215	10	18	0	1265
935	1230	19	10	9	0	1268
936	21	1202	10	6	0	1239
937	11	20	6	1219	0	1256
938	1212	9	10	17	0	1248
939	1228	8	7	11	0	1254
940	21	7	1200	11	0	1239
941	1243	6	15	12	0	1276
942	19	12	1251	9	0	1291
943	13	7	1193	8	0	1221
944	8	3	1201	13	0	1225
945	5	9	1309	11	0	1334
946	8	14	24	1349	0	1395
947	12	3	1344	22	0	1381
948	6	9	22	1309	0	1346
949	1300	7	8	25	0	1340
950	20	8	5	1296	0	1329
951	1273	6	2	26	0	1307
952	19	1274	8	9	0	1310
953	8	23	3	1286	0	1320
954	10	7	1248	18	0	1283
955	3	1306	19	9	0	1337
956	10	21	5	1251	0	1287
957	6	5	1242	17	0	1270
958	6	1102	13	3	0	1124
959	1	1152	1	3	0	1157
960	1	15	1149	4	0	1169
961	7	4	16	1106	0	1133
962	3	4	1093	18	0	1118
963	1038	0	19	3	0	1060
964	1074	0	2	5	0	1081
965	16	1076	6	2	0	1100
966	1060	16	4	1	0	1081
967	19	0	1	1071	0	1091
968	1	5	1057	16	0	1079
969	1042	1	16	2	0	1061
970	17	0	1044	4	0	1065
971	1	1033	20	1	0	1055
972	1057	18	2	6	0	1083
973	18	2	4	1067	0	1091
974	3	4	1080	19	0	1106
975	1059	2	18	4	0	1083
976	1059	1	1	7	0	1068
977	1067	1	4	4	0	1076
978	22	1	1	1051	0	1075
979	5	0	4	1071	0	1080
980	5	0	1045	20	0	1070
981	0	1051	22	3	0	1076
982	5	20	0	1036	0	1061
983	2	2	5	1074	0	1083
984	0	4	1052	22	0	1078
985	4	1	1059	4	0	1068
986	3	0	21	1055	0	1079
987	1031	0	8	26	0	1065
988	22	1043	6	0	0	1071
989	1053	20	3	7	0	1083
990	23	1054	5	2	0	1084
991	2	23	1055	2	0	1082
992	5	3	1058	4	0	1070
993	1020	4	22	4	0	1050
994	1078	2	5	1	0	1086
995	21	1063	4	8	0	1096
996	6	19	1046	5	0	1076
997	8	0	21	1045	0	1074
998	8	7	1	1029	0	1045
999	6	1055	7	21	0	1089
1000	3	22	3	1067	0	1095
1001	0	4	1068	29	0	1101
1002	1041	6	23	10	0	1080
1003	1062	2	6	8	0	1078
1004	1041	5	8	8	0	1062
1005	1086	3	4	3	0	1096
1006	29	4	1055	5	0	1093
1007	1046	3	25	4	0	1078
1008	33	2	1049	1	0	1085
1009	6	1043	29	11	0	1089
1010	7	20	8	1069	0	1104
1011	1076	1	8	21	0	1106
1012	25	6	5	1120	0	1156
1013	4	5	1122	27	0	1158
1014	1113	6	28	5	0	1152
1015	1156	3	4	9	0	1172
1016	28	2	9	1131	0	1170
1017	10	1	8	1158	0	1177
1018	11	5	1108	30	0	1154
1019	11	1125	25	6	0	1167
1020	1074	28	2	8	0	1112
1021	31	5	1019	6	0	1061
1022	949	5	22	8	0	984
1023	32	986	5	3	0	1026
1024	974	26	9	6	0	1015
1025	34	939	6	4	0	983
1026	10	963	3	7	0	983
1027	6	29	7	952	0	994
1028	8	6	3	984	0	1001
1029	6	6	3	995	0	1010
1030	5	8	2	991	0	1006
1031	6	2	961	33	0	1002
1032	943	3	27	11	0	984
1033	985	3	4	10	0	1002
1034	994	0	8	7	0	1009
1035	33	3	6	965	0	1007
1036	12	1	5	975	0	993
1037	960	6	2	26	0	994
1038	971	2	3	6	0	982
1039	979	4	4	10	0	997
1040	32	2	5	946	0	985
1041	11	2	6	904	0	923
1042	10	5	867	30	0	912
1043	11	1	838	7	0	857
1044	5	842	22	10	0	879
1045	730	38	14	13	0	795
1046	715	4	6	4	0	729
1047	735	3	6	3	0	747
1048	28	3	728	2	0	761
1049	720	3	22	4	0	749
1050	744	1	3	5	0	753
1051	751	2	5	7	0	765
1052	26	1	5	730	0	762
1053	12	2	2	728	0	744
1054	10	1	2	736	0	749
1055	8	2	647	20	0	677
1056	626	2	16	7	0	651
1057	24	656	4	9	0	693
1058	583	18	2	7	0	610
1059	19	568	2	3	0	592
1060	6	601	1	4	0	612
1061	3	17	2	594	0	616
1062	9	1	3	592	0	605
1063	6	577	1	16	0	600
1064	570	15	1	4	0	590
1065	575	0	2	7	0	584
1066	14	0	4	568	0	586
1067	3	5	568	14	0	590
1068	6	4	541	2	0	553
1069	8	1	567	1	0	577
1070	6	2	568	3	0	579
1071	538	3	14	3	0	558
1072	557	0	5	3	0	565
1073	12	2	5	534	0	553
1074	1	2	529	12	0	544
1075	4	0	12	525	0	541
1076	4	504	4	12	0	524
1077	3	606	1	5	0	615
1078	634	9	4	3	0	650
1079	643	0	4	2	0	649
1080	647	1	1	4	0	653
1081	12	4	2	629	0	647
1082	7	2	1	641	0	651
1083	5	3	1	646	0	655
1084	7	1	2	643	0	653
1085	3	0	635	14	0	652
1086	3	2	9	649	0	663
1087	685	3	1	16	0	705
1088	14	0	1	698	0	713
1089	3	2	2	706	0	713
1090	2	3	3	700	0	708
1091	4	664	3	15	0	686
1092	4	656	2	5	0	667
1093	2	669	2	4	0	677
1094	5	11	1	662	0	679
1095	6	2	1	671	0	680
1096	673	4	1	17	0	695
1097	672	3	2	5	0	682
1098	684	2	3	6	0	695
1099	14	2	2	677	0	695
1100	4	1	3	683	0	691
1101	7	653	0	13	0	673
1102	6	692	2	4	0	704
1103	683	13	2	5	0	703
1104	15	3	0	664	0	682
1105	674	6	0	14	0	694
1106	702	3	0	4	0	709
1107	12	3	1	696	0	712
1108	5	742	2	13	0	762
1109	758	10	1	6	0	775
1110	793	2	0	4	0	799
1111	15	3	818	3	0	839
1112	777	2	4	5	0	788
1113	10	782	2	4	0	798
1114	4	6	2	820	0	832
1115	938	3	1	9	0	951
1116	10	1	2	943	0	956
1117	5	2	1	933	0	941
1118	4	940	0	10	0	954
1119	942	5	0	8	0	955
1120	945	4	0	5	0	954
1121	10	927	1	3	0	941
1122	7	987	0	2	0	996
1123	1006	10	1	3	0	1020
1124	1001	6	1	1	0	1009
1125	11	1	983	1	0	996
1126	8	2	914	2	0	926
1127	57	2	941	3	0	1003
1128	3	2	9	1024	0	1038
1129	4	0	6	1037	0	1047
1130	3	2	1051	8	0	1064
1131	1032	2	5	5	0	1044
1132	1090	1	5	7	0	1103
1133	1096	0	3	4	0	1103
1134	1092	2	1	2	0	1097
1135	10	2	1187	2	0	1201
1136	1192	1	4	2	0	1199
1137	1217	0	8	8	0	1233
1138	1232	1	3	4	0	1240
1139	1253	0	4	4	0	1261
1140	1237	0	1	4	0	1242
1141	11	2	1257	3	0	1273
1142	9	1239	3	9	0	1260
1143	9	4	5	1246	0	1264
1144	4	9	1	1281	0	1295
1145	3	6	1274	9	0	1292
1146	1215	4	2	8	0	1229
1147	6	0	7	1276	0	1289
1148	12	2	1297	5	0	1316
1149	7	0	1233	8	0	1248
1150	6	1341	7	8	0	1362
1151	5	4	8	1384	0	1401
1152	5	5	1	1401	0	1412
1153	2	3	3	1399	0	1407
1154	1404	5	4	11	0	1424
1155	6	1	3	1407	0	1417
1156	7	2	1397	10	0	1416
1157	6	4	1235	12	0	1257
1158	5	1	1438	3	0	1447
1159	8	0	11	1480	0	1499
1160	1494	2	8	6	0	1510
1161	7	1	1515	7	0	1530
1162	1479	0	6	10	0	1495
1163	1631	1	10	10	0	1652
1164	16	0	5	1658	0	1679
1165	12	2	1	1665	0	1680
1166	6	1638	2	11	0	1657
1167	8	5	1663	8	0	1684
1168	1643	4	7	7	0	1661
1169	7	2	8	1741	0	1758
1170	7	1719	4	8	0	1738
1171	7	7	3	1749	0	1766
1172	6	5	1749	12	0	1772
1173	10	3	8	1731	0	1752
1174	4	1734	7	10	0	1755
1175	6	8	3	1752	0	1769
1176	1745	7	3	10	0	1765
1177	7	3	5	1677	0	1692
1178	5	1625	6	8	0	1644
1179	4	1653	3	12	0	1672
1180	1623	11	2	9	0	1645
1181	7	4	1666	8	0	1685
1182	7	3	11	1663	0	1684
1183	6	5	6	1697	0	1714
1184	5	5	1715	12	0	1737
1185	4	1693	9	13	0	1719
1186	7	6	1719	7	0	1739
1187	4	6	8	1682	0	1700
1188	4	1695	6	6	0	1711
1189	1756	7	5	12	0	1780
1190	6	1736	7	8	0	1757
1191	5	1768	5	2	0	1780
1192	1825	6	1	9	0	1841
1193	1886	5	1	5	0	1897
1194	1934	3	2	5	0	1944
1195	14	0	4	1962	0	1980
1196	10	2	1983	6	0	2001
1197	2028	1	6	6	0	2041
1198	2159	3	4	8	0	2174
1199	15	0	2	2269	0	2286
1200	8	1	2252	10	0	2271
1201	3	2247	11	5	0	2266
1202	2251	10	4	7	0	2272
1203	2326	5	3	12	0	2346
1204	11	2332	5	0	0	2348
1205	8	2376	3	1	0	2388
1206	2378	15	1	13	0	2407
1207	2382	8	2	3	0	2395
1208	2348	5	1	0	0	2354
1209	18	4	2	2319	0	2343
1210	11	2	2334	14	0	2361
1211	9	3	12	2279	0	2303
1212	5	5	2294	14	0	2318
1213	4	2213	13	6	0	2236
1214	5	2269	4	3	0	2281
1215	9	13	4	2138	0	2164
1216	5	2	2	2173	0	2182
1217	2	3	3	2139	0	2147
1218	0	2182	3	17	0	2202
1219	2166	12	4	4	0	2186
1220	2142	5	3	4	0	2154
1221	14	2185	3	2	0	2204
1222	10	16	0	2128	0	2154
1223	7	2133	2	12	0	2154
1224	5	14	2	2113	0	2134
1225	3	2140	0	14	0	2157
1226	2143	13	1	4	0	2161
1227	20	2	1	2095	0	2118
1228	6	6	2064	15	0	2091
1229	2041	3	14	10	0	2068
1230	2054	5	2	14	0	2075
1231	14	3	2045	5	0	2067
1232	7	4	10	2047	0	2068
1233	6	4	2069	16	0	2095
1234	6	3	14	2071	0	2094
1235	1	7	1979	18	0	2005
1236	1910	0	16	8	0	1934
1237	17	5	2	1951	0	1975
1238	3	1962	6	12	0	1983
1239	2011	19	2	9	0	2041
1240	23	5	2	2037	0	2067
1241	9	2	1	2032	0	2044
1242	2	12	2017	21	0	2052
1243	12	2	16	2097	0	2127
1244	8	5	2131	24	0	2168
1245	5	5	2178	10	0	2198
1246	7	4	22	2294	0	2327
1247	5	6	2446	23	0	2480
1248	2428	3	27	15	0	2473
1249	2841	3	9	15	0	2868
1250	2954	3	9	15	0	2981
1251	47	3024	6	9	0	3086
1252	21	46	9	3076	0	3152
1253	20	14	3	2984	0	3021
1254	11	3107	7	54	0	3179
1255	3117	50	3	25	0	3195
1256	52	18	7	3092	0	3169
1257	22	13	3127	54	0	3216
1258	12	13	2952	25	0	3002
1259	12	3016	57	15	0	3100
1260	3041	45	17	28	0	3131
1261	48	18	3014	13	0	3093
1262	2913	10	50	13	0	2986
1263	51	2835	20	12	0	2918
1264	31	44	2851	10	0	2936
1265	12	17	2723	11	0	2763
1266	11	13	2834	7	0	2865
1267	13	2808	59	10	0	2890
1268	15	44	2844	9	0	2912
1269	2774	19	60	10	0	2863
1270	55	16	20	2687	0	2778
1271	25	12	12	2820	0	2869
1272	12	7	18	2861	0	2898
1273	13	7	10	2873	0	2903
1274	14	9	2293	602	0	2918
1275	13	6	40	2850	0	2909
1276	19	8	19	2880	0	2926
1277	2823	6	10	76	0	2915
1278	2887	6	12	37	0	2942
1279	2764	6	9	29	0	2808
1280	65	8	2808	25	0	2906
1281	30	2779	48	21	0	2878
1282	22	2927	24	16	0	2989
1283	2830	53	15	19	0	2917
1284	53	2897	14	14	0	2978
1285	32	59	13	2851	0	2955
1286	20	23	10	2913	0	2966
1287	14	11	2861	69	0	2955
1288	9	2831	54	31	0	2925
1289	9	54	2749	17	0	2829
1290	2747	19	52	24	0	2842
1291	2843	14	30	6	0	2893
1292	75	16	14	2775	0	2880
1293	29	10	15	2755	0	2809
1294	25	7	18	2734	0	2784
1295	26	13	12	2745	0	2796
1296	13	8	2665	84	0	2770
1297	16	11	50	2595	0	2672
1298	8	6	2523	70	0	2607
1299	12	2	2376	35	0	2425
1300	6	2395	59	26	0	2486
1301	2419	46	24	28	0	2517
1302	51	2448	15	16	0	2530
1303	29	50	17	2357	0	2453
1304	16	21	2414	50	0	2501
1305	2351	15	56	25	0	2447
1306	52	12	2376	17	0	2457
1307	2385	11	62	12	0	2470
1308	2420	7	28	10	0	2465
1309	80	11	14	2433	0	2538
1310	29	7	19	2436	0	2491
1311	23	9	10	2459	0	2501
1312	16	5	2355	85	0	2461
1313	2323	10	57	39	0	2429
1314	61	2345	25	22	0	2453
1315	35	55	14	2344	0	2448
1316	2350	19	13	73	0	2455
1317	2404	11	15	34	0	2464
1318	2421	8	7	26	0	2462
1319	94	11	2302	26	0	2433
1320	2414	10	58	18	0	2500
1321	2435	18	26	21	0	2500
1322	89	8	2060	36	0	2193
1323	37	13	2419	21	0	2490
1324	35	10	74	2416	0	2535
1325	28	7	2446	73	0	2554
1326	18	2341	91	29	0	2479
1327	19	2468	45	13	0	2545
1328	2418	79	31	19	0	2547
1329	79	2471	29	5	0	2584
1330	45	74	18	2446	0	2583
1331	2378	32	25	71	0	2506
1332	78	2462	16	27	0	2583
1333	30	83	18	2436	0	2567
1334	21	29	26	2509	0	2585
1335	21	20	2430	89	0	2560
1336	18	19	74	2442	0	2553
1337	16	14	2399	94	0	2523
1338	22	8	2394	44	0	2468
1339	20	10	73	2344	0	2447
1340	15	9	31	2393	0	2448
1341	2306	5	23	105	0	2439
1342	64	2439	20	55	0	2578
1343	31	58	14	2371	0	2474
1344	29	46	17	2370	0	2462
1345	2248	13	13	103	0	2377
1346	73	2134	11	53	0	2271
1347	38	1955	8	38	0	2039
1348	33	1865	13	20	0	1931
1349	15	1554	4	16	0	1589
1350	1291	52	38	12	0	1393
1351	1266	17	10	10	0	1303
1352	1217	14	7	6	0	1244
1353	1219	8	2	11	0	1240
1354	56	9	4	1170	0	1239
1355	23	9	1154	32	0	1218
1356	14	1156	36	9	0	1215
1357	17	31	7	1141	0	1196
1358	12	10	1134	35	0	1191
1359	12	11	34	1130	0	1187
1360	5	10	11	1146	0	1172
1361	10	6	1115	49	0	1180
1362	11	8	40	1129	0	1188
1363	16	7	12	1101	0	1136
1364	1142	4	10	47	0	1203
1365	1138	2	8	30	0	1178
1366	1144	2	5	18	0	1169
1367	1144	1	4	19	0	1168
1368	53	3	9	1097	0	1162
1369	25	7	9	1114	0	1155
1370	25	2	4	1124	0	1155
1371	1091	3	6	53	0	1153
1372	45	5	6	1095	0	1151
1373	20	4	6	1117	0	1147
1374	19	3	1047	53	0	1122
1375	15	5	34	1026	0	1080
1376	9	1005	10	48	0	1072
1377	12	1059	8	22	0	1101
1378	1012	36	7	17	0	1072
1379	36	18	988	14	0	1056
1380	13	937	30	11	0	991
1381	939	33	10	7	0	989
1382	35	13	8	937	0	993
1383	13	18	928	34	0	993
1384	15	10	26	911	0	962
1385	11	938	15	35	0	999
1386	939	33	14	16	0	1002
1387	31	938	6	14	0	989
1388	934	32	4	13	0	983
1389	960	16	5	11	0	992
1390	42	12	3	933	0	990
1391	20	7	4	940	0	971
1392	8	952	5	40	0	1005
1393	952	30	2	27	0	1011
1394	31	15	936	15	0	997
1395	907	7	27	12	0	953
1396	895	8	10	7	0	920
1397	40	3	848	13	0	904
1398	20	4	24	836	0	884
1399	840	6	10	30	0	886
1400	34	4	818	15	0	871
1401	16	4	801	14	0	835
1402	764	5	32	14	0	815
1403	31	756	15	7	0	809
1404	11	723	9	5	0	748
1405	11	27	10	698	0	746
1406	15	9	696	21	0	741
1407	674	8	19	10	0	711
1408	23	4	701	8	0	736
1409	12	626	17	9	0	664
1410	639	14	12	5	0	670
1411	18	7	10	633	0	668
1412	639	9	5	15	0	668
1413	24	4	634	10	0	672
1414	12	2	19	611	0	644
1415	8	640	7	19	0	674
1416	8	17	6	645	0	676
1417	4	9	8	656	0	677
1418	8	6	637	23	0	674
1419	6	602	16	14	0	638
1420	5	596	8	12	0	621
1421	4	18	583	7	0	612
1422	543	12	11	4	0	570
1423	565	6	7	7	0	585
1424	22	2	7	557	0	588
1425	540	0	5	10	0	555
1426	14	517	2	10	0	543
1427	14	538	2	8	0	562
1428	540	18	3	11	0	572
1429	13	9	3	541	0	566
1430	554	6	2	10	0	572
1431	573	4	1	8	0	586
1432	16	1	2	541	0	560
1433	10	3	539	12	0	564
1434	536	4	8	6	0	554
1435	541	0	7	8	0	556
1436	16	2	7	532	0	557
1437	13	539	2	10	0	564
1438	7	10	4	549	0	570
1439	6	7	544	11	0	568
1440	8	5	524	10	0	547
1441	5	530	11	8	0	554
1442	11	1	5	385	0	402
1443	1	2	4	392	0	399
1444	2	1	393	4	0	400
1445	374	5	1	4	0	384
1446	393	2	3	1	0	399
1447	399	1	1	6	0	407
1448	408	1	2	1	0	412
1449	7	380	1	4	0	392
1450	3	402	3	3	0	411
1451	420	4	2	2	0	428
1452	6	3	1	437	0	447
1453	6	0	0	442	0	448
1454	3	443	2	6	0	454
1455	2	3	3	450	0	458
1456	3	3	0	446	0	452
1457	1	446	3	4	0	454
1458	3	2	436	7	0	448
1459	3	3	2	437	0	445
1460	439	1	4	5	0	449
1461	426	5	0	4	0	435
1462	5	1	419	1	0	426
1463	3	0	399	2	0	404
1464	4	0	414	1	0	419
1465	4	2	2	415	0	423
1466	1	1	418	4	0	424
1467	1	2	405	2	0	410
1468	2	4	5	415	0	426
1469	2	448	3	5	0	458
1470	2	3	452	4	0	461
1471	2	461	3	3	0	469
1472	459	9	1	3	0	472
1473	3	462	1	2	0	468
1474	2	4	2	462	0	470
1475	456	3	3	5	0	467
1476	6	0	1	462	0	469
1477	4	1	1	464	0	470
1478	3	1	465	5	0	474
1479	3	443	4	3	0	453
1480	1	466	5	2	0	474
1481	1	4	4	446	0	455
1482	0	2	4	452	0	458
1483	1	0	2	449	0	452
1484	1	1	439	4	0	445
1485	1	1	406	3	0	411
1486	398	2	6	1	0	407
1487	3	2	424	2	0	431
1488	3	1	428	2	0	434
1489	1	425	3	1	0	430
1490	3	7	3	441	0	454
1491	3	1	438	4	0	446
1492	4	1	2	433	0	440
1493	3	1	438	6	0	448
1494	0	3	5	450	0	458
1495	0	2	462	8	0	472
1496	3	2	4	456	0	465
1497	1	3	1	459	0	464
1498	0	468	1	9	0	478
1499	1	5	0	472	0	478
1500	1	475	2	7	0	485
1501	1	3	3	487	0	494
1502	2	2	5	482	0	491
1503	477	3	3	3	0	486
1504	5	1	4	478	0	488
1505	3	0	474	6	0	483
1506	3	1	6	468	0	478
1507	1	2	4	477	0	484
1508	1	1	471	7	0	480
1509	1	2	469	4	0	476
1510	2	0	5	468	0	475
1511	0	1	6	474	0	481
1512	1	1	466	6	0	474
1513	1	441	6	5	0	453
1514	1	464	1	8	0	474
1515	460	5	3	5	0	473
1516	4	6	0	454	0	464
1517	452	2	3	7	0	464
1518	444	4	4	7	0	459
1519	4	445	2	9	0	460
1520	447	3	3	6	0	459
1521	450	2	4	5	0	461
1522	4	2	449	6	0	461
1523	5	2	6	448	0	461
1524	2	4	457	6	0	469
1525	1	4	8	450	0	463
1526	2	2	448	8	0	460
1527	1	408	5	9	0	423
1528	1	433	7	9	0	450
1529	1	5	1	436	0	443
1530	431	5	4	4	0	444
1531	6	4	2	421	0	433
1532	2	1	1	435	0	439
1533	3	3	433	4	0	443
1534	2	3	409	6	0	420
1535	2	4	420	5	0	431
1536	6	1	5	425	0	437
1537	5	2	5	406	0	418
1538	2	415	9	7	0	433
1539	1	425	5	6	0	437
1540	414	6	5	4	0	429
1541	3	414	5	8	0	430
1542	2	4	412	5	0	423
1543	7	4	4	399	0	414
1544	1	6	425	6	0	438
1545	1	425	8	7	0	441
1546	3	2	6	439	0	450
1547	417	2	3	15	0	437
1548	6	2	423	6	0	437
1549	2	429	6	9	0	446
1550	3	5	421	6	0	435
1551	1	410	9	6	0	426
1552	2	4	7	393	0	406
1553	388	0	8	4	0	400
1554	378	2	2	8	0	390
1555	1	386	5	4	0	396
1556	385	3	2	5	0	395
1557	4	3	1	394	0	402
1558	390	5	3	4	0	402
1559	3	2	416	2	0	423
1560	1	2	418	7	0	428
1561	2	1	11	413	0	427
1562	2	2	4	435	0	443
1563	2	5	422	9	0	438
1564	3	3	8	426	0	440
1565	426	2	1	11	0	440
1566	427	4	4	4	0	439
1567	9	408	2	5	0	424
1568	5	402	4	3	0	414
1569	378	11	2	2	0	393
1570	9	1	3	366	0	379
1571	366	3	2	10	0	381
1572	9	363	4	3	0	379
1573	359	9	1	8	0	377
1574	10	1	360	4	0	375
1575	3	1	367	7	0	378
1576	4	0	12	361	0	377
1577	2	3	370	7	0	382
1578	1	8	10	343	0	362
1579	0	4	3	347	0	354
1580	4	0	365	12	0	381
1581	4	0	8	366	0	378
1582	4	0	1	373	0	378
1583	2	3	366	9	0	380
1584	5	4	375	1	0	385
1585	373	3	8	3	0	387
1586	9	3	374	2	0	388
1587	390	0	11	4	0	405
1588	422	1	4	5	0	432
1589	8	2	417	3	0	430
1590	1	1	419	4	0	425
1591	3	1	14	405	0	423
1592	3	0	3	413	0	419
1593	2	405	3	6	0	416
1594	2	417	4	2	0	425
1595	0	9	399	3	0	411
1596	389	3	9	5	0	406
1597	398	1	2	4	0	405
1598	10	0	392	5	0	407
1599	5	1	395	3	0	404
1600	2	4	11	382	0	399
1601	6	393	3	7	0	409
1602	2	7	4	400	0	413
1603	3	2	4	403	0	412
1604	407	0	2	8	0	417
1605	420	1	5	4	0	430
1606	10	0	3	435	0	448
1607	1	2	436	12	0	451
1608	414	0	11	3	0	428
1609	8	432	3	5	0	448
1610	439	7	2	4	0	452
1611	433	1	2	4	0	440
1612	6	432	4	0	0	442
1613	4	449	1	3	0	457
1614	3	10	2	445	0	460
1615	6	0	3	452	0	461
1616	4	444	2	11	0	461
1617	3	11	3	452	0	469
1618	2	2	5	458	0	467
1619	2	1	462	13	0	478
1620	442	2	10	5	0	459
1621	464	1	3	2	0	470
1622	472	1	1	3	0	477
1623	14	1	1	459	0	475
1624	446	2	2	13	0	463
1625	12	442	3	2	0	459
1626	1	8	4	424	0	437
1627	1	429	2	11	0	443
1628	3	456	3	4	0	466
1629	448	11	5	1	0	465
1630	453	1	4	3	0	461
1631	455	0	1	4	0	460
1632	455	0	4	1	0	460
1633	453	1	3	2	0	459
1634	11	0	447	5	0	463
1635	428	0	12	5	0	445
1636	12	3	465	0	0	480
1637	444	4	12	0	0	460
1638	456	0	2	4	0	462
1639	454	1	1	2	0	458
1640	14	2	479	1	0	496
1641	0	3	10	484	0	497
1642	2	503	2	9	0	516
1643	512	7	3	2	0	524
1644	504	4	2	0	0	510
1645	12	516	2	6	0	536
1646	540	11	2	3	0	556
1647	12	3	2	532	0	549
1648	2	541	1	13	0	557
1649	548	10	1	4	0	563
1650	548	0	1	6	0	555
1651	15	1	0	551	0	567
1652	552	1	1	14	0	568
1653	13	1	3	556	0	573
1654	5	0	1	574	0	580
1655	2	2	566	10	0	580
1656	3	3	9	556	0	571
1657	6	2	1	569	0	578
1658	3	2	563	12	0	580
1659	2	2	518	0	0	522
1660	2	1	5	547	0	555
1661	1	1	552	6	0	560
1662	505	0	7	2	0	514
1663	6	570	0	1	0	577
1664	1	7	0	582	0	590
1665	3	0	0	594	0	597
1666	0	1	0	583	0	584
1667	589	0	1	7	0	597
1668	588	1	0	3	0	592
1669	597	0	1	3	0	601
1670	7	600	1	0	0	608
1671	4	6	0	606	0	616
1672	3	1	0	626	0	630
1673	621	2	0	7	0	630
1674	622	0	0	1	0	623
1675	8	3	0	616	0	627
1676	1	2	607	6	0	616
1677	600	1	6	2	0	609
1678	628	1	0	2	0	631
1679	7	2	630	1	0	640
1680	602	0	7	1	0	610
1681	9	0	646	2	0	657
1682	654	1	6	3	0	664
1683	9	0	1	674	0	684
1684	1	695	3	6	0	705
1685	3	7	730	1	0	741
1686	1	712	10	1	0	724
1687	4	654	1	1	0	660
1688	745	12	0	9	0	766
1689	9	1	3	739	0	752
1690	2	0	0	723	0	725
1691	800	0	0	12	0	812
1692	10	0	1	814	0	825
1693	4	0	0	817	0	821
1694	1	0	0	820	0	821
1695	1	3	0	820	0	824
1696	4	0	809	10	0	823
1697	2	0	776	2	0	780
1698	2	806	9	2	0	819
1699	846	9	0	2	0	857
1700	9	2	0	849	0	860
1701	1	823	2	9	0	835
1702	2	10	0	889	0	901
1703	1	2	0	899	0	902
1704	1	0	1	889	0	891
1705	2	0	1	892	0	895
1706	0	1	1	889	0	891
1707	2	865	1	9	0	877
1708	0	11	1	882	0	894
1709	1	5	864	9	0	879
1710	1	867	11	3	0	882
1711	1	10	1	889	0	901
1712	0	2	0	892	0	894
1713	0	850	1	9	0	860
1714	1	880	0	3	0	884
1715	877	8	0	2	0	887
1716	8	856	0	1	0	865
1717	864	8	0	3	0	875
1718	862	1	1	2	0	866
1719	9	4	877	2	0	892
1720	1	1	6	884	0	892
1721	1	1	909	7	0	918
1722	0	907	4	3	0	914
1723	1	9	2	840	0	852
1724	1	1	0	923	0	925
1725	0	0	1	940	0	941
1726	1	2	0	944	0	947
1727	0	0	947	11	0	958
1728	1	0	6	939	0	946
1729	0	4	934	7	0	945
1730	3	1	914	4	0	922
1731	903	0	9	5	0	917
1732	965	3	1	2	0	971
1733	966	0	0	1	0	967
1734	9	945	1	2	0	957
1735	2	9	1	968	0	980
1736	0	2	983	8	0	993
1737	2	1	7	982	0	992
1738	0	4	1005	6	0	1015
1739	999	1	6	4	0	1010
1740	998	1	1	0	0	1000
1741	987	1	1	2	0	991
1742	8	2	935	3	0	948
1743	4	1	938	0	0	943
1744	0	3	11	993	0	1007
1745	2	0	2	942	0	946
1746	0	0	2	991	0	993
1747	2	1	985	10	0	998
1748	2	1	883	3	0	889
1749	966	1	9	0	0	976
1750	7	2	1	996	0	1006
1751	1	0	1	1003	0	1005
1752	1018	1	4	8	0	1031
1753	10	0	0	1014	0	1024
1754	1107	0	2	12	0	1121
1755	1151	0	0	5	0	1156
1756	1167	2	0	4	0	1173
1757	12	1	1172	1	0	1186
1758	2	1150	11	2	0	1165
1759	1240	8	2	6	0	1256
1760	10	1	1	1259	0	1271
1761	3	1	0	1263	0	1267
1762	1	1246	2	14	0	1263
1763	1264	8	4	3	0	1279
1764	1261	1	3	2	0	1267
1765	1273	0	2	6	0	1281
1766	9	1286	0	7	0	1302
1767	1378	9	1	9	0	1397
1768	1393	1	1	8	0	1403
1769	1413	0	1	5	0	1419
1770	13	0	2	1399	0	1414
1771	4	0	1	1424	0	1429
1772	3	1	1492	12	0	1508
1773	5	2	9	1456	0	1472
1774	5	3	2	1489	0	1499
1775	4	2	1476	16	0	1498
1776	1426	2	9	8	0	1445
1777	1507	3	1	5	0	1516
1778	16	2	1	1481	0	1500
1779	5	1446	4	10	0	1465
1780	2	1473	2	4	0	1481
1781	8	11	2	1464	0	1485
1782	7	4	1436	10	0	1457
1783	7	2	5	1412	0	1426
1784	7	1	1384	9	0	1401
1785	0	0	1367	2	0	1369
1786	2	1	7	1428	0	1438
1787	1447	0	2	6	0	1455
1788	1404	1	1	4	0	1410
1789	5	0	1	1449	0	1455
1790	2	1	2	1417	0	1422
1791	3	0	2	1392	0	1397
1792	4	0	0	1397	0	1401
1793	1402	0	4	8	0	1414
1794	1384	2	1	6	0	1393
1795	1393	2	1	0	0	1396
1796	7	3	1376	2	0	1388
1797	4	1	5	1385	0	1395
1798	3	2	1	1410	0	1416
1799	1387	1	1	10	0	1399
1800	6	1358	3	3	0	1370
1801	1369	7	2	3	0	1381
1802	1364	0	1	3	0	1368
1803	1347	1	0	4	0	1352
1804	1338	1	3	3	0	1345
1805	9	2	1383	3	0	1397
1806	6	1	1257	4	0	1268
1807	1422	0	6	4	0	1432
1808	1471	0	0	4	0	1475
1809	1470	1	0	5	0	1476
1810	1491	0	1	3	0	1495
1811	8	1	1592	2	0	1603
1812	1	1651	11	2	0	1665
1813	1	11	2	1801	0	1815
1814	1931	2	1	27	0	1961
1815	1958	3	2	6	0	1969
1816	2038	3	2	8	0	2051
1817	2077	2	0	7	0	2086
1818	2075	2	1	2	0	2080
1819	2035	1	1	4	0	2041
1820	35	3	1820	1	0	1859
1821	13	0	1927	1	0	1941
1822	12	3	26	1940	0	1981
1823	11	1	1981	21	0	2014
1824	10	1891	26	6	0	1933
1825	9	1956	7	8	0	1980
1826	10	26	6	2068	0	2110
1827	4	7	2152	26	0	2189
1828	2	5	2026	9	0	2042
1829	2078	5	31	9	0	2123
1830	2315	5	12	6	0	2338
1831	36	4	5	2313	0	2358
1832	2340	2	4	36	0	2382
1833	37	0	8	2336	0	2381
1834	17	1	4	2365	0	2387
1835	12	2	2377	41	0	2432
1836	7	4	2293	17	0	2321
1837	8	2	38	2332	0	2380
1838	7	3	2317	41	0	2368
1839	2193	2	38	19	0	2252
1840	2368	0	9	12	0	2389
1841	48	2377	11	10	0	2446
1842	2428	36	9	4	0	2477
1843	45	9	2372	4	0	2430
1844	2372	4	40	7	0	2423
1845	2438	1	13	6	0	2458
1846	2480	3	8	6	0	2497
1847	53	3	7	2421	0	2484
1848	26	2410	5	39	0	2480
1849	2493	36	8	12	0	2549
1850	2526	13	7	14	0	2560
1851	63	9	5	2570	0	2647
1852	2573	2	8	54	0	2637
1853	57	2676	8	20	0	2761
1854	26	45	9	2632	0	2712
1855	19	13	2594	52	0	2678
1856	2409	4	50	29	0	2492
1857	53	5	2573	19	0	2650
1858	27	7	50	2605	0	2689
1859	16	2548	20	58	0	2642
1860	14	2802	14	16	0	2846
1861	20	68	8	2825	0	2921
1862	23	2684	19	65	0	2791
1863	22	100	6	3517	0	3645
1864	14	23	11	3692	0	3740
1865	19	18	5	3763	0	3805
1866	3603	8	3	140	0	3754
1867	125	13	6	3567	0	3711
1868	39	7	3463	140	0	3649
1869	31	3451	106	43	0	3631
1870	3514	107	19	45	0	3685
1871	142	18	12	3506	0	3678
1872	44	21	17	3540	0	3622
1873	44	10	14	3579	0	3647
1874	28	19	3432	144	0	3623
1875	28	3437	111	56	0	3632
1876	3467	118	22	45	0	3652
1877	134	23	20	3355	0	3532
1878	30	3472	20	127	0	3649
1879	3466	122	26	47	0	3661
1880	133	32	3433	40	0	3638
1881	3426	24	132	22	0	3604
1882	151	24	3427	30	0	3632
1883	43	31	3479	32	0	3585
1884	39	3441	120	43	0	3643
1885	37	120	48	3357	0	3562
1886	35	28	3385	127	0	3575
1887	29	3243	134	49	0	3455
1888	33	112	44	3263	0	3452
1889	20	3276	37	124	0	3457
1890	27	135	3255	44	0	3461
1891	29	41	124	3288	0	3482
1892	25	39	3294	142	0	3500
1893	19	29	135	3289	0	3472
1894	24	27	43	3418	0	3512
1895	28	23	3288	168	0	3507
1896	27	25	131	3308	0	3491
1897	3237	16	47	174	0	3474
1898	127	3228	36	75	0	3466
1899	37	127	3244	59	0	3467
1900	3236	31	133	59	0	3459
1901	147	30	37	3183	0	3397
1902	55	3265	37	139	0	3496
1903	3325	130	28	62	0	3545
1904	3443	48	36	54	0	3581
1905	165	42	27	3248	0	3482
1906	58	40	27	3374	0	3499
1907	51	27	23	3376	0	3477
1908	42	37	18	3333	0	3430
1909	40	3201	23	176	0	3440
1910	43	175	17	3116	0	3351
1911	32	2976	23	160	0	3191
1912	23	2989	29	89	0	3130
1913	28	2964	23	72	0	3087
1914	27	147	2679	72	0	2925
1915	20	2763	118	88	0	2989
1916	2654	138	52	64	0	2908
1917	116	2655	40	68	0	2879
1918	56	134	31	2500	0	2721
1919	41	2701	36	132	0	2910
1920	47	139	34	2711	0	2931
1921	50	58	39	2792	0	2939
1922	53	56	2673	159	0	2941
1923	2596	41	119	89	0	2845
1924	2713	53	44	75	0	2885
1925	2682	31	46	77	0	2836
1926	136	2585	40	73	0	2834
1927	52	118	44	2531	0	2745
1928	52	51	2470	157	0	2730
1929	41	2450	129	68	0	2688
1930	62	125	39	2118	0	2344
1931	41	2327	34	115	0	2517
1932	2336	118	42	58	0	2554
1933	2370	56	40	42	0	2508
1934	2387	40	50	39	0	2516
1935	2384	35	51	44	0	2514
1936	135	38	43	2280	0	2496
1937	49	38	40	2325	0	2452
1938	48	2264	34	123	0	2469
1939	42	121	32	2298	0	2493
1940	39	35	2230	157	0	2461
1941	25	51	105	2211	0	2392
1942	17	41	2163	149	0	2370
1943	20	2125	111	90	0	2346
1944	22	110	2173	64	0	2369
1945	25	35	118	2185	0	2363
1946	21	36	2192	138	0	2387
1947	32	21	124	2150	0	2327
1948	24	40	37	2226	0	2327
1949	28	29	45	2193	0	2295
1950	27	39	36	2189	0	2291
1951	1991	27	36	125	0	2179
1952	105	2005	17	64	0	2191
1953	1869	101	21	61	0	2052
1954	112	36	1788	47	0	1983
1955	1773	29	72	52	0	1926
1956	1865	29	11	51	0	1956
1957	117	27	1749	53	0	1946
1958	72	22	1698	46	0	1838
1959	48	1621	67	59	0	1795
1960	40	1528	16	48	0	1632
1961	35	83	1383	48	0	1549
1962	19	1196	45	40	0	1300
1963	35	50	11	671	0	767
1964	624	2	9	17	0	652
1965	12	1	1	622	0	636
1966	630	3	2	11	0	646
1967	626	1	0	5	0	632
1968	15	623	3	1	0	642
1969	634	11	0	6	0	651
1970	643	4	0	3	0	650
1971	14	3	0	633	0	650
1972	640	2	0	16	0	658
1973	14	655	1	9	0	679
1974	7	10	1	645	0	663
1975	655	2	1	11	0	669
1976	14	1	646	3	0	664
1977	659	2	8	5	0	674
1978	9	4	1	678	0	692
1979	4	0	687	13	0	704
1980	1	3	693	2	0	699
1981	688	2	10	4	0	704
1982	687	0	3	5	0	695
1983	11	2	4	679	0	696
1984	4	1	2	685	0	692
1985	5	0	1	695	0	701
1986	5	682	3	7	0	697
1987	691	9	1	7	0	708
1988	12	684	0	5	0	701
1989	693	7	2	6	0	708
1990	9	5	692	4	0	710
1991	6	0	8	704	0	718
1992	719	5	3	8	0	735
1993	16	1	0	717	0	734
1994	5	1	5	715	0	726
1995	4	684	2	10	0	700
1996	708	6	3	3	0	720
1997	7	716	2	7	0	732
1998	4	6	1	737	0	748
1999	1	4	723	11	0	739
2000	675	0	6	8	0	689
2001	6	5	712	3	0	726
2002	663	3	6	5	0	677
2003	8	728	4	2	0	742
2004	5	5	0	689	0	699
2005	3	688	3	13	0	707
2006	707	4	2	4	0	717
2007	8	4	1	718	0	731
2008	5	1	1	728	0	735
2009	3	3	704	8	0	718
2010	679	4	6	3	0	692
2011	8	2	1	723	0	734
2012	4	2	696	8	0	710
2013	3	698	8	5	0	714
2014	3	5	5	703	0	716
2015	705	4	3	9	0	721
2016	10	1	4	708	0	723
2017	4	1	720	9	0	734
2018	779	1	5	8	0	793
2019	9	2	5	791	0	807
2020	4	4	848	11	0	867
2021	4	1	8	864	0	877
2022	6	1	5	846	0	858
2023	2	856	1	18	0	877
2024	855	7	6	7	0	875
2025	12	859	2	7	0	880
2026	868	9	2	8	0	887
2027	9	6	3	864	0	882
2028	10	861	1	11	0	883
2029	3	14	0	872	0	889
2030	6	5	861	9	0	881
2031	819	5	6	9	0	839
2032	10	4	3	829	0	846
2033	7	1	4	826	0	838
2034	4	3	3	844	0	854
2035	7	2	814	15	0	838
2036	2	2	815	10	0	829
2037	7	827	11	8	0	853
2038	1	8	6	840	0	855
2039	836	5	3	13	0	857
2040	9	858	4	9	0	880
2041	10	10	3	876	0	899
2042	888	6	4	15	0	913
2043	882	6	3	10	0	901
2044	10	898	1	9	0	918
2045	970	8	1	9	0	988
2046	1043	7	3	3	0	1056
2047	19	8	1	1043	0	1071
2048	11	1037	2	21	0	1071
2049	15	15	2	1065	0	1097
2050	1055	11	0	21	0	1087
2051	20	4	1046	13	0	1083
2052	14	4	15	1062	0	1095
2053	9	7	3	1081	0	1100
2054	7	7	1063	27	0	1104
2055	11	4	13	1068	0	1096
2056	1064	8	5	30	0	1107
2057	993	4	11	23	0	1031
2058	24	2	7	1038	0	1071
2059	17	9	1012	27	0	1065
2060	13	3	989	18	0	1023
2061	14	969	18	17	0	1018
2062	12	1020	11	12	0	1055
2063	9	20	9	995	0	1033
2064	988	12	8	22	0	1030
2065	21	985	9	13	0	1028
2066	968	19	8	14	0	1009
2067	20	9	4	967	0	1000
2068	8	13	8	972	0	1001
2069	941	4	5	28	0	978
2070	23	946	5	12	0	986
2071	938	21	2	14	0	975
2072	30	7	912	14	0	963
2073	12	8	885	12	0	917
2074	15	6	18	877	0	916
2075	10	9	879	21	0	919
2076	19	3	865	10	0	897
2077	11	3	21	851	0	886
2078	7	5	860	23	0	895
2079	11	4	23	836	0	874
2080	5	4	13	849	0	871
2081	5	4	877	22	0	908
2082	5	6	24	861	0	896
2083	7	4	10	847	0	868
2084	8	848	11	27	0	894
2085	857	18	9	21	0	905
2086	21	8	856	20	0	905
2087	11	9	22	861	0	903
2088	13	4	9	879	0	905
2089	6	10	849	32	0	897
2090	816	4	17	23	0	860
2091	24	838	13	18	0	893
2092	8	23	14	835	0	880
2093	15	7	7	838	0	867
2094	4	830	13	31	0	878
2095	10	17	819	17	0	863
2096	5	828	18	23	0	874
2097	815	24	15	13	0	867
2098	22	11	805	18	0	856
2099	9	14	21	808	0	852
2100	16	6	815	22	0	859
2101	6	10	800	18	0	834
2102	11	810	24	17	0	862
2103	11	26	16	754	0	807
2104	768	9	14	27	0	818
2105	781	11	13	12	0	817
2106	22	768	16	15	0	821
2107	14	19	5	766	0	804
2108	752	8	8	29	0	797
2109	763	8	11	12	0	794
2110	23	761	6	18	0	808
2111	767	21	5	12	0	805
2112	28	3	6	763	0	800
2113	9	771	6	28	0	814
2114	17	18	9	779	0	823
2115	13	15	8	784	0	820
2116	10	16	7	785	0	818
2117	9	7	752	29	0	797
2118	5	10	657	14	0	686
2119	10	655	19	14	0	698
2120	577	17	4	12	0	610
2121	14	568	7	13	0	602
2122	4	16	8	571	0	599
2123	5	3	600	22	0	630
2124	4	9	16	586	0	615
2125	6	5	6	609	0	626
2126	8	5	5	601	0	619
2127	591	7	3	21	0	622
2128	15	5	4	600	0	624
2129	5	3	638	22	0	668
2130	616	5	13	13	0	647
2131	646	2	5	13	0	666
2132	657	2	7	11	0	677
2133	663	2	4	10	0	679
2134	659	4	6	6	0	675
2135	21	650	3	6	0	680
2136	11	12	3	613	0	639
2137	11	621	6	10	0	648
2138	624	12	5	3	0	644
2139	603	3	2	6	0	614
2140	582	5	2	7	0	596
2141	17	563	2	5	0	587
2142	8	552	1	3	0	564
2143	7	568	2	5	0	582
2144	13	10	538	8	0	569
2145	11	31	14	436	0	492
2146	1	368	0	7	0	376
2147	1	368	1	4	0	374
2148	0	5	1	360	0	366
2149	1	0	0	359	0	360
2150	0	0	369	4	0	373
2151	363	1	6	1	0	371
2152	6	0	0	382	0	388
2153	1	0	1	383	0	385
2154	1	0	375	7	0	383
2155	0	1	345	1	0	347
2156	0	385	6	1	0	392
2157	0	5	1	398	0	404
2158	0	1	0	405	0	406
2159	1	0	397	5	0	403
2160	365	0	4	1	0	370
2161	394	1	1	0	0	396
2162	5	0	389	1	0	395
2163	380	0	4	2	0	386
2164	7	0	403	0	0	410
2165	392	1	5	0	0	398
2166	415	1	1	0	0	417
2167	5	0	416	2	0	423
2168	2	1	4	415	0	422
2169	1	0	2	410	0	413
2170	0	1	0	444	0	445
2171	437	0	0	8	0	445
2172	434	0	1	1	0	436
2173	7	0	449	0	0	456
2174	1	3	429	0	0	433
2175	467	0	8	0	0	475
2176	490	1	1	2	0	494
2177	8	1	482	1	0	492
2178	2	0	483	1	0	486
2179	0	0	8	494	0	502
2180	0	0	501	9	0	510
2181	0	0	9	467	0	476
2182	493	0	3	7	0	503
2183	9	1	524	2	0	536
2184	508	0	10	1	0	519
2185	12	0	561	1	0	574
2186	3	0	13	562	0	578
2187	4	0	2	585	0	591
2188	3	0	0	574	0	577
2189	1	573	1	13	0	588
2190	1	14	0	525	0	540
2191	1	2	1	593	0	597
2192	573	3	1	17	0	594
2193	16	0	573	3	0	592
2194	538	0	13	6	0	557
2195	18	0	566	1	0	585
2196	532	0	12	3	0	547
2197	15	568	0	1	0	584
2198	5	10	567	0	0	582
2199	4	2	568	0	0	574
2200	1	5	16	528	0	550
2201	0	0	6	578	0	584
2202	1	1	570	14	0	586
2203	1	0	570	5	0	576
2204	1	1	637	1	0	640
2205	648	0	15	1	0	664
2206	678	0	5	2	0	685
2207	685	0	3	1	0	689
2208	15	0	1	665	0	681
2209	5	0	1	684	0	690
2210	2	0	739	14	0	755
2211	4	0	9	721	0	734
2212	0	1	4	696	0	701
2213	733	0	3	16	0	752
2214	743	0	2	5	0	750
2215	760	0	0	4	0	764
2216	16	1	0	745	0	762
2217	4	0	1	752	0	757
2218	3	1	1	753	0	758
2219	739	0	0	15	0	754
2220	12	0	1	745	0	758
2221	5	729	1	12	0	747
2222	4	11	2	735	0	752
2223	2	708	0	13	0	723
2224	710	12	2	4	0	728
2225	713	2	2	2	0	719
2226	12	698	2	2	0	714
2227	4	711	1	3	0	719
2228	3	12	2	707	0	724
2229	2	3	672	14	0	691
2230	3	3	11	652	0	669
2231	0	0	662	15	0	677
2232	2	674	14	4	0	694
2233	2	10	4	686	0	702
2234	4	2	3	696	0	705
2235	2	2	728	15	0	747
2236	3	1	12	722	0	738
2237	2	1	744	13	0	760
2238	725	2	13	6	0	746
2239	759	0	3	4	0	766
2240	769	1	3	1	0	774
2241	15	1	2	750	0	768
2242	8	1	0	756	0	765
2243	4	0	763	13	0	780
2244	3	4	9	746	0	762
2245	0	734	5	14	0	753
2246	2	10	755	4	0	771
2247	1	2	738	4	0	745
2248	2	5	12	717	0	736
2249	1	1	751	11	0	764
2250	1	1	743	3	0	748
2251	687	0	14	5	0	706
2252	10	832	5	3	0	850
2253	881	9	4	3	0	897
2254	891	1	1	3	0	896
2255	914	2	0	4	0	920
2256	15	2	0	895	0	912
2257	5	1	0	919	0	925
2258	6	0	908	10	0	924
2259	1	0	8	902	0	911
2260	2	909	2	14	0	927
2261	926	10	3	6	0	945
2262	10	934	2	2	0	948
2263	2	940	1	9	0	952
2264	5	13	2	941	0	961
2265	2	4	959	11	0	976
2266	3	4	14	966	0	987
2267	5	2	970	11	0	988
2268	3	965	11	3	0	982
2269	963	9	2	7	0	981
2270	973	2	3	5	0	983
2271	990	2	2	7	0	1001
2272	12	1	1017	1	0	1031
2273	7	1	941	2	0	951
2274	996	0	11	2	0	1009
2275	946	3	89	1	0	1039
2276	1032	0	3	3	0	1038
2277	8	0	2	1029	0	1039
2278	4	0	3	1037	0	1044
2279	1029	0	5	11	0	1045
2280	1019	0	2	5	0	1026
2281	10	0	1058	4	0	1072
2282	3	0	999	5	0	1007
2283	995	0	3	0	0	998
2284	4	0	1038	1	0	1043
2285	975	0	1	3	0	979
2286	1	0	1006	2	0	1009
2287	1	1	0	1004	0	1006
2288	0	0	1052	0	0	1052
2289	4	0	0	1050	0	1054
2290	1	0	1	1085	0	1087
2291	0	1106	1	2	0	1109
2292	1150	0	1	4	0	1155
2293	0	0	1164	1	0	1165
2294	1109	0	0	3	0	1112
2295	0	1193	0	0	0	1193
2296	1270	0	0	4	0	1274
2297	2	0	0	1264	0	1266
2298	2	0	0	1277	0	1279
2299	0	1316	0	2	0	1318
2300	2	1	0	1376	0	1379
2301	0	0	0	1383	0	1383
2302	0	0	0	1411	0	1411
2303	1375	1	0	5	0	1381
2304	1295	0	0	7	0	1302
2305	7	3	1283	1	0	1294
2306	4	1280	2	3	0	1289
2307	2	2	4	1328	0	1336
2308	1	3	0	1417	0	1421
2309	2	0	1442	9	0	1453
2310	0	5	7	1378	0	1390
2311	1393	0	4	12	0	1409
2312	1397	0	0	7	0	1404
2313	1422	0	1	2	0	1425
2314	11	0	0	1425	0	1436
2315	1498	0	1	16	0	1515
2316	1505	0	0	9	0	1514
2317	1545	0	1	4	0	1550
2318	10	2	0	1544	0	1556
2319	7	0	1	1555	0	1563
2320	3	0	0	1569	0	1572
2321	6	0	2	1535	0	1543
2322	4	1	0	1548	0	1553
2323	7	1	1518	13	0	1539
2324	2	0	1471	9	0	1482
2325	4	1475	11	4	0	1494
2326	3	7	3	1565	0	1578
2327	5	6	1	1573	0	1585
2328	3	0	0	1600	0	1603
2329	2	2	1576	16	0	1596
2330	3	0	10	1568	0	1581
2331	3	1	1579	14	0	1597
2332	3	0	9	1597	0	1609
2333	4	2	1656	12	0	1674
2334	2	1673	10	11	0	1696
2335	1	13	9	1686	0	1709
2336	2	5	1660	15	0	1682
2337	1532	2	12	14	0	1560
2338	11	1684	5	6	0	1706
2339	8	10	4	1723	0	1745
2340	1	1701	0	20	0	1722
2341	2	13	5	1722	0	1742
2342	1741	5	1	19	0	1766
2343	16	1	3	1721	0	1741
2344	7	1714	0	19	0	1740
2345	1744	11	4	9	0	1768
2346	12	6	3	1801	0	1822
2347	9	6	1	1836	0	1852
2348	1860	2	3	30	0	1895
2349	21	2	4	1983	0	2010
2350	7	7	1	2351	0	2366
2351	3	7	2347	63	0	2420
2352	5	3	2269	19	0	2296
2353	7	1	57	2289	0	2354
2354	6	2	2295	53	0	2356
2355	5	2	2212	19	0	2238
2356	2150	4	63	15	0	2232
2357	52	0	2271	10	0	2333
2358	19	2259	56	8	0	2342
2359	12	44	17	2302	0	2375
2360	2363	10	9	60	0	2442
2361	2435	8	12	24	0	2479
2362	2428	4	5	23	0	2460
2363	76	2375	13	14	0	2478
2364	32	56	12	2388	0	2488
2365	19	18	8	2440	0	2485
2366	2322	11	9	82	0	2424
2367	2401	6	8	37	0	2452
2368	2419	7	9	24	0	2459
2369	86	6	2420	20	0	2532
2370	40	2382	61	18	0	2501
2371	24	2786	26	16	0	2852
2372	25	88	17	2709	0	2839
2373	18	45	14	2817	0	2894
2374	15	25	2752	120	0	2912
2375	2717	11	80	74	0	2882
2376	2846	10	39	40	0	2935
2377	129	6	25	2792	0	2952
2378	73	6	9	2846	0	2934
2379	44	2	11	2902	0	2959
2380	2792	8	7	145	0	2952
2381	101	10	2690	75	0	2876
2382	53	13	2751	48	0	2865
2383	29	12	119	2715	0	2875
2384	17	8	2734	108	0	2867
2385	2665	3	110	62	0	2840
2386	2747	3	58	38	0	2846
2387	2788	4	39	29	0	2860
2388	156	2632	16	24	0	2828
2389	2701	83	15	32	0	2831
2390	124	42	6	2651	0	2823
2391	63	27	10	2671	0	2771
2392	45	9	14	2702	0	2770
2393	25	10	2548	158	0	2741
2394	22	7	104	2531	0	2664
2395	24	2506	50	120	0	2700
2396	2451	79	37	68	0	2635
2397	98	2500	22	54	0	2674
2398	64	104	2431	37	0	2636
2399	52	2454	98	29	0	2633
2400	2383	109	47	30	0	2569
2401	100	2400	39	26	0	2565
2402	58	107	23	2145	0	2333
2403	40	2359	31	95	0	2525
2404	2358	100	23	57	0	2538
2405	2424	51	19	43	0	2537
2406	2317	39	25	26	0	2407
2407	142	31	2300	31	0	2504
2408	75	26	2239	27	0	2367
2409	55	20	2244	29	0	2348
2410	2220	20	132	24	0	2396
2411	111	19	65	2188	0	2383
2412	56	20	45	2246	0	2367
2413	45	21	2164	114	0	2344
2414	36	20	83	2200	0	2339
2415	2066	20	41	113	0	2240
2416	104	2072	27	61	0	2264
2417	2112	89	21	46	0	2268
2418	125	53	2046	23	0	2247
2419	2100	36	94	17	0	2247
2420	2150	25	55	20	0	2250
2421	2164	22	39	25	0	2250
2422	151	13	2030	29	0	2223
2423	94	13	91	2030	0	2228
2424	62	9	2058	97	0	2226
2425	44	12	108	2061	0	2225
2426	36	15	2073	117	0	2241
2427	38	12	119	2043	0	2212
2428	34	13	58	2119	0	2224
2429	2040	10	45	132	0	2227
2430	2093	11	29	74	0	2207
2431	2126	13	27	51	0	2217
2432	168	6	21	1982	0	2177
2433	93	1769	21	102	0	1985
2434	68	1937	21	61	0	2087
2435	1927	104	20	42	0	2093
2436	106	56	1864	39	0	2065
2437	1888	33	94	33	0	2048
2438	112	26	1827	38	0	2003
2439	1908	16	106	33	0	2063
2440	1832	15	52	39	0	1938
2441	143	9	1879	37	0	2068
2442	1935	11	96	38	0	2080
2443	1966	17	52	37	0	2072
2444	1986	12	40	33	0	2071
2445	152	1875	23	39	0	2089
2446	92	91	28	1799	0	2010
2447	57	47	1788	94	0	1986
2448	61	29	1811	48	0	1949
2449	53	1644	95	40	0	1832
2450	32	1311	52	23	0	1418
2451	40	58	41	1235	0	1374
2452	1223	30	21	53	0	1327
2453	65	1232	19	32	0	1348
2454	51	52	11	1200	0	1314
2455	46	1238	12	51	0	1347
2456	1229	59	12	40	0	1340
2457	69	33	9	1211	0	1322
2458	42	25	1171	59	0	1297
2459	31	1115	43	49	0	1238
2460	22	1118	37	27	0	1204
2461	29	58	27	976	0	1090
2462	23	1079	13	40	0	1155
2463	13	63	20	1050	0	1146
2464	1058	43	9	46	0	1156
2465	1075	34	10	30	0	1149
2466	1099	20	9	29	0	1157
2467	1111	21	10	17	0	1159
2468	78	20	1049	17	0	1164
2469	64	947	33	8	0	1052
2470	38	900	29	12	0	979
2471	8	638	1	7	0	654
2472	3	621	5	3	0	632
2473	614	18	11	1	0	644
2474	594	4	14	1	0	613
2475	598	2	1	2	0	603
2476	599	4	1	1	0	605
2477	12	1	584	3	0	600
2478	627	1	8	1	0	637
2479	640	2	6	3	0	651
2480	655	3	1	2	0	661
2481	10	2	2	646	0	660
2482	9	1	1	646	0	657
2483	656	0	0	10	0	666
2484	8	2	2	655	0	667
2485	8	639	0	8	0	655
2486	6	7	0	655	0	668
2487	5	4	2	655	0	666
2488	0	659	0	12	0	671
2489	1	11	0	642	0	654
2490	3	4	0	654	0	661
2491	643	0	0	13	0	656
2492	6	1	634	5	0	646
2493	614	0	5	2	0	621
2494	5	1	620	3	0	629
2495	6	2	589	0	0	597
2496	1	0	620	1	0	622
2497	609	0	7	2	0	618
2498	5	1	644	0	0	650
2499	653	1	6	2	0	662
2500	663	1	5	4	0	673
2501	670	0	0	2	0	672
2502	10	663	2	0	0	675
2503	671	6	0	1	0	678
2504	8	671	1	0	0	680
2505	5	5	2	675	0	687
2506	1	4	2	680	0	687
2507	3	671	0	10	0	684
2508	1	663	1	4	0	669
2509	1	687	0	2	0	690
2510	693	10	0	2	0	705
2511	6	709	0	1	0	716
2512	716	5	0	3	0	724
2513	7	6	704	0	0	717
2514	710	0	6	1	0	717
2515	726	1	4	3	0	734
2516	10	2	709	1	0	722
2517	4	0	6	711	0	721
2518	1	1	714	5	0	721
2519	2	4	4	704	0	714
2520	1	2	6	725	0	734
2521	729	1	0	10	0	740
2522	726	0	2	4	0	732
2523	10	712	1	3	0	726
2524	747	4	1	1	0	753
2525	9	5	752	0	0	766
2526	758	0	7	0	0	765
2527	9	1	822	1	0	833
2528	7	0	807	0	0	814
2529	834	1	12	2	0	849
2530	843	1	5	2	0	851
2531	16	0	872	0	0	888
2532	5	1	10	830	0	846
2533	2	2	4	875	0	883
2534	3	0	857	14	0	874
2535	1	3	10	841	0	855
2536	2	822	5	8	0	837
2537	1	9	2	910	0	922
2538	2	4	3	894	0	903
2539	3	2	856	12	0	873
2540	809	1	8	3	0	821
2541	853	0	4	3	0	860
2542	840	1	2	4	0	847
2543	832	0	3	4	0	839
2544	13	811	4	0	0	828
2545	8	7	0	791	0	806
2546	2	5	779	7	0	793
2547	2	2	779	5	0	788
2548	3	1	13	755	0	772
2549	3	1	770	9	0	783
2550	732	1	10	4	0	747
2551	10	0	5	749	0	764
2552	8	1	1	756	0	766
2553	3	0	1	755	0	759
2554	744	0	2	14	0	760
2555	7	741	0	9	0	757
2556	746	7	3	2	0	758
2557	740	4	2	4	0	750
2558	10	722	1	2	0	735
2559	5	744	3	1	0	753
2560	760	9	0	3	0	772
2561	8	6	0	760	0	774
2562	7	1	1	751	0	760
2563	768	1	2	12	0	783
2564	11	1	758	6	0	776
2565	763	1	10	3	0	777
2566	777	0	6	3	0	786
2567	13	781	3	2	0	799
2568	817	8	1	1	0	827
2569	829	5	2	2	0	838
2570	13	949	1	2	0	965
2571	4	989	2	4	0	999
2572	8	14	3	975	0	1000
2573	1017	7	0	15	0	1039
2574	15	1033	0	3	0	1051
2575	3	17	2	1037	0	1059
2576	1045	3	0	22	0	1070
2577	21	5	1043	4	0	1073
2578	8	6	17	1027	0	1058
2579	8	1	1020	20	0	1049
2580	997	2	19	4	0	1022
2581	1044	0	8	6	0	1058
2582	20	1	1035	8	0	1064
2583	7	1021	23	2	0	1053
2584	16	16	5	1021	0	1058
2585	10	4	1036	18	0	1068
2586	7	4	22	1036	0	1069
2587	4	5	5	1078	0	1092
2588	4	3	1061	26	0	1094
2589	1025	1	25	13	0	1064
2590	1057	3	4	10	0	1074
2591	21	1	1059	10	0	1091
2592	10	1052	25	3	0	1090
2593	14	21	5	1029	0	1069
2594	9	1043	5	20	0	1077
2595	3	1074	6	7	0	1090
2596	1074	23	3	13	0	1113
2597	18	8	1	1083	0	1110
2598	4	10	4	1073	0	1091
2599	9	8	1059	18	0	1094
2600	10	1	1050	7	0	1068
2601	3	2	21	1061	0	1087
2602	2	5	8	1100	0	1115
2603	3	3	1080	22	0	1108
2604	4	3	1080	7	0	1094
2605	2	3	21	1084	0	1110
2606	1102	7	5	27	0	1141
2607	18	1116	12	9	0	1155
2608	1117	19	10	10	0	1156
2609	26	1087	4	10	0	1127
2610	10	1113	5	5	0	1133
2611	1101	28	2	8	0	1139
2612	34	8	1092	5	0	1139
2613	9	6	24	1097	0	1136
2614	7	12	9	1105	0	1133
2615	13	3	8	1171	0	1195
2616	9	3	1158	29	0	1199
2617	6	4	22	1142	0	1174
2618	1157	6	8	30	0	1201
2619	22	7	7	1179	0	1215
2620	6	4	9	1210	0	1229
2621	1183	4	5	35	0	1227
2622	1188	2	4	22	0	1216
2623	24	1163	6	19	0	1212
2624	15	22	1153	15	0	1205
2625	19	6	1114	5	0	1144
2626	11	8	1125	6	0	1150
2627	7	1069	33	5	0	1114
2628	9	19	16	1044	0	1088
2629	5	5	13	1072	0	1095
2630	1050	10	13	24	0	1097
2631	24	9	3	1031	0	1067
2632	10	5	1016	31	0	1062
2633	6	9	23	1030	0	1068
2634	11	4	10	1038	0	1063
2635	2	2	1029	36	0	1069
2636	2	981	33	21	0	1037
2637	10	22	8	923	0	963
2638	5	970	11	31	0	1017
2639	7	24	986	6	0	1023
2640	968	12	27	12	0	1019
2641	990	6	11	17	0	1024
2642	997	12	15	6	0	1030
2643	32	10	9	977	0	1028
2644	24	986	3	24	0	1037
2645	985	29	4	12	0	1030
2646	1017	6	2	12	0	1037
2647	998	10	9	13	0	1030
2648	28	8	975	9	0	1020
2649	953	4	23	13	0	993
2650	31	965	8	17	0	1021
2651	962	19	15	10	0	1006
2652	30	969	12	11	0	1022
2653	978	23	1	16	0	1018
2654	30	12	997	4	0	1043
2655	1011	10	24	8	0	1053
2656	1041	7	7	8	0	1063
2657	867	9	9	14	0	899
2658	1038	9	10	2	0	1059
2659	40	7	1013	4	0	1064
2660	16	9	25	996	0	1046
2661	1011	6	9	20	0	1046
2662	31	1008	15	8	0	1062
2663	11	19	12	996	0	1038
2664	8	4	995	37	0	1044
2665	18	14	19	987	0	1038
2666	11	10	986	27	0	1034
2667	7	929	25	15	0	976
2668	8	902	8	18	0	936
2669	9	900	6	18	0	933
2670	10	25	12	750	0	797
2671	10	4	3	736	0	753
2672	4	7	712	19	0	742
2673	4	648	12	6	0	670
2674	614	9	1	8	0	632
2675	9	587	8	1	0	605
2676	2	615	3	5	0	625
2677	8	8	2	594	0	612
2678	582	7	4	9	0	602
2679	587	2	3	5	0	597
2680	15	2	3	577	0	597
2681	575	1	1	12	0	589
2682	13	2	2	564	0	581
2683	5	1	555	12	0	573
2684	550	5	9	2	0	566
2685	9	3	4	558	0	574
2686	4	1	542	11	0	558
2687	5	1	529	6	0	541
2688	0	3	13	541	0	557
2689	527	3	19	9	0	558
2690	548	3	2	4	0	557
2691	13	551	2	2	0	568
2692	560	11	2	6	0	579
2693	561	1	1	5	0	568
2694	569	2	2	2	0	575
2695	14	585	0	1	0	600
2696	607	7	1	4	0	619
2697	615	4	0	0	0	619
2698	9	6	0	605	0	620
2699	591	1	4	7	0	603
2700	10	580	1	3	0	594
2701	5	597	1	7	0	610
2702	5	8	2	601	0	616
2703	2	5	1	601	0	609
2704	2	613	1	10	0	626
2705	611	8	1	4	0	624
2706	11	589	2	2	0	604
2707	567	8	1	2	0	578
2708	11	585	1	4	0	601
2709	3	7	2	597	0	609
2710	4	611	0	7	0	622
2711	619	12	2	1	0	634
2712	616	2	1	2	0	621
2713	617	4	1	4	0	626
2714	14	1	594	2	0	611
2715	4	0	547	1	0	552
2716	3	561	7	1	0	572
2717	2	9	552	0	0	563
2718	0	1	551	1	0	553
2719	1	1	6	503	0	511
2720	0	0	526	5	0	531
2721	0	533	4	1	0	538
2722	543	5	1	1	0	550
2723	5	536	0	0	0	541
2724	1	553	0	2	0	556
2725	569	5	0	2	0	576
2726	562	1	1	0	0	564
2727	5	582	0	0	0	587
2728	594	6	0	0	0	600
2729	592	1	0	1	0	594
2730	593	0	0	1	0	594
2731	9	0	564	0	0	573
2732	1	0	573	0	0	574
2733	0	0	5	586	0	591
2734	1	1	2	584	0	588
2735	614	0	1	5	0	620
2736	4	597	0	2	0	603
2737	2	4	0	633	0	639
2738	1	1	0	630	0	632
2739	0	1	0	641	0	642
2740	1	0	0	640	0	641
2741	0	0	626	10	0	636
2742	0	0	612	5	0	617
2743	0	0	7	638	0	645
2744	0	0	652	6	0	658
2745	625	0	8	3	0	636
2746	6	0	3	654	0	663
2747	3	0	651	6	0	660
2748	609	0	6	5	0	620
2749	6	651	2	1	0	660
2750	652	6	2	0	0	660
2751	8	684	0	0	0	692
2752	4	8	0	675	0	687
2753	2	3	674	5	0	684
2754	1	2	6	645	0	654
2755	0	0	635	7	0	642
2756	633	0	8	4	0	645
2757	8	0	3	664	0	675
2758	668	0	2	7	0	677
2759	8	0	673	3	0	684
2760	712	0	9	2	0	723
2761	785	0	3	0	0	788
2762	15	0	781	0	0	796
2763	8	1	13	780	0	802
2764	5	0	792	13	0	810
2765	0	794	18	3	0	815
2766	807	14	2	5	0	828
2767	812	4	4	0	0	820
2768	16	5	796	0	0	817
2769	11	0	799	0	0	810
2770	6	0	16	782	0	804
2771	0	0	10	808	0	818
2772	808	1	5	17	0	831
2773	14	810	0	9	0	833
2774	830	13	0	7	0	850
2775	846	2	1	0	0	849
2776	15	6	816	0	0	837
2777	798	0	12	2	0	812
2778	18	0	832	2	0	852
2779	7	0	18	834	0	859
2780	5	1	845	14	0	865
2781	2	0	17	841	0	860
2782	1	0	843	18	0	862
2783	828	0	17	6	0	851
2784	850	0	4	5	0	859
2785	13	0	6	836	0	855
2786	872	0	0	16	0	888
2787	18	0	2	882	0	902
2788	4	893	2	18	0	917
2789	897	11	1	4	0	913
2790	10	895	1	5	0	911
2791	5	19	0	897	0	921
2792	5	3	0	887	0	895
2793	3	5	1	891	0	900
2794	1	0	1	895	0	897
2795	0	1	838	19	0	858
2796	762	0	10	10	0	782
2797	816	1	3	7	0	827
2798	17	810	5	1	0	833
2799	8	15	1	816	0	840
2800	6	3	0	821	0	830
2801	3	5	785	17	0	810
2802	769	0	15	6	0	790
2803	16	0	2	789	0	807
2804	4	0	774	12	0	790
2805	778	1	12	5	0	796
2806	807	0	3	6	0	816
2807	811	0	6	2	0	819
2808	22	0	775	1	0	798
2809	9	0	753	0	0	762
2810	755	0	10	2	0	767
2811	11	0	7	762	0	780
2812	7	0	4	788	0	799
2813	6	1	771	13	0	791
2814	760	0	8	7	0	775
2815	13	0	2	799	0	814
2816	814	1	6	11	0	832
2817	832	0	0	4	0	836
2818	819	1	1	6	0	827
2819	20	0	822	3	0	845
2820	11	0	13	819	0	843
2821	812	0	4	14	0	830
2822	13	829	7	2	0	851
2823	6	11	1	855	0	873
2824	10	2	0	852	0	864
2825	828	5	1	14	0	848
2826	847	0	1	13	0	861
2827	14	0	2	828	0	844
2828	10	0	820	12	0	842
2829	811	1	11	4	0	827
2830	12	0	846	8	0	866
2831	851	0	14	1	0	866
2832	884	0	2	1	0	887
2833	20	1	860	1	0	882
2834	8	0	15	880	0	903
2835	5	1	902	16	0	924
2836	3	961	18	4	0	986
2837	1	17	2	929	0	949
2838	2	980	4	17	0	1003
2839	3	26	1	989	0	1019
2840	4	4	1016	21	0	1045
2841	1	1012	20	4	0	1037
2842	2	1066	2	6	0	1076
2843	3	28	4	1081	0	1116
2844	1090	6	1	21	0	1118
2845	25	9	1	1206	0	1241
2846	1235	0	1	42	0	1278
2847	43	1235	3	4	0	1285
2848	1382	37	0	10	0	1429
2849	46	6	1427	4	0	1483
2850	10	6	40	1413	0	1469
2851	12	1	5	1427	0	1445
2852	4	1	1386	48	0	1439
2853	1354	1	41	15	0	1411
2854	1404	2	8	11	0	1425
2855	50	1378	7	5	0	1440
2856	14	50	8	1275	0	1347
2857	12	1346	5	35	0	1398
2858	7	45	1327	8	0	1387
2859	2	8	1349	11	0	1370
2860	9	22	43	1272	0	1346
2861	1245	5	7	39	0	1296
2862	36	1211	7	13	0	1267
2863	1223	37	4	4	0	1268
2864	40	8	1188	6	0	1242
2865	1190	4	36	2	0	1232
2866	1233	3	10	3	0	1249
2867	41	2	1194	5	0	1242
2868	14	2	36	1189	0	1241
2869	1207	3	10	35	0	1255
2870	1240	2	3	6	0	1251
2871	1238	1	4	6	0	1249
2872	44	3	6	1199	0	1252
2873	13	2	1163	37	0	1215
2874	1173	3	36	7	0	1219
2875	40	2	1201	6	0	1249
2876	12	2	39	1181	0	1234
2877	8	2	9	1194	0	1213
2878	10	1189	6	37	0	1242
2879	5	36	1182	9	0	1232
2880	6	1139	36	10	0	1191
2881	6	1178	11	7	0	1202
2882	7	42	5	1181	0	1235
2883	8	9	1178	36	0	1231
2884	4	5	38	1180	0	1227
2885	8	4	1182	41	0	1235
2886	5	3	43	1159	0	1210
2887	6	4	10	1182	0	1202
2888	7	1	1127	45	0	1180
2889	3	4	41	1134	0	1182
2890	4	1	1143	42	0	1190
2891	7	4	1128	14	0	1153
2892	3	1121	38	11	0	1173
2893	1137	36	12	9	0	1194
2894	34	8	1133	8	0	1183
2895	1120	6	39	6	0	1171
2896	42	4	12	1134	0	1192
2897	12	6	1133	40	0	1191
2898	8	1124	38	11	0	1181
2899	6	38	10	1130	0	1184
2900	9	8	1127	39	0	1183
2901	9	6	40	1068	0	1123
2902	7	1127	15	36	0	1185
2903	1136	37	10	14	0	1197
2904	39	9	8	1142	0	1198
2905	1121	4	9	41	0	1175
2906	1139	8	4	12	0	1163
2907	1139	4	5	12	0	1160
2908	1139	2	9	7	0	1157
2909	1126	6	5	10	0	1147
2910	51	1081	4	5	0	1141
2911	19	35	9	1085	0	1148
2912	12	6	6	1105	0	1129
2913	13	6	5	1097	0	1121
2914	7	6	1041	48	0	1102
2915	8	1028	40	14	0	1090
2916	1046	38	8	11	0	1103
2917	1048	9	9	9	0	1075
2918	43	1005	10	7	0	1065
2919	13	1044	7	9	0	1073
2920	1026	37	6	9	0	1078
2921	37	9	1001	9	0	1056
2922	15	11	35	974	0	1035
2923	991	7	10	34	0	1042
2924	43	2	9	965	0	1019
2925	12	966	7	35	0	1020
2926	8	35	6	978	0	1027
2927	8	10	977	37	0	1032
2928	956	5	35	16	0	1012
2929	998	3	11	14	0	1026
2930	45	3	5	939	0	992
2931	18	4	5	956	0	983
2932	904	4	6	37	0	951
2933	34	888	7	13	0	942
2934	12	33	4	889	0	938
2935	12	7	6	887	0	912
2936	796	4	6	33	0	839
2937	27	795	5	13	0	840
2938	784	23	4	14	0	825
2939	35	758	5	10	0	808
2940	13	769	3	7	0	792
2941	728	28	5	11	0	772
2942	27	734	7	7	0	775
2943	9	43	8	688	0	748
2944	4	9	708	24	0	745
2945	3	3	579	7	0	592
2946	1	4	535	5	0	545
2947	3	544	13	2	0	562
2948	378	9	21	3	0	411
2949	6	3	6	352	0	367
2950	1	1	2	354	0	358
2951	1	1	344	7	0	353
2952	350	0	7	3	0	360
2953	8	1	1	351	0	361
2954	2	0	1	362	0	365
2955	1	0	1	361	0	363
2956	345	0	0	9	0	354
2957	6	2	338	1	0	347
2958	345	0	6	3	0	354
2959	7	1	1	345	0	354
2960	2	2	341	7	0	352
2961	337	1	6	3	0	347
2962	10	1	351	1	0	363
2963	1	7	8	350	0	366
2964	1	2	357	6	0	366
2965	3	0	355	2	0	360
2966	334	4	9	1	0	348
2967	9	1	335	3	0	348
2968	3	1	9	335	0	348
2969	336	1	4	11	0	352
2970	7	0	5	339	0	351
2971	2	2	338	7	0	349
2972	6	0	336	3	0	345
2973	1	338	6	6	0	351
2974	4	7	1	342	0	354
2975	320	1	3	8	0	332
2976	10	311	1	4	0	326
2977	313	7	2	4	0	326
2978	10	1	2	313	0	326
2979	308	2	1	11	0	322
2980	10	299	2	8	0	319
2981	5	5	2	310	0	322
2982	314	2	2	9	0	327
2983	9	312	3	5	0	329
2984	2	8	6	320	0	336
2985	7	1	2	317	0	327
2986	320	2	3	9	0	334
2987	9	2	3	319	0	333
2988	4	1	3	327	0	335
2989	4	1	4	328	0	337
2990	3	0	308	14	0	325
2991	302	1	13	5	0	321
2992	10	2	3	344	0	359
2993	6	2	346	15	0	369
2994	342	0	13	9	0	364
2995	16	1	351	6	0	374
2996	4	2	15	339	0	360
2997	7	346	3	16	0	372
2998	2	10	4	357	0	373
2999	5	3	344	15	0	367
3000	2	3	367	7	0	379
3001	6	1	15	366	0	388
3002	5	2	361	16	0	384
3003	355	3	14	3	0	375
3004	12	1	365	9	0	387
3005	4	0	14	364	0	382
3006	7	0	5	369	0	381
3007	2	3	3	372	0	380
3008	356	0	3	21	0	380
3009	363	1	2	9	0	375
3010	380	1	2	5	0	388
3011	18	0	1	369	0	388
3012	5	1	3	381	0	390
3013	6	0	351	18	0	375
3014	5	0	356	6	0	367
3015	3	350	14	7	0	374
3016	3	11	5	330	0	349
3017	1	5	5	334	0	345
3018	4	322	1	13	0	340
3019	329	11	6	4	0	350
3020	13	324	4	4	0	345
3021	325	16	3	3	0	347
3022	14	1	3	326	0	344
3023	328	2	2	13	0	345
3024	13	3	3	325	0	344
3025	2	1	310	19	0	332
3026	2	1	11	320	0	334
3027	314	1	2	15	0	332
3028	15	1	3	307	0	326
3029	6	0	1	319	0	326
3030	5	0	311	17	0	333
3031	1	0	12	316	0	329
3032	2	0	2	317	0	321
3033	2	298	4	17	0	321
3034	2	12	3	300	0	317
3035	4	1	1	309	0	315
3036	4	1	2	308	0	315
3037	1	273	2	15	0	291
3038	1	7	1	253	0	262
3039	244	1	1	10	0	256
3040	10	231	2	2	0	245
3041	1	221	2	5	0	229
3042	2	213	2	3	0	220
3043	1	16	2	197	0	216
3044	2	191	2	7	0	202
3045	1	200	3	3	0	207
3046	196	8	4	2	0	210
3047	8	2	186	2	0	198
3048	192	1	7	3	0	203
3049	8	1	2	201	0	212
3050	1	2	200	8	0	211
3051	195	1	8	4	0	208
3052	10	0	198	3	0	211
3053	2	1	195	3	0	201
3054	202	0	9	4	0	215
3055	7	0	2	210	0	219
3056	2	0	209	10	0	221
3057	206	0	8	6	0	220
3058	217	1	2	4	0	224
3059	9	0	209	5	0	223
3060	220	0	7	4	0	231
3061	231	0	2	3	0	236
3062	9	1	214	2	0	226
3063	215	0	9	4	0	228
3064	226	2	1	3	0	232
3065	7	2	226	4	0	239
3066	4	1	241	4	0	250
3067	4	3	7	247	0	261
3068	4	3	245	8	0	260
3069	249	2	6	3	0	260
3070	8	3	0	248	0	259
3071	3	2	3	252	0	260
3072	4	1	242	7	0	254
3073	3	2	8	240	0	253
3074	2	1	240	13	0	256
3075	237	1	9	3	0	250
3076	246	1	0	6	0	253
3077	9	1	243	2	0	255
3078	241	1	7	4	0	253
3079	257	0	2	2	0	261
3080	8	1	242	6	0	257
3081	254	0	8	4	0	266
3082	258	1	2	3	0	264
3083	8	1	245	5	0	259
3084	240	0	7	5	0	252
3085	11	1	253	3	0	268
3086	3	1	7	251	0	262
3087	3	0	2	261	0	266
3088	4	0	5	261	0	270
3089	5	2	247	9	0	263
3090	230	0	9	4	0	243
3091	9	1	241	4	0	255
3092	2	206	2	3	0	213
3093	2	210	4	3	0	219
3094	222	0	3	1	0	226
3095	3	1	1	215	0	220
3096	1	216	3	2	0	222
3097	219	0	1	1	0	221
3098	210	2	2	4	0	218
3099	2	222	4	1	0	229
3100	5	0	0	198	0	203
3101	1	209	1	2	0	213
3102	216	2	2	2	0	222
3103	221	1	1	3	0	226
3104	3	2	1	208	0	214
3105	206	1	4	0	0	211
3106	4	2	0	209	0	215
3107	4	0	204	1	0	209
3108	207	1	2	2	0	212
3109	3	2	206	2	0	213
3110	4	0	3	194	0	201
3111	197	0	1	3	0	201
3112	1	1	3	198	0	203
3113	3	1	194	4	0	202
3114	3	1	191	1	0	196
3115	3	1	1	196	0	201
3116	189	0	4	1	0	194
3117	1	190	1	5	0	197
3118	3	1	2	195	0	201
3119	2	1	193	2	0	198
3120	193	1	1	5	0	200
3121	201	1	1	2	0	205
3122	2	0	199	1	0	202
3123	194	0	1	2	0	197
3124	4	0	3	201	0	208
3125	1	1	201	1	0	204
3126	206	0	1	2	0	209
3127	2	0	1	203	0	206
3128	2	0	1	207	0	210
3129	208	1	1	2	0	212
3130	1	197	3	2	0	203
3131	3	196	0	3	0	202
3132	203	1	1	1	0	206
3133	197	3	0	1	0	201
3134	3	1	213	1	0	218
3135	3	1	211	0	0	215
3136	4	1	1	216	0	222
3137	229	0	2	1	0	232
3138	225	0	2	1	0	228
3139	224	0	0	2	0	226
3140	3	222	2	2	0	229
3141	4	225	1	2	0	232
3142	4	2	1	233	0	240
3143	1	4	0	230	0	235
3144	2	2	0	242	0	246
3145	2	1	242	5	0	250
3146	1	2	227	3	0	233
3147	240	1	5	2	0	248
3148	251	0	3	3	0	257
3149	5	0	1	247	0	253
3150	5	0	2	241	0	248
3151	2	0	1	250	0	253
3152	1	0	238	5	0	244
3153	3	1	234	3	0	241
3154	2	1	3	229	0	235
3155	1	0	231	3	0	235
3156	1	212	2	4	0	219
3157	0	223	1	3	0	227
3158	228	3	3	1	0	235
3159	2	226	1	2	0	231
3160	3	146	0	79	0	228
3161	2	7	1	227	0	237
3162	1	240	2	3	0	246
3163	2	2	0	245	0	249
3164	1	3	233	2	0	239
3165	0	224	2	4	0	230
3166	0	1	2	218	0	221
3167	0	2	211	3	0	216
3168	0	205	2	2	0	209
3169	0	0	3	205	0	208
3170	1	211	0	1	0	213
3171	1	1	0	211	0	213
3172	0	2	0	207	0	209
3173	0	207	0	3	0	210
3174	205	1	0	3	0	209
3175	201	2	1	0	0	204
3176	3	193	1	3	0	200
3177	1	203	0	1	0	205
3178	0	3	1	204	0	208
3179	0	3	204	1	0	208
3180	203	1	1	2	0	207
3181	205	0	2	0	0	207
3182	3	1	201	0	0	205
3183	200	0	1	1	0	202
3184	199	0	2	1	0	202
3185	3	1	190	0	0	194
3186	183	0	1	0	0	184
3187	1	0	189	0	0	190
3188	2	190	1	0	0	193
3189	188	1	2	1	0	192
3190	186	2	1	0	0	189
3191	3	1	190	0	0	194
3192	192	0	1	0	0	193
3193	201	1	2	0	0	204
3194	4	0	201	1	0	206
3195	214	1	1	2	0	218
3196	214	1	1	1	0	217
3197	2	0	212	0	0	214
3198	218	1	1	0	0	220
3199	1	1	1	204	0	207
3200	1	1	0	204	0	206
3201	0	2	200	3	0	205
3202	0	0	193	2	0	195
3203	2	1	2	195	0	200
3204	3	1	1	197	0	202
3205	220	0	2	3	0	225
3206	6	1	217	1	0	225
3207	224	1	4	1	0	230
3208	5	0	2	230	0	237
3209	2	2	228	4	0	236
3210	252	1	5	3	0	261
3211	4	1	1	264	0	270
3212	3	1	266	5	0	275
3213	266	0	4	1	0	271
3214	6	0	3	278	0	287
3215	285	1	1	4	0	291
3216	12	1	297	3	0	313
3217	4	0	5	288	0	297
3218	3	312	5	4	0	324
3219	339	6	0	3	0	348
3220	335	2	3	1	0	341
3221	9	341	1	2	0	353
3222	354	6	1	2	0	363
3223	352	2	0	1	0	355
3224	349	0	3	1	0	353
3225	10	336	2	1	0	349
3226	3	7	1	343	0	354
3227	1	3	341	8	0	353
3228	5	0	6	344	0	355
3229	2	1	4	343	0	350
3230	2	0	340	8	0	350
3231	4	1	331	3	0	339
3232	4	0	10	318	0	332
3233	3	348	3	5	0	359
3234	340	7	2	4	0	353
3235	336	2	2	1	0	341
3236	10	345	2	3	0	360
3237	351	6	0	4	0	361
3238	356	2	2	1	0	361
3239	7	0	348	2	0	357
3240	349	0	9	2	0	360
3241	7	354	2	6	0	369
3242	3	7	344	2	0	356
3243	3	1	339	1	0	344
3244	3	340	5	1	0	349
3245	350	6	3	2	0	361
3246	9	2	350	0	0	361
3247	4	0	6	350	0	360
3248	4	1	344	6	0	355
3249	330	3	7	1	0	341
3250	8	0	411	2	0	421
3251	2	2	423	1	0	428
3252	418	1	6	1	0	426
3253	9	429	1	3	0	442
3254	449	7	1	1	0	458
3255	464	3	2	1	0	470
3256	6	0	2	461	0	469
3257	3	508	1	5	0	517
3258	528	6	1	4	0	539
3259	8	1	523	3	0	535
3260	516	2	5	1	0	524
3261	8	522	4	1	0	535
3262	531	6	0	2	0	539
3263	533	2	2	2	0	539
3264	8	534	3	1	0	546
3265	3	7	0	547	0	557
3266	550	3	1	6	0	560
3267	8	546	3	1	0	558
3268	5	7	1	552	0	565
3269	561	2	1	7	0	571
3270	8	2	1	580	0	591
3271	6	1	0	583	0	590
3272	1	580	2	7	0	590
3273	577	8	1	2	0	588
3274	581	3	2	0	0	586
3275	595	1	0	1	0	597
3276	10	589	3	3	0	605
3277	615	9	1	2	0	627
3278	619	3	1	2	0	625
3279	12	1	1	603	0	617
3280	4	1	3	614	0	622
3281	2	2	612	10	0	626
3282	7	1	7	606	0	621
3283	4	1	3	594	0	602
3284	2	1	614	10	0	627
3285	577	2	10	1	0	590
3286	12	0	606	2	0	620
3287	4	1	608	2	0	615
3288	4	1	10	610	0	625
3289	2	1	4	615	0	622
3290	3	626	0	10	0	639
3291	635	11	0	2	0	648
3292	638	1	1	2	0	642
3293	12	616	1	1	0	630
3294	3	647	1	1	0	652
3295	4	9	0	644	0	657
3296	3	664	0	7	0	674
3297	668	9	2	2	0	681
3298	677	2	0	2	0	681
3299	10	1	1	661	0	673
3300	2	3	2	670	0	677
3301	665	1	3	11	0	680
3302	8	2	654	3	0	667
3303	651	1	7	1	0	660
3304	7	1	656	2	0	666
3305	640	0	6	2	0	648
3306	7	3	2	643	0	655
3307	4	1	638	6	0	649
3308	2	0	626	1	0	629
3309	617	0	6	1	0	624
3310	620	1	1	1	0	623
3311	6	630	2	0	0	638
3312	3	7	0	659	0	669
3313	3	0	0	665	0	668
3314	657	1	2	9	0	669
3315	8	659	0	0	0	667
3316	638	5	0	1	0	644
3317	5	616	1	1	0	623
3318	1	622	1	0	0	624
3319	609	5	0	1	0	615
3320	4	1	603	0	0	608
3321	1	0	6	591	0	598
3322	0	1	0	599	0	600
3323	1	0	602	7	0	610
3324	2	1	5	592	0	600
3325	3	1	0	548	0	552
3326	2	601	0	4	0	607
3327	613	7	0	0	0	620
3328	6	1	622	0	0	629
3329	598	1	5	1	0	605
3330	6	609	1	0	0	616
3331	1	6	1	623	0	631
3332	638	0	1	10	0	649
3333	6	0	1	638	0	645
3334	0	0	2	638	0	640
3335	2	0	633	8	0	643
3336	598	0	7	3	0	608
3337	624	2	0	1	0	627
3338	8	1	626	0	0	635
3339	3	0	6	631	0	640
3340	2	0	623	7	0	632
3341	610	2	7	0	0	619
3342	636	1	2	1	0	640
3343	7	1	0	630	0	638
3344	631	1	0	8	0	640
3345	8	0	682	2	0	692
3346	0	0	7	695	0	702
3347	2	0	1	685	0	688
3348	2	1	0	703	0	706
3349	2	0	2	703	0	707
3350	625	0	2	10	0	637
3351	8	0	638	1	0	647
3352	1	2	8	640	0	651
3353	4	0	630	9	0	643
3354	2	0	630	1	0	633
3355	2	0	6	614	0	622
3356	1	1	1	631	0	634
3357	588	0	2	11	0	601
3358	10	0	0	597	0	607
3359	2	1	0	601	0	604
3360	1	0	2	607	0	610
3361	600	0	1	11	0	612
3362	600	1	2	2	0	605
3363	607	0	1	3	0	611
3364	599	0	3	3	0	605
3365	8	633	2	3	0	646
3366	2	9	2	634	0	647
3367	1	0	3	650	0	654
3368	656	0	3	11	0	670
3369	11	688	2	4	0	705
3370	1	13	0	737	0	751
3371	2	0	770	18	0	790
3372	852	0	17	3	0	872
3373	21	877	3	5	0	906
3374	929	23	2	5	0	959
3375	967	7	3	3	0	980
3376	42	2	0	939	0	983
3377	13	3	945	32	0	993
3378	8	0	27	971	0	1006
3379	978	1	9	33	0	1021
3380	34	2	3	974	0	1013
3381	969	1	4	34	0	1008
3382	32	960	1	18	0	1011
3383	1014	29	1	7	0	1051
3384	33	10	2	1026	0	1071
3385	19	2	2	1131	0	1154
3386	1140	6	1	43	0	1190
3387	1182	4	0	15	0	1201
3388	1197	2	1	8	0	1208
3389	1198	0	2	8	0	1208
3390	1187	0	1	10	0	1198
3391	47	1	4	1144	0	1196
3392	19	1	1094	39	0	1153
3393	15	1123	25	13	0	1176
3394	1113	27	7	11	0	1158
3395	40	9	1057	7	0	1113
3396	1077	7	31	5	0	1120
3397	40	1069	9	5	0	1123
3398	1102	30	5	9	0	1146
3399	42	11	3	1093	0	1149
3400	25	5	1	1120	0	1151
3401	19	4	1094	39	0	1156
3402	19	1	30	1102	0	1152
3403	11	5	1120	41	0	1177
3404	12	2	1149	15	0	1178
3405	1179	1	39	14	0	1233
3406	1232	4	13	12	0	1261
3407	45	9	1176	7	0	1237
3408	1184	4	36	7	0	1231
3409	1224	4	16	4	0	1248
3410	54	2	1170	5	0	1231
3411	21	1166	32	17	0	1236
3412	21	28	8	1234	0	1291
3413	1303	7	5	39	0	1354
3414	1350	2	4	19	0	1375
3415	1345	4	9	14	0	1372
3416	1347	2	7	16	0	1372
3417	1355	2	11	9	0	1377
3418	55	3	1305	11	0	1374
3419	28	4	1363	4	0	1399
3420	31	6	39	1376	0	1452
3421	1412	7	17	35	0	1471
3422	1438	5	10	17	0	1470
3423	1428	3	6	12	0	1449
3424	1390	6	6	18	0	1420
3425	53	1363	13	11	0	1440
3426	26	1463	4	28	0	1521
3427	1497	34	7	14	0	1552
3428	1523	13	4	16	0	1556
3429	64	1471	2	9	0	1546
3430	1521	37	5	14	0	1577
3431	59	20	1519	8	0	1606
3432	36	8	33	1524	0	1601
3433	21	7	1548	40	0	1616
3434	22	3	1501	31	0	1557
3435	26	6	42	1543	0	1617
3436	34	5	13	1612	0	1664
3437	25	5	1638	42	0	1710
3438	27	3	36	1581	0	1647
3439	18	9	11	1650	0	1688
3440	1640	5	9	52	0	1706
3441	1657	8	14	23	0	1702
3442	62	6	9	1644	0	1721
3443	27	10	1638	36	0	1711
3444	28	1629	34	16	0	1707
3445	1605	31	23	13	0	1672
3446	48	14	1656	14	0	1732
3447	24	1596	38	11	0	1669
3448	23	1690	18	15	0	1746
3449	1709	37	18	19	0	1783
3450	1750	10	12	19	0	1791
3451	53	6	16	1703	0	1778
3452	24	9	1801	40	0	1874
3453	22	10	33	1810	0	1875
3454	31	4	12	1828	0	1875
3455	28	2	11	1851	0	1892
3456	1818	1	15	51	0	1885
3457	47	1752	14	22	0	1835
3458	27	1827	14	15	0	1883
3459	24	42	10	1811	0	1887
3460	17	12	11	1873	0	1913
3461	1840	16	7	48	0	1911
3462	1840	9	4	21	0	1874
3463	1864	6	2	14	0	1886
3464	62	1795	7	9	0	1873
3465	1801	28	6	11	0	1846
3466	51	25	6	1761	0	1843
3467	34	4	1751	35	0	1824
3468	19	7	1650	22	0	1698
3469	1642	5	37	14	0	1698
3470	38	3	1643	10	0	1694
3471	21	6	1557	4	0	1588
3472	1471	5	15	3	0	1494
3473	20	1	1498	5	0	1524
3474	4	1	1444	7	0	1456
3475	2	6	11	1410	0	1429
3476	2	0	1474	6	0	1482
3477	4	2	6	1426	0	1438
3478	4	1	1	1411	0	1417
3479	0	2	1473	6	0	1481
3480	0	1465	7	2	0	1474
3481	1477	6	0	2	0	1485
3482	8	1	1530	2	0	1541
3483	2	0	1501	1	0	1504
3484	1349	0	9	4	0	1362
3485	6	2	1441	0	0	1449
3486	2	1383	5	0	0	1390
3487	0	1211	5	2	0	1218
3488	1	5	2	1419	0	1427
3489	1	7	0	1413	0	1421
3490	1452	1	0	6	0	1459
3491	1437	0	0	3	0	1440
3492	1445	0	0	3	0	1448
3493	7	0	1	1441	0	1449
3494	1454	0	0	10	0	1464
3495	1453	0	1	4	0	1458
3496	6	1	1451	2	0	1460
3497	3	0	1394	0	0	1397
3498	1	1455	5	3	0	1464
3499	0	6	2	1474	0	1482
3500	1472	0	2	6	0	1480
3501	5	1447	1	9	0	1462
3502	3	5	1	1497	0	1506
3503	1474	1	0	9	0	1484
3504	1430	1	0	2	0	1433
3505	6	1441	0	5	0	1452
3506	1448	6	0	1	0	1455
3507	1464	2	0	6	0	1472
3508	8	2	1	1462	0	1473
3509	2	1	1485	10	0	1498
3510	2	1424	6	5	0	1437
3511	1	1457	3	1	0	1462
3512	1405	6	2	6	0	1419
3513	7	2	0	1396	0	1405
3514	1	2	1395	3	0	1401
3515	2	1402	6	2	0	1412
3516	1415	5	2	5	0	1427
3517	1414	1	4	1	0	1420
3518	9	1	1455	1	0	1466
3519	4	0	6	1405	0	1415
3520	3	1	3	1483	0	1490
3521	1	4	1673	9	0	1687
3522	1710	0	15	9	0	1734
3523	2024	0	5	4	0	2033
3524	37	0	5	2278	0	2320
3525	9	2305	1	39	0	2354
3526	9	40	2	2382	0	2433
3527	5	14	2340	54	0	2413
3528	2354	8	40	17	0	2419
3529	49	7	12	2452	0	2520
3530	13	8	2430	57	0	2508
3531	2358	4	52	25	0	2439
3532	57	3	21	2399	0	2480
3533	24	2	13	2423	0	2462
3534	2402	1	13	69	0	2485
3535	54	2409	11	28	0	2502
3536	2387	45	8	25	0	2465
3537	63	14	6	2360	0	2443
3538	2359	12	3	61	0	2435
3539	66	13	2331	27	0	2437
3540	28	2353	47	17	0	2445
3541	24	52	15	2384	0	2475
3542	2391	14	12	67	0	2484
3543	58	2364	14	23	0	2459
3544	32	55	10	2383	0	2480
3545	2403	25	10	67	0	2505
3546	2386	14	7	30	0	2437
3547	85	17	5	2311	0	2418
3548	35	15	2289	66	0	2405
3549	31	19	2261	38	0	2349
3550	2261	9	59	28	0	2357
3551	77	2247	23	21	0	2368
3552	31	2200	22	18	0	2271
3553	2159	63	21	24	0	2267
3554	68	2197	19	14	0	2298
3555	37	64	11	2190	0	2302
3556	29	35	5	2251	0	2320
3557	2212	23	8	80	0	2323
3558	2216	26	4	33	0	2279
3559	2239	19	4	32	0	2294
3560	81	14	2145	32	0	2272
3561	53	8	51	2165	0	2277
3562	42	8	2166	65	0	2281
3563	47	6	2145	28	0	2226
3564	30	9	2225	24	0	2288
3565	29	7	81	2170	0	2287
3566	39	10	2187	68	0	2304
3567	19	20	2253	35	0	2327
3568	17	14	86	2213	0	2330
3569	2205	11	49	69	0	2334
3570	74	17	2212	39	0	2342
3571	45	7	74	2186	0	2312
3572	30	12	41	2252	0	2335
3573	39	11	2204	87	0	2341
3574	31	10	71	2230	0	2342
3575	32	12	2269	86	0	2399
3576	25	12	74	2235	0	2346
3577	32	15	35	2264	0	2346
3578	27	9	35	2284	0	2355
3579	23	11	27	2292	0	2353
3580	2204	2	32	106	0	2344
3581	2220	5	32	70	0	2327
3582	82	12	2126	50	0	2270
3583	42	2084	75	50	0	2251
3584	46	51	2122	33	0	2252
3585	34	23	2140	27	0	2224
3586	2068	13	89	34	0	2204
3587	80	2115	52	24	0	2271
3588	2130	55	44	33	0	2262
3589	74	2124	44	38	0	2280
3590	2148	60	35	25	0	2268
3591	2188	31	34	26	0	2279
3592	94	22	15	2136	0	2267
3593	43	2145	20	75	0	2283
3594	46	68	17	2178	0	2309
3595	44	23	20	2210	0	2297
3596	34	16	2140	93	0	2283
3597	23	2173	68	59	0	2323
3598	23	62	31	2209	0	2325
3599	2199	30	22	91	0	2342
3600	2279	14	34	52	0	2379
3601	2296	21	25	37	0	2379
3602	89	2236	25	36	0	2386
3603	2312	65	26	37	0	2440
3604	99	2411	19	25	0	2554
3605	53	71	27	2462	0	2613
3606	50	33	2458	72	0	2613
3607	35	30	69	2423	0	2557
3608	28	2435	44	77	0	2584
3609	32	61	34	2437	0	2564
3610	19	32	27	2456	0	2534
3611	28	2421	28	103	0	2580
3612	2429	71	27	62	0	2589
3613	73	39	12	2430	0	2554
3614	39	27	2358	96	0	2520
3615	37	23	70	2385	0	2515
3616	41	24	32	2460	0	2557
3617	30	19	2400	104	0	2553
3618	30	20	65	2311	0	2426
3619	22	2321	45	106	0	2494
3620	25	69	2260	67	0	2421
3621	34	26	2117	46	0	2223
3622	21	1975	63	31	0	2090
3623	19	1730	34	20	0	1803
3624	10	1500	22	10	0	1542
3625	1364	35	37	12	0	1448
3626	1321	15	4	13	0	1353
3627	1329	10	4	9	0	1352
3628	34	5	1	1314	0	1354
3629	15	5	1274	18	0	1312
3630	13	7	12	1272	0	1304
3631	6	6	13	1281	0	1306
3632	1268	5	9	27	0	1309
3633	1264	4	3	24	0	1295
3634	23	1281	6	11	0	1321
3635	1269	19	5	14	0	1307
3636	1268	12	4	14	0	1298
3637	1299	9	5	8	0	1321
3638	34	6	1246	8	0	1294
3639	17	6	1264	5	0	1292
3640	14	8	24	1239	0	1285
3641	7	4	1243	23	0	1277
3642	1204	4	22	13	0	1243
3643	1226	2	14	16	0	1258
3644	27	9	1191	3	0	1230
3645	1180	6	14	8	0	1208
3646	25	1184	11	6	0	1226
3647	1202	15	5	5	0	1227
3648	25	11	4	1162	0	1202
3649	15	10	3	1140	0	1168
3650	13	1168	4	22	0	1207
3651	1167	17	2	17	0	1203
3652	1186	10	3	10	0	1209
3653	29	1166	2	4	0	1201
3654	18	17	4	1129	0	1168
3655	15	13	6	1133	0	1167
3656	11	1132	4	25	0	1172
3657	14	17	3	1137	0	1171
3658	12	11	6	1150	0	1179
3659	1119	8	6	32	0	1165
3660	1117	8	1	20	0	1146
3661	25	10	1109	11	0	1155
3662	1105	3	14	14	0	1136
3663	22	4	1105	6	0	1137
3664	16	8	20	1071	0	1115
3665	13	5	1077	19	0	1114
3666	8	1063	16	15	0	1102
3667	14	14	10	1020	0	1058
3668	6	9	5	1042	0	1062
3669	1027	8	2	25	0	1062
3670	21	5	5	1013	0	1044
3671	14	7	987	20	0	1028
3672	1001	6	13	16	0	1036
3673	1009	4	12	8	0	1033
3674	1015	6	7	9	0	1037
3675	974	9	4	11	0	998
3676	30	7	4	1008	0	1049
3677	26	5	3	1019	0	1053
3678	18	4	4	1044	0	1070
3679	16	2	2	1052	0	1072
3680	1021	3	3	34	0	1061
3681	1011	2	6	20	0	1039
3682	26	5	7	976	0	1014
3683	19	986	6	21	0	1032
3684	993	14	4	16	0	1027
3685	24	10	990	8	0	1032
3686	16	1002	15	8	0	1041
3687	951	17	7	9	0	984
3688	21	966	7	8	0	1002
3689	16	17	960	6	0	999
3690	974	8	19	9	0	1010
3691	989	8	11	3	0	1011
3692	27	4	969	4	0	1004
3693	20	3	15	979	0	1017
3694	17	2	11	974	0	1004
3695	12	967	7	31	0	1017
3696	12	18	4	970	0	1004
3697	945	8	4	29	0	986
3698	22	944	1	15	0	982
3699	14	23	3	857	0	897
3700	11	7	1	865	0	884
3701	8	0	842	26	0	876
3702	4	837	15	13	0	869
3703	756	22	7	5	0	790
3704	17	616	1	5	0	639
3705	4	582	5	1	0	592
3706	574	16	2	3	0	595
3707	16	3	1	570	0	590
3708	4	4	2	590	0	600
3709	580	2	3	16	0	601
3710	17	1	1	594	0	613
3711	7	0	2	595	0	604
3712	605	2	2	18	0	627
3713	17	0	0	605	0	622
3714	4	599	0	15	0	618
3715	595	14	0	7	0	616
3716	16	2	550	4	0	572
3717	5	531	13	4	0	553
3718	0	14	3	517	0	534
3719	4	3	490	13	0	510
3720	4	0	491	6	0	501
3721	5	11	14	468	0	498
3722	472	0	7	11	0	490
3723	13	2	1	461	0	477
3724	4	1	0	483	0	488
3725	3	0	2	488	0	493
3726	1	1	1	485	0	488
3727	2	0	1	491	0	494
3728	1	0	456	15	0	472
3729	1	0	459	4	0	464
3730	3	0	14	457	0	474
3731	1	0	451	12	0	464
3732	0	461	10	5	0	476
3733	0	12	3	461	0	476
3734	1	3	439	14	0	457
3735	417	1	13	5	0	436
3736	11	421	4	2	0	438
3737	5	410	0	4	0	419
3738	1	429	2	0	0	432
3739	3	14	1	408	0	426
3740	414	3	0	14	0	431
3741	10	1	2	417	0	430
3742	418	1	2	10	0	431
3743	11	387	1	4	0	403
3744	399	11	0	3	0	413
3745	10	6	0	399	0	415
3746	7	1	1	407	0	416
3747	2	398	1	14	0	415
3748	1	8	1	406	0	416
3749	4	4	0	409	0	417
3750	0	1	2	402	0	405
3751	390	2	0	14	0	406
3752	376	0	0	7	0	383
3753	12	0	383	4	0	399
3754	381	3	10	2	0	396
3755	10	3	380	3	0	396
3756	6	2	10	383	0	401
3757	2	4	4	387	0	397
3758	3	2	0	394	0	399
3759	3	1	382	13	0	399
3760	2	1	11	384	0	398
3761	2	1	387	11	0	401
3762	3	1	10	390	0	404
3763	389	2	3	12	0	406
3764	10	3	381	8	0	402
3765	394	1	8	5	0	408
3766	8	2	4	396	0	410
3767	395	1	0	13	0	409
3768	10	387	2	6	0	405
3769	4	7	2	393	0	406
3770	2	5	394	9	0	410
3771	4	1	9	400	0	414
3772	2	6	5	386	0	399
3773	2	388	1	12	0	403
3774	2	6	391	6	0	405
3775	1	385	7	1	0	394
3776	340	5	1	2	0	348
3777	4	340	0	5	0	349
3778	324	4	0	1	0	329
3779	318	2	0	2	0	322
3780	321	0	1	4	0	326
3781	6	0	2	322	0	330
3782	1	0	318	6	0	325
3783	3	0	3	311	0	317
3784	0	317	2	7	0	326
3785	3	4	1	317	0	325
3786	307	1	0	7	0	315
3787	3	306	1	2	0	312
3788	1	4	1	279	0	285
3789	0	0	1	276	0	277
3790	273	1	2	5	0	281
3791	3	0	263	4	0	270
3792	2	254	3	3	0	262
3793	4	2	2	224	0	232
3794	0	0	222	2	0	224
3795	0	1	1	219	0	221
3796	0	218	0	2	0	220
3797	0	3	0	224	0	227
3798	1	2	0	227	0	230
3799	0	2	0	226	0	228
3800	0	0	223	4	0	227
3801	230	0	2	2	0	234
3802	3	0	0	255	0	258
3803	276	0	0	3	0	279
3804	279	0	0	0	0	279
3805	285	0	0	2	0	287
3806	274	0	1	1	0	276
3807	274	0	0	1	0	275
3808	4	1	0	269	0	274
3809	2	265	0	3	0	270
3810	2	1	0	250	0	253
3811	0	253	0	4	0	257
3812	0	1	0	236	0	237
3813	232	1	0	2	0	235
3814	1	1	0	236	0	238
3815	1	0	235	2	0	238
3816	220	0	1	2	0	223
3817	2	230	1	1	0	234
3818	231	1	1	1	0	234
3819	229	2	0	0	0	231
3820	236	0	0	0	0	236
3821	4	243	0	1	0	248
3822	2	3	0	237	0	242
3823	1	1	0	245	0	247
3824	1	1	237	3	0	242
3825	0	0	2	236	0	238
3826	1	0	1	235	0	237
3827	0	0	1	239	0	240
3828	0	242	0	4	0	246
3829	251	2	0	2	0	255
3830	241	2	0	0	0	243
3831	4	3	248	1	0	256
3832	3	259	2	2	0	266
3833	2	2	1	265	0	270
3834	0	2	0	267	0	269
3835	0	1	0	269	0	270
3836	0	0	0	269	0	269
3837	0	0	1	275	0	276
3838	0	0	268	5	0	273
3839	0	1	251	3	0	255
3840	265	0	3	2	0	270
3841	288	1	2	1	0	292
3842	290	0	1	0	0	291
3843	6	0	0	287	0	293
3844	2	0	278	3	0	283
3845	273	1	3	1	0	278
3846	281	1	1	2	0	285
3847	5	0	270	1	0	276
3848	274	0	3	1	0	278
3849	5	0	284	1	0	290
3850	1	0	3	289	0	293
3851	2	0	293	3	0	298
3852	289	0	4	2	0	295
3853	287	1	1	1	0	290
3854	293	0	1	2	0	296
3855	291	0	0	0	0	291
3856	5	1	292	2	0	300
3857	2	294	3	1	0	300
3858	298	3	3	1	0	305
3859	299	2	0	0	0	301
3860	4	0	301	1	0	306
3861	5	2	3	288	0	298
3862	1	0	2	297	0	300
3863	0	0	292	5	0	297
3864	284	0	4	3	0	291
3865	287	2	1	1	0	291
3866	6	283	1	1	0	291
3867	293	3	0	1	0	297
3868	285	1	0	1	0	287
3869	293	2	2	2	0	299
3870	289	1	0	1	0	291
3871	6	0	274	2	0	282
3872	279	0	4	0	0	283
3873	5	0	2	275	0	282
3874	2	276	1	5	0	284
3875	3	3	268	3	0	277
3876	1	273	4	1	0	279
3877	5	3	1	267	0	276
3878	1	1	261	2	0	265
3879	252	1	4	2	0	259
3880	5	0	277	1	0	283
3881	279	0	3	1	0	283
3882	5	0	1	274	0	280
3883	2	0	1	272	0	275
3884	0	275	0	5	0	280
3885	2	285	0	2	0	289
3886	1	4	1	292	0	298
3887	290	2	2	3	0	297
3888	289	0	0	2	0	291
3889	294	0	0	1	0	295
3890	5	0	291	1	0	297
3891	291	0	4	2	0	297
3892	5	0	315	0	0	320
3893	2	1	298	0	0	301
3894	309	0	5	0	0	314
3895	317	0	2	1	0	320
3896	8	0	319	1	0	328
3897	2	1	2	313	0	318
3898	0	1	2	327	0	330
3899	329	0	1	4	0	334
3900	319	0	0	2	0	321
3901	5	1	343	0	0	349
3902	3	318	1	0	0	322
3903	0	309	1	0	0	310
3904	310	2	0	2	0	314
3905	1	0	1	312	0	314
3906	2	0	0	323	0	325
3907	0	0	1	333	0	334
3908	336	0	0	4	0	340
3909	3	0	0	337	0	340
3910	339	0	0	6	0	345
3911	354	1	0	0	0	355
3912	6	378	0	0	0	384
3913	0	7	0	430	0	437
3914	3	1	433	7	0	444
3915	429	2	7	1	0	439
3916	445	0	1	3	0	449
3917	449	1	3	0	0	453
3918	12	0	453	2	0	467
3919	4	0	9	456	0	469
3920	466	0	2	6	0	474
3921	443	0	3	2	0	448
3922	448	0	0	3	0	451
3923	10	434	3	0	0	447
3924	5	467	0	4	0	476
3925	4	7	1	472	0	484
3926	4	5	0	471	0	480
3927	4	467	1	7	0	479
3928	471	7	0	4	0	482
3929	8	3	478	1	0	490
3930	2	4	5	475	0	486
3931	5	1	2	478	0	486
3932	0	2	468	10	0	480
3933	458	0	6	5	0	469
3934	478	1	3	4	0	486
3935	10	463	3	3	0	479
3936	468	7	2	4	0	481
3937	11	2	489	1	0	503
3938	502	3	6	2	0	513
3939	12	3	507	1	0	523
3940	494	2	11	3	0	510
3941	517	0	2	1	0	520
3942	510	1	6	1	0	518
3943	510	0	1	2	0	513
3944	13	509	4	1	0	527
3945	531	6	2	2	0	541
3946	551	2	1	2	0	556
3947	13	3	539	4	0	559
3948	550	1	6	2	0	559
3949	13	2	1	553	0	569
3950	7	0	562	7	0	576
3951	562	0	8	1	0	571
3952	10	0	4	560	0	574
3953	572	1	3	8	0	584
3954	639	1	2	8	0	650
3955	11	1	684	5	0	701
3956	690	1	7	4	0	702
3957	716	3	2	2	0	723
3958	719	0	4	0	0	723
3959	720	0	2	3	0	725
3960	13	0	2	706	0	721
3961	8	695	2	8	0	713
3962	697	6	2	4	0	709
3963	730	1	1	6	0	738
3964	726	3	1	1	0	731
3965	17	2	718	4	0	741
3966	8	706	11	0	0	725
3967	10	9	2	719	0	740
3968	6	1	5	734	0	746
3969	6	4	750	10	0	770
3970	7	0	11	751	0	769
3971	7	3	750	14	0	774
3972	7	0	13	751	0	771
3973	3	1	2	771	0	777
3974	2	4	774	14	0	794
3975	755	2	9	12	0	778
3976	806	0	7	7	0	820
3977	14	1	800	6	0	821
3978	812	2	9	4	0	827
3979	831	3	6	4	0	844
3980	19	0	849	4	0	872
3981	11	0	11	853	0	875
3982	6	1	7	864	0	878
3983	872	0	3	15	0	890
3984	16	905	4	5	0	930
3985	873	12	4	7	0	896
3986	929	3	0	5	0	937
3987	15	933	4	3	0	955
3988	960	11	2	3	0	976
3989	962	6	0	4	0	972
3990	17	935	3	3	0	958
3991	13	11	3	961	0	988
3992	9	972	1	12	0	994
3993	10	14	2	982	0	1008
3994	8	4	978	16	0	1006
3995	5	7	947	3	0	962
3996	960	1	14	10	0	985
3997	985	5	6	5	0	1001
3998	24	0	977	5	0	1006
3999	974	1	16	2	0	993
4000	1008	1	6	3	0	1018
4001	975	2	6	3	0	986
4002	25	980	4	2	0	1011
4003	14	14	4	996	0	1028
4004	997	3	1	14	0	1015
4005	1001	4	2	2	0	1009
4006	26	1	991	4	0	1022
4007	11	5	14	967	0	997
4008	12	0	3	989	0	1004
4009	9	972	4	12	0	997
4010	7	1027	3	10	0	1047
4011	4	27	4	982	0	1017
4012	6	990	2	14	0	1012
4013	960	10	1	6	0	977
4014	14	991	0	4	0	1009
4015	1012	10	2	0	0	1024
4016	17	2	996	1	0	1016
4017	1048	1	14	2	0	1065
4018	1096	0	3	2	0	1101
4019	1099	3	0	1	0	1103
4020	1080	0	0	4	0	1084
4021	22	1060	2	0	0	1084
4022	6	16	0	1089	0	1111
4023	4	2	1	1087	0	1094
4024	4	1	1061	23	0	1089
4025	4	1	17	1052	0	1074
4026	3	2	3	1072	0	1080
4027	1074	2	0	21	0	1097
4028	19	1069	1	10	0	1099
4029	6	20	1	1094	0	1121
4030	4	3	3	1105	0	1115
4031	2	3	0	1119	0	1124
4032	1100	2	1	28	0	1131
4033	22	6	2	1088	0	1118
4034	1103	2	2	23	0	1130
4035	23	1	3	1104	0	1131
4036	6	0	3	1112	0	1121
4037	9	0	1051	24	0	1084
4038	994	1	19	7	0	1021
4039	20	1061	6	8	0	1095
4040	1098	15	2	7	0	1122
4041	23	2	3	1089	0	1117
4042	8	3	2	1110	0	1123
4043	1124	3	3	28	0	1158
4044	1166	1	0	12	0	1179
4045	28	5	1	1211	0	1245
4046	11	2	1211	29	0	1253
4047	3	1	1194	14	0	1212
4048	4	1241	24	10	0	1279
4049	1316	27	12	4	0	1359
4050	1332	6	1	11	0	1350
4051	35	3	2	1358	0	1398
4052	8	1381	4	31	0	1424
4053	6	30	3	1378	0	1417
4054	5	7	3	1329	0	1344
4055	10	1242	1	32	0	1285
4056	1251	28	1	15	0	1295
4057	30	11	3	1264	0	1308
4058	12	1269	2	32	0	1315
4059	8	1334	2	12	0	1356
4060	1337	31	1	10	0	1379
4061	35	9	1311	2	0	1357
4062	1327	5	26	6	0	1364
4063	36	3	8	1343	0	1390
4064	15	5	6	1351	0	1377
4065	8	1333	6	36	0	1383
4066	10	29	2	1354	0	1395
4067	8	8	1357	31	0	1404
4068	10	1305	25	14	0	1354
4069	4	1364	5	12	0	1385
4070	1332	31	3	11	0	1377
4071	31	1341	1	10	0	1383
4072	5	34	2	1356	0	1397
4073	10	1364	2	29	0	1405
4074	9	29	2	1367	0	1407
4075	8	12	4	1380	0	1404
4076	7	9	1325	41	0	1382
4077	13	6	28	1310	0	1357
4078	9	4	10	1349	0	1372
4079	1314	10	6	37	0	1367
4080	35	9	1275	17	0	1336
4081	14	2	26	1319	0	1361
4082	6	7	1299	38	0	1350
4083	1286	6	27	19	0	1338
4084	30	1268	10	23	0	1331
4085	1380	33	5	12	0	1430
4086	44	9	5	1390	0	1448
4087	19	11	3	1443	0	1476
4088	11	12	1403	50	0	1476
4089	1325	13	30	25	0	1393
4090	38	1436	8	24	0	1506
4091	1425	40	7	23	0	1495
4092	45	13	6	1409	0	1473
4093	23	1403	5	43	0	1474
4094	1414	36	6	24	0	1480
4095	43	1438	4	19	0	1504
4096	15	42	3	1445	0	1505
4097	18	12	10	1463	0	1503
4098	14	12	10	1459	0	1495
4099	13	1427	6	50	0	1496
4100	15	31	4	1447	0	1497
4101	10	16	2	1477	0	1505
4102	1400	14	3	58	0	1475
4103	1426	11	5	24	0	1466
4104	1431	11	10	19	0	1471
4105	48	17	1413	14	0	1492
4106	1414	11	35	14	0	1474
4107	1459	9	12	12	0	1492
4108	1410	14	7	14	0	1445
4109	47	9	1320	17	0	1393
4110	1369	13	23	12	0	1417
4111	43	9	6	1393	0	1451
4112	13	7	1376	49	0	1445
4113	13	1354	37	21	0	1425
4114	11	35	8	1312	0	1366
4115	11	1282	8	41	0	1342
4116	16	1329	11	9	0	1365
4117	1253	31	15	17	0	1316
4118	23	10	4	1265	0	1302
4119	1261	7	8	27	0	1303
4120	33	11	5	1249	0	1298
4121	1256	8	3	30	0	1297
4122	37	5	5	1249	0	1296
4123	1253	7	3	38	0	1301
4124	27	12	1193	20	0	1252
4125	16	6	25	1213	0	1260
4126	15	6	1244	31	0	1296
4127	17	13	1181	10	0	1221
4128	13	5	1243	13	0	1274
4129	6	5	29	1246	0	1286
4130	6	11	1246	30	0	1293
4131	1238	7	27	14	0	1286
4132	27	9	9	1260	0	1305
4133	10	9	1309	36	0	1364
4134	13	2	19	1315	0	1349
4135	12	5	9	1342	0	1368
4136	8	8	1423	35	0	1474
4137	15	4	23	1435	0	1477
4138	16	5	3	1424	0	1448
4139	15	1437	5	31	0	1488
4140	1444	20	6	14	0	1484
4141	1458	6	7	12	0	1483
4142	35	9	1409	7	0	1460
4143	1371	5	20	10	0	1406
4144	34	1	1330	7	0	1372
4145	15	4	1252	10	0	1281
4146	14	1	1268	4	0	1287
4147	16	19	19	1218	0	1272
4148	7	4	1247	17	0	1275
4149	8	1	15	1183	0	1207
4150	3	3	7	1176	0	1189
4151	4	2	5	1164	0	1175
4152	3	1	6	1160	0	1170
4153	1136	1	1	21	0	1159
4154	1144	4	2	14	0	1164
4155	17	1146	2	14	0	1179
4156	8	12	3	1168	0	1191
4157	9	4	1174	14	0	1201
4158	1	1199	18	7	0	1225
4159	5	20	7	1223	0	1255
4160	2	8	1239	21	0	1270
4161	2	3	16	1213	0	1234
4162	3	5	1233	21	0	1262
4163	6	2	1215	11	0	1234
4164	5	2	21	1231	0	1259
4165	5	1	11	1250	0	1267
4166	1244	0	7	27	0	1278
4167	21	0	3	1243	0	1267
4168	1252	0	2	24	0	1278
4169	19	1242	3	11	0	1275
4170	9	1308	2	8	0	1327
4171	6	21	3	1388	0	1418
4172	1401	8	1	21	0	1431
4173	17	1420	4	9	0	1450
4174	6	20	4	1482	0	1512
4175	1532	6	1	23	0	1562
4176	1556	5	4	10	0	1575
4177	1525	3	3	9	0	1540
4178	1525	0	1	4	0	1530
4179	1591	1	1	4	0	1597
4180	23	1	1539	3	0	1566
4181	11	3	1519	5	0	1538
4182	7	1523	19	3	0	1552
4183	6	23	14	1514	0	1557
4184	1	3	1560	15	0	1579
4185	2	8	1477	6	0	1493
4186	7	4	16	1474	0	1501
4187	1	2	1556	14	0	1573
4188	1	2	1533	7	0	1543
4189	1	1904	17	5	0	1927
4190	1911	25	5	2	0	1943
4191	27	2034	2	0	0	2063
4192	9	29	0	2107	0	2145
4193	2125	4	2	32	0	2163
4194	34	2178	3	7	0	2222
4195	12	31	3	2169	0	2215
4196	5	8	2188	32	0	2233
4197	2187	2	27	8	0	2224
4198	2238	2	8	4	0	2252
4199	2281	0	6	7	0	2294
4200	44	2	3	2266	0	2315
4201	10	6	2243	38	0	2297
4202	3	2244	38	8	0	2293
4203	7	33	10	2285	0	2335
4204	2281	3	4	42	0	2330
4205	37	3	2247	7	0	2294
4206	8	2179	40	8	0	2235
4207	3	34	2221	5	0	2263
4208	2255	8	35	3	0	2301
4209	2329	6	10	9	0	2354
4210	2326	3	4	5	0	2338
4211	50	4	2236	5	0	2295
4212	12	2193	33	4	0	2242
4213	9	33	11	2241	0	2294
4214	8	5	11	2272	0	2296
4215	8	5	8	2290	0	2311
4216	6	3	2235	52	0	2296
4217	2185	3	40	20	0	2248
4218	39	6	2233	11	0	2289
4219	2260	1	34	19	0	2314
4220	2316	3	9	12	0	2340
4221	2343	5	5	11	0	2364
4222	2316	5	4	6	0	2331
4223	54	12	2275	5	0	2346
4224	27	8	35	2297	0	2367
4225	15	10	2259	39	0	2323
4226	14	2175	36	18	0	2243
4227	15	2292	12	14	0	2333
4228	2282	40	4	9	0	2335
4229	2225	19	10	8	0	2262
4230	48	2263	7	13	0	2331
4231	2296	42	3	12	0	2353
4232	53	17	1962	12	0	2044
4233	2206	9	30	12	0	2257
4234	46	2262	23	11	0	2342
4235	2326	38	10	11	0	2385
4236	2265	17	12	4	0	2298
4237	62	9	9	2199	0	2279
4238	31	4	9	2236	0	2280
4239	2194	6	18	50	0	2268
4240	52	10	12	2186	0	2260
4241	2189	8	14	55	0	2266
4242	64	7	8	2191	0	2270
4243	2179	9	15	47	0	2250
4244	2184	14	9	17	0	2224
4245	53	2116	14	13	0	2196
4246	35	2180	5	10	0	2230
4247	2135	52	10	19	0	2216
4248	50	2123	17	12	0	2202
4249	31	54	13	2117	0	2215
4250	22	23	14	2153	0	2212
4251	2114	10	14	59	0	2197
4252	53	2083	11	33	0	2180
4253	33	2054	11	22	0	2120
4254	27	2107	17	9	0	2160
4255	22	48	2039	15	0	2124
4256	20	18	2022	16	0	2076
4257	30	8	2026	8	0	2072
4258	23	36	39	1854	0	1952
4259	20	1948	15	36	0	2019
4260	1948	37	12	12	0	2009
4261	47	20	1921	10	0	1998
4262	25	13	1883	21	0	1942
4263	20	9	1952	9	0	1990
4264	21	18	46	1923	0	2008
4265	31	14	16	1945	0	2006
4266	23	8	13	1961	0	2005
4267	1951	7	8	52	0	2018
4268	1934	13	8	14	0	1969
4269	1937	7	7	13	0	1964
4270	53	10	13	1821	0	1897
4271	25	9	1700	38	0	1772
4272	15	12	1717	18	0	1762
4273	34	1	34	1697	0	1766
4274	20	5	11	1679	0	1715
4275	1616	5	10	45	0	1676
4276	44	1583	7	18	0	1652
4277	1594	31	6	13	0	1644
4278	49	1584	5	14	0	1652
4279	27	34	5	1575	0	1641
4280	15	11	1565	42	0	1633
4281	24	12	30	1547	0	1613
4282	1560	9	9	44	0	1622
4283	40	10	1543	17	0	1610
4284	1472	10	35	14	0	1531
4285	49	7	1475	7	0	1538
4286	22	20	1422	5	0	1469
4287	1330	6	33	11	0	1380
4288	43	5	1331	9	0	1388
4289	12	2	966	2	0	982
4290	14	946	32	6	0	998
4291	826	19	43	8	0	896
4292	782	3	7	3	0	795
4293	780	3	0	2	0	785
4294	9	1	734	3	0	747
4295	700	1	5	3	0	709
4296	8	713	2	2	0	725
4297	699	5	1	1	0	706
4298	8	2	699	2	0	711
4299	5	9	5	655	0	674
4300	1	2	656	5	0	664
4301	2	649	6	3	0	660
4302	1	3	7	638	0	649
4303	1	2	4	640	0	647
4304	643	1	2	6	0	652
4305	631	1	1	6	0	639
4306	630	1	0	2	0	633
4307	621	2	0	2	0	625
4308	619	1	1	1	0	622
4309	9	0	609	1	0	619
4310	5	0	4	607	0	616
4311	2	0	636	6	0	644
4312	4	0	6	640	0	650
4313	662	2	3	6	0	673
4314	681	0	2	3	0	686
4315	686	1	3	2	0	692
4316	690	0	1	2	0	693
4317	8	1	710	0	0	719
4318	4	1	6	701	0	712
4319	2	6	703	6	0	717
4320	1	711	7	5	0	724
4321	3	702	2	1	0	708
4322	5	10	1	716	0	732
4323	4	1	2	780	0	787
4324	3	1	3	783	0	790
4325	3	1	1	826	0	831
4326	821	1	3	11	0	836
4327	10	811	2	3	0	826
4328	800	9	2	1	0	812
4329	9	2	2	794	0	807
4330	4	1	2	778	0	785
4331	1	783	1	12	0	797
4332	3	10	0	792	0	805
4333	787	3	0	10	0	800
4334	10	717	1	3	0	731
4335	4	696	3	1	0	704
4336	704	7	0	3	0	714
4337	8	2	1	712	0	723
4338	3	711	2	7	0	723
4339	2	7	2	718	0	729
4340	725	1	0	11	0	737
4341	9	0	2	719	0	730
4342	4	2	1	717	0	724
4343	727	1	0	10	0	738
4344	10	1	2	718	0	731
4345	4	727	0	13	0	744
4346	3	7	3	722	0	735
4347	2	725	2	11	0	740
4348	3	10	1	736	0	750
4349	727	3	1	12	0	743
4350	730	2	1	5	0	738
4351	12	2	0	738	0	752
4352	1	1	725	16	0	743
4353	714	0	7	7	0	728
4354	11	4	716	4	0	735
4355	720	2	7	3	0	732
4356	736	1	1	5	0	743
4357	10	3	722	7	0	742
4358	4	709	7	3	0	723
4359	715	8	2	6	0	731
4360	720	5	0	5	0	730
4361	12	4	753	4	0	773
4362	748	4	9	2	0	763
4363	750	2	2	1	0	755
4364	760	0	1	6	0	767
4365	11	2	3	745	0	761
4366	5	1	1	744	0	751
4367	4	747	4	10	0	765
4368	7	9	1	776	0	793
4369	6	2	1	782	0	791
4370	5	1	762	10	0	778
4371	3	3	730	5	0	741
4372	721	4	9	2	0	736
4373	746	3	1	4	0	754
4374	12	733	3	3	0	751
4375	6	9	2	739	0	756
4376	7	1	756	12	0	776
4377	8	1	9	778	0	796
4378	5	0	1	776	0	782
4379	3	1	2	801	0	807
4380	3	799	3	11	0	816
4381	5	9	5	819	0	838
4382	5	2	3	830	0	840
4383	7	0	812	12	0	831
4384	3	2	807	3	0	815
4385	784	4	11	3	0	802
4386	819	1	4	3	0	827
4387	15	3	1	862	0	881
4388	4	0	3	844	0	851
4389	6	1	4	849	0	860
4390	5	2	817	22	0	846
4391	4	794	14	9	0	821
4392	1	15	793	11	0	820
4393	782	5	15	7	0	809
4394	13	2	803	8	0	826
4395	790	1	15	9	0	815
4396	772	0	6	6	0	784
4397	804	1	5	5	0	815
4398	19	2	3	790	0	814
4399	8	2	791	17	0	818
4400	5	812	14	11	0	842
4401	5	23	5	812	0	845
4402	4	4	1	843	0	852
4403	4	2	874	21	0	901
4404	3	864	20	8	0	895
4405	936	20	6	7	0	969
4406	26	942	4	6	0	978
4407	1007	23	10	4	0	1044
4408	29	4	4	1031	0	1068
4409	10	1	1062	27	0	1100
4410	8	1066	28	5	0	1107
4411	1080	26	4	7	0	1117
4412	30	3	1090	9	0	1132
4413	1075	2	28	8	0	1113
4414	1083	7	7	9	0	1106
4415	31	4	1069	8	0	1112
4416	1054	4	30	3	0	1091
4417	1057	5	7	5	0	1074
4418	1038	0	5	8	0	1051
4419	28	999	7	6	0	1040
4420	975	26	6	1	0	1008
4421	34	989	2	5	0	1030
4422	13	25	995	3	0	1036
4423	7	982	21	7	0	1017
4424	953	27	10	3	0	993
4425	958	7	6	4	0	975
4426	967	4	6	6	0	983
4427	30	5	2	933	0	970
4428	10	3	6	963	0	982
4429	918	3	4	29	0	954
4430	970	4	6	4	0	984
4431	32	6	1	937	0	976
4432	8	3	930	31	0	972
4433	13	888	24	7	0	932
4434	5	936	4	8	0	953
4435	3	22	7	935	0	967
4436	10	8	921	25	0	964
4437	8	5	26	893	0	932
4438	6	905	4	27	0	942
4439	10	22	7	916	0	955
4440	9	4	911	27	0	951
4441	8	4	26	910	0	948
4442	10	6	942	27	0	985
4443	14	0	22	944	0	980
4444	5	4	966	27	0	1002
4445	5	3	958	11	0	977
4446	944	5	28	4	0	981
4447	971	5	5	4	0	985
4448	968	4	10	6	0	988
4449	32	950	6	3	0	991
4450	14	22	4	978	0	1018
4451	945	6	3	24	0	978
4452	996	2	1	10	0	1009
4453	992	6	2	8	0	1008
4454	36	2	962	9	0	1009
4455	11	908	21	6	0	946
4456	12	970	5	9	0	996
4457	969	29	4	7	0	1009
4458	31	5	5	969	0	1010
4459	958	9	6	24	0	997
4460	32	7	942	5	0	986
4461	13	6	23	917	0	959
4462	7	3	8	942	0	960
4463	11	6	6	907	0	930
4464	8	912	7	27	0	954
4465	918	22	7	9	0	956
4466	930	10	5	8	0	953
4467	35	894	5	7	0	941
4468	9	30	7	887	0	933
4469	892	2	8	24	0	926
4470	31	9	7	881	0	928
4471	891	3	6	28	0	928
4472	32	870	5	7	0	914
4473	892	21	2	6	0	921
4474	31	13	862	6	0	912
4475	16	855	19	8	0	898
4476	12	25	849	3	0	889
4477	19	8	25	836	0	888
4478	821	4	10	32	0	867
4479	841	6	5	7	0	859
4480	837	4	5	4	0	850
4481	32	6	2	796	0	836
4482	812	3	4	25	0	844
4483	32	3	3	793	0	831
4484	802	2	3	29	0	836
4485	813	4	6	7	0	830
4486	34	1	785	11	0	831
4487	11	2	734	4	0	751
4488	9	3	718	6	0	736
4489	7	5	21	717	0	750
4490	713	1	8	25	0	747
4491	19	2	8	729	0	758
4492	5	4	6	756	0	771
4493	791	2	3	26	0	822
4494	807	0	5	6	0	818
4495	812	3	3	8	0	826
4496	812	4	1	9	0	826
4497	27	1	2	791	0	821
4498	782	1	3	21	0	807
4499	24	784	3	3	0	814
4500	789	15	2	4	0	810
4501	787	1	3	6	0	797
4502	22	4	741	1	0	768
4503	694	5	10	3	0	712
4504	14	2	686	4	0	706
4505	7	0	599	6	0	612
4506	11	2	605	1	0	619
4507	5	5	12	525	0	547
4508	1	1	533	7	0	542
4509	1	5	7	478	0	491
4510	2	0	485	4	0	491
4511	0	0	497	3	0	500
4512	1	6	4	481	0	492
4513	2	0	3	528	0	533
4514	0	0	541	6	0	547
4515	528	0	6	3	0	537
4516	5	0	2	546	0	553
4517	2	0	2	538	0	542
4518	542	0	1	6	0	549
4519	5	1	0	559	0	565
4520	1	0	552	9	0	562
4521	4	0	506	2	0	512
4522	2	0	3	497	0	502
4523	1	0	508	4	0	513
4524	2	541	4	1	0	548
4525	1	1	2	548	0	552
4526	549	1	2	3	0	555
4527	3	1	552	1	0	557
4528	548	1	2	3	0	554
4529	5	0	1	567	0	573
4530	3	1	1	570	0	575
4531	0	0	0	571	0	571
4532	3	0	0	569	0	572
4533	569	1	1	6	0	577
4534	3	596	1	3	0	603
4535	2	2	0	605	0	609
4536	1	1	1	609	0	612
4537	3	1	0	614	0	618
4538	0	1	1	606	0	608
4539	601	0	1	7	0	609
4540	3	598	1	4	0	606
4541	593	3	0	3	0	599
4542	4	560	1	2	0	567
4543	2	565	0	1	0	568
4544	541	5	1	3	0	550
4545	5	3	566	0	0	574
4546	2	2	3	561	0	568
4547	572	1	2	5	0	580
4548	572	1	2	4	0	579
4549	521	3	1	6	0	531
4550	581	1	0	2	0	584
4551	5	609	1	1	0	616
4552	628	6	0	1	0	635
4553	657	3	0	2	0	662
4554	13	687	0	0	0	700
4555	5	9	1	709	0	724
4556	4	8	709	8	0	729
4557	4	2	8	714	0	728
4558	701	2	6	10	0	719
4559	9	1	721	9	0	740
4560	7	701	10	3	0	721
4561	2	5	735	2	0	744
4562	3	5	11	700	0	719
4563	0	699	7	10	0	716
4564	728	8	4	6	0	746
4565	9	739	3	3	0	754
4566	5	10	1	744	0	760
4567	3	6	1	757	0	767
4568	748	5	1	15	0	769
4569	8	2	0	754	0	764
4570	7	744	1	11	0	763
4571	751	9	2	10	0	772
4572	756	6	0	7	0	769
4573	14	753	2	2	0	771
4574	756	11	0	3	0	770
4575	12	743	1	3	0	759
4576	747	11	0	1	0	759
4577	12	759	1	3	0	775
4578	10	11	0	744	0	765
4579	4	8	2	778	0	792
4580	770	4	0	16	0	790
4581	786	2	0	12	0	800
4582	15	770	1	5	0	791
4583	9	14	759	4	0	786
4584	776	6	9	3	0	794
4585	11	4	3	802	0	820
4586	9	790	1	9	0	809
4587	7	9	1	803	0	820
4588	803	10	1	12	0	826
4589	803	3	1	10	0	817
4590	809	3	3	7	0	822
4591	19	2	0	785	0	806
4592	12	2	780	11	0	805
4593	722	3	10	6	0	741
4594	748	0	5	4	0	757
4595	770	0	4	1	0	775
4596	20	746	1	1	0	768
4597	12	11	1	766	0	790
4598	8	778	1	8	0	795
4599	5	13	0	785	0	803
4600	7	8	0	795	0	810
4601	5	3	843	19	0	870
4602	4	3	11	928	0	946
4603	3	3	5	947	0	958
4604	938	2	7	28	0	975
4605	13	961	2	16	0	992
4606	970	14	3	8	0	995
4607	1016	8	1	5	0	1030
4608	25	8	3	1012	0	1048
4609	15	5	1019	19	0	1058
4610	8	992	17	13	0	1030
4611	4	1000	8	8	0	1020
4612	971	22	5	9	0	1007
4613	23	966	3	7	0	999
4614	10	20	2	962	0	994
4615	8	11	2	985	0	1006
4616	5	4	966	24	0	999
4617	7	5	943	14	0	969
4618	3	958	22	8	0	991
4619	9	18	11	938	0	976
4620	928	14	3	21	0	966
4621	22	8	1	947	0	978
4622	10	5	942	23	0	980
4623	8	5	18	949	0	980
4624	904	4	11	24	0	943
4625	915	6	4	12	0	937
4626	21	909	0	10	0	940
4627	921	18	2	7	0	948
4628	21	914	3	6	0	944
4629	907	18	3	3	0	931
4630	24	12	0	899	0	935
4631	15	7	889	17	0	928
4632	11	4	867	10	0	892
4633	4	902	21	8	0	935
4634	8	18	14	880	0	920
4635	8	15	3	905	0	931
4636	906	6	2	27	0	941
4637	919	2	2	16	0	939
4638	940	4	4	6	0	954
4639	31	3	4	926	0	964
4640	13	2	5	939	0	959
4641	10	2	3	946	0	961
4642	6	1	925	32	0	964
4643	11	3	921	11	0	946
4644	931	3	21	6	0	961
4645	921	3	10	9	0	943
4646	25	3	920	12	0	960
4647	919	3	17	11	0	950
4648	907	0	12	14	0	933
4649	23	5	904	2	0	934
4650	17	893	16	4	0	930
4651	14	16	6	865	0	901
4652	5	4	880	15	0	904
4653	4	894	14	10	0	922
4654	10	15	6	834	0	865
4655	7	857	6	10	0	880
4656	3	14	837	5	0	859
4657	5	7	835	6	0	853
4658	10	3	13	853	0	879
4659	856	6	12	13	0	887
4660	14	5	4	860	0	883
4661	843	5	2	20	0	870
4662	17	3	4	844	0	868
4663	5	3	833	15	0	856
4664	826	2	14	7	0	849
4665	13	6	820	9	0	848
4666	836	2	12	6	0	856
4667	21	2	5	819	0	847
4668	9	821	3	16	0	849
4669	8	8	4	826	0	846
4670	5	842	6	14	0	867
4671	5	14	6	809	0	834
4672	4	842	5	16	0	867
4673	827	14	3	14	0	858
4674	837	6	1	8	0	852
4675	845	6	2	6	0	859
4676	21	4	829	2	0	856
4677	11	2	13	815	0	841
4678	9	6	825	13	0	853
4679	6	791	15	9	0	821
4680	8	816	5	5	0	834
4681	808	16	5	3	0	832
4682	12	8	807	2	0	829
4683	10	792	10	3	0	815
4684	9	10	6	815	0	840
4685	804	5	9	13	0	831
4686	12	822	5	5	0	844
4687	825	12	3	3	0	843
4688	18	7	816	2	0	843
4689	5	7	11	848	0	871
4690	8	2	5	858	0	873
4691	6	2	5	880	0	893
4692	7	864	6	17	0	894
4693	5	15	1	830	0	851
4694	5	4	862	18	0	889
4695	5	4	14	851	0	874
4696	2	3	7	858	0	870
4697	8	0	7	844	0	859
4698	4	821	3	16	0	844
4699	6	11	1	813	0	831
4700	5	5	4	806	0	820
4701	2	731	4	16	0	753
4702	640	4	2	8	0	654
4703	5	627	4	8	0	644
4704	2	632	0	3	0	637
4705	6	12	2	622	0	642
4706	0	3	627	9	0	639
4707	577	5	6	4	0	592
4708	6	1	2	598	0	607
4709	1	1	572	7	0	581
4710	3	583	5	4	0	595
4711	3	4	2	596	0	605
4712	1	2	595	6	0	604
4713	2	3	5	570	0	580
4714	1	3	1	572	0	577
4715	561	1	5	9	0	576
4716	6	559	0	5	0	570
4717	553	8	0	7	0	568
4718	6	3	555	2	0	566
4719	2	555	5	3	0	565
4720	5	6	563	3	0	577
4721	6	4	6	571	0	587
4722	569	4	4	6	0	583
4723	6	2	5	558	0	571
4724	562	1	2	12	0	577
4725	579	3	3	3	0	588
4726	8	2	2	588	0	600
4727	5	1	601	11	0	618
4728	4	1	619	4	0	628
4729	3	2	9	620	0	634
4730	4	1	3	636	0	644
4731	629	0	4	10	0	643
4732	8	3	1	627	0	639
4733	4	595	1	12	0	612
4734	4	9	3	600	0	616
4735	2	3	0	619	0	624
4736	595	5	4	11	0	615
4737	10	586	1	10	0	607
4738	4	9	2	600	0	615
4739	5	3	0	599	0	607
4740	3	595	2	13	0	613
4741	3	6	3	608	0	620
4742	3	3	3	588	0	597
4743	1	580	0	16	0	597
4744	3	9	2	587	0	601
4745	2	3	0	582	0	587
4746	1	568	1	13	0	583
4747	2	10	1	576	0	589
4748	569	3	1	18	0	591
4749	574	7	0	6	0	587
4750	564	3	1	6	0	574
4751	557	4	1	6	0	568
4752	13	538	1	4	0	556
4753	482	9	2	5	0	498
4754	9	474	2	4	0	489
4755	4	475	0	6	0	485
4756	7	9	1	472	0	489
4757	5	2	477	9	0	493
4758	463	3	9	6	0	481
4759	476	4	1	4	0	485
4760	11	3	484	4	0	502
4761	487	3	7	8	0	505
4762	505	3	4	4	0	516
4763	12	478	2	17	0	509
4764	560	10	3	5	0	578
4765	14	3	0	556	0	573
4766	7	3	2	560	0	572
4767	7	2	1	561	0	571
4768	4	6	2	561	0	573
4769	556	3	2	15	0	576
4770	13	1	2	546	0	562
4771	4	4	1	556	0	565
4772	7	3	535	13	0	558
4773	493	1	11	7	0	512
4774	540	2	1	8	0	551
4775	539	3	3	4	0	549
4776	12	464	4	67	0	547
4777	7	539	2	5	0	553
4778	534	10	2	5	0	551
4779	11	3	4	537	0	555
4780	5	544	0	17	0	566
4781	8	12	1	543	0	564
4782	3	537	0	19	0	559
4783	551	12	0	5	0	568
4784	13	544	0	13	0	570
4785	4	13	2	542	0	561
4786	3	1	3	554	0	561
4787	4	5	562	13	0	584
4788	5	581	10	7	0	603
4789	3	22	0	586	0	611
4790	5	2	593	16	0	616
4791	4	3	603	4	0	614
4792	3	1	14	604	0	622
4793	2	1	1	622	0	626
4794	1	589	3	17	0	610
4795	0	616	1	6	0	623
4796	1	17	1	610	0	629
4797	609	3	1	18	0	631
4798	16	1	1	643	0	661
4799	660	2	1	19	0	682
4800	689	2	1	7	0	699
4801	695	2	0	4	0	701
4802	18	3	680	3	0	704
4803	696	0	14	3	0	713
4804	14	4	4	691	0	713
4805	7	3	0	688	0	698
4806	4	2	660	19	0	685
4807	3	3	658	4	0	668
4808	2	3	14	642	0	661
4809	4	621	4	13	0	642
4810	3	645	1	4	0	653
4811	3	16	1	647	0	667
4812	659	3	2	15	0	679
4813	15	1	1	665	0	682
4814	4	1	2	669	0	676
4815	2	650	1	19	0	672
4816	2	15	2	673	0	692
4817	2	4	669	18	0	693
4818	2	0	638	6	0	646
4819	628	2	14	2	0	646
4820	15	652	3	5	0	675
4821	658	15	0	4	0	677
4822	663	7	0	2	0	672
4823	15	0	0	638	0	653
4824	4	646	4	17	0	671
4825	5	13	1	644	0	663
4826	643	4	0	13	0	660
4827	13	613	3	6	0	635
4828	610	10	1	1	0	622
4829	11	600	0	3	0	614
4830	611	12	3	2	0	628
4831	621	5	2	1	0	629
4832	14	599	1	7	0	621
4833	4	11	0	629	0	644
4834	625	4	2	13	0	644
4835	10	2	598	6	0	616
4836	6	2	594	2	0	604
4837	5	9	16	590	0	620
4838	599	0	2	13	0	614
4839	11	1	2	604	0	618
4840	607	0	0	11	0	618
4841	12	1	614	5	0	632
4842	629	0	10	2	0	641
4843	671	0	3	2	0	676
4844	15	2	0	658	0	675
4845	3	1	0	670	0	674
4846	2	1	1	679	0	683
4847	1	660	2	11	0	674
4848	1	10	1	663	0	675
4849	3	4	1	669	0	677
4850	669	2	1	14	0	686
4851	672	0	0	9	0	681
4852	14	1	650	3	0	668
4853	635	2	10	3	0	650
4854	9	1	644	2	0	656
4855	614	2	9	4	0	629
4856	13	1	641	3	0	658
4857	4	3	627	2	0	636
4858	3	0	14	617	0	634
4859	6	1	615	13	0	635
4860	595	1	9	7	0	612
4861	9	2	6	623	0	640
4862	631	1	0	8	0	640
4863	630	0	1	5	0	636
4864	571	2	2	4	0	579
4865	574	0	2	2	0	578
4866	13	1	565	1	0	580
4867	7	1	7	567	0	582
4868	5	1	569	7	0	582
4869	1	3	10	569	0	583
4870	568	0	2	12	0	582
4871	11	1	1	577	0	590
4872	580	3	2	10	0	595
4873	7	0	1	590	0	598
4874	6	1	2	593	0	602
4875	586	0	1	14	0	601
4876	10	578	1	5	0	594
4877	588	9	2	2	0	601
4878	11	581	1	2	0	595
4879	5	7	2	601	0	615
4880	587	2	2	9	0	600
4881	10	0	594	6	0	610
4882	6	3	7	593	0	609
4883	603	1	2	11	0	617
4884	620	1	2	4	0	627
4885	15	0	1	612	0	628
4886	8	612	2	11	0	633
4887	3	614	1	6	0	624
4888	4	12	1	562	0	579
4889	574	5	0	4	0	583
4890	6	544	1	5	0	556
4891	4	528	0	1	0	533
4892	524	10	0	4	0	538
4893	6	529	0	1	0	536
4894	529	6	0	1	0	536
4895	7	3	0	531	0	541
4896	6	2	0	528	0	536
4897	1	523	0	5	0	529
4898	2	508	0	4	0	514
4899	480	8	0	1	0	489
4900	6	494	0	1	0	501
4901	4	539	0	3	0	546
4902	0	8	2	541	0	551
4903	566	4	0	5	0	575
4904	6	2	607	4	0	619
4905	610	3	9	2	0	624
4906	9	2	5	657	0	673
4907	8	1	662	10	0	681
4908	1	1	667	14	0	683
4909	5	0	17	703	0	725
4910	2	2	719	13	0	736
4911	722	0	14	12	0	748
4912	715	0	11	5	0	731
4913	17	1	719	5	0	742
4914	8	1	16	713	0	738
4915	5	0	11	706	0	722
4916	731	1	3	19	0	754
4917	13	0	6	717	0	736
4918	11	712	1	14	0	738
4919	734	9	3	13	0	759
4920	15	720	2	5	0	742
4921	10	727	2	7	0	746
4922	4	20	3	736	0	763
4923	7	8	0	750	0	765
4924	1	4	4	753	0	762
4925	7	6	734	20	0	767
4926	689	3	9	14	0	715
4927	12	729	11	3	0	755
4928	739	12	1	11	0	763
4929	736	10	4	8	0	758
4930	25	1	3	751	0	780
4931	10	754	3	14	0	781
4932	8	16	1	781	0	806
4933	9	11	2	772	0	794
4934	783	2	1	27	0	813
4935	784	5	0	11	0	800
4936	22	2	745	7	0	776
4937	776	3	5	13	0	797
4938	19	783	5	6	0	813
4939	804	14	2	5	0	825
4940	20	842	3	3	0	868
4941	14	17	1	828	0	860
4942	7	13	2	819	0	841
4943	10	798	3	23	0	834
4944	5	16	0	844	0	865
4945	5	7	3	849	0	864
4946	6	3	1	838	0	848
4947	0	828	0	31	0	859
4948	7	15	2	844	0	868
4949	7	13	2	850	0	872
4950	4	2	3	868	0	877
4951	6	5	831	27	0	869
4952	789	3	16	21	0	829
4953	18	4	829	12	0	863
4954	832	5	17	9	0	863
4955	18	1	826	8	0	853
4956	836	3	18	7	0	864
4957	852	2	14	4	0	872
4958	34	3	827	4	0	868
4959	14	4	23	842	0	883
4960	8	5	795	20	0	828
4961	804	4	11	18	0	837
4962	20	4	872	7	0	903
4963	17	4	846	10	0	877
4964	857	1	30	10	0	898
4965	25	861	12	7	0	905
4966	17	18	8	889	0	932
4967	902	12	10	17	0	941
4968	28	2	3	903	0	936
4969	13	5	8	920	0	946
4970	912	5	2	33	0	952
4971	916	5	4	19	0	944
4972	33	3	893	11	0	940
4973	16	1	894	12	0	923
4974	14	2	31	907	0	954
4975	12	6	936	22	0	976
4976	10	2	26	936	0	974
4977	10	1	18	933	0	962
4978	9	3	7	971	0	990
4979	926	6	6	37	0	975
4980	19	936	4	24	0	983
4981	944	16	4	14	0	978
4982	934	10	6	13	0	963
4983	30	925	3	11	0	969
4984	916	20	3	8	0	947
4985	23	8	901	6	0	938
4986	15	6	15	893	0	929
4987	914	7	6	20	0	947
4988	22	2	891	14	0	929
4989	893	3	13	9	0	918
4990	18	921	9	11	0	959
4991	1074	14	5	5	0	1098
4992	1085	8	7	2	0	1102
4993	33	1090	3	1	0	1127
4994	1148	21	6	6	0	1181
4995	33	7	4	1165	0	1209
4996	17	7	3	1174	0	1201
4997	1152	4	4	30	0	1190
4998	1147	3	1	16	0	1167
4999	26	1125	4	11	0	1166
5000	16	1131	2	9	0	1158
5001	10	26	2	1078	0	1116
5002	7	1092	2	17	0	1118
5003	5	1112	1	9	0	1127
5004	1043	17	5	6	0	1071
5005	17	1046	1	6	0	1070
5006	1010	18	1	8	0	1037
5007	15	1056	3	8	0	1082
5008	5	14	1059	4	0	1082
5009	5	1058	14	4	0	1081
5010	1061	16	5	4	0	1086
5011	1066	2	5	4	0	1077
5012	15	6	1047	1	0	1069
5013	8	0	12	1032	0	1052
5014	6	2	2	1064	0	1074
5015	2	2	1055	17	0	1076
5016	5	0	14	1024	0	1043
5017	3	2	1043	19	0	1067
5018	4	2	1018	6	0	1030
5019	1013	1	12	3	0	1029
5020	13	1034	8	1	0	1056
5021	1038	10	6	2	0	1056
5022	16	2	2	1037	0	1057
5023	5	2	1045	12	0	1064
5024	5	2	11	1034	0	1052
5025	2	1045	3	15	0	1065
5026	1066	10	2	5	0	1083
5027	1071	2	1	5	0	1079
5028	15	5	1	1066	0	1087
5029	11	1	1051	12	0	1075
5030	995	2	9	2	0	1008
5031	13	1018	1	6	0	1038
5032	1026	11	2	1	0	1040
5033	16	1	1	1023	0	1041
5034	1022	4	1	12	0	1039
5035	14	2	0	1025	0	1041
5036	7	3	1010	9	0	1029
5037	4	2	955	5	0	966
5038	965	1	9	9	0	984
5039	10	1006	3	6	0	1025
5040	988	10	5	2	0	1005
5041	981	4	0	5	0	990
5042	9	980	0	2	0	991
5043	962	9	1	4	0	976
5044	11	3	1002	3	0	1019
5045	4	7	6	1018	0	1035
5046	9	3	1	1014	0	1027
5047	3	3	3	1031	0	1040
5048	5	4	1010	9	0	1028
5049	3	5	1003	6	0	1017
5050	3	3	7	1011	0	1024
5051	4	1000	2	7	0	1013
5052	6	1038	4	1	0	1049
5053	1048	11	2	3	0	1064
5054	1051	1	5	2	0	1059
5055	9	1068	1	8	0	1086
5056	6	10	1	1089	0	1106
5057	8	1	2	1105	0	1116
5058	1128	4	2	11	0	1145
5059	10	4	3	1127	0	1144
5060	2	0	3	1127	0	1132
5061	4	1	5	1134	0	1144
5062	2	2	1072	12	0	1088
5063	11	2	1009	5	0	1027
5064	1089	3	10	8	0	1110
5065	14	0	7	1167	0	1188
5066	1	2	1165	13	0	1181
5067	5	3	1129	3	0	1140
5068	1180	3	11	4	0	1198
5069	17	2	1277	5	0	1301
5070	4	1296	18	6	0	1324
5071	4	13	4	1411	0	1432
5072	4	1	1404	21	0	1430
5073	1401	6	18	3	0	1428
5074	21	3	2	1466	0	1492
5075	5	1	1438	22	0	1466
5076	7	1	18	1447	0	1473
5077	3	2	3	1467	0	1475
5078	1457	0	3	25	0	1485
5079	18	1469	5	5	0	1497
5080	7	19	2	1459	0	1487
5081	1468	4	1	20	0	1493
5082	1477	2	3	4	0	1486
5083	1482	2	1	3	0	1488
5084	1486	2	2	4	0	1494
5085	26	2	0	1460	0	1488
5086	1447	2	3	24	0	1476
5087	1450	4	1	6	0	1461
5088	1371	4	2	7	0	1384
5089	1401	0	1	6	0	1408
5090	24	1324	4	2	0	1354
5091	5	1212	0	1	0	1218
5092	3	17	2	1198	0	1220
5093	2	1165	0	13	0	1180
5094	1173	14	1	6	0	1194
5095	18	2	0	1159	0	1179
5096	1157	1	0	19	0	1177
5097	1192	2	1	2	0	1197
5098	18	0	2	1216	0	1236
5099	3	1	2	1214	0	1220
5100	4	1197	0	21	0	1222
5101	1199	16	1	4	0	1220
5102	17	1177	2	3	0	1199
5103	1196	16	1	4	0	1217
5104	17	2	2	1203	0	1224
5105	6	2	1176	18	0	1202
5106	1172	4	17	3	0	1196
5107	1136	1	3	3	0	1143
5108	20	2	1078	3	0	1103
5109	5	1	1086	3	0	1095
5110	5	1	16	1063	0	1085
5111	1180	1	2	20	0	1203
5112	1231	0	1	6	0	1238
5113	1227	0	1	5	0	1233
5114	1238	1	2	3	0	1244
5115	26	1199	0	3	0	1228
5116	1239	20	0	3	0	1262
5117	30	4	1	1216	0	1251
5118	7	4	2	1234	0	1247
5119	5	3	1	1285	0	1294
5120	6	3	2	1300	0	1311
5121	1279	1	1	31	0	1312
5122	30	1	2	1356	0	1389
5123	8	0	1329	32	0	1369
5124	8	2	23	1359	0	1392
5125	7	2	5	1380	0	1394
5126	3	2	3	1386	0	1394
5127	7	3	2	1375	0	1387
5128	1338	2	2	39	0	1381
5129	31	1324	2	9	0	1366
5130	10	1349	1	6	0	1366
5131	4	33	0	1346	0	1383
5132	1332	6	4	35	0	1377
5133	1389	4	3	8	0	1404
5134	44	2	2	1366	0	1414
5135	11	0	1341	41	0	1393
5136	1375	2	37	8	0	1422
5137	40	2	5	1411	0	1458
5138	12	1	1402	43	0	1458
5139	1381	4	35	9	0	1429
5140	43	1404	6	5	0	1458
5141	1578	35	2	11	0	1626
5142	53	1647	3	0	0	1703
5143	24	43	0	1656	0	1723
5144	8	1637	2	46	0	1693
5145	12	50	2	1678	0	1742
5146	1649	15	2	66	0	1732
5147	47	1651	2	20	0	1720
5148	21	46	1647	10	0	1724
5149	12	11	41	1677	0	1741
5150	14	6	1661	51	0	1732
5151	5	8	48	1650	0	1711
5152	8	1	12	1701	0	1722
5153	3	4	1617	69	0	1693
5154	1546	5	42	22	0	1615
5155	51	2	1603	18	0	1674
5156	15	8	1580	11	0	1614
5157	18	1593	52	7	0	1670
5158	14	43	13	1595	0	1665
5159	10	13	11	1635	0	1669
5160	10	9	5	1599	0	1623
5161	7	11	2	1654	0	1674
5162	9	1	1577	66	0	1653
5163	1499	4	40	32	0	1575
5164	48	0	1555	20	0	1623
5165	18	1	46	1495	0	1560
5166	1481	4	18	42	0	1545
5167	53	1470	9	12	0	1544
5168	15	56	7	1404	0	1482
5169	1346	13	8	44	0	1411
5170	44	1284	4	16	0	1348
5171	10	1270	2	11	0	1293
5172	1234	40	4	10	0	1288
5173	39	1219	1	10	0	1269
5174	1194	39	5	5	0	1243
5175	40	1204	1	6	0	1251
5176	1202	33	5	4	0	1244
5177	1234	15	0	6	0	1255
5178	46	1200	2	4	0	1252
5179	19	38	2	1202	0	1261
5180	16	9	1183	34	0	1242
5181	1175	11	33	13	0	1232
5182	35	5	10	1187	0	1237
5183	12	1119	7	37	0	1175
5184	11	1180	7	21	0	1219
5185	9	39	0	1196	0	1244
5186	1178	11	3	38	0	1230
5187	32	13	1171	11	0	1227
5188	14	5	31	1194	0	1244
5189	14	4	13	1221	0	1252
5190	12	4	9	1235	0	1260
5191	2	3	4	1219	0	1228
5192	4	1180	3	53	0	1240
5193	4	33	0	1214	0	1251
5194	5	12	1175	48	0	1240
5195	6	10	1139	16	0	1171
5196	4	9	1181	12	0	1206
5197	5	3	43	1159	0	1210
5198	1121	5	18	33	0	1177
5199	33	2	1126	18	0	1179
5200	17	3	1128	15	0	1163
5201	10	6	36	1125	0	1177
5202	1118	1	21	36	0	1176
5203	33	1093	17	18	0	1161
5204	1098	37	7	13	0	1155
5205	42	12	2	1106	0	1162
5206	17	14	1106	38	0	1175
5207	11	10	34	1069	0	1124
5208	13	1092	12	39	0	1156
5209	1129	29	11	23	0	1192
5210	37	12	1128	12	0	1189
5211	12	1052	27	14	0	1105
5212	1034	33	23	8	0	1098
5213	39	9	13	1027	0	1088
5214	15	11	11	1050	0	1087
5215	1032	9	4	46	0	1091
5216	1059	2	8	21	0	1090
5217	1081	3	3	24	0	1111
5218	51	2	8	1038	0	1099
5219	24	996	5	37	0	1062
5220	1014	29	5	14	0	1062
5221	39	1002	2	18	0	1061
5222	929	34	3	14	0	980
5223	37	920	5	7	0	969
5224	17	35	4	905	0	961
5225	918	17	1	33	0	969
5226	936	14	4	16	0	970
5227	938	8	1	20	0	967
5228	950	5	6	10	0	971
5229	962	4	2	5	0	973
5230	53	5	904	6	0	968
5231	32	3	24	897	0	956
5232	21	7	897	27	0	952
5233	14	5	895	16	0	930
5234	886	5	30	10	0	931
5235	900	7	17	7	0	931
5236	890	5	12	10	0	917
5237	39	12	6	846	0	903
5238	855	5	2	28	0	890
5239	41	822	2	16	0	881
5240	29	831	1	11	0	872
5241	13	731	1	10	0	755
5242	643	16	6	4	0	669
5243	17	621	1	5	0	644
5244	625	17	2	4	0	648
5245	645	3	2	1	0	651
5246	19	7	605	3	0	634
5247	15	4	12	607	0	638
5248	12	5	7	636	0	660
5249	632	0	7	20	0	659
5250	645	0	6	9	0	660
5251	20	1	6	632	0	659
5252	16	1	613	16	0	646
5253	13	2	626	7	0	648
5254	12	1	13	648	0	674
5255	7	1	9	637	0	654
5256	4	5	4	658	0	671
5257	626	4	6	22	0	658
5258	629	2	5	9	0	645
5259	21	638	2	7	0	668
5260	13	12	1	650	0	676
5261	13	8	1	641	0	663
5262	13	641	0	20	0	674
5263	9	15	2	655	0	681
5264	660	10	4	19	0	693
5265	18	4	4	666	0	692
5266	8	6	2	678	0	694
5267	653	4	1	25	0	683
5268	660	3	2	15	0	680
5269	668	0	3	11	0	682
5270	29	6	3	646	0	684
5271	11	4	616	17	0	648
5272	12	1	611	12	0	636
5273	7	1	624	12	0	644
5274	7	617	16	9	0	649
5275	612	11	6	7	0	636
5276	16	4	617	5	0	642
5277	607	2	14	4	0	627
5278	11	3	8	614	0	636
5279	615	4	1	17	0	637
5280	648	2	5	8	0	663
5281	20	667	2	6	0	695
5282	693	13	1	9	0	716
5283	697	3	2	10	0	712
5284	23	706	2	5	0	736
5285	9	12	2	747	0	770
5286	7	8	736	15	0	766
5287	11	4	10	723	0	748
5288	7	4	7	742	0	760
5289	742	6	4	18	0	770
5290	15	0	4	744	0	763
5291	8	744	9	15	0	776
5292	10	12	2	757	0	781
5293	8	7	3	775	0	793
5294	11	2	764	19	0	796
5295	8	739	10	14	0	771
5296	2	735	10	40	0	787
5297	775	15	3	9	0	802
5298	15	785	5	6	0	811
5299	10	15	4	792	0	821
5300	7	8	784	16	0	815
5301	5	790	14	10	0	819
5302	807	12	5	5	0	829
5303	13	7	3	804	0	827
5304	9	5	2	820	0	836
5305	6	1	817	26	0	850
5306	7	4	11	795	0	817
5307	8	3	6	834	0	851
5308	821	4	1	24	0	850
5309	792	4	2	12	0	810
5310	17	783	3	8	0	811
5311	761	12	3	9	0	785
5312	13	765	3	5	0	786
5313	11	14	1	750	0	776
5314	11	753	1	12	0	777
5315	2	776	2	12	0	792
5316	760	16	3	4	0	783
5317	763	6	3	6	0	778
5318	16	744	1	6	0	767
5319	761	12	1	3	0	777
5320	765	7	1	4	0	777
5321	797	4	2	1	0	804
5322	19	3	1	797	0	820
5323	804	2	2	14	0	822
5324	13	3	753	9	0	778
5325	755	2	10	5	0	772
5326	13	2	805	4	0	824
5327	13	1	11	821	0	846
5328	5	2	5	835	0	847
5329	4	1	827	18	0	850
5330	785	2	10	11	0	808
5331	826	2	6	4	0	838
5332	15	2	869	5	0	891
5333	10	1	10	859	0	880
5334	3	2	6	872	0	883
5335	4	2	2	899	0	907
5336	887	1	3	18	0	909
5337	875	1	2	11	0	889
5338	17	0	0	862	0	879
5339	10	809	1	10	0	830
5340	2	818	0	10	0	830
5341	774	17	2	3	0	796
5342	12	762	1	2	0	777
5343	5	760	2	2	0	769
5344	2	15	2	728	0	747
5345	0	9	726	9	0	744
5346	0	707	8	6	0	721
5347	1	12	3	724	0	740
5348	0	726	1	7	0	734
5349	0	9	0	728	0	737
5350	730	4	0	8	0	742
5351	8	725	0	4	0	737
5352	740	7	0	2	0	749
5353	729	4	0	1	0	734
5354	12	1	716	0	0	729
5355	729	0	7	1	0	737
5356	8	0	4	743	0	755
5357	4	0	756	6	0	766
5358	1	758	6	4	0	769
5359	1	7	3	755	0	766
5360	0	2	1	761	0	764
5361	756	1	0	10	0	767
5362	7	0	0	760	0	767
5363	4	0	0	756	0	760
5364	748	0	0	11	0	759
5365	6	746	1	5	0	758
5366	747	7	0	1	0	755
5367	8	4	741	0	0	753
5368	695	1	7	1	0	704
5369	9	1	752	0	0	762
5370	3	748	7	0	0	758
5371	767	7	3	1	0	778
5372	743	3	1	1	0	748
5373	8	8	735	0	0	751
5374	4	0	740	0	0	744
5375	1	2	772	2	0	777
5376	1	813	12	0	0	826
5377	0	9	3	837	0	849
5378	0	3	961	9	0	973
5379	0	2	926	3	0	931
5380	0	0	17	951	0	968
5381	1	1	941	12	0	955
5382	940	0	13	6	0	959
5383	1053	0	6	1	0	1060
5384	20	1	1016	0	0	1037
5385	8	991	15	1	0	1015
5386	3	14	5	994	0	1016
5387	0	7	1005	16	0	1028
5388	0	989	15	8	0	1012
5389	1	14	7	1012	0	1034
5390	1014	6	1	15	0	1036
5391	1013	1	1	6	0	1021
5392	19	1012	0	2	0	1033
5393	7	17	0	1017	0	1041
5394	4	3	1	1025	0	1033
5395	1	2	3	1022	0	1028
5396	2	2	0	1028	0	1032
5397	2	2	982	24	0	1010
5398	1	0	17	994	0	1012
5399	0	3	984	17	0	1004
5400	0	962	16	9	0	987
5401	966	14	5	2	0	987
5402	13	993	3	1	0	1010
5403	6	14	0	1000	0	1020
5404	3	5	1	1011	0	1020
5405	991	3	0	21	0	1015
5406	14	1	1	1000	0	1016
5407	5	949	0	20	0	974
5408	3	12	0	981	0	996
5409	1	6	0	990	0	997
5410	970	1	2	19	0	992
5411	12	3	944	8	0	967
5412	8	919	7	2	0	936
5413	2	953	4	0	0	959
5414	1	12	1	952	0	966
5415	946	5	0	11	0	962
5416	10	939	1	5	0	955
5417	5	9	0	953	0	967
5418	1	5	935	8	0	949
5419	4	1	7	938	0	950
5420	941	1	4	13	0	959
5421	918	1	1	5	0	925
5422	13	1	1	902	0	917
5423	908	3	0	10	0	921
5424	911	1	0	6	0	918
5425	11	3	892	3	0	909
5426	869	0	7	3	0	879
5427	11	878	4	0	0	893
5428	890	10	1	3	0	904
5429	11	6	882	1	0	900
5430	7	2	12	897	0	918
5431	912	0	5	14	0	931
5432	16	0	850	6	0	872
5433	9	0	847	5	0	861
5434	6	1	17	856	0	880
5435	4	0	879	12	0	895
5436	874	1	17	8	0	900
5437	16	1	891	3	0	911
5438	11	2	15	922	0	950
5439	4	2	8	953	0	967
5440	1001	1	6	23	0	1031
5441	17	2	1011	11	0	1041
5442	10	1	1068	3	0	1082
5443	4	1	24	1126	0	1155
5444	0	0	1137	20	0	1157
5445	1116	0	23	12	0	1151
5446	21	0	10	1134	0	1165
5447	14	0	1133	21	0	1168
5448	5	0	26	1121	0	1152
5449	3	1	13	1143	0	1160
5450	1133	2	5	30	0	1170
5451	22	2	1121	13	0	1158
5452	1097	2	21	5	0	1125
5453	21	5	1133	8	0	1167
5454	1124	1	22	9	0	1156
5455	1137	1	12	4	0	1154
5456	1132	2	3	7	0	1144
5457	33	1079	2	7	0	1121
5458	1100	20	5	4	0	1129
5459	1113	8	2	7	0	1130
5460	32	3	2	1107	0	1144
5461	15	0	1093	26	0	1134
5462	1068	0	22	13	0	1103
5463	23	1	1107	9	0	1140
5464	10	5	24	1091	0	1130
5465	11	3	7	1134	0	1155
5466	1132	1	4	25	0	1162
5467	22	1151	3	16	0	1192
5468	12	22	2	1157	0	1193
5469	11	8	3	1168	0	1190
5470	8	3	1156	29	0	1196
5471	2	1	18	1165	0	1186
5472	7	3	12	1177	0	1199
5473	9	0	2	1168	0	1179
5474	3	1118	4	31	0	1156
5475	1096	17	0	12	0	1125
5476	1114	7	3	14	0	1138
5477	33	1105	3	4	0	1145
5478	987	17	3	4	0	1011
5479	23	6	0	1036	0	1065
5480	9	2	1057	23	0	1091
5481	6	1030	20	11	0	1067
5482	4	1087	4	6	0	1101
5483	1064	23	4	1	0	1092
5484	1140	4	1	3	0	1148
5485	29	3	1	1147	0	1180
5486	16	0	1	1169	0	1186
5487	6	2	2	1174	0	1184
5488	1135	0	3	38	0	1176
5489	27	4	1105	12	0	1148
5490	1125	1	23	10	0	1159
5491	32	0	10	1140	0	1182
5492	16	2	4	1125	0	1147
5493	6	1108	5	36	0	1155
5494	7	23	3	1141	0	1174
5495	6	5	5	1165	0	1181
5496	5	3	1142	37	0	1187
5497	4	1139	25	15	0	1183
5498	1177	23	8	11	0	1219
5499	1153	8	2	8	0	1171
5500	1202	4	6	7	0	1219
5501	1207	3	1	6	0	1217
5502	35	4	1143	6	0	1188
5503	1159	3	25	3	0	1190
5504	31	4	1154	4	0	1193
5505	17	1	30	1117	0	1165
5506	10	1151	9	27	0	1197
5507	6	29	3	1161	0	1199
5508	11	8	4	1192	0	1215
5509	7	4	1164	36	0	1211
5510	1136	3	30	13	0	1182
5511	1160	3	8	13	0	1184
5512	31	1133	6	8	0	1178
5513	16	27	1137	6	0	1186
5514	8	8	28	1162	0	1206
5515	6	3	1149	32	0	1190
5516	3	5	1139	14	0	1161
5517	5	3	33	1156	0	1197
5518	9	6	1144	27	0	1186
5519	7	2	27	1163	0	1199
5520	7	0	1180	33	0	1220
5521	3	3	28	1183	0	1217
5522	1192	2	10	39	0	1243
5523	1214	3	6	14	0	1237
5524	1212	3	7	12	0	1234
5525	1197	1	4	9	0	1211
5526	41	1191	6	6	0	1244
5527	14	25	4	1196	0	1239
5528	11	8	1	1218	0	1238
5529	7	8	1185	33	0	1233
5530	11	8	19	1176	0	1214
5531	9	5	1169	27	0	1210
5532	6	4	1128	15	0	1153
5533	1126	3	25	15	0	1169
5534	26	1165	12	10	0	1213
5535	1167	21	7	6	0	1201
5536	1169	8	8	8	0	1193
5537	37	1168	6	6	0	1217
5538	1161	17	7	13	0	1198
5539	24	5	1149	9	0	1187
5540	10	1124	18	5	0	1157
5541	1120	19	10	8	0	1157
5542	18	8	1046	10	0	1082
5543	996	6	19	5	0	1026
5544	19	920	6	111	0	1056
5545	1041	15	2	8	0	1066
5546	1041	9	4	5	0	1059
5547	25	1005	2	6	0	1038
5548	15	988	4	6	0	1013
5549	7	1045	5	5	0	1062
5550	7	21	7	1061	0	1096
5551	7	9	8	1066	0	1090
5552	1077	5	5	24	0	1111
5553	1067	5	5	11	0	1088
5554	23	4	1057	12	0	1096
5555	10	0	1030	9	0	1049
5556	11	2	1052	8	0	1073
5557	8	2	24	1068	0	1102
5558	12	2	1083	21	0	1118
5559	11	4	23	1066	0	1104
5560	1082	4	8	25	0	1119
5561	23	3	1082	12	0	1120
5562	1087	4	19	13	0	1123
5563	1108	1	7	7	0	1123
5564	24	4	1112	6	0	1146
5565	13	1107	19	8	0	1147
5566	11	18	11	1101	0	1141
5567	6	7	1107	21	0	1141
5568	13	5	24	1077	0	1119
5569	5	5	9	1151	0	1170
5570	1132	2	7	26	0	1167
5571	29	5	6	1124	0	1164
5572	8	6	1107	25	0	1146
5573	11	3	25	1118	0	1157
5574	1127	4	7	32	0	1170
5575	23	1127	7	13	0	1170
5576	1119	15	8	8	0	1150
5577	32	7	7	1110	0	1156
5578	19	7	1105	17	0	1148
5579	14	6	1048	8	0	1076
5580	8	3	1034	7	0	1052
5581	6	997	20	6	0	1029
5582	973	22	14	7	0	1016
5583	12	929	5	6	0	952
5584	862	10	3	4	0	879
5585	11	836	3	0	0	850
5586	2	10	2	848	0	862
5587	3	2	1	849	0	855
5588	4	2	0	850	0	856
5589	1	830	3	12	0	846
5590	3	10	2	923	0	938
5591	4	3	1	1054	0	1062
5592	1105	2	2	20	0	1129
5593	16	3	2	1143	0	1164
5594	5	2	1231	21	0	1259
5595	1230	2	22	7	0	1261
5596	1258	1	7	7	0	1273
5597	28	1253	8	6	0	1295
5598	1263	25	2	5	0	1295
5599	1293	8	4	4	0	1309
5600	34	6	2	1274	0	1316
5601	16	2	1	1283	0	1302
5602	11	4	1	1311	0	1327
5603	1281	5	1	39	0	1326
5604	1296	2	2	15	0	1315
5605	36	0	1266	13	0	1315
5606	1272	1	24	15	0	1312
5607	1289	2	6	8	0	1305
5608	1289	2	3	8	0	1302
5609	44	0	1232	6	0	1282
5610	19	1	1259	2	0	1281
5611	10	0	30	1273	0	1313
5612	8	1	1282	30	0	1321
5613	16	1	29	1267	0	1313
5614	13	1	10	1208	0	1232
5615	6	1277	12	28	0	1323
5616	1283	27	9	15	0	1334
5617	34	8	1295	6	0	1343
5618	1317	5	29	12	0	1363
5619	44	3	8	1328	0	1383
5620	1297	6	8	41	0	1352
5621	48	1255	3	13	0	1319
5622	18	1309	7	11	0	1345
5623	17	36	9	1303	0	1365
5624	12	10	5	1336	0	1363
5625	10	5	1301	46	0	1362
5626	17	5	33	1275	0	1330
5627	1248	7	13	39	0	1307
5628	37	1241	14	17	0	1309
5629	11	29	1248	23	0	1311
5630	15	6	40	1250	0	1311
5631	10	6	1266	46	0	1328
5632	9	2	42	1264	0	1317
5633	8	11	1266	42	0	1327
5634	12	3	1257	16	0	1288
5635	10	5	44	1243	0	1302
5636	1252	3	18	39	0	1312
5637	1247	3	12	22	0	1284
5638	1217	3	9	13	0	1242
5639	47	1185	10	9	0	1251
5640	1192	32	10	14	0	1248
5641	1196	8	5	10	0	1219
5642	47	9	1141	12	0	1209
5643	22	1138	35	3	0	1198
5644	13	35	11	1136	0	1195
5645	1128	10	9	41	0	1188
5646	38	1132	7	13	0	1190
5647	1158	30	8	12	0	1208
5648	1173	13	12	4	0	1202
5649	1155	11	7	10	0	1183
5650	1167	6	4	13	0	1190
5651	52	10	5	1122	0	1189
5652	1120	4	11	38	0	1173
5653	43	7	5	1105	0	1160
5654	18	1088	7	37	0	1150
5655	18	28	2	1114	0	1162
5656	1113	7	6	40	0	1166
5657	41	11	1089	13	0	1154
5658	19	2	33	1101	0	1155
5659	1090	6	8	42	0	1146
5660	42	1079	10	13	0	1144
5661	1091	34	5	10	0	1140
5662	1096	10	10	9	0	1125
5663	50	1081	4	9	0	1144
5664	1076	37	3	8	0	1124
5665	49	12	1018	5	0	1084
5666	22	11	1022	10	0	1065
5667	1020	5	32	7	0	1064
5668	43	5	1016	9	0	1073
5669	24	5	34	954	0	1017
5670	20	985	11	31	0	1047
5671	1007	33	16	14	0	1070
5672	47	994	5	6	0	1052
5673	20	966	7	10	0	1003
5674	15	37	3	1020	0	1075
5675	13	17	8	1028	0	1066
5676	21	3	4	1022	0	1050
5677	14	9	4	1019	0	1046
5678	10	9	971	43	0	1033
5679	13	4	27	938	0	982
5680	8	3	13	967	0	991
5681	928	10	5	42	0	985
5682	38	2	3	933	0	976
5683	13	7	910	30	0	960
5684	896	4	26	15	0	941
5685	39	3	7	916	0	965
5686	17	5	916	27	0	965
5687	15	5	25	909	0	954
5688	11	913	16	25	0	965
5689	912	26	7	14	0	959
5690	34	9	832	12	0	887
5691	9	691	21	4	0	725
5692	628	17	13	5	0	663
5693	18	579	3	2	0	602
5694	5	487	0	2	0	494
5695	470	11	12	2	0	495
5696	13	458	0	4	0	475
5697	3	458	2	1	0	464
5698	6	10	6	441	0	463
5699	2	1	431	9	0	443
5700	4	433	8	1	0	446
5701	3	16	0	420	0	439
5702	4	418	0	9	0	431
5703	425	6	2	4	0	437
5704	8	1	423	2	0	434
5705	5	1	7	416	0	429
5706	429	1	1	10	0	441
5707	8	1	3	431	0	443
5708	1	2	424	9	0	436
5709	419	2	7	2	0	430
5710	442	4	0	2	0	448
5711	9	438	1	3	0	451
5712	2	6	2	437	0	447
5713	2	2	2	452	0	458
5714	457	2	0	10	0	469
5715	456	1	2	1	0	460
5716	11	0	447	1	0	459
5717	5	430	7	1	0	443
5718	432	5	2	2	0	441
5719	5	0	1	427	0	433
5720	1	2	433	4	0	440
5721	1	1	418	1	0	421
5722	2	10	2	420	0	434
5723	423	0	0	1	0	424
5724	1	416	2	0	0	419
5725	452	1	0	3	0	456
5726	2	0	0	453	0	455
5727	1	2	0	460	0	463
5728	1	0	0	462	0	463
5729	462	0	0	2	0	464
5730	1	470	0	1	0	472
5731	1	5	0	471	0	477
5732	1	0	1	473	0	475
5733	0	1	465	1	0	467
5734	1	0	1	463	0	465
5735	0	1	475	2	0	478
5736	0	454	1	0	0	455
5737	0	1	0	465	0	466
5738	456	0	1	2	0	459
5739	1	1	449	0	0	451
5740	0	0	1	453	0	454
5741	1	0	449	1	0	451
5742	424	0	2	0	0	426
5743	1	0	453	1	0	455
5744	0	0	2	448	0	450
5745	449	0	0	1	0	450
5746	1	383	1	0	0	385
5747	418	1	0	1	0	420
5748	2	374	0	0	0	376
5749	1	1	0	431	0	433
5750	1	0	421	2	0	424
5751	0	1	414	1	0	416
5752	3	0	2	439	0	444
5753	450	1	2	3	0	456
5754	436	0	0	1	0	437
5755	3	1	0	438	0	442
5756	1	2	0	438	0	441
5757	436	0	0	2	0	438
5758	2	405	0	1	0	408
5759	0	438	0	2	0	440
5760	446	2	1	1	0	450
5761	2	1	425	0	0	428
5762	0	2	2	432	0	436
5763	2	0	418	3	0	423
5764	2	1	3	424	0	430
5765	1	0	408	4	0	413
5766	1	0	420	1	0	422
5767	1	0	2	428	0	431
5768	1	396	1	2	0	400
5769	423	2	1	1	0	427
5770	4	414	1	1	0	420
5771	1	3	1	412	0	417
5772	413	0	0	4	0	417
5773	3	2	0	412	0	417
5774	427	1	0	6	0	434
5775	428	0	2	2	0	432
5776	430	0	0	4	0	434
5777	6	422	2	1	0	431
5778	449	4	1	3	0	457
5779	6	1	1	480	0	488
5780	503	3	1	4	0	511
5781	5	0	0	537	0	542
5782	536	0	1	7	0	544
5783	552	0	2	2	0	556
5784	6	542	2	3	0	553
5785	3	3	0	596	0	602
5786	3	2	0	601	0	606
5787	1	648	0	5	0	654
5788	3	6	0	668	0	677
5789	668	1	1	9	0	679
5790	711	0	0	2	0	713
5791	708	1	0	4	0	713
5792	6	0	725	1	0	732
5793	776	1	6	1	0	784
5794	805	1	0	2	0	808
5795	814	0	0	4	0	818
5796	9	796	0	1	0	806
5797	2	7	0	819	0	828
5798	1	0	1	826	0	828
5799	2	2	0	817	0	821
5800	1	0	804	10	0	815
5801	4	0	6	806	0	816
5802	826	0	1	11	0	838
5803	9	1	1	830	0	841
5804	3	0	1	852	0	856
5805	3	0	836	13	0	852
5806	2	830	7	4	0	843
5807	875	9	3	4	0	891
5808	13	3	1	871	0	888
5809	881	1	0	11	0	893
5810	14	1	852	3	0	870
5811	825	0	12	3	0	840
5812	14	867	3	0	0	884
5813	4	10	869	2	0	885
5814	2	3	864	4	0	873
5815	3	2	13	839	0	857
5816	0	2	898	12	0	912
5817	1	892	8	5	0	906
5818	1	10	5	886	0	902
5819	2	3	2	912	0	919
5820	0	1	0	919	0	920
5821	889	0	1	15	0	905
5822	11	889	1	4	0	905
5823	8	9	1	897	0	915
5824	2	6	2	914	0	924
5825	874	1	1	17	0	893
5826	12	871	2	7	0	892
5827	885	12	1	2	0	900
5828	887	4	0	5	0	896
5829	891	2	2	4	0	899
5830	18	0	874	3	0	895
5831	7	2	10	850	0	869
5832	2	869	7	13	0	891
5833	4	898	3	4	0	909
5834	5	15	1	867	0	888
5835	7	887	2	13	0	909
5836	965	11	1	7	0	984
5837	14	4	963	5	0	986
5838	948	2	11	7	0	968
5839	1000	3	4	7	0	1014
5840	17	1	3	1011	0	1032
5841	1014	1	0	20	0	1035
5842	17	1105	3	9	0	1134
5843	1135	13	1	11	0	1160
5844	1142	6	1	7	0	1156
5845	1217	5	3	8	0	1233
5846	22	6	1222	4	0	1254
5847	10	1	1237	8	0	1256
5848	10	2	20	1257	0	1289
5849	8	1216	13	21	0	1258
5850	9	1280	5	10	0	1304
5851	11	27	2	1270	0	1310
5852	1270	11	2	22	0	1305
5853	25	4	4	1278	0	1311
5854	12	2	6	1288	0	1308
5855	1279	4	5	28	0	1316
5856	20	1266	3	17	0	1306
5857	12	16	1270	10	0	1308
5858	9	10	1262	8	0	1289
5859	1309	6	21	13	0	1349
5860	24	2	14	1315	0	1355
5861	13	4	1358	20	0	1395
5862	10	2	17	1347	0	1376
5863	5	2	10	1352	0	1369
5864	4	6	5	1384	0	1399
5865	5	5	2	1376	0	1388
5866	5	1339	1	29	0	1374
5867	5	20	1	1367	0	1393
5868	1352	9	4	26	0	1391
5869	27	1326	3	20	0	1376
5870	1376	20	2	12	0	1410
5871	1402	8	8	7	0	1425
5872	1399	9	5	6	0	1419
5873	28	7	1355	10	0	1400
5874	1350	5	22	6	0	1383
5875	1397	9	9	5	0	1420
5876	1383	4	3	9	0	1399
5877	1381	4	4	7	0	1396
5878	31	1350	3	10	0	1394
5879	1340	18	3	10	0	1371
5880	28	9	1317	7	0	1361
5881	11	8	15	1277	0	1311
5882	10	6	9	1333	0	1358
5883	1345	3	3	22	0	1373
5884	23	1348	1	11	0	1383
5885	1318	14	3	6	0	1341
5886	23	1316	3	2	0	1344
5887	1310	16	0	6	0	1332
5888	1313	6	1	3	0	1323
5889	24	1445	3	3	0	1475
5890	1464	17	2	5	0	1488
5891	1529	12	0	0	0	1541
5892	30	1417	1	3	0	1451
5893	13	1460	1	1	0	1475
5894	1538	28	1	2	0	1569
5895	30	10	0	1556	0	1596
5896	1566	4	0	26	0	1596
5897	1612	1	0	11	0	1624
5898	1636	2	2	5	0	1645
5899	1645	1	1	3	0	1650
5900	44	1573	2	1	0	1620
5901	23	1600	1	2	0	1626
5902	1620	34	5	3	0	1662
5903	190	17	1455	1	0	1663
5904	20	5	18	1592	0	1635
5905	9	4	15	1639	0	1667
5906	1613	2	5	42	0	1662
5907	27	1595	5	23	0	1650
5908	18	22	1	1610	0	1651
5909	6	17	1	1660	0	1684
5910	1649	7	0	37	0	1693
5911	32	9	1	1651	0	1693
5912	1668	2	0	36	0	1706
5913	1681	4	0	22	0	1707
5914	1694	5	1	10	0	1710
5915	50	4	1	1665	0	1720
5916	29	3	1	1668	0	1701
5917	15	3	1755	40	0	1813
5918	9	5	1718	18	0	1750
5919	1773	0	47	13	0	1833
5920	43	1	20	1812	0	1876
5921	20	7	1937	37	0	2001
5922	12	2	1934	22	0	1970
5923	15	1	62	1946	0	2024
5924	11	3	1956	54	0	2024
5925	8	6	44	1954	0	2012
5926	12	5	21	1994	0	2032
5927	14	4	1968	61	0	2047
5928	9	4	47	2005	0	2065
5929	12	3	21	1933	0	1969
5930	12	3	5	2060	0	2080
5931	12	3	1984	65	0	2064
5932	11	5	44	2043	0	2103
5933	2011	6	18	59	0	2094
5934	50	2012	7	32	0	2101
5935	2028	45	6	13	0	2092
5936	60	20	1961	15	0	2056
5937	1988	6	48	10	0	2052
5938	2017	5	23	6	0	2051
5939	2000	6	8	8	0	2022
5940	75	5	6	1941	0	2027
5941	35	3	6	1974	0	2018
5942	15	3	1793	68	0	1879
5943	1735	0	46	29	0	1810
5944	56	1716	21	17	0	1810
5945	23	1675	6	17	0	1721
5946	11	1709	9	16	0	1745
5947	15	52	7	1657	0	1731
5948	1629	24	10	48	0	1711
5949	1649	9	7	28	0	1693
5950	62	5	1592	17	0	1676
5951	33	6	45	1591	0	1675
5952	21	2	13	1648	0	1684
5953	16	3	1582	59	0	1660
5954	17	5	1538	27	0	1587
5955	1553	3	50	23	0	1629
5956	48	1569	19	20	0	1656
5957	1590	37	13	17	0	1657
5958	1613	13	15	14	0	1655
5959	60	8	12	1562	0	1642
5960	34	6	7	1593	0	1640
5961	1527	7	6	72	0	1612
5962	43	4	14	1539	0	1600
5963	23	4	12	1551	0	1590
5964	1527	2	8	68	0	1605
5965	51	6	16	1539	0	1612
5966	1544	5	3	62	0	1614
5967	1563	4	4	40	0	1611
5968	63	1	1527	13	0	1604
5969	1529	0	43	24	0	1596
5970	1560	1	20	18	0	1599
5971	1550	5	12	20	0	1587
5972	69	8	1183	19	0	1279
5973	1494	8	24	20	0	1546
5974	58	1457	15	22	0	1552
5975	1498	43	11	13	0	1565
5976	1532	14	9	12	0	1567
5977	67	6	14	1493	0	1580
5978	36	6	3	1506	0	1551
5979	26	1491	7	64	0	1588
5980	18	35	7	1503	0	1563
5981	21	15	7	1531	0	1574
5982	1498	6	7	69	0	1580
5983	47	10	14	1465	0	1536
5984	36	0	2	1488	0	1526
5985	21	11	8	1478	0	1518
5986	20	1394	7	67	0	1488
5987	1379	41	5	30	0	1455
5988	51	1377	8	19	0	1455
5989	1204	37	5	18	0	1264
5990	48	14	1134	11	0	1207
5991	1089	3	37	13	0	1142
5992	38	4	1082	19	0	1143
5993	23	1041	35	12	0	1111
5994	978	29	37	12	0	1056
5995	968	12	12	10	0	1002
5996	43	916	5	12	0	976
5997	17	943	3	6	0	969
5998	925	27	2	9	0	963
5999	937	6	8	8	0	959
6000	35	5	1	923	0	964
6001	13	5	3	956	0	977
6002	11	4	921	31	0	967
6003	900	4	23	14	0	941
6004	34	1	6	914	0	955
6005	14	920	5	23	0	962
6006	15	26	1	920	0	962
6007	14	4	3	927	0	948
6008	10	5	887	31	0	933
6009	10	4	26	899	0	939
6010	891	2	3	33	0	929
6011	25	865	5	9	0	904
6012	11	861	1	9	0	882
6013	846	28	3	8	0	885
6014	863	8	2	6	0	879
6015	850	6	1	7	0	864
6016	36	822	2	10	0	870
6017	8	731	4	2	0	745
6018	779	20	0	0	0	799
6019	766	6	2	4	0	778
6020	24	725	1	2	0	752
6021	6	587	0	1	0	594
6022	583	14	0	2	0	599
6023	13	4	4	575	0	596
6024	596	2	0	13	0	611
6025	14	0	0	609	0	623
6026	4	635	0	12	0	651
6027	1	647	0	2	0	650
6028	666	12	1	3	0	682
6029	671	4	6	0	0	681
6030	674	1	0	1	0	676
6031	17	665	1	0	0	683
6032	7	12	621	0	0	640
6033	2	634	10	1	0	647
6034	621	12	5	1	0	639
6035	622	4	2	0	0	628
6036	14	2	605	1	0	622
6037	6	607	9	0	0	622
6038	5	10	3	611	0	629
6039	1	3	1	613	0	618
6040	0	494	1	41	0	536
6041	0	9	587	5	0	601
6042	614	3	9	2	0	628
6043	15	1	2	619	0	637
6044	626	3	2	10	0	641
6045	643	2	1	3	0	649
6046	15	2	0	670	0	687
6047	6	1	1	694	0	702
6048	5	2	1	710	0	718
6049	4	1	2	713	0	720
6050	696	2	0	21	0	719
6051	699	2	1	8	0	710
6052	23	1	689	4	0	717
6053	10	2	13	694	0	719
6054	3	1	5	709	0	718
6055	5	1	2	719	0	727
6056	4	2	692	24	0	722
6057	7	2	16	693	0	718
6058	696	3	5	19	0	723
6059	19	2	5	698	0	724
6060	9	5	693	18	0	725
6061	8	3	15	700	0	726
6062	3	2	700	22	0	727
6063	713	2	18	9	0	742
6064	20	5	5	715	0	745
6065	710	1	5	22	0	738
6066	718	1	1	10	0	730
6067	21	5	2	708	0	736
6068	736	1	4	21	0	762
6069	22	1	1	732	0	756
6070	9	772	2	24	0	807
6071	811	15	2	8	0	836
6072	821	3	1	9	0	834
6073	829	4	3	8	0	844
6074	28	0	1	821	0	850
6075	12	1	3	818	0	834
6076	8	1	0	835	0	844
6077	5	2	778	31	0	816
6078	10	752	15	11	0	788
6079	7	17	7	772	0	803
6080	7	5	760	26	0	798
6081	761	4	17	14	0	796
6082	21	3	6	765	0	795
6083	8	1	764	22	0	795
6084	795	2	17	13	0	827
6085	24	3	7	819	0	853
6086	10	3	6	834	0	853
6087	10	0	4	841	0	855
6088	816	1	0	35	0	852
6089	834	0	7	16	0	857
6090	828	0	4	12	0	844
6091	23	786	1	20	0	830
6092	16	809	5	4	0	834
6093	822	20	3	4	0	849
6094	19	8	804	13	0	844
6095	14	5	14	813	0	846
6096	17	0	7	823	0	847
6097	807	3	2	32	0	844
6098	800	1	3	15	0	819
6099	29	771	2	12	0	814
6100	11	15	1	808	0	835
6101	8	5	789	30	0	832
6102	6	3	799	13	0	821
6103	6	4	18	825	0	853
6104	4	2	11	844	0	861
6105	819	3	5	28	0	855
6106	26	1	0	840	0	867
6107	885	3	9	28	0	925
6108	889	2	5	13	0	909
6109	30	0	892	13	0	935
6110	900	0	16	13	0	929
6111	932	1	4	8	0	945
6112	928	2	0	18	0	948
6113	29	903	5	8	0	945
6114	20	924	2	5	0	951
6115	13	17	2	922	0	954
6116	9	4	898	26	0	937
6117	6	882	14	12	0	914
6118	12	14	5	860	0	891
6119	4	4	4	858	0	870
6120	9	843	2	20	0	874
6121	858	13	2	9	0	882
6122	872	3	2	8	0	885
6123	28	1	874	6	0	909
6124	851	3	10	7	0	871
6125	14	0	849	12	0	875
6126	770	5	16	5	0	796
6127	16	2	810	9	0	837
6128	8	824	9	6	0	847
6129	5	7	4	830	0	846
6130	7	2	1	828	0	838
6131	836	0	3	17	0	856
6132	842	0	3	6	0	851
6133	839	1	1	4	0	845
6134	10	2	830	6	0	848
6135	8	1	9	836	0	854
6136	7	1	3	844	0	855
6137	850	0	1	14	0	865
6138	11	851	2	6	0	870
6139	903	10	1	2	0	916
6140	8	2	0	911	0	921
6141	6	1	5	927	0	939
6142	5	5	0	937	0	947
6143	3	1	0	941	0	945
6144	2	2	1	939	0	944
6145	3	911	0	13	0	927
6146	6	858	0	1	0	865
6147	4	861	0	1	0	866
6148	2	1	4	886	0	893
6149	4	0	886	2	0	892
6150	833	1	6	4	0	844
6151	7	913	0	1	0	921
6152	3	4	5	932	0	944
6153	1	5	0	937	0	943
6154	952	0	0	11	0	963
6155	937	0	1	5	0	943
6156	976	0	0	0	0	976
6157	7	2	0	989	0	998
6158	5	1	983	5	0	994
6159	3	0	1003	2	0	1008
6160	1	0	7	1033	0	1041
6161	2	0	1023	9	0	1034
6162	997	0	13	3	0	1013
6163	10	4	3	1012	0	1029
6164	7	0	1019	6	0	1032
6165	3	0	5	1019	0	1027
6166	0	1	1050	12	0	1063
6167	1	0	1100	6	0	1107
6168	1	1	14	1151	0	1167
6169	3	0	1199	17	0	1219
6170	1	1	1119	3	0	1124
6171	2	1051	18	2	0	1073
6172	5	16	8	1139	0	1168
6173	1193	4	3	19	0	1219
6174	17	2	2	1184	0	1205
6175	4	1	3	1235	0	1243
6176	4	3	1197	22	0	1226
6177	1145	0	17	10	0	1172
6178	18	0	4	1235	0	1257
6179	5	0	3	1260	0	1268
6180	1238	1	1	23	0	1263
6181	19	0	2	1247	0	1268
6182	1264	0	0	19	0	1283
6183	1262	0	1	9	0	1272
6184	1249	0	2	5	0	1256
6185	24	1194	3	1	0	1222
6186	1226	19	0	4	0	1249
6187	23	1223	0	2	0	1248
6188	7	17	0	1251	0	1275
6189	1272	5	0	19	0	1296
6190	15	1268	1	7	0	1291
6191	1278	19	1	4	0	1302
6192	21	1260	0	2	0	1283
6193	1260	21	3	5	0	1289
6194	24	1230	1	1	0	1256
6195	6	1278	0	3	0	1287
6196	5	1352	1	6	0	1364
6197	3	28	0	1324	0	1355
6198	6	1368	0	21	0	1395
6199	1	26	0	1398	0	1425
6200	3	12	1	1417	0	1433
6201	1	5	1	1408	0	1415
6202	2	2	0	1424	0	1428
6203	1408	3	1	29	0	1441
6204	1429	1	0	10	0	1440
6205	26	3	1394	6	0	1429
6206	1444	1	23	8	0	1476
6207	1548	2	6	5	0	1561
6208	1581	1	4	4	0	1590
6209	31	2	1521	3	0	1557
6210	8	2	1527	2	0	1539
6211	1543	1	32	1	0	1577
6212	31	3	1582	1	0	1617
6213	10	1655	28	4	0	1697
6214	2	25	10	1682	0	1719
6215	1707	7	5	30	0	1749
6216	1704	2	1	16	0	1723
6217	1712	1	5	7	0	1725
6218	39	2	7	1692	0	1740
6219	16	0	3	1728	0	1747
6220	8	2	1730	37	0	1777
6221	10	2	27	1741	0	1780
6222	10	1	9	1791	0	1811
6223	1744	0	6	42	0	1792
6224	33	1756	4	16	0	1809
6225	1789	26	7	4	0	1826
6226	37	9	4	1790	0	1840
6227	1768	6	3	37	0	1814
6228	1759	3	4	16	0	1782
6229	1706	6	5	9	0	1726
6230	39	1666	1	9	0	1715
6231	21	1725	1	6	0	1753
6232	12	36	0	1727	0	1775
6233	1744	11	2	32	0	1789
6234	34	6	6	1717	0	1763
6235	16	6	2	1753	0	1777
6236	6	6	1718	42	0	1772
6237	10	1	26	1717	0	1754
6238	10	7	8	1718	0	1743
6239	9	7	3	1716	0	1735
6240	7	4	1682	46	0	1739
6241	10	5	1612	19	0	1646
6242	14	1631	27	12	0	1684
6243	1658	26	11	14	0	1709
6244	32	13	7	1670	0	1722
6245	18	9	1667	29	0	1723
6246	13	5	28	1676	0	1722
6247	14	5	10	1745	0	1774
6248	1735	4	5	43	0	1787
6249	1723	3	4	25	0	1755
6250	42	1704	8	8	0	1762
6251	1690	25	6	12	0	1733
6252	1684	12	5	12	0	1713
6253	40	7	6	1677	0	1730
6254	17	6	1646	38	0	1707
6255	8	1656	28	18	0	1710
6256	1666	29	12	10	0	1717
6257	1693	11	4	4	0	1712
6258	39	1716	6	8	0	1769
6259	15	28	8	1797	0	1848
6260	1859	9	4	39	0	1911
6261	1897	3	4	24	0	1928
6262	45	3	7	1884	0	1939
6263	1879	4	4	44	0	1931
6264	2023	6	2	13	0	2044
6265	2086	5	1	9	0	2101
6266	61	5	2065	8	0	2139
6267	26	2011	27	13	0	2077
6268	19	2072	10	14	0	2115
6269	2033	33	8	8	0	2082
6270	41	2030	5	8	0	2084
6271	20	37	2021	2	0	2080
6272	10	16	36	2036	0	2098
6273	2034	7	8	42	0	2091
6274	48	5	7	2025	0	2085
6275	2032	5	5	43	0	2085
6276	2040	6	2	24	0	2072
6277	2047	4	3	10	0	2064
6278	54	1960	5	12	0	2031
6279	25	2061	5	10	0	2101
6280	2066	36	6	16	0	2124
6281	2043	18	5	9	0	2075
6282	2082	12	6	8	0	2108
6283	59	9	0	2049	0	2117
6284	2026	10	2	43	0	2081
6285	46	1994	5	14	0	2059
6286	21	2047	5	13	0	2086
6287	18	43	6	2029	0	2096
6288	16	13	1991	43	0	2063
6289	16	9	1962	16	0	2003
6290	20	5	41	1985	0	2051
6291	15	6	1977	43	0	2041
6292	13	10	38	1978	0	2039
6293	1984	9	9	46	0	2048
6294	45	7	9	1987	0	2048
6295	1958	5	3	47	0	2013
6296	45	1899	5	17	0	1966
6297	25	34	1909	10	0	1978
6298	20	10	31	1863	0	1924
6299	20	12	10	1898	0	1940
6300	9	13	1893	50	0	1965
6301	15	10	38	1855	0	1918
6302	7	1902	14	45	0	1968
6303	10	37	13	1938	0	1998
6304	6	13	7	1979	0	2005
6305	10	7	8	2013	0	2038
6306	14	4	1969	58	0	2045
6307	10	0	1827	28	0	1865
6308	1735	5	41	18	0	1799
6309	43	4	1769	10	0	1826
6310	20	1745	43	6	0	1814
6311	1756	31	8	7	0	1802
6312	41	1753	12	4	0	1810
6313	1697	40	7	10	0	1754
6314	1721	10	5	7	0	1743
6315	1694	9	6	3	0	1712
6316	1690	13	1	6	0	1710
6317	51	1631	4	7	0	1693
6318	18	1673	3	8	0	1702
6319	1672	36	6	6	0	1720
6320	36	13	1618	13	0	1680
6321	15	10	33	1596	0	1654
6322	15	7	12	1645	0	1679
6323	10	4	1629	41	0	1684
6324	1557	3	39	17	0	1616
6325	1621	5	9	13	0	1648
6326	1609	7	11	5	0	1632
6327	50	1562	10	6	0	1628
6328	1637	33	2	7	0	1679
6329	53	10	5	1577	0	1645
6330	20	1657	7	31	0	1715
6331	1709	38	3	12	0	1762
6332	1751	16	2	6	0	1775
6333	1840	20	4	7	0	1871
6334	66	8	5	1793	0	1872
6335	27	4	6	1813	0	1850
6336	19	1748	6	51	0	1824
6337	11	39	1775	24	0	1849
6338	11	11	39	1782	0	1843
6339	16	15	17	1747	0	1795
6340	9	8	15	1819	0	1851
6341	16	3	1767	66	0	1852
6342	1769	7	39	29	0	1844
6343	48	7	17	1807	0	1879
6344	22	4	1797	51	0	1874
6345	25	6	44	1772	0	1847
6346	1792	4	11	59	0	1866
6347	51	1760	15	19	0	1845
6348	28	46	6	1790	0	1870
6349	20	10	1769	55	0	1854
6350	1738	16	49	16	0	1819
6351	1795	8	13	26	0	1842
6352	60	3	1776	12	0	1851
6353	30	8	48	1680	0	1766
6354	21	1754	16	43	0	1834
6355	1772	44	18	18	0	1852
6356	51	12	1746	18	0	1827
6357	1728	11	47	11	0	1797
6358	60	7	1673	11	0	1751
6359	26	2	1575	10	0	1613
6360	1498	9	48	9	0	1564
6361	46	1498	23	9	0	1576
6362	25	39	1479	8	0	1551
6363	20	1423	40	8	0	1491
6364	20	41	1357	11	0	1429
6365	7	1326	37	11	0	1381
6366	1220	31	18	9	0	1278
6367	27	10	1177	8	0	1222
6368	12	7	1147	10	0	1176
6369	10	5	1112	7	0	1134
6370	1081	6	33	6	0	1126
6371	1093	2	19	8	0	1122
6372	25	3	12	1067	0	1107
6373	18	4	1085	23	0	1130
6374	12	2	1085	15	0	1114
6375	1104	1	28	8	0	1141
6376	27	5	14	1109	0	1155
6377	1116	2	10	21	0	1149
6378	1118	2	14	11	0	1145
6379	31	6	2	1048	0	1087
6380	22	1048	6	21	0	1097
6381	13	22	6	1062	0	1103
6382	13	5	6	1080	0	1104
6383	8	9	1047	26	0	1090
6384	11	1014	20	19	0	1064
6385	11	1051	10	13	0	1085
6386	11	22	13	1025	0	1071
6387	4	16	1048	19	0	1087
6388	10	1054	18	12	0	1094
6389	7	19	1057	10	0	1093
6390	1045	12	31	8	0	1096
6391	1090	8	13	6	0	1117
6392	26	6	1071	5	0	1108
6393	1078	2	30	3	0	1113
6394	32	6	11	1069	0	1118
6395	16	1099	14	23	0	1152
6396	15	23	9	1120	0	1167
6397	1114	10	5	25	0	1154
6398	1101	8	12	17	0	1138
6399	1101	7	8	11	0	1127
6400	1066	3	4	5	0	1078
6401	34	1034	11	7	0	1086
6402	19	982	7	5	0	1013
6403	990	20	5	7	0	1022
6404	24	12	997	4	0	1037
6405	12	30	19	953	0	1014
6406	13	997	8	19	0	1037
6407	9	13	9	986	0	1017
6408	5	1014	7	20	0	1046
6409	12	20	4	1028	0	1064
6410	4	10	1029	22	0	1065
6411	1009	10	15	10	0	1044
6412	1034	3	10	11	0	1058
6413	19	4	1018	7	0	1048
6414	1010	7	19	3	0	1039
6415	1045	3	6	7	0	1061
6416	24	2	1023	3	0	1052
6417	16	5	19	1005	0	1045
6418	1023	2	12	16	0	1053
6419	18	3	1011	9	0	1041
6420	17	4	17	985	0	1023
6421	15	3	1010	17	0	1045
6422	6	3	1012	10	0	1031
6423	1003	4	27	8	0	1042
6424	1038	2	13	4	0	1057
6425	1037	3	7	6	0	1053
6426	1068	2	10	5	0	1085
6427	37	7	1	1029	0	1074
6428	17	963	6	15	0	1001
6429	9	990	7	8	0	1014
6430	8	29	0	926	0	963
6431	943	5	0	16	0	964
6432	14	908	2	5	0	929
6433	3	854	1	2	0	860
6434	847	11	1	2	0	861
6435	10	6	0	843	0	859
6436	850	2	1	10	0	863
6437	11	846	2	3	0	862
6438	853	9	0	3	0	865
6439	11	3	896	1	0	911
6440	969	4	12	0	0	985
6441	991	0	3	3	0	997
6442	995	2	4	5	0	1006
6443	23	1	871	1	0	896
6444	973	2	8	1	0	984
6445	19	970	4	4	0	997
6446	5	12	974	2	0	993
6447	9	7	14	936	0	966
6448	5	4	5	914	0	928
6449	3	917	6	19	0	945
6450	4	10	2	937	0	953
6451	5	5	2	950	0	962
6452	2	4	916	16	0	938
6453	879	1	11	13	0	904
6454	14	0	914	5	0	933
6455	6	1	17	908	0	932
6456	7	3	914	14	0	938
6457	5	1	20	924	0	950
6458	934	1	9	17	0	961
6459	944	0	8	9	0	961
6460	23	1	4	941	0	969
6461	12	2	946	16	0	976
6462	9	2	12	977	0	1000
6463	2	2	966	19	0	989
6464	948	1	16	9	0	974
6465	977	5	6	6	0	994
6466	965	0	6	5	0	976
6467	963	1	2	7	0	973
6468	25	923	4	4	0	956
6469	14	14	2	932	0	962
6470	931	8	2	12	0	953
6471	17	904	3	13	0	937
6472	8	914	5	11	0	938
6473	12	18	869	5	0	904
6474	882	11	11	3	0	907
6475	898	3	13	3	0	917
6476	26	4	866	9	0	905
6477	20	1	16	865	0	902
6478	10	2	13	877	0	902
6479	8	3	866	21	0	898
6480	12	1	14	863	0	890
6481	864	2	13	19	0	898
6482	20	1	830	14	0	865
6483	15	1	854	10	0	880
6484	852	4	23	3	0	882
6485	20	3	864	6	0	893
6486	845	1	21	5	0	872
6487	23	842	11	4	0	880
6488	858	15	9	4	0	886
6489	23	8	4	846	0	881
6490	15	6	5	853	0	879
6491	839	5	0	23	0	867
6492	20	6	4	840	0	870
6493	834	7	3	22	0	866
6494	18	838	4	12	0	872
6495	17	11	5	808	0	841
6496	14	9	1	819	0	843
6497	806	7	6	24	0	843
6498	808	4	4	18	0	834
6499	811	4	7	10	0	832
6500	33	753	2	6	0	794
6501	15	778	5	4	0	802
6502	774	17	3	3	0	797
6503	20	9	747	7	0	783
6504	12	717	14	7	0	750
6505	663	16	20	6	0	705
6506	627	7	6	4	0	644
6507	624	3	2	4	0	633
6508	19	3	6	599	0	627
6509	613	1	3	13	0	630
6510	608	2	3	9	0	622
6511	19	2	1	594	0	616
6512	605	2	2	13	0	622
6513	16	0	575	11	0	602
6514	17	1	10	582	0	610
6515	8	5	6	587	0	606
6516	5	1	6	616	0	628
6517	600	1	5	20	0	626
6518	617	0	2	13	0	632
6519	613	5	5	6	0	629
6520	614	2	1	7	0	624
6521	593	2	0	7	0	602
6522	25	2	3	557	0	587
6523	18	0	2	565	0	585
6524	550	2	6	19	0	577
6525	13	531	2	16	0	562
6526	533	8	4	5	0	550
6527	16	7	498	6	0	527
6528	551	2	9	2	0	564
6529	563	1	8	2	0	574
6530	20	2	565	4	0	591
6531	600	1	16	2	0	619
6532	21	0	583	6	0	610
6533	17	0	604	4	0	625
6534	9	0	26	601	0	636
6535	5	1	15	645	0	666
6536	6	1	636	30	0	673
6537	7	1	647	18	0	673
6538	3	628	24	8	0	663
6539	4	606	15	6	0	631
6540	505	24	6	1	0	536
6541	15	585	2	2	0	604
6542	578	14	2	1	0	595
6543	12	565	0	8	0	585
6544	575	13	2	4	0	594
6545	16	10	538	2	0	566
6546	565	2	12	2	0	581
6547	17	2	10	551	0	580
6548	12	555	4	13	0	584
6549	4	14	1	576	0	595
6550	571	11	0	14	0	596
6551	580	3	3	10	0	596
6552	29	1	0	573	0	603
6553	10	2	554	12	0	578
6554	5	1	541	10	0	557
6555	1	562	23	4	0	590
6556	3	19	8	558	0	588
6557	0	9	559	14	0	582
6558	2	514	11	9	0	536
6559	5	15	9	537	0	566
6560	1	9	2	558	0	570
6561	521	1	4	21	0	547
6562	11	2	2	518	0	533
6563	9	3	502	15	0	529
6564	2	0	14	509	0	525
6565	486	3	11	11	0	511
6566	11	3	492	13	0	519
6567	483	1	14	5	0	503
6568	13	499	8	4	0	524
6569	517	12	2	3	0	534
6570	521	10	2	5	0	538
6571	25	2	2	497	0	526
6572	13	4	0	511	0	528
6573	7	497	3	20	0	527
6574	2	10	4	513	0	529
6575	503	8	1	13	0	525
6576	13	6	485	9	0	513
6577	15	1	11	496	0	523
6578	3	491	10	13	0	517
6579	5	10	1	507	0	523
6580	5	8	1	517	0	531
6581	497	4	0	26	0	527
6582	14	493	1	13	0	521
6583	9	12	3	508	0	532
6584	499	9	3	18	0	529
6585	13	2	0	513	0	528
6586	9	3	4	518	0	534
6587	522	1	2	24	0	549
6588	523	3	0	12	0	538
6589	22	2	511	6	0	541
6590	519	3	10	5	0	537
6591	534	1	6	3	0	544
6592	542	2	2	4	0	550
6593	18	499	1	8	0	526
6594	15	502	0	2	0	519
6595	6	18	1	496	0	521
6596	496	8	2	14	0	520
6597	502	4	3	9	0	518
6598	27	1	0	488	0	516
6599	13	1	484	11	0	509
6600	505	1	12	10	0	528
6601	541	4	6	5	0	556
6602	23	3	2	520	0	548
6603	12	2	2	538	0	554
6604	527	2	0	19	0	548
6605	16	0	1	523	0	540
6606	9	528	1	15	0	553
6607	3	11	3	539	0	556
6608	532	7	0	15	0	554
6609	15	3	523	10	0	551
6610	505	1	9	6	0	521
6611	16	2	526	3	0	547
6612	11	3	12	526	0	552
6613	530	1	8	17	0	556
6614	15	3	1	539	0	558
6615	10	2	1	552	0	565
6616	529	2	1	22	0	554
6617	18	0	524	9	0	551
6618	12	0	567	5	0	584
6619	3	0	21	575	0	599
6620	6	0	9	610	0	625
6621	6	0	4	621	0	631
6622	1	2	608	19	0	630
6623	591	0	9	12	0	612
6624	622	0	7	6	0	635
6625	635	0	4	5	0	644
6626	633	1	3	4	0	641
6627	16	599	1	4	0	620
6628	9	599	3	6	0	617
6629	5	615	1	4	0	625
6630	4	9	3	543	0	559
6631	5	1	0	580	0	586
6632	9	0	571	8	0	588
6633	6	542	4	5	0	557
6634	9	2	2	523	0	536
6635	514	4	0	4	0	522
6636	2	505	2	3	0	512
6637	3	2	0	498	0	503
6638	1	513	1	3	0	518
6639	530	2	2	4	0	538
6640	5	2	1	530	0	538
6641	2	2	490	5	0	499
6642	2	0	481	4	0	487
6643	1	5	6	507	0	519
6644	2	1	1	505	0	509
6645	2	1	0	527	0	530
6646	521	1	1	6	0	529
6647	5	1	512	3	0	521
6648	2	502	4	2	0	510
6649	1	4	4	505	0	514
6650	0	3	505	4	0	512
6651	0	504	3	3	0	510
6652	0	5	2	509	0	516
6653	2	2	517	3	0	524
6654	1	0	3	522	0	526
6655	0	0	3	522	0	525
6656	540	0	0	7	0	547
6657	532	0	0	4	0	536
6658	7	0	0	537	0	544
6659	541	0	0	7	0	548
6660	5	0	541	3	0	549
6661	3	0	5	547	0	555
6662	0	1	563	4	0	568
6663	0	0	4	587	0	591
6664	0	565	4	7	0	576
6665	0	565	1	3	0	569
6666	0	592	0	1	0	593
6667	5	9	1	591	0	606
6668	0	3	0	663	0	666
6669	0	0	645	12	0	657
6670	1	0	654	3	0	658
6671	1	0	672	1	0	674
6672	715	0	13	1	0	729
6673	12	0	2	729	0	743
6674	753	0	2	10	0	765
6675	12	767	0	4	0	783
6676	4	13	1	782	0	800
6677	784	4	0	14	0	802
6678	13	2	0	784	0	799
6679	786	2	0	16	0	804
6680	14	1	784	6	0	805
6681	6	787	14	2	0	809
6682	2	13	4	808	0	827
6683	805	4	2	13	0	824
6684	814	1	1	4	0	820
6685	21	1	1	811	0	834
6686	7	0	0	820	0	827
6687	789	1	0	22	0	812
6688	20	1	1	790	0	812
6689	6	1	771	17	0	795
6690	1	784	16	5	0	806
6691	4	17	3	791	0	815
6692	787	6	1	19	0	813
6693	803	1	1	8	0	813
6694	20	3	791	2	0	816
6695	7	753	13	4	0	777
6696	3	805	4	5	0	817
6697	3	18	1	806	0	828
6698	3	6	1	815	0	825
6699	0	4	2	815	0	821
6700	3	2	0	812	0	817
6701	2	776	0	27	0	805
6702	3	16	2	793	0	814
6703	0	6	1	810	0	817
6704	789	4	1	25	0	819
6705	794	1	1	11	0	807
6706	21	779	0	5	0	805
6707	785	16	1	6	0	808
6708	801	7	3	2	0	813
6709	801	4	0	2	0	807
6710	22	2	775	5	0	804
6711	10	1	17	777	0	805
6712	6	0	8	792	0	806
6713	1	1	768	25	0	795
6714	0	1	16	766	0	783
6715	3	1	5	736	0	745
6716	757	0	3	24	0	784
6717	16	0	754	9	0	779
6718	6	3	15	706	0	730
6719	701	1	5	21	0	728
6720	18	681	3	7	0	709
6721	685	18	1	6	0	710
6722	691	5	1	7	0	704
6723	24	665	2	1	0	692
6724	7	16	1	672	0	696
6725	661	3	0	21	0	685
6726	20	659	1	7	0	687
6727	8	17	1	664	0	690
6728	638	4	0	21	0	663
6729	628	3	1	6	0	638
6730	21	617	2	3	0	643
6731	620	15	1	4	0	640
6732	21	3	1	609	0	634
6733	614	1	1	17	0	633
6734	17	3	600	5	0	625
6735	8	0	14	597	0	619
6736	3	0	3	609	0	615
6737	590	1	1	21	0	613
6738	17	571	2	6	0	596
6739	559	15	0	3	0	577
6740	17	559	2	1	0	579
6741	6	14	522	8	0	550
6742	2	3	526	3	0	534
6743	4	4	18	502	0	528
6744	3	2	508	17	0	530
6745	2	1	16	504	0	523
6746	1	2	2	505	0	510
6747	3	0	2	520	0	525
6748	504	1	0	18	0	523
6749	507	1	0	6	0	514
6750	518	1	1	4	0	524
6751	20	501	0	2	0	523
6752	11	542	0	1	0	554
6753	4	21	525	1	0	551
6754	2	7	17	550	0	576
6755	2	4	546	21	0	573
6756	4	3	19	536	0	562
6757	1	2	9	551	0	563
6758	2	1	3	552	0	558
6759	1	0	520	30	0	551
6760	2	1	19	521	0	543
6761	513	0	8	25	0	546
6762	18	495	2	14	0	529
6763	9	15	4	475	0	503
6764	482	6	1	22	0	511
6765	486	1	3	12	0	502
6766	21	4	1	459	0	485
6767	13	1	5	442	0	461
6768	397	3	0	25	0	425
6769	19	0	3	399	0	421
6770	365	2	0	18	0	385
6771	16	0	2	362	0	380
6772	12	0	316	16	0	344
6773	5	295	13	11	0	324
6774	4	301	9	6	0	320
6775	4	11	5	275	0	295
6776	6	5	2	277	0	290
6777	271	1	1	17	0	290
6778	12	2	2	280	0	296
6779	5	2	0	284	0	291
6780	3	1	2	275	0	281
6781	3	256	0	16	0	275
6782	3	11	0	263	0	277
6783	1	4	0	269	0	274
6784	2	1	1	267	0	271
6785	248	3	1	15	0	267
6786	5	251	1	12	0	269
6787	5	5	0	258	0	268
6788	2	5	0	262	0	269
6789	3	2	1	259	0	265
6790	243	2	0	17	0	262
6791	11	0	0	250	0	261
6792	4	2	0	251	0	257
6793	4	1	221	15	0	241
6794	3	216	6	10	0	235
6795	2	5	4	233	0	244
6796	223	6	0	14	0	243
6797	7	233	1	9	0	250
6798	235	7	2	4	0	248
6799	233	5	1	6	0	245
6800	14	3	2	223	0	242
6801	6	2	3	234	0	245
6802	5	3	226	14	0	248
6803	3	1	6	235	0	245
6804	5	0	237	11	0	253
6805	1	2	8	241	0	252
6806	230	1	3	11	0	245
6807	10	241	1	9	0	261
6808	8	8	3	253	0	272
6809	3	7	2	258	0	270
6810	4	2	5	260	0	271
6811	2	3	0	264	0	269
6812	247	1	5	16	0	269
6813	8	244	0	13	0	265
6814	6	6	2	259	0	273
6815	254	6	0	15	0	275
6816	9	0	250	10	0	269
6817	250	3	7	7	0	267
6818	260	2	5	5	0	272
6819	13	2	1	255	0	271
6820	10	2	2	261	0	275
6821	264	3	1	13	0	281
6822	12	277	0	10	0	299
6823	295	6	1	7	0	309
6824	296	4	2	6	0	308
6825	303	2	1	5	0	311
6826	14	1	0	294	0	309
6827	11	1	2	307	0	321
6828	4	327	1	14	0	346
6829	10	5	0	333	0	348
6830	324	7	0	10	0	341
6831	9	3	314	11	0	337
6832	315	1	5	8	0	329
6833	331	2	4	6	0	343
6834	13	2	0	328	0	343
6835	10	0	2	332	0	344
6836	325	2	2	12	0	341
6837	329	0	1	11	0	341
6838	311	0	1	4	0	316
6839	9	0	319	5	0	333
6840	10	308	6	4	0	328
6841	316	4	3	3	0	326
6842	13	5	0	311	0	329
6843	7	307	2	9	0	325
6844	8	8	1	309	0	326
6845	309	7	0	8	0	324
6846	10	2	0	314	0	326
6847	7	1	310	10	0	328
6848	4	307	5	7	0	323
6849	5	317	4	5	0	331
6850	3	7	298	7	0	315
6851	260	7	8	1	0	276
6852	5	261	2	5	0	273
6853	5	2	3	231	0	241
6854	231	1	0	2	0	234
6855	1	230	1	1	0	233
6856	1	1	0	232	0	234
6857	233	2	0	1	0	236
6858	2	0	0	232	0	234
6859	230	0	0	1	0	231
6860	1	0	236	0	0	237
6861	1	234	1	1	0	237
6862	252	1	0	0	0	253
6863	249	0	0	2	0	251
6864	240	0	0	1	0	241
6865	2	1	236	0	0	239
6866	236	1	1	1	0	239
6867	244	0	0	1	0	245
6868	2	0	1	241	0	244
6869	238	1	0	2	0	241
6870	3	237	0	0	0	240
6871	1	2	0	240	0	243
6872	1	1	245	1	0	248
6873	1	0	1	244	0	246
6874	2	0	1	245	0	248
6875	248	1	0	2	0	251
6876	242	0	0	1	0	243
6877	2	1	236	1	0	240
6878	225	1	1	2	0	229
6879	1	0	235	1	0	237
6880	2	1	1	237	0	241
6881	2	1	237	1	0	241
6882	1	0	2	236	0	239
6883	3	235	0	0	0	238
6884	0	2	230	1	0	233
6885	0	0	238	3	0	241
6886	3	1	2	215	0	221
6887	246	0	0	4	0	250
6888	247	1	0	1	0	249
6889	249	0	3	0	0	252
6890	2	1	1	245	0	249
6891	2	0	0	249	0	251
6892	1	0	0	248	0	249
6893	1	0	0	244	0	245
6894	2	0	246	1	0	249
6895	1	0	1	239	0	241
6896	1	234	0	2	0	237
6897	1	1	0	232	0	234
6898	239	2	0	2	0	243
6899	2	1	236	1	0	240
6900	219	0	1	2	0	222
6901	1	1	246	0	0	248
6902	1	0	231	3	0	235
6903	3	239	1	1	0	244
6904	1	1	0	218	0	220
6905	2	0	0	239	0	241
6906	1	194	4	1	0	200
6907	237	2	0	0	0	239
6908	3	1	1	250	0	255
6909	1	0	1	274	0	276
6910	0	1	0	284	0	285
6911	326	0	0	8	0	334
6912	341	1	0	5	0	347
6913	8	1	1	337	0	347
6914	4	0	1	335	0	340
6915	330	0	0	9	0	339
6916	8	0	0	335	0	343
6917	6	0	1	336	0	343
6918	8	1	0	340	0	349
6919	2	0	327	13	0	342
6920	315	0	7	9	0	331
6921	324	0	2	8	0	334
6922	9	1	298	6	0	314
6923	5	3	5	281	0	294
6924	3	288	3	10	0	304
6925	286	7	4	4	0	301
6926	9	281	2	2	0	294
6927	8	279	0	0	0	287
6928	5	7	1	257	0	270
6929	258	5	1	11	0	275
6930	269	5	0	5	0	279
6931	11	2	0	271	0	284
6932	7	2	0	268	0	277
6933	3	4	0	272	0	279
6934	0	2	1	275	0	278
6935	3	0	0	269	0	272
6936	6	254	0	12	0	272
6937	3	5	1	262	0	271
6938	257	2	0	15	0	274
6939	264	4	1	7	0	276
6940	262	0	0	7	0	269
6941	12	250	0	5	0	267
6942	5	8	1	260	0	274
6943	3	5	254	10	0	272
6944	255	4	8	4	0	271
6945	11	0	2	260	0	273
6946	261	1	3	6	0	271
6947	256	3	1	4	0	264
6948	253	2	0	7	0	262
6949	12	1	2	248	0	263
6950	255	0	1	6	0	262
6951	10	2	0	250	0	262
6952	5	1	0	257	0	263
6953	252	0	0	10	0	262
6954	11	0	0	252	0	263
6955	247	0	0	11	0	258
6956	247	2	0	7	0	256
6957	10	0	0	248	0	258
6958	7	0	1	249	0	257
6959	7	0	0	251	0	258
6960	3	0	227	15	0	245
6961	3	1	231	9	0	244
6962	5	0	8	225	0	238
6963	5	0	6	229	0	240
6964	3	0	3	236	0	242
6965	2	0	0	240	0	242
6966	2	1	1	240	0	244
6967	223	0	3	14	0	240
6968	6	223	1	10	0	240
6969	4	4	0	234	0	242
6970	230	2	1	11	0	244
6971	8	3	1	231	0	243
6972	7	0	0	234	0	241
6973	225	0	1	12	0	238
6974	221	2	2	11	0	236
6975	10	2	219	6	0	237
6976	11	1	6	221	0	239
6977	7	1	222	10	0	240
6978	1	2	7	231	0	241
6979	2	1	3	229	0	235
6980	7	0	3	230	0	240
6981	5	0	221	13	0	239
6982	2	221	6	12	0	241
6983	0	230	5	10	0	245
6984	1	6	4	237	0	248
6985	231	4	1	10	0	246
6986	7	3	218	10	0	238
6987	4	1	232	8	0	245
6988	4	3	9	234	0	250
6989	3	4	5	233	0	245
6990	4	236	4	10	0	254
6991	4	5	0	246	0	255
6992	4	3	3	249	0	259
6993	1	5	4	252	0	262
6994	240	0	2	17	0	259
6995	246	0	1	11	0	258
6996	8	1	1	251	0	261
6997	7	240	1	9	0	257
6998	6	5	0	240	0	251
6999	230	3	0	15	0	248
7000	9	233	0	8	0	250
7001	9	6	2	220	0	237
7002	6	222	2	8	0	238
7003	216	11	0	9	0	236
7004	211	5	0	7	0	223
7005	11	212	0	4	0	227
7006	7	217	2	2	0	228
7007	5	8	199	2	0	214
7008	1	197	5	2	0	205
7009	5	10	4	163	0	182
7010	4	4	159	7	0	174
7011	0	111	2	5	0	118
7012	0	2	4	105	0	111
7013	0	4	0	108	0	112
7014	0	0	0	112	0	112
7015	102	0	0	6	0	108
7016	2	0	104	4	0	110
7017	4	1	97	0	0	102
7018	0	0	5	104	0	109
7019	0	0	112	2	0	114
7020	0	1	2	111	0	114
7021	0	0	4	103	0	107
7022	0	0	0	112	0	112
7023	1	0	0	112	0	113
7024	107	0	0	6	0	113
7025	109	0	1	4	0	114
7026	6	0	1	106	0	113
7027	4	0	121	3	0	128
7028	0	0	3	124	0	127
7029	0	108	4	3	0	115
7030	0	2	0	117	0	119
7031	110	4	0	3	0	117
7032	117	0	0	5	0	122
7033	7	0	1	114	0	122
7034	5	1	0	116	0	122
7035	0	0	0	120	0	120
7036	114	0	2	6	0	122
7037	2	1	113	5	0	121
7038	4	1	108	1	0	114
7039	0	112	5	2	0	119
7040	114	3	3	2	0	122
7041	5	3	1	117	0	126
7042	3	2	119	2	0	126
7043	0	114	3	6	0	123
7044	0	126	2	2	0	130
7045	2	6	1	129	0	138
7046	1	3	1	135	0	140
7047	0	127	1	6	0	134
7048	0	4	0	137	0	141
7049	2	3	1	138	0	144
7050	136	1	1	6	0	144
7051	3	135	3	4	0	145
7052	2	3	1	137	0	143
7053	0	4	133	2	0	139
7054	0	0	2	137	0	139
7055	135	0	3	6	0	144
7056	2	145	0	8	0	155
7057	5	6	0	150	0	161
7058	2	3	155	3	0	163
7059	2	0	175	3	0	180
7060	0	1	5	179	0	185
7061	0	0	5	185	0	190
7062	182	0	1	7	0	190
7063	2	182	2	5	0	191
7064	190	2	1	2	0	195
7065	3	6	190	1	0	200
7066	195	0	2	1	0	198
7067	3	0	197	1	0	201
7068	198	0	4	2	0	204
7069	201	1	4	2	0	208
7070	6	1	201	2	0	210
7071	5	0	210	1	0	216
7072	1	198	4	2	0	205
7073	2	5	3	212	0	222
7074	218	3	2	3	0	226
7075	4	1	0	218	0	223
7076	4	0	3	221	0	228
7077	3	2	1	224	0	230
7078	2	2	219	7	0	230
7079	215	0	5	6	0	226
7080	230	0	4	1	0	235
7081	6	231	1	1	0	239
7082	6	3	0	224	0	233
7083	1	228	0	5	0	234
7084	1	4	3	231	0	239
7085	231	5	1	5	0	242
7086	4	230	0	7	0	241
7087	4	4	2	225	0	235
7088	224	4	0	5	0	233
7089	222	4	0	5	0	231
7090	8	2	0	221	0	231
7091	5	0	218	6	0	229
7092	3	1	4	213	0	221
7093	0	220	6	6	0	232
7094	219	4	1	4	0	228
7095	6	223	2	0	0	231
7096	5	5	1	223	0	234
7097	221	5	2	4	0	232
7098	5	2	0	223	0	230
7099	3	0	1	228	0	232
7100	4	0	219	7	0	230
7101	0	215	5	7	0	227
7102	214	5	3	3	0	225
7103	198	4	1	1	0	204
7104	8	208	2	2	0	220
7105	4	213	1	2	0	220
7106	6	2	1	208	0	217
7107	205	2	0	2	0	209
7108	3	204	0	1	0	208
7109	2	2	0	206	0	210
7110	1	2	205	2	0	210
7111	0	1	2	208	0	211
7112	208	0	1	4	0	213
7113	3	208	2	1	0	214
7114	0	2	0	217	0	219
7115	1	1	214	3	0	219
7116	0	3	208	1	0	212
7117	1	0	4	214	0	219
7118	0	0	2	217	0	219
7119	0	208	1	3	0	212
7120	1	3	0	210	0	214
7121	207	2	1	5	0	215
7122	4	1	1	209	0	215
7123	213	0	1	5	0	219
7124	4	207	0	3	0	214
7125	1	210	1	1	0	213
7126	3	4	0	211	0	218
7127	3	2	0	201	0	206
7128	0	1	200	4	0	205
7129	1	1	3	196	0	201
7130	199	2	0	3	0	204
7131	2	1	198	3	0	204
7132	3	0	2	199	0	204
7133	1	1	208	4	0	214
7134	1	0	3	207	0	211
7135	0	0	2	209	0	211
7136	1	2	1	208	0	212
7137	2	0	208	6	0	216
7138	2	2	1	205	0	210
7139	1	204	2	5	0	212
7140	1	2	2	210	0	215
7141	0	2	2	215	0	219
7142	208	1	0	8	0	217
7143	5	0	204	2	0	211
7144	3	2	3	206	0	214
7145	1	2	199	6	0	208
7146	1	1	189	2	0	193
7147	2	0	4	199	0	205
7148	2	1	3	193	0	199
7149	1	2	3	203	0	209
7150	195	2	1	8	0	206
7151	4	0	192	4	0	200
7152	201	0	3	2	0	206
7153	6	1	2	210	0	219
7154	2	0	1	217	0	220
7155	3	213	2	6	0	224
7156	1	5	1	214	0	221
7157	2	1	2	206	0	211
7158	4	2	2	200	0	208
7159	165	1	0	10	0	176
7160	4	1	164	5	0	174
7161	151	1	2	5	0	159
7162	8	161	2	1	0	172
7163	155	6	1	1	0	163
7164	6	154	0	3	0	163
7165	1	154	1	2	0	158
7166	1	5	1	154	0	161
7167	157	2	2	6	0	167
7168	5	1	1	164	0	171
7169	1	154	0	7	0	162
7170	0	169	3	3	0	175
7171	1	4	2	167	0	174
7172	0	1	1	174	0	176
7173	2	163	1	7	0	173
7174	0	8	0	174	0	182
7175	1	1	1	176	0	179
7176	1	1	1	175	0	178
7177	171	1	0	8	0	180
7178	4	0	170	4	0	178
7179	170	0	5	3	0	178
7180	175	1	0	1	0	177
7181	174	1	0	1	0	176
7182	5	167	0	2	0	174
7183	0	4	0	165	0	169
7184	163	0	0	5	0	168
7185	4	2	1	164	0	171
7186	162	0	0	6	0	168
7187	4	169	0	2	0	175
7188	177	4	0	2	0	183
7189	190	1	0	0	0	191
7190	186	1	1	0	0	188
7191	5	0	0	190	0	195
7192	2	1	0	194	0	197
7193	191	0	0	4	0	195
7194	3	192	0	0	0	195
7195	0	185	0	1	0	186
7196	193	3	0	1	0	197
7197	4	0	0	198	0	202
7198	2	0	0	204	0	206
7199	0	1	0	209	0	210
7200	1	203	0	3	0	207
7201	211	3	0	1	0	215
7202	4	0	0	208	0	212
7203	0	218	0	5	0	223
7204	0	3	0	235	0	238
7205	1	1	0	240	0	242
7206	1	1	0	241	0	243
7207	1	0	0	241	0	242
7208	240	1	0	3	0	244
7209	239	0	0	2	0	241
7210	242	0	0	2	0	244
7211	4	0	0	240	0	244
7212	0	2	235	4	0	241
7213	2	0	211	1	0	214
7214	2	0	229	1	0	232
7215	258	1	2	1	0	262
7216	4	0	0	266	0	270
7217	0	1	1	270	0	272
7218	1	0	0	275	0	276
7219	272	0	1	4	0	277
7220	278	0	0	1	0	279
7221	4	290	0	2	0	296
7222	1	3	0	299	0	303
7223	0	0	298	3	0	301
7224	1	306	3	2	0	312
7225	2	4	0	318	0	324
7226	1	2	0	319	0	322
7227	2	0	0	320	0	322
7228	1	0	0	321	0	322
7229	0	1	310	6	0	317
7230	0	1	293	4	0	298
7231	2	316	2	4	0	324
7232	1	4	0	325	0	330
7233	1	2	0	321	0	324
7234	320	0	1	6	0	327
7235	4	0	320	1	0	325
7236	1	2	2	326	0	331
7237	0	0	0	339	0	339
7238	1	0	343	5	0	349
7239	2	348	3	2	0	355
7240	357	3	1	1	0	362
7241	6	0	345	1	0	352
7242	347	0	3	2	0	352
7243	3	0	380	2	0	385
7244	0	1	4	396	0	401
7245	2	0	398	4	0	404
7246	1	0	408	0	0	409
7247	2	1	2	427	0	432
7248	0	2	1	332	0	335
7249	0	0	1	448	0	449
7250	0	1	1	443	0	445
7251	1	0	1	442	0	444
7252	1	0	443	4	0	448
7253	0	1	407	3	0	411
7254	0	441	2	3	0	446
7255	443	2	2	2	0	449
7256	4	0	1	451	0	456
7257	453	2	1	5	0	461
7258	3	2	0	454	0	459
7259	461	1	0	7	0	469
7260	5	0	0	469	0	474
7261	1	0	2	473	0	476
7262	1	474	1	6	0	482
7263	1	5	0	495	0	501
7264	2	0	1	498	0	501
7265	0	1	0	500	0	501
7266	2	2	0	499	0	503
7267	0	480	2	4	0	486
7268	482	2	0	3	0	487
7269	2	483	2	4	0	491
7270	0	2	1	478	0	481
7271	468	2	1	3	0	474
7272	4	1	459	0	0	464
7273	2	0	464	1	0	467
7274	1	1	2	464	0	468
7275	2	0	1	479	0	482
7276	2	0	1	482	0	485
7277	1	1	1	459	0	462
7278	1	0	2	478	0	481
7279	0	470	2	6	0	478
7280	0	4	0	479	0	483
7281	486	0	0	7	0	493
7282	3	0	0	489	0	492
7283	2	1	492	5	0	500
7284	0	1	3	492	0	496
7285	487	0	2	4	0	493
7286	3	506	0	2	0	511
7287	1	4	0	548	0	553
7288	0	0	1	581	0	582
7289	3	0	567	12	0	582
7290	4	0	662	5	0	671
7291	814	1	14	1	0	830
7292	16	0	2	820	0	838
7293	6	1	7	847	0	861
7294	10	0	867	20	0	897
7295	7	2	856	13	0	878
7296	2	871	18	16	0	907
7297	2	19	13	877	0	911
7298	1	3	870	21	0	895
7299	0	875	23	5	0	903
7300	879	24	4	14	0	921
7301	898	5	15	6	0	924
7302	22	12	7	878	0	919
7303	16	878	0	21	0	915
7304	884	18	2	9	0	913
7305	27	5	5	848	0	885
7306	4	13	858	24	0	899
7307	16	874	19	5	0	914
7308	874	20	4	14	0	912
7309	888	4	10	9	0	911
7310	23	17	5	875	0	920
7311	16	5	1	895	0	917
7312	18	1	863	27	0	909
7313	9	3	22	875	0	909
7314	2	3	4	857	0	866
7315	10	0	10	879	0	899
7316	4	1	4	876	0	885
7317	2	4	3	860	0	869
7318	5	837	1	39	0	882
7319	836	18	3	27	0	884
7320	20	3	830	22	0	875
7321	4	836	17	10	0	867
7322	17	22	5	842	0	886
7323	842	4	14	28	0	888
7324	20	12	7	830	0	869
7325	4	10	3	868	0	885
7326	16	3	6	855	0	880
7327	8	3	5	868	0	884
7328	5	4	821	47	0	877
7329	3	827	21	32	0	883
7330	834	22	2	25	0	883
7331	24	5	820	17	0	866
7332	6	16	21	823	0	866
7333	833	9	6	24	0	872
7334	29	814	18	10	0	871
7335	821	24	7	17	0	869
7336	35	11	3	745	0	794
7337	19	12	3	837	0	871
7338	17	8	2	828	0	855
7339	12	0	2	833	0	847
7340	794	5	3	48	0	850
7341	23	4	1	818	0	846
7342	9	2	8	828	0	847
7343	779	6	1	37	0	823
7344	31	2	756	26	0	815
7345	7	2	20	776	0	805
7346	729	2	4	36	0	771
7347	744	1	12	12	0	769
7348	22	7	5	723	0	757
7349	23	0	3	722	0	748
7350	24	693	4	33	0	754
7351	8	19	4	725	0	756
7352	5	4	0	727	0	736
7353	7	12	676	36	0	731
7354	9	5	660	26	0	700
7355	3	668	19	29	0	719
7356	5	21	12	682	0	720
7357	8	6	18	688	0	720
7358	675	13	13	25	0	726
7359	21	8	4	691	0	724
7360	13	2	660	40	0	715
7361	17	3	21	670	0	711
7362	9	5	632	39	0	685
7363	5	1	661	21	0	688
7364	3	8	25	650	0	686
7365	7	0	18	662	0	687
7366	640	4	15	33	0	692
7367	660	1	14	22	0	697
7368	26	1	5	659	0	691
7369	671	4	5	31	0	711
7370	708	1	5	15	0	729
7371	29	3	5	698	0	735
7372	24	0	2	706	0	732
7373	689	2	2	33	0	726
7374	695	0	6	24	0	725
7375	26	1	0	701	0	728
7376	24	678	5	34	0	741
7377	26	19	3	692	0	740
7378	10	4	0	726	0	740
7379	4	11	682	43	0	740
7380	12	6	16	704	0	738
7381	675	0	8	46	0	729
7382	25	677	10	23	0	735
7383	688	19	6	19	0	732
7384	710	5	1	19	0	735
7385	706	14	1	13	0	734
7386	43	6	4	669	0	722
7387	34	3	584	29	0	650
7388	27	3	559	10	0	599
7389	9	567	16	25	0	617
7390	6	479	9	9	0	503
7391	6	336	3	5	0	350
7392	5	323	3	5	0	336
7393	2	9	324	6	0	341
7394	295	4	11	5	0	315
7395	8	1	4	300	0	313
7396	2	4	2	290	0	298
7397	5	2	0	292	0	299
7398	3	296	0	8	0	307
7399	289	4	0	2	0	295
7400	5	1	284	5	0	295
7401	2	283	6	3	0	294
7402	4	3	4	286	0	297
7403	284	1	3	5	0	293
7404	3	1	0	288	0	292
7405	2	1	279	5	0	287
7406	3	2	269	2	0	276
7407	3	1	4	279	0	287
7408	2	1	2	287	0	292
7409	286	1	1	5	0	293
7410	4	1	281	4	0	290
7411	270	1	3	4	0	278
7412	281	0	2	2	0	285
7413	5	2	1	277	0	285
7414	5	0	285	5	0	295
7415	1	2	3	281	0	287
7416	280	1	2	5	0	288
7417	3	276	1	6	0	286
7418	291	2	3	1	0	297
7419	4	1	1	291	0	297
7420	2	298	3	4	0	307
7421	1	3	2	296	0	302
7422	2	2	0	306	0	310
7423	3	295	0	6	0	304
7424	4	2	0	295	0	301
7425	4	2	1	299	0	306
7426	3	2	1	305	0	311
7427	4	1	296	9	0	310
7428	1	295	3	7	0	306
7429	302	4	2	5	0	313
7430	5	1	0	305	0	311
7431	3	323	0	5	0	331
7432	338	7	0	3	0	348
7433	6	1	2	350	0	359
7434	1	5	1	348	0	355
7435	3	2	1	356	0	362
7436	4	0	0	346	0	350
7437	345	1	1	13	0	360
7438	9	3	1	351	0	364
7439	6	0	1	355	0	362
7440	358	1	0	12	0	371
7441	8	0	0	362	0	370
7442	4	0	350	13	0	367
7443	4	1	9	356	0	370
7444	343	0	2	13	0	358
7445	9	2	4	347	0	362
7446	3	2	347	13	0	365
7447	6	1	340	4	0	351
7448	358	2	7	8	0	375
7449	377	1	5	2	0	385
7450	375	3	3	7	0	388
7451	382	0	2	3	0	387
7452	13	0	378	5	0	396
7453	6	2	4	381	0	393
7454	7	0	2	392	0	401
7455	391	0	4	10	0	405
7456	8	2	1	397	0	408
7457	5	0	386	12	0	403
7458	7	0	7	392	0	406
7459	3	0	395	11	0	409
7460	3	394	10	4	0	411
7461	403	7	3	7	0	420
7462	10	1	3	405	0	419
7463	2	2	386	14	0	404
7464	7	0	9	392	0	408
7465	2	1	2	442	0	447
7466	4	0	433	10	0	447
7467	2	0	9	429	0	440
7468	430	0	3	13	0	446
7469	9	2	411	4	0	426
7470	395	0	8	7	0	410
7471	13	397	3	4	0	417
7472	3	8	400	3	0	414
7473	9	0	403	3	0	415
7474	3	8	10	360	0	381
7475	2	0	6	399	0	407
7476	1	1	393	10	0	405
7477	3	1	7	393	0	404
7478	400	0	3	12	0	415
7479	400	1	5	4	0	410
7480	6	1	1	398	0	406
7481	5	0	4	389	0	398
7482	4	385	1	9	0	399
7483	391	6	1	6	0	404
7484	8	0	0	394	0	402
7485	1	395	4	7	0	407
7486	406	6	0	6	0	418
7487	402	2	2	7	0	413
7488	8	417	3	2	0	430
7489	7	6	0	423	0	436
7490	9	2	0	410	0	421
7491	4	5	397	7	0	413
7492	5	0	6	394	0	405
7493	389	1	1	14	0	405
7494	6	1	7	382	0	396
7495	2	0	374	15	0	391
7496	371	0	8	3	0	382
7497	7	1	0	378	0	386
7498	7	0	374	6	0	387
7499	6	0	6	374	0	386
7500	1	0	371	11	0	383
7501	4	2	11	367	0	384
7502	5	0	0	384	0	389
7503	370	0	6	9	0	385
7504	7	372	4	6	0	389
7505	376	6	3	8	0	393
7506	381	0	2	5	0	388
7507	375	5	2	5	0	387
7508	16	367	0	4	0	387
7509	8	7	363	0	0	378
7510	7	2	9	370	0	388
7511	374	6	0	8	0	388
7512	383	2	6	3	0	394
7513	10	3	3	376	0	392
7514	375	4	4	9	0	392
7515	13	0	365	6	0	384
7516	366	0	6	13	0	385
7517	15	0	365	1	0	381
7518	3	364	9	6	0	382
7519	371	6	0	4	0	381
7520	348	0	6	5	0	359
7521	8	347	3	6	0	364
7522	350	6	3	4	0	363
7523	354	3	1	4	0	362
7524	10	4	350	2	0	366
7525	335	1	4	4	0	344
7526	12	2	327	0	0	341
7527	4	3	7	312	0	326
7528	8	324	1	7	0	340
7529	4	5	329	1	0	339
7530	306	8	12	7	0	333
7531	306	2	2	1	0	311
7532	8	0	1	288	0	297
7533	6	1	274	4	0	285
7534	3	2	4	277	0	286
7535	272	0	2	6	0	280
7536	6	284	3	2	0	295
7537	273	3	0	4	0	280
7538	276	0	2	1	0	279
7539	3	265	1	5	0	274
7540	6	3	1	264	0	274
7541	273	1	2	3	0	279
7542	6	3	0	274	0	283
7543	2	0	3	289	0	294
7544	3	4	289	2	0	298
7545	3	1	2	289	0	295
7546	4	0	0	291	0	295
7547	289	2	2	3	0	296
7548	282	1	0	4	0	287
7549	4	0	2	280	0	286
7550	2	0	277	4	0	283
7551	5	0	260	2	0	267
7552	2	0	3	269	0	274
7553	2	0	273	4	0	279
7554	3	2	3	266	0	274
7555	0	0	4	264	0	268
7556	274	0	3	3	0	280
7557	4	0	275	3	0	282
7558	264	1	3	6	0	274
7559	266	0	2	1	0	269
7560	3	0	264	4	0	271
7561	5	2	252	1	0	260
7562	4	9	2	245	0	260
7563	4	244	3	1	0	252
7564	4	259	3	0	0	266
7565	2	3	0	217	0	222
7566	0	0	0	212	0	212
7567	2	1	1	215	0	219
7568	0	0	0	225	0	225
7569	207	1	0	4	0	212
7570	3	1	1	207	0	212
7571	0	0	200	5	0	205
7572	1	0	1	195	0	197
7573	2	188	1	6	0	197
7574	2	1	1	201	0	205
7575	198	0	0	4	0	202
7576	1	1	2	201	0	205
7577	0	0	202	2	0	204
7578	1	190	1	3	0	195
7579	1	1	2	194	0	198
7580	191	0	1	4	0	196
7581	193	0	0	2	0	195
7582	3	0	0	198	0	201
7583	1	0	191	1	0	193
7584	3	0	171	0	0	174
7585	180	0	1	2	0	183
7586	1	0	182	0	0	183
7587	1	1	159	1	0	162
7588	0	2	2	158	0	162
7589	163	0	3	2	0	168
7590	159	0	0	2	0	161
7591	164	0	0	1	0	165
7592	3	0	164	0	0	167
7593	0	0	155	2	0	157
7594	0	171	2	2	0	175
7595	1	1	2	174	0	178
7596	1	0	0	178	0	179
7597	2	0	1	174	0	177
7598	1	0	1	175	0	177
7599	2	0	178	2	0	182
7600	2	180	1	2	0	185
7601	202	1	2	1	0	206
7602	227	0	1	1	0	229
7603	232	0	0	3	0	235
7604	5	232	2	2	0	241
7605	2	4	3	240	0	249
7606	248	2	1	8	0	259
7607	5	254	0	4	0	263
7608	252	5	2	3	0	262
7609	5	257	1	3	0	266
7610	257	7	0	3	0	267
7611	263	1	1	2	0	267
7612	8	1	1	261	0	271
7613	6	1	0	277	0	284
7614	2	5	273	7	0	287
7615	1	2	272	3	0	278
7616	279	1	7	2	0	289
7617	282	2	1	3	0	288
7618	8	1	0	281	0	290
7619	2	4	0	286	0	292
7620	4	0	270	8	0	282
7621	1	0	6	272	0	279
7622	1	1	263	9	0	274
7623	2	0	5	275	0	282
7624	2	1	3	283	0	289
7625	277	1	2	9	0	289
7626	283	0	2	2	0	287
7627	10	0	1	283	0	294
7628	3	2	2	287	0	294
7629	3	1	275	9	0	288
7630	1	2	7	288	0	298
7631	3	0	282	9	0	294
7632	281	0	9	4	0	294
7633	8	1	2	296	0	307
7634	288	0	2	9	0	299
7635	13	287	3	3	0	306
7636	285	5	2	6	0	298
7637	8	1	3	293	0	305
7638	8	3	3	292	0	306
7639	1	290	3	14	0	308
7640	6	6	2	306	0	320
7641	3	1	304	8	0	316
7642	4	0	6	303	0	313
7643	3	0	282	10	0	295
7644	5	276	5	5	0	291
7645	3	6	3	283	0	295
7646	7	1	271	6	0	285
7647	5	1	270	4	0	280
7648	3	1	4	277	0	285
7649	274	2	2	12	0	290
7650	7	0	274	6	0	287
7651	2	2	7	275	0	286
7652	271	1	5	9	0	286
7653	7	262	3	5	0	277
7654	285	7	2	6	0	300
7655	7	1	1	290	0	299
7656	3	3	3	281	0	290
7657	5	2	2	285	0	294
7658	278	0	2	14	0	294
7659	8	0	4	287	0	299
7660	6	1	1	297	0	305
7661	290	0	3	12	0	305
7662	9	3	289	3	0	304
7663	4	2	7	293	0	306
7664	6	0	289	8	0	303
7665	286	5	6	6	0	303
7666	9	2	1	285	0	297
7667	5	2	280	11	0	298
7668	283	0	8	7	0	298
7669	288	2	1	10	0	301
7670	13	0	299	6	0	318
7671	4	3	6	302	0	315
7672	2	0	4	317	0	323
7673	4	1	317	10	0	332
7674	3	314	7	5	0	329
7675	7	5	322	5	0	339
7676	311	3	8	7	0	329
7677	7	0	331	6	0	344
7678	321	1	7	6	0	335
7679	13	1	325	3	0	342
7680	329	0	8	5	0	342
7681	8	334	2	11	0	355
7682	5	5	3	336	0	349
7683	1	3	4	349	0	357
7684	3	1	346	12	0	362
7685	3	1	8	329	0	341
7686	7	341	2	7	0	357
7687	345	6	2	7	0	360
7688	8	348	6	4	0	366
7689	6	6	2	356	0	370
7690	358	2	1	11	0	372
7691	8	349	3	8	0	368
7692	351	6	1	6	0	364
7693	8	2	347	5	0	362
7694	5	1	10	353	0	369
7695	2	2	3	354	0	361
7696	3	1	3	364	0	371
7697	356	3	1	9	0	369
7698	361	1	2	6	0	370
7699	366	2	2	3	0	373
7700	362	1	4	3	0	370
7701	11	1	328	2	0	342
7702	293	2	4	5	0	304
7703	6	288	2	4	0	300
7704	0	293	1	2	0	296
7705	293	2	11	4	0	310
7706	300	1	2	0	0	303
7707	4	0	0	291	0	295
7708	289	0	0	5	0	294
7709	292	1	1	1	0	295
7710	310	0	0	2	0	312
7711	7	0	1	305	0	313
7712	1	289	1	4	0	295
7713	2	299	0	1	0	302
7714	0	3	0	304	0	307
7715	300	1	1	4	0	306
7716	3	300	0	0	0	303
7717	1	2	1	311	0	315
7718	1	1	325	3	0	330
7719	308	0	4	2	0	314
7720	4	321	1	1	0	327
7721	1	328	0	1	0	330
7722	329	3	0	2	0	334
7723	8	1	330	1	0	340
7724	2	0	2	323	0	327
7725	1	327	0	4	0	332
7726	2	3	0	336	0	341
7727	2	0	0	340	0	342
7728	2	302	2	4	0	310
7729	5	3	0	342	0	350
7730	3	1	1	346	0	351
7731	342	1	2	3	0	348
7732	6	333	1	0	0	340
7733	340	5	0	0	0	345
7734	4	1	0	338	0	343
7735	2	328	2	3	0	335
7736	3	2	336	1	0	342
7737	7	0	3	339	0	349
7738	2	2	1	352	0	357
7739	2	1	353	4	0	360
7740	338	1	3	1	0	343
7741	5	0	1	381	0	387
7742	384	2	0	4	0	390
7743	4	1	376	1	0	382
7744	1	1	3	378	0	383
7745	3	1	410	4	0	418
7746	3	2	6	417	0	428
7747	2	0	1	428	0	431
7748	421	1	3	5	0	430
7749	7	422	0	4	0	433
7750	423	5	2	3	0	433
7751	8	1	423	1	0	433
7752	2	6	6	420	0	434
7753	2	1	426	8	0	437
7754	393	2	7	2	0	404
7755	435	1	1	2	0	439
7756	5	2	436	5	0	448
7757	423	1	4	4	0	432
7758	449	1	1	1	0	452
7759	6	0	2	440	0	448
7760	3	1	431	7	0	442
7761	3	0	447	3	0	453
7762	1	2	6	448	0	457
7763	2	3	4	455	0	464
7764	2	435	2	9	0	448
7765	2	455	1	4	0	462
7766	462	5	2	5	0	474
7767	6	2	3	465	0	476
7768	2	454	2	8	0	466
7769	3	469	4	2	0	478
7770	461	7	1	7	0	476
7771	6	1	3	467	0	477
7772	3	463	2	7	0	475
7773	3	6	1	466	0	476
7774	4	0	0	465	0	469
7775	1	4	3	466	0	474
7776	461	2	0	12	0	475
7777	7	448	5	2	0	462
7778	3	4	1	458	0	466
7779	3	2	2	459	0	466
7780	6	1	2	460	0	469
7781	3	2	448	8	0	461
7782	434	0	5	5	0	444
7783	8	0	4	450	0	462
7784	439	2	2	8	0	451
7785	443	0	2	4	0	449
7786	433	0	3	7	0	443
7787	10	1	430	3	0	444
7788	4	425	6	2	0	437
7789	5	5	1	434	0	445
7790	2	3	428	8	0	441
7791	3	4	418	1	0	426
7792	4	1	6	409	0	420
7793	1	422	2	7	0	432
7794	428	5	6	1	0	440
7795	438	3	0	4	0	445
7796	440	3	0	3	0	446
7797	434	0	1	4	0	439
7798	5	4	425	1	0	435
7799	421	0	4	4	0	429
7800	7	434	2	3	0	446
7801	1	4	2	445	0	452
7802	5	1	2	444	0	452
7803	451	3	0	5	0	459
7804	8	0	0	452	0	460
7805	0	0	438	8	0	446
7806	429	1	4	5	0	439
7807	451	2	2	4	0	459
7808	446	0	2	3	0	451
7809	7	0	449	4	0	460
7810	419	1	4	0	0	424
7811	7	427	1	3	0	438
7812	434	3	4	1	0	442
7813	10	1	2	423	0	436
7814	3	4	1	421	0	429
7815	4	416	1	4	0	425
7816	0	5	3	417	0	425
7817	1	424	2	6	0	433
7818	2	7	0	406	0	415
7819	2	408	1	5	0	416
7820	4	6	0	408	0	418
7821	3	406	0	8	0	417
7822	3	5	1	421	0	430
7823	4	431	0	7	0	442
7824	461	6	2	2	0	471
7825	7	1	1	470	0	479
7826	1	7	0	464	0	472
7827	3	0	0	482	0	485
7828	0	0	1	486	0	487
7829	2	0	487	9	0	498
7830	2	1	5	492	0	500
7831	3	1	3	496	0	503
7832	494	0	1	7	0	502
7833	487	0	1	4	0	492
7834	12	501	0	3	0	516
7835	5	4	2	509	0	520
7836	6	2	0	553	0	561
7837	569	5	0	15	0	589
7838	16	0	543	5	0	564
7839	540	1	15	4	0	560
7840	17	555	2	3	0	577
7841	525	15	2	1	0	543
7842	534	1	0	2	0	537
7843	13	516	0	3	0	532
7844	6	543	0	0	0	549
7845	3	10	2	500	0	515
7846	1	3	488	10	0	502
7847	491	3	11	1	0	506
7848	12	1	495	2	0	510
7849	481	0	11	1	0	493
7850	14	1	492	2	0	509
7851	3	487	14	0	0	504
7852	2	11	1	493	0	507
7853	481	2	3	11	0	497
7854	499	3	1	2	0	505
7855	15	0	1	501	0	517
7856	514	1	0	11	0	526
7857	526	0	2	2	0	530
7858	15	518	0	2	0	535
7859	518	11	0	2	0	531
7860	16	519	1	0	0	536
7861	3	13	0	519	0	535
7862	518	1	2	13	0	534
7863	525	3	0	2	0	530
7864	531	0	2	5	0	538
7865	17	4	520	0	0	541
7866	5	0	504	2	0	511
7867	3	3	12	515	0	533
7868	4	0	3	558	0	565
7869	2	567	2	14	0	585
7870	562	12	0	6	0	580
7871	16	4	0	564	0	584
7872	5	3	1	563	0	572
7873	6	0	555	16	0	577
7874	1	527	12	7	0	547
7875	1	561	5	4	0	571
7876	1	14	2	565	0	582
7877	555	5	4	20	0	584
7878	14	3	1	559	0	577
7879	6	0	3	576	0	585
7880	565	2	2	16	0	585
7881	575	1	2	8	0	586
7882	16	2	2	573	0	593
7883	7	1	565	15	0	588
7884	6	2	13	574	0	595
7885	2	3	3	591	0	599
7886	579	2	2	19	0	602
7887	17	1	1	582	0	601
7888	580	0	0	18	0	598
7889	18	2	584	7	0	611
7890	6	3	15	608	0	632
7891	4	3	3	626	0	636
7892	0	2	4	640	0	646
7893	4	2	0	625	0	631
7894	5	1	1	618	0	625
7895	6	1	592	22	0	621
7896	583	0	17	11	0	611
7897	18	2	5	598	0	623
7898	6	0	586	20	0	612
7899	6	0	590	8	0	604
7900	4	2	18	591	0	615
7901	590	2	6	22	0	620
7902	599	1	3	9	0	612
7903	607	0	2	5	0	614
7904	26	3	3	578	0	610
7905	9	587	2	19	0	617
7906	603	16	3	7	0	629
7907	594	3	4	11	0	612
7908	604	3	2	8	0	617
7909	602	1	1	8	0	612
7910	26	4	1	582	0	613
7911	9	1	572	20	0	602
7912	7	3	17	573	0	600
7913	7	2	573	23	0	605
7914	581	1	19	9	0	610
7915	598	2	4	8	0	612
7916	25	0	577	5	0	607
7917	575	2	15	7	0	599
7918	593	0	5	12	0	610
7919	24	3	5	576	0	608
7920	14	572	4	13	0	603
7921	580	16	1	10	0	607
7922	20	5	0	559	0	584
7923	11	536	3	15	0	565
7924	8	17	2	534	0	561
7925	7	3	539	18	0	567
7926	6	539	14	8	0	567
7927	530	18	5	9	0	562
7928	541	3	2	9	0	555
7929	525	2	3	5	0	535
7930	538	1	4	6	0	549
7931	22	5	5	513	0	545
7932	11	512	4	15	0	542
7933	506	14	3	7	0	530
7934	17	5	502	6	0	530
7935	11	467	10	3	0	491
7936	7	13	439	4	0	463
7937	4	7	4	408	0	423
7938	9	353	2	3	0	367
7939	6	3	2	426	0	437
7940	1	6	433	6	0	446
7941	3	1	5	427	0	436
7942	4	1	4	447	0	456
7943	2	1	1	454	0	458
7944	435	1	2	7	0	445
7945	8	431	2	6	0	447
7946	6	4	2	439	0	451
7947	431	1	2	10	0	444
7948	5	427	4	8	0	444
7949	432	4	4	4	0	444
7950	6	5	436	4	0	451
7951	9	2	4	422	0	437
7952	6	435	5	5	0	451
7953	436	7	3	2	0	448
7954	8	2	421	5	0	436
7955	4	388	5	4	0	401
7956	3	9	4	398	0	414
7957	5	4	2	405	0	416
7958	401	1	5	6	0	413
7959	5	1	1	400	0	407
7960	5	2	395	6	0	408
7961	4	2	4	389	0	399
7962	3	3	393	6	0	405
7963	7	6	3	383	0	399
7964	6	384	3	6	0	399
7965	397	4	1	2	0	404
7966	386	2	1	2	0	391
7967	7	359	1	4	0	371
7968	2	339	4	1	0	346
7969	1	4	0	333	0	338
7970	334	0	1	3	0	338
7971	4	0	0	336	0	340
7972	334	3	0	2	0	339
7973	5	326	1	1	0	333
7974	1	2	0	346	0	349
7975	3	1	352	5	0	361
7976	2	2	4	350	0	358
7977	4	1	0	360	0	365
7978	372	1	1	4	0	378
7979	5	370	0	4	0	379
7980	2	5	1	373	0	381
7981	376	2	0	8	0	386
7982	5	0	376	3	0	384
7983	359	1	5	1	0	366
7984	6	2	2	369	0	379
7985	2	380	0	6	0	388
7986	382	3	2	2	0	389
7987	6	3	397	1	0	407
7988	2	2	389	2	0	395
7989	2	381	5	1	0	389
7990	376	3	1	0	0	380
7991	3	1	1	376	0	381
7992	1	0	1	370	0	372
7993	378	0	1	3	0	382
7994	3	1	371	1	0	376
7995	2	0	2	378	0	382
7996	2	0	401	3	0	406
7997	1	0	2	403	0	406
7998	1	404	1	4	0	410
7999	0	2	1	426	0	429
8000	0	0	421	3	0	424
8001	402	0	3	1	0	406
8002	3	0	1	428	0	432
8003	1	3	422	4	0	430
8004	1	0	3	417	0	421
8005	0	0	2	420	0	422
8006	1	0	415	4	0	420
8007	0	0	404	2	0	406
8008	0	0	5	424	0	429
8009	0	0	429	4	0	433
8010	428	0	3	2	0	433
8011	3	0	2	441	0	446
8012	441	0	1	3	0	445
8013	3	0	422	2	0	427
8014	1	0	4	421	0	426
8015	1	0	445	3	0	449
8016	0	421	3	10	0	434
8017	1	3	451	0	0	455
8018	0	1	441	0	0	442
8019	440	0	5	2	0	447
8020	451	0	2	1	0	454
8021	5	1	463	0	0	469
8022	1	0	5	453	0	459
8023	0	0	1	464	0	465
8024	0	0	464	5	0	469
8025	1	439	3	2	0	445
8026	440	4	1	1	0	446
8027	4	1	462	0	0	467
8028	1	0	5	449	0	455
8029	0	0	1	460	0	461
8030	470	0	0	5	0	475
8031	476	0	0	3	0	479
8032	490	0	0	0	0	490
8033	487	0	0	2	0	489
8034	6	0	1	489	0	496
8035	1	1	520	6	0	528
8036	0	0	4	525	0	529
8037	2	0	0	532	0	534
8038	1	1	0	558	0	560
8039	0	0	547	9	0	556
8040	515	0	6	3	0	524
8041	7	1	3	537	0	548
8042	2	0	547	9	0	558
8043	1	562	7	2	0	572
8044	1	7	1	579	0	588
8045	1	1	1	585	0	588
8046	576	1	2	8	0	587
8047	6	585	1	2	0	594
8048	1	8	586	1	0	596
8049	2	1	9	581	0	593
8050	0	1	2	593	0	596
8051	583	0	1	13	0	597
8052	590	0	2	2	0	594
8053	10	0	1	590	0	601
8054	588	0	1	9	0	598
8055	8	576	1	8	0	593
8056	1	6	633	4	0	644
8057	1	2	8	628	0	639
8058	1	0	3	654	0	658
8059	0	2	1	656	0	659
8060	1	0	2	639	0	642
8061	0	626	2	10	0	638
8062	627	7	2	1	0	637
8063	9	1	1	636	0	647
8064	2	680	2	9	0	693
8065	694	7	1	7	0	709
8066	705	2	1	3	0	711
8067	10	721	2	2	0	735
8068	1	9	2	742	0	754
8069	3	1	1	751	0	756
8070	2	1	2	738	0	743
8071	4	0	0	751	0	755
8072	779	0	1	12	0	792
8073	785	0	0	4	0	789
8074	11	760	2	2	0	775
8075	4	10	776	2	0	792
8076	2	2	11	787	0	802
8077	793	1	3	12	0	809
8078	13	752	2	5	0	772
8079	3	772	2	2	0	779
8080	789	12	1	1	0	803
8081	808	2	1	4	0	815
8082	14	2	1	794	0	811
8083	4	0	821	14	0	839
8084	3	0	813	4	0	820
8085	864	0	15	3	0	882
8086	888	2	5	4	0	899
8087	875	0	4	1	0	880
8088	867	2	2	3	0	874
8089	869	0	0	5	0	874
8090	14	869	1	2	0	886
8091	7	11	2	860	0	880
8092	1	933	0	10	0	944
8093	949	11	1	4	0	965
8094	944	3	0	6	0	953
8095	946	1	5	2	0	954
8096	935	0	0	1	0	936
8097	16	913	0	1	0	930
8098	911	9	0	4	0	924
8099	14	920	0	1	0	935
8100	2	13	0	930	0	945
8101	928	2	1	12	0	943
8102	11	1	944	4	0	960
8103	2	0	11	945	0	958
8104	2	0	2	980	0	984
8105	1	0	970	14	0	985
8106	0	953	11	7	0	971
8107	956	10	2	3	0	971
8108	958	2	1	2	0	963
8109	12	948	1	1	0	962
8110	4	10	0	958	0	972
8111	3	2	963	10	0	978
8112	1	1016	12	2	0	1031
8113	1036	12	2	2	0	1052
8114	10	2	1032	1	0	1045
8115	971	1	10	2	0	984
8116	1026	0	2	2	0	1030
8117	14	1	1035	0	0	1050
8118	4	1022	8	0	0	1034
8119	2	9	2	1010	0	1023
8120	1	3	1041	9	0	1054
8121	990	1	10	5	0	1006
8122	1039	1	3	1	0	1044
8123	13	1029	3	0	0	1045
8124	7	11	0	1042	0	1060
8125	4	2	0	1060	0	1066
8126	2	3	1058	12	0	1075
8127	1	1050	11	4	0	1066
8128	1101	10	2	8	0	1121
8129	1111	2	2	0	0	1115
8130	1118	3	0	1	0	1122
8131	15	1	1091	0	0	1107
8132	1081	2	9	1	0	1093
8133	1118	1	2	1	0	1122
8134	13	0	1	1122	0	1136
8135	3	1	1076	10	0	1090
8136	3	0	9	1078	0	1090
8137	3	1	1073	10	0	1087
8138	4	1	8	1046	0	1059
8139	2	1034	2	10	0	1048
8140	0	1106	4	2	0	1112
8141	4	16	2	1115	0	1137
8142	1	5	0	1094	0	1100
8143	1100	1	0	13	0	1114
8144	10	2	1083	3	0	1098
8145	1043	1	9	3	0	1056
8146	12	1085	2	1	0	1100
8147	1088	8	1	3	0	1100
8148	1105	2	1	2	0	1110
8149	12	2	1	1097	0	1112
8150	6	1	1113	8	0	1128
8151	4	3	9	1121	0	1137
8152	0	1191	2	10	0	1203
8153	4	13	1	1208	0	1226
8154	3	2	1	1223	0	1229
8155	1202	3	0	17	0	1222
8156	14	0	0	1164	0	1178
8157	2	1134	3	16	0	1155
8158	3	15	0	1162	0	1180
8159	1193	2	0	17	0	1212
8160	16	1199	3	3	0	1221
8161	5	14	0	1234	0	1253
8162	1	4	0	1243	0	1248
8163	2	2	2	1325	0	1331
8164	2	2	0	1314	0	1318
8165	1308	0	0	26	0	1334
8166	25	0	1	1307	0	1333
8167	4	0	0	1329	0	1333
8168	3	5	0	1348	0	1356
8169	1	1343	2	30	0	1376
8170	1351	30	0	9	0	1390
8171	30	5	1342	6	0	1383
8172	5	1307	24	7	0	1343
8173	1293	24	1	3	0	1321
8174	26	3	1306	2	0	1337
8175	6	1296	22	0	0	1324
8176	8	26	2	1276	0	1312
8177	1	1292	6	18	0	1317
8178	2	26	1287	1	0	1316
8179	2	9	1260	3	0	1274
8180	0	1302	24	2	0	1328
8181	1289	23	3	3	0	1318
8182	1298	4	3	1	0	1306
8183	23	5	1228	1	0	1257
8184	5	2	1139	3	0	1149
8185	3	3	1185	2	0	1193
8186	4	3	24	1172	0	1203
8187	3	0	6	1179	0	1188
8188	7	1	5	1208	0	1221
8189	3	1	1202	28	0	1234
8190	2	0	24	1171	0	1197
8191	1	3	3	1206	0	1213
8192	0	2	1147	34	0	1183
8193	1136	1	26	10	0	1173
8194	28	2	7	1192	0	1229
8195	3	2	4	1214	0	1223
8196	4	1196	3	30	0	1233
8197	1207	28	4	9	0	1248
8198	34	4	1188	5	0	1231
8199	1184	3	30	5	0	1222
8200	31	4	1	1195	0	1231
8201	3	4	1202	33	0	1242
8202	5	4	31	1180	0	1220
8203	1184	5	5	35	0	1229
8204	35	1	1170	6	0	1212
8205	1152	3	31	9	0	1195
8206	1186	3	5	7	0	1201
8207	1222	1	6	5	0	1234
8208	36	1182	8	4	0	1230
8209	10	31	4	1215	0	1260
8210	1245	5	4	34	0	1288
8211	1268	4	0	9	0	1281
8212	1311	2	4	7	0	1324
8213	41	4	1220	6	0	1271
8214	1293	5	32	4	0	1334
8215	44	0	8	1363	0	1415
8216	15	3	1348	45	0	1411
8217	7	2	41	1394	0	1444
8218	4	1	9	1423	0	1437
8219	6	4	1398	50	0	1458
8220	7	0	49	1410	0	1466
8221	3	4	12	1492	0	1511
8222	8	2	1597	55	0	1662
8223	1659	0	50	23	0	1732
8224	1784	3	20	17	0	1824
8225	70	1	12	1783	0	1866
8226	31	3	1741	64	0	1839
8227	26	3	60	1690	0	1779
8228	27	1664	24	63	0	1778
8229	24	53	11	1706	0	1794
8230	13	20	16	1768	0	1817
8231	1695	10	13	93	0	1811
8232	1713	9	12	48	0	1782
8233	1768	11	6	38	0	1823
8234	84	6	10	1705	0	1805
8235	48	0	6	1755	0	1809
8236	35	9	1664	90	0	1798
8237	40	1	53	1653	0	1747
8238	21	1664	25	85	0	1795
8239	1669	52	12	43	0	1776
8240	69	1625	12	33	0	1739
8241	1661	57	15	23	0	1756
8242	68	33	13	1604	0	1718
8243	34	1627	9	75	0	1745
8244	1642	68	10	30	0	1750
8245	1686	30	6	24	0	1746
8246	89	25	3	1630	0	1747
8247	46	1620	11	65	0	1742
8248	34	62	7	1625	0	1728
8249	36	25	1590	68	0	1719
8250	1572	12	52	48	0	1684
8251	63	1591	25	34	0	1713
8252	1525	59	12	27	0	1623
8253	75	23	12	1513	0	1623
8254	1552	14	13	68	0	1647
8255	80	18	1529	27	0	1654
8256	1575	12	49	24	0	1660
8257	1607	9	29	22	0	1667
8258	99	7	1547	23	0	1676
8259	58	8	64	1515	0	1645
8260	55	4	30	1555	0	1644
8261	1501	10	22	79	0	1612
8262	81	1474	19	48	0	1622
8263	32	61	23	1408	0	1524
8264	33	23	1349	79	0	1484
8265	30	17	1306	51	0	1404
8266	28	1318	65	34	0	1445
8267	21	48	1312	42	0	1423
8268	1254	26	64	35	0	1379
8269	61	14	45	1226	0	1346
8270	1248	20	24	61	0	1353
8271	62	16	1229	38	0	1345
8272	45	15	57	1233	0	1350
8273	36	15	31	1270	0	1352
8274	32	11	1206	81	0	1330
8275	27	11	58	1236	0	1332
8276	1206	17	33	69	0	1325
8277	1255	10	15	57	0	1337
8278	72	8	22	1238	0	1340
8279	1229	8	19	73	0	1329
8280	1252	11	10	52	0	1325
8281	92	1181	12	39	0	1324
8282	64	41	16	1210	0	1331
8283	1228	23	5	74	0	1330
8284	78	17	14	1221	0	1330
8285	1225	16	13	68	0	1322
8286	70	15	9	1222	0	1316
8287	53	14	1177	74	0	1318
8288	40	1174	45	51	0	1310
8289	46	47	24	1043	0	1160
8290	34	1176	15	67	0	1292
8291	1170	49	23	39	0	1281
8292	55	1144	20	35	0	1254
8293	42	1132	9	28	0	1211
8294	42	61	13	1111	0	1227
8295	1107	40	14	59	0	1220
8296	51	35	11	1115	0	1212
8297	1118	24	15	62	0	1219
8298	1108	30	11	54	0	1203
8299	81	1094	6	38	0	1219
8300	1133	47	16	34	0	1230
8301	1152	31	12	25	0	1220
8302	1150	18	14	30	0	1212
8303	97	20	1067	13	0	1197
8304	57	21	47	1079	0	1204
8305	61	9	25	1106	0	1201
8306	61	10	1020	65	0	1156
8307	1075	17	54	43	0	1189
8308	1108	7	36	48	0	1199
8309	1104	7	23	43	0	1177
8310	1047	7	22	39	0	1115
8311	79	977	25	35	0	1116
8312	964	26	9	28	0	1027
8313	81	23	11	911	0	1026
8314	65	18	793	38	0	914
8315	835	13	15	37	0	900
8316	68	814	18	20	0	920
8317	777	24	8	29	0	838
8318	55	744	7	21	0	827
8319	38	712	11	25	0	786
8320	35	708	10	15	0	768
8321	30	691	9	26	0	756
8322	28	22	519	12	0	581
8323	13	19	14	408	0	454
8324	6	5	373	17	0	401
8325	326	3	11	7	0	347
8326	8	319	7	5	0	339
8327	6	338	2	5	0	351
8328	7	11	2	326	0	346
8329	8	9	1	326	0	344
8330	4	12	318	10	0	344
8331	5	5	324	8	0	342
8332	3	4	12	332	0	351
8333	6	3	322	11	0	342
8334	6	324	7	7	0	344
8335	7	9	5	319	0	340
8336	9	4	0	344	0	357
8337	9	2	334	13	0	358
8338	9	6	9	327	0	351
8339	335	2	6	12	0	355
8340	17	2	2	332	0	353
8341	9	1	5	321	0	336
8342	3	3	317	17	0	340
8343	303	1	10	12	0	326
8344	17	314	5	6	0	342
8345	13	9	2	310	0	334
8346	11	4	308	11	0	334
8347	13	2	9	309	0	333
8348	318	4	6	8	0	336
8349	13	8	310	6	0	337
8350	9	5	7	311	0	332
8351	7	0	322	10	0	339
8352	9	317	8	8	0	342
8353	6	9	315	2	0	332
8354	6	304	5	6	0	321
8355	4	9	271	4	0	288
8356	2	9	7	251	0	269
8357	1	275	2	2	0	280
8358	271	4	1	3	0	279
8359	4	5	0	269	0	278
8360	275	0	0	4	0	279
8361	3	3	1	282	0	289
8362	5	3	0	287	0	295
8363	287	1	0	10	0	298
8364	286	1	0	5	0	292
8365	7	0	1	287	0	295
8366	6	1	283	5	0	295
8367	5	274	3	3	0	285
8368	0	4	286	1	0	291
8369	3	286	4	2	0	295
8370	287	4	3	3	0	297
8371	6	3	285	0	0	294
8372	3	2	287	0	0	292
8373	2	1	7	291	0	301
8374	294	1	4	5	0	304
8375	4	0	310	3	0	317
8376	3	348	4	2	0	357
8377	361	3	3	2	0	369
8378	376	2	1	5	0	384
8379	374	1	0	0	0	375
8380	377	3	1	1	0	382
8381	370	2	0	1	0	373
8382	8	0	371	1	0	380
8383	7	1	2	372	0	382
8384	3	367	2	6	0	378
8385	382	5	2	5	0	394
8386	6	378	0	4	0	388
8387	365	4	1	0	0	370
8388	368	1	0	1	0	370
8389	4	363	1	1	0	369
8390	369	4	0	0	0	373
8391	4	2	1	368	0	375
8392	3	3	0	371	0	377
8393	3	0	352	4	0	359
8394	0	354	4	2	0	360
8395	1	3	2	360	0	366
8396	1	1	1	366	0	369
8397	0	1	0	362	0	363
8398	0	0	356	5	0	361
8399	330	1	3	2	0	336
8400	4	0	1	352	0	357
8401	351	0	1	5	0	357
8402	5	0	0	350	0	355
8403	2	0	347	4	0	353
8404	3	0	350	1	0	354
8405	342	1	5	2	0	350
8406	369	0	3	3	0	375
8407	4	368	1	1	0	374
8408	3	3	363	0	0	369
8409	2	3	3	364	0	372
8410	4	3	4	283	0	294
8411	379	0	0	7	0	386
8412	376	2	0	3	0	381
8413	380	0	0	1	0	381
8414	6	0	370	1	0	377
8415	371	0	3	2	0	376
8416	5	0	3	370	0	378
8417	4	1	1	368	0	374
8418	2	0	0	373	0	375
8419	0	364	0	6	0	370
8420	361	3	0	5	0	369
8421	3	2	1	360	0	366
8422	3	1	348	4	0	356
8423	1	0	3	351	0	355
8424	1	354	2	3	0	360
8425	363	3	1	2	0	369
8426	3	2	1	365	0	371
8427	4	1	2	357	0	364
8428	2	0	357	4	0	363
8429	2	1	3	358	0	364
8430	1	362	2	3	0	368
8431	0	3	2	367	0	372
8432	0	4	362	6	0	372
8433	337	1	4	3	0	345
8434	365	0	2	1	0	368
8435	7	354	1	1	0	363
8436	355	0	0	0	0	355
8437	358	1	1	0	0	360
8438	5	357	0	0	0	362
8439	2	3	0	368	0	373
8440	370	1	0	5	0	376
8441	4	383	1	2	0	390
8442	1	6	391	1	0	399
8443	382	1	3	0	0	386
8444	405	0	1	1	0	407
8445	405	0	2	0	0	407
8446	404	0	0	0	0	404
8447	5	423	0	0	0	428
8448	427	4	0	1	0	432
8449	432	1	0	2	0	435
8450	451	1	0	0	0	452
8451	7	0	1	441	0	449
8452	433	1	0	6	0	440
8453	5	448	0	2	0	455
8454	2	6	467	2	0	477
8455	2	2	6	482	0	492
8456	485	1	2	6	0	494
8457	6	1	493	2	0	502
8458	4	0	7	485	0	496
8459	1	1	488	7	0	497
8460	1	484	6	2	0	493
8461	1	6	3	477	0	487
8462	0	2	485	7	0	494
8463	0	476	7	2	0	485
8464	1	7	2	482	0	492
8465	499	2	0	9	0	510
8466	511	0	1	2	0	514
8467	516	1	0	1	0	518
8468	514	0	0	1	0	515
8469	519	0	0	0	0	519
8470	10	0	510	0	0	520
8471	508	0	7	1	0	516
8472	522	0	2	0	0	524
8473	11	0	0	518	0	529
8474	516	0	1	7	0	524
8475	491	1	0	2	0	494
8476	10	451	0	0	0	461
8477	3	7	0	458	0	468
8478	4	2	0	452	0	458
8479	449	0	0	11	0	460
8480	9	441	0	3	0	453
8481	2	465	1	1	0	469
8482	0	9	2	465	0	476
8483	1	2	0	474	0	477
8484	3	1	0	470	0	474
8485	0	1	2	473	0	476
8486	464	1	0	14	0	479
8487	467	0	2	5	0	474
8488	12	0	463	2	0	477
8489	3	0	9	460	0	472
8490	2	0	5	473	0	480
8491	2	1	468	12	0	483
8492	456	0	10	6	0	472
8493	11	463	4	1	0	479
8494	468	9	0	2	0	479
8495	11	3	1	465	0	480
8496	6	1	466	9	0	482
8497	5	1	9	475	0	490
8498	1	1	488	9	0	499
8499	2	489	10	4	0	505
8500	488	9	6	1	0	504
8501	492	3	0	4	0	499
8502	14	484	2	1	0	501
8503	8	10	1	482	0	501
8504	476	6	0	8	0	490
8505	11	469	1	5	0	486
8506	6	10	1	467	0	484
8507	463	3	1	11	0	478
8508	11	2	439	3	0	455
8509	436	1	8	1	0	446
8510	9	453	3	3	0	468
8511	449	10	0	3	0	462
8512	451	2	1	3	0	457
8513	14	0	446	2	0	462
8514	9	1	9	437	0	456
8515	5	1	2	452	0	460
8516	3	1	446	11	0	461
8517	3	0	10	441	0	454
8518	0	0	2	421	0	423
8519	451	0	1	13	0	465
8520	457	0	1	3	0	461
8521	11	2	1	450	0	464
8522	5	0	445	11	0	461
8523	2	1	9	455	0	467
8524	2	1	3	458	0	464
8525	1	0	454	15	0	470
8526	1	1	12	463	0	477
8527	461	2	3	11	0	477
8528	468	1	0	4	0	473
8529	13	455	1	2	0	471
8530	468	11	2	2	0	483
8531	466	2	0	4	0	472
8532	16	453	0	2	0	471
8533	463	11	1	1	0	476
8534	468	3	0	2	0	473
8535	490	0	0	3	0	493
8536	12	1	472	1	0	486
8537	473	1	5	3	0	482
8538	10	2	2	475	0	489
8539	477	1	1	5	0	484
8540	9	0	467	3	0	479
8541	4	457	8	0	0	469
8542	446	6	3	4	0	459
8543	8	469	0	4	0	481
8544	5	7	3	459	0	474
8545	1	3	1	471	0	476
8546	466	2	1	13	0	482
8547	459	2	0	3	0	464
8548	13	0	440	1	0	454
8549	5	0	413	3	0	421
8550	1	1	418	1	0	421
8551	5	2	8	400	0	415
8552	2	1	404	6	0	413
8553	3	3	378	2	0	386
8554	6	4	6	349	0	365
8555	353	1	3	6	0	363
8556	360	0	0	3	0	363
8557	357	1	1	3	0	362
8558	362	0	1	1	0	364
8559	6	0	0	361	0	367
8560	5	0	0	362	0	367
8561	2	1	369	7	0	379
8562	2	0	5	364	0	371
8563	3	0	5	346	0	354
8564	389	0	1	8	0	398
8565	374	0	1	4	0	379
8566	8	0	2	375	0	385
8567	381	0	2	7	0	390
8568	382	1	1	4	0	388
8569	9	0	0	375	0	384
8570	6	0	0	372	0	378
8571	3	0	354	8	0	365
8572	2	3	351	3	0	359
8573	4	0	5	359	0	368
8574	3	0	1	374	0	378
8575	0	1	368	11	0	380
8576	345	1	7	5	0	358
8577	362	0	4	1	0	367
8578	11	1	348	1	0	361
8579	3	350	8	3	0	364
8580	348	4	1	3	0	356
8581	8	1	388	1	0	398
8582	6	1	4	382	0	393
8583	1	0	3	392	0	396
8584	419	1	3	6	0	429
8585	447	1	1	5	0	454
8586	8	1	1	460	0	470
8587	2	0	2	488	0	492
8588	488	0	0	9	0	497
8589	491	1	1	4	0	497
8590	502	0	0	2	0	504
8591	11	0	487	1	0	499
8592	2	1	9	492	0	504
8593	2	1	2	509	0	514
8594	504	0	0	11	0	515
8595	10	500	1	2	0	513
8596	564	7	2	1	0	574
8597	12	553	1	6	0	572
8598	4	14	0	587	0	605
8599	6	0	0	593	0	599
8600	2	1	572	18	0	593
8601	1	2	13	584	0	600
8602	4	1	581	19	0	605
8603	3	2	17	589	0	611
8604	1	0	2	607	0	610
8605	0	560	3	18	0	581
8606	2	607	4	5	0	618
8607	4	9	1	595	0	609
8608	5	3	3	622	0	633
8609	0	4	2	635	0	641
8610	2	1	1	642	0	646
8611	4	2	0	656	0	662
8612	1	1	634	22	0	658
8613	1	1	12	642	0	656
8614	1	1	4	659	0	665
8615	5	1	626	21	0	653
8616	2	614	14	8	0	638
8617	1	13	4	633	0	651
8618	1	2	624	19	0	646
8619	2	620	10	8	0	640
8620	3	15	5	633	0	656
8621	638	3	6	18	0	665
8622	17	5	1	635	0	658
8623	6	1	1	645	0	653
8624	6	2	2	650	0	660
8625	5	2	0	643	0	650
8626	1	614	1	20	0	636
8627	4	13	0	632	0	649
8628	631	2	1	25	0	659
8629	15	2	1	636	0	654
8630	3	1	1	641	0	646
8631	5	1	2	651	0	659
8632	615	2	0	26	0	643
8633	629	0	1	9	0	639
8634	24	1	0	622	0	647
8635	591	2	1	20	0	614
8636	613	0	2	9	0	624
8637	20	595	1	9	0	625
8638	598	15	2	5	0	620
8639	20	603	0	6	0	629
8640	5	609	3	6	0	623
8641	7	13	4	616	0	640
8642	3	8	631	18	0	660
8643	3	9	12	616	0	640
8644	4	3	4	628	0	639
8645	1	611	6	17	0	635
8646	622	14	1	13	0	650
8647	14	3	3	624	0	644
8648	2	6	671	18	0	697
8649	5	0	9	682	0	696
8650	3	714	4	18	0	739
8651	728	14	4	6	0	752
8652	17	3	0	738	0	758
8653	3	4	752	21	0	780
8654	7	1	14	770	0	792
8655	2	757	2	16	0	777
8656	2	16	5	772	0	795
8657	797	4	2	23	0	826
8658	816	5	3	8	0	832
8659	825	0	3	12	0	840
8660	23	820	2	7	0	852
8661	825	17	2	6	0	850
8662	22	5	1	842	0	870
8663	829	6	1	19	0	855
8664	25	835	2	8	0	870
8665	5	18	0	870	0	893
8666	8	7	860	18	0	893
8667	819	5	13	15	0	852
8668	15	876	5	12	0	908
8669	6	19	4	897	0	926
8670	8	5	2	935	0	950
8671	2	6	5	927	0	940
8672	4	2	1	921	0	928
8673	3	909	0	31	0	943
8674	912	16	1	16	0	945
8675	923	6	1	12	0	942
8676	22	6	914	9	0	951
8677	13	1	18	931	0	963
8678	11	5	928	19	0	963
8679	919	5	18	10	0	952
8680	943	1	5	12	0	961
8681	914	0	8	5	0	927
8682	27	4	2	883	0	916
8683	12	882	2	23	0	919
8684	892	18	2	8	0	920
8685	23	7	0	871	0	901
8686	866	5	1	22	0	894
8687	26	1	826	11	0	864
8688	8	7	805	10	0	830
8689	848	2	12	6	0	868
8690	16	2	9	846	0	873
8691	842	2	7	16	0	867
8692	25	843	3	7	0	878
8693	856	14	5	10	0	885
8694	877	3	2	5	0	887
8695	22	7	862	5	0	896
8696	12	1	755	3	0	771
8697	8	789	11	1	0	809
8698	4	7	6	794	0	811
8699	802	5	6	9	0	822
8700	6	3	3	809	0	821
8701	6	0	2	830	0	838
8702	5	1	808	11	0	825
8703	800	0	7	10	0	817
8704	12	4	3	818	0	837
8705	7	1	799	9	0	816
8706	7	0	785	8	0	800
8707	1	2	14	805	0	822
8708	5	1	800	8	0	814
8709	1	1	796	8	0	806
8710	2	1	15	767	0	785
8711	3	0	810	7	0	820
8712	2	3	10	797	0	812
8713	1	785	4	12	0	802
8714	847	8	3	7	0	865
8715	9	872	1	7	0	889
8716	4	11	1	880	0	896
8717	4	889	1	6	0	900
8718	5	13	954	5	0	977
8719	6	5	10	1099	0	1120
8720	11	4	1203	18	0	1236
8721	1221	2	22	14	0	1259
8722	19	1281	13	6	0	1319
8723	1285	21	7	3	0	1316
8724	29	11	5	1268	0	1313
8725	1289	6	2	23	0	1320
8726	29	7	1273	11	0	1320
8727	15	1275	21	9	0	1320
8728	1286	24	7	5	0	1322
8729	29	10	6	1256	0	1301
8730	16	1283	5	19	0	1323
8731	8	29	4	1308	0	1349
8732	1330	13	3	30	0	1376
8733	26	1385	4	13	0	1428
8734	1394	30	0	14	0	1438
8735	31	13	1360	6	0	1410
8736	1385	8	29	4	0	1426
8737	39	10	11	1384	0	1444
8738	1392	2	5	33	0	1432
8739	33	1358	7	13	0	1411
8740	21	28	3	1375	0	1427
8741	9	12	4	1402	0	1427
8742	8	7	1337	41	0	1393
8743	9	5	28	1331	0	1373
8744	5	2	9	1376	0	1392
8745	3	5	7	1380	0	1395
8746	4	1	7	1385	0	1397
8747	6	2	1333	51	0	1392
8748	5	1277	30	26	0	1338
8749	4	28	14	1289	0	1335
8750	1240	10	11	36	0	1297
8751	1254	5	9	17	0	1285
8752	42	1236	5	14	0	1297
8753	1222	31	2	11	0	1266
8754	1246	11	1	8	0	1266
8755	1236	4	4	7	0	1251
8756	44	1192	3	7	0	1246
8757	1169	32	1	3	0	1205
8758	40	13	1	1137	0	1191
8759	17	6	1117	31	0	1171
8760	8	1120	23	16	0	1167
8761	16	27	9	1116	0	1168
8762	5	8	1098	31	0	1142
8763	1088	4	34	12	0	1138
8764	28	7	8	1090	0	1133
8765	12	2	3	1101	0	1118
8766	6	2	3	1091	0	1102
8767	10	2	3	1091	0	1106
8768	6	3	1032	46	0	1087
8769	994	3	26	21	0	1044
8770	29	1010	6	14	0	1059
8771	1008	24	4	8	0	1044
8772	30	1012	6	4	0	1052
8773	1024	26	1	6	0	1057
8774	31	10	1	1012	0	1054
8775	17	5	1005	28	0	1055
8776	3	12	999	11	0	1025
8777	10	5	27	994	0	1036
8778	6	1	9	1028	0	1044
8779	4	2	10	1033	0	1049
8780	997	2	6	41	0	1046
8781	27	1	994	18	0	1040
8782	11	980	25	13	0	1029
8783	8	1028	8	13	0	1057
8784	1003	30	5	5	0	1043
8785	29	13	986	2	0	1030
8786	14	981	27	6	0	1028
8787	5	32	974	5	0	1016
8788	9	9	29	980	0	1027
8789	4	4	980	32	0	1020
8790	5	8	996	11	0	1020
8791	3	1	43	994	0	1041
8792	3	4	982	34	0	1023
8793	3	3	991	15	0	1012
8794	3	1	32	975	0	1011
8795	952	1	13	37	0	1003
8796	25	2	967	13	0	1007
8797	11	3	32	963	0	1009
8798	6	4	11	984	0	1005
8799	954	2	5	34	0	995
8800	32	2	4	947	0	985
8801	937	3	4	33	0	977
8802	26	935	4	16	0	981
8803	20	24	2	956	0	1002
8804	954	7	2	36	0	999
8805	984	3	6	10	0	1003
8806	35	8	4	956	0	1003
8807	14	5	963	34	0	1016
8808	945	2	25	16	0	988
8809	33	960	13	7	0	1013
8810	950	25	8	11	0	994
8811	957	7	7	5	0	976
8812	969	4	5	6	0	984
8813	38	6	921	6	0	971
8814	17	898	22	8	0	945
8815	12	25	6	871	0	914
8816	10	10	6	899	0	925
8817	7	5	857	30	0	899
8818	4	784	19	12	0	819
8819	4	641	3	8	0	656
8820	2	541	0	5	0	548
8821	498	10	14	2	0	524
8822	10	4	1	491	0	506
8823	2	1	2	505	0	510
8824	2	3	525	11	0	541
8825	505	1	7	4	0	517
8826	9	3	1	521	0	534
8827	7	4	1	517	0	529
8828	3	1	509	11	0	524
8829	3	499	9	12	0	523
8830	3	8	4	514	0	529
8831	3	1	510	10	0	524
8832	1	461	5	2	0	469
8833	417	3	4	1	0	425
8834	3	1	436	0	0	440
8835	2	0	1	434	0	437
8836	1	429	1	1	0	432
8837	438	1	0	3	0	442
8838	2	2	0	437	0	441
8839	448	0	1	1	0	450
8840	444	0	0	1	0	445
8841	2	443	0	0	0	445
8842	447	1	0	0	0	448
8843	473	1	0	3	0	477
8844	2	0	490	0	0	492
8845	483	0	1	3	0	487
8846	1	0	492	0	0	493
8847	487	0	3	0	0	490
8848	495	0	1	1	0	497
8849	2	0	517	0	0	519
8850	2	0	1	515	0	518
8851	0	0	527	1	0	528
8852	0	0	482	1	0	483
8853	0	0	537	0	0	537
8854	1	1	2	549	0	553
8855	2	0	1	605	0	608
8856	0	0	0	612	0	612
8857	1	0	0	620	0	621
8858	0	0	639	6	0	645
8859	5	0	3	633	0	641
8860	0	592	2	6	0	600
8861	1	4	650	3	0	658
8862	0	1	5	650	0	656
8863	0	1	676	6	0	683
8864	0	662	4	3	0	669
8865	0	683	5	0	0	688
8866	0	10	0	686	0	696
8867	1	1	688	7	0	697
8868	1	0	694	3	0	698
8869	0	1	9	705	0	715
8870	2	1	1	707	0	711
8871	2	0	1	728	0	731
8872	0	1	717	10	0	728
8873	1	706	6	3	0	716
8874	2	752	3	0	0	757
8875	2	10	0	753	0	765
8876	2	1	743	5	0	751
8877	2	0	731	3	0	736
8878	0	767	11	0	0	778
8879	776	7	1	3	0	787
8880	9	796	1	1	0	807
8881	6	7	821	0	0	834
8882	820	2	11	0	0	833
8883	11	1	2	845	0	859
8884	859	0	0	14	0	873
8885	13	0	1	868	0	882
8886	2	0	2	885	0	889
8887	864	0	1	18	0	883
8888	12	871	1	4	0	888
8889	4	13	857	1	0	875
8890	1	873	10	1	0	885
8891	865	12	3	3	0	883
8892	11	860	1	1	0	873
8893	864	12	0	4	0	880
8894	866	3	0	3	0	872
8895	13	863	2	1	0	879
8896	3	11	0	861	0	875
8897	860	3	1	12	0	876
8898	868	0	1	3	0	872
8899	15	1	1	850	0	867
8900	2	1	827	13	0	843
8901	1	0	836	2	0	839
8902	0	3	12	843	0	858
8903	1	1	824	14	0	840
8904	788	3	15	4	0	810
8905	12	802	3	0	0	817
8906	4	12	2	815	0	833
8907	3	2	1	823	0	829
8908	1	2	0	816	0	819
8909	4	0	2	814	0	820
8910	2	3	2	820	0	827
8911	0	2	800	14	0	816
8912	1	800	14	4	0	819
8913	818	13	4	1	0	836
8914	16	3	1	808	0	828
8915	4	2	1	825	0	832
8916	4	1	0	818	0	823
8917	2	816	0	16	0	834
8918	1	14	1	820	0	836
8919	3	2	1	831	0	837
8920	801	2	0	18	0	821
8921	15	782	1	2	0	800
8922	1	794	0	2	0	797
8923	4	13	1	792	0	810
8924	765	3	1	14	0	783
8925	14	3	762	4	0	783
8926	736	0	12	1	0	749
8927	15	3	776	0	0	794
8928	3	1	13	767	0	784
8929	2	0	2	797	0	801
8930	2	0	0	783	0	785
8931	1	1	1	787	0	790
8932	0	0	1	774	0	775
8933	764	0	1	17	0	782
8934	14	0	750	3	0	767
8935	2	2	14	759	0	777
8936	3	1	796	14	0	814
8937	0	789	16	5	0	810
8938	797	13	2	4	0	816
8939	13	2	820	4	0	839
8940	3	0	14	829	0	846
8941	1	0	4	862	0	867
8942	0	0	856	20	0	876
8943	3	1	833	3	0	840
8944	1	2	17	777	0	797
8945	824	0	1	18	0	843
8946	829	1	2	4	0	836
8947	18	808	2	1	0	829
8948	835	15	2	5	0	857
8949	20	3	0	801	0	824
8950	4	843	1	18	0	866
8951	1	16	0	838	0	855
8952	3	4	861	17	0	885
8953	3	2	14	805	0	824
8954	3	1	5	839	0	848
8955	786	3	1	17	0	807
8956	20	779	2	3	0	804
8957	772	15	2	4	0	793
8958	17	757	0	6	0	780
8959	737	11	6	3	0	757
8960	12	724	0	3	0	739
8961	4	739	2	5	0	750
8962	742	13	1	3	0	759
8963	20	2	1	698	0	721
8964	3	713	2	14	0	732
8965	730	11	3	2	0	746
8966	742	3	6	3	0	754
8967	743	1	0	9	0	753
8968	730	2	3	3	0	738
8969	15	743	3	4	0	765
8970	5	10	1	752	0	768
8971	5	1	2	765	0	773
8972	770	1	3	12	0	786
8973	12	1	2	752	0	767
8974	738	2	2	17	0	759
8975	15	0	723	6	0	744
8976	711	3	10	5	0	729
8977	15	3	716	3	0	737
8978	6	3	10	714	0	733
8979	711	4	2	12	0	729
8980	12	691	1	7	0	711
8981	650	8	5	5	0	668
8982	9	626	2	6	0	643
8983	2	8	1	689	0	700
8984	6	4	665	7	0	682
8985	613	4	10	3	0	630
8986	9	653	0	1	0	663
8987	1	10	1	655	0	667
8988	3	2	1	649	0	655
8989	6	4	1	642	0	653
8990	2	6	637	7	0	652
8991	2	631	6	4	0	643
8992	641	6	0	10	0	657
8993	639	2	1	6	0	648
8994	9	628	2	4	0	643
8995	647	9	1	1	0	658
8996	13	2	0	643	0	658
8997	8	632	0	6	0	646
8998	637	10	1	4	0	652
8999	10	4	616	3	0	633
9000	3	631	5	6	0	645
9001	6	8	1	633	0	648
9002	3	2	1	648	0	654
9003	5	1	631	6	0	643
9004	1	1	9	637	0	648
9005	5	1	636	9	0	651
9006	5	1	9	633	0	648
9007	2	3	2	650	0	657
9008	3	2	1	655	0	661
9009	0	4	1	685	0	690
9010	3	0	673	14	0	690
9011	2	8	765	6	0	781
9012	2	888	16	7	0	913
9013	2	24	5	964	0	995
9014	3	5	988	25	0	1021
9015	2	981	23	6	0	1012
9016	1	24	6	1025	0	1056
9017	0	8	1067	27	0	1102
9018	1039	4	26	11	0	1080
9019	1130	2	7	4	0	1143
9020	35	2	4	1119	0	1160
9021	6	7	1114	27	0	1154
9022	6	1	25	1118	0	1150
9023	1114	1	8	30	0	1153
9024	26	1112	3	9	0	1150
9025	1153	28	4	5	0	1190
9026	1177	6	2	9	0	1194
9027	39	2	2	1134	0	1177
9028	8	5	5	1157	0	1175
9029	8	4	1	1153	0	1166
9030	9	2	2	1154	0	1167
9031	8	4	3	1148	0	1163
9032	1123	2	2	41	0	1168
9033	1152	2	0	16	0	1170
9034	1147	0	1	12	0	1160
9035	33	1	1049	26	0	1109
9036	1067	3	21	12	0	1103
9037	35	1	4	1074	0	1114
9038	14	2	1058	31	0	1105
9039	12	1039	26	9	0	1086
9040	16	29	7	1025	0	1077
9041	8	6	4	1050	0	1068
9042	6	1026	11	33	0	1076
9043	6	29	4	1045	0	1084
9044	4	8	1032	37	0	1081
9045	2	5	1051	17	0	1075
9046	8	9	36	1055	0	1108
9047	1051	1	9	38	0	1099
9048	1055	3	8	16	0	1082
9049	37	4	1031	9	0	1081
9050	14	950	27	10	0	1001
9051	9	1012	13	9	0	1043
9052	969	35	11	10	0	1025
9053	33	11	973	5	0	1022
9054	16	4	26	963	0	1009
9055	959	3	9	33	0	1004
9056	34	926	5	12	0	977
9057	10	973	4	9	0	996
9058	945	32	3	10	0	990
9059	32	9	4	949	0	994
9060	1019	4	3	33	0	1059
9061	39	3	2	1100	0	1144
9062	22	2	2	1134	0	1160
9063	10	6	1101	44	0	1161
9064	14	6	32	1105	0	1157
9065	7	4	16	1134	0	1161
9066	1109	3	6	53	0	1171
9067	37	2	8	1129	0	1176
9068	16	2	1090	52	0	1160
9069	1072	4	35	29	0	1140
9070	36	6	17	1086	0	1145
9071	1083	4	6	50	0	1143
9072	40	1007	8	22	0	1077
9073	23	1074	6	15	0	1118
9074	1066	36	3	17	0	1122
9075	1087	15	9	9	0	1120
9076	57	10	6	1052	0	1125
9077	22	7	1036	39	0	1104
9078	14	7	32	1066	0	1119
9079	1053	11	15	36	0	1115
9080	39	1044	6	23	0	1112
9081	26	34	9	1041	0	1110
9082	1033	13	7	42	0	1095
9083	44	6	978	21	0	1049
9084	998	7	33	16	0	1054
9085	969	4	15	19	0	1007
9086	58	8	998	8	0	1072
9087	21	8	1016	8	0	1053
9088	19	5	39	996	0	1059
9089	19	1	18	999	0	1037
9090	12	1006	13	52	0	1083
9091	11	33	12	1031	0	1087
9092	10	13	1027	49	0	1099
9093	7	6	41	1048	0	1102
9094	8	8	19	1096	0	1131
9095	10	1	1038	66	0	1115
9096	9	1037	41	28	0	1115
9097	11	35	18	1053	0	1117
9098	10	12	7	1096	0	1125
9099	1063	6	12	51	0	1132
9100	36	10	7	1071	0	1124
9101	19	4	1043	53	0	1119
9102	1041	4	37	26	0	1108
9103	1078	8	14	13	0	1113
9104	1079	9	6	16	0	1110
9105	53	2	1026	17	0	1098
9106	28	2	36	1028	0	1094
9107	18	1	22	1050	0	1091
9108	12	3	11	1059	0	1085
9109	986	3	13	54	0	1056
9110	48	966	1	24	0	1039
9111	17	25	817	19	0	878
9112	13	745	22	11	0	791
9113	13	676	10	9	0	708
9114	4	673	5	13	0	695
9115	15	31	15	633	0	694
9116	10	15	613	21	0	659
9117	534	11	16	14	0	575
9118	17	570	11	9	0	607
9119	539	13	3	10	0	565
9120	19	545	6	4	0	574
9121	554	15	3	6	0	578
9122	19	552	2	6	0	579
9123	15	16	556	2	0	589
9124	9	9	13	567	0	598
9125	5	4	11	597	0	617
9126	580	4	6	23	0	613
9127	14	3	3	649	0	669
9128	12	2	637	27	0	678
9129	10	5	15	651	0	681
9130	4	5	641	24	0	674
9131	7	631	21	13	0	672
9132	6	18	11	607	0	642
9133	5	652	5	18	0	680
9134	648	19	6	10	0	683
9135	18	11	4	651	0	684
9136	13	3	642	19	0	677
9137	8	6	632	11	0	657
9138	628	6	19	11	0	664
9139	21	2	9	626	0	658
9140	9	5	614	15	0	643
9141	9	4	588	11	0	612
9142	7	610	23	6	0	646
9143	5	18	12	564	0	599
9144	4	605	11	15	0	635
9145	3	18	5	599	0	625
9146	595	7	3	22	0	627
9147	16	3	3	611	0	633
9148	9	5	4	613	0	631
9149	599	1	3	28	0	631
9150	21	3	5	609	0	638
9151	7	7	2	610	0	626
9152	5	605	3	26	0	639
9153	612	19	1	8	0	640
9154	628	5	2	12	0	647
9155	20	4	4	628	0	656
9156	14	4	4	621	0	643
9157	11	1	4	622	0	638
9158	12	580	1	25	0	618
9159	3	610	2	17	0	632
9160	5	12	3	550	0	570
9161	444	2	2	12	0	460
9162	442	4	1	2	0	449
9163	11	426	0	4	0	441
9164	414	10	0	3	0	427
9165	10	408	0	2	0	420
9166	4	412	0	0	0	416
9167	10	12	1	400	0	423
9168	407	1	0	10	0	418
9169	11	393	0	0	0	404
9170	0	413	0	2	0	415
9171	2	10	1	410	0	423
9172	2	2	0	426	0	430
9173	1	3	415	10	0	429
9174	403	2	9	2	0	416
9175	402	0	0	4	0	406
9176	8	1	413	3	0	425
9177	2	1	412	1	0	416
9178	4	0	11	415	0	430
9179	2	1	2	429	0	434
9180	0	414	4	11	0	429
9181	2	11	2	419	0	434
9182	0	0	413	14	0	427
9183	0	2	11	411	0	424
9184	1	2	0	426	0	429
9185	414	2	1	14	0	431
9186	11	1	402	5	0	419
9187	393	1	11	5	0	410
9188	13	0	391	5	0	409
9189	3	1	11	390	0	405
9190	0	2	387	11	0	400
9191	2	0	381	5	0	388
9192	2	1	11	362	0	376
9193	351	2	3	15	0	371
9194	349	1	4	2	0	356
9195	10	348	3	2	0	363
9196	357	9	4	4	0	374
9197	369	1	2	1	0	373
9198	11	354	3	5	0	373
9199	2	11	2	366	0	381
9200	4	1	2	374	0	381
9201	2	3	1	369	0	375
9202	1	3	5	368	0	377
9203	0	3	360	13	0	376
9204	358	1	9	5	0	373
9205	12	1	0	364	0	377
9206	0	2	4	368	0	374
9207	3	362	4	9	0	378
9208	5	12	1	370	0	388
9209	0	2	352	18	0	372
9210	368	2	10	7	0	387
9211	12	3	381	3	0	399
9212	6	2	7	355	0	370
9213	348	2	3	13	0	366
9214	12	362	0	6	0	380
9215	7	8	2	382	0	399
9216	2	2	385	14	0	403
9217	5	0	10	382	0	397
9218	377	4	2	14	0	397
9219	13	0	380	6	0	399
9220	4	1	383	2	0	390
9221	2	371	10	8	0	391
9222	353	12	2	4	0	371
9223	15	342	2	2	0	361
9224	3	10	329	1	0	343
9225	0	4	307	2	0	313
9226	2	294	10	3	0	309
9227	236	8	10	2	0	256
9228	6	232	1	1	0	240
9229	1	7	1	229	0	238
9230	2	2	0	235	0	239
9231	0	1	234	8	0	243
9232	1	1	7	234	0	243
9233	1	0	240	8	0	249
9234	235	1	7	2	0	245
9235	245	0	2	1	0	248
9236	246	0	0	2	0	248
9237	8	0	241	1	0	250
9238	241	0	7	1	0	249
9239	8	0	2	234	0	244
9240	3	239	0	4	0	246
9241	239	5	1	2	0	247
9242	7	1	227	1	0	236
9243	233	1	5	1	0	240
9244	232	1	1	2	0	236
9245	7	0	228	0	0	235
9246	2	239	7	0	0	248
9247	2	5	2	241	0	250
9248	1	1	239	7	0	248
9249	1	0	240	1	0	242
9250	1	1	6	228	0	236
9251	0	0	238	6	0	244
9252	0	0	6	233	0	239
9253	0	0	1	225	0	226
9254	1	1	0	233	0	235
9255	0	0	228	7	0	235
9256	1	0	7	227	0	235
9257	1	1	229	5	0	236
9258	1	0	4	229	0	234
9259	244	1	1	6	0	252
9260	5	0	1	249	0	255
9261	1	251	1	3	0	256
9262	1	5	0	256	0	262
9263	252	2	1	4	0	259
9264	4	257	0	3	0	264
9265	4	4	0	259	0	267
9266	253	2	1	5	0	261
9267	4	0	255	2	0	261
9268	2	1	3	255	0	261
9269	1	0	261	3	0	265
9270	1	1	254	3	0	259
9271	1	2	6	250	0	259
9272	251	0	3	5	0	259
9273	4	1	250	2	0	257
9274	253	0	4	0	0	257
9275	4	1	3	256	0	264
9276	2	1	262	5	0	270
9277	2	0	264	3	0	269
9278	2	1	266	0	0	269
9279	0	2	5	258	0	265
9280	259	0	5	3	0	267
9281	4	262	0	3	0	269
9282	4	3	0	260	0	267
9283	2	2	1	266	0	271
9284	266	0	2	5	0	273
9285	264	1	0	2	0	267
9286	6	262	0	1	0	269
9287	266	5	0	0	0	271
9288	266	2	1	1	0	270
9289	5	0	1	268	0	274
9290	3	1	266	3	0	273
9291	266	0	3	2	0	271
9292	3	1	2	276	0	282
9293	2	1	0	277	0	280
9294	264	0	0	13	0	277
9295	4	0	2	264	0	270
9296	3	0	1	260	0	264
9297	255	0	1	8	0	264
9298	3	258	1	3	0	265
9299	257	3	0	1	0	261
9300	4	3	253	1	0	261
9301	258	0	4	1	0	263
9302	4	0	4	256	0	264
9303	3	264	0	4	0	271
9304	0	6	1	264	0	271
9305	3	2	0	268	0	273
9306	2	1	0	267	0	270
9307	263	0	0	4	0	267
9308	3	248	0	1	0	252
9309	2	249	1	0	0	252
9310	241	4	1	1	0	247
9311	2	2	259	0	0	263
9312	2	0	257	0	0	259
9313	257	1	4	2	0	264
9314	3	1	260	0	0	264
9315	2	0	2	239	0	243
9316	1	1	2	222	0	226
9317	1	0	0	253	0	254
9318	0	0	1	249	0	250
9319	0	239	1	3	0	243
9320	0	1	1	254	0	256
9321	0	1	254	2	0	257
9322	1	0	1	260	0	262
9323	0	1	248	1	0	250
9324	0	0	243	3	0	246
9325	0	0	4	249	0	253
9326	1	0	255	1	0	257
9327	1	0	1	251	0	253
9328	250	1	2	2	0	255
9329	2	0	255	2	0	259
9330	251	0	1	0	0	252
9331	1	0	3	253	0	257
9332	3	0	250	1	0	254
9333	1	246	1	3	0	251
9334	0	2	2	254	0	258
9335	0	2	264	3	0	269
9336	2	0	1	268	0	271
9337	266	0	3	3	0	272
9338	273	0	0	3	0	276
9339	281	1	0	2	0	284
9340	3	3	0	277	0	283
9341	4	0	0	282	0	286
9342	0	0	1	288	0	289
9343	296	0	1	5	0	302
9344	3	304	0	2	0	309
9345	1	2	1	303	0	307
9346	1	3	0	305	0	309
9347	302	1	0	6	0	309
9348	2	302	1	3	0	308
9349	4	2	1	317	0	324
9350	327	4	0	4	0	335
9351	318	3	1	4	0	326
9352	6	0	1	321	0	328
9353	324	0	1	4	0	329
9354	3	0	2	321	0	326
9355	3	0	325	4	0	332
9356	2	1	3	325	0	331
9357	0	0	3	327	0	330
9358	1	0	1	332	0	334
9359	314	0	0	7	0	321
9360	2	309	2	3	0	316
9361	311	2	1	2	0	316
9362	3	302	0	2	0	307
9363	2	321	1	1	0	325
9364	316	3	2	1	0	322
9365	2	318	0	1	0	321
9366	2	3	2	319	0	326
9367	315	1	0	3	0	319
9368	318	1	0	3	0	322
9369	6	0	1	305	0	312
9370	4	1	0	306	0	311
9371	1	305	0	6	0	312
9372	325	1	1	3	0	330
9373	316	2	0	2	0	320
9374	5	321	0	0	0	326
9375	2	331	0	0	0	333
9376	2	2	0	324	0	328
9377	328	2	0	3	0	333
9378	2	1	0	331	0	334
9379	2	1	0	332	0	335
9380	2	0	332	4	0	338
9381	1	2	323	3	0	329
9382	2	0	3	325	0	330
9383	0	0	331	3	0	334
9384	2	333	1	2	0	338
9385	0	1	2	332	0	335
9386	1	2	2	331	0	336
9387	1	1	0	330	0	332
9388	1	0	329	5	0	335
9389	0	0	318	5	0	323
9390	319	0	2	1	0	322
9391	1	325	3	1	0	330
9392	321	1	2	0	0	324
9393	2	1	0	319	0	322
9394	319	2	0	2	0	323
9395	3	0	0	315	0	318
9396	2	317	0	1	0	320
9397	316	2	0	2	0	320
9398	3	1	315	1	0	320
9399	2	306	2	0	0	310
9400	312	1	1	1	0	315
9401	2	1	1	309	0	313
9402	1	311	0	1	0	313
9403	1	1	0	318	0	320
9404	318	1	0	2	0	321
9405	1	0	0	319	0	320
9406	320	0	0	2	0	322
9407	2	0	320	1	0	323
9408	1	0	1	323	0	325
9409	323	0	1	1	0	325
9410	1	0	320	1	0	322
9411	1	293	1	1	0	296
9412	1	1	0	299	0	301
9413	0	2	296	1	0	299
9414	0	2	285	1	0	288
9415	0	0	2	294	0	296
9416	0	1	289	1	0	291
9417	1	0	279	2	0	282
9418	1	1	2	283	0	287
9419	280	0	2	2	0	284
9420	3	0	1	281	0	285
9421	3	0	0	271	0	274
9422	1	0	275	4	0	280
9423	1	0	1	282	0	284
9424	284	1	1	4	0	290
9425	2	0	285	1	0	288
9426	2	277	0	3	0	282
9427	1	1	1	281	0	284
9428	286	1	1	3	0	291
9429	3	1	0	284	0	288
9430	2	279	0	3	0	284
9431	2	1	291	2	0	296
9432	1	2	3	303	0	309
9433	319	2	1	2	0	324
9434	5	0	313	1	0	319
9435	3	1	6	305	0	315
9436	317	1	3	7	0	328
9437	337	1	1	3	0	342
9438	8	329	0	3	0	340
9439	324	8	0	3	0	335
9440	9	2	0	323	0	334
9441	2	3	320	8	0	333
9442	3	314	9	2	0	328
9443	2	314	2	2	0	320
9444	1	9	0	301	0	311
9445	1	2	0	304	0	307
9446	2	0	282	10	0	294
9447	2	274	7	3	0	286
9448	2	291	2	2	0	297
9449	1	11	2	279	0	293
9450	269	0	2	8	0	279
9451	9	270	1	1	0	281
9452	3	8	0	274	0	285
9453	280	3	0	8	0	291
9454	8	0	0	284	0	292
9455	2	1	1	280	0	284
9456	2	0	2	280	0	284
9457	2	0	0	280	0	282
9458	267	3	0	9	0	279
9459	9	0	1	266	0	276
9460	1	0	253	11	0	265
9461	251	0	9	1	0	261
9462	8	1	245	1	0	255
9463	15	3	227	0	0	245
9464	1	0	8	242	0	251
9465	2	0	3	244	0	249
9466	1	1	1	247	0	250
9467	242	0	0	12	0	254
9468	10	0	240	2	0	252
9469	242	0	7	2	0	251
9470	241	0	0	5	0	246
9471	11	1	230	2	0	244
9472	218	0	8	4	0	230
9473	10	1	213	1	0	225
9474	1	218	8	3	0	230
9475	3	7	4	210	0	224
9476	2	1	1	215	0	219
9477	1	0	2	215	0	218
9478	0	0	3	216	0	219
9479	0	1	206	10	0	217
9480	0	0	206	5	0	211
9481	2	0	7	212	0	221
9482	2	0	209	9	0	220
9483	206	1	9	2	0	218
9484	215	0	3	0	0	218
9485	10	0	0	209	0	219
9486	206	0	2	7	0	215
9487	9	205	1	0	0	215
9488	205	8	2	1	0	216
9489	8	3	206	1	0	218
9490	3	0	7	204	0	214
9491	0	207	1	9	0	217
9492	210	7	0	4	0	221
9493	8	1	0	216	0	225
9494	1	0	214	8	0	223
9495	1	0	9	215	0	225
9496	213	1	2	9	0	225
9497	8	0	213	3	0	224
9498	4	0	6	217	0	227
9499	3	0	2	226	0	231
9500	1	1	214	10	0	226
9501	3	203	7	2	0	215
9502	1	179	1	2	0	183
9503	4	8	0	206	0	218
9504	0	1	2	211	0	214
9505	0	0	1	217	0	218
9506	206	1	0	8	0	215
9507	209	1	0	2	0	212
9508	9	0	0	204	0	213
9509	200	0	2	10	0	212
9510	8	197	1	4	0	210
9511	4	9	0	203	0	216
9512	0	1	1	207	0	209
9513	0	0	1	213	0	214
9514	196	0	0	11	0	207
9515	8	192	3	1	0	204
9516	1	7	0	195	0	203
9517	193	3	0	9	0	205
9518	8	0	0	200	0	208
9519	2	0	0	201	0	203
9520	1	182	0	13	0	196
9521	2	198	1	2	0	203
9522	5	9	0	192	0	206
9523	1	1	0	197	0	199
9524	185	0	0	9	0	194
9525	11	2	0	181	0	194
9526	1	0	182	10	0	193
9527	0	0	7	185	0	192
9528	0	177	1	11	0	189
9529	188	8	0	2	0	198
9530	11	3	0	183	0	197
9531	3	0	0	176	0	179
9532	2	166	1	8	0	177
9533	145	4	0	0	0	149
9534	3	139	0	0	0	142
9535	1	3	0	144	0	148
9536	0	0	135	3	0	138
9537	0	1	4	115	0	120
9538	120	0	0	2	0	122
9539	2	115	0	0	0	117
9540	0	2	0	115	0	117
9541	0	107	0	2	0	109
9542	1	2	0	109	0	112
9543	0	0	106	2	0	108
9544	0	2	2	106	0	110
9545	0	0	0	112	0	112
9546	2	0	0	111	0	113
9547	103	0	0	2	0	105
9548	104	0	0	0	0	104
9549	2	103	0	1	0	106
9550	102	2	0	0	0	104
9551	2	99	0	0	0	101
9552	0	98	0	0	0	98
9553	92	1	0	0	0	93
9554	2	0	87	0	0	89
9555	0	0	2	92	0	94
9556	0	0	0	96	0	96
9557	1	0	0	96	0	97
9558	93	0	0	2	0	95
9559	2	93	0	0	0	95
9560	0	3	0	98	0	101
9561	0	94	0	4	0	98
9562	98	3	0	0	0	101
9563	2	0	0	102	0	104
9564	0	0	0	136	0	136
9565	0	139	0	4	0	143
9566	0	3	0	148	0	151
9567	1	0	0	151	0	152
9568	142	0	0	4	0	146
9569	4	132	0	0	0	136
9570	0	152	0	0	0	152
9571	0	4	0	154	0	158
9572	1	0	141	4	0	146
9573	0	0	141	1	0	142
9574	0	0	4	146	0	150
9575	0	0	141	4	0	145
9576	0	0	4	146	0	150
9577	0	0	0	141	0	141
9578	3	0	0	146	0	149
9579	144	0	0	4	0	148
9580	4	1	0	146	0	151
9581	0	0	0	145	0	145
9582	0	141	0	5	0	146
9583	0	5	1	149	0	155
9584	0	1	147	6	0	154
9585	0	0	5	151	0	156
9586	1	0	0	157	0	158
9587	151	1	0	4	0	156
9588	4	1	0	154	0	159
9589	1	0	0	152	0	153
9590	0	0	0	153	0	153
9591	141	0	1	4	0	146
9592	3	141	0	1	0	145
9593	1	4	1	145	0	151
9594	0	1	1	149	0	151
9595	0	0	143	8	0	151
9596	0	1	5	147	0	153
9597	140	0	1	6	0	147
9598	5	133	0	4	0	142
9599	1	5	1	135	0	142
9600	0	3	0	142	0	145
9601	1	1	137	8	0	147
9602	129	1	7	1	0	138
9603	5	134	2	2	0	143
9604	130	3	1	6	0	140
9605	4	1	3	133	0	141
9606	0	1	1	140	0	142
9607	1	0	0	143	0	144
9608	1	1	1	142	0	145
9609	139	1	0	6	0	146
9610	5	3	0	133	0	141
9611	1	126	2	9	0	138
9612	1	4	1	135	0	141
9613	2	2	1	139	0	144
9614	135	1	1	7	0	144
9615	5	131	1	3	0	140
9616	0	5	0	141	0	146
9617	136	0	1	8	0	145
9618	135	0	1	6	0	142
9619	5	1	1	138	0	145
9620	1	0	125	10	0	136
9621	134	1	4	3	0	142
9622	5	3	0	133	0	141
9623	0	0	126	11	0	137
9624	3	0	4	138	0	145
9625	0	1	2	143	0	146
9626	1	0	1	146	0	148
9627	5	148	0	4	0	157
9628	3	4	0	159	0	166
9629	0	2	1	161	0	164
9630	0	0	1	163	0	164
9631	2	0	2	159	0	163
9632	4	1	2	158	0	165
9633	2	3	0	157	0	162
9634	153	1	4	8	0	166
9635	5	2	146	4	0	157
9636	2	149	2	5	0	158
9637	158	2	0	6	0	166
9638	3	155	2	5	0	165
9639	160	3	0	4	0	167
9640	3	1	1	161	0	166
9641	164	1	2	5	0	172
9642	4	1	0	169	0	174
9643	0	2	0	166	0	168
9644	4	164	1	5	0	174
9645	173	2	0	3	0	178
9646	3	2	177	5	0	187
9647	4	0	3	190	0	197
9648	2	3	195	5	0	205
9649	4	0	177	5	0	186
9650	199	0	4	7	0	210
9651	6	2	1	204	0	213
9652	2	1	201	8	0	212
9653	0	0	213	6	0	219
9654	3	2	3	230	0	238
9655	3	1	0	238	0	242
9656	240	2	1	7	0	250
9657	4	2	1	250	0	257
9658	3	1	268	6	0	278
9659	2	0	1	285	0	288
9660	2	3	2	284	0	291
9661	2	299	0	5	0	306
9662	302	3	0	5	0	310
9663	4	299	1	3	0	307
9664	269	1	0	1	0	271
9665	1	260	0	1	0	262
9666	0	264	0	2	0	266
9667	1	0	0	273	0	274
9668	2	1	0	268	0	271
9669	1	0	0	265	0	266
9670	264	0	0	1	0	265
9671	1	0	261	0	0	262
9672	0	0	1	263	0	264
9673	259	1	0	0	0	260
9674	1	258	0	0	0	259
9675	0	258	0	0	0	258
9676	1	0	0	273	0	274
9677	0	0	0	277	0	277
9678	1	0	0	282	0	283
9679	0	288	0	1	0	289
9680	0	0	0	291	0	291
9681	0	0	287	0	0	287
9682	0	0	261	0	0	261
9683	273	0	0	0	0	273
9684	0	0	0	287	0	287
9685	288	0	0	1	0	289
9686	284	0	0	1	0	285
9687	0	288	0	0	0	288
9688	293	0	0	0	0	293
9689	304	0	0	0	0	304
9690	0	0	0	302	0	302
9691	0	2	0	307	0	309
9692	0	0	310	0	0	310
9693	0	319	0	0	0	319
9694	0	0	0	296	0	296
9695	0	0	0	326	0	326
9696	332	0	0	1	0	333
9697	0	0	0	335	0	335
9698	340	0	0	0	0	340
9699	0	0	0	341	0	341
9700	0	343	0	0	0	343
9701	359	0	0	1	0	360
9702	2	0	0	391	0	393
9703	0	0	0	414	0	414
9704	0	0	0	443	0	443
9705	0	0	444	3	0	447
9706	0	0	3	441	0	444
9707	450	0	0	6	0	456
9708	4	0	1	459	0	464
9709	0	0	1	502	0	503
9710	1	0	1	503	0	505
9711	1	504	0	5	0	510
9712	1	529	0	2	0	532
9713	525	3	0	4	0	532
9714	3	526	0	2	0	531
9715	537	3	0	1	0	541
9716	536	1	0	2	0	539
9717	553	1	0	0	0	554
9718	5	1	551	0	0	557
9719	2	562	3	2	0	569
9720	590	3	0	0	0	593
9721	5	0	1	588	0	594
9722	1	1	1	582	0	585
9723	1	1	1	594	0	597
9724	1	588	0	5	0	594
9725	2	5	0	591	0	598
9726	593	1	0	7	0	601
9727	4	3	0	581	0	588
9728	3	1	0	587	0	591
9729	2	2	576	5	0	585
9730	4	0	578	2	0	584
9731	4	0	3	599	0	606
9732	2	1	1	608	0	612
9733	0	604	4	5	0	613
9734	1	7	2	609	0	619
9735	2	0	1	611	0	614
9736	0	1	0	611	0	612
9737	601	3	0	6	0	610
9738	4	1	605	5	0	615
9739	1	3	3	618	0	625
9740	621	0	0	8	0	629
9741	612	0	1	1	0	614
9742	4	0	2	610	0	616
9743	1	0	2	615	0	618
9744	605	1	2	6	0	614
9745	8	600	2	1	0	611
9746	1	605	0	4	0	610
9747	1	3	0	620	0	624
9748	609	3	0	8	0	620
9749	610	1	0	4	0	615
9750	602	2	0	7	0	611
9751	6	1	612	3	0	622
9752	577	0	4	5	0	586
9753	8	0	574	2	0	584
9754	559	0	6	2	0	567
9755	8	560	2	2	0	572
9756	4	4	561	4	0	573
9757	5	0	5	569	0	579
9758	1	3	541	8	0	553
9759	3	2	5	530	0	540
9760	536	2	1	7	0	546
9761	7	1	536	4	0	548
9762	2	2	5	544	0	553
9763	6	596	2	6	0	610
9764	4	7	2	641	0	654
9765	8	3	1	638	0	650
9766	3	1	3	608	0	615
9767	637	4	0	7	0	648
9768	638	2	2	4	0	646
9769	8	1	1	640	0	650
9770	4	2	621	8	0	635
9771	3	1	611	3	0	618
9772	3	3	4	639	0	649
9773	5	0	671	6	0	682
9774	2	1	7	667	0	677
9775	3	0	2	660	0	665
9776	1	1	4	681	0	687
9777	1	656	2	10	0	669
9778	1	608	3	6	0	618
9779	3	5	1	676	0	685
9780	2	3	1	679	0	685
9781	2	4	1	680	0	687
9782	676	2	1	9	0	688
9783	8	3	694	3	0	708
9784	3	0	5	701	0	709
9785	705	0	3	10	0	718
9786	4	707	6	2	0	719
9787	3	5	1	738	0	747
9788	3	1	4	741	0	749
9789	2	1	0	731	0	734
9790	2	2	0	727	0	731
9791	1	2	709	11	0	723
9792	684	2	3	8	0	697
9793	701	2	0	5	0	708
9794	10	1	701	7	0	719
9795	691	1	6	8	0	706
9796	716	1	5	5	0	727
9797	12	0	728	3	0	743
9798	4	749	10	1	0	764
9799	3	10	2	757	0	772
9800	6	2	792	8	0	808
9801	2	756	6	2	0	766
9802	2	2	749	6	0	759
9803	0	734	3	3	0	740
9804	2	2	4	715	0	723
9805	1	1	724	4	0	730
9806	0	0	7	722	0	729
9807	5	0	741	5	0	751
9808	3	739	2	0	0	744
9809	722	3	0	1	0	726
9810	4	710	0	2	0	716
9811	1	755	0	2	0	758
9812	2	6	0	764	0	772
9813	1	1	0	771	0	773
9814	0	0	0	774	0	774
9815	0	0	1	758	0	759
9816	0	0	1	780	0	781
9817	0	0	813	6	0	819
9818	0	0	6	790	0	796
9819	0	0	0	824	0	824
9820	851	0	0	7	0	858
9821	858	0	0	1	0	859
9822	867	1	0	1	0	869
9823	5	5	0	863	0	873
9824	958	0	0	6	0	964
9825	1025	1	0	2	0	1028
9826	1048	0	0	2	0	1050
9827	13	1	1031	1	0	1046
9828	1017	0	11	3	0	1031
9829	1082	0	1	2	0	1085
9830	1085	0	1	1	0	1087
9831	11	1	1	1091	0	1104
9832	1	1	1087	12	0	1101
9833	3	0	10	1085	0	1098
9834	1133	0	1	14	0	1148
9835	12	0	1	1149	0	1162
9836	2	1211	2	11	0	1226
9837	3	12	0	1265	0	1280
9838	1264	1	0	16	0	1281
9839	1285	0	1	5	0	1291
9840	1273	0	0	1	0	1274
9841	15	1	1302	0	0	1318
9842	4	0	12	1297	0	1313
9843	4	1	1	1357	0	1363
9844	1	0	1337	13	0	1351
9845	1	1289	12	4	0	1306
9846	1	13	1308	2	0	1324
9847	1	0	12	1329	0	1342
9848	1342	2	1	10	0	1355
9849	11	2	1394	3	0	1410
9850	3	1	11	1407	0	1422
9851	3	1	1406	12	0	1422
9852	1387	0	13	3	0	1403
9853	14	0	1	1437	0	1452
9854	4	0	1494	11	0	1509
9855	4	0	11	1501	0	1516
9856	2	0	1517	14	0	1533
9857	2	1542	13	3	0	1560
9858	3	11	2	1583	0	1599
9859	1599	3	3	11	0	1616
9860	15	3	2	1584	0	1604
9861	4	0	1	1571	0	1576
9862	1561	0	1	13	0	1575
9863	11	1437	1	7	0	1456
9864	3	1450	2	6	0	1461
9865	4	12	2	1486	0	1504
9866	3	1486	2	10	0	1501
9867	3	14	1	1498	0	1516
9868	6	2	1	1507	0	1516
9869	1510	3	0	14	0	1527
9870	15	1489	1	4	0	1509
9871	3	10	1465	6	0	1484
9872	4	1494	14	1	0	1513
9873	1499	14	2	4	0	1519
9874	1545	1	3	3	0	1552
9875	12	4	2	1518	0	1536
9876	1547	1	2	13	0	1563
9877	24	2	0	1544	0	1570
9878	1544	1	2	25	0	1572
9879	1571	1	1	6	0	1579
9880	21	1	2	1627	0	1651
9881	1639	0	4	21	0	1664
9882	21	1	1658	6	0	1686
9883	1631	0	16	10	0	1657
9884	22	1	3	1660	0	1686
9885	1680	1	5	20	0	1706
9886	22	1675	4	14	0	1715
9887	10	13	0	1714	0	1737
9888	11	2	2	1713	0	1728
9889	1708	5	3	21	0	1737
9890	20	3	1696	10	0	1729
9891	6	1680	17	6	0	1709
9892	9	14	4	1720	0	1747
9893	5	1708	5	14	0	1732
9894	5	17	5	1745	0	1772
9895	8	3	0	1712	0	1723
9896	5	5	4	1756	0	1770
9897	1738	3	2	23	0	1766
9898	18	3	1	1704	0	1726
9899	1716	1	2	27	0	1746
9900	1709	3	0	12	0	1724
9901	24	1	3	1702	0	1730
9902	1704	3	4	20	0	1731
9903	1690	1	1	9	0	1701
9904	23	6	1687	7	0	1723
9905	11	5	17	1662	0	1695
9906	1697	3	3	23	0	1726
9907	19	1682	6	9	0	1716
9908	1713	17	1	15	0	1746
9909	1720	4	2	11	0	1737
9910	25	6	1660	6	0	1697
9911	13	2	13	1615	0	1643
9912	1817	0	6	25	0	1848
9913	23	1	4	1872	0	1900
9914	13	3	1	1969	0	1986
9915	11	3	5	1981	0	2000
9916	6	6	2	2103	0	2117
9917	2136	2	2	33	0	2173
9918	33	5	2192	11	0	2241
9919	7	4	30	2266	0	2307
9920	11	5	2400	35	0	2451
9921	10	0	2450	11	0	2471
9922	2468	1	61	16	0	2546
9923	55	1	2623	8	0	2687
9924	23	2534	54	5	0	2616
9925	2565	49	22	11	0	2647
9926	2620	17	9	5	0	2651
9927	73	8	5	2579	0	2665
9928	28	6	2586	56	0	2676
9929	16	0	2570	25	0	2611
9930	2670	2	69	21	0	2762
9931	54	2	30	2738	0	2824
9932	2740	2	16	60	0	2818
9933	71	2790	10	25	0	2896
9934	2822	52	10	18	0	2902
9935	2837	20	7	14	0	2878
9936	79	2752	8	8	0	2847
9937	37	53	7	2770	0	2867
9938	2764	20	6	54	0	2844
9939	57	12	2761	29	0	2859
9940	35	2771	55	17	0	2878
9941	17	56	25	2795	0	2893
9942	2805	22	13	67	0	2907
9943	59	2801	13	31	0	2904
9944	2870	58	10	13	0	2951
9945	75	34	2810	9	0	2928
9946	2794	18	61	10	0	2883
9947	78	6	2849	16	0	2949
9948	2844	5	73	5	0	2927
9949	2836	9	29	10	0	2884
9950	98	5	2776	2	0	2881
9951	41	2769	66	17	0	2893
9952	33	63	27	2730	0	2853
9953	18	27	2825	69	0	2939
9954	28	2765	61	28	0	2882
9955	21	64	37	2716	0	2838
9956	21	31	21	2810	0	2883
9957	19	17	2731	90	0	2857
9958	31	11	63	2693	0	2798
9959	26	11	32	2791	0	2860
9960	26	15	2735	87	0	2863
9961	19	11	80	2676	0	2786
9962	25	2725	37	75	0	2862
9963	2751	63	33	38	0	2885
9964	85	29	18	2712	0	2844
9965	42	2766	29	72	0	2909
9966	44	67	24	2644	0	2779
9967	28	2816	26	70	0	2940
9968	34	75	2781	33	0	2923
9969	26	2856	84	25	0	2991
9970	2846	77	43	25	0	2991
9971	2879	29	39	26	0	2973
9972	2948	27	31	27	0	3033
9973	119	15	2935	28	0	3097
9974	59	17	2869	24	0	2969
9975	43	2964	104	27	0	3138
9976	45	79	56	2863	0	3043
9977	34	3029	36	77	0	3176
9978	46	93	24	2752	0	2915
9979	32	3038	25	82	0	3177
9980	3036	94	20	41	0	3191
9981	3251	49	15	29	0	3344
9982	124	28	19	3290	0	3461
9983	68	29	3237	99	0	3433
9984	3202	24	101	50	0	3377
9985	107	3299	48	38	0	3492
9986	68	90	28	3270	0	3456
9987	50	55	31	3225	0	3361
9988	42	3292	26	112	0	3472
9989	3316	105	25	53	0	3499
9990	126	42	3236	29	0	3433
9991	71	56	93	3240	0	3460
9992	3293	26	45	104	0	3468
9993	3279	30	44	52	0	3405
9994	139	3241	34	33	0	3447
9995	78	107	26	3154	0	3365
9996	55	3276	35	102	0	3468
9997	3354	111	22	52	0	3539
9998	116	52	3298	48	0	3514
9999	70	47	3331	29	0	3477
10000	45	37	126	3312	0	3520
10001	40	28	67	3302	0	3437
10002	37	3342	41	119	0	3539
10003	40	107	36	3373	0	3556
10004	40	46	3321	135	0	3542
10005	3301	39	108	64	0	3512
10006	109	32	51	3364	0	3556
10007	58	32	3324	137	0	3551
10008	43	32	109	3352	0	3536
10009	36	35	50	3354	0	3475
10010	29	3349	32	152	0	3562
10011	39	107	25	3347	0	3518
10012	24	60	29	3258	0	3371
10013	37	39	23	3250	0	3349
10014	3010	31	31	140	0	3212
10015	110	2912	28	77	0	3127
10016	50	2901	28	53	0	3032
10017	2772	85	28	35	0	2920
10018	2678	42	23	36	0	2779
10019	105	2542	20	25	0	2692
10020	38	2432	16	11	0	2497
10021	2205	55	11	29	0	2300
10022	50	2196	8	12	0	2266
10023	28	2201	11	10	0	2250
10024	2178	54	19	10	0	2261
10025	50	2196	11	15	0	2272
10026	2168	53	13	19	0	2253
10027	2152	18	5	18	0	2193
10028	2154	24	7	7	0	2192
10029	60	2114	4	22	0	2200
10030	25	2101	6	16	0	2148
10031	19	62	3	2028	0	2112
10032	22	2002	6	47	0	2077
10033	19	52	17	2051	0	2139
10034	2064	24	14	52	0	2154
10035	58	20	0	2026	0	2104
10036	28	1979	4	54	0	2065
10037	1973	54	7	23	0	2057
10038	49	1936	3	30	0	2018
10039	21	2020	6	12	0	2059
10040	20	55	8	1953	0	2036
10041	11	1971	4	47	0	2033
10042	1962	46	12	17	0	2037
10043	53	25	1907	14	0	1999
10044	18	1893	37	24	0	1972
10045	11	51	17	1927	0	2006
10046	17	27	1928	47	0	2019
10047	16	14	45	1901	0	1976
10048	14	12	24	1932	0	1982
10049	12	13	9	1962	0	1996
10050	12	16	6	1940	0	1974
10051	15	11	1881	65	0	1972
10052	8	1862	45	40	0	1955
10053	1861	50	18	27	0	1956
10054	50	25	1836	19	0	1930
10055	1817	8	41	29	0	1895
10056	46	15	1851	22	0	1934
10057	21	13	47	1865	0	1946
10058	19	15	1829	52	0	1915
10059	17	17	1876	20	0	1930
10060	15	15	55	1882	0	1967
10061	25	11	29	1756	0	1821
10062	14	10	10	1939	0	1973
10063	6	12	13	1942	0	1973
10064	1896	15	11	63	0	1985
10065	45	13	1871	36	0	1965
10066	1896	22	42	25	0	1985
10067	1917	10	19	27	0	1973
10068	1901	13	11	21	0	1946
10069	1878	15	11	15	0	1919
10070	1891	14	6	19	0	1930
10071	72	12	9	1844	0	1937
10072	28	12	1711	47	0	1798
10073	20	11	1652	23	0	1706
10074	17	1706	41	23	0	1787
10075	1635	41	17	19	0	1712
10076	41	19	4	1616	0	1680
10077	22	28	6	1598	0	1654
10078	17	1574	8	48	0	1647
10079	16	1563	3	16	0	1598
10080	23	1559	5	11	0	1598
10081	1344	36	7	13	0	1400
10082	28	9	7	1213	0	1257
10083	9	1215	2	20	0	1246
10084	3	26	0	1215	0	1244
10085	8	7	1208	21	0	1244
10086	7	6	1262	6	0	1281
10087	5	8	28	1343	0	1384
10088	1410	7	5	28	0	1450
10089	1491	4	1	12	0	1508
10090	1500	4	3	4	0	1511
10091	40	7	1497	2	0	1546
10092	15	4	26	1483	0	1528
10093	10	8	9	1527	0	1554
10094	9	4	1486	41	0	1540
10095	1384	6	26	18	0	1434
10096	35	4	1483	4	0	1526
10097	12	2	1454	4	0	1472
10098	4	5	1459	1	0	1469
10099	6	3	34	1402	0	1445
10100	2	5	11	1444	0	1462
10101	6	1	1460	32	0	1499
10102	4	6	27	1461	0	1498
10103	1492	4	13	32	0	1541
10104	32	1	5	1517	0	1555
10105	10	4	1539	32	0	1585
10106	3	2	1614	17	0	1636
10107	6	2	40	1607	0	1655
10108	1758	1	14	35	0	1808
10109	35	1842	7	17	0	1901
10110	1904	39	12	12	0	1967
10111	1943	20	3	14	0	1980
10112	71	6	1937	8	0	2022
10113	39	3	50	1918	0	2010
10114	1975	3	25	53	0	2056
10115	1969	0	18	23	0	2010
10116	64	1944	6	16	0	2030
10117	33	40	16	1942	0	2031
10118	16	20	9	2007	0	2052
10119	7	6	1946	70	0	2029
10120	9	1	52	1946	0	2008
10121	2	5	1953	56	0	2016
10122	6	2	1904	36	0	1948
10123	10	1	64	1882	0	1957
10124	1873	1	37	53	0	1964
10125	47	1812	14	33	0	1906
10126	1835	42	9	16	0	1902
10127	1839	22	6	14	0	1881
10128	72	1799	6	8	0	1885
10129	40	40	5	1730	0	1815
10130	1743	21	4	43	0	1811
10131	50	1737	10	21	0	1818
10132	1748	40	4	23	0	1815
10133	54	1691	6	13	0	1764
10134	34	45	8	1668	0	1755
10135	18	20	9	1706	0	1753
10136	1665	12	6	68	0	1751
10137	1670	9	5	36	0	1720
10138	60	1675	8	19	0	1762
10139	41	38	1631	13	0	1723
10140	12	22	1619	13	0	1666
10141	9	8	58	1585	0	1660
10142	12	1622	37	38	0	1709
10143	13	41	16	1654	0	1724
10144	13	24	12	1650	0	1699
10145	17	10	16	1668	0	1711
10146	14	6	1606	71	0	1697
10147	12	9	1590	35	0	1646
10148	14	1661	50	20	0	1745
10149	21	40	34	1657	0	1752
10150	14	24	13	1764	0	1815
10151	10	20	1714	63	0	1807
10152	1646	7	40	42	0	1735
10153	53	7	23	1763	0	1846
10154	35	12	1766	45	0	1858
10155	1695	7	44	39	0	1785
10156	46	1722	27	25	0	1820
10157	30	39	1792	23	0	1884
10158	24	23	41	1794	0	1882
10159	1783	14	32	50	0	1879
10160	48	8	1816	31	0	1903
10161	28	15	47	1827	0	1917
10162	13	4	31	1849	0	1897
10163	11	4	20	1966	0	2001
10164	1935	8	10	77	0	2030
10165	50	1894	10	42	0	1996
10166	32	43	10	1920	0	2005
10167	22	31	1943	55	0	2051
10168	15	19	42	1925	0	2001
10169	15	1847	30	60	0	1952
10170	11	1990	21	29	0	2051
10171	1967	65	7	31	0	2070
10172	1994	29	7	24	0	2054
10173	72	18	1955	21	0	2066
10174	1929	16	50	18	0	2013
10175	72	1938	30	14	0	2054
10176	1991	51	14	16	0	2072
10177	66	33	8	1981	0	2088
10178	46	19	2007	54	0	2126
10179	26	13	53	2017	0	2109
10180	18	11	2033	60	0	2122
10181	2001	13	53	39	0	2106
10182	51	11	32	2064	0	2158
10183	35	2087	21	59	0	2202
10184	18	62	5	2158	0	2243
10185	13	22	2110	69	0	2214
10186	13	2028	54	44	0	2139
10187	1946	57	28	26	0	2057
10188	46	1879	21	25	0	1971
10189	25	1881	16	11	0	1933
10190	15	63	11	1828	0	1917
10191	17	1845	5	51	0	1918
10192	14	56	7	1865	0	1942
10193	12	29	1835	55	0	1931
10194	1735	11	46	25	0	1817
10195	1840	16	24	18	0	1898
10196	67	9	1802	11	0	1889
10197	1761	8	43	17	0	1829
10198	56	1780	24	9	0	1869
10199	1824	45	17	14	0	1900
10200	59	24	7	1785	0	1875
10201	26	12	1810	54	0	1902
10202	14	1834	44	39	0	1931
10203	18	39	22	1838	0	1917
10204	14	25	11	1869	0	1919
10205	1804	14	9	60	0	1887
10206	1719	9	7	34	0	1769
10207	54	1666	5	19	0	1744
10208	25	1503	5	9	0	1542
10209	6	1466	2	10	0	1484
10210	8	26	8	1402	0	1444
10211	1393	6	1	23	0	1423
10212	1396	3	0	8	0	1407
10213	24	3	1	1380	0	1408
10214	9	1	1	1381	0	1392
10215	1362	5	0	23	0	1390
10216	22	2	0	1408	0	1432
10217	6	4	1417	24	0	1451
10218	1406	2	17	10	0	1435
10219	1451	1	3	9	0	1464
10220	24	4	1473	4	0	1505
10221	1512	1	18	5	0	1536
10222	24	2	5	1557	0	1588
10223	6	1	4	1580	0	1591
10224	8	2	4	1584	0	1598
10225	1575	3	2	30	0	1610
10226	20	1597	4	12	0	1633
10227	12	19	1	1626	0	1658
10228	7	1598	3	21	0	1629
10229	1614	21	0	12	0	1647
10230	26	8	4	1618	0	1656
10231	10	2	1	1644	0	1657
10232	5	1628	0	31	0	1664
10233	5	20	1631	9	0	1665
10234	9	7	19	1653	0	1688
10235	1679	7	6	30	0	1722
10236	1870	4	4	11	0	1889
10237	46	4	1903	7	0	1960
10238	20	3	35	1976	0	2034
10239	6	1958	12	41	0	2017
10240	3	38	6	2046	0	2093
10241	2030	19	5	41	0	2095
10242	2051	6	4	17	0	2078
10243	53	6	2	2012	0	2073
10244	21	1970	0	43	0	2034
10245	2117	36	2	19	0	2174
10246	43	13	4	2159	0	2219
10247	2136	7	0	49	0	2192
10248	2239	7	2	20	0	2268
10249	58	4	0	2215	0	2277
10250	27	3	2	2210	0	2242
10251	17	1	2	2247	0	2267
10252	11	2199	2	64	0	2276
10253	7	49	2	2221	0	2279
10254	7	16	3	2244	0	2270
10255	13	6	2147	64	0	2230
10256	12	3	2110	25	0	2150
10257	12	3	51	2138	0	2204
10258	2126	6	17	56	0	2205
10259	46	2110	9	27	0	2192
10260	2087	44	3	17	0	2151
10261	57	19	2062	11	0	2149
10262	24	8	1960	19	0	2011
10263	13	2002	45	16	0	2076
10264	8	41	20	2069	0	2138
10265	5	14	2045	48	0	2112
10266	7	8	2098	23	0	2136
10267	12	4	46	2069	0	2131
10268	2074	3	15	55	0	2147
10269	2110	4	9	23	0	2146
10270	56	2	9	2058	0	2125
10271	23	7	2163	44	0	2237
10272	10	5	36	2215	0	2266
10273	7	5	14	2195	0	2221
10274	6	2213	11	47	0	2277
10275	2234	33	12	24	0	2303
10276	2234	14	5	17	0	2270
10277	58	2225	5	9	0	2297
10278	23	41	5	2130	0	2199
10279	9	2193	7	44	0	2253
10280	2193	41	10	20	0	2264
10281	43	17	2168	13	0	2241
10282	23	8	2055	8	0	2094
10283	9	4	2096	11	0	2120
10284	4	3	43	2079	0	2129
10285	8	4	19	2115	0	2146
10286	2095	3	8	53	0	2159
10287	32	5	5	2092	0	2134
10288	31	6	5	2146	0	2188
10289	10	8	2238	51	0	2307
10290	8	3	2172	27	0	2210
10291	2196	5	47	17	0	2265
10292	32	2262	20	12	0	2326
10293	2294	35	9	15	0	2353
10294	44	18	7	2289	0	2358
10295	29	6	8	2300	0	2343
10296	11	2264	9	44	0	2328
10297	15	30	5	2293	0	2343
10298	2264	18	9	45	0	2336
10299	40	8	8	2280	0	2336
10300	18	7	2286	50	0	2361
10301	12	2219	35	35	0	2301
10302	2218	31	21	19	0	2289
10303	2236	18	10	21	0	2285
10304	2251	9	5	22	0	2287
10305	2268	6	7	21	0	2302
10306	60	10	4	2211	0	2285
10307	26	7	4	2262	0	2299
10308	20	3	2208	59	0	2290
10309	16	11	36	2251	0	2314
10310	20	5	2220	43	0	2288
10311	11	11	35	2230	0	2287
10312	2240	3	19	59	0	2321
10313	40	2282	10	33	0	2365
10314	25	35	4	2376	0	2440
10315	13	21	11	2425	0	2470
10316	2352	8	10	66	0	2436
10317	2316	6	11	35	0	2368
10318	54	4	2295	21	0	2374
10319	31	2281	39	20	0	2371
10320	14	36	20	2287	0	2357
10321	16	17	10	2295	0	2338
10322	2252	6	11	64	0	2333
10323	2240	3	15	36	0	2294
10324	53	10	2233	21	0	2317
10325	32	5	2201	17	0	2255
10326	12	10	50	2185	0	2257
10327	15	7	28	2234	0	2284
10328	11	8	2198	63	0	2280
10329	2149	5	35	38	0	2227
10330	49	7	21	2216	0	2293
10331	2212	6	7	49	0	2274
10332	37	2174	11	32	0	2254
10333	2279	34	17	16	0	2346
10334	53	19	2441	22	0	2535
10335	29	2385	36	23	0	2473
10336	11	2297	10	10	0	2328
10337	2221	32	20	10	0	2283
10338	2186	10	2	10	0	2208
10339	33	5	4	2163	0	2205
10340	14	2149	5	27	0	2195
10341	8	2231	4	14	0	2257
10342	5	32	2	2262	0	2301
10343	2271	9	3	29	0	2312
10344	2290	2	1	15	0	2308
10345	34	5	2128	1	0	2168
10346	2121	2	17	11	0	2151
10347	25	2287	7	3	0	2322
10348	2358	33	2	8	0	2401
10349	43	2803	3	4	0	2853
10350	9	3071	2	10	0	3092
10351	14	82	11	3367	0	3474
10352	3613	39	2	82	0	3736
10353	3686	18	2	39	0	3745
10354	114	16	3602	29	0	3761
10355	73	5	77	3624	0	3779
10356	3668	3	34	93	0	3798
10357	112	7	30	3672	0	3821
10358	3706	3	14	112	0	3835
10359	3758	2	14	60	0	3834
10360	132	8	3634	47	0	3821
10361	80	5	77	3624	0	3786
10362	55	5	32	3725	0	3817
10363	39	2	28	3747	0	3816
10364	25	3	3585	145	0	3758
10365	15	1	90	3617	0	3723
10366	14	7	35	3566	0	3622
10367	9	3513	30	135	0	3687
10368	10	85	3451	75	0	3621
10369	10	3531	89	53	0	3683
10370	3530	110	38	34	0	3712
10371	86	50	31	3361	0	3528
10372	43	43	14	3309	0	3409
10373	40	3342	15	110	0	3507
10374	3350	97	4	69	0	3520
10375	3404	40	6	43	0	3493
10376	118	3254	8	43	0	3423
10377	72	3383	5	22	0	3482
10378	3370	119	3	13	0	3505
10379	118	59	3297	9	0	3483
10380	62	41	3284	11	0	3398
10381	3255	29	105	15	0	3404
10382	96	3266	69	24	0	3455
10383	3319	84	42	17	0	3462
10384	118	43	3241	11	0	3413
10385	3302	33	92	20	0	3447
10386	136	3384	36	22	0	3578
10387	69	97	29	3410	0	3605
10388	66	42	20	3448	0	3576
10389	47	40	23	3232	0	3342
10390	39	24	14	3346	0	3423
10391	25	18	8	3275	0	3326
10392	19	3209	6	184	0	3418
10393	3220	87	6	110	0	3423
10394	96	39	3192	68	0	3395
10395	57	36	83	3242	0	3418
10396	52	22	3229	112	0	3415
10397	27	27	112	3261	0	3427
10398	33	14	55	3335	0	3437
10399	3216	10	50	152	0	3428
10400	95	6	3141	97	0	3339
10401	42	3121	101	65	0	3329
10402	43	93	37	3167	0	3340
10403	38	51	34	3250	0	3373
10404	37	39	3185	120	0	3381
10405	17	32	103	3209	0	3361
10406	29	29	38	3300	0	3396
10407	3155	21	37	160	0	3373
10408	93	3171	26	105	0	3395
10409	3193	93	22	72	0	3380
10410	3277	42	11	56	0	3386
10411	152	47	7	3194	0	3400
10412	92	33	3124	105	0	3354
10413	65	34	3128	54	0	3281
10414	66	17	117	3040	0	3240
10415	48	19	79	2999	0	3145
10416	22	3029	59	142	0	3252
10417	3035	92	43	81	0	3251
10418	108	2973	26	67	0	3174
10419	59	3091	23	53	0	3226
10420	3060	129	20	45	0	3254
10421	121	75	19	3000	0	3215
10422	68	3110	15	107	0	3300
10423	65	113	14	3115	0	3307
10424	37	54	3027	149	0	3267
10425	30	43	3033	89	0	3195
10426	28	34	114	3086	0	3262
10427	20	28	3074	140	0	3262
10428	25	14	126	3068	0	3233
10429	24	22	70	3101	0	3217
10430	23	16	63	3163	0	3265
10431	2971	17	30	192	0	3210
10432	92	2883	32	114	0	3121
10433	43	2935	22	91	0	3091
10434	2715	100	22	66	0	2903
10435	2768	69	17	47	0	2901
10436	125	52	15	2672	0	2864
10437	81	51	2630	94	0	2856
10438	68	31	76	2654	0	2829
10439	46	22	2632	125	0	2825
10440	41	2584	104	65	0	2794
10441	28	79	52	2635	0	2794
10442	2572	37	50	108	0	2767
10443	93	48	23	2597	0	2761
10444	46	36	2488	116	0	2686
10445	2505	24	76	65	0	2670
10446	110	11	2490	64	0	2675
10447	74	19	2363	36	0	2492
10448	49	2192	94	34	0	2369
10449	25	1682	44	19	0	1770
10450	28	1465	54	24	0	1571
10451	1036	47	59	45	0	1187
10452	920	2	4	2	0	928
10453	5	2	3	947	0	957
10454	3	3	3	929	0	938
10455	6	2	2	953	0	963
10456	4	943	0	8	0	955
10457	950	6	0	8	0	964
10458	6	957	2	4	0	969
10459	5	9	2	952	0	968
10460	942	3	3	11	0	959
10461	7	6	3	938	0	954
10462	5	2	0	961	0	968
10463	964	2	1	10	0	977
10464	943	3	2	6	0	954
10465	8	2	927	4	0	941
10466	5	2	897	3	0	907
10467	2	2	948	4	0	956
10468	6	1	12	951	0	970
10469	3	3	4	957	0	967
10470	1	954	3	16	0	974
10471	995	11	1	9	0	1016
10472	13	3	1	1010	0	1027
10473	6	5	3	1019	0	1033
10474	5	1024	0	13	0	1042
10475	3	1083	3	8	0	1097
10476	4	9	0	1128	0	1141
10477	4	6	1	1255	0	1266
10478	1250	1	2	22	0	1275
10479	1256	3	4	7	0	1270
10480	20	1	1	1248	0	1270
10481	9	2	1221	18	0	1250
10482	4	2	1189	10	0	1205
10483	4	0	19	1231	0	1254
10484	6	7	6	1194	0	1213
10485	3	1190	4	22	0	1219
10486	1115	16	5	8	0	1144
10487	20	4	1	1112	0	1137
10488	5	4	1099	15	0	1123
10489	3	1	14	1135	0	1153
10490	4	1	1128	17	0	1150
10491	3	3	1118	7	0	1131
10492	4	5	19	1141	0	1169
10493	1142	1	6	21	0	1170
10494	14	2	1122	5	0	1143
10495	6	4	15	1116	0	1141
10496	1	0	1213	17	0	1231
10497	3	1	12	1219	0	1235
10498	4	0	7	1226	0	1237
10499	0	1	1210	20	0	1231
10500	2	1	1187	4	0	1194
10501	2	0	22	1144	0	1168
10502	3	3	4	1226	0	1236
10503	2	0	2	1241	0	1245
10504	1	1	2	1222	0	1226
10505	1213	0	3	20	0	1236
10506	1215	0	2	9	0	1226
10507	20	1205	3	5	0	1233
10508	1210	16	4	7	0	1237
10509	17	2	3	1224	0	1246
10510	1229	0	2	20	0	1251
10511	16	2	1229	7	0	1254
10512	1278	0	15	6	0	1299
10513	18	1	5	1320	0	1344
10514	8	0	3	1365	0	1376
10515	1346	1	4	26	0	1377
10516	20	2	2	1473	0	1497
10517	7	3	1530	26	0	1566
10518	1509	0	27	13	0	1549
10519	28	1573	7	6	0	1614
10520	11	23	4	1605	0	1643
10521	2	9	1697	36	0	1744
10522	9	0	31	1684	0	1724
10523	2	3	1691	40	0	1736
10524	6	1	36	1700	0	1743
10525	2	1710	12	40	0	1764
10526	4	34	3	1753	0	1794
10527	7	1834	4	40	0	1885
10528	3	38	2	1772	0	1815
10529	10	12	3	1931	0	1956
10530	6	1	4	1955	0	1966
10531	6	4	4	1944	0	1958
10532	7	0	5	1965	0	1977
10533	3	2	1907	58	0	1970
10534	9	3	40	1907	0	1959
10535	4	2	15	1943	0	1964
10536	1941	4	5	57	0	2007
10537	39	1913	7	21	0	1980
10538	1948	38	4	15	0	2005
10539	46	14	4	1945	0	2009
10540	14	3	1921	50	0	1988
10541	4	1902	41	20	0	1967
10542	1895	34	16	11	0	1956
10543	38	1882	6	15	0	1941
10544	14	1966	6	15	0	2001
10545	1936	52	10	13	0	2011
10546	50	17	1	2069	0	2137
10547	2064	5	9	56	0	2134
10548	57	5	2	2047	0	2111
10549	19	4	2075	64	0	2162
10550	10	3	2085	27	0	2125
10551	2010	7	55	15	0	2087
10552	2113	2	17	17	0	2149
10553	64	8	9	2038	0	2119
10554	20	2	9	2087	0	2118
10555	2011	6	5	68	0	2090
10556	48	1979	5	30	0	2062
10557	21	2043	10	13	0	2087
10558	2014	58	4	18	0	2094
10559	2053	17	6	11	0	2087
10560	62	2030	4	13	0	2109
10561	29	52	4	2046	0	2131
10562	13	18	2019	58	0	2108
10563	12	14	2017	24	0	2067
10564	1973	7	61	9	0	2050
10565	54	12	2023	15	0	2104
10566	26	4	50	1983	0	2063
10567	12	6	15	1978	0	2011
10568	8	1980	11	60	0	2059
10569	1983	46	12	22	0	2063
10570	56	17	7	1981	0	2061
10571	20	11	1922	54	0	2007
10572	11	1924	45	25	0	2005
10573	13	51	19	1907	0	1990
10574	8	17	1883	52	0	1960
10575	6	10	1817	24	0	1857
10576	14	1791	51	14	0	1870
10577	1655	44	20	13	0	1732
10578	43	1689	9	19	0	1760
10579	1698	44	9	10	0	1761
10580	43	15	1671	15	0	1744
10581	1648	8	43	12	0	1711
10582	42	1677	19	14	0	1752
10583	24	42	9	1688	0	1763
10584	13	13	11	1753	0	1790
10585	1718	10	6	60	0	1794
10586	45	12	1700	23	0	1780
10587	1703	8	39	22	0	1772
10588	1727	9	15	13	0	1764
10589	60	6	1657	11	0	1734
10590	23	8	1684	13	0	1728
10591	20	7	47	1656	0	1730
10592	1671	6	20	51	0	1748
10593	1699	10	12	25	0	1746
10594	58	1689	13	11	0	1771
10595	24	41	5	1722	0	1792
10596	20	20	8	1665	0	1713
10597	17	11	4	1686	0	1718
10598	13	8	5	1714	0	1740
10599	1668	7	7	59	0	1741
10600	54	10	7	1674	0	1745
10601	21	11	1650	58	0	1740
10602	16	9	1648	24	0	1697
10603	1612	3	53	15	0	1683
10604	46	1622	22	14	0	1704
10605	21	1700	12	17	0	1750
10606	22	56	13	1680	0	1771
10607	17	16	10	1717	0	1760
10608	15	12	6	1715	0	1748
10609	13	7	9	1729	0	1758
10610	11	6	1656	66	0	1739
10611	15	8	46	1636	0	1705
10612	13	6	14	1625	0	1658
10613	14	6	1524	55	0	1599
10614	1422	5	44	28	0	1499
10615	39	1475	17	23	0	1554
10616	1349	33	12	14	0	1408
10617	43	14	1298	11	0	1366
10618	25	5	1254	7	0	1291
10619	9	1246	41	5	0	1301
10620	1182	40	64	15	0	1301
10621	1120	12	12	7	0	1151
10622	1123	8	4	5	0	1140
10623	35	1101	2	4	0	1142
10624	1067	24	2	5	0	1098
10625	31	9	1071	3	0	1114
10626	12	1056	24	3	0	1095
10627	1013	25	4	6	0	1048
10628	28	1018	9	2	0	1057
10629	985	24	8	3	0	1020
10630	975	8	4	10	0	997
10631	29	7	969	3	0	1008
10632	14	972	19	1	0	1006
10633	959	26	9	2	0	996
10634	27	6	964	7	0	1004
10635	8	964	22	5	0	999
10636	10	23	4	941	0	978
10637	3	5	929	23	0	960
10638	7	5	910	5	0	927
10639	5	6	17	906	0	934
10640	896	1	7	23	0	927
10641	20	903	4	7	0	934
10642	10	17	884	7	0	918
10643	10	3	859	2	0	874
10644	823	6	22	3	0	854
10645	18	860	6	6	0	890
10646	728	10	3	1	0	742
10647	12	733	1	2	0	748
10648	741	11	2	1	0	755
10649	701	1	0	1	0	703
10650	10	674	2	1	0	687
10651	2	8	1	684	0	695
10652	734	2	0	10	0	746
10653	12	3	0	748	0	763
10654	3	1	0	784	0	788
10655	776	0	1	14	0	791
10656	11	773	1	3	0	788
10657	772	9	0	3	0	784
10658	12	3	774	0	0	789
10659	4	2	10	774	0	790
10660	3	1	2	777	0	783
10661	770	2	1	13	0	786
10662	781	0	0	5	0	786
10663	15	1	0	781	0	797
10664	3	1	801	14	0	819
10665	4	2	9	802	0	817
10666	2	0	2	819	0	823
10667	0	1	4	823	0	828
10668	2	2	1	826	0	831
10669	815	1	0	16	0	832
10670	14	1	810	4	0	829
10671	3	800	17	6	0	826
10672	3	10	2	821	0	836
10673	4	2	2	838	0	846
10674	2	3	825	17	0	847
10675	2	2	797	4	0	805
10676	3	0	18	825	0	846
10677	2	2	5	846	0	855
10678	3	2	804	20	0	829
10679	2	0	13	808	0	823
10680	815	1	3	15	0	834
10681	14	835	5	5	0	859
10682	7	15	813	2	0	837
10683	3	810	14	4	0	831
10684	3	17	5	814	0	839
10685	3	4	820	15	0	842
10686	3	815	15	7	0	840
10687	8	12	3	820	0	843
10688	4	4	850	15	0	873
10689	4	4	15	848	0	871
10690	4	1	4	863	0	872
10691	853	0	6	20	0	879
10692	15	3	2	850	0	870
10693	860	1	0	20	0	881
10694	819	5	1	6	0	831
10695	827	1	2	6	0	836
10696	21	3	4	812	0	840
10697	6	1	789	19	0	815
10698	6	1	760	7	0	774
10699	791	5	14	6	0	816
10700	17	0	811	7	0	835
10701	775	2	13	9	0	799
10702	17	791	6	8	0	822
10703	801	14	1	11	0	827
10704	19	3	816	6	0	844
10705	10	1	851	5	0	867
10706	5	1	15	882	0	903
10707	4	1	919	21	0	945
10708	3	2	942	9	0	956
10709	7	0	22	986	0	1015
10710	2	2	6	1043	0	1053
10711	5	1	5	1070	0	1081
10712	4	1039	7	33	0	1083
10713	4	27	5	1037	0	1073
10714	2	1066	5	30	0	1103
10715	1080	26	2	12	0	1120
10716	1117	6	4	6	0	1133
10717	28	5	6	1071	0	1110
10718	8	1069	8	31	0	1116
10719	4	30	1079	12	0	1125
10720	1095	2	36	7	0	1140
10721	33	3	11	1090	0	1137
10722	9	3	7	1119	0	1138
10723	10	3	6	1121	0	1140
10724	1085	3	7	44	0	1139
10725	32	1041	5	18	0	1096
10726	9	1079	3	14	0	1105
10727	1044	31	6	7	0	1088
10728	35	1036	1	11	0	1083
10729	1067	36	2	7	0	1112
10730	1071	9	3	11	0	1094
10731	36	1058	5	10	0	1109
10732	15	32	5	1039	0	1091
10733	7	1050	5	31	0	1093
10734	9	35	4	1045	0	1093
10735	10	6	2	1130	0	1148
10736	1118	9	4	41	0	1172
10737	1159	5	1	11	0	1176
10738	41	6	3	1138	0	1188
10739	14	7	1114	37	0	1172
10740	1111	5	35	12	0	1163
10741	39	1120	6	12	0	1177
10742	18	34	9	1132	0	1193
10743	13	6	6	1162	0	1187
10744	11	12	5	1181	0	1209
10745	1119	7	1	49	0	1176
10746	1120	7	5	21	0	1153
10747	38	1057	5	23	0	1123
10748	19	1098	1	11	0	1129
10749	14	36	0	1086	0	1136
10750	12	12	2	1119	0	1145
10751	6	9	1082	45	0	1142
10752	10	5	29	1048	0	1092
10753	8	6	1016	41	0	1071
10754	8	6	962	16	0	992
10755	3	978	29	19	0	1029
10756	4	32	15	992	0	1043
10757	1010	4	8	44	0	1066
10758	36	6	5	1010	0	1057
10759	12	2	1004	38	0	1056
10760	976	8	27	12	0	1023
10761	1009	7	7	13	0	1036
10762	38	5	972	9	0	1024
10763	17	6	27	998	0	1048
10764	984	1	9	41	0	1035
10765	40	990	9	14	0	1053
10766	1007	30	8	14	0	1059
10767	1067	9	9	6	0	1091
10768	40	14	2	1040	0	1096
10769	21	5	2	1079	0	1107
10770	1064	7	5	46	0	1122
10771	44	2	4	1067	0	1117
10772	21	4	1039	41	0	1105
10773	1045	7	28	14	0	1094
10774	1060	5	9	14	0	1088
10775	43	1011	9	11	0	1074
10776	14	1054	2	18	0	1088
10777	14	41	5	1009	0	1069
10778	14	1050	6	35	0	1105
10779	16	34	1	1061	0	1112
10780	1045	10	6	40	0	1101
10781	1036	8	4	19	0	1067
10782	44	1017	2	13	0	1076
10783	1019	35	4	10	0	1068
10784	43	1005	2	8	0	1058
10785	1014	38	3	14	0	1069
10786	1035	11	4	11	0	1061
10787	40	12	979	14	0	1045
10788	970	3	28	4	0	1005
10789	42	942	9	6	0	999
10790	11	989	8	8	0	1016
10791	982	35	5	7	0	1029
10792	38	19	3	992	0	1052
10793	24	7	983	32	0	1046
10794	16	6	31	985	0	1038
10795	8	10	8	1025	0	1051
10796	13	8	978	40	0	1039
10797	949	8	27	15	0	999
10798	39	967	10	15	0	1031
10799	958	27	10	12	0	1007
10800	46	6	6	928	0	986
10801	918	11	8	29	0	966
10802	38	912	2	14	0	966
10803	16	36	3	917	0	972
10804	904	5	5	37	0	951
10805	34	9	842	17	0	902
10806	15	4	797	13	0	829
10807	760	7	26	10	0	803
10808	28	727	10	12	0	777
10809	14	649	6	2	0	671
10810	14	27	2	620	0	663
10811	5	621	4	20	0	650
10812	10	16	2	635	0	663
10813	5	6	4	661	0	676
10814	4	5	7	656	0	672
10815	7	639	2	24	0	672
10816	5	16	0	634	0	655
10817	6	5	604	18	0	633
10818	4	591	12	9	0	616
10819	3	11	5	569	0	588
10820	4	571	6	9	0	590
10821	575	9	0	9	0	593
10822	573	3	3	6	0	585
10823	571	1	6	5	0	583
10824	17	581	1	4	0	603
10825	9	13	1	568	0	591
10826	7	8	555	8	0	578
10827	4	4	529	7	0	544
10828	538	8	5	8	0	559
10829	546	4	5	7	0	562
10830	14	1	2	572	0	589
10831	12	1	0	588	0	601
10832	3	2	586	16	0	607
10833	6	583	10	5	0	604
10834	10	564	3	4	0	581
10835	4	13	533	0	0	550
10836	5	6	8	500	0	519
10837	3	3	2	447	0	455
10838	2	1	1	515	0	519
10839	2	3	0	515	0	520
10840	510	3	0	9	0	522
10841	12	2	478	1	0	493
10842	484	3	5	2	0	494
10843	11	3	2	483	0	499
10844	483	3	2	8	0	496
10845	10	3	0	480	0	493
10846	6	1	475	8	0	490
10847	3	0	9	488	0	500
10848	2	3	479	7	0	491
10849	4	4	6	478	0	492
10850	4	12	475	9	0	500
10851	3	500	7	4	0	514
10852	2	8	1	510	0	521
10853	1	3	2	511	0	517
10854	2	514	2	10	0	528
10855	532	5	2	5	0	544
10856	9	2	3	529	0	543
10857	5	2	4	519	0	530
10858	531	3	0	9	0	543
10859	538	4	1	3	0	546
10860	546	4	1	3	0	554
10861	553	2	1	5	0	561
10862	12	3	531	3	0	549
10863	520	2	7	4	0	533
10864	537	1	2	4	0	544
10865	12	1	2	500	0	515
10866	2	2	2	498	0	504
10867	461	1	1	9	0	472
10868	9	457	1	2	0	469
10869	3	7	0	444	0	454
10870	1	0	457	6	0	464
10871	1	444	5	1	0	451
10872	450	6	5	1	0	462
10873	455	0	0	0	0	455
10874	451	0	0	1	0	452
10875	458	0	0	1	0	459
10876	5	0	0	457	0	462
10877	0	1	437	5	0	443
10878	0	0	477	1	0	478
10879	1	0	8	519	0	528
10880	544	0	0	9	0	553
10881	11	0	0	547	0	558
10882	1	0	555	11	0	567
10883	554	0	9	1	0	564
10884	552	0	0	3	0	555
10885	10	0	3	567	0	580
10886	2	2	580	8	0	592
10887	2	1	599	0	0	602
10888	591	0	11	5	0	607
10889	13	597	2	4	0	616
10890	1	10	586	3	0	600
10891	3	0	12	590	0	605
10892	585	2	1	12	0	600
10893	14	551	1	1	0	567
10894	1	576	1	5	0	583
10895	571	11	2	1	0	585
10896	11	2	0	571	0	584
10897	593	1	1	13	0	608
10898	15	2	0	602	0	619
10899	1	0	3	615	0	619
10900	2	0	586	18	0	606
10901	2	2	561	3	0	568
10902	1	2	604	3	0	610
10903	2	2	16	606	0	626
10904	600	2	5	17	0	624
10905	15	0	608	4	0	627
10906	4	0	12	611	0	627
10907	4	3	621	16	0	644
10908	1	638	15	3	0	657
10909	1	15	4	645	0	665
10910	2	2	3	656	0	663
10911	2	3	2	651	0	658
10912	639	1	0	21	0	661
10913	19	0	1	636	0	656
10914	5	0	2	645	0	652
10915	636	0	2	19	0	657
10916	17	1	621	5	0	644
10917	628	2	16	3	0	649
10918	637	0	2	3	0	642
10919	18	0	607	4	0	629
10920	606	0	15	4	0	625
10921	21	1	1	618	0	641
10922	2	1	622	16	0	641
10923	625	1	15	3	0	644
10924	643	2	3	4	0	652
10925	19	1	4	635	0	659
10926	9	0	0	654	0	663
10927	10	0	0	654	0	664
10928	630	0	4	22	0	656
10929	18	628	2	8	0	656
10930	606	13	2	5	0	626
10931	17	568	3	3	0	591
10932	6	565	3	3	0	577
10933	7	16	1	570	0	594
10934	4	6	1	583	0	594
10935	3	1	2	587	0	593
10936	0	1	2	596	0	599
10937	4	0	559	20	0	583
10938	559	2	13	7	0	581
10939	15	1	4	582	0	602
10940	4	0	591	15	0	610
10941	6	3	15	584	0	608
10942	3	0	5	606	0	614
10943	5	1	629	19	0	654
10944	3	1	16	638	0	658
10945	4	1	3	660	0	668
10946	652	1	0	21	0	674
10947	17	2	661	6	0	686
10948	639	2	15	8	0	664
10949	19	654	4	6	0	683
10950	651	13	4	9	0	677
10951	649	3	4	5	0	661
10952	20	3	5	631	0	659
10953	11	2	619	19	0	651
10954	6	649	12	9	0	676
10955	5	12	8	627	0	652
10956	3	662	6	18	0	689
10957	668	17	2	5	0	692
10958	17	5	644	6	0	672
10959	5	4	646	5	0	660
10960	7	1	17	629	0	654
10961	5	1	663	17	0	686
10962	3	2	18	665	0	688
10963	4	1	5	668	0	678
10964	667	2	3	22	0	694
10965	18	673	1	10	0	702
10966	6	12	2	692	0	712
10967	5	2	2	706	0	715
10968	5	4	3	698	0	710
10969	4	681	1	20	0	706
10970	2	707	3	8	0	720
10971	699	16	1	6	0	722
10972	695	4	1	8	0	708
10973	701	3	2	5	0	711
10974	21	3	688	3	0	715
10975	7	2	13	683	0	705
10976	5	1	673	17	0	696
10977	0	667	17	8	0	692
10978	631	10	5	12	0	658
10979	11	5	609	3	0	628
10980	4	1	11	593	0	609
10981	3	0	598	11	0	612
10982	582	2	10	6	0	600
10983	622	0	3	5	0	630
10984	621	1	3	2	0	627
10985	599	0	0	4	0	603
10986	12	1	605	4	0	622
10987	582	2	7	3	0	594
10988	599	0	4	3	0	606
10989	9	596	0	1	0	606
10990	595	7	1	4	0	607
10991	610	3	1	1	0	615
10992	9	0	2	595	0	606
10993	4	623	1	7	0	635
10994	661	9	1	5	0	676
10995	712	4	1	4	0	721
10996	13	1	767	3	0	784
10997	6	1	779	1	0	787
10998	2	1	802	1	0	806
10999	0	1	19	792	0	812
11000	795	0	8	12	0	815
11001	11	790	3	10	0	814
11002	790	9	0	3	0	802
11003	12	785	1	2	0	800
11004	792	12	1	3	0	808
11005	13	774	1	2	0	790
11006	4	791	1	0	0	796
11007	768	12	1	1	0	782
11008	8	762	0	1	0	771
11009	5	13	0	760	0	778
11010	3	4	766	9	0	782
11011	2	3	763	3	0	771
11012	0	0	12	758	0	770
11013	0	0	6	774	0	780
11014	3	0	764	12	0	779
11015	1	3	9	758	0	771
11016	3	0	3	770	0	776
11017	769	1	3	13	0	786
11018	11	770	0	8	0	789
11019	3	10	2	750	0	765
11020	3	785	0	7	0	795
11021	781	12	1	3	0	797
11022	10	776	0	2	0	788
11023	785	13	0	1	0	799
11024	783	3	3	1	0	790
11025	15	3	1	768	0	787
11026	8	0	2	778	0	788
11027	5	4	1	778	0	788
11028	1	1	3	783	0	788
11029	2	0	747	21	0	770
11030	728	0	10	8	0	746
11031	10	754	3	4	0	771
11032	8	11	3	762	0	784
11033	5	5	0	765	0	775
11034	3	764	2	19	0	788
11035	778	13	1	6	0	798
11036	13	778	1	3	0	795
11037	4	13	0	785	0	802
11038	8	5	0	792	0	805
11039	3	4	0	802	0	809
11040	2	2	1	803	0	808
11041	788	1	1	19	0	809
11042	12	2	778	9	0	801
11043	5	1	13	748	0	767
11044	5	1	7	742	0	755
11045	1	2	9	741	0	753
11046	3	2	4	734	0	743
11047	707	0	2	21	0	730
11048	11	5	703	9	0	728
11049	10	2	9	669	0	690
11050	5	670	2	6	0	683
11051	5	708	4	4	0	721
11052	698	16	2	5	0	721
11053	12	9	687	4	0	712
11054	647	7	8	6	0	668
11055	22	3	654	0	0	679
11056	6	4	14	641	0	665
11057	647	2	4	15	0	668
11058	9	653	8	9	0	679
11059	5	8	7	644	0	664
11060	4	613	4	14	0	635
11061	639	14	2	9	0	664
11062	645	3	4	11	0	663
11063	16	5	3	647	0	671
11064	8	4	632	15	0	659
11065	7	3	630	7	0	647
11066	3	7	10	630	0	650
11067	2	627	8	12	0	649
11068	4	14	3	664	0	685
11069	3	9	4	639	0	655
11070	4	5	1	631	0	641
11071	6	4	623	19	0	652
11072	7	2	11	626	0	646
11073	4	2	4	635	0	645
11074	3	615	5	24	0	647
11075	5	13	3	631	0	652
11076	5	2	1	669	0	677
11077	3	5	4	666	0	678
11078	4	1	5	662	0	672
11079	5	3	2	650	0	660
11080	1	3	1	654	0	659
11081	2	4	1	646	0	653
11082	4	5	1	634	0	644
11083	7	8	532	71	0	618
11084	7	4	12	602	0	625
11085	592	5	4	22	0	623
11086	16	1	4	588	0	609
11087	6	1	585	26	0	618
11088	584	3	12	16	0	615
11089	602	2	6	12	0	622
11090	591	3	7	8	0	609
11091	606	3	2	10	0	621
11092	19	5	2	594	0	620
11093	7	2	558	21	0	588
11094	9	516	12	10	0	547
11095	5	467	3	13	0	488
11096	7	19	11	383	0	420
11097	1	1	7	427	0	436
11098	2	0	2	423	0	427
11099	2	1	2	439	0	444
11100	1	3	0	525	0	529
11101	580	4	0	12	0	596
11102	9	572	0	7	0	588
11103	5	586	1	6	0	598
11104	2	10	2	614	0	628
11105	5	2	2	626	0	635
11106	0	5	3	618	0	626
11107	2	2	2	620	0	626
11108	1	3	584	17	0	605
11109	2	575	6	10	0	593
11110	6	9	3	592	0	610
11111	585	7	1	18	0	611
11112	12	6	5	585	0	608
11113	4	3	586	19	0	612
11114	1	0	562	16	0	579
11115	5	2	582	9	0	598
11116	2	2	13	597	0	614
11117	603	2	10	11	0	626
11118	11	4	4	604	0	623
11119	5	0	3	642	0	650
11120	633	2	3	19	0	657
11121	11	3	2	651	0	667
11122	4	1	6	662	0	673
11123	5	2	693	17	0	717
11124	4	694	12	10	0	720
11125	3	10	2	733	0	748
11126	726	3	4	19	0	752
11127	10	4	2	731	0	747
11128	4	1	721	23	0	749
11129	8	3	11	725	0	747
11130	4	725	3	19	0	751
11131	3	11	4	742	0	760
11132	6	4	734	15	0	759
11133	2	768	12	12	0	794
11134	4	14	6	765	0	789
11135	8	2	4	833	0	847
11136	0	5	6	832	0	843
11137	0	2	7	838	0	847
11138	4	1	802	27	0	834
11139	1	809	14	14	0	838
11140	811	11	5	18	0	845
11141	820	4	9	9	0	842
11142	14	8	3	825	0	850
11143	3	5	809	27	0	844
11144	810	0	16	12	0	838
11145	15	2	4	835	0	856
11146	6	1	845	26	0	878
11147	5	1	21	857	0	884
11148	8	7	3	861	0	879
11149	7	1	3	893	0	904
11150	9	3	894	20	0	926
11151	1	3	14	868	0	886
11152	2	907	10	20	0	939
11153	923	12	3	16	0	954
11154	925	4	5	14	0	948
11155	919	3	6	15	0	943
11156	15	917	8	11	0	951
11157	927	19	0	14	0	960
11158	23	3	2	918	0	946
11159	914	1	10	19	0	944
11160	923	7	2	15	0	947
11161	23	6	902	6	0	937
11162	13	895	18	8	0	934
11163	911	19	4	8	0	942
11164	25	3	6	892	0	926
11165	8	8	884	18	0	918
11166	9	882	12	15	0	918
11167	873	12	6	19	0	910
11168	22	2	6	892	0	922
11169	9	3	5	891	0	908
11170	4	6	8	886	0	904
11171	9	877	6	15	0	907
11172	8	15	1	880	0	904
11173	8	868	2	26	0	904
11174	7	16	7	881	0	911
11175	6	7	877	24	0	914
11176	10	3	18	880	0	911
11177	7	8	2	898	0	915
11178	7	3	3	906	0	919
11179	3	3	888	27	0	921
11180	6	10	13	875	0	904
11181	8	2	5	903	0	918
11182	4	5	7	902	0	918
11183	3	3	8	904	0	918
11184	3	5	7	906	0	921
11185	9	4	885	27	0	925
11186	7	4	15	895	0	921
11187	7	8	3	890	0	908
11188	875	1	8	23	0	907
11189	15	846	5	13	0	879
11190	6	878	2	17	0	903
11191	7	13	4	885	0	909
11192	7	6	5	868	0	886
11193	3	845	7	24	0	879
11194	4	16	5	851	0	876
11195	5	843	1	31	0	880
11196	3	9	7	855	0	874
11197	4	6	5	818	0	833
11198	5	6	787	18	0	816
11199	3	766	12	12	0	793
11200	4	719	4	14	0	741
11201	624	9	0	8	0	641
11202	10	623	1	7	0	641
11203	3	12	1	624	0	640
11204	1	3	592	11	0	607
11205	2	1	7	594	0	604
11206	592	2	3	14	0	611
11207	9	1	594	6	0	610
11208	1	617	9	5	0	632
11209	5	11	0	548	0	564
11210	2	3	0	627	0	632
11211	621	4	3	13	0	641
11212	9	2	2	625	0	638
11213	2	3	2	636	0	643
11214	2	5	0	637	0	644
11215	4	1	0	629	0	634
11216	618	3	0	14	0	635
11217	615	3	2	6	0	626
11218	10	1	2	621	0	634
11219	596	1	3	13	0	613
11220	10	4	1	576	0	591
11221	3	3	554	10	0	570
11222	2	3	536	6	0	547
11223	2	2	7	481	0	492
11224	2	481	1	14	0	498
11225	2	7	3	475	0	487
11226	468	0	2	10	0	480
11227	8	1	0	471	0	480
11228	467	1	3	12	0	483
11229	7	4	0	477	0	488
11230	2	0	487	10	0	499
11231	2	480	7	7	0	496
11232	2	487	1	6	0	496
11233	1	7	1	449	0	458
11234	2	2	454	12	0	470
11235	2	400	3	2	0	407
11236	1	5	3	401	0	410
11237	398	1	0	5	0	404
11238	4	1	429	3	0	437
11239	1	0	4	432	0	437
11240	2	2	1	440	0	445
11241	0	1	432	8	0	441
11242	1	1	411	3	0	416
11243	1	1	435	3	0	440
11244	0	1	4	439	0	444
11245	0	1	444	8	0	453
11246	431	0	8	2	0	441
11247	8	0	2	461	0	471
11248	3	0	555	9	0	567
11249	3	555	7	4	0	569
11250	0	7	569	2	0	578
11251	3	3	8	566	0	580
11252	580	2	2	8	0	592
11253	6	2	1	598	0	607
11254	4	1	1	613	0	619
11255	647	0	3	12	0	662
11256	10	2	2	665	0	679
11257	10	0	657	14	0	681
11258	646	1	13	5	0	665
11259	12	674	7	3	0	696
11260	682	11	0	3	0	696
11261	12	5	0	683	0	700
11262	5	0	681	12	0	698
11263	1	0	689	6	0	696
11264	1	5	16	687	0	709
11265	2	0	4	701	0	707
11266	1	1	713	17	0	732
11267	3	0	699	6	0	708
11268	696	0	18	1	0	715
11269	12	0	6	726	0	744
11270	735	0	0	17	0	752
11271	14	0	1	733	0	748
11272	4	0	768	13	0	785
11273	1	0	800	6	0	807
11274	3	0	18	808	0	829
11275	3	0	5	825	0	833
11276	1	1	828	22	0	852
11277	837	0	17	7	0	861
11278	20	2	6	862	0	890
11279	897	1	2	20	0	920
11280	23	982	1	9	0	1015
11281	5	23	1	1002	0	1031
11282	1006	7	2	28	0	1043
11283	27	1	1028	8	0	1064
11284	9	0	24	1042	0	1075
11285	5	2	8	1046	0	1061
11286	2	1	3	1075	0	1081
11287	4	4	1036	34	0	1078
11288	3	0	26	1036	0	1065
11289	2	1046	9	27	0	1084
11290	4	25	3	1060	0	1092
11291	1	8	1041	30	0	1080
11292	3	0	1059	10	0	1072
11293	0	0	32	1062	0	1094
11294	1	2	11	1081	0	1095
11295	1	1	4	1101	0	1107
11296	1	1	2	1103	0	1107
11297	1073	0	4	37	0	1114
11298	1088	1	2	12	0	1103
11299	32	1	1059	7	0	1099
11300	10	1066	26	5	0	1107
11301	4	22	9	1097	0	1132
11302	1135	5	3	32	0	1175
11303	1024	1	2	14	0	1041
11304	1154	2	2	4	0	1162
11305	1157	2	2	5	0	1166
11306	33	1	1130	6	0	1170
11307	1105	0	25	4	0	1134
11308	31	1103	9	2	0	1145
11309	10	23	3	1119	0	1155
11310	7	8	1133	28	0	1176
11311	2	2	27	1127	0	1158
11312	5	6	1123	30	0	1164
11313	4	3	27	1128	0	1162
11314	5	2	7	1166	0	1180
11315	1139	1	6	35	0	1181
11316	25	0	5	1152	0	1182
11317	9	4	1141	30	0	1184
11318	2	1	24	1172	0	1199
11319	1163	2	10	34	0	1209
11320	29	0	2	1182	0	1213
11321	11	2	1167	33	0	1213
11322	8	1157	29	10	0	1204
11323	1215	25	11	13	0	1264
11324	27	10	7	1190	0	1234
11325	9	1258	0	27	0	1294
11326	1258	22	4	16	0	1300
11327	28	9	1257	5	0	1299
11328	11	1244	26	5	0	1286
11329	9	24	9	1265	0	1307
11330	6	9	1243	31	0	1289
11331	7	3	27	1221	0	1258
11332	1225	3	10	33	0	1271
11333	30	3	1213	14	0	1260
11334	9	2	31	1213	0	1255
11335	5	2	1215	34	0	1256
11336	9	3	29	1211	0	1252
11337	5	0	10	1243	0	1258
11338	1181	1	12	34	0	1228
11339	27	1190	3	16	0	1236
11340	13	24	5	1207	0	1249
11341	1187	8	4	36	0	1235
11342	1205	6	4	14	0	1229
11343	40	1	3	1171	0	1215
11344	14	1152	6	28	0	1200
11345	4	1202	6	10	0	1222
11346	4	26	1	1171	0	1202
11347	7	9	4	1153	0	1173
11348	1069	2	3	35	0	1109
11349	25	2	6	1048	0	1081
11350	6	4	1006	32	0	1048
11351	966	2	25	10	0	1003
11352	23	974	7	11	0	1015
11353	973	22	6	7	0	1008
11354	27	6	985	8	0	1026
11355	7	1010	21	5	0	1043
11356	1008	24	4	6	0	1042
11357	1019	3	8	9	0	1039
11358	25	2	1032	2	0	1061
11359	1027	0	18	7	0	1052
11360	1045	1	6	4	0	1056
11361	21	1059	2	10	0	1092
11362	8	22	3	1097	0	1130
11363	6	4	1092	24	0	1126
11364	5	7	20	1120	0	1152
11365	7	1	1116	27	0	1151
11366	1	1	27	1088	0	1117
11367	1098	2	8	29	0	1137
11368	23	0	7	1119	0	1149
11369	7	3	1156	27	0	1193
11370	1158	1	28	13	0	1200
11371	35	0	9	1179	0	1223
11372	12	3	1139	30	0	1184
11373	1110	0	31	13	0	1154
11374	32	0	12	1106	0	1150
11375	12	2	1081	29	0	1124
11376	8	0	1074	15	0	1097
11377	8	13	34	1039	0	1094
11378	3	6	1058	24	0	1091
11379	3	1015	25	15	0	1058
11380	3	18	10	931	0	962
11381	924	7	6	20	0	957
11382	19	2	927	7	0	955
11383	8	1	910	4	0	923
11384	889	0	20	4	0	913
11385	18	1	917	3	0	939
11386	881	0	23	3	0	907
11387	23	0	906	3	0	932
11388	12	0	21	890	0	923
11389	3	1	925	19	0	948
11390	5	0	21	924	0	950
11391	2	0	939	23	0	964
11392	2	1	910	10	0	923
11393	879	0	27	5	0	911
11394	19	919	12	6	0	956
11395	932	17	10	4	0	963
11396	21	946	6	3	0	976
11397	10	18	3	953	0	984
11398	4	9	6	970	0	989
11399	967	2	4	26	0	999
11400	18	3	7	946	0	974
11401	12	0	938	23	0	973
11402	889	2	23	11	0	925
11403	919	0	12	7	0	938
11404	29	0	9	907	0	945
11405	12	2	910	21	0	945
11406	6	0	21	903	0	930
11407	2	906	15	22	0	945
11408	5	20	7	917	0	949
11409	6	9	9	941	0	965
11410	3	3	894	34	0	934
11411	834	2	25	14	0	875
11412	23	896	10	6	0	935
11413	907	20	6	7	0	940
11414	24	910	5	8	0	947
11415	12	19	5	882	0	918
11416	6	905	3	24	0	938
11417	7	21	893	13	0	934
11418	5	12	22	865	0	904
11419	7	3	12	879	0	901
11420	6	3	5	911	0	925
11421	878	1	5	33	0	917
11422	21	2	6	884	0	913
11423	838	3	9	29	0	879
11424	854	3	6	16	0	879
11425	820	5	3	17	0	845
11426	33	1	807	9	0	850
11427	22	2	18	806	0	848
11428	10	1	14	862	0	887
11429	9	3	12	872	0	896
11430	909	3	11	33	0	956
11431	30	6	6	916	0	958
11432	15	4	5	955	0	979
11433	981	8	9	40	0	1038
11434	35	3	5	1017	0	1060
11435	17	3	1024	44	0	1088
11436	7	4	1052	25	0	1088
11437	10	1	47	1048	0	1106
11438	1047	3	17	42	0	1109
11439	1045	1	16	19	0	1081
11440	55	4	7	1027	0	1093
11441	25	3	1011	38	0	1077
11442	14	1001	36	20	0	1071
11443	14	29	18	1022	0	1083
11444	7	11	10	1065	0	1093
11445	8	5	11	1047	0	1071
11446	1021	3	8	56	0	1088
11447	41	0	1026	31	0	1098
11448	1042	7	34	15	0	1098
11449	47	2	20	1017	0	1086
11450	25	1027	9	40	0	1101
11451	1031	35	7	25	0	1098
11452	1041	11	4	19	0	1075
11453	53	8	1038	6	0	1105
11454	25	946	36	15	0	1022
11455	12	976	21	13	0	1022
11456	960	42	4	10	0	1016
11457	47	14	6	949	0	1016
11458	24	12	6	961	0	1003
11459	13	5	13	948	0	979
11460	10	871	6	53	0	940
11461	7	900	1	29	0	937
11462	853	35	1	18	0	907
11463	34	11	4	852	0	901
11464	15	8	916	33	0	972
11465	14	1	37	965	0	1017
11466	7	10	1081	46	0	1144
11467	11	7	1087	16	0	1121
11468	13	9	1100	11	0	1133
11469	3	990	57	9	0	1059
11470	12	37	31	940	0	1020
11471	0	998	15	38	0	1051
11472	8	47	9	958	0	1022
11473	7	20	5	1022	0	1054
11474	993	10	5	53	0	1061
11475	33	9	4	1017	0	1063
11476	983	3	4	55	0	1045
11477	1014	7	0	24	0	1045
11478	54	2	3	971	0	1030
11479	29	937	1	48	0	1015
11480	19	31	4	937	0	991
11481	8	957	1	42	0	1008
11482	5	42	2	952	0	1001
11483	5	25	940	46	0	1016
11484	4	11	31	974	0	1020
11485	2	9	15	1005	0	1031
11486	942	3	14	62	0	1021
11487	38	941	5	33	0	1017
11488	21	38	4	950	0	1013
11489	15	17	5	945	0	982
11490	10	914	4	55	0	983
11491	7	45	1	934	0	987
11492	852	15	2	61	0	930
11493	928	18	0	25	0	971
11494	53	885	1	24	0	963
11495	26	36	5	907	0	974
11496	883	20	4	44	0	951
11497	42	889	4	25	0	960
11498	22	40	2	841	0	905
11499	20	877	6	37	0	940
11500	877	49	4	23	0	953
11501	38	19	852	22	0	931
11502	23	17	880	8	0	928
11503	18	13	46	864	0	941
11504	9	4	880	50	0	943
11505	10	6	56	869	0	941
11506	861	6	21	55	0	943
11507	41	1	874	34	0	950
11508	20	2	49	877	0	948
11509	19	8	17	905	0	949
11510	860	4	16	63	0	943
11511	41	869	8	36	0	954
11512	876	37	4	27	0	944
11513	897	18	5	16	0	936
11514	60	851	7	11	0	929
11515	38	42	1	852	0	933
11516	25	20	826	42	0	913
11517	12	16	39	834	0	901
11518	12	837	16	50	0	915
11519	850	41	15	27	0	933
11520	38	21	9	863	0	931
11521	18	19	853	53	0	943
11522	18	9	40	881	0	948
11523	13	5	20	919	0	957
11524	11	9	14	926	0	960
11525	11	8	11	937	0	967
11526	6	6	6	928	0	946
11527	6	3	839	79	0	927
11528	13	9	814	43	0	879
11529	7	749	51	34	0	841
11530	2	767	27	20	0	816
11531	740	39	18	15	0	812
11532	37	23	723	12	0	795
11533	676	14	30	7	0	727
11534	37	7	656	10	0	710
11535	23	2	632	5	0	662
11536	13	4	36	602	0	655
11537	617	6	23	29	0	675
11538	28	2	17	626	0	673
11539	16	4	7	639	0	666
11540	11	4	649	43	0	707
11541	7	4	26	676	0	713
11542	7	3	15	688	0	713
11543	6	3	10	690	0	709
11544	6	2	7	699	0	714
11545	5	2	2	702	0	711
11546	643	4	4	52	0	703
11547	25	3	2	662	0	692
11548	14	1	625	47	0	687
11549	15	5	22	641	0	683
11550	7	3	613	39	0	662
11551	5	4	29	637	0	675
11552	6	3	643	34	0	686
11553	5	6	28	616	0	655
11554	2	2	18	653	0	675
11555	2	2	623	43	0	670
11556	578	3	23	24	0	628
11557	23	3	622	17	0	665
11558	13	2	31	626	0	672
11559	632	0	18	26	0	676
11560	27	1	14	633	0	675
11561	14	1	5	646	0	666
11562	13	1	613	38	0	665
11563	8	576	23	24	0	631
11564	1	501	11	16	0	529
11565	3	462	10	9	0	484
11566	14	3	2	308	0	327
11567	318	3	0	4	0	325
11568	2	1	1	316	0	320
11569	4	0	0	321	0	325
11570	1	0	0	323	0	324
11571	0	1	1	323	0	325
11572	0	310	0	8	0	318
11573	0	2	1	323	0	326
11574	0	1	1	327	0	329
11575	0	317	2	5	0	324
11576	325	3	0	1	0	329
11577	3	0	0	323	0	326
11578	322	0	3	3	0	328
11579	319	0	0	1	0	320
11580	3	332	1	2	0	338
11581	0	2	0	356	0	358
11582	2	0	351	5	0	358
11583	0	0	326	1	0	327
11584	1	0	3	344	0	348
11585	348	1	0	1	0	350
11586	356	1	0	0	0	357
11587	3	0	0	358	0	361
11588	363	0	1	3	0	367
11589	2	362	0	1	0	365
11590	367	2	1	1	0	371
11591	2	396	2	1	0	401
11592	0	2	0	425	0	427
11593	1	0	0	424	0	425
11594	0	427	0	3	0	430
11595	425	2	0	1	0	428
11596	2	0	413	0	0	415
11597	2	0	2	417	0	421
11598	0	0	424	3	0	427
11599	0	0	2	426	0	428
11600	430	0	0	4	0	434
11601	2	0	0	431	0	433
11602	428	0	0	3	0	431
11603	427	0	0	3	0	430
11604	2	0	2	428	0	432
11605	0	0	428	4	0	432
11606	0	441	4	1	0	446
11607	0	2	1	442	0	445
11608	436	0	1	4	0	441
11609	3	0	442	2	0	447
11610	2	0	2	453	0	457
11611	0	0	1	451	0	452
11612	2	0	2	459	0	463
11613	458	1	1	6	0	466
11614	3	0	1	448	0	452
11615	1	1	0	466	0	468
11616	1	0	466	4	0	471
11617	1	0	3	459	0	463
11618	0	1	2	475	0	478
11619	2	0	1	484	0	487
11620	1	482	1	6	0	490
11621	0	3	1	468	0	472
11622	2	0	1	473	0	476
11623	460	0	1	3	0	464
11624	4	1	442	1	0	448
11625	1	1	415	1	0	418
11626	2	439	2	2	0	445
11627	3	3	0	454	0	460
11628	455	0	1	4	0	460
11629	3	2	1	448	0	454
11630	1	2	0	454	0	457
11631	0	1	0	465	0	466
11632	1	2	0	462	0	465
11633	2	0	2	457	0	461
11634	0	0	462	4	0	466
11635	0	1	1	454	0	456
11636	462	0	1	4	0	467
11637	4	448	1	3	0	456
11638	1	2	0	464	0	467
11639	2	0	0	464	0	466
11640	2	2	466	2	0	472
11641	2	1	2	457	0	462
11642	2	1	0	486	0	489
11643	500	0	2	7	0	509
11644	5	517	0	1	0	523
11645	2	13	0	518	0	533
11646	3	1	0	530	0	534
11647	1	0	2	533	0	536
11648	1	0	537	5	0	543
11649	1	1	506	1	0	509
11650	1	516	4	3	0	524
11651	2	546	0	1	0	549
11652	1	4	0	543	0	548
11653	1	519	0	7	0	527
11654	1	6	2	594	0	603
11655	0	1	1	656	0	658
11656	0	1	1	674	0	676
11657	0	2	0	753	0	755
11658	0	3	751	11	0	765
11659	1	0	8	741	0	750
11660	1	2	3	757	0	763
11661	2	1	0	766	0	769
11662	762	1	1	16	0	780
11663	9	760	3	6	0	778
11664	2	10	1	753	0	766
11665	0	776	4	15	0	795
11666	769	9	1	12	0	791
11667	733	4	2	8	0	747
11668	10	779	0	8	0	797
11669	3	793	2	10	0	808
11670	4	17	787	8	0	816
11671	3	823	12	9	0	847
11672	2	13	3	824	0	842
11673	833	5	3	16	0	857
11674	16	853	2	3	0	874
11675	4	17	5	874	0	900
11676	1	12	1	887	0	901
11677	4	3	2	905	0	914
11678	891	6	3	15	0	915
11679	10	6	898	8	0	922
11680	843	5	11	11	0	870
11681	16	878	4	8	0	906
11682	4	16	1	895	0	916
11683	4	4	893	17	0	918
11684	848	4	12	11	0	875
11685	13	891	5	6	0	915
11686	5	14	3	896	0	918
11687	5	902	3	16	0	926
11688	4	14	3	927	0	948
11689	8	6	0	939	0	953
11690	0	7	923	15	0	945
11691	7	3	857	9	0	876
11692	4	8	11	880	0	903
11693	4	6	902	17	0	929
11694	2	5	13	898	0	918
11695	6	9	8	869	0	892
11696	1	7	2	928	0	938
11697	912	1	2	24	0	939
11698	11	4	11	910	0	936
11699	5	2	928	19	0	954
11700	934	3	11	12	0	960
11701	9	2	6	957	0	974
11702	7	1	3	962	0	973
11703	957	2	1	23	0	983
11704	9	966	8	11	0	994
11705	11	9	2	983	0	1005
11706	3	5	7	976	0	991
11707	962	1	4	27	0	994
11708	16	4	951	12	0	983
11709	5	4	11	948	0	968
11710	5	4	6	949	0	964
11711	6	4	2	953	0	965
11712	7	939	3	19	0	968
11713	5	11	4	956	0	976
11714	945	6	2	20	0	973
11715	16	944	7	10	0	977
11716	939	12	5	12	0	968
11717	12	949	1	15	0	977
11718	956	15	3	14	0	988
11719	18	5	956	11	0	990
11720	7	10	933	10	0	960
11721	945	3	14	13	0	975
11722	19	6	984	11	0	1020
11723	11	5	14	1002	0	1032
11724	10	6	7	871	0	894
11725	9	4	5	1028	0	1046
11726	1020	3	3	20	0	1046
11727	17	7	997	8	0	1029
11728	995	5	13	14	0	1027
11729	19	2	5	1073	0	1099
11730	1070	4	6	22	0	1102
11731	22	4	5	1084	0	1115
11732	1123	5	6	27	0	1161
11733	26	2	9	1219	0	1256
11734	9	4	1265	27	0	1305
11735	1252	3	25	13	0	1293
11736	1322	2	4	18	0	1346
11737	32	2	5	1316	0	1355
11738	6	2	6	1317	0	1331
11739	11	1323	10	29	0	1373
11740	1290	19	5	18	0	1332
11741	32	1293	3	10	0	1338
11742	1254	19	7	17	0	1297
11743	28	4	1280	10	0	1322
11744	9	10	1253	12	0	1284
11745	14	1	1224	9	0	1248
11746	1238	10	22	12	0	1282
11747	33	1276	9	7	0	1325
11748	10	18	10	1275	0	1313
11749	1268	6	8	23	0	1305
11750	23	1308	9	12	0	1352
11751	17	34	3	1271	0	1325
11752	4	1297	6	26	0	1333
11753	11	1250	3	14	0	1278
11754	9	1284	3	6	0	1302
11755	1213	26	5	8	0	1252
11756	18	1187	3	14	0	1222
11757	8	1097	6	2	0	1113
11758	6	1135	4	1	0	1146
11759	1144	22	2	3	0	1171
11760	1153	9	1	3	0	1166
11761	17	5	1116	4	0	1142
11762	1097	6	13	1	0	1117
11763	1177	7	3	3	0	1190
11764	19	2	3	1148	0	1172
11765	1177	3	1	12	0	1193
11766	15	4	1170	4	0	1193
11767	7	1236	14	4	0	1261
11768	1258	16	7	3	0	1284
11769	24	8	2	1293	0	1327
11770	1302	6	1	21	0	1330
11771	22	5	1239	7	0	1273
11772	1247	4	18	7	0	1276
11773	29	5	3	1275	0	1312
11774	6	2	1265	24	0	1297
11775	10	1194	21	6	0	1231
11776	6	1271	8	4	0	1289
11777	7	26	4	1268	0	1305
11778	5	6	4	1268	0	1283
11779	2	1256	7	22	0	1287
11780	1258	29	1	7	0	1295
11781	1266	9	1	5	0	1281
11782	1255	4	1	6	0	1266
11783	30	1272	1	5	0	1308
11784	11	26	3	1255	0	1295
11785	12	1296	0	21	0	1329
11786	1299	25	1	7	0	1332
11787	1300	5	2	1	0	1308
11788	27	1270	1	1	0	1299
11789	1286	27	1	3	0	1317
11790	27	10	0	1280	0	1317
11791	8	7	1	1301	0	1317
11792	1325	8	1	25	0	1359
11793	1305	6	0	9	0	1320
11794	1323	2	2	8	0	1335
11795	33	0	1	1309	0	1343
11796	9	4	2	1329	0	1344
11797	12	1	1299	30	0	1342
11798	9	3	23	1297	0	1332
11799	9	2	6	1311	0	1328
11800	5	4	1253	31	0	1293
11801	2	4	1212	10	0	1228
11802	3	3	1274	8	0	1288
11803	7	2	26	1262	0	1297
11804	8	2	1261	29	0	1300
11805	9	1	30	1254	0	1294
11806	9	3	6	1289	0	1307
11807	6	2	1275	31	0	1314
11808	1	3	1279	16	0	1299
11809	5	3	29	1272	0	1309
11810	8	3	1353	26	0	1390
11811	4	3	1326	14	0	1347
11812	6	1324	28	9	0	1367
11813	1366	26	12	8	0	1412
11814	1373	5	9	7	0	1394
11815	1376	4	8	8	0	1396
11816	26	1346	5	9	0	1386
11817	8	1394	4	3	0	1409
11818	8	28	3	1389	0	1428
11819	10	7	2	1385	0	1404
11820	11	3	1356	28	0	1398
11821	5	6	25	1357	0	1393
11822	1352	6	5	31	0	1394
11823	23	6	6	1326	0	1361
11824	5	1330	10	30	0	1375
11825	1404	26	4	10	0	1444
11826	1442	4	5	9	0	1460
11827	1463	2	3	7	0	1475
11828	38	2	1418	10	0	1468
11829	10	6	26	1442	0	1484
11830	1521	6	4	44	0	1575
11831	45	1	1532	11	0	1589
11832	13	1469	41	6	0	1529
11833	6	1429	7	4	0	1446
11834	1370	39	8	6	0	1423
11835	37	1356	8	6	0	1407
11836	10	38	2	1336	0	1386
11837	3	6	1376	38	0	1423
11838	4	3	36	1382	0	1425
11839	1376	1	5	43	0	1425
11840	38	1358	5	4	0	1405
11841	1357	39	1	5	0	1402
11842	39	6	1350	2	0	1397
11843	8	3	35	1307	0	1353
11844	4	1387	6	36	0	1433
11845	2	39	5	1428	0	1474
11846	1425	6	3	49	0	1483
11847	1462	2	4	7	0	1475
11848	1456	2	2	5	0	1465
11849	1472	3	1	7	0	1483
11850	43	2	5	1387	0	1437
11851	7	3	1399	39	0	1448
11852	8	2	34	1377	0	1421
11853	5	1409	4	35	0	1453
11854	1409	36	1	10	0	1456
11855	42	4	1410	1	0	1457
11856	1382	4	35	7	0	1428
11857	44	4	5	1406	0	1459
11858	5	2	1434	46	0	1487
11859	5	2	39	1420	0	1466
11860	1463	0	8	45	0	1516
11861	1497	1	3	11	0	1512
11862	1496	1	4	4	0	1505
11863	44	1	1427	4	0	1476
11864	10	5	42	1435	0	1492
11865	10	3	1443	37	0	1493
11866	5	1441	38	5	0	1489
11867	1382	31	9	7	0	1429
11868	33	1382	6	3	0	1424
11869	1345	29	8	4	0	1386
11870	35	2	3	1319	0	1359
11871	4	1344	5	28	0	1381
11872	1358	30	3	5	0	1396
11873	32	7	1373	3	0	1415
11874	8	4	25	1362	0	1399
11875	1385	1	4	26	0	1416
11876	34	4	1383	4	0	1425
11877	8	4	23	1369	0	1404
11878	6	1325	5	28	0	1364
11879	3	28	3	1411	0	1445
11880	6	7	2	1433	0	1448
11881	1406	3	5	30	0	1444
11882	27	1406	3	7	0	1443
11883	8	28	1	1351	0	1388
11884	5	1374	3	24	0	1406
11885	6	29	2	1362	0	1399
11886	7	1381	4	29	0	1421
11887	1374	28	4	8	0	1414
11888	31	8	1402	6	0	1447
11889	12	1	28	1415	0	1456
11890	5	5	8	1445	0	1463
11891	6	4	3	1444	0	1457
11892	3	8	3	1409	0	1423
11893	7	3	1365	35	0	1410
11894	8	1390	29	11	0	1438
11895	1411	28	4	7	0	1450
11896	1442	6	5	8	0	1461
11897	30	1415	2	7	0	1454
11898	1437	27	2	7	0	1473
11899	1444	6	5	10	0	1465
11900	36	1452	0	5	0	1493
11901	11	29	4	1436	0	1480
11902	3	1460	6	24	0	1493
11903	1475	29	2	9	0	1515
11904	33	4	1442	7	0	1486
11905	1370	3	28	5	0	1406
11906	34	3	1489	5	0	1531
11907	9	2	27	1501	0	1539
11908	1493	3	6	28	0	1530
11909	30	3	1466	9	0	1508
11910	1408	7	27	3	0	1445
11911	1454	4	3	4	0	1465
11912	36	1	5	1435	0	1477
11913	8	1447	4	24	0	1483
11914	1478	26	2	8	0	1514
11915	30	7	6	1472	0	1515
11916	8	1427	1	31	0	1467
11917	1453	23	6	12	0	1494
11918	30	9	2	1449	0	1490
11919	15	1515	1	27	0	1558
11920	11	26	6	1574	0	1617
11921	1578	6	2	33	0	1619
11922	1596	2	6	9	0	1613
11923	1605	6	3	9	0	1623
11924	39	3	1	1556	0	1599
11925	10	6	4	1536	0	1556
11926	6	6	1516	29	0	1557
11927	8	12	19	1519	0	1558
11928	4	2	1587	24	0	1617
11929	2	6	1408	5	0	1421
11930	5	2	1392	3	0	1402
11931	1	1481	9	5	0	1496
11932	2	11	3	1442	0	1458
11933	11	1548	0	7	0	1566
11934	1609	12	8	3	0	1632
11935	1622	4	2	3	0	1631
11936	18	1	3	1654	0	1676
11937	5	1	1659	16	0	1681
11938	4	2	19	1649	0	1674
11939	4	2	1711	20	0	1737
11940	2	1	17	1693	0	1713
11941	2	1678	5	18	0	1703
11942	3	1760	3	7	0	1773
11943	1726	20	3	5	0	1754
11944	18	4	1724	4	0	1750
11945	6	3	20	1690	0	1719
11946	3	3	7	1720	0	1733
11947	1734	2	1	30	0	1767
11948	22	1736	2	6	0	1766
11949	1747	22	5	4	0	1778
11950	23	1759	2	9	0	1793
11951	1769	20	3	4	0	1796
11952	1816	6	1	11	0	1834
11953	29	2	1	1808	0	1840
11954	9	6	1782	21	0	1818
11955	1723	5	23	7	0	1758
11956	28	1811	4	4	0	1847
11957	1838	26	1	11	0	1876
11958	25	9	3	1784	0	1821
11959	10	1	2	1795	0	1808
11960	4	1754	7	27	0	1792
11961	6	24	3	1731	0	1764
11962	2	1769	2	26	0	1799
11963	6	26	0	1750	0	1782
11964	10	3	2	1739	0	1754
11965	1702	0	3	29	0	1734
11966	27	3	1681	7	0	1718
11967	6	1672	21	6	0	1705
11968	3	24	4	1704	0	1735
11969	1725	8	4	25	0	1762
11970	1751	0	4	15	0	1770
11971	1747	6	2	8	0	1763
11972	30	5	1713	3	0	1751
11973	1727	5	28	7	0	1767
11974	29	6	4	1781	0	1820
11975	1761	2	7	34	0	1804
11976	26	1716	3	13	0	1758
11977	10	30	3	1742	0	1785
11978	1732	4	1	29	0	1766
11979	29	1781	7	10	0	1827
11980	4	33	2	1803	0	1842
11981	6	9	1723	38	0	1776
11982	1767	5	25	7	0	1804
11983	1891	6	4	7	0	1908
11984	44	4	1852	7	0	1907
11985	10	1784	32	7	0	1833
11986	11	1866	6	8	0	1891
11987	16	31	10	1872	0	1929
11988	9	16	5	1779	0	1809
11989	4	7	4	1879	0	1894
11990	10	6	1865	37	0	1918
11991	1877	11	31	12	0	1931
11992	2007	5	8	12	0	2032
11993	2046	6	10	14	0	2076
11994	2037	1	7	18	0	2063
11995	2064	4	5	15	0	2088
11996	2093	4	6	11	0	2114
11997	50	10	8	2176	0	2244
11998	18	8	2126	49	0	2201
11999	16	7	2176	13	0	2212
12000	21	7	49	2190	0	2267
12001	14	1	9	2219	0	2243
12002	13	2	13	2193	0	2221
12003	10	2209	12	56	0	2287
12004	2250	45	5	19	0	2319
12005	60	2277	6	15	0	2358
12006	18	55	3	2265	0	2341
12007	2265	13	4	62	0	2344
12008	58	2253	2	19	0	2332
12009	19	53	4	2275	0	2351
12010	11	12	6	2324	0	2353
12011	9	11	9	2338	0	2367
12012	15	2323	5	73	0	2416
12013	22	56	5	2377	0	2460
12014	12	12	2357	80	0	2461
12015	10	13	70	2386	0	2479
12016	10	14	8	2470	0	2502
12017	16	12	6	2632	0	2666
12018	20	6	4	2732	0	2762
12019	14	12	2578	108	0	2712
12020	10	2546	78	46	0	2680
12021	23	80	22	2584	0	2709
12022	15	23	17	2697	0	2752
12023	15	17	12	2674	0	2718
12024	11	2474	15	122	0	2622
12025	13	2684	7	56	0	2760
12026	2628	102	8	54	0	2792
12027	88	29	6	2604	0	2727
12028	22	29	2544	104	0	2699
12029	19	2534	75	48	0	2676
12030	2480	84	17	44	0	2625
12031	99	22	2445	39	0	2605
12032	21	25	2436	42	0	2524
12033	20	23	2435	24	0	2502
12034	29	45	99	2329	0	2502
12035	22	14	2359	88	0	2483
12036	7	2274	98	45	0	2424
12037	8	71	46	2256	0	2381
12038	9	25	2302	89	0	2425
12039	12	28	83	2264	0	2387
12040	2214	25	33	104	0	2376
12041	72	23	2231	56	0	2382
12042	2175	13	90	45	0	2323
12043	87	2273	36	38	0	2434
12044	2297	82	27	30	0	2436
12045	102	27	41	2272	0	2442
12046	2281	20	33	90	0	2424
12047	2315	23	27	39	0	2404
12048	2247	21	24	41	0	2333
12049	109	2255	20	30	0	2414
12050	2274	74	22	38	0	2408
12051	2321	24	28	27	0	2400
12052	107	25	2196	36	0	2364
12053	54	2190	80	37	0	2361
12054	45	82	33	2200	0	2360
12055	49	31	40	2246	0	2366
12056	42	29	23	2287	0	2381
12057	22	20	2179	124	0	2345
12058	27	27	84	2222	0	2360
12059	28	21	2180	125	0	2354
12060	2214	17	88	64	0	2383
12061	2285	12	45	60	0	2402
12062	108	15	2218	44	0	2385
12063	2223	27	81	42	0	2373
12064	2305	14	35	36	0	2390
12065	2341	16	25	39	0	2421
12066	138	13	32	2238	0	2421
12067	74	19	2226	86	0	2405
12068	57	2243	74	43	0	2417
12069	56	81	33	2256	0	2426
12070	51	24	2249	105	0	2429
12071	33	21	2145	59	0	2258
12072	2126	30	89	51	0	2296
12073	76	2218	49	45	0	2388
12074	2232	63	44	58	0	2397
12075	2269	29	47	44	0	2389
12076	110	2223	44	32	0	2409
12077	2261	76	32	28	0	2397
12078	112	39	2270	30	0	2451
12079	75	26	2184	20	0	2305
12080	71	24	2219	27	0	2341
12081	55	2214	91	24	0	2384
12082	2190	72	60	24	0	2346
12083	2206	23	49	30	0	2308
12084	99	2076	41	24	0	2240
12085	54	2191	38	39	0	2322
12086	57	82	32	2164	0	2335
12087	53	44	31	2214	0	2342
12088	2191	43	18	85	0	2337
12089	81	2215	31	48	0	2375
12090	2190	74	20	37	0	2321
12091	2183	31	21	39	0	2274
12092	102	32	2069	28	0	2231
12093	62	2036	68	22	0	2188
12094	72	61	38	2006	0	2177
12095	2008	32	28	60	0	2128
12096	99	27	35	1944	0	2105
12097	1878	22	28	69	0	1997
12098	77	24	1829	27	0	1957
12099	47	1722	61	34	0	1864
12100	48	1813	26	30	0	1917
12101	48	72	26	1704	0	1850
12102	54	1788	21	50	0	1913
12103	1812	67	23	24	0	1926
12104	66	46	1758	25	0	1895
12105	1680	28	51	28	0	1787
12106	60	20	1751	36	0	1867
12107	50	25	51	1740	0	1866
12108	51	21	27	1747	0	1846
12109	50	25	23	1765	0	1863
12110	1761	9	20	64	0	1854
12111	73	12	1739	33	0	1857
12112	34	19	33	1702	0	1788
12113	33	16	21	1692	0	1762
12114	33	1582	19	62	0	1696
12115	41	1574	17	36	0	1668
12116	30	1615	17	36	0	1698
12117	29	20	13	1475	0	1537
12118	12	10	7	1403	0	1432
12119	7	1349	6	15	0	1377
12120	9	1373	6	9	0	1397
12121	1359	8	9	16	0	1392
12122	13	4	7	1361	0	1385
12123	13	1318	4	8	0	1343
12124	1353	6	7	7	0	1373
12125	21	2	4	1367	0	1394
12126	1460	0	8	10	0	1478
12127	13	3	4	1484	0	1504
12128	8	6	1477	10	0	1501
12129	7	1474	5	16	0	1502
12130	1463	4	9	6	0	1482
12131	8	6	1462	6	0	1482
12132	8	1451	5	4	0	1468
12133	2	8	2	1463	0	1475
12134	2	4	1	1476	0	1483
12135	1	1	1	1440	0	1443
12136	0	2	0	1444	0	1446
12137	1	0	1462	8	0	1471
12138	1	1437	1	9	0	1448
12139	0	2	6	1445	0	1453
12140	1424	3	1	6	0	1434
12141	3	1417	1	4	0	1425
12142	6	3	0	1543	0	1552
12143	2	3	1485	7	0	1497
12144	1	1485	6	5	0	1497
12145	5	9	6	1395	0	1415
12146	0	1545	1	7	0	1553
12147	1565	10	1	6	0	1582
12148	1573	7	0	4	0	1584
12149	14	4	1502	0	0	1520
12150	1518	3	6	3	0	1530
12151	1547	1	5	3	0	1556
12152	16	0	1493	1	0	1510
12153	12	1502	6	1	0	1521
12154	11	8	6	1501	0	1526
12155	5	7	3	1558	0	1573
12156	1549	3	2	19	0	1573
12157	11	1	2	1551	0	1565
12158	7	1	1537	13	0	1558
12159	1475	1	7	9	0	1492
12160	11	1	1487	8	0	1507
12161	9	1495	11	5	0	1520
12162	1477	8	6	5	0	1496
12163	14	6	1479	3	0	1502
12164	9	6	1411	2	0	1428
12165	5	1474	17	2	0	1498
12166	3	13	10	1490	0	1516
12167	4	7	1461	9	0	1481
12168	5	5	13	1303	0	1326
12169	5	4	9	1425	0	1443
12170	2	1	1387	19	0	1409
12171	3	1373	14	11	0	1401
12172	2	10	5	1391	0	1408
12173	1347	8	4	17	0	1376
12174	1328	5	4	14	0	1351
12175	15	4	2	1349	0	1370
12176	13	3	1315	16	0	1347
12177	8	1	1377	10	0	1396
12178	2	3	18	1337	0	1360
12179	4	4	1322	18	0	1348
12180	1339	2	15	9	0	1365
12181	20	2	9	1358	0	1389
12182	12	1	5	1380	0	1398
12183	7	1366	6	33	0	1412
12184	9	15	9	1400	0	1433
12185	2	9	1346	23	0	1380
12186	1279	6	22	22	0	1329
12187	1331	5	13	14	0	1363
12188	33	2	1334	8	0	1377
12189	18	3	22	1441	0	1484
12190	11	2	13	1478	0	1504
12191	10	4	1473	39	0	1526
12192	5	5	29	1527	0	1566
12193	9	1	16	1524	0	1550
12194	9	1559	10	43	0	1621
12195	11	27	9	1585	0	1632
12196	7	9	9	1638	0	1663
12197	1625	9	6	54	0	1694
12198	1669	6	4	27	0	1706
12199	1699	3	9	17	0	1728
12200	1700	1	6	17	0	1724
12201	1683	4	3	16	0	1706
12202	59	7	1623	12	0	1701
12203	25	5	39	1600	0	1669
12204	18	1	13	1653	0	1685
12205	19	1	1607	55	0	1682
12206	1572	8	42	17	0	1639
12207	1609	5	13	23	0	1650
12208	58	1	1480	18	0	1557
12209	1607	3	34	13	0	1657
12210	1637	2	13	13	0	1665
12211	58	3	1604	13	0	1678
12212	31	4	41	1576	0	1652
12213	23	1627	25	34	0	1709
12214	18	36	15	1720	0	1789
12215	21	16	5	1760	0	1802
12216	18	6	10	1743	0	1777
12217	10	7	1693	61	0	1771
12218	1664	5	41	32	0	1742
12219	1694	6	18	24	0	1742
12220	60	2	16	1677	0	1755
12221	32	6	1650	52	0	1740
12222	26	3	45	1655	0	1729
12223	16	3	1672	58	0	1749
12224	10	3	1674	39	0	1726
12225	7	1665	63	20	0	1755
12226	21	42	22	1581	0	1666
12227	1575	11	15	54	0	1655
12228	1537	8	8	32	0	1585
12229	1572	5	13	18	0	1608
12230	72	5	11	1536	0	1624
12231	29	1565	11	57	0	1662
12232	22	51	9	1604	0	1686
12233	17	17	1644	63	0	1741
12234	1726	10	53	31	0	1820
12235	1851	6	22	24	0	1903
12236	78	4	17	1811	0	1910
12237	36	6	16	1861	0	1919
12238	34	5	10	1887	0	1936
12239	22	7	1792	100	0	1921
12240	1725	4	66	46	0	1841
12241	72	1739	28	30	0	1869
12242	28	1702	15	24	0	1769
12243	27	58	1682	17	0	1784
12244	15	25	61	1669	0	1770
12245	13	12	1664	76	0	1765
12246	1594	9	70	29	0	1702
12247	66	8	18	1610	0	1702
12248	29	7	1560	64	0	1660
12249	23	1627	53	31	0	1734
12250	1649	60	15	24	0	1748
12251	70	18	1655	21	0	1764
12252	24	1582	66	18	0	1690
12253	25	1701	23	13	0	1762
12254	1686	70	15	15	0	1786
12255	67	20	13	1691	0	1791
12256	29	15	1710	68	0	1822
12257	23	1704	63	37	0	1827
12258	1731	60	31	22	0	1844
12259	1773	18	22	17	0	1830
12260	83	1726	15	14	0	1838
12261	27	69	1734	16	0	1846
12262	33	19	63	1756	0	1871
12263	1765	15	22	75	0	1877
12264	1801	8	25	35	0	1869
12265	85	12	1741	26	0	1864
12266	45	14	64	1721	0	1844
12267	33	6	26	1805	0	1870
12268	23	8	1769	83	0	1883
12269	27	16	1765	32	0	1840
12270	1775	11	79	28	0	1893
12271	1843	6	33	21	0	1903
12272	1852	11	21	27	0	1911
12273	1863	13	28	13	0	1917
12274	95	5	1767	22	0	1889
12275	1804	9	65	14	0	1892
12276	95	9	24	1769	0	1897
12277	42	14	1779	61	0	1896
12278	33	6	1784	30	0	1853
12279	23	1757	67	34	0	1881
12280	14	57	35	1696	0	1802
12281	17	24	1717	61	0	1819
12282	1692	12	58	33	0	1795
12283	69	10	28	1584	0	1691
12284	29	1705	20	50	0	1804
12285	1739	54	16	20	0	1829
12286	1774	12	18	28	0	1832
12287	74	18	1709	16	0	1817
12288	35	1695	57	24	0	1811
12289	29	49	19	1596	0	1693
12290	1592	12	20	48	0	1672
12291	65	15	12	1566	0	1658
12292	30	15	1490	52	0	1587
12293	1392	5	46	25	0	1468
12294	49	1415	18	22	0	1504
12295	26	1368	16	14	0	1424
12296	24	1481	11	12	0	1528
12297	1447	45	23	26	0	1541
12298	1451	20	13	10	0	1494
12299	1462	14	9	13	0	1498
12300	61	4	20	1405	0	1490
12301	29	9	1408	42	0	1488
12302	25	7	36	1430	0	1498
12303	1432	6	21	48	0	1507
12304	52	7	18	1444	0	1521
12305	1471	7	8	53	0	1539
12306	1489	4	12	17	0	1522
12307	1477	8	8	21	0	1514
12308	61	1449	10	15	0	1535
12309	1459	40	14	9	0	1522
12310	56	16	1429	10	0	1511
12311	22	14	1447	9	0	1492
12312	20	1399	43	9	0	1471
12313	18	42	31	1331	0	1422
12314	1324	12	9	37	0	1382
12315	46	12	1294	16	0	1368
12316	1293	4	42	14	0	1353
12317	53	5	11	1287	0	1356
12318	14	1296	17	35	0	1362
12319	21	33	12	1325	0	1391
12320	12	9	1337	43	0	1401
12321	1280	13	33	18	0	1344
12322	44	3	1348	16	0	1411
12323	15	6	1285	9	0	1315
12324	1264	0	35	6	0	1305
12325	39	1267	18	5	0	1329
12326	1301	35	15	2	0	1353
12327	1334	11	6	7	0	1358
12328	50	10	1276	3	0	1339
12329	1249	3	41	5	0	1298
12330	46	7	1219	8	0	1280
12331	16	1	1181	11	0	1209
12332	18	5	1212	7	0	1242
12333	8	1147	36	8	0	1199
12334	1033	29	38	10	0	1110
12335	1028	5	5	0	0	1038
12336	1032	3	0	3	0	1038
12337	1030	0	1	6	0	1037
12338	27	1	1034	2	0	1064
12339	10	1	18	1028	0	1057
12340	6	3	5	1055	0	1069
12341	1048	0	4	25	0	1077
12342	19	1042	4	9	0	1074
12343	7	17	1	1046	0	1071
12344	1041	7	3	19	0	1070
12345	21	4	1059	5	0	1089
12346	9	1	17	1063	0	1090
12347	7	1	1085	20	0	1113
12348	3	1072	22	7	0	1104
12349	3	25	8	1028	0	1064
12350	1021	3	3	22	0	1049
12351	19	2	3	1064	0	1088
12352	6	1	1055	23	0	1085
12353	4	1064	17	5	0	1090
12354	1063	18	3	5	0	1089
12355	19	6	1070	0	0	1095
12356	1036	3	17	4	0	1060
12357	24	1078	6	1	0	1109
12358	1117	21	4	3	0	1145
12359	1146	5	2	3	0	1156
12360	28	6	0	1143	0	1177
12361	14	2	1126	22	0	1164
12362	4	1139	25	7	0	1175
12363	5	22	4	1191	0	1222
12364	5	8	3	1212	0	1228
12365	5	4	2	1294	0	1305
12366	6	0	3	1344	0	1353
12367	3	1401	3	43	0	1450
12368	1433	40	3	18	0	1494
12369	43	1436	2	7	0	1488
12370	15	41	2	1483	0	1541
12371	1493	14	2	47	0	1556
12372	48	6	0	1500	0	1554
12373	17	3	1476	56	0	1552
12374	8	1475	44	22	0	1549
12375	10	45	12	1496	0	1563
12376	7	15	8	1548	0	1578
12377	1429	11	3	62	0	1505
12378	52	5	1421	23	0	1501
12379	1427	3	42	16	0	1488
12380	1443	7	13	12	0	1475
12381	1463	5	9	7	0	1484
12382	65	8	1413	7	0	1493
12383	26	1	43	1417	0	1487
12384	15	4	16	1445	0	1480
12385	8	4	1429	62	0	1503
12386	7	5	1465	24	0	1501
12387	1463	4	59	13	0	1539
12388	57	4	22	1495	0	1578
12389	1514	4	12	60	0	1590
12390	1582	2	7	23	0	1614
12391	73	4	4	1559	0	1640
12392	30	3	1617	58	0	1708
12393	1616	5	57	23	0	1701
12394	69	3	16	1665	0	1753
12395	24	2	1653	67	0	1746
12396	22	1624	57	21	0	1724
12397	1642	52	22	17	0	1733
12398	65	1641	12	14	0	1732
12399	27	56	8	1528	0	1619
12400	28	1667	5	54	0	1754
12401	1655	62	10	20	0	1747
12402	1692	19	11	22	0	1744
12403	73	1646	7	24	0	1750
12404	1663	55	5	20	0	1743
12405	1672	16	12	16	0	1716
12406	77	1599	11	14	0	1701
12407	1636	59	8	15	0	1718
12408	83	21	8	1603	0	1715
12409	43	15	7	1656	0	1721
12410	1631	9	8	74	0	1722
12411	73	12	7	1528	0	1620
12412	36	1561	8	62	0	1667
12413	1568	56	6	28	0	1658
12414	1579	21	12	21	0	1633
12415	69	1552	12	17	0	1650
12416	1581	53	9	20	0	1663
12417	1615	24	4	19	0	1662
12418	89	14	6	1555	0	1664
12419	39	14	1537	61	0	1651
12420	32	1536	48	28	0	1644
12421	1571	52	17	18	0	1658
12422	1581	21	13	20	0	1635
12423	83	16	1517	15	0	1631
12424	1528	10	52	21	0	1611
12425	76	12	1476	14	0	1578
12426	1502	13	55	13	0	1583
12427	74	12	19	1491	0	1596
12428	27	13	1484	62	0	1586
12429	33	10	1508	19	0	1570
12430	27	14	59	1486	0	1586
12431	24	13	19	1492	0	1548
12432	24	13	1421	68	0	1526
12433	31	9	59	1429	0	1528
12434	32	10	1436	60	0	1538
12435	30	14	55	1434	0	1533
12436	29	8	27	1443	0	1507
12437	32	1349	13	73	0	1467
12438	22	1316	12	41	0	1391
12439	23	1415	20	23	0	1481
12440	20	59	17	1398	0	1494
12441	28	20	8	1451	0	1507
12442	17	8	1383	77	0	1485
12443	1343	11	54	30	0	1438
12444	1410	20	18	24	0	1472
12445	78	1345	16	15	0	1454
12446	1375	57	8	20	0	1460
12447	72	18	15	1349	0	1454
12448	1359	20	15	64	0	1458
12449	1386	10	10	34	0	1440
12450	78	14	9	1334	0	1435
12451	1268	11	13	59	0	1351
12452	65	1225	10	25	0	1325
12453	32	1274	12	12	0	1330
12454	33	56	8	1185	0	1282
12455	31	1239	8	54	0	1332
12456	22	57	8	1201	0	1288
12457	28	20	10	1236	0	1294
12458	1166	11	11	60	0	1248
12459	53	1132	4	35	0	1224
12460	1129	48	11	21	0	1209
12461	1133	15	12	15	0	1175
12462	63	1103	9	14	0	1189
12463	1083	50	9	15	0	1157
12464	59	12	1044	17	0	1132
12465	23	972	30	19	0	1044
12466	931	33	15	14	0	993
12467	36	9	884	7	0	936
12468	16	817	15	7	0	855
12469	15	844	13	8	0	880
12470	793	20	13	3	0	829
12471	795	7	6	4	0	812
12472	788	7	2	5	0	802
12473	27	773	10	7	0	817
12474	15	14	2	800	0	831
12475	785	4	10	25	0	824
12476	802	3	8	6	0	819
12477	24	5	3	781	0	813
12478	11	4	786	21	0	822
12479	13	3	788	6	0	810
12480	10	4	24	797	0	835
12481	7	4	3	832	0	846
12482	6	0	808	23	0	837
12483	9	2	16	792	0	819
12484	6	801	7	21	0	835
12485	767	12	3	6	0	788
12486	13	5	7	752	0	777
12487	725	2	2	15	0	744
12488	9	713	4	11	0	737
12489	9	717	6	3	0	735
12490	707	6	4	7	0	724
12491	9	2	670	5	0	686
12492	574	1	9	3	0	587
12493	5	580	5	2	0	592
12494	5	5	3	561	0	574
12495	553	1	2	6	0	562
12496	5	0	1	551	0	557
12497	554	0	3	5	0	562
12498	548	1	0	6	0	555
12499	5	561	1	4	0	571
12500	556	2	1	2	0	561
12501	2	549	0	1	0	552
12502	555	2	0	2	0	559
12503	2	0	1	562	0	565
12504	579	0	0	3	0	582
12505	3	0	0	599	0	602
12506	619	2	0	3	0	624
12507	644	1	0	2	0	647
12508	645	0	0	4	0	649
12509	650	3	1	2	0	656
12510	660	0	0	0	0	660
12511	1	1	0	670	0	672
12512	653	0	0	3	0	656
12513	3	644	0	1	0	648
12514	0	4	641	1	0	646
12515	2	0	2	657	0	661
12516	1	1	682	2	0	686
12517	0	1	2	725	0	728
12518	1	0	735	2	0	738
12519	710	1	2	4	0	717
12520	4	0	0	745	0	749
12521	0	1	741	3	0	745
12522	2	0	768	0	0	770
12523	2	0	2	798	0	802
12524	907	0	0	5	0	912
12525	6	950	0	0	0	956
12526	969	4	0	1	0	974
12527	969	0	0	0	0	969
12528	5	966	0	0	0	971
12529	1033	4	0	4	0	1041
12530	7	0	1	1047	0	1055
12531	1	1	0	1065	0	1067
12532	0	0	0	1076	0	1076
12533	1078	1	1	8	0	1088
12534	5	1094	2	1	0	1102
12535	0	5	0	1114	0	1119
12536	2	2	1	1117	0	1122
12537	1124	1	0	6	0	1131
12538	6	0	0	1125	0	1131
12539	2	0	1150	6	0	1158
12540	0	1183	9	3	0	1195
12541	1210	9	3	2	0	1224
12542	12	4	0	1202	0	1218
12543	5	1221	0	8	0	1234
12544	1215	10	0	7	0	1232
12545	12	4	1202	1	0	1219
12546	5	1192	9	0	0	1206
12547	1218	8	4	4	0	1234
12548	11	4	1	1208	0	1224
12549	6	1	2	1220	0	1229
12550	2	0	1204	15	0	1221
12551	2	1	10	1198	0	1211
12552	2	2	1257	12	0	1273
12553	3	1	1173	7	0	1184
12554	0	1	1245	5	0	1251
12555	1254	1	16	10	0	1281
12556	1274	1	7	3	0	1285
12557	1299	1	2	6	0	1308
12558	14	1	1	1289	0	1305
12559	8	1277	0	7	0	1292
12560	4	1300	0	8	0	1312
12561	1326	10	1	3	0	1340
12562	1313	7	1	5	0	1326
12563	11	1312	0	2	0	1325
12564	1311	8	1	3	0	1323
12565	10	5	1286	1	0	1302
12566	7	2	1254	0	0	1263
12567	3	1	13	1230	0	1247
12568	3	2	6	1287	0	1298
12569	3	0	1289	13	0	1305
12570	2	1	10	1276	0	1289
12571	1292	4	5	9	0	1310
12572	11	1	1284	6	0	1302
12573	1265	1	9	3	0	1278
12574	12	1	6	1298	0	1317
12575	8	5	1326	7	0	1346
12576	2	1336	8	7	0	1353
12577	1357	8	14	5	0	1384
12578	9	7	1333	3	0	1352
12579	1317	2	8	5	0	1332
12580	10	3	10	1322	0	1345
12581	1327	1	6	13	0	1347
12582	11	2	1380	8	0	1401
12583	10	1	12	1401	0	1424
12584	1460	0	7	12	0	1479
12585	1482	1	3	9	0	1495
12586	1529	1	1	8	0	1539
12587	1545	3	3	3	0	1554
12588	20	4	3	1501	0	1528
12589	15	2	2	1500	0	1519
12590	9	3	1504	17	0	1533
12591	6	2	13	1507	0	1528
12592	7	2	7	1469	0	1485
12593	3	1523	3	19	0	1548
12594	1548	13	7	10	0	1578
12595	1575	5	3	10	0	1593
12596	19	1584	3	5	0	1611
12597	10	13	3	1594	0	1620
12598	8	7	1	1610	0	1626
12599	1570	2	1	25	0	1598
12600	22	1	1612	11	0	1646
12601	13	5	18	1620	0	1656
12602	5	3	1637	24	0	1669
12603	1594	1	19	12	0	1626
12604	1628	4	5	8	0	1645
12605	1631	2	6	5	0	1644
12606	28	2	6	1593	0	1629
12607	14	1	6	1570	0	1591
12608	1571	3	3	24	0	1601
12609	24	3	1544	12	0	1583
12610	10	3	18	1552	0	1583
12611	1557	0	6	27	0	1590
12612	26	1	7	1554	0	1588
12613	10	2	1613	23	0	1648
12614	7	2	1531	11	0	1551
12615	1548	0	16	10	0	1574
12616	21	1584	9	8	0	1622
12617	1589	17	6	5	0	1617
12618	1607	7	6	10	0	1630
12619	30	3	3	1593	0	1629
12620	14	3	2	1594	0	1613
12621	10	1580	3	23	0	1616
12622	1544	16	3	13	0	1576
12623	24	1536	2	9	0	1571
12624	10	1487	4	6	0	1507
12625	10	19	1	1451	0	1481
12626	1456	9	2	18	0	1485
12627	1481	2	2	12	0	1497
12628	23	3	3	1463	0	1492
12629	12	4	3	1408	0	1427
12630	11	0	6	1398	0	1415
12631	1390	2	3	24	0	1419
12632	19	2	1374	14	0	1409
12633	13	1361	14	11	0	1399
12634	1341	15	4	8	0	1368
12635	23	7	3	1337	0	1370
12636	11	3	1336	19	0	1369
12637	5	4	1302	8	0	1319
12638	5	1319	16	9	0	1349
12639	7	1342	5	4	0	1358
12640	12	14	4	1298	0	1328
12641	5	1180	6	19	0	1210
12642	8	10	4	1303	0	1325
12643	3	4	1	1327	0	1335
12644	1338	3	1	15	0	1357
12645	16	1	1	1328	0	1346
12646	5	4	1	1350	0	1360
12647	5	3	1331	17	0	1356
12648	1	2	13	1362	0	1378
12649	1391	2	1	14	0	1408
12650	1394	1	4	6	0	1405
12651	13	1403	0	13	0	1429
12652	1354	13	4	8	0	1379
12653	16	2	1345	7	0	1370
12654	6	1348	16	2	0	1372
12655	5	15	2	1389	0	1411
12656	6	3	2	1419	0	1430
12657	6	5	0	1436	0	1447
12658	1417	0	3	22	0	1442
12659	1352	3	1	9	0	1365
12660	15	4	1373	6	0	1398
12661	7	1	1338	5	0	1351
12662	3	6	1370	7	0	1386
12663	6	1382	17	4	0	1409
12664	6	1432	2	5	0	1445
12665	1424	19	3	7	0	1453
12666	1435	4	3	8	0	1450
12667	18	3	3	1453	0	1477
12668	7	3	2	1431	0	1443
12669	20	1431	5	19	0	1475
12670	5	18	3	1478	0	1504
12671	6	2	1473	24	0	1505
12672	7	1475	19	9	0	1510
12673	5	17	4	1508	0	1534
12674	6	5	1581	19	0	1611
12675	7	5	23	1472	0	1507
12676	8	1569	6	20	0	1603
12677	1606	24	6	8	0	1644
12678	1611	5	3	6	0	1625
12679	1677	3	3	8	0	1691
12680	28	5	1	1693	0	1727
12681	7	16	1	1750	0	1774
12682	1698	3	3	28	0	1732
12683	26	1671	2	9	0	1708
12684	1665	25	4	10	0	1704
12685	31	8	1746	1	0	1786
12686	1736	3	30	8	0	1777
12687	1798	4	7	5	0	1814
12688	41	5	2	1782	0	1830
12689	1810	1	1	34	0	1846
12690	1834	4	1	11	0	1850
12691	37	6	1	1831	0	1875
12692	17	1	1778	35	0	1831
12693	1743	4	32	13	0	1792
12694	30	6	1796	8	0	1840
12695	14	1818	28	3	0	1863
12696	6	28	11	1861	0	1906
12697	4	6	7	1922	0	1939
12698	2018	5	5	38	0	2066
12699	38	5	2011	14	0	2068
12700	13	5	38	1929	0	1985
12701	10	1969	12	32	0	2023
12702	6	1985	6	9	0	2006
12703	6	39	1	2020	0	2066
12704	3	15	1994	42	0	2054
12705	5	5	34	2017	0	2061
12706	5	3	10	2011	0	2029
12707	4	3	1963	45	0	2015
12708	8	1993	34	17	0	2052
12709	1968	39	12	10	0	2029
12710	32	1948	8	57	0	2045
12711	15	39	6	2015	0	2075
12712	1965	14	2	42	0	2023
12713	44	1952	5	13	0	2014
12714	13	38	1927	5	0	1983
12715	1919	10	34	8	0	1971
12716	38	1989	11	8	0	2046
12717	1997	39	2	12	0	2050
12718	46	10	1935	6	0	1997
12719	1942	9	38	4	0	1993
12720	44	3	10	1954	0	2011
12721	14	5	1948	43	0	2010
12722	13	3	36	1926	0	1978
12723	6	1907	13	42	0	1968
12724	11	38	6	1933	0	1988
12725	6	13	7	1964	0	1990
12726	13	7	1888	51	0	1959
12727	13	7	36	1911	0	1967
12728	15	11	1619	46	0	1691
12729	16	1905	23	18	0	1962
12730	10	39	10	1923	0	1982
12731	12	17	1916	50	0	1995
12732	10	1874	38	19	0	1941
12733	13	1950	12	14	0	1989
12734	12	50	1912	6	0	1980
12735	10	13	1925	10	0	1958
12736	8	3	53	1920	0	1984
12737	1902	8	13	47	0	1970
12738	47	1892	9	19	0	1967
12739	22	40	8	1863	0	1933
12740	1866	14	6	46	0	1932
12741	50	1852	6	23	0	1931
12742	1846	43	10	12	0	1911
12743	55	1887	8	9	0	1959
12744	1906	47	7	12	0	1972
12745	1914	15	7	18	0	1954
12746	1958	10	8	15	0	1991
12747	64	2050	8	25	0	2147
12748	36	48	7	2066	0	2157
12749	17	14	2031	58	0	2120
12750	18	2028	48	24	0	2118
12751	30	54	13	1974	0	2071
12752	22	23	13	2025	0	2083
12753	17	6	1955	61	0	2039
12754	25	1916	46	24	0	2011
12755	1921	47	11	21	0	2000
12756	48	1889	11	24	0	1972
12757	22	48	15	1881	0	1966
12758	22	18	1884	47	0	1971
12759	1830	13	46	24	0	1913
12760	44	7	17	1910	0	1978
12761	16	8	1872	55	0	1951
12762	1793	11	49	25	0	1878
12763	53	1822	17	18	0	1910
12764	1825	47	12	24	0	1908
12765	1851	16	9	27	0	1903
12766	57	15	8	1829	0	1909
12767	27	17	1807	48	0	1899
12768	15	1797	46	25	0	1883
12769	9	50	1784	21	0	1864
12770	13	22	46	1738	0	1819
12771	5	23	19	1820	0	1867
12772	1752	8	12	58	0	1830
12773	44	15	1729	25	0	1813
12774	18	1658	40	25	0	1741
12775	13	47	18	1625	0	1703
12776	19	18	17	1620	0	1674
12777	1577	22	5	50	0	1654
12778	41	1574	5	28	0	1648
12779	20	37	9	1500	0	1566
12780	1458	19	4	44	0	1525
12781	37	1441	8	14	0	1500
12782	1395	39	3	15	0	1452
12783	1394	15	7	9	0	1425
12784	46	1355	6	12	0	1419
12785	1213	31	9	4	0	1257
12786	39	1204	2	4	0	1249
12787	1176	25	6	12	0	1219
12788	1193	7	9	4	0	1213
12789	34	1158	1	8	0	1201
12790	1120	30	4	4	0	1158
12791	1156	5	2	7	0	1170
12792	1150	9	4	9	0	1172
12793	31	4	1105	12	0	1152
12794	10	4	1033	6	0	1053
12795	8	7	1032	4	0	1051
12796	994	7	30	9	0	1040
12797	22	4	975	6	0	1007
12798	9	3	844	5	0	861
12799	11	2	14	795	0	822
12800	808	2	11	13	0	834
12801	15	9	806	5	0	835
12802	16	3	843	10	0	872
12803	11	3	14	829	0	857
12804	11	4	6	845	0	866
12805	10	6	7	844	0	867
12806	4	4	843	20	0	871
12807	9	4	11	836	0	860
12808	839	3	8	19	0	869
12809	18	839	6	6	0	869
12810	10	13	6	847	0	876
12811	11	7	3	851	0	872
12812	8	6	865	17	0	896
12813	6	838	11	9	0	864
12814	852	11	6	10	0	879
12815	16	855	5	8	0	884
12816	10	17	5	848	0	880
12817	12	7	855	9	0	883
12818	8	4	15	894	0	921
12819	9	1	6	907	0	923
12820	915	2	14	20	0	951
12821	14	4	9	883	0	910
12822	9	846	9	21	0	885
12823	11	891	5	8	0	915
12824	5	15	906	10	0	936
12825	891	9	19	7	0	926
12826	15	6	7	912	0	940
12827	9	5	7	911	0	932
12828	9	2	9	907	0	927
12829	891	3	7	27	0	928
12830	17	897	1	23	0	938
12831	898	15	4	18	0	935
12832	19	8	873	12	0	912
12833	14	7	855	7	0	883
12834	892	7	19	12	0	930
12835	26	5	15	891	0	937
12836	11	6	11	898	0	926
12837	9	4	10	897	0	920
12838	8	4	888	30	0	930
12839	889	4	17	14	0	924
12840	901	8	9	10	0	928
12841	879	3	10	10	0	902
12842	28	7	6	859	0	900
12843	14	0	831	25	0	870
12844	11	3	804	15	0	833
12845	11	3	827	16	0	857
12846	5	790	19	14	0	828
12847	16	12	16	652	0	696
12848	646	7	9	9	0	671
12849	9	2	653	7	0	671
12850	661	2	7	8	0	678
12851	11	2	9	663	0	685
12852	8	3	6	658	0	675
12853	8	643	2	12	0	665
12854	4	640	4	8	0	656
12855	5	676	4	8	0	693
12856	3	10	7	693	0	713
12857	685	6	4	13	0	708
12858	692	2	2	12	0	708
12859	17	5	687	6	0	715
12860	661	4	7	8	0	680
12861	12	4	677	6	0	699
12862	9	4	10	670	0	693
12863	5	3	674	7	0	689
12864	671	1	11	9	0	692
12865	12	2	8	688	0	710
12866	5	2	728	15	0	750
12867	3	0	703	11	0	717
12868	712	1	15	3	0	731
12869	732	3	7	7	0	749
12870	14	740	3	6	0	763
12871	8	10	6	737	0	761
12872	5	5	740	12	0	762
12873	6	2	714	6	0	728
12874	1	5	14	740	0	760
12875	749	1	8	13	0	771
12876	9	742	2	9	0	762
12877	4	9	3	751	0	767
12878	749	6	2	10	0	767
12879	12	1	2	760	0	775
12880	8	774	4	8	0	794
12881	2	7	2	783	0	794
12882	784	3	4	11	0	802
12883	12	3	3	791	0	809
12884	793	2	4	18	0	817
12885	10	819	2	11	0	842
12886	835	9	1	8	0	853
12887	17	3	822	7	0	849
12888	807	6	14	2	0	829
12889	835	4	4	4	0	847
12890	17	846	5	6	0	874
12891	11	9	4	836	0	860
12892	4	3	827	14	0	848
12893	5	4	804	8	0	821
12894	798	4	13	7	0	822
12895	791	1	7	4	0	803
12896	10	799	5	2	0	816
12897	10	810	4	0	0	824
12898	811	11	3	2	0	827
12899	8	805	4	3	0	820
12900	7	843	1	3	0	854
12901	4	11	0	853	0	868
12902	1	3	2	817	0	823
12903	2	5	831	13	0	851
12904	3	3	9	842	0	857
12905	838	0	2	12	0	852
12906	12	1	827	4	0	844
12907	9	4	823	3	0	839
12908	9	0	9	830	0	848
12909	0	1	10	858	0	869
12910	1	3	5	859	0	868
12911	0	1	852	14	0	867
12912	4	3	7	808	0	822
12913	1	0	5	831	0	837
12914	814	2	3	12	0	831
12915	7	816	4	7	0	834
12916	816	6	0	5	0	827
12917	8	3	822	6	0	839
12918	730	2	6	3	0	741
12919	8	800	2	1	0	811
12920	768	4	1	0	0	773
12921	5	764	0	0	0	769
12922	747	5	0	0	0	752
12923	5	737	0	1	0	743
12924	1	756	0	0	0	757
12925	4	3	0	769	0	776
12926	775	2	2	4	0	783
12927	775	1	0	1	0	777
12928	782	0	0	2	0	784
12929	7	0	751	0	0	758
12930	2	0	751	0	0	753
12931	0	0	6	777	0	783
12932	0	768	2	5	0	775
12933	0	801	1	0	0	802
12934	1	5	0	772	0	778
12935	770	0	0	7	0	777
12936	774	1	0	2	0	777
12937	780	0	0	1	0	781
12938	9	1	772	0	0	782
12939	2	0	7	782	0	791
12940	1	0	786	7	0	794
12941	770	0	7	2	0	779
12942	792	0	1	2	0	795
12943	8	0	800	0	0	808
12944	3	0	6	800	0	809
12945	794	0	1	8	0	803
12946	8	0	1	808	0	817
12947	1	0	0	825	0	826
12948	2	2	0	855	0	859
12949	950	0	0	11	0	961
12950	8	0	0	1018	0	1026
12951	1049	0	0	14	0	1063
12952	15	1116	0	6	0	1137
12953	8	11	0	1149	0	1168
12954	6	6	0	1166	0	1178
12955	3	3	0	1159	0	1165
12956	1150	2	0	23	0	1175
12957	15	0	0	1151	0	1166
12958	6	0	0	1161	0	1167
12959	1170	0	0	22	0	1192
12960	1181	0	0	11	0	1192
12961	1180	0	0	8	0	1188
12962	24	0	1154	3	0	1181
12963	14	2	1098	0	0	1114
12964	1172	0	16	0	0	1188
12965	18	0	8	1150	0	1176
12966	8	0	4	1108	0	1120
12967	1129	0	3	19	0	1151
12968	1118	0	1	11	0	1130
12969	1123	0	0	8	0	1131
12970	24	1091	0	3	0	1118
12971	1108	13	1	0	0	1122
12972	1091	5	1	1	0	1098
12973	20	1088	0	1	0	1109
12974	11	1100	0	1	0	1112
12975	8	14	0	1131	0	1153
12976	1153	7	0	14	0	1174
12977	1163	4	0	6	0	1173
12978	1171	2	1	5	0	1179
12979	22	1	0	1163	0	1186
12980	1155	0	0	12	0	1167
12981	21	0	1133	5	0	1159
12982	1125	1	10	9	0	1145
12983	18	0	1134	3	0	1155
12984	8	1	1093	2	0	1104
12985	4	0	15	1103	0	1122
12986	1105	0	8	12	0	1125
12987	13	0	6	1110	0	1129
12988	5	1	1116	15	0	1137
12989	6	0	1128	9	0	1143
12990	5	1	16	1118	0	1140
12991	1101	0	6	17	0	1124
12992	11	1146	8	5	0	1170
12993	5	9	5	1155	0	1174
12994	9	4	0	1215	0	1228
12995	7	3	1222	16	0	1248
12996	0	3	1200	14	0	1217
12997	4	0	15	1250	0	1269
12998	1256	0	7	16	0	1279
12999	14	1	1273	8	0	1296
13000	8	0	15	1266	0	1289
13001	6	2	5	1271	0	1284
13002	9	0	2	1286	0	1297
13003	1251	1	3	25	0	1280
13004	14	4	1151	17	0	1186
13005	8	1242	9	9	0	1268
13006	9	11	0	1297	0	1317
13007	5	5	1302	18	0	1330
13008	3	1250	17	8	0	1278
13009	5	1315	7	9	0	1336
13010	1322	19	6	9	0	1356
13011	18	1320	4	6	0	1348
13012	1336	24	2	7	0	1369
13013	22	9	1321	6	0	1358
13014	13	6	16	1345	0	1380
13015	1339	3	7	21	0	1370
13016	24	1369	6	9	0	1408
13017	11	14	1384	11	0	1420
13018	17	8	15	1300	0	1340
13019	11	1397	9	11	0	1428
13020	9	20	3	1437	0	1469
13021	1430	9	6	22	0	1467
13022	19	1479	4	15	0	1517
13023	1495	18	3	14	0	1530
13024	1516	10	0	7	0	1533
13025	33	8	1494	7	0	1542
13026	19	1564	18	6	0	1607
13027	17	23	7	1655	0	1702
13028	13	11	1686	23	0	1733
13029	7	7	1808	16	0	1838
13030	9	8	45	1894	0	1956
13031	1948	1	19	44	0	2012
13032	1963	1	14	15	0	1993
13033	59	2	11	1927	0	1999
13034	22	2	1929	48	0	2001
13035	15	1938	43	18	0	2014
13036	1996	38	11	20	0	2065
13037	2046	14	9	16	0	2085
13038	55	2017	13	3	0	2088
13039	2055	46	3	9	0	2113
13040	59	15	2025	1	0	2100
13041	2041	6	41	6	0	2094
13042	1998	12	17	4	0	2031
13043	57	3	2036	4	0	2100
13044	25	4	47	2025	0	2101
13045	21	0	2023	39	0	2083
13046	13	1916	43	27	0	1999
13047	6	1977	22	9	0	2014
13048	16	61	5	1890	0	1972
13049	3	13	1899	39	0	1954
13050	4	1780	37	20	0	1841
13051	2	1812	15	5	0	1834
13052	1710	42	8	13	0	1773
13053	1735	13	6	5	0	1759
13054	42	5	2	1722	0	1771
13055	11	9	2	1715	0	1737
13056	9	1710	2	38	0	1759
13057	1732	31	2	11	0	1776
13058	1749	10	1	7	0	1767
13059	41	1717	4	7	0	1769
13060	8	37	2	1755	0	1802
13061	8	14	1732	39	0	1793
13062	9	4	32	1741	0	1786
13063	1762	10	10	34	0	1816
13064	36	2	1	1791	0	1830
13065	12	1	6	1822	0	1841
13066	1828	1	3	51	0	1883
13067	37	3	2	1809	0	1851
13068	10	1804	3	39	0	1856
13069	9	29	1	1853	0	1892
13070	11	9	1	1889	0	1910
13071	8	2	0	1858	0	1868
13072	2	1859	3	38	0	1902
13073	6	33	1	1836	0	1876
13074	6	12	1806	35	0	1859
13075	6	4	30	1805	0	1845
13076	6	11	1777	35	0	1829
13077	5	1762	31	21	0	1819
13078	4	33	21	1814	0	1872
13079	6	16	8	1833	0	1863
13080	11	2	10	1844	0	1867
13081	9	12	2	1846	0	1869
13082	7	3	1788	52	0	1850
13083	3	1770	37	27	0	1837
13084	5	37	15	1854	0	1911
13085	4	17	1855	46	0	1922
13086	7	4	42	1885	0	1938
13087	1902	7	12	46	0	1967
13088	40	9	1840	24	0	1913
13089	1837	4	39	9	0	1889
13090	47	3	13	1904	0	1967
13091	22	5	1910	43	0	1980
13092	10	1855	44	19	0	1928
13093	17	40	15	1859	0	1931
13094	2	14	1888	52	0	1956
13095	8	1843	49	18	0	1918
13096	4	49	15	1870	0	1938
13097	1867	15	5	49	0	1936
13098	1917	5	11	25	0	1958
13099	1908	12	11	14	0	1945
13100	56	8	1861	15	0	1940
13101	21	1901	48	7	0	1977
13102	19	45	15	1930	0	2009
13103	21	18	2	2059	0	2100
13104	2024	6	12	68	0	2110
13105	51	2056	7	23	0	2137
13106	2088	49	6	16	0	2159
13107	2060	20	4	18	0	2102
13108	2104	9	3	9	0	2125
13109	58	14	2036	14	0	2122
13110	2073	3	48	14	0	2138
13111	58	9	21	2072	0	2160
13112	32	9	4	2108	0	2153
13113	2064	4	12	64	0	2144
13114	65	2	3	2043	0	2113
13115	19	2036	8	63	0	2126
13116	14	47	4	2026	0	2091
13117	1966	21	5	58	0	2050
13118	49	8	1921	37	0	2015
13119	23	1915	47	15	0	2000
13120	7	47	12	1919	0	1985
13121	1903	18	4	52	0	1977
13122	46	6	1850	21	0	1923
13123	21	36	44	1805	0	1906
13124	22	3	1793	59	0	1877
13125	14	9	1726	24	0	1773
13126	9	4	1698	16	0	1727
13127	18	4	1654	13	0	1689
13128	7	4	1629	8	0	1648
13129	1414	13	48	10	0	1485
13130	25	1419	16	5	0	1465
13131	1398	21	8	9	0	1436
13132	1404	6	6	5	0	1421
13133	27	1397	4	6	0	1434
13134	12	1428	5	4	0	1449
13135	1420	24	4	6	0	1454
13136	1400	8	5	8	0	1421
13137	33	5	0	1361	0	1399
13138	9	1392	5	17	0	1423
13139	1408	18	5	9	0	1440
13140	23	1391	5	4	0	1423
13141	10	19	2	1420	0	1451
13142	1426	8	4	26	0	1464
13143	1439	4	3	12	0	1458
13144	26	6	3	1423	0	1458
13145	12	5	3	1438	0	1458
13146	7	5	1404	25	0	1441
13147	12	3	17	1399	0	1431
13148	3	3	1422	22	0	1450
13149	7	3	19	1355	0	1384
13150	9	4	6	1390	0	1409
13151	1382	2	4	29	0	1417
13152	1378	2	10	11	0	1401
13153	28	2	1368	10	0	1408
13154	1358	5	21	8	0	1392
13155	26	4	6	1385	0	1421
13156	11	2	1382	21	0	1416
13157	9	1	21	1389	0	1420
13158	8	3	8	1478	0	1497
13159	9	3	1462	35	0	1509
13160	10	6	23	1501	0	1540
13161	7	3	1586	33	0	1629
13162	12	2	29	1646	0	1689
13163	1771	3	12	38	0	1824
13164	30	1795	8	15	0	1848
13165	1810	24	6	15	0	1855
13166	38	1805	3	11	0	1857
13167	1795	32	6	8	0	1841
13168	35	1814	4	8	0	1861
13169	1808	34	6	6	0	1854
13170	36	1807	3	11	0	1857
13171	20	37	2	1800	0	1859
13172	13	15	1801	33	0	1862
13173	15	12	1792	13	0	1832
13174	8	10	40	1801	0	1859
13175	1802	5	17	41	0	1865
13176	34	1838	13	18	0	1903
13177	19	31	9	1840	0	1899
13178	11	18	1823	34	0	1886
13179	11	10	1818	20	0	1859
13180	11	18	43	1751	0	1823
13181	10	1827	23	25	0	1885
13182	1831	34	13	16	0	1894
13183	32	14	1868	15	0	1929
13184	19	17	1768	15	0	1819
13185	15	1809	38	7	0	1869
13186	1782	34	27	10	0	1853
13187	1793	14	17	6	0	1830
13188	41	13	8	1778	0	1840
13189	1791	9	5	27	0	1832
13190	1757	11	6	17	0	1791
13191	43	1728	7	11	0	1789
13192	1742	27	6	12	0	1787
13193	41	15	1762	6	0	1824
13194	25	14	25	1730	0	1794
13195	25	8	12	1752	0	1797
13196	1707	13	13	35	0	1768
13197	27	1715	13	25	0	1780
13198	1680	26	10	17	0	1733
13199	38	1676	9	9	0	1732
13200	20	1696	4	15	0	1735
13201	18	33	1656	7	0	1714
13202	16	18	1590	4	0	1628
13203	1517	17	24	5	0	1563
13204	1552	9	19	3	0	1583
13205	28	10	1488	4	0	1530
13206	17	1408	21	4	0	1450
13207	14	1448	12	5	0	1479
13208	1470	20	12	5	0	1507
13209	1468	19	5	3	0	1495
13210	30	14	3	1461	0	1508
13211	1479	9	3	16	0	1507
13212	27	7	4	1462	0	1500
13213	15	7	1451	24	0	1497
13214	13	6	1395	13	0	1427
13215	1432	6	22	10	0	1470
13216	28	2	16	1425	0	1471
13217	13	1530	13	17	0	1573
13218	1565	15	10	12	0	1602
13219	1560	12	9	12	0	1593
13220	25	15	1544	5	0	1589
13221	1550	4	16	5	0	1575
13222	1608	10	10	6	0	1634
13223	34	8	9	1574	0	1625
13224	25	1533	8	17	0	1583
13225	16	1550	7	12	0	1585
13226	14	29	5	1624	0	1672
13227	11	16	6	1555	0	1588
13228	13	14	6	1604	0	1637
13229	12	6	1585	35	0	1638
13230	8	9	1518	22	0	1557
13231	12	5	28	1543	0	1588
13232	8	8	1567	23	0	1606
13233	12	7	1545	14	0	1578
13234	14	4	31	1520	0	1569
13235	10	6	1599	26	0	1641
13236	5	1567	33	18	0	1623
13237	1658	20	14	15	0	1707
13238	25	14	13	1610	0	1662
13239	17	1628	9	21	0	1675
13240	14	25	1677	14	0	1730
13241	8	18	24	1691	0	1741
13242	10	10	1738	21	0	1779
13243	7	4	32	1711	0	1754
13244	12	5	17	1767	0	1801
13245	13	5	1785	33	0	1836
13246	9	6	25	1774	0	1814
13247	12	1757	16	29	0	1814
13248	10	23	18	1851	0	1902
13249	10	18	1845	33	0	1906
13250	17	12	18	1830	0	1877
13251	1810	7	15	41	0	1873
13252	23	1841	18	25	0	1907
13253	18	19	10	1852	0	1899
13254	15	22	1846	27	0	1910
13255	11	1808	28	18	0	1865
13256	8	1833	18	15	0	1874
13257	6	27	1799	18	0	1850
13258	11	17	20	1738	0	1786
13259	19	15	16	1702	0	1752
13260	8	8	1701	21	0	1738
13261	8	1554	19	18	0	1599
13262	5	1566	12	13	0	1596
13263	1411	12	6	6	0	1435
13264	8	1413	4	4	0	1429
13265	1406	10	2	4	0	1422
13266	10	7	0	1365	0	1382
13267	1457	5	2	14	0	1478
13268	11	2	1459	6	0	1478
13269	1450	1	10	6	0	1467
13270	13	2	4	1474	0	1493
13271	9	1497	4	10	0	1520
13272	1504	10	3	8	0	1525
13273	11	17	0	1486	0	1514
13274	9	1492	0	11	0	1512
13275	3	1571	3	7	0	1584
13276	1558	9	2	12	0	1581
13277	1561	5	0	6	0	1572
13278	1589	3	1	2	0	1595
13279	13	3	0	1570	0	1586
13280	8	1497	0	7	0	1512
13281	7	1557	1	6	0	1571
13282	1	11	1	1564	0	1577
13283	1541	6	0	8	0	1555
13284	1471	4	1	7	0	1483
13285	1522	1	0	6	0	1529
13286	12	0	1514	5	0	1531
13287	9	3	1496	4	0	1512
13288	1625	3	7	3	0	1638
13289	7	2	7	1639	0	1655
13290	8	3	3	1659	0	1673
13291	4	2	3	1644	0	1653
13292	4	2	0	1678	0	1684
13293	2	1	1629	16	0	1648
13294	3	0	8	1608	0	1619
13295	3	3	1596	13	0	1615
13296	1512	1	10	9	0	1532
13297	5	1582	5	11	0	1603
13298	5	8	4	1634	0	1651
13299	5	5	4	1618	0	1632
13300	1582	4	3	17	0	1606
13301	1573	3	1	17	0	1594
13302	1576	2	4	5	0	1587
13303	1576	2	2	3	0	1583
13304	15	2	1572	5	0	1594
13305	10	3	1515	3	0	1531
13306	5	3	11	1583	0	1602
13307	1583	4	5	10	0	1602
13308	1561	2	7	10	0	1580
13309	10	2	1561	9	0	1582
13310	10	2	8	1539	0	1559
13311	1555	1	9	11	0	1576
13312	12	2	5	1556	0	1575
13313	8	7	1579	10	0	1604
13314	11	0	6	1564	0	1581
13315	1588	3	7	15	0	1613
13316	8	1734	5	9	0	1756
13317	1707	8	2	14	0	1731
13318	1735	4	2	10	0	1751
13319	1745	5	3	9	0	1762
13320	19	2	3	1758	0	1782
13321	1741	3	4	10	0	1758
13322	9	1837	3	7	0	1856
13323	9	1911	3	5	0	1928
13324	8	22	1	1905	0	1936
13325	1943	14	1	19	0	1977
13326	22	2019	2	12	0	2055
13327	2301	23	1	13	0	2338
13328	2554	12	1	7	0	2574
13329	57	2611	4	2	0	2674
13330	27	47	2	2653	0	2729
13331	18	16	2	2692	0	2728
13332	7	15	2691	62	0	2775
13333	18	8	43	2679	0	2748
13334	13	7	2687	57	0	2764
13335	12	2619	43	31	0	2705
13336	17	54	20	2673	0	2764
13337	2554	24	8	64	0	2650
13338	2619	7	11	37	0	2674
13339	66	5	12	2593	0	2676
13340	23	6	2517	59	0	2605
13341	2398	7	48	34	0	2487
13342	52	2409	21	15	0	2497
13343	26	2382	7	17	0	2432
13344	21	2453	7	13	0	2494
13345	26	55	5	2400	0	2486
13346	12	25	2426	50	0	2513
13347	7	7	50	2397	0	2461
13348	11	12	2415	45	0	2483
13349	9	10	2341	24	0	2384
13350	5	17	2421	11	0	2454
13351	9	12	65	2330	0	2416
13352	6	10	28	2446	0	2490
13353	10	2	16	2466	0	2494
13354	9	1	19	2434	0	2463
13355	2400	3	14	82	0	2499
13356	47	2382	21	35	0	2485
13357	2418	48	14	23	0	2503
13358	50	2418	9	27	0	2504
13359	24	52	3	2435	0	2514
13360	13	21	5	2512	0	2551
13361	2474	8	3	78	0	2563
13362	2509	11	4	33	0	2557
13363	2542	10	4	19	0	2575
13364	2519	12	7	10	0	2548
13365	2516	7	2	13	0	2538
13366	68	2462	5	18	0	2553
13367	2366	45	4	21	0	2436
13368	68	2347	4	13	0	2432
13369	2361	49	5	5	0	2420
13370	66	28	2321	5	0	2420
13371	44	9	44	2288	0	2385
13372	28	2348	19	46	0	2441
13373	25	51	10	2352	0	2438
13374	13	28	2336	57	0	2434
13375	21	13	48	2262	0	2344
13376	2217	14	22	59	0	2312
13377	53	2194	17	31	0	2295
13378	22	2264	13	22	0	2321
13379	12	68	2281	25	0	2386
13380	15	33	48	2250	0	2346
13381	12	2332	25	57	0	2426
13382	11	49	14	2408	0	2482
13383	14	29	2382	60	0	2485
13384	20	2320	49	30	0	2419
13385	11	57	2340	12	0	2420
13386	12	27	2323	21	0	2383
13387	15	16	67	2298	0	2396
13388	2331	15	22	64	0	2432
13389	57	14	16	2353	0	2440
13390	26	13	2384	64	0	2487
13391	15	14	57	2446	0	2532
13392	11	18	2523	59	0	2611
13393	8	11	2532	33	0	2584
13394	2577	8	86	32	0	2703
13395	2723	9	28	35	0	2795
13396	2731	7	24	27	0	2789
13397	74	1	2683	31	0	2789
13398	34	5	2728	18	0	2785
13399	23	10	78	2655	0	2766
13400	25	6	39	2730	0	2800
13401	2719	11	23	74	0	2827
13402	77	6	13	2713	0	2809
13403	34	8	2724	77	0	2843
13404	22	10	2657	41	0	2730
13405	16	2709	75	24	0	2824
13406	16	57	31	2762	0	2866
13407	20	24	2789	72	0	2905
13408	25	16	60	2779	0	2880
13409	2794	9	25	79	0	2907
13410	67	9	2823	37	0	2936
13411	33	7	74	2805	0	2919
13412	24	10	28	2879	0	2941
13413	23	11	2799	84	0	2917
13414	26	7	66	2793	0	2892
13415	21	9	2786	78	0	2894
13416	2614	11	65	44	0	2734
13417	70	7	38	2621	0	2736
13418	27	2580	21	80	0	2708
13419	2588	54	16	40	0	2698
13420	2593	23	21	28	0	2665
13421	82	2578	18	27	0	2705
13422	52	178	18	2238	0	2486
13423	27	2359	17	48	0	2451
13424	25	2395	7	34	0	2461
13425	33	65	2260	28	0	2386
13426	13	2220	52	17	0	2302
13427	21	50	1911	23	0	2005
13428	1615	14	26	7	0	1662
13429	1653	5	6	6	0	1670
13430	21	1653	5	7	0	1686
13431	7	1649	3	5	0	1664
13432	12	1712	5	7	0	1736
13433	1758	26	2	6	0	1792
13434	29	11	2	1805	0	1847
13435	5	9	1923	30	0	1967
13436	5	1941	34	6	0	1986
13437	3	37	3	1979	0	2022
13438	7	3	10	1958	0	1978
13439	2	2206	7	37	0	2252
13440	2345	46	7	15	0	2413
13441	54	5	2383	6	0	2448
13442	18	5	48	2675	0	2746
13443	5	2923	9	57	0	2994
13444	2929	64	7	9	0	3009
13445	70	11	2884	12	0	2977
13446	14	2865	74	10	0	2963
13447	12	75	12	2881	0	2980
13448	14	14	2855	70	0	2953
13449	2815	12	74	16	0	2917
13450	77	11	17	2843	0	2948
13451	16	16	2812	83	0	2927
13452	11	2815	86	15	0	2927
13453	2776	71	17	17	0	2881
13454	70	2817	14	19	0	2920
13455	2817	78	9	16	0	2920
13456	2871	23	12	17	0	2923
13457	89	22	4	2777	0	2892
13458	24	2699	13	77	0	2813
13459	16	66	2739	16	0	2837
13460	20	15	68	2753	0	2856
13461	26	18	34	2332	0	2410
13462	16	10	18	2800	0	2844
13463	12	12	12	2781	0	2817
13464	16	9	15	2800	0	2840
13465	2715	15	11	103	0	2844
13466	2670	13	9	32	0	2724
13467	2697	10	11	27	0	2745
13468	89	2631	10	38	0	2768
13469	31	78	2680	15	0	2804
13470	27	15	2679	16	0	2737
13471	16	18	2739	19	0	2792
13472	13	21	91	2631	0	2756
13473	14	10	31	2724	0	2779
13474	12	15	20	2718	0	2765
13475	10	8	2646	109	0	2773
13476	12	2577	87	41	0	2717
13477	18	78	2603	35	0	2734
13478	23	19	2662	28	0	2732
13479	16	18	100	2582	0	2716
13480	12	27	2616	87	0	2742
13481	19	19	100	2543	0	2681
13482	2534	17	41	91	0	2683
13483	2574	9	31	38	0	2652
13484	91	20	2502	26	0	2639
13485	32	16	85	2513	0	2646
13486	39	21	2472	98	0	2630
13487	31	2491	89	26	0	2637
13488	2492	86	36	34	0	2648
13489	85	26	2472	26	0	2609
13490	31	2329	94	28	0	2482
13491	27	2341	31	28	0	2427
13492	21	2340	32	26	0	2419
13493	35	93	2189	20	0	2337
13494	37	46	88	2057	0	2228
13495	22	2124	30	81	0	2257
13496	27	92	22	2118	0	2259
13497	26	25	37	2164	0	2252
13498	2047	27	28	105	0	2207
13499	94	2060	16	52	0	2222
13500	2042	76	30	47	0	2195
13501	88	2008	21	37	0	2154
13502	44	2087	19	32	0	2182
13503	29	98	2011	35	0	2173
13504	35	48	84	1993	0	2160
13505	30	33	1982	94	0	2139
13506	29	1987	80	36	0	2132
13507	25	84	1931	38	0	2078
13508	32	18	1988	45	0	2083
13509	28	1964	91	38	0	2121
13510	1914	92	34	39	0	2079
13511	85	1941	33	35	0	2094
13512	1936	89	38	42	0	2105
13513	83	37	1914	45	0	2079
13514	37	18	1954	41	0	2050
13515	24	1913	89	49	0	2075
13516	1906	74	43	41	0	2064
13517	83	1890	39	31	0	2043
13518	44	82	39	1900	0	2065
13519	1920	37	37	92	0	2086
13520	99	32	1911	34	0	2076
13521	36	29	99	1907	0	2071
13522	1890	15	41	104	0	2050
13523	87	1872	35	41	0	2035
13524	36	74	38	1864	0	2012
13525	18	32	1863	98	0	2011
13526	1846	20	88	47	0	2001
13527	81	22	44	1859	0	2006
13528	20	26	1828	97	0	1971
13529	21	28	84	1744	0	1877
13530	28	1764	38	84	0	1914
13531	23	74	1767	46	0	1910
13532	29	18	78	1696	0	1821
13533	1621	21	29	77	0	1748
13534	81	22	27	1565	0	1695
13535	1431	13	21	67	0	1532
13536	68	1416	24	22	0	1530
13537	1377	66	17	20	0	1480
13538	62	19	1360	32	0	1473
13539	25	15	1113	12	0	1165
13540	17	20	946	8	0	991
13541	15	896	57	10	0	978
13542	22	19	67	369	0	477
13543	2	5	2	371	0	380
13544	1	5	4	358	0	368
13545	1	5	1	376	0	383
13546	3	3	355	15	0	376
13547	337	2	9	4	0	352
13548	12	347	5	2	0	366
13549	340	9	2	3	0	354
13550	10	5	2	335	0	352
13551	4	347	1	8	0	360
13552	1	10	2	359	0	372
13553	352	2	2	10	0	366
13554	10	363	1	3	0	377
13555	363	11	1	3	0	378
13556	371	3	1	5	0	380
13557	12	0	1	379	0	392
13558	2	3	364	10	0	379
13559	358	1	9	4	0	372
13560	12	0	5	388	0	405
13561	399	2	0	10	0	411
13562	405	2	2	5	0	414
13563	407	0	2	4	0	413
13564	13	3	394	3	0	413
13565	4	3	7	392	0	406
13566	389	1	9	7	0	406
13567	10	1	402	4	0	417
13568	4	414	7	1	0	426
13569	3	6	3	400	0	412
13570	4	2	415	7	0	428
13571	2	1	409	3	0	415
13572	5	1	7	426	0	439
13573	2	0	3	442	0	447
13574	4	0	0	445	0	449
13575	2	0	3	436	0	441
13576	1	1	435	7	0	444
13577	4	430	5	2	0	441
13578	0	5	3	438	0	446
13579	450	3	0	7	0	460
13580	443	0	2	3	0	448
13581	442	1	3	0	0	446
13582	6	1	1	440	0	448
13583	0	1	1	439	0	441
13584	1	413	3	6	0	423
13585	0	418	1	4	0	423
13586	1	7	0	420	0	428
13587	415	3	1	8	0	427
13588	416	1	0	4	0	421
13589	405	1	1	2	0	409
13590	407	1	1	0	0	409
13591	401	1	0	2	0	404
13592	7	395	0	2	0	404
13593	3	4	1	397	0	405
13594	405	1	0	5	0	411
13595	419	0	0	3	0	422
13596	7	0	0	417	0	424
13597	2	0	0	426	0	428
13598	1	1	436	5	0	443
13599	0	1	5	430	0	436
13600	2	0	1	437	0	440
13601	3	0	461	4	0	468
13602	2	1	2	448	0	453
13603	2	447	1	3	0	453
13604	3	3	450	1	0	457
13605	0	448	3	1	0	452
13606	1	3	1	445	0	450
13607	1	1	0	458	0	460
13608	2	449	0	5	0	456
13609	1	457	1	3	0	462
13610	473	3	0	3	0	479
13611	469	1	1	1	0	472
13612	4	0	459	1	0	464
13613	490	0	2	3	0	495
13614	520	0	2	1	0	523
13615	521	0	1	4	0	526
13616	530	1	0	0	0	531
13617	4	0	516	1	0	521
13618	2	0	469	1	0	472
13619	513	0	2	1	0	516
13620	0	537	1	0	0	538
13621	1	0	545	0	0	546
13622	546	1	0	0	0	547
13623	550	0	1	1	0	552
13624	2	1	546	0	0	549
13625	551	0	0	1	0	552
13626	1	0	2	617	0	620
13627	2	0	631	0	0	633
13628	586	0	0	4	0	590
13629	0	626	1	0	0	627
13630	664	0	0	1	0	665
13631	777	2	0	5	0	784
13632	3	0	0	779	0	782
13633	2	0	0	780	0	782
13634	0	0	0	800	0	800
13635	814	0	0	2	0	816
13636	860	0	0	4	0	864
13637	5	0	0	868	0	873
13638	3	0	1	867	0	871
13639	0	0	849	5	0	854
13640	830	0	3	3	0	836
13641	3	0	2	864	0	869
13642	2	0	0	861	0	863
13643	0	854	0	5	0	859
13644	1	3	0	864	0	868
13645	0	2	0	865	0	867
13646	862	0	0	6	0	868
13647	3	861	0	2	0	866
13648	2	3	0	873	0	878
13649	0	0	0	870	0	870
13650	0	0	0	876	0	876
13651	1	0	869	7	0	877
13652	1	1	4	851	0	857
13653	860	0	2	5	0	867
13654	4	1	854	3	0	862
13655	3	0	4	865	0	872
13656	0	0	3	889	0	892
13657	885	0	0	9	0	894
13658	876	0	0	6	0	882
13659	7	0	879	0	0	886
13660	819	0	6	2	0	827
13661	4	0	869	1	0	874
13662	865	0	4	0	0	869
13663	8	917	4	0	0	929
13664	960	7	1	0	0	968
13665	9	938	1	0	0	948
13666	977	7	1	1	0	986
13667	9	968	2	0	0	979
13668	4	9	1	995	0	1009
13669	1	9	0	986	0	996
13670	1	1	0	982	0	984
13671	1	947	0	16	0	964
13672	1	8	0	958	0	967
13673	1	962	0	8	0	971
13674	1	8	0	972	0	981
13675	973	3	1	9	0	986
13676	956	2	0	4	0	962
13677	11	949	0	5	0	965
13678	6	8	1	966	0	981
13679	941	4	0	11	0	956
13680	8	945	0	3	0	956
13681	6	951	0	4	0	961
13682	966	11	0	1	0	978
13683	974	5	1	2	0	982
13684	13	964	0	2	0	979
13685	978	8	0	3	0	989
13686	12	6	1	980	0	999
13687	9	1	1051	8	0	1069
13688	1077	0	10	9	0	1096
13689	1090	2	3	4	0	1099
13690	14	3	1102	1	0	1120
13691	1111	0	9	6	0	1126
13692	1138	0	4	4	0	1146
13693	1191	1	3	3	0	1198
13694	19	1169	1	0	0	1189
13695	1197	9	1	5	0	1212
13696	1204	4	2	3	0	1213
13697	18	3	1	1195	0	1217
13698	11	0	2	1223	0	1236
13699	5	2	0	1253	0	1260
13700	1251	1	1	22	0	1275
13701	17	0	3	1225	0	1245
13702	1241	1	1	20	0	1263
13703	1245	1	2	14	0	1262
13704	22	2	1	1242	0	1267
13705	19	2	1	1281	0	1303
13706	9	1	3	1293	0	1306
13707	1280	1	0	29	0	1310
13708	20	1266	2	16	0	1304
13709	13	17	1	1313	0	1344
13710	5	11	0	1322	0	1338
13711	1305	4	1	27	0	1337
13712	1317	4	0	14	0	1335
13713	22	4	1269	8	0	1303
13714	17	2	1244	7	0	1270
13715	1352	1	20	9	0	1382
13716	22	1	11	1397	0	1431
13717	9	4	4	1557	0	1574
13718	9	3	1565	33	0	1610
13719	5	2	23	1546	0	1576
13720	3	1516	4	29	0	1552
13721	3	1586	6	12	0	1607
13722	1555	22	1	12	0	1590
13723	27	15	1556	5	0	1603
13724	10	1586	15	7	0	1618
13725	12	24	5	1608	0	1649
13726	114	7	1483	27	0	1631
13727	12	12	22	1556	0	1602
13728	8	4	6	1586	0	1604
13729	9	4	1586	30	0	1629
13730	4	1594	26	16	0	1640
13731	7	26	8	1502	0	1543
13732	1509	4	5	31	0	1549
13733	1509	11	3	12	0	1535
13734	1506	3	3	15	0	1527
13735	36	1472	7	7	0	1522
13736	1449	21	6	10	0	1486
13737	32	8	1	1448	0	1489
13738	12	6	1432	25	0	1475
13739	1435	4	19	10	0	1468
13740	24	1467	8	11	0	1510
13741	16	22	7	1475	0	1520
13742	15	10	3	1474	0	1502
13743	9	1460	1	27	0	1497
13744	8	28	1	1486	0	1523
13745	12	9	3	1500	0	1524
13746	12	4	2	1530	0	1548
13747	1498	6	2	41	0	1547
13748	1500	2	4	19	0	1525
13749	31	3	1522	17	0	1573
13750	19	4	21	1515	0	1559
13751	13	5	8	1554	0	1580
13752	12	8	7	1561	0	1588
13753	1548	5	3	38	0	1594
13754	26	4	1518	25	0	1573
13755	1493	3	16	18	0	1530
13756	1555	4	7	10	0	1576
13757	33	4	11	1550	0	1598
13758	1556	1	5	31	0	1593
13759	31	3	1487	17	0	1538
13760	1505	3	18	15	0	1541
13761	31	1602	8	11	0	1652
13762	13	23	1553	9	0	1598
13763	19	13	1597	8	0	1637
13764	10	8	22	1622	0	1662
13765	11	5	1622	27	0	1665
13766	1573	7	29	15	0	1624
13767	29	1589	8	21	0	1647
13768	1611	19	9	14	0	1653
13769	33	8	8	1624	0	1673
13770	19	10	1606	24	0	1659
13771	14	5	1616	14	0	1649
13772	8	5	25	1634	0	1672
13773	1651	2	12	36	0	1701
13774	22	1618	16	15	0	1671
13775	13	1668	6	19	0	1706
13776	1657	40	7	18	0	1722
13777	25	1678	6	18	0	1727
13778	1698	28	3	10	0	1739
13779	36	16	7	1683	0	1742
13780	1683	14	7	22	0	1726
13781	32	5	11	1670	0	1718
13782	1699	4	6	33	0	1742
13783	35	6	4	1686	0	1731
13784	15	1657	7	33	0	1712
13785	1675	22	12	15	0	1724
13786	25	1658	8	23	0	1714
13787	13	21	1571	12	0	1617
13788	17	14	17	1505	0	1553
13789	9	1575	8	25	0	1617
13790	1524	22	8	11	0	1565
13791	1510	11	6	12	0	1539
13792	30	1501	5	10	0	1546
13793	16	25	1469	5	0	1515
13794	16	9	20	1422	0	1467
13795	9	1424	8	25	0	1466
13796	10	22	10	1476	0	1518
13797	9	9	4	1494	0	1516
13798	1432	12	6	25	0	1475
13799	21	1428	6	15	0	1470
13800	13	17	3	1445	0	1478
13801	1446	8	2	24	0	1480
13802	1426	9	4	15	0	1454
13803	1429	5	1	12	0	1447
13804	31	14	2	1391	0	1438
13805	1365	4	2	19	0	1390
13806	26	1354	3	12	0	1395
13807	1357	15	3	11	0	1386
13808	27	1349	3	7	0	1386
13809	1351	19	5	10	0	1385
13810	1357	4	2	7	0	1370
13811	25	21	2	1339	0	1387
13812	16	4	1401	16	0	1437
13813	14	3	1327	7	0	1351
13814	9	1371	11	4	0	1395
13815	1329	15	14	9	0	1367
13816	17	6	1307	6	0	1336
13817	1101	4	6	5	0	1116
13818	8	1088	2	0	0	1098
13819	4	1146	2	3	0	1155
13820	3	9	0	1199	0	1211
13821	0	1235	3	6	0	1244
13822	3	10	1295	6	0	1314
13823	1	10	12	1254	0	1277
13824	1	1342	6	12	0	1361
13825	1	15	3	1351	0	1370
13826	1341	8	2	22	0	1373
13827	18	10	4	1357	0	1389
13828	6	5	1348	32	0	1391
13829	11	1334	20	11	0	1376
13830	7	24	5	1329	0	1365
13831	6	7	7	1352	0	1372
13832	1	10	5	1374	0	1390
13833	1338	4	4	39	0	1385
13834	1334	5	1	27	0	1367
13835	32	1	1326	17	0	1376
13836	19	4	1290	8	0	1321
13837	18	1295	28	5	0	1346
13838	1323	23	13	6	0	1365
13839	25	9	11	1316	0	1361
13840	9	9	9	1314	0	1341
13841	14	5	5	1318	0	1342
13842	6	5	1	1340	0	1352
13843	7	1	1276	46	0	1330
13844	1260	4	26	25	0	1315
13845	28	1	8	1423	0	1460
13846	8	4	1410	39	0	1461
13847	1436	3	36	14	0	1489
13848	1560	2	11	18	0	1591
13849	49	3	1673	9	0	1734
13850	29	0	1714	7	0	1750
13851	27	0	55	1693	0	1775
13852	1717	3	24	51	0	1795
13853	1742	1	22	16	0	1781
13854	60	1	9	1697	0	1767
13855	32	1	4	1747	0	1784
13856	23	2	1697	59	0	1781
13857	10	2	48	1687	0	1747
13858	8	2	1665	78	0	1753
13859	1627	2	60	25	0	1714
13860	54	1692	16	22	0	1784
13861	1617	45	13	15	0	1690
13862	61	1617	8	9	0	1695
13863	1595	59	12	3	0	1669
13864	64	18	3	1558	0	1643
13865	21	20	4	1592	0	1637
13866	1593	8	3	59	0	1663
13867	1601	7	2	31	0	1641
13868	1603	0	2	30	0	1635
13869	1631	3	6	14	0	1654
13870	86	2	1549	7	0	1644
13871	1570	3	47	7	0	1627
13872	1624	3	11	12	0	1650
13873	1614	5	21	9	0	1649
13874	89	3	9	1551	0	1652
13875	1544	2	5	54	0	1605
13876	82	1503	7	15	0	1607
13877	27	48	14	1532	0	1621
13878	29	14	6	1574	0	1623
13879	24	18	1494	65	0	1601
13880	23	11	46	1485	0	1565
13881	12	1507	20	81	0	1620
13882	1492	44	23	32	0	1591
13883	60	1503	15	32	0	1610
13884	1508	59	10	27	0	1604
13885	80	19	12	1505	0	1616
13886	1510	22	10	57	0	1599
13887	77	1475	6	30	0	1588
13888	1493	49	9	28	0	1579
13889	1550	15	5	20	0	1590
13890	74	20	7	1485	0	1586
13891	45	9	7	1537	0	1598
13892	38	8	1463	68	0	1577
13893	35	4	46	1475	0	1560
13894	19	11	16	1529	0	1575
13895	27	5	1446	75	0	1553
13896	23	9	54	1483	0	1569
13897	17	6	1437	83	0	1543
13898	1441	3	63	34	0	1541
13899	73	3	21	1450	0	1547
13900	31	5	1421	66	0	1523
13901	1427	8	54	30	0	1519
13902	77	8	19	1431	0	1535
13903	41	8	1438	66	0	1553
13904	1470	6	53	31	0	1560
13905	75	5	18	1459	0	1557
13906	32	1	26	1492	0	1551
13907	1474	3	15	78	0	1570
13908	73	11	8	1457	0	1549
13909	40	4	7	1487	0	1538
13910	36	5	10	1459	0	1510
13911	36	1398	9	74	0	1517
13912	1334	48	6	53	0	1441
13913	1368	13	10	41	0	1432
13914	74	25	5	1311	0	1415
13915	1328	14	7	64	0	1413
13916	1360	7	4	30	0	1401
13917	1343	9	4	45	0	1401
13918	1057	8	14	29	0	1108
13919	1323	8	9	18	0	1358
13920	94	3	1156	23	0	1276
13921	43	3	1118	21	0	1185
13922	1082	4	43	15	0	1144
13923	59	1067	24	21	0	1171
13924	25	38	19	1002	0	1084
13925	34	10	990	51	0	1085
13926	20	11	1008	28	0	1067
13927	13	15	49	976	0	1053
13928	989	4	27	49	0	1069
13929	43	2	22	981	0	1048
13930	20	5	967	52	0	1044
13931	1029	1	33	25	0	1088
13932	41	5	16	1034	0	1096
13933	23	1	17	1052	0	1093
13934	25	2	8	1053	0	1088
13935	14	2	12	1051	0	1079
13936	16	1	996	62	0	1075
13937	16	3	31	1020	0	1070
13938	1001	6	11	61	0	1079
13939	45	2	978	20	0	1045
13940	987	2	32	29	0	1050
13941	1032	3	9	24	0	1068
13942	1023	0	13	23	0	1059
13943	1034	4	11	7	0	1056
13944	63	971	5	18	0	1057
13945	25	834	2	9	0	870
13946	22	872	5	7	0	906
13947	788	40	27	10	0	865
13948	32	4	739	14	0	789
13949	534	7	13	6	0	560
13950	16	1	2	515	0	534
13951	520	1	5	8	0	534
13952	14	0	1	520	0	535
13953	526	1	0	14	0	541
13954	11	2	1	527	0	541
13955	8	1	0	550	0	559
13956	523	0	2	15	0	540
13957	10	608	3	7	0	628
13958	6	8	619	6	0	639
13959	9	608	5	4	0	626
13960	1	6	577	2	0	586
13961	3	1	8	574	0	586
13962	580	0	2	7	0	589
13963	6	0	1	574	0	581
13964	570	0	1	7	0	578
13965	7	626	1	1	0	635
13966	1	5	665	2	0	673
13967	2	642	4	1	0	649
13968	0	662	0	3	0	665
13969	643	4	2	1	0	650
13970	618	1	1	2	0	622
13971	3	629	1	1	0	634
13972	2	3	0	633	0	638
13973	1	0	2	639	0	642
13974	634	1	1	4	0	640
13975	4	0	639	1	0	644
13976	1	0	618	1	0	620
13977	1	0	2	645	0	648
13978	0	1	654	3	0	658
13979	621	1	4	1	0	627
13980	660	0	0	1	0	661
13981	4	661	1	0	0	666
13982	1	3	677	0	0	681
13983	3	3	3	691	0	700
13984	0	1	726	3	0	730
13985	3	0	3	722	0	728
13986	732	0	0	7	0	739
13987	3	744	1	0	0	748
13988	0	3	795	2	0	800
13989	1	780	5	2	0	788
13990	1	820	1	1	0	823
13991	840	3	0	2	0	845
13992	814	2	1	0	0	817
13993	3	5	825	1	0	834
13994	2	836	8	0	0	846
13995	3	5	0	856	0	864
13996	2	2	3	853	0	860
13997	1	2	0	845	0	848
13998	4	0	871	7	0	882
13999	3	1	5	861	0	870
14000	1	2	3	888	0	894
14001	896	2	2	8	0	908
14002	894	1	0	6	0	901
14003	874	1	1	6	0	882
14004	878	0	2	5	0	885
14005	873	1	0	4	0	878
14006	8	848	1	3	0	860
14007	847	4	1	5	0	857
14008	10	2	855	1	0	868
14009	3	4	4	845	0	856
14010	872	2	1	3	0	878
14011	8	859	1	2	0	870
14012	878	5	3	1	0	887
14013	896	0	0	1	0	897
14014	5	2	2	904	0	913
14015	2	4	0	928	0	934
14016	5	956	1	5	0	967
14017	3	1	0	992	0	996
14018	2	0	1060	7	0	1069
14019	4	2	2	1071	0	1079
14020	2	1	1060	6	0	1069
14021	1043	2	3	5	0	1053
14022	2	2	5	1088	0	1097
14023	2	2	1094	7	0	1105
14024	3	1041	7	8	0	1059
14025	4	1083	2	10	0	1099
14026	1097	2	7	5	0	1111
14027	5	6	3	1084	0	1098
14028	2	7	1091	4	0	1104
14029	3	1077	4	1	0	1085
14030	5	3	1100	4	0	1112
14031	1067	2	5	4	0	1078
14032	1072	2	3	2	0	1079
14033	1079	2	6	2	0	1089
14034	7	3	5	1085	0	1100
14035	8	3	1079	1	0	1091
14036	8	1074	5	4	0	1091
14037	8	1	5	1108	0	1122
14038	5	3	1088	5	0	1101
14039	3	5	1046	2	0	1056
14040	4	4	2	1098	0	1108
14041	1119	2	7	8	0	1136
14042	4	1	8	1116	0	1129
14043	2	1	5	1130	0	1138
14044	4	1	1135	7	0	1147
14045	4	2	4	1135	0	1145
14046	2	0	1	1151	0	1154
14047	3	1	1149	8	0	1161
14048	0	2	1125	10	0	1137
14049	0	1	6	1150	0	1157
14050	3	1	1160	8	0	1172
14051	3	0	8	1153	0	1164
14052	1151	0	3	11	0	1165
14053	4	1171	9	8	0	1192
14054	3	2	4	1187	0	1196
14055	6	2	1156	9	0	1173
14056	1072	5	4	5	0	1086
14057	5	1073	3	14	0	1095
14058	1088	3	4	8	0	1103
14059	8	4	5	1090	0	1107
14060	5	4	1	1083	0	1093
14061	1111	4	2	7	0	1124
14062	8	2	1112	7	0	1129
14063	1100	2	4	7	0	1113
14064	11	0	2	1125	0	1138
14065	1075	0	6	12	0	1093
14066	1040	1	5	6	0	1052
14067	11	3	3	1036	0	1053
14068	7	1065	3	14	0	1089
14069	1126	6	3	4	0	1139
14070	1140	2	3	10	0	1155
14071	12	3	1134	4	0	1153
14072	1139	5	7	2	0	1153
14073	16	1	3	1138	0	1158
14074	7	1142	6	9	0	1164
14075	13	5	8	1118	0	1144
14076	8	1128	1	12	0	1149
14077	1149	12	5	6	0	1172
14078	1177	5	2	8	0	1192
14079	10	6	1	1294	0	1311
14080	8	4	1263	13	0	1288
14081	12	2	1228	4	0	1246
14082	9	1	13	1308	0	1331
14083	1293	2	7	16	0	1318
14084	1338	1	8	10	0	1357
14085	16	1351	6	8	0	1381
14086	13	15	3	1359	0	1390
14087	11	7	1370	20	0	1408
14088	7	3	1387	7	0	1404
14089	3	5	25	1492	0	1525
14090	1536	2	17	33	0	1588
14091	32	0	8	1553	0	1593
14092	13	0	1530	39	0	1582
14093	1546	2	27	18	0	1593
14094	31	1	10	1538	0	1580
14095	9	1	12	1558	0	1580
14096	12	1	8	1547	0	1568
14097	13	1510	3	40	0	1566
14098	6	27	1494	24	0	1551
14099	2	10	1518	15	0	1545
14100	2	9	38	1542	0	1591
14101	5	6	1554	31	0	1596
14102	1514	3	39	15	0	1571
14103	34	1	13	1537	0	1585
14104	13	3	7	1547	0	1570
14105	11	2	8	1549	0	1570
14106	8	1522	3	44	0	1577
14107	1542	28	4	25	0	1599
14108	35	9	2	1542	0	1588
14109	1524	8	7	39	0	1578
14110	36	1522	2	16	0	1576
14111	1524	28	3	14	0	1569
14112	1503	10	6	8	0	1527
14113	1539	9	5	7	0	1560
14114	45	1452	2	11	0	1510
14115	22	1454	4	6	0	1486
14116	1414	30	5	6	0	1455
14117	38	1399	3	9	0	1449
14118	11	34	1325	6	0	1376
14119	13	1263	32	4	0	1312
14120	7	1346	8	3	0	1364
14121	1319	37	5	5	0	1366
14122	36	10	1293	5	0	1344
14123	14	9	1291	1	0	1315
14124	12	6	35	1282	0	1335
14125	1289	4	15	35	0	1343
14126	32	2	1286	12	0	1332
14127	14	4	34	1287	0	1339
14128	15	6	1244	32	0	1297
14129	9	1	1227	15	0	1252
14130	1206	7	37	10	0	1260
14131	33	5	1224	12	0	1274
14132	12	11	37	1197	0	1257
14133	9	4	17	1225	0	1255
14134	6	1187	10	45	0	1248
14135	13	1228	8	15	0	1264
14136	9	40	8	1201	0	1258
14137	8	9	1193	38	0	1248
14138	10	5	34	1192	0	1241
14139	3	1	17	1230	0	1251
14140	6	4	1191	48	0	1249
14141	9	6	36	1213	0	1264
14142	1232	6	13	46	0	1297
14143	38	2	1217	21	0	1278
14144	1211	4	48	14	0	1277
14145	48	8	16	1199	0	1271
14146	20	3	11	1263	0	1297
14147	17	1238	9	55	0	1319
14148	12	40	6	1263	0	1321
14149	10	17	4	1304	0	1335
14150	1266	8	10	54	0	1338
14151	43	7	10	1268	0	1328
14152	23	3	9	1303	0	1338
14153	1233	9	10	60	0	1312
14154	49	9	9	1243	0	1310
14155	21	13	6	1217	0	1257
14156	19	1221	7	55	0	1302
14157	1238	38	16	24	0	1316
14158	45	15	9	1247	0	1316
14159	18	11	6	1296	0	1331
14160	16	12	1242	59	0	1329
14161	12	4	45	1237	0	1298
14162	4	10	16	1278	0	1308
14163	1224	2	17	64	0	1307
14164	1250	7	14	28	0	1299
14165	53	5	7	1229	0	1294
14166	22	7	1189	52	0	1270
14167	15	1131	40	23	0	1209
14168	11	1174	14	19	0	1218
14169	12	55	9	1137	0	1213
14170	1116	19	12	40	0	1187
14171	42	9	8	1129	0	1188
14172	1141	3	3	54	0	1201
14173	37	11	5	1170	0	1223
14174	23	3	8	1168	0	1202
14175	1138	8	5	54	0	1205
14176	1151	7	7	21	0	1186
14177	51	1116	7	18	0	1192
14178	29	1150	4	13	0	1196
14179	8	37	6	997	0	1048
14180	13	10	1	1029	0	1053
14181	10	5	986	39	0	1040
14182	913	1	34	17	0	965
14183	35	941	8	15	0	999
14184	13	906	5	11	0	935
14185	869	28	8	7	0	912
14186	31	6	869	8	0	914
14187	10	5	837	1	0	853
14188	6	10	746	7	0	769
14189	3	670	10	5	0	688
14190	1	13	11	622	0	647
14191	5	2	1	618	0	626
14192	2	1	0	629	0	632
14193	605	1	0	18	0	624
14194	615	2	3	2	0	622
14195	14	603	0	7	0	624
14196	1	12	0	625	0	638
14197	5	3	626	12	0	646
14198	3	634	13	6	0	656
14199	623	12	1	7	0	643
14200	15	4	612	3	0	634
14201	575	2	12	4	0	593
14202	14	2	616	6	0	638
14203	2	2	12	609	0	625
14204	5	612	3	12	0	632
14205	630	13	2	7	0	652
14206	15	639	2	5	0	661
14207	634	14	2	4	0	654
14208	14	4	0	631	0	649
14209	3	2	648	20	0	673
14210	7	0	15	685	0	707
14211	3	5	1	732	0	741
14212	3	5	712	18	0	738
14213	682	2	13	6	0	703
14214	15	720	1	8	0	744
14215	707	15	1	9	0	732
14216	19	724	1	1	0	745
14217	4	18	2	751	0	775
14218	3	2	749	23	0	777
14219	843	1	18	6	0	868
14220	24	883	2	5	0	914
14221	6	23	2	881	0	912
14222	5	5	1	924	0	935
14223	942	6	0	27	0	975
14224	999	2	0	9	0	1010
14225	30	1005	2	8	0	1045
14226	1071	26	5	0	0	1102
14227	1072	8	1	5	0	1086
14228	1104	7	2	4	0	1117
14229	46	5	1074	4	0	1129
14230	17	1040	24	6	0	1087
14231	6	1112	9	5	0	1132
14232	9	29	5	1079	0	1122
14233	4	12	3	1108	0	1127
14234	1093	6	1	37	0	1137
14235	30	1093	1	12	0	1136
14236	1096	24	3	9	0	1132
14237	27	10	4	1078	0	1119
14238	14	10	1	1095	0	1120
14239	1068	4	1	37	0	1110
14240	1070	4	2	17	0	1093
14241	39	1	1036	9	0	1085
14242	15	8	23	1015	0	1061
14243	12	3	1000	23	0	1038
14244	4	10	991	12	0	1017
14245	8	3	1010	8	0	1029
14246	971	6	27	8	0	1012
14247	25	1	7	956	0	989
14248	12	3	6	961	0	982
14249	11	5	2	975	0	993
14250	7	3	955	30	0	995
14251	4	3	21	961	0	989
14252	7	2	8	974	0	991
14253	954	1	7	29	0	991
14254	966	4	5	11	0	986
14255	973	3	3	11	0	990
14256	979	1	3	8	0	991
14257	35	3	5	942	0	985
14258	960	3	5	27	0	995
14259	33	7	5	944	0	989
14260	19	5	894	27	0	945
14261	930	5	19	20	0	974
14262	34	924	7	13	0	978
14263	22	22	4	907	0	955
14264	14	12	6	928	0	960
14265	14	918	5	32	0	969
14266	905	26	3	20	0	954
14267	28	897	5	15	0	945
14268	22	24	883	11	0	940
14269	12	14	887	10	0	923
14270	894	7	27	8	0	936
14271	909	7	9	12	0	937
14272	34	5	876	13	0	928
14273	860	3	27	13	0	903
14274	36	4	853	6	0	899
14275	865	4	27	9	0	905
14276	32	5	855	11	0	903
14277	14	5	870	17	0	906
14278	14	5	35	816	0	870
14279	16	5	21	828	0	870
14280	844	7	12	33	0	896
14281	832	2	12	23	0	869
14282	855	3	8	18	0	884
14283	864	4	10	12	0	890
14284	46	811	10	9	0	876
14285	22	20	8	806	0	856
14286	19	814	9	32	0	874
14287	18	24	8	831	0	881
14288	17	9	6	828	0	860
14289	15	6	8	826	0	855
14290	21	4	793	35	0	853
14291	765	4	23	23	0	815
14292	36	744	14	18	0	812
14293	20	789	9	15	0	833
14294	18	29	791	13	0	851
14295	19	13	24	786	0	842
14296	12	9	9	793	0	823
14297	778	7	11	39	0	835
14298	33	7	11	773	0	824
14299	18	9	5	788	0	820
14300	19	4	10	794	0	827
14301	16	8	8	801	0	833
14302	764	6	8	37	0	815
14303	778	4	9	22	0	813
14304	784	5	11	13	0	813
14305	39	4	11	784	0	838
14306	793	3	10	25	0	831
14307	31	5	12	794	0	842
14308	17	1	15	828	0	861
14309	20	2	784	33	0	839
14310	19	3	729	19	0	770
14311	17	1	718	15	0	751
14312	714	1	34	14	0	763
14313	30	4	18	680	0	732
14314	16	705	13	27	0	761
14315	726	17	5	17	0	765
14316	28	4	698	12	0	742
14317	665	8	17	14	0	704
14318	29	647	12	13	0	701
14319	550	11	4	5	0	570
14320	21	7	5	536	0	569
14321	523	4	5	19	0	551
14322	19	505	5	11	0	540
14323	7	495	5	15	0	522
14324	436	6	8	9	0	459
14325	16	450	4	6	0	476
14326	3	376	1	4	0	384
14327	4	381	3	0	0	388
14328	353	6	11	2	0	372
14329	345	4	1	0	0	350
14330	351	3	0	0	0	354
14331	6	1	1	343	0	351
14332	5	3	0	341	0	349
14333	6	2	337	4	0	349
14334	3	0	6	342	0	351
14335	3	1	342	8	0	354
14336	1	2	6	341	0	350
14337	3	1	1	350	0	355
14338	341	1	3	7	0	352
14339	344	0	1	4	0	349
14340	4	345	0	4	0	353
14341	2	7	1	341	0	351
14342	5	1	359	6	0	371
14343	3	2	5	354	0	364
14344	2	2	0	366	0	370
14345	1	3	2	366	0	372
14346	3	0	354	8	0	365
14347	3	0	345	4	0	352
14348	350	1	5	5	0	361
14349	5	0	1	362	0	368
14350	1	0	360	8	0	369
14351	345	0	7	3	0	355
14352	4	367	1	6	0	378
14353	372	4	3	4	0	383
14354	8	0	386	4	0	398
14355	384	3	5	3	0	395
14356	8	0	0	390	0	398
14357	3	2	392	4	0	401
14358	4	390	5	1	0	400
14359	389	3	3	7	0	402
14360	6	1	3	392	0	402
14361	2	2	1	392	0	397
14362	2	397	3	3	0	405
14363	4	4	0	397	0	405
14364	2	0	391	5	0	398
14365	0	395	6	1	0	402
14366	396	7	0	3	0	406
14367	5	2	2	396	0	405
14368	1	3	2	401	0	407
14369	4	1	394	4	0	403
14370	1	5	3	396	0	405
14371	2	0	416	8	0	426
14372	2	430	7	2	0	441
14373	445	5	2	2	0	454
14374	443	0	3	4	0	450
14375	436	3	2	5	0	446
14376	6	481	2	1	0	490
14377	6	5	1	483	0	495
14378	5	0	0	492	0	497
14379	2	2	2	425	0	431
14380	482	3	0	7	0	492
14381	481	1	0	5	0	487
14382	5	0	1	484	0	490
14383	2	2	542	6	0	552
14384	5	1	4	551	0	561
14385	1	0	1	564	0	566
14386	3	0	3	566	0	572
14387	1	1	1	573	0	576
14388	574	1	1	8	0	584
14389	5	0	2	576	0	583
14390	0	1	2	579	0	582
14391	4	578	1	6	0	589
14392	1	3	0	599	0	603
14393	2	608	1	9	0	620
14394	2	5	1	606	0	614
14395	602	2	1	9	0	614
14396	8	603	0	1	0	612
14397	604	5	1	8	0	618
14398	8	1	612	2	0	623
14399	3	4	4	612	0	623
14400	3	2	632	7	0	644
14401	2	5	7	642	0	656
14402	2	1	2	643	0	648
14403	3	633	1	6	0	643
14404	1	647	1	7	0	656
14405	1	658	1	3	0	663
14406	654	4	1	0	0	659
14407	2	635	1	3	0	641
14408	1	637	2	1	0	641
14409	9	4	0	643	0	656
14410	645	0	1	5	0	651
14411	3	679	1	0	0	683
14412	694	2	0	2	0	698
14413	694	0	1	0	0	695
14414	3	0	732	1	0	736
14415	1	0	3	718	0	722
14416	1	2	0	749	0	752
14417	0	1	0	746	0	747
14418	0	2	0	746	0	748
14419	1	0	713	2	0	716
14420	0	2	634	0	0	636
14421	674	1	2	1	0	678
14422	2	703	0	0	0	705
14423	1	712	0	0	0	713
14424	716	3	0	3	0	722
14425	3	698	0	12	0	713
14426	1	3	0	739	0	743
14427	739	0	1	3	0	743
14428	3	0	737	2	0	742
14429	0	0	3	747	0	750
14430	0	1	758	4	0	763
14431	742	0	3	3	0	748
14432	4	1	839	0	0	844
14433	846	0	4	4	0	854
14434	888	0	1	3	0	892
14435	891	2	0	1	0	894
14436	887	1	0	1	0	889
14437	897	0	2	1	0	900
14438	5	1	0	895	0	901
14439	934	0	2	6	0	942
14440	6	0	0	939	0	945
14441	1	0	1	943	0	945
14442	1	0	0	948	0	949
14443	0	0	950	5	0	955
14444	2	1	6	929	0	938
14445	3	0	1	969	0	973
14446	1	3	953	5	0	962
14447	911	1	4	2	0	918
14448	5	0	1	972	0	978
14449	3	0	964	6	0	973
14450	1	1	937	2	0	941
14451	3	1	7	954	0	965
14452	5	0	979	4	0	988
14453	1	0	6	985	0	992
14454	2	2	1	992	0	997
14455	1	968	1	8	0	978
14456	2	987	0	2	0	991
14457	1016	5	1	6	0	1028
14458	7	0	1	1025	0	1033
14459	1	1	1	1010	0	1013
14460	4	1	1	1041	0	1047
14461	1	2	1047	7	0	1057
14462	1	0	5	1037	0	1043
14463	1041	0	3	11	0	1055
14464	4	1	1073	4	0	1082
14465	1	0	5	1110	0	1116
14466	2	1	2	1125	0	1130
14467	2	1	2	1132	0	1137
14468	2	1167	0	10	0	1179
14469	1192	12	2	5	0	1211
14470	1248	3	0	3	0	1254
14471	15	1244	2	2	0	1263
14472	5	13	0	1320	0	1338
14473	5	5	1331	16	0	1357
14474	2	3	1311	9	0	1325
14475	1374	0	23	6	0	1403
14476	22	2	10	1388	0	1422
14477	1412	2	4	22	0	1440
14478	25	1411	3	12	0	1451
14479	14	1457	3	7	0	1481
14480	1465	30	2	6	0	1503
14481	24	1524	1	6	0	1555
14482	16	25	1	1531	0	1573
14483	11	15	1	1464	0	1491
14484	3	1525	1	35	0	1564
14485	1536	19	1	16	0	1572
14486	27	16	1560	7	0	1610
14487	1512	8	23	11	0	1554
14488	30	6	1583	6	0	1625
14489	1482	7	28	7	0	1524
14490	37	6	1585	3	0	1631
14491	15	1542	30	4	0	1591
14492	13	30	18	1565	0	1626
14493	1561	15	7	28	0	1611
14494	31	4	1531	17	0	1583
14495	19	1	1536	5	0	1561
14496	7	7	42	1536	0	1592
14497	8	1	1554	32	0	1595
14498	8	2	34	1525	0	1569
14499	9	2	16	1522	0	1549
14500	5	0	1528	38	0	1571
14501	10	3	32	1523	0	1568
14502	1537	3	20	35	0	1595
14503	31	1520	11	21	0	1583
14504	1562	26	6	16	0	1610
14505	39	16	9	1516	0	1580
14506	1526	8	7	34	0	1575
14507	1563	5	7	19	0	1594
14508	51	7	5	1509	0	1572
14509	19	1536	12	36	0	1603
14510	1566	26	6	25	0	1623
14511	35	15	1508	14	0	1572
14512	25	6	1496	9	0	1536
14513	1490	4	40	20	0	1554
14514	38	6	19	1469	0	1532
14515	25	6	1468	31	0	1530
14516	19	2	35	1475	0	1531
14517	1470	4	24	39	0	1537
14518	1502	6	11	19	0	1538
14519	1499	2	4	21	0	1526
14520	41	1508	9	14	0	1572
14521	27	30	7	1541	0	1605
14522	16	16	8	1570	0	1610
14523	1544	6	8	44	0	1602
14524	35	1533	11	23	0	1602
14525	1540	29	5	15	0	1589
14526	37	17	5	1513	0	1572
14527	1514	7	9	34	0	1564
14528	44	4	1441	25	0	1514
14529	27	1448	29	14	0	1518
14530	20	31	18	1415	0	1484
14531	14	1489	8	27	0	1538
14532	15	34	4	1442	0	1495
14533	1434	15	4	38	0	1491
14534	36	7	1367	19	0	1429
14535	1353	7	22	17	0	1399
14536	39	1414	16	11	0	1480
14537	23	35	9	1459	0	1526
14538	17	18	8	1487	0	1530
14539	1434	12	9	42	0	1497
14540	39	8	1446	23	0	1516
14541	23	10	27	1462	0	1522
14542	15	3	20	1461	0	1499
14543	10	9	11	1474	0	1504
14544	16	6	5	1487	0	1514
14545	1453	5	10	49	0	1517
14546	1459	5	9	29	0	1502
14547	48	6	1422	18	0	1494
14548	27	6	1374	15	0	1422
14549	1441	2	40	26	0	1509
14550	1497	7	17	15	0	1536
14551	45	6	9	1478	0	1538
14552	30	4	9	1479	0	1522
14553	1449	4	12	51	0	1516
14554	44	1435	7	29	0	1515
14555	28	22	12	1469	0	1531
14556	19	12	8	1487	0	1526
14557	13	7	1421	51	0	1492
14558	14	7	24	1450	0	1495
14559	10	5	1448	44	0	1507
14560	18	5	32	1441	0	1496
14561	1439	5	16	41	0	1501
14562	37	5	15	1456	0	1513
14563	22	5	1423	43	0	1493
14564	15	1335	27	33	0	1410
14565	16	25	14	1436	0	1491
14566	13	16	1419	35	0	1483
14567	12	1420	24	30	0	1486
14568	15	30	14	1404	0	1463
14569	10	13	1376	30	0	1429
14570	1148	4	22	30	0	1204
14571	23	1289	18	17	0	1347
14572	16	1214	8	13	0	1251
14573	13	1244	4	14	0	1275
14574	7	20	12	1197	0	1236
14575	9	9	1243	20	0	1281
14576	9	1235	16	11	0	1271
14577	8	33	6	1261	0	1308
14578	1363	5	7	20	0	1395
14579	23	3	2	1756	0	1784
14580	7	3	1982	50	0	2042
14581	5	1940	56	16	0	2017
14582	1930	58	18	12	0	2018
14583	58	1948	9	14	0	2029
14584	17	65	1860	8	0	1950
14585	6	1887	56	14	0	1963
14586	20	69	20	1831	0	1940
14587	10	31	1831	57	0	1929
14588	6	1807	67	18	0	1898
14589	11	75	23	1802	0	1911
14590	8	34	10	1840	0	1892
14591	3	1817	19	70	0	1909
14592	1	72	15	1837	0	1925
14593	1	32	1806	77	0	1916
14594	2	13	1849	39	0	1903
14595	4	21	70	1825	0	1920
14596	1794	17	20	81	0	1912
14597	1844	11	16	37	0	1908
14598	66	15	17	1795	0	1893
14599	21	1806	14	74	0	1915
14600	16	61	17	1817	0	1911
14601	1803	18	22	65	0	1908
14602	65	11	9	1804	0	1889
14603	34	14	2	1826	0	1876
14604	1768	8	3	88	0	1867
14605	66	1739	6	40	0	1851
14606	20	63	6	1769	0	1858
14607	1736	25	3	82	0	1846
14608	75	8	1696	39	0	1818
14609	1712	13	51	26	0	1802
14610	64	12	18	1707	0	1801
14611	1710	9	6	70	0	1795
14612	1725	11	14	29	0	1779
14613	1670	13	8	24	0	1715
14614	85	1649	9	25	0	1768
14615	46	51	1654	14	0	1765
14616	35	1677	53	14	0	1779
14617	1671	57	13	20	0	1761
14618	75	1681	4	12	0	1772
14619	42	64	14	1664	0	1784
14620	1620	32	6	57	0	1715
14621	73	1612	13	22	0	1720
14622	28	75	1609	10	0	1722
14623	16	37	55	1626	0	1734
14624	29	21	1613	61	0	1724
14625	19	1636	52	30	0	1737
14626	19	67	30	1600	0	1716
14627	12	27	13	1670	0	1722
14628	16	18	21	1671	0	1726
14629	11	22	20	1627	0	1680
14630	5	1595	19	86	0	1705
14631	1551	66	12	48	0	1677
14632	59	27	1554	36	0	1676
14633	22	20	56	1583	0	1681
14634	1553	18	22	88	0	1681
14635	68	11	1543	45	0	1667
14636	27	1516	68	24	0	1635
14637	19	69	25	1496	0	1609
14638	27	28	1495	65	0	1615
14639	22	1504	74	30	0	1630
14640	1445	62	33	28	0	1568
14641	64	1469	12	28	0	1573
14642	26	71	23	1452	0	1572
14643	10	43	14	1511	0	1578
14644	1453	22	9	91	0	1575
14645	58	1457	11	39	0	1565
14646	31	72	14	1460	0	1577
14647	1433	41	15	77	0	1566
14648	1447	24	5	43	0	1519
14649	88	1412	7	31	0	1538
14650	1420	71	7	36	0	1534
14651	1470	34	10	22	0	1536
14652	97	27	7	1396	0	1527
14653	41	31	1367	75	0	1514
14654	37	13	61	1377	0	1488
14655	47	16	24	1408	0	1495
14656	27	26	1333	91	0	1477
14657	24	1329	68	42	0	1463
14658	24	67	21	1352	0	1464
14659	21	22	13	1412	0	1468
14660	11	15	30	1409	0	1465
14661	9	17	22	1371	0	1419
14662	15	1308	15	101	0	1439
14663	1322	63	14	51	0	1450
14664	1337	28	10	38	0	1413
14665	1328	12	3	51	0	1394
14666	78	1233	7	42	0	1360
14667	34	72	3	1237	0	1346
14668	31	32	1207	76	0	1346
14669	38	20	50	1201	0	1309
14670	30	1231	20	69	0	1350
14671	1205	60	4	44	0	1313
14672	1227	32	11	21	0	1291
14673	1215	22	9	29	0	1275
14674	72	1157	11	30	0	1270
14675	37	1049	19	22	0	1127
14676	34	1126	11	19	0	1190
14677	32	75	1025	17	0	1149
14678	39	49	919	7	0	1014
14679	37	109	48	365	0	559
14680	255	1	11	12	0	279
14681	248	0	2	4	0	254
14682	8	1	0	273	0	282
14683	3	0	0	270	0	273
14684	1	0	1	277	0	279
14685	0	1	0	279	0	280
14686	272	0	0	11	0	283
14687	273	1	0	4	0	278
14688	8	277	0	3	0	288
14689	287	6	1	1	0	295
14690	286	3	0	1	0	290
14691	290	1	0	1	0	292
14692	10	0	246	0	0	256
14693	281	1	5	0	0	287
14694	7	288	2	1	0	298
14695	2	5	1	318	0	326
14696	1	3	1	325	0	330
14697	1	304	0	9	0	314
14698	0	7	1	322	0	330
14699	323	2	0	9	0	334
14700	8	1	0	322	0	331
14701	4	0	319	7	0	330
14702	311	1	7	2	0	321
14703	7	325	2	2	0	336
14704	4	7	1	333	0	345
14705	3	2	0	342	0	347
14706	1	2	0	342	0	345
14707	2	0	334	10	0	346
14708	1	330	6	3	0	340
14709	1	8	2	332	0	343
14710	0	2	333	8	0	343
14711	0	1	8	331	0	340
14712	0	3	323	9	0	335
14713	1	4	9	322	0	336
14714	2	319	2	7	0	330
14715	1	7	1	315	0	324
14716	308	3	0	10	0	321
14717	317	1	0	3	0	321
14718	10	1	311	3	0	325
14719	5	0	309	1	0	315
14720	2	1	351	0	0	354
14721	1	1	8	346	0	356
14722	1	0	3	372	0	376
14723	1	0	1	379	0	381
14724	1	366	0	12	0	379
14725	0	9	1	368	0	378
14726	1	2	0	383	0	386
14727	1	2	0	395	0	398
14728	386	0	0	11	0	397
14729	389	0	1	5	0	395
14730	10	0	389	1	0	400
14731	3	1	387	1	0	392
14732	385	0	9	3	0	397
14733	397	0	3	5	0	405
14734	9	1	409	2	0	421
14735	4	1	402	2	0	409
14736	400	4	7	1	0	412
14737	402	1	2	4	0	409
14738	9	0	425	1	0	435
14739	3	0	6	423	0	432
14740	1	0	5	436	0	442
14741	1	445	2	8	0	456
14742	2	8	0	452	0	462
14743	1	2	473	9	0	485
14744	2	1	7	481	0	491
14745	1	0	3	490	0	494
14746	1	0	476	9	0	486
14747	473	2	7	3	0	485
14748	489	0	3	3	0	495
14749	7	1	2	479	0	489
14750	4	0	0	489	0	493
14751	487	1	2	7	0	497
14752	485	1	1	5	0	492
14753	456	1	2	2	0	461
14754	492	0	0	5	0	497
14755	9	476	0	4	0	489
14756	478	6	0	1	0	485
14757	8	480	1	3	0	492
14758	3	6	2	484	0	495
14759	1	1	2	487	0	491
14760	3	481	0	10	0	494
14761	4	5	0	487	0	496
14762	2	1	3	486	0	492
14763	1	478	3	8	0	490
14764	5	6	1	481	0	493
14765	3	3	0	488	0	494
14766	1	0	2	489	0	492
14767	1	2	479	10	0	492
14768	2	455	8	5	0	470
14769	3	14	2	438	0	457
14770	2	460	2	7	0	471
14771	456	4	3	3	0	466
14772	6	1	448	5	0	460
14773	1	2	431	3	0	437
14774	417	1	6	2	0	426
14775	4	2	1	426	0	433
14776	2	1	413	3	0	419
14777	1	0	404	4	0	409
14778	0	3	3	395	0	401
14779	388	0	1	3	0	392
14780	388	2	1	0	0	391
14781	3	0	1	385	0	389
14782	0	0	361	3	0	364
14783	1	372	2	3	0	378
14784	3	0	0	376	0	379
14785	3	0	374	3	0	380
14786	3	377	3	1	0	384
14787	3	2	1	379	0	385
14788	377	1	0	5	0	383
14789	3	3	0	365	0	371
14790	2	373	0	2	0	377
14791	370	1	0	3	0	374
14792	1	2	385	3	0	391
14793	1	374	1	7	0	383
14794	1	3	370	3	0	377
14795	350	1	1	4	0	356
14796	1	2	1	341	0	345
14797	0	0	2	359	0	361
14798	362	0	0	2	0	364
14799	4	0	1	365	0	370
14800	0	1	361	2	0	364
14801	347	0	2	5	0	354
14802	4	356	1	1	0	362
14803	4	2	0	348	0	354
14804	347	0	4	1	0	352
14805	2	350	2	1	0	355
14806	2	2	1	361	0	366
14807	366	0	0	3	0	369
14808	1	2	2	367	0	372
14809	0	357	3	6	0	366
14810	0	2	371	4	0	377
14811	2	2	1	380	0	385
14812	2	1	2	367	0	372
14813	387	0	1	7	0	395
14814	3	2	1	392	0	398
14815	383	2	2	5	0	392
14816	388	1	1	5	0	395
14817	5	0	1	387	0	393
14818	2	378	3	2	0	385
14819	1	6	0	377	0	384
14820	357	0	1	6	0	364
14821	4	355	0	1	0	360
14822	2	349	0	1	0	352
14823	349	3	2	1	0	355
14824	360	1	1	0	0	362
14825	6	364	1	0	0	371
14826	362	5	0	2	0	369
14827	359	0	2	1	0	362
14828	4	0	2	359	0	365
14829	0	1	376	6	0	383
14830	1	0	4	374	0	379
14831	2	0	389	4	0	395
14832	1	1	3	395	0	400
14833	0	0	392	5	0	397
14834	369	1	4	2	0	376
14835	4	0	1	382	0	387
14836	388	0	2	4	0	394
14837	4	3	0	386	0	393
14838	1	378	0	6	0	385
14839	384	5	0	2	0	391
14840	5	2	368	2	0	377
14841	364	1	4	0	0	369
14842	5	368	2	0	0	375
14843	340	5	0	1	0	346
14844	342	1	1	1	0	345
14845	6	344	0	0	0	350
14846	2	4	0	366	0	372
14847	365	1	0	5	0	371
14848	5	358	0	1	0	364
14849	1	5	0	359	0	365
14850	361	1	1	5	0	368
14851	6	0	0	361	0	367
14852	1	1	0	366	0	368
14853	0	0	0	371	0	371
14854	1	0	358	6	0	365
14855	1	2	6	362	0	371
14856	363	0	1	8	0	372
14857	8	0	355	1	0	364
14858	1	0	5	360	0	366
14859	0	1	2	366	0	369
14860	0	0	353	7	0	360
14861	349	0	6	2	0	357
14862	365	0	1	1	0	367
14863	6	1	358	0	0	365
14864	2	0	5	354	0	361
14865	1	0	1	376	0	378
14866	2	0	402	7	0	411
14867	1	0	5	421	0	427
14868	1	2	2	415	0	420
14869	1	0	430	9	0	440
14870	431	0	5	3	0	439
14871	5	1	3	450	0	459
14872	454	2	0	8	0	464
14873	459	0	1	4	0	464
14874	9	0	455	3	0	467
14875	5	2	6	450	0	463
14876	474	0	4	6	0	484
14877	9	499	1	5	0	514
14878	7	8	0	524	0	539
14879	2	4	2	526	0	534
14880	2	1	2	532	0	537
14881	1	1	519	16	0	537
14882	487	0	9	10	0	506
14883	7	1	6	515	0	529
14884	6	0	3	517	0	526
14885	3	0	507	15	0	525
14886	2	1	7	503	0	513
14887	2	0	6	515	0	523
14888	505	1	5	13	0	524
14889	9	503	1	8	0	521
14890	6	7	503	5	0	521
14891	503	5	9	2	0	519
14892	9	2	5	493	0	509
14893	3	0	504	12	0	519
14894	2	0	507	9	0	518
14895	2	1	11	528	0	542
14896	1	2	542	8	0	553
14897	2	2	545	7	0	556
14898	2	550	13	9	0	574
14899	2	7	8	592	0	609
14900	2	6	591	9	0	608
14901	3	1	7	587	0	598
14902	640	0	5	13	0	658
14903	9	1	4	646	0	660
14904	7	2	3	650	0	662
14905	641	2	1	18	0	662
14906	644	0	2	10	0	656
14907	13	1	2	672	0	688
14908	6	1	688	10	0	705
14909	2	674	10	7	0	693
14910	3	6	5	702	0	716
14911	701	4	4	12	0	721
14912	697	2	3	6	0	708
14913	10	680	3	7	0	700
14914	5	703	1	7	0	716
14915	718	12	6	3	0	739
14916	722	6	1	4	0	733
14917	13	2	757	6	0	778
14918	9	0	8	758	0	775
14919	6	776	5	7	0	794
14920	793	7	8	7	0	815
14921	12	6	1	797	0	816
14922	8	784	2	8	0	802
14923	2	8	817	6	0	833
14924	3	8	7	787	0	805
14925	3	831	5	7	0	846
14926	861	8	1	5	0	875
14927	863	6	1	5	0	875
14928	10	856	1	3	0	870
14929	834	7	1	4	0	846
14930	836	5	1	7	0	849
14931	12	817	2	2	0	833
14932	5	829	0	4	0	838
14933	5	6	0	836	0	847
14934	838	6	1	7	0	852
14935	7	4	867	5	0	883
14936	831	0	8	6	0	845
14937	8	870	3	3	0	884
14938	888	8	2	4	0	902
14939	874	5	2	4	0	885
14940	877	2	3	2	0	884
14941	11	3	1	864	0	879
14942	7	861	4	6	0	878
14943	873	6	3	6	0	888
14944	7	7	892	2	0	908
14945	7	875	7	3	0	892
14946	4	6	5	926	0	941
14947	3	7	898	6	0	914
14948	3	3	904	5	0	915
14949	4	2	8	910	0	924
14950	1	2	6	961	0	970
14951	6	2	3	964	0	975
14952	5	2	0	960	0	967
14953	5	910	1	11	0	927
14954	1	958	2	9	0	970
14955	974	9	1	5	0	989
14956	9	4	1	978	0	992
14957	9	2	2	970	0	983
14958	4	1	2	992	0	999
14959	977	4	1	16	0	998
14960	989	4	1	8	0	1002
14961	13	2	1	987	0	1003
14962	1002	1	1	8	0	1012
14963	992	3	5	10	0	1010
14964	1021	2	1	8	0	1032
14965	10	2	1	1006	0	1019
14966	11	2	938	4	0	955
14967	5	1	845	4	0	855
14968	2	1	882	4	0	889
14969	1	4	951	2	0	958
14970	8	1	8	950	0	967
14971	959	1	6	7	0	973
14972	945	4	2	4	0	955
14973	8	4	932	3	0	947
14974	5	3	924	4	0	936
14975	5	998	7	1	0	1011
14976	3	3	2	1011	0	1019
14977	1013	2	0	8	0	1023
14978	4	2	991	4	0	1001
14979	961	1	2	2	0	966
14980	4	1037	4	1	0	1046
14981	3	4	1	1082	0	1090
14982	2	2	0	1132	0	1136
14983	3	2	2	1102	0	1109
14984	1142	0	1	8	0	1151
14985	4	1	2	1151	0	1158
14986	6	1	1	1149	0	1157
14987	1156	0	3	9	0	1168
14988	3	1	3	1156	0	1163
14989	6	0	1153	6	0	1165
14990	1118	0	3	9	0	1130
14991	6	0	5	1158	0	1169
14992	7	0	1	1151	0	1159
14993	1	1140	1	8	0	1150
14994	1135	6	1	8	0	1150
14995	1150	5	0	3	0	1158
14996	10	0	0	1155	0	1165
14997	5	0	1138	5	0	1148
14998	1029	2	2	9	0	1042
14999	7	3	1120	1	0	1131
15000	9	0	2	1120	0	1131
15001	2	0	2	1157	0	1161
15002	1134	0	2	9	0	1145
15003	9	0	0	1178	0	1187
15004	6	2	1178	5	0	1191
15005	1121	0	4	9	0	1134
15006	4	1	1224	2	0	1231
15007	6	0	1176	2	0	1184
15008	1215	0	11	1	0	1227
15009	7	0	6	1252	0	1265
15010	7	1278	2	8	0	1295
15011	1296	4	2	7	0	1309
15012	1286	6	4	1	0	1297
15013	12	1	1291	1	0	1305
15014	1277	0	4	4	0	1285
15015	5	6	6	1282	0	1299
15016	7	0	1281	7	0	1295
15017	1	1242	5	15	0	1263
15018	1252	9	8	5	0	1274
15019	6	1250	1	3	0	1260
15020	7	4	1	1257	0	1269
15021	2	7	3	1269	0	1281
15022	0	2	1	1267	0	1270
15023	3	0	2	1245	0	1250
15024	2	1230	0	12	0	1244
15025	2	5	1180	8	0	1195
15026	1	1197	6	5	0	1209
15027	1207	6	7	5	0	1225
15028	7	5	0	1216	0	1228
15029	1222	3	1	7	0	1233
15030	7	1	0	1229	0	1237
15031	1256	2	1	8	0	1267
15032	8	1263	1	8	0	1280
15033	1314	6	4	2	0	1326
15034	1319	6	0	4	0	1329
15035	1300	1	1	8	0	1310
15036	1310	2	1	3	0	1316
15037	10	1306	0	4	0	1320
15038	11	3	1315	5	0	1334
15039	6	7	6	1341	0	1360
15040	1357	1	7	10	0	1375
15041	1375	1	2	11	0	1389
15042	13	3	2	1403	0	1421
15043	9	3	1432	9	0	1453
15044	4	2	8	1398	0	1412
15045	4	1446	9	11	0	1470
15046	1472	9	0	11	0	1492
15047	14	8	2	1472	0	1496
15048	12	1433	3	9	0	1457
15049	5	1491	2	12	0	1510
15050	4	1543	1	3	0	1551
15051	5	13	2	1575	0	1595
15052	1575	9	3	12	0	1599
15053	16	1600	1	8	0	1625
15054	12	9	1	1623	0	1645
15055	1617	8	1	13	0	1639
15056	8	1	4	1635	0	1648
15057	1645	1	0	11	0	1657
15058	1621	5	2	12	0	1640
15059	17	1718	3	10	0	1748
15060	15	11	3	1685	0	1714
15061	7	1731	2	9	0	1749
15062	1739	11	1	10	0	1761
15063	1734	10	5	5	0	1754
15064	1757	3	4	6	0	1770
15065	19	3	5	1757	0	1784
15066	11	5	1740	11	0	1767
15067	1686	3	8	10	0	1707
15068	1754	1	8	5	0	1768
15069	21	5	3	1732	0	1761
15070	14	1749	4	12	0	1779
15071	15	10	2	1771	0	1798
15072	7	9	4	1822	0	1842
15073	1827	4	2	18	0	1851
15074	1798	5	0	15	0	1818
15075	21	7	1730	2	0	1760
15076	12	8	8	1749	0	1777
15077	1768	4	9	17	0	1798
15078	15	5	0	1774	0	1794
15079	15	7	1766	10	0	1798
15080	6	1665	9	17	0	1697
15081	8	1747	8	9	0	1772
15082	1954	13	3	9	0	1979
15083	20	9	1	2091	0	2121
15084	17	2	2	2314	0	2335
15085	2305	5	1	43	0	2354
15086	39	6	2285	17	0	2347
15087	20	7	31	2288	0	2346
15088	13	5	2304	45	0	2367
15089	12	2328	33	26	0	2399
15090	2412	33	14	12	0	2471
15091	2447	15	10	18	0	2490
15092	2487	4	10	14	0	2515
15093	54	8	2436	9	0	2507
15094	2453	9	32	12	0	2506
15095	2501	5	18	7	0	2531
15096	63	9	7	2454	0	2533
15097	2071	6	11	51	0	2139
15098	42	7	2423	16	0	2488
15099	2358	5	32	11	0	2406
15100	54	3	2405	8	0	2470
15101	28	2405	36	13	0	2482
15102	22	43	19	2293	0	2377
15103	20	2397	12	44	0	2473
15104	21	41	2355	14	0	2431
15105	12	2391	48	9	0	2460
15106	2329	39	17	9	0	2394
15107	37	2295	8	9	0	2349
15108	13	2292	6	10	0	2321
15109	11	48	2244	9	0	2312
15110	9	24	36	2217	0	2286
15111	2251	12	17	35	0	2315
15112	41	16	2231	15	0	2303
15113	19	2256	41	9	0	2325
15114	10	41	17	2241	0	2309
15115	11	16	2260	40	0	2327
15116	16	8	2243	18	0	2285
15117	16	10	49	2256	0	2331
15118	14	7	2279	36	0	2336
15119	9	9	47	2136	0	2201
15120	7	2167	20	36	0	2230
15121	11	34	16	2206	0	2267
15122	7	2218	18	39	0	2282
15123	10	36	10	2233	0	2289
15124	2212	16	12	44	0	2284
15125	35	17	13	2206	0	2271
15126	14	2102	8	151	0	2275
15127	13	40	6	2230	0	2289
15128	13	14	2212	47	0	2286
15129	13	12	33	2222	0	2280
15130	2199	14	15	46	0	2274
15131	40	13	2140	22	0	2215
15132	16	13	38	2142	0	2209
15133	2096	7	17	48	0	2168
15134	38	2088	12	26	0	2164
15135	23	37	14	2089	0	2163
15136	2084	12	10	48	0	2154
15137	44	10	14	2076	0	2144
15138	22	10	2005	42	0	2079
15139	1961	12	29	29	0	2031
15140	46	1957	16	14	0	2033
15141	19	2033	9	15	0	2076
15142	1987	35	14	22	0	2058
15143	1955	16	10	12	0	1993
15144	47	7	8	1935	0	1997
15145	1895	18	10	35	0	1958
15146	54	14	1833	16	0	1917
15147	1839	15	33	20	0	1907
15148	49	1817	12	18	0	1896
15149	1838	33	12	17	0	1900
15150	44	13	1834	9	0	1900
15151	27	6	34	1835	0	1902
15152	23	9	16	1847	0	1895
15153	19	18	10	1741	0	1788
15154	26	1789	9	44	0	1868
15155	1813	34	9	21	0	1877
15156	47	8	10	1741	0	1806
15157	17	1737	14	43	0	1811
15158	1837	36	10	19	0	1902
15159	1745	17	7	24	0	1793
15160	1778	15	9	19	0	1821
15161	1774	10	6	19	0	1809
15162	1753	13	10	14	0	1790
15163	57	5	11	1720	0	1793
15164	35	13	11	1717	0	1776
15165	1708	9	7	45	0	1769
15166	52	14	3	1700	0	1769
15167	32	16	3	1715	0	1766
15168	23	9	1631	47	0	1710
15169	1657	11	29	34	0	1731
15170	1683	7	11	22	0	1723
15171	1685	8	5	23	0	1721
15172	49	15	12	1571	0	1647
15173	18	1613	13	47	0	1691
15174	1886	30	7	25	0	1948
15175	1785	9	14	17	0	1825
15176	55	13	5	2003	0	2076
15177	2017	12	8	50	0	2087
15178	80	26	1456	36	0	1598
15179	33	1990	35	19	0	2077
15180	30	2042	23	20	0	2115
15181	39	47	2000	25	0	2111
15182	15	1714	28	14	0	1771
15183	14	1607	20	14	0	1655
15184	1387	19	26	6	0	1438
15185	9	1378	5	9	0	1401
15186	13	19	4	1397	0	1433
15187	1426	13	1	18	0	1458
15188	17	7	1388	17	0	1429
15189	1394	5	10	14	0	1423
15190	19	3	1358	7	0	1387
15191	20	0	1340	5	0	1365
15192	1333	5	25	4	0	1367
15193	21	1	1375	5	0	1402
15194	12	1351	17	2	0	1382
15195	11	11	15	1344	0	1381
15196	1350	10	9	14	0	1383
15197	13	1323	2	14	0	1352
15198	17	11	0	1341	0	1369
15199	12	11	1336	13	0	1372
15200	5	6	11	1346	0	1368
15201	1318	3	11	20	0	1352
15202	18	1	1301	15	0	1335
15203	16	3	14	1288	0	1321
15204	1307	4	13	14	0	1338
15205	1320	1	6	13	0	1340
15206	25	4	3	1304	0	1336
15207	21	2	0	1301	0	1324
15208	13	0	1330	24	0	1367
15209	4	4	1314	19	0	1341
15210	1353	1	23	10	0	1387
15211	1381	2	16	5	0	1404
15212	26	1359	6	4	0	1395
15213	1371	11	1	2	0	1385
15214	1390	12	3	2	0	1407
15215	31	4	1456	3	0	1494
15216	19	1487	14	1	0	1521
15217	1511	15	12	1	0	1539
15218	1509	15	5	2	0	1531
15219	1536	6	3	7	0	1552
15220	39	2	3	1507	0	1551
15221	20	3	2	1510	0	1535
15222	8	1507	1	30	0	1546
15223	6	18	2	1542	0	1568
15224	1523	17	1	28	0	1569
15225	21	7	0	1539	0	1567
15226	16	4	1508	23	0	1551
15227	6	2	1489	19	0	1516
15228	9	2	29	1500	0	1540
15229	3	0	1519	22	0	1544
15230	2	1	1499	14	0	1516
15231	5	0	32	1482	0	1519
15232	3	0	21	1524	0	1548
15233	0	1	1532	32	0	1565
15234	2	1	1513	20	0	1536
15235	3	1528	29	7	0	1567
15236	1549	21	17	3	0	1590
15237	20	1609	7	2	0	1638
15238	1620	24	6	3	0	1653
15239	1645	19	2	2	0	1668
15240	36	1647	0	4	0	1687
15241	1662	21	3	5	0	1691
15242	29	13	4	1633	0	1679
15243	20	7	1651	21	0	1699
15244	8	2	22	1641	0	1673
15245	4	0	13	1695	0	1712
15246	1634	1	5	37	0	1677
15247	1652	1	5	22	0	1680
15248	1659	1	1	11	0	1672
15249	1650	3	0	9	0	1662
15250	1576	0	3	4	0	1583
15251	41	1529	3	0	0	1573
15252	23	22	1	1555	0	1601
15253	13	13	1583	19	0	1628
15254	6	7	22	1584	0	1619
15255	7	2	15	1587	0	1611
15256	4	2	7	1667	0	1680
15257	1750	1	7	46	0	1804
15258	36	1	1	1770	0	1808
15259	1795	1	0	43	0	1839
15260	43	0	1839	20	0	1902
15261	24	1	36	2038	0	2099
15262	11	2	2088	43	0	2144
15263	2085	4	44	21	0	2154
15264	43	3	18	2104	0	2168
15265	23	4	2131	44	0	2202
15266	12	3	46	2147	0	2208
15267	2170	0	16	55	0	2241
15268	44	3	2157	27	0	2231
15269	2186	0	42	16	0	2244
15270	2233	1	23	10	0	2267
15271	2244	0	8	6	0	2258
15272	2187	0	8	11	0	2206
15273	73	2125	4	8	0	2210
15274	29	1893	5	8	0	1935
15275	18	1850	3	8	0	1879
15276	19	64	15	1653	0	1751
15277	6	1685	4	39	0	1734
15278	1658	37	4	16	0	1715
15279	43	1622	5	10	0	1680
15280	13	1670	6	8	0	1697
15281	10	43	5	1678	0	1736
15282	8	11	5	1714	0	1738
15283	1675	8	7	50	0	1740
15284	42	5	4	1693	0	1744
15285	13	5	1656	47	0	1721
15286	12	3	1571	16	0	1602
15287	16	2	1652	6	0	1676
15288	15	3	46	1666	0	1730
15289	8	3	17	1776	0	1804
15290	11	1	1717	49	0	1778
15291	7	8	1631	15	0	1661
15292	6	7	1731	11	0	1755
15293	1764	7	55	9	0	1835
15294	44	5	18	1786	0	1853
15295	16	6	9	1822	0	1853
15296	1805	4	1	53	0	1863
15297	48	5	3	1811	0	1867
15298	14	1750	4	46	0	1814
15299	10	1852	5	19	0	1886
15300	12	50	5	1833	0	1900
15301	1833	12	4	54	0	1903
15302	1857	6	8	17	0	1888
15303	1877	6	10	8	0	1901
15304	57	4	6	1837	0	1904
15305	19	2	1805	50	0	1876
15306	8	4	50	1817	0	1879
15307	6	5	1816	52	0	1879
15308	1749	4	52	22	0	1827
15309	47	5	20	1778	0	1850
15310	1740	3	7	49	0	1799
15311	52	1	1760	14	0	1827
15312	1661	2	43	13	0	1719
15313	54	1	1789	10	0	1854
15314	17	1702	37	9	0	1765
15315	6	1724	18	7	0	1755
15316	1662	44	4	13	0	1723
15317	40	12	6	1662	0	1720
15318	18	4	1654	45	0	1721
15319	11	1599	43	19	0	1672
15320	14	1702	12	7	0	1735
15321	13	44	10	1686	0	1753
15322	1692	9	3	49	0	1753
15323	1712	4	8	17	0	1741
15324	49	1679	5	16	0	1749
15325	1708	36	10	18	0	1772
15326	54	9	9	1703	0	1775
15327	13	7	1710	50	0	1780
15328	11	1715	44	14	0	1784
15329	10	38	14	1739	0	1801
15330	12	8	8	1759	0	1787
15331	1736	4	11	47	0	1798
15332	48	9	1709	13	0	1779
15333	1692	4	42	16	0	1754
15334	1741	5	15	14	0	1775
15335	53	4	10	1698	0	1765
15336	15	10	10	1739	0	1774
15337	1659	5	5	54	0	1723
15338	53	12	6	1673	0	1744
15339	20	4	1648	54	0	1726
15340	6	7	1626	16	0	1655
15341	16	1564	47	10	0	1637
15342	10	1707	11	10	0	1738
15343	13	52	5	1605	0	1675
15344	4	1609	5	47	0	1665
15345	1661	44	5	17	0	1727
15346	44	1657	4	18	0	1723
15347	21	40	6	1663	0	1730
15348	11	14	10	1703	0	1738
15349	11	8	1662	56	0	1737
15350	14	8	42	1664	0	1728
15351	13	3	13	1734	0	1763
15352	10	1726	9	53	0	1798
15353	10	40	8	1734	0	1792
15354	13	12	6	1775	0	1806
15355	14	7	1693	56	0	1770
15356	8	1659	43	24	0	1734
15357	16	88	14	1438	0	1556
15358	10	1519	6	39	0	1574
15359	5	30	1466	9	0	1510
15360	5	1398	32	6	0	1441
15361	1175	34	11	11	0	1231
15362	1154	6	7	6	0	1173
15363	1154	4	4	4	0	1166
15364	26	1141	3	4	0	1174
15365	1128	26	1	7	0	1162
15366	27	5	0	1110	0	1142
15367	1080	4	2	27	0	1113
15368	28	1057	2	4	0	1091
15369	1059	26	2	5	0	1092
15370	1087	6	1	12	0	1106
15371	31	1093	2	8	0	1134
15372	8	28	1103	4	0	1143
15373	6	8	29	1236	0	1279
15374	4	9	1306	37	0	1356
15375	6	6	37	1329	0	1378
15376	5	5	7	1410	0	1427
15377	5	6	1395	43	0	1449
15378	8	4	42	1392	0	1446
15379	1389	2	7	48	0	1446
15380	45	2	1387	15	0	1449
15381	8	1379	43	11	0	1441
15382	13	41	8	1368	0	1430
15383	11	6	5	1435	0	1457
15384	3	7	1389	47	0	1446
15385	5	9	38	1360	0	1412
15386	10	1374	5	42	0	1431
15387	1340	40	6	19	0	1405
15388	36	1328	7	8	0	1379
15389	1209	36	4	12	0	1261
15390	31	1218	4	8	0	1261
15391	10	1258	6	3	0	1277
15392	5	39	1204	7	0	1255
15393	7	11	38	1182	0	1238
15394	7	9	7	1186	0	1209
15395	5	6	11	1205	0	1227
15396	5	1238	7	47	0	1297
15397	6	36	5	1256	0	1303
15398	1241	10	6	51	0	1308
15399	43	4	8	1238	0	1293
15400	1218	9	5	54	0	1286
15401	48	6	1220	19	0	1293
15402	1222	6	39	17	0	1284
15403	51	3	12	1218	0	1284
15404	14	11	8	1279	0	1312
15405	1250	6	9	51	0	1316
15406	52	5	1237	23	0	1317
15407	9	1220	42	16	0	1287
15408	15	37	11	1240	0	1303
15409	1214	14	15	51	0	1294
15410	1264	11	8	16	0	1299
15411	48	13	6	1230	0	1297
15412	18	9	1210	55	0	1292
15413	1158	11	51	15	0	1235
15414	49	11	1177	25	0	1262
15415	15	7	45	1193	0	1260
15416	16	4	1181	55	0	1256
15417	15	10	48	1167	0	1240
15418	7	4	1139	61	0	1211
15419	13	1138	44	17	0	1212
15420	10	39	14	1044	0	1107
15421	12	1132	14	39	0	1197
15422	1136	41	11	23	0	1211
15423	1176	14	4	19	0	1213
15424	45	13	1124	14	0	1196
15425	23	13	37	1123	0	1196
15426	1132	7	9	54	0	1202
15427	51	3	13	1113	0	1180
15428	20	10	7	1133	0	1170
15429	19	4	1075	52	0	1150
15430	1041	5	43	24	0	1113
15431	46	5	1075	23	0	1149
15432	15	4	46	1095	0	1160
15433	18	6	1100	49	0	1173
15434	1100	5	43	23	0	1171
15435	1116	4	24	24	0	1168
15436	1115	13	14	19	0	1161
15437	51	6	16	1093	0	1166
15438	28	6	1059	46	0	1139
15439	20	4	1094	14	0	1132
15440	18	13	40	997	0	1068
15441	13	1046	24	41	0	1124
15442	1031	39	15	13	0	1098
15443	42	11	10	1041	0	1104
15444	15	13	1024	45	0	1097
15445	18	10	42	1029	0	1099
15446	14	8	1048	54	0	1124
15447	18	5	46	1074	0	1143
15448	12	5	1071	54	0	1142
15449	14	1	1082	24	0	1121
15450	12	1052	48	23	0	1135
15451	15	33	1058	20	0	1126
15452	14	5	1063	14	0	1096
15453	21	12	46	884	0	963
15454	13	5	31	956	0	1005
15455	14	976	13	42	0	1045
15456	984	31	18	17	0	1050
15457	42	987	12	13	0	1054
15458	15	33	10	993	0	1051
15459	991	11	9	37	0	1048
15460	42	7	11	989	0	1049
15461	992	5	9	45	0	1051
15462	40	7	15	1004	0	1066
15463	18	1	1012	49	0	1080
15464	17	4	36	1010	0	1067
15465	12	2	13	1060	0	1087
15466	1024	2	12	54	0	1092
15467	1052	2	24	14	0	1092
15468	1052	3	9	19	0	1083
15469	39	991	16	15	0	1061
15470	15	1000	10	12	0	1037
15471	987	26	14	10	0	1037
15472	34	10	985	12	0	1041
15473	13	11	876	5	0	905
15474	16	25	27	757	0	825
15475	5	6	778	23	0	812
15476	5	3	743	9	0	760
15477	725	0	22	6	0	753
15478	747	1	8	5	0	761
15479	20	740	5	5	0	770
15480	9	749	3	5	0	766
15481	8	13	4	673	0	698
15482	5	726	1	12	0	744
15483	749	18	2	8	0	777
15484	17	4	2	739	0	762
15485	6	762	1	17	0	786
15486	793	16	2	7	0	818
15487	16	4	805	3	0	828
15488	6	5	792	1	0	804
15489	812	2	18	7	0	839
15490	20	2	790	3	0	815
15491	804	1	17	3	0	825
15492	21	6	6	803	0	836
15493	6	3	812	15	0	836
15494	6	785	13	7	0	811
15495	4	818	7	6	0	835
15496	750	13	5	1	0	769
15497	11	769	2	2	0	784
15498	748	11	1	3	0	763
15499	755	4	1	0	0	760
15500	15	752	1	1	0	769
15501	8	9	1	741	0	759
15502	3	3	763	12	0	781
15503	1	807	12	5	0	825
15504	5	14	3	800	0	822
15505	5	9	2	863	0	879
15506	853	3	0	14	0	870
15507	9	1	3	864	0	877
15508	4	2	842	16	0	864
15509	6	848	10	8	0	872
15510	1	10	4	862	0	877
15511	886	3	4	14	0	907
15512	906	3	3	7	0	919
15513	14	2	3	906	0	925
15514	956	3	1	14	0	974
15515	15	0	953	8	0	976
15516	9	1	11	948	0	969
15517	9	0	959	14	0	982
15518	0	2	18	1018	0	1038
15519	6	2	4	1028	0	1040
15520	2	1	8	1021	0	1032
15521	2	1	0	1027	0	1030
15522	5	0	3	1009	0	1017
15523	1003	0	1	32	0	1036
15524	1015	0	2	14	0	1031
15525	21	992	1	12	0	1026
15526	1020	15	2	7	0	1044
15527	23	4	1	1015	0	1043
15528	11	5	1	1031	0	1048
15529	12	0	1	1035	0	1048
15530	1	3	1036	28	0	1068
15531	7	2	16	1004	0	1029
15532	3	1028	5	22	0	1058
15533	1020	17	9	9	0	1055
15534	1027	5	1	8	0	1041
15535	23	5	1014	3	0	1045
15536	14	1007	17	5	0	1043
15537	9	19	5	1005	0	1038
15538	5	6	1013	25	0	1049
15539	9	7	16	956	0	988
15540	2	999	11	23	0	1035
15541	988	22	5	13	0	1028
15542	21	994	3	10	0	1028
15543	12	20	988	3	0	1023
15544	10	5	979	7	0	1001
15545	3	957	23	5	0	988
15546	7	976	9	6	0	998
15547	945	21	3	8	0	977
15548	954	9	5	8	0	976
15549	25	7	5	948	0	985
15550	12	6	952	21	0	991
15551	10	4	18	949	0	981
15552	9	5	7	957	0	978
15553	948	4	6	30	0	988
15554	935	1	6	20	0	962
15555	27	5	7	995	0	1034
15556	14	3	991	31	0	1039
15557	11	992	22	14	0	1039
15558	1002	23	9	7	0	1041
15559	30	1015	5	8	0	1058
15560	11	26	7	1050	0	1094
15561	10	10	6	1066	0	1092
15562	5	12	2	1073	0	1092
15563	9	2	11	1042	0	1064
15564	1017	6	4	39	0	1066
15565	24	9	2	1029	0	1064
15566	13	999	7	30	0	1049
15567	11	20	2	1006	0	1039
15568	975	10	5	35	0	1025
15569	27	979	4	15	0	1025
15570	12	23	3	987	0	1025
15571	7	10	962	30	0	1009
15572	957	7	21	16	0	1001
15573	30	6	8	967	0	1011
15574	13	7	951	26	0	997
15575	11	5	947	12	0	975
15576	6	5	28	955	0	994
15577	941	4	14	32	0	991
15578	954	5	8	15	0	982
15579	23	964	5	15	0	1007
15580	958	17	6	13	0	994
15581	966	7	4	12	0	989
15582	955	10	1	14	0	980
15583	947	4	2	14	0	967
15584	36	4	4	906	0	950
15585	15	7	4	914	0	940
15586	12	7	857	31	0	907
15587	11	817	16	19	0	863
15588	7	831	10	13	0	861
15589	6	25	822	10	0	863
15590	805	9	16	15	0	845
15591	21	5	10	818	0	854
15592	820	6	5	27	0	858
15593	821	2	5	15	0	843
15594	20	7	802	9	0	838
15595	13	7	14	803	0	837
15596	818	6	5	21	0	850
15597	33	1	3	802	0	839
15598	11	3	802	27	0	843
15599	6	16	20	770	0	812
15600	8	824	8	25	0	865
15601	9	851	6	14	0	880
15602	9	20	828	9	0	866
15603	11	775	12	6	0	804
15604	751	14	14	9	0	788
15605	726	4	4	6	0	740
15606	20	3	4	711	0	738
15607	12	5	4	718	0	739
15608	7	1	4	729	0	741
15609	710	4	2	21	0	737
15610	18	700	1	13	0	732
15611	675	12	1	7	0	695
15612	664	7	2	4	0	677
15613	18	664	2	4	0	688
15614	599	11	2	3	0	615
15615	16	601	1	6	0	624
15616	604	13	3	5	0	625
15617	11	4	596	7	0	618
15618	518	3	9	5	0	535
15619	7	514	4	3	0	528
15620	6	10	0	518	0	534
15621	0	2	2	543	0	547
15622	2	1	2	546	0	551
15623	544	1	1	11	0	557
15624	8	1	2	553	0	564
15625	3	2	544	9	0	558
15626	530	3	9	5	0	547
15627	13	3	537	5	0	558
15628	7	4	9	534	0	554
15629	5	3	539	12	0	559
15630	4	0	8	516	0	528
15631	5	517	1	12	0	535
15632	3	8	1	517	0	529
15633	2	517	2	10	0	531
15634	5	7	2	527	0	541
15635	520	4	0	14	0	538
15636	8	6	1	527	0	542
15637	533	1	2	10	0	546
15638	11	4	506	3	0	524
15639	514	2	5	7	0	528
15640	526	1	4	2	0	533
15641	524	1	3	3	0	531
15642	13	3	3	528	0	547
15643	522	0	2	11	0	535
15644	10	1	510	4	0	525
15645	508	1	10	8	0	527
15646	12	4	499	3	0	518
15647	517	2	4	5	0	528
15648	12	1	5	523	0	541
15649	6	3	538	11	0	558
15650	8	1	8	527	0	544
15651	8	2	2	532	0	544
15652	8	0	525	7	0	540
15653	479	2	4	8	0	493
15654	7	522	2	7	0	538
15655	481	3	2	5	0	491
15656	6	469	1	1	0	477
15657	467	4	1	4	0	476
15658	7	2	452	1	0	462
15659	420	1	6	2	0	429
15660	5	420	3	0	0	428
15661	0	2	5	425	0	432
15662	2	1	2	434	0	439
15663	1	1	0	444	0	446
15664	1	0	445	5	0	451
15665	2	0	5	441	0	448
15666	3	0	485	3	0	491
15667	513	2	3	2	0	520
15668	543	0	0	2	0	545
15669	5	2	0	554	0	561
15670	5	0	554	4	0	563
15671	541	0	7	3	0	551
15672	6	1	686	1	0	694
15673	2	1	8	690	0	701
15674	2	0	1	710	0	713
15675	0	0	2	717	0	719
15676	2	0	2	727	0	731
15677	704	0	2	13	0	719
15678	7	706	3	5	0	721
15679	1	5	698	4	0	708
15680	5	699	6	2	0	712
15681	713	10	1	2	0	726
15682	10	0	1	717	0	728
15683	724	3	2	8	0	737
15684	13	1	2	725	0	741
15685	2	2	4	730	0	738
15686	7	2	0	729	0	738
15687	1	1	714	12	0	728
15688	2	706	6	5	0	719
15689	3	9	722	5	0	739
15690	4	0	10	727	0	741
15691	724	6	3	10	0	743
15692	709	1	2	6	0	718
15693	710	3	3	7	0	723
15694	16	724	1	4	0	745
15695	736	6	5	5	0	752
15696	13	1	1	727	0	742
15697	3	6	2	744	0	755
15698	4	0	2	742	0	748
15699	2	737	4	15	0	758
15700	4	7	2	685	0	698
15701	4	691	4	12	0	711
15702	686	10	3	8	0	707
15703	692	1	1	9	0	703
15704	13	4	0	700	0	717
15705	8	2	680	14	0	704
15706	698	2	7	4	0	711
15707	11	4	2	708	0	725
15708	4	0	710	13	0	727
15709	711	3	9	6	0	729
15710	13	0	0	737	0	750
15711	722	2	4	15	0	743
15712	13	725	1	7	0	746
15713	5	10	2	707	0	724
15714	10	744	1	7	0	762
15715	5	12	1	779	0	797
15716	4	771	3	12	0	790
15717	9	11	0	808	0	828
15718	9	5	789	8	0	811
15719	705	1	6	14	0	726
15720	9	829	2	7	0	847
15721	6	6	831	9	0	852
15722	833	4	8	6	0	851
15723	11	4	4	853	0	872
15724	6	4	867	9	0	886
15725	4	888	7	9	0	908
15726	4	8	4	906	0	922
15727	10	1	916	13	0	940
15728	7	7	7	909	0	930
15729	6	2	4	942	0	954
15730	6	5	956	13	0	980
15731	4	6	10	975	0	995
15732	8	4	980	14	0	1006
15733	5	3	11	992	0	1011
15734	2	3	1044	17	0	1066
15735	5	3	10	1054	0	1072
15736	3	4	4	1085	0	1096
15737	6	0	5	1077	0	1088
15738	6	1064	3	19	0	1092
15739	1076	10	4	10	0	1100
15740	1082	6	4	6	0	1098
15741	13	3	3	1095	0	1114
15742	1096	2	4	17	0	1119
15743	13	3	1086	9	0	1111
15744	6	1119	9	9	0	1143
15745	1125	10	3	7	0	1145
15746	15	1140	2	8	0	1165
15747	5	9	3	1150	0	1167
15748	10	2	2	1146	0	1160
15749	1104	8	4	16	0	1132
15750	9	4	4	1131	0	1148
15751	6	4	1122	15	0	1147
15752	8	1113	7	12	0	1140
15753	1131	11	5	8	0	1155
15754	14	3	5	1135	0	1157
15755	7	1153	4	18	0	1182
15756	5	9	5	1137	0	1156
15757	6	1158	3	16	0	1183
15758	1173	12	4	7	0	1196
15759	1164	3	1	13	0	1181
15760	15	4	1157	9	0	1185
15761	10	4	1120	7	0	1141
15762	6	5	6	1134	0	1151
15763	4	1151	6	17	0	1178
15764	5	12	5	1171	0	1193
15765	1167	4	1	21	0	1193
15766	12	1	1113	8	0	1134
15767	4	2	15	1084	0	1105
15768	7	1	1062	14	0	1084
15769	2	2	1024	7	0	1035
15770	3	1118	10	6	0	1137
15771	19	19	9	1084	0	1131
15772	1002	2	2	10	0	1016
15773	8	2	1006	2	0	1018
15774	3	979	4	6	0	992
15775	1002	5	2	4	0	1013
15776	6	2	1	1005	0	1014
15777	1050	2	1	9	0	1062
15778	1061	0	1	5	0	1067
15779	1053	0	0	6	0	1059
15780	9	1	1094	2	0	1106
15781	1073	1	6	3	0	1083
15782	1106	0	4	3	0	1113
15783	8	1126	3	1	0	1138
15784	4	7	1	1146	0	1158
15785	3	5	0	1141	0	1149
15786	2	2	0	1172	0	1176
15787	1188	0	0	12	0	1200
15788	1163	1	1	5	0	1170
15789	9	3	1171	4	0	1187
15790	5	2	6	1182	0	1195
15791	3	1177	2	4	0	1186
15792	1188	7	0	5	0	1200
15793	9	2	1187	2	0	1200
15794	4	2	8	1169	0	1183
15795	2	0	4	1186	0	1192
15796	1	1176	1	12	0	1190
15797	3	9	1	1185	0	1198
15798	5	4	0	1119	0	1128
15799	4	1	2	1191	0	1198
15800	1185	1	3	14	0	1203
15801	9	1	1	1182	0	1193
15802	5	2	2	1185	0	1194
15803	1201	2	1	14	0	1218
15804	11	1	2	1202	0	1216
15805	5	1308	1	8	0	1322
15806	1368	24	2	8	0	1402
15807	1433	6	2	3	0	1444
15808	1458	5	2	3	0	1468
15809	1539	1	0	7	0	1547
15810	36	1560	0	6	0	1602
15811	1697	35	0	0	0	1732
15812	1727	7	1	4	0	1739
15813	51	6	1	1690	0	1748
15814	20	1	1662	43	0	1726
15815	10	0	39	1647	0	1696
15816	6	3	12	1682	0	1703
15817	7	4	4	1640	0	1655
15818	11	1	1	1644	0	1657
15819	7	0	2	1663	0	1672
15820	1564	2	2	66	0	1634
15821	49	3	4	1573	0	1629
15822	16	2	1555	57	0	1630
15823	12	0	45	1538	0	1595
15824	3	1544	9	58	0	1614
15825	5	48	6	1530	0	1589
15826	8	12	1537	54	0	1611
15827	1428	5	44	21	0	1498
15828	1518	1	10	16	0	1545
15829	55	1	1554	9	0	1619
15830	17	1551	42	5	0	1615
15831	1574	47	8	5	0	1634
15832	1607	9	6	10	0	1632
15833	1625	6	5	6	0	1642
15834	1578	2	3	6	0	1589
15835	73	5	2	1498	0	1578
15836	25	3	1502	51	0	1581
15837	18	3	45	1519	0	1585
15838	16	2	12	1594	0	1624
15839	11	3	1552	65	0	1631
15840	11	2	1569	22	0	1604
15841	1545	3	56	17	0	1621
15842	55	1556	21	12	0	1644
15843	21	47	12	1578	0	1658
15844	12	12	1536	58	0	1618
15845	1484	11	48	24	0	1567
15846	59	3	1534	17	0	1613
15847	1466	3	62	12	0	1543
15848	69	1519	16	12	0	1616
15849	25	53	9	1536	0	1623
15850	16	20	1518	61	0	1615
15851	1460	11	56	24	0	1551
15852	66	1500	14	19	0	1599
15853	26	1601	12	20	0	1659
15854	21	57	13	1597	0	1688
15855	10	30	10	1687	0	1737
15856	1707	15	9	83	0	1814
15857	65	1695	8	42	0	1810
15858	33	57	7	1719	0	1816
15859	1716	29	6	69	0	1820
15860	1776	13	5	29	0	1823
15861	1842	8	8	26	0	1884
15862	89	2	1863	17	0	1971
15863	41	6	1935	17	0	1999
15864	1996	7	76	17	0	2096
15865	73	1982	35	14	0	2104
15866	40	2075	20	12	0	2147
15867	28	83	7	1943	0	2061
15868	20	2037	10	57	0	2124
15869	2033	72	18	30	0	2153
15870	79	29	12	2001	0	2121
15871	38	19	1993	70	0	2120
15872	2017	17	66	32	0	2132
15873	2061	19	25	20	0	2125
15874	102	14	12	2007	0	2135
15875	48	16	15	2055	0	2134
15876	39	14	9	2066	0	2128
15877	24	12	14	2050	0	2100
15878	26	11	1903	102	0	2042
15879	22	1874	67	50	0	2013
15880	28	67	34	1741	0	1870
15881	25	1875	17	77	0	1994
15882	29	83	15	1716	0	1843
15883	21	1836	7	85	0	1949
15884	1811	76	8	55	0	1950
15885	1845	34	15	29	0	1923
15886	95	1802	13	32	0	1942
15887	1818	74	16	19	0	1927
15888	81	38	14	1801	0	1934
15889	1785	24	8	87	0	1904
15890	78	1774	12	47	0	1911
15891	1806	76	11	27	0	1920
15892	1836	34	12	28	0	1910
15893	105	37	8	1766	0	1916
15894	54	20	1737	76	0	1887
15895	35	1735	63	47	0	1880
15896	33	65	29	1768	0	1895
15897	1767	44	21	74	0	1906
15898	93	28	1739	38	0	1898
15899	56	22	56	1742	0	1876
15900	41	14	23	1810	0	1888
15901	1771	15	22	91	0	1899
15902	1798	17	16	58	0	1889
15903	1809	18	19	35	0	1881
15904	99	1730	14	31	0	1874
15905	1616	48	9	29	0	1702
15906	63	30	1528	31	0	1652
15907	39	16	1465	30	0	1550
15908	23	12	1494	28	0	1557
15909	34	43	70	1332	0	1479
15910	24	6	1318	47	0	1395
15911	1224	12	23	27	0	1286
15912	37	12	18	1231	0	1298
15913	29	10	1253	37	0	1329
15914	1295	10	30	25	0	1360
15915	42	9	20	1284	0	1355
15916	30	13	16	1319	0	1378
15917	1326	11	13	41	0	1391
15918	37	11	10	1384	0	1442
15919	34	6	1373	37	0	1450
15920	22	13	32	1396	0	1463
15921	17	11	1404	39	0	1471
15922	21	4	36	1398	0	1459
15923	1388	6	21	34	0	1449
15924	33	1325	14	39	0	1411
15925	30	1368	10	21	0	1429
15926	23	29	8	1366	0	1426
15927	23	20	9	1363	0	1415
15928	19	1329	14	45	0	1407
15929	15	1299	16	35	0	1365
15930	13	27	12	1287	0	1339
15931	16	18	11	1288	0	1333
15932	1244	11	11	48	0	1314
15933	37	1234	14	25	0	1310
15934	23	1212	4	27	0	1266
15935	17	1269	12	18	0	1316
15936	1229	36	9	14	0	1288
15937	30	25	1203	15	0	1273
15938	1186	14	29	21	0	1250
15939	30	10	14	1174	0	1228
15940	25	1105	10	34	0	1174
15941	16	1172	11	26	0	1225
15942	1157	32	7	17	0	1213
15943	24	27	10	1123	0	1184
15944	22	1209	14	29	0	1274
15945	1228	20	10	26	0	1284
15946	1233	18	13	20	0	1284
15947	36	14	1212	18	0	1280
15948	1218	10	18	20	0	1266
15949	1232	10	19	17	0	1278
15950	39	13	7	1208	0	1267
15951	22	1176	11	31	0	1240
15952	15	1189	8	29	0	1241
15953	21	26	5	1147	0	1199
15954	1105	14	5	24	0	1148
15955	26	13	958	17	0	1014
15956	17	15	949	12	0	993
15957	30	5	921	17	0	973
15958	15	9	935	10	0	969
15959	7	944	16	9	0	976
15960	15	933	13	12	0	973
15961	25	21	843	13	0	902
15962	8	11	770	12	0	801
15963	6	659	9	4	0	678
15964	8	8	7	611	0	634
15965	1	2	640	5	0	648
15966	0	0	4	619	0	623
15967	1	0	1	657	0	659
15968	0	0	1	668	0	669
15969	0	1	1	696	0	698
15970	0	1	682	8	0	691
15971	0	2	7	656	0	665
15972	665	0	2	6	0	673
15973	7	2	650	2	0	661
15974	671	0	7	2	0	680
15975	8	0	2	688	0	698
15976	2	0	694	7	0	703
15977	685	1	6	5	0	697
15978	8	3	3	696	0	710
15979	702	0	2	10	0	714
15980	8	0	3	701	0	712
15981	3	697	0	11	0	711
15982	1	5	730	6	0	742
15983	1	3	8	750	0	762
15984	756	2	2	10	0	770
15985	762	2	1	5	0	770
15986	755	1	1	8	0	765
15987	754	2	1	3	0	760
15988	746	3	2	3	0	754
15989	9	746	1	3	0	759
15990	751	7	0	5	0	763
15991	9	5	751	4	0	769
15992	753	3	6	2	0	764
15993	8	2	2	747	0	759
15994	3	2	761	7	0	773
15995	3	3	749	2	0	757
15996	2	1	7	756	0	766
15997	769	0	5	7	0	781
15998	8	750	1	5	0	764
15999	762	9	0	2	0	773
16000	9	758	0	1	0	768
16001	7	9	0	775	0	791
16002	6	3	0	791	0	800
16003	789	1	0	10	0	800
16004	10	3	1	790	0	804
16005	9	2	785	6	0	802
16006	785	1	6	4	0	796
16007	9	4	4	801	0	818
16008	9	2	1	800	0	812
16009	3	1	797	11	0	812
16010	745	2	9	5	0	761
16011	786	3	3	2	0	794
16012	12	769	3	1	0	785
16013	3	8	746	1	0	758
16014	2	2	738	2	0	744
16015	0	9	8	730	0	747
16016	2	2	2	715	0	721
16017	1	721	0	12	0	734
16018	1	7	679	1	0	688
16019	1	2	6	659	0	668
16020	0	1	666	9	0	676
16021	2	0	7	645	0	654
16022	0	658	4	8	0	670
16023	3	7	0	680	0	690
16024	1	1	1	693	0	696
16025	1	1	0	679	0	681
16026	676	0	2	13	0	691
16027	8	1	675	2	0	686
16028	3	698	8	2	0	711
16029	1	9	3	761	0	774
16030	782	3	2	10	0	797
16031	11	0	1	797	0	809
16032	808	2	2	12	0	824
16033	11	0	823	3	0	837
16034	818	0	13	6	0	837
16035	14	2	5	831	0	852
16036	5	1	831	14	0	851
16037	3	833	12	7	0	855
16038	3	12	4	831	0	850
16039	4	4	0	853	0	861
16040	833	0	3	17	0	853
16041	16	826	2	5	0	849
16042	6	797	3	2	0	808
16043	4	838	1	3	0	846
16044	784	13	2	7	0	806
16045	17	789	2	2	0	810
16046	6	13	3	797	0	819
16047	7	3	1	803	0	814
16048	788	1	2	19	0	810
16049	14	789	2	3	0	808
16050	7	12	0	807	0	826
16051	812	6	1	17	0	836
16052	826	1	1	6	0	834
16053	822	1	0	5	0	828
16054	18	807	3	2	0	830
16055	813	13	1	4	0	831
16056	16	6	1	813	0	836
16057	8	788	0	11	0	807
16058	2	808	2	8	0	820
16059	5	16	2	809	0	832
16060	802	5	2	15	0	824
16061	828	0	2	7	0	837
16062	14	2	2	798	0	816
16063	6	786	2	11	0	805
16064	791	11	1	6	0	809
16065	12	6	776	3	0	797
16066	6	2	753	2	0	763
16067	744	2	10	6	0	762
16068	11	4	755	4	0	774
16069	6	0	7	720	0	733
16070	737	1	3	12	0	753
16071	9	3	0	752	0	764
16072	4	1	749	9	0	763
16073	3	759	9	5	0	776
16074	2	8	4	779	0	793
16075	3	2	778	8	0	791
16076	738	3	8	3	0	752
16077	7	0	2	775	0	784
16078	4	0	774	9	0	787
16079	3	1	7	762	0	773
16080	5	752	3	4	0	764
16081	1	12	0	796	0	809
16082	2	3	0	788	0	793
16083	2	0	1	773	0	776
16084	2	757	0	9	0	768
16085	783	9	0	5	0	797
16086	8	2	1	792	0	803
16087	4	0	1	801	0	806
16088	2	2	0	806	0	810
16089	0	2	792	13	0	807
16090	2	0	8	799	0	809
16091	806	0	1	11	0	818
16092	10	810	1	4	0	825
16093	3	9	1	824	0	837
16094	2	2	0	828	0	832
16095	820	1	1	13	0	835
16096	8	823	0	8	0	839
16097	824	8	2	1	0	835
16098	845	2	0	5	0	852
16099	16	0	1	837	0	854
16100	837	3	2	11	0	853
16101	13	820	0	7	0	840
16102	830	14	1	2	0	847
16103	16	2	1	860	0	879
16104	961	3	1	14	0	979
16105	970	0	2	6	0	978
16106	21	1	920	3	0	945
16107	956	0	12	2	0	970
16108	979	1	2	2	0	984
16109	991	3	0	3	0	997
16110	20	1	1018	2	0	1041
16111	4	1029	17	3	0	1053
16112	4	20	4	1044	0	1072
16113	1039	6	2	20	0	1067
16114	18	1018	2	6	0	1044
16115	1027	16	1	4	0	1048
16116	23	7	0	1041	0	1071
16117	7	2	1018	21	0	1048
16118	1056	1	20	8	0	1085
16119	20	3	6	1082	0	1111
16120	10	0	1079	23	0	1112
16121	1088	2	18	10	0	1118
16122	24	3	1119	4	0	1150
16123	12	2	20	1130	0	1164
16124	6	1	8	1192	0	1207
16125	1174	0	4	32	0	1210
16126	1188	1	2	15	0	1206
16127	33	1150	3	9	0	1195
16128	1165	23	2	6	0	1196
16129	31	6	1106	3	0	1146
16130	12	4	1087	3	0	1106
16131	1083	3	29	4	0	1119
16132	31	1088	8	4	0	1131
16133	1080	21	8	5	0	1114
16134	32	1072	5	0	0	1109
16135	1058	24	24	1	0	1107
16136	30	10	4	1059	0	1103
16137	11	6	1055	23	0	1095
16138	12	3	24	1056	0	1095
16139	6	6	7	1090	0	1109
16140	1078	2	5	29	0	1114
16141	23	4	1057	13	0	1097
16142	1048	2	22	8	0	1080
16143	27	1050	6	6	0	1089
16144	1057	21	6	6	0	1090
16145	29	6	6	1036	0	1077
16146	13	5	1020	25	0	1063
16147	13	2	24	1029	0	1068
16148	1032	2	8	26	0	1068
16149	29	3	6	1035	0	1073
16150	12	2	5	1012	0	1031
16151	12	981	5	29	0	1027
16152	7	22	4	1000	0	1033
16153	7	7	986	31	0	1031
16154	7	5	25	996	0	1033
16155	9	5	9	1017	0	1040
16156	988	1	6	33	0	1028
16157	26	5	4	990	0	1025
16158	12	6	988	28	0	1034
16159	10	982	21	17	0	1030
16160	9	23	12	993	0	1037
16161	8	7	7	1000	0	1022
16162	979	9	7	35	0	1030
16163	29	955	5	15	0	1004
16164	10	23	6	974	0	1013
16165	941	6	5	27	0	979
16166	962	8	3	14	0	987
16167	29	6	4	954	0	993
16168	14	7	956	29	0	1006
16169	968	3	22	12	0	1005
16170	28	3	8	999	0	1038
16171	1007	2	7	29	0	1045
16172	1013	5	9	14	0	1041
16173	36	957	2	12	0	1007
16174	956	24	2	13	0	995
16175	35	965	5	10	0	1015
16176	18	26	6	964	0	1014
16177	10	11	6	986	0	1013
16178	10	965	5	31	0	1011
16179	975	21	3	17	0	1016
16180	966	10	3	16	0	995
16181	34	8	926	10	0	978
16182	14	10	924	12	0	960
16183	18	2	26	943	0	989
16184	938	7	12	31	0	988
16185	32	2	8	948	0	990
16186	14	4	3	985	0	1006
16187	13	2	966	35	0	1016
16188	10	3	972	16	0	1001
16189	7	2	982	15	0	1006
16190	958	3	31	14	0	1006
16191	987	2	15	9	0	1013
16192	32	944	7	13	0	996
16193	15	974	10	10	0	1009
16194	11	29	8	961	0	1009
16195	11	10	954	28	0	1003
16196	954	8	23	16	0	1001
16197	31	4	1020	15	0	1070
16198	14	9	20	1000	0	1043
16199	9	7	11	1028	0	1055
16200	12	4	6	1038	0	1060
16201	8	4	6	1042	0	1060
16202	1029	2	4	38	0	1073
16203	28	4	7	1014	0	1053
16204	10	1	919	29	0	959
16205	872	0	14	19	0	905
16206	22	1	903	11	0	937
16207	10	1	903	14	0	928
16208	10	912	22	5	0	949
16209	24	15	12	849	0	900
16210	840	6	9	18	0	873
16211	16	1	3	847	0	867
16212	8	2	842	15	0	867
16213	3	2	15	846	0	866
16214	845	3	5	14	0	867
16215	14	838	4	9	0	865
16216	827	11	5	5	0	848
16217	15	820	3	9	0	847
16218	827	12	4	8	0	851
16219	15	828	2	4	0	849
16220	7	853	1	5	0	866
16221	2	17	825	1	0	845
16222	7	819	9	2	0	837
16223	769	6	9	1	0	785
16224	9	5	1	764	0	779
16225	786	4	2	3	0	795
16226	5	789	0	4	0	798
16227	801	4	2	3	0	810
16228	4	5	795	2	0	806
16229	6	1	5	783	0	795
16230	2	817	2	8	0	829
16231	4	6	1	850	0	861
16232	0	5	2	845	0	852
16233	954	0	1	12	0	967
16234	11	958	3	4	0	976
16235	980	8	1	5	0	994
16236	10	9	979	1	0	999
16237	8	0	938	3	0	949
16238	2	969	16	2	0	989
16239	4	11	4	976	0	995
16240	3	11	969	10	0	993
16241	4	1	13	934	0	952
16242	3	3	10	996	0	1012
16243	1	5	960	18	0	984
16244	5	2	934	9	0	950
16245	3	2	981	4	0	990
16246	5	0	996	3	0	1004
16247	1	1023	20	7	0	1051
16248	1	11	9	1049	0	1070
16249	1	6	6	1064	0	1077
16250	1	2	1040	21	0	1064
16251	1	3	14	1044	0	1062
16252	3	1	1097	17	0	1118
16253	4	2	13	1087	0	1106
16254	2	2	9	1088	0	1101
16255	4	1079	2	21	0	1106
16256	1	11	7	1101	0	1120
16257	3	8	5	1085	0	1101
16258	2	3	2	1092	0	1099
16259	1	3	1064	27	0	1095
16260	3	1062	12	11	0	1088
16261	1066	14	10	6	0	1096
16262	1071	6	5	9	0	1091
16263	24	1	5	1076	0	1106
16264	9	5	3	1067	0	1084
16265	4	1079	8	19	0	1110
16266	1101	12	4	8	0	1125
16267	14	1096	2	7	0	1119
16268	1081	14	4	5	0	1104
16269	12	7	1072	7	0	1098
16270	1033	3	16	7	0	1059
16271	16	1056	10	4	0	1086
16272	10	16	4	1065	0	1095
16273	4	6	3	1075	0	1088
16274	2	1065	2	23	0	1092
16275	1080	14	2	10	0	1106
16276	13	12	4	1102	0	1131
16277	10	3	2	1139	0	1154
16278	1148	3	5	24	0	1180
16279	1156	2	1	13	0	1172
16280	21	4	1136	7	0	1168
16281	1152	2	13	10	0	1177
16282	18	2	8	1157	0	1185
16283	13	2	1149	19	0	1183
16284	7	3	16	1141	0	1167
16285	5	5	1115	18	0	1143
16286	6	2	1120	11	0	1139
16287	9	6	19	1123	0	1157
16288	8	5	1134	17	0	1164
16289	2	1149	20	12	0	1183
16290	6	14	10	1145	0	1175
16291	3	8	5	1195	0	1211
16292	4	7	1170	28	0	1209
16293	2	1175	17	13	0	1207
16294	1210	15	11	7	0	1243
16295	21	10	3	1224	0	1258
16296	1238	4	4	25	0	1271
16297	19	1173	8	15	0	1215
16298	12	18	1178	8	0	1216
16299	8	10	20	1174	0	1212
16300	1159	7	13	23	0	1202
16301	18	2	1167	16	0	1203
16302	1116	1	20	13	0	1150
16303	18	1132	12	12	0	1174
16304	13	1139	2	10	0	1164
16305	1138	23	9	5	0	1175
16306	19	9	10	1137	0	1175
16307	12	4	4	1121	0	1141
16308	5	1144	3	27	0	1179
16309	6	16	6	1172	0	1200
16310	5	8	6	1181	0	1200
16311	1167	4	4	29	0	1204
16312	17	2	7	1165	0	1191
16313	13	4	1152	23	0	1192
16314	6	2	19	1162	0	1189
16315	3	8	10	1205	0	1226
16316	7	4	1193	27	0	1231
16317	5	4	16	1204	0	1229
16318	1159	3	9	26	0	1197
16319	1135	3	6	17	0	1161
16320	1133	1	4	13	0	1151
16321	26	5	3	1117	0	1151
16322	14	4	1124	22	0	1164
16323	8	1106	16	16	0	1146
16324	3	18	10	1129	0	1160
16325	5	8	1111	23	0	1147
16326	8	4	15	1100	0	1127
16327	3	4	10	1111	0	1128
16328	1079	2	5	29	0	1115
16329	18	1085	1	15	0	1119
16330	9	14	1042	6	0	1071
16331	980	6	14	5	0	1005
16332	17	1011	6	11	0	1045
16333	5	931	6	2	0	944
16334	946	11	4	5	0	966
16335	12	5	1	955	0	973
16336	5	3	1013	11	0	1032
16337	7	1	11	1017	0	1036
16338	1	1015	5	15	0	1036
16339	1044	10	4	10	0	1068
16340	12	7	3	1068	0	1090
16341	1088	3	2	17	0	1110
16342	18	0	1	1083	0	1102
16343	8	1141	1	18	0	1168
16344	1176	13	1	8	0	1198
16345	1167	6	1	6	0	1180
16346	18	1148	1	5	0	1172
16347	1154	12	1	4	0	1171
16348	16	6	3	1117	0	1142
16349	11	1118	1	9	0	1139
16350	1132	13	0	7	0	1152
16351	11	1143	2	5	0	1161
16352	1126	15	0	7	0	1148
16353	16	9	0	1124	0	1149
16354	1155	4	4	16	0	1179
16355	1161	4	0	14	0	1179
16356	1175	3	0	6	0	1184
16357	22	2	1	1170	0	1195
16358	17	2	0	1190	0	1209
16359	1177	2	0	21	0	1200
16360	21	3	1229	13	0	1266
16361	10	4	12	1240	0	1266
16362	7	1262	8	17	0	1294
16363	7	14	3	1298	0	1322
16364	3	12	2	1306	0	1323
16365	7	3	1283	23	0	1316
16366	5	3	15	1391	0	1414
16367	5	1505	7	23	0	1540
16368	9	24	2	1541	0	1576
16369	2	13	1619	29	0	1663
16370	8	3	31	1631	0	1673
16371	7	5	13	1683	0	1708
16372	1640	1	6	53	0	1700
16373	1654	1	4	20	0	1679
16374	53	4	2	1624	0	1683
16375	20	1547	4	44	0	1615
16376	9	1591	1	20	0	1621
16377	8	45	1561	8	0	1622
16378	3	16	37	1551	0	1607
16379	1557	4	13	40	0	1614
16380	35	5	6	1574	0	1620
16381	17	1	1561	41	0	1620
16382	9	4	34	1578	0	1625
16383	7	0	13	1610	0	1630
16384	6	3	6	1622	0	1637
16385	4	4	1562	54	0	1624
16386	2	1558	36	26	0	1622
16387	1551	35	11	11	0	1608
16388	1555	16	4	6	0	1581
16389	50	6	4	1506	0	1566
16390	21	4	1495	37	0	1557
16391	10	1493	33	21	0	1557
16392	7	39	12	1442	0	1500
16393	2	1484	5	35	0	1526
16394	1	1530	4	15	0	1550
16395	1481	41	3	9	0	1534
16396	36	15	1478	9	0	1538
16397	18	7	1501	6	0	1532
16398	10	5	40	1495	0	1550
16399	7	4	19	1538	0	1568
16400	8	5	1519	44	0	1576
16401	4	2	33	1529	0	1568
16402	5	5	1522	42	0	1574
16403	1456	5	35	18	0	1514
16404	34	7	16	1513	0	1570
16405	19	5	1565	36	0	1625
16406	16	11	32	1509	0	1568
16407	8	1578	12	36	0	1634
16408	1567	31	7	22	0	1627
16409	36	1570	7	7	0	1620
16410	1578	36	3	15	0	1632
16411	39	17	1553	11	0	1620
16412	1567	10	29	11	0	1617
16413	43	3	17	1585	0	1648
16414	15	2	1581	39	0	1637
16415	11	2	33	1562	0	1608
16416	11	5	1519	43	0	1578
16417	1475	2	33	25	0	1535
16418	33	1546	14	18	0	1611
16419	16	38	11	1493	0	1558
16420	8	1557	9	28	0	1602
16421	1552	36	8	18	0	1614
16422	1551	15	3	21	0	1590
16423	49	1528	9	9	0	1595
16424	16	33	4	1555	0	1608
16425	12	18	7	1547	0	1584
16426	12	7	4	1565	0	1588
16427	1518	6	8	59	0	1591
16428	37	1497	3	32	0	1569
16429	19	37	10	1510	0	1576
16430	11	22	7	1534	0	1574
16431	1501	10	6	56	0	1573
16432	37	6	1470	33	0	1546
16433	17	5	1443	25	0	1490
16434	1403	3	47	19	0	1472
16435	34	7	1411	11	0	1463
16436	17	9	1338	14	0	1378
16437	12	12	39	1327	0	1390
16438	1332	9	22	40	0	1403
16439	34	4	11	1329	0	1378
16440	15	5	1277	39	0	1336
16441	1222	3	36	22	0	1283
16442	39	2	1241	22	0	1304
16443	17	1194	33	13	0	1257
16444	4	27	20	1217	0	1268
16445	1223	14	8	37	0	1282
16446	30	7	12	1226	0	1275
16447	17	3	6	1246	0	1272
16448	1268	4	2	51	0	1325
16449	34	2	6	1298	0	1340
16450	14	3	8	1334	0	1359
16451	7	4	1302	43	0	1356
16452	7	3	29	1295	0	1334
16453	1308	6	13	37	0	1364
16454	1300	2	9	19	0	1330
16455	1293	6	9	9	0	1317
16456	45	3	1	1266	0	1315
16457	18	1249	1	31	0	1299
16458	1251	26	8	13	0	1298
16459	29	1265	4	14	0	1312
16460	1209	27	7	6	0	1249
16461	33	8	5	1201	0	1247
16462	1179	4	2	30	0	1215
16463	1174	2	5	14	0	1195
16464	1192	3	4	7	0	1206
16465	35	1155	3	7	0	1200
16466	12	1054	2	1	0	1069
16467	963	13	1	1	0	978
16468	13	961	0	3	0	977
16469	3	897	0	1	0	901
16470	4	910	0	2	0	916
16471	896	6	13	2	0	917
16472	5	0	0	893	0	898
16473	2	0	0	903	0	905
16474	922	0	0	7	0	929
16475	5	0	960	1	0	966
16476	2	1	5	1092	0	1100
16477	1	1	1	1104	0	1107
16478	3	1	0	1197	0	1201
16479	4	0	0	1240	0	1244
16480	0	1196	0	32	0	1228
16481	1	1410	1	8	0	1420
16482	1431	28	1	5	0	1465
16483	31	9	1	1430	0	1471
16484	10	5	0	1457	0	1472
16485	4	3	1421	37	0	1465
16486	3	0	26	1437	0	1466
16487	1	0	1441	35	0	1477
16488	1	2	30	1463	0	1496
16489	1	3	1508	32	0	1544
16490	0	1503	31	9	0	1543
16491	0	27	9	1531	0	1567
16492	1515	7	5	36	0	1563
16493	1521	4	3	10	0	1538
16494	39	2	2	1499	0	1542
16495	12	1	1487	35	0	1535
16496	6	0	1474	10	0	1490
16497	1447	2	37	7	0	1493
16498	33	1473	10	6	0	1522
16499	1492	32	5	5	0	1534
16500	1494	6	3	5	0	1508
16501	42	7	1447	3	0	1499
16502	13	5	32	1438	0	1488
16503	10	2	12	1475	0	1499
16504	5	3	6	1537	0	1551
16505	6	1	2	1469	0	1478
16506	5	1	5	1454	0	1465
16507	5	3	1377	53	0	1438
16508	1	0	1400	19	0	1420
16509	3	0	42	1420	0	1465
16510	3	1	14	1449	0	1467
16511	4	4	5	1468	0	1481
16512	1419	4	6	53	0	1482
16513	39	1	4	1414	0	1458
16514	1438	1	1	47	0	1487
16515	39	3	7	1456	0	1505
16516	1468	0	5	51	0	1524
16517	1507	1	3	26	0	1537
16518	1485	1	2	16	0	1504
16519	1483	2	5	16	0	1506
16520	1491	3	4	10	0	1508
16521	53	6	4	1455	0	1518
16522	1463	3	4	44	0	1514
16523	48	1434	3	22	0	1507
16524	1464	35	4	18	0	1521
16525	47	10	3	1470	0	1530
16526	19	5	1450	44	0	1518
16527	12	7	41	1470	0	1530
16528	11	5	1465	50	0	1531
16529	7	2	44	1475	0	1528
16530	9	4	13	1519	0	1545
16531	8	3	1469	57	0	1537
16532	7	5	1475	27	0	1514
16533	13	3	50	1487	0	1553
16534	1477	3	12	59	0	1551
16535	43	3	1484	26	0	1556
16536	22	1494	44	27	0	1587
16537	15	37	1555	20	0	1627
16538	1567	6	46	17	0	1636
16539	46	5	18	1579	0	1648
16540	1586	1	11	51	0	1649
16541	1619	1	8	27	0	1655
16542	60	7	10	1591	0	1668
16543	32	5	1572	48	0	1657
16544	24	7	36	1552	0	1619
16545	17	4	16	1592	0	1629
16546	1547	0	10	63	0	1620
16547	49	1556	13	32	0	1650
16548	20	46	11	1548	0	1625
16549	16	10	1519	57	0	1602
16550	1461	10	42	30	0	1543
16551	49	1466	20	29	0	1564
16552	23	41	13	1500	0	1577
16553	17	15	13	1509	0	1554
16554	18	11	9	1541	0	1579
16555	1485	4	10	63	0	1562
16556	1517	1	10	42	0	1570
16557	60	3	12	1517	0	1592
16558	24	2	1497	62	0	1585
16559	21	1493	45	28	0	1587
16560	1511	44	19	26	0	1600
16561	1563	13	12	21	0	1609
16562	67	8	11	1514	0	1600
16563	32	6	10	1564	0	1612
16564	32	3	1533	62	0	1630
16565	21	1560	38	33	0	1652
16566	1580	40	19	33	0	1672
16567	1558	11	9	26	0	1604
16568	54	1520	11	21	0	1606
16569	1512	37	8	24	0	1581
16570	60	14	6	1494	0	1574
16571	27	11	1482	48	0	1568
16572	21	8	46	1500	0	1575
16573	14	9	1475	53	0	1551
16574	1441	3	42	33	0	1519
16575	43	1422	23	24	0	1512
16576	14	35	8	1312	0	1369
16577	9	12	1289	45	0	1355
16578	16	3	1219	18	0	1256
16579	1162	8	29	14	0	1213
16580	33	1164	10	13	0	1220
16581	998	14	18	11	0	1041
16582	988	8	9	13	0	1018
16583	1007	5	6	1	0	1019
16584	25	2	6	989	0	1022
16585	13	5	980	17	0	1015
16586	12	999	13	13	0	1037
16587	10	19	9	996	0	1034
16588	8	8	1001	19	0	1036
16589	7	6	927	7	0	947
16590	8	6	10	942	0	966
16591	7	1	933	12	0	953
16592	895	7	11	11	0	924
16593	15	4	8	937	0	964
16594	10	1	4	955	0	970
16595	939	3	9	19	0	970
16596	16	920	2	19	0	957
16597	982	11	7	11	0	1011
16598	15	6	6	971	0	998
16599	11	7	2	983	0	1003
16600	6	4	4	982	0	996
16601	11	2	5	972	0	990
16602	952	4	7	18	0	981
16603	16	6	943	11	0	976
16604	7	939	10	10	0	966
16605	8	8	8	949	0	973
16606	907	7	3	11	0	928
16607	944	1	5	11	0	961
16608	14	932	2	10	0	958
16609	915	8	3	6	0	932
16610	10	906	5	6	0	927
16611	5	956	5	2	0	968
16612	8	10	2	964	0	984
16613	4	6	975	9	0	994
16614	5	7	9	950	0	971
16615	929	2	5	12	0	948
16616	9	920	1	8	0	938
16617	7	13	4	919	0	943
16618	5	6	966	12	0	989
16619	993	1	8	6	0	1008
16620	1022	4	4	4	0	1034
16621	1028	2	2	4	0	1036
16622	14	0	1000	4	0	1018
16623	977	0	11	3	0	991
16624	11	1005	4	3	0	1023
16625	8	12	3	978	0	1001
16626	3	1000	2	6	0	1011
16627	1008	7	0	7	0	1022
16628	966	5	0	6	0	977
16629	11	2	1014	2	0	1029
16630	4	996	6	2	0	1008
16631	4	8	4	1016	0	1032
16632	2	4	1	1011	0	1018
16633	3	0	3	1016	0	1022
16634	1	3	1	1004	0	1009
16635	5	0	1	1026	0	1032
16636	3	3	958	13	0	977
16637	1	952	8	6	0	967
16638	943	8	5	4	0	960
16639	10	4	953	5	0	972
16640	6	963	9	2	0	980
16641	965	9	4	3	0	981
16642	11	5	985	2	0	1003
16643	955	1	8	1	0	965
16644	952	4	6	2	0	964
16645	993	5	1	4	0	1003
16646	15	990	3	1	0	1009
16647	8	13	961	2	0	984
16648	4	1002	13	0	0	1019
16649	6	13	6	907	0	932
16650	3	1007	0	9	0	1019
16651	1035	13	0	5	0	1053
16652	1103	5	0	1	0	1109
16653	1087	0	0	4	0	1091
16654	25	2	1099	2	0	1128
16655	6	1167	18	3	0	1194
16656	1	18	6	1328	0	1353
16657	1416	9	0	25	0	1450
16658	28	1399	0	11	0	1438
16659	15	28	2	1394	0	1439
16660	5	10	1436	27	0	1478
16661	1419	7	30	11	0	1467
16662	37	2	1515	6	0	1560
16663	13	0	1546	2	0	1561
16664	1452	1	43	2	0	1498
16665	36	3	1477	2	0	1518
16666	1421	1	37	2	0	1461
16667	36	1415	11	1	0	1463
16668	1465	31	10	1	0	1507
16669	37	7	5	1459	0	1508
16670	14	5	2	1472	0	1493
16671	11	1	4	1490	0	1506
16672	1460	3	1	44	0	1508
16673	1473	4	0	14	0	1491
16674	1468	1	4	10	0	1483
16675	48	1430	0	5	0	1483
16676	14	30	4	1456	0	1504
16677	8	17	1421	37	0	1483
16678	9	6	32	1400	0	1447
16679	7	1395	9	38	0	1449
16680	8	33	7	1401	0	1449
16681	5	12	1	1438	0	1456
16682	1407	6	3	47	0	1463
16683	39	1	3	1413	0	1456
16684	11	4	1403	42	0	1460
16685	4	4	1388	16	0	1412
16686	9	3	44	1387	0	1443
16687	1380	0	16	40	0	1436
16688	41	4	9	1353	0	1407
16689	13	3	3	1396	0	1415
16690	10	2	1353	45	0	1410
16691	6	1349	38	15	0	1408
16692	7	29	11	1367	0	1414
16693	1331	12	6	38	0	1387
16694	37	1343	7	18	0	1405
16695	18	33	3	1354	0	1408
16696	10	10	1354	40	0	1414
16697	9	10	35	1307	0	1361
16698	1280	6	12	43	0	1341
16699	41	1268	11	15	0	1335
16700	14	35	1293	12	0	1354
16701	11	13	32	1297	0	1353
16702	9	8	1314	40	0	1371
16703	1278	3	43	18	0	1342
16704	1323	3	13	11	0	1350
16705	46	7	1300	7	0	1360
16706	19	4	37	1308	0	1368
16707	12	3	1340	41	0	1396
16708	13	1337	39	16	0	1405
16709	12	36	17	1360	0	1425
16710	9	9	1357	42	0	1417
16711	10	14	39	1280	0	1343
16712	11	1308	14	48	0	1381
16713	11	39	13	1322	0	1385
16714	6	12	1308	44	0	1370
16715	1279	8	38	25	0	1350
16716	40	1301	19	15	0	1375
16717	1323	39	10	10	0	1382
16718	47	13	1255	11	0	1326
16719	1232	13	38	13	0	1296
16720	50	6	1227	13	0	1296
16721	1229	4	56	9	0	1298
16722	1283	8	15	11	0	1317
16723	53	7	12	1243	0	1315
16724	29	2	14	1292	0	1337
16725	1264	6	6	53	0	1329
16726	45	1262	9	27	0	1343
16727	1292	33	10	22	0	1357
16728	56	14	9	1259	0	1338
16729	22	1257	9	46	0	1334
16730	18	37	4	1297	0	1356
16731	14	14	6	1343	0	1377
16732	11	11	9	1341	0	1372
16733	16	1287	5	58	0	1366
16734	1300	38	9	24	0	1371
16735	39	20	4	1310	0	1373
16736	13	9	1280	50	0	1352
16737	16	5	1253	25	0	1299
16738	11	7	1285	21	0	1324
16739	1276	6	49	17	0	1348
16740	1298	4	22	15	0	1339
16741	47	5	1266	12	0	1330
16742	21	7	30	1219	0	1277
16743	17	8	19	1255	0	1299
16744	9	6	1271	45	0	1331
16745	8	3	1239	29	0	1279
16746	11	3	40	1248	0	1302
16747	1237	7	20	37	0	1301
16748	1217	2	12	26	0	1257
16749	1215	1	10	22	0	1248
16750	44	1168	12	12	0	1236
16751	20	1177	10	11	0	1218
16752	19	32	8	1123	0	1182
16753	1110	13	4	29	0	1156
16754	32	10	1067	15	0	1124
16755	951	7	18	14	0	990
16756	24	832	5	8	0	869
16757	4	739	6	6	0	755
16758	744	15	2	6	0	767
16759	17	732	1	3	0	753
16760	2	697	1	3	0	703
16761	653	14	25	9	0	701
16762	5	630	6	1	0	642
16763	1	8	1	609	0	619
16764	4	1	1	617	0	623
16765	615	1	1	7	0	624
16766	610	1	1	4	0	616
16767	6	595	0	4	0	605
16768	2	595	1	2	0	600
16769	3	6	582	0	0	591
16770	599	4	5	0	0	608
16771	609	2	0	3	0	614
16772	634	0	3	1	0	638
16773	11	0	1	635	0	647
16774	6	1	1	654	0	662
16775	658	1	1	9	0	669
16776	9	1	0	658	0	668
16777	3	0	665	10	0	678
16778	4	0	5	674	0	683
16779	2	687	2	12	0	703
16780	3	6	3	708	0	720
16781	3	2	0	738	0	743
16782	1	4	0	739	0	744
16783	737	1	0	13	0	751
16784	6	719	0	6	0	731
16785	3	6	0	729	0	738
16786	5	1	721	7	0	734
16787	4	5	688	3	0	700
16788	1	2	7	722	0	732
16789	1	0	6	726	0	733
16790	715	0	5	10	0	730
16791	8	0	2	707	0	717
16792	2	704	3	10	0	719
16793	6	9	710	3	0	728
16794	2	2	7	733	0	744
16795	2	3	735	7	0	747
16796	1	2	11	737	0	751
16797	730	0	2	15	0	747
16798	738	0	4	4	0	746
16799	8	734	1	5	0	748
16800	8	5	0	739	0	752
16801	755	2	1	8	0	766
16802	752	4	2	3	0	761
16803	761	0	0	7	0	768
16804	765	2	0	1	0	768
16805	741	1	0	4	0	746
16806	12	722	1	3	0	738
16807	699	8	0	1	0	708
16808	9	3	695	0	0	707
16809	2	1	7	690	0	700
16810	692	1	1	9	0	703
16811	696	0	2	5	0	703
16812	696	0	0	3	0	699
16813	12	1	694	1	0	708
16814	5	1	8	703	0	717
16815	705	1	1	9	0	716
16816	9	714	3	3	0	729
16817	749	8	1	4	0	762
16818	743	2	0	2	0	747
16819	746	2	0	1	0	749
16820	12	2	0	772	0	786
16821	768	2	0	7	0	777
16822	10	0	777	2	0	789
16823	2	1	775	3	0	781
16824	764	0	8	1	0	773
16825	7	1	778	2	0	788
16826	742	0	9	1	0	752
16827	10	0	749	2	0	761
16828	4	2	9	748	0	763
16829	733	1	3	9	0	746
16830	9	697	3	3	0	712
16831	724	7	0	4	0	735
16832	10	704	0	2	0	716
16833	7	759	1	1	0	768
16834	4	6	1	775	0	786
16835	2	6	0	791	0	799
16836	3	3	1	795	0	802
16837	1	1	789	12	0	803
16838	787	0	8	8	0	803
16839	817	1	7	4	0	829
16840	830	0	4	3	0	837
16841	835	0	0	1	0	836
16842	823	1	4	2	0	830
16843	14	0	775	6	0	795
16844	11	1	787	0	0	799
16845	4	3	7	812	0	826
16846	5	1	809	7	0	822
16847	820	2	7	5	0	834
16848	10	836	5	4	0	855
16849	8	8	2	898	0	916
16850	916	5	0	12	0	933
16851	13	3	2	938	0	956
16852	8	2	943	13	0	966
16853	7	2	931	6	0	946
16854	5	0	20	968	0	993
16855	6	2	979	13	0	1000
16856	954	0	17	9	0	980
16857	16	0	6	978	0	1000
16858	10	1	974	11	0	996
16859	4	987	13	7	0	1011
16860	5	10	7	1016	0	1038
16861	1	9	1037	17	0	1064
16862	8	4	14	1007	0	1033
16863	3	3	6	1038	0	1050
16864	4	0	1044	25	0	1073
16865	7	0	17	1054	0	1078
16866	3	1	8	1025	0	1037
16867	4	1	4	1067	0	1076
16868	1038	1	3	25	0	1067
16869	19	1029	0	13	0	1061
16870	9	1035	5	3	0	1052
16871	10	18	1007	3	0	1038
16872	974	7	13	4	0	998
16873	19	2	1011	3	0	1035
16874	8	0	1010	1	0	1019
16875	3	2	17	998	0	1020
16876	996	2	7	15	0	1020
16877	14	1030	4	6	0	1054
16878	1034	12	0	4	0	1050
16879	1014	5	3	5	0	1027
16880	18	1021	6	1	0	1046
16881	1015	11	2	5	0	1033
16882	1008	5	3	1	0	1017
16883	19	1023	2	3	0	1047
16884	8	15	1	1044	0	1068
16885	2	6	3	1066	0	1077
16886	1092	1	1	22	0	1116
16887	19	1096	2	9	0	1126
16888	1131	18	2	3	0	1154
16889	1137	5	2	4	0	1148
16890	1197	1	2	5	0	1205
16891	26	2	2	1181	0	1211
16892	12	0	1	1212	0	1225
16893	1190	3	1	27	0	1221
16894	1211	1	2	7	0	1221
16895	1230	2	2	2	0	1236
16896	28	0	1	1245	0	1274
16897	8	0	1256	23	0	1287
16898	4	0	18	1284	0	1306
16899	2	0	6	1401	0	1409
16900	4	0	1362	33	0	1399
16901	2	2	1421	15	0	1440
16902	4	0	33	1456	0	1493
16903	2	1	1456	31	0	1490
16904	1485	2	29	15	0	1531
16905	28	2	15	1510	0	1555
16906	16	2	6	1535	0	1559
16907	1569	3	6	41	0	1619
16908	32	0	4	1568	0	1604
16909	15	1	6	1583	0	1605
16910	10	1	1	1611	0	1623
16911	4	2	3	1617	0	1626
16912	9	2	1556	45	0	1612
16913	5	3	27	1580	0	1615
16914	6	2	1539	34	0	1581
16915	5	1555	30	22	0	1612
16916	3	28	14	1557	0	1602
16917	7	13	1507	35	0	1562
16918	1412	4	30	21	0	1467
16919	30	1487	13	14	0	1544
16920	1540	27	10	11	0	1588
16921	35	14	6	1517	0	1572
16922	17	1515	3	39	0	1574
16923	1523	28	5	24	0	1580
16924	37	1530	2	11	0	1580
16925	1553	31	3	11	0	1598
16926	37	12	5	1542	0	1596
16927	1566	7	4	36	0	1613
16928	34	1583	4	21	0	1642
16929	1600	31	7	13	0	1651
16930	36	14	1590	14	0	1654
16931	21	7	31	1613	0	1672
16932	1619	4	14	37	0	1674
16933	1621	5	7	22	0	1655
16934	45	5	6	1607	0	1663
16935	20	5	1591	42	0	1658
16936	14	1491	33	22	0	1560
16937	14	1604	15	11	0	1644
16938	1647	34	12	14	0	1707
16939	37	13	4	1633	0	1687
16940	20	5	5	1655	0	1685
16941	1629	5	9	49	0	1692
16942	1641	6	6	28	0	1681
16943	43	4	1610	16	0	1673
16944	21	4	35	1625	0	1685
16945	12	3	1607	42	0	1664
16946	11	1591	32	28	0	1662
16947	1589	27	18	15	0	1649
16948	31	1569	9	15	0	1624
16949	14	1582	8	15	0	1619
16950	21	30	11	1571	0	1633
16951	1551	16	6	35	0	1608
16952	26	1540	6	21	0	1593
16953	1542	24	4	22	0	1592
16954	28	1533	5	17	0	1583
16955	20	27	7	1540	0	1594
16956	1538	12	5	35	0	1590
16957	29	9	1544	18	0	1600
16958	17	11	24	1549	0	1601
16959	14	7	1515	36	0	1572
16960	13	1427	26	21	0	1487
16961	11	1500	15	18	0	1544
16962	1504	30	6	15	0	1555
16963	29	1527	10	17	0	1583
16964	1541	26	7	18	0	1592
16965	1541	12	10	14	0	1577
16966	33	16	1509	12	0	1570
16967	1485	10	20	11	0	1526
16968	34	11	1551	12	0	1608
16969	20	1561	23	14	0	1618
16970	1602	21	14	16	0	1653
16971	32	1563	9	11	0	1615
16972	24	28	10	1590	0	1652
16973	1598	16	9	28	0	1651
16974	31	9	8	1586	0	1634
16975	22	10	1615	33	0	1680
16976	24	6	26	1593	0	1649
16977	12	14	16	1614	0	1656
16978	1611	8	11	39	0	1669
16979	31	12	1589	20	0	1652
16980	1623	9	25	13	0	1670
16981	1682	7	16	14	0	1719
16982	54	5	7	1664	0	1730
16983	24	12	7	1656	0	1699
16984	1651	9	5	42	0	1707
16985	40	1653	7	21	0	1721
16986	21	31	8	1640	0	1700
16987	21	11	1608	31	0	1671
16988	10	11	1501	21	0	1543
16989	10	1626	30	14	0	1680
16990	14	20	18	1600	0	1652
16991	11	17	6	1622	0	1656
16992	1593	9	8	37	0	1647
16993	31	6	8	1592	0	1637
16994	1568	6	6	27	0	1607
16995	27	1519	1	19	0	1566
16996	15	1569	4	16	0	1604
16997	11	1671	2	15	0	1699
16998	1648	24	6	18	0	1696
16999	1557	11	10	11	0	1589
17000	24	1535	4	10	0	1573
17001	1479	11	0	6	0	1496
17002	12	1456	0	1	0	1469
17003	5	11	2	1461	0	1479
17004	3	1429	1	6	0	1439
17005	1439	11	0	8	0	1458
17006	1447	4	0	3	0	1454
17007	17	2	0	1388	0	1407
17008	1407	1	1	13	0	1422
17009	12	3	0	1406	0	1421
17010	6	1440	0	13	0	1459
17011	1	17	2	1451	0	1471
17012	2	1441	2	9	0	1454
17013	1435	13	0	7	0	1455
17014	13	5	1407	3	0	1428
17015	1402	0	12	5	0	1419
17016	16	1	5	1448	0	1470
17017	5	0	1422	14	0	1441
17018	1393	1	8	8	0	1410
17019	14	9	1472	0	0	1495
17020	5	1	9	1469	0	1484
17021	5	6	5	1491	0	1507
17022	6	0	0	1479	0	1485
17023	2	1	2	1527	0	1532
17024	2	1535	1	22	0	1560
17025	6	18	1	1667	0	1692
17026	1669	10	2	26	0	1707
17027	22	4	1634	11	0	1671
17028	8	1742	20	3	0	1773
17029	1809	27	6	6	0	1848
17030	1942	10	2	6	0	1960
17031	42	5	2	2149	0	2198
17032	17	3	2125	51	0	2196
17033	8	4	41	2118	0	2171
17034	6	4	15	2222	0	2247
17035	8	3	2152	58	0	2221
17036	9	2240	39	18	0	2306
17037	2304	47	17	8	0	2376
17038	2298	23	8	13	0	2342
17039	2370	7	7	11	0	2395
17040	73	9	5	2309	0	2396
17041	34	4	7	2409	0	2454
17042	2414	5	6	79	0	2504
17043	72	8	6	2342	0	2428
17044	36	2377	2	69	0	2484
17045	2486	55	1	36	0	2578
17046	2489	18	6	22	0	2535
17047	2644	5	3	29	0	2681
17048	2666	11	5	19	0	2701
17049	104	5	2499	19	0	2627
17050	50	10	2517	17	0	2594
17051	34	8	79	2521	0	2642
17052	36	8	25	2575	0	2644
17053	27	9	2493	85	0	2614
17054	31	3	2529	38	0	2601
17055	23	4	83	2546	0	2656
17056	2544	4	40	79	0	2667
17057	75	7	24	2529	0	2635
17058	41	9	2498	87	0	2635
17059	24	2511	70	47	0	2652
17060	2575	65	38	21	0	2699
17061	2629	27	18	28	0	2702
17062	2636	6	21	23	0	2686
17063	2611	10	13	25	0	2659
17064	105	6	2474	24	0	2609
17065	46	13	63	2512	0	2634
17066	2532	12	32	73	0	2649
17067	92	8	17	2534	0	2651
17068	55	9	21	2463	0	2548
17069	40	2410	11	88	0	2549
17070	42	60	18	2458	0	2578
17071	2448	23	17	95	0	2583
17072	90	2428	11	55	0	2584
17073	2450	70	15	28	0	2563
17074	88	2410	16	41	0	2555
17075	55	67	15	2316	0	2453
17076	33	2300	15	85	0	2433
17077	48	2384	13	49	0	2494
17078	2361	88	22	27	0	2498
17079	91	30	2304	34	0	2459
17080	56	25	2247	24	0	2352
17081	35	26	2250	42	0	2353
17082	2216	17	74	38	0	2345
17083	81	2216	44	30	0	2371
17084	48	2268	22	44	0	2382
17085	2196	84	24	32	0	2336
17086	113	2149	22	25	0	2309
17087	53	2237	25	34	0	2349
17088	47	93	28	2230	0	2398
17089	47	45	2180	89	0	2361
17090	48	37	2207	47	0	2339
17091	44	37	77	2220	0	2378
17092	2203	28	35	88	0	2354
17093	95	2204	34	41	0	2374
17094	59	73	34	2227	0	2393
17095	57	36	2179	94	0	2366
17096	49	32	2123	53	0	2257
17097	45	34	94	2059	0	2232
17098	2067	28	38	93	0	2226
17099	2108	30	24	55	0	2217
17100	108	30	2011	41	0	2190
17101	2032	24	82	49	0	2187
17102	107	20	2049	32	0	2208
17103	62	25	92	1941	0	2120
17104	54	1991	59	90	0	2194
17105	2075	68	45	48	0	2236
17106	108	37	47	2068	0	2260
17107	77	27	28	2077	0	2209
17108	50	28	30	2147	0	2255
17109	50	17	43	2151	0	2261
17110	33	25	2003	117	0	2178
17111	48	1974	77	79	0	2178
17112	58	73	43	2028	0	2202
17113	2021	38	29	108	0	2196
17114	106	21	42	2027	0	2196
17115	70	29	30	2080	0	2209
17116	56	19	1965	117	0	2157
17117	52	28	1929	61	0	2070
17118	38	1904	92	63	0	2097
17119	45	1962	40	51	0	2098
17120	37	87	39	1937	0	2100
17121	1925	37	28	113	0	2103
17122	97	33	1862	64	0	2056
17123	51	1844	78	58	0	2031
17124	34	66	45	1761	0	1906
17125	39	1733	24	75	0	1871
17126	43	70	25	1690	0	1828
17127	33	1721	19	86	0	1859
17128	38	68	12	1588	0	1706
17129	1509	40	17	65	0	1631
17130	50	1371	16	42	0	1479
17131	27	43	10	1137	0	1217
17132	1121	25	12	40	0	1198
17133	38	1093	7	27	0	1165
17134	17	1002	4	21	0	1044
17135	11	1008	8	34	0	1061
17136	17	32	21	913	0	983
17137	6	18	8	902	0	934
17138	10	874	2	31	0	917
17139	9	20	6	876	0	911
17140	7	13	884	21	0	925
17141	3	846	14	16	0	879
17142	11	70	2	763	0	846
17143	4	827	3	10	0	844
17144	2	12	777	9	0	800
17145	4	765	6	3	0	778
17146	678	12	5	4	0	699
17147	4	1	0	668	0	673
17148	672	0	1	6	0	679
17149	4	2	663	0	0	669
17150	1	0	4	673	0	678
17151	0	0	673	5	0	678
17152	1	1	5	677	0	684
17153	703	0	1	6	0	710
17154	4	0	0	695	0	699
17155	693	0	1	5	0	699
17156	3	691	0	1	0	695
17157	677	4	0	1	0	682
17158	4	0	693	1	0	698
17159	1	680	4	2	0	687
17160	0	5	0	689	0	694
17161	1	0	0	680	0	681
17162	1	0	667	4	0	672
17163	0	664	4	0	0	668
17164	1	4	0	673	0	678
17165	1	682	0	4	0	687
17166	0	5	0	663	0	668
17167	0	671	0	4	0	675
17168	667	4	0	2	0	673
17169	3	1	1	673	0	678
17170	3	2	654	2	0	661
17171	0	630	2	0	0	632
17172	1	665	0	0	0	666
17173	0	3	643	1	0	647
17174	0	661	3	0	0	664
17175	2	2	0	668	0	672
17176	0	1	677	3	0	681
17177	2	0	3	656	0	661
17178	0	1	0	679	0	680
17179	0	2	663	2	0	667
17180	639	0	3	1	0	643
17181	3	1	0	672	0	676
17182	0	0	710	3	0	713
17183	0	704	3	0	0	707
17184	719	2	0	4	0	725
17185	2	722	1	1	0	726
17186	0	2	1	736	0	739
17187	709	0	0	2	0	711
17188	3	1	0	697	0	701
17189	0	1	717	3	0	721
17190	0	1	4	713	0	718
17191	1	0	714	4	0	719
17192	668	1	5	2	0	676
17193	5	0	711	1	0	717
17194	735	0	5	1	0	741
17195	734	0	0	1	0	735
17196	6	0	724	0	0	730
17197	2	1	699	1	0	703
17198	0	722	8	0	0	730
17199	752	5	1	1	0	759
17200	6	1	1	747	0	755
17201	3	0	1	751	0	755
17202	785	0	1	9	0	795
17203	793	0	1	1	0	795
17204	781	0	1	2	0	784
17205	777	1	0	2	0	780
17206	6	0	0	742	0	748
17207	749	0	0	8	0	757
17208	5	0	0	744	0	749
17209	4	1	1	740	0	746
17210	2	1	0	758	0	761
17211	0	0	740	8	0	748
17212	2	708	7	2	0	719
17213	0	738	2	3	0	743
17214	1	6	1	744	0	752
17215	743	2	0	6	0	751
17216	5	0	1	742	0	748
17217	740	1	0	7	0	748
17218	6	1	748	1	0	756
17219	738	1	5	3	0	747
17220	6	1	2	765	0	774
17221	781	0	1	10	0	792
17222	776	0	0	3	0	779
17223	779	0	0	2	0	781
17224	11	0	1	771	0	783
17225	1	3	765	7	0	776
17226	4	1	7	763	0	775
17227	776	0	1	10	0	787
17228	9	0	891	2	0	902
17229	2	0	7	978	0	987
17230	1037	0	3	13	0	1053
17231	8	0	1059	5	0	1072
17232	1129	1	10	1	0	1141
17233	1182	1	3	5	0	1191
17234	23	1	2	1190	0	1216
17235	5	1	3	1212	0	1221
17236	1211	1	0	24	0	1236
17237	24	1	1	1269	0	1295
17238	1259	0	2	29	0	1290
17239	30	1274	3	12	0	1319
17240	5	1304	2	6	0	1317
17241	5	28	1	1302	0	1336
17242	5	5	1322	26	0	1358
17243	2	1324	28	5	0	1359
17244	1299	27	6	6	0	1338
17245	28	1271	3	4	0	1306
17246	9	29	1283	1	0	1322
17247	7	7	28	1265	0	1307
17248	1	6	1295	29	0	1331
17249	3	1338	28	8	0	1377
17250	3	28	6	1328	0	1365
17251	1	1339	4	27	0	1371
17252	1	29	1335	5	0	1370
17253	3	6	27	1319	0	1355
17254	3	2	1346	29	0	1380
17255	4	5	27	1329	0	1365
17256	1351	2	7	34	0	1394
17257	28	3	1333	8	0	1372
17258	1258	0	30	7	0	1295
17259	30	1	1301	4	0	1336
17260	6	1	32	1306	0	1345
17261	6	1	1376	30	0	1413
17262	5	1	33	1387	0	1426
17263	1	2	6	1415	0	1424
17264	4	0	6	1389	0	1399
17265	1	0	4	1426	0	1431
17266	2	0	1476	39	0	1517
17267	1462	1	29	14	0	1506
17268	29	0	6	1590	0	1625
17269	1589	0	8	32	0	1629
17270	1609	0	3	9	0	1621
17271	1635	0	3	9	0	1647
17272	38	1	2	1647	0	1688
17273	14	0	2	1664	0	1680
17274	7	1676	1	33	0	1717
17275	1709	30	3	9	0	1751
17276	1719	5	0	12	0	1736
17277	1749	3	2	8	0	1762
17278	40	5	1757	2	0	1804
17279	14	1	30	1758	0	1803
17280	8	2	1745	32	0	1787
17281	1736	0	34	6	0	1776
17282	1792	1	7	8	0	1808
17283	40	0	5	1750	0	1795
17284	10	1	3	1748	0	1762
17285	9	1779	1	35	0	1824
17286	1818	30	3	8	0	1859
17287	1834	5	1	10	0	1850
17288	36	1786	1	6	0	1829
17289	1817	29	2	4	0	1852
17290	32	5	2	1846	0	1885
17291	8	5	0	1864	0	1877
17292	1866	3	3	32	0	1904
17293	33	3	1889	7	0	1932
17294	1837	1	28	7	0	1873
17295	1903	3	2	7	0	1915
17296	33	1858	6	4	0	1901
17297	1894	30	3	5	0	1932
17298	33	6	1865	3	0	1907
17299	8	4	27	1887	0	1926
17300	1905	2	6	32	0	1945
17301	30	4	6	1902	0	1942
17302	8	2	1865	32	0	1907
17303	10	2	26	1839	0	1877
17304	6	2150	6	34	0	2196
17305	6	27	5	2226	0	2264
17306	7	5	4	2286	0	2302
17307	2	6	3	2256	0	2267
17308	4	3	1	2301	0	2309
17309	1	1	2275	37	0	2314
17310	4	3	29	2262	0	2298
17311	2280	1	5	38	0	2324
17312	29	2255	4	9	0	2297
17313	13	27	5	2313	0	2358
17314	5	10	2330	36	0	2381
17315	4	4	30	2349	0	2387
17316	2381	5	5	37	0	2428
17317	2392	0	5	14	0	2411
17318	2353	3	4	10	0	2370
17319	37	1	2	2364	0	2404
17320	9	3	2355	36	0	2403
17321	8	2317	32	7	0	2364
17322	2391	26	4	11	0	2432
17323	33	4	2	2373	0	2412
17324	11	4	5	2396	0	2416
17325	12	4	2361	32	0	2409
17326	5	2299	27	9	0	2340
17327	8	2390	5	10	0	2413
17328	4	50	9	2273	0	2336
17329	8	7	2214	33	0	2262
17330	2019	1	27	13	0	2060
17331	28	3	2133	6	0	2170
17332	1959	0	17	9	0	1985
17333	19	2191	5	2	0	2217
17334	8	15	2166	4	0	2193
17335	2106	7	13	8	0	2134
17336	17	2154	6	3	0	2180
17337	2214	8	0	8	0	2230
17338	8	5	2257	0	0	2270
17339	3	2246	8	1	0	2258
17340	2272	8	6	7	0	2293
17341	9	2	2257	1	0	2269
17342	2248	1	6	2	0	2257
17343	8	1	2	2282	0	2293
17344	2301	1	1	6	0	2309
17345	8	0	2	2303	0	2313
17346	2307	2	0	11	0	2320
17347	11	1	2357	2	0	2371
17348	3	0	7	2359	0	2369
17349	7	0	3	2312	0	2322
17350	2	1	2340	10	0	2353
17351	4	2	7	2412	0	2425
17352	9	1797	20	19	0	1845
17353	3	11	2	2680	0	2696
17354	0	5	2	2871	0	2878
17355	0	2	0	3164	0	3166
17356	1	1	3150	51	0	3203
17357	3050	0	42	20	0	3112
17358	44	0	10	3350	0	3404
17359	11	5	3450	45	0	3511
17360	3362	0	51	22	0	3435
17361	3506	1	13	15	0	3535
17362	3601	2	7	8	0	3618
17363	76	0	1	3569	0	3646
17364	23	1	2	3888	0	3914
17365	9	4	4	3846	0	3863
17366	7	3765	7	86	0	3865
17367	3801	62	7	34	0	3904
17368	3851	19	4	15	0	3889
17369	96	8	4	3753	0	3861
17370	39	2	3710	80	0	3831
17371	25	4	3638	38	0	3705
17372	14	3642	78	29	0	3763
17373	22	76	34	3633	0	3765
17374	3682	21	12	83	0	3798
17375	75	3645	5	51	0	3776
17376	3786	65	17	38	0	3906
17377	3797	23	18	22	0	3860
17378	3817	15	14	20	0	3866
17379	112	7	16	3790	0	3925
17380	57	6	11	4129	0	4203
17381	4212	10	10	112	0	4344
17382	109	13	7	4282	0	4411
17383	50	7	4259	114	0	4430
17384	4296	11	93	51	0	4451
17385	118	6	28	4303	0	4455
17386	47	15	15	4375	0	4452
17387	48	11	6	4436	0	4501
17388	40	9	4259	137	0	4445
17389	4073	8	96	65	0	4242
17390	116	11	4230	40	0	4397
17391	48	4	112	4269	0	4433
17392	38	13	4299	114	0	4464
17393	21	11	114	4252	0	4398
17394	28	11	42	4367	0	4448
17395	39	11	4343	139	0	4532
17396	46	11	100	4115	0	4272
17397	32	4331	41	123	0	4527
17398	4402	95	33	61	0	4591
17399	4493	25	18	50	0	4586
17400	143	15	22	4430	0	4610
17401	65	7	4395	130	0	4597
17402	42	4213	109	72	0	4436
17403	28	4469	48	54	0	4599
17404	4178	119	31	44	0	4372
17405	124	42	4092	41	0	4299
17406	4098	15	110	46	0	4269
17407	133	10	42	4098	0	4283
17408	56	13	37	4190	0	4296
17409	4043	16	21	161	0	4241
17410	114	4012	32	74	0	4232
17411	57	95	4056	52	0	4260
17412	47	27	122	4029	0	4225
17413	28	22	4066	139	0	4255
17414	24	4015	126	80	0	4245
17415	25	103	51	4078	0	4257
17416	4041	33	36	138	0	4248
17417	4110	36	31	57	0	4234
17418	151	26	3997	63	0	4237
17419	76	3958	122	39	0	4195
17420	4022	109	48	45	0	4224
17421	131	4021	36	47	0	4235
17422	68	123	31	3995	0	4217
17423	3991	46	29	141	0	4207
17424	135	37	25	4014	0	4211
17425	62	32	3946	144	0	4184
17426	71	27	110	3977	0	4185
17427	50	32	3943	155	0	4180
17428	60	17	123	3950	0	4150
17429	3946	20	54	155	0	4175
17430	130	3937	40	75	0	4182
17431	3949	110	43	62	0	4164
17432	141	49	29	3899	0	4118
17433	54	35	46	3922	0	4057
17434	57	29	3314	170	0	3570
17435	44	25	3750	99	0	3918
17436	50	3768	135	68	0	4021
17437	57	116	3719	58	0	3950
17438	3549	46	142	53	0	3790
17439	139	3626	51	60	0	3876
17440	70	3698	46	58	0	3872
17441	58	3755	36	48	0	3897
17442	44	159	36	3658	0	3897
17443	43	60	3652	146	0	3901
17444	52	3682	127	81	0	3942
17445	64	124	63	3453	0	3704
17446	34	3699	52	140	0	3925
17447	3625	137	45	74	0	3881
17448	3738	59	40	66	0	3903
17449	167	45	37	3646	0	3895
17450	84	39	42	3681	0	3846
17451	3483	38	34	166	0	3721
17452	121	3351	42	86	0	3600
17453	63	3346	32	68	0	3509
17454	61	127	20	3067	0	3275
17455	31	39	2781	98	0	2949
17456	28	2750	80	53	0	2911
17457	2656	86	42	46	0	2830
17458	77	2566	21	35	0	2699
17459	40	2552	19	24	0	2635
17460	2443	76	29	21	0	2569
17461	59	2483	15	24	0	2581
17462	44	65	2408	17	0	2534
17463	24	2408	60	24	0	2516
17464	2140	66	36	13	0	2255
17465	56	2114	13	21	0	2204
17466	2106	51	28	18	0	2203
17467	60	24	9	2075	0	2168
17468	28	16	9	2143	0	2196
17469	21	17	2111	62	0	2211
17470	20	2126	42	29	0	2217
17471	23	48	14	2181	0	2266
17472	2168	20	12	63	0	2263
17473	2185	16	12	30	0	2243
17474	57	2187	17	23	0	2284
17475	26	50	11	2186	0	2273
17476	2215	24	10	54	0	2303
17477	2244	15	6	25	0	2290
17478	67	16	2120	15	0	2218
17479	23	13	1936	16	0	1988
17480	17	10	1794	11	0	1832
17481	14	1681	28	8	0	1731
17482	1560	21	44	11	0	1636
17483	26	1528	11	6	0	1571
17484	1541	23	13	4	0	1581
17485	22	1579	6	5	0	1612
17486	17	23	4	1593	0	1637
17487	1609	8	4	24	0	1645
17488	27	7	1607	9	0	1650
17489	1552	6	18	6	0	1582
17490	1589	7	4	7	0	1607
17491	29	1584	4	9	0	1626
17492	9	1569	5	4	0	1587
17493	1599	18	3	8	0	1628
17494	29	10	1625	0	0	1664
17495	1527	6	16	2	0	1551
17496	1548	6	11	1	0	1566
17497	24	1	1	1509	0	1535
17498	1540	3	5	14	0	1562
17499	19	4	3	1556	0	1582
17500	18	2	0	1579	0	1599
17501	3	1	1	1555	0	1560
17502	7	1540	1	24	0	1572
17503	1563	17	1	8	0	1589
17504	1571	5	1	14	0	1591
17505	24	1	1	1564	0	1590
17506	11	3	3	1551	0	1568
17507	8	1555	1	20	0	1584
17508	1556	14	2	9	0	1581
17509	19	8	1530	5	0	1562
17510	11	7	13	1561	0	1592
17511	5	7	1539	18	0	1569
17512	5	4	14	1541	0	1564
17513	8	3	1557	14	0	1582
17514	7	3	15	1518	0	1543
17515	1538	3	12	22	0	1575
17516	20	1	1560	15	0	1596
17517	1536	3	17	9	0	1565
17518	17	1630	16	7	0	1670
17519	18	12	3	1668	0	1701
17520	7	11	4	1665	0	1687
17521	1719	4	5	31	0	1759
17522	21	9	3	1788	0	1821
17523	14	4	1861	23	0	1902
17524	1846	4	14	21	0	1885
17525	1932	3	9	10	0	1954
17526	1929	4	4	8	0	1945
17527	1905	0	8	10	0	1923
17528	30	1877	9	2	0	1918
17529	18	17	6	1889	0	1930
17530	1884	8	3	21	0	1916
17531	24	6	4	1862	0	1896
17532	1844	6	1	20	0	1871
17533	23	7	1808	12	0	1850
17534	19	3	1805	4	0	1831
17535	11	21	20	1773	0	1825
17536	11	1782	8	22	0	1823
17537	9	1877	8	10	0	1904
17538	1849	15	4	12	0	1880
17539	22	7	1866	5	0	1900
17540	1755	3	12	10	0	1780
17541	16	1862	13	9	0	1900
17542	1904	14	0	9	0	1927
17543	17	9	6	1875	0	1907
17544	13	3	1942	19	0	1977
17545	12	2	14	1934	0	1962
17546	4	3	9	1925	0	1941
17547	8	1896	3	23	0	1930
17548	5	1938	5	11	0	1959
17549	5	17	4	1946	0	1972
17550	5	1966	3	24	0	1998
17551	7	15	1943	11	0	1976
17552	4	9	1902	7	0	1922
17553	1828	1	21	15	0	1865
17554	1951	7	8	4	0	1970
17555	24	1912	4	7	0	1947
17556	10	14	6	1904	0	1934
17557	7	9	4	1916	0	1936
17558	6	4	1908	20	0	1938
17559	2	2	17	1816	0	1837
17560	7	1816	9	17	0	1849
17561	7	14	1786	15	0	1822
17562	6	8	1775	6	0	1795
17563	3	1662	26	13	0	1704
17564	7	15	1791	4	0	1817
17565	6	11	17	1762	0	1796
17566	15	2	8	1632	0	1657
17567	5	9	1805	23	0	1842
17568	9	3	16	1792	0	1820
17569	4	1727	9	28	0	1768
17570	4	1804	1	17	0	1826
17571	5	23	2	1762	0	1792
17572	4	11	1764	18	0	1797
17573	4	1755	13	14	0	1786
17574	6	24	9	1737	0	1776
17575	4	7	1718	12	0	1741
17576	1591	1	13	8	0	1613
17577	1677	4	6	1	0	1688
17578	1696	0	3	5	0	1704
17579	16	4	3	1673	0	1696
17580	5	2	2	1698	0	1707
17581	2	1	1764	18	0	1785
17582	5	0	14	1749	0	1768
17583	3	5	5	1784	0	1797
17584	2	4	1762	16	0	1784
17585	1517	0	16	16	0	1549
17586	11	1662	7	6	0	1686
17587	1679	13	4	10	0	1706
17588	11	1674	4	3	0	1692
17589	7	14	2	1692	0	1715
17590	2	6	1716	20	0	1744
17591	6	5	12	1661	0	1684
17592	0	7	1682	15	0	1704
17593	1457	4	10	11	0	1482
17594	8	2	1608	2	0	1620
17595	7	2	8	1573	0	1590
17596	4	1	1608	8	0	1621
17597	3	1650	12	6	0	1671
17598	3	7	7	1751	0	1768
17599	4	4	3	1742	0	1753
17600	6	2	5	1827	0	1840
17601	4	2	1816	16	0	1838
17602	5	3	1821	8	0	1837
17603	1	4	15	1848	0	1868
17604	3	0	5	2250	0	2258
17605	1	5	6	2397	0	2409
17606	2427	2	2	55	0	2486
17607	35	0	5	2522	0	2562
17608	16	5	2597	43	0	2661
17609	2691	0	42	24	0	2757
17610	48	3	19	2816	0	2886
17611	2884	0	9	56	0	2949
17612	2967	3	8	28	0	3006
17613	77	0	3	2966	0	3046
17614	2974	2	10	63	0	3049
17615	2997	2	2	33	0	3034
17616	84	2	2941	12	0	3039
17617	34	2963	50	17	0	3064
17618	22	46	23	2882	0	2973
17619	16	24	8	2998	0	3046
17620	2956	5	15	77	0	3053
17621	2926	15	3	37	0	2981
17622	2909	1	4	30	0	2944
17623	82	9	2687	21	0	2799
17624	41	2709	53	18	0	2821
17625	2737	51	29	15	0	2832
17626	69	2747	14	7	0	2837
17627	2768	58	15	15	0	2856
17628	72	33	3	2747	0	2855
17629	2755	7	10	66	0	2838
17630	2792	17	2	36	0	2847
17631	2820	3	1	21	0	2845
17632	90	8	2738	22	0	2858
17633	2800	2	56	16	0	2874
17634	78	2771	27	20	0	2896
17635	2851	55	11	19	0	2936
17636	2882	25	15	19	0	2941
17637	2933	7	7	16	0	2963
17638	104	10	10	2791	0	2915
17639	66	2781	4	61	0	2912
17640	2810	59	7	29	0	2905
17641	90	29	2767	14	0	2900
17642	44	2808	54	18	0	2924
17643	31	73	22	2595	0	2721
17644	33	2720	13	66	0	2832
17645	2742	69	13	28	0	2852
17646	2874	34	5	19	0	2932
17647	104	10	13	2819	0	2946
17648	51	22	2733	71	0	2877
17649	39	2755	63	42	0	2899
17650	54	64	30	2361	0	2509
17651	34	29	20	2848	0	2931
17652	30	17	17	2949	0	3013
17653	2872	21	10	104	0	3007
17654	2918	9	12	54	0	2993
17655	2928	11	8	34	0	2981
17656	2973	15	5	39	0	3032
17657	140	7	5	2890	0	3042
17658	66	11	2922	91	0	3090
17659	50	11	79	2964	0	3104
17660	54	8	30	3023	0	3115
17661	40	10	15	3068	0	3133
17662	52	8	22	3050	0	3132
17663	2983	15	9	133	0	3140
17664	105	8	21	3018	0	3152
17665	3007	12	10	109	0	3138
17666	3049	12	11	68	0	3140
17667	133	13	2926	40	0	3112
17668	72	16	2856	51	0	2995
17669	59	13	2961	41	0	3074
17670	66	13	86	2921	0	3086
17671	55	8	2982	91	0	3136
17672	61	13	89	2930	0	3093
17673	45	20	49	2998	0	3112
17674	2984	16	28	127	0	3155
17675	107	18	21	2959	0	3105
17676	75	3019	11	107	0	3212
17677	3126	75	14	74	0	3289
17678	127	3109	14	37	0	3287
17679	63	78	3143	48	0	3332
17680	48	3210	77	30	0	3365
17681	3181	85	31	33	0	3330
17682	114	57	14	3159	0	3344
17683	80	21	3115	91	0	3307
17684	3148	29	75	59	0	3311
17685	142	20	32	3150	0	3344
17686	82	14	3133	102	0	3331
17687	62	16	91	3167	0	3336
17688	57	13	49	3204	0	3323
17689	42	12	26	3201	0	3281
17690	40	3118	24	120	0	3302
17691	3171	79	11	76	0	3337
17692	121	40	17	3122	0	3300
17693	77	3109	12	101	0	3299
17694	54	93	10	3150	0	3307
17695	55	51	3106	93	0	3305
17696	54	3128	80	55	0	3317
17697	3093	96	49	26	0	3264
17698	3074	45	22	50	0	3191
17699	119	18	34	2984	0	3155
17700	69	34	9	3040	0	3152
17701	2997	5	20	119	0	3141
17702	2973	14	8	63	0	3058
17703	119	2905	14	63	0	3101
17704	2541	57	7	23	0	2628
17705	72	20	2383	21	0	2496
17706	40	12	2341	15	0	2408
17707	25	2263	56	17	0	2361
17708	13	2292	18	19	0	2342
17709	2103	54	42	15	0	2214
17710	51	2105	7	7	0	2170
17711	2094	39	6	8	0	2147
17712	2076	14	2	10	0	2102
17713	2054	8	7	4	0	2073
17714	56	4	6	2021	0	2087
17715	2043	1	9	45	0	2098
17716	42	9	2008	10	0	2069
17717	17	5	1990	11	0	2023
17718	9	1967	41	12	0	2029
17719	6	37	2016	13	0	2072
17720	7	10	33	1993	0	2043
17721	14	3	2009	39	0	2065
17722	13	6	2011	13	0	2043
17723	5	14	38	2013	0	2070
17724	2024	6	9	41	0	2080
17725	2046	5	16	12	0	2079
17726	42	12	2055	7	0	2116
17727	2016	7	40	10	0	2073
17728	46	5	2071	4	0	2126
17729	2068	3	35	15	0	2121
17730	2170	4	13	19	0	2206
17731	53	1	10	2139	0	2203
17732	17	1	8	2106	0	2132
17733	14	2042	6	44	0	2106
17734	10	2124	3	17	0	2154
17735	20	41	8	2071	0	2140
17736	18	7	7	2110	0	2142
17737	2025	6	8	43	0	2082
17738	45	2014	5	6	0	2070
17739	2012	37	5	12	0	2066
17740	41	2013	5	12	0	2071
17741	12	44	1994	9	0	2059
17742	10	12	36	1991	0	2049
17743	2046	5	6	39	0	2096
17744	2160	7	7	13	0	2187
17745	48	2169	11	9	0	2237
17746	11	2262	6	7	0	2286
17747	13	2306	4	10	0	2333
17748	8	50	4	2476	0	2538
17749	13	11	2477	52	0	2553
17750	7	2428	55	17	0	2507
17751	12	50	8	2456	0	2526
17752	10	5	4	2517	0	2536
17753	5	10	2459	56	0	2530
17754	12	8	2441	11	0	2472
17755	2414	6	57	9	0	2486
17756	56	4	2514	4	0	2578
17757	2482	3	53	11	0	2549
17758	2464	4	12	12	0	2492
17759	2464	1	6	8	0	2479
17760	2446	5	6	5	0	2462
17761	62	4	2359	3	0	2428
17762	10	2341	51	8	0	2410
17763	16	50	6	2367	0	2439
17764	10	8	2374	58	0	2450
17765	11	5	55	2335	0	2406
17766	4	2167	13	50	0	2234
17767	5	50	7	2439	0	2501
17768	8	10	5	2475	0	2498
17769	11	4	9	2436	0	2460
17770	2420	8	2	64	0	2494
17771	58	6	10	2394	0	2468
17772	20	7	6	2411	0	2444
17773	11	9	6	2398	0	2424
17774	11	2288	7	56	0	2362
17775	2297	47	8	22	0	2374
17776	53	2176	8	13	0	2250
17777	11	2254	6	9	0	2280
17778	17	52	10	2259	0	2338
17779	14	14	5	2277	0	2310
17780	2237	6	11	55	0	2309
17781	58	11	3	2238	0	2310
17782	2248	3	6	59	0	2316
17783	2632	4	5	15	0	2656
17784	76	7	6	2592	0	2681
17785	36	6	7	2605	0	2654
17786	20	2625	9	79	0	2733
17787	2695	62	9	38	0	2804
17788	68	2762	7	16	0	2853
17789	2746	70	7	19	0	2842
17790	69	38	2691	12	0	2810
17791	2737	12	59	20	0	2828
17792	2858	9	27	13	0	2907
17793	91	12	10	2803	0	2916
17794	44	5	2799	74	0	2922
17795	12	2824	70	38	0	2944
17796	20	73	28	2880	0	3001
17797	19	28	2876	77	0	3000
17798	15	17	68	2856	0	2956
17799	2818	8	34	78	0	2938
17800	78	12	2823	35	0	2948
17801	41	2724	66	21	0	2852
17802	19	2843	33	16	0	2911
17803	35	87	12	2532	0	2666
17804	18	2830	12	49	0	2909
17805	2809	72	11	33	0	2925
17806	2834	33	11	20	0	2898
17807	2845	20	6	12	0	2883
17808	97	8	2689	22	0	2816
17809	2759	12	66	17	0	2854
17810	77	13	30	2720	0	2840
17811	43	9	11	2768	0	2831
17812	23	10	11	2784	0	2828
17813	28	6	10	2769	0	2813
17814	13	13	2681	105	0	2812
17815	18	6	2645	49	0	2718
17816	13	8	2645	25	0	2691
17817	2554	7	82	24	0	2667
17818	77	2583	36	18	0	2714
17819	36	75	15	2588	0	2714
17820	2582	32	10	83	0	2707
17821	72	2581	14	41	0	2708
17822	37	2666	4	36	0	2743
17823	2613	93	6	19	0	2731
17824	2631	39	10	21	0	2701
17825	105	2622	7	13	0	2747
17826	42	68	15	2470	0	2595
17827	24	2573	7	69	0	2673
17828	2571	75	6	32	0	2684
17829	2576	35	3	26	0	2640
17830	2564	20	8	17	0	2609
17831	100	2464	7	18	0	2589
17832	60	65	8	2492	0	2625
17833	31	34	2477	68	0	2610
17834	26	24	62	2491	0	2603
17835	34	13	28	2533	0	2608
17836	19	16	2441	98	0	2574
17837	2421	18	59	43	0	2541
17838	72	12	36	2454	0	2574
17839	44	7	12	2450	0	2513
17840	27	2410	16	89	0	2542
17841	2418	60	10	43	0	2531
17842	85	33	6	2345	0	2469
17843	39	2327	12	76	0	2454
17844	2192	58	12	47	0	2309
17845	63	2178	10	22	0	2273
17846	2021	57	7	25	0	2110
17847	59	31	1986	21	0	2097
17848	35	16	1739	14	0	1804
17849	22	6	1761	11	0	1800
17850	11	1777	67	11	0	1866
17851	20	50	58	1620	0	1748
17852	16	1708	11	41	0	1776
17853	1745	43	2	26	0	1816
17854	42	33	1752	14	0	1841
17855	1725	16	34	8	0	1783
17856	1765	9	22	13	0	1809
17857	64	11	15	1727	0	1817
17858	1770	12	8	41	0	1831
17859	53	4	14	1761	0	1832
17860	32	10	1739	41	0	1822
17861	1715	11	36	30	0	1792
17862	36	1723	32	16	0	1807
17863	34	37	8	1734	0	1813
17864	1749	30	2	41	0	1822
17865	44	9	12	1757	0	1822
17866	36	7	1716	40	0	1799
17867	25	9	32	1703	0	1769
17868	8	1706	26	44	0	1784
17869	1729	37	11	29	0	1806
17870	48	22	4	1718	0	1792
17871	1750	10	6	46	0	1812
17872	49	7	7	1745	0	1808
17873	32	10	4	1714	0	1760
17874	21	1714	7	58	0	1800
17875	1708	36	2	34	0	1780
17876	38	1737	6	18	0	1799
17877	30	34	5	1599	0	1668
17878	9	1619	5	40	0	1673
17879	1596	36	7	29	0	1668
17880	1588	25	6	15	0	1634
17881	1598	14	4	10	0	1626
17882	59	1533	5	10	0	1607
17883	16	1200	0	2	0	1218
17884	1180	26	0	8	0	1214
17885	20	1223	3	5	0	1251
17886	14	27	8	1168	0	1217
17887	6	7	1161	15	0	1189
17888	1079	4	14	7	0	1104
17889	1118	1	6	4	0	1129
17890	1112	3	0	4	0	1119
17891	18	1089	1	4	0	1112
17892	1058	10	1	2	0	1071
17893	15	3	1091	0	0	1109
17894	6	1082	9	0	0	1097
17895	2	22	4	1020	0	1048
17896	1	1045	0	6	0	1052
17897	989	6	8	5	0	1008
17898	5	1002	1	1	0	1009
17899	4	3	0	1011	0	1018
17900	1	1015	0	4	0	1020
17901	3	3	0	1047	0	1053
17902	2	3	1	1024	0	1030
17903	0	3	1026	8	0	1037
17904	2	0	6	1005	0	1013
17905	1002	3	3	6	0	1014
17906	1005	1	0	6	0	1012
17907	8	2	0	1007	0	1017
17908	5	3	990	5	0	1003
17909	2	0	5	987	0	994
17910	976	1	4	6	0	987
17911	1002	1	0	9	0	1012
17912	1017	2	1	2	0	1022
17913	10	1073	2	2	0	1087
17914	1088	7	0	4	0	1099
17915	5	2	1064	5	0	1076
17916	1165	2	5	6	0	1178
17917	9	1	3	1200	0	1213
17918	3	2	0	1219	0	1224
17919	4	0	0	1227	0	1231
17920	1207	3	0	9	0	1219
17921	1176	1	1	5	0	1183
17922	8	1	1	1183	0	1193
17923	3	2	1204	7	0	1216
17924	3	1	7	1205	0	1216
17925	5	0	3	1193	0	1201
17926	5	2	1195	7	0	1209
17927	2	1192	5	4	0	1203
17928	4	5	2	1226	0	1237
17929	1251	4	1	9	0	1265
17930	9	1	0	1250	0	1260
17931	4	1	0	1241	0	1246
17932	1246	3	0	10	0	1259
17933	5	1236	0	6	0	1247
17934	5	1244	0	2	0	1251
17935	1237	6	0	5	0	1248
17936	10	1	1244	1	0	1256
17937	1200	1	5	5	0	1211
17938	9	2	1316	1	0	1328
17939	4	1350	4	3	0	1361
17940	1375	6	1	5	0	1387
17941	1388	2	2	2	0	1394
17942	1385	0	1	6	0	1392
17943	1380	1	2	6	0	1389
17944	12	3	1377	2	0	1394
17945	4	2	4	1354	0	1364
17946	1376	2	2	10	0	1390
17947	6	2	1441	3	0	1452
17948	3	2	1434	2	0	1441
17949	4	1471	5	0	0	1480
17950	1489	3	2	2	0	1496
17951	6	2	0	1482	0	1490
17952	1512	0	0	5	0	1517
17953	4	1536	3	2	0	1545
17954	1	5	1	1648	0	1655
17955	5	2	0	1640	0	1647
17956	4	1	1	1681	0	1687
17957	4	1	1697	8	0	1710
17958	3	1696	8	1	0	1708
17959	1794	7	1	2	0	1804
17960	14	3	1	1803	0	1821
17961	1799	1	1	15	0	1816
17962	1792	0	3	6	0	1801
17963	14	0	2	1795	0	1811
17964	3	2	1804	14	0	1823
17965	6	1	11	1790	0	1808
17966	5	1791	2	14	0	1812
17967	5	11	1	1828	0	1845
17968	2	2	1811	14	0	1829
17969	1779	3	12	6	0	1800
17970	14	0	1	1852	0	1867
17971	1823	0	1	18	0	1842
17972	13	4	1807	4	0	1828
17973	1711	3	12	6	0	1732
17974	14	2	1810	2	0	1828
17975	1735	0	9	5	0	1749
17976	13	1759	3	6	0	1781
17977	5	1807	2	2	0	1816
17978	5	12	0	1843	0	1860
17979	6	3	6	1681	0	1696
17980	3	2	2	1839	0	1846
17981	1839	1	1	17	0	1858
17982	15	1	1	1852	0	1869
17983	1	2	1833	11	0	1847
17984	1800	1	12	6	0	1819
17985	12	1839	0	5	0	1856
17986	1873	10	0	2	0	1885
17987	1852	0	1	4	0	1857
17988	14	1	1881	2	0	1898
17989	6	0	13	1901	0	1920
17990	5	0	3	1986	0	1994
17991	2	9	2055	18	0	2084
17992	3	2051	19	2	0	2075
17993	2005	18	3	6	0	2032
17994	2012	3	5	5	0	2025
17995	22	1	0	2067	0	2090
17996	5	0	1	2059	0	2065
17997	5	1	2	2192	0	2200
17998	2153	3	0	33	0	2189
17999	29	2226	1	6	0	2262
18000	2270	29	2	6	0	2307
18001	2259	4	1	7	0	2271
18002	37	5	2384	2	0	2428
18003	9	2	35	2356	0	2402
18004	7	2447	7	35	0	2496
18005	2	38	6	2517	0	2563
18006	6	5	2	2614	0	2627
18007	5	4	2693	42	0	2744
18008	2806	4	45	17	0	2872
18009	3051	3	8	9	0	3071
18010	3171	4	5	7	0	3187
18011	76	1	3	3091	0	3171
18012	23	1	1	3073	0	3098
18013	10	2973	4	75	0	3062
18014	9	3122	0	21	0	3152
18015	3079	74	4	13	0	3170
18016	75	3002	6	2	0	3085
18017	23	66	2989	3	0	3081
18018	11	15	63	3051	0	3140
18019	3089	6	17	75	0	3187
18020	70	11	3026	14	0	3121
18021	25	7	3006	13	0	3051
18022	3055	6	78	16	0	3155
18023	3117	2	24	7	0	3150
18024	88	7	9	3054	0	3158
18025	24	9	3051	74	0	3158
18026	19	2	67	3059	0	3147
18027	13	11	2890	81	0	2995
18028	8	9	3045	27	0	3089
18029	13	3080	81	24	0	3198
18030	3126	72	21	11	0	3230
18031	3152	16	15	9	0	3192
18032	85	3073	7	15	0	3180
18033	34	73	10	3069	0	3186
18034	20	16	12	3132	0	3180
18035	18	10	10	3168	0	3206
18036	3086	6	15	96	0	3203
18037	74	3055	10	34	0	3173
18038	3015	69	8	22	0	3114
18039	3032	21	11	16	0	3080
18040	93	20	2902	18	0	3033
18041	32	2917	75	20	0	3044
18042	22	74	22	2964	0	3082
18043	16	25	2968	77	0	3086
18044	2918	13	74	33	0	3038
18045	3033	11	22	23	0	3089
18046	3029	6	17	16	0	3068
18047	2965	11	11	13	0	3000
18048	106	6	7	2847	0	2966
18049	41	8	2812	77	0	2938
18050	20	12	74	2846	0	2952
18051	2835	4	28	87	0	2954
18052	2835	8	8	36	0	2887
18053	94	2737	16	14	0	2861
18054	2683	64	12	22	0	2781
18055	87	23	2664	11	0	2785
18056	38	9	2671	15	0	2733
18057	2621	10	83	14	0	2728
18058	82	2625	27	15	0	2749
18059	38	63	19	2493	0	2613
18060	28	2548	10	69	0	2655
18061	24	73	9	2574	0	2680
18062	29	29	3	2615	0	2676
18063	22	12	10	2674	0	2718
18064	2599	10	12	86	0	2707
18065	2696	7	12	29	0	2744
18066	2666	7	13	23	0	2709
18067	95	11	2602	13	0	2721
18068	2673	11	63	14	0	2761
18069	79	11	23	2691	0	2804
18070	45	4	14	2850	0	2913
18071	22	13	2796	94	0	2925
18072	26	4	74	3017	0	3121
18073	3065	7	29	95	0	3196
18074	92	14	3027	39	0	3172
18075	45	8	83	3064	0	3200
18076	3065	10	35	91	0	3201
18077	3096	8	17	39	0	3160
18078	116	8	3030	31	0	3185
18079	49	8	3081	25	0	3163
18080	34	11	98	3093	0	3236
18081	3152	13	38	91	0	3294
18082	3217	5	28	37	0	3287
18083	117	13	16	3075	0	3221
18084	57	3120	10	102	0	3289
18085	3144	72	15	36	0	3267
18086	99	3150	15	28	0	3292
18087	46	82	15	3163	0	3306
18088	30	26	3080	98	0	3234
18089	35	15	3017	35	0	3102
18090	31	7	3062	30	0	3130
18091	26	6	102	2938	0	3072
18092	28	9	46	3005	0	3088
18093	2943	7	23	108	0	3081
18094	93	2896	19	46	0	3054
18095	2875	69	21	32	0	2997
18096	96	30	13	2716	0	2855
18097	40	2674	18	67	0	2799
18098	36	2802	11	37	0	2886
18099	29	85	10	2704	0	2828
18100	2670	27	13	78	0	2788
18101	69	2687	14	39	0	2809
18102	2501	64	6	22	0	2593
18103	79	2528	8	17	0	2632
18104	2469	68	22	9	0	2568
18105	73	28	2415	14	0	2530
18106	40	19	2324	12	0	2395
18107	28	2232	65	10	0	2335
18108	2046	51	52	13	0	2162
18109	46	1889	10	7	0	1952
18110	18	1772	6	8	0	1804
18111	35	42	7	1785	0	1869
18112	1790	22	8	34	0	1854
18113	34	1790	7	15	0	1846
18114	1754	34	1	16	0	1805
18115	37	1746	6	7	0	1796
18116	1708	38	0	4	0	1750
18117	36	1683	4	15	0	1738
18118	16	1703	3	6	0	1728
18119	25	38	6	1622	0	1691
18120	5	1689	4	24	0	1722
18121	1679	33	4	14	0	1730
18122	31	16	1667	13	0	1727
18123	23	12	26	1668	0	1729
18124	12	8	1699	30	0	1749
18125	10	8	31	1672	0	1721
18126	10	7	15	1702	0	1734
18127	7	7	1600	40	0	1654
18128	1484	3	33	25	0	1545
18129	31	1543	18	16	0	1608
18130	1576	28	8	7	0	1619
18131	40	1582	8	1	0	1631
18132	20	36	4	1586	0	1646
18133	1586	17	2	33	0	1638
18134	1599	14	4	13	0	1630
18135	1611	9	3	14	0	1637
18136	48	9	5	1571	0	1633
18137	30	7	4	1587	0	1628
18138	19	1608	6	35	0	1668
18139	1641	27	6	25	0	1699
18140	1659	16	6	17	0	1698
18141	1665	12	3	14	0	1694
18142	1652	6	9	6	0	1673
18143	51	1566	6	5	0	1628
18144	23	33	7	1596	0	1659
18145	14	13	1569	36	0	1632
18146	1555	14	31	15	0	1615
18147	1635	10	14	13	0	1672
18148	45	4	1590	16	0	1655
18149	26	9	1573	7	0	1615
18150	25	10	35	1604	0	1674
18151	8	17	16	1640	0	1681
18152	10	11	10	1670	0	1701
18153	1640	8	6	47	0	1701
18154	36	11	8	1669	0	1724
18155	21	8	1601	44	0	1674
18156	22	7	32	1644	0	1705
18157	15	6	1650	43	0	1714
18158	12	8	40	1649	0	1709
18159	8	9	16	1814	0	1847
18160	8	10	1827	58	0	1903
18161	1742	7	41	31	0	1821
18162	51	1841	18	17	0	1927
18163	1873	45	12	9	0	1939
18164	58	20	9	1912	0	1999
18165	1935	17	0	48	0	2000
18166	55	2018	8	21	0	2102
18167	26	2129	5	14	0	2174
18168	22	67	6	2114	0	2209
18169	19	27	2159	45	0	2250
18170	11	20	2022	15	0	2068
18171	8	2030	56	19	0	2113
18172	1801	39	23	14	0	1877
18173	34	10	10	1801	0	1855
18174	1781	12	9	36	0	1838
18175	43	1742	7	13	0	1805
18176	16	1814	3	21	0	1854
18177	23	47	4	1806	0	1880
18178	1803	25	4	42	0	1874
18179	1805	16	4	16	0	1841
18180	46	10	1748	12	0	1816
18181	26	11	1667	8	0	1712
18182	1683	2	41	19	0	1745
18183	43	1694	22	6	0	1765
18184	1683	37	10	2	0	1732
18185	52	16	8	1646	0	1722
18186	17	12	1592	35	0	1656
18187	1551	7	29	17	0	1604
18188	35	1560	15	10	0	1620
18189	22	1592	10	5	0	1629
18190	17	39	5	1579	0	1640
18191	1588	18	13	31	0	1650
18192	40	13	6	1596	0	1655
18193	1630	14	6	40	0	1690
18194	43	9	1546	20	0	1618
18195	1618	5	26	23	0	1672
18196	1677	8	11	9	0	1705
18197	48	10	1621	11	0	1690
18198	1570	6	30	7	0	1613
18199	42	1550	18	11	0	1621
18200	30	31	10	1550	0	1621
18201	24	1578	8	27	0	1637
18202	1589	38	14	15	0	1656
18203	43	13	4	1553	0	1613
18204	23	1526	6	29	0	1584
18205	23	34	5	1535	0	1597
18206	12	1535	4	42	0	1593
18207	15	40	8	1566	0	1629
18208	1552	19	5	43	0	1619
18209	38	19	2	1557	0	1616
18210	21	9	1520	48	0	1598
18211	1519	11	28	22	0	1580
18212	38	7	15	1546	0	1606
18213	24	10	1487	33	0	1554
18214	24	9	1396	26	0	1455
18215	13	7	1504	20	0	1544
18216	20	4	48	1498	0	1570
18217	15	4	24	1535	0	1578
18218	9	11	22	1530	0	1572
18219	14	7	12	1532	0	1565
18220	1503	5	16	57	0	1581
18221	1522	3	8	35	0	1568
18222	1531	9	10	26	0	1576
18223	1547	12	9	20	0	1588
18224	55	7	7	1525	0	1594
18225	40	6	1547	40	0	1633
18226	1548	7	29	31	0	1615
18227	1610	10	13	20	0	1653
18228	54	10	13	1577	0	1654
18229	32	7	6	1616	0	1661
18230	1627	7	10	49	0	1693
18231	46	9	8	1585	0	1648
18232	29	1558	7	43	0	1637
18233	1589	26	10	33	0	1658
18234	1594	15	12	24	0	1645
18235	63	10	1620	14	0	1707
18236	29	11	39	1631	0	1710
18237	27	11	19	1669	0	1726
18238	1642	6	13	60	0	1721
18239	1651	7	11	29	0	1698
18240	53	3	15	1644	0	1715
18241	33	10	1609	51	0	1703
18242	28	7	1641	31	0	1707
18243	28	2	41	1675	0	1746
18244	32	8	24	1695	0	1759
18245	1667	3	15	57	0	1742
18246	45	1615	16	30	0	1706
18247	28	1596	19	22	0	1665
18248	28	1684	6	21	0	1739
18249	21	42	10	1676	0	1749
18250	1654	20	10	46	0	1730
18251	1652	14	6	26	0	1698
18252	55	1631	4	18	0	1708
18253	1636	42	4	16	0	1698
18254	46	16	3	1629	0	1694
18255	29	10	1603	41	0	1683
18256	28	6	26	1579	0	1639
18257	15	12	15	1612	0	1654
18258	25	7	9	1590	0	1631
18259	1479	8	4	44	0	1535
18260	35	7	13	1392	0	1447
18261	20	1367	7	41	0	1435
18262	1341	18	12	30	0	1401
18263	31	1290	8	26	0	1355
18264	20	1192	4	13	0	1229
18265	18	1233	5	21	0	1277
18266	10	20	1051	7	0	1088
18267	5	976	11	7	0	999
18268	3	9	895	10	0	917
18269	799	2	3	4	0	808
18270	832	0	2	5	0	839
18271	7	1	862	1	0	871
18272	860	0	3	1	0	864
18273	899	1	2	1	0	903
18274	6	0	902	2	0	910
18275	3	937	4	1	0	945
18276	2	3	3	948	0	956
18277	981	2	3	7	0	993
18278	6	0	0	962	0	968
18279	1010	0	1	10	0	1021
18280	1008	1	1	1	0	1011
18281	5	1	1011	1	0	1018
18282	991	1	4	4	0	1000
18283	3	1026	3	3	0	1035
18284	1052	4	0	1	0	1057
18285	4	2	0	1056	0	1062
18286	1	2	1070	3	0	1076
18287	2	1	3	1065	0	1071
18288	1058	0	1	6	0	1065
18289	5	1059	1	1	0	1066
18290	3	3	1051	1	0	1058
18291	2	2	5	1027	0	1036
18292	1	4	1055	6	0	1066
18293	3	1061	5	2	0	1071
18294	1069	4	1	4	0	1078
18295	6	3	0	1076	0	1085
18296	4	1	1063	6	0	1074
18297	2	1	1009	3	0	1015
18298	1106	1	6	1	0	1114
18299	5	2	2	1124	0	1133
18300	5	2	1	1123	0	1131
18301	4	1	1127	6	0	1138
18302	2	1	1111	1	0	1115
18303	1	1169	6	5	0	1181
18304	3	4	2	1179	0	1188
18305	3	1	2	1181	0	1187
18306	2	1157	1	16	0	1176
18307	2	5	1166	3	0	1176
18308	1138	2	5	1	0	1146
18309	5	2	2	1191	0	1200
18310	1	0	1211	7	0	1219
18311	2	0	5	1181	0	1188
18312	6	1213	1	7	0	1227
18313	4	6	1224	1	0	1235
18314	1181	4	6	1	0	1192
18315	4	2	1233	3	0	1242
18316	5	1	1190	2	0	1198
18317	2	1	1187	3	0	1193
18318	3	1	1306	1	0	1311
18319	2	1	11	1371	0	1385
18320	1	0	1422	14	0	1437
18321	5	0	14	1385	0	1404
18322	3	1412	3	14	0	1432
18323	1508	14	3	4	0	1529
18324	19	0	2	1522	0	1543
18325	2	1	1498	21	0	1522
18326	2	1502	19	5	0	1528
18327	3	18	3	1517	0	1541
18328	1516	4	4	23	0	1547
18329	16	1525	1	5	0	1547
18330	3	20	2	1547	0	1572
18331	1555	3	2	20	0	1580
18332	19	1	1535	4	0	1559
18333	1525	1	20	6	0	1552
18334	19	1	1563	4	0	1587
18335	1497	2	18	2	0	1519
18336	1500	0	3	3	0	1506
18337	22	1	1477	0	0	1500
18338	2	1464	19	2	0	1487
18339	8	15	5	1442	0	1470
18340	2	2	1493	14	0	1511
18341	2	0	20	1427	0	1449
18342	1	7	4	1446	0	1458
18343	1	2	1454	20	0	1477
18344	1	1	1447	5	0	1454
18345	1	1	17	1463	0	1482
18346	1484	2	3	21	0	1510
18347	16	1474	2	9	0	1501
18348	3	1480	2	2	0	1487
18349	1464	21	2	4	0	1491
18350	1508	4	1	2	0	1515
18351	23	2	2	1496	0	1523
18352	5	2	2	1519	0	1528
18353	4	1	1	1528	0	1534
18354	1497	1	2	21	0	1521
18355	18	1441	1	7	0	1467
18356	4	1492	3	3	0	1502
18357	4	20	2	1486	0	1512
18358	5	3	0	1513	0	1521
18359	2	4	1	1518	0	1525
18360	1508	1	4	26	0	1539
18361	20	1531	3	6	0	1560
18362	1550	24	1	8	0	1583
18363	25	3	1552	6	0	1586
18364	7	1569	24	4	0	1604
18365	3	28	1	1570	0	1602
18366	1562	1	2	31	0	1596
18367	29	4	1540	5	0	1578
18368	6	4	1548	3	0	1561
18369	7	4	28	1556	0	1595
18370	7	1	8	1587	0	1603
18371	8	1	4	1567	0	1580
18372	2	5	4	1513	0	1524
18373	5	2	4	1519	0	1530
18374	3	1464	3	37	0	1507
18375	2	28	6	1468	0	1504
18376	1462	4	4	34	0	1504
18377	29	1450	5	15	0	1499
18378	1451	29	2	10	0	1492
18379	29	5	1391	9	0	1434
18380	7	4	1425	7	0	1443
18381	4	6	28	1518	0	1556
18382	5	1	1779	33	0	1818
18383	8	4	43	1772	0	1827
18384	5	1	16	1782	0	1804
18385	1820	1	11	57	0	1889
18386	1822	3	7	24	0	1856
18387	53	1812	5	20	0	1890
18388	26	1904	4	12	0	1946
18389	20	57	5	1904	0	1986
18390	1902	27	3	56	0	1988
18391	50	20	1899	20	0	1989
18392	23	4	46	1923	0	1996
18393	19	2	17	1930	0	1968
18394	6	4	1877	66	0	1953
18395	4	1862	51	32	0	1949
18396	10	48	17	1874	0	1949
18397	6	16	1878	57	0	1957
18398	10	13	53	1840	0	1916
18399	1778	5	18	62	0	1863
18400	49	1782	15	25	0	1871
18401	16	1837	14	23	0	1890
18402	19	59	3	1807	0	1888
18403	1766	26	8	59	0	1859
18404	50	1766	16	22	0	1854
18405	1790	52	8	27	0	1877
18406	63	18	1771	25	0	1877
18407	27	15	1807	15	0	1864
18408	24	13	60	1749	0	1846
18409	15	12	25	1855	0	1907
18410	1793	11	20	68	0	1892
18411	64	10	8	1831	0	1913
18412	30	12	1778	71	0	1891
18413	19	16	55	1777	0	1867
18414	16	9	19	1838	0	1882
18415	14	7	1757	76	0	1854
18416	1686	10	67	38	0	1801
18417	54	11	18	1759	0	1842
18418	1656	4	22	71	0	1753
18419	55	1568	23	27	0	1673
18420	1559	48	10	30	0	1647
18421	55	1527	10	26	0	1618
18422	23	1566	18	18	0	1625
18423	23	57	4	1463	0	1547
18424	1459	28	11	49	0	1547
18425	1464	23	10	23	0	1520
18426	55	20	7	1433	0	1515
18427	1424	5	8	60	0	1497
18428	1441	9	12	23	0	1485
18429	62	15	10	1413	0	1500
18430	1365	8	8	57	0	1438
18431	61	1369	14	30	0	1474
18432	1389	43	10	28	0	1470
18433	59	15	1333	26	0	1433
18434	1447	17	41	22	0	1527
18435	60	13	19	1450	0	1542
18436	23	4	16	1495	0	1538
18437	31	6	17	1485	0	1539
18438	27	6	8	1492	0	1533
18439	19	6	10	1489	0	1524
18440	19	1357	16	71	0	1463
18441	25	1431	9	45	0	1510
18442	1417	46	10	39	0	1512
18443	55	35	1399	19	0	1508
18444	1360	70	30	23	0	1483
18445	63	14	1406	21	0	1504
18446	35	15	46	1398	0	1494
18447	34	23	14	1442	0	1513
18448	1428	13	14	62	0	1517
18449	58	14	1407	32	0	1511
18450	41	11	34	1465	0	1551
18451	32	8	1492	63	0	1595
18452	29	1544	45	27	0	1645
18453	31	41	16	1582	0	1670
18454	1597	16	21	52	0	1686
18455	1575	18	13	31	0	1637
18456	1607	15	11	34	0	1667
18457	77	1537	9	25	0	1648
18458	41	1591	15	22	0	1669
18459	1522	43	13	32	0	1610
18460	38	1587	7	39	0	1671
18461	23	1580	10	31	0	1644
18462	23	41	1533	24	0	1621
18463	17	1493	27	28	0	1565
18464	16	1540	19	17	0	1592
18465	14	45	21	1546	0	1626
18466	13	31	1528	41	0	1613
18467	18	20	1494	26	0	1558
18468	1489	9	38	28	0	1564
18469	44	9	1540	21	0	1614
18470	1571	13	47	14	0	1645
18471	46	13	23	1570	0	1652
18472	36	1574	21	45	0	1676
18473	1631	32	19	21	0	1703
18474	1706	23	10	28	0	1767
18475	44	16	14	1704	0	1778
18476	45	10	16	1688	0	1759
18477	34	13	8	1719	0	1774
18478	1683	7	9	67	0	1766
18479	1565	15	11	36	0	1627
18480	1671	13	6	28	0	1718
18481	55	1520	5	18	0	1598
18482	1265	11	4	4	0	1284
18483	20	1228	4	8	0	1260
18484	9	1241	0	6	0	1256
18485	15	21	7	1175	0	1218
18486	7	1192	0	9	0	1208
18487	1142	13	4	4	0	1163
18488	17	6	4	1132	0	1159
18489	1115	2	3	6	0	1126
18490	7	1081	2	1	0	1091
18491	1	1162	2	2	0	1167
18492	1204	8	2	7	0	1221
18493	10	1237	4	3	0	1254
18494	6	8	2	1303	0	1319
18495	3	0	2	1316	0	1321
18496	1302	1	4	12	0	1319
18497	13	2	1	1311	0	1327
18498	5	7	1327	14	0	1353
18499	3	5	12	1342	0	1362
18500	1367	3	2	14	0	1386
18501	12	1370	3	6	0	1391
18502	1453	13	0	16	0	1482
18503	1427	2	2	11	0	1442
18504	1460	2	1	11	0	1474
18505	18	1	1455	5	0	1479
18506	7	7	1408	9	0	1431
18507	1407	2	12	5	0	1426
18508	16	1432	5	1	0	1454
18509	8	16	3	1469	0	1496
18510	8	3	3	1470	0	1484
18511	4	1393	5	14	0	1416
18512	4	1427	4	2	0	1437
18513	3	14	6	1440	0	1463
18514	5	5	1	1454	0	1465
18515	2	6	1405	17	0	1430
18516	6	5	1311	10	0	1332
18517	1383	3	19	12	0	1417
18518	1445	9	3	9	0	1466
18519	21	4	5	1445	0	1475
18520	6	4	1442	23	0	1475
18521	7	2	18	1434	0	1461
18522	1432	0	8	23	0	1463
18523	21	0	1423	7	0	1451
18524	12	2	17	1448	0	1479
18525	10	3	1434	20	0	1467
18526	7	1412	20	10	0	1449
18527	9	16	1424	4	0	1453
18528	10	19	19	1401	0	1449
18529	1425	6	7	18	0	1456
18530	22	0	9	1445	0	1476
18531	1470	4	4	23	0	1501
18532	1480	2	7	8	0	1497
18533	1452	5	4	10	0	1471
18534	24	4	1408	6	0	1442
18535	1443	4	13	8	0	1468
18536	24	4	3	1461	0	1492
18537	8	4	4	1481	0	1497
18538	9	3	1456	22	0	1490
18539	8	5	19	1484	0	1516
18540	1502	1	6	22	0	1531
18541	19	1517	8	12	0	1556
18542	1565	15	4	12	0	1596
18543	1588	4	5	9	0	1606
18544	1606	4	4	10	0	1624
18545	24	1	5	1612	0	1642
18546	9	1	1620	29	0	1659
18547	12	1	24	1623	0	1660
18548	7	5	9	1659	0	1680
18549	1646	3	6	33	0	1688
18550	1598	3	5	11	0	1617
18551	33	2	1540	10	0	1585
18552	9	2	29	1587	0	1627
18553	8	2	1595	38	0	1643
18554	1648	1	34	15	0	1698
18555	45	1777	7	12	0	1841
18556	1804	36	13	7	0	1860
18557	61	1874	4	5	0	1944
18558	1874	50	12	6	0	1942
18559	52	1884	4	7	0	1947
18560	19	50	4	1881	0	1954
18561	22	9	2	1954	0	1987
18562	1928	14	3	50	0	1995
18563	1946	4	5	26	0	1981
18564	1943	7	2	24	0	1976
18565	1884	6	2	9	0	1901
18566	1940	11	2	7	0	1960
18567	70	4	3	1890	0	1967
18568	26	1865	0	44	0	1935
18569	29	38	5	1846	0	1918
18570	14	1841	6	53	0	1914
18571	19	46	2	1816	0	1883
18572	11	1831	2	58	0	1902
18573	16	47	1	1824	0	1888
18574	11	10	1726	56	0	1803
18575	1683	15	41	16	0	1755
18576	53	1734	7	22	0	1816
18577	1745	43	12	11	0	1811
18578	57	7	1722	15	0	1801
18579	1689	19	44	10	0	1762
18580	57	12	1783	12	0	1864
18581	19	10	53	1796	0	1878
18582	21	1916	10	44	0	1991
18583	12	59	1918	12	0	2001
18584	12	11	49	1953	0	2025
18585	1848	22	19	58	0	1947
18586	59	8	15	1956	0	2038
18587	21	11	12	2011	0	2055
18588	31	5	5	2026	0	2067
18589	18	6	1942	71	0	2037
18590	16	5	45	1927	0	1993
18591	13	1857	15	65	0	1950
18592	17	42	21	1869	0	1949
18593	14	19	6	1901	0	1940
18594	1832	18	9	60	0	1919
18595	55	8	6	1865	0	1934
18596	18	6	1856	69	0	1949
18597	21	4	1848	27	0	1900
18598	7	3	1836	28	0	1874
18599	10	1819	66	19	0	1914
18600	1813	49	38	13	0	1913
18601	49	1794	20	14	0	1877
18602	1763	57	12	11	0	1843
18603	61	14	6	1751	0	1832
18604	15	18	1780	56	0	1869
18605	27	7	1741	27	0	1802
18606	12	1802	56	27	0	1897
18607	11	52	25	1816	0	1904
18608	11	12	21	1884	0	1928
18609	8	21	16	1899	0	1944
18610	6	10	1847	80	0	1943
18611	1734	14	56	37	0	1841
18612	61	11	1860	26	0	1958
18613	21	11	66	1834	0	1932
18614	26	8	13	1907	0	1954
18615	12	6	1842	70	0	1930
18616	1775	2	49	41	0	1867
18617	57	1838	23	28	0	1946
18618	1862	56	15	17	0	1950
18619	69	14	14	1842	0	1939
18620	17	1860	10	67	0	1954
18621	26	61	10	1887	0	1984
18622	1877	22	9	77	0	1985
18623	69	16	8	1871	0	1964
18624	24	12	1810	79	0	1925
18625	1798	8	60	39	0	1905
18626	1865	4	30	32	0	1931
18627	79	10	1796	23	0	1908
18628	29	16	60	1813	0	1918
18629	1860	6	20	68	0	1954
18630	70	8	22	1813	0	1913
18631	32	12	11	1818	0	1873
18632	28	7	8	1828	0	1871
18633	23	9	16	1833	0	1881
18634	14	11	1746	96	0	1867
18635	7	7	64	1777	0	1855
18636	16	7	1740	83	0	1846
18637	1708	7	69	28	0	1812
18638	1784	12	27	34	0	1857
18639	1764	4	20	35	0	1823
18640	1772	6	12	31	0	1821
18641	85	9	20	1673	0	1787
18642	1665	7	10	77	0	1759
18643	77	6	1620	37	0	1740
18644	30	2	1615	40	0	1687
18645	1556	5	63	29	0	1653
18646	58	1502	28	30	0	1618
18647	28	1550	23	22	0	1623
18648	31	53	22	1527	0	1633
18649	18	22	1514	57	0	1611
18650	1462	16	52	36	0	1566
18651	61	10	1519	27	0	1617
18652	35	1414	46	20	0	1515
18653	25	48	1406	24	0	1503
18654	18	1298	39	18	0	1373
18655	1199	36	23	21	0	1279
18656	31	1172	29	14	0	1246
18657	22	1104	5	14	0	1145
18658	21	35	7	1085	0	1148
18659	7	19	1052	39	0	1117
18660	9	5	36	1052	0	1102
18661	16	6	14	1065	0	1101
18662	12	5	1012	51	0	1080
18663	12	5	36	1001	0	1054
18664	9	992	15	41	0	1057
18665	9	30	16	1038	0	1093
18666	1034	8	11	45	0	1098
18667	34	10	7	1044	0	1095
18668	22	7	1016	42	0	1087
18669	18	7	33	1041	0	1099
18670	9	5	1026	46	0	1086
18671	1020	4	37	22	0	1083
18672	36	5	18	1045	0	1104
18673	1052	5	18	38	0	1113
18674	46	2	1023	26	0	1097
18675	997	6	44	15	0	1062
18676	50	1048	17	11	0	1126
18677	24	30	1058	13	0	1125
18678	22	19	32	1044	0	1117
18679	14	9	1082	39	0	1144
18680	9	992	38	28	0	1067
18681	14	1055	15	17	0	1101
18682	919	34	12	9	0	974
18683	29	936	5	11	0	981
18684	939	31	6	10	0	986
18685	33	14	5	949	0	1001
18686	14	4	938	34	0	990
18687	12	955	27	14	0	1008
18688	8	42	14	953	0	1017
18689	12	10	4	1016	0	1042
18690	9	7	7	1043	0	1066
18691	15	1	7	995	0	1018
18692	8	932	8	39	0	987
18693	8	963	5	18	0	994
18694	918	27	4	12	0	961
18695	29	907	9	9	0	954
18696	7	23	3	884	0	917
18697	4	8	861	26	0	899
18698	6	865	20	13	0	904
18699	4	23	10	866	0	903
18700	8	10	7	871	0	896
18701	6	870	3	30	0	909
18702	850	30	1	6	0	887
18703	31	8	837	6	0	882
18704	758	5	17	5	0	785
18705	24	795	4	5	0	828
18706	758	22	5	3	0	788
18707	21	788	2	3	0	814
18708	6	24	2	843	0	875
18709	2	8	0	872	0	882
18710	841	5	2	32	0	880
18711	27	2	3	845	0	877
18712	4	6	833	24	0	867
18713	4	786	23	7	0	820
18714	3	848	1	4	0	856
18715	4	22	1	843	0	870
18716	3	7	841	25	0	876
18717	2	4	21	832	0	859
18718	4	4	2	861	0	871
18719	3	4	821	26	0	854
18720	4	2	796	7	0	809
18721	2	818	20	4	0	844
18722	833	22	4	6	0	865
18723	21	6	0	829	0	856
18724	4	803	2	24	0	833
18725	848	22	2	8	0	880
18726	21	6	3	854	0	884
18727	6	3	1	871	0	881
18728	1	837	4	21	0	863
18729	6	20	3	844	0	873
18730	848	7	4	24	0	883
18731	25	1	2	859	0	887
18732	4	5	3	877	0	889
18733	3	3	843	26	0	875
18734	3	5	795	8	0	811
18735	835	5	22	6	0	868
18736	22	4	4	841	0	871
18737	3	5	4	842	0	854
18738	1	4	1	861	0	867
18739	8	5	817	26	0	856
18740	814	4	21	12	0	851
18741	22	3	4	820	0	849
18742	4	5	4	841	0	854
18743	806	2	8	31	0	847
18744	23	800	5	7	0	835
18745	5	21	799	10	0	835
18746	2	5	21	782	0	810
18747	4	781	4	25	0	814
18748	5	21	6	805	0	837
18749	797	5	7	22	0	831
18750	24	4	2	782	0	812
18751	769	7	0	29	0	805
18752	760	3	1	14	0	778
18753	27	6	3	730	0	766
18754	6	702	4	28	0	740
18755	4	747	5	12	0	768
18756	6	22	725	10	0	763
18757	7	6	20	691	0	724
18758	6	5	6	744	0	761
18759	4	3	4	766	0	777
18760	737	5	3	29	0	774
18761	23	6	3	744	0	776
18762	7	2	733	28	0	770
18763	730	4	22	13	0	769
18764	22	6	4	773	0	805
18765	7	2	8	803	0	820
18766	3	4	789	25	0	821
18767	763	6	22	12	0	803
18768	25	3	2	784	0	814
18769	6	7	803	30	0	846
18770	6	4	22	811	0	843
18771	5	3	7	759	0	774
18772	7	822	2	22	0	853
18773	825	21	3	11	0	860
18774	825	4	1	10	0	840
18775	17	810	2	15	0	844
18776	782	19	5	8	0	814
18777	788	1	2	13	0	804
18778	26	3	4	776	0	809
18779	3	4	732	29	0	768
18780	2	4	703	6	0	715
18781	6	0	699	8	0	713
18782	2	2	733	8	0	745
18783	6	4	14	718	0	742
18784	5	0	4	750	0	759
18785	2	2	6	741	0	751
18786	8	0	2	756	0	766
18787	736	2	1	19	0	758
18788	12	747	2	6	0	767
18789	766	9	2	5	0	782
18790	13	3	753	4	0	773
18791	5	3	815	4	0	827
18792	4	9	13	841	0	867
18793	863	1	11	15	0	890
18794	830	3	2	5	0	840
18795	16	837	2	4	0	859
18796	6	839	4	4	0	853
18797	5	7	7	848	0	867
18798	855	6	1	9	0	871
18799	12	861	3	3	0	879
18800	876	8	1	4	0	889
18801	864	6	1	6	0	877
18802	872	3	2	4	0	881
18803	12	2	874	5	0	893
18804	7	871	6	10	0	894
18805	863	8	2	2	0	875
18806	869	4	0	6	0	879
18807	16	830	2	2	0	850
18808	6	779	1	1	0	787
18809	791	6	2	0	0	799
18810	4	6	2	786	0	798
18811	6	1	775	4	0	786
18812	765	1	3	5	0	774
18813	7	4	2	817	0	830
18814	7	841	2	3	0	853
18815	5	3	0	861	0	869
18816	2	3	869	6	0	880
18817	2	2	7	878	0	889
18818	907	2	2	8	0	919
18819	9	4	2	909	0	924
18820	5	3	0	919	0	927
18821	4	2	948	9	0	963
18822	4	1	9	928	0	942
18823	4	942	3	9	0	958
18824	948	7	3	6	0	964
18825	928	3	1	5	0	937
18826	10	3	925	9	0	947
18827	7	4	8	902	0	921
18828	2	901	2	10	0	915
18829	4	933	2	2	0	941
18830	935	7	1	6	0	949
18831	8	3	3	937	0	951
18832	6	2	927	7	0	942
18833	2	2	905	6	0	915
18834	1	6	8	944	0	959
18835	940	2	6	6	0	954
18836	938	1	5	4	0	948
18837	8	1	2	971	0	982
18838	9	2	977	6	0	994
18839	4	984	6	4	0	998
18840	992	6	3	8	0	1009
18841	9	986	4	4	0	1003
18842	1001	8	0	5	0	1014
18843	9	4	2	997	0	1012
18844	6	4	1003	6	0	1019
18845	7	1	7	995	0	1010
18846	994	1	6	7	0	1008
18847	8	2	998	6	0	1014
18848	7	1005	6	5	0	1023
18849	4	10	4	1031	0	1049
18850	1033	3	4	9	0	1049
18851	9	3	1041	8	0	1061
18852	5	3	9	1054	0	1071
18853	5	4	4	1070	0	1083
18854	4	4	1078	12	0	1098
18855	9	1	5	1056	0	1071
18856	5	2	1072	9	0	1088
18857	1074	2	10	7	0	1093
18858	5	0	6	1157	0	1168
18859	8	3	1224	10	0	1245
18860	6	1251	15	6	0	1278
18861	1292	17	7	4	0	1320
18862	1399	5	5	7	0	1416
18863	30	3	0	1508	0	1541
18864	7	1528	7	21	0	1563
18865	1545	30	4	14	0	1593
18866	37	10	1	1550	0	1598
18867	17	3	1539	31	0	1590
18868	1502	10	26	17	0	1555
18869	36	1494	12	9	0	1551
18870	21	28	4	1530	0	1583
18871	1525	11	8	32	0	1576
18872	39	3	1475	16	0	1533
18873	16	10	1494	7	0	1527
18874	10	6	37	1483	0	1536
18875	14	7	1506	32	0	1559
18876	11	4	34	1493	0	1542
18877	6	1450	24	28	0	1508
18878	5	28	9	1533	0	1575
18879	1501	9	15	36	0	1561
18880	29	5	1488	18	0	1540
18881	13	1496	30	12	0	1551
18882	6	30	16	1472	0	1524
18883	7	14	1507	40	0	1568
18884	5	13	30	1432	0	1480
18885	8	1427	16	31	0	1482
18886	6	1508	7	17	0	1538
18887	1466	31	8	10	0	1515
18888	27	1501	4	8	0	1540
18889	9	26	1459	8	0	1502
18890	1370	17	32	6	0	1425
18891	32	5	1436	1	0	1474
18892	12	11	26	1379	0	1428
18893	2	5	1446	26	0	1479
18894	7	1411	25	15	0	1458
18895	4	26	14	1427	0	1471
18896	1	8	4	1448	0	1461
18897	6	1	5	1430	0	1442
18898	5	5	1396	35	0	1441
18899	1	3	24	1404	0	1432
18900	1	2	10	1435	0	1448
18901	1381	3	3	48	0	1435
18902	1390	1	8	22	0	1421
18903	34	2	1374	11	0	1421
18904	11	1340	23	14	0	1388
18905	9	25	1374	6	0	1414
18906	11	12	23	1388	0	1434
18907	7	1	1413	27	0	1448
18908	8	4	28	1399	0	1439
18909	6	3	20	1429	0	1458
18910	1	3	1405	41	0	1450
18911	1295	5	31	14	0	1345
18912	24	1432	13	17	0	1486
18913	10	25	3	1424	0	1462
18914	4	10	1411	31	0	1456
18915	10	3	1368	16	0	1397
18916	1333	8	32	11	0	1384
18917	26	1381	13	12	0	1432
18918	13	24	6	1387	0	1430
18919	1417	11	12	25	0	1465
18920	35	0	3	1428	0	1466
18921	14	12	7	1435	0	1468
18922	5	8	1413	40	0	1466
18923	1371	4	24	16	0	1415
18924	1447	6	11	17	0	1481
18925	35	1	8	1441	0	1485
18926	1433	1	7	33	0	1474
18927	30	2	7	1439	0	1478
18928	22	1387	7	33	0	1449
18929	15	1478	4	16	0	1513
18930	11	33	1	1486	0	1531
18931	1474	11	0	37	0	1522
18932	31	5	4	1475	0	1515
18933	1502	10	7	38	0	1557
18934	1524	8	6	24	0	1562
18935	42	5	6	1513	0	1566
18936	19	6	2	1555	0	1582
18937	16	4	1501	46	0	1567
18938	17	4	1514	18	0	1553
18939	13	2	40	1531	0	1586
18940	6	5	1612	38	0	1661
18941	1599	3	39	22	0	1663
18942	35	3	23	1711	0	1772
18943	10	6	1794	56	0	1866
18944	1787	2	45	23	0	1857
18945	1922	2	21	19	0	1964
18946	63	1935	9	12	0	2019
18947	23	45	10	1996	0	2074
18948	19	18	2070	50	0	2157
18949	2083	5	54	25	0	2167
18950	2181	8	24	15	0	2228
18951	63	6	2179	14	0	2262
18952	2225	5	55	11	0	2296
18953	61	8	18	2209	0	2296
18954	38	3	5	2251	0	2297
18955	2234	4	12	67	0	2317
18956	2280	1	11	20	0	2312
18957	74	8	5	2201	0	2288
18958	25	3	2179	56	0	2263
18959	23	2092	39	24	0	2178
18960	19	36	2095	18	0	2168
18961	17	13	2073	16	0	2119
18962	15	1979	46	8	0	2048
18963	24	28	25	1810	0	1887
18964	3	7	11	1851	0	1872
18965	4	6	1814	31	0	1855
18966	6	3	29	1787	0	1825
18967	1815	2	5	36	0	1858
18968	34	0	1829	9	0	1872
18969	1813	5	28	13	0	1859
18970	1872	1	9	11	0	1893
18971	1887	1	11	8	0	1907
18972	41	3	1844	6	0	1894
18973	16	6	1832	3	0	1857
18974	10	4	33	1830	0	1877
18975	10	3	14	1815	0	1842
18976	7	1855	8	33	0	1903
18977	1863	23	9	11	0	1906
18978	1867	3	12	8	0	1890
18979	36	1863	5	19	0	1923
18980	1866	28	5	8	0	1907
18981	33	1844	7	11	0	1895
18982	1871	31	4	9	0	1915
18983	41	6	4	1827	0	1878
18984	14	9	1852	33	0	1908
18985	10	5	1854	14	0	1883
18986	9	12	33	1847	0	1901
18987	12	1	12	1876	0	1901
18988	3	4	1833	31	0	1871
18989	6	9	34	1802	0	1851
18990	10	4	10	1810	0	1834
18991	1814	2	10	38	0	1864
18992	1831	6	7	16	0	1860
18993	1784	3	4	17	0	1808
18994	42	3	1758	11	0	1814
18995	16	1760	36	6	0	1818
18996	16	26	9	1795	0	1846
18997	18	4	1801	31	0	1854
18998	11	1800	38	8	0	1857
18999	1817	30	10	19	0	1876
19000	30	4	17	1823	0	1874
19001	11	5	11	1858	0	1885
19002	1836	7	6	42	0	1891
19003	34	5	6	1830	0	1875
19004	18	5	4	1860	0	1887
19005	1856	3	5	40	0	1904
19006	36	7	1829	17	0	1889
19007	12	1815	32	14	0	1873
19008	1816	33	9	11	0	1869
19009	40	7	1852	11	0	1910
19010	1832	5	33	13	0	1883
19011	36	1890	15	6	0	1947
19012	1872	30	14	6	0	1922
19013	1872	3	6	18	0	1899
19014	1846	6	9	15	0	1876
19015	48	6	6	1804	0	1864
19016	19	4	6	1829	0	1858
19017	15	1782	7	46	0	1850
19018	18	1793	3	16	0	1830
19019	19	1790	7	14	0	1830
19020	1804	34	7	12	0	1857
19021	37	13	1775	5	0	1830
19022	16	11	29	1769	0	1825
19023	11	5	5	1798	0	1819
19024	11	1786	10	36	0	1843
19025	15	34	7	1798	0	1854
19026	13	6	7	1770	0	1796
19027	10	1771	6	38	0	1825
19028	1778	36	4	15	0	1833
19029	34	1765	5	13	0	1817
19030	14	27	1742	10	0	1793
19031	1733	11	27	9	0	1780
19032	34	1774	9	12	0	1829
19033	1757	26	6	12	0	1801
19034	33	13	10	1759	0	1815
19035	16	7	4	1773	0	1800
19036	10	6	1740	37	0	1793
19037	12	7	1749	8	0	1776
19038	11	5	31	1774	0	1821
19039	1783	4	8	38	0	1833
19040	1753	1	6	10	0	1770
19041	38	1767	6	12	0	1823
19042	10	1710	4	8	0	1732
19043	9	1684	3	7	0	1703
19044	17	44	9	1619	0	1689
19045	1645	6	7	30	0	1688
19046	1704	1	4	8	0	1717
19047	1700	3	3	5	0	1711
19048	44	2	1616	3	0	1665
19049	9	1895	33	3	0	1940
19050	4	33	8	2084	0	2129
19051	2045	5	3	49	0	2102
19052	54	4	1	2082	0	2141
19053	12	1	1	2174	0	2188
19054	2130	3	1	63	0	2197
19055	2240	1	3	20	0	2264
19056	68	0	2202	5	0	2275
19057	26	1	55	2209	0	2291
19058	9	4	2195	55	0	2263
19059	9	0	57	2186	0	2252
19060	3	5	2172	59	0	2239
19061	8	3	56	2166	0	2233
19062	2129	0	19	63	0	2211
19063	59	2109	5	22	0	2195
19064	18	2217	5	10	0	2250
19065	18	67	3	2001	0	2089
19066	6	2231	3	46	0	2286
19067	2219	60	5	13	0	2297
19068	2221	19	2	7	0	2249
19069	70	6	2147	8	0	2231
19070	19	2132	53	7	0	2211
19071	12	49	19	2166	0	2246
19072	6	14	2169	54	0	2243
19073	2167	5	55	21	0	2248
19074	60	6	17	2183	0	2266
19075	18	7	2176	63	0	2264
19076	11	4	57	2177	0	2249
19077	2171	4	18	67	0	2260
19078	64	4	2160	20	0	2248
19079	2158	4	58	11	0	2231
19080	2224	4	19	9	0	2256
19081	75	8	10	2169	0	2262
19082	25	4	2147	67	0	2243
19083	15	3	2145	18	0	2181
19084	2088	2	68	10	0	2168
19085	2144	5	26	12	0	2187
19086	77	6	2092	12	0	2187
19087	31	7	61	2098	0	2197
19088	16	4	23	2080	0	2123
19089	15	2083	15	68	0	2181
19090	18	57	4	2110	0	2189
19091	2096	19	10	75	0	2200
19092	70	8	6	2112	0	2196
19093	25	4	2078	70	0	2177
19094	2057	5	64	30	0	2156
19095	72	4	21	2061	0	2158
19096	30	7	2024	70	0	2131
19097	11	1995	58	30	0	2094
19098	1972	59	25	20	0	2076
19099	65	2030	14	16	0	2125
19100	2021	70	8	13	0	2112
19101	73	20	1985	19	0	2097
19102	35	1917	57	19	0	2028
19103	20	2044	25	20	0	2109
19104	22	69	16	1982	0	2089
19105	20	25	15	2032	0	2092
19106	22	13	1952	91	0	2078
19107	21	5	68	1981	0	2075
19108	1954	11	30	83	0	2078
19109	73	8	1920	35	0	2036
19110	39	10	66	1915	0	2030
19111	28	9	1891	69	0	1997
19112	1857	8	73	35	0	1973
19113	74	1885	27	21	0	2007
19114	1882	65	18	25	0	1990
19115	1945	28	18	20	0	2011
19116	1971	10	15	28	0	2024
19117	96	8	1854	16	0	1974
19118	39	1851	66	16	0	1972
19119	21	67	26	1877	0	1991
19120	24	23	19	1967	0	2033
19121	1925	12	17	98	0	2052
19122	71	12	21	1952	0	2056
19123	1949	11	12	84	0	2056
19124	1963	12	15	35	0	2025
19125	1978	11	14	31	0	2034
19126	1991	8	20	17	0	2036
19127	103	7	16	1915	0	2041
19128	1924	10	26	72	0	2032
19129	93	15	1839	33	0	1980
19130	1860	11	65	34	0	1970
19131	1925	5	34	20	0	1984
19132	104	10	1819	29	0	1962
19133	1833	6	68	22	0	1929
19134	1898	10	32	15	0	1955
19135	94	6	17	1828	0	1945
19136	56	7	14	1851	0	1928
19137	1766	14	11	89	0	1880
19138	83	7	18	1770	0	1878
19139	51	4	16	1759	0	1830
19140	30	1640	13	87	0	1770
19141	32	38	9	1601	0	1680
19142	1568	17	13	62	0	1660
19143	68	9	9	1553	0	1639
19144	30	9	15	1490	0	1544
19145	30	1402	8	60	0	1500
19146	24	36	9	1337	0	1406
19147	24	14	8	1291	0	1337
19148	1225	10	5	50	0	1290
19149	37	17	5	887	0	946
19150	14	2	721	22	0	759
19151	7	661	14	17	0	699
19152	4	640	9	10	0	663
19153	619	16	4	2	0	641
19154	13	624	1	7	0	645
19155	526	11	8	2	0	547
19156	11	535	0	3	0	549
19157	549	10	0	2	0	561
19158	14	3	1	544	0	562
19159	6	4	2	542	0	554
19160	7	529	0	15	0	551
19161	2	12	1	556	0	571
19162	4	3	552	12	0	571
19163	532	5	10	8	0	555
19164	12	581	4	11	0	608
19165	575	10	7	1	0	593
19166	576	4	0	2	0	582
19167	580	3	2	1	0	586
19168	21	1	1	556	0	579
19169	11	3	0	562	0	576
19170	8	534	0	17	0	559
19171	542	13	0	9	0	564
19172	13	544	1	6	0	564
19173	537	12	0	5	0	554
19174	15	4	528	3	0	550
19175	592	4	9	2	0	607
19176	18	2	4	598	0	622
19177	7	2	589	13	0	611
19178	11	0	579	7	0	597
19179	3	1	18	590	0	612
19180	4	0	596	15	0	615
19181	2	3	16	584	0	605
19182	571	1	9	17	0	598
19183	14	0	6	571	0	591
19184	9	1	557	18	0	585
19185	7	531	12	10	0	560
19186	1	554	7	9	0	571
19187	8	16	4	538	0	566
19188	549	10	1	13	0	573
19189	11	3	1	559	0	574
19190	9	1	1	564	0	575
19191	8	1	0	575	0	584
19192	3	1	1	576	0	581
19193	4	2	564	23	0	593
19194	4	0	560	16	0	580
19195	561	0	17	10	0	588
19196	579	1	11	6	0	597
19197	18	2	4	581	0	605
19198	12	2	4	589	0	607
19199	9	0	569	18	0	596
19200	6	572	10	16	0	604
19201	571	11	7	8	0	597
19202	579	6	6	3	0	594
19203	21	6	1	559	0	587
19204	13	2	568	14	0	597
19205	8	2	10	555	0	575
19206	4	565	7	17	0	593
19207	4	11	567	10	0	592
19208	561	7	12	8	0	588
19209	14	8	6	583	0	611
19210	592	3	5	14	0	614
19211	19	1	573	8	0	601
19212	586	2	11	7	0	606
19213	19	0	6	586	0	611
19214	583	1	7	16	0	607
19215	16	2	3	576	0	597
19216	10	553	3	17	0	583
19217	8	570	1	11	0	590
19218	8	15	0	554	0	577
19219	5	7	526	10	0	548
19220	3	524	10	8	0	545
19221	6	8	3	499	0	516
19222	486	4	5	11	0	506
19223	501	3	3	5	0	512
19224	15	1	1	499	0	516
19225	8	0	1	497	0	506
19226	5	481	3	14	0	503
19227	3	506	0	11	0	520
19228	500	12	0	8	0	520
19229	9	6	1	504	0	520
19230	8	5	3	510	0	526
19231	4	1	506	14	0	525
19232	4	2	9	515	0	530
19233	4	2	5	521	0	532
19234	4	1	4	525	0	534
19235	1	2	526	20	0	549
19236	3	0	9	538	0	550
19237	525	2	5	17	0	549
19238	10	1	515	8	0	534
19239	532	1	10	8	0	551
19240	15	0	5	537	0	557
19241	7	0	7	550	0	564
19242	4	0	3	573	0	580
19243	1	1	561	18	0	581
19244	547	0	9	14	0	570
19245	11	579	5	7	0	602
19246	578	9	4	6	0	597
19247	16	575	4	1	0	596
19248	7	10	2	583	0	602
19249	589	7	0	11	0	607
19250	11	3	573	8	0	595
19251	571	2	9	5	0	587
19252	12	1	584	5	0	602
19253	8	1	13	566	0	588
19254	6	2	559	12	0	579
19255	2	553	11	9	0	575
19256	2	7	15	532	0	556
19257	525	3	6	7	0	541
19258	9	3	1	515	0	528
19259	6	520	2	10	0	538
19260	6	9	1	522	0	538
19261	512	4	0	12	0	528
19262	504	4	0	5	0	513
19263	10	487	1	8	0	506
19264	9	456	0	2	0	467
19265	5	8	4	445	0	462
19266	4	5	0	453	0	462
19267	441	2	0	9	0	452
19268	435	2	1	5	0	443
19269	6	439	0	4	0	449
19270	5	5	0	438	0	448
19271	5	2	1	439	0	447
19272	1	4	437	6	0	448
19273	0	437	4	8	0	449
19274	2	434	2	4	0	442
19275	0	3	2	393	0	398
19276	1	1	391	2	0	395
19277	0	1	385	0	0	386
19278	0	0	2	392	0	394
19279	0	0	1	401	0	402
19280	0	1	403	2	0	406
19281	1	0	2	405	0	408
19282	1	0	410	2	0	413
19283	430	0	2	1	0	433
19284	3	1	0	442	0	446
19285	0	0	453	4	0	457
19286	2	0	451	1	0	454
19287	1	0	4	473	0	478
19288	0	0	521	4	0	525
19289	0	1	518	2	0	521
19290	0	521	7	2	0	530
19291	534	3	3	2	0	542
19292	5	2	552	0	0	559
19293	3	1	4	543	0	551
19294	1	1	2	539	0	543
19295	0	0	2	560	0	562
19296	0	0	557	8	0	565
19297	1	0	5	549	0	555
19298	552	1	2	6	0	561
19299	6	1	2	556	0	565
19300	4	1	551	7	0	563
19301	2	0	5	553	0	560
19302	562	0	3	7	0	572
19303	564	0	4	6	0	574
19304	565	2	0	5	0	572
19305	8	1	1	560	0	570
19306	562	0	2	6	0	570
19307	562	1	2	4	0	569
19308	563	0	1	4	0	568
19309	10	534	3	2	0	549
19310	546	4	1	2	0	553
19311	9	4	3	536	0	552
19312	4	2	533	7	0	546
19313	2	527	5	4	0	538
19314	536	4	3	7	0	550
19315	6	4	2	549	0	561
19316	5	3	1	534	0	543
19317	4	525	4	7	0	540
19318	0	561	1	9	0	571
19319	541	7	1	5	0	554
19320	6	546	1	2	0	555
19321	535	7	2	1	0	545
19322	7	532	1	2	0	542
19323	535	6	2	3	0	546
19324	9	525	0	3	0	537
19325	5	539	1	2	0	547
19326	555	9	1	3	0	568
19327	8	2	556	1	0	567
19328	6	547	4	4	0	561
19329	5	6	4	561	0	576
19330	2	4	1	576	0	583
19331	3	2	1	581	0	587
19332	2	0	0	595	0	597
19333	3	1	594	9	0	607
19334	605	3	4	5	0	617
19335	9	3	2	624	0	638
19336	635	0	2	7	0	644
19337	650	3	0	5	0	658
19338	661	2	1	4	0	668
19339	664	3	1	2	0	670
19340	16	1	651	1	0	669
19341	8	3	8	641	0	660
19342	3	1	625	12	0	641
19343	2	619	12	6	0	639
19344	5	11	8	565	0	589
19345	5	6	2	601	0	614
19346	0	3	4	612	0	619
19347	6	1	1	607	0	615
19348	0	2	589	21	0	612
19349	2	2	9	600	0	613
19350	4	0	6	611	0	621
19351	603	2	0	17	0	622
19352	621	0	2	11	0	634
19353	18	1	4	611	0	634
19354	11	2	1	621	0	635
19355	7	1	2	631	0	641
19356	627	4	0	19	0	650
19357	637	0	2	12	0	651
19358	603	1	1	10	0	615
19359	632	1	3	5	0	641
19360	19	613	0	6	0	638
19361	632	9	2	5	0	648
19362	633	6	0	7	0	646
19363	19	1	0	627	0	647
19364	9	3	1	623	0	636
19365	612	1	3	16	0	632
19366	13	578	1	14	0	606
19367	6	608	0	7	0	621
19368	626	14	1	7	0	648
19369	17	5	0	643	0	665
19370	9	3	0	655	0	667
19371	4	4	0	668	0	676
19372	6	1	1	666	0	674
19373	5	3	0	662	0	670
19374	5	645	3	19	0	672
19375	6	13	0	632	0	651
19376	630	4	1	19	0	654
19377	11	3	1	633	0	648
19378	11	3	0	634	0	648
19379	619	2	2	23	0	646
19380	14	633	3	10	0	660
19381	10	16	0	631	0	657
19382	8	647	0	15	0	670
19383	9	11	1	644	0	665
19384	4	7	625	12	0	648
19385	575	4	10	11	0	600
19386	8	603	8	6	0	625
19387	595	9	1	7	0	612
19388	9	5	581	7	0	602
19389	9	4	6	548	0	567
19390	2	542	4	15	0	563
19391	3	560	2	8	0	573
19392	556	9	5	5	0	575
19393	11	4	0	570	0	585
19394	7	1	579	9	0	596
19395	5	2	6	594	0	607
19396	7	0	588	10	0	605
19397	574	2	8	6	0	590
19398	8	1	600	2	0	611
19399	3	2	5	605	0	615
19400	3	614	5	6	0	628
19401	3	6	2	621	0	632
19402	4	630	0	10	0	644
19403	640	8	0	8	0	656
19404	9	7	0	651	0	667
19405	7	0	655	9	0	671
19406	1	4	638	7	0	650
19407	650	0	10	5	0	665
19408	688	1	2	7	0	698
19409	689	0	2	6	0	697
19410	680	0	2	6	0	688
19411	11	677	2	2	0	692
19412	690	9	0	5	0	704
19413	689	5	1	4	0	699
19414	15	1	669	6	0	691
19415	5	5	7	668	0	685
19416	683	0	3	10	0	696
19417	8	4	661	7	0	680
19418	4	2	8	652	0	666
19419	4	2	659	12	0	677
19420	5	2	7	667	0	681
19421	4	658	5	12	0	679
19422	680	7	1	5	0	693
19423	10	5	663	3	0	681
19424	661	4	5	4	0	674
19425	14	2	3	669	0	688
19426	669	3	1	10	0	683
19427	8	1	2	660	0	671
19428	711	4	3	11	0	729
19429	11	0	685	8	0	704
19430	733	2	9	3	0	747
19431	8	3	4	727	0	742
19432	6	4	0	724	0	734
19433	718	0	2	11	0	731
19434	11	1	2	711	0	725
19435	4	0	701	10	0	715
19436	6	2	5	694	0	707
19437	672	2	1	4	0	679
19438	4	652	1	4	0	661
19439	2	661	1	1	0	665
19440	647	4	1	2	0	654
19441	5	690	0	2	0	697
19442	0	2	0	688	0	690
19443	706	1	0	4	0	711
19444	704	1	0	2	0	707
19445	709	0	1	2	0	712
19446	3	1	703	2	0	709
19447	0	1	2	710	0	713
19448	2	714	1	2	0	719
19449	1	2	0	711	0	714
19450	0	1	733	3	0	737
19451	1	712	3	0	0	716
19452	1	3	0	728	0	732
19453	720	0	0	1	0	721
19454	3	718	0	0	0	721
19455	1	2	749	0	0	752
19456	1	0	2	753	0	756
19457	0	0	746	3	0	749
19458	0	0	3	735	0	738
19459	754	1	0	4	0	759
19460	4	0	0	756	0	760
19461	767	0	0	5	0	772
19462	757	1	1	1	0	760
19463	2	767	1	2	0	772
19464	795	3	1	2	0	801
19465	7	799	0	1	0	807
19466	2	5	839	0	0	846
19467	2	0	7	844	0	853
19468	2	1	1	895	0	899
19469	2	1	856	7	0	866
19470	3	849	7	1	0	860
19471	864	6	1	3	0	874
19472	894	2	1	2	0	899
19473	12	1	1	913	0	927
19474	1	3	1	909	0	914
19475	3	0	1	933	0	937
19476	917	2	2	9	0	930
19477	7	1	900	2	0	910
19478	1	1	889	3	0	894
19479	4	1	7	922	0	934
19480	1	1	893	8	0	903
19481	2	2	898	2	0	904
19482	3	0	7	883	0	893
19483	5	1	900	7	0	913
19484	0	887	10	3	0	900
19485	2	6	1	927	0	936
19486	1	0	934	10	0	945
19487	5	1	9	908	0	923
19488	1	868	3	10	0	882
19489	1	6	4	894	0	905
19490	1	0	897	10	0	908
19491	1	2	9	884	0	896
19492	888	0	3	11	0	902
19493	9	1	891	2	0	903
19494	834	1	9	9	0	853
19495	10	892	3	3	0	908
19496	898	9	1	6	0	914
19497	12	3	2	901	0	918
19498	1	897	2	13	0	913
19499	927	11	2	1	0	941
19500	13	2	1	933	0	949
19501	7	2	926	10	0	945
19502	2	911	12	3	0	928
19503	5	8	1	920	0	934
19504	899	4	2	15	0	920
19505	895	2	1	3	0	901
19506	13	6	2	888	0	909
19507	3	3	878	12	0	896
19508	836	0	12	6	0	854
19509	12	3	870	4	0	889
19510	3	1	15	872	0	891
19511	882	2	2	17	0	903
19512	12	884	2	8	0	906
19513	896	11	1	5	0	913
19514	13	2	876	3	0	894
19515	878	1	11	6	0	896
19516	13	0	6	899	0	918
19517	4	1	2	921	0	928
19518	5	0	911	13	0	929
19519	1	4	13	901	0	919
19520	918	2	2	13	0	935
19521	11	4	3	918	0	936
19522	7	931	3	12	0	953
19523	3	12	2	942	0	959
19524	3	922	3	21	0	949
19525	1	11	930	6	0	948
19526	909	3	12	7	0	931
19527	15	2	3	942	0	962
19528	8	0	885	17	0	910
19529	5	882	13	4	0	904
19530	3	10	2	862	0	877
19531	6	6	2	879	0	893
19532	872	2	1	19	0	894
19533	18	4	5	884	0	911
19534	888	3	2	20	0	913
19535	906	3	4	9	0	922
19536	15	904	4	6	0	929
19537	913	13	5	5	0	936
19538	18	6	3	984	0	1011
19539	10	2	986	19	0	1017
19540	989	2	14	13	0	1018
19541	24	1	7	956	0	988
19542	6	1	950	24	0	981
19543	934	3	17	7	0	961
19544	24	1	3	960	0	988
19545	9	996	4	21	0	1030
19546	9	15	5	967	0	996
19547	5	993	6	18	0	1022
19548	979	18	6	8	0	1011
19549	20	5	1001	4	0	1030
19550	9	988	18	9	0	1024
19551	8	17	8	995	0	1028
19552	5	9	1005	18	0	1037
19553	5	2	977	14	0	998
19554	4	1007	23	2	0	1036
19555	11	22	6	977	0	1016
19556	4	12	2	978	0	996
19557	4	5	2	1176	0	1187
19558	1202	3	7	36	0	1248
19559	30	5	1247	14	0	1296
19560	17	1265	38	10	0	1330
19561	6	34	12	1255	0	1307
19562	6	10	6	1312	0	1334
19563	3	6	1270	49	0	1328
19564	4	4	35	1276	0	1319
19565	6	2	1244	44	0	1296
19566	5	1	1189	18	0	1213
19567	10	3	1202	8	0	1223
19568	9	1	41	1133	0	1184
19569	4	7	12	1188	0	1211
19570	7	3	5	1235	0	1250
19571	1182	2	5	51	0	1240
19572	41	1152	6	13	0	1212
19573	1164	33	6	12	0	1215
19574	1141	11	6	8	0	1166
19575	1183	2	8	8	0	1201
19576	48	1164	3	11	0	1226
19577	1176	37	4	12	0	1229
19578	1192	14	3	10	0	1219
19579	50	6	4	1157	0	1217
19580	21	5	5	1194	0	1225
19581	8	8	5	1214	0	1235
19582	12	3	1154	55	0	1224
19583	1136	5	40	19	0	1200
19584	40	4	16	1152	0	1212
19585	1126	5	5	44	0	1180
19586	40	1117	3	22	0	1182
19587	15	40	6	1133	0	1194
19588	8	10	4	1179	0	1201
19589	1136	3	8	56	0	1203
19590	48	7	3	1137	0	1195
19591	1070	4	6	52	0	1132
19592	1137	6	3	20	0	1166
19593	56	1052	4	14	0	1126
19594	19	1094	7	10	0	1130
19595	9	53	4	1043	0	1109
19596	8	1070	4	45	0	1127
19597	11	39	8	1083	0	1141
19598	8	14	1062	46	0	1130
19599	5	4	1037	23	0	1069
19600	998	6	42	11	0	1057
19601	1040	4	16	10	0	1070
19602	43	1003	9	14	0	1069
19603	1014	42	5	10	0	1071
19604	44	1041	3	12	0	1100
19605	16	41	3	1058	0	1118
19606	9	12	6	1085	0	1112
19607	8	4	7	1090	0	1109
19608	6	8	8	1099	0	1121
19609	1049	6	4	56	0	1115
19610	39	1037	7	25	0	1108
19611	1057	35	2	14	0	1108
19612	1079	15	1	16	0	1111
19613	54	4	1033	11	0	1102
19614	1034	6	36	6	0	1082
19615	47	1027	13	9	0	1096
19616	24	42	5	1020	0	1091
19617	10	16	5	1030	0	1061
19618	10	1008	4	49	0	1071
19619	1025	44	3	19	0	1091
19620	46	12	1011	17	0	1086
19621	998	4	35	19	0	1056
19622	44	3	1000	12	0	1059
19623	24	3	41	1006	0	1074
19624	16	8	16	1035	0	1075
19625	12	9	15	1061	0	1097
19626	1029	13	4	59	0	1105
19627	41	8	1032	35	0	1116
19628	1046	2	38	33	0	1119
19629	1075	6	22	22	0	1125
19630	1085	4	12	24	0	1125
19631	1080	0	19	15	0	1114
19632	59	5	17	1031	0	1112
19633	24	7	1013	46	0	1090
19634	19	14	32	1023	0	1088
19635	14	5	994	52	0	1065
19636	9	8	961	32	0	1010
19637	16	977	37	12	0	1042
19638	18	40	10	878	0	946
19639	20	13	9	919	0	961
19640	19	9	5	824	0	857
19641	21	9	3	920	0	953
19642	898	11	4	45	0	958
19643	933	5	2	17	0	957
19644	58	4	3	884	0	949
19645	18	6	836	53	0	913
19646	12	3	30	870	0	915
19647	9	4	11	900	0	924
19648	6	0	853	57	0	916
19649	18	1	28	841	0	888
19650	837	3	9	48	0	897
19651	857	5	5	20	0	887
19652	852	9	2	12	0	875
19653	44	6	1	829	0	880
19654	808	1	1	44	0	854
19655	821	1	2	17	0	841
19656	47	3	775	17	0	842
19657	8	1	573	6	0	588
19658	7	0	553	4	0	564
19659	481	2	8	2	0	493
19660	7	490	3	1	0	501
19661	485	5	5	0	0	495
19662	7	532	1	0	0	540
19663	4	7	0	541	0	552
19664	1	3	1	561	0	566
19665	1	1	0	566	0	568
19666	0	1	548	10	0	559
19667	523	1	7	5	0	536
19668	6	0	1	548	0	555
19669	3	0	551	7	0	561
19670	2	0	526	2	0	530
19671	519	0	7	3	0	529
19672	5	544	3	3	0	555
19673	531	3	2	0	0	536
19674	537	1	2	0	0	540
19675	5	534	0	0	0	539
19676	525	5	0	0	0	530
19677	5	1	549	0	0	555
19678	4	1	519	0	0	524
19679	2	2	555	0	0	559
19680	3	6	4	550	0	563
19681	1	0	556	2	0	559
19682	539	1	3	0	0	543
19683	554	0	2	0	0	556
19684	4	0	553	1	0	558
19685	0	0	4	557	0	561
19686	563	0	0	4	0	567
19687	3	568	1	2	0	574
19688	1	586	3	0	0	590
19689	591	2	1	3	0	597
19690	4	0	603	1	0	608
19691	1	2	2	598	0	603
19692	2	2	0	599	0	603
19693	3	0	0	605	0	608
19694	2	595	3	1	0	601
19695	0	4	2	560	0	566
19696	626	0	1	2	0	629
19697	4	1	0	637	0	642
19698	0	627	1	2	0	630
19699	645	2	0	1	0	648
19700	4	0	3	641	0	648
19701	1	0	3	676	0	680
19702	723	0	2	6	0	731
19703	722	0	0	5	0	727
19704	6	2	2	723	0	733
19705	734	1	0	8	0	743
19706	745	0	0	1	0	746
19707	8	760	3	3	0	774
19708	769	7	0	4	0	780
19709	11	754	0	1	0	766
19710	1	8	0	770	0	779
19711	2	5	787	7	0	801
19712	6	1	4	789	0	800
19713	2	2	2	795	0	801
19714	1	0	1	844	0	846
19715	829	1	2	12	0	844
19716	10	831	0	6	0	847
19717	866	11	0	6	0	883
19718	12	894	0	8	0	914
19719	937	12	0	3	0	952
19720	942	2	0	4	0	948
19721	953	3	1	2	0	959
19722	945	1	0	3	0	949
19723	17	1	927	4	0	949
19724	4	1	10	931	0	946
19725	8	0	1	955	0	964
19726	5	3	950	15	0	973
19727	902	1	16	8	0	927
19728	18	1	2	932	0	953
19729	8	0	917	17	0	942
19730	5	2	919	2	0	928
19731	7	1	14	939	0	961
19732	4	3	966	17	0	990
19733	6	2	18	936	0	962
19734	4	0	6	948	0	958
19735	1	2	933	21	0	957
19736	913	1	16	9	0	939
19737	21	1	1	935	0	958
19738	6	2	935	20	0	963
19739	9	4	18	939	0	970
19740	944	3	2	19	0	968
19741	18	4	934	7	0	963
19742	921	2	17	5	0	945
19743	960	3	2	6	0	971
19744	26	0	3	953	0	982
19745	12	2	6	946	0	966
19746	9	0	935	19	0	963
19747	6	1	14	932	0	953
19748	9	1	6	843	0	859
19749	8	1	7	947	0	963
19750	5	2	922	22	0	951
19751	896	0	16	13	0	925
19752	940	1	5	10	0	956
19753	950	1	8	5	0	964
19754	967	0	7	8	0	982
19755	22	2	6	966	0	996
19756	959	1	5	24	0	989
19757	974	1	6	9	0	990
19758	763	5	5	21	0	794
19759	964	0	7	9	0	980
19760	24	956	8	9	0	997
19761	972	13	5	15	0	1005
19762	952	2	5	9	0	968
19763	28	929	7	6	0	970
19764	939	18	4	12	0	973
19765	24	1	6	937	0	968
19766	11	3	5	959	0	978
19767	942	3	3	23	0	971
19768	22	901	6	16	0	945
19769	6	908	9	10	0	933
19770	11	15	3	952	0	981
19771	6	2	959	25	0	992
19772	6	4	20	960	0	990
19773	10	1	6	984	0	1001
19774	966	0	5	29	0	1000
19775	982	0	6	11	0	999
19776	25	0	2	978	0	1005
19777	13	4	964	21	0	1002
19778	14	2	20	978	0	1014
19779	1002	1	2	29	0	1034
19780	24	0	1029	7	0	1060
19781	12	1034	22	8	0	1076
19782	1058	14	4	9	0	1085
19783	29	2	6	1057	0	1094
19784	13	4	5	1070	0	1092
19785	11	2	3	1098	0	1114
19786	13	2	1042	25	0	1082
19787	977	4	18	13	0	1012
19788	29	0	1008	7	0	1044
19789	12	1019	21	9	0	1061
19790	10	22	8	1041	0	1081
19791	16	5	3	1066	0	1090
19792	4	4	6	1125	0	1139
19793	8	4	1087	32	0	1131
19794	9	3	1044	19	0	1075
19795	5	3	1095	12	0	1115
19796	8	1095	26	10	0	1139
19797	11	21	9	1117	0	1158
19798	1131	5	7	23	0	1166
19799	1174	5	4	12	0	1195
19800	34	7	1178	11	0	1230
19801	17	1181	26	10	0	1234
19802	8	21	1140	9	0	1178
19803	7	1194	23	16	0	1240
19804	1162	24	12	8	0	1206
19805	1166	16	2	7	0	1191
19806	37	1145	4	6	0	1192
19807	1134	25	4	12	0	1175
19808	30	11	9	1125	0	1175
19809	15	3	6	1163	0	1187
19810	1134	4	9	41	0	1188
19811	1111	7	6	14	0	1138
19812	1135	7	2	9	0	1153
19813	47	1068	4	9	0	1128
19814	23	1095	3	7	0	1128
19815	1100	33	3	9	0	1145
19816	38	14	1078	6	0	1136
19817	17	11	26	1041	0	1095
19818	1012	7	13	24	0	1056
19819	33	960	5	14	0	1012
19820	19	1014	3	9	0	1045
19821	1021	31	1	9	0	1062
19822	26	18	988	6	0	1038
19823	980	11	19	4	0	1014
19824	28	5	967	6	0	1006
19825	14	5	959	9	0	987
19826	10	9	28	989	0	1036
19827	13	6	1022	17	0	1058
19828	985	10	22	13	0	1030
19829	1028	7	17	4	0	1056
19830	1044	3	4	12	0	1063
19831	1043	4	9	5	0	1061
19832	36	4	4	999	0	1043
19833	1000	3	11	20	0	1034
19834	26	973	6	19	0	1024
19835	18	17	9	950	0	994
19836	11	998	5	17	0	1031
19837	1047	19	2	13	0	1081
19838	1060	13	5	6	0	1084
19839	39	6	3	1043	0	1091
19840	1057	3	7	26	0	1093
19841	1072	5	6	15	0	1098
19842	30	5	6	1057	0	1098
19843	22	6	3	1054	0	1085
19844	12	6	4	1078	0	1100
19845	18	7	1030	31	0	1086
19846	16	4	982	18	0	1020
19847	9	4	1032	12	0	1057
19848	14	2	27	1061	0	1104
19849	10	5	1074	21	0	1110
19850	8	4	24	1065	0	1101
19851	13	7	1153	24	0	1197
19852	10	5	1104	23	0	1142
19853	1091	8	30	8	0	1137
19854	24	1119	15	13	0	1171
19855	1154	16	13	10	0	1193
19856	25	9	8	1144	0	1186
19857	20	2	10	1160	0	1192
19858	6	8	1153	30	0	1197
19859	10	1137	22	21	0	1190
19860	10	21	24	1168	0	1223
19861	11	15	1175	24	0	1225
19862	13	1147	24	12	0	1196
19863	10	18	15	1169	0	1212
19864	1168	9	5	26	0	1208
19865	1162	4	8	23	0	1197
19866	30	7	2	1167	0	1206
19867	1176	6	7	22	0	1211
19868	23	1179	6	16	0	1224
19869	16	18	7	1184	0	1225
19870	7	18	1191	19	0	1235
19871	13	5	20	1216	0	1254
19872	8	6	1210	25	0	1249
19873	1194	1	14	22	0	1231
19874	24	7	17	1215	0	1263
19875	21	1211	2	26	0	1260
19876	14	19	6	1272	0	1311
19877	6	14	1234	27	0	1281
19878	11	0	1195	19	0	1225
19879	5	7	1180	9	0	1201
19880	1151	3	25	11	0	1190
19881	22	1172	13	6	0	1213
19882	18	16	5	1168	0	1207
19883	1174	13	10	20	0	1217
19884	19	1161	6	21	0	1207
19885	1218	16	12	11	0	1257
19886	1237	12	8	10	0	1267
19887	1265	3	12	7	0	1287
19888	1290	6	4	6	0	1306
19889	34	4	1245	4	0	1287
19890	1213	6	16	7	0	1242
19891	26	1	1222	8	0	1257
19892	1173	6	12	1	0	1192
19893	23	3	8	1206	0	1240
19894	19	5	1174	14	0	1212
19895	10	1159	13	11	0	1193
19896	15	29	7	1135	0	1186
19897	6	1145	5	12	0	1168
19898	7	1157	6	9	0	1179
19899	1092	9	5	5	0	1111
19900	8	4	1079	5	0	1096
19901	4	1034	5	1	0	1044
19902	1021	7	12	2	0	1042
19903	5	1036	0	3	0	1044
19904	1067	5	0	0	0	1072
19905	4	5	0	1058	0	1067
19906	1074	0	2	4	0	1080
19907	3	2	2	1063	0	1070
19908	1072	1	3	5	0	1081
19909	6	1	2	1062	0	1071
19910	4	1088	1	4	0	1097
19911	2	3	2	1133	0	1140
19912	1134	1	1	7	0	1143
19913	5	1109	1	4	0	1119
19914	2	5	1	1133	0	1141
19915	1137	1	1	7	0	1146
19916	5	0	4	1138	0	1147
19917	4	2	2	1144	0	1152
19918	0	1	1146	7	0	1154
19919	8	0	1100	1	0	1109
19920	2	3	4	1111	0	1120
19921	4	2	1169	9	0	1184
19922	4	1	6	1175	0	1186
19923	4	3	9	1038	0	1054
19924	1	2	3	1179	0	1185
19925	1	1	1174	8	0	1184
19926	5	3	6	1106	0	1120
19927	4	3	2	1137	0	1146
19928	5	1152	3	6	0	1166
19929	4	3	3	1178	0	1188
19930	1185	4	2	8	0	1199
19931	10	1	0	1208	0	1219
19932	5	4	1422	7	0	1438
19933	1372	2	22	7	0	1403
19934	23	1523	15	5	0	1566
19935	18	21	11	1547	0	1597
19936	12	15	1513	22	0	1562
19937	1445	12	21	21	0	1499
19938	28	1512	16	11	0	1567
19939	1532	24	14	7	0	1577
19940	35	16	5	1514	0	1570
19941	1515	14	5	24	0	1558
19942	34	5	1486	19	0	1544
19943	24	1440	24	12	0	1500
19944	17	1568	17	5	0	1607
19945	1599	31	12	10	0	1652
19946	1612	26	5	6	0	1649
19947	41	11	1586	5	0	1643
19948	1567	7	20	1	0	1595
19949	1604	6	18	3	0	1631
19950	1608	4	12	4	0	1628
19951	53	1484	3	3	0	1543
19952	34	1517	4	3	0	1558
19953	1534	32	2	4	0	1572
19954	1536	26	4	3	0	1569
19955	43	1541	2	3	0	1589
19956	29	24	1	1537	0	1591
19957	15	18	1533	22	0	1588
19958	1512	12	24	23	0	1571
19959	1405	9	18	27	0	1459
19960	1604	2	13	10	0	1629
19961	46	1551	3	4	0	1604
19962	26	27	1539	6	0	1598
19963	1608	15	23	8	0	1654
19964	28	11	19	1617	0	1675
19965	21	4	13	1623	0	1661
19966	16	6	4	1668	0	1694
19967	8	4	1619	51	0	1682
19968	10	3	23	1617	0	1653
19969	9	2	1615	39	0	1665
19970	3	1538	31	23	0	1595
19971	1515	24	18	18	0	1575
19972	23	1518	14	4	0	1559
19973	17	1531	4	3	0	1555
19974	1542	34	5	4	0	1585
19975	25	1574	3	4	0	1606
19976	22	31	1	1551	0	1605
19977	16	1551	3	18	0	1588
19978	1534	35	1	14	0	1584
19979	27	1562	1	12	0	1602
19980	22	37	3	1575	0	1637
19981	14	22	1577	26	0	1639
19982	7	18	25	1603	0	1653
19983	5	1593	17	36	0	1651
19984	8	26	12	1636	0	1682
19985	8	18	6	1604	0	1636
19986	8	10	4	1560	0	1582
19987	3	6	4	1608	0	1621
19988	7	5	3	1617	0	1632
19989	5	3	2	1623	0	1633
19990	4	3	1558	67	0	1632
19991	1530	2	34	43	0	1609
19992	39	3	22	1635	0	1699
19993	22	3	1606	49	0	1680
19994	17	3	1621	31	0	1672
19995	8	3	59	1656	0	1726
19996	1650	7	32	47	0	1736
19997	45	6	1610	21	0	1682
19998	1603	5	41	26	0	1675
19999	55	6	1656	8	0	1725
20000	34	5	53	1651	0	1743
20001	23	8	25	1710	0	1766
20002	14	7	1685	58	0	1764
20003	1572	11	41	39	0	1663
20004	52	2	23	1640	0	1717
20005	24	9	1649	44	0	1726
20006	26	4	1648	27	0	1705
20007	11	13	60	1579	0	1663
20008	12	1617	37	39	0	1705
20009	1675	41	19	20	0	1755
20010	1689	25	10	18	0	1742
20011	69	19	1650	9	0	1747
20012	42	6	42	1648	0	1738
20013	1681	10	22	51	0	1764
20014	57	9	1638	32	0	1736
20015	1629	6	48	24	0	1707
20016	65	1596	31	10	0	1702
20017	35	42	19	1678	0	1774
20018	30	26	8	1714	0	1778
20019	1761	15	7	71	0	1854
20020	51	8	12	1783	0	1854
20021	34	4	7	1765	0	1810
20022	23	4	8	1792	0	1827
20023	1717	2	5	87	0	1811
20024	52	7	1706	45	0	1810
20025	1716	2	56	30	0	1804
20026	1748	4	24	18	0	1794
20027	1774	3	22	20	0	1819
20028	89	17	8	1708	0	1822
20029	47	2	1712	60	0	1821
20030	28	1638	52	33	0	1751
20031	17	1677	26	32	0	1752
20032	6	1552	12	18	0	1588
20033	7	46	1549	11	0	1613
20034	10	15	40	1782	0	1847
20035	1826	6	12	62	0	1906
20036	1942	2	9	39	0	1992
20037	79	0	7	1979	0	2065
20038	43	2	1936	68	0	2049
20039	26	4	1931	32	0	1993
20040	20	2	81	1985	0	2088
20041	12	4	2004	70	0	2090
20042	12	2	76	2021	0	2111
20043	11	1	34	2039	0	2085
20044	6	1947	25	94	0	2072
20045	10	57	21	1990	0	2078
20046	10	29	8	2063	0	2110
20047	1986	13	12	100	0	2111
20048	68	7	11	2032	0	2118
20049	38	0	10	2052	0	2100
20050	1977	4	10	95	0	2086
20051	67	1949	10	54	0	2080
20052	1978	56	3	44	0	2081
20053	77	31	1933	22	0	2063
20054	1960	14	67	16	0	2057
20055	1977	11	35	23	0	2046
20056	102	5	1900	14	0	2021
20057	47	8	1896	18	0	1969
20058	40	4	91	1832	0	1967
20059	1825	8	47	66	0	1946
20060	72	5	1805	43	0	1925
20061	45	1	69	1814	0	1929
20062	30	2	1807	76	0	1915
20063	19	4	81	1793	0	1897
20064	14	6	42	1829	0	1891
20065	1767	2	23	106	0	1898
20066	1769	6	25	54	0	1854
20067	1847	6	9	39	0	1901
20068	98	5	1766	35	0	1904
20069	59	7	1783	22	0	1871
20070	41	2	83	1773	0	1899
20071	31	6	47	1824	0	1908
20072	25	5	23	1865	0	1918
20073	1772	3	15	115	0	1905
20074	76	1735	11	57	0	1879
20075	1751	53	20	25	0	1849
20076	1709	35	14	23	0	1781
20077	102	1601	13	69	0	1785
20078	46	1701	15	25	0	1787
20079	1714	70	9	24	0	1817
20080	70	47	12	1628	0	1757
20081	51	1622	11	79	0	1763
20082	49	55	16	1658	0	1778
20083	34	33	1607	89	0	1763
20084	21	19	70	1641	0	1751
20085	1612	9	55	87	0	1763
20086	58	8	1604	65	0	1735
20087	48	8	1594	38	0	1688
20088	28	30	88	1496	0	1642
20089	22	1455	50	73	0	1600
20090	14	1478	28	60	0	1580
20091	21	1574	14	48	0	1657
20092	1500	73	10	51	0	1634
20093	1512	45	11	40	0	1608
20094	1472	21	8	34	0	1535
20095	91	1447	8	40	0	1586
20096	1506	51	10	30	0	1597
20097	1493	40	11	23	0	1567
20098	96	28	1420	20	0	1564
20099	69	1411	55	13	0	1548
20100	49	45	42	1403	0	1539
20101	1405	39	29	54	0	1527
20102	70	20	1372	43	0	1505
20103	54	12	61	1336	0	1463
20104	32	1351	46	75	0	1504
20105	36	49	30	1384	0	1499
20106	26	27	29	1396	0	1478
20107	1373	15	23	101	0	1512
20108	1400	13	28	66	0	1507
20109	86	8	25	1407	0	1526
20110	57	11	1317	76	0	1461
20111	45	12	1308	53	0	1418
20112	1350	6	62	32	0	1450
20113	79	4	1367	23	0	1473
20114	58	11	67	1204	0	1340
20115	33	1244	53	50	0	1380
20116	1254	32	34	48	0	1368
20117	48	1250	32	42	0	1372
20118	1270	48	15	46	0	1379
20119	67	37	13	1248	0	1365
20120	62	24	11	1260	0	1357
20121	1252	28	6	74	0	1360
20122	1295	14	10	48	0	1367
20123	91	16	10	1253	0	1370
20124	67	24	8	1261	0	1360
20125	44	21	1193	77	0	1335
20126	26	17	1193	53	0	1289
20127	1185	13	68	46	0	1312
20128	58	13	1130	41	0	1242
20129	1140	11	52	36	0	1239
20130	1147	5	54	35	0	1241
20131	72	6	1104	30	0	1212
20132	56	1003	46	21	0	1126
20133	41	1007	46	17	0	1111
20134	22	18	728	8	0	776
20135	23	44	35	640	0	742
20136	605	13	21	22	0	661
20137	590	3	4	7	0	604
20138	635	5	5	4	0	649
20139	719	3	1	10	0	733
20140	721	2	3	5	0	731
20141	24	731	4	5	0	764
20142	707	12	3	4	0	726
20143	16	685	4	2	0	707
20144	679	13	1	1	0	694
20145	16	5	654	0	0	675
20146	8	1	14	634	0	657
20147	4	1	4	620	0	629
20148	4	620	0	15	0	639
20149	632	15	1	6	0	654
20150	648	4	0	1	0	653
20151	16	5	0	632	0	653
20152	7	0	0	644	0	651
20153	646	0	1	17	0	664
20154	14	7	0	641	0	662
20155	4	0	0	661	0	665
20156	648	2	0	18	0	668
20157	17	0	0	648	0	665
20158	657	0	0	16	0	673
20159	662	0	0	8	0	670
20160	17	0	657	3	0	677
20161	668	0	11	1	0	680
20162	668	0	4	2	0	674
20163	674	0	1	2	0	677
20164	20	1	634	2	0	657
20165	8	0	13	642	0	663
20166	6	0	3	649	0	658
20167	5	0	628	15	0	648
20168	617	1	16	6	0	640
20169	16	1	4	610	0	631
20170	6	1	607	13	0	627
20171	4	0	621	6	0	631
20172	4	1	18	620	0	643
20173	7	0	635	15	0	657
20174	4	1	13	634	0	652
20175	4	1	6	652	0	663
20176	4	1	645	19	0	669
20177	3	1	12	639	0	655
20178	1	621	7	20	0	649
20179	3	657	3	6	0	669
20180	649	18	3	4	0	674
20181	656	3	5	2	0	666
20182	17	633	1	7	0	658
20183	648	15	1	4	0	668
20184	662	7	2	4	0	675
20185	23	3	0	649	0	675
20186	11	3	0	665	0	679
20187	665	5	0	19	0	689
20188	21	638	1	13	0	673
20189	11	657	0	5	0	673
20190	5	19	0	661	0	685
20191	5	6	657	15	0	683
20192	656	2	15	8	0	681
20193	680	1	4	8	0	693
20194	661	2	1	5	0	669
20195	23	662	4	3	0	692
20196	12	14	4	666	0	696
20197	8	6	1	682	0	697
20198	659	2	2	23	0	686
20199	23	662	4	5	0	694
20200	12	16	1	662	0	691
20201	8	5	3	673	0	689
20202	11	4	2	678	0	695
20203	673	6	3	24	0	706
20204	21	666	4	13	0	704
20205	9	16	1	661	0	687
20206	6	664	3	24	0	697
20207	658	17	6	7	0	688
20208	19	5	652	11	0	687
20209	637	4	15	12	0	668
20210	19	6	628	9	0	662
20211	20	6	16	599	0	641
20212	602	3	6	19	0	630
20213	21	2	586	9	0	618
20214	601	4	17	5	0	627
20215	616	3	3	10	0	632
20216	619	1	5	8	0	633
20217	25	1	4	601	0	631
20218	13	1	3	599	0	616
20219	12	2	4	607	0	625
20220	592	1	1	23	0	617
20221	20	585	4	12	0	621
20222	595	12	5	8	0	620
20223	606	4	3	10	0	623
20224	26	3	577	6	0	612
20225	583	4	14	5	0	606
20226	591	4	3	10	0	608
20227	23	1	5	582	0	611
20228	10	2	4	587	0	603
20229	11	3	5	592	0	611
20230	569	3	5	17	0	594
20231	563	0	2	13	0	578
20232	543	1	5	10	0	559
20233	15	514	4	11	0	544
20234	6	476	4	4	0	490
20235	5	483	2	6	0	496
20236	484	11	2	7	0	504
20237	14	6	471	5	0	496
20238	4	3	400	4	0	411
20239	306	3	7	2	0	318
20240	10	1	328	1	0	340
20241	2	1	8	285	0	296
20242	1	278	4	7	0	290
20243	295	2	3	1	0	301
20244	296	0	1	1	0	298
20245	281	1	12	3	0	297
20246	3	2	1	311	0	317
20247	3	1	319	5	0	328
20248	3	0	313	2	0	318
20249	310	2	2	2	0	316
20250	322	1	0	4	0	327
20251	321	0	2	2	0	325
20252	3	3	2	325	0	333
20253	6	0	1	320	0	327
20254	5	1	318	2	0	326
20255	318	0	3	2	0	323
20256	3	1	1	328	0	333
20257	2	0	0	331	0	333
20258	1	5	2	327	0	335
20259	4	330	2	2	0	338
20260	3	3	1	326	0	333
20261	1	1	0	330	0	332
20262	325	1	0	7	0	333
20263	4	2	319	1	0	326
20264	307	1	3	2	0	313
20265	323	1	1	5	0	330
20266	6	0	1	322	0	329
20267	1	1	3	327	0	332
20268	326	0	2	4	0	332
20269	7	1	315	1	0	324
20270	3	313	3	3	0	322
20271	4	3	0	309	0	316
20272	316	0	0	2	0	318
20273	4	0	2	298	0	304
20274	0	2	293	5	0	300
20275	1	0	292	5	0	298
20276	298	0	2	2	0	302
20277	4	1	0	312	0	317
20278	2	1	305	3	0	311
20279	311	1	3	1	0	316
20280	327	1	1	0	0	329
20281	4	1	1	323	0	329
20282	5	0	2	318	0	325
20283	3	314	1	3	0	321
20284	329	3	1	2	0	335
20285	3	1	0	333	0	337
20286	4	0	1	328	0	333
20287	3	2	320	3	0	328
20288	308	1	2	0	0	311
20289	323	1	0	2	0	326
20290	3	312	1	2	0	318
20291	0	1	301	0	0	302
20292	3	1	301	0	0	305
20293	1	1	2	296	0	300
20294	308	0	1	1	0	310
20295	2	0	1	306	0	309
20296	311	0	0	1	0	312
20297	312	0	1	1	0	314
20298	320	1	0	1	0	322
20299	2	1	0	319	0	322
20300	2	0	0	321	0	323
20301	331	0	0	1	0	332
20302	2	0	336	1	0	339
20303	308	0	0	2	0	310
20304	307	0	0	1	0	308
20305	0	0	320	0	0	320
20306	0	0	319	0	0	319
20307	0	318	0	0	0	318
20308	0	0	0	328	0	328
20309	326	2	0	0	0	328
20310	0	0	0	335	0	335
20311	0	0	344	0	0	344
20312	0	322	0	0	0	322
20313	0	340	1	0	0	341
20314	0	0	0	369	0	369
20315	0	0	0	366	0	366
20316	0	368	0	0	0	368
20317	1	0	376	0	0	377
20318	360	0	0	0	0	360
20319	386	0	0	2	0	388
20320	1	387	0	0	0	388
20321	378	1	0	1	0	380
20322	1	0	0	370	0	371
20323	373	0	0	2	0	375
20324	1	0	0	384	0	385
20325	0	440	0	1	0	441
20326	0	2	453	0	0	455
20327	0	0	2	511	0	513
20328	0	0	0	493	0	493
20329	1	0	0	532	0	533
20330	545	0	0	5	0	550
20331	3	0	0	549	0	552
20332	3	0	570	4	0	577
20333	0	0	571	3	0	574
20334	596	0	9	1	0	606
20335	7	0	594	1	0	602
20336	605	1	6	0	0	612
20337	6	0	5	625	0	636
20338	5	0	0	631	0	636
20339	0	0	0	670	0	670
20340	0	0	0	660	0	660
20341	648	0	0	12	0	660
20342	7	1	658	4	0	670
20343	6	0	8	640	0	654
20344	0	670	5	7	0	682
20345	680	7	0	4	0	691
20346	7	4	1	659	0	671
20347	653	0	0	9	0	662
20348	7	0	644	6	0	657
20349	5	0	8	621	0	634
20350	0	641	5	8	0	654
20351	654	7	0	4	0	665
20352	8	4	641	1	0	654
20353	6	0	8	633	0	647
20354	0	0	4	657	0	661
20355	648	0	0	13	0	661
20356	11	0	632	6	0	649
20357	4	0	639	2	0	645
20358	2	0	12	637	0	651
20359	1	1	658	9	0	669
20360	1	0	658	7	0	666
20361	2	2	12	667	0	683
20362	3	0	5	690	0	698
20363	3	2	2	720	0	727
20364	708	0	3	22	0	733
20365	15	708	2	8	0	733
20366	718	13	2	5	0	738
20367	16	5	2	709	0	732
20368	8	710	2	17	0	737
20369	1	13	3	734	0	751
20370	764	4	2	19	0	789
20371	14	778	5	9	0	806
20372	9	11	3	802	0	825
20373	2	4	808	20	0	834
20374	819	0	17	9	0	845
20375	17	3	6	808	0	834
20376	7	2	1	837	0	847
20377	4	2	808	26	0	840
20378	6	1	794	16	0	817
20379	786	2	20	10	0	818
20380	20	793	8	10	0	831
20381	11	17	6	803	0	837
20382	804	9	4	21	0	838
20383	22	3	800	8	0	833
20384	9	789	18	6	0	822
20385	8	16	7	797	0	828
20386	815	7	4	23	0	849
20387	788	2	7	12	0	809
20388	815	5	7	5	0	832
20389	22	797	8	6	0	833
20390	11	17	799	7	0	834
20391	9	5	15	811	0	840
20392	9	1	12	682	0	704
20393	6	2	4	830	0	842
20394	4	1	6	834	0	845
20395	809	4	5	28	0	846
20396	817	1	6	14	0	838
20397	24	3	794	8	0	829
20398	7	2	776	10	0	795
20399	786	2	21	12	0	821
20400	802	1	8	9	0	820
20401	27	3	7	778	0	815
20402	12	770	6	21	0	809
20403	776	18	5	13	0	812
20404	24	750	3	8	0	785
20405	11	765	4	11	0	791
20406	6	22	3	796	0	827
20407	9	6	1	826	0	842
20408	5	5	4	817	0	831
20409	6	6	3	821	0	836
20410	5	4	796	30	0	835
20411	779	4	17	11	0	811
20412	805	3	7	13	0	828
20413	28	4	3	787	0	822
20414	11	5	7	780	0	803
20415	770	2	7	25	0	804
20416	21	6	699	9	0	735
20417	745	4	13	9	0	771
20418	748	4	9	12	0	773
20419	29	3	720	11	0	763
20420	750	3	21	6	0	780
20421	26	4	11	753	0	794
20422	14	4	6	771	0	795
20423	9	2	7	770	0	788
20424	11	1	6	760	0	778
20425	694	2	2	25	0	723
20426	20	1	4	677	0	702
20427	10	2	2	619	0	633
20428	3	571	3	23	0	600
20429	5	598	3	11	0	617
20430	5	11	2	584	0	602
20431	576	2	0	16	0	594
20432	14	5	0	540	0	559
20433	1	2	520	13	0	536
20434	4	1	472	4	0	481
20435	486	1	11	4	0	502
20436	10	485	2	6	0	503
20437	462	10	2	3	0	477
20438	12	0	473	2	0	487
20439	6	11	8	452	0	477
20440	456	2	4	8	0	470
20441	11	459	0	1	0	471
20442	445	9	4	1	0	459
20443	11	1	476	2	0	490
20444	3	2	9	475	0	489
20445	2	3	0	507	0	512
20446	527	2	0	13	0	542
20447	530	3	3	3	0	539
20448	548	2	1	3	0	554
20449	541	0	1	5	0	547
20450	552	0	0	3	0	555
20451	13	537	0	4	0	554
20452	6	9	0	549	0	564
20453	564	0	2	8	0	574
20454	16	0	0	549	0	565
20455	5	2	0	557	0	564
20456	2	1	0	556	0	559
20457	3	535	0	10	0	548
20458	548	6	0	5	0	559
20459	8	1	2	535	0	546
20460	510	0	0	10	0	520
20461	510	3	0	3	0	516
20462	9	482	1	1	0	493
20463	488	4	0	4	0	496
20464	6	2	467	4	0	479
20465	476	0	4	4	0	484
20466	5	2	1	486	0	494
20467	4	1	487	5	0	497
20468	4	478	4	1	0	487
20469	4	2	481	2	0	489
20470	1	438	3	2	0	444
20471	415	9	6	2	0	432
20472	404	1	1	1	0	407
20473	404	0	0	1	0	405
20474	3	395	0	0	0	398
20475	398	2	0	0	0	400
20476	2	1	388	0	0	391
20477	1	1	382	0	0	384
20478	0	0	1	385	0	386
20479	1	0	0	408	0	409
20480	0	402	0	5	0	407
20481	408	2	0	2	0	412
20482	2	2	0	405	0	409
20483	2	407	0	1	0	410
20484	0	1	0	421	0	422
20485	417	2	0	2	0	421
20486	400	0	0	2	0	402
20487	4	0	383	0	0	387
20488	3	0	3	387	0	393
20489	0	4	377	3	0	384
20490	0	1	2	396	0	399
20491	1	0	393	3	0	397
20492	0	0	3	396	0	399
20493	0	1	395	3	0	399
20494	0	0	3	393	0	396
20495	1	0	402	3	0	406
20496	1	1	3	396	0	401
20497	0	0	3	416	0	419
20498	0	402	0	6	0	408
20499	0	3	1	432	0	436
20500	0	1	423	4	0	428
20501	1	0	4	423	0	428
20502	1	0	2	423	0	426
20503	428	0	1	6	0	435
20504	3	0	0	439	0	442
20505	3	0	1	427	0	431
20506	0	0	403	7	0	410
20507	389	0	3	3	0	395
20508	4	1	1	406	0	412
20509	2	0	0	413	0	415
20510	1	0	1	412	0	414
20511	410	0	0	7	0	417
20512	5	0	0	417	0	422
20513	3	0	0	418	0	421
20514	410	0	0	9	0	419
20515	3	408	0	6	0	417
20516	2	3	1	411	0	417
20517	2	1	0	413	0	416
20518	1	0	402	7	0	410
20519	366	0	4	4	0	374
20520	4	0	4	397	0	405
20521	3	0	376	4	0	383
20522	387	0	3	5	0	395
20523	4	0	3	400	0	407
20524	3	0	0	422	0	425
20525	0	1	1	420	0	422
20526	0	0	0	437	0	437
20527	0	0	468	9	0	477
20528	0	0	8	473	0	481
20529	1	0	3	606	0	610
20530	1	1	693	16	0	711
20531	710	0	18	9	0	737
20532	757	0	6	5	0	768
20533	757	0	6	6	0	769
20534	31	0	3	743	0	777
20535	758	0	1	18	0	777
20536	779	0	0	10	0	789
20537	31	0	1	758	0	790
20538	746	0	1	22	0	769
20539	756	0	0	13	0	769
20540	753	0	1	9	0	763
20541	760	0	0	4	0	764
20542	36	1	0	715	0	752
20543	20	669	0	21	0	710
20544	11	671	2	11	0	695
20545	10	685	2	8	0	705
20546	648	26	0	5	0	679
20547	673	13	0	5	0	691
20548	25	13	643	3	0	684
20549	664	5	17	4	0	690
20550	32	3	7	665	0	707
20551	21	1	7	683	0	712
20552	13	1	5	697	0	716
20553	662	2	3	31	0	698
20554	29	1	0	670	0	700
20555	12	644	0	34	0	690
20556	11	17	2	670	0	700
20557	10	9	662	28	0	709
20558	7	9	19	684	0	719
20559	685	5	8	29	0	727
20560	23	4	679	16	0	722
20561	16	0	21	688	0	725
20562	11	1	12	702	0	726
20563	10	3	5	700	0	718
20564	8	676	3	34	0	721
20565	5	21	4	707	0	737
20566	697	8	2	39	0	746
20567	707	7	1	15	0	730
20568	31	4	671	15	0	721
20569	19	5	685	9	0	718
20570	13	2	27	686	0	728
20571	13	2	13	701	0	729
20572	7	2	691	32	0	732
20573	8	1	23	660	0	692
20574	5	678	9	33	0	725
20575	703	21	8	15	0	747
20576	713	7	4	19	0	743
20577	714	8	6	9	0	737
20578	38	6	690	11	0	745
20579	22	8	20	700	0	750
20580	20	2	699	25	0	746
20581	694	2	25	11	0	732
20582	27	694	13	13	0	747
20583	10	19	13	688	0	730
20584	691	8	5	32	0	736
20585	33	7	4	691	0	735
20586	19	7	5	726	0	757
20587	13	5	691	38	0	747
20588	688	3	21	21	0	733
20589	29	715	8	16	0	768
20590	13	21	8	720	0	762
20591	721	8	6	29	0	764
20592	30	7	6	722	0	765
20593	716	4	4	33	0	757
20594	30	714	5	17	0	766
20595	729	23	3	13	0	768
20596	38	9	732	8	0	787
20597	741	9	19	13	0	782
20598	746	6	8	6	0	766
20599	751	4	9	8	0	772
20600	40	5	6	717	0	768
20601	27	1	8	688	0	724
20602	24	2	3	727	0	756
20603	14	695	2	40	0	751
20604	701	21	2	24	0	748
20605	26	5	4	709	0	744
20606	11	7	2	722	0	742
20607	13	5	2	726	0	746
20608	699	8	3	38	0	748
20609	29	3	1	716	0	749
20610	12	2	686	41	0	741
20611	15	686	19	18	0	738
20612	14	20	7	699	0	740
20613	11	6	8	719	0	744
20614	5	8	5	728	0	746
20615	5	6	691	40	0	742
20616	5	6	704	23	0	738
20617	8	2	27	714	0	751
20618	8	3	738	33	0	782
20619	7	4	24	751	0	786
20620	752	1	14	40	0	807
20621	796	0	12	22	0	830
20622	800	1	5	20	0	826
20623	39	3	756	10	0	808
20624	750	1	22	11	0	784
20625	39	5	10	758	0	812
20626	20	2	754	27	0	803
20627	15	3	712	16	0	746
20628	8	704	25	17	0	754
20629	7	597	10	6	0	620
20630	489	10	25	6	0	530
20631	10	2	4	482	0	498
20632	4	1	489	12	0	506
20633	3	0	8	490	0	501
20634	487	3	3	13	0	506
20635	11	0	522	5	0	538
20636	525	0	12	3	0	540
20637	556	0	4	4	0	564
20638	550	0	3	2	0	555
20639	16	536	0	1	0	553
20640	562	10	1	3	0	576
20641	16	3	3	560	0	582
20642	8	1	1	565	0	575
20643	7	1	1	570	0	579
20644	4	2	0	568	0	574
20645	549	0	2	20	0	571
20646	10	538	1	8	0	557
20647	3	508	2	5	0	518
20648	2	543	0	3	0	548
20649	543	12	0	3	0	558
20650	543	4	2	4	0	553
20651	547	2	1	4	0	554
20652	544	0	0	4	0	548
20653	19	2	1	534	0	556
20654	5	2	1	552	0	560
20655	540	1	1	14	0	556
20656	14	533	0	4	0	551
20657	523	9	0	4	0	536
20658	532	3	0	5	0	540
20659	15	2	1	524	0	542
20660	6	519	2	14	0	541
20661	3	13	2	534	0	552
20662	531	2	1	16	0	550
20663	13	4	537	3	0	557
20664	5	0	8	534	0	547
20665	7	540	1	9	0	557
20666	549	10	2	3	0	564
20667	551	3	0	2	0	556
20668	12	2	549	3	0	566
20669	7	525	10	3	0	545
20670	3	10	553	2	0	568
20671	0	5	9	548	0	562
20672	1	5	545	6	0	557
20673	2	1	534	2	0	539
20674	1	531	8	2	0	542
20675	545	8	3	1	0	557
20676	557	3	0	2	0	562
20677	9	567	2	2	0	580
20678	5	566	2	3	0	576
20679	3	8	556	1	0	568
20680	1	4	540	3	0	548
20681	1	3	569	1	0	574
20682	4	0	7	576	0	587
20683	1	1	581	7	0	590
20684	2	2	6	559	0	569
20685	3	1	1	561	0	566
20686	0	0	561	10	0	571
20687	2	550	8	2	0	562
20688	0	5	2	544	0	551
20689	545	2	1	7	0	555
20690	7	2	2	545	0	556
20691	3	0	549	9	0	561
20692	2	537	6	2	0	547
20693	2	575	3	1	0	581
20694	2	7	2	565	0	576
20695	566	2	1	9	0	578
20696	561	2	1	3	0	567
20697	10	2	1	550	0	563
20698	4	563	1	9	0	577
20699	2	6	1	576	0	585
20700	1	3	1	596	0	601
20701	3	2	0	599	0	604
20702	612	2	0	13	0	627
20703	12	611	0	5	0	628
20704	616	11	0	4	0	631
20705	627	4	1	2	0	634
20706	621	2	1	4	0	628
20707	625	2	1	3	0	631
20708	15	1	1	619	0	636
20709	5	2	621	10	0	638
20710	4	626	9	2	0	641
20711	641	12	2	5	0	660
20712	657	3	1	3	0	664
20713	664	2	1	2	0	669
20714	16	2	643	1	0	662
20715	641	0	10	1	0	652
20716	655	1	3	2	0	661
20717	15	4	0	651	0	670
20718	7	4	611	10	0	632
20719	3	601	10	4	0	618
20720	8	12	2	596	0	618
20721	592	2	3	8	0	605
20722	14	2	1	582	0	599
20723	6	2	3	616	0	627
20724	640	1	0	18	0	659
20725	13	1	644	3	0	661
20726	628	2	9	5	0	644
20727	630	1	4	4	0	639
20728	626	2	6	1	0	635
20729	630	1	1	5	0	637
20730	16	1	605	2	0	624
20731	10	0	9	609	0	628
20732	6	2	624	9	0	641
20733	4	4	11	617	0	636
20734	3	1	630	12	0	646
20735	573	3	8	4	0	588
20736	8	574	5	4	0	591
20737	7	600	3	2	0	612
20738	8	7	0	662	0	677
20739	3	4	4	680	0	691
20740	8	700	1	11	0	720
20741	715	4	3	4	0	726
20742	745	5	0	5	0	755
20743	785	1	2	1	0	789
20744	839	0	2	1	0	842
20745	22	1	1	839	0	863
20746	9	1	3	874	0	887
20747	873	1	0	25	0	899
20748	16	1	2	861	0	880
20749	9	2	828	27	0	866
20750	7	2	843	10	0	862
20751	9	4	19	862	0	894
20752	5	1	864	20	0	890
20753	849	1	20	11	0	881
20754	18	2	8	862	0	890
20755	866	0	9	20	0	895
20756	22	1	870	9	0	902
20757	12	0	18	867	0	897
20758	12	0	882	17	0	911
20759	4	870	23	11	0	908
20760	866	15	10	10	0	901
20761	870	7	10	4	0	891
20762	23	855	3	8	0	889
20763	855	17	4	3	0	879
20764	26	8	3	845	0	882
20765	14	6	2	854	0	876
20766	847	5	2	22	0	876
20767	23	815	3	13	0	854
20768	12	835	2	12	0	861
20769	13	21	0	834	0	868
20770	804	12	1	20	0	837
20771	813	8	1	13	0	835
20772	811	3	4	10	0	828
20773	31	6	785	4	0	826
20774	20	1	779	5	0	805
20775	17	778	24	3	0	822
20776	785	16	12	3	0	816
20777	27	8	7	756	0	798
20778	746	7	6	22	0	781
20779	760	3	5	13	0	781
20780	30	2	3	744	0	779
20781	17	2	739	22	0	780
20782	744	6	20	10	0	780
20783	25	2	9	746	0	782
20784	14	1	739	24	0	778
20785	738	2	19	12	0	771
20786	762	1	9	10	0	782
20787	32	0	8	740	0	780
20788	19	1	737	22	0	779
20789	16	4	18	721	0	759
20790	11	736	11	23	0	781
20791	10	18	721	14	0	763
20792	8	742	19	9	0	778
20793	723	20	10	5	0	758
20794	733	10	4	10	0	757
20795	732	10	9	7	0	758
20796	738	3	3	6	0	750
20797	35	4	4	710	0	753
20798	709	5	2	23	0	739
20799	33	3	6	694	0	736
20800	686	2	3	26	0	717
20801	29	669	1	14	0	713
20802	16	17	2	643	0	678
20803	14	654	1	21	0	690
20804	661	19	5	12	0	697
20805	664	12	3	11	0	690
20806	25	649	2	9	0	685
20807	19	20	5	648	0	692
20808	15	10	635	20	0	680
20809	15	11	13	637	0	676
20810	8	5	640	24	0	677
20811	10	3	19	597	0	629
20812	7	615	8	22	0	652
20813	617	14	8	15	0	654
20814	627	6	8	9	0	650
20815	22	5	4	620	0	651
20816	644	4	3	22	0	673
20817	24	5	6	641	0	676
20818	16	5	0	661	0	682
20819	17	1	2	660	0	680
20820	660	2	1	32	0	695
20821	669	1	3	17	0	690
20822	675	2	1	16	0	694
20823	28	624	2	10	0	664
20824	614	15	2	8	0	639
20825	26	598	2	4	0	630
20826	605	22	1	3	0	631
20827	28	7	1	587	0	623
20828	16	7	2	594	0	619
20829	592	6	0	19	0	617
20830	594	5	0	13	0	612
20831	27	577	1	8	0	613
20832	575	17	1	13	0	606
20833	28	4	0	552	0	584
20834	12	5	2	560	0	579
20835	556	4	0	24	0	584
20836	21	3	531	11	0	566
20837	12	509	16	7	0	544
20838	8	14	3	453	0	478
20839	7	4	417	16	0	444
20840	3	17	15	383	0	418
20841	387	2	4	20	0	413
20842	16	361	6	10	0	393
20843	3	321	5	8	0	337
20844	4	277	3	2	0	286
20845	13	15	7	239	0	274
20846	245	3	3	4	0	255
20847	4	1	0	246	0	251
20848	242	0	0	6	0	248
20849	244	0	0	2	0	246
20850	6	0	0	241	0	247
20851	240	0	1	4	0	245
20852	4	1	0	242	0	247
20853	1	0	240	5	0	246
20854	234	1	4	1	0	240
20855	4	0	245	1	0	250
20856	234	0	4	0	0	238
20857	3	1	238	0	0	242
20858	1	1	2	228	0	232
20859	0	0	1	239	0	240
20860	244	0	0	4	0	248
20861	3	0	0	256	0	259
20862	256	0	0	4	0	260
20863	5	243	0	1	0	249
20864	257	4	0	1	0	262
20865	5	1	0	267	0	273
20866	1	0	0	273	0	274
20867	0	0	1	276	0	277
20868	1	0	0	278	0	279
20869	0	0	268	5	0	273
20870	1	0	261	1	0	263
20871	0	1	4	270	0	275
20872	0	0	275	5	0	280
20873	0	275	4	2	0	281
20874	1	4	1	274	0	280
20875	0	1	289	5	0	295
20876	2	0	283	1	0	286
20877	1	2	3	293	0	299
20878	1	0	0	299	0	300
20879	0	297	0	4	0	301
20880	0	3	0	302	0	305
20881	0	0	303	3	0	306
20882	307	0	3	2	0	312
20883	3	0	1	311	0	315
20884	306	0	1	3	0	310
20885	308	0	0	2	0	310
20886	330	0	1	0	0	331
20887	3	1	321	0	0	325
20888	0	0	314	1	0	315
20889	300	0	4	1	0	305
20890	3	0	321	0	0	324
20891	0	0	3	315	0	318
20892	1	0	0	326	0	327
20893	0	1	324	3	0	328
20894	0	327	3	1	0	331
20895	330	3	1	0	0	334
20896	5	335	0	0	0	340
20897	0	348	0	2	0	350
20898	346	3	0	0	0	349
20899	4	0	368	0	0	372
20900	2	0	366	0	0	368
20901	0	0	5	368	0	373
20902	366	0	2	4	0	372
20903	5	377	0	0	0	382
20904	378	4	2	0	0	384
20905	4	0	391	2	0	397
20906	0	414	3	2	0	419
20907	0	4	2	434	0	440
20908	0	2	446	4	0	452
20909	2	0	4	449	0	455
20910	1	2	0	381	0	384
20911	0	2	1	453	0	456
20912	2	0	0	454	0	456
20913	447	0	1	4	0	452
20914	445	0	2	0	0	447
20915	4	0	451	2	0	457
20916	429	0	3	0	0	432
20917	3	433	0	0	0	436
20918	430	3	0	0	0	433
20919	9	0	432	1	0	442
20920	1	2	1	430	0	434
20921	0	1	442	4	0	447
20922	0	0	446	0	0	446
20923	0	2	2	445	0	449
20924	0	0	0	454	0	454
20925	0	0	448	4	0	452
20926	0	435	2	2	0	439
20927	1	448	0	0	0	449
20928	2	2	0	451	0	455
20929	446	0	3	2	0	451
20930	5	458	0	0	0	463
20931	0	5	456	0	0	461
20932	2	0	438	0	0	440
20933	0	0	452	0	0	452
20934	0	0	2	447	0	449
20935	455	0	2	2	0	459
20936	2	457	2	0	0	461
20937	0	2	451	2	0	455
20938	1	448	3	2	0	454
20939	0	2	2	453	0	457
20940	0	2	455	2	0	459
20941	0	464	2	0	0	466
20942	1	2	0	455	0	458
20943	1	0	0	464	0	465
20944	0	1	472	2	0	475
20945	0	0	3	443	0	446
20946	0	459	1	3	0	463
20947	0	2	458	0	0	460
20948	453	0	2	1	0	456
20949	3	0	0	462	0	465
20950	1	1	0	460	0	462
20951	0	455	0	2	0	457
20952	451	3	0	0	0	454
20953	2	0	439	1	0	442
20954	441	0	3	0	0	444
20955	2	5	0	448	0	455
20956	0	448	0	3	0	451
20957	0	2	0	457	0	459
20958	0	0	1	477	0	478
20959	473	0	0	2	0	475
20960	469	1	0	1	0	471
20961	3	0	1	468	0	472
20962	1	0	466	2	0	469
20963	434	0	2	4	0	440
20964	2	465	0	1	0	468
20965	2	3	0	465	0	470
20966	2	0	0	480	0	482
20967	0	0	1	484	0	485
20968	1	1	482	2	0	486
20969	0	0	4	467	0	471
20970	0	478	0	5	0	483
20971	3	2	1	469	0	475
20972	1	473	1	3	0	478
20973	2	3	0	475	0	480
20974	1	0	471	4	0	476
20975	439	1	4	1	0	445
20976	2	2	2	460	0	466
20977	1	1	473	7	0	482
20978	0	473	5	5	0	483
20979	473	2	1	3	0	479
20980	3	2	468	3	0	476
20981	445	0	3	5	0	453
20982	3	2	2	466	0	473
20983	1	1	1	471	0	474
20984	0	462	2	3	0	467
20985	470	3	0	2	0	475
20986	454	2	2	1	0	459
20987	5	493	2	1	0	501
20988	1	4	3	492	0	500
20989	2	0	3	499	0	504
20990	0	1	4	493	0	498
20991	2	1	485	5	0	493
20992	469	0	4	4	0	477
20993	4	0	0	481	0	485
20994	0	2	5	490	0	497
20995	3	1	469	6	0	479
20996	3	3	459	3	0	468
20997	1	1	5	480	0	487
20998	3	1	479	4	0	487
20999	444	1	6	3	0	454
21000	3	0	1	458	0	462
21001	0	1	4	456	0	461
21002	5	0	475	4	0	484
21003	0	2	4	491	0	497
21004	2	0	493	4	0	499
21005	1	476	5	2	0	484
21006	455	2	6	3	0	466
21007	446	0	4	3	0	453
21008	2	439	3	1	0	445
21009	6	3	0	446	0	455
21010	4	0	451	3	0	458
21011	3	2	1	451	0	457
21012	448	1	1	8	0	458
21013	3	464	2	3	0	472
21014	454	3	3	2	0	462
21015	3	1	0	456	0	460
21016	454	2	1	3	0	460
21017	6	445	0	1	0	452
21018	442	2	1	4	0	449
21019	5	0	423	2	0	430
21020	1	427	3	0	0	431
21021	2	3	0	432	0	437
21022	448	0	3	5	0	456
21023	447	3	0	2	0	452
21024	6	0	0	446	0	452
21025	452	0	0	6	0	458
21026	453	0	1	0	0	454
21027	463	1	0	5	0	469
21028	7	0	0	461	0	468
21029	3	1	466	4	0	474
21030	5	1	444	1	0	451
21031	1	1	447	4	0	453
21032	463	1	5	2	0	471
21033	5	0	2	466	0	473
21034	0	477	3	4	0	484
21035	5	2	1	484	0	492
21036	2	489	0	7	0	498
21037	496	5	0	2	0	503
21038	3	2	0	496	0	501
21039	1	2	1	502	0	506
21040	505	2	1	7	0	515
21041	7	0	3	501	0	511
21042	2	0	1	508	0	511
21043	519	0	0	11	0	530
21044	10	1	526	3	0	540
21045	1	0	7	529	0	537
21046	2	2	529	8	0	541
21047	526	0	9	2	0	537
21048	8	1	2	530	0	541
21049	534	0	2	11	0	547
21050	10	0	2	542	0	554
21051	3	0	572	10	0	585
21052	4	0	6	577	0	587
21053	592	0	2	10	0	604
21054	7	600	5	4	0	616
21055	2	6	603	5	0	616
21056	571	1	7	4	0	583
21057	10	621	1	1	0	633
21058	1	623	5	2	0	631
21059	4	677	2	0	0	683
21060	4	9	0	756	0	769
21061	772	9	1	11	0	793
21062	805	7	1	5	0	818
21063	20	1	794	3	0	818
21064	791	2	11	2	0	806
21065	19	790	6	0	0	815
21066	11	14	4	789	0	818
21067	820	3	3	16	0	842
21068	831	4	0	5	0	840
21069	833	3	1	5	0	842
21070	827	0	1	5	0	833
21071	837	0	3	1	0	841
21072	32	1	0	816	0	849
21073	13	2	821	16	0	852
21074	13	0	15	821	0	849
21075	11	0	4	835	0	850
21076	822	1	5	22	0	850
21077	19	795	3	11	0	828
21078	806	13	2	8	0	829
21079	830	5	1	5	0	841
21080	844	3	1	8	0	856
21081	858	4	4	5	0	871
21082	29	0	817	8	0	854
21083	844	2	13	8	0	867
21084	866	1	5	6	0	878
21085	751	4	4	4	0	763
21086	863	2	4	4	0	873
21087	31	1	3	809	0	844
21088	19	1	799	14	0	833
21089	801	2	14	5	0	822
21090	21	809	6	7	0	843
21091	14	13	2	801	0	830
21092	9	814	4	18	0	845
21093	8	15	3	838	0	864
21094	835	7	2	19	0	863
21095	846	4	4	11	0	865
21096	853	5	4	5	0	867
21097	23	4	794	8	0	829
21098	814	3	13	5	0	835
21099	27	4	798	6	0	835
21100	15	3	829	2	0	849
21101	13	3	862	6	0	884
21102	18	2	19	803	0	842
21103	14	3	9	832	0	858
21104	11	1	8	843	0	863
21105	8	0	7	851	0	866
21106	14	3	4	810	0	831
21107	7	5	6	845	0	863
21108	7	831	8	26	0	872
21109	825	14	3	14	0	856
21110	20	846	3	11	0	880
21111	12	17	4	857	0	890
21112	8	8	5	871	0	892
21113	850	3	0	28	0	881
21114	20	842	3	14	0	879
21115	858	16	3	11	0	888
21116	25	10	0	850	0	885
21117	16	4	4	864	0	888
21118	15	6	2	870	0	893
21119	12	2	858	24	0	896
21120	9	2	18	869	0	898
21121	12	2	830	22	0	866
21122	6	6	797	13	0	822
21123	9	0	884	11	0	904
21124	9	2	18	899	0	928
21125	6	1	11	933	0	951
21126	5	4	6	944	0	959
21127	923	0	7	29	0	959
21128	21	4	2	948	0	975
21129	954	2	8	26	0	990
21130	27	946	6	14	0	993
21131	1007	21	8	13	0	1049
21132	1057	11	3	14	0	1085
21133	39	1085	4	6	0	1134
21134	1104	26	1	13	0	1144
21135	1117	7	2	8	0	1134
21136	1155	5	0	11	0	1171
21137	1145	4	6	4	0	1159
21138	41	3	1110	6	0	1160
21139	18	1104	21	4	0	1147
21140	12	21	11	1115	0	1159
21141	1124	12	7	22	0	1165
21142	26	4	1116	14	0	1160
21143	18	1090	18	8	0	1134
21144	10	17	11	1067	0	1105
21145	10	1120	5	20	0	1155
21146	4	23	6	1131	0	1164
21147	14	12	1	1131	0	1158
21148	6	7	1128	33	0	1174
21149	8	6	1098	13	0	1125
21150	1070	3	25	10	0	1108
21151	25	8	1115	6	0	1154
21152	13	5	1109	4	0	1131
21153	7	5	26	1078	0	1116
21154	9	4	13	1074	0	1100
21155	5	1052	5	31	0	1093
21156	6	1155	4	15	0	1180
21157	15	30	1120	8	0	1173
21158	9	12	26	1129	0	1176
21159	2	6	1100	27	0	1135
21160	5	1	988	11	0	1005
21161	4	993	23	3	0	1023
21162	2	18	12	970	0	1002
21163	976	8	5	18	0	1007
21164	16	4	5	981	0	1006
21165	982	2	4	19	0	1007
21166	973	1	3	11	0	988
21167	974	2	3	9	0	988
21168	23	4	951	2	0	980
21169	960	2	15	6	0	983
21170	18	2	7	981	0	1008
21171	979	3	4	20	0	1006
21172	990	1	3	10	0	1004
21173	23	961	2	17	0	1003
21174	987	14	6	2	0	1009
21175	20	7	988	1	0	1016
21176	970	4	17	7	0	998
21177	977	1	9	6	0	993
21178	24	980	5	4	0	1013
21179	985	14	1	7	0	1007
21180	21	10	1	950	0	982
21181	9	3	4	960	0	976
21182	6	939	4	22	0	971
21183	7	15	4	951	0	977
21184	6	8	4	964	0	982
21185	7	5	934	21	0	967
21186	4	3	903	11	0	921
21187	908	4	20	7	0	939
21188	953	3	9	4	0	969
21189	26	4	2	961	0	993
21190	16	0	951	20	0	987
21191	8	938	19	8	0	973
21192	10	14	9	945	0	978
21193	8	7	949	18	0	982
21194	919	4	22	9	0	954
21195	25	1	9	964	0	999
21196	12	978	4	23	0	1017
21197	8	20	1	996	0	1025
21198	5	13	4	1004	0	1026
21199	4	7	5	1021	0	1037
21200	964	1	4	30	0	999
21201	19	3	6	958	0	986
21202	964	3	5	23	0	995
21203	978	3	2	13	0	996
21204	28	10	939	7	0	984
21205	15	955	18	7	0	995
21206	9	20	10	891	0	930
21207	6	997	4	20	0	1027
21208	1004	24	2	13	0	1043
21209	27	13	6	1002	0	1048
21210	14	5	989	26	0	1034
21211	7	5	966	13	0	991
21212	7	3	980	7	0	997
21213	974	2	34	7	0	1017
21214	25	978	18	10	0	1031
21215	989	24	9	6	0	1028
21216	27	998	5	5	0	1035
21217	16	24	6	985	0	1031
21218	8	10	5	992	0	1015
21219	11	988	8	28	0	1035
21220	9	24	970	15	0	1018
21221	7	1000	24	10	0	1041
21222	971	28	8	11	0	1018
21223	26	13	6	917	0	962
21224	11	8	888	26	0	933
21225	8	3	899	19	0	929
21226	9	6	32	900	0	947
21227	9	2	893	25	0	929
21228	7	3	863	13	0	886
21229	811	4	27	3	0	845
21230	22	831	10	6	0	869
21231	787	15	7	5	0	814
21232	20	7	756	3	0	786
21233	10	707	16	3	0	736
21234	6	720	11	4	0	741
21235	14	22	8	693	0	737
21236	4	6	2	705	0	717
21237	2	5	5	709	0	721
21238	2	4	695	23	0	724
21239	4	2	15	710	0	731
21240	3	1	6	732	0	742
21241	708	0	5	27	0	740
21242	16	702	3	12	0	733
21243	10	14	3	728	0	755
21244	728	7	2	21	0	758
21245	710	5	2	8	0	725
21246	24	4	1	696	0	725
21247	8	2	697	18	0	725
21248	6	2	16	703	0	727
21249	4	0	701	19	0	724
21250	712	1	19	11	0	743
21251	797	1	11	7	0	816
21252	25	2	7	816	0	850
21253	9	2	817	25	0	853
21254	5	857	18	7	0	887
21255	4	24	857	4	0	889
21256	4	7	19	757	0	787
21257	1	784	8	23	0	816
21258	771	20	2	8	0	801
21259	24	9	4	753	0	790
21260	7	765	2	23	0	797
21261	774	18	2	9	0	803
21262	25	9	1	765	0	800
21263	9	775	2	25	0	811
21264	5	21	1	787	0	814
21265	4	8	780	22	0	814
21266	770	3	17	8	0	798
21267	785	3	7	4	0	799
21268	29	3	751	2	0	785
21269	9	759	19	3	0	790
21270	759	19	9	5	0	792
21271	24	8	2	762	0	796
21272	8	4	3	757	0	772
21273	3	3	4	780	0	790
21274	4	5	0	787	0	796
21275	8	1	0	786	0	795
21276	753	0	2	37	0	792
21277	769	1	4	12	0	786
21278	30	0	2	757	0	789
21279	9	0	3	786	0	798
21280	4	3	762	27	0	796
21281	5	0	751	9	0	765
21282	770	2	27	4	0	803
21283	25	3	6	772	0	806
21284	9	0	762	26	0	797
21285	3	1	26	764	0	794
21286	765	3	9	27	0	804
21287	794	2	2	10	0	808
21288	32	0	0	782	0	814
21289	9	1	3	779	0	792
21290	770	0	2	34	0	806
21291	26	0	5	758	0	789
21292	10	756	2	26	0	794
21293	6	19	2	759	0	786
21294	7	5	2	772	0	786
21295	2	4	741	30	0	777
21296	4	3	703	9	0	719
21297	2	728	20	8	0	758
21298	720	22	9	7	0	758
21299	718	5	5	10	0	738
21300	728	4	3	4	0	739
21301	30	694	2	4	0	730
21302	9	723	1	7	0	740
21303	700	24	1	5	0	730
21304	29	697	1	7	0	734
21305	6	16	672	8	0	702
21306	1	695	17	4	0	717
21307	1	17	664	7	0	689
21308	644	4	16	4	0	668
21309	661	1	4	6	0	672
21310	22	661	3	2	0	688
21311	666	19	1	4	0	690
21312	739	4	1	3	0	747
21313	756	1	0	5	0	762
21314	27	3	1	740	0	771
21315	747	2	1	23	0	773
21316	26	3	715	12	0	756
21317	746	3	18	9	0	776
21318	29	3	7	748	0	787
21319	12	1	736	24	0	773
21320	9	4	744	7	0	764
21321	7	2	24	737	0	770
21322	4	1	11	766	0	782
21323	747	2	10	23	0	782
21324	25	4	4	751	0	784
21325	12	1	742	27	0	782
21326	8	2	16	732	0	758
21327	7	750	6	24	0	787
21328	751	18	5	13	0	787
21329	25	6	4	757	0	792
21330	10	7	735	21	0	773
21331	5	730	19	10	0	764
21332	710	18	5	10	0	743
21333	21	5	7	720	0	753
21334	10	4	705	20	0	739
21335	6	706	15	11	0	738
21336	703	18	4	11	0	736
21337	708	4	6	7	0	725
21338	705	4	6	6	0	721
21339	27	4	2	684	0	717
21340	14	2	2	687	0	705
21341	679	1	3	23	0	706
21342	24	660	2	12	0	698
21343	655	15	1	12	0	683
21344	22	4	3	647	0	676
21345	653	6	3	19	0	681
21346	25	4	2	655	0	686
21347	10	3	2	659	0	674
21348	7	0	2	666	0	675
21349	12	4	0	665	0	681
21350	5	1	602	29	0	637
21351	5	3	544	13	0	565
21352	497	2	12	9	0	520
21353	14	1	519	7	0	541
21354	3	2	471	2	0	478
21355	467	2	13	1	0	483
21356	480	1	7	0	0	488
21357	11	1	6	500	0	518
21358	506	0	1	9	0	516
21359	16	518	0	3	0	537
21360	528	7	0	7	0	542
21361	519	2	1	3	0	525
21362	556	5	0	5	0	566
21363	16	3	0	548	0	567
21364	9	526	0	8	0	543
21365	9	536	0	6	0	551
21366	550	8	0	5	0	563
21367	544	4	2	4	0	554
21368	10	4	2	545	0	561
21369	9	7	1	540	0	557
21370	8	532	2	9	0	551
21371	538	8	1	10	0	557
21372	11	2	542	5	0	560
21373	4	5	7	529	0	545
21374	7	2	3	540	0	552
21375	5	0	546	9	0	560
21376	3	0	9	548	0	560
21377	3	435	4	15	0	457
21378	4	8	4	549	0	565
21379	1	5	2	541	0	549
21380	4	498	0	11	0	513
21381	4	544	0	4	0	552
21382	3	7	0	524	0	534
21383	527	5	0	13	0	545
21384	7	7	1	528	0	543
21385	3	4	0	539	0	546
21386	6	531	1	9	0	547
21387	4	6	1	550	0	561
21388	3	2	0	552	0	557
21389	1	6	1	550	0	558
21390	537	3	1	19	0	560
21391	9	1	0	548	0	558
21392	3	1	1	545	0	550
21393	7	3	0	541	0	551
21394	4	1	525	14	0	544
21395	484	2	7	9	0	502
21396	7	518	3	10	0	538
21397	522	7	6	4	0	539
21398	12	2	2	518	0	534
21399	4	6	504	10	0	524
21400	492	4	7	4	0	507
21401	9	2	594	6	0	611
21402	5	1	11	613	0	630
21403	635	1	5	8	0	649
21404	634	0	6	5	0	645
21405	646	0	2	10	0	658
21406	14	3	0	653	0	670
21407	9	1	0	658	0	668
21408	11	3	1	656	0	671
21409	4	615	0	16	0	635
21410	2	602	0	9	0	613
21411	2	596	0	8	0	606
21412	0	565	0	2	0	567
21413	1	2	3	578	0	584
21414	1	1	1	581	0	584
21415	583	1	1	2	0	587
21416	579	0	0	4	0	583
21417	583	0	1	2	0	586
21418	3	0	0	578	0	581
21419	1	1	0	587	0	589
21420	579	0	0	3	0	582
21421	568	0	0	3	0	571
21422	1	2	567	2	0	572
21423	1	2	542	1	0	546
21424	2	1	553	1	0	557
21425	1	1	605	0	0	607
21426	0	1	2	599	0	602
21427	600	0	1	3	0	604
21428	1	598	1	1	0	601
21429	1	1	0	618	0	620
21430	2	0	613	2	0	617
21431	1	655	1	1	0	658
21432	1	1	0	669	0	671
21433	0	0	677	4	0	681
21434	1	1	0	675	0	677
21435	1	0	0	682	0	683
21436	695	0	3	0	0	698
21437	2	0	1	698	0	701
21438	0	4	687	2	0	693
21439	2	0	1	692	0	695
21440	0	731	0	4	0	735
21441	0	1	2	771	0	774
21442	1	1	0	778	0	780
21443	0	1	1	780	0	782
21444	777	0	1	3	0	781
21445	774	1	0	3	0	778
21446	787	0	0	3	0	790
21447	783	0	1	0	0	784
21448	2	0	761	1	0	764
21449	749	0	1	3	0	753
21450	779	0	0	4	0	783
21451	1	1	755	1	0	758
21452	1	0	761	2	0	764
21453	1	1	0	767	0	769
21454	0	771	1	0	0	772
21455	796	0	1	0	0	797
21456	809	0	0	1	0	810
21457	791	1	0	1	0	793
21458	1	0	0	785	0	786
21459	1	782	0	0	0	783
21460	827	2	0	0	0	829
21461	833	0	0	2	0	835
21462	1	1	0	808	0	810
21463	1	1	798	3	0	803
21464	801	0	0	1	0	802
21465	1	3	0	830	0	834
21466	858	0	1	1	0	860
21467	2	0	0	882	0	884
21468	1	0	869	2	0	872
21469	923	0	1	1	0	925
21470	2	0	0	943	0	945
21471	0	1	1	943	0	945
21472	3	0	0	942	0	945
21473	0	1	0	941	0	942
21474	954	0	0	4	0	958
21475	2	0	0	946	0	948
21476	0	937	0	2	0	939
21477	1	1	0	954	0	956
21478	0	960	0	3	0	963
21479	0	2	1	976	0	979
21480	1	0	0	982	0	983
21481	0	971	0	3	0	974
21482	1	1	0	996	0	998
21483	1	0	0	993	0	994
21484	988	1	1	3	0	993
21485	2	0	995	2	0	999
21486	0	0	2	1015	0	1017
21487	1018	0	0	3	0	1021
21488	1008	0	1	1	0	1010
21489	1019	0	0	2	0	1021
21490	4	0	1019	0	0	1023
21491	2	0	1010	0	0	1012
21492	2	1	3	1061	0	1067
21493	1080	0	2	3	0	1085
21494	2	0	1060	1	0	1063
21495	1042	0	2	3	0	1047
21496	3	1086	1	4	0	1094
21497	4	3	0	1154	0	1161
21498	1	1	0	1169	0	1171
21499	1182	0	0	4	0	1186
21500	2	0	0	1196	0	1198
21501	1113	0	0	2	0	1115
21502	1146	0	0	4	0	1150
21503	4	1	0	1138	0	1143
21504	1	0	1	1147	0	1149
21505	1168	0	1	3	0	1172
21506	2	0	1243	2	0	1247
21507	1231	0	2	2	0	1235
21508	2	0	1309	0	0	1311
21509	1325	0	2	11	0	1338
21510	1424	1	1	3	0	1429
21511	1417	0	1	5	0	1423
21512	1389	0	0	3	0	1392
21513	4	1400	0	1	0	1405
21514	1433	3	1	2	0	1439
21515	1436	1	0	5	0	1442
21516	6	1530	0	8	0	1544
21517	1582	3	0	6	0	1591
21518	6	2	1570	5	0	1583
21519	1560	0	4	7	0	1571
21520	5	0	1603	1	0	1609
21521	6	0	5	1609	0	1620
21522	2	0	5	1639	0	1646
21523	4	2	1641	10	0	1657
21524	6	0	7	1640	0	1653
21525	21	9	23	1027	0	1080
21526	1735	0	0	16	0	1751
21527	12	3	0	1764	0	1779
21528	7	2	2	1756	0	1767
21529	5	1	0	1758	0	1764
21530	5	1720	1	15	0	1741
21531	7	10	1	1714	0	1732
21532	1741	3	2	19	0	1765
21533	15	2	1738	6	0	1761
21534	5	0	15	1783	0	1803
21535	4	0	1767	18	0	1789
21536	1778	0	13	6	0	1797
21537	16	0	10	1896	0	1922
21538	6	1	2392	23	0	2422
21539	5	1	55	2417	0	2478
21540	6	0	32	2434	0	2472
21541	4	2390	31	94	0	2519
21542	3	53	16	2531	0	2603
21543	7	32	3	2661	0	2703
21544	4	36	2554	116	0	2710
21545	4	18	59	2624	0	2705
21546	5	7	35	2680	0	2727
21547	2554	5	36	119	0	2714
21548	2584	3	24	76	0	2687
21549	90	2561	12	57	0	2720
21550	2630	56	6	40	0	2732
21551	2677	34	5	26	0	2742
21552	118	2639	13	15	0	2785
21553	83	78	3	2647	0	2811
21554	2692	43	4	82	0	2821
21555	2711	39	6	49	0	2805
21556	2675	22	2	51	0	2750
21557	130	2579	5	33	0	2747
21558	94	64	2635	22	0	2815
21559	2732	35	58	20	0	2845
21560	2768	42	35	16	0	2861
21561	116	2705	34	21	0	2876
21562	2769	72	19	19	0	2879
21563	2821	45	15	12	0	2893
21564	145	39	9	2715	0	2908
21565	101	33	2690	74	0	2898
21566	75	17	68	2713	0	2873
21567	57	11	43	2750	0	2861
21568	32	11	31	2789	0	2863
21569	27	11	2643	149	0	2830
21570	27	8	75	2647	0	2757
21571	22	10	46	2753	0	2831
21572	16	3	34	2770	0	2823
21573	20	7	30	2799	0	2856
21574	21	6	12	2817	0	2856
21575	20	2662	10	183	0	2875
21576	16	70	6	2788	0	2880
21577	17	42	16	2876	0	2951
21578	13	39	2710	155	0	2917
21579	22	21	69	2971	0	3083
21580	17	11	40	3038	0	3106
21581	20	8	40	3090	0	3158
21582	16	8	25	3159	0	3208
21583	2989	15	18	220	0	3242
21584	100	9	14	3109	0	3232
21585	60	6	11	3143	0	3220
21586	52	16	2904	194	0	3166
21587	40	2739	89	136	0	3004
21588	26	2968	44	115	0	3153
21589	2908	113	53	85	0	3159
21590	91	2962	43	66	0	3162
21591	59	135	21	2922	0	3137
21592	2894	71	17	143	0	3125
21593	122	60	2876	99	0	3157
21594	60	40	89	2933	0	3122
21595	61	2859	55	168	0	3143
21596	42	97	52	2910	0	3101
21597	28	2889	37	167	0	3121
21598	20	128	18	2973	0	3139
21599	2871	71	17	182	0	3141
21600	117	65	2868	112	0	3162
21601	69	50	100	2858	0	3077
21602	77	2855	53	146	0	3131
21603	2881	112	52	91	0	3136
21604	122	67	2829	96	0	3114
21605	71	61	108	2838	0	3078
21606	65	47	2734	149	0	2995
21607	65	23	134	2747	0	2969
21608	58	19	2673	162	0	2912
21609	39	24	142	2634	0	2839
21610	22	23	85	2691	0	2821
21611	2544	22	67	192	0	2825
21612	2624	22	53	124	0	2823
21613	157	28	21	2577	0	2783
21614	117	2496	30	146	0	2789
21615	97	106	12	2567	0	2782
21616	64	59	18	2551	0	2692
21617	2370	54	30	211	0	2665
21618	115	2357	25	160	0	2657
21619	2366	107	25	132	0	2630
21620	2405	63	19	102	0	2589
21621	158	2268	18	82	0	2526
21622	110	2374	14	90	0	2588
21623	2320	141	17	79	0	2557
21624	132	92	2220	100	0	2544
21625	2242	62	96	85	0	2485
21626	2291	51	61	74	0	2477
21627	175	2150	54	73	0	2452
21628	131	106	36	1984	0	2257
21629	93	2171	34	133	0	2431
21630	2160	145	32	92	0	2429
21631	2245	84	31	87	0	2447
21632	164	70	34	2139	0	2407
21633	116	64	15	2200	0	2395
21634	2094	28	14	194	0	2330
21635	138	2007	18	146	0	2309
21636	93	1956	19	130	0	2198
21637	94	1946	14	96	0	2150
21638	33	1318	9	42	0	1402
21639	23	1357	16	47	0	1443
21640	28	87	14	1292	0	1421
21641	20	42	1224	82	0	1368
21642	33	1239	37	44	0	1353
21643	1148	50	24	29	0	1251
21644	59	30	21	1133	0	1243
21645	1126	33	16	52	0	1227
21646	60	1124	13	36	0	1233
21647	1118	46	24	31	0	1219
21648	66	1117	20	26	0	1229
21649	38	49	28	1128	0	1243
21650	1130	25	17	64	0	1236
21651	1163	28	16	35	0	1242
21652	60	23	14	1147	0	1244
21653	40	24	13	1157	0	1234
21654	42	1106	8	80	0	1236
21655	40	44	9	1137	0	1230
21656	43	22	4	1158	0	1227
21657	30	29	5	1140	0	1204
21658	19	1053	6	89	0	1167
21659	965	41	3	53	0	1062
21660	49	978	8	34	0	1069
21661	982	51	4	27	0	1064
21662	67	975	10	16	0	1068
21663	35	53	952	19	0	1059
21664	29	28	36	952	0	1045
21665	31	32	922	40	0	1025
21666	29	21	923	21	0	994
21667	24	20	51	923	0	1018
21668	32	16	941	42	0	1031
21669	34	11	53	913	0	1011
21670	27	18	16	948	0	1009
21671	22	19	20	952	0	1013
21672	909	20	7	71	0	1007
21673	54	12	8	923	0	997
21674	48	14	7	910	0	979
21675	858	8	4	60	0	930
21676	46	801	3	50	0	900
21677	26	760	3	34	0	823
21678	28	780	3	26	0	837
21679	14	48	4	578	0	644
21680	17	10	571	24	0	622
21681	494	14	16	11	0	535
21682	23	510	4	9	0	546
21683	501	15	3	5	0	524
21684	496	14	1	5	0	516
21685	498	14	0	4	0	516
21686	25	6	508	1	0	540
21687	16	7	14	513	0	550
21688	16	5	5	517	0	543
21689	11	8	6	529	0	554
21690	10	6	3	522	0	541
21691	8	500	5	19	0	532
21692	496	17	3	9	0	525
21693	19	7	462	6	0	494
21694	440	7	6	6	0	459
21695	15	4	4	434	0	457
21696	10	421	3	18	0	452
21697	11	446	0	5	0	462
21698	9	15	2	404	0	430
21699	4	401	3	9	0	417
21700	363	4	1	4	0	372
21701	3	4	357	4	0	368
21702	6	2	4	349	0	361
21703	1	2	3	361	0	367
21704	2	1	1	366	0	370
21705	3	1	0	367	0	371
21706	372	5	0	6	0	383
21707	7	383	0	3	0	393
21708	443	3	1	2	0	449
21709	4	3	0	456	0	463
21710	4	0	0	473	0	477
21711	0	171	0	319	0	490
21712	489	1	0	8	0	498
21713	501	5	0	3	0	509
21714	15	510	0	2	0	527
21715	5	12	2	492	0	511
21716	6	502	0	6	0	514
21717	502	12	1	4	0	519
21718	14	4	494	2	0	514
21719	9	2	471	1	0	483
21720	484	0	12	3	0	499
21721	7	488	7	2	0	504
21722	4	6	1	494	0	505
21723	1	5	1	496	0	503
21724	1	1	490	14	0	506
21725	0	2	8	504	0	514
21726	4	0	4	498	0	506
21727	3	498	1	10	0	512
21728	0	8	3	505	0	516
21729	1	4	0	509	0	514
21730	490	2	2	12	0	506
21731	9	464	2	5	0	480
21732	4	479	1	3	0	487
21733	1	10	4	478	0	493
21734	1	4	0	491	0	496
21735	0	4	0	487	0	491
21736	0	475	0	15	0	490
21737	2	9	0	483	0	494
21738	1	6	1	485	0	493
21739	1	1	0	491	0	493
21740	3	0	0	487	0	490
21741	0	445	0	13	0	458
21742	0	476	0	7	0	483
21743	469	12	0	3	0	484
21744	480	4	0	2	0	486
21745	12	2	2	474	0	490
21746	8	2	476	9	0	495
21747	5	1	8	486	0	500
21748	2	3	3	484	0	492
21749	470	0	1	15	0	486
21750	10	484	1	6	0	501
21751	5	9	2	490	0	506
21752	4	3	2	500	0	509
21753	0	3	483	13	0	499
21754	2	0	481	12	0	495
21755	0	3	10	486	0	499
21756	2	2	6	477	0	487
21757	4	463	2	11	0	480
21758	2	477	3	6	0	488
21759	478	11	0	5	0	494
21760	10	6	2	495	0	513
21761	3	2	483	11	0	499
21762	3	474	7	9	0	493
21763	3	7	4	490	0	504
21764	488	7	1	9	0	505
21765	6	7	0	501	0	514
21766	501	2	0	11	0	514
21767	10	499	1	9	0	519
21768	490	9	2	3	0	504
21769	10	5	1	503	0	519
21770	3	4	536	12	0	555
21771	4	2	13	542	0	561
21772	0	551	4	19	0	574
21773	3	13	1	564	0	581
21774	1	577	0	21	0	599
21775	2	17	2	604	0	625
21776	2	4	593	21	0	620
21777	1	2	572	8	0	583
21778	2	2	603	5	0	612
21779	580	3	15	5	0	603
21780	16	585	6	5	0	612
21781	7	612	1	1	0	621
21782	593	18	0	6	0	617
21783	599	5	4	4	0	612
21784	19	4	3	593	0	619
21785	6	1	589	18	0	614
21786	5	2	554	6	0	567
21787	0	4	18	555	0	577
21788	557	3	6	19	0	585
21789	18	551	1	7	0	577
21790	5	16	2	564	0	587
21791	556	3	2	22	0	583
21792	560	3	6	6	0	575
21793	19	1	544	5	0	569
21794	534	3	14	7	0	558
21795	22	5	549	4	0	580
21796	6	5	561	3	0	575
21797	4	3	20	535	0	562
21798	8	0	5	544	0	557
21799	4	3	3	549	0	559
21800	5	2	529	25	0	561
21801	534	3	14	11	0	562
21802	17	5	6	550	0	578
21803	537	2	5	22	0	566
21804	538	5	4	11	0	558
21805	20	532	6	11	0	569
21806	7	530	4	12	0	553
21807	5	536	8	4	0	553
21808	6	17	6	458	0	487
21809	3	12	449	18	0	482
21810	5	21	14	422	0	462
21811	5	414	5	21	0	445
21812	3	434	4	1	0	442
21813	6	12	5	411	0	434
21814	398	5	3	13	0	419
21815	10	387	4	5	0	406
21816	2	393	6	3	0	404
21817	402	12	1	8	0	423
21818	15	5	0	401	0	421
21819	3	6	2	410	0	421
21820	3	2	6	413	0	424
21821	401	0	5	11	0	417
21822	408	3	3	5	0	419
21823	13	5	4	400	0	422
21824	7	4	387	11	0	409
21825	387	1	11	8	0	407
21826	13	0	2	398	0	413
21827	5	1	386	17	0	409
21828	7	1	388	3	0	399
21829	8	1	10	407	0	426
21830	4	0	428	15	0	447
21831	6	0	17	467	0	490
21832	5	2	3	463	0	473
21833	4	3	1	501	0	509
21834	483	2	5	16	0	506
21835	9	3	6	485	0	503
21836	3	4	4	498	0	509
21837	6	2	4	495	0	507
21838	6	2	1	495	0	504
21839	4	2	476	16	0	498
21840	2	477	7	10	0	496
21841	4	11	1	482	0	498
21842	2	6	4	475	0	487
21843	3	454	6	17	0	480
21844	4	483	7	7	0	501
21845	478	14	3	13	0	508
21846	12	470	3	5	0	490
21847	4	21	0	462	0	487
21848	9	4	470	18	0	501
21849	475	3	8	8	0	494
21850	13	6	455	9	0	483
21851	451	7	16	4	0	478
21852	461	1	7	4	0	473
21853	14	1	451	14	0	480
21854	8	1	13	436	0	458
21855	6	430	4	13	0	453
21856	8	10	4	464	0	486
21857	478	0	6	15	0	499
21858	481	3	4	8	0	496
21859	13	469	7	7	0	496
21860	467	9	5	7	0	488
21861	16	1	5	463	0	485
21862	450	5	6	16	0	477
21863	477	1	2	16	0	496
21864	19	0	4	479	0	502
21865	458	0	1	23	0	482
21866	452	2	5	10	0	469
21867	18	1	445	8	0	472
21868	433	1	8	10	0	452
21869	18	0	433	5	0	456
21870	7	0	384	4	0	395
21871	1	403	4	6	0	414
21872	7	6	2	385	0	400
21873	2	4	379	6	0	391
21874	1	2	364	2	0	369
21875	369	4	4	3	0	380
21876	4	0	1	375	0	380
21877	1	0	2	385	0	388
21878	2	1	0	386	0	389
21879	3	0	0	387	0	390
21880	0	1	0	393	0	394
21881	1	1	384	7	0	393
21882	1	0	374	3	0	378
21883	1	0	4	386	0	391
21884	380	0	3	3	0	386
21885	3	377	3	2	0	385
21886	3	2	2	378	0	385
21887	375	2	1	3	0	381
21888	2	370	0	2	0	374
21889	2	4	1	377	0	384
21890	2	2	1	379	0	384
21891	6	0	0	379	0	385
21892	381	1	0	5	0	387
21893	2	1	372	6	0	381
21894	378	0	2	6	0	386
21895	6	0	1	385	0	392
21896	4	0	2	367	0	373
21897	3	367	2	5	0	377
21898	1	2	360	5	0	368
21899	356	1	2	5	0	364
21900	371	2	2	2	0	377
21901	3	2	361	1	0	367
21902	345	1	3	2	0	351
21903	5	362	3	2	0	372
21904	4	365	2	1	0	372
21905	1	366	1	2	0	370
21906	360	3	0	2	0	365
21907	3	4	359	4	0	370
21908	2	4	2	359	0	367
21909	3	338	3	4	0	348
21910	3	340	4	2	0	349
21911	1	357	3	2	0	363
21912	2	4	1	295	0	302
21913	349	3	0	3	0	355
21914	3	347	2	2	0	354
21915	2	2	1	364	0	369
21916	4	2	1	359	0	366
21917	359	2	1	4	0	366
21918	5	0	0	363	0	368
21919	3	2	0	364	0	369
21920	2	2	352	5	0	361
21921	3	2	2	349	0	356
21922	3	1	2	366	0	372
21923	360	0	2	6	0	368
21924	367	0	0	5	0	372
21925	4	0	0	364	0	368
21926	354	2	0	3	0	359
21927	346	0	2	1	0	349
21928	6	345	1	1	0	353
21929	4	1	332	0	0	337
21930	2	311	3	0	0	316
21931	5	3	2	273	0	283
21932	264	3	0	3	0	270
21933	2	257	0	1	0	260
21934	2	3	0	260	0	265
21935	264	0	0	2	0	266
21936	264	0	1	1	0	266
21937	3	0	0	265	0	268
21938	1	1	277	2	0	281
21939	0	1	2	284	0	287
21940	0	0	4	287	0	291
21941	4	0	286	3	0	293
21942	2	0	1	284	0	287
21943	0	1	0	295	0	296
21944	303	0	0	4	0	307
21945	1	0	0	310	0	311
21946	2	0	0	307	0	309
21947	311	0	0	3	0	314
21948	294	0	0	1	0	295
21949	294	4	0	0	0	298
21950	2	0	282	1	0	285
21951	0	0	1	288	0	289
21952	2	287	0	0	0	289
21953	1	0	0	307	0	308
21954	0	0	315	2	0	317
21955	2	1	1	298	0	302
21956	0	0	306	1	0	307
21957	288	0	1	0	0	289
21958	294	0	0	0	0	294
21959	1	0	0	300	0	301
21960	0	0	0	303	0	303
21961	0	0	0	302	0	302
21962	0	305	0	1	0	306
21963	297	1	0	0	0	298
21964	303	0	0	1	0	304
21965	2	0	0	303	0	305
21966	1	0	0	301	0	302
21967	0	0	1	300	0	301
21968	1	0	0	300	0	301
21969	1	1	298	1	0	301
21970	1	0	1	296	0	298
21971	284	0	1	2	0	287
21972	282	0	1	2	0	285
21973	1	1	1	282	0	285
21974	1	1	264	2	0	268
21975	255	0	2	0	0	257
21976	1	0	1	272	0	274
21977	0	255	0	3	0	258
21978	1	263	0	1	0	265
21979	270	1	0	1	0	272
21980	2	1	0	270	0	273
21981	2	0	0	273	0	275
21982	2	0	0	285	0	287
21983	2	1	0	286	0	289
21984	0	0	1	308	0	309
21985	0	1	299	8	0	308
21986	1	1	291	2	0	295
21987	0	0	290	5	0	295
21988	1	0	6	303	0	310
21989	1	1	310	6	0	318
21990	0	0	6	315	0	321
21991	2	0	3	314	0	319
21992	3	0	0	326	0	329
21993	338	0	0	11	0	349
21994	6	0	1	345	0	352
21995	1	1	0	355	0	357
21996	353	0	1	7	0	361
21997	7	342	0	4	0	353
21998	4	366	1	2	0	373
21999	368	6	0	3	0	377
22000	5	375	1	3	0	384
22001	385	6	0	4	0	395
22002	392	1	1	3	0	397
22003	383	1	2	1	0	387
22004	381	0	2	2	0	385
22005	388	1	0	3	0	392
22006	8	380	2	1	0	391
22007	381	5	0	4	0	390
22008	387	1	2	2	0	392
22009	6	397	1	3	0	407
22010	469	5	1	4	0	479
22011	486	1	1	4	0	492
22012	522	2	1	1	0	526
22013	548	0	1	1	0	550
22014	14	0	548	2	0	564
22015	3	1	10	572	0	586
22016	6	1	4	596	0	607
22017	2	3	571	23	0	599
22018	1	2	568	11	0	582
22019	581	1	20	5	0	607
22020	17	0	7	584	0	608
22021	7	1	587	15	0	610
22022	5	0	571	8	0	584
22023	572	2	19	4	0	597
22024	592	2	6	6	0	606
22025	600	1	3	5	0	609
22026	23	1	582	3	0	609
22027	12	2	14	588	0	616
22028	12	1	602	14	0	629
22029	615	1	15	8	0	639
22030	19	0	633	3	0	655
22031	7	2	18	632	0	659
22032	3	3	8	634	0	648
22033	7	633	1	24	0	665
22034	653	16	3	6	0	678
22035	20	5	654	2	0	681
22036	648	1	17	6	0	672
22037	23	4	675	2	0	704
22038	12	2	18	647	0	679
22039	9	2	8	659	0	678
22040	10	2	4	673	0	689
22041	651	2	4	25	0	682
22042	26	1	2	640	0	669
22043	11	1	3	659	0	674
22044	5	631	6	25	0	667
22045	8	16	4	639	0	667
22046	636	5	3	22	0	666
22047	22	5	623	8	0	658
22048	13	3	16	624	0	656
22049	7	0	630	21	0	658
22050	11	607	15	10	0	643
22051	5	13	628	5	0	651
22052	614	5	26	12	0	657
22053	645	2	11	6	0	664
22054	25	3	5	625	0	658
22055	628	0	9	20	0	657
22056	642	1	9	12	0	664
22057	28	1	8	636	0	673
22058	11	3	10	642	0	666
22059	14	0	634	25	0	673
22060	10	618	20	11	0	659
22061	631	15	10	14	0	670
22062	22	614	8	11	0	655
22063	13	17	8	619	0	657
22064	13	7	6	623	0	649
22065	12	2	9	632	0	655
22066	9	3	5	641	0	658
22067	8	4	613	27	0	652
22068	599	2	20	16	0	637
22069	632	3	12	12	0	659
22070	31	3	4	615	0	653
22071	618	5	7	23	0	653
22072	25	2	7	630	0	664
22073	17	2	617	24	0	660
22074	7	11	23	614	0	655
22075	15	618	6	27	0	666
22076	7	17	7	604	0	635
22077	7	617	7	32	0	663
22078	7	18	3	609	0	637
22079	5	619	3	25	0	652
22080	616	19	4	14	0	653
22081	19	7	607	10	0	643
22082	12	575	14	13	0	614
22083	9	609	8	9	0	635
22084	8	17	4	591	0	620
22085	8	4	7	589	0	608
22086	7	2	8	598	0	615
22087	8	6	7	595	0	616
22088	5	580	6	26	0	617
22089	8	15	5	580	0	608
22090	8	7	5	585	0	605
22091	571	5	4	22	0	602
22092	23	4	2	573	0	602
22093	10	3	560	23	0	596
22094	9	2	538	15	0	564
22095	532	2	17	11	0	562
22096	14	530	7	15	0	566
22097	7	549	6	7	0	569
22098	4	17	5	533	0	559
22099	5	7	2	548	0	562
22100	5	3	511	23	0	542
22101	502	4	11	11	0	528
22102	515	2	6	10	0	533
22103	17	2	541	12	0	572
22104	6	1	524	8	0	539
22105	540	3	16	8	0	567
22106	565	2	5	9	0	581
22107	568	2	5	7	0	582
22108	557	1	3	10	0	571
22109	21	525	1	7	0	554
22110	461	10	2	6	0	479
22111	11	7	437	7	0	462
22112	8	3	401	6	0	418
22113	0	5	406	6	0	417
22114	7	10	15	366	0	398
22115	366	2	3	7	0	378
22116	367	0	0	3	0	370
22117	3	0	1	368	0	372
22118	1	0	2	347	0	350
22119	2	0	0	364	0	366
22120	2	380	0	5	0	387
22121	393	3	0	4	0	400
22122	400	0	0	1	0	401
22123	407	1	1	2	0	411
22124	407	0	3	1	0	411
22125	407	0	2	0	0	409
22126	3	1	1	394	0	399
22127	0	383	1	3	0	387
22128	0	3	0	366	0	369
22129	1	0	0	352	0	353
22130	344	0	1	3	0	348
22131	3	0	329	0	0	332
22132	1	0	307	1	0	309
22133	1	0	316	0	0	317
22134	331	0	0	0	0	331
22135	330	2	1	1	0	334
22136	1	0	0	345	0	346
22137	0	0	0	324	0	324
22138	0	0	0	337	0	337
22139	0	0	342	1	0	343
22140	0	0	2	342	0	344
22141	0	1	365	2	0	368
22142	0	0	2	365	0	367
22143	0	0	0	370	0	370
22144	0	0	0	378	0	378
22145	377	0	0	3	0	380
22146	377	0	0	0	0	377
22147	2	0	372	0	0	374
22148	365	0	2	0	0	367
22149	374	0	0	0	0	374
22150	2	0	0	372	0	374
22151	379	0	0	4	0	383
22152	2	0	0	393	0	395
22153	0	0	0	397	0	397
22154	0	0	390	4	0	394
22155	384	0	3	1	0	388
22156	4	0	1	400	0	405
22157	1	0	399	3	0	403
22158	0	0	428	1	0	429
22159	1	0	4	416	0	421
22160	1	1	1	419	0	422
22161	432	0	0	6	0	438
22162	3	0	1	446	0	450
22163	1	0	0	444	0	445
22164	0	0	1	448	0	449
22165	1	0	2	488	0	491
22166	508	0	4	8	0	520
22167	510	0	2	3	0	515
22168	524	0	0	4	0	528
22169	525	0	0	4	0	529
22170	7	0	0	551	0	558
22171	552	0	0	5	0	557
22172	7	0	1	549	0	557
22173	553	0	2	6	0	561
22174	7	0	0	547	0	554
22175	4	0	0	539	0	543
22176	1	541	0	10	0	552
22177	3	5	0	544	0	552
22178	541	2	0	9	0	552
22179	546	0	1	5	0	552
22180	8	0	548	1	0	557
22181	4	539	5	2	0	550
22182	545	5	4	2	0	556
22183	5	559	2	1	0	567
22184	561	5	3	3	0	572
22185	5	579	0	3	0	587
22186	3	5	583	3	0	594
22187	2	589	5	2	0	598
22188	2	588	2	3	0	595
22189	1	7	0	619	0	627
22190	624	2	1	10	0	637
22191	7	0	1	641	0	649
22192	6	0	2	638	0	646
22193	625	0	1	11	0	637
22194	650	0	1	5	0	656
22195	8	2	0	643	0	653
22196	4	0	0	649	0	653
22197	3	0	2	650	0	655
22198	648	0	0	11	0	659
22199	8	0	641	6	0	655
22200	4	0	8	646	0	658
22201	2	2	656	7	0	667
22202	1	642	4	8	0	655
22203	3	5	620	4	0	632
22204	6	3	5	620	0	634
22205	2	0	630	8	0	640
22206	601	2	7	7	0	617
22207	8	2	5	613	0	628
22208	6	620	1	7	0	634
22209	3	7	1	624	0	635
22210	4	620	2	5	0	631
22211	2	616	3	4	0	625
22212	2	638	2	4	0	646
22213	1	10	0	605	0	616
22214	3	612	0	8	0	623
22215	605	5	0	10	0	620
22216	10	3	594	4	0	611
22217	5	1	581	10	0	597
22218	5	0	599	4	0	608
22219	7	2	8	612	0	629
22220	5	0	3	604	0	612
22221	6	1	0	588	0	595
22222	7	0	0	590	0	597
22223	8	0	2	570	0	580
22224	5	585	2	15	0	607
22225	6	6	584	7	0	603
22226	1	7	575	7	0	590
22227	7	608	10	3	0	628
22228	5	10	5	622	0	642
22229	6	3	4	627	0	640
22230	3	2	4	622	0	631
22231	624	4	1	15	0	644
22232	13	5	620	7	0	645
22233	619	4	8	6	0	637
22234	630	3	3	5	0	641
22235	15	605	1	4	0	625
22236	3	604	5	2	0	614
22237	606	15	0	4	0	625
22238	9	6	0	608	0	623
22239	4	3	1	631	0	639
22240	8	1	644	12	0	665
22241	5	3	632	6	0	646
22242	1	1	16	649	0	667
22243	655	3	4	9	0	671
22244	10	4	692	4	0	710
22245	701	2	10	7	0	720
22246	14	0	5	740	0	759
22247	7	2	1	778	0	788
22248	4	0	3	811	0	818
22249	4	3	797	21	0	825
22250	4	767	14	11	0	796
22251	0	810	8	6	0	824
22252	790	19	1	6	0	816
22253	810	6	3	7	0	826
22254	21	2	0	803	0	826
22255	810	0	4	16	0	830
22256	16	0	789	12	0	817
22257	8	1	793	3	0	805
22258	3	3	18	807	0	831
22259	828	1	8	20	0	857
22260	14	4	2	851	0	871
22261	7	4	3	869	0	883
22262	859	1	1	22	0	883
22263	872	2	1	11	0	886
22264	23	900	1	4	0	928
22265	883	17	2	2	0	904
22266	20	7	3	858	0	888
22267	9	851	1	19	0	880
22268	859	17	2	8	0	886
22269	19	864	2	5	0	890
22270	7	20	1	845	0	873
22271	849	7	1	18	0	875
22272	23	1	823	9	0	856
22273	8	2	822	3	0	835
22274	5	0	22	825	0	852
22275	3	0	7	854	0	864
22276	0	2	2	835	0	839
22277	2	833	1	28	0	864
22278	852	20	0	11	0	883
22279	858	7	1	6	0	872
22280	868	4	0	2	0	874
22281	27	858	1	2	0	888
22282	12	19	1	934	0	966
22283	7	6	0	944	0	957
22284	3	2	2	956	0	963
22285	905	2	2	31	0	940
22286	21	904	1	14	0	940
22287	8	21	2	912	0	943
22288	6	5	1	929	0	941
22289	4	2	889	30	0	925
22290	2	886	18	12	0	918
22291	2	22	6	896	0	926
22292	5	7	4	908	0	924
22293	5	5	2	914	0	926
22294	870	6	0	34	0	910
22295	24	867	1	17	0	909
22296	873	20	2	13	0	908
22297	27	9	1	874	0	911
22298	875	7	2	23	0	907
22299	25	5	849	13	0	892
22300	856	2	19	15	0	892
22301	875	0	9	10	0	894
22302	32	4	864	3	0	903
22303	12	5	24	870	0	911
22304	7	4	8	876	0	895
22305	898	0	4	41	0	943
22306	22	2	2	917	0	943
22307	13	5	2	918	0	938
22308	12	4	3	921	0	940
22309	9	2	887	35	0	933
22310	872	2	19	17	0	910
22311	26	894	15	8	0	943
22312	13	24	4	883	0	924
22313	9	893	3	27	0	932
22314	11	940	1	16	0	968
22315	8	23	2	933	0	966
22316	8	15	925	30	0	978
22317	8	9	939	14	0	970
22318	5	3	35	954	0	997
22319	6	2	952	30	0	990
22320	936	7	26	18	0	987
22321	23	3	8	973	0	1007
22322	12	8	3	976	0	999
22323	11	976	3	36	0	1026
22324	9	21	2	980	0	1012
22325	7	11	6	970	0	994
22326	4	953	4	34	0	995
22327	3	25	2	962	0	992
22328	7	10	3	955	0	975
22329	5	930	5	32	0	972
22330	938	24	3	26	0	991
22331	25	11	932	12	0	980
22332	13	9	916	7	0	945
22333	7	6	28	934	0	975
22334	6	8	14	954	0	982
22335	3	7	934	35	0	979
22336	5	4	916	23	0	948
22337	887	6	22	18	0	933
22338	22	935	11	13	0	981
22339	909	20	8	11	0	948
22340	24	12	897	6	0	939
22341	14	890	19	4	0	927
22342	8	20	11	917	0	956
22343	8	8	924	31	0	971
22344	3	8	886	11	0	908
22345	9	10	23	922	0	964
22346	11	1	896	25	0	933
22347	5	888	26	8	0	927
22348	4	14	13	874	0	905
22349	5	8	873	20	0	906
22350	9	872	14	12	0	907
22351	876	17	7	12	0	912
22352	18	7	862	11	0	898
22353	8	860	19	11	0	898
22354	8	21	10	860	0	899
22355	6	6	7	887	0	906
22356	868	11	3	27	0	909
22357	20	5	5	858	0	888
22358	5	4	4	837	0	850
22359	799	5	4	26	0	834
22360	17	4	3	787	0	811
22361	7	4	751	21	0	783
22362	11	4	13	748	0	776
22363	1	7	725	19	0	752
22364	5	5	660	10	0	680
22365	2	6	698	8	0	714
22366	7	3	12	672	0	694
22367	4	1	7	693	0	705
22368	690	1	5	14	0	710
22369	10	2	3	663	0	678
22370	7	711	2	19	0	739
22371	5	6	4	745	0	760
22372	4	4	4	728	0	740
22373	4	731	3	16	0	754
22374	728	7	5	14	0	754
22375	725	4	4	7	0	740
22376	11	713	2	9	0	735
22377	5	701	3	4	0	713
22378	4	13	3	699	0	719
22379	703	6	5	9	0	723
22380	7	5	690	9	0	711
22381	7	5	648	3	0	663
22382	594	0	5	3	0	602
22383	5	622	3	2	0	632
22384	2	7	1	631	0	641
22385	3	2	0	611	0	616
22386	2	1	2	622	0	627
22387	1	0	1	619	0	621
22388	0	605	2	8	0	615
22389	1	6	0	617	0	624
22390	615	1	0	9	0	625
22391	6	1	3	619	0	629
22392	2	3	3	621	0	629
22393	617	0	0	10	0	627
22394	621	2	2	6	0	631
22395	627	2	0	3	0	632
22396	632	0	2	2	0	636
22397	15	1	1	622	0	639
22398	632	2	0	10	0	644
22399	9	2	1	632	0	644
22400	628	0	4	10	0	642
22401	625	1	0	3	0	629
22402	8	0	2	613	0	623
22403	3	1	632	8	0	644
22404	626	1	5	4	0	636
22405	629	1	5	1	0	636
22406	635	1	1	2	0	639
22407	628	2	1	2	0	633
22408	11	1	1	645	0	658
22409	6	1	642	7	0	656
22410	2	3	619	5	0	629
22411	627	0	7	4	0	638
22412	657	0	5	3	0	665
22413	7	644	2	3	0	656
22414	3	645	1	3	0	652
22415	664	5	1	2	0	672
22416	7	4	1	653	0	665
22417	6	1	1	665	0	673
22418	659	0	0	10	0	669
22419	4	684	2	5	0	695
22420	711	5	1	1	0	718
22421	5	2	704	1	0	712
22422	729	0	6	3	0	738
22423	7	1	3	722	0	733
22424	4	0	740	7	0	751
22425	0	754	5	6	0	765
22426	3	9	3	781	0	796
22427	1	3	815	8	0	827
22428	2	0	2	815	0	819
22429	849	1	3	7	0	860
22430	6	1	833	5	0	845
22431	804	0	6	0	0	810
22432	5	830	5	1	0	841
22433	6	5	1	842	0	854
22434	2	3	891	6	0	902
22435	1	1	6	899	0	907
22436	1	2	916	6	0	925
22437	2	899	4	8	0	913
22438	897	5	3	1	0	906
22439	7	922	0	4	0	933
22440	6	6	0	924	0	936
22441	0	4	3	936	0	943
22442	3	1	901	10	0	915
22443	775	3	6	5	0	789
22444	10	839	3	2	0	854
22445	3	792	0	2	0	797
22446	0	822	2	1	0	825
22447	1	7	1	805	0	814
22448	1	801	1	3	0	806
22449	1	7	2	789	0	799
22450	2	789	0	3	0	794
22451	0	5	0	782	0	787
22452	1	791	0	3	0	795
22453	789	1	2	1	0	793
22454	3	1	784	3	0	791
22455	755	0	3	5	0	763
22456	787	1	2	0	0	790
22457	805	1	0	0	0	806
22458	3	814	0	1	0	818
22459	818	2	1	1	0	822
22460	820	1	0	3	0	824
22461	823	0	1	1	0	825
22462	4	0	815	0	0	819
22463	2	1	2	837	0	842
22464	0	1	843	3	0	847
22465	0	1	3	839	0	843
22466	843	0	3	5	0	851
22467	3	832	0	2	0	837
22468	1	3	968	1	0	973
22469	2	3	5	963	0	973
22470	1	1	1	1050	0	1053
22471	0	2	1141	11	0	1154
22472	1119	0	12	5	0	1136
22473	1161	0	4	3	0	1168
22474	1199	0	2	3	0	1204
22475	19	3	2	1174	0	1198
22476	8	1140	0	13	0	1161
22477	2	1189	1	4	0	1196
22478	2	14	1	1203	0	1220
22479	3	5	0	1196	0	1204
22480	2	1184	1	17	0	1204
22481	1191	12	3	6	0	1212
22482	14	1183	1	3	0	1201
22483	7	12	0	1172	0	1191
22484	2	6	1158	13	0	1179
22485	4	1	12	1153	0	1170
22486	1166	4	4	13	0	1187
22487	12	2	1158	5	0	1177
22488	1157	1	12	6	0	1176
22489	1199	1	7	4	0	1211
22490	1224	3	2	4	0	1233
22491	1228	1	1	4	0	1234
22492	1271	1	1	5	0	1278
22493	23	1	1225	2	0	1251
22494	13	0	1209	3	0	1225
22495	1302	3	18	2	0	1325
22496	1350	2	8	2	0	1362
22497	22	1	3	1413	0	1439
22498	11	1430	0	21	0	1462
22499	6	21	1	1448	0	1476
22500	1469	7	2	23	0	1501
22501	19	3	1	1419	0	1442
22502	10	1463	0	23	0	1496
22503	1460	17	4	8	0	1489
22504	1442	8	0	4	0	1454
22505	1454	1	2	2	0	1459
22506	23	1430	2	3	0	1458
22507	12	16	1	1441	0	1470
22508	8	7	2	1418	0	1435
22509	9	1369	1	26	0	1405
22510	10	17	1	1408	0	1436
22511	1396	10	1	20	0	1427
22512	1408	2	1	13	0	1424
22513	33	1363	2	4	0	1402
22514	13	18	3	1389	0	1423
22515	8	10	3	1394	0	1415
22516	7	3	1	1406	0	1417
22517	1356	3	1	30	0	1390
22518	26	2	1325	13	0	1366
22519	1274	8	21	8	0	1311
22520	29	8	1274	10	0	1321
22521	18	5	18	1253	0	1294
22522	5	1216	9	30	0	1260
22523	9	1288	5	11	0	1313
22524	1254	27	7	10	0	1298
22525	1257	12	0	8	0	1277
22526	30	1188	3	15	0	1236
22527	16	1205	1	4	0	1226
22528	1208	28	2	12	0	1250
22529	1222	12	1	8	0	1243
22530	33	1214	2	8	0	1257
22531	1232	24	3	9	0	1268
22532	35	10	1224	5	0	1274
22533	1228	6	21	5	0	1260
22534	1206	4	9	7	0	1226
22535	34	7	4	1172	0	1217
22536	15	1162	4	28	0	1209
22537	15	22	2	1188	0	1227
22538	1182	12	2	30	0	1226
22539	31	2	4	1161	0	1198
22540	21	7	2	1171	0	1201
22541	17	3	1147	33	0	1200
22542	15	3	25	1164	0	1207
22543	12	4	11	1190	0	1217
22544	1170	6	4	40	0	1220
22545	25	9	1170	18	0	1222
22546	1186	5	20	13	0	1224
22547	32	8	12	1179	0	1231
22548	20	8	3	1199	0	1230
22549	12	9	6	1186	0	1213
22550	15	1128	1	35	0	1179
22551	15	1166	1	13	0	1195
22552	12	30	2	1160	0	1204
22553	1158	16	3	30	0	1207
22554	1181	5	4	16	0	1206
22555	44	6	4	1153	0	1207
22556	1159	7	2	31	0	1199
22557	33	7	5	1148	0	1193
22558	26	4	4	1160	0	1194
22559	1106	6	4	41	0	1157
22560	38	1153	1	20	0	1212
22561	1158	28	6	16	0	1208
22562	1160	15	6	14	0	1195
22563	1151	5	4	11	0	1171
22564	39	1120	1	16	0	1176
22565	22	24	5	1124	0	1175
22566	14	16	5	1141	0	1176
22567	17	3	1093	41	0	1154
22568	10	10	21	995	0	1036
22569	7	7	930	33	0	977
22570	4	843	20	18	0	885
22571	8	722	8	9	0	747
22572	6	744	4	11	0	765
22573	19	19	11	748	0	797
22574	6	9	3	763	0	781
22575	6	5	1	768	0	780
22576	5	4	1	773	0	783
22577	7	4	769	25	0	805
22578	7	3	864	15	0	889
22579	8	3	22	895	0	928
22580	9	1	917	20	0	947
22581	926	3	19	15	0	963
22582	946	1	8	11	0	966
22583	31	3	936	6	0	976
22584	13	1	14	939	0	967
22585	11	6	6	952	0	975
22586	6	2	3	974	0	985
22587	9	6	1	965	0	981
22588	12	1	3	964	0	980
22589	605	13	4	33	0	655
22590	913	4	3	15	0	935
22591	21	900	2	10	0	933
22592	10	15	834	10	0	869
22593	5	817	18	12	0	852
22594	4	819	12	3	0	838
22595	780	18	2	3	0	803
22596	14	763	1	5	0	783
22597	5	681	1	2	0	689
22598	668	12	7	3	0	690
22599	17	7	659	1	0	684
22600	647	3	9	4	0	663
22601	13	1	4	661	0	679
22602	7	3	4	641	0	655
22603	2	1	2	651	0	656
22604	1	0	625	19	0	645
22605	2	634	10	8	0	654
22606	639	10	6	3	0	658
22607	13	5	1	643	0	662
22608	4	647	2	13	0	666
22609	3	12	1	672	0	688
22610	2	5	672	15	0	694
22611	1	3	9	683	0	696
22612	3	2	6	688	0	699
22613	1	2	2	694	0	699
22614	689	1	1	17	0	708
22615	13	0	2	693	0	708
22616	6	1	687	14	0	708
22617	4	694	11	7	0	716
22618	4	10	4	696	0	714
22619	2	5	1	714	0	722
22620	2	1	702	17	0	722
22621	1	5	662	8	0	676
22622	673	1	15	3	0	692
22623	662	1	7	4	0	674
22624	14	668	5	2	0	689
22625	667	11	2	0	0	680
22626	14	5	656	2	0	677
22627	11	1	633	2	0	647
22628	633	5	20	5	0	663
22629	641	1	11	5	0	658
22630	12	1	626	4	0	643
22631	602	4	9	4	0	619
22632	11	0	616	7	0	634
22633	607	1	8	3	0	619
22634	622	0	3	2	0	627
22635	13	2	2	601	0	618
22636	3	649	3	11	0	666
22637	495	13	5	3	0	516
22638	9	5	671	3	0	688
22639	5	675	10	3	0	693
22640	685	15	3	2	0	705
22641	652	4	3	2	0	661
22642	14	655	4	1	0	674
22643	5	11	3	663	0	682
22644	4	2	646	14	0	666
22645	6	1	11	652	0	670
22646	4	1	639	16	0	660
22647	3	1	14	638	0	656
22648	2	1	7	646	0	656
22649	1	3	631	15	0	650
22650	5	624	9	8	0	646
22651	3	10	3	636	0	652
22652	2	4	477	16	0	499
22653	617	4	4	5	0	630
22654	13	1	4	628	0	646
22655	3	4	3	638	0	648
22656	635	2	1	14	0	652
22657	11	1	3	632	0	647
22658	4	3	3	612	0	622
22659	4	625	2	10	0	641
22660	5	9	1	609	0	624
22661	2	5	608	13	0	628
22662	4	2	10	589	0	605
22663	2	575	3	13	0	593
22664	5	601	5	3	0	614
22665	4	9	3	605	0	621
22666	608	3	3	9	0	623
22667	12	1	1	605	0	619
22668	609	3	1	10	0	623
22669	12	2	3	606	0	623
22670	605	1	4	12	0	622
22671	615	2	3	6	0	626
22672	17	2	2	599	0	620
22673	9	11	1	585	0	606
22674	3	583	2	9	0	597
22675	3	604	7	5	0	619
22676	2	9	583	4	0	598
22677	3	560	10	7	0	580
22678	436	6	10	6	0	458
22679	4	2	2	445	0	453
22680	3	421	3	7	0	434
22681	435	6	2	2	0	445
22682	7	2	1	434	0	444
22683	2	2	2	418	0	424
22684	5	2	1	419	0	427
22685	1	2	2	422	0	427
22686	2	437	4	9	0	452
22687	4	445	2	1	0	452
22688	466	6	3	3	0	478
22689	9	475	0	3	0	487
22690	5	9	1	480	0	495
22691	5	3	1	490	0	499
22692	3	2	3	492	0	500
22693	3	1	2	494	0	500
22694	489	3	2	10	0	504
22695	496	2	1	4	0	503
22696	9	5	490	1	0	505
22697	5	1	8	493	0	507
22698	3	1	503	10	0	517
22699	5	1	8	499	0	513
22700	5	1	1	510	0	517
22701	528	1	0	13	0	542
22702	9	1	1	528	0	539
22703	2	2	540	10	0	554
22704	3	0	505	8	0	516
22705	528	2	11	4	0	545
22706	9	1	544	5	0	559
22707	2	4	6	527	0	539
22708	4	0	554	6	0	564
22709	0	1	6	539	0	546
22710	2	554	2	8	0	566
22711	2	6	4	553	0	565
22712	2	549	1	9	0	561
22713	1	560	4	1	0	566
22714	1	7	2	555	0	565
22715	542	1	2	8	0	553
22716	4	555	1	3	0	563
22717	1	7	0	549	0	557
22718	553	1	1	11	0	566
22719	558	2	1	2	0	563
22720	570	3	1	0	0	574
22721	7	1	0	570	0	578
22722	2	1	1	571	0	575
22723	577	3	0	5	0	585
22724	579	0	2	3	0	584
22725	592	0	0	0	0	592
22726	7	1	0	583	0	591
22727	2	0	570	7	0	579
22728	567	0	5	2	0	574
22729	7	1	0	572	0	580
22730	4	588	0	4	0	596
22731	1	5	0	597	0	603
22732	1	601	1	7	0	610
22733	4	7	0	620	0	631
22734	2	0	622	6	0	630
22735	3	614	2	2	0	621
22736	0	2	1	598	0	601
22737	0	2	1	589	0	592
22738	2	0	1	579	0	582
22739	613	1	1	7	0	622
22740	5	617	0	4	0	626
22741	2	3	1	644	0	650
22742	653	3	0	7	0	663
22743	654	1	1	5	0	661
22744	7	0	3	660	0	670
22745	3	2	671	7	0	683
22746	3	0	6	668	0	677
22747	1	672	1	8	0	682
22748	1	4	1	693	0	699
22749	694	1	0	9	0	704
22750	6	3	1	716	0	726
22751	1	0	734	10	0	745
22752	2	799	6	1	0	808
22753	813	5	1	4	0	823
22754	7	3	822	2	0	834
22755	833	1	8	3	0	845
22756	11	1	1	857	0	870
22757	1	2	1	878	0	882
22758	3	867	2	9	0	881
22759	894	10	1	3	0	908
22760	12	1	0	904	0	917
22761	1	3	3	908	0	915
22762	5	1	0	933	0	939
22763	3	1	927	13	0	944
22764	2	0	8	930	0	940
22765	937	2	1	11	0	951
22766	953	0	2	5	0	960
22767	9	0	1	953	0	963
22768	5	1	1	958	0	965
22769	945	0	0	13	0	958
22770	9	2	938	3	0	952
22771	921	0	7	6	0	934
22772	12	1	911	1	0	925
22773	3	0	914	1	0	918
22774	3	0	8	932	0	943
22775	0	1	939	11	0	951
22776	931	0	7	4	0	942
22777	8	0	4	958	0	970
22778	3	1	946	10	0	960
22779	932	0	10	6	0	948
22780	949	1	5	7	0	962
22781	12	0	964	6	0	982
22782	7	0	9	940	0	956
22783	6	983	3	10	0	1002
22784	1006	7	2	12	0	1027
22785	12	2	1029	4	0	1047
22786	972	3	7	4	0	986
22787	12	1014	3	7	0	1036
22788	1009	6	7	2	0	1024
22789	1022	1	2	8	0	1033
22790	1031	6	4	3	0	1044
22791	13	2	0	1041	0	1056
22792	6	1036	2	7	0	1051
22793	8	6	1029	3	0	1046
22794	2	1040	6	6	0	1054
22795	3	14	2	983	0	1002
22796	3	999	4	7	0	1013
22797	3	1035	3	1	0	1042
22798	1010	8	2	4	0	1024
22799	9	2	999	4	0	1014
22800	3	6	1009	5	0	1023
22801	6	2	1040	2	0	1050
22802	3	1037	11	3	0	1054
22803	1032	6	2	6	0	1046
22804	1037	3	2	8	0	1050
22805	1033	2	1	7	0	1043
22806	11	1021	2	6	0	1040
22807	7	5	2	1068	0	1082
22808	3	3	1046	13	0	1065
22809	8	5	1013	3	0	1029
22810	1033	3	8	13	0	1057
22811	1077	2	6	6	0	1091
22812	1074	1	5	9	0	1089
22813	16	1	1050	5	0	1072
22814	1057	4	9	8	0	1078
22815	15	1	2	1060	0	1078
22816	6	3	7	1062	0	1078
22817	10	1	1118	14	0	1143
22818	3	1115	14	12	0	1144
22819	6	10	5	1148	0	1169
22820	5	2	1125	17	0	1149
22821	1102	4	17	7	0	1130
22822	20	0	4	1142	0	1166
22823	9	1	8	1144	0	1162
22824	1143	0	4	16	0	1163
22825	11	3	3	1140	0	1157
22826	1137	2	6	15	0	1160
22827	1140	0	2	7	0	1149
22828	17	0	5	1132	0	1154
22829	13	1	7	1127	0	1148
22830	1118	2	8	13	0	1141
22831	12	2	5	1131	0	1150
22832	1131	0	4	14	0	1149
22833	1110	1	6	8	0	1125
22834	1101	1	3	11	0	1116
22835	14	5	4	1089	0	1112
22836	11	2	6	1086	0	1105
22837	1081	1	5	14	0	1101
22838	16	1065	2	3	0	1086
22839	4	1018	3	6	0	1031
22840	1016	7	4	4	0	1031
22841	9	5	974	2	0	990
22842	992	4	7	5	0	1008
22843	12	2	3	1035	0	1052
22844	6	3	1046	6	0	1061
22845	1036	6	5	2	0	1049
22846	14	3	0	1049	0	1066
22847	8	1	4	1064	0	1077
22848	10	0	4	1087	0	1101
22849	8	0	2	1090	0	1100
22850	1063	6	1	9	0	1079
22851	11	1035	2	2	0	1050
22852	953	5	0	5	0	963
22853	6	0	944	1	0	951
22854	0	2	926	0	0	928
22855	1	958	3	0	0	962
22856	2	8	7	948	0	965
22857	1	0	939	4	0	944
22858	0	853	5	3	0	861
22859	1	3	891	0	0	895
22860	0	0	3	888	0	891
22861	0	0	1	879	0	880
22862	891	0	0	6	0	897
22863	3	0	0	882	0	885
22864	886	0	0	3	0	889
22865	3	0	888	0	0	891
22866	0	899	3	1	0	903
22867	1	3	0	934	0	938
22868	2	0	0	1010	0	1012
22869	0	0	1019	3	0	1022
22870	3	0	965	2	0	970
22871	1002	0	3	3	0	1008
22872	1065	0	0	3	0	1068
22873	3	0	0	1069	0	1072
22874	0	0	0	1077	0	1077
22875	0	1052	0	2	0	1054
22876	0	3	0	1115	0	1118
22877	1137	0	0	5	0	1142
22878	1170	0	0	2	0	1172
22879	4	1181	0	0	0	1185
22880	1195	5	0	3	0	1203
22881	1201	0	0	1	0	1202
22882	7	1	0	1325	0	1333
22883	0	1330	0	14	0	1344
22884	2	9	1	1362	0	1374
22885	0	2	0	1366	0	1368
22886	0	0	1335	12	0	1347
22887	1375	1	10	1	0	1387
22888	14	0	1	1463	0	1478
22889	3	0	0	1507	0	1510
22890	0	1652	1	18	0	1671
22891	3	23	0	1724	0	1750
22892	1727	1	1	32	0	1761
22893	1813	3	0	4	0	1820
22894	35	5	1776	6	0	1822
22895	2	4	1792	7	0	1805
22896	8	1	31	1842	0	1882
22897	9	0	4	1887	0	1900
22898	6	2	1855	34	0	1897
22899	4	1	1877	4	0	1886
22900	7	1	34	1825	0	1867
22901	2	0	1854	43	0	1899
22902	0	3	1857	8	0	1868
22903	1	1	42	1846	0	1890
22904	1881	1	6	44	0	1932
22905	1927	0	9	11	0	1947
22906	35	1	11	1894	0	1941
22907	8	1	6	1917	0	1932
22908	1899	1	2	38	0	1940
22909	41	0	2	1882	0	1925
22910	1867	1	1	45	0	1914
22911	1901	0	4	12	0	1917
22912	39	1	3	1882	0	1925
22913	8	1	4	1917	0	1930
22914	1875	0	1	44	0	1920
22915	40	1837	3	10	0	1890
22916	10	1871	4	15	0	1900
22917	9	30	2	1809	0	1850
22918	8	3	1777	38	0	1826
22919	6	12	28	1771	0	1817
22920	1780	7	2	41	0	1830
22921	37	2	6	1794	0	1839
22922	1779	3	19	36	0	1837
22923	35	1	1780	12	0	1828
22924	1777	1	31	15	0	1824
22925	41	0	7	1795	0	1843
22926	8	1	7	1831	0	1847
22927	11	1	1837	41	0	1890
22928	15	3	34	1816	0	1868
22929	10	2	5	1879	0	1896
22930	1	2	11	1895	0	1909
22931	1835	5	8	43	0	1891
22932	37	1	1831	20	0	1889
22933	10	4	1790	19	0	1823
22934	1800	1	33	16	0	1850
22935	1861	0	10	14	0	1885
22936	44	0	1837	12	0	1893
22937	12	0	42	1813	0	1867
22938	14	1835	9	44	0	1902
22939	16	33	11	1887	0	1947
22940	1878	2	14	43	0	1937
22941	1904	3	10	18	0	1935
22942	35	9	9	1871	0	1924
22943	7	1827	10	47	0	1891
22944	17	30	7	1791	0	1845
22945	20	1795	8	35	0	1858
22946	1807	32	8	23	0	1870
22947	1753	9	11	17	0	1790
22948	1781	6	3	22	0	1812
22949	43	1701	9	19	0	1772
22950	13	1768	13	11	0	1805
22951	21	40	7	1751	0	1819
22952	23	6	4	1794	0	1827
22953	17	6	6	1777	0	1806
22954	11	8	8	1796	0	1823
22955	11	7	1722	52	0	1792
22956	1670	8	35	26	0	1739
22957	38	6	1760	26	0	1830
22958	1828	2	35	26	0	1891
22959	51	4	1889	13	0	1957
22960	1862	1	47	21	0	1931
22961	57	4	1896	15	0	1972
22962	1877	4	45	14	0	1940
22963	61	4	11	1909	0	1985
22964	1928	5	17	51	0	2001
22965	60	2	6	1918	0	1986
22966	17	3	11	1941	0	1972
22967	19	2	7	1892	0	1920
22968	13	1788	12	51	0	1864
22969	1780	36	5	28	0	1849
22970	1794	4	7	27	0	1832
22971	49	1775	6	25	0	1855
22972	25	41	5	1752	0	1823
22973	20	10	1723	48	0	1801
22974	1718	7	42	20	0	1787
22975	1774	8	11	12	0	1805
22976	1742	9	9	17	0	1777
22977	57	3	10	1649	0	1719
22978	19	1605	7	49	0	1680
22979	30	41	8	1588	0	1667
22980	1593	5	7	51	0	1656
22981	60	10	7	1523	0	1600
22982	12	1426	5	48	0	1491
22983	1384	32	4	17	0	1437
22984	46	5	1384	17	0	1452
22985	18	6	1348	13	0	1385
22986	16	1346	32	18	0	1412
22987	22	1318	11	9	0	1360
22988	28	30	1234	6	0	1298
22989	12	10	1169	9	0	1200
22990	28	34	23	920	0	1005
22991	940	1	13	22	0	976
22992	15	2	952	5	0	974
22993	5	912	12	10	0	939
22994	916	12	4	4	0	936
22995	13	905	2	3	0	923
22996	868	12	2	1	0	883
22997	12	845	2	2	0	861
22998	4	882	2	2	0	890
22999	5	10	3	877	0	895
23000	5	5	2	876	0	888
23001	5	3	829	13	0	850
23002	7	0	8	824	0	839
23003	823	3	3	13	0	842
23004	833	4	2	4	0	843
23005	14	2	0	809	0	825
23006	6	4	786	10	0	806
23007	3	1	782	6	0	792
23008	2	2	11	807	0	822
23009	3	1	801	10	0	815
23010	1	1	13	798	0	813
23011	3	2	2	785	0	792
23012	3	2	911	13	0	929
23013	884	1	14	6	0	905
23014	922	1	5	2	0	930
23015	22	1	928	1	0	952
23016	7	1	971	3	0	982
23017	3	0	21	1017	0	1041
23018	1	0	7	1137	0	1145
23019	3	1	2	1159	0	1165
23020	2	1	3	1156	0	1162
23021	1146	2	0	23	0	1171
23022	1235	0	1	10	0	1246
23023	22	3	2	1311	0	1338
23024	9	2	3	1374	0	1388
23025	6	0	1462	29	0	1497
23026	2	2	27	1498	0	1529
23027	4	1	13	1558	0	1576
23028	1567	1	5	48	0	1621
23029	42	1631	6	24	0	1703
23030	15	34	3	1642	0	1694
23031	10	11	3	1670	0	1694
23032	11	6	4	1653	0	1674
23033	3	1454	3	63	0	1523
23034	3	1617	4	28	0	1652
23035	5	41	2	1625	0	1673
23036	7	17	2	1622	0	1648
23037	1	12	4	1640	0	1657
23038	1540	4	3	64	0	1611
23039	46	1563	3	32	0	1644
23040	1580	42	3	18	0	1643
23041	1602	14	4	19	0	1639
23042	56	9	2	1578	0	1645
23043	21	1549	6	47	0	1623
23044	1576	39	2	31	0	1648
23045	50	13	2	1585	0	1650
23046	1600	12	3	55	0	1670
23047	50	10	1	1619	0	1680
23048	25	5	1584	59	0	1673
23049	14	4	1625	32	0	1675
23050	11	8	43	1642	0	1704
23051	7	8	13	1675	0	1703
23052	11	5	8	1658	0	1682
23053	6	1550	4	72	0	1632
23054	10	1673	5	30	0	1718
23055	1642	47	3	19	0	1711
23056	1632	20	3	22	0	1677
23057	52	1560	2	18	0	1632
23058	20	1466	2	18	0	1506
23059	15	1539	3	18	0	1575
23060	1474	48	2	13	0	1537
23061	36	1493	4	16	0	1549
23062	20	45	3	1502	0	1570
23063	1494	17	1	47	0	1559
23064	1507	8	0	28	0	1543
23065	46	15	3	1474	0	1538
23066	20	7	1428	46	0	1501
23067	22	7	1445	18	0	1492
23068	19	7	38	1454	0	1518
23069	11	7	1469	50	0	1537
23070	14	7	39	1473	0	1533
23071	9	9	14	1502	0	1534
23072	9	10	1464	54	0	1537
23073	17	8	1462	29	0	1516
23074	15	6	46	1478	0	1545
23075	14	9	19	1534	0	1576
23076	1470	11	16	57	0	1554
23077	39	1451	11	30	0	1531
23078	17	1545	6	30	0	1598
23079	1502	48	4	26	0	1580
23080	1524	28	7	15	0	1574
23081	51	1498	5	26	0	1580
23082	27	1525	7	24	0	1583
23083	1531	47	9	19	0	1606
23084	47	18	6	1519	0	1590
23085	1490	21	6	51	0	1568
23086	46	1495	9	32	0	1582
23087	1505	39	6	27	0	1577
23088	45	25	1474	29	0	1573
23089	1491	9	36	25	0	1561
23090	52	16	1495	17	0	1580
23091	35	9	39	1474	0	1557
23092	1459	13	16	56	0	1544
23093	52	8	1405	35	0	1500
23094	21	14	45	1438	0	1518
23095	1421	13	21	60	0	1515
23096	46	10	1404	36	0	1496
23097	33	12	33	1438	0	1516
23098	1406	14	13	60	0	1493
23099	48	1400	13	35	0	1496
23100	22	39	13	1422	0	1496
23101	21	20	8	1411	0	1460
23102	25	12	7	1440	0	1484
23103	21	1408	6	59	0	1494
23104	19	51	4	1460	0	1534
23105	22	25	4	1503	0	1554
23106	25	18	8	1492	0	1543
23107	25	14	11	1527	0	1577
23108	19	16	1458	71	0	1564
23109	1422	8	37	37	0	1504
23110	1458	12	18	28	0	1516
23111	55	1448	15	25	0	1543
23112	27	40	15	1360	0	1442
23113	27	14	9	1388	0	1438
23114	26	1354	9	51	0	1440
23115	17	36	6	1343	0	1402
23116	1295	16	10	51	0	1372
23117	34	1226	12	24	0	1296
23118	1163	29	9	21	0	1222
23119	35	15	5	1151	0	1206
23120	15	10	1119	46	0	1190
23121	15	1145	24	29	0	1213
23122	1066	30	20	21	0	1137
23123	30	950	8	17	0	1005
23124	14	948	9	16	0	987
23125	811	20	12	10	0	853
23126	28	4	823	8	0	863
23127	4	736	15	8	0	763
23128	673	12	21	7	0	713
23129	630	3	4	1	0	638
23130	8	642	0	2	0	652
23131	4	8	0	665	0	677
23132	1	4	679	8	0	692
23133	1	1	5	683	0	690
23134	2	1	3	664	0	670
23135	1	2	3	716	0	722
23136	3	2	709	10	0	724
23137	5	0	4	706	0	715
23138	0	5	712	6	0	723
23139	1	1	664	3	0	669
23140	625	0	5	6	0	636
23141	6	689	2	2	0	699
23142	1	700	1	2	0	704
23143	3	6	2	720	0	731
23144	776	2	1	10	0	789
23145	785	2	3	4	0	794
23146	770	0	0	3	0	773
23147	775	2	3	1	0	781
23148	755	0	0	1	0	756
23149	11	0	725	1	0	737
23150	4	2	4	730	0	740
23151	1	713	1	9	0	724
23152	2	6	2	751	0	761
23153	746	3	2	9	0	760
23154	6	738	0	5	0	749
23155	3	6	0	764	0	773
23156	764	2	2	11	0	779
23157	808	3	2	3	0	816
23158	10	0	1	802	0	813
23159	4	1	4	780	0	789
23160	2	2	2	791	0	797
23161	3	0	770	10	0	783
23162	2	2	774	3	0	781
23163	1	3	9	798	0	811
23164	4	0	1	812	0	817
23165	819	0	3	9	0	831
23166	812	3	1	2	0	818
23167	826	0	0	3	0	829
23168	817	1	1	4	0	823
23169	821	1	1	5	0	828
23170	8	826	1	3	0	838
23171	866	8	1	6	0	881
23172	878	1	1	5	0	885
23173	876	1	0	5	0	882
23174	10	2	1	906	0	919
23175	1	2	884	16	0	903
23176	6	1	14	911	0	932
23177	3	1	992	18	0	1014
23178	2	2	15	938	0	957
23179	0	971	0	21	0	992
23180	977	15	1	4	0	997
23181	1022	1	1	4	0	1028
23182	16	1	3	1025	0	1045
23183	4	0	1	1110	0	1115
23184	2	1	0	1113	0	1116
23185	3	1112	2	18	0	1135
23186	1120	16	0	5	0	1141
23187	1127	1	1	2	0	1131
23188	19	1117	0	1	0	1137
23189	6	15	0	1131	0	1152
23190	3	2	0	1129	0	1134
23191	4	1127	0	15	0	1146
23192	1143	14	0	3	0	1160
23193	1161	0	0	1	0	1162
23194	18	1	0	1148	0	1167
23195	1	2	1145	18	0	1166
23196	3	0	1097	4	0	1104
23197	1	0	19	1200	0	1220
23198	2	1	5	1212	0	1220
23199	0	2	2	1250	0	1254
23200	1233	0	0	22	0	1255
23201	1255	1	1	6	0	1263
23202	20	1280	0	5	0	1305
23203	1293	18	1	4	0	1316
23204	20	1	1273	5	0	1299
23205	0	5	1267	2	0	1274
23206	5	1345	18	0	0	1368
23207	1346	17	1	2	0	1366
23208	17	1334	1	3	0	1355
23209	1349	17	0	5	0	1371
23210	20	0	1334	4	0	1358
23211	2	4	1330	0	0	1336
23212	4	1	16	1320	0	1341
23213	6	2	1374	17	0	1399
23214	3	1	18	1410	0	1432
23215	3	2	2	1281	0	1288
23216	1	1389	4	18	0	1412
23217	2	19	0	1428	0	1449
23218	2	2	1	1463	0	1468
23219	1497	3	2	21	0	1523
23220	20	1484	1	5	0	1510
23221	4	18	4	1521	0	1547
23222	2	4	1507	24	0	1537
23223	1333	2	19	8	0	1362
23224	21	1	1511	5	0	1538
23225	5	2	21	1494	0	1522
23226	4	1541	0	18	0	1563
23227	4	16	1	1547	0	1568
23228	1558	3	2	27	0	1590
23229	1575	4	2	2	0	1583
23230	22	1586	3	6	0	1617
23231	1644	18	1	11	0	1674
23232	1669	7	1	7	0	1684
23233	1666	2	0	5	0	1673
23234	1699	3	3	7	0	1712
23235	1596	3	1	7	0	1607
23236	22	4	1655	0	0	1681
23237	7	0	21	1656	0	1684
23238	5	0	4	1619	0	1628
23239	4	2	3	1673	0	1682
23240	2	1647	2	25	0	1676
23241	4	20	1	1660	0	1685
23242	5	4	1660	22	0	1691
23243	5	1587	21	5	0	1618
23244	6	1596	6	3	0	1611
23245	7	20	5	1604	0	1636
23246	1	7	6	1604	0	1618
23247	6	3	1	1600	0	1610
23248	1	1560	3	32	0	1596
23249	4	1592	1	6	0	1603
23250	1598	26	3	5	0	1632
23251	1612	3	2	7	0	1624
23252	21	1612	3	2	0	1638
23253	1633	23	1	4	0	1661
23254	1693	3	5	8	0	1709
23255	24	5	6	1704	0	1739
23256	6	4	2	1772	0	1784
23257	9	2	4	1765	0	1780
23258	2	3	1777	29	0	1811
23259	4	2	1761	7	0	1774
23260	2	1888	31	4	0	1925
23261	1918	27	5	10	0	1960
23262	33	4	1933	6	0	1976
23263	1903	4	32	9	0	1948
23264	35	6	2029	3	0	2073
23265	2021	1	32	11	0	2065
23266	36	2099	9	4	0	2148
23267	2135	30	8	9	0	2182
23268	41	5	7	2107	0	2160
23269	16	5	4	2165	0	2190
23270	4	9	2141	41	0	2195
23271	6	2203	28	15	0	2252
23272	7	33	6	2227	0	2273
23273	5	9	2224	36	0	2274
23274	2042	3	27	14	0	2086
23275	25	2182	8	5	0	2220
23276	2168	26	3	9	0	2206
23277	25	2085	1	4	0	2115
23278	11	24	1	2099	0	2135
23279	2093	10	1	26	0	2130
23280	27	2101	1	6	0	2135
23281	10	25	1	2101	0	2137
23282	5	8	2059	24	0	2096
23283	1938	4	21	12	0	1975
23284	28	4	7	2030	0	2069
23285	9	5	1998	25	0	2037
23286	4	1984	24	12	0	2024
23287	7	21	5	2021	0	2054
23288	2	7	1998	29	0	2036
23289	2	6	24	1952	0	1984
23290	5	1987	7	25	0	2024
23291	3	2045	5	11	0	2064
23292	3	25	2016	3	0	2047
23293	4	8	22	2018	0	2052
23294	5	4	2033	24	0	2066
23295	1982	3	23	9	0	2017
23296	24	7	8	1968	0	2007
23297	10	1909	1	24	0	1944
23298	3	1991	9	7	0	2010
23299	1957	20	5	8	0	1990
23300	19	1982	2	5	0	2008
23301	2009	23	3	7	0	2042
23302	23	13	1972	2	0	2010
23303	1881	4	19	10	0	1914
23304	23	1944	5	2	0	1974
23305	1951	23	7	7	0	1988
23306	20	1889	3	4	0	1916
23307	11	21	5	1891	0	1928
23308	5	7	4	1922	0	1938
23309	4	4	1895	28	0	1931
23310	1819	2	22	11	0	1854
23311	23	6	1922	4	0	1955
23312	1976	2	22	6	0	2006
23313	28	2	13	1959	0	2002
23314	13	3	1	2008	0	2025
23315	4	2004	5	36	0	2049
23316	7	25	5	2062	0	2099
23317	6	10	3	2105	0	2124
23318	2	3	2064	39	0	2108
23319	1907	5	29	11	0	1952
23320	29	1976	8	8	0	2021
23321	1990	26	2	12	0	2030
23322	31	11	4	1993	0	2039
23323	14	5	2	2020	0	2041
23324	1977	3	4	43	0	2027
23325	30	2018	4	13	0	2065
23326	1980	30	4	9	0	2023
23327	33	1953	3	6	0	1995
23328	11	1978	5	2	0	1996
23329	1959	40	5	7	0	2011
23330	34	11	4	1920	0	1969
23331	15	9	1871	28	0	1923
23332	10	5	27	1849	0	1891
23333	6	14	9	1846	0	1875
23334	6	1852	5	37	0	1900
23335	7	30	3	1893	0	1933
23336	7	13	3	1911	0	1934
23337	6	8	3	1934	0	1951
23338	4	4	6	1992	0	2006
23339	4	7	1940	46	0	1997
23340	2	2	1976	22	0	2002
23341	8	5	42	2019	0	2074
23342	4	4	2019	45	0	2072
23343	4	7	1975	17	0	2003
23344	5	4	48	2020	0	2077
23345	8	2	2047	43	0	2100
23346	8	5	42	1979	0	2034
23347	5	2010	19	38	0	2072
23348	2143	41	10	19	0	2213
23349	40	14	2309	14	0	2377
23350	18	9	46	2319	0	2392
23351	12	6	2358	51	0	2427
23352	10	8	47	2472	0	2537
23353	7	8	23	2539	0	2577
23354	2469	7	11	76	0	2563
23355	56	2	8	2501	0	2567
23356	2400	4	8	61	0	2473
23357	2442	4	5	34	0	2485
23358	71	2333	9	18	0	2431
23359	2304	41	4	12	0	2361
23360	48	2240	5	11	0	2304
23361	27	2313	3	12	0	2355
23362	2258	59	4	10	0	2331
23363	50	23	2221	11	0	2305
23364	24	11	2187	15	0	2237
23365	2104	14	78	10	0	2206
23366	2154	6	20	11	0	2191
23367	57	2119	12	9	0	2197
23368	2178	41	9	9	0	2237
23369	2190	17	9	11	0	2227
23370	2153	7	6	10	0	2176
23371	63	8	5	2074	0	2150
23372	2061	9	5	50	0	2125
23373	52	2124	5	24	0	2205
23374	29	45	3	2181	0	2258
23375	17	18	7	2211	0	2253
23376	14	2167	8	62	0	2251
23377	13	39	10	2216	0	2278
23378	2169	21	12	57	0	2259
23379	2194	8	10	38	0	2250
23380	67	2083	9	18	0	2177
23381	28	2160	5	21	0	2214
23382	2151	50	8	18	0	2227
23383	63	23	2110	17	0	2213
23384	36	14	2113	17	0	2180
23385	27	14	54	2100	0	2195
23386	25	15	20	2151	0	2211
23387	17	16	2108	61	0	2202
23388	15	2010	49	25	0	2099
23389	18	51	23	2033	0	2125
23390	19	22	2093	53	0	2187
23391	13	12	49	2092	0	2166
23392	22	12	24	2091	0	2149
23393	18	2137	11	61	0	2227
23394	21	45	12	2151	0	2229
23395	18	24	8	2166	0	2216
23396	24	12	6	2192	0	2234
23397	2144	13	10	71	0	2238
23398	63	11	9	2095	0	2178
23399	34	2099	7	59	0	2199
23400	2096	53	9	32	0	2190
23401	54	20	2025	20	0	2119
23402	32	18	2011	17	0	2078
23403	2028	15	61	23	0	2127
23404	55	16	29	2044	0	2144
23405	29	12	2025	54	0	2120
23406	21	10	46	2054	0	2131
23407	22	9	26	2121	0	2178
23408	2080	12	10	74	0	2176
23409	2115	11	11	33	0	2170
23410	66	2046	12	31	0	2155
23411	36	41	7	2023	0	2107
23412	22	22	2022	49	0	2115
23413	15	2084	41	31	0	2171
23414	2072	41	21	22	0	2156
23415	44	2137	13	23	0	2217
23416	2128	45	16	25	0	2214
23417	53	24	2128	9	0	2214
23418	2133	10	37	22	0	2202
23419	2210	15	23	18	0	2266
23420	68	9	2227	16	0	2320
23421	29	12	48	2192	0	2281
23422	16	2161	25	52	0	2254
23423	24	2307	8	28	0	2367
23424	18	2350	9	18	0	2395
23425	18	62	9	2276	0	2365
23426	18	26	2299	48	0	2391
23427	18	17	38	2301	0	2374
23428	18	16	19	2339	0	2392
23429	13	9	2295	63	0	2380
23430	20	2271	44	46	0	2381
23431	10	37	27	2279	0	2353
23432	2282	15	15	55	0	2367
23433	47	13	6	2302	0	2368
23434	26	16	12	2277	0	2331
23435	13	2243	6	66	0	2328
23436	2265	43	9	35	0	2352
23437	55	20	10	2287	0	2372
23438	27	13	2232	52	0	2324
23439	16	2213	39	30	0	2298
23440	2167	39	20	18	0	2244
23441	40	24	2173	12	0	2249
23442	2156	16	41	13	0	2226
23443	47	12	22	2140	0	2221
23444	24	2165	11	38	0	2238
23445	2168	36	10	27	0	2241
23446	2147	20	10	17	0	2194
23447	53	2210	8	21	0	2292
23448	23	33	6	2137	0	2199
23449	13	13	5	2004	0	2035
23450	1959	9	4	35	0	2007
23451	31	1944	2	21	0	1998
23452	14	32	5	1808	0	1859
23453	8	1746	4	24	0	1782
23454	4	1765	2	13	0	1784
23455	8	17	7	1739	0	1771
23456	1727	7	3	20	0	1757
23457	18	1736	3	9	0	1766
23458	6	20	3	1755	0	1784
23459	10	6	2	1764	0	1782
23460	8	6	1750	21	0	1785
23461	10	4	1625	10	0	1649
23462	6	1697	15	9	0	1727
23463	8	15	1678	10	0	1711
23464	4	12	19	1658	0	1693
23465	4	14	1672	13	0	1703
23466	10	3	20	1703	0	1736
23467	7	10	4	1722	0	1743
23468	7	4	7	1723	0	1741
23469	1676	1	1	31	0	1709
23470	18	8	3	1664	0	1693
23471	8	5	2	1680	0	1695
23472	8	1649	5	20	0	1682
23473	8	17	4	1608	0	1637
23474	1579	8	5	23	0	1615
23475	17	1615	2	13	0	1647
23476	1631	19	4	16	0	1670
23477	28	9	1642	8	0	1687
23478	4	10	1651	11	0	1676
23479	11	9	14	1724	0	1758
23480	8	11	12	1756	0	1787
23481	4	1758	15	29	0	1806
23482	7	19	8	1660	0	1694
23483	1743	14	12	31	0	1800
23484	1749	10	6	16	0	1781
23485	22	8	4	1787	0	1821
23486	12	7	1895	28	0	1942
23487	14	8	17	1902	0	1941
23488	9	4	6	2002	0	2021
23489	8	6	11	2003	0	2028
23490	7	6	4	1982	0	1999
23491	7	4	6	1955	0	1972
23492	6	1956	5	36	0	2003
23493	1910	23	4	28	0	1965
23494	1935	5	4	17	0	1961
23495	1945	12	6	11	0	1974
23496	36	1961	3	13	0	2013
23497	1970	24	6	11	0	2011
23498	30	1960	5	13	0	2008
23499	9	36	1945	10	0	2000
23500	21	9	22	1937	0	1989
23501	13	13	1955	27	0	2008
23502	11	1977	28	13	0	2029
23503	1964	34	8	21	0	2027
23504	31	11	2027	13	0	2082
23505	14	11	2161	13	0	2199
23506	17	2226	34	8	0	2285
23507	8	40	12	2242	0	2302
23508	13	14	2390	41	0	2458
23509	5	20	43	2327	0	2395
23510	13	7	19	2633	0	2672
23511	8	8	12	2827	0	2855
23512	2861	7	13	72	0	2953
23513	2859	9	5	41	0	2914
23514	78	3	5	2860	0	2946
23515	2817	4	4	73	0	2898
23516	73	4	2723	34	0	2834
23517	33	3	2685	24	0	2745
23518	24	2	2738	16	0	2780
23519	18	3	2735	13	0	2769
23520	11	2681	72	11	0	2775
23521	18	43	52	2630	0	2743
23522	13	16	2696	49	0	2774
23523	2556	11	61	27	0	2655
23524	2684	7	29	21	0	2741
23525	71	2636	22	35	0	2764
23526	2660	48	17	14	0	2739
23527	71	21	14	2642	0	2748
23528	35	14	2700	52	0	2801
23529	27	10	58	2579	0	2674
23530	17	2747	32	44	0	2840
23531	2692	53	23	28	0	2796
23532	2769	27	16	21	0	2833
23533	66	2749	21	21	0	2857
23534	2788	53	10	20	0	2871
23535	2802	22	11	16	0	2851
23536	82	2770	6	12	0	2870
23537	47	57	4	2686	0	2794
23538	32	2741	8	51	0	2832
23539	2753	59	11	26	0	2849
23540	68	37	9	2739	0	2853
23541	2752	18	9	62	0	2841
23542	72	21	8	2743	0	2844
23543	41	13	2705	64	0	2823
23544	2672	15	49	37	0	2773
23545	71	10	2708	21	0	2810
23546	43	11	51	2717	0	2822
23547	32	13	2646	57	0	2748
23548	25	10	53	2649	0	2737
23549	18	14	2659	65	0	2756
23550	2582	10	60	42	0	2694
23551	57	2616	36	28	0	2737
23552	2611	49	22	26	0	2708
23553	70	24	19	2605	0	2718
23554	2589	13	15	71	0	2688
23555	64	2579	19	29	0	2691
23556	40	2557	18	24	0	2639
23557	25	2703	15	19	0	2762
23558	2714	68	14	24	0	2820
23559	67	33	13	2714	0	2827
23560	43	23	10	2760	0	2836
23561	20	17	2713	76	0	2826
23562	25	16	2686	37	0	2764
23563	25	21	65	2734	0	2845
23564	22	15	2774	70	0	2881
23565	19	2737	60	40	0	2856
23566	2722	57	34	35	0	2848
23567	64	34	2763	21	0	2882
23568	37	21	2745	16	0	2819
23569	26	22	81	2732	0	2861
23570	2778	16	39	70	0	2903
23571	69	11	28	2796	0	2904
23572	2795	7	32	85	0	2919
23573	68	8	34	2803	0	2913
23574	40	9	2808	71	0	2928
23575	24	2723	75	40	0	2862
23576	29	54	2777	29	0	2889
23577	19	2772	70	28	0	2889
23578	27	71	43	2738	0	2879
23579	2715	30	25	63	0	2833
23580	66	19	2709	37	0	2831
23581	43	18	66	2706	0	2833
23582	33	13	30	2788	0	2864
23583	2770	15	20	87	0	2892
23584	72	10	19	2742	0	2843
23585	34	2756	18	78	0	2886
23586	2662	57	15	39	0	2773
23587	68	32	2612	33	0	2745
23588	2545	27	54	22	0	2648
23589	73	2604	25	19	0	2721
23590	46	50	19	2523	0	2638
23591	34	2627	12	53	0	2726
23592	2618	59	15	38	0	2730
23593	64	30	2632	31	0	2757
23594	2603	23	53	26	0	2705
23595	74	2693	23	24	0	2814
23596	40	50	16	2722	0	2828
23597	2759	28	15	57	0	2859
23598	2798	16	17	38	0	2869
23599	82	21	15	2746	0	2864
23600	53	15	14	2759	0	2841
23601	29	2751	15	76	0	2871
23602	35	52	11	2778	0	2876
23603	24	3134	11	66	0	3235
23604	15	3267	16	46	0	3344
23605	27	87	13	2971	0	3098
23606	22	3049	6	67	0	3144
23607	22	61	3039	30	0	3152
23608	31	23	3057	29	0	3140
23609	20	3157	71	20	0	3268
23610	17	49	3080	16	0	3162
23611	8	30	2983	10	0	3031
23612	5	14	2781	8	0	2808
23613	2	2759	62	5	0	2828
23614	2710	46	28	4	0	2788
23615	37	2690	19	2	0	2748
23616	12	56	2689	2	0	2759
23617	20	17	39	2664	0	2740
23618	2669	15	12	45	0	2741
23619	45	6	2658	14	0	2723
23620	16	2	49	2660	0	2727
23621	13	4	2717	50	0	2784
23622	15	3	54	2686	0	2758
23623	2663	5	25	60	0	2753
23624	43	5	2704	21	0	2773
23625	13	2738	50	22	0	2823
23626	21	42	19	2715	0	2797
23627	2793	17	25	46	0	2881
23628	51	11	2738	22	0	2822
23629	20	15	49	2644	0	2728
23630	18	2721	20	48	0	2807
23631	2754	49	11	20	0	2834
23632	2846	16	11	14	0	2887
23633	64	15	8	2806	0	2893
23634	29	2784	9	50	0	2872
23635	21	2922	8	18	0	2969
23636	2977	58	6	20	0	3061
23637	56	28	6	2938	0	3028
23638	20	2980	8	60	0	3068
23639	3008	58	6	21	0	3093
23640	58	24	11	3027	0	3120
23641	29	17	2	3057	0	3105
23642	17	16	2916	74	0	3023
23643	13	2939	52	36	0	3040
23644	12	3113	23	27	0	3175
23645	10	69	16	3106	0	3201
23646	3104	29	9	62	0	3204
23647	50	3117	6	23	0	3196
23648	3107	59	9	19	0	3194
23649	66	3079	5	17	0	3167
23650	34	64	4	3125	0	3227
23651	3124	35	11	57	0	3227
23652	65	23	9	3130	0	3227
23653	28	17	3116	69	0	3230
23654	25	14	55	3024	0	3118
23655	17	3079	23	65	0	3184
23656	3076	55	19	30	0	3180
23657	56	3033	11	30	0	3130
23658	30	69	12	2977	0	3088
23659	20	32	8	3017	0	3077
23660	14	30	2942	70	0	3056
23661	14	18	2912	38	0	2982
23662	15	20	70	2940	0	3045
23663	19	14	2914	68	0	3015
23664	14	2909	67	35	0	3025
23665	2909	61	34	25	0	3029
23666	54	32	2955	24	0	3065
23667	2928	28	54	27	0	3037
23668	3030	12	27	19	0	3088
23669	3002	15	24	16	0	3057
23670	3017	17	15	20	0	3069
23671	92	11	16	2958	0	3077
23672	51	15	11	2912	0	2989
23673	32	2886	11	73	0	3002
23674	2895	57	10	41	0	3003
23675	62	34	2842	23	0	2961
23676	32	26	54	2825	0	2937
23677	39	14	30	2844	0	2927
23678	19	18	2763	74	0	2874
23679	19	2775	64	38	0	2896
23680	26	62	30	2638	0	2756
23681	26	27	16	2849	0	2918
23682	2751	26	19	83	0	2879
23683	64	2719	14	48	0	2845
23684	36	55	10	2723	0	2824
23685	26	2710	15	68	0	2819
23686	29	67	8	2773	0	2877
23687	2729	30	10	76	0	2845
23688	2775	29	10	41	0	2855
23689	79	17	9	2738	0	2843
23690	2710	14	9	76	0	2809
23691	2723	12	12	38	0	2785
23692	82	2678	14	25	0	2799
23693	47	49	8	2605	0	2709
23694	31	2651	12	64	0	2758
23695	24	65	12	2638	0	2739
23696	2602	36	9	67	0	2714
23697	66	29	10	2578	0	2683
23698	40	11	8	2610	0	2669
23699	31	23	2496	79	0	2629
23700	33	2350	50	46	0	2479
23701	25	2518	16	30	0	2589
23702	2444	69	12	34	0	2559
23703	59	28	11	2030	0	2128
23704	1873	19	4	52	0	1948
23705	58	1808	8	19	0	1893
23706	22	1733	5	25	0	1785
23707	20	1826	3	19	0	1868
23708	1601	39	19	17	0	1676
23709	29	1593	8	12	0	1642
23710	1549	27	10	14	0	1600
23711	1528	7	2	10	0	1547
23712	1615	7	3	8	0	1633
23713	36	5	2	1738	0	1781
23714	9	8	3	1775	0	1795
23715	4	6	3	1796	0	1809
23716	7	9	2	1788	0	1806
23717	1764	3	3	40	0	1810
23718	30	1731	3	17	0	1781
23719	21	21	1	1731	0	1774
23720	1735	8	1	33	0	1777
23721	27	5	2	1714	0	1748
23722	20	5	2	1696	0	1723
23723	1681	4	0	43	0	1728
23724	28	4	1646	21	0	1699
23725	17	7	21	1611	0	1656
23726	8	0	1631	36	0	1675
23727	10	3	25	1608	0	1646
23728	10	8	9	1592	0	1619
23729	1551	1	3	39	0	1594
23730	29	1499	4	13	0	1545
23731	12	1494	2	13	0	1521
23732	1441	26	2	10	0	1479
23733	23	1485	2	5	0	1515
23734	1494	20	4	5	0	1523
23735	26	7	1499	5	0	1537
23736	1433	4	20	3	0	1460
23737	1451	1	5	8	0	1465
23738	1466	0	2	7	0	1475
23739	29	1	0	1432	0	1462
23740	10	5	0	1431	0	1446
23741	3	1422	0	23	0	1448
23742	8	18	0	1392	0	1418
23743	1384	10	0	17	0	1411
23744	18	1352	0	9	0	1379
23745	6	1378	4	1	0	1389
23746	1388	17	0	3	0	1408
23747	19	10	1377	0	0	1406
23748	12	1	14	1382	0	1409
23749	1	0	1400	17	0	1418
23750	1	0	14	1355	0	1370
23751	1	1385	6	11	0	1403
23752	2	12	1	1416	0	1431
23753	1390	4	0	18	0	1412
23754	14	7	0	1392	0	1413
23755	7	8	1417	15	0	1447
23756	1323	1	13	10	0	1347
23757	15	1404	12	3	0	1434
23758	9	1502	2	6	0	1519
23759	1556	20	4	4	0	1584
23760	1644	10	0	10	0	1664
23761	29	10	1634	0	0	1673
23762	1599	1	21	5	0	1626
23763	24	1639	8	1	0	1672
23764	1650	18	4	8	0	1680
23765	24	8	4	1592	0	1628
23766	12	1515	2	18	0	1547
23767	1545	23	0	9	0	1577
23768	24	14	1507	3	0	1548
23769	16	2	17	1540	0	1575
23770	1581	1	9	24	0	1615
23771	23	1	1576	10	0	1610
23772	1579	2	21	5	0	1607
23773	25	8	7	1563	0	1603
23774	16	1	3	1594	0	1614
23775	5	5	1621	33	0	1664
23776	3	6	20	1627	0	1656
23777	1637	0	8	31	0	1676
23778	23	1614	10	12	0	1659
23779	1635	23	0	11	0	1669
23780	1657	10	1	4	0	1672
23781	35	3	4	1634	0	1676
23782	19	8	1631	27	0	1685
23783	5	1	23	1649	0	1678
23784	1646	2	8	36	0	1692
23785	25	1625	10	12	0	1672
23786	1666	23	2	17	0	1708
23787	42	10	0	1650	0	1702
23788	10	9	4	1689	0	1712
23789	14	2	2	1715	0	1733
23790	9	4	1683	41	0	1737
23791	8	0	28	1708	0	1744
23792	4	1	1676	35	0	1716
23793	7	5	1699	14	0	1725
23794	15	2	33	1898	0	1948
23795	5	8	1903	39	0	1955
23796	2089	1	42	20	0	2152
23797	46	2	17	2143	0	2208
23798	20	1	9	2127	0	2157
23799	16	2146	6	54	0	2222
23800	2171	44	7	26	0	2248
23801	2225	18	2	25	0	2270
23802	66	2212	9	6	0	2293
23803	31	48	5	2212	0	2296
23804	15	16	2198	58	0	2287
23805	2156	11	52	24	0	2243
23806	2254	4	16	15	0	2289
23807	68	2	11	2158	0	2239
23808	31	3	2074	54	0	2162
23809	14	2048	43	21	0	2126
23810	2022	39	20	24	0	2105
23811	54	22	2027	7	0	2110
23812	17	1945	44	10	0	2016
23813	1826	36	24	9	0	1895
23814	1835	13	13	7	0	1868
23815	56	9	6	1805	0	1876
23816	25	1798	3	41	0	1867
23817	18	34	6	1891	0	1949
23818	14	11	4	1936	0	1965
23819	6	10	3	1900	0	1919
23820	6	6	5	1947	0	1964
23821	11	5	1899	59	0	1974
23822	13	5	40	1928	0	1986
23823	16	4	13	1977	0	2010
23824	5	6	1930	58	0	1999
23825	2	1907	43	32	0	1984
23826	1938	42	15	17	0	2012
23827	1964	13	8	13	0	1998
23828	56	8	6	1948	0	2018
23829	1974	9	7	50	0	2040
23830	54	4	4	2026	0	2088
23831	25	5	2037	50	0	2117
23832	15	6	2002	28	0	2051
23833	10	2035	59	17	0	2121
23834	1992	44	28	16	0	2080
23835	51	21	2120	15	0	2207
23836	36	9	51	2060	0	2156
23837	23	10	21	2173	0	2227
23838	13	6	14	2266	0	2299
23839	15	8	7	2253	0	2283
23840	18	8	4	2258	0	2288
23841	13	5	2161	95	0	2274
23842	13	11	57	2200	0	2281
23843	2174	9	22	81	0	2286
23844	64	2139	16	36	0	2255
23845	2143	54	6	31	0	2234
23846	66	2154	8	20	0	2248
23847	2155	65	10	20	0	2250
23848	2213	28	9	15	0	2265
23849	86	12	8	2132	0	2238
23850	41	11	6	2195	0	2253
23851	2133	7	12	88	0	2240
23852	2103	9	12	40	0	2164
23853	2155	8	8	31	0	2202
23854	93	2016	9	14	0	2132
23855	37	2058	5	21	0	2121
23856	24	70	2037	17	0	2148
23857	24	26	54	2021	0	2125
23858	13	12	1958	74	0	2057
23859	10	1892	58	45	0	2005
23860	11	43	27	1805	0	1886
23861	9	24	11	1853	0	1897
23862	9	10	11	1872	0	1902
23863	1793	6	10	87	0	1896
23864	1825	3	12	41	0	1881
23865	69	1809	6	21	0	1905
23866	40	48	3	1823	0	1914
23867	19	24	1818	55	0	1916
23868	18	10	1780	31	0	1839
23869	1808	13	60	16	0	1897
23870	1840	2	25	23	0	1890
23871	72	3	20	1802	0	1897
23872	1826	12	10	61	0	1909
23873	73	5	1798	24	0	1900
23874	35	1781	55	18	0	1889
23875	19	50	24	1778	0	1871
23876	15	26	1806	59	0	1906
23877	14	12	54	1860	0	1940
23878	11	8	22	1912	0	1953
23879	11	3	1880	92	0	1986
23880	1838	9	52	55	0	1954
23881	1914	3	27	42	0	1986
23882	62	1952	13	33	0	2060
23883	2018	53	14	29	0	2114
23884	2065	31	11	19	0	2126
23885	88	17	1993	20	0	2118
23886	2021	15	52	17	0	2105
23887	83	2061	21	19	0	2184
23888	2072	55	16	21	0	2164
23889	2135	30	12	19	0	2196
23890	2153	16	8	19	0	2196
23891	2066	10	9	20	0	2105
23892	2139	7	5	19	0	2170
23893	100	2034	3	19	0	2156
23894	1883	46	8	16	0	1953
23895	69	1827	7	12	0	1915
23896	35	1564	10	8	0	1617
23897	23	1678	7	9	0	1717
23898	1634	61	20	22	0	1737
23899	1672	25	8	15	0	1720
23900	60	15	1584	11	0	1670
23901	1649	5	42	10	0	1706
23902	1687	11	14	12	0	1724
23903	63	11	1682	11	0	1767
23904	35	8	49	1667	0	1759
23905	29	6	17	1617	0	1669
23906	18	5	14	1753	0	1790
23907	19	6	11	1738	0	1774
23908	18	9	8	1750	0	1785
23909	19	4	1653	77	0	1753
23910	12	1647	48	35	0	1742
23911	1643	40	17	25	0	1725
23912	64	1640	12	11	0	1727
23913	1653	56	9	8	0	1726
23914	1679	26	5	9	0	1719
23915	70	17	1599	12	0	1698
23916	27	12	50	1508	0	1597
23917	26	1523	21	50	0	1620
23918	1565	46	12	24	0	1647
23919	1580	19	9	20	0	1628
23920	1605	14	6	15	0	1640
23921	79	1575	11	5	0	1670
23922	1585	52	5	7	0	1649
23923	1618	22	2	6	0	1648
23924	1624	15	7	5	0	1651
23925	81	8	8	1548	0	1645
23926	40	7	7	1589	0	1643
23927	26	9	5	1608	0	1648
23928	1548	8	8	67	0	1631
23929	68	1552	4	26	0	1650
23930	1529	46	7	16	0	1598
23931	1519	19	4	13	0	1555
23932	1475	13	5	7	0	1500
23933	1455	14	6	9	0	1484
23934	77	1384	3	5	0	1469
23935	1249	40	1	6	0	1296
23936	54	1185	5	4	0	1248
23937	19	1213	2	6	0	1240
23938	1234	37	3	3	0	1277
23939	42	1189	1	5	0	1237
23940	22	1241	1	1	0	1265
23941	1239	38	10	2	0	1289
23942	1259	13	3	1	0	1276
23943	44	12	2	1219	0	1277
23944	24	12	1	1267	0	1304
23945	1346	7	1	41	0	1395
23946	1423	2	3	18	0	1446
23947	1419	6	2	15	0	1442
23948	41	6	1371	9	0	1427
23949	1471	4	28	9	0	1512
23950	46	6	8	1477	0	1537
23951	22	2	7	1501	0	1532
23952	19	5	3	1500	0	1527
23953	14	3	4	1513	0	1534
23954	10	4	1442	47	0	1503
23955	12	1	1450	24	0	1487
23956	16	3	29	1497	0	1545
23957	9	6	1481	35	0	1531
23958	7	7	1472	16	0	1502
23959	17	2	31	1509	0	1559
23960	14	7	13	1542	0	1576
23961	13	6	12	1591	0	1622
23962	15	4	7	1537	0	1563
23963	1589	8	4	46	0	1647
23964	1653	5	4	26	0	1688
23965	48	6	3	1628	0	1685
23966	28	3	5	1635	0	1671
23967	21	7	2	1626	0	1656
23968	17	4	3	1639	0	1663
23969	11	6	3	1630	0	1650
23970	16	1596	2	47	0	1661
23971	1612	34	1	24	0	1671
23972	41	1622	2	17	0	1682
23973	1603	38	0	15	0	1656
23974	1625	11	1	10	0	1647
23975	1624	11	1	8	0	1644
23976	53	6	2	1541	0	1602
23977	1524	8	0	34	0	1566
23978	48	2	2	1499	0	1551
23979	24	3	0	1491	0	1518
23980	1500	7	1	44	0	1552
23981	40	1469	1	16	0	1526
23982	14	1423	0	8	0	1445
23983	1425	19	1	7	0	1452
23984	29	6	1419	4	0	1458
23985	1382	2	18	4	0	1406
23986	26	9	3	1432	0	1470
23987	11	1365	1	21	0	1398
23988	7	1406	1	6	0	1420
23989	1476	18	3	7	0	1504
23990	24	5	0	1520	0	1549
23991	7	1589	1	21	0	1618
23992	1583	18	3	11	0	1615
23993	1605	4	0	3	0	1612
23994	1619	2	1	2	0	1624
23995	1614	4	1	2	0	1621
23996	25	1569	3	1	0	1598
23997	7	1589	0	4	0	1600
23998	1650	13	0	4	0	1667
23999	1703	3	0	3	0	1709
24000	22	0	1697	1	0	1720
24001	5	1683	14	1	0	1703
24002	1709	14	3	2	0	1728
24003	1767	4	3	2	0	1776
24004	27	6	1774	0	0	1807
24005	1745	2	22	2	0	1771
24006	31	1	1844	0	0	1876
24007	7	0	1960	1	0	1968
24008	6	0	32	1872	0	1910
24009	2	1855	6	25	0	1888
24010	2032	27	4	9	0	2072
24011	29	7	2	2026	0	2064
24012	10	3	3	2048	0	2064
24013	5	2	1	2080	0	2088
24014	2073	1	0	43	0	2117
24015	33	0	2	2061	0	2096
24016	9	0	2	2129	0	2140
24017	6	2	2135	39	0	2182
24018	2104	0	31	18	0	2153
24019	2182	1	6	9	0	2198
24020	41	2	2152	6	0	2201
24021	2125	3	29	3	0	2160
24022	43	0	6	2129	0	2178
24023	10	2068	5	94	0	2177
24024	11	30	2	2158	0	2201
24025	2147	7	2	39	0	2195
24026	33	2142	4	13	0	2192
24027	13	33	2	2183	0	2231
24028	7	6	3	2240	0	2256
24029	6	6	3	2227	0	2242
24030	7	2	1	2172	0	2182
24031	6	2253	4	36	0	2299
24032	2291	35	2	19	0	2347
24033	2315	10	1	14	0	2340
24034	46	2366	0	18	0	2430
24035	2596	41	1	10	0	2648
24036	2689	13	1	10	0	2713
24037	2689	8	0	9	0	2706
24038	68	5	2581	7	0	2661
24039	30	4	43	2577	0	2654
24040	12	5	2514	50	0	2581
24041	2535	2	42	28	0	2607
24042	54	2565	17	10	0	2646
24043	2571	51	5	6	0	2633
24044	60	2596	4	6	0	2666
24045	29	54	3	2460	0	2546
24046	26	21	4	2489	0	2540
24047	16	8	2463	63	0	2550
24048	9	2496	50	22	0	2577
24049	2449	47	22	15	0	2533
24050	60	22	2440	7	0	2529
24051	2444	10	46	9	0	2509
24052	64	10	27	2441	0	2542
24053	34	5	2440	57	0	2536
24054	17	2421	58	30	0	2526
24055	18	47	29	2427	0	2521
24056	5	35	2421	58	0	2519
24057	20	14	2388	23	0	2445
24058	11	2400	62	20	0	2493
24059	19	46	30	2365	0	2460
24060	15	30	15	2359	0	2419
24061	14	2323	18	72	0	2427
24062	2365	54	10	42	0	2471
24063	60	27	11	2337	0	2435
24064	35	2312	17	52	0	2416
24065	2344	48	14	34	0	2440
24066	2337	32	12	17	0	2398
24067	2372	13	20	16	0	2421
24068	83	2314	8	23	0	2428
24069	2372	54	14	24	0	2464
24070	2388	34	16	11	0	2449
24071	84	19	10	2331	0	2444
24072	2342	15	5	68	0	2430
24073	66	19	8	2344	0	2437
24074	42	18	2284	70	0	2414
24075	31	13	2319	42	0	2405
24076	23	17	66	2354	0	2460
24077	22	15	2354	71	0	2462
24078	2360	13	56	32	0	2461
24079	74	5	30	2376	0	2485
24080	50	10	13	2391	0	2464
24081	30	12	2328	83	0	2453
24082	31	2261	53	39	0	2384
24083	29	2346	29	17	0	2421
24084	25	70	17	2296	0	2408
24085	19	30	21	2326	0	2396
24086	27	15	2216	85	0	2343
24087	12	15	2250	47	0	2324
24088	16	8	78	2269	0	2371
24089	10	15	2210	71	0	2306
24090	2179	15	64	42	0	2300
24091	63	19	35	2128	0	2245
24092	2150	16	13	71	0	2250
24093	69	13	9	2156	0	2247
24094	48	9	12	2171	0	2240
24095	24	17	2089	84	0	2214
24096	24	2101	54	49	0	2228
24097	21	59	39	2082	0	2201
24098	29	24	2024	62	0	2139
24099	20	1991	52	49	0	2112
24100	29	43	35	2047	0	2154
24101	2038	29	24	65	0	2156
24102	56	13	2037	55	0	2161
24103	1953	9	61	31	0	2054
24104	63	11	1935	18	0	2027
24105	1844	15	44	35	0	1938
24106	52	1834	38	22	0	1946
24107	33	1777	17	19	0	1846
24108	15	75	11	1696	0	1797
24109	17	1718	15	44	0	1794
24110	1704	38	16	33	0	1791
24111	46	26	10	1700	0	1782
24112	32	17	20	1711	0	1780
24113	23	15	5	1742	0	1785
24114	7	11	1644	86	0	1748
24115	17	14	47	1669	0	1747
24116	10	8	1641	50	0	1709
24117	11	1555	41	44	0	1651
24118	1487	31	40	15	0	1573
24119	47	1515	13	12	0	1587
24120	1537	35	10	29	0	1611
24121	1547	23	12	16	0	1598
24122	1545	13	13	21	0	1592
24123	1548	12	6	17	0	1583
24124	57	13	1469	11	0	1550
24125	27	14	34	1479	0	1554
24126	24	6	22	1468	0	1520
24127	20	9	13	1526	0	1568
24128	1339	8	13	61	0	1421
24129	1364	7	8	40	0	1419
24130	54	1411	11	14	0	1490
24131	30	26	1354	14	0	1424
24132	13	18	1321	11	0	1363
24133	11	1302	52	6	0	1371
24134	12	1275	25	10	0	1322
24135	29	37	34	998	0	1098
24136	18	15	4	967	0	1004
24137	975	4	3	29	0	1011
24138	19	963	1	14	0	997
24139	17	19	3	992	0	1031
24140	6	14	1028	18	0	1066
24141	2	10	19	1063	0	1094
24142	2	2	10	1083	0	1097
24143	4	5	2	1106	0	1117
24144	6	2	2	1073	0	1083
24145	8	3	1025	33	0	1069
24146	7	983	16	17	0	1023
24147	5	994	12	8	0	1019
24148	954	24	5	5	0	988
24149	16	939	5	6	0	966
24150	13	994	3	6	0	1016
24151	6	25	3	996	0	1030
24152	8	14	1	1007	0	1030
24153	6	3	2	1025	0	1036
24154	6	4	993	31	0	1034
24155	3	992	20	15	0	1030
24156	3	20	7	949	0	979
24157	4	986	6	23	0	1019
24158	973	20	6	17	0	1016
24159	19	983	2	8	0	1012
24160	984	24	5	9	0	1022
24161	23	10	972	9	0	1014
24162	972	10	24	7	0	1013
24163	27	8	10	983	0	1028
24164	9	7	985	23	0	1024
24165	968	7	17	14	0	1006
24166	981	6	12	7	0	1006
24167	990	7	4	5	0	1006
24168	34	3	2	974	0	1013
24169	12	8	951	25	0	996
24170	954	4	21	17	0	996
24171	28	4	13	970	0	1015
24172	13	3	9	978	0	1003
24173	9	7	965	32	0	1013
24174	7	945	21	15	0	988
24175	11	22	6	925	0	964
24176	8	955	5	14	0	982
24177	938	22	6	9	0	975
24178	933	8	7	9	0	957
24179	27	9	4	923	0	963
24180	932	4	4	22	0	962
24181	20	912	5	14	0	951
24182	909	13	3	14	0	939
24183	24	911	2	11	0	948
24184	19	16	6	903	0	944
24185	9	8	3	897	0	917
24186	6	907	4	21	0	938
24187	11	17	6	902	0	936
24188	11	12	892	19	0	934
24189	6	851	14	15	0	886
24190	781	13	6	10	0	810
24191	16	781	5	6	0	808
24192	12	16	3	781	0	812
24193	9	9	787	13	0	818
24194	3	10	12	812	0	837
24195	9	1	4	816	0	830
24196	789	4	3	22	0	818
24197	14	2	785	16	0	817
24198	10	770	15	7	0	802
24199	5	13	770	6	0	794
24200	2	5	701	3	0	711
24201	3	6	684	3	0	696
24202	4	11	8	642	0	665
24203	632	2	13	9	0	656
24204	7	626	5	4	0	642
24205	646	8	1	3	0	658
24206	663	3	0	3	0	669
24207	9	2	1	651	0	663
24208	4	650	1	6	0	661
24209	650	7	3	3	0	663
24210	6	651	2	2	0	661
24211	2	7	2	639	0	650
24212	2	2	2	675	0	681
24213	1	669	2	7	0	679
24214	3	6	0	672	0	681
24215	2	5	657	7	0	671
24216	2	2	657	1	0	662
24217	2	0	8	674	0	684
24218	2	2	3	691	0	698
24219	2	1	660	10	0	673
24220	1	3	633	3	0	640
24221	592	1	10	2	0	605
24222	9	629	3	3	0	644
24223	3	674	1	3	0	681
24224	1	12	0	660	0	673
24225	2	4	1	673	0	680
24226	3	2	3	674	0	682
24227	0	0	669	12	0	681
24228	1	1	664	6	0	672
24229	4	1	11	681	0	697
24230	0	2	677	10	0	689
24231	2	665	13	2	0	682
24232	661	10	3	4	0	678
24233	9	3	663	2	0	677
24234	2	3	648	5	0	658
24235	1	2	12	657	0	672
24236	0	2	692	11	0	705
24237	2	705	10	4	0	721
24238	4	14	2	717	0	737
24239	1	3	704	12	0	720
24240	0	675	12	4	0	691
24241	647	11	3	1	0	662
24242	12	5	2	647	0	666
24243	4	1	3	660	0	668
24244	642	1	0	17	0	660
24245	12	644	4	2	0	662
24246	647	14	1	4	0	666
24247	654	2	3	2	0	661
24248	652	0	3	3	0	658
24249	13	0	1	639	0	653
24250	607	1	2	12	0	622
24251	13	571	2	2	0	588
24252	9	575	1	1	0	586
24253	602	11	2	2	0	617
24254	15	3	1	608	0	627
24255	5	3	0	621	0	629
24256	3	2	2	618	0	625
24257	2	6	603	12	0	623
24258	3	596	12	5	0	616
24259	4	12	3	624	0	643
24260	628	3	1	19	0	651
24261	13	1	1	635	0	650
24262	1	2	623	17	0	643
24263	0	624	16	5	0	645
24264	624	15	3	2	0	644
24265	630	3	2	11	0	646
24266	636	0	2	4	0	642
24267	16	1	2	640	0	659
24268	5	4	623	13	0	645
24269	5	3	624	3	0	635
24270	8	671	12	2	0	693
24271	7	17	2	664	0	690
24272	4	4	2	690	0	700
24273	652	2	1	24	0	679
24274	20	3	3	659	0	685
24275	677	1	1	23	0	702
24276	25	3	667	4	0	699
24277	4	1	676	6	0	687
24278	4	2	20	677	0	703
24279	6	1	4	695	0	706
24280	5	4	2	709	0	720
24281	745	2	3	24	0	774
24282	807	1	7	5	0	820
24283	26	4	1	811	0	842
24284	3	1	792	36	0	832
24285	4	0	813	10	0	827
24286	5	1	25	811	0	842
24287	825	0	8	31	0	864
24288	29	1	3	823	0	856
24289	5	0	5	868	0	878
24290	2	3	837	27	0	869
24291	4	2	853	10	0	869
24292	823	0	27	4	0	854
24293	30	3	819	8	0	860
24294	6	1	27	806	0	840
24295	4	2	8	832	0	846
24296	806	0	7	26	0	839
24297	28	801	7	7	0	843
24298	803	26	5	11	0	845
24299	24	797	7	12	0	840
24300	797	22	3	9	0	831
24301	31	4	777	5	0	817
24302	753	3	24	8	0	788
24303	797	5	5	5	0	812
24304	29	3	4	785	0	821
24305	14	3	773	25	0	815
24306	13	2	24	742	0	781
24307	9	4	8	760	0	781
24308	12	744	1	30	0	787
24309	10	23	5	734	0	772
24310	6	742	4	27	0	779
24311	5	23	6	754	0	788
24312	746	6	2	31	0	785
24313	26	2	2	753	0	783
24314	9	2	749	30	0	790
24315	743	3	25	12	0	783
24316	26	3	756	13	0	798
24317	767	1	27	12	0	807
24318	784	3	9	11	0	807
24319	26	751	7	14	0	798
24320	10	822	6	7	0	845
24321	817	26	5	7	0	855
24322	836	7	5	8	0	856
24323	821	3	6	9	0	839
24324	816	7	6	7	0	836
24325	826	6	3	6	0	841
24326	38	4	5	790	0	837
24327	18	2	3	813	0	836
24328	14	2	797	30	0	843
24329	784	2	27	7	0	820
24330	35	2	9	787	0	833
24331	16	2	2	807	0	827
24332	8	4	778	35	0	825
24333	9	737	25	11	0	782
24334	12	793	7	13	0	825
24335	776	27	2	12	0	817
24336	738	6	4	11	0	759
24337	30	670	4	5	0	709
24338	7	725	3	6	0	741
24339	713	24	4	8	0	749
24340	766	2	3	14	0	785
24341	26	3	5	745	0	779
24342	11	3	6	761	0	781
24343	9	7	2	793	0	811
24344	776	6	2	29	0	813
24345	799	5	5	7	0	816
24346	31	4	3	802	0	840
24347	838	8	2	25	0	873
24348	34	4	838	8	0	884
24349	19	2	27	844	0	892
24350	12	2	836	28	0	878
24351	4	815	23	15	0	857
24352	12	23	4	833	0	872
24353	836	7	6	29	0	878
24354	35	1	2	834	0	872
24355	12	3	6	854	0	875
24356	8	2	824	35	0	869
24357	9	2	815	10	0	836
24358	12	843	22	7	0	884
24359	849	25	10	12	0	896
24360	868	10	2	10	0	890
24361	856	3	7	12	0	878
24362	865	3	3	8	0	879
24363	36	5	5	847	0	893
24364	19	2	3	848	0	872
24365	5	849	5	28	0	887
24366	848	23	3	12	0	886
24367	878	4	3	10	0	895
24368	35	3	840	8	0	886
24369	792	2	19	6	0	819
24370	29	806	5	6	0	846
24371	11	26	5	788	0	830
24372	8	812	2	16	0	838
24373	802	27	6	8	0	843
24374	30	822	0	4	0	856
24375	13	20	3	802	0	838
24376	10	7	0	827	0	844
24377	6	3	2	825	0	836
24378	8	791	2	29	0	830
24379	4	25	3	795	0	827
24380	8	7	4	795	0	814
24381	7	693	4	18	0	722
24382	4	679	0	8	0	691
24383	636	16	1	5	0	658
24384	13	647	5	2	0	667
24385	631	18	0	1	0	650
24386	17	5	615	5	0	642
24387	6	605	11	2	0	624
24388	615	12	3	1	0	631
24389	600	7	1	1	0	609
24390	18	4	586	3	0	611
24391	9	2	8	581	0	600
24392	8	0	589	11	0	608
24393	3	580	11	5	0	599
24394	578	13	2	6	0	599
24395	11	571	1	6	0	589
24396	8	12	1	581	0	602
24397	6	5	2	592	0	605
24398	2	2	575	17	0	596
24399	3	2	558	7	0	570
24400	556	2	15	2	0	575
24401	584	2	3	2	0	591
24402	585	4	3	1	0	593
24403	579	3	0	2	0	584
24404	18	574	2	5	0	599
24405	7	12	3	574	0	596
24406	1	5	3	590	0	599
24407	2	591	1	16	0	610
24408	606	11	2	10	0	629
24409	617	3	1	4	0	625
24410	14	5	603	5	0	627
24411	608	1	11	8	0	628
24412	17	1	7	611	0	636
24413	7	1	612	12	0	632
24414	5	2	14	595	0	616
24415	8	2	595	13	0	618
24416	3	0	580	6	0	589
24417	4	3	14	569	0	590
24418	5	567	6	8	0	586
24419	576	9	4	8	0	597
24420	548	3	5	5	0	561
24421	14	570	3	2	0	589
24422	7	588	3	4	0	602
24423	615	10	2	3	0	630
24424	625	5	3	3	0	636
24425	635	1	2	3	0	641
24426	634	5	2	2	0	643
24427	15	1	1	636	0	653
24428	6	3	618	11	0	638
24429	5	606	11	6	0	628
24430	621	11	5	2	0	639
24431	12	631	1	3	0	647
24432	640	11	1	3	0	655
24433	634	4	1	4	0	643
24434	17	4	626	1	0	648
24435	7	637	8	2	0	654
24436	3	13	6	653	0	675
24437	6	5	2	664	0	677
24438	2	3	2	625	0	632
24439	634	2	0	13	0	649
24440	599	3	1	7	0	610
24441	608	1	1	5	0	615
24442	13	608	1	3	0	625
24443	597	9	1	3	0	610
24444	10	577	2	4	0	593
24445	5	10	579	4	0	598
24446	0	584	12	2	0	598
24447	2	8	4	530	0	544
24448	1	2	0	525	0	528
24449	2	0	524	7	0	533
24450	1	0	6	514	0	521
24451	1	1	2	526	0	530
24452	529	3	0	7	0	539
24453	521	0	0	1	0	522
24454	525	2	0	0	0	527
24455	8	517	1	0	0	526
24456	522	7	0	0	0	529
24457	509	1	1	3	0	514
24458	8	524	1	1	0	534
24459	2	8	1	526	0	537
24460	4	1	0	525	0	530
24461	529	2	0	11	0	542
24462	12	0	525	2	0	539
24463	5	499	5	1	0	510
24464	2	10	3	490	0	505
24465	1	492	0	5	0	498
24466	4	494	0	3	0	501
24467	497	10	2	1	0	510
24468	508	3	1	2	0	514
24469	12	1	0	515	0	528
24470	5	0	2	496	0	503
24471	4	1	0	506	0	511
24472	1	2	2	505	0	510
24473	2	2	484	10	0	498
24474	1	2	457	6	0	466
24475	2	3	10	491	0	506
24476	4	3	527	6	0	540
24477	3	527	7	5	0	542
24478	546	8	3	2	0	559
24479	552	2	1	4	0	559
24480	10	0	2	561	0	573
24481	3	2	0	580	0	585
24482	4	1	1	593	0	599
24483	2	584	3	10	0	599
24484	585	7	1	6	0	599
24485	620	3	2	0	0	625
24486	13	3	609	0	0	625
24487	8	2	8	679	0	697
24488	2	4	704	15	0	725
24489	3	2	16	742	0	763
24490	6	0	3	747	0	756
24491	7	1	1	739	0	748
24492	3	1	2	784	0	790
24493	765	1	2	29	0	797
24494	788	2	1	11	0	802
24495	812	2	1	7	0	822
24496	29	4	2	790	0	825
24497	12	1	789	22	0	824
24498	768	1	19	7	0	795
24499	24	0	9	799	0	832
24500	822	2	3	22	0	849
24501	25	0	0	816	0	841
24502	7	782	0	24	0	813
24503	4	847	1	13	0	865
24504	7	23	0	845	0	875
24505	4	8	0	859	0	871
24506	6	8	0	866	0	880
24507	1	834	1	30	0	866
24508	822	24	0	8	0	854
24509	24	817	1	7	0	849
24510	7	25	825	2	0	859
24511	3	7	24	824	0	858
24512	0	863	7	22	0	892
24513	1	25	3	854	0	883
24514	1	6	1	879	0	887
24515	0	4	853	30	0	887
24516	791	0	24	13	0	828
24517	25	871	6	5	0	907
24518	887	23	3	0	0	913
24519	922	5	0	2	0	929
24520	915	3	1	5	0	924
24521	35	1	853	1	0	890
24522	10	0	25	845	0	880
24523	5	2	4	859	0	870
24524	4	0	835	33	0	872
24525	765	1	24	13	0	803
24526	27	1	839	3	0	870
24527	6	0	823	1	0	830
24528	5	857	24	1	0	887
24529	3	23	8	865	0	899
24530	1	6	869	21	0	897
24531	845	3	22	7	0	877
24532	868	0	7	6	0	881
24533	28	1	864	2	0	895
24534	9	2	22	865	0	898
24535	3	2	882	27	0	914
24536	2	877	25	9	0	913
24537	942	23	5	7	0	977
24538	968	6	6	4	0	984
24539	985	3	2	3	0	993
24540	42	3	3	952	0	1000
24541	12	1	2	986	0	1001
24542	7	4	927	37	0	975
24543	941	2	28	12	0	983
24544	29	1	6	969	0	1005
24545	943	2	4	34	0	983
24546	34	0	937	11	0	982
24547	7	2	959	8	0	976
24548	9	2	32	930	0	973
24549	8	1	11	973	0	993
24550	6	2	946	30	0	984
24551	936	3	30	14	0	983
24552	32	0	10	947	0	989
24553	7	997	6	30	0	1040
24554	1019	28	1	11	0	1059
24555	31	1032	0	10	0	1073
24556	1026	32	6	6	0	1070
24557	39	7	1048	1	0	1095
24558	10	7	1008	5	0	1030
24559	6	1066	28	3	0	1103
24560	1070	27	13	5	0	1115
24561	34	8	1067	0	0	1109
24562	1022	4	27	7	0	1060
24563	34	1061	11	5	0	1111
24564	9	26	9	1100	0	1144
24565	6	6	5	1100	0	1117
24566	7	1054	5	28	0	1094
24567	1121	25	3	12	0	1161
24568	1150	8	4	9	0	1171
24569	1163	7	3	4	0	1177
24570	40	2	1142	5	0	1189
24571	13	1	28	1145	0	1187
24572	10	3	7	1164	0	1184
24573	9	1	8	1177	0	1195
24574	8	1	1139	38	0	1186
24575	4	1101	32	13	0	1150
24576	1075	31	9	5	0	1120
24577	33	7	1077	2	0	1119
24578	1047	8	31	2	0	1088
24579	38	1066	9	4	0	1117
24580	1074	30	9	7	0	1120
24581	41	13	2	1043	0	1099
24582	1070	5	4	35	0	1114
24583	37	2	3	1074	0	1116
24584	11	3	1096	32	0	1142
24585	13	7	30	1074	0	1124
24586	13	5	1063	37	0	1118
24587	961	3	25	5	0	994
24588	24	993	11	5	0	1033
24589	6	17	5	924	0	952
24590	5	967	5	19	0	996
24591	982	17	5	9	0	1013
24592	984	4	5	8	0	1001
24593	27	969	3	1	0	1000
24594	974	21	3	5	0	1003
24595	1003	1	3	3	0	1010
24596	19	2	3	986	0	1010
24597	4	3	0	1009	0	1016
24598	1043	3	3	17	0	1066
24599	1060	0	1	4	0	1065
24600	23	0	3	1031	0	1057
24601	6	2	0	1127	0	1135
24602	1123	3	3	32	0	1161
24603	30	3	1098	9	0	1140
24604	1049	0	28	7	0	1084
24605	30	3	1081	4	0	1118
24606	9	1068	22	4	0	1103
24607	4	24	8	1073	0	1109
24608	7	5	1089	24	0	1125
24609	4	1148	26	5	0	1183
24610	1117	24	6	9	0	1156
24611	24	6	1126	5	0	1161
24612	1089	5	24	5	0	1123
24613	1150	1	5	6	0	1162
24614	1171	3	6	7	0	1187
24615	34	1	2	1111	0	1148
24616	12	1145	3	26	0	1186
24617	1159	20	5	7	0	1191
24618	23	7	1177	7	0	1214
24619	1099	3	24	11	0	1137
24620	27	5	1163	4	0	1199
24621	8	1167	24	3	0	1202
24622	7	20	9	1174	0	1210
24623	7	10	4	1173	0	1194
24624	6	1158	3	24	0	1191
24625	9	24	2	1176	0	1211
24626	7	6	1179	26	0	1218
24627	4	1185	22	7	0	1218
24628	9	20	4	1142	0	1175
24629	1138	5	5	28	0	1176
24630	1168	5	1	11	0	1185
24631	33	1	3	1170	0	1207
24632	16	1170	4	24	0	1214
24633	12	21	3	1183	0	1219
24634	7	5	4	1194	0	1210
24635	6	5	1123	32	0	1166
24636	4	1125	24	12	0	1165
24637	7	18	7	1096	0	1128
24638	4	8	1080	16	0	1108
24639	3	1059	18	9	0	1089
24640	6	20	6	1081	0	1113
24641	1084	5	8	21	0	1118
24642	21	1122	5	11	0	1159
24643	14	20	2	1126	0	1162
24644	1143	6	4	21	0	1174
24645	1168	6	3	9	0	1186
24646	1175	3	3	11	0	1192
24647	1171	3	4	4	0	1182
24648	31	4	2	1143	0	1180
24649	11	3	1153	21	0	1188
24650	10	6	18	1141	0	1175
24651	6	1155	6	20	0	1187
24652	1160	17	5	9	0	1191
24653	22	8	1112	7	0	1149
24654	1080	8	19	5	0	1112
24655	25	2	1082	5	0	1114
24656	11	3	22	1086	0	1122
24657	5	6	1094	22	0	1127
24658	7	3	19	1079	0	1108
24659	3	1	1064	25	0	1093
24660	8	3	20	1038	0	1069
24661	1067	2	6	28	0	1103
24662	21	1141	4	10	0	1176
24663	14	20	4	1145	0	1183
24664	7	5	4	1138	0	1154
24665	6	5	1174	26	0	1211
24666	4	6	1117	12	0	1139
24667	1117	3	18	11	0	1149
24668	19	1149	16	6	0	1190
24669	1148	18	9	8	0	1183
24670	1156	8	3	6	0	1173
24671	24	5	4	1144	0	1177
24672	9	1164	2	18	0	1193
24673	1208	17	3	8	0	1236
24674	1230	7	4	10	0	1251
24675	1260	2	2	4	0	1268
24676	1252	4	3	5	0	1264
24677	1248	2	3	7	0	1260
24678	29	2	1216	5	0	1252
24679	1222	5	17	5	0	1249
24680	22	4	1222	5	0	1253
24681	13	5	16	1225	0	1259
24682	12	3	5	1261	0	1281
24683	11	3	1241	21	0	1276
24684	1232	3	22	14	0	1271
24685	25	1	6	1281	0	1313
24686	11	3	7	1330	0	1351
24687	4	2	8	1377	0	1391
24688	7	4	2	1377	0	1390
24689	6	3	8	1389	0	1406
24690	8	5	1385	33	0	1431
24691	6	3	21	1369	0	1399
24692	4	4	1395	30	0	1433
24693	6	3	1377	19	0	1405
24694	1407	2	33	15	0	1457
24695	1467	1	13	15	0	1496
24696	1572	3	9	9	0	1593
24697	42	3	1597	8	0	1650
24698	21	5	1554	8	0	1588
24699	15	3	1644	9	0	1671
24700	11	1692	45	11	0	1759
24701	7	33	26	1645	0	1711
24702	1709	7	9	33	0	1758
24703	34	7	7	1811	0	1859
24704	16	1823	3	35	0	1877
24705	1869	35	6	12	0	1922
24706	44	9	3	1845	0	1901
24707	18	1887	7	35	0	1947
24708	13	34	6	1909	0	1962
24709	4	10	8	1900	0	1922
24710	1852	7	3	53	0	1915
24711	42	5	8	1869	0	1924
24712	13	5	1855	53	0	1926
24713	18	5	35	1831	0	1889
24714	8	1770	13	46	0	1837
24715	6	1850	9	23	0	1888
24716	7	43	4	1795	0	1849
24717	5	16	7	1780	0	1808
24718	3	1734	8	53	0	1798
24719	10	1721	3	25	0	1759
24720	6	1785	5	18	0	1814
24721	12	50	9	1667	0	1738
24722	9	1754	6	37	0	1806
24723	1734	47	2	21	0	1804
24724	41	27	1751	14	0	1833
24725	21	14	32	1710	0	1777
24726	9	1751	16	43	0	1819
24727	1756	43	8	19	0	1826
24728	41	23	1754	18	0	1836
24729	20	1756	39	11	0	1826
24730	1746	39	18	18	0	1821
24731	42	1713	11	15	0	1781
24732	20	1763	11	13	0	1807
24733	18	54	6	1708	0	1786
24734	14	1732	13	45	0	1804
24735	1742	47	7	22	0	1818
24736	40	24	7	1748	0	1819
24737	17	20	1700	44	0	1781
24738	16	16	1712	19	0	1763
24739	12	15	42	1730	0	1799
24740	6	23	1742	46	0	1817
24741	12	12	39	1760	0	1823
24742	1710	13	16	54	0	1793
24743	39	14	1700	19	0	1772
24744	21	11	35	1673	0	1740
24745	10	1639	15	53	0	1717
24746	11	42	15	1688	0	1756
24747	12	20	11	1695	0	1738
24748	4	1638	12	57	0	1711
24749	7	42	11	1706	0	1766
24750	11	19	6	1735	0	1771
24751	7	24	1676	48	0	1755
24752	6	1669	37	33	0	1745
24753	1680	41	18	30	0	1769
24754	39	27	11	1699	0	1776
24755	18	20	1698	48	0	1784
24756	17	12	35	1706	0	1770
24757	6	15	1692	48	0	1761
24758	1623	13	40	35	0	1711
24759	40	1681	21	24	0	1766
24760	21	36	22	1726	0	1805
24761	14	19	16	1766	0	1815
24762	1676	17	9	55	0	1757
24763	41	14	12	1673	0	1740
24764	22	10	1643	56	0	1731
24765	13	16	40	1573	0	1642
24766	13	1537	21	46	0	1617
24767	12	1585	15	27	0	1639
24768	7	1619	9	27	0	1662
24769	8	50	11	1601	0	1670
24770	10	29	1576	54	0	1669
24771	11	1555	42	31	0	1639
24772	1540	41	15	31	0	1627
24773	37	1552	15	21	0	1625
24774	1563	49	12	24	0	1648
24775	1567	20	14	23	0	1624
24776	47	16	1535	23	0	1621
24777	1579	22	39	20	0	1660
24778	1646	12	16	29	0	1703
24779	1519	15	16	31	0	1581
24780	1633	11	11	27	0	1682
24781	55	19	1603	18	0	1695
24782	1586	16	39	16	0	1657
24783	1652	15	13	27	0	1707
24784	52	1662	15	17	0	1746
24785	24	45	8	1601	0	1678
24786	24	19	8	1602	0	1653
24787	11	1575	12	50	0	1648
24788	1562	44	8	19	0	1633
24789	46	1562	7	20	0	1635
24790	1536	50	15	10	0	1611
24791	1581	19	4	13	0	1617
24792	50	1565	7	15	0	1637
24793	28	38	5	1535	0	1606
24794	26	11	1512	41	0	1590
24795	15	1476	31	19	0	1541
24796	13	41	12	1342	0	1408
24797	16	1327	8	27	0	1378
24798	8	1387	4	8	0	1407
24799	17	35	6	1281	0	1339
24800	9	15	1248	23	0	1295
24801	5	1197	23	10	0	1235
24802	4	1215	10	12	0	1241
24803	1088	19	7	1	0	1115
24804	17	9	0	1110	0	1136
24805	9	3	1	1139	0	1152
24806	4	2	1	1172	0	1179
24807	0	2	1170	27	0	1199
24808	2	0	17	1203	0	1222
24809	1	1235	8	19	0	1263
24810	1270	20	3	7	0	1300
24811	22	9	1	1269	0	1301
24812	9	7	1264	19	0	1299
24813	1297	3	19	10	0	1329
24814	23	2	8	1337	0	1370
24815	9	2	1393	24	0	1428
24816	3	0	1419	12	0	1434
24817	1427	3	33	9	0	1472
24818	1484	2	13	2	0	1501
24819	1484	1	4	0	0	1489
24820	1497	3	0	6	0	1506
24821	39	4	1462	4	0	1509
24822	15	1483	26	8	0	1532
24823	1496	27	12	5	0	1540
24824	26	1464	6	10	0	1506
24825	1480	30	2	6	0	1518
24826	33	1478	2	3	0	1516
24827	10	31	4	1479	0	1524
24828	8	9	2	1488	0	1507
24829	8	4	2	1472	0	1486
24830	4	1424	3	37	0	1468
24831	3	1476	4	13	0	1496
24832	5	36	3	1408	0	1452
24833	3	1438	0	22	0	1463
24834	4	28	1421	14	0	1467
24835	6	12	30	1440	0	1488
24836	7	5	1444	28	0	1484
24837	1418	8	29	12	0	1467
24838	1457	4	12	9	0	1482
24839	37	2	1434	10	0	1483
24840	17	5	1422	7	0	1451
24841	12	5	36	1422	0	1475
24842	5	6	1432	32	0	1475
24843	8	2	34	1366	0	1410
24844	4	1284	14	31	0	1333
24845	6	33	6	1417	0	1462
24846	7	13	3	1439	0	1462
24847	6	6	7	1442	0	1461
24848	8	4	1371	40	0	1423
24849	6	6	29	1357	0	1398
24850	10	2	14	1363	0	1389
24851	8	3	11	1341	0	1363
24852	5	1365	4	38	0	1412
24853	1371	29	3	15	0	1418
24854	1379	13	3	6	0	1401
24855	1374	8	4	9	0	1395
24856	39	6	9	1347	0	1401
24857	15	8	1322	33	0	1378
24858	10	5	1302	20	0	1337
24859	4	1323	38	11	0	1376
24860	1270	29	17	10	0	1326
24861	30	1284	6	12	0	1332
24862	1291	34	7	14	0	1346
24863	36	1295	5	17	0	1353
24864	1305	33	9	9	0	1356
24865	34	1329	6	6	0	1375
24866	19	42	3	1332	0	1396
24867	12	16	1315	44	0	1387
24868	9	10	1342	19	0	1380
24869	8	7	47	1325	0	1387
24870	9	11	20	1349	0	1389
24871	15	4	13	1373	0	1405
24872	8	7	1317	57	0	1389
24873	12	5	35	1307	0	1359
24874	1267	11	18	39	0	1335
24875	1293	5	13	21	0	1332
24876	46	1250	7	15	0	1318
24877	1240	34	5	6	0	1285
24878	42	1213	4	9	0	1268
24879	1219	41	12	10	0	1282
24880	1222	13	13	10	0	1258
24881	1195	10	5	13	0	1223
24882	47	8	1153	14	0	1222
24883	23	4	1112	7	0	1146
24884	1103	6	45	14	0	1168
24885	1180	5	16	10	0	1211
24886	49	6	5	1149	0	1209
24887	28	11	3	1191	0	1233
24888	15	8	9	1208	0	1240
24889	8	8	9	1225	0	1250
24890	10	9	7	1234	0	1260
24891	1173	11	6	46	0	1236
24892	35	8	5	1182	0	1230
24893	17	9	1150	36	0	1212
24894	1117	5	27	22	0	1171
24895	1154	2	16	18	0	1190
24896	42	1117	9	14	0	1182
24897	16	1123	4	12	0	1155
24898	1041	26	5	7	0	1079
24899	23	1071	3	9	0	1106
24900	1048	25	4	8	0	1085
24901	1097	7	6	7	0	1117
24902	1093	7	5	6	0	1111
24903	37	3	4	1039	0	1083
24904	12	1027	3	31	0	1073
24905	1028	22	3	10	0	1063
24906	31	5	5	1005	0	1046
24907	10	5	4	955	0	974
24908	884	1	4	28	0	917
24909	19	855	3	13	0	890
24910	6	18	4	846	0	874
24911	856	7	1	22	0	886
24912	21	855	1	9	0	886
24913	886	17	1	9	0	913
24914	23	4	811	5	0	843
24915	806	5	14	2	0	827
24916	22	791	3	3	0	819
24917	782	13	7	3	0	805
24918	779	6	0	2	0	787
24919	21	795	1	0	0	817
24920	797	14	1	4	0	816
24921	18	773	3	1	0	795
24922	813	17	1	0	0	831
24923	18	5	0	808	0	831
24924	7	5	0	813	0	825
24925	4	3	1	827	0	835
24926	4	1	797	22	0	824
24927	1	4	12	815	0	832
24928	6	2	804	18	0	830
24929	5	0	14	803	0	822
24930	2	806	4	15	0	827
24931	5	13	4	829	0	851
24932	2	11	820	16	0	849
24933	10	7	853	5	0	875
24934	5	1	16	859	0	881
24935	853	1	9	16	0	879
24936	861	1	6	6	0	874
24937	14	854	3	8	0	879
24938	13	12	1	866	0	892
24939	6	6	872	16	0	900
24940	3	8	14	870	0	895
24941	6	1	869	22	0	898
24942	860	1	19	6	0	886
24943	19	2	5	875	0	901
24944	7	5	870	15	0	897
24945	12	1	14	875	0	902
24946	5	4	5	890	0	904
24947	4	2	886	19	0	911
24948	10	4	13	885	0	912
24949	895	3	6	19	0	923
24950	908	2	9	8	0	927
24951	23	1	3	904	0	931
24952	913	1	0	20	0	934
24953	25	2	905	6	0	938
24954	8	1	893	11	0	913
24955	916	0	20	6	0	942
24956	936	1	6	8	0	951
24957	20	1	6	923	0	950
24958	9	4	1	947	0	961
24959	7	1	928	24	0	960
24960	4	0	20	880	0	904
24961	2	912	9	21	0	944
24962	938	14	4	8	0	964
24963	987	5	1	4	0	997
24964	22	970	2	8	0	1002
24965	943	13	2	4	0	962
24966	944	4	3	4	0	955
24967	21	943	3	4	0	971
24968	964	15	2	3	0	984
24969	18	955	5	4	0	982
24970	953	18	4	2	0	977
24971	18	5	947	6	0	976
24972	8	3	20	943	0	974
24973	7	0	6	978	0	991
24974	2	0	3	1039	0	1044
24975	1022	1	3	30	0	1056
24976	22	0	0	1053	0	1075
24977	9	2	1033	26	0	1070
24978	1050	1	22	12	0	1085
24979	26	1	7	1053	0	1087
24980	11	1032	6	20	0	1069
24981	10	1077	3	7	0	1097
24982	6	25	2	1046	0	1079
24983	8	9	0	1049	0	1066
24984	7	5	3	1060	0	1075
24985	4	2	985	37	0	1028
24986	6	993	22	12	0	1033
24987	965	21	5	7	0	998
24988	964	8	4	5	0	981
24989	31	926	1	6	0	964
24990	11	939	2	5	0	957
24991	14	28	1	910	0	953
24992	4	10	902	27	0	943
24993	875	3	22	10	0	910
24994	913	1	6	6	0	926
24995	27	2	4	887	0	920
24996	12	2	5	891	0	910
24997	866	2	1	27	0	896
24998	24	4	845	11	0	884
24999	821	4	21	7	0	853
25000	22	832	4	6	0	864
25001	4	18	5	780	0	807
25002	4	791	2	22	0	819
25003	787	19	2	9	0	817
25004	20	4	2	777	0	803
25005	6	6	1	769	0	782
25006	7	759	0	21	0	787
25007	775	18	2	8	0	803
25008	785	6	3	2	0	796
25009	21	4	766	2	0	793
25010	8	0	741	5	0	754
25011	735	3	21	4	0	763
25012	20	1	742	3	0	766
25013	8	0	671	5	0	684
25014	668	2	24	5	0	699
25015	18	1	759	7	0	785
25016	8	1	22	768	0	799
25017	5	1	6	782	0	794
25018	799	0	3	30	0	832
25019	31	2	780	9	0	822
25020	810	2	28	9	0	849
25021	30	4	8	806	0	848
25022	813	3	4	30	0	850
25023	833	0	7	12	0	852
25024	839	1	2	7	0	849
25025	39	2	0	814	0	855
25026	822	1	3	34	0	860
25027	43	3	3	813	0	862
25028	18	0	4	833	0	855
25029	10	0	4	843	0	857
25030	16	2	2	844	0	864
25031	806	3	3	42	0	854
25032	829	0	5	20	0	854
25033	45	1	791	9	0	846
25034	803	0	29	12	0	844
25035	839	1	11	7	0	858
25036	44	3	4	794	0	845
25037	16	776	6	37	0	835
25038	800	29	2	13	0	844
25039	40	8	3	781	0	832
25040	781	2	2	40	0	825
25041	37	772	1	12	0	822
25042	794	29	4	7	0	834
25043	47	9	0	767	0	823
25044	21	760	1	34	0	816
25045	811	32	1	14	0	858
25046	42	802	0	7	0	851
25047	15	853	1	10	0	879
25048	852	39	6	9	0	906
25049	42	9	837	8	0	896
25050	854	9	27	12	0	902
25051	46	7	8	860	0	921
25052	22	4	880	30	0	936
25053	15	6	36	861	0	918
25054	14	3	9	908	0	934
25055	14	3	874	45	0	936
25056	878	6	38	15	0	937
25057	44	5	9	882	0	940
25058	17	2	5	911	0	935
25059	14	1	8	909	0	932
25060	877	3	2	48	0	930
25061	32	4	843	26	0	905
25062	16	0	851	19	0	886
25063	9	0	30	805	0	844
25064	11	3	803	30	0	847
25065	786	0	31	15	0	832
25066	27	780	15	12	0	834
25067	789	28	5	11	0	833
25068	38	8	7	769	0	822
25069	19	768	5	29	0	821
25070	9	33	5	768	0	815
25071	16	781	6	31	0	834
25072	9	26	5	799	0	839
25073	12	14	775	31	0	832
25074	7	9	717	20	0	753
25075	8	729	30	8	0	775
25076	722	18	9	12	0	761
25077	20	12	7	717	0	756
25078	13	6	5	718	0	742
25079	708	9	1	32	0	750
25080	716	3	2	14	0	735
25081	30	2	6	709	0	747
25082	13	4	693	23	0	733
25083	19	697	18	11	0	745
25084	10	18	13	711	0	752
25085	11	9	9	706	0	735
25086	6	727	6	30	0	769
25087	729	22	1	16	0	768
25088	24	8	728	11	0	771
25089	16	7	19	720	0	762
25090	6	6	9	725	0	746
25091	10	4	707	32	0	753
25092	3	5	22	731	0	761
25093	741	2	12	29	0	784
25094	749	3	10	16	0	778
25095	768	6	12	8	0	794
25096	34	740	3	19	0	796
25097	805	18	7	9	0	839
25098	33	11	3	800	0	847
25099	21	8	5	788	0	822
25100	17	876	7	27	0	927
25101	950	21	1	23	0	995
25102	1011	13	5	12	0	1041
25103	1020	9	3	12	0	1044
25104	1049	11	0	11	0	1071
25105	1054	2	2	13	0	1071
25106	45	9	1013	4	0	1071
25107	1040	5	28	4	0	1077
25108	1049	8	11	8	0	1076
25109	1050	4	3	8	0	1065
25110	42	2	6	1019	0	1069
25111	28	2	5	1021	0	1056
25112	21	3	981	35	0	1040
25113	899	3	25	20	0	947
25114	31	967	10	20	0	1028
25115	14	885	4	7	0	910
25116	12	20	891	3	0	926
25117	11	898	12	6	0	927
25118	4	886	7	9	0	906
25119	6	25	7	827	0	865
25120	4	857	4	14	0	879
25121	853	15	2	7	0	877
25122	848	5	3	3	0	859
25123	19	6	1	837	0	863
25124	10	4	824	13	0	851
25125	821	1	14	7	0	843
25126	17	2	829	3	0	851
25127	9	1	831	4	0	845
25128	3	2	19	820	0	844
25129	7	1	5	839	0	852
25130	3	2	837	20	0	862
25131	5	809	12	8	0	834
25132	3	840	6	3	0	852
25133	872	14	1	4	0	891
25134	876	5	3	3	0	887
25135	15	3	862	1	0	881
25136	856	1	11	3	0	871
25137	898	1	4	2	0	905
25138	15	0	1	891	0	907
25139	5	0	2	895	0	902
25140	7	0	2	895	0	904
25141	892	3	0	14	0	909
25142	903	1	0	6	0	910
25143	914	0	2	4	0	920
25144	20	1	1	918	0	940
25145	8	0	880	13	0	901
25146	869	0	9	8	0	886
25147	853	3	4	3	0	863
25148	16	0	2	839	0	857
25149	9	841	2	13	0	865
25150	9	10	0	835	0	854
25151	6	826	0	14	0	846
25152	6	13	1	800	0	820
25153	2	821	5	10	0	838
25154	822	9	1	4	0	836
25155	16	4	1	812	0	833
25156	8	798	0	10	0	816
25157	2	11	806	5	0	824
25158	789	3	7	6	0	805
25159	11	4	5	812	0	832
25160	4	808	1	12	0	825
25161	1	14	1	794	0	810
25162	5	792	0	11	0	808
25163	60	771	3	2	0	836
25164	828	12	0	3	0	843
25165	837	6	1	5	0	849
25166	13	4	845	3	0	865
25167	839	3	11	3	0	856
25168	850	2	3	3	0	858
25169	14	850	2	2	0	868
25170	7	8	1	858	0	874
25171	6	2	4	863	0	875
25172	9	3	843	10	0	865
25173	3	3	818	1	0	825
25174	837	1	13	4	0	855
25175	863	0	5	4	0	872
25176	849	0	4	3	0	856
25177	17	0	833	0	0	850
25178	9	2	9	831	0	851
25179	833	4	1	14	0	852
25180	13	0	2	840	0	855
25181	5	0	823	13	0	841
25182	786	1	13	7	0	807
25183	15	3	823	1	0	842
25184	7	817	10	2	0	836
25185	834	10	3	2	0	849
25186	12	3	829	4	0	848
25187	4	3	13	815	0	835
25188	833	2	1	13	0	849
25189	17	2	1	837	0	857
25190	854	1	1	13	0	869
25191	13	1	1	841	0	856
25192	863	1	4	16	0	884
25193	872	1	3	6	0	882
25194	870	2	1	2	0	875
25195	835	2	4	5	0	846
25196	14	3	4	848	0	869
25197	3	1	822	11	0	837
25198	4	2	812	1	0	819
25199	3	807	10	4	0	824
25200	2	735	2	0	0	739
25201	653	7	20	0	0	680
25202	6	0	0	623	0	629
25203	0	1	623	4	0	628
25204	0	0	615	0	0	615
25205	1	1	3	635	0	640
25206	627	0	0	6	0	633
25207	4	638	0	0	0	642
25208	710	5	0	5	0	720
25209	6	0	1	725	0	732
25210	2	0	0	734	0	736
25211	0	0	0	739	0	739
25212	0	1	741	6	0	748
25213	0	0	714	1	0	715
25214	0	740	6	0	0	746
25215	0	6	0	772	0	778
25216	756	0	0	6	0	762
25217	7	0	717	0	0	724
25218	0	0	717	0	0	717
25219	1	0	8	745	0	754
25220	3	0	0	769	0	772
25221	1	0	0	778	0	779
25222	0	0	0	915	0	915
25223	920	0	0	16	0	936
25224	12	0	1	925	0	938
25225	927	0	0	15	0	942
25226	17	3	931	4	0	955
25227	5	951	13	1	0	970
25228	2	13	4	956	0	975
25229	1	4	971	13	0	989
25230	0	2	953	6	0	961
25231	1	978	16	1	0	996
25232	0	12	5	967	0	984
25233	0	6	2	963	0	971
25234	1	1	982	17	0	1001
25235	956	0	12	7	0	975
25236	15	1	4	978	0	998
25237	6	1	1	967	0	975
25238	2	1	1001	20	0	1024
25239	2	974	16	7	0	999
25240	2	1156	6	2	0	1166
25241	1165	24	4	1	0	1194
25242	24	5	1	1164	0	1194
25243	1227	2	0	27	0	1256
25244	29	0	1199	6	0	1234
25245	10	1	24	1198	0	1233
25246	1200	1	6	29	0	1236
25247	1217	1	4	9	0	1231
25248	30	1	1	1199	0	1231
25249	9	0	1180	28	0	1217
25250	8	1	1196	6	0	1211
25251	2	1	31	1196	0	1230
25252	0	2	1186	27	0	1215
25253	1148	1	29	11	0	1189
25254	26	1176	8	6	0	1216
25255	1182	26	6	7	0	1221
25256	1208	7	6	5	0	1226
25257	31	5	2	1187	0	1225
25258	16	3	1	1200	0	1220
25259	1194	2	2	33	0	1231
25260	27	1	6	1190	0	1224
25261	9	2	1175	31	0	1217
25262	6	1185	26	11	0	1228
25263	6	25	7	1184	0	1222
25264	2	8	10	1201	0	1221
25265	4	7	3	1204	0	1218
25266	6	4	1156	40	0	1206
25267	5	1139	26	21	0	1191
25268	6	25	10	1176	0	1217
25269	6	9	1162	29	0	1206
25270	6	4	27	1155	0	1192
25271	1157	3	7	38	0	1205
25272	30	1	8	1162	0	1201
25273	9	2	1150	34	0	1195
25274	1122	4	25	14	0	1165
25275	32	1128	11	9	0	1180
25276	13	1186	8	7	0	1214
25277	1183	29	6	8	0	1226
25278	34	13	1197	4	0	1248
25279	13	8	28	1190	0	1239
25280	10	3	8	1236	0	1257
25281	10	1	1202	37	0	1250
25282	8	1214	27	19	0	1268
25283	5	25	10	1163	0	1203
25284	6	8	1209	33	0	1256
25285	8	9	31	1213	0	1261
25286	1213	5	11	40	0	1269
25287	34	5	1227	15	0	1281
25288	13	6	30	1234	0	1283
25289	13	4	14	1259	0	1290
25290	12	4	1209	35	0	1260
25291	11	8	31	1183	0	1233
25292	10	1053	12	45	0	1120
25293	14	27	14	1110	0	1165
25294	7	1170	7	36	0	1220
25295	1181	29	11	20	0	1241
25296	1178	14	11	12	0	1215
25297	36	9	1134	19	0	1198
25298	17	9	1121	13	0	1160
25299	13	5	1099	13	0	1130
25300	9	1111	37	11	0	1168
25301	7	28	23	1134	0	1192
25302	12	10	1149	31	0	1202
25303	7	7	27	1135	0	1176
25304	5	6	12	1160	0	1183
25305	9	6	1145	38	0	1198
25306	8	7	28	1156	0	1199
25307	4	7	16	1140	0	1167
25308	11	1055	12	36	0	1114
25309	8	24	5	1088	0	1125
25310	7	11	11	1108	0	1137
25311	9	11	1066	41	0	1127
25312	7	4	29	1075	0	1115
25313	8	7	1060	36	0	1111
25314	4	4	1037	27	0	1072
25315	1031	8	38	15	0	1092
25316	23	8	19	1007	0	1057
25317	14	1007	14	29	0	1064
25318	10	1051	8	23	0	1092
25319	8	25	15	1054	0	1102
25320	10	13	1030	26	0	1079
25321	8	1029	25	23	0	1085
25322	3	23	12	911	0	949
25323	8	7	940	24	0	979
25324	4	944	20	12	0	980
25325	980	12	7	17	0	1016
25326	960	4	15	13	0	992
25327	970	4	12	10	0	996
25328	18	6	8	1006	0	1038
25329	9	6	7	999	0	1021
25330	9	4	8	1000	0	1021
25331	3	6	972	30	0	1011
25332	970	6	16	20	0	1012
25333	13	8	11	986	0	1018
25334	6	4	930	25	0	965
25335	946	5	17	15	0	983
25336	979	5	16	11	0	1011
25337	23	7	859	8	0	897
25338	949	4	9	12	0	974
25339	20	981	5	9	0	1015
25340	5	5	877	9	0	896
25341	827	3	5	9	0	844
25342	5	851	4	8	0	868
25343	3	2	4	798	0	807
25344	4	808	3	5	0	820
25345	1	2	1	829	0	833
25346	3	4	810	6	0	823
25347	742	3	7	7	0	759
25348	1	0	809	9	0	819
25349	2	774	4	8	0	788
25350	2	803	5	2	0	812
25351	805	4	4	4	0	817
25352	5	5	805	2	0	817
25353	5	1	2	803	0	811
25354	2	4	812	4	0	822
25355	2	829	6	1	0	838
25356	4	2	3	815	0	824
25357	0	833	7	3	0	843
25358	861	4	2	3	0	870
25359	868	3	3	5	0	879
25360	869	3	4	5	0	881
25361	4	2	854	5	0	865
25362	6	1	794	1	0	802
25363	816	1	7	7	0	831
25364	5	1	888	5	0	899
25365	3	3	6	844	0	856
25366	4	873	2	8	0	887
25367	911	4	2	8	0	925
25368	907	2	3	5	0	917
25369	954	1	3	7	0	965
25370	4	2	2	960	0	968
25371	4	1	3	969	0	977
25372	969	1	4	11	0	985
25373	5	960	3	5	0	973
25374	969	2	1	5	0	977
25375	8	2	1	954	0	965
25376	3	1	3	952	0	959
25377	940	2	2	7	0	951
25378	6	919	1	3	0	929
25379	916	3	2	3	0	924
25380	5	926	2	1	0	934
25381	926	6	0	2	0	934
25382	6	4	0	938	0	948
25383	965	2	1	3	0	971
25384	1020	1	0	5	0	1026
25385	1099	1	2	3	0	1105
25386	17	1144	0	3	0	1164
25387	7	12	1129	1	0	1149
25388	1138	6	12	2	0	1158
25389	1170	5	5	1	0	1181
25390	20	1152	2	0	0	1174
25391	9	13	1	1164	0	1187
25392	6	5	1	1170	0	1182
25393	1177	3	1	18	0	1199
25394	17	2	0	1195	0	1214
25395	8	3	1193	15	0	1219
25396	6	3	1151	8	0	1168
25397	1235	0	16	6	0	1257
25398	17	1	5	1254	0	1277
25399	10	1	3	1269	0	1283
25400	6	0	2	1292	0	1300
25401	2	2	1323	21	0	1348
25402	4	0	17	1329	0	1350
25403	2	1	5	1353	0	1361
25404	3	0	5	1364	0	1372
25405	1352	0	1	30	0	1383
25406	19	0	2	1377	0	1398
25407	7	0	1400	24	0	1431
25408	1484	0	17	16	0	1517
25409	23	1	1541	7	0	1572
25410	1571	0	27	6	0	1604
25411	1607	1	7	5	0	1620
25412	35	0	4	1622	0	1661
25413	17	1626	0	30	0	1673
25414	11	26	0	1653	0	1690
25415	4	8	2	1685	0	1699
25416	5	1685	2	33	0	1725
25417	1703	27	1	21	0	1752
25418	25	1692	4	8	0	1729
25419	1708	32	1	2	0	1743
25420	1730	10	3	4	0	1747
25421	33	9	0	1699	0	1741
25422	16	3	2	1699	0	1720
25423	9	1	1619	43	0	1672
25424	5	2	1549	18	0	1574
25425	1563	3	34	13	0	1613
25426	1606	2	16	7	0	1631
25427	37	1539	6	9	0	1591
25428	19	23	3	1536	0	1581
25429	10	10	1622	29	0	1671
25430	6	15	36	1614	0	1671
25431	1617	0	12	31	0	1660
25432	1607	2	8	12	0	1629
25433	37	1619	3	10	0	1669
25434	20	25	2	1635	0	1682
25435	9	11	2	1672	0	1694
25436	6	11	2	1666	0	1685
25437	7	5	1586	44	0	1642
25438	1461	3	31	18	0	1513
25439	1551	2	7	16	0	1576
25440	43	4	1530	7	0	1584
25441	19	1535	26	13	0	1593
25442	1533	31	9	7	0	1580
25443	1547	9	6	14	0	1576
25444	141	8	1409	9	0	1567
25445	19	7	1574	8	0	1608
25446	16	3	36	1587	0	1642
25447	12	7	1601	28	0	1648
25448	1577	2	32	10	0	1621
25449	1619	4	11	14	0	1648
25450	1645	6	9	10	0	1670
25451	43	0	6	1579	0	1628
25452	19	1683	7	31	0	1740
25453	1729	27	6	13	0	1775
25454	1731	9	2	12	0	1754
25455	47	9	1709	7	0	1772
25456	26	8	1653	8	0	1695
25457	1672	3	32	20	0	1727
25458	33	5	17	1728	0	1783
25459	18	4	1702	39	0	1763
25460	17	1696	30	22	0	1765
25461	18	26	11	1715	0	1770
25462	1709	15	7	28	0	1759
25463	34	1729	9	19	0	1791
25464	19	30	6	1703	0	1758
25465	22	1668	3	34	0	1727
25466	13	1730	11	14	0	1768
25467	11	35	7	1756	0	1809
25468	13	15	11	1749	0	1788
25469	10	1711	13	37	0	1771
25470	1697	32	7	24	0	1760
25471	43	12	1714	12	0	1781
25472	1715	14	25	13	0	1767
25473	41	7	11	1747	0	1806
25474	16	7	17	1761	0	1801
25475	18	6	8	1787	0	1819
25476	19	6	8	1790	0	1823
25477	18	5	1780	44	0	1847
25478	16	9	33	1799	0	1857
25479	17	5	15	1861	0	1898
25480	13	1900	13	56	0	1982
25481	14	36	1933	29	0	2012
25482	10	1949	41	27	0	2027
25483	17	39	1977	13	0	2046
25484	11	1962	46	11	0	2030
25485	24	34	20	1861	0	1939
25486	1855	13	12	36	0	1916
25487	37	1844	1	14	0	1896
25488	18	33	9	1860	0	1920
25489	13	15	1853	39	0	1920
25490	7	1897	29	23	0	1956
25491	1913	31	16	16	0	1976
25492	1918	19	14	12	0	1963
25493	46	1885	12	8	0	1951
25494	28	35	1860	9	0	1932
25495	1827	14	31	15	0	1887
25496	40	11	12	1903	0	1966
25497	1872	9	7	48	0	1936
25498	45	1867	11	18	0	1941
25499	25	1925	10	12	0	1972
25500	12	44	1888	16	0	1960
25501	1825	14	35	12	0	1886
25502	39	14	14	1866	0	1933
25503	1864	7	9	38	0	1918
25504	36	1858	9	17	0	1920
25505	1862	30	9	13	0	1914
25506	1852	13	10	16	0	1891
25507	43	10	1838	13	0	1904
25508	19	1676	23	6	0	1724
25509	10	1726	8	5	0	1749
25510	9	29	12	1613	0	1663
25511	6	1601	6	19	0	1632
25512	1637	20	3	11	0	1671
25513	21	1639	2	5	0	1667
25514	7	25	3	1604	0	1639
25515	5	1564	3	22	0	1594
25516	7	1533	4	8	0	1552
25517	6	1574	4	3	0	1587
25518	7	25	1	1576	0	1609
25519	3	10	3	1601	0	1617
25520	3	9	1	1587	0	1600
25521	3	1549	4	25	0	1581
25522	5	20	1528	8	0	1561
25523	2	12	1489	5	0	1508
25524	1516	5	19	8	0	1548
25525	20	7	5	1552	0	1584
25526	6	8	1549	20	0	1583
25527	2	8	1536	6	0	1552
25528	4	1618	21	4	0	1647
25529	4	23	4	1535	0	1566
25530	4	9	3	1581	0	1597
25531	1559	7	2	28	0	1596
25532	18	4	5	1567	0	1594
25533	6	5	4	1549	0	1564
25534	7	2	1582	26	0	1617
25535	4	3	19	1566	0	1592
25536	4	3	8	1662	0	1677
25537	3	2	1641	28	0	1674
25538	4	4	1630	10	0	1648
25539	4	1604	25	11	0	1644
25540	3	22	1644	9	0	1678
25541	5	9	20	1639	0	1673
25542	10	7	19	1312	0	1348
25543	6	8	1655	25	0	1694
25544	1	1645	20	13	0	1679
25545	1572	21	11	13	0	1617
25546	18	1614	8	13	0	1653
25547	10	23	9	1608	0	1650
25548	5	13	10	1619	0	1647
25549	2	1613	8	30	0	1653
25550	3	25	10	1617	0	1655
25551	5	11	4	1630	0	1650
25552	9	9	1496	37	0	1551
25553	6	1482	21	15	0	1524
25554	7	26	9	1501	0	1543
25555	4	14	1484	24	0	1526
25556	7	14	24	1465	0	1510
25557	12	11	12	1473	0	1508
25558	11	7	8	1488	0	1514
25559	7	13	9	1490	0	1519
25560	11	10	5	1463	0	1489
25561	7	1475	6	32	0	1520
25562	1452	23	5	23	0	1503
25563	23	14	1429	17	0	1483
25564	1298	10	22	12	0	1342
25565	20	15	1471	9	0	1515
25566	13	1543	22	14	0	1592
25567	10	28	1533	11	0	1582
25568	7	1560	27	13	0	1607
25569	8	29	11	1472	0	1520
25570	9	16	9	1520	0	1554
25571	8	1520	7	38	0	1573
25572	11	1593	4	18	0	1626
25573	1606	34	8	11	0	1659
25574	1640	20	5	12	0	1677
25575	1644	9	7	11	0	1671
25576	1655	12	5	7	0	1679
25577	37	13	6	1587	0	1643
25578	15	1602	4	24	0	1645
25579	1559	26	7	12	0	1604
25580	20	15	3	1490	0	1528
25581	1430	8	1	23	0	1462
25582	1398	9	3	13	0	1423
25583	23	1327	2	7	0	1359
25584	7	1293	3	4	0	1307
25585	3	1359	1	1	0	1364
25586	6	26	2	1281	0	1315
25587	2	1321	1	13	0	1337
25588	1341	12	2	7	0	1362
25589	1387	5	0	6	0	1398
25590	1360	1	1	7	0	1369
25591	1367	2	3	3	0	1375
25592	1396	1	1	5	0	1403
25593	21	1	1472	3	0	1497
25594	1475	1	20	1	0	1497
25595	22	0	1467	3	0	1492
25596	1465	0	18	3	0	1486
25597	20	3	8	1482	0	1513
25598	8	4	1359	19	0	1390
25599	4	1	1484	9	0	1498
25600	2	1590	21	4	0	1617
25601	1622	32	11	2	0	1667
25602	1704	8	3	3	0	1718
25603	40	1870	3	5	0	1918
25604	20	38	1	2143	0	2202
25605	2320	14	4	45	0	2383
25606	63	6	2319	17	0	2405
25607	16	2303	53	10	0	2382
25608	2282	50	17	6	0	2355
25609	62	2302	8	7	0	2379
25610	27	64	13	2192	0	2296
25611	15	2325	6	45	0	2391
25612	23	73	2	2190	0	2288
25613	12	2228	6	55	0	2301
25614	8	2351	4	29	0	2392
25615	2301	83	3	15	0	2402
25616	2360	36	4	17	0	2417
25617	84	26	2286	9	0	2405
25618	34	23	2243	10	0	2310
25619	27	18	2306	9	0	2360
25620	26	8	80	2296	0	2410
25621	13	19	2312	54	0	2398
25622	17	12	74	2281	0	2384
25623	10	19	30	2315	0	2374
25624	12	2269	15	86	0	2382
25625	2287	67	17	35	0	2406
25626	64	2291	10	31	0	2396
25627	31	75	9	2298	0	2413
25628	34	39	12	2319	0	2404
25629	22	23	12	2341	0	2398
25630	19	24	2255	88	0	2386
25631	20	13	70	2261	0	2364
25632	15	11	31	2300	0	2357
25633	12	14	26	2329	0	2381
25634	14	12	2186	97	0	2309
25635	16	2172	65	52	0	2305
25636	2127	69	22	48	0	2266
25637	2092	29	18	33	0	2172
25638	72	2119	17	30	0	2238
25639	39	76	12	2114	0	2241
25640	35	38	12	2181	0	2266
25641	32	25	2103	91	0	2251
25642	18	2085	64	54	0	2221
25643	10	67	28	2113	0	2218
25644	13	28	2094	89	0	2224
25645	13	25	69	2097	0	2204
25646	12	24	32	2109	0	2177
25647	18	21	2061	105	0	2205
25648	18	17	69	2069	0	2173
25649	26	16	26	2090	0	2158
25650	28	19	2055	102	0	2204
25651	22	15	71	2080	0	2188
25652	18	15	35	2079	0	2147
25653	9	12	27	2160	0	2208
25654	7	18	2061	103	0	2189
25655	8	10	74	2103	0	2195
25656	2043	11	33	105	0	2192
25657	2055	12	26	61	0	2154
25658	72	2042	25	45	0	2184
25659	2068	61	20	48	0	2197
25660	80	27	2068	35	0	2210
25661	46	17	66	2110	0	2239
25662	28	20	30	2140	0	2218
25663	24	14	26	2172	0	2236
25664	2059	9	25	114	0	2207
25665	57	2028	17	81	0	2183
25666	27	50	26	1879	0	1982
25667	18	1937	14	85	0	2054
25668	1934	62	15	48	0	2059
25669	65	1936	16	36	0	2053
25670	1921	68	17	37	0	2043
25671	77	1857	11	30	0	1975
25672	36	1882	14	31	0	1963
25673	32	70	14	1845	0	1961
25674	24	40	11	1888	0	1963
25675	18	25	15	1894	0	1952
25676	15	35	19	1887	0	1956
25677	21	26	1767	113	0	1927
25678	19	1776	54	64	0	1913
25679	9	71	25	1689	0	1794
25680	18	1743	19	82	0	1862
25681	79	73	1686	33	0	1871
25682	19	37	55	1753	0	1864
25683	18	32	19	1818	0	1887
25684	23	29	1748	82	0	1882
25685	14	1739	63	51	0	1867
25686	24	51	26	1749	0	1850
25687	6	28	1726	89	0	1849
25688	6	1737	65	50	0	1858
25689	11	64	26	1696	0	1797
25690	13	32	1664	80	0	1789
25691	17	23	1639	38	0	1717
25692	7	1585	60	42	0	1694
25693	11	1624	24	33	0	1692
25694	7	65	30	1599	0	1701
25695	14	31	22	1694	0	1761
25696	7	31	1626	79	0	1743
25697	1574	23	55	47	0	1699
25698	1601	16	17	46	0	1680
25699	56	17	1503	42	0	1618
25700	22	1367	52	28	0	1469
25701	19	1367	21	25	0	1432
25702	19	1282	17	25	0	1343
25703	14	966	28	27	0	1035
25704	29	67	34	820	0	950
25705	7	9	2	853	0	871
25706	5	3	0	838	0	846
25707	2	2	0	845	0	849
25708	1	834	0	33	0	868
25709	2	27	1	837	0	867
25710	1	823	1	40	0	865
25711	1	31	0	847	0	879
25712	833	3	0	36	0	872
25713	26	7	1	841	0	875
25714	3	841	3	34	0	881
25715	8	27	0	863	0	898
25716	3	5	1	918	0	927
25717	2	6	3	919	0	930
25718	891	4	1	44	0	940
25719	29	9	0	916	0	954
25720	3	6	884	47	0	940
25721	6	911	26	17	0	960
25722	5	32	4	950	0	991
25723	9	4	8	992	0	1013
25724	7	10	3	1008	0	1028
25725	968	9	3	53	0	1033
25726	38	7	958	20	0	1023
25727	3	10	30	924	0	967
25728	9	934	2	43	0	988
25729	8	37	6	948	0	999
25730	907	7	2	59	0	975
25731	33	933	5	22	0	993
25732	6	41	2	944	0	993
25733	10	7	2	970	0	989
25734	1	936	4	53	0	994
25735	7	40	0	959	0	1006
25736	10	7	3	984	0	1004
25737	5	13	931	54	0	1003
25738	6	934	34	28	0	1002
25739	933	44	6	20	0	1003
25740	35	10	927	21	0	993
25741	922	15	33	24	0	994
25742	43	11	918	26	0	998
25743	9	3	42	943	0	997
25744	931	5	6	59	0	1001
25745	41	12	11	948	0	1012
25746	934	7	7	65	0	1013
25747	969	14	8	22	0	1013
25748	959	16	7	29	0	1011
25749	50	946	2	24	0	1022
25750	22	39	6	948	0	1015
25751	17	12	8	981	0	1018
25752	14	17	7	985	0	1023
25753	10	7	935	69	0	1021
25754	12	10	40	962	0	1024
25755	943	10	9	66	0	1028
25756	974	6	10	35	0	1025
25757	55	11	931	26	0	1023
25758	948	10	40	20	0	1018
25759	982	9	13	22	0	1026
25760	50	14	13	911	0	988
25761	899	5	6	69	0	979
25762	926	9	9	32	0	976
25763	51	14	11	907	0	983
25764	897	6	10	63	0	976
25765	918	11	9	29	0	967
25766	61	10	11	886	0	968
25767	36	13	672	55	0	776
25768	857	9	27	25	0	918
25769	57	10	852	27	0	946
25770	23	8	875	30	0	936
25771	21	843	46	30	0	940
25772	28	40	13	851	0	932
25773	36	7	13	890	0	946
25774	21	11	16	885	0	933
25775	31	10	841	56	0	938
25776	30	13	859	24	0	926
25777	19	840	41	38	0	938
25778	33	35	20	827	0	915
25779	24	9	18	878	0	929
25780	22	10	19	894	0	945
25781	22	6	846	63	0	937
25782	29	831	39	30	0	929
25783	23	33	12	854	0	922
25784	24	5	838	62	0	929
25785	32	11	864	23	0	930
25786	835	7	56	28	0	926
25787	865	9	18	23	0	915
25788	866	11	17	24	0	918
25789	61	5	14	831	0	911
25790	27	4	811	54	0	896
25791	26	783	41	35	0	885
25792	24	824	14	34	0	896
25793	25	36	735	26	0	822
25794	31	12	48	670	0	761
25795	20	12	21	648	0	701
25796	22	617	20	35	0	694
25797	20	667	7	22	0	716
25798	657	30	15	23	0	725
25799	686	8	7	19	0	720
25800	688	7	9	24	0	728
25801	672	5	19	15	0	711
25802	645	12	8	15	0	680
25803	50	590	12	18	0	670
25804	17	438	7	11	0	473
25805	10	380	9	6	0	405
25806	374	15	14	11	0	414
25807	27	1	8	355	0	391
25808	2	3	4	370	0	379
25809	351	3	5	19	0	378
25810	15	349	9	6	0	379
25811	4	16	4	348	0	372
25812	6	3	2	364	0	375
25813	8	1	6	355	0	370
25814	330	2	4	18	0	354
25815	16	2	5	324	0	347
25816	8	2	292	14	0	316
25817	276	1	18	5	0	300
25818	14	2	5	278	0	299
25819	5	1	263	12	0	281
25820	5	260	10	6	0	281
25821	4	250	4	4	0	262
25822	219	12	4	3	0	238
25823	203	1	3	2	0	209
25824	9	201	1	1	0	212
25825	0	5	0	204	0	209
25826	219	0	1	8	0	228
25827	8	1	0	224	0	233
25828	2	1	0	242	0	245
25829	2	0	0	246	0	248
25830	2	0	0	251	0	253
25831	1	240	1	9	0	251
25832	0	5	1	244	0	250
25833	1	2	1	249	0	253
25834	0	0	1	259	0	260
25835	0	0	244	11	0	255
25836	0	254	5	3	0	262
25837	0	10	2	260	0	272
25838	2	1	257	9	0	269
25839	3	0	240	3	0	246
25840	1	256	7	2	0	266
25841	259	9	4	2	0	274
25842	9	3	0	258	0	270
25843	258	1	0	10	0	269
25844	7	264	1	5	0	277
25845	2	7	1	268	0	278
25846	265	3	0	9	0	277
25847	270	1	0	5	0	276
25848	9	0	1	259	0	269
25849	4	1	0	261	0	266
25850	0	2	260	12	0	274
25851	0	1	6	262	0	269
25852	1	1	2	272	0	276
25853	261	0	0	11	0	272
25854	9	259	1	4	0	273
25855	2	6	255	4	0	267
25856	257	4	6	0	0	267
25857	8	263	2	3	0	276
25858	2	5	1	268	0	276
25859	270	2	1	7	0	280
25860	7	3	0	264	0	274
25861	3	2	1	270	0	276
25862	3	0	262	11	0	276
25863	2	0	6	267	0	275
25864	265	2	2	11	0	280
25865	8	0	1	265	0	274
25866	265	1	1	7	0	274
25867	7	255	0	6	0	268
25868	2	265	2	4	0	273
25869	2	6	1	266	0	275
25870	1	4	1	271	0	277
25871	259	1	0	12	0	272
25872	9	264	0	6	0	279
25873	268	7	0	3	0	278
25874	271	4	1	3	0	279
25875	9	0	2	266	0	277
25876	266	1	0	10	0	277
25877	9	1	255	3	0	268
25878	2	1	9	260	0	272
25879	3	2	260	8	0	273
25880	3	1	7	264	0	275
25881	251	0	2	11	0	264
25882	257	0	0	6	0	263
25883	9	250	0	3	0	262
25884	4	9	0	246	0	259
25885	1	3	1	253	0	258
25886	5	256	0	10	0	271
25887	4	7	0	266	0	277
25888	1	4	0	266	0	271
25889	3	257	1	13	0	274
25890	255	6	2	6	0	269
25891	260	3	0	4	0	267
25892	10	2	1	253	0	266
25893	4	1	2	256	0	263
25894	3	1	254	10	0	268
25895	2	2	7	258	0	269
25896	5	258	1	8	0	272
25897	264	6	1	8	0	279
25898	9	3	0	272	0	284
25899	2	3	1	267	0	273
25900	256	0	0	15	0	271
25901	9	260	2	5	0	276
25902	4	10	0	262	0	276
25903	5	3	0	265	0	273
25904	2	265	0	13	0	280
25905	267	6	2	6	0	281
25906	9	6	266	2	0	283
25907	3	2	265	3	0	273
25908	1	0	9	276	0	286
25909	0	2	273	9	0	284
25910	274	2	8	3	0	287
25911	11	1	2	279	0	293
25912	4	2	299	9	0	314
25913	4	1	294	4	0	303
25914	1	311	6	3	0	321
25915	311	6	2	8	0	327
25916	8	325	1	2	0	336
25917	331	6	0	3	0	340
25918	332	2	2	4	0	340
25919	7	329	0	4	0	340
25920	331	6	1	1	0	339
25921	342	3	0	2	0	347
25922	7	3	339	3	0	352
25923	5	3	2	328	0	338
25924	1	313	1	4	0	319
25925	1	312	1	2	0	316
25926	4	2	0	299	0	305
25927	287	0	5	4	0	296
25928	1	0	0	284	0	285
25929	1	0	0	296	0	297
25930	0	0	0	301	0	301
25931	0	306	0	1	0	307
25932	0	1	0	323	0	324
25933	0	0	333	2	0	335
25934	317	0	1	1	0	319
25935	338	0	0	1	0	339
25936	2	333	0	0	0	335
25937	335	2	0	0	0	337
25938	2	0	0	344	0	346
25939	0	0	340	2	0	342
25940	331	1	2	1	0	335
25941	3	335	0	0	0	338
25942	1	1	0	340	0	342
25943	356	0	0	4	0	360
25944	3	372	0	0	0	375
25945	0	378	0	0	0	378
25946	383	2	0	0	0	385
25947	3	0	373	1	0	377
25948	380	0	3	0	0	383
25949	9	0	0	371	0	380
25950	1	0	0	368	0	369
25951	0	1	369	2	0	372
25952	1	1	365	1	0	368
25953	1	0	2	375	0	378
25954	0	0	364	3	0	367
25955	2	0	365	1	0	368
25956	1	1	2	375	0	379
25957	1	1	1	375	0	378
25958	375	0	0	2	0	377
25959	2	1	1	369	0	373
25960	373	1	1	2	0	377
25961	5	372	0	1	0	378
25962	0	4	2	376	0	382
25963	3	0	395	3	0	401
25964	391	0	2	3	0	396
25965	404	1	1	2	0	408
25966	403	1	1	1	0	406
25967	397	2	1	0	0	400
25968	395	1	0	3	0	399
25969	5	0	0	395	0	400
25970	0	0	393	3	0	396
25971	1	1	369	2	0	373
25972	1	0	391	2	0	394
25973	386	0	5	1	0	392
25974	397	1	2	3	0	403
25975	5	0	2	392	0	399
25976	1	404	3	6	0	414
25977	1	4	2	422	0	429
25978	1	2	418	5	0	426
25979	2	2	410	3	0	417
25980	404	0	4	3	0	411
25981	8	0	432	1	0	441
25982	3	1	5	435	0	444
25983	459	0	1	9	0	469
25984	443	3	1	4	0	451
25985	461	1	1	3	0	466
25986	479	0	2	2	0	483
25987	8	2	467	0	0	477
25988	464	1	6	1	0	472
25989	11	473	2	0	0	486
25990	5	6	4	483	0	498
25991	4	3	490	6	0	503
25992	3	0	7	485	0	495
25993	1	3	490	9	0	503
25994	5	0	7	478	0	490
25995	6	1	3	485	0	495
25996	1	2	473	11	0	487
25997	3	1	7	476	0	487
25998	480	1	2	8	0	491
25999	9	5	1	474	0	489
26000	5	3	1	478	0	487
26001	477	0	2	9	0	488
26002	7	475	6	3	0	491
26003	483	6	1	2	0	492
26004	6	483	2	3	0	494
26005	495	6	1	6	0	508
26006	10	1	502	1	0	514
26007	4	0	8	503	0	515
26008	3	1	4	518	0	526
26009	504	1	1	10	0	516
26010	10	500	3	3	0	516
26011	5	7	1	500	0	513
26012	3	2	1	488	0	494
26013	3	470	2	8	0	483
26014	467	7	3	5	0	482
26015	8	470	3	3	0	484
26016	3	9	2	464	0	478
26017	1	2	3	458	0	464
26018	2	449	3	12	0	466
26019	453	10	2	2	0	467
26020	12	1	441	5	0	459
26021	425	0	10	3	0	438
26022	15	436	2	2	0	455
26023	3	11	0	439	0	453
26024	443	2	1	10	0	456
26025	9	5	1	442	0	457
26026	5	0	2	451	0	458
26027	459	0	4	12	0	475
26028	16	448	0	3	0	467
26029	6	462	2	3	0	473
26030	462	9	1	2	0	474
26031	12	4	457	2	0	475
26032	3	427	9	5	0	444
26033	1	13	6	441	0	461
26034	0	2	475	10	0	487
26035	1	1	10	465	0	477
26036	467	1	3	10	0	481
26037	11	483	0	4	0	498
26038	2	11	2	471	0	486
26039	0	483	1	12	0	496
26040	485	10	0	4	0	499
26041	510	4	2	2	0	518
26042	14	519	0	1	0	534
26043	5	10	0	507	0	522
26044	1	503	1	10	0	515
26045	514	8	0	4	0	526
26046	523	4	0	1	0	528
26047	14	0	1	514	0	529
26048	6	2	1	528	0	537
26049	3	2	506	14	0	525
26050	477	1	10	4	0	492
26051	12	0	506	3	0	521
26052	3	1	8	511	0	523
26053	510	1	7	11	0	529
26054	11	515	1	8	0	535
26055	503	10	2	2	0	517
26056	8	3	478	4	0	493
26057	484	0	6	3	0	493
26058	11	508	1	1	0	521
26059	516	11	1	2	0	530
26060	11	535	1	2	0	549
26061	7	11	0	535	0	553
26062	2	7	527	10	0	546
26063	3	1	510	4	0	518
26064	1	3	11	513	0	528
26065	1	2	519	14	0	536
26066	3	0	12	515	0	530
26067	2	1	5	517	0	525
26068	1	1	531	18	0	551
26069	473	1	12	7	0	493
26070	539	2	3	3	0	547
26071	15	521	1	4	0	541
26072	526	10	3	1	0	540
26073	11	4	0	529	0	544
26074	6	0	546	10	0	562
26075	0	4	8	550	0	562
26076	4	0	5	549	0	558
26077	537	2	1	13	0	553
26078	10	526	2	3	0	541
26079	5	542	0	3	0	550
26080	2	7	1	551	0	561
26081	5	5	0	540	0	550
26082	0	541	0	13	0	554
26083	1	10	3	525	0	539
26084	1	2	1	528	0	532
26085	2	524	0	14	0	540
26086	518	11	1	3	0	533
26087	7	2	0	522	0	531
26088	2	515	1	12	0	530
26089	3	9	2	510	0	524
26090	507	3	0	8	0	518
26091	8	499	2	4	0	513
26092	511	9	0	4	0	524
26093	527	3	0	3	0	533
26094	14	4	1	529	0	548
26095	552	6	1	10	0	569
26096	566	1	1	7	0	575
26097	571	1	0	4	0	576
26098	574	1	1	3	0	579
26099	16	0	0	572	0	588
26100	4	1	2	584	0	591
26101	2	1	574	14	0	591
26102	6	0	9	581	0	596
26103	2	1	3	596	0	602
26104	2	0	574	14	0	590
26105	565	0	12	5	0	582
26106	11	0	2	586	0	599
26107	2	4	600	11	0	617
26108	586	0	11	3	0	600
26109	11	2	664	2	0	679
26110	5	696	6	4	0	711
26111	1	743	6	1	0	751
26112	6	7	5	813	0	831
26113	1	4	919	13	0	937
26114	922	0	15	7	0	944
26115	980	0	4	8	0	992
26116	16	0	971	6	0	993
26117	990	2	13	4	0	1009
26118	1014	1	5	0	0	1020
26119	16	999	1	1	0	1017
26120	1007	10	4	3	0	1024
26121	13	5	1	1004	0	1023
26122	7	3	1014	11	0	1035
26123	3	4	11	983	0	1001
26124	2	1026	8	16	0	1052
26125	5	1076	1	6	0	1088
26126	1079	12	4	1	0	1096
26127	1061	6	5	5	0	1077
26128	1059	5	4	1	0	1069
26129	15	4	1	1059	0	1079
26130	8	3	2	1021	0	1034
26131	7	1024	3	10	0	1044
26132	1036	14	2	6	0	1058
26133	10	1054	4	9	0	1077
26134	1003	8	4	7	0	1022
26135	15	1000	4	7	0	1026
26136	1018	10	3	6	0	1037
26137	988	1	9	1	0	999
26138	17	2	4	995	0	1018
26139	13	1006	2	6	0	1027
26140	11	12	979	5	0	1007
26141	968	5	6	6	0	985
26142	16	914	0	11	0	941
26143	7	9	990	8	0	1014
26144	2	4	998	11	0	1015
26145	6	4	7	980	0	997
26146	5	13	1	981	0	1000
26147	12	1013	0	10	0	1035
26148	1042	12	2	2	0	1058
26149	24	2	0	1004	0	1030
26150	9	1021	1	11	0	1042
26151	10	1041	2	7	0	1060
26152	8	11	1033	4	0	1056
26153	8	8	1022	5	0	1043
26154	1012	8	9	3	0	1032
26155	14	9	1050	4	0	1077
26156	10	8	8	1040	0	1066
26157	7	7	4	1062	0	1080
26158	12	6	1061	9	0	1088
26159	8	4	12	1038	0	1062
26160	8	4	4	992	0	1008
26161	1034	5	5	13	0	1057
26162	1046	5	9	4	0	1064
26163	18	4	5	1026	0	1053
26164	7	1013	11	10	0	1041
26165	7	1039	12	4	0	1062
26166	1041	12	8	9	0	1070
26167	9	7	1031	13	0	1060
26168	6	7	13	1032	0	1058
26169	1047	4	5	10	0	1066
26170	1049	4	4	11	0	1068
26171	13	3	4	1050	0	1070
26172	9	10	1028	12	0	1059
26173	7	5	979	4	0	995
26174	951	9	15	9	0	984
26175	1012	5	7	4	0	1028
26176	16	990	8	6	0	1020
26177	9	1019	10	8	0	1046
26178	1033	9	4	15	0	1061
26179	1034	7	6	11	0	1058
26180	14	9	6	1051	0	1080
26181	15	4	3	1060	0	1082
26182	12	3	4	1066	0	1085
26183	1068	6	4	13	0	1091
26184	20	2	5	1066	0	1093
26185	13	4	1054	19	0	1090
26186	1034	9	10	7	0	1060
26187	17	8	5	1057	0	1087
26188	9	10	1069	7	0	1095
26189	1038	7	10	6	0	1061
26190	972	9	3	6	0	990
26191	16	1090	5	6	0	1117
26192	12	1107	7	9	0	1135
26193	7	10	1025	12	0	1054
26194	1070	7	13	5	0	1095
26195	13	1079	7	10	0	1109
26196	17	8	1035	4	0	1064
26197	1045	8	6	6	0	1065
26198	14	1112	2	9	0	1137
26199	7	10	1099	8	0	1124
26200	1080	4	7	7	0	1098
26201	14	1095	2	11	0	1122
26202	7	6	5	1098	0	1116
26203	1093	6	3	15	0	1117
26204	12	1087	4	12	0	1115
26205	12	11	3	1083	0	1109
26206	1085	7	3	11	0	1106
26207	10	4	1069	5	0	1088
26208	9	1035	8	11	0	1063
26209	5	4	1012	6	0	1027
26210	5	10	10	937	0	962
26211	5	1	925	5	0	936
26212	2	828	6	3	0	839
26213	2	782	3	1	0	788
26214	1	4	4	754	0	763
26215	0	2	0	701	0	703
26216	1	2	0	704	0	707
26217	3	0	717	2	0	722
26218	3	0	0	722	0	725
26219	723	1	2	3	0	729
26220	714	0	1	4	0	719
26221	2	0	732	3	0	737
26222	3	696	2	0	0	701
26223	698	0	1	4	0	703
26224	1	683	1	1	0	686
26225	678	1	0	0	0	679
26226	669	1	1	2	0	673
26227	3	2	662	2	0	669
26228	3	686	1	1	0	691
26229	3	1	1	687	0	692
26230	3	1	685	0	0	689
26231	669	2	2	3	0	676
26232	2	1	1	676	0	680
26233	3	1	655	1	0	660
26234	645	0	1	2	0	648
26235	3	0	693	3	0	699
26236	3	1	6	707	0	717
26237	727	0	1	4	0	732
26238	6	727	3	3	0	739
26239	5	3	741	4	0	753
26240	749	4	3	0	0	756
26241	800	3	5	1	0	809
26242	9	823	3	1	0	836
26243	10	3	1	825	0	839
26244	4	3	0	814	0	821
26245	802	3	0	10	0	815
26246	6	0	0	811	0	817
26247	9	1	804	10	0	824
26248	3	0	3	808	0	814
26249	822	1	6	6	0	835
26250	7	801	2	6	0	816
26251	6	5	0	784	0	795
26252	4	792	3	5	0	804
26253	815	9	1	7	0	832
26254	7	6	0	848	0	861
26255	4	3	0	862	0	869
26256	3	864	1	15	0	883
26257	1	7	856	10	0	874
26258	2	7	7	855	0	871
26259	1	3	6	865	0	875
26260	2	0	1	869	0	872
26261	1	851	0	20	0	872
26262	0	7	857	10	0	874
26263	1	7	851	4	0	863
26264	879	3	13	3	0	898
26265	905	0	7	5	0	917
26266	15	1	910	2	0	928
26267	901	1	8	1	0	911
26268	10	2	949	0	0	961
26269	923	0	11	2	0	936
26270	13	957	6	3	0	979
26271	1002	7	6	3	0	1018
26272	14	6	1010	0	0	1030
26273	6	5	1037	1	0	1049
26274	4	0	18	1139	0	1161
26275	1161	2	9	16	0	1188
26276	20	1266	3	8	0	1297
26277	7	22	1394	3	0	1426
26278	5	7	28	1449	0	1489
26279	2	5	8	1503	0	1518
26280	1473	1	6	36	0	1516
26281	1485	3	2	12	0	1502
26282	36	2	1	1471	0	1510
26283	1478	1	1	33	0	1513
26284	37	1	1452	10	0	1500
26285	11	0	28	1455	0	1494
26286	14	5	7	1497	0	1523
26287	1480	4	7	42	0	1533
26288	1477	3	4	17	0	1501
26289	39	1	1	1472	0	1513
26290	1459	1	1	38	0	1499
26291	37	2	1406	10	0	1455
26292	12	1390	30	11	0	1443
26293	12	25	1411	8	0	1456
26294	13	9	31	1431	0	1484
26295	1411	5	10	32	0	1458
26296	32	1388	10	12	0	1442
26297	12	34	4	1396	0	1446
26298	14	7	3	1381	0	1405
26299	7	1370	5	41	0	1423
26300	7	33	1	1397	0	1438
26301	6	11	7	1405	0	1429
26302	8	7	3	1417	0	1435
26303	11	7	6	1420	0	1444
26304	7	3	6	1410	0	1426
26305	10	1346	3	49	0	1408
26306	10	30	8	1381	0	1429
26307	7	12	6	1389	0	1414
26308	12	5	1327	47	0	1391
26309	8	1323	27	25	0	1383
26310	11	33	11	1338	0	1393
26311	10	9	5	1348	0	1372
26312	9	7	7	1338	0	1361
26313	11	1297	4	51	0	1363
26314	10	37	1298	23	0	1368
26315	10	8	29	1331	0	1378
26316	6	8	1322	43	0	1379
26317	7	9	1305	21	0	1342
26318	7	4	45	1311	0	1367
26319	1314	5	15	48	0	1382
26320	39	8	10	1317	0	1374
26321	14	7	8	1326	0	1355
26322	11	1307	7	48	0	1373
26323	3	35	5	1350	0	1393
26324	6	14	4	1381	0	1405
26325	11	6	1326	60	0	1403
26326	7	1317	29	36	0	1389
26327	5	32	12	1368	0	1417
26328	1317	13	8	53	0	1391
26329	32	9	1325	25	0	1391
26330	13	8	30	1329	0	1380
26331	10	6	13	1365	0	1394
26332	1316	6	12	56	0	1390
26333	39	1308	5	34	0	1386
26334	1288	36	5	26	0	1355
26335	32	1279	6	29	0	1346
26336	10	35	3	1280	0	1328
26337	1252	14	8	45	0	1319
26338	32	11	1232	18	0	1293
26339	7	1203	31	24	0	1265
26340	11	1213	10	18	0	1252
26341	1140	34	10	14	0	1198
26342	36	12	8	1109	0	1165
26343	10	1113	8	42	0	1173
26344	8	1149	7	22	0	1186
26345	6	35	4	1150	0	1195
26346	5	15	5	1169	0	1194
26347	1123	12	3	48	0	1186
26348	30	1128	6	29	0	1193
26349	14	29	5	1128	0	1176
26350	8	9	1105	43	0	1165
26351	6	1095	29	22	0	1152
26352	7	28	1077	18	0	1130
26353	8	1096	33	12	0	1149
26354	10	32	12	1070	0	1124
26355	7	9	6	1052	0	1074
26356	9	1034	4	35	0	1082
26357	8	30	1037	21	0	1096
26358	1063	10	27	19	0	1119
26359	33	13	4	1097	0	1147
26360	6	11	7	1122	0	1146
26361	12	10	1084	39	0	1145
26362	9	7	30	1083	0	1129
26363	3	10	1063	40	0	1116
26364	8	13	28	1077	0	1126
26365	6	9	1082	38	0	1135
26366	9	1087	29	14	0	1139
26367	3	33	1100	16	0	1152
26368	4	13	27	1082	0	1126
26369	1077	12	7	41	0	1137
26370	29	1040	7	25	0	1101
26371	13	34	6	1018	0	1071
26372	9	9	982	31	0	1031
26373	4	980	24	13	0	1021
26374	10	36	6	859	0	911
26375	2	6	870	25	0	903
26376	2	722	11	4	0	739
26377	581	16	14	7	0	618
26378	524	3	2	3	0	532
26379	4	2	1	516	0	523
26380	520	0	2	9	0	531
26381	7	2	0	511	0	520
26382	1	2	0	524	0	527
26383	1	1	534	6	0	542
26384	2	1	6	523	0	532
26385	2	1	0	529	0	532
26386	521	0	1	6	0	528
26387	509	1	1	2	0	513
26388	6	503	1	2	0	512
26389	2	4	510	1	0	517
26390	2	1	4	510	0	517
26391	1	1	501	7	0	510
26392	463	0	6	2	0	471
26393	5	1	480	3	0	489
26394	0	0	5	467	0	472
26395	1	460	2	5	0	468
26396	0	5	1	472	0	478
26397	1	0	1	475	0	477
26398	1	0	471	5	0	477
26399	1	0	5	464	0	470
26400	460	2	2	5	0	469
26401	464	0	1	2	0	467
26402	466	0	2	3	0	471
26403	461	3	1	0	0	465
26404	5	442	2	3	0	452
26405	1	450	1	4	0	456
26406	3	3	3	427	0	436
26407	1	3	0	453	0	457
26408	3	418	1	7	0	429
26409	1	3	2	451	0	457
26410	1	3	2	456	0	462
26411	1	1	0	448	0	450
26412	2	1	2	452	0	457
26413	1	4	0	456	0	461
26414	453	0	0	8	0	461
26415	7	437	0	3	0	447
26416	0	6	424	4	0	434
26417	2	1	6	432	0	441
26418	1	1	0	444	0	446
26419	1	0	1	429	0	431
26420	430	1	2	6	0	439
26421	4	483	2	4	0	493
26422	2	10	0	511	0	523
26423	3	514	1	11	0	529
26424	2	14	1	512	0	529
26425	3	497	1	14	0	515
26426	1	16	544	3	0	564
26427	0	4	15	574	0	593
26428	2	1	668	18	0	689
26429	2	4	21	678	0	705
26430	0	1	6	735	0	742
26431	705	2	3	30	0	740
26432	720	4	5	5	0	734
26433	732	4	1	8	0	745
26434	727	0	3	8	0	738
26435	725	3	3	11	0	742
26436	37	0	3	689	0	729
26437	13	685	2	30	0	730
26438	8	28	2	687	0	725
26439	12	3	668	29	0	712
26440	686	2	29	10	0	727
26441	719	3	3	7	0	732
26442	38	2	2	696	0	738
26443	11	2	2	696	0	711
26444	4	657	1	38	0	700
26445	9	32	2	667	0	710
26446	6	4	0	687	0	697
26447	4	642	9	38	0	693
26448	5	29	2	670	0	706
26449	625	6	1	36	0	668
26450	26	2	632	15	0	675
26451	630	1	27	11	0	669
26452	30	7	625	8	0	670
26453	8	5	28	614	0	655
26454	3	0	6	627	0	636
26455	3	596	3	37	0	639
26456	2	629	4	11	0	646
26457	8	31	3	599	0	641
26458	1	6	589	32	0	628
26459	565	1	28	8	0	602
26460	29	3	7	568	0	607
26461	6	561	1	34	0	602
26462	3	30	1	570	0	604
26463	3	7	3	582	0	595
26464	1	543	2	33	0	579
26465	4	29	0	524	0	557
26466	1	6	486	32	0	525
26467	3	2	500	8	0	513
26468	1	3	28	464	0	496
26469	0	484	4	26	0	514
26470	1	25	3	494	0	523
26471	487	5	1	30	0	523
26472	506	3	2	9	0	520
26473	483	4	2	5	0	494
26474	29	457	4	5	0	495
26475	7	28	457	2	0	494
26476	454	3	26	7	0	490
26477	482	2	4	6	0	494
26478	32	448	1	5	0	486
26479	12	23	2	452	0	489
26480	456	6	3	24	0	489
26481	475	0	3	5	0	483
26482	483	3	1	1	0	488
26483	31	2	4	430	0	467
26484	431	3	1	32	0	467
26485	32	3	1	434	0	470
26486	12	3	4	453	0	472
26487	429	4	2	36	0	471
26488	35	1	4	429	0	469
26489	435	1	1	37	0	474
26490	33	0	4	440	0	477
26491	12	4	1	467	0	484
26492	438	2	2	41	0	483
26493	36	1	424	15	0	476
26494	14	0	28	442	0	484
26495	18	2	4	466	0	490
26496	12	1	1	472	0	486
26497	12	5	3	462	0	482
26498	9	3	2	460	0	474
26499	8	434	6	36	0	484
26500	11	24	2	447	0	484
26501	9	8	439	34	0	490
26502	7	3	24	456	0	490
26503	6	6	7	470	0	489
26504	6	5	1	481	0	493
26505	4	6	445	40	0	495
26506	3	6	463	21	0	493
26507	450	4	34	13	0	501
26508	472	3	5	20	0	500
26509	33	466	3	12	0	514
26510	7	29	7	475	0	518
26511	9	8	3	504	0	524
26512	6	2	9	506	0	523
26513	482	3	3	37	0	525
26514	509	2	10	17	0	538
26515	36	9	2	488	0	535
26516	7	6	5	514	0	532
26517	7	9	1	526	0	543
26518	7	6	6	518	0	537
26519	485	4	1	44	0	534
26520	30	4	469	18	0	521
26521	11	392	19	13	0	435
26522	4	376	4	12	0	396
26523	352	17	0	9	0	378
26524	16	11	6	346	0	379
26525	9	2	335	27	0	373
26526	0	5	289	12	0	306
26527	2	274	15	8	0	299
26528	174	11	6	0	0	191
26529	7	1	168	1	0	177
26530	144	0	4	0	0	148
26531	4	0	1	146	0	151
26532	1	0	0	154	0	155
26533	0	143	0	5	0	148
26534	0	154	0	1	0	155
26535	153	5	0	0	0	158
26536	156	1	0	0	0	157
26537	5	156	0	0	0	161
26538	0	3	148	1	0	152
26539	0	0	154	0	0	154
26540	0	0	3	147	0	150
26541	152	0	1	3	0	156
26542	3	153	0	0	0	156
26543	0	3	0	160	0	163
26544	166	0	0	3	0	169
26545	3	0	0	168	0	171
26546	1	0	0	169	0	170
26547	169	0	0	4	0	173
26548	3	167	0	1	0	171
26549	1	177	0	0	0	178
26550	0	4	177	0	0	181
26551	0	1	3	183	0	187
26552	0	0	1	189	0	190
26553	0	0	194	4	0	198
26554	173	0	3	1	0	177
26555	186	0	1	1	0	188
26556	4	0	195	0	0	199
26557	175	0	3	1	0	179
26558	3	0	226	0	0	229
26559	1	230	3	0	0	234
26560	0	3	1	259	0	263
26561	0	1	0	268	0	269
26562	268	0	0	4	0	272
26563	269	0	0	1	0	270
26564	265	0	0	0	0	265
26565	271	0	0	0	0	271
26566	262	0	0	0	0	262
26567	4	0	257	0	0	261
26568	1	260	3	1	0	265
26569	0	3	1	266	0	270
26570	1	262	0	3	0	266
26571	0	271	1	1	0	273
26572	0	4	0	275	0	279
26573	1	2	0	278	0	281
26574	1	0	272	4	0	277
26575	256	0	3	2	0	261
26576	276	0	2	0	0	278
26577	4	275	1	1	0	281
26578	278	4	0	0	0	282
26579	292	0	0	0	0	292
26580	4	0	1	288	0	293
26581	2	0	300	3	0	305
26582	0	0	296	2	0	298
26583	320	0	3	1	0	324
26584	332	1	1	0	0	334
26585	3	317	0	2	0	322
26586	2	344	0	0	0	346
26587	2	2	0	358	0	362
26588	356	2	0	2	0	360
26589	2	1	366	1	0	370
26590	1	0	2	367	0	370
26591	376	0	0	2	0	378
26592	378	0	1	1	0	380
26593	3	1	0	392	0	396
26594	390	0	0	5	0	395
26595	3	0	376	1	0	380
26596	1	0	412	2	0	415
26597	1	0	3	412	0	416
26598	1	0	2	438	0	441
26599	0	1	1	437	0	439
26600	0	424	0	4	0	428
26601	0	429	1	2	0	432
26602	0	3	0	444	0	447
26603	455	2	0	4	0	461
26604	2	1	1	462	0	466
26605	2	0	0	456	0	458
26606	2	447	0	4	0	453
26607	0	455	1	2	0	458
26608	1	3	0	465	0	469
26609	0	2	1	458	0	461
26610	447	2	0	4	0	453
26611	2	438	0	4	0	444
26612	460	2	0	1	0	463
26613	4	1	0	467	0	472
26614	2	0	458	1	0	461
26615	1	0	436	1	0	438
26616	465	0	3	1	0	469
26617	2	0	1	481	0	484
26618	1	0	1	491	0	493
26619	1	0	0	498	0	499
26620	0	0	507	4	0	511
26621	0	0	2	511	0	513
26622	0	497	0	3	0	500
26623	0	0	1	519	0	520
26624	1	1	0	515	0	517
26625	0	526	0	4	0	530
26626	0	0	0	550	0	550
26627	546	3	0	2	0	551
26628	0	540	0	3	0	543
26629	555	1	0	1	0	557
26630	549	2	0	0	0	551
26631	5	1	0	556	0	562
26632	5	1	0	544	0	550
26633	1	0	0	561	0	562
26634	0	0	549	4	0	553
26635	0	525	1	4	0	530
26636	0	549	1	2	0	552
26637	1	1	1	547	0	550
26638	550	3	0	1	0	554
26639	1	0	0	539	0	540
26640	4	1	550	2	0	557
26641	1	522	1	4	0	528
26642	0	556	3	2	0	561
26643	560	2	0	1	0	563
26644	556	3	1	0	0	560
26645	3	633	0	0	0	636
26646	653	2	0	1	0	656
26647	2	1	650	1	0	654
26648	3	2	630	0	0	635
26649	650	0	2	1	0	653
26650	674	0	3	0	0	677
26651	5	1	1	677	0	684
26652	680	1	0	4	0	685
26653	5	0	694	3	0	702
26654	3	0	730	1	0	734
26655	2	1	6	830	0	839
26656	1	0	4	941	0	946
26657	0	0	2	963	0	965
26658	1	0	3	943	0	947
26659	2	0	0	1027	0	1029
26660	3	0	982	38	0	1023
26661	1	0	16	995	0	1012
26662	986	0	12	40	0	1038
26663	18	1	10	1011	0	1040
26664	999	0	7	38	0	1044
26665	28	0	4	1012	0	1044
26666	1045	0	3	39	0	1087
26667	1128	0	1	24	0	1153
26668	38	0	1	1109	0	1148
26669	20	0	3	1136	0	1159
26670	1119	0	2	35	0	1156
26671	1117	0	0	25	0	1142
26672	35	0	1124	23	0	1182
26673	24	0	18	1134	0	1176
26674	18	1	6	1180	0	1205
26675	1162	0	9	39	0	1210
26676	1179	0	6	21	0	1206
26677	32	0	6	1181	0	1219
26678	20	0	3	1201	0	1224
26679	21	0	1	1198	0	1220
26680	15	0	2	1198	0	1215
26681	16	1103	2	43	0	1164
26682	6	1141	3	32	0	1182
26683	4	26	1	1149	0	1180
26684	7	1124	0	39	0	1170
26685	10	29	1	1150	0	1190
26686	4	12	1126	42	0	1184
26687	4	14	1072	21	0	1111
26688	2	1144	21	25	0	1192
26689	4	25	13	1146	0	1188
26690	7	11	1149	36	0	1203
26691	3	14	30	1113	0	1160
26692	7	8	14	1170	0	1199
26693	1138	7	13	46	0	1204
26694	22	6	10	1178	0	1216
26695	16	2	1170	48	0	1236
26696	12	8	1147	31	0	1198
26697	12	1151	25	25	0	1213
26698	13	1239	14	18	0	1284
26699	1300	32	14	18	0	1364
26700	25	10	1468	20	0	1523
26701	18	15	28	1485	0	1546
26702	1511	8	14	38	0	1571
26703	1510	10	15	24	0	1559
26704	35	1544	12	29	0	1620
26705	24	25	11	1512	0	1572
26706	24	11	11	1622	0	1668
26707	18	10	7	1616	0	1651
26708	1608	10	1	53	0	1672
26709	34	7	1593	37	0	1671
26710	18	1612	28	27	0	1685
26711	19	23	13	1643	0	1698
26712	15	16	12	1683	0	1726
26713	17	17	1660	45	0	1739
26714	12	8	25	1665	0	1710
26715	4	11	15	1717	0	1747
26716	10	8	10	1721	0	1749
26717	14	3	12	1707	0	1736
26718	7	4	1657	62	0	1730
26719	5	11	26	1675	0	1717
26720	9	3	1666	63	0	1741
26721	5	1667	33	41	0	1746
26722	13	23	15	1712	0	1763
26723	7	8	14	1733	0	1762
26724	12	10	1677	52	0	1751
26725	11	1651	29	47	0	1738
26726	7	23	17	1699	0	1746
26727	17	13	1656	52	0	1738
26728	8	1668	29	36	0	1741
26729	7	33	12	1725	0	1777
26730	14	15	1694	43	0	1766
26731	11	14	31	1689	0	1745
26732	9	12	16	1672	0	1709
26733	11	8	20	1741	0	1780
26734	1706	8	13	57	0	1784
26735	32	1685	13	35	0	1765
26736	1701	25	7	38	0	1771
26737	33	7	1685	37	0	1762
26738	1697	14	24	38	0	1773
26739	1833	12	8	26	0	1879
26740	42	11	17	1810	0	1880
26741	1849	12	13	43	0	1917
26742	1884	12	11	24	0	1931
26743	1920	6	9	36	0	1971
26744	48	10	14	1907	0	1979
26745	29	10	10	1875	0	1924
26746	25	11	1816	48	0	1900
26747	21	5	1690	36	0	1752
26748	1805	6	28	37	0	1876
26749	35	16	19	1844	0	1914
26750	16	1831	19	48	0	1914
26751	1867	22	16	31	0	1936
26752	27	1816	13	25	0	1881
26753	25	1816	8	25	0	1874
26754	20	27	1707	24	0	1778
26755	10	5	1767	8	0	1790
26756	6	22	14	1810	0	1852
26757	5	5	1908	12	0	1930
26758	4	1	1753	6	0	1764
26759	1734	0	3	4	0	1741
26760	1827	0	2	7	0	1836
26761	3	1	1	1835	0	1840
26762	3	1	2	1836	0	1842
26763	1	3	1861	6	0	1871
26764	0	1884	2	3	0	1889
26765	1	7	4	1878	0	1890
26766	1938	1	2	5	0	1946
26767	2	0	1	1918	0	1921
26768	1	1928	2	1	0	1932
26769	0	3	1915	2	0	1920
26770	1	1944	3	4	0	1952
26771	1983	3	2	3	0	1991
26772	1959	3	0	3	0	1965
26773	6	1	0	1961	0	1968
26774	3	1	1972	4	0	1980
26775	1	4	1831	2	0	1838
26776	0	1969	6	4	0	1979
26777	5	4	5	1901	0	1915
26778	0	2	2	2013	0	2017
26779	0	2	1996	8	0	2006
26780	0	1	7	2001	0	2009
26781	1	2104	2	14	0	2121
26782	4	16	1	2136	0	2157
26783	3	5	1	2149	0	2158
26784	1	1	2147	19	0	2168
26785	2	1	16	2106	0	2125
26786	2120	0	6	18	0	2144
26787	17	1	2153	5	0	2176
26788	8	1	2080	4	0	2093
26789	4	2161	19	2	0	2186
26790	4	22	7	2247	0	2280
26791	3	3	2	2405	0	2413
26792	1	2	2335	38	0	2376
26793	2262	1	34	12	0	2309
26794	32	0	14	2359	0	2405
26795	10	5	2340	31	0	2386
26796	5	0	34	2277	0	2316
26797	0	1	2316	40	0	2357
26798	4	6	2206	10	0	2226
26799	3	2205	35	10	0	2253
26800	2	31	7	2040	0	2080
26801	2	2098	5	33	0	2138
26802	2061	33	0	15	0	2109
26803	32	8	2073	6	0	2119
26804	7	2006	36	4	0	2053
26805	12	29	7	2009	0	2057
26806	2010	7	7	36	0	2060
26807	28	1971	7	12	0	2018
26808	10	35	2	2028	0	2075
26809	3	10	3	2038	0	2054
26810	1	2050	3	40	0	2094
26811	2098	33	4	15	0	2150
26812	37	7	1	2322	0	2367
26813	8	8	2	2449	0	2467
26814	3	2	2386	59	0	2450
26815	3	2463	45	22	0	2533
26816	1	55	14	2509	0	2579
26817	2	10	10	2685	0	2707
26818	3	2675	2	66	0	2746
26819	1	57	1	2712	0	2771
26820	2	14	3	2758	0	2777
26821	8	10	7	2767	0	2792
26822	1	2727	5	77	0	2810
26823	2702	62	2	23	0	2789
26824	58	15	2715	17	0	2805
26825	2627	7	57	19	0	2710
26826	63	2718	14	8	0	2803
26827	15	60	8	2727	0	2810
26828	7	18	2737	70	0	2832
26829	6	12	61	2738	0	2817
26830	6	3	20	2784	0	2813
26831	10	7	10	2831	0	2858
26832	4	6	2755	91	0	2856
26833	3	2699	64	30	0	2796
26834	2	63	2767	20	0	2852
26835	4	2751	70	20	0	2845
26836	2	67	2800	12	0	2881
26837	5	21	65	2798	0	2889
26838	2761	15	23	79	0	2878
26839	61	2788	9	34	0	2892
26840	17	66	2795	24	0	2902
26841	11	2766	64	15	0	2856
26842	5	73	2793	15	0	2886
26843	8	21	68	2713	0	2810
26844	18	15	24	2721	0	2778
26845	6	2690	14	70	0	2780
26846	4	2786	11	30	0	2831
26847	2767	83	7	21	0	2878
26848	61	28	10	2796	0	2895
26849	16	19	2768	92	0	2895
26850	20	11	69	2764	0	2864
26851	4	15	2788	90	0	2897
26852	9	12	2778	29	0	2828
26853	13	10	83	2669	0	2775
26854	8	2720	34	70	0	2832
26855	2590	74	23	26	0	2713
26856	65	27	9	2546	0	2647
26857	23	18	13	2481	0	2535
26858	9	2493	18	87	0	2607
26859	2461	65	13	42	0	2581
26860	2517	34	9	21	0	2581
26861	81	24	19	2430	0	2554
26862	22	2388	14	90	0	2514
26863	14	2530	19	28	0	2591
26864	2459	95	12	28	0	2594
26865	73	33	2464	18	0	2588
26866	2400	16	69	24	0	2509
26867	2458	18	22	21	0	2519
26868	2441	15	17	14	0	2487
26869	86	2374	12	26	0	2498
26870	31	68	20	2411	0	2530
26871	2402	21	21	80	0	2524
26872	2435	20	11	33	0	2499
26873	80	2395	12	28	0	2515
26874	2443	69	8	19	0	2539
26875	70	29	6	2458	0	2563
26876	24	20	5	2484	0	2533
26877	19	2430	12	81	0	2542
26878	14	64	10	2492	0	2580
26879	17	26	12	2521	0	2576
26880	17	2474	6	87	0	2584
26881	15	57	15	2314	0	2401
26882	12	2422	8	68	0	2510
26883	2422	68	11	26	0	2527
26884	2373	27	8	25	0	2433
26885	74	2353	4	25	0	2456
26886	31	58	2343	19	0	2451
26887	29	31	49	2338	0	2447
26888	19	25	2333	57	0	2434
26889	19	2228	52	30	0	2329
26890	19	2294	20	19	0	2352
26891	2142	53	13	16	0	2224
26892	48	2196	10	16	0	2270
26893	29	42	11	2154	0	2236
26894	20	2161	8	41	0	2230
26895	14	2246	6	15	0	2281
26896	2233	46	3	21	0	2303
26897	45	12	8	2256	0	2321
26898	15	21	2233	49	0	2318
26899	17	12	2213	22	0	2264
26900	10	2268	37	21	0	2336
26901	2278	50	17	10	0	2355
26902	46	2293	10	13	0	2362
26903	16	54	6	2429	0	2505
26904	2412	22	11	47	0	2492
26905	50	14	9	2457	0	2530
26906	14	11	6	2483	0	2514
26907	20	2485	11	56	0	2572
26908	7	57	7	2523	0	2594
26909	9	18	2566	60	0	2653
26910	2551	26	42	25	0	2644
26911	54	2599	16	17	0	2686
26912	16	2543	7	13	0	2579
26913	2477	48	1	7	0	2533
26914	46	17	2449	2	0	2514
26915	2408	13	43	10	0	2474
26916	46	2705	14	10	0	2775
26917	11	2949	8	4	0	2972
26918	5	61	2974	4	0	3044
26919	5	3006	53	9	0	3073
26920	14	66	21	2866	0	2967
26921	9	18	5	2915	0	2947
26922	4	2963	3	64	0	3034
26923	10	53	2	3020	0	3085
26924	3029	21	3	61	0	3114
26925	53	13	3014	23	0	3103
26926	3006	15	53	12	0	3086
26927	3085	5	17	15	0	3122
26928	3073	13	14	10	0	3110
26929	78	12	3002	8	0	3100
26930	28	9	50	3023	0	3110
26931	15	14	3028	55	0	3112
26932	2961	3	69	26	0	3059
26933	3015	12	19	14	0	3060
26934	73	3003	9	12	0	3097
26935	35	56	7	2966	0	3064
26936	22	3075	9	61	0	3167
26937	10	64	3096	23	0	3193
26938	18	27	65	3085	0	3195
26939	3071	16	22	69	0	3178
26940	3111	8	17	20	0	3156
26941	91	12	5	3002	0	3110
26942	30	2979	7	61	0	3077
26943	13	70	3015	17	0	3115
26944	10	16	3053	22	0	3101
26945	2941	15	85	17	0	3058
26946	76	12	3037	6	0	3131
26947	27	3023	70	20	0	3140
26948	22	75	20	3004	0	3121
26949	15	21	3037	65	0	3138
26950	16	16	70	3041	0	3143
26951	14	12	3035	77	0	3138
26952	2946	5	79	30	0	3060
26953	79	8	30	2986	0	3103
26954	33	2914	15	70	0	3032
26955	13	3046	18	26	0	3103
26956	10	88	15	2978	0	3091
26957	16	27	13	2998	0	3054
26958	9	2963	24	80	0	3076
26959	17	68	2931	36	0	3052
26960	10	32	77	2976	0	3095
26961	13	20	3002	71	0	3106
26962	12	15	2948	37	0	3012
26963	2834	13	85	23	0	2955
26964	77	2879	31	17	0	3004
26965	2897	75	23	20	0	3015
26966	89	27	12	2815	0	2943
26967	24	2867	19	75	0	2985
26968	20	82	23	2883	0	3008
26969	17	31	13	2901	0	2962
26970	13	2855	21	86	0	2975
26971	13	83	2838	40	0	2974
26972	27	29	71	2864	0	2991
26973	2857	21	38	82	0	2998
26974	86	15	20	2821	0	2942
26975	32	19	16	2858	0	2925
26976	27	27	2770	90	0	2914
26977	22	2741	81	40	0	2884
26978	19	85	25	2746	0	2875
26979	22	42	2700	83	0	2847
26980	18	24	2687	41	0	2770
26981	2611	23	81	45	0	2760
26982	79	2647	41	30	0	2797
26983	2631	75	35	32	0	2773
26984	88	2611	18	26	0	2743
26985	38	2687	25	20	0	2770
26986	2615	96	19	30	0	2760
26987	93	32	19	2542	0	2686
26988	30	2565	28	79	0	2702
26989	31	78	19	2620	0	2748
26990	2604	24	21	98	0	2747
26991	88	37	2583	30	0	2738
26992	42	17	2483	26	0	2568
26993	2487	19	89	25	0	2620
26994	80	2529	40	23	0	2672
26995	37	88	2493	15	0	2633
26996	29	2494	81	31	0	2635
26997	36	85	31	2457	0	2609
26998	22	36	2474	88	0	2620
26999	20	30	78	2440	0	2568
27000	17	18	2414	94	0	2543
27001	2302	22	90	41	0	2455
27002	76	2355	45	29	0	2505
27003	2267	75	25	21	0	2388
27004	89	28	24	2256	0	2397
27005	30	2352	25	79	0	2486
27006	2325	89	18	40	0	2472
27007	2249	28	31	20	0	2328
27008	89	23	2298	25	0	2435
27009	29	18	2238	24	0	2309
27010	1988	14	81	16	0	2099
27011	67	1971	29	31	0	2098
27012	26	1937	25	10	0	1998
27013	24	97	24	1798	0	1943
27014	26	24	1812	61	0	1923
27015	23	1663	53	26	0	1765
27016	12	1457	25	14	0	1508
27017	44	39	7	1046	0	1136
27018	1030	8	7	28	0	1073
27019	1044	8	3	7	0	1062
27020	1054	2	2	11	0	1069
27021	32	5	1036	2	0	1075
27022	1030	3	24	11	0	1068
27023	1035	8	5	7	0	1055
27024	1048	5	5	5	0	1063
27025	34	5	4	988	0	1031
27026	9	999	3	26	0	1037
27027	1016	26	3	4	0	1049
27028	31	1012	5	6	0	1054
27029	4	25	6	1018	0	1053
27030	8	6	1062	30	0	1106
27031	5	9	27	1059	0	1100
27032	10	3	8	1081	0	1102
27033	1	7	1068	29	0	1105
27034	7	1044	25	11	0	1087
27035	2	25	5	973	0	1005
27036	958	8	4	30	0	1000
27037	24	942	4	8	0	978
27038	912	25	2	5	0	944
27039	27	9	1	895	0	932
27040	9	909	2	22	0	942
27041	897	21	3	6	0	927
27042	23	914	4	5	0	946
27043	8	20	883	2	0	913
27044	873	8	17	5	0	903
27045	917	8	8	2	0	935
27046	21	876	5	5	0	907
27047	6	17	862	2	0	887
27048	5	879	21	0	0	905
27049	11	25	12	675	0	723
27050	4	6	2	916	0	928
27051	1	4	4	913	0	922
27052	5	898	2	25	0	930
27053	2	23	0	904	0	929
27054	2	5	3	914	0	924
27055	882	5	1	28	0	916
27056	22	2	0	899	0	923
27057	7	2	1	915	0	925
27058	891	0	0	26	0	917
27059	20	883	1	10	0	914
27060	888	20	1	5	0	914
27061	887	5	1	3	0	896
27062	900	3	0	4	0	907
27063	29	1	2	872	0	904
27064	7	2	3	896	0	908
27065	5	1	856	24	0	886
27066	2	2	839	8	0	851
27067	8	1	843	3	0	855
27068	829	6	20	7	0	862
27069	23	3	855	4	0	885
27070	11	865	21	2	0	899
27071	7	23	5	855	0	890
27072	7	4	4	847	0	862
27073	9	869	5	20	0	903
27074	8	20	874	8	0	910
27075	7	889	20	4	0	920
27076	889	21	8	5	0	923
27077	20	10	889	3	0	922
27078	9	873	24	4	0	910
27079	7	21	885	4	0	917
27080	2	13	23	891	0	929
27081	6	4	898	22	0	930
27082	3	6	21	903	0	933
27083	904	3	6	29	0	942
27084	22	1	908	11	0	942
27085	6	907	19	10	0	942
27086	921	22	8	6	0	957
27087	24	6	924	8	0	962
27088	14	6	957	5	0	982
27089	10	3	26	943	0	982
27090	5	6	948	22	0	981
27091	926	3	19	8	0	956
27092	24	948	7	7	0	986
27093	13	21	6	952	0	992
27094	6	995	4	24	0	1029
27095	992	22	7	12	0	1033
27096	26	6	977	8	0	1017
27097	6	10	1015	9	0	1040
27098	8	5	25	1010	0	1048
27099	7	7	12	1013	0	1039
27100	7	7	9	1026	0	1049
27101	6	4	5	1029	0	1044
27102	10	3	1035	31	0	1079
27103	4	1007	17	12	0	1040
27104	8	16	5	921	0	950
27105	6	3	864	19	0	892
27106	4	866	10	12	0	892
27107	858	11	6	7	0	882
27108	16	8	6	849	0	879
27109	835	7	5	14	0	861
27110	18	830	7	4	0	859
27111	837	15	5	7	0	864
27112	20	5	834	4	0	863
27113	5	7	13	826	0	851
27114	9	828	4	13	0	854
27115	3	14	812	6	0	835
27116	5	815	11	16	0	847
27117	6	15	9	608	0	638
27118	776	4	2	11	0	793
27119	8	779	4	5	0	796
27120	773	9	2	8	0	792
27121	11	6	768	3	0	788
27122	4	4	754	6	0	768
27123	742	3	11	7	0	763
27124	12	2	4	760	0	778
27125	7	4	4	762	0	777
27126	3	4	769	12	0	788
27127	4	2	755	6	0	767
27128	5	767	11	2	0	785
27129	729	8	9	4	0	750
27130	668	2	2	3	0	675
27131	6	664	3	3	0	676
27132	4	6	4	691	0	705
27133	689	4	2	6	0	701
27134	6	4	3	682	0	695
27135	692	1	3	6	0	702
27136	700	2	3	3	0	708
27137	714	3	0	5	0	722
27138	7	1	4	708	0	720
27139	4	2	4	729	0	739
27140	710	3	2	5	0	720
27141	720	0	2	4	0	726
27142	707	2	1	6	0	716
27143	7	708	0	3	0	718
27144	660	4	1	5	0	670
27145	5	653	2	2	0	662
27146	652	3	1	3	0	659
27147	4	1	651	1	0	657
27148	614	6	2	2	0	624
27149	4	625	0	1	0	630
27150	1	634	3	2	0	640
27151	660	3	1	2	0	666
27152	4	2	1	661	0	668
27153	3	1	1	688	0	693
27154	3	696	1	4	0	704
27155	0	760	0	7	0	767
27156	820	4	1	3	0	828
27157	6	3	864	2	0	875
27158	5	2	6	910	0	923
27159	929	3	1	9	0	942
27160	9	2	941	1	0	953
27161	1	1014	10	3	0	1028
27162	1092	10	0	4	0	1106
27163	18	0	1133	2	0	1153
27164	4	4	18	1196	0	1222
27165	6	2	1216	17	0	1241
27166	1187	1	23	5	0	1216
27167	19	1236	6	3	0	1264
27168	1247	19	5	7	0	1278
27169	1251	3	5	5	0	1264
27170	24	5	1	1241	0	1271
27171	1237	5	3	19	0	1264
27172	27	2	0	1240	0	1269
27173	9	3	0	1252	0	1264
27174	8	1	1201	24	0	1234
27175	5	1212	19	6	0	1242
27176	6	17	4	1236	0	1263
27177	3	5	3	1257	0	1268
27178	4	5	4	1255	0	1268
27179	1	3	1232	26	0	1262
27180	1	1220	19	13	0	1253
27181	3	19	3	1245	0	1270
27182	1	3	5	1258	0	1267
27183	1	5	1226	23	0	1255
27184	5	4	19	1213	0	1241
27185	1226	2	5	24	0	1257
27186	18	1217	3	9	0	1247
27187	1197	19	5	7	0	1228
27188	22	3	1174	7	0	1206
27189	9	4	16	1180	0	1209
27190	1193	4	2	21	0	1220
27191	1193	1	2	4	0	1200
27192	23	1	1184	5	0	1213
27193	8	0	20	1167	0	1195
27194	10	3	1148	24	0	1185
27195	1113	1	20	7	0	1141
27196	21	1143	7	3	0	1174
27197	1157	20	5	5	0	1187
27198	1148	3	5	6	0	1162
27199	22	1146	3	2	0	1173
27200	1175	21	1	4	0	1201
27201	27	4	1148	0	0	1179
27202	1150	6	18	1	0	1175
27203	23	3	4	1143	0	1173
27204	11	2	1180	19	0	1212
27205	8	1	20	1189	0	1218
27206	7	1	5	1155	0	1168
27207	6	0	4	1197	0	1207
27208	2	1184	2	24	0	1212
27209	1202	16	1	14	0	1233
27210	22	3	4	1193	0	1222
27211	5	1187	0	28	0	1220
27212	8	22	1	1161	0	1192
27213	8	1161	2	23	0	1194
27214	5	28	1175	10	0	1218
27215	3	6	17	1179	0	1205
27216	6	5	4	1204	0	1219
27217	2	6	1168	28	0	1204
27218	1118	4	23	14	0	1159
27219	20	1174	9	10	0	1213
27220	7	19	6	1193	0	1225
27221	7	5	2	1168	0	1182
27222	8	6	2	1156	0	1172
27223	5	1154	6	25	0	1190
27224	1162	22	4	15	0	1203
27225	22	7	1152	15	0	1196
27226	8	4	1113	12	0	1137
27227	6	6	24	1118	0	1154
27228	8	2	7	1154	0	1171
27229	1129	2	6	31	0	1168
27230	22	1119	7	11	0	1159
27231	8	20	7	1141	0	1176
27232	1116	6	4	31	0	1157
27233	24	5	6	1119	0	1154
27234	1117	5	2	28	0	1152
27235	26	3	1084	11	0	1124
27236	13	1074	20	9	0	1116
27237	1092	20	6	9	0	1127
27238	28	7	1094	7	0	1136
27239	1065	6	21	7	0	1099
27240	26	4	1063	5	0	1098
27241	1085	1	24	6	0	1116
27242	28	3	10	1087	0	1128
27243	1101	4	5	21	0	1131
27244	28	3	5	1086	0	1122
27245	12	1	3	1120	0	1136
27246	1103	2	4	31	0	1140
27247	28	1115	4	12	0	1159
27248	10	23	5	1119	0	1157
27249	1111	9	2	31	0	1153
27250	1160	5	2	14	0	1181
27251	30	4	3	1142	0	1179
27252	12	7	2	1168	0	1189
27253	1151	4	3	33	0	1191
27254	40	2	1	1156	0	1199
27255	9	5	3	1130	0	1147
27256	1066	3	2	35	0	1106
27257	28	0	4	1031	0	1063
27258	7	3	945	29	0	984
27259	929	0	19	16	0	964
27260	29	3	939	9	0	980
27261	6	2	864	9	0	881
27262	774	11	32	5	0	822
27263	15	743	4	3	0	765
27264	5	14	4	701	0	724
27265	2	2	0	700	0	704
27266	2	1	0	736	0	739
27267	1	1	1	749	0	752
27268	721	0	2	19	0	742
27269	779	1	1	4	0	785
27270	790	0	0	2	0	792
27271	21	1	819	2	0	843
27272	4	0	19	877	0	900
27273	2	0	6	897	0	905
27274	4	0	3	871	0	878
27275	1	791	1	39	0	832
27276	3	828	2	19	0	852
27277	855	29	1	8	0	893
27278	29	13	1	856	0	899
27279	14	8	2	913	0	937
27280	9	0	1	921	0	931
27281	1	0	875	46	0	922
27282	36	1	841	21	0	899
27283	873	2	32	11	0	918
27284	913	2	16	2	0	933
27285	39	0	9	887	0	935
27286	19	883	3	30	0	935
27287	10	24	2	902	0	938
27288	2	10	3	926	0	941
27289	2	10	887	37	0	936
27290	877	1	25	23	0	926
27291	29	2	11	909	0	951
27292	12	1	7	906	0	926
27293	883	1	2	44	0	930
27294	28	884	0	32	0	944
27295	907	23	3	18	0	951
27296	38	11	4	888	0	941
27297	16	872	4	28	0	920
27298	901	25	1	17	0	944
27299	33	11	1	900	0	945
27300	880	14	0	36	0	930
27301	898	3	2	17	0	920
27302	890	2	1	21	0	914
27303	46	834	2	6	0	888
27304	24	833	4	8	0	869
27305	17	34	1	803	0	855
27306	6	826	1	32	0	865
27307	836	34	1	19	0	890
27308	34	14	2	838	0	888
27309	840	12	2	31	0	885
27310	866	3	1	17	0	887
27311	39	3	4	845	0	891
27312	27	7	0	881	0	915
27313	887	3	3	43	0	936
27314	898	5	4	29	0	936
27315	935	0	1	19	0	955
27316	947	4	1	11	0	963
27317	961	1	1	9	0	972
27318	49	7	0	914	0	970
27319	24	9	1	928	0	962
27320	24	5	0	943	0	972
27321	912	7	1	54	0	974
27322	42	2	1	919	0	964
27323	23	887	1	49	0	960
27324	24	28	2	919	0	973
27325	904	14	5	39	0	962
27326	919	13	2	20	0	954
27327	45	4	887	21	0	957
27328	32	6	25	858	0	921
27329	22	892	9	35	0	958
27330	904	30	9	21	0	964
27331	36	914	2	18	0	970
27332	23	35	2	930	0	990
27333	952	11	3	38	0	1004
27334	963	10	2	26	0	1001
27335	51	919	1	24	0	995
27336	34	29	0	947	0	1010
27337	25	15	929	35	0	1004
27338	909	14	30	23	0	976
27339	41	6	931	21	0	999
27340	931	3	39	14	0	987
27341	963	5	9	17	0	994
27342	49	4	11	945	0	1009
27343	964	8	2	39	0	1013
27344	987	4	1	23	0	1015
27345	973	10	3	19	0	1005
27346	61	9	1	941	0	1012
27347	928	4	2	38	0	972
27348	44	6	3	914	0	967
27349	24	5	8	932	0	969
27350	24	882	3	45	0	954
27351	18	26	5	873	0	922
27352	22	869	3	36	0	930
27353	867	31	2	16	0	916
27354	845	11	2	29	0	887
27355	41	16	0	832	0	889
27356	30	2	3	838	0	873
27357	815	6	1	37	0	859
27358	31	2	780	27	0	840
27359	786	3	17	17	0	823
27360	43	3	8	763	0	817
27361	17	3	711	28	0	759
27362	725	3	13	23	0	764
27363	732	4	10	22	0	768
27364	36	3	707	11	0	757
27365	729	6	13	9	0	757
27366	32	6	691	13	0	742
27367	27	691	21	8	0	747
27368	707	12	14	16	0	749
27369	696	9	8	7	0	720
27370	31	637	2	12	0	682
27371	18	597	3	4	0	622
27372	570	6	3	3	0	582
27373	571	2	2	3	0	578
27374	12	3	1	597	0	613
27375	6	0	584	5	0	595
27376	2	4	540	3	0	549
27377	576	5	4	5	0	590
27378	11	1	585	4	0	601
27379	567	0	8	3	0	578
27380	8	1	1	570	0	580
27381	4	1	5	561	0	571
27382	6	1	583	4	0	594
27383	595	1	2	4	0	602
27384	4	0	3	617	0	624
27385	4	1	2	634	0	641
27386	639	0	1	7	0	647
27387	626	0	3	5	0	634
27388	630	0	3	4	0	637
27389	11	661	0	4	0	676
27390	2	1	648	3	0	654
27391	642	1	1	2	0	646
27392	665	0	2	0	0	667
27393	6	647	1	2	0	656
27394	647	3	0	1	0	651
27395	3	2	0	635	0	640
27396	1	0	702	3	0	706
27397	696	0	2	4	0	702
27398	726	2	0	2	0	730
27399	742	0	0	1	0	743
27400	736	0	0	2	0	738
27401	3	0	1	741	0	745
27402	1	2	1	728	0	732
27403	749	0	0	4	0	753
27404	3	0	1	753	0	757
27405	4	0	0	747	0	751
27406	1	746	0	7	0	754
27407	1	1	0	769	0	771
27408	2	0	0	769	0	771
27409	1	1	0	780	0	782
27410	1	0	0	795	0	796
27411	0	774	0	5	0	779
27412	2	4	0	763	0	769
27413	2	1	0	738	0	741
27414	4	3	720	6	0	733
27415	1	1	662	2	0	666
27416	1	709	3	2	0	715
27417	858	5	0	2	0	865
27418	11	867	1	3	0	882
27419	1	12	2	905	0	920
27420	2	0	956	12	0	970
27421	1031	1	13	4	0	1049
27422	16	1	1	1079	0	1097
27423	1099	0	0	18	0	1117
27424	1120	1	1	2	0	1124
27425	15	1109	1	3	0	1128
27426	1125	14	2	3	0	1144
27427	19	1147	0	2	0	1168
27428	6	17	2	1172	0	1197
27429	3	1180	0	16	0	1199
27430	5	11	1161	3	0	1180
27431	5	1185	12	1	0	1203
27432	4	21	2	1180	0	1207
27433	1194	5	1	20	0	1220
27434	15	1215	2	4	0	1236
27435	7	18	2	1248	0	1275
27436	4	4	0	1273	0	1281
27437	5	1	1252	22	0	1280
27438	4	1	20	1249	0	1274
27439	3	1	1248	21	0	1273
27440	1224	0	19	8	0	1251
27441	24	2	1280	0	0	1306
27442	8	1260	18	12	0	1298
27443	3	20	6	1290	0	1319
27444	6	2	3	1296	0	1307
27445	2	5	0	1317	0	1324
27446	1317	2	1	31	0	1351
27447	24	2	1	1326	0	1353
27448	5	1309	2	23	0	1339
27449	1292	21	0	12	0	1325
27450	22	1279	1	7	0	1309
27451	7	18	0	1285	0	1310
27452	1265	8	1	25	0	1299
27453	23	1255	3	10	0	1291
27454	5	1307	2	6	0	1320
27455	1305	24	3	6	0	1338
27456	1333	8	2	7	0	1350
27457	25	3	1319	7	0	1354
27458	1316	2	21	5	0	1344
27459	29	3	1368	3	0	1403
27460	13	3	25	1383	0	1424
27461	2	5	1394	28	0	1429
27462	8	2	24	1398	0	1432
27463	5	3	1404	30	0	1442
27464	6	2	28	1395	0	1431
27465	6	2	9	1424	0	1441
27466	1395	3	2	38	0	1438
27467	30	3	1381	8	0	1422
27468	1332	8	26	9	0	1375
27469	29	5	1369	7	0	1410
27470	12	2	1367	7	0	1388
27471	3	4	33	1375	0	1415
27472	1381	1	6	28	0	1416
27473	30	1366	6	8	0	1410
27474	1369	28	3	4	0	1404
27475	1379	8	4	5	0	1396
27476	36	1359	4	4	0	1403
27477	1359	27	6	7	0	1399
27478	32	7	1388	9	0	1436
27479	14	4	30	1398	0	1446
27480	1419	7	9	27	0	1462
27481	31	1414	6	12	0	1463
27482	14	27	2	1417	0	1460
27483	7	7	6	1408	0	1428
27484	9	2	5	1426	0	1442
27485	6	3	3	1434	0	1446
27486	1405	2	4	37	0	1448
27487	1415	4	6	16	0	1441
27488	1421	2	3	8	0	1434
27489	1383	0	2	9	0	1394
27490	37	5	1347	4	0	1393
27491	1336	3	25	9	0	1373
27492	1396	2	8	3	0	1409
27493	39	1368	3	8	0	1418
27494	15	1403	3	3	0	1424
27495	10	33	9	1366	0	1418
27496	7	8	9	1360	0	1384
27497	3	3	1331	41	0	1378
27498	9	1325	28	13	0	1375
27499	5	30	11	1326	0	1372
27500	6	1355	3	29	0	1393
27501	5	25	5	1380	0	1415
27502	6	11	2	1391	0	1410
27503	8	1392	4	37	0	1441
27504	8	28	5	1421	0	1462
27505	9	8	1444	33	0	1494
27506	14	3	1418	11	0	1446
27507	1395	6	37	4	0	1442
27508	1455	5	12	6	0	1478
27509	36	1436	8	7	0	1487
27510	1442	28	4	10	0	1484
27511	33	11	5	1438	0	1487
27512	1438	5	3	34	0	1480
27513	33	1426	1	13	0	1473
27514	21	27	1404	7	0	1459
27515	1387	11	29	14	0	1441
27516	32	7	1477	7	0	1523
27517	17	4	1290	3	0	1314
27518	12	4	1287	4	0	1307
27519	9	1283	29	7	0	1328
27520	1225	27	33	5	0	1290
27521	1162	11	6	12	0	1191
27522	24	5	4	1144	0	1177
27523	11	4	4	1128	0	1147
27524	8	1145	3	27	0	1183
27525	1174	16	1	18	0	1209
27526	23	1174	4	2	0	1203
27527	17	1174	3	2	0	1196
27528	1181	23	4	9	0	1217
27529	21	9	3	1171	0	1204
27530	13	6	3	1178	0	1200
27531	9	4	2	1183	0	1198
27532	7	1146	3	23	0	1179
27533	1148	16	3	15	0	1182
27534	21	10	3	1127	0	1161
27535	8	1074	4	19	0	1105
27536	7	1092	1	11	0	1111
27537	4	19	3	1060	0	1086
27538	4	1080	1	16	0	1101
27539	8	15	0	1090	0	1113
27540	1067	8	0	23	0	1098
27541	17	4	1049	10	0	1080
27542	9	1072	13	9	0	1103
27543	7	16	7	1111	0	1141
27544	5	11	1122	16	0	1154
27545	1092	4	19	10	0	1125
27546	22	3	7	1116	0	1148
27547	1125	2	5	16	0	1148
27548	1131	5	2	14	0	1152
27549	26	1137	2	37	0	1202
27550	1195	20	1	10	0	1226
27551	1200	8	1	8	0	1217
27552	1211	4	1	4	0	1220
27553	25	6	1	1164	0	1196
27554	11	4	0	1157	0	1172
27555	3	5	4	1184	0	1196
27556	7	4	1138	28	0	1177
27557	8	1114	15	11	0	1148
27558	1110	11	5	11	0	1137
27559	16	1086	4	4	0	1110
27560	8	17	1	1095	0	1121
27561	5	7	1081	17	0	1110
27562	1006	4	11	13	0	1034
27563	14	1080	6	5	0	1105
27564	8	17	3	1075	0	1103
27565	7	5	1	1082	0	1095
27566	4	8	1054	16	0	1082
27567	2	1058	11	8	0	1079
27568	6	18	8	1069	0	1101
27569	6	8	4	1077	0	1095
27570	7	7	3	1074	0	1091
27571	1046	2	0	27	0	1075
27572	14	3	1028	11	0	1056
27573	9	1026	13	8	0	1056
27574	1017	13	6	9	0	1045
27575	18	1013	4	3	0	1038
27576	9	17	0	999	0	1025
27577	4	1031	3	19	0	1057
27578	1002	15	2	7	0	1026
27579	1018	6	2	8	0	1034
27580	18	5	2	1043	0	1068
27581	7	2	1	1075	0	1085
27582	6	3	1	1143	0	1153
27583	7	4	1148	26	0	1185
27584	3	1202	23	12	0	1240
27585	7	31	6	1457	0	1501
27586	8	10	3	1498	0	1519
27587	3	7	2	1527	0	1539
27588	9	4	0	1534	0	1547
27589	6	4	1483	43	0	1536
27590	6	1558	27	16	0	1607
27591	3	29	10	1613	0	1655
27592	6	14	4	1755	0	1779
27593	4	4	1692	56	0	1756
27594	3	6	30	1640	0	1679
27595	5	1628	13	43	0	1689
27596	4	1710	8	27	0	1749
27597	5	45	6	1681	0	1737
27598	5	15	1637	47	0	1704
27599	1536	11	30	36	0	1613
27600	28	1609	25	14	0	1676
27601	15	38	1563	19	0	1635
27602	11	20	1562	16	0	1609
27603	6	1550	43	11	0	1610
27604	8	35	1561	19	0	1623
27605	14	27	40	1505	0	1586
27606	1522	12	16	32	0	1582
27607	1538	10	8	21	0	1577
27608	1529	5	14	11	0	1559
27609	1576	5	12	12	0	1605
27610	42	1578	2	13	0	1635
27611	1599	30	11	13	0	1653
27612	34	1598	9	22	0	1663
27613	28	39	1555	8	0	1630
27614	15	22	34	1511	0	1582
27615	12	1580	16	33	0	1641
27616	13	32	8	1565	0	1618
27617	1537	24	14	36	0	1611
27618	38	10	7	1526	0	1581
27619	16	1550	10	36	0	1612
27620	1543	36	13	23	0	1615
27621	35	18	1536	21	0	1610
27622	27	14	34	1537	0	1612
27623	15	10	21	1584	0	1630
27624	1516	8	6	53	0	1583
27625	35	1461	10	35	0	1541
27626	19	40	1443	14	0	1516
27627	24	17	31	1456	0	1528
27628	7	11	1432	32	0	1482
27629	7	1380	32	25	0	1444
27630	8	1433	18	24	0	1483
27631	1423	44	12	11	0	1490
27632	29	26	1416	18	0	1489
27633	1442	14	35	19	0	1510
27634	35	7	24	1414	0	1480
27635	24	1433	15	30	0	1502
27636	1440	35	11	26	0	1512
27637	33	23	1445	22	0	1523
27638	27	13	34	1426	0	1500
27639	11	10	24	1472	0	1517
27640	17	16	11	1437	0	1481
27641	12	1408	11	52	0	1483
27642	1363	36	9	35	0	1443
27643	37	1324	12	14	0	1387
27644	23	1337	14	18	0	1392
27645	10	56	9	1351	0	1426
27646	1342	24	18	39	0	1423
27647	1338	14	13	27	0	1392
27648	1348	28	7	16	0	1399
27649	47	1262	16	14	0	1339
27650	24	35	10	1279	0	1348
27651	18	30	1265	34	0	1347
27652	22	9	33	1269	0	1333
27653	23	15	21	1235	0	1294
27654	28	1257	8	51	0	1344
27655	1281	41	9	26	0	1357
27656	42	22	11	1239	0	1314
27657	25	1274	6	46	0	1351
27658	1276	29	24	21	0	1350
27659	37	27	1230	27	0	1321
27660	1242	27	25	22	0	1316
27661	36	1255	22	20	0	1333
27662	1282	32	10	15	0	1339
27663	1285	27	9	24	0	1345
27664	48	26	1263	16	0	1353
27665	1288	17	29	7	0	1341
27666	42	7	1286	14	0	1349
27667	35	22	1280	12	0	1349
27668	1284	19	36	19	0	1358
27669	1321	8	23	10	0	1362
27670	50	10	1292	18	0	1370
27671	28	15	39	1278	0	1360
27672	33	13	17	1272	0	1335
27673	15	1325	26	42	0	1408
27674	1264	28	21	24	0	1337
27675	1348	28	8	21	0	1405
27676	62	11	1307	11	0	1391
27677	1320	18	34	10	0	1382
27678	1350	13	23	12	0	1398
27679	53	1307	6	21	0	1387
27680	28	38	18	1282	0	1366
27681	33	17	11	1248	0	1309
27682	24	12	9	1225	0	1270
27683	1140	12	13	31	0	1196
27684	37	1062	10	20	0	1129
27685	16	25	7	800	0	848
27686	7	804	6	12	0	829
27687	6	48	6	739	0	799
27688	7	749	2	12	0	770
27689	7	760	4	11	0	782
27690	677	16	11	9	0	713
27691	647	13	3	6	0	669
27692	8	3	0	573	0	584
27693	5	2	1	575	0	583
27694	4	2	0	580	0	586
27695	3	2	1	583	0	589
27696	1	2	1	574	0	578
27697	3	558	0	8	0	569
27698	3	3	0	572	0	578
27699	6	1	1	566	0	574
27700	565	2	1	6	0	574
27701	6	2	1	560	0	569
27702	3	3	1	560	0	567
27703	0	0	561	11	0	572
27704	5	1	5	543	0	554
27705	3	2	2	570	0	577
27706	3	1	566	7	0	577
27707	0	560	7	5	0	572
27708	1	5	574	6	0	586
27709	1	1	539	4	0	545
27710	0	527	8	1	0	536
27711	545	7	1	1	0	554
27712	543	1	1	1	0	546
27713	5	1	2	540	0	548
27714	552	3	0	6	0	561
27715	8	0	556	1	0	565
27716	7	0	5	576	0	588
27717	2	0	666	9	0	677
27718	3	0	6	674	0	683
27719	0	0	7	679	0	686
27720	1	0	1	688	0	690
27721	688	0	3	8	0	699
27722	5	0	1	699	0	705
27723	688	1	0	9	0	698
27724	695	0	1	7	0	703
27725	11	688	1	3	0	703
27726	702	6	0	4	0	712
27727	9	722	1	4	0	736
27728	6	6	0	729	0	741
27729	1	6	0	731	0	738
27730	6	0	0	743	0	749
27731	0	4	723	7	0	734
27732	0	715	5	10	0	730
27733	1	5	4	693	0	703
27734	1	2	1	707	0	711
27735	0	713	3	7	0	723
27736	716	9	0	5	0	730
27737	7	696	0	4	0	707
27738	701	5	0	5	0	711
27739	8	707	0	0	0	715
27740	9	6	0	702	0	717
27741	1	727	1	5	0	734
27742	749	5	1	2	0	757
27743	749	8	1	1	0	759
27744	744	2	0	5	0	751
27745	745	3	0	3	0	751
27746	12	1	750	2	0	765
27747	760	0	6	1	0	767
27748	787	2	2	0	0	791
27749	783	1	1	1	0	786
27750	9	0	763	2	0	774
27751	772	3	5	1	0	781
27752	11	771	2	2	0	786
27753	796	7	1	2	0	806
27754	9	2	855	1	0	867
27755	863	3	6	3	0	875
27756	889	4	2	5	0	900
27757	14	2	1	883	0	900
27758	7	1	878	5	0	891
27759	911	2	5	3	0	921
27760	13	0	2	923	0	938
27761	5	4	1	970	0	980
27762	1	0	980	6	0	987
27763	922	1	4	6	0	933
27764	979	0	3	8	0	990
27765	8	1001	3	5	0	1017
27766	3	10	6	1002	0	1021
27767	7	2	0	1006	0	1015
27768	7	3	0	990	0	1000
27769	3	1017	0	11	0	1031
27770	1036	5	3	9	0	1053
27771	8	3	0	1039	0	1050
27772	6	2	0	1044	0	1052
27773	1015	5	0	10	0	1030
27774	1017	1	3	4	0	1025
27775	12	1	0	1037	0	1050
27776	5	2	0	1026	0	1033
27777	8	1	987	10	0	1006
27778	927	0	7	8	0	942
27779	9	1001	2	4	0	1016
27780	5	7	2	1083	0	1097
27781	3	3	1	1109	0	1116
27782	4	1133	1	13	0	1151
27783	4	19	1	1173	0	1197
27784	1229	3	1	26	0	1259
27785	26	4	0	1396	0	1426
27786	5	5	1	1433	0	1444
27787	6	0	0	1470	0	1476
27788	5	3	1426	50	0	1484
27789	6	2	30	1466	0	1504
27790	4	1	1429	48	0	1482
27791	0	1403	35	32	0	1470
27792	2	29	22	1447	0	1500
27793	1	14	12	1476	0	1503
27794	2	8	7	1486	0	1503
27795	1	6	5	1492	0	1504
27796	2	4	3	1508	0	1517
27797	1436	4	3	63	0	1506
27798	32	5	1430	33	0	1500
27799	12	1373	29	26	0	1440
27800	9	1515	11	16	0	1551
27801	8	43	8	1512	0	1571
27802	6	15	5	1544	0	1570
27803	5	13	4	1535	0	1557
27804	5	1495	4	54	0	1558
27805	5	34	2	1531	0	1572
27806	2	16	1506	47	0	1571
27807	1	1459	26	32	0	1518
27808	2	32	12	1512	0	1558
27809	1486	16	12	38	0	1552
27810	26	13	4	1494	0	1537
27811	12	4	3	1502	0	1521
27812	6	1415	5	50	0	1476
27813	7	1499	3	26	0	1535
27814	7	34	2	1519	0	1562
27815	6	14	1	1526	0	1547
27816	4	11	1502	48	0	1565
27817	3	5	87	1372	0	1467
27818	1	7	13	1474	0	1495
27819	2	7	10	1473	0	1492
27820	0	3	4	1497	0	1504
27821	1436	0	3	59	0	1498
27822	1473	0	6	28	0	1507
27823	36	4	3	1479	0	1522
27824	17	0	0	1528	0	1545
27825	1490	1	1	55	0	1547
27826	35	2	1	1541	0	1579
27827	19	1	1538	50	0	1608
27828	16	1565	28	28	0	1637
27829	6	27	14	1619	0	1666
27830	5	9	10	1656	0	1680
27831	1642	9	9	56	0	1716
27832	31	8	5	1679	0	1723
27833	12	6	6	1724	0	1748
27834	1719	6	3	67	0	1795
27835	35	5	3	1747	0	1790
27836	15	1730	1	59	0	1805
27837	14	38	1	1814	0	1867
27838	10	14	1	1891	0	1916
27839	9	9	5	1888	0	1911
27840	11	6	1	1907	0	1925
27841	6	8	1823	65	0	1902
27842	3	8	1781	40	0	1832
27843	3	4	44	1831	0	1882
27844	3	7	21	1830	0	1861
27845	0	1821	11	67	0	1899
27846	5	34	11	1783	0	1833
27847	5	1785	10	53	0	1853
27848	1796	43	8	36	0	1883
27849	33	1859	9	34	0	1935
27850	18	49	1	1944	0	2012
27851	11	21	1	2007	0	2040
27852	9	17	1937	64	0	2027
27853	1869	17	31	36	0	1953
27854	1869	8	13	36	0	1926
27855	47	1870	9	24	0	1950
27856	25	39	5	1866	0	1935
27857	12	19	1952	50	0	2033
27858	11	1952	41	33	0	2037
27859	1954	42	16	23	0	2035
27860	1964	17	10	24	0	2015
27861	47	19	1857	18	0	1941
27862	1882	8	37	20	0	1947
27863	54	9	15	1904	0	1982
27864	24	1897	11	53	0	1985
27865	1895	40	5	29	0	1969
27866	50	16	5	1898	0	1969
27867	1926	9	10	53	0	1998
27868	2005	11	7	34	0	2057
27869	55	9	5	1972	0	2041
27870	29	9	1977	56	0	2071
27871	1995	5	36	41	0	2077
27872	2078	6	13	31	0	2128
27873	2104	5	10	29	0	2148
27874	64	2111	8	21	0	2204
27875	33	38	7	2113	0	2191
27876	23	15	4	2194	0	2236
27877	18	17	2151	65	0	2251
27878	17	8	40	2139	0	2204
27879	11	2123	12	58	0	2204
27880	2092	39	10	32	0	2173
27881	41	2068	6	29	0	2144
27882	17	41	2022	25	0	2105
27883	12	2031	31	18	0	2092
27884	11	2061	22	15	0	2109
27885	21	17	15	1873	0	1926
27886	1881	6	6	20	0	1913
27887	1879	7	1	8	0	1895
27888	1841	6	3	12	0	1862
27889	24	1907	0	6	0	1937
27890	10	15	1884	5	0	1914
27891	1864	9	13	7	0	1893
27892	1930	8	2	7	0	1947
27893	20	1913	9	7	0	1949
27894	1980	18	3	4	0	2005
27895	31	5	2	1978	0	2016
27896	9	10	2075	23	0	2117
27897	2107	4	20	12	0	2143
27898	2119	4	5	11	0	2139
27899	2179	6	8	10	0	2203
27900	31	2	3	2139	0	2175
27901	18	4	1	2225	0	2248
27902	14	1	3	2346	0	2364
27903	6	2284	4	37	0	2331
27904	12	26	4	2356	0	2398
27905	8	9	2	2596	0	2615
27906	9	14	2571	47	0	2641
27907	10	8	35	2564	0	2617
27908	10	6	8	2661	0	2685
27909	6	3	13	2647	0	2669
27910	5	6	5	2664	0	2680
27911	6	2607	3	64	0	2680
27912	10	39	4	2642	0	2695
27913	12	9	4	2664	0	2689
27914	2589	10	4	56	0	2659
27915	42	7	2562	29	0	2640
27916	11	8	2470	24	0	2513
27917	2499	4	46	17	0	2566
27918	2578	7	15	13	0	2613
27919	52	3	16	2456	0	2527
27920	24	2542	5	44	0	2615
27921	2568	37	5	14	0	2624
27922	46	14	6	2531	0	2597
27923	11	2535	10	42	0	2598
27924	2575	37	2	19	0	2633
27925	52	2542	4	19	0	2617
27926	2541	51	4	15	0	2611
27927	2478	12	2	19	0	2511
27928	54	2418	4	13	0	2489
27929	25	35	6	2433	0	2499
27930	21	16	2414	38	0	2489
27931	17	15	34	2357	0	2423
27932	2370	5	6	52	0	2433
27933	42	6	2348	18	0	2414
27934	13	2312	35	22	0	2382
27935	16	41	10	2310	0	2377
27936	9	11	2280	44	0	2344
27937	9	2239	41	18	0	2307
27938	2246	34	12	21	0	2313
27939	39	10	12	2250	0	2311
27940	17	12	9	2270	0	2308
27941	22	8	4	2244	0	2278
27942	6	2224	6	55	0	2291
27943	2239	36	5	24	0	2304
27944	38	2202	5	17	0	2262
27945	17	2272	3	11	0	2303
27946	2266	38	2	19	0	2325
27947	2282	22	5	15	0	2324
27948	43	16	2206	6	0	2271
27949	2168	9	32	10	0	2219
27950	2156	8	10	7	0	2181
27951	49	11	10	2100	0	2170
27952	25	10	2061	40	0	2136
27953	28	6	32	2069	0	2135
27954	2124	3	12	53	0	2192
27955	38	7	2170	16	0	2231
27956	21	6	37	2366	0	2430
27957	28	8	11	2598	0	2645
27958	13	4	12	2807	0	2836
27959	2769	7	11	94	0	2881
27960	77	2785	7	33	0	2902
27961	2801	72	4	27	0	2904
27962	84	14	2797	18	0	2913
27963	30	13	68	2742	0	2853
27964	18	2793	15	79	0	2905
27965	2828	70	15	21	0	2934
27966	81	17	7	2820	0	2925
27967	22	20	2759	75	0	2876
27968	18	9	66	2729	0	2822
27969	2665	8	19	95	0	2787
27970	76	2646	12	32	0	2766
27971	31	81	6	2451	0	2569
27972	24	2621	6	66	0	2717
27973	2597	74	6	38	0	2715
27974	2596	15	8	24	0	2643
27975	79	2546	6	12	0	2643
27976	2537	71	7	14	0	2629
27977	85	22	5	2453	0	2565
27978	22	2505	3	72	0	2602
27979	2499	73	5	21	0	2598
27980	2558	15	3	25	0	2601
27981	82	2437	8	9	0	2536
27982	31	2479	5	13	0	2528
27983	2441	83	4	9	0	2537
27984	77	26	1	2421	0	2525
27985	2434	20	2	71	0	2527
27986	88	13	3	2425	0	2529
27987	29	6	2387	78	0	2500
27988	25	13	62	2436	0	2536
27989	2375	9	12	82	0	2478
27990	76	6	2382	30	0	2494
27991	25	6	65	2384	0	2480
27992	25	7	13	2475	0	2520
27993	14	7	2401	78	0	2500
27994	2318	4	65	35	0	2422
27995	72	10	13	2362	0	2457
27996	22	9	2219	69	0	2319
27997	2117	4	66	31	0	2218
27998	62	2194	17	25	0	2298
27999	19	2155	13	16	0	2203
28000	21	2204	9	11	0	2245
28001	7	72	2064	9	0	2152
28002	19	36	56	1963	0	2074
28003	10	15	1944	62	0	2031
28004	11	50	47	1747	0	1855
28005	9	1730	10	45	0	1794
28006	9	1748	6	14	0	1777
28007	11	54	8	1704	0	1777
28008	1714	10	6	51	0	1781
28009	49	11	5	1737	0	1802
28010	14	7	4	1743	0	1768
28011	14	1723	2	53	0	1792
28012	1705	46	2	20	0	1773
28013	45	1718	5	15	0	1783
28014	21	47	4	1732	0	1804
28015	19	10	4	1746	0	1779
28016	8	1721	4	61	0	1794
28017	12	45	8	1757	0	1822
28018	1737	13	2	66	0	1818
28019	57	23	3	1746	0	1829
28020	33	10	4	1736	0	1783
28021	17	1718	10	53	0	1798
28022	22	51	7	1743	0	1823
28023	1684	20	12	59	0	1775
28024	1738	16	1	24	0	1779
28025	1731	27	4	17	0	1779
28026	77	10	9	1686	0	1782
28027	21	12	1653	69	0	1755
28028	23	11	1668	20	0	1722
28029	21	17	47	1675	0	1760
28030	1687	12	14	59	0	1772
28031	54	21	12	1685	0	1772
28032	1722	10	6	64	0	1802
28033	65	15	8	1725	0	1813
28034	35	14	8	1756	0	1813
28035	1736	9	2	63	0	1810
28036	56	18	1678	29	0	1781
28037	1692	15	47	18	0	1772
28038	75	10	1688	19	0	1792
28039	30	14	47	1671	0	1762
28040	1680	10	17	58	0	1765
28041	65	13	1689	20	0	1787
28042	23	14	1687	19	0	1743
28043	1673	16	52	17	0	1758
28044	72	9	1664	16	0	1761
28045	18	1639	50	35	0	1742
28046	22	48	17	1705	0	1792
28047	1801	12	15	77	0	1905
28048	60	9	1833	22	0	1924
28049	1830	4	52	26	0	1912
28050	1887	7	15	20	0	1929
28051	1866	11	17	19	0	1913
28052	1884	9	13	24	0	1930
28053	65	19	11	1804	0	1899
28054	20	1742	16	92	0	1870
28055	1718	44	16	19	0	1797
28056	53	10	1500	21	0	1584
28057	11	1157	15	11	0	1194
28058	1037	8	13	7	0	1065
28059	10	974	1	4	0	989
28060	2	1040	1	9	0	1052
28061	27	7	19	1021	0	1074
28062	7	1	4	1074	0	1086
28063	4	2	3	1071	0	1080
28064	1105	2	0	8	0	1115
28065	1147	1	3	2	0	1153
28066	10	3	2	1195	0	1210
28067	5	0	2	1290	0	1297
28068	3	1	1371	19	0	1394
28069	1362	0	18	5	0	1385
28070	1435	1	2	2	0	1440
28071	21	0	6	1405	0	1432
28072	6	3	0	1419	0	1428
28073	4	3	1394	25	0	1426
28074	9	0	18	1392	0	1419
28075	5	0	1414	21	0	1440
28076	4	1405	20	7	0	1436
28077	5	16	1408	6	0	1435
28078	5	4	21	1404	0	1434
28079	2	4	1439	21	0	1466
28080	2	0	1382	6	0	1390
28081	1411	5	24	5	0	1445
28082	23	0	8	1475	0	1506
28083	6	2	1478	24	0	1510
28084	1396	2	22	9	0	1429
28085	25	1	1477	3	0	1506
28086	8	2	1593	4	0	1607
28087	5	1641	22	3	0	1671
28088	5	22	7	1650	0	1684
28089	4	3	1639	22	0	1668
28090	4	2	1609	6	0	1621
28091	5	0	28	1635	0	1668
28092	1	2	6	1644	0	1653
28093	2	1637	5	31	0	1675
28094	2	23	5	1668	0	1698
28095	1672	4	4	27	0	1707
28096	1683	3	0	8	0	1694
28097	1698	0	3	9	0	1710
28098	32	6	3	1644	0	1685
28099	9	1664	4	25	0	1702
28100	1692	22	1	12	0	1727
28101	24	1676	4	7	0	1711
28102	7	1637	3	5	0	1652
28103	6	1699	2	8	0	1715
28104	1711	29	5	4	0	1749
28105	25	8	5	1698	0	1736
28106	4	6	5	1703	0	1718
28107	6	1697	5	26	0	1734
28108	1655	24	5	10	0	1694
28109	27	5	1628	6	0	1666
28110	7	4	28	1647	0	1686
28111	1639	4	10	26	0	1679
28112	25	1664	10	8	0	1707
28113	1746	24	3	7	0	1780
28114	27	5	8	1745	0	1785
28115	8	1771	7	26	0	1812
28116	11	23	1750	6	0	1790
28117	1767	6	23	10	0	1806
28118	28	5	9	1797	0	1839
28119	1831	4	6	30	0	1871
28120	30	6	4	1825	0	1865
28121	9	1808	4	28	0	1849
28122	10	23	1850	8	0	1891
28123	5	12	1846	10	0	1873
28124	12	6	23	1886	0	1927
28125	1939	2	8	35	0	1984
28126	1950	5	6	12	0	1973
28127	34	4	3	1926	0	1967
28128	15	5	4	1933	0	1957
28129	1952	4	2	38	0	1996
28130	29	2	3	1977	0	2011
28131	1975	4	1	32	0	2012
28132	29	1946	3	10	0	1988
28133	1949	24	5	8	0	1986
28134	32	6	1960	8	0	2006
28135	7	4	25	1981	0	2017
28136	13	5	12	2007	0	2037
28137	9	4	9	2025	0	2047
28138	11	1955	5	39	0	2010
28139	10	1644	9	22	0	1685
28140	4	29	6	2004	0	2043
28141	5	10	2000	35	0	2050
28142	4	7	33	2022	0	2066
28143	8	3	12	2082	0	2105
28144	8	6	9	2103	0	2126
28145	2049	5	7	44	0	2105
28146	26	1967	11	17	0	2021
28147	13	1989	9	9	0	2020
28148	11	27	9	1990	0	2037
28149	9	11	6	2019	0	2045
28150	14	7	5	2019	0	2045
28151	11	4	5	2034	0	2054
28152	1985	5	8	36	0	2034
28153	26	1981	8	25	0	2040
28154	2008	25	5	14	0	2052
28155	2057	9	5	9	0	2080
28156	33	8	4	2028	0	2073
28157	16	4	4	2070	0	2094
28158	2054	7	4	38	0	2103
28159	2075	4	4	16	0	2099
28160	36	4	3	1977	0	2020
28161	16	3	1	1992	0	2012
28162	8	5	1938	34	0	1985
28163	10	1874	24	18	0	1926
28164	11	1973	9	6	0	1999
28165	1916	22	4	14	0	1956
28166	20	7	1970	7	0	2004
28167	15	5	1803	7	0	1830
28168	1697	5	18	7	0	1727
28169	1771	2	7	8	0	1788
28170	19	1899	2	5	0	1925
28171	8	1989	3	7	0	2007
28172	7	18	2	2051	0	2078
28173	2143	5	2	19	0	2169
28174	2176	1	1	12	0	2190
28175	2204	1	1	5	0	2211
28176	20	4	0	2188	0	2212
28177	10	2	2	2212	0	2226
28178	5	2	2177	23	0	2207
28179	8	3	1989	11	0	2011
28180	6	0	2203	4	0	2213
28181	8	2	16	2223	0	2249
28182	2197	0	5	15	0	2217
28183	13	0	2248	9	0	2270
28184	6	2	12	2273	0	2293
28185	1	2283	4	15	0	2303
28186	3	10	3	2263	0	2279
28187	0	3	2	2277	0	2282
28188	4	1	2337	17	0	2359
28189	2	1	20	2341	0	2364
28190	2436	0	2	25	0	2463
28191	23	4	2510	5	0	2542
28192	8	0	23	2545	0	2576
28193	3	3	2602	26	0	2634
28194	2	2568	29	10	0	2609
28195	1	26	2626	10	0	2663
28196	9	6	31	2493	0	2539
28197	4	2	9	2703	0	2718
28198	3	5	2789	35	0	2832
28199	2	1	31	2715	0	2749
28200	3	3	9	2747	0	2762
28201	2	2699	6	37	0	2744
28202	4	26	2734	13	0	2777
28203	4	8	32	2730	0	2774
28204	4	3	11	2800	0	2818
28205	3	2755	6	45	0	2809
28206	6	29	4	2815	0	2854
28207	2817	9	7	39	0	2872
28208	30	7	3	2838	0	2878
28209	6	4	2829	40	0	2879
28210	2758	5	31	21	0	2815
28211	2969	3	14	14	0	3000
28212	50	2	2929	13	0	2994
28213	2831	3	40	16	0	2890
28214	43	2994	18	10	0	3065
28215	16	38	11	3058	0	3123
28216	12	13	9	3231	0	3265
28217	15	11	6	3193	0	3225
28218	8	6	6	3288	0	3308
28219	11	5	1	3275	0	3292
28220	3214	3	3	79	0	3299
28221	56	3	3173	33	0	3265
28222	3043	2	48	35	0	3128
28223	60	4	3116	27	0	3207
28224	28	3	55	3118	0	3204
28225	3142	5	23	57	0	3227
28226	57	5	15	3129	0	3206
28227	26	3150	9	59	0	3244
28228	3282	50	10	30	0	3372
28229	62	14	7	3376	0	3459
28230	27	14	3171	65	0	3277
28231	3158	5	44	38	0	3245
28232	62	3399	13	23	0	3497
28233	25	58	3480	14	0	3577
28234	23	17	56	3442	0	3538
28235	16	13	22	3369	0	3420
28236	20	3418	16	72	0	3526
28237	14	57	3449	29	0	3549
28238	13	22	56	3442	0	3533
28239	11	18	3518	72	0	3619
28240	12	9	63	3517	0	3601
28241	14	9	21	3520	0	3564
28242	12	6	3458	89	0	3565
28243	8	5	66	3433	0	3512
28244	30	10	56	2722	0	2818
28245	21	6	20	3694	0	3741
28246	11	6	23	3718	0	3758
28247	3543	3	21	121	0	3688
28248	75	5	3508	54	0	3642
28249	3614	2	80	47	0	3743
28250	83	9	27	3744	0	3863
28251	29	5	26	3851	0	3911
28252	27	9	10	3809	0	3855
28253	20	3733	18	127	0	3898
28254	3803	65	22	59	0	3949
28255	77	23	17	3887	0	4004
28256	33	3855	15	100	0	4003
28257	21	81	11	3915	0	4028
28258	3926	24	18	117	0	4085
28259	3941	21	9	56	0	4027
28260	3934	12	15	55	0	4016
28261	108	3897	14	35	0	4054
28262	36	74	3917	31	0	4058
28263	3886	25	75	43	0	4029
28264	3987	13	28	42	0	4070
28265	100	3996	19	35	0	4150
28266	3928	75	13	39	0	4055
28267	3891	31	15	28	0	3965
28268	4006	20	17	31	0	4074
28269	112	4067	11	38	0	4228
28270	57	84	7	4036	0	4184
28271	4071	28	11	101	0	4211
28272	4207	21	12	50	0	4290
28273	4094	14	11	34	0	4153
28274	4159	11	11	39	0	4220
28275	118	19	8	4071	0	4216
28276	59	10	4019	99	0	4187
28277	47	10	76	4031	0	4164
28278	42	4049	30	98	0	4219
28279	39	78	21	4193	0	4331
28280	34	27	4149	119	0	4329
28281	4160	21	90	55	0	4326
28282	101	12	31	4236	0	4380
28283	4156	19	19	100	0	4294
28284	4250	13	14	65	0	4342
28285	137	22	9	4209	0	4377
28286	63	13	4219	106	0	4401
28287	58	12	3980	50	0	4100
28288	3952	11	82	43	0	4088
28289	99	4012	42	33	0	4186
28290	51	3911	27	23	0	4012
28291	37	3896	13	40	0	3986
28292	37	4083	16	28	0	4164
28293	3964	101	30	32	0	4127
28294	3981	45	11	33	0	4070
28295	3974	38	6	24	0	4042
28296	3998	27	13	28	0	4066
28297	131	21	10	3854	0	4016
28298	79	3774	9	74	0	3936
28299	3814	66	13	44	0	3937
28300	104	30	3722	29	0	3885
28301	48	3708	80	20	0	3856
28302	48	62	3768	24	0	3902
28303	3704	35	72	29	0	3840
28304	3824	33	28	24	0	3909
28305	3846	26	24	18	0	3914
28306	123	19	19	3786	0	3947
28307	72	14	3782	71	0	3939
28308	66	3785	62	33	0	3946
28309	3758	61	19	37	0	3875
28310	96	3710	18	35	0	3859
28311	50	3536	18	32	0	3636
28312	35	3575	15	29	0	3654
28313	37	3585	9	25	0	3656
28314	27	70	3416	27	0	3540
28315	31	3475	55	15	0	3576
28316	3319	49	27	26	0	3421
28317	54	30	15	3314	0	3413
28318	29	20	7	3352	0	3408
28319	3321	14	10	61	0	3406
28320	70	3277	8	39	0	3394
28321	33	40	3346	25	0	3444
28322	34	29	50	3316	0	3429
28323	33	11	23	3398	0	3465
28324	35	17	9	3432	0	3493
28325	29	19	3346	64	0	3458
28326	18	27	3304	27	0	3376
28327	28	17	57	3331	0	3433
28328	24	20	3273	45	0	3362
28329	33	18	3055	16	0	3122
28330	2889	16	46	22	0	2973
28331	53	3108	20	17	0	3198
28332	32	2991	12	18	0	3053
28333	30	3108	15	15	0	3168
28334	37	51	3	3003	0	3094
28335	27	3206	12	26	0	3271
28336	3237	38	9	32	0	3316
28337	45	32	3281	17	0	3375
28338	3388	13	41	20	0	3462
28339	64	19	22	3387	0	3492
28340	41	13	11	3439	0	3504
28341	17	3527	19	57	0	3620
28342	3557	40	19	31	0	3647
28343	3558	18	27	22	0	3625
28344	89	3738	13	12	0	3852
28345	426	54	4	3187	0	3671
28346	26	19	3611	45	0	3701
28347	19	17	3587	18	0	3641
28348	9	3692	67	12	0	3780
28349	3675	58	23	23	0	3779
28350	59	23	3669	7	0	3758
28351	38	12	49	3595	0	3694
28352	3678	16	20	58	0	3772
28353	3740	8	15	25	0	3788
28354	72	4245	15	13	0	4345
28355	37	4446	6	11	0	4500
28356	4470	98	9	10	0	4587
28357	89	45	4456	9	0	4599
28358	4441	32	85	12	0	4570
28359	4531	19	35	5	0	4590
28360	118	20	17	4458	0	4613
28361	50	13	4519	76	0	4658
28362	33	6	4456	35	0	4530
28363	4348	7	105	30	0	4490
28364	90	12	4476	14	0	4592
28365	4306	9	89	7	0	4411
28366	4371	14	62	9	0	4456
28367	112	4330	22	8	0	4472
28368	46	77	4275	9	0	4407
28369	30	4193	81	17	0	4321
28370	4104	83	34	12	0	4233
28371	93	47	4035	2	0	4177
28372	47	28	84	3875	0	4034
28373	21	19	3949	80	0	4069
28374	33	10	3918	32	0	3993
28375	26	7	3892	18	0	3943
28376	22	11	3870	15	0	3918
28377	20	3737	116	6	0	3879
28378	23	67	3759	10	0	3859
28379	21	3661	88	12	0	3782
28380	12	76	3668	10	0	3766
28381	3642	40	81	13	0	3776
28382	89	22	43	3448	0	3602
28383	49	3670	29	54	0	3802
28384	3640	72	21	33	0	3766
28385	3660	34	19	17	0	3730
28386	3406	27	28	14	0	3475
28387	3596	22	26	13	0	3657
28388	116	3551	27	12	0	3706
28389	3487	83	27	17	0	3614
28390	3591	41	23	13	0	3668
28391	104	3423	33	8	0	3568
28392	60	81	3234	12	0	3387
28393	46	36	82	3256	0	3420
28394	34	3386	40	67	0	3527
28395	31	85	3383	28	0	3527
28396	23	53	3395	17	0	3488
28397	39	3317	106	14	0	3476
28398	39	3346	62	8	0	3455
28399	45	3494	28	16	0	3583
28400	32	3464	31	13	0	3540
28401	3548	121	25	18	0	3712
28402	3621	54	30	19	0	3724
28403	128	39	3603	7	0	3777
28404	79	29	3664	11	0	3783
28405	60	25	128	3618	0	3831
28406	54	39	64	3708	0	3865
28407	40	26	60	3751	0	3877
28408	3707	34	38	120	0	3899
28409	111	3704	40	57	0	3912
28410	65	3827	35	31	0	3958
28411	58	3978	31	21	0	4088
28412	3884	146	46	14	0	4090
28413	3969	82	44	13	0	4108
28414	163	53	45	3850	0	4111
28415	3991	46	48	100	0	4185
28416	4038	31	55	48	0	4172
28417	175	40	42	3939	0	4196
28418	3993	44	35	117	0	4189
28419	155	3913	58	52	0	4178
28420	97	121	63	3873	0	4154
28421	79	65	3853	97	0	4094
28422	73	3820	144	50	0	4087
28423	68	129	3885	46	0	4128
28424	84	75	146	3659	0	3964
28425	73	3886	92	102	0	4153
28426	79	125	74	3853	0	4131
28427	69	87	67	3934	0	4157
28428	85	56	3850	131	0	4122
28429	73	51	4039	68	0	4231
28430	68	36	175	3924	0	4203
28431	72	44	106	3782	0	4004
28432	49	3963	85	140	0	4237
28433	3805	126	69	66	0	4066
28434	143	3842	70	48	0	4103
28435	81	3887	58	42	0	4068
28436	57	157	3705	31	0	3950
28437	41	3706	131	29	0	3907
28438	37	128	97	3380	0	3642
28439	44	3602	83	90	0	3819
28440	52	120	58	3371	0	3601
28441	36	3456	50	102	0	3644
28442	3448	125	36	61	0	3670
28443	129	3477	46	31	0	3683
28444	75	105	32	3062	0	3274
28445	63	3232	30	86	0	3411
28446	3198	119	33	43	0	3393
28447	3187	68	23	29	0	3307
28448	140	3145	30	22	0	3337
28449	3063	113	14	20	0	3210
28450	128	97	22	2917	0	3164
28451	68	56	2907	85	0	3116
28452	63	44	2877	47	0	3031
28453	51	2943	105	33	0	3132
28454	2224	59	45	27	0	2355
28455	2242	20	15	10	0	2287
28456	70	14	2204	10	0	2298
28457	24	16	2169	22	0	2231
28458	2143	14	48	13	0	2218
28459	2213	18	19	13	0	2263
28460	57	14	2163	15	0	2249
28461	2026	12	53	9	0	2100
28462	48	2054	20	13	0	2135
28463	17	2176	19	11	0	2223
28464	18	53	7	2141	0	2219
28465	13	39	7	2179	0	2238
28466	2157	18	16	60	0	2251
28467	2162	18	7	26	0	2213
28468	2167	16	12	21	0	2216
28469	64	20	18	2136	0	2238
28470	31	13	8	2160	0	2212
28471	20	2041	6	54	0	2121
28472	17	2075	6	23	0	2121
28473	25	2165	4	25	0	2219
28474	17	61	11	2051	0	2140
28475	14	2143	10	38	0	2205
28476	19	46	2076	23	0	2164
28477	1972	28	41	18	0	2059
28478	50	22	2088	17	0	2177
28479	22	24	2088	13	0	2147
28480	2028	22	50	18	0	2118
28481	54	2119	14	5	0	2192
28482	2136	49	13	12	0	2210
28483	2152	29	9	16	0	2206
28484	58	18	2065	13	0	2154
28485	38	18	2087	16	0	2159
28486	30	2146	50	18	0	2244
28487	35	52	2191	8	0	2286
28488	16	30	49	2245	0	2340
28489	27	21	15	1975	0	2038
28490	12	2215	17	64	0	2308
28491	17	2319	17	23	0	2376
28492	2284	57	15	12	0	2368
28493	2369	37	9	18	0	2433
28494	76	21	13	2352	0	2462
28495	37	15	12	2390	0	2454
28496	2317	14	18	66	0	2415
28497	2338	13	26	23	0	2400
28498	65	2356	14	14	0	2449
28499	2231	51	5	15	0	2302
28500	57	2133	10	11	0	2211
28501	32	2199	8	14	0	2253
28502	2192	51	11	12	0	2266
28503	2177	23	8	17	0	2225
28504	59	16	6	2127	0	2208
28505	2103	6	11	51	0	2171
28506	64	14	2061	6	0	2145
28507	23	2061	40	19	0	2143
28508	2041	45	6	14	0	2106
28509	40	14	2041	18	0	2113
28510	15	17	29	1875	0	1936
28511	18	1863	7	32	0	1920
28512	14	1951	7	5	0	1977
28513	1948	32	12	12	0	2004
28514	40	11	1891	6	0	1948
28515	1813	6	31	5	0	1855
28516	35	3	7	1841	0	1886
28517	14	8	1826	24	0	1872
28518	1802	4	23	8	0	1837
28519	32	1906	7	13	0	1958
28520	11	2010	6	5	0	2032
28521	2032	29	8	8	0	2077
28522	2036	12	1	8	0	2057
28523	2101	6	3	15	0	2125
28524	30	8	3	2072	0	2113
28525	15	3	5	2088	0	2111
28526	10	7	2064	24	0	2105
28527	13	4	1987	9	0	2013
28528	8	2059	21	9	0	2097
28529	6	17	9	1965	0	1997
28530	1949	3	6	19	0	1977
28531	20	1930	4	5	0	1959
28532	6	16	5	1949	0	1976
28533	1955	1	4	20	0	1980
28534	16	1951	3	7	0	1977
28535	6	2068	4	5	0	2083
28536	10	15	2032	1	0	2058
28537	1989	5	15	7	0	2016
28538	2051	1	6	11	0	2069
28539	21	4	2019	4	0	2048
28540	1942	3	14	2	0	1961
28541	14	4	2033	1	0	2052
28542	2	1997	13	3	0	2015
28543	9	10	5	1991	0	2015
28544	1988	2	1	14	0	2005
28545	13	1966	3	2	0	1984
28546	5	1966	1	2	0	1974
28547	1928	8	3	4	0	1943
28548	9	2	2033	1	0	2045
28549	1969	1	7	11	0	1988
28550	10	2101	2	5	0	2118
28551	4	10	2050	0	0	2064
28552	2059	4	9	5	0	2077
28553	2113	3	1	4	0	2121
28554	14	1	1	2097	0	2113
28555	2	2	3	2123	0	2130
28556	3	2105	2	9	0	2119
28557	3	12	2098	3	0	2116
28558	4	2	12	2137	0	2155
28559	10	1	2220	17	0	2248
28560	5	0	2214	3	0	2222
28561	2	4	21	2346	0	2373
28562	2	5	2408	23	0	2438
28563	11	3	2400	3	0	2417
28564	1	1	28	2401	0	2431
28565	1	2	2443	24	0	2470
28566	2271	3	29	7	0	2310
28567	22	2366	3	8	0	2399
28568	6	22	2447	1	0	2476
28569	8	3	2635	1	0	2647
28570	8	3	25	2572	0	2608
28571	2741	0	5	33	0	2779
28572	2756	2	9	6	0	2773
28573	2755	3	3	6	0	2767
28574	2769	5	5	2	0	2781
28575	30	3	6	2708	0	2747
28576	8	0	2769	25	0	2802
28577	2760	2	24	10	0	2796
28578	2817	3	5	8	0	2833
28579	2841	2	5	8	0	2856
28580	30	1	2790	7	0	2828
28581	2704	0	29	11	0	2744
28582	29	2	9	2982	0	3022
28583	4	2998	12	31	0	3045
28584	11	26	5	2937	0	2979
28585	7	2995	7	31	0	3040
28586	3028	36	8	8	0	3080
28587	36	5	3038	13	0	3092
28588	11	5	38	2940	0	2994
28589	8	2979	9	33	0	3029
28590	3	3102	8	11	0	3124
28591	3092	41	10	11	0	3154
28592	3104	7	7	3	0	3121
28593	48	8	2985	7	0	3048
28594	3040	4	37	7	0	3088
28595	49	3	12	3063	0	3127
28596	14	3	3138	40	0	3195
28597	14	1	3107	11	0	3133
28598	17	2	48	3254	0	3321
28599	3457	2	22	51	0	3532
28600	60	3	7	3444	0	3514
28601	21	1	8	3486	0	3516
28602	9	4	13	3481	0	3507
28603	11	3466	9	66	0	3552
28604	11	51	4	3525	0	3591
28605	3442	14	2	67	0	3525
28606	55	3459	8	19	0	3541
28607	16	54	6	3522	0	3598
28608	3501	17	7	66	0	3591
28609	57	3385	8	18	0	3468
28610	20	3501	5	18	0	3544
28611	16	69	4	3523	0	3612
28612	3436	23	6	74	0	3539
28613	58	10	3428	23	0	3519
28614	26	4	3359	17	0	3406
28615	3451	7	72	11	0	3541
28616	3606	7	22	15	0	3650
28617	82	3626	10	10	0	3728
28618	37	62	7	3565	0	3671
28619	21	17	3556	62	0	3656
28620	16	8	3414	22	0	3460
28621	23	9	3633	21	0	3686
28622	12	3562	84	14	0	3672
28623	10	3634	38	12	0	3694
28624	3628	76	20	17	0	3741
28625	80	31	3608	10	0	3729
28626	3557	19	66	13	0	3655
28627	3662	9	20	18	0	3709
28628	96	11	3663	16	0	3786
28629	31	3734	70	19	0	3854
28630	24	73	29	3690	0	3816
28631	20	24	3804	78	0	3926
28632	18	26	3618	19	0	3681
28633	3621	19	82	26	0	3748
28634	78	3732	33	21	0	3864
28635	38	75	17	3646	0	3776
28636	29	33	14	3645	0	3721
28637	18	3661	13	94	0	3786
28638	25	3722	11	37	0	3795
28639	14	3837	17	29	0	3897
28640	21	94	24	3868	0	4007
28641	3924	33	18	95	0	4070
28642	102	21	12	3950	0	4085
28643	38	19	3943	95	0	4095
28644	24	20	3876	52	0	3972
28645	23	20	94	4005	0	4142
28646	14	18	4003	105	0	4140
28647	13	3978	117	45	0	4153
28648	27	100	42	4114	0	4283
28649	4243	37	19	124	0	4423
28650	4238	25	18	51	0	4332
28651	132	4202	18	42	0	4394
28652	4236	116	23	38	0	4413
28653	4338	33	18	28	0	4417
28654	4339	23	15	31	0	4408
28655	149	34	3780	22	0	3985
28656	4031	29	90	23	0	4173
28657	125	4087	29	30	0	4271
28658	52	100	4054	21	0	4227
28659	39	30	4060	14	0	4143
28660	33	4009	124	13	0	4179
28661	3981	120	49	21	0	4171
28662	123	35	27	3879	0	4064
28663	47	3793	26	102	0	3968
28664	3876	104	19	36	0	4035
28665	117	31	18	3890	0	4056
28666	3947	23	18	111	0	4099
28667	124	38	23	3935	0	4120
28668	45	20	3866	126	0	4057
28669	28	20	3741	42	0	3831
28670	33	19	3811	26	0	3889
28671	29	17	138	3686	0	3870
28672	23	25	52	3844	0	3944
28673	22	30	3749	131	0	3932
28674	27	3729	112	44	0	3912
28675	3858	102	38	35	0	4033
28676	3872	39	28	27	0	3966
28677	152	3854	31	19	0	4056
28678	58	127	22	3896	0	4103
28679	37	35	3929	109	0	4110
28680	3806	25	123	56	0	4010
28681	130	25	3899	37	0	4091
28682	48	17	3562	25	0	3652
28683	37	20	3711	20	0	3788
28684	3571	22	139	20	0	3752
28685	122	21	3670	18	0	3831
28686	58	3447	119	15	0	3639
28687	35	3666	50	22	0	3773
28688	39	117	36	3523	0	3715
28689	47	43	28	3585	0	3703
28690	25	35	3520	112	0	3692
28691	3395	26	115	43	0	3579
28692	3628	18	42	38	0	3726
28693	144	21	38	3533	0	3736
28694	3495	12	34	104	0	3645
28695	116	3481	34	37	0	3668
28696	3432	99	26	25	0	3582
28697	114	3359	22	37	0	3532
28698	46	3381	20	25	0	3472
28699	3229	107	22	30	0	3388
28700	3244	36	20	26	0	3326
28701	3317	27	24	18	0	3386
28702	3345	22	22	20	0	3409
28703	132	18	3124	27	0	3301
28704	3133	14	92	25	0	3264
28705	120	11	33	3120	0	3284
28706	46	3142	31	89	0	3308
28707	3156	95	21	35	0	3307
28708	114	3138	26	23	0	3301
28709	3173	100	16	22	0	3311
28710	118	40	22	3122	0	3302
28711	56	27	19	3195	0	3297
28712	46	29	3007	101	0	3183
28713	50	17	3016	37	0	3120
28714	30	3113	91	34	0	3268
28715	3025	87	41	25	0	3178
28716	116	2954	31	22	0	3123
28717	53	2964	33	16	0	3066
28718	41	3134	20	23	0	3218
28719	48	93	3014	15	0	3170
28720	36	3070	83	19	0	3208
28721	2900	86	38	23	0	3047
28722	2923	35	28	20	0	3006
28723	105	36	27	2828	0	2996
28724	56	2784	15	83	0	2938
28725	38	2890	22	36	0	2986
28726	42	97	20	2833	0	2992
28727	45	41	2838	79	0	3003
28728	32	2768	80	34	0	2914
28729	49	88	30	2714	0	2881
28730	2664	36	20	84	0	2804
28731	2717	35	22	33	0	2807
28732	105	2717	19	19	0	2860
28733	2732	84	22	28	0	2866
28734	2774	37	18	21	0	2850
28735	114	28	17	2660	0	2819
28736	57	19	2592	77	0	2745
28737	43	2629	76	34	0	2782
28738	42	81	28	2617	0	2768
28739	29	38	2582	69	0	2718
28740	23	2524	59	31	0	2637
28741	2442	68	25	25	0	2560
28742	2477	29	26	16	0	2548
28743	78	29	16	2427	0	2550
28744	40	2422	21	56	0	2539
28745	33	67	2425	22	0	2547
28746	31	27	61	2393	0	2512
28747	36	27	2425	56	0	2544
28748	27	2260	49	18	0	2354
28749	26	41	15	2143	0	2225
28750	2113	18	19	38	0	2188
28751	37	2086	11	20	0	2154
28752	2075	37	7	14	0	2133
28753	2064	21	10	7	0	2102
28754	44	2115	4	12	0	2175
28755	28	35	7	2102	0	2172
28756	25	23	6	2122	0	2176
28757	15	2051	5	47	0	2118
28758	17	2084	10	26	0	2137
28759	24	31	11	1994	0	2060
28760	12	2056	3	26	0	2097
28761	2074	31	5	21	0	2131
28762	2067	17	5	15	0	2104
28763	39	18	2036	10	0	2103
28764	22	16	2004	5	0	2047
28765	2050	11	33	10	0	2104
28766	2114	14	9	12	0	2149
28767	40	2158	12	14	0	2224
28768	2174	40	7	6	0	2227
28769	2152	15	3	12	0	2182
28770	42	2102	10	5	0	2159
28771	2183	37	8	9	0	2237
28772	42	17	2	2533	0	2594
28773	24	15	7	2597	0	2643
28774	13	15	2720	65	0	2813
28775	9	2557	52	39	0	2657
28776	8	2782	14	12	0	2816
28777	2676	76	20	13	0	2785
28778	2701	20	6	12	0	2739
28779	2557	11	5	13	0	2586
28780	2723	6	10	7	0	2746
28781	78	13	2499	5	0	2595
28782	26	12	2665	3	0	2706
28783	18	2705	56	4	0	2783
28784	14	57	14	2733	0	2818
28785	18	16	11	2730	0	2775
28786	15	2793	4	54	0	2866
28787	12	64	5	2746	0	2827
28788	2734	14	4	74	0	2826
28789	69	2721	7	15	0	2812
28790	22	64	2763	13	0	2862
28791	13	2826	56	13	0	2908
28792	2810	73	10	12	0	2905
28793	60	17	2803	12	0	2892
28794	2770	15	60	10	0	2855
28795	2853	11	15	11	0	2890
28796	77	8	2801	7	0	2893
28797	24	14	2729	4	0	2771
28798	20	8	2721	4	0	2753
28799	2552	6	74	6	0	2638
28800	70	8	2710	0	0	2788
28801	23	2667	62	2	0	2754
28802	2684	54	20	5	0	2763
28803	66	13	2672	3	0	2754
28804	2560	10	66	6	0	2642
28805	72	7	2645	3	0	2727
28806	19	7	2703	3	0	2732
28807	16	2731	67	4	0	2818
28808	14	58	2747	4	0	2823
28809	14	16	2708	2	0	2740
28810	19	2343	67	3	0	2432
28811	2641	57	29	2	0	2729
28812	63	18	2670	1	0	2752
28813	21	13	63	2491	0	2588
28814	15	2667	25	45	0	2752
28815	2677	61	19	16	0	2773
28816	2685	18	15	21	0	2739
28817	72	14	2628	9	0	2723
28818	22	2466	64	10	0	2562
28819	18	2604	21	11	0	2654
28820	19	72	19	2481	0	2591
28821	17	2362	12	49	0	2440
28822	24	78	10	2298	0	2410
28823	22	22	12	2609	0	2665
28824	21	2563	14	67	0	2665
28825	17	71	16	2545	0	2649
28826	19	2560	9	70	0	2658
28827	16	66	2501	22	0	2605
28828	16	25	66	2505	0	2612
28829	11	25	25	2532	0	2593
28830	9	2477	17	80	0	2583
28831	12	2585	13	32	0	2642
28832	8	86	11	2456	0	2561
28833	9	2536	12	60	0	2617
28834	2500	72	11	33	0	2616
28835	66	31	14	2521	0	2632
28836	24	2523	18	66	0	2631
28837	2463	75	13	27	0	2578
28838	71	2422	15	18	0	2526
28839	23	78	2404	15	0	2520
28840	27	28	65	2408	0	2528
28841	2418	20	28	75	0	2541
28842	73	19	2438	20	0	2550
28843	30	21	73	2353	0	2477
28844	23	2378	30	58	0	2489
28845	30	69	2340	17	0	2456
28846	19	2376	74	16	0	2485
28847	2237	68	32	17	0	2354
28848	2347	28	32	8	0	2415
28849	84	2301	27	9	0	2421
28850	2319	77	24	11	0	2431
28851	69	29	2323	18	0	2439
28852	36	24	76	2273	0	2409
28853	25	26	33	2278	0	2362
28854	21	1274	30	1080	0	2405
28855	2352	53	25	52	0	2482
28856	2397	28	20	25	0	2470
28857	83	27	2354	11	0	2475
28858	2371	20	69	13	0	2473
28859	2448	12	29	12	0	2501
28860	2437	20	29	14	0	2500
28861	101	18	15	2322	0	2456
28862	51	15	17	2343	0	2426
28863	26	2367	20	73	0	2486
28864	2273	70	14	30	0	2387
28865	2324	28	17	22	0	2391
28866	102	2276	16	13	0	2407
28867	32	71	15	2221	0	2339
28868	24	2267	9	62	0	2362
28869	21	2425	8	25	0	2479
28870	2342	88	27	21	0	2478
28871	89	28	2257	19	0	2393
28872	20	13	1885	5	0	1923
28873	13	1884	42	5	0	1944
28874	1696	37	21	4	0	1758
28875	34	10	1693	0	0	1737
28876	9	1524	34	2	0	1569
28877	1507	29	15	3	0	1554
28878	31	8	1494	0	0	1533
28879	10	2	32	1496	0	1540
28880	1598	2	8	30	0	1638
28881	36	1	1566	11	0	1614
28882	10	1	1627	3	0	1641
28883	8	1	1656	0	0	1665
28884	1	3	1649	1	0	1654
28885	1553	1	48	4	0	1606
28886	1741	1	12	1	0	1755
28887	40	1745	7	2	0	1794
28888	11	40	2	1811	0	1864
28889	11	5	1	1884	0	1901
28890	2	1819	1	46	0	1868
28891	3	47	1	1808	0	1859
28892	2	1867	2	50	0	1921
28893	1	1926	2	11	0	1940
28894	6	55	2	1900	0	1963
28895	0	17	1881	51	0	1949
28896	3	1898	49	12	0	1962
28897	3	47	11	1909	0	1970
28898	1909	9	12	50	0	1980
28899	53	9	1906	10	0	1978
28900	1891	5	53	11	0	1960
28901	1988	2	10	9	0	2009
28902	71	3	11	1972	0	2057
28903	21	5	2008	66	0	2100
28904	16	6	2041	22	0	2085
28905	5	2084	74	17	0	2180
28906	3	69	33	2031	0	2136
28907	2	21	2052	60	0	2135
28908	2	14	2104	21	0	2141
28909	3	2117	72	15	0	2207
28910	2121	64	28	10	0	2223
28911	2203	22	15	6	0	2246
28912	86	18	6	2239	0	2349
28913	36	8	2288	78	0	2410
28914	21	5	2281	27	0	2334
28915	4	2356	99	21	0	2480
28916	6	79	2410	8	0	2503
28917	6	29	2428	6	0	2469
28918	11	28	103	2327	0	2469
28919	8	6	2423	82	0	2519
28920	2326	8	99	28	0	2461
28921	81	5	34	2403	0	2523
28922	29	9	2442	81	0	2561
28923	23	2455	87	33	0	2598
28924	17	74	32	2477	0	2600
28925	6	28	2523	79	0	2636
28926	8	2569	95	31	0	2703
28927	13	86	35	2472	0	2606
28928	9	2578	35	77	0	2699
28929	10	102	22	2587	0	2721
28930	7	30	15	2656	0	2708
28931	11	25	2556	111	0	2703
28932	10	2571	98	46	0	2725
28933	11	86	34	2579	0	2710
28934	15	32	27	2640	0	2714
28935	7	26	20	2696	0	2749
28936	7	15	2572	126	0	2720
28937	9	2543	103	55	0	2710
28938	11	88	40	2553	0	2692
28939	16	36	2548	93	0	2693
28940	10	2549	89	37	0	2685
28941	9	97	39	2554	0	2699
28942	12	32	2554	95	0	2693
28943	10	2566	95	43	0	2714
28944	9	98	37	2550	0	2694
28945	13	34	32	2641	0	2720
28946	5	26	2614	129	0	2774
28947	2481	22	100	62	0	2665
28948	83	2601	42	42	0	2768
28949	2643	96	35	27	0	2801
28950	103	39	2640	25	0	2807
28951	2633	32	100	35	0	2800
28952	101	17	40	2672	0	2830
28953	35	22	39	2790	0	2886
28954	28	20	2693	121	0	2862
28955	2533	20	98	70	0	2721
28956	2613	16	43	54	0	2726
28957	110	2525	42	30	0	2707
28958	51	2679	23	24	0	2777
28959	2659	117	19	32	0	2827
28960	96	54	2641	27	0	2818
28961	34	2706	106	20	0	2866
28962	33	99	49	2704	0	2885
28963	15	38	38	2839	0	2930
28964	17	30	2747	122	0	2916
28965	2677	19	106	63	0	2865
28966	95	22	2815	44	0	2976
28967	2719	10	107	38	0	2874
28968	115	17	2755	23	0	2910
28969	47	2723	109	16	0	2895
28970	2749	96	52	24	0	2921
28971	2766	57	36	25	0	2884
28972	2733	33	24	20	0	2810
28973	2784	18	21	27	0	2850
28974	136	17	20	2684	0	2857
28975	59	18	2640	100	0	2817
28976	37	15	90	2590	0	2732
28977	26	2604	58	96	0	2784
28978	28	81	38	2660	0	2807
28979	18	41	2621	111	0	2791
28980	21	29	2591	43	0	2684
28981	29	17	108	2520	0	2674
28982	2473	12	66	92	0	2643
28983	2425	13	31	48	0	2517
28984	2491	16	17	36	0	2560
28985	132	13	2389	25	0	2559
28986	56	16	2270	23	0	2365
28987	30	2195	115	20	0	2360
28988	21	2261	46	17	0	2345
28989	2156	89	39	17	0	2301
28990	2189	42	14	15	0	2260
28991	89	2176	19	16	0	2300
28992	2155	55	18	19	0	2247
28993	2184	31	19	14	0	2248
28994	92	2146	7	17	0	2262
28995	2191	60	13	18	0	2282
28996	2182	34	11	15	0	2242
28997	90	2158	20	13	0	2281
28998	2186	57	23	16	0	2282
28999	2209	38	15	17	0	2279
29000	92	22	2131	17	0	2262
29001	46	14	2139	16	0	2215
29002	34	2028	61	10	0	2133
29003	27	2100	38	11	0	2176
29004	2069	59	30	13	0	2171
29005	2013	30	12	10	0	2065
29006	2002	22	13	8	0	2045
29007	79	1972	14	4	0	2069
29008	47	40	6	1921	0	2014
29009	30	30	1929	31	0	2020
29010	24	32	38	1843	0	1937
29011	27	1931	25	38	0	2021
29012	1861	32	16	12	0	1921
29013	43	1808	8	8	0	1867
29014	32	37	5	1776	0	1850
29015	1871	22	4	37	0	1934
29016	1860	12	6	19	0	1897
29017	61	7	1851	4	0	1923
29018	1880	11	34	4	0	1929
29019	1991	8	18	11	0	2028
29020	2024	12	15	7	0	2058
29021	50	11	12	1921	0	1994
29022	34	1905	10	31	0	1980
29023	34	39	8	1951	0	2032
29024	22	23	1979	34	0	2058
29025	27	1972	30	16	0	2045
29026	20	35	13	1938	0	2006
29027	18	17	1948	32	0	2015
29028	18	1949	32	22	0	2021
29029	18	39	17	1930	0	2004
29030	22	19	1937	32	0	2010
29031	1797	11	35	24	0	1867
29032	40	9	1990	15	0	2054
29033	27	12	1991	12	0	2042
29034	21	2020	43	14	0	2098
29035	14	41	26	2047	0	2128
29036	25	19	10	2008	0	2062
29037	24	1968	15	43	0	2050
29038	26	35	10	2094	0	2165
29039	2122	20	9	38	0	2189
29040	2125	14	7	21	0	2167
29041	52	15	1934	15	0	2016
29042	2086	8	30	15	0	2139
29043	2157	9	22	11	0	2199
29044	56	19	2126	7	0	2208
29045	29	2104	35	12	0	2180
29046	13	2137	22	12	0	2184
29047	12	48	15	1955	0	2030
29048	14	2110	10	35	0	2169
29049	23	39	1836	20	0	1918
29050	29	26	2009	3	0	2067
29051	20	2110	46	9	0	2185
29052	2095	34	22	6	0	2157
29053	2148	23	10	9	0	2190
29054	2176	10	10	5	0	2201
29055	2161	16	7	11	0	2195
29056	2046	16	8	12	0	2082
29057	49	2123	9	6	0	2187
29058	23	37	2083	5	0	2148
29059	19	19	28	2050	0	2116
29060	2064	12	15	28	0	2119
29061	42	1999	3	19	0	2063
29062	31	27	8	1958	0	2024
29063	16	15	1957	23	0	2011
29064	12	1882	27	11	0	1932
29065	8	1923	14	4	0	1949
29066	1818	34	19	26	0	1897
29067	19	1807	4	2	0	1832
29068	8	18	2	1780	0	1808
29069	1780	5	1	17	0	1803
29070	1764	3	5	4	0	1776
29071	1774	5	3	3	0	1785
29072	21	4	1740	4	0	1769
29073	11	1751	18	2	0	1782
29074	1798	14	6	5	0	1823
29075	18	8	3	1797	0	1826
29076	1831	4	2	18	0	1855
29077	20	1802	1	6	0	1829
29078	1938	18	6	4	0	1966
29079	2091	8	4	3	0	2106
29080	37	4	1	2077	0	2119
29081	10	4	2121	27	0	2162
29082	14	3	24	2141	0	2182
29083	2163	5	8	32	0	2208
29084	2185	3	8	13	0	2209
29085	34	2147	9	8	0	2198
29086	2113	26	4	6	0	2149
29087	34	2115	4	13	0	2166
29088	2142	31	3	6	0	2182
29089	2090	9	2	14	0	2115
29090	35	11	2075	7	0	2128
29091	14	2111	25	6	0	2156
29092	14	27	8	2139	0	2188
29093	11	13	8	2174	0	2206
29094	9	9	4	2142	0	2164
29095	5	2125	7	38	0	2175
29096	9	33	2112	15	0	2169
29097	3	13	2131	18	0	2165
29098	4	2568	33	9	0	2614
29099	2594	41	10	8	0	2653
29100	40	14	2589	2	0	2645
29101	2542	13	44	4	0	2603
29102	49	2561	12	1	0	2623
29103	17	40	2586	7	0	2650
29104	17	13	42	2560	0	2632
29105	10	24	2613	40	0	2687
29106	15	9	2664	14	0	2702
29107	17	8	52	2497	0	2574
29108	13	2554	23	35	0	2625
29109	6	2677	21	15	0	2719
29110	2642	48	12	11	0	2713
29111	45	19	2638	11	0	2713
29112	2653	10	48	8	0	2719
29113	2696	18	16	5	0	2735
29114	52	2718	11	9	0	2790
29115	2627	38	6	7	0	2678
29116	2635	14	5	10	0	2664
29117	2535	16	3	6	0	2560
29118	57	2487	5	7	0	2556
29119	28	2301	1	5	0	2335
29120	23	2445	4	5	0	2477
29121	2448	45	12	3	0	2508
29122	2446	14	9	10	0	2479
29123	54	13	2353	6	0	2426
29124	29	13	2361	2	0	2405
29125	2465	11	35	5	0	2516
29126	2495	8	19	8	0	2530
29127	2517	6	16	7	0	2546
29128	56	4	8	2461	0	2529
29129	27	3	9	2489	0	2528
29130	23	5	11	2515	0	2554
29131	18	8	6	2509	0	2541
29132	19	8	2332	48	0	2407
29133	12	10	2318	25	0	2365
29134	16	4	2329	19	0	2368
29135	14	10	2334	9	0	2367
29136	2334	8	37	11	0	2390
29137	37	2358	23	7	0	2425
29138	17	2437	22	7	0	2483
29139	2443	39	12	12	0	2506
29140	39	19	2438	7	0	2503
29141	17	18	2370	10	0	2415
29142	2378	13	43	7	0	2441
29143	2443	12	22	6	0	2483
29144	40	2434	22	8	0	2504
29145	29	29	12	2445	0	2515
29146	2493	8	15	32	0	2548
29147	2544	17	9	9	0	2579
29148	50	13	11	2519	0	2593
29149	27	2571	7	31	0	2636
29150	2577	32	3	26	0	2638
29151	46	17	2497	14	0	2574
29152	2432	14	41	19	0	2506
29153	51	2479	15	16	0	2561
29154	2527	34	17	13	0	2591
29155	2470	17	9	14	0	2510
29156	45	21	2522	6	0	2594
29157	28	12	2417	5	0	2462
29158	2488	6	48	8	0	2550
29159	2558	10	24	6	0	2598
29160	46	2601	18	1	0	2666
29161	40	34	11	2607	0	2692
29162	28	16	2611	27	0	2682
29163	2573	16	39	8	0	2636
29164	45	11	19	2623	0	2698
29165	36	13	18	2654	0	2721
29166	2668	18	10	43	0	2739
29167	47	2783	16	23	0	2869
29168	2816	36	9	22	0	2883
29169	2844	14	17	13	0	2888
29170	2881	17	13	14	0	2925
29171	60	2847	10	13	0	2930
29172	2881	37	13	15	0	2946
29173	61	14	16	2855	0	2946
29174	36	19	5	2876	0	2936
29175	34	11	2863	47	0	2955
29176	32	13	2717	27	0	2789
29177	24	2789	35	23	0	2871
29178	20	2835	24	9	0	2888
29179	21	35	2689	5	0	2750
29180	15	2679	31	9	0	2734
29181	2788	36	22	13	0	2859
29182	2808	16	9	3	0	2836
29183	2844	11	7	9	0	2871
29184	48	11	6	2714	0	2779
29185	27	10	1	2798	0	2836
29186	14	5	2817	35	0	2871
29187	12	2749	22	21	0	2804
29188	2843	27	10	11	0	2891
29189	38	2833	8	5	0	2884
29190	2864	32	4	7	0	2907
29191	2872	11	5	9	0	2897
29192	54	13	2	2774	0	2843
29193	38	7	2	2771	0	2818
29194	25	8	3	2861	0	2897
29195	19	7	2758	50	0	2834
29196	11	2630	29	33	0	2703
29197	7	2622	17	19	0	2665
29198	7	2199	1	5	0	2212
29199	4	2225	3	3	0	2235
29200	4	2279	7	2	0	2292
29201	2149	17	8	7	0	2181
29202	18	10	2178	1	0	2207
29203	11	2171	13	3	0	2198
29204	9	16	2079	4	0	2108
29205	6	2192	12	5	0	2215
29206	17	23	10	1584	0	1634
29207	5	7	5	2118	0	2135
29208	5	2149	4	18	0	2176
29209	2116	13	4	8	0	2141
29210	15	16	2083	2	0	2116
29211	11	2110	14	4	0	2139
29212	11	13	2076	2	0	2102
29213	9	12	10	2064	0	2095
29214	9	2	7	1968	0	1986
29215	7	2063	3	19	0	2092
29216	9	15	5	2106	0	2135
29217	3	12	5	2107	0	2127
29218	5	2093	6	17	0	2121
29219	3	17	2020	7	0	2047
29220	5	13	1993	3	0	2014
29221	1989	10	15	4	0	2018
29222	2087	6	10	6	0	2109
29223	22	5	5	2005	0	2037
29224	8	9	1962	18	0	1997
29225	8	7	16	1919	0	1950
29226	6	2007	12	13	0	2038
29227	6	18	2005	11	0	2040
29228	6	1935	12	9	0	1962
29229	7	16	1971	5	0	1999
29230	5	1994	13	5	0	2017
29231	1996	16	9	6	0	2027
29232	18	10	5	1972	0	2005
29233	14	7	4	1956	0	1981
29234	6	5	1941	19	0	1971
29235	5	4	1829	14	0	1852
29236	15	1913	18	8	0	1954
29237	1940	17	6	9	0	1972
29238	18	11	3	1922	0	1954
29239	9	7	1922	19	0	1957
29240	3	8	1852	13	0	1876
29241	1748	6	19	6	0	1779
29242	1859	8	11	1	0	1879
29243	18	8	1895	5	0	1926
29244	11	12	9	1826	0	1858
29245	3	1848	11	10	0	1872
29246	1872	15	5	12	0	1904
29247	12	1856	2	4	0	1874
29248	1805	13	2	4	0	1824
29249	12	1811	6	3	0	1832
29250	5	1833	5	4	0	1847
29251	7	18	2	1841	0	1868
29252	6	6	0	1856	0	1868
29253	1	1832	5	22	0	1860
29254	1	13	1775	10	0	1799
29255	5	7	1715	0	0	1727
29256	4	7	1751	2	0	1764
29257	1716	3	20	6	0	1745
29258	1801	7	3	4	0	1815
29259	14	1910	11	10	0	1945
29260	7	22	1889	6	0	1924
29261	2	12	20	1885	0	1919
29262	3	3	1960	24	0	1990
29263	2	7	2003	10	0	2022
29264	6	4	34	2174	0	2218
29265	4	3	13	2321	0	2341
29266	1	8	2461	48	0	2518
29267	2387	4	33	23	0	2447
29268	43	2489	15	13	0	2560
29269	18	2596	11	3	0	2628
29270	6	60	7	2537	0	2610
29271	2592	25	7	44	0	2668
29272	47	2614	7	20	0	2688
29273	2616	51	3	11	0	2681
29274	52	2634	3	5	0	2694
29275	2758	55	3	8	0	2824
29276	61	31	2741	5	0	2838
29277	32	17	2771	6	0	2826
29278	21	21	67	2678	0	2787
29279	15	19	2693	53	0	2780
29280	12	2526	60	24	0	2622
29281	10	2534	31	19	0	2594
29282	2580	72	20	8	0	2680
29283	63	34	14	2489	0	2600
29284	25	2567	17	51	0	2660
29285	2597	61	11	26	0	2695
29286	2551	28	6	19	0	2604
29287	2601	20	10	7	0	2638
29288	93	17	7	2514	0	2631
29289	43	17	3	2576	0	2639
29290	27	9	2518	83	0	2637
29291	14	10	2503	35	0	2562
29292	2479	12	73	19	0	2583
29293	74	6	28	2501	0	2609
29294	38	3	2498	65	0	2604
29295	2463	6	61	36	0	2566
29296	65	2549	31	26	0	2671
29297	2581	60	24	15	0	2680
29298	2609	25	19	15	0	2668
29299	2629	16	13	14	0	2672
29300	100	10	2512	12	0	2634
29301	2529	10	68	11	0	2618
29302	88	7	35	2449	0	2579
29303	48	2349	20	51	0	2468
29304	36	2543	11	28	0	2618
29305	2520	69	10	19	0	2618
29306	2543	37	11	13	0	2604
29307	2578	18	13	9	0	2618
29308	114	16	14	2456	0	2600
29309	54	17	11	2491	0	2573
29310	34	15	13	2444	0	2506
29311	28	2445	9	87	0	2569
29312	2440	68	8	41	0	2557
29313	2486	34	7	28	0	2555
29314	2540	18	4	26	0	2588
29315	107	23	2442	21	0	2593
29316	2517	18	62	20	0	2617
29317	98	9	32	2366	0	2505
29318	56	2424	16	69	0	2565
29319	2434	68	13	36	0	2551
29320	2476	23	15	25	0	2539
29321	109	21	2421	18	0	2569
29322	62	16	70	2380	0	2528
29323	42	2448	37	66	0	2593
29324	2541	67	18	38	0	2664
29325	93	42	13	2539	0	2687
29326	60	25	16	2534	0	2635
29327	51	14	9	2581	0	2655
29328	32	25	15	2674	0	2746
29329	36	16	2560	126	0	2738
29330	32	2573	79	57	0	2741
29331	45	87	29	2572	0	2733
29332	36	30	2598	101	0	2765
29333	2586	20	79	58	0	2743
29334	2681	14	36	54	0	2785
29335	111	21	29	2632	0	2793
29336	2647	17	20	101	0	2785
29337	2712	29	20	48	0	2809
29338	130	21	2619	29	0	2799
29339	76	2603	86	30	0	2795
29340	2648	86	39	25	0	2798
29341	119	29	27	2628	0	2803
29342	2673	18	17	100	0	2808
29343	123	21	14	2618	0	2776
29344	64	17	17	2681	0	2779
29345	54	19	2558	110	0	2741
29346	2479	10	79	62	0	2630
29347	101	2581	47	32	0	2761
29348	70	80	2535	30	0	2715
29349	42	2556	71	36	0	2705
29350	2552	91	31	32	0	2706
29351	104	30	18	2537	0	2689
29352	2519	29	15	100	0	2663
29353	115	2487	25	47	0	2674
29354	2560	78	12	41	0	2691
29355	2608	39	20	27	0	2694
29356	2604	25	27	28	0	2684
29357	2589	20	15	23	0	2647
29358	131	2489	12	30	0	2662
29359	2421	79	9	27	0	2536
29360	120	33	9	2362	0	2524
29361	72	28	8	2335	0	2443
29362	60	2127	11	79	0	2277
29363	51	2132	11	41	0	2235
29364	42	2041	12	26	0	2121
29365	1908	76	16	15	0	2015
29366	73	1684	8	17	0	1782
29367	32	1531	7	13	0	1583
29368	1496	48	30	16	0	1590
29369	1472	11	5	17	0	1505
29370	54	1454	4	14	0	1526
29371	1440	45	5	8	0	1498
29372	53	14	1385	8	0	1460
29373	1371	13	37	11	0	1432
29374	50	5	1402	8	0	1465
29375	15	1207	24	9	0	1255
29376	14	1253	7	6	0	1280
29377	29	49	28	1164	0	1270
29378	1214	9	5	24	0	1252
29379	1254	1	4	11	0	1270
29380	1273	8	5	5	0	1291
29381	1283	5	3	2	0	1293
29382	1248	9	5	5	0	1267
29383	34	4	1211	4	0	1253
29384	13	10	1138	8	0	1169
29385	1219	6	19	6	0	1250
29386	63	1225	3	4	0	1295
29387	1265	19	1	7	0	1292
29388	1333	7	5	9	0	1354
29389	1410	9	1	5	0	1425
29390	1419	6	5	7	0	1437
29391	1416	4	5	7	0	1432
29392	33	2	1414	7	0	1456
29393	1430	9	20	8	0	1467
29394	1458	7	4	8	0	1477
29395	32	9	1356	6	0	1403
29396	1366	6	11	11	0	1394
29397	1452	7	6	6	0	1471
29398	32	6	1543	4	0	1585
29399	18	7	1516	3	0	1544
29400	14	1574	22	4	0	1614
29401	17	22	3	1602	0	1644
29402	14	5	1619	23	0	1661
29403	1689	4	20	12	0	1725
29404	39	4	2	1838	0	1883
29405	18	7	1935	19	0	1979
29406	1928	9	23	10	0	1970
29407	1981	7	5	10	0	2003
29408	1998	6	8	13	0	2025
29409	34	2032	7	9	0	2082
29410	18	31	6	2039	0	2094
29411	19	2056	3	23	0	2101
29412	2084	31	8	11	0	2134
29413	2083	6	11	9	0	2109
29414	37	13	2041	4	0	2095
29415	20	1966	19	4	0	2009
29416	18	2004	8	5	0	2035
29417	23	26	6	2012	0	2067
29418	17	9	4	2029	0	2059
29419	2035	8	5	25	0	2073
29420	36	1999	6	8	0	2049
29421	14	2013	3	10	0	2040
29422	24	19	2014	1	0	2058
29423	15	2072	13	3	0	2103
29424	2054	20	13	11	0	2098
29425	27	6	2027	6	0	2066
29426	1880	11	12	8	0	1911
29427	24	5	1962	5	0	1996
29428	1768	5	11	3	0	1787
29429	15	1963	4	8	0	1990
29430	2002	18	4	5	0	2029
29431	20	6	2097	2	0	2125
29432	2073	8	17	11	0	2109
29433	2137	3	2	4	0	2146
29434	20	2	2213	1	0	2236
29435	2203	5	13	6	0	2227
29436	2312	3	3	4	0	2322
29437	2292	4	6	6	0	2308
29438	23	2274	7	1	0	2305
29439	2367	14	4	5	0	2390
29440	22	6	2514	6	0	2548
29441	11	2660	20	3	0	2694
29442	2766	22	11	3	0	2802
29443	2785	4	3	3	0	2795
29444	2830	6	3	3	0	2842
29445	33	2790	3	0	0	2826
29446	13	30	1	3096	0	3140
29447	13	5	3103	38	0	3159
29448	7	5	43	3094	0	3149
29449	7	7	3135	46	0	3195
29450	2992	1	50	12	0	3055
29451	50	3140	13	14	0	3217
29452	14	49	8	3153	0	3224
29453	12	3197	3	43	0	3255
29454	9	52	6	3249	0	3316
29455	4	16	6	3275	0	3301
29456	10	3297	6	58	0	3371
29457	10	52	5	3339	0	3406
29458	12	12	3	3468	0	3495
29459	10	3419	4	66	0	3499
29460	5	3521	6	27	0	3559
29461	7	58	9	3523	0	3597
29462	5	20	3477	64	0	3566
29463	4	3518	57	22	0	3601
29464	7	62	15	3552	0	3636
29465	8	17	3600	73	0	3698
29466	4	3646	75	25	0	3750
29467	3644	72	15	23	0	3754
29468	68	23	3633	13	0	3737
29469	3599	14	71	18	0	3702
29470	75	21	15	3623	0	3734
29471	21	13	15	3682	0	3731
29472	18	12	8	3681	0	3719
29473	12	12	3595	93	0	3712
29474	18	19	3498	33	0	3568
29475	3519	15	73	30	0	3637
29476	77	5	18	3657	0	3757
29477	19	17	3646	72	0	3754
29478	3593	12	71	31	0	3707
29479	76	8	23	3643	0	3750
29480	19	12	24	3669	0	3724
29481	22	13	13	3673	0	3721
29482	15	3642	15	97	0	3769
29483	23	71	9	3605	0	3708
29484	15	3565	10	79	0	3669
29485	10	3720	14	35	0	3779
29486	3685	82	12	26	0	3805
29487	3451	27	11	39	0	3528
29488	3687	19	8	31	0	3745
29489	88	3602	17	24	0	3731
29490	3615	78	6	20	0	3719
29491	3665	22	10	34	0	3731
29492	88	23	16	3573	0	3700
29493	35	22	10	3601	0	3668
29494	21	16	3499	104	0	3640
29495	17	3531	69	45	0	3662
29496	3513	78	21	27	0	3639
29497	3567	23	12	33	0	3635
29498	84	3454	24	27	0	3589
29499	3463	91	7	20	0	3581
29500	3498	19	2	37	0	3556
29501	89	20	19	3434	0	3562
29502	38	3309	11	85	0	3443
29503	24	3425	8	33	0	3490
29504	3320	75	15	40	0	3450
29505	82	30	13	3223	0	3348
29506	30	24	3173	79	0	3306
29507	3072	16	75	37	0	3200
29508	92	20	3244	17	0	3373
29509	32	3221	70	32	0	3355
29510	3199	75	24	38	0	3336
29511	87	15	3213	40	0	3355
29512	32	28	73	3291	0	3424
29513	22	19	3431	91	0	3563
29514	23	3477	75	29	0	3604
29515	27	85	19	3514	0	3645
29516	25	24	3465	95	0	3609
29517	3276	23	75	37	0	3411
29518	84	3565	24	26	0	3699
29519	34	70	11	3486	0	3601
29520	18	3594	22	73	0	3707
29521	3549	87	8	32	0	3676
29522	3557	37	11	37	0	3642
29523	85	3551	15	34	0	3685
29524	39	84	11	3517	0	3651
29525	24	3608	20	72	0	3724
29526	3623	78	13	34	0	3748
29527	3629	25	18	17	0	3689
29528	91	35	3587	18	0	3731
29529	42	3569	59	27	0	3697
29530	34	3753	28	13	0	3828
29531	29	79	14	3659	0	3781
29532	3630	29	18	74	0	3751
29533	3669	25	10	36	0	3740
29534	3526	14	15	29	0	3584
29535	85	3577	21	21	0	3704
29536	44	57	12	3555	0	3668
29537	32	3590	14	64	0	3700
29538	3610	67	15	33	0	3725
29539	88	28	14	3525	0	3655
29540	34	15	3297	66	0	3412
29541	20	3193	49	30	0	3292
29542	3147	54	17	28	0	3246
29543	64	15	3148	22	0	3249
29544	3076	18	49	17	0	3160
29545	68	3106	16	26	0	3216
29546	15	2914	8	11	0	2948
29547	2884	39	10	10	0	2943
29548	38	2930	5	15	0	2988
29549	2901	36	8	7	0	2952
29550	38	2940	7	5	0	2990
29551	2995	32	4	14	0	3045
29552	3002	14	4	5	0	3025
29553	37	10	3053	8	0	3108
29554	21	12	2958	4	0	2995
29555	13	3030	25	3	0	3071
29556	3061	22	8	16	0	3107
29557	33	8	2994	5	0	3040
29558	2878	4	18	9	0	2909
29559	24	11	5	2882	0	2922
29560	11	7	2954	15	0	2987
29561	10	5	2774	5	0	2794
29562	11	3	2947	4	0	2965
29563	6	3008	14	10	0	3038
29564	20	29	29	2950	0	3028
29565	2931	6	2	12	0	2951
29566	10	4	1	2994	0	3009
29567	3031	5	2	9	0	3047
29568	14	4	0	3039	0	3057
29569	3102	1	0	21	0	3124
29570	3045	5	5	15	0	3070
29571	3418	1	3	5	0	3427
29572	26	3449	3	3	0	3481
29573	12	23	3525	0	0	3560
29574	5	9	23	3537	0	3574
29575	69	27	48	1789	0	1933
29576	8	3	3	3602	0	3616
29577	8	3	3	3523	0	3537
29578	11	3391	5	34	0	3441
29579	8	26	3368	13	0	3415
29580	6	3425	26	6	0	3463
29581	8	26	10	3279	0	3323
29582	6	16	4	3441	0	3467
29583	8	4	3	3470	0	3485
29584	6	5	3	3444	0	3458
29585	5	3343	2	39	0	3389
29586	8	3335	5	12	0	3360
29587	7	32	3306	8	0	3353
29588	7	13	24	3321	0	3365
29589	7	13	9	3338	0	3367
29590	6	7	4	3412	0	3429
29591	3387	6	2	48	0	3443
29592	33	3375	6	16	0	3430
29593	15	32	3317	10	0	3374
29594	3359	13	26	13	0	3411
29595	34	7	12	3376	0	3429
29596	3417	6	6	39	0	3468
29597	32	10	6	3443	0	3491
29598	3451	6	4	36	0	3497
29599	35	9	5	3442	0	3491
29600	3425	7	5	39	0	3476
29601	38	7	3508	18	0	3571
29602	22	7	29	3509	0	3567
29603	13	3544	13	35	0	3605
29604	10	31	8	3626	0	3675
29605	3595	15	5	45	0	3660
29606	37	3567	8	17	0	3629
29607	17	41	4	3725	0	3787
29608	12	3670	3	50	0	3735
29609	10	52	3	3725	0	3790
29610	14	17	4	3745	0	3780
29611	12	10	3658	62	0	3742
29612	11	5	53	3601	0	3670
29613	11	6	3436	56	0	3509
29614	6	3359	54	29	0	3448
29615	3378	53	15	16	0	3462
29616	55	18	3398	11	0	3482
29617	3328	9	54	18	0	3409
29618	3481	8	14	15	0	3518
29619	69	8	8	3512	0	3597
29620	14	6	3625	70	0	3715
29621	3542	5	68	26	0	3641
29622	3801	5	17	20	0	3843
29623	82	9	10	3659	0	3760
29624	26	5	12	3676	0	3719
29625	20	3623	8	81	0	3732
29626	18	65	7	3604	0	3694
29627	11	3617	4	89	0	3721
29628	11	68	3584	28	0	3691
29629	9	17	61	3447	0	3534
29630	3428	6	13	63	0	3510
29631	3468	9	4	25	0	3506
29632	68	3448	9	19	0	3544
29633	19	61	3	3561	0	3644
29634	3615	13	1	67	0	3696
29635	70	3508	2	18	0	3598
29636	3546	70	5	13	0	3634
29637	77	17	4	3781	0	3879
29638	4012	6	4	90	0	4112
29639	103	13	4338	20	0	4474
29640	32	4372	102	22	0	4528
29641	4396	107	23	22	0	4548
29642	110	4532	9	21	0	4672
29643	4592	117	9	17	0	4735
29644	4698	41	5	9	0	4753
29645	153	16	4623	7	0	4799
29646	56	11	116	4587	0	4770
29647	4679	7	33	126	0	4845
29648	132	7	4591	35	0	4765
29649	4640	7	123	21	0	4791
29650	138	10	32	4592	0	4772
29651	46	9	4511	124	0	4690
29652	27	7	125	4532	0	4691
29653	4392	8	34	133	0	4567
29654	125	7	4377	48	0	4557
29655	44	7	120	4449	0	4620
29656	29	4	41	4529	0	4603
29657	4468	9	20	153	0	4650
29658	4469	6	15	57	0	4547
29659	157	4452	12	36	0	4657
29660	60	119	17	4417	0	4613
29661	50	40	11	4501	0	4602
29662	39	16	16	4467	0	4538
29663	4310	19	19	167	0	4515
29664	4415	14	14	64	0	4507
29665	176	14	9	4261	0	4460
29666	69	4136	8	138	0	4351
29667	67	123	14	4064	0	4268
29668	42	4152	20	127	0	4341
29669	4072	120	15	70	0	4277
29670	148	4010	13	41	0	4212
29671	3744	113	23	31	0	3911
29672	143	41	20	3654	0	3858
29673	3640	17	14	132	0	3803
29674	135	18	3552	58	0	3763
29675	59	3559	113	49	0	3780
29676	3596	108	42	47	0	3793
29677	3684	31	36	34	0	3785
29678	153	24	25	3541	0	3743
29679	65	3540	13	132	0	3750
29680	55	104	23	3681	0	3863
29681	61	31	18	3756	0	3866
29682	50	22	13	3788	0	3873
29683	3667	25	16	174	0	3882
29684	3764	13	14	85	0	3876
29685	169	20	9	3613	0	3811
29686	82	3612	13	138	0	3845
29687	3690	106	13	60	0	3869
29688	146	40	3594	62	0	3842
29689	69	33	98	3688	0	3888
29690	52	29	3647	147	0	3875
29691	40	29	106	3688	0	3863
29692	45	30	3659	149	0	3883
29693	53	25	115	3691	0	3884
29694	3672	24	45	154	0	3895
29695	3722	31	18	75	0	3846
29696	174	3585	17	42	0	3818
29697	3653	116	17	51	0	3837
29698	156	53	16	3589	0	3814
29699	87	36	15	3687	0	3825
29700	3640	31	17	155	0	3843
29701	153	22	3474	91	0	3740
29702	82	27	3493	58	0	3660
29703	56	27	3455	57	0	3595
29704	3464	23	121	52	0	3660
29705	141	21	3531	52	0	3745
29706	100	21	3387	45	0	3553
29707	3294	21	126	49	0	3490
29708	125	3323	55	45	0	3548
29709	73	92	37	3359	0	3561
29710	61	50	21	3473	0	3605
29711	51	28	3408	138	0	3625
29712	3381	22	98	89	0	3590
29713	3433	16	51	69	0	3569
29714	3275	14	40	63	0	3392
29715	142	13	3404	53	0	3612
29716	3344	20	95	52	0	3511
29717	143	17	3192	49	0	3401
29718	80	3167	91	51	0	3389
29719	56	3256	47	51	0	3410
29720	3069	97	33	45	0	3244
29721	108	2991	34	47	0	3180
29722	57	3036	29	51	0	3173
29723	3005	100	24	43	0	3172
29724	117	3024	28	38	0	3207
29725	3036	93	35	35	0	3199
29726	123	42	29	3098	0	3292
29727	72	29	27	3188	0	3316
29728	58	27	29	3217	0	3331
29729	44	20	35	3152	0	3251
29730	48	3094	31	131	0	3304
29731	3192	87	38	62	0	3379
29732	115	3390	26	42	0	3573
29733	76	3431	26	47	0	3580
29734	46	116	3492	33	0	3687
29735	3411	45	121	37	0	3614
29736	143	29	3586	26	0	3784
29737	66	25	3481	27	0	3599
29738	35	3245	109	22	0	3411
29739	16	3111	27	19	0	3173
29740	3118	85	39	13	0	3255
29741	89	3199	12	12	0	3312
29742	39	82	3106	6	0	3233
29743	25	3013	81	10	0	3129
29744	15	82	3063	6	0	3166
29745	12	18	2988	5	0	3023
29746	2867	19	95	19	0	3000
29747	97	12	2936	6	0	3051
29748	22	10	86	2884	0	3002
29749	2842	10	30	73	0	2955
29750	73	2840	27	26	0	2966
29751	24	71	2878	13	0	2986
29752	2877	14	85	10	0	2986
29753	78	15	27	2778	0	2898
29754	27	2691	17	73	0	2808
29755	20	74	2790	17	0	2901
29756	2745	21	80	17	0	2863
29757	87	17	2762	7	0	2873
29758	26	7	85	2759	0	2877
29759	20	12	2700	75	0	2807
29760	13	8	94	2692	0	2807
29761	2655	4	23	91	0	2773
29762	74	2714	27	19	0	2834
29763	2747	77	16	20	0	2860
29764	86	20	2731	10	0	2847
29765	30	17	81	2762	0	2890
29766	25	9	2797	80	0	2911
29767	2765	11	93	27	0	2896
29768	2842	9	27	21	0	2899
29769	98	2785	31	13	0	2927
29770	2808	86	15	16	0	2925
29771	2876	19	18	8	0	2921
29772	113	15	13	2781	0	2922
29773	42	11	2765	80	0	2898
29774	29	2691	83	19	0	2822
29775	30	78	19	2718	0	2845
29776	2747	24	21	79	0	2871
29777	88	25	2699	24	0	2836
29778	28	14	2716	19	0	2777
29779	24	19	2665	12	0	2720
29780	2590	14	108	16	0	2728
29781	92	13	2626	7	0	2738
29782	2581	18	104	6	0	2709
29783	98	7	2400	6	0	2511
29784	36	2555	97	5	0	2693
29785	30	77	37	2535	0	2679
29786	21	25	2554	73	0	2673
29787	25	2467	92	21	0	2605
29788	21	2557	34	15	0	2627
29789	23	96	35	2499	0	2653
29790	2474	29	23	84	0	2610
29791	82	26	21	2472	0	2601
29792	2433	27	19	91	0	2570
29793	95	22	19	2430	0	2566
29794	27	17	2420	98	0	2562
29795	34	17	2444	23	0	2518
29796	2398	10	95	33	0	2536
29797	2451	9	37	25	0	2522
29798	102	10	2396	20	0	2528
29799	2360	9	96	17	0	2482
29800	104	19	2363	11	0	2497
29801	40	2234	98	15	0	2387
29802	42	2255	39	12	0	2348
29803	34	2238	40	8	0	2320
29804	41	95	22	2168	0	2326
29805	2145	29	34	73	0	2281
29806	2211	35	24	21	0	2291
29807	105	27	23	2140	0	2295
29808	38	29	2071	87	0	2225
29809	38	21	90	2060	0	2209
29810	36	24	2057	89	0	2206
29811	35	14	99	2011	0	2159
29812	2013	9	33	105	0	2160
29813	2061	9	43	31	0	2144
29814	2074	7	32	36	0	2149
29815	2083	10	31	23	0	2147
29816	115	11	25	1994	0	2145
29817	56	15	23	2047	0	2141
29818	2010	12	29	94	0	2145
29819	2077	10	19	33	0	2139
29820	117	8	24	1985	0	2134
29821	55	15	17	2038	0	2125
29822	37	12	22	2013	0	2084
29823	45	14	13	2021	0	2093
29824	1918	8	17	126	0	2069
29825	96	14	1892	50	0	2052
29826	41	5	81	1808	0	1935
29827	1776	6	27	95	0	1904
29828	88	7	1744	43	0	1882
29829	44	10	80	1756	0	1890
29830	41	7	1752	89	0	1889
29831	33	1630	92	26	0	1781
29832	44	52	33	1320	0	1449
29833	1218	11	32	57	0	1318
29834	63	25	18	1063	0	1169
29835	31	1028	18	56	0	1133
29836	19	965	20	22	0	1026
29837	14	744	13	19	0	790
29838	20	685	12	15	0	732
29839	313	60	53	39	0	465
29840	34	10	8	213	0	265
29841	3	2	179	7	0	191
29842	1	3	7	167	0	178
29843	4	2	166	5	0	177
29844	165	1	5	3	0	174
29845	6	0	4	162	0	172
29846	3	1	1	170	0	175
29847	1	1	5	167	0	174
29848	2	2	1	169	0	174
29849	165	2	1	6	0	174
29850	167	1	2	4	0	174
29851	7	1	1	163	0	172
29852	158	1	2	6	0	167
29853	7	1	152	3	0	163
29854	2	151	5	2	0	160
29855	2	4	2	152	0	160
29856	2	0	0	153	0	155
29857	1	148	3	6	0	158
29858	1	5	1	141	0	148
29859	3	4	1	142	0	150
29860	145	1	0	5	0	151
29861	8	1	135	0	0	144
29862	1	0	119	2	0	122
29863	108	0	3	1	0	112
29864	3	1	103	1	0	108
29865	44	0	0	0	0	44
29866	24	0	0	1	0	25
29867	0	1	1	23	0	25
29868	2	0	17	0	0	19
29869	15	0	0	0	0	15
29870	0	14	0	1	0	15
29871	35	0	1	1	0	37
29872	96	0	0	1	0	97
29873	136	0	2	1	0	139
29874	204	0	0	0	0	204
29875	188	0	1	0	0	189
29876	206	0	0	1	0	207
29877	207	0	0	0	0	207
29878	209	0	1	0	0	210
29879	211	0	0	1	0	212
29880	203	0	1	0	0	204
29881	197	1	0	0	0	198
29882	202	0	0	1	0	203
29883	200	0	0	0	0	200
29884	185	0	0	1	0	186
29885	194	0	0	0	0	194
29886	208	1	0	0	0	209
29887	201	1	0	0	0	202
29888	196	1	0	0	0	197
29889	200	0	0	0	0	200
29890	206	0	0	1	0	207
29891	204	0	0	0	0	204
29892	196	0	0	1	0	197
29893	197	0	1	0	0	198
29894	203	0	0	0	0	203
29895	201	0	0	1	0	202
29896	197	0	0	1	0	198
29897	201	0	0	1	0	202
29898	202	0	0	1	0	203
29899	197	0	0	0	0	197
29900	197	0	0	0	0	197
29901	182	0	0	1	0	183
29902	164	0	3	0	0	167
29903	103	0	13	0	0	116
29904	0	0	0	0	0	0
29905	0	0	0	1	0	1
29906	0	0	0	1	0	1
29907	0	0	0	0	0	0
29908	0	0	0	1	0	1
29909	0	0	0	1	0	1
29910	1	0	0	0	0	1
