Pos	A	C	G	T	Other	Total
1	7	1	0	0	0	8
2	0	2	0	15	0	17
3	0	1	0	34	0	35
4	42	0	0	0	0	42
5	78	0	0	0	0	78
6	77	0	0	0	0	77
7	0	0	78	0	0	78
8	0	0	84	0	0	84
9	0	0	0	93	0	93
10	0	0	0	100	0	100
11	0	0	0	107	0	107
12	184	0	0	2	0	186
13	2	3	0	350	0	355
14	619	0	0	9	0	628
15	2	977	0	0	0	979
16	3	1657	0	6	0	1666
17	14	1	1	3722	0	3738
18	11	1	1	4072	0	4085
19	2	5335	2	5	0	5344
20	1	5888	1	7	0	5897
21	2	6589	0	8	0	6599
22	6974	1	1	27	0	7003
23	2	2	6996	3	0	7003
24	5	7	6988	4	0	7004
25	5	1	2	7701	0	7709
26	8185	1	0	24	0	8210
27	8278	0	0	13	0	8291
28	4	8242	1	6	0	8253
29	9469	3	0	73	0	9545
30	10204	2	1	43	0	10250
31	10467	0	0	30	0	10497
32	5	10496	4	5	0	10510
33	0	10805	3	5	0	10813
34	11293	3	0	28	0	11324
35	11416	2	0	15	0	11433
36	4	11526	5	4	0	11539
37	2	12233	1	10	0	12246
38	12424	3	3	18	0	12448
39	12436	0	3	6	0	12445
40	4	12499	4	4	0	12511
41	3	8	0	12993	0	13004
42	4	0	1	13133	0	13138
43	4	2	1	13123	0	13130
44	3	13049	4	10	0	13066
45	4	6	12941	1	0	12952
46	12380	3	8	16	0	12407
47	7	0	0	13375	0	13382
48	1	13405	4	11	0	13421
49	4	6	0	13681	0	13691
50	2	13631	1	9	0	13643
51	9	8	0	13830	0	13847
52	7	2	0	14001	0	14010
53	2	5	14123	9	0	14139
54	12	2	6	13948	0	13968
55	14189	0	4	27	0	14220
56	8	5	13996	2	0	14011
57	13842	1	8	15	0	13866
58	14	0	1	14401	0	14416
59	2	14462	4	12	0	14480
60	10	9	0	14684	0	14703
61	3	4	14684	17	0	14708
62	12	3	9	14484	0	14508
63	8	0	2	14799	0	14809
64	2	14989	3	26	0	15020
65	11	10	0	15217	0	15238
66	4	15021	5	23	0	15053
67	5	14	0	15271	0	15290
68	15255	1	0	35	0	15291
69	15071	2	2	23	0	15098
70	15200	1	4	18	0	15223
71	67	15327	2	41	0	15437
72	18	24	15187	3	0	15232
73	15108	4	20	26	0	15158
74	15929	3	5	23	0	15960
75	35	16288	10	15	0	16348
76	21	52	0	14558	0	14631
77	21	13	1	15095	0	15130
78	17	13	0	14652	0	14682
79	14957	4	0	131	0	15092
80	15049	2	9	73	0	15133
81	15047	4	1	48	0	15100
82	15248	3	0	52	0	15303
83	126	3	0	15165	0	15294
84	42	15068	8	106	0	15224
85	46	78	4	15553	0	15681
86	26	43	15537	112	0	15718
87	51	16	94	15931	0	16092
88	22	23	16369	153	0	16567
89	42	5	144	16282	0	16473
90	10	10	16853	170	0	17043
91	15	12	16713	74	0	16814
92	15	17388	203	50	0	17656
93	46	162	60	18105	0	18373
94	29	46	18755	176	0	19006
95	43	23	187	18417	0	18670
96	13	18688	69	189	0	18959
97	18876	178	37	107	0	19198
98	176	19437	35	30	0	19678
99	74	201	21	19308	0	19604
100	25	19703	32	188	0	19948
101	18	218	19275	74	0	19585
102	24	81	19124	47	0	19276
103	16	19395	238	48	0	19697
104	38	208	83	19788	0	20117
105	26	77	19820	200	0	20123
106	12	19687	218	92	0	20009
107	19805	203	70	89	0	20167
108	208	70	53	19927	0	20258
109	65	56	20332	198	0	20651
110	37	20336	199	83	0	20655
111	46	200	73	20628	0	20947
112	34	90	41	20656	0	20821
113	20144	44	33	327	0	20548
114	198	47	20155	81	0	20481
115	92	34	212	19967	0	20305
116	40	44	19564	222	0	19870
117	24	18290	222	105	0	18641
118	17823	212	72	109	0	18216
119	190	17395	59	53	0	17697
120	74	230	40	16875	0	17219
121	48	16813	44	198	0	17103
122	16492	231	44	103	0	16870
123	201	16629	46	67	0	16943
124	67	252	16319	51	0	16689
125	39	16315	208	46	0	16608
126	15983	240	67	78	0	16368
127	231	104	16147	36	0	16518
128	83	57	226	16330	0	16696
129	15826	55	82	254	0	16217
130	257	52	58	15459	0	15826
131	15620	62	43	271	0	15996
132	15783	40	36	118	0	15977
133	321	50	32	15525	0	15928
134	127	41	34	15635	0	15837
135	15355	48	32	332	0	15767
136	15309	38	34	142	0	15523
137	334	48	24	14953	0	15359
138	14973	34	31	285	0	15323
139	15115	38	35	125	0	15313
140	327	14905	39	97	0	15368
141	150	236	35	15056	0	15477
142	15109	68	31	318	0	15526
143	15406	59	26	137	0	15628
144	346	38	35	15234	0	15653
145	153	39	29	15470	0	15691
146	15226	38	28	349	0	15641
147	281	15242	35	165	0	15723
148	139	246	28	15229	0	15642
149	103	92	15198	287	0	15680
150	107	73	224	14903	0	15307
151	80	15014	80	294	0	15468
152	78	235	14945	121	0	15379
153	78	93	244	14818	0	15233
154	95	73	84	14450	0	14702
155	63	51	14964	334	0	15412
156	14300	47	252	177	0	14776
157	267	15174	96	103	0	15640
158	15213	253	64	132	0	15662
159	293	96	14978	103	0	15470
160	129	64	15147	87	0	15427
161	14625	53	306	115	0	15099
162	286	15149	112	95	0	15642
163	15128	257	72	106	0	15563
164	308	15120	56	73	0	15557
165	140	283	15114	79	0	15616
166	14951	97	270	101	0	15419
167	297	75	15345	77	0	15794
168	153	60	267	15231	0	15711
169	15307	62	94	289	0	15752
170	15269	56	62	140	0	15527
171	321	14984	66	91	0	15462
172	193	475	54	14445	0	15167
173	110	14697	62	249	0	15118
174	80	235	14514	125	0	14954
175	137	235	236	13499	0	14107
176	83	13444	95	233	0	13855
177	88	235	62	13117	0	13502
178	12512	85	43	240	0	12880
179	197	47	38	12750	0	13032
180	84	12706	47	204	0	13041
181	78	171	40	12878	0	13167
182	56	73	41	12861	0	13031
183	58	12742	36	217	0	13053
184	78	190	34	12789	0	13091
185	68	72	12544	191	0	12875
186	50	12466	158	111	0	12785
187	11797	116	50	88	0	12051
188	146	62	11765	40	0	12013
189	71	41	11543	46	0	11701
190	58	11280	135	48	0	11521
191	115	208	120	10735	0	11178
192	51	34	10534	88	0	10707
193	43	9066	110	42	0	9261
194	53	74	37	9520	0	9684
195	46	36	19	9654	0	9755
196	9461	18	29	107	0	9615
197	91	9507	13	46	0	9657
198	33	88	9007	33	0	9161
199	38	34	9085	40	0	9197
200	46	31	83	9009	0	9169
201	34	29	31	10205	0	10299
202	36	32	19	10406	0	10493
203	23	11927	21	221	0	12192
204	25	240	12327	78	0	12670
205	44	91	236	12980	0	13351
206	17	13416	107	305	0	13845
207	14	14214	66	128	0	14422
208	25	425	14910	96	0	15456
209	57	177	377	14801	0	15412
210	18	86	16521	421	0	17046
211	35	54	498	16489	0	17076
212	51	48	195	17219	0	17513
213	23	34	16861	629	0	17547
214	21	16737	473	288	0	17519
215	16516	452	213	174	0	17355
216	443	188	16885	91	0	17607
217	181	16810	488	91	0	17570
218	102	17517	230	68	0	17917
219	51	629	16883	64	0	17627
220	16591	282	502	91	0	17466
221	498	181	244	15686	0	16609
222	194	16932	151	405	0	17682
223	16953	507	91	192	0	17743
224	532	240	90	16296	0	17158
225	214	16728	91	457	0	17490
226	16894	498	71	245	0	17708
227	504	243	16475	136	0	17358
228	220	16603	493	88	0	17404
229	16141	510	242	126	0	17019
230	482	16233	147	107	0	16969
231	15962	590	89	96	0	16737
232	566	305	89	15427	0	16387
233	224	15556	115	461	0	16356
234	185	504	99	15738	0	16526
235	15507	233	123	592	0	16455
236	470	186	15298	312	0	16266
237	255	130	15585	202	0	16172
238	197	109	643	15139	0	16088
239	139	145	310	15484	0	16078
240	161	132	192	15221	0	15706
241	93	14846	182	696	0	15817
242	83	539	14621	349	0	15592
243	116	305	502	14281	0	15204
244	104	14190	293	493	0	15080
245	125	14941	189	281	0	15536
246	114	626	14720	201	0	15661
247	97	389	14764	136	0	15386
248	128	254	15088	119	0	15589
249	128	167	729	14523	0	15547
250	106	184	14883	501	0	15674
251	145	145	633	14740	0	15663
252	112	146	14929	598	0	15785
253	14234	157	645	304	0	15340
254	541	15159	304	217	0	16221
255	262	16483	196	157	0	17098
256	202	737	16861	140	0	17940
257	16525	366	624	188	0	17703
258	17229	265	303	146	0	17943
259	17335	170	231	160	0	17896
260	900	142	16404	151	0	17597
261	394	133	16942	157	0	17626
262	252	132	838	16523	0	17745
263	16724	124	403	717	0	17968
264	17059	141	274	379	0	17853
265	802	148	16409	284	0	17643
266	16579	161	710	210	0	17660
267	746	170	405	16245	0	17566
268	337	181	16593	703	0	17814
269	219	177	16865	348	0	17609
270	16001	183	931	300	0	17415
271	641	145	16829	223	0	17838
272	16533	143	891	221	0	17788
273	726	138	16794	230	0	17888
274	341	15962	917	224	0	17444
275	252	16944	521	206	0	17923
276	227	774	406	16322	0	17729
277	217	402	364	17107	0	18090
278	227	286	16648	819	0	17980
279	237	231	803	16324	0	17595
280	230	15892	489	746	0	17357
281	270	16409	353	361	0	17393
282	262	17054	293	278	0	17887
283	295	910	292	16346	0	17843
284	299	449	16421	668	0	17837
285	268	303	16697	364	0	17632
286	274	264	927	16157	0	17622
287	296	218	473	16606	0	17593
288	325	194	338	16003	0	16860
289	312	16134	252	890	0	17588
290	16222	649	279	455	0	17605
291	16394	357	266	325	0	17342
292	922	16149	245	286	0	17602
293	480	662	16394	242	0	17778
294	16618	382	739	236	0	17975
295	825	258	16764	193	0	18040
296	16675	208	853	199	0	17935
297	17023	205	454	222	0	17904
298	17008	194	369	239	0	17810
299	16806	190	280	283	0	17559
300	937	16358	282	300	0	17877
301	15162	545	232	311	0	16250
302	684	15199	223	295	0	16401
303	13311	488	193	183	0	14175
304	550	12953	149	154	0	13806
305	239	401	11932	103	0	12675
306	182	1055	403	10285	0	11925
307	139	10910	265	339	0	11653
308	129	10464	129	183	0	10905
309	9483	446	341	271	0	10541
310	8665	119	82	89	0	8955
311	273	8784	85	75	0	9217
312	142	196	74	8520	0	8932
313	100	9198	69	181	0	9548
314	9311	211	73	71	0	9666
315	272	94	9292	38	0	9696
316	163	102	203	8971	0	9439
317	113	36	112	9070	0	9331
318	103	45	87	9196	0	9431
319	85	48	9017	245	0	9395
320	81	8869	223	75	0	9248
321	96	9224	101	56	0	9477
322	105	233	58	9259	0	9655
323	94	86	9412	193	0	9785
324	80	85	210	9285	0	9660
325	75	82	99	9510	0	9766
326	75	95	61	9460	0	9691
327	86	89	60	9422	0	9657
328	9198	58	67	294	0	9617
329	190	9298	78	137	0	9703
330	9311	204	82	118	0	9715
331	230	91	9301	97	0	9719
332	104	93	9462	87	0	9746
333	87	99	231	9259	0	9676
334	74	89	93	9442	0	9698
335	47	9583	92	254	0	9976
336	62	187	9636	133	0	10018
337	48	9808	245	124	0	10225
338	47	202	9874	128	0	10251
339	9480	88	215	125	0	9908
340	202	9942	77	109	0	10330
341	98	220	9976	80	0	10374
342	108	116	204	9832	0	10260
343	88	109	9990	202	0	10389
344	76	9899	209	124	0	10308
345	74	199	118	9785	0	10176
346	82	9882	84	238	0	10286
347	75	216	9893	112	0	10296
348	100	110	190	9774	0	10174
349	9827	84	76	219	0	10206
350	232	9722	64	87	0	10105
351	120	207	9537	74	0	9938
352	95	290	181	9060	0	9626
353	69	100	9451	176	0	9796
354	61	76	8529	79	0	8745
355	48	7944	150	58	0	8200
356	69	61	62	7071	0	7263
357	18	31	26	7132	0	7207
358	19	26	17	7064	0	7126
359	16	25	7156	75	0	7272
360	19	20	7078	32	0	7149
361	6696	16	62	35	0	6809
362	63	15	6990	23	0	7091
363	6619	15	60	25	0	6719
364	54	6840	23	24	0	6941
365	25	70	16	6723	0	6834
366	9	7000	22	47	0	7078
367	12	7194	22	30	0	7258
368	12	60	7002	20	0	7094
369	15	33	58	6920	0	7026
370	15	19	7018	64	0	7116
371	9	20	6621	30	0	6680
372	6630	14	67	30	0	6741
373	42	17	6891	16	0	6966
374	19	9	6708	21	0	6757
375	6545	13	59	27	0	6644
376	46	10	6775	26	0	6857
377	20	19	6853	21	0	6913
378	17	17	55	6652	0	6741
379	9	6860	31	52	0	6952
380	8	49	26	6960	0	7043
381	13	23	23	6831	0	6890
382	6952	16	19	77	0	7064
383	50	12	20	6884	0	6966
384	17	7064	22	63	0	7166
385	7012	51	21	38	0	7122
386	49	23	7034	23	0	7129
387	6858	14	60	30	0	6962
388	59	15	7434	11	0	7519
389	26	13	7577	14	0	7630
390	10	7906	84	14	0	8014
391	8053	70	36	31	0	8190
392	69	8188	27	31	0	8315
393	16	87	8286	21	0	8410
394	18	22	82	7823	0	7945
395	9	8322	26	81	0	8438
396	8437	79	21	35	0	8572
397	8429	28	17	28	0	8502
398	89	8446	21	17	0	8573
399	8613	83	27	16	0	8739
400	83	23	30	8319	0	8455
401	25	8486	30	91	0	8632
402	25	86	21	8771	0	8903
403	18	30	21	9254	0	9323
404	9397	32	18	113	0	9560
405	9260	18	23	40	0	9341
406	9252	22	19	28	0	9321
407	115	17	9214	22	0	9368
408	9074	13	103	21	0	9211
409	114	65	37	9333	0	9549
410	43	15	9362	91	0	9511
411	36	16	8823	35	0	8910
412	17	8946	106	27	0	9096
413	8342	83	42	21	0	8488
414	82	8529	20	20	0	8651
415	35	82	5	8545	0	8667
416	34	11	8	8625	0	8678
417	15	12	8720	88	0	8835
418	27	14	86	8378	0	8505
419	21	8	8739	88	0	8856
420	12	9	8486	28	0	8535
421	15	8685	89	14	0	8803
422	29	69	39	8521	0	8658
423	18	24	13	8466	0	8521
424	8426	10	18	82	0	8536
425	79	15	8394	22	0	8510
426	19	9	73	8544	0	8645
427	8648	5	19	93	0	8765
428	78	13	8681	21	0	8793
429	8588	13	79	27	0	8707
430	8803	11	23	23	0	8860
431	94	13	9007	12	0	9126
432	32	20	81	8848	0	8981
433	24	9	26	9025	0	9084
434	16	8	9230	104	0	9358
435	9076	11	88	43	0	9218
436	9343	7	50	28	0	9428
437	9096	15	19	37	0	9167
438	9192	19	25	13	0	9249
439	9115	9	35	28	0	9187
440	117	37	7934	68	0	8156
441	46	17	9130	29	0	9222
442	25	9227	100	23	0	9375
443	34	86	9255	31	0	9406
444	46	31	97	9126	0	9300
445	92	36	60	7328	0	7516
446	58	22	19	9364	0	9463
447	53	17	21	9426	0	9517
448	49	17	9412	110	0	9588
449	43	9207	88	54	0	9392
450	37	9689	41	40	0	9807
451	42	95	32	9493	0	9662
452	39	9787	28	94	0	9948
453	9867	98	27	42	0	10034
454	9892	21	31	47	0	9991
455	136	10254	15	44	0	10449
456	72	89	27	10363	0	10551
457	43	25	37	10609	0	10714
458	45	13	10640	139	0	10837
459	10094	18	133	59	0	10304
460	10918	26	50	47	0	11041
461	136	11099	35	48	0	11318
462	11307	111	42	60	0	11520
463	143	53	11502	41	0	11739
464	69	11325	119	49	0	11562
465	48	11748	55	51	0	11902
466	31	11760	43	50	0	11884
467	57	151	45	11662	0	11915
468	11633	58	34	166	0	11891
469	168	44	41	11834	0	12087
470	97	30	12117	168	0	12412
471	78	31	181	12152	0	12442
472	56	40	12589	212	0	12897
473	77	31	193	12231	0	12532
474	52	38	99	12175	0	12364
475	49	12519	69	184	0	12821
476	12801	184	49	93	0	13127
477	208	63	52	12517	0	12840
478	84	12675	35	210	0	13004
479	12834	169	41	96	0	13140
480	11222	83	60	131	0	11496
481	12905	49	61	72	0	13087
482	205	12776	56	89	0	13126
483	82	172	12786	64	0	13104
484	79	58	181	12708	0	13026
485	74	86	63	12476	0	12699
486	59	12755	56	226	0	13096
487	76	165	12666	90	0	12997
488	70	53	12342	90	0	12555
489	11989	55	199	69	0	12312
490	193	92	78	12018	0	12381
491	71	41	12341	155	0	12608
492	68	12559	150	71	0	12848
493	83	153	55	12163	0	12454
494	65	12594	54	145	0	12858
495	50	159	12515	69	0	12793
496	12057	54	160	82	0	12353
497	12468	38	59	65	0	12630
498	171	12498	68	50	0	12787
499	89	145	33	12452	0	12719
500	83	47	12439	153	0	12722
501	57	12225	143	66	0	12491
502	12073	148	49	54	0	12324
503	137	11655	27	46	0	11865
504	48	11672	36	26	0	11782
505	65	162	30	11508	0	11765
506	34	11612	28	127	0	11801
507	11585	145	25	53	0	11808
508	134	56	14	11510	0	11714
509	35	33	11171	128	0	11367
510	41	28	10645	40	0	10754
511	45	41	134	10747	0	10967
512	17	10852	45	112	0	11026
513	10873	120	42	50	0	11085
514	114	42	17	10707	0	10880
515	38	37	10573	113	0	10761
516	38	32	104	10515	0	10689
517	33	35	35	10574	0	10677
518	10412	30	26	146	0	10614
519	118	26	21	10393	0	10558
520	52	21	10280	137	0	10490
521	37	26	10157	46	0	10266
522	41	20	115	10377	0	10553
523	28	40	49	10541	0	10658
524	25	22	10824	135	0	11006
525	10000	25	132	74	0	10231
526	130	24	10717	41	0	10912
527	44	10724	114	42	0	10924
528	38	125	52	10855	0	11070
529	24	48	10874	134	0	11080
530	27	33	10678	50	0	10788
531	32	42	127	10432	0	10633
532	10620	24	53	152	0	10849
533	117	26	10702	50	0	10895
534	37	10574	135	51	0	10797
535	10778	112	46	66	0	11002
536	119	43	10812	39	0	11013
537	10531	27	135	52	0	10745
538	10844	20	54	49	0	10967
539	137	11087	48	34	0	11306
540	60	114	36	10760	0	10970
541	35	10967	31	116	0	11149
542	41	141	10923	38	0	11143
543	10831	53	118	55	0	11057
544	11283	31	57	43	0	11414
545	148	33	11287	28	0	11496
546	78	22	11151	36	0	11287
547	52	11607	155	28	0	11842
548	11896	135	63	33	0	12127
549	149	48	44	11834	0	12075
550	57	37	51	11458	0	11603
551	42	11649	39	139	0	11869
552	11545	128	19	77	0	11769
553	135	34	11706	40	0	11915
554	55	35	149	12292	0	12531
555	12471	32	54	191	0	12748
556	220	12722	36	46	0	13024
557	43	208	13973	33	0	14257
558	38	50	14215	27	0	14330
559	61	151	299	13682	0	14193
560	21	14171	91	240	0	14523
561	26	267	14324	46	0	14663
562	44	74	275	14094	0	14487
563	14380	39	58	306	0	14783
564	293	32	14796	54	0	15175
565	70	50	314	14828	0	15262
566	46	17	15160	307	0	15530
567	35	14	15444	66	0	15559
568	51	122	359	15185	0	15717
569	26	23	15578	303	0	15930
570	13902	16	318	97	0	14333
571	266	18	15149	53	0	15486
572	14369	8	298	45	0	14720
573	288	14780	86	22	0	15176
574	15236	258	60	58	0	15612
575	285	15528	48	33	0	15894
576	92	283	38	15574	0	15987
577	69	64	33	16125	0	16291
578	42	44	15840	328	0	16254
579	25	28	15968	100	0	16121
580	33	15	353	16149	0	16550
581	34	18	16363	315	0	16730
582	36	22	360	15830	0	16248
583	26	15908	110	317	0	16361
584	32	16635	90	78	0	16835
585	62	336	59	16341	0	16798
586	57	95	54	16589	0	16795
587	44	72	16242	346	0	16704
588	64	55	312	15947	0	16378
589	32	15790	87	347	0	16256
590	28	15906	84	108	0	16126
591	16	16137	64	109	0	16326
592	44	353	65	15245	0	15707
593	24	15348	85	323	0	15780
594	15218	312	73	111	0	15714
595	302	80	69	15210	0	15661
596	68	66	15155	330	0	15619
597	70	60	322	15005	0	15457
598	37	58	15321	370	0	15786
599	41	60	15377	112	0	15590
600	48	52	15494	96	0	15690
601	44	15351	378	107	0	15880
602	42	305	15615	70	0	16032
603	15383	89	368	85	0	15925
604	15724	99	115	81	0	16019
605	15944	77	115	62	0	16198
606	371	72	74	15724	0	16241
607	15657	56	87	359	0	16159
608	334	15246	98	124	0	15802
609	95	16104	97	116	0	16412
610	16008	323	99	122	0	16552
611	323	111	16232	93	0	16759
612	97	89	350	16187	0	16723
613	85	71	16442	361	0	16959
614	75	88	16507	113	0	16783
615	50	16459	405	126	0	17040
616	80	333	159	15714	0	16286
617	65	96	145	16767	0	17073
618	16473	99	111	410	0	17093
619	337	16490	84	157	0	17068
620	119	16986	91	140	0	17336
621	128	388	16816	133	0	17465
622	96	17060	354	98	0	17608
623	16914	396	152	111	0	17573
624	16953	143	158	140	0	17394
625	368	107	17149	105	0	17729
626	119	103	17223	136	0	17581
627	95	106	472	16513	0	17186
628	87	91	246	16527	0	16951
629	75	16634	218	408	0	17335
630	109	351	168	16634	0	17262
631	106	115	166	16797	0	17184
632	98	16490	158	443	0	17189
633	112	346	143	16614	0	17215
634	94	150	163	16257	0	16664
635	85	16024	170	468	0	16747
636	97	347	16067	198	0	16709
637	125	142	412	16338	0	17017
638	16439	120	179	422	0	17160
639	16364	115	173	150	0	16802
640	427	133	16144	123	0	16827
641	15851	139	362	158	0	16510
642	16373	131	132	171	0	16807
643	390	16182	142	180	0	16894
644	135	368	15841	179	0	16523
645	94	158	15924	179	0	16355
646	86	148	433	16510	0	17177
647	16560	102	221	441	0	17324
648	17309	92	172	196	0	17769
649	441	95	144	18339	0	19019
650	19766	120	116	535	0	20537
651	20580	142	113	189	0	21024
652	20209	130	128	224	0	20691
653	606	124	19694	156	0	20580
654	253	90	19770	120	0	20233
655	19472	51	473	150	0	20146
656	452	71	19531	105	0	20159
657	111	18226	350	43	0	18730
658	147	349	214	17929	0	18639
659	57	85	18509	306	0	18957
660	49	56	18213	90	0	18408
661	85	135	353	17530	0	18103
662	48	30	18005	276	0	18359
663	58	25	17517	95	0	17695
664	50	16295	298	79	0	16722
665	41	17248	97	33	0	17419
666	17230	285	82	29	0	17626
667	287	81	37	16908	0	17313
668	16979	37	42	245	0	17303
669	282	21	16803	56	0	17162
670	85	23	246	16718	0	17072
671	68	27	64	17132	0	17291
672	16904	14	52	313	0	17283
673	261	16833	39	102	0	17235
674	98	242	15785	57	0	16182
675	60	89	16211	46	0	16406
676	33	16545	304	40	0	16922
677	39	244	16280	26	0	16589
678	36	16211	271	27	0	16545
679	29	15819	82	26	0	15956
680	65	273	15697	20	0	16055
681	15351	77	242	44	0	15714
682	276	37	66	15952	0	16331
683	78	16117	65	229	0	16489
684	78	219	36	16232	0	16565
685	16213	60	40	274	0	16587
686	15401	42	50	95	0	15588
687	15442	36	44	58	0	15580
688	296	31	15169	27	0	15523
689	110	30	260	14959	0	15359
690	55	15270	86	222	0	15633
691	15899	228	85	87	0	16299
692	254	80	53	16031	0	16418
693	102	56	41	15940	0	16139
694	90	27	51	16435	0	16603
695	64	37	16938	315	0	17354
696	16089	21	239	148	0	16497
697	268	16907	84	70	0	17329
698	124	225	67	16962	0	17378
699	114	69	44	17108	0	17335
700	16961	46	55	332	0	17394
701	320	38	16143	102	0	16603
702	108	42	16954	76	0	17180
703	80	16855	317	70	0	17322
704	60	255	17443	49	0	17807
705	16626	99	325	78	0	17128
706	267	17519	136	73	0	17995
707	94	272	17703	63	0	18132
708	16818	111	306	83	0	17318
709	288	80	18207	56	0	18631
710	129	18250	334	61	0	18774
711	104	302	109	18315	0	18830
712	84	102	98	18674	0	18958
713	87	84	18268	352	0	18791
714	104	59	17865	151	0	18179
715	80	18055	367	94	0	18596
716	17834	288	157	80	0	18359
717	303	18387	111	82	0	18883
718	126	321	109	18400	0	18956
719	121	115	18246	310	0	18792
720	17183	103	339	130	0	17755
721	348	74	152	17828	0	18402
722	127	17463	146	297	0	18033
723	95	18361	137	121	0	18714
724	77	354	96	18354	0	18881
725	79	151	102	18606	0	18938
726	18271	108	81	403	0	18863
727	304	97	90	18617	0	19108
728	132	72	18600	368	0	19172
729	18340	79	332	159	0	18910
730	18999	53	137	141	0	19330
731	396	76	18923	98	0	19493
732	18803	72	336	105	0	19316
733	372	77	145	19588	0	20182
734	184	75	111	19830	0	20200
735	145	79	65	19997	0	20286
736	103	92	73	19535	0	19803
737	70	19559	95	447	0	20171
738	20023	332	80	212	0	20647
739	20527	145	95	171	0	20938
740	472	93	20595	122	0	21282
741	21375	88	327	140	0	21930
742	22576	78	138	122	0	22914
743	23044	77	121	107	0	23349
744	23749	56	98	91	0	23994
745	587	23386	99	95	0	24167
746	255	505	74	22803	0	23637
747	129	143	22934	448	0	23654
748	102	111	21755	169	0	22137
749	19656	273	587	187	0	20703
750	19477	94	258	78	0	19907
751	314	18769	68	43	0	19194
752	18866	219	55	51	0	19191
753	296	18887	28	38	0	19249
754	158	265	28	18958	0	19409
755	19294	96	38	287	0	19715
756	19040	61	19	123	0	19243
757	19205	27	27	87	0	19346
758	363	18896	23	46	0	19328
759	18935	234	25	43	0	19237
760	327	94	23	18951	0	19395
761	19278	47	34	251	0	19610
762	315	35	18714	89	0	19153
763	139	18970	234	63	0	19406
764	19036	241	87	42	0	19406
765	294	93	19057	34	0	19478
766	144	60	252	18900	0	19356
767	94	46	19297	241	0	19678
768	96	33	18921	86	0	19136
769	104	26	313	18949	0	19392
770	86	34	19443	250	0	19813
771	78	34	280	19305	0	19697
772	88	41	97	19529	0	19755
773	19656	32	65	350	0	20103
774	280	19639	56	132	0	20107
775	132	20046	40	80	0	20298
776	113	20456	45	61	0	20675
777	84	371	20096	35	0	20586
778	105	155	274	19935	0	20469
779	77	81	20472	267	0	20897
780	19578	55	306	139	0	20078
781	20372	31	141	96	0	20640
782	359	20314	95	63	0	20831
783	201	278	49	20080	0	20608
784	106	20529	63	264	0	20962
785	20592	313	47	131	0	21083
786	328	120	47	20608	0	21103
787	150	87	20635	300	0	21172
788	105	20336	293	136	0	20870
789	77	308	20680	86	0	21151
790	103	131	319	20495	0	21048
791	76	77	20507	308	0	20968
792	19581	52	337	164	0	20134
793	320	54	20488	93	0	20955
794	150	20526	348	66	0	21090
795	129	313	134	20593	0	21169
796	98	122	106	21014	0	21340
797	20712	91	77	403	0	21283
798	20763	61	68	201	0	21093
799	390	20548	70	120	0	21128
800	167	292	20433	84	0	20976
801	127	131	20130	65	0	20453
802	20002	91	382	85	0	20560
803	339	79	20362	65	0	20845
804	155	55	19862	65	0	20137
805	115	57	19855	77	0	20104
806	95	70	19860	55	0	20080
807	93	19862	414	59	0	20428
808	19927	304	208	91	0	20530
809	330	115	130	19497	0	20072
810	19500	80	99	308	0	19987
811	374	19279	86	111	0	19850
812	19361	313	70	110	0	19854
813	345	19878	84	80	0	20387
814	172	339	99	19874	0	20484
815	116	20638	111	286	0	21151
816	133	350	20422	108	0	21013
817	120	21023	348	91	0	21582
818	103	372	164	22454	0	23093
819	22609	147	126	351	0	23233
820	385	129	123	22580	0	23217
821	176	103	22571	406	0	23256
822	177	74	374	22104	0	22729
823	110	22441	188	415	0	23154
824	122	361	22525	168	0	23176
825	22408	158	412	138	0	23116
826	406	124	189	23231	0	23950
827	22832	92	130	440	0	23494
828	23009	71	131	211	0	23422
829	464	22890	115	156	0	23625
830	22512	384	113	140	0	23149
831	23077	168	124	106	0	23475
832	472	22718	115	105	0	23410
833	204	375	113	22815	0	23507
834	164	168	115	22800	0	23247
835	119	22690	130	476	0	23415
836	127	403	91	23239	0	23860
837	112	174	22950	430	0	23666
838	161	231	374	22489	0	23255
839	145	101	22390	433	0	23069
840	126	78	20702	159	0	21065
841	87	20604	415	144	0	21250
842	88	20384	172	96	0	20740
843	91	20699	156	82	0	21028
844	225	386	163	19596	0	20370
845	65	129	19722	279	0	20195
846	19198	88	276	128	0	19690
847	289	55	112	19860	0	20316
848	107	62	19806	275	0	20250
849	73	63	19661	118	0	19915
850	59	20069	313	91	0	20532
851	56	294	135	19922	0	20407
852	19624	116	102	276	0	20118
853	242	19434	71	137	0	19884
854	96	19449	66	73	0	19684
855	66	19330	62	76	0	19534
856	62	351	67	19395	0	19875
857	40	19918	68	275	0	20301
858	66	287	60	21146	0	21559
859	70	120	69	21694	0	21953
860	63	87	21407	383	0	21940
861	19741	72	335	216	0	20364
862	330	76	21754	89	0	22249
863	157	100	355	21646	0	22258
864	73	68	21919	357	0	22417
865	67	21729	358	143	0	22297
866	21616	366	170	125	0	22277
867	366	145	105	21228	0	21844
868	152	88	70	21687	0	21997
869	21474	50	62	449	0	22035
870	21213	58	70	190	0	21531
871	21697	54	62	135	0	21948
872	450	66	21329	75	0	21920
873	20387	57	330	90	0	20864
874	378	20754	101	67	0	21300
875	127	20973	82	77	0	21259
876	108	381	80	20435	0	21004
877	95	137	32	20240	0	20504
878	57	20171	47	390	0	20665
879	76	339	52	20268	0	20735
880	20018	120	48	386	0	20572
881	323	85	19970	148	0	20526
882	120	19891	308	101	0	20420
883	19314	329	93	105	0	19841
884	295	19700	94	117	0	20206
885	111	359	19597	84	0	20151
886	98	158	325	19398	0	19979
887	72	100	19492	333	0	19997
888	60	19245	355	130	0	19790
889	93	339	125	19214	0	19771
890	55	123	19110	352	0	19640
891	86	94	19122	121	0	19423
892	72	89	371	19146	0	19678
893	19069	67	136	363	0	19635
894	19198	52	102	138	0	19490
895	19251	71	66	117	0	19505
896	410	79	19198	80	0	19767
897	150	19171	316	89	0	19726
898	101	316	129	19226	0	19772
899	77	132	87	18977	0	19273
900	68	19150	68	373	0	19659
901	19054	332	55	188	0	19629
902	348	124	47	19236	0	19755
903	130	81	19156	350	0	19717
904	93	19099	335	150	0	19677
905	18609	328	127	145	0	19209
906	310	18844	110	122	0	19386
907	137	347	102	18591	0	19177
908	115	145	89	18762	0	19111
909	102	99	86	18873	0	19160
910	74	89	18564	424	0	19151
911	83	100	327	18198	0	18708
912	88	17911	147	370	0	18516
913	89	17899	91	162	0	18241
914	116	365	17260	147	0	17888
915	16132	135	311	160	0	16738
916	17010	99	132	125	0	17366
917	364	16531	84	118	0	17097
918	15081	255	115	105	0	15556
919	15154	94	65	99	0	15412
920	300	15448	55	86	0	15889
921	156	277	65	15657	0	16155
922	91	117	16231	312	0	16751
923	97	90	15680	117	0	15984
924	15934	106	326	126	0	16492
925	296	16135	118	100	0	16649
926	131	306	71	16087	0	16595
927	125	110	63	16258	0	16556
928	100	96	59	16294	0	16549
929	15911	78	53	397	0	16439
930	321	83	60	15961	0	16425
931	143	67	72	16116	0	16398
932	108	70	15499	358	0	16035
933	14739	63	283	173	0	15258
934	269	15295	107	128	0	15799
935	15082	262	83	119	0	15546
936	266	14793	85	96	0	15240
937	146	265	75	14842	0	15328
938	14884	107	59	312	0	15362
939	15168	77	57	140	0	15442
940	318	65	14815	108	0	15306
941	15192	56	259	100	0	15607
942	314	65	15426	87	0	15892
943	130	75	15152	73	0	15430
944	93	71	15130	72	0	15366
945	86	70	16023	85	0	16264
946	80	87	391	16306	0	16864
947	84	66	16541	356	0	17047
948	75	74	356	16315	0	16820
949	16319	51	151	410	0	16931
950	376	68	92	16267	0	16803
951	16020	54	92	426	0	16592
952	368	16057	71	172	0	16668
953	171	375	77	16081	0	16704
954	121	107	15953	399	0	16580
955	109	16533	333	152	0	17127
956	131	517	132	16055	0	16835
957	91	103	16146	380	0	16720
958	49	15428	308	116	0	15901
959	48	15620	87	86	0	15841
960	89	332	15226	83	0	15730
961	109	221	341	14591	0	15262
962	49	68	14642	298	0	15057
963	14072	29	316	85	0	14502
964	14599	24	81	81	0	14785
965	319	14368	68	40	0	14795
966	14385	279	38	37	0	14739
967	338	68	26	14400	0	14832
968	72	52	14252	283	0	14659
969	13735	34	272	109	0	14150
970	302	17	14002	68	0	14389
971	72	13926	320	43	0	14361
972	14266	284	105	36	0	14691
973	301	92	57	14216	0	14666
974	74	50	14266	282	0	14672
975	14075	43	293	89	0	14500
976	14206	20	81	81	0	14388
977	14339	17	68	53	0	14477
978	395	28	37	14042	0	14502
979	132	39	27	14345	0	14543
980	87	31	14143	323	0	14584
981	50	14045	287	110	0	14492
982	57	273	86	13954	0	14370
983	67	62	75	14391	0	14595
984	46	54	14121	330	0	14551
985	42	57	14123	111	0	14333
986	62	32	327	14082	0	14503
987	13852	22	120	337	0	14331
988	286	13988	105	100	0	14479
989	14031	281	65	90	0	14467
990	334	14036	56	71	0	14497
991	115	315	14076	52	0	14558
992	88	91	14313	75	0	14567
993	13970	46	371	97	0	14484
994	15260	51	126	89	0	15526
995	417	15080	103	90	0	15690
996	167	341	14839	84	0	15431
997	148	111	368	14788	0	15415
998	101	82	134	14686	0	15003
999	75	14892	117	428	0	15512
1000	91	349	87	15104	0	15631
1001	67	143	15029	433	0	15672
1002	14749	99	375	179	0	15402
1003	15161	74	134	134	0	15503
1004	15000	69	114	114	0	15297
1005	15518	50	114	77	0	15759
1006	547	39	15006	72	0	15664
1007	15023	38	413	64	0	15538
1008	499	42	15032	57	0	15630
1009	215	14858	445	61	0	15579
1010	155	371	193	15138	0	15857
1011	15346	118	139	403	0	16006
1012	415	91	106	16030	0	16642
1013	167	79	16028	466	0	16740
1014	16019	72	414	187	0	16692
1015	16548	52	173	148	0	16921
1016	550	50	134	16222	0	16956
1017	278	40	112	16573	0	17003
1018	182	61	16089	547	0	16879
1019	144	16221	416	209	0	16990
1020	15774	409	153	171	0	16507
1021	448	140	14995	122	0	15705
1022	14581	87	434	88	0	15190
1023	469	14849	157	89	0	15564
1024	14704	377	139	76	0	15296
1025	497	14334	96	71	0	14998
1026	229	14528	76	74	0	14907
1027	187	455	93	14411	0	15146
1028	155	181	88	14794	0	15218
1029	114	135	75	14965	0	15289
1030	112	83	69	15010	0	15274
1031	103	67	14415	580	0	15165
1032	14258	60	388	261	0	14967
1033	14806	70	162	176	0	15214
1034	15129	38	132	117	0	15416
1035	589	40	84	14656	0	15369
1036	294	56	69	14923	0	15342
1037	14756	52	52	503	0	15363
1038	14863	64	73	240	0	15240
1039	14964	69	74	141	0	15248
1040	557	85	71	14328	0	15041
1041	257	87	62	14279	0	14685
1042	182	42	13659	477	0	14360
1043	144	46	13394	225	0	13809
1044	121	13370	429	168	0	14088
1045	11951	437	331	219	0	12938
1046	11885	120	157	87	0	12249
1047	12023	72	66	80	0	12241
1048	383	54	12026	85	0	12548
1049	11991	37	242	98	0	12368
1050	12282	30	116	91	0	12519
1051	12385	31	84	90	0	12590
1052	451	26	63	11998	0	12538
1053	246	23	54	12106	0	12429
1054	201	28	39	12059	0	12327
1055	122	44	10744	374	0	11284
1056	10479	31	197	199	0	10906
1057	271	10788	90	120	0	11269
1058	10030	183	49	70	0	10332
1059	250	9774	47	65	0	10136
1060	144	9956	37	61	0	10198
1061	148	244	68	9759	0	10219
1062	147	118	64	9671	0	10000
1063	86	9543	34	227	0	9890
1064	9444	194	33	119	0	9790
1065	9566	90	22	105	0	9783
1066	269	57	27	9375	0	9728
1067	144	40	9348	226	0	9758
1068	103	28	9132	137	0	9400
1069	103	28	9421	90	0	9642
1070	96	37	9399	62	0	9594
1071	8980	84	309	66	0	9439
1072	9039	22	121	44	0	9226
1073	255	16	64	8830	0	9165
1074	141	22	8769	194	0	9126
1075	105	24	172	8987	0	9288
1076	89	8977	82	194	0	9342
1077	90	9842	51	100	0	10083
1078	9931	206	49	106	0	10292
1079	10021	100	37	79	0	10237
1080	10102	67	41	77	0	10287
1081	271	34	46	9911	0	10262
1082	155	44	40	10105	0	10344
1083	137	33	31	10157	0	10358
1084	113	28	23	10109	0	10273
1085	101	27	9985	276	0	10389
1086	84	14	162	10062	0	10322
1087	10485	14	85	242	0	10826
1088	207	19	60	10629	0	10915
1089	117	22	53	10828	0	11020
1090	104	63	40	10752	0	10959
1091	75	10324	33	300	0	10732
1092	71	10364	33	157	0	10625
1093	53	10479	27	114	0	10673
1094	66	156	23	9697	0	9942
1095	54	58	34	9787	0	9933
1096	9781	34	15	184	0	10014
1097	9852	27	13	92	0	9984
1098	9925	25	10	62	0	10022
1099	188	36	17	9770	0	10011
1100	90	22	17	9844	0	9973
1101	48	9704	18	182	0	9952
1102	46	10121	12	88	0	10267
1103	10022	158	13	52	0	10245
1104	161	54	8	9913	0	10136
1105	9995	23	19	145	0	10182
1106	10235	11	19	83	0	10348
1107	175	13	27	10055	0	10270
1108	64	10470	32	133	0	10699
1109	10657	125	18	73	0	10873
1110	10868	44	16	68	0	10996
1111	182	32	10943	44	0	11201
1112	10302	16	90	35	0	10443
1113	128	10376	22	28	0	10554
1114	46	87	12	10751	0	10896
1115	11785	32	5	150	0	11972
1116	132	19	3	11819	0	11973
1117	56	17	6	11922	0	12001
1118	42	11930	13	133	0	12118
1119	11966	99	7	80	0	12152
1120	12036	40	7	43	0	12126
1121	147	11803	9	31	0	11990
1122	61	12464	3	31	0	12559
1123	12537	113	17	52	0	12719
1124	12510	48	8	30	0	12596
1125	140	34	12146	19	0	12339
1126	80	17	11440	17	0	11554
1127	39	24	12200	8	0	12271
1128	40	19	123	12557	0	12739
1129	29	16	49	12698	0	12792
1130	24	23	12550	122	0	12719
1131	12390	14	98	79	0	12581
1132	13077	14	36	39	0	13166
1133	13151	10	27	32	0	13220
1134	12978	9	18	37	0	13042
1135	156	14	13759	16	0	13945
1136	13930	14	96	53	0	14093
1137	14196	13	68	74	0	14351
1138	14266	12	31	49	0	14358
1139	14494	5	23	34	0	14556
1140	14412	6	12	45	0	14475
1141	156	12	14520	29	0	14717
1142	69	14468	104	27	0	14668
1143	67	99	40	14482	0	14688
1144	47	49	28	14901	0	15025
1145	43	25	14751	130	0	14949
1146	13808	15	94	78	0	13995
1147	135	10	41	14489	0	14675
1148	88	15	14684	107	0	14894
1149	79	20	13798	52	0	13949
1150	43	14878	130	52	0	15103
1151	51	101	53	15196	0	15401
1152	43	53	26	15361	0	15483
1153	43	40	17	15244	0	15344
1154	15378	21	16	167	0	15582
1155	116	15	20	15342	0	15493
1156	67	17	15117	130	0	15331
1157	71	25	13897	70	0	14063
1158	52	36	15518	50	0	15656
1159	47	31	144	15939	0	16161
1160	16312	18	57	146	0	16533
1161	127	24	16252	59	0	16462
1162	16033	17	112	60	0	16222
1163	17778	14	63	105	0	17960
1164	166	23	43	18180	0	18412
1165	94	10	35	18328	0	18467
1166	61	18203	26	155	0	18445
1167	47	104	18394	94	0	18639
1168	18158	39	111	87	0	18395
1169	141	36	54	19094	0	19325
1170	86	18987	46	120	0	19239
1171	85	102	26	19340	0	19553
1172	50	57	19322	135	0	19564
1173	66	60	119	18917	0	19162
1174	52	19047	55	146	0	19300
1175	59	99	39	19099	0	19296
1176	18939	43	39	151	0	19172
1177	147	26	33	18565	0	18771
1178	63	18127	44	136	0	18370
1179	48	18636	29	77	0	18790
1180	18221	133	27	87	0	18468
1181	125	64	18666	34	0	18889
1182	104	39	107	18451	0	18701
1183	67	28	47	19160	0	19302
1184	54	26	19278	162	0	19520
1185	47	19246	119	93	0	19505
1186	41	106	19330	62	0	19539
1187	53	110	128	18824	0	19115
1188	27	19480	70	95	0	19672
1189	19820	88	43	118	0	20069
1190	108	19687	31	68	0	19894
1191	58	19972	21	50	0	20101
1192	20266	107	44	69	0	20486
1193	20502	49	32	76	0	20659
1194	20787	28	23	51	0	20889
1195	129	12	29	20811	0	20981
1196	57	25	20619	104	0	20805
1197	20451	16	89	84	0	20640
1198	21733	12	44	57	0	21846
1199	155	25	26	22451	0	22657
1200	74	20	22464	129	0	22687
1201	39	22324	131	56	0	22550
1202	22459	130	37	72	0	22698
1203	23113	40	32	89	0	23274
1204	168	23287	29	32	0	23516
1205	65	23761	19	35	0	23880
1206	23838	144	26	58	0	24066
1207	23779	58	15	51	0	23903
1208	23480	23	15	44	0	23562
1209	204	16	14	23337	0	23571
1210	70	41	23488	137	0	23736
1211	87	28	122	22884	0	23121
1212	42	25	23206	133	0	23406
1213	35	22654	143	60	0	22892
1214	52	22911	48	38	0	23049
1215	85	119	31	21694	0	21929
1216	36	28	27	22042	0	22133
1217	54	43	16	21655	0	21768
1218	27	21972	34	134	0	22167
1219	21924	113	14	99	0	22150
1220	21737	39	17	62	0	21855
1221	131	22118	21	48	0	22318
1222	74	127	8	21515	0	21724
1223	43	21629	18	127	0	21817
1224	53	162	10	21643	0	21868
1225	46	21729	13	122	0	21910
1226	21837	131	10	98	0	22076
1227	154	50	16	21596	0	21816
1228	48	36	21447	150	0	21681
1229	21020	29	125	107	0	21281
1230	21367	26	41	102	0	21536
1231	142	50	21303	40	0	21535
1232	81	29	121	21184	0	21415
1233	52	46	21505	148	0	21751
1234	58	43	133	21456	0	21690
1235	53	50	20577	150	0	20830
1236	19795	29	128	99	0	20051
1237	152	41	43	20355	0	20591
1238	47	20402	32	158	0	20639
1239	20924	139	35	89	0	21187
1240	187	46	17	21194	0	21444
1241	64	51	36	21096	0	21247
1242	64	56	20945	178	0	21243
1243	89	35	145	21490	0	21759
1244	48	50	22210	239	0	22547
1245	56	47	22583	74	0	22760
1246	67	38	241	23507	0	23853
1247	57	34	25179	260	0	25530
1248	25042	32	338	140	0	25552
1249	29034	33	87	133	0	29287
1250	30599	33	52	116	0	30800
1251	617	31998	70	65	0	32750
1252	303	524	43	32469	0	33339
1253	209	195	60	31776	0	32240
1254	108	33078	44	647	0	33877
1255	33043	564	42	309	0	33958
1256	660	206	42	32995	0	33903
1257	223	140	33425	634	0	34422
1258	160	98	32167	260	0	32685
1259	109	32321	718	204	0	33352
1260	32669	552	263	196	0	33680
1261	612	211	32468	109	0	33400
1262	31171	123	638	147	0	32079
1263	659	30568	276	140	0	31643
1264	260	571	31069	93	0	31993
1265	192	216	29934	102	0	30444
1266	141	154	31061	94	0	31450
1267	141	30269	808	92	0	31310
1268	148	583	30515	86	0	31332
1269	29838	215	698	109	0	30860
1270	689	146	298	28956	0	30089
1271	280	110	207	30720	0	31317
1272	227	88	134	30934	0	31383
1273	183	83	107	31174	0	31547
1274	134	109	30579	850	0	31672
1275	179	82	586	30642	0	31489
1276	160	59	249	31232	0	31700
1277	30363	79	187	905	0	31534
1278	31190	67	172	397	0	31826
1279	29443	92	130	391	0	30056
1280	823	119	30030	184	0	31156
1281	378	30615	628	166	0	31787
1282	197	32220	239	181	0	32837
1283	30275	782	194	210	0	31461
1284	633	31391	164	146	0	32334
1285	344	734	162	31093	0	32333
1286	250	296	157	31948	0	32651
1287	148	220	31272	840	0	32480
1288	130	30800	693	380	0	32003
1289	144	689	30238	256	0	31327
1290	29713	261	735	250	0	30959
1291	31080	176	340	210	0	31806
1292	879	133	230	30520	0	31762
1293	390	122	194	30407	0	31113
1294	272	99	211	30464	0	31046
1295	233	118	157	30697	0	31205
1296	174	94	30049	1042	0	31359
1297	232	177	679	29790	0	30878
1298	159	80	29763	887	0	30889
1299	144	65	28724	448	0	29381
1300	119	28736	828	329	0	30012
1301	28760	616	405	276	0	30057
1302	674	29490	246	245	0	30655
1303	347	744	224	28801	0	30116
1304	211	284	29962	756	0	31213
1305	29047	199	737	377	0	30360
1306	767	136	29609	262	0	30774
1307	29715	159	815	214	0	30903
1308	30399	104	373	188	0	31064
1309	1042	119	237	30556	0	31954
1310	500	125	218	30523	0	31366
1311	358	131	243	30790	0	31522
1312	246	165	29718	1092	0	31221
1313	29219	142	793	532	0	30686
1314	810	29384	340	387	0	30921
1315	442	727	252	29701	0	31122
1316	29750	301	228	942	0	31221
1317	30408	239	235	457	0	31339
1318	30581	195	199	386	0	31361
1319	1263	191	29118	323	0	30895
1320	30064	226	807	359	0	31456
1321	30570	271	368	390	0	31599
1322	1136	210	27210	477	0	29033
1323	586	196	30673	387	0	31842
1324	470	222	1096	30464	0	32252
1325	429	146	31120	919	0	32614
1326	267	29648	1172	495	0	31582
1327	253	31244	735	288	0	32520
1328	30194	1006	515	251	0	31966
1329	954	31148	359	223	0	32684
1330	610	937	364	31093	0	33004
1331	30035	408	370	976	0	31789
1332	965	31154	310	471	0	32900
1333	443	959	322	31067	0	32791
1334	334	374	434	31705	0	32847
1335	293	256	30803	1200	0	32552
1336	316	237	999	30887	0	32439
1337	300	236	30694	1186	0	32416
1338	354	139	30693	655	0	31841
1339	399	153	981	30061	0	31594
1340	322	121	463	30707	0	31613
1341	29767	126	308	1409	0	31610
1342	882	31317	307	778	0	33284
1343	485	860	272	31148	0	32765
1344	448	753	282	31012	0	32495
1345	29603	242	182	1397	0	31424
1346	1050	28474	172	695	0	30391
1347	528	27302	165	417	0	28412
1348	363	25892	158	311	0	26724
1349	172	23117	137	174	0	23600
1350	19399	635	657	143	0	20834
1351	19034	194	145	131	0	19504
1352	18560	116	40	113	0	18829
1353	18537	86	52	92	0	18767
1354	617	84	35	17962	0	18698
1355	206	93	17745	466	0	18510
1356	131	17558	449	187	0	18325
1357	130	439	130	17468	0	18167
1358	103	127	17390	476	0	18096
1359	126	109	463	17204	0	17902
1360	124	76	141	17470	0	17811
1361	91	74	17117	580	0	17862
1362	101	64	455	17181	0	17801
1363	147	81	192	16564	0	16984
1364	17148	56	92	632	0	17928
1365	17303	57	108	237	0	17705
1366	17280	71	85	165	0	17601
1367	17314	63	55	177	0	17609
1368	628	55	73	16770	0	17526
1369	251	77	66	17179	0	17573
1370	184	72	51	17217	0	17524
1371	16716	68	82	632	0	17498
1372	566	70	62	16819	0	17517
1373	251	72	56	17085	0	17464
1374	188	68	16336	631	0	17223
1375	174	105	445	16109	0	16833
1376	155	15699	144	570	0	16568
1377	155	16612	81	252	0	17100
1378	15900	467	86	190	0	16643
1379	532	143	15740	162	0	16577
1380	205	15160	401	148	0	15914
1381	14836	393	227	142	0	15598
1382	471	122	113	14748	0	15454
1383	162	110	14749	470	0	15491
1384	161	155	400	14471	0	15187
1385	115	14940	134	478	0	15667
1386	14742	409	114	212	0	15477
1387	444	15122	65	167	0	15798
1388	15049	451	74	154	0	15728
1389	15458	146	67	150	0	15821
1390	530	130	45	15193	0	15898
1391	224	97	45	15118	0	15484
1392	147	15067	59	501	0	15774
1393	15200	422	40	232	0	15894
1394	469	140	14929	165	0	15703
1395	14678	113	384	141	0	15316
1396	14733	76	121	142	0	15072
1397	616	72	14034	146	0	14868
1398	200	153	359	13657	0	14369
1399	13800	58	125	437	0	14420
1400	417	80	13639	189	0	14325
1401	187	68	13243	114	0	13612
1402	12414	68	426	126	0	13034
1403	367	12307	159	109	0	12942
1404	156	11653	75	84	0	11968
1405	213	404	115	11255	0	11987
1406	119	123	11212	330	0	11784
1407	10724	91	330	141	0	11286
1408	345	68	10932	96	0	11441
1409	145	10217	292	72	0	10726
1410	10195	299	139	78	0	10711
1411	313	107	59	10198	0	10677
1412	10209	74	43	325	0	10651
1413	341	49	10103	133	0	10626
1414	135	61	279	9936	0	10411
1415	107	10153	98	274	0	10632
1416	113	300	50	10167	0	10630
1417	101	133	48	10409	0	10691
1418	107	61	10219	357	0	10744
1419	103	9886	277	144	0	10410
1420	101	9986	107	102	0	10296
1421	93	275	9534	82	0	9984
1422	8908	101	295	93	0	9397
1423	9184	49	111	68	0	9412
1424	327	63	71	8837	0	9298
1425	8489	38	42	275	0	8844
1426	269	8088	63	114	0	8534
1427	92	8559	49	97	0	8797
1428	8510	253	64	92	0	8919
1429	311	134	76	8448	0	8969
1430	8625	54	40	272	0	8991
1431	8847	43	38	113	0	9041
1432	324	47	34	8454	0	8859
1433	149	49	8392	249	0	8839
1434	8404	38	230	96	0	8768
1435	8604	31	78	74	0	8787
1436	333	47	47	8300	0	8727
1437	129	8315	48	254	0	8746
1438	93	237	37	8407	0	8774
1439	96	74	8279	269	0	8718
1440	70	62	8278	123	0	8533
1441	63	8170	266	106	0	8605
1442	206	173	109	6051	0	6539
1443	43	21	42	6108	0	6214
1444	30	28	6046	109	0	6213
1445	5916	16	98	41	0	6071
1446	6161	19	34	43	0	6257
1447	6163	23	28	33	0	6247
1448	6195	16	24	26	0	6261
1449	131	6010	23	30	0	6194
1450	61	6234	19	23	0	6337
1451	6338	105	27	27	0	6497
1452	124	41	14	6512	0	6691
1453	43	40	19	6626	0	6728
1454	42	6611	17	120	0	6790
1455	45	108	15	6674	0	6842
1456	32	38	21	6604	0	6695
1457	35	6566	11	142	0	6754
1458	29	120	6565	51	0	6765
1459	28	41	113	6608	0	6790
1460	6608	35	32	130	0	6805
1461	6572	25	26	52	0	6675
1462	143	16	6453	44	0	6656
1463	61	21	6407	30	0	6519
1464	43	26	6370	32	0	6471
1465	44	26	134	6223	0	6427
1466	40	14	6254	112	0	6420
1467	30	11	6251	48	0	6340
1468	45	80	131	6122	0	6378
1469	33	6314	43	109	0	6499
1470	19	111	6366	46	0	6542
1471	32	6393	107	35	0	6567
1472	6328	115	45	36	0	6524
1473	105	6343	29	31	0	6508
1474	46	105	29	6271	0	6451
1475	6313	37	22	112	0	6484
1476	114	24	16	6297	0	6451
1477	42	26	22	6381	0	6471
1478	38	17	6466	127	0	6648
1479	35	6177	108	58	0	6378
1480	27	6433	41	40	0	6541
1481	35	128	19	6194	0	6376
1482	18	39	31	6230	0	6318
1483	27	38	17	6093	0	6175
1484	24	24	5966	122	0	6136
1485	23	16	5710	50	0	5799
1486	5455	18	94	42	0	5609
1487	86	14	5565	25	0	5690
1488	30	18	5569	22	0	5639
1489	16	5408	94	17	0	5535
1490	28	99	45	5380	0	5552
1491	14	19	5430	82	0	5545
1492	21	16	77	5321	0	5435
1493	18	10	5535	84	0	5647
1494	16	7	87	5505	0	5615
1495	14	10	5769	92	0	5885
1496	20	6	91	5742	0	5859
1497	14	10	30	5760	0	5814
1498	11	5848	28	91	0	5978
1499	13	71	15	5915	0	6014
1500	6	5962	19	92	0	6079
1501	15	81	21	6048	0	6165
1502	13	30	23	6100	0	6166
1503	5972	23	18	115	0	6128
1504	76	21	17	5979	0	6093
1505	19	16	5918	108	0	6061
1506	24	10	81	5920	0	6035
1507	22	9	33	6014	0	6078
1508	14	9	5877	112	0	6012
1509	14	16	5798	54	0	5882
1510	21	13	97	5789	0	5920
1511	12	15	35	5945	0	6007
1512	19	17	5892	100	0	6028
1513	9	5694	86	53	0	5842
1514	10	5870	32	45	0	5957
1515	5769	90	24	41	0	5924
1516	78	29	23	5869	0	5999
1517	5906	20	26	104	0	6056
1518	5832	15	22	58	0	5927
1519	79	5893	27	34	0	6033
1520	5940	81	17	43	0	6081
1521	5983	28	20	31	0	6062
1522	97	20	5900	27	0	6044
1523	42	14	77	5901	0	6034
1524	26	21	6048	82	0	6177
1525	19	9	94	6050	0	6172
1526	12	16	6036	101	0	6165
1527	20	5729	85	42	0	5876
1528	11	5912	33	32	0	5988
1529	33	110	28	5677	0	5848
1530	5593	24	18	88	0	5723
1531	77	13	22	5575	0	5687
1532	29	13	14	5604	0	5660
1533	17	15	5597	98	0	5727
1534	14	11	5610	37	0	5672
1535	12	11	5678	30	0	5731
1536	14	7	96	5605	0	5722
1537	11	13	40	5553	0	5617
1538	13	5567	31	92	0	5703
1539	12	5801	22	41	0	5876
1540	5706	89	14	39	0	5848
1541	73	5742	20	26	0	5861
1542	20	89	5656	30	0	5795
1543	26	29	77	5610	0	5742
1544	12	21	5827	86	0	5946
1545	9	5844	87	44	0	5984
1546	24	89	27	5900	0	6040
1547	5723	16	22	93	0	5854
1548	61	19	5806	25	0	5911
1549	16	5872	70	42	0	6000
1550	15	70	5815	21	0	5921
1551	7	5735	69	23	0	5834
1552	43	102	47	5385	0	5577
1553	5434	21	24	68	0	5547
1554	5387	14	7	35	0	5443
1555	56	5346	18	16	0	5436
1556	5440	51	9	27	0	5527
1557	57	17	12	5435	0	5521
1558	5451	14	14	60	0	5539
1559	61	12	5488	27	0	5588
1560	21	8	5521	25	0	5575
1561	22	7	70	5452	0	5551
1562	9	12	27	5715	0	5763
1563	9	14	5676	71	0	5770
1564	11	10	66	5684	0	5771
1565	5718	12	19	79	0	5828
1566	5735	8	17	39	0	5799
1567	78	5519	18	20	0	5635
1568	28	5498	10	21	0	5557
1569	5361	72	10	26	0	5469
1570	75	14	16	5288	0	5393
1571	5232	16	6	73	0	5327
1572	60	5189	14	22	0	5285
1573	5213	52	12	19	0	5296
1574	63	15	5107	18	0	5203
1575	18	14	5056	20	0	5108
1576	23	21	64	5103	0	5211
1577	9	13	5175	60	0	5257
1578	14	17	59	4957	0	5047
1579	19	9	17	4872	0	4917
1580	15	9	5223	60	0	5307
1581	13	16	60	5249	0	5338
1582	14	16	18	5553	0	5601
1583	14	9	5732	74	0	5829
1584	6	10	5714	28	0	5758
1585	5671	6	73	31	0	5781
1586	74	7	5894	23	0	5998
1587	6091	9	102	17	0	6219
1588	6542	9	32	28	0	6611
1589	132	11	6626	19	0	6788
1590	48	5	6868	11	0	6932
1591	32	40	145	6584	0	6801
1592	43	13	52	6554	0	6662
1593	11	6623	39	123	0	6796
1594	18	6867	27	49	0	6961
1595	13	130	6669	32	0	6844
1596	6516	42	120	29	0	6707
1597	6738	20	53	26	0	6837
1598	149	17	6568	17	0	6751
1599	57	14	6556	14	0	6641
1600	42	17	147	6414	0	6620
1601	35	6590	52	92	0	6769
1602	29	102	38	6678	0	6847
1603	25	40	32	6824	0	6921
1604	6759	18	20	153	0	6950
1605	6783	12	20	68	0	6883
1606	151	14	17	6938	0	7120
1607	54	19	6981	128	0	7182
1608	6775	17	114	56	0	6962
1609	128	7112	47	34	0	7321
1610	7256	104	24	28	0	7412
1611	7204	40	26	20	0	7290
1612	147	7164	29	24	0	7364
1613	52	7347	23	21	0	7443
1614	37	141	14	7324	0	7516
1615	38	62	6	7405	0	7511
1616	18	7321	9	151	0	7499
1617	30	125	11	7428	0	7594
1618	36	41	16	7520	0	7613
1619	25	24	7388	159	0	7596
1620	7315	22	119	71	0	7527
1621	7554	14	60	43	0	7671
1622	7634	14	28	39	0	7715
1623	178	17	23	7455	0	7673
1624	7338	7	20	135	0	7500
1625	139	7245	20	59	0	7463
1626	68	137	22	7020	0	7247
1627	33	7088	17	125	0	7263
1628	32	7412	16	54	0	7514
1629	7407	143	21	37	0	7608
1630	7485	57	18	35	0	7595
1631	7444	20	14	25	0	7503
1632	7436	25	14	24	0	7499
1633	7436	19	16	22	0	7493
1634	182	23	7401	15	0	7621
1635	7439	21	108	23	0	7591
1636	160	17	7640	16	0	7833
1637	7449	17	105	23	0	7594
1638	7582	12	52	24	0	7670
1639	7506	16	34	26	0	7582
1640	173	18	7692	23	0	7906
1641	80	31	109	7610	0	7830
1642	57	7928	39	103	0	8127
1643	8104	100	36	45	0	8285
1644	8068	46	17	27	0	8158
1645	173	8061	15	60	0	8309
1646	8310	107	19	39	0	8475
1647	154	46	24	8151	0	8375
1648	79	8346	15	107	0	8547
1649	8383	119	18	53	0	8573
1650	8454	46	17	45	0	8562
1651	171	31	17	8360	0	8579
1652	8474	27	20	120	0	8641
1653	159	18	29	8505	0	8711
1654	89	13	26	8610	0	8738
1655	49	15	8521	165	0	8750
1656	65	18	103	8441	0	8627
1657	50	32	45	8589	0	8716
1658	42	17	8556	172	0	8787
1659	42	20	8433	69	0	8564
1660	48	20	131	8562	0	8761
1661	43	17	8642	123	0	8825
1662	8272	17	128	66	0	8483
1663	117	8748	67	40	0	8972
1664	69	101	25	9024	0	9219
1665	49	48	23	9187	0	9307
1666	40	21	15	9136	0	9212
1667	9180	19	15	166	0	9380
1668	9171	16	17	85	0	9289
1669	9330	18	17	54	0	9419
1670	151	9220	19	51	0	9441
1671	86	101	20	9440	0	9647
1672	67	42	10	9546	0	9665
1673	9494	28	12	149	0	9683
1674	9519	21	13	74	0	9627
1675	165	25	11	9487	0	9688
1676	78	30	9504	121	0	9733
1677	9494	29	92	74	0	9689
1678	9759	18	37	50	0	9864
1679	167	16	9762	38	0	9983
1680	9331	20	94	55	0	9500
1681	137	11	9714	40	0	9902
1682	9669	5	105	36	0	9815
1683	132	82	58	9875	0	10147
1684	79	10410	29	95	0	10613
1685	65	87	10830	48	0	11030
1686	46	10764	113	36	0	10959
1687	38	10252	44	35	0	10369
1688	10765	118	53	56	0	10992
1689	86	27	23	10672	0	10808
1690	27	6	0	10472	0	10505
1691	10911	7	6	79	0	11003
1692	57	1	9	11062	0	11129
1693	27	9	4	11023	0	11063
1694	17	5	7	10982	0	11011
1695	24	13	6	10869	0	10912
1696	13	7	10949	66	0	11035
1697	19	11	10611	27	0	10668
1698	9	10841	56	16	0	10922
1699	11107	50	13	41	0	11211
1700	51	15	8	11226	0	11300
1701	20	11131	14	64	0	11229
1702	15	51	7	11763	0	11836
1703	17	13	5	11828	0	11863
1704	10	11	9	11795	0	11825
1705	16	7	6	11964	0	11993
1706	25	4	8	11917	0	11954
1707	10	11706	12	72	0	11800
1708	15	52	4	11920	0	11991
1709	11	17	11661	62	0	11751
1710	9	11681	50	29	0	11769
1711	17	55	14	11821	0	11907
1712	14	18	7	11796	0	11835
1713	5	11562	8	72	0	11647
1714	10	11749	10	30	0	11799
1715	11646	64	5	36	0	11751
1716	48	11553	7	23	0	11631
1717	11599	48	9	31	0	11687
1718	11519	15	6	37	0	11577
1719	57	9	11969	23	0	12058
1720	41	14	44	11565	0	11664
1721	18	13	12161	53	0	12245
1722	13	12402	42	36	0	12493
1723	49	64	13	11580	0	11706
1724	16	22	10	12540	0	12588
1725	17	12	9	12651	0	12689
1726	15	12	8	12792	0	12827
1727	12	9	13012	74	0	13107
1728	27	5	50	12849	0	12931
1729	12	10	13092	68	0	13182
1730	5	16	12770	32	0	12823
1731	12570	10	113	50	0	12743
1732	12878	5	477	41	0	13401
1733	13404	6	14	35	0	13459
1734	65	13044	12	26	0	13147
1735	21	56	9	13270	0	13356
1736	13	15	13635	72	0	13735
1737	31	15	64	13502	0	13612
1738	17	14	14061	65	0	14157
1739	13952	5	67	53	0	14077
1740	14040	9	26	29	0	14104
1741	13956	10	11	29	0	14006
1742	81	15	13482	12	0	13590
1743	39	19	13345	15	0	13418
1744	29	26	74	13973	0	14102
1745	44	11	24	13451	0	13530
1746	20	8	17	14132	0	14177
1747	23	7	14131	73	0	14234
1748	21	16	12973	33	0	13043
1749	13731	6	70	31	0	13838
1750	70	7	25	14428	0	14530
1751	32	3	16	14476	0	14527
1752	14768	5	11	110	0	14894
1753	70	5	18	14758	0	14851
1754	15635	3	14	131	0	15783
1755	16110	5	17	86	0	16218
1756	16117	1	12	61	0	16191
1757	80	10	16407	22	0	16519
1758	27	16341	71	29	0	16468
1759	17054	60	21	58	0	17193
1760	85	14	13	17099	0	17211
1761	43	5	10	17042	0	17100
1762	25	17070	20	81	0	17196
1763	17057	67	11	52	0	17187
1764	16904	12	11	47	0	16974
1765	17146	10	8	49	0	17213
1766	96	17275	11	22	0	17404
1767	18118	70	15	62	0	18265
1768	18182	15	15	55	0	18267
1769	18208	16	8	36	0	18268
1770	108	13	7	18002	0	18130
1771	48	4	10	18067	0	18129
1772	31	16	18343	90	0	18480
1773	53	13	72	17916	0	18054
1774	62	8	16	18022	0	18108
1775	37	10	18377	95	0	18519
1776	17684	8	68	55	0	17815
1777	18422	10	11	50	0	18493
1778	109	15	11	18275	0	18410
1779	40	17895	13	87	0	18035
1780	32	18174	15	29	0	18250
1781	28	107	24	18070	0	18229
1782	26	26	17625	96	0	17773
1783	53	49	75	16972	0	17149
1784	21	12	17214	84	0	17331
1785	29	17	16843	25	0	16914
1786	18	6	59	17409	0	17492
1787	17624	4	13	80	0	17721
1788	17183	7	11	50	0	17251
1789	72	8	11	17526	0	17617
1790	33	11	6	17508	0	17558
1791	21	5	9	17599	0	17634
1792	25	8	10	17439	0	17482
1793	17635	4	10	98	0	17747
1794	17489	2	10	57	0	17558
1795	17447	1	14	53	0	17515
1796	70	11	17410	15	0	17506
1797	35	5	47	17306	0	17393
1798	34	2	14	17782	0	17832
1799	17656	4	6	93	0	17759
1800	57	17406	14	28	0	17505
1801	17509	50	6	39	0	17604
1802	17433	10	6	51	0	17500
1803	17393	5	10	39	0	17447
1804	17390	5	7	40	0	17442
1805	92	18	17564	14	0	17688
1806	68	31	16445	12	0	16556
1807	18153	3	91	51	0	18298
1808	18568	2	26	42	0	18638
1809	18548	5	7	39	0	18599
1810	18815	4	7	38	0	18864
1811	117	19	19674	20	0	19830
1812	51	20565	133	30	0	20779
1813	97	160	43	21974	0	22274
1814	23207	60	15	287	0	23569
1815	23632	20	10	136	0	23798
1816	25075	9	12	87	0	25183
1817	25634	9	11	65	0	25719
1818	26050	8	12	62	0	26132
1819	25320	8	14	54	0	25396
1820	497	31	23208	50	0	23786
1821	232	20	24142	19	0	24413
1822	169	34	344	23954	0	24501
1823	137	25	24564	275	0	25001
1824	116	23820	327	119	0	24382
1825	114	24077	161	67	0	24419
1826	132	358	89	24803	0	25382
1827	78	140	25468	283	0	25969
1828	77	75	24359	129	0	24640
1829	24587	56	434	127	0	25204
1830	26869	46	192	98	0	27205
1831	558	57	101	27206	0	27922
1832	27760	58	81	474	0	28373
1833	541	36	83	27673	0	28333
1834	257	18	93	27906	0	28274
1835	133	24	28057	607	0	28821
1836	139	43	26993	228	0	27403
1837	141	37	567	27169	0	27914
1838	104	37	27129	518	0	27788
1839	25834	16	535	282	0	26667
1840	27393	12	231	189	0	27825
1841	625	27576	152	146	0	28499
1842	27983	440	131	138	0	28692
1843	612	161	27418	85	0	28276
1844	27307	52	534	138	0	28031
1845	28004	49	229	121	0	28403
1846	28240	43	117	131	0	28531
1847	824	39	111	27095	0	28069
1848	378	27312	128	443	0	28261
1849	27796	475	98	241	0	28610
1850	28014	154	110	164	0	28442
1851	817	80	118	27815	0	28830
1852	27843	63	79	630	0	28615
1853	728	28037	77	272	0	29114
1854	395	549	74	27554	0	28572
1855	261	214	26939	616	0	28030
1856	25333	117	574	342	0	26366
1857	733	79	26871	160	0	27843
1858	396	102	612	26697	0	27807
1859	240	26260	260	605	0	27365
1860	223	28526	154	258	0	29161
1861	243	770	116	28630	0	29759
1862	254	28553	170	698	0	29675
1863	249	852	124	37087	0	38312
1864	276	294	121	39054	0	39745
1865	250	210	113	39883	0	40456
1866	38156	180	89	1595	0	40020
1867	1241	144	82	38295	0	39762
1868	501	146	37405	1395	0	39447
1869	345	37427	1045	650	0	39467
1870	37782	1079	326	477	0	39664
1871	1367	357	180	37696	0	39600
1872	666	224	153	38308	0	39351
1873	443	190	160	38970	0	39763
1874	383	174	37332	1616	0	39505
1875	322	37407	1121	721	0	39571
1876	37755	1132	418	532	0	39837
1877	1345	418	255	36377	0	38395
1878	503	38050	249	1345	0	40147
1879	38033	1244	223	688	0	40188
1880	1334	482	37674	430	0	39920
1881	37739	348	1258	437	0	39782
1882	1455	314	38403	329	0	40501
1883	637	294	38499	350	0	39780
1884	441	37946	1474	405	0	40266
1885	506	1227	599	36896	0	39228
1886	375	426	37146	1363	0	39310
1887	352	36005	1426	600	0	38383
1888	378	1216	633	35612	0	37839
1889	301	36025	429	1339	0	38094
1890	271	1338	36115	624	0	38348
1891	327	546	1307	35991	0	38171
1892	245	389	36212	1522	0	38368
1893	322	333	1415	36155	0	38225
1894	347	277	623	37174	0	38421
1895	286	277	36008	1805	0	38376
1896	380	223	1448	36256	0	38307
1897	35038	238	613	1741	0	37630
1898	1310	35431	475	897	0	38113
1899	604	1250	35585	646	0	38085
1900	35243	469	1355	651	0	37718
1901	1567	351	605	34215	0	36738
1902	688	35209	411	1428	0	37736
1903	35823	1304	388	729	0	38244
1904	36774	580	345	576	0	38275
1905	1752	385	343	34860	0	37340
1906	808	433	275	35779	0	37295
1907	600	301	278	36024	0	37203
1908	482	339	278	35484	0	36583
1909	481	33898	275	2001	0	36655
1910	549	1984	323	32879	0	35735
1911	407	32043	270	1726	0	34446
1912	344	31858	291	947	0	33440
1913	278	31474	284	754	0	32790
1914	321	1450	29069	704	0	31544
1915	286	29803	1165	653	0	31907
1916	27317	1334	666	734	0	30051
1917	1096	27554	335	629	0	29614
1918	491	1207	342	25905	0	27945
1919	396	27538	309	1394	0	29637
1920	398	1248	302	27598	0	29546
1921	366	649	319	28403	0	29737
1922	368	506	27181	1633	0	29688
1923	26640	467	1142	893	0	29142
1924	27386	442	436	833	0	29097
1925	27295	413	376	757	0	28841
1926	1322	26390	372	812	0	28896
1927	606	1132	408	26126	0	28272
1928	498	552	25522	1477	0	28049
1929	449	25392	1162	801	0	27804
1930	493	1301	491	22341	0	24626
1931	425	23658	377	1057	0	25517
1932	23422	1117	386	566	0	25491
1933	23774	565	395	489	0	25223
1934	24160	434	430	421	0	25445
1935	24000	387	455	421	0	25263
1936	1268	364	424	23106	0	25162
1937	602	398	427	23178	0	24605
1938	487	22970	368	1249	0	25074
1939	427	1054	302	23522	0	25305
1940	321	519	22849	1338	0	25027
1941	268	440	953	22797	0	24458
1942	201	443	22266	1321	0	24231
1943	197	21990	1019	818	0	24024
1944	228	1000	22153	620	0	24001
1945	223	492	1109	22157	0	23981
1946	228	386	22373	1247	0	24234
1947	264	354	1105	22279	0	24002
1948	281	332	552	22718	0	23883
1949	326	341	403	22765	0	23835
1950	321	356	394	22596	0	23667
1951	21417	337	309	1345	0	23408
1952	937	21603	268	748	0	23556
1953	21075	949	238	684	0	22946
1954	972	491	20219	565	0	22247
1955	20421	321	779	575	0	22096
1956	21095	358	286	571	0	22310
1957	1283	322	19971	530	0	22106
1958	846	305	19599	515	0	21265
1959	523	18925	869	575	0	20892
1960	346	18268	334	534	0	19482
1961	497	946	16630	560	0	18633
1962	268	14952	691	644	0	16555
1963	402	570	349	8041	0	9362
1964	7400	72	119	185	0	7776
1965	132	34	20	7384	0	7570
1966	7461	28	23	145	0	7657
1967	7492	17	18	69	0	7596
1968	136	7531	15	58	0	7740
1969	7514	102	13	59	0	7688
1970	7549	49	11	48	0	7657
1971	138	35	16	7449	0	7638
1972	7510	33	10	116	0	7669
1973	115	7617	19	55	0	7806
1974	55	109	13	7671	0	7848
1975	7680	39	17	123	0	7859
1976	114	39	7589	52	0	7794
1977	7544	18	81	40	0	7683
1978	123	43	28	7652	0	7846
1979	50	19	7628	83	0	7780
1980	39	20	7427	41	0	7527
1981	7328	58	120	49	0	7555
1982	7354	8	41	37	0	7440
1983	87	11	19	7306	0	7423
1984	47	4	11	7378	0	7440
1985	41	6	12	7347	0	7406
1986	15	7378	4	102	0	7499
1987	7436	65	10	59	0	7570
1988	59	7449	11	38	0	7557
1989	7439	73	9	29	0	7550
1990	82	34	7360	17	0	7493
1991	39	27	65	7432	0	7563
1992	7582	12	28	86	0	7708
1993	74	6	27	7621	0	7728
1994	43	8	16	7554	0	7621
1995	33	7378	19	90	0	7520
1996	7502	65	6	60	0	7633
1997	69	7785	12	42	0	7908
1998	36	80	10	7934	0	8060
1999	28	36	7799	72	0	7935
2000	7235	23	64	50	0	7372
2001	75	20	7678	29	0	7802
2002	7338	11	71	39	0	7459
2003	79	7685	31	24	0	7819
2004	50	60	23	7508	0	7641
2005	28	7623	14	70	0	7735
2006	7682	77	11	52	0	7822
2007	82	32	8	7752	0	7874
2008	49	24	9	7858	0	7940
2009	36	26	7659	97	0	7818
2010	7337	13	62	64	0	7476
2011	79	21	30	7783	0	7913
2012	41	12	7642	84	0	7779
2013	32	7570	76	44	0	7722
2014	30	61	43	7630	0	7764
2015	7685	27	29	88	0	7829
2016	82	23	18	7708	0	7831
2017	36	25	7749	91	0	7901
2018	8151	13	68	57	0	8289
2019	108	22	30	8204	0	8364
2020	56	15	8884	106	0	9061
2021	48	11	120	8967	0	9146
2022	38	15	46	9049	0	9148
2023	33	9155	36	156	0	9380
2024	9096	116	18	87	0	9317
2025	116	9200	20	61	0	9397
2026	9261	137	23	42	0	9463
2027	156	62	12	9097	0	9327
2028	75	9218	11	136	0	9440
2029	56	135	18	9209	0	9418
2030	43	44	9047	164	0	9298
2031	8720	31	127	83	0	8961
2032	151	23	50	8876	0	9100
2033	74	19	31	8822	0	8946
2034	51	17	28	8913	0	9009
2035	41	14	8640	208	0	8903
2036	40	23	8522	108	0	8693
2037	35	8658	156	75	0	8924
2038	42	131	63	8438	0	8674
2039	8444	48	41	152	0	8685
2040	135	8543	34	75	0	8787
2041	77	132	23	8804	0	9036
2042	8877	56	22	169	0	9124
2043	8905	44	12	87	0	9048
2044	178	8852	17	60	0	9107
2045	9460	138	16	57	0	9671
2046	10259	65	10	51	0	10385
2047	246	32	18	10694	0	10990
2048	100	10553	28	203	0	10884
2049	77	201	25	10861	0	11164
2050	10764	67	26	260	0	11117
2051	229	47	10785	109	0	11170
2052	128	39	187	10718	0	11072
2053	90	45	78	10905	0	11118
2054	66	44	10656	317	0	11083
2055	56	45	203	10765	0	11069
2056	10675	33	92	296	0	11096
2057	10078	40	62	190	0	10370
2058	277	36	60	10605	0	10978
2059	133	23	10438	294	0	10888
2060	99	32	10262	157	0	10550
2061	77	10140	257	130	0	10604
2062	89	10435	109	121	0	10754
2063	112	237	67	10122	0	10538
2064	10017	78	72	262	0	10429
2065	199	9982	65	132	0	10378
2066	9895	212	74	100	0	10281
2067	232	110	53	9870	0	10265
2068	125	83	34	9921	0	10163
2069	9586	69	39	314	0	10008
2070	252	9643	29	150	0	10074
2071	9710	211	35	109	0	10065
2072	256	100	9429	92	0	9877
2073	128	65	9222	89	0	9504
2074	108	71	241	9068	0	9488
2075	82	61	9148	234	0	9525
2076	84	60	9001	106	0	9251
2077	88	74	247	8667	0	9076
2078	76	36	8842	233	0	9187
2079	59	34	258	8657	0	9008
2080	63	27	137	8718	0	8945
2081	46	27	8772	318	0	9163
2082	60	31	257	8604	0	8952
2083	71	35	124	8511	0	8741
2084	50	8447	88	320	0	8905
2085	8480	187	85	162	0	8914
2086	207	80	8434	145	0	8866
2087	97	41	236	8410	0	8784
2088	59	47	123	8586	0	8815
2089	53	35	8294	337	0	8719
2090	7949	58	236	171	0	8414
2091	211	8165	121	220	0	8717
2092	114	185	88	8225	0	8612
2093	76	100	85	8304	0	8565
2094	59	8216	66	338	0	8679
2095	70	209	8188	175	0	8642
2096	64	8293	226	131	0	8714
2097	7956	235	100	138	0	8429
2098	206	122	7863	108	0	8299
2099	106	91	207	7853	0	8257
2100	68	72	7952	258	0	8350
2101	61	72	7961	127	0	8221
2102	62	7821	258	96	0	8237
2103	112	212	140	7519	0	7983
2104	7569	86	114	222	0	7991
2105	7588	50	90	144	0	7872
2106	230	7595	83	105	0	8013
2107	88	193	99	7654	0	8034
2108	7570	102	72	234	0	7978
2109	7730	68	60	144	0	8002
2110	261	7641	65	100	0	8067
2111	7755	194	45	87	0	8081
2112	239	106	50	7524	0	7919
2113	124	7724	65	222	0	8135
2114	101	187	60	7934	0	8282
2115	103	106	54	7965	0	8228
2116	115	134	39	7945	0	8233
2117	82	68	7656	280	0	8086
2118	88	58	7122	149	0	7417
2119	65	7150	197	122	0	7534
2120	6370	148	97	104	0	6719
2121	126	6287	61	120	0	6594
2122	75	122	59	6282	0	6538
2123	47	69	6489	160	0	6765
2124	48	63	151	6364	0	6626
2125	47	58	84	6468	0	6657
2126	45	62	45	6574	0	6726
2127	6420	50	47	198	0	6715
2128	108	45	51	6518	0	6722
2129	40	42	6814	197	0	7093
2130	6585	24	147	145	0	6901
2131	6808	49	73	101	0	7031
2132	6981	19	43	108	0	7151
2133	6971	34	43	89	0	7137
2134	6968	25	37	83	0	7113
2135	192	6841	55	71	0	7159
2136	100	103	52	6634	0	6889
2137	106	6791	34	107	0	7038
2138	6858	112	25	86	0	7081
2139	6813	56	28	53	0	6950
2140	6604	38	37	63	0	6742
2141	180	6318	20	51	0	6569
2142	83	6201	30	47	0	6361
2143	75	6308	15	47	0	6445
2144	110	146	6114	41	0	6411
2145	146	419	104	5022	0	5691
2146	35	4591	29	45	0	4700
2147	6	4230	4	11	0	4251
2148	17	19	15	4201	0	4252
2149	2	8	1	4219	0	4230
2150	2	7	4240	18	0	4267
2151	4302	3	14	27	0	4346
2152	20	4	6	4545	0	4575
2153	13	0	4	4533	0	4550
2154	6	3	4543	25	0	4577
2155	7	7	4409	12	0	4435
2156	3	4682	22	12	0	4719
2157	9	20	9	4763	0	4801
2158	10	6	4	4781	0	4801
2159	2	4	4691	22	0	4719
2160	4417	3	18	15	0	4453
2161	4705	5	9	10	0	4729
2162	24	5	4795	5	0	4829
2163	4815	2	23	15	0	4855
2164	28	4	4929	3	0	4964
2165	4960	5	23	9	0	4997
2166	5043	2	7	8	0	5060
2167	28	3	5110	4	0	5145
2168	16	2	21	5122	0	5161
2169	14	3	9	5045	0	5071
2170	10	1	8	5401	0	5420
2171	5361	2	2	47	0	5412
2172	5338	5	5	18	0	5366
2173	36	2	5500	9	0	5547
2174	19	8	5337	8	0	5372
2175	5710	3	28	13	0	5754
2176	5809	3	11	10	0	5833
2177	35	6	5717	9	0	5767
2178	11	7	5673	7	0	5698
2179	11	13	28	5825	0	5877
2180	5	3	5990	34	0	6032
2181	8	4	32	5755	0	5799
2182	6107	4	11	38	0	6160
2183	39	3	6452	10	0	6504
2184	6271	1	46	13	0	6331
2185	48	4	7270	4	0	7326
2186	26	2	67	7231	0	7326
2187	19	4	11	7629	0	7663
2188	14	2	12	7655	0	7683
2189	7	7738	8	82	0	7835
2190	28	65	6	7347	0	7446
2191	17	13	5	7843	0	7878
2192	7783	9	6	87	0	7885
2193	77	2	7700	27	0	7806
2194	7399	4	67	27	0	7497
2195	84	7	7657	9	0	7757
2196	7240	5	74	14	0	7333
2197	80	7615	15	16	0	7726
2198	24	56	7623	12	0	7715
2199	21	17	7478	6	0	7522
2200	34	29	85	6947	0	7095
2201	15	6	24	7579	0	7624
2202	11	3	7629	78	0	7721
2203	11	9	7573	22	0	7615
2204	10	6	8265	15	0	8296
2205	8691	2	93	34	0	8820
2206	8860	0	29	17	0	8906
2207	8863	3	20	14	0	8900
2208	89	1	15	8758	0	8863
2209	31	0	18	8829	0	8878
2210	17	5	9223	88	0	9333
2211	18	7	65	9011	0	9101
2212	36	6	31	8619	0	8692
2213	9180	4	17	90	0	9291
2214	9129	2	13	50	0	9194
2215	9338	3	9	40	0	9390
2216	107	5	15	9287	0	9414
2217	45	1	16	9308	0	9370
2218	26	4	11	9297	0	9338
2219	9222	4	12	103	0	9341
2220	89	6	13	9091	0	9199
2221	33	9131	19	82	0	9265
2222	27	68	17	9032	0	9144
2223	21	8897	8	75	0	9001
2224	8970	77	22	33	0	9102
2225	8857	14	23	31	0	8925
2226	78	8914	21	23	0	9036
2227	28	9118	20	24	0	9190
2228	28	81	14	9097	0	9220
2229	22	26	8799	79	0	8926
2230	27	15	81	8575	0	8698
2231	23	11	8852	95	0	8981
2232	14	8864	84	49	0	9011
2233	24	72	24	9013	0	9133
2234	26	16	25	9127	0	9194
2235	22	17	9447	98	0	9584
2236	31	92	81	9334	0	9538
2237	28	15	9672	95	0	9810
2238	9571	5	91	60	0	9727
2239	9874	5	21	46	0	9946
2240	9939	6	25	45	0	10015
2241	113	7	23	9829	0	9972
2242	42	10	23	9867	0	9942
2243	27	9	10090	120	0	10246
2244	36	38	85	9895	0	10054
2245	30	10001	34	100	0	10165
2246	31	73	10138	33	0	10275
2247	29	27	9908	42	0	10006
2248	48	43	96	9357	0	9544
2249	27	19	10124	96	0	10266
2250	25	21	9968	51	0	10065
2251	9602	12	93	67	0	9774
2252	87	10856	37	39	0	11019
2253	11280	81	34	65	0	11460
2254	11337	21	22	61	0	11441
2255	11442	23	20	56	0	11541
2256	114	15	27	11359	0	11515
2257	48	8	26	11557	0	11639
2258	40	15	11561	98	0	11714
2259	29	16	86	11352	0	11483
2260	23	11626	43	105	0	11797
2261	11784	65	36	54	0	11939
2262	88	11646	31	36	0	11801
2263	30	11780	31	39	0	11880
2264	36	82	36	11828	0	11982
2265	32	31	11963	90	0	12116
2266	45	26	73	11854	0	11998
2267	35	10	11904	97	0	12046
2268	30	11782	84	54	0	11950
2269	11875	65	43	59	0	12042
2270	11946	21	36	47	0	12050
2271	12188	20	20	83	0	12311
2272	102	17	12672	37	0	12828
2273	55	25	11793	42	0	11915
2274	12650	17	91	54	0	12812
2275	12934	11	37	58	0	13040
2276	13057	16	35	50	0	13158
2277	108	15	16	12935	0	13074
2278	56	13	17	13118	0	13204
2279	13136	8	26	111	0	13281
2280	12914	6	16	89	0	13025
2281	89	20	13259	41	0	13409
2282	49	20	12699	29	0	12797
2283	12534	12	54	55	0	12655
2284	63	16	12923	21	0	13023
2285	12086	2	44	36	0	12168
2286	38	8	12366	7	0	12419
2287	21	31	31	11972	0	12055
2288	9	5	12689	14	0	12717
2289	26	5	18	12672	0	12721
2290	17	5	8	12914	0	12944
2291	5	13050	12	29	0	13096
2292	13346	17	5	50	0	13418
2293	17	9	13545	7	0	13578
2294	13156	3	22	39	0	13220
2295	18	13725	10	1	0	13754
2296	14453	17	4	37	0	14511
2297	34	6	4	14452	0	14496
2298	15	2	2	14570	0	14589
2299	6	15049	8	48	0	15111
2300	13	38	2	15710	0	15763
2301	19	12	3	15839	0	15873
2302	11	7	1	16086	0	16105
2303	15701	3	4	117	0	15825
2304	14971	2	7	57	0	15037
2305	85	15	14661	29	0	14790
2306	23	14841	78	20	0	14962
2307	25	64	11	15258	0	15358
2308	21	11	10	15861	0	15903
2309	10	9	15919	101	0	16039
2310	30	6	87	15410	0	15533
2311	15831	5	19	144	0	15999
2312	15934	3	15	61	0	16013
2313	16131	8	15	45	0	16199
2314	136	5	9	16266	0	16416
2315	16853	2	5	209	0	17069
2316	16923	4	11	71	0	17009
2317	17224	0	9	58	0	17291
2318	166	4	3	17143	0	17316
2319	63	0	7	17312	0	17382
2320	41	7	4	17396	0	17448
2321	36	2	6	16957	0	17001
2322	39	3	2	17023	0	17067
2323	28	5	16971	145	0	17149
2324	25	10	16689	55	0	16779
2325	20	16698	114	37	0	16869
2326	30	105	26	17067	0	17228
2327	22	19	13	17250	0	17304
2328	32	12	9	17293	0	17346
2329	20	10	17071	166	0	17267
2330	41	12	121	16813	0	16987
2331	20	19	17030	144	0	17213
2332	27	14	121	16909	0	17071
2333	11	16	17560	147	0	17734
2334	6	17489	145	72	0	17712
2335	27	144	22	17379	0	17572
2336	11	25	17158	153	0	17347
2337	15682	16	144	99	0	15941
2338	138	17193	46	42	0	17419
2339	48	141	19	17533	0	17741
2340	21	17465	18	158	0	17662
2341	37	158	22	17396	0	17613
2342	17737	28	9	224	0	17998
2343	165	22	23	17433	0	17643
2344	37	17398	19	180	0	17634
2345	17530	153	15	68	0	17766
2346	163	32	14	17900	0	18109
2347	53	59	12	18149	0	18273
2348	18340	16	15	288	0	18659
2349	231	13	13	19623	0	19880
2350	91	17	15	23544	0	23667
2351	57	22	24206	529	0	24814
2352	50	34	23850	173	0	24107
2353	97	11	607	23640	0	24355
2354	39	22	24093	540	0	24694
2355	36	18	23661	202	0	23917
2356	22734	9	682	216	0	23641
2357	540	22	24175	93	0	24830
2358	164	23478	655	486	0	24783
2359	212	485	222	24066	0	24985
2360	24594	137	165	601	0	25497
2361	25160	118	107	247	0	25632
2362	25019	38	96	230	0	25383
2363	781	24587	88	113	0	25569
2364	382	537	97	24556	0	25572
2365	259	172	88	25073	0	25592
2366	23744	140	98	822	0	24804
2367	24821	60	92	376	0	25349
2368	24977	58	81	282	0	25398
2369	860	44	24547	160	0	25611
2370	388	24126	617	149	0	25280
2371	256	26867	272	153	0	27548
2372	256	822	220	25947	0	27245
2373	238	370	111	27206	0	27925
2374	157	235	26944	1010	0	28346
2375	26497	136	787	566	0	27986
2376	27676	83	323	415	0	28497
2377	1095	104	265	27090	0	28554
2378	645	93	129	27594	0	28461
2379	481	61	114	27904	0	28560
2380	27239	67	65	1301	0	28672
2381	976	70	26287	633	0	27966
2382	455	92	26679	493	0	27719
2383	426	94	976	26327	0	27823
2384	205	99	26500	976	0	27780
2385	25837	74	1021	541	0	27473
2386	26443	53	468	455	0	27419
2387	26840	42	371	308	0	27561
2388	1275	25297	249	273	0	27094
2389	25722	708	204	251	0	26885
2390	1218	350	137	25125	0	26830
2391	570	271	147	25479	0	26467
2392	513	119	133	25919	0	26684
2393	269	131	24665	1372	0	26437
2394	343	114	869	24355	0	25681
2395	250	24370	419	1229	0	26268
2396	23654	718	378	655	0	25405
2397	847	24194	229	610	0	25880
2398	458	931	23825	370	0	25584
2399	469	23748	838	322	0	25377
2400	22768	1003	475	304	0	24550
2401	902	22972	406	278	0	24558
2402	521	993	273	21035	0	22822
2403	414	22773	271	817	0	24275
2404	22697	975	220	507	0	24399
2405	23255	432	227	433	0	24347
2406	22185	388	205	358	0	23136
2407	1291	270	22327	280	0	24168
2408	741	245	22138	252	0	23376
2409	576	233	21999	269	0	23077
2410	21608	213	1216	296	0	23333
2411	1015	253	661	21217	0	23146
2412	593	182	504	21728	0	23007
2413	504	223	21006	1068	0	22801
2414	375	226	852	21244	0	22697
2415	20036	223	439	1134	0	21832
2416	919	20126	364	683	0	22092
2417	20596	770	292	495	0	22153
2418	1165	425	20156	297	0	22043
2419	20665	368	816	319	0	22168
2420	21249	288	449	263	0	22249
2421	21250	263	401	303	0	22217
2422	1408	226	20167	272	0	22073
2423	855	183	864	20290	0	22192
2424	743	135	20358	853	0	22089
2425	553	142	995	20455	0	22145
2426	473	150	20576	1038	0	22237
2427	418	146	1064	20396	0	22024
2428	373	173	542	21171	0	22259
2429	20470	118	472	1204	0	22264
2430	20729	139	312	789	0	21969
2431	21176	89	315	596	0	22176
2432	1380	111	315	20023	0	21829
2433	821	18296	320	945	0	20382
2434	663	19825	246	623	0	21357
2435	19793	872	243	549	0	21457
2436	1046	515	19411	362	0	21334
2437	19730	346	799	389	0	21264
2438	1165	221	19400	291	0	21077
2439	19901	224	950	312	0	21387
2440	19020	170	519	348	0	20057
2441	1206	147	19690	316	0	21359
2442	20158	105	843	394	0	21500
2443	20456	141	531	312	0	21440
2444	20493	122	426	306	0	21347
2445	1399	19539	310	305	0	21553
2446	893	957	343	19215	0	21408
2447	687	378	19250	858	0	21173
2448	560	336	19470	484	0	20850
2449	482	17729	904	422	0	19537
2450	269	14214	455	203	0	15141
2451	476	381	436	12737	0	14030
2452	12403	238	237	374	0	13252
2453	409	12629	145	257	0	13440
2454	353	381	118	12495	0	13347
2455	312	12663	127	367	0	13469
2456	12686	388	85	275	0	13434
2457	454	273	101	12438	0	13266
2458	311	208	12221	361	0	13101
2459	281	11855	308	252	0	12696
2460	195	11956	235	222	0	12608
2461	231	381	191	11152	0	11955
2462	194	11712	150	279	0	12335
2463	181	394	140	11620	0	12335
2464	11661	277	100	383	0	12421
2465	11781	220	96	270	0	12367
2466	12217	138	89	221	0	12665
2467	12376	152	106	139	0	12773
2468	580	103	12017	154	0	12854
2469	414	11644	268	112	0	12438
2470	322	11638	177	121	0	12258
2471	132	10056	61	44	0	10293
2472	94	9809	53	37	0	9993
2473	9507	155	171	60	0	9893
2474	9386	29	38	38	0	9491
2475	9600	21	15	32	0	9668
2476	9626	18	19	23	0	9686
2477	113	26	9526	12	0	9677
2478	10014	19	81	31	0	10145
2479	10260	15	33	21	0	10329
2480	10375	12	17	27	0	10431
2481	130	13	10	10263	0	10416
2482	62	10	14	10308	0	10394
2483	10458	13	15	110	0	10596
2484	100	15	14	10331	0	10460
2485	44	10239	13	102	0	10398
2486	32	82	15	10501	0	10630
2487	31	35	10	10505	0	10581
2488	31	10557	14	104	0	10706
2489	31	81	8	10691	0	10811
2490	41	36	6	10723	0	10806
2491	10588	18	13	129	0	10748
2492	102	29	10236	40	0	10407
2493	10172	20	78	39	0	10309
2494	98	20	10320	18	0	10456
2495	49	28	9991	19	0	10087
2496	44	16	10207	19	0	10286
2497	10235	18	111	25	0	10389
2498	114	13	10766	11	0	10904
2499	10688	21	94	15	0	10818
2500	10919	9	34	30	0	10992
2501	10988	10	17	29	0	11044
2502	111	10919	16	14	0	11060
2503	11032	77	13	30	0	11152
2504	94	11138	12	24	0	11268
2505	57	75	12	11352	0	11496
2506	34	27	9	11368	0	11438
2507	23	11224	10	99	0	11356
2508	29	11285	9	37	0	11360
2509	18	11562	11	26	0	11617
2510	11509	97	8	40	0	11654
2511	85	11703	9	24	0	11821
2512	11819	81	9	31	0	11940
2513	96	38	11609	19	0	11762
2514	11632	21	77	24	0	11754
2515	11955	13	32	25	0	12025
2516	116	22	11633	19	0	11790
2517	59	11	83	11635	0	11788
2518	29	12	11785	78	0	11904
2519	32	14	87	11688	0	11821
2520	31	6	31	11789	0	11857
2521	11863	10	23	116	0	12012
2522	11849	10	10	51	0	11920
2523	108	11719	16	29	0	11872
2524	12015	76	14	31	0	12136
2525	96	41	12007	10	0	12154
2526	12022	13	85	29	0	12149
2527	104	20	12563	19	0	12706
2528	54	23	12459	17	0	12553
2529	12921	11	117	29	0	13078
2530	13215	15	45	25	0	13300
2531	150	26	13301	10	0	13487
2532	70	18	116	12841	0	13045
2533	36	17	45	13376	0	13474
2534	25	27	13179	137	0	13368
2535	50	12	108	12970	0	13140
2536	41	12533	53	121	0	12748
2537	44	100	18	13511	0	13673
2538	43	41	18	13425	0	13527
2539	44	21	13111	139	0	13315
2540	12275	13	112	78	0	12478
2541	13021	12	49	44	0	13126
2542	12914	16	20	64	0	13014
2543	12846	11	14	44	0	12915
2544	165	12652	26	24	0	12867
2545	79	102	20	12394	0	12595
2546	60	39	12310	111	0	12520
2547	61	19	12140	53	0	12273
2548	54	31	142	11953	0	12180
2549	48	17	12236	117	0	12418
2550	11846	18	107	72	0	12043
2551	118	16	40	12231	0	12405
2552	54	11	32	12289	0	12386
2553	29	10	27	12256	0	12322
2554	12031	11	26	177	0	12245
2555	111	11981	26	69	0	12187
2556	12045	91	25	54	0	12215
2557	12042	33	20	52	0	12147
2558	149	11722	21	33	0	11925
2559	65	11912	30	26	0	12033
2560	12055	120	32	41	0	12248
2561	126	46	36	12039	0	12247
2562	69	15	39	11945	0	12068
2563	12348	13	29	138	0	12528
2564	145	15	12145	43	0	12348
2565	12050	18	117	47	0	12232
2566	12279	17	48	36	0	12380
2567	180	12506	21	43	0	12750
2568	13031	104	19	37	0	13191
2569	13011	53	20	62	0	13146
2570	203	14078	23	30	0	14334
2571	68	14515	16	26	0	14625
2572	98	228	24	14140	0	14490
2573	14385	96	11	191	0	14683
2574	187	14747	14	97	0	15045
2575	114	203	6	15014	0	15337
2576	15178	83	6	235	0	15502
2577	227	45	14965	90	0	15327
2578	127	24	193	14824	0	15168
2579	58	25	14962	224	0	15269
2580	14558	31	232	107	0	14928
2581	15122	13	97	68	0	15300
2582	314	23	14987	33	0	15357
2583	126	14746	236	34	0	15142
2584	90	209	93	14949	0	15341
2585	49	98	15019	222	0	15388
2586	58	38	236	14967	0	15299
2587	81	24	103	15342	0	15550
2588	45	22	15118	332	0	15517
2589	14708	28	258	150	0	15144
2590	15269	20	107	97	0	15493
2591	337	25	15206	47	0	15615
2592	135	15202	258	55	0	15650
2593	85	244	117	14849	0	15295
2594	49	14928	73	246	0	15296
2595	46	15290	48	118	0	15502
2596	15158	316	45	92	0	15611
2597	289	125	49	15205	0	15668
2598	142	63	36	15134	0	15375
2599	68	40	15044	350	0	15502
2600	55	45	14922	149	0	15171
2601	77	42	336	14813	0	15268
2602	80	34	127	15137	0	15378
2603	51	50	14899	374	0	15374
2604	54	47	14900	172	0	15173
2605	69	50	375	14782	0	15276
2606	14847	44	151	344	0	15386
2607	279	14998	85	172	0	15534
2608	14964	299	72	120	0	15455
2609	333	14926	62	71	0	15392
2610	142	15246	56	77	0	15521
2611	14902	360	58	89	0	15409
2612	333	148	14983	60	0	15524
2613	155	86	305	14978	0	15524
2614	120	53	140	15326	0	15639
2615	94	60	75	16254	0	16483
2616	73	76	16143	456	0	16748
2617	82	57	356	16298	0	16793
2618	16536	52	155	421	0	17164
2619	382	53	86	16937	0	17458
2620	184	36	80	17610	0	17910
2621	17455	46	60	548	0	18109
2622	17469	28	65	276	0	17838
2623	483	17226	72	165	0	17946
2624	211	379	17324	98	0	18012
2625	138	125	17121	109	0	17493
2626	102	80	17158	103	0	17443
2627	97	16369	507	102	0	17075
2628	153	370	233	15837	0	16593
2629	100	127	110	16318	0	16655
2630	16047	97	87	481	0	16712
2631	401	65	77	15930	0	16473
2632	161	55	15814	446	0	16476
2633	105	53	399	15893	0	16450
2634	96	51	172	16125	0	16444
2635	71	49	15747	536	0	16403
2636	88	15595	401	260	0	16344
2637	115	356	160	14745	0	15376
2638	84	15522	143	387	0	16136
2639	71	399	15557	198	0	16225
2640	15421	153	410	178	0	16162
2641	15745	107	192	116	0	16160
2642	15882	92	120	126	0	16220
2643	521	71	87	15409	0	16088
2644	210	15502	88	416	0	16216
2645	15422	384	89	223	0	16118
2646	15792	146	92	151	0	16181
2647	15677	92	98	149	0	16016
2648	531	63	15199	144	0	15937
2649	14904	47	391	148	0	15490
2650	444	15058	169	123	0	15794
2651	14902	360	121	134	0	15517
2652	427	15123	81	126	0	15757
2653	15242	401	77	114	0	15834
2654	475	166	15184	106	0	15931
2655	15220	113	419	110	0	15862
2656	15655	82	151	88	0	15976
2657	13660	91	124	167	0	14042
2658	15730	95	86	87	0	15998
2659	571	92	15149	90	0	15902
2660	274	72	377	15118	0	15841
2661	15093	58	156	406	0	15713
2662	459	14943	119	183	0	15704
2663	240	354	96	14738	0	15428
2664	167	135	14508	414	0	15224
2665	178	210	389	14468	0	15245
2666	143	71	14543	444	0	15201
2667	134	13909	412	209	0	14664
2668	117	13281	169	146	0	13713
2669	131	13387	102	132	0	13752
2670	183	471	122	11737	0	12513
2671	140	110	59	11721	0	12030
2672	107	63	11392	314	0	11876
2673	81	10946	261	116	0	11404
2674	10327	226	66	86	0	10705
2675	236	9906	75	85	0	10302
2676	81	10035	45	60	0	10221
2677	191	244	75	9618	0	10128
2678	9544	86	54	232	0	9916
2679	9696	51	52	110	0	9909
2680	239	46	55	9574	0	9914
2681	9486	46	32	222	0	9786
2682	227	56	34	9436	0	9753
2683	83	60	9279	236	0	9658
2684	9308	47	194	106	0	9655
2685	235	41	68	9335	0	9679
2686	73	39	9049	210	0	9371
2687	74	59	8917	79	0	9129
2688	76	46	210	8982	0	9314
2689	9177	43	90	198	0	9508
2690	9220	50	52	81	0	9403
2691	228	9155	41	72	0	9496
2692	9428	186	41	69	0	9724
2693	9530	58	34	58	0	9680
2694	9607	38	31	77	0	9753
2695	253	9572	44	52	0	9921
2696	9693	169	29	69	0	9960
2697	9900	53	29	51	0	10033
2698	255	47	33	9704	0	10039
2699	9404	36	34	188	0	9662
2700	221	9255	42	67	0	9585
2701	86	9523	34	52	0	9695
2702	95	185	33	9511	0	9824
2703	86	79	24	9592	0	9781
2704	84	9618	28	174	0	9904
2705	9567	149	28	76	0	9820
2706	195	9356	26	41	0	9618
2707	9251	159	18	33	0	9461
2708	201	9372	19	22	0	9614
2709	89	153	13	9205	0	9460
2710	77	9572	20	128	0	9797
2711	9589	165	98	71	0	9923
2712	9512	52	42	57	0	9663
2713	9435	57	39	36	0	9567
2714	180	42	8966	48	0	9236
2715	73	33	8317	28	0	8451
2716	46	8245	95	29	0	8415
2717	50	101	7997	26	0	8174
2718	30	43	7634	23	0	7730
2719	53	142	87	6832	0	7114
2720	16	9	7081	54	0	7160
2721	6	7033	48	16	0	7103
2722	7009	50	12	13	0	7084
2723	52	6911	6	4	0	6973
2724	20	7005	11	5	0	7041
2725	7123	58	11	17	0	7209
2726	7237	16	4	16	0	7273
2727	52	7312	8	10	0	7382
2728	7427	46	9	14	0	7496
2729	7425	18	2	12	0	7457
2730	7440	8	6	14	0	7468
2731	62	11	7190	6	0	7269
2732	24	12	7047	12	0	7095
2733	17	9	52	7264	0	7342
2734	28	17	7	7285	0	7337
2735	7497	8	6	53	0	7564
2736	49	7313	13	12	0	7387
2737	17	58	11	7551	0	7637
2738	13	11	12	7626	0	7662
2739	16	9	7	7671	0	7703
2740	18	11	5	7672	0	7706
2741	19	7	7696	66	0	7788
2742	18	14	7621	14	0	7667
2743	18	6	64	7873	0	7961
2744	12	4	8052	61	0	8129
2745	7910	10	68	27	0	8015
2746	73	9	17	8186	0	8285
2747	26	8	8218	73	0	8325
2748	7719	9	72	41	0	7841
2749	73	8115	24	18	0	8230
2750	8129	61	11	21	0	8222
2751	71	8355	8	13	0	8447
2752	31	66	12	8263	0	8372
2753	17	17	8322	69	0	8425
2754	21	16	71	7986	0	8094
2755	16	15	8006	73	0	8110
2756	7920	12	67	33	0	8032
2757	86	7	20	8189	0	8302
2758	8241	6	9	82	0	8338
2759	75	8	8194	28	0	8305
2760	8416	9	67	22	0	8514
2761	9086	8	21	21	0	9136
2762	105	8	9166	13	0	9292
2763	37	7	82	9127	0	9253
2764	11	5	9321	87	0	9424
2765	13	9243	90	19	0	9365
2766	9208	97	41	43	0	9389
2767	9219	22	18	22	0	9281
2768	104	6	9227	16	0	9353
2769	33	10	9082	12	0	9137
2770	34	20	93	9090	0	9237
2771	33	13	28	9305	0	9379
2772	9384	8	11	101	0	9504
2773	95	9367	17	24	0	9503
2774	9608	77	24	24	0	9733
2775	9634	16	24	32	0	9706
2776	101	5	9359	28	0	9493
2777	9140	7	92	29	0	9268
2778	101	11	9512	15	0	9639
2779	61	9	81	9557	0	9708
2780	41	11	9928	78	0	10058
2781	33	4	98	9805	0	9940
2782	33	9	9965	89	0	10096
2783	9710	10	96	40	0	9856
2784	9980	3	30	24	0	10037
2785	104	10	23	9874	0	10011
2786	10082	10	20	114	0	10226
2787	97	8	27	10211	0	10343
2788	38	10292	25	99	0	10454
2789	10293	73	23	50	0	10439
2790	93	10240	17	27	0	10377
2791	50	80	18	10323	0	10471
2792	33	19	8	10159	0	10219
2793	26	15	21	10035	0	10097
2794	39	15	13	9893	0	9960
2795	22	27	9645	98	0	9792
2796	8934	8	76	53	0	9071
2797	9477	16	27	35	0	9555
2798	94	9468	24	38	0	9624
2799	35	62	18	9594	0	9709
2800	20	15	23	9645	0	9703
2801	27	12	9399	98	0	9536
2802	9110	9	90	37	0	9246
2803	97	19	25	9369	0	9510
2804	40	11	9237	99	0	9387
2805	9270	10	82	61	0	9423
2806	9489	11	33	52	0	9585
2807	9532	10	12	47	0	9601
2808	111	10	9272	22	0	9415
2809	44	15	8849	22	0	8930
2810	8856	8	88	31	0	8983
2811	88	11	37	9057	0	9193
2812	40	3	28	9243	0	9314
2813	33	4	9153	86	0	9276
2814	8970	5	81	38	0	9094
2815	97	5	34	9336	0	9472
2816	9648	0	19	114	0	9781
2817	9780	8	23	49	0	9860
2818	9800	7	13	42	0	9862
2819	117	6	10032	26	0	10181
2820	43	7	96	10061	0	10207
2821	10200	4	32	114	0	10350
2822	113	10433	18	42	0	10606
2823	59	95	13	10685	0	10852
2824	47	19	17	10768	0	10851
2825	10602	9	13	145	0	10769
2826	10544	7	26	52	0	10629
2827	150	14	13	10414	0	10591
2828	50	12	10312	128	0	10502
2829	10209	12	104	63	0	10388
2830	132	10	10572	30	0	10744
2831	10669	8	112	42	0	10831
2832	10941	4	36	42	0	11023
2833	163	6	10824	26	0	11019
2834	77	24	124	10957	0	11182
2835	42	13	11503	130	0	11688
2836	44	12029	141	50	0	12264
2837	54	170	52	11741	0	12017
2838	43	12244	35	150	0	12472
2839	40	180	19	12488	0	12727
2840	26	38	12742	196	0	13002
2841	32	12703	211	62	0	13008
2842	29	13170	47	33	0	13279
2843	78	286	33	13151	0	13548
2844	13189	46	25	238	0	13498
2845	228	24	16	14320	0	14588
2846	14603	14	19	287	0	14923
2847	255	14849	22	78	0	15204
2848	16251	263	14	60	0	16588
2849	326	69	16830	37	0	17262
2850	139	30	303	16609	0	17081
2851	102	26	69	16719	0	16916
2852	50	29	16618	378	0	17075
2853	16107	27	310	135	0	16579
2854	16688	36	79	82	0	16885
2855	390	16412	47	41	0	16890
2856	153	357	39	15665	0	16214
2857	76	16390	37	283	0	16786
2858	63	318	16306	106	0	16793
2859	73	91	16430	76	0	16670
2860	115	201	393	15746	0	16455
2861	15629	35	106	343	0	16113
2862	321	15376	69	105	0	15871
2863	15504	317	39	69	0	15929
2864	343	96	15154	65	0	15658
2865	15338	65	316	70	0	15789
2866	15795	44	105	86	0	16030
2867	420	43	15528	47	0	16038
2868	152	57	329	15394	0	15932
2869	15634	43	99	351	0	16127
2870	15713	49	68	104	0	15934
2871	15805	42	57	78	0	15982
2872	451	38	55	15416	0	15960
2873	174	33	15220	323	0	15750
2874	15132	23	328	113	0	15596
2875	409	33	15431	68	0	15941
2876	196	46	335	15280	0	15857
2877	149	27	116	15370	0	15662
2878	119	15396	80	400	0	15995
2879	111	305	15294	127	0	15837
2880	105	14743	366	86	0	15300
2881	92	15250	124	92	0	15558
2882	114	366	86	15100	0	15666
2883	77	115	15036	383	0	15611
2884	120	70	342	15031	0	15563
2885	76	65	15122	399	0	15662
2886	101	68	369	14933	0	15471
2887	83	73	135	15015	0	15306
2888	74	75	14428	437	0	15014
2889	82	71	387	14374	0	14914
2890	86	63	14537	441	0	15127
2891	73	71	14492	169	0	14805
2892	85	14356	435	137	0	15013
2893	14492	353	162	137	0	15144
2894	383	114	14446	111	0	15054
2895	14244	83	397	129	0	14853
2896	415	53	176	14606	0	15250
2897	139	69	14462	432	0	15102
2898	94	14383	424	182	0	15083
2899	117	354	173	14514	0	15158
2900	98	122	14527	410	0	15157
2901	138	80	418	13945	0	14581
2902	97	14384	167	371	0	15019
2903	14561	342	120	170	0	15193
2904	413	120	134	14581	0	15248
2905	14315	100	111	425	0	14951
2906	14596	74	124	184	0	14978
2907	14634	73	121	161	0	14989
2908	14771	74	100	156	0	15101
2909	14587	78	98	128	0	14891
2910	473	14084	101	151	0	14809
2911	229	333	107	14247	0	14916
2912	187	119	92	14442	0	14840
2913	193	86	99	14385	0	14763
2914	175	81	13859	486	0	14601
2915	158	13722	370	226	0	14476
2916	13949	341	166	141	0	14597
2917	14066	111	130	161	0	14468
2918	491	13607	116	160	0	14374
2919	183	13814	121	163	0	14281
2920	13586	423	124	165	0	14298
2921	463	159	13270	114	0	14006
2922	199	159	408	12876	0	13642
2923	12885	121	193	418	0	13617
2924	457	98	117	12606	0	13278
2925	148	12625	138	418	0	13329
2926	163	361	115	12843	0	13482
2927	127	140	12793	444	0	13504
2928	12548	101	404	187	0	13240
2929	13119	93	154	163	0	13529
2930	515	80	125	12594	0	13314
2931	231	82	112	12809	0	13234
2932	12245	88	88	475	0	12896
2933	460	12079	112	182	0	12833
2934	205	315	96	12022	0	12638
2935	188	110	93	12007	0	12398
2936	11058	57	74	418	0	11607
2937	376	11056	85	194	0	11711
2938	10910	277	73	161	0	11421
2939	368	10589	36	165	0	11158
2940	160	10759	75	110	0	11104
2941	10473	303	66	136	0	10978
2942	321	10502	78	114	0	11015
2943	161	521	146	9978	0	10806
2944	104	110	10033	325	0	10572
2945	99	73	8748	106	0	9026
2946	60	61	8495	74	0	8690
2947	63	8245	268	60	0	8636
2948	6798	200	261	33	0	7292
2949	147	42	44	6403	0	6636
2950	48	26	17	6530	0	6621
2951	30	21	6370	158	0	6579
2952	6336	14	133	63	0	6546
2953	151	15	37	6542	0	6745
2954	52	11	25	6647	0	6735
2955	35	12	21	6647	0	6715
2956	6409	14	9	192	0	6624
2957	147	8	6290	69	0	6514
2958	6310	11	126	56	0	6503
2959	164	10	32	6358	0	6564
2960	61	6	6307	149	0	6523
2961	6221	20	137	57	0	6435
2962	164	15	6359	46	0	6584
2963	57	33	161	6267	0	6518
2964	44	18	6379	141	0	6582
2965	40	14	6182	47	0	6283
2966	5900	12	172	45	0	6129
2967	141	11	6000	36	0	6188
2968	56	25	165	5877	0	6123
2969	5908	13	64	147	0	6132
2970	151	10	53	5963	0	6177
2971	42	11	5922	152	0	6127
2972	54	16	5955	62	0	6087
2973	31	5950	163	48	0	6192
2974	40	132	65	5893	0	6130
2975	5712	40	44	150	0	5946
2976	118	5663	39	66	0	5886
2977	5717	122	27	53	0	5919
2978	146	44	32	5616	0	5838
2979	5618	33	23	159	0	5833
2980	149	5539	22	70	0	5780
2981	65	119	28	5559	0	5771
2982	5580	46	19	144	0	5789
2983	151	5583	23	59	0	5816
2984	60	131	27	5627	0	5845
2985	60	46	14	5647	0	5767
2986	5652	37	26	163	0	5878
2987	142	24	24	5685	0	5875
2988	66	15	30	5752	0	5863
2989	41	19	32	5817	0	5909
2990	42	16	5489	201	0	5748
2991	5504	14	143	100	0	5761
2992	159	14	48	6310	0	6531
2993	69	14	6580	200	0	6863
2994	6610	15	198	95	0	6918
2995	204	10	6851	75	0	7140
2996	80	11	213	6736	0	7040
2997	53	6861	91	199	0	7204
2998	52	159	56	7022	0	7289
2999	41	55	7053	233	0	7382
3000	46	40	7244	95	0	7425
3001	40	34	248	7222	0	7544
3002	49	31	7156	240	0	7476
3003	7003	24	227	104	0	7358
3004	214	19	7082	72	0	7387
3005	90	21	222	6928	0	7261
3006	54	23	106	7090	0	7273
3007	59	21	64	7063	0	7207
3008	6861	15	66	284	0	7226
3009	6949	19	58	131	0	7157
3010	7068	20	41	109	0	7238
3011	267	23	38	6910	0	7238
3012	127	25	41	7033	0	7226
3013	89	14	6717	282	0	7102
3014	68	10	6793	140	0	7011
3015	61	6710	224	111	0	7106
3016	81	209	106	6199	0	6595
3017	58	44	68	6095	0	6265
3018	39	6105	55	199	0	6398
3019	6093	140	53	94	0	6380
3020	159	6118	33	84	0	6394
3021	6119	147	40	72	0	6378
3022	181	69	30	6083	0	6363
3023	6162	34	47	177	0	6420
3024	194	31	33	6169	0	6427
3025	80	27	6027	192	0	6326
3026	49	19	163	6179	0	6410
3027	6044	26	71	203	0	6344
3028	171	14	54	6126	0	6365
3029	84	18	46	6135	0	6283
3030	51	24	6003	243	0	6321
3031	42	16	157	6139	0	6354
3032	57	14	63	6094	0	6228
3033	58	5937	34	234	0	6263
3034	47	138	35	6107	0	6327
3035	57	43	29	6201	0	6330
3036	55	21	26	6145	0	6247
3037	41	5743	30	233	0	6047
3038	43	115	24	5674	0	5856
3039	5410	44	32	192	0	5678
3040	124	5234	27	100	0	5485
3041	59	4962	13	74	0	5108
3042	20	4973	18	64	0	5075
3043	34	205	27	4678	0	4944
3044	23	4617	41	131	0	4812
3045	33	4791	43	87	0	4954
3046	4656	127	65	50	0	4898
3047	116	49	4546	60	0	4771
3048	4454	34	110	69	0	4667
3049	106	39	55	4548	0	4748
3050	41	41	4510	149	0	4741
3051	4443	31	139	77	0	4690
3052	110	26	4428	71	0	4635
3053	53	20	4439	69	0	4581
3054	4523	26	156	72	0	4777
3055	139	23	87	4601	0	4850
3056	63	22	4640	157	0	4882
3057	4600	15	148	101	0	4864
3058	4738	20	59	108	0	4925
3059	160	21	4711	99	0	4991
3060	4852	12	127	87	0	5078
3061	4979	12	55	73	0	5119
3062	200	9	4735	75	0	5019
3063	4805	17	122	84	0	5028
3064	4877	16	62	90	0	5045
3065	174	19	4663	71	0	4927
3066	70	28	5069	62	0	5229
3067	57	42	164	5068	0	5331
3068	52	34	5096	183	0	5365
3069	5059	45	144	103	0	5351
3070	158	43	66	5043	0	5310
3071	89	51	43	5129	0	5312
3072	78	52	4909	174	0	5213
3073	89	38	128	4911	0	5166
3074	90	34	4909	174	0	5207
3075	4966	28	129	117	0	5240
3076	5090	23	73	86	0	5272
3077	183	16	4960	102	0	5261
3078	5010	13	139	93	0	5255
3079	5156	17	74	93	0	5340
3080	195	18	5026	102	0	5341
3081	5161	16	148	122	0	5447
3082	5183	13	80	112	0	5388
3083	167	15	5108	109	0	5399
3084	5103	32	143	106	0	5384
3085	153	35	5167	108	0	5463
3086	66	31	130	5199	0	5426
3087	46	26	63	5275	0	5410
3088	62	35	39	5340	0	5476
3089	53	38	5101	215	0	5407
3090	4950	34	111	118	0	5213
3091	154	43	4951	79	0	5227
3092	52	4115	84	58	0	4309
3093	38	3949	47	34	0	4068
3094	3753	60	60	26	0	3899
3095	81	24	26	3612	0	3743
3096	32	3645	17	62	0	3756
3097	3503	42	18	22	0	3585
3098	3515	9	14	20	0	3558
3099	58	3522	9	20	0	3609
3100	17	43	16	3301	0	3377
3101	22	3380	12	49	0	3463
3102	3419	40	11	22	0	3492
3103	3439	14	15	15	0	3483
3104	63	10	12	3353	0	3438
3105	3396	12	13	46	0	3467
3106	62	6	16	3386	0	3470
3107	29	6	3355	53	0	3443
3108	3337	12	49	15	0	3413
3109	67	6	3368	9	0	3450
3110	28	10	45	3362	0	3445
3111	3404	9	16	57	0	3486
3112	60	7	11	3429	0	3507
3113	21	7	3412	58	0	3498
3114	24	9	3374	16	0	3423
3115	19	43	61	3348	0	3471
3116	3345	12	32	62	0	3451
3117	66	3433	11	13	0	3523
3118	31	44	12	3434	0	3521
3119	23	10	3477	55	0	3565
3120	3467	6	57	15	0	3545
3121	3575	6	17	14	0	3612
3122	66	2	3523	12	0	3603
3123	3472	5	54	10	0	3541
3124	64	5	16	3534	0	3619
3125	22	3	3506	46	0	3577
3126	3450	5	46	22	0	3523
3127	53	5	18	3466	0	3542
3128	22	2	16	3428	0	3468
3129	3451	5	15	55	0	3526
3130	50	3327	6	30	0	3413
3131	18	3423	12	17	0	3470
3132	3437	47	15	12	0	3511
3133	3377	14	10	18	0	3419
3134	59	7	3424	4	0	3494
3135	35	3	3404	9	0	3451
3136	26	7	49	3428	0	3510
3137	3506	2	30	50	0	3588
3138	3508	0	20	15	0	3543
3139	3540	2	8	22	0	3572
3140	58	3446	14	16	0	3534
3141	31	3550	7	8	0	3596
3142	19	47	7	3654	0	3727
3143	17	15	10	3646	0	3688
3144	20	10	6	3776	0	3812
3145	15	8	3856	55	0	3934
3146	15	6	3616	19	0	3656
3147	3826	1	59	16	0	3902
3148	3975	3	23	20	0	4021
3149	64	2	21	3928	0	4015
3150	34	5	12	3920	0	3971
3151	27	5	6	4046	0	4084
3152	16	8	3943	65	0	4032
3153	14	14	3918	25	0	3971
3154	14	8	44	3912	0	3978
3155	8	9	3985	53	0	4055
3156	8	3880	46	27	0	3961
3157	7	3985	22	15	0	4029
3158	3958	49	20	15	0	4042
3159	50	3865	9	12	0	3936
3160	26	44	8	3906	0	3984
3161	10	17	5	3935	0	3967
3162	9	4086	7	60	0	4162
3163	10	58	8	4161	0	4237
3164	12	12	4089	62	0	4175
3165	10	4111	53	24	0	4198
3166	8	40	14	3884	0	3946
3167	6	10	3893	40	0	3949
3168	2	3841	38	19	0	3900
3169	8	42	22	3778	0	3850
3170	14	3840	9	35	0	3898
3171	6	44	5	3860	0	3915
3172	9	11	7	3785	0	3812
3173	7	3804	4	47	0	3862
3174	3747	40	2	27	0	3816
3175	3702	14	5	21	0	3742
3176	45	3680	6	13	0	3744
3177	13	3762	3	20	0	3798
3178	16	38	13	3756	0	3823
3179	9	22	3710	33	0	3774
3180	3598	14	34	24	0	3670
3181	3639	5	18	21	0	3683
3182	48	15	3630	5	0	3698
3183	3607	3	35	15	0	3660
3184	3699	12	17	9	0	3737
3185	48	11	3559	9	0	3627
3186	3510	3	30	16	0	3559
3187	45	10	3686	6	0	3747
3188	20	3738	32	12	0	3802
3189	3782	35	19	13	0	3849
3190	3794	18	11	14	0	3837
3191	50	12	3799	5	0	3866
3192	3840	3	35	14	0	3892
3193	3967	12	17	12	0	4008
3194	55	5	3933	10	0	4003
3195	4055	4	36	14	0	4109
3196	4111	6	21	11	0	4149
3197	60	4	4058	10	0	4132
3198	4107	3	42	12	0	4164
3199	44	5	26	4009	0	4084
3200	28	10	5	4045	0	4088
3201	19	13	3986	46	0	4064
3202	17	14	3935	21	0	3987
3203	12	9	49	4027	0	4097
3204	17	12	18	4080	0	4127
3205	4227	4	14	58	0	4303
3206	60	4	4178	21	0	4263
3207	4251	7	47	14	0	4319
3208	60	11	28	4390	0	4489
3209	28	5	4477	58	0	4568
3210	4756	6	50	28	0	4840
3211	61	6	23	4939	0	5029
3212	28	4	4972	64	0	5068
3213	4911	14	68	36	0	5029
3214	71	13	30	5020	0	5134
3215	5114	6	16	63	0	5199
3216	64	10	5331	27	0	5432
3217	40	6	61	5095	0	5202
3218	14	5491	29	63	0	5597
3219	5584	65	10	27	0	5686
3220	5519	19	15	16	0	5569
3221	94	5628	11	13	0	5746
3222	5762	72	12	17	0	5863
3223	5760	22	11	20	0	5813
3224	5750	12	9	15	0	5786
3225	95	5656	16	19	0	5786
3226	36	73	13	5753	0	5875
3227	31	21	5791	72	0	5915
3228	18	8	76	5723	0	5825
3229	30	10	26	5800	0	5866
3230	17	15	5776	94	0	5902
3231	16	7	5665	38	0	5726
3232	28	13	93	5482	0	5616
3233	16	5822	33	66	0	5937
3234	5835	69	13	40	0	5957
3235	5772	33	17	13	0	5835
3236	109	5902	11	14	0	6036
3237	6022	74	11	18	0	6125
3238	6063	27	5	18	0	6113
3239	110	13	6020	9	0	6152
3240	5960	7	80	30	0	6077
3241	89	6210	26	16	0	6341
3242	33	70	6115	15	0	6233
3243	29	23	5933	14	0	5999
3244	17	6021	95	8	0	6141
3245	5966	72	28	20	0	6086
3246	86	16	6044	11	0	6157
3247	36	12	83	6022	0	6153
3248	19	9	6038	69	0	6135
3249	5850	17	69	29	0	5965
3250	89	11	6906	13	0	7019
3251	40	9	6819	12	0	6880
3252	6879	14	83	23	0	6999
3253	85	7067	34	9	0	7195
3254	7250	60	18	19	0	7347
3255	7368	17	14	23	0	7422
3256	91	26	20	7279	0	7416
3257	36	7851	15	56	0	7958
3258	7999	65	16	33	0	8113
3259	80	22	8051	18	0	8171
3260	7931	10	49	23	0	8013
3261	74	8132	27	17	0	8250
3262	8029	58	20	10	0	8117
3263	8007	18	12	14	0	8051
3264	76	8111	8	18	0	8213
3265	30	58	11	8201	0	8300
3266	8304	18	17	59	0	8398
3267	64	8194	11	24	0	8293
3268	32	60	9	8283	0	8384
3269	8448	19	9	73	0	8549
3270	69	13	10	8751	0	8843
3271	33	8	6	8723	0	8770
3272	19	8787	9	89	0	8904
3273	8854	74	8	38	0	8974
3274	8934	21	10	29	0	8994
3275	9098	11	8	22	0	9139
3276	100	9273	8	8	0	9389
3277	9437	75	12	11	0	9535
3278	9491	22	11	20	0	9544
3279	109	7	9	9384	0	9509
3280	30	16	10	9448	0	9504
3281	24	15	9414	86	0	9539
3282	30	7	77	9242	0	9356
3283	41	11	22	9067	0	9141
3284	14	13	9406	90	0	9523
3285	8732	7	75	47	0	8861
3286	92	6	9411	16	0	9525
3287	42	12	9476	17	0	9547
3288	25	10	90	9482	0	9607
3289	28	12	22	9590	0	9652
3290	27	9693	22	82	0	9824
3291	9731	75	12	33	0	9851
3292	9675	26	13	28	0	9742
3293	104	9640	16	10	0	9770
3294	33	10137	10	20	0	10200
3295	29	106	13	10203	0	10351
3296	19	10528	16	90	0	10653
3297	10609	119	11	42	0	10781
3298	10619	34	14	30	0	10697
3299	146	17	10	10543	0	10716
3300	50	17	11	10669	0	10747
3301	10641	9	12	153	0	10815
3302	142	25	10324	33	0	10524
3303	10357	12	124	31	0	10524
3304	146	14	10357	18	0	10535
3305	10294	11	103	20	0	10428
3306	136	19	24	10375	0	10554
3307	45	16	10510	112	0	10683
3308	30	13	10267	25	0	10335
3309	10175	43	156	32	0	10406
3310	10275	7	30	28	0	10340
3311	117	10402	19	10	0	10548
3312	40	96	13	10783	0	10932
3313	20	20	12	11110	0	11162
3314	11029	8	12	149	0	11198
3315	131	10938	6	43	0	11118
3316	10718	111	1	46	0	10876
3317	118	10580	9	12	0	10719
3318	35	10546	6	13	0	10600
3319	10550	129	6	25	0	10710
3320	133	37	10408	8	0	10586
3321	41	25	99	10372	0	10537
3322	33	10	22	10456	0	10521
3323	16	17	10426	129	0	10588
3324	26	15	105	10378	0	10524
3325	83	11	32	9353	0	9479
3326	15	10428	18	133	0	10594
3327	10473	118	18	60	0	10669
3328	129	31	10524	27	0	10711
3329	10232	19	111	29	0	10391
3330	135	10540	29	20	0	10724
3331	44	108	20	10704	0	10876
3332	10979	30	11	149	0	11169
3333	144	17	7	10966	0	11134
3334	43	13	15	11016	0	11087
3335	30	11	10921	152	0	11114
3336	10397	13	118	69	0	10597
3337	10812	14	31	44	0	10901
3338	174	10	10786	16	0	10986
3339	65	11	132	10677	0	10885
3340	40	12	10743	134	0	10929
3341	10521	13	136	63	0	10733
3342	10924	8	40	61	0	11033
3343	160	5	22	10852	0	11039
3344	10845	11	17	161	0	11034
3345	150	13	11338	51	0	11552
3346	71	8	129	11299	0	11507
3347	56	10	46	11379	0	11491
3348	42	13	18	11692	0	11765
3349	22	11	24	11647	0	11704
3350	10657	10	9	190	0	10866
3351	143	14	10475	53	0	10685
3352	57	9	121	10627	0	10814
3353	37	9	10517	144	0	10707
3354	31	13	10306	49	0	10399
3355	33	8	142	10264	0	10447
3356	35	8	43	10432	0	10518
3357	9897	9	35	165	0	10106
3358	143	8	16	9915	0	10082
3359	54	9	17	9963	0	10043
3360	42	6	14	10068	0	10130
3361	10004	6	11	200	0	10221
3362	10093	6	14	87	0	10200
3363	10216	8	13	58	0	10295
3364	10050	4	18	47	0	10119
3365	176	10445	23	33	0	10677
3366	81	144	10	10528	0	10763
3367	40	49	11	10740	0	10840
3368	10939	16	12	232	0	11199
3369	184	11389	17	105	0	11695
3370	82	180	8	12071	0	12341
3371	38	69	12818	227	0	13152
3372	13531	26	248	114	0	13919
3373	324	14296	75	55	0	14750
3374	14990	317	46	58	0	15411
3375	15487	99	19	44	0	15649
3376	516	48	14	15237	0	15815
3377	176	29	15259	394	0	15858
3378	119	9	374	15615	0	16117
3379	15738	26	112	461	0	16337
3380	434	21	42	15781	0	16278
3381	15793	8	33	441	0	16275
3382	443	15548	25	176	0	16192
3383	16259	367	39	99	0	16764
3384	469	117	23	16359	0	16968
3385	218	49	23	17394	0	17684
3386	17442	32	20	562	0	18056
3387	17559	20	9	214	0	17802
3388	17677	38	15	131	0	17861
3389	17683	29	18	92	0	17822
3390	17666	9	22	78	0	17775
3391	645	17	25	17043	0	17730
3392	250	30	16570	443	0	17293
3393	150	16628	335	169	0	17282
3394	16409	378	129	93	0	17009
3395	462	124	15792	69	0	16447
3396	15752	59	361	71	0	16243
3397	464	15729	124	70	0	16387
3398	16120	349	71	74	0	16614
3399	481	139	48	15917	0	16585
3400	255	72	29	16259	0	16615
3401	163	53	16020	493	0	16729
3402	171	25	372	15989	0	16557
3403	122	33	16326	459	0	16940
3404	117	49	16234	201	0	16601
3405	16410	29	480	141	0	17060
3406	17038	32	170	146	0	17386
3407	562	30	16410	85	0	17087
3408	16387	38	398	96	0	16919
3409	16899	31	150	103	0	17183
3410	576	36	16196	85	0	16893
3411	276	16078	380	97	0	16831
3412	316	400	163	16494	0	17373
3413	16941	121	92	430	0	17584
3414	17395	53	78	186	0	17712
3415	17452	48	50	120	0	17670
3416	17500	42	67	114	0	17723
3417	17443	42	77	110	0	17672
3418	627	43	16752	90	0	17512
3419	333	59	17102	82	0	17576
3420	290	91	462	17128	0	17971
3421	17432	57	186	425	0	18100
3422	17793	53	110	207	0	18163
3423	17837	54	109	162	0	18162
3424	17248	37	95	219	0	17599
3425	605	16957	108	164	0	17834
3426	342	17992	87	192	0	18613
3427	18033	410	83	198	0	18724
3428	18339	164	76	188	0	18767
3429	648	18019	87	121	0	18875
3430	18372	391	74	145	0	18982
3431	619	179	18020	151	0	18969
3432	368	93	373	17975	0	18809
3433	315	77	18059	422	0	18873
3434	330	70	17926	207	0	18533
3435	332	48	477	18074	0	18931
3436	336	54	185	18580	0	19155
3437	307	66	18582	485	0	19440
3438	291	49	431	18176	0	18947
3439	275	65	179	18863	0	19382
3440	18735	78	141	554	0	19508
3441	18902	69	143	253	0	19367
3442	685	66	104	18657	0	19512
3443	363	93	18619	448	0	19523
3444	296	18670	401	208	0	19575
3445	18627	386	194	209	0	19416
3446	588	141	19030	166	0	19925
3447	333	18426	461	168	0	19388
3448	244	19427	204	169	0	20044
3449	19628	399	171	175	0	20373
3450	19988	161	171	155	0	20475
3451	656	102	154	19527	0	20439
3452	355	90	20365	432	0	21242
3453	314	61	471	20358	0	21204
3454	306	93	216	20668	0	21283
3455	300	61	152	20983	0	21496
3456	20707	48	158	546	0	21459
3457	573	20047	147	270	0	21037
3458	328	21083	146	189	0	21746
3459	257	455	137	20819	0	21668
3460	273	163	115	21399	0	21950
3461	21105	116	107	601	0	21929
3462	21020	88	112	278	0	21498
3463	21209	69	105	191	0	21574
3464	691	20563	118	177	0	21549
3465	20418	318	120	151	0	21007
3466	587	256	145	20032	0	21020
3467	355	83	19802	426	0	20666
3468	297	77	18490	205	0	19069
3469	18523	57	427	170	0	19177
3470	401	51	18025	120	0	18597
3471	222	46	16851	83	0	17202
3472	15505	26	227	76	0	15834
3473	218	22	15515	35	0	15790
3474	85	14	14991	17	0	15107
3475	105	137	149	14406	0	14797
3476	45	13	15141	87	0	15286
3477	55	25	99	14564	0	14743
3478	62	12	51	14490	0	14615
3479	28	10	15163	101	0	15302
3480	29	15220	101	44	0	15394
3481	15324	76	44	66	0	15510
3482	95	22	15576	32	0	15725
3483	51	19	15225	26	0	15321
3484	13707	22	92	64	0	13885
3485	104	10	14611	7	0	14732
3486	27	14114	87	19	0	14247
3487	50	12908	70	22	0	13050
3488	30	61	22	14619	0	14732
3489	27	25	17	14435	0	14504
3490	14905	17	10	112	0	15044
3491	14778	17	11	53	0	14859
3492	14845	11	10	53	0	14919
3493	98	12	7	14869	0	14986
3494	14984	6	13	97	0	15100
3495	14812	8	12	59	0	14891
3496	98	10	14893	15	0	15016
3497	46	16	14293	21	0	14376
3498	35	14974	80	14	0	15103
3499	30	62	30	15189	0	15311
3500	15243	19	30	79	0	15371
3501	62	14952	31	32	0	15077
3502	34	67	19	15309	0	15429
3503	15138	18	10	117	0	15283
3504	14913	13	18	57	0	15001
3505	82	15012	15	33	0	15142
3506	15039	68	7	58	0	15172
3507	15062	20	16	38	0	15136
3508	106	17	17	14976	0	15116
3509	47	33	15122	69	0	15271
3510	28	14732	81	39	0	14880
3511	16	14872	36	44	0	14968
3512	14374	77	18	38	0	14507
3513	84	39	20	14217	0	14360
3514	17	34	14245	78	0	14374
3515	19	14171	68	26	0	14284
3516	14323	61	25	55	0	14464
3517	14369	18	15	48	0	14450
3518	88	21	14404	8	0	14521
3519	53	11	64	14086	0	14214
3520	37	9	18	14814	0	14878
3521	18	8	15809	92	0	15927
3522	16035	6	118	71	0	16230
3523	19411	8	46	52	0	19517
3524	351	12	32	21970	0	22365
3525	129	22557	30	435	0	23151
3526	133	427	15	23974	0	24549
3527	65	192	23782	585	0	24624
3528	23651	110	473	291	0	24525
3529	572	71	174	24566	0	25383
3530	219	72	24304	600	0	25195
3531	23618	42	540	331	0	24531
3532	628	34	253	24259	0	25174
3533	324	27	169	24537	0	25057
3534	24131	21	122	821	0	25095
3535	630	24135	111	373	0	25249
3536	24202	505	75	292	0	25074
3537	747	195	64	24051	0	25057
3538	24131	144	34	706	0	25015
3539	739	110	23734	327	0	24910
3540	353	23838	528	253	0	24972
3541	351	560	212	24325	0	25448
3542	24433	241	163	713	0	25550
3543	711	24265	122	320	0	25418
3544	379	612	133	24619	0	25743
3545	24735	257	103	756	0	25851
3546	24491	178	96	404	0	25169
3547	960	137	74	23775	0	24946
3548	488	153	23403	784	0	24828
3549	370	127	23317	422	0	24236
3550	23383	93	751	348	0	24575
3551	803	22970	354	298	0	24425
3552	428	23008	238	234	0	23908
3553	22440	727	258	228	0	23653
3554	740	22979	202	194	0	24115
3555	461	724	157	22942	0	24284
3556	382	360	122	23634	0	24498
3557	23223	315	98	895	0	24531
3558	23080	241	87	485	0	23893
3559	23231	216	63	356	0	23866
3560	1060	158	22117	308	0	23643
3561	643	134	586	22384	0	23747
3562	472	123	22309	773	0	23677
3563	412	100	22281	407	0	23200
3564	371	109	22802	332	0	23614
3565	363	119	964	22232	0	23678
3566	283	132	22772	769	0	23956
3567	258	144	23189	385	0	23976
3568	253	138	1024	22853	0	24268
3569	22943	114	560	849	0	24466
3570	810	128	23063	446	0	24447
3571	430	117	886	22691	0	24124
3572	392	97	452	23490	0	24431
3573	328	122	23177	1013	0	24640
3574	359	127	795	23062	0	24343
3575	291	124	23216	1004	0	24635
3576	337	117	860	22794	0	24108
3577	303	115	426	23245	0	24089
3578	261	102	373	23370	0	24106
3579	214	96	314	23363	0	23987
3580	22100	71	334	1271	0	23776
3581	22520	81	297	725	0	23623
3582	972	112	21819	546	0	23449
3583	510	21410	784	491	0	23195
3584	407	606	22105	436	0	23554
3585	355	261	22141	368	0	23125
3586	21583	171	1034	392	0	23180
3587	833	21926	634	331	0	23724
3588	22238	682	481	337	0	23738
3589	893	22394	462	289	0	24038
3590	22506	776	415	322	0	24019
3591	23150	345	388	332	0	24215
3592	1123	266	308	22264	0	23961
3593	611	22408	272	923	0	24214
3594	463	746	243	22850	0	24302
3595	406	339	216	23374	0	24335
3596	382	247	22540	1155	0	24324
3597	325	22576	802	681	0	24384
3598	316	744	433	22984	0	24477
3599	22311	330	353	1098	0	24092
3600	23478	227	310	645	0	24660
3601	23733	195	319	515	0	24762
3602	1126	22964	298	450	0	24838
3603	23711	766	273	397	0	25147
3604	1122	24415	260	333	0	26130
3605	678	871	238	25088	0	26875
3606	535	421	24837	955	0	26748
3607	459	331	862	24947	0	26599
3608	403	24664	455	1035	0	26557
3609	351	879	338	25135	0	26703
3610	319	432	245	25543	0	26539
3611	268	25017	262	1262	0	26809
3612	25193	932	222	730	0	27077
3613	986	470	204	25173	0	26833
3614	504	333	24450	1152	0	26439
3615	413	268	846	24924	0	26451
3616	376	271	384	25780	0	26811
3617	347	224	24920	1372	0	26863
3618	383	234	893	24349	0	25859
3619	318	24551	455	1230	0	26554
3620	426	889	24582	652	0	26549
3621	560	410	23857	506	0	25333
3622	244	22736	1062	400	0	24442
3623	166	20261	442	328	0	21197
3624	112	17576	241	143	0	18072
3625	15799	562	482	170	0	17013
3626	13867	1544	154	104	0	15669
3627	15061	102	58	95	0	15316
3628	469	114	48	14742	0	15373
3629	142	66	14512	412	0	15132
3630	102	61	359	14483	0	15005
3631	87	46	123	14787	0	15043
3632	14461	61	62	488	0	15072
3633	14594	51	76	211	0	14932
3634	434	14445	60	135	0	15074
3635	14432	345	52	118	0	14947
3636	14655	112	48	117	0	14932
3637	14863	54	53	117	0	15087
3638	473	60	14316	85	0	14934
3639	161	56	14349	83	0	14649
3640	120	97	396	14039	0	14652
3641	86	53	14005	362	0	14506
3642	13586	44	329	149	0	14108
3643	13967	43	121	75	0	14206
3644	416	44	13342	60	0	13862
3645	13141	29	293	65	0	13528
3646	343	13220	103	63	0	13729
3647	13341	289	66	57	0	13753
3648	351	106	37	13136	0	13630
3649	155	46	47	12976	0	13224
3650	92	13068	35	363	0	13558
3651	13060	292	32	146	0	13530
3652	13198	110	41	78	0	13427
3653	390	12996	40	63	0	13489
3654	166	302	28	12741	0	13237
3655	105	133	31	12800	0	13069
3656	82	12621	36	381	0	13120
3657	100	296	41	12682	0	13119
3658	85	129	37	12940	0	13191
3659	12624	70	28	420	0	13142
3660	12726	54	40	170	0	12990
3661	404	51	12432	102	0	12989
3662	12378	56	293	95	0	12822
3663	343	53	12390	88	0	12874
3664	158	72	303	12181	0	12714
3665	88	60	12171	325	0	12644
3666	87	11970	292	149	0	12498
3667	120	291	120	11644	0	12175
3668	97	99	73	11831	0	12100
3669	11532	57	38	356	0	11983
3670	292	59	44	11433	0	11828
3671	137	47	11079	316	0	11579
3672	11094	51	252	167	0	11564
3673	11419	51	91	103	0	11664
3674	11552	49	58	75	0	11734
3675	11520	39	51	86	0	11696
3676	396	33	44	11802	0	12275
3677	164	53	32	12305	0	12554
3678	119	35	40	12846	0	13040
3679	97	32	49	13034	0	13212
3680	12606	35	40	467	0	13148
3681	12712	28	43	186	0	12969
3682	447	33	44	11956	0	12480
3683	185	12072	49	345	0	12651
3684	12162	294	48	155	0	12659
3685	379	119	11985	103	0	12586
3686	172	12054	315	94	0	12635
3687	11541	306	116	88	0	12051
3688	351	11542	48	84	0	12025
3689	142	301	11394	63	0	11900
3690	11431	102	294	69	0	11896
3691	11600	56	98	62	0	11816
3692	434	45	11258	53	0	11790
3693	200	34	298	11394	0	11926
3694	138	29	97	11518	0	11782
3695	110	11365	62	393	0	11930
3696	94	302	41	11395	0	11832
3697	11067	105	35	370	0	11577
3698	341	11105	35	172	0	11653
3699	153	274	33	10732	0	11192
3700	119	104	26	10864	0	11113
3701	80	53	10374	374	0	10881
3702	66	10337	270	152	0	10825
3703	9545	286	93	110	0	10034
3704	239	8406	41	48	0	8734
3705	81	8087	13	26	0	8207
3706	7835	211	131	40	0	8217
3707	226	64	19	7637	0	7946
3708	76	31	14	7798	0	7919
3709	7660	32	17	239	0	7948
3710	215	23	13	7726	0	7977
3711	81	14	12	7884	0	7991
3712	7920	23	12	254	0	8209
3713	228	30	5	7811	0	8074
3714	71	7762	12	223	0	8068
3715	7807	181	11	88	0	8087
3716	216	63	7490	56	0	7825
3717	70	7257	174	54	0	7555
3718	51	219	41	7059	0	7370
3719	38	56	6923	192	0	7209
3720	27	31	6933	73	0	7064
3721	72	262	186	6341	0	6861
3722	6316	14	70	184	0	6584
3723	151	20	29	6265	0	6465
3724	59	13	17	6356	0	6445
3725	45	11	16	6378	0	6450
3726	25	20	15	6404	0	6464
3727	29	14	16	6436	0	6495
3728	27	21	6093	237	0	6378
3729	25	20	6040	72	0	6157
3730	34	14	164	6073	0	6285
3731	29	17	6079	167	0	6292
3732	22	6080	149	66	0	6317
3733	27	140	49	6126	0	6342
3734	25	35	5969	176	0	6205
3735	5660	32	144	80	0	5916
3736	146	5811	51	51	0	6059
3737	43	5685	39	53	0	5820
3738	30	5824	18	40	0	5912
3739	28	171	21	5689	0	5909
3740	5673	61	20	160	0	5914
3741	140	30	19	5711	0	5900
3742	5602	25	21	172	0	5820
3743	148	5511	17	61	0	5737
3744	5612	143	13	52	0	5820
3745	145	60	13	5622	0	5840
3746	59	43	13	5653	0	5768
3747	43	5537	9	176	0	5765
3748	32	137	7	5627	0	5803
3749	38	51	15	5715	0	5819
3750	39	35	12	5682	0	5768
3751	5506	26	13	201	0	5746
3752	5322	22	17	93	0	5454
3753	162	21	5427	66	0	5676
3754	5469	26	131	60	0	5686
3755	159	29	5533	45	0	5766
3756	64	19	140	5534	0	5757
3757	43	26	45	5649	0	5763
3758	37	25	30	5700	0	5792
3759	31	19	5478	200	0	5728
3760	32	14	137	5532	0	5715
3761	23	21	5579	179	0	5802
3762	28	17	147	5610	0	5802
3763	5584	20	49	174	0	5827
3764	133	26	5604	83	0	5846
3765	5629	15	138	71	0	5853
3766	158	10	49	5702	0	5919
3767	5685	16	41	173	0	5915
3768	146	5671	28	84	0	5929
3769	52	127	31	5803	0	6013
3770	38	42	5896	170	0	6146
3771	33	45	131	5920	0	6129
3772	34	118	53	5775	0	5980
3773	25	5767	33	175	0	6000
3774	29	117	5691	91	0	5928
3775	37	5614	121	54	0	5826
3776	4923	102	62	47	0	5134
3777	84	4986	20	39	0	5129
3778	4555	67	60	35	0	4717
3779	4566	19	21	23	0	4629
3780	4539	20	13	15	0	4587
3781	84	13	8	4556	0	4661
3782	39	6	4548	65	0	4658
3783	22	11	56	4487	0	4576
3784	16	4547	15	83	0	4661
3785	14	57	18	4571	0	4660
3786	4480	15	9	85	0	4589
3787	62	4515	6	33	0	4616
3788	38	62	9	4376	0	4485
3789	25	36	7	4411	0	4479
3790	4399	13	8	91	0	4511
3791	66	9	4360	38	0	4473
3792	29	4251	62	30	0	4372
3793	30	53	13	4080	0	4176
3794	10	23	4073	50	0	4156
3795	9	13	43	3938	0	4003
3796	17	4001	16	45	0	4079
3797	13	47	22	4134	0	4216
3798	8	17	8	4088	0	4121
3799	10	14	3	4068	0	4095
3800	15	6	4033	60	0	4114
3801	4002	7	44	28	0	4081
3802	45	10	13	4304	0	4372
3803	4694	6	13	61	0	4774
3804	4883	4	11	33	0	4931
3805	4967	6	6	33	0	5012
3806	4923	10	7	20	0	4960
3807	4981	6	4	17	0	5008
3808	84	10	4	4898	0	4996
3809	37	4795	3	75	0	4910
3810	32	58	7	4737	0	4834
3811	18	4713	3	73	0	4807
3812	16	52	2	4480	0	4550
3813	4488	14	4	51	0	4557
3814	51	10	2	4435	0	4498
3815	20	6	4391	52	0	4469
3816	4306	5	39	28	0	4378
3817	46	4384	12	14	0	4456
3818	4420	40	17	18	0	4495
3819	4446	15	3	11	0	4475
3820	4327	9	3	16	0	4355
3821	58	4449	1	10	0	4518
3822	25	37	5	4447	0	4514
3823	25	11	3	4486	0	4525
3824	6	13	4435	53	0	4507
3825	10	4	43	4318	0	4375
3826	23	1	13	4291	0	4328
3827	16	8	11	4400	0	4435
3828	12	4427	4	59	0	4502
3829	4494	39	2	27	0	4562
3830	4408	13	1	24	0	4446
3831	45	18	4503	10	0	4576
3832	25	4521	35	17	0	4598
3833	22	36	9	4587	0	4654
3834	14	14	16	4617	0	4661
3835	12	19	3	4640	0	4674
3836	19	4	3	4689	0	4715
3837	17	3	5	4728	0	4753
3838	8	9	4633	68	0	4718
3839	16	8	4484	30	0	4538
3840	4735	7	44	24	0	4810
3841	4927	7	26	18	0	4978
3842	4955	15	14	15	0	4999
3843	83	4	6	4965	0	5058
3844	37	9	4917	61	0	5024
3845	4908	4	56	31	0	4999
3846	5028	4	17	27	0	5076
3847	65	8	4901	26	0	5000
3848	4903	4	59	17	0	4983
3849	77	5	5201	13	0	5296
3850	34	5	57	5259	0	5355
3851	30	5	5292	55	0	5382
3852	5226	6	61	21	0	5314
3853	5330	2	19	28	0	5379
3854	5345	5	24	10	0	5384
3855	5370	4	13	19	0	5406
3856	82	6	5553	14	0	5655
3857	33	5546	55	14	0	5648
3858	5651	50	12	21	0	5734
3859	5657	17	19	13	0	5706
3860	78	14	5669	14	0	5775
3861	38	8	58	5586	0	5690
3862	32	6	19	5685	0	5742
3863	23	6	5602	65	0	5696
3864	5413	5	58	33	0	5509
3865	5619	7	15	30	0	5671
3866	71	5649	21	20	0	5761
3867	5811	57	10	22	0	5900
3868	5803	11	10	23	0	5847
3869	5848	15	14	19	0	5896
3870	5701	5	15	16	0	5737
3871	91	6	5545	17	0	5659
3872	5544	4	55	23	0	5626
3873	84	31	23	5528	0	5666
3874	35	5626	21	61	0	5743
3875	36	52	5589	19	0	5696
3876	30	5648	56	23	0	5757
3877	42	97	31	5401	0	5571
3878	19	11	5503	47	0	5580
3879	5263	11	52	24	0	5350
3880	68	8	5443	18	0	5537
3881	5364	6	54	15	0	5439
3882	67	4	22	5405	0	5498
3883	34	3	19	5400	0	5456
3884	29	5364	12	58	0	5463
3885	25	5541	13	29	0	5608
3886	23	58	11	5703	0	5795
3887	5643	16	15	65	0	5739
3888	5631	16	15	23	0	5685
3889	5648	5	14	22	0	5689
3890	84	7	5629	11	0	5731
3891	5571	2	51	17	0	5641
3892	71	12	5792	12	0	5887
3893	31	5	5558	16	0	5610
3894	5599	7	71	12	0	5689
3895	5750	4	33	14	0	5801
3896	68	9	5749	7	0	5833
3897	42	11	49	5662	0	5764
3898	27	5	15	5878	0	5925
3899	5878	5	16	64	0	5963
3900	5809	1	14	30	0	5854
3901	69	6	6091	21	0	6187
3902	30	5895	53	6	0	5984
3903	22	5628	7	8	0	5665
3904	5569	39	31	8	0	5647
3905	48	6	18	5534	0	5606
3906	16	6	6	5655	0	5683
3907	17	3	5	5720	0	5745
3908	5642	1	10	43	0	5696
3909	51	3	2	5725	0	5781
3910	5737	2	10	42	0	5791
3911	5903	6	3	15	0	5927
3912	48	6306	11	7	0	6372
3913	26	38	4	6914	0	6982
3914	15	11	7006	57	0	7089
3915	6945	10	59	27	0	7041
3916	7115	9	17	14	0	7155
3917	7197	5	10	17	0	7229
3918	87	2	7308	10	0	7407
3919	36	1	61	7358	0	7456
3920	7507	3	21	70	0	7601
3921	7312	6	9	27	0	7354
3922	7312	3	7	12	0	7334
3923	86	7198	10	19	0	7313
3924	38	7518	10	8	0	7574
3925	21	67	5	7698	0	7791
3926	28	23	6	7656	0	7713
3927	15	7611	10	73	0	7709
3928	7680	59	9	22	0	7770
3929	69	15	7792	16	0	7892
3930	31	10	62	7793	0	7896
3931	22	7	18	7796	0	7843
3932	18	13	7725	77	0	7833
3933	7477	6	65	29	0	7577
3934	7879	8	18	19	0	7924
3935	84	7692	5	22	0	7803
3936	7770	59	14	13	0	7856
3937	82	28	7967	10	0	8087
3938	8125	8	62	33	0	8228
3939	86	11	8269	9	0	8375
3940	8159	12	79	20	0	8270
3941	8349	4	33	14	0	8400
3942	8375	7	10	8	0	8400
3943	8281	6	15	12	0	8314
3944	84	8229	16	12	0	8341
3945	8477	55	6	15	0	8553
3946	8688	16	8	16	0	8728
3947	100	10	8718	6	0	8834
3948	8793	8	71	16	0	8888
3949	91	11	23	8843	0	8968
3950	42	6	8768	67	0	8883
3951	8828	6	73	29	0	8936
3952	93	10	17	8979	0	9099
3953	9190	10	9	90	0	9299
3954	9806	8	14	56	0	9884
3955	104	12	10039	18	0	10173
3956	9998	6	67	36	0	10107
3957	10262	6	30	19	0	10317
3958	10338	2	10	21	0	10371
3959	10445	2	11	28	0	10486
3960	109	5	11	10209	0	10334
3961	48	10194	10	67	0	10319
3962	10053	63	18	52	0	10186
3963	10513	19	5	22	0	10559
3964	10582	10	10	21	0	10623
3965	111	14	10457	12	0	10594
3966	58	10418	70	9	0	10555
3967	45	62	28	10546	0	10681
3968	48	23	12	10636	0	10719
3969	32	10	10895	89	0	11026
3970	38	16	81	10888	0	11023
3971	32	6	11019	96	0	11153
3972	44	7	94	10991	0	11136
3973	39	9	33	11171	0	11252
3974	29	14	11224	125	0	11392
3975	11003	12	96	63	0	11174
3976	11492	10	38	47	0	11587
3977	125	5	11643	29	0	11802
3978	11584	6	89	43	0	11722
3979	11850	6	43	37	0	11936
3980	131	5	12093	17	0	12246
3981	79	17	96	12010	0	12202
3982	49	3	39	12196	0	12287
3983	12249	3	26	123	0	12401
3984	109	12490	30	47	0	12676
3985	11789	80	21	77	0	11967
3986	12543	36	17	28	0	12624
3987	120	12869	15	19	0	13023
3988	13072	79	13	37	0	13201
3989	13088	32	14	22	0	13156
3990	132	12931	21	26	0	13110
3991	73	87	15	13139	0	13314
3992	56	13194	10	86	0	13346
3993	52	93	11	13355	0	13511
3994	33	44	13263	96	0	13436
3995	33	27	13066	55	0	13181
3996	13036	17	112	41	0	13206
3997	13381	13	48	49	0	13491
3998	129	16	13385	22	0	13552
3999	13375	14	100	42	0	13531
4000	13722	9	46	38	0	13815
4001	13385	7	32	35	0	13459
4002	144	13520	31	16	0	13711
4003	94	77	10	13802	0	13983
4004	13787	36	18	104	0	13945
4005	13690	19	19	61	0	13789
4006	143	19	13845	27	0	14034
4007	94	8	86	13683	0	13871
4008	66	15	46	13905	0	14032
4009	46	13834	28	110	0	14018
4010	41	14449	17	58	0	14565
4011	61	206	14	14049	0	14330
4012	32	14238	16	99	0	14385
4013	13854	99	10	54	0	14017
4014	112	14371	9	24	0	14516
4015	14673	123	10	41	0	14847
4016	149	58	14826	10	0	15043
4017	15497	23	138	39	0	15697
4018	16114	15	43	32	0	16204
4019	16096	10	21	26	0	16153
4020	15889	18	14	29	0	15950
4021	270	15702	16	20	0	16008
4022	116	170	14	15980	0	16280
4023	83	65	11	15887	0	16046
4024	41	38	15824	230	0	16133
4025	63	19	162	15611	0	15855
4026	59	16	66	15905	0	16046
4027	15993	16	34	265	0	16308
4028	200	16126	18	111	0	16455
4029	116	179	12	16318	0	16625
4030	82	72	23	16604	0	16781
4031	69	38	10	16823	0	16940
4032	16638	25	19	309	0	16991
4033	231	18	9	16805	0	17063
4034	16877	20	22	286	0	17205
4035	255	20	20	16897	0	17192
4036	128	23	20	17148	0	17319
4037	80	16	16350	300	0	16746
4038	15629	27	202	160	0	16018
4039	235	16301	74	103	0	16713
4040	16755	191	42	89	0	17077
4041	272	82	27	16633	0	17014
4042	142	49	19	16855	0	17065
4043	16943	28	16	337	0	17324
4044	17163	24	20	157	0	17364
4045	337	24	17	17770	0	18148
4046	164	17	17776	290	0	18247
4047	110	24	17654	127	0	17915
4048	79	18618	298	104	0	19099
4049	18924	279	147	107	0	19457
4050	19154	100	67	78	0	19399
4051	395	74	32	19002	0	19503
4052	166	19193	29	321	0	19709
4053	126	298	23	19248	0	19695
4054	101	104	31	18641	0	18877
4055	76	17839	33	399	0	18347
4056	17950	307	20	203	0	18480
4057	362	119	30	17961	0	18472
4058	153	17932	45	348	0	18478
4059	106	18766	39	151	0	19062
4060	18794	363	40	129	0	19326
4061	376	148	18576	88	0	19188
4062	18789	101	311	90	0	19291
4063	413	92	93	18883	0	19481
4064	206	54	58	18934	0	19252
4065	141	18795	46	428	0	19410
4066	142	397	31	18877	0	19447
4067	110	117	18908	430	0	19565
4068	115	18516	307	201	0	19139
4069	90	18931	92	146	0	19259
4070	18569	394	61	131	0	19155
4071	363	18674	41	120	0	19198
4072	157	382	39	18714	0	19292
4073	118	18667	48	381	0	19214
4074	123	371	31	18856	0	19381
4075	112	137	39	19078	0	19366
4076	102	112	18301	499	0	19014
4077	103	78	327	18164	0	18672
4078	84	67	101	18539	0	18791
4079	18091	76	69	517	0	18753
4080	398	74	17883	238	0	18593
4081	198	84	327	18213	0	18822
4082	144	83	18145	468	0	18840
4083	18006	69	368	253	0	18696
4084	396	18323	130	213	0	19062
4085	19209	376	78	202	0	19865
4086	476	146	70	19680	0	20372
4087	233	120	55	19665	0	20073
4088	144	100	19188	585	0	20017
4089	18531	84	371	335	0	19321
4090	447	19472	140	232	0	20291
4091	19488	416	91	194	0	20189
4092	512	180	69	19403	0	20164
4093	231	19518	65	490	0	20304
4094	19577	437	77	266	0	20357
4095	480	19846	62	195	0	20583
4096	226	454	59	19901	0	20640
4097	194	167	64	20197	0	20622
4098	146	142	60	20087	0	20435
4099	128	19399	70	615	0	20212
4100	118	445	62	19752	0	20377
4101	150	203	45	20069	0	20467
4102	19337	154	56	653	0	20200
4103	19640	125	54	294	0	20113
4104	19647	138	52	241	0	20078
4105	619	138	19300	195	0	20252
4106	19473	128	374	208	0	20183
4107	19911	100	121	205	0	20337
4108	19341	133	87	214	0	19775
4109	599	110	18385	194	0	19288
4110	18910	104	348	193	0	19555
4111	566	96	134	19040	0	19836
4112	245	102	18638	480	0	19465
4113	197	18419	390	255	0	19261
4114	188	670	140	17534	0	18532
4115	144	17302	113	414	0	17973
4116	136	17551	89	209	0	17985
4117	16472	339	166	161	0	17138
4118	362	136	60	16315	0	16873
4119	16391	97	58	348	0	16894
4120	374	85	44	16407	0	16910
4121	16355	80	51	371	0	16857
4122	385	74	33	16352	0	16844
4123	16316	77	44	394	0	16831
4124	378	84	15722	161	0	16345
4125	157	92	274	15934	0	16457
4126	127	83	16012	364	0	16586
4127	132	80	15378	165	0	15755
4128	97	72	15793	155	0	16117
4129	99	114	353	15463	0	16029
4130	101	67	15478	350	0	15996
4131	15282	57	296	175	0	15810
4132	313	57	95	15444	0	15909
4133	117	44	16007	356	0	16524
4134	124	49	276	16006	0	16455
4135	99	44	94	16314	0	16551
4136	105	47	16669	368	0	17189
4137	122	32	277	16683	0	17114
4138	119	37	104	16641	0	16901
4139	110	16757	98	359	0	17324
4140	16818	239	82	177	0	17316
4141	16923	59	76	144	0	17202
4142	363	61	16488	112	0	17024
4143	16060	50	257	113	0	16480
4144	331	52	15983	90	0	16456
4145	120	34	15312	84	0	15550
4146	96	33	15209	80	0	15418
4147	161	329	292	14101	0	14883
4148	53	42	14420	223	0	14738
4149	76	42	177	13934	0	14229
4150	59	25	61	14102	0	14247
4151	68	18	50	14041	0	14177
4152	72	23	43	14029	0	14167
4153	13824	23	32	242	0	14121
4154	13942	16	49	116	0	14123
4155	208	14026	48	90	0	14372
4156	95	157	43	14301	0	14596
4157	69	45	14499	194	0	14807
4158	55	14638	199	96	0	14988
4159	64	218	76	15125	0	15483
4160	61	47	15289	260	0	15657
4161	53	40	232	14945	0	15270
4162	45	28	15128	265	0	15466
4163	45	27	15030	93	0	15195
4164	51	35	261	15179	0	15526
4165	47	18	88	15348	0	15501
4166	15257	22	80	315	0	15674
4167	235	20	53	15203	0	15511
4168	15049	17	43	309	0	15418
4169	229	14838	57	134	0	15258
4170	87	15347	40	104	0	15578
4171	78	232	27	15607	0	15944
4172	15626	74	50	264	0	16014
4173	242	15685	48	105	0	16080
4174	104	218	50	16164	0	16536
4175	16533	57	54	285	0	16929
4176	16727	45	58	112	0	16942
4177	16527	26	51	125	0	16729
4178	16507	28	52	95	0	16682
4179	16972	29	32	96	0	17129
4180	323	25	16244	87	0	16679
4181	169	46	16007	59	0	16281
4182	93	16054	226	72	0	16445
4183	100	261	121	16070	0	16552
4184	64	62	16300	224	0	16650
4185	60	64	15635	75	0	15834
4186	67	89	228	15557	0	15941
4187	43	24	16392	222	0	16681
4188	35	33	16346	71	0	16485
4189	42	19538	256	61	0	19897
4190	19618	409	88	63	0	20178
4191	398	21296	60	47	0	21801
4192	119	429	42	21992	0	22582
4193	22352	97	47	465	0	22961
4194	475	22632	54	100	0	23261
4195	136	476	49	22625	0	23286
4196	71	115	22751	464	0	23401
4197	22802	72	457	129	0	23460
4198	23562	54	104	122	0	23842
4199	23878	37	68	104	0	24087
4200	606	37	55	23628	0	24326
4201	172	67	23588	517	0	24344
4202	97	23475	504	136	0	24212
4203	134	456	96	23861	0	24547
4204	23989	105	60	541	0	24695
4205	558	72	23469	120	0	24219
4206	139	22974	486	115	0	23714
4207	113	445	23498	90	0	24146
4208	23292	118	516	89	0	24015
4209	24307	83	147	106	0	24643
4210	24326	60	87	84	0	24557
4211	646	42	23464	55	0	24207
4212	224	23030	498	63	0	23815
4213	162	463	161	23332	0	24118
4214	153	109	92	23818	0	24172
4215	138	75	83	23895	0	24191
4216	110	63	23276	616	0	24065
4217	22853	57	523	232	0	23665
4218	554	56	23470	140	0	24220
4219	23728	74	551	149	0	24502
4220	24378	70	183	134	0	24765
4221	24516	59	110	118	0	24803
4222	24165	78	98	124	0	24465
4223	721	77	23668	89	0	24555
4224	295	65	531	23842	0	24733
4225	222	84	23609	541	0	24456
4226	209	22950	537	179	0	23875
4227	182	24161	166	140	0	24649
4228	23931	598	122	167	0	24818
4229	23743	194	132	158	0	24227
4230	672	24074	114	139	0	24999
4231	24424	594	119	140	0	25277
4232	737	236	21594	159	0	22726
4233	23554	127	447	147	0	24275
4234	723	24139	187	89	0	25138
4235	24728	590	122	128	0	25568
4236	24484	172	125	122	0	24903
4237	853	138	110	23736	0	24837
4238	327	130	150	24237	0	24844
4239	23868	132	146	703	0	24849
4240	731	151	139	23843	0	24864
4241	23911	120	115	708	0	24854
4242	813	116	102	23916	0	24947
4243	23742	97	134	706	0	24679
4244	23857	125	129	269	0	24380
4245	827	22686	171	194	0	23878
4246	389	23659	138	180	0	24366
4247	23192	634	144	180	0	24150
4248	768	23276	123	148	0	24315
4249	340	681	159	23110	0	24290
4250	340	222	137	23528	0	24227
4251	22773	177	161	776	0	23887
4252	728	22660	120	321	0	23829
4253	365	22317	150	288	0	23120
4254	350	22968	179	216	0	23713
4255	340	686	22244	205	0	23475
4256	330	287	22211	170	0	22998
4257	381	211	22321	179	0	23092
4258	390	475	672	20141	0	21678
4259	338	21206	236	519	0	22299
4260	21316	553	167	228	0	22264
4261	676	212	21013	202	0	22103
4262	309	174	20891	225	0	21599
4263	323	175	21423	161	0	22082
4264	339	152	627	21030	0	22148
4265	332	139	269	21437	0	22177
4266	360	148	188	21548	0	22244
4267	21299	151	172	636	0	22258
4268	21336	154	153	239	0	21882
4269	21486	126	161	205	0	21978
4270	785	149	165	20739	0	21838
4271	385	123	20182	545	0	21235
4272	299	181	20643	210	0	21333
4273	321	135	549	20550	0	21555
4274	317	131	211	20562	0	21221
4275	20038	94	166	646	0	20944
4276	679	19684	146	281	0	20790
4277	19845	462	139	234	0	20680
4278	682	19544	154	218	0	20598
4279	401	485	111	19741	0	20738
4280	308	184	19476	605	0	20573
4281	341	178	450	19481	0	20450
4282	19771	148	151	621	0	20691
4283	681	112	19464	274	0	20531
4284	19080	131	493	232	0	19936
4285	697	109	18902	187	0	19895
4286	376	126	18351	174	0	19027
4287	17447	125	521	192	0	18285
4288	618	113	17424	168	0	18323
4289	213	60	14145	82	0	14500
4290	283	13773	396	84	0	14536
4291	12100	300	417	126	0	12943
4292	11563	47	105	59	0	11774
4293	11493	30	42	40	0	11605
4294	130	45	11042	25	0	11242
4295	10811	25	94	43	0	10973
4296	115	11045	33	33	0	11226
4297	10898	96	26	43	0	11063
4298	107	37	10924	30	0	11098
4299	73	113	98	10477	0	10761
4300	38	17	10503	76	0	10634
4301	28	10498	84	32	0	10642
4302	52	70	37	10321	0	10480
4303	40	20	31	10521	0	10612
4304	10703	12	24	95	0	10834
4305	10659	13	17	45	0	10734
4306	10674	8	12	41	0	10735
4307	10739	7	11	28	0	10785
4308	10582	12	11	27	0	10632
4309	118	4	10528	13	0	10663
4310	59	11	75	10464	0	10609
4311	39	9	10941	76	0	11065
4312	32	9	94	10996	0	11131
4313	11202	8	34	109	0	11353
4314	11402	7	22	48	0	11479
4315	11489	10	24	37	0	11560
4316	11543	9	15	25	0	11592
4317	133	17	11714	24	0	11888
4318	63	13	90	11604	0	11770
4319	49	20	11713	90	0	11872
4320	33	11703	109	43	0	11888
4321	25	11733	54	51	0	11863
4322	67	119	28	11650	0	11864
4323	39	44	21	12624	0	12728
4324	46	18	17	12853	0	12934
4325	42	8	26	13531	0	13607
4326	13457	10	23	201	0	13691
4327	146	13340	30	76	0	13592
4328	13196	132	14	51	0	13393
4329	175	48	14	13118	0	13355
4330	83	30	16	12918	0	13047
4331	45	13000	26	179	0	13250
4332	49	138	16	13008	0	13211
4333	12996	48	16	172	0	13232
4334	146	12378	16	77	0	12617
4335	47	12233	11	53	0	12344
4336	12303	148	10	33	0	12494
4337	144	59	7	12347	0	12557
4338	64	12285	6	147	0	12502
4339	64	130	17	12475	0	12686
4340	12522	42	16	171	0	12751
4341	146	39	15	12459	0	12659
4342	66	17	14	12568	0	12665
4343	12516	19	7	202	0	12744
4344	136	13	6	12505	0	12660
4345	74	12481	11	157	0	12723
4346	51	126	5	12472	0	12654
4347	46	12403	10	157	0	12616
4348	43	148	10	12539	0	12740
4349	12457	49	6	185	0	12697
4350	12598	29	16	83	0	12726
4351	181	12	8	12634	0	12835
4352	78	29	12391	144	0	12642
4353	12183	15	125	85	0	12408
4354	159	15	12340	55	0	12569
4355	12364	18	139	49	0	12570
4356	12469	14	47	51	0	12581
4357	198	21	12140	38	0	12397
4358	79	12009	131	46	0	12265
4359	12109	137	60	42	0	12348
4360	12134	46	28	55	0	12263
4361	178	37	12362	22	0	12599
4362	12337	16	140	60	0	12553
4363	12250	12	43	51	0	12356
4364	12316	13	29	40	0	12398
4365	206	8	15	12195	0	12424
4366	87	18	24	12236	0	12365
4367	72	12239	12	169	0	12492
4368	57	124	18	12519	0	12718
4369	57	48	15	12595	0	12715
4370	45	40	12299	185	0	12569
4371	44	26	11806	84	0	11960
4372	11445	27	156	73	0	11701
4373	11932	17	60	56	0	12065
4374	197	11848	36	50	0	12131
4375	93	137	28	12033	0	12291
4376	70	49	12313	170	0	12602
4377	68	37	151	12498	0	12754
4378	66	24	50	12815	0	12955
4379	45	37	33	13198	0	13313
4380	34	13070	19	276	0	13399
4381	46	176	23	13319	0	13564
4382	47	54	21	13559	0	13681
4383	43	45	13281	261	0	13630
4384	56	28	13302	116	0	13502
4385	12933	22	219	93	0	13267
4386	13376	21	80	88	0	13565
4387	250	26	53	13913	0	14242
4388	110	28	28	13772	0	13938
4389	77	23	29	14042	0	14171
4390	45	23	13424	346	0	13838
4391	40	13226	234	146	0	13646
4392	47	242	13313	90	0	13692
4393	13158	69	263	92	0	13582
4394	268	54	13339	68	0	13729
4395	13231	33	283	71	0	13618
4396	13146	26	84	72	0	13328
4397	13456	21	69	65	0	13611
4398	374	23	42	13090	0	13529
4399	129	17	13073	284	0	13503
4400	83	13118	244	122	0	13567
4401	74	242	80	13011	0	13407
4402	71	78	48	13300	0	13497
4403	41	58	13434	332	0	13865
4404	40	13203	293	116	0	13652
4405	13601	272	96	94	0	14063
4406	307	13943	67	56	0	14373
4407	14802	321	47	70	0	15240
4408	433	89	41	14973	0	15536
4409	141	70	15333	374	0	15918
4410	109	15436	364	119	0	16028
4411	15571	373	114	114	0	16172
4412	411	95	15486	64	0	16056
4413	15442	83	404	82	0	16011
4414	15748	39	111	63	0	15961
4415	468	41	15408	66	0	15983
4416	15247	30	398	57	0	15732
4417	15324	36	128	55	0	15543
4418	15071	26	107	54	0	15258
4419	541	14595	51	40	0	15227
4420	14260	349	55	70	0	14734
4421	452	14321	51	67	0	14891
4422	149	386	14340	60	0	14935
4423	127	14176	363	56	0	14722
4424	13459	442	202	68	0	14171
4425	13644	92	86	53	0	13875
4426	13739	88	50	52	0	13929
4427	466	39	62	13314	0	13881
4428	189	45	35	13682	0	13951
4429	13220	23	48	399	0	13690
4430	13637	37	35	126	0	13835
4431	469	27	35	13243	0	13774
4432	177	36	13149	350	0	13712
4433	123	12623	327	105	0	13178
4434	78	13183	76	99	0	13436
4435	109	355	70	12944	0	13478
4436	73	99	12927	339	0	13438
4437	101	132	337	12453	0	13023
4438	67	12586	95	348	0	13096
4439	90	324	82	12681	0	13177
4440	79	91	12550	368	0	13088
4441	102	69	326	12645	0	13142
4442	71	44	13071	401	0	13587
4443	90	55	374	13016	0	13535
4444	74	43	13307	414	0	13838
4445	67	49	13347	109	0	13572
4446	13008	45	393	115	0	13561
4447	13422	51	153	75	0	13701
4448	13500	48	105	67	0	13720
4449	455	13128	73	48	0	13704
4450	204	315	62	13360	0	13941
4451	13065	76	63	369	0	13573
4452	13611	89	51	98	0	13849
4453	13540	49	49	107	0	13745
4454	458	63	13189	77	0	13787
4455	180	12489	344	74	0	13087
4456	145	13425	95	65	0	13730
4457	13204	355	106	73	0	13738
4458	416	115	82	13109	0	13722
4459	13142	102	77	341	0	13662
4460	446	67	12918	88	0	13519
4461	178	68	328	12783	0	13357
4462	195	56	95	13054	0	13400
4463	158	52	84	12781	0	13075
4464	131	12814	67	414	0	13426
4465	12807	331	69	162	0	13369
4466	13013	99	58	105	0	13275
4467	440	12661	58	88	0	13247
4468	222	324	72	12586	0	13204
4469	12688	113	58	358	0	13217
4470	426	92	54	12665	0	13237
4471	12661	68	49	405	0	13183
4472	459	12571	62	127	0	13219
4473	12529	353	43	131	0	13056
4474	457	108	12328	89	0	12982
4475	159	12468	338	86	0	13051
4476	160	337	12193	76	0	12766
4477	194	319	410	11738	0	12661
4478	11625	93	141	328	0	12187
4479	11801	66	87	95	0	12049
4480	11675	40	60	110	0	11885
4481	449	52	55	11254	0	11810
4482	11312	51	55	331	0	11749
4483	435	39	38	11156	0	11668
4484	11167	47	37	366	0	11617
4485	11464	35	46	127	0	11672
4486	393	54	11207	116	0	11770
4487	142	36	10577	70	0	10825
4488	107	47	10556	64	0	10774
4489	78	57	286	10205	0	10626
4490	10286	26	190	243	0	10745
4491	261	32	77	10386	0	10756
4492	95	32	58	10630	0	10815
4493	10952	24	44	311	0	11331
4494	11081	18	45	152	0	11296
4495	11140	11	44	120	0	11315
4496	11205	20	34	81	0	11340
4497	328	20	36	10995	0	11379
4498	10936	21	49	244	0	11250
4499	296	10780	36	73	0	11185
4500	10737	203	39	92	0	11071
4501	10812	47	49	58	0	10966
4502	275	58	10205	47	0	10585
4503	9729	29	195	50	0	10003
4504	260	24	9693	38	0	10015
4505	98	24	9040	39	0	9201
4506	101	35	8977	40	0	9153
4507	97	247	153	7683	0	8180
4508	27	14	7845	87	0	7973
4509	53	49	66	7203	0	7371
4510	23	6	7388	64	0	7481
4511	15	6	7633	20	0	7674
4512	18	12	61	7436	0	7527
4513	21	6	31	7734	0	7792
4514	12	6	7988	57	0	8063
4515	7764	4	45	27	0	7840
4516	58	6	18	7972	0	8054
4517	30	3	9	8063	0	8105
4518	8087	1	13	66	0	8167
4519	59	5	9	8275	0	8348
4520	29	2	8257	67	0	8355
4521	18	4	7831	27	0	7880
4522	18	15	59	7739	0	7831
4523	12	0	7952	54	0	8018
4524	4	8092	63	23	0	8182
4525	24	50	22	8017	0	8113
4526	8104	12	16	66	0	8198
4527	50	10	8100	20	0	8180
4528	8015	4	49	28	0	8096
4529	67	3	13	8393	0	8476
4530	24	2	16	8513	0	8555
4531	21	4	6	8536	0	8567
4532	21	1	5	8510	0	8537
4533	8519	1	4	78	0	8602
4534	52	9030	8	31	0	9121
4535	26	65	8	9229	0	9328
4536	25	20	9	9254	0	9308
4537	12	16	9	9301	0	9338
4538	20	5	6	9286	0	9317
4539	9221	5	8	115	0	9349
4540	65	9127	11	49	0	9252
4541	9081	61	9	36	0	9187
4542	77	8585	9	19	0	8690
4543	22	8672	12	24	0	8730
4544	8453	77	11	25	0	8566
4545	66	38	8610	17	0	8731
4546	41	13	65	8670	0	8789
4547	8874	9	20	83	0	8986
4548	9010	6	18	41	0	9075
4549	8142	31	15	61	0	8249
4550	9086	9	9	30	0	9134
4551	103	9436	5	20	0	9564
4552	9557	89	8	27	0	9681
4553	9816	24	2	30	0	9872
4554	128	10301	3	25	0	10457
4555	53	130	6	10665	0	10854
4556	26	31	10714	147	0	10918
4557	38	11	134	10788	0	10971
4558	10804	12	29	169	0	11014
4559	149	14	11196	40	0	11399
4560	41	11045	154	34	0	11274
4561	29	144	11339	19	0	11531
4562	40	45	155	10859	0	11099
4563	27	11021	42	127	0	11217
4564	11231	150	39	45	0	11465
4565	151	11341	21	36	0	11549
4566	52	158	26	11390	0	11626
4567	31	44	11	11677	0	11763
4568	11525	34	18	192	0	11769
4569	170	22	19	11370	0	11581
4570	43	11381	13	179	0	11616
4571	11525	150	13	73	0	11761
4572	11592	44	13	63	0	11712
4573	187	11647	9	39	0	11882
4574	11618	152	16	57	0	11843
4575	167	11472	10	44	0	11693
4576	11403	164	15	43	0	11625
4577	174	11436	24	33	0	11667
4578	69	193	8	11159	0	11429
4579	69	46	17	11662	0	11794
4580	11561	55	14	196	0	11826
4581	11753	39	12	81	0	11885
4582	204	11623	11	61	0	11899
4583	66	175	11540	39	0	11820
4584	11737	51	142	51	0	11981
4585	206	52	35	11873	0	12166
4586	79	11770	29	168	0	12046
4587	56	171	11	11965	0	12203
4588	11943	47	17	216	0	12223
4589	12048	43	9	74	0	12174
4590	12120	31	13	68	0	12232
4591	233	37	13	11894	0	12177
4592	93	32	11797	189	0	12111
4593	11290	32	152	76	0	11550
4594	11434	35	33	75	0	11577
4595	11683	31	25	60	0	11799
4596	235	11438	16	52	0	11741
4597	108	174	26	11682	0	11990
4598	83	11830	19	190	0	12122
4599	76	206	17	11946	0	12245
4600	78	57	13	12136	0	12284
4601	60	55	12548	237	0	12900
4602	78	37	201	13346	0	13662
4603	67	39	51	13799	0	13956
4604	13716	32	39	333	0	14120
4605	285	13868	29	123	0	14305
4606	13922	278	22	88	0	14310
4607	14655	90	19	63	0	14827
4608	384	68	17	14514	0	14983
4609	150	51	14720	308	0	15229
4610	98	14383	282	99	0	14862
4611	82	14488	61	100	0	14731
4612	14144	329	76	95	0	14644
4613	308	14417	37	78	0	14840
4614	141	331	38	14145	0	14655
4615	102	89	29	14627	0	14847
4616	80	85	14254	364	0	14783
4617	75	55	14196	130	0	14456
4618	69	14213	323	92	0	14697
4619	71	315	110	14183	0	14679
4620	14230	104	59	330	0	14723
4621	330	96	47	14344	0	14817
4622	121	62	14555	343	0	15081
4623	99	74	278	14466	0	14917
4624	14184	51	80	383	0	14698
4625	14323	55	63	144	0	14585
4626	370	14122	48	118	0	14658
4627	14149	311	41	107	0	14608
4628	369	14145	35	73	0	14622
4629	14137	332	32	91	0	14592
4630	394	130	38	13937	0	14499
4631	130	99	13784	330	0	14343
4632	130	66	13603	110	0	13909
4633	93	13948	314	118	0	14473
4634	124	298	118	13438	0	13978
4635	94	94	55	13815	0	14058
4636	13675	73	43	355	0	14146
4637	13848	56	31	131	0	14066
4638	14060	55	26	109	0	14250
4639	402	54	36	13880	0	14372
4640	170	57	38	14170	0	14435
4641	118	52	44	14294	0	14508
4642	93	54	14033	385	0	14565
4643	82	59	13832	154	0	14127
4644	13883	50	321	131	0	14385
4645	13918	47	102	122	0	14189
4646	365	41	13881	79	0	14366
4647	13681	40	299	103	0	14123
4648	13646	42	77	108	0	13873
4649	385	32	13449	91	0	13957
4650	157	13423	298	85	0	13963
4651	149	295	106	13108	0	13658
4652	113	80	13327	292	0	13812
4653	86	13608	286	126	0	14106
4654	127	318	109	12667	0	13221
4655	71	13022	60	270	0	13423
4656	76	244	12869	91	0	13280
4657	84	91	12890	65	0	13130
4658	101	143	301	12854	0	13399
4659	12909	39	121	301	0	13370
4660	296	54	75	12927	0	13352
4661	12832	48	53	324	0	13257
4662	308	47	48	12921	0	13324
4663	117	66	12730	299	0	13212
4664	12543	50	257	157	0	13007
4665	289	48	12731	97	0	13165
4666	12875	40	290	89	0	13294
4667	299	38	126	12690	0	13153
4668	129	12769	84	281	0	13263
4669	104	249	60	12915	0	13328
4670	90	13082	68	300	0	13540
4671	89	263	60	12680	0	13092
4672	88	13122	66	266	0	13542
4673	13000	256	62	153	0	13471
4674	13170	96	52	106	0	13424
4675	13087	57	62	101	0	13307
4676	359	63	12867	77	0	13366
4677	171	58	259	12887	0	13375
4678	126	63	12993	283	0	13465
4679	97	12550	271	134	0	13052
4680	84	13025	104	99	0	13312
4681	12751	305	79	96	0	13231
4682	297	111	12753	71	0	13232
4683	145	12650	284	72	0	13151
4684	100	274	122	12889	0	13385
4685	12841	97	72	309	0	13319
4686	291	12992	85	124	0	13492
4687	13217	286	61	89	0	13653
4688	336	102	13169	75	0	13682
4689	153	73	269	13466	0	13961
4690	115	59	113	13745	0	14032
4691	91	50	70	14117	0	14328
4692	67	13924	63	398	0	14452
4693	117	309	70	13492	0	13988
4694	92	127	14154	351	0	14724
4695	110	62	291	14050	0	14513
4696	86	57	130	14404	0	14677
4697	98	33	80	14148	0	14359
4698	89	13686	70	390	0	14235
4699	99	264	69	13769	0	14201
4700	101	123	64	13731	0	14019
4701	62	12883	44	375	0	13364
4702	12068	210	42	129	0	12449
4703	212	11926	43	70	0	12251
4704	87	11959	20	67	0	12133
4705	80	303	41	11664	0	12088
4706	38	79	11636	210	0	11963
4707	10781	62	188	105	0	11136
4708	178	31	72	11182	0	11463
4709	69	28	10897	200	0	11194
4710	26	10953	164	97	0	11240
4711	48	168	70	11017	0	11303
4712	23	66	11091	191	0	11371
4713	39	43	171	10804	0	11057
4714	39	37	70	10890	0	11036
4715	10642	22	37	238	0	10939
4716	171	10572	38	95	0	10876
4717	10595	164	22	72	0	10853
4718	177	69	10715	56	0	11017
4719	76	10775	163	39	0	11053
4720	43	169	10821	48	0	11081
4721	57	127	190	10852	0	11226
4722	10765	41	77	184	0	11067
4723	166	25	29	10752	0	10972
4724	10827	25	33	180	0	11065
4725	10993	32	19	87	0	11131
4726	222	20	24	11064	0	11330
4727	74	20	11285	207	0	11586
4728	48	31	11591	93	0	11763
4729	41	24	229	11876	0	12170
4730	41	29	81	12158	0	12309
4731	12066	31	31	272	0	12400
4732	215	23	33	12018	0	12289
4733	93	11770	39	219	0	12121
4734	44	203	27	12073	0	12347
4735	58	68	19	12266	0	12411
4736	12034	27	34	299	0	12394
4737	209	12157	29	107	0	12502
4738	86	197	24	12395	0	12702
4739	45	75	16	12433	0	12569
4740	47	12143	33	282	0	12505
4741	40	208	24	12377	0	12649
4742	43	82	29	12256	0	12410
4743	23	11967	26	301	0	12317
4744	36	201	18	12172	0	12427
4745	41	72	27	12091	0	12231
4746	28	11839	26	307	0	12200
4747	31	213	12	12093	0	12349
4748	11942	81	27	293	0	12343
4749	12051	50	21	148	0	12270
4750	11840	43	18	114	0	12015
4751	11862	36	24	107	0	12029
4752	270	11391	18	90	0	11769
4753	10897	192	17	82	0	11188
4754	213	10658	13	76	0	10960
4755	69	10737	10	56	0	10872
4756	81	228	42	10576	0	10927
4757	37	67	10662	208	0	10974
4758	10323	41	170	96	0	10630
4759	10679	26	51	65	0	10821
4760	205	33	10785	51	0	11074
4761	10816	27	179	55	0	11077
4762	11208	17	42	79	0	11346
4763	227	10878	30	51	0	11186
4764	11625	183	19	69	0	11896
4765	206	55	15	11548	0	11824
4766	88	33	21	11631	0	11773
4767	56	35	12	11684	0	11787
4768	51	28	14	11650	0	11743
4769	11508	24	21	270	0	11823
4770	222	33	13	11413	0	11681
4771	87	23	20	11524	0	11654
4772	63	35	11204	246	0	11548
4773	10523	38	177	120	0	10858
4774	11352	25	51	91	0	11519
4775	11426	19	36	68	0	11549
4776	237	11037	27	56	0	11357
4777	75	11311	21	71	0	11478
4778	11260	198	18	74	0	11550
4779	221	72	15	11250	0	11558
4780	74	11369	19	215	0	11677
4781	56	179	14	11306	0	11555
4782	61	11335	10	211	0	11617
4783	11265	180	10	107	0	11562
4784	194	11322	15	61	0	11592
4785	83	183	13	11213	0	11492
4786	57	63	8	11409	0	11537
4787	51	43	11415	244	0	11753
4788	44	11798	175	97	0	12114
4789	58	267	43	12084	0	12452
4790	41	88	12379	254	0	12762
4791	37	52	12642	91	0	12822
4792	54	49	269	12717	0	13089
4793	58	41	110	12765	0	12974
4794	35	12242	46	328	0	12651
4795	39	12795	27	127	0	12988
4796	45	313	20	12809	0	13187
4797	12780	110	14	307	0	13211
4798	275	55	18	13303	0	13651
4799	13322	47	13	349	0	13731
4800	13794	36	13	142	0	13985
4801	14058	33	12	91	0	14194
4802	398	51	13778	64	0	14291
4803	13839	31	277	76	0	14223
4804	360	27	113	13844	0	14344
4805	184	29	47	14018	0	14278
4806	90	31	13682	398	0	14201
4807	67	21	13668	178	0	13934
4808	84	83	337	13258	0	13762
4809	59	12957	134	307	0	13457
4810	58	13459	59	139	0	13715
4811	81	336	46	13419	0	13882
4812	13294	119	37	336	0	13786
4813	293	50	42	13440	0	13825
4814	142	43	28	13465	0	13678
4815	74	13278	32	386	0	13770
4816	65	269	24	13613	0	13971
4817	63	123	13577	331	0	14094
4818	49	69	13082	174	0	13374
4819	12982	39	340	117	0	13478
4820	277	13242	129	89	0	13737
4821	13249	275	55	97	0	13676
4822	13411	110	45	92	0	13658
4823	390	65	43	12836	0	13334
4824	138	13061	41	271	0	13511
4825	101	262	30	13284	0	13677
4826	13138	114	25	305	0	13582
4827	265	12873	21	170	0	13329
4828	12556	250	22	88	0	12916
4829	268	12414	26	65	0	12773
4830	12516	248	22	64	0	12850
4831	12523	122	23	59	0	12727
4832	333	12177	26	59	0	12595
4833	157	264	25	12259	0	12705
4834	12325	105	23	252	0	12705
4835	276	60	11847	110	0	12293
4836	131	53	11783	72	0	12039
4837	108	158	287	11569	0	12122
4838	11692	41	119	245	0	12097
4839	240	24	44	11720	0	12028
4840	11731	37	32	255	0	12055
4841	252	45	11734	119	0	12150
4842	12014	24	201	92	0	12331
4843	12508	35	90	69	0	12702
4844	327	25	46	12322	0	12720
4845	155	28	35	12492	0	12710
4846	91	27	26	12464	0	12608
4847	71	12271	32	311	0	12685
4848	71	197	33	12370	0	12671
4849	61	88	34	12641	0	12824
4850	12408	33	27	332	0	12800
4851	12489	31	23	181	0	12724
4852	309	25	12157	87	0	12578
4853	12144	24	196	105	0	12469
4854	266	30	12210	69	0	12575
4855	11732	31	228	79	0	12070
4856	265	21	12044	67	0	12397
4857	140	26	11872	52	0	12090
4858	86	41	273	11669	0	12069
4859	76	18	11751	224	0	12069
4860	11394	27	217	134	0	11772
4861	216	24	108	11834	0	12182
4862	11999	20	52	250	0	12321
4863	12130	23	62	145	0	12360
4864	11663	16	40	82	0	11801
4865	11562	12	44	71	0	11689
4866	330	25	11320	45	0	11720
4867	183	13	186	11370	0	11752
4868	107	15	11547	201	0	11870
4869	105	19	192	11472	0	11788
4870	11464	13	114	230	0	11821
4871	239	16	59	11625	0	11939
4872	11702	11	45	251	0	12009
4873	236	15	49	11779	0	12079
4874	134	18	36	11965	0	12153
4875	11805	15	39	318	0	12177
4876	231	11692	31	144	0	12098
4877	11764	173	25	96	0	12058
4878	236	11628	21	78	0	11963
4879	147	195	22	11796	0	12160
4880	11696	90	17	239	0	12042
4881	228	45	11581	121	0	11975
4882	137	26	186	11723	0	12072
4883	11785	23	94	236	0	12138
4884	12078	25	40	133	0	12276
4885	324	22	29	11858	0	12233
4886	164	11909	34	224	0	12331
4887	79	11829	30	134	0	12072
4888	117	516	20	11005	0	11658
4889	11253	91	36	187	0	11567
4890	184	10663	12	95	0	10954
4891	67	10325	9	46	0	10447
4892	9997	163	23	41	0	10224
4893	131	9924	3	24	0	10082
4894	10245	136	36	21	0	10438
4895	189	56	9	10166	0	10420
4896	77	26	4	10181	0	10288
4897	22	9981	8	163	0	10174
4898	16	9905	4	65	0	9990
4899	9459	139	5	32	0	9635
4900	113	9693	8	19	0	9833
4901	41	10329	8	13	0	10391
4902	47	179	21	10367	0	10614
4903	10631	78	4	164	0	10877
4904	164	37	11087	72	0	11360
4905	11320	21	179	45	0	11565
4906	229	17	80	12156	0	12482
4907	98	15	12374	228	0	12715
4908	42	14	12640	118	0	12814
4909	39	15	323	12784	0	13161
4910	28	15	13235	253	0	13531
4911	13207	14	276	150	0	13647
4912	13599	18	141	75	0	13833
4913	374	15	13429	39	0	13857
4914	172	10	281	13355	0	13818
4915	82	11	144	13425	0	13662
4916	13546	11	73	405	0	14035
4917	302	10	55	13071	0	13438
4918	156	13124	47	299	0	13626
4919	13356	252	38	173	0	13819
4920	280	13133	38	81	0	13532
4921	155	13711	29	68	0	13963
4922	88	360	33	13482	0	13963
4923	84	168	22	13670	0	13944
4924	70	68	24	13788	0	13950
4925	63	57	13164	431	0	13715
4926	12557	48	257	223	0	13085
4927	280	12972	120	125	0	13497
4928	13265	282	52	114	0	13713
4929	13441	136	38	89	0	13704
4930	410	71	37	13321	0	13839
4931	198	13295	35	305	0	13833
4932	105	287	35	13740	0	14167
4933	89	148	26	13985	0	14248
4934	13936	62	26	440	0	14464
4935	13959	41	25	234	0	14259
4936	422	51	13351	107	0	13931
4937	13977	42	246	111	0	14376
4938	350	14110	91	92	0	14643
4939	14302	300	50	91	0	14743
4940	376	14828	28	60	0	15292
4941	213	330	23	14662	0	15228
4942	130	155	21	14676	0	14982
4943	73	14386	24	434	0	14917
4944	97	295	25	14835	0	15252
4945	95	166	14	15008	0	15283
4946	94	88	29	14894	0	15105
4947	75	14422	31	485	0	15013
4948	89	344	22	14753	0	15208
4949	78	172	24	14927	0	15201
4950	63	111	20	15060	0	15254
4951	59	87	14398	546	0	15090
4952	14081	72	274	298	0	14725
4953	333	71	14496	171	0	15071
4954	14466	63	320	157	0	15006
4955	382	59	14564	142	0	15147
4956	14544	45	344	151	0	15084
4957	14872	62	160	136	0	15230
4958	483	53	14648	110	0	15294
4959	263	54	315	14587	0	15219
4960	141	70	14060	367	0	14638
4961	14049	61	330	214	0	14654
4962	396	60	14786	133	0	15375
4963	235	48	14565	112	0	14960
4964	14525	45	449	139	0	15158
4965	375	14570	241	128	0	15314
4966	245	299	129	14832	0	15505
4967	15048	168	112	378	0	15706
4968	404	80	116	15099	0	15699
4969	250	64	98	15399	0	15811
4970	15096	61	86	523	0	15766
4971	15199	50	93	291	0	15633
4972	518	44	14861	182	0	15605
4973	273	48	14950	162	0	15433
4974	189	48	460	14969	0	15666
4975	156	44	15260	433	0	15893
4976	156	50	378	15194	0	15778
4977	162	45	231	15199	0	15637
4978	144	42	133	15681	0	16000
4979	15100	58	111	578	0	15847
4980	381	15187	106	312	0	15986
4981	15392	311	78	243	0	16024
4982	15440	154	96	197	0	15887
4983	470	15232	85	196	0	15983
4984	15107	295	85	201	0	15688
4985	412	164	14846	154	0	15576
4986	246	151	284	14687	0	15368
4987	14940	90	162	383	0	15575
4988	371	93	14381	240	0	15085
4989	14457	77	252	171	0	14957
4990	351	15009	147	137	0	15644
4991	16240	249	86	152	0	16727
4992	16410	135	83	130	0	16758
4993	559	16429	78	116	0	17182
4994	17004	322	79	115	0	17520
4995	515	175	79	17083	0	17852
4996	329	117	55	17528	0	18029
4997	17252	80	72	522	0	17926
4998	17035	61	53	312	0	17461
4999	556	16902	64	187	0	17709
5000	320	16924	48	154	0	17446
5001	195	528	43	15901	0	16667
5002	139	16082	51	341	0	16613
5003	136	16587	46	191	0	16960
5004	15605	374	79	114	0	16172
5005	296	15703	38	89	0	16126
5006	14976	266	32	70	0	15344
5007	262	15225	21	68	0	15576
5008	139	262	15049	46	0	15496
5009	98	15201	184	66	0	15549
5010	14783	316	142	93	0	15334
5011	14661	114	42	50	0	14867
5012	280	63	14553	23	0	14919
5013	163	46	175	14098	0	14482
5014	110	36	81	14777	0	15004
5015	58	50	14642	243	0	14993
5016	80	20	199	14303	0	14602
5017	48	33	14605	244	0	14930
5018	58	40	14137	128	0	14363
5019	14150	21	245	92	0	14508
5020	194	14381	118	68	0	14761
5021	14415	185	68	49	0	14717
5022	246	89	36	14392	0	14763
5023	125	63	14607	180	0	14975
5024	101	49	179	14270	0	14599
5025	79	14657	92	195	0	15023
5026	14916	179	58	119	0	15272
5027	15018	80	38	87	0	15223
5028	273	59	24	14975	0	15331
5029	148	40	14622	181	0	14991
5030	14123	30	164	122	0	14439
5031	220	14402	81	66	0	14769
5032	14481	171	52	58	0	14762
5033	263	103	29	14345	0	14740
5034	14370	61	20	196	0	14647
5035	266	43	24	14292	0	14625
5036	144	49	14240	217	0	14650
5037	94	48	13697	120	0	13959
5038	13698	31	201	120	0	14050
5039	190	14214	105	75	0	14584
5040	14029	167	113	56	0	14365
5041	14091	70	39	60	0	14260
5042	215	14125	29	27	0	14396
5043	14117	179	22	49	0	14367
5044	232	94	14543	34	0	14903
5045	127	77	145	14691	0	15040
5046	95	60	62	14848	0	15065
5047	80	49	39	15085	0	15253
5048	59	57	14853	247	0	15216
5049	72	49	14835	123	0	15079
5050	55	48	223	14907	0	15233
5051	51	14643	115	197	0	15006
5052	46	15331	67	84	0	15528
5053	15425	226	41	87	0	15779
5054	15565	103	40	70	0	15778
5055	232	15890	48	60	0	16230
5056	129	206	33	16275	0	16643
5057	82	101	28	16487	0	16698
5058	16536	74	33	293	0	16936
5059	229	48	34	16868	0	17179
5060	120	36	44	16792	0	16992
5061	88	47	41	16889	0	17065
5062	94	44	15975	289	0	16402
5063	72	61	15026	154	0	15313
5064	15949	33	236	123	0	16341
5065	225	29	107	16710	0	17071
5066	110	29	16616	233	0	16988
5067	84	34	16092	121	0	16331
5068	16485	39	289	123	0	16936
5069	261	36	18169	81	0	18547
5070	112	18427	303	64	0	18906
5071	98	241	136	19814	0	20289
5072	72	107	19723	303	0	20205
5073	19698	73	302	142	0	20215
5074	346	52	128	20897	0	21423
5075	159	39	20721	362	0	21281
5076	111	37	349	21077	0	21574
5077	86	26	163	21436	0	21711
5078	21309	35	85	530	0	21959
5079	370	21365	92	234	0	22061
5080	189	317	67	21465	0	22038
5081	21576	132	65	414	0	22187
5082	21799	70	44	213	0	22126
5083	21936	56	47	135	0	22174
5084	22162	46	44	114	0	22366
5085	576	40	38	21688	0	22342
5086	21377	24	51	415	0	21867
5087	21630	30	57	216	0	21933
5088	20944	21	43	167	0	21175
5089	21176	31	49	146	0	21402
5090	569	19803	55	101	0	20528
5091	156	18864	33	54	0	19107
5092	111	344	22	18706	0	19183
5093	74	18574	27	237	0	18912
5094	18514	263	40	128	0	18945
5095	311	133	14	18355	0	18813
5096	18304	41	13	273	0	18631
5097	18538	43	14	147	0	18742
5098	361	34	14	18775	0	19184
5099	164	24	17	18715	0	18920
5100	89	18527	13	319	0	18948
5101	18618	218	22	150	0	19008
5102	277	18465	26	82	0	18850
5103	18605	230	16	98	0	18949
5104	307	105	17	18720	0	19149
5105	138	67	18395	255	0	18855
5106	18253	40	210	158	0	18661
5107	17964	64	85	97	0	18210
5108	368	37	17646	56	0	18107
5109	162	35	17694	63	0	17954
5110	140	30	287	17439	0	17896
5111	18763	25	102	308	0	19198
5112	19504	29	58	171	0	19762
5113	19937	16	45	118	0	20116
5114	20216	33	27	116	0	20392
5115	440	19729	35	73	0	20277
5116	20521	285	30	94	0	20930
5117	413	110	25	20226	0	20774
5118	217	55	22	20480	0	20774
5119	146	54	28	21021	0	21249
5120	126	39	33	21292	0	21490
5121	20955	30	28	489	0	21502
5122	390	26	40	21840	0	22296
5123	193	37	21298	428	0	21956
5124	144	29	325	21922	0	22420
5125	146	29	120	22110	0	22405
5126	134	34	45	22091	0	22304
5127	134	26	45	22010	0	22215
5128	21369	33	38	563	0	22003
5129	414	21076	38	234	0	21762
5130	194	21527	33	162	0	21916
5131	146	436	35	21449	0	22066
5132	21102	144	40	468	0	21754
5133	21796	76	32	233	0	22137
5134	526	60	41	21703	0	22330
5135	248	53	21075	448	0	21824
5136	21247	37	336	242	0	21862
5137	473	50	139	21908	0	22570
5138	230	46	21817	494	0	22587
5139	21195	43	375	268	0	21881
5140	494	21666	143	149	0	22452
5141	23660	381	61	170	0	24272
5142	625	24244	62	113	0	25044
5143	367	553	33	24507	0	25460
5144	221	24754	46	605	0	25626
5145	202	681	31	25611	0	26525
5146	24783	288	23	795	0	25889
5147	631	25071	41	407	0	26150
5148	329	584	24901	228	0	26042
5149	252	339	534	25110	0	26235
5150	183	184	25175	674	0	26216
5151	192	109	635	24889	0	25825
5152	174	79	304	25578	0	26135
5153	152	81	24702	897	0	25832
5154	23313	85	597	548	0	24543
5155	650	70	24309	304	0	25333
5156	348	89	24124	219	0	24780
5157	219	24049	781	195	0	25244
5158	203	590	372	24004	0	25169
5159	158	295	203	24471	0	25127
5160	186	172	123	24059	0	24540
5161	164	127	89	24778	0	25158
5162	94	105	23635	1032	0	24866
5163	22749	54	569	617	0	23989
5164	622	60	23760	389	0	24831
5165	375	56	657	23373	0	24461
5166	23091	37	330	744	0	24202
5167	622	23037	227	431	0	24317
5168	378	757	147	22448	0	23730
5169	21593	256	131	682	0	22662
5170	614	20786	121	371	0	21892
5171	283	20635	81	254	0	21253
5172	20218	672	82	228	0	21200
5173	537	20345	55	176	0	21113
5174	19725	586	73	153	0	20537
5175	572	19976	71	170	0	20789
5176	20061	543	78	137	0	20819
5177	20405	270	64	141	0	20880
5178	701	20056	77	282	0	21116
5179	421	489	74	20043	0	21027
5180	263	268	19613	521	0	20665
5181	19578	205	445	304	0	20532
5182	543	153	222	19602	0	20520
5183	320	18743	159	567	0	19789
5184	220	19634	83	301	0	20238
5185	146	619	78	19685	0	20528
5186	19520	326	62	582	0	20490
5187	528	233	19346	314	0	20421
5188	305	143	458	19707	0	20613
5189	232	110	229	20152	0	20723
5190	155	106	166	20422	0	20849
5191	149	86	115	20072	0	20422
5192	129	19288	109	890	0	20416
5193	121	478	88	19953	0	20640
5194	138	274	19229	701	0	20342
5195	108	191	19159	415	0	19873
5196	100	131	19487	298	0	20016
5197	118	133	715	19108	0	20074
5198	18705	133	368	569	0	19775
5199	499	118	18746	360	0	19723
5200	314	97	18992	265	0	19668
5201	241	96	686	18641	0	19664
5202	18602	87	385	631	0	19705
5203	508	18549	241	387	0	19685
5204	18627	519	146	319	0	19611
5205	629	270	133	18575	0	19607
5206	344	227	18657	576	0	19804
5207	279	275	513	18195	0	19262
5208	162	18640	306	634	0	19742
5209	19126	501	231	359	0	20217
5210	552	296	19016	271	0	20135
5211	278	18649	487	235	0	19649
5212	18254	514	335	247	0	19350
5213	613	327	247	18128	0	19315
5214	344	201	145	18458	0	19148
5215	18387	112	135	732	0	19366
5216	18709	109	123	464	0	19405
5217	19450	111	124	295	0	19980
5218	898	126	98	18657	0	19779
5219	487	18387	85	596	0	19555
5220	18609	467	104	410	0	19590
5221	573	18576	105	308	0	19562
5222	17832	559	93	185	0	18669
5223	634	17552	105	147	0	18438
5224	369	557	89	17140	0	18155
5225	17358	311	79	524	0	18272
5226	17598	230	63	347	0	18238
5227	17873	144	63	276	0	18356
5228	18038	101	46	214	0	18399
5229	18066	100	58	154	0	18378
5230	878	128	17125	130	0	18261
5231	559	90	405	17183	0	18237
5232	347	106	17292	464	0	18209
5233	254	110	17219	288	0	17871
5234	17105	117	609	221	0	18052
5235	17425	116	335	140	0	18016
5236	17552	96	201	107	0	17956
5237	836	110	120	16671	0	17737
5238	16729	101	100	484	0	17414
5239	691	16078	88	336	0	17193
5240	443	16305	77	241	0	17066
5241	236	15173	45	96	0	15550
5242	13886	396	116	90	0	14488
5243	337	13987	49	83	0	14456
5244	13425	258	76	68	0	13827
5245	13351	121	22	41	0	13535
5246	375	81	13072	48	0	13576
5247	228	41	225	13025	0	13519
5248	143	44	110	13614	0	13911
5249	13658	42	64	346	0	14110
5250	13793	40	27	175	0	14035
5251	419	31	30	13583	0	14063
5252	222	37	13388	286	0	13933
5253	155	46	13460	140	0	13801
5254	142	37	313	13630	0	14122
5255	123	49	146	13691	0	14009
5256	109	47	72	13932	0	14160
5257	13403	44	44	393	0	13884
5258	13602	36	33	196	0	13867
5259	414	13440	49	102	0	14005
5260	229	250	42	13552	0	14073
5261	152	120	37	13659	0	13968
5262	123	13574	47	351	0	14095
5263	135	275	37	13729	0	14176
5264	13661	128	36	359	0	14184
5265	364	79	40	13631	0	14114
5266	203	52	45	13873	0	14173
5267	13538	52	39	422	0	14051
5268	13600	47	35	229	0	13911
5269	13662	46	48	155	0	13911
5270	477	76	55	13297	0	13905
5271	242	50	12747	296	0	13335
5272	194	45	12609	155	0	13003
5273	150	40	12543	130	0	12863
5274	129	12158	308	108	0	12703
5275	11901	255	194	108	0	12458
5276	310	101	11652	81	0	12144
5277	11296	72	225	88	0	11681
5278	328	46	114	11320	0	11808
5279	10819	48	79	296	0	11242
5280	11609	46	58	152	0	11865
5281	335	11539	49	112	0	12035
5282	11847	204	41	97	0	12189
5283	11896	96	53	106	0	12151
5284	352	11675	55	98	0	12180
5285	219	203	44	11903	0	12369
5286	163	104	11932	253	0	12452
5287	155	66	209	11771	0	12201
5288	120	57	102	12004	0	12283
5289	11941	51	81	333	0	12406
5290	305	40	53	11953	0	12351
5291	159	12049	64	309	0	12581
5292	136	249	40	12163	0	12588
5293	122	114	43	12399	0	12678
5294	122	82	12040	372	0	12616
5295	122	11802	224	229	0	12377
5296	119	12194	100	156	0	12569
5297	11879	302	69	128	0	12378
5298	271	12251	47	123	0	12692
5299	175	302	60	12282	0	12819
5300	132	144	12266	299	0	12841
5301	101	12304	251	178	0	12834
5302	12417	263	120	131	0	12931
5303	292	124	100	12389	0	12905
5304	176	90	66	12622	0	12954
5305	125	59	12403	374	0	12961
5306	98	66	248	12151	0	12563
5307	121	43	118	12431	0	12713
5308	12078	59	90	393	0	12620
5309	11625	61	44	213	0	11943
5310	342	11370	43	163	0	11918
5311	10818	203	45	102	0	11168
5312	278	10466	34	100	0	10878
5313	122	335	33	9891	0	10381
5314	109	9961	36	206	0	10312
5315	87	10224	29	117	0	10457
5316	9633	288	84	136	0	10141
5317	9394	90	43	81	0	9608
5318	209	9203	27	61	0	9500
5319	9193	159	30	64	0	9446
5320	9249	57	30	72	0	9408
5321	9500	52	23	66	0	9641
5322	232	34	25	9508	0	9799
5323	9547	43	21	183	0	9794
5324	210	46	9112	81	0	9449
5325	9130	32	143	82	0	9387
5326	213	43	9295	39	0	9590
5327	103	42	153	9483	0	9781
5328	90	48	49	9693	0	9880
5329	68	43	9590	199	0	9900
5330	9351	34	143	104	0	9632
5331	9633	40	65	70	0	9808
5332	205	29	9798	63	0	10095
5333	118	31	151	9703	0	10003
5334	89	17	56	9865	0	10027
5335	66	16	39	10057	0	10178
5336	9818	22	31	236	0	10107
5337	9859	17	37	111	0	10024
5338	213	27	29	9617	0	9886
5339	94	9211	25	168	0	9498
5340	64	9131	24	72	0	9291
5341	8738	147	20	65	0	8970
5342	145	8706	21	47	0	8919
5343	57	8516	16	40	0	8629
5344	57	120	12	7884	0	8073
5345	24	39	7884	83	0	8030
5346	19	7681	74	39	0	7813
5347	42	107	35	7611	0	7795
5348	19	7602	19	69	0	7709
5349	42	67	5	7453	0	7567
5350	7487	25	8	81	0	7601
5351	67	7576	8	38	0	7689
5352	7689	64	9	34	0	7796
5353	7552	24	7	39	0	7622
5354	89	15	7400	11	0	7515
5355	7358	6	59	24	0	7447
5356	77	20	14	7571	0	7682
5357	21	15	7635	63	0	7734
5358	17	7559	59	31	0	7666
5359	18	85	24	7432	0	7559
5360	15	21	10	7499	0	7545
5361	7482	13	5	73	0	7573
5362	56	15	4	7502	0	7577
5363	32	5	3	7557	0	7597
5364	7523	10	5	77	0	7615
5365	56	7485	5	29	0	7575
5366	7457	50	3	36	0	7546
5367	68	22	7418	8	0	7516
5368	7127	10	52	35	0	7224
5369	71	9	7691	11	0	7782
5370	21	7780	60	8	0	7869
5371	7875	60	21	16	0	7972
5372	7684	19	11	26	0	7740
5373	74	14	7793	13	0	7894
5374	36	11	7956	12	0	8015
5375	31	10	8068	8	0	8117
5376	14	8420	89	8	0	8531
5377	22	71	25	8617	0	8735
5378	15	24	9224	74	0	9337
5379	12	20	8948	29	0	9009
5380	22	9	121	9126	0	9278
5381	14	12	9361	94	0	9481
5382	9342	4	101	67	0	9514
5383	10681	4	41	40	0	10766
5384	176	12	10534	10	0	10732
5385	85	10501	141	20	0	10747
5386	56	134	68	10539	0	10797
5387	19	60	10777	133	0	10989
5388	18	10623	141	72	0	10854
5389	46	150	73	10596	0	10865
5390	10622	59	37	147	0	10865
5391	10565	31	17	85	0	10698
5392	164	10707	11	49	0	10931
5393	98	112	18	10795	0	11023
5394	54	66	12	10857	0	10989
5395	32	38	19	10755	0	10844
5396	33	19	18	10890	0	10960
5397	19	17	10709	214	0	10959
5398	20	18	124	10622	0	10784
5399	22	23	10473	163	0	10681
5400	14	10318	148	83	0	10563
5401	10305	122	73	67	0	10567
5402	106	10679	42	37	0	10864
5403	78	136	23	10787	0	11024
5404	63	57	12	10801	0	10933
5405	10705	35	14	190	0	10944
5406	121	20	13	10835	0	10989
5407	61	10595	9	156	0	10821
5408	44	108	20	10906	0	11078
5409	19	70	8	10937	0	11034
5410	10792	34	11	201	0	11038
5411	117	25	10586	107	0	10835
5412	68	10420	91	60	0	10639
5413	39	10728	53	35	0	10855
5414	32	132	32	10620	0	10816
5415	10449	78	14	131	0	10672
5416	101	10442	6	78	0	10627
5417	65	102	8	10598	0	10773
5418	39	61	10428	113	0	10641
5419	27	36	93	10512	0	10668
5420	10568	17	57	148	0	10790
5421	10428	19	32	83	0	10562
5422	160	17	15	10367	0	10559
5423	10580	21	4	131	0	10736
5424	10515	15	10	99	0	10639
5425	163	15	10377	59	0	10614
5426	10216	9	100	42	0	10367
5427	131	10435	58	27	0	10651
5428	10595	104	37	39	0	10775
5429	144	60	10354	26	0	10584
5430	89	42	99	10585	0	10815
5431	10849	16	57	121	0	11043
5432	140	15	10418	69	0	10642
5433	80	20	10534	45	0	10679
5434	71	15	174	10494	0	10754
5435	33	9	10777	136	0	10955
5436	10670	12	163	75	0	10920
5437	138	16	10989	57	0	11200
5438	83	11	169	11149	0	11412
5439	64	8	82	11427	0	11581
5440	11770	8	60	228	0	12066
5441	177	10	11819	109	0	12115
5442	86	18	12389	65	0	12558
5443	75	10	230	13034	0	13349
5444	35	10	13237	209	0	13491
5445	13082	5	254	117	0	13458
5446	234	7	117	13310	0	13668
5447	97	8	13359	236	0	13700
5448	75	12	241	13413	0	13741
5449	66	7	103	13678	0	13854
5450	13650	3	80	319	0	14052
5451	249	11	13599	145	0	14004
5452	13285	12	251	92	0	13640
5453	272	21	13915	61	0	14269
5454	13691	14	283	76	0	14064
5455	13883	25	128	58	0	14094
5456	13903	10	87	69	0	14069
5457	361	13469	53	54	0	13937
5458	13750	212	50	62	0	14074
5459	13883	87	33	59	0	14062
5460	354	50	46	13655	0	14105
5461	181	23	13546	259	0	14009
5462	13325	15	245	151	0	13736
5463	277	12	13843	111	0	14243
5464	148	8	278	13733	0	14167
5465	115	12	123	14089	0	14339
5466	14009	23	88	332	0	14452
5467	264	14199	53	161	0	14677
5468	152	216	52	14173	0	14593
5469	124	92	32	14290	0	14538
5470	75	65	14090	337	0	14567
5471	86	24	225	14080	0	14415
5472	74	24	117	14364	0	14579
5473	90	16	65	14094	0	14265
5474	48	13757	50	365	0	14220
5475	13544	201	43	180	0	13968
5476	13658	94	32	128	0	13912
5477	318	13573	37	91	0	14019
5478	12985	199	35	77	0	13296
5479	287	111	32	13442	0	13872
5480	117	47	13827	258	0	14249
5481	88	13846	226	109	0	14269
5482	51	14224	97	133	0	14505
5483	14005	216	106	72	0	14399
5484	14741	62	51	64	0	14918
5485	307	39	29	14719	0	15094
5486	143	27	20	14966	0	15156
5487	86	22	30	14963	0	15101
5488	14609	22	17	372	0	15020
5489	276	22	14358	132	0	14788
5490	14512	23	234	97	0	14866
5491	298	30	77	14677	0	15082
5492	128	21	58	14530	0	14737
5493	93	14432	37	316	0	14878
5494	67	222	47	14839	0	15175
5495	87	73	35	15069	0	15264
5496	68	47	14964	354	0	15433
5497	71	15019	239	144	0	15473
5498	15357	249	84	98	0	15788
5499	15107	75	56	120	0	15358
5500	15557	38	41	100	0	15736
5501	15452	38	38	105	0	15633
5502	348	49	14808	67	0	15272
5503	14775	23	260	67	0	15125
5504	327	25	14940	68	0	15360
5505	137	20	268	14732	0	15157
5506	99	14921	92	281	0	15393
5507	95	231	60	15152	0	15538
5508	89	79	41	15393	0	15602
5509	78	56	15153	341	0	15628
5510	14700	35	251	173	0	15159
5511	15136	37	99	132	0	15404
5512	344	14779	66	130	0	15319
5513	139	256	14969	89	0	15453
5514	137	84	254	15038	0	15513
5515	99	69	15146	299	0	15613
5516	105	53	14992	128	0	15278
5517	107	64	311	15061	0	15543
5518	111	48	15089	293	0	15541
5519	124	36	277	15081	0	15518
5520	122	31	15348	322	0	15823
5521	115	47	296	15347	0	15805
5522	15481	30	123	395	0	16029
5523	15549	31	98	192	0	15870
5524	15490	33	73	140	0	15736
5525	15366	39	68	133	0	15606
5526	357	15203	61	140	0	15761
5527	169	245	52	15311	0	15777
5528	124	88	49	15567	0	15828
5529	93	79	15170	381	0	15723
5530	122	50	264	15020	0	15456
5531	104	47	14975	354	0	15480
5532	95	52	14492	164	0	14803
5533	14227	46	311	147	0	14731
5534	301	15011	127	119	0	15558
5535	15126	254	86	121	0	15587
5536	15251	78	85	127	0	15541
5537	364	15242	65	114	0	15785
5538	15281	234	87	120	0	15722
5539	332	91	15211	106	0	15740
5540	123	15047	258	89	0	15517
5541	14962	216	112	129	0	15419
5542	275	80	14254	94	0	14703
5543	13628	53	174	91	0	13946
5544	219	14063	84	71	0	14437
5545	14076	168	62	99	0	14405
5546	14075	72	47	77	0	14271
5547	241	13773	61	60	0	14135
5548	108	13646	56	61	0	13871
5549	74	13991	65	51	0	14181
5550	66	210	64	14143	0	14483
5551	64	61	64	14241	0	14430
5552	14294	41	69	225	0	14629
5553	14049	32	60	117	0	14258
5554	234	42	13990	84	0	14350
5555	114	32	13676	76	0	13898
5556	104	36	14031	72	0	14243
5557	84	47	234	14158	0	14523
5558	93	26	14400	225	0	14744
5559	104	20	228	14338	0	14690
5560	14446	34	78	242	0	14800
5561	253	41	14389	78	0	14761
5562	14343	38	224	84	0	14689
5563	14440	40	83	100	0	14663
5564	239	41	14605	79	0	14964
5565	109	14726	233	73	0	15141
5566	104	202	96	14777	0	15179
5567	78	55	14857	223	0	15213
5568	106	50	240	14656	0	15052
5569	91	40	101	15966	0	16198
5570	15661	40	66	309	0	16076
5571	281	43	63	15648	0	16035
5572	111	44	15602	282	0	16039
5573	138	35	252	15645	0	16070
5574	15864	48	85	309	0	16306
5575	297	15900	73	82	0	16352
5576	16024	241	60	95	0	16420
5577	303	153	113	15845	0	16414
5578	141	50	15890	256	0	16337
5579	126	53	15295	99	0	15573
5580	118	51	15070	61	0	15300
5581	54	14530	243	56	0	14883
5582	14005	293	226	88	0	14612
5583	215	13588	41	42	0	13886
5584	12887	142	53	37	0	13119
5585	158	12810	37	19	0	13024
5586	49	154	34	12937	0	13174
5587	37	35	29	13055	0	13156
5588	30	30	24	13043	0	13127
5589	30	12916	15	181	0	13142
5590	38	151	18	13514	0	13721
5591	50	37	18	14965	0	15070
5592	15599	25	16	273	0	15913
5593	289	20	21	16299	0	16629
5594	64	18	16837	305	0	17224
5595	16622	30	284	104	0	17040
5596	17261	23	64	85	0	17433
5597	354	17248	42	89	0	17733
5598	17401	320	34	70	0	17825
5599	17876	64	27	69	0	18036
5600	443	36	26	17597	0	18102
5601	169	28	33	18043	0	18273
5602	135	32	22	18421	0	18610
5603	18222	29	30	476	0	18757
5604	18470	34	20	158	0	18682
5605	474	31	17987	88	0	18580
5606	17966	27	333	107	0	18433
5607	18395	19	89	87	0	18590
5608	18371	18	42	95	0	18526
5609	488	23	17739	85	0	18335
5610	188	19	17914	72	0	18193
5611	161	24	407	17950	0	18542
5612	131	24	18309	389	0	18853
5613	145	27	402	17997	0	18571
5614	164	24	124	17177	0	17489
5615	112	18222	82	410	0	18826
5616	18330	358	88	156	0	18932
5617	432	93	18429	106	0	19060
5618	18680	51	402	118	0	19251
5619	486	53	134	18979	0	19652
5620	18648	35	80	484	0	19247
5621	471	18267	89	178	0	19005
5622	186	19145	66	137	0	19534
5623	182	484	99	18944	0	19709
5624	169	122	65	19460	0	19816
5625	135	87	18954	552	0	19728
5626	155	56	427	18990	0	19628
5627	18541	51	117	553	0	19262
5628	479	18627	73	226	0	19405
5629	196	430	18642	136	0	19404
5630	169	153	436	18560	0	19318
5631	154	77	18707	508	0	19446
5632	157	66	476	18659	0	19358
5633	110	49	18883	531	0	19573
5634	111	50	18411	217	0	18789
5635	114	84	511	18344	0	19053
5636	18429	55	182	514	0	19180
5637	18428	56	144	212	0	18840
5638	18051	40	135	178	0	18404
5639	564	17739	95	163	0	18561
5640	18021	388	114	147	0	18670
5641	18101	109	105	140	0	18455
5642	575	81	17499	132	0	18287
5643	236	17395	431	132	0	18194
5644	226	425	153	17237	0	18041
5645	17202	114	107	486	0	17909
5646	502	17183	90	186	0	17961
5647	17648	430	82	164	0	18324
5648	17888	139	85	147	0	18259
5649	17743	110	88	132	0	18073
5650	17639	89	92	130	0	17950
5651	613	75	65	17155	0	17908
5652	17230	67	67	482	0	17846
5653	564	83	77	16918	0	17642
5654	246	16519	99	498	0	17362
5655	210	367	82	16911	0	17570
5656	16847	99	88	495	0	17529
5657	523	70	16572	226	0	17391
5658	264	56	408	16693	0	17421
5659	16593	62	145	510	0	17310
5660	512	16455	94	213	0	17274
5661	16591	388	94	161	0	17234
5662	16908	132	102	153	0	17295
5663	556	16691	97	144	0	17488
5664	16658	399	85	127	0	17269
5665	554	133	15921	122	0	16730
5666	267	102	15846	121	0	16336
5667	15632	98	476	126	0	16332
5668	533	92	15568	114	0	16307
5669	266	80	382	14491	0	15219
5670	222	14652	136	341	0	15351
5671	14961	345	110	133	0	15549
5672	482	14618	86	123	0	15309
5673	271	14489	86	108	0	14954
5674	196	403	101	15197	0	15897
5675	199	120	98	15337	0	15754
5676	172	87	65	15269	0	15593
5677	136	90	76	15276	0	15578
5678	135	94	14756	483	0	15468
5679	132	98	326	14527	0	15083
5680	149	74	115	14832	0	15170
5681	14473	91	83	464	0	15111
5682	390	66	89	14490	0	15035
5683	187	55	14024	452	0	14718
5684	13850	62	311	211	0	14434
5685	427	74	104	14149	0	14754
5686	199	67	14320	392	0	14978
5687	163	123	343	14117	0	14746
5688	158	14306	110	371	0	14945
5689	14439	306	103	182	0	15030
5690	398	87	13849	121	0	14455
5691	128	12409	262	100	0	12899
5692	11682	210	146	84	0	12122
5693	213	10745	60	70	0	11088
5694	70	10212	31	50	0	10363
5695	10029	167	134	33	0	10363
5696	158	9676	28	55	0	9917
5697	59	9658	24	33	0	9774
5698	117	176	70	9450	0	9813
5699	43	43	9341	131	0	9558
5700	43	9317	118	42	0	9520
5701	40	165	38	9111	0	9354
5702	32	8961	25	99	0	9117
5703	8896	93	24	45	0	9058
5704	101	28	8745	45	0	8919
5705	43	30	91	8833	0	8997
5706	9095	17	28	107	0	9247
5707	100	24	14	9255	0	9393
5708	40	27	9190	98	0	9355
5709	8957	15	85	44	0	9101
5710	9326	23	23	48	0	9420
5711	114	9541	19	22	0	9696
5712	43	76	14	9561	0	9694
5713	22	37	15	9726	0	9800
5714	9859	12	17	104	0	9992
5715	9626	23	18	52	0	9719
5716	109	33	9723	28	0	9893
5717	55	9551	76	18	0	9700
5718	9676	64	28	12	0	9780
5719	85	23	11	9611	0	9730
5720	33	13	9730	70	0	9846
5721	22	16	9249	30	0	9317
5722	39	128	74	9277	0	9518
5723	9393	7	25	52	0	9477
5724	44	9263	10	24	0	9341
5725	10078	43	5	45	0	10171
5726	49	20	4	10240	0	10313
5727	29	6	7	10320	0	10362
5728	9	8	7	10463	0	10487
5729	10445	8	8	70	0	10531
5730	44	10599	4	35	0	10682
5731	25	40	8	10836	0	10909
5732	13	16	3	10808	0	10840
5733	8	6	10724	50	0	10788
5734	19	5	34	10572	0	10630
5735	5	5	10847	47	0	10904
5736	2	10622	37	22	0	10683
5737	7	34	8	10780	0	10829
5738	10696	10	5	37	0	10748
5739	35	8	10507	14	0	10564
5740	15	5	28	10645	0	10693
5741	10	4	10589	35	0	10638
5742	10163	4	32	26	0	10225
5743	37	13	10741	5	0	10796
5744	25	7	29	10505	0	10566
5745	10752	2	14	44	0	10812
5746	35	9802	15	21	0	9873
5747	10387	33	4	14	0	10438
5748	45	9682	9	8	0	9744
5749	25	32	3	10644	0	10704
5750	7	22	10488	37	0	10554
5751	9	19	10194	22	0	10244
5752	15	3	44	10647	0	10709
5753	10982	0	17	52	0	11051
5754	10687	3	10	25	0	10725
5755	55	0	5	10826	0	10886
5756	22	4	4	10936	0	10966
5757	10854	2	4	62	0	10922
5758	40	10482	8	28	0	10558
5759	16	11091	4	13	0	11124
5760	11369	61	2	27	0	11459
5761	65	18	11248	7	0	11338
5762	24	7	54	11142	0	11227
5763	9	10	11116	54	0	11189
5764	15	3	45	11150	0	11213
5765	12	1	11238	57	0	11308
5766	18	20	10893	25	0	10956
5767	18	5	62	11448	0	11533
5768	11	10876	35	54	0	10976
5769	11577	54	8	23	0	11662
5770	61	11348	6	20	0	11435
5771	28	58	8	11683	0	11777
5772	11766	20	3	73	0	11862
5773	63	8	4	11790	0	11865
5774	11817	11	6	83	0	11917
5775	11751	3	7	39	0	11800
5776	11808	6	6	32	0	11852
5777	75	11557	18	21	0	11671
5778	12055	54	7	18	0	12134
5779	63	45	8	12323	0	12439
5780	12700	8	11	91	0	12810
5781	74	7	10	13058	0	13149
5782	13117	7	5	119	0	13248
5783	13305	9	8	52	0	13374
5784	130	13198	5	37	0	13370
5785	42	107	8	14480	0	14637
5786	45	29	5	14469	0	14548
5787	16	15076	7	196	0	15295
5788	47	183	9	15637	0	15876
5789	15679	53	12	238	0	15982
5790	16368	33	12	93	0	16506
5791	16159	18	14	73	0	16264
5792	290	13	16695	38	0	17036
5793	17347	17	201	48	0	17613
5794	18164	7	71	49	0	18291
5795	18392	10	33	48	0	18483
5796	344	18048	28	29	0	18449
5797	155	235	8	18361	0	18759
5798	96	81	13	18625	0	18815
5799	72	40	8	18520	0	18640
5800	49	29	18004	353	0	18435
5801	56	22	243	18262	0	18583
5802	18430	10	77	339	0	18856
5803	297	10	43	18619	0	18969
5804	129	8	28	19164	0	19329
5805	81	31	18725	364	0	19201
5806	57	18427	276	161	0	18921
5807	19150	267	70	104	0	19591
5808	324	72	53	19143	0	19592
5809	19198	52	31	335	0	19616
5810	333	45	18748	126	0	19252
5811	18201	18	277	125	0	18621
5812	328	19129	83	110	0	19650
5813	122	267	19040	64	0	19493
5814	77	76	19108	58	0	19319
5815	106	89	333	18503	0	19031
5816	48	44	19582	307	0	19981
5817	45	19484	305	123	0	19957
5818	77	275	98	19370	0	19820
5819	74	85	69	19841	0	20069
5820	54	61	52	19946	0	20113
5821	19512	40	31	417	0	20000
5822	294	19436	34	160	0	19924
5823	125	276	34	19942	0	20377
5824	99	90	35	20168	0	20392
5825	19484	54	38	406	0	19982
5826	301	19400	42	170	0	19913
5827	19832	290	32	143	0	20297
5828	19802	93	39	125	0	20059
5829	19740	63	32	115	0	19950
5830	434	52	19231	70	0	19787
5831	213	44	271	18982	0	19510
5832	132	19110	99	315	0	19656
5833	105	19637	73	155	0	19970
5834	122	351	44	19513	0	20030
5835	97	19468	50	300	0	19915
5836	20567	343	28	198	0	21136
5837	349	132	20259	125	0	20865
5838	20089	76	281	137	0	20583
5839	20968	59	90	114	0	21231
5840	431	49	81	20977	0	21538
5841	21066	48	48	383	0	21545
5842	410	22048	50	157	0	22665
5843	22542	309	45	168	0	23064
5844	22750	116	52	156	0	23074
5845	24245	94	49	121	0	24509
5846	551	87	24215	102	0	24955
5847	278	86	24249	99	0	24712
5848	193	56	486	24481	0	25216
5849	174	23998	213	432	0	24817
5850	141	24976	139	209	0	25465
5851	161	505	83	24725	0	25474
5852	24918	218	75	497	0	25708
5853	497	121	65	24977	0	25660
5854	236	100	62	25423	0	25821
5855	25048	77	73	623	0	25821
5856	480	24868	76	290	0	25714
5857	236	405	24850	204	0	25695
5858	207	166	24511	171	0	25055
5859	25096	137	485	163	0	25881
5860	492	100	225	24830	0	25647
5861	216	74	25291	465	0	26046
5862	193	79	433	24837	0	25542
5863	165	64	180	24995	0	25404
5864	129	69	107	25633	0	25938
5865	148	80	81	25218	0	25527
5866	97	24553	96	629	0	25375
5867	122	398	72	25074	0	25666
5868	24758	155	65	601	0	25579
5869	458	24546	75	278	0	25357
5870	25174	439	91	239	0	25943
5871	25575	173	75	191	0	26014
5872	25624	149	80	171	0	26024
5873	618	122	24591	129	0	25460
5874	24897	86	414	175	0	25572
5875	25675	84	153	159	0	26071
5876	25179	76	116	160	0	25531
5877	25554	68	84	139	0	25845
5878	634	25074	73	131	0	25912
5879	25056	412	50	115	0	25633
5880	555	164	24720	105	0	25544
5881	268	113	364	24304	0	25049
5882	208	108	139	24877	0	25332
5883	25037	75	82	539	0	25733
5884	471	24655	67	256	0	25449
5885	23921	329	58	158	0	24466
5886	432	23705	47	99	0	24283
5887	23212	292	37	83	0	23624
5888	23137	112	34	60	0	23343
5889	396	24297	32	56	0	24781
5890	24539	323	40	83	0	24985
5891	25536	128	53	78	0	25795
5892	562	23691	38	59	0	24350
5893	172	24490	43	50	0	24755
5894	25680	460	103	75	0	26318
5895	608	150	23	26341	0	27122
5896	26558	102	27	544	0	27231
5897	27473	82	20	191	0	27766
5898	27971	43	19	135	0	28168
5899	27842	42	23	124	0	28031
5900	776	26664	36	83	0	27559
5901	315	27673	32	71	0	28091
5902	27852	591	29	104	0	28576
5903	655	221	27470	43	0	28389
5904	290	149	521	27042	0	28002
5905	174	79	174	27914	0	28341
5906	27500	67	87	704	0	28358
5907	581	27098	71	297	0	28047
5908	275	510	59	27287	0	28131
5909	179	195	33	28167	0	28574
5910	27792	110	24	818	0	28744
5911	693	88	21	28023	0	28825
5912	27999	69	30	749	0	28847
5913	28252	92	34	330	0	28708
5914	28444	72	21	232	0	28769
5915	946	56	23	27882	0	28907
5916	433	57	27	28185	0	28702
5917	287	68	29168	786	0	30309
5918	249	69	28792	319	0	29429
5919	29286	50	864	213	0	30413
5920	840	63	355	30169	0	31427
5921	399	64	31602	796	0	32861
5922	280	64	31969	353	0	32666
5923	242	93	1136	31866	0	33337
5924	198	85	32079	946	0	33308
5925	226	76	952	31936	0	33190
5926	228	67	402	32312	0	33009
5927	170	77	31884	1248	0	33379
5928	222	44	906	32279	0	33451
5929	272	66	389	31694	0	32421
5930	241	49	208	33284	0	33782
5931	198	80	31986	1387	0	33651
5932	249	61	871	32864	0	34045
5933	32507	60	392	1225	0	34184
5934	1001	32456	225	606	0	34288
5935	33027	861	146	404	0	34438
5936	1137	385	32197	262	0	33981
5937	32716	163	959	262	0	34100
5938	33428	107	420	273	0	34228
5939	33391	133	249	221	0	33994
5940	1509	142	173	32129	0	33953
5941	772	102	167	32890	0	33931
5942	429	84	30237	1375	0	32125
5943	29440	59	916	722	0	31137
5944	1127	29337	467	389	0	31320
5945	518	28145	221	319	0	29203
5946	318	28919	186	280	0	29703
5947	348	1136	203	27752	0	29439
5948	27474	456	166	998	0	29094
5949	27955	213	178	526	0	28872
5950	1239	157	26856	353	0	28605
5951	629	145	815	27122	0	28711
5952	412	142	374	27788	0	28716
5953	321	116	26813	1269	0	28519
5954	287	146	26384	653	0	27470
5955	26259	79	1090	425	0	27853
5956	949	26479	507	357	0	28292
5957	27021	776	265	348	0	28410
5958	27437	351	209	307	0	28304
5959	1331	199	182	26551	0	28263
5960	687	125	159	27371	0	28342
5961	26548	127	148	1265	0	28088
5962	1086	125	158	26685	0	28054
5963	615	108	172	27113	0	28008
5964	26515	97	188	1324	0	28124
5965	1069	96	156	26887	0	28208
5966	26885	89	186	1179	0	28339
5967	27348	79	213	674	0	28314
5968	1325	85	26175	446	0	28031
5969	26530	97	898	428	0	27953
5970	26950	96	478	368	0	27892
5971	26941	83	311	384	0	27719
5972	1395	146	21350	450	0	23341
5973	25645	86	719	374	0	26824
5974	1126	25000	394	422	0	26942
5975	25913	733	253	401	0	27300
5976	26436	343	234	364	0	27377
5977	1338	150	170	25805	0	27463
5978	722	94	189	26126	0	27131
5979	494	25558	182	1326	0	27560
5980	464	765	150	26234	0	27613
5981	418	366	195	26827	0	27806
5982	26106	166	169	1376	0	27817
5983	1143	126	148	26016	0	27433
5984	737	125	143	26358	0	27363
5985	507	110	169	26237	0	27023
5986	439	24767	161	1406	0	26773
5987	24585	774	177	773	0	26309
5988	1133	24592	160	481	0	26366
5989	23089	785	135	381	0	24390
5990	1012	342	21932	368	0	23654
5991	21197	181	641	329	0	22348
5992	929	150	21144	305	0	22528
5993	566	20388	725	276	0	21955
5994	19173	656	627	283	0	20739
5995	18729	318	249	262	0	19558
5996	877	17719	135	232	0	18963
5997	520	17820	110	201	0	18651
5998	17436	614	161	204	0	18415
5999	17751	323	95	203	0	18372
6000	847	151	93	17272	0	18363
6001	489	151	67	17736	0	18443
6002	315	117	17010	751	0	18193
6003	16881	113	451	400	0	17845
6004	673	103	234	16927	0	17937
6005	430	16838	152	579	0	17999
6006	310	448	82	17117	0	17957
6007	260	257	65	17325	0	17907
6008	229	132	16543	777	0	17681
6009	266	137	393	16731	0	17527
6010	16383	114	222	646	0	17365
6011	534	15881	103	395	0	16913
6012	367	16027	62	237	0	16693
6013	15942	559	96	202	0	16799
6014	16164	283	77	195	0	16719
6015	16050	136	92	199	0	16477
6016	815	15074	81	139	0	16109
6017	270	13965	48	104	0	14387
6018	14528	397	95	101	0	15121
6019	14789	174	71	110	0	15144
6020	554	13932	58	79	0	14623
6021	124	12458	17	49	0	12648
6022	12127	279	66	45	0	12517
6023	287	98	11	11953	0	12349
6024	12050	42	14	253	0	12359
6025	294	63	3	12092	0	12452
6026	101	12071	15	247	0	12434
6027	71	12283	11	90	0	12455
6028	12562	283	33	53	0	12931
6029	12698	102	20	65	0	12885
6030	13102	72	7	49	0	13230
6031	392	12867	9	35	0	13303
6032	126	272	12185	18	0	12601
6033	69	12227	221	27	0	12544
6034	11836	310	102	37	0	12285
6035	11517	73	35	45	0	11670
6036	299	62	11282	18	0	11661
6037	106	11104	226	9	0	11445
6038	88	243	70	11135	0	11536
6039	58	71	34	11034	0	11197
6040	61	10078	29	255	0	10423
6041	50	242	10813	69	0	11174
6042	11069	69	223	48	0	11409
6043	262	62	57	11231	0	11612
6044	11300	39	33	249	0	11621
6045	11547	31	13	80	0	11671
6046	314	50	23	11637	0	12024
6047	141	35	22	12309	0	12507
6048	96	41	13	12630	0	12780
6049	82	29	18	12758	0	12887
6050	12375	57	7	424	0	12863
6051	12611	36	21	175	0	12843
6052	401	40	12432	87	0	12960
6053	181	35	259	12581	0	13056
6054	115	27	96	12875	0	13113
6055	97	39	49	12974	0	13159
6056	68	27	12470	427	0	12992
6057	90	35	273	12381	0	12779
6058	12277	23	101	377	0	12778
6059	338	31	45	12368	0	12782
6060	137	36	12294	370	0	12837
6061	115	35	281	12364	0	12795
6062	68	42	12435	374	0	12919
6063	12565	29	317	164	0	13075
6064	341	21	107	12736	0	13205
6065	12697	24	68	368	0	13157
6066	12725	25	42	176	0	12968
6067	429	32	36	12607	0	13104
6068	12911	22	23	388	0	13344
6069	390	32	33	12697	0	13152
6070	167	13223	40	365	0	13795
6071	13730	295	39	167	0	14231
6072	13895	97	28	133	0	14153
6073	14149	54	38	91	0	14332
6074	486	39	23	13781	0	14329
6075	208	33	40	13988	0	14269
6076	145	33	21	14084	0	14283
6077	87	31	13264	523	0	13905
6078	107	13066	305	214	0	13692
6079	103	294	102	13022	0	13521
6080	91	96	12782	374	0	13343
6081	12744	65	309	177	0	13295
6082	355	30	119	12913	0	13417
6083	175	41	12657	373	0	13246
6084	12913	21	300	202	0	13436
6085	368	31	113	13214	0	13726
6086	179	21	52	13427	0	13679
6087	137	12	49	13597	0	13795
6088	13342	26	38	503	0	13909
6089	13500	30	32	251	0	13813
6090	13426	13	47	166	0	13652
6091	451	12586	44	129	0	13210
6092	192	12983	41	116	0	13332
6093	13053	325	44	116	0	13538
6094	391	109	12853	114	0	13467
6095	181	74	290	12684	0	13229
6096	130	48	95	13090	0	13363
6097	12752	28	62	457	0	13299
6098	12552	26	44	227	0	12849
6099	420	12373	44	149	0	12986
6100	203	266	44	12636	0	13149
6101	135	88	12382	376	0	12981
6102	110	61	12447	201	0	12819
6103	117	33	349	12607	0	13106
6104	103	34	136	12991	0	13264
6105	12626	27	77	474	0	13204
6106	355	26	60	12898	0	13339
6107	13156	25	45	434	0	13660
6108	13200	21	49	218	0	13488
6109	426	45	12792	154	0	13417
6110	13159	27	257	141	0	13584
6111	13387	20	101	134	0	13642
6112	13402	20	78	114	0	13614
6113	447	12905	55	140	0	13547
6114	198	13139	49	124	0	13510
6115	162	363	43	13065	0	13633
6116	120	111	12943	343	0	13517
6117	102	12555	245	175	0	13077
6118	109	268	106	11836	0	12319
6119	76	80	62	11640	0	11858
6120	83	11528	43	258	0	11912
6121	11659	178	31	145	0	12013
6122	11806	63	35	101	0	12005
6123	295	34	11867	74	0	12270
6124	11704	32	168	101	0	12005
6125	246	26	11551	81	0	11904
6126	10945	28	183	72	0	11228
6127	225	27	11095	74	0	11421
6128	119	10736	152	55	0	11062
6129	138	108	134	10271	0	10651
6130	88	46	39	10282	0	10455
6131	10382	21	21	186	0	10610
6132	10484	19	19	98	0	10620
6133	10437	10	17	64	0	10528
6134	180	17	10504	58	0	10759
6135	106	14	111	10528	0	10759
6136	71	16	67	10782	0	10936
6137	10755	17	32	180	0	10984
6138	144	10750	28	91	0	11013
6139	11232	113	15	82	0	11442
6140	145	64	17	11472	0	11698
6141	93	28	27	11723	0	11871
6142	62	20	26	11782	0	11890
6143	51	25	19	11853	0	11948
6144	45	19	17	11853	0	11934
6145	42	11387	18	216	0	11663
6146	39	11045	15	91	0	11190
6147	31	10686	6	34	0	10757
6148	33	95	13	10688	0	10829
6149	34	22	10540	72	0	10668
6150	9946	15	85	27	0	10073
6151	87	10777	26	18	0	10908
6152	41	58	24	10761	0	10884
6153	26	18	13	10895	0	10952
6154	11059	11	13	104	0	11187
6155	10971	10	9	52	0	11042
6156	11183	10	7	42	0	11242
6157	108	10	6	11623	0	11747
6158	49	7	11728	75	0	11859
6159	36	12	11905	29	0	11982
6160	28	8	86	12121	0	12243
6161	11	10	12172	95	0	12288
6162	11777	1	80	49	0	11907
6163	95	12	18	11965	0	12090
6164	34	10	12006	84	0	12134
6165	56	6	63	11764	0	11889
6166	27	7	12389	96	0	12519
6167	24	8	12880	39	0	12951
6168	43	40	90	13461	0	13634
6169	25	6	14195	112	0	14338
6170	13	21	13520	40	0	13594
6171	11	13051	174	32	0	13268
6172	80	151	77	13614	0	13922
6173	14212	51	38	154	0	14455
6174	139	33	14	14180	0	14366
6175	74	7	8	14604	0	14693
6176	35	12	14494	185	0	14726
6177	13838	8	120	114	0	14080
6178	142	4	55	14797	0	14998
6179	80	5	35	15080	0	15200
6180	14937	3	9	195	0	15144
6181	143	7	9	15099	0	15258
6182	15166	1	14	206	0	15387
6183	15176	6	16	96	0	15294
6184	15148	6	14	74	0	15242
6185	206	14737	8	34	0	14985
6186	15083	113	10	47	0	15253
6187	167	14963	14	19	0	15163
6188	82	147	6	15152	0	15387
6189	15293	55	8	150	0	15506
6190	136	15295	19	68	0	15518
6191	15497	135	12	60	0	15704
6192	163	15382	13	24	0	15582
6193	15375	170	15	31	0	15591
6194	173	15080	12	21	0	15286
6195	79	15459	11	24	0	15573
6196	61	16240	11	21	0	16333
6197	37	224	12	15932	0	16205
6198	23	16361	14	140	0	16538
6199	40	185	9	16338	0	16572
6200	44	101	5	16436	0	16586
6201	40	47	9	16456	0	16552
6202	34	36	3	16558	0	16631
6203	16437	11	5	285	0	16738
6204	16543	21	6	141	0	16711
6205	234	17	16347	76	0	16674
6206	16873	14	158	85	0	17130
6207	17663	16	69	49	0	17797
6208	18288	25	44	71	0	18428
6209	353	21	17938	38	0	18350
6210	155	36	18055	33	0	18279
6211	18272	19	299	60	0	18650
6212	298	32	18831	39	0	19200
6213	131	19449	297	46	0	19923
6214	125	274	99	19751	0	20249
6215	20315	107	69	320	0	20811
6216	20439	63	40	152	0	20694
6217	20592	43	41	88	0	20764
6218	457	27	35	20481	0	21000
6219	206	33	27	20839	0	21105
6220	112	33	20793	410	0	21348
6221	102	39	284	20959	0	21384
6222	81	13	111	21485	0	21690
6223	21042	28	65	448	0	21583
6224	343	21133	48	195	0	21719
6225	21502	301	35	140	0	21978
6226	395	116	31	21550	0	22092
6227	21437	69	38	382	0	21926
6228	21444	42	33	191	0	21710
6229	20998	24	23	165	0	21210
6230	463	20564	50	69	0	21146
6231	227	21195	36	62	0	21520
6232	156	365	34	21264	0	21819
6233	21408	132	53	361	0	21954
6234	387	88	37	21148	0	21660
6235	181	63	36	21426	0	21706
6236	130	59	21050	436	0	21675
6237	146	45	299	21012	0	21502
6238	136	54	99	21157	0	21446
6239	120	41	64	21183	0	21408
6240	99	26	20665	502	0	21292
6241	100	38	20192	232	0	20562
6242	75	20345	388	175	0	20983
6243	20511	301	166	144	0	21122
6244	384	122	95	20657	0	21258
6245	180	95	20692	377	0	21344
6246	183	46	323	20657	0	21209
6247	143	42	118	21760	0	22063
6248	21449	34	76	516	0	22075
6249	21490	37	68	258	0	21853
6250	445	21277	67	152	0	21941
6251	21286	312	81	142	0	21821
6252	21321	130	62	126	0	21639
6253	487	99	65	21072	0	21723
6254	241	81	20864	381	0	21567
6255	165	20882	319	217	0	21583
6256	20969	333	145	159	0	21606
6257	21290	125	69	158	0	21642
6258	497	21392	52	132	0	22073
6259	267	316	49	22162	0	22794
6260	22911	122	46	499	0	23578
6261	23245	85	51	253	0	23634
6262	591	62	53	23241	0	23947
6263	23275	72	54	530	0	23931
6264	24821	56	54	248	0	25179
6265	25161	64	48	213	0	25486
6266	716	57	24643	150	0	25566
6267	309	23933	421	153	0	24816
6268	203	24584	141	140	0	25068
6269	23787	482	91	154	0	24514
6270	502	23865	62	110	0	24539
6271	220	480	23752	88	0	24540
6272	217	154	403	23788	0	24562
6273	23792	107	129	494	0	24522
6274	543	81	78	23748	0	24450
6275	23898	61	65	552	0	24576
6276	24011	64	43	267	0	24385
6277	24018	53	69	178	0	24318
6278	598	23019	68	164	0	23849
6279	276	24253	72	130	0	24731
6280	24240	499	64	168	0	24971
6281	24075	177	58	156	0	24466
6282	24461	103	50	167	0	24781
6283	680	106	46	23913	0	24745
6284	23842	69	55	525	0	24491
6285	575	23017	57	226	0	23875
6286	266	24089	67	159	0	24581
6287	216	505	40	23912	0	24673
6288	208	165	23493	504	0	24370
6289	175	121	23350	199	0	23845
6290	221	90	461	23445	0	24217
6291	191	88	23500	500	0	24279
6292	225	85	455	23550	0	24315
6293	23725	100	133	539	0	24497
6294	557	90	93	23635	0	24375
6295	23360	80	77	539	0	24056
6296	576	22729	76	216	0	23597
6297	268	451	22868	141	0	23728
6298	222	162	429	22369	0	23182
6299	206	115	141	23168	0	23630
6300	165	131	22894	574	0	23764
6301	216	98	426	22395	0	23135
6302	163	22841	132	530	0	23666
6303	205	426	99	23368	0	24098
6304	201	148	90	23772	0	24211
6305	230	92	56	24186	0	24564
6306	188	83	23779	657	0	24707
6307	186	71	22506	256	0	23019
6308	21310	50	506	189	0	22055
6309	477	87	21584	111	0	22259
6310	206	21491	433	101	0	22231
6311	21474	386	177	115	0	22152
6312	463	21513	88	82	0	22146
6313	20921	404	159	107	0	21591
6314	21100	138	91	123	0	21452
6315	20874	66	74	93	0	21107
6316	20860	66	65	95	0	21086
6317	511	20004	58	83	0	20656
6318	215	20374	46	76	0	20711
6319	20437	427	63	79	0	21006
6320	458	163	19900	69	0	20590
6321	203	122	351	19733	0	20409
6322	165	70	130	20280	0	20645
6323	159	61	19967	459	0	20646
6324	19057	63	363	181	0	19664
6325	20130	61	128	150	0	20469
6326	20016	66	66	125	0	20273
6327	524	19500	82	84	0	20190
6328	20303	373	53	109	0	20838
6329	498	126	64	19786	0	20474
6330	211	20941	79	373	0	21604
6331	21479	418	68	181	0	22146
6332	21904	153	70	130	0	22257
6333	23104	107	68	113	0	23392
6334	714	87	53	22649	0	23503
6335	353	84	44	22863	0	23344
6336	208	22095	54	633	0	22990
6337	173	509	22448	240	0	23370
6338	193	186	465	22541	0	23385
6339	225	100	181	22578	0	23084
6340	165	99	109	23560	0	23933
6341	159	71	22898	709	0	23837
6342	22575	78	495	323	0	23471
6343	591	76	183	23350	0	24200
6344	278	74	23329	603	0	24284
6345	180	97	521	23185	0	23983
6346	23597	56	194	656	0	24503
6347	600	23467	104	312	0	24483
6348	268	523	120	24139	0	25050
6349	170	181	24100	661	0	25112
6350	23342	106	567	298	0	24313
6351	24243	92	235	199	0	24769
6352	739	79	23913	203	0	24934
6353	340	144	578	22821	0	23883
6354	195	23560	216	557	0	24528
6355	23963	535	158	273	0	24929
6356	661	191	23430	178	0	24460
6357	23013	111	572	183	0	23879
6358	737	111	22692	127	0	23667
6359	401	75	21531	113	0	22120
6360	20706	86	627	121	0	21540
6361	554	21188	237	133	0	22112
6362	336	481	20882	108	0	21807
6363	184	20478	473	130	0	21265
6364	201	420	19918	89	0	20628
6365	121	19869	445	95	0	20530
6366	18979	442	269	130	0	19820
6367	411	184	18599	91	0	19285
6368	213	84	18323	99	0	18719
6369	131	88	17970	71	0	18260
6370	17506	86	561	85	0	18238
6371	17825	41	236	72	0	18174
6372	485	52	130	17393	0	18060
6373	214	42	17964	358	0	18578
6374	134	66	18077	168	0	18445
6375	18028	42	460	92	0	18622
6376	419	53	219	18272	0	18963
6377	18322	56	149	362	0	18889
6378	18493	40	101	181	0	18815
6379	537	44	106	17568	0	18255
6380	265	17508	93	360	0	18226
6381	180	316	108	17864	0	18468
6382	163	123	99	18138	0	18523
6383	130	98	17858	481	0	18567
6384	136	17371	352	223	0	18082
6385	105	17948	202	153	0	18408
6386	120	426	130	17553	0	18229
6387	89	169	17644	374	0	18276
6388	75	17613	410	204	0	18302
6389	102	345	17739	133	0	18319
6390	17387	175	411	147	0	18120
6391	18020	99	237	105	0	18461
6392	468	90	17584	111	0	18253
6393	17650	79	414	89	0	18232
6394	437	94	208	17871	0	18610
6395	243	18478	141	382	0	19244
6396	171	354	157	18866	0	19548
6397	18508	165	128	415	0	19216
6398	18804	89	120	205	0	19218
6399	18767	64	116	141	0	19088
6400	18594	55	112	116	0	18877
6401	551	17939	122	115	0	18727
6402	253	18140	105	98	0	18596
6403	18084	402	126	105	0	18717
6404	468	173	18021	84	0	18746
6405	275	395	351	17529	0	18550
6406	138	18378	186	342	0	19044
6407	139	340	109	18431	0	19019
6408	84	18830	109	355	0	19378
6409	100	388	73	19085	0	19646
6410	106	177	18905	393	0	19581
6411	18712	114	382	215	0	19423
6412	19073	100	190	126	0	19489
6413	481	109	18775	73	0	19438
6414	18727	94	415	90	0	19326
6415	19112	88	187	97	0	19484
6416	529	57	18678	63	0	19327
6417	270	62	434	18349	0	19115
6418	18765	45	199	374	0	19383
6419	469	46	18644	162	0	19321
6420	278	63	411	18220	0	18972
6421	174	60	19144	384	0	19762
6422	155	57	18861	175	0	19248
6423	18878	55	531	155	0	19619
6424	19622	49	219	103	0	19993
6425	19744	53	141	99	0	20037
6426	20213	42	102	104	0	20461
6427	616	70	91	19543	0	20320
6428	269	18607	107	417	0	19400
6429	174	19214	84	192	0	19664
6430	169	479	67	18380	0	19095
6431	18496	155	93	376	0	19120
6432	408	17821	70	157	0	18456
6433	127	17598	55	69	0	17849
6434	17548	339	53	71	0	18011
6435	342	139	56	17407	0	17944
6436	17532	60	55	322	0	17969
6437	350	17393	49	107	0	17899
6438	17769	295	33	72	0	18169
6439	388	102	18236	42	0	18768
6440	19889	76	359	81	0	20405
6441	20777	40	100	79	0	20996
6442	21351	47	71	87	0	21556
6443	637	99	19029	59	0	19824
6444	20693	54	327	78	0	21152
6445	565	20649	118	56	0	21388
6446	211	385	20541	26	0	21163
6447	233	232	422	19627	0	20514
6448	139	112	138	19377	0	19766
6449	90	19525	94	440	0	20149
6450	97	369	48	19852	0	20366
6451	105	119	49	20144	0	20417
6452	83	99	19486	503	0	20171
6453	18711	34	400	225	0	19370
6454	443	31	19615	127	0	20216
6455	206	38	456	19516	0	20216
6456	140	44	19881	421	0	20486
6457	99	34	471	19988	0	20592
6458	20356	26	179	515	0	21076
6459	20981	31	122	184	0	21318
6460	601	39	72	21053	0	21765
6461	223	29	21315	519	0	22086
6462	161	23	460	21387	0	22031
6463	108	40	21041	567	0	21756
6464	20699	38	513	223	0	21473
6465	21408	31	164	164	0	21767
6466	20928	21	122	132	0	21203
6467	21105	31	89	116	0	21341
6468	658	20117	83	79	0	20937
6469	297	433	72	20559	0	21361
6470	20308	123	66	541	0	21038
6471	558	19888	69	177	0	20692
6472	221	20573	60	146	0	21000
6473	201	516	19423	98	0	20238
6474	19468	184	478	91	0	20221
6475	20090	100	162	98	0	20450
6476	666	75	19358	63	0	20162
6477	303	54	486	19349	0	20192
6478	235	52	165	19946	0	20398
6479	182	54	19608	577	0	20421
6480	190	47	493	19453	0	20183
6481	19559	41	166	592	0	20358
6482	590	54	18978	211	0	19833
6483	210	64	19495	171	0	19940
6484	19363	55	581	154	0	20153
6485	585	57	19595	105	0	20342
6486	19408	59	580	102	0	20149
6487	609	19217	212	118	0	20156
6488	19623	462	165	120	0	20370
6489	634	148	123	19353	0	20258
6490	259	103	108	19794	0	20264
6491	19494	68	101	663	0	20326
6492	588	54	88	19568	0	20298
6493	19462	70	81	613	0	20226
6494	624	19451	102	223	0	20400
6495	301	462	78	18804	0	19645
6496	226	140	113	19314	0	19793
6497	18943	103	89	644	0	19779
6498	19129	69	85	271	0	19554
6499	19119	63	74	197	0	19453
6500	726	17983	89	158	0	18956
6501	356	18526	65	122	0	19069
6502	18442	529	78	144	0	19193
6503	639	189	17946	133	0	18907
6504	282	17706	454	124	0	18566
6505	16763	491	322	162	0	17738
6506	16358	138	175	102	0	16773
6507	16242	110	85	105	0	16542
6508	598	85	62	15693	0	16438
6509	15875	58	71	426	0	16430
6510	15948	45	44	182	0	16219
6511	593	43	67	15303	0	16006
6512	15510	63	56	433	0	16062
6513	554	62	14888	164	0	15668
6514	261	57	377	15088	0	15783
6515	206	74	139	15337	0	15756
6516	162	59	125	15714	0	16060
6517	15348	39	75	583	0	16045
6518	15844	41	62	272	0	16219
6519	15907	58	60	182	0	16207
6520	15834	25	54	172	0	16085
6521	15247	28	72	127	0	15474
6522	647	27	65	14548	0	15287
6523	302	36	64	14799	0	15201
6524	14384	22	74	507	0	14987
6525	490	13996	63	247	0	14796
6526	14122	313	68	174	0	14677
6527	512	92	13541	136	0	14281
6528	14306	80	327	110	0	14823
6529	14920	54	87	122	0	15183
6530	569	38	15239	110	0	15956
6531	15898	57	418	93	0	16466
6532	630	42	15929	97	0	16698
6533	332	31	16681	69	0	17113
6534	295	79	604	16605	0	17583
6535	257	65	273	17529	0	18124
6536	220	33	17243	631	0	18127
6537	180	47	17403	327	0	17957
6538	116	16560	632	252	0	17560
6539	135	16380	300	162	0	16977
6540	14068	483	309	126	0	14986
6541	399	14657	131	100	0	15287
6542	14062	408	118	106	0	14694
6543	403	13851	94	67	0	14415
6544	13895	402	80	54	0	14431
6545	431	200	13284	40	0	13955
6546	13524	137	326	42	0	14029
6547	459	105	137	13230	0	13931
6548	252	13323	101	316	0	13992
6549	207	332	82	13594	0	14215
6550	13621	151	58	398	0	14228
6551	13932	109	43	179	0	14263
6552	523	81	53	13613	0	14270
6553	277	62	13361	386	0	14086
6554	197	55	13187	187	0	13626
6555	136	13545	396	139	0	14216
6556	155	455	196	13396	0	14202
6557	124	140	13371	359	0	13994
6558	108	12525	348	148	0	13129
6559	124	355	182	12407	0	13068
6560	68	141	105	12677	0	12991
6561	11836	83	92	397	0	12408
6562	287	79	58	11894	0	12318
6563	134	63	11610	390	0	12197
6564	114	41	280	11721	0	12156
6565	11520	49	136	384	0	12089
6566	302	43	11390	227	0	11962
6567	11502	29	281	163	0	11975
6568	347	11668	143	122	0	12280
6569	12058	256	112	98	0	12524
6570	12181	124	102	88	0	12495
6571	435	72	85	11867	0	12459
6572	251	55	51	12011	0	12368
6573	181	11697	62	377	0	12317
6574	135	263	45	12131	0	12574
6575	11922	138	42	377	0	12479
6576	332	100	11654	211	0	12297
6577	206	87	254	11642	0	12189
6578	132	11594	125	356	0	12207
6579	112	261	97	11971	0	12441
6580	86	165	73	12164	0	12488
6581	11846	119	40	436	0	12441
6582	314	11659	48	246	0	12267
6583	194	283	49	11865	0	12391
6584	11685	138	49	378	0	12250
6585	329	128	35	11729	0	12221
6586	176	89	29	12024	0	12318
6587	11956	57	25	497	0	12535
6588	12019	35	48	266	0	12368
6589	435	52	11735	200	0	12422
6590	11842	62	264	169	0	12337
6591	12186	36	130	140	0	12492
6592	12253	46	95	120	0	12514
6593	482	11424	82	132	0	12120
6594	295	11490	60	104	0	11949
6595	242	339	70	11526	0	12177
6596	11628	189	84	299	0	12200
6597	11794	119	52	182	0	12147
6598	466	93	33	11590	0	12182
6599	268	66	11601	333	0	12268
6600	11815	75	256	201	0	12347
6601	12465	80	128	145	0	12818
6602	454	60	83	12170	0	12767
6603	281	44	78	12350	0	12753
6604	12334	37	46	419	0	12836
6605	397	41	49	12203	0	12690
6606	232	12035	58	389	0	12714
6607	195	254	42	12573	0	13064
6608	12586	126	34	413	0	13159
6609	378	82	12258	247	0	12965
6610	11955	72	235	214	0	12476
6611	394	58	12198	159	0	12809
6612	240	42	303	12419	0	13004
6613	12514	55	172	346	0	13087
6614	368	51	116	12584	0	13119
6615	221	42	82	12734	0	13079
6616	12433	44	78	469	0	13024
6617	359	41	12193	285	0	12878
6618	229	40	12439	197	0	12905
6619	165	33	350	12800	0	13348
6620	158	35	175	13205	0	13573
6621	121	25	132	13448	0	13726
6622	111	22	13038	500	0	13671
6623	12858	19	268	324	0	13469
6624	13532	29	160	218	0	13939
6625	13626	28	124	176	0	13954
6626	13720	18	98	162	0	13998
6627	495	12849	55	150	0	13549
6628	295	12862	51	145	0	13353
6629	178	12751	48	124	0	13101
6630	169	277	60	11123	0	11629
6631	130	60	48	11426	0	11664
6632	94	15	10903	159	0	11171
6633	65	9930	81	67	0	10143
6634	102	65	46	9469	0	9682
6635	9250	19	26	75	0	9370
6636	50	9230	20	31	0	9331
6637	29	56	4	9170	0	9259
6638	19	9307	11	65	0	9402
6639	9469	50	10	46	0	9575
6640	72	22	11	9392	0	9497
6641	24	12	9320	54	0	9410
6642	20	9	9147	35	0	9211
6643	24	31	70	9629	0	9754
6644	20	8	27	9660	0	9715
6645	20	8	13	10064	0	10105
6646	9988	9	6	116	0	10119
6647	90	10	9810	36	0	9946
6648	40	9694	66	26	0	9826
6649	32	68	22	9813	0	9935
6650	11	36	9785	64	0	9896
6651	9	9719	63	36	0	9827
6652	15	69	29	9989	0	10102
6653	4	25	9935	67	0	10031
6654	17	11	53	9771	0	9852
6655	11	4	23	9914	0	9952
6656	10021	4	12	90	0	10127
6657	9962	4	4	44	0	10014
6658	85	7	7	9954	0	10053
6659	10002	7	6	81	0	10096
6660	77	10	10047	27	0	10161
6661	33	5	74	10130	0	10242
6662	18	8	10408	85	0	10519
6663	17	7	84	10564	0	10672
6664	13	10285	36	95	0	10429
6665	18	10443	23	37	0	10521
6666	11	10742	5	34	0	10792
6667	35	105	6	10865	0	11011
6668	28	28	6	11916	0	11978
6669	9	20	11815	169	0	12013
6670	16	14	11830	56	0	11916
6671	12	21	12499	27	0	12559
6672	13095	9	202	32	0	13338
6673	206	7	59	13696	0	13968
6674	14066	8	22	242	0	14338
6675	237	14491	22	66	0	14816
6676	78	250	12	14900	0	15240
6677	15287	78	13	285	0	15663
6678	294	49	15	15312	0	15670
6679	15308	23	12	339	0	15682
6680	319	17	15333	114	0	15783
6681	109	15494	272	76	0	15951
6682	82	251	90	15930	0	16353
6683	15907	81	65	310	0	16363
6684	16269	51	27	128	0	16475
6685	377	21	20	16195	0	16613
6686	155	12	30	16440	0	16637
6687	16027	17	22	406	0	16472
6688	327	17	36	15944	0	16324
6689	119	14	15737	352	0	16222
6690	79	15637	284	137	0	16137
6691	66	256	111	15997	0	16430
6692	15984	90	60	350	0	16484
6693	16120	45	28	164	0	16357
6694	434	44	16098	97	0	16673
6695	167	15683	297	95	0	16242
6696	118	16605	105	70	0	16898
6697	85	388	70	16612	0	17155
6698	77	143	35	16990	0	17245
6699	89	75	28	16908	0	17100
6700	82	40	51	16983	0	17156
6701	57	16316	45	523	0	16941
6702	71	359	31	16702	0	17163
6703	87	113	26	17045	0	17271
6704	16607	74	22	533	0	17236
6705	16670	38	30	282	0	17020
6706	474	16491	39	160	0	17164
6707	16870	352	43	158	0	17423
6708	17037	133	34	114	0	17318
6709	17033	93	33	122	0	17281
6710	540	60	16334	104	0	17038
6711	242	43	343	16508	0	17136
6712	158	50	108	17046	0	17362
6713	115	49	16499	517	0	17180
6714	101	45	375	16451	0	16972
6715	118	71	129	15881	0	16199
6716	16343	48	99	576	0	17066
6717	417	58	16177	263	0	16915
6718	196	38	353	16001	0	16588
6719	15807	47	142	478	0	16474
6720	405	15710	84	246	0	16445
6721	15822	370	49	181	0	16422
6722	15751	124	37	160	0	16072
6723	487	15301	48	147	0	15983
6724	243	359	35	15532	0	16169
6725	15520	119	30	457	0	16126
6726	427	15328	39	197	0	15991
6727	208	381	40	15519	0	16148
6728	15266	139	35	458	0	15898
6729	15191	84	42	228	0	15545
6730	509	14756	54	184	0	15503
6731	14892	522	40	160	0	15614
6732	482	150	40	14974	0	15646
6733	15032	88	48	466	0	15634
6734	502	58	14619	225	0	15404
6735	231	55	350	14852	0	15488
6736	165	53	129	15055	0	15402
6737	14573	51	95	561	0	15280
6738	431	14263	64	269	0	15027
6739	14222	361	46	199	0	14828
6740	469	14074	54	136	0	14733
6741	237	392	13658	126	0	14413
6742	192	138	13540	115	0	13985
6743	177	248	419	13198	0	14042
6744	124	84	13309	416	0	13933
6745	138	89	342	13319	0	13888
6746	144	63	122	13325	0	13654
6747	122	70	87	13794	0	14073
6748	13589	46	59	562	0	14256
6749	13626	54	35	286	0	14001
6750	14013	71	35	183	0	14302
6751	545	13584	54	158	0	14341
6752	257	14864	37	161	0	15319
6753	209	432	15646	131	0	16418
6754	169	173	437	16023	0	16802
6755	128	142	16000	512	0	16782
6756	159	83	479	15970	0	16691
6757	145	74	189	16338	0	16746
6758	156	71	136	16414	0	16777
6759	117	59	15668	723	0	16567
6760	127	68	456	15783	0	16434
6761	15450	62	224	664	0	16400
6762	490	14995	138	363	0	15986
6763	215	419	88	15436	0	16158
6764	15242	166	85	609	0	16102
6765	15392	138	89	303	0	15922
6766	625	95	73	14931	0	15724
6767	363	66	72	14747	0	15248
6768	13809	68	53	598	0	14528
6769	493	40	66	13731	0	14330
6770	12776	32	44	559	0	13411
6771	514	41	41	12463	0	13059
6772	203	29	11612	507	0	12351
6773	160	10822	266	289	0	11537
6774	149	11112	113	196	0	11570
6775	198	294	189	10326	0	11007
6776	163	126	142	10400	0	10831
6777	10036	78	38	378	0	10530
6778	252	58	50	10113	0	10473
6779	125	75	25	10184	0	10409
6780	95	63	23	9659	0	9840
6781	76	9235	15	425	0	9751
6782	85	194	17	9630	0	9926
6783	90	63	18	9691	0	9862
6784	71	51	18	9668	0	9808
6785	9095	31	38	464	0	9628
6786	212	9129	24	253	0	9618
6787	99	238	23	9411	0	9771
6788	86	106	22	9530	0	9744
6789	63	75	16	9615	0	9769
6790	9199	44	22	431	0	9696
6791	276	37	16	9317	0	9646
6792	118	45	13	9325	0	9501
6793	88	31	8613	406	0	9138
6794	58	8385	157	270	0	8870
6795	59	189	66	8672	0	8986
6796	8340	79	59	312	0	8790
6797	188	8306	35	213	0	8742
6798	8113	164	32	185	0	8494
6799	8266	85	43	124	0	8518
6800	238	102	22	8138	0	8500
6801	150	55	11	8300	0	8516
6802	136	45	8156	274	0	8611
6803	95	54	147	8451	0	8747
6804	105	22	8384	283	0	8794
6805	91	21	176	8620	0	8908
6806	8157	15	88	330	0	8590
6807	172	8230	75	211	0	8688
6808	82	174	74	8695	0	9025
6809	72	81	54	8847	0	9054
6810	63	61	66	8815	0	9005
6811	61	57	40	8904	0	9062
6812	8548	44	32	345	0	8969
6813	192	8355	34	231	0	8812
6814	95	168	19	8791	0	9073
6815	8653	64	21	372	0	9110
6816	209	55	8425	237	0	8926
6817	8485	39	158	221	0	8903
6818	8745	34	78	148	0	9005
6819	273	62	8469	128	0	8932
6820	163	46	182	8623	0	9014
6821	8783	40	90	252	0	9165
6822	261	8867	93	160	0	9381
6823	9113	178	58	159	0	9508
6824	9224	74	39	147	0	9484
6825	9271	59	54	145	0	9529
6826	322	39	22	9145	0	9528
6827	221	51	15	9521	0	9808
6828	161	10162	24	308	0	10655
6829	162	208	23	10509	0	10902
6830	10504	111	29	324	0	10968
6831	298	87	10206	195	0	10786
6832	10187	58	193	208	0	10646
6833	10661	55	97	162	0	10975
6834	329	73	62	10478	0	10942
6835	213	32	44	10735	0	11024
6836	10666	26	50	365	0	11107
6837	10701	31	63	222	0	11017
6838	9992	33	30	196	0	10251
6839	402	32	10265	148	0	10847
6840	194	10295	182	182	0	10853
6841	10520	196	89	168	0	10973
6842	335	110	56	10430	0	10931
6843	202	10408	41	262	0	10913
6844	169	226	41	10557	0	10993
6845	10508	117	73	306	0	11004
6846	283	112	36	10616	0	11047
6847	220	67	10310	327	0	10924
6848	117	10118	154	234	0	10623
6849	96	10483	75	192	0	10846
6850	104	219	9888	143	0	10354
6851	8771	238	290	191	0	9490
6852	179	8656	93	121	0	9049
6853	125	127	49	7440	0	7741
6854	7402	32	17	82	0	7533
6855	77	7271	17	37	0	7402
6856	54	71	7	7419	0	7551
6857	7464	32	9	91	0	7596
6858	89	13	4	7432	0	7538
6859	7480	10	9	95	0	7594
6860	97	13	7463	46	0	7619
6861	51	7493	65	31	0	7640
6862	7856	76	27	32	0	7991
6863	7767	29	19	47	0	7862
6864	7784	13	6	25	0	7828
6865	119	11	7396	22	0	7548
6866	7469	15	62	23	0	7569
6867	7745	11	36	23	0	7815
6868	116	26	14	7662	0	7818
6869	7725	10	4	89	0	7828
6870	103	7541	13	49	0	7706
6871	60	72	14	7693	0	7839
6872	36	41	7575	78	0	7730
6873	38	23	71	7544	0	7676
6874	28	21	38	7695	0	7782
6875	7635	20	15	118	0	7788
6876	7614	19	9	74	0	7716
6877	113	25	7472	33	0	7643
6878	7400	17	73	40	0	7530
6879	105	8	7509	32	0	7654
6880	79	20	74	7494	0	7667
6881	48	11	7559	101	0	7719
6882	53	11	88	7515	0	7667
6883	55	7475	35	83	0	7648
6884	32	69	7686	47	0	7834
6885	52	32	7844	29	0	7957
6886	87	30	138	6784	0	7039
6887	7949	17	42	114	0	8122
6888	8001	16	29	62	0	8108
6889	8037	17	25	40	0	8119
6890	154	19	16	7917	0	8106
6891	84	11	12	8016	0	8123
6892	69	7	11	8046	0	8133
6893	51	12	16	8032	0	8111
6894	52	15	7762	139	0	7968
6895	41	23	85	7698	0	7847
6896	37	7585	51	112	0	7785
6897	34	77	26	7794	0	7931
6898	7811	44	14	127	0	7996
6899	121	21	7711	73	0	7926
6900	7458	13	101	65	0	7637
6901	135	20	7959	33	0	8147
6902	60	15	7844	45	0	7964
6903	43	7823	150	36	0	8052
6904	62	122	76	7329	0	7589
6905	48	60	31	7804	0	7943
6906	45	6904	78	152	0	7179
6907	8370	123	34	67	0	8594
6908	180	73	19	8768	0	9040
6909	112	25	20	9574	0	9731
6910	72	12	20	10093	0	10197
6911	10854	21	16	366	0	11257
6912	11666	11	20	172	0	11869
6913	409	14	18	11441	0	11882
6914	197	13	17	11638	0	11865
6915	11337	13	21	443	0	11814
6916	333	17	19	11409	0	11778
6917	173	20	18	11608	0	11819
6918	111	9	20	11754	0	11894
6919	76	20	11061	491	0	11648
6920	10798	16	265	252	0	11331
6921	11184	13	112	174	0	11483
6922	443	11	10537	125	0	11116
6923	219	80	270	10073	0	10642
6924	107	10395	133	339	0	10974
6925	10338	257	81	188	0	10864
6926	316	10328	54	142	0	10840
6927	166	9906	55	103	0	10230
6928	144	321	42	9258	0	9765
6929	9194	129	42	308	0	9673
6930	9504	58	32	170	0	9764
6931	377	44	18	9308	0	9747
6932	189	42	34	9411	0	9676
6933	126	42	19	9442	0	9629
6934	105	54	19	9407	0	9585
6935	102	39	19	9220	0	9380
6936	76	8848	19	442	0	9385
6937	90	241	22	9147	0	9500
6938	8950	103	10	405	0	9468
6939	9142	59	13	240	0	9454
6940	9162	42	13	184	0	9401
6941	403	8801	16	174	0	9394
6942	195	246	20	8881	0	9342
6943	131	106	8700	369	0	9306
6944	8618	76	241	201	0	9136
6945	345	58	102	8777	0	9282
6946	8716	46	54	363	0	9179
6947	8598	33	31	210	0	8872
6948	8639	48	27	148	0	8862
6949	432	59	31	8264	0	8786
6950	8357	42	27	335	0	8761
6951	367	44	44	8331	0	8786
6952	237	33	20	8526	0	8816
6953	8352	29	24	425	0	8830
6954	372	40	22	8410	0	8844
6955	8320	34	14	400	0	8768
6956	8490	40	20	227	0	8777
6957	440	29	14	8343	0	8826
6958	258	32	8	8518	0	8816
6959	176	33	9	8631	0	8849
6960	161	17	7866	492	0	8536
6961	155	26	8013	273	0	8467
6962	155	15	303	7934	0	8407
6963	144	17	117	8130	0	8408
6964	130	20	51	8220	0	8421
6965	110	23	43	8231	0	8407
6966	126	26	44	8266	0	8462
6967	7768	16	41	533	0	8358
6968	329	7628	58	284	0	8299
6969	203	235	48	7888	0	8374
6970	7852	111	43	411	0	8417
6971	335	59	40	7962	0	8396
6972	196	33	29	8070	0	8328
6973	7763	46	31	474	0	8314
6974	7892	33	32	299	0	8256
6975	426	37	7519	209	0	8191
6976	248	38	230	7748	0	8264
6977	168	31	7644	425	0	8268
6978	146	30	250	7870	0	8296
6979	129	18	104	7981	0	8232
6980	139	15	56	8046	0	8256
6981	141	22	7483	510	0	8156
6982	129	7190	260	303	0	7882
6983	105	7583	133	233	0	8054
6984	99	273	79	7537	0	7988
6985	7308	116	68	408	0	7900
6986	292	58	7207	294	0	7851
6987	172	40	7465	204	0	7881
6988	117	49	338	7432	0	7936
6989	87	45	168	7463	0	7763
6990	90	7398	95	417	0	8000
6991	96	247	80	7569	0	7992
6992	104	115	60	7899	0	8178
6993	94	67	67	8021	0	8249
6994	7635	38	69	524	0	8266
6995	7811	41	68	283	0	8203
6996	388	50	46	7770	0	8254
6997	182	7529	55	400	0	8166
6998	125	240	31	7762	0	8158
6999	7426	93	41	418	0	7978
7000	294	7495	48	268	0	8105
7001	176	221	32	7127	0	7556
7002	127	7074	26	338	0	7565
7003	7020	239	47	227	0	7533
7004	6760	117	51	180	0	7108
7005	320	6829	38	167	0	7354
7006	140	6899	35	157	0	7231
7007	107	227	6291	103	0	6728
7008	60	5788	149	119	0	6116
7009	108	229	107	4877	0	5321
7010	52	66	4714	169	0	5001
7011	14	3597	58	54	0	3723
7012	29	45	9	3077	0	3160
7013	13	11	9	3111	0	3144
7014	7	7	7	3122	0	3143
7015	3045	12	7	54	0	3118
7016	42	9	2996	21	0	3068
7017	14	5	2998	14	0	3031
7018	7	9	43	3035	0	3094
7019	16	9	3188	45	0	3258
7020	4	11	42	3245	0	3302
7021	11	9	16	3147	0	3183
7022	10	7	7	3294	0	3318
7023	6	6	11	3302	0	3325
7024	3256	5	9	52	0	3322
7025	3245	6	6	28	0	3285
7026	39	8	6	3280	0	3333
7027	14	5	3422	54	0	3495
7028	16	2	34	3452	0	3504
7029	9	3370	15	48	0	3442
7030	8	32	10	3414	0	3464
7031	3398	10	12	51	0	3471
7032	3482	5	11	30	0	3528
7033	49	7	7	3500	0	3563
7034	16	5	7	3529	0	3557
7035	12	6	8	3548	0	3574
7036	3463	7	7	64	0	3541
7037	43	9	3435	26	0	3513
7038	20	5	3424	24	0	3473
7039	15	3362	40	23	0	3440
7040	3411	32	20	16	0	3479
7041	35	11	10	3461	0	3517
7042	11	7	3523	48	0	3589
7043	5	3458	36	25	0	3524
7044	13	3588	9	19	0	3629
7045	13	31	7	3640	0	3691
7046	11	8	12	3687	0	3718
7047	5	3628	6	45	0	3684
7048	10	32	8	3740	0	3790
7049	10	10	5	3742	0	3767
7050	3691	8	10	49	0	3758
7051	35	3680	8	24	0	3747
7052	10	34	7	3688	0	3739
7053	10	11	3630	47	0	3698
7054	16	8	27	3642	0	3693
7055	3664	9	10	46	0	3729
7056	33	3673	8	23	0	3737
7057	13	34	8	3722	0	3777
7058	12	14	3708	36	0	3770
7059	6	11	3858	23	0	3898
7060	8	12	42	4010	0	4072
7061	13	8	12	4128	0	4161
7062	4127	4	9	50	0	4190
7063	41	4275	8	22	0	4346
7064	4361	39	5	24	0	4429
7065	48	17	4427	15	0	4507
7066	4446	10	48	15	0	4519
7067	49	12	4633	13	0	4707
7068	4616	13	52	16	0	4697
7069	4747	10	22	18	0	4797
7070	68	15	4927	9	0	5019
7071	27	10	4879	13	0	4929
7072	16	4841	66	19	0	4942
7073	13	49	30	5091	0	5183
7074	5219	20	16	61	0	5316
7075	54	11	12	5299	0	5376
7076	28	13	8	5386	0	5435
7077	18	11	12	5366	0	5407
7078	7	7	5330	80	0	5424
7079	5087	5	54	43	0	5189
7080	5421	7	25	33	0	5486
7081	71	5512	13	30	0	5626
7082	36	46	14	5535	0	5631
7083	22	5679	14	60	0	5775
7084	21	57	11	5808	0	5897
7085	5785	27	13	80	0	5905
7086	65	5781	9	35	0	5890
7087	35	58	3	5705	0	5801
7088	5688	21	5	75	0	5789
7089	5712	11	5	31	0	5759
7090	82	8	2	5602	0	5694
7091	33	5	5609	69	0	5716
7092	24	43	53	5416	0	5536
7093	14	5577	25	55	0	5671
7094	5566	53	10	35	0	5664
7095	63	5559	5	13	0	5640
7096	29	62	7	5546	0	5644
7097	5639	19	5	68	0	5731
7098	66	9	7	5767	0	5849
7099	26	7	6	5788	0	5827
7100	14	5	5747	79	0	5845
7101	16	5703	51	31	0	5801
7102	5677	51	23	21	0	5772
7103	5302	33	13	39	0	5387
7104	59	5564	15	9	0	5647
7105	26	5627	4	13	0	5670
7106	25	60	13	5562	0	5660
7107	5534	21	6	52	0	5613
7108	50	5507	2	22	0	5581
7109	23	45	2	5589	0	5659
7110	12	22	5518	51	0	5603
7111	12	15	43	5557	0	5627
7112	5633	6	15	62	0	5716
7113	53	5640	7	27	0	5727
7114	21	49	3	5880	0	5953
7115	12	27	5798	56	0	5893
7116	16	14	5689	27	0	5746
7117	15	11	59	5858	0	5943
7118	14	6	21	5998	0	6039
7119	7	5858	11	70	0	5946
7120	10	56	6	5885	0	5957
7121	5905	21	6	69	0	6001
7122	60	12	6	5994	0	6072
7123	6052	14	4	68	0	6138
7124	61	5979	5	36	0	6081
7125	29	6161	5	14	0	6209
7126	13	73	10	6394	0	6490
7127	22	22	5	6296	0	6345
7128	18	17	6249	75	0	6359
7129	15	8	61	6163	0	6247
7130	6235	7	24	81	0	6347
7131	65	12	6187	37	0	6301
7132	24	15	64	6313	0	6416
7133	21	9	6595	89	0	6714
7134	22	11	76	6652	0	6761
7135	15	8	30	6665	0	6718
7136	20	6	17	6800	0	6843
7137	19	10	6715	108	0	6852
7138	14	10	76	6621	0	6721
7139	17	6710	32	92	0	6851
7140	17	75	13	6878	0	6983
7141	17	28	6	6873	0	6924
7142	6780	15	8	117	0	6920
7143	81	11	6696	47	0	6835
7144	34	14	72	6718	0	6838
7145	18	13	6739	99	0	6869
7146	17	17	6521	43	0	6598
7147	20	11	100	6860	0	6991
7148	21	10	32	6794	0	6857
7149	23	10	17	7148	0	7198
7150	7077	15	10	119	0	7221
7151	78	14	6945	62	0	7099
7152	7226	15	78	45	0	7364
7153	96	13	31	7587	0	7727
7154	45	12	12	7815	0	7884
7155	20	8068	18	119	0	8225
7156	17	75	11	8304	0	8407
7157	25	26	11	8330	0	8392
7158	35	16	12	8308	0	8371
7159	7832	11	11	123	0	7977
7160	73	8	7505	59	0	7645
7161	7213	8	75	46	0	7342
7162	87	7649	26	23	0	7785
7163	7517	64	14	33	0	7628
7164	63	7372	12	31	0	7478
7165	26	7408	21	19	0	7474
7166	49	82	23	7402	0	7556
7167	7468	14	31	84	0	7597
7168	69	15	3	7539	0	7626
7169	18	7299	6	87	0	7410
7170	21	7779	12	30	0	7842
7171	11	86	10	7929	0	8036
7172	25	25	4	7944	0	7998
7173	6	7938	7	108	0	8059
7174	20	83	6	8282	0	8391
7175	14	24	11	8377	0	8426
7176	11	21	8	8511	0	8551
7177	8454	10	4	146	0	8614
7178	89	9	8315	50	0	8463
7179	8375	8	80	49	0	8512
7180	8835	11	24	27	0	8897
7181	8702	9	13	21	0	8745
7182	113	8474	7	28	0	8622
7183	40	75	2	8477	0	8594
7184	8491	18	4	85	0	8598
7185	86	15	4	8627	0	8732
7186	8587	7	4	106	0	8704
7187	83	9027	5	30	0	9145
7188	9464	70	4	56	0	9594
7189	9641	17	5	22	0	9685
7190	9715	20	3	15	0	9753
7191	104	7	4	9669	0	9784
7192	44	4	5	9908	0	9961
7193	10051	13	1	98	0	10163
7194	70	9861	5	40	0	9976
7195	24	9870	5	30	0	9929
7196	10283	64	3	41	0	10391
7197	83	25	5	10314	0	10427
7198	26	23	6	10476	0	10531
7199	35	4	2	10653	0	10694
7200	24	10421	5	124	0	10574
7201	10615	81	3	58	0	10757
7202	88	26	5	10733	0	10852
7203	27	10769	5	104	0	10905
7204	37	95	6	11295	0	11433
7205	15	26	2	11411	0	11454
7206	20	28	4	11351	0	11403
7207	16	9	6	11478	0	11509
7208	11420	7	3	144	0	11574
7209	11311	8	8	66	0	11393
7210	11504	7	8	46	0	11565
7211	127	11	6	11538	0	11682
7212	52	17	11351	101	0	11521
7213	48	21	10547	51	0	10667
7214	19	25	11014	44	0	11102
7215	11650	18	115	41	0	11824
7216	99	17	38	11865	0	12019
7217	39	7	18	11810	0	11874
7218	36	6	5	11947	0	11994
7219	11816	9	4	142	0	11971
7220	11802	16	10	67	0	11895
7221	112	12398	11	45	0	12566
7222	59	78	6	12603	0	12746
7223	40	34	12340	95	0	12509
7224	23	12437	80	44	0	12584
7225	28	106	22	12665	0	12821
7226	39	31	21	12702	0	12793
7227	30	29	4	12561	0	12624
7228	37	19	3	12337	0	12396
7229	28	19	12358	120	0	12525
7230	22	18	11681	69	0	11790
7231	27	12453	84	48	0	12612
7232	25	71	31	12633	0	12760
7233	21	27	20	12444	0	12512
7234	12297	26	9	106	0	12438
7235	82	17	12290	50	0	12439
7236	48	12	58	12306	0	12424
7237	49	9	24	12741	0	12823
7238	23	9	12972	99	0	13103
7239	15	12872	64	65	0	13016
7240	13034	70	19	49	0	13172
7241	76	33	12834	25	0	12968
7242	12537	30	66	44	0	12677
7243	103	18	13294	26	0	13441
7244	45	5	80	13449	0	13579
7245	36	16	13540	80	0	13672
7246	22	15	13539	48	0	13624
7247	27	22	83	13973	0	14105
7248	126	37	71	11614	0	11848
7249	26	16	25	14464	0	14531
7250	29	8	7	14161	0	14205
7251	34	17	15	14102	0	14168
7252	27	12	14219	117	0	14375
7253	37	19	13273	63	0	13392
7254	12	14178	92	52	0	14334
7255	14193	82	41	40	0	14356
7256	105	40	24	14332	0	14501
7257	14416	21	12	136	0	14585
7258	119	10	10	14441	0	14580
7259	14845	4	20	190	0	15059
7260	133	7	12	15057	0	15209
7261	35	14	14	15197	0	15260
7262	38	15182	19	144	0	15383
7263	17	107	11	15674	0	15809
7264	19	38	13	15666	0	15736
7265	21	16	13	15683	0	15733
7266	26	7	9	15616	0	15658
7267	21	15197	13	141	0	15372
7268	15234	90	8	92	0	15424
7269	92	15088	13	54	0	15247
7270	28	96	6	14871	0	15001
7271	14638	24	8	120	0	14790
7272	101	31	14191	33	0	14356
7273	35	14	14004	28	0	14081
7274	53	52	100	13867	0	14072
7275	18	11	42	14410	0	14481
7276	6	10	13	14398	0	14427
7277	43	5	13	13461	0	13522
7278	20	3	7	14016	0	14046
7279	13	13684	6	119	0	13822
7280	6	68	8	14000	0	14082
7281	13920	20	6	111	0	14057
7282	72	12	7	14031	0	14122
7283	22	17	14210	97	0	14346
7284	25	6	74	14049	0	14154
7285	14001	2	34	123	0	14160
7286	80	14427	24	45	0	14576
7287	37	77	5	14949	0	15068
7288	29	28	6	15406	0	15469
7289	12	18	15142	199	0	15371
7290	27	18	18624	69	0	18738
7291	22609	7	400	69	0	23085
7292	599	9	134	23027	0	23769
7293	259	9	97	24054	0	24419
7294	212	18	24937	815	0	25982
7295	126	21	25466	421	0	26034
7296	54	25468	893	328	0	26743
7297	101	684	399	25513	0	26697
7298	33	222	25618	738	0	26611
7299	22	25472	844	310	0	26648
7300	25306	787	333	285	0	26711
7301	26436	288	282	205	0	27211
7302	981	247	175	25399	0	26802
7303	446	25678	131	751	0	27006
7304	25830	797	106	333	0	27066
7305	963	326	80	24442	0	25811
7306	398	267	25268	762	0	26695
7307	307	25473	762	330	0	26872
7308	25420	799	278	315	0	26812
7309	26203	321	248	254	0	27026
7310	1054	274	164	25569	0	27061
7311	553	202	87	26304	0	27146
7312	393	129	25201	1032	0	26755
7313	313	107	772	25611	0	26803
7314	277	99	291	24925	0	25592
7315	216	73	228	25947	0	26464
7316	197	59	151	26005	0	26412
7317	154	71	107	25420	0	25752
7318	96	24811	111	1381	0	26399
7319	24909	721	79	801	0	26510
7320	794	280	24661	576	0	26311
7321	303	24321	775	411	0	25810
7322	321	810	268	24876	0	26275
7323	24719	276	254	1024	0	26273
7324	853	255	184	24946	0	26238
7325	378	185	123	25488	0	26174
7326	319	118	120	25685	0	26242
7327	251	135	132	25822	0	26340
7328	157	100	24213	1526	0	25996
7329	167	24388	771	828	0	26154
7330	24564	796	290	690	0	26340
7331	865	305	24362	489	0	26021
7332	383	282	907	24665	0	26237
7333	24511	220	356	1081	0	26168
7334	948	24375	336	525	0	26184
7335	24780	848	258	500	0	26386
7336	1132	390	191	23542	0	25255
7337	548	320	173	25325	0	26366
7338	486	220	130	25234	0	26070
7339	356	164	106	25478	0	26104
7340	24093	157	123	1605	0	25978
7341	976	154	111	24708	0	25949
7342	468	120	96	25394	0	26078
7343	23606	115	110	1492	0	25323
7344	1023	117	23180	868	0	25188
7345	476	97	762	23946	0	25281
7346	22943	107	300	1266	0	24616
7347	23503	89	240	688	0	24520
7348	1228	95	180	22798	0	24301
7349	653	108	154	23099	0	24014
7350	512	21489	143	1350	0	23494
7351	395	756	109	22518	0	23778
7352	301	295	100	22799	0	23495
7353	241	242	21102	1548	0	23133
7354	213	157	21020	949	0	22339
7355	187	20833	983	794	0	22797
7356	197	779	482	21014	0	22472
7357	176	314	385	21925	0	22800
7358	20987	291	285	1317	0	22880
7359	850	229	237	21062	0	22378
7360	397	180	20264	1377	0	22218
7361	434	164	828	20914	0	22340
7362	293	139	19921	1338	0	21691
7363	209	166	20378	784	0	21537
7364	224	170	1106	20066	0	21566
7365	210	131	572	21022	0	21935
7366	20105	119	440	1354	0	22018
7367	20768	107	295	859	0	22029
7368	1103	108	278	20642	0	22131
7369	20780	106	211	1253	0	22350
7370	21463	89	163	726	0	22441
7371	1280	108	174	21035	0	22597
7372	737	112	145	21668	0	22662
7373	20962	91	141	1377	0	22571
7374	21232	55	143	881	0	22311
7375	1238	56	131	20991	0	22416
7376	735	20154	133	1259	0	22281
7377	603	727	112	21119	0	22561
7378	467	248	96	21835	0	22646
7379	320	222	20176	1547	0	22265
7380	300	149	717	21488	0	22654
7381	20038	108	303	1494	0	21943
7382	865	20376	285	865	0	22391
7383	20628	763	186	731	0	22308
7384	20975	295	129	584	0	21983
7385	21377	261	122	496	0	22256
7386	1393	348	118	19942	0	21801
7387	974	143	18330	1050	0	20497
7388	816	158	18051	552	0	19577
7389	456	17864	868	594	0	19782
7390	246	14089	290	368	0	14993
7391	162	10003	140	106	0	10411
7392	154	9585	193	120	0	10052
7393	303	250	8933	119	0	9605
7394	7314	222	323	90	0	7949
7395	105	56	37	7220	0	7418
7396	33	9	8	7083	0	7133
7397	27	8	11	7058	0	7104
7398	14	6985	15	105	0	7119
7399	6934	71	13	45	0	7063
7400	91	18	6881	25	0	7015
7401	21	6576	63	20	0	6680
7402	28	76	18	6659	0	6781
7403	6703	17	13	64	0	6797
7404	70	9	13	6643	0	6735
7405	19	7	6500	74	0	6600
7406	15	12	6439	31	0	6497
7407	20	4	59	6645	0	6728
7408	16	12	14	6678	0	6720
7409	6638	8	11	82	0	6739
7410	66	4	6593	32	0	6695
7411	6500	2	63	26	0	6591
7412	6589	5	15	28	0	6637
7413	78	7	12	6654	0	6751
7414	24	8	6747	68	0	6847
7415	28	6	52	6754	0	6840
7416	6838	5	13	77	0	6933
7417	68	6810	13	33	0	6924
7418	6947	56	16	23	0	7042
7419	74	17	6	7050	0	7147
7420	27	7206	16	93	0	7342
7421	27	77	13	7262	0	7379
7422	22	18	8	7452	0	7500
7423	15	7392	12	113	0	7532
7424	18	96	16	7531	0	7661
7425	19	28	7	7714	0	7768
7426	25	8	12	7929	0	7974
7427	18	12	7934	152	0	8116
7428	20	7851	120	53	0	8044
7429	8046	120	31	35	0	8232
7430	151	34	13	8247	0	8445
7431	41	8725	9	141	0	8916
7432	9363	147	8	55	0	9573
7433	178	36	6	9418	0	9638
7434	55	22	4	9553	0	9634
7435	34	17	6	9374	0	9431
7436	34	12	4	9262	0	9312
7437	9109	14	6	249	0	9378
7438	175	14	9	9242	0	9440
7439	60	11	9	9374	0	9454
7440	9260	15	11	251	0	9537
7441	197	13	4	9328	0	9542
7442	62	16	9190	227	0	9495
7443	50	16	164	9295	0	9525
7444	9027	13	50	230	0	9320
7445	198	9	24	9117	0	9348
7446	59	20	9074	225	0	9378
7447	41	17	8945	90	0	9093
7448	9080	13	220	72	0	9385
7449	9476	9	67	54	0	9606
7450	9532	11	25	62	0	9630
7451	9586	7	17	51	0	9661
7452	263	14	9367	40	0	9684
7453	97	10	183	9345	0	9635
7454	57	8	60	9648	0	9773
7455	9501	7	28	270	0	9806
7456	224	8	18	9602	0	9852
7457	70	10	9417	243	0	9740
7458	45	22	184	9537	0	9788
7459	38	10	9597	229	0	9874
7460	36	9561	196	102	0	9895
7461	9741	177	69	66	0	10053
7462	226	49	38	9760	0	10073
7463	86	22	9577	232	0	9917
7464	59	15	207	9669	0	9950
7465	46	12	63	10135	0	10256
7466	43	20	10044	300	0	10407
7467	50	16	219	10139	0	10424
7468	10078	13	73	306	0	10470
7469	241	18	9459	136	0	9854
7470	9478	12	192	101	0	9783
7471	237	9463	67	72	0	9839
7472	97	207	9468	62	0	9834
7473	69	71	9538	69	0	9747
7474	86	118	274	8336	0	8814
7475	54	18	87	8989	0	9148
7476	33	15	8945	281	0	9274
7477	39	15	201	9017	0	9272
7478	9038	10	82	269	0	9399
7479	9159	8	49	129	0	9345
7480	266	7	42	8985	0	9300
7481	106	12	38	9049	0	9205
7482	65	8917	29	275	0	9286
7483	9118	189	36	131	0	9474
7484	239	53	33	9081	0	9406
7485	99	9223	37	254	0	9613
7486	9321	191	32	133	0	9677
7487	9476	61	33	105	0	9675
7488	276	9535	39	88	0	9938
7489	122	203	29	9565	0	9919
7490	98	66	27	9663	0	9854
7491	69	31	9296	315	0	9711
7492	63	32	231	9270	0	9596
7493	9186	25	82	318	0	9611
7494	270	21	48	9163	0	9502
7495	108	21	8955	320	0	9404
7496	8975	16	227	165	0	9383
7497	268	25	86	9091	0	9470
7498	124	12	8996	292	0	9424
7499	74	20	238	9083	0	9415
7500	76	22	9019	297	0	9414
7501	81	9	251	9102	0	9443
7502	75	13	99	9312	0	9499
7503	8986	15	74	356	0	9431
7504	248	9002	64	169	0	9483
7505	9164	209	66	120	0	9559
7506	9173	68	63	118	0	9422
7507	9189	34	47	105	0	9375
7508	335	8975	50	90	0	9450
7509	132	213	9004	96	0	9445
7510	110	73	254	9030	0	9467
7511	9136	43	91	272	0	9542
7512	9300	28	66	145	0	9539
7513	324	18	59	9005	0	9406
7514	8956	30	41	304	0	9331
7515	297	24	8823	133	0	9277
7516	8834	28	239	125	0	9226
7517	292	29	8757	95	0	9173
7518	142	8564	225	102	0	9033
7519	8554	195	104	77	0	8930
7520	8372	58	64	88	0	8582
7521	291	8203	53	87	0	8634
7522	8148	208	79	78	0	8513
7523	8083	64	43	76	0	8266
7524	283	36	7787	68	0	8174
7525	7610	27	177	75	0	7889
7526	221	25	7477	57	0	7780
7527	114	79	167	6975	0	7335
7528	84	7071	82	165	0	7402
7529	84	147	7023	72	0	7326
7530	6329	207	206	186	0	6928
7531	6079	77	97	97	0	6350
7532	152	21	24	5685	0	5882
7533	77	19	5596	106	0	5798
7534	59	12	108	5612	0	5791
7535	5597	13	53	124	0	5787
7536	115	5678	29	59	0	5881
7537	5623	100	32	36	0	5791
7538	5671	25	16	30	0	5742
7539	145	5540	14	34	0	5733
7540	80	93	8	5541	0	5722
7541	5634	29	19	111	0	5793
7542	138	14	7	5695	0	5854
7543	52	17	28	5918	0	6015
7544	41	17	5924	131	0	6113
7545	52	10	105	5952	0	6119
7546	29	17	38	6034	0	6118
7547	5925	16	16	141	0	6098
7548	6015	5	21	53	0	6094
7549	161	14	11	5972	0	6158
7550	62	15	5838	129	0	6044
7551	60	6	5769	56	0	5891
7552	45	28	150	5751	0	5974
7553	42	11	5885	135	0	6073
7554	36	26	115	5831	0	6008
7555	32	19	54	5850	0	5955
7556	5864	19	25	143	0	6051
7557	128	10	5770	58	0	5966
7558	5718	10	106	48	0	5882
7559	5749	5	40	41	0	5835
7560	142	9	5507	41	0	5699
7561	53	11	5592	32	0	5688
7562	51	172	112	5296	0	5631
7563	50	5215	37	88	0	5390
7564	44	5343	29	41	0	5457
7565	67	110	27	4985	0	5189
7566	40	22	14	4875	0	4951
7567	36	16	17	4994	0	5063
7568	29	11	17	5028	0	5085
7569	4877	5	16	105	0	5003
7570	87	10	19	4891	0	5007
7571	23	12	4784	109	0	4928
7572	34	7	78	4719	0	4838
7573	35	4654	23	83	0	4795
7574	39	60	13	4722	0	4834
7575	4714	12	19	81	0	4826
7576	90	5	17	4785	0	4897
7577	31	10	4777	90	0	4908
7578	23	4659	82	41	0	4805
7579	27	62	33	4743	0	4865
7580	4722	17	12	95	0	4846
7581	4789	12	27	33	0	4861
7582	96	9	14	4780	0	4899
7583	40	10	4553	82	0	4685
7584	34	9	4348	34	0	4425
7585	4433	4	85	21	0	4543
7586	85	4	4517	25	0	4631
7587	25	4	4449	19	0	4497
7588	30	31	72	4201	0	4334
7589	4413	0	31	70	0	4514
7590	4408	2	2	30	0	4442
7591	4430	2	7	18	0	4457
7592	77	6	4559	9	0	4651
7593	24	2	4623	12	0	4661
7594	11	4805	62	16	0	4894
7595	13	54	25	4755	0	4847
7596	11	13	11	4875	0	4910
7597	13	1	13	4747	0	4774
7598	9	3	10	4867	0	4889
7599	10	6	4838	70	0	4924
7600	14	4873	47	28	0	4962
7601	5118	49	18	19	0	5204
7602	5644	14	12	23	0	5693
7603	5731	2	12	16	0	5761
7604	92	5752	16	23	0	5883
7605	31	87	9	5856	0	5983
7606	6158	22	4	108	0	6292
7607	100	6397	6	37	0	6540
7608	6338	101	7	30	0	6476
7609	111	6343	11	16	0	6481
7610	6372	107	9	26	0	6514
7611	6458	30	13	18	0	6519
7612	142	22	10	6492	0	6666
7613	65	10	9	6738	0	6822
7614	31	17	6655	140	0	6843
7615	27	15	6487	47	0	6576
7616	6626	8	137	27	0	6798
7617	6827	7	43	31	0	6908
7618	166	4	23	6697	0	6890
7619	65	4	21	6788	0	6878
7620	29	16	6639	156	0	6840
7621	32	6	122	6597	0	6757
7622	38	11	6590	143	0	6782
7623	39	12	122	6607	0	6780
7624	32	10	34	6810	0	6886
7625	6681	12	28	178	0	6899
7626	6671	6	20	76	0	6773
7627	171	9	19	6620	0	6819
7628	73	9	15	6702	0	6799
7629	34	13	6553	181	0	6781
7630	33	11	122	6618	0	6784
7631	40	10	6613	150	0	6813
7632	6580	7	126	80	0	6793
7633	159	6	43	6716	0	6924
7634	6655	10	36	151	0	6852
7635	142	6594	29	78	0	6843
7636	6686	121	26	52	0	6885
7637	172	39	23	6636	0	6870
7638	73	23	19	6678	0	6793
7639	56	6615	15	173	0	6859
7640	50	131	16	6735	0	6932
7641	46	41	6581	158	0	6826
7642	45	29	128	6583	0	6785
7643	35	12	6371	167	0	6585
7644	20	6183	128	77	0	6408
7645	30	105	56	6250	0	6441
7646	25	41	6180	136	0	6382
7647	30	20	6097	70	0	6217
7648	36	26	141	6031	0	6234
7649	5974	12	81	136	0	6203
7650	114	18	5922	69	0	6123
7651	57	8	114	5918	0	6097
7652	5978	6	59	140	0	6183
7653	109	5824	39	75	0	6047
7654	6152	102	22	61	0	6337
7655	128	40	26	6168	0	6362
7656	65	23	17	6255	0	6360
7657	48	20	23	6333	0	6424
7658	6222	20	22	180	0	6444
7659	125	22	17	6308	0	6472
7660	57	13	18	6415	0	6503
7661	6136	9	27	181	0	6353
7662	115	6	6085	98	0	6304
7663	64	9	111	6183	0	6367
7664	50	12	6125	137	0	6324
7665	6063	13	116	85	0	6277
7666	131	11	52	6207	0	6401
7667	65	16	6228	131	0	6440
7668	6121	20	117	76	0	6334
7669	6283	15	48	66	0	6412
7670	158	22	6403	50	0	6633
7671	76	14	106	6397	0	6593
7672	51	11	53	6551	0	6666
7673	40	15	6555	167	0	6777
7674	46	6506	107	90	0	6749
7675	40	96	6632	60	0	6828
7676	6389	34	133	69	0	6625
7677	129	26	6692	64	0	6911
7678	6517	13	136	65	0	6731
7679	130	16	6695	55	0	6896
7680	6541	9	131	73	0	6754
7681	145	6695	71	42	0	6953
7682	72	94	50	6676	0	6892
7683	55	30	40	6884	0	7009
7684	48	21	6833	153	0	7055
7685	56	19	118	6626	0	6819
7686	38	6653	49	135	0	6875
7687	6555	83	36	98	0	6772
7688	98	6575	25	79	0	6777
7689	50	98	39	6661	0	6848
7690	6663	32	34	142	0	6871
7691	121	6713	29	90	0	6953
7692	6644	104	29	55	0	6832
7693	148	40	6698	47	0	6933
7694	67	26	122	6715	0	6930
7695	55	17	62	6791	0	6925
7696	46	25	42	6928	0	7041
7697	6878	16	33	184	0	7111
7698	6930	9	36	105	0	7080
7699	6977	10	35	77	0	7099
7700	6897	18	37	54	0	7006
7701	176	16	6442	60	0	6694
7702	5824	9	82	23	0	5938
7703	115	5809	32	24	0	5980
7704	51	5805	22	15	0	5893
7705	5686	83	148	32	0	5949
7706	5653	24	44	33	0	5754
7707	78	11	6	5411	0	5506
7708	5548	8	12	71	0	5639
7709	5564	6	10	23	0	5603
7710	6009	5	4	23	0	6041
7711	91	5	4	5957	0	6057
7712	27	5789	10	62	0	5888
7713	19	5932	6	17	0	5974
7714	26	69	5	5947	0	6047
7715	5869	12	9	67	0	5957
7716	58	5937	3	18	0	6016
7717	16	58	8	5955	0	6037
7718	15	16	5987	57	0	6075
7719	5744	14	51	30	0	5839
7720	60	6021	7	14	0	6102
7721	18	6166	8	15	0	6207
7722	6132	50	1	11	0	6194
7723	61	14	6182	10	0	6267
7724	26	10	50	6111	0	6197
7725	16	6237	9	50	0	6312
7726	26	53	9	6357	0	6445
7727	16	10	2	6320	0	6348
7728	20	5845	23	55	0	5943
7729	21	48	5	6482	0	6556
7730	16	12	5	6540	0	6573
7731	6474	14	2	69	0	6559
7732	56	6392	3	17	0	6468
7733	6490	62	1	28	0	6581
7734	68	21	6	6435	0	6530
7735	15	6538	4	59	0	6616
7736	19	54	6580	19	0	6672
7737	20	28	58	6668	0	6774
7738	24	15	8	6846	0	6893
7739	11	17	6958	62	0	7048
7740	6784	11	60	28	0	6883
7741	71	9	8	7549	0	7637
7742	7566	12	13	97	0	7688
7743	91	9	7416	27	0	7543
7744	27	13	80	7555	0	7675
7745	29	12	7874	91	0	8006
7746	26	10	97	7994	0	8127
7747	25	15	23	8224	0	8287
7748	8161	10	22	126	0	8319
7749	88	8244	11	61	0	8404
7750	8295	92	10	38	0	8435
7751	109	22	8289	18	0	8438
7752	37	27	88	8362	0	8514
7753	27	10	8581	107	0	8725
7754	7883	11	116	41	0	8051
7755	8434	11	28	38	0	8511
7756	122	8	8423	20	0	8573
7757	8350	9	106	33	0	8498
7758	8642	6	27	23	0	8698
7759	127	9	31	8578	0	8745
7760	54	9	8435	107	0	8605
7761	41	14	8625	32	0	8712
7762	42	12	114	8721	0	8889
7763	34	12	47	8657	0	8750
7764	26	8536	34	118	0	8714
7765	22	8752	26	53	0	8853
7766	8753	111	17	44	0	8925
7767	115	39	23	8755	0	8932
7768	39	8602	19	113	0	8773
7769	37	8866	15	49	0	8967
7770	8642	118	15	45	0	8820
7771	120	39	14	8728	0	8901
7772	42	8750	14	111	0	8917
7773	50	111	16	8783	0	8960
7774	33	31	19	8810	0	8893
7775	25	29	19	8789	0	8862
7776	8646	12	15	160	0	8833
7777	120	8628	14	68	0	8830
7778	46	121	15	8717	0	8899
7779	48	32	16	8808	0	8904
7780	39	32	11	8811	0	8893
7781	26	19	8525	161	0	8731
7782	8268	17	105	68	0	8458
7783	116	18	33	8550	0	8717
7784	8417	13	36	142	0	8608
7785	8482	11	15	66	0	8574
7786	8441	15	14	67	0	8537
7787	148	17	8383	40	0	8588
7788	62	8322	109	25	0	8518
7789	53	112	25	8245	0	8435
7790	23	30	8242	119	0	8414
7791	28	46	7987	43	0	8104
7792	37	51	107	7812	0	8007
7793	25	7740	39	108	0	7912
7794	7892	90	38	53	0	8073
7795	8007	28	22	57	0	8114
7796	8095	28	9	49	0	8181
7797	8031	13	11	48	0	8103
7798	128	14	7913	32	0	8087
7799	7828	22	83	23	0	7956
7800	113	8007	30	28	0	8178
7801	47	83	35	8105	0	8270
7802	42	24	17	8200	0	8283
7803	8146	26	15	122	0	8309
7804	108	16	20	8133	0	8277
7805	42	10	7976	120	0	8148
7806	7708	9	96	53	0	7866
7807	7941	12	22	48	0	8023
7808	7857	14	27	43	0	7941
7809	140	9	7650	23	0	7822
7810	7259	13	74	36	0	7382
7811	106	7347	29	21	0	7503
7812	7422	71	49	35	0	7577
7813	118	25	25	7274	0	7442
7814	47	31	10	7324	0	7412
7815	29	7209	18	94	0	7350
7816	37	72	14	7275	0	7398
7817	30	7192	15	103	0	7340
7818	25	83	13	7179	0	7300
7819	24	7104	13	92	0	7233
7820	31	87	16	7124	0	7258
7821	23	7141	11	96	0	7271
7822	32	100	10	7386	0	7528
7823	18	7436	9	114	0	7577
7824	7960	103	8	49	0	8120
7825	135	32	6	8078	0	8251
7826	46	27	6	8227	0	8306
7827	41	23	6	8646	0	8716
7828	30	15	7	8794	0	8846
7829	22	12	8809	216	0	9059
7830	39	12	138	8886	0	9075
7831	31	17	41	9060	0	9149
7832	8889	15	31	212	0	9147
7833	8874	15	14	103	0	9006
7834	190	8945	13	59	0	9207
7835	84	148	8	9011	0	9251
7836	64	44	11	9505	0	9624
7837	9696	32	21	239	0	9988
7838	220	29	9190	99	0	9538
7839	9159	20	156	104	0	9439
7840	231	9367	56	51	0	9705
7841	8919	166	25	36	0	9146
7842	8924	44	12	50	0	9030
7843	225	8749	13	17	0	9004
7844	76	8947	13	37	0	9073
7845	99	217	29	8488	0	8833
7846	37	73	8415	170	0	8695
7847	8275	36	160	58	0	8529
7848	181	27	8330	38	0	8576
7849	8129	27	185	29	0	8370
7850	197	22	8242	27	0	8488
7851	71	8165	175	29	0	8440
7852	48	168	66	8161	0	8443
7853	7997	42	29	177	0	8245
7854	8131	41	26	59	0	8257
7855	246	21	16	8110	0	8393
7856	8338	16	18	189	0	8561
7857	8376	32	12	61	0	8481
7858	249	8185	12	51	0	8497
7859	8283	186	9	40	0	8518
7860	233	8293	23	26	0	8575
7861	92	201	8	8352	0	8653
7862	8273	51	27	213	0	8564
7863	8597	44	8	62	0	8711
7864	8606	24	19	58	0	8707
7865	293	31	8084	331	0	8739
7866	105	23	8535	40	0	8703
7867	79	20	225	8637	0	8961
7868	86	13	60	9145	0	9304
7869	41	9389	45	250	0	9725
7870	9479	220	20	85	0	9804
7871	255	68	30	9481	0	9834
7872	111	57	12	9676	0	9856
7873	76	26	9487	298	0	9887
7874	49	9254	218	113	0	9634
7875	43	9612	67	78	0	9800
7876	69	279	42	9592	0	9982
7877	9410	93	27	268	0	9798
7878	271	56	27	9429	0	9783
7879	100	32	35	9721	0	9888
7880	9555	35	19	313	0	9922
7881	9735	30	24	136	0	9925
7882	320	19	20	9590	0	9949
7883	130	47	9465	275	0	9917
7884	88	28	217	9638	0	9971
7885	74	18	67	9863	0	10022
7886	9635	26	45	344	0	10050
7887	264	15	36	9678	0	9993
7888	9622	28	28	346	0	10024
7889	314	25	9648	130	0	10117
7890	120	21	233	9978	0	10352
7891	96	35	74	10237	0	10442
7892	66	24	55	10349	0	10494
7893	74	20	25	10293	0	10412
7894	92	21	32	10106	0	10251
7895	60	27	9674	400	0	10161
7896	9626	22	236	206	0	10090
7897	295	31	85	9740	0	10151
7898	110	20	9559	334	0	10023
7899	93	26	9622	160	0	9901
7900	77	23	297	9588	0	9985
7901	9494	23	122	337	0	9976
7902	9665	29	59	141	0	9894
7903	9776	31	62	129	0	9998
7904	394	28	49	9287	0	9758
7905	179	9411	48	313	0	9951
7906	9645	232	47	166	0	10090
7907	9812	81	46	131	0	10070
7908	9793	66	52	109	0	10020
7909	9817	36	39	96	0	9988
7910	406	32	37	9479	0	9954
7911	186	35	9382	304	0	9907
7912	152	26	264	9396	0	9838
7913	103	26	9358	343	0	9830
7914	9322	38	279	164	0	9803
7915	9563	18	103	130	0	9814
7916	377	20	9217	110	0	9724
7917	9265	15	260	110	0	9650
7918	9664	25	93	116	0	9898
7919	398	34	72	9329	0	9833
7920	207	9299	47	304	0	9857
7921	9418	238	47	142	0	9845
7922	338	169	51	8926	0	9484
7923	185	8788	35	288	0	9296
7924	143	225	43	8500	0	8911
7925	88	69	8395	296	0	8848
7926	97	8461	183	152	0	8893
7927	8036	219	103	126	0	8484
7928	8009	75	76	108	0	8268
7929	7811	37	39	87	0	7974
7930	7873	10	58	88	0	8029
7931	288	63	37	7578	0	7966
7932	125	7548	39	202	0	7914
7933	7247	150	45	129	0	7571
7934	230	57	7354	81	0	7722
7935	123	7188	168	73	0	7552
7936	100	128	6773	77	0	7078
7937	77	63	137	6191	0	6468
7938	62	5802	65	137	0	6066
7939	62	108	40	6387	0	6597
7940	63	52	6589	145	0	6849
7941	73	25	120	6507	0	6725
7942	75	21	53	6757	0	6906
7943	77	19	28	6817	0	6941
7944	6598	17	31	188	0	6834
7945	156	6564	30	96	0	6846
7946	91	106	28	6660	0	6885
7947	6546	38	28	162	0	6774
7948	143	6580	34	81	0	6838
7949	6630	102	34	70	0	6836
7950	163	42	6634	60	0	6899
7951	88	42	116	6500	0	6746
7952	88	6602	46	126	0	6862
7953	6692	100	49	57	0	6898
7954	152	42	6542	58	0	6794
7955	95	6236	107	43	0	6481
7956	77	89	48	6217	0	6431
7957	54	38	31	6299	0	6422
7958	6170	35	25	122	0	6352
7959	112	21	21	6133	0	6287
7960	67	24	5945	104	0	6140
7961	74	31	66	5761	0	5932
7962	52	15	5946	93	0	6106
7963	58	51	77	5659	0	5845
7964	51	5798	32	89	0	5970
7965	5827	71	38	49	0	5985
7966	5689	41	24	49	0	5803
7967	107	5379	20	29	0	5535
7968	45	5098	14	18	0	5175
7969	100	49	36	4775	0	4960
7970	4773	16	12	45	0	4846
7971	47	12	10	4739	0	4808
7972	4694	11	11	41	0	4757
7973	45	4620	7	15	0	4687
7974	23	35	5	4719	0	4782
7975	19	15	4838	36	0	4908
7976	19	18	30	4764	0	4831
7977	15	13	7	4849	0	4884
7978	4912	8	8	42	0	4970
7979	32	4974	4	23	0	5033
7980	15	34	7	5012	0	5068
7981	5028	12	6	35	0	5081
7982	33	10	5026	14	0	5083
7983	5002	7	23	25	0	5057
7984	35	19	8	5145	0	5207
7985	16	5317	5	30	0	5368
7986	5359	26	2	27	0	5414
7987	36	11	5476	6	0	5529
7988	13	12	5402	10	0	5437
7989	14	5439	40	10	0	5503
7990	5233	19	29	6	0	5287
7991	24	4	3	5288	0	5319
7992	9	1	2	5311	0	5323
7993	5403	2	1	41	0	5447
7994	38	2	5414	11	0	5465
7995	16	1	34	5542	0	5593
7996	8	1	5800	34	0	5843
7997	7	2	40	5786	0	5835
7998	1	5800	17	76	0	5894
7999	7	35	5	5998	0	6045
8000	2	11	5936	46	0	5995
8001	5908	8	40	23	0	5979
8002	44	8	13	6088	0	6153
8003	15	3	6134	45	0	6197
8004	13	2	41	6053	0	6109
8005	8	4	13	6081	0	6106
8006	5	4	6055	57	0	6121
8007	9	4	6037	23	0	6073
8008	6	1	54	6236	0	6297
8009	2	7	6284	47	0	6340
8010	6215	1	48	21	0	6285
8011	44	4	18	6344	0	6410
8012	6308	3	14	51	0	6376
8013	50	4	6250	25	0	6329
8014	27	4	46	6391	0	6468
8015	12	6	6808	48	0	6874
8016	9	6736	56	19	0	6820
8017	8	40	6867	21	0	6936
8018	9	19	6638	12	0	6678
8019	6589	10	76	10	0	6685
8020	6803	4	29	18	0	6854
8021	66	2	6982	11	0	7061
8022	36	10	55	6762	0	6863
8023	26	4	24	7015	0	7069
8024	9	2	7198	73	0	7282
8025	16	6941	56	28	0	7041
8026	6842	50	28	30	0	6950
8027	47	19	7094	15	0	7175
8028	30	11	57	7138	0	7236
8029	19	4	23	7288	0	7334
8030	7412	4	21	83	0	7520
8031	7500	6	13	42	0	7561
8032	7565	7	4	23	0	7599
8033	7585	2	13	17	0	7617
8034	77	4	12	7516	0	7609
8035	33	3	7848	64	0	7948
8036	29	4	57	7827	0	7917
8037	19	3	27	7949	0	7998
8038	19	5	15	8214	0	8253
8039	18	4	8088	84	0	8194
8040	7790	5	64	42	0	7901
8041	82	4	31	8152	0	8269
8042	44	3	8349	82	0	8478
8043	17	8482	75	50	0	8624
8044	17	68	34	8717	0	8836
8045	12	23	25	8821	0	8881
8046	8725	9	16	115	0	8865
8047	81	8855	14	45	0	8995
8048	31	74	8888	21	0	9014
8049	27	29	80	8811	0	8947
8050	19	9	32	8871	0	8931
8051	8782	2	22	121	0	8927
8052	8790	7	15	50	0	8862
8053	114	6	13	8911	0	9044
8054	8876	7	16	101	0	9000
8055	97	8821	17	44	0	8979
8056	36	85	9325	26	0	9472
8057	33	30	82	9333	0	9478
8058	24	11	30	9610	0	9675
8059	20	8	22	9648	0	9698
8060	21	10	14	9507	0	9552
8061	16	9381	21	111	0	9529
8062	9375	75	14	64	0	9528
8063	85	29	17	9479	0	9610
8064	43	9837	19	79	0	9978
8065	9964	71	16	64	0	10115
8066	9941	30	11	60	0	10042
8067	111	10079	17	32	0	10239
8068	55	81	8	10266	0	10410
8069	28	31	17	10327	0	10403
8070	29	18	8	10158	0	10213
8071	21	12	9	10308	0	10350
8072	10510	7	17	133	0	10667
8073	10649	12	9	71	0	10741
8074	127	10718	13	43	0	10901
8075	52	105	10739	31	0	10927
8076	36	35	115	10805	0	10991
8077	10941	25	35	147	0	11148
8078	142	10715	24	52	0	10933
8079	45	10912	9	43	0	11009
8080	11129	138	17	37	0	11321
8081	11305	49	18	34	0	11406
8082	174	33	14	11191	0	11412
8083	67	20	11381	151	0	11619
8084	63	24	11274	50	0	11411
8085	11786	34	166	52	0	12038
8086	12252	16	51	40	0	12359
8087	12153	10	31	38	0	12232
8088	12078	22	19	35	0	12154
8089	12068	13	28	37	0	12146
8090	190	12028	23	35	0	12276
8091	76	142	12	11951	0	12181
8092	47	12469	10	133	0	12659
8093	12688	139	25	55	0	12907
8094	12597	55	15	64	0	12731
8095	12598	30	9	56	0	12693
8096	12596	18	17	22	0	12653
8097	158	12339	18	28	0	12543
8098	12412	113	20	38	0	12583
8099	149	12398	10	21	0	12578
8100	78	135	8	12525	0	12746
8101	12504	34	13	142	0	12693
8102	141	27	12625	34	0	12827
8103	66	23	101	12452	0	12642
8104	47	23	26	12855	0	12951
8105	41	23	12824	142	0	13030
8106	40	12807	111	54	0	13012
8107	12850	117	34	47	0	13048
8108	12815	33	20	31	0	12899
8109	153	12640	19	28	0	12840
8110	65	117	8	12788	0	12978
8111	45	44	13060	117	0	13266
8112	30	13448	120	45	0	13643
8113	13421	125	37	69	0	13652
8114	147	44	13354	17	0	13562
8115	12472	28	109	27	0	12636
8116	13035	24	21	46	0	13126
8117	161	16	13360	20	0	13557
8118	57	13319	119	23	0	13518
8119	74	133	26	13104	0	13337
8120	44	31	13638	115	0	13828
8121	12850	28	120	49	0	13047
8122	13456	25	28	37	0	13546
8123	143	13357	26	31	0	13557
8124	54	106	15	13477	0	13652
8125	53	34	11	13701	0	13799
8126	35	26	13667	124	0	13852
8127	36	13820	103	39	0	13998
8128	14359	114	24	81	0	14578
8129	14535	32	23	50	0	14640
8130	14645	40	18	40	0	14743
8131	149	25	14401	21	0	14596
8132	14192	17	104	42	0	14355
8133	14680	22	32	20	0	14754
8134	146	15	15	14716	0	14892
8135	62	18	14405	102	0	14587
8136	60	22	104	14239	0	14425
8137	49	29	14514	110	0	14702
8138	43	38	103	14112	0	14296
8139	33	14311	39	106	0	14489
8140	25	15019	26	41	0	15111
8141	45	110	16	15228	0	15399
8142	49	30	14	14737	0	14830
8143	14885	23	12	136	0	15056
8144	106	22	14730	35	0	14893
8145	14294	13	88	51	0	14446
8146	111	14902	26	21	0	15060
8147	14999	99	23	42	0	15163
8148	15040	22	18	53	0	15133
8149	130	24	11	15009	0	15174
8150	47	21	15472	89	0	15629
8151	57	18	94	15445	0	15614
8152	40	16083	20	117	0	16260
8153	40	113	19	16312	0	16484
8154	39	28	18	16462	0	16547
8155	16267	24	18	158	0	16467
8156	129	15	18	15932	0	16094
8157	41	15678	19	135	0	15873
8158	48	99	8	16021	0	16176
8159	16096	37	14	164	0	16311
8160	128	16220	10	57	0	16415
8161	45	132	12	16641	0	16830
8162	46	40	13	16752	0	16851
8163	40	28	11	17186	0	17265
8164	43	25	8	16963	0	17039
8165	17125	19	18	245	0	17407
8166	203	16	5	17402	0	17626
8167	70	14	12	17681	0	17777
8168	57	31	12	17924	0	18024
8169	30	18127	11	283	0	18451
8170	18166	206	17	130	0	18519
8171	236	59	18199	81	0	18575
8172	66	17969	197	49	0	18281
8173	17620	209	63	47	0	17939
8174	218	55	17882	17	0	18172
8175	62	17796	200	32	0	18090
8176	70	272	62	17677	0	18081
8177	39	17867	43	174	0	18123
8178	29	204	17682	48	0	17963
8179	18	78	17662	50	0	17808
8180	13	17642	205	47	0	17907
8181	17667	176	90	51	0	17984
8182	17653	56	56	42	0	17807
8183	198	51	17017	19	0	17285
8184	95	38	16054	14	0	16201
8185	58	18	16557	15	0	16648
8186	56	14	243	16415	0	16728
8187	36	19	92	16345	0	16492
8188	35	10	62	16930	0	17037
8189	20	23	17191	246	0	17480
8190	40	11	185	16511	0	16747
8191	24	11	61	17098	0	17194
8192	16	17	16773	255	0	17061
8193	16242	12	210	132	0	16596
8194	218	14	61	17334	0	17627
8195	86	15	52	17244	0	17397
8196	55	17478	36	265	0	17834
8197	17552	201	33	144	0	17930
8198	219	78	17353	72	0	17722
8199	17173	51	212	69	0	17505
8200	283	31	74	17393	0	17781
8201	101	41	17510	225	0	17877
8202	90	13	228	17294	0	17625
8203	17432	22	94	304	0	17852
8204	241	24	17295	109	0	17669
8205	17040	14	249	114	0	17417
8206	17335	24	97	70	0	17526
8207	17529	14	54	82	0	17679
8208	330	17132	57	53	0	17572
8209	156	211	34	17634	0	18035
8210	17934	74	29	268	0	18305
8211	17893	51	35	118	0	18097
8212	17886	29	223	112	0	18250
8213	370	36	17536	56	0	17998
8214	18221	17	241	69	0	18548
8215	382	23	108	19130	0	19643
8216	150	20	19014	358	0	19542
8217	148	18	339	19558	0	20063
8218	103	10	127	19865	0	20105
8219	78	21	20000	516	0	20615
8220	77	17	427	20134	0	20655
8221	69	18	156	20941	0	21184
8222	50	36	22811	610	0	23507
8223	23854	15	543	308	0	24720
8224	26251	12	243	200	0	26706
8225	862	15	167	26779	0	27823
8226	422	22	26642	731	0	27817
8227	351	28	737	26100	0	27216
8228	266	25785	272	837	0	27160
8229	273	618	187	26060	0	27138
8230	220	220	184	26656	0	27280
8231	25976	151	126	1159	0	27412
8232	26165	123	135	632	0	27055
8233	26690	96	144	478	0	27408
8234	1118	110	87	26174	0	27489
8235	585	83	58	26723	0	27449
8236	437	64	25648	1144	0	27293
8237	461	76	703	25181	0	26421
8238	375	25405	291	1014	0	27085
8239	25557	658	208	606	0	27029
8240	843	24987	205	480	0	26515
8241	25199	789	156	445	0	26589
8242	946	365	162	24136	0	25609
8243	471	24630	142	891	0	26134
8244	24726	834	100	508	0	26168
8245	25198	396	110	351	0	26055
8246	1176	295	86	24365	0	25922
8247	626	24386	89	911	0	26012
8248	495	790	110	24687	0	26082
8249	380	367	24125	1037	0	25909
8250	23696	280	708	548	0	25232
8251	939	23841	304	464	0	25548
8252	23412	803	206	376	0	24797
8253	1025	359	176	23386	0	24946
8254	23750	292	149	952	0	25143
8255	1051	230	23580	452	0	25313
8256	24434	161	752	418	0	25765
8257	24750	231	310	346	0	25637
8258	1332	168	24067	344	0	25911
8259	815	110	845	24062	0	25832
8260	688	104	385	24468	0	25645
8261	23863	139	286	1152	0	25440
8262	1075	23354	300	615	0	25344
8263	642	796	257	23072	0	24767
8264	459	336	22641	1055	0	24491
8265	409	258	22469	643	0	23779
8266	395	21980	880	547	0	23802
8267	449	752	21917	476	0	23594
8268	21089	440	978	405	0	22912
8269	872	294	505	20682	0	22353
8270	21132	207	397	903	0	22639
8271	945	188	20940	470	0	22543
8272	539	213	865	20960	0	22577
8273	479	193	429	21520	0	22621
8274	445	169	20692	1083	0	22389
8275	433	126	824	20999	0	22382
8276	20543	196	415	1069	0	22223
8277	21102	152	326	668	0	22248
8278	1050	120	302	20757	0	22229
8279	20664	130	276	1060	0	22130
8280	20954	148	219	616	0	21937
8281	1196	19969	229	527	0	21921
8282	806	627	191	20385	0	22009
8283	20656	284	147	966	0	22053
8284	1161	223	166	20537	0	22087
8285	20499	212	214	1024	0	21949
8286	1142	185	164	20334	0	21825
8287	689	209	19955	1092	0	21945
8288	537	19919	741	702	0	21899
8289	574	739	332	18234	0	19879
8290	542	19637	251	958	0	21388
8291	19470	774	281	587	0	21112
8292	933	18914	248	540	0	20635
8293	578	19179	273	457	0	20487
8294	504	978	241	18529	0	20252
8295	18542	565	193	930	0	20230
8296	859	461	175	18572	0	20067
8297	18452	365	165	1001	0	19983
8298	18525	374	152	619	0	19670
8299	1053	18166	156	543	0	19918
8300	18670	782	175	480	0	20107
8301	18982	370	197	409	0	19958
8302	19038	326	162	388	0	19914
8303	1305	288	17637	349	0	19579
8304	889	247	638	17776	0	19550
8305	744	235	325	18344	0	19648
8306	706	197	17272	957	0	19132
8307	17901	216	708	612	0	19437
8308	18456	149	388	561	0	19554
8309	18318	129	339	498	0	19284
8310	17753	137	278	484	0	18652
8311	1247	16704	207	488	0	18646
8312	16986	580	191	362	0	18119
8313	1263	288	156	16357	0	18064
8314	875	217	14792	735	0	16619
8315	15164	191	465	370	0	16190
8316	1035	14892	242	345	0	16514
8317	14149	546	187	295	0	15177
8318	875	13623	168	316	0	14982
8319	594	12949	140	327	0	14010
8320	415	12867	198	319	0	13799
8321	497	12643	229	279	0	13648
8322	402	630	9875	290	0	11197
8323	379	725	448	7822	0	9374
8324	156	145	6980	247	0	7528
8325	5821	72	160	82	0	6135
8326	156	5746	55	75	0	6032
8327	75	5826	36	68	0	6005
8328	56	156	46	5647	0	5905
8329	90	64	22	5744	0	5920
8330	61	62	5604	149	0	5876
8331	61	67	5563	61	0	5752
8332	57	50	122	5552	0	5781
8333	69	46	5585	133	0	5833
8334	68	5568	118	74	0	5828
8335	80	121	51	5474	0	5726
8336	87	48	28	5854	0	6017
8337	77	43	5737	138	0	5995
8338	81	30	111	5712	0	5934
8339	5800	25	49	153	0	6027
8340	149	25	40	5711	0	5925
8341	83	16	55	5760	0	5914
8342	61	36	5599	182	0	5878
8343	5508	32	113	92	0	5745
8344	148	5652	47	76	0	5923
8345	112	96	25	5668	0	5901
8346	100	46	5602	109	0	5857
8347	90	48	99	5581	0	5818
8348	5630	41	45	131	0	5847
8349	169	37	5612	74	0	5892
8350	100	47	124	5559	0	5830
8351	72	39	5730	146	0	5987
8352	87	5768	121	63	0	6039
8353	72	120	5702	52	0	5946
8354	55	5539	124	44	0	5762
8355	51	92	5016	26	0	5185
8356	49	98	72	4497	0	4716
8357	13	4629	38	60	0	4740
8358	4513	56	16	36	0	4621
8359	55	26	14	4550	0	4645
8360	4612	14	15	64	0	4705
8361	72	15	9	4741	0	4837
8362	41	9	6	4847	0	4903
8363	4847	13	8	74	0	4942
8364	4957	10	14	40	0	5021
8365	96	12	7	5194	0	5309
8366	45	12	5320	72	0	5449
8367	27	5298	70	39	0	5434
8368	18	67	5399	25	0	5509
8369	19	5413	72	23	0	5527
8370	5324	77	34	25	0	5460
8371	78	29	5241	4	0	5352
8372	39	23	5177	16	0	5255
8373	28	6	76	5069	0	5179
8374	5169	8	34	74	0	5285
8375	64	8	5313	32	0	5417
8376	34	5500	63	20	0	5617
8377	5661	58	25	31	0	5775
8378	5749	25	19	16	0	5809
8379	5832	21	11	17	0	5881
8380	5846	12	9	12	0	5879
8381	5818	9	9	20	0	5856
8382	95	8	5715	8	0	5826
8383	42	37	62	5514	0	5655
8384	25	5622	26	53	0	5726
8385	5717	52	23	26	0	5818
8386	56	5795	12	21	0	5884
8387	5519	53	14	13	0	5599
8388	5497	23	13	6	0	5539
8389	64	5449	10	9	0	5532
8390	5562	49	14	11	0	5636
8391	62	26	7	5566	0	5661
8392	31	10	11	5642	0	5694
8393	20	11	5550	67	0	5648
8394	16	5642	57	29	0	5744
8395	13	45	23	5720	0	5801
8396	17	28	11	5764	0	5820
8397	17	15	9	5774	0	5815
8398	16	12	5622	72	0	5722
8399	5415	4	47	37	0	5503
8400	63	3	20	5708	0	5794
8401	5801	7	17	61	0	5886
8402	70	7	12	5803	0	5892
8403	30	10	5894	61	0	5995
8404	21	11	5881	31	0	5944
8405	5829	8	73	27	0	5937
8406	6012	9	34	16	0	6071
8407	79	5882	19	11	0	5991
8408	39	57	5902	6	0	6004
8409	26	29	58	5797	0	5910
8410	60	35	40	4960	0	5095
8411	6146	9	15	85	0	6255
8412	6172	4	11	46	0	6233
8413	6187	6	12	26	0	6231
8414	92	6	6091	14	0	6203
8415	6259	10	55	18	0	6342
8416	74	6	28	6288	0	6396
8417	34	10	16	6329	0	6389
8418	26	6	13	6359	0	6404
8419	17	6241	8	87	0	6353
8420	6201	51	9	44	0	6305
8421	71	20	5	6160	0	6256
8422	30	16	6134	64	0	6244
8423	27	8	61	6079	0	6175
8424	15	6128	28	73	0	6244
8425	6228	55	22	26	0	6331
8426	67	22	10	6199	0	6298
8427	35	19	8	6164	0	6226
8428	27	9	6206	74	0	6316
8429	18	9	56	6176	0	6259
8430	11	6200	25	69	0	6305
8431	16	49	17	6324	0	6406
8432	19	19	6343	70	0	6451
8433	5925	16	54	34	0	6029
8434	6260	8	27	18	0	6313
8435	81	6317	21	14	0	6433
8436	6222	42	5	19	0	6288
8437	6380	12	9	21	0	6422
8438	66	6345	6	17	0	6434
8439	32	57	7	6447	0	6543
8440	6597	17	6	64	0	6684
8441	57	6725	11	29	0	6822
8442	28	53	6810	17	0	6908
8443	6777	26	60	19	0	6882
8444	7119	19	21	14	0	7173
8445	7148	10	18	15	0	7191
8446	7173	3	6	24	0	7206
8447	88	7251	3	24	0	7366
8448	7387	56	7	28	0	7478
8449	7576	23	3	25	0	7627
8450	7689	18	1	19	0	7727
8451	99	7	5	7671	0	7782
8452	7665	4	10	79	0	7758
8453	74	7943	10	35	0	8062
8454	39	75	8329	20	0	8463
8455	37	43	78	8661	0	8819
8456	8837	19	31	103	0	8990
8457	97	9	8843	33	0	8982
8458	47	4	91	8880	0	9022
8459	20	3	8883	98	0	9004
8460	19	8823	104	48	0	8994
8461	22	97	26	8745	0	8890
8462	18	28	8799	88	0	8933
8463	9	8743	96	29	0	8877
8464	45	105	32	8663	0	8845
8465	8680	28	30	114	0	8852
8466	8718	9	7	40	0	8774
8467	8720	7	9	17	0	8753
8468	8697	9	5	18	0	8729
8469	8703	5	10	23	0	8741
8470	115	8	8661	9	0	8793
8471	8673	3	88	27	0	8791
8472	8946	5	28	20	0	8999
8473	125	9	16	8874	0	9024
8474	8927	7	10	93	0	9037
8475	8670	3	8	45	0	8726
8476	113	8503	6	17	0	8639
8477	56	88	5	8596	0	8745
8478	33	23	5	8668	0	8729
8479	8587	9	4	122	0	8722
8480	105	8524	5	42	0	8676
8481	42	8761	5	23	0	8831
8482	37	109	5	8909	0	9060
8483	32	34	7	8967	0	9040
8484	30	13	8	8897	0	8948
8485	34	8	6	9048	0	9096
8486	8818	4	7	147	0	8976
8487	8806	2	6	54	0	8868
8488	143	11	8833	19	0	9006
8489	61	9	101	8738	0	8909
8490	30	12	31	8912	0	8985
8491	20	9	8744	140	0	8913
8492	8550	9	103	57	0	8719
8493	111	8704	33	28	0	8876
8494	8684	112	6	25	0	8827
8495	133	29	7	8671	0	8840
8496	43	19	8766	113	0	8941
8497	34	12	99	8930	0	9075
8498	25	11	9207	128	0	9371
8499	23	9289	110	46	0	9468
8500	9192	102	40	38	0	9372
8501	9202	33	14	27	0	9276
8502	134	9126	12	24	0	9296
8503	51	102	6	9030	0	9189
8504	8906	25	15	117	0	9063
8505	105	8860	11	40	0	9016
8506	44	99	8	8970	0	9121
8507	9017	35	10	125	0	9187
8508	120	13	8845	37	0	9015
8509	8815	13	103	37	0	8968
8510	104	8957	36	27	0	9124
8511	8978	93	12	33	0	9116
8512	8962	32	22	16	0	9032
8513	140	14	8815	20	0	8989
8514	66	9	104	8646	0	8825
8515	36	19	31	8915	0	9001
8516	31	11	8818	135	0	8995
8517	32	10	109	8681	0	8832
8518	41	19	34	8350	0	8444
8519	8914	12	8	151	0	9085
8520	8963	4	17	58	0	9042
8521	159	11	11	8880	0	9061
8522	55	13	8919	116	0	9103
8523	47	9	97	8958	0	9111
8524	40	10	33	9053	0	9136
8525	28	8	9142	145	0	9323
8526	33	12	103	9254	0	9402
8527	9219	8	36	123	0	9386
8528	9175	8	11	63	0	9257
8529	136	9095	17	32	0	9280
8530	9307	108	17	43	0	9475
8531	9310	35	1	54	0	9400
8532	144	9318	16	36	0	9514
8533	9485	108	12	39	0	9644
8534	9553	31	7	34	0	9625
8535	9679	13	7	31	0	9730
8536	160	15	9362	23	0	9560
8537	9379	7	105	40	0	9531
8538	136	12	37	9647	0	9832
8539	9634	14	17	142	0	9807
8540	133	13	9521	61	0	9728
8541	58	9329	112	27	0	9526
8542	9364	108	38	31	0	9541
8543	124	9666	16	28	0	9834
8544	67	118	15	9605	0	9805
8545	52	35	7	9824	0	9918
8546	9821	15	20	154	0	10010
8547	9750	16	7	54	0	9827
8548	161	17	9605	25	0	9808
8549	69	20	9057	19	0	9165
8550	30	12	9224	17	0	9283
8551	51	76	124	9083	0	9334
8552	24	9	9145	117	0	9295
8553	28	19	8690	27	0	8764
8554	100	162	117	8296	0	8675
8555	8617	16	53	129	0	8815
8556	8727	1	19	30	0	8777
8557	8770	3	15	22	0	8810
8558	8808	2	8	19	0	8837
8559	108	6	9	8760	0	8883
8560	33	5	8	8885	0	8931
8561	18	4	9100	94	0	9216
8562	31	2	90	8933	0	9056
8563	35	9	27	8679	0	8750
8564	9271	3	14	117	0	9405
8565	9270	3	15	39	0	9327
8566	111	4	9	9211	0	9335
8567	9315	1	13	116	0	9445
8568	9466	2	8	31	0	9507
8569	126	3	6	9520	0	9655
8570	48	3	8	9428	0	9487
8571	31	3	9250	119	0	9403
8572	28	10	9044	42	0	9124
8573	25	14	108	9298	0	9445
8574	35	5	37	9516	0	9593
8575	15	5	9472	121	0	9613
8576	9132	1	88	55	0	9276
8577	9307	4	30	27	0	9368
8578	126	8	9189	19	0	9342
8579	39	9238	87	31	0	9395
8580	9459	67	36	32	0	9594
8581	101	25	9845	17	0	9988
8582	49	24	83	9758	0	9914
8583	36	5	34	10039	0	10114
8584	10347	4	28	115	0	10494
8585	10804	3	22	69	0	10898
8586	116	6	14	10961	0	11097
8587	53	2	13	11562	0	11630
8588	11595	4	13	146	0	11758
8589	11726	3	16	52	0	11797
8590	11657	2	15	41	0	11715
8591	137	8	11716	28	0	11889
8592	63	5	110	11819	0	11997
8593	40	4	32	12137	0	12213
8594	12069	1	26	154	0	12250
8595	113	12079	26	56	0	12274
8596	12789	98	13	63	0	12963
8597	167	12830	20	30	0	13047
8598	68	135	14	13268	0	13485
8599	44	27	13	13559	0	13643
8600	38	15	13398	209	0	13660
8601	49	13	169	13375	0	13606
8602	41	8	13386	203	0	13638
8603	42	12	179	13544	0	13777
8604	38	12	48	13588	0	13686
8605	29	13075	34	239	0	13377
8606	25	13649	35	90	0	13799
8607	38	190	19	13420	0	13667
8608	44	52	24	13941	0	14061
8609	53	25	20	14037	0	14135
8610	46	18	21	14120	0	14205
8611	46	20	20	14316	0	14402
8612	28	28	14025	258	0	14339
8613	44	16	195	13962	0	14217
8614	37	11	45	14333	0	14426
8615	29	23	13809	277	0	14138
8616	31	13701	203	103	0	14038
8617	51	178	44	14014	0	14287
8618	34	42	13893	241	0	14210
8619	30	14008	213	92	0	14343
8620	43	185	49	14230	0	14507
8621	14495	28	37	285	0	14845
8622	222	32	43	14411	0	14708
8623	75	24	24	14541	0	14664
8624	49	13	26	14698	0	14786
8625	60	19	35	14412	0	14526
8626	33	13940	34	293	0	14300
8627	35	174	22	14363	0	14594
8628	14671	48	22	317	0	15058
8629	223	34	27	14803	0	15087
8630	76	33	16	14783	0	14908
8631	62	15	22	14983	0	15082
8632	14424	22	34	315	0	14795
8633	14440	29	17	168	0	14654
8634	261	16	23	14530	0	14830
8635	14060	15	25	293	0	14393
8636	14238	17	31	155	0	14441
8637	213	14205	22	117	0	14557
8638	14084	172	23	123	0	14402
8639	203	13965	26	86	0	14280
8640	62	14057	21	79	0	14219
8641	62	197	30	14214	0	14503
8642	56	47	14261	240	0	14604
8643	55	57	161	13822	0	14095
8644	57	41	40	13987	0	14125
8645	37	13766	36	245	0	14084
8646	13766	171	28	121	0	14086
8647	184	43	21	13814	0	14062
8648	53	37	14244	229	0	14563
8649	58	41	156	14142	0	14397
8650	51	14342	49	223	0	14665
8651	14478	181	22	114	0	14795
8652	197	46	25	14584	0	14852
8653	58	42	14608	235	0	14943
8654	51	37	172	14583	0	14843
8655	40	14220	47	257	0	14564
8656	33	186	36	14575	0	14830
8657	15134	60	24	279	0	15497
8658	15382	34	26	159	0	15601
8659	15491	35	33	125	0	15684
8660	236	15634	37	107	0	16014
8661	15894	207	25	115	0	16241
8662	262	82	28	16091	0	16463
8663	16023	37	21	323	0	16404
8664	253	16081	22	135	0	16491
8665	112	238	25	16211	0	16586
8666	58	92	16228	299	0	16677
8667	15398	59	204	181	0	15842
8668	234	16182	70	126	0	16612
8669	96	238	26	16302	0	16662
8670	71	80	32	16613	0	16796
8671	70	54	22	16453	0	16599
8672	56	48	36	16085	0	16225
8673	41	16052	27	344	0	16464
8674	16279	220	25	170	0	16694
8675	16255	92	22	132	0	16501
8676	295	64	16277	100	0	16736
8677	120	52	224	16488	0	16884
8678	82	42	16456	293	0	16873
8679	16116	41	228	172	0	16557
8680	16436	34	75	115	0	16660
8681	15939	32	23	115	0	16109
8682	336	37	35	15519	0	15927
8683	128	15452	31	315	0	15926
8684	15751	224	18	154	0	16147
8685	300	90	23	15480	0	15893
8686	15451	44	19	299	0	15813
8687	281	50	14817	118	0	15266
8688	130	21	14588	103	0	14842
8689	15037	30	251	82	0	15400
8690	297	34	77	15134	0	15542
8691	14978	24	51	283	0	15336
8692	284	14884	39	119	0	15326
8693	15074	225	19	101	0	15419
8694	15224	89	37	88	0	15438
8695	363	54	14868	45	0	15330
8696	114	50	13843	44	0	14051
8697	89	13862	235	32	0	14218
8698	155	217	153	13479	0	14004
8699	13509	60	90	202	0	13861
8700	197	30	26	13452	0	13705
8701	97	22	22	13782	0	13923
8702	61	19	13399	231	0	13710
8703	13189	22	156	110	0	13477
8704	197	27	57	13777	0	14058
8705	100	24	13563	185	0	13872
8706	71	37	13195	85	0	13388
8707	78	79	202	13392	0	13751
8708	50	33	13484	191	0	13758
8709	50	30	13274	90	0	13444
8710	84	33	220	12684	0	13021
8711	45	26	13483	182	0	13736
8712	57	20	174	13176	0	13427
8713	36	12962	79	180	0	13257
8714	13641	151	42	124	0	13958
8715	185	13844	46	49	0	14124
8716	85	191	23	13841	0	14140
8717	47	14144	41	221	0	14453
8718	49	203	14480	92	0	14824
8719	68	96	222	15954	0	16340
8720	43	39	18049	356	0	18487
8721	17922	32	399	178	0	18531
8722	413	19077	157	76	0	19723
8723	19404	412	105	75	0	19996
8724	544	161	57	19136	0	19898
8725	19432	101	46	446	0	20025
8726	564	52	19162	186	0	19964
8727	231	19276	434	121	0	20062
8728	19156	428	169	98	0	19851
8729	529	176	114	18476	0	19295
8730	234	19054	74	409	0	19771
8731	195	477	47	19306	0	20025
8732	19354	172	53	571	0	20150
8733	468	20543	78	241	0	21330
8734	20721	520	68	178	0	21487
8735	637	229	20206	88	0	21160
8736	20465	156	482	93	0	21196
8737	695	85	180	20387	0	21347
8738	20299	64	116	601	0	21080
8739	623	20130	93	219	0	21065
8740	294	501	87	20314	0	21196
8741	223	216	60	20703	0	21202
8742	152	129	19770	683	0	20734
8743	146	81	485	19866	0	20578
8744	123	80	207	20377	0	20787
8745	139	59	116	20502	0	20816
8746	149	57	79	20559	0	20844
8747	107	82	19895	821	0	20905
8748	126	19102	491	377	0	20096
8749	125	484	232	19492	0	20333
8750	19200	187	152	621	0	20160
8751	19342	131	116	330	0	19919
8752	668	19275	65	250	0	20258
8753	19199	527	67	212	0	20005
8754	19366	209	86	189	0	19850
8755	19248	131	76	211	0	19666
8756	759	18603	110	152	0	19624
8757	18114	486	70	151	0	18821
8758	671	240	70	17533	0	18514
8759	271	139	17155	556	0	18121
8760	192	17011	447	264	0	17914
8761	202	552	236	16695	0	17685
8762	140	207	16487	515	0	17349
8763	16262	143	462	269	0	17136
8764	554	84	173	16280	0	17091
8765	265	82	116	16539	0	17002
8766	215	77	68	16392	0	16752
8767	178	68	45	16512	0	16803
8768	141	67	15604	709	0	16521
8769	15122	72	426	354	0	15974
8770	481	15478	187	232	0	16378
8771	15444	429	128	158	0	16159
8772	548	15509	77	163	0	16297
8773	15685	507	85	141	0	16418
8774	567	227	54	15564	0	16412
8775	242	124	15416	544	0	16326
8776	202	94	15454	239	0	15989
8777	159	102	557	15247	0	16065
8778	141	67	235	15559	0	16002
8779	113	66	142	15811	0	16132
8780	15185	59	88	746	0	16078
8781	477	75	15102	389	0	16043
8782	219	14780	477	264	0	15740
8783	212	15448	184	164	0	16008
8784	14839	556	136	153	0	15684
8785	524	262	14762	118	0	15666
8786	233	14721	423	144	0	15521
8787	239	436	14417	125	0	15217
8788	156	214	495	14331	0	15196
8789	127	155	14345	468	0	15095
8790	110	110	14368	232	0	14820
8791	123	108	540	14220	0	14991
8792	115	79	14139	529	0	14862
8793	119	77	14254	266	0	14716
8794	132	80	569	13904	0	14685
8795	13793	91	268	518	0	14670
8796	438	86	13799	259	0	14582
8797	215	93	475	13724	0	14507
8798	178	73	230	14064	0	14545
8799	13668	73	200	611	0	14552
8800	446	91	125	13883	0	14545
8801	13613	53	138	586	0	14390
8802	510	13450	102	329	0	14391
8803	235	402	137	13769	0	14543
8804	13756	151	121	526	0	14554
8805	14046	104	117	291	0	14558
8806	598	71	112	13810	0	14591
8807	288	93	13725	538	0	14644
8808	13524	50	424	290	0	14288
8809	503	13760	203	235	0	14701
8810	13192	402	176	204	0	13974
8811	13943	181	103	177	0	14404
8812	14053	118	79	176	0	14426
8813	691	74	13378	166	0	14309
8814	316	13253	410	151	0	14130
8815	265	496	189	13075	0	14025
8816	201	298	144	13332	0	13975
8817	156	131	12810	547	0	13644
8818	149	12018	350	293	0	12810
8819	105	10336	119	167	0	10727
8820	63	8539	76	74	0	8752
8821	7778	184	349	79	0	8390
8822	199	61	47	7432	0	7739
8823	64	39	23	7484	0	7610
8824	45	31	7412	148	0	7636
8825	7192	26	116	60	0	7394
8826	143	23	39	7383	0	7588
8827	77	67	26	7415	0	7585
8828	52	13	7309	151	0	7525
8829	47	7262	118	56	0	7483
8830	56	173	50	7262	0	7541
8831	22	45	7231	139	0	7437
8832	24	6716	86	56	0	6882
8833	5877	57	24	19	0	5977
8834	67	19	6035	14	0	6135
8835	20	13	52	5864	0	5949
8836	11	5938	16	49	0	6014
8837	5963	59	18	24	0	6064
8838	61	10	9	5990	0	6070
8839	6000	10	6	66	0	6082
8840	6024	8	5	25	0	6062
8841	62	5999	13	16	0	6090
8842	6066	51	6	21	0	6144
8843	6270	14	6	30	0	6320
8844	66	9	6307	12	0	6394
8845	6271	5	51	8	0	6335
8846	60	11	6310	3	0	6384
8847	6241	4	40	12	0	6297
8848	6334	3	18	14	0	6369
8849	57	9	6387	5	0	6458
8850	30	8	37	6371	0	6446
8851	12	4	6525	43	0	6584
8852	18	4	6138	17	0	6177
8853	13	10	6589	7	0	6619
8854	22	23	51	6553	0	6649
8855	10	2	10	7091	0	7113
8856	5	4	10	7158	0	7177
8857	12	3	5	7353	0	7373
8858	6	8	7479	74	0	7567
8859	14	0	64	7439	0	7517
8860	9	7301	21	70	0	7401
8861	5	60	7917	19	0	8001
8862	19	18	72	7869	0	7978
8863	5	9	8132	75	0	8221
8864	7	8052	73	33	0	8165
8865	6	8248	30	14	0	8298
8866	11	86	12	8302	0	8411
8867	4	31	8266	80	0	8381
8868	5	11	8282	27	0	8325
8869	15	11	98	8341	0	8465
8870	14	9	32	8430	0	8485
8871	8	7	11	8578	0	8604
8872	5	14	8464	97	0	8580
8873	7	8422	80	42	0	8551
8874	4	8776	30	22	0	8832
8875	13	96	17	8740	0	8866
8876	6	32	8650	89	0	8777
8877	10	18	8632	33	0	8693
8878	3	9020	106	22	0	9151
8879	9154	87	41	26	0	9308
8880	83	9270	22	14	0	9389
8881	26	96	9642	8	0	9772
8882	9539	30	106	23	0	9698
8883	110	9	49	9947	0	10115
8884	10150	12	21	120	0	10303
8885	117	20	11	10233	0	10381
8886	54	6	15	10455	0	10530
8887	10481	12	8	176	0	10677
8888	126	10761	17	60	0	10964
8889	53	134	10748	23	0	10958
8890	18	10965	122	30	0	11135
8891	10950	138	47	21	0	11156
8892	134	10954	20	22	0	11130
8893	11003	141	20	22	0	11186
8894	11040	52	20	23	0	11135
8895	168	11046	12	19	0	11245
8896	68	127	17	10982	0	11194
8897	10946	54	12	140	0	11152
8898	11040	16	12	67	0	11135
8899	184	20	8	10892	0	11104
8900	74	10	10613	134	0	10831
8901	32	20	10667	53	0	10772
8902	36	20	159	10789	0	11004
8903	15	18	10621	142	0	10796
8904	10280	16	121	78	0	10495
8905	128	10449	50	29	0	10656
8906	58	122	28	10631	0	10839
8907	26	50	12	10630	0	10718
8908	33	18	17	10573	0	10641
8909	26	19	14	10460	0	10519
8910	19	13	22	10552	0	10606
8911	24	18	10338	173	0	10553
8912	18	10303	119	66	0	10506
8913	10473	121	48	48	0	10690
8914	137	41	20	10337	0	10535
8915	53	18	17	10439	0	10527
8916	30	16	14	10457	0	10517
8917	15	10327	20	186	0	10548
8918	30	112	14	10570	0	10726
8919	22	56	10	10675	0	10763
8920	10401	23	14	197	0	10635
8921	126	10112	16	92	0	10346
8922	44	10216	16	46	0	10322
8923	29	150	12	10331	0	10522
8924	10187	62	20	157	0	10426
8925	136	27	10252	65	0	10480
8926	9897	21	118	57	0	10093
8927	151	17	10474	37	0	10679
8928	58	28	129	10441	0	10656
8929	36	21	46	10596	0	10699
8930	28	20	15	10492	0	10555
8931	31	14	10	10500	0	10555
8932	33	20	19	10317	0	10389
8933	10373	16	15	200	0	10604
8934	133	17	10153	82	0	10385
8935	61	22	121	10361	0	10565
8936	33	13	10650	149	0	10845
8937	20	10649	130	67	0	10866
8938	10663	128	53	50	0	10894
8939	135	58	10991	44	0	11228
8940	78	15	130	11205	0	11428
8941	45	14	57	11507	0	11623
8942	19	23	11431	217	0	11690
8943	28	11	11434	97	0	11570
8944	35	24	187	10913	0	11159
8945	11546	12	71	181	0	11810
8946	11584	17	30	102	0	11733
8947	198	11455	25	59	0	11737
8948	11665	149	28	71	0	11913
8949	177	63	20	11335	0	11595
8950	68	11735	25	163	0	11991
8951	52	150	16	11897	0	12115
8952	40	60	11997	183	0	12280
8953	46	28	147	11613	0	11834
8954	56	29	46	11881	0	12012
8955	11476	11	23	210	0	11720
8956	140	11405	16	92	0	11653
8957	11285	131	19	75	0	11510
8958	147	11162	17	38	0	11364
8959	10845	128	36	33	0	11042
8960	140	10674	16	38	0	10868
8961	56	10621	18	40	0	10735
8962	10635	135	31	33	0	10834
8963	140	63	25	10323	0	10551
8964	46	10427	12	142	0	10627
8965	10589	108	33	71	0	10801
8966	10642	42	15	53	0	10752
8967	10789	24	16	47	0	10876
8968	10657	11	20	49	0	10737
8969	145	10673	16	42	0	10876
8970	52	119	15	10846	0	11032
8971	44	40	11	11028	0	11123
8972	11012	17	17	161	0	11207
8973	127	15	11	10853	0	11006
8974	10770	18	13	154	0	10955
8975	136	21	10491	53	0	10701
8976	10415	19	102	65	0	10601
8977	125	16	10610	37	0	10788
8978	62	60	106	10399	0	10627
8979	10404	20	40	123	0	10587
8980	112	10242	16	52	0	10422
8981	9897	92	32	36	0	10057
8982	111	9714	10	23	0	9858
8983	44	125	16	10243	0	10428
8984	30	24	10022	82	0	10158
8985	9377	50	94	52	0	9573
8986	78	9862	19	21	0	9980
8987	35	88	13	9722	0	9858
8988	19	22	3	9572	0	9616
8989	21	11	2	9460	0	9494
8990	8	12	9505	73	0	9598
8991	16	9432	55	26	0	9529
8992	9437	63	11	30	0	9541
8993	9442	10	10	26	0	9488
8994	65	9373	8	10	0	9456
8995	9612	57	2	30	0	9701
8996	74	17	17	9652	0	9760
8997	17	9628	4	64	0	9713
8998	9705	60	4	29	0	9798
8999	65	18	9499	15	0	9597
9000	19	9714	60	12	0	9805
9001	30	58	12	9766	0	9866
9002	15	15	6	9900	0	9936
9003	10	19	9774	66	0	9869
9004	32	3	51	9531	0	9617
9005	10	11	9713	63	0	9797
9006	17	12	58	9649	0	9736
9007	14	6	17	9815	0	9852
9008	17	6	6	9817	0	9846
9009	21	8	12	9906	0	9947
9010	16	13	9844	75	0	9948
9011	15	14	10253	25	0	10307
9012	5	11221	103	30	0	11359
9013	23	126	38	11951	0	12138
9014	17	39	12421	136	0	12613
9015	11	12353	155	49	0	12568
9016	34	162	42	12941	0	13179
9017	15	46	13358	165	0	13584
9018	12912	28	177	70	0	13187
9019	14046	15	47	39	0	14147
9020	246	15	26	13982	0	14269
9021	73	22	13980	203	0	14278
9022	53	12	198	13897	0	14160
9023	13960	10	69	238	0	14277
9024	196	14257	37	83	0	14573
9025	14616	189	20	82	0	14907
9026	14837	55	15	59	0	14966
9027	272	29	16	14396	0	14713
9028	109	15	17	14581	0	14722
9029	55	14	13	14689	0	14771
9030	56	16	15	14628	0	14715
9031	53	13	13	14515	0	14594
9032	14467	12	8	310	0	14797
9033	14558	12	14	124	0	14708
9034	14505	11	8	95	0	14619
9035	285	11	13818	49	0	14163
9036	13826	7	173	69	0	14075
9037	252	24	49	13876	0	14201
9038	87	16	13834	228	0	14165
9039	60	13611	193	97	0	13961
9040	69	219	91	13478	0	13857
9041	51	71	41	13561	0	13724
9042	38	13499	32	236	0	13805
9043	61	172	31	13879	0	14143
9044	41	71	13756	226	0	14094
9045	43	37	13934	103	0	14117
9046	45	23	249	14068	0	14385
9047	13936	18	104	249	0	14307
9048	13932	22	47	130	0	14131
9049	274	28	13821	83	0	14206
9050	120	13059	194	68	0	13441
9051	73	13537	94	54	0	13758
9052	13041	230	59	73	0	13403
9053	226	103	13170	64	0	13563
9054	121	48	194	13056	0	13419
9055	13065	28	81	255	0	13429
9056	230	12812	55	110	0	13207
9057	106	13176	37	92	0	13411
9058	12990	234	35	71	0	13330
9059	252	103	21	13089	0	13465
9060	13666	50	27	259	0	14002
9061	279	32	24	14978	0	15313
9062	170	30	36	15292	0	15528
9063	101	24	15261	427	0	15813
9064	107	34	288	15739	0	16168
9065	81	35	118	16054	0	16288
9066	15903	27	79	507	0	16516
9067	365	25	42	16191	0	16623
9068	157	29	16040	458	0	16684
9069	15904	37	329	248	0	16518
9070	370	25	162	16268	0	16825
9071	16246	26	100	442	0	16814
9072	421	15469	58	235	0	16183
9073	196	16234	57	168	0	16655
9074	16120	431	59	131	0	16741
9075	16356	189	64	103	0	16712
9076	510	111	51	16011	0	16683
9077	273	70	15811	393	0	16547
9078	191	47	355	16063	0	16656
9079	15849	50	170	464	0	16533
9080	416	15732	108	219	0	16475
9081	212	361	69	15932	0	16574
9082	15748	156	67	425	0	16396
9083	443	117	15156	237	0	15953
9084	15354	62	351	187	0	15954
9085	14866	62	178	190	0	15296
9086	520	53	15343	146	0	16062
9087	282	52	15511	134	0	15979
9088	212	50	478	15215	0	15955
9089	153	42	229	15689	0	16113
9090	153	15568	135	521	0	16377
9091	141	369	95	15952	0	16557
9092	113	163	15944	511	0	16731
9093	170	90	391	16147	0	16798
9094	113	64	191	16981	0	17349
9095	119	44	16318	610	0	17091
9096	129	16126	429	298	0	16982
9097	111	382	174	16485	0	17152
9098	106	172	132	16839	0	17249
9099	16466	111	88	625	0	17290
9100	454	56	74	16584	0	17168
9101	240	64	16159	546	0	17009
9102	16036	60	392	322	0	16810
9103	16531	62	182	202	0	16977
9104	16686	50	128	173	0	17037
9105	631	52	15934	167	0	16784
9106	342	46	426	15930	0	16744
9107	211	54	187	16314	0	16766
9108	155	55	141	16505	0	16856
9109	15767	58	112	651	0	16588
9110	470	15655	91	362	0	16578
9111	235	333	14819	243	0	15630
9112	163	14327	340	156	0	14986
9113	89	13847	172	148	0	14256
9114	100	13594	121	119	0	13934
9115	249	529	180	12982	0	13940
9116	87	176	12781	380	0	13424
9117	11654	136	294	207	0	12291
9118	280	12231	132	160	0	12803
9119	11724	252	96	139	0	12211
9120	319	12081	65	87	0	12552
9121	12215	297	53	115	0	12680
9122	327	12390	66	83	0	12866
9123	164	323	12480	74	0	13041
9124	123	143	264	12289	0	12819
9125	113	97	120	12792	0	13122
9126	12563	67	74	407	0	13111
9127	315	43	75	13275	0	13708
9128	161	50	13159	397	0	13767
9129	123	50	298	13357	0	13828
9130	111	55	13272	401	0	13839
9131	80	13167	350	200	0	13797
9132	91	308	146	12796	0	13341
9133	82	13337	113	331	0	13863
9134	13342	345	71	191	0	13949
9135	345	137	86	13326	0	13894
9136	163	108	13244	358	0	13873
9137	115	76	13132	187	0	13510
9138	12975	67	400	141	0	13583
9139	335	101	167	12994	0	13597
9140	141	65	12838	359	0	13403
9141	106	74	12539	175	0	12894
9142	84	12521	410	137	0	13152
9143	101	332	204	11819	0	12456
9144	54	12328	147	323	0	12852
9145	81	310	87	12210	0	12688
9146	12323	116	80	372	0	12891
9147	307	92	73	12448	0	12920
9148	116	60	56	12768	0	13000
9149	12630	43	73	421	0	13167
9150	323	58	48	13276	0	13705
9151	154	42	60	13286	0	13542
9152	110	13421	67	415	0	14013
9153	13534	309	60	228	0	14131
9154	13836	121	56	144	0	14157
9155	442	90	43	13659	0	14234
9156	176	54	58	13856	0	14144
9157	130	65	57	13755	0	14007
9158	88	12934	65	498	0	13585
9159	81	13472	53	255	0	13861
9160	117	394	47	12828	0	13386
9161	11214	90	27	274	0	11605
9162	11206	55	36	108	0	11405
9163	243	10765	28	86	0	11122
9164	10214	196	27	74	0	10511
9165	198	10027	24	81	0	10330
9166	61	10060	37	61	0	10219
9167	181	227	65	9677	0	10150
9168	9542	53	63	201	0	9859
9169	169	9175	22	69	0	9435
9170	58	9400	25	51	0	9534
9171	43	164	19	9377	0	9603
9172	51	55	13	9563	0	9682
9173	39	49	9284	191	0	9563
9174	9193	35	137	77	0	9442
9175	9191	31	32	74	0	9328
9176	165	33	9348	58	0	9604
9177	55	38	9331	60	0	9484
9178	51	40	158	9521	0	9770
9179	43	29	48	9802	0	9922
9180	41	9650	27	192	0	9910
9181	37	172	24	9844	0	10077
9182	30	58	9754	201	0	10043
9183	47	45	152	9680	0	9924
9184	39	41	46	9812	0	9938
9185	9595	36	32	221	0	9884
9186	173	38	9414	93	0	9718
9187	9162	28	166	76	0	9432
9188	196	39	9266	63	0	9564
9189	57	31	167	8982	0	9237
9190	43	33	8944	191	0	9211
9191	33	34	8905	85	0	9057
9192	54	87	177	8646	0	8964
9193	8281	55	127	230	0	8693
9194	8114	25	52	81	0	8272
9195	159	8229	39	64	0	8491
9196	8139	130	57	66	0	8392
9197	8181	52	54	57	0	8344
9198	170	8114	43	53	0	8380
9199	71	137	38	8265	0	8511
9200	48	52	24	8381	0	8505
9201	38	40	39	8369	0	8486
9202	45	37	36	8389	0	8507
9203	40	38	8191	209	0	8478
9204	8045	25	136	109	0	8315
9205	151	24	61	8252	0	8488
9206	72	28	36	8227	0	8363
9207	58	8250	38	198	0	8544
9208	54	158	24	8450	0	8686
9209	43	57	8248	195	0	8543
9210	8239	27	143	108	0	8517
9211	173	36	8458	85	0	8752
9212	72	40	153	8322	0	8587
9213	8377	23	38	209	0	8647
9214	171	8521	31	91	0	8814
9215	78	155	15	8900	0	9148
9216	45	43	8846	207	0	9141
9217	54	33	145	8923	0	9155
9218	8824	33	44	215	0	9116
9219	174	42	8823	85	0	9124
9220	67	26	8584	73	0	8750
9221	46	8461	185	67	0	8759
9222	8159	165	78	61	0	8463
9223	172	8019	43	70	0	8304
9224	62	167	7868	50	0	8147
9225	47	56	7571	44	0	7718
9226	35	7482	167	58	0	7742
9227	6666	121	78	41	0	6906
9228	119	6645	45	32	0	6841
9229	47	119	28	6567	0	6761
9230	33	32	36	6704	0	6805
9231	20	13	6593	149	0	6775
9232	31	14	126	6563	0	6734
9233	24	23	6657	123	0	6827
9234	6530	19	120	50	0	6719
9235	6705	18	52	31	0	6806
9236	6749	20	27	36	0	6832
9237	145	25	6540	33	0	6743
9238	6592	21	123	31	0	6767
9239	131	21	41	6472	0	6665
9240	34	6576	29	129	0	6768
9241	6571	114	22	52	0	6759
9242	124	38	6413	31	0	6606
9243	6452	13	113	36	0	6614
9244	6462	11	43	38	0	6554
9245	143	10	6212	29	0	6394
9246	44	6220	124	36	0	6424
9247	41	169	39	6171	0	6420
9248	31	25	6209	121	0	6386
9249	35	18	6029	30	0	6112
9250	43	97	108	5327	0	5575
9251	26	9	5312	79	0	5426
9252	25	14	78	5099	0	5216
9253	33	12	22	4937	0	5004
9254	21	12	7	5170	0	5210
9255	18	14	5062	92	0	5186
9256	15	6	84	5088	0	5193
9257	19	6	5130	88	0	5243
9258	20	7	79	5160	0	5266
9259	5315	7	34	95	0	5451
9260	80	13	26	5344	0	5463
9261	23	5504	21	99	0	5647
9262	14	82	21	5746	0	5863
9263	5789	19	21	100	0	5929
9264	84	5808	28	40	0	5960
9265	25	91	23	5870	0	6009
9266	5853	21	15	103	0	5992
9267	98	21	5891	39	0	6049
9268	36	16	88	5915	0	6055
9269	17	13	6023	105	0	6158
9270	21	8	5947	64	0	6040
9271	18	18	116	5930	0	6082
9272	5929	12	45	116	0	6102
9273	99	10	5798	44	0	5951
9274	5816	17	93	29	0	5955
9275	111	14	36	5981	0	6142
9276	42	19	5949	94	0	6104
9277	29	15	5833	35	0	5912
9278	30	22	5836	19	0	5907
9279	29	68	105	5527	0	5729
9280	5636	8	74	81	0	5799
9281	76	5595	33	28	0	5732
9282	41	73	20	5539	0	5673
9283	25	22	24	5659	0	5730
9284	5642	11	27	93	0	5773
9285	5667	11	21	53	0	5752
9286	94	5607	29	31	0	5761
9287	5692	72	23	29	0	5816
9288	5688	21	21	24	0	5754
9289	110	15	22	5636	0	5783
9290	37	16	5624	85	0	5762
9291	5631	11	85	33	0	5760
9292	96	6	41	5770	0	5913
9293	37	15	23	5805	0	5880
9294	5718	12	11	113	0	5854
9295	96	14	14	5491	0	5615
9296	42	16	13	5583	0	5654
9297	5471	4	15	123	0	5613
9298	95	5571	20	48	0	5734
9299	5569	71	14	27	0	5681
9300	100	26	5523	29	0	5678
9301	5550	16	81	25	0	5672
9302	114	11	19	5585	0	5729
9303	35	5630	19	99	0	5783
9304	33	82	26	5740	0	5881
9305	37	14	20	5782	0	5853
9306	26	12	7	5770	0	5815
9307	5645	6	14	115	0	5780
9308	81	5492	14	48	0	5635
9309	25	5483	6	35	0	5549
9310	5409	71	11	29	0	5520
9311	77	24	5511	22	0	5634
9312	23	13	5369	18	0	5423
9313	5277	44	114	23	0	5458
9314	71	8	5319	20	0	5418
9315	27	2	60	5072	0	5161
9316	29	9	20	4829	0	4887
9317	10	7	11	5232	0	5260
9318	19	3	6	5219	0	5247
9319	7	4975	13	75	0	5070
9320	5	56	10	5251	0	5322
9321	13	16	5159	74	0	5262
9322	12	12	61	5136	0	5221
9323	5	13	5029	79	0	5126
9324	12	7	4974	28	0	5021
9325	16	6	76	5087	0	5185
9326	12	6	5095	73	0	5186
9327	11	6	76	5087	0	5180
9328	5129	3	25	81	0	5238
9329	65	4	5124	26	0	5219
9330	5039	5	65	28	0	5137
9331	70	5	23	5159	0	5257
9332	26	9	5126	72	0	5233
9333	10	5075	66	35	0	5186
9334	25	60	25	5237	0	5347
9335	15	14	5472	74	0	5575
9336	17	9	71	5487	0	5584
9337	5609	8	28	88	0	5733
9338	5698	6	18	29	0	5751
9339	5800	6	12	27	0	5845
9340	93	4	14	5823	0	5934
9341	38	6	10	5875	0	5929
9342	26	3	7	5986	0	6022
9343	6069	6	13	103	0	6191
9344	87	6194	7	49	0	6337
9345	43	79	7	6335	0	6464
9346	28	26	10	6463	0	6527
9347	6388	14	8	128	0	6538
9348	90	6471	13	53	0	6627
9349	44	86	9	6785	0	6924
9350	6838	28	9	130	0	7005
9351	6870	13	7	60	0	6950
9352	156	14	8	6787	0	6965
9353	6811	10	7	127	0	6955
9354	133	7	5	6788	0	6933
9355	63	6	6780	133	0	6982
9356	37	6	106	6830	0	6979
9357	29	7	38	6971	0	7045
9358	26	10	19	7031	0	7086
9359	6704	5	12	160	0	6881
9360	105	6634	8	68	0	6815
9361	6479	93	7	48	0	6627
9362	103	6324	5	31	0	6463
9363	38	6409	8	25	0	6480
9364	6334	119	14	33	0	6500
9365	104	6416	9	17	0	6546
9366	48	102	5	6443	0	6598
9367	6352	38	12	112	0	6514
9368	6429	17	8	44	0	6498
9369	133	11	9	6327	0	6480
9370	49	12	6	6330	0	6397
9371	20	6330	5	144	0	6499
9372	6468	90	1	66	0	6625
9373	6399	32	6	45	0	6482
9374	124	6639	1	33	0	6797
9375	54	6680	4	24	0	6762
9376	31	131	6	6732	0	6900
9377	6746	43	7	125	0	6921
9378	123	20	6	6724	0	6873
9379	47	20	4	6855	0	6926
9380	25	12	6623	156	0	6816
9381	32	12	6597	58	0	6699
9382	36	10	128	6654	0	6828
9383	16	12	6675	131	0	6834
9384	8	6661	117	59	0	6845
9385	18	120	37	6729	0	6904
9386	27	30	18	6853	0	6928
9387	24	20	5	6876	0	6925
9388	9	23	6737	160	0	6929
9389	19	21	6580	63	0	6683
9390	6582	6	129	49	0	6766
9391	117	6739	47	32	0	6935
9392	6715	100	23	28	0	6866
9393	114	44	11	6722	0	6891
9394	6819	19	16	122	0	6976
9395	134	6	9	6789	0	6938
9396	43	6868	6	135	0	7052
9397	6905	98	12	68	0	7083
9398	117	38	6738	31	0	6924
9399	50	6673	99	24	0	6846
9400	6659	98	41	36	0	6834
9401	108	40	14	6560	0	6722
9402	44	6410	13	102	0	6569
9403	29	87	10	6693	0	6819
9404	6642	42	4	116	0	6804
9405	100	31	6	6659	0	6796
9406	6683	15	11	116	0	6825
9407	112	19	6541	49	0	6721
9408	63	15	90	6583	0	6751
9409	6542	17	31	125	0	6715
9410	107	17	6469	64	0	6657
9411	52	6228	90	44	0	6414
9412	46	103	44	6151	0	6344
9413	28	43	6140	112	0	6323
9414	27	21	6039	59	0	6146
9415	31	43	118	6077	0	6269
9416	18	27	6028	101	0	6174
9417	23	9	5932	63	0	6027
9418	31	18	107	5882	0	6038
9419	5932	12	55	99	0	6098
9420	99	13	21	5936	0	6069
9421	43	10	21	6039	0	6113
9422	32	18	6018	123	0	6191
9423	24	6	92	6174	0	6296
9424	6244	10	46	121	0	6421
9425	85	20	6195	59	0	6359
9426	41	6232	88	49	0	6410
9427	33	86	51	6355	0	6525
9428	6369	46	31	104	0	6550
9429	97	29	10	6359	0	6495
9430	47	6303	19	130	0	6499
9431	30	98	6491	50	0	6669
9432	26	32	101	6626	0	6785
9433	6954	21	44	124	0	7143
9434	120	17	6813	61	0	7011
9435	64	13	118	6991	0	7186
9436	7205	11	53	143	0	7412
9437	7619	10	16	83	0	7728
9438	191	7637	11	46	0	7885
9439	7626	138	22	34	0	7820
9440	177	58	15	7592	0	7842
9441	66	26	7658	158	0	7908
9442	40	7350	142	69	0	7601
9443	17	7586	56	41	0	7700
9444	37	195	45	7297	0	7574
9445	27	66	32	7473	0	7598
9446	17	25	7192	175	0	7409
9447	26	7045	125	62	0	7258
9448	13	7088	39	39	0	7179
9449	39	167	31	6768	0	7005
9450	6677	42	32	132	0	6883
9451	112	6672	16	38	0	6838
9452	37	122	12	6816	0	6987
9453	7058	39	5	137	0	7239
9454	121	23	11	7123	0	7278
9455	41	15	9	7078	0	7143
9456	33	20	9	7125	0	7187
9457	25	13	15	7151	0	7204
9458	6991	21	10	171	0	7193
9459	122	17	13	7022	0	7174
9460	37	16	6836	142	0	7031
9461	6733	24	110	56	0	6923
9462	122	19	6747	47	0	6935
9463	49	13	6830	35	0	6927
9464	36	22	139	6829	0	7026
9465	23	20	42	6986	0	7071
9466	25	12	22	7065	0	7124
9467	6918	12	15	173	0	7118
9468	127	12	6834	68	0	7041
9469	6813	13	111	52	0	6989
9470	6998	8	37	44	0	7087
9471	152	15	6916	37	0	7120
9472	6899	11	114	46	0	7070
9473	133	5	6922	41	0	7101
9474	43	6924	116	35	0	7118
9475	59	126	74	6849	0	7108
9476	30	28	30	7005	0	7093
9477	27	14	24	6945	0	7010
9478	28	14	28	6859	0	6929
9479	26	15	6842	148	0	7031
9480	20	13	6820	55	0	6908
9481	25	6	130	6813	0	6974
9482	23	11	6869	132	0	7035
9483	6670	9	119	60	0	6858
9484	6948	16	38	46	0	7048
9485	141	14	24	6853	0	7032
9486	6836	7	30	132	0	7005
9487	122	7009	20	56	0	7207
9488	7020	98	20	50	0	7188
9489	124	33	7019	34	0	7210
9490	50	26	105	6955	0	7136
9491	27	7028	41	131	0	7227
9492	7140	102	32	64	0	7338
9493	111	28	21	7235	0	7395
9494	50	20	7125	126	0	7321
9495	29	15	106	7108	0	7258
9496	7079	10	39	141	0	7269
9497	129	18	7126	52	0	7325
9498	52	13	114	7155	0	7334
9499	40	17	42	7329	0	7428
9500	43	15	7215	145	0	7418
9501	29	7023	105	77	0	7234
9502	75	5809	61	76	0	6021
9503	31	118	22	7277	0	7448
9504	35	35	29	7535	0	7634
9505	34	24	19	7628	0	7705
9506	7471	22	22	158	0	7673
9507	7519	24	34	82	0	7659
9508	147	20	24	7498	0	7689
9509	7468	21	28	155	0	7672
9510	129	7444	26	67	0	7666
9511	41	125	19	7645	0	7830
9512	28	44	20	7736	0	7828
9513	31	22	18	7788	0	7859
9514	7447	18	24	190	0	7679
9515	116	7351	28	77	0	7572
9516	50	113	19	7512	0	7694
9517	7437	39	13	171	0	7660
9518	131	22	24	7556	0	7733
9519	65	22	9	7557	0	7653
9520	42	7156	13	162	0	7373
9521	31	7462	16	94	0	7603
9522	34	122	7	7461	0	7624
9523	38	35	11	7428	0	7512
9524	7171	17	17	182	0	7387
9525	135	14	19	7201	0	7369
9526	45	19	7029	160	0	7253
9527	46	13	103	7003	0	7165
9528	27	6902	37	143	0	7109
9529	7106	106	30	90	0	7332
9530	142	26	24	7138	0	7330
9531	52	24	25	7036	0	7137
9532	42	6895	23	143	0	7103
9533	6630	83	11	71	0	6795
9534	96	6818	7	60	0	6981
9535	50	90	18	6714	0	6872
9536	31	18	6581	82	0	6712
9537	59	106	63	5973	0	6201
9538	5992	4	38	77	0	6111
9539	57	6002	5	29	0	6093
9540	10	59	6	6027	0	6102
9541	13	5864	6	58	0	5941
9542	11	62	6	6018	0	6097
9543	7	18	5973	67	0	6065
9544	13	23	50	5886	0	5972
9545	13	4	14	5966	0	5997
9546	7	7	5	6000	0	6019
9547	5797	8	7	77	0	5889
9548	5892	11	2	31	0	5936
9549	60	5921	2	23	0	6006
9550	5949	52	10	18	0	6029
9551	58	5812	4	20	0	5894
9552	15	5976	4	19	0	6014
9553	5759	69	7	20	0	5855
9554	56	16	5623	26	0	5721
9555	19	16	49	5643	0	5727
9556	24	9	10	5764	0	5807
9557	12	4	11	5877	0	5904
9558	5751	11	5	82	0	5849
9559	60	5658	5	43	0	5766
9560	24	60	4	5758	0	5846
9561	21	5788	3	75	0	5887
9562	6072	71	4	27	0	6174
9563	74	23	5	6106	0	6208
9564	31	14	4	6961	0	7010
9565	19	7569	6	130	0	7724
9566	13	116	5	8035	0	8169
9567	22	46	4	8180	0	8252
9568	7915	28	7	213	0	8163
9569	140	7691	14	95	0	7940
9570	53	7994	6	48	0	8101
9571	35	170	5	7953	0	8163
9572	23	62	7755	167	0	8007
9573	18	46	7666	80	0	7810
9574	31	35	174	7649	0	7889
9575	17	25	7610	173	0	7825
9576	23	19	152	7667	0	7861
9577	43	15	68	7426	0	7552
9578	21	24	29	7867	0	7941
9579	7638	27	19	246	0	7930
9580	158	14	14	7736	0	7922
9581	68	12	22	7711	0	7813
9582	37	7562	15	227	0	7841
9583	28	160	14	7901	0	8103
9584	12	66	7703	212	0	7993
9585	29	31	148	7854	0	8062
9586	30	21	60	8021	0	8132
9587	7595	21	38	258	0	7912
9588	162	20	22	7685	0	7889
9589	66	23	15	7663	0	7767
9590	36	11	16	7762	0	7825
9591	7272	22	20	271	0	7585
9592	158	7358	16	144	0	7676
9593	78	164	15	7479	0	7736
9594	40	64	16	7613	0	7733
9595	32	40	7302	266	0	7640
9596	36	38	149	7390	0	7613
9597	7057	26	66	251	0	7400
9598	155	7108	36	127	0	7426
9599	73	164	30	7106	0	7373
9600	38	77	24	7237	0	7376
9601	33	39	6959	275	0	7306
9602	6692	29	154	144	0	7019
9603	154	6842	67	110	0	7173
9604	6754	150	33	99	0	7036
9605	171	76	22	6830	0	7099
9606	87	43	14	6944	0	7088
9607	37	40	15	7009	0	7101
9608	47	18	22	7050	0	7137
9609	6780	30	21	283	0	7114
9610	174	33	21	6694	0	6922
9611	74	6504	20	253	0	6851
9612	44	152	27	6752	0	6975
9613	45	59	34	6930	0	7068
9614	6697	41	24	287	0	7049
9615	170	6633	27	163	0	6993
9616	82	147	18	6865	0	7112
9617	6715	69	19	252	0	7055
9618	6872	33	17	154	0	7076
9619	215	37	16	6887	0	7155
9620	100	31	6696	248	0	7075
9621	6731	27	149	145	0	7052
9622	180	35	58	6902	0	7175
9623	95	26	6858	244	0	7223
9624	54	21	169	7081	0	7325
9625	56	24	66	7143	0	7289
9626	53	34	26	7201	0	7314
9627	54	7185	26	279	0	7544
9628	52	143	22	7439	0	7656
9629	37	60	22	7516	0	7635
9630	42	37	19	7550	0	7648
9631	50	34	21	7497	0	7602
9632	57	25	22	7414	0	7518
9633	40	31	18	7436	0	7525
9634	6815	27	21	305	0	7168
9635	151	27	6592	179	0	6949
9636	78	6486	136	136	0	6836
9637	6504	125	58	124	0	6811
9638	150	6497	30	110	0	6787
9639	6461	142	30	94	0	6727
9640	187	73	22	6431	0	6713
9641	6518	35	30	218	0	6801
9642	178	30	24	6559	0	6791
9643	92	32	16	6424	0	6564
9644	56	6366	23	239	0	6684
9645	6453	128	16	149	0	6746
9646	161	63	6524	115	0	6863
9647	76	36	114	6721	0	6947
9648	60	25	6641	205	0	6931
9649	58	26	6375	130	0	6589
9650	6548	28	178	102	0	6856
9651	153	29	61	6701	0	6944
9652	76	33	6604	193	0	6906
9653	71	21	6753	127	0	6972
9654	55	21	148	6851	0	7075
9655	45	27	64	7071	0	7207
9656	6982	21	42	228	0	7273
9657	170	18	35	7047	0	7270
9658	90	21	7194	208	0	7513
9659	68	13	126	7387	0	7594
9660	47	53	79	7318	0	7497
9661	44	7433	43	198	0	7718
9662	7261	106	37	134	0	7538
9663	129	7154	28	102	0	7413
9664	6343	75	15	68	0	6501
9665	61	5483	10	38	0	5592
9666	26	5212	9	23	0	5270
9667	27	48	31	5217	0	5323
9668	23	16	14	5205	0	5258
9669	23	20	8	5143	0	5194
9670	5000	11	2	37	0	5050
9671	30	7	5017	16	0	5070
9672	12	8	19	4938	0	4977
9673	4913	12	4	29	0	4958
9674	20	4846	5	16	0	4887
9675	9	4902	3	17	0	4931
9676	14	25	9	4976	0	5024
9677	9	9	3	5030	0	5051
9678	7	5	7	5045	0	5064
9679	3	5118	7	34	0	5162
9680	8	16	3	5203	0	5230
9681	7	13	5160	24	0	5204
9682	9	14	4775	6	0	4804
9683	4923	5	13	16	0	4957
9684	12	4	8	5105	0	5129
9685	5137	0	3	25	0	5165
9686	5108	4	2	15	0	5129
9687	18	5116	0	9	0	5143
9688	5212	12	3	14	0	5241
9689	5345	6	9	13	0	5373
9690	19	2	6	5362	0	5389
9691	17	1	2	5471	0	5491
9692	11	3	5558	18	0	5590
9693	11	5644	9	14	0	5678
9694	25	19	8	5179	0	5231
9695	6	7	4	5775	0	5792
9696	5800	3	1	22	0	5826
9697	13	9	1	5809	0	5832
9698	5916	2	0	33	0	5951
9699	16	0	4	6087	0	6107
9700	6	6106	6	18	0	6136
9701	6356	16	2	27	0	6401
9702	21	12	1	7001	0	7035
9703	17	6	2	7519	0	7544
9704	15	1	2	7952	0	7970
9705	6	5	7945	112	0	8068
9706	20	2	90	8070	0	8182
9707	8268	4	23	126	0	8421
9708	105	8	9	8674	0	8796
9709	42	1	9	9515	0	9567
9710	22	3	9	9644	0	9678
9711	9	9495	13	213	0	9730
9712	8	9941	8	66	0	10023
9713	9900	178	5	45	0	10128
9714	155	9995	3	44	0	10197
9715	10000	172	3	37	0	10212
9716	10076	51	5	43	0	10175
9717	10200	23	2	45	0	10270
9718	215	24	9991	18	0	10248
9719	59	10227	155	24	0	10465
9720	10408	179	39	32	0	10658
9721	194	48	10	10448	0	10700
9722	82	19	12	10540	0	10653
9723	49	25	8	10526	0	10608
9724	33	10168	16	215	0	10432
9725	44	160	6	10289	0	10499
9726	10289	48	4	208	0	10549
9727	180	22	9	10139	0	10350
9728	70	21	4	10272	0	10367
9729	31	19	10004	238	0	10292
9730	31	21	10167	82	0	10301
9731	43	14	184	10314	0	10555
9732	42	15	53	10390	0	10500
9733	20	10402	26	237	0	10685
9734	37	161	19	10484	0	10701
9735	40	46	21	10705	0	10812
9736	28	23	17	10781	0	10849
9737	10504	26	15	267	0	10812
9738	175	25	10514	98	0	10812
9739	71	32	161	10753	0	11017
9740	10809	20	49	233	0	11111
9741	10837	24	21	107	0	10989
9742	239	24	21	10700	0	10984
9743	93	22	22	10878	0	11015
9744	10589	27	15	269	0	10900
9745	205	10488	17	107	0	10817
9746	80	10663	14	68	0	10825
9747	68	207	18	10746	0	11039
9748	10831	59	10	239	0	11139
9749	10999	38	14	106	0	11157
9750	10932	28	12	87	0	11059
9751	252	29	10880	67	0	11228
9752	10565	24	177	88	0	10854
9753	220	24	10637	74	0	10955
9754	10468	30	174	86	0	10758
9755	208	10541	61	80	0	10890
9756	87	177	10613	86	0	10963
9757	66	58	186	10668	0	10978
9758	58	45	10559	237	0	10899
9759	59	41	188	10588	0	10876
9760	10547	34	64	262	0	10907
9761	214	39	10533	128	0	10914
9762	94	27	199	10650	0	10970
9763	58	10943	69	251	0	11321
9764	70	179	59	11384	0	11692
9765	80	58	53	11403	0	11594
9766	78	34	36	11121	0	11269
9767	11259	36	36	299	0	11630
9768	11372	57	27	143	0	11599
9769	266	44	30	11327	0	11667
9770	110	34	11121	271	0	11536
9771	80	43	10912	144	0	11179
9772	87	44	215	11341	0	11687
9773	97	38	11669	239	0	12043
9774	93	44	188	11781	0	12106
9775	104	28	72	11523	0	11727
9776	87	34	50	11904	0	12075
9777	78	11292	46	289	0	11705
9778	59	11169	58	158	0	11444
9779	79	208	48	11904	0	12239
9780	69	75	46	11972	0	12162
9781	66	52	36	11991	0	12145
9782	11719	46	43	323	0	12131
9783	220	49	11838	145	0	12252
9784	98	39	194	11969	0	12300
9785	11920	19	82	295	0	12316
9786	212	11925	63	156	0	12356
9787	108	181	53	12338	0	12680
9788	62	68	62	12540	0	12732
9789	61	37	39	12440	0	12577
9790	63	49	47	12373	0	12532
9791	58	43	11992	325	0	12418
9792	11564	26	193	194	0	11977
9793	12015	31	68	164	0	12278
9794	249	29	11912	141	0	12331
9795	11915	30	196	120	0	12261
9796	12256	21	82	132	0	12491
9797	270	24	12210	116	0	12620
9798	121	12457	210	104	0	12892
9799	92	246	75	12469	0	12882
9800	87	49	12842	240	0	13218
9801	84	12490	187	144	0	12905
9802	95	143	11979	76	0	12293
9803	49	11622	155	67	0	11893
9804	73	133	82	11320	0	11608
9805	36	27	11322	115	0	11500
9806	51	67	107	11048	0	11273
9807	38	24	11457	122	0	11641
9808	21	11208	91	63	0	11383
9809	10520	33	56	33	0	10642
9810	17	10258	9	22	0	10306
9811	14	10812	12	44	0	10882
9812	80	34	37	10869	0	11020
9813	13	13	10	11019	0	11055
9814	15	1	6	10925	0	10947
9815	12	6	4	10755	0	10777
9816	11	2	2	11039	0	11054
9817	3	6	11795	20	0	11824
9818	15	3	20	11637	0	11675
9819	9	3	3	12000	0	12015
9820	12149	2	2	56	0	12209
9821	12270	3	1	32	0	12306
9822	12453	1	2	20	0	12476
9823	49	3	3	12543	0	12598
9824	13733	1	2	67	0	13803
9825	14763	2	1	59	0	14825
9826	15205	1	4	32	0	15242
9827	167	12	14971	6	0	15156
9828	14929	3	127	20	0	15079
9829	15577	0	22	30	0	15629
9830	15636	3	14	13	0	15666
9831	194	4	8	15558	0	15764
9832	50	10	15720	143	0	15923
9833	53	0	144	15635	0	15832
9834	16116	1	24	192	0	16333
9835	187	3	13	16266	0	16469
9836	36	16766	20	152	0	16974
9837	48	141	7	17383	0	17579
9838	17383	14	4	208	0	17609
9839	17600	13	11	71	0	17695
9840	17502	9	4	61	0	17576
9841	212	8	17918	19	0	18157
9842	97	7	168	17775	0	18047
9843	66	11	29	18546	0	18652
9844	40	11	18451	212	0	18714
9845	35	17974	192	56	0	18257
9846	46	168	18150	45	0	18409
9847	55	27	187	18337	0	18606
9848	18517	14	49	217	0	18797
9849	212	27	18747	48	0	19034
9850	83	9	178	18862	0	19132
9851	51	7	19016	205	0	19279
9852	18725	10	197	74	0	19006
9853	223	3	54	19266	0	19546
9854	66	17	19976	214	0	20273
9855	83	4	190	19930	0	20207
9856	44	10	20254	223	0	20531
9857	45	20346	216	87	0	20694
9858	74	178	65	20586	0	20903
9859	20772	31	37	266	0	21106
9860	244	27	49	20790	0	21110
9861	94	16	36	20595	0	20741
9862	20551	4	31	284	0	20870
9863	253	19615	36	91	0	19995
9864	82	20074	33	86	0	20275
9865	69	211	38	20246	0	20564
9866	49	20183	39	241	0	20512
9867	58	197	33	20469	0	20757
9868	71	58	23	20617	0	20769
9869	20570	36	24	310	0	20940
9870	219	20357	30	107	0	20713
9871	79	217	20274	89	0	20659
9872	75	20900	200	67	0	21242
9873	20754	221	51	99	0	21125
9874	21296	54	44	103	0	21497
9875	281	39	44	21082	0	21446
9876	21518	30	34	299	0	21881
9877	278	34	33	21493	0	21838
9878	21458	30	44	311	0	21843
9879	21789	39	32	130	0	21990
9880	319	26	38	22333	0	22716
9881	22485	21	25	331	0	22862
9882	316	20	22419	97	0	22852
9883	22146	19	232	122	0	22519
9884	304	20	72	22552	0	22948
9885	22736	13	57	290	0	23096
9886	311	22631	48	111	0	23101
9887	171	221	40	22817	0	23249
9888	130	51	53	23005	0	23239
9889	22833	44	52	362	0	23291
9890	313	51	22629	140	0	23133
9891	147	22519	238	129	0	23033
9892	131	230	62	22906	0	23329
9893	116	22692	55	289	0	23152
9894	110	244	44	23181	0	23579
9895	115	87	42	22913	0	23157
9896	98	53	28	23292	0	23471
9897	22991	73	34	390	0	23488
9898	286	68	24	22736	0	23114
9899	22866	56	39	382	0	23343
9900	22729	52	27	209	0	23017
9901	358	39	13	22848	0	23258
9902	22790	39	49	347	0	23225
9903	22650	31	40	180	0	22901
9904	335	48	22583	136	0	23102
9905	173	39	241	22220	0	22673
9906	22700	60	75	321	0	23156
9907	312	22456	80	126	0	22974
9908	22787	247	48	181	0	23263
9909	22866	57	39	163	0	23125
9910	372	55	22256	103	0	22786
9911	195	44	251	21507	0	21997
9912	23054	29	89	384	0	23556
9913	373	32	62	23492	0	23959
9914	170	32	55	24144	0	24401
9915	172	31	50	24388	0	24641
9916	142	27	53	25304	0	25526
9917	24765	23	61	524	0	25373
9918	450	38	25154	220	0	25862
9919	212	81	389	25897	0	26579
9920	142	59	27795	490	0	28486
9921	102	47	28609	222	0	28980
9922	28542	26	843	232	0	29643
9923	764	29	30265	141	0	31199
9924	324	29109	744	99	0	30276
9925	29129	629	495	142	0	30395
9926	29600	285	171	104	0	30160
9927	983	101	112	28877	0	30073
9928	438	62	29302	640	0	30442
9929	213	70	28836	310	0	29429
9930	29444	36	895	179	0	30554
9931	771	64	398	29971	0	31204
9932	30244	35	174	718	0	31171
9933	764	30600	135	362	0	31861
9934	30901	633	109	208	0	31851
9935	30995	296	113	181	0	31585
9936	1021	30216	112	121	0	31470
9937	561	681	77	30356	0	31675
9938	30391	351	58	735	0	31535
9939	853	153	30190	355	0	31551
9940	460	30431	686	189	0	31766
9941	309	727	347	30298	0	31681
9942	30417	332	173	794	0	31716
9943	790	30573	116	403	0	31882
9944	31190	751	103	247	0	32291
9945	924	396	30635	142	0	32097
9946	30745	193	746	160	0	31844
9947	978	137	31045	89	0	32249
9948	30947	106	849	143	0	32045
9949	30729	97	411	147	0	31384
9950	1170	109	29960	103	0	31342
9951	599	29997	800	100	0	31496
9952	432	727	430	29248	0	30837
9953	278	342	30185	740	0	31545
9954	239	29537	807	411	0	30994
9955	329	763	429	28936	0	30457
9956	272	385	257	30076	0	30990
9957	235	207	29245	1070	0	30757
9958	282	139	836	28779	0	30036
9959	238	120	483	29680	0	30521
9960	203	137	29142	1144	0	30626
9961	276	120	886	28450	0	29732
9962	198	28879	521	911	0	30509
9963	29307	779	284	562	0	30932
9964	892	411	262	28933	0	30498
9965	520	29390	264	887	0	31061
9966	394	819	276	28247	0	29736
9967	312	30052	282	855	0	31501
9968	320	919	29667	474	0	31380
9969	301	30082	884	334	0	31601
9970	29705	972	520	280	0	31477
9971	30073	499	299	304	0	31175
9972	30543	304	273	297	0	31417
9973	1346	255	30141	255	0	31997
9974	751	254	30006	235	0	31246
9975	502	30663	1265	225	0	32655
9976	497	981	616	29599	0	31693
9977	415	31530	337	888	0	33170
9978	481	1083	308	29080	0	30952
9979	403	31554	293	929	0	33179
9980	31443	1114	271	542	0	33370
9981	33669	639	258	395	0	34961
9982	1582	397	228	34401	0	36608
9983	835	323	33971	1163	0	36292
9984	33816	305	1102	665	0	35888
9985	1359	34434	609	416	0	36818
9986	834	1147	381	34248	0	36610
9987	618	595	344	34215	0	35772
9988	485	34918	309	1416	0	37128
9989	35189	1215	302	778	0	37484
9990	1379	711	34730	420	0	37240
9991	849	439	1203	34806	0	37297
9992	34988	383	628	1276	0	37275
9993	35242	334	410	750	0	36736
9994	1756	34496	346	464	0	37062
9995	989	1190	379	33982	0	36540
9996	597	35122	334	1249	0	37302
9997	35633	1268	352	781	0	38034
9998	1376	734	35368	497	0	37975
9999	807	509	35656	426	0	37398
10000	576	408	1509	35243	0	37736
10001	476	389	756	35219	0	36840
10002	444	35072	483	1590	0	37589
10003	457	1238	386	35638	0	37719
10004	411	655	34958	1480	0	37504
10005	34571	424	1257	917	0	37169
10006	1321	387	677	35404	0	37789
10007	692	423	34845	1436	0	37396
10008	532	367	1227	35225	0	37351
10009	414	371	707	34918	0	36410
10010	372	34807	436	1661	0	37276
10011	419	1233	363	35131	0	37146
10012	390	656	378	34841	0	36265
10013	395	466	356	34796	0	36013
10014	32333	329	281	1872	0	34815
10015	1148	31601	345	975	0	34069
10016	666	32043	223	655	0	33587
10017	30860	1283	260	543	0	32946
10018	30323	612	252	467	0	31654
10019	1353	28754	220	370	0	30697
10020	519	27433	188	267	0	28407
10021	24851	767	172	237	0	26027
10022	677	24594	92	211	0	25574
10023	263	24595	80	195	0	25133
10024	23741	741	293	210	0	24985
10025	588	23836	68	177	0	24669
10026	23608	648	97	218	0	24571
10027	23511	309	100	164	0	24084
10028	23450	223	72	188	0	23933
10029	782	23016	83	146	0	24027
10030	370	23279	75	143	0	23867
10031	274	707	45	22556	0	23582
10032	231	22697	57	522	0	23507
10033	229	689	55	23142	0	24115
10034	23361	341	64	635	0	24401
10035	641	229	63	22983	0	23916
10036	311	22713	78	639	0	23741
10037	22494	600	57	323	0	23474
10038	609	22156	80	236	0	23081
10039	324	22986	50	177	0	23537
10040	258	858	64	21885	0	23065
10041	200	22331	73	524	0	23128
10042	22142	591	88	276	0	23097
10043	558	324	21728	208	0	22818
10044	261	21531	481	204	0	22477
10045	222	552	217	21630	0	22621
10046	159	312	21485	589	0	22545
10047	188	226	478	21286	0	22178
10048	184	178	229	21672	0	22263
10049	170	188	134	21915	0	22407
10050	164	176	129	21830	0	22299
10051	169	157	21167	790	0	22283
10052	140	21016	504	456	0	22116
10053	20947	549	240	352	0	22088
10054	537	285	20686	308	0	21816
10055	20631	223	501	294	0	21649
10056	580	184	20916	258	0	21938
10057	286	201	565	20984	0	22036
10058	263	177	20958	610	0	22008
10059	195	168	21430	346	0	22139
10060	203	170	690	21185	0	22248
10061	220	153	318	20583	0	21274
10062	181	173	193	21841	0	22388
10063	188	196	151	21616	0	22151
10064	21230	166	151	820	0	22367
10065	569	154	21129	420	0	22272
10066	21189	178	501	360	0	22228
10067	21379	162	236	303	0	22080
10068	21428	157	152	289	0	22026
10069	21336	169	120	248	0	21873
10070	21447	158	118	246	0	21969
10071	863	175	83	20793	0	21914
10072	462	144	19864	571	0	21041
10073	310	152	19411	309	0	20182
10074	261	19542	480	249	0	20532
10075	18660	459	282	257	0	19658
10076	466	354	164	18269	0	19253
10077	273	406	104	17839	0	18622
10078	215	17806	86	502	0	18609
10079	213	17757	71	300	0	18341
10080	225	17473	63	192	0	17953
10081	15252	525	106	194	0	16077
10082	270	342	63	13652	0	14327
10083	112	13409	23	206	0	13750
10084	79	189	24	13443	0	13735
10085	66	92	13471	191	0	13820
10086	62	66	13757	92	0	13977
10087	78	78	203	14706	0	15065
10088	15280	52	95	263	0	15690
10089	16122	47	42	129	0	16340
10090	16224	53	27	83	0	16387
10091	365	47	16100	77	0	16589
10092	176	67	249	16045	0	16537
10093	121	81	93	16671	0	16966
10094	95	55	16253	354	0	16757
10095	15702	73	263	167	0	16205
10096	326	59	16331	121	0	16837
10097	135	52	16048	72	0	16307
10098	94	49	16205	60	0	16408
10099	85	42	367	15810	0	16304
10100	75	38	160	16215	0	16488
10101	52	38	16435	364	0	16889
10102	76	32	307	16504	0	16919
10103	16784	19	144	383	0	17330
10104	321	25	105	17125	0	17576
10105	121	19	17243	382	0	17765
10106	76	25	17920	198	0	18219
10107	81	46	393	17886	0	18406
10108	18488	22	181	394	0	19085
10109	375	19325	114	176	0	19990
10110	19956	352	97	136	0	20541
10111	20300	122	96	133	0	20651
10112	557	65	20374	103	0	21099
10113	264	24	444	20393	0	21125
10114	20684	28	226	506	0	21444
10115	20594	28	162	251	0	21035
10116	576	20454	110	163	0	21303
10117	283	368	113	20539	0	21303
10118	186	147	104	21210	0	21647
10119	111	71	20659	612	0	21453
10120	136	28	427	20500	0	21091
10121	128	37	20680	521	0	21366
10122	128	45	20470	248	0	20891
10123	143	41	525	20245	0	20954
10124	20208	22	249	498	0	20977
10125	454	19748	156	270	0	20628
10126	19860	372	125	190	0	20547
10127	19976	148	115	150	0	20389
10128	565	19745	122	133	0	20565
10129	312	373	98	19194	0	19977
10130	19116	174	71	426	0	19787
10131	467	19103	89	205	0	19864
10132	18810	378	75	155	0	19418
10133	467	18361	91	117	0	19036
10134	233	365	68	17848	0	18514
10135	181	151	70	18285	0	18687
10136	17921	95	61	500	0	18577
10137	17760	70	60	247	0	18137
10138	488	17865	85	175	0	18613
10139	247	324	17436	128	0	18135
10140	174	148	17230	122	0	17674
10141	148	118	437	16867	0	17570
10142	86	17458	234	378	0	18156
10143	119	305	140	17808	0	18372
10144	121	123	108	17792	0	18144
10145	142	100	113	17777	0	18132
10146	122	72	17611	508	0	18313
10147	120	85	17492	249	0	17946
10148	112	17903	450	171	0	18636
10149	114	347	206	18076	0	18743
10150	138	146	97	18716	0	19097
10151	122	136	18165	491	0	18914
10152	17245	86	382	284	0	17997
10153	420	75	184	18436	0	19115
10154	216	79	18387	402	0	19084
10155	17731	69	410	295	0	18505
10156	393	18289	210	223	0	19115
10157	232	341	18909	177	0	19659
10158	202	189	385	18803	0	19579
10159	18749	120	214	456	0	19539
10160	413	93	19019	252	0	19777
10161	226	63	432	19161	0	19882
10162	186	58	224	19400	0	19868
10163	115	74	194	20751	0	21134
10164	20745	63	131	662	0	21601
10165	462	20231	121	333	0	21147
10166	225	401	111	20738	0	21475
10167	161	179	20957	546	0	21843
10168	142	152	449	20526	0	21269
10169	122	20321	234	550	0	21227
10170	114	21543	173	305	0	22135
10171	21282	512	125	264	0	22183
10172	21595	231	130	189	0	22145
10173	611	166	21082	156	0	22015
10174	20892	105	453	198	0	21648
10175	545	21114	203	163	0	22025
10176	21524	453	154	175	0	22306
10177	592	216	90	21428	0	22326
10178	311	162	21808	488	0	22769
10179	248	119	448	21778	0	22593
10180	177	105	21891	570	0	22743
10181	21618	104	512	287	0	22521
10182	492	135	219	22101	0	22947
10183	250	22601	167	554	0	23572
10184	221	517	116	23053	0	23907
10185	165	221	22827	634	0	23847
10186	128	22363	490	338	0	23319
10187	21339	452	222	261	0	22274
10188	400	20588	152	158	0	21298
10189	161	20372	103	112	0	20748
10190	162	513	105	19756	0	20536
10191	68	19949	80	413	0	20510
10192	104	424	85	20244	0	20857
10193	87	186	19937	448	0	20658
10194	18939	136	332	206	0	19613
10195	19922	87	147	159	0	20315
10196	483	80	19639	82	0	20284
10197	19220	74	321	98	0	19713
10198	407	19389	157	89	0	20042
10199	19656	343	110	97	0	20206
10200	417	184	71	19390	0	20062
10201	192	113	19451	348	0	20104
10202	113	19791	312	205	0	20421
10203	144	360	195	19722	0	20421
10204	108	147	93	19945	0	20293
10205	19221	86	52	443	0	19802
10206	18431	58	57	230	0	18776
10207	402	18055	67	134	0	18658
10208	165	17366	43	66	0	17640
10209	74	17022	24	52	0	17172
10210	159	293	55	16633	0	17140
10211	16550	76	69	222	0	16917
10212	16285	41	19	92	0	16437
10213	228	31	22	16164	0	16445
10214	97	27	13	16267	0	16404
10215	16121	26	13	233	0	16393
10216	190	33	10	16352	0	16585
10217	78	29	16344	204	0	16655
10218	16328	28	148	121	0	16625
10219	16656	34	46	80	0	16816
10220	229	40	16792	43	0	17104
10221	17116	30	162	71	0	17379
10222	223	35	48	17498	0	17804
10223	103	25	36	17571	0	17735
10224	68	25	29	17777	0	17899
10225	17512	24	23	284	0	17843
10226	192	17778	35	106	0	18111
10227	92	173	21	17992	0	18278
10228	73	17576	32	193	0	17874
10229	17787	187	22	101	0	18097
10230	213	64	26	17935	0	18238
10231	111	44	29	18122	0	18306
10232	78	18145	26	246	0	18495
10233	64	181	17944	121	0	18310
10234	55	68	179	18288	0	18590
10235	18360	53	64	244	0	18721
10236	19558	36	34	130	0	19758
10237	334	51	20303	75	0	20763
10238	182	31	306	20981	0	21500
10239	84	21357	125	348	0	21914
10240	81	338	69	21973	0	22461
10241	21811	145	27	455	0	22438
10242	21949	91	35	188	0	22263
10243	498	61	30	21608	0	22197
10244	196	21394	41	397	0	22028
10245	22800	365	24	214	0	23403
10246	443	147	20	23359	0	23969
10247	23430	84	21	498	0	24033
10248	24512	58	26	213	0	24809
10249	594	55	19	24464	0	25132
10250	272	44	32	24737	0	25085
10251	169	40	35	25323	0	25567
10252	119	24992	37	625	0	25773
10253	140	426	23	25602	0	26191
10254	130	155	22	25751	0	26058
10255	112	98	24718	623	0	25551
10256	105	74	24120	295	0	24594
10257	113	75	507	24320	0	25015
10258	24176	43	201	574	0	24994
10259	453	24202	103	259	0	25017
10260	23822	428	64	218	0	24532
10261	532	159	23967	132	0	24790
10262	233	104	23029	153	0	23519
10263	140	23162	489	141	0	23932
10264	182	447	239	23148	0	24016
10265	90	159	23180	412	0	23841
10266	66	110	23365	203	0	23744
10267	98	93	466	23116	0	23773
10268	23238	46	194	447	0	23925
10269	23304	34	123	224	0	23685
10270	507	38	90	22966	0	23601
10271	227	42	24315	425	0	25009
10272	170	54	362	24675	0	25261
10273	140	45	154	24440	0	24779
10274	80	24645	117	480	0	25322
10275	24792	334	89	278	0	25493
10276	24727	133	93	184	0	25137
10277	479	24582	66	173	0	25300
10278	258	368	67	23916	0	24609
10279	128	24376	76	423	0	25003
10280	24469	397	67	221	0	25154
10281	444	167	23920	149	0	24680
10282	206	140	23121	120	0	23587
10283	148	76	23128	108	0	23460
10284	118	91	522	23180	0	23911
10285	105	41	216	23402	0	23764
10286	23176	40	137	534	0	23887
10287	376	65	74	23274	0	23789
10288	217	68	78	23819	0	24182
10289	148	65	24453	503	0	25169
10290	122	63	23632	280	0	24097
10291	23833	53	441	210	0	24537
10292	364	24246	207	148	0	24965
10293	24675	330	119	164	0	25288
10294	448	142	104	24638	0	25332
10295	211	95	95	24666	0	25067
10296	168	24197	92	473	0	24930
10297	113	350	85	24645	0	25193
10298	24231	137	83	534	0	24985
10299	406	104	76	24422	0	25008
10300	196	81	24381	512	0	25170
10301	166	23839	350	290	0	24645
10302	23717	344	178	245	0	24484
10303	24185	147	146	179	0	24657
10304	24202	95	98	206	0	24601
10305	24404	80	91	171	0	24746
10306	585	97	71	24002	0	24755
10307	313	85	62	24389	0	24849
10308	217	58	23895	554	0	24724
10309	180	56	351	24050	0	24637
10310	152	88	23858	514	0	24612
10311	168	66	396	23964	0	24594
10312	23850	55	163	587	0	24655
10313	414	24199	139	290	0	25042
10314	202	355	92	24820	0	25469
10315	174	167	105	25323	0	25769
10316	24827	89	85	621	0	25622
10317	24278	51	89	350	0	24768
10318	535	78	24101	209	0	24923
10319	272	24140	387	214	0	25013
10320	167	362	178	24218	0	24925
10321	153	162	137	24423	0	24875
10322	23893	119	115	592	0	24719
10323	23875	67	134	339	0	24415
10324	555	98	23822	190	0	24665
10325	276	78	23537	180	0	24071
10326	206	77	491	23403	0	24177
10327	163	73	230	23947	0	24413
10328	141	74	23523	564	0	24302
10329	22995	71	420	336	0	23822
10330	488	42	199	23707	0	24436
10331	23355	30	158	539	0	24082
10332	442	23019	129	283	0	23873
10333	23812	356	128	286	0	24582
10334	510	141	25173	215	0	26039
10335	259	24767	396	201	0	25623
10336	167	24445	157	116	0	24885
10337	22961	340	334	152	0	23787
10338	22479	93	76	113	0	22761
10339	306	56	43	22266	0	22671
10340	123	22022	33	242	0	22420
10341	80	22635	48	114	0	22877
10342	86	250	38	22880	0	23254
10343	22977	100	38	314	0	23429
10344	23055	58	34	180	0	23327
10345	311	59	21628	68	0	22066
10346	21073	37	170	81	0	21361
10347	233	22372	70	50	0	22725
10348	22902	233	40	59	0	23234
10349	328	26931	35	57	0	27351
10350	92	29491	39	41	0	29663
10351	219	785	51	32395	0	33450
10352	34900	276	65	813	0	36054
10353	35843	189	11	337	0	36380
10354	1157	120	34858	235	0	36370
10355	614	58	805	35175	0	36652
10356	35642	36	288	1006	0	36972
10357	1165	44	220	35753	0	37182
10358	36028	29	145	1147	0	37349
10359	36511	31	111	525	0	37178
10360	1319	47	35564	361	0	37291
10361	770	30	853	35083	0	36736
10362	518	48	305	36086	0	36957
10363	402	49	249	36241	0	36941
10364	231	58	34816	1411	0	36516
10365	244	36	926	35170	0	36376
10366	215	29	335	34639	0	35218
10367	128	34279	302	1331	0	36040
10368	102	865	34020	713	0	35700
10369	95	34545	919	549	0	36108
10370	34592	1072	331	408	0	36403
10371	1000	426	279	33005	0	34710
10372	498	338	188	32527	0	33551
10373	354	32977	147	1152	0	34630
10374	33079	975	105	631	0	34790
10375	33701	363	76	502	0	34642
10376	16543	17364	75	388	0	34370
10377	1006	33269	77	294	0	34646
10378	33402	1067	79	227	0	34775
10379	1251	485	32491	171	0	34398
10380	604	396	32539	167	0	33706
10381	31878	312	1101	226	0	33517
10382	1057	32681	552	153	0	34443
10383	32919	944	394	202	0	34459
10384	1199	426	32251	169	0	34045
10385	32817	335	934	236	0	34322
10386	1290	33437	386	178	0	35291
10387	691	996	331	33721	0	35739
10388	630	389	235	34141	0	35395
10389	539	338	177	32089	0	33143
10390	448	235	126	33372	0	34181
10391	335	206	129	32758	0	33428
10392	296	32120	111	1669	0	34196
10393	32428	899	116	972	0	34415
10394	1058	385	32032	721	0	34196
10395	569	325	901	32687	0	34482
10396	473	247	32552	1199	0	34471
10397	379	221	1145	32728	0	34473
10398	347	140	566	33532	0	34585
10399	32532	159	463	1518	0	34672
10400	1043	164	31953	883	0	34043
10401	500	31877	1032	693	0	34102
10402	445	924	458	32470	0	34297
10403	363	453	367	33255	0	34438
10404	334	393	32379	1413	0	34519
10405	267	300	997	32779	0	34343
10406	291	269	404	33695	0	34659
10407	31830	202	366	1631	0	34029
10408	997	32241	248	942	0	34428
10409	32403	982	222	727	0	34334
10410	33171	445	168	578	0	34362
10411	1484	398	162	32345	0	34389
10412	882	305	31861	1112	0	34160
10413	664	276	32024	561	0	33525
10414	553	215	1240	31658	0	33666
10415	468	199	662	31223	0	32552
10416	310	31419	542	1374	0	33645
10417	31371	940	396	793	0	33500
10418	1071	30903	340	655	0	32969
10419	579	32083	235	522	0	33419
10420	31718	1332	205	498	0	33753
10421	1228	723	185	31280	0	33416
10422	707	32418	160	1183	0	34468
10423	554	1197	174	32785	0	34710
10424	406	561	31861	1445	0	34273
10425	379	429	32098	842	0	33748
10426	318	335	1236	32391	0	34280
10427	273	271	32418	1398	0	34360
10428	270	209	1318	32427	0	34224
10429	264	202	687	32747	0	33900
10430	222	177	561	33478	0	34438
10431	31579	182	385	1858	0	34004
10432	962	30690	348	1100	0	33100
10433	467	31923	267	860	0	33517
10434	29818	1187	229	672	0	31906
10435	30600	630	170	568	0	31968
10436	1344	546	169	29741	0	31800
10437	692	430	29450	1174	0	31746
10438	614	319	933	29945	0	31811
10439	454	254	29759	1360	0	31827
10440	366	29594	1115	769	0	31844
10441	319	914	533	30226	0	31992
10442	29863	430	439	1300	0	32032
10443	1083	385	334	30184	0	31986
10444	546	280	29091	1262	0	31179
10445	28850	260	973	772	0	30855
10446	1210	213	29301	597	0	31321
10447	796	209	28440	432	0	29877
10448	478	26860	1151	441	0	28930
10449	276	22424	531	217	0	23448
10450	247	20682	466	229	0	21624
10451	15531	618	730	393	0	17272
10452	14352	67	89	88	0	14596
10453	104	29	20	14538	0	14691
10454	54	20	7	14596	0	14677
10455	26	12	11	14946	0	14995
10456	18	14834	11	123	0	14986
10457	14935	66	12	75	0	15088
10458	70	14851	16	37	0	14974
10459	44	81	10	15066	0	15201
10460	14855	39	15	101	0	15010
10461	89	26	8	14910	0	15033
10462	58	22	8	15121	0	15209
10463	15136	21	14	154	0	15325
10464	15001	19	13	88	0	15121
10465	132	16	14983	24	0	15155
10466	66	19	14651	28	0	14764
10467	27	15	15144	31	0	15217
10468	42	10	124	15069	0	15245
10469	31	11	53	15327	0	15422
10470	10	15277	32	139	0	15458
10471	15679	89	19	79	0	15866
10472	108	46	15	15907	0	16076
10473	60	16	15	16217	0	16308
10474	27	16203	13	172	0	16415
10475	17	16971	15	74	0	17077
10476	41	148	11	17370	0	17570
10477	41	54	16	19000	0	19111
10478	19098	30	15	270	0	19413
10479	19129	20	11	122	0	19282
10480	274	22	14	19078	0	19388
10481	102	17	18940	221	0	19280
10482	73	29	18346	97	0	18545
10483	64	14	237	18912	0	19227
10484	60	24	84	18526	0	18694
10485	40	18360	55	278	0	18733
10486	17917	188	29	171	0	18305
10487	208	69	29	17990	0	18296
10488	75	60	17912	226	0	18273
10489	82	29	184	18163	0	18458
10490	40	22	18116	276	0	18454
10491	50	36	18161	104	0	18351
10492	59	94	267	18406	0	18826
10493	18392	21	117	293	0	18823
10494	203	17	18242	103	0	18565
10495	96	21	224	18077	0	18418
10496	52	27	18924	243	0	19246
10497	49	11	254	18921	0	19235
10498	60	19	87	18970	0	19136
10499	54	20	18837	289	0	19200
10500	53	33	18183	137	0	18406
10501	92	26	281	17499	0	17898
10502	45	12	128	18769	0	18954
10503	41	14	105	18906	0	19066
10504	51	14	64	18685	0	18814
10505	18489	11	58	358	0	18916
10506	18601	18	61	187	0	18867
10507	243	18447	61	127	0	18878
10508	18618	187	56	131	0	18992
10509	238	63	62	18773	0	19136
10510	18817	38	50	312	0	19217
10511	251	27	18665	140	0	19083
10512	18909	13	246	131	0	19299
10513	269	23	102	19137	0	19531
10514	128	19	71	19663	0	19881
10515	19494	11	52	373	0	19930
10516	286	15	54	20633	0	20988
10517	109	24	21370	375	0	21878
10518	21463	15	285	230	0	21993
10519	334	22126	120	169	0	22749
10520	149	277	97	22969	0	23492
10521	137	103	24623	382	0	25245
10522	113	69	358	24511	0	25051
10523	68	68	24673	498	0	25307
10524	111	41	426	24691	0	25269
10525	70	24783	166	496	0	25515
10526	94	356	110	25151	0	25711
10527	73	25852	84	503	0	26512
10528	157	492	67	25134	0	25850
10529	121	158	58	27232	0	27569
10530	104	92	73	27479	0	27748
10531	121	61	65	27521	0	27768
10532	106	44	94	27531	0	27775
10533	87	59	26654	785	0	27585
10534	109	62	453	26944	0	27568
10535	76	37	197	27427	0	27737
10536	26993	38	171	781	0	27983
10537	442	26838	109	453	0	27842
10538	27032	463	96	333	0	27924
10539	583	178	92	27171	0	28024
10540	207	164	27049	637	0	28057
10541	126	27141	484	386	0	28137
10542	26893	479	218	331	0	27921
10543	481	26678	158	279	0	27596
10544	193	27564	99	257	0	28113
10545	27233	594	94	280	0	28201
10546	543	255	101	28475	0	29374
10547	28416	163	87	736	0	29402
10548	692	86	71	28141	0	28990
10549	258	78	27997	782	0	29115
10550	177	106	27778	379	0	28440
10551	27164	62	660	342	0	28228
10552	28075	79	308	282	0	28744
10553	770	78	194	27317	0	28359
10554	386	83	126	27725	0	28320
10555	26736	76	131	839	0	27782
10556	631	26257	100	408	0	27396
10557	291	27158	69	307	0	27825
10558	26866	675	76	242	0	27859
10559	27131	300	87	237	0	27755
10560	778	26836	79	211	0	27904
10561	418	609	78	26864	0	27969
10562	293	253	26582	645	0	27773
10563	200	204	26609	328	0	27341
10564	26074	120	715	294	0	27203
10565	685	100	26583	213	0	27581
10566	361	95	661	25987	0	27104
10567	302	77	256	25746	0	26381
10568	213	25843	196	789	0	27041
10569	25912	558	140	418	0	27028
10570	680	253	115	25863	0	26911
10571	336	222	25308	646	0	26512
10572	258	25229	529	383	0	26399
10573	248	635	217	25126	0	26226
10574	195	242	24790	662	0	25889
10575	154	227	24070	342	0	24793
10576	142	23790	667	334	0	24933
10577	21856	512	331	195	0	22894
10578	481	22270	211	163	0	23125
10579	22229	519	140	186	0	23074
10580	548	224	21891	172	0	22835
10581	21478	166	461	222	0	22327
10582	548	21903	226	202	0	22879
10583	259	476	171	22080	0	22986
10584	219	209	132	22691	0	23251
10585	22301	166	123	690	0	23280
10586	481	138	22190	361	0	23170
10587	22194	165	473	304	0	23136
10588	22523	122	217	254	0	23116
10589	624	128	21744	191	0	22687
10590	332	133	22048	183	0	22696
10591	245	162	592	21675	0	22674
10592	21888	116	292	576	0	22872
10593	22041	133	204	300	0	22678
10594	638	22100	166	253	0	23157
10595	352	474	148	22439	0	23413
10596	276	216	118	22019	0	22629
10597	243	194	93	22218	0	22748
10598	205	127	101	22530	0	22963
10599	22079	98	110	796	0	23083
10600	584	105	129	22526	0	23344
10601	334	121	22268	631	0	23354
10602	286	118	22039	320	0	22763
10603	21703	114	611	259	0	22687
10604	591	21754	318	203	0	22866
10605	341	22587	221	170	0	23319
10606	292	615	161	22623	0	23691
10607	249	284	133	23003	0	23669
10608	256	179	138	22837	0	23410
10609	196	157	135	23180	0	23668
10610	185	127	22480	803	0	23595
10611	204	99	480	22538	0	23321
10612	220	79	218	22608	0	23125
10613	167	87	21628	772	0	22654
10614	20625	80	556	443	0	21704
10615	535	21059	266	480	0	22340
10616	20148	397	204	249	0	20998
10617	511	141	19565	178	0	20395
10618	256	134	18826	133	0	19349
10619	171	18615	469	142	0	19397
10620	16934	668	785	286	0	18673
10621	15994	171	196	159	0	16520
10622	15994	80	73	119	0	16266
10623	388	15580	70	120	0	16158
10624	15375	264	79	115	0	15833
10625	368	98	15398	84	0	15948
10626	135	15328	265	99	0	15827
10627	14682	255	145	106	0	15188
10628	257	14855	98	77	0	15287
10629	14303	228	62	84	0	14677
10630	14021	93	66	84	0	14264
10631	302	70	14283	42	0	14697
10632	143	14368	244	44	0	14799
10633	14225	223	99	66	0	14613
10634	248	93	14123	38	0	14502
10635	119	14060	231	44	0	14454
10636	133	251	94	13681	0	14159
10637	70	70	13680	202	0	14022
10638	73	65	13308	76	0	13522
10639	56	107	226	13351	0	13740
10640	13081	37	97	211	0	13426
10641	189	13061	56	92	0	13398
10642	90	169	12952	57	0	13268
10643	103	77	12671	42	0	12893
10644	12240	69	220	35	0	12564
10645	191	12720	89	19	0	13019
10646	11494	89	63	30	0	11676
10647	101	11467	14	28	0	11610
10648	11674	102	36	23	0	11835
10649	11483	31	18	22	0	11554
10650	120	11344	21	10	0	11495
10651	54	102	11	11476	0	11643
10652	11967	38	9	118	0	12132
10653	129	20	15	12194	0	12358
10654	54	18	17	12906	0	12995
10655	12889	9	17	187	0	13102
10656	156	12934	15	49	0	13154
10657	13140	144	15	35	0	13334
10658	174	49	13065	11	0	13299
10659	69	24	150	13200	0	13443
10660	43	24	40	13245	0	13352
10661	13155	22	18	199	0	13394
10662	13190	11	9	76	0	13286
10663	191	23	17	13117	0	13348
10664	75	24	13192	164	0	13455
10665	48	14	150	13185	0	13397
10666	34	21	47	13342	0	13444
10667	41	17	21	13422	0	13501
10668	46	12	18	13411	0	13487
10669	13263	14	21	228	0	13526
10670	173	16	13170	73	0	13432
10671	63	13208	169	66	0	13506
10672	43	168	42	13126	0	13379
10673	45	47	25	13622	0	13739
10674	32	38	13541	224	0	13835
10675	37	27	13364	79	0	13507
10676	42	18	196	13708	0	13964
10677	56	23	56	13923	0	14058
10678	36	22	13606	247	0	13911
10679	37	23	187	13560	0	13807
10680	13835	17	58	263	0	14173
10681	222	14170	42	87	0	14521
10682	85	198	14034	57	0	14374
10683	44	14108	207	68	0	14427
10684	65	214	61	14210	0	14550
10685	40	73	14220	228	0	14561
10686	48	14074	221	88	0	14431
10687	57	206	78	14220	0	14561
10688	41	66	14418	234	0	14759
10689	51	41	213	14312	0	14617
10690	46	26	73	14430	0	14575
10691	14348	25	40	299	0	14712
10692	242	23	33	14420	0	14718
10693	14488	29	40	273	0	14830
10694	14046	28	34	130	0	14238
10695	14048	18	39	111	0	14216
10696	302	29	37	13901	0	14269
10697	91	22	13632	269	0	14014
10698	65	23	13377	112	0	13577
10699	13590	17	245	97	0	13949
10700	230	28	13612	57	0	13927
10701	13083	22	227	69	0	13401
10702	219	13335	84	70	0	13708
10703	13481	165	45	89	0	13780
10704	211	56	13612	66	0	13945
10705	94	41	13992	48	0	14175
10706	77	23	248	14209	0	14557
10707	50	14	14683	263	0	15010
10708	39	23	15022	97	0	15181
10709	78	28	286	15510	0	15902
10710	60	15	100	16017	0	16192
10711	51	22	64	16611	0	16748
10712	42	16441	55	417	0	16955
10713	70	285	47	16342	0	16744
10714	40	16894	50	345	0	17329
10715	16887	339	50	158	0	17434
10716	17246	107	49	125	0	17527
10717	393	77	44	16639	0	17153
10718	154	16627	62	354	0	17197
10719	88	303	17077	156	0	17624
10720	17183	99	357	142	0	17781
10721	379	80	132	17230	0	17821
10722	177	34	102	17497	0	17810
10723	129	42	55	17694	0	17920
10724	17134	42	37	544	0	17757
10725	389	16541	43	243	0	17216
10726	139	17043	62	147	0	17391
10727	16513	416	60	105	0	17094
10728	361	16729	61	88	0	17239
10729	16873	392	56	96	0	17417
10730	17074	124	58	100	0	17356
10731	466	16666	49	81	0	17262
10732	219	358	49	16420	0	17046
10733	119	16567	50	379	0	17115
10734	88	404	59	16666	0	17217
10735	102	129	54	17457	0	17742
10736	17421	101	48	552	0	18122
10737	18125	64	49	279	0	18517
10738	571	66	69	17932	0	18638
10739	265	66	17526	461	0	18318
10740	17339	65	392	241	0	18037
10741	429	17496	170	197	0	18292
10742	212	413	121	17538	0	18284
10743	184	154	53	17904	0	18295
10744	137	131	44	18083	0	18395
10745	17195	83	54	663	0	17995
10746	17368	76	40	317	0	17801
10747	549	16467	53	211	0	17280
10748	257	16859	61	142	0	17319
10749	197	491	46	16784	0	17518
10750	136	224	55	17098	0	17513
10751	138	127	16765	577	0	17607
10752	133	108	382	16518	0	17141
10753	85	84	16237	545	0	16951
10754	89	72	15499	229	0	15889
10755	94	15311	466	197	0	16068
10756	146	385	230	15254	0	16015
10757	15339	155	115	459	0	16068
10758	424	114	53	15291	0	15882
10759	201	83	15060	490	0	15834
10760	14922	77	362	227	0	15588
10761	15225	85	147	178	0	15635
10762	513	92	14925	113	0	15643
10763	267	73	349	15272	0	15961
10764	15087	63	153	445	0	15748
10765	458	15221	115	219	0	16013
10766	15492	372	54	222	0	16140
10767	15972	157	81	147	0	16357
10768	562	133	72	15611	0	16378
10769	279	93	54	16233	0	16659
10770	16043	68	69	596	0	16776
10771	480	73	51	16251	0	16855
10772	223	66	16018	576	0	16883
10773	15732	69	367	273	0	16441
10774	15999	67	148	220	0	16434
10775	561	15433	123	151	0	16268
10776	290	15858	53	128	0	16329
10777	201	496	43	15331	0	16071
10778	125	15631	55	427	0	16238
10779	152	476	71	15665	0	16364
10780	15359	168	51	537	0	16115
10781	15176	117	81	230	0	15604
10782	490	14863	71	208	0	15632
10783	14831	370	56	164	0	15421
10784	452	14817	54	134	0	15457
10785	14879	417	55	139	0	15490
10786	15117	172	53	148	0	15490
10787	524	127	14580	144	0	15375
10788	14523	71	331	134	0	15059
10789	500	14154	159	127	0	14940
10790	231	14683	124	114	0	15152
10791	14679	439	71	115	0	15304
10792	484	244	54	14593	0	15375
10793	233	172	14543	388	0	15336
10794	230	93	331	14706	0	15360
10795	181	99	130	15030	0	15440
10796	147	96	14534	513	0	15290
10797	14121	76	343	301	0	14841
10798	441	14208	161	211	0	15021
10799	14195	352	110	156	0	14813
10800	506	161	72	13918	0	14657
10801	13933	122	64	402	0	14521
10802	505	13725	64	213	0	14507
10803	238	398	56	13851	0	14543
10804	13698	164	58	425	0	14345
10805	434	114	13001	231	0	13780
10806	236	69	12193	177	0	12675
10807	11730	123	431	132	0	12416
10808	356	11504	183	102	0	12145
10809	160	10625	69	96	0	10950
10810	326	358	133	9917	0	10734
10811	126	9958	56	249	0	10389
10812	116	284	51	10068	0	10519
10813	108	121	49	10295	0	10573
10814	108	80	53	10105	0	10346
10815	102	9791	56	311	0	10260
10816	102	233	46	9763	0	10144
10817	91	114	9494	242	0	9941
10818	87	9308	166	126	0	9687
10819	93	224	67	8724	0	9108
10820	75	8752	62	179	0	9068
10821	8719	178	44	109	0	9050
10822	8734	74	34	113	0	8955
10823	8788	66	45	82	0	8981
10824	254	8785	48	70	0	9157
10825	141	178	41	8799	0	9159
10826	111	88	8686	162	0	9047
10827	103	75	8467	82	0	8727
10828	8275	83	182	106	0	8646
10829	8407	72	86	81	0	8646
10830	200	61	45	8588	0	8894
10831	112	39	26	8951	0	9128
10832	92	43	8932	232	0	9299
10833	72	8780	161	135	0	9148
10834	72	8742	87	94	0	8995
10835	57	171	8348	52	0	8628
10836	72	194	157	7764	0	8187
10837	58	40	66	7084	0	7248
10838	44	36	19	7822	0	7921
10839	53	20	20	7805	0	7898
10840	7736	28	14	144	0	7922
10841	129	36	7504	54	0	7723
10842	7471	37	90	50	0	7648
10843	130	40	38	7501	0	7709
10844	7517	23	28	133	0	7701
10845	131	25	23	7542	0	7721
10846	75	19	7604	118	0	7816
10847	40	54	103	7654	0	7851
10848	50	23	7865	122	0	8060
10849	36	44	99	7743	0	7922
10850	38	28	7974	120	0	8160
10851	37	7911	99	57	0	8104
10852	33	102	45	7955	0	8135
10853	38	44	28	7909	0	8019
10854	28	7960	21	123	0	8132
10855	8127	96	17	67	0	8307
10856	107	45	19	8138	0	8309
10857	54	23	16	8103	0	8196
10858	8163	25	21	149	0	8358
10859	8287	15	23	82	0	8407
10860	8509	22	26	58	0	8615
10861	8560	16	17	53	0	8646
10862	164	22	8168	28	0	8382
10863	8116	24	99	48	0	8287
10864	8355	14	48	41	0	8458
10865	138	25	28	7977	0	8168
10866	67	18	21	7947	0	8053
10867	7705	16	16	139	0	7876
10868	110	7633	18	59	0	7820
10869	64	89	15	7451	0	7619
10870	15	29	7612	100	0	7756
10871	16	7517	68	46	0	7647
10872	7392	77	45	27	0	7541
10873	7437	27	24	17	0	7505
10874	7492	14	5	31	0	7542
10875	7567	7	10	17	0	7601
10876	103	7	13	7372	0	7495
10877	48	6	7361	80	0	7495
10878	27	8	7716	35	0	7786
10879	22	4	111	8169	0	8306
10880	8640	4	42	118	0	8804
10881	138	5	13	8743	0	8899
10882	47	11	8834	131	0	9023
10883	8882	5	124	63	0	9074
10884	9008	4	46	33	0	9091
10885	182	7	18	9047	0	9254
10886	66	7	9304	135	0	9512
10887	44	5	9451	49	0	9549
10888	9195	4	158	49	0	9406
10889	139	9394	59	29	0	9621
10890	51	113	9517	31	0	9712
10891	48	36	136	9450	0	9670
10892	9517	16	47	149	0	9729
10893	143	9224	24	53	0	9444
10894	58	9358	22	29	0	9467
10895	9377	142	25	30	0	9574
10896	149	40	20	9350	0	9559
10897	9938	19	19	135	0	10111
10898	165	17	20	10120	0	10322
10899	59	8	17	10272	0	10356
10900	34	10	10183	191	0	10418
10901	31	24	9795	62	0	9912
10902	37	17	10319	28	0	10401
10903	24	17	198	10327	0	10566
10904	10500	13	63	178	0	10754
10905	184	11	10472	67	0	10734
10906	81	12	164	10545	0	10802
10907	42	35	10712	182	0	10971
10908	54	10867	169	67	0	11157
10909	43	180	68	11039	0	11330
10910	45	42	34	11172	0	11293
10911	52	15	37	11216	0	11320
10912	11046	14	33	242	0	11335
10913	192	15	31	11035	0	11273
10914	80	13	47	11149	0	11289
10915	11035	13	41	249	0	11338
10916	188	15	10896	86	0	11185
10917	10877	9	177	76	0	11139
10918	10971	17	64	53	0	11105
10919	233	21	10773	49	0	11076
10920	10698	7	181	65	0	10951
10921	214	20	77	11061	0	11372
10922	95	22	11183	185	0	11485
10923	11169	12	164	118	0	11463
10924	11322	10	75	87	0	11494
10925	232	4	40	11242	0	11518
10926	115	2	38	11351	0	11506
10927	73	12	30	11398	0	11513
10928	11147	8	32	257	0	11444
10929	197	11184	35	104	0	11520
10930	10950	143	40	76	0	11209
10931	260	10395	37	52	0	10744
10932	78	10460	40	37	0	10615
10933	73	166	40	10517	0	10796
10934	63	58	29	10658	0	10808
10935	46	29	26	10587	0	10688
10936	45	18	42	10591	0	10696
10937	37	15	10328	229	0	10609
10938	10241	14	153	110	0	10518
10939	181	27	52	10488	0	10748
10940	70	24	10601	193	0	10888
10941	52	19	156	10664	0	10891
10942	74	18	54	10851	0	10997
10943	44	37	11170	218	0	11469
10944	65	31	144	11151	0	11391
10945	53	32	65	11201	0	11351
10946	11196	19	43	249	0	11507
10947	173	15	11241	121	0	11550
10948	10864	13	149	106	0	11132
10949	169	11344	66	82	0	11661
10950	11269	131	51	81	0	11532
10951	11152	36	55	59	0	11302
10952	204	24	44	11090	0	11362
10953	79	24	11017	193	0	11313
10954	59	11506	164	90	0	11819
10955	64	152	58	11208	0	11482
10956	38	11931	47	171	0	12187
10957	11965	174	50	91	0	12280
10958	186	61	11697	66	0	12010
10959	70	46	11610	67	0	11793
10960	64	27	198	11541	0	11830
10961	42	21	11993	214	0	12270
10962	72	16	182	12100	0	12370
10963	53	32	63	12150	0	12298
10964	12393	18	43	250	0	12704
10965	204	12430	36	121	0	12791
10966	86	165	51	12701	0	13003
10967	84	53	48	12925	0	13110
10968	61	38	43	12843	0	12985
10969	41	12454	58	260	0	12813
10970	43	12761	37	126	0	12967
10971	12601	195	38	107	0	12941
10972	12678	56	44	85	0	12863
10973	12624	29	33	79	0	12765
10974	260	31	12344	57	0	12692
10975	105	71	190	12282	0	12648
10976	59	36	12258	240	0	12593
10977	39	12231	190	111	0	12571
10978	11792	187	73	90	0	12142
10979	171	68	11559	44	0	11842
10980	70	51	136	11194	0	11451
10981	42	24	11422	136	0	11624
10982	11073	17	140	81	0	11311
10983	11445	16	56	60	0	11577
10984	11449	19	30	61	0	11559
10985	11283	18	28	27	0	11356
10986	169	24	11366	26	0	11585
10987	11092	18	122	56	0	11288
10988	11315	9	42	49	0	11415
10989	139	11155	32	40	0	11366
10990	11153	110	32	46	0	11341
10991	11369	32	7	40	0	11448
10992	174	25	30	10988	0	11217
10993	80	11425	20	103	0	11628
10994	11893	122	18	73	0	12106
10995	12667	33	40	35	0	12775
10996	223	27	13736	38	0	14024
10997	89	27	14026	26	0	14168
10998	56	21	14499	15	0	14591
10999	65	71	315	14342	0	14793
11000	14309	8	136	255	0	14708
11001	241	14330	65	106	0	14742
11002	14190	217	43	68	0	14518
11003	281	14236	35	32	0	14584
11004	14145	249	28	37	0	14459
11005	269	13945	33	26	0	14273
11006	111	14299	40	15	0	14465
11007	13847	274	30	46	0	14197
11008	227	14085	26	26	0	14364
11009	117	257	20	14003	0	14397
11010	74	103	14097	205	0	14479
11011	56	76	14119	69	0	14320
11012	62	39	279	13989	0	14369
11013	57	32	112	14358	0	14559
11014	34	47	14238	299	0	14618
11015	58	29	238	14101	0	14426
11016	55	33	83	14483	0	14654
11017	14394	34	53	335	0	14816
11018	246	14368	38	142	0	14794
11019	102	248	48	14001	0	14399
11020	59	14557	40	238	0	14894
11021	14501	284	30	123	0	14938
11022	241	14555	38	82	0	14916
11023	14575	283	36	58	0	14952
11024	14667	93	27	64	0	14851
11025	340	78	25	14367	0	14810
11026	165	48	23	14498	0	14734
11027	101	47	26	14675	0	14849
11028	71	40	35	14708	0	14854
11029	48	48	14050	376	0	14522
11030	13462	41	251	170	0	13924
11031	264	14076	94	96	0	14530
11032	138	244	45	14429	0	14856
11033	104	99	34	14543	0	14780
11034	67	14415	40	338	0	14860
11035	14559	268	38	171	0	15036
11036	281	14667	34	123	0	15105
11037	127	317	28	14861	0	15333
11038	97	127	32	15187	0	15443
11039	91	93	19	15248	0	15451
11040	78	63	31	15118	0	15290
11041	14749	50	35	440	0	15274
11042	290	57	14625	177	0	15149
11043	150	42	271	14413	0	14876
11044	94	56	110	14596	0	14856
11045	67	49	82	14759	0	14957
11046	68	42	65	14632	0	14807
11047	14053	50	59	461	0	14623
11048	320	34	14046	215	0	14615
11049	151	69	241	13645	0	14106
11050	107	13398	97	309	0	13911
11051	82	14042	73	155	0	14352
11052	13832	331	30	138	0	14331
11053	305	151	13748	104	0	14308
11054	13042	98	252	87	0	13479
11055	338	86	13194	70	0	13688
11056	140	54	245	12861	0	13300
11057	13073	37	92	300	0	13502
11058	245	13235	75	151	0	13706
11059	109	232	64	12938	0	13343
11060	86	12558	62	260	0	12966
11061	13026	254	52	145	0	13477
11062	13125	109	49	123	0	13406
11063	337	69	47	13048	0	13501
11064	122	61	12757	307	0	13247
11065	114	53	12643	158	0	12968
11066	94	80	302	12685	0	13161
11067	80	12718	125	265	0	13188
11068	75	278	61	13314	0	13728
11069	77	133	26	12974	0	13210
11070	101	91	26	12838	0	13056
11071	67	75	12923	390	0	13455
11072	78	52	225	12948	0	13303
11073	68	54	99	13133	0	13354
11074	46	12752	75	453	0	13326
11075	41	275	47	12753	0	13116
11076	35	94	46	13514	0	13689
11077	38	47	52	13671	0	13808
11078	52	30	51	13661	0	13794
11079	45	39	47	13455	0	13586
11080	49	35	48	13431	0	13563
11081	35	36	31	13221	0	13323
11082	47	55	31	13011	0	13144
11083	42	70	11066	1561	0	12739
11084	62	64	209	12592	0	12927
11085	12411	45	80	370	0	12906
11086	265	46	66	12345	0	12722
11087	123	34	12457	369	0	12983
11088	12262	39	238	213	0	12752
11089	12801	29	88	161	0	13079
11090	12782	35	68	125	0	13010
11091	12758	33	41	122	0	12954
11092	385	40	38	12755	0	13218
11093	159	24	12465	337	0	12985
11094	103	12069	219	180	0	12571
11095	73	11311	98	127	0	11609
11096	153	271	278	9572	0	10274
11097	48	22	111	9705	0	9886
11098	24	14	6	9651	0	9695
11099	14	12	4	9988	0	10018
11100	11	8	5	10957	0	10981
11101	11740	5	11	204	0	11960
11102	167	11807	10	74	0	12058
11103	54	12288	7	57	0	12406
11104	61	268	6	12543	0	12878
11105	22	104	8	12843	0	12977
11106	33	51	5	12768	0	12857
11107	23	16	3	12791	0	12833
11108	12	23	12173	374	0	12582
11109	15	12025	210	164	0	12414
11110	37	214	64	12177	0	12492
11111	11935	82	52	250	0	12319
11112	216	65	9	12077	0	12367
11113	73	26	12070	306	0	12475
11114	65	27	11769	144	0	12005
11115	28	33	12100	123	0	12284
11116	37	61	317	11868	0	12283
11117	12153	27	169	276	0	12625
11118	214	20	70	12300	0	12604
11119	98	20	32	12684	0	12834
11120	12491	17	31	342	0	12881
11121	235	9	35	12753	0	13032
11122	102	19	43	12868	0	13032
11123	78	16	13182	332	0	13608
11124	27	13259	240	184	0	13710
11125	49	217	93	13896	0	14255
11126	13796	67	75	303	0	14241
11127	253	58	37	13933	0	14281
11128	103	17	13889	347	0	14356
11129	82	36	241	13932	0	14291
11130	43	13939	85	358	0	14425
11131	48	245	68	14264	0	14625
11132	30	85	14026	364	0	14505
11133	25	14783	259	166	0	15233
11134	58	303	91	15106	0	15558
11135	47	92	69	16407	0	16615
11136	46	75	43	16721	0	16885
11137	39	31	41	16929	0	17040
11138	32	44	16342	536	0	16954
11139	26	16368	334	259	0	16987
11140	16465	334	109	179	0	17087
11141	16780	112	91	133	0	17116
11142	417	85	57	16613	0	17172
11143	167	45	16418	429	0	17059
11144	16217	34	344	215	0	16810
11145	365	28	130	16739	0	17262
11146	126	37	17027	431	0	17621
11147	108	35	346	17163	0	17652
11148	70	30	133	17347	0	17580
11149	68	36	87	17544	0	17735
11150	65	29	17381	581	0	18056
11151	91	25	364	16881	0	17361
11152	52	17478	145	459	0	18134
11153	17580	343	111	209	0	18243
11154	17791	111	54	181	0	18137
11155	17791	89	55	155	0	18090
11156	497	17411	58	162	0	18128
11157	17516	337	56	161	0	18070
11158	451	121	55	17288	0	17915
11159	17235	90	56	474	0	17855
11160	17418	44	68	234	0	17764
11161	481	57	16814	204	0	17556
11162	206	16723	343	156	0	17428
11163	16815	329	132	132	0	17408
11164	400	153	110	16796	0	17459
11165	175	106	16703	410	0	17394
11166	140	16716	348	192	0	17396
11167	16499	359	134	177	0	17169
11168	426	127	86	16565	0	17204
11169	210	95	50	16848	0	17203
11170	155	66	58	16862	0	17141
11171	98	16430	57	568	0	17153
11172	113	346	41	16710	0	17210
11173	101	16325	62	485	0	16973
11174	98	381	68	16626	0	17173
11175	79	141	16431	487	0	17138
11176	99	142	343	16582	0	17166
11177	103	60	140	16891	0	17194
11178	86	48	124	17087	0	17345
11179	68	64	16518	601	0	17251
11180	91	74	360	16660	0	17185
11181	94	60	143	17086	0	17383
11182	82	58	115	17208	0	17463
11183	61	57	67	17199	0	17384
11184	77	44	77	17295	0	17493
11185	57	74	16671	648	0	17450
11186	74	58	338	16797	0	17267
11187	86	60	141	16758	0	17045
11188	15999	49	121	585	0	16754
11189	350	15673	95	347	0	16465
11190	175	16194	73	247	0	16689
11191	168	408	52	16269	0	16897
11192	103	170	66	16212	0	16551
11193	78	15504	91	545	0	16218
11194	95	372	62	15781	0	16310
11195	83	15532	55	539	0	16209
11196	113	372	57	15590	0	16132
11197	107	132	63	15527	0	15829
11198	72	113	14875	483	0	15543
11199	72	14401	289	295	0	15057
11200	75	13952	103	190	0	14320
11201	12343	285	123	148	0	12899
11202	204	12383	59	103	0	12749
11203	115	224	38	12150	0	12527
11204	65	99	11828	243	0	12235
11205	68	81	177	11761	0	12087
11206	11713	58	49	296	0	12116
11207	207	70	11792	127	0	12196
11208	66	12047	185	110	0	12408
11209	127	211	73	10981	0	11392
11210	51	71	44	12490	0	12656
11211	12458	46	45	314	0	12863
11212	178	45	49	12585	0	12857
11213	69	44	39	12669	0	12821
11214	54	54	21	12690	0	12819
11215	51	35	25	12584	0	12695
11216	12261	31	43	336	0	12671
11217	12199	47	32	182	0	12460
11218	227	30	28	12272	0	12557
11219	11926	29	32	289	0	12276
11220	207	30	21	11774	0	12032
11221	83	29	11458	256	0	11826
11222	57	38	11130	146	0	11371
11223	51	112	193	10534	0	10890
11224	38	10587	62	237	0	10924
11225	54	152	40	10463	0	10709
11226	10285	53	33	229	0	10600
11227	133	41	27	10472	0	10673
11228	10336	41	16	245	0	10638
11229	157	30	19	10468	0	10674
11230	62	33	10473	218	0	10786
11231	47	10225	130	120	0	10522
11232	37	10471	42	112	0	10662
11233	67	297	41	9400	0	9805
11234	32	35	9507	179	0	9753
11235	8	8362	46	48	0	8464
11236	58	69	35	8007	0	8169
11237	7877	14	17	49	0	7957
11238	29	10	7975	18	0	8032
11239	15	6	26	8037	0	8084
11240	14	10	7	8225	0	8256
11241	4	6	8240	42	0	8292
11242	11	5	7827	32	0	7875
11243	9	11	8276	13	0	8309
11244	8	23	45	8358	0	8434
11245	3	2	8531	43	0	8579
11246	8040	0	44	32	0	8116
11247	46	8	15	8744	0	8813
11248	17	4	9985	49	0	10055
11249	9	10176	51	27	0	10263
11250	8	48	10146	21	0	10223
11251	13	32	67	10145	0	10257
11252	10387	23	32	78	0	10520
11253	71	6	16	10681	0	10774
11254	28	7	7	10851	0	10893
11255	11521	3	8	119	0	11651
11256	122	2	3	11863	0	11990
11257	32	5	12054	149	0	12240
11258	12009	3	134	56	0	12202
11259	135	12291	40	36	0	12502
11260	12536	126	22	27	0	12711
11261	159	39	8	12552	0	12758
11262	42	20	12479	143	0	12684
11263	32	12	12481	36	0	12561
11264	26	44	186	12495	0	12751
11265	18	11	56	12470	0	12555
11266	13	10	12487	166	0	12676
11267	10	16	12049	61	0	12136
11268	12305	9	184	38	0	12536
11269	163	4	60	12504	0	12731
11270	12632	5	36	182	0	12855
11271	175	6	20	12511	0	12712
11272	44	5	12976	176	0	13201
11273	37	11	13315	51	0	13414
11274	38	8	207	13653	0	13906
11275	21	5	67	13894	0	13987
11276	15	6	14109	224	0	14354
11277	14003	3	209	91	0	14306
11278	216	8	58	14640	0	14922
11279	15253	2	40	245	0	15540
11280	239	16869	28	81	0	17217
11281	86	292	29	17393	0	17800
11282	17549	67	20	346	0	17982
11283	348	49	17550	99	0	18046
11284	116	15	327	17710	0	18168
11285	76	20	85	17859	0	18040
11286	54	10	54	18252	0	18370
11287	26	10	17821	456	0	18313
11288	53	12	339	17700	0	18104
11289	24	17832	95	400	0	18351
11290	40	308	64	18124	0	18536
11291	29	75	17952	385	0	18441
11292	27	52	18053	128	0	18260
11293	53	25	409	18064	0	18551
11294	48	22	136	18365	0	18571
11295	34	18	80	18661	0	18793
11296	32	11	50	18697	0	18790
11297	18259	9	45	500	0	18813
11298	18311	9	34	214	0	18568
11299	417	14	17983	132	0	18546
11300	135	18098	360	98	0	18691
11301	100	315	95	18648	0	19158
11302	18991	73	62	437	0	19563
11303	17338	74	67	235	0	17714
11304	19322	33	45	108	0	19508
11305	19429	20	48	96	0	19593
11306	479	25	18903	69	0	19476
11307	18446	14	361	96	0	18917
11308	410	18357	116	86	0	18969
11309	151	325	77	18751	0	19304
11310	114	82	18753	387	0	19336
11311	107	56	365	18583	0	19111
11312	65	39	18639	449	0	19192
11313	92	30	409	18706	0	19237
11314	53	32	136	19213	0	19434
11315	18856	19	94	530	0	19499
11316	406	25	64	19014	0	19509
11317	133	30	19013	490	0	19666
11318	106	17	395	19500	0	20018
11319	19500	19	138	498	0	20155
11320	407	25	107	19655	0	20194
11321	146	24	19477	494	0	20141
11322	105	19232	401	217	0	19955
11323	19800	348	152	200	0	20500
11324	418	100	112	19279	0	19909
11325	155	20033	83	397	0	20668
11326	20044	372	73	196	0	20685
11327	422	117	19842	147	0	20528
11328	158	19672	397	145	0	20372
11329	135	371	164	20090	0	20760
11330	86	112	19859	436	0	20493
11331	86	67	406	19492	0	20051
11332	19611	40	137	513	0	20301
11333	402	43	19327	231	0	20003
11334	178	29	403	19361	0	19971
11335	144	43	19445	471	0	20103
11336	110	42	448	19426	0	20026
11337	114	35	162	19851	0	20162
11338	19281	39	108	577	0	20005
11339	402	19226	97	276	0	20001
11340	179	337	75	19549	0	20140
11341	19372	94	88	490	0	20044
11342	19434	74	87	241	0	19836
11343	482	74	94	19019	0	19669
11344	208	18563	69	472	0	19312
11345	129	19168	82	232	0	19611
11346	115	429	105	18861	0	19510
11347	101	139	79	18836	0	19155
11348	17332	71	73	528	0	18004
11349	375	44	71	17230	0	17720
11350	127	45	16628	454	0	17254
11351	15912	31	328	246	0	16517
11352	350	16216	119	166	0	16851
11353	16111	296	75	153	0	16635
11354	398	90	16253	110	0	16851
11355	122	16278	295	109	0	16804
11356	16004	311	184	105	0	16604
11357	16099	97	109	113	0	16418
11358	376	59	15880	76	0	16391
11359	15724	68	316	70	0	16178
11360	16081	36	101	81	0	16299
11361	392	15944	70	69	0	16475
11362	161	297	50	16403	0	16911
11363	139	88	16122	316	0	16665
11364	101	64	321	16534	0	17020
11365	67	62	16759	392	0	17280
11366	78	43	346	16648	0	17115
11367	16880	43	120	429	0	17472
11368	361	26	74	17295	0	17756
11369	129	31	18355	399	0	18914
11370	18680	26	429	181	0	19316
11371	514	18	132	19395	0	20059
11372	148	15	18745	501	0	19409
11373	18193	20	463	182	0	18858
11374	510	45	129	18516	0	19200
11375	159	38	18054	491	0	18742
11376	134	45	17725	163	0	18067
11377	120	234	491	17392	0	18237
11378	93	32	17752	444	0	18321
11379	76	16827	464	178	0	17545
11380	134	355	130	15118	0	15737
11381	15027	60	106	352	0	15545
11382	302	47	15087	103	0	15539
11383	82	17	15073	98	0	15270
11384	14492	21	380	74	0	14967
11385	321	23	15132	49	0	15525
11386	14513	9	361	83	0	14966
11387	351	12	14904	42	0	15309
11388	146	11	368	14728	0	15253
11389	82	12	15044	315	0	15453
11390	89	29	369	14837	0	15324
11391	54	24	15317	351	0	15746
11392	56	15	15014	131	0	15216
11393	14330	16	398	114	0	14858
11394	286	15014	185	73	0	15558
11395	15249	260	142	78	0	15729
11396	343	15255	92	55	0	15745
11397	149	299	94	15476	0	16018
11398	129	72	112	15868	0	16181
11399	15741	48	96	376	0	16261
11400	348	35	99	15491	0	15973
11401	146	28	15393	355	0	15922
11402	14831	29	346	149	0	15355
11403	15282	22	139	143	0	15586
11404	403	18	128	15129	0	15678
11405	161	35	15261	346	0	15803
11406	119	26	354	15169	0	15668
11407	74	15229	148	381	0	15832
11408	106	289	103	15476	0	15974
11409	86	90	79	15883	0	16138
11410	101	58	15331	423	0	15913
11411	14219	54	347	216	0	14836
11412	333	15122	117	143	0	15715
11413	15131	309	92	115	0	15647
11414	376	15239	69	113	0	15797
11415	147	328	67	15160	0	15702
11416	108	15336	98	341	0	15883
11417	102	330	15060	151	0	15643
11418	101	112	353	14516	0	15082
11419	113	76	116	14829	0	15134
11420	89	57	102	15243	0	15491
11421	14783	36	87	500	0	15406
11422	360	51	97	14812	0	15320
11423	14453	48	92	457	0	15050
11424	14711	61	62	215	0	15049
11425	14460	56	84	185	0	14785
11426	463	53	14144	149	0	14809
11427	223	56	360	14361	0	15000
11428	168	49	143	15076	0	15436
11429	126	65	136	15388	0	15715
11430	15619	48	94	568	0	16329
11431	462	60	87	15810	0	16419
11432	152	48	122	16387	0	16709
11433	16740	46	108	635	0	17529
11434	523	32	107	17293	0	17955
11435	213	37	17442	610	0	18302
11436	189	58	17763	243	0	18253
11437	157	22	586	17924	0	18689
11438	17734	34	233	624	0	18625
11439	17642	24	184	268	0	18118
11440	681	27	123	17476	0	18307
11441	264	35	17309	588	0	18196
11442	186	17154	564	240	0	18144
11443	164	444	199	17595	0	18402
11444	155	99	162	18030	0	18446
11445	161	84	133	18038	0	18416
11446	17551	50	142	765	0	18508
11447	574	58	17566	327	0	18525
11448	17674	69	553	251	0	18547
11449	629	44	184	17577	0	18434
11450	245	17601	147	602	0	18595
11451	17888	474	117	293	0	18772
11452	17965	121	121	255	0	18462
11453	678	102	18232	173	0	19185
11454	295	17090	521	198	0	18104
11455	199	17435	166	204	0	18004
11456	17308	530	148	191	0	18177
11457	615	149	95	17303	0	18162
11458	241	107	105	17412	0	17865
11459	214	85	113	17263	0	17675
11460	147	16241	56	709	0	17153
11461	127	16978	59	304	0	17468
11462	16518	530	71	230	0	17349
11463	562	163	56	16457	0	17238
11464	171	107	17036	564	0	17878
11465	192	100	502	17796	0	18590
11466	128	108	19252	687	0	20175
11467	145	101	19473	276	0	19995
11468	167	93	19611	207	0	20078
11469	72	17508	708	91	0	18379
11470	209	521	482	16468	0	17680
11471	62	16880	215	450	0	17607
11472	131	535	146	16027	0	16839
11473	70	210	111	17188	0	17579
11474	16840	154	67	680	0	17741
11475	476	84	48	17094	0	17702
11476	16777	61	57	660	0	17555
11477	17099	52	44	316	0	17511
11478	659	41	37	16470	0	17207
11479	307	16167	46	569	0	17089
11480	241	430	47	16179	0	16897
11481	126	16318	45	601	0	17090
11482	146	529	45	16279	0	16999
11483	103	226	16016	632	0	16977
11484	91	158	454	16264	0	16967
11485	89	94	185	16767	0	17135
11486	15898	72	143	771	0	16884
11487	455	15976	87	405	0	16923
11488	226	433	84	16237	0	16980
11489	201	197	64	16188	0	16650
11490	127	15700	62	714	0	16603
11491	118	489	49	16000	0	16656
11492	14983	207	47	728	0	15965
11493	15732	172	43	393	0	16340
11494	616	15220	43	296	0	16175
11495	318	481	45	15444	0	16288
11496	15004	211	50	608	0	15873
11497	550	15201	54	299	0	16104
11498	272	507	53	14718	0	15550
11499	210	15069	63	571	0	15913
11500	15049	587	60	286	0	15982
11501	539	250	14756	247	0	15792
11502	245	210	14840	194	0	15489
11503	219	168	600	14731	0	15718
11504	155	111	14923	571	0	15760
11505	139	107	642	14675	0	15563
11506	14557	76	294	660	0	15587
11507	507	99	14838	346	0	15790
11508	259	96	516	14948	0	15819
11509	212	99	239	15324	0	15874
11510	14824	88	189	757	0	15858
11511	509	15019	118	449	0	16095
11512	15186	464	91	350	0	16091
11513	15369	219	77	267	0	15932
11514	723	14738	64	215	0	15740
11515	405	494	87	14980	0	15966
11516	292	239	14674	548	0	15753
11517	199	225	452	14709	0	15585
11518	155	14664	198	631	0	15648
11519	14939	533	152	353	0	15977
11520	519	259	114	15158	0	16050
11521	248	197	15189	630	0	16264
11522	200	147	470	15499	0	16316
11523	141	122	228	15946	0	16437
11524	149	135	176	16067	0	16527
11525	144	123	121	16169	0	16557
11526	143	99	86	15872	0	16200
11527	110	112	15002	925	0	16149
11528	173	111	14500	554	0	15338
11529	86	13798	539	419	0	14842
11530	95	14198	264	280	0	14837
11531	13803	478	227	242	0	14750
11532	424	251	13795	197	0	14667
11533	12797	186	470	207	0	13660
11534	457	132	12465	140	0	13194
11535	212	107	11967	109	0	12395
11536	180	77	454	11618	0	12329
11537	12062	76	288	376	0	12802
11538	333	67	193	12338	0	12931
11539	196	60	121	12574	0	12951
11540	148	51	13124	532	0	13855
11541	111	29	351	13446	0	13937
11542	91	31	176	13489	0	13787
11543	92	53	125	13649	0	13919
11544	88	37	85	13616	0	13826
11545	94	39	71	13641	0	13845
11546	13070	47	44	645	0	13806
11547	324	37	34	13281	0	13676
11548	175	56	12602	535	0	13368
11549	145	74	256	12866	0	13341
11550	115	49	12634	477	0	13275
11551	109	79	348	12754	0	13290
11552	80	60	13063	474	0	13677
11553	51	78	383	12441	0	12953
11554	44	37	213	13045	0	13339
11555	36	47	12667	493	0	13243
11556	11859	48	314	337	0	12558
11557	265	34	12806	263	0	13368
11558	168	62	341	12930	0	13501
11559	13191	25	186	381	0	13783
11560	307	26	163	13311	0	13807
11561	215	39	107	13454	0	13815
11562	166	40	13269	472	0	13947
11563	81	12830	262	361	0	13534
11564	59	11884	116	248	0	12307
11565	42	11515	108	146	0	11811
11566	231	78	184	9518	0	10011
11567	9682	17	51	58	0	9808
11568	34	11	4	9622	0	9671
11569	21	3	3	9675	0	9702
11570	11	3	3	9801	0	9818
11571	9	1	1	9808	0	9819
11572	4	9655	7	65	0	9731
11573	4	40	3	9992	0	10039
11574	6	13	0	9979	0	9998
11575	2	9873	4	58	0	9937
11576	10131	36	1	38	0	10206
11577	42	16	2	10145	0	10205
11578	10166	8	2	62	0	10238
11579	10110	5	0	40	0	10155
11580	55	10269	3	13	0	10340
11581	32	45	0	10869	0	10946
11582	13	19	10802	47	0	10881
11583	9	12	10457	23	0	10501
11584	20	38	45	10685	0	10788
11585	10926	4	28	55	0	11013
11586	11140	2	7	50	0	11199
11587	61	7	5	11295	0	11368
11588	11428	1	8	74	0	11511
11589	54	11244	6	26	0	11330
11590	11416	44	8	21	0	11489
11591	53	11975	6	14	0	12048
11592	29	50	5	12334	0	12418
11593	23	23	4	12363	0	12413
11594	9	12394	3	65	0	12471
11595	12287	49	6	48	0	12390
11596	54	22	12274	17	0	12367
11597	32	15	51	12176	0	12274
11598	16	10	12462	52	0	12540
11599	20	6	52	12323	0	12401
11600	12607	4	24	72	0	12707
11601	56	7	9	12583	0	12655
11602	12569	7	5	86	0	12667
11603	12462	4	8	47	0	12521
11604	76	5	4	12466	0	12551
11605	35	17	12314	54	0	12420
11606	25	12761	46	33	0	12865
11607	14	46	21	12766	0	12847
11608	12627	21	15	71	0	12734
11609	61	16	12418	30	0	12525
11610	38	6	47	12528	0	12619
11611	32	6	24	12488	0	12550
11612	27	4	13	12705	0	12749
11613	12690	5	12	103	0	12810
11614	63	6	10	12504	0	12583
11615	34	5	12	12715	0	12766
11616	20	11	12688	83	0	12802
11617	22	6	51	12697	0	12776
11618	21	3	29	12952	0	13005
11619	16	7	14	13148	0	13185
11620	15	12926	13	94	0	13048
11621	17	52	9	12840	0	12918
11622	12	28	7	12851	0	12898
11623	12537	11	7	108	0	12663
11624	67	21	12376	48	0	12512
11625	40	18	11689	36	0	11783
11626	24	12324	77	23	0	12448
11627	27	58	38	12728	0	12851
11628	12685	22	23	97	0	12827
11629	67	11	8	12531	0	12617
11630	39	9	8	12696	0	12752
11631	20	8	9	12853	0	12890
11632	11	6	5	12646	0	12668
11633	22	4	6	12583	0	12615
11634	10	13	12447	107	0	12577
11635	14	6	55	12469	0	12544
11636	12514	5	22	107	0	12648
11637	56	12136	14	53	0	12259
11638	34	59	13	12363	0	12469
11639	17	24	9	12354	0	12404
11640	16	10	11677	108	0	11811
11641	29	7	70	11521	0	11627
11642	6	12	28	12280	0	12326
11643	12420	5	11	145	0	12581
11644	95	12714	13	64	0	12886
11645	50	95	6	13032	0	13183
11646	35	41	10	13215	0	13301
11647	27	45	8	13266	0	13346
11648	23	19	13348	161	0	13551
11649	26	25	12705	90	0	12846
11650	16	13120	151	62	0	13349
11651	14	13607	59	49	0	13729
11652	29	124	31	13455	0	13639
11653	29	12740	40	140	0	12949
11654	18	187	17	14407	0	14629
11655	22	61	11	15699	0	15793
11656	30	33	13	16492	0	16568
11657	18	16	11	18236	0	18281
11658	11	21	18174	457	0	18663
11659	35	12	268	18348	0	18663
11660	23	15	158	18611	0	18807
11661	33	19	55	19163	0	19270
11662	18429	17	41	640	0	19127
11663	296	18705	54	361	0	19416
11664	189	322	48	18220	0	18779
11665	59	18842	69	452	0	19422
11666	18317	371	35	371	0	19094
11667	16841	217	24	341	0	17423
11668	432	18647	31	233	0	19343
11669	224	19333	34	208	0	19799
11670	116	589	18751	174	0	19630
11671	103	19322	334	184	0	19943
11672	128	499	187	19029	0	19843
11673	19126	294	85	479	0	19984
11674	403	19452	55	340	0	20250
11675	267	510	70	19715	0	20562
11676	148	371	55	19903	0	20477
11677	119	207	68	20403	0	20797
11678	19911	205	47	706	0	20869
11679	465	188	19695	402	0	20750
11680	19361	168	353	292	0	20174
11681	489	19506	211	233	0	20439
11682	276	513	95	19637	0	20521
11683	170	318	19339	543	0	20370
11684	18777	185	423	382	0	19767
11685	518	19357	243	224	0	20342
11686	338	501	125	19057	0	20021
11687	191	19324	96	504	0	20115
11688	151	526	100	19654	0	20431
11689	161	304	83	20000	0	20548
11690	134	185	19321	739	0	20379
11691	163	150	18576	414	0	19303
11692	136	184	548	18765	0	19633
11693	120	145	18924	618	0	19807
11694	105	149	490	19055	0	19799
11695	141	108	313	18782	0	19344
11696	99	110	208	19612	0	20029
11697	18926	83	194	837	0	20040
11698	439	121	182	19278	0	20020
11699	254	104	18948	739	0	20045
11700	18997	100	468	551	0	20116
11701	449	92	280	19568	0	20389
11702	297	91	173	19902	0	20463
11703	19252	76	172	897	0	20397
11704	488	19435	187	529	0	20639
11705	300	409	170	20074	0	20953
11706	163	232	167	19986	0	20548
11707	19374	119	128	922	0	20543
11708	517	105	19166	598	0	20386
11709	333	133	408	19498	0	20372
11710	216	123	266	19800	0	20405
11711	190	137	159	19567	0	20053
11712	183	19034	140	926	0	20283
11713	179	421	141	19716	0	20457
11714	19144	232	123	800	0	20299
11715	471	19051	142	594	0	20258
11716	18824	449	102	527	0	19902
11717	526	19154	103	431	0	20214
11718	19238	521	83	454	0	20296
11719	583	352	18771	383	0	20089
11720	404	231	18674	353	0	19662
11721	18831	195	573	320	0	19919
11722	553	222	19099	335	0	20209
11723	426	170	499	19102	0	20197
11724	330	182	334	17838	0	18684
11725	273	141	215	19686	0	20315
11726	19133	173	216	806	0	20328
11727	562	141	18813	492	0	20008
11728	18932	154	489	392	0	19967
11729	597	148	320	19679	0	20744
11730	19686	137	182	733	0	20738
11731	673	136	165	19961	0	20935
11732	20408	137	205	729	0	21479
11733	714	109	186	21642	0	22651
11734	442	96	21945	788	0	23271
11735	22306	97	574	521	0	23498
11736	23271	84	316	436	0	24107
11737	946	90	201	22986	0	24223
11738	523	101	175	22824	0	23623
11739	369	22699	187	929	0	24184
11740	22442	508	210	586	0	23746
11741	780	22631	190	391	0	23992
11742	22309	540	148	409	0	23406
11743	790	262	22121	384	0	23557
11744	460	150	22017	377	0	23004
11745	350	134	21587	314	0	22385
11746	21599	138	790	321	0	22848
11747	781	21627	380	269	0	23057
11748	500	512	219	21540	0	22771
11749	21400	260	215	671	0	22546
11750	672	21517	206	431	0	22826
11751	426	815	202	20832	0	22275
11752	287	20871	180	652	0	21990
11753	298	20529	135	402	0	21364
11754	265	20546	126	249	0	21186
11755	18504	645	190	284	0	19623
11756	496	18227	98	206	0	19027
11757	174	16171	71	134	0	16550
11758	135	16081	78	81	0	16375
11759	15758	372	162	86	0	16378
11760	15915	122	71	89	0	16197
11761	378	94	15296	78	0	15846
11762	14968	56	260	80	0	15364
11763	15478	56	87	80	0	15701
11764	373	54	54	15253	0	15734
11765	15435	54	43	297	0	15829
11766	332	65	15125	106	0	15628
11767	131	15891	256	76	0	16354
11768	16013	307	112	61	0	16493
11769	351	133	47	16367	0	16898
11770	16376	66	38	315	0	16795
11771	362	67	15724	123	0	16276
11772	16007	63	269	68	0	16407
11773	373	60	89	16192	0	16714
11774	165	48	16048	289	0	16550
11775	75	15397	287	124	0	15883
11776	75	16148	104	62	0	16389
11777	109	400	81	15631	0	16221
11778	93	131	45	15527	0	15796
11779	54	15668	23	326	0	16071
11780	15704	284	36	105	0	16129
11781	15716	110	19	55	0	15900
11782	15696	45	18	60	0	15819
11783	355	15665	31	50	0	16101
11784	164	266	18	15192	0	15640
11785	76	15783	28	246	0	16133
11786	15794	273	34	108	0	16209
11787	15743	108	28	62	0	15941
11788	374	15424	28	36	0	15862
11789	15694	285	22	55	0	16056
11790	331	117	24	15642	0	16114
11791	148	47	18	15889	0	16102
11792	15890	50	42	376	0	16358
11793	15684	38	40	134	0	15896
11794	15890	48	28	62	0	16028
11795	422	43	26	15592	0	16083
11796	151	57	31	15961	0	16200
11797	87	63	15565	386	0	16101
11798	113	69	263	15528	0	15973
11799	102	81	85	15586	0	15854
11800	115	54	15090	363	0	15622
11801	111	71	14635	129	0	14946
11802	89	58	15222	72	0	15441
11803	80	57	380	15069	0	15586
11804	88	69	14897	308	0	15362
11805	92	80	276	14843	0	15291
11806	101	67	100	15209	0	15477
11807	97	74	14955	374	0	15500
11808	108	80	14979	133	0	15300
11809	104	63	341	14821	0	15329
11810	70	80	15546	340	0	16036
11811	96	79	15389	145	0	15709
11812	88	15393	354	107	0	15942
11813	15800	304	132	94	0	16330
11814	15960	129	76	63	0	16228
11815	16002	90	64	85	0	16241
11816	390	15474	61	82	0	16007
11817	172	15847	65	87	0	16171
11818	136	347	48	15908	0	16439
11819	131	122	59	15940	0	16252
11820	126	66	15614	380	0	16186
11821	154	45	296	15630	0	16125
11822	15717	57	132	362	0	16268
11823	357	50	71	15215	0	15693
11824	150	15586	83	337	0	16156
11825	16050	305	65	159	0	16579
11826	16306	127	68	106	0	16607
11827	16515	54	59	122	0	16750
11828	448	66	16111	112	0	16737
11829	192	123	276	16296	0	16887
11830	17166	48	123	405	0	17742
11831	394	53	17461	182	0	18090
11832	157	16736	375	100	0	17368
11833	92	16269	130	71	0	16562
11834	15084	323	143	79	0	15629
11835	301	15041	49	67	0	15458
11836	141	267	42	14667	0	15117
11837	64	92	14831	279	0	15266
11838	83	81	261	14743	0	15168
11839	14706	41	89	322	0	15158
11840	278	14563	44	110	0	14995
11841	14595	259	43	52	0	14949
11842	283	90	14375	51	0	14799
11843	113	84	249	14045	0	14491
11844	52	14627	106	258	0	15043
11845	64	268	48	14958	0	15338
11846	15013	95	26	306	0	15440
11847	15199	41	42	118	0	15400
11848	15209	24	45	72	0	15350
11849	15298	40	39	75	0	15452
11850	334	23	43	14771	0	15171
11851	118	47	15019	271	0	15455
11852	95	54	248	14760	0	15157
11853	80	15041	85	246	0	15452
11854	15236	244	35	113	0	15628
11855	294	79	15081	46	0	15500
11856	14736	46	257	61	0	15100
11857	280	38	88	15062	0	15468
11858	111	39	15398	282	0	15830
11859	84	22	239	15415	0	15760
11860	15673	30	91	302	0	16096
11861	15793	24	53	129	0	15999
11862	15835	27	44	75	0	15981
11863	347	33	15501	62	0	15943
11864	140	56	247	15561	0	16004
11865	69	49	15904	266	0	16288
11866	79	15735	238	118	0	16170
11867	15083	243	122	65	0	15513
11868	242	14792	49	58	0	15141
11869	14416	188	49	47	0	14700
11870	219	53	33	14087	0	14392
11871	68	14269	34	204	0	14575
11872	14461	172	46	75	0	14754
11873	214	50	14480	50	0	14794
11874	106	39	167	14364	0	14676
11875	14569	25	66	217	0	14877
11876	226	32	14459	62	0	14779
11877	100	27	174	14184	0	14485
11878	75	13822	68	172	0	14137
11879	71	197	46	14634	0	14948
11880	73	67	23	14761	0	14924
11881	14522	39	36	231	0	14828
11882	226	14405	29	76	0	14736
11883	86	211	31	14137	0	14465
11884	59	14415	34	215	0	14723
11885	66	204	44	14408	0	14722
11886	60	14699	45	200	0	15004
11887	14717	208	30	93	0	15048
11888	242	74	14807	55	0	15178
11889	97	48	196	14744	0	15085
11890	76	28	66	14847	0	15017
11891	70	45	34	14901	0	15050
11892	89	42	31	14692	0	14854
11893	68	29	14516	259	0	14872
11894	80	14715	202	113	0	15110
11895	14894	197	61	90	0	15242
11896	15034	59	44	86	0	15223
11897	237	14818	33	76	0	15164
11898	15040	211	28	85	0	15364
11899	15076	57	47	78	0	15258
11900	238	15221	38	74	0	15571
11901	109	220	35	15094	0	15458
11902	82	15378	42	180	0	15682
11903	15386	212	38	95	0	15731
11904	260	70	15107	67	0	15504
11905	14387	41	206	96	0	14730
11906	239	41	15286	64	0	15630
11907	91	43	213	15270	0	15617
11908	15318	34	50	254	0	15656
11909	266	35	15107	82	0	15490
11910	14503	37	207	84	0	14831
11911	15071	28	67	77	0	15243
11912	266	45	45	15013	0	15369
11913	97	15001	44	213	0	15355
11914	15283	217	30	98	0	15628
11915	260	71	27	15208	0	15566
11916	115	15009	35	209	0	15368
11917	15151	203	31	86	0	15471
11918	240	72	38	15272	0	15622
11919	93	15652	29	226	0	16000
11920	76	201	49	16227	0	16553
11921	16354	57	34	289	0	16734
11922	16350	45	33	104	0	16532
11923	16423	28	53	95	0	16599
11924	270	33	40	16065	0	16408
11925	98	36	29	16084	0	16247
11926	68	44	16060	245	0	16417
11927	103	72	189	16008	0	16372
11928	82	36	16441	245	0	16804
11929	65	35	15335	64	0	15499
11930	20	27	14822	33	0	14902
11931	16	15412	130	23	0	15581
11932	66	153	104	14945	0	15268
11933	18	16353	37	81	0	16489
11934	16883	171	22	51	0	17127
11935	17074	37	11	41	0	17163
11936	205	23	10	17694	0	17932
11937	53	15	18299	199	0	18566
11938	55	14	223	18284	0	18576
11939	31	26	18817	259	0	19133
11940	50	13	246	18526	0	18835
11941	21	18606	63	280	0	18970
11942	17	19354	39	69	0	19479
11943	19145	272	25	68	0	19510
11944	251	69	18977	31	0	19328
11945	90	40	245	18861	0	19236
11946	66	27	64	19170	0	19327
11947	19136	27	30	325	0	19518
11948	248	19279	34	92	0	19653
11949	19341	243	25	78	0	19687
11950	263	19546	25	69	0	19903
11951	19250	257	36	64	0	19607
11952	19642	69	24	71	0	19806
11953	325	40	27	19546	0	19938
11954	90	41	19580	267	0	19978
11955	19114	39	253	101	0	19507
11956	277	19705	70	52	0	20104
11957	19931	265	31	75	0	20302
11958	312	62	40	19319	0	19733
11959	115	40	23	19387	0	19565
11960	61	19174	22	316	0	19573
11961	83	258	13	19049	0	19403
11962	50	19309	18	273	0	19650
11963	82	274	18	19124	0	19498
11964	71	82	20	19003	0	19176
11965	18499	51	20	364	0	18934
11966	291	35	18455	99	0	18880
11967	86	18316	242	81	0	18725
11968	81	260	70	18630	0	19041
11969	18770	71	49	317	0	19207
11970	19141	54	26	119	0	19340
11971	19022	47	36	87	0	19192
11972	355	42	18798	78	0	19273
11973	18859	33	275	91	0	19258
11974	357	48	66	19139	0	19610
11975	18983	40	57	338	0	19418
11976	335	18701	38	115	0	19189
11977	136	304	25	18993	0	19458
11978	18827	80	34	360	0	19301
11979	343	19222	42	121	0	19728
11980	135	311	40	19485	0	19971
11981	102	119	19094	340	0	19655
11982	19805	71	283	155	0	20314
11983	20688	59	79	114	0	20940
11984	479	59	20348	72	0	20958
11985	196	19858	353	74	0	20481
11986	127	20542	114	80	0	20863
11987	138	405	90	20409	0	21042
11988	130	150	67	19730	0	20077
11989	104	81	49	20540	0	20774
11990	92	82	20571	491	0	21236
11991	20499	67	367	227	0	21160
11992	21532	60	90	170	0	21852
11993	21906	64	85	135	0	22190
11994	21971	75	55	124	0	22225
11995	22200	62	56	125	0	22443
11996	22525	48	64	120	0	22757
11997	645	66	45	22991	0	23747
11998	271	65	22752	501	0	23589
11999	179	76	23246	188	0	23689
12000	152	96	541	23326	0	24115
12001	167	74	159	23436	0	23836
12002	163	56	105	23542	0	23866
12003	129	23616	88	661	0	24494
12004	23855	500	70	293	0	24718
12005	591	24464	76	185	0	25316
12006	270	570	60	24267	0	25167
12007	24058	174	63	613	0	24908
12008	606	24085	56	231	0	24978
12009	265	559	46	24267	0	25137
12010	241	167	55	24773	0	25236
12011	171	133	50	24833	0	25187
12012	114	24147	65	770	0	25096
12013	149	542	82	24659	0	25432
12014	115	182	24378	742	0	25417
12015	160	140	541	24830	0	25671
12016	177	92	138	25291	0	25698
12017	168	124	98	26199	0	26589
12018	193	94	67	26706	0	27060
12019	155	107	25723	948	0	26933
12020	149	25645	648	446	0	26888
12021	185	686	195	26040	0	27106
12022	170	236	138	26993	0	27537
12023	156	173	100	26772	0	27201
12024	133	25421	100	1110	0	26764
12025	114	26945	86	552	0	27697
12026	26226	873	91	383	0	27573
12027	779	342	66	25978	0	27165
12028	283	225	25506	865	0	26879
12029	196	25532	639	454	0	26821
12030	24960	676	237	385	0	26258
12031	715	273	24554	260	0	25802
12032	285	211	24554	246	0	25296
12033	204	142	24175	233	0	24754
12034	210	416	866	23026	0	24518
12035	97	130	23403	736	0	24366
12036	100	22357	714	347	0	23518
12037	126	567	278	21608	0	22579
12038	94	227	21762	653	0	22736
12039	86	199	637	21405	0	22327
12040	21097	111	269	770	0	22247
12041	555	111	21071	380	0	22117
12042	20684	101	612	354	0	21751
12043	634	21382	273	247	0	22536
12044	21379	581	220	231	0	22411
12045	678	236	187	21380	0	22481
12046	21423	179	149	699	0	22450
12047	21656	118	159	348	0	22281
12048	21214	113	156	300	0	21783
12049	801	21325	160	221	0	22507
12050	21475	588	137	186	0	22386
12051	21743	228	163	215	0	22349
12052	832	171	21078	185	0	22266
12053	403	21056	612	215	0	22286
12054	376	593	294	21053	0	22316
12055	244	272	214	21572	0	22302
12056	246	213	181	21670	0	22310
12057	195	161	20929	852	0	22137
12058	221	125	598	21189	0	22133
12059	182	117	21142	804	0	22245
12060	21041	123	695	405	0	22264
12061	21713	141	270	360	0	22484
12062	794	121	21432	279	0	22626
12063	21499	135	620	270	0	22524
12064	22026	107	296	301	0	22730
12065	22261	111	256	230	0	22858
12066	955	104	182	21553	0	22794
12067	516	137	21631	665	0	22949
12068	369	21735	595	377	0	23076
12069	324	567	285	21833	0	23009
12070	283	258	21947	703	0	23191
12071	300	186	21173	369	0	22028
12072	20805	147	690	342	0	21984
12073	603	21645	371	288	0	22907
12074	21901	553	274	297	0	23025
12075	22193	236	207	289	0	22925
12076	730	21915	225	273	0	23143
12077	22065	548	232	256	0	23101
12078	747	265	22357	200	0	23569
12079	429	197	21947	216	0	22789
12080	389	150	21889	221	0	22649
12081	299	21282	778	164	0	22523
12082	20881	493	487	174	0	22035
12083	21024	206	287	162	0	21679
12084	722	20176	225	171	0	21294
12085	398	20931	229	180	0	21738
12086	302	582	245	20726	0	21855
12087	248	297	176	21132	0	21853
12088	20908	207	179	632	0	21926
12089	577	21041	189	315	0	22122
12090	20912	496	164	262	0	21834
12091	20654	262	173	188	0	21277
12092	680	221	20084	162	0	21147
12093	423	19815	449	163	0	20850
12094	413	529	298	19621	0	20861
12095	19435	257	207	429	0	20328
12096	647	181	162	19083	0	20073
12097	18448	147	159	415	0	19169
12098	541	102	17871	196	0	18710
12099	303	17381	399	164	0	18247
12100	256	17816	210	137	0	18419
12101	286	553	194	16945	0	17978
12102	218	17709	166	284	0	18377
12103	17668	396	126	208	0	18398
12104	375	203	17261	164	0	18003
12105	16628	187	294	148	0	17257
12106	389	154	17355	141	0	18039
12107	274	123	310	17280	0	17987
12108	226	132	154	17423	0	17935
12109	248	111	130	17585	0	18074
12110	17438	107	128	391	0	18064
12111	382	95	17451	236	0	18164
12112	252	103	290	17386	0	18031
12113	226	119	160	17409	0	17914
12114	194	16983	137	348	0	17662
12115	167	16885	90	267	0	17409
12116	189	17237	103	175	0	17704
12117	152	360	113	16494	0	17119
12118	130	195	73	15927	0	16325
12119	49	15280	36	145	0	15510
12120	48	15442	33	89	0	15612
12121	15317	101	81	94	0	15593
12122	93	76	18	15207	0	15394
12123	32	14892	17	58	0	14999
12124	15232	40	22	44	0	15338
12125	65	26	13	15500	0	15604
12126	16715	21	7	89	0	16832
12127	134	14	11	17119	0	17278
12128	41	15	17363	129	0	17548
12129	28	17450	103	33	0	17614
12130	17238	106	30	63	0	17437
12131	113	32	17488	21	0	17654
12132	44	17419	92	26	0	17581
12133	44	103	24	17533	0	17704
12134	16	23	29	17731	0	17799
12135	27	25	4	17298	0	17354
12136	47	8	8	16952	0	17015
12137	9	11	17436	106	0	17562
12138	2	17258	87	46	0	17393
12139	17	80	14	17399	0	17510
12140	17151	17	14	132	0	17314
12141	92	17320	11	47	0	17470
12142	34	87	3	18150	0	18274
12143	18	29	17852	112	0	18011
12144	9	17964	111	40	0	18124
12145	59	133	40	16792	0	17024
12146	17	18515	36	83	0	18651
12147	18677	168	13	56	0	18914
12148	18852	42	14	60	0	18968
12149	184	39	18270	24	0	18517
12150	18263	27	134	36	0	18460
12151	18705	15	39	51	0	18810
12152	198	30	18147	10	0	18385
12153	79	18267	155	18	0	18519
12154	93	140	38	18319	0	18590
12155	48	42	31	18970	0	19091
12156	18803	33	23	223	0	19082
12157	201	21	14	18857	0	19093
12158	58	13	18820	199	0	19090
12159	18098	29	168	91	0	18386
12160	187	28	18413	53	0	18681
12161	64	18556	181	43	0	18844
12162	18198	169	58	59	0	18484
12163	199	47	18298	40	0	18584
12164	83	44	17762	27	0	17916
12165	57	18187	201	25	0	18470
12166	55	174	85	18451	0	18765
12167	19	73	18095	181	0	18368
12168	97	45	185	16487	0	16814
12169	43	19	64	17871	0	17997
12170	23	18	17555	224	0	17820
12171	21	17458	190	92	0	17761
12172	45	170	61	17737	0	18013
12173	17317	51	56	213	0	17637
12174	17150	47	29	94	0	17320
12175	227	22	23	17245	0	17517
12176	77	17	17106	198	0	17398
12177	53	33	17456	63	0	17605
12178	33	24	228	17365	0	17650
12179	31	20	17246	201	0	17498
12180	17084	16	227	86	0	17413
12181	234	11	70	17622	0	17937
12182	81	10	64	17838	0	17993
12183	50	17707	55	261	0	18073
12184	37	198	32	18105	0	18372
12185	28	66	17583	260	0	17937
12186	16913	49	217	115	0	17294
12187	17562	24	62	109	0	17757
12188	273	25	17653	64	0	18015
12189	119	28	224	18411	0	18782
12190	91	15	80	18974	0	19160
12191	44	26	18938	379	0	19387
12192	68	16	327	19189	0	19600
12193	102	19	99	19223	0	19443
12194	41	19775	89	444	0	20349
12195	58	352	38	20606	0	21054
12196	49	82	33	21029	0	21193
12197	21056	65	49	558	0	21728
12198	21908	32	39	244	0	22223
12199	22379	20	38	180	0	22617
12200	22249	37	30	100	0	22416
12201	22095	26	30	107	0	22258
12202	639	25	21182	103	0	21949
12203	273	24	445	21165	0	21907
12204	192	23	134	21724	0	22073
12205	105	25	21334	583	0	22047
12206	20541	33	463	258	0	21295
12207	21236	26	135	165	0	21562
12208	614	32	19918	97	0	20661
12209	21010	22	419	116	0	21567
12210	21635	19	129	113	0	21896
12211	646	26	21189	72	0	21933
12212	332	43	483	20605	0	21463
12213	204	21410	158	473	0	22245
12214	154	475	134	22501	0	23264
12215	147	133	60	22928	0	23268
12216	139	82	59	22737	0	23017
12217	81	35	22055	736	0	22907
12218	21635	32	520	286	0	22473
12219	22345	33	171	188	0	22737
12220	708	25	131	21852	0	22716
12221	275	23	21507	582	0	22387
12222	208	53	533	21391	0	22185
12223	104	23	21853	641	0	22621
12224	112	25	22124	224	0	22485
12225	90	21976	642	209	0	22917
12226	213	450	243	20879	0	21785
12227	20712	120	152	532	0	21516
12228	20341	81	69	237	0	20728
12229	20733	35	76	168	0	21012
12230	696	28	64	20213	0	21001
12231	251	20899	70	516	0	21736
12232	178	473	63	21426	0	22140
12233	106	119	22011	631	0	22867
12234	23194	98	533	249	0	24074
12235	25121	32	171	203	0	25527
12236	797	37	136	24899	0	25869
12237	318	30	94	25373	0	25815
12238	237	32	70	25611	0	25950
12239	154	38	24600	878	0	25670
12240	23195	32	646	398	0	24271
12241	678	23956	214	258	0	25106
12242	219	24101	147	192	0	24659
12243	191	639	23967	126	0	24923
12244	169	262	627	23506	0	24564
12245	115	123	23842	665	0	24745
12246	22974	81	660	251	0	23966
12247	678	84	187	23241	0	24190
12248	237	59	23050	633	0	23979
12249	192	23630	577	245	0	24644
12250	23792	539	186	244	0	24761
12251	668	155	24296	117	0	25236
12252	235	23567	612	141	0	24555
12253	181	24593	210	131	0	25115
12254	24456	666	184	157	0	25463
12255	683	232	104	24481	0	25500
12256	235	133	25134	657	0	26159
12257	193	25135	626	247	0	26201
12258	25382	604	198	231	0	26415
12259	25805	169	174	153	0	26301
12260	746	25419	107	144	0	26416
12261	304	624	25740	125	0	26793
12262	253	200	645	25865	0	26963
12263	25942	163	210	679	0	26994
12264	26316	96	185	256	0	26853
12265	819	110	25691	193	0	26813
12266	388	96	651	25551	0	26686
12267	275	80	231	26367	0	26953
12268	169	90	26065	811	0	27135
12269	191	100	25743	305	0	26339
12270	26000	88	781	232	0	27101
12271	26867	87	317	174	0	27445
12272	27054	86	208	169	0	27517
12273	27166	94	146	164	0	27570
12274	939	83	25952	145	0	27119
12275	26317	67	644	175	0	27203
12276	886	73	243	26109	0	27311
12277	340	72	26450	712	0	27574
12278	320	76	26537	296	0	27229
12279	216	26258	775	266	0	27515
12280	217	592	341	25968	0	27118
12281	194	200	26186	671	0	27251
12282	25554	154	702	300	0	26710
12283	758	129	299	24113	0	25299
12284	320	25969	273	508	0	27070
12285	26344	585	166	309	0	27404
12286	26655	165	211	244	0	27275
12287	833	163	26058	188	0	27242
12288	397	25719	668	180	0	26964
12289	293	498	269	25191	0	26251
12290	25054	193	215	575	0	26037
12291	684	193	133	24847	0	25857
12292	285	113	24099	594	0	25091
12293	22508	107	498	253	0	23366
12294	535	23161	236	220	0	24152
12295	250	22266	174	137	0	22827
12296	211	23621	148	143	0	24123
12297	22910	525	351	186	0	23972
12298	22691	192	138	125	0	23146
12299	22807	140	127	90	0	23164
12300	559	97	111	22461	0	23228
12301	270	113	22576	405	0	23364
12302	220	78	390	22749	0	23437
12303	22937	90	151	459	0	23637
12304	491	64	127	23081	0	23763
12305	23442	71	117	481	0	24111
12306	23542	77	125	210	0	23954
12307	23263	81	129	195	0	23668
12308	529	23088	123	127	0	23867
12309	23207	382	116	125	0	23830
12310	529	144	22792	93	0	23558
12311	281	95	22742	89	0	23207
12312	236	22452	432	90	0	23210
12313	281	364	230	21668	0	22543
12314	21672	110	135	344	0	22261
12315	433	89	21387	135	0	22044
12316	21046	54	348	126	0	21574
12317	434	60	172	21121	0	21787
12318	192	21275	155	336	0	21958
12319	159	293	125	21916	0	22493
12320	169	135	21744	353	0	22401
12321	21017	81	348	192	0	21638
12322	402	76	21976	126	0	22580
12323	223	85	21208	89	0	21605
12324	20668	57	369	118	0	21212
12325	399	20768	181	84	0	21432
12326	21318	301	113	93	0	21825
12327	21452	130	112	113	0	21807
12328	476	83	20946	90	0	21595
12329	20604	73	350	112	0	21139
12330	412	60	20635	111	0	21218
12331	207	62	19668	84	0	20021
12332	192	45	19736	98	0	20071
12333	107	18860	352	82	0	19401
12334	16999	328	497	141	0	17965
12335	16636	72	91	104	0	16903
12336	16619	24	36	41	0	16720
12337	16626	10	41	52	0	16729
12338	214	25	16564	21	0	16824
12339	112	22	139	16535	0	16808
12340	82	29	57	16703	0	16871
12341	16803	21	30	184	0	17038
12342	177	16641	39	65	0	16922
12343	80	127	39	16618	0	16864
12344	16549	49	41	153	0	16792
12345	159	26	16601	61	0	16847
12346	110	35	142	16471	0	16758
12347	49	29	16845	137	0	17060
12348	58	16557	144	71	0	16830
12349	108	168	93	15929	0	16298
12350	15809	48	41	164	0	16062
12351	142	22	25	15864	0	16053
12352	65	25	15908	143	0	16141
12353	40	15856	139	59	0	16094
12354	15700	120	54	71	0	15945
12355	154	50	15631	24	0	15859
12356	14936	30	138	45	0	15149
12357	145	15430	62	29	0	15666
12358	15562	141	64	40	0	15807
12359	15690	47	27	44	0	15808
12360	205	20	18	15705	0	15948
12361	72	23	15609	150	0	15854
12362	43	15725	159	64	0	15991
12363	45	155	59	16184	0	16443
12364	50	48	29	16510	0	16637
12365	43	28	26	17303	0	17400
12366	59	22	20	17960	0	18061
12367	33	19776	31	325	0	20165
12368	20673	291	18	129	0	21111
12369	346	20725	36	56	0	21163
12370	165	372	21	21682	0	22240
12371	22103	116	25	451	0	22695
12372	465	59	16	22278	0	22818
12373	176	42	22083	471	0	22772
12374	99	22009	402	218	0	22728
12375	115	424	144	22057	0	22740
12376	115	159	57	22721	0	23052
12377	21663	68	43	591	0	22365
12378	464	53	21321	249	0	22087
12379	21285	42	430	157	0	21914
12380	21543	71	165	121	0	21900
12381	21562	56	62	129	0	21809
12382	629	66	21077	104	0	21876
12383	330	57	422	20834	0	21643
12384	191	63	167	21266	0	21687
12385	121	69	21192	599	0	21981
12386	122	70	21388	280	0	21860
12387	21552	55	578	194	0	22379
12388	551	53	242	21883	0	22729
12389	22229	48	145	579	0	23001
12390	22812	53	80	292	0	23237
12391	731	46	91	22628	0	23496
12392	338	47	23414	588	0	24387
12393	23145	55	545	309	0	24054
12394	685	48	233	23962	0	24928
12395	333	54	23865	624	0	24876
12396	212	23544	545	315	0	24616
12397	23561	527	252	244	0	24584
12398	631	23817	161	173	0	24782
12399	400	595	122	22258	0	23375
12400	260	24049	119	594	0	25022
12401	23477	590	142	342	0	24551
12402	23948	234	111	297	0	24590
12403	793	23654	131	251	0	24829
12404	23773	575	146	226	0	24720
12405	23687	245	128	249	0	24309
12406	804	23040	135	245	0	24224
12407	23291	592	118	228	0	24229
12408	859	220	128	22912	0	24119
12409	467	163	137	23429	0	24196
12410	23191	120	123	802	0	24236
12411	849	107	139	21872	0	22967
12412	446	22496	119	648	0	23709
12413	22477	576	127	350	0	23530
12414	22575	259	135	293	0	23262
12415	791	22502	143	252	0	23688
12416	22705	605	143	216	0	23669
12417	23120	265	118	217	0	23720
12418	955	188	132	22308	0	23583
12419	554	168	22163	653	0	23538
12420	446	22073	537	366	0	23422
12421	22567	602	228	283	0	23680
12422	22806	299	140	248	0	23493
12423	1031	178	21864	243	0	23316
12424	22202	155	576	279	0	23212
12425	877	159	21460	251	0	22747
12426	21842	182	635	235	0	22894
12427	888	232	253	21713	0	23086
12428	515	205	21489	666	0	22875
12429	413	221	21697	331	0	22662
12430	404	261	697	21234	0	22596
12431	378	210	301	21488	0	22377
12432	393	192	20718	797	0	22100
12433	452	195	592	20814	0	22053
12434	403	212	20891	720	0	22226
12435	432	180	663	20834	0	22109
12436	419	210	306	20856	0	21791
12437	444	19931	229	811	0	21415
12438	414	19943	199	450	0	21006
12439	356	20903	188	416	0	21863
12440	389	707	202	20721	0	22019
12441	367	329	204	21272	0	22172
12442	318	221	20424	944	0	21907
12443	20145	169	633	489	0	21436
12444	20980	183	324	383	0	21870
12445	942	20283	258	288	0	21771
12446	20669	622	203	273	0	21767
12447	910	272	193	20293	0	21668
12448	20566	209	230	733	0	21738
12449	20931	170	211	460	0	21772
12450	1000	169	191	20295	0	21655
12451	19707	225	198	760	0	20890
12452	818	19158	224	395	0	20595
12453	492	19739	201	287	0	20719
12454	438	722	218	18847	0	20225
12455	441	19689	209	602	0	20941
12456	398	685	179	19255	0	20517
12457	472	292	152	19685	0	20601
12458	19083	214	193	785	0	20275
12459	744	18763	182	468	0	20157
12460	18555	564	186	357	0	19662
12461	18364	290	189	362	0	19205
12462	807	18084	156	352	0	19399
12463	18078	539	149	321	0	19087
12464	766	264	17376	303	0	18709
12465	363	16684	466	250	0	17763
12466	15967	431	222	287	0	16907
12467	508	163	14250	172	0	15093
12468	190	12956	272	149	0	13567
12469	193	13224	205	144	0	13766
12470	12077	235	251	90	0	12653
12471	11880	106	56	96	0	12138
12472	11800	90	31	68	0	11989
12473	301	11633	62	56	0	12052
12474	174	202	39	11836	0	12251
12475	11863	90	54	226	0	12233
12476	11979	67	47	121	0	12214
12477	280	73	50	11772	0	12175
12478	151	66	11866	199	0	12282
12479	137	66	11793	78	0	12074
12480	119	67	223	11915	0	12324
12481	115	52	106	12070	0	12343
12482	103	46	12004	231	0	12384
12483	113	44	200	11700	0	12057
12484	103	11805	101	228	0	12237
12485	11701	164	86	100	0	12051
12486	242	87	66	11418	0	11813
12487	10967	40	50	209	0	11266
12488	177	10971	68	108	0	11324
12489	90	11209	49	94	0	11442
12490	11026	135	54	99	0	11314
12491	155	48	10671	72	0	10946
12492	9377	82	124	64	0	9647
12493	102	9480	59	52	0	9693
12494	41	61	28	8961	0	9091
12495	8900	23	12	82	0	9017
12496	72	19	8	8816	0	8915
12497	8999	14	15	91	0	9119
12498	8865	16	12	46	0	8939
12499	73	9138	19	23	0	9253
12500	8951	43	5	23	0	9022
12501	48	8804	6	16	0	8874
12502	8890	48	15	20	0	8973
12503	60	16	8	8925	0	9009
12504	9039	8	13	60	0	9120
12505	60	7	2	9183	0	9252
12506	9506	10	2	72	0	9590
12507	9734	16	2	36	0	9788
12508	9872	11	3	20	0	9906
12509	9889	14	3	17	0	9923
12510	9992	3	3	12	0	10010
12511	74	5	4	10078	0	10161
12512	9889	8	6	56	0	9959
12513	58	9717	3	22	0	9800
12514	23	50	9771	14	0	9858
12515	35	20	39	9791	0	9885
12516	25	11	10122	49	0	10207
12517	30	8	45	10490	0	10573
12518	20	10	10606	71	0	10707
12519	10480	6	59	31	0	10576
12520	93	4	18	10747	0	10862
12521	23	7	10656	64	0	10750
12522	25	6	10868	21	0	10920
12523	27	32	77	11118	0	11254
12524	12200	4	31	107	0	12342
12525	75	12907	18	36	0	13036
12526	13141	89	15	26	0	13271
12527	13187	35	7	29	0	13258
12528	123	13189	7	15	0	13334
12529	13698	83	8	40	0	13829
12530	119	43	7	13756	0	13925
12531	68	18	5	13798	0	13889
12532	46	12	7	13932	0	13997
12533	13878	14	3	157	0	14052
12534	103	14030	9	63	0	14205
12535	62	105	8	14291	0	14466
12536	39	44	7	14500	0	14590
12537	14387	28	4	181	0	14600
12538	139	16	5	14404	0	14564
12539	61	15	14642	147	0	14865
12540	28	15116	136	69	0	15349
12541	15558	161	49	46	0	15814
12542	192	78	22	15239	0	15531
12543	74	15715	9	157	0	15955
12544	15780	173	12	90	0	16055
12545	201	73	15596	42	0	15912
12546	88	15625	170	35	0	15918
12547	15927	176	65	50	0	16218
12548	193	79	27	15842	0	16141
12549	102	31	17	15917	0	16067
12550	45	28	15792	239	0	16104
12551	52	19	171	15703	0	15945
12552	33	21	16744	218	0	17016
12553	41	32	15924	98	0	16095
12554	38	26	16625	50	0	16739
12555	16685	25	252	67	0	17029
12556	17011	24	108	56	0	17199
12557	17320	13	54	39	0	17426
12558	266	16	43	16973	0	17298
12559	119	16927	22	171	0	17239
12560	72	17351	21	88	0	17532
12561	17666	217	22	82	0	17987
12562	17718	101	21	67	0	17907
12563	237	17736	30	34	0	18037
12564	17729	178	25	50	0	17982
12565	225	75	17331	26	0	17657
12566	112	50	17127	19	0	17308
12567	89	30	230	16661	0	17010
12568	61	35	95	17652	0	17843
12569	55	21	17549	227	0	17852
12570	54	21	191	17230	0	17496
12571	17494	16	86	241	0	17837
12572	183	32	17361	105	0	17681
12573	17145	18	191	76	0	17430
12574	238	14	93	17632	0	17977
12575	110	20	18029	200	0	18359
12576	69	18129	205	86	0	18489
12577	18371	170	94	79	0	18714
12578	217	73	17936	47	0	18273
12579	17819	35	206	55	0	18115
12580	236	25	85	17995	0	18341
12581	18075	29	51	220	0	18375
12582	246	27	18851	96	0	19220
12583	153	17	202	19084	0	19456
12584	19835	22	86	252	0	20195
12585	20301	23	58	135	0	20517
12586	20956	20	37	82	0	21095
12587	21115	20	44	66	0	21245
12588	332	19	39	20433	0	20823
12589	171	20	33	20491	0	20715
12590	105	26	20366	294	0	20791
12591	111	18	216	20363	0	20708
12592	120	24	91	20095	0	20330
12593	55	20846	51	313	0	21265
12594	21243	211	42	146	0	21642
12595	21712	84	48	111	0	21955
12596	347	22167	34	114	0	22662
12597	183	283	40	22263	0	22769
12598	112	96	23	22699	0	22930
12599	22021	51	21	423	0	22516
12600	342	46	22594	180	0	23162
12601	163	38	290	22877	0	23368
12602	83	33	23227	373	0	23716
12603	22813	25	334	172	0	23344
12604	23460	27	122	124	0	23733
12605	23708	24	74	97	0	23903
12606	467	28	49	23092	0	23636
12607	225	33	43	23117	0	23418
12608	23008	30	30	435	0	23503
12609	381	52	22661	177	0	23271
12610	193	29	287	22809	0	23318
12611	22975	20	106	380	0	23481
12612	375	24	78	23098	0	23575
12613	176	31	23841	365	0	24413
12614	131	33	23026	174	0	23364
12615	23221	21	387	151	0	23780
12616	347	23753	158	100	0	24358
12617	24192	269	88	127	0	24676
12618	24626	94	53	120	0	24893
12619	438	49	59	24518	0	25064
12620	200	63	59	24387	0	24709
12621	130	24327	45	399	0	24901
12622	24191	266	52	206	0	24715
12623	354	24305	44	109	0	24812
12624	150	24032	39	84	0	24305
12625	129	311	47	23253	0	23740
12626	23232	104	43	304	0	23683
12627	23591	64	34	142	0	23831
12628	376	33	31	23186	0	23626
12629	173	39	25	22908	0	23145
12630	141	29	26	22937	0	23133
12631	22622	25	27	394	0	23068
12632	312	28	22569	174	0	23083
12633	134	22569	243	136	0	23082
12634	22502	239	83	128	0	22952
12635	320	110	64	22484	0	22978
12636	137	58	22526	291	0	23012
12637	137	46	22179	125	0	22487
12638	84	22332	303	113	0	22832
12639	92	22776	103	88	0	23059
12640	182	256	156	21947	0	22541
12641	80	19951	79	229	0	20339
12642	88	194	35	21668	0	21985
12643	67	55	29	22022	0	22173
12644	22035	43	29	266	0	22373
12645	233	33	33	22008	0	22307
12646	107	24	25	22222	0	22378
12647	79	37	21899	256	0	22271
12648	86	28	184	22147	0	22445
12649	22390	34	67	299	0	22790
12650	22601	38	43	139	0	22821
12651	262	23157	40	100	0	23559
12652	22644	236	46	107	0	23033
12653	322	95	22541	74	0	23032
12654	121	22788	242	90	0	23241
12655	111	259	68	23184	0	23622
12656	77	95	57	23663	0	23892
12657	104	59	35	23768	0	23966
12658	23528	45	37	434	0	24044
12659	22664	42	60	198	0	22964
12660	358	54	22946	110	0	23468
12661	162	41	22577	110	0	22890
12662	139	45	22828	88	0	23100
12663	117	22692	341	102	0	23252
12664	105	23342	117	101	0	23665
12665	23228	322	67	134	0	23751
12666	23383	118	56	116	0	23673
12667	372	61	47	23554	0	24034
12668	159	41	54	23440	0	23694
12669	104	23551	50	380	0	24085
12670	90	288	46	24189	0	24613
12671	89	98	23969	378	0	24534
12672	83	24075	327	162	0	24647
12673	94	295	121	24422	0	24932
12674	85	116	24756	341	0	25298
12675	108	97	310	23514	0	24029
12676	78	24333	94	350	0	24855
12677	24924	323	66	186	0	25499
12678	25041	122	38	143	0	25344
12679	25850	78	36	156	0	26120
12680	473	80	40	25840	0	26433
12681	190	76	30	26494	0	26790
12682	25892	66	47	524	0	26529
12683	432	25855	43	205	0	26535
12684	26017	411	38	179	0	26645
12685	496	130	26712	121	0	27459
12686	26850	68	444	128	0	27490
12687	27723	56	155	126	0	28060
12688	673	51	86	27336	0	28146
12689	27824	59	60	537	0	28480
12690	28486	50	43	249	0	28828
12691	705	56	53	28221	0	29035
12692	292	47	27837	529	0	28705
12693	26965	57	450	291	0	27763
12694	524	39	27990	141	0	28694
12695	226	28372	499	92	0	29189
12696	221	426	269	28433	0	29349
12697	144	155	89	29439	0	29827
12698	30796	83	61	622	0	31562
12699	539	56	30870	240	0	31705
12700	234	62	508	29793	0	30597
12701	150	30323	167	537	0	31177
12702	101	30518	91	224	0	30934
12703	126	626	71	30750	0	31573
12704	96	205	30311	586	0	31198
12705	130	113	517	30589	0	31349
12706	115	68	196	30754	0	31133
12707	76	89	29849	712	0	30726
12708	85	30452	518	279	0	31334
12709	29805	560	182	192	0	30739
12710	559	30414	99	129	0	31201
12711	260	537	73	30440	0	31310
12712	29483	192	67	649	0	30391
12713	565	29251	88	233	0	30137
12714	205	553	29175	166	0	30099
12715	28644	223	521	179	0	29567
12716	557	29769	193	94	0	30613
12717	29637	544	101	191	0	30473
12718	613	208	28561	122	0	29504
12719	28683	110	525	145	0	29463
12720	666	72	193	28799	0	29730
12721	266	97	27595	1565	0	29523
12722	197	99	544	28085	0	28925
12723	144	27704	197	642	0	28687
12724	143	551	112	28426	0	29232
12725	162	215	92	28696	0	29165
12726	128	123	27596	788	0	28635
12727	169	113	551	27963	0	28796
12728	138	174	24551	724	0	25587
12729	146	27888	465	311	0	28810
12730	163	599	172	28041	0	28975
12731	169	259	28140	634	0	29202
12732	141	27898	612	303	0	28954
12733	159	29039	231	204	0	29633
12734	160	745	28625	164	0	29694
12735	150	278	28490	160	0	29078
12736	163	173	738	28191	0	29265
12737	27888	135	289	690	0	29002
12738	655	27878	147	348	0	29028
12739	327	597	125	27606	0	28655
12740	27466	230	115	697	0	28508
12741	683	27743	113	348	0	28887
12742	27562	605	134	234	0	28535
12743	723	28109	115	190	0	29137
12744	28221	677	103	210	0	29211
12745	28257	287	126	207	0	28877
12746	28801	187	121	193	0	29302
12747	886	29302	126	203	0	30517
12748	438	689	139	29673	0	30939
12749	268	269	29090	720	0	30347
12750	211	29002	660	372	0	30245
12751	288	734	272	28277	0	29571
12752	269	320	187	28565	0	29341
12753	177	180	27495	826	0	28678
12754	219	26957	611	387	0	28174
12755	26573	629	280	299	0	27781
12756	662	26573	173	238	0	27646
12757	367	670	140	26531	0	27708
12758	231	291	26450	693	0	27665
12759	25926	176	617	355	0	27074
12760	697	165	255	26794	0	27911
12761	267	176	26350	706	0	27499
12762	25155	152	634	389	0	26330
12763	633	25779	277	246	0	26935
12764	25931	636	187	252	0	27006
12765	26225	309	118	274	0	26926
12766	782	181	137	25931	0	27031
12767	337	177	25753	662	0	26929
12768	249	25617	592	338	0	26796
12769	166	665	25501	231	0	26563
12770	168	355	617	24749	0	25889
12771	149	243	305	25640	0	26337
12772	24902	176	192	795	0	26065
12773	625	129	24645	399	0	25798
12774	280	24078	589	280	0	25227
12775	161	612	295	24220	0	25288
12776	230	270	176	24582	0	25258
12777	23707	219	146	740	0	24812
12778	615	23867	83	379	0	24944
12779	336	547	91	23083	0	24057
12780	22271	271	97	639	0	23278
12781	505	22319	112	315	0	23251
12782	21682	537	80	171	0	22470
12783	21615	230	114	169	0	22128
12784	632	21039	101	168	0	21940
12785	19051	414	70	120	0	19655
12786	472	19130	58	114	0	19774
12787	18920	404	107	110	0	19541
12788	18935	170	89	109	0	19303
12789	472	18664	52	142	0	19330
12790	17894	378	45	105	0	18422
12791	18345	109	60	101	0	18615
12792	18317	104	68	88	0	18577
12793	484	100	17802	97	0	18483
12794	222	61	17054	68	0	17405
12795	141	92	16990	57	0	17280
12796	16536	118	511	74	0	17239
12797	368	67	16249	57	0	16741
12798	154	54	14571	41	0	14820
12799	155	133	314	13482	0	14084
12800	13589	43	132	239	0	14003
12801	265	29	13713	83	0	14090
12802	113	38	14130	56	0	14337
12803	98	38	285	13991	0	14412
12804	92	28	108	14169	0	14397
12805	78	29	67	14284	0	14458
12806	56	33	14016	314	0	14419
12807	76	32	233	13981	0	14322
12808	13850	42	104	285	0	14281
12809	250	13956	58	124	0	14388
12810	117	222	47	14031	0	14417
12811	96	92	49	14274	0	14511
12812	69	57	14352	301	0	14779
12813	53	14116	243	136	0	14548
12814	14071	242	107	98	0	14518
12815	262	14197	69	68	0	14596
12816	121	274	59	14190	0	14644
12817	81	105	14182	263	0	14631
12818	87	63	256	14683	0	15089
12819	71	45	111	15043	0	15270
12820	15140	49	84	376	0	15649
12821	334	33	62	14749	0	15178
12822	127	14936	51	349	0	15463
12823	84	15844	57	133	0	16118
12824	74	357	15837	84	0	16352
12825	15895	128	323	87	0	16433
12826	353	77	117	16091	0	16638
12827	161	50	62	16245	0	16518
12828	115	44	60	16399	0	16618
12829	16234	34	62	435	0	16765
12830	338	16427	52	197	0	17014
12831	16343	295	55	141	0	16834
12832	361	93	15644	88	0	16186
12833	121	68	15490	82	0	15761
12834	15804	42	383	90	0	16319
12835	388	38	200	15772	0	16398
12836	147	54	91	16095	0	16387
12837	95	42	77	16259	0	16473
12838	70	35	16017	432	0	16554
12839	15958	31	322	198	0	16509
12840	16314	36	126	154	0	16630
12841	15989	29	86	123	0	16227
12842	441	66	90	15582	0	16179
12843	175	42	15284	372	0	15873
12844	121	51	14955	170	0	15297
12845	101	44	15473	126	0	15744
12846	74	14964	391	111	0	15540
12847	196	312	254	13641	0	14403
12848	13610	72	78	286	0	14046
12849	245	48	13616	145	0	14054
12850	13827	38	248	116	0	14229
12851	279	30	112	14002	0	14423
12852	126	37	73	14027	0	14263
12853	92	13501	52	317	0	13962
12854	72	13766	54	160	0	14052
12855	62	14264	68	105	0	14499
12856	92	281	71	14316	0	14760
12857	14143	98	62	275	0	14578
12858	14273	59	52	146	0	14530
12859	300	41	13962	119	0	14422
12860	13805	29	253	106	0	14193
12861	283	43	13934	92	0	14352
12862	131	40	258	13968	0	14397
12863	93	35	13934	279	0	14341
12864	13932	33	267	132	0	14364
12865	278	44	119	14180	0	14621
12866	126	35	14452	267	0	14880
12867	85	48	13908	124	0	14165
12868	13967	42	293	130	0	14432
12869	14323	35	122	132	0	14612
12870	291	14413	83	96	0	14883
12871	151	205	70	14717	0	15143
12872	97	80	14687	244	0	15108
12873	88	66	14508	122	0	14784
12874	106	94	283	14665	0	15148
12875	14650	50	142	289	0	15131
12876	242	14483	86	140	0	14951
12877	122	210	67	14828	0	15227
12878	14791	77	51	308	0	15227
12879	257	58	58	14877	0	15250
12880	135	14852	65	268	0	15320
12881	113	205	53	15172	0	15543
12882	15098	84	69	271	0	15522
12883	263	58	78	15166	0	15565
12884	15285	27	73	291	0	15676
12885	276	15496	69	140	0	15981
12886	15635	211	61	126	0	16033
12887	273	84	15250	109	0	15716
12888	15005	49	269	96	0	15419
12889	15500	43	144	82	0	15769
12890	321	15426	87	84	0	15918
12891	160	220	69	15221	0	15670
12892	96	81	15159	234	0	15570
12893	84	51	14734	126	0	14995
12894	14217	130	302	123	0	14772
12895	14100	41	114	95	0	14350
12896	235	14062	53	96	0	14446
12897	103	14361	49	82	0	14595
12898	14217	203	58	90	0	14568
12899	217	14029	62	68	0	14376
12900	114	14486	73	54	0	14727
12901	88	179	61	14433	0	14761
12902	81	63	35	14186	0	14365
12903	69	52	14219	227	0	14567
12904	80	37	174	14168	0	14459
12905	14175	31	71	235	0	14512
12906	205	41	14070	88	0	14404
12907	117	44	13987	86	0	14234
12908	117	30	184	13952	0	14283
12909	91	34	91	14421	0	14637
12910	95	25	59	14413	0	14592
12911	70	29	14170	212	0	14481
12912	77	36	163	13659	0	13935
12913	68	41	78	14160	0	14347
12914	13911	34	56	191	0	14192
12915	160	13717	57	82	0	14016
12916	13708	131	56	55	0	13950
12917	191	47	13701	52	0	13991
12918	12609	24	111	51	0	12795
12919	112	13341	59	53	0	13565
12920	12761	59	37	32	0	12889
12921	79	12667	14	24	0	12784
12922	12165	78	50	18	0	12311
12923	55	11790	6	7	0	11858
12924	37	11694	25	25	0	11781
12925	50	73	73	11728	0	11924
12926	11840	14	14	54	0	11922
12927	11837	6	5	37	0	11885
12928	11976	6	3	16	0	12001
12929	76	10	11678	5	0	11769
12930	28	14	11623	5	0	11670
12931	17	7	63	12064	0	12151
12932	8	12092	27	50	0	12177
12933	8	12478	5	21	0	12512
12934	18	72	4	12249	0	12343
12935	12202	20	6	65	0	12293
12936	12273	4	7	33	0	12317
12937	12365	5	5	22	0	12397
12938	92	16	12286	4	0	12398
12939	44	10	66	12557	0	12677
12940	8	14	12697	70	0	12789
12941	12708	10	71	44	0	12833
12942	12950	8	21	29	0	13008
12943	103	16	12943	9	0	13071
12944	50	8	71	12918	0	13047
12945	13024	8	27	107	0	13166
12946	89	2	15	13313	0	13419
12947	40	4	11	13427	0	13482
12948	46	6	13	13768	0	13833
12949	14715	6	8	170	0	14899
12950	165	10	10	15441	0	15626
12951	16035	3	8	234	0	16280
12952	225	16980	15	80	0	17300
12953	97	235	9	17686	0	18027
12954	59	64	3	17934	0	18060
12955	52	38	6	17866	0	17962
12956	17607	23	13	396	0	18039
12957	302	17	8	17596	0	17923
12958	119	11	11	17787	0	17928
12959	17760	11	12	395	0	18178
12960	18021	10	10	169	0	18210
12961	17982	16	8	100	0	18106
12962	401	13	17298	71	0	17783
12963	167	20	16692	62	0	16941
12964	17650	10	310	61	0	18031
12965	342	18	106	17531	0	17997
12966	144	17	60	17230	0	17451
12967	17499	6	28	400	0	17933
12968	17339	11	29	172	0	17551
12969	17322	10	22	118	0	17472
12970	409	16793	29	108	0	17339
12971	16997	234	26	70	0	17327
12972	16886	71	23	76	0	17056
12973	411	16408	25	55	0	16899
12974	165	16641	21	71	0	16898
12975	158	277	24	16889	0	17348
12976	17206	90	25	279	0	17600
12977	17316	53	13	122	0	17504
12978	17293	36	9	95	0	17433
12979	420	32	10	16965	0	17427
12980	16990	20	15	329	0	17354
12981	382	23	16567	127	0	17099
12982	16634	32	240	105	0	17011
12983	374	27	16621	79	0	17101
12984	167	35	16236	70	0	16508
12985	147	31	299	16051	0	16528
12986	16213	17	119	316	0	16665
12987	324	24	66	16260	0	16674
12988	149	18	16204	345	0	16716
12989	132	18	16156	164	0	16470
12990	113	18	300	16147	0	16578
12991	16138	17	119	338	0	16612
12992	325	16238	87	143	0	16793
12993	165	239	63	16527	0	16994
12994	154	76	41	16891	0	17162
12995	122	44	16776	373	0	17315
12996	112	34	16548	185	0	16879
12997	121	29	336	16777	0	17263
12998	16775	29	138	378	0	17320
12999	349	35	16675	181	0	17240
13000	190	38	278	16606	0	17112
13001	170	24	107	16713	0	17014
13002	133	29	83	16999	0	17244
13003	16398	24	52	460	0	16934
13004	375	65	15140	231	0	15811
13005	171	16231	216	183	0	16801
13006	172	280	74	16581	0	17107
13007	157	89	16466	366	0	17078
13008	135	16057	325	194	0	16711
13009	142	16741	130	142	0	17155
13010	16662	333	108	148	0	17251
13011	361	16708	80	169	0	17318
13012	17015	328	63	152	0	17558
13013	410	126	16754	135	0	17425
13014	224	90	304	17110	0	17728
13015	17094	65	110	407	0	17676
13016	404	17342	103	199	0	18048
13017	229	310	17249	160	0	17948
13018	232	130	326	16278	0	16966
13019	168	17321	139	339	0	17967
13020	140	350	103	17843	0	18436
13021	17641	137	102	422	0	18302
13022	383	18218	85	210	0	18896
13023	18421	350	58	221	0	19050
13024	18843	117	57	177	0	19194
13025	560	95	18628	122	0	19405
13026	276	19232	373	141	0	20022
13027	231	395	146	20271	0	21043
13028	190	125	20904	477	0	21696
13029	170	106	22540	182	0	22998
13030	216	143	634	23145	0	24138
13031	23834	73	269	617	0	24793
13032	24235	61	162	239	0	24697
13033	803	55	110	23854	0	24822
13034	303	66	23914	670	0	24953
13035	237	23964	566	271	0	25038
13036	24487	541	169	238	0	25435
13037	24877	162	157	169	0	25365
13038	744	24557	113	127	0	25541
13039	24770	619	102	108	0	25599
13040	764	200	24054	102	0	25120
13041	24190	137	580	122	0	25029
13042	23707	111	194	132	0	24144
13043	748	96	24109	97	0	25050
13044	357	88	612	23876	0	24933
13045	300	64	23847	587	0	24798
13046	205	22913	679	219	0	24016
13047	159	23517	264	200	0	24140
13048	216	756	173	22269	0	23414
13049	106	173	22332	512	0	23123
13050	79	20999	463	154	0	21695
13051	75	21076	148	124	0	21423
13052	19130	481	187	132	0	19930
13053	19487	138	64	62	0	19751
13054	431	100	42	19390	0	19963
13055	165	63	42	19246	0	19516
13056	106	19423	43	395	0	19967
13057	19407	364	32	139	0	19942
13058	19710	90	34	126	0	19960
13059	437	19430	40	98	0	20005
13060	154	384	27	19630	0	20195
13061	130	117	19509	368	0	20124
13062	119	84	341	19575	0	20119
13063	19754	65	93	424	0	20336
13064	410	58	82	19890	0	20440
13065	143	55	63	20375	0	20636
13066	20286	47	42	494	0	20869
13067	454	35	57	19932	0	20478
13068	140	20016	43	463	0	20662
13069	149	358	47	20458	0	21012
13070	124	96	44	20811	0	21075
13071	109	76	47	20515	0	20747
13072	88	20268	41	490	0	20887
13073	90	405	34	20320	0	20849
13074	76	123	20001	485	0	20685
13075	83	86	379	20019	0	20567
13076	76	91	19851	473	0	20491
13077	80	19708	403	188	0	20379
13078	91	371	130	20118	0	20710
13079	96	117	101	20422	0	20736
13080	107	90	85	20499	0	20781
13081	88	81	82	20417	0	20668
13082	77	77	19898	591	0	20643
13083	72	19784	413	251	0	20520
13084	85	390	120	20377	0	20972
13085	90	127	20348	516	0	21081
13086	99	120	434	20582	0	21235
13087	20693	91	134	543	0	21461
13088	449	89	19924	221	0	20683
13089	20188	75	386	197	0	20846
13090	517	83	139	20571	0	21310
13091	205	76	20470	500	0	21251
13092	177	20189	462	203	0	21031
13093	181	412	121	20284	0	20998
13094	149	144	20537	500	0	21330
13095	114	20308	466	231	0	21119
13096	119	435	178	20505	0	21237
13097	20401	163	139	548	0	21251
13098	20972	127	137	220	0	21456
13099	21102	118	98	209	0	21527
13100	583	93	20612	198	0	21486
13101	267	20937	436	157	0	21797
13102	208	468	156	21152	0	21984
13103	175	164	128	22225	0	22692
13104	22262	129	112	596	0	23099
13105	505	22580	95	250	0	23430
13106	22625	527	80	249	0	23481
13107	22673	182	81	214	0	23150
13108	23122	149	84	210	0	23565
13109	669	135	22457	161	0	23422
13110	22776	111	480	204	0	23571
13111	669	87	148	22842	0	23746
13112	284	90	117	23055	0	23546
13113	22547	95	115	668	0	23425
13114	603	100	90	22195	0	22988
13115	231	21993	93	648	0	22965
13116	173	487	79	21967	0	22706
13117	21514	154	62	675	0	22405
13118	523	132	21091	331	0	22077
13119	197	21035	434	270	0	21936
13120	226	440	120	20940	0	21726
13121	20828	151	97	582	0	21658
13122	527	121	20365	250	0	21263
13123	224	448	503	19890	0	21065
13124	280	79	19736	570	0	20665
13125	241	67	19178	271	0	19757
13126	181	74	18627	200	0	19082
13127	166	51	17972	190	0	18379
13128	147	76	17188	141	0	17552
13129	14567	245	651	131	0	15594
13130	203	14607	172	90	0	15072
13131	14038	154	99	53	0	14344
13132	13933	51	61	65	0	14110
13133	216	13767	51	35	0	14069
13134	82	13948	53	45	0	14128
13135	13923	177	46	49	0	14195
13136	13859	63	39	66	0	14027
13137	221	65	33	13449	0	13768
13138	92	13546	53	146	0	13837
13139	13741	138	42	81	0	14002
13140	166	13596	52	44	0	13858
13141	80	156	42	13689	0	13967
13142	13803	72	36	164	0	14075
13143	13868	37	29	87	0	14021
13144	211	46	28	13770	0	14055
13145	119	43	17	13860	0	14039
13146	80	37	13670	198	0	13985
13147	88	43	148	13553	0	13832
13148	63	42	13645	187	0	13937
13149	87	22	154	13301	0	13564
13150	69	18	74	13576	0	13737
13151	13519	22	53	252	0	13846
13152	13526	42	56	111	0	13735
13153	216	35	13274	80	0	13605
13154	13153	28	155	79	0	13415
13155	207	25	79	13317	0	13628
13156	112	36	13464	178	0	13790
13157	94	24	167	13530	0	13815
13158	86	29	75	14342	0	14532
13159	71	23	14279	262	0	14635
13160	80	27	210	14523	0	14840
13161	66	34	14973	252	0	15325
13162	65	42	228	15551	0	15886
13163	16280	25	95	308	0	16708
13164	278	16638	58	155	0	17129
13165	17021	251	57	120	0	17449
13166	328	17224	54	80	0	17686
13167	17079	287	48	98	0	17512
13168	327	17070	54	58	0	17509
13169	16875	300	49	92	0	17316
13170	337	16983	43	69	0	17432
13171	185	318	41	17072	0	17616
13172	123	141	17048	294	0	17606
13173	113	105	16882	132	0	17232
13174	123	77	338	16973	0	17511
13175	16969	66	160	331	0	17526
13176	334	17229	96	156	0	17815
13177	193	302	69	17378	0	17942
13178	121	150	17323	333	0	17927
13179	101	96	17541	163	0	17901
13180	109	127	374	16878	0	17488
13181	74	17532	182	322	0	18110
13182	17491	300	113	153	0	18057
13183	323	145	17802	114	0	18384
13184	156	103	17509	110	0	17878
13185	104	17662	391	81	0	18238
13186	17533	318	253	116	0	18220
13187	17695	123	145	104	0	18067
13188	397	100	92	17471	0	18060
13189	17705	69	78	338	0	18190
13190	17556	61	86	163	0	17866
13191	400	17491	103	93	0	18087
13192	17572	282	95	98	0	18047
13193	376	131	17743	57	0	18307
13194	220	92	289	17456	0	18057
13195	155	81	139	17653	0	18028
13196	17469	56	90	377	0	17992
13197	336	17336	95	180	0	17947
13198	17261	285	55	137	0	17738
13199	356	17485	43	83	0	17967
13200	202	17559	43	64	0	17868
13201	174	354	17028	77	0	17633
13202	149	190	16517	83	0	16939
13203	15794	180	365	76	0	16415
13204	16050	95	158	79	0	16382
13205	318	74	15599	49	0	16040
13206	169	15025	212	42	0	15448
13207	104	15497	106	44	0	15751
13208	15391	268	88	66	0	15813
13209	15422	150	56	38	0	15666
13210	293	100	49	15410	0	15852
13211	15734	55	56	210	0	16055
13212	257	55	56	15611	0	15979
13213	154	48	15613	220	0	16035
13214	104	64	14907	110	0	15185
13215	15541	50	260	90	0	15941
13216	247	78	123	15469	0	15917
13217	141	16355	79	185	0	16760
13218	16702	202	66	128	0	17098
13219	16769	100	61	101	0	17031
13220	298	84	16627	64	0	17073
13221	16886	46	205	82	0	17219
13222	17436	52	121	61	0	17670
13223	351	35	95	17218	0	17699
13224	168	16948	82	222	0	17420
13225	150	17326	63	122	0	17661
13226	120	301	44	18099	0	18564
13227	134	135	45	17810	0	18124
13228	116	99	43	18147	0	18405
13229	116	63	17867	354	0	18400
13230	115	74	17185	177	0	17551
13231	124	69	315	17353	0	17861
13232	106	70	17663	267	0	18106
13233	89	68	17423	144	0	17724
13234	81	62	332	17265	0	17740
13235	90	64	18476	283	0	18913
13236	67	18300	312	176	0	18855
13237	19071	261	179	146	0	19657
13238	294	129	127	19049	0	19599
13239	158	19081	93	306	0	19638
13240	115	285	19551	153	0	20104
13241	92	138	319	19591	0	20140
13242	81	72	20325	317	0	20795
13243	91	64	350	20385	0	20890
13244	86	54	193	21074	0	21407
13245	75	71	21528	428	0	22102
13246	109	62	339	21189	0	21699
13247	81	21122	180	367	0	21750
13248	100	316	121	22150	0	22687
13249	77	150	22032	388	0	22647
13250	106	90	338	21876	0	22410
13251	21789	61	158	436	0	22444
13252	359	21846	110	218	0	22533
13253	158	349	103	22106	0	22716
13254	121	142	22322	385	0	22970
13255	93	21698	349	209	0	22349
13256	73	22280	143	134	0	22630
13257	106	402	21768	104	0	22380
13258	97	208	308	20987	0	21600
13259	104	181	160	20838	0	21283
13260	80	81	20835	391	0	21387
13261	68	19709	294	207	0	20278
13262	53	19978	151	114	0	20296
13263	18791	254	102	82	0	19229
13264	189	18838	51	50	0	19128
13265	18657	208	46	66	0	18977
13266	228	90	26	18231	0	18575
13267	18976	41	29	273	0	19319
13268	211	40	18858	97	0	19206
13269	18775	32	196	78	0	19081
13270	225	37	93	19322	0	19677
13271	90	19424	61	208	0	19783
13272	19681	189	45	110	0	20025
13273	219	157	44	19692	0	20112
13274	89	19821	47	220	0	20177
13275	48	20795	42	104	0	20989
13276	20688	223	60	102	0	21073
13277	20853	94	28	69	0	21044
13278	21035	56	17	63	0	21171
13279	277	37	23	20403	0	20740
13280	99	19846	39	203	0	20187
13281	55	20505	19	95	0	20674
13282	37	224	39	20677	0	20977
13283	20396	95	31	247	0	20769
13284	19692	43	25	157	0	19917
13285	20315	31	29	83	0	20458
13286	255	42	19708	52	0	20057
13287	127	58	19619	45	0	19849
13288	21065	36	218	85	0	21404
13289	217	32	94	21018	0	21361
13290	101	35	45	21264	0	21445
13291	82	29	35	20955	0	21101
13292	49	34	29	21193	0	21305
13293	43	38	20636	299	0	21016
13294	56	45	197	20456	0	20754
13295	35	44	20495	244	0	20818
13296	19421	39	227	156	0	19843
13297	189	20494	99	109	0	20891
13298	113	192	58	21071	0	21434
13299	69	89	46	20837	0	21041
13300	20634	44	52	325	0	21055
13301	20559	40	48	190	0	20837
13302	20635	62	49	96	0	20842
13303	20579	58	39	93	0	20769
13304	296	53	20492	79	0	20920
13305	158	55	20060	76	0	20349
13306	96	43	246	20382	0	20767
13307	20631	28	124	266	0	21049
13308	20436	43	73	161	0	20713
13309	279	61	20212	106	0	20658
13310	160	31	208	19955	0	20354
13311	20093	49	99	272	0	20513
13312	230	51	76	20137	0	20494
13313	117	52	20319	277	0	20765
13314	117	61	193	20201	0	20572
13315	20437	55	101	278	0	20871
13316	228	21455	80	155	0	21918
13317	21337	200	50	171	0	21758
13318	21528	107	51	134	0	21820
13319	21705	70	46	120	0	21941
13320	329	55	45	21498	0	21927
13321	21179	56	52	256	0	21543
13322	245	21682	37	137	0	22101
13323	149	22292	48	77	0	22566
13324	142	351	36	21967	0	22496
13325	22279	140	37	288	0	22744
13326	283	23209	43	141	0	23676
13327	26735	297	45	140	0	27217
13328	28509	129	23	138	0	28799
13329	664	29477	32	94	0	30267
13330	316	543	25	29946	0	30830
13331	209	220	25	30674	0	31128
13332	161	133	30335	730	0	31359
13333	261	101	516	30002	0	30880
13334	198	97	30271	689	0	31255
13335	177	29222	595	327	0	30321
13336	173	621	248	29756	0	30798
13337	28674	243	142	778	0	29837
13338	29232	140	119	421	0	29912
13339	753	125	141	29130	0	30149
13340	310	94	28553	714	0	29671
13341	27186	108	583	404	0	28281
13342	627	27450	236	304	0	28617
13343	306	27301	135	234	0	27976
13344	256	27782	112	197	0	28347
13345	330	712	122	26571	0	27735
13346	179	300	27137	604	0	28220
13347	197	187	547	26873	0	27804
13348	152	181	27106	593	0	28032
13349	132	196	26822	268	0	27418
13350	122	213	27361	189	0	27885
13351	156	178	708	26404	0	27446
13352	125	114	333	27683	0	28255
13353	123	88	277	27917	0	28405
13354	102	87	234	27256	0	27679
13355	27179	71	233	833	0	28316
13356	487	26991	237	411	0	28126
13357	27041	497	202	325	0	28065
13358	517	27531	137	342	0	28527
13359	261	537	103	27909	0	28810
13360	189	224	79	28780	0	29272
13361	28236	139	85	878	0	29338
13362	28652	146	76	458	0	29332
13363	29003	160	77	283	0	29523
13364	28809	147	63	257	0	29276
13365	28691	156	51	260	0	29158
13366	812	28027	38	261	0	29138
13367	27288	511	37	292	0	28128
13368	750	27178	50	180	0	28158
13369	27215	537	55	160	0	27967
13370	799	231	26751	117	0	27898
13371	502	212	461	26367	0	27542
13372	347	27083	196	487	0	28113
13373	307	573	113	27097	0	28090
13374	287	297	26710	567	0	27861
13375	277	223	485	25718	0	26703
13376	25649	157	231	677	0	26714
13377	580	25596	189	381	0	26746
13378	281	26223	152	305	0	26961
13379	192	699	26381	262	0	27534
13380	201	366	533	25976	0	27076
13381	159	26673	287	630	0	27749
13382	202	576	188	27321	0	28287
13383	196	314	27143	667	0	28320
13384	167	26592	558	383	0	27700
13385	164	674	26729	247	0	27814
13386	176	355	26397	257	0	27185
13387	188	232	684	26246	0	27350
13388	26534	227	322	683	0	27766
13389	559	213	257	26887	0	27916
13390	257	211	26974	697	0	28139
13391	188	229	659	27348	0	28424
13392	157	215	28288	715	0	29375
13393	151	184	27908	431	0	28674
13394	28104	142	887	404	0	29537
13395	29842	122	419	402	0	30785
13396	30056	116	334	404	0	30910
13397	793	113	29421	327	0	30654
13398	369	98	29699	314	0	30480
13399	313	75	939	29023	0	30350
13400	308	91	485	29766	0	30650
13401	29674	100	313	858	0	30945
13402	823	112	238	29674	0	30847
13403	418	119	29793	817	0	31147
13404	294	126	29109	456	0	29985
13405	238	29468	871	358	0	30935
13406	232	576	408	30347	0	31563
13407	274	234	30642	796	0	31946
13408	317	158	722	30293	0	31490
13409	30402	146	397	899	0	31844
13410	695	138	30738	459	0	32030
13411	373	123	809	30648	0	31953
13412	310	137	375	31294	0	32116
13413	269	140	30411	973	0	31793
13414	313	98	744	30045	0	31200
13415	248	105	30056	906	0	31315
13416	28405	115	787	509	0	29816
13417	743	113	430	28629	0	29915
13418	334	28456	297	825	0	29912
13419	28548	587	254	521	0	29910
13420	28610	218	257	427	0	29512
13421	833	28173	261	407	0	29674
13422	726	2062	266	24975	0	28029
13423	319	26478	165	618	0	27580
13424	299	26871	154	334	0	27658
13425	555	792	25249	283	0	26879
13426	292	24804	579	276	0	25951
13427	246	508	20908	216	0	21878
13428	17803	243	288	134	0	18468
13429	17946	38	92	75	0	18151
13430	197	18087	49	50	0	18383
13431	77	18158	43	44	0	18322
13432	46	18449	37	41	0	18573
13433	18670	192	47	75	0	18984
13434	253	103	31	19055	0	19442
13435	67	45	20054	200	0	20366
13436	34	20116	243	79	0	20472
13437	50	258	63	20628	0	20999
13438	55	72	38	20419	0	20584
13439	25	22557	29	308	0	22919
13440	24113	351	42	140	0	24646
13441	426	83	24635	47	0	25191
13442	218	61	416	29253	0	29948
13443	37	32343	126	575	0	33081
13444	32518	691	40	217	0	33466
13445	728	201	32229	94	0	33252
13446	183	31561	685	75	0	32504
13447	209	715	180	31749	0	32853
13448	83	196	31629	699	0	32607
13449	30952	107	757	230	0	32046
13450	791	88	192	31181	0	32252
13451	205	84	31142	766	0	32197
13452	130	31099	756	218	0	32203
13453	30477	727	209	207	0	31620
13454	691	31167	147	147	0	32152
13455	31149	805	114	142	0	32210
13456	31732	237	74	161	0	32204
13457	961	179	77	30635	0	31852
13458	323	29858	94	736	0	31011
13459	219	692	30137	227	0	31275
13460	210	204	747	30055	0	31216
13461	317	216	296	27003	0	27832
13462	186	104	159	30526	0	30975
13463	178	75	129	30534	0	30916
13464	164	67	111	30677	0	31019
13465	29821	102	101	1100	0	31124
13466	29242	105	98	460	0	29905
13467	29354	76	98	349	0	29877
13468	920	29103	106	225	0	30354
13469	377	742	29545	156	0	30820
13470	259	206	29616	155	0	30236
13471	158	182	30088	154	0	30582
13472	218	158	969	28989	0	30334
13473	193	110	375	29925	0	30603
13474	185	83	246	29937	0	30451
13475	99	122	29065	1085	0	30371
13476	97	28638	812	489	0	30036
13477	138	765	28881	336	0	30120
13478	163	242	29280	235	0	29920
13479	230	181	966	28408	0	29785
13480	137	187	28859	870	0	30053
13481	246	143	932	28252	0	29573
13482	28095	147	350	974	0	29566
13483	28354	128	263	395	0	29140
13484	987	170	27686	265	0	29108
13485	419	145	887	27685	0	29136
13486	284	153	27938	945	0	29320
13487	220	28033	921	375	0	29549
13488	28123	851	366	321	0	29661
13489	916	320	27970	249	0	29455
13490	334	26917	909	262	0	28422
13491	245	27183	382	246	0	28056
13492	240	26951	294	264	0	27749
13493	224	1019	25492	235	0	26970
13494	314	528	881	24184	0	25907
13495	215	24837	322	835	0	26209
13496	279	895	275	24760	0	26209
13497	285	365	256	25355	0	26261
13498	24220	269	244	1098	0	25831
13499	837	24242	268	526	0	25873
13500	23894	840	260	443	0	25437
13501	903	23577	217	367	0	25064
13502	398	24512	230	331	0	25471
13503	338	992	23734	294	0	25358
13504	337	531	859	23351	0	25078
13505	262	371	23378	926	0	24937
13506	235	23089	894	451	0	24669
13507	279	814	23044	383	0	24520
13508	280	351	23342	364	0	24337
13509	256	23151	983	372	0	24762
13510	22415	885	470	364	0	24134
13511	811	22963	363	429	0	24566
13512	23004	900	359	378	0	24641
13513	911	408	22973	377	0	24669
13514	403	280	23216	413	0	24312
13515	302	22811	1017	417	0	24547
13516	22530	855	446	394	0	24225
13517	892	22606	413	358	0	24269
13518	413	852	394	22851	0	24510
13519	23003	395	369	897	0	24664
13520	928	347	22838	382	0	24495
13521	383	313	988	23029	0	24713
13522	22652	244	492	971	0	24359
13523	863	22708	435	454	0	24460
13524	395	849	313	22979	0	24536
13525	298	350	22730	998	0	24376
13526	22544	277	950	521	0	24292
13527	830	248	482	22910	0	24470
13528	281	272	22655	996	0	24204
13529	266	238	980	22137	0	23621
13530	246	22349	449	1026	0	24070
13531	238	804	22395	528	0	23965
13532	304	324	920	21896	0	23444
13533	21280	250	381	949	0	22860
13534	920	238	338	20846	0	22342
13535	19495	221	285	839	0	20840
13536	815	19452	297	369	0	20933
13537	19074	716	360	316	0	20466
13538	787	347	18702	269	0	20105
13539	369	264	16733	239	0	17605
13540	296	197	15045	169	0	15707
13541	214	14090	939	213	0	15456
13542	433	199	817	6398	0	7847
13543	45	27	90	6354	0	6516
13544	25	21	36	6268	0	6350
13545	10	15	30	6379	0	6434
13546	10	21	6334	118	0	6483
13547	6097	17	88	51	0	6253
13548	92	6389	26	43	0	6550
13549	6379	85	21	29	0	6514
13550	101	24	9	6370	0	6504
13551	27	6501	22	90	0	6640
13552	37	88	24	6605	0	6754
13553	6568	34	26	93	0	6721
13554	87	6848	21	24	0	6980
13555	6835	89	11	44	0	6979
13556	6830	29	16	31	0	6906
13557	94	31	11	6928	0	7064
13558	34	17	6937	87	0	7075
13559	6850	19	108	44	0	7021
13560	90	19	22	7236	0	7367
13561	7332	16	20	91	0	7459
13562	7569	13	15	41	0	7638
13563	7553	10	22	36	0	7621
13564	112	20	7534	22	0	7688
13565	48	14	76	7453	0	7591
13566	7550	13	20	98	0	7681
13567	102	15	7704	30	0	7851
13568	38	7696	74	24	0	7832
13569	74	122	38	7133	0	7367
13570	18	27	7652	83	0	7780
13571	31	21	7546	22	0	7620
13572	34	33	90	7506	0	7663
13573	30	16	45	7758	0	7849
13574	18	10	21	7799	0	7848
13575	28	7	15	7683	0	7733
13576	14	9	7632	95	0	7750
13577	18	7640	81	40	0	7779
13578	25	65	26	7856	0	7972
13579	8002	18	20	95	0	8135
13580	7929	12	15	40	0	7996
13581	7996	12	19	31	0	8058
13582	90	22	8	7961	0	8081
13583	38	34	12	7895	0	7979
13584	30	7495	17	89	0	7631
13585	23	7726	12	38	0	7799
13586	45	98	13	7602	0	7758
13587	7547	41	18	100	0	7706
13588	7544	12	7	42	0	7605
13589	7475	10	11	21	0	7517
13590	7500	6	6	28	0	7540
13591	7532	9	4	26	0	7571
13592	65	7507	10	21	0	7603
13593	36	42	6	7673	0	7757
13594	7914	14	6	65	0	7999
13595	8018	9	6	36	0	8069
13596	72	4	6	7972	0	8054
13597	33	7	3	8043	0	8086
13598	22	12	8159	61	0	8254
13599	30	8	46	7972	0	8056
13600	27	6	7	8168	0	8208
13601	17	8	8466	60	0	8551
13602	28	14	45	8388	0	8475
13603	11	8658	12	66	0	8747
13604	15	44	8634	22	0	8715
13605	14	8660	50	29	0	8753
13606	18	49	18	8576	0	8661
13607	17	13	15	8734	0	8779
13608	13	8614	6	46	0	8679
13609	10	8686	5	22	0	8723
13610	8866	33	11	35	0	8945
13611	8799	14	6	25	0	8844
13612	44	14	8696	15	0	8769
13613	8964	4	34	25	0	9027
13614	9472	6	16	28	0	9522
13615	9529	5	9	29	0	9572
13616	9486	3	14	27	0	9530
13617	58	10	9114	21	0	9203
13618	40	22	8624	16	0	8702
13619	9440	5	40	16	0	9501
13620	47	9623	18	26	0	9714
13621	18	32	9672	8	0	9730
13622	9746	6	29	12	0	9793
13623	9841	9	12	19	0	9881
13624	37	12	9677	7	0	9733
13625	9771	9	32	15	0	9827
13626	55	5	13	10798	0	10871
13627	15	12	11195	34	0	11256
13628	10601	6	44	41	0	10692
13629	45	11212	14	25	0	11296
13630	11661	36	21	41	0	11759
13631	12776	4	11	76	0	12867
13632	62	9	7	12871	0	12949
13633	28	6	7	12839	0	12880
13634	24	9	4	13125	0	13162
13635	13197	2	5	81	0	13285
13636	13704	4	10	38	0	13756
13637	75	8	8	13781	0	13872
13638	37	7	1	13677	0	13722
13639	31	8	13503	76	0	13618
13640	13052	9	57	54	0	13172
13641	72	6	15	14025	0	14118
13642	22	3	9	14021	0	14055
13643	21	13798	8	99	0	13926
13644	25	68	4	14000	0	14097
13645	30	19	0	13945	0	13994
13646	13839	7	8	107	0	13961
13647	84	13990	7	45	0	14126
13648	43	69	3	14314	0	14429
13649	36	17	3	14246	0	14302
13650	37	14	0	14305	0	14356
13651	20	23	14133	111	0	14287
13652	16	10	66	14003	0	14095
13653	14020	6	24	118	0	14168
13654	89	10	13806	46	0	13951
13655	48	5	77	14091	0	14221
13656	28	4	24	14412	0	14468
13657	14358	6	21	151	0	14536
13658	14084	6	23	68	0	14181
13659	101	5	14078	49	0	14233
13660	13363	6	84	58	0	13511
13661	106	10	13954	19	0	14089
13662	14014	9	83	42	0	14148
13663	110	14946	38	42	0	15136
13664	15431	99	15	39	0	15584
13665	126	15510	12	36	0	15684
13666	16070	128	14	46	0	16258
13667	146	16068	14	32	0	16260
13668	65	138	17	16476	0	16696
13669	51	44	10	16528	0	16633
13670	37	27	7	16473	0	16544
13671	23	16056	10	192	0	16281
13672	30	129	11	16260	0	16430
13673	17	16330	14	175	0	16536
13674	31	148	3	16636	0	16818
13675	16671	54	5	192	0	16922
13676	16572	29	9	97	0	16707
13677	179	16382	14	53	0	16628
13678	88	141	7	16636	0	16872
13679	16518	44	5	180	0	16747
13680	157	16580	14	67	0	16818
13681	71	16797	9	49	0	16926
13682	16892	190	6	61	0	17149
13683	17039	67	8	46	0	17160
13684	200	16828	10	25	0	17063
13685	16915	175	2	40	0	17132
13686	211	70	5	16956	0	17242
13687	86	53	17492	166	0	17797
13688	17499	36	159	113	0	17807
13689	17810	24	46	92	0	17972
13690	237	30	17804	40	0	18111
13691	17949	27	171	81	0	18228
13692	18342	22	61	64	0	18489
13693	18939	12	23	77	0	19051
13694	250	18613	33	43	0	18939
13695	18971	187	13	62	0	19233
13696	19131	76	12	56	0	19275
13697	292	34	12	19067	0	19405
13698	148	41	7	19219	0	19415
13699	98	30	9	19473	0	19610
13700	19459	22	6	296	0	19783
13701	216	29	10	19195	0	19450
13702	19361	27	11	278	0	19677
13703	19536	31	10	146	0	19723
13704	321	27	16	19420	0	19784
13705	161	26	19	19848	0	20054
13706	123	26	9	20060	0	20218
13707	20099	26	12	345	0	20482
13708	248	19899	14	167	0	20328
13709	136	220	14	20533	0	20903
13710	119	85	10	20950	0	21164
13711	20739	45	10	353	0	21147
13712	20801	49	15	199	0	21064
13713	367	40	20160	108	0	20675
13714	166	45	20099	99	0	20409
13715	21416	35	296	104	0	21851
13716	379	37	109	21957	0	22482
13717	204	29	58	24742	0	25033
13718	102	74	24629	585	0	25390
13719	146	55	442	24353	0	24996
13720	87	24287	116	550	0	25040
13721	84	25367	76	208	0	25735
13722	24854	542	53	151	0	25600
13723	513	158	24596	123	0	25390
13724	176	25203	418	113	0	25910
13725	164	495	121	25651	0	26431
13726	129	144	25172	532	0	25977
13727	139	105	487	24434	0	25165
13728	135	92	135	25015	0	25377
13729	122	68	24758	614	0	25562
13730	95	24631	489	238	0	25453
13731	120	481	134	23933	0	24668
13732	23970	131	101	565	0	24767
13733	24209	85	73	244	0	24611
13734	24196	88	54	170	0	24508
13735	636	23703	75	124	0	24538
13736	23550	463	57	119	0	24189
13737	602	167	56	23481	0	24306
13738	218	106	23065	518	0	23907
13739	22878	94	432	238	0	23642
13740	540	23298	162	135	0	24135
13741	193	458	77	23296	0	24024
13742	160	136	73	23456	0	23825
13743	128	22937	74	579	0	23718
13744	124	512	69	23624	0	24329
13745	125	148	58	23981	0	24312
13746	148	105	53	24361	0	24667
13747	23613	94	72	689	0	24468
13748	23634	79	57	336	0	24106
13749	591	107	23458	230	0	24386
13750	242	112	479	23475	0	24308
13751	207	74	126	24245	0	24652
13752	152	86	133	24367	0	24738
13753	23836	87	96	694	0	24713
13754	563	87	23139	301	0	24090
13755	22974	64	499	262	0	23799
13756	23831	63	141	258	0	24293
13757	646	87	94	23699	0	24526
13758	23783	47	113	638	0	24581
13759	621	95	22922	280	0	23918
13760	23069	67	444	255	0	23835
13761	652	24918	134	194	0	25898
13762	312	480	24519	161	0	25472
13763	212	159	24586	188	0	25145
13764	211	259	587	24239	0	25296
13765	196	86	24581	562	0	25425
13766	23613	104	536	302	0	24555
13767	533	23863	181	203	0	24780
13768	24038	453	138	214	0	24843
13769	593	160	106	24277	0	25136
13770	233	101	24191	593	0	25118
13771	166	94	24093	280	0	24633
13772	187	110	551	24339	0	25187
13773	24486	78	189	637	0	25390
13774	526	23946	116	320	0	24908
13775	200	24880	109	266	0	25455
13776	24713	508	143	240	0	25604
13777	545	24889	116	224	0	25774
13778	25041	509	108	213	0	25871
13779	643	198	98	24904	0	25843
13780	24811	132	84	552	0	25579
13781	615	102	93	24792	0	25602
13782	24929	95	101	590	0	25715
13783	581	75	129	24773	0	25558
13784	265	24433	125	576	0	25399
13785	24660	435	117	286	0	25498
13786	542	24481	80	283	0	25386
13787	244	474	23491	160	0	24369
13788	208	189	483	22738	0	23618
13789	180	23750	161	464	0	24555
13790	23192	477	105	214	0	23988
13791	23178	175	128	181	0	23662
13792	598	22990	131	124	0	23843
13793	238	471	22703	169	0	23581
13794	226	164	476	22167	0	23033
13795	179	22035	171	494	0	22879
13796	149	464	144	22811	0	23568
13797	214	141	107	23029	0	23491
13798	22447	149	81	613	0	23290
13799	524	22226	119	231	0	23100
13800	202	461	85	22609	0	23357
13801	22531	187	77	589	0	23384
13802	22547	126	69	273	0	23015
13803	22374	124	64	226	0	22788
13804	648	122	71	21957	0	22798
13805	21615	94	62	500	0	22271
13806	561	21487	76	173	0	22297
13807	21338	402	85	189	0	22014
13808	509	21334	90	177	0	22110
13809	21313	411	70	194	0	21988
13810	21175	140	63	204	0	21582
13811	602	214	70	20702	0	21588
13812	254	99	20901	430	0	21684
13813	223	125	20287	154	0	20789
13814	197	20560	355	154	0	21266
13815	19791	390	206	179	0	20566
13816	421	135	19405	90	0	20051
13817	15713	61	149	72	0	15995
13818	161	15850	51	22	0	16084
13819	81	16259	39	20	0	16399
13820	63	186	24	16701	0	16974
13821	52	17112	29	126	0	17319
13822	49	190	17604	64	0	17907
13823	89	115	176	17097	0	17477
13824	46	18092	67	203	0	18408
13825	59	242	30	18270	0	18601
13826	18253	91	26	291	0	18661
13827	271	72	21	18453	0	18817
13828	102	64	18821	304	0	19291
13829	81	19012	255	125	0	19473
13830	72	317	87	18995	0	19471
13831	83	101	62	19303	0	19549
13832	69	92	50	19529	0	19740
13833	19086	59	43	446	0	19634
13834	18964	53	33	218	0	19268
13835	370	60	18931	124	0	19485
13836	183	54	18645	83	0	18965
13837	113	18885	323	103	0	19424
13838	19340	281	132	93	0	19846
13839	339	110	89	19333	0	19871
13840	150	93	64	19423	0	19730
13841	131	66	45	19522	0	19764
13842	114	47	37	19610	0	19808
13843	95	58	18798	468	0	19419
13844	18476	36	270	240	0	19022
13845	350	43	92	20630	0	21115
13846	148	39	20442	440	0	21069
13847	20771	56	384	223	0	21434
13848	22908	32	141	172	0	23253
13849	604	48	24970	102	0	25724
13850	341	47	26044	93	0	26525
13851	249	46	698	25864	0	26857
13852	26229	33	296	624	0	27182
13853	26703	34	188	264	0	27189
13854	825	40	128	25808	0	26801
13855	382	37	131	26615	0	27165
13856	228	38	26226	780	0	27272
13857	222	102	614	25840	0	26778
13858	210	42	25870	807	0	26929
13859	24916	35	674	368	0	25993
13860	643	25706	283	293	0	26925
13861	24558	531	192	225	0	25506
13862	675	24510	150	163	0	25498
13863	24503	614	202	137	0	25456
13864	764	219	99	23865	0	24947
13865	390	142	84	24278	0	24894
13866	24209	111	55	777	0	25152
13867	24466	97	51	374	0	24988
13868	24541	73	73	251	0	24938
13869	24678	75	63	202	0	25018
13870	997	60	23581	158	0	24796
13871	23712	40	580	204	0	24536
13872	24485	47	203	159	0	24894
13873	24542	40	139	134	0	24855
13874	1087	50	104	23609	0	24850
13875	23118	38	92	698	0	23946
13876	908	22745	123	270	0	24046
13877	535	541	124	23087	0	24287
13878	436	177	118	23619	0	24350
13879	350	128	22795	869	0	24142
13880	331	94	636	22566	0	23627
13881	286	22764	251	866	0	24167
13882	22767	615	188	420	0	23990
13883	762	22801	174	380	0	24117
13884	23035	669	126	370	0	24200
13885	938	262	152	22947	0	24299
13886	22730	186	142	826	0	23884
13887	870	22391	134	421	0	23816
13888	22794	679	114	350	0	23937
13889	23201	316	125	261	0	23903
13890	1072	242	116	22516	0	23946
13891	596	179	107	23105	0	23987
13892	474	149	22241	953	0	23817
13893	433	151	600	22526	0	23710
13894	426	155	209	22897	0	23687
13895	415	120	22182	1006	0	23723
13896	411	87	651	22624	0	23773
13897	316	89	22163	985	0	23553
13898	22165	59	770	506	0	23500
13899	908	76	355	22253	0	23592
13900	528	84	21758	859	0	23229
13901	21947	83	706	446	0	23182
13902	977	81	319	22091	0	23468
13903	508	93	22085	886	0	23572
13904	22320	74	703	498	0	23595
13905	909	103	290	22499	0	23801
13906	470	84	252	22958	0	23764
13907	22657	79	212	1068	0	24016
13908	946	79	161	22606	0	23792
13909	482	88	184	23040	0	23794
13910	436	123	177	22398	0	23134
13911	389	21889	155	1081	0	23514
13912	21610	638	117	638	0	23003
13913	22068	269	128	493	0	22958
13914	1069	190	121	21537	0	22917
13915	21671	146	101	968	0	22886
13916	21862	144	118	563	0	22687
13917	22132	139	103	457	0	22831
13918	18338	160	181	517	0	19196
13919	21664	73	141	410	0	22288
13920	1166	87	19619	384	0	21256
13921	638	91	18931	363	0	20023
13922	18827	103	700	326	0	19956
13923	875	18348	347	361	0	19931
13924	453	499	269	17926	0	19147
13925	408	169	17791	700	0	19068
13926	350	134	17860	370	0	18714
13927	372	303	743	17374	0	18792
13928	17217	155	517	802	0	18691
13929	723	80	227	17314	0	18344
13930	381	112	17182	710	0	18385
13931	17779	46	548	443	0	18816
13932	695	48	297	18016	0	19056
13933	431	46	206	18337	0	19020
13934	351	40	162	18613	0	19166
13935	342	35	132	18299	0	18808
13936	287	49	17444	917	0	18697
13937	331	41	498	17725	0	18595
13938	17552	51	204	823	0	18630
13939	663	44	16802	516	0	18025
13940	17170	64	458	438	0	18130
13941	17901	58	194	339	0	18492
13942	17835	63	173	338	0	18409
13943	17664	59	149	318	0	18190
13944	878	16775	128	285	0	18066
13945	427	15063	94	193	0	15777
13946	353	15618	115	191	0	16277
13947	14400	623	414	317	0	15754
13948	554	157	13226	179	0	14116
13949	10060	162	350	89	0	10661
13950	288	36	100	9576	0	10000
13951	9593	14	43	186	0	9836
13952	178	16	27	9581	0	9802
13953	9648	13	24	192	0	9877
13954	190	9	27	9608	0	9834
13955	104	10	23	9937	0	10074
13956	9277	13	26	214	0	9530
13957	180	10481	28	100	0	10789
13958	99	111	10496	58	0	10764
13959	78	10299	114	64	0	10555
13960	67	95	9900	48	0	10110
13961	70	120	131	9380	0	9701
13962	9614	17	84	93	0	9808
13963	98	9	23	9459	0	9589
13964	9407	6	19	110	0	9542
13965	106	9995	15	45	0	10161
13966	75	68	10192	25	0	10360
13967	53	10012	76	34	0	10175
13968	35	10140	34	32	0	10241
13969	9819	52	46	30	0	9947
13970	9607	26	20	28	0	9681
13971	74	9640	16	21	0	9751
13972	34	41	11	9792	0	9878
13973	26	14	15	9833	0	9888
13974	9866	15	7	81	0	9969
13975	55	8	9930	38	0	10031
13976	39	20	9560	20	0	9639
13977	25	10	62	9852	0	9949
13978	22	8	10002	59	0	10091
13979	9604	9	67	45	0	9725
13980	10078	7	23	38	0	10146
13981	78	10043	23	24	0	10168
13982	44	53	10311	16	0	10424
13983	39	21	56	10239	0	10355
13984	28	18	10921	54	0	11021
13985	24	10	70	10789	0	10893
13986	11000	7	35	87	0	11129
13987	72	11123	19	41	0	11255
13988	52	64	11468	35	0	11619
13989	40	11593	76	22	0	11731
13990	19	12116	30	34	0	12199
13991	12346	90	23	45	0	12504
13992	12149	43	14	29	0	12235
13993	103	25	12264	29	0	12421
13994	56	12532	81	34	0	12703
13995	43	81	38	12779	0	12941
13996	26	29	16	12801	0	12872
13997	30	21	10	12682	0	12743
13998	17	21	12884	118	0	13040
13999	52	14	73	12782	0	12921
14000	27	21	37	13306	0	13391
14001	13473	14	29	145	0	13661
14002	13497	18	14	92	0	13621
14003	13459	21	15	65	0	13560
14004	13373	17	15	40	0	13445
14005	13377	16	12	42	0	13447
14006	116	13131	19	23	0	13289
14007	13044	74	16	31	0	13165
14008	89	47	12948	28	0	13112
14009	62	47	67	12927	0	13103
14010	13182	15	33	87	0	13317
14011	73	13139	20	48	0	13280
14012	13477	66	26	47	0	13616
14013	13776	33	10	57	0	13876
14014	101	19	13	13942	0	14075
14015	73	13	10	13994	0	14090
14016	35	14665	17	94	0	14811
14017	46	66	12	15069	0	15193
14018	34	41	15362	83	0	15520
14019	45	21	81	15570	0	15717
14020	27	19	15647	94	0	15787
14021	15044	11	94	82	0	15231
14022	113	11	52	15907	0	16083
14023	68	12	16124	93	0	16297
14024	33	15665	96	69	0	15863
14025	27	15982	52	30	0	16091
14026	16010	125	35	45	0	16215
14027	116	71	19	15972	0	16178
14028	60	24	16490	81	0	16655
14029	29	16157	86	55	0	16327
14030	21	86	16379	33	0	16519
14031	15946	39	94	57	0	16136
14032	16157	23	52	56	0	16288
14033	16288	21	26	46	0	16381
14034	141	19	18	16335	0	16513
14035	60	23	16278	85	0	16446
14036	37	16239	88	58	0	16422
14037	37	83	49	16673	0	16842
14038	24	51	16376	83	0	16534
14039	33	39	15597	53	0	15722
14040	41	15	120	16388	0	16564
14041	16698	14	59	110	0	16881
14042	93	16	35	16689	0	16833
14043	68	16	29	16907	0	17020
14044	37	22	17053	129	0	17241
14045	50	9	95	16989	0	17143
14046	46	21	52	16958	0	17077
14047	27	16	17275	136	0	17454
14048	30	25	16770	74	0	16899
14049	48	13	126	17056	0	17243
14050	27	22	17463	109	0	17621
14051	40	12	108	17407	0	17567
14052	17543	7	72	141	0	17763
14053	90	17838	42	93	0	18063
14054	66	74	30	18288	0	18458
14055	38	46	17900	103	0	18087
14056	16315	19	103	125	0	16562
14057	90	16779	71	61	0	17001
14058	17135	81	41	71	0	17328
14059	107	41	25	17148	0	17321
14060	61	21	37	17069	0	17188
14061	17443	17	39	177	0	17676
14062	101	19	17541	86	0	17747
14063	17234	12	99	81	0	17426
14064	118	16	64	17770	0	17968
14065	17253	20	35	128	0	17436
14066	17259	15	28	85	0	17387
14067	160	17	25	17495	0	17697
14068	79	17779	30	148	0	18036
14069	18507	115	34	110	0	18766
14070	18738	61	29	79	0	18907
14071	217	27	18780	39	0	19063
14072	18652	18	142	61	0	18873
14073	198	19	72	18915	0	19204
14074	96	18932	47	147	0	19222
14075	85	143	25	18889	0	19142
14076	48	18874	38	152	0	19112
14077	18983	149	20	114	0	19266
14078	19358	69	22	74	0	19523
14079	256	58	26	20383	0	20723
14080	125	25	20187	207	0	20544
14081	74	33	19955	112	0	20174
14082	76	34	252	20914	0	21276
14083	21075	13	125	270	0	21483
14084	22187	19	64	149	0	22419
14085	340	22459	46	77	0	22922
14086	174	277	31	22687	0	23169
14087	94	111	23270	309	0	23784
14088	48	91	23858	139	0	24136
14089	99	99	487	25544	0	26229
14090	27631	24	225	542	0	28422
14091	579	24	95	28134	0	28832
14092	216	20	27722	627	0	28585
14093	27674	29	523	267	0	28493
14094	586	16	208	27771	0	28581
14095	263	21	138	28192	0	28614
14096	180	26	73	28000	0	28279
14097	83	27514	70	795	0	28462
14098	88	492	27572	335	0	28487
14099	61	185	27928	232	0	28406
14100	104	99	725	27899	0	28827
14101	78	48	28074	608	0	28808
14102	27494	36	674	311	0	28515
14103	637	35	241	27851	0	28764
14104	262	38	158	28136	0	28594
14105	169	43	108	28037	0	28357
14106	85	27666	116	829	0	28696
14107	28179	542	106	402	0	29229
14108	589	195	85	28275	0	29144
14109	28045	104	87	724	0	28960
14110	672	28022	64	332	0	29090
14111	28009	573	91	273	0	28946
14112	27375	208	84	242	0	27909
14113	28043	137	59	223	0	28462
14114	855	26767	70	169	0	27861
14115	412	27250	63	148	0	27873
14116	26295	712	64	172	0	27243
14117	654	26510	65	147	0	27376
14118	292	680	25793	133	0	26898
14119	227	25004	535	181	0	25947
14120	158	26127	201	140	0	26626
14121	25772	734	152	117	0	26775
14122	637	326	25365	103	0	26431
14123	284	223	25174	70	0	25751
14124	253	133	705	24865	0	25956
14125	19055	115	6524	624	0	26318
14126	543	99	25287	250	0	26179
14127	283	105	610	25153	0	26151
14128	196	131	24466	622	0	25415
14129	158	120	24061	285	0	24624
14130	23618	115	747	219	0	24699
14131	633	100	24287	127	0	25147
14132	324	78	694	23894	0	24990
14133	257	94	300	24053	0	24704
14134	147	23524	229	729	0	24629
14135	162	24405	142	348	0	25057
14136	175	697	158	23842	0	24872
14137	134	302	23918	642	0	24996
14138	179	204	609	23964	0	24956
14139	135	129	305	24531	0	25100
14140	137	101	24301	839	0	25378
14141	124	101	645	24522	0	25392
14142	24599	90	331	830	0	25850
14143	608	135	24380	365	0	25488
14144	24248	102	660	321	0	25331
14145	738	92	343	24341	0	25514
14146	339	79	240	25125	0	25783
14147	252	24992	204	915	0	26363
14148	196	619	194	25333	0	26342
14149	178	228	177	26187	0	26770
14150	25485	175	205	996	0	26861
14151	712	99	194	25775	0	26780
14152	347	100	170	26237	0	26854
14153	25044	106	174	1040	0	26364
14154	730	108	180	25386	0	26404
14155	346	132	177	24606	0	25261
14156	236	24742	201	961	0	26140
14157	24999	617	177	594	0	26387
14158	736	252	149	25156	0	26293
14159	352	196	140	25666	0	26354
14160	295	157	24725	1010	0	26187
14161	230	118	633	24792	0	25773
14162	207	84	315	25320	0	25926
14163	24313	108	207	1104	0	25732
14164	24642	128	157	620	0	25547
14165	900	141	110	24574	0	25725
14166	460	131	23684	867	0	25142
14167	308	22626	641	461	0	24036
14168	232	23321	307	387	0	24247
14169	301	745	285	22876	0	24207
14170	22755	314	173	829	0	24071
14171	704	208	103	23074	0	24089
14172	23047	159	73	885	0	24164
14173	777	143	99	23338	0	24357
14174	412	132	99	23588	0	24231
14175	22806	150	118	937	0	24011
14176	22810	169	111	494	0	23584
14177	887	22437	97	359	0	23780
14178	438	23230	85	284	0	24037
14179	281	702	106	21464	0	22553
14180	234	340	97	21931	0	22602
14181	211	193	20953	764	0	22121
14182	19548	133	528	481	0	20690
14183	598	20062	220	322	0	21202
14184	225	19217	155	230	0	19827
14185	18496	487	200	205	0	19388
14186	501	202	18324	168	0	19195
14187	233	134	17455	153	0	17975
14188	241	172	15931	139	0	16483
14189	99	14317	317	74	0	14807
14190	135	133	258	12227	0	12753
14191	32	42	36	12212	0	12322
14192	30	34	22	12295	0	12381
14193	11971	17	20	203	0	12211
14194	11871	17	15	112	0	12015
14195	161	11906	21	58	0	12146
14196	74	125	19	12165	0	12383
14197	52	58	12181	142	0	12433
14198	37	12211	123	63	0	12434
14199	11998	123	45	94	0	12260
14200	130	55	12003	40	0	12228
14201	11126	37	122	74	0	11359
14202	147	31	11836	49	0	12063
14203	72	69	115	11520	0	11776
14204	47	11800	47	137	0	12031
14205	11937	108	41	70	0	12156
14206	124	12056	32	53	0	12265
14207	11853	132	24	57	0	12066
14208	142	53	19	11763	0	11977
14209	58	45	11993	143	0	12239
14210	61	24	120	12361	0	12566
14211	45	21	44	13499	0	13609
14212	42	38	13447	237	0	13764
14213	13112	20	178	131	0	13441
14214	196	13837	66	78	0	14177
14215	13817	192	27	85	0	14121
14216	213	13999	25	63	0	14300
14217	79	211	23	14569	0	14882
14218	60	66	14331	239	0	14696
14219	16353	36	213	126	0	16728
14220	334	16976	59	73	0	17442
14221	132	327	31	16977	0	17467
14222	81	105	18	17742	0	17946
14223	18354	70	22	460	0	18906
14224	19348	30	16	189	0	19583
14225	491	19584	20	96	0	20191
14226	20847	416	27	83	0	21373
14227	21164	134	18	78	0	21394
14228	21598	80	20	93	0	21791
14229	681	67	21405	55	0	22208
14230	280	20801	435	71	0	21587
14231	142	21947	166	64	0	22319
14232	152	587	90	20866	0	21695
14233	142	235	42	21626	0	22045
14234	21355	136	26	631	0	22148
14235	515	21277	36	246	0	22074
14236	21478	516	27	145	0	22166
14237	595	209	25	21106	0	21935
14238	262	111	35	21617	0	22025
14239	21029	79	25	676	0	21809
14240	21003	64	34	296	0	21397
14241	677	80	20320	156	0	21233
14242	337	107	461	20183	0	21088
14243	189	52	19973	508	0	20722
14244	131	70	19856	216	0	20273
14245	105	84	20068	113	0	20370
14246	19066	118	694	119	0	19997
14247	524	48	264	18845	0	19681
14248	244	33	121	18958	0	19356
14249	153	53	91	19444	0	19741
14250	101	58	18990	640	0	19789
14251	122	45	474	19035	0	19676
14252	109	40	186	19551	0	19886
14253	18992	34	93	687	0	19806
14254	19264	40	62	304	0	19670
14255	19583	52	55	196	0	19886
14256	19703	42	62	138	0	19945
14257	771	46	59	19043	0	19919
14258	19284	51	58	568	0	19961
14259	675	61	67	19221	0	20024
14260	358	59	18141	578	0	19136
14261	18780	63	409	281	0	19533
14262	602	18735	160	210	0	19707
14263	338	458	100	18713	0	19609
14264	275	231	78	18779	0	19363
14265	180	18853	77	639	0	19749
14266	18748	489	62	340	0	19639
14267	616	18686	48	222	0	19572
14268	331	521	18523	152	0	19527
14269	226	236	18646	164	0	19272
14270	18288	163	600	163	0	19214
14271	18736	134	248	192	0	19310
14272	707	98	18176	181	0	19162
14273	18163	80	485	182	0	18910
14274	669	86	18098	145	0	18998
14275	18181	73	576	132	0	18962
14276	690	77	18116	151	0	19034
14277	348	69	18358	176	0	18951
14278	273	73	675	17082	0	18103
14279	272	70	315	17767	0	18424
14280	17872	65	219	703	0	18859
14281	17771	58	163	393	0	18385
14282	18091	72	164	269	0	18596
14283	18375	68	166	217	0	18826
14284	767	17600	179	215	0	18761
14285	448	450	123	17493	0	18514
14286	357	17754	109	585	0	18805
14287	317	511	114	17915	0	18857
14288	295	193	124	18032	0	18644
14289	310	127	107	18051	0	18595
14290	250	130	17277	794	0	18451
14291	16972	77	518	454	0	18021
14292	643	16566	245	312	0	17766
14293	380	17394	164	269	0	18207
14294	334	578	17363	218	0	18493
14295	307	273	493	17321	0	18394
14296	255	146	275	17552	0	18228
14297	17222	129	172	765	0	18288
14298	652	132	131	17207	0	18122
14299	349	119	144	17558	0	18170
14300	292	110	142	17688	0	18232
14301	254	113	155	17800	0	18322
14302	17052	72	165	828	0	18117
14303	17380	82	159	450	0	18071
14304	17502	80	165	325	0	18072
14305	865	65	158	17198	0	18286
14306	17324	82	157	674	0	18237
14307	736	70	177	17572	0	18555
14308	429	82	202	18097	0	18810
14309	317	60	17270	788	0	18435
14310	280	33	16948	403	0	17664
14311	259	48	16124	270	0	16701
14312	15715	71	699	248	0	16733
14313	620	92	345	14824	0	15881
14314	362	15236	188	556	0	16342
14315	15576	378	184	312	0	16450
14316	621	152	15107	237	0	16117
14317	14587	102	461	217	0	15367
14318	584	14067	236	207	0	15094
14319	11958	253	125	126	0	12462
14320	447	156	61	11793	0	12457
14321	11697	55	67	335	0	12154
14322	388	11157	58	193	0	11796
14323	214	10955	66	131	0	11366
14324	9676	244	101	95	0	10116
14325	238	9694	67	85	0	10084
14326	79	8092	31	43	0	8245
14327	89	8108	73	45	0	8315
14328	7561	187	206	46	0	8000
14329	7316	49	28	29	0	7422
14330	7341	38	10	18	0	7407
14331	135	33	9	7196	0	7373
14332	59	24	5	7287	0	7375
14333	40	24	7175	114	0	7353
14334	46	17	92	7183	0	7338
14335	35	16	7284	117	0	7452
14336	39	14	96	7289	0	7438
14337	36	9	29	7459	0	7533
14338	7363	13	22	135	0	7533
14339	7370	16	18	57	0	7461
14340	113	7321	25	44	0	7503
14341	53	94	17	7327	0	7491
14342	37	31	7586	121	0	7775
14343	49	25	91	7615	0	7780
14344	41	24	30	7709	0	7804
14345	42	22	13	7757	0	7834
14346	36	19	7609	133	0	7797
14347	25	20	7318	55	0	7418
14348	7472	18	115	63	0	7668
14349	107	17	40	7689	0	7853
14350	39	11	7617	127	0	7794
14351	7393	7	111	61	0	7572
14352	109	7661	43	48	0	7861
14353	7750	91	36	45	0	7922
14354	119	27	7955	32	0	8133
14355	7762	21	102	35	0	7920
14356	122	22	30	7922	0	8096
14357	41	25	8007	110	0	8183
14358	37	7964	103	37	0	8141
14359	8008	97	46	36	0	8187
14360	121	41	33	7971	0	8166
14361	58	15	20	8028	0	8121
14362	30	8082	22	119	0	8253
14363	26	99	21	8128	0	8274
14364	29	32	8071	111	0	8243
14365	25	8021	97	59	0	8202
14366	8092	89	33	44	0	8258
14367	96	36	26	8039	0	8197
14368	42	23	21	8027	0	8113
14369	35	22	7919	115	0	8091
14370	34	29	95	7953	0	8111
14371	36	23	8242	105	0	8406
14372	28	8242	98	50	0	8418
14373	8172	91	49	46	0	8358
14374	8139	30	30	41	0	8240
14375	8147	21	21	39	0	8228
14376	100	8471	31	33	0	8635
14377	42	77	24	8534	0	8677
14378	40	31	16	8581	0	8668
14379	61	25	23	7622	0	7731
14380	8462	19	15	113	0	8609
14381	8427	24	11	54	0	8516
14382	110	17	10	8402	0	8539
14383	45	21	9070	110	0	9246
14384	33	17	88	9030	0	9168
14385	36	13	28	9170	0	9247
14386	35	13	19	9139	0	9206
14387	31	13	16	9184	0	9244
14388	9250	11	23	134	0	9418
14389	101	13	13	9412	0	9539
14390	47	7	13	9481	0	9548
14391	22	9462	25	129	0	9638
14392	34	83	12	9819	0	9948
14393	27	9954	11	144	0	10136
14394	26	111	11	10057	0	10205
14395	10008	30	13	146	0	10197
14396	120	10123	9	56	0	10308
14397	10092	111	4	63	0	10270
14398	125	35	10207	39	0	10406
14399	48	23	102	10112	0	10285
14400	37	18	10365	141	0	10561
14401	27	20	108	10400	0	10555
14402	33	37	34	10406	0	10510
14403	26	10231	31	143	0	10431
14404	28	10408	19	64	0	10519
14405	15	10695	21	48	0	10779
14406	10522	105	23	54	0	10704
14407	93	10081	10	39	0	10223
14408	17	10027	8	23	0	10075
14409	103	84	28	10051	0	10266
14410	10121	16	6	90	0	10233
14411	73	10513	7	26	0	10619
14412	10736	68	6	30	0	10840
14413	10741	19	9	25	0	10794
14414	79	17	10952	11	0	11059
14415	33	7	72	10754	0	10866
14416	18	15	14	11155	0	11202
14417	15	14	8	11243	0	11280
14418	26	8	5	11088	0	11127
14419	13	11	10813	95	0	10932
14420	23	25	9792	27	0	9867
14421	10168	7	71	32	0	10278
14422	67	10500	14	22	0	10603
14423	12	10605	12	10	0	10639
14424	10689	74	4	23	0	10790
14425	60	10578	5	15	0	10658
14426	16	66	3	10813	0	10898
14427	10827	15	3	86	0	10931
14428	69	18	10793	23	0	10903
14429	25	6	62	10939	0	11032
14430	13	9	11085	70	0	11177
14431	10908	12	69	31	0	11020
14432	69	14	11915	19	0	12017
14433	12043	9	73	32	0	12157
14434	12629	12	18	39	0	12698
14435	12702	8	7	28	0	12745
14436	12709	4	6	33	0	12752
14437	12751	8	8	19	0	12786
14438	100	10	12	12758	0	12880
14439	13236	5	7	123	0	13371
14440	89	5	11	13328	0	13433
14441	36	7	7	13365	0	13415
14442	26	8	10	13344	0	13388
14443	19	15	13306	94	0	13434
14444	32	8	70	13067	0	13177
14445	21	9	23	13505	0	13558
14446	17	15	13212	101	0	13345
14447	12404	8	74	61	0	12547
14448	85	13	17	13549	0	13664
14449	37	12	13491	85	0	13625
14450	24	9	13068	31	0	13132
14451	30	14	94	13151	0	13289
14452	20	20	13499	92	0	13631
14453	19	32	79	13548	0	13678
14454	41	10	22	13478	0	13551
14455	18	13353	18	98	0	13487
14456	17	13493	17	41	0	13568
14457	13648	77	12	38	0	13775
14458	76	21	11	13796	0	13904
14459	40	8	13	13592	0	13653
14460	22	8	13	13967	0	14010
14461	10	13	14044	108	0	14175
14462	27	9	71	13837	0	13944
14463	13975	14	29	109	0	14127
14464	90	16	14149	40	0	14295
14465	44	8	76	14523	0	14651
14466	19	14	31	14684	0	14748
14467	31	7	12	14965	0	15015
14468	15	15430	26	130	0	15601
14469	15702	112	17	57	0	15888
14470	16184	32	19	46	0	16281
14471	173	16439	14	32	0	16658
14472	63	132	13	17315	0	17523
14473	31	34	17326	179	0	17570
14474	33	43	16802	63	0	16941
14475	17699	15	234	54	0	18002
14476	230	18	79	18053	0	18380
14477	18705	10	32	244	0	18991
14478	263	18913	37	92	0	19305
14479	89	19383	32	57	0	19561
14480	19327	320	16	62	0	19725
14481	272	19939	30	35	0	20276
14482	123	300	14	20223	0	20660
14483	104	96	17	19600	0	19817
14484	55	20443	24	308	0	20830
14485	20711	303	15	166	0	21195
14486	307	130	20777	72	0	21286
14487	20384	79	297	87	0	20847
14488	377	57	21110	47	0	21591
14489	20033	48	330	99	0	20510
14490	392	44	21281	46	0	21763
14491	167	20919	342	38	0	21466
14492	148	363	146	21020	0	21677
14493	20873	109	83	334	0	21399
14494	347	78	20550	111	0	21086
14495	156	48	20581	72	0	20857
14496	120	45	399	20103	0	20667
14497	80	42	20668	315	0	21105
14498	87	40	367	20307	0	20801
14499	114	36	154	20000	0	20304
14500	73	29	20463	420	0	20985
14501	92	31	352	20196	0	20671
14502	20728	19	159	415	0	21321
14503	320	20549	123	176	0	21168
14504	20867	296	96	134	0	21393
14505	362	108	71	20556	0	21097
14506	20643	59	67	381	0	21150
14507	20974	41	79	186	0	21280
14508	463	33	75	20689	0	21260
14509	203	20743	66	354	0	21366
14510	21067	306	71	183	0	21627
14511	370	120	20313	122	0	20925
14512	183	65	20073	109	0	20430
14513	20009	61	415	112	0	20597
14514	386	40	162	20128	0	20716
14515	193	44	20215	356	0	20808
14516	140	46	346	20247	0	20779
14517	20457	47	150	398	0	21052
14518	20856	42	103	233	0	21234
14519	20844	38	90	136	0	21108
14520	483	20993	79	114	0	21669
14521	260	302	68	21370	0	22000
14522	154	132	62	21536	0	21884
14523	21311	86	56	472	0	21925
14524	418	21089	74	206	0	21787
14525	21190	328	72	159	0	21749
14526	451	138	63	21012	0	21664
14527	21010	83	60	409	0	21562
14528	419	76	20150	179	0	20824
14529	224	20257	325	149	0	20955
14530	171	355	142	19893	0	20561
14531	146	20748	88	309	0	21291
14532	143	338	84	20274	0	20839
14533	20070	152	60	404	0	20686
14534	388	93	19239	178	0	19898
14535	18974	81	334	161	0	19550
14536	401	19778	131	150	0	20460
14537	211	350	94	20230	0	20885
14538	157	138	80	20527	0	20902
14539	19831	100	70	473	0	20474
14540	414	103	19534	215	0	20266
14541	220	68	326	19893	0	20507
14542	166	79	139	19896	0	20280
14543	142	63	99	19956	0	20260
14544	125	71	93	20105	0	20394
14545	19657	54	74	551	0	20336
14546	19642	61	73	270	0	20046
14547	459	76	19417	179	0	20131
14548	269	64	18626	178	0	19137
14549	19613	49	421	192	0	20275
14550	20260	60	186	162	0	20668
14551	490	43	119	20049	0	20701
14552	264	49	94	20127	0	20534
14553	19714	42	96	493	0	20345
14554	404	19443	116	263	0	20226
14555	237	288	86	19769	0	20380
14556	182	100	94	20102	0	20478
14557	150	70	19588	515	0	20323
14558	142	57	351	19524	0	20074
14559	156	53	19730	470	0	20409
14560	133	51	375	19717	0	20276
14561	19445	48	163	481	0	20137
14562	426	60	100	19551	0	20137
14563	225	49	19277	452	0	20003
14564	136	18480	365	268	0	19249
14565	159	326	140	19265	0	19890
14566	131	111	19076	435	0	19753
14567	128	19111	357	218	0	19814
14568	154	378	139	18780	0	19451
14569	115	123	18622	384	0	19244
14570	16223	71	330	263	0	16887
14571	319	17769	150	172	0	18410
14572	140	17122	98	126	0	17486
14573	88	17514	69	117	0	17788
14574	182	424	121	16796	0	17523
14575	55	136	17291	312	0	17794
14576	76	17056	269	140	0	17541
14577	141	372	120	16749	0	17382
14578	17472	75	65	308	0	17920
14579	298	60	35	22545	0	22938
14580	129	63	26007	548	0	26747
14581	65	26292	615	194	0	27166
14582	25678	628	168	168	0	26642
14583	622	26150	94	110	0	26976
14584	189	680	25085	114	0	26068
14585	95	25235	669	144	0	26143
14586	187	801	270	24580	0	25838
14587	103	326	24534	582	0	25545
14588	135	24316	663	159	0	25273
14589	220	780	220	23885	0	25105
14590	141	392	195	24083	0	24811
14591	42	24064	226	736	0	25068
14592	96	778	183	24281	0	25338
14593	37	337	24073	819	0	25266
14594	64	268	24505	346	0	25183
14595	81	297	757	24274	0	25409
14596	23964	206	265	958	0	25393
14597	24308	211	176	461	0	25156
14598	726	230	182	23674	0	24812
14599	209	23740	288	860	0	25097
14600	195	674	306	23985	0	25160
14601	23708	220	269	911	0	25108
14602	808	147	158	23744	0	24857
14603	461	175	87	24146	0	24869
14604	23538	163	79	1020	0	24800
14605	719	23285	112	512	0	24628
14606	312	772	114	23501	0	24699
14607	23331	266	66	1022	0	24685
14608	847	160	22653	502	0	24162
14609	22790	162	607	497	0	24056
14610	876	139	176	23262	0	24453
14611	23248	198	133	898	0	24477
14612	23521	236	118	468	0	24343
14613	22306	141	122	502	0	23071
14614	970	22698	186	356	0	24210
14615	499	630	22771	281	0	24181
14616	479	22915	638	310	0	24342
14617	22821	699	219	333	0	24072
14618	989	22564	140	264	0	23957
14619	666	727	117	22669	0	24179
14620	22134	391	145	714	0	23384
14621	831	22230	190	305	0	23556
14622	403	876	22116	232	0	23627
14623	368	464	665	22161	0	23658
14624	374	361	22253	795	0	23783
14625	317	22335	700	541	0	23893
14626	310	847	254	22126	0	23537
14627	322	393	231	22751	0	23697
14628	254	362	264	22821	0	23701
14629	226	274	295	22228	0	23023
14630	160	21935	274	1043	0	23412
14631	21554	820	247	576	0	23197
14632	734	415	21464	499	0	23112
14633	324	295	672	21920	0	23211
14634	21512	225	255	1173	0	23165
14635	807	225	21468	644	0	23144
14636	350	21210	760	456	0	22776
14637	350	895	335	21036	0	22616
14638	368	370	21166	887	0	22791
14639	279	21251	895	490	0	22915
14640	20556	837	359	496	0	22248
14641	844	21095	318	397	0	22654
14642	320	981	303	21013	0	22617
14643	272	492	239	21809	0	22812
14644	20854	374	287	1102	0	22617
14645	759	20980	322	560	0	22621
14646	438	966	216	21218	0	22838
14647	20661	490	248	1032	0	22431
14648	20766	473	227	593	0	22059
14649	953	20475	158	611	0	22197
14650	20506	866	204	549	0	22125
14651	20983	523	159	439	0	22104
14652	1115	455	142	20386	0	22098
14653	599	359	19927	1014	0	21899
14654	591	344	710	19991	0	21636
14655	572	330	251	20556	0	21709
14656	494	341	19688	1068	0	21591
14657	515	19342	739	572	0	21168
14658	462	764	294	19668	0	21188
14659	341	331	324	20396	0	21392
14660	294	283	332	20491	0	21400
14661	278	223	296	20151	0	20948
14662	300	19407	304	1243	0	21254
14663	19620	800	272	699	0	21391
14664	19870	384	151	716	0	21121
14665	19712	282	136	698	0	20828
14666	992	18668	120	737	0	20517
14667	454	818	89	19081	0	20442
14668	450	414	18481	1094	0	20439
14669	511	430	634	18333	0	19908
14670	582	18691	192	981	0	20446
14671	18459	722	152	518	0	19851
14672	18644	409	143	444	0	19640
14673	18348	357	157	502	0	19364
14674	943	17578	250	470	0	19241
14675	500	17070	286	386	0	18242
14676	455	17731	202	428	0	18816
14677	589	841	17002	322	0	18754
14678	650	654	15664	422	0	17390
14679	658	1720	532	8685	0	11595
14680	6807	73	263	149	0	7292
14681	6605	12	21	51	0	6689
14682	105	12	10	6774	0	6901
14683	46	24	13	6660	0	6743
14684	26	24	8	6874	0	6932
14685	23	18	18	6889	0	6948
14686	6857	20	15	114	0	7006
14687	7029	22	14	57	0	7122
14688	113	7169	10	42	0	7334
14689	7237	99	12	39	0	7387
14690	7392	33	10	45	0	7480
14691	7437	21	18	35	0	7511
14692	138	30	6614	42	0	6824
14693	7226	21	68	39	0	7354
14694	123	7296	19	30	0	7468
14695	64	96	16	7503	0	7679
14696	35	38	17	7606	0	7696
14697	25	7372	12	128	0	7537
14698	37	100	15	7670	0	7822
14699	7590	33	13	131	0	7767
14700	130	18	15	7682	0	7845
14701	58	23	7572	123	0	7776
14702	7446	21	92	65	0	7624
14703	117	7734	30	47	0	7928
14704	54	103	11	7849	0	8017
14705	39	43	14	7876	0	7972
14706	38	32	9	7895	0	7974
14707	37	24	7726	151	0	7938
14708	37	7630	98	70	0	7835
14709	35	104	27	7666	0	7832
14710	43	42	7537	112	0	7734
14711	48	21	95	7419	0	7583
14712	34	24	7393	125	0	7576
14713	41	44	103	7236	0	7424
14714	22	7160	46	129	0	7357
14715	31	111	19	7102	0	7263
14716	7081	40	12	131	0	7264
14717	7110	22	14	70	0	7216
14718	139	17	7065	42	0	7263
14719	51	17	6751	31	0	6850
14720	40	12	7330	28	0	7410
14721	29	28	123	7339	0	7519
14722	26	16	37	7645	0	7724
14723	24	11	21	7713	0	7769
14724	21	7713	18	144	0	7896
14725	24	119	12	7700	0	7855
14726	21	38	21	8013	0	8093
14727	18	26	16	8243	0	8303
14728	8170	18	24	171	0	8383
14729	8306	9	16	76	0	8407
14730	154	15	8278	46	0	8493
14731	51	11	8244	45	0	8351
14732	8367	14	148	42	0	8571
14733	8636	15	45	45	0	8741
14734	155	17	8816	43	0	9031
14735	62	17	8658	44	0	8781
14736	8610	17	157	40	0	8824
14737	8837	13	55	38	0	8943
14738	168	15	8808	35	0	9026
14739	61	11	148	8699	0	8919
14740	46	14	45	8881	0	8986
14741	34	9106	31	162	0	9333
14742	29	128	34	9331	0	9522
14743	27	41	9845	170	0	10083
14744	44	23	155	9875	0	10097
14745	44	20	56	10037	0	10157
14746	34	14	9802	215	0	10065
14747	9580	8	175	102	0	9865
14748	10007	11	64	62	0	10144
14749	213	12	38	9849	0	10112
14750	91	8	43	10023	0	10165
14751	9922	16	38	222	0	10198
14752	9956	7	28	113	0	10104
14753	9297	22	32	95	0	9446
14754	10016	15	31	74	0	10136
14755	216	9749	30	42	0	10037
14756	9705	135	24	60	0	9924
14757	170	9657	39	53	0	9919
14758	80	150	27	9747	0	10004
14759	65	47	27	9726	0	9865
14760	55	9517	24	216	0	9812
14761	51	139	22	9676	0	9888
14762	46	52	31	9610	0	9739
14763	53	9452	28	213	0	9746
14764	55	153	24	9549	0	9781
14765	47	60	36	9637	0	9780
14766	53	21	27	9659	0	9760
14767	57	25	9373	229	0	9684
14768	45	9089	157	104	0	9395
14769	48	204	57	8872	0	9181
14770	35	9103	36	177	0	9351
14771	9002	165	25	99	0	9291
14772	172	60	8869	64	0	9165
14773	76	35	8694	65	0	8870
14774	8447	31	184	59	0	8721
14775	185	73	79	8459	0	8796
14776	58	17	8273	157	0	8505
14777	37	26	8116	66	0	8245
14778	62	83	167	7878	0	8190
14779	7795	16	63	168	0	8042
14780	7847	16	33	72	0	7968
14781	170	13	27	7738	0	7948
14782	71	35	7531	158	0	7795
14783	51	7763	124	80	0	8018
14784	40	121	54	7811	0	8026
14785	36	34	7781	149	0	8000
14786	41	7694	122	70	0	7927
14787	51	119	47	7603	0	7820
14788	7502	37	36	145	0	7720
14789	118	33	30	7342	0	7523
14790	52	7387	17	126	0	7582
14791	7451	103	25	78	0	7657
14792	119	41	7674	51	0	7885
14793	58	7577	106	51	0	7792
14794	41	108	7563	38	0	7750
14795	7324	46	122	49	0	7541
14796	114	29	46	7236	0	7425
14797	47	27	30	7509	0	7613
14798	7472	19	21	141	0	7653
14799	126	14	28	7496	0	7664
14800	48	16	7340	137	0	7541
14801	7124	18	110	70	0	7322
14802	121	7431	48	45	0	7645
14803	59	97	28	7321	0	7505
14804	7297	35	22	126	0	7480
14805	119	7233	23	65	0	7440
14806	55	110	23	7426	0	7614
14807	7449	34	22	139	0	7644
14808	114	27	26	7460	0	7627
14809	54	7374	13	123	0	7564
14810	40	104	7501	72	0	7717
14811	27	48	106	7675	0	7856
14812	41	36	41	7368	0	7486
14813	7719	22	28	153	0	7922
14814	121	19	22	7769	0	7931
14815	7770	20	12	159	0	7961
14816	7814	26	21	69	0	7930
14817	149	20	19	7682	0	7870
14818	50	7717	23	128	0	7918
14819	42	110	13	7705	0	7870
14820	7222	42	13	137	0	7414
14821	113	7284	15	67	0	7479
14822	38	7431	15	29	0	7513
14823	7447	111	14	40	0	7612
14824	7531	37	17	29	0	7614
14825	117	7532	9	30	0	7688
14826	7570	98	47	41	0	7756
14827	7523	36	26	24	0	7609
14828	131	30	8	7468	0	7637
14829	58	13	7706	107	0	7884
14830	47	50	100	7681	0	7878
14831	29	26	7791	115	0	7961
14832	40	46	106	7785	0	7977
14833	22	13	7845	122	0	8002
14834	7517	16	106	46	0	7685
14835	121	18	45	7594	0	7778
14836	7927	8	31	111	0	8077
14837	135	40	19	7795	0	7989
14838	49	7914	13	136	0	8112
14839	8080	100	12	54	0	8246
14840	123	40	7709	41	0	7913
14841	7516	40	86	30	0	7672
14842	139	7536	37	19	0	7731
14843	7062	87	26	26	0	7201
14844	7161	28	6	22	0	7217
14845	124	7151	15	14	0	7304
14846	57	99	10	7427	0	7593
14847	7483	27	7	115	0	7632
14848	119	7463	9	38	0	7629
14849	52	105	7	7569	0	7733
14850	7628	38	6	121	0	7793
14851	123	30	6	7551	0	7710
14852	61	10	5	7613	0	7689
14853	53	15	4	7641	0	7713
14854	20	19	7448	164	0	7651
14855	36	12	101	7512	0	7661
14856	7575	15	30	155	0	7775
14857	125	14	7505	59	0	7703
14858	57	16	106	7601	0	7780
14859	48	11	33	7693	0	7785
14860	19	12	7564	153	0	7748
14861	7465	14	108	82	0	7669
14862	7785	8	40	44	0	7877
14863	165	8	7703	33	0	7909
14864	73	10	115	7714	0	7912
14865	46	8	40	7961	0	8055
14866	26	10	8244	169	0	8449
14867	34	9	134	8438	0	8615
14868	36	7	46	8483	0	8572
14869	26	7	8740	192	0	8965
14870	8615	9	151	100	0	8875
14871	173	7	57	8961	0	9198
14872	8920	6	38	194	0	9158
14873	9040	6	21	90	0	9157
14874	216	8	8958	68	0	9250
14875	86	6	173	8913	0	9178
14876	8985	9	57	207	0	9258
14877	185	9147	44	89	0	9465
14878	83	156	24	9535	0	9798
14879	60	38	37	9695	0	9830
14880	43	24	27	9904	0	9998
14881	37	13	9680	270	0	10000
14882	9190	11	189	108	0	9498
14883	209	14	48	9408	0	9679
14884	85	7	38	9500	0	9630
14885	66	12	9330	254	0	9662
14886	49	7	188	9325	0	9569
14887	38	10	70	9569	0	9687
14888	9273	13	42	274	0	9602
14889	203	9264	27	131	0	9625
14890	74	172	9219	98	0	9563
14891	9203	48	188	80	0	9519
14892	214	25	60	9095	0	9394
14893	80	13	9204	234	0	9531
14894	75	15	9329	93	0	9512
14895	49	20	239	9453	0	9761
14896	49	8	9656	232	0	9945
14897	42	15	9676	115	0	9848
14898	34	9466	230	90	0	9820
14899	45	180	88	10028	0	10341
14900	34	47	10049	233	0	10363
14901	51	29	204	10002	0	10286
14902	10377	17	81	267	0	10742
14903	205	17	60	10442	0	10724
14904	86	27	48	10670	0	10831
14905	10455	14	43	283	0	10795
14906	10618	13	53	141	0	10825
14907	241	8	47	10923	0	11219
14908	89	20	11029	244	0	11382
14909	52	10941	207	121	0	11321
14910	56	188	83	11113	0	11440
14911	11079	55	53	264	0	11451
14912	11202	27	53	116	0	11398
14913	257	10836	49	100	0	11242
14914	98	11226	56	74	0	11454
14915	11309	227	33	95	0	11664
14916	11371	59	43	80	0	11553
14917	269	40	11581	73	0	11963
14918	124	37	199	11463	0	11823
14919	71	11768	77	234	0	12150
14920	12171	202	70	105	0	12548
14921	243	88	52	12029	0	12412
14922	104	11784	42	248	0	12178
14923	73	195	11918	104	0	12290
14924	76	119	202	11493	0	11890
14925	50	12119	74	222	0	12465
14926	12247	199	30	103	0	12579
14927	12254	74	36	79	0	12443
14928	244	12137	36	62	0	12479
14929	11849	193	25	54	0	12121
14930	11847	44	25	73	0	11989
14931	226	11629	36	43	0	11934
14932	84	11848	22	40	0	11994
14933	98	230	24	11691	0	12043
14934	11717	52	31	209	0	12009
14935	203	44	11955	68	0	12270
14936	11409	37	173	67	0	11686
14937	173	11916	45	55	0	12189
14938	12074	166	44	57	0	12341
14939	12178	38	31	55	0	12302
14940	12286	35	23	46	0	12390
14941	204	49	27	12020	0	12300
14942	80	12027	21	170	0	12298
14943	12165	162	18	73	0	12418
14944	210	54	12136	41	0	12441
14945	62	12095	156	45	0	12358
14946	55	169	50	12489	0	12763
14947	45	51	12113	151	0	12360
14948	42	35	12045	49	0	12171
14949	52	35	173	12064	0	12324
14950	44	22	45	12784	0	12895
14951	33	34	33	12903	0	13003
14952	40	18	28	12655	0	12741
14953	46	12275	26	176	0	12523
14954	35	12789	22	82	0	12928
14955	12976	159	20	57	0	13212
14956	168	55	14	13017	0	13254
14957	64	31	17	13105	0	13217
14958	53	29	20	13274	0	13376
14959	13209	31	21	209	0	13470
14960	13290	28	15	81	0	13414
14961	193	19	28	13279	0	13519
14962	13455	13	16	193	0	13677
14963	13446	17	18	83	0	13564
14964	13652	24	12	65	0	13753
14965	212	30	15	13388	0	13645
14966	70	22	12718	145	0	12955
14967	69	33	11951	53	0	12106
14968	50	25	12406	40	0	12521
14969	34	15	12789	36	0	12874
14970	55	66	131	12719	0	12971
14971	12858	18	50	140	0	13066
14972	12741	18	28	54	0	12841
14973	135	11	12674	34	0	12854
14974	55	21	12613	28	0	12717
14975	38	13622	124	24	0	13808
14976	48	101	33	13857	0	14039
14977	13915	22	33	121	0	14091
14978	120	21	13669	28	0	13838
14979	13277	15	96	40	0	13428
14980	98	14024	32	33	0	14187
14981	37	97	20	14512	0	14666
14982	36	17	9	15050	0	15112
14983	42	13	8	14723	0	14786
14984	15200	9	18	142	0	15369
14985	121	9	11	15273	0	15414
14986	42	13	15	15377	0	15447
14987	15392	6	14	138	0	15550
14988	122	8	11	15311	0	15452
14989	44	12	15487	132	0	15675
14990	15273	10	97	70	0	15450
14991	122	9	34	15786	0	15951
14992	48	8	28	15658	0	15742
14993	35	15480	22	119	0	15656
14994	15641	95	9	82	0	15827
14995	15804	27	15	63	0	15909
14996	147	16	15	15643	0	15821
14997	56	18	15566	117	0	15757
14998	14646	9	107	67	0	14829
14999	125	17	15648	50	0	15840
15000	56	6	127	15558	0	15747
15001	43	15	33	16159	0	16250
15002	15960	7	27	193	0	16187
15003	159	7	24	16438	0	16628
15004	49	16	16419	183	0	16667
15005	16010	4	145	87	0	16246
15006	162	19	17258	51	0	17490
15007	56	12	17013	40	0	17121
15008	17495	9	201	54	0	17759
15009	232	30	61	17967	0	18290
15010	55	18406	58	158	0	18677
15011	18700	154	37	71	0	18962
15012	18686	31	44	46	0	18807
15013	215	35	18484	49	0	18783
15014	18276	16	171	62	0	18525
15015	250	16	44	18657	0	18967
15016	78	22	18846	175	0	19121
15017	68	18387	189	61	0	18705
15018	18403	166	56	71	0	18696
15019	179	18550	65	45	0	18839
15020	88	201	50	18545	0	18884
15021	71	50	23	18761	0	18905
15022	68	34	32	18608	0	18742
15023	58	43	18	18142	0	18261
15024	50	18073	29	227	0	18379
15025	42	167	17601	95	0	17905
15026	36	17788	175	100	0	18099
15027	17899	173	48	72	0	18192
15028	175	57	40	17940	0	18212
15029	18009	41	41	190	0	18281
15030	208	48	21	18113	0	18390
15031	18598	24	33	233	0	18888
15032	192	18833	22	81	0	19128
15033	19307	160	13	106	0	19586
15034	19431	51	22	94	0	19598
15035	19004	43	26	77	0	19150
15036	19121	29	21	82	0	19253
15037	246	18857	21	42	0	19166
15038	111	159	18874	41	0	19185
15039	112	66	152	18863	0	19193
15040	18979	39	48	207	0	19273
15041	19414	24	35	83	0	19556
15042	255	29	23	19558	0	19865
15043	99	28	20153	215	0	20495
15044	111	21	177	19747	0	20056
15045	64	20216	50	237	0	20567
15046	20478	199	45	111	0	20833
15047	259	78	28	20589	0	20954
15048	102	20111	40	232	0	20485
15049	90	21223	29	89	0	21431
15050	62	21554	33	80	0	21729
15051	73	282	31	21931	0	22317
15052	22043	107	26	289	0	22465
15053	280	22180	29	104	0	22593
15054	110	270	18	22576	0	22974
15055	22376	86	25	326	0	22813
15056	318	76	20	22494	0	22908
15057	22367	55	16	366	0	22804
15058	22610	48	25	125	0	22808
15059	357	23026	18	102	0	23503
15060	174	280	16	22384	0	22854
15061	117	23263	28	239	0	23647
15062	23194	323	15	114	0	23646
15063	23225	101	24	120	0	23470
15064	23566	72	30	106	0	23774
15065	418	65	23	23487	0	23993
15066	177	48	23179	305	0	23709
15067	22639	54	264	144	0	23101
15068	23455	45	64	129	0	23693
15069	395	39	56	22987	0	23477
15070	177	23298	41	277	0	23793
15071	163	291	29	23608	0	24091
15072	137	96	34	24065	0	24332
15073	23890	84	38	393	0	24405
15074	23581	74	26	195	0	23876
15075	395	80	22512	125	0	23112
15076	193	60	285	22572	0	23110
15077	23013	45	60	367	0	23485
15078	396	60	65	23049	0	23570
15079	150	70	23046	388	0	23654
15080	135	21904	300	174	0	22513
15081	110	22956	92	145	0	23303
15082	24713	341	101	136	0	25291
15083	453	128	38	26224	0	26843
15084	203	77	25	29088	0	29393
15085	28964	68	38	697	0	29767
15086	640	69	28717	272	0	29698
15087	295	61	531	29041	0	29928
15088	211	62	29215	661	0	30149
15089	165	29266	614	261	0	30306
15090	29933	576	194	267	0	30970
15091	30610	192	149	207	0	31158
15092	30993	139	133	156	0	31421
15093	858	114	30014	163	0	31149
15094	30449	110	595	160	0	31314
15095	31367	91	200	131	0	31789
15096	944	106	137	30781	0	31968
15097	25652	97	229	850	0	26828
15098	712	83	30036	257	0	31088
15099	29742	70	587	238	0	30637
15100	880	82	29863	137	0	30962
15101	411	30049	601	208	0	31269
15102	350	805	263	28606	0	30024
15103	285	30124	185	551	0	31145
15104	291	621	29729	219	0	30860
15105	248	30028	616	172	0	31064
15106	28602	622	214	184	0	29622
15107	574	27889	190	118	0	28771
15108	256	28140	109	139	0	28644
15109	252	676	27327	90	0	28345
15110	194	336	550	27149	0	28229
15111	27578	237	192	563	0	28570
15112	607	200	27194	180	0	28181
15113	271	27405	522	187	0	28385
15114	238	578	234	27389	0	28439
15115	183	252	27616	598	0	28649
15116	187	174	27290	262	0	27913
15117	218	165	643	27497	0	28523
15118	188	137	27815	593	0	28733
15119	162	158	677	25960	0	26957
15120	176	26504	301	586	0	27567
15121	194	539	264	26982	0	27979
15122	177	27143	207	609	0	28136
15123	206	593	192	27407	0	28398
15124	27061	216	171	711	0	28159
15125	643	168	165	27095	0	28071
15126	264	26928	147	705	0	28044
15127	241	589	126	27655	0	28611
15128	194	234	27244	747	0	28419
15129	206	199	556	27442	0	28403
15130	27406	123	266	770	0	28565
15131	616	165	26487	331	0	27599
15132	267	163	598	26484	0	27512
15133	26056	152	231	718	0	27157
15134	610	25748	235	358	0	26951
15135	285	562	195	26092	0	27134
15136	26247	229	156	689	0	27321
15137	707	180	178	26231	0	27296
15138	334	162	25863	705	0	27064
15139	25358	167	552	370	0	26447
15140	655	25549	254	271	0	26729
15141	311	26277	209	285	0	27082
15142	26116	574	243	266	0	27199
15143	25703	258	186	211	0	26358
15144	746	214	178	25328	0	26466
15145	25244	177	173	551	0	26145
15146	686	200	24296	301	0	25483
15147	24471	155	532	290	0	25448
15148	663	24265	269	248	0	25445
15149	24324	484	208	250	0	25266
15150	688	225	23987	213	0	25113
15151	418	235	542	23979	0	25174
15152	305	171	309	24193	0	24978
15153	272	185	208	23021	0	23686
15154	276	23528	182	597	0	24583
15155	23835	491	175	314	0	24815
15156	650	202	186	22402	0	23440
15157	359	22762	161	524	0	23806
15158	24520	447	158	380	0	25505
15159	23927	246	171	299	0	24643
15160	24358	191	153	287	0	24989
15161	24319	151	153	274	0	24897
15162	24049	148	150	257	0	24604
15163	737	165	164	23656	0	24722
15164	479	185	161	23611	0	24436
15165	23327	153	146	633	0	24259
15166	630	200	120	23301	0	24251
15167	404	186	127	23481	0	24198
15168	307	218	21977	698	0	23200
15169	22640	166	458	419	0	23683
15170	23140	182	241	370	0	23933
15171	23391	220	160	306	0	24077
15172	714	205	174	21745	0	22838
15173	379	22363	150	590	0	23482
15174	24071	454	195	327	0	25047
15175	23575	191	171	350	0	24287
15176	848	167	154	25440	0	26609
15177	25561	149	180	724	0	26614
15178	925	372	20094	513	0	21904
15179	461	25489	425	358	0	26733
15180	473	26293	257	392	0	27415
15181	608	713	25582	321	0	27224
15182	224	23098	551	283	0	24156
15183	212	22056	297	253	0	22818
15184	19362	343	286	155	0	20146
15185	276	19160	99	118	0	19653
15186	180	304	92	19400	0	19976
15187	19860	167	45	324	0	20396
15188	322	126	19367	174	0	19989
15189	19161	97	234	192	0	19684
15190	327	104	19029	129	0	19589
15191	209	72	18686	108	0	19075
15192	18467	59	344	129	0	18999
15193	315	48	18921	94	0	19378
15194	164	18503	294	67	0	19028
15195	180	252	181	18308	0	18921
15196	18426	122	86	243	0	18877
15197	276	17884	66	139	0	18365
15198	163	245	49	18175	0	18632
15199	127	138	17963	247	0	18475
15200	133	77	207	18070	0	18487
15201	17796	46	125	303	0	18270
15202	285	40	17506	165	0	17996
15203	185	47	243	17415	0	17890
15204	17605	47	121	281	0	18054
15205	17976	48	74	186	0	18284
15206	403	38	63	17824	0	18328
15207	250	37	44	17897	0	18228
15208	165	41	18098	348	0	18652
15209	150	47	17524	182	0	17903
15210	17906	40	298	147	0	18391
15211	18546	43	143	105	0	18837
15212	360	18253	101	74	0	18788
15213	18402	214	79	59	0	18754
15214	18933	103	48	83	0	19167
15215	382	79	19677	56	0	20194
15216	198	20172	255	70	0	20695
15217	20561	252	160	69	0	21042
15218	20780	114	73	57	0	21024
15219	21174	69	52	54	0	21349
15220	460	56	36	20739	0	21291
15221	241	47	25	20893	0	21206
15222	133	20595	40	353	0	21121
15223	121	261	27	21169	0	21578
15224	21008	116	28	377	0	21529
15225	326	76	23	21185	0	21610
15226	169	61	20796	357	0	21383
15227	119	44	20350	177	0	20690
15228	121	32	370	20641	0	21164
15229	61	33	21040	340	0	21474
15230	72	31	20676	174	0	20953
15231	107	23	416	20713	0	21259
15232	89	39	186	21352	0	21666
15233	55	20	21391	426	0	21892
15234	53	22	21217	216	0	21508
15235	59	21518	417	122	0	22116
15236	21713	283	202	119	0	22317
15237	319	22133	119	91	0	22662
15238	22242	330	87	88	0	22747
15239	22535	154	72	89	0	22850
15240	443	22457	56	68	0	23024
15241	22707	347	51	62	0	23167
15242	432	151	53	22448	0	23084
15243	209	94	22680	325	0	23308
15244	166	68	320	22392	0	22946
15245	126	43	139	23110	0	23418
15246	22180	52	90	500	0	22822
15247	22514	32	74	239	0	22859
15248	22622	39	53	153	0	22867
15249	22635	30	47	123	0	22835
15250	21896	33	34	103	0	22066
15251	559	20972	50	83	0	21664
15252	273	288	52	21655	0	22268
15253	169	129	21866	348	0	22512
15254	167	77	341	21952	0	22537
15255	125	62	146	22193	0	22526
15256	108	38	93	23253	0	23492
15257	23894	35	86	562	0	24577
15258	458	32	65	24010	0	24565
15259	24484	33	64	583	0	25164
15260	551	54	24910	255	0	25770
15261	304	23	472	28509	0	29308
15262	156	32	29607	685	0	30480
15263	29628	28	661	295	0	30612
15264	690	50	246	30069	0	31055
15265	292	41	30311	709	0	31353
15266	232	29	667	30551	0	31479
15267	30764	35	254	812	0	31865
15268	697	41	30450	348	0	31536
15269	30817	27	657	262	0	31763
15270	31793	30	264	227	0	32314
15271	31583	28	185	199	0	31995
15272	31335	23	138	178	0	31674
15273	961	30156	128	150	0	31395
15274	399	29191	118	147	0	29855
15275	297	28538	140	113	0	29088
15276	301	1001	153	26187	0	27642
15277	162	26801	93	489	0	27545
15278	26345	509	96	192	0	27142
15279	537	25580	93	125	0	26335
15280	215	26307	71	117	0	26710
15281	171	592	99	26162	0	27024
15282	180	203	88	26682	0	27153
15283	26241	146	55	670	0	27112
15284	619	83	71	26310	0	27083
15285	231	97	25693	581	0	26602
15286	222	113	24396	235	0	24966
15287	187	81	25308	171	0	25747
15288	204	66	597	25119	0	25986
15289	228	50	196	26670	0	27144
15290	200	75	25861	676	0	26812
15291	192	79	25387	235	0	25893
15292	131	127	26244	143	0	26645
15293	26357	115	690	161	0	27323
15294	593	118	262	26699	0	27672
15295	259	97	151	27223	0	27730
15296	26844	100	130	753	0	27827
15297	608	98	116	26795	0	27617
15298	248	26361	135	665	0	27409
15299	182	27577	112	310	0	28181
15300	181	594	105	27601	0	28481
15301	27491	196	87	757	0	28531
15302	27753	107	98	363	0	28321
15303	27977	85	132	279	0	28473
15304	740	90	140	27572	0	28542
15305	323	84	27040	650	0	28097
15306	248	73	601	27149	0	28071
15307	189	75	26997	705	0	27966
15308	26235	40	656	371	0	27302
15309	684	54	294	26505	0	27537
15310	25892	42	223	727	0	26884
15311	655	53	26111	354	0	27173
15312	25074	61	616	333	0	26084
15313	711	52	26516	254	0	27533
15314	376	25138	595	246	0	26355
15315	281	25307	246	230	0	26064
15316	24698	616	189	207	0	25710
15317	688	236	126	24516	0	25566
15318	360	164	24556	555	0	25635
15319	261	23969	510	273	0	25013
15320	222	25038	215	189	0	25664
15321	241	657	137	24786	0	25821
15322	24858	261	135	620	0	25874
15323	25009	161	123	337	0	25630
15324	677	24734	155	253	0	25819
15325	24991	543	129	234	0	25897
15326	660	232	151	24849	0	25892
15327	318	182	24602	630	0	25732
15328	273	24707	555	313	0	25848
15329	288	524	255	24879	0	25946
15330	214	221	205	25137	0	25777
15331	24712	142	183	723	0	25760
15332	645	136	24296	331	0	25408
15333	24230	120	582	240	0	25172
15334	24686	126	264	242	0	25318
15335	737	126	205	24164	0	25232
15336	372	128	144	24597	0	25241
15337	23786	141	129	745	0	24801
15338	653	141	143	23941	0	24878
15339	334	131	23486	659	0	24610
15340	249	147	23171	300	0	23867
15341	208	22827	609	246	0	23890
15342	228	24275	221	249	0	24973
15343	246	610	145	23133	0	24134
15344	210	23224	101	609	0	24144
15345	23579	585	132	345	0	24641
15346	563	23795	134	270	0	24762
15347	270	590	117	23908	0	24885
15348	212	279	120	24371	0	24982
15349	162	186	23840	765	0	24953
15350	240	125	534	23866	0	24765
15351	254	89	225	24406	0	24974
15352	193	24246	204	734	0	25377
15353	207	487	171	24450	0	25315
15354	215	197	148	24956	0	25516
15355	194	149	24134	820	0	25297
15356	141	23591	585	434	0	24751
15357	182	1557	195	21033	0	22967
15358	131	22217	139	489	0	22976
15359	125	464	21357	269	0	22215
15360	87	20639	426	217	0	21369
15361	16521	484	344	235	0	17584
15362	16000	99	71	63	0	16233
15363	15937	62	32	58	0	16089
15364	274	15753	30	55	0	16112
15365	15622	219	24	53	0	15918
15366	249	92	31	15399	0	15771
15367	15122	64	31	238	0	15455
15368	231	14877	27	107	0	15242
15369	14857	219	28	99	0	15203
15370	15221	85	34	97	0	15437
15371	292	15437	22	64	0	15815
15372	127	255	15538	45	0	15965
15373	94	134	231	16494	0	16953
15374	60	82	17443	296	0	17881
15375	75	57	319	18095	0	18546
15376	79	47	121	19072	0	19319
15377	55	56	19218	475	0	19804
15378	59	45	367	19520	0	19991
15379	19598	47	142	485	0	20272
15380	398	39	19561	178	0	20176
15381	139	19553	389	134	0	20215
15382	140	372	135	19272	0	19919
15383	97	124	87	19959	0	20267
15384	65	88	19573	515	0	20241
15385	90	63	382	18952	0	19487
15386	60	19299	137	449	0	19945
15387	18876	388	90	210	0	19564
15388	359	18893	61	128	0	19441
15389	17994	391	42	101	0	18528
15390	383	17959	53	82	0	18477
15391	116	18571	52	88	0	18827
15392	104	428	17791	72	0	18395
15393	96	217	394	17691	0	18398
15394	82	112	121	17582	0	17897
15395	66	66	81	18166	0	18379
15396	40	18536	54	514	0	19144
15397	63	416	52	18795	0	19326
15398	18758	129	48	532	0	19467
15399	446	117	64	18817	0	19444
15400	18725	70	59	571	0	19425
15401	508	62	18600	240	0	19410
15402	18861	64	437	193	0	19555
15403	529	65	150	18861	0	19605
15404	213	69	103	19804	0	20189
15405	19795	62	70	644	0	20571
15406	510	72	19783	270	0	20635
15407	173	19706	462	208	0	20549
15408	164	477	150	20123	0	20914
15409	20027	178	121	551	0	20877
15410	20429	123	70	262	0	20884
15411	616	114	51	20177	0	20958
15412	265	83	19871	562	0	20781
15413	19311	114	476	242	0	20143
15414	545	79	19473	209	0	20306
15415	250	112	517	19416	0	20295
15416	170	80	19499	563	0	20312
15417	129	106	505	19330	0	20070
15418	124	62	18971	615	0	19772
15419	109	18790	507	312	0	19718
15420	147	444	203	17606	0	18400
15421	118	18831	157	469	0	19575
15422	18937	496	102	240	0	19775
15423	19294	174	77	192	0	19737
15424	597	122	18624	162	0	19505
15425	315	99	436	18614	0	19464
15426	18880	75	187	549	0	19691
15427	551	77	141	18789	0	19558
15428	253	74	108	18935	0	19370
15429	197	60	18241	662	0	19160
15430	17747	64	487	323	0	18621
15431	546	46	18373	250	0	19215
15432	254	61	531	18312	0	19158
15433	181	61	18407	572	0	19221
15434	18216	56	531	291	0	19094
15435	18503	55	265	246	0	19069
15436	18504	75	197	196	0	18972
15437	657	72	159	18156	0	19044
15438	327	59	17815	557	0	18758
15439	233	83	18080	265	0	18661
15440	170	147	586	16921	0	17824
15441	139	17636	292	517	0	18584
15442	17317	422	186	281	0	18206
15443	525	164	160	17360	0	18209
15444	267	133	17243	561	0	18204
15445	234	97	483	17438	0	18252
15446	190	86	17780	595	0	18651
15447	196	92	548	18021	0	18857
15448	189	85	18137	619	0	19030
15449	195	67	18071	328	0	18661
15450	149	17733	617	261	0	18760
15451	191	401	17799	222	0	18613
15452	185	155	17868	220	0	18428
15453	235	160	586	15271	0	16252
15454	166	67	306	16613	0	17152
15455	183	16909	208	535	0	17835
15456	16986	368	204	270	0	17828
15457	483	16916	157	245	0	17801
15458	254	416	188	16904	0	17762
15459	17031	157	151	526	0	17865
15460	515	90	184	16951	0	17740
15461	16984	82	162	574	0	17802
15462	527	55	173	17266	0	18021
15463	254	89	17244	591	0	18178
15464	193	66	490	17443	0	18192
15465	183	69	229	17860	0	18341
15466	17475	74	205	654	0	18408
15467	17570	73	193	338	0	18174
15468	17399	51	190	263	0	17903
15469	583	16546	206	235	0	17570
15470	239	16773	179	205	0	17396
15471	16652	375	191	214	0	17432
15472	461	150	16695	185	0	17491
15473	184	115	16032	174	0	16505
15474	238	587	472	14312	0	15609
15475	96	73	14598	339	0	15106
15476	108	47	13817	173	0	14145
15477	13019	79	417	148	0	13663
15478	13361	32	171	120	0	13684
15479	325	13154	127	96	0	13702
15480	168	13537	89	113	0	13907
15481	116	279	108	12300	0	12803
15482	93	13431	79	252	0	13855
15483	13702	244	88	140	0	14174
15484	299	95	83	13361	0	13838
15485	140	13697	71	289	0	14197
15486	14091	252	69	129	0	14541
15487	289	108	14093	113	0	14603
15488	144	73	13848	91	0	14156
15489	13812	57	334	100	0	14303
15490	305	51	13762	97	0	14215
15491	13471	39	252	101	0	13863
15492	296	48	144	13734	0	14222
15493	134	29	13736	280	0	14179
15494	81	13451	272	114	0	13918
15495	91	13678	112	106	0	13987
15496	12674	205	86	58	0	13023
15497	189	12834	60	46	0	13129
15498	12377	155	49	54	0	12635
15499	12413	43	58	36	0	12550
15500	187	12277	42	39	0	12545
15501	60	170	47	12224	0	12501
15502	49	42	12378	160	0	12629
15503	43	12940	174	49	0	13206
15504	55	391	64	12865	0	13375
15505	43	45	48	13746	0	13882
15506	13378	21	17	236	0	13652
15507	200	16	20	13333	0	13569
15508	49	14	13222	218	0	13503
15509	26	13217	190	56	0	13489
15510	39	189	46	13395	0	13669
15511	13463	52	34	223	0	13772
15512	13857	20	21	76	0	13974
15513	250	20	11	13842	0	14123
15514	14204	17	18	234	0	14473
15515	264	23	14247	57	0	14591
15516	86	28	236	14256	0	14606
15517	45	23	14539	254	0	14861
15518	67	15	249	15569	0	15900
15519	53	16	82	15740	0	15891
15520	54	18	34	15961	0	16067
15521	59	14	38	15933	0	16044
15522	48	18	28	15931	0	16025
15523	15665	18	27	462	0	16172
15524	15949	18	28	172	0	16167
15525	370	15760	26	124	0	16280
15526	16061	312	30	101	0	16504
15527	374	85	21	16100	0	16580
15528	142	40	19	16465	0	16666
15529	117	37	24	16416	0	16594
15530	88	24	16342	464	0	16918
15531	102	26	327	15770	0	16225
15532	70	16208	83	379	0	16740
15533	16300	322	59	175	0	16856
15534	16388	82	45	140	0	16655
15535	410	47	16005	113	0	16575
15536	129	16056	335	150	0	16670
15537	94	330	88	16194	0	16706
15538	79	94	16290	422	0	16885
15539	96	60	343	15477	0	15976
15540	80	15983	100	417	0	16580
15541	15721	350	66	173	0	16310
15542	392	15884	51	131	0	16458
15543	143	372	15901	96	0	16512
15544	112	125	15935	86	0	16258
15545	75	15459	397	113	0	16044
15546	72	15615	125	126	0	15938
15547	15167	390	86	127	0	15770
15548	15297	131	55	137	0	15620
15549	411	87	63	15144	0	15705
15550	145	77	15072	394	0	15688
15551	117	70	339	15054	0	15580
15552	112	67	109	15266	0	15554
15553	14956	54	73	478	0	15561
15554	14935	73	59	201	0	15268
15555	456	62	59	15438	0	16015
15556	169	54	15529	429	0	16181
15557	108	15637	363	193	0	16301
15558	15702	384	129	149	0	16364
15559	423	16104	77	124	0	16728
15560	178	424	65	16600	0	17267
15561	139	161	62	17218	0	17580
15562	111	94	96	17107	0	17408
15563	101	84	92	16851	0	17128
15564	16337	106	64	606	0	17113
15565	469	89	52	16330	0	16940
15566	203	16053	43	506	0	16805
15567	163	368	54	16335	0	16920
15568	15865	137	63	562	0	16627
15569	423	15867	60	287	0	16637
15570	181	394	67	16007	0	16649
15571	134	127	15605	524	0	16390
15572	15449	107	379	253	0	16188
15573	476	93	114	15636	0	16319
15574	185	75	15302	517	0	16079
15575	144	100	15189	209	0	15642
15576	174	145	461	15081	0	15861
15577	15054	92	191	488	0	15825
15578	15188	88	122	240	0	15638
15579	472	15352	69	243	0	16136
15580	15239	357	72	223	0	15891
15581	15532	127	49	209	0	15917
15582	15450	67	66	211	0	15794
15583	15343	65	71	196	0	15675
15584	548	64	61	14952	0	15625
15585	240	82	54	15144	0	15520
15586	205	82	14279	516	0	15082
15587	167	13688	341	262	0	14458
15588	123	14234	117	210	0	14684
15589	142	406	14052	173	0	14773
15590	13869	144	354	175	0	14542
15591	396	88	153	14068	0	14705
15592	14123	77	99	458	0	14757
15593	14186	67	88	227	0	14568
15594	484	93	13721	169	0	14467
15595	247	72	352	13821	0	14492
15596	13989	51	123	440	0	14603
15597	457	79	87	13839	0	14462
15598	208	93	13748	434	0	14483
15599	192	429	339	13075	0	14035
15600	169	13784	142	384	0	14479
15601	160	14214	98	178	0	14650
15602	139	379	13544	153	0	14215
15603	104	13034	330	132	0	13600
15604	12220	361	182	184	0	12947
15605	12020	90	87	102	0	12299
15606	329	59	69	11832	0	12289
15607	151	46	55	11963	0	12215
15608	114	56	49	12101	0	12320
15609	11747	41	35	357	0	12180
15610	309	11729	33	143	0	12214
15611	11676	238	31	110	0	12055
15612	11559	84	39	86	0	11768
15613	331	11401	43	82	0	11857
15614	10896	194	32	81	0	11203
15615	258	10889	32	72	0	11251
15616	11007	213	30	98	0	11348
15617	259	71	10736	86	0	11152
15618	9460	95	216	46	0	9817
15619	168	9596	44	31	0	9839
15620	112	132	99	9610	0	9953
15621	57	39	12	10033	0	10141
15622	55	33	7	10090	0	10185
15623	10233	15	13	219	0	10480
15624	161	28	16	10398	0	10603
15625	80	21	10110	190	0	10401
15626	9921	29	136	102	0	10188
15627	162	38	10004	61	0	10265
15628	75	43	158	10029	0	10305
15629	58	34	10112	165	0	10369
15630	43	70	150	9771	0	10034
15631	34	9940	68	174	0	10216
15632	45	136	48	9827	0	10056
15633	44	9866	29	172	0	10111
15634	54	137	27	10034	0	10252
15635	9988	55	38	190	0	10271
15636	167	44	24	10257	0	10492
15637	10282	21	26	208	0	10537
15638	196	23	9817	73	0	10109
15639	10005	37	136	74	0	10252
15640	10169	28	44	67	0	10308
15641	10199	24	41	42	0	10306
15642	230	26	21	10119	0	10396
15643	9957	21	23	165	0	10166
15644	204	36	9603	69	0	9912
15645	9707	27	146	83	0	9963
15646	201	21	9618	61	0	9901
15647	9740	19	159	50	0	9968
15648	210	27	54	9853	0	10144
15649	108	32	9949	156	0	10245
15650	94	16	159	9907	0	10176
15651	95	23	57	10109	0	10284
15652	74	16	9996	197	0	10283
15653	9507	12	152	126	0	9797
15654	169	10134	63	92	0	10458
15655	9858	123	61	57	0	10099
15656	153	9672	36	48	0	9909
15657	9487	113	23	61	0	9684
15658	132	32	9296	47	0	9507
15659	8532	94	183	63	0	8872
15660	119	8534	35	45	0	8733
15661	71	62	42	8484	0	8659
15662	47	26	14	8738	0	8825
15663	38	17	14	8774	0	8843
15664	30	12	8855	107	0	9004
15665	49	9	89	8835	0	8982
15666	37	17	9278	99	0	9431
15667	9605	15	100	48	0	9768
15668	10220	11	33	56	0	10320
15669	159	13	28	10416	0	10616
15670	61	14	10527	138	0	10740
15671	10481	9	140	78	0	10708
15672	158	19	12547	45	0	12769
15673	73	12	202	12518	0	12805
15674	52	11	56	13084	0	13203
15675	46	11	26	13476	0	13559
15676	40	9	30	13623	0	13702
15677	13163	14	26	310	0	13513
15678	235	13212	34	100	0	13581
15679	80	208	12766	58	0	13112
15680	64	12877	214	47	0	13202
15681	12990	229	59	48	0	13326
15682	243	56	42	12959	0	13300
15683	13096	29	38	257	0	13420
15684	273	19	21	13167	0	13480
15685	86	18	40	13246	0	13390
15686	53	17	25	13377	0	13472
15687	47	22	12980	315	0	13364
15688	38	12861	206	151	0	13256
15689	54	204	13187	79	0	13524
15690	51	60	234	13271	0	13616
15691	13420	41	71	282	0	13814
15692	13410	22	49	132	0	13613
15693	13581	27	37	95	0	13740
15694	291	13379	38	78	0	13786
15695	13771	217	42	94	0	14124
15696	275	60	28	13747	0	14110
15697	102	40	35	13966	0	14143
15698	89	27	27	13924	0	14067
15699	69	13755	31	312	0	14167
15700	70	222	43	13277	0	13612
15701	75	13558	36	260	0	13929
15702	13550	229	45	141	0	13965
15703	13756	71	21	111	0	13959
15704	316	44	32	13743	0	14135
15705	124	41	13468	274	0	13907
15706	13451	38	213	138	0	13840
15707	275	38	68	13811	0	14192
15708	119	36	13652	282	0	14089
15709	13330	42	216	157	0	13745
15710	273	33	66	13782	0	14154
15711	13699	39	41	314	0	14093
15712	270	13486	52	123	0	13931
15713	131	232	25	13406	0	13794
15714	96	13719	45	263	0	14123
15715	86	288	46	13837	0	14257
15716	87	13867	37	275	0	14266
15717	90	239	37	14096	0	14462
15718	83	80	13827	273	0	14263
15719	11929	57	207	195	0	12388
15720	232	13674	76	127	0	14109
15721	103	195	13319	71	0	13688
15722	13137	65	204	98	0	13504
15723	240	46	61	13563	0	13910
15724	97	39	13418	231	0	13785
15725	69	13461	190	110	0	13830
15726	80	171	67	13763	0	14081
15727	50	83	13868	221	0	14222
15728	74	45	179	13896	0	14194
15729	58	54	63	14225	0	14400
15730	54	37	14382	298	0	14771
15731	70	51	199	14463	0	14783
15732	60	56	14783	268	0	15167
15733	63	38	215	14841	0	15157
15734	63	53	15392	277	0	15785
15735	80	44	218	15490	0	15832
15736	77	36	83	15563	0	15759
15737	68	46	65	15426	0	15605
15738	59	15249	58	315	0	15681
15739	15400	200	56	160	0	15816
15740	15606	61	48	147	0	15862
15741	267	41	54	15695	0	16057
15742	15796	42	48	312	0	16198
15743	250	41	15708	153	0	16152
15744	89	15858	213	141	0	16301
15745	16034	212	87	134	0	16467
15746	214	16164	70	118	0	16566
15747	95	216	51	16443	0	16805
15748	73	81	43	16650	0	16847
15749	16161	59	48	303	0	16571
15750	252	60	31	16193	0	16536
15751	104	48	16063	279	0	16494
15752	96	15952	193	132	0	16373
15753	16165	211	61	126	0	16563
15754	237	65	61	15994	0	16357
15755	102	16154	44	262	0	16562
15756	78	213	48	16179	0	16518
15757	78	16412	54	241	0	16785
15758	16517	236	45	143	0	16941
15759	16517	89	49	128	0	16783
15760	295	58	16206	80	0	16639
15761	115	59	15906	109	0	16189
15762	86	42	230	16073	0	16431
15763	68	16262	87	255	0	16672
15764	77	194	56	16586	0	16913
15765	16419	60	48	296	0	16823
15766	209	49	15955	119	0	16332
15767	90	83	170	15290	0	15633
15768	63	32	15215	192	0	15502
15769	73	45	14529	96	0	14743
15770	48	15242	180	67	0	15537
15771	188	423	124	14409	0	15144
15772	13296	46	45	122	0	13509
15773	73	14	13257	25	0	13369
15774	26	12928	61	19	0	13034
15775	12877	39	25	33	0	12974
15776	48	15	9	12941	0	13013
15777	13249	7	8	96	0	13360
15778	13222	8	5	71	0	13306
15779	13372	5	3	43	0	13423
15780	74	4	13894	9	0	13981
15781	13401	8	50	43	0	13502
15782	14095	3	19	33	0	14150
15783	59	14305	12	17	0	14393
15784	37	80	11	14524	0	14652
15785	34	17	6	14448	0	14505
15786	18	11	4	14679	0	14712
15787	14682	10	8	96	0	14796
15788	14263	5	6	60	0	14334
15789	91	5	14365	23	0	14484
15790	44	8	56	14325	0	14433
15791	21	14183	28	75	0	14307
15792	14437	66	14	58	0	14575
15793	78	23	14351	17	0	14469
15794	53	14	68	14103	0	14238
15795	35	11	21	14258	0	14325
15796	22	14140	23	83	0	14268
15797	27	70	16	14417	0	14530
15798	41	30	9	13843	0	13923
15799	18	14	5	14435	0	14472
15800	14336	13	12	135	0	14496
15801	86	5	14	14229	0	14334
15802	50	6	10	14227	0	14293
15803	14360	11	8	146	0	14525
15804	93	12	11	14441	0	14557
15805	42	15678	12	105	0	15837
15806	16384	133	4	84	0	16605
15807	16996	64	5	73	0	17138
15808	17536	32	10	69	0	17647
15809	19017	17	8	76	0	19118
15810	390	20288	10	51	0	20739
15811	22682	321	12	53	0	23068
15812	23233	105	7	52	0	23397
15813	609	59	11	22859	0	23538
15814	208	55	22506	448	0	23217
15815	201	22	416	22492	0	23131
15816	134	16	103	22782	0	23035
15817	101	26	50	22590	0	22767
15818	104	21	51	22634	0	22810
15819	96	22	22	22777	0	22917
15820	21965	12	16	729	0	22722
15821	483	16	27	22216	0	22742
15822	161	27	22161	606	0	22955
15823	149	24	432	21871	0	22476
15824	92	21869	130	558	0	22649
15825	85	440	72	22146	0	22743
15826	55	127	22056	555	0	22793
15827	20344	63	460	276	0	21143
15828	21568	55	142	198	0	21963
15829	594	30	21938	125	0	22687
15830	213	21665	463	101	0	22442
15831	22035	446	152	124	0	22757
15832	22253	146	78	110	0	22587
15833	22316	74	74	113	0	22577
15834	21926	54	42	73	0	22095
15835	775	36	31	21201	0	22043
15836	343	47	21235	488	0	22113
15837	248	47	447	21454	0	22196
15838	218	40	153	22183	0	22594
15839	152	36	21740	675	0	22603
15840	139	42	21647	270	0	22098
15841	21202	28	584	251	0	22065
15842	568	21560	220	208	0	22556
15843	276	460	162	21731	0	22629
15844	175	152	21363	614	0	22304
15845	20732	85	513	358	0	21688
15846	576	74	21282	244	0	22176
15847	20875	44	547	274	0	21740
15848	628	21154	239	217	0	22238
15849	318	473	124	21361	0	22276
15850	209	169	21089	635	0	22102
15851	20419	114	538	333	0	21404
15852	610	20867	239	211	0	21927
15853	267	21850	175	190	0	22482
15854	246	628	147	21584	0	22605
15855	214	250	111	22446	0	23021
15856	22705	182	101	784	0	23772
15857	701	22554	106	372	0	23733
15858	370	580	113	23085	0	24148
15859	22867	207	107	775	0	23956
15860	23752	160	99	362	0	24373
15861	24189	166	108	321	0	24784
15862	986	88	24143	289	0	25506
15863	538	74	24674	249	0	25535
15864	25883	71	791	298	0	27043
15865	915	25826	335	285	0	27361
15866	362	26454	253	301	0	27370
15867	362	844	194	25348	0	26748
15868	265	26044	178	867	0	27354
15869	26157	841	193	413	0	27604
15870	922	328	187	26042	0	27479
15871	415	251	25756	909	0	27331
15872	25888	189	785	430	0	27292
15873	26651	179	324	345	0	27499
15874	1149	162	253	26020	0	27584
15875	600	129	220	26550	0	27499
15876	468	151	222	26649	0	27490
15877	424	155	192	26456	0	27227
15878	345	154	24897	1211	0	26607
15879	340	24830	779	568	0	26517
15880	381	801	313	23298	0	24793
15881	293	24659	253	934	0	26139
15882	332	888	209	23185	0	24614
15883	282	24149	179	966	0	25576
15884	24065	878	169	572	0	25684
15885	24345	365	193	457	0	25360
15886	1073	23970	202	379	0	25624
15887	24178	851	206	330	0	25565
15888	1154	327	161	24004	0	25646
15889	23773	325	185	967	0	25250
15890	1067	23722	171	458	0	25418
15891	23974	843	207	354	0	25378
15892	24547	379	218	268	0	25412
15893	1248	300	202	23585	0	25335
15894	618	319	23405	890	0	25232
15895	461	23320	807	429	0	25017
15896	443	850	315	23686	0	25294
15897	23689	445	258	973	0	25365
15898	1016	361	23254	452	0	25083
15899	543	256	776	23258	0	24833
15900	466	270	315	24001	0	25052
15901	23629	198	244	1153	0	25224
15902	24009	209	233	589	0	25040
15903	23739	225	194	507	0	24665
15904	1195	22775	178	438	0	24586
15905	21812	743	131	363	0	23049
15906	983	257	20511	392	0	22143
15907	428	225	20000	364	0	21017
15908	413	243	19776	291	0	20723
15909	510	1058	939	16762	0	19269
15910	250	143	16500	584	0	17477
15911	14320	116	390	207	0	15033
15912	442	96	144	14468	0	15150
15913	236	99	14581	432	0	15348
15914	14957	107	361	230	0	15655
15915	488	89	139	15073	0	15789
15916	275	96	127	15435	0	15933
15917	15435	99	106	496	0	16136
15918	473	111	108	15778	0	16470
15919	234	116	15847	466	0	16663
15920	218	88	401	16027	0	16734
15921	201	86	16280	468	0	17035
15922	200	82	431	16068	0	16781
15923	15903	73	162	535	0	16673
15924	494	15405	132	251	0	16282
15925	252	16068	101	219	0	16640
15926	231	402	98	15897	0	16628
15927	209	147	113	16011	0	16480
15928	174	15468	101	527	0	16270
15929	177	15455	101	279	0	16012
15930	165	418	114	15216	0	15913
15931	171	155	117	15402	0	15845
15932	14870	116	127	545	0	15658
15933	407	14610	112	293	0	15422
15934	187	14627	121	210	0	15145
15935	163	15156	106	201	0	15626
15936	14495	426	113	205	0	15239
15937	417	182	14350	165	0	15114
15938	14177	147	387	172	0	14883
15939	421	117	126	14272	0	14936
15940	210	13538	116	432	0	14296
15941	176	14446	83	206	0	14911
15942	14304	406	85	181	0	14976
15943	415	177	111	13954	0	14657
15944	179	15092	94	438	0	15803
15945	15363	362	128	237	0	16090
15946	15708	148	96	181	0	16133
15947	475	132	15284	158	0	16049
15948	15370	147	339	171	0	16027
15949	15812	112	128	166	0	16218
15950	523	94	102	15302	0	16021
15951	219	14875	101	439	0	15634
15952	185	15340	72	229	0	15826
15953	191	467	64	14999	0	15721
15954	14585	172	70	446	0	15273
15955	409	141	13629	200	0	14379
15956	217	79	13391	131	0	13818
15957	245	97	13080	128	0	13550
15958	279	95	13226	101	0	13701
15959	100	13242	335	101	0	13778
15960	118	13236	181	100	0	13635
15961	212	326	12248	93	0	12879
15962	149	155	11858	93	0	12255
15963	49	10735	249	60	0	11093
15964	83	128	105	10038	0	10354
15965	11	44	10601	103	0	10759
15966	30	28	111	10346	0	10515
15967	14	21	44	10966	0	11045
15968	21	14	26	11160	0	11221
15969	21	11	21	11590	0	11643
15970	9	13	11423	192	0	11637
15971	24	10	144	11114	0	11292
15972	11344	11	47	183	0	11585
15973	140	14	11146	66	0	11366
15974	11367	7	145	48	0	11567
15975	167	9	58	11695	0	11929
15976	51	9	11786	154	0	12000
15977	11781	7	155	74	0	12017
15978	177	9	57	12004	0	12247
15979	12104	6	33	182	0	12325
15980	188	12	23	11915	0	12138
15981	52	11885	30	178	0	12145
15982	32	139	12300	71	0	12542
15983	50	42	154	12441	0	12687
15984	12548	18	56	195	0	12817
15985	12658	21	38	74	0	12791
15986	12687	16	20	64	0	12787
15987	12594	23	27	52	0	12696
15988	12460	18	35	56	0	12569
15989	206	12407	23	50	0	12686
15990	12582	160	26	45	0	12813
15991	187	60	12334	39	0	12620
15992	12410	29	149	39	0	12627
15993	203	28	51	12028	0	12310
15994	87	32	12385	145	0	12649
15995	63	34	12221	56	0	12374
15996	59	25	195	12333	0	12612
15997	12494	33	76	182	0	12785
15998	198	12339	44	75	0	12656
15999	12419	153	41	69	0	12682
16000	188	12492	39	51	0	12770
16001	97	175	30	12906	0	13208
16002	71	74	30	13106	0	13281
16003	13075	46	41	234	0	13396
16004	212	36	26	13130	0	13404
16005	117	22	13028	214	0	13381
16006	13076	39	177	93	0	13385
16007	210	25	69	13360	0	13664
16008	111	18	42	13379	0	13550
16009	70	23	13160	235	0	13488
16010	12400	33	175	138	0	12746
16011	13256	22	74	69	0	13421
16012	232	13183	46	57	0	13518
16013	82	154	12998	65	0	13299
16014	70	66	12693	46	0	12875
16015	85	94	203	12620	0	13002
16016	62	76	83	12454	0	12675
16017	60	12641	57	182	0	12940
16018	44	144	12311	78	0	12577
16019	58	51	161	11971	0	12241
16020	39	33	12335	153	0	12560
16021	39	31	156	11891	0	12117
16022	40	12133	77	164	0	12414
16023	47	139	51	12433	0	12670
16024	47	47	48	12461	0	12603
16025	32	37	52	12345	0	12466
16026	12223	20	45	226	0	12514
16027	157	33	12088	109	0	12387
16028	68	12537	153	68	0	12826
16029	55	162	64	13181	0	13462
16030	13492	68	46	211	0	13817
16031	202	35	36	13791	0	14064
16032	13828	22	37	251	0	14138
16033	225	25	13969	121	0	14340
16034	14139	25	197	75	0	14436
16035	261	13	80	14582	0	14936
16036	117	25	14581	237	0	14960
16037	72	14484	212	123	0	14891
16038	89	192	88	14434	0	14803
16039	74	68	62	14715	0	14919
16040	14448	36	44	284	0	14812
16041	215	14215	44	132	0	14606
16042	105	13976	42	75	0	14198
16043	65	14377	44	73	0	14559
16044	13417	232	54	72	0	13775
16045	205	13416	33	59	0	13713
16046	132	196	34	13318	0	13680
16047	79	88	26	13458	0	13651
16048	13328	51	33	250	0	13662
16049	191	13200	32	103	0	13526
16050	97	182	24	13474	0	13777
16051	13672	70	22	241	0	14005
16052	13673	37	30	107	0	13847
16053	13626	40	28	82	0	13776
16054	256	13454	28	67	0	13805
16055	13295	169	13	69	0	13546
16056	212	86	20	13193	0	13511
16057	93	12814	29	170	0	13106
16058	61	13244	21	71	0	13397
16059	105	192	21	13117	0	13435
16060	12967	66	34	209	0	13276
16061	13158	40	21	97	0	13316
16062	203	40	12	12859	0	13114
16063	75	12687	26	179	0	12967
16064	12784	153	19	86	0	13042
16065	177	62	12384	49	0	12672
16066	82	38	11937	46	0	12103
16067	11855	40	159	58	0	12112
16068	159	39	11836	33	0	12067
16069	73	32	112	11293	0	11510
16070	11455	14	50	135	0	11654
16071	131	12	23	11675	0	11841
16072	44	23	11631	122	0	11820
16073	35	11701	104	59	0	11899
16074	34	114	44	11918	0	12110
16075	34	40	11800	118	0	11992
16076	11328	40	116	60	0	11544
16077	125	19	34	11751	0	11929
16078	51	20	11735	118	0	11924
16079	41	14	112	11563	0	11730
16080	21	11451	50	126	0	11648
16081	23	112	19	11980	0	12134
16082	28	33	13	11847	0	11921
16083	29	21	12	11628	0	11690
16084	27	11558	16	157	0	11758
16085	11863	109	13	79	0	12064
16086	123	40	9	11981	0	12153
16087	52	25	11	12019	0	12107
16088	35	23	16	12178	0	12252
16089	15	23	12033	176	0	12247
16090	31	15	114	12110	0	12270
16091	12249	12	38	160	0	12459
16092	127	12284	23	78	0	12512
16093	62	145	15	12617	0	12839
16094	42	45	9	12720	0	12816
16095	12556	21	16	220	0	12813
16096	151	12599	16	85	0	12851
16097	12754	155	8	67	0	12984
16098	13095	50	16	53	0	13214
16099	206	34	17	12968	0	13225
16100	12936	23	7	195	0	13161
16101	180	12486	11	82	0	12759
16102	12658	152	20	68	0	12898
16103	190	55	9	12882	0	13136
16104	13683	34	7	187	0	13911
16105	14096	29	11	89	0	14225
16106	298	27	13353	60	0	13738
16107	14099	27	169	62	0	14357
16108	14563	25	41	54	0	14683
16109	15014	25	27	76	0	15142
16110	385	33	15664	44	0	16126
16111	128	15864	339	41	0	16372
16112	108	351	89	16069	0	16617
16113	15980	99	56	390	0	16525
16114	386	15772	28	112	0	16298
16115	15802	363	21	87	0	16273
16116	456	107	18	15948	0	16529
16117	162	69	15823	388	0	16442
16118	16292	34	345	125	0	16796
16119	448	40	108	16732	0	17328
16120	182	31	16702	390	0	17305
16121	16848	16	378	154	0	17396
16122	472	23	17157	74	0	17726
16123	214	34	445	17615	0	18308
16124	142	35	151	18639	0	18967
16125	18360	25	86	595	0	19066
16126	18597	24	46	247	0	18914
16127	606	18275	51	133	0	19065
16128	18356	425	54	103	0	18938
16129	547	141	17450	81	0	18219
16130	237	89	17413	72	0	17811
16131	17111	64	511	100	0	17786
16132	485	17202	186	65	0	17938
16133	16813	388	129	70	0	17400
16134	508	16718	90	50	0	17366
16135	16671	423	80	67	0	17241
16136	524	148	69	16369	0	17110
16137	234	101	16391	419	0	17145
16138	209	62	382	16502	0	17155
16139	180	53	148	17015	0	17396
16140	16749	59	103	557	0	17468
16141	498	47	16468	250	0	17263
16142	16361	28	438	185	0	17012
16143	511	16337	189	105	0	17142
16144	16630	406	116	110	0	17262
16145	566	160	76	16275	0	17077
16146	267	114	16165	433	0	16979
16147	231	83	425	16251	0	16990
16148	16359	74	168	508	0	17109
16149	517	74	120	16392	0	17103
16150	268	59	100	16308	0	16735
16151	196	15527	88	581	0	16392
16152	176	384	82	16080	0	16722
16153	164	152	15791	553	0	16660
16154	177	96	430	15924	0	16627
16155	146	68	191	16310	0	16715
16156	15824	65	107	641	0	16637
16157	518	76	91	15916	0	16601
16158	257	57	15583	580	0	16477
16159	191	15579	441	295	0	16506
16160	187	416	195	15859	0	16657
16161	205	158	123	16053	0	16539
16162	15780	114	103	625	0	16622
16163	521	15362	105	307	0	16295
16164	256	434	86	15796	0	16572
16165	15350	179	87	562	0	16178
16166	15899	123	83	289	0	16394
16167	631	93	88	15770	0	16582
16168	321	81	15735	579	0	16716
16169	15915	87	429	304	0	16735
16170	577	71	191	16461	0	17300
16171	16366	65	139	650	0	17220
16172	16628	69	120	329	0	17146
16173	666	15847	95	265	0	16873
16174	15905	430	91	234	0	16660
16175	627	15789	98	199	0	16713
16176	348	478	103	15884	0	16813
16177	282	203	87	16019	0	16591
16178	204	15756	104	623	0	16687
16179	16052	438	92	343	0	16925
16180	16093	206	91	275	0	16665
16181	663	151	15354	217	0	16385
16182	344	120	15308	222	0	15994
16183	280	102	514	15508	0	16404
16184	15599	82	228	597	0	16506
16185	578	78	160	15602	0	16418
16186	317	77	122	16026	0	16542
16187	218	70	15621	722	0	16631
16188	220	81	15626	365	0	16292
16189	203	94	15867	283	0	16447
16190	15306	87	619	277	0	16289
16191	15686	88	277	216	0	16267
16192	632	14961	183	193	0	15969
16193	318	15339	144	197	0	15998
16194	252	499	115	15280	0	16146
16195	209	225	15181	540	0	16155
16196	14987	145	439	316	0	15887
16197	535	125	15525	230	0	16415
16198	278	100	459	15347	0	16184
16199	201	75	211	15854	0	16341
16200	194	64	160	15958	0	16376
16201	167	62	136	16204	0	16569
16202	15745	55	124	711	0	16635
16203	549	77	97	15760	0	16483
16204	254	47	15020	560	0	15881
16205	14306	45	373	344	0	15068
16206	464	52	14650	225	0	15391
16207	235	59	14466	172	0	14932
16208	175	14227	480	170	0	15052
16209	304	282	417	12645	0	13648
16210	12608	91	179	290	0	13168
16211	271	56	79	12673	0	13079
16212	138	44	12538	302	0	13022
16213	105	37	226	12731	0	13099
16214	12595	34	107	313	0	13049
16215	234	12621	63	194	0	13112
16216	12488	184	73	127	0	12872
16217	262	12345	54	117	0	12778
16218	12229	212	71	120	0	12632
16219	263	11961	34	73	0	12331
16220	125	12011	40	68	0	12244
16221	91	225	11597	43	0	11956
16222	75	11411	188	49	0	11723
16223	10408	157	106	43	0	10714
16224	137	46	26	10257	0	10466
16225	10328	27	11	116	0	10482
16226	119	10509	15	43	0	10686
16227	10442	115	15	46	0	10618
16228	139	37	10512	23	0	10711
16229	52	28	115	10441	0	10636
16230	44	10719	40	114	0	10917
16231	40	127	30	11098	0	11295
16232	28	36	20	11253	0	11337
16233	12225	28	20	202	0	12475
16234	198	12393	17	83	0	12691
16235	12685	193	20	53	0	12951
16236	246	83	12783	35	0	13147
16237	113	52	12473	19	0	12657
16238	62	12614	265	35	0	12976
16239	61	209	114	12711	0	13095
16240	42	80	12852	209	0	13183
16241	47	53	244	12439	0	12783
16242	33	46	99	13197	0	13375
16243	34	41	12722	318	0	13115
16244	37	33	12756	146	0	12972
16245	35	27	13227	78	0	13367
16246	43	19	13264	74	0	13400
16247	36	13547	327	78	0	13988
16248	48	227	151	13576	0	14002
16249	42	95	97	13984	0	14218
16250	28	59	13755	302	0	14144
16251	33	47	253	13655	0	13988
16252	26	44	14283	298	0	14651
16253	45	29	265	14175	0	14514
16254	43	23	134	14268	0	14468
16255	22	14190	95	323	0	14630
16256	37	232	73	14430	0	14772
16257	37	92	63	14446	0	14638
16258	45	57	46	14504	0	14652
16259	24	52	14055	371	0	14502
16260	26	14027	238	180	0	14471
16261	14060	236	107	140	0	14543
16262	14173	92	73	117	0	14455
16263	310	57	57	14047	0	14471
16264	137	77	49	13919	0	14182
16265	84	14042	43	320	0	14489
16266	14036	234	44	170	0	14484
16267	244	14197	40	116	0	14597
16268	13909	246	39	113	0	14307
16269	256	119	13621	70	0	14066
16270	13185	76	228	83	0	13572
16271	249	13522	102	68	0	13941
16272	130	215	73	13702	0	14120
16273	89	96	67	13720	0	13972
16274	53	13646	46	296	0	14041
16275	13729	230	37	156	0	14152
16276	228	111	38	14027	0	14404
16277	105	62	37	14377	0	14581
16278	14304	66	43	348	0	14761
16279	14650	44	33	166	0	14893
16280	320	58	14442	110	0	14930
16281	14684	37	227	128	0	15076
16282	315	40	110	14845	0	15310
16283	155	48	14842	272	0	15317
16284	108	38	271	14739	0	15156
16285	69	46	14623	326	0	15064
16286	56	43	14733	172	0	15004
16287	56	45	318	14766	0	15185
16288	48	53	14922	301	0	15324
16289	51	15034	305	161	0	15551
16290	58	233	133	15135	0	15559
16291	52	93	102	15647	0	15894
16292	55	61	15502	363	0	15981
16293	45	15396	265	197	0	15903
16294	15519	257	132	139	0	16047
16295	273	100	88	15792	0	16253
16296	15821	65	82	352	0	16320
16297	307	15552	79	153	0	16091
16298	151	288	15729	123	0	16291
16299	107	141	296	15685	0	16229
16300	15640	87	157	356	0	16240
16301	295	65	15501	174	0	16035
16302	15061	54	313	155	0	15583
16303	315	15039	157	123	0	15634
16304	137	15137	88	116	0	15478
16305	14916	296	116	103	0	15431
16306	282	159	96	14861	0	15398
16307	160	103	68	14750	0	15081
16308	85	14732	52	362	0	15231
16309	70	263	62	15093	0	15488
16310	66	123	48	15234	0	15471
16311	14898	76	38	395	0	15407
16312	255	66	58	14843	0	15222
16313	135	48	14671	337	0	15191
16314	97	34	251	14752	0	15134
16315	71	48	123	15119	0	15361
16316	70	55	14894	372	0	15391
16317	62	72	234	14971	0	15339
16318	14594	36	119	388	0	15137
16319	14464	39	91	224	0	14818
16320	14554	28	62	177	0	14821
16321	344	47	61	14466	0	14918
16322	181	43	14357	327	0	14908
16323	135	14409	221	209	0	14974
16324	123	240	110	14596	0	15069
16325	94	111	14550	303	0	15058
16326	96	70	230	14357	0	14753
16327	64	54	123	14611	0	14852
16328	14151	40	79	378	0	14648
16329	237	14402	73	207	0	14919
16330	157	215	13962	129	0	14463
16331	13290	107	227	134	0	13758
16332	268	13578	103	113	0	14062
16333	73	12690	45	73	0	12881
16334	12875	164	135	66	0	13240
16335	185	67	27	12976	0	13255
16336	67	49	13826	171	0	14113
16337	64	41	158	13660	0	13923
16338	31	13882	61	204	0	14178
16339	14102	160	46	99	0	14407
16340	185	67	21	14160	0	14433
16341	14362	37	25	204	0	14628
16342	206	38	13	14222	0	14479
16343	79	14578	28	187	0	14872
16344	14971	168	22	111	0	15272
16345	15055	53	19	79	0	15206
16346	233	14977	19	52	0	15281
16347	14762	190	20	54	0	15026
16348	241	73	15	14426	0	14755
16349	79	14454	31	193	0	14757
16350	14545	193	25	86	0	14849
16351	204	14634	19	74	0	14931
16352	14479	215	17	56	0	14767
16353	239	74	18	14480	0	14811
16354	14658	48	19	219	0	14944
16355	14713	32	12	103	0	14860
16356	14780	45	17	81	0	14923
16357	284	47	9	14685	0	15025
16358	135	33	11	14950	0	15129
16359	14784	30	12	260	0	15086
16360	215	39	14929	111	0	15294
16361	119	28	167	14955	0	15269
16362	83	15253	50	220	0	15606
16363	76	199	31	15523	0	15829
16364	70	71	15	15710	0	15866
16365	63	65	15341	268	0	15737
16366	76	43	184	16114	0	16417
16367	59	16701	65	285	0	17110
16368	90	271	41	17286	0	17688
16369	64	126	18296	344	0	18830
16370	93	80	309	18456	0	18938
16371	75	40	124	19109	0	19348
16372	18707	31	73	526	0	19337
16373	18829	37	35	282	0	19183
16374	522	55	42	18601	0	19220
16375	245	18034	35	449	0	18763
16376	128	18482	29	260	0	18899
16377	99	442	18061	142	0	18744
16378	119	294	337	17903	0	18653
16379	17888	116	162	417	0	18583
16380	397	84	83	17958	0	18522
16381	159	75	17901	448	0	18583
16382	122	59	345	18004	0	18530
16383	114	40	169	18286	0	18609
16384	92	39	92	18546	0	18769
16385	79	37	17932	589	0	18637
16386	91	17911	336	305	0	18643
16387	17798	330	164	201	0	18493
16388	17833	149	94	181	0	18257
16389	484	115	55	17459	0	18113
16390	229	96	17327	396	0	18048
16391	137	17300	353	227	0	18017
16392	125	405	153	16845	0	17528
16393	113	17145	97	355	0	17710
16394	75	17653	43	216	0	17987
16395	17161	439	91	153	0	17844
16396	346	209	17083	126	0	17764
16397	163	133	16964	86	0	17346
16398	144	114	394	16862	0	17514
16399	100	78	205	17414	0	17797
16400	100	72	17340	428	0	17940
16401	137	44	325	16993	0	17499
16402	65	38	17225	439	0	17767
16403	16425	45	383	243	0	17096
16404	319	55	167	17145	0	17686
16405	172	56	17491	383	0	18102
16406	133	58	324	16874	0	17389
16407	91	17886	156	373	0	18506
16408	17898	319	99	237	0	18553
16409	348	17976	77	146	0	18547
16410	18124	343	69	165	0	18701
16411	368	163	17777	115	0	18423
16412	17876	105	304	156	0	18441
16413	399	86	146	18211	0	18842
16414	214	68	18244	358	0	18884
16415	141	60	345	18130	0	18676
16416	110	51	17920	427	0	18508
16417	17038	54	382	263	0	17737
16418	340	17947	212	183	0	18682
16419	174	303	134	17537	0	18148
16420	118	18266	111	355	0	18850
16421	18209	382	66	231	0	18888
16422	18250	177	87	177	0	18691
16423	455	18199	64	141	0	18859
16424	272	390	68	18310	0	19040
16425	166	171	56	18464	0	18857
16426	124	119	68	18517	0	18828
16427	18046	91	60	570	0	18767
16428	352	17891	90	296	0	18629
16429	176	323	69	17913	0	18481
16430	132	168	78	18102	0	18480
16431	17645	112	71	575	0	18403
16432	366	91	17325	300	0	18082
16433	197	79	16951	262	0	17489
16434	16681	57	407	205	0	17350
16435	362	66	16734	178	0	17340
16436	217	55	15541	127	0	15940
16437	169	109	430	15242	0	15950
16438	15580	57	253	354	0	16244
16439	323	51	151	15575	0	16100
16440	196	56	15382	359	0	15993
16441	14691	57	317	233	0	15298
16442	322	63	15050	153	0	15588
16443	163	14947	327	145	0	15582
16444	194	291	234	15176	0	15895
16445	15285	122	145	342	0	15894
16446	281	88	107	15298	0	15774
16447	148	44	112	15522	0	15826
16448	15649	42	96	410	0	16197
16449	280	48	75	15821	0	16224
16450	183	40	70	16076	0	16369
16451	118	39	15793	426	0	16376
16452	90	25	250	15797	0	16162
16453	15937	34	140	390	0	16501
16454	15889	33	95	233	0	16250
16455	16016	44	77	168	0	16305
16456	371	60	66	15654	0	16151
16457	212	15458	57	289	0	16016
16458	15655	235	47	195	0	16132
16459	320	15738	60	122	0	16240
16460	15549	261	58	120	0	15988
16461	322	127	62	15488	0	15999
16462	15332	74	48	305	0	15759
16463	15316	56	48	195	0	15615
16464	15305	34	61	153	0	15553
16465	357	14902	72	95	0	15426
16466	181	14352	45	89	0	14667
16467	13732	151	39	83	0	14005
16468	184	13821	31	46	0	14082
16469	45	12686	17	21	0	12769
16470	38	12509	24	13	0	12584
16471	12396	76	85	37	0	12594
16472	65	29	5	12315	0	12414
16473	33	10	2	12451	0	12496
16474	12535	3	1	97	0	12636
16475	59	9	12762	31	0	12861
16476	36	10	57	13995	0	14098
16477	39	11	22	14214	0	14286
16478	22	9	9	15453	0	15493
16479	20	3	4	16054	0	16081
16480	8	15960	9	341	0	16318
16481	12	18829	14	127	0	18982
16482	19171	409	7	110	0	19697
16483	391	165	2	19298	0	19856
16484	190	71	3	19701	0	19965
16485	64	55	19256	547	0	19922
16486	90	35	358	19528	0	20011
16487	34	44	19714	519	0	20311
16488	73	36	428	19963	0	20500
16489	44	22	20701	535	0	21302
16490	11	20524	486	306	0	21327
16491	47	421	226	20886	0	21580
16492	20890	175	110	573	0	21748
16493	21098	83	80	278	0	21539
16494	649	78	61	20861	0	21649
16495	245	52	20768	580	0	21645
16496	162	50	20711	251	0	21174
16497	19995	40	623	212	0	20870
16498	472	20414	263	197	0	21346
16499	20905	461	165	131	0	21662
16500	20919	192	114	126	0	21351
16501	701	109	20450	109	0	21369
16502	324	82	510	20305	0	21221
16503	238	57	245	20669	0	21209
16504	191	61	120	21535	0	21907
16505	132	61	102	20907	0	21202
16506	169	29	69	20576	0	20843
16507	104	29	19651	860	0	20644
16508	66	44	19796	434	0	20340
16509	117	36	689	19916	0	20758
16510	115	46	307	20405	0	20873
16511	139	44	176	20693	0	21052
16512	19988	56	121	903	0	21068
16513	607	43	102	20165	0	20917
16514	20169	29	118	776	0	21092
16515	678	28	109	20738	0	21553
16516	20903	30	80	838	0	21851
16517	21385	27	78	510	0	22000
16518	21199	20	93	343	0	21655
16519	21264	22	101	281	0	21668
16520	21259	39	88	262	0	21648
16521	984	37	84	20594	0	21699
16522	20696	37	90	739	0	21562
16523	771	20295	82	389	0	21537
16524	20785	502	60	311	0	21658
16525	760	207	74	20972	0	22013
16526	443	95	20616	729	0	21883
16527	293	86	559	21050	0	21988
16528	238	68	20932	822	0	22060
16529	263	45	629	21103	0	22040
16530	249	58	304	21664	0	22275
16531	220	45	21019	957	0	22241
16532	216	41	21046	525	0	21828
16533	207	30	772	21261	0	22270
16534	21133	42	341	848	0	22364
16535	680	47	21049	458	0	22234
16536	360	21049	632	367	0	22408
16537	264	538	21722	293	0	22817
16538	21607	205	718	272	0	22802
16539	718	126	355	21801	0	23000
16540	21985	96	223	783	0	23087
16541	22346	45	200	438	0	23029
16542	929	60	198	21892	0	23079
16543	446	81	21341	816	0	22684
16544	356	41	667	21356	0	22420
16545	275	54	316	21663	0	22308
16546	20790	46	224	1061	0	22121
16547	753	20950	197	532	0	22432
16548	403	536	170	21412	0	22521
16549	267	225	20864	854	0	22210
16550	20411	137	688	473	0	21709
16551	715	20629	321	417	0	22082
16552	440	557	203	21030	0	22230
16553	326	240	179	21296	0	22041
16554	280	144	166	21627	0	22217
16555	20764	96	189	1089	0	22138
16556	21351	64	160	629	0	22204
16557	962	67	146	21219	0	22394
16558	484	90	20715	891	0	22180
16559	340	20742	608	554	0	22244
16560	20986	557	278	446	0	22267
16561	21627	236	200	371	0	22434
16562	990	120	161	21094	0	22365
16563	536	112	137	21835	0	22620
16564	377	80	21371	1021	0	22849
16565	266	21421	656	537	0	22880
16566	21956	607	301	441	0	23305
16567	21831	243	196	374	0	22644
16568	933	21381	149	330	0	22793
16569	21452	620	107	314	0	22493
16570	898	251	133	21221	0	22503
16571	463	158	20880	810	0	22311
16572	344	131	633	21319	0	22427
16573	308	94	20910	843	0	22155
16574	20628	88	643	516	0	21875
16575	743	20444	323	403	0	21913
16576	374	608	171	19279	0	20432
16577	229	206	19058	708	0	20201
16578	208	123	18268	309	0	18908
16579	17130	179	596	287	0	18192
16580	466	17022	296	238	0	18022
16581	14582	273	300	115	0	15270
16582	14370	95	137	98	0	14700
16583	14380	58	53	105	0	14596
16584	369	61	82	14044	0	14556
16585	160	35	13995	290	0	14480
16586	126	13879	238	128	0	14371
16587	124	317	136	13829	0	14406
16588	100	89	13864	266	0	14319
16589	74	63	12961	103	0	13201
16590	74	61	225	12818	0	13178
16591	74	28	12684	214	0	13000
16592	12284	30	189	123	0	12626
16593	206	33	87	12756	0	13082
16594	95	41	73	13076	0	13285
16595	12937	35	54	242	0	13268
16596	213	12729	58	106	0	13106
16597	13246	159	54	103	0	13562
16598	215	67	46	13124	0	13452
16599	118	39	52	13303	0	13512
16600	102	42	55	13343	0	13542
16601	89	33	43	13145	0	13310
16602	12918	29	43	283	0	13273
16603	209	39	12856	121	0	13225
16604	114	12689	165	89	0	13057
16605	85	153	78	12831	0	13147
16606	12321	59	55	243	0	12678
16607	12773	35	51	142	0	13001
16608	204	12674	59	95	0	13032
16609	12488	132	43	85	0	12748
16610	182	12410	54	78	0	12724
16611	94	12855	46	72	0	13067
16612	91	189	49	12927	0	13256
16613	75	65	12987	193	0	13320
16614	81	97	139	12642	0	12959
16615	12424	48	73	187	0	12732
16616	148	12139	32	95	0	12414
16617	82	132	37	12308	0	12559
16618	68	62	12878	153	0	13161
16619	12958	40	136	119	0	13253
16620	13446	32	41	106	0	13625
16621	13508	29	48	78	0	13663
16622	183	32	13055	55	0	13325
16623	12786	37	121	49	0	12993
16624	169	12957	49	51	0	13226
16625	81	134	46	12589	0	12850
16626	56	12928	45	124	0	13153
16627	13058	133	31	65	0	13287
16628	12631	57	24	82	0	12794
16629	147	39	13015	55	0	13256
16630	56	12975	125	46	0	13202
16631	79	110	55	13023	0	13267
16632	59	50	32	13134	0	13275
16633	66	35	42	13022	0	13165
16634	56	37	32	13096	0	13221
16635	67	20	42	13421	0	13550
16636	57	32	12943	188	0	13220
16637	50	12783	146	93	0	13072
16638	12810	151	45	76	0	13082
16639	173	49	13051	58	0	13331
16640	81	13294	154	46	0	13575
16641	13396	152	65	50	0	13663
16642	192	69	13738	53	0	14052
16643	13481	24	176	52	0	13733
16644	13453	46	71	62	0	13632
16645	13737	39	25	54	0	13855
16646	204	13685	39	56	0	13984
16647	77	162	13460	46	0	13745
16648	48	13683	164	48	0	13943
16649	100	189	70	12057	0	12416
16650	48	13678	39	152	0	13917
16651	13679	162	47	75	0	13963
16652	14192	67	24	62	0	14345
16653	14033	32	26	79	0	14170
16654	249	44	14146	38	0	14477
16655	109	14688	180	44	0	15021
16656	83	206	70	15809	0	16168
16657	16788	74	38	256	0	17156
16658	279	16705	39	112	0	17135
16659	176	273	26	16751	0	17226
16660	95	126	17072	281	0	17574
16661	17213	62	276	132	0	17683
16662	325	60	18134	73	0	18592
16663	163	49	18514	68	0	18794
16664	17673	28	430	71	0	18202
16665	369	37	17881	26	0	18313
16666	17124	29	355	43	0	17551
16667	352	17087	172	41	0	17652
16668	17732	287	109	58	0	18186
16669	397	128	67	17727	0	18319
16670	221	64	71	17752	0	18108
16671	135	41	59	18199	0	18434
16672	17947	30	51	481	0	18509
16673	17897	20	44	229	0	18190
16674	18025	36	50	137	0	18248
16675	498	17562	42	74	0	18176
16676	261	288	45	17782	0	18376
16677	154	136	17543	345	0	18178
16678	134	66	308	17286	0	17794
16679	98	17155	148	388	0	17789
16680	133	315	73	17350	0	17871
16681	112	131	51	17566	0	17860
16682	17378	84	36	486	0	17984
16683	381	65	31	17504	0	17981
16684	182	54	17310	449	0	17995
16685	124	46	17029	224	0	17423
16686	128	46	411	17281	0	17866
16687	17189	51	190	436	0	17866
16688	384	42	120	17230	0	17776
16689	223	44	71	17689	0	18027
16690	134	37	17352	511	0	18034
16691	99	17159	358	257	0	17873
16692	108	312	181	17467	0	18068
16693	17031	129	135	433	0	17728
16694	356	16956	87	241	0	17640
16695	218	327	61	17246	0	17852
16696	150	145	17114	422	0	17831
16697	125	91	334	16890	0	17440
16698	16616	64	188	485	0	17353
16699	344	16479	116	259	0	17198
16700	208	325	16743	185	0	17461
16701	167	158	334	16725	0	17384
16702	122	109	16931	431	0	17593
16703	16654	82	378	253	0	17367
16704	16982	58	196	201	0	17437
16705	480	66	16832	138	0	17516
16706	261	65	370	16744	0	17440
16707	178	85	17138	395	0	17796
16708	119	16937	424	245	0	17725
16709	106	347	231	17286	0	17970
16710	113	176	17274	434	0	17997
16711	139	146	391	16527	0	17203
16712	123	16803	241	433	0	17600
16713	125	346	166	17032	0	17669
16714	94	159	16826	472	0	17551
16715	16349	107	417	290	0	17163
16716	387	16829	217	180	0	17613
16717	17156	351	140	198	0	17845
16718	453	187	16536	136	0	17312
16719	16352	122	379	172	0	17025
16720	446	85	16400	162	0	17093
16721	16369	83	444	149	0	17045
16722	16899	89	221	161	0	17370
16723	536	87	160	16606	0	17389
16724	339	76	105	17053	0	17573
16725	16859	84	126	549	0	17618
16726	444	16867	125	322	0	17758
16727	17261	369	138	199	0	17967
16728	525	172	149	17063	0	17909
16729	308	16985	116	459	0	17868
16730	237	383	111	17588	0	18319
16731	205	164	112	18013	0	18494
16732	177	111	107	17898	0	18293
16733	168	17447	117	646	0	18378
16734	17543	374	79	333	0	18329
16735	465	188	74	17614	0	18341
16736	255	113	17293	513	0	18174
16737	178	101	17015	330	0	17624
16738	129	94	17305	269	0	17797
16739	16998	62	527	233	0	17820
16740	17186	96	289	184	0	17755
16741	524	79	16884	180	0	17667
16742	298	93	355	16080	0	16826
16743	200	78	200	16489	0	16967
16744	104	63	16921	551	0	17639
16745	111	64	16805	293	0	17273
16746	115	62	474	17060	0	17711
16747	17120	69	235	438	0	17862
16748	16880	30	182	267	0	17359
16749	16934	38	128	226	0	17326
16750	503	16464	146	179	0	17292
16751	238	16821	130	179	0	17368
16752	190	365	128	16675	0	17358
16753	16554	158	114	379	0	17205
16754	377	119	16014	206	0	16716
16755	15025	60	284	217	0	15586
16756	328	14332	129	132	0	14921
16757	107	13616	71	61	0	13855
16758	13448	226	96	67	0	13837
16759	190	13260	63	67	0	13580
16760	96	12902	51	47	0	13096
16761	12473	318	229	142	0	13162
16762	143	12457	32	51	0	12683
16763	51	125	8	12257	0	12441
16764	41	45	13	12313	0	12412
16765	12288	27	13	149	0	12477
16766	12243	12	25	69	0	12349
16767	129	12256	21	33	0	12439
16768	52	12403	17	25	0	12497
16769	42	103	12298	19	0	12462
16770	12435	62	121	32	0	12650
16771	12920	28	44	30	0	13022
16772	13177	17	23	30	0	13247
16773	154	20	9	13351	0	13534
16774	64	16	17	13861	0	13958
16775	14091	9	23	163	0	14286
16776	167	13	14	14147	0	14341
16777	45	13	14246	182	0	14486
16778	76	13	135	14259	0	14483
16779	36	14781	40	173	0	15030
16780	38	163	23	15057	0	15281
16781	32	46	10	15465	0	15553
16782	35	32	14	15501	0	15582
16783	15290	16	20	246	0	15572
16784	165	15159	24	99	0	15447
16785	80	155	10	15513	0	15758
16786	59	53	15447	190	0	15749
16787	31	53	14879	78	0	15041
16788	43	25	194	15238	0	15500
16789	41	19	77	15352	0	15489
16790	15111	21	46	233	0	15411
16791	192	12	23	14928	0	15155
16792	64	14943	27	209	0	15243
16793	57	172	15282	91	0	15602
16794	42	84	159	15456	0	15741
16795	44	39	15715	210	0	16008
16796	59	29	183	15680	0	15951
16797	15705	22	71	225	0	16023
16798	15859	28	39	106	0	16032
16799	214	15664	49	71	0	15998
16800	105	164	31	15845	0	16145
16801	16204	57	25	210	0	16496
16802	16370	40	17	119	0	16546
16803	16539	27	23	96	0	16685
16804	16602	14	22	74	0	16712
16805	16408	31	22	72	0	16533
16806	251	16054	31	49	0	16385
16807	16124	151	34	55	0	16364
16808	217	53	15933	42	0	16245
16809	100	45	154	16076	0	16375
16810	16203	23	45	202	0	16473
16811	16199	17	39	91	0	16346
16812	16084	27	23	84	0	16218
16813	248	37	15887	59	0	16231
16814	137	26	152	16178	0	16493
16815	16599	22	58	205	0	16884
16816	199	16518	44	93	0	16854
16817	17110	162	28	93	0	17393
16818	16888	62	14	74	0	17038
16819	16959	47	20	67	0	17093
16820	249	48	12	17036	0	17345
16821	17260	23	25	216	0	17524
16822	232	34	16992	92	0	17350
16823	106	38	16861	85	0	17090
16824	17028	24	198	80	0	17330
16825	221	24	17254	41	0	17540
16826	16495	18	166	75	0	16754
16827	200	12	16849	39	0	17100
16828	107	34	154	16585	0	16880
16829	16517	11	66	175	0	16769
16830	164	16237	51	87	0	16539
16831	16527	125	29	87	0	16768
16832	187	16198	22	49	0	16456
16833	98	16769	35	43	0	16945
16834	82	144	26	17088	0	17340
16835	69	62	36	17107	0	17274
16836	55	32	33	17075	0	17195
16837	44	29	16761	208	0	17042
16838	16518	21	124	117	0	16780
16839	17506	21	78	82	0	17687
16840	17646	19	40	80	0	17785
16841	17708	15	24	71	0	17818
16842	17693	18	21	75	0	17807
16843	274	28	16640	51	0	16993
16844	139	36	16828	42	0	17045
16845	112	25	185	17435	0	17757
16846	79	26	17373	181	0	17659
16847	17684	23	195	86	0	17988
16848	232	18328	66	82	0	18708
16849	112	186	58	19443	0	19799
16850	19706	56	38	264	0	20064
16851	300	37	27	20120	0	20484
16852	148	27	20096	268	0	20539
16853	122	23	20040	127	0	20312
16854	97	25	330	20860	0	21312
16855	79	22	20915	275	0	21291
16856	20457	18	300	131	0	20906
16857	313	16	138	20847	0	21314
16858	157	28	20806	278	0	21269
16859	100	20693	266	146	0	21205
16860	102	236	123	21203	0	21664
16861	97	109	21340	276	0	21822
16862	101	68	280	20779	0	21228
16863	82	29	121	21217	0	21449
16864	90	27	21302	403	0	21822
16865	82	29	310	21258	0	21679
16866	115	16	150	20837	0	21118
16867	80	18	105	21463	0	21666
16868	20838	14	79	465	0	21396
16869	312	20441	69	209	0	21031
16870	161	20848	49	131	0	21189
16871	112	359	20357	85	0	20913
16872	19751	140	267	83	0	20241
16873	292	81	20043	60	0	20476
16874	131	52	19630	61	0	19874
16875	82	65	338	19266	0	19751
16876	19431	15	154	274	0	19874
16877	228	19306	85	163	0	19782
16878	19162	217	84	107	0	19570
16879	18883	97	35	106	0	19121
16880	323	18963	40	68	0	19394
16881	18928	231	43	77	0	19279
16882	18838	98	35	84	0	19055
16883	301	18907	37	45	0	19290
16884	156	254	49	19019	0	19478
16885	124	97	46	19319	0	19586
16886	19572	41	46	322	0	19981
16887	252	19828	55	155	0	20290
16888	20366	273	48	112	0	20799
16889	20566	103	38	103	0	20810
16890	21441	54	38	88	0	21621
16891	458	44	29	21169	0	21700
16892	208	37	27	21666	0	21938
16893	21389	28	29	433	0	21879
16894	21821	35	33	192	0	22081
16895	21969	28	23	131	0	22151
16896	522	21	25	22348	0	22916
16897	201	42	22355	424	0	23022
16898	123	37	347	22851	0	23358
16899	110	31	145	24406	0	24692
16900	92	34	24092	594	0	24812
16901	88	40	25927	239	0	26294
16902	131	35	666	26119	0	26951
16903	81	40	26313	622	0	27056
16904	26430	15	617	315	0	27377
16905	633	25	252	26815	0	27725
16906	294	34	135	27503	0	27966
16907	27480	22	89	840	0	28431
16908	663	28	92	27465	0	28248
16909	349	34	67	27822	0	28272
16910	206	23	75	28094	0	28398
16911	161	19	67	28196	0	28443
16912	115	43	27029	955	0	28142
16913	126	28	559	27366	0	28079
16914	110	36	26799	788	0	27733
16915	80	26867	644	421	0	28012
16916	109	543	265	26940	0	27857
16917	95	215	26364	719	0	27393
16918	25292	96	633	398	0	26419
16919	628	26049	292	237	0	27206
16920	26417	561	147	251	0	27376
16921	726	227	101	25604	0	26658
16922	319	25695	84	664	0	26762
16923	25828	569	84	382	0	26863
16924	632	25991	97	240	0	26960
16925	26272	626	77	241	0	27216
16926	718	282	97	26097	0	27194
16927	26295	133	71	704	0	27203
16928	685	26374	91	369	0	27519
16929	26599	630	83	235	0	27547
16930	770	272	25923	187	0	27152
16931	383	149	598	26273	0	27403
16932	26115	86	273	727	0	27201
16933	26543	94	139	395	0	27171
16934	925	81	113	25961	0	27080
16935	432	92	25787	744	0	27055
16936	271	24519	622	401	0	25813
16937	210	26053	284	273	0	26820
16938	26067	763	198	281	0	27309
16939	752	311	93	25746	0	26902
16940	397	140	113	26291	0	26941
16941	25805	95	93	950	0	26943
16942	25896	116	132	475	0	26619
16943	905	103	25353	275	0	26636
16944	465	101	577	25409	0	26552
16945	265	81	25026	788	0	26160
16946	244	24746	608	447	0	26045
16947	23900	520	290	355	0	25065
16948	584	23727	186	290	0	24787
16949	312	23697	145	248	0	24402
16950	345	624	160	23288	0	24417
16951	22597	291	126	680	0	23694
16952	559	22560	115	406	0	23640
16953	22329	540	125	305	0	23299
16954	594	21986	127	239	0	22946
16955	325	566	101	22309	0	23301
16956	22171	272	126	676	0	23245
16957	628	178	22085	375	0	23266
16958	385	201	526	22087	0	23199
16959	270	138	21915	670	0	22993
16960	225	20824	560	401	0	22010
16961	206	21818	243	297	0	22564
16962	21066	660	191	343	0	22260
16963	536	21426	131	297	0	22390
16964	21416	571	158	257	0	22402
16965	21777	274	128	269	0	22448
16966	725	204	21019	214	0	22162
16967	21224	165	497	253	0	22139
16968	690	186	21410	211	0	22497
16969	373	21335	551	223	0	22482
16970	21575	532	241	241	0	22589
16971	667	21306	211	204	0	22388
16972	395	567	125	21617	0	22704
16973	21718	240	150	641	0	22749
16974	706	209	123	21654	0	22692
16975	375	201	21727	694	0	22997
16976	290	211	501	21720	0	22722
16977	270	180	240	22143	0	22833
16978	21766	217	154	783	0	22920
16979	690	156	21441	421	0	22708
16980	21653	154	544	279	0	22630
16981	22509	147	252	250	0	23158
16982	832	145	207	22171	0	23355
16983	470	153	116	22484	0	23223
16984	21990	133	148	800	0	23071
16985	722	21980	135	365	0	23202
16986	449	559	124	21696	0	22828
16987	311	273	21015	572	0	22171
16988	287	204	20169	334	0	20994
16989	236	20881	571	266	0	21954
16990	290	533	255	20021	0	21099
16991	213	291	149	20411	0	21064
16992	19871	175	106	675	0	20827
16993	618	147	127	19673	0	20565
16994	18933	133	110	568	0	19744
16995	579	18436	107	291	0	19413
16996	272	18195	85	220	0	18772
16997	230	18610	79	198	0	19117
16998	17950	472	184	225	0	18831
16999	16530	209	152	166	0	17057
17000	411	16100	71	156	0	16738
17001	13896	146	69	45	0	14156
17002	165	13568	20	32	0	13785
17003	62	171	17	13302	0	13552
17004	39	13213	17	151	0	13420
17005	13239	190	38	80	0	13547
17006	13243	38	12	60	0	13353
17007	172	33	16	12804	0	13025
17008	12820	35	9	164	0	13028
17009	165	32	17	12748	0	12962
17010	55	12857	11	163	0	13086
17011	62	200	13	12918	0	13193
17012	54	12927	20	144	0	13145
17013	12854	143	20	78	0	13095
17014	164	40	12498	38	0	12740
17015	12070	25	114	60	0	12269
17016	141	22	28	12392	0	12583
17017	50	44	12233	125	0	12452
17018	11965	29	115	71	0	12180
17019	140	38	12540	40	0	12758
17020	70	32	116	12241	0	12459
17021	53	25	38	12557	0	12673
17022	54	24	22	12436	0	12536
17023	53	25	21	12501	0	12600
17024	41	12301	31	171	0	12544
17025	54	147	21	13034	0	13256
17026	13021	39	18	205	0	13283
17027	168	35	12799	63	0	13065
17028	58	13408	145	48	0	13659
17029	13814	195	49	78	0	14136
17030	14853	66	25	52	0	14996
17031	323	31	23	16212	0	16589
17032	111	46	16207	312	0	16676
17033	96	45	276	16051	0	16468
17034	74	35	112	17235	0	17456
17035	57	30	17031	467	0	17585
17036	49	17767	342	169	0	18327
17037	18053	384	146	99	0	18682
17038	18295	157	45	113	0	18610
17039	18746	70	47	92	0	18955
17040	617	60	125	18195	0	18997
17041	288	45	30	19170	0	19533
17042	19353	29	37	623	0	20042
17043	566	43	28	18739	0	19376
17044	251	18923	43	513	0	19730
17045	19805	440	33	280	0	20558
17046	20078	185	58	221	0	20542
17047	21576	89	40	160	0	21865
17048	21849	65	39	153	0	22106
17049	856	61	20582	110	0	21609
17050	418	67	20624	100	0	21209
17051	315	59	648	20575	0	21597
17052	249	57	259	21121	0	21686
17053	189	49	20622	729	0	21589
17054	168	55	20803	333	0	21359
17055	194	50	684	20621	0	21549
17056	20695	40	293	631	0	21659
17057	645	42	167	20495	0	21349
17058	331	45	20559	644	0	21579
17059	233	20718	567	322	0	21840
17060	20907	486	261	238	0	21892
17061	21426	207	178	184	0	21995
17062	21548	110	159	169	0	21986
17063	21585	65	161	158	0	21969
17064	892	56	20348	167	0	21463
17065	463	43	571	20579	0	21656
17066	20733	48	296	660	0	21737
17067	710	51	214	20769	0	21744
17068	423	42	159	20352	0	20976
17069	275	19934	122	786	0	21117
17070	258	504	93	20570	0	21425
17071	20194	219	120	704	0	21237
17072	633	20166	121	379	0	21299
17073	20185	547	92	244	0	21068
17074	750	20074	82	197	0	21103
17075	462	554	73	19200	0	20289
17076	333	19228	102	594	0	20257
17077	254	20186	110	339	0	20889
17078	19824	695	109	290	0	20918
17079	692	326	19418	237	0	20673
17080	409	183	19126	237	0	19955
17081	273	166	19058	231	0	19728
17082	18173	173	734	264	0	19344
17083	603	18440	372	249	0	19664
17084	373	19092	215	224	0	19904
17085	18252	692	152	226	0	19322
17086	642	18173	137	192	0	19144
17087	436	18925	134	149	0	19644
17088	314	760	113	18812	0	19999
17089	308	410	18595	594	0	19907
17090	323	267	18818	369	0	19777
17091	295	225	687	18862	0	20069
17092	18691	186	390	661	0	19928
17093	659	18779	260	406	0	20104
17094	470	570	238	19071	0	20349
17095	378	354	18802	595	0	20129
17096	367	254	18476	378	0	19475
17097	340	213	723	18491	0	19767
17098	18523	180	412	668	0	19783
17099	18885	179	278	422	0	19764
17100	849	174	18299	319	0	19641
17101	18444	185	618	300	0	19547
17102	760	163	18470	289	0	19682
17103	506	139	690	17971	0	19306
17104	387	18170	431	621	0	19609
17105	18796	521	312	405	0	20034
17106	744	306	259	18857	0	20166
17107	521	217	262	18822	0	19822
17108	435	132	251	19464	0	20282
17109	333	122	279	19475	0	20209
17110	323	117	18478	901	0	19819
17111	338	18276	641	541	0	19796
17112	358	516	393	18757	0	20024
17113	18624	276	295	718	0	19913
17114	725	190	271	18833	0	20019
17115	485	138	255	19091	0	19969
17116	351	192	18287	926	0	19756
17117	321	169	17834	606	0	18930
17118	300	17793	708	460	0	19261
17119	299	18468	398	382	0	19547
17120	297	715	223	18409	0	19644
17121	18177	391	217	768	0	19553
17122	666	291	17915	507	0	19379
17123	465	18172	554	393	0	19584
17124	347	586	341	17707	0	18981
17125	232	17868	232	685	0	19017
17126	291	639	172	17353	0	18455
17127	214	17484	197	701	0	18596
17128	267	586	164	16795	0	17812
17129	16189	348	153	603	0	17293
17130	471	15285	158	343	0	16257
17131	241	511	106	13524	0	14382
17132	13286	234	100	384	0	14004
17133	329	13094	89	252	0	13764
17134	175	11921	69	169	0	12334
17135	182	12063	75	153	0	12473
17136	163	307	177	11178	0	11825
17137	68	158	84	11100	0	11410
17138	49	10878	31	259	0	11217
17139	63	204	51	10969	0	11287
17140	100	138	10900	207	0	11345
17141	43	10910	136	130	0	11219
17142	83	636	48	10010	0	10777
17143	49	10587	45	139	0	10820
17144	51	162	10236	83	0	10532
17145	37	10172	130	77	0	10416
17146	9001	176	93	95	0	9365
17147	79	41	10	8864	0	8994
17148	8914	15	14	78	0	9021
17149	77	11	8815	30	0	8933
17150	30	3	68	8991	0	9092
17151	15	15	9117	76	0	9223
17152	14	12	77	9151	0	9254
17153	9417	10	20	106	0	9553
17154	82	9	17	9471	0	9579
17155	9511	9	12	106	0	9638
17156	81	9630	7	39	0	9757
17157	9670	72	6	43	0	9791
17158	87	23	9666	16	0	9792
17159	22	9828	71	17	0	9938
17160	19	64	26	9995	0	10104
17161	27	24	13	10011	0	10075
17162	9	17	9844	87	0	9957
17163	6	9843	71	33	0	9953
17164	12	70	20	9984	0	10086
17165	9	9980	17	67	0	10073
17166	13	83	5	9947	0	10048
17167	7	9922	7	77	0	10013
17168	9875	74	8	34	0	9991
17169	71	35	8	9959	0	10073
17170	21	20	9913	68	0	10022
17171	18	9892	62	27	0	9999
17172	3	10241	25	22	0	10291
17173	13	86	10133	9	0	10241
17174	7	10136	74	12	0	10229
17175	17	65	13	10148	0	10243
17176	10	16	10305	55	0	10386
17177	21	19	55	10210	0	10305
17178	13	3	14	10466	0	10496
17179	7	15	10420	71	0	10513
17180	10015	7	61	53	0	10136
17181	62	3	20	10686	0	10771
17182	23	10	11332	62	0	11427
17183	16	11389	60	21	0	11486
17184	11645	49	17	30	0	11741
17185	58	11467	14	8	0	11547
17186	20	66	4	11687	0	11777
17187	11501	15	3	81	0	11600
17188	67	12	4	11456	0	11539
17189	15	6	11804	67	0	11892
17190	25	7	66	11714	0	11812
17191	9	9	11761	71	0	11850
17192	11425	2	75	49	0	11551
17193	65	10	11847	15	0	11937
17194	11911	6	72	30	0	12019
17195	12111	12	20	27	0	12170
17196	84	4	12186	12	0	12286
17197	40	20	11682	9	0	11751
17198	15	12292	88	9	0	12404
17199	12748	65	26	31	0	12870
17200	82	20	11	12958	0	13071
17201	41	17	7	12889	0	12954
17202	13780	3	9	147	0	13939
17203	14034	6	12	58	0	14110
17204	14111	7	8	33	0	14159
17205	14028	8	12	20	0	14068
17206	104	10	6	13914	0	14034
17207	14070	3	12	94	0	14179
17208	82	7	5	14168	0	14262
17209	40	5	6	14117	0	14168
17210	23	3	12	14298	0	14336
17211	11	8	13983	105	0	14107
17212	18	13696	74	41	0	13829
17213	17	13901	28	23	0	13969
17214	13	78	12	14187	0	14290
17215	14179	31	7	96	0	14313
17216	86	10	6	14103	0	14205
17217	14093	9	4	114	0	14220
17218	86	8	14427	34	0	14555
17219	14180	9	70	39	0	14298
17220	86	10	23	14792	0	14911
17221	15146	8	15	109	0	15278
17222	15034	3	8	60	0	15105
17223	15181	8	7	48	0	15244
17224	107	5	8	15159	0	15279
17225	36	12	15034	83	0	15165
17226	35	9	78	15023	0	15145
17227	15389	10	22	123	0	15544
17228	99	12	16621	34	0	16766
17229	71	9	88	17556	0	17724
17230	18225	8	31	163	0	18427
17231	128	21	18400	48	0	18597
17232	19014	7	131	62	0	19214
17233	19920	8	37	50	0	20015
17234	199	8	25	20164	0	20396
17235	87	8	15	20422	0	20532
17236	20419	4	8	234	0	20665
17237	190	3	17	21061	0	21271
17238	20910	5	18	252	0	21185
17239	207	20929	15	93	0	21244
17240	73	21123	16	48	0	21260
17241	59	224	13	21173	0	21469
17242	37	81	21458	186	0	21762
17243	21	21314	180	92	0	21607
17244	21135	191	73	74	0	21473
17245	166	20834	31	38	0	21069
17246	70	183	20803	18	0	21074
17247	88	69	155	20482	0	20794
17248	27	61	21216	189	0	21493
17249	21	21487	166	93	0	21767
17250	49	157	62	21512	0	21780
17251	23	21411	41	154	0	21629
17252	27	169	21348	52	0	21596
17253	53	77	153	21045	0	21328
17254	28	45	21461	161	0	21695
17255	42	28	174	21258	0	21502
17256	21301	21	75	239	0	21636
17257	170	34	20989	77	0	21270
17258	20075	23	177	92	0	20367
17259	190	32	20695	32	0	20949
17260	96	21	194	20606	0	20917
17261	52	25	21394	178	0	21649
17262	72	21	189	21364	0	21646
17263	45	16	86	21606	0	21753
17264	58	26	38	21296	0	21418
17265	51	24	41	21614	0	21730
17266	27	23	22389	267	0	22706
17267	21918	15	188	168	0	22289
17268	197	24	71	23901	0	24193
17269	24031	14	47	266	0	24358
17270	24550	11	41	143	0	24745
17271	24916	15	38	104	0	25073
17272	331	21	31	25139	0	25522
17273	146	18	35	25582	0	25781
17274	70	27460	43	348	0	27921
17275	29953	349	40	177	0	30519
17276	31461	127	36	142	0	31766
17277	31899	103	29	138	0	32169
17278	777	61	31805	76	0	32719
17279	402	41	482	31793	0	32718
17280	253	48	31763	516	0	32580
17281	31429	34	580	257	0	32300
17282	31968	21	238	201	0	32428
17283	767	24	167	31385	0	32343
17284	392	27	107	31013	0	31539
17285	244	31574	97	678	0	32593
17286	32127	479	63	355	0	33024
17287	32375	186	53	249	0	32863
17288	751	31747	72	163	0	32733
17289	32103	533	57	175	0	32868
17290	735	211	54	32045	0	33045
17291	382	141	60	32476	0	33059
17292	32424	92	48	756	0	33320
17293	672	77	31910	343	0	33002
17294	31762	54	503	306	0	32625
17295	32524	59	184	239	0	33006
17296	779	31663	132	149	0	32723
17297	32319	492	87	177	0	33075
17298	785	223	31591	91	0	32690
17299	423	147	503	31822	0	32895
17300	31957	75	206	609	0	32847
17301	711	75	141	31898	0	32825
17302	353	69	30803	662	0	31887
17303	317	45	545	30269	0	31176
17304	222	32486	250	702	0	33660
17305	224	511	162	33404	0	34301
17306	217	179	121	34147	0	34664
17307	227	149	103	33556	0	34035
17308	202	87	85	34156	0	34530
17309	136	104	33167	927	0	34334
17310	171	85	510	33500	0	34266
17311	33364	70	206	865	0	34505
17312	595	32968	168	444	0	34175
17313	319	522	89	34153	0	35083
17314	267	211	34124	717	0	35319
17315	224	158	557	34419	0	35358
17316	34642	93	231	849	0	35815
17317	34922	84	174	464	0	35644
17318	34451	69	141	353	0	35014
17319	962	56	121	34179	0	35318
17320	536	61	33873	706	0	35176
17321	410	33456	553	388	0	34807
17322	34101	529	254	343	0	35227
17323	749	225	187	33840	0	35001
17324	421	175	163	34183	0	34942
17325	372	142	33620	816	0	34950
17326	312	32773	564	485	0	34134
17327	276	33933	258	380	0	34847
17328	281	811	228	32426	0	33746
17329	232	313	31378	743	0	32666
17330	29796	227	562	448	0	31033
17331	682	171	29745	311	0	30909
17332	29046	151	537	325	0	30059
17333	707	30474	254	257	0	31692
17334	392	494	30182	234	0	31302
17335	29538	221	541	241	0	30541
17336	670	29810	270	177	0	30927
17337	30516	505	256	222	0	31499
17338	696	267	30221	163	0	31347
17339	399	30269	496	182	0	31346
17340	30729	515	225	225	0	31694
17341	689	235	30128	187	0	31239
17342	30009	177	541	177	0	30904
17343	740	137	285	30014	0	31176
17344	30429	112	226	562	0	31329
17345	708	87	165	30439	0	31399
17346	30416	116	154	685	0	31371
17347	698	109	30367	404	0	31578
17348	403	95	517	30704	0	31719
17349	304	108	222	30858	0	31492
17350	235	113	30493	798	0	31639
17351	231	81	543	30683	0	31538
17352	281	25673	440	789	0	27183
17353	195	486	219	32751	0	33651
17354	203	205	174	34310	0	34892
17355	227	151	145	36725	0	37248
17356	199	126	36205	1199	0	37729
17357	35728	77	777	687	0	37269
17358	945	92	343	38946	0	40326
17359	459	99	39443	1081	0	41082
17360	38954	77	982	600	0	40613
17361	40307	91	408	429	0	41235
17362	41427	113	262	341	0	42143
17363	1526	88	195	40886	0	42695
17364	779	80	190	44905	0	45954
17365	525	103	145	44476	0	45249
17366	352	43703	179	1656	0	45890
17367	43563	1095	145	875	0	45678
17368	43740	410	158	600	0	44908
17369	1645	289	162	43018	0	45114
17370	856	186	41948	1351	0	44341
17371	635	164	42216	671	0	43686
17372	408	40127	1479	498	0	42512
17373	333	42302	635	418	0	43688
17374	38490	1454	585	557	0	41086
17375	1031	37709	175	251	0	39166
17376	37197	902	184	204	0	38487
17377	37273	323	108	230	0	37934
17378	37276	166	102	217	0	37761
17379	1330	141	90	36804	0	38365
17380	637	118	80	39213	0	40048
17381	39732	119	82	1297	0	41230
17382	1237	99	75	40433	0	41844
17383	504	113	40059	1206	0	41882
17384	40617	103	1012	540	0	42272
17385	1257	127	356	40517	0	42257
17386	597	142	174	41457	0	42370
17387	456	137	112	42071	0	42776
17388	316	124	40398	1534	0	42372
17389	38689	103	1066	693	0	40551
17390	1238	108	40350	380	0	42076
17391	622	93	1163	40186	0	42064
17392	359	142	40722	1224	0	42447
17393	360	93	1193	40068	0	41714
17394	353	104	432	41413	0	42302
17395	284	112	41407	1575	0	43378
17396	396	85	1197	39180	0	40858
17397	281	41290	469	1299	0	43339
17398	41578	1059	284	641	0	43562
17399	42461	346	190	548	0	43545
17400	1598	156	194	41779	0	43727
17401	650	122	41736	1391	0	43899
17402	402	39954	1223	703	0	42282
17403	346	42193	534	456	0	43529
17404	39922	1306	341	448	0	42017
17405	1287	484	39254	409	0	41434
17406	39291	229	1186	450	0	41156
17407	1455	151	515	39310	0	41431
17408	660	129	313	40415	0	41517
17409	38701	128	287	1706	0	40822
17410	1295	38708	242	843	0	41088
17411	577	1104	39128	545	0	41354
17412	502	431	1216	38832	0	40981
17413	382	210	39238	1428	0	41258
17414	319	38505	1350	718	0	40892
17415	374	1110	589	39147	0	41220
17416	38624	464	375	1473	0	40936
17417	39563	292	308	738	0	40901
17418	1626	277	38420	492	0	40815
17419	768	38415	1259	441	0	40883
17420	38432	1169	567	456	0	40624
17421	1416	38600	364	408	0	40788
17422	713	1281	277	38476	0	40747
17423	38387	537	261	1414	0	40599
17424	1462	318	270	38787	0	40837
17425	705	293	37885	1499	0	40382
17426	554	231	1215	38617	0	40617
17427	426	283	38127	1527	0	40363
17428	478	251	1310	38262	0	40301
17429	37975	252	558	1603	0	40388
17430	1403	37951	376	836	0	40566
17431	38346	1187	358	595	0	40486
17432	1514	524	301	38157	0	40496
17433	715	360	340	38836	0	40251
17434	519	346	34416	1821	0	37102
17435	493	266	37934	864	0	39557
17436	466	37706	1495	611	0	40278
17437	474	1208	37658	542	0	39882
17438	35990	510	1473	574	0	38547
17439	1412	36978	640	546	0	39576
17440	640	38068	486	521	0	39715
17441	491	38726	374	532	0	40123
17442	478	1677	336	37942	0	40433
17443	435	701	38047	1500	0	40683
17444	414	38378	1361	774	0	40927
17445	439	1381	583	36540	0	38943
17446	418	38541	418	1424	0	40801
17447	37825	1403	397	734	0	40359
17448	38863	590	348	625	0	40426
17449	1690	498	367	37911	0	40466
17450	797	377	343	38520	0	40037
17451	36552	319	348	1791	0	39010
17452	1367	35590	341	933	0	38231
17453	648	36428	319	577	0	37972
17454	588	1638	261	33700	0	36187
17455	346	495	31695	1176	0	33712
17456	292	31337	977	588	0	33194
17457	29493	969	541	443	0	31446
17458	873	28262	324	381	0	29840
17459	346	28584	234	325	0	29489
17460	27194	983	308	277	0	28762
17461	800	27880	182	243	0	29105
17462	404	880	27008	242	0	28534
17463	262	27000	711	254	0	28227
17464	23173	614	373	163	0	24323
17465	458	23082	149	111	0	23800
17466	22896	553	163	136	0	23748
17467	567	234	100	22679	0	23580
17468	242	190	77	23252	0	23761
17469	174	161	23041	540	0	23916
17470	148	23123	413	232	0	23916
17471	161	465	150	23511	0	24287
17472	23340	199	119	530	0	24188
17473	23393	155	82	275	0	23905
17474	526	23510	89	195	0	24320
17475	259	476	94	23676	0	24505
17476	23797	232	79	519	0	24627
17477	24029	161	126	241	0	24557
17478	605	148	23001	166	0	23920
17479	288	129	21766	116	0	22299
17480	211	124	21244	96	0	21675
17481	111	20536	395	66	0	21108
17482	19494	317	359	77	0	20247
17483	308	19290	90	64	0	19752
17484	19070	299	111	69	0	19549
17485	287	19759	56	68	0	20170
17486	142	300	57	20306	0	20805
17487	20521	128	42	301	0	20992
17488	303	81	20487	102	0	20973
17489	20317	67	259	76	0	20719
17490	20891	75	85	82	0	21133
17491	359	20742	65	67	0	21233
17492	132	21152	41	78	0	21403
17493	21725	312	93	77	0	22207
17494	309	127	22144	33	0	22613
17495	21122	122	271	85	0	21600
17496	21556	77	97	45	0	21775
17497	356	48	49	21233	0	21686
17498	21669	57	26	251	0	22003
17499	319	51	25	21995	0	22390
17500	144	60	23	22518	0	22745
17501	127	44	33	22111	0	22315
17502	88	21942	31	320	0	22381
17503	22318	238	36	140	0	22732
17504	22536	92	33	107	0	22768
17505	352	62	41	22428	0	22883
17506	153	55	44	22207	0	22459
17507	105	22133	45	299	0	22582
17508	22317	250	36	131	0	22734
17509	293	121	21941	70	0	22425
17510	152	84	229	22182	0	22647
17511	123	65	21823	254	0	22265
17512	119	61	249	21893	0	22322
17513	91	58	22011	294	0	22454
17514	105	51	248	21695	0	22099
17515	21951	60	96	322	0	22429
17516	290	76	22211	115	0	22692
17517	21876	36	248	134	0	22294
17518	302	22962	119	90	0	23473
17519	148	250	64	23545	0	24007
17520	131	98	69	23865	0	24163
17521	24268	69	45	369	0	24751
17522	327	55	55	24997	0	25434
17523	162	66	25143	308	0	25679
17524	24992	47	234	187	0	25460
17525	26060	64	79	163	0	26366
17526	26118	45	56	146	0	26365
17527	26036	41	33	135	0	26245
17528	366	25515	48	114	0	26043
17529	182	224	43	25908	0	26357
17530	25838	76	59	286	0	26259
17531	318	66	31	25609	0	26024
17532	25310	48	37	295	0	25690
17533	324	59	24642	117	0	25142
17534	156	54	24548	96	0	24854
17535	160	346	240	23486	0	24232
17536	102	24067	111	233	0	24513
17537	86	24914	65	155	0	25220
17538	24499	224	73	171	0	24967
17539	228	89	24448	98	0	24863
17540	22784	40	188	113	0	23125
17541	229	24207	88	76	0	24600
17542	24440	162	51	101	0	24754
17543	247	67	40	24243	0	24597
17544	129	71	24581	199	0	24980
17545	127	41	170	24434	0	24772
17546	109	38	68	24485	0	24700
17547	86	24145	52	254	0	24537
17548	75	24812	45	149	0	25081
17549	107	212	45	24949	0	25313
17550	95	25104	50	240	0	25489
17551	99	194	24881	92	0	25266
17552	100	97	23785	97	0	24079
17553	23364	58	239	89	0	23750
17554	24700	55	75	116	0	24946
17555	264	24233	62	65	0	24624
17556	125	188	39	24346	0	24698
17557	128	70	49	24537	0	24784
17558	87	63	24420	244	0	24814
17559	121	96	193	23311	0	23721
17560	70	24039	93	244	0	24446
17561	73	193	23651	116	0	24033
17562	79	86	23290	86	0	23541
17563	87	22358	241	117	0	22803
17564	87	219	23501	60	0	23867
17565	94	86	209	23393	0	23782
17566	190	67	92	21512	0	21861
17567	77	60	23941	269	0	24347
17568	113	65	200	23416	0	23794
17569	63	22851	101	269	0	23284
17570	67	23940	69	129	0	24205
17571	55	248	57	23748	0	24108
17572	76	86	23947	231	0	24340
17573	42	24108	227	122	0	24499
17574	135	290	103	23897	0	24425
17575	62	80	23397	205	0	23744
17576	22152	30	172	117	0	22471
17577	23376	31	58	91	0	23556
17578	23384	26	32	75	0	23517
17579	209	29	31	23116	0	23385
17580	90	26	29	23248	0	23393
17581	50	31	23782	208	0	24071
17582	64	24	167	23606	0	23861
17583	52	32	52	24039	0	24175
17584	40	27	23944	205	0	24216
17585	21012	23	159	148	0	21342
17586	152	22351	73	60	0	22636
17587	22453	137	35	85	0	22710
17588	154	22201	30	32	0	22417
17589	90	153	31	22345	0	22619
17590	50	51	22441	153	0	22695
17591	69	79	140	21518	0	21806
17592	31	34	21749	158	0	21972
17593	19082	29	149	132	0	19392
17594	132	17	20499	49	0	20697
17595	58	14	153	19955	0	20180
17596	34	16	20599	146	0	20795
17597	22	20849	165	56	0	21092
17598	62	166	48	21469	0	21745
17599	52	39	46	21419	0	21556
17600	61	21	25	22167	0	22274
17601	37	25	22100	252	0	22414
17602	35	32	22347	98	0	22512
17603	43	9	266	22611	0	22929
17604	64	9	87	26365	0	26525
17605	39	16	48	28430	0	28533
17606	29014	12	39	719	0	29784
17607	557	10	37	30316	0	30920
17608	213	23	31609	686	0	32531
17609	33152	18	605	328	0	34103
17610	781	25	220	34685	0	35711
17611	36204	16	176	830	0	37226
17612	37329	17	71	383	0	37800
17613	1121	12	71	37014	0	38218
17614	37274	12	70	970	0	38326
17615	37753	6	45	456	0	38260
17616	1170	21	36405	270	0	37866
17617	559	36752	803	201	0	38315
17618	417	743	293	35657	0	37110
17619	330	266	200	37200	0	37996
17620	36786	168	104	1137	0	38195
17621	36640	69	98	591	0	37398
17622	36657	63	73	411	0	37204
17623	1324	38	34300	278	0	35940
17624	633	34742	818	203	0	36396
17625	34947	778	343	214	0	36282
17626	1028	35120	235	169	0	36552
17627	35516	940	124	231	0	36811
17628	1185	348	117	35194	0	36844
17629	35438	248	92	942	0	36720
17630	35998	142	85	448	0	36673
17631	36241	107	79	388	0	36815
17632	1446	101	35070	250	0	36867
17633	36002	63	794	278	0	37137
17634	1278	35680	337	207	0	37502
17635	36737	818	215	230	0	38000
17636	37322	336	150	232	0	38040
17637	37776	242	122	230	0	38370
17638	1621	149	109	36007	0	37886
17639	842	36241	98	875	0	38056
17640	36836	870	129	440	0	38275
17641	1266	386	36052	321	0	38025
17642	710	36508	844	263	0	38325
17643	676	959	327	34406	0	36368
17644	517	36106	244	801	0	37668
17645	36289	1040	168	420	0	37917
17646	37654	443	136	324	0	38557
17647	1534	337	121	36774	0	38766
17648	868	234	36110	1030	0	38242
17649	631	36181	883	503	0	38198
17650	700	963	416	32101	0	34180
17651	535	439	265	37637	0	38876
17652	475	329	175	39096	0	40075
17653	38490	214	154	1520	0	40378
17654	39263	203	156	740	0	40362
17655	39517	182	132	517	0	40348
17656	39985	208	125	395	0	40713
17657	1899	196	103	38677	0	40875
17658	1037	198	38794	1181	0	41210
17659	825	173	967	39455	0	41420
17660	647	147	424	40208	0	41426
17661	601	167	275	40368	0	41411
17662	631	170	186	40627	0	41614
17663	39557	165	156	1798	0	41676
17664	1454	155	207	39892	0	41708
17665	39749	128	203	1591	0	41671
17666	40445	168	180	892	0	41685
17667	1854	164	38699	690	0	41407
17668	1197	176	38321	526	0	40220
17669	937	161	39484	543	0	41125
17670	859	197	1398	38691	0	41145
17671	776	173	39293	1311	0	41553
17672	762	184	1250	38637	0	40833
17673	686	201	591	39252	0	40730
17674	39146	188	458	1755	0	41547
17675	1486	195	313	38863	0	40857
17676	975	39301	291	1561	0	42128
17677	40527	982	272	930	0	42711
17678	1608	40381	279	713	0	42981
17679	985	1183	40504	576	0	43248
17680	774	41090	1117	548	0	43529
17681	40572	1268	552	498	0	42890
17682	1570	606	392	40244	0	42812
17683	1021	451	39743	1266	0	42481
17684	40097	335	1105	751	0	42288
17685	1617	299	558	40280	0	42754
17686	1017	297	40160	1337	0	42811
17687	935	254	1105	40562	0	42856
17688	801	246	568	41308	0	42923
17689	763	235	420	41111	0	42529
17690	697	40100	333	1714	0	42844
17691	41058	1067	284	928	0	43337
17692	1606	528	282	40439	0	42855
17693	996	40407	284	1334	0	43021
17694	846	1138	211	41217	0	43412
17695	701	632	40287	1479	0	43099
17696	665	40656	1065	839	0	43225
17697	40463	1133	537	690	0	42823
17698	40723	598	400	541	0	42262
17699	1632	431	301	39548	0	41912
17700	935	364	256	40287	0	41842
17701	39816	304	253	1623	0	41996
17702	39058	276	255	1000	0	40589
17703	1545	38830	255	728	0	41358
17704	35415	766	231	484	0	36896
17705	1136	303	33210	400	0	35049
17706	657	266	32202	372	0	33497
17707	389	31483	719	372	0	32963
17708	328	30971	381	256	0	31936
17709	28149	606	667	211	0	29633
17710	487	28016	163	196	0	28862
17711	27207	392	137	147	0	27883
17712	26748	220	113	136	0	27217
17713	26489	92	97	133	0	26811
17714	510	112	78	26001	0	26701
17715	26442	75	76	416	0	27009
17716	469	76	26005	199	0	26749
17717	241	80	25702	167	0	26190
17718	190	25855	407	157	0	26609
17719	183	303	26143	124	0	26753
17720	182	173	357	25339	0	26051
17721	116	100	26136	390	0	26742
17722	146	100	25488	191	0	25925
17723	144	77	436	25698	0	26355
17724	25864	91	222	405	0	26582
17725	26012	100	130	223	0	26465
17726	464	73	26361	136	0	27034
17727	25964	71	360	194	0	26589
17728	408	61	26637	111	0	27217
17729	26598	54	366	161	0	27179
17730	27659	43	209	161	0	28072
17731	503	60	121	27406	0	28090
17732	284	74	101	26747	0	27206
17733	265	25811	110	437	0	26623
17734	148	26736	101	222	0	27207
17735	157	381	106	26317	0	26961
17736	186	165	96	26601	0	27048
17737	25840	106	83	435	0	26464
17738	361	25548	78	225	0	26212
17739	25430	316	87	196	0	26029
17740	350	25624	86	117	0	26177
17741	206	342	25216	109	0	25873
17742	201	166	291	25129	0	25787
17743	25399	98	137	402	0	26036
17744	26250	80	80	227	0	26637
17745	485	26426	78	150	0	27139
17746	203	26914	77	106	0	27300
17747	147	27590	76	104	0	27917
17748	176	593	86	29055	0	29910
17749	138	178	29387	507	0	30210
17750	101	29348	458	173	0	30080
17751	169	550	159	29326	0	30204
17752	117	129	65	29948	0	30259
17753	62	87	29374	533	0	30056
17754	90	80	28773	181	0	29124
17755	28541	57	530	168	0	29296
17756	514	51	29751	85	0	30401
17757	29423	65	478	144	0	30110
17758	28997	60	153	109	0	29319
17759	29144	63	100	81	0	29388
17760	28964	52	83	118	0	29217
17761	619	56	28035	71	0	28781
17762	218	28172	446	74	0	28910
17763	207	467	141	28069	0	28884
17764	136	160	28328	463	0	29087
17765	158	106	456	27635	0	28355
17766	145	25965	240	492	0	26842
17767	151	468	103	28732	0	29454
17768	162	171	77	28878	0	29288
17769	170	85	82	28408	0	28745
17770	28429	68	85	641	0	29223
17771	533	80	92	28377	0	29082
17772	249	84	85	28536	0	28954
17773	161	85	92	28350	0	28688
17774	111	27184	120	614	0	28029
17775	27065	451	89	283	0	27888
17776	498	25732	101	173	0	26504
17777	156	26278	81	149	0	26664
17778	177	490	95	26362	0	27124
17779	162	165	90	26538	0	26955
17780	26329	94	67	638	0	27128
17781	553	68	81	26684	0	27386
17782	26991	70	77	600	0	27738
17783	31692	71	71	274	0	32108
17784	963	69	72	31516	0	32620
17785	468	70	69	31585	0	32192
17786	185	31989	96	1022	0	33292
17787	33049	792	63	504	0	34408
17788	873	34340	65	254	0	35532
17789	34537	950	73	204	0	35764
17790	1021	390	33719	183	0	35313
17791	33959	195	826	229	0	35209
17792	35571	131	321	222	0	36245
17793	1305	116	138	34319	0	35878
17794	554	138	34398	975	0	36065
17795	311	34380	911	494	0	36096
17796	297	998	373	35368	0	37036
17797	233	396	35352	1123	0	37104
17798	250	241	1001	35251	0	36743
17799	34742	152	406	1234	0	36534
17800	1126	127	34451	530	0	36234
17801	487	33787	1002	341	0	35617
17802	285	35248	461	250	0	36244
17803	371	1301	225	31010	0	32907
17804	234	34514	153	824	0	35725
17805	34247	1102	160	456	0	35965
17806	34691	471	112	335	0	35609
17807	34846	258	134	256	0	35494
17808	1408	217	32999	196	0	34820
17809	33911	194	969	231	0	35305
17810	1220	198	407	33360	0	35185
17811	612	169	190	34117	0	35088
17812	409	171	147	34323	0	35050
17813	347	130	167	34365	0	35009
17814	273	165	32987	1499	0	34924
17815	261	144	33118	698	0	34221
17816	252	135	33047	405	0	33839
17817	31655	122	1307	364	0	33448
17818	1082	32041	534	355	0	34012
17819	579	993	274	32105	0	33951
17820	31859	428	207	1182	0	33676
17821	1080	32145	179	642	0	34046
17822	548	33317	197	364	0	34426
17823	32599	1316	192	313	0	34420
17824	33219	556	167	299	0	34241
17825	1384	32750	170	271	0	34575
17826	700	1070	146	31117	0	33033
17827	386	32148	147	1066	0	33747
17828	31934	1109	138	551	0	33732
17829	32031	517	139	371	0	33058
17830	32189	315	125	307	0	32936
17831	1519	30803	138	273	0	32733
17832	722	1063	115	31302	0	33202
17833	436	503	30957	1140	0	33036
17834	393	317	967	31175	0	32852
17835	377	273	389	32055	0	33094
17836	326	266	30706	1409	0	32707
17837	30544	205	962	692	0	32403
17838	1189	203	446	31201	0	33039
17839	621	208	242	31262	0	32333
17840	401	30731	172	1399	0	32703
17841	30739	1039	175	694	0	32647
17842	1235	512	163	30183	0	32093
17843	586	30241	160	1191	0	32178
17844	29224	987	162	667	0	31040
17845	1071	29191	146	425	0	30833
17846	28058	988	208	336	0	29590
17847	1126	477	27458	296	0	29357
17848	519	316	25174	236	0	26245
17849	337	177	24998	213	0	25725
17850	260	24843	1112	213	0	26428
17851	382	851	670	22654	0	24557
17852	276	23892	230	705	0	25103
17853	24225	842	178	411	0	25656
17854	838	426	24121	223	0	25608
17855	23928	264	781	212	0	25185
17856	24540	211	388	167	0	25306
17857	1102	221	238	23866	0	25427
17858	23836	203	653	789	0	25481
17859	993	156	182	24342	0	25673
17860	499	180	24001	856	0	25536
17861	23816	171	746	437	0	25170
17862	849	23845	410	263	0	25367
17863	522	755	213	24175	0	25665
17864	24266	385	154	817	0	25622
17865	888	235	147	24360	0	25630
17866	525	160	23717	898	0	25300
17867	336	162	745	23763	0	25006
17868	277	23719	376	873	0	25245
17869	24016	720	198	454	0	25388
17870	859	379	136	23906	0	25280
17871	24082	224	137	858	0	25301
17872	909	161	125	24128	0	25323
17873	488	127	135	23885	0	24635
17874	321	23588	139	1029	0	25077
17875	23619	728	120	548	0	25015
17876	825	24357	124	340	0	25646
17877	492	775	111	23095	0	24473
17878	254	23394	104	800	0	24552
17879	23289	755	86	448	0	24578
17880	23107	392	94	331	0	23924
17881	23108	253	81	293	0	23735
17882	1061	21764	100	235	0	23160
17883	209	17547	48	100	0	17904
17884	17248	412	57	90	0	17807
17885	385	17379	40	107	0	17911
17886	241	600	107	16229	0	17177
17887	176	128	15723	288	0	16315
17888	14523	71	205	121	0	14920
17889	14765	36	62	88	0	14951
17890	14662	57	24	53	0	14796
17891	259	14562	13	39	0	14873
17892	14311	179	17	46	0	14553
17893	232	71	14538	30	0	14871
17894	82	14324	152	25	0	14583
17895	70	269	63	13508	0	13910
17896	28	13590	20	80	0	13718
17897	13071	81	32	39	0	13223
17898	81	13301	10	18	0	13410
17899	31	67	6	13300	0	13404
17900	16	13351	10	63	0	13440
17901	21	74	8	13709	0	13812
17902	25	30	5	13383	0	13443
17903	19	14	13433	88	0	13554
17904	17	14	73	13103	0	13207
17905	13141	12	20	98	0	13271
17906	13126	12	13	48	0	13199
17907	102	14	6	13169	0	13291
17908	42	19	13071	75	0	13207
17909	26	19	76	12996	0	13117
17910	13107	10	22	106	0	13245
17911	13629	11	17	72	0	13729
17912	13821	12	4	46	0	13883
17913	102	14305	19	20	0	14446
17914	14494	74	4	55	0	14627
17915	101	31	14249	15	0	14396
17916	15256	16	78	54	0	15404
17917	110	11	26	15824	0	15971
17918	51	18	14	15994	0	16077
17919	32	12	12	16085	0	16141
17920	15744	12	8	155	0	15919
17921	15416	12	11	68	0	15507
17922	133	8	8	15478	0	15627
17923	58	15	15743	105	0	15921
17924	56	17	86	15652	0	15811
17925	32	18	31	15616	0	15697
17926	42	16	15467	114	0	15639
17927	27	15459	92	70	0	15648
17928	38	89	29	15839	0	15995
17929	16110	31	21	142	0	16304
17930	122	24	9	16236	0	16391
17931	55	18	11	16377	0	16461
17932	16466	17	6	162	0	16651
17933	114	16225	18	63	0	16420
17934	49	16590	11	46	0	16696
17935	16506	133	5	64	0	16708
17936	126	45	16499	29	0	16699
17937	16040	28	100	71	0	16239
17938	134	26	17323	22	0	17505
17939	50	17607	113	30	0	17800
17940	17856	103	40	52	0	18051
17941	18021	38	25	43	0	18127
17942	18076	30	13	51	0	18170
17943	18092	18	10	56	0	18176
17944	166	27	17981	16	0	18190
17945	94	26	97	17818	0	18035
17946	18141	12	34	147	0	18334
17947	145	13	18665	39	0	18862
17948	64	23	18277	29	0	18393
17949	41	18301	127	26	0	18495
17950	18501	106	56	33	0	18696
17951	144	39	30	18338	0	18551
17952	18464	17	29	124	0	18634
17953	124	18698	20	37	0	18879
17954	56	117	16	19842	0	20031
17955	58	35	12	19895	0	20000
17956	48	22	10	20437	0	20517
17957	31	20	20655	207	0	20913
17958	32	21014	165	80	0	21291
17959	22411	170	55	72	0	22708
17960	238	53	33	22495	0	22819
17961	22484	33	18	250	0	22785
17962	22425	14	17	104	0	22560
17963	308	14	17	22330	0	22669
17964	124	30	22676	241	0	23071
17965	110	18	214	22557	0	22899
17966	37	22554	61	284	0	22936
17967	63	214	54	23059	0	23390
17968	37	64	22852	282	0	23235
17969	22676	48	220	110	0	23054
17970	260	15	68	23233	0	23576
17971	23018	17	57	297	0	23389
17972	278	33	22764	89	0	23164
17973	22025	16	228	132	0	22401
17974	299	30	22806	44	0	23179
17975	21918	10	252	72	0	22252
17976	291	22000	84	53	0	22428
17977	85	22716	63	63	0	22927
17978	95	272	43	22714	0	23124
17979	147	97	40	21073	0	21357
17980	70	57	19	22850	0	22996
17981	22864	24	21	348	0	23257
17982	262	27	22	23087	0	23398
17983	85	31	23049	280	0	23445
17984	22295	21	219	158	0	22693
17985	232	23316	67	113	0	23728
17986	23575	217	68	109	0	23969
17987	23290	68	32	88	0	23478
17988	314	61	23333	48	0	23756
17989	189	33	236	23138	0	23596
17990	124	25	68	24497	0	24714
17991	72	40	24808	308	0	25228
17992	62	24661	250	144	0	25117
17993	24470	263	74	143	0	24950
17994	24738	70	73	114	0	24995
17995	354	65	41	25105	0	25565
17996	170	35	28	25169	0	25402
17997	119	25	38	26143	0	26325
17998	25497	32	41	474	0	26044
17999	339	25924	51	194	0	26508
18000	26224	302	30	171	0	26727
18001	26210	92	43	130	0	26475
18002	456	84	26900	76	0	27516
18003	222	57	365	26270	0	26914
18004	160	27349	117	382	0	28008
18005	132	371	76	27991	0	28570
18006	137	141	55	28903	0	29236
18007	107	93	29313	551	0	30064
18008	29912	50	432	307	0	30701
18009	32617	41	166	225	0	33049
18010	33824	54	100	188	0	34166
18011	820	56	67	33043	0	33986
18012	372	70	51	32930	0	33423
18013	231	32212	80	776	0	33299
18014	170	33760	79	338	0	34347
18015	33294	723	74	268	0	34359
18016	714	32641	58	177	0	33590
18017	299	688	32452	149	0	33588
18018	271	256	625	32903	0	34055
18019	33265	184	233	734	0	34416
18020	751	116	32791	291	0	33949
18021	350	126	32586	255	0	33317
18022	33136	98	810	205	0	34249
18023	33499	102	328	188	0	34117
18024	964	96	181	32920	0	34161
18025	435	95	32809	753	0	34092
18026	344	82	679	32967	0	34072
18027	230	148	31718	840	0	32936
18028	213	139	32978	345	0	33675
18029	249	33085	788	271	0	34393
18030	33272	649	383	217	0	34521
18031	33437	249	271	226	0	34183
18032	887	32885	195	224	0	34191
18033	516	688	160	32787	0	34151
18034	377	275	181	33203	0	34036
18035	279	198	183	33654	0	34314
18036	32947	116	174	1039	0	34276
18037	772	32656	130	489	0	34047
18038	32206	683	143	358	0	33390
18039	32170	296	172	269	0	32907
18040	951	222	31019	254	0	32446
18041	498	31025	699	228	0	32450
18042	394	680	316	31599	0	32989
18043	275	343	31402	721	0	32741
18044	30862	215	716	394	0	32187
18045	31770	139	290	342	0	32541
18046	31815	153	235	247	0	32450
18047	31499	128	181	262	0	32070
18048	1072	146	166	30480	0	31864
18049	542	106	30193	778	0	31619
18050	461	117	663	30377	0	31618
18051	30402	137	288	859	0	31686
18052	30425	118	240	425	0	31208
18053	967	29575	173	320	0	31035
18054	29274	579	169	241	0	30263
18055	911	292	28756	197	0	30156
18056	476	210	28454	214	0	29354
18057	27851	184	849	248	0	29132
18058	840	27535	388	195	0	28958
18059	508	484	225	25960	0	27177
18060	374	26350	137	536	0	27397
18061	341	558	137	26858	0	27894
18062	315	254	130	27010	0	27709
18063	305	182	141	27702	0	28330
18064	26774	171	133	842	0	27920
18065	27451	145	135	407	0	28138
18066	27273	133	142	293	0	27841
18067	854	155	26524	216	0	27749
18068	26769	123	554	230	0	27676
18069	793	127	309	27368	0	28597
18070	502	96	232	28439	0	29269
18071	400	100	28256	824	0	29580
18072	366	127	624	30763	0	31880
18073	31942	95	288	946	0	33271
18074	858	129	31763	485	0	33235
18075	511	94	769	32090	0	33464
18076	32237	98	356	932	0	33623
18077	32330	90	254	498	0	33172
18078	1154	104	31926	318	0	33502
18079	628	127	32368	236	0	33359
18080	466	107	953	32705	0	34231
18081	33112	100	486	912	0	34610
18082	33632	112	305	489	0	34538
18083	1174	119	223	31960	0	33476
18084	596	32753	185	886	0	34420
18085	33003	692	204	514	0	34413
18086	973	32979	190	420	0	34562
18087	621	808	191	33364	0	34984
18088	432	313	32854	930	0	34529
18089	407	206	32276	464	0	33353
18090	386	133	32565	290	0	33374
18091	411	145	1049	31504	0	33109
18092	378	103	521	32276	0	33278
18093	31715	85	351	1066	0	33217
18094	884	31255	240	585	0	32964
18095	31644	681	216	374	0	32915
18096	1062	291	180	30078	0	31611
18097	498	30321	190	825	0	31834
18098	385	31536	183	400	0	32504
18099	356	914	156	31010	0	32436
18100	30931	390	163	854	0	32338
18101	875	30956	165	472	0	32468
18102	29558	676	173	339	0	30746
18103	819	30217	181	248	0	31465
18104	29892	709	193	235	0	31029
18105	908	322	28905	205	0	30340
18106	451	254	28427	201	0	29333
18107	346	27920	716	154	0	29136
18108	25741	787	615	223	0	27366
18109	538	24336	165	108	0	25147
18110	219	22970	115	130	0	23434
18111	359	586	134	23131	0	24210
18112	23099	240	101	420	0	23860
18113	455	23200	67	192	0	23914
18114	22616	388	74	124	0	23202
18115	435	22492	53	75	0	23055
18116	22156	418	50	96	0	22720
18117	436	21894	40	56	0	22426
18118	175	22251	44	56	0	22526
18119	144	481	60	21273	0	21958
18120	90	21805	60	288	0	22243
18121	21673	420	28	135	0	22256
18122	388	169	21330	79	0	21966
18123	170	140	320	21447	0	22077
18124	112	114	21677	361	0	22264
18125	105	69	364	21575	0	22113
18126	94	79	131	21880	0	22184
18127	79	68	20834	474	0	21455
18128	19496	58	345	264	0	20163
18129	383	20311	163	151	0	21008
18130	20651	337	109	146	0	21243
18131	432	20680	68	124	0	21304
18132	218	389	83	20767	0	21457
18133	20754	156	95	390	0	21395
18134	20921	122	72	192	0	21307
18135	21080	87	76	157	0	21400
18136	579	69	74	20657	0	21379
18137	285	86	63	20833	0	21267
18138	188	21183	84	469	0	21924
18139	21443	371	58	275	0	22147
18140	21819	150	77	182	0	22228
18141	21788	122	93	143	0	22146
18142	21591	109	75	152	0	21927
18143	607	20765	77	116	0	21565
18144	305	378	103	21118	0	21904
18145	184	189	20907	407	0	21687
18146	20589	138	375	238	0	21340
18147	21860	83	141	206	0	22290
18148	613	110	21459	94	0	22276
18149	311	128	21575	107	0	22121
18150	215	116	487	21709	0	22527
18151	171	137	200	22356	0	22864
18152	168	133	114	22635	0	23050
18153	22060	133	88	616	0	22897
18154	488	103	101	22290	0	22982
18155	269	92	21644	527	0	22532
18156	194	117	448	21872	0	22631
18157	129	101	22119	555	0	22904
18158	145	95	464	22078	0	22782
18159	160	100	199	23263	0	23722
18160	167	95	23094	628	0	23984
18161	22042	119	466	325	0	22952
18162	529	23334	216	185	0	24264
18163	23675	510	143	149	0	24477
18164	619	267	68	24211	0	25165
18165	24283	200	64	602	0	25149
18166	635	25015	70	305	0	26025
18167	328	26476	38	221	0	27063
18168	326	1123	83	27241	0	28773
18169	219	378	28401	658	0	29656
18170	150	246	27692	292	0	28380
18171	144	27743	851	221	0	28959
18172	24333	633	407	173	0	25546
18173	560	249	170	24134	0	25113
18174	23868	127	121	576	0	24692
18175	578	23526	143	251	0	24498
18176	278	24337	105	177	0	24897
18177	236	765	91	24070	0	25162
18178	23993	338	62	595	0	24988
18179	24236	195	46	304	0	24781
18180	761	167	23455	174	0	24557
18181	383	160	22933	118	0	23594
18182	22813	136	616	150	0	23715
18183	614	22902	309	124	0	23949
18184	22910	517	196	94	0	23717
18185	712	251	149	22467	0	23579
18186	332	164	22175	506	0	23177
18187	21515	106	554	264	0	22439
18188	570	21695	282	168	0	22715
18189	306	22311	182	116	0	22915
18190	283	669	145	21877	0	22974
18191	22126	310	118	573	0	23127
18192	595	197	109	22256	0	23157
18193	22796	159	109	608	0	23672
18194	648	186	21617	302	0	22753
18195	22247	158	429	225	0	23059
18196	22846	123	172	220	0	23361
18197	835	122	21681	169	0	22807
18198	21514	102	495	168	0	22279
18199	726	21322	285	131	0	22464
18200	455	478	190	21084	0	22207
18201	345	21454	162	446	0	22407
18202	21796	561	165	206	0	22728
18203	688	280	139	21119	0	22226
18204	372	21018	129	514	0	22033
18205	318	546	93	21140	0	22097
18206	230	21247	83	611	0	22171
18207	223	625	70	21548	0	22466
18208	21484	346	61	663	0	22554
18209	594	232	72	21594	0	22492
18210	343	193	21069	668	0	22273
18211	20930	170	458	394	0	21952
18212	630	157	225	21323	0	22335
18213	351	142	20807	652	0	21952
18214	306	123	20179	405	0	21013
18215	271	108	21168	285	0	21832
18216	267	101	771	20777	0	21916
18217	262	83	392	21596	0	22333
18218	198	92	283	21712	0	22285
18219	222	93	243	21857	0	22415
18220	21403	115	230	864	0	22612
18221	21963	114	192	513	0	22782
18222	22161	117	149	401	0	22828
18223	22448	116	125	344	0	23033
18224	885	99	107	21897	0	22988
18225	507	139	22066	682	0	23394
18226	22260	102	474	458	0	23294
18227	23181	142	240	315	0	23878
18228	926	103	177	22709	0	23915
18229	539	109	154	23285	0	24087
18230	23271	105	164	831	0	24371
18231	762	84	148	22503	0	23497
18232	454	22264	160	763	0	23641
18233	22939	480	144	492	0	24055
18234	22831	244	153	394	0	23622
18235	911	154	22897	320	0	24282
18236	514	136	568	23118	0	24336
18237	402	150	289	23846	0	24687
18238	23430	115	220	875	0	24640
18239	23801	125	171	471	0	24568
18240	974	99	150	23532	0	24755
18241	563	117	23182	775	0	24637
18242	451	81	23339	485	0	24356
18243	402	71	685	23741	0	24899
18244	407	111	345	24158	0	25021
18245	23592	78	227	896	0	24793
18246	797	22800	212	504	0	24313
18247	454	22732	198	387	0	23771
18248	372	23578	185	309	0	24444
18249	372	689	185	23220	0	24466
18250	23056	302	189	755	0	24302
18251	23022	213	106	434	0	23775
18252	830	22847	76	315	0	24068
18253	23220	603	64	279	0	24166
18254	759	306	96	22990	0	24151
18255	432	230	22977	676	0	24315
18256	409	161	495	22846	0	23911
18257	395	139	216	23213	0	23963
18258	330	126	156	23157	0	23769
18259	22060	94	139	838	0	23131
18260	625	186	131	21345	0	22287
18261	350	21105	117	735	0	22307
18262	20705	420	204	489	0	21818
18263	549	20293	124	378	0	21344
18264	286	19699	105	300	0	20390
18265	232	20134	92	261	0	20719
18266	251	412	18299	198	0	19160
18267	151	17691	318	168	0	18328
18268	192	291	15577	110	0	16170
18269	14219	106	178	73	0	14576
18270	14719	25	42	75	0	14861
18271	147	24	15099	45	0	15315
18272	15175	17	116	70	0	15378
18273	15815	19	27	71	0	15932
18274	134	31	15746	28	0	15939
18275	52	16134	112	34	0	16332
18276	69	137	29	16321	0	16556
18277	16556	23	17	144	0	16740
18278	134	30	20	16354	0	16538
18279	17021	25	17	153	0	17216
18280	16952	25	19	58	0	17054
18281	142	24	16910	30	0	17106
18282	16743	20	103	65	0	16931
18283	137	17382	34	33	0	17586
18284	17698	90	23	49	0	17860
18285	140	32	14	17773	0	17959
18286	57	27	17749	126	0	17959
18287	69	19	102	17554	0	17744
18288	17701	23	37	142	0	17903
18289	119	17701	21	73	0	17914
18290	50	123	17661	34	0	17868
18291	88	36	99	17089	0	17312
18292	54	22	17686	129	0	17891
18293	40	17722	117	53	0	17932
18294	17778	110	34	71	0	17993
18295	147	40	23	17780	0	17990
18296	62	34	17826	116	0	18038
18297	66	51	16897	47	0	17061
18298	18123	23	140	76	0	18362
18299	147	26	44	18297	0	18514
18300	67	25	31	18398	0	18521
18301	57	33	18564	145	0	18799
18302	51	32	18223	62	0	18368
18303	48	19146	148	57	0	19399
18304	50	131	55	19404	0	19640
18305	53	46	49	19414	0	19562
18306	50	19406	27	167	0	19650
18307	41	137	19189	75	0	19442
18308	18888	44	138	55	0	19125
18309	158	39	44	19729	0	19970
18310	60	42	20073	154	0	20329
18311	73	25	150	19401	0	19649
18312	62	19989	52	171	0	20274
18313	50	145	20061	72	0	20328
18314	19459	43	173	107	0	19782
18315	178	40	20437	43	0	20698
18316	72	56	20068	33	0	20229
18317	46	47	20057	43	0	20193
18318	45	38	21082	44	0	21209
18319	66	31	224	21218	0	21539
18320	47	31	22454	207	0	22739
18321	68	34	233	21791	0	22126
18322	54	22277	67	225	0	22623
18323	23539	211	67	102	0	23919
18324	306	56	55	23949	0	24366
18325	96	63	23818	301	0	24278
18326	57	23832	305	126	0	24320
18327	73	287	102	24155	0	24617
18328	24068	84	99	344	0	24595
18329	283	24127	63	116	0	24589
18330	120	292	46	24615	0	25073
18331	24782	91	47	344	0	25264
18332	315	61	24411	110	0	24897
18333	24379	35	304	115	0	24833
18334	332	29	25000	61	0	25422
18335	23911	32	331	63	0	24337
18336	24165	21	111	72	0	24369
18337	375	28	23773	36	0	24212
18338	117	23459	283	39	0	23898
18339	162	273	112	22719	0	23266
18340	51	81	23955	259	0	24346
18341	94	82	270	22996	0	23442
18342	85	51	92	23292	0	23520
18343	46	25	23622	344	0	24037
18344	47	31	23323	131	0	23532
18345	60	16	322	23606	0	24004
18346	23985	21	131	305	0	24442
18347	259	23535	102	114	0	24010
18348	102	23881	63	85	0	24131
18349	24104	322	43	90	0	24559
18350	24507	110	44	86	0	24747
18351	383	67	37	24392	0	24879
18352	151	61	40	24488	0	24740
18353	98	22	43	24762	0	24925
18354	24226	23	38	420	0	24707
18355	272	23194	56	176	0	23698
18356	105	23875	45	109	0	24134
18357	100	328	49	24085	0	24562
18358	86	99	42	24469	0	24696
18359	71	64	34	24553	0	24722
18360	24237	47	33	438	0	24755
18361	283	24523	37	174	0	25017
18362	24933	288	30	127	0	25378
18363	365	107	24890	68	0	25430
18364	140	25183	326	73	0	25722
18365	101	338	122	25269	0	25830
18366	25264	124	80	395	0	25863
18367	372	91	25168	161	0	25792
18368	170	78	25022	104	0	25374
18369	135	70	438	25328	0	25971
18370	95	52	172	25627	0	25946
18371	66	40	111	25359	0	25576
18372	95	37	84	24478	0	24694
18373	81	33	66	24591	0	24771
18374	55	23771	58	571	0	24455
18375	74	331	54	24268	0	24727
18376	23746	130	57	502	0	24435
18377	353	24093	63	237	0	24746
18378	24066	365	58	195	0	24684
18379	415	159	23455	133	0	24162
18380	187	96	23577	110	0	23970
18381	161	66	471	24423	0	25121
18382	90	71	28493	458	0	29112
18383	99	49	683	28304	0	29135
18384	130	62	267	28268	0	28727
18385	29104	49	163	954	0	30270
18386	29305	44	103	431	0	29883
18387	896	29929	96	240	0	31161
18388	380	31466	69	177	0	32092
18389	255	926	76	31216	0	32473
18390	31434	378	86	824	0	32722
18391	790	222	31511	355	0	32878
18392	362	123	756	31709	0	32950
18393	246	73	301	32203	0	32823
18394	145	71	31448	1082	0	32746
18395	104	31288	821	548	0	32761
18396	175	773	319	31163	0	32430
18397	117	296	31759	925	0	33097
18398	156	186	810	31466	0	32618
18399	30372	111	349	1036	0	31868
18400	754	30325	202	460	0	31741
18401	311	31066	162	299	0	31838
18402	248	959	129	30776	0	32112
18403	30035	402	129	932	0	31498
18404	782	30237	133	457	0	31609
18405	30606	827	132	340	0	31905
18406	916	339	30205	299	0	31759
18407	430	223	31148	237	0	32038
18408	346	183	1046	30139	0	31714
18409	242	167	450	31992	0	32851
18410	30963	147	276	1215	0	32601
18411	1006	143	160	31237	0	32546
18412	472	170	30612	1109	0	32363
18413	358	197	825	30667	0	32047
18414	244	191	365	31626	0	32426
18415	205	136	29940	1280	0	31561
18416	28925	150	885	676	0	30636
18417	902	164	428	30201	0	31695
18418	29098	126	247	1123	0	30594
18419	867	27949	242	586	0	29644
18420	27663	754	236	442	0	29095
18421	873	27155	178	394	0	28600
18422	413	27712	200	359	0	28684
18423	447	993	304	25972	0	27716
18424	25737	408	263	865	0	27273
18425	26029	291	146	438	0	26904
18426	930	258	129	25481	0	26798
18427	25587	185	140	873	0	26785
18428	25824	159	130	494	0	26607
18429	1057	198	121	25499	0	26875
18430	24845	204	113	855	0	26017
18431	905	24885	141	502	0	26433
18432	25222	698	188	358	0	26466
18433	875	361	24079	344	0	25659
18434	25460	202	650	407	0	26719
18435	947	132	315	25597	0	26991
18436	544	107	254	26180	0	27085
18437	365	109	218	26330	0	27022
18438	338	137	192	26285	0	26952
18439	262	142	148	26131	0	26683
18440	274	23761	193	1189	0	25417
18441	276	25517	188	671	0	26652
18442	25408	822	145	507	0	26882
18443	805	426	24959	405	0	26595
18444	25043	313	648	382	0	26386
18445	930	252	25134	358	0	26674
18446	589	231	771	24926	0	26517
18447	431	277	313	25837	0	26858
18448	25164	206	203	1137	0	26710
18449	948	225	24829	600	0	26602
18450	659	217	637	25197	0	26710
18451	462	217	25843	956	0	27478
18452	424	26301	779	585	0	28089
18453	441	723	347	27139	0	28650
18454	27214	340	226	1001	0	28781
18455	26785	229	220	586	0	27820
18456	27529	226	164	506	0	28425
18457	1177	26532	191	444	0	28344
18458	663	27852	234	384	0	29133
18459	25519	929	218	535	0	27201
18460	906	27254	162	475	0	28797
18461	436	27656	184	476	0	28752
18462	423	930	26763	443	0	28559
18463	298	26228	687	489	0	27702
18464	295	26708	358	381	0	27742
18465	294	947	233	26540	0	28014
18466	281	514	26465	892	0	28152
18467	336	376	25816	479	0	27007
18468	25603	242	895	430	0	27170
18469	887	187	26276	354	0	27704
18470	26615	193	855	308	0	27971
18471	925	225	438	26375	0	27963
18472	578	26599	266	888	0	28331
18473	27530	725	254	519	0	29028
18474	28570	367	222	404	0	29563
18475	1050	217	241	28205	0	29713
18476	645	180	224	28543	0	29592
18477	489	168	198	28787	0	29642
18478	28043	172	154	1235	0	29604
18479	26465	158	180	702	0	27505
18480	28126	198	134	485	0	28943
18481	1152	26344	113	389	0	27998
18482	22648	370	91	167	0	23276
18483	497	22006	68	153	0	22724
18484	270	22188	54	136	0	22648
18485	315	757	172	20771	0	22015
18486	183	20979	93	364	0	21619
18487	20000	308	63	136	0	20507
18488	343	145	28	19723	0	20239
18489	19309	87	41	280	0	19717
18490	280	18654	27	127	0	19088
18491	121	19213	32	100	0	19466
18492	19485	263	44	110	0	19902
18493	273	19866	31	75	0	20245
18494	141	270	46	20030	0	20487
18495	141	93	50	20299	0	20583
18496	20219	67	30	314	0	20630
18497	292	52	29	20355	0	20728
18498	112	64	20695	296	0	21167
18499	101	57	267	20861	0	21286
18500	21364	44	71	354	0	21833
18501	318	21856	56	116	0	22346
18502	22850	327	36	133	0	23346
18503	22452	99	34	110	0	22695
18504	23119	90	34	79	0	23322
18505	476	72	22515	57	0	23120
18506	177	74	21818	51	0	22120
18507	21787	51	362	80	0	22280
18508	358	21999	112	68	0	22537
18509	130	339	76	22360	0	22905
18510	105	110	51	22401	0	22667
18511	56	21579	51	382	0	22068
18512	80	22245	31	132	0	22488
18513	79	382	42	22340	0	22843
18514	71	136	38	22569	0	22814
18515	73	98	21960	412	0	22543
18516	95	87	20945	140	0	21267
18517	21679	55	377	137	0	22248
18518	22679	42	119	110	0	22950
18519	433	49	102	22410	0	22994
18520	173	56	22453	362	0	23044
18521	163	55	351	22250	0	22819
18522	22243	55	89	442	0	22829
18523	400	60	22195	168	0	22823
18524	174	63	354	22441	0	23032
18525	122	72	22505	387	0	23086
18526	100	22211	373	174	0	22858
18527	83	356	22330	124	0	22893
18528	133	181	420	21885	0	22619
18529	22170	90	144	418	0	22822
18530	410	65	101	22462	0	23038
18531	22369	77	56	477	0	22979
18532	22795	50	62	183	0	23090
18533	22267	59	55	167	0	22548
18534	513	61	21647	88	0	22309
18535	21975	48	360	113	0	22496
18536	494	40	126	22042	0	22702
18537	232	38	98	22291	0	22659
18538	143	54	21946	447	0	22590
18539	146	82	342	22073	0	22643
18540	22237	55	122	481	0	22895
18541	398	22222	94	182	0	22896
18542	22733	328	55	197	0	23313
18543	23023	101	66	162	0	23352
18544	23281	91	38	147	0	23557
18545	564	61	62	22863	0	23550
18546	236	70	23052	422	0	23780
18547	211	42	370	23510	0	24133
18548	168	37	131	23918	0	24254
18549	23665	53	97	561	0	24376
18550	23252	35	84	244	0	23615
18551	528	50	22390	168	0	23136
18552	264	80	387	22240	0	22971
18553	155	38	22485	485	0	23163
18554	22885	45	480	200	0	23610
18555	525	24615	153	160	0	25453
18556	24850	464	124	128	0	25566
18557	578	25249	78	126	0	26031
18558	25136	524	81	132	0	25873
18559	594	25203	75	99	0	25971
18560	255	560	86	25139	0	26040
18561	211	149	52	25928	0	26340
18562	25596	109	46	660	0	26411
18563	25686	64	48	287	0	26085
18564	25775	63	60	186	0	26084
18565	24970	50	64	170	0	25254
18566	25477	54	65	137	0	25733
18567	793	45	53	24628	0	25519
18568	319	24506	60	540	0	25425
18569	271	487	41	24236	0	25035
18570	191	24120	50	597	0	24958
18571	189	567	57	23647	0	24460
18572	156	23846	51	588	0	24641
18573	174	557	34	23710	0	24475
18574	153	162	22879	616	0	23810
18575	22269	132	455	277	0	23133
18576	561	22838	147	184	0	23730
18577	22963	489	86	146	0	23684
18578	627	168	22576	118	0	23489
18579	22418	112	470	134	0	23134
18580	621	84	23303	114	0	24122
18581	262	101	536	23311	0	24210
18582	195	24544	168	580	0	25487
18583	151	559	24805	187	0	25702
18584	178	200	567	25029	0	25974
18585	24165	146	232	695	0	25238
18586	680	84	140	25355	0	26259
18587	303	85	111	25815	0	26314
18588	266	66	82	26061	0	26475
18589	152	98	25187	864	0	26301
18590	197	80	575	25001	0	25853
18591	131	24525	223	756	0	25635
18592	170	533	146	24723	0	25572
18593	187	187	82	24959	0	25415
18594	24284	123	75	834	0	25316
18595	677	105	54	24840	0	25676
18596	278	86	24770	730	0	25864
18597	207	58	24577	349	0	25191
18598	150	70	24529	250	0	24999
18599	136	24256	762	184	0	25338
18600	23621	589	482	209	0	24901
18601	551	23423	184	162	0	24320
18602	23079	576	123	138	0	23916
18603	651	241	74	22761	0	23727
18604	279	155	23135	557	0	24126
18605	195	112	22665	256	0	23228
18606	134	23351	672	201	0	24358
18607	149	558	298	23443	0	24448
18608	136	260	167	23835	0	24398
18609	128	156	114	24073	0	24471
18610	83	106	23484	870	0	24543
18611	22484	80	587	440	0	23591
18612	608	94	23494	258	0	24454
18613	344	93	650	23275	0	24362
18614	247	89	286	24136	0	24758
18615	155	97	23535	835	0	24622
18616	22710	61	611	479	0	23861
18617	610	23603	294	296	0	24803
18618	23706	571	189	230	0	24696
18619	738	251	160	23214	0	24363
18620	322	23510	109	663	0	24604
18621	238	599	113	24002	0	24952
18622	23801	272	109	806	0	24988
18623	692	178	115	23814	0	24799
18624	359	132	23194	782	0	24467
18625	23059	112	586	431	0	24188
18626	23712	83	284	307	0	24386
18627	837	115	23033	250	0	24235
18628	438	106	612	23170	0	24326
18629	23544	113	284	751	0	24692
18630	750	91	195	23280	0	24316
18631	350	114	141	23257	0	23862
18632	302	100	126	23326	0	23854
18633	230	103	119	23448	0	23900
18634	204	88	22335	1012	0	23639
18635	168	94	627	22722	0	23611
18636	182	69	22405	884	0	23540
18637	22050	88	706	498	0	23342
18638	22751	81	366	326	0	23524
18639	22657	83	227	323	0	23290
18640	22760	93	185	263	0	23301
18641	975	76	165	21873	0	23089
18642	21579	81	143	775	0	22578
18643	786	71	21137	436	0	22430
18644	407	57	21045	356	0	21865
18645	20300	64	775	303	0	21442
18646	662	19994	399	256	0	21311
18647	345	20121	231	273	0	20970
18648	307	678	243	19766	0	20994
18649	229	288	19730	685	0	20932
18650	18994	190	611	411	0	20206
18651	674	93	19680	282	0	20729
18652	350	18679	587	245	0	19861
18653	288	440	18553	230	0	19511
18654	197	17487	507	207	0	18398
18655	15579	495	437	237	0	16748
18656	417	15333	191	177	0	16118
18657	244	14906	120	148	0	15418
18658	202	457	136	14766	0	15561
18659	143	210	14598	408	0	15359
18660	122	138	367	14249	0	14876
18661	114	101	207	14575	0	14997
18662	129	63	14142	544	0	14878
18663	133	68	373	13966	0	14540
18664	120	13745	228	445	0	14538
18665	132	308	182	14350	0	14972
18666	14261	175	140	446	0	15022
18667	396	105	118	14436	0	15055
18668	239	99	14228	469	0	15035
18669	173	84	372	14539	0	15168
18670	142	76	14312	486	0	15016
18671	14203	79	414	283	0	14979
18672	402	77	210	14506	0	15195
18673	14537	59	162	472	0	15230
18674	435	71	14458	285	0	15249
18675	13861	54	411	230	0	14556
18676	414	14541	232	168	0	15355
18677	250	329	14732	148	0	15459
18678	199	331	389	14298	0	15217
18679	161	114	14760	415	0	15450
18680	119	13806	396	254	0	14575
18681	117	14452	232	189	0	14990
18682	12977	332	121	136	0	13566
18683	303	13614	89	116	0	14122
18684	13766	314	103	92	0	14275
18685	385	152	83	13860	0	14480
18686	183	89	13650	327	0	14249
18687	113	13798	320	183	0	14414
18688	127	344	177	13805	0	14453
18689	111	138	87	14449	0	14785
18690	85	98	94	14676	0	14953
18691	105	64	79	14446	0	14694
18692	67	13705	91	473	0	14336
18693	78	14420	70	225	0	14793
18694	13817	358	66	145	0	14386
18695	310	13709	49	102	0	14170
18696	128	312	48	13212	0	13700
18697	81	103	13129	295	0	13608
18698	66	13032	267	121	0	13486
18699	84	262	100	12847	0	13293
18700	72	170	70	12827	0	13139
18701	31	12831	45	328	0	13235
18702	12431	260	38	145	0	12874
18703	243	107	12408	102	0	12860
18704	11725	56	217	75	0	12073
18705	252	12201	75	61	0	12589
18706	11414	206	43	47	0	11710
18707	211	11725	17	31	0	11984
18708	96	232	28	12196	0	12552
18709	59	80	25	12443	0	12607
18710	12213	68	18	291	0	12590
18711	227	44	15	12346	0	12632
18712	72	34	12221	262	0	12589
18713	43	11875	203	101	0	12222
18714	33	12186	55	74	0	12348
18715	46	254	54	11939	0	12293
18716	41	100	12015	213	0	12369
18717	41	63	203	11846	0	12153
18718	46	30	59	12040	0	12175
18719	27	44	11767	268	0	12106
18720	28	38	11429	113	0	11608
18721	22	11748	236	75	0	12081
18722	11776	219	84	69	0	12148
18723	204	89	41	11608	0	11942
18724	79	11377	37	204	0	11697
18725	11749	212	31	91	0	12083
18726	205	90	31	11777	0	12103
18727	73	52	27	11805	0	11957
18728	39	11605	25	271	0	11940
18729	34	226	24	11578	0	11862
18730	11593	81	24	278	0	11976
18731	214	53	27	11735	0	12029
18732	89	38	25	11899	0	12051
18733	56	50	11582	282	0	11970
18734	42	48	11026	115	0	11231
18735	11443	39	241	102	0	11825
18736	220	51	90	11516	0	11877
18737	91	36	47	11678	0	11852
18738	56	45	27	11779	0	11907
18739	43	33	11424	321	0	11821
18740	11350	37	199	147	0	11733
18741	220	40	67	11483	0	11810
18742	91	41	54	11718	0	11904
18743	11438	40	46	310	0	11834
18744	218	11317	31	203	0	11769
18745	104	207	11365	118	0	11794
18746	57	85	213	11129	0	11484
18747	46	11225	87	251	0	11609
18748	41	215	72	11504	0	11832
18749	11295	77	48	284	0	11704
18750	238	69	30	11313	0	11650
18751	11136	44	39	318	0	11537
18752	11191	44	36	149	0	11420
18753	288	48	37	10949	0	11322
18754	119	10640	32	276	0	11067
18755	82	11109	32	149	0	11372
18756	47	263	10997	127	0	11434
18757	81	118	225	10596	0	11020
18758	58	78	80	11117	0	11333
18759	52	62	65	11237	0	11416
18760	10966	55	42	365	0	11428
18761	245	60	28	11082	0	11415
18762	102	45	11051	321	0	11519
18763	11075	41	207	166	0	11489
18764	262	43	68	11526	0	11899
18765	116	48	61	11778	0	12003
18766	97	29	11479	333	0	11938
18767	11271	56	216	181	0	11724
18768	239	47	89	11598	0	11973
18769	101	49	11763	308	0	12221
18770	92	48	240	11783	0	12163
18771	88	37	96	11202	0	11423
18772	59	11889	78	297	0	12323
18773	11818	207	43	209	0	12277
18774	11759	82	51	148	0	12040
18775	293	11583	38	123	0	12037
18776	11448	211	50	116	0	11825
18777	11351	86	40	123	0	11600
18778	304	60	36	11261	0	11661
18779	139	38	10853	281	0	11311
18780	99	36	10519	136	0	10790
18781	71	31	10289	100	0	10491
18782	57	34	10451	97	0	10639
18783	87	167	253	9603	0	10110
18784	43	37	132	10004	0	10216
18785	44	21	62	9895	0	10022
18786	66	20	34	10117	0	10237
18787	10044	22	29	271	0	10366
18788	172	10245	33	138	0	10588
18789	10487	134	29	93	0	10743
18790	190	62	10441	56	0	10749
18791	96	40	10863	50	0	11049
18792	73	82	196	11068	0	11419
18793	11228	19	169	198	0	11614
18794	11029	12	60	115	0	11216
18795	214	10961	42	82	0	11299
18796	92	11175	27	57	0	11351
18797	61	171	29	11257	0	11518
18798	11144	72	41	181	0	11438
18799	151	11209	27	88	0	11475
18800	11318	154	14	96	0	11582
18801	11428	64	17	68	0	11577
18802	11454	49	17	62	0	11582
18803	236	34	11339	33	0	11642
18804	111	11451	136	41	0	11739
18805	11323	123	58	54	0	11558
18806	11249	48	47	51	0	11395
18807	191	10812	17	37	0	11057
18808	68	10428	19	19	0	10534
18809	10437	127	36	28	0	10628
18810	142	52	14	10362	0	10570
18811	48	48	10373	106	0	10575
18812	10208	21	96	42	0	10367
18813	140	19	26	10594	0	10779
18814	57	10800	29	127	0	11013
18815	48	110	19	11095	0	11272
18816	37	50	11129	127	0	11343
18817	51	39	103	11094	0	11287
18818	11589	24	35	156	0	11804
18819	140	24	36	11696	0	11896
18820	62	18	17	11841	0	11938
18821	54	20	12115	155	0	12344
18822	51	17	112	11844	0	12024
18823	42	12075	41	149	0	12307
18824	12198	115	33	70	0	12416
18825	11963	45	18	69	0	12095
18826	149	44	12136	30	0	12359
18827	93	28	114	11863	0	12098
18828	48	11653	50	355	0	12106
18829	39	12240	42	54	0	12375
18830	12222	127	23	58	0	12430
18831	150	66	10	12430	0	12656
18832	51	48	12439	136	0	12674
18833	54	35	12294	57	0	12440
18834	48	19	146	12542	0	12755
18835	12526	24	65	165	0	12780
18836	12560	15	49	73	0	12697
18837	178	22	32	12822	0	13054
18838	78	16	13022	148	0	13264
18839	61	12992	127	73	0	13253
18840	13102	125	52	68	0	13347
18841	143	13219	43	49	0	13454
18842	13304	157	24	48	0	13533
18843	178	57	18	13281	0	13534
18844	61	55	13263	150	0	13529
18845	69	31	131	13093	0	13324
18846	13268	25	50	181	0	13524
18847	167	23	13319	68	0	13577
18848	64	13378	143	71	0	13656
18849	81	128	55	13491	0	13755
18850	13570	44	57	171	0	13842
18851	150	59	13591	67	0	13867
18852	84	29	141	13778	0	14032
18853	89	30	53	13974	0	14146
18854	59	32	13973	178	0	14242
18855	70	32	154	13809	0	14065
18856	43	32	13973	202	0	14250
18857	13758	20	157	104	0	14039
18858	180	25	72	14527	0	14804
18859	66	48	15184	179	0	15477
18860	69	15411	169	87	0	15736
18861	15835	164	66	104	0	16169
18862	16851	50	66	79	0	17046
18863	259	52	48	18004	0	18363
18864	114	18450	34	254	0	18852
18865	18669	273	33	113	0	19088
18866	336	82	35	18732	0	19185
18867	107	77	18661	308	0	19153
18868	18205	48	284	145	0	18682
18869	320	18277	84	91	0	18772
18870	117	265	78	18574	0	19034
18871	18570	77	49	333	0	19029
18872	325	88	18173	100	0	18686
18873	127	50	18430	92	0	18699
18874	133	38	342	18166	0	18679
18875	73	29	18868	315	0	19285
18876	82	34	358	18479	0	18953
18877	57	18416	117	350	0	18940
18878	63	293	95	19297	0	19748
18879	19038	78	73	398	0	19587
18880	297	78	19041	163	0	19579
18881	94	19065	319	138	0	19616
18882	124	297	97	19123	0	19641
18883	74	108	19453	337	0	19972
18884	94	151	303	18619	0	19167
18885	63	18785	127	326	0	19301
18886	38	19309	90	131	0	19568
18887	18671	309	89	134	0	19203
18888	268	18953	57	74	0	19352
18889	79	300	18229	54	0	18662
18890	17418	117	278	75	0	17888
18891	272	90	18061	42	0	18465
18892	102	60	262	17127	0	17551
18893	74	52	18004	227	0	18357
18894	52	17933	266	89	0	18340
18895	57	219	95	18056	0	18427
18896	55	63	77	17997	0	18192
18897	61	65	47	17737	0	17910
18898	26	51	17781	329	0	18187
18899	52	44	218	17501	0	17815
18900	59	34	80	18067	0	18240
18901	17608	48	60	341	0	18057
18902	17650	29	54	175	0	17908
18903	284	27	17700	117	0	18128
18904	117	17369	249	71	0	17806
18905	101	222	17716	56	0	18095
18906	73	84	265	17845	0	18267
18907	55	63	18215	265	0	18598
18908	70	50	286	18081	0	18487
18909	45	43	113	18634	0	18835
18910	42	43	18406	316	0	18807
18911	17200	27	269	191	0	17687
18912	232	18532	120	119	0	19003
18913	74	226	75	18741	0	19116
18914	69	81	19027	268	0	19445
18915	63	61	18299	117	0	18540
18916	18114	52	302	101	0	18569
18917	230	18651	128	86	0	19095
18918	76	242	87	18777	0	19182
18919	19073	74	61	301	0	19509
18920	272	53	61	19110	0	19496
18921	113	46	49	19483	0	19691
18922	75	46	19357	345	0	19823
18923	18585	47	258	197	0	19087
18924	19716	37	98	129	0	19980
18925	336	43	75	19700	0	20154
18926	19627	33	76	313	0	20049
18927	337	39	61	19597	0	20034
18928	133	18929	71	322	0	19455
18929	98	19959	53	148	0	20258
18930	102	317	61	20137	0	20617
18931	19743	121	69	344	0	20277
18932	269	72	40	19916	0	20297
18933	20075	46	40	387	0	20548
18934	20236	45	56	178	0	20515
18935	363	37	52	20200	0	20652
18936	183	31	41	20524	0	20779
18937	128	39	20033	380	0	20580
18938	108	38	20164	171	0	20481
18939	98	39	333	20358	0	20828
18940	69	24	21372	342	0	21807
18941	21060	41	337	193	0	21631
18942	305	41	162	22508	0	23016
18943	103	41	23444	394	0	23982
18944	23253	22	403	210	0	23888
18945	25282	28	171	190	0	25671
18946	578	26267	102	123	0	27070
18947	293	433	76	26918	0	27720
18948	178	187	27383	475	0	28223
18949	27455	106	458	266	0	28285
18950	28403	65	220	184	0	28872
18951	646	64	28083	116	0	28909
18952	28341	33	506	143	0	29023
18953	628	45	228	28213	0	29114
18954	314	37	137	28701	0	29189
18955	28378	36	103	692	0	29209
18956	28528	27	78	338	0	28971
18957	712	128	116	28070	0	29026
18958	362	40	27972	541	0	28915
18959	225	27169	443	291	0	28128
18960	201	398	27348	180	0	28127
18961	200	191	27013	138	0	27542
18962	124	26225	627	151	0	27127
18963	221	407	378	24202	0	25208
18964	104	161	159	24691	0	25115
18965	76	87	24398	438	0	24999
18966	115	69	350	24065	0	24599
18967	24506	33	186	461	0	25186
18968	369	45	24675	241	0	25330
18969	24838	31	377	179	0	25425
18970	25465	22	199	135	0	25821
18971	25606	21	113	135	0	25875
18972	583	45	24884	86	0	25598
18973	320	46	24928	77	0	25371
18974	240	42	470	24791	0	25543
18975	209	46	243	24195	0	24693
18976	109	25082	165	426	0	25782
18977	25108	322	124	253	0	25807
18978	25064	148	105	182	0	25499
18979	506	25031	90	139	0	25766
18980	25164	337	85	150	0	25736
18981	460	24880	84	123	0	25547
18982	25279	368	76	132	0	25855
18983	468	201	77	24760	0	25506
18984	282	106	24746	374	0	25508
18985	209	95	24358	187	0	24849
18986	177	66	481	24569	0	25293
18987	135	51	257	24811	0	25254
18988	97	65	24422	476	0	25060
18989	135	52	405	24105	0	24697
18990	155	53	233	24013	0	24454
18991	24250	38	164	592	0	25044
18992	24483	44	116	325	0	24968
18993	24168	43	93	236	0	24540
18994	558	44	23697	148	0	24447
18995	325	23700	374	110	0	24509
18996	255	319	187	24175	0	24936
18997	185	156	24484	382	0	25207
18998	145	24523	413	201	0	25282
18999	24902	356	227	183	0	25668
19000	449	172	138	24946	0	25705
19001	279	103	120	25290	0	25792
19002	25014	94	120	557	0	25785
19003	452	60	104	25081	0	25697
19004	294	59	77	25249	0	25679
19005	25201	62	78	621	0	25962
19006	471	70	24652	307	0	25500
19007	289	24483	350	256	0	25378
19008	24715	330	218	215	0	25478
19009	459	199	24849	145	0	25652
19010	24504	113	399	179	0	25195
19011	477	25259	237	150	0	26123
19012	25074	357	161	183	0	25775
19013	25079	191	133	177	0	25580
19014	24671	107	105	163	0	25046
19015	622	99	96	24076	0	24893
19016	364	125	87	24179	0	24755
19017	236	23772	101	544	0	24653
19018	196	24014	106	305	0	24621
19019	179	24210	89	214	0	24692
19020	24016	445	107	185	0	24753
19021	419	229	23605	114	0	24367
19022	277	137	316	23503	0	24233
19023	180	89	190	23696	0	24155
19024	147	23486	130	489	0	24252
19025	156	351	96	23797	0	24400
19026	146	195	71	23623	0	24035
19027	148	23852	90	511	0	24601
19028	23765	367	113	296	0	24541
19029	387	23863	67	192	0	24509
19030	232	359	23411	172	0	24174
19031	23260	204	319	156	0	23939
19032	396	23777	175	134	0	24482
19033	23603	344	95	172	0	24214
19034	416	190	88	23516	0	24210
19035	311	112	84	23501	0	24008
19036	185	107	23221	433	0	23946
19037	158	113	22884	237	0	23392
19038	168	164	367	22960	0	23659
19039	22852	82	192	413	0	23539
19040	22162	60	135	230	0	22587
19041	444	22399	83	140	0	23066
19042	227	21797	59	111	0	22194
19043	129	21504	46	67	0	21746
19044	369	611	245	20200	0	21425
19045	19917	93	273	355	0	20638
19046	19736	29	20	106	0	19891
19047	19634	21	5	83	0	19743
19048	325	21	18950	32	0	19328
19049	106	22240	254	45	0	22645
19050	106	288	63	24680	0	25137
19051	25132	73	44	440	0	25689
19052	491	43	14	25581	0	26129
19053	152	28	14	26898	0	27092
19054	26784	27	6	628	0	27445
19055	28776	34	11	208	0	29029
19056	729	44	28803	85	0	29661
19057	319	28	598	28950	0	29895
19058	124	36	28694	626	0	29480
19059	130	33	631	28762	0	29556
19060	92	37	28593	705	0	29427
19061	145	51	639	28529	0	29364
19062	27955	18	230	773	0	28976
19063	623	27711	127	302	0	28763
19064	214	29079	89	170	0	29552
19065	228	786	73	26654	0	27741
19066	86	29175	65	557	0	29883
19067	29032	689	61	239	0	30021
19068	28568	238	42	169	0	29017
19069	838	132	27928	95	0	28993
19070	289	27859	626	85	0	28859
19071	225	624	213	28169	0	29231
19072	105	224	28118	643	0	29090
19073	27922	121	655	274	0	28972
19074	740	93	227	28188	0	29248
19075	274	82	28323	665	0	29344
19076	194	61	658	28301	0	29214
19077	28260	62	246	769	0	29337
19078	674	77	27902	276	0	28929
19079	27810	57	669	196	0	28732
19080	28660	36	229	159	0	29084
19081	932	55	133	27835	0	28955
19082	332	66	27637	695	0	28730
19083	201	67	27332	293	0	27893
19084	27218	53	817	185	0	28273
19085	28097	40	297	169	0	28603
19086	926	51	27496	139	0	28612
19087	425	44	709	27619	0	28797
19088	286	38	259	27537	0	28120
19089	163	27783	185	826	0	28957
19090	207	621	150	28114	0	29092
19091	28092	194	129	815	0	29230
19092	824	89	101	28142	0	29156
19093	309	84	27702	826	0	28921
19094	27362	60	710	395	0	28527
19095	812	61	275	27523	0	28671
19096	322	112	27332	776	0	28542
19097	206	26776	721	364	0	28067
19098	26418	653	291	271	0	27633
19099	767	27018	181	224	0	28190
19100	27040	734	145	249	0	28168
19101	877	268	26514	213	0	27872
19102	391	25753	714	218	0	27076
19103	259	26951	290	206	0	27706
19104	269	854	210	26175	0	27508
19105	238	313	184	26875	0	27610
19106	231	181	25981	990	0	27383
19107	231	138	774	26285	0	27428
19108	25977	123	348	940	0	27388
19109	801	125	25506	436	0	26868
19110	390	151	789	25623	0	26953
19111	230	149	25292	914	0	26585
19112	24721	143	843	450	0	26157
19113	807	25224	363	356	0	26750
19114	25403	741	258	328	0	26730
19115	26215	309	231	280	0	27035
19116	26426	198	200	297	0	27121
19117	1136	190	24952	229	0	26507
19118	549	24960	784	259	0	26552
19119	384	757	396	25146	0	26683
19120	347	311	250	26483	0	27391
19121	26758	187	232	1090	0	28267
19122	1021	149	247	27077	0	28494
19123	27201	135	266	1085	0	28687
19124	27601	129	290	533	0	28553
19125	27774	131	227	400	0	28532
19126	27845	153	222	337	0	28557
19127	1354	151	191	26601	0	28297
19128	26782	120	186	1050	0	28138
19129	1197	140	25642	460	0	27439
19130	26035	126	909	326	0	27396
19131	26930	125	382	262	0	27699
19132	1339	141	25170	559	0	27209
19133	26058	142	910	254	0	27364
19134	26870	123	391	278	0	27662
19135	1337	98	290	25915	0	27640
19136	663	121	265	26514	0	27563
19137	25607	384	219	1185	0	27395
19138	1177	87	224	25824	0	27312
19139	617	98	219	25666	0	26600
19140	437	24354	199	1231	0	26221
19141	434	639	199	24648	0	25920
19142	24097	223	189	1040	0	25549
19143	999	130	162	24010	0	25301
19144	532	97	185	23767	0	24581
19145	371	22189	192	1102	0	23854
19146	401	666	163	21949	0	23179
19147	478	246	168	21799	0	22691
19148	20841	133	148	962	0	22084
19149	814	406	95	16698	0	18013
19150	302	83	14720	555	0	15660
19151	160	13584	374	316	0	14434
19152	144	13468	164	173	0	13949
19153	12638	410	115	160	0	13323
19154	382	12721	83	135	0	13321
19155	10799	231	193	78	0	11301
19156	262	10676	36	55	0	11029
19157	10849	238	57	68	0	11212
19158	296	86	10	10952	0	11344
19159	134	60	11	11103	0	11308
19160	95	10945	18	305	0	11363
19161	86	241	14	11185	0	11526
19162	66	81	11144	282	0	11573
19163	10840	57	214	138	0	11249
19164	273	11545	64	89	0	11971
19165	11379	229	31	86	0	11725
19166	11521	75	22	62	0	11680
19167	11659	43	16	54	0	11772
19168	356	37	25	11309	0	11727
19169	150	29	15	11363	0	11557
19170	94	11264	14	299	0	11671
19171	11250	238	8	137	0	11633
19172	280	11335	16	82	0	11713
19173	11393	256	10	82	0	11741
19174	299	105	11423	57	0	11884
19175	11879	56	249	69	0	12253
19176	359	39	68	11970	0	12436
19177	159	35	11907	317	0	12418
19178	95	40	12034	123	0	12292
19179	96	36	349	12085	0	12566
19180	72	20	12127	317	0	12536
19181	76	21	321	12035	0	12453
19182	11652	35	114	350	0	12151
19183	331	25	69	11836	0	12261
19184	145	31	11611	348	0	12135
19185	108	11288	272	156	0	11824
19186	73	11703	103	104	0	11983
19187	111	341	76	11310	0	11838
19188	11272	140	65	345	0	11822
19189	323	59	26	11347	0	11755
19190	141	46	29	11589	0	11805
19191	114	36	29	11739	0	11918
19192	65	39	34	11820	0	11958
19193	85	30	11463	413	0	11991
19194	83	39	11252	194	0	11568
19195	11363	27	346	142	0	11878
19196	11700	28	136	102	0	11966
19197	394	32	63	11559	0	12048
19198	197	30	48	11780	0	12055
19199	100	31	11416	406	0	11953
19200	78	11448	282	177	0	11985
19201	11420	285	96	134	0	11935
19202	11699	111	70	95	0	11975
19203	393	74	37	11504	0	12008
19204	186	53	11515	333	0	12087
19205	124	52	265	11373	0	11814
19206	94	11474	103	341	0	12012
19207	94	266	11516	174	0	12050
19208	11371	102	292	131	0	11896
19209	316	71	112	11696	0	12195
19210	11774	55	79	361	0	12269
19211	338	44	11431	165	0	11978
19212	11552	37	289	141	0	12019
19213	358	50	132	11527	0	12067
19214	11496	46	83	346	0	11971
19215	368	56	52	11212	0	11688
19216	172	10766	63	351	0	11352
19217	125	11216	54	168	0	11563
19218	118	393	60	10937	0	11508
19219	94	113	10702	301	0	11210
19220	64	10466	232	150	0	10912
19221	148	227	113	9629	0	10117
19222	9342	67	100	235	0	9744
19223	9401	55	29	113	0	9598
19224	230	32	34	9332	0	9628
19225	134	28	37	9305	0	9504
19226	80	8923	33	237	0	9273
19227	53	9337	34	136	0	9560
19228	9264	212	36	104	0	9616
19229	195	96	28	9277	0	9596
19230	95	54	33	9402	0	9584
19231	56	44	9218	263	0	9581
19232	61	27	170	9227	0	9485
19233	50	32	81	9248	0	9411
19234	66	30	65	9358	0	9519
19235	49	29	9177	284	0	9539
19236	64	24	180	9299	0	9567
19237	9213	15	95	262	0	9585
19238	186	23	8996	144	0	9349
19239	9362	25	183	147	0	9717
19240	211	30	90	9573	0	9904
19241	114	25	66	9878	0	10083
19242	88	24	44	10101	0	10257
19243	66	15	9808	311	0	10200
19244	9585	25	199	175	0	9984
19245	214	10195	89	117	0	10615
19246	10283	195	52	102	0	10632
19247	230	10322	57	95	0	10704
19248	112	217	42	10429	0	10800
19249	10437	86	33	267	0	10823
19250	235	56	10197	134	0	10622
19251	10043	32	193	124	0	10392
19252	259	22	10289	81	0	10651
19253	115	65	231	10067	0	10478
19254	90	21	10017	214	0	10342
19255	69	9819	214	116	0	10218
19256	102	202	110	9432	0	9846
19257	9117	91	81	246	0	9535
19258	166	35	34	8953	0	9188
19259	82	8815	26	189	0	9112
19260	74	149	24	8927	0	9174
19261	8791	59	22	199	0	9071
19262	8594	28	23	119	0	8764
19263	206	8449	36	78	0	8769
19264	74	8026	24	48	0	8172
19265	52	178	32	7905	0	8167
19266	46	60	27	7984	0	8117
19267	7885	35	22	168	0	8110
19268	7825	11	16	102	0	7954
19269	173	7876	18	50	0	8117
19270	76	148	17	7738	0	7979
19271	57	49	14	7875	0	7995
19272	34	32	7789	170	0	8025
19273	41	7653	108	95	0	7897
19274	22	7496	38	47	0	7603
19275	28	118	26	7138	0	7310
19276	10	33	7085	88	0	7216
19277	15	17	7001	34	0	7067
19278	22	7	102	7046	0	7177
19279	23	15	43	7137	0	7218
19280	10	9	7100	115	0	7234
19281	13	7	91	7173	0	7284
19282	13	8	7307	113	0	7441
19283	7423	58	104	42	0	7627
19284	114	15	30	7552	0	7711
19285	31	8	7759	135	0	7933
19286	26	10	7767	46	0	7849
19287	18	23	146	8259	0	8446
19288	12	9	8792	151	0	8964
19289	20	11	8943	52	0	9026
19290	18	8777	181	39	0	9015
19291	9017	150	66	30	0	9263
19292	154	43	9244	14	0	9455
19293	59	23	157	9227	0	9466
19294	37	14	64	9385	0	9500
19295	18	10	34	9602	0	9664
19296	17	11	9317	229	0	9574
19297	23	7	170	9206	0	9406
19298	9227	17	58	197	0	9499
19299	174	11	32	9179	0	9396
19300	47	8	9166	198	0	9419
19301	43	9	164	9169	0	9385
19302	9239	8	66	207	0	9520
19303	9393	11	43	86	0	9533
19304	9328	7	30	63	0	9428
19305	226	9	27	9249	0	9511
19306	9254	5	33	198	0	9490
19307	9279	3	28	101	0	9411
19308	9297	7	22	64	0	9390
19309	235	8944	28	43	0	9250
19310	9083	156	18	54	0	9311
19311	210	47	29	9050	0	9336
19312	94	23	8963	186	0	9266
19313	54	8952	170	74	0	9250
19314	9028	162	60	53	0	9303
19315	197	58	40	9042	0	9337
19316	92	25	25	9011	0	9153
19317	50	8758	35	209	0	9052
19318	40	9095	29	83	0	9247
19319	8694	206	18	73	0	8991
19320	177	8786	28	43	0	9034
19321	8562	181	22	36	0	8801
19322	187	8569	18	46	0	8820
19323	8539	173	20	43	0	8775
19324	186	8550	16	52	0	8804
19325	73	8875	35	33	0	9016
19326	8760	206	24	62	0	9052
19327	197	74	8631	33	0	8935
19328	77	8727	145	34	0	8983
19329	61	166	66	8748	0	9041
19330	39	71	34	9025	0	9169
19331	53	42	21	8944	0	9060
19332	55	31	21	9050	0	9157
19333	36	39	9039	230	0	9344
19334	8958	18	165	100	0	9241
19335	187	32	55	9330	0	9604
19336	9489	20	39	201	0	9749
19337	9920	23	33	94	0	10070
19338	10027	34	22	75	0	10158
19339	9902	28	27	65	0	10022
19340	278	20	9633	63	0	9994
19341	117	30	215	9558	0	9920
19342	71	30	9603	234	0	9938
19343	60	9509	231	93	0	9893
19344	91	243	90	8978	0	9402
19345	59	69	49	9310	0	9487
19346	42	32	38	9303	0	9415
19347	59	31	28	9232	0	9350
19348	44	21	8998	288	0	9351
19349	53	26	197	9088	0	9364
19350	53	28	80	9272	0	9433
19351	9216	29	45	290	0	9580
19352	9485	20	40	133	0	9678
19353	301	20	41	9578	0	9940
19354	124	28	27	9801	0	9980
19355	82	16	42	9889	0	10029
19356	9725	27	42	359	0	10153
19357	9955	23	30	167	0	10175
19358	9703	29	38	105	0	9875
19359	9902	21	41	90	0	10054
19360	329	9683	20	98	0	10130
19361	9858	209	30	100	0	10197
19362	10006	67	32	98	0	10203
19363	327	40	24	9725	0	10116
19364	157	22	21	9799	0	9999
19365	9520	23	20	342	0	9905
19366	299	9194	27	145	0	9665
19367	139	9589	24	105	0	9857
19368	9791	256	13	96	0	10156
19369	312	78	18	9835	0	10243
19370	145	53	21	10018	0	10237
19371	112	38	16	10130	0	10296
19372	110	36	13	10054	0	10213
19373	97	30	15	9951	0	10093
19374	74	9575	14	337	0	10000
19375	78	212	10	9635	0	9935
19376	9578	73	15	294	0	9960
19377	256	56	21	9513	0	9846
19378	103	36	15	9648	0	9802
19379	9346	33	18	337	0	9734
19380	248	9420	16	155	0	9839
19381	111	240	13	9337	0	9701
19382	76	9350	17	270	0	9713
19383	83	303	25	9147	0	9558
19384	77	70	9016	245	0	9408
19385	8497	58	168	127	0	8850
19386	203	8585	40	72	0	8900
19387	8114	149	25	50	0	8338
19388	177	46	7823	62	0	8108
19389	81	107	132	7322	0	7642
19390	47	7375	44	152	0	7618
19391	31	7564	24	72	0	7691
19392	7298	134	50	61	0	7543
19393	143	42	14	7378	0	7577
19394	56	27	7668	152	0	7903
19395	50	22	125	7755	0	7952
19396	35	18	7780	161	0	7994
19397	7568	15	137	83	0	7803
19398	147	23	7878	60	0	8108
19399	62	12	129	7856	0	8059
19400	43	8030	37	165	0	8275
19401	27	133	28	8095	0	8283
19402	27	8107	19	175	0	8328
19403	8329	133	18	80	0	8560
19404	165	47	11	8609	0	8832
19405	65	32	8653	166	0	8916
19406	59	19	8374	71	0	8523
19407	8607	24	154	77	0	8862
19408	9031	21	40	58	0	9150
19409	8995	18	18	53	0	9084
19410	8935	17	20	53	0	9025
19411	191	8774	18	54	0	9037
19412	8971	139	16	48	0	9174
19413	9047	42	16	49	0	9154
19414	205	32	8809	38	0	9084
19415	86	32	130	8780	0	9028
19416	8987	19	30	168	0	9204
19417	177	27	8760	64	0	9028
19418	69	24	132	8802	0	9027
19419	54	18	9115	188	0	9375
19420	64	24	134	9039	0	9261
19421	51	9288	44	172	0	9555
19422	9495	140	29	69	0	9733
19423	182	35	9249	56	0	9522
19424	9195	34	141	49	0	9419
19425	177	24	37	9310	0	9548
19426	9427	30	18	171	0	9646
19427	187	23	17	9406	0	9633
19428	9966	24	19	205	0	10214
19429	180	34	9750	80	0	10044
19430	10374	27	134	84	0	10619
19431	180	21	37	10552	0	10790
19432	73	19	26	10641	0	10759
19433	10435	17	21	182	0	10655
19434	174	22	14	10454	0	10664
19435	56	24	10238	160	0	10478
19436	55	34	106	10119	0	10314
19437	9786	10	33	150	0	9979
19438	113	9554	23	59	0	9749
19439	33	9536	14	45	0	9628
19440	9444	84	16	34	0	9578
19441	96	9813	11	33	0	9953
19442	50	73	22	9714	0	9859
19443	9761	16	38	103	0	9918
19444	9800	12	6	31	0	9849
19445	9730	9	6	36	0	9781
19446	84	25	9741	16	0	9866
19447	36	27	58	9678	0	9799
19448	18	9777	17	77	0	9889
19449	27	69	15	9928	0	10039
19450	18	17	10130	74	0	10239
19451	28	9720	68	21	0	9837
19452	37	103	13	9851	0	10004
19453	9626	8	10	61	0	9705
19454	42	9625	8	16	0	9691
19455	20	44	10050	7	0	10121
19456	17	11	62	9922	0	10012
19457	13	3	10081	74	0	10171
19458	22	9	67	9814	0	9912
19459	10265	5	18	99	0	10387
19460	79	5	8	10247	0	10339
19461	10332	5	8	91	0	10436
19462	10457	6	12	31	0	10506
19463	95	10497	14	9	0	10615
19464	10817	68	5	23	0	10913
19465	85	10659	12	13	0	10769
19466	31	77	10940	8	0	11056
19467	54	20	75	10829	0	10978
19468	27	9	19	11548	0	11603
19469	22	11	11160	110	0	11303
19470	23	11063	98	34	0	11218
19471	11385	93	25	19	0	11522
19472	11683	19	11	40	0	11753
19473	133	15	6	11818	0	11972
19474	48	5	13	11844	0	11910
19475	21	10	11	12108	0	12150
19476	11979	8	11	133	0	12131
19477	104	13	11712	37	0	11866
19478	50	22	11688	19	0	11779
19479	33	15	109	12033	0	12190
19480	26	8	11924	105	0	12063
19481	20	9	11831	52	0	11912
19482	36	8	114	11567	0	11725
19483	18	6	12094	120	0	12238
19484	30	11985	96	46	0	12157
19485	30	96	46	12236	0	12408
19486	20	34	12454	117	0	12625
19487	31	8	105	12310	0	12454
19488	12	11916	45	129	0	12102
19489	23	89	26	12352	0	12490
19490	22	33	12512	129	0	12696
19491	34	18	124	12163	0	12339
19492	12461	14	41	139	0	12655
19493	106	12	12389	49	0	12556
19494	11699	10	101	49	0	11859
19495	115	12231	39	28	0	12413
19496	12445	105	20	36	0	12606
19497	121	35	18	12492	0	12666
19498	37	12381	27	116	0	12561
19499	12845	106	13	76	0	13040
19500	138	40	27	13055	0	13260
19501	40	21	13155	144	0	13360
19502	29	13188	131	55	0	13403
19503	34	138	48	13342	0	13562
19504	13133	41	23	152	0	13349
19505	12946	17	10	82	0	13055
19506	176	16	16	12879	0	13087
19507	70	15	12771	144	0	13000
19508	12179	12	135	87	0	12413
19509	135	23	12741	36	0	12935
19510	75	21	140	12657	0	12893
19511	12892	14	41	191	0	13138
19512	151	12788	33	65	0	13037
19513	12984	128	22	56	0	13190
19514	164	50	12579	46	0	12839
19515	12727	24	161	37	0	12949
19516	189	15	56	12943	0	13203
19517	63	16	47	13188	0	13314
19518	61	23	12994	188	0	13266
19519	60	12	138	12623	0	12833
19520	12885	28	57	183	0	13153
19521	179	14	30	12865	0	13088
19522	76	12920	36	163	0	13195
19523	59	136	29	12995	0	13219
19524	25	13035	31	186	0	13277
19525	41	154	12754	89	0	13038
19526	12345	48	152	82	0	12627
19527	177	28	52	13083	0	13340
19528	79	21	12564	172	0	12836
19529	44	12393	153	90	0	12680
19530	35	151	53	12222	0	12461
19531	48	48	36	12362	0	12494
19532	12207	48	38	214	0	12507
19533	170	19	35	12472	0	12696
19534	12595	28	26	198	0	12847
19535	12608	30	29	109	0	12776
19536	208	12671	50	63	0	12992
19537	12929	176	25	83	0	13213
19538	220	52	28	13884	0	14184
19539	80	31	13913	239	0	14263
19540	13905	18	185	115	0	14223
19541	228	18	65	13769	0	14080
19542	107	27	13639	221	0	13994
19543	13305	21	196	102	0	13624
19544	224	46	62	13662	0	13994
19545	107	13866	46	222	0	14241
19546	73	192	35	13669	0	13969
19547	50	13836	57	227	0	14170
19548	13806	199	39	89	0	14133
19549	230	64	13966	86	0	14346
19550	87	13815	210	71	0	14183
19551	88	211	65	13965	0	14329
19552	37	77	13958	245	0	14317
19553	48	69	13543	97	0	13757
19554	53	13854	233	83	0	14223
19555	101	265	99	13653	0	14118
19556	62	55	48	14030	0	14195
19557	80	48	44	16083	0	16255
19558	16652	52	37	426	0	17167
19559	396	45	17735	144	0	18320
19560	110	17955	444	98	0	18607
19561	89	447	118	18060	0	18714
19562	91	118	86	18872	0	19167
19563	53	76	18331	606	0	19066
19564	87	60	452	18358	0	18957
19565	57	29	18266	550	0	18902
19566	62	40	17774	183	0	18059
19567	42	39	17969	130	0	18180
19568	85	40	570	17219	0	17914
19569	59	34	195	17793	0	18081
19570	65	34	106	18323	0	18528
19571	17750	26	83	642	0	18501
19572	457	17549	67	219	0	18292
19573	17929	462	70	161	0	18622
19574	17811	128	45	144	0	18128
19575	18415	76	54	119	0	18664
19576	590	18306	49	90	0	19035
19577	18424	469	62	87	0	19042
19578	18809	142	34	105	0	19090
19579	630	83	50	18275	0	19038
19580	251	49	41	18749	0	19090
19581	164	40	48	19003	0	19255
19582	88	65	18406	661	0	19220
19583	17999	42	475	259	0	18775
19584	533	49	136	18388	0	19106
19585	18131	33	102	582	0	18848
19586	557	18014	74	238	0	18883
19587	192	467	72	18227	0	18958
19588	152	116	67	18729	0	19064
19589	18271	81	74	657	0	19083
19590	541	71	60	18329	0	19001
19591	17198	44	54	698	0	17994
19592	18326	60	50	266	0	18702
19593	609	17553	53	200	0	18415
19594	202	18293	51	144	0	18690
19595	183	626	53	17636	0	18498
19596	98	18044	68	540	0	18750
19597	129	532	48	18055	0	18764
19598	88	162	17787	591	0	18628
19599	89	115	17389	198	0	17791
19600	16756	97	513	180	0	17546
19601	17251	42	184	153	0	17630
19602	558	16907	107	129	0	17701
19603	16963	442	74	135	0	17614
19604	525	17478	80	133	0	18216
19605	198	480	72	17701	0	18451
19606	150	146	70	18071	0	18437
19607	105	100	66	18131	0	18402
19608	80	82	73	18228	0	18463
19609	17583	48	81	721	0	18433
19610	456	17649	89	292	0	18486
19611	17731	439	78	248	0	18496
19612	18149	135	86	188	0	18558
19613	640	89	17539	154	0	18422
19614	17490	87	449	135	0	18161
19615	600	17367	140	119	0	18226
19616	244	483	84	17666	0	18477
19617	204	155	60	17639	0	18058
19618	144	17316	53	578	0	18091
19619	17638	499	61	273	0	18471
19620	550	158	17290	214	0	18212
19621	17286	110	463	220	0	18079
19622	618	82	17468	169	0	18337
19623	262	81	570	17457	0	18370
19624	202	112	184	18060	0	18558
19625	180	62	172	18269	0	18683
19626	18000	99	138	790	0	19027
19627	535	99	18183	395	0	19212
19628	18191	102	506	363	0	19162
19629	18719	78	241	289	0	19327
19630	18703	67	195	304	0	19269
19631	18702	66	196	237	0	19201
19632	728	91	155	18247	0	19221
19633	335	64	17930	615	0	18944
19634	280	112	505	17893	0	18790
19635	249	79	17855	680	0	18863
19636	188	126	17544	323	0	18181
19637	240	17383	519	269	0	18411
19638	274	467	184	16251	0	17176
19639	245	176	102	16848	0	17371
19640	283	166	77	15260	0	15786
19641	302	97	71	16578	0	17048
19642	16514	120	50	613	0	17297
19643	16781	81	45	295	0	17202
19644	652	83	49	16355	0	17139
19645	315	66	15983	606	0	16970
19646	214	59	420	16287	0	16980
19647	204	49	128	16780	0	17161
19648	160	48	16227	712	0	17147
19649	211	60	422	16163	0	16856
19650	16166	95	147	636	0	17044
19651	16447	69	80	322	0	16918
19652	16513	97	57	265	0	16932
19653	670	86	37	16090	0	16883
19654	15948	72	52	583	0	16655
19655	15999	64	57	261	0	16381
19656	623	74	15320	236	0	16253
19657	192	29	12685	120	0	13026
19658	160	28	12569	99	0	12856
19659	11171	21	132	43	0	11367
19660	112	11164	56	32	0	11364
19661	11079	62	68	25	0	11234
19662	92	11702	23	29	0	11846
19663	41	82	10	11792	0	11925
19664	32	25	10	11930	0	11997
19665	34	14	8	11916	0	11972
19666	24	20	11787	107	0	11938
19667	11219	7	88	57	0	11371
19668	95	8	20	11789	0	11912
19669	36	8	11779	81	0	11904
19670	38	19	11208	28	0	11293
19671	11333	3	84	32	0	11452
19672	82	11736	31	35	0	11884
19673	11674	66	30	22	0	11792
19674	11596	17	10	38	0	11661
19675	82	11510	11	22	0	11625
19676	11365	64	14	25	0	11468
19677	88	19	11683	12	0	11802
19678	34	16	11274	14	0	11338
19679	32	21	11675	9	0	11737
19680	28	58	87	11554	0	11727
19681	18	11	11789	50	0	11868
19682	11321	8	53	39	0	11421
19683	11655	0	27	27	0	11709
19684	68	5	11741	12	0	11826
19685	33	6	51	11578	0	11668
19686	11737	1	19	67	0	11824
19687	52	12103	17	33	0	12205
19688	25	12330	16	13	0	12384
19689	12394	55	8	35	0	12492
19690	60	25	12495	7	0	12587
19691	33	70	53	12060	0	12216
19692	21	8	18	12184	0	12231
19693	13	2	10	12389	0	12414
19694	2	12240	12	49	0	12303
19695	49	35	13	11558	0	11655
19696	12991	13	3	64	0	13071
19697	59	9	5	13332	0	13405
19698	21	13489	7	80	0	13597
19699	13843	72	2	45	0	13962
19700	81	20	4	13930	0	14035
19701	36	15	3	14411	0	14465
19702	14592	11	4	123	0	14730
19703	14770	6	4	52	0	14832
19704	138	7	3	14700	0	14848
19705	15201	1	2	154	0	15358
19706	15350	10	6	62	0	15428
19707	176	15479	3	34	0	15692
19708	15663	134	1	39	0	15837
19709	179	15542	6	23	0	15750
19710	76	156	4	15646	0	15882
19711	55	49	15880	143	0	16127
19712	60	39	133	15730	0	15962
19713	45	20	33	15916	0	16014
19714	33	15	27	16339	0	16414
19715	16167	14	18	226	0	16425
19716	171	16107	11	84	0	16373
19717	16584	156	11	74	0	16825
19718	210	17025	14	49	0	17298
19719	17416	202	11	56	0	17685
19720	17567	56	7	54	0	17684
19721	17683	53	7	43	0	17786
19722	17478	32	8	66	0	17584
19723	278	34	17300	30	0	17642
19724	137	23	178	17407	0	17745
19725	104	19	54	18074	0	18251
19726	57	32	17700	269	0	18058
19727	17173	11	220	119	0	17523
19728	267	20	54	17581	0	17922
19729	105	25	17372	251	0	17753
19730	87	36	17174	80	0	17377
19731	74	21	261	17716	0	18072
19732	60	16	18076	250	0	18402
19733	90	12	256	17812	0	18170
19734	77	12	87	17897	0	18073
19735	55	16	17502	284	0	17857
19736	16925	15	240	142	0	17322
19737	257	21	75	17584	0	17937
19738	81	12	17663	277	0	18033
19739	98	13	248	17723	0	18082
19740	17779	10	82	319	0	18190
19741	253	13	17677	121	0	18064
19742	17344	12	259	129	0	17744
19743	18213	10	89	98	0	18410
19744	340	12	76	18095	0	18523
19745	140	17	46	17986	0	18189
19746	107	20	17831	312	0	18270
19747	85	16	245	17875	0	18221
19748	142	25	99	16594	0	16860
19749	66	17	79	18020	0	18182
19750	65	15	17562	356	0	17998
19751	17188	11	246	202	0	17647
19752	17786	14	83	150	0	18033
19753	18103	17	77	127	0	18324
19754	18498	18	62	102	0	18680
19755	395	30	46	18456	0	18927
19756	18313	33	33	328	0	18707
19757	18402	21	40	165	0	18628
19758	15333	62	99	259	0	15753
19759	18265	16	41	123	0	18445
19760	361	18124	57	109	0	18651
19761	18379	224	52	123	0	18778
19762	18087	55	45	118	0	18305
19763	403	18011	45	104	0	18563
19764	18252	272	52	94	0	18670
19765	439	79	46	18214	0	18778
19766	191	72	49	18425	0	18737
19767	18196	32	43	396	0	18667
19768	372	17770	44	178	0	18364
19769	171	17929	56	130	0	18286
19770	171	310	55	18132	0	18668
19771	126	93	18186	346	0	18751
19772	122	85	278	17963	0	18448
19773	126	39	101	18389	0	18655
19774	18016	42	75	423	0	18556
19775	18134	50	58	194	0	18436
19776	417	35	56	18005	0	18513
19777	184	42	17718	368	0	18312
19778	153	30	309	18008	0	18500
19779	18359	21	111	431	0	18922
19780	388	31	19000	168	0	19587
19781	149	19179	364	156	0	19848
19782	19746	338	113	141	0	20338
19783	455	73	92	19814	0	20434
19784	168	66	70	20034	0	20338
19785	142	29	68	20347	0	20586
19786	114	33	19652	558	0	20357
19787	18262	33	383	251	0	18929
19788	446	28	18915	178	0	19567
19789	165	18715	428	142	0	19450
19790	180	329	114	18959	0	19582
19791	149	85	102	19399	0	19735
19792	145	77	80	20066	0	20368
19793	120	56	19648	609	0	20433
19794	107	41	19517	242	0	19907
19795	110	39	19813	194	0	20156
19796	90	19601	530	155	0	20376
19797	167	413	230	19613	0	20423
19798	19912	92	132	506	0	20642
19799	20994	72	96	191	0	21353
19800	615	50	21577	139	0	22381
19801	246	21814	508	127	0	22695
19802	166	505	21619	118	0	22408
19803	110	22285	527	130	0	23052
19804	21482	658	320	180	0	22640
19805	21485	164	149	113	0	21911
19806	616	21206	99	93	0	22014
19807	21259	517	102	83	0	21961
19808	635	180	83	21013	0	21911
19809	262	132	74	21519	0	21987
19810	21248	92	66	633	0	22039
19811	20995	81	45	257	0	21378
19812	20993	58	45	191	0	21287
19813	752	20178	56	137	0	21123
19814	299	21165	62	119	0	21645
19815	21006	591	69	129	0	21795
19816	599	223	20669	132	0	21623
19817	307	254	474	20220	0	21255
19818	19903	94	171	499	0	20667
19819	600	19220	110	189	0	20119
19820	271	20215	71	115	0	20672
19821	20141	617	89	97	0	20944
19822	581	231	19600	106	0	20518
19823	19270	188	483	112	0	20053
19824	627	114	19115	80	0	19936
19825	290	107	18994	69	0	19460
19826	282	119	548	18855	0	19804
19827	149	109	19370	458	0	20086
19828	19026	104	530	175	0	19835
19829	19563	67	245	147	0	20022
19830	19833	62	176	125	0	20196
19831	19798	60	124	121	0	20103
19832	721	74	116	18992	0	19903
19833	19151	89	87	485	0	19812
19834	621	18819	92	196	0	19728
19835	345	435	100	18280	0	19160
19836	261	19294	89	433	0	20077
19837	19891	484	80	208	0	20663
19838	20048	176	81	157	0	20462
19839	669	139	74	19667	0	20549
19840	19964	111	78	526	0	20679
19841	20294	109	94	211	0	20708
19842	715	102	78	19812	0	20707
19843	391	83	85	19958	0	20517
19844	291	92	83	20319	0	20785
19845	267	66	19549	662	0	20544
19846	237	80	19009	303	0	19629
19847	215	81	19543	216	0	20055
19848	233	90	588	19620	0	20531
19849	194	90	20001	552	0	20837
19850	210	111	551	19851	0	20723
19851	211	78	20897	594	0	21780
19852	191	71	20474	283	0	21019
19853	19912	83	647	260	0	20902
19854	541	20070	312	184	0	21107
19855	20615	443	226	161	0	21445
19856	601	176	164	20416	0	21357
19857	319	120	157	20784	0	21380
19858	274	110	20415	632	0	21431
19859	225	20339	516	279	0	21359
19860	245	463	217	20730	0	21655
19861	192	197	20822	520	0	21731
19862	183	20352	464	272	0	21271
19863	196	426	242	20373	0	21237
19864	20191	189	183	525	0	21088
19865	20346	124	153	259	0	20882
19866	584	106	157	20203	0	21050
19867	20265	126	119	486	0	20996
19868	557	20146	137	239	0	21079
19869	299	429	123	20530	0	21381
19870	243	172	20601	513	0	21529
19871	225	140	441	20834	0	21640
19872	236	108	20772	530	0	21646
19873	20559	110	487	265	0	21421
19874	551	99	197	21021	0	21868
19875	306	20962	163	512	0	21943
19876	247	491	119	21824	0	22681
19877	197	163	21545	579	0	22484
19878	221	124	21121	303	0	21769
19879	186	104	20840	219	0	21349
19880	19480	188	623	165	0	20456
19881	425	19760	255	159	0	20599
19882	225	351	176	19704	0	20456
19883	19657	150	116	428	0	20351
19884	384	19611	151	240	0	20386
19885	20446	345	125	231	0	21147
19886	20710	157	133	155	0	21155
19887	21063	109	101	169	0	21442
19888	21322	88	93	138	0	21641
19889	555	103	20534	132	0	21324
19890	20309	66	363	151	0	20889
19891	468	65	20227	129	0	20889
19892	19303	42	338	120	0	19803
19893	451	74	191	19892	0	20608
19894	279	42	19526	272	0	20119
19895	210	19019	281	176	0	19686
19896	206	925	235	18051	0	19417
19897	154	18592	118	239	0	19103
19898	125	18744	105	155	0	19129
19899	17192	213	168	130	0	17703
19900	172	62	16621	70	0	16925
19901	57	16130	100	43	0	16330
19902	15762	100	108	42	0	16012
19903	75	15952	32	14	0	16073
19904	16017	63	15	28	0	16123
19905	88	37	21	15973	0	16119
19906	16066	21	13	65	0	16165
19907	87	7	15	15869	0	15978
19908	16001	13	17	97	0	16128
19909	79	16	10	15932	0	16037
19910	37	16380	23	73	0	16513
19911	34	64	13	16801	0	16912
19912	16807	25	13	88	0	16933
19913	73	16585	12	31	0	16701
19914	38	68	12	16636	0	16754
19915	16806	32	8	88	0	16934
19916	78	22	9	16865	0	16974
19917	52	23	12	16806	0	16893
19918	29	21	17020	86	0	17156
19919	23	20	16435	41	0	16519
19920	37	22	79	16500	0	16638
19921	21	21	17393	78	0	17513
19922	32	17	65	17231	0	17345
19923	80	22	35	15705	0	15842
19924	32	20	17	17398	0	17467
19925	34	21	17315	98	0	17468
19926	42	16	53	16594	0	16705
19927	31	18	22	17012	0	17083
19928	23	17144	17	94	0	17278
19929	27	58	21	17449	0	17555
19930	17394	25	18	104	0	17541
19931	78	16	14	17593	0	17701
19932	41	19	19448	94	0	19602
19933	18554	14	145	77	0	18790
19934	155	20551	90	66	0	20862
19935	119	183	66	21050	0	21418
19936	78	97	20777	213	0	21165
19937	19644	67	200	142	0	20053
19938	201	20555	115	89	0	20960
19939	20818	213	79	79	0	21189
19940	273	104	51	20649	0	21077
19941	20573	66	38	250	0	20927
19942	301	57	20415	121	0	20894
19943	150	20107	207	96	0	20560
19944	114	21606	106	65	0	21891
19945	21804	275	74	108	0	22261
19946	21833	141	56	69	0	22099
19947	315	107	21605	28	0	22055
19948	21303	68	208	45	0	21624
19949	21873	42	103	74	0	22092
19950	22028	32	82	60	0	22202
19951	378	20815	52	33	0	21278
19952	223	21243	37	30	0	21533
19953	21327	268	26	49	0	21670
19954	21513	153	27	51	0	21744
19955	319	21549	20	31	0	21919
19956	192	234	14	21695	0	22135
19957	132	144	21659	191	0	22126
19958	21279	89	195	146	0	21709
19959	20496	86	124	191	0	20897
19960	22522	38	82	115	0	22757
19961	351	22097	67	61	0	22576
19962	208	218	22465	33	0	22924
19963	22863	112	214	83	0	23272
19964	306	77	100	23189	0	23672
19965	185	61	73	23216	0	23535
19966	134	45	48	23794	0	24021
19967	98	35	23515	352	0	24000
19968	114	29	204	22990	0	23337
19969	60	33	23381	325	0	23799
19970	42	22700	249	189	0	23180
19971	22468	197	126	147	0	22938
19972	182	22414	79	88	0	22763
19973	116	22699	58	60	0	22933
19974	22690	284	56	73	0	23103
19975	216	23025	43	39	0	23323
19976	151	275	26	22777	0	23229
19977	102	22625	13	179	0	22919
19978	22769	264	8	108	0	23149
19979	228	22822	14	66	0	23130
19980	137	284	16	23205	0	23642
19981	99	153	22948	219	0	23419
19982	83	109	207	23227	0	23626
19983	52	23138	103	345	0	23638
19984	45	240	74	23790	0	24149
19985	60	159	57	23353	0	23629
19986	101	108	40	22750	0	22999
19987	54	53	37	23790	0	23934
19988	68	47	33	23995	0	24143
19989	54	55	26	24213	0	24348
19990	49	55	23988	501	0	24593
19991	23524	34	287	296	0	24141
19992	335	35	137	25756	0	26263
19993	168	43	25732	448	0	26391
19994	122	61	25735	266	0	26184
19995	112	44	502	26267	0	26925
19996	26577	44	276	485	0	27382
19997	408	85	26004	237	0	26734
19998	25756	68	452	219	0	26495
19999	515	57	26786	152	0	27510
20000	310	61	489	26823	0	27683
20001	266	77	255	27524	0	28122
20002	186	76	27158	537	0	27957
20003	26026	77	451	359	0	26913
20004	483	63	251	26944	0	27741
20005	273	56	26925	487	0	27741
20006	228	70	26840	276	0	27414
20007	212	65	563	26035	0	26875
20008	167	26960	336	427	0	27890
20009	27481	354	248	257	0	28340
20010	27288	196	187	213	0	27884
20011	611	176	27287	153	0	28227
20012	387	107	460	26642	0	27596
20013	27509	82	240	500	0	28331
20014	566	94	27266	277	0	28203
20015	26750	68	473	270	0	27561
20016	604	26632	298	192	0	27726
20017	375	372	227	27566	0	28540
20018	300	172	176	27877	0	28525
20019	28320	128	150	671	0	29269
20020	581	105	139	28455	0	29280
20021	320	101	128	28212	0	28761
20022	277	73	103	28538	0	28991
20023	27890	62	96	890	0	28938
20024	561	77	27670	489	0	28797
20025	27589	58	484	397	0	28528
20026	28068	47	252	348	0	28715
20027	28598	54	218	276	0	29146
20028	843	82	162	27915	0	29002
20029	468	80	28127	600	0	29275
20030	335	27244	558	327	0	28464
20031	269	27818	256	283	0	28626
20032	169	27131	147	207	0	27654
20033	196	522	27079	189	0	27986
20034	220	407	485	29482	0	30594
20035	30404	119	205	718	0	31446
20036	33108	65	121	403	0	33697
20037	959	76	98	34380	0	35513
20038	509	59	34135	803	0	35506
20039	328	50	34243	424	0	35045
20040	267	32	941	34482	0	35722
20041	203	48	34828	841	0	35920
20042	213	33	931	34942	0	36119
20043	216	53	437	34454	0	35160
20044	143	34314	349	1059	0	35865
20045	219	692	192	35134	0	36237
20046	188	281	187	36205	0	36861
20047	35260	230	204	1255	0	36949
20048	868	97	191	35701	0	36857
20049	465	86	164	36050	0	36765
20050	34798	76	186	1323	0	36383
20051	856	34496	216	777	0	36345
20052	35015	710	202	557	0	36484
20053	1044	344	34274	369	0	36031
20054	34332	235	838	406	0	35811
20055	34670	116	443	409	0	35638
20056	1201	117	33664	313	0	35295
20057	691	132	33487	313	0	34623
20058	539	154	1110	32485	0	34288
20059	32774	89	635	993	0	34491
20060	991	83	32303	538	0	33915
20061	573	58	971	32219	0	33821
20062	433	82	31985	995	0	33495
20063	375	67	1042	31708	0	33192
20064	345	68	527	32427	0	33367
20065	31596	84	437	1295	0	33412
20066	31274	84	321	825	0	32504
20067	32390	86	272	615	0	33363
20068	1382	69	31709	418	0	33578
20069	743	78	31798	413	0	33032
20070	565	98	1157	31516	0	33336
20071	452	89	675	32013	0	33229
20072	431	104	431	32746	0	33712
20073	31346	81	340	1392	0	33159
20074	988	31118	336	842	0	33284
20075	30803	708	302	656	0	32469
20076	30460	342	247	531	0	31580
20077	1240	29780	252	470	0	31742
20078	735	30648	286	405	0	32074
20079	30252	975	273	456	0	31956
20080	1042	481	213	29536	0	31272
20081	674	29363	224	1168	0	31429
20082	692	787	209	29910	0	31598
20083	561	438	29138	1214	0	31351
20084	513	336	848	29494	0	31191
20085	29143	187	598	1347	0	31275
20086	1007	173	28621	799	0	30600
20087	659	174	28401	696	0	29930
20088	595	726	1257	26544	0	29122
20089	425	26330	747	1125	0	28627
20090	351	26654	464	822	0	28291
20091	345	27645	329	723	0	29042
20092	26083	1004	364	622	0	28073
20093	26191	435	242	651	0	27519
20094	25373	270	226	594	0	26463
20095	1168	25089	249	587	0	27093
20096	25686	648	264	619	0	27217
20097	25667	358	259	515	0	26799
20098	1230	368	24746	413	0	26757
20099	837	24079	811	361	0	26088
20100	669	736	586	24338	0	26329
20101	24277	363	495	886	0	26021
20102	1081	279	23925	584	0	25869
20103	695	179	870	23541	0	25285
20104	523	23556	611	981	0	25671
20105	484	657	445	23864	0	25450
20106	571	327	324	24271	0	25493
20107	23932	256	395	1217	0	25800
20108	24149	188	407	858	0	25602
20109	1100	204	379	23976	0	25659
20110	728	218	23327	1133	0	25406
20111	589	210	23277	795	0	24871
20112	23626	185	916	678	0	25405
20113	1196	207	23771	420	0	25594
20114	887	240	907	21990	0	24024
20115	661	22527	626	856	0	24670
20116	22705	615	633	559	0	24512
20117	954	22597	431	593	0	24575
20118	22970	734	357	625	0	24686
20119	1039	339	357	22748	0	24483
20120	666	331	316	23106	0	24419
20121	22742	317	254	1125	0	24438
20122	23324	277	250	705	0	24556
20123	1298	253	265	22815	0	24631
20124	885	330	223	22959	0	24397
20125	668	350	21992	1004	0	24014
20126	549	290	21829	670	0	23338
20127	21712	245	865	590	0	23412
20128	868	309	20939	519	0	22635
20129	21201	222	794	553	0	22770
20130	21631	164	593	540	0	22928
20131	1093	176	20612	516	0	22397
20132	767	19570	721	444	0	21502
20133	648	20041	559	360	0	21608
20134	314	358	16724	169	0	17565
20135	609	1081	761	14072	0	16523
20136	12858	280	461	513	0	14112
20137	12501	42	54	112	0	12709
20138	13652	26	41	96	0	13815
20139	15795	36	32	67	0	15930
20140	16175	39	29	87	0	16330
20141	490	16305	44	70	0	16909
20142	16015	371	33	66	0	16485
20143	463	15809	45	53	0	16370
20144	15600	391	38	38	0	16067
20145	469	106	15030	26	0	15631
20146	210	58	353	14594	0	15215
20147	154	51	88	14442	0	14735
20148	86	14630	49	401	0	15166
20149	14720	364	31	129	0	15244
20150	15038	132	17	76	0	15263
20151	501	80	27	14584	0	15192
20152	200	35	40	14916	0	15191
20153	14673	25	35	497	0	15230
20154	431	30	25	14701	0	15187
20155	166	49	15	14995	0	15225
20156	14723	40	5	486	0	15254
20157	467	30	10	14699	0	15206
20158	14736	19	17	487	0	15259
20159	14923	15	22	197	0	15157
20160	492	19	14484	132	0	15127
20161	14685	16	334	156	0	15191
20162	14828	19	86	107	0	15040
20163	14911	22	41	106	0	15080
20164	547	22	14165	79	0	14813
20165	246	16	356	14036	0	14654
20166	181	21	91	14535	0	14828
20167	134	16	14094	453	0	14697
20168	13872	17	371	161	0	14421
20169	494	9	104	13761	0	14368
20170	198	21	13559	401	0	14179
20171	151	19	13907	141	0	14218
20172	128	14	450	13860	0	14452
20173	86	20	14037	448	0	14591
20174	109	15	435	13981	0	14540
20175	145	20	130	14339	0	14634
20176	103	21	13958	505	0	14587
20177	108	28	419	13645	0	14200
20178	94	13368	164	461	0	14087
20179	57	14278	140	190	0	14665
20180	13968	431	98	156	0	14653
20181	14091	119	67	145	0	14422
20182	486	13867	73	134	0	14560
20183	13924	384	65	129	0	14502
20184	14217	112	57	121	0	14507
20185	543	105	55	13805	0	14508
20186	234	85	37	14223	0	14579
20187	13814	68	34	525	0	14441
20188	484	13493	36	210	0	14223
20189	221	13920	36	130	0	14307
20190	219	454	40	13687	0	14400
20191	168	160	13663	463	0	14454
20192	13456	85	394	208	0	14143
20193	13939	60	113	188	0	14300
20194	13665	72	69	158	0	13964
20195	588	13490	47	94	0	14219
20196	257	433	46	13336	0	14072
20197	198	147	48	13885	0	14278
20198	13447	95	74	549	0	14165
20199	538	13372	56	235	0	14201
20200	282	404	56	13382	0	14124
20201	276	134	43	13738	0	14191
20202	238	111	33	13782	0	14164
20203	13391	84	50	625	0	14150
20204	519	13283	53	291	0	14146
20205	268	502	42	12970	0	13782
20206	216	13291	60	480	0	14047
20207	13213	454	63	237	0	13967
20208	507	148	12979	239	0	13873
20209	12820	104	427	245	0	13596
20210	550	86	12560	209	0	13405
20211	282	246	411	11928	0	12867
20212	12035	83	148	475	0	12741
20213	520	84	11806	215	0	12625
20214	11847	74	381	229	0	12531
20215	12245	50	162	197	0	12654
20216	12399	34	112	162	0	12707
20217	594	38	96	11852	0	12580
20218	279	47	88	12002	0	12416
20219	265	30	75	12195	0	12565
20220	11717	23	82	593	0	12415
20221	518	11721	79	274	0	12592
20222	11885	309	87	183	0	12464
20223	12207	86	99	152	0	12544
20224	576	83	11669	153	0	12481
20225	11876	48	356	181	0	12461
20226	12351	42	132	157	0	12682
20227	538	48	129	12015	0	12730
20228	286	58	92	12177	0	12613
20229	255	47	82	12266	0	12650
20230	11790	53	103	503	0	12449
20231	11878	48	99	233	0	12258
20232	11374	32	73	207	0	11686
20233	489	10491	115	181	0	11276
20234	199	10023	85	137	0	10444
20235	148	10274	56	188	0	10666
20236	10020	337	158	175	0	10690
20237	357	106	9726	169	0	10358
20238	149	90	8301	150	0	8690
20239	6043	34	204	43	0	6324
20240	119	14	6333	38	0	6504
20241	26	7	52	5336	0	5421
20242	17	5259	21	40	0	5337
20243	5578	51	19	17	0	5665
20244	5593	11	6	15	0	5625
20245	5606	10	10	9	0	5635
20246	63	8	3	6006	0	6080
20247	25	9	6140	43	0	6217
20248	25	7	5916	12	0	5960
20249	6065	2	46	20	0	6133
20250	6245	0	19	17	0	6281
20251	6169	2	15	17	0	6203
20252	64	4	7	6269	0	6344
20253	29	7	4	6339	0	6379
20254	26	7	6257	50	0	6340
20255	6238	5	40	31	0	6314
20256	52	2	8	6529	0	6591
20257	20	3	10	6502	0	6535
20258	23	5	5	6496	0	6529
20259	7	6419	10	62	0	6498
20260	11	42	3	6475	0	6531
20261	18	7	4	6471	0	6500
20262	6397	7	7	58	0	6469
20263	55	7	6256	17	0	6335
20264	6134	8	40	26	0	6208
20265	6441	6	9	19	0	6475
20266	53	6	6	6372	0	6437
20267	25	3	9	6399	0	6436
20268	6393	2	8	52	0	6455
20269	57	3	6255	16	0	6331
20270	18	6305	45	14	0	6382
20271	21	34	2	6256	0	6313
20272	6239	3	10	47	0	6299
20273	47	8	11	6100	0	6166
20274	22	5	6062	42	0	6131
20275	26	8	6013	13	0	6060
20276	6124	3	39	24	0	6190
20277	45	9	9	6378	0	6441
20278	11	3	6287	40	0	6341
20279	6165	2	35	19	0	6221
20280	6637	5	8	26	0	6676
20281	41	4	5	6665	0	6715
20282	23	2	4	6662	0	6691
20283	15	6642	8	25	0	6690
20284	6926	22	3	27	0	6978
20285	38	2	3	6979	0	7022
20286	9	7	5	7058	0	7079
20287	12	4	7143	31	0	7190
20288	6719	3	20	24	0	6766
20289	7012	0	4	27	0	7043
20290	31	6913	8	12	0	6964
20291	15	14	6764	6	0	6799
20292	12	5	6686	5	0	6708
20293	16	35	20	6595	0	6666
20294	6901	7	21	28	0	6957
20295	14	13	4	6878	0	6909
20296	7109	0	1	35	0	7145
20297	7144	3	1	17	0	7165
20298	7199	3	7	10	0	7219
20299	15	2	4	7203	0	7224
20300	23	2	4	7178	0	7207
20301	7347	1	2	15	0	7365
20302	10	3	7454	6	0	7473
20303	7056	1	9	17	0	7083
20304	7176	0	2	17	0	7195
20305	10	0	7367	2	0	7379
20306	6	2	7175	3	0	7186
20307	3	7318	8	4	0	7333
20308	6	4	5	7437	0	7452
20309	7080	0	9	23	0	7112
20310	8	0	2	7441	0	7451
20311	3	2	7568	5	0	7578
20312	2	7420	8	1	0	7431
20313	1	7520	4	6	0	7531
20314	2	8	1	7735	0	7746
20315	1	2	0	7581	0	7584
20316	3	7520	0	7	0	7530
20317	4	5	7465	3	0	7477
20318	7203	0	8	11	0	7222
20319	7683	2	1	6	0	7692
20320	4	7716	0	4	0	7724
20321	7548	8	1	8	0	7565
20322	11	1	0	7467	0	7479
20323	7451	3	0	16	0	7470
20324	13	4	3	7421	0	7441
20325	3	7711	1	14	0	7729
20326	6	21	7748	1	0	7776
20327	9	2	18	8240	0	8269
20328	24	6	0	8060	0	8090
20329	8	4	1	8745	0	8758
20330	8989	2	1	81	0	9073
20331	84	1	1	9054	0	9140
20332	20	3	9637	90	0	9750
20333	15	12	9886	20	0	9933
20334	10210	0	139	36	0	10385
20335	136	2	10486	9	0	10633
20336	10556	1	149	18	0	10724
20337	163	1	30	11444	0	11638
20338	55	3	26	11777	0	11861
20339	42	3	6	12537	0	12588
20340	30	0	12	12522	0	12564
20341	12390	1	7	303	0	12701
20342	221	6	12429	84	0	12740
20343	75	1	221	12238	0	12535
20344	35	12680	47	218	0	12980
20345	12797	228	28	60	0	13113
20346	255	46	18	12419	0	12738
20347	12301	21	9	282	0	12613
20348	270	18	12162	68	0	12518
20349	81	11	239	11790	0	12121
20350	44	12103	53	215	0	12415
20351	12249	226	29	78	0	12582
20352	257	52	12116	58	0	12483
20353	79	30	241	11953	0	12303
20354	65	13	53	12330	0	12461
20355	12042	12	46	314	0	12414
20356	268	8	11987	98	0	12361
20357	66	15	12114	62	0	12257
20358	84	13	302	11999	0	12398
20359	44	8	12066	278	0	12396
20360	47	15	12178	87	0	12327
20361	61	14	301	12040	0	12416
20362	51	4	100	12322	0	12477
20363	46	10	60	12771	0	12887
20364	12500	13	48	354	0	12915
20365	280	12606	57	121	0	13064
20366	12749	266	40	100	0	13155
20367	329	59	36	12666	0	13090
20368	89	12795	35	307	0	13226
20369	87	270	41	13128	0	13526
20370	13443	63	30	390	0	13926
20371	319	13996	38	138	0	14491
20372	114	318	51	14571	0	15054
20373	73	75	14626	392	0	15166
20374	14553	67	337	154	0	15111
20375	379	36	89	14647	0	15151
20376	136	29	83	14908	0	15156
20377	105	32	14431	464	0	15032
20378	67	37	14492	207	0	14803
20379	14166	30	406	175	0	14777
20380	381	13996	148	127	0	14652
20381	142	334	108	14139	0	14723
20382	14170	87	82	429	0	14768
20383	389	70	14146	167	0	14772
20384	125	13937	378	161	0	14601
20385	134	363	118	14015	0	14630
20386	14076	89	115	443	0	14723
20387	13889	70	89	203	0	14251
20388	14224	44	72	189	0	14529
20389	470	13816	89	153	0	14528
20390	197	351	13912	119	0	14579
20391	160	98	394	14070	0	14722
20392	170	89	152	13112	0	13523
20393	103	47	128	14446	0	14724
20394	109	52	83	14422	0	14666
20395	13990	50	91	552	0	14683
20396	14015	47	67	261	0	14390
20397	473	54	13585	198	0	14310
20398	192	43	13567	160	0	13962
20399	13354	36	435	172	0	13997
20400	13738	54	185	136	0	14113
20401	491	54	128	13168	0	13841
20402	211	13239	95	447	0	13992
20403	13281	355	109	201	0	13946
20404	431	12907	89	188	0	13615
20405	178	13236	58	194	0	13666
20406	159	447	67	13463	0	14136
20407	141	148	88	13770	0	14147
20408	130	98	96	13781	0	14105
20409	135	76	85	13797	0	14093
20410	107	86	13134	570	0	13897
20411	13025	58	383	262	0	13728
20412	13502	54	151	203	0	13910
20413	501	59	105	13028	0	13693
20414	219	72	94	13229	0	13614
20415	12998	71	88	529	0	13686
20416	459	77	12235	255	0	13026
20417	12852	60	342	209	0	13463
20418	13176	79	140	168	0	13563
20419	529	72	12630	175	0	13406
20420	13063	54	366	174	0	13657
20421	513	59	142	13120	0	13834
20422	202	44	128	13466	0	13840
20423	199	49	100	13452	0	13800
20424	171	53	96	13449	0	13769
20425	12699	45	82	566	0	13392
20426	470	39	74	12553	0	13136
20427	176	45	74	12053	0	12348
20428	140	11104	76	465	0	11785
20429	129	11465	66	233	0	11893
20430	141	308	57	11280	0	11786
20431	11189	104	50	366	0	11709
20432	377	72	53	10496	0	10998
20433	132	38	9830	332	0	10332
20434	113	52	9258	131	0	9554
20435	9153	38	259	148	0	9598
20436	271	9223	109	115	0	9718
20437	8443	174	123	84	0	8824
20438	249	48	8379	86	0	8762
20439	131	279	190	7538	0	8138
20440	7532	14	73	152	0	7771
20441	144	7467	47	54	0	7712
20442	7335	119	39	69	0	7562
20443	171	32	7788	37	0	8028
20444	66	54	121	7619	0	7860
20445	68	19	33	7852	0	7972
20446	7931	24	47	165	0	8167
20447	8008	22	26	80	0	8136
20448	8243	18	21	58	0	8340
20449	8270	26	20	40	0	8356
20450	8326	17	12	52	0	8407
20451	161	8224	12	61	0	8458
20452	78	91	17	8453	0	8639
20453	8609	30	20	144	0	8803
20454	135	41	18	8579	0	8773
20455	69	13	8	8676	0	8766
20456	90	12	7	8648	0	8757
20457	52	8403	13	162	0	8630
20458	8552	89	19	77	0	8737
20459	129	31	19	8506	0	8685
20460	8312	23	25	129	0	8489
20461	8222	10	13	72	0	8317
20462	144	8053	7	60	0	8264
20463	8103	86	15	48	0	8252
20464	141	19	7857	43	0	8060
20465	7738	30	79	43	0	7890
20466	133	64	65	7726	0	7988
20467	49	23	7886	79	0	8037
20468	46	7869	60	51	0	8026
20469	54	53	7832	46	0	7985
20470	26	7333	48	20	0	7427
20471	6645	105	127	68	0	6945
20472	6569	14	23	32	0	6638
20473	6502	4	1	16	0	6523
20474	26	6453	4	3	0	6486
20475	6385	14	4	19	0	6422
20476	22	7	6354	6	0	6389
20477	9	12	6277	10	0	6308
20478	10	20	13	6243	0	6286
20479	4	7	7	6606	0	6624
20480	3	6572	4	17	0	6596
20481	6695	14	0	17	0	6726
20482	20	2	0	6770	0	6792
20483	3	6753	1	19	0	6776
20484	7	21	2	7005	0	7035
20485	6982	2	0	43	0	7027
20486	6828	8	0	26	0	6862
20487	25	4	6608	12	0	6649
20488	28	3	21	6684	0	6736
20489	13	7	6694	22	0	6736
20490	5	2	29	6762	0	6798
20491	7	7	6808	31	0	6853
20492	13	2	29	6771	0	6815
20493	7	5	6817	33	0	6862
20494	6	3	35	6787	0	6831
20495	3	3	6964	44	0	7014
20496	13	1	36	6939	0	6989
20497	8	2	6	7114	0	7130
20498	3	7236	18	28	0	7285
20499	9	28	1	7491	0	7529
20500	4	9	7369	40	0	7422
20501	11	12	31	7326	0	7380
20502	9	0	7	7377	0	7393
20503	7392	3	13	54	0	7462
20504	32	1	4	7527	0	7564
20505	13	4	7	7416	0	7440
20506	15	6	7211	42	0	7274
20507	7108	0	34	53	0	7195
20508	33	1	6	7476	0	7516
20509	14	5	17	7487	0	7523
20510	20	0	2	7550	0	7572
20511	7565	1	9	69	0	7644
20512	39	3	4	7691	0	7737
20513	7	2	6	7729	0	7744
20514	7631	1	5	66	0	7703
20515	35	7627	5	36	0	7703
20516	6	31	5	7606	0	7648
20517	16	4	4	7668	0	7692
20518	8	15	7466	46	0	7535
20519	6680	2	40	53	0	6775
20520	40	7	9	7401	0	7457
20521	10	2	7222	48	0	7282
20522	7250	3	36	47	0	7336
20523	46	4	6	7615	0	7671
20524	10	2	17	7750	0	7779
20525	25	2	4	7814	0	7845
20526	15	4	7	7971	0	7997
20527	11	7	8488	82	0	8588
20528	14	3	64	8612	0	8693
20529	23	6	13	10243	0	10285
20530	9	9	11617	179	0	11814
20531	12141	3	211	88	0	12443
20532	12777	1	73	86	0	12937
20533	12907	5	82	45	0	13039
20534	405	4	59	12629	0	13097
20535	12849	2	41	262	0	13154
20536	13107	0	9	112	0	13228
20537	431	1	9	12951	0	13392
20538	12896	3	8	322	0	13229
20539	12924	4	9	166	0	13103
20540	13000	5	12	127	0	13144
20541	13113	2	14	110	0	13239
20542	485	6	10	12639	0	13140
20543	283	11987	20	267	0	12557
20544	213	12166	26	107	0	12512
20545	161	12402	20	111	0	12694
20546	12059	383	12	98	0	12552
20547	12463	195	7	78	0	12743
20548	389	173	11979	55	0	12596
20549	12360	102	242	59	0	12763
20550	465	53	87	12410	0	13015
20551	264	26	84	12476	0	12850
20552	214	17	69	12603	0	12903
20553	12269	8	38	456	0	12771
20554	375	9	16	12268	0	12668
20555	165	11910	23	446	0	12544
20556	162	257	10	12300	0	12729
20557	104	126	12362	426	0	13018
20558	107	130	245	12561	0	13043
20559	12548	94	88	431	0	13161
20560	360	70	12468	172	0	13070
20561	191	25	297	12658	0	13171
20562	190	28	147	12573	0	12938
20563	156	24	104	12804	0	13088
20564	113	12595	80	475	0	13263
20565	89	260	46	12947	0	13342
20566	12743	88	22	517	0	13370
20567	12705	95	19	260	0	13079
20568	411	75	12246	205	0	12937
20569	223	69	12473	148	0	12913
20570	214	34	330	12467	0	13045
20571	167	27	188	12837	0	13219
20572	99	27	12737	434	0	13297
20573	115	25	361	12337	0	12838
20574	87	12519	156	415	0	13177
20575	12991	278	120	257	0	13646
20576	13123	103	91	215	0	13532
20577	13073	104	71	151	0	13399
20578	478	98	12817	149	0	13542
20579	305	81	285	12964	0	13635
20580	266	25	12829	351	0	13471
20581	12659	21	342	166	0	13188
20582	385	12632	176	151	0	13344
20583	188	273	151	12653	0	13265
20584	12613	102	96	381	0	13192
20585	390	88	71	12620	0	13169
20586	208	80	60	12985	0	13333
20587	149	65	12567	495	0	13276
20588	12305	49	286	288	0	12928
20589	405	12487	138	219	0	13249
20590	232	261	115	12721	0	13329
20591	12691	100	99	382	0	13272
20592	424	85	84	12695	0	13288
20593	12624	77	57	455	0	13213
20594	434	12626	56	253	0	13369
20595	12915	286	40	225	0	13466
20596	493	149	12820	135	0	13597
20597	13001	111	276	173	0	13561
20598	13034	90	144	110	0	13378
20599	13124	58	125	123	0	13430
20600	584	43	93	12685	0	13405
20601	349	53	85	12305	0	12792
20602	311	53	43	12747	0	13154
20603	219	12382	52	500	0	13153
20604	12626	297	38	320	0	13281
20605	394	120	43	12698	0	13255
20606	224	109	36	12847	0	13216
20607	226	98	42	12843	0	13209
20608	12532	77	46	523	0	13178
20609	424	45	49	12660	0	13178
20610	221	37	12289	532	0	13079
20611	204	12311	274	309	0	13098
20612	186	298	113	12599	0	13196
20613	153	144	103	12828	0	13228
20614	103	120	92	13009	0	13324
20615	123	106	12456	560	0	13245
20616	113	68	12445	354	0	12980
20617	122	40	375	12734	0	13271
20618	115	55	13075	475	0	13720
20619	109	33	377	13354	0	13873
20620	13332	29	196	533	0	14090
20621	13820	38	133	348	0	14339
20622	13876	28	95	284	0	14283
20623	499	46	13326	210	0	14081
20624	13268	48	301	188	0	13805
20625	523	86	164	13429	0	14202
20626	274	38	13183	389	0	13884
20627	213	29	12759	232	0	13233
20628	161	12412	409	234	0	13216
20629	105	11202	163	145	0	11615
20630	9403	177	321	86	0	9987
20631	144	40	53	9061	0	9298
20632	41	17	9115	103	0	9276
20633	34	15	75	9209	0	9333
20634	9319	9	46	116	0	9490
20635	94	6	9853	52	0	10005
20636	9819	6	109	59	0	9993
20637	10341	11	38	35	0	10425
20638	10256	9	15	40	0	10320
20639	140	10093	16	33	0	10282
20640	10443	91	24	38	0	10596
20641	128	35	26	10583	0	10772
20642	73	25	18	10538	0	10654
20643	48	16	8	10685	0	10757
20644	43	15	19	10604	0	10681
20645	10342	6	26	167	0	10541
20646	116	10103	21	76	0	10316
20647	49	9863	14	49	0	9975
20648	41	10177	16	33	0	10267
20649	10192	109	37	41	0	10379
20650	10221	42	21	39	0	10323
20651	10161	23	11	43	0	10238
20652	10188	20	11	35	0	10254
20653	140	13	13	10177	0	10343
20654	66	14	12	10184	0	10276
20655	10164	8	12	138	0	10322
20656	107	10108	12	74	0	10301
20657	9887	86	11	50	0	10034
20658	10032	37	10	39	0	10118
20659	136	28	9	9921	0	10094
20660	64	9973	10	99	0	10146
20661	53	91	14	10314	0	10472
20662	10229	34	9	129	0	10401
20663	128	23	10243	53	0	10447
20664	66	23	93	10016	0	10198
20665	46	10240	37	101	0	10424
20666	10325	93	24	53	0	10495
20667	10267	34	19	52	0	10372
20668	143	26	10295	33	0	10497
20669	72	10105	94	30	0	10301
20670	53	100	10286	19	0	10458
20671	50	57	98	9944	0	10149
20672	32	25	9956	95	0	10108
20673	29	15	9778	45	0	9867
20674	23	9785	105	31	0	9944
20675	9770	82	43	30	0	9925
20676	9926	32	34	28	0	10020
20677	107	10075	21	25	0	10228
20678	47	10110	11	24	0	10192
20679	41	105	9784	11	0	9941
20680	46	50	9595	10	0	9701
20681	32	28	9868	9	0	9937
20682	31	11	115	9938	0	10095
20683	20	21	10117	82	0	10240
20684	30	16	100	9834	0	9980
20685	35	17	36	9668	0	9756
20686	25	4	9988	106	0	10123
20687	19	9895	83	48	0	10045
20688	22	95	33	9986	0	10136
20689	10001	36	25	100	0	10162
20690	95	27	12	10000	0	10134
20691	44	26	10046	97	0	10213
20692	33	9937	91	43	0	10104
20693	29	10387	41	32	0	10489
20694	38	103	32	10227	0	10400
20695	10148	40	16	106	0	10310
20696	10084	33	14	50	0	10181
20697	116	21	22	10007	0	10166
20698	54	10332	17	105	0	10508
20699	61	108	14	10498	0	10681
20700	53	34	15	10774	0	10876
20701	43	30	15	10867	0	10955
20702	11280	24	13	199	0	11516
20703	162	11406	10	81	0	11659
20704	11523	156	15	72	0	11766
20705	11760	55	15	49	0	11879
20706	11788	38	10	44	0	11880
20707	12064	30	11	39	0	12144
20708	243	28	8	11823	0	12102
20709	96	26	11863	177	0	12162
20710	60	11871	167	71	0	12169
20711	12118	181	56	75	0	12430
20712	12340	58	33	50	0	12481
20713	12481	39	16	50	0	12586
20714	251	38	12107	24	0	12420
20715	12074	18	162	45	0	12299
20716	12395	22	47	32	0	12496
20717	258	30	33	12197	0	12518
20718	117	21	11713	167	0	12018
20719	75	11484	167	65	0	11791
20720	93	187	57	11483	0	11820
20721	11346	61	52	201	0	11660
20722	199	45	20	11274	0	11538
20723	88	24	23	11590	0	11725
20724	11838	19	14	227	0	12098
20725	226	21	11599	74	0	11920
20726	11694	17	185	76	0	11972
20727	11775	14	57	53	0	11899
20728	11690	18	50	42	0	11800
20729	11722	11	37	32	0	11802
20730	281	18	11309	27	0	11635
20731	127	25	191	11231	0	11574
20732	77	13	11342	193	0	11625
20733	63	37	208	11088	0	11396
20734	38	22	11125	232	0	11417
20735	10289	15	201	87	0	10592
20736	199	10177	62	57	0	10495
20737	68	10487	42	33	0	10630
20738	99	204	35	10964	0	11302
20739	65	70	30	11407	0	11572
20740	50	11677	16	261	0	12004
20741	11808	237	23	115	0	12183
20742	12536	63	11	76	0	12686
20743	13046	51	22	50	0	13169
20744	13713	17	21	36	0	13787
20745	448	13	20	13477	0	13958
20746	186	23	19	14031	0	14259
20747	14124	20	14	412	0	14570
20748	377	15	27	13980	0	14399
20749	166	21	13625	393	0	14205
20750	127	26	13690	146	0	13989
20751	94	35	395	13843	0	14367
20752	72	18	13821	363	0	14274
20753	13650	13	371	170	0	14204
20754	371	20	143	13762	0	14296
20755	13842	14	87	378	0	14321
20756	426	10	13847	154	0	14437
20757	203	12	333	13906	0	14454
20758	137	11	14013	355	0	14516
20759	96	13876	392	177	0	14541
20760	13702	325	181	148	0	14356
20761	13871	119	121	95	0	14206
20762	468	13565	54	81	0	14168
20763	13590	331	66	77	0	14064
20764	466	112	55	13380	0	14013
20765	207	69	55	13677	0	14008
20766	13386	40	46	473	0	13945
20767	405	13030	56	210	0	13701
20768	176	13336	34	151	0	13697
20769	178	415	40	13118	0	13751
20770	13009	187	47	379	0	13622
20771	13321	104	37	189	0	13651
20772	13353	53	59	121	0	13586
20773	556	62	12823	84	0	13525
20774	283	38	12825	74	0	13220
20775	200	12720	415	66	0	13401
20776	12790	360	187	83	0	13420
20777	455	133	99	12495	0	13182
20778	12625	83	67	391	0	13166
20779	12853	59	54	173	0	13139
20780	564	41	61	12458	0	13124
20781	280	57	12388	397	0	13122
20782	12506	52	350	178	0	13086
20783	469	37	147	12514	0	13167
20784	248	46	12473	394	0	13161
20785	12479	27	374	193	0	13073
20786	12743	36	150	167	0	13096
20787	555	33	124	12390	0	13102
20788	274	30	12310	434	0	13048
20789	198	51	371	12066	0	12686
20790	169	12300	172	434	0	13075
20791	142	329	12336	221	0	13028
20792	154	12415	383	148	0	13100
20793	12237	383	166	105	0	12891
20794	12518	129	114	115	0	12876
20795	12523	90	108	98	0	12819
20796	12503	62	84	98	0	12747
20797	604	53	75	11909	0	12641
20798	11729	50	79	390	0	12248
20799	500	50	66	11527	0	12143
20800	11218	32	57	423	0	11730
20801	450	10897	50	211	0	11608
20802	239	272	58	10329	0	10898
20803	170	10358	44	319	0	10891
20804	10344	300	51	164	0	10859
20805	10350	124	63	135	0	10672
20806	431	10073	41	101	0	10646
20807	245	292	44	9887	0	10468
20808	179	119	9803	302	0	10403
20809	159	100	262	9685	0	10206
20810	123	72	9638	350	0	10183
20811	130	74	299	9071	0	9574
20812	109	9165	145	308	0	9727
20813	9181	255	87	162	0	9685
20814	9359	122	61	103	0	9645
20815	394	88	50	9132	0	9664
20816	9434	41	58	313	0	9846
20817	383	54	48	9391	0	9876
20818	214	54	30	9547	0	9845
20819	177	39	40	9628	0	9884
20820	9462	40	35	430	0	9967
20821	9607	37	28	221	0	9893
20822	9636	24	45	161	0	9866
20823	409	9086	41	112	0	9648
20824	8967	226	40	98	0	9331
20825	352	8785	32	84	0	9253
20826	8885	276	39	79	0	9279
20827	368	105	30	8717	0	9220
20828	210	75	28	8953	0	9266
20829	8788	48	29	339	0	9204
20830	8874	37	44	175	0	9130
20831	358	8600	34	123	0	9115
20832	8662	227	25	98	0	9012
20833	345	96	27	8438	0	8906
20834	201	72	19	8603	0	8895
20835	8455	38	17	321	0	8831
20836	305	38	8240	183	0	8766
20837	179	7941	192	109	0	8421
20838	165	188	76	7347	0	7776
20839	74	72	6802	177	0	7125
20840	112	230	137	6228	0	6707
20841	6290	23	71	189	0	6573
20842	151	5695	32	91	0	5969
20843	67	5197	26	57	0	5347
20844	34	4759	21	23	0	4837
20845	115	163	92	4301	0	4671
20846	4273	14	102	71	0	4460
20847	65	19	1	4165	0	4250
20848	4131	6	3	60	0	4200
20849	4177	4	4	13	0	4198
20850	60	3	4	4139	0	4206
20851	4160	5	2	56	0	4223
20852	64	5	3	4222	0	4294
20853	13	4	4284	62	0	4363
20854	4293	7	44	22	0	4366
20855	59	5	4659	12	0	4735
20856	4441	5	50	12	0	4508
20857	60	7	4505	8	0	4580
20858	20	3	29	4314	0	4366
20859	12	2	5	4415	0	4434
20860	4451	4	2	42	0	4499
20861	42	6	2	4559	0	4609
20862	4579	2	2	46	0	4629
20863	42	4544	3	11	0	4600
20864	4753	33	2	11	0	4799
20865	45	4	5	4846	0	4900
20866	12	6	3	4902	0	4923
20867	16	3	2	4937	0	4958
20868	20	5	3	4905	0	4933
20869	10	6	4816	49	0	4881
20870	12	7	4738	15	0	4772
20871	12	7	36	4824	0	4879
20872	13	5	4905	41	0	4964
20873	10	4903	37	15	0	4965
20874	13	40	5	4931	0	4989
20875	12	6	5050	44	0	5112
20876	17	11	4943	11	0	4982
20877	14	9	41	5163	0	5227
20878	7	2	10	5188	0	5207
20879	5	5239	4	54	0	5302
20880	16	35	7	5344	0	5402
20881	6	11	5383	47	0	5447
20882	5348	5	36	24	0	5413
20883	50	9	17	5507	0	5583
20884	5544	4	11	57	0	5616
20885	5612	3	5	35	0	5655
20886	5722	4	7	26	0	5759
20887	60	10	5749	14	0	5833
20888	20	3	5692	22	0	5737
20889	5477	6	64	23	0	5570
20890	54	3	5816	11	0	5884
20891	18	7	50	5593	0	5668
20892	21	3	22	5688	0	5734
20893	11	14	5722	62	0	5809
20894	14	5710	50	36	0	5810
20895	5737	45	31	19	0	5832
20896	52	5719	21	12	0	5804
20897	23	5955	8	20	0	6006
20898	5960	52	17	17	0	6046
20899	49	21	6125	14	0	6209
20900	26	6	6188	14	0	6234
20901	14	8	73	6098	0	6193
20902	6184	9	24	59	0	6276
20903	65	6245	13	25	0	6348
20904	6314	56	12	19	0	6401
20905	68	17	6453	14	0	6552
20906	27	6841	57	14	0	6939
20907	26	62	29	7025	0	7142
20908	15	22	7096	63	0	7196
20909	34	12	64	7110	0	7220
20910	46	15	45	6385	0	6491
20911	17	14	17	7246	0	7294
20912	26	13	7	7228	0	7274
20913	7138	9	27	89	0	7263
20914	7099	14	15	37	0	7165
20915	85	10	7148	26	0	7269
20916	6902	12	74	30	0	7018
20917	69	6992	35	18	0	7114
20918	7024	59	15	30	0	7128
20919	71	22	7063	28	0	7184
20920	30	17	75	6958	0	7080
20921	20	16	7025	94	0	7155
20922	24	12	7009	38	0	7083
20923	22	17	91	6898	0	7028
20924	33	9	34	7013	0	7089
20925	16	7	6951	95	0	7069
20926	19	6783	76	50	0	6928
20927	20	6890	37	34	0	6981
20928	22	79	22	6991	0	7114
20929	6875	30	22	90	0	7017
20930	77	7124	25	53	0	7279
20931	27	70	7176	26	0	7299
20932	21	30	7033	32	0	7116
20933	27	10	7146	27	0	7210
20934	29	12	97	7005	0	7143
20935	7105	18	39	104	0	7266
20936	80	7011	26	51	0	7168
20937	38	76	7007	23	0	7144
20938	20	7001	90	23	0	7134
20939	21	68	38	7108	0	7235
20940	15	31	7114	76	0	7236
20941	18	7151	88	33	0	7290
20942	24	71	36	7097	0	7228
20943	21	23	31	7251	0	7326
20944	18	23	7348	95	0	7484
20945	26	17	85	7221	0	7349
20946	19	7280	40	83	0	7422
20947	18	78	7260	38	0	7394
20948	7193	27	77	34	0	7331
20949	78	26	42	7352	0	7498
20950	37	29	25	7319	0	7410
20951	17	7290	28	96	0	7431
20952	7258	69	34	45	0	7406
20953	70	26	7088	29	0	7213
20954	7023	16	72	42	0	7153
20955	71	29	32	6841	0	6973
20956	24	6886	21	65	0	6996
20957	21	54	27	6944	0	7046
20958	19	25	20	7151	0	7215
20959	7086	19	22	90	0	7217
20960	7188	10	17	46	0	7261
20961	86	18	11	7169	0	7284
20962	33	8	7130	78	0	7249
20963	6802	8	72	42	0	6924
20964	69	7141	22	27	0	7259
20965	35	75	19	7138	0	7267
20966	28	30	14	7338	0	7410
20967	21	9	13	7376	0	7419
20968	17	17	7284	111	0	7429
20969	21	15	76	7193	0	7305
20970	15	7293	35	85	0	7428
20971	19	72	23	7264	0	7378
20972	8	7265	23	90	0	7386
20973	24	83	12	7230	0	7349
20974	13	32	7144	86	0	7275
20975	6744	17	67	48	0	6876
20976	74	21	33	7083	0	7211
20977	27	10	7051	71	0	7159
20978	16	7057	64	43	0	7180
20979	7022	69	31	30	0	7152
20980	61	23	6904	31	0	7019
20981	6717	33	87	24	0	6861
20982	71	12	21	6911	0	7015
20983	26	4	23	6883	0	6936
20984	19	6814	13	71	0	6917
20985	6832	48	11	35	0	6926
20986	6702	20	10	25	0	6757
20987	64	6876	13	15	0	6968
20988	34	61	6	6986	0	7087
20989	17	19	8	7013	0	7057
20990	17	16	11	6968	0	7012
20991	16	8	6843	74	0	6941
20992	6725	8	58	42	0	6833
20993	61	12	22	6893	0	6988
20994	21	6	14	6919	0	6960
20995	16	14	6821	77	0	6928
20996	11	14	6699	42	0	6766
20997	26	16	71	6891	0	7004
20998	15	6	7023	69	0	7113
20999	6730	17	64	39	0	6850
21000	52	14	26	6981	0	7073
21001	26	11	14	7073	0	7124
21002	18	9	7331	76	0	7434
21003	14	25	62	7436	0	7537
21004	16	6	7552	77	0	7651
21005	3	7364	66	49	0	7482
21006	6959	66	53	46	0	7124
21007	6934	13	13	22	0	6982
21008	66	6846	10	15	0	6937
21009	25	58	6	6990	0	7079
21010	21	17	7069	56	0	7163
21011	17	13	57	7013	0	7100
21012	7030	7	12	70	0	7119
21013	56	7095	11	23	0	7185
21014	7134	50	8	19	0	7211
21015	61	16	0	7123	0	7200
21016	7110	11	8	65	0	7194
21017	61	7052	6	24	0	7143
21018	7126	51	6	23	0	7206
21019	62	14	6934	19	0	7029
21020	20	7010	52	12	0	7094
21021	19	42	18	7036	0	7115
21022	7357	14	18	59	0	7448
21023	7457	10	7	27	0	7501
21024	73	4	5	7456	0	7538
21025	7527	6	9	72	0	7614
21026	7530	2	6	25	0	7563
21027	7658	6	7	30	0	7701
21028	79	4	6	7631	0	7720
21029	26	6	7648	65	0	7745
21030	25	11	7259	27	0	7322
21031	18	10	7446	18	0	7492
21032	7560	6	69	26	0	7661
21033	65	9	29	7629	0	7732
21034	21	7720	17	62	0	7820
21035	27	58	11	7739	0	7835
21036	14	7915	11	69	0	8009
21037	8124	63	9	27	0	8223
21038	68	14	13	8209	0	8304
21039	27	10	10	8398	0	8445
21040	8516	8	6	92	0	8622
21041	79	7	8	8575	0	8669
21042	26	12	8	8770	0	8816
21043	8926	6	8	108	0	9048
21044	96	8	8978	34	0	9116
21045	35	9	100	8985	0	9129
21046	22	6	8968	113	0	9109
21047	8923	5	107	38	0	9073
21048	106	8	23	9121	0	9258
21049	9114	9	13	116	0	9252
21050	130	5	6	9218	0	9359
21051	37	5	9414	123	0	9579
21052	34	7	98	9655	0	9794
21053	9864	3	25	149	0	10041
21054	110	9970	25	34	0	10139
21055	36	104	9948	32	0	10120
21056	9653	16	107	30	0	9806
21057	124	9916	27	21	0	10088
21058	24	10046	28	20	0	10118
21059	25	10724	13	28	0	10790
21060	33	154	18	11282	0	11487
21061	11530	27	22	171	0	11750
21062	11929	16	3	41	0	11989
21063	203	22	11668	30	0	11923
21064	11532	13	159	31	0	11735
21065	203	11480	30	20	0	11733
21066	67	164	31	11670	0	11932
21067	12027	27	20	197	0	12271
21068	12196	22	10	54	0	12282
21069	12251	19	15	47	0	12332
21070	12125	12	15	35	0	12187
21071	12266	18	17	31	0	12332
21072	248	21	15	12025	0	12309
21073	82	24	11989	191	0	12286
21074	75	18	168	12158	0	12419
21075	85	17	28	12390	0	12520
21076	12282	18	20	224	0	12544
21077	216	11942	19	82	0	12259
21078	12127	178	17	71	0	12393
21079	12398	41	21	62	0	12522
21080	12659	28	26	70	0	12783
21081	12813	16	30	52	0	12911
21082	282	23	12394	52	0	12751
21083	12522	24	176	53	0	12775
21084	12847	17	37	56	0	12957
21085	11576	31	40	97	0	11744
21086	12832	19	19	34	0	12904
21087	311	19	23	12335	0	12688
21088	132	17	12063	205	0	12417
21089	12104	10	180	79	0	12373
21090	261	12198	60	61	0	12580
21091	125	170	43	12114	0	12452
21092	111	12358	29	201	0	12699
21093	116	178	26	12616	0	12936
21094	12693	51	28	238	0	13010
21095	12773	42	30	79	0	12924
21096	12767	29	27	60	0	12883
21097	295	41	11983	51	0	12370
21098	12116	33	169	56	0	12374
21099	292	28	11886	49	0	12255
21100	148	31	11753	46	0	11978
21101	124	32	12020	42	0	12218
21102	157	47	215	11398	0	11817
21103	110	24	72	11724	0	11930
21104	103	20	52	11698	0	11873
21105	99	21	47	11648	0	11815
21106	120	21	51	11276	0	11468
21107	99	26	45	11615	0	11785
21108	82	11638	43	225	0	11988
21109	11521	178	31	114	0	11844
21110	205	11681	37	96	0	12019
21111	106	182	38	11872	0	12198
21112	100	42	29	12086	0	12257
21113	11870	32	28	256	0	12186
21114	237	11756	29	106	0	12128
21115	11931	188	33	94	0	12246
21116	267	56	40	11930	0	12293
21117	126	48	42	12021	0	12237
21118	112	34	42	12055	0	12243
21119	94	34	11889	260	0	12277
21120	103	42	184	11855	0	12184
21121	97	43	11682	260	0	12082
21122	88	31	11297	125	0	11541
21123	99	32	11899	109	0	12139
21124	107	29	208	11967	0	12311
21125	94	29	78	12317	0	12518
21126	95	37	53	12444	0	12629
21127	12400	33	48	284	0	12765
21128	228	46	51	12773	0	13098
21129	12968	29	55	283	0	13335
21130	269	12940	49	139	0	13397
21131	13640	208	46	135	0	14029
21132	14161	62	38	125	0	14386
21133	319	14350	40	98	0	14807
21134	14363	214	40	131	0	14748
21135	14474	65	30	131	0	14700
21136	14723	42	46	109	0	14920
21137	14675	32	48	93	0	14848
21138	375	35	14176	74	0	14660
21139	166	13971	250	67	0	14454
21140	164	276	79	13778	0	14297
21141	13863	52	66	285	0	14266
21142	311	42	13697	114	0	14164
21143	125	13420	232	98	0	13875
21144	133	195	72	13071	0	13471
21145	113	13296	56	247	0	13712
21146	123	230	33	13427	0	13813
21147	116	91	30	13518	0	13755
21148	107	63	13400	274	0	13844
21149	115	53	13163	109	0	13440
21150	12709	50	240	105	0	13104
21151	289	38	13176	66	0	13569
21152	126	51	13024	56	0	13257
21153	133	61	242	12724	0	13160
21154	114	61	95	12675	0	12945
21155	89	12594	80	250	0	13013
21156	84	13524	85	118	0	13811
21157	99	243	13495	91	0	13928
21158	106	162	268	13715	0	14251
21159	66	57	13463	253	0	13839
21160	40	34	12484	81	0	12639
21161	29	12368	222	69	0	12688
21162	58	175	102	12031	0	12366
21163	12105	48	60	179	0	12392
21164	185	38	30	12155	0	12408
21165	12229	26	24	195	0	12474
21166	12232	16	22	84	0	12354
21167	12163	19	27	72	0	12281
21168	217	24	11981	36	0	12258
21169	12012	18	168	37	0	12235
21170	221	21	58	12265	0	12565
21171	12355	12	47	191	0	12605
21172	12466	9	38	84	0	12597
21173	211	12177	37	49	0	12474
21174	12260	156	25	46	0	12487
21175	210	55	12174	24	0	12463
21176	11933	36	171	38	0	12178
21177	12136	25	46	40	0	12247
21178	212	12063	38	40	0	12353
21179	12077	160	26	34	0	12297
21180	225	56	26	11600	0	11907
21181	97	40	21	11619	0	11777
21182	67	11533	32	204	0	11836
21183	68	154	27	11768	0	12017
21184	72	39	25	11919	0	12055
21185	50	42	11686	212	0	11990
21186	70	37	11522	76	0	11705
21187	11396	29	195	68	0	11688
21188	11780	18	68	60	0	11926
21189	240	14	53	11731	0	12038
21190	111	25	11644	186	0	11966
21191	90	11593	175	68	0	11926
21192	73	185	51	11585	0	11894
21193	57	52	11655	194	0	11958
21194	11361	41	200	99	0	11701
21195	222	27	64	12008	0	12321
21196	82	12154	48	225	0	12509
21197	85	192	41	12309	0	12627
21198	63	65	39	12629	0	12796
21199	68	37	55	12677	0	12837
21200	12426	27	48	302	0	12803
21201	260	31	32	12382	0	12705
21202	12466	33	40	289	0	12828
21203	12634	36	34	109	0	12813
21204	302	30	12371	91	0	12794
21205	121	12424	222	79	0	12846
21206	109	220	84	11785	0	12198
21207	85	12965	67	202	0	13319
21208	13218	259	43	103	0	13623
21209	291	85	49	13244	0	13669
21210	107	66	13103	287	0	13563
21211	106	39	12923	109	0	13177
21212	97	40	13025	98	0	13260
21213	12923	30	312	90	0	13355
21214	298	13033	127	65	0	13523
21215	13059	255	79	87	0	13480
21216	306	13125	58	69	0	13558
21217	156	271	49	13077	0	13553
21218	108	89	54	13077	0	13328
21219	98	13090	43	305	0	13536
21220	83	269	13077	127	0	13556
21221	69	13229	261	103	0	13662
21222	12989	269	80	104	0	13442
21223	296	94	69	12548	0	13007
21224	106	69	12376	271	0	12822
21225	105	52	12359	93	0	12609
21226	104	68	304	12236	0	12712
21227	75	44	12043	273	0	12435
21228	72	53	11659	91	0	11875
21229	10966	51	280	87	0	11384
21230	218	11060	107	87	0	11472
21231	10565	189	80	68	0	10902
21232	235	77	10504	55	0	10871
21233	99	9962	206	45	0	10312
21234	64	10269	89	48	0	10470
21235	92	291	128	10028	0	10539
21236	59	79	54	10278	0	10470
21237	37	65	30	10502	0	10634
21238	45	32	10287	292	0	10656
21239	45	35	215	10392	0	10687
21240	54	27	65	10641	0	10787
21241	10411	29	70	293	0	10803
21242	221	10318	49	121	0	10709
21243	97	221	30	10492	0	10840
21244	10445	69	31	279	0	10824
21245	10444	59	37	102	0	10642
21246	289	45	34	10300	0	10668
21247	97	43	10272	271	0	10683
21248	84	38	224	10331	0	10677
21249	55	29	10283	296	0	10663
21250	10404	30	250	125	0	10809
21251	11152	24	89	97	0	11362
21252	326	69	74	11373	0	11842
21253	121	29	11514	294	0	11958
21254	80	12025	277	106	0	12488
21255	64	302	12204	86	0	12656
21256	92	175	309	11031	0	11607
21257	45	11522	103	284	0	11954
21258	10989	256	54	61	0	11360
21259	289	53	36	10716	0	11094
21260	66	10856	47	285	0	11254
21261	11010	280	26	80	0	11396
21262	286	64	43	10866	0	11259
21263	70	10896	40	280	0	11286
21264	64	299	26	10971	0	11360
21265	60	65	10830	296	0	11251
21266	10553	49	264	108	0	10974
21267	10776	54	62	74	0	10966
21268	307	36	10472	57	0	10872
21269	81	10350	275	52	0	10758
21270	10420	263	80	52	0	10815
21271	287	55	41	10360	0	10743
21272	106	52	47	10395	0	10600
21273	83	42	31	10515	0	10671
21274	77	28	33	10562	0	10700
21275	57	36	34	10498	0	10625
21276	10229	46	22	345	0	10642
21277	10474	33	33	125	0	10665
21278	319	31	31	10256	0	10637
21279	106	19	32	10482	0	10639
21280	82	20	10140	336	0	10578
21281	60	31	10217	116	0	10424
21282	9990	26	290	111	0	10417
21283	304	25	82	9995	0	10406
21284	92	35	9898	295	0	10320
21285	79	32	264	9936	0	10311
21286	9894	11	66	358	0	10329
21287	10181	25	60	143	0	10409
21288	312	31	58	10024	0	10425
21289	125	19	38	10168	0	10350
21290	10014	29	37	345	0	10425
21291	308	24	37	9893	0	10262
21292	92	9864	37	328	0	10321
21293	97	255	35	9817	0	10204
21294	94	64	39	9906	0	10103
21295	53	41	9511	335	0	9940
21296	50	36	9303	118	0	9507
21297	68	9337	260	91	0	9756
21298	9081	235	94	109	0	9519
21299	9106	63	53	75	0	9297
21300	9165	37	43	80	0	9325
21301	306	8774	31	82	0	9193
21302	99	9057	40	79	0	9275
21303	8810	232	43	92	0	9177
21304	244	8926	39	85	0	9294
21305	88	257	8659	58	0	9062
21306	75	8681	232	99	0	9087
21307	70	238	8304	68	0	8680
21308	8004	79	239	57	0	8379
21309	8220	56	46	70	0	8392
21310	240	8056	53	67	0	8416
21311	8251	230	35	53	0	8569
21312	8886	54	42	49	0	9031
21313	8978	55	22	75	0	9130
21314	316	51	38	8796	0	9201
21315	8843	32	35	273	0	9183
21316	315	42	8510	93	0	8960
21317	8661	43	220	81	0	9005
21318	328	38	55	8745	0	9166
21319	120	32	8585	265	0	9002
21320	112	42	8766	87	0	9007
21321	117	41	255	8657	0	9070
21322	80	36	92	8887	0	9095
21323	8779	34	82	299	0	9194
21324	284	26	36	8798	0	9144
21325	110	33	8670	321	0	9134
21326	101	21	247	8561	0	8930
21327	81	8877	76	295	0	9329
21328	8992	215	62	133	0	9402
21329	285	58	40	9034	0	9417
21330	106	50	8845	293	0	9294
21331	98	8796	238	107	0	9239
21332	8539	206	85	96	0	8926
21333	252	65	66	8662	0	9045
21334	82	62	8635	253	0	9032
21335	86	8469	229	95	0	8879
21336	8404	208	97	108	0	8817
21337	8331	50	67	77	0	8525
21338	8424	45	44	63	0	8576
21339	284	35	35	8167	0	8521
21340	130	27	32	8344	0	8533
21341	8146	25	29	244	0	8444
21342	223	8009	18	126	0	8376
21343	8147	170	28	95	0	8440
21344	241	48	32	8103	0	8424
21345	8288	42	20	209	0	8559
21346	221	34	42	8251	0	8548
21347	100	27	37	8348	0	8512
21348	106	32	26	8382	0	8546
21349	119	35	26	8367	0	8547
21350	75	26	7798	236	0	8135
21351	67	21	7197	102	0	7387
21352	6578	21	124	74	0	6797
21353	130	15	6792	49	0	6986
21354	43	7	5942	33	0	6025
21355	5743	17	129	23	0	5912
21356	5837	11	85	23	0	5956
21357	103	8	44	6308	0	6463
21358	6384	8	27	92	0	6511
21359	93	6508	11	40	0	6652
21360	6712	60	14	46	0	6832
21361	6679	26	9	35	0	6749
21362	6940	24	14	36	0	7014
21363	114	22	8	6891	0	7035
21364	73	6698	11	72	0	6854
21365	49	6886	10	37	0	6982
21366	6945	78	11	41	0	7075
21367	6990	50	19	29	0	7088
21368	103	30	8	6960	0	7101
21369	70	14	5	6977	0	7066
21370	41	6864	14	98	0	7017
21371	6951	70	12	54	0	7087
21372	88	32	6943	36	0	7099
21373	55	26	56	6898	0	7035
21374	52	9	27	7035	0	7123
21375	34	10	7005	97	0	7146
21376	34	4	67	6922	0	7027
21377	35	5632	44	108	0	5819
21378	22	61	24	7171	0	7278
21379	21	33	16	7090	0	7160
21380	34	6636	10	96	0	6776
21381	22	7136	20	58	0	7236
21382	13	74	9	7251	0	7347
21383	7308	36	7	98	0	7449
21384	64	30	13	7341	0	7448
21385	43	14	11	7438	0	7506
21386	32	7601	23	102	0	7758
21387	25	57	15	7948	0	8045
21388	28	32	11	7915	0	7986
21389	28	24	17	7939	0	8008
21390	7908	15	13	113	0	8049
21391	77	6	17	7998	0	8098
21392	52	12	4	7961	0	8029
21393	35	14	6	8019	0	8074
21394	36	17	7790	105	0	7948
21395	7269	17	54	75	0	7415
21396	79	7803	30	48	0	7960
21397	7893	51	15	36	0	7995
21398	87	30	8	7866	0	7991
21399	49	24	7750	70	0	7893
21400	7418	21	53	52	0	7544
21401	83	14	9025	37	0	9159
21402	48	21	62	9188	0	9319
21403	9591	7	43	91	0	9732
21404	9563	8	16	52	0	9639
21405	9847	13	17	50	0	9927
21406	104	9	7	9951	0	10071
21407	61	9	12	10089	0	10171
21408	39	13	16	10155	0	10223
21409	27	9692	11	101	0	9831
21410	11	9690	12	62	0	9775
21411	19	9623	15	44	0	9701
21412	6	9488	8	7	0	9509
21413	23	14	8	9832	0	9877
21414	10	3	4	9881	0	9898
21415	9870	0	4	30	0	9904
21416	9713	0	3	17	0	9733
21417	9955	2	4	19	0	9980
21418	25	1	3	10000	0	10029
21419	8	2	5	10082	0	10097
21420	10069	3	1	36	0	10109
21421	9865	5	4	15	0	9889
21422	28	6	9739	8	0	9781
21423	24	8	9311	10	0	9353
21424	18	10	9646	11	0	9685
21425	6	4	10218	5	0	10233
21426	4	5	22	10307	0	10338
21427	10312	1	3	35	0	10351
21428	30	10150	5	6	0	10191
21429	14	18	1	10567	0	10600
21430	12	7	10617	23	0	10659
21431	3	11108	23	21	0	11155
21432	9	18	3	11530	0	11560
21433	10	11	11357	24	0	11402
21434	19	3	20	11258	0	11300
21435	7	2	3	11527	0	11539
21436	11723	2	1	36	0	11762
21437	25	0	4	11801	0	11830
21438	4	3	11865	23	0	11895
21439	5	1	21	11747	0	11774
21440	10	12630	5	21	0	12666
21441	5	19	5	13377	0	13406
21442	7	3	2	13432	0	13444
21443	12	2	2	13381	0	13397
21444	13606	2	3	45	0	13656
21445	13623	1	3	21	0	13648
21446	13848	1	4	27	0	13880
21447	13887	2	2	28	0	13919
21448	30	10	13597	5	0	13642
21449	13514	1	22	21	0	13558
21450	13914	0	5	21	0	13940
21451	26	8	13627	11	0	13672
21452	13	16	14097	4	0	14130
21453	11	7	16	14404	0	14438
21454	2	14494	4	22	0	14522
21455	14924	18	1	27	0	14970
21456	15143	1	3	30	0	15177
21457	15128	2	1	29	0	15160
21458	24	0	1	15064	0	15089
21459	3	15375	11	21	0	15410
21460	16142	16	0	38	0	16196
21461	16347	2	0	28	0	16377
21462	26	4	0	16304	0	16334
21463	8	7	15946	24	0	15985
21464	16041	0	21	26	0	16088
21465	22	2	4	16727	0	16755
21466	16954	0	0	45	0	16999
21467	24	2	1	17210	0	17237
21468	13	6	17098	19	0	17136
21469	17860	1	22	56	0	17939
21470	29	2	3	18479	0	18513
21471	18	2	3	18488	0	18511
21472	12	1	0	18614	0	18627
21473	9	3	0	18590	0	18602
21474	18778	0	2	52	0	18832
21475	27	6	3	18688	0	18724
21476	16	18574	5	24	0	18619
21477	9	25	0	19071	0	19105
21478	3	18903	9	38	0	18953
21479	5	33	3	19532	0	19573
21480	10	8	1	19607	0	19626
21481	4	19377	7	46	0	19434
21482	14	28	0	19827	0	19869
21483	11	7	0	19685	0	19703
21484	19670	7	3	83	0	19763
21485	47	11	19885	17	0	19960
21486	18	2	61	20131	0	20212
21487	20352	3	9	104	0	20468
21488	20331	2	6	46	0	20385
21489	20472	3	2	54	0	20531
21490	119	5	20426	11	0	20561
21491	53	13	20441	16	0	20523
21492	53	24	118	21167	0	21362
21493	21715	4	41	137	0	21897
21494	116	14	21214	32	0	21376
21495	20859	5	109	38	0	21011
21496	114	21488	40	16	0	21658
21497	51	97	18	22761	0	22927
21498	35	29	10	23243	0	23317
21499	23450	12	12	173	0	23647
21500	125	6	7	23719	0	23857
21501	22692	9	10	159	0	22870
21502	22922	6	7	91	0	23026
21503	157	17	5	22764	0	22943
21504	72	6	5	22876	0	22959
21505	22854	3	8	180	0	23045
21506	138	6	23632	59	0	23835
21507	23455	8	115	116	0	23694
21508	154	11	24580	24	0	24769
21509	24928	9	121	79	0	25137
21510	26354	2	39	119	0	26514
21511	26095	5	29	88	0	26217
21512	25824	4	14	67	0	25909
21513	177	25607	27	27	0	25838
21514	26322	106	17	84	0	26529
21515	26449	31	19	50	0	26549
21516	184	27149	20	22	0	27375
21517	27574	118	12	71	0	27775
21518	183	48	26998	24	0	27253
21519	27098	16	129	61	0	27304
21520	191	53	27428	23	0	27695
21521	111	16	154	27705	0	27986
21522	77	12	49	27968	0	28106
21523	59	22	27791	188	0	28060
21524	70	13	156	27790	0	28029
21525	499	147	269	18429	0	19344
21526	29147	11	38	270	0	29466
21527	220	8	27	29427	0	29682
21528	108	12	23	29334	0	29477
21529	74	10	21	29554	0	29659
21530	60	28771	35	274	0	29140
21531	52	183	25	28945	0	29205
21532	28993	58	13	301	0	29365
21533	243	43	29166	112	0	29564
21534	122	13	211	29632	0	29978
21535	77	31	29587	263	0	29958
21536	29168	17	244	147	0	29576
21537	307	26	71	30966	0	31370
21538	127	45	36242	344	0	36758
21539	123	14	625	36672	0	37434
21540	99	21	406	36499	0	37025
21541	61	36218	321	1038	0	37638
21542	93	616	148	38070	0	38927
21543	119	373	74	40221	0	40787
21544	60	298	39356	1371	0	41085
21545	133	143	770	39767	0	40813
21546	98	75	424	40578	0	41175
21547	39185	41	329	1469	0	41024
21548	39174	39	188	981	0	40382
21549	1145	39064	141	640	0	40990
21550	40068	766	121	482	0	41437
21551	40230	429	119	441	0	41219
21552	1396	39764	171	387	0	41718
21553	906	931	142	40022	0	42001
21554	40366	505	84	1206	0	42161
21555	40723	382	76	788	0	41969
21556	40242	247	91	599	0	41179
21557	1718	38908	116	419	0	41161
21558	1159	924	39712	316	0	42111
21559	40717	543	825	371	0	42456
21560	41417	494	456	360	0	42727
21561	1643	40904	351	376	0	43274
21562	41733	1050	186	402	0	43371
21563	42790	596	154	279	0	43819
21564	2022	474	114	41490	0	44100
21565	1226	354	41449	1210	0	44239
21566	959	251	1046	42431	0	44687
21567	809	168	565	43037	0	44579
21568	682	210	416	43437	0	44745
21569	538	263	41006	1918	0	43725
21570	682	194	1098	40647	0	42621
21571	607	187	554	42395	0	43743
21572	511	138	442	42847	0	43938
21573	475	149	321	43017	0	43962
21574	481	132	227	43014	0	43854
21575	380	41030	164	2590	0	44164
21576	366	1079	178	42803	0	44426
21577	322	543	274	44023	0	45162
21578	280	391	41957	2267	0	44895
21579	374	223	1123	45071	0	46791
21580	319	187	600	46199	0	47305
21581	339	161	432	47715	0	48647
21582	354	161	307	48726	0	49548
21583	46694	197	220	3057	0	50168
21584	1512	206	215	48414	0	50347
21585	880	196	184	48846	0	50106
21586	646	208	45603	2794	0	49251
21587	445	43709	1300	1956	0	47410
21588	311	46393	768	1576	0	49048
21589	45144	1636	636	1357	0	48773
21590	1328	45767	420	1178	0	48693
21591	862	1649	262	45544	0	48317
21592	44797	864	218	2295	0	48174
21593	1540	655	44631	1608	0	48434
21594	923	489	1349	45564	0	48325
21595	711	45014	783	2151	0	48659
21596	549	1504	549	45544	0	48146
21597	426	45254	355	2373	0	48408
21598	455	1807	248	46036	0	48546
21599	44949	1029	188	2570	0	48736
21600	1682	789	45471	1600	0	49542
21601	1108	516	1473	44983	0	48080
21602	844	45560	881	2153	0	49438
21603	45598	1625	640	1531	0	49394
21604	1696	996	45064	1344	0	49100
21605	1080	766	1501	45380	0	48727
21606	931	533	43975	2161	0	47600
21607	821	417	1836	44211	0	47285
21608	624	390	43112	2422	0	46548
21609	491	456	1951	42791	0	45689
21610	464	441	1092	43499	0	45496
21611	41519	414	805	2757	0	45495
21612	42647	384	641	1805	0	45477
21613	2311	359	484	41766	0	44920
21614	1411	40964	461	2267	0	45103
21615	982	1506	405	42390	0	45283
21616	702	859	427	42405	0	44393
21617	39883	619	426	3027	0	43955
21618	1656	39953	383	2163	0	44155
21619	40143	1557	346	1601	0	43647
21620	40458	954	346	1285	0	43043
21621	2240	38581	319	1194	0	42334
21622	1396	40585	282	1220	0	43483
21623	39724	1999	353	1287	0	43363
21624	1923	1119	38470	1344	0	42856
21625	38992	794	1509	1207	0	42502
21626	39388	659	841	1128	0	42016
21627	2616	37601	687	1088	0	41992
21628	1757	1588	483	35742	0	39570
21629	1149	37945	448	2077	0	41619
21630	37749	2032	480	1478	0	41739
21631	38884	1200	488	1254	0	41826
21632	2452	956	469	37567	0	41444
21633	1739	793	386	38158	0	41076
21634	36298	657	268	2663	0	39886
21635	2076	35541	264	1942	0	39823
21636	1456	35155	286	1568	0	38465
21637	1186	34723	352	1198	0	37459
21638	623	28278	229	800	0	29930
21639	606	28899	219	818	0	30542
21640	713	1687	316	27780	0	30496
21641	468	808	26687	1534	0	29497
21642	530	26758	817	937	0	29042
21643	24717	1095	370	601	0	26783
21644	1120	640	296	24386	0	26442
21645	24385	518	223	1083	0	26209
21646	1116	24213	245	641	0	26215
21647	24342	982	279	535	0	26138
21648	1135	23858	358	843	0	26194
21649	736	1039	343	24354	0	26472
21650	24402	512	313	1082	0	26309
21651	24918	425	308	748	0	26399
21652	1213	358	282	24596	0	26449
21653	708	370	250	24758	0	26086
21654	591	23918	181	1389	0	26079
21655	582	909	164	24460	0	26115
21656	582	523	112	24907	0	26124
21657	563	564	112	24438	0	25677
21658	526	22841	109	1461	0	24937
21659	21261	804	123	845	0	23033
21660	841	21463	90	667	0	23061
21661	20871	915	103	482	0	22371
21662	938	20841	106	432	0	22317
21663	667	864	20099	385	0	22015
21664	605	582	610	19840	0	21637
21665	472	477	19539	746	0	21234
21666	451	391	19350	430	0	20622
21667	461	375	785	19027	0	20648
21668	434	325	19152	748	0	20659
21669	485	280	721	18956	0	20442
21670	506	265	385	19201	0	20357
21671	457	288	272	19586	0	20603
21672	19056	307	178	1091	0	20632
21673	833	303	153	19222	0	20511
21674	594	301	98	19297	0	20290
21675	18340	229	87	1060	0	19716
21676	860	17703	76	731	0	19370
21677	539	16877	62	582	0	18060
21678	513	17195	47	459	0	18214
21679	354	1112	108	14102	0	15676
21680	261	287	14069	521	0	15138
21681	12078	373	358	296	0	13105
21682	379	12389	134	166	0	13068
21683	11774	323	86	126	0	12309
21684	11840	163	47	102	0	12152
21685	11860	156	46	94	0	12156
21686	407	150	11650	79	0	12286
21687	231	127	219	11797	0	12374
21688	194	116	111	12028	0	12449
21689	197	92	74	12094	0	12457
21690	171	112	63	11840	0	12186
21691	163	11467	59	373	0	12062
21692	11578	253	45	211	0	12087
21693	266	130	10957	141	0	11494
21694	10558	75	174	131	0	10938
21695	304	198	71	10139	0	10712
21696	152	9839	34	255	0	10280
21697	109	10140	20	168	0	10437
21698	161	579	59	9160	0	9959
21699	94	9251	35	185	0	9565
21700	8172	106	43	71	0	8392
21701	102	52	7885	51	0	8090
21702	50	37	66	7575	0	7728
21703	17	16	32	7758	0	7823
21704	20	14	16	7850	0	7900
21705	13	17	8	7819	0	7857
21706	7860	18	10	121	0	8009
21707	101	13	9	8118	0	8241
21708	8897	13	13	119	0	9042
21709	126	14	11	9250	0	9401
21710	53	21	8	9705	0	9787
21711	33	8819	17	1320	0	10189
21712	10430	118	5	119	0	10672
21713	10681	44	12	61	0	10798
21714	186	10479	11	47	0	10723
21715	93	153	4	9982	0	10232
21716	47	10278	11	131	0	10467
21717	9840	157	391	69	0	10457
21718	150	56	10202	43	0	10451
21719	54	47	9959	33	0	10093
21720	9711	18	162	41	0	9932
21721	142	9943	69	40	0	10194
21722	67	129	41	9963	0	10200
21723	60	51	17	10051	0	10179
21724	25	47	10027	177	0	10276
21725	41	25	132	10006	0	10204
21726	30	27	47	10172	0	10276
21727	24	9885	35	204	0	10148
21728	23	140	19	10017	0	10199
21729	29	58	13	10015	0	10115
21730	9787	43	6	214	0	10050
21731	142	9551	19	92	0	9804
21732	51	9771	14	64	0	9900
21733	53	161	14	9776	0	10004
21734	26	76	11	9922	0	10035
21735	28	50	6	9861	0	9945
21736	17	9706	10	223	0	9956
21737	24	139	9	9880	0	10052
21738	33	52	8	9824	0	9917
21739	25	53	11	9950	0	10039
21740	34	23	10	9950	0	10017
21741	19	9762	15	234	0	10030
21742	15	10433	11	114	0	10573
21743	10301	201	8	88	0	10598
21744	10421	88	3	60	0	10572
21745	238	45	7	10396	0	10686
21746	89	30	10407	208	0	10734
21747	56	31	167	10496	0	10750
21748	43	26	49	10503	0	10621
21749	10156	30	37	264	0	10487
21750	178	10361	17	122	0	10678
21751	88	173	16	10412	0	10689
21752	63	164	7	10456	0	10690
21753	32	52	10258	259	0	10601
21754	22	36	10333	131	0	10522
21755	24	32	215	10274	0	10545
21756	33	29	86	10252	0	10400
21757	17	10061	51	245	0	10374
21758	26	10347	26	121	0	10520
21759	10197	223	16	84	0	10520
21760	184	89	22	10341	0	10636
21761	71	42	10295	208	0	10616
21762	46	10207	164	95	0	10512
21763	37	177	60	10379	0	10653
21764	10370	72	29	219	0	10690
21765	170	59	21	10443	0	10693
21766	10267	33	17	244	0	10561
21767	192	10293	20	111	0	10616
21768	10181	174	21	97	0	10473
21769	213	81	15	10325	0	10634
21770	78	62	10643	215	0	10998
21771	62	44	166	10606	0	10878
21772	42	10860	69	239	0	11210
21773	43	204	37	10959	0	11243
21774	28	11277	35	234	0	11574
21775	40	240	25	11692	0	11997
21776	41	92	11396	290	0	11819
21777	40	65	11203	137	0	11445
21778	25	42	11390	107	0	11564
21779	11253	44	292	82	0	11671
21780	230	11244	110	67	0	11651
21781	99	11606	49	65	0	11819
21782	11303	281	41	77	0	11702
21783	11404	121	29	77	0	11631
21784	291	77	43	11222	0	11633
21785	124	51	11205	264	0	11644
21786	73	55	10842	119	0	11089
21787	71	35	278	10831	0	11215
21788	10807	51	108	284	0	11250
21789	226	10756	66	178	0	11226
21790	88	239	45	10963	0	11335
21791	10846	92	46	292	0	11276
21792	10920	60	49	143	0	11172
21793	289	46	10668	114	0	11117
21794	10557	43	216	111	0	10927
21795	271	61	10854	84	0	11270
21796	124	39	11023	80	0	11266
21797	101	41	289	10704	0	11135
21798	70	37	120	10918	0	11145
21799	51	45	81	11090	0	11267
21800	57	54	10747	339	0	11197
21801	10742	39	231	183	0	11195
21802	256	49	97	11156	0	11558
21803	10912	38	72	313	0	11335
21804	11040	52	46	163	0	11301
21805	304	10879	48	130	0	11361
21806	145	11084	51	91	0	11371
21807	88	11057	53	81	0	11279
21808	98	323	76	10034	0	10531
21809	60	83	9965	203	0	10311
21810	62	329	201	9128	0	9720
21811	52	9215	83	201	0	9551
21812	51	9137	34	83	0	9305
21813	45	206	43	8994	0	9288
21814	8875	73	37	205	0	9190
21815	182	8699	35	77	0	8993
21816	69	8856	37	61	0	9023
21817	8984	199	28	70	0	9281
21818	190	73	36	9007	0	9306
21819	84	55	29	9089	0	9257
21820	65	32	24	9262	0	9383
21821	8896	38	24	243	0	9201
21822	9034	37	33	111	0	9215
21823	212	31	43	8983	0	9269
21824	106	33	8722	187	0	9048
21825	8677	28	175	108	0	8988
21826	193	28	70	8871	0	9162
21827	84	30	8744	201	0	9059
21828	71	36	8733	85	0	8925
21829	67	36	203	8944	0	9250
21830	47	33	9303	215	0	9598
21831	69	20	181	9874	0	10144
21832	75	32	72	9801	0	9980
21833	64	21	51	10594	0	10730
21834	10384	27	36	324	0	10771
21835	245	42	27	10495	0	10809
21836	96	36	43	10651	0	10826
21837	67	50	40	10659	0	10816
21838	61	44	42	10656	0	10803
21839	35	55	10094	326	0	10510
21840	40	9996	219	159	0	10414
21841	39	189	73	9577	0	9878
21842	32	90	42	9353	0	9517
21843	25	8967	41	224	0	9257
21844	34	9452	31	96	0	9613
21845	9313	200	37	101	0	9651
21846	185	8912	22	216	0	9335
21847	65	187	25	9056	0	9333
21848	53	66	9111	210	0	9440
21849	8911	42	157	111	0	9221
21850	184	30	8794	100	0	9108
21851	8782	19	173	89	0	9063
21852	8926	32	53	71	0	9082
21853	215	20	8903	76	0	9214
21854	99	21	179	8516	0	8815
21855	79	8737	65	202	0	9083
21856	53	160	65	9293	0	9571
21857	9464	49	48	225	0	9786
21858	9623	33	51	108	0	9815
21859	213	9505	52	102	0	9872
21860	9502	167	48	113	0	9830
21861	211	51	33	9352	0	9647
21862	9294	29	32	258	0	9613
21863	9480	32	35	129	0	9676
21864	260	24	30	9383	0	9697
21865	9352	36	21	244	0	9653
21866	9135	30	26	133	0	9324
21867	206	32	9084	109	0	9431
21868	8965	27	161	105	0	9258
21869	202	38	8938	89	0	9267
21870	82	27	8445	60	0	8614
21871	60	8649	181	76	0	8966
21872	90	167	77	8286	0	8620
21873	39	40	8454	170	0	8703
21874	47	36	8123	75	0	8281
21875	8314	50	161	69	0	8594
21876	147	21	59	8346	0	8573
21877	54	23	44	8675	0	8796
21878	49	20	28	8727	0	8824
21879	40	20	25	8717	0	8802
21880	38	28	28	8786	0	8880
21881	44	24	8616	190	0	8874
21882	54	24	8557	80	0	8715
21883	45	20	138	8707	0	8910
21884	8618	26	46	180	0	8870
21885	145	8508	41	79	0	8773
21886	65	121	34	8587	0	8807
21887	8556	29	23	171	0	8779
21888	160	8569	32	64	0	8825
21889	75	140	31	8665	0	8911
21890	57	41	24	8801	0	8923
21891	60	23	26	8749	0	8858
21892	8587	24	33	187	0	8831
21893	158	16	8455	91	0	8720
21894	8533	13	137	73	0	8756
21895	169	18	44	8649	0	8880
21896	62	23	38	8460	0	8583
21897	57	8468	35	186	0	8746
21898	39	118	8385	80	0	8622
21899	8394	29	129	92	0	8644
21900	8615	25	54	70	0	8764
21901	166	29	8430	65	0	8690
21902	8140	13	131	68	0	8352
21903	160	8341	54	61	0	8616
21904	63	8538	42	60	0	8703
21905	47	8537	37	61	0	8682
21906	8285	140	43	57	0	8525
21907	144	59	8221	41	0	8465
21908	50	104	119	7922	0	8195
21909	38	7778	36	127	0	7979
21910	38	7928	36	46	0	8048
21911	26	7906	38	32	0	8002
21912	114	167	41	6461	0	6783
21913	7560	45	18	111	0	7734
21914	97	7637	13	65	0	7812
21915	46	93	14	7710	0	7863
21916	37	33	10	7796	0	7876
21917	7641	24	18	130	0	7813
21918	119	22	23	7649	0	7813
21919	48	16	17	7809	0	7890
21920	37	14	7733	140	0	7924
21921	45	19	88	7709	0	7861
21922	30	22	34	7957	0	8043
21923	7892	14	23	148	0	8077
21924	7930	13	25	54	0	8022
21925	145	15	15	7907	0	8082
21926	7626	21	14	142	0	7803
21927	7805	11	9	59	0	7884
21928	133	7763	17	40	0	7953
21929	60	91	7612	31	0	7794
21930	47	7343	101	18	0	7509
21931	86	228	59	6616	0	6989
21932	6388	28	55	70	0	6541
21933	48	6320	8	18	0	6394
21934	19	44	9	6350	0	6422
21935	6303	13	5	62	0	6383
21936	6265	16	14	16	0	6311
21937	56	13	7	6277	0	6353
21938	12	14	6438	62	0	6526
21939	24	3	43	6515	0	6585
21940	12	13	9	6626	0	6660
21941	3	8	6607	74	0	6692
21942	21	5	44	6562	0	6632
21943	11	10	14	6627	0	6662
21944	6802	1	10	80	0	6893
21945	50	5	5	6878	0	6938
21946	19	4	7	6887	0	6917
21947	6796	9	5	83	0	6893
21948	6685	2	9	51	0	6747
21949	6699	4	7	32	0	6742
21950	66	7	6594	26	0	6693
21951	23	16	55	6525	0	6619
21952	20	6585	11	64	0	6680
21953	17	50	10	6842	0	6919
21954	29	19	6956	64	0	7068
21955	34	51	54	6567	0	6706
21956	23	7	6660	69	0	6759
21957	6268	10	68	22	0	6368
21958	6380	4	12	23	0	6419
21959	57	5	7	6473	0	6542
21960	24	4	6	6485	0	6519
21961	21	2	4	6507	0	6534
21962	11	6607	6	55	0	6679
21963	6639	37	8	35	0	6719
21964	6694	11	3	22	0	6730
21965	54	9	1	6660	0	6724
21966	29	7	2	6643	0	6681
21967	20	3	4	6668	0	6695
21968	13	4	9	6676	0	6702
21969	17	3	6592	59	0	6671
21970	19	4	40	6647	0	6710
21971	6471	5	12	70	0	6558
21972	6456	5	10	30	0	6501
21973	55	7	3	6273	0	6338
21974	20	9	6120	45	0	6194
21975	5912	4	39	30	0	5985
21976	50	17	15	6138	0	6220
21977	14	5950	10	51	0	6025
21978	14	6190	4	17	0	6225
21979	6267	48	4	32	0	6351
21980	46	18	4	6409	0	6477
21981	23	9	3	6528	0	6563
21982	16	6	4	6815	0	6841
21983	9	7	5	6907	0	6928
21984	9	8	2	7258	0	7277
21985	12	6	7224	110	0	7352
21986	10	6	7165	45	0	7226
21987	2	5	7229	30	0	7266
21988	4	2	114	7187	0	7307
21989	10	7	7376	98	0	7491
21990	19	0	91	7366	0	7476
21991	19	3	34	7455	0	7511
21992	8	5	24	7725	0	7762
21993	7791	1	15	151	0	7958
21994	108	5	15	7870	0	7998
21995	34	5	20	8015	0	8074
21996	7900	3	19	160	0	8082
21997	110	7942	16	67	0	8135
21998	28	8238	17	43	0	8326
21999	8245	130	6	50	0	8431
22000	112	8388	17	25	0	8542
22001	8383	116	15	52	0	8566
22002	8481	42	8	40	0	8571
22003	8443	23	12	40	0	8518
22004	8287	14	8	38	0	8347
22005	8385	13	3	38	0	8439
22006	161	8232	6	36	0	8435
22007	8237	121	7	34	0	8399
22008	8387	48	5	31	0	8471
22009	174	8483	9	19	0	8685
22010	9061	129	10	33	0	9233
22011	9340	50	11	29	0	9430
22012	9985	31	5	26	0	10047
22013	10485	19	4	27	0	10535
22014	332	26	10725	23	0	11106
22015	156	29	237	11462	0	11884
22016	113	21	69	11835	0	12038
22017	69	24	11557	344	0	11994
22018	64	24	11459	123	0	11670
22019	11451	11	340	82	0	11884
22020	346	26	118	11599	0	12089
22021	133	15	11690	294	0	12132
22022	107	16	11630	90	0	11843
22023	11474	13	366	83	0	11936
22024	11870	14	131	65	0	12080
22025	11897	11	78	57	0	12043
22026	430	12	11576	47	0	12065
22027	200	5	298	11577	0	12080
22028	126	12	11704	295	0	12137
22029	11655	10	341	119	0	12125
22030	337	16	11906	79	0	12338
22031	148	17	357	11716	0	12238
22032	118	6	145	11856	0	12125
22033	91	11882	105	351	0	12429
22034	12126	280	70	154	0	12630
22035	354	82	12056	93	0	12585
22036	12164	42	347	74	0	12627
22037	401	28	12425	41	0	12895
22038	192	13	384	12108	0	12697
22039	152	14	139	12381	0	12686
22040	107	11	108	12467	0	12693
22041	12108	15	78	471	0	12672
22042	380	20	79	12024	0	12503
22043	186	18	64	12228	0	12496
22044	132	11802	69	423	0	12426
22045	112	283	72	11978	0	12445
22046	11792	76	83	424	0	12375
22047	363	68	11752	179	0	12362
22048	186	31	328	11753	0	12298
22049	128	23	11776	378	0	12305
22050	105	11414	388	175	0	12082
22051	89	276	11743	149	0	12257
22052	11503	103	385	154	0	12145
22053	11839	59	171	109	0	12178
22054	432	27	133	11440	0	12032
22055	11529	21	97	384	0	12031
22056	11679	24	98	201	0	12002
22057	471	14	108	11531	0	12124
22058	221	32	112	11829	0	12194
22059	142	35	11491	465	0	12133
22060	132	11361	351	234	0	12078
22061	11448	290	168	145	0	12051
22062	376	11213	129	125	0	11843
22063	201	323	102	11271	0	11897
22064	178	125	80	11453	0	11836
22065	161	78	82	11514	0	11835
22066	136	46	86	11526	0	11794
22067	115	43	11040	524	0	11722
22068	10893	42	362	259	0	11556
22069	11384	47	157	165	0	11753
22070	489	43	129	11067	0	11728
22071	11139	40	101	426	0	11706
22072	452	41	81	11195	0	11769
22073	220	46	10985	463	0	11714
22074	185	47	336	11000	0	11568
22075	160	10860	155	448	0	11623
22076	135	290	129	10744	0	11298
22077	130	10794	111	432	0	11467
22078	123	320	97	10536	0	11076
22079	110	10589	79	465	0	11243
22080	10413	339	85	220	0	11057
22081	393	124	10271	202	0	10990
22082	179	9715	341	180	0	10415
22083	147	10037	150	177	0	10511
22084	168	320	190	9553	0	10231
22085	118	122	110	9668	0	10018
22086	124	76	84	9674	0	9958
22087	118	62	98	9740	0	10018
22088	125	9267	89	451	0	9932
22089	115	261	92	9395	0	9863
22090	112	99	65	9509	0	9785
22091	9094	77	95	414	0	9680
22092	357	60	62	9179	0	9658
22093	157	47	8882	400	0	9486
22094	120	59	8750	239	0	9168
22095	8514	52	306	193	0	9065
22096	300	8580	136	155	0	9171
22097	142	8632	79	147	0	9000
22098	121	295	84	8425	0	8925
22099	80	121	60	8625	0	8886
22100	74	101	8135	374	0	8684
22101	7976	61	242	230	0	8509
22102	8297	79	108	176	0	8660
22103	323	54	8367	158	0	8902
22104	155	45	8263	164	0	8627
22105	8282	43	292	168	0	8785
22106	8684	39	118	178	0	9019
22107	8723	53	89	144	0	9009
22108	8605	50	73	132	0	8860
22109	367	8063	59	126	0	8615
22110	7582	207	41	101	0	7931
22111	279	80	7148	96	0	7603
22112	96	54	6514	88	0	6752
22113	78	40	6519	72	0	6709
22114	115	484	231	5009	0	5839
22115	4936	16	92	56	0	5100
22116	4956	9	12	25	0	5002
22117	58	6	10	4969	0	5043
22118	31	6	13	4857	0	4907
22119	24	13	4	5046	0	5087
22120	20	5239	5	69	0	5333
22121	5324	41	6	48	0	5419
22122	5394	9	8	33	0	5444
22123	5402	13	8	27	0	5450
22124	5405	13	7	19	0	5444
22125	5427	4	5	26	0	5462
22126	68	13	11	5293	0	5385
22127	29	5220	9	51	0	5309
22128	36	35	9	5047	0	5127
22129	16	17	2	5106	0	5141
22130	4986	10	6	53	0	5055
22131	43	8	4870	22	0	4943
22132	18	10	4633	22	0	4683
22133	14	8	4715	17	0	4754
22134	4967	5	36	12	0	5020
22135	5096	3	37	11	0	5147
22136	29	5	9	5226	0	5269
22137	14	1	6	5085	0	5106
22138	17	2	1	5188	0	5208
22139	8	5	5264	36	0	5313
22140	13	1	23	5172	0	5209
22141	4	3	5573	35	0	5615
22142	10	1	29	5587	0	5627
22143	8	4	10	5625	0	5647
22144	4	3	10	5800	0	5817
22145	5804	2	7	37	0	5850
22146	5831	2	5	25	0	5863
22147	32	4	5822	15	0	5873
22148	5820	3	22	15	0	5860
22149	5925	1	6	14	0	5946
22150	31	1	9	5918	0	5959
22151	6003	2	7	37	0	6049
22152	35	3	6	6123	0	6167
22153	15	2	4	6156	0	6177
22154	8	0	6032	38	0	6078
22155	5863	1	23	28	0	5915
22156	32	0	9	6120	0	6161
22157	15	3	6148	32	0	6198
22158	18	4	6348	10	0	6380
22159	19	1	27	6293	0	6340
22160	8	2	17	6387	0	6414
22161	6514	0	11	44	0	6569
22162	30	1	6	6571	0	6608
22163	18	1	2	6598	0	6619
22164	17	1	8	6702	0	6728
22165	13	1	6	7013	0	7033
22166	7282	0	5	71	0	7358
22167	7314	0	6	42	0	7362
22168	7511	0	8	35	0	7554
22169	7671	2	3	32	0	7708
22170	81	2	8	7899	0	7990
22171	8010	1	9	78	0	8098
22172	85	0	6	8032	0	8123
22173	8074	1	4	100	0	8179
22174	96	0	3	8088	0	8187
22175	41	1	5	8070	0	8117
22176	24	8075	4	105	0	8208
22177	23	74	3	8191	0	8291
22178	8104	18	2	105	0	8229
22179	8042	8	6	45	0	8101
22180	103	9	8076	20	0	8208
22181	36	8132	73	29	0	8270
22182	8205	70	22	36	0	8333
22183	85	8361	17	20	0	8483
22184	8427	78	10	32	0	8547
22185	92	8752	8	19	0	8871
22186	46	79	8856	15	0	8996
22187	26	8882	74	14	0	8996
22188	22	8953	21	27	0	9023
22189	21	92	11	9268	0	9392
22190	9447	34	13	99	0	9593
22191	90	20	5	9545	0	9660
22192	42	12	6	9579	0	9639
22193	9495	8	11	117	0	9631
22194	9674	15	6	64	0	9759
22195	106	12	4	9706	0	9828
22196	54	5	4	9714	0	9777
22197	41	11	5	9736	0	9793
22198	9544	8	5	134	0	9691
22199	98	14	9553	49	0	9714
22200	56	8	82	9559	0	9705
22201	32	14	9820	100	0	9966
22202	25	9692	85	44	0	9846
22203	26	79	9555	38	0	9698
22204	39	25	83	9469	0	9616
22205	22	16	9536	100	0	9674
22206	9293	15	92	51	0	9451
22207	99	16	28	9577	0	9720
22208	39	9749	22	95	0	9905
22209	25	89	20	9834	0	9968
22210	26	9732	11	107	0	9876
22211	27	9807	13	53	0	9900
22212	29	9821	15	30	0	9895
22213	30	103	10	9406	0	9549
22214	13	9518	9	122	0	9662
22215	9486	92	12	52	0	9642
22216	101	40	9237	31	0	9409
22217	44	30	8983	40	0	9097
22218	31	31	9277	33	0	9372
22219	39	20	100	9499	0	9658
22220	31	15	36	9182	0	9264
22221	31	19	21	9121	0	9192
22222	31	18	20	9225	0	9294
22223	49	17	24	8922	0	9012
22224	34	9370	20	115	0	9539
22225	25	88	9305	55	0	9473
22226	30	49	9056	51	0	9186
22227	29	9443	100	51	0	9623
22228	44	93	27	9661	0	9825
22229	38	24	24	9764	0	9850
22230	32	25	21	9708	0	9786
22231	9615	27	21	148	0	9811
22232	101	23	9516	70	0	9710
22233	9352	24	80	63	0	9519
22234	9488	20	26	61	0	9595
22235	120	9263	25	48	0	9456
22236	43	9413	22	47	0	9525
22237	9519	106	22	46	0	9693
22238	113	56	26	9540	0	9735
22239	60	18	27	9876	0	9981
22240	37	34	10032	125	0	10228
22241	41	32	9486	372	0	9931
22242	28	37	122	10130	0	10317
22243	10274	32	46	146	0	10498
22244	115	23	10705	64	0	10907
22245	10892	23	126	69	0	11110
22246	142	24	52	11335	0	11553
22247	62	25	32	11851	0	11970
22248	52	12	32	12256	0	12352
22249	51	30	12133	219	0	12433
22250	29	11817	164	98	0	12108
22251	40	12508	52	70	0	12670
22252	12513	183	25	86	0	12807
22253	12833	59	22	74	0	12988
22254	226	30	25	12878	0	13159
22255	12955	23	34	224	0	13236
22256	215	23	12743	82	0	13063
22257	87	30	12595	52	0	12764
22258	57	23	244	12444	0	12768
22259	12760	16	66	235	0	13077
22260	216	11	56	12898	0	13181
22261	76	21	38	13228	0	13363
22262	13007	20	42	295	0	13364
22263	13365	27	43	108	0	13543
22264	255	13688	34	86	0	14063
22265	13763	224	21	61	0	14069
22266	280	109	24	13525	0	13938
22267	82	13678	28	257	0	14045
22268	13643	219	15	100	0	13977
22269	254	13709	26	58	0	14047
22270	87	236	33	13578	0	13934
22271	13564	58	26	237	0	13885
22272	231	23	13290	82	0	13626
22273	74	24	13286	48	0	13432
22274	72	35	244	13163	0	13514
22275	56	20	70	13475	0	13621
22276	55	14	29	13240	0	13338
22277	44	13514	30	246	0	13834
22278	13854	216	22	97	0	14189
22279	14009	62	21	69	0	14161
22280	14073	41	12	67	0	14193
22281	285	14382	20	57	0	14744
22282	128	230	16	15360	0	15734
22283	86	75	15	15484	0	15660
22284	87	40	13	15554	0	15694
22285	14768	28	25	369	0	15190
22286	260	14647	32	130	0	15069
22287	100	256	27	14747	0	15130
22288	62	79	23	14946	0	15110
22289	55	50	14403	342	0	14850
22290	44	14274	235	145	0	14698
22291	76	272	63	14277	0	14688
22292	83	84	25	14494	0	14686
22293	79	46	24	14440	0	14589
22294	13923	40	24	380	0	14367
22295	278	13916	26	155	0	14375
22296	14077	258	21	117	0	14473
22297	294	87	24	14053	0	14458
22298	14108	49	24	333	0	14514
22299	306	58	13820	137	0	14321
22300	14004	38	250	120	0	14412
22301	14119	46	74	95	0	14334
22302	349	50	13864	85	0	14348
22303	150	32	265	13965	0	14412
22304	105	44	89	13912	0	14150
22305	14295	39	52	385	0	14771
22306	294	41	32	14431	0	14798
22307	144	40	23	14511	0	14718
22308	106	39	29	14509	0	14683
22309	95	47	13992	400	0	14534
22310	13587	36	254	172	0	14049
22311	306	14222	96	115	0	14739
22312	151	258	45	14237	0	14691
22313	97	14213	48	325	0	14683
22314	86	14985	42	158	0	15271
22315	94	328	38	14958	0	15418
22316	83	117	14952	357	0	15509
22317	90	83	14959	158	0	15290
22318	93	62	322	15146	0	15623
22319	94	62	15089	373	0	15618
22320	15049	58	297	193	0	15597
22321	337	38	107	15537	0	16019
22322	148	55	54	15657	0	15914
22323	94	15480	69	439	0	16082
22324	97	294	48	15570	0	16009
22325	83	119	44	15531	0	15777
22326	90	15136	61	434	0	15721
22327	73	315	44	15520	0	15952
22328	89	119	39	15487	0	15734
22329	72	15236	44	459	0	15811
22330	15321	298	55	240	0	15914
22331	347	112	15155	153	0	15767
22332	148	91	15044	132	0	15415
22333	117	93	341	15084	0	15635
22334	98	86	120	15375	0	15679
22335	95	68	15035	435	0	15633
22336	70	60	14806	237	0	15173
22337	14140	72	329	189	0	14730
22338	313	14784	123	143	0	15363
22339	14633	286	77	165	0	15161
22340	333	95	14405	142	0	14975
22341	115	14378	302	133	0	14928
22342	125	354	109	14699	0	15287
22343	62	133	14912	367	0	15474
22344	67	80	14481	162	0	14790
22345	99	158	333	14650	0	15240
22346	64	47	14622	371	0	15104
22347	60	14126	318	160	0	14664
22348	59	291	119	14076	0	14545
22349	48	99	14144	333	0	14624
22350	43	14238	286	169	0	14736
22351	14103	261	126	120	0	14610
22352	279	103	13853	83	0	14318
22353	104	13852	261	91	0	14308
22354	120	255	147	13681	0	14203
22355	55	112	92	14153	0	14412
22356	13919	67	64	377	0	14427
22357	273	36	64	13947	0	14320
22358	127	46	63	13975	0	14211
22359	13604	44	57	374	0	14079
22360	269	42	47	13531	0	13889
22361	97	50	13208	330	0	13685
22362	96	91	241	13134	0	13562
22363	58	25	13021	336	0	13440
22364	58	30	12320	151	0	12559
22365	55	44	12365	111	0	12575
22366	93	60	285	11869	0	12307
22367	52	31	136	12193	0	12412
22368	12056	34	69	279	0	12438
22369	199	34	57	11734	0	12024
22370	85	12114	62	240	0	12501
22371	71	179	56	12568	0	12874
22372	41	62	58	12520	0	12681
22373	31	12429	63	285	0	12808
22374	12446	185	45	165	0	12841
22375	12316	66	47	147	0	12576
22376	224	12118	64	94	0	12500
22377	98	12025	50	67	0	12240
22378	110	470	95	11574	0	12249
22379	11790	96	97	234	0	12217
22380	201	60	11753	122	0	12136
22381	84	45	10792	94	0	11015
22382	10080	34	186	54	0	10354
22383	156	10351	79	61	0	10647
22384	69	167	54	10426	0	10716
22385	60	69	36	10359	0	10524
22386	50	43	31	10571	0	10695
22387	47	22	31	10581	0	10681
22388	36	10353	29	227	0	10645
22389	38	131	24	10650	0	10843
22390	10595	59	27	203	0	10884
22391	150	46	28	10731	0	10955
22392	58	29	29	10872	0	10988
22393	10848	24	33	231	0	11136
22394	10934	17	36	128	0	11115
22395	11072	26	38	73	0	11209
22396	11151	24	27	75	0	11277
22397	221	27	18	11040	0	11306
22398	11072	18	17	203	0	11310
22399	185	20	21	11040	0	11266
22400	10924	16	26	219	0	11185
22401	10946	21	29	114	0	11110
22402	224	26	31	10924	0	11205
22403	112	25	10949	178	0	11264
22404	10966	21	140	126	0	11253
22405	11162	16	56	109	0	11343
22406	11134	17	42	88	0	11281
22407	11221	21	20	72	0	11334
22408	251	26	26	11187	0	11490
22409	125	26	11116	173	0	11440
22410	96	30	10875	105	0	11106
22411	10981	18	189	104	0	11292
22412	11219	20	98	72	0	11409
22413	213	10974	46	63	0	11296
22414	115	10872	33	56	0	11076
22415	11061	148	49	71	0	11329
22416	167	66	41	10841	0	11115
22417	98	48	33	11125	0	11304
22418	10970	23	28	208	0	11229
22419	166	11043	22	97	0	11328
22420	11264	128	15	89	0	11496
22421	175	54	11091	62	0	11382
22422	11130	35	117	65	0	11347
22423	161	23	55	11173	0	11412
22424	90	16	11312	157	0	11575
22425	86	11323	113	89	0	11611
22426	73	117	51	11696	0	11937
22427	63	55	12140	135	0	12393
22428	59	45	132	12069	0	12305
22429	12402	11	59	199	0	12671
22430	152	18	12278	92	0	12540
22431	12096	14	140	84	0	12334
22432	157	12433	61	64	0	12715
22433	88	129	38	12660	0	12915
22434	65	52	13100	149	0	13366
22435	62	36	138	13008	0	13244
22436	71	24	13288	162	0	13545
22437	51	13099	141	90	0	13381
22438	12955	117	53	66	0	13191
22439	136	13369	42	38	0	13585
22440	66	129	19	13243	0	13457
22441	60	54	35	13214	0	13363
22442	29	34	12753	158	0	12974
22443	11031	27	124	95	0	11277
22444	124	12047	52	50	0	12273
22445	45	11397	22	31	0	11495
22446	27	11539	15	25	0	11606
22447	64	183	48	11165	0	11460
22448	18	11163	29	80	0	11290
22449	29	92	22	11031	0	11174
22450	21	10968	19	73	0	11081
22451	22	81	9	10894	0	11006
22452	22	11065	8	58	0	11153
22453	11021	64	12	53	0	11150
22454	64	30	10919	22	0	11035
22455	10591	25	64	41	0	10721
22456	11001	12	24	30	0	11067
22457	11217	13	13	30	0	11273
22458	77	11171	15	25	0	11288
22459	11379	56	17	26	0	11478
22460	11381	19	8	27	0	11435
22461	11477	16	12	28	0	11533
22462	96	11	11329	17	0	11453
22463	47	12	63	11530	0	11652
22464	22	19	11776	76	0	11893
22465	36	12	72	11598	0	11718
22466	11729	13	23	98	0	11863
22467	91	11695	20	38	0	11844
22468	35	88	12893	21	0	13037
22469	58	30	124	12987	0	13199
22470	35	14	32	13863	0	13944
22471	17	17	14995	197	0	15226
22472	14773	8	215	67	0	15063
22473	15469	12	45	38	0	15564
22474	15868	13	22	29	0	15932
22475	320	12	18	15674	0	16024
22476	85	15160	24	246	0	15515
22477	52	16131	20	58	0	16261
22478	49	267	23	16006	0	16345
22479	56	78	20	16006	0	16160
22480	26	15816	22	276	0	16140
22481	15841	232	15	96	0	16184
22482	247	15773	17	56	0	16093
22483	80	238	16	15704	0	16038
22484	40	78	15509	247	0	15874
22485	53	40	239	15404	0	15736
22486	15647	32	54	278	0	16011
22487	268	27	15490	83	0	15868
22488	15576	19	249	67	0	15911
22489	16101	31	67	53	0	16252
22490	16296	30	33	51	0	16410
22491	16279	27	27	69	0	16402
22492	16716	16	23	65	0	16820
22493	347	27	15956	28	0	16358
22494	134	39	15803	27	0	16003
22495	17134	20	300	49	0	17503
22496	17929	29	85	34	0	18077
22497	417	22	49	18339	0	18827
22498	140	18435	36	394	0	19005
22499	95	342	32	18944	0	19413
22500	19260	100	37	392	0	19789
22501	410	54	23	18791	0	19278
22502	142	19374	22	374	0	19912
22503	19436	354	21	153	0	19964
22504	19238	115	19	100	0	19472
22505	19355	61	18	70	0	19504
22506	480	18883	37	63	0	19463
22507	197	357	36	19005	0	19595
22508	152	110	23	18963	0	19248
22509	115	18352	25	450	0	18942
22510	114	368	21	18757	0	19260
22511	18521	124	17	428	0	19090
22512	18642	63	17	179	0	18901
22513	481	18234	29	107	0	18851
22514	216	356	23	18432	0	19027
22515	144	115	22	18631	0	18912
22516	110	65	30	18706	0	18911
22517	18054	52	25	538	0	18669
22518	438	55	17735	198	0	18426
22519	17340	46	342	153	0	17881
22520	473	84	17576	103	0	18236
22521	208	68	379	17165	0	17820
22522	127	17129	123	425	0	17804
22523	119	17943	73	182	0	18317
22524	17423	463	59	142	0	18087
22525	17541	173	48	124	0	17886
22526	492	16923	50	131	0	17596
22527	192	16962	30	123	0	17307
22528	17009	460	56	109	0	17634
22529	17507	186	38	124	0	17855
22530	557	17485	31	102	0	18175
22531	17882	440	53	73	0	18448
22532	538	163	17484	87	0	18272
22533	17695	107	376	95	0	18273
22534	17722	104	132	108	0	18066
22535	600	88	68	17336	0	18092
22536	287	17121	50	418	0	17876
22537	244	398	38	17293	0	17973
22538	17551	148	46	469	0	18214
22539	548	101	36	17074	0	17759
22540	258	88	49	17493	0	17888
22541	199	79	17279	546	0	18103
22542	218	77	369	17481	0	18145
22543	174	65	135	17969	0	18343
22544	17692	84	84	597	0	18457
22545	479	89	17503	253	0	18324
22546	17661	71	399	206	0	18337
22547	548	76	132	17759	0	18515
22548	249	76	74	18066	0	18465
22549	186	93	56	18010	0	18345
22550	166	17109	50	583	0	17908
22551	165	17651	55	279	0	18150
22552	175	468	46	17492	0	18181
22553	17418	182	44	493	0	18137
22554	17670	112	51	229	0	18062
22555	602	114	45	17355	0	18116
22556	17396	86	44	499	0	18025
22557	568	71	51	17282	0	17972
22558	295	85	37	17596	0	18013
22559	16770	87	36	607	0	17500
22560	495	17345	39	279	0	18158
22561	17328	408	34	208	0	17978
22562	17343	159	33	202	0	17737
22563	17088	95	28	188	0	17399
22564	580	16620	44	159	0	17403
22565	289	466	54	16720	0	17529
22566	226	164	47	17077	0	17514
22567	179	91	16330	554	0	17154
22568	185	187	342	15296	0	16010
22569	160	103	14703	441	0	15407
22570	120	13731	313	203	0	14367
22571	90	12214	119	119	0	12542
22572	95	12477	59	113	0	12744
22573	189	303	160	12438	0	13090
22574	99	135	56	12514	0	12804
22575	53	84	24	12514	0	12675
22576	58	59	18	12577	0	12712
22577	58	58	12567	364	0	13047
22578	63	74	14450	185	0	14772
22579	79	49	323	15194	0	15645
22580	56	41	15484	370	0	15951
22581	15497	30	305	189	0	16021
22582	15809	34	121	144	0	16108
22583	398	38	15589	116	0	16141
22584	195	38	298	15680	0	16211
22585	118	36	137	15991	0	16282
22586	133	33	72	16109	0	16347
22587	132	29	54	15963	0	16178
22588	105	50	59	16091	0	16305
22589	12093	114	71	594	0	12872
22590	15663	42	38	287	0	16030
22591	378	15516	45	179	0	16118
22592	173	293	14880	135	0	15481
22593	103	14693	275	160	0	15231
22594	89	14972	114	122	0	15297
22595	13944	293	52	115	0	14404
22596	259	13698	57	106	0	14120
22597	91	12983	34	57	0	13165
22598	12721	243	78	64	0	13106
22599	222	94	12569	36	0	12921
22600	12158	54	173	59	0	12444
22601	207	43	65	12451	0	12766
22602	94	43	27	12131	0	12295
22603	60	35	26	12291	0	12412
22604	52	29	11935	273	0	12289
22605	51	12003	185	132	0	12371
22606	12104	171	67	114	0	12456
22607	212	61	54	12303	0	12630
22608	78	12286	36	261	0	12661
22609	48	213	46	12742	0	13049
22610	54	85	12655	245	0	13039
22611	78	69	193	12792	0	13132
22612	66	53	83	13127	0	13329
22613	72	52	29	13199	0	13352
22614	13040	47	25	338	0	13450
22615	237	37	44	13185	0	13503
22616	85	24	13027	331	0	13467
22617	55	13002	218	174	0	13449
22618	69	205	75	13269	0	13618
22619	82	56	54	13339	0	13531
22620	55	54	13056	331	0	13496
22621	64	47	12734	137	0	12982
22622	12672	59	294	134	0	13159
22623	12549	65	116	124	0	12854
22624	283	12689	92	116	0	13180
22625	12688	211	64	126	0	13089
22626	271	85	12638	98	0	13092
22627	140	43	12439	103	0	12725
22628	12371	66	285	145	0	12867
22629	12213	52	120	141	0	12526
22630	276	39	11830	141	0	12286
22631	11605	42	218	142	0	12007
22632	255	39	11737	112	0	12143
22633	11684	38	233	94	0	12049
22634	11865	74	105	79	0	12123
22635	298	83	78	11382	0	11841
22636	137	12193	75	217	0	12622
22637	9800	281	161	187	0	10429
22638	218	104	12269	82	0	12673
22639	131	12329	228	66	0	12754
22640	12405	263	102	83	0	12853
22641	11999	98	68	106	0	12271
22642	269	11889	72	102	0	12332
22643	154	219	85	12002	0	12460
22644	123	76	11795	281	0	12275
22645	106	55	247	11889	0	12297
22646	108	60	11768	295	0	12231
22647	93	54	247	11801	0	12195
22648	70	58	118	11961	0	12207
22649	74	62	11674	317	0	12127
22650	74	11650	254	176	0	12154
22651	102	229	95	11647	0	12073
22652	119	113	9215	343	0	9790
22653	11556	93	169	163	0	11981
22654	244	74	89	11786	0	12193
22655	131	64	74	11946	0	12215
22656	11798	53	84	331	0	12266
22657	273	54	72	11741	0	12140
22658	151	53	50	11549	0	11803
22659	97	11558	93	311	0	12059
22660	117	212	69	11490	0	11888
22661	77	98	11306	303	0	11784
22662	87	64	230	11163	0	11544
22663	101	11081	112	267	0	11561
22664	72	11301	126	161	0	11660
22665	88	244	83	11280	0	11695
22666	11279	99	95	261	0	11734
22667	249	86	97	11297	0	11729
22668	11322	94	66	273	0	11755
22669	292	61	83	11354	0	11790
22670	11354	59	98	279	0	11790
22671	11711	44	79	156	0	11990
22672	330	118	68	11414	0	11930
22673	216	388	108	11029	0	11741
22674	143	10989	77	328	0	11537
22675	129	11305	90	180	0	11704
22676	128	210	11176	152	0	11666
22677	124	10760	205	145	0	11234
22678	8284	236	208	124	0	8852
22679	177	47	62	8090	0	8376
22680	39	7814	38	131	0	8022
22681	7973	105	22	79	0	8179
22682	131	31	31	8037	0	8230
22683	60	20	34	7952	0	8066
22684	54	27	28	8055	0	8164
22685	47	28	33	8113	0	8221
22686	35	8114	35	160	0	8344
22687	42	8567	33	67	0	8709
22688	8857	118	29	61	0	9065
22689	152	8954	29	40	0	9175
22690	53	133	33	8927	0	9146
22691	77	56	19	8988	0	9140
22692	60	30	12	9029	0	9131
22693	46	24	18	9091	0	9179
22694	8956	24	20	184	0	9184
22695	9145	17	15	84	0	9261
22696	175	14	8993	59	0	9241
22697	87	16	137	9113	0	9353
22698	55	25	9277	169	0	9526
22699	54	27	157	9273	0	9511
22700	44	35	42	9460	0	9581
22701	9492	21	43	204	0	9760
22702	163	34	30	9581	0	9808
22703	67	39	9538	167	0	9811
22704	59	22	9216	81	0	9378
22705	9453	29	156	76	0	9714
22706	146	26	9576	57	0	9805
22707	65	34	153	9190	0	9442
22708	36	14	9424	164	0	9638
22709	48	62	129	9114	0	9353
22710	16	9116	45	174	0	9351
22711	26	128	47	9119	0	9320
22712	19	8990	29	140	0	9178
22713	18	9111	19	59	0	9207
22714	26	130	24	8954	0	9134
22715	8829	49	25	136	0	9039
22716	98	8916	20	49	0	9083
22717	44	94	12	9005	0	9155
22718	9003	45	7	140	0	9195
22719	9050	22	16	88	0	9176
22720	9241	20	10	57	0	9328
22721	137	23	15	9122	0	9297
22722	59	13	10	9246	0	9328
22723	9280	16	13	148	0	9457
22724	9237	17	18	86	0	9358
22725	9339	12	11	77	0	9439
22726	154	13	15	9271	0	9453
22727	69	28	9015	107	0	9219
22728	9028	4	90	85	0	9207
22729	115	10	37	8968	0	9130
22730	54	9073	19	117	0	9263
22731	59	105	21	9053	0	9238
22732	42	9040	15	118	0	9215
22733	38	109	19	9214	0	9380
22734	28	28	9021	121	0	9198
22735	24	8922	90	64	0	9100
22736	45	92	37	8544	0	8718
22737	18	24	19	8576	0	8637
22738	14	28	12	8517	0	8571
22739	8593	19	10	134	0	8756
22740	99	8705	10	59	0	8873
22741	41	102	12	8942	0	9097
22742	9083	32	13	141	0	9269
22743	9157	33	8	66	0	9264
22744	158	15	10	9189	0	9372
22745	53	16	9353	148	0	9570
22746	36	13	118	9276	0	9443
22747	28	9338	30	158	0	9554
22748	28	130	21	9575	0	9754
22749	9534	32	13	185	0	9764
22750	161	25	8	9881	0	10075
22751	51	20	9992	176	0	10239
22752	27	10469	122	83	0	10701
22753	10704	156	36	59	0	10955
22754	186	51	10771	48	0	11056
22755	10933	34	169	49	0	11185
22756	204	20	52	11243	0	11519
22757	85	16	29	11430	0	11560
22758	44	11436	26	229	0	11735
22759	11977	171	26	104	0	12278
22760	209	50	21	12137	0	12417
22761	83	32	17	12355	0	12487
22762	60	15	32	12569	0	12676
22763	37	23	12464	273	0	12797
22764	48	20	182	12539	0	12789
22765	12675	11	65	252	0	13003
22766	12936	27	39	109	0	13111
22767	259	16	21	12855	0	13151
22768	92	7	29	12992	0	13120
22769	12793	22	20	290	0	13125
22770	209	29	12542	134	0	12914
22771	12455	15	199	78	0	12747
22772	221	28	12314	61	0	12624
22773	100	25	12363	64	0	12552
22774	83	17	222	12416	0	12738
22775	40	20	12553	226	0	12839
22776	12516	16	204	119	0	12855
22777	224	18	70	12934	0	13246
22778	84	20	12905	197	0	13206
22779	12671	18	163	100	0	12952
22780	13006	14	74	82	0	13176
22781	246	21	13181	59	0	13507
22782	133	91	173	12772	0	13169
22783	65	13281	88	177	0	13611
22784	13609	167	48	98	0	13922
22785	218	62	13472	76	0	13828
22786	12812	44	190	69	0	13115
22787	220	13115	65	62	0	13462
22788	12845	144	75	66	0	13130
22789	12790	50	30	65	0	12935
22790	12966	18	28	65	0	13077
22791	220	35	28	12917	0	13200
22792	102	12920	31	167	0	13220
22793	69	152	12726	76	0	13023
22794	53	13065	144	59	0	13321
22795	77	183	59	12291	0	12610
22796	51	12687	41	143	0	12922
22797	42	12917	29	73	0	13061
22798	12679	166	45	56	0	12946
22799	167	62	12555	37	0	12821
22800	73	38	12766	43	0	12920
22801	63	28	12649	33	0	12773
22802	35	12772	170	49	0	13026
22803	12903	128	68	54	0	13153
22804	12962	56	33	57	0	13108
22805	12886	34	26	37	0	12983
22806	179	12644	29	44	0	12896
22807	83	126	27	13109	0	13345
22808	42	55	12848	163	0	13108
22809	57	40	12536	69	0	12702
22810	13045	19	169	74	0	13307
22811	13445	26	62	58	0	13591
22812	13493	28	29	59	0	13609
22813	213	14	13097	53	0	13377
22814	13205	20	156	65	0	13446
22815	189	15	61	13362	0	13627
22816	96	16	43	13368	0	13523
22817	70	24	13799	194	0	14087
22818	74	13766	139	95	0	14074
22819	73	127	67	14056	0	14323
22820	53	42	13838	193	0	14126
22821	13436	26	168	121	0	13751
22822	179	15	89	14100	0	14383
22823	100	15	60	14158	0	14333
22824	14061	13	48	231	0	14353
22825	210	11	43	14079	0	14343
22826	14094	17	36	206	0	14353
22827	14129	14	51	128	0	14322
22828	213	16	43	14145	0	14417
22829	128	18	54	14225	0	14425
22830	14087	21	48	236	0	14392
22831	197	14	55	14263	0	14529
22832	14353	15	63	189	0	14620
22833	14265	24	52	105	0	14446
22834	14265	16	47	88	0	14416
22835	251	21	55	14081	0	14408
22836	139	20	40	14182	0	14381
22837	14144	16	59	230	0	14449
22838	201	13861	53	79	0	14194
22839	112	13696	37	37	0	13882
22840	13648	128	41	50	0	13867
22841	147	56	13278	50	0	13531
22842	13267	31	103	49	0	13450
22843	149	23	63	13805	0	14040
22844	91	21	13657	104	0	13873
22845	13654	9	107	71	0	13841
22846	139	35	35	13899	0	14108
22847	90	33	26	14072	0	14221
22848	90	25	19	14332	0	14466
22849	60	17	23	14339	0	14439
22850	14056	22	10	160	0	14248
22851	101	13728	22	69	0	13920
22852	13127	58	19	56	0	13260
22853	78	25	13035	11	0	13149
22854	55	21	12466	17	0	12559
22855	28	13059	53	17	0	13157
22856	112	166	74	12792	0	13144
22857	25	23	12775	51	0	12874
22858	22	11782	39	35	0	11878
22859	15	33	12008	12	0	12068
22860	19	6	21	11895	0	11941
22861	12	3	5	11848	0	11868
22862	11983	5	3	37	0	12028
22863	26	2	4	11747	0	11779
22864	11744	0	5	48	0	11797
22865	23	5	11674	7	0	11709
22866	8	11794	19	7	0	11828
22867	7	19	9	12336	0	12371
22868	19	7	1	12852	0	12879
22869	7	4	12931	27	0	12969
22870	21	12	12032	12	0	12077
22871	12389	1	27	40	0	12457
22872	13070	1	3	21	0	13095
22873	29	2	3	13043	0	13077
22874	13	4	3	12995	0	13015
22875	2	12792	3	25	0	12822
22876	5	22	2	13273	0	13302
22877	13266	3	7	60	0	13336
22878	13412	2	7	31	0	13452
22879	38	13483	10	14	0	13545
22880	13710	33	4	28	0	13775
22881	13533	9	3	22	0	13567
22882	65	5	2	14377	0	14449
22883	14	14382	10	92	0	14498
22884	17	90	1	14737	0	14845
22885	23	13	3	14820	0	14859
22886	12	16	14416	118	0	14562
22887	14658	5	100	60	0	14823
22888	144	5	14	15958	0	16121
22889	41	7	12	16862	0	16922
22890	18	18875	10	215	0	19118
22891	50	297	1	20420	0	20768
22892	20996	47	4	419	0	21466
22893	22642	44	11	128	0	22825
22894	515	53	22273	71	0	22912
22895	141	41	22423	77	0	22682
22896	140	30	503	22936	0	23609
22897	128	16	130	23901	0	24175
22898	82	17	23575	566	0	24240
22899	82	17	23707	164	0	23970
22900	117	18	607	22862	0	23604
22901	45	13	23801	566	0	24425
22902	65	32	23839	185	0	24121
22903	58	15	656	23502	0	24231
22904	23925	8	232	593	0	24758
22905	24499	4	184	194	0	24881
22906	615	11	147	24139	0	24912
22907	200	5	109	24446	0	24760
22908	24028	5	105	669	0	24807
22909	591	8	87	23838	0	24524
22910	23616	10	64	691	0	24381
22911	24050	7	61	277	0	24395
22912	689	17	51	23806	0	24563
22913	262	28	45	24257	0	24592
22914	23587	10	44	738	0	24379
22915	616	23159	50	295	0	24120
22916	242	23734	50	228	0	24254
22917	236	529	53	23093	0	23911
22918	169	148	22748	627	0	23692
22919	151	109	489	22882	0	23631
22920	22833	89	148	708	0	23778
22921	579	66	108	22958	0	23711
22922	22999	65	113	689	0	23866
22923	609	78	22625	320	0	23632
22924	22805	43	538	274	0	23660
22925	638	40	177	23144	0	23999
22926	291	32	136	23729	0	24188
22927	233	35	23616	716	0	24600
22928	248	34	516	23750	0	24548
22929	191	36	165	24412	0	24804
22930	165	48	140	24718	0	25071
22931	24080	37	122	882	0	25121
22932	601	33	23778	416	0	24828
22933	258	47	23560	343	0	24208
22934	23482	28	626	315	0	24451
22935	24237	23	248	308	0	24816
22936	753	40	24002	270	0	25065
22937	333	47	611	23564	0	24555
22938	271	23916	285	615	0	25087
22939	245	469	244	24742	0	25700
22940	24537	117	222	779	0	25655
22941	24963	90	237	377	0	25667
22942	712	66	240	24496	0	25514
22943	291	24060	226	776	0	25353
22944	304	487	199	23992	0	24982
22945	281	24017	214	707	0	25219
22946	24296	529	208	427	0	25460
22947	23806	170	182	386	0	24544
22948	24118	113	173	352	0	24756
22949	801	22576	170	385	0	23932
22950	395	23603	168	352	0	24518
22951	359	615	126	23963	0	25063
22952	345	219	119	24273	0	24956
22953	332	136	124	24116	0	24708
22954	356	114	117	24444	0	25031
22955	303	128	23176	952	0	24559
22956	22802	113	567	526	0	24008
22957	736	120	23650	444	0	24950
22958	24036	94	614	448	0	25192
22959	780	120	24405	369	0	25674
22960	24423	99	657	420	0	25599
22961	798	102	24832	370	0	26102
22962	24599	97	693	349	0	25738
22963	861	88	364	25083	0	26396
22964	25468	79	259	842	0	26648
22965	886	61	208	25630	0	26785
22966	509	62	213	25814	0	26598
22967	393	72	211	25250	0	25926
22968	372	23969	179	946	0	25466
22969	24238	523	173	597	0	25531
22970	24437	181	146	500	0	25264
22971	883	23945	162	446	0	25436
22972	467	583	127	24467	0	25644
22973	323	235	23799	887	0	25244
22974	23727	150	595	531	0	25003
22975	24605	120	248	431	0	25404
22976	24341	97	211	404	0	25053
22977	953	101	175	23310	0	24539
22978	502	22851	179	760	0	24292
22979	430	549	184	23121	0	24284
22980	23037	195	196	746	0	24174
22981	877	138	147	22161	0	23323
22982	405	21543	148	670	0	22766
22983	21359	510	121	403	0	22393
22984	735	228	21038	299	0	22300
22985	521	164	20661	295	0	21641
22986	328	20548	567	278	0	21721
22987	315	20410	258	259	0	21242
22988	546	582	19019	229	0	20376
22989	447	328	17879	209	0	18863
22990	305	1006	475	14086	0	15872
22991	14449	73	252	267	0	15041
22992	245	60	14183	116	0	14604
22993	89	13051	133	61	0	13334
22994	12831	110	149	72	0	13162
22995	127	12628	35	42	0	12832
22996	12234	81	27	33	0	12375
22997	93	12003	32	20	0	12148
22998	50	12137	20	24	0	12231
22999	51	106	35	12234	0	12426
23000	42	56	30	12169	0	12297
23001	31	34	11519	93	0	11677
23002	44	25	62	11364	0	11495
23003	11456	21	36	99	0	11612
23004	11443	20	18	78	0	11559
23005	104	22	10	11273	0	11409
23006	58	19	11051	84	0	11212
23007	38	14	10726	59	0	10837
23008	30	11	98	11151	0	11290
23009	28	21	11266	78	0	11393
23010	35	14	75	11228	0	11352
23011	47	5	56	11052	0	11160
23012	17	10	12143	117	0	12287
23013	11662	80	111	90	0	11943
23014	12231	13	67	57	0	12368
23015	157	13	12358	25	0	12553
23016	69	20	12523	28	0	12640
23017	47	9	188	12984	0	13228
23018	46	13	86	14084	0	14229
23019	45	8	47	14525	0	14625
23020	52	13	42	14393	0	14500
23021	14538	9	34	259	0	14840
23022	15330	14	30	144	0	15518
23023	283	12	25	16325	0	16645
23024	123	16	33	17146	0	17318
23025	70	22	18171	367	0	18630
23026	97	16	307	18813	0	19233
23027	72	13	159	19792	0	20036
23028	20366	9	60	646	0	21081
23029	462	21669	46	284	0	22461
23030	215	501	37	22042	0	22795
23031	107	167	26	22426	0	22726
23032	94	64	28	22207	0	22393
23033	77	19982	50	808	0	20917
23034	56	21747	32	340	0	22175
23035	67	632	31	21745	0	22475
23036	72	233	39	21811	0	22155
23037	78	101	41	22068	0	22288
23038	20649	76	31	906	0	21662
23039	506	20911	35	432	0	21884
23040	21197	541	25	270	0	22033
23041	21664	243	23	207	0	22137
23042	762	134	16	20987	0	21899
23043	305	20765	32	659	0	21761
23044	20910	572	20	357	0	21859
23045	644	245	20	20949	0	21858
23046	21224	139	26	711	0	22100
23047	681	116	22	21398	0	22217
23048	298	119	21034	718	0	22169
23049	189	97	21434	360	0	22080
23050	160	65	655	21547	0	22427
23051	166	69	243	21912	0	22390
23052	163	77	110	21577	0	21927
23053	148	20475	92	840	0	21555
23054	135	21846	70	402	0	22453
23055	21299	687	53	289	0	22328
23056	21291	266	67	259	0	21883
23057	725	20656	70	226	0	21677
23058	274	20272	45	184	0	20775
23059	170	21022	35	188	0	21415
23060	19806	680	66	217	0	20769
23061	545	19988	65	179	0	20777
23062	249	613	54	20042	0	20958
23063	19903	249	55	642	0	20849
23064	20185	158	41	311	0	20695
23065	758	122	31	19512	0	20423
23066	277	144	19044	650	0	20115
23067	195	132	19344	291	0	19962
23068	177	121	628	19398	0	20324
23069	156	133	19625	624	0	20538
23070	160	114	562	19710	0	20546
23071	138	123	212	19894	0	20367
23072	130	114	19482	787	0	20513
23073	127	120	19631	379	0	20257
23074	144	92	679	19576	0	20491
23075	128	105	261	20365	0	20859
23076	19504	90	160	855	0	20609
23077	570	19213	134	442	0	20359
23078	250	20295	114	345	0	21004
23079	19567	673	123	314	0	20677
23080	20317	281	110	322	0	21030
23081	728	19652	128	305	0	20813
23082	315	20212	113	296	0	20936
23083	20072	719	82	324	0	21197
23084	689	281	90	20030	0	21090
23085	19721	198	107	757	0	20783
23086	644	19719	97	438	0	20898
23087	19900	610	96	348	0	20954
23088	730	270	19489	293	0	20782
23089	19649	203	516	306	0	20674
23090	741	199	19615	270	0	20825
23091	354	196	595	19509	0	20654
23092	19323	155	242	767	0	20487
23093	690	155	18881	450	0	20176
23094	363	174	556	19175	0	20268
23095	19048	191	243	764	0	20246
23096	721	203	18769	462	0	20155
23097	399	180	558	19170	0	20307
23098	18887	159	235	798	0	20079
23099	687	18705	129	483	0	20004
23100	402	635	114	19233	0	20384
23101	303	316	123	19261	0	20003
23102	264	217	123	19509	0	20113
23103	246	18978	116	929	0	20269
23104	274	617	102	19863	0	20856
23105	250	283	111	20297	0	20941
23106	278	192	98	20350	0	20918
23107	278	185	98	20853	0	21414
23108	295	166	19902	961	0	21324
23109	19509	154	610	553	0	20826
23110	20268	151	246	419	0	21084
23111	839	19829	182	348	0	21198
23112	377	576	120	19364	0	20437
23113	271	283	106	19639	0	20299
23114	219	19013	116	899	0	20247
23115	182	541	141	19196	0	20060
23116	18261	222	154	792	0	19429
23117	560	17924	145	459	0	19088
23118	17234	510	136	317	0	18197
23119	583	248	109	17151	0	18091
23120	244	161	16866	705	0	17976
23121	160	16968	478	395	0	18001
23122	16041	524	311	255	0	17131
23123	486	14973	103	178	0	15740
23124	211	14832	66	158	0	15267
23125	13052	369	190	142	0	13753
23126	323	145	12795	103	0	13366
23127	91	11750	194	95	0	12130
23128	9863	401	454	206	0	10924
23129	9050	57	79	49	0	9235
23130	93	8988	17	20	0	9118
23131	60	77	11	9233	0	9381
23132	35	38	9391	85	0	9549
23133	26	25	76	9409	0	9536
23134	29	19	22	9240	0	9310
23135	26	14	21	9754	0	9815
23136	13	23	9696	120	0	9852
23137	36	17	78	9499	0	9630
23138	19	24	9711	107	0	9861
23139	30	20	9248	30	0	9328
23140	8854	13	86	40	0	8993
23141	81	9373	42	26	0	9522
23142	23	9523	27	29	0	9602
23143	57	83	17	9833	0	9990
23144	10563	29	16	131	0	10739
23145	10765	29	14	44	0	10852
23146	10521	21	7	46	0	10595
23147	10650	12	18	29	0	10709
23148	10368	9	16	33	0	10426
23149	121	15	10031	25	0	10192
23150	68	11	83	10092	0	10254
23151	39	9939	29	87	0	10094
23152	29	99	20	10220	0	10368
23153	10337	37	12	125	0	10511
23154	102	10205	13	45	0	10365
23155	43	99	12	10512	0	10666
23156	10548	35	10	127	0	10720
23157	10799	21	12	61	0	10893
23158	141	15	10	10750	0	10916
23159	70	16	12	10588	0	10686
23160	44	13	9	10716	0	10782
23161	32	11	10531	141	0	10715
23162	32	26	10507	58	0	10623
23163	28	25	116	10831	0	11000
23164	25	19	41	11020	0	11105
23165	10992	15	21	152	0	11180
23166	11015	24	14	76	0	11129
23167	11138	14	13	63	0	11228
23168	11394	17	13	59	0	11483
23169	11294	21	12	40	0	11367
23170	146	11281	16	45	0	11488
23171	11555	106	19	63	0	11743
23172	11673	39	16	55	0	11783
23173	11672	29	17	45	0	11763
23174	167	21	19	11950	0	12157
23175	70	20	11790	148	0	12028
23176	64	28	123	12111	0	12326
23177	46	17	12574	164	0	12801
23178	67	20	139	12255	0	12481
23179	46	12658	41	143	0	12888
23180	12773	129	31	53	0	12986
23181	13118	39	23	61	0	13241
23182	178	30	7	13275	0	13490
23183	86	22	17	13706	0	13831
23184	67	24	13	13744	0	13848
23185	48	13877	18	177	0	14120
23186	13934	133	13	95	0	14175
23187	14059	34	22	63	0	14178
23188	178	13976	22	44	0	14220
23189	79	129	17	14244	0	14469
23190	60	44	14	14155	0	14273
23191	47	14167	17	183	0	14414
23192	14403	141	17	77	0	14638
23193	14474	41	14	64	0	14593
23194	193	27	10	14441	0	14671
23195	76	24	14422	167	0	14689
23196	62	30	13991	64	0	14147
23197	65	17	161	14900	0	15143
23198	53	20	47	14979	0	15099
23199	51	22	27	15339	0	15439
23200	15139	18	19	252	0	15428
23201	15455	17	23	97	0	15592
23202	209	15867	17	78	0	16171
23203	16122	157	28	64	0	16371
23204	220	48	15965	45	0	16278
23205	75	34	15866	41	0	16016
23206	54	16531	207	39	0	16831
23207	16027	184	101	64	0	16376
23208	163	15931	25	33	0	16152
23209	15925	162	21	57	0	16165
23210	180	49	15834	31	0	16094
23211	70	35	15550	32	0	15687
23212	66	19	172	15689	0	15946
23213	59	28	16168	176	0	16431
23214	48	23	171	16371	0	16613
23215	102	22	56	14888	0	15068
23216	30	16501	33	214	0	16778
23217	39	174	36	16732	0	16981
23218	47	42	23	16980	0	17092
23219	17198	20	31	217	0	17466
23220	184	17165	25	83	0	17457
23221	63	193	39	17535	0	17830
23222	56	40	17482	206	0	17784
23223	15923	27	189	123	0	16262
23224	210	26	17275	61	0	17572
23225	80	33	189	16988	0	17290
23226	45	17658	63	193	0	17959
23227	62	211	23	17644	0	17940
23228	17971	58	25	244	0	18298
23229	18076	30	19	94	0	18219
23230	265	18465	38	51	0	18819
23231	18873	226	22	104	0	19225
23232	19010	82	21	96	0	19209
23233	19077	41	26	95	0	19239
23234	19560	24	22	78	0	19684
23235	18761	36	28	89	0	18914
23236	281	39	18950	54	0	19324
23237	117	31	228	18994	0	19370
23238	120	26	75	18803	0	19024
23239	69	31	41	19169	0	19310
23240	52	19092	33	300	0	19477
23241	73	221	19	19143	0	19456
23242	73	74	19055	252	0	19454
23243	51	18569	215	108	0	18943
23244	47	18429	75	70	0	18621
23245	99	253	50	18306	0	18708
23246	63	78	43	18340	0	18524
23247	58	41	31	18172	0	18302
23248	58	17605	36	290	0	17989
23249	54	18138	28	104	0	18324
23250	18077	251	28	87	0	18443
23251	18158	72	33	86	0	18349
23252	249	18200	43	66	0	18558
23253	18528	207	30	92	0	18857
23254	19045	66	27	110	0	19248
23255	262	48	44	19130	0	19484
23256	123	38	29	19518	0	19708
23257	83	37	34	19560	0	19714
23258	68	57	19410	280	0	19815
23259	61	48	19311	124	0	19544
23260	70	20279	250	100	0	20699
23261	20769	239	88	93	0	21189
23262	276	101	20829	65	0	21271
23263	20874	56	252	99	0	21281
23264	303	47	22104	53	0	22507
23265	22258	45	291	95	0	22689
23266	316	23213	114	61	0	23704
23267	23326	305	50	101	0	23782
23268	359	109	52	23061	0	23581
23269	165	64	40	23557	0	23826
23270	108	74	23140	398	0	23720
23271	84	23664	285	175	0	24208
23272	80	340	102	23972	0	24494
23273	104	127	23755	330	0	24316
23274	22358	68	295	176	0	22897
23275	277	23350	127	97	0	23851
23276	23066	297	54	105	0	23522
23277	315	22563	49	80	0	23007
23278	130	312	53	22618	0	23113
23279	22308	105	62	334	0	22809
23280	286	22018	55	532	0	22891
23281	138	284	49	22506	0	22977
23282	81	115	22123	327	0	22646
23283	21283	75	271	140	0	21769
23284	293	55	97	22067	0	22512
23285	138	57	21692	299	0	22186
23286	81	21687	258	134	0	22160
23287	82	278	98	21847	0	22305
23288	79	109	21754	301	0	22243
23289	103	81	259	21114	0	21557
23290	78	21585	97	284	0	22044
23291	60	22032	56	154	0	22302
23292	69	304	21824	83	0	22280
23293	106	134	255	21596	0	22091
23294	48	86	21878	286	0	22298
23295	21317	57	259	157	0	21790
23296	305	87	102	21254	0	21748
23297	121	20810	60	258	0	21249
23298	91	21779	47	124	0	22041
23299	21396	288	52	92	0	21828
23300	234	21861	43	58	0	22196
23301	21721	246	48	100	0	22115
23302	263	109	21246	46	0	21664
23303	20385	62	211	71	0	20729
23304	235	20748	90	54	0	21127
23305	20697	211	89	68	0	21065
23306	235	20423	35	38	0	20731
23307	119	235	22	20395	0	20771
23308	70	98	38	20878	0	21084
23309	48	61	20630	276	0	21015
23310	19777	46	201	171	0	20195
23311	220	57	20680	63	0	21020
23312	20886	49	233	53	0	21221
23313	272	50	97	20874	0	21293
23314	134	50	51	21114	0	21349
23315	73	21429	39	329	0	21870
23316	65	260	44	22225	0	22594
23317	79	110	41	22643	0	22873
23318	49	64	22293	382	0	22788
23319	20945	30	255	225	0	21455
23320	254	21745	118	82	0	22199
23321	21705	265	50	80	0	22100
23322	289	132	38	21678	0	22137
23323	153	57	39	21906	0	22155
23324	21600	30	47	381	0	22058
23325	277	21886	49	165	0	22377
23326	21389	247	31	87	0	21754
23327	280	21152	33	65	0	21530
23328	130	21154	23	63	0	21370
23329	21026	305	109	75	0	21515
23330	287	133	50	20475	0	20945
23331	122	81	20379	253	0	20835
23332	83	62	239	20095	0	20479
23333	70	43	114	20046	0	20273
23334	46	20009	56	344	0	20455
23335	95	266	29	20364	0	20754
23336	62	150	17	20418	0	20647
23337	65	56	19	20725	0	20865
23338	50	55	34	21005	0	21144
23339	38	59	20757	405	0	21259
23340	58	69	21115	176	0	21418
23341	54	66	350	21618	0	22088
23342	47	47	21679	339	0	22112
23343	57	44	21541	179	0	21821
23344	82	38	393	21755	0	22268
23345	47	63	22477	361	0	22948
23346	78	41	335	21752	0	22206
23347	32	22751	164	343	0	23290
23348	23516	328	68	215	0	24127
23349	350	134	24610	122	0	25216
23350	170	76	411	24607	0	25264
23351	84	66	25249	436	0	25835
23352	92	50	439	26316	0	26897
23353	89	50	184	26971	0	27294
23354	26600	54	103	684	0	27441
23355	544	41	65	27169	0	27819
23356	26236	55	91	607	0	26989
23357	26933	40	69	319	0	27361
23358	639	26547	73	184	0	27443
23359	26238	481	61	140	0	26920
23360	564	25750	49	132	0	26495
23361	215	26315	53	109	0	26692
23362	25574	594	136	124	0	26428
23363	532	232	25410	114	0	26288
23364	210	101	24588	82	0	24981
23365	23711	191	753	89	0	24744
23366	23982	69	231	108	0	24390
23367	593	23822	87	77	0	24579
23368	24303	429	72	109	0	24913
23369	24462	176	68	110	0	24816
23370	24332	81	59	92	0	24564
23371	654	69	66	23727	0	24516
23372	23657	70	50	493	0	24270
23373	523	24020	61	212	0	24816
23374	264	430	56	24635	0	25385
23375	176	183	62	24772	0	25193
23376	136	24552	65	581	0	25334
23377	130	447	57	24945	0	25579
23378	24582	182	63	545	0	25372
23379	24925	86	57	272	0	25340
23380	622	23990	62	172	0	24846
23381	282	24741	52	130	0	25205
23382	24620	538	43	160	0	25361
23383	542	227	24217	119	0	25105
23384	268	130	24267	130	0	24795
23385	197	91	552	23980	0	24820
23386	153	94	215	24648	0	25110
23387	136	102	24136	593	0	24967
23388	135	23225	464	294	0	24118
23389	217	455	220	22730	0	23622
23390	118	211	24017	512	0	24858
23391	156	124	459	23969	0	24708
23392	169	101	211	23966	0	24447
23393	126	24514	128	619	0	25387
23394	120	466	116	24630	0	25332
23395	160	203	103	24846	0	25312
23396	152	114	96	25074	0	25436
23397	24594	85	93	705	0	25477
23398	535	105	85	24057	0	24782
23399	262	24165	71	582	0	25080
23400	24198	444	74	311	0	25027
23401	543	199	23608	180	0	24530
23402	321	128	23287	184	0	23920
23403	23627	106	581	174	0	24488
23404	553	107	208	23904	0	24772
23405	269	85	23986	550	0	24890
23406	185	96	461	23981	0	24723
23407	175	88	201	24741	0	25205
23408	24253	91	113	691	0	25148
23409	24413	75	105	320	0	24913
23410	658	24388	100	193	0	25339
23411	308	474	100	24186	0	25068
23412	183	193	24155	516	0	25047
23413	153	24936	457	263	0	25809
23414	24699	438	196	214	0	25547
23415	480	25060	124	179	0	25843
23416	24869	473	100	174	0	25616
23417	534	179	24624	138	0	25475
23418	24522	122	434	153	0	25231
23419	25664	113	171	137	0	26085
23420	616	109	25963	131	0	26819
23421	296	166	466	25647	0	26575
23422	176	25659	187	519	0	26541
23423	156	26958	130	231	0	27475
23424	154	27200	101	168	0	27623
23425	209	658	101	26351	0	27319
23426	134	263	26730	499	0	27626
23427	164	161	455	26541	0	27321
23428	140	116	175	27207	0	27638
23429	119	120	26830	624	0	27693
23430	136	26772	469	265	0	27642
23431	131	465	188	26614	0	27398
23432	26855	175	124	563	0	27717
23433	502	107	105	27019	0	27733
23434	223	105	73	26970	0	27371
23435	148	26658	70	639	0	27515
23436	26969	465	80	311	0	27825
23437	530	190	65	27687	0	28472
23438	220	115	27346	551	0	28232
23439	150	27173	428	263	0	28014
23440	26673	442	175	195	0	27485
23441	448	195	26620	131	0	27394
23442	26245	128	437	159	0	26969
23443	501	123	184	26392	0	27200
23444	195	26591	124	422	0	27332
23445	26317	385	96	210	0	27008
23446	26229	178	63	175	0	26645
23447	486	26638	98	117	0	27339
23448	222	378	83	26246	0	26929
23449	147	134	60	25579	0	25920
23450	24965	88	60	418	0	25531
23451	322	24836	64	206	0	25428
23452	131	348	36	23630	0	24145
23453	60	23151	37	269	0	23517
23454	63	23087	24	99	0	23273
23455	103	288	66	22393	0	22850
23456	22302	83	54	245	0	22684
23457	167	22444	28	85	0	22724
23458	93	201	28	22485	0	22807
23459	63	70	18	22592	0	22743
23460	51	44	22422	205	0	22722
23461	37	55	21262	88	0	21442
23462	40	22141	200	64	0	22445
23463	40	182	21827	49	0	22098
23464	63	85	182	21804	0	22134
23465	34	46	22209	175	0	22464
23466	48	44	162	22494	0	22748
23467	39	37	56	22787	0	22919
23468	51	30	33	22850	0	22964
23469	22469	26	42	265	0	22802
23470	181	23	28	22442	0	22674
23471	60	42	21	22483	0	22606
23472	45	22261	26	230	0	22562
23473	47	165	25	22149	0	22386
23474	22195	60	32	257	0	22544
23475	154	22598	30	103	0	22885
23476	22833	182	18	116	0	23149
23477	197	78	22698	66	0	23039
23478	94	65	22778	55	0	22992
23479	65	51	211	23725	0	24052
23480	60	42	71	24195	0	24368
23481	39	24103	56	286	0	24484
23482	109	235	51	22715	0	23110
23483	24150	73	47	297	0	24567
23484	24007	58	36	138	0	24239
23485	262	53	37	24403	0	24755
23486	89	44	25605	283	0	26021
23487	85	38	232	25836	0	26191
23488	81	45	79	26752	0	26957
23489	54	42	47	26979	0	27122
23490	64	26	45	26770	0	26905
23491	53	34	39	26464	0	26590
23492	29	26446	35	385	0	26895
23493	26126	256	28	211	0	26621
23494	26602	85	35	158	0	26880
23495	26841	59	37	163	0	27100
23496	336	27137	40	95	0	27608
23497	27042	283	33	123	0	27481
23498	315	27055	36	104	0	27510
23499	122	312	26822	77	0	27333
23500	122	129	274	26392	0	26917
23501	81	67	27209	328	0	27685
23502	60	27308	292	158	0	27818
23503	27188	305	100	147	0	27740
23504	324	136	27665	105	0	28230
23505	141	98	28426	84	0	28749
23506	91	29648	422	107	0	30268
23507	129	409	168	30124	0	30830
23508	83	164	31562	421	0	32230
23509	141	103	451	30950	0	31645
23510	113	66	194	34114	0	34487
23511	102	66	86	36027	0	36281
23512	37111	58	67	807	0	38043
23513	37143	41	63	368	0	37615
23514	822	65	52	36930	0	37869
23515	37242	44	49	793	0	38128
23516	780	50	36558	306	0	37694
23517	321	49	36008	214	0	36592
23518	232	51	36423	186	0	36892
23519	187	59	36683	186	0	37115
23520	167	35753	809	160	0	36889
23521	346	615	394	35247	0	36602
23522	196	160	35970	605	0	36931
23523	34016	82	702	337	0	35137
23524	35955	67	322	224	0	36568
23525	754	35444	273	281	0	36752
23526	35620	561	281	159	0	36621
23527	763	191	291	35551	0	36796
23528	301	145	36352	618	0	37416
23529	279	145	757	34834	0	36015
23530	175	36538	363	646	0	37722
23531	35659	631	265	360	0	36915
23532	36717	235	200	266	0	37418
23533	824	36414	184	208	0	37630
23534	36937	664	135	227	0	37963
23535	37003	252	138	226	0	37619
23536	930	36699	143	178	0	37950
23537	484	668	150	35682	0	36984
23538	322	35971	136	678	0	37107
23539	36454	722	141	330	0	37647
23540	837	386	139	36137	0	37499
23541	36268	248	132	746	0	37394
23542	904	222	110	36046	0	37282
23543	500	228	35329	721	0	36778
23544	34876	213	601	363	0	36053
23545	890	230	35359	225	0	36704
23546	533	193	664	35249	0	36639
23547	359	207	34849	763	0	36178
23548	385	169	685	34821	0	36060
23549	304	160	34804	828	0	36096
23550	33974	133	742	476	0	35325
23551	784	34614	350	360	0	36108
23552	34812	619	282	346	0	36059
23553	870	237	282	34688	0	36077
23554	34364	147	278	837	0	35626
23555	816	34045	277	406	0	35544
23556	412	33864	317	283	0	34876
23557	312	35404	253	315	0	36284
23558	35307	832	233	327	0	36699
23559	840	377	199	35204	0	36620
23560	456	280	171	35641	0	36548
23561	350	258	34686	915	0	36209
23562	401	258	34073	416	0	35148
23563	411	264	761	34751	0	36187
23564	344	247	35321	815	0	36727
23565	299	35031	740	429	0	36499
23566	34835	768	366	371	0	36340
23567	804	362	35335	299	0	36800
23568	411	278	35243	290	0	36222
23569	351	245	936	34824	0	36356
23570	35538	182	487	881	0	37088
23571	862	152	370	35720	0	37104
23572	35647	139	372	962	0	37120
23573	883	145	389	35673	0	37090
23574	461	176	35946	893	0	37476
23575	382	35097	922	437	0	36838
23576	324	740	35744	341	0	37149
23577	312	35499	919	357	0	37087
23578	358	887	525	34985	0	36755
23579	34660	289	376	874	0	36199
23580	798	214	34547	477	0	36036
23581	492	199	753	34452	0	35896
23582	428	173	384	35410	0	36395
23583	35562	205	292	1011	0	37070
23584	842	212	293	34985	0	36332
23585	393	35210	310	851	0	36764
23586	34191	741	305	475	0	35712
23587	797	342	33769	368	0	35276
23588	32858	281	725	358	0	34222
23589	824	33280	337	315	0	34756
23590	518	754	240	32541	0	34053
23591	424	33665	208	730	0	35027
23592	33646	711	212	439	0	35008
23593	866	357	33472	352	0	35047
23594	32565	338	661	375	0	33939
23595	845	33472	288	311	0	34916
23596	489	690	234	33666	0	35079
23597	33977	318	212	778	0	35285
23598	34339	263	231	400	0	35233
23599	961	241	218	33926	0	35346
23600	533	275	201	34165	0	35174
23601	384	33635	239	854	0	35112
23602	411	800	192	33900	0	35303
23603	375	37120	204	827	0	38526
23604	346	39223	230	445	0	40244
23605	417	1399	225	36250	0	38291
23606	321	37582	166	938	0	39007
23607	416	849	37756	396	0	39417
23608	576	387	38217	390	0	39570
23609	282	39053	925	420	0	40680
23610	301	826	38792	274	0	40193
23611	215	359	38515	186	0	39275
23612	100	202	36374	70	0	36746
23613	50	35813	933	100	0	36896
23614	34598	753	606	136	0	36093
23615	559	34608	255	52	0	35474
23616	232	731	34644	34	0	35641
23617	227	304	675	33993	0	35199
23618	34160	215	292	663	0	35330
23619	629	136	33827	248	0	34840
23620	308	124	704	33703	0	34839
23621	160	95	34267	660	0	35182
23622	159	82	817	33645	0	34703
23623	33501	82	383	774	0	34740
23624	638	94	33906	308	0	34946
23625	267	33904	751	232	0	35154
23626	240	657	359	33391	0	34647
23627	34510	280	242	688	0	35720
23628	696	196	33698	289	0	34879
23629	382	145	709	32134	0	33370
23630	207	33435	333	654	0	34629
23631	33961	665	262	343	0	35231
23632	34864	279	213	273	0	35629
23633	974	205	183	34336	0	35698
23634	435	34325	170	769	0	35699
23635	274	36134	162	322	0	36892
23636	36548	940	141	290	0	37919
23637	917	446	135	35950	0	37448
23638	368	36582	148	803	0	37901
23639	36864	868	123	381	0	38236
23640	907	378	139	37017	0	38441
23641	444	246	104	37684	0	38478
23642	274	210	35596	1076	0	37156
23643	202	36126	752	542	0	37622
23644	191	38046	306	320	0	38863
23645	230	1036	203	37878	0	39347
23646	37802	466	134	936	0	39338
23647	855	37944	132	431	0	39362
23648	38036	927	118	324	0	39405
23649	940	37794	136	201	0	39071
23650	471	974	106	38013	0	39564
23651	38031	469	82	936	0	39518
23652	972	306	94	38096	0	39468
23653	436	215	37806	1014	0	39471
23654	340	235	823	36580	0	37978
23655	212	37403	357	999	0	38971
23656	37026	935	242	486	0	38689
23657	875	37116	170	308	0	38469
23658	443	1008	163	36313	0	37927
23659	306	473	121	37408	0	38308
23660	237	334	36207	1124	0	37902
23661	180	296	36216	554	0	37246
23662	244	1913	1045	34561	0	37763
23663	269	276	35956	955	0	37456
23664	161	35541	976	519	0	37197
23665	35343	932	429	392	0	37096
23666	867	432	35655	309	0	37263
23667	35158	315	953	304	0	36730
23668	36365	261	439	295	0	37360
23669	36423	232	329	231	0	37215
23670	36521	230	243	257	0	37251
23671	1275	265	220	35463	0	37223
23672	632	195	243	35020	0	36090
23673	406	34598	248	1120	0	36372
23674	34419	882	271	544	0	36116
23675	988	472	33797	351	0	35608
23676	507	346	899	33571	0	35323
23677	400	249	463	34243	0	35355
23678	293	238	33206	1174	0	34911
23679	304	33290	956	625	0	35175
23680	353	926	482	32273	0	34034
23681	331	435	347	34323	0	35436
23682	33262	297	248	1243	0	35050
23683	937	32709	212	694	0	34552
23684	546	883	215	32733	0	34377
23685	353	32591	207	1038	0	34189
23686	314	970	201	33343	0	34828
23687	32542	442	209	1140	0	34333
23688	33414	320	188	626	0	34548
23689	1201	233	197	32891	0	34522
23690	32675	232	196	1091	0	34194
23691	32891	230	152	632	0	33905
23692	1253	32030	152	452	0	33887
23693	706	881	140	31533	0	33260
23694	474	31985	145	940	0	33544
23695	418	989	90	32180	0	33677
23696	31892	489	127	1091	0	33599
23697	1022	368	108	31888	0	33386
23698	598	283	114	32326	0	33321
23699	394	308	30831	1269	0	32802
23700	358	29283	721	711	0	31073
23701	354	31207	312	524	0	32397
23702	30375	1014	213	490	0	32092
23703	871	602	114	26111	0	27698
23704	24408	249	121	726	0	25504
23705	697	23462	89	430	0	24678
23706	367	22273	83	284	0	23007
23707	241	23127	59	274	0	23701
23708	19832	600	426	258	0	21116
23709	401	19811	117	198	0	20527
23710	18596	375	255	195	0	19421
23711	18235	112	53	105	0	18505
23712	18677	65	52	100	0	18894
23713	378	56	30	19499	0	19963
23714	157	70	25	20082	0	20334
23715	109	60	31	20267	0	20467
23716	99	71	30	20060	0	20260
23717	19795	48	34	502	0	20379
23718	350	19436	34	204	0	20024
23719	166	305	40	19782	0	20293
23720	19876	111	39	385	0	20411
23721	366	60	33	19706	0	20165
23722	159	54	34	19862	0	20109
23723	19606	58	26	467	0	20157
23724	368	61	19175	179	0	19783
23725	183	59	282	19180	0	19704
23726	87	48	19375	384	0	19894
23727	92	42	296	19093	0	19523
23728	94	113	97	19104	0	19408
23729	18657	36	41	442	0	19176
23730	318	18061	44	192	0	18615
23731	120	18044	34	114	0	18312
23732	17400	290	31	106	0	17827
23733	266	17635	22	79	0	18002
23734	17423	228	91	116	0	17858
23735	291	76	16989	74	0	17430
23736	15838	36	158	64	0	16096
23737	16207	10	49	46	0	16312
23738	16301	19	28	48	0	16396
23739	214	15	16	15984	0	16229
23740	80	17	17	16014	0	16128
23741	38	15793	16	192	0	16039
23742	46	213	12	15756	0	16027
23743	15626	50	13	183	0	15872
23744	149	15491	12	81	0	15733
23745	61	15509	10	44	0	15624
23746	15427	154	8	53	0	15642
23747	149	65	15277	26	0	15517
23748	78	44	114	15066	0	15302
23749	41	17	15389	134	0	15581
23750	51	16	121	15186	0	15374
23751	34	15240	47	118	0	15439
23752	44	112	15	15625	0	15796
23753	15428	54	9	159	0	15650
23754	131	26	9	15472	0	15638
23755	61	25	15822	150	0	16058
23756	15035	13	153	103	0	15304
23757	151	15912	68	57	0	16188
23758	74	16893	23	33	0	17023
23759	17503	205	22	80	0	17810
23760	18612	82	20	50	0	18764
23761	304	35	18514	30	0	18883
23762	18287	26	234	70	0	18617
23763	263	18615	85	32	0	18995
23764	18941	249	26	64	0	19280
23765	290	100	22	18356	0	18768
23766	128	17583	16	244	0	17971
23767	17971	248	20	113	0	18352
23768	300	100	17816	39	0	18255
23769	159	44	234	17960	0	18397
23770	18400	51	82	298	0	18831
23771	306	47	18218	110	0	18681
23772	18428	32	244	85	0	18789
23773	317	40	89	18246	0	18692
23774	163	32	41	18612	0	18848
23775	84	30	18574	345	0	19033
23776	98	30	255	18487	0	18870
23777	18827	24	101	335	0	19287
23778	286	18470	64	159	0	18979
23779	18784	263	43	113	0	19203
23780	18941	96	37	119	0	19193
23781	375	39	37	18780	0	19231
23782	144	60	18909	318	0	19431
23783	97	26	278	19010	0	19411
23784	19117	25	106	361	0	19609
23785	314	18865	54	149	0	19382
23786	19442	260	34	101	0	19837
23787	360	104	31	19347	0	19842
23788	168	47	32	19804	0	20051
23789	97	32	43	20013	0	20185
23790	82	47	19514	430	0	20073
23791	110	35	294	19704	0	20143
23792	78	52	19658	357	0	20145
23793	107	45	19622	160	0	19934
23794	97	47	385	21138	0	21667
23795	79	32	21444	423	0	21978
23796	22919	32	391	254	0	23596
23797	479	32	180	24014	0	24705
23798	263	38	83	24074	0	24458
23799	111	24449	82	640	0	25282
23800	24856	446	75	331	0	25708
23801	25694	226	65	219	0	26204
23802	711	25636	74	155	0	26576
23803	360	495	46	25907	0	26808
23804	188	260	25865	532	0	26845
23805	25379	91	495	337	0	26302
23806	26450	74	246	207	0	26977
23807	783	88	91	25225	0	26187
23808	378	75	24708	540	0	25701
23809	206	24387	506	289	0	25388
23810	24217	496	243	191	0	25147
23811	611	261	24190	131	0	25193
23812	318	23885	488	140	0	24831
23813	22928	461	329	122	0	23840
23814	23115	228	115	133	0	23591
23815	722	107	95	22520	0	23444
23816	352	22650	85	450	0	23537
23817	221	479	72	23722	0	24494
23818	176	248	76	24228	0	24728
23819	194	119	77	23751	0	24141
23820	156	99	63	24279	0	24597
23821	151	86	23605	776	0	24618
23822	163	69	475	23955	0	24662
23823	138	85	220	24451	0	24894
23824	147	78	23725	761	0	24711
23825	122	23695	494	405	0	24716
23826	23712	491	252	268	0	24723
23827	24082	267	115	249	0	24713
23828	730	101	96	24018	0	24945
23829	24194	88	113	623	0	25018
23830	653	98	75	24571	0	25397
23831	386	71	24380	668	0	25505
23832	193	85	24344	420	0	25042
23833	144	24348	683	258	0	25433
23834	24139	498	317	244	0	25198
23835	587	271	25117	204	0	26179
23836	404	122	583	24439	0	25548
23837	270	91	340	26105	0	26806
23838	221	79	173	27024	0	27497
23839	200	81	155	27002	0	27438
23840	220	93	131	26874	0	27318
23841	170	98	26002	1147	0	27417
23842	189	99	645	26440	0	27373
23843	25861	106	360	934	0	27261
23844	694	25662	183	555	0	27094
23845	25800	601	150	386	0	26937
23846	721	25930	158	313	0	27122
23847	26050	688	122	334	0	27194
23848	26645	371	129	325	0	27470
23849	1031	174	154	26079	0	27438
23850	574	145	122	26574	0	27415
23851	25966	114	122	1107	0	27309
23852	25654	112	135	621	0	26522
23853	26086	118	116	408	0	26728
23854	1021	24601	153	299	0	26074
23855	529	25289	133	308	0	26259
23856	370	788	24818	239	0	26215
23857	359	546	580	24260	0	25745
23858	260	192	24047	764	0	25263
23859	233	23355	649	515	0	24752
23860	235	523	355	22427	0	23540
23861	203	299	148	22649	0	23299
23862	195	147	112	23091	0	23545
23863	22253	126	97	962	0	23438
23864	22335	139	98	567	0	23139
23865	800	22202	109	327	0	23438
23866	492	492	111	22506	0	23601
23867	266	324	22315	662	0	23567
23868	241	202	21735	435	0	22613
23869	21938	178	714	299	0	23129
23870	22409	130	390	284	0	23213
23871	816	99	198	22130	0	23243
23872	22315	92	146	715	0	23268
23873	697	112	21815	471	0	23095
23874	455	21640	533	347	0	22975
23875	299	506	357	21849	0	23011
23876	204	334	22243	657	0	23438
23877	235	184	576	22514	0	23509
23878	232	126	368	22908	0	23634
23879	195	132	22590	925	0	23842
23880	22157	102	525	654	0	23438
23881	23172	73	372	462	0	24079
23882	788	23627	200	413	0	25028
23883	24354	571	151	366	0	25442
23884	25035	342	158	341	0	25876
23885	1004	193	24548	295	0	26040
23886	24706	135	616	319	0	25776
23887	841	25759	376	267	0	27243
23888	26036	665	209	267	0	27177
23889	26877	376	145	254	0	27652
23890	27596	224	154	235	0	28209
23891	26547	144	122	277	0	27090
23892	27473	126	104	320	0	28023
23893	1198	26426	132	268	0	28024
23894	25439	598	117	246	0	26400
23895	873	24799	122	180	0	25974
23896	370	22363	103	145	0	22981
23897	224	23039	100	101	0	23464
23898	22344	687	320	138	0	23489
23899	22379	272	94	156	0	22901
23900	730	128	21694	112	0	22664
23901	22453	102	451	140	0	23146
23902	22691	76	207	147	0	23121
23903	781	85	22566	142	0	23574
23904	401	83	513	22409	0	23406
23905	275	77	245	22262	0	22859
23906	203	74	112	23602	0	23991
23907	227	85	73	23624	0	24009
23908	209	90	58	23732	0	24089
23909	176	76	22933	777	0	23962
23910	157	22920	516	363	0	23956
23911	22476	530	240	202	0	23448
23912	615	22591	122	138	0	23466
23913	22709	556	90	145	0	23500
23914	22771	250	63	147	0	23231
23915	815	132	22055	116	0	23118
23916	412	172	481	20661	0	21726
23917	208	21373	237	500	0	22318
23918	21572	491	150	252	0	22465
23919	21767	235	85	195	0	22282
23920	22039	108	73	132	0	22352
23921	785	21845	67	119	0	22816
23922	22189	490	75	117	0	22871
23923	22479	221	79	98	0	22877
23924	22547	128	71	86	0	22832
23925	860	79	56	21744	0	22739
23926	399	105	57	22177	0	22738
23927	311	85	42	22481	0	22919
23928	21870	72	47	724	0	22713
23929	619	21875	65	275	0	22834
23930	21936	498	39	165	0	22638
23931	21746	234	43	90	0	22113
23932	21316	125	44	104	0	21589
23933	21372	102	34	98	0	21606
23934	826	20654	36	88	0	21604
23935	19534	430	42	74	0	20080
23936	573	19033	42	71	0	19719
23937	259	18889	29	48	0	19225
23938	18747	448	49	65	0	19309
23939	466	18356	28	48	0	18898
23940	244	18942	20	44	0	19250
23941	18910	431	87	66	0	19494
23942	19118	162	29	67	0	19376
23943	528	121	16	18588	0	19253
23944	271	81	21	18954	0	19327
23945	18978	72	20	490	0	19560
23946	19533	75	29	212	0	19849
23947	19194	88	25	159	0	19466
23948	531	81	18657	69	0	19338
23949	19400	87	313	86	0	19886
23950	484	86	114	19457	0	20141
23951	260	85	59	19702	0	20106
23952	204	67	48	19887	0	20206
23953	182	73	33	19880	0	20168
23954	157	83	19107	492	0	19839
23955	168	64	19244	213	0	19689
23956	162	69	406	19288	0	19925
23957	165	55	19378	411	0	20009
23958	156	93	19275	197	0	19721
23959	199	54	425	19426	0	20104
23960	189	79	167	19914	0	20349
23961	181	54	100	20451	0	20786
23962	175	83	60	19900	0	20218
23963	20255	63	62	591	0	20971
23964	20885	71	56	297	0	21309
23965	577	56	53	20480	0	21166
23966	289	71	58	20720	0	21138
23967	224	65	55	20712	0	21056
23968	206	55	62	20654	0	20977
23969	174	68	66	20548	0	20856
23970	186	20180	58	570	0	20994
23971	20219	371	36	277	0	20903
23972	470	20250	63	213	0	20996
23973	20381	407	31	215	0	21034
23974	20571	158	45	184	0	20958
23975	20553	130	26	161	0	20870
23976	622	77	46	19621	0	20366
23977	19551	101	35	439	0	20126
23978	543	100	35	19322	0	20000
23979	322	115	17	19236	0	19690
23980	19043	84	31	536	0	19694
23981	507	18466	31	261	0	19265
23982	211	17984	20	146	0	18361
23983	17657	300	18	137	0	18112
23984	378	127	17180	100	0	17785
23985	16269	90	248	122	0	16729
23986	397	218	108	16484	0	17207
23987	183	15401	35	271	0	15890
23988	132	15665	22	132	0	15951
23989	15472	246	49	114	0	15881
23990	256	141	8	15388	0	15793
23991	128	15674	17	197	0	16016
23992	15474	176	37	109	0	15796
23993	15559	54	12	85	0	15710
23994	15530	45	8	76	0	15659
23995	15608	43	10	92	0	15753
23996	250	14991	14	70	0	15325
23997	87	15002	9	35	0	15133
23998	15210	157	13	43	0	15423
23999	15619	59	17	47	0	15742
24000	230	37	15198	39	0	15504
24001	65	14889	112	26	0	15092
24002	14879	118	73	41	0	15111
24003	15374	30	12	32	0	15448
24004	173	29	15419	22	0	15643
24005	15379	24	153	40	0	15596
24006	228	15	16089	16	0	16348
24007	49	23	17170	8	0	17250
24008	69	51	250	16214	0	16584
24009	31	16516	76	203	0	16826
24010	17680	219	49	83	0	18031
24011	274	51	21	17713	0	18059
24012	94	41	13	17900	0	18048
24013	72	20	20	18099	0	18211
24014	17860	13	15	359	0	18247
24015	274	11	17	17734	0	18036
24016	97	18	12	18206	0	18333
24017	67	15	18038	311	0	18431
24018	17712	14	253	162	0	18141
24019	18354	14	58	114	0	18540
24020	344	13	18082	44	0	18483
24021	17637	7	282	58	0	17984
24022	359	24	68	17449	0	17900
24023	107	17589	59	298	0	18053
24024	82	265	38	17788	0	18173
24025	17614	57	28	352	0	18051
24026	297	17677	25	126	0	18125
24027	115	309	20	17866	0	18310
24028	100	72	24	18313	0	18509
24029	77	57	11	18352	0	18497
24030	85	32	19	17757	0	17893
24031	48	18342	24	408	0	18822
24032	18539	304	14	184	0	19041
24033	18876	84	24	130	0	19114
24034	425	19191	25	79	0	19720
24035	20630	362	24	107	0	21123
24036	21570	101	17	94	0	21782
24037	21442	76	25	100	0	21643
24038	657	42	20697	67	0	21463
24039	298	36	430	20633	0	21397
24040	184	49	19992	484	0	20709
24041	20263	45	465	181	0	20954
24042	508	20464	128	137	0	21237
24043	20286	437	110	120	0	20953
24044	571	20537	62	89	0	21259
24045	252	516	65	19872	0	20705
24046	224	162	44	20457	0	20887
24047	134	144	20152	556	0	20986
24048	120	20505	453	256	0	21334
24049	20327	509	162	176	0	21174
24050	564	165	20251	115	0	21095
24051	20292	157	499	117	0	21065
24052	656	88	180	20381	0	21305
24053	242	89	20506	546	0	21383
24054	199	20368	531	237	0	21335
24055	160	495	176	20471	0	21302
24056	162	188	20496	544	0	21390
24057	166	159	20545	216	0	21086
24058	133	20302	606	197	0	21238
24059	175	514	244	19940	0	20873
24060	166	166	174	19877	0	20383
24061	136	19793	129	591	0	20649
24062	19976	524	108	311	0	20919
24063	592	212	116	19591	0	20511
24064	241	19435	135	549	0	20360
24065	19721	523	105	266	0	20615
24066	19706	198	121	247	0	20272
24067	20004	174	136	182	0	20496
24068	740	19533	85	185	0	20543
24069	19934	546	93	189	0	20762
24070	20169	212	108	180	0	20669
24071	749	195	95	19658	0	20697
24072	19840	146	75	617	0	20678
24073	720	137	69	19833	0	20759
24074	328	128	19367	699	0	20522
24075	308	130	19889	288	0	20615
24076	262	98	607	20127	0	21094
24077	219	129	20228	637	0	21213
24078	20024	120	610	333	0	21087
24079	719	97	225	20480	0	21521
24080	353	97	201	20861	0	21512
24081	319	108	20272	758	0	21457
24082	211	19661	588	409	0	20869
24083	235	20618	253	274	0	21380
24084	214	643	208	20156	0	21221
24085	206	270	139	20649	0	21264
24086	191	187	19900	774	0	21052
24087	181	152	20158	393	0	20884
24088	190	141	681	20298	0	21310
24089	190	128	20029	688	0	21035
24090	19831	137	664	348	0	20980
24091	687	154	249	19910	0	21000
24092	20106	111	206	747	0	21170
24093	768	106	147	20029	0	21050
24094	338	120	163	20648	0	21269
24095	297	111	19916	826	0	21150
24096	213	20211	637	436	0	21497
24097	255	598	249	20328	0	21430
24098	203	243	20173	723	0	21342
24099	202	19597	603	382	0	20784
24100	209	561	293	19933	0	20996
24101	19876	246	240	658	0	21020
24102	595	160	19789	371	0	20915
24103	18952	106	584	286	0	19928
24104	658	118	18710	185	0	19671
24105	17539	84	588	211	0	18422
24106	587	17489	265	186	0	18527
24107	216	16974	195	162	0	17547
24108	210	676	158	16083	0	17127
24109	129	16118	154	436	0	16837
24110	16154	466	117	265	0	17002
24111	437	193	120	16269	0	17019
24112	222	145	108	16499	0	16974
24113	138	120	106	16720	0	17084
24114	97	112	15989	639	0	16837
24115	145	92	408	16015	0	16660
24116	94	100	15837	541	0	16572
24117	104	15490	465	297	0	16356
24118	14890	368	221	222	0	15701
24119	390	15552	165	171	0	16278
24120	15915	396	105	204	0	16620
24121	16115	167	108	184	0	16574
24122	16213	126	95	174	0	16608
24123	16120	103	110	144	0	16477
24124	559	105	15498	130	0	16292
24125	285	86	381	15543	0	16295
24126	211	118	174	15199	0	15702
24127	177	89	127	15886	0	16279
24128	14515	82	111	560	0	15268
24129	14850	64	111	308	0	15333
24130	481	15275	101	235	0	16092
24131	263	298	14892	139	0	15592
24132	204	117	14643	146	0	15110
24133	148	14410	398	134	0	15090
24134	133	14408	206	147	0	14894
24135	350	366	326	12389	0	13431
24136	121	104	55	12014	0	12294
24137	12295	68	53	263	0	12679
24138	212	12209	57	132	0	12610
24139	113	180	43	12620	0	12956
24140	86	89	12908	231	0	13314
24141	71	60	206	13395	0	13732
24142	71	54	86	13631	0	13842
24143	59	46	77	13858	0	14040
24144	70	44	60	13691	0	13865
24145	64	43	13352	322	0	13781
24146	62	12861	209	159	0	13291
24147	61	13097	103	96	0	13357
24148	12645	214	56	79	0	12994
24149	215	12533	53	71	0	12872
24150	105	13106	45	76	0	13332
24151	104	228	54	13179	0	13565
24152	77	92	53	13247	0	13469
24153	59	53	44	13236	0	13392
24154	56	56	13028	280	0	13420
24155	55	13013	179	150	0	13397
24156	68	198	80	12841	0	13187
24157	45	13090	50	187	0	13372
24158	12998	185	50	128	0	13361
24159	169	13010	45	93	0	13317
24160	13081	179	41	95	0	13396
24161	194	98	12875	82	0	13249
24162	12953	59	170	84	0	13266
24163	193	47	78	13229	0	13547
24164	97	60	13286	196	0	13639
24165	13022	61	177	120	0	13380
24166	13308	61	83	84	0	13536
24167	13431	66	44	68	0	13609
24168	246	54	41	13314	0	13655
24169	111	53	13221	219	0	13604
24170	13316	37	158	146	0	13657
24171	208	41	74	13744	0	14067
24172	131	26	51	13805	0	14013
24173	70	42	14053	236	0	14401
24174	58	13948	167	115	0	14288
24175	62	168	73	13692	0	13995
24176	60	13868	41	170	0	14139
24177	13698	185	29	115	0	14027
24178	13758	78	31	70	0	13937
24179	222	45	20	13691	0	13978
24180	13662	29	30	179	0	13900
24181	157	13526	34	100	0	13817
24182	13525	139	32	74	0	13770
24183	160	13587	21	74	0	13842
24184	98	149	28	13696	0	13971
24185	78	76	31	13602	0	13787
24186	58	13633	32	175	0	13898
24187	74	150	25	13609	0	13858
24188	51	82	13526	160	0	13819
24189	50	13291	133	88	0	13562
24190	12888	108	48	64	0	13108
24191	118	12966	28	43	0	13155
24192	67	109	17	12942	0	13135
24193	55	45	12976	114	0	13190
24194	49	40	103	13071	0	13263
24195	44	35	40	13136	0	13255
24196	12800	22	26	188	0	13036
24197	137	23	12820	79	0	13059
24198	63	12922	115	57	0	13157
24199	42	133	13422	59	0	13656
24200	20	51	13296	42	0	13409
24201	23	36	13254	34	0	13347
24202	82	116	177	12986	0	13361
24203	13512	16	90	158	0	13776
24204	131	13476	23	62	0	13692
24205	13824	148	16	38	0	14026
24206	14165	56	18	52	0	14291
24207	209	21	13	13907	0	14150
24208	70	13969	17	146	0	14202
24209	13982	151	16	80	0	14229
24210	146	14025	23	41	0	14235
24211	80	159	14	13905	0	14158
24212	42	54	13	14380	0	14489
24213	18	14330	20	196	0	14564
24214	31	154	14	14499	0	14698
24215	36	66	14230	163	0	14495
24216	33	40	14065	66	0	14204
24217	43	25	193	14284	0	14545
24218	35	33	58	14537	0	14663
24219	29	21	13907	211	0	14168
24220	23	36	13534	85	0	13678
24221	12936	13	187	69	0	13205
24222	160	13409	72	38	0	13679
24223	69	14190	27	58	0	14344
24224	38	206	27	13795	0	14066
24225	34	72	26	14036	0	14168
24226	36	33	16	14104	0	14189
24227	27	26	13943	220	0	14216
24228	32	25	13744	87	0	13888
24229	35	27	208	14084	0	14354
24230	27	23	13979	185	0	14214
24231	23	13835	179	85	0	14122
24232	13818	181	76	56	0	14131
24233	184	64	13757	37	0	14042
24234	61	31	13769	41	0	13902
24235	55	33	220	13925	0	14233
24236	21	35	14959	205	0	15220
24237	26	15248	217	93	0	15584
24238	64	213	84	15451	0	15812
24239	21	76	15577	229	0	15903
24240	18	15090	217	102	0	15427
24241	14843	227	100	67	0	15237
24242	216	92	57	14803	0	15168
24243	93	45	34	14948	0	15120
24244	14808	27	36	293	0	15164
24245	185	14780	28	124	0	15117
24246	14941	204	30	62	0	15237
24247	14960	87	28	68	0	15143
24248	15047	37	33	55	0	15172
24249	308	36	31	14707	0	15082
24250	14362	34	27	241	0	14664
24251	251	13757	28	109	0	14145
24252	108	14162	36	64	0	14370
24253	14657	264	38	58	0	15017
24254	265	103	22	14822	0	15212
24255	136	60	14	14964	0	15174
24256	78	39	29	15075	0	15221
24257	55	43	14449	340	0	14887
24258	61	14480	206	150	0	14897
24259	50	236	81	14847	0	15214
24260	14810	95	55	281	0	15241
24261	267	61	31	14867	0	15226
24262	114	40	14658	294	0	15106
24263	72	14663	239	144	0	15118
24264	14733	244	96	111	0	15184
24265	14791	110	58	77	0	15036
24266	14929	63	46	93	0	15131
24267	388	51	45	14868	0	15352
24268	156	56	14894	313	0	15419
24269	104	39	15162	146	0	15451
24270	83	15579	362	95	0	16119
24271	87	335	129	15554	0	16105
24272	82	118	68	15956	0	16224
24273	15246	70	41	466	0	15823
24274	364	50	41	15511	0	15966
24275	15951	45	36	428	0	16460
24276	413	43	15580	178	0	16214
24277	154	57	15876	114	0	16201
24278	138	39	434	15657	0	16268
24279	100	43	148	16051	0	16342
24280	98	39	73	16439	0	16649
24281	16427	29	56	536	0	17048
24282	17400	36	77	215	0	17728
24283	537	96	61	17349	0	18043
24284	198	43	17102	499	0	17842
24285	106	41	17667	229	0	18043
24286	106	28	566	17657	0	18357
24287	17926	30	207	556	0	18719
24288	506	33	108	17850	0	18497
24289	219	34	109	18323	0	18685
24290	109	43	17970	653	0	18775
24291	93	34	18091	272	0	18490
24292	17525	39	576	207	0	18347
24293	497	27	17882	151	0	18557
24294	227	27	509	17324	0	18087
24295	168	29	208	17840	0	18245
24296	17502	25	122	628	0	18277
24297	486	17198	112	273	0	18069
24298	17017	392	118	194	0	17721
24299	479	16615	91	155	0	17340
24300	16335	409	95	141	0	16980
24301	487	145	15969	124	0	16725
24302	15258	100	476	112	0	15946
24303	15530	50	170	113	0	15863
24304	544	75	105	15224	0	15948
24305	242	40	15108	411	0	15801
24306	170	34	408	14613	0	15225
24307	147	35	173	14760	0	15115
24308	121	14452	135	518	0	15226
24309	115	340	101	14368	0	14924
24310	104	14416	84	460	0	15064
24311	119	379	72	14515	0	15085
24312	14278	145	62	516	0	15001
24313	458	89	73	14403	0	15023
24314	221	71	14226	486	0	15004
24315	14164	67	396	255	0	14882
24316	467	55	14620	186	0	15328
24317	14629	53	427	170	0	15279
24318	15063	48	183	166	0	15460
24319	575	14678	144	150	0	15547
24320	275	15455	115	138	0	15983
24321	15202	482	109	161	0	15954
24322	15741	188	103	146	0	16178
24323	15512	94	90	145	0	15841
24324	15533	75	87	157	0	15852
24325	15586	71	75	136	0	15868
24326	644	68	71	15097	0	15880
24327	338	61	91	15489	0	15979
24328	224	80	15008	591	0	15903
24329	14919	58	411	286	0	15674
24330	560	64	185	14955	0	15764
24331	289	64	132	15327	0	15812
24332	220	68	14954	588	0	15830
24333	197	14279	450	302	0	15228
24334	199	15041	196	224	0	15660
24335	14697	491	162	192	0	15542
24336	14038	165	129	157	0	14489
24337	555	13052	95	132	0	13834
24338	240	13260	97	117	0	13714
24339	13175	405	103	126	0	13809
24340	13624	151	70	140	0	13985
24341	546	85	62	13256	0	13949
24342	263	84	64	13529	0	13940
24343	208	64	63	13778	0	14113
24344	13323	55	75	545	0	13998
24345	13566	55	71	273	0	13965
24346	546	53	80	13537	0	14216
24347	13943	59	70	468	0	14540
24348	506	69	13917	253	0	14745
24349	285	56	374	14036	0	14751
24350	205	63	13956	469	0	14693
24351	171	13739	410	244	0	14564
24352	214	429	224	13687	0	14554
24353	13545	154	102	442	0	14243
24354	484	81	80	13468	0	14113
24355	259	78	80	13629	0	14046
24356	170	71	13275	539	0	14055
24357	185	67	13385	255	0	13892
24358	193	13547	442	166	0	14348
24359	13594	366	170	173	0	14303
24360	13903	144	99	140	0	14286
24361	13905	96	86	128	0	14215
24362	14005	67	62	147	0	14281
24363	583	63	68	13637	0	14351
24364	290	50	69	13699	0	14108
24365	200	13738	79	463	0	14480
24366	13809	347	68	215	0	14439
24367	13918	146	62	155	0	14281
24368	544	76	13215	142	0	13977
24369	12273	67	283	97	0	12720
24370	378	12383	109	93	0	12963
24371	231	456	64	11933	0	12684
24372	169	12380	56	291	0	12896
24373	12304	314	60	173	0	12851
24374	333	12279	43	114	0	12769
24375	186	279	41	11806	0	12312
24376	153	112	24	12005	0	12294
24377	138	62	23	11812	0	12035
24378	80	11492	40	416	0	12028
24379	121	327	47	11553	0	12048
24380	136	202	42	11392	0	11772
24381	80	10372	33	347	0	10832
24382	70	10094	31	143	0	10338
24383	9575	188	29	104	0	9896
24384	179	9674	26	68	0	9947
24385	9302	155	29	47	0	9533
24386	185	60	9111	45	0	9401
24387	73	8961	115	40	0	9189
24388	8926	136	70	42	0	9174
24389	8884	60	35	40	0	9019
24390	176	38	8714	40	0	8968
24391	98	36	113	8620	0	8867
24392	60	20	8794	143	0	9017
24393	46	8672	131	76	0	8925
24394	8560	144	64	57	0	8825
24395	142	8494	24	41	0	8701
24396	80	135	12	8517	0	8744
24397	76	56	18	8653	0	8803
24398	52	35	8573	161	0	8821
24399	42	29	8248	88	0	8407
24400	8235	23	179	69	0	8506
24401	8572	25	59	40	0	8696
24402	8583	34	32	36	0	8685
24403	8564	19	17	39	0	8639
24404	192	8508	20	36	0	8756
24405	89	128	20	8539	0	8776
24406	58	57	30	8695	0	8840
24407	45	8776	16	175	0	9012
24408	8910	143	15	94	0	9162
24409	9038	54	13	56	0	9161
24410	196	42	8961	31	0	9230
24411	9022	29	129	45	0	9225
24412	182	24	52	9034	0	9292
24413	80	30	8968	152	0	9230
24414	63	57	143	8887	0	9150
24415	53	30	9001	167	0	9251
24416	47	19	8652	60	0	8778
24417	50	81	161	8356	0	8648
24418	35	8397	64	111	0	8607
24419	8368	112	40	58	0	8578
24420	8154	51	22	40	0	8267
24421	154	8444	15	33	0	8646
24422	67	8560	20	25	0	8672
24423	8675	130	21	54	0	8880
24424	8758	57	16	29	0	8860
24425	8805	30	15	28	0	8878
24426	8811	26	23	27	0	8887
24427	175	29	14	8887	0	9105
24428	72	21	8793	117	0	9003
24429	44	8838	109	54	0	9045
24430	8743	122	46	32	0	8943
24431	126	8988	21	21	0	9156
24432	8986	116	22	24	0	9148
24433	8981	51	8	26	0	9066
24434	154	23	9007	20	0	9204
24435	60	9260	97	16	0	9433
24436	48	125	33	9240	0	9446
24437	45	38	16	9419	0	9518
24438	33	25	16	9089	0	9163
24439	9190	32	4	151	0	9377
24440	8941	16	7	73	0	9037
24441	8987	20	12	42	0	9061
24442	157	8934	11	21	0	9123
24443	8811	106	11	34	0	8962
24444	119	8872	15	28	0	9034
24445	49	98	8797	26	0	8970
24446	26	8682	86	22	0	8816
24447	85	163	97	8091	0	8436
24448	21	23	13	7978	0	8035
24449	10	16	7923	87	0	8036
24450	27	11	69	7740	0	7847
24451	19	13	19	7897	0	7948
24452	7986	9	9	89	0	8093
24453	7936	11	8	35	0	7990
24454	8036	11	10	29	0	8086
24455	89	7996	15	19	0	8119
24456	7980	61	9	18	0	8068
24457	7758	21	9	21	0	7809
24458	89	7903	9	19	0	8020
24459	40	66	6	7921	0	8033
24460	27	19	12	7985	0	8043
24461	7927	15	7	94	0	8043
24462	81	25	7794	31	0	7931
24463	31	7572	68	22	0	7693
24464	19	130	14	7326	0	7489
24465	26	7219	17	55	0	7317
24466	18	7382	11	24	0	7435
24467	7414	77	12	29	0	7532
24468	7408	28	8	28	0	7472
24469	83	14	7	7444	0	7548
24470	32	14	3	7337	0	7386
24471	25	9	5	7353	0	7392
24472	35	7	3	7274	0	7319
24473	29	10	7111	81	0	7231
24474	27	15	6772	23	0	6837
24475	21	14	70	7188	0	7293
24476	17	13	7561	73	0	7664
24477	15	7678	68	27	0	7788
24478	7782	66	21	20	0	7889
24479	7886	25	10	28	0	7949
24480	83	13	8	7949	0	8053
24481	36	14	7	8020	0	8077
24482	37	6	9	8113	0	8165
24483	14	8173	5	93	0	8285
24484	8207	70	8	57	0	8342
24485	8254	22	5	38	0	8319
24486	102	16	8167	20	0	8305
24487	43	20	84	8635	0	8782
24488	33	16	8877	118	0	9044
24489	30	10	106	9556	0	9702
24490	32	15	25	9525	0	9597
24491	37	11	11	9578	0	9637
24492	33	17	15	9887	0	9952
24493	9850	12	14	231	0	10107
24494	10163	21	16	88	0	10288
24495	10414	15	12	61	0	10502
24496	255	24	14	10301	0	10594
24497	90	21	10145	195	0	10451
24498	9983	14	173	76	0	10246
24499	203	12	55	10273	0	10543
24500	10272	14	33	212	0	10531
24501	205	5	22	10217	0	10449
24502	67	9916	15	230	0	10228
24503	38	10481	17	92	0	10628
24504	70	200	11	10493	0	10774
24505	68	60	15	10474	0	10617
24506	51	35	12	10465	0	10563
24507	31	10242	11	239	0	10523
24508	10190	164	12	104	0	10470
24509	180	10219	11	72	0	10482
24510	59	189	10226	39	0	10513
24511	52	60	163	10232	0	10507
24512	34	10540	48	206	0	10828
24513	33	181	45	10541	0	10800
24514	40	46	29	10666	0	10781
24515	26	43	10532	257	0	10858
24516	10081	33	171	117	0	10402
24517	193	10813	46	81	0	11133
24518	10908	179	36	71	0	11194
24519	11259	45	17	62	0	11383
24520	11346	47	11	48	0	11452
24521	282	39	10656	41	0	11018
24522	128	25	180	10538	0	10871
24523	79	30	51	10727	0	10887
24524	48	22	10449	258	0	10777
24525	9915	18	193	125	0	10251
24526	227	19	10479	86	0	10811
24527	62	23	10239	57	0	10381
24528	43	10317	206	55	0	10621
24529	56	181	74	10293	0	10604
24530	40	44	10343	192	0	10619
24531	9792	41	188	84	0	10105
24532	10121	28	45	57	0	10251
24533	234	18	10057	46	0	10355
24534	93	24	195	10124	0	10436
24535	67	30	10289	185	0	10571
24536	34	10368	205	73	0	10680
24537	10838	181	68	79	0	11166
24538	11107	52	50	61	0	11270
24539	11311	41	40	39	0	11431
24540	288	24	27	11179	0	11518
24541	108	21	35	11458	0	11622
24542	76	33	11202	257	0	11568
24543	11163	25	201	116	0	11505
24544	250	23	62	11319	0	11654
24545	11269	15	49	240	0	11573
24546	271	21	11224	79	0	11595
24547	89	25	11508	73	0	11695
24548	75	11	249	11260	0	11595
24549	55	21	90	11783	0	11949
24550	61	16	11628	270	0	11975
24551	11360	24	236	112	0	11732
24552	262	19	78	11418	0	11777
24553	88	11826	65	226	0	12205
24554	12038	211	56	103	0	12408
24555	246	12121	41	90	0	12498
24556	12241	235	49	77	0	12602
24557	287	64	12412	50	0	12813
24558	120	47	12110	59	0	12336
24559	92	12367	253	53	0	12765
24560	12445	224	105	63	0	12837
24561	259	63	12322	56	0	12700
24562	12093	56	236	65	0	12450
24563	276	12293	82	62	0	12713
24564	119	212	67	12498	0	12896
24565	102	61	60	12420	0	12643
24566	74	12131	62	263	0	12530
24567	12738	228	42	121	0	13129
24568	13137	75	56	87	0	13355
24569	13388	54	43	68	0	13553
24570	330	50	13216	60	0	13656
24571	146	29	254	13316	0	13745
24572	113	40	87	13470	0	13710
24573	88	42	71	13741	0	13942
24574	76	43	13453	324	0	13896
24575	74	13187	254	126	0	13641
24576	12891	232	70	100	0	13293
24577	269	66	12943	51	0	13329
24578	12704	71	250	74	0	13099
24579	278	12813	92	59	0	13242
24580	12937	241	85	53	0	13316
24581	314	89	49	12768	0	13220
24582	12966	66	52	246	0	13330
24583	314	41	48	12919	0	13322
24584	116	34	13184	277	0	13611
24585	110	111	237	13039	0	13497
24586	70	40	13072	286	0	13468
24587	12186	41	235	96	0	12558
24588	235	12385	75	94	0	12789
24589	91	192	60	11458	0	11801
24590	65	12006	47	139	0	12257
24591	12013	152	73	83	0	12321
24592	11967	38	46	69	0	12120
24593	169	11788	25	55	0	12037
24594	11721	141	39	70	0	11971
24595	11892	44	34	51	0	12021
24596	175	32	30	11728	0	11965
24597	79	30	29	11853	0	11991
24598	12129	25	31	155	0	12340
24599	12272	33	27	65	0	12397
24600	195	22	21	12096	0	12334
24601	96	22	20	12836	0	12974
24602	13116	20	22	196	0	13354
24603	200	25	12992	72	0	13289
24604	12548	19	163	85	0	12815
24605	205	23	12798	59	0	13085
24606	71	12656	184	40	0	12951
24607	97	160	54	12621	0	12932
24608	72	46	12972	148	0	13238
24609	58	13149	163	61	0	13431
24610	12984	181	65	85	0	13315
24611	183	50	12992	51	0	13276
24612	12731	41	168	48	0	12988
24613	13160	25	37	51	0	13273
24614	13336	20	44	51	0	13451
24615	234	32	29	12834	0	13129
24616	100	13029	29	158	0	13316
24617	12938	132	32	86	0	13188
24618	194	46	13081	54	0	13375
24619	12242	29	144	68	0	12483
24620	183	27	12962	37	0	13209
24621	70	12890	158	58	0	13176
24622	66	142	67	13002	0	13277
24623	69	35	42	13021	0	13167
24624	50	12864	45	177	0	13136
24625	66	156	41	13172	0	13435
24626	51	61	13254	169	0	13535
24627	55	13286	157	66	0	13564
24628	54	169	50	13157	0	13430
24629	13109	55	48	191	0	13403
24630	13591	44	34	70	0	13739
24631	231	34	35	13734	0	14034
24632	119	13966	31	184	0	14300
24633	89	176	28	14015	0	14308
24634	84	50	24	13858	0	14016
24635	60	48	13271	238	0	13617
24636	59	13299	172	102	0	13632
24637	56	182	37	13122	0	13397
24638	59	51	12929	185	0	13224
24639	44	12804	164	63	0	13075
24640	63	170	48	12892	0	13173
24641	12845	52	55	187	0	13139
24642	192	13099	32	60	0	13383
24643	89	173	20	13272	0	13554
24644	13521	54	33	210	0	13818
24645	13672	57	18	96	0	13843
24646	13682	41	22	97	0	13842
24647	13519	27	28	77	0	13651
24648	238	32	33	13357	0	13660
24649	105	33	13408	181	0	13727
24650	107	69	146	13134	0	13456
24651	61	13296	48	181	0	13586
24652	13449	157	47	92	0	13745
24653	189	59	13082	55	0	13385
24654	12681	49	142	69	0	12941
24655	197	37	12829	37	0	13100
24656	88	30	156	12723	0	12997
24657	75	31	12863	161	0	13130
24658	83	25	163	12627	0	12898
24659	53	32	12724	190	0	12999
24660	74	28	165	12593	0	12860
24661	12723	17	76	213	0	13029
24662	156	13181	53	88	0	13478
24663	88	159	47	13315	0	13609
24664	75	60	33	13321	0	13489
24665	55	56	13559	192	0	13862
24666	61	37	13027	78	0	13203
24667	12846	36	189	100	0	13171
24668	165	13067	71	52	0	13355
24669	13010	135	66	57	0	13268
24670	13148	47	40	66	0	13301
24671	182	28	43	13001	0	13254
24672	85	13300	39	141	0	13565
24673	13543	139	37	97	0	13816
24674	13724	59	27	86	0	13896
24675	13860	39	23	76	0	13998
24676	13930	39	33	61	0	14063
24677	13827	25	36	63	0	13951
24678	212	32	13567	30	0	13841
24679	13464	33	139	46	0	13682
24680	191	27	13582	39	0	13839
24681	123	26	152	13417	0	13718
24682	91	25	59	13870	0	14045
24683	73	16	13581	180	0	13850
24684	13410	27	133	103	0	13673
24685	177	28	53	13866	0	14124
24686	104	23	47	14125	0	14299
24687	85	18	35	14309	0	14447
24688	74	21	37	14188	0	14320
24689	62	23	35	14356	0	14476
24690	54	36	14301	228	0	14619
24691	57	23	154	14206	0	14440
24692	47	19	14455	205	0	14726
24693	60	27	14221	108	0	14416
24694	14381	23	229	93	0	14726
24695	14952	25	97	88	0	15162
24696	15686	16	188	84	0	15974
24697	309	17	16187	53	0	16566
24698	150	30	16165	62	0	16407
24699	87	28	16576	67	0	16758
24700	65	17013	341	66	0	17485
24701	145	302	225	16752	0	17424
24702	17464	75	92	262	0	17893
24703	279	35	44	18263	0	18621
24704	113	18562	53	287	0	19015
24705	18877	247	39	153	0	19316
24706	319	105	38	18745	0	19207
24707	147	18995	43	294	0	19479
24708	111	256	43	19241	0	19651
24709	89	111	36	19199	0	19435
24710	18796	55	39	424	0	19314
24711	313	37	44	18870	0	19264
24712	140	47	18601	365	0	19153
24713	118	37	281	18532	0	18968
24714	87	17899	145	358	0	18489
24715	56	18638	99	205	0	18998
24716	82	362	89	18163	0	18696
24717	68	165	82	18171	0	18486
24718	59	17882	65	418	0	18424
24719	84	17972	36	236	0	18328
24720	61	18346	44	175	0	18626
24721	106	441	47	17284	0	17878
24722	75	18157	43	333	0	18608
24723	17990	366	34	228	0	18618
24724	318	217	18119	128	0	18782
24725	174	136	258	17881	0	18449
24726	83	18285	128	367	0	18863
24727	18114	327	63	245	0	18749
24728	310	186	18181	172	0	18849
24729	164	18231	284	142	0	18821
24730	17825	315	148	185	0	18473
24731	280	17536	86	130	0	18032
24732	141	17864	61	119	0	18185
24733	103	422	60	17687	0	18272
24734	74	17940	46	320	0	18380
24735	17771	342	41	227	0	18381
24736	299	217	50	17734	0	18300
24737	142	174	17590	297	0	18203
24738	81	156	17481	183	0	17901
24739	82	164	319	17529	0	18094
24740	68	147	17758	312	0	18285
24741	99	138	291	17803	0	18331
24742	17347	109	145	373	0	17974
24743	279	115	17385	189	0	17968
24744	181	99	271	16980	0	17531
24745	79	16946	165	311	0	17501
24746	89	304	107	17370	0	17870
24747	102	169	85	17363	0	17719
24748	91	17132	87	382	0	17692
24749	90	314	88	17629	0	18121
24750	83	192	76	17757	0	18108
24751	64	146	17448	414	0	18072
24752	64	17256	275	239	0	17834
24753	17332	312	145	188	0	17977
24754	283	189	102	17498	0	18072
24755	148	110	17622	372	0	18252
24756	112	111	296	17551	0	18070
24757	73	100	17512	383	0	18068
24758	16808	95	322	295	0	17520
24759	304	17385	181	180	0	18050
24760	166	286	137	17675	0	18264
24761	121	172	97	18043	0	18433
24762	17321	109	112	465	0	18007
24763	291	116	99	17461	0	17967
24764	165	116	17163	438	0	17882
24765	109	108	290	16795	0	17302
24766	79	16434	163	422	0	17098
24767	82	16938	115	279	0	17414
24768	66	17248	87	249	0	17650
24769	90	430	90	17115	0	17725
24770	74	255	16751	400	0	17480
24771	81	16763	279	273	0	17396
24772	16331	363	155	213	0	17062
24773	275	16653	94	208	0	17230
24774	16653	371	97	207	0	17328
24775	16690	204	98	201	0	17193
24776	380	160	16435	161	0	17136
24777	16732	169	292	181	0	17374
24778	17425	129	158	194	0	17906
24779	16779	127	125	190	0	17221
24780	17426	112	88	177	0	17803
24781	440	115	17110	160	0	17825
24782	17062	106	319	158	0	17645
24783	17732	123	166	148	0	18169
24784	415	17873	103	126	0	18517
24785	215	387	67	17699	0	18368
24786	168	235	59	17809	0	18271
24787	129	17723	81	425	0	18358
24788	17612	374	78	233	0	18297
24789	351	17721	100	126	0	18298
24790	17350	390	76	119	0	17935
24791	17517	209	64	116	0	17906
24792	417	17559	59	99	0	18134
24793	257	333	70	17465	0	18125
24794	195	162	17620	316	0	18293
24795	155	17169	295	173	0	17792
24796	207	532	140	15827	0	16706
24797	128	16196	91	223	0	16638
24798	98	17023	53	110	0	17284
24799	177	515	71	16151	0	16914
24800	80	157	16509	289	0	17035
24801	70	15925	270	145	0	16410
24802	53	15806	139	84	0	16082
24803	14379	280	106	54	0	14819
24804	205	119	19	14616	0	14959
24805	96	63	16	14770	0	14945
24806	57	36	10	15063	0	15166
24807	30	33	14820	319	0	15202
24808	44	24	217	14920	0	15205
24809	22	15327	92	290	0	15731
24810	15833	272	36	133	0	16274
24811	294	94	21	15906	0	16315
24812	113	55	15812	298	0	16278
24813	16057	43	275	141	0	16516
24814	332	33	101	16611	0	17077
24815	133	29	17496	314	0	17972
24816	65	40	17589	138	0	17832
24817	17708	34	431	90	0	18263
24818	18562	18	160	86	0	18826
24819	18566	29	73	66	0	18734
24820	18726	33	49	60	0	18868
24821	516	37	18240	38	0	18831
24822	201	18420	322	54	0	18997
24823	18532	333	127	81	0	19073
24824	360	18480	64	47	0	18951
24825	18471	365	37	63	0	18936
24826	373	18445	35	51	0	18904
24827	193	385	42	18401	0	19021
24828	112	169	31	18559	0	18871
24829	88	70	35	18477	0	18670
24830	55	17914	49	475	0	18493
24831	70	18407	43	194	0	18714
24832	83	425	24	17797	0	18329
24833	60	17984	43	368	0	18455
24834	67	395	17865	154	0	18481
24835	87	175	351	17834	0	18447
24836	66	89	18019	375	0	18549
24837	17623	77	383	188	0	18271
24838	18055	59	159	104	0	18377
24839	500	61	17800	67	0	18428
24840	220	57	17685	65	0	18027
24841	141	71	457	17509	0	18178
24842	96	65	17751	385	0	18297
24843	102	57	405	17094	0	17658
24844	95	16142	218	392	0	16847
24845	76	414	89	17739	0	18318
24846	86	174	71	17905	0	18236
24847	79	98	53	17948	0	18178
24848	58	93	17310	542	0	18003
24849	80	75	377	17215	0	17747
24850	66	86	165	17326	0	17643
24851	89	71	97	17070	0	17327
24852	76	17151	70	479	0	17776
24853	17231	364	77	253	0	17925
24854	17377	170	78	182	0	17807
24855	17308	87	81	154	0	17630
24856	555	84	74	16912	0	17625
24857	224	85	16735	431	0	17475
24858	237	78	16592	211	0	17118
24859	103	16771	466	154	0	17494
24860	16349	371	206	165	0	17091
24861	367	16564	121	153	0	17205
24862	16651	375	105	150	0	17281
24863	393	16628	101	144	0	17266
24864	16519	401	95	155	0	17170
24865	408	17058	76	139	0	17681
24866	238	411	71	17089	0	17809
24867	140	210	16873	438	0	17661
24868	158	107	16954	245	0	17464
24869	117	111	501	16757	0	17486
24870	111	104	227	16913	0	17355
24871	113	101	132	17263	0	17609
24872	114	85	16772	563	0	17534
24873	139	84	371	16630	0	17224
24874	16364	91	187	502	0	17144
24875	16512	72	118	288	0	16990
24876	505	16104	113	173	0	16895
24877	15893	371	98	159	0	16521
24878	432	15734	79	144	0	16389
24879	15694	431	92	119	0	16336
24880	15904	221	82	125	0	16332
24881	15622	136	85	128	0	15971
24882	542	123	15323	110	0	16098
24883	267	95	15090	121	0	15573
24884	14821	84	467	155	0	15527
24885	15401	65	236	123	0	15825
24886	558	91	123	15086	0	15858
24887	300	88	107	15637	0	16132
24888	192	72	93	16055	0	16412
24889	159	89	95	16254	0	16597
24890	145	73	98	16686	0	17002
24891	16144	96	99	612	0	16951
24892	457	89	65	16184	0	16795
24893	247	109	15967	487	0	16810
24894	15584	89	361	293	0	16327
24895	16163	77	189	198	0	16627
24896	537	15728	114	170	0	16549
24897	222	15949	78	149	0	16398
24898	14657	338	73	107	0	15175
24899	293	15114	46	81	0	15534
24900	14705	308	108	73	0	15194
24901	15586	109	76	91	0	15862
24902	15709	56	41	74	0	15880
24903	485	44	44	15099	0	15672
24904	201	15124	54	325	0	15704
24905	15338	275	51	160	0	15824
24906	352	120	50	15255	0	15777
24907	193	66	37	15017	0	15313
24908	14380	36	25	397	0	14838
24909	284	14058	28	191	0	14561
24910	150	253	22	13983	0	14408
24911	14071	116	12	299	0	14498
24912	255	14248	26	158	0	14687
24913	14364	223	18	91	0	14696
24914	290	124	13298	64	0	13776
24915	13365	50	150	60	0	13625
24916	275	13553	75	42	0	13945
24917	13368	210	77	50	0	13705
24918	13308	94	10	56	0	13468
24919	295	13448	14	36	0	13793
24920	13535	203	10	45	0	13793
24921	274	13276	11	40	0	13601
24922	13692	231	8	55	0	13986
24923	288	103	11	13662	0	14064
24924	149	72	7	13701	0	13929
24925	117	31	10	13873	0	14031
24926	66	47	13333	314	0	13760
24927	91	38	189	13434	0	13752
24928	62	49	13418	248	0	13777
24929	70	44	221	13307	0	13642
24930	65	13371	83	242	0	13761
24931	63	232	44	13635	0	13974
24932	66	98	13514	266	0	13944
24933	64	65	13752	117	0	13998
24934	61	47	265	13716	0	14089
24935	13672	34	112	261	0	14079
24936	13769	36	56	134	0	13995
24937	310	13715	29	88	0	14142
24938	153	215	27	13910	0	14305
24939	79	105	14157	260	0	14601
24940	72	53	219	14245	0	14589
24941	49	43	14349	280	0	14721
24942	14025	37	253	150	0	14465
24943	276	32	98	14414	0	14820
24944	139	43	14264	250	0	14696
24945	111	37	210	14292	0	14650
24946	57	39	113	14553	0	14762
24947	77	30	14328	330	0	14765
24948	61	34	236	14375	0	14706
24949	14362	28	105	333	0	14828
24950	14614	25	65	174	0	14878
24951	332	39	47	14641	0	15059
24952	14736	31	45	299	0	15111
24953	303	37	14717	167	0	15224
24954	161	40	14565	123	0	14889
24955	14770	27	315	108	0	15220
24956	15299	20	159	89	0	15567
24957	375	24	77	15021	0	15497
24958	194	22	55	15275	0	15546
24959	116	30	14990	361	0	15497
24960	104	34	243	14538	0	14919
24961	80	14977	123	272	0	15452
24962	15246	236	83	155	0	15720
24963	16157	101	51	121	0	16430
24964	401	16115	47	75	0	16638
24965	15783	285	46	107	0	16221
24966	15891	99	47	116	0	16153
24967	416	15955	48	86	0	16505
24968	16136	302	52	99	0	16589
24969	367	16126	55	74	0	16622
24970	16308	342	42	111	0	16803
24971	407	126	16169	73	0	16775
24972	186	86	303	16191	0	16766
24973	137	45	110	16700	0	16992
24974	115	42	88	17261	0	17506
24975	17035	44	53	521	0	17653
24976	409	49	50	17579	0	18087
24977	201	46	17425	440	0	18112
24978	17559	37	344	207	0	18147
24979	431	54	133	17560	0	18178
24980	196	17120	88	415	0	17819
24981	141	17807	64	189	0	18201
24982	128	426	56	17510	0	18120
24983	124	177	57	17587	0	17945
24984	125	96	56	17764	0	18041
24985	111	48	16880	539	0	17578
24986	78	16731	340	242	0	17391
24987	16355	319	118	195	0	16987
24988	16233	125	78	155	0	16591
24989	417	15735	66	108	0	16326
24990	182	15910	52	105	0	16249
24991	203	417	92	15553	0	16265
24992	96	136	15322	351	0	15905
24993	14695	145	305	189	0	15334
24994	15148	49	108	137	0	15442
24995	374	38	73	14937	0	15422
24996	170	41	56	15025	0	15292
24997	14488	32	45	389	0	14954
24998	325	40	14253	182	0	14800
24999	13858	43	255	165	0	14321
25000	325	13947	107	96	0	14475
25001	98	225	36	12877	0	13236
25002	69	12966	31	236	0	13302
25003	13102	225	45	114	0	13486
25004	266	71	30	12895	0	13262
25005	120	51	26	12767	0	12964
25006	69	12754	37	248	0	13108
25007	12883	211	33	114	0	13241
25008	12998	69	25	81	0	13173
25009	283	44	12693	67	0	13087
25010	100	49	12218	58	0	12425
25011	12240	27	231	66	0	12564
25012	248	29	12239	52	0	12568
25013	93	39	11722	57	0	11911
25014	11617	50	267	77	0	12011
25015	227	29	12535	46	0	12837
25016	106	36	257	12566	0	12965
25017	81	19	91	12793	0	12984
25018	13346	24	70	358	0	13798
25019	326	29	13535	131	0	14021
25020	14155	30	327	114	0	14626
25021	415	28	108	14303	0	14854
25022	14369	22	77	371	0	14839
25023	14557	30	59	160	0	14806
25024	14738	13	47	116	0	14914
25025	567	18	41	14296	0	14922
25026	14484	23	46	415	0	14968
25027	563	13	33	14424	0	15033
25028	284	21	45	14628	0	14978
25029	224	20	45	14721	0	15010
25030	208	25	36	14789	0	15058
25031	14397	21	32	598	0	15048
25032	14574	21	43	303	0	14941
25033	537	14	14289	223	0	15063
25034	14508	17	359	209	0	15093
25035	14977	12	125	193	0	15307
25036	584	18	83	14495	0	15180
25037	318	14295	61	424	0	15098
25038	14638	336	55	209	0	15238
25039	548	118	66	14105	0	14837
25040	14080	70	59	441	0	14650
25041	527	13857	43	213	0	14640
25042	14186	367	36	172	0	14761
25043	518	143	33	13912	0	14606
25044	270	13676	34	446	0	14426
25045	14004	376	28	240	0	14648
25046	483	13678	48	182	0	14391
25047	246	14418	47	150	0	14861
25048	14356	479	39	168	0	15042
25049	487	213	14001	134	0	14835
25050	14302	139	357	130	0	14928
25051	567	114	134	14139	0	14954
25052	297	101	14111	403	0	14912
25053	271	79	390	13953	0	14693
25054	245	73	168	14387	0	14873
25055	237	59	14025	548	0	14869
25056	14045	51	397	289	0	14782
25057	529	43	179	14176	0	14927
25058	289	50	112	14416	0	14867
25059	234	43	89	14405	0	14771
25060	14064	43	74	701	0	14882
25061	502	64	13675	356	0	14597
25062	293	51	13759	267	0	14370
25063	209	58	414	13069	0	13750
25064	191	40	12943	470	0	13644
25065	12750	32	387	277	0	13446
25066	427	12720	214	204	0	13565
25067	12678	288	175	170	0	13311
25068	468	135	126	12284	0	13013
25069	272	12238	128	369	0	13007
25070	258	345	111	12323	0	13037
25071	207	12372	89	429	0	13097
25072	224	370	54	12547	0	13195
25073	208	180	12212	453	0	13053
25074	165	122	11720	293	0	12300
25075	134	11790	335	241	0	12500
25076	11237	298	193	196	0	11924
25077	342	164	118	11082	0	11706
25078	213	118	84	11260	0	11675
25079	11127	106	85	446	0	11764
25080	11215	91	92	252	0	11650
25081	479	74	99	11137	0	11789
25082	296	77	10893	374	0	11640
25083	214	10904	297	238	0	11653
25084	198	258	162	11051	0	11669
25085	190	137	113	11051	0	11491
25086	181	11166	73	433	0	11853
25087	11323	307	92	277	0	11999
25088	370	186	11303	191	0	12050
25089	213	130	291	11271	0	11905
25090	150	118	144	11368	0	11780
25091	127	111	11116	487	0	11841
25092	152	116	284	11349	0	11901
25093	11347	73	193	454	0	12067
25094	11401	63	164	282	0	11910
25095	11507	63	133	239	0	11942
25096	485	11177	116	200	0	11978
25097	11842	287	110	206	0	12445
25098	470	142	80	11749	0	12441
25099	296	94	87	11819	0	12296
25100	251	12500	89	430	0	13270
25101	13536	353	65	289	0	14243
25102	14254	188	84	213	0	14739
25103	14429	138	89	203	0	14859
25104	14626	115	55	213	0	15009
25105	14571	100	79	221	0	14971
25106	662	101	14059	162	0	14984
25107	14507	106	375	150	0	15138
25108	14770	68	186	141	0	15165
25109	14639	54	134	167	0	14994
25110	736	63	105	14102	0	15006
25111	454	56	98	14277	0	14885
25112	328	48	13720	547	0	14643
25113	12329	68	387	361	0	13145
25114	504	13386	192	241	0	14323
25115	280	12584	89	151	0	13104
25116	203	320	12348	144	0	13015
25117	136	12067	278	147	0	12628
25118	151	11828	141	105	0	12225
25119	219	494	173	10264	0	11150
25120	76	10536	42	175	0	10829
25121	10430	218	25	85	0	10758
25122	10375	84	27	69	0	10555
25123	272	63	29	10175	0	10539
25124	142	48	10081	191	0	10462
25125	10027	29	184	94	0	10334
25126	236	35	10139	55	0	10465
25127	124	28	10248	48	0	10448
25128	125	19	219	9880	0	10243
25129	86	18	103	10189	0	10396
25130	71	16	10182	232	0	10501
25131	59	9862	181	123	0	10225
25132	46	10463	98	76	0	10683
25133	10249	229	74	84	0	10636
25134	10379	83	36	60	0	10558
25135	246	52	10098	38	0	10434
25136	10058	23	173	45	0	10299
25137	10530	36	60	49	0	10675
25138	264	36	39	10355	0	10694
25139	146	17	35	10496	0	10694
25140	105	25	24	10560	0	10714
25141	10472	28	28	256	0	10784
25142	10625	9	16	119	0	10769
25143	10760	23	18	69	0	10870
25144	313	21	21	10573	0	10928
25145	176	25	10396	184	0	10781
25146	10375	14	156	100	0	10645
25147	10349	24	91	64	0	10528
25148	290	25	62	10092	0	10469
25149	175	10209	34	177	0	10595
25150	129	160	30	10262	0	10581
25151	85	10327	34	216	0	10662
25152	97	212	27	10163	0	10499
25153	85	10464	38	213	0	10800
25154	10354	190	32	99	0	10675
25155	232	107	30	10338	0	10707
25156	134	10297	27	180	0	10638
25157	100	190	10225	87	0	10602
25158	10085	91	184	82	0	10442
25159	224	90	74	10167	0	10555
25160	134	10087	48	183	0	10452
25161	100	190	33	9984	0	10307
25162	92	9767	31	203	0	10093
25163	89	10368	40	102	0	10599
25164	10276	196	44	101	0	10617
25165	10477	107	49	79	0	10712
25166	253	95	10416	35	0	10799
25167	10394	55	174	58	0	10681
25168	10515	44	90	53	0	10702
25169	230	10279	68	54	0	10631
25170	146	170	46	10386	0	10748
25171	109	78	39	10393	0	10619
25172	84	82	10195	209	0	10570
25173	94	65	9949	113	0	10221
25174	10208	46	198	83	0	10535
25175	10432	39	96	64	0	10631
25176	10426	30	85	62	0	10603
25177	294	21	10111	58	0	10484
25178	160	25	196	10041	0	10422
25179	10158	25	101	207	0	10491
25180	221	25	58	10173	0	10477
25181	121	33	9943	231	0	10328
25182	9731	33	169	125	0	10058
25183	218	47	10207	74	0	10546
25184	126	10016	166	83	0	10391
25185	10157	154	88	61	0	10460
25186	201	66	10044	54	0	10365
25187	135	56	188	9885	0	10264
25188	10005	30	67	166	0	10268
25189	206	29	57	10009	0	10301
25190	10127	45	34	219	0	10425
25191	215	36	23	10120	0	10394
25192	10273	30	30	248	0	10581
25193	10324	37	23	133	0	10517
25194	10337	44	24	90	0	10495
25195	10274	28	28	70	0	10400
25196	282	57	31	10118	0	10488
25197	128	41	9752	150	0	10071
25198	128	33	9717	67	0	9945
25199	94	9665	170	61	0	9990
25200	53	8938	86	45	0	9122
25201	7888	114	209	30	0	8241
25202	84	27	18	7567	0	7696
25203	28	11	7633	57	0	7729
25204	29	12	7665	21	0	7727
25205	28	35	65	7781	0	7909
25206	7790	4	21	65	0	7880
25207	51	7831	14	24	0	7920
25208	8178	53	5	29	0	8265
25209	62	17	9	8274	0	8362
25210	32	10	12	8288	0	8342
25211	19	9	12	8279	0	8319
25212	16	11	8231	67	0	8325
25213	21	7	8039	23	0	8090
25214	17	8105	69	25	0	8216
25215	10	51	26	8355	0	8442
25216	8239	20	18	67	0	8344
25217	57	11	8039	26	0	8133
25218	27	15	8182	16	0	8240
25219	28	14	71	8381	0	8494
25220	22	12	22	8528	0	8584
25221	15	6	18	8609	0	8648
25222	27	8	15	9110	0	9160
25223	9338	6	16	128	0	9488
25224	101	3	15	9544	0	9663
25225	9605	6	14	122	0	9747
25226	120	8	9754	44	0	9926
25227	49	9807	100	30	0	9986
25228	33	101	33	9903	0	10070
25229	27	33	9993	116	0	10169
25230	22	15	9913	53	0	10003
25231	20	10013	133	35	0	10201
25232	18	98	44	9772	0	9932
25233	23	29	23	9869	0	9944
25234	18	11	9869	132	0	10030
25235	9597	14	121	58	0	9790
25236	118	11	33	9935	0	10097
25237	43	13	30	9819	0	9905
25238	23	16	9954	142	0	10135
25239	18	9870	131	68	0	10087
25240	17	10751	42	46	0	10856
25241	10895	163	28	51	0	11137
25242	162	46	32	10983	0	11223
25243	11460	28	22	189	0	11699
25244	187	27	11407	64	0	11685
25245	80	14	174	11417	0	11685
25246	11428	11	67	209	0	11715
25247	11586	12	32	92	0	11722
25248	234	20	21	11452	0	11727
25249	86	11	11419	195	0	11711
25250	44	10	11498	79	0	11631
25251	44	25	213	11434	0	11716
25252	25	15	11469	204	0	11713
25253	10983	9	193	93	0	11278
25254	192	11244	69	58	0	11563
25255	11402	170	49	43	0	11664
25256	11550	50	29	67	0	11696
25257	253	22	35	11513	0	11823
25258	97	18	48	11669	0	11832
25259	11625	28	26	247	0	11926
25260	204	12	36	11644	0	11896
25261	75	31	11552	210	0	11868
25262	41	11600	190	93	0	11924
25263	54	184	70	11464	0	11772
25264	51	52	34	11515	0	11652
25265	48	34	34	11574	0	11690
25266	40	19	11287	267	0	11613
25267	59	11145	179	119	0	11502
25268	50	165	71	11406	0	11692
25269	40	52	11362	221	0	11675
25270	46	33	205	11315	0	11599
25271	11335	35	72	263	0	11705
25272	201	32	56	11507	0	11796
25273	89	38	11377	241	0	11745
25274	11295	25	204	153	0	11677
25275	214	11521	86	77	0	11898
25276	87	11885	56	91	0	12119
25277	12043	202	62	117	0	12424
25278	225	69	12228	70	0	12592
25279	124	41	192	12198	0	12555
25280	67	37	84	12539	0	12727
25281	63	34	12429	259	0	12785
25282	58	12390	216	119	0	12783
25283	73	185	93	11469	0	11820
25284	59	72	12309	234	0	12674
25285	84	43	214	12260	0	12601
25286	12282	40	96	265	0	12683
25287	225	41	12506	128	0	12900
25288	127	42	200	12579	0	12948
25289	72	31	103	12734	0	12940
25290	59	43	12395	294	0	12791
25291	76	24	210	12111	0	12421
25292	56	11145	134	259	0	11594
25293	61	187	73	11696	0	12017
25294	62	12218	73	242	0	12595
25295	12223	199	76	151	0	12649
25296	12075	71	59	142	0	12347
25297	254	41	11983	115	0	12393
25298	108	53	11739	96	0	11996
25299	84	51	11543	92	0	11770
25300	63	11562	246	96	0	11967
25301	65	176	135	11883	0	12259
25302	62	67	12036	228	0	12393
25303	88	50	214	11678	0	12030
25304	66	28	100	11791	0	11985
25305	64	46	11863	254	0	12227
25306	77	24	204	11908	0	12213
25307	51	48	107	11697	0	11903
25308	49	11559	70	265	0	11943
25309	73	162	61	11760	0	12056
25310	47	74	80	12068	0	12269
25311	58	44	11868	311	0	12281
25312	62	30	213	11794	0	12099
25313	47	42	11943	270	0	12302
25314	39	48	11758	163	0	12008
25315	11636	44	251	136	0	12067
25316	201	52	122	11609	0	11984
25317	81	11800	72	257	0	12210
25318	71	11991	72	145	0	12279
25319	75	235	99	12067	0	12476
25320	51	86	12028	262	0	12427
25321	49	11957	212	164	0	12382
25322	65	208	93	11533	0	11899
25323	39	70	11809	196	0	12114
25324	36	11835	158	104	0	12133
25325	12274	148	89	91	0	12602
25326	12274	62	63	94	0	12493
25327	12470	43	37	106	0	12656
25328	192	24	50	13213	0	13479
25329	80	31	46	13311	0	13468
25330	51	35	36	13291	0	13413
25331	31	31	13090	255	0	13407
25332	13123	32	191	147	0	13493
25333	192	29	81	13297	0	13599
25334	88	29	12988	203	0	13308
25335	13204	32	178	136	0	13550
25336	13589	25	94	97	0	13805
25337	237	102	11285	112	0	11736
25338	13260	36	117	114	0	13527
25339	177	13592	91	77	0	13937
25340	68	114	13268	45	0	13495
25341	12763	57	169	65	0	13054
25342	132	12913	67	64	0	13176
25343	33	106	36	12370	0	12545
25344	22	12475	31	107	0	12635
25345	22	117	15	12636	0	12790
25346	19	32	12666	129	0	12846
25347	11815	14	132	76	0	12037
25348	121	17	12764	40	0	12942
25349	39	12409	135	34	0	12617
25350	23	12672	46	40	0	12781
25351	12542	128	27	44	0	12741
25352	123	40	12534	18	0	12715
25353	44	28	110	12403	0	12585
25354	20	20	12573	125	0	12738
25355	16	12664	127	35	0	12842
25356	31	119	36	12095	0	12281
25357	17	12658	31	103	0	12809
25358	12910	125	24	42	0	13101
25359	13040	38	13	47	0	13138
25360	13014	22	20	37	0	13093
25361	155	21	12853	20	0	13049
25362	59	21	12493	26	0	12599
25363	12642	13	147	29	0	12831
25364	138	15	13123	14	0	13290
25365	60	14	147	12524	0	12745
25366	29	12914	49	126	0	13118
25367	13328	126	24	70	0	13548
25368	13311	33	26	44	0	13414
25369	13605	25	16	59	0	13705
25370	180	13	17	13644	0	13854
25371	54	10	22	13822	0	13908
25372	13659	13	20	196	0	13888
25373	150	13516	20	60	0	13746
25374	13505	129	20	53	0	13707
25375	161	36	16	13306	0	13519
25376	60	19	12	13387	0	13478
25377	13027	9	15	192	0	13243
25378	151	12785	22	52	0	13010
25379	12824	141	13	49	0	13027
25380	160	12843	12	27	0	13042
25381	12758	155	12	32	0	12957
25382	165	43	18	13143	0	13369
25383	13297	26	14	161	0	13498
25384	13771	19	12	67	0	13869
25385	14775	14	9	51	0	14849
25386	227	15243	9	21	0	15500
25387	81	204	14989	16	0	15290
25388	15038	54	194	36	0	15322
25389	15367	32	59	28	0	15486
25390	255	15171	27	31	0	15484
25391	119	191	23	15319	0	15652
25392	74	77	14	15479	0	15644
25393	15389	33	29	267	0	15718
25394	244	28	17	15542	0	15831
25395	112	19	15503	232	0	15866
25396	57	35	15353	80	0	15525
25397	15785	21	241	78	0	16125
25398	238	17	69	15866	0	16190
25399	110	11	39	16048	0	16208
25400	67	19	23	16208	0	16317
25401	49	12	16188	285	0	16534
25402	62	10	225	16074	0	16371
25403	72	16	72	16484	0	16644
25404	44	21	35	16632	0	16732
25405	16268	16	33	318	0	16635
25406	250	16	22	16407	0	16695
25407	79	20	16575	268	0	16942
25408	16820	14	224	141	0	17199
25409	278	22	17279	78	0	17657
25410	17531	26	259	84	0	17900
25411	17552	28	69	66	0	17715
25412	358	17	43	17984	0	18402
25413	127	18001	51	300	0	18479
25414	117	261	26	18296	0	18700
25415	91	119	51	18478	0	18739
25416	69	18534	36	370	0	19009
25417	18416	273	35	161	0	18885
25418	301	18309	33	92	0	18735
25419	18401	301	34	86	0	18822
25420	18585	95	22	100	0	18802
25421	410	50	27	18366	0	18853
25422	178	60	32	18375	0	18645
25423	99	39	17618	378	0	18134
25424	79	49	17073	156	0	17357
25425	16779	46	327	117	0	17269
25426	17047	26	118	109	0	17300
25427	362	16175	66	79	0	16682
25428	174	240	56	15708	0	16178
25429	91	70	16418	290	0	16869
25430	107	196	273	16322	0	16898
25431	16112	58	128	311	0	16609
25432	15950	29	53	150	0	16182
25433	324	15864	38	91	0	16317
25434	144	237	32	15992	0	16405
25435	93	84	35	16176	0	16388
25436	86	44	30	16181	0	16341
25437	85	50	15426	346	0	15907
25438	14576	39	238	169	0	15022
25439	15232	41	78	120	0	15471
25440	362	40	15239	96	0	15737
25441	158	15217	222	104	0	15701
25442	15258	231	99	123	0	15711
25443	15400	83	73	96	0	15652
25444	359	44	14964	100	0	15467
25445	169	41	15370	90	0	15670
25446	130	48	293	15331	0	15802
25447	93	58	15453	271	0	15875
25448	15128	40	275	134	0	15577
25449	15417	45	119	91	0	15672
25450	15623	29	85	95	0	15832
25451	357	36	83	15111	0	15587
25452	195	15805	48	252	0	16300
25453	16172	212	68	156	0	16608
25454	16078	84	74	115	0	16351
25455	349	63	15654	102	0	16168
25456	195	48	15315	102	0	15660
25457	15101	41	270	120	0	15532
25458	316	55	109	15650	0	16130
25459	177	48	15583	275	0	16083
25460	136	15527	248	141	0	16052
25461	135	220	130	15664	0	16149
25462	15554	90	89	282	0	16015
25463	308	15852	62	161	0	16383
25464	167	214	84	15729	0	16194
25465	101	15494	122	269	0	15986
25466	108	15982	80	130	0	16300
25467	146	252	65	15944	0	16407
25468	137	118	63	15936	0	16254
25469	88	15957	67	320	0	16432
25470	15971	229	74	161	0	16435
25471	277	116	15911	108	0	16412
25472	15765	84	213	135	0	16197
25473	329	51	102	16264	0	16746
25474	190	62	55	16355	0	16662
25475	121	65	69	16468	0	16723
25476	135	42	71	16358	0	16606
25477	105	54	16345	334	0	16838
25478	139	29	243	16388	0	16799
25479	130	84	126	16647	0	16987
25480	101	17087	88	326	0	17602
25481	105	227	17436	188	0	17956
25482	79	17837	268	149	0	18333
25483	102	274	18159	98	0	18633
25484	105	18220	257	116	0	18698
25485	200	335	202	16778	0	17515
25486	16695	88	57	255	0	17095
25487	232	16732	45	149	0	17158
25488	118	223	58	17127	0	17526
25489	77	110	17202	260	0	17649
25490	77	17497	242	131	0	17947
25491	17377	244	118	119	0	17858
25492	17528	117	81	108	0	17834
25493	285	17454	60	76	0	17875
25494	134	259	17126	69	0	17588
25495	16698	116	258	75	0	17147
25496	287	90	100	17460	0	17937
25497	17265	58	81	295	0	17699
25498	260	17425	60	133	0	17878
25499	124	17859	51	123	0	18157
25500	109	301	17559	76	0	18045
25501	17326	160	250	81	0	17817
25502	298	133	99	17577	0	18107
25503	17572	62	76	281	0	17991
25504	259	17687	42	116	0	18104
25505	17760	236	43	103	0	18142
25506	17599	103	48	86	0	17836
25507	313	81	17595	59	0	18048
25508	133	16828	191	55	0	17207
25509	91	17104	100	60	0	17355
25510	88	307	51	16004	0	16450
25511	51	15908	46	174	0	16179
25512	16019	211	27	81	0	16338
25513	181	16016	25	65	0	16287
25514	106	225	33	15616	0	15980
25515	70	15527	25	158	0	15780
25516	63	15298	17	77	0	15455
25517	59	15694	19	42	0	15814
25518	94	244	54	15545	0	15937
25519	71	107	18	15673	0	15869
25520	60	68	27	15583	0	15738
25521	44	15285	28	212	0	15569
25522	29	183	15157	81	0	15450
25523	46	104	14814	53	0	15017
25524	14973	74	158	61	0	15266
25525	176	67	66	15332	0	15641
25526	83	72	15452	146	0	15753
25527	55	83	15224	79	0	15441
25528	28	15878	171	72	0	16149
25529	52	197	66	15125	0	15440
25530	40	105	36	15488	0	15669
25531	15347	83	23	242	0	15695
25532	149	59	23	15463	0	15694
25533	64	52	40	15429	0	15585
25534	47	65	15610	223	0	15945
25535	58	48	156	15536	0	15798
25536	52	46	83	16046	0	16227
25537	32	53	16073	206	0	16364
25538	36	50	15972	114	0	16172
25539	29	15890	215	86	0	16220
25540	31	152	15846	71	0	16100
25541	46	90	194	15610	0	15940
25542	176	97	111	13135	0	13519
25543	28	63	15992	233	0	16316
25544	49	15836	162	139	0	16186
25545	15296	160	85	119	0	15660
25546	149	15603	59	113	0	15924
25547	71	182	59	15774	0	16086
25548	56	89	67	15886	0	16098
25549	33	15784	64	239	0	16120
25550	45	173	76	15819	0	16113
25551	44	91	80	15848	0	16063
25552	37	84	15089	230	0	15440
25553	48	14910	174	150	0	15282
25554	32	193	90	15177	0	15492
25555	48	101	15066	215	0	15430
25556	61	84	192	14984	0	15321
25557	59	92	90	15062	0	15303
25558	57	75	72	15321	0	15525
25559	71	77	45	15195	0	15388
25560	56	96	47	14978	0	15177
25561	54	15103	57	263	0	15477
25562	14986	188	40	177	0	15391
25563	163	100	14702	124	0	15089
25564	13620	93	164	145	0	14022
25565	178	76	15267	102	0	15623
25566	74	15755	195	107	0	16131
25567	60	211	15661	92	0	16024
25568	40	15880	218	116	0	16254
25569	66	238	97	15083	0	15484
25570	60	88	66	15450	0	15664
25571	41	15517	41	269	0	15868
25572	40	16159	41	169	0	16409
25573	16159	237	52	131	0	16579
25574	16517	127	41	126	0	16811
25575	16549	77	44	105	0	16775
25576	16781	69	74	92	0	17016
25577	260	104	52	16489	0	16905
25578	102	16488	59	196	0	16845
25579	16347	210	54	116	0	16727
25580	177	86	42	15826	0	16131
25581	15365	66	47	176	0	15654
25582	14923	50	31	105	0	15109
25583	153	14262	27	71	0	14513
25584	77	13781	21	45	0	13924
25585	39	14353	25	37	0	14454
25586	58	256	51	13682	0	14047
25587	30	14116	17	124	0	14287
25588	13967	95	27	81	0	14170
25589	14236	31	17	70	0	14354
25590	14153	24	12	58	0	14247
25591	14433	29	12	42	0	14516
25592	14619	22	17	44	0	14702
25593	156	11	14953	35	0	15155
25594	15055	20	146	26	0	15247
25595	187	21	15107	21	0	15336
25596	15071	15	160	38	0	15284
25597	199	18	39	15157	0	15413
25598	57	32	14515	169	0	14773
25599	40	22	15284	50	0	15396
25600	28	16146	176	31	0	16381
25601	16305	198	72	56	0	16631
25602	16887	53	32	42	0	17014
25603	249	18043	26	33	0	18351
25604	111	234	12	20332	0	20689
25605	21823	75	21	353	0	22272
25606	411	65	22187	106	0	22769
25607	145	22142	388	59	0	22734
25608	21842	396	129	88	0	22455
25609	442	22002	64	58	0	22566
25610	217	454	58	21324	0	22053
25611	88	22188	59	361	0	22696
25612	140	500	32	21601	0	22273
25613	88	21721	44	423	0	22276
25614	51	22549	42	176	0	22818
25615	21934	582	25	137	0	22678
25616	22540	238	37	119	0	22934
25617	545	162	22178	91	0	22976
25618	238	162	21783	79	0	22262
25619	176	133	22218	51	0	22578
25620	169	107	559	22172	0	23007
25621	138	143	22586	424	0	23291
25622	146	107	524	22287	0	23064
25623	135	130	239	22421	0	22925
25624	77	22415	148	599	0	23239
25625	22515	501	121	297	0	23434
25626	450	22684	114	201	0	23449
25627	234	526	80	23199	0	24039
25628	157	262	82	23437	0	23938
25629	181	167	97	23529	0	23974
25630	171	139	23079	634	0	24023
25631	146	135	525	23142	0	23948
25632	155	104	231	23510	0	24000
25633	144	99	163	23827	0	24233
25634	87	130	22808	727	0	23752
25635	75	22790	515	377	0	23757
25636	22621	529	180	327	0	23657
25637	22309	232	110	311	0	22962
25638	540	22877	108	242	0	23767
25639	271	558	93	22950	0	23872
25640	199	285	91	23564	0	24139
25641	185	181	22912	668	0	23946
25642	139	22819	499	359	0	23816
25643	158	531	205	23142	0	24036
25644	126	198	23146	669	0	24139
25645	108	188	545	22999	0	23840
25646	121	147	261	23091	0	23620
25647	121	161	22881	758	0	23921
25648	137	146	560	22763	0	23606
25649	150	175	245	22698	0	23268
25650	146	136	23016	771	0	24069
25651	141	132	547	23144	0	23964
25652	155	140	273	22718	0	23286
25653	111	117	164	23733	0	24125
25654	68	104	23088	873	0	24133
25655	87	99	590	23285	0	24061
25656	22847	101	248	842	0	24038
25657	23003	93	214	506	0	23816
25658	562	22944	222	390	0	24118
25659	23274	468	172	405	0	24319
25660	563	205	23765	343	0	24876
25661	294	126	567	24016	0	25003
25662	210	138	233	24441	0	25022
25663	184	140	163	24853	0	25340
25664	23670	111	163	832	0	24776
25665	483	23385	166	516	0	24550
25666	212	484	153	22685	0	23534
25667	129	22956	121	737	0	23943
25668	22683	488	149	457	0	23777
25669	499	22845	139	324	0	23807
25670	22646	546	125	314	0	23631
25671	561	22352	112	265	0	23290
25672	267	22453	130	269	0	23119
25673	229	632	113	22325	0	23299
25674	145	291	132	22492	0	23060
25675	168	201	128	22429	0	22926
25676	120	187	111	22405	0	22823
25677	112	175	21662	851	0	22800
25678	139	21516	452	486	0	22593
25679	110	529	185	21266	0	22090
25680	108	21506	127	713	0	22454
25681	137	552	21489	355	0	22533
25682	169	275	491	21371	0	22306
25683	130	231	199	22219	0	22779
25684	149	183	21622	739	0	22693
25685	112	21146	508	399	0	22165
25686	113	504	225	21396	0	22238
25687	87	221	21033	728	0	22069
25688	74	20951	521	486	0	22032
25689	89	520	261	20825	0	21695
25690	74	244	20622	706	0	21646
25691	110	170	20156	381	0	20817
25692	88	19820	543	267	0	20718
25693	100	21017	221	263	0	21601
25694	105	606	214	21315	0	22240
25695	117	260	180	22814	0	23371
25696	76	209	22523	722	0	23530
25697	21809	192	507	447	0	22955
25698	22372	187	259	343	0	23161
25699	605	218	21922	285	0	23030
25700	225	21101	486	277	0	22089
25701	133	21352	244	239	0	21968
25702	129	20834	143	230	0	21336
25703	221	16848	271	258	0	17598
25704	347	829	262	16500	0	17938
25705	94	121	71	18823	0	19109
25706	35	76	24	18971	0	19106
25707	35	60	15	19371	0	19481
25708	17	19485	17	631	0	20150
25709	40	415	18	19672	0	20145
25710	16	19539	31	513	0	20099
25711	38	466	10	19987	0	20501
25712	19615	179	27	565	0	20386
25713	430	120	19	19843	0	20412
25714	158	19621	19	551	0	20349
25715	105	440	24	20236	0	20805
25716	68	200	18	20657	0	20943
25717	55	132	16	20820	0	21023
25718	19915	93	16	847	0	20871
25719	455	95	15	20598	0	21163
25720	170	118	19871	704	0	20863
25721	104	20437	413	417	0	21371
25722	92	547	152	21103	0	21894
25723	100	231	99	21814	0	22244
25724	110	176	49	22098	0	22433
25725	21132	117	41	938	0	22228
25726	553	131	20524	487	0	21695
25727	246	117	466	20207	0	21036
25728	157	20317	179	715	0	21368
25729	123	545	98	20774	0	21540
25730	19739	258	66	821	0	20884
25731	508	20142	65	448	0	21163
25732	244	582	52	20398	0	21276
25733	147	266	44	20685	0	21142
25734	88	20033	57	923	0	21101
25735	118	562	39	20574	0	21293
25736	120	259	62	20950	0	21391
25737	80	193	19992	955	0	21220
25738	78	19961	500	552	0	21091
25739	19896	570	192	463	0	21121
25740	564	300	19876	333	0	21073
25741	19486	223	543	365	0	20617
25742	651	177	19804	337	0	20969
25743	297	140	596	20062	0	21095
25744	19737	167	239	852	0	20995
25745	644	160	143	20180	0	21127
25746	20086	138	117	942	0	21283
25747	20354	173	98	568	0	21193
25748	20312	185	116	434	0	21047
25749	825	19836	92	382	0	21135
25750	423	616	113	19857	0	21009
25751	300	302	110	20375	0	21087
25752	239	212	104	20496	0	21051
25753	214	143	19620	1058	0	21035
25754	205	152	594	20111	0	21062
25755	19768	131	256	965	0	21120
25756	20188	121	211	567	0	21087
25757	865	133	19507	432	0	20937
25758	19849	136	589	352	0	20926
25759	20237	135	276	360	0	21008
25760	940	141	185	19106	0	20372
25761	19086	138	126	847	0	20197
25762	19343	131	121	552	0	20147
25763	912	111	133	19049	0	20205
25764	19052	126	126	894	0	20198
25765	19294	131	130	556	0	20111
25766	963	122	130	18857	0	20072
25767	584	184	15144	868	0	16780
25768	18173	135	496	515	0	19319
25769	836	133	18482	394	0	19845
25770	514	104	18597	352	0	19567
25771	416	18146	750	390	0	19702
25772	404	529	357	18233	0	19523
25773	343	229	242	18871	0	19685
25774	421	141	145	18734	0	19441
25775	416	118	18174	1003	0	19711
25776	389	105	18266	570	0	19330
25777	373	18093	724	441	0	19631
25778	372	543	357	18041	0	19313
25779	346	242	248	18717	0	19553
25780	331	151	212	18881	0	19575
25781	310	118	18032	1009	0	19469
25782	305	17771	626	652	0	19354
25783	294	549	341	18190	0	19374
25784	318	242	18124	841	0	19525
25785	311	176	18259	511	0	19257
25786	18008	111	825	431	0	19375
25787	18267	120	474	374	0	19235
25788	18490	126	285	364	0	19265
25789	946	114	270	17618	0	18948
25790	491	123	17613	822	0	19049
25791	362	17298	627	526	0	18813
25792	312	17945	351	472	0	19080
25793	288	630	16183	371	0	17472
25794	359	568	665	14816	0	16408
25795	268	306	354	13847	0	14775
25796	229	13277	283	635	0	14424
25797	224	13802	204	381	0	14611
25798	13398	510	197	269	0	14374
25799	13684	232	181	267	0	14364
25800	13879	123	167	261	0	14430
25801	13661	111	172	238	0	14182
25802	13137	122	124	246	0	13629
25803	698	12313	162	220	0	13393
25804	255	10569	133	162	0	11119
25805	136	9065	94	100	0	9395
25806	8371	263	330	101	0	9065
25807	365	198	158	7723	0	8444
25808	108	37	41	7553	0	7739
25809	7417	28	47	221	0	7713
25810	166	7391	59	111	0	7727
25811	87	152	46	7461	0	7746
25812	73	72	60	7566	0	7771
25813	70	41	58	7604	0	7773
25814	7298	25	43	212	0	7578
25815	195	26	45	7377	0	7643
25816	105	36	7038	162	0	7341
25817	6967	34	125	71	0	7197
25818	183	50	48	7035	0	7316
25819	86	31	6981	140	0	7238
25820	85	6845	122	73	0	7125
25821	45	6537	39	54	0	6675
25822	6125	131	136	38	0	6430
25823	6022	34	48	36	0	6140
25824	88	6174	15	20	0	6297
25825	52	81	10	6475	0	6618
25826	6728	14	10	111	0	6863
25827	102	15	13	7154	0	7284
25828	51	5	11	7483	0	7550
25829	40	16	14	7542	0	7612
25830	22	18	12	7541	0	7593
25831	17	7355	15	174	0	7561
25832	18	112	15	7500	0	7645
25833	21	29	12	7568	0	7630
25834	24	25	9	7611	0	7669
25835	17	22	7350	158	0	7547
25836	18	7368	109	71	0	7566
25837	16	125	33	7437	0	7611
25838	7	34	7347	138	0	7526
25839	13	30	7012	48	0	7103
25840	15	7251	131	41	0	7438
25841	7189	123	44	39	0	7395
25842	113	34	26	7274	0	7447
25843	7244	28	11	137	0	7420
25844	125	7319	10	51	0	7505
25845	44	116	9	7389	0	7558
25846	7125	35	12	145	0	7317
25847	7260	26	13	62	0	7361
25848	144	19	10	7216	0	7389
25849	62	12	15	7203	0	7292
25850	33	16	7115	163	0	7327
25851	26	16	115	7106	0	7263
25852	23	26	32	7270	0	7351
25853	7041	10	31	172	0	7254
25854	121	7076	18	68	0	7283
25855	40	115	6934	52	0	7141
25856	6826	32	104	44	0	7006
25857	119	6970	34	35	0	7158
25858	45	113	33	6976	0	7167
25859	6957	40	15	127	0	7139
25860	123	22	10	6905	0	7060
25861	54	14	10	6969	0	7047
25862	41	15	6813	149	0	7018
25863	23	18	104	6883	0	7028
25864	6885	11	25	158	0	7079
25865	119	13	27	6915	0	7074
25866	6803	10	19	158	0	6990
25867	136	6637	11	65	0	6849
25868	47	6845	16	60	0	6968
25869	42	133	11	6876	0	7062
25870	29	49	15	6925	0	7018
25871	6683	30	13	165	0	6891
25872	125	6683	8	79	0	6895
25873	6735	112	11	65	0	6923
25874	6820	34	15	50	0	6919
25875	144	33	11	6773	0	6961
25876	6768	24	11	145	0	6948
25877	146	18	6522	60	0	6746
25878	56	15	108	6605	0	6784
25879	50	18	6664	145	0	6877
25880	36	17	122	6757	0	6932
25881	6669	24	41	163	0	6897
25882	6796	17	35	76	0	6924
25883	154	6685	17	71	0	6927
25884	78	121	10	6712	0	6921
25885	49	42	13	6769	0	6873
25886	43	6720	12	161	0	6936
25887	40	124	9	6853	0	7026
25888	30	43	11	6890	0	6974
25889	38	6715	18	162	0	6933
25890	6563	126	14	89	0	6792
25891	6634	42	12	70	0	6758
25892	158	31	16	6545	0	6750
25893	74	21	16	6611	0	6722
25894	52	30	6468	165	0	6715
25895	34	25	115	6429	0	6603
25896	37	6411	35	159	0	6642
25897	6493	113	31	83	0	6720
25898	133	33	17	6518	0	6701
25899	55	42	15	6448	0	6560
25900	6276	27	13	176	0	6492
25901	132	6276	8	87	0	6503
25902	48	118	12	6460	0	6638
25903	49	36	7	6495	0	6587
25904	30	6384	13	163	0	6590
25905	6406	117	15	96	0	6634
25906	133	42	6332	71	0	6578
25907	51	38	6380	58	0	6527
25908	51	23	127	6410	0	6611
25909	44	25	6377	140	0	6586
25910	6235	24	124	75	0	6458
25911	135	24	35	6386	0	6580
25912	48	21	6486	148	0	6703
25913	55	22	6441	72	0	6590
25914	30	6593	126	60	0	6809
25915	6516	113	49	57	0	6735
25916	123	6559	30	48	0	6760
25917	6589	128	35	41	0	6793
25918	6609	37	21	65	0	6732
25919	128	6346	18	46	0	6538
25920	6326	106	20	41	0	6493
25921	6344	31	22	41	0	6438
25922	137	38	6182	29	0	6386
25923	81	260	87	5790	0	6218
25924	42	5630	31	84	0	5787
25925	25	5468	27	30	0	5550
25926	113	173	71	4974	0	5331
25927	4747	28	36	131	0	4942
25928	55	12	10	4641	0	4718
25929	16	12	4	4825	0	4857
25930	15	6	3	4982	0	5006
25931	12	5155	6	74	0	5247
25932	17	71	6	5541	0	5635
25933	16	10	5930	88	0	6044
25934	5789	18	92	31	0	5930
25935	6220	12	20	24	0	6276
25936	123	6091	13	18	0	6245
25937	6168	94	11	8	0	6281
25938	118	18	6	6207	0	6349
25939	34	10	6174	104	0	6322
25940	6038	8	99	37	0	6182
25941	102	6250	19	17	0	6388
25942	29	89	13	6252	0	6383
25943	6445	21	9	104	0	6579
25944	102	6354	10	25	0	6491
25945	30	6525	6	15	0	6576
25946	6476	120	3	16	0	6615
25947	111	32	6282	12	0	6437
25948	6383	20	96	17	0	6516
25949	121	15	19	6401	0	6556
25950	40	12	13	6435	0	6500
25951	25	10	6343	126	0	6504
25952	23	10	6299	38	0	6370
25953	23	10	118	6411	0	6562
25954	21	10	6292	109	0	6432
25955	18	18	6319	33	0	6388
25956	29	9	113	6312	0	6463
25957	23	6	34	6443	0	6506
25958	6392	16	21	130	0	6559
25959	113	16	15	6374	0	6518
25960	6377	13	11	130	0	6531
25961	117	6403	19	42	0	6581
25962	47	102	21	6487	0	6657
25963	33	31	6657	115	0	6836
25964	6665	25	105	49	0	6844
25965	6893	12	31	29	0	6965
25966	6936	17	23	24	0	7000
25967	6887	17	16	30	0	6950
25968	6835	9	13	23	0	6880
25969	146	8	27	6679	0	6860
25970	52	15	6606	113	0	6786
25971	45	11	6546	47	0	6649
25972	29	10	6719	42	0	6800
25973	6576	8	144	31	0	6759
25974	6838	13	54	27	0	6932
25975	138	18	27	6662	0	6845
25976	51	6838	24	107	0	7020
25977	43	97	25	7021	0	7186
25978	37	25	6998	133	0	7193
25979	38	16	6865	56	0	6975
25980	6743	18	139	38	0	6938
25981	136	13	7076	31	0	7256
25982	62	14	134	7092	0	7302
25983	7295	11	44	142	0	7492
25984	7064	19	29	65	0	7177
25985	7487	8	32	39	0	7566
25986	7508	17	28	25	0	7578
25987	192	9	7265	33	0	7499
25988	7191	4	132	38	0	7365
25989	159	7312	54	23	0	7548
25990	75	131	28	7462	0	7696
25991	56	36	7437	138	0	7667
25992	49	19	142	7403	0	7613
25993	49	24	7545	145	0	7763
25994	50	18	142	7432	0	7642
25995	44	20	48	7587	0	7699
25996	44	15	7458	175	0	7692
25997	54	12	148	7469	0	7683
25998	7542	12	57	167	0	7778
25999	166	11	34	7565	0	7776
26000	64	18	46	7713	0	7841
26001	7526	13	46	181	0	7766
26002	165	7592	41	75	0	7873
26003	7678	123	39	56	0	7896
26004	161	7689	39	45	0	7934
26005	7849	127	29	58	0	8063
26006	167	41	7801	38	0	8047
26007	83	21	136	7819	0	8059
26008	57	23	45	7940	0	8065
26009	7826	19	41	183	0	8069
26010	155	7734	44	59	0	7992
26011	63	131	38	7719	0	7951
26012	61	34	32	7717	0	7844
26013	45	7192	30	412	0	7679
26014	7385	118	23	89	0	7615
26015	138	7389	31	57	0	7615
26016	65	115	26	7377	0	7583
26017	48	36	25	7252	0	7361
26018	43	7161	20	160	0	7384
26019	7173	114	25	78	0	7390
26020	148	36	7042	47	0	7273
26021	6969	24	125	54	0	7172
26022	161	7011	36	35	0	7243
26023	77	119	22	7095	0	7313
26024	7149	43	20	145	0	7357
26025	135	27	26	7174	0	7362
26026	53	25	26	7295	0	7399
26027	7283	14	28	173	0	7498
26028	149	7064	26	64	0	7303
26029	66	7247	19	44	0	7376
26030	7125	107	22	58	0	7312
26031	119	35	7038	44	0	7236
26032	55	6672	85	30	0	6842
26033	63	121	75	6409	0	6668
26034	18	24	7185	66	0	7293
26035	19	40	90	6978	0	7127
26036	7088	10	33	104	0	7235
26037	103	7183	21	37	0	7344
26038	59	105	9	6955	0	7128
26039	23	7141	10	89	0	7263
26040	7269	111	11	37	0	7428
26041	7427	37	4	30	0	7498
26042	136	7446	7	15	0	7604
26043	68	111	6	7320	0	7505
26044	29	7606	14	117	0	7766
26045	7746	125	10	37	0	7918
26046	7891	45	10	34	0	7980
26047	169	33	5	7771	0	7978
26048	78	17	4	7914	0	8013
26049	41	18	7700	164	0	7923
26050	7450	14	114	75	0	7653
26051	140	21	7680	39	0	7880
26052	57	24	138	7675	0	7894
26053	7669	10	42	147	0	7868
26054	143	7847	31	52	0	8073
26055	7597	136	17	51	0	7801
26056	159	53	7241	35	0	7488
26057	7566	43	103	34	0	7746
26058	164	7817	33	32	0	8046
26059	7911	132	24	30	0	8097
26060	162	8037	18	33	0	8250
26061	71	138	10	7977	0	8196
26062	48	57	7814	129	0	8048
26063	43	48	7549	60	0	7700
26064	38	25	165	7626	0	7854
26065	40	23	7724	147	0	7934
26066	43	24	149	7659	0	7875
26067	39	26	54	7711	0	7830
26068	31	27	7844	172	0	8074
26069	7100	28	139	96	0	7363
26070	7826	20	53	55	0	7954
26071	177	7705	36	34	0	7952
26072	7737	127	38	41	0	7943
26073	167	46	28	7714	0	7955
26074	58	37	7922	148	0	8165
26075	57	26	134	7900	0	8117
26076	31	23	64	7994	0	8112
26077	7791	17	44	190	0	8042
26078	131	7666	26	90	0	7913
26079	50	7804	23	52	0	7929
26080	62	140	21	7828	0	8051
26081	37	62	23	7753	0	7875
26082	27	7636	18	162	0	7843
26083	40	118	20	7622	0	7800
26084	26	46	17	7609	0	7698
26085	33	7459	18	170	0	7680
26086	7457	110	16	86	0	7669
26087	134	49	22	7408	0	7613
26088	52	7454	18	141	0	7665
26089	50	122	18	7505	0	7695
26090	7413	54	20	147	0	7634
26091	118	7450	14	82	0	7664
26092	7581	122	13	65	0	7781
26093	7613	72	15	50	0	7750
26094	166	44	8	7684	0	7902
26095	7898	33	11	152	0	8094
26096	7992	36	10	76	0	8114
26097	8019	31	9	73	0	8132
26098	8025	30	15	44	0	8114
26099	194	22	12	7994	0	8222
26100	87	30	17	8073	0	8207
26101	62	29	7945	168	0	8204
26102	58	23	116	8017	0	8214
26103	50	20	40	8095	0	8205
26104	42	30	7927	187	0	8186
26105	7806	19	133	105	0	8063
26106	165	23	39	8065	0	8292
26107	83	24	8184	159	0	8450
26108	7998	19	135	91	0	8243
26109	183	27	8832	67	0	9109
26110	91	8947	159	114	0	9311
26111	72	9459	62	68	0	9661
26112	56	175	47	9985	0	10263
26113	54	72	10896	205	0	11227
26114	10998	39	196	102	0	11335
26115	11679	29	66	90	0	11864
26116	275	23	11478	63	0	11839
26117	11575	24	219	69	0	11887
26118	11802	20	90	61	0	11973
26119	274	11672	68	46	0	12060
26120	11799	194	46	61	0	12100
26121	261	69	44	11712	0	12086
26122	104	54	11762	226	0	12146
26123	108	39	205	11323	0	11675
26124	59	11742	83	228	0	12112
26125	57	12160	65	92	0	12374
26126	12042	245	51	72	0	12410
26127	12054	105	44	53	0	12256
26128	12070	68	38	51	0	12227
26129	317	49	41	11826	0	12233
26130	158	66	55	11596	0	11875
26131	108	11528	63	263	0	11962
26132	11511	206	47	142	0	11906
26133	270	11691	54	104	0	12119
26134	10803	167	48	66	0	11084
26135	240	10830	55	50	0	11175
26136	10896	166	66	37	0	11165
26137	10723	67	40	58	0	10888
26138	275	91	46	10581	0	10993
26139	146	10887	38	159	0	11230
26140	138	166	10414	75	0	10793
26141	10269	96	126	89	0	10580
26142	202	10178	53	69	0	10502
26143	92	159	10386	80	0	10717
26144	78	81	10436	58	0	10653
26145	85	101	137	10122	0	10445
26146	89	74	38	9978	0	10179
26147	86	10379	20	142	0	10627
26148	10728	152	10	74	0	10964
26149	215	77	11	10639	0	10942
26150	118	10798	17	154	0	11087
26151	94	11399	15	80	0	11588
26152	84	178	11164	67	0	11493
26153	87	110	11085	34	0	11316
26154	10977	90	137	39	0	11243
26155	198	77	11225	29	0	11529
26156	113	79	132	11079	0	11403
26157	106	67	56	11396	0	11625
26158	92	62	11309	163	0	11626
26159	101	49	131	11125	0	11406
26160	89	66	66	10644	0	10865
26161	11150	64	65	182	0	11461
26162	11406	53	75	79	0	11613
26163	190	70	60	11195	0	11515
26164	87	11025	74	147	0	11333
26165	56	11641	74	73	0	11844
26166	11699	156	83	86	0	12024
26167	151	76	11629	91	0	11947
26168	83	69	142	11641	0	11935
26169	11975	84	65	173	0	12297
26170	12105	69	58	97	0	12329
26171	198	63	63	12078	0	12402
26172	82	75	12053	176	0	12386
26173	96	77	11311	94	0	11578
26174	11388	50	217	80	0	11735
26175	11910	30	120	85	0	12145
26176	215	11765	95	86	0	12161
26177	105	12189	103	102	0	12499
26178	12460	150	66	123	0	12799
26179	12635	68	62	138	0	12903
26180	234	61	56	12801	0	13152
26181	145	56	68	12955	0	13224
26182	141	40	48	13084	0	13313
26183	12940	55	54	218	0	13267
26184	254	66	39	12951	0	13310
26185	152	84	12994	185	0	13415
26186	12922	82	163	97	0	13264
26187	236	68	69	13189	0	13562
26188	163	74	13233	178	0	13648
26189	12983	63	178	122	0	13346
26190	12463	60	82	136	0	12741
26191	231	13585	60	106	0	13982
26192	167	13981	76	66	0	14290
26193	150	186	13270	91	0	13697
26194	13725	95	151	103	0	14074
26195	247	14058	75	72	0	14452
26196	166	208	13439	74	0	13887
26197	13690	97	131	88	0	14006
26198	259	14580	43	105	0	14987
26199	138	201	14467	96	0	14902
26200	14096	88	161	104	0	14449
26201	241	14508	73	109	0	14931
26202	150	157	53	14515	0	14875
26203	14489	76	48	239	0	14852
26204	201	14503	61	139	0	14904
26205	121	189	67	14484	0	14861
26206	14459	50	61	225	0	14795
26207	199	41	14355	97	0	14692
26208	94	14114	158	70	0	14436
26209	100	138	13836	64	0	14138
26210	76	144	156	13341	0	13717
26211	68	48	13341	111	0	13568
26212	50	12632	109	42	0	12833
26213	20	11936	46	12	0	12014
26214	39	100	37	11666	0	11842
26215	18	12	4	11240	0	11274
26216	23	5	14	11349	0	11391
26217	13	16	11681	78	0	11788
26218	20	7	63	11721	0	11811
26219	11727	7	17	93	0	11844
26220	11605	6	6	41	0	11658
26221	83	4	11901	16	0	12004
26222	23	11821	65	13	0	11922
26223	11818	66	15	33	0	11932
26224	76	11750	11	11	0	11848
26225	11796	66	8	30	0	11900
26226	11854	13	15	29	0	11911
26227	88	13	11747	12	0	11860
26228	30	11927	61	14	0	12032
26229	22	70	15	12059	0	12166
26230	15	20	12086	63	0	12184
26231	11600	18	73	35	0	11726
26232	86	21	17	11983	0	12107
26233	25	14	11829	64	0	11932
26234	11586	14	66	39	0	11705
26235	83	13	12185	10	0	12291
26236	49	8	76	12300	0	12433
26237	12527	5	22	115	0	12669
26238	91	12849	16	25	0	12981
26239	32	93	13174	19	0	13318
26240	13078	24	92	37	0	13231
26241	14045	12	31	31	0	14119
26242	138	14315	17	33	0	14503
26243	62	111	19	14441	0	14633
26244	45	43	10	14388	0	14486
26245	14250	25	16	178	0	14469
26246	145	12	16	14355	0	14528
26247	67	20	14413	131	0	14631
26248	48	22	115	14229	0	14414
26249	14211	11	47	182	0	14451
26250	133	14059	27	59	0	14278
26251	55	122	18	13753	0	13948
26252	35	14028	11	134	0	14208
26253	14275	149	13	79	0	14516
26254	166	53	11	15155	0	15385
26255	83	27	16	15597	0	15723
26256	30	15644	13	256	0	15943
26257	41	185	15404	85	0	15715
26258	60	74	174	15312	0	15620
26259	40	42	63	15676	0	15821
26260	38	25	33	15590	0	15686
26261	31	15376	22	268	0	15697
26262	18	202	15478	107	0	15805
26263	33	71	15485	60	0	15649
26264	15508	34	245	81	0	15868
26265	15797	21	91	63	0	15972
26266	278	39	15789	27	0	16133
26267	15576	20	222	60	0	15878
26268	242	23	16163	42	0	16470
26269	15724	29	229	52	0	16034
26270	235	16105	96	91	0	16527
26271	16400	210	56	53	0	16719
26272	268	83	16543	42	0	16936
26273	101	45	16764	35	0	16945
26274	86	22	306	17673	0	18087
26275	18104	28	104	352	0	18588
26276	344	19032	72	123	0	19571
26277	135	377	20686	54	0	21252
26278	115	109	490	21180	0	21894
26279	81	42	148	22033	0	22304
26280	21521	31	68	627	0	22247
26281	21824	33	48	205	0	22110
26282	655	30	58	21494	0	22237
26283	21593	35	56	566	0	22250
26284	596	39	21118	174	0	21927
26285	251	32	498	20970	0	21751
26286	139	30	158	21781	0	22108
26287	21396	33	89	678	0	22196
26288	21574	31	62	238	0	21905
26289	682	35	54	21269	0	22040
26290	21279	41	58	602	0	21980
26291	615	38	20546	214	0	21413
26292	208	20453	511	153	0	21325
26293	142	484	20535	126	0	21287
26294	150	222	527	20658	0	21557
26295	20304	57	179	593	0	21133
26296	555	20114	98	213	0	20980
26297	227	484	86	20145	0	20942
26298	162	136	75	19894	0	20267
26299	112	19566	79	666	0	20423
26300	120	511	57	20074	0	20762
26301	158	156	83	20248	0	20645
26302	137	103	60	20425	0	20725
26303	147	59	65	20330	0	20601
26304	128	46	88	20038	0	20300
26305	105	19280	80	768	0	20233
26306	124	499	68	19706	0	20397
26307	142	152	73	19883	0	20250
26308	113	97	19040	759	0	20009
26309	120	18967	500	325	0	19912
26310	123	518	154	19237	0	20032
26311	138	165	94	19519	0	19916
26312	140	98	75	19383	0	19696
26313	96	18759	78	792	0	19725
26314	143	504	18728	365	0	19740
26315	139	165	513	19213	0	20030
26316	115	113	18992	720	0	19940
26317	99	84	18894	345	0	19422
26318	103	88	610	18920	0	19721
26319	18938	85	228	707	0	19958
26320	570	79	117	19114	0	19880
26321	228	75	94	19078	0	19475
26322	138	18843	111	749	0	19841
26323	130	535	90	19497	0	20252
26324	121	165	121	19890	0	20297
26325	106	111	19463	824	0	20504
26326	105	19318	532	415	0	20370
26327	108	536	193	19773	0	20610
26328	19173	174	145	755	0	20247
26329	552	119	19137	381	0	20189
26330	213	95	562	19321	0	20191
26331	142	106	208	19778	0	20234
26332	19061	77	139	854	0	20131
26333	546	18969	117	424	0	20056
26334	18748	515	90	367	0	19720
26335	550	18614	87	325	0	19576
26336	215	556	72	18687	0	19530
26337	18275	211	79	745	0	19310
26338	531	132	17923	390	0	18976
26339	214	17431	526	312	0	18483
26340	132	17750	231	310	0	18423
26341	16717	582	153	301	0	17753
26342	543	185	139	16396	0	17263
26343	197	16028	121	628	0	16974
26344	141	16681	100	367	0	17289
26345	170	538	78	16647	0	17433
26346	170	221	64	16947	0	17402
26347	16197	148	94	760	0	17199
26348	523	16164	87	374	0	17148
26349	197	548	133	16251	0	17129
26350	174	209	15889	649	0	16921
26351	129	15891	509	332	0	16861
26352	137	496	15674	298	0	16605
26353	127	15552	509	255	0	16443
26354	230	578	273	14613	0	15694
26355	121	164	90	14559	0	14934
26356	99	14228	98	616	0	15041
26357	100	464	14193	273	0	15030
26358	14151	173	419	248	0	14991
26359	441	165	120	14774	0	15500
26360	152	117	104	15176	0	15549
26361	108	143	14688	631	0	15570
26362	100	146	425	14853	0	15524
26363	83	141	14763	596	0	15583
26364	89	154	412	14895	0	15550
26365	78	131	15089	571	0	15869
26366	53	15189	433	317	0	15992
26367	64	478	15554	276	0	16372
26368	97	201	413	15651	0	16362
26369	15437	118	141	636	0	16332
26370	420	15246	93	311	0	16070
26371	148	525	114	15252	0	16039
26372	127	181	14879	547	0	15734
26373	81	14894	433	303	0	15711
26374	109	487	144	13754	0	14494
26375	71	154	13712	387	0	14324
26376	33	12394	259	140	0	12826
26377	10106	300	215	171	0	10792
26378	9478	54	75	65	0	9672
26379	128	24	23	9485	0	9660
26380	9506	20	19	125	0	9670
26381	120	14	20	9450	0	9604
26382	33	19	12	9608	0	9672
26383	33	16	9833	121	0	10003
26384	35	23	92	9646	0	9796
26385	23	11	27	9886	0	9947
26386	9721	14	24	148	0	9907
26387	9614	12	19	69	0	9714
26388	118	9649	12	45	0	9824
26389	36	94	9698	29	0	9857
26390	31	45	96	9635	0	9807
26391	19	20	9525	108	0	9672
26392	8912	15	104	56	0	9087
26393	105	18	9297	26	0	9446
26394	47	14	90	9003	0	9154
26395	16	9114	37	92	0	9259
26396	23	95	20	9186	0	9324
26397	14	24	21	9161	0	9220
26398	14	19	9316	126	0	9475
26399	21	13	92	9254	0	9380
26400	9251	9	27	127	0	9414
26401	9265	9	20	54	0	9348
26402	9293	13	14	42	0	9362
26403	9309	8	13	51	0	9381
26404	118	9052	16	41	0	9227
26405	39	9107	18	32	0	9196
26406	69	103	22	8579	0	8773
26407	29	27	19	9077	0	9152
26408	28	8725	16	123	0	8892
26409	31	88	14	9175	0	9308
26410	18	34	1	9259	0	9312
26411	17	21	20	9193	0	9251
26412	16	21	15	9193	0	9245
26413	18	10	19	9277	0	9324
26414	9060	12	21	147	0	9240
26415	99	8902	12	72	0	9085
26416	46	88	8768	40	0	8942
26417	39	29	88	8757	0	8913
26418	19	27	30	8920	0	8996
26419	20	19	29	8784	0	8852
26420	8722	20	23	164	0	8929
26421	102	9438	18	69	0	9627
26422	49	164	26	9528	0	9767
26423	31	9848	19	226	0	10124
26424	52	231	16	9745	0	10044
26425	31	9689	22	246	0	9988
26426	31	248	10326	109	0	10714
26427	34	90	271	10984	0	11379
26428	25	48	12888	339	0	13300
26429	49	32	397	13023	0	13501
26430	55	23	123	14242	0	14443
26431	14038	34	81	573	0	14726
26432	14280	24	46	246	0	14596
26433	14572	25	34	167	0	14798
26434	14556	32	25	106	0	14719
26435	14604	33	35	96	0	14768
26436	643	25	32	13795	0	14495
26437	226	13944	57	483	0	14710
26438	183	443	30	14012	0	14668
26439	98	135	13524	561	0	14318
26440	13622	90	420	234	0	14366
26441	14329	64	127	156	0	14676
26442	630	19	86	13926	0	14661
26443	266	33	49	13969	0	14317
26444	180	13405	44	594	0	14223
26445	121	408	38	13928	0	14495
26446	100	131	41	14005	0	14277
26447	103	13513	31	617	0	14264
26448	108	434	52	13916	0	14510
26449	13006	125	38	650	0	13819
26450	488	110	13298	241	0	14137
26451	13214	76	422	210	0	13922
26452	528	60	13306	171	0	14065
26453	200	67	486	13225	0	13978
26454	172	51	153	13213	0	13589
26455	101	12779	112	619	0	13611
26456	96	13477	70	266	0	13909
26457	114	555	50	12855	0	13574
26458	106	195	12867	547	0	13715
26459	12461	109	452	249	0	13271
26460	495	71	153	12615	0	13334
26461	169	12427	130	562	0	13288
26462	158	444	60	12706	0	13368
26463	127	171	46	12709	0	13053
26464	118	12159	43	634	0	12954
26465	132	470	40	11836	0	12478
26466	91	140	11042	554	0	11827
26467	86	102	10903	212	0	11303
26468	96	115	439	10209	0	10859
26469	47	10499	166	433	0	11145
26470	60	412	109	10633	0	11214
26471	10535	134	62	510	0	11241
26472	10860	96	44	228	0	11228
26473	10481	72	44	165	0	10762
26474	508	10155	45	153	0	10861
26475	197	376	10087	118	0	10778
26476	10056	152	386	112	0	10706
26477	10404	108	122	142	0	10776
26478	486	10056	89	127	0	10758
26479	211	398	64	10086	0	10759
26480	10145	136	57	462	0	10800
26481	10341	96	50	196	0	10683
26482	10493	59	68	136	0	10756
26483	624	64	52	9698	0	10438
26484	9947	50	76	458	0	10531
26485	557	64	52	9823	0	10496
26486	269	36	43	10168	0	10516
26487	9833	89	31	575	0	10528
26488	497	74	46	9842	0	10459
26489	9776	75	47	572	0	10470
26490	558	51	66	9797	0	10472
26491	284	61	52	10148	0	10545
26492	9725	60	39	673	0	10497
26493	539	73	9452	343	0	10407
26494	292	60	372	9879	0	10603
26495	256	48	138	10112	0	10554
26496	223	45	104	9996	0	10368
26497	188	66	58	10192	0	10504
26498	187	58	64	9840	0	10149
26499	144	9324	75	710	0	10253
26500	161	385	61	9691	0	10298
26501	189	152	9325	597	0	10263
26502	173	111	411	9681	0	10376
26503	194	66	133	9927	0	10320
26504	180	74	100	10142	0	10496
26505	149	73	9492	741	0	10455
26506	113	98	9572	397	0	10180
26507	9414	102	490	297	0	10303
26508	9699	87	208	251	0	10245
26509	567	9671	127	238	0	10603
26510	277	435	99	10084	0	10895
26511	179	166	57	10615	0	11017
26512	140	121	76	10766	0	11103
26513	10276	86	89	717	0	11168
26514	10666	57	98	381	0	11202
26515	556	66	96	10511	0	11229
26516	267	103	68	10745	0	11183
26517	184	72	45	10867	0	11168
26518	127	104	67	10871	0	11169
26519	10212	85	87	744	0	11128
26520	459	60	9872	407	0	10798
26521	181	8494	350	277	0	9302
26522	150	8629	97	208	0	9084
26523	8140	293	99	204	0	8736
26524	344	348	86	7890	0	8668
26525	127	111	7880	387	0	8505
26526	105	71	7111	199	0	7486
26527	67	7050	231	190	0	7538
26528	5112	77	166	61	0	5416
26529	89	23	5002	38	0	5152
26530	4049	36	73	25	0	4183
26531	39	4	18	4167	0	4228
26532	11	3	4	4219	0	4237
26533	8	4109	4	52	0	4173
26534	11	4227	4	21	0	4263
26535	4303	26	6	21	0	4356
26536	4321	11	7	11	0	4350
26537	35	4284	4	11	0	4334
26538	15	18	4212	12	0	4257
26539	8	11	4222	10	0	4251
26540	6	4	30	4320	0	4360
26541	4460	2	17	23	0	4502
26542	21	4402	11	20	0	4454
26543	13	17	2	4635	0	4667
26544	4673	8	3	28	0	4712
26545	27	5	8	4736	0	4776
26546	12	2	2	4889	0	4905
26547	4854	1	2	50	0	4907
26548	25	4878	4	20	0	4927
26549	14	5142	2	13	0	5171
26550	16	32	5261	12	0	5321
26551	12	16	25	5398	0	5451
26552	13	7	9	5362	0	5391
26553	4	4	5499	37	0	5544
26554	4983	6	32	39	0	5060
26555	5217	5	14	20	0	5256
26556	41	2	5499	13	0	5555
26557	4900	6	28	21	0	4955
26558	40	5	5699	6	0	5750
26559	15	5923	32	10	0	5980
26560	14	29	12	6281	0	6336
26561	9	10	9	6402	0	6430
26562	6409	6	4	47	0	6466
26563	6329	6	5	24	0	6364
26564	6343	12	5	22	0	6382
26565	6412	3	5	16	0	6436
26566	6399	1	4	20	0	6424
26567	43	3	6178	16	0	6240
26568	22	6283	31	13	0	6349
26569	17	32	10	6383	0	6442
26570	12	6334	9	29	0	6384
26571	11	6422	7	11	0	6451
26572	14	32	11	6422	0	6479
26573	8	16	5	6465	0	6494
26574	9	16	6352	36	0	6413
26575	6003	6	22	25	0	6056
26576	6344	8	13	19	0	6384
26577	34	6241	13	7	0	6295
26578	6342	20	13	14	0	6389
26579	6488	11	7	19	0	6525
26580	34	17	6	6485	0	6542
26581	20	9	6685	21	0	6735
26582	17	11	6571	11	0	6610
26583	6718	4	24	16	0	6762
26584	6797	3	9	13	0	6822
26585	23	6702	10	10	0	6745
26586	13	6937	8	8	0	6966
26587	13	24	2	7252	0	7291
26588	7274	10	6	39	0	7329
26589	30	7	7293	10	0	7340
26590	17	5	22	7440	0	7484
26591	7639	5	6	38	0	7688
26592	7661	5	9	17	0	7692
26593	40	3	4	7852	0	7899
26594	7857	1	6	45	0	7909
26595	37	11	7592	11	0	7651
26596	14	10	7963	12	0	7999
26597	31	5	26	7915	0	7977
26598	12	6	12	8342	0	8372
26599	15	6	8	8334	0	8363
26600	9	8139	13	38	0	8199
26601	13	8341	6	17	0	8377
26602	13	26	5	8451	0	8495
26603	8496	11	8	46	0	8561
26604	33	7	5	8592	0	8637
26605	23	6	6	8620	0	8655
26606	13	8512	11	37	0	8573
26607	8	8791	8	24	0	8831
26608	9	31	6	8858	0	8904
26609	12	17	7	8573	0	8609
26610	8429	10	4	47	0	8490
26611	27	8291	4	28	0	8350
26612	8382	31	5	19	0	8437
26613	36	15	1	8447	0	8499
26614	16	13	8283	36	0	8348
26615	16	16	8100	17	0	8149
26616	8428	9	38	25	0	8500
26617	44	7	14	8757	0	8822
26618	22	5	9	8761	0	8797
26619	16	6	5	8837	0	8864
26620	10	8	8919	38	0	8975
26621	13	11	25	9016	0	9065
26622	9	8992	15	45	0	9061
26623	6	25	10	9356	0	9397
26624	14	9	7	9330	0	9360
26625	11	9444	7	44	0	9506
26626	15	33	6	9704	0	9758
26627	9554	16	2	71	0	9643
26628	54	9548	15	21	0	9638
26629	10006	61	10	31	0	10108
26630	10117	13	3	29	0	10162
26631	94	7	6	10114	0	10221
26632	40	9	3	10056	0	10108
26633	23	5	3	10231	0	10262
26634	18	10	9944	105	0	10077
26635	14	9716	66	57	0	9853
26636	15	10019	17	27	0	10078
26637	19	84	7	9938	0	10048
26638	9843	23	5	100	0	9971
26639	76	23	6	9797	0	9902
26640	23	19	9898	100	0	10040
26641	25	9684	67	46	0	9822
26642	8	9921	23	28	0	9980
26643	9857	89	17	25	0	9988
26644	9981	28	7	33	0	10049
26645	86	10387	6	47	0	10526
26646	10650	70	5	42	0	10767
26647	88	26	10481	30	0	10625
26648	29	29	10248	13	0	10319
26649	10568	27	101	21	0	10717
26650	10825	24	28	20	0	10897
26651	129	11	11	10766	0	10917
26652	10777	10	10	117	0	10914
26653	113	20	10783	36	0	10952
26654	48	6	11243	17	0	11314
26655	63	24	140	12199	0	12426
26656	25	14	36	13784	0	13859
26657	46	9	17	14393	0	14465
26658	69	10	18	14324	0	14421
26659	42	13	12	15460	0	15527
26660	32	19	15039	371	0	15461
26661	37	18	258	15026	0	15339
26662	15019	9	94	385	0	15507
26663	280	6	47	15181	0	15514
26664	15071	9	36	406	0	15522
26665	319	10	26	15214	0	15569
26666	15401	12	30	415	0	15858
26667	15908	12	29	221	0	16170
26668	375	14	46	15786	0	16221
26669	151	11	37	16090	0	16289
26670	15787	10	33	425	0	16255
26671	15862	11	20	231	0	16124
26672	414	20	15719	176	0	16329
26673	222	11	257	15945	0	16435
26674	183	11	60	16363	0	16617
26675	16124	11	56	430	0	16621
26676	16392	12	36	208	0	16648
26677	404	16	31	16355	0	16806
26678	225	16	36	16548	0	16825
26679	181	12	27	16510	0	16730
26680	156	23	46	16318	0	16543
26681	115	15359	45	496	0	16015
26682	91	15827	36	274	0	16228
26683	103	289	35	15834	0	16261
26684	112	15701	37	413	0	16263
26685	115	301	24	16023	0	16463
26686	76	96	15598	475	0	16245
26687	71	106	15193	264	0	15634
26688	53	15730	283	252	0	16318
26689	80	328	113	15665	0	16186
26690	58	141	15607	408	0	16214
26691	66	110	291	15419	0	15886
26692	65	93	105	15931	0	16194
26693	15428	64	103	489	0	16084
26694	335	74	88	15805	0	16302
26695	120	60	15911	458	0	16549
26696	138	65	15729	208	0	16140
26697	104	15512	372	226	0	16214
26698	104	16603	157	199	0	17063
26699	16792	311	117	210	0	17430
26700	356	100	17652	206	0	18314
26701	185	71	336	17701	0	18293
26702	17886	47	117	452	0	18502
26703	17906	46	130	226	0	18308
26704	383	17921	123	206	0	18633
26705	236	298	88	17743	0	18365
26706	152	109	87	18639	0	18987
26707	166	108	53	18492	0	18819
26708	18228	67	63	508	0	18866
26709	372	55	17893	279	0	18599
26710	155	18293	307	259	0	19014
26711	176	306	91	18332	0	18905
26712	150	115	79	18855	0	19199
26713	114	114	18403	496	0	19127
26714	121	81	296	18310	0	18808
26715	87	66	102	18885	0	19140
26716	116	68	100	18799	0	19083
26717	116	60	95	18742	0	19013
26718	79	94	18187	571	0	18931
26719	78	74	346	18330	0	18828
26720	59	62	18311	595	0	19027
26721	62	18140	387	345	0	18934
26722	81	275	155	18519	0	19030
26723	91	94	138	18825	0	19148
26724	84	70	18258	598	0	19010
26725	92	17882	315	393	0	18682
26726	117	327	153	18011	0	18608
26727	98	92	17909	485	0	18584
26728	100	17658	325	289	0	18372
26729	110	288	130	17736	0	18264
26730	109	108	17726	430	0	18373
26731	130	115	298	17593	0	18136
26732	106	80	140	17565	0	17891
26733	100	73	141	18172	0	18486
26734	17797	95	94	487	0	18473
26735	290	17668	83	303	0	18344
26736	17825	270	94	280	0	18469
26737	334	90	17837	255	0	18516
26738	18198	98	281	295	0	18872
26739	19237	65	119	272	0	19693
26740	370	58	97	19182	0	19707
26741	19387	81	73	479	0	20020
26742	19620	80	57	297	0	20054
26743	19911	68	76	271	0	20326
26744	407	85	59	19792	0	20343
26745	229	75	67	19452	0	19823
26746	154	66	18666	416	0	19302
26747	153	66	17678	234	0	18131
26748	18125	62	272	249	0	18708
26749	303	149	144	18437	0	19033
26750	133	18508	134	343	0	19118
26751	18629	211	114	242	0	19196
26752	271	18357	96	225	0	18949
26753	128	18410	98	207	0	18843
26754	196	290	17565	221	0	18272
26755	103	120	17521	115	0	17859
26756	152	403	259	16789	0	17603
26757	62	40	17602	157	0	17861
26758	43	46	16179	61	0	16329
26759	15523	8	54	67	0	15652
26760	16221	7	21	38	0	16287
26761	47	11	11	16401	0	16470
26762	38	5	9	16541	0	16593
26763	10	21	16862	34	0	16927
26764	9	16868	32	23	0	16932
26765	34	32	12	16932	0	17010
26766	17525	12	9	87	0	17633
26767	41	4	4	17553	0	17602
26768	13	17643	9	46	0	17711
26769	24	37	17520	21	0	17602
26770	9	17942	48	19	0	18018
26771	18170	38	11	51	0	18270
26772	17792	13	5	47	0	17857
26773	63	9	7	17801	0	17880
26774	24	7	18072	44	0	18147
26775	22	19	16912	20	0	16973
26776	12	17896	63	21	0	17992
26777	41	50	28	17334	0	17453
26778	22	19	16	18158	0	18215
26779	22	17	17978	63	0	18080
26780	35	11	47	17721	0	17814
26781	9	18471	26	71	0	18577
26782	25	71	17	18827	0	18940
26783	25	34	10	18861	0	18930
26784	14	15	18760	108	0	18897
26785	37	11	75	18365	0	18488
26786	18552	7	48	126	0	18733
26787	84	12	18572	42	0	18710
26788	54	14	18132	24	0	18224
26789	24	18841	135	20	0	19020
26790	33	95	58	19329	0	19515
26791	33	46	30	20087	0	20196
26792	10	20	19816	176	0	20022
26793	18880	15	143	112	0	19150
26794	151	10	75	19882	0	20118
26795	69	16	19649	158	0	19892
26796	57	11	148	18989	0	19205
26797	19	14	19643	172	0	19848
26798	19	20	18764	88	0	18891
26799	15	19032	204	50	0	19301
26800	29	131	91	18164	0	18415
26801	10	18528	56	145	0	18739
26802	18297	151	37	113	0	18598
26803	151	86	18316	47	0	18600
26804	59	18073	155	38	0	18325
26805	39	147	83	18201	0	18470
26806	18068	75	44	178	0	18365
26807	124	18052	42	85	0	18303
26808	82	160	25	18270	0	18537
26809	58	74	27	18304	0	18463
26810	18	18391	33	195	0	18637
26811	18574	180	20	148	0	18922
26812	185	77	27	20433	0	20722
26813	102	42	21	21313	0	21478
26814	36	42	21090	360	0	21528
26815	23	22019	260	205	0	22507
26816	57	302	129	22545	0	23033
26817	49	146	81	24816	0	25092
26818	19	25113	59	494	0	25685
26819	57	410	35	25487	0	25989
26820	75	167	31	26494	0	26767
26821	75	106	24	26856	0	27061
26822	14	26653	31	672	0	27370
26823	26580	441	28	381	0	27430
26824	452	201	26609	153	0	27415
26825	25854	120	451	176	0	26601
26826	511	26509	186	130	0	27336
26827	213	466	110	26610	0	27399
26828	127	212	26643	515	0	27497
26829	117	141	473	26694	0	27425
26830	91	75	208	26818	0	27192
26831	101	58	119	27472	0	27750
26832	61	106	26827	749	0	27743
26833	52	26560	496	379	0	27487
26834	48	464	26960	229	0	27701
26835	40	27076	568	189	0	27873
26836	41	550	27458	159	0	28208
26837	80	221	565	27224	0	28090
26838	26534	141	268	635	0	27578
26839	427	26933	172	335	0	27867
26840	189	516	27057	216	0	27978
26841	104	26962	521	182	0	27769
26842	77	608	27170	156	0	28011
26843	108	269	587	26276	0	27240
26844	113	180	275	26062	0	26630
26845	62	26212	196	712	0	27182
26846	58	27444	136	379	0	28017
26847	27282	703	121	295	0	28401
26848	543	362	140	27592	0	28637
26849	239	223	27578	696	0	28736
26850	215	149	574	27478	0	28416
26851	112	173	27772	759	0	28816
26852	96	208	27675	374	0	28353
26853	147	147	747	26856	0	27897
26854	91	27140	373	686	0	28290
26855	26404	613	247	413	0	27677
26856	570	297	184	26257	0	27308
26857	262	227	172	25806	0	26467
26858	137	26018	203	808	0	27166
26859	25788	627	155	471	0	27041
26860	26141	313	156	355	0	26965
26861	751	229	162	25377	0	26519
26862	326	25122	207	713	0	26368
26863	193	26690	156	415	0	27454
26864	26100	783	178	327	0	27388
26865	602	409	25995	241	0	27247
26866	25389	279	630	234	0	26532
26867	25781	201	308	273	0	26563
26868	25638	193	232	251	0	26314
26869	800	25165	147	239	0	26351
26870	377	673	149	25420	0	26619
26871	25453	319	164	690	0	26626
26872	25459	227	167	394	0	26247
26873	769	25286	154	306	0	26515
26874	25644	607	146	281	0	26678
26875	686	331	125	25751	0	26893
26876	319	258	162	25756	0	26495
26877	245	25388	145	834	0	26612
26878	216	578	148	26002	0	26944
26879	202	330	115	26105	0	26752
26880	189	25605	145	817	0	26756
26881	189	600	117	24729	0	25635
26882	131	25267	138	746	0	26282
26883	25218	658	112	416	0	26404
26884	24793	321	128	356	0	25598
26885	669	24723	104	340	0	25836
26886	354	597	24427	267	0	25645
26887	260	406	487	24377	0	25530
26888	215	277	24261	597	0	25350
26889	219	23371	562	341	0	24493
26890	207	23952	268	266	0	24693
26891	22837	615	184	235	0	23871
26892	534	23308	140	191	0	24173
26893	317	580	112	22794	0	23803
26894	238	22790	158	492	0	23678
26895	219	23465	95	273	0	24052
26896	23185	636	92	227	0	24140
26897	581	315	94	23019	0	24009
26898	299	270	22777	554	0	23900
26899	226	219	22516	311	0	23272
26900	180	22988	540	258	0	23966
26901	22891	571	241	226	0	23929
26902	543	23278	168	148	0	24137
26903	283	628	103	23797	0	24811
26904	23823	310	120	601	0	24854
26905	570	229	127	24087	0	25013
26906	258	223	121	24266	0	24868
26907	247	24069	85	695	0	25096
26908	245	595	94	24515	0	25449
26909	161	316	24383	679	0	25539
26910	24338	249	497	358	0	25442
26911	566	24917	196	294	0	25973
26912	223	24620	118	190	0	25151
26913	23601	555	83	149	0	24388
26914	545	261	23693	132	0	24631
26915	22528	241	540	144	0	23453
26916	505	24681	177	130	0	25493
26917	134	26140	103	74	0	26451
26918	92	653	26193	56	0	26994
26919	65	26510	585	85	0	27245
26920	186	653	236	24285	0	25360
26921	95	210	94	24928	0	25327
26922	36	25118	41	615	0	25810
26923	74	526	17	25463	0	26080
26924	25404	211	31	603	0	26249
26925	523	141	25135	194	0	25993
26926	25196	85	523	148	0	25952
26927	26082	84	177	131	0	26474
26928	25977	92	101	104	0	26274
26929	771	103	25334	69	0	26277
26930	358	84	499	25398	0	26339
26931	162	82	25604	558	0	26406
26932	24875	72	601	264	0	25812
26933	25073	82	232	181	0	25568
26934	732	25165	109	87	0	26093
26935	354	529	87	25114	0	26084
26936	192	25844	68	539	0	26643
26937	119	604	25954	228	0	26905
26938	167	251	567	25917	0	26902
26939	25701	112	265	654	0	26732
26940	26085	87	104	263	0	26539
26941	801	89	94	24873	0	25857
26942	340	24971	63	573	0	25947
26943	183	572	25394	220	0	26369
26944	119	265	25641	147	0	26172
26945	24740	124	759	169	0	25792
26946	628	121	25530	98	0	26377
26947	290	25237	636	133	0	26296
26948	240	591	232	25107	0	26170
26949	134	252	25420	583	0	26389
26950	162	160	618	24981	0	25921
26951	105	104	25169	662	0	26040
26952	24016	74	695	310	0	25095
26953	665	77	303	24425	0	25470
26954	284	24124	190	589	0	25187
26955	170	24920	134	288	0	25512
26956	151	734	133	24490	0	25508
26957	146	315	136	24503	0	25100
26958	111	24335	158	779	0	25383
26959	146	603	24374	324	0	25447
26960	159	268	600	24464	0	25491
26961	119	191	24695	634	0	25639
26962	117	155	24124	327	0	24723
26963	22818	117	802	235	0	23972
26964	605	23289	334	192	0	24420
26965	23372	629	205	167	0	24373
26966	727	297	157	22722	0	23903
26967	318	23252	149	634	0	24353
26968	207	685	157	23556	0	24605
26969	175	309	180	23515	0	24179
26970	127	23117	158	845	0	24247
26971	150	692	22955	368	0	24165
26972	176	326	633	23145	0	24280
26973	23012	227	312	727	0	24278
26974	668	200	201	22948	0	24017
26975	336	160	176	23126	0	23798
26976	212	177	22419	889	0	23697
26977	185	22264	650	437	0	23536
26978	162	685	328	22368	0	23543
26979	170	351	22291	735	0	23547
26980	152	243	22318	412	0	23125
26981	21498	207	835	343	0	22883
26982	642	21885	414	314	0	23255
26983	21708	683	273	260	0	22924
26984	709	21637	205	275	0	22826
26985	336	22181	185	276	0	22978
26986	21646	833	249	262	0	22990
26987	742	391	227	21104	0	22464
26988	403	21498	232	696	0	22829
26989	344	659	174	22009	0	23186
26990	21875	314	183	776	0	23148
26991	768	268	21711	373	0	23120
26992	376	240	21456	276	0	22348
26993	21087	182	858	248	0	22375
26994	717	21228	449	235	0	22629
26995	380	686	21332	218	0	22616
26996	304	21240	708	214	0	22466
26997	280	743	343	21122	0	22488
26998	208	393	21282	703	0	22586
26999	184	254	713	21180	0	22331
27000	190	188	21030	793	0	22201
27001	20002	179	768	448	0	21397
27002	675	20526	412	277	0	21890
27003	20294	643	254	229	0	21420
27004	700	358	209	20006	0	21273
27005	319	21081	233	678	0	22311
27006	20972	717	253	376	0	22318
27007	20369	323	256	335	0	21283
27008	838	227	20931	205	0	22201
27009	391	206	20849	215	0	21661
27010	18828	186	796	167	0	19977
27011	593	18913	355	221	0	20082
27012	242	18460	253	175	0	19130
27013	450	1088	314	17045	0	18897
27014	196	280	17222	546	0	18244
27015	164	16287	550	264	0	17265
27016	145	14935	247	163	0	15490
27017	407	382	185	11044	0	12018
27018	11169	79	55	213	0	11516
27019	11202	53	27	82	0	11364
27020	11326	44	26	61	0	11457
27021	241	40	11196	46	0	11523
27022	11113	32	203	52	0	11400
27023	11308	38	76	35	0	11457
27024	11525	32	44	42	0	11643
27025	270	51	27	11063	0	11411
27026	104	11169	28	186	0	11487
27027	11140	187	26	65	0	11418
27028	211	11105	30	44	0	11390
27029	72	208	28	11117	0	11425
27030	58	70	11541	198	0	11867
27031	45	68	204	11426	0	11743
27032	51	35	62	11664	0	11812
27033	40	33	11557	242	0	11872
27034	42	11373	203	79	0	11697
27035	45	204	62	10740	0	11051
27036	10603	54	31	196	0	10884
27037	173	10369	30	59	0	10631
27038	10212	169	21	48	0	10450
27039	183	103	16	9991	0	10293
27040	69	10239	28	154	0	10490
27041	10128	167	23	66	0	10384
27042	168	10245	24	38	0	10475
27043	65	164	10001	21	0	10251
27044	9855	80	156	45	0	10136
27045	10159	53	49	33	0	10294
27046	208	10137	20	24	0	10389
27047	66	162	9824	15	0	10067
27048	40	10260	143	17	0	10460
27049	152	241	83	7774	0	8250
27050	49	60	23	10411	0	10543
27051	33	33	13	10430	0	10509
27052	26	10353	14	210	0	10603
27053	32	172	18	10467	0	10689
27054	28	58	19	10542	0	10647
27055	10307	52	12	234	0	10605
27056	198	27	13	10303	0	10541
27057	63	19	12	10516	0	10610
27058	10307	18	13	240	0	10578
27059	203	10390	13	83	0	10689
27060	10532	196	14	49	0	10791
27061	10589	51	15	39	0	10694
27062	10673	33	12	30	0	10748
27063	262	36	17	10520	0	10835
27064	117	21	16	10721	0	10875
27065	65	31	10411	239	0	10746
27066	62	45	10210	77	0	10394
27067	51	41	10289	56	0	10437
27068	10003	45	223	59	0	10330
27069	214	32	10262	48	0	10556
27070	86	10316	208	45	0	10655
27071	60	193	66	10425	0	10744
27072	65	77	47	10363	0	10552
27073	61	10536	39	232	0	10868
27074	57	226	10681	77	0	11041
27075	64	10839	191	73	0	11167
27076	10848	219	67	61	0	11195
27077	235	87	10856	50	0	11228
27078	100	10802	195	57	0	11154
27079	77	224	10936	48	0	11285
27080	84	81	214	10862	0	11241
27081	64	48	11023	205	0	11340
27082	77	58	217	10821	0	11173
27083	11035	38	84	242	0	11399
27084	245	46	11010	89	0	11390
27085	96	11096	212	67	0	11471
27086	11147	225	71	75	0	11518
27087	247	73	11405	61	0	11786
27088	93	69	11385	59	0	11606
27089	75	49	238	11239	0	11601
27090	70	41	11289	253	0	11653
27091	10900	49	229	121	0	11299
27092	228	11124	80	89	0	11521
27093	90	222	63	11380	0	11755
27094	79	11808	48	211	0	12146
27095	12009	230	46	111	0	12396
27096	242	107	11868	80	0	12297
27097	109	60	12223	73	0	12465
27098	84	62	249	12191	0	12586
27099	79	57	90	12429	0	12655
27100	72	49	74	12643	0	12838
27101	81	64	55	12641	0	12841
27102	74	48	12682	295	0	13099
27103	58	12507	244	136	0	12945
27104	68	208	69	11907	0	12252
27105	38	67	11397	184	0	11686
27106	33	11228	170	79	0	11510
27107	11191	171	85	74	0	11521
27108	237	76	54	11089	0	11456
27109	10911	33	32	167	0	11143
27110	148	10888	25	72	0	11133
27111	10904	141	33	59	0	11137
27112	173	52	11182	45	0	11452
27113	82	77	141	10858	0	11158
27114	41	11159	59	156	0	11415
27115	37	146	11149	65	0	11397
27116	26	11029	145	52	0	11252
27117	114	199	64	8494	0	8871
27118	10540	47	43	153	0	10783
27119	135	10560	28	54	0	10777
27120	10523	136	22	55	0	10736
27121	146	44	10419	33	0	10642
27122	47	32	10239	42	0	10360
27123	10342	23	145	38	0	10548
27124	145	33	64	10398	0	10640
27125	51	26	54	10482	0	10613
27126	46	20	10610	153	0	10829
27127	30	28	10371	53	0	10482
27128	23	10793	148	34	0	10998
27129	10543	146	70	56	0	10815
27130	10223	38	39	21	0	10321
27131	124	10049	28	21	0	10222
27132	58	108	18	10340	0	10524
27133	10460	26	27	117	0	10630
27134	113	25	22	10386	0	10546
27135	10509	20	23	118	0	10670
27136	10571	12	20	49	0	10652
27137	10881	17	22	51	0	10971
27138	136	14	20	10691	0	10861
27139	57	15	24	11143	0	11239
27140	10902	14	24	142	0	11082
27141	10898	17	16	61	0	10992
27142	10901	12	20	39	0	10972
27143	136	10718	21	26	0	10901
27144	10512	88	12	29	0	10641
27145	97	10370	21	34	0	10522
27146	10305	94	11	31	0	10441
27147	116	20	10263	18	0	10417
27148	9401	31	92	37	0	9561
27149	77	9739	11	14	0	9841
27150	28	9789	15	13	0	9845
27151	10043	50	12	27	0	10132
27152	64	26	6	10054	0	10150
27153	23	15	8	10373	0	10419
27154	19	10412	11	63	0	10505
27155	15	10985	9	18	0	11027
27156	11293	71	8	21	0	11393
27157	92	26	11618	12	0	11748
27158	38	8	89	12145	0	12280
27159	12452	16	20	122	0	12610
27160	135	17	12450	28	0	12630
27161	38	13454	116	16	0	13624
27162	14256	142	22	24	0	14444
27163	214	31	14665	9	0	14919
27164	73	30	216	15321	0	15640
27165	41	14	15759	248	0	16062
27166	15294	13	260	77	0	15644
27167	253	16043	56	43	0	16395
27168	16255	253	44	35	0	16587
27169	16340	55	19	30	0	16444
27170	308	44	13	16155	0	16520
27171	16314	27	15	270	0	16626
27172	310	16	17	16372	0	16715
27173	92	17	12	16579	0	16700
27174	68	20	16129	317	0	16534
27175	45	16117	242	101	0	16505
27176	38	248	55	16369	0	16710
27177	39	54	41	16538	0	16672
27178	42	34	24	16559	0	16659
27179	27	24	16253	323	0	16627
27180	22	16089	241	108	0	16460
27181	36	240	53	16399	0	16728
27182	31	54	39	16623	0	16747
27183	17	63	16300	296	0	16676
27184	38	28	242	15974	0	16282
27185	16177	15	58	321	0	16571
27186	235	16193	53	89	0	16570
27187	16069	236	24	82	0	16411
27188	276	69	16085	41	0	16471
27189	88	46	238	16156	0	16528
27190	16487	23	61	274	0	16845
27191	16476	10	47	105	0	16638
27192	310	19	16413	58	0	16800
27193	127	22	249	16215	0	16613
27194	74	22	16282	255	0	16633
27195	15662	21	267	87	0	16037
27196	256	16191	77	66	0	16590
27197	16442	234	61	56	0	16793
27198	16468	56	35	53	0	16612
27199	313	16431	30	33	0	16807
27200	16684	262	23	47	0	17016
27201	311	61	16398	27	0	16797
27202	16466	54	249	42	0	16811
27203	324	34	62	16602	0	17022
27204	119	25	16859	270	0	17273
27205	97	24	260	16812	0	17193
27206	113	28	59	16576	0	16776
27207	66	13	66	16972	0	17117
27208	57	16809	42	321	0	17229
27209	16982	262	22	141	0	17407
27210	293	49	36	17008	0	17386
27211	87	16772	39	288	0	17186
27212	75	263	32	16577	0	16947
27213	64	16575	42	328	0	17009
27214	52	299	16507	122	0	16980
27215	53	85	256	16549	0	16943
27216	69	52	77	16833	0	17031
27217	47	62	16681	335	0	17125
27218	15720	35	267	163	0	16185
27219	283	16543	81	124	0	17031
27220	104	284	66	16785	0	17239
27221	107	66	61	16753	0	16987
27222	81	79	42	16625	0	16827
27223	71	16530	47	369	0	17017
27224	16579	273	32	170	0	17054
27225	323	74	16563	126	0	17086
27226	97	73	16089	113	0	16372
27227	105	41	329	16197	0	16672
27228	78	39	102	16603	0	16822
27229	16369	50	76	392	0	16887
27230	306	16176	61	166	0	16709
27231	105	279	61	16475	0	16920
27232	16318	91	48	359	0	16816
27233	338	70	49	16143	0	16600
27234	16164	53	52	378	0	16647
27235	362	52	15683	143	0	16240
27236	117	16021	288	127	0	16553
27237	16094	282	85	129	0	16590
27238	351	80	16058	87	0	16576
27239	15596	65	311	109	0	16081
27240	363	51	15611	86	0	16111
27241	15734	41	322	101	0	16198
27242	378	34	107	15958	0	16477
27243	16037	37	83	355	0	16512
27244	367	41	62	15999	0	16469
27245	139	35	45	16221	0	16440
27246	15996	41	45	403	0	16485
27247	341	15880	58	184	0	16463
27248	137	300	51	16262	0	16750
27249	16445	77	52	387	0	16961
27250	16989	85	28	155	0	17257
27251	392	55	49	16878	0	17374
27252	177	42	39	17287	0	17545
27253	17363	42	40	452	0	17897
27254	425	42	29	17507	0	18003
27255	172	40	31	17534	0	17777
27256	17009	42	48	458	0	17557
27257	427	32	28	16586	0	17073
27258	105	26	15526	431	0	16088
27259	15028	22	303	171	0	15524
27260	363	26	15503	119	0	16011
27261	105	24	14338	77	0	14544
27262	13402	104	418	64	0	13988
27263	228	13287	94	40	0	13649
27264	95	175	72	12784	0	13126
27265	55	41	32	12783	0	12911
27266	47	17	11	13395	0	13470
27267	35	17	10	13680	0	13742
27268	13250	22	13	279	0	13564
27269	14470	12	6	110	0	14598
27270	15065	6	8	70	0	15149
27271	304	9	15931	44	0	16288
27272	131	6	304	16643	0	17084
27273	95	5	109	17111	0	17320
27274	80	10	53	16675	0	16818
27275	44	16164	35	518	0	16761
27276	33	16837	23	234	0	17127
27277	17101	468	21	148	0	17738
27278	423	185	16	17210	0	17834
27279	187	88	16	18239	0	18530
27280	107	49	18	18628	0	18802
27281	70	44	17912	671	0	18697
27282	70	42	17735	297	0	18144
27283	17727	21	560	185	0	18493
27284	18533	19	211	136	0	18899
27285	609	24	116	18012	0	18761
27286	249	18085	73	474	0	18881
27287	189	425	44	18280	0	18938
27288	124	153	46	18516	0	18839
27289	85	86	17798	654	0	18623
27290	17877	53	431	310	0	18671
27291	514	31	177	18683	0	19405
27292	222	31	88	18675	0	19016
27293	18145	27	60	704	0	18936
27294	505	18526	53	336	0	19420
27295	19047	469	37	218	0	19771
27296	650	217	31	18567	0	19465
27297	266	18256	20	569	0	19111
27298	18576	508	29	271	0	19384
27299	599	220	33	18472	0	19324
27300	18375	108	32	580	0	19095
27301	18283	67	31	306	0	18687
27302	18352	54	30	202	0	18638
27303	758	17511	32	154	0	18455
27304	344	17701	38	126	0	18209
27305	232	656	39	17239	0	18166
27306	166	17442	29	574	0	18211
27307	17801	569	26	271	0	18667
27308	601	246	37	17809	0	18693
27309	17840	135	37	622	0	18634
27310	18251	95	32	316	0	18694
27311	795	73	53	17669	0	18590
27312	395	65	54	18452	0	18966
27313	18223	72	28	807	0	19130
27314	18602	76	34	411	0	19123
27315	19008	69	33	287	0	19397
27316	19200	96	37	240	0	19573
27317	19511	82	21	215	0	19829
27318	905	70	27	18903	0	19905
27319	464	67	26	19239	0	19796
27320	341	88	27	19412	0	19868
27321	18868	62	37	869	0	19836
27322	679	57	42	18736	0	19514
27323	381	18389	36	745	0	19551
27324	286	515	28	18951	0	19780
27325	18552	217	39	751	0	19559
27326	18816	148	49	402	0	19415
27327	853	135	18081	252	0	19321
27328	460	107	466	17872	0	18905
27329	301	18124	190	635	0	19250
27330	18493	502	92	379	0	19466
27331	649	18562	66	287	0	19564
27332	378	565	56	18861	0	19860
27333	19000	259	58	674	0	19991
27334	19329	152	46	375	0	19902
27335	871	18714	46	294	0	19925
27336	502	541	23	18911	0	19977
27337	325	253	18609	684	0	19871
27338	18398	141	481	400	0	19420
27339	738	126	18640	280	0	19784
27340	18832	105	554	257	0	19748
27341	19332	108	229	243	0	19912
27342	902	104	109	18920	0	20035
27343	19291	107	66	677	0	20141
27344	19678	100	48	397	0	20223
27345	19808	119	55	314	0	20296
27346	984	117	44	19179	0	20324
27347	19314	95	56	662	0	20127
27348	822	85	41	19123	0	20071
27349	459	97	58	19172	0	19786
27350	354	18435	59	829	0	19677
27351	357	481	56	18104	0	18998
27352	281	17908	43	672	0	18904
27353	17706	495	33	343	0	18577
27354	17686	230	31	262	0	18209
27355	775	141	32	17214	0	18162
27356	468	112	24	17431	0	18035
27357	17162	80	36	717	0	17995
27358	640	89	16554	407	0	17690
27359	17029	63	391	298	0	17781
27360	714	78	156	16734	0	17682
27361	428	68	15930	570	0	16996
27362	16023	69	395	363	0	16850
27363	16530	68	173	276	0	17047
27364	757	85	15980	207	0	17029
27365	16058	47	405	222	0	16732
27366	673	58	15469	177	0	16377
27367	418	15363	425	148	0	16354
27368	15343	384	365	178	0	16270
27369	15025	200	139	195	0	15559
27370	642	14053	87	118	0	14900
27371	280	13049	57	107	0	13493
27372	12259	230	158	106	0	12753
27373	12278	87	53	76	0	12494
27374	340	64	30	12304	0	12738
27375	165	49	11956	221	0	12391
27376	139	41	11463	108	0	11751
27377	11808	36	202	96	0	12142
27378	229	36	11816	78	0	12159
27379	11235	74	235	64	0	11608
27380	219	27	71	11105	0	11422
27381	110	27	27	11179	0	11343
27382	81	22	11134	186	0	11423
27383	11213	17	137	107	0	11474
27384	184	30	60	11386	0	11660
27385	101	14	36	11761	0	11912
27386	11545	6	27	200	0	11778
27387	11638	15	23	115	0	11791
27388	11544	18	27	87	0	11676
27389	204	11702	25	56	0	11987
27390	90	116	11257	35	0	11498
27391	11034	32	112	50	0	11228
27392	11249	18	49	51	0	11367
27393	158	10957	28	48	0	11191
27394	10563	69	51	31	0	10714
27395	127	20	18	10411	0	10576
27396	42	19	10654	77	0	10792
27397	10507	17	81	45	0	10650
27398	10798	12	26	33	0	10869
27399	10859	13	11	36	0	10919
27400	10908	4	10	36	0	10958
27401	110	7	11	10871	0	10999
27402	50	7	4	10876	0	10937
27403	10943	8	12	107	0	11070
27404	104	3	12	10919	0	11038
27405	41	5	10	10912	0	10968
27406	34	10719	15	92	0	10860
27407	34	72	12	10910	0	11028
27408	41	11	9	10975	0	11036
27409	36	9	9	11014	0	11068
27410	32	3	7	11107	0	11149
27411	30	10959	9	93	0	11091
27412	35	69	7	10793	0	10904
27413	34	27	5	10515	0	10581
27414	25	20	10399	86	0	10530
27415	30	18	9940	30	0	10018
27416	22	10200	70	26	0	10318
27417	11493	63	31	48	0	11635
27418	116	11729	22	24	0	11891
27419	45	118	10	12492	0	12665
27420	23	32	13225	144	0	13424
27421	14015	20	157	59	0	14251
27422	192	12	27	14637	0	14868
27423	14498	8	26	223	0	14755
27424	14773	7	19	84	0	14883
27425	215	14805	15	47	0	15082
27426	14838	167	15	65	0	15085
27427	211	15169	17	25	0	15422
27428	102	230	11	15438	0	15781
27429	56	15496	12	201	0	15765
27430	36	238	15461	51	0	15786
27431	34	15583	192	52	0	15861
27432	60	268	45	15227	0	15600
27433	15323	50	34	247	0	15654
27434	191	15594	30	64	0	15879
27435	79	223	18	15686	0	16006
27436	75	63	7	16035	0	16180
27437	46	55	15920	280	0	16301
27438	67	36	228	15848	0	16179
27439	35	43	15960	298	0	16336
27440	15566	16	269	138	0	15989
27441	276	30	16289	66	0	16661
27442	91	16429	275	59	0	16854
27443	86	263	67	16385	0	16801
27444	90	66	63	16445	0	16664
27445	74	76	33	16507	0	16690
27446	16494	46	22	379	0	16941
27447	298	52	26	16345	0	16721
27448	95	16412	34	312	0	16853
27449	16050	291	27	158	0	16526
27450	279	15949	36	103	0	16367
27451	139	303	42	15999	0	16483
27452	16016	111	17	340	0	16484
27453	306	15671	44	133	0	16154
27454	124	16300	30	96	0	16550
27455	16203	332	42	110	0	16687
27456	16431	128	28	124	0	16711
27457	352	100	16136	79	0	16667
27458	16396	70	272	109	0	16847
27459	346	75	16673	83	0	17177
27460	170	71	320	16807	0	17368
27461	105	58	16865	365	0	17393
27462	80	79	337	16852	0	17348
27463	87	59	16944	391	0	17481
27464	97	70	329	16609	0	17105
27465	95	54	93	17040	0	17282
27466	16658	59	81	435	0	17233
27467	338	68	16472	185	0	17063
27468	15910	71	324	168	0	16473
27469	370	52	16286	124	0	16832
27470	148	49	16289	84	0	16570
27471	126	82	382	16065	0	16655
27472	16164	57	160	366	0	16747
27473	335	16169	104	132	0	16740
27474	15957	303	63	160	0	16483
27475	16107	100	79	118	0	16404
27476	413	15923	53	115	0	16504
27477	16001	311	80	97	0	16489
27478	381	123	16040	86	0	16630
27479	183	89	317	16053	0	16642
27480	16124	55	110	353	0	16642
27481	344	16123	111	127	0	16705
27482	172	297	81	16054	0	16604
27483	154	112	65	16148	0	16479
27484	115	107	73	16293	0	16588
27485	108	63	54	16394	0	16619
27486	16059	59	63	444	0	16625
27487	16217	58	89	216	0	16580
27488	16175	49	83	166	0	16473
27489	15796	38	68	167	0	16069
27490	442	56	15591	110	0	16199
27491	15647	56	312	112	0	16127
27492	16067	53	120	123	0	16363
27493	445	15568	105	124	0	16242
27494	206	15920	76	116	0	16318
27495	183	357	74	15627	0	16241
27496	139	140	59	15775	0	16113
27497	130	96	15394	407	0	16027
27498	125	15555	328	176	0	16184
27499	129	310	112	15336	0	15887
27500	132	15525	109	349	0	16115
27501	111	369	60	15982	0	16522
27502	119	96	70	16135	0	16420
27503	110	16268	56	437	0	16871
27504	121	329	65	16565	0	17080
27505	136	119	16679	425	0	17359
27506	122	119	16697	186	0	17124
27507	16533	76	394	161	0	17164
27508	17086	70	175	131	0	17462
27509	440	16755	123	152	0	17470
27510	16920	326	83	137	0	17466
27511	458	135	78	16874	0	17545
27512	16865	126	53	429	0	17473
27513	430	16795	48	214	0	17487
27514	235	349	16577	169	0	17330
27515	16479	130	420	150	0	17179
27516	468	106	16964	131	0	17669
27517	157	82	15311	73	0	15623
27518	143	68	15129	81	0	15421
27519	106	14519	335	66	0	15026
27520	13454	347	373	123	0	14297
27521	13010	91	98	80	0	13279
27522	269	58	48	12732	0	13107
27523	126	50	38	12654	0	12868
27524	85	12861	44	252	0	13242
27525	12954	201	45	128	0	13328
27526	222	12942	52	76	0	13292
27527	87	12728	44	54	0	12913
27528	12402	194	66	71	0	12733
27529	228	70	61	12279	0	12638
27530	93	36	35	12325	0	12489
27531	67	24	36	12441	0	12568
27532	47	12254	29	223	0	12553
27533	12177	157	19	78	0	12431
27534	188	84	23	12013	0	12308
27535	84	11576	12	166	0	11838
27536	48	11607	23	65	0	11743
27537	51	175	32	11257	0	11515
27538	45	11368	20	138	0	11571
27539	52	166	25	11303	0	11546
27540	11047	51	20	186	0	11304
27541	133	45	10733	52	0	10963
27542	54	10828	111	53	0	11046
27543	53	128	47	10883	0	11111
27544	35	50	11131	118	0	11334
27545	10784	46	127	75	0	11032
27546	169	42	34	11130	0	11375
27547	11079	16	24	160	0	11279
27548	11114	19	15	63	0	11211
27549	150	11452	17	50	0	11669
27550	11619	119	15	49	0	11802
27551	11625	49	13	39	0	11726
27552	11676	23	13	49	0	11761
27553	181	22	14	11367	0	11584
27554	81	20	8	11382	0	11491
27555	53	21	13	11483	0	11570
27556	51	27	11219	154	0	11451
27557	32	11159	112	71	0	11374
27558	10941	107	29	53	0	11130
27559	110	10801	18	31	0	10960
27560	47	112	12	10726	0	10897
27561	32	40	10603	109	0	10784
27562	10063	23	115	54	0	10255
27563	110	10584	28	37	0	10759
27564	40	106	22	10537	0	10705
27565	31	32	12	10525	0	10600
27566	20	26	10398	123	0	10567
27567	17	10400	98	41	0	10556
27568	31	104	24	10471	0	10630
27569	21	27	21	10558	0	10627
27570	20	32	13	10356	0	10421
27571	10108	13	12	148	0	10281
27572	92	24	10014	46	0	10176
27573	33	9951	89	38	0	10111
27574	9872	92	31	40	0	10035
27575	101	9933	20	32	0	10086
27576	34	134	14	9812	0	9994
27577	33	9998	13	89	0	10133
27578	9725	108	11	49	0	9893
27579	9858	35	18	44	0	9955
27580	132	34	6	10062	0	10234
27581	55	25	8	10115	0	10203
27582	46	19	8	10512	0	10585
27583	24	23	10595	174	0	10816
27584	30	11034	155	65	0	11284
27585	39	167	38	12530	0	12774
27586	35	54	17	12899	0	13005
27587	43	22	13	13120	0	13198
27588	44	26	13	13138	0	13221
27589	21	32	12940	340	0	13333
27590	20	13695	218	126	0	14059
27591	38	261	71	14354	0	14724
27592	48	93	23	15533	0	15697
27593	13	54	15262	417	0	15746
27594	38	36	297	14953	0	15324
27595	17	14762	109	362	0	15250
27596	13	15380	49	174	0	15616
27597	45	371	29	15194	0	15639
27598	20	129	14698	367	0	15214
27599	13842	65	308	224	0	14439
27600	286	14605	120	133	0	15144
27601	98	332	14358	78	0	14866
27602	40	140	14392	77	0	14649
27603	32	14145	388	82	0	14647
27604	42	322	14320	69	0	14753
27605	110	257	352	13711	0	14430
27606	13658	69	158	309	0	14194
27607	13873	61	81	144	0	14159
27608	13974	60	75	87	0	14196
27609	14270	50	69	100	0	14489
27610	380	14456	72	76	0	14984
27611	14611	301	64	77	0	15053
27612	326	14844	57	80	0	15307
27613	170	324	14622	54	0	15170
27614	135	153	292	14246	0	14826
27615	89	14796	120	293	0	15298
27616	112	327	61	14496	0	14996
27617	14238	159	56	349	0	14802
27618	319	88	55	14132	0	14594
27619	133	14395	65	325	0	14918
27620	14432	334	48	181	0	14995
27621	322	154	14377	100	0	14953
27622	166	94	305	14347	0	14912
27623	99	75	132	14688	0	14994
27624	13984	69	53	454	0	14560
27625	331	13910	66	213	0	14520
27626	152	322	13747	125	0	14346
27627	122	150	297	13800	0	14369
27628	86	84	13937	353	0	14460
27629	80	13489	316	207	0	14092
27630	63	14014	152	135	0	14364
27631	13784	383	94	121	0	14382
27632	308	179	13729	110	0	14326
27633	13854	116	330	119	0	14419
27634	341	93	173	13630	0	14237
27635	150	13870	91	333	0	14444
27636	13839	333	78	184	0	14434
27637	335	176	13949	113	0	14573
27638	211	98	312	13877	0	14498
27639	125	84	160	14116	0	14485
27640	105	96	94	13989	0	14284
27641	102	13787	80	417	0	14386
27642	13452	342	81	220	0	14095
27643	320	13396	73	156	0	13945
27644	149	13668	80	140	0	14037
27645	124	374	92	13589	0	14179
27646	13598	182	85	365	0	14230
27647	13535	119	68	210	0	13932
27648	13576	128	56	143	0	13903
27649	407	12990	82	112	0	13591
27650	210	321	62	13094	0	13687
27651	135	187	13033	331	0	13686
27652	146	109	289	13033	0	13577
27653	145	101	144	12959	0	13349
27654	133	13043	70	413	0	13659
27655	13263	331	80	217	0	13891
27656	355	189	60	13079	0	13683
27657	177	13227	72	376	0	13852
27658	13277	350	85	221	0	13933
27659	348	187	13168	149	0	13852
27660	13104	123	285	161	0	13673
27661	341	13359	136	135	0	13971
27662	13508	359	76	132	0	14075
27663	13664	191	76	121	0	14052
27664	444	115	13480	117	0	14156
27665	13552	119	295	105	0	14071
27666	404	119	13868	102	0	14493
27667	241	115	13980	101	0	14437
27668	13804	100	391	81	0	14376
27669	14103	88	184	82	0	14457
27670	471	91	14093	82	0	14737
27671	240	85	349	13914	0	14588
27672	171	95	204	14008	0	14478
27673	151	14484	114	372	0	15121
27674	14165	310	118	197	0	14790
27675	14759	170	79	135	0	15143
27676	456	96	14567	103	0	15222
27677	14719	87	299	115	0	15220
27678	15149	77	152	121	0	15499
27679	474	14801	90	113	0	15478
27680	258	332	79	14724	0	15393
27681	210	157	78	14481	0	14926
27682	203	102	67	14443	0	14815
27683	13832	62	89	359	0	14342
27684	302	13294	63	194	0	13853
27685	149	244	47	11734	0	12174
27686	89	11618	38	185	0	11930
27687	94	522	44	10898	0	11558
27688	70	11074	39	177	0	11360
27689	63	11212	48	119	0	11442
27690	10060	247	114	131	0	10552
27691	10015	88	84	93	0	10280
27692	92	38	14	9433	0	9577
27693	46	21	12	9491	0	9570
27694	30	11	6	9597	0	9644
27695	21	18	12	9535	0	9586
27696	20	16	9	9384	0	9429
27697	20	9295	9	105	0	9429
27698	28	71	11	9492	0	9602
27699	28	25	6	9603	0	9662
27700	9444	15	7	100	0	9566
27701	92	9	7	9455	0	9563
27702	51	11	9	9437	0	9508
27703	23	12	9478	101	0	9614
27704	36	20	67	9243	0	9366
27705	27	39	27	9661	0	9754
27706	23	10	9806	111	0	9950
27707	24	9913	83	58	0	10078
27708	18	79	10071	37	0	10205
27709	19	21	9810	27	0	9877
27710	12	9713	104	24	0	9853
27711	9819	101	62	31	0	10013
27712	9795	13	11	16	0	9835
27713	96	12	5	9636	0	9749
27714	9856	6	4	110	0	9976
27715	104	8	10119	21	0	10252
27716	40	5	95	10210	0	10350
27717	21	8	11109	107	0	11245
27718	20	11	99	11190	0	11320
27719	22	2	25	11257	0	11306
27720	13	5	10	11389	0	11417
27721	11267	6	9	158	0	11440
27722	117	7	6	11386	0	11516
27723	11375	7	17	136	0	11535
27724	11483	9	7	61	0	11560
27725	127	11456	17	27	0	11627
27726	11609	105	4	46	0	11764
27727	125	11809	10	28	0	11972
27728	34	116	5	11767	0	11922
27729	40	21	12	11982	0	12055
27730	27	14	9	12113	0	12163
27731	18	14	11865	154	0	12051
27732	25	11774	122	53	0	11974
27733	32	133	20	11509	0	11694
27734	26	21	12	11661	0	11720
27735	14	11867	13	134	0	12028
27736	11919	126	12	65	0	12122
27737	135	11666	12	45	0	11858
27738	11637	132	9	43	0	11821
27739	136	11809	16	27	0	11988
27740	37	135	6	11672	0	11850
27741	19	11946	7	130	0	12102
27742	12126	136	11	71	0	12344
27743	12280	34	7	58	0	12379
27744	12167	19	7	57	0	12250
27745	12055	22	19	46	0	12142
27746	169	28	11919	28	0	12144
27747	12043	17	130	54	0	12244
27748	12424	17	18	58	0	12517
27749	12403	31	13	41	0	12488
27750	181	18	12126	26	0	12351
27751	12121	24	127	50	0	12322
27752	155	12314	24	42	0	12535
27753	12522	134	25	50	0	12731
27754	156	33	13111	37	0	13337
27755	13017	30	126	70	0	13243
27756	13322	18	28	53	0	13421
27757	167	19	18	13276	0	13480
27758	59	19	13053	147	0	13278
27759	13184	13	116	76	0	13389
27760	150	20	29	13520	0	13719
27761	78	13	24	13661	0	13776
27762	42	26	13682	155	0	13905
27763	13026	15	113	84	0	13238
27764	13781	19	31	55	0	13886
27765	156	13710	35	46	0	13947
27766	64	131	24	13787	0	14006
27767	62	34	12	13850	0	13958
27768	48	20	22	13768	0	13858
27769	39	13804	23	158	0	14024
27770	13827	126	20	60	0	14033
27771	164	33	10	13810	0	14017
27772	61	22	11	13879	0	13973
27773	13438	23	17	173	0	13651
27774	13350	19	15	90	0	13474
27775	168	15	17	13534	0	13734
27776	68	19	23	13389	0	13499
27777	49	23	12867	153	0	13092
27778	12345	11	119	92	0	12567
27779	137	13047	30	54	0	13268
27780	56	129	15	13710	0	13910
27781	63	24	17	14053	0	14157
27782	38	14426	16	182	0	14662
27783	47	170	7	14965	0	15189
27784	15895	50	18	236	0	16199
27785	264	36	17	18210	0	18527
27786	116	19	8	18737	0	18880
27787	89	28	13	19293	0	19423
27788	57	21	18872	543	0	19493
27789	61	16	312	19048	0	19437
27790	37	30	18875	529	0	19471
27791	40	18419	373	255	0	19087
27792	72	322	168	18622	0	19184
27793	62	126	118	18894	0	19200
27794	57	93	69	19343	0	19562
27795	62	51	55	19382	0	19550
27796	43	45	38	19645	0	19771
27797	18826	31	33	675	0	19565
27798	338	35	18955	332	0	19660
27799	129	18611	319	268	0	19327
27800	96	19699	125	214	0	20134
27801	83	420	83	19885	0	20471
27802	75	173	70	20269	0	20587
27803	72	123	54	20034	0	20283
27804	35	19712	47	559	0	20353
27805	47	359	32	19949	0	20387
27806	36	161	19515	518	0	20230
27807	18	19258	290	294	0	19860
27808	42	357	119	19554	0	20072
27809	19185	159	113	470	0	19927
27810	297	103	49	19339	0	19788
27811	138	81	42	19239	0	19500
27812	99	18481	42	503	0	19125
27813	64	19560	39	294	0	19957
27814	79	394	23	19525	0	20021
27815	57	181	29	19585	0	19852
27816	31	132	19114	530	0	19807
27817	42	93	278	18700	0	19113
27818	45	68	119	19036	0	19268
27819	39	67	98	18977	0	19181
27820	28	45	71	19215	0	19359
27821	18617	57	65	657	0	19396
27822	18951	46	38	401	0	19436
27823	423	36	27	19206	0	19692
27824	225	21	23	19790	0	20059
27825	19336	22	22	655	0	20035
27826	407	28	44	20014	0	20493
27827	198	62	19924	592	0	20776
27828	137	19907	320	371	0	20735
27829	104	313	170	20443	0	21030
27830	83	162	119	20764	0	21128
27831	20558	114	90	632	0	21394
27832	327	86	65	21011	0	21489
27833	157	73	52	21434	0	21716
27834	21109	52	46	723	0	21930
27835	401	67	34	21372	0	21874
27836	208	21227	46	626	0	22107
27837	159	354	38	22320	0	22871
27838	133	184	36	23176	0	23529
27839	124	121	36	23094	0	23375
27840	107	94	38	23239	0	23478
27841	62	107	22294	785	0	23248
27842	64	111	21918	509	0	22602
27843	52	97	462	22569	0	23180
27844	61	73	239	22474	0	22847
27845	41	22276	166	747	0	23230
27846	52	391	115	22184	0	22742
27847	35	22097	125	677	0	22934
27848	21974	457	94	462	0	22987
27849	370	22753	64	387	0	23574
27850	199	502	43	23337	0	24081
27851	147	259	35	23794	0	24235
27852	107	175	23035	744	0	24061
27853	22230	119	351	523	0	23223
27854	22358	110	172	408	0	23048
27855	504	22310	155	330	0	23299
27856	282	418	108	22205	0	23013
27857	177	197	22971	562	0	23907
27858	129	23212	415	384	0	24140
27859	22951	458	191	351	0	23951
27860	23066	226	114	321	0	23727
27861	570	156	22186	285	0	23197
27862	22428	122	392	260	0	23202
27863	591	105	177	22609	0	23482
27864	313	22466	128	547	0	23454
27865	22568	405	112	356	0	23441
27866	526	197	88	22569	0	23380
27867	22668	148	71	610	0	23497
27868	23521	118	60	417	0	24116
27869	637	115	51	23189	0	23992
27870	331	98	23159	649	0	24237
27871	23364	73	394	443	0	24274
27872	24008	89	190	340	0	24627
27873	24206	62	128	298	0	24694
27874	653	24212	94	295	0	25254
27875	378	408	87	24355	0	25228
27876	298	201	66	25193	0	25758
27877	198	153	24741	734	0	25826
27878	188	167	387	24437	0	25179
27879	143	24232	173	706	0	25254
27880	23748	414	133	444	0	24739
27881	427	23620	107	369	0	24523
27882	222	410	23293	259	0	24184
27883	149	23332	421	261	0	24163
27884	139	22954	222	179	0	23494
27885	262	288	230	19900	0	20680
27886	19907	97	101	246	0	20351
27887	19763	58	22	124	0	19967
27888	19569	29	23	96	0	19717
27889	257	19839	26	87	0	20209
27890	123	189	19681	43	0	20036
27891	19591	90	177	84	0	19942
27892	20083	49	82	78	0	20292
27893	260	19803	41	54	0	20158
27894	20236	197	40	68	0	20541
27895	262	89	22	20239	0	20612
27896	132	61	21124	205	0	21522
27897	21068	50	208	154	0	21480
27898	21245	34	73	114	0	21466
27899	21870	30	41	78	0	22019
27900	339	37	30	21483	0	21889
27901	185	29	29	21894	0	22137
27902	112	36	25	22782	0	22955
27903	69	22597	44	391	0	23101
27904	189	300	33	22893	0	23415
27905	91	100	29	25525	0	25745
27906	59	82	25403	508	0	26052
27907	97	54	378	25393	0	25922
27908	92	41	111	26082	0	26326
27909	81	46	69	26107	0	26303
27910	91	45	52	25927	0	26115
27911	62	25507	48	642	0	26259
27912	82	410	47	25860	0	26399
27913	89	124	52	25894	0	26159
27914	25338	73	46	667	0	26124
27915	439	78	25056	298	0	25871
27916	183	72	24336	223	0	24814
27917	24206	45	501	257	0	25009
27918	25185	72	184	180	0	25621
27919	581	67	116	23820	0	24584
27920	228	24720	80	481	0	25509
27921	24936	408	67	234	0	25645
27922	540	149	79	24410	0	25178
27923	197	24663	85	481	0	25426
27924	24658	413	63	235	0	25369
27925	492	24657	58	159	0	25366
27926	24336	440	41	195	0	25012
27927	23835	183	40	148	0	24206
27928	559	23207	49	109	0	23924
27929	251	416	51	23204	0	23922
27930	175	178	22962	436	0	23751
27931	194	145	373	22614	0	23326
27932	22699	107	108	525	0	23439
27933	464	92	22187	221	0	22964
27934	218	22100	373	148	0	22839
27935	173	471	119	21864	0	22627
27936	115	178	21556	456	0	22305
27937	82	21280	388	230	0	21980
27938	20903	399	176	216	0	21694
27939	432	140	105	21105	0	21782
27940	218	92	101	21263	0	21674
27941	139	107	79	21062	0	21387
27942	104	20825	65	520	0	21514
27943	20768	370	74	308	0	21520
27944	367	20579	69	203	0	21218
27945	183	21027	46	167	0	21423
27946	20960	443	42	192	0	21637
27947	21034	176	53	180	0	21443
27948	469	157	20426	136	0	21188
27949	19923	113	343	138	0	20517
27950	19998	101	121	111	0	20331
27951	555	112	72	19577	0	20316
27952	239	126	19387	387	0	20139
27953	221	91	311	19481	0	20104
27954	19757	63	131	488	0	20439
27955	438	76	19858	211	0	20583
27956	281	77	389	21285	0	22032
27957	252	71	144	23285	0	23752
27958	186	77	102	25585	0	25950
27959	25459	66	94	959	0	26578
27960	776	25899	77	365	0	27117
27961	26119	732	74	272	0	27197
27962	878	207	25998	190	0	27273
27963	331	113	746	25496	0	26686
27964	179	26275	225	863	0	27542
27965	26533	729	134	376	0	27772
27966	868	242	105	26559	0	27774
27967	309	175	25969	863	0	27316
27968	234	131	737	25733	0	26835
27969	25085	105	235	973	0	26398
27970	751	24949	138	409	0	26247
27971	350	814	100	23247	0	24511
27972	201	24688	82	795	0	25766
27973	24578	771	101	368	0	25818
27974	24545	254	87	296	0	25182
27975	951	23946	93	212	0	25202
27976	23790	765	99	192	0	24846
27977	911	265	73	22740	0	23989
27978	324	23388	68	725	0	24505
27979	23426	768	61	278	0	24533
27980	24107	249	60	199	0	24615
27981	956	22484	80	169	0	23689
27982	396	23205	54	168	0	23823
27983	22789	834	47	159	0	23829
27984	900	318	43	22565	0	23826
27985	22814	215	49	775	0	23853
27986	951	169	36	22698	0	23854
27987	383	153	22223	786	0	23545
27988	302	155	649	22795	0	23901
27989	22514	134	148	866	0	23662
27990	841	137	22427	322	0	23727
27991	396	86	682	22595	0	23759
27992	274	100	193	23448	0	24015
27993	226	102	22586	929	0	23843
27994	22108	84	727	365	0	23284
27995	851	86	226	22402	0	23565
27996	287	106	21097	828	0	22318
27997	20082	92	705	358	0	21237
27998	742	20802	227	295	0	22066
27999	249	20752	166	270	0	21437
28000	221	21269	131	224	0	21845
28001	176	754	20157	222	0	21309
28002	196	479	666	19310	0	20651
28003	153	159	19249	710	0	20271
28004	142	530	600	17226	0	18498
28005	105	16551	199	596	0	17451
28006	90	16948	91	243	0	17372
28007	174	626	113	16499	0	17412
28008	16434	196	78	595	0	17303
28009	553	112	73	16700	0	17438
28010	178	100	61	16778	0	17117
28011	119	16432	58	667	0	17276
28012	16287	524	52	277	0	17140
28013	540	16456	47	208	0	17251
28014	226	550	57	16589	0	17422
28015	159	199	56	16692	0	17106
28016	113	16330	67	716	0	17226
28017	146	559	59	16741	0	17505
28018	16559	208	45	767	0	17579
28019	653	219	47	16677	0	17596
28020	312	214	54	16799	0	17379
28021	269	16283	78	695	0	17325
28022	240	575	128	16687	0	17630
28023	16076	222	95	741	0	17134
28024	16604	234	71	347	0	17256
28025	16838	194	58	291	0	17381
28026	796	162	54	16453	0	17465
28027	355	180	16055	680	0	17270
28028	266	145	16147	371	0	16929
28029	316	168	576	16409	0	17469
28030	16498	218	171	688	0	17575
28031	672	190	88	16642	0	17592
28032	16799	207	69	738	0	17813
28033	780	164	95	16850	0	17889
28034	432	145	72	17348	0	17997
28035	17057	189	60	757	0	18063
28036	790	183	16482	313	0	17768
28037	16710	147	495	323	0	17675
28038	756	175	16585	238	0	17754
28039	415	140	531	16526	0	17612
28040	16696	120	182	685	0	17683
28041	739	156	16642	278	0	17815
28042	339	180	16705	210	0	17434
28043	16632	142	644	230	0	17648
28044	699	125	16605	263	0	17692
28045	348	16421	589	268	0	17626
28046	282	522	240	17150	0	18194
28047	17742	159	250	762	0	18913
28048	653	108	17738	377	0	18876
28049	17941	78	621	320	0	18960
28050	18534	73	308	278	0	19193
28051	18537	105	212	293	0	19147
28052	18550	97	159	316	0	19122
28053	765	253	211	17635	0	18864
28054	368	17624	167	663	0	18822
28055	17327	491	150	360	0	18328
28056	621	153	15725	226	0	16725
28057	173	12771	282	141	0	13367
28058	11242	155	153	84	0	11634
28059	128	10269	59	47	0	10503
28060	75	10696	29	27	0	10827
28061	330	129	181	10303	0	10943
28062	57	39	35	10581	0	10712
28063	41	15	15	10573	0	10644
28064	10744	8	13	133	0	10898
28065	11188	14	10	64	0	11276
28066	159	8	16	11592	0	11775
28067	77	11	21	12397	0	12506
28068	43	16	13037	190	0	13286
28069	13033	10	181	98	0	13322
28070	13624	16	61	58	0	13759
28071	274	13	30	13588	0	13905
28072	102	8	28	13792	0	13930
28073	59	19	13588	269	0	13935
28074	67	9	199	13599	0	13874
28075	45	12	14029	247	0	14333
28076	45	13962	222	112	0	14341
28077	37	187	14174	72	0	14470
28078	62	87	224	13799	0	14172
28079	36	29	14427	220	0	14712
28080	44	31	13885	94	0	14054
28081	14217	18	301	55	0	14591
28082	226	35	90	14935	0	15286
28083	92	10	14950	231	0	15283
28084	14272	15	245	94	0	14626
28085	243	21	15048	59	0	15371
28086	96	10	16019	48	0	16173
28087	60	16182	298	73	0	16613
28088	71	195	114	16157	0	16537
28089	35	64	16148	208	0	16455
28090	42	42	15620	81	0	15785
28091	49	38	279	15837	0	16203
28092	57	15	110	15891	0	16073
28093	40	16014	79	251	0	16384
28094	48	194	47	16275	0	16564
28095	16529	59	37	287	0	16912
28096	16606	35	42	134	0	16817
28097	16989	23	37	107	0	17156
28098	308	18	57	16623	0	17006
28099	129	16689	48	242	0	17108
28100	16824	198	40	126	0	17188
28101	235	16743	47	79	0	17104
28102	92	16669	48	65	0	16874
28103	65	16755	35	77	0	16932
28104	16888	255	67	78	0	17288
28105	230	98	51	16833	0	17212
28106	94	55	51	16849	0	17049
28107	47	16803	44	285	0	17179
28108	16673	218	66	112	0	17069
28109	241	78	16509	78	0	16906
28110	103	46	227	16649	0	17025
28111	16657	38	90	271	0	17056
28112	234	17161	86	100	0	17581
28113	17877	207	68	124	0	18276
28114	268	72	62	18151	0	18553
28115	93	18385	63	232	0	18773
28116	73	245	18131	89	0	18538
28117	18228	73	225	102	0	18628
28118	238	57	103	18685	0	19083
28119	18918	31	78	280	0	19307
28120	269	50	54	18833	0	19206
28121	120	18732	45	272	0	19169
28122	80	222	19054	121	0	19477
28123	67	84	18934	102	0	19187
28124	72	154	256	19094	0	19576
28125	19403	41	138	259	0	19841
28126	19441	37	62	134	0	19674
28127	268	41	42	19273	0	19624
28128	138	35	42	19372	0	19587
28129	19600	31	34	299	0	19964
28130	257	49	37	19698	0	20041
28131	19757	35	45	308	0	20145
28132	258	19647	45	128	0	20078
28133	19687	213	30	131	0	20061
28134	270	88	19901	85	0	20344
28135	138	63	219	19967	0	20387
28136	102	68	89	20388	0	20647
28137	94	42	86	20440	0	20662
28138	83	19826	72	320	0	20301
28139	109	17820	65	187	0	18181
28140	71	255	56	20213	0	20595
28141	65	100	20133	288	0	20586
28142	90	76	243	20119	0	20528
28143	74	47	102	20641	0	20864
28144	69	78	85	20804	0	21036
28145	20155	53	78	373	0	20659
28146	247	19560	65	160	0	20032
28147	101	19807	77	135	0	20120
28148	110	282	73	19615	0	20080
28149	84	113	75	19989	0	20261
28150	94	75	51	19909	0	20129
28151	83	51	63	20089	0	20286
28152	19697	52	69	379	0	20197
28153	226	19642	65	188	0	20121
28154	19970	232	54	140	0	20396
28155	20401	100	66	146	0	20713
28156	295	76	53	20225	0	20649
28157	132	53	41	20485	0	20711
28158	20389	31	46	355	0	20821
28159	20429	36	47	210	0	20722
28160	328	35	19	20018	0	20400
28161	169	75	15	20087	0	20346
28162	143	63	19829	304	0	20339
28163	103	19381	196	185	0	19865
28164	97	20051	62	126	0	20336
28165	19420	211	58	124	0	19813
28166	223	84	19623	73	0	20003
28167	92	50	18164	75	0	18381
28168	17133	56	203	64	0	17456
28169	17733	23	92	59	0	17907
28170	123	18591	32	28	0	18774
28171	47	19135	23	31	0	19236
28172	51	79	12	19493	0	19635
28173	20086	36	7	162	0	20291
28174	20135	27	6	83	0	20251
28175	20233	14	6	95	0	20348
28176	128	23	3	20045	0	20199
28177	71	20	14	20199	0	20304
28178	45	22	19907	110	0	20084
28179	36	39	18629	73	0	18777
28180	38	12	19813	53	0	19916
28181	63	177	98	19589	0	19927
28182	19421	8	39	105	0	19573
28183	79	15	19862	31	0	19987
28184	54	14	73	19875	0	20016
28185	23	20109	26	78	0	20236
28186	21	67	18	19874	0	19980
28187	24	18	8	19988	0	20038
28188	18	29	20629	126	0	20802
28189	41	14	126	20469	0	20650
28190	21901	5	33	190	0	22129
28191	228	18	22491	48	0	22785
28192	67	12	221	22594	0	22894
28193	51	22	23289	230	0	23592
28194	26	23476	284	63	0	23849
28195	29	241	23765	69	0	24104
28196	78	72	289	22575	0	23014
28197	45	47	81	23944	0	24117
28198	26	36	24577	317	0	24956
28199	57	21	281	23988	0	24347
28200	58	28	74	23983	0	24143
28201	20	24065	75	362	0	24522
28202	25	259	24404	141	0	24829
28203	61	57	300	24301	0	24719
28204	62	43	91	24935	0	25131
28205	28	24805	78	366	0	25277
28206	32	290	56	25304	0	25682
28207	25303	90	45	418	0	25856
28208	324	72	66	25409	0	25871
28209	79	41	25559	416	0	26095
28210	25142	31	330	208	0	25711
28211	26996	32	106	168	0	27302
28212	433	32	26776	106	0	27347
28213	25976	15	385	153	0	26529
28214	445	26894	134	94	0	27567
28215	181	371	116	27498	0	28166
28216	151	115	78	29939	0	30283
28217	123	90	65	29831	0	30109
28218	102	58	55	30556	0	30771
28219	99	47	45	30571	0	30762
28220	30156	33	52	820	0	31061
28221	518	39	29706	373	0	30636
28222	28731	32	517	292	0	29572
28223	600	31	29289	230	0	30150
28224	265	22	573	29265	0	30125
28225	29475	33	234	668	0	30410
28226	632	54	149	29342	0	30177
28227	276	29578	131	642	0	30627
28228	30559	484	126	346	0	31515
28229	644	155	108	31591	0	32498
28230	240	135	29684	730	0	30789
28231	29825	63	458	411	0	30757
28232	621	31946	191	277	0	33035
28233	273	553	32567	229	0	33622
28234	236	216	608	32168	0	33228
28235	252	128	254	31488	0	32122
28236	143	32025	188	803	0	33159
28237	139	545	32255	371	0	33310
28238	189	211	601	32084	0	33085
28239	126	174	33091	754	0	34145
28240	161	112	643	32824	0	33740
28241	136	98	263	33178	0	33675
28242	119	91	32806	919	0	33935
28243	168	86	667	32719	0	33640
28244	332	137	391	28142	0	29002
28245	160	57	218	34583	0	35018
28246	158	68	213	34693	0	35132
28247	33496	58	175	1151	0	34880
28248	700	74	33009	582	0	34365
28249	34042	71	718	487	0	35318
28250	832	77	301	35617	0	36827
28251	370	68	266	36440	0	37144
28252	254	86	192	36376	0	36908
28253	217	35519	208	1169	0	37113
28254	36109	707	154	642	0	37612
28255	772	260	211	37544	0	38787
28256	341	37339	183	968	0	38831
28257	231	692	145	38278	0	39346
28258	38150	258	172	1155	0	39735
28259	38367	169	167	680	0	39383
28260	38301	170	149	535	0	39155
28261	982	37869	197	405	0	39453
28262	418	711	37963	425	0	39517
28263	37795	283	734	485	0	39297
28264	38822	189	304	485	0	39800
28265	988	38750	213	421	0	40372
28266	38763	751	158	432	0	40104
28267	38403	292	167	402	0	39264
28268	39289	199	160	409	0	40057
28269	1126	39453	153	386	0	41118
28270	590	763	186	39634	0	41173
28271	39809	275	128	1061	0	41273
28272	40881	225	117	545	0	41768
28273	39990	188	116	431	0	40725
28274	40646	164	98	403	0	41311
28275	1303	184	96	39706	0	41289
28276	618	176	39334	1011	0	41139
28277	541	152	741	39286	0	40720
28278	477	39633	271	1007	0	41388
28279	465	797	167	41105	0	42534
28280	462	276	41067	1092	0	42897
28281	41086	217	846	570	0	42719
28282	1147	180	313	41996	0	43636
28283	41643	173	221	1140	0	43177
28284	42125	156	181	616	0	43078
28285	1363	193	140	41908	0	43604
28286	690	159	41722	1083	0	43654
28287	631	158	39514	509	0	40812
28288	39254	138	958	403	0	40753
28289	1080	39717	364	378	0	41539
28290	532	39035	206	313	0	40086
28291	434	38632	185	300	0	39551
28292	424	39826	189	290	0	40729
28293	38478	876	373	327	0	40054
28294	38722	356	207	256	0	39541
28295	38552	220	112	266	0	39150
28296	38650	209	101	272	0	39232
28297	1092	232	97	37396	0	38817
28298	510	36929	112	739	0	38290
28299	37054	684	119	406	0	38263
28300	935	273	36687	232	0	38127
28301	544	36631	621	249	0	38045
28302	456	676	36771	239	0	38142
28303	36259	291	679	263	0	37492
28304	37172	198	279	289	0	37938
28305	37119	202	204	263	0	37788
28306	1057	207	164	36594	0	38022
28307	539	150	36513	696	0	37898
28308	422	36331	631	329	0	37713
28309	35624	606	286	280	0	36796
28310	887	35200	169	265	0	36521
28311	468	34352	107	223	0	35150
28312	402	34009	103	211	0	34725
28313	367	34262	117	237	0	34983
28314	298	709	32751	179	0	33937
28315	287	32849	558	179	0	33873
28316	30387	539	243	159	0	31328
28317	553	181	85	30333	0	31152
28318	291	139	70	30696	0	31196
28319	30439	118	68	529	0	31154
28320	523	30096	85	217	0	30921
28321	272	428	30657	109	0	31466
28322	255	183	400	30366	0	31204
28323	247	121	133	31079	0	31580
28324	245	139	101	31232	0	31717
28325	215	131	30810	493	0	31649
28326	203	143	30399	176	0	30921
28327	240	146	463	30492	0	31341
28328	199	124	30321	412	0	31056
28329	199	138	28360	154	0	28851
28330	26359	128	457	197	0	27141
28331	471	28468	158	158	0	29255
28332	218	27593	81	121	0	28013
28333	218	28095	109	101	0	28523
28334	236	480	104	27312	0	28132
28335	174	28577	106	365	0	29222
28336	29123	415	92	197	0	29827
28337	461	168	29310	140	0	30079
28338	29719	112	416	175	0	30422
28339	501	129	158	30169	0	30957
28340	229	122	111	30603	0	31065
28341	152	31394	114	552	0	32212
28342	31467	493	129	239	0	32328
28343	31837	182	158	184	0	32361
28344	681	33276	100	161	0	34218
28345	295	660	103	32554	0	33612
28346	210	205	33036	560	0	34011
28347	1257	150	32016	223	0	33646
28348	141	33778	668	154	0	34741
28349	33239	686	283	201	0	34409
28350	618	199	33106	66	0	33989
28351	331	143	568	32541	0	33583
28352	33183	89	206	609	0	34087
28353	33857	78	140	276	0	34351
28354	753	38634	126	156	0	39669
28355	287	40744	97	109	0	41237
28356	40622	1024	101	141	0	41888
28357	954	405	40571	55	0	41985
28358	40445	235	851	134	0	41665
28359	41332	140	277	131	0	41880
28360	1246	147	192	40434	0	42019
28361	452	150	41183	865	0	42650
28362	310	146	40918	263	0	41637
28363	40016	103	1159	205	0	41483
28364	1044	103	41176	113	0	42436
28365	39558	95	1042	140	0	40835
28366	40756	79	324	143	0	41302
28367	1152	40110	226	106	0	41594
28368	1224	915	39118	67	0	41324
28369	308	39308	942	84	0	40642
28370	38669	975	360	109	0	40113
28371	1016	313	38284	56	0	39669
28372	542	242	926	36855	0	38565
28373	350	112	37924	839	0	39225
28374	330	106	38070	274	0	38780
28375	218	110	38119	166	0	38613
28376	243	107	37901	90	0	38341
28377	197	36617	1280	101	0	38195
28378	246	847	36502	89	0	37684
28379	200	35918	1011	110	0	37239
28380	203	928	35421	84	0	36636
28381	34780	314	1075	110	0	36279
28382	967	250	422	32771	0	34410
28383	404	35162	341	644	0	36551
28384	34825	836	263	270	0	36194
28385	35201	348	253	221	0	36023
28386	33399	251	259	194	0	34103
28387	34894	177	292	133	0	35496
28388	1201	34456	288	117	0	36062
28389	33049	862	262	196	0	34369
28390	34834	382	254	166	0	35636
28391	1124	33554	277	153	0	35108
28392	553	960	32443	95	0	34051
28393	474	366	933	32076	0	33849
28394	354	33369	434	758	0	34915
28395	334	928	33489	304	0	35055
28396	336	432	33807	215	0	34790
28397	329	33082	1199	150	0	34760
28398	349	33581	605	119	0	34654
28399	378	34812	410	129	0	35729
28400	390	34575	283	132	0	35380
28401	34579	1320	324	158	0	36381
28402	35347	637	278	165	0	36427
28403	1430	420	35089	125	0	37064
28404	754	348	35764	98	0	36964
28405	553	302	1352	34873	0	37080
28406	449	330	666	35677	0	37122
28407	487	308	459	36057	0	37311
28408	35287	264	458	1285	0	37294
28409	1215	35127	427	525	0	37294
28410	634	36758	404	302	0	38098
28411	534	37595	407	226	0	38762
28412	36594	1494	384	203	0	38675
28413	37519	772	385	202	0	38878
28414	1663	505	356	36496	0	39020
28415	37736	383	443	1034	0	39596
28416	38366	408	419	422	0	39615
28417	1745	384	438	37436	0	40003
28418	37859	395	410	1188	0	39852
28419	1557	37124	496	509	0	39686
28420	885	1205	506	37265	0	39861
28421	771	591	36834	1095	0	39291
28422	584	36845	1442	468	0	39339
28423	610	1336	37417	381	0	39744
28424	659	733	1508	35347	0	38247
28425	601	37395	820	1000	0	39816
28426	703	1252	718	37107	0	39780
28427	610	682	618	37984	0	39894
28428	667	549	37196	1435	0	39847
28429	584	448	39148	642	0	40822
28430	572	420	1714	38575	0	41281
28431	658	401	989	37501	0	39549
28432	554	38825	757	1400	0	41536
28433	37407	1315	601	704	0	40027
28434	1394	37975	631	441	0	40441
28435	795	38895	519	340	0	40549
28436	602	1627	37009	309	0	39547
28437	396	37017	1351	366	0	39130
28438	507	1509	817	34215	0	37048
28439	414	36108	611	1062	0	38195
28440	454	1453	474	34513	0	36894
28441	362	35043	572	1157	0	37134
28442	34609	1355	453	595	0	37012
28443	1202	34996	493	427	0	37118
28444	601	1347	344	31078	0	33370
28445	495	33009	299	890	0	34693
28446	32573	1237	360	367	0	34537
28447	32597	679	215	341	0	33832
28448	1330	31999	260	245	0	33834
28449	31269	1080	224	216	0	32789
28450	1241	1000	241	29858	0	32340
28451	603	447	30230	941	0	32221
28452	550	402	30541	414	0	31907
28453	378	30436	1089	380	0	32283
28454	23537	620	507	200	0	24864
28455	23377	248	176	144	0	23945
28456	646	169	22881	140	0	23836
28457	268	141	22656	136	0	23201
28458	22170	155	564	132	0	23021
28459	22865	137	220	140	0	23362
28460	620	132	22103	125	0	22980
28461	21033	130	491	128	0	21782
28462	503	21198	218	94	0	22013
28463	237	22014	126	100	0	22477
28464	189	598	120	21355	0	22262
28465	149	295	101	21737	0	22282
28466	21665	179	110	568	0	22522
28467	21664	158	101	263	0	22186
28468	21754	135	104	162	0	22155
28469	615	138	90	21385	0	22228
28470	283	145	76	21579	0	22083
28471	193	20571	88	569	0	21421
28472	166	20954	89	259	0	21468
28473	157	21653	84	167	0	22061
28474	142	634	92	20684	0	21552
28475	177	21313	77	444	0	22011
28476	152	513	20791	199	0	21655
28477	19994	273	405	175	0	20847
28478	487	190	20765	142	0	21584
28479	242	177	20560	121	0	21100
28480	20254	152	503	124	0	21033
28481	463	20831	220	119	0	21633
28482	20974	481	119	119	0	21693
28483	21132	241	99	147	0	21619
28484	576	180	20727	111	0	21594
28485	267	171	21087	112	0	21637
28486	208	21386	499	90	0	22183
28487	210	482	21514	90	0	22296
28488	203	267	503	21511	0	22484
28489	266	184	251	18721	0	19422
28490	129	21375	167	542	0	22213
28491	184	22169	126	211	0	22690
28492	21926	601	114	157	0	22798
28493	22678	322	116	136	0	23252
28494	642	207	121	22415	0	23385
28495	278	216	122	22899	0	23515
28496	22401	155	134	565	0	23255
28497	22588	162	130	260	0	23140
28498	605	22692	123	199	0	23619
28499	21755	437	118	139	0	22449
28500	535	20954	79	114	0	21682
28501	254	21851	83	101	0	22289
28502	21711	512	109	123	0	22455
28503	21687	239	87	124	0	22137
28504	541	194	67	21416	0	22218
28505	21371	135	69	394	0	21969
28506	539	151	21086	134	0	21910
28507	275	21303	348	136	0	22062
28508	21224	375	129	159	0	21887
28509	467	168	21180	131	0	21946
28510	215	297	358	19760	0	20630
28511	158	19868	161	279	0	20466
28512	175	20401	103	120	0	20799
28513	20420	379	124	92	0	21015
28514	414	158	19901	77	0	20550
28515	19346	107	294	68	0	19815
28516	393	79	151	19587	0	20210
28517	231	60	19477	245	0	20013
28518	19173	84	284	149	0	19690
28519	348	19892	142	74	0	20456
28520	161	20685	104	76	0	21026
28521	20888	353	122	73	0	21436
28522	20974	146	68	80	0	21268
28523	21269	105	58	102	0	21534
28524	386	88	58	20979	0	21511
28525	258	84	64	21047	0	21453
28526	190	54	20806	279	0	21329
28527	158	63	20103	151	0	20475
28528	123	20700	256	128	0	21207
28529	119	274	118	19421	0	19932
28530	19259	68	59	171	0	19557
28531	169	19159	30	99	0	19457
28532	75	161	28	19401	0	19665
28533	19450	68	28	181	0	19727
28534	188	19310	26	63	0	19587
28535	83	20136	26	65	0	20310
28536	119	176	19576	41	0	19912
28537	19331	81	156	63	0	19631
28538	19906	58	63	53	0	20080
28539	181	57	19465	44	0	19747
28540	18649	42	131	45	0	18867
28541	152	46	19491	30	0	19719
28542	65	19142	120	32	0	19359
28543	104	157	77	19007	0	19345
28544	18951	46	49	123	0	19169
28545	129	18637	23	44	0	18833
28546	54	18761	26	22	0	18863
28547	18422	101	22	36	0	18581
28548	99	40	19146	22	0	19307
28549	18654	31	85	63	0	18833
28550	91	19435	44	45	0	19615
28551	48	82	18854	7	0	18991
28552	18577	24	80	36	0	18717
28553	19213	17	29	20	0	19279
28554	110	23	16	19111	0	19260
28555	47	20	18	19405	0	19490
28556	32	19303	16	84	0	19435
28557	28	83	19399	34	0	19544
28558	50	27	84	19415	0	19576
28559	32	29	20477	109	0	20647
28560	24	29	20424	37	0	20514
28561	38	18	147	21591	0	21794
28562	29	18	22274	157	0	22478
28563	36	30	21684	47	0	21797
28564	54	12	211	21640	0	21917
28565	24	21	22304	183	0	22532
28566	21014	17	211	70	0	21312
28567	186	21747	66	48	0	22047
28568	53	175	22490	24	0	22742
28569	50	57	23462	25	0	23594
28570	81	43	221	22872	0	23217
28571	24452	23	80	213	0	24768
28572	24548	14	59	76	0	24697
28573	24394	17	31	63	0	24505
28574	24542	13	35	60	0	24650
28575	263	14	35	24031	0	24343
28576	101	22	24337	194	0	24654
28577	24353	15	200	99	0	24667
28578	24787	12	56	82	0	24937
28579	24955	14	53	61	0	25083
28580	258	15	24289	24	0	24586
28581	23457	14	194	49	0	23714
28582	227	31	73	25128	0	25459
28583	82	25448	73	173	0	25776
28584	89	217	37	25088	0	25431
28585	49	25359	46	194	0	25648
28586	25552	212	42	89	0	25895
28587	241	48	25777	61	0	26127
28588	88	58	230	25162	0	25538
28589	62	25509	85	207	0	25863
28590	34	26260	63	83	0	26440
28591	26267	251	68	76	0	26662
28592	26106	76	42	65	0	26289
28593	283	84	25207	30	0	25604
28594	25285	29	255	53	0	25622
28595	319	21	81	25557	0	25978
28596	110	20	26312	248	0	26690
28597	129	41	25859	76	0	26105
28598	118	30	284	26592	0	27024
28599	28016	26	111	333	0	28486
28600	376	23	74	27878	0	28351
28601	157	27	61	27876	0	28121
28602	117	23	72	27836	0	28048
28603	88	27851	56	430	0	28425
28604	115	295	45	28259	0	28714
28605	27768	87	65	419	0	28339
28606	350	27769	62	167	0	28348
28607	161	315	55	28252	0	28783
28608	28120	103	49	429	0	28701
28609	372	27544	49	164	0	28129
28610	130	28149	53	110	0	28442
28611	118	432	58	28206	0	28814
28612	27738	133	57	433	0	28361
28613	413	85	27494	170	0	28162
28614	183	70	27114	122	0	27489
28615	27560	69	451	121	0	28201
28616	28755	71	171	140	0	29137
28617	530	29016	103	89	0	29738
28618	247	416	84	28405	0	29152
28619	141	137	28450	435	0	29163
28620	134	106	27781	167	0	28188
28621	116	88	29697	132	0	30033
28622	107	29222	618	99	0	30046
28623	93	29794	264	88	0	30239
28624	29566	563	141	156	0	30426
28625	557	200	29605	101	0	30463
28626	29188	126	506	118	0	29938
28627	29864	86	204	129	0	30283
28628	679	85	29771	92	0	30627
28629	264	30490	536	114	0	31404
28630	266	539	206	30015	0	31026
28631	155	189	31273	542	0	32159
28632	174	161	30044	200	0	30579
28633	29620	129	612	187	0	30548
28634	581	30609	252	134	0	31576
28635	259	587	162	29821	0	30829
28636	195	224	111	30005	0	30535
28637	134	29921	127	651	0	30833
28638	139	30499	142	249	0	31029
28639	144	31021	144	155	0	31464
28640	161	735	117	31574	0	32587
28641	32477	272	94	667	0	33510
28642	732	160	94	32909	0	33895
28643	252	144	32723	743	0	33862
28644	172	157	32657	271	0	33257
28645	170	138	811	33112	0	34231
28646	133	133	33342	723	0	34331
28647	159	33124	762	304	0	34349
28648	184	716	257	34204	0	35361
28649	35637	259	177	857	0	36930
28650	36018	159	172	348	0	36697
28651	975	36106	170	236	0	37487
28652	36106	858	151	244	0	37359
28653	37046	315	130	199	0	37690
28654	37180	220	137	218	0	37755
28655	1147	214	33421	192	0	34974
28656	35007	133	771	225	0	36136
28657	963	35202	277	199	0	36641
28658	386	809	35112	171	0	36478
28659	350	274	35102	135	0	35861
28660	266	34603	953	167	0	35989
28661	33920	842	449	200	0	35411
28662	984	308	239	32702	0	34233
28663	345	32992	149	735	0	34221
28664	33411	797	160	307	0	34675
28665	907	288	182	33417	0	34794
28666	33849	221	149	875	0	35094
28667	1015	155	137	33974	0	35281
28668	429	156	33332	903	0	34820
28669	264	200	32664	340	0	33468
28670	241	209	33001	218	0	33669
28671	296	157	1051	31985	0	33489
28672	281	169	394	33304	0	34148
28673	260	210	32648	1027	0	34145
28674	234	32485	884	441	0	34044
28675	33173	826	371	282	0	34652
28676	33297	325	301	220	0	34143
28677	1125	33215	259	224	0	34823
28678	528	933	211	33960	0	35632
28679	350	355	34581	952	0	36238
28680	34067	246	1021	386	0	35720
28681	1088	168	34722	302	0	36280
28682	483	172	33253	212	0	34120
28683	388	202	33969	173	0	34732
28684	32658	208	1282	237	0	34385
28685	1060	196	33181	185	0	34622
28686	471	31914	1074	193	0	33652
28687	377	33054	504	182	0	34117
28688	374	1021	391	31725	0	33511
28689	330	401	308	32476	0	33515
28690	307	254	31934	1042	0	33537
28691	31180	198	1037	446	0	32861
28692	32824	195	456	281	0	33756
28693	1205	213	332	32115	0	33865
28694	32056	155	324	960	0	33495
28695	1030	31851	342	390	0	33613
28696	31468	930	277	300	0	32975
28697	1082	30627	264	270	0	32243
28698	435	31167	240	277	0	32119
28699	29919	965	288	276	0	31448
28700	30074	392	255	232	0	30953
28701	30864	286	239	229	0	31618
28702	31287	185	255	215	0	31942
28703	1217	214	29211	213	0	30855
28704	29375	191	889	217	0	30672
28705	1090	218	396	28647	0	30351
28706	480	29055	314	776	0	30625
28707	29141	793	238	332	0	30504
28708	995	29093	218	251	0	30557
28709	29212	873	272	215	0	30572
28710	1092	346	222	28905	0	30565
28711	546	259	192	29597	0	30594
28712	415	224	28045	983	0	29667
28713	416	235	28802	361	0	29814
28714	372	28895	906	314	0	30487
28715	28037	806	412	258	0	29513
28716	984	27609	289	203	0	29085
28717	472	27373	246	199	0	28290
28718	431	28404	200	192	0	29227
28719	396	924	27307	177	0	28804
28720	372	27567	786	162	0	28887
28721	25687	892	391	161	0	27131
28722	25980	334	247	146	0	26707
28723	968	279	178	24957	0	26382
28724	438	24637	179	709	0	25963
28725	346	25386	187	280	0	26199
28726	343	851	192	25045	0	26431
28727	362	372	25053	674	0	26461
28728	361	24450	692	240	0	25743
28729	360	830	266	23814	0	25270
28730	23217	345	224	704	0	24490
28731	23472	274	182	312	0	24240
28732	812	23548	200	233	0	24793
28733	23774	733	188	189	0	24884
28734	24018	328	192	177	0	24715
28735	924	297	172	22996	0	24389
28736	465	218	22656	658	0	23997
28737	338	22910	655	284	0	24187
28738	322	887	248	22493	0	23950
28739	273	347	22445	611	0	23676
28740	273	21799	590	243	0	22905
28741	20447	611	282	226	0	21566
28742	20755	272	184	171	0	21382
28743	738	231	130	20244	0	21343
28744	337	20327	130	547	0	21341
28745	321	537	20239	214	0	21311
28746	282	374	538	19857	0	21051
28747	239	267	20203	533	0	21242
28748	177	18768	463	199	0	19607
28749	353	495	260	16650	0	17758
28750	16475	160	137	357	0	17129
28751	347	16448	93	154	0	17042
28752	16268	343	72	133	0	16816
28753	16152	185	71	85	0	16493
28754	441	16251	55	94	0	16841
28755	258	347	64	16274	0	16943
28756	193	205	55	16308	0	16761
28757	145	15710	57	370	0	16282
28758	115	16258	68	185	0	16626
28759	122	394	72	15443	0	16031
28760	119	15802	61	257	0	16239
28761	15860	330	57	124	0	16371
28762	15835	152	47	116	0	16150
28763	365	139	15512	86	0	16102
28764	200	103	15111	74	0	15488
28765	15094	114	282	91	0	15581
28766	15517	89	129	87	0	15822
28767	323	15794	84	70	0	16271
28768	15718	289	82	93	0	16182
28769	15631	142	54	91	0	15918
28770	361	15326	41	70	0	15798
28771	15584	279	44	90	0	15997
28772	336	167	41	17214	0	17758
28773	186	142	49	17892	0	18269
28774	124	109	18550	419	0	19202
28775	106	17909	338	154	0	18507
28776	75	18732	105	91	0	19003
28777	17342	599	210	216	0	18367
28778	17478	141	70	123	0	17812
28779	17039	61	35	101	0	17236
28780	17755	57	33	78	0	17923
28781	379	61	16877	45	0	17362
28782	129	65	17425	34	0	17653
28783	98	17573	318	46	0	18035
28784	119	322	101	17497	0	18039
28785	118	114	60	17454	0	17746
28786	102	17850	44	313	0	18309
28787	121	342	39	17570	0	18072
28788	17553	103	58	339	0	18053
28789	358	17614	47	104	0	18123
28790	137	353	17965	63	0	18518
28791	100	18276	301	91	0	18768
28792	18251	348	97	85	0	18781
28793	344	138	18102	66	0	18650
28794	17990	89	326	82	0	18487
28795	18503	82	105	89	0	18779
28796	403	85	18223	46	0	18757
28797	134	75	18101	42	0	18352
28798	114	62	17877	50	0	18103
28799	17066	66	384	50	0	17566
28800	367	63	17860	34	0	18324
28801	164	17615	350	24	0	18153
28802	17599	326	132	34	0	18091
28803	344	97	17615	27	0	18083
28804	16946	50	362	48	0	17406
28805	362	64	17453	28	0	17907
28806	159	46	18142	26	0	18373
28807	93	18360	406	33	0	18892
28808	103	323	18596	27	0	19049
28809	100	99	18299	34	0	18532
28810	109	16627	424	45	0	17205
28811	17946	317	164	32	0	18459
28812	350	124	18270	19	0	18763
28813	165	86	375	17172	0	17798
28814	89	18349	167	255	0	18860
28815	18535	314	137	98	0	19084
28816	18470	116	128	88	0	18802
28817	388	91	18455	47	0	18981
28818	160	17914	376	38	0	18488
28819	103	18636	196	41	0	18976
28820	114	413	115	18041	0	18683
28821	118	17292	110	362	0	17882
28822	200	364	97	16772	0	17433
28823	146	147	97	18552	0	18942
28824	111	18605	103	360	0	19179
28825	130	373	104	18476	0	19083
28826	106	18587	102	344	0	19139
28827	104	389	18322	148	0	18963
28828	110	192	368	18263	0	18933
28829	115	146	136	18365	0	18762
28830	92	18153	116	408	0	18769
28831	114	18728	103	167	0	19112
28832	127	448	78	18043	0	18696
28833	101	18338	112	345	0	18896
28834	18215	414	110	186	0	18925
28835	369	186	115	18227	0	18897
28836	153	18360	111	369	0	18993
28837	18060	412	99	157	0	18728
28838	358	18012	121	122	0	18613
28839	176	411	17904	123	0	18614
28840	148	213	366	17836	0	18563
28841	18019	155	186	391	0	18751
28842	380	146	18154	158	0	18838
28843	176	169	393	17544	0	18282
28844	161	17901	162	344	0	18568
28845	150	404	17632	149	0	18335
28846	126	18037	411	97	0	18671
28847	17195	400	186	122	0	17903
28848	17856	170	179	90	0	18295
28849	431	17628	188	95	0	18342
28850	17555	391	171	107	0	18224
28851	388	202	17360	81	0	18031
28852	178	152	414	17078	0	17822
28853	170	148	186	16993	0	17497
28854	161	17298	159	347	0	17965
28855	18275	395	161	174	0	19005
28856	18884	208	134	129	0	19355
28857	424	159	18699	81	0	19363
28858	18715	131	404	112	0	19362
28859	19262	145	161	99	0	19667
28860	19318	114	149	118	0	19699
28861	465	134	138	18807	0	19544
28862	238	132	127	18932	0	19429
28863	167	18942	113	363	0	19585
28864	18546	371	131	152	0	19200
28865	18639	152	107	160	0	19058
28866	455	18526	103	109	0	19193
28867	209	419	99	18027	0	18754
28868	147	17993	86	375	0	18601
28869	284	18836	68	141	0	19329
28870	18539	439	122	129	0	19229
28871	416	175	18066	125	0	18782
28872	132	85	16109	61	0	16387
28873	75	16011	205	63	0	16354
28874	14743	158	132	54	0	15087
28875	150	53	14673	25	0	14901
28876	51	13857	133	29	0	14070
28877	13857	96	36	43	0	14032
28878	106	39	13687	12	0	13844
28879	48	26	107	13435	0	13616
28880	14324	13	33	148	0	14518
28881	154	27	14288	30	0	14499
28882	44	19	14757	27	0	14847
28883	34	23	15313	18	0	15388
28884	28	29	15235	13	0	15305
28885	14766	34	198	32	0	15030
28886	15874	19	41	30	0	15964
28887	175	15903	18	26	0	16122
28888	63	157	17	16365	0	16602
28889	119	45	15	16738	0	16917
28890	18	16432	11	209	0	16670
28891	33	187	15	16680	0	16915
28892	17	17066	14	198	0	17295
28893	16	17427	22	75	0	17540
28894	22	249	15	17223	0	17509
28895	23	85	17326	212	0	17646
28896	12	17366	215	63	0	17656
28897	19	220	72	17565	0	17876
28898	17685	75	38	235	0	18033
28899	233	41	16870	653	0	17797
28900	17186	26	226	57	0	17495
28901	17859	34	77	50	0	18020
28902	324	25	40	18105	0	18494
28903	99	32	18810	275	0	19216
28904	64	29	18858	95	0	19046
28905	42	19996	382	51	0	20471
28906	59	346	124	19648	0	20177
28907	30	106	19749	322	0	20207
28908	20	62	19761	116	0	19959
28909	23	20159	436	68	0	20686
28910	20255	355	156	45	0	20811
28911	20675	117	88	62	0	20942
28912	467	63	64	21318	0	21912
28913	166	51	22069	395	0	22681
28914	101	44	21997	141	0	22283
28915	65	22711	520	95	0	23391
28916	58	386	23056	51	0	23551
28917	41	152	22810	51	0	23054
28918	81	132	583	21702	0	22498
28919	34	63	22855	424	0	23376
28920	22140	42	523	176	0	22881
28921	440	53	221	23013	0	23727
28922	144	42	23689	445	0	24320
28923	74	23723	483	180	0	24460
28924	92	436	197	23928	0	24653
28925	51	167	24287	465	0	24970
28926	42	24734	528	186	0	25490
28927	68	488	220	24336	0	25112
28928	51	25203	141	470	0	25865
28929	85	508	125	25340	0	26058
28930	72	191	112	25471	0	25846
28931	48	96	25207	652	0	26003
28932	39	25304	544	260	0	26147
28933	60	494	297	25401	0	26252
28934	68	186	158	25677	0	26089
28935	58	104	147	26049	0	26358
28936	48	86	25284	705	0	26123
28937	26	25056	553	321	0	25956
28938	55	504	232	25310	0	26101
28939	46	212	25214	567	0	26039
28940	35	25153	576	266	0	26030
28941	48	547	243	25323	0	26161
28942	30	227	25553	574	0	26384
28943	35	25566	550	269	0	26420
28944	63	553	238	25399	0	26253
28945	54	226	147	26140	0	26567
28946	34	147	26238	710	0	27129
28947	24777	106	563	373	0	25819
28948	456	26158	253	229	0	27096
28949	26397	531	168	202	0	27298
28950	514	237	26398	177	0	27326
28951	26427	141	584	195	0	27347
28952	537	124	277	26757	0	27695
28953	210	123	160	27544	0	28037
28954	98	101	26867	733	0	27799
28955	24988	115	588	338	0	26029
28956	25548	115	249	255	0	26167
28957	596	25217	186	214	0	26213
28958	223	26230	155	186	0	26794
28959	26091	665	151	185	0	27092
28960	564	285	26016	154	0	27019
28961	215	26934	570	193	0	27912
28962	136	548	269	27582	0	28535
28963	144	237	171	28233	0	28785
28964	128	140	27719	728	0	28715
28965	27041	129	600	357	0	28127
28966	585	136	28427	229	0	29377
28967	28412	91	687	206	0	29396
28968	666	119	29622	172	0	30579
28969	281	29636	700	159	0	30776
28970	29950	610	340	186	0	31086
28971	30292	283	208	187	0	30970
28972	29940	163	195	172	0	30470
28973	30273	160	174	146	0	30753
28974	879	130	146	29626	0	30781
28975	366	126	29605	646	0	30743
28976	252	149	639	29048	0	30088
28977	174	29422	306	644	0	30546
28978	192	572	197	29914	0	30875
28979	148	243	29640	660	0	30691
28980	152	154	29291	316	0	29913
28981	174	191	728	28897	0	29990
28982	28647	109	404	647	0	29807
28983	28192	93	224	311	0	28820
28984	28502	88	197	196	0	28983
28985	793	108	28310	188	0	29399
28986	378	107	28226	147	0	28858
28987	242	27852	694	157	0	28945
28988	212	28628	322	138	0	29300
28989	27677	582	349	163	0	28771
28990	28009	254	157	162	0	28582
28991	624	28409	148	173	0	29354
28992	28175	483	119	161	0	28938
28993	28240	204	139	153	0	28736
28994	619	28184	116	151	0	29070
28995	28655	472	121	149	0	29397
28996	28580	212	124	141	0	29057
28997	620	28695	132	134	0	29581
28998	28949	458	134	131	0	29672
28999	29009	200	136	162	0	29507
29000	674	157	28926	105	0	29862
29001	352	111	28522	99	0	29084
29002	239	28017	528	92	0	28876
29003	184	28410	240	73	0	28907
29004	27898	513	356	124	0	28891
29005	27115	178	129	92	0	27514
29006	26854	115	83	71	0	27123
29007	499	26748	100	53	0	27400
29008	247	320	67	26977	0	27611
29009	166	156	27151	303	0	27776
29010	187	289	306	26295	0	27077
29011	158	27144	142	294	0	27738
29012	26437	285	77	126	0	26925
29013	334	25807	54	68	0	26263
29014	191	272	44	25899	0	26406
29015	26993	109	39	324	0	27465
29016	26917	67	46	120	0	27150
29017	413	67	26637	62	0	27179
29018	26940	56	272	86	0	27354
29019	28509	53	114	64	0	28740
29020	28922	51	76	65	0	29114
29021	480	70	73	27800	0	28423
29022	201	27858	50	302	0	28411
29023	171	333	50	28525	0	29079
29024	146	127	28815	347	0	29435
29025	122	28915	344	153	0	29534
29026	129	340	139	28612	0	29220
29027	121	152	28659	310	0	29242
29028	101	28412	327	131	0	28971
29029	183	323	122	27560	0	28188
29030	117	144	28375	312	0	28948
29031	25842	103	345	193	0	26483
29032	390	87	28723	81	0	29281
29033	198	72	28516	71	0	28857
29034	135	28977	420	65	0	29597
29035	151	364	164	29159	0	29838
29036	141	165	107	28744	0	29157
29037	135	28488	92	393	0	29108
29038	161	364	73	29783	0	30381
29039	30018	149	83	413	0	30663
29040	30041	87	87	195	0	30410
29041	505	114	28751	108	0	29478
29042	29566	87	332	146	0	30131
29043	30575	87	154	119	0	30935
29044	523	108	30320	77	0	31028
29045	234	30343	389	89	0	31055
29046	156	30444	173	71	0	30844
29047	187	501	113	28124	0	28925
29048	129	29992	96	314	0	30531
29049	158	466	28001	145	0	28770
29050	169	183	28672	105	0	29129
29051	147	29756	479	66	0	30448
29052	29678	424	189	122	0	30413
29053	30297	195	116	111	0	30719
29054	30603	131	86	119	0	30939
29055	30611	141	66	110	0	30928
29056	29187	115	77	154	0	29533
29057	557	29718	104	72	0	30451
29058	266	449	29464	59	0	30238
29059	227	198	399	29307	0	30131
29060	29118	113	150	442	0	29823
29061	486	28407	94	156	0	29143
29062	262	471	109	27962	0	28804
29063	215	178	28062	361	0	28816
29064	160	27187	407	145	0	27899
29065	110	28062	178	88	0	28438
29066	26712	564	206	214	0	27696
29067	369	26510	76	74	0	27029
29068	193	340	57	25598	0	26188
29069	25623	125	52	359	0	26159
29070	25521	93	61	140	0	25815
29071	25602	82	50	104	0	25838
29072	457	76	25040	53	0	25626
29073	182	25274	309	48	0	25813
29074	25805	332	121	92	0	26350
29075	377	159	59	25585	0	26180
29076	25876	75	61	371	0	26383
29077	387	25533	62	141	0	26123
29078	26753	356	43	112	0	27264
29079	28866	151	57	102	0	29176
29080	587	107	52	28486	0	29232
29081	279	101	29679	437	0	30496
29082	234	63	452	30357	0	31106
29083	30432	79	174	562	0	31247
29084	30707	84	102	241	0	31134
29085	671	29939	91	140	0	30841
29086	29353	469	78	134	0	30034
29087	581	29622	66	118	0	30387
29088	29760	497	73	132	0	30462
29089	28993	218	75	173	0	29459
29090	650	156	29267	83	0	30156
29091	283	29108	448	116	0	29955
29092	253	527	178	29443	0	30401
29093	198	218	119	29957	0	30492
29094	187	146	110	29066	0	29509
29095	129	29173	97	647	0	30046
29096	143	509	29135	267	0	30054
29097	149	242	29425	155	0	29971
29098	132	34170	595	134	0	35031
29099	34276	733	241	170	0	35420
29100	735	299	34078	105	0	35217
29101	33540	224	740	137	0	34641
29102	871	33913	294	97	0	35175
29103	374	747	34409	70	0	35600
29104	332	291	749	33973	0	35345
29105	202	267	34883	721	0	36073
29106	190	155	35631	283	0	36259
29107	245	164	961	33170	0	34540
29108	196	33793	423	679	0	35091
29109	169	35248	266	242	0	35925
29110	34475	879	206	575	0	36135
29111	784	412	34470	130	0	35796
29112	34643	274	748	161	0	35826
29113	35178	181	337	150	0	35846
29114	975	34907	243	93	0	36218
29115	33916	726	120	99	0	34861
29116	34217	306	120	89	0	34732
29117	33132	228	95	102	0	33557
29118	1045	31789	123	101	0	33058
29119	476	29905	139	76	0	30596
29120	325	31547	103	83	0	32058
29121	31365	870	232	101	0	32568
29122	31386	392	118	110	0	32006
29123	888	250	29608	55	0	30801
29124	438	170	29508	42	0	30158
29125	30276	126	740	74	0	31216
29126	30887	97	313	81	0	31378
29127	31261	92	211	115	0	31679
29128	939	86	142	30268	0	31435
29129	482	84	110	30864	0	31540
29130	370	85	90	31256	0	31801
29131	271	118	71	31566	0	32026
29132	191	142	29008	863	0	30204
29133	186	111	29954	375	0	30626
29134	183	107	29890	236	0	30416
29135	213	89	29681	137	0	30120
29136	29583	93	815	120	0	30611
29137	659	29767	397	96	0	30919
29138	314	30939	261	95	0	31609
29139	30621	707	156	102	0	31586
29140	733	349	30449	94	0	31625
29141	325	273	29889	99	0	30586
29142	29786	196	819	154	0	30955
29143	30509	146	388	153	0	31196
29144	799	30238	284	138	0	31459
29145	461	562	216	30277	0	31516
29146	30870	232	190	549	0	31841
29147	31503	220	172	220	0	32115
29148	906	169	148	30845	0	32068
29149	478	31750	127	551	0	32906
29150	32252	609	96	267	0	33224
29151	737	311	31413	219	0	32680
29152	31120	223	599	190	0	32132
29153	748	31492	276	175	0	32691
29154	31931	573	290	168	0	32962
29155	31596	252	204	159	0	32211
29156	794	235	31788	130	0	32947
29157	487	193	31235	111	0	32026
29158	31584	185	766	107	0	32642
29159	32375	150	388	118	0	33031
29160	822	32479	296	82	0	33679
29161	488	599	212	32844	0	34143
29162	385	263	32644	528	0	33820
29163	32412	240	642	213	0	33507
29164	771	163	327	32912	0	34173
29165	434	158	278	33336	0	34206
29166	33085	140	202	726	0	34153
29167	723	33747	191	386	0	35047
29168	34254	603	149	314	0	35320
29169	34506	264	174	210	0	35154
29170	34858	234	157	187	0	35436
29171	972	34155	159	145	0	35431
29172	34744	631	147	138	0	35660
29173	961	273	146	34416	0	35796
29174	533	263	154	34455	0	35405
29175	518	176	34088	728	0	35510
29176	432	178	33444	363	0	34417
29177	350	33700	710	271	0	35031
29178	286	34235	341	200	0	35062
29179	271	581	32171	116	0	33139
29180	221	32334	544	110	0	33209
29181	31886	686	334	219	0	33125
29182	32164	220	168	102	0	32654
29183	32497	186	115	82	0	32880
29184	774	133	112	31309	0	32328
29185	408	110	93	32113	0	32724
29186	299	112	32230	563	0	33204
29187	186	31910	449	316	0	32861
29188	31969	461	180	259	0	32869
29189	553	31992	193	102	0	32840
29190	32191	546	113	117	0	32967
29191	32387	223	90	113	0	32813
29192	736	184	76	31512	0	32508
29193	431	102	101	31818	0	32452
29194	325	118	66	32470	0	32979
29195	268	122	31096	685	0	32171
29196	201	30444	423	368	0	31436
29197	160	30485	195	275	0	31115
29198	72	25643	40	83	0	25838
29199	70	25541	51	77	0	25739
29200	65	25833	54	76	0	26028
29201	24706	261	114	83	0	25164
29202	218	122	24800	41	0	25181
29203	86	24712	178	61	0	25037
29204	63	189	23993	28	0	24273
29205	55	24691	163	33	0	24942
29206	216	302	121	19032	0	19671
29207	65	94	42	23674	0	23875
29208	50	24215	35	205	0	24505
29209	23877	179	34	119	0	24209
29210	181	93	23616	49	0	23939
29211	84	24033	149	45	0	24311
29212	71	201	23611	28	0	23911
29213	80	105	168	23545	0	23898
29214	91	78	74	22575	0	22818
29215	63	23459	43	191	0	23756
29216	77	182	47	23879	0	24185
29217	69	98	33	23985	0	24185
29218	51	23890	52	245	0	24238
29219	59	183	23661	104	0	24007
29220	56	117	23162	73	0	23408
29221	22813	68	208	91	0	23180
29222	23957	60	88	62	0	24167
29223	233	76	40	23336	0	23685
29224	109	57	23274	197	0	23637
29225	81	78	175	22660	0	22994
29226	70	23691	95	212	0	24068
29227	62	199	23668	99	0	24028
29228	41	23328	183	90	0	23642
29229	41	218	23253	59	0	23571
29230	43	23407	184	57	0	23691
29231	23196	200	86	85	0	23567
29232	176	127	44	23046	0	23393
29233	105	75	55	22711	0	22946
29234	74	73	22938	212	0	23297
29235	81	74	21941	91	0	22187
29236	48	22755	214	71	0	23088
29237	22768	176	99	100	0	23143
29238	178	100	68	22367	0	22713
29239	75	70	22713	188	0	23046
29240	48	84	21668	98	0	21898
29241	20574	74	226	92	0	20966
29242	21381	67	102	87	0	21637
29243	215	77	21737	33	0	22062
29244	111	156	188	20921	0	21376
29245	63	21384	85	166	0	21698
29246	21597	178	79	124	0	21978
29247	163	21390	60	94	0	21707
29248	20846	163	44	74	0	21127
29249	162	20534	47	50	0	20793
29250	63	20871	40	70	0	21044
29251	62	201	37	20969	0	21269
29252	50	83	40	21045	0	21218
29253	40	20970	46	217	0	21273
29254	52	165	20515	64	0	20796
29255	53	80	20063	52	0	20248
29256	54	55	20173	40	0	20322
29257	19383	48	213	72	0	19716
29258	20251	32	100	84	0	20467
29259	175	21008	50	65	0	21298
29260	69	223	20792	39	0	21123
29261	55	94	206	20802	0	21157
29262	33	85	21883	218	0	22219
29263	34	69	22368	82	0	22553
29264	63	51	342	24114	0	24570
29265	67	59	115	25644	0	25885
29266	38	57	27464	541	0	28100
29267	27106	39	472	339	0	27956
29268	496	28876	247	164	0	29783
29269	241	30492	171	75	0	30979
29270	178	777	91	29924	0	30970
29271	30697	387	79	554	0	31717
29272	642	31246	66	317	0	32271
29273	31398	712	63	192	0	32365
29274	688	31732	49	106	0	32575
29275	32823	765	39	145	0	33772
29276	848	375	32602	89	0	33914
29277	416	281	33112	88	0	33897
29278	370	295	910	32194	0	33769
29279	172	174	32759	679	0	33784
29280	176	30785	859	308	0	32128
29281	142	31125	418	181	0	31866
29282	31062	954	316	141	0	32473
29283	753	453	166	30277	0	31649
29284	322	31372	181	705	0	32580
29285	31795	801	144	342	0	33082
29286	31553	456	106	202	0	32317
29287	32618	277	91	135	0	33121
29288	1225	207	87	31516	0	33035
29289	640	184	90	32298	0	33212
29290	390	156	31846	1005	0	33397
29291	293	135	31822	481	0	32731
29292	31428	117	981	325	0	32851
29293	893	130	476	31316	0	32815
29294	423	145	31370	843	0	32781
29295	30875	141	848	472	0	32336
29296	854	32105	460	288	0	33707
29297	32474	736	298	253	0	33761
29298	33128	384	187	219	0	33918
29299	33330	235	188	189	0	33942
29300	1348	145	31814	160	0	33467
29301	32180	159	759	154	0	33252
29302	1182	651	370	30467	0	32670
29303	633	30301	282	755	0	31971
29304	516	32333	211	372	0	33432
29305	32174	925	256	267	0	33622
29306	32586	441	193	184	0	33404
29307	32970	254	155	237	0	33616
29308	1358	200	152	31635	0	33345
29309	773	201	137	32274	0	33385
29310	584	221	122	31574	0	32501
29311	485	31544	103	1107	0	33239
29312	31600	795	118	518	0	33031
29313	32196	370	108	394	0	33068
29314	32673	252	129	340	0	33394
29315	1394	203	31701	292	0	33590
29316	32646	232	761	256	0	33895
29317	1292	241	332	30996	0	32861
29318	760	31827	217	807	0	33611
29319	32056	841	153	390	0	33440
29320	32306	391	166	298	0	33161
29321	1445	272	31904	224	0	33845
29322	850	177	795	31546	0	33368
29323	520	32221	386	919	0	34046
29324	33233	864	256	524	0	34877
29325	1186	466	166	33188	0	35006
29326	782	327	187	33191	0	34487
29327	622	212	165	33875	0	34874
29328	520	219	157	34749	0	35645
29329	458	210	33536	1449	0	35653
29330	423	33600	898	752	0	35673
29331	426	931	378	34119	0	35854
29332	364	463	34111	1171	0	36109
29333	33911	340	943	701	0	35895
29334	35118	222	480	499	0	36319
29335	1414	271	378	34564	0	36627
29336	34938	219	258	1178	0	36593
29337	35836	236	261	659	0	36992
29338	1582	224	34871	465	0	37142
29339	892	34761	940	420	0	37013
29340	35420	950	446	466	0	37282
29341	1336	423	320	35343	0	37422
29342	36103	311	250	1182	0	37846
29343	1403	233	303	35629	0	37568
29344	744	270	233	36467	0	37714
29345	621	235	34965	1432	0	37253
29346	33219	177	1005	894	0	35295
29347	1265	35320	446	605	0	37636
29348	809	935	35147	472	0	37363
29349	595	35287	966	506	0	37354
29350	35060	1093	508	407	0	37068
29351	1348	507	385	34668	0	36908
29352	34836	381	273	1123	0	36613
29353	1349	34470	280	590	0	36689
29354	35364	1039	236	467	0	37106
29355	36084	476	192	433	0	37185
29356	36185	310	169	423	0	37087
29357	35937	209	189	443	0	36778
29358	1717	34654	179	392	0	36942
29359	34824	929	196	289	0	36238
29360	1531	461	205	34020	0	36217
29361	938	495	168	33758	0	35359
29362	765	31132	188	1177	0	33262
29363	575	31132	176	679	0	32562
29364	563	30522	134	356	0	31575
29365	28554	920	189	389	0	30052
29366	855	26488	88	307	0	27738
29367	432	24436	135	168	0	25171
29368	23860	557	369	195	0	24981
29369	23415	213	107	165	0	23900
29370	658	23182	87	141	0	24068
29371	22894	473	48	145	0	23560
29372	660	177	21914	117	0	22868
29373	21525	156	347	161	0	22189
29374	613	145	21561	143	0	22462
29375	240	19825	310	108	0	20483
29376	209	20087	96	101	0	20493
29377	515	521	163	18981	0	20180
29378	19188	116	94	336	0	19734
29379	19509	81	37	133	0	19760
29380	19749	88	60	129	0	20026
29381	19823	79	42	105	0	20049
29382	19452	76	42	115	0	19685
29383	355	92	18713	106	0	19266
29384	173	112	18089	75	0	18449
29385	18686	89	239	99	0	19113
29386	313	18917	83	83	0	19396
29387	18655	226	96	86	0	19063
29388	19138	100	53	86	0	19377
29389	19540	81	39	90	0	19750
29390	19531	79	42	88	0	19740
29391	19575	58	50	95	0	19778
29392	345	83	19117	69	0	19614
29393	19631	61	223	92	0	20007
29394	19918	82	73	95	0	20168
29395	355	75	18812	96	0	19338
29396	18463	72	198	132	0	18865
29397	19487	84	65	93	0	19729
29398	372	87	19898	73	0	20430
29399	196	79	19770	77	0	20122
29400	206	20129	265	55	0	20655
29401	211	247	105	20177	0	20740
29402	184	97	20359	219	0	20859
29403	20396	83	236	112	0	20827
29404	362	76	90	21334	0	21862
29405	177	65	21790	235	0	22267
29406	21668	76	246	103	0	22093
29407	22261	82	73	80	0	22496
29408	22287	89	48	83	0	22507
29409	409	22437	49	69	0	22964
29410	260	250	41	22190	0	22741
29411	204	22539	45	243	0	23031
29412	22834	261	65	105	0	23265
29413	22688	114	66	86	0	22954
29414	387	80	22370	53	0	22890
29415	160	21496	230	49	0	21935
29416	124	21663	91	31	0	21909
29417	115	263	76	21438	0	21892
29418	132	102	34	21641	0	21909
29419	21544	56	31	261	0	21892
29420	302	21299	38	90	0	21729
29421	164	21276	26	39	0	21505
29422	151	275	21003	35	0	21464
29423	133	21350	215	46	0	21744
29424	21138	246	88	70	0	21542
29425	291	96	20769	31	0	21187
29426	19335	55	188	50	0	19628
29427	260	47	20103	37	0	20447
29428	18484	27	148	42	0	18701
29429	176	20342	53	33	0	20604
29430	21037	195	35	45	0	21312
29431	242	70	21569	16	0	21897
29432	21387	54	217	54	0	21712
29433	21596	30	106	56	0	21788
29434	277	38	21950	10	0	22275
29435	21942	36	201	58	0	22237
29436	22689	38	74	44	0	22845
29437	22164	31	36	52	0	22283
29438	308	21719	35	18	0	22080
29439	22222	201	34	41	0	22498
29440	302	95	22000	26	0	22423
29441	126	23314	210	26	0	23676
29442	23625	253	106	43	0	24027
29443	23404	83	44	42	0	23573
29444	23738	42	43	38	0	23861
29445	367	23512	34	30	0	23943
29446	164	279	31	26237	0	26711
29447	107	82	26237	373	0	26799
29448	129	58	389	26166	0	26742
29449	95	52	26928	436	0	27511
29450	26147	35	479	152	0	26813
29451	493	27175	138	75	0	27881
29452	223	460	81	26985	0	27749
29453	127	27585	57	410	0	28179
29454	125	506	47	27718	0	28396
29455	123	166	44	27788	0	28121
29456	94	28312	42	590	0	29038
29457	128	535	43	28647	0	29353
29458	133	184	44	29796	0	30157
29459	87	29514	59	670	0	30330
29460	77	30585	62	246	0	30970
29461	139	713	64	30275	0	31191
29462	103	257	30147	639	0	31146
29463	85	30693	601	212	0	31591
29464	136	656	180	30652	0	31624
29465	98	238	31697	669	0	32702
29466	68	31985	662	282	0	32997
29467	31851	728	192	208	0	32979
29468	692	272	31623	143	0	32730
29469	31361	162	688	184	0	32395
29470	785	166	197	31464	0	32612
29471	281	154	121	31983	0	32539
29472	209	139	95	32175	0	32618
29473	115	147	31429	959	0	32650
29474	102	144	31198	375	0	31819
29475	30582	151	819	284	0	31836
29476	729	117	314	31451	0	32611
29477	241	125	31724	784	0	32874
29478	31306	154	723	331	0	32514
29479	784	142	252	31699	0	32877
29480	325	137	184	32019	0	32665
29481	273	136	155	31867	0	32431
29482	162	31671	151	978	0	32962
29483	193	701	113	31163	0	32170
29484	135	30906	147	881	0	32069
29485	134	32328	146	364	0	32972
29486	31774	862	128	326	0	33090
29487	29978	346	171	321	0	30816
29488	31846	216	141	261	0	32464
29489	910	31017	137	243	0	32307
29490	31010	728	133	276	0	32147
29491	31483	276	139	265	0	32163
29492	965	198	136	30728	0	32027
29493	405	171	148	31169	0	31893
29494	279	167	30220	970	0	31636
29495	194	30640	707	486	0	32027
29496	30144	737	278	371	0	31530
29497	30439	293	202	306	0	31240
29498	869	30047	149	281	0	31346
29499	30013	758	144	310	0	31225
29500	30203	304	112	293	0	30912
29501	962	275	120	29369	0	30726
29502	442	28538	140	810	0	29930
29503	320	29913	117	372	0	30722
29504	29203	848	110	356	0	30517
29505	847	371	97	28781	0	30096
29506	344	280	28359	848	0	29831
29507	27872	242	666	434	0	29214
29508	807	225	28941	359	0	30332
29509	346	28594	709	284	0	29933
29510	28680	776	290	286	0	30032
29511	822	346	28471	273	0	29912
29512	380	302	699	28863	0	30244
29513	297	266	29622	811	0	30996
29514	256	29813	748	384	0	31201
29515	303	756	280	29979	0	31318
29516	281	370	29602	824	0	31077
29517	28339	288	690	473	0	29790
29518	771	30166	284	355	0	31576
29519	398	728	219	29431	0	30776
29520	262	30473	221	785	0	31741
29521	30127	822	177	422	0	31548
29522	30073	362	171	369	0	30975
29523	835	29999	195	325	0	31354
29524	450	757	250	29402	0	30859
29525	327	30140	215	721	0	31403
29526	29985	809	181	436	0	31411
29527	803	338	29704	318	0	31163
29528	377	321	29283	277	0	30258
29529	331	28943	735	258	0	30267
29530	234	29244	375	251	0	30104
29531	256	743	275	28511	0	29785
29532	28330	342	170	722	0	29564
29533	28678	230	185	343	0	29436
29534	28068	198	149	313	0	28728
29535	864	28517	186	223	0	29790
29536	429	600	144	28295	0	29468
29537	325	28617	140	623	0	29705
29538	28738	649	136	344	0	29867
29539	702	293	153	28398	0	29546
29540	362	220	27729	644	0	28955
29541	264	27361	551	330	0	28506
29542	27115	592	214	243	0	28164
29543	629	272	26994	211	0	28106
29544	26534	255	520	208	0	27517
29545	676	26573	199	215	0	27663
29546	221	24559	89	119	0	24988
29547	24024	426	103	85	0	24638
29548	413	24517	64	95	0	25089
29549	23887	367	95	102	0	24451
29550	367	23921	55	71	0	24414
29551	24117	363	99	82	0	24661
29552	24078	143	98	88	0	24407
29553	409	130	24104	60	0	24703
29554	184	98	23369	54	0	23705
29555	113	23681	284	59	0	24137
29556	23360	264	200	74	0	23898
29557	278	117	22688	42	0	23125
29558	21723	116	224	51	0	22114
29559	242	126	94	21666	0	22128
29560	103	42	22085	141	0	22371
29561	92	39	20888	44	0	21063
29562	53	47	22162	42	0	22304
29563	43	22196	173	28	0	22440
29564	228	369	211	21411	0	22219
29565	21001	24	33	84	0	21142
29566	80	13	8	21169	0	21270
29567	21417	11	17	103	0	21548
29568	107	18	8	21416	0	21549
29569	21695	14	4	139	0	21852
29570	21614	11	19	117	0	21761
29571	24217	18	10	59	0	24304
29572	230	24700	18	14	0	24962
29573	95	223	25106	10	0	25434
29574	66	77	225	25176	0	25544
29575	528	191	264	14556	0	15539
29576	42	31	40	26109	0	26222
29577	49	27	19	25650	0	25745
29578	37	25173	32	376	0	25618
29579	40	259	24819	143	0	25261
29580	22	25383	278	89	0	25772
29581	84	319	99	24232	0	24734
29582	23	126	52	25862	0	26063
29583	41	56	23	26048	0	26168
29584	43	34	26	25891	0	25994
29585	41	24936	28	422	0	25427
29586	33	25326	36	180	0	25575
29587	26	369	24943	90	0	25428
29588	37	137	280	25147	0	25601
29589	38	84	102	25567	0	25791
29590	50	48	52	26188	0	26338
29591	26271	43	20	485	0	26819
29592	312	26171	41	194	0	26718
29593	133	330	25992	104	0	26559
29594	26018	123	295	102	0	26538
29595	331	79	107	26422	0	26939
29596	26907	34	55	404	0	27400
29597	377	47	23	27083	0	27530
29598	27220	52	25	414	0	27711
29599	391	53	24	27216	0	27684
29600	27050	27	49	416	0	27542
29601	400	48	27342	158	0	27948
29602	206	42	285	27337	0	27870
29603	114	28001	116	328	0	28559
29604	86	328	56	28791	0	29261
29605	28588	133	33	446	0	29200
29606	362	28359	76	180	0	28977
29607	185	381	38	29826	0	30430
29608	93	29493	45	436	0	30067
29609	81	472	20	30021	0	30594
29610	96	186	34	30300	0	30616
29611	68	106	29552	632	0	30358
29612	120	58	427	28968	0	29573
29613	52	82	28530	556	0	29220
29614	54	28009	511	259	0	28833
29615	28218	458	168	190	0	29034
29616	467	169	28050	124	0	28810
29617	27539	95	479	166	0	28279
29618	28888	54	200	139	0	29281
29619	653	66	111	28924	0	29754
29620	244	80	29752	536	0	30612
29621	29154	49	524	289	0	30016
29622	31461	50	217	201	0	31929
29623	760	49	113	30698	0	31620
29624	347	59	64	31183	0	31653
29625	177	30853	93	780	0	31903
29626	164	569	76	31032	0	31841
29627	118	31201	61	661	0	32041
29628	101	611	30854	312	0	31878
29629	103	262	516	30751	0	31632
29630	30223	130	211	687	0	31251
29631	30689	81	98	345	0	31213
29632	685	30361	77	210	0	31333
29633	297	543	74	30936	0	31850
29634	30952	210	71	660	0	31893
29635	605	30009	67	301	0	30982
29636	30421	586	34	241	0	31282
29637	708	224	41	31394	0	32367
29638	32844	157	34	736	0	33771
29639	787	138	34891	293	0	36109
29640	296	35122	720	229	0	36367
29641	35189	784	255	229	0	36457
29642	785	36044	150	221	0	37200
29643	36803	845	101	198	0	37947
29644	37766	313	82	192	0	38353
29645	1127	202	37098	149	0	38576
29646	549	144	799	36880	0	38372
29647	38055	113	280	923	0	39371
29648	980	135	37339	337	0	38791
29649	37513	117	860	260	0	38750
29650	1067	113	286	37583	0	39049
29651	440	98	37396	943	0	38877
29652	346	83	852	37173	0	38454
29653	36656	88	344	1040	0	38128
29654	977	105	36955	428	0	38465
29655	477	109	857	37178	0	38621
29656	359	120	347	37883	0	38709
29657	37598	77	241	1232	0	39148
29658	37844	88	174	563	0	38669
29659	1180	37654	180	379	0	39393
29660	558	862	149	37637	0	39206
29661	430	314	158	38031	0	38933
29662	366	192	144	37797	0	38499
29663	36890	130	156	1297	0	38473
29664	37514	123	145	596	0	38378
29665	1264	130	148	36652	0	38194
29666	636	35706	141	1041	0	37524
29667	480	858	134	35625	0	37097
29668	381	36252	155	1020	0	37808
29669	35761	883	139	592	0	37375
29670	1068	35024	156	419	0	36667
29671	32986	758	163	301	0	34208
29672	1012	322	135	32298	0	33767
29673	32023	201	149	878	0	33251
29674	970	161	31360	453	0	32944
29675	495	31973	692	380	0	33540
29676	31745	729	405	369	0	33248
29677	32105	276	224	331	0	32936
29678	1063	185	157	31091	0	32496
29679	508	30909	168	854	0	32439
29680	411	664	157	32179	0	33411
29681	404	258	124	32504	0	33290
29682	376	193	136	32596	0	33301
29683	32016	171	121	1127	0	33435
29684	32482	163	99	627	0	33371
29685	1090	152	84	31807	0	33133
29686	546	31608	100	930	0	33184
29687	32234	703	88	545	0	33570
29688	935	289	31543	423	0	33190
29689	534	218	611	32158	0	33521
29690	441	182	31774	930	0	33327
29691	399	193	675	31804	0	33071
29692	341	218	31786	954	0	33299
29693	372	178	695	31819	0	33064
29694	31714	225	265	992	0	33196
29695	31967	188	188	539	0	32882
29696	1052	30843	131	404	0	32430
29697	31737	698	124	355	0	32914
29698	992	326	136	31225	0	32679
29699	552	263	124	31969	0	32908
29700	31732	193	182	1064	0	33171
29701	994	220	30495	524	0	32233
29702	577	179	30375	407	0	31538
29703	464	223	30048	372	0	31107
29704	29521	161	809	412	0	30903
29705	936	177	30267	341	0	31721
29706	503	151	29144	393	0	30191
29707	27996	179	790	380	0	29345
29708	803	28542	355	365	0	30065
29709	471	542	253	28995	0	30261
29710	405	229	209	29681	0	30524
29711	359	177	29271	875	0	30682
29712	28878	144	637	535	0	30194
29713	29295	131	312	448	0	30186
29714	28104	122	279	439	0	28944
29715	860	115	29072	369	0	30416
29716	28572	100	647	427	0	29746
29717	851	113	28130	376	0	29470
29718	472	27740	637	346	0	29195
29719	419	28256	291	353	0	29319
29720	26803	577	252	311	0	27943
29721	694	26201	209	302	0	27406
29722	392	26289	175	282	0	27138
29723	26030	531	201	314	0	27076
29724	642	26056	191	294	0	27183
29725	26088	513	201	268	0	27070
29726	699	233	190	26411	0	27533
29727	406	180	214	26829	0	27629
29728	337	164	205	26927	0	27633
29729	316	191	224	26442	0	27173
29730	330	26214	214	709	0	27467
29731	26798	512	217	391	0	27918
29732	702	28175	192	277	0	29346
29733	449	29272	215	373	0	30309
29734	400	745	30051	276	0	31472
29735	29422	264	748	303	0	30737
29736	916	217	31323	225	0	32681
29737	564	155	31956	195	0	32870
29738	290	30895	841	223	0	32249
29739	127	30696	262	116	0	31201
29740	31004	757	311	156	0	32228
29741	649	32750	131	113	0	33643
29742	332	701	32349	58	0	33440
29743	182	31706	656	94	0	32638
29744	142	734	31968	43	0	32887
29745	107	286	31359	33	0	31785
29746	30017	221	888	55	0	31181
29747	645	137	30766	46	0	31594
29748	308	119	743	29809	0	30979
29749	29566	67	362	640	0	30635
29750	608	29431	263	312	0	30614
29751	296	604	29813	148	0	30861
29752	29478	235	716	127	0	30556
29753	701	142	299	28713	0	29855
29754	340	27986	180	608	0	29114
29755	169	643	28771	318	0	29901
29756	28449	247	697	172	0	29565
29757	725	141	28955	76	0	29897
29758	344	99	745	28678	0	29866
29759	182	97	28348	640	0	29267
29760	176	67	774	28262	0	29279
29761	27938	54	327	774	0	29093
29762	645	28350	242	334	0	29571
29763	28788	612	141	231	0	29772
29764	773	272	28559	101	0	29705
29765	390	138	693	28989	0	30210
29766	243	105	29384	674	0	30406
29767	28847	107	809	311	0	30074
29768	29647	79	333	218	0	30277
29769	914	29425	255	133	0	30727
29770	29813	656	147	155	0	30771
29771	30357	261	184	100	0	30902
29772	1070	159	125	29430	0	30784
29773	469	107	29408	671	0	30655
29774	272	28451	696	310	0	29729
29775	291	677	277	28674	0	29919
29776	28916	287	174	741	0	30118
29777	766	172	28622	316	0	29876
29778	371	122	28852	177	0	29522
29779	232	142	28368	122	0	28864
29780	27548	100	1032	167	0	28847
29781	799	105	28120	68	0	29092
29782	27459	103	931	94	0	28587
29783	861	96	26105	86	0	27148
29784	378	27102	857	75	0	28412
29785	318	663	395	26835	0	28211
29786	192	284	27081	651	0	28208
29787	180	26101	819	290	0	27390
29788	141	27053	407	180	0	27781
29789	167	928	264	26458	0	27817
29790	26345	399	205	743	0	27692
29791	731	253	231	26483	0	27698
29792	26039	210	184	792	0	27225
29793	865	203	165	25985	0	27218
29794	409	152	25702	838	0	27101
29795	303	159	25927	358	0	26747
29796	25235	120	983	309	0	26647
29797	25773	111	488	204	0	26576
29798	999	131	25023	196	0	26349
29799	24672	123	879	177	0	25851
29800	935	147	24816	114	0	26012
29801	495	23575	883	133	0	25086
29802	369	23833	464	111	0	24777
29803	279	23920	376	128	0	24703
29804	323	965	269	23240	0	24797
29805	23181	422	307	720	0	24630
29806	23654	312	250	334	0	24550
29807	1056	226	231	23061	0	24574
29808	517	247	22255	752	0	23771
29809	362	200	809	22355	0	23726
29810	324	176	22219	821	0	23540
29811	310	150	897	21938	0	23295
29812	21590	104	519	935	0	23148
29813	22228	108	386	427	0	23149
29814	22199	106	321	339	0	22965
29815	22355	123	287	242	0	23007
29816	1169	93	254	21354	0	22870
29817	653	128	222	21928	0	22931
29818	21532	104	238	972	0	22846
29819	22058	96	201	484	0	22839
29820	1172	86	208	21349	0	22815
29821	635	98	188	21825	0	22746
29822	421	97	202	21724	0	22444
29823	394	118	175	21802	0	22489
29824	20901	109	178	1140	0	22328
29825	883	98	20440	627	0	22048
29826	509	87	738	20185	0	21519
29827	19962	89	376	919	0	21346
29828	880	95	19532	524	0	21031
29829	571	118	750	19644	0	21083
29830	399	89	19496	848	0	20832
29831	314	18049	853	839	0	20055
29832	424	556	417	16453	0	17850
29833	15388	204	361	615	0	16568
29834	607	458	249	13662	0	14976
29835	388	13015	251	612	0	14266
29836	295	12159	180	281	0	12915
29837	188	9976	126	211	0	10501
29838	220	9330	158	136	0	9844
29839	5405	683	630	463	0	7181
29840	326	240	167	3903	0	4636
29841	61	25	3230	110	0	3426
29842	52	20	92	2997	0	3161
29843	47	15	2955	106	0	3123
29844	2928	14	99	52	0	3093
29845	120	14	36	2918	0	3088
29846	60	13	23	2980	0	3076
29847	40	8	24	2967	0	3039
29848	40	19	20	2975	0	3054
29849	2890	15	17	122	0	3044
29850	2929	17	17	52	0	3015
29851	111	13	14	2878	0	3016
29852	2790	11	17	117	0	2935
29853	99	11	2735	59	0	2904
29854	42	2689	80	60	0	2871
29855	50	74	25	2708	0	2857
29856	38	14	38	2696	0	2786
29857	32	2587	12	122	0	2753
29858	40	66	26	2542	0	2674
29859	29	81	21	2508	0	2639
29860	2477	11	24	113	0	2625
29861	88	6	2339	41	0	2474
29862	29	10	2148	35	0	2222
29863	2087	6	65	35	0	2193
29864	77	9	1948	23	0	2057
29865	1146	13	79	14	0	1252
29866	988	3	31	9	0	1031
29867	43	20	7	771	0	841
29868	7	3	631	14	0	655
29869	499	6	13	6	0	524
29870	9	492	8	4	0	513
29871	279	44	44	7	0	374
29872	186	22	22	11	0	241
29873	126	1	6	5	0	138
29874	229	0	0	2	0	231
29875	238	0	0	2	0	240
29876	233	0	0	1	0	234
29877	246	0	1	0	0	247
29878	246	0	1	1	0	248
29879	240	0	0	1	0	241
29880	242	0	1	0	0	243
29881	241	0	1	1	0	243
29882	230	0	1	1	0	232
29883	220	1	1	0	0	222
29884	156	1	0	1	0	158
29885	111	0	0	1	0	112
29886	194	0	0	1	0	195
29887	231	0	0	0	0	231
29888	229	0	0	0	0	229
29889	205	0	0	0	0	205
29890	219	0	0	0	0	219
29891	240	0	0	0	0	240
29892	238	0	0	0	0	238
29893	237	0	0	0	0	237
29894	239	0	0	0	0	239
29895	233	0	0	0	0	233
29896	237	0	0	0	0	237
29897	237	0	0	0	0	237
29898	238	0	0	0	0	238
29899	233	0	0	0	0	233
29900	225	0	1	0	0	226
29901	211	0	4	0	0	215
29902	195	0	5	0	0	200
29903	169	1	23	0	0	193
