Pos	A	C	G	T	Other	Total
1	0	0	0	0	0	0
2	0	0	0	0	0	0
3	0	0	0	0	0	0
4	0	0	0	0	0	0
5	0	0	0	0	0	0
6	0	0	0	0	0	0
7	0	0	0	0	0	0
8	0	0	0	0	0	0
9	0	0	0	0	0	0
10	0	0	0	0	0	0
11	0	0	0	0	0	0
12	6	0	0	0	0	6
13	0	0	0	15	0	15
14	26	0	0	0	0	26
15	0	44	0	0	0	44
16	0	102	0	0	0	102
17	0	0	0	208	0	208
18	1	0	0	214	0	215
19	0	297	0	0	0	297
20	0	325	0	0	0	325
21	0	349	0	1	0	350
22	370	0	0	2	0	372
23	1	1	367	0	0	369
24	0	1	377	0	0	378
25	0	0	0	415	0	415
26	434	5	0	2	0	441
27	437	5	0	1	0	443
28	0	449	0	0	0	449
29	558	0	0	3	0	561
30	569	0	5	2	0	576
31	587	0	5	1	0	593
32	0	595	0	5	0	600
33	5	612	0	0	0	617
34	637	2	0	3	0	642
35	643	7	0	5	0	655
36	6	657	0	1	0	664
37	6	702	2	0	0	710
38	704	0	2	4	0	710
39	691	5	1	8	0	705
40	1	728	0	3	0	732
41	7	0	0	745	0	752
42	6	1	0	746	0	753
43	2	6	0	736	0	744
44	2	740	0	0	0	742
45	7	0	730	0	0	737
46	697	1	0	1	0	699
47	0	7	0	754	0	761
48	1	762	0	6	0	769
49	2	1	0	782	0	785
50	1	767	0	6	0	774
51	0	7	0	779	0	786
52	1	1	5	787	0	794
53	7	0	808	0	0	815
54	1	3	0	801	0	805
55	804	6	0	2	0	812
56	0	0	800	7	0	807
57	766	5	5	5	0	781
58	0	1	0	818	0	819
59	0	814	1	5	0	820
60	1	0	6	821	0	828
61	1	3	827	6	0	837
62	5	1	0	820	0	826
63	0	1	5	834	0	840
64	5	839	0	1	0	845
65	3	1	0	853	0	857
66	0	846	0	2	0	848
67	1	0	1	857	0	859
68	849	1	6	7	0	863
69	841	0	0	6	0	847
70	835	0	1	11	0	847
71	2	876	1	0	0	879
72	1	1	856	6	0	864
73	853	6	1	5	0	865
74	881	1	0	8	0	890
75	6	913	1	1	0	921
76	6	3	2	865	0	876
77	6	0	0	862	0	868
78	5	6	0	830	0	841
79	844	1	5	13	0	863
80	851	1	0	5	0	857
81	840	2	1	4	0	847
82	846	5	1	5	0	857
83	10	0	0	847	0	857
84	2	843	0	10	0	855
85	3	9	0	857	0	869
86	1	1	872	6	0	880
87	3	4	9	876	0	892
88	3	0	897	13	0	913
89	3	4	9	896	0	912
90	1	2	921	17	0	941
91	4	2	915	6	0	927
92	4	962	11	4	0	981
93	10	11	1	1010	0	1032
94	7	1	1043	11	0	1062
95	13	0	11	1019	0	1043
96	5	1036	2	7	0	1050
97	1037	10	1	14	0	1062
98	10	1069	5	1	0	1085
99	3	10	0	1061	0	1074
100	0	1072	9	7	0	1088
101	2	10	1027	9	0	1048
102	0	3	1045	1	0	1049
103	1	1042	16	11	0	1070
104	1	16	5	1063	0	1085
105	1	2	1071	15	0	1089
106	0	1066	14	3	0	1083
107	1059	11	3	6	0	1079
108	11	6	5	1062	0	1084
109	4	2	1100	14	0	1120
110	0	1102	9	2	0	1113
111	5	11	2	1111	0	1129
112	3	10	0	1112	0	1125
113	1072	1	5	21	0	1099
114	10	5	1089	3	0	1107
115	3	5	13	1073	0	1094
116	5	3	1055	14	0	1077
117	2	963	17	2	0	984
118	928	14	3	8	0	953
119	14	898	3	3	0	918
120	1	14	3	885	0	903
121	4	868	5	10	0	887
122	839	16	3	5	0	863
123	10	849	3	6	0	868
124	2	15	825	5	0	847
125	4	821	11	6	0	842
126	801	11	7	5	0	824
127	12	4	810	5	0	831
128	4	2	17	815	0	838
129	738	8	2	17	0	765
130	14	0	8	727	0	749
131	728	10	2	16	0	756
132	740	2	1	10	0	753
133	16	9	2	724	0	751
134	10	1	0	735	0	746
135	720	10	1	12	0	743
136	718	2	4	6	0	730
137	14	9	2	686	0	711
138	690	2	4	15	0	711
139	703	7	4	6	0	720
140	14	691	5	7	0	717
141	8	11	5	696	0	720
142	698	4	3	21	0	726
143	711	1	1	6	0	719
144	19	2	2	701	0	724
145	6	2	3	720	0	731
146	710	5	0	18	0	733
147	17	706	2	10	0	735
148	8	9	4	690	0	711
149	6	3	684	19	0	712
150	11	2	11	671	0	695
151	6	670	1	18	0	695
152	8	14	677	2	0	701
153	6	3	14	646	0	669
154	12	8	2	626	0	648
155	5	2	665	18	0	690
156	613	2	14	9	0	638
157	16	681	2	9	0	708
158	682	13	1	7	0	703
159	17	6	674	4	0	701
160	7	5	694	8	0	714
161	666	5	16	7	0	694
162	13	694	1	10	0	718
163	691	16	7	2	0	716
164	15	688	5	7	0	715
165	4	16	688	6	0	714
166	665	3	14	8	0	690
167	16	3	699	4	0	722
168	8	4	13	690	0	715
169	688	5	5	17	0	715
170	692	1	4	6	0	703
171	13	671	9	4	0	697
172	9	20	5	645	0	679
173	8	648	4	11	0	671
174	6	13	655	6	0	680
175	5	12	8	611	0	636
176	0	599	3	6	0	608
177	1	4	2	606	0	613
178	581	3	2	5	0	591
179	4	2	1	585	0	592
180	1	590	4	6	0	601
181	3	2	2	596	0	603
182	5	1	1	589	0	596
183	4	589	1	4	0	598
184	6	4	0	591	0	601
185	2	4	574	4	0	584
186	1	558	5	5	0	569
187	514	2	3	4	0	523
188	1	1	535	0	0	537
189	1	2	518	1	0	522
190	3	510	1	0	0	514
191	7	3	6	471	0	487
192	0	1	462	0	0	463
193	2	373	3	2	0	380
194	3	1	2	404	0	410
195	1	0	1	410	0	412
196	406	0	1	1	0	408
197	2	399	1	1	0	403
198	1	2	375	1	0	379
199	1	1	378	1	0	381
200	0	2	1	375	0	378
201	1	1	3	481	0	486
202	1	1	3	492	0	497
203	0	593	0	11	0	604
204	2	12	618	6	0	638
205	2	5	9	668	0	684
206	2	708	6	11	0	727
207	0	751	3	6	0	760
208	0	20	790	4	0	814
209	2	8	15	782	0	807
210	0	4	906	18	0	928
211	2	5	22	892	0	921
212	2	2	10	936	0	950
213	1	2	927	25	0	955
214	1	906	19	16	0	942
215	890	20	13	8	0	931
216	18	10	916	6	0	950
217	9	914	23	4	0	950
218	5	936	13	9	0	963
219	1	33	904	3	0	941
220	895	20	22	5	0	942
221	21	8	18	817	0	864
222	10	911	8	19	0	948
223	914	26	3	12	0	955
224	27	12	9	872	0	920
225	12	911	5	24	0	952
226	917	24	7	15	0	963
227	21	14	907	8	0	950
228	15	905	22	4	0	946
229	891	25	12	10	0	938
230	22	893	17	5	0	937
231	887	35	3	4	0	929
232	28	19	8	852	0	907
233	14	867	12	21	0	914
234	15	24	2	867	0	908
235	848	16	9	34	0	907
236	25	14	854	16	0	909
237	22	8	872	15	0	917
238	19	8	37	842	0	906
239	11	16	19	850	0	896
240	17	9	10	839	0	875
241	3	820	14	37	0	874
242	10	32	811	15	0	868
243	14	21	24	779	0	838
244	8	796	17	22	0	843
245	10	815	10	16	0	851
246	8	37	814	17	0	876
247	5	27	822	11	0	865
248	10	12	824	12	0	858
249	10	10	38	804	0	862
250	7	13	830	21	0	871
251	9	6	38	827	0	880
252	6	12	842	33	0	893
253	788	11	31	18	0	848
254	26	865	16	17	0	924
255	13	957	18	7	0	995
256	12	41	1007	12	0	1072
257	983	24	35	12	0	1054
258	1019	19	14	10	0	1062
259	1020	10	21	6	0	1057
260	46	9	955	12	0	1022
261	23	4	989	9	0	1025
262	15	6	47	959	0	1027
263	963	8	27	36	0	1034
264	984	6	20	19	0	1029
265	40	7	967	18	0	1032
266	955	10	36	12	0	1013
267	46	5	21	948	0	1020
268	19	14	964	35	0	1032
269	13	13	976	16	0	1018
270	918	9	54	16	0	997
271	35	5	980	12	0	1032
272	945	8	51	10	0	1014
273	40	4	976	15	0	1035
274	18	917	55	13	0	1003
275	21	966	31	10	0	1028
276	12	45	25	910	0	992
277	17	24	14	966	0	1021
278	12	13	965	44	0	1034
279	16	12	44	927	0	999
280	17	914	24	39	0	994
281	20	948	18	22	0	1008
282	17	984	19	11	0	1031
283	16	50	19	954	0	1039
284	17	25	966	33	0	1041
285	17	16	980	21	0	1034
286	22	10	49	950	0	1031
287	20	13	31	973	0	1037
288	22	11	19	922	0	974
289	19	961	13	45	0	1038
290	958	33	12	32	0	1035
291	967	16	17	18	0	1018
292	45	960	17	19	0	1041
293	33	32	962	12	0	1039
294	965	22	38	12	0	1037
295	43	20	983	7	0	1053
296	966	11	51	8	0	1036
297	987	12	21	17	0	1037
298	986	13	25	13	0	1037
299	984	11	16	18	0	1029
300	48	958	15	18	0	1039
301	840	25	16	15	0	896
302	38	838	9	26	0	911
303	717	38	16	12	0	783
304	31	715	11	8	0	765
305	19	29	640	4	0	692
306	10	63	16	521	0	610
307	7	591	14	20	0	632
308	8	545	13	9	0	575
309	481	34	19	15	0	549
310	423	11	3	6	0	443
311	15	443	1	6	0	465
312	5	10	4	431	0	450
313	6	457	4	10	0	477
314	452	15	11	7	0	485
315	16	6	462	3	0	487
316	8	3	17	442	0	470
317	6	1	8	455	0	470
318	6	1	6	463	0	476
319	4	1	449	22	0	476
320	3	441	19	5	0	468
321	5	471	7	3	0	486
322	6	18	1	473	0	498
323	3	8	475	16	0	502
324	7	4	14	465	0	490
325	3	3	10	484	0	500
326	8	2	3	481	0	494
327	3	7	1	485	0	496
328	472	1	3	22	0	498
329	15	473	1	10	0	499
330	471	17	6	5	0	499
331	20	6	463	5	0	494
332	8	6	480	1	0	495
333	10	3	19	424	0	456
334	2	5	7	472	0	486
335	4	490	3	21	0	518
336	2	15	495	6	0	518
337	4	489	18	2	0	513
338	2	18	496	3	0	519
339	468	4	16	6	0	494
340	14	495	6	6	0	521
341	6	19	492	4	0	521
342	6	3	18	493	0	520
343	4	6	501	15	0	526
344	2	502	15	5	0	524
345	1	17	7	481	0	506
346	6	495	4	15	0	520
347	0	18	501	6	0	525
348	5	4	15	497	0	521
349	489	4	6	17	0	516
350	17	493	5	7	0	522
351	7	17	481	5	0	510
352	4	20	15	457	0	496
353	6	4	476	15	0	501
354	1	6	412	5	0	424
355	4	357	14	2	0	377
356	0	9	2	294	0	305
357	0	2	1	304	0	307
358	0	0	1	303	0	304
359	1	0	297	9	0	307
360	0	1	294	1	0	296
361	258	2	10	2	0	272
362	7	0	294	2	0	303
363	262	0	8	0	0	270
364	7	296	3	2	0	308
365	4	8	0	296	0	308
366	0	321	2	9	0	332
367	0	334	2	4	0	340
368	0	12	308	3	0	323
369	0	4	7	307	0	318
370	0	1	309	9	0	319
371	1	1	291	2	0	295
372	282	1	10	2	0	295
373	8	0	295	2	0	305
374	3	1	302	2	0	308
375	284	2	9	2	0	297
376	10	1	299	1	0	311
377	2	3	306	2	0	313
378	4	0	11	286	0	301
379	2	313	4	9	0	328
380	0	8	1	317	0	326
381	2	3	2	305	0	312
382	313	1	2	10	0	326
383	8	2	2	304	0	316
384	3	311	3	8	0	325
385	310	10	0	2	0	322
386	7	3	319	1	0	330
387	288	0	8	2	0	298
388	7	3	317	1	0	328
389	5	1	328	1	0	335
390	1	340	10	3	0	354
391	335	9	4	4	0	352
392	8	346	1	1	0	356
393	2	7	344	2	0	355
394	1	5	10	328	0	344
395	1	340	4	7	0	352
396	349	7	1	5	0	362
397	354	4	1	0	0	359
398	10	349	3	0	0	362
399	362	9	2	1	0	374
400	8	3	1	366	0	378
401	3	377	3	8	0	391
402	2	11	3	385	0	401
403	0	2	4	406	0	412
404	401	0	1	15	0	417
405	392	2	3	5	0	402
406	398	2	2	3	0	405
407	13	1	396	3	0	413
408	395	2	14	1	0	412
409	16	0	3	405	0	424
410	4	1	411	10	0	426
411	3	1	373	2	0	379
412	2	361	11	2	0	376
413	340	8	1	3	0	352
414	8	360	1	0	0	369
415	1	6	1	364	0	372
416	1	2	0	368	0	371
417	1	0	382	5	0	388
418	1	0	6	367	0	374
419	1	0	374	8	0	383
420	0	1	356	1	0	358
421	0	367	9	0	0	376
422	0	6	0	368	0	374
423	1	0	2	367	0	370
424	362	1	1	5	0	369
425	5	2	366	1	0	374
426	0	0	5	376	0	381
427	390	0	1	7	0	398
428	6	0	394	1	0	401
429	386	0	7	0	0	393
430	404	0	2	1	0	407
431	7	1	422	0	0	430
432	0	0	6	396	0	402
433	1	0	0	410	0	411
434	2	0	406	6	0	414
435	385	0	7	0	0	392
436	411	0	0	4	0	415
437	401	0	0	1	0	402
438	400	0	2	0	0	402
439	400	0	0	0	0	400
440	7	0	349	1	0	357
441	1	1	392	0	0	394
442	1	396	3	1	0	401
443	1	4	409	1	0	415
444	0	1	6	395	0	402
445	3	1	2	244	0	250
446	1	1	0	413	0	415
447	0	1	1	411	0	413
448	1	1	409	6	0	417
449	1	394	5	1	0	401
450	0	438	0	1	0	439
451	1	5	1	422	0	429
452	1	431	0	4	0	436
453	430	7	0	2	0	439
454	435	1	1	2	0	439
455	6	454	1	1	0	462
456	1	8	1	458	0	468
457	2	0	1	479	0	482
458	2	1	476	7	0	486
459	435	1	7	2	0	445
460	483	1	0	5	0	489
461	8	485	2	2	0	497
462	492	8	2	1	0	503
463	10	1	518	1	0	530
464	2	496	9	0	0	507
465	3	532	0	0	0	535
466	1	516	1	1	0	519
467	1	10	1	515	0	527
468	513	2	0	12	0	527
469	9	3	1	516	0	529
470	1	1	537	12	0	551
471	2	0	11	539	0	552
472	4	0	569	10	0	583
473	2	1	10	551	0	564
474	4	0	1	558	0	563
475	0	565	4	9	0	578
476	580	10	2	2	0	594
477	10	0	2	568	0	580
478	0	574	3	8	0	585
479	567	10	2	1	0	580
480	498	4	1	3	0	506
481	574	1	1	4	0	580
482	11	570	0	2	0	583
483	3	9	573	2	0	587
484	4	0	9	569	0	582
485	3	2	4	552	0	561
486	0	572	4	11	0	587
487	1	10	569	3	0	583
488	1	1	560	5	0	567
489	542	3	8	4	0	557
490	11	4	2	550	0	567
491	2	1	575	10	0	588
492	2	593	9	2	0	606
493	3	10	3	568	0	584
494	2	592	3	8	0	605
495	3	9	591	2	0	605
496	547	5	7	1	0	560
497	588	0	4	1	0	593
498	12	593	2	4	0	611
499	5	8	2	587	0	602
500	2	3	580	9	0	594
501	2	562	9	4	0	577
502	548	8	5	0	0	561
503	9	545	1	0	0	555
504	6	556	0	1	0	563
505	10	10	1	539	0	560
506	1	545	0	5	0	551
507	531	5	0	4	0	540
508	4	3	0	534	0	541
509	2	2	524	4	0	532
510	2	0	498	2	0	502
511	1	0	5	513	0	519
512	0	520	3	3	0	526
513	519	4	1	7	0	531
514	4	2	1	518	0	525
515	2	2	500	4	0	508
516	3	0	4	495	0	502
517	0	1	2	500	0	503
518	487	1	1	6	0	495
519	5	0	0	500	0	505
520	2	1	515	5	0	523
521	3	1	526	2	0	532
522	0	1	5	544	0	550
523	2	0	4	552	0	558
524	0	0	559	7	0	566
525	495	0	5	6	0	506
526	5	1	549	1	0	556
527	4	551	5	0	0	560
528	1	4	2	553	0	560
529	1	2	555	7	0	565
530	0	1	547	3	0	551
531	0	7	5	527	0	539
532	529	0	3	4	0	536
533	4	1	526	3	0	534
534	2	534	5	2	0	543
535	546	4	3	2	0	555
536	4	3	556	2	0	565
537	536	1	4	3	0	544
538	560	1	3	2	0	566
539	7	570	3	0	0	580
540	5	4	1	570	0	580
541	3	585	1	2	0	591
542	0	7	585	1	0	593
543	564	3	5	3	0	575
544	615	1	5	0	0	621
545	7	2	608	1	0	618
546	7	0	593	0	0	600
547	2	621	9	1	0	633
548	635	6	4	0	0	645
549	6	4	1	634	0	645
550	3	2	3	591	0	599
551	3	607	1	7	0	618
552	601	4	0	6	0	611
553	4	5	618	3	0	630
554	3	1	6	646	0	656
555	674	1	2	7	0	684
556	7	676	3	4	0	690
557	5	8	772	0	0	785
558	1	3	779	1	0	784
559	1	6	21	740	0	768
560	0	780	8	12	0	800
561	0	16	789	5	0	810
562	6	5	16	785	0	812
563	796	1	6	19	0	822
564	17	3	832	5	0	857
565	6	4	18	806	0	834
566	2	1	833	19	0	855
567	3	0	844	6	0	853
568	2	6	25	833	0	866
569	1	1	862	20	0	884
570	733	1	21	6	0	761
571	21	2	863	2	0	888
572	798	0	20	5	0	823
573	20	837	9	5	0	871
574	844	19	4	5	0	872
575	19	883	7	1	0	910
576	9	19	3	864	0	895
577	9	6	5	900	0	920
578	4	1	886	24	0	915
579	3	2	887	12	0	904
580	2	0	30	877	0	909
581	2	4	907	21	0	934
582	7	2	21	855	0	885
583	3	877	15	17	0	912
584	6	919	3	10	0	938
585	3	23	7	903	0	936
586	8	7	4	923	0	942
587	2	6	919	24	0	951
588	7	2	23	892	0	924
589	2	894	9	25	0	930
590	1	894	4	14	0	913
591	1	910	6	7	0	924
592	2	27	8	847	0	884
593	3	872	5	20	0	900
594	867	23	3	13	0	906
595	20	5	9	865	0	899
596	4	2	866	29	0	901
597	3	11	23	860	0	897
598	2	7	872	22	0	903
599	4	4	869	14	0	891
600	4	1	871	9	0	885
601	1	866	32	3	0	902
602	4	20	888	8	0	920
603	875	13	23	2	0	913
604	900	9	7	5	0	921
605	917	8	3	7	0	935
606	25	2	5	902	0	934
607	891	7	6	25	0	929
608	26	864	7	8	0	905
609	4	910	5	7	0	926
610	893	21	10	9	0	933
611	20	7	888	13	0	928
612	9	4	32	893	0	938
613	5	5	921	21	0	952
614	4	5	919	12	0	940
615	4	906	24	6	0	940
616	5	23	12	838	0	878
617	10	8	7	911	0	936
618	894	5	4	26	0	929
619	25	910	7	8	0	950
620	6	905	4	14	0	929
621	9	28	869	4	0	910
622	4	886	22	4	0	916
623	871	30	6	4	0	911
624	866	10	7	11	0	894
625	23	3	888	8	0	922
626	7	4	895	14	0	920
627	9	6	37	824	0	876
628	5	10	17	839	0	871
629	6	858	10	26	0	900
630	6	24	14	854	0	898
631	7	6	8	861	0	882
632	14	862	8	29	0	913
633	6	24	16	863	0	909
634	6	10	14	838	0	868
635	3	823	14	33	0	873
636	7	25	828	13	0	873
637	12	9	25	839	0	885
638	848	5	10	24	0	887
639	841	11	10	9	0	871
640	28	7	820	7	0	862
641	794	7	24	16	0	841
642	807	9	7	13	0	836
643	25	801	6	9	0	841
644	8	25	760	14	0	807
645	4	9	767	14	0	794
646	4	11	27	781	0	823
647	780	3	12	35	0	830
648	827	3	11	15	0	856
649	30	9	10	889	0	938
650	974	6	10	32	0	1022
651	1010	9	6	17	0	1042
652	979	10	4	5	0	998
653	35	9	953	5	0	1002
654	10	5	978	11	0	1004
655	929	1	27	15	0	972
656	38	2	933	6	0	979
657	9	812	13	6	0	840
658	11	14	19	796	0	840
659	2	3	850	14	0	869
660	7	3	826	5	0	841
661	16	12	13	792	0	833
662	5	2	828	9	0	844
663	1	9	799	5	0	814
664	2	707	13	7	0	729
665	9	787	11	4	0	811
666	809	7	7	3	0	826
667	13	4	5	795	0	817
668	785	1	13	16	0	815
669	15	2	785	3	0	805
670	7	9	14	766	0	796
671	7	12	3	776	0	798
672	752	1	4	22	0	779
673	10	755	10	8	0	783
674	13	10	689	5	0	717
675	5	4	721	11	0	741
676	6	745	18	9	0	778
677	9	9	739	6	0	763
678	8	737	11	3	0	759
679	1	699	9	4	0	713
680	11	9	716	3	0	739
681	681	4	15	8	0	708
682	14	8	7	732	0	761
683	2	762	13	12	0	789
684	2	14	1	774	0	791
685	773	7	6	12	0	798
686	770	1	10	5	0	786
687	757	6	4	4	0	771
688	9	5	747	6	0	767
689	8	7	12	720	0	747
690	4	759	6	11	0	780
691	771	10	5	4	0	790
692	15	10	3	772	0	800
693	11	6	6	757	0	780
694	4	2	14	782	0	802
695	8	3	767	18	0	796
696	709	7	9	12	0	737
697	14	764	5	5	0	788
698	10	9	2	775	0	796
699	8	6	3	780	0	797
700	775	1	5	16	0	797
701	16	4	690	8	0	718
702	13	4	750	3	0	770
703	3	761	11	10	0	785
704	2	14	775	9	0	800
705	713	5	10	10	0	738
706	17	760	9	6	0	792
707	5	9	757	9	0	780
708	717	9	14	11	0	751
709	9	8	817	3	0	837
710	16	818	15	3	0	852
711	11	14	11	826	0	862
712	5	13	3	848	0	869
713	4	8	820	17	0	849
714	15	0	793	6	0	814
715	6	807	20	3	0	836
716	801	16	12	7	0	836
717	12	831	3	11	0	857
718	6	9	10	827	0	852
719	12	6	818	12	0	848
720	743	10	15	9	0	777
721	15	7	12	787	0	821
722	16	795	8	13	0	832
723	3	833	12	11	0	859
724	3	21	7	833	0	864
725	7	7	13	844	0	871
726	827	5	3	21	0	856
727	11	6	9	852	0	878
728	7	10	847	13	0	877
729	825	14	16	9	0	864
730	862	1	9	14	0	886
731	16	10	867	10	0	903
732	851	3	16	13	0	883
733	12	8	12	908	0	940
734	20	6	8	910	0	944
735	11	4	4	927	0	946
736	14	10	8	867	0	899
737	6	891	11	20	0	928
738	919	15	7	13	0	954
739	943	6	6	16	0	971
740	29	9	932	12	0	982
741	962	5	19	18	0	1004
742	1042	6	9	7	0	1064
743	1076	7	7	5	0	1095
744	1130	4	4	10	0	1148
745	32	1121	9	10	0	1172
746	21	20	8	1085	0	1134
747	15	8	1117	27	0	1167
748	16	5	1042	11	0	1074
749	953	13	32	7	0	1005
750	954	1	7	10	0	972
751	23	911	3	4	0	941
752	919	16	3	5	0	943
753	23	926	3	1	0	953
754	8	17	1	930	0	956
755	932	6	4	18	0	960
756	927	2	3	5	0	937
757	939	2	2	4	0	947
758	21	915	0	5	0	941
759	909	19	1	2	0	931
760	25	7	2	902	0	936
761	920	3	2	15	0	940
762	18	2	891	5	0	916
763	10	881	15	0	0	906
764	884	16	3	5	0	908
765	23	4	883	1	0	911
766	7	5	18	855	0	885
767	4	4	877	16	0	901
768	5	5	858	6	0	874
769	6	0	20	855	0	881
770	2	3	890	16	0	911
771	6	4	18	870	0	898
772	9	1	6	886	0	902
773	874	2	4	24	0	904
774	19	880	3	7	0	909
775	6	895	3	3	0	907
776	3	919	3	4	0	929
777	9	22	896	4	0	931
778	8	7	18	888	0	921
779	6	7	909	17	0	939
780	867	3	15	9	0	894
781	887	2	9	4	0	902
782	22	883	3	5	0	913
783	11	16	5	830	0	862
784	5	872	5	15	0	897
785	865	17	5	8	0	895
786	18	10	2	866	0	896
787	11	3	876	14	0	904
788	4	873	18	8	0	903
789	6	14	885	3	0	908
790	6	5	20	872	0	903
791	1	3	877	20	0	901
792	834	4	19	8	0	865
793	19	1	917	7	0	944
794	5	914	18	8	0	945
795	9	18	8	914	0	949
796	9	6	4	934	0	953
797	908	5	4	24	0	941
798	908	7	3	10	0	928
799	21	909	5	3	0	938
800	9	16	919	4	0	948
801	6	6	907	4	0	923
802	886	4	22	8	0	920
803	23	4	904	4	0	935
804	11	3	890	3	0	907
805	7	4	901	3	0	915
806	8	5	884	3	0	900
807	6	890	21	3	0	920
808	885	16	15	6	0	922
809	17	5	7	866	0	895
810	856	3	6	18	0	883
811	19	838	9	8	0	874
812	834	16	7	8	0	865
813	17	847	9	5	0	878
814	8	18	8	836	0	870
815	8	881	8	14	0	911
816	10	15	867	6	0	898
817	6	897	19	6	0	928
818	11	18	5	1018	0	1052
819	1022	10	4	20	0	1056
820	23	3	5	1025	0	1056
821	13	8	1029	18	0	1068
822	9	7	17	994	0	1027
823	7	1041	14	15	0	1077
824	4	18	1045	10	0	1077
825	1014	11	23	4	0	1052
826	17	5	14	1053	0	1089
827	1030	4	7	21	0	1062
828	1027	4	12	16	0	1059
829	23	1039	11	8	0	1081
830	1011	18	5	13	0	1047
831	1046	12	9	7	0	1074
832	27	1040	6	9	0	1082
833	17	17	5	1038	0	1077
834	14	12	8	1038	0	1072
835	13	1024	3	21	0	1061
836	10	22	5	1052	0	1089
837	5	16	1047	19	0	1087
838	17	8	12	1012	0	1049
839	9	9	1006	14	0	1038
840	6	4	927	13	0	950
841	5	907	15	10	0	937
842	4	894	8	9	0	915
843	8	895	7	7	0	917
844	8	16	11	832	0	867
845	4	10	843	7	0	864
846	819	2	9	15	0	845
847	6	3	13	838	0	860
848	10	4	831	5	0	850
849	3	4	813	10	0	830
850	2	843	12	3	0	860
851	4	7	9	824	0	844
852	820	10	5	8	0	843
853	5	809	3	11	0	828
854	9	784	3	4	0	800
855	3	807	5	3	0	818
856	6	11	3	828	0	848
857	1	864	6	9	0	880
858	3	7	6	895	0	911
859	4	7	7	910	0	928
860	2	4	911	17	0	934
861	813	8	7	17	0	845
862	10	6	948	3	0	967
863	10	9	10	953	0	982
864	2	3	976	12	0	993
865	3	959	10	11	0	983
866	943	14	13	10	0	980
867	6	11	6	928	0	951
868	11	3	4	940	0	958
869	936	5	5	14	0	960
870	904	4	5	17	0	930
871	942	0	5	6	0	953
872	16	5	926	6	0	953
873	892	5	10	7	0	914
874	10	908	10	5	0	933
875	10	928	4	4	0	946
876	6	16	2	898	0	922
877	6	10	2	883	0	901
878	4	897	1	19	0	921
879	7	10	2	902	0	921
880	888	9	4	11	0	912
881	14	4	891	11	0	920
882	11	866	13	11	0	901
883	844	11	9	7	0	871
884	13	880	2	3	0	898
885	9	13	873	4	0	899
886	4	7	16	861	0	888
887	4	4	863	13	0	884
888	3	846	10	11	0	870
889	3	9	10	848	0	870
890	7	8	848	13	0	876
891	4	4	844	9	0	861
892	6	4	18	843	0	871
893	824	2	8	11	0	845
894	825	6	3	12	0	846
895	826	6	5	2	0	839
896	17	2	837	8	0	864
897	10	844	11	3	0	868
898	2	12	11	829	0	854
899	3	7	3	809	0	822
900	4	830	6	17	0	857
901	826	12	7	8	0	853
902	15	11	1	834	0	861
903	13	1	837	13	0	864
904	4	838	12	7	0	861
905	815	11	10	8	0	844
906	11	839	5	9	0	864
907	12	13	4	817	0	846
908	5	11	6	822	0	844
909	6	4	2	843	0	855
910	5	5	834	18	0	862
911	6	7	13	803	0	829
912	5	797	8	19	0	829
913	4	817	6	11	0	838
914	7	21	794	3	0	825
915	729	8	8	13	0	758
916	780	1	14	11	0	806
917	18	775	3	4	0	800
918	647	11	7	7	0	672
919	643	8	0	5	0	656
920	13	674	3	4	0	694
921	6	11	2	669	0	688
922	3	8	684	12	0	707
923	4	4	655	9	0	672
924	675	3	16	6	0	700
925	12	684	8	6	0	710
926	8	15	3	700	0	726
927	5	8	2	712	0	727
928	1	4	2	720	0	727
929	689	3	7	19	0	718
930	14	5	2	691	0	712
931	10	1	4	687	0	702
932	3	5	655	17	0	680
933	603	0	12	10	0	625
934	14	644	6	2	0	666
935	635	9	5	6	0	655
936	7	633	4	2	0	646
937	5	8	3	629	0	645
938	634	7	1	14	0	656
939	642	4	3	6	0	655
940	15	0	633	5	0	653
941	643	3	10	5	0	661
942	15	2	667	3	0	687
943	7	7	622	3	0	639
944	3	2	637	5	0	647
945	6	3	700	2	0	711
946	5	3	20	711	0	739
947	6	0	733	18	0	757
948	6	5	15	700	0	726
949	711	1	9	19	0	740
950	14	5	3	706	0	728
951	700	1	4	19	0	724
952	16	710	2	10	0	738
953	9	15	3	706	0	733
954	2	8	705	19	0	734
955	3	727	15	11	0	756
956	7	26	6	681	0	720
957	3	5	691	20	0	719
958	6	689	14	4	0	713
959	2	722	4	1	0	729
960	7	17	707	0	0	731
961	13	10	14	667	0	704
962	0	1	680	14	0	695
963	645	0	20	4	0	669
964	677	1	5	2	0	685
965	19	664	2	0	0	685
966	678	14	1	2	0	695
967	18	9	1	676	0	704
968	7	2	688	15	0	712
969	646	0	13	8	0	667
970	15	2	698	2	0	717
971	7	689	14	2	0	712
972	696	13	6	5	0	720
973	13	7	2	695	0	717
974	8	3	691	13	0	715
975	674	0	15	8	0	697
976	685	4	7	5	0	701
977	696	1	4	2	0	703
978	18	0	4	680	0	702
979	7	2	3	692	0	704
980	6	0	684	20	0	710
981	5	675	14	9	0	703
982	5	13	7	664	0	689
983	6	6	4	692	0	708
984	4	5	676	20	0	705
985	3	0	684	8	0	695
986	5	2	20	682	0	709
987	667	1	10	15	0	693
988	14	680	6	10	0	710
989	692	17	3	4	0	716
990	17	691	1	5	0	714
991	6	19	709	6	0	740
992	6	8	705	1	0	720
993	675	3	20	5	0	703
994	780	1	9	4	0	794
995	25	775	3	3	0	806
996	13	18	768	5	0	804
997	17	7	21	753	0	798
998	8	11	7	741	0	767
999	7	775	9	21	0	812
1000	5	20	4	788	0	817
1001	4	7	789	26	0	826
1002	772	9	24	6	0	811
1003	800	5	9	11	0	825
1004	795	3	11	5	0	814
1005	819	3	3	7	0	832
1006	33	2	799	5	0	839
1007	790	4	22	5	0	821
1008	29	2	798	2	0	831
1009	10	784	26	7	0	827
1010	17	17	8	799	0	841
1011	824	10	8	19	0	861
1012	24	8	5	867	0	904
1013	8	6	869	26	0	909
1014	868	3	25	10	0	906
1015	899	4	8	17	0	928
1016	27	5	12	883	0	927
1017	19	4	5	901	0	929
1018	8	1	894	30	0	933
1019	8	896	22	18	0	944
1020	868	22	6	14	0	910
1021	23	9	835	4	0	871
1022	806	10	21	7	0	844
1023	29	839	11	5	0	884
1024	834	21	12	4	0	871
1025	36	810	5	3	0	854
1026	13	803	8	7	0	831
1027	18	24	5	808	0	855
1028	8	14	4	838	0	864
1029	6	8	6	845	0	865
1030	5	6	6	859	0	876
1031	6	6	836	31	0	879
1032	810	4	19	18	0	851
1033	846	3	11	18	0	878
1034	897	2	11	11	0	921
1035	36	3	6	880	0	925
1036	23	4	8	897	0	932
1037	899	3	2	28	0	932
1038	890	2	9	18	0	919
1039	905	4	5	16	0	930
1040	37	5	8	865	0	915
1041	22	8	5	861	0	896
1042	15	7	832	22	0	876
1043	8	3	831	16	0	858
1044	9	827	20	18	0	874
1045	756	19	22	8	0	805
1046	752	9	10	5	0	776
1047	749	10	1	9	0	769
1048	21	6	765	7	0	799
1049	749	5	10	11	0	775
1050	782	1	9	9	0	801
1051	775	6	10	7	0	798
1052	29	2	2	750	0	783
1053	17	2	6	752	0	777
1054	19	0	4	751	0	774
1055	11	5	676	19	0	711
1056	652	5	12	13	0	682
1057	22	684	3	12	0	721
1058	635	8	4	6	0	653
1059	20	623	2	4	0	649
1060	5	639	2	5	0	651
1061	15	14	1	628	0	658
1062	8	7	7	623	0	645
1063	5	616	3	10	0	634
1064	608	6	4	11	0	629
1065	610	3	2	9	0	624
1066	13	9	2	597	0	621
1067	15	2	596	9	0	622
1068	12	1	550	2	0	565
1069	6	3	588	7	0	604
1070	6	4	586	3	0	599
1071	570	0	12	3	0	585
1072	583	0	5	3	0	591
1073	11	2	8	576	0	597
1074	11	0	576	12	0	599
1075	11	2	4	588	0	605
1076	7	584	0	14	0	605
1077	2	668	8	7	0	685
1078	669	8	3	13	0	693
1079	677	7	3	3	0	690
1080	684	10	2	1	0	697
1081	20	4	0	677	0	701
1082	9	3	2	687	0	701
1083	10	1	2	686	0	699
1084	3	4	2	685	0	694
1085	6	3	676	11	0	696
1086	6	2	8	675	0	691
1087	693	3	1	16	0	713
1088	11	1	6	691	0	709
1089	2	1	5	696	0	704
1090	5	1	7	677	0	690
1091	2	634	5	18	0	659
1092	4	641	6	6	0	657
1093	11	643	3	7	0	664
1094	6	4	1	579	0	590
1095	1	1	1	590	0	593
1096	575	1	1	11	0	588
1097	579	2	2	2	0	585
1098	570	3	1	6	0	580
1099	8	2	2	570	0	582
1100	5	3	1	570	0	579
1101	6	566	0	8	0	580
1102	4	579	0	6	0	589
1103	570	4	2	5	0	581
1104	6	1	2	574	0	583
1105	562	2	1	7	0	572
1106	569	0	2	4	0	575
1107	5	0	2	568	0	575
1108	6	603	2	7	0	618
1109	611	5	1	12	0	629
1110	644	1	1	10	0	656
1111	7	1	670	6	0	684
1112	615	1	2	4	0	622
1113	7	627	1	2	0	637
1114	1	3	1	632	0	637
1115	670	1	2	13	0	686
1116	4	3	0	676	0	683
1117	5	2	0	676	0	683
1118	4	669	0	2	0	675
1119	669	3	1	4	0	677
1120	666	1	0	3	0	670
1121	4	667	0	4	0	675
1122	3	711	0	2	0	716
1123	717	3	0	3	0	723
1124	706	1	1	4	0	712
1125	3	3	697	3	0	706
1126	4	3	654	1	0	662
1127	5	1	710	1	0	717
1128	3	3	3	720	0	729
1129	1	2	1	742	0	746
1130	3	1	739	3	0	746
1131	755	1	2	5	0	763
1132	787	0	2	6	0	795
1133	789	1	3	3	0	796
1134	763	2	1	4	0	770
1135	5	0	841	3	0	849
1136	843	2	2	3	0	850
1137	840	2	1	7	0	850
1138	840	1	2	5	0	848
1139	844	2	0	3	0	849
1140	845	0	1	3	0	849
1141	9	0	865	0	0	874
1142	5	863	3	3	0	874
1143	8	3	2	835	0	848
1144	3	2	2	876	0	883
1145	5	3	873	4	0	885
1146	816	1	4	8	0	829
1147	4	2	2	870	0	878
1148	4	2	856	2	0	864
1149	6	3	794	6	0	809
1150	3	839	4	4	0	850
1151	2	3	5	864	0	874
1152	2	1	4	869	0	876
1153	5	4	2	860	0	871
1154	865	0	0	11	0	876
1155	8	4	1	860	0	873
1156	3	1	875	4	0	883
1157	7	1	791	2	0	801
1158	3	1	888	5	0	897
1159	7	0	5	889	0	901
1160	899	2	3	7	0	911
1161	6	1	909	5	0	921
1162	877	2	3	8	0	890
1163	995	4	3	6	0	1008
1164	8	0	5	1019	0	1032
1165	5	2	2	1009	0	1018
1166	5	1013	3	6	0	1027
1167	7	4	1018	6	0	1035
1168	994	4	2	9	0	1009
1169	8	4	4	1035	0	1051
1170	8	1028	2	4	0	1042
1171	6	5	2	1043	0	1056
1172	2	3	1041	8	0	1054
1173	6	4	4	1021	0	1035
1174	2	1011	5	8	0	1026
1175	4	2	5	1009	0	1020
1176	1009	4	1	9	0	1023
1177	5	2	3	951	0	961
1178	7	938	3	12	0	960
1179	5	955	2	7	0	969
1180	930	7	3	9	0	949
1181	9	5	969	3	0	986
1182	7	4	5	952	0	968
1183	9	2	3	977	0	991
1184	6	2	969	7	0	984
1185	3	981	5	7	0	996
1186	4	6	978	7	0	995
1187	5	5	5	953	0	968
1188	1	995	6	5	0	1007
1189	1022	5	3	14	0	1044
1190	6	1017	2	7	0	1032
1191	4	1030	2	4	0	1040
1192	1044	6	4	4	0	1058
1193	1058	4	2	6	0	1070
1194	1076	3	1	2	0	1082
1195	7	0	2	1072	0	1081
1196	4	1	1075	3	0	1083
1197	1052	2	3	6	0	1063
1198	1116	0	5	7	0	1128
1199	12	1	3	1150	0	1166
1200	6	2	1153	5	0	1166
1201	3	1152	3	7	0	1165
1202	1152	6	6	6	0	1170
1203	1182	4	1	8	0	1195
1204	10	1195	1	1	0	1207
1205	4	1197	0	4	0	1205
1206	1205	9	2	6	0	1222
1207	1203	5	1	3	0	1212
1208	1164	1	1	3	0	1169
1209	11	1	0	1151	0	1163
1210	7	1	1134	5	0	1147
1211	3	1	5	1079	0	1088
1212	4	2	1087	6	0	1099
1213	3	1054	6	5	0	1068
1214	1	1073	6	2	0	1082
1215	6	7	2	993	0	1008
1216	3	4	1	1018	0	1026
1217	5	1	0	1007	0	1013
1218	0	1010	4	9	0	1023
1219	1000	8	0	7	0	1015
1220	998	4	1	5	0	1008
1221	11	1001	2	2	0	1016
1222	8	8	0	958	0	974
1223	3	966	1	6	0	976
1224	5	7	1	953	0	966
1225	5	961	0	6	0	972
1226	957	8	1	7	0	973
1227	10	6	0	926	0	942
1228	6	4	924	6	0	940
1229	880	2	3	11	0	896
1230	913	0	5	9	0	927
1231	8	3	890	2	0	903
1232	8	3	6	883	0	900
1233	3	0	893	8	0	904
1234	1	2	9	884	0	896
1235	1	6	812	7	0	826
1236	781	5	6	7	0	799
1237	10	3	4	808	0	825
1238	6	804	0	11	0	821
1239	829	12	1	4	0	846
1240	10	5	0	842	0	857
1241	8	2	0	826	0	836
1242	5	2	818	8	0	833
1243	6	3	5	856	0	870
1244	3	3	884	10	0	900
1245	1	3	890	7	0	901
1246	1	2	12	934	0	949
1247	4	0	1035	8	0	1047
1248	1091	3	9	10	0	1113
1249	1346	2	7	6	0	1361
1250	1551	1	2	9	0	1563
1251	26	1697	3	5	0	1731
1252	14	22	2	1708	0	1746
1253	13	9	3	1616	0	1641
1254	10	1735	3	22	0	1770
1255	1732	25	2	19	0	1778
1256	27	13	3	1720	0	1763
1257	12	6	1736	27	0	1781
1258	6	8	1648	13	0	1675
1259	6	1686	25	14	0	1731
1260	1701	23	10	7	0	1741
1261	29	7	1677	8	0	1721
1262	1594	5	30	15	0	1644
1263	22	1562	17	5	0	1606
1264	15	21	1576	7	0	1619
1265	13	8	1466	6	0	1493
1266	10	5	1569	4	0	1588
1267	7	1529	35	6	0	1577
1268	7	23	1564	3	0	1597
1269	1516	7	33	8	0	1564
1270	28	4	12	1491	0	1535
1271	19	8	7	1554	0	1588
1272	10	9	8	1560	0	1587
1273	11	6	3	1572	0	1592
1274	9	3	1540	40	0	1592
1275	8	5	24	1553	0	1590
1276	8	2	13	1561	0	1584
1277	1531	5	8	39	0	1583
1278	1560	1	9	22	0	1592
1279	1376	4	15	16	0	1411
1280	26	8	1459	13	0	1506
1281	18	1564	17	15	0	1614
1282	14	1619	13	10	0	1656
1283	1524	31	9	12	0	1576
1284	29	1595	8	9	0	1641
1285	15	36	8	1578	0	1637
1286	16	14	10	1605	0	1645
1287	12	11	1583	30	0	1636
1288	8	1574	29	15	0	1626
1289	9	30	1516	10	0	1565
1290	1512	11	31	16	0	1570
1291	1570	6	14	12	0	1602
1292	30	14	16	1545	0	1605
1293	13	8	14	1547	0	1582
1294	14	7	6	1549	0	1576
1295	17	6	11	1546	0	1580
1296	16	6	1523	37	0	1582
1297	10	8	27	1510	0	1555
1298	8	7	1501	35	0	1551
1299	7	5	1456	21	0	1489
1300	5	1465	32	19	0	1521
1301	1458	21	15	15	0	1509
1302	24	1488	12	16	0	1540
1303	16	29	10	1440	0	1495
1304	13	9	1493	30	0	1545
1305	1502	9	29	16	0	1556
1306	34	13	1494	7	0	1548
1307	1504	7	36	17	0	1564
1308	1502	7	22	12	0	1543
1309	49	4	13	1505	0	1571
1310	24	10	17	1496	0	1547
1311	27	5	9	1526	0	1567
1312	23	7	1489	39	0	1558
1313	1475	13	30	26	0	1544
1314	26	1480	19	28	0	1553
1315	14	29	10	1497	0	1550
1316	1496	15	21	38	0	1570
1317	1525	6	10	24	0	1565
1318	1541	13	7	19	0	1580
1319	54	11	1451	24	0	1540
1320	1506	14	32	23	0	1575
1321	1534	13	16	28	0	1591
1322	54	12	1250	25	0	1341
1323	22	14	1548	21	0	1605
1324	37	10	42	1517	0	1606
1325	33	10	1537	39	0	1619
1326	16	1463	48	28	0	1555
1327	11	1545	50	14	0	1620
1328	1492	46	25	19	0	1582
1329	40	1549	23	17	0	1629
1330	28	38	31	1524	0	1621
1331	1467	27	23	34	0	1551
1332	45	1525	7	27	0	1604
1333	23	44	22	1509	0	1598
1334	19	18	18	1544	0	1599
1335	17	9	1501	56	0	1583
1336	22	18	43	1506	0	1589
1337	13	14	1503	49	0	1579
1338	23	8	1508	40	0	1579
1339	36	3	46	1459	0	1544
1340	23	7	22	1503	0	1555
1341	1451	7	20	68	0	1546
1342	36	1530	19	47	0	1632
1343	19	36	21	1509	0	1585
1344	26	33	15	1499	0	1573
1345	1445	12	10	57	0	1524
1346	45	1404	9	35	0	1493
1347	33	1283	7	27	0	1350
1348	23	1180	8	22	0	1233
1349	22	955	10	12	0	999
1350	634	31	53	10	0	728
1351	589	14	10	10	0	623
1352	575	11	3	12	0	601
1353	571	11	7	8	0	597
1354	25	5	5	557	0	592
1355	12	6	558	13	0	589
1356	11	535	13	11	0	570
1357	15	13	9	538	0	575
1358	9	9	536	21	0	575
1359	14	6	14	536	0	570
1360	6	11	7	549	0	573
1361	4	5	542	29	0	580
1362	13	3	17	542	0	575
1363	6	7	13	530	0	556
1364	559	8	6	23	0	596
1365	557	7	9	13	0	586
1366	548	7	6	21	0	582
1367	562	4	6	11	0	583
1368	25	7	4	543	0	579
1369	21	2	7	547	0	577
1370	20	3	4	559	0	586
1371	552	4	3	24	0	583
1372	19	2	9	553	0	583
1373	17	6	6	554	0	583
1374	8	7	530	27	0	572
1375	14	4	15	515	0	548
1376	11	499	11	22	0	543
1377	14	533	3	19	0	569
1378	525	17	8	11	0	561
1379	20	7	523	14	0	564
1380	11	481	13	14	0	519
1381	456	17	8	11	0	492
1382	24	9	3	458	0	494
1383	13	7	456	14	0	490
1384	13	11	14	438	0	476
1385	15	461	8	15	0	499
1386	462	16	7	21	0	506
1387	14	482	11	14	0	521
1388	464	13	4	18	0	499
1389	467	15	6	10	0	498
1390	29	3	0	476	0	508
1391	12	11	4	456	0	483
1392	15	471	8	16	0	510
1393	481	14	2	14	0	511
1394	15	10	461	16	0	502
1395	464	6	12	11	0	493
1396	467	8	7	13	0	495
1397	24	5	457	7	0	493
1398	15	13	13	432	0	473
1399	441	5	6	18	0	470
1400	15	2	434	14	0	465
1401	10	4	409	9	0	432
1402	383	3	8	7	0	401
1403	7	381	10	6	0	404
1404	9	328	2	7	0	346
1405	7	9	3	322	0	341
1406	4	6	325	4	0	339
1407	308	1	6	4	0	319
1408	8	2	318	6	0	334
1409	6	307	7	3	0	323
1410	310	8	3	6	0	327
1411	11	3	7	309	0	330
1412	307	3	6	8	0	324
1413	13	4	309	2	0	328
1414	8	2	6	299	0	315
1415	5	320	7	3	0	335
1416	7	4	4	314	0	329
1417	5	6	1	321	0	333
1418	3	6	314	5	0	328
1419	3	297	8	9	0	317
1420	3	306	4	4	0	317
1421	6	8	289	1	0	304
1422	280	6	5	2	0	293
1423	285	4	4	4	0	297
1424	8	2	5	282	0	297
1425	271	2	2	5	0	280
1426	5	255	5	5	0	270
1427	3	263	3	2	0	271
1428	273	5	1	2	0	281
1429	6	6	1	276	0	289
1430	289	2	2	5	0	298
1431	288	0	1	4	0	293
1432	6	4	1	283	0	294
1433	6	3	279	6	0	294
1434	285	2	3	5	0	295
1435	288	2	2	6	0	298
1436	9	1	5	281	0	296
1437	9	285	0	5	0	299
1438	5	6	1	288	0	300
1439	3	4	281	6	0	294
1440	8	2	275	4	0	289
1441	4	268	7	6	0	285
1442	6	3	5	188	0	202
1443	2	3	3	196	0	204
1444	3	3	194	4	0	204
1445	189	1	5	4	0	199
1446	207	0	3	2	0	212
1447	206	0	3	2	0	211
1448	210	1	1	1	0	213
1449	8	210	1	1	0	220
1450	6	211	0	4	0	221
1451	223	6	3	0	0	232
1452	6	3	2	226	0	237
1453	6	2	2	235	0	245
1454	2	230	2	6	0	240
1455	1	7	0	236	0	244
1456	2	3	1	236	0	242
1457	3	232	3	8	0	246
1458	3	5	229	4	0	241
1459	1	4	5	236	0	246
1460	234	4	2	6	0	246
1461	238	1	3	5	0	247
1462	8	2	234	5	0	249
1463	8	0	238	0	0	246
1464	5	2	230	2	0	239
1465	4	0	9	230	0	243
1466	2	2	236	5	0	245
1467	2	2	236	5	0	245
1468	2	2	7	234	0	245
1469	2	239	8	5	0	254
1470	3	5	237	4	0	249
1471	1	247	5	7	0	260
1472	241	10	3	0	0	254
1473	8	241	6	2	0	257
1474	5	12	2	240	0	259
1475	246	3	2	5	0	256
1476	7	5	3	243	0	258
1477	3	0	1	258	0	262
1478	5	3	244	7	0	259
1479	4	229	7	7	0	247
1480	1	245	4	6	0	256
1481	2	7	5	235	0	249
1482	2	4	3	243	0	252
1483	1	5	1	240	0	247
1484	2	1	235	9	0	247
1485	1	2	216	5	0	224
1486	207	1	5	5	0	218
1487	6	2	212	2	0	222
1488	1	2	213	3	0	219
1489	4	207	5	1	0	217
1490	1	4	4	202	0	211
1491	0	2	206	5	0	213
1492	0	2	4	189	0	195
1493	0	1	207	6	0	214
1494	1	0	6	207	0	214
1495	0	0	218	8	0	226
1496	0	1	6	208	0	215
1497	0	1	2	207	0	210
1498	0	214	2	5	0	221
1499	1	4	0	219	0	224
1500	2	217	0	5	0	224
1501	0	6	2	228	0	236
1502	0	1	1	234	0	236
1503	230	2	0	5	0	237
1504	5	0	1	229	0	235
1505	1	1	223	6	0	231
1506	2	0	5	219	0	226
1507	0	1	2	227	0	230
1508	1	1	225	7	0	234
1509	1	0	216	3	0	220
1510	1	1	5	219	0	226
1511	1	1	2	226	0	230
1512	0	2	225	5	0	232
1513	0	214	4	3	0	221
1514	1	225	1	2	0	229
1515	216	4	2	1	0	223
1516	7	4	0	218	0	229
1517	224	2	1	6	0	233
1518	224	1	1	1	0	227
1519	5	228	1	3	0	237
1520	236	4	0	3	0	243
1521	237	1	2	1	0	241
1522	5	2	233	1	0	241
1523	4	2	6	231	0	243
1524	3	0	236	6	0	245
1525	2	0	7	243	0	252
1526	0	0	244	9	0	253
1527	0	238	9	1	0	248
1528	0	234	3	4	0	241
1529	3	3	4	229	0	239
1530	239	2	1	9	0	251
1531	5	2	1	246	0	254
1532	1	2	0	249	0	252
1533	3	0	252	6	0	261
1534	0	1	244	4	0	249
1535	0	0	245	7	0	252
1536	0	1	7	245	0	253
1537	1	0	1	247	0	249
1538	0	241	3	5	0	249
1539	0	260	1	5	0	266
1540	255	4	0	6	0	265
1541	4	269	0	3	0	276
1542	0	7	279	2	0	288
1543	1	2	9	271	0	283
1544	1	1	298	10	0	310
1545	0	291	8	5	0	304
1546	2	6	3	296	0	307
1547	292	2	2	8	0	304
1548	6	2	307	3	0	318
1549	1	305	7	4	0	317
1550	1	5	302	5	0	313
1551	1	303	9	0	0	313
1552	3	5	7	274	0	289
1553	289	1	2	7	0	299
1554	290	1	0	3	0	294
1555	6	286	1	3	0	296
1556	289	7	2	0	0	298
1557	5	2	1	288	0	296
1558	287	2	1	6	0	296
1559	6	0	288	3	0	297
1560	2	1	291	3	0	297
1561	4	0	4	273	0	281
1562	1	1	4	297	0	303
1563	1	1	306	6	0	314
1564	3	2	4	298	0	307
1565	305	1	1	8	0	315
1566	303	3	3	3	0	312
1567	5	288	3	4	0	300
1568	5	295	1	1	0	302
1569	289	7	1	1	0	298
1570	5	4	1	295	0	305
1571	298	1	1	5	0	305
1572	5	289	2	3	0	299
1573	295	6	1	2	0	304
1574	5	1	291	4	0	301
1575	2	0	279	3	0	284
1576	1	1	5	292	0	299
1577	0	2	302	4	0	308
1578	1	1	5	296	0	303
1579	1	3	1	274	0	279
1580	2	0	304	7	0	313
1581	5	1	4	306	0	316
1582	1	1	1	319	0	322
1583	1	3	333	6	0	343
1584	3	1	312	2	0	318
1585	317	1	6	2	0	326
1586	7	1	323	1	0	332
1587	334	1	7	2	0	344
1588	366	1	2	2	0	371
1589	9	1	375	3	0	388
1590	3	1	398	2	0	404
1591	1	1	8	390	0	400
1592	0	0	5	391	0	396
1593	1	378	1	11	0	391
1594	1	391	1	9	0	402
1595	0	9	395	1	0	405
1596	365	3	4	6	0	378
1597	385	1	5	3	0	394
1598	8	0	388	1	0	397
1599	3	2	390	1	0	396
1600	2	1	9	382	0	394
1601	1	389	3	7	0	400
1602	2	6	3	404	0	415
1603	4	1	2	411	0	418
1604	412	0	2	9	0	423
1605	415	1	3	2	0	421
1606	10	1	1	438	0	450
1607	2	0	436	9	0	447
1608	410	1	7	5	0	423
1609	5	439	4	1	0	449
1610	438	6	2	3	0	449
1611	432	2	2	1	0	437
1612	9	440	1	1	0	451
1613	2	448	3	1	0	454
1614	3	6	2	444	0	455
1615	4	2	0	453	0	459
1616	3	446	1	7	0	457
1617	2	6	3	446	0	457
1618	1	3	2	452	0	458
1619	3	0	437	9	0	449
1620	421	0	6	6	0	433
1621	439	1	4	2	0	446
1622	452	2	1	1	0	456
1623	11	0	1	441	0	453
1624	448	1	2	7	0	458
1625	7	434	3	3	0	447
1626	5	6	2	432	0	445
1627	3	441	2	5	0	451
1628	1	461	1	4	0	467
1629	461	8	0	2	0	471
1630	461	3	1	3	0	468
1631	455	2	1	2	0	460
1632	457	0	1	3	0	461
1633	453	1	1	3	0	458
1634	6	2	482	1	0	491
1635	470	0	4	3	0	477
1636	4	1	491	1	0	497
1637	469	1	5	4	0	479
1638	502	0	3	1	0	506
1639	489	0	1	2	0	492
1640	7	0	521	2	0	530
1641	3	0	4	498	0	505
1642	0	522	5	3	0	530
1643	525	2	0	2	0	529
1644	510	2	3	2	0	517
1645	7	514	0	2	0	523
1646	536	4	0	1	0	541
1647	5	3	2	520	0	530
1648	3	527	2	4	0	536
1649	539	3	1	5	0	548
1650	539	2	1	3	0	545
1651	5	2	2	538	0	547
1652	544	2	0	4	0	550
1653	4	0	2	547	0	553
1654	5	2	0	542	0	549
1655	1	2	542	6	0	551
1656	0	0	5	532	0	537
1657	3	0	4	539	0	546
1658	2	1	543	6	0	552
1659	1	3	531	3	0	538
1660	1	0	6	549	0	556
1661	1	0	552	6	0	559
1662	507	2	3	3	0	515
1663	6	560	2	2	0	570
1664	2	3	0	578	0	583
1665	4	1	2	573	0	580
1666	5	1	0	574	0	580
1667	576	2	0	6	0	584
1668	569	0	1	3	0	573
1669	572	2	0	0	0	574
1670	4	567	0	1	0	572
1671	3	5	0	575	0	583
1672	3	1	1	576	0	581
1673	569	1	0	7	0	577
1674	568	4	0	4	0	576
1675	9	0	0	564	0	573
1676	0	0	562	6	0	568
1677	564	1	5	3	0	573
1678	574	1	2	4	0	581
1679	8	0	583	2	0	593
1680	550	2	4	1	0	557
1681	5	1	589	2	0	597
1682	583	0	2	1	0	586
1683	6	2	1	602	0	611
1684	3	631	1	3	0	638
1685	3	1	649	1	0	654
1686	1	653	2	2	0	658
1687	1	598	1	3	0	603
1688	665	6	6	5	0	682
1689	3	3	0	666	0	672
1690	2	0	1	646	0	649
1691	661	3	1	3	0	668
1692	2	0	3	677	0	682
1693	0	3	1	669	0	673
1694	2	3	1	653	0	659
1695	3	0	0	659	0	662
1696	0	0	670	5	0	675
1697	1	2	644	4	0	651
1698	3	653	3	0	0	659
1699	676	4	0	4	0	684
1700	2	3	0	678	0	683
1701	4	649	0	5	0	658
1702	2	3	0	692	0	697
1703	3	1	3	678	0	685
1704	6	0	4	670	0	680
1705	1	3	0	690	0	694
1706	3	1	0	671	0	675
1707	2	654	1	7	0	664
1708	2	6	0	672	0	680
1709	2	1	656	6	0	665
1710	1	661	3	5	0	670
1711	0	5	1	666	0	672
1712	4	4	0	658	0	666
1713	2	642	2	8	0	654
1714	0	665	1	2	0	668
1715	659	2	0	7	0	668
1716	2	652	4	3	0	661
1717	648	5	0	3	0	656
1718	643	1	1	9	0	654
1719	2	0	683	6	0	691
1720	2	5	3	652	0	662
1721	0	4	681	4	0	689
1722	3	690	4	1	0	698
1723	2	7	0	611	0	620
1724	5	0	1	684	0	690
1725	7	0	0	695	0	702
1726	2	4	3	693	0	702
1727	1	3	699	7	0	710
1728	4	2	5	696	0	707
1729	0	5	699	5	0	709
1730	3	0	669	5	0	677
1731	663	0	2	7	0	672
1732	701	0	3	6	0	710
1733	705	2	0	8	0	715
1734	3	677	5	6	0	691
1735	3	4	0	687	0	694
1736	2	1	705	4	0	712
1737	1	0	6	693	0	700
1738	5	1	724	5	0	735
1739	700	0	4	6	0	710
1740	704	0	2	3	0	709
1741	699	3	0	4	0	706
1742	2	1	664	4	0	671
1743	3	0	660	2	0	665
1744	4	1	1	674	0	680
1745	3	0	4	648	0	655
1746	8	0	0	688	0	696
1747	6	2	680	1	0	689
1748	4	0	619	2	0	625
1749	633	1	6	5	0	645
1750	2	0	4	711	0	717
1751	2	0	3	710	0	715
1752	721	0	0	7	0	728
1753	3	2	1	721	0	727
1754	771	1	3	2	0	777
1755	790	0	5	1	0	796
1756	780	2	2	4	0	788
1757	3	0	796	5	0	804
1758	1	787	2	6	0	796
1759	808	1	1	9	0	819
1760	3	0	2	803	0	808
1761	4	0	3	796	0	803
1762	5	804	1	1	0	811
1763	784	0	1	6	0	791
1764	775	0	3	5	0	783
1765	786	3	1	5	0	795
1766	4	811	1	5	0	821
1767	865	2	1	6	0	874
1768	865	0	1	4	0	870
1769	875	4	1	3	0	883
1770	4	2	3	869	0	878
1771	5	2	0	871	0	878
1772	7	0	900	2	0	909
1773	3	4	1	881	0	889
1774	7	1	0	868	0	876
1775	3	3	899	4	0	909
1776	861	1	2	4	0	868
1777	903	1	0	6	0	910
1778	8	0	2	897	0	907
1779	2	883	2	1	0	888
1780	5	892	0	3	0	900
1781	3	2	0	882	0	887
1782	3	0	856	1	0	860
1783	8	0	2	822	0	832
1784	1	0	821	1	0	823
1785	0	0	806	2	0	808
1786	0	0	0	843	0	843
1787	845	0	2	4	0	851
1788	814	0	1	0	0	815
1789	2	0	0	855	0	857
1790	1	0	1	840	0	842
1791	3	0	0	849	0	852
1792	4	0	0	844	0	848
1793	857	0	0	5	0	862
1794	845	1	0	3	0	849
1795	845	1	0	0	0	846
1796	1	0	836	1	0	838
1797	1	0	2	831	0	834
1798	0	1	0	853	0	854
1799	844	0	1	1	0	846
1800	0	834	1	1	0	836
1801	830	0	0	7	0	837
1802	827	1	0	2	0	830
1803	829	0	0	1	0	830
1804	818	0	0	3	0	821
1805	1	0	830	1	0	832
1806	2	1	784	2	0	789
1807	875	0	0	2	0	877
1808	901	0	0	3	0	904
1809	889	0	0	0	0	889
1810	894	0	0	6	0	900
1811	0	0	995	2	0	997
1812	0	1048	1	1	0	1050
1813	5	2	2	1093	0	1102
1814	1134	1	2	6	0	1143
1815	1137	2	1	6	0	1146
1816	1245	0	0	6	0	1251
1817	1296	0	0	3	0	1299
1818	1333	0	0	4	0	1337
1819	1277	0	0	0	0	1277
1820	21	4	1138	4	0	1167
1821	8	1	1235	0	0	1244
1822	15	1	14	1218	0	1248
1823	10	1	1264	12	0	1287
1824	11	1231	17	4	0	1263
1825	10	1228	7	3	0	1248
1826	13	17	3	1287	0	1320
1827	4	8	1356	14	0	1382
1828	5	5	1282	4	0	1296
1829	1296	3	21	14	0	1334
1830	1422	1	14	7	0	1444
1831	23	6	9	1438	0	1476
1832	1469	8	4	22	0	1503
1833	26	4	2	1471	0	1503
1834	16	2	7	1473	0	1498
1835	8	3	1462	29	0	1502
1836	9	1	1429	15	0	1454
1837	11	1	30	1419	0	1461
1838	5	3	1416	28	0	1452
1839	1335	2	23	19	0	1379
1840	1421	0	13	15	0	1449
1841	29	1434	6	11	0	1480
1842	1451	19	9	11	0	1490
1843	27	9	1434	3	0	1473
1844	1414	3	21	11	0	1449
1845	1444	2	18	6	0	1470
1846	1453	2	9	8	0	1472
1847	49	0	4	1415	0	1468
1848	22	1421	6	19	0	1468
1849	1445	19	4	16	0	1484
1850	1410	9	9	8	0	1436
1851	39	5	5	1419	0	1468
1852	1435	4	7	22	0	1468
1853	36	1439	8	11	0	1494
1854	24	19	3	1423	0	1469
1855	15	18	1407	24	0	1464
1856	1289	8	22	20	0	1339
1857	37	6	1413	8	0	1464
1858	21	5	23	1406	0	1455
1859	20	1364	16	28	0	1428
1860	15	1510	10	10	0	1545
1861	14	30	6	1517	0	1567
1862	13	1450	17	31	0	1511
1863	21	33	10	2124	0	2188
1864	17	19	13	2292	0	2341
1865	15	11	7	2344	0	2377
1866	2224	11	7	92	0	2334
1867	72	13	8	2224	0	2317
1868	30	11	2181	79	0	2301
1869	20	2185	55	43	0	2303
1870	2191	61	27	33	0	2312
1871	74	26	14	2194	0	2308
1872	50	16	7	2223	0	2296
1873	37	11	6	2259	0	2313
1874	24	13	2167	99	0	2303
1875	23	2167	70	47	0	2307
1876	2177	68	28	31	0	2304
1877	78	33	14	2100	0	2225
1878	40	2196	15	86	0	2337
1879	2210	63	15	49	0	2337
1880	68	35	2174	38	0	2315
1881	2180	23	74	26	0	2303
1882	81	23	2204	18	0	2326
1883	49	15	2202	18	0	2284
1884	25	2180	84	28	0	2317
1885	30	72	38	2111	0	2251
1886	31	34	2132	71	0	2268
1887	18	2042	87	46	0	2193
1888	34	67	38	1985	0	2124
1889	21	2052	31	66	0	2170
1890	14	71	2062	47	0	2194
1891	23	46	71	2061	0	2201
1892	15	32	2076	81	0	2204
1893	21	17	75	2076	0	2189
1894	19	24	40	2128	0	2211
1895	17	18	2061	106	0	2202
1896	25	20	73	2099	0	2217
1897	2009	17	47	105	0	2178
1898	73	2035	30	64	0	2202
1899	44	71	2042	46	0	2203
1900	2013	33	78	55	0	2179
1901	81	24	41	1965	0	2111
1902	44	2033	34	83	0	2194
1903	2072	69	28	47	0	2216
1904	2121	40	22	38	0	2221
1905	109	28	19	2023	0	2179
1906	51	23	30	2083	0	2187
1907	39	24	24	2088	0	2175
1908	35	24	16	2040	0	2115
1909	33	1980	20	120	0	2153
1910	34	105	20	1943	0	2102
1911	30	1845	24	104	0	2003
1912	28	1835	20	76	0	1959
1913	27	1866	15	51	0	1959
1914	22	86	1728	47	0	1883
1915	16	1801	76	38	0	1931
1916	1607	83	39	41	0	1770
1917	62	1617	18	54	0	1751
1918	33	68	23	1481	0	1605
1919	25	1603	24	85	0	1737
1920	27	64	20	1617	0	1728
1921	28	50	27	1627	0	1732
1922	23	47	1576	88	0	1734
1923	1527	25	68	53	0	1673
1924	1567	38	30	51	0	1686
1925	1572	29	24	50	0	1675
1926	74	1535	27	57	0	1693
1927	45	59	41	1473	0	1618
1928	32	41	1447	87	0	1607
1929	33	1413	77	52	0	1575
1930	35	83	35	1236	0	1389
1931	29	1372	17	74	0	1492
1932	1348	61	18	44	0	1471
1933	1350	47	23	31	0	1451
1934	1379	21	28	37	0	1465
1935	1379	32	37	24	0	1472
1936	82	24	31	1320	0	1457
1937	42	32	25	1323	0	1422
1938	28	1310	25	81	0	1444
1939	26	70	18	1333	0	1447
1940	28	28	1297	87	0	1440
1941	18	32	60	1307	0	1417
1942	12	29	1275	80	0	1396
1943	21	1271	58	54	0	1404
1944	12	67	1262	43	0	1384
1945	18	42	68	1280	0	1408
1946	18	24	1293	82	0	1417
1947	26	16	65	1289	0	1396
1948	17	30	33	1315	0	1395
1949	22	19	29	1334	0	1404
1950	31	33	26	1313	0	1403
1951	1251	25	17	89	0	1382
1952	57	1269	23	50	0	1399
1953	1236	64	17	46	0	1363
1954	56	35	1173	39	0	1303
1955	1180	34	42	37	0	1293
1956	1230	20	23	37	0	1310
1957	82	22	1159	29	0	1292
1958	63	16	1136	32	0	1247
1959	36	1100	65	32	0	1233
1960	23	1070	23	41	0	1157
1961	28	56	977	49	0	1110
1962	12	889	50	37	0	988
1963	51	35	37	324	0	447
1964	262	2	5	14	0	283
1965	8	1	1	254	0	264
1966	260	3	1	10	0	274
1967	266	2	2	3	0	273
1968	7	269	3	2	0	281
1969	265	6	1	5	0	277
1970	273	3	1	0	0	277
1971	6	1	1	262	0	270
1972	260	2	0	4	0	266
1973	4	277	1	4	0	286
1974	4	3	0	270	0	277
1975	264	2	0	9	0	275
1976	4	0	267	4	0	275
1977	255	1	3	1	0	260
1978	4	7	1	250	0	262
1979	3	2	263	3	0	271
1980	1	2	264	1	0	268
1981	249	3	4	1	0	257
1982	259	0	1	1	0	261
1983	4	3	0	256	0	263
1984	1	0	2	268	0	271
1985	2	2	0	266	0	270
1986	1	275	2	4	0	282
1987	279	6	0	1	0	286
1988	4	275	0	2	0	281
1989	278	4	1	0	0	283
1990	4	1	278	2	0	285
1991	2	1	3	277	0	283
1992	282	1	2	3	0	288
1993	5	0	0	280	0	285
1994	2	0	0	280	0	282
1995	1	272	0	5	0	278
1996	274	5	0	1	0	280
1997	4	292	0	3	0	299
1998	2	5	1	289	0	297
1999	1	1	283	3	0	288
2000	248	0	4	2	0	254
2001	3	0	270	2	0	275
2002	246	0	4	1	0	251
2003	3	260	2	2	0	267
2004	2	2	0	242	0	246
2005	1	247	0	3	0	251
2006	249	3	0	1	0	253
2007	3	2	0	249	0	254
2008	2	0	0	256	0	258
2009	0	1	246	4	0	251
2010	231	0	3	2	0	236
2011	3	1	2	249	0	255
2012	3	0	249	3	0	255
2013	0	248	2	1	0	251
2014	0	2	1	251	0	254
2015	252	2	0	2	0	256
2016	4	0	0	251	0	255
2017	1	0	256	4	0	261
2018	254	1	2	2	0	259
2019	4	0	1	255	0	260
2020	2	1	304	4	0	311
2021	1	0	5	309	0	315
2022	2	0	3	309	0	314
2023	1	319	0	6	0	326
2024	316	5	2	4	0	327
2025	8	315	1	1	0	325
2026	316	6	0	5	0	327
2027	5	4	1	315	0	325
2028	5	317	1	3	0	326
2029	2	8	1	315	0	326
2030	2	3	314	5	0	324
2031	298	0	6	5	0	309
2032	5	2	0	303	0	310
2033	2	2	0	306	0	310
2034	2	2	5	304	0	313
2035	2	1	298	5	0	306
2036	3	4	292	2	0	301
2037	2	290	7	4	0	303
2038	3	6	0	297	0	306
2039	291	1	2	9	0	303
2040	6	303	6	1	0	316
2041	2	8	3	322	0	335
2042	316	1	0	10	0	327
2043	334	0	0	4	0	338
2044	6	329	1	4	0	340
2045	360	7	2	4	0	373
2046	428	2	2	4	0	436
2047	14	3	3	455	0	475
2048	3	450	2	17	0	472
2049	9	16	0	453	0	478
2050	452	4	1	18	0	475
2051	19	3	470	5	0	497
2052	6	4	14	463	0	487
2053	6	3	1	485	0	495
2054	5	5	469	20	0	499
2055	6	2	18	470	0	496
2056	473	3	2	24	0	502
2057	447	2	3	9	0	461
2058	15	2	6	471	0	494
2059	7	3	460	23	0	493
2060	4	1	454	10	0	469
2061	7	443	19	7	0	476
2062	2	486	6	8	0	502
2063	7	15	7	463	0	492
2064	461	2	6	18	0	487
2065	16	463	4	7	0	490
2066	455	17	3	5	0	480
2067	21	3	1	450	0	475
2068	7	4	2	459	0	472
2069	436	4	3	21	0	464
2070	19	443	3	4	0	469
2071	454	18	1	4	0	477
2072	16	4	439	6	0	465
2073	8	4	422	3	0	437
2074	10	7	15	421	0	453
2075	8	3	428	17	0	456
2076	4	5	426	7	0	442
2077	8	3	18	408	0	437
2078	5	3	428	20	0	456
2079	3	2	23	417	0	445
2080	7	1	6	435	0	449
2081	3	4	441	23	0	471
2082	4	1	23	439	0	467
2083	3	2	5	437	0	447
2084	5	422	10	16	0	453
2085	419	16	9	9	0	453
2086	17	3	425	11	0	456
2087	2	4	23	424	0	453
2088	4	4	7	438	0	453
2089	4	3	417	24	0	448
2090	379	5	21	10	0	415
2091	18	415	5	12	0	450
2092	3	21	6	417	0	447
2093	3	6	5	429	0	443
2094	9	414	4	22	0	449
2095	3	20	413	10	0	446
2096	6	423	19	11	0	459
2097	407	18	4	12	0	441
2098	16	6	405	7	0	434
2099	10	3	18	409	0	440
2100	5	8	411	19	0	443
2101	9	6	406	10	0	431
2102	5	413	18	9	0	445
2103	4	18	9	415	0	446
2104	432	4	8	22	0	466
2105	436	5	10	10	0	461
2106	17	438	10	8	0	473
2107	4	15	6	448	0	473
2108	441	3	8	21	0	473
2109	450	5	8	9	0	472
2110	22	442	5	11	0	480
2111	457	15	8	7	0	487
2112	20	4	5	450	0	479
2113	7	458	7	19	0	491
2114	5	19	8	484	0	516
2115	10	7	2	499	0	518
2116	9	6	5	500	0	520
2117	8	7	472	22	0	509
2118	12	3	444	12	0	471
2119	6	470	17	10	0	503
2120	428	13	5	9	0	455
2121	14	413	3	12	0	442
2122	8	14	2	422	0	446
2123	7	3	422	18	0	450
2124	4	8	13	403	0	428
2125	4	3	7	423	0	437
2126	2	3	9	436	0	450
2127	420	2	5	19	0	446
2128	10	5	6	429	0	450
2129	4	1	464	16	0	485
2130	426	3	18	5	0	452
2131	461	3	6	10	0	480
2132	468	3	5	8	0	484
2133	474	1	4	11	0	490
2134	476	3	3	8	0	490
2135	11	465	4	9	0	489
2136	8	13	3	459	0	483
2137	7	460	1	18	0	486
2138	472	15	5	5	0	497
2139	480	3	3	3	0	489
2140	456	3	4	8	0	471
2141	19	443	4	4	0	470
2142	6	461	4	6	0	477
2143	5	457	2	6	0	470
2144	8	18	456	3	0	485
2145	10	43	17	371	0	441
2146	0	350	1	8	0	359
2147	0	341	1	0	0	342
2148	1	1	0	343	0	345
2149	0	0	0	334	0	334
2150	1	0	339	1	0	341
2151	310	0	2	2	0	314
2152	1	0	0	342	0	343
2153	0	1	1	335	0	337
2154	0	0	338	1	0	339
2155	1	1	320	0	0	322
2156	1	343	1	2	0	347
2157	1	1	0	355	0	357
2158	1	0	1	357	0	359
2159	1	1	354	1	0	357
2160	314	2	1	2	0	319
2161	341	0	0	3	0	344
2162	4	0	343	2	0	349
2163	338	1	3	0	0	342
2164	4	0	351	0	0	355
2165	341	0	1	1	0	343
2166	356	1	2	1	0	360
2167	3	0	366	1	0	370
2168	0	0	3	367	0	370
2169	2	0	0	345	0	347
2170	2	0	1	375	0	378
2171	375	0	3	2	0	380
2172	369	1	0	3	0	373
2173	3	0	384	2	0	389
2174	0	1	356	2	0	359
2175	385	0	1	1	0	387
2176	389	0	1	1	0	391
2177	1	0	387	1	0	389
2178	0	1	380	1	0	382
2179	2	0	1	388	0	391
2180	3	0	393	1	0	397
2181	0	0	3	367	0	370
2182	381	0	3	4	0	388
2183	2	0	400	2	0	404
2184	386	0	3	0	0	389
2185	2	0	451	2	0	455
2186	4	0	1	463	0	468
2187	1	0	2	489	0	492
2188	3	1	1	493	0	498
2189	0	494	3	2	0	499
2190	3	2	1	450	0	456
2191	4	0	1	500	0	505
2192	505	0	5	3	0	513
2193	3	2	508	3	0	516
2194	477	0	2	8	0	487
2195	1	1	508	6	0	516
2196	461	3	3	3	0	470
2197	2	494	2	5	0	503
2198	3	1	504	3	0	511
2199	4	0	493	1	0	498
2200	9	0	6	441	0	456
2201	4	3	2	498	0	507
2202	1	0	500	4	0	505
2203	3	0	497	4	0	504
2204	0	6	547	4	0	557
2205	575	1	4	6	0	586
2206	574	0	5	8	0	587
2207	586	1	2	4	0	593
2208	4	0	5	576	0	585
2209	6	0	4	573	0	583
2210	4	0	612	1	0	617
2211	7	0	7	584	0	598
2212	6	3	1	546	0	556
2213	595	2	4	7	0	608
2214	575	0	6	5	0	586
2215	578	2	1	12	0	593
2216	3	1	1	590	0	595
2217	3	1	8	580	0	592
2218	5	0	4	584	0	593
2219	588	0	6	8	0	602
2220	10	0	3	576	0	589
2221	8	581	4	2	0	595
2222	9	1	3	568	0	581
2223	5	571	2	7	0	585
2224	575	2	1	10	0	588
2225	560	2	5	5	0	572
2226	4	564	4	9	0	581
2227	1	587	3	9	0	600
2228	6	5	3	584	0	598
2229	7	1	549	5	0	562
2230	6	5	4	536	0	551
2231	7	1	545	4	0	557
2232	6	545	3	7	0	561
2233	4	4	1	550	0	559
2234	5	3	1	549	0	558
2235	2	0	566	10	0	578
2236	3	5	5	561	0	574
2237	2	1	574	12	0	589
2238	564	3	4	7	0	578
2239	575	5	3	2	0	585
2240	588	0	1	10	0	599
2241	6	4	3	570	0	583
2242	5	4	4	558	0	571
2243	6	1	557	11	0	575
2244	3	1	7	528	0	539
2245	5	524	1	6	0	536
2246	4	1	517	9	0	531
2247	4	5	505	5	0	519
2248	3	3	0	493	0	499
2249	2	3	511	9	0	525
2250	2	5	511	5	0	523
2251	483	4	3	11	0	501
2252	4	572	4	5	0	585
2253	588	2	8	1	0	599
2254	587	3	5	4	0	599
2255	588	1	6	6	0	601
2256	4	1	6	577	0	588
2257	0	1	5	588	0	594
2258	4	2	587	5	0	598
2259	1	4	8	570	0	583
2260	3	578	3	7	0	591
2261	583	1	6	6	0	596
2262	6	562	6	4	0	578
2263	3	563	6	6	0	578
2264	4	0	6	580	0	590
2265	3	0	598	2	0	603
2266	7	0	3	578	0	588
2267	6	5	585	2	0	598
2268	5	582	0	6	0	593
2269	580	4	1	7	0	592
2270	579	4	3	4	0	590
2271	590	1	3	6	0	600
2272	3	1	615	8	0	627
2273	1	1	573	8	0	583
2274	599	0	6	5	0	610
2275	620	4	4	4	0	632
2276	625	2	3	2	0	632
2277	6	1	1	626	0	634
2278	4	4	0	625	0	633
2279	629	3	3	3	0	638
2280	610	2	2	5	0	619
2281	7	1	629	2	0	639
2282	6	0	587	3	0	596
2283	585	1	3	3	0	592
2284	1	2	594	5	0	602
2285	555	0	0	1	0	556
2286	2	1	548	0	0	551
2287	1	3	0	516	0	520
2288	0	0	564	0	0	564
2289	3	0	1	551	0	555
2290	1	0	0	558	0	559
2291	1	553	0	0	0	554
2292	562	0	0	3	0	565
2293	0	0	573	1	0	574
2294	543	0	0	1	0	544
2295	1	575	0	0	0	576
2296	600	0	0	0	0	600
2297	1	0	1	597	0	599
2298	0	0	1	601	0	602
2299	1	628	0	0	0	629
2300	0	0	1	672	0	673
2301	1	0	0	669	0	670
2302	0	0	1	684	0	685
2303	656	1	0	3	0	660
2304	592	0	1	2	0	595
2305	2	0	592	3	0	597
2306	1	588	1	7	0	597
2307	2	3	0	601	0	606
2308	4	1	0	608	0	613
2309	2	0	609	4	0	615
2310	2	1	6	574	0	583
2311	588	2	0	8	0	598
2312	595	0	1	3	0	599
2313	596	1	1	4	0	602
2314	7	0	1	625	0	633
2315	642	1	0	16	0	659
2316	646	1	0	8	0	655
2317	660	0	0	8	0	668
2318	14	0	1	658	0	673
2319	7	0	3	668	0	678
2320	9	2	3	662	0	676
2321	6	4	1	646	0	657
2322	2	1	0	663	0	666
2323	1	1	654	13	0	669
2324	1	1	653	8	0	663
2325	4	634	6	9	0	653
2326	7	5	2	657	0	671
2327	9	0	5	660	0	674
2328	9	1	2	664	0	676
2329	7	2	658	13	0	680
2330	9	0	7	649	0	665
2331	9	1	648	13	0	671
2332	8	0	7	660	0	675
2333	5	0	688	15	0	708
2334	3	700	7	10	0	720
2335	1	8	0	700	0	709
2336	0	2	695	20	0	717
2337	615	1	10	11	0	637
2338	7	707	8	6	0	728
2339	4	9	7	710	0	730
2340	1	710	4	12	0	727
2341	3	8	4	707	0	722
2342	722	4	1	16	0	743
2343	6	3	3	721	0	733
2344	0	722	5	13	0	740
2345	714	7	3	14	0	738
2346	9	0	6	746	0	761
2347	3	1	4	757	0	765
2348	753	5	6	12	0	776
2349	15	5	2	821	0	843
2350	3	2	4	1151	0	1160
2351	3	3	1171	28	0	1205
2352	8	3	1131	12	0	1154
2353	7	4	28	1135	0	1174
2354	5	4	1142	33	0	1184
2355	6	7	1129	14	0	1156
2356	1092	4	40	18	0	1154
2357	31	5	1166	12	0	1214
2358	12	1191	34	14	0	1251
2359	15	30	22	1186	0	1253
2360	1229	10	10	33	0	1282
2361	1271	8	6	18	0	1303
2362	1250	5	12	18	0	1285
2363	48	1238	5	14	0	1305
2364	27	24	1	1229	0	1281
2365	25	12	7	1251	0	1295
2366	1164	7	12	48	0	1231
2367	1228	6	10	28	0	1272
2368	1234	5	10	23	0	1272
2369	45	3	1224	17	0	1289
2370	25	1202	39	18	0	1284
2371	24	1370	24	8	0	1426
2372	22	37	19	1343	0	1421
2373	18	27	12	1417	0	1474
2374	10	9	1407	54	0	1480
2375	1401	15	34	25	0	1475
2376	1434	7	20	26	0	1487
2377	61	10	9	1418	0	1498
2378	28	11	9	1437	0	1485
2379	29	5	14	1445	0	1493
2380	1425	7	3	65	0	1500
2381	53	6	1374	32	0	1465
2382	27	13	1387	33	0	1460
2383	33	4	46	1401	0	1484
2384	24	4	1407	51	0	1486
2385	1393	11	42	26	0	1472
2386	1399	12	34	21	0	1466
2387	1421	10	17	28	0	1476
2388	57	1355	17	28	0	1457
2389	1375	35	21	23	0	1454
2390	69	17	11	1353	0	1450
2391	48	6	13	1369	0	1436
2392	31	10	9	1406	0	1456
2393	20	7	1334	65	0	1426
2394	25	4	39	1321	0	1389
2395	18	1327	26	57	0	1428
2396	1295	34	19	40	0	1388
2397	42	1324	21	29	0	1416
2398	24	39	1304	28	0	1395
2399	25	1298	48	24	0	1395
2400	1248	42	29	17	0	1336
2401	53	1259	18	18	0	1348
2402	32	41	12	1120	0	1205
2403	21	1236	18	41	0	1316
2404	1235	45	10	30	0	1320
2405	1247	26	19	19	0	1311
2406	1158	22	15	24	0	1219
2407	60	15	1215	28	0	1318
2408	37	17	1225	18	0	1297
2409	32	9	1221	21	0	1283
2410	1205	14	51	13	0	1283
2411	54	15	25	1185	0	1279
2412	38	17	23	1202	0	1280
2413	26	9	1189	52	0	1276
2414	26	21	40	1168	0	1255
2415	1147	7	23	52	0	1229
2416	44	1144	15	41	0	1244
2417	1167	29	18	33	0	1247
2418	48	30	1143	19	0	1240
2419	1170	12	34	24	0	1240
2420	1185	17	27	12	0	1241
2421	1197	15	17	19	0	1248
2422	62	11	1143	16	0	1232
2423	47	9	41	1141	0	1238
2424	37	9	1157	35	0	1238
2425	34	8	48	1148	0	1238
2426	24	9	1156	49	0	1238
2427	21	12	42	1146	0	1221
2428	24	6	26	1182	0	1238
2429	1162	4	20	56	0	1242
2430	1154	4	20	43	0	1221
2431	1181	6	21	28	0	1236
2432	57	3	18	1140	0	1218
2433	32	1029	21	41	0	1123
2434	39	1116	11	29	0	1195
2435	1104	39	14	24	0	1181
2436	52	18	1087	18	0	1175
2437	1097	14	46	18	0	1175
2438	53	8	1088	15	0	1164
2439	1120	15	39	15	0	1189
2440	1037	7	22	23	0	1089
2441	52	12	1115	13	0	1192
2442	1128	6	34	23	0	1191
2443	1144	6	26	15	0	1191
2444	1160	6	11	16	0	1193
2445	62	1129	14	13	0	1218
2446	45	34	17	1110	0	1206
2447	26	20	1100	38	0	1184
2448	31	11	1108	24	0	1174
2449	19	1023	45	21	0	1108
2450	7	724	13	9	0	753
2451	20	14	12	649	0	695
2452	627	7	12	14	0	660
2453	19	635	3	8	0	665
2454	15	12	3	626	0	656
2455	14	644	2	12	0	672
2456	633	13	5	9	0	660
2457	17	7	6	624	0	654
2458	11	8	599	12	0	630
2459	10	585	11	8	0	614
2460	11	585	10	8	0	614
2461	6	13	5	532	0	556
2462	4	565	6	10	0	585
2463	8	10	4	561	0	583
2464	580	6	6	8	0	600
2465	568	7	2	9	0	586
2466	592	4	5	9	0	610
2467	600	8	3	4	0	615
2468	19	2	588	4	0	613
2469	13	573	8	3	0	597
2470	6	552	4	6	0	568
2471	2	449	2	2	0	455
2472	3	408	0	1	0	412
2473	373	5	11	1	0	390
2474	392	3	2	1	0	398
2475	404	1	0	2	0	407
2476	406	0	0	1	0	407
2477	6	0	418	0	0	424
2478	434	0	3	1	0	438
2479	444	0	2	1	0	447
2480	452	0	2	2	0	456
2481	5	1	0	457	0	463
2482	3	1	0	460	0	464
2483	457	0	0	5	0	462
2484	4	1	0	446	0	451
2485	2	439	0	4	0	445
2486	3	3	0	449	0	455
2487	1	1	1	451	0	454
2488	3	450	0	3	0	456
2489	0	3	2	458	0	463
2490	4	3	0	452	0	459
2491	451	1	1	4	0	457
2492	3	0	446	4	0	453
2493	438	0	2	2	0	442
2494	4	3	446	1	0	454
2495	4	0	410	2	0	416
2496	4	2	420	4	0	430
2497	434	2	5	1	0	442
2498	3	1	463	4	0	471
2499	444	3	4	3	0	454
2500	456	2	2	1	0	461
2501	463	2	2	4	0	471
2502	5	466	1	3	0	475
2503	478	4	0	2	0	484
2504	3	471	1	2	0	477
2505	4	4	0	482	0	490
2506	2	4	1	481	0	488
2507	2	476	1	6	0	485
2508	3	474	2	5	0	484
2509	1	486	4	1	0	492
2510	484	2	1	0	0	487
2511	4	486	1	0	0	491
2512	485	3	2	1	0	491
2513	5	5	483	0	0	493
2514	476	3	2	1	0	482
2515	490	1	3	0	0	494
2516	7	2	480	0	0	489
2517	5	0	2	464	0	471
2518	4	1	471	3	0	479
2519	2	2	4	470	0	478
2520	2	1	2	471	0	476
2521	473	2	2	5	0	482
2522	477	1	0	4	0	482
2523	4	477	0	3	0	484
2524	494	3	0	1	0	498
2525	5	3	498	2	0	508
2526	487	3	2	3	0	495
2527	5	0	525	1	0	531
2528	2	1	523	2	0	528
2529	522	2	5	3	0	532
2530	543	0	3	2	0	548
2531	5	1	553	2	0	561
2532	6	1	2	530	0	539
2533	2	0	4	555	0	561
2534	4	0	541	4	0	549
2535	1	1	4	528	0	534
2536	1	499	4	4	0	508
2537	1	2	2	549	0	554
2538	2	1	1	530	0	534
2539	0	1	513	3	0	517
2540	480	2	4	5	0	491
2541	512	0	1	2	0	515
2542	503	0	3	0	0	506
2543	498	1	1	1	0	501
2544	8	486	1	1	0	496
2545	3	2	2	471	0	478
2546	3	3	460	2	0	468
2547	4	1	452	3	0	460
2548	3	2	5	453	0	463
2549	1	0	460	5	0	466
2550	444	0	3	7	0	454
2551	4	0	4	478	0	486
2552	3	0	1	479	0	483
2553	1	2	1	484	0	488
2554	480	0	0	7	0	487
2555	3	475	8	3	0	489
2556	481	3	1	1	0	486
2557	477	3	0	5	0	485
2558	5	475	2	3	0	485
2559	5	477	2	1	0	485
2560	489	4	2	2	0	497
2561	6	4	1	486	0	497
2562	5	0	1	482	0	488
2563	505	0	2	6	0	513
2564	3	0	488	4	0	495
2565	472	1	4	2	0	479
2566	484	0	4	1	0	489
2567	9	494	1	1	0	505
2568	542	5	2	1	0	550
2569	534	2	0	5	0	541
2570	5	602	3	2	0	612
2571	6	624	1	1	0	632
2572	5	7	1	611	0	624
2573	622	2	1	8	0	633
2574	4	611	1	4	0	620
2575	4	4	1	607	0	616
2576	633	3	0	10	0	646
2577	7	0	622	3	0	632
2578	6	1	6	613	0	626
2579	1	2	627	6	0	636
2580	602	3	6	3	0	614
2581	612	1	2	3	0	618
2582	8	0	604	2	0	614
2583	3	607	8	1	0	619
2584	2	6	3	608	0	619
2585	2	2	633	6	0	643
2586	4	1	7	631	0	643
2587	7	0	2	648	0	657
2588	3	1	645	10	0	659
2589	627	3	5	5	0	640
2590	642	3	2	3	0	650
2591	11	1	654	3	0	669
2592	7	659	7	2	0	675
2593	3	13	3	634	0	653
2594	0	651	1	14	0	666
2595	6	665	0	5	0	676
2596	655	10	5	3	0	673
2597	12	5	1	658	0	676
2598	4	2	6	646	0	658
2599	6	0	649	14	0	669
2600	5	3	643	3	0	654
2601	3	6	14	643	0	666
2602	4	5	3	662	0	674
2603	1	1	649	15	0	666
2604	1	4	647	4	0	656
2605	2	2	11	645	0	660
2606	638	0	8	14	0	660
2607	10	654	5	9	0	678
2608	657	10	2	6	0	675
2609	14	662	6	3	0	685
2610	7	683	7	2	0	699
2611	672	19	0	4	0	695
2612	12	4	681	4	0	701
2613	4	8	10	671	0	693
2614	2	7	5	670	0	684
2615	7	3	2	708	0	720
2616	3	4	715	19	0	741
2617	6	1	13	723	0	743
2618	740	2	10	17	0	769
2619	15	3	6	757	0	781
2620	9	1	5	784	0	799
2621	786	1	3	23	0	813
2622	774	3	9	12	0	798
2623	16	778	7	7	0	808
2624	9	11	780	9	0	809
2625	5	7	751	3	0	766
2626	3	7	774	5	0	789
2627	13	726	14	2	0	755
2628	6	17	6	711	0	740
2629	2	10	2	728	0	742
2630	715	3	5	17	0	740
2631	14	3	8	708	0	733
2632	6	4	702	20	0	732
2633	4	2	16	704	0	726
2634	1	1	9	707	0	718
2635	1	1	707	19	0	728
2636	3	698	15	13	0	729
2637	10	14	7	634	0	665
2638	3	697	3	16	0	719
2639	4	14	702	10	0	730
2640	680	7	12	9	0	708
2641	708	1	8	6	0	723
2642	717	7	2	2	0	728
2643	22	2	7	697	0	728
2644	6	699	5	18	0	728
2645	690	14	7	9	0	720
2646	706	10	3	4	0	723
2647	694	4	6	7	0	711
2648	20	3	680	9	0	712
2649	667	0	13	7	0	687
2650	14	688	7	10	0	719
2651	678	12	8	4	0	702
2652	14	687	2	10	0	713
2653	682	14	3	8	0	707
2654	15	6	695	4	0	720
2655	675	5	14	7	0	701
2656	699	2	7	7	0	715
2657	584	9	2	6	0	601
2658	701	5	4	6	0	716
2659	23	3	676	2	0	704
2660	11	1	17	681	0	710
2661	682	3	7	17	0	709
2662	16	678	4	11	0	709
2663	7	16	6	665	0	694
2664	5	6	655	18	0	684
2665	8	11	10	653	0	682
2666	6	1	661	15	0	683
2667	6	628	16	11	0	661
2668	9	583	6	6	0	604
2669	5	585	3	4	0	597
2670	8	17	7	491	0	523
2671	7	7	1	499	0	514
2672	6	1	488	13	0	508
2673	1	478	12	2	0	493
2674	452	9	2	2	0	465
2675	9	445	3	1	0	458
2676	6	429	2	1	0	438
2677	14	8	2	415	0	439
2678	411	4	4	10	0	429
2679	419	1	3	5	0	428
2680	10	2	2	410	0	424
2681	409	1	1	10	0	421
2682	9	2	1	413	0	425
2683	2	2	405	11	0	420
2684	392	0	8	6	0	406
2685	13	0	4	387	0	404
2686	2	3	369	8	0	382
2687	1	0	373	2	0	376
2688	1	1	7	374	0	383
2689	375	1	4	9	0	389
2690	375	3	2	2	0	382
2691	7	374	0	3	0	384
2692	367	5	4	5	0	381
2693	372	2	3	1	0	378
2694	376	2	2	3	0	383
2695	8	371	3	1	0	383
2696	384	7	0	2	0	393
2697	388	2	0	3	0	393
2698	8	2	2	386	0	398
2699	384	3	0	9	0	396
2700	9	381	0	3	0	393
2701	3	379	1	1	0	384
2702	3	8	2	379	0	392
2703	6	0	1	386	0	393
2704	4	382	2	4	0	392
2705	385	8	0	2	0	395
2706	7	380	0	4	0	391
2707	364	7	1	0	0	372
2708	8	378	2	0	0	388
2709	3	4	1	357	0	365
2710	4	360	0	7	0	371
2711	363	5	5	2	0	375
2712	363	2	1	1	0	367
2713	365	3	0	1	0	369
2714	8	0	348	1	0	357
2715	6	3	326	2	0	337
2716	2	322	3	5	0	332
2717	7	5	315	1	0	328
2718	5	0	295	1	0	301
2719	4	2	3	268	0	277
2720	3	1	280	3	0	287
2721	2	278	4	0	0	284
2722	270	3	1	0	0	274
2723	3	270	1	1	0	275
2724	0	273	2	1	0	276
2725	278	7	2	1	0	288
2726	286	0	1	3	0	290
2727	2	300	2	1	0	305
2728	301	4	0	0	0	305
2729	301	1	1	0	0	303
2730	297	2	0	3	0	302
2731	2	3	283	1	0	289
2732	2	1	282	0	0	285
2733	3	1	2	292	0	298
2734	1	2	1	282	0	286
2735	293	1	1	1	0	296
2736	2	287	0	0	0	289
2737	5	1	0	300	0	306
2738	2	1	1	303	0	307
2739	2	1	2	304	0	309
2740	1	0	0	308	0	309
2741	2	0	307	3	0	312
2742	3	1	291	1	0	296
2743	1	2	2	304	0	309
2744	3	0	317	3	0	323
2745	309	1	1	4	0	315
2746	1	0	1	327	0	329
2747	0	0	320	4	0	324
2748	291	0	3	3	0	297
2749	3	317	2	1	0	323
2750	305	1	1	3	0	310
2751	1	318	3	0	0	322
2752	4	1	0	310	0	315
2753	1	0	316	4	0	321
2754	2	0	3	295	0	300
2755	2	0	300	3	0	305
2756	296	4	3	0	0	303
2757	5	0	1	304	0	310
2758	307	2	1	5	0	315
2759	4	0	313	2	0	319
2760	322	2	2	0	0	326
2761	356	0	0	3	0	359
2762	2	1	366	0	0	369
2763	2	0	2	361	0	365
2764	0	2	362	3	0	367
2765	3	357	2	1	0	363
2766	352	3	2	2	0	359
2767	358	0	0	2	0	360
2768	4	1	366	1	0	372
2769	2	1	358	1	0	362
2770	3	1	4	356	0	364
2771	3	0	3	362	0	368
2772	366	2	0	2	0	370
2773	4	361	2	1	0	368
2774	371	2	2	2	0	377
2775	375	0	3	0	0	378
2776	3	2	367	0	0	372
2777	353	0	2	2	0	357
2778	2	0	369	2	0	373
2779	2	0	5	367	0	374
2780	0	3	388	2	0	393
2781	5	0	2	384	0	391
2782	3	1	393	2	0	399
2783	385	0	4	1	0	390
2784	396	0	1	2	0	399
2785	2	0	3	388	0	393
2786	403	0	0	4	0	407
2787	4	0	4	390	0	398
2788	1	394	2	6	0	403
2789	403	1	4	2	0	410
2790	4	399	2	2	0	407
2791	2	2	3	401	0	408
2792	4	0	0	400	0	404
2793	5	1	3	389	0	398
2794	2	0	1	389	0	392
2795	2	2	378	2	0	384
2796	338	0	2	3	0	343
2797	370	2	1	2	0	375
2798	4	369	0	2	0	375
2799	1	4	0	363	0	368
2800	2	1	0	364	0	367
2801	2	1	358	5	0	366
2802	349	0	5	3	0	357
2803	4	1	0	359	0	364
2804	1	0	361	2	0	364
2805	358	2	1	2	0	363
2806	358	0	2	4	0	364
2807	359	1	0	3	0	363
2808	2	0	349	1	0	352
2809	3	1	331	0	0	335
2810	345	0	1	2	0	348
2811	1	0	2	350	0	353
2812	2	3	1	356	0	362
2813	1	0	357	2	0	360
2814	350	2	1	1	0	354
2815	5	0	2	353	0	360
2816	373	1	1	4	0	379
2817	373	0	1	3	0	377
2818	386	0	1	1	0	388
2819	4	0	385	3	0	392
2820	1	0	4	377	0	382
2821	374	0	2	3	0	379
2822	4	380	0	3	0	387
2823	3	3	0	384	0	390
2824	2	2	2	390	0	396
2825	379	0	1	5	0	385
2826	366	0	1	3	0	370
2827	5	1	2	355	0	363
2828	5	0	347	4	0	356
2829	337	1	4	3	0	345
2830	4	0	367	2	0	373
2831	363	0	4	4	0	371
2832	382	0	1	2	0	385
2833	9	1	374	1	0	385
2834	4	0	4	391	0	399
2835	4	0	398	4	0	406
2836	7	416	3	1	0	427
2837	7	4	2	401	0	414
2838	1	426	4	7	0	438
2839	2	4	3	434	0	443
2840	5	1	456	5	0	467
2841	2	461	6	3	0	472
2842	4	483	2	2	0	491
2843	4	13	6	477	0	500
2844	475	2	0	9	0	486
2845	11	1	3	521	0	536
2846	545	2	0	13	0	560
2847	11	553	5	4	0	573
2848	635	13	3	6	0	657
2849	14	4	660	4	0	682
2850	6	3	14	662	0	685
2851	12	4	3	652	0	671
2852	3	4	651	17	0	675
2853	628	2	12	9	0	651
2854	636	1	8	5	0	650
2855	15	640	5	5	0	665
2856	6	15	4	588	0	613
2857	5	643	2	12	0	662
2858	6	10	622	8	0	646
2859	6	4	634	3	0	647
2860	5	21	13	584	0	623
2861	581	7	5	12	0	605
2862	10	579	3	7	0	599
2863	582	9	5	5	0	601
2864	13	5	579	6	0	603
2865	577	2	11	9	0	599
2866	592	4	4	7	0	607
2867	18	4	583	1	0	606
2868	11	3	14	574	0	602
2869	587	2	8	12	0	609
2870	590	4	2	8	0	604
2871	593	2	4	7	0	606
2872	18	3	6	574	0	601
2873	9	0	579	14	0	602
2874	577	2	13	7	0	599
2875	16	4	586	6	0	612
2876	13	4	12	572	0	601
2877	5	5	9	578	0	597
2878	6	574	7	17	0	604
2879	5	9	585	6	0	605
2880	9	540	15	3	0	567
2881	5	565	6	5	0	581
2882	6	13	5	562	0	586
2883	4	9	561	12	0	586
2884	12	5	12	557	0	586
2885	8	6	556	13	0	583
2886	6	5	14	552	0	577
2887	7	2	9	558	0	576
2888	5	4	542	18	0	569
2889	9	1	12	542	0	564
2890	7	2	559	16	0	584
2891	6	2	560	13	0	581
2892	4	552	16	11	0	583
2893	560	14	9	5	0	588
2894	16	7	559	4	0	586
2895	551	5	17	6	0	579
2896	11	4	9	566	0	590
2897	5	6	558	18	0	587
2898	6	565	19	8	0	598
2899	6	14	10	566	0	596
2900	6	10	570	13	0	599
2901	3	5	14	541	0	563
2902	5	568	8	16	0	597
2903	565	14	10	11	0	600
2904	14	7	7	570	0	598
2905	562	7	11	15	0	595
2906	575	3	6	12	0	596
2907	578	4	7	7	0	596
2908	579	3	3	10	0	595
2909	563	3	7	10	0	583
2910	20	547	8	8	0	583
2911	15	12	7	552	0	586
2912	12	5	7	550	0	574
2913	9	6	6	555	0	576
2914	4	1	528	18	0	551
2915	5	536	13	8	0	562
2916	541	10	4	8	0	563
2917	536	7	6	7	0	556
2918	15	508	4	9	0	536
2919	9	522	4	7	0	542
2920	516	16	3	4	0	539
2921	16	4	499	3	0	522
2922	9	8	11	487	0	515
2923	495	6	2	12	0	515
2924	16	2	3	474	0	495
2925	4	479	5	13	0	501
2926	7	9	3	483	0	502
2927	5	4	489	13	0	511
2928	481	2	10	10	0	503
2929	503	1	4	3	0	511
2930	13	3	3	481	0	500
2931	10	3	5	486	0	504
2932	468	2	5	12	0	487
2933	15	469	3	5	0	492
2934	7	8	2	460	0	477
2935	7	2	4	469	0	482
2936	428	4	3	12	0	447
2937	12	427	3	8	0	450
2938	421	6	4	4	0	435
2939	10	409	1	5	0	425
2940	5	396	1	5	0	407
2941	384	7	2	2	0	395
2942	8	388	1	2	0	399
2943	6	7	4	372	0	389
2944	4	4	375	6	0	389
2945	2	1	317	3	0	323
2946	0	3	302	3	0	308
2947	3	288	3	2	0	296
2948	192	8	8	0	0	208
2949	2	1	1	183	0	187
2950	3	1	1	184	0	189
2951	1	3	188	3	0	195
2952	186	1	2	3	0	192
2953	2	0	3	191	0	196
2954	2	0	3	190	0	195
2955	0	0	4	187	0	191
2956	185	2	1	3	0	191
2957	4	3	185	1	0	193
2958	185	1	2	4	0	192
2959	3	0	1	192	0	196
2960	2	1	191	3	0	197
2961	192	0	5	2	0	199
2962	6	1	196	2	0	205
2963	3	1	2	198	0	204
2964	0	1	198	6	0	205
2965	4	0	194	4	0	202
2966	189	0	9	0	0	198
2967	6	0	191	1	0	198
2968	3	0	3	189	0	195
2969	186	0	4	6	0	196
2970	6	1	1	191	0	199
2971	5	0	193	3	0	201
2972	1	1	202	4	0	208
2973	3	190	5	1	0	199
2974	1	4	5	191	0	201
2975	180	1	4	3	0	188
2976	4	180	5	2	0	191
2977	182	4	2	3	0	191
2978	7	2	1	180	0	190
2979	180	3	1	7	0	191
2980	4	181	3	3	0	191
2981	6	3	4	179	0	192
2982	177	4	4	6	0	191
2983	5	184	2	6	0	197
2984	6	4	1	186	0	197
2985	1	4	0	192	0	197
2986	188	2	1	5	0	196
2987	5	2	2	187	0	196
2988	5	2	1	189	0	197
2989	2	2	1	191	0	196
2990	4	2	172	6	0	184
2991	180	1	3	5	0	189
2992	4	4	2	197	0	207
2993	5	2	222	8	0	237
2994	230	1	4	5	0	240
2995	6	3	234	4	0	247
2996	4	0	4	236	0	244
2997	4	242	5	5	0	256
2998	2	5	1	246	0	254
2999	1	1	248	5	0	255
3000	3	2	238	6	0	249
3001	5	2	6	244	0	257
3002	1	1	247	8	0	257
3003	239	2	5	4	0	250
3004	3	0	250	5	0	258
3005	4	1	6	245	0	256
3006	2	3	4	246	0	255
3007	4	1	2	249	0	256
3008	242	2	4	8	0	256
3009	249	0	3	4	0	256
3010	255	1	4	7	0	267
3011	7	0	3	259	0	269
3012	6	3	3	258	0	270
3013	4	2	251	7	0	264
3014	5	0	253	5	0	263
3015	1	249	5	7	0	262
3016	2	4	1	236	0	243
3017	4	1	4	223	0	232
3018	5	232	3	2	0	242
3019	237	2	1	4	0	244
3020	3	234	2	6	0	245
3021	236	2	0	9	0	247
3022	3	2	3	239	0	247
3023	241	0	4	3	0	248
3024	4	3	3	240	0	250
3025	4	1	235	4	0	244
3026	2	1	2	242	0	247
3027	233	3	3	4	0	243
3028	5	1	1	238	0	245
3029	2	3	4	229	0	238
3030	2	2	241	6	0	251
3031	2	0	4	239	0	245
3032	2	0	4	237	0	243
3033	3	237	0	6	0	246
3034	1	2	6	238	0	247
3035	2	2	1	241	0	246
3036	5	0	1	239	0	245
3037	1	230	1	7	0	239
3038	2	3	1	226	0	232
3039	223	1	2	5	0	231
3040	2	218	3	3	0	226
3041	2	206	1	1	0	210
3042	2	204	0	3	0	209
3043	2	3	7	192	0	204
3044	2	194	0	1	0	197
3045	0	204	3	2	0	209
3046	198	0	1	1	0	200
3047	2	1	195	1	0	199
3048	193	0	3	1	0	197
3049	3	0	1	199	0	203
3050	1	3	195	1	0	200
3051	187	1	0	3	0	191
3052	0	0	196	2	0	198
3053	0	0	186	2	0	188
3054	201	0	2	2	0	205
3055	0	0	4	204	0	208
3056	2	1	204	2	0	209
3057	192	0	4	3	0	199
3058	199	0	2	4	0	205
3059	0	1	211	5	0	217
3060	210	0	0	5	0	215
3061	217	2	2	2	0	223
3062	4	0	203	5	0	212
3063	207	0	0	4	0	211
3064	206	1	0	5	0	212
3065	3	0	188	5	0	196
3066	1	0	206	4	0	211
3067	3	0	3	209	0	215
3068	1	4	209	1	0	215
3069	209	2	1	6	0	218
3070	1	2	1	208	0	212
3071	0	4	2	205	0	211
3072	2	4	196	2	0	204
3073	2	5	0	195	0	202
3074	4	2	198	3	0	207
3075	188	4	1	3	0	196
3076	201	1	0	3	0	205
3077	3	1	195	4	0	203
3078	200	2	3	1	0	206
3079	205	1	0	6	0	212
3080	4	1	206	2	0	213
3081	217	1	2	4	0	224
3082	213	1	0	2	0	216
3083	0	2	214	4	0	220
3084	206	0	1	4	0	211
3085	3	1	220	3	0	227
3086	2	3	0	218	0	223
3087	1	0	3	215	0	219
3088	2	1	2	220	0	225
3089	4	0	220	5	0	229
3090	202	3	3	3	0	211
3091	3	1	213	4	0	221
3092	6	193	0	2	0	201
3093	0	174	3	2	0	179
3094	164	1	4	1	0	170
3095	3	0	3	164	0	170
3096	2	167	2	3	0	174
3097	157	0	2	0	0	159
3098	150	0	0	3	0	153
3099	1	169	1	2	0	173
3100	1	1	2	173	0	177
3101	1	169	0	3	0	173
3102	171	0	1	3	0	175
3103	170	0	2	1	0	173
3104	1	1	1	164	0	167
3105	164	0	2	2	0	168
3106	3	0	1	164	0	168
3107	3	1	163	0	0	167
3108	156	0	2	1	0	159
3109	7	1	151	1	0	160
3110	3	0	1	155	0	159
3111	163	1	2	2	0	168
3112	3	0	1	168	0	172
3113	2	0	163	1	0	166
3114	1	1	153	1	0	156
3115	3	0	1	166	0	170
3116	176	0	1	3	0	180
3117	2	169	2	1	0	174
3118	1	1	1	179	0	182
3119	1	0	179	2	0	182
3120	171	1	3	0	0	175
3121	181	1	1	0	0	183
3122	2	0	175	0	0	177
3123	174	0	2	1	0	177
3124	2	1	0	180	0	183
3125	2	0	190	1	0	193
3126	182	0	2	0	0	184
3127	2	1	0	188	0	191
3128	0	0	0	182	0	182
3129	184	0	0	2	0	186
3130	1	168	0	0	0	169
3131	0	173	0	1	0	174
3132	177	1	0	0	0	178
3133	169	0	0	0	0	169
3134	1	0	183	0	0	184
3135	1	0	178	0	0	179
3136	0	0	1	183	0	184
3137	189	0	0	1	0	190
3138	183	0	0	0	0	183
3139	184	0	0	0	0	184
3140	1	179	0	4	0	184
3141	0	189	0	0	0	189
3142	0	1	0	194	0	195
3143	0	0	0	186	0	186
3144	0	0	0	186	0	186
3145	0	0	188	2	0	190
3146	0	0	163	0	0	163
3147	188	0	3	0	0	191
3148	198	0	1	0	0	199
3149	3	0	1	197	0	201
3150	2	0	0	204	0	206
3151	1	0	0	206	0	207
3152	0	0	193	4	0	197
3153	1	0	189	1	0	191
3154	0	0	3	200	0	203
3155	0	0	202	4	0	206
3156	0	199	5	0	0	204
3157	0	206	0	1	0	207
3158	200	4	1	1	0	206
3159	4	196	0	0	0	200
3160	0	5	0	199	0	204
3161	1	1	0	205	0	207
3162	0	207	0	3	0	210
3163	0	4	0	217	0	221
3164	0	0	213	5	0	218
3165	0	216	3	0	0	219
3166	1	4	0	209	0	214
3167	0	0	219	4	0	223
3168	0	215	4	0	0	219
3169	0	4	0	213	0	217
3170	0	214	1	3	0	218
3171	0	5	0	218	0	223
3172	0	0	0	215	0	215
3173	0	218	0	3	0	221
3174	211	4	0	3	0	218
3175	210	0	0	1	0	211
3176	4	215	0	0	0	219
3177	1	224	0	0	0	225
3178	2	4	0	218	0	224
3179	0	1	211	4	0	216
3180	209	1	3	1	0	214
3181	215	1	0	4	0	220
3182	4	0	215	0	0	219
3183	207	0	3	0	0	210
3184	221	0	0	1	0	222
3185	4	0	218	0	0	222
3186	205	1	4	0	0	210
3187	5	0	241	1	0	247
3188	0	244	6	0	0	250
3189	244	5	0	2	0	251
3190	244	0	0	1	0	245
3191	4	1	245	0	0	250
3192	243	1	4	0	0	248
3193	280	0	0	1	0	281
3194	4	1	286	0	0	291
3195	287	0	3	1	0	291
3196	299	0	0	0	0	299
3197	4	1	287	0	0	292
3198	287	0	4	0	0	291
3199	6	0	0	275	0	281
3200	0	1	1	282	0	284
3201	1	1	276	4	0	282
3202	0	1	265	2	0	268
3203	0	0	5	267	0	272
3204	1	0	1	277	0	279
3205	282	0	1	5	0	288
3206	4	0	269	1	0	274
3207	278	0	4	1	0	283
3208	6	0	0	290	0	296
3209	0	0	298	4	0	302
3210	289	0	3	2	0	294
3211	3	0	1	313	0	317
3212	0	1	311	3	0	315
3213	301	0	3	1	0	305
3214	4	0	0	320	0	324
3215	319	0	2	3	0	324
3216	5	0	340	0	0	345
3217	1	0	3	333	0	337
3218	1	345	0	2	0	348
3219	351	3	0	0	0	354
3220	350	0	0	4	0	354
3221	3	353	1	0	0	357
3222	363	3	0	1	0	367
3223	362	0	0	1	0	363
3224	360	1	0	1	0	362
3225	3	353	0	0	0	356
3226	2	3	1	357	0	363
3227	2	1	351	3	0	357
3228	2	1	3	347	0	353
3229	1	0	0	354	0	355
3230	1	0	366	3	0	370
3231	1	0	354	1	0	356
3232	1	0	3	350	0	354
3233	0	357	3	2	0	362
3234	366	3	1	0	0	370
3235	355	0	0	2	0	357
3236	3	362	1	0	0	366
3237	370	3	0	0	0	373
3238	364	0	1	1	0	366
3239	3	1	357	0	0	361
3240	354	0	3	0	0	357
3241	4	372	0	1	0	377
3242	0	4	365	0	0	369
3243	3	1	362	0	0	366
3244	1	374	2	1	0	378
3245	367	2	1	1	0	371
3246	3	0	377	0	0	380
3247	2	0	1	379	0	382
3248	2	1	372	1	0	376
3249	347	1	2	0	0	350
3250	1	0	423	1	0	425
3251	0	2	415	0	0	417
3252	416	0	1	1	0	418
3253	2	445	0	1	0	448
3254	448	1	0	2	0	451
3255	451	0	0	2	0	453
3256	1	0	0	454	0	455
3257	1	492	0	0	0	493
3258	500	0	0	2	0	502
3259	0	2	510	1	0	513
3260	496	0	1	1	0	498
3261	0	516	0	1	0	517
3262	510	0	0	1	0	511
3263	506	0	1	1	0	508
3264	0	522	1	0	0	523
3265	0	0	0	527	0	527
3266	525	1	0	2	0	528
3267	1	529	0	0	0	530
3268	2	0	0	531	0	533
3269	543	1	0	1	0	545
3270	1	1	0	566	0	568
3271	1	0	0	559	0	560
3272	1	555	1	1	0	558
3273	561	0	0	1	0	562
3274	563	1	0	2	0	566
3275	569	1	0	1	0	571
3276	2	595	1	0	0	598
3277	582	1	0	0	0	583
3278	581	0	0	1	0	582
3279	1	1	1	576	0	579
3280	2	0	0	579	0	581
3281	1	1	572	2	0	576
3282	2	0	2	562	0	566
3283	1	0	1	538	0	540
3284	0	0	571	2	0	573
3285	505	1	1	1	0	508
3286	1	2	566	1	0	570
3287	1	1	551	0	0	553
3288	2	1	1	550	0	554
3289	2	0	1	551	0	554
3290	0	557	1	2	0	560
3291	554	2	0	2	0	558
3292	541	0	1	1	0	543
3293	2	531	0	0	0	533
3294	1	537	0	0	0	538
3295	2	2	0	545	0	549
3296	1	560	0	3	0	564
3297	555	4	1	0	0	560
3298	558	0	0	3	0	561
3299	4	1	0	556	0	561
3300	1	1	1	561	0	564
3301	556	0	1	4	0	561
3302	4	0	547	2	0	553
3303	539	1	3	2	0	545
3304	7	0	550	1	0	558
3305	544	0	4	0	0	548
3306	5	0	0	556	0	561
3307	1	0	559	3	0	563
3308	2	0	540	1	0	543
3309	543	0	4	2	0	549
3310	555	0	1	0	0	556
3311	3	559	2	0	0	564
3312	2	3	2	568	0	575
3313	3	1	0	568	0	572
3314	560	1	0	5	0	566
3315	3	561	1	1	0	566
3316	533	3	0	1	0	537
3317	4	533	1	0	0	538
3318	0	523	0	0	0	523
3319	511	3	0	0	0	514
3320	3	1	508	0	0	512
3321	0	3	2	509	0	514
3322	4	0	0	503	0	507
3323	1	0	506	3	0	510
3324	2	0	3	495	0	500
3325	2	1	1	451	0	455
3326	1	509	1	3	0	514
3327	517	3	0	5	0	525
3328	3	2	514	1	0	520
3329	487	1	3	2	0	493
3330	5	518	0	0	0	523
3331	1	4	1	522	0	528
3332	543	0	0	5	0	548
3333	3	0	1	554	0	558
3334	0	0	0	550	0	550
3335	1	0	552	4	0	557
3336	524	1	3	2	0	530
3337	540	0	0	2	0	542
3338	6	0	549	0	0	555
3339	3	0	4	542	0	549
3340	1	1	544	4	0	550
3341	520	0	7	1	0	528
3342	543	0	0	2	0	545
3343	3	1	1	540	0	545
3344	540	1	0	5	0	546
3345	4	1	572	0	0	577
3346	1	0	4	558	0	563
3347	1	0	0	554	0	555
3348	1	0	2	569	0	572
3349	1	0	0	569	0	570
3350	509	0	0	7	0	516
3351	2	0	506	1	0	509
3352	1	0	4	508	0	513
3353	1	0	501	4	0	506
3354	1	1	478	1	0	481
3355	2	0	3	478	0	483
3356	3	0	1	478	0	482
3357	447	0	2	5	0	454
3358	5	0	0	452	0	457
3359	0	0	0	451	0	451
3360	3	0	0	451	0	454
3361	447	0	0	6	0	453
3362	448	0	0	2	0	450
3363	444	0	0	2	0	446
3364	435	0	0	1	0	436
3365	5	463	0	0	0	468
3366	0	3	0	469	0	472
3367	0	0	0	460	0	460
3368	470	0	0	4	0	474
3369	6	484	0	0	0	490
3370	2	5	0	498	0	505
3371	1	0	560	6	0	567
3372	654	0	7	2	0	663
3373	12	717	2	0	0	731
3374	750	13	0	3	0	766
3375	778	2	1	1	0	782
3376	19	1	4	753	0	777
3377	9	1	748	15	0	773
3378	5	4	16	767	0	792
3379	781	0	2	18	0	801
3380	25	0	2	778	0	805
3381	773	1	0	22	0	796
3382	18	771	4	4	0	797
3383	804	15	1	7	0	827
3384	23	3	0	802	0	828
3385	7	2	0	860	0	869
3386	865	0	1	19	0	885
3387	865	5	0	10	0	880
3388	870	0	2	6	0	878
3389	864	0	2	11	0	877
3390	870	0	2	8	0	880
3391	22	2	1	858	0	883
3392	13	1	806	20	0	840
3393	9	821	13	8	0	851
3394	812	16	3	5	0	836
3395	23	4	792	5	0	824
3396	786	3	14	7	0	810
3397	23	791	6	5	0	825
3398	816	18	1	6	0	841
3399	29	2	1	806	0	838
3400	16	3	5	828	0	852
3401	17	1	828	18	0	864
3402	13	6	13	829	0	861
3403	14	0	847	21	0	882
3404	6	4	863	11	0	884
3405	874	3	19	12	0	908
3406	904	8	11	2	0	925
3407	25	2	885	9	0	921
3408	880	3	23	8	0	914
3409	890	4	8	9	0	911
3410	27	6	876	6	0	915
3411	16	872	16	11	0	915
3412	11	16	12	937	0	976
3413	961	2	3	25	0	991
3414	979	3	8	9	0	999
3415	983	2	13	8	0	1006
3416	994	6	7	3	0	1010
3417	986	5	7	14	0	1012
3418	33	1	956	8	0	998
3419	22	3	969	6	0	1000
3420	25	6	21	972	0	1024
3421	1002	5	6	20	0	1033
3422	1014	5	5	13	0	1037
3423	1013	7	10	9	0	1039
3424	966	4	8	18	0	996
3425	36	960	7	14	0	1017
3426	21	1007	8	16	0	1052
3427	1022	14	10	11	0	1057
3428	1035	4	5	15	0	1059
3429	42	1000	6	12	0	1060
3430	1012	24	8	12	0	1056
3431	37	9	998	7	0	1051
3432	19	9	20	984	0	1032
3433	24	2	985	26	0	1037
3434	20	9	987	14	0	1030
3435	30	2	17	994	0	1043
3436	30	3	14	999	0	1046
3437	29	5	1022	24	0	1080
3438	26	11	19	988	0	1044
3439	21	5	10	1038	0	1074
3440	1037	4	8	26	0	1075
3441	1038	8	7	21	0	1074
3442	33	6	19	1025	0	1083
3443	18	9	1017	25	0	1069
3444	23	1022	24	12	0	1081
3445	999	16	17	9	0	1041
3446	41	3	1020	7	0	1071
3447	17	979	21	16	0	1033
3448	15	1042	16	12	0	1085
3449	1046	20	8	19	0	1093
3450	1055	2	10	20	0	1087
3451	21	4	22	1052	0	1099
3452	20	9	1093	22	0	1144
3453	22	7	26	1084	0	1139
3454	25	1	16	1085	0	1127
3455	29	6	9	1099	0	1143
3456	1100	5	10	26	0	1141
3457	31	1063	17	9	0	1120
3458	20	1113	10	14	0	1157
3459	19	21	9	1087	0	1136
3460	13	9	12	1112	0	1146
3461	1113	11	6	26	0	1156
3462	1091	8	7	15	0	1121
3463	1109	7	7	10	0	1133
3464	39	1087	5	12	0	1143
3465	1074	13	4	13	0	1104
3466	37	19	12	1040	0	1108
3467	25	4	1040	18	0	1087
3468	14	4	982	16	0	1016
3469	975	8	20	14	0	1017
3470	27	2	956	10	0	995
3471	15	4	873	6	0	898
3472	747	3	8	3	0	761
3473	12	1	742	6	0	761
3474	5	1	699	2	0	707
3475	9	4	5	677	0	695
3476	3	0	698	1	0	702
3477	3	1	2	676	0	682
3478	2	2	2	651	0	657
3479	3	1	688	4	0	696
3480	2	686	3	2	0	693
3481	697	1	3	4	0	705
3482	3	0	713	2	0	718
3483	4	0	686	0	0	690
3484	610	2	2	4	0	618
3485	3	0	648	1	0	652
3486	2	639	1	0	0	642
3487	0	525	2	1	0	528
3488	3	0	2	645	0	650
3489	1	0	3	637	0	641
3490	658	1	1	2	0	662
3491	650	1	2	4	0	657
3492	660	0	1	2	0	663
3493	3	0	1	661	0	665
3494	666	1	1	5	0	673
3495	658	0	2	1	0	661
3496	1	1	660	2	0	664
3497	2	0	648	2	0	652
3498	2	664	0	2	0	668
3499	2	1	1	670	0	674
3500	658	1	2	5	0	666
3501	0	648	1	0	0	649
3502	1	1	0	658	0	660
3503	641	0	1	3	0	645
3504	613	0	1	3	0	617
3505	3	607	0	0	0	610
3506	600	0	1	3	0	604
3507	602	2	0	5	0	609
3508	4	1	1	594	0	600
3509	1	1	603	3	0	608
3510	1	584	1	2	0	588
3511	3	574	1	2	0	580
3512	516	1	2	3	0	522
3513	1	2	2	531	0	536
3514	1	2	541	1	0	545
3515	3	547	0	2	0	552
3516	545	1	0	3	0	549
3517	548	0	1	2	0	551
3518	3	0	573	0	0	576
3519	1	2	1	558	0	562
3520	3	1	1	583	0	588
3521	4	0	666	2	0	672
3522	678	1	6	4	0	689
3523	860	0	2	4	0	866
3524	16	1	1	1034	0	1052
3525	3	1102	2	18	0	1125
3526	9	20	1	1167	0	1197
3527	3	7	1182	28	0	1220
3528	1175	4	22	13	0	1214
3529	28	8	7	1228	0	1271
3530	12	9	1212	33	0	1266
3531	1193	5	27	21	0	1246
3532	34	4	18	1205	0	1261
3533	20	1	10	1216	0	1247
3534	1180	0	8	43	0	1231
3535	31	1185	10	16	0	1242
3536	1185	24	6	18	0	1233
3537	38	7	3	1168	0	1216
3538	1176	5	2	40	0	1223
3539	41	11	1146	15	0	1213
3540	22	1154	22	15	0	1213
3541	21	31	11	1170	0	1233
3542	1165	12	8	40	0	1225
3543	34	1166	12	16	0	1228
3544	20	28	11	1182	0	1241
3545	1183	17	8	38	0	1246
3546	1174	12	6	20	0	1212
3547	45	10	3	1154	0	1212
3548	26	10	1125	34	0	1195
3549	23	8	1125	26	0	1182
3550	1128	6	33	19	0	1186
3551	42	1096	19	19	0	1176
3552	28	1095	18	15	0	1156
3553	1087	31	18	16	0	1152
3554	39	1105	16	10	0	1170
3555	24	33	16	1084	0	1157
3556	26	24	6	1117	0	1173
3557	1102	23	4	45	0	1174
3558	1094	19	3	31	0	1147
3559	1109	16	5	22	0	1152
3560	50	11	1062	22	0	1145
3561	37	10	23	1084	0	1154
3562	30	2	1074	42	0	1148
3563	35	5	1074	18	0	1132
3564	28	5	1106	10	0	1149
3565	21	6	51	1082	0	1160
3566	15	6	1101	45	0	1167
3567	13	8	1127	18	0	1166
3568	15	13	56	1089	0	1173
3569	1088	7	38	43	0	1176
3570	36	8	1113	27	0	1184
3571	33	4	44	1086	0	1167
3572	16	11	30	1135	0	1192
3573	23	4	1122	53	0	1202
3574	28	3	38	1129	0	1198
3575	24	8	1115	48	0	1195
3576	21	7	38	1111	0	1177
3577	11	10	25	1144	0	1190
3578	21	3	27	1136	0	1187
3579	11	8	19	1142	0	1180
3580	1087	8	21	59	0	1175
3581	1092	4	22	47	0	1165
3582	47	5	1052	30	0	1134
3583	25	1050	32	36	0	1143
3584	22	25	1082	30	0	1159
3585	27	13	1089	17	0	1146
3586	1048	8	45	25	0	1126
3587	43	1072	35	13	0	1163
3588	1078	29	34	12	0	1153
3589	37	1098	33	14	0	1182
3590	1096	34	22	20	0	1172
3591	1130	20	30	12	0	1192
3592	61	16	15	1103	0	1195
3593	35	1109	12	42	0	1198
3594	26	39	6	1117	0	1188
3595	25	21	12	1146	0	1204
3596	23	11	1107	58	0	1199
3597	19	1097	29	46	0	1191
3598	18	35	23	1121	0	1197
3599	1107	19	18	53	0	1197
3600	1151	9	19	37	0	1216
3601	1170	10	17	28	0	1225
3602	53	1134	23	19	0	1229
3603	1179	39	16	25	0	1259
3604	57	1224	11	16	0	1308
3605	47	42	11	1255	0	1355
3606	40	19	1261	34	0	1354
3607	25	21	35	1249	0	1330
3608	19	1255	25	45	0	1344
3609	19	46	12	1262	0	1339
3610	15	22	16	1274	0	1327
3611	15	1259	13	60	0	1347
3612	1261	40	16	42	0	1359
3613	41	29	10	1252	0	1332
3614	22	19	1226	61	0	1328
3615	24	18	37	1236	0	1315
3616	20	16	20	1268	0	1324
3617	21	13	1234	67	0	1335
3618	14	18	34	1204	0	1270
3619	24	1226	25	64	0	1339
3620	15	40	1221	53	0	1329
3621	22	24	1137	36	0	1219
3622	11	1084	56	27	0	1178
3623	8	936	26	30	0	1000
3624	2	745	14	19	0	780
3625	649	24	22	18	0	713
3626	603	18	3	9	0	633
3627	593	7	3	9	0	612
3628	20	6	5	590	0	621
3629	11	3	590	17	0	621
3630	5	5	15	579	0	604
3631	1	9	9	593	0	612
3632	577	6	7	24	0	614
3633	582	4	4	19	0	609
3634	22	591	6	6	0	625
3635	580	16	8	7	0	611
3636	588	10	9	5	0	612
3637	598	9	6	7	0	620
3638	21	10	579	5	0	615
3639	13	14	576	5	0	608
3640	16	5	17	572	0	610
3641	18	4	570	12	0	604
3642	553	6	11	11	0	581
3643	567	4	9	10	0	590
3644	23	2	553	7	0	585
3645	548	2	17	13	0	580
3646	16	547	14	10	0	587
3647	569	12	6	12	0	599
3648	19	9	7	552	0	587
3649	18	10	3	546	0	577
3650	16	553	2	19	0	590
3651	562	12	4	9	0	587
3652	563	9	6	5	0	583
3653	25	548	9	6	0	588
3654	10	17	9	533	0	569
3655	9	10	8	550	0	577
3656	9	533	8	24	0	574
3657	10	18	4	540	0	572
3658	13	8	6	549	0	576
3659	535	5	9	21	0	570
3660	540	10	4	12	0	566
3661	22	11	526	8	0	567
3662	529	6	12	10	0	557
3663	20	7	531	12	0	570
3664	14	5	12	523	0	554
3665	8	10	517	17	0	552
3666	16	509	10	15	0	550
3667	20	11	12	503	0	546
3668	13	14	2	515	0	544
3669	506	4	7	26	0	543
3670	17	6	6	508	0	537
3671	12	9	475	21	0	517
3672	485	6	14	22	0	527
3673	513	6	4	11	0	534
3674	518	4	4	10	0	536
3675	517	3	3	11	0	534
3676	27	3	9	514	0	553
3677	23	2	5	545	0	575
3678	9	0	12	576	0	597
3679	7	3	9	587	0	606
3680	564	1	11	23	0	599
3681	572	7	4	15	0	598
3682	27	4	5	546	0	582
3683	17	552	3	23	0	595
3684	558	15	2	16	0	591
3685	21	5	551	15	0	592
3686	13	549	19	13	0	594
3687	526	16	7	8	0	557
3688	26	529	2	7	0	564
3689	17	10	516	5	0	548
3690	524	8	8	8	0	548
3691	515	3	3	12	0	533
3692	21	5	496	9	0	531
3693	13	3	12	513	0	541
3694	12	6	6	527	0	551
3695	15	527	0	19	0	561
3696	13	16	5	521	0	555
3697	517	8	3	19	0	547
3698	19	511	4	8	0	542
3699	18	15	2	473	0	508
3700	11	4	6	492	0	513
3701	10	7	469	19	0	505
3702	10	470	13	9	0	502
3703	423	19	6	7	0	455
3704	10	370	2	7	0	389
3705	5	332	3	6	0	346
3706	334	11	1	0	0	346
3707	14	1	0	329	0	344
3708	4	2	1	332	0	339
3709	325	4	1	9	0	339
3710	12	1	1	326	0	340
3711	3	0	1	338	0	342
3712	333	2	0	12	0	347
3713	12	1	2	334	0	349
3714	2	331	0	11	0	344
3715	339	7	1	6	0	353
3716	11	3	340	1	0	355
3717	3	323	9	4	0	339
3718	1	7	0	292	0	300
3719	2	0	280	5	0	287
3720	1	0	277	1	0	279
3721	5	10	5	262	0	282
3722	263	1	0	8	0	272
3723	6	1	2	262	0	271
3724	3	0	3	266	0	272
3725	0	2	0	274	0	276
3726	2	2	0	268	0	272
3727	3	0	1	274	0	278
3728	1	0	258	7	0	266
3729	1	2	249	3	0	255
3730	4	0	4	253	0	261
3731	0	0	247	9	0	256
3732	0	249	8	3	0	260
3733	2	6	2	250	0	260
3734	3	0	242	8	0	253
3735	226	2	7	2	0	237
3736	5	244	1	1	0	251
3737	0	237	1	4	0	242
3738	0	243	3	3	0	249
3739	2	4	2	237	0	245
3740	240	2	1	5	0	248
3741	5	1	1	243	0	250
3742	242	1	0	7	0	250
3743	6	230	1	2	0	239
3744	243	6	0	2	0	251
3745	4	2	0	246	0	252
3746	2	2	1	242	0	247
3747	1	228	3	5	0	237
3748	2	6	2	233	0	243
3749	1	1	0	239	0	241
3750	1	1	1	233	0	236
3751	230	4	1	6	0	241
3752	218	1	0	9	0	228
3753	5	1	239	5	0	250
3754	236	1	4	3	0	244
3755	6	5	227	3	0	241
3756	2	4	4	231	0	241
3757	2	3	1	238	0	244
3758	2	0	1	243	0	246
3759	3	2	237	5	0	247
3760	2	1	5	235	0	243
3761	2	2	242	7	0	253
3762	1	3	8	246	0	258
3763	250	3	2	8	0	263
3764	9	2	249	5	0	265
3765	253	0	9	4	0	266
3766	7	2	0	260	0	269
3767	262	1	2	11	0	276
3768	6	262	1	5	0	274
3769	1	6	1	268	0	276
3770	3	1	270	10	0	284
3771	6	0	8	268	0	282
3772	0	7	2	262	0	271
3773	4	251	2	7	0	264
3774	1	7	259	2	0	269
3775	3	256	6	3	0	268
3776	220	11	10	4	0	245
3777	6	240	1	4	0	251
3778	219	6	5	1	0	231
3779	221	1	1	4	0	227
3780	226	2	2	2	0	232
3781	5	1	0	229	0	235
3782	4	0	224	8	0	236
3783	1	0	7	212	0	220
3784	4	222	1	8	0	235
3785	2	8	0	229	0	239
3786	223	0	1	9	0	233
3787	6	217	3	2	0	228
3788	1	7	1	216	0	225
3789	0	2	2	221	0	225
3790	213	1	2	9	0	225
3791	7	2	205	6	0	220
3792	1	208	8	4	0	221
3793	1	4	2	194	0	201
3794	0	2	176	5	0	183
3795	2	0	5	165	0	172
3796	1	177	2	3	0	183
3797	2	3	1	191	0	197
3798	3	0	1	190	0	194
3799	1	1	1	187	0	190
3800	0	2	184	5	0	191
3801	173	0	5	2	0	180
3802	4	0	1	193	0	198
3803	206	1	2	3	0	212
3804	211	2	0	2	0	215
3805	207	1	1	1	0	210
3806	213	1	1	1	0	216
3807	221	0	0	2	0	223
3808	6	0	0	220	0	226
3809	3	214	0	6	0	223
3810	3	5	0	212	0	220
3811	0	209	0	3	0	212
3812	1	5	0	205	0	211
3813	201	0	0	5	0	206
3814	4	1	0	198	0	203
3815	0	1	195	5	0	201
3816	183	0	4	1	0	188
3817	5	188	0	1	0	194
3818	191	4	1	0	0	196
3819	195	0	0	0	0	195
3820	197	1	0	0	0	198
3821	3	212	0	0	0	215
3822	1	4	0	214	0	219
3823	2	0	0	212	0	214
3824	0	1	218	4	0	223
3825	1	0	4	206	0	211
3826	2	0	0	200	0	202
3827	0	0	1	211	0	212
3828	0	215	0	4	0	219
3829	217	4	0	2	0	223
3830	205	0	1	1	0	207
3831	4	1	222	1	0	228
3832	1	220	4	0	0	225
3833	2	4	0	224	0	230
3834	2	0	1	229	0	232
3835	0	2	0	224	0	226
3836	0	0	0	231	0	231
3837	1	0	0	227	0	228
3838	2	0	222	4	0	228
3839	0	0	207	1	0	208
3840	215	1	4	2	0	222
3841	231	0	1	1	0	233
3842	235	0	2	0	0	237
3843	5	0	0	237	0	242
3844	1	1	240	4	0	246
3845	232	0	4	2	0	238
3846	246	0	0	3	0	249
3847	4	0	245	1	0	250
3848	232	0	5	1	0	238
3849	5	0	281	0	0	286
3850	2	0	5	282	0	289
3851	2	0	289	4	0	295
3852	278	0	5	0	0	283
3853	283	0	0	1	0	284
3854	294	0	1	1	0	296
3855	296	0	1	1	0	298
3856	6	0	287	1	0	294
3857	2	296	4	0	0	302
3858	301	4	0	2	0	307
3859	299	2	1	0	0	302
3860	4	0	303	2	0	309
3861	3	1	2	291	0	297
3862	1	0	0	300	0	301
3863	1	0	293	2	0	296
3864	260	0	2	3	0	265
3865	284	1	1	1	0	287
3866	2	283	1	0	0	286
3867	298	3	0	1	0	302
3868	301	0	0	1	0	302
3869	301	2	0	0	0	303
3870	288	0	0	1	0	289
3871	3	1	279	1	0	284
3872	276	0	3	2	0	281
3873	3	0	0	285	0	288
3874	0	286	2	3	0	291
3875	1	2	287	2	0	292
3876	0	284	2	1	0	287
3877	2	3	0	259	0	264
3878	1	1	268	2	0	272
3879	241	1	2	1	0	245
3880	2	1	261	1	0	265
3881	270	0	3	1	0	274
3882	2	1	0	275	0	278
3883	1	0	1	274	0	276
3884	1	272	0	1	0	274
3885	0	274	1	2	0	277
3886	1	1	0	285	0	287
3887	286	0	0	2	0	288
3888	283	1	1	1	0	286
3889	283	0	1	1	0	285
3890	3	1	297	0	0	301
3891	284	0	1	0	0	285
3892	3	0	308	0	0	311
3893	0	0	299	1	0	300
3894	305	0	2	1	0	308
3895	312	0	1	1	0	314
3896	2	0	319	0	0	321
3897	2	0	2	310	0	314
3898	3	0	0	325	0	328
3899	326	0	2	2	0	330
3900	314	0	0	2	0	316
3901	2	0	346	1	0	349
3902	2	340	1	0	0	343
3903	0	331	0	1	0	332
3904	335	0	0	1	0	336
3905	3	0	0	343	0	346
3906	0	0	0	346	0	346
3907	0	0	0	344	0	344
3908	337	0	0	0	0	337
3909	0	0	0	345	0	345
3910	345	0	0	0	0	345
3911	340	0	0	2	0	342
3912	0	379	0	0	0	379
3913	2	0	0	432	0	434
3914	0	0	434	2	0	436
3915	417	0	3	4	0	424
3916	434	1	2	1	0	438
3917	438	0	1	0	0	439
3918	7	0	450	0	0	457
3919	4	0	3	447	0	454
3920	459	0	3	3	0	465
3921	433	0	1	3	0	437
3922	436	0	0	1	0	437
3923	5	429	0	0	0	434
3924	4	447	0	0	0	451
3925	1	5	0	447	0	453
3926	0	4	1	439	0	444
3927	0	435	0	6	0	441
3928	437	3	0	5	0	445
3929	3	3	451	1	0	458
3930	3	1	3	451	0	458
3931	2	0	3	441	0	446
3932	0	0	445	5	0	450
3933	408	0	3	4	0	415
3934	449	0	3	1	0	453
3935	6	444	1	0	0	451
3936	451	2	0	2	0	455
3937	4	7	453	0	0	464
3938	453	1	3	1	0	458
3939	4	0	479	0	0	483
3940	465	0	3	3	0	471
3941	474	0	1	1	0	476
3942	471	1	1	0	0	473
3943	467	0	1	0	0	468
3944	8	464	0	1	0	473
3945	483	2	1	0	0	486
3946	486	2	0	0	0	488
3947	7	1	472	0	0	480
3948	477	0	4	1	0	482
3949	7	0	3	475	0	485
3950	6	0	476	4	0	486
3951	463	0	4	3	0	470
3952	5	0	4	474	0	483
3953	484	1	1	4	0	490
3954	532	1	0	6	0	539
3955	7	1	572	1	0	581
3956	566	1	4	4	0	575
3957	582	1	3	2	0	588
3958	584	2	2	2	0	590
3959	601	0	0	1	0	602
3960	9	0	1	590	0	600
3961	6	584	1	5	0	596
3962	579	5	2	6	0	592
3963	602	3	2	2	0	609
3964	601	2	0	4	0	607
3965	10	0	594	1	0	605
3966	5	599	6	0	0	610
3967	4	5	3	601	0	613
3968	2	3	4	600	0	609
3969	3	2	627	8	0	640
3970	4	0	5	627	0	636
3971	4	0	633	7	0	644
3972	5	0	7	625	0	637
3973	2	1	6	644	0	653
3974	4	0	648	10	0	662
3975	615	1	6	7	0	629
3976	670	0	6	4	0	680
3977	14	1	676	0	0	691
3978	656	2	8	3	0	669
3979	684	2	4	1	0	691
3980	13	1	716	2	0	732
3981	5	1	9	702	0	717
3982	7	0	3	712	0	722
3983	719	1	3	12	0	735
3984	7	730	2	5	0	744
3985	686	7	2	4	0	699
3986	719	4	2	3	0	728
3987	12	747	0	2	0	761
3988	753	7	1	1	0	762
3989	755	5	1	1	0	762
3990	15	730	1	1	0	747
3991	3	10	1	732	0	746
3992	5	740	1	8	0	754
3993	3	9	2	749	0	763
3994	4	3	751	10	0	768
3995	4	3	726	3	0	736
3996	720	1	13	6	0	740
3997	740	1	9	4	0	754
3998	15	2	748	1	0	766
3999	731	0	9	4	0	744
4000	746	3	8	2	0	759
4001	735	1	3	4	0	743
4002	18	732	1	3	0	754
4003	8	8	4	743	0	763
4004	734	2	1	16	0	753
4005	726	2	1	9	0	738
4006	17	1	728	3	0	749
4007	12	1	8	716	0	737
4008	7	6	7	729	0	749
4009	6	724	3	9	0	742
4010	4	769	0	6	0	779
4011	2	20	7	737	0	766
4012	6	745	0	11	0	762
4013	702	10	0	3	0	715
4014	7	737	1	2	0	747
4015	735	9	1	4	0	749
4016	10	1	765	1	0	777
4017	784	4	10	4	0	802
4018	842	0	1	1	0	844
4019	838	0	3	1	0	842
4020	833	0	0	3	0	836
4021	15	820	1	2	0	838
4022	8	9	0	838	0	855
4023	6	1	0	832	0	839
4024	2	2	825	11	0	840
4025	4	1	9	808	0	822
4026	1	2	1	829	0	833
4027	841	0	5	11	0	857
4028	12	846	0	6	0	864
4029	4	9	2	844	0	859
4030	8	2	1	855	0	866
4031	3	6	0	863	0	872
4032	857	1	0	17	0	875
4033	12	3	1	861	0	877
4034	854	1	1	18	0	874
4035	15	4	2	853	0	874
4036	4	0	2	875	0	881
4037	9	1	843	13	0	866
4038	775	1	12	12	0	800
4039	14	838	1	8	0	861
4040	857	13	4	5	0	879
4041	16	1	0	850	0	867
4042	3	6	1	857	0	867
4043	857	0	1	18	0	876
4044	842	1	0	13	0	856
4045	18	0	1	864	0	883
4046	8	1	857	15	0	881
4047	6	1	844	6	0	857
4048	4	901	14	7	0	926
4049	907	14	5	6	0	932
4050	924	3	6	4	0	937
4051	22	6	2	908	0	938
4052	9	930	0	14	0	953
4053	10	15	0	933	0	958
4054	7	3	0	879	0	889
4055	5	819	1	15	0	840
4056	811	12	3	14	0	840
4057	17	3	4	816	0	840
4058	5	828	4	15	0	852
4059	8	850	2	6	0	866
4060	847	15	3	7	0	872
4061	20	6	824	2	0	852
4062	821	11	12	4	0	848
4063	21	1	2	832	0	856
4064	4	3	4	837	0	848
4065	6	827	2	19	0	854
4066	3	17	2	827	0	849
4067	4	5	831	20	0	860
4068	4	804	13	5	0	826
4069	5	816	2	8	0	831
4070	804	13	4	5	0	826
4071	12	815	2	3	0	832
4072	5	16	2	806	0	829
4073	6	807	1	13	0	827
4074	4	14	1	810	0	829
4075	8	2	1	823	0	834
4076	2	6	781	18	0	807
4077	4	2	12	777	0	795
4078	2	4	4	786	0	796
4079	763	5	5	14	0	787
4080	14	6	736	7	0	763
4081	8	4	12	750	0	774
4082	6	5	747	16	0	774
4083	724	4	16	9	0	753
4084	17	767	2	7	0	793
4085	806	13	6	9	0	834
4086	22	5	2	839	0	868
4087	4	5	3	840	0	852
4088	9	1	826	21	0	857
4089	764	9	16	10	0	799
4090	16	830	4	12	0	862
4091	831	12	6	8	0	857
4092	18	4	3	814	0	839
4093	8	818	2	17	0	845
4094	850	13	2	11	0	876
4095	17	881	3	6	0	907
4096	10	15	1	875	0	901
4097	9	4	0	887	0	900
4098	4	6	8	875	0	893
4099	9	862	4	17	0	892
4100	2	19	1	872	0	894
4101	13	3	2	886	0	904
4102	861	7	2	21	0	891
4103	870	5	0	17	0	892
4104	880	7	2	8	0	897
4105	23	4	867	10	0	904
4106	873	6	9	11	0	899
4107	891	5	6	6	0	908
4108	851	2	6	12	0	871
4109	18	6	809	10	0	843
4110	855	4	8	7	0	874
4111	20	4	4	856	0	884
4112	14	2	839	14	0	869
4113	8	829	16	8	0	861
4114	9	15	3	777	0	804
4115	6	771	7	12	0	796
4116	9	765	2	8	0	784
4117	691	16	5	6	0	718
4118	11	3	0	681	0	695
4119	684	2	1	12	0	699
4120	10	3	1	686	0	700
4121	681	2	1	11	0	695
4122	9	1	1	675	0	686
4123	675	5	0	9	0	689
4124	11	2	656	6	0	675
4125	6	3	8	662	0	679
4126	2	4	671	9	0	686
4127	3	2	637	7	0	649
4128	3	2	666	4	0	675
4129	2	0	10	664	0	676
4130	2	2	673	10	0	687
4131	665	0	9	7	0	681
4132	8	2	5	676	0	691
4133	7	0	687	10	0	704
4134	1	1	10	691	0	703
4135	3	1	7	690	0	701
4136	1	2	718	15	0	736
4137	3	1	8	708	0	720
4138	2	1	6	696	0	705
4139	4	717	0	12	0	733
4140	711	5	2	5	0	723
4141	720	4	1	4	0	729
4142	10	0	709	4	0	723
4143	683	0	11	2	0	696
4144	7	0	691	4	0	702
4145	6	0	661	5	0	672
4146	0	2	678	3	0	683
4147	3	10	11	635	0	659
4148	3	1	646	6	0	656
4149	3	4	5	621	0	633
4150	3	0	6	630	0	639
4151	3	0	2	633	0	638
4152	4	1	4	623	0	632
4153	618	0	2	9	0	629
4154	617	1	3	8	0	629
4155	5	638	2	4	0	649
4156	7	3	2	641	0	653
4157	1	4	665	7	0	677
4158	1	662	7	8	0	678
4159	3	9	3	680	0	695
4160	2	5	704	7	0	718
4161	3	2	8	695	0	708
4162	3	1	703	11	0	718
4163	2	0	693	5	0	700
4164	4	1	9	701	0	715
4165	1	2	5	699	0	707
4166	702	1	3	12	0	718
4167	8	0	4	691	0	703
4168	681	1	2	14	0	698
4169	8	674	4	5	0	691
4170	4	692	3	3	0	702
4171	2	11	1	713	0	727
4172	717	3	3	9	0	732
4173	8	721	1	8	0	738
4174	7	7	2	754	0	770
4175	769	5	1	13	0	788
4176	773	3	0	9	0	785
4177	763	3	0	6	0	772
4178	741	2	2	4	0	749
4179	788	3	0	5	0	796
4180	15	1	761	3	0	780
4181	5	3	748	2	0	758
4182	4	746	10	4	0	764
4183	7	8	5	739	0	759
4184	4	3	754	11	0	772
4185	6	2	725	4	0	737
4186	3	1	11	696	0	711
4187	5	0	775	7	0	787
4188	3	2	767	4	0	776
4189	3	1052	10	3	0	1068
4190	1042	15	6	4	0	1067
4191	19	1197	2	1	0	1219
4192	7	24	3	1259	0	1293
4193	1284	8	2	19	0	1313
4194	23	1296	3	8	0	1330
4195	14	19	2	1234	0	1269
4196	7	9	1262	20	0	1298
4197	1256	8	20	9	0	1293
4198	1287	0	7	11	0	1305
4199	1313	3	7	2	0	1325
4200	36	5	2	1288	0	1331
4201	13	1	1288	28	0	1330
4202	6	1283	25	10	0	1324
4203	13	28	7	1301	0	1349
4204	1315	12	7	27	0	1361
4205	31	9	1302	13	0	1355
4206	14	1244	27	12	0	1297
4207	10	31	1276	3	0	1320
4208	1281	12	25	9	0	1327
4209	1335	6	9	10	0	1360
4210	1340	6	8	6	0	1360
4211	44	7	1289	7	0	1347
4212	23	1267	28	4	0	1322
4213	16	30	10	1267	0	1323
4214	11	5	7	1326	0	1349
4215	12	9	10	1317	0	1348
4216	9	9	1280	46	0	1344
4217	1271	4	31	22	0	1328
4218	35	6	1297	11	0	1349
4219	1302	6	28	14	0	1350
4220	1344	5	15	10	0	1374
4221	1353	4	13	6	0	1376
4222	1307	6	4	10	0	1327
4223	52	5	1283	3	0	1343
4224	23	7	36	1295	0	1361
4225	18	8	1279	31	0	1336
4226	14	1223	38	14	0	1289
4227	13	1314	12	15	0	1354
4228	1300	40	10	13	0	1363
4229	1266	13	11	15	0	1305
4230	44	1307	12	10	0	1373
4231	1328	36	10	10	0	1384
4232	51	14	1071	12	0	1148
4233	1288	9	34	6	0	1337
4234	55	1324	14	5	0	1398
4235	1370	31	15	7	0	1423
4236	1362	14	6	9	0	1391
4237	47	9	14	1318	0	1388
4238	26	5	16	1335	0	1382
4239	1330	9	9	44	0	1392
4240	43	12	12	1325	0	1392
4241	1329	8	8	38	0	1383
4242	51	9	9	1307	0	1376
4243	1313	12	8	42	0	1375
4244	1311	12	11	13	0	1347
4245	53	1269	10	9	0	1341
4246	36	1324	6	9	0	1375
4247	1297	36	10	7	0	1350
4248	41	1292	9	11	0	1353
4249	26	48	8	1267	0	1349
4250	26	15	5	1298	0	1344
4251	1256	15	6	49	0	1326
4252	46	1260	6	27	0	1339
4253	29	1243	6	18	0	1296
4254	24	1265	12	13	0	1314
4255	23	44	1232	15	0	1314
4256	19	23	1237	15	0	1294
4257	36	14	1225	10	0	1285
4258	35	31	35	1082	0	1183
4259	20	1192	16	33	0	1261
4260	1181	32	8	19	0	1240
4261	41	17	1164	14	0	1236
4262	20	16	1172	16	0	1224
4263	18	14	1193	14	0	1239
4264	22	15	37	1168	0	1242
4265	30	10	19	1187	0	1246
4266	23	11	10	1207	0	1251
4267	1192	21	9	38	0	1260
4268	1200	15	13	21	0	1249
4269	1208	12	13	15	0	1248
4270	52	13	13	1176	0	1254
4271	24	11	1154	36	0	1225
4272	21	13	1184	15	0	1233
4273	17	12	36	1156	0	1221
4274	16	11	22	1149	0	1198
4275	1123	9	15	40	0	1187
4276	38	1108	14	22	0	1182
4277	1112	26	14	15	0	1167
4278	39	1098	18	13	0	1168
4279	22	29	13	1103	0	1167
4280	20	6	1104	39	0	1169
4281	21	17	29	1095	0	1162
4282	1107	6	13	39	0	1165
4283	34	8	1093	21	0	1156
4284	1068	7	31	16	0	1122
4285	38	5	1080	13	0	1136
4286	27	5	1052	15	0	1099
4287	966	4	34	15	0	1019
4288	43	7	973	17	0	1040
4289	10	3	683	5	0	701
4290	9	682	26	3	0	720
4291	533	15	32	9	0	589
4292	483	1	10	2	0	496
4293	479	0	2	2	0	483
4294	9	0	460	1	0	470
4295	440	1	8	1	0	450
4296	8	459	3	1	0	471
4297	452	8	0	1	0	461
4298	4	1	454	2	0	461
4299	3	2	7	443	0	455
4300	0	1	436	7	0	444
4301	2	425	7	0	0	434
4302	3	2	1	401	0	407
4303	1	2	1	402	0	406
4304	409	0	2	5	0	416
4305	413	2	1	1	0	417
4306	412	1	0	0	0	413
4307	410	0	1	2	0	413
4308	408	0	0	0	0	408
4309	3	1	406	1	0	411
4310	2	0	3	396	0	401
4311	2	1	418	3	0	424
4312	2	1	3	421	0	427
4313	427	1	2	4	0	434
4314	434	1	0	1	0	436
4315	433	1	2	0	0	436
4316	439	1	1	2	0	443
4317	3	1	449	1	0	454
4318	0	1	3	455	0	459
4319	2	2	449	3	0	456
4320	2	469	4	0	0	475
4321	1	451	3	1	0	456
4322	2	4	2	446	0	454
4323	2	0	1	499	0	502
4324	2	2	1	503	0	508
4325	2	1	0	530	0	533
4326	532	0	1	5	0	538
4327	6	528	0	2	0	536
4328	512	3	1	1	0	517
4329	4	0	0	514	0	518
4330	2	1	2	482	0	487
4331	0	496	2	3	0	501
4332	2	2	1	494	0	499
4333	498	0	0	5	0	503
4334	5	465	0	2	0	472
4335	1	460	0	0	0	461
4336	461	3	0	1	0	465
4337	4	1	1	457	0	463
4338	0	449	1	5	0	455
4339	1	4	2	457	0	464
4340	452	0	1	7	0	460
4341	9	1	0	448	0	458
4342	2	3	1	453	0	459
4343	448	0	1	9	0	458
4344	5	0	1	446	0	452
4345	0	439	3	6	0	448
4346	2	5	0	441	0	448
4347	3	431	1	4	0	439
4348	2	4	1	442	0	449
4349	437	4	1	4	0	446
4350	442	1	0	7	0	450
4351	5	1	1	439	0	446
4352	3	2	428	8	0	441
4353	414	2	3	3	0	422
4354	10	1	421	1	0	433
4355	427	3	3	4	0	437
4356	431	1	1	6	0	439
4357	6	1	430	2	0	439
4358	1	428	4	4	0	437
4359	433	5	2	2	0	442
4360	436	3	0	3	0	442
4361	5	3	449	1	0	458
4362	450	2	3	4	0	459
4363	447	1	0	4	0	452
4364	448	1	1	2	0	452
4365	4	0	1	445	0	450
4366	7	2	0	448	0	457
4367	2	458	1	6	0	467
4368	6	4	0	448	0	458
4369	1	0	1	456	0	458
4370	2	0	441	5	0	448
4371	4	4	414	2	0	424
4372	398	0	4	6	0	408
4373	422	5	1	1	0	429
4374	4	426	1	3	0	434
4375	2	6	2	423	0	433
4376	5	2	428	5	0	440
4377	4	1	2	437	0	444
4378	4	3	2	442	0	451
4379	4	1	0	451	0	456
4380	3	448	3	5	0	459
4381	8	2	0	452	0	462
4382	1	2	2	462	0	467
4383	5	1	454	5	0	465
4384	2	4	446	5	0	457
4385	439	2	4	6	0	451
4386	447	2	2	8	0	459
4387	5	5	1	492	0	503
4388	7	2	1	487	0	497
4389	7	2	1	500	0	510
4390	5	2	465	10	0	482
4391	2	449	5	9	0	465
4392	1	5	440	6	0	452
4393	438	4	5	5	0	452
4394	6	1	457	6	0	470
4395	445	4	5	4	0	458
4396	430	1	4	8	0	443
4397	446	0	6	6	0	458
4398	11	3	4	452	0	470
4399	5	0	457	10	0	472
4400	7	470	3	4	0	484
4401	4	5	4	462	0	475
4402	5	5	2	467	0	479
4403	3	2	484	11	0	500
4404	5	475	7	7	0	494
4405	485	5	9	4	0	503
4406	9	508	4	3	0	524
4407	550	7	5	0	0	562
4408	14	4	0	555	0	573
4409	8	1	589	11	0	609
4410	4	590	12	6	0	612
4411	603	10	4	7	0	624
4412	10	6	615	4	0	635
4413	601	4	9	6	0	620
4414	613	2	8	3	0	626
4415	15	5	613	1	0	634
4416	601	0	15	2	0	618
4417	613	0	3	1	0	617
4418	588	0	6	4	0	598
4419	19	572	3	1	0	595
4420	543	8	1	3	0	555
4421	14	573	4	0	0	591
4422	7	9	557	5	0	578
4423	4	562	12	4	0	582
4424	538	16	6	5	0	565
4425	540	6	4	6	0	556
4426	559	4	3	5	0	571
4427	18	3	5	540	0	566
4428	10	5	1	548	0	564
4429	533	1	4	14	0	552
4430	551	4	2	9	0	566
4431	21	1	3	540	0	565
4432	11	2	532	11	0	556
4433	5	513	14	8	0	540
4434	6	534	7	4	0	551
4435	10	15	4	526	0	555
4436	5	7	531	12	0	555
4437	7	7	9	512	0	535
4438	11	511	10	15	0	547
4439	9	13	5	521	0	548
4440	12	5	529	11	0	557
4441	6	7	5	531	0	549
4442	6	1	537	15	0	559
4443	9	4	9	548	0	570
4444	10	2	563	12	0	587
4445	3	8	567	9	0	587
4446	549	3	15	6	0	573
4447	563	8	11	4	0	586
4448	574	6	4	5	0	589
4449	17	572	3	7	0	599
4450	11	9	9	582	0	611
4451	563	7	5	13	0	588
4452	587	6	0	12	0	605
4453	592	3	3	10	0	608
4454	17	5	590	6	0	618
4455	12	564	12	8	0	596
4456	4	598	10	7	0	619
4457	586	13	8	9	0	616
4458	11	13	8	579	0	611
4459	592	3	6	12	0	613
4460	18	5	578	4	0	605
4461	23	1	10	560	0	594
4462	11	7	5	561	0	584
4463	10	3	7	554	0	574
4464	13	576	4	18	0	611
4465	583	7	2	13	0	605
4466	583	8	3	10	0	604
4467	18	561	7	7	0	593
4468	14	14	6	560	0	594
4469	566	16	3	10	0	595
4470	15	8	2	569	0	594
4471	567	4	7	14	0	592
4472	16	560	4	11	0	591
4473	559	17	2	4	0	582
4474	16	6	542	11	0	575
4475	9	548	14	8	0	579
4476	9	9	552	13	0	583
4477	10	9	11	544	0	574
4478	540	6	10	15	0	571
4479	544	6	8	8	0	566
4480	546	5	5	7	0	563
4481	20	7	4	537	0	568
4482	547	3	1	17	0	568
4483	20	1	3	539	0	563
4484	542	3	6	15	0	566
4485	545	4	1	14	0	564
4486	24	5	532	7	0	568
4487	10	1	500	3	0	514
4488	5	2	483	2	0	492
4489	4	6	12	463	0	485
4490	477	2	8	10	0	497
4491	10	2	1	478	0	491
4492	9	1	4	482	0	496
4493	496	1	1	14	0	512
4494	483	0	2	7	0	492
4495	495	0	0	8	0	503
4496	498	1	0	6	0	505
4497	16	1	1	495	0	513
4498	487	1	0	11	0	499
4499	11	473	2	4	0	490
4500	472	6	4	3	0	485
4501	464	3	6	3	0	476
4502	12	1	459	2	0	474
4503	416	1	6	4	0	427
4504	11	1	430	3	0	445
4505	4	0	389	5	0	398
4506	3	0	389	6	0	398
4507	6	8	6	334	0	354
4508	6	0	333	4	0	343
4509	8	3	3	295	0	309
4510	3	2	306	5	0	316
4511	3	1	312	4	0	320
4512	2	2	4	301	0	309
4513	3	2	2	313	0	320
4514	4	1	339	5	0	349
4515	317	0	5	3	0	325
4516	5	0	6	323	0	334
4517	6	0	3	330	0	339
4518	335	0	4	7	0	346
4519	4	0	6	333	0	343
4520	5	0	336	5	0	346
4521	1	0	311	7	0	319
4522	3	0	6	315	0	324
4523	1	0	324	3	0	328
4524	0	331	3	4	0	338
4525	0	3	4	318	0	325
4526	316	3	1	5	0	325
4527	3	0	317	3	0	323
4528	312	0	4	1	0	317
4529	3	1	3	325	0	332
4530	3	0	0	332	0	335
4531	3	0	0	329	0	332
4532	0	0	1	329	0	330
4533	331	0	0	8	0	339
4534	3	347	1	4	0	355
4535	3	3	1	352	0	359
4536	1	3	0	359	0	363
4537	0	0	0	359	0	359
4538	3	0	0	358	0	361
4539	355	1	0	7	0	363
4540	3	356	1	4	0	364
4541	354	3	2	3	0	362
4542	3	341	1	3	0	348
4543	3	340	1	3	0	347
4544	323	7	1	3	0	334
4545	4	5	330	1	0	340
4546	5	1	3	332	0	341
4547	346	1	4	5	0	356
4548	353	2	1	4	0	360
4549	297	2	1	3	0	303
4550	344	0	1	2	0	347
4551	6	369	2	2	0	379
4552	374	6	0	3	0	383
4553	382	3	0	3	0	388
4554	11	401	0	2	0	414
4555	5	10	0	426	0	441
4556	2	4	423	10	0	439
4557	2	2	9	428	0	441
4558	433	0	3	12	0	448
4559	11	1	441	4	0	457
4560	3	426	9	2	0	440
4561	3	9	438	1	0	451
4562	2	3	10	408	0	423
4563	1	427	2	6	0	436
4564	434	9	2	4	0	449
4565	9	433	4	1	0	447
4566	4	10	2	427	0	443
4567	3	2	1	441	0	447
4568	434	2	1	12	0	449
4569	11	2	0	416	0	429
4570	5	430	1	8	0	444
4571	422	10	1	5	0	438
4572	421	4	1	5	0	431
4573	15	429	0	1	0	445
4574	432	10	0	3	0	445
4575	9	431	0	4	0	444
4576	428	10	1	1	0	440
4577	12	421	2	2	0	437
4578	5	10	1	408	0	424
4579	4	4	2	430	0	440
4580	429	2	1	9	0	441
4581	423	2	2	4	0	431
4582	11	422	2	2	0	437
4583	4	10	425	4	0	443
4584	424	4	11	3	0	442
4585	13	2	3	427	0	445
4586	5	426	1	11	0	443
4587	4	11	0	432	0	447
4588	432	4	2	13	0	451
4589	443	2	2	4	0	451
4590	445	2	1	4	0	452
4591	15	3	1	446	0	465
4592	5	3	446	11	0	465
4593	431	2	10	5	0	448
4594	446	2	3	4	0	455
4595	455	3	2	2	0	462
4596	15	439	3	6	0	463
4597	6	12	1	432	0	451
4598	5	437	3	10	0	455
4599	4	13	0	435	0	452
4600	5	6	0	448	0	459
4601	8	3	448	12	0	471
4602	5	4	11	509	0	529
4603	3	4	3	519	0	529
4604	545	2	3	16	0	566
4605	15	545	0	13	0	573
4606	562	11	1	9	0	583
4607	596	6	2	4	0	608
4608	15	1	0	605	0	621
4609	8	2	610	12	0	632
4610	7	588	13	3	0	611
4611	3	585	2	4	0	594
4612	575	13	3	4	0	595
4613	14	576	3	5	0	598
4614	2	14	0	557	0	573
4615	3	1	1	587	0	592
4616	2	4	570	12	0	588
4617	4	2	559	4	0	569
4618	4	560	11	2	0	577
4619	4	12	0	578	0	594
4620	586	0	2	15	0	603
4621	14	1	2	580	0	597
4622	2	2	595	10	0	609
4623	7	2	10	587	0	606
4624	585	2	0	12	0	599
4625	582	3	0	6	0	591
4626	12	574	1	2	0	589
4627	579	12	0	2	0	593
4628	10	590	1	1	0	602
4629	573	10	2	3	0	588
4630	12	2	1	575	0	590
4631	2	0	574	13	0	589
4632	3	2	559	3	0	567
4633	3	587	11	2	0	603
4634	1	12	3	562	0	578
4635	2	2	0	583	0	587
4636	578	0	1	13	0	592
4637	577	2	0	5	0	584
4638	585	2	2	5	0	594
4639	12	1	2	581	0	596
4640	2	4	0	591	0	597
4641	6	1	0	590	0	597
4642	1	2	577	13	0	593
4643	2	2	559	1	0	564
4644	554	0	12	4	0	570
4645	548	4	1	2	0	555
4646	11	1	558	2	0	572
4647	538	1	11	3	0	553
4648	529	3	1	2	0	535
4649	11	0	532	3	0	546
4650	3	536	10	3	0	552
4651	3	7	2	517	0	529
4652	0	0	521	9	0	530
4653	3	542	8	8	0	561
4654	6	11	1	474	0	492
4655	4	499	1	4	0	508
4656	3	10	479	2	0	494
4657	2	2	480	2	0	486
4658	1	5	10	485	0	501
4659	484	1	4	7	0	496
4660	8	2	2	483	0	495
4661	482	2	2	11	0	497
4662	10	2	1	474	0	487
4663	3	4	470	8	0	485
4664	454	0	7	3	0	464
4665	8	1	474	1	0	484
4666	480	1	9	3	0	493
4667	7	5	3	466	0	481
4668	2	486	0	8	0	496
4669	4	9	3	482	0	498
4670	1	498	2	13	0	514
4671	3	7	3	481	0	494
4672	2	506	3	8	0	519
4673	506	8	4	2	0	520
4674	513	2	2	4	0	521
4675	500	3	2	3	0	508
4676	11	1	493	3	0	508
4677	5	1	9	493	0	508
4678	6	0	497	7	0	510
4679	1	467	11	6	0	485
4680	4	495	3	2	0	504
4681	484	8	3	4	0	499
4682	9	5	480	0	0	494
4683	5	476	6	4	0	491
4684	1	8	5	487	0	501
4685	490	4	2	10	0	506
4686	6	498	1	2	0	507
4687	507	6	3	4	0	520
4688	10	3	510	4	0	527
4689	4	3	6	519	0	532
4690	2	2	5	520	0	529
4691	5	1	2	541	0	549
4692	3	520	5	11	0	539
4693	6	6	3	495	0	510
4694	4	3	538	9	0	554
4695	3	3	9	522	0	537
4696	3	2	3	541	0	549
4697	5	2	1	529	0	537
4698	2	528	2	13	0	545
4699	7	8	4	523	0	542
4700	6	5	3	522	0	536
4701	3	509	4	9	0	525
4702	460	6	3	8	0	477
4703	4	442	2	7	0	455
4704	2	428	1	14	0	445
4705	4	14	6	412	0	436
4706	2	6	408	12	0	428
4707	367	2	13	7	0	389
4708	3	2	2	393	0	400
4709	2	3	377	12	0	394
4710	2	378	5	11	0	396
4711	1	11	2	385	0	399
4712	2	5	387	12	0	406
4713	2	3	4	383	0	392
4714	4	7	3	376	0	390
4715	370	2	1	7	0	380
4716	5	373	2	4	0	384
4717	355	12	2	3	0	372
4718	3	5	356	8	0	372
4719	2	348	11	3	0	364
4720	8	3	352	3	0	366
4721	2	2	5	352	0	361
4722	344	1	8	7	0	360
4723	5	9	2	339	0	355
4724	337	2	1	12	0	352
4725	346	1	8	3	0	358
4726	5	1	2	360	0	368
4727	2	2	364	11	0	379
4728	9	0	359	4	0	372
4729	3	7	5	379	0	394
4730	10	2	2	383	0	397
4731	378	1	9	7	0	395
4732	7	7	1	370	0	385
4733	4	362	8	6	0	380
4734	1	6	2	382	0	391
4735	8	1	2	378	0	389
4736	376	1	1	16	0	394
4737	13	380	0	4	0	397
4738	10	6	1	386	0	403
4739	4	1	1	393	0	399
4740	1	378	8	10	0	397
4741	0	7	9	376	0	392
4742	4	1	1	380	0	386
4743	1	371	1	17	0	390
4744	9	8	0	376	0	393
4745	1	2	0	383	0	386
4746	1	378	0	11	0	390
4747	0	8	0	385	0	393
4748	372	4	0	17	0	393
4749	380	1	0	10	0	391
4750	363	8	0	7	0	378
4751	375	4	0	8	0	387
4752	8	351	0	11	0	370
4753	330	12	1	4	0	347
4754	4	330	0	10	0	344
4755	1	319	0	9	0	329
4756	2	11	0	331	0	344
4757	2	1	321	11	0	335
4758	306	1	4	11	0	322
4759	333	8	0	2	0	343
4760	6	4	345	8	0	363
4761	350	2	5	4	0	361
4762	376	3	0	1	0	380
4763	13	360	0	1	0	374
4764	418	5	1	5	0	429
4765	7	8	1	405	0	421
4766	11	1	0	409	0	421
4767	1	7	1	416	0	425
4768	3	8	3	407	0	421
4769	400	2	1	15	0	418
4770	9	2	8	393	0	412
4771	10	1	1	399	0	411
4772	10	1	385	7	0	403
4773	336	0	14	6	0	356
4774	389	1	0	5	0	395
4775	397	0	1	2	0	400
4776	8	383	1	2	0	394
4777	10	392	2	2	0	406
4778	387	7	0	12	0	406
4779	6	0	2	392	0	400
4780	2	386	1	15	0	404
4781	4	4	0	393	0	401
4782	10	388	0	8	0	406
4783	388	5	1	9	0	403
4784	8	382	0	8	0	398
4785	2	6	8	382	0	398
4786	12	0	1	379	0	392
4787	11	3	386	5	0	405
4788	9	414	5	1	0	429
4789	3	14	0	413	0	430
4790	1	10	421	6	0	438
4791	1	2	421	1	0	425
4792	0	0	9	454	0	463
4793	0	1	4	458	0	463
4794	1	435	0	12	0	448
4795	1	461	0	4	0	466
4796	1	11	0	457	0	469
4797	454	4	0	10	0	468
4798	10	1	1	476	0	488
4799	491	1	0	12	0	504
4800	500	0	1	6	0	507
4801	517	1	0	2	0	520
4802	14	1	500	1	0	516
4803	500	1	11	1	0	513
4804	13	0	5	502	0	520
4805	7	1	1	510	0	519
4806	2	1	490	16	0	509
4807	1	2	491	5	0	499
4808	1	3	14	470	0	488
4809	0	456	5	15	0	476
4810	2	484	3	2	0	491
4811	3	13	1	479	0	496
4812	477	5	0	17	0	499
4813	12	3	0	484	0	499
4814	6	2	0	479	0	487
4815	2	480	1	14	0	497
4816	2	9	0	500	0	511
4817	0	5	508	13	0	526
4818	1	2	493	7	0	503
4819	482	1	16	5	0	504
4820	12	503	5	1	0	521
4821	524	10	2	1	0	537
4822	525	5	2	1	0	533
4823	18	2	0	504	0	524
4824	6	511	0	9	0	526
4825	3	9	1	523	0	536
4826	518	3	1	11	0	533
4827	10	500	0	7	0	517
4828	502	12	0	3	0	517
4829	10	502	0	4	0	516
4830	504	10	1	3	0	518
4831	522	5	0	1	0	528
4832	14	512	0	1	0	527
4833	4	10	0	518	0	532
4834	521	3	1	8	0	533
4835	10	1	503	4	0	518
4836	4	2	493	4	0	503
4837	3	1	10	488	0	502
4838	494	0	5	6	0	505
4839	7	0	2	495	0	504
4840	495	0	1	8	0	504
4841	8	3	508	5	0	524
4842	515	1	7	5	0	528
4843	545	0	4	3	0	552
4844	11	0	2	535	0	548
4845	6	0	3	536	0	545
4846	2	0	0	534	0	536
4847	1	532	0	12	0	545
4848	0	7	0	537	0	544
4849	0	5	0	549	0	554
4850	544	1	0	13	0	558
4851	550	1	0	7	0	558
4852	11	0	536	3	0	550
4853	524	0	7	3	0	534
4854	11	1	535	0	0	547
4855	505	0	9	2	0	516
4856	9	0	540	1	0	550
4857	6	0	533	2	0	541
4858	1	0	12	516	0	529
4859	1	0	521	7	0	529
4860	520	0	10	4	0	534
4861	6	1	5	550	0	562
4862	561	1	1	13	0	576
4863	564	2	1	6	0	573
4864	523	1	0	3	0	527
4865	518	0	0	3	0	521
4866	13	0	521	2	0	536
4867	5	1	6	522	0	534
4868	2	1	534	8	0	545
4869	1	0	7	526	0	534
4870	525	0	7	10	0	542
4871	6	1	3	535	0	545
4872	535	1	1	8	0	545
4873	9	0	0	538	0	547
4874	6	1	0	543	0	550
4875	539	0	0	12	0	551
4876	8	543	0	6	0	557
4877	543	8	0	8	0	559
4878	6	550	0	2	0	558
4879	6	7	0	559	0	572
4880	552	6	1	7	0	566
4881	9	2	553	4	0	568
4882	8	2	6	559	0	575
4883	559	1	4	9	0	573
4884	567	1	1	7	0	576
4885	11	0	1	562	0	574
4886	8	570	0	9	0	587
4887	3	569	1	6	0	579
4888	1	23	1	522	0	547
4889	538	4	0	9	0	551
4890	8	535	0	3	0	546
4891	2	532	0	1	0	535
4892	506	6	1	2	0	515
4893	4	509	1	0	0	514
4894	530	5	1	1	0	537
4895	6	4	0	524	0	534
4896	4	1	0	528	0	533
4897	0	521	0	7	0	528
4898	2	514	0	2	0	518
4899	491	6	0	2	0	499
4900	3	506	0	2	0	511
4901	1	545	0	0	0	546
4902	0	7	0	559	0	566
4903	569	2	0	8	0	579
4904	5	3	603	2	0	613
4905	601	3	8	4	0	616
4906	12	0	4	686	0	702
4907	4	2	687	12	0	705
4908	3	1	682	5	0	691
4909	3	0	16	707	0	726
4910	1	1	721	14	0	737
4911	702	0	16	7	0	725
4912	727	2	7	3	0	739
4913	17	1	729	2	0	749
4914	12	1	14	717	0	744
4915	5	2	5	727	0	739
4916	729	0	2	19	0	750
4917	13	0	3	697	0	713
4918	5	701	3	14	0	723
4919	700	13	0	9	0	722
4920	14	693	1	4	0	712
4921	9	721	2	4	0	736
4922	8	18	1	708	0	735
4923	3	8	2	710	0	723
4924	4	3	2	718	0	727
4925	3	6	691	18	0	718
4926	645	4	10	10	0	669
4927	13	691	7	7	0	718
4928	708	13	2	6	0	729
4929	722	5	2	7	0	736
4930	19	4	5	726	0	754
4931	8	717	0	17	0	742
4932	5	16	3	738	0	762
4933	8	5	1	748	0	762
4934	733	4	0	22	0	759
4935	720	4	2	15	0	741
4936	17	5	707	5	0	734
4937	730	5	8	9	0	752
4938	18	751	4	6	0	779
4939	770	13	2	7	0	792
4940	18	796	2	5	0	821
4941	12	15	2	777	0	806
4942	7	8	2	790	0	807
4943	3	767	2	19	0	791
4944	7	13	2	793	0	815
4945	5	12	1	804	0	822
4946	4	4	1	799	0	808
4947	5	783	0	23	0	811
4948	9	17	3	799	0	828
4949	6	6	4	809	0	825
4950	4	5	0	810	0	819
4951	3	1	780	28	0	812
4952	738	4	16	12	0	770
4953	16	2	780	12	0	810
4954	758	3	19	7	0	787
4955	19	2	782	8	0	811
4956	776	2	17	7	0	802
4957	787	4	8	2	0	801
4958	22	1	789	7	0	819
4959	13	2	13	780	0	808
4960	7	3	723	18	0	751
4961	727	5	12	13	0	757
4962	18	5	750	9	0	782
4963	13	5	731	9	0	758
4964	736	2	17	10	0	765
4965	14	761	13	7	0	795
4966	15	16	5	767	0	803
4967	778	10	8	24	0	820
4968	21	6	8	784	0	819
4969	10	4	6	801	0	821
4970	783	4	8	25	0	820
4971	783	4	3	20	0	810
4972	28	5	769	5	0	807
4973	19	1	779	9	0	808
4974	13	3	17	784	0	817
4975	12	3	790	19	0	824
4976	14	4	16	769	0	803
4977	6	0	15	765	0	786
4978	10	5	8	787	0	810
4979	765	4	5	30	0	804
4980	21	757	10	13	0	801
4981	766	18	4	11	0	799
4982	766	7	6	19	0	798
4983	20	758	4	15	0	797
4984	770	18	1	14	0	803
4985	19	15	755	15	0	804
4986	14	7	13	738	0	772
4987	746	8	6	19	0	779
4988	19	11	698	13	0	741
4989	720	3	13	15	0	751
4990	17	741	9	11	0	778
4991	840	14	7	10	0	871
4992	838	5	7	10	0	860
4993	21	868	7	10	0	906
4994	906	15	3	8	0	932
4995	27	9	6	903	0	945
4996	19	4	4	916	0	943
4997	911	4	3	25	0	943
4998	887	7	4	13	0	911
4999	34	890	5	7	0	936
5000	14	903	4	13	0	934
5001	13	23	2	817	0	855
5002	13	824	3	13	0	853
5003	8	863	5	5	0	881
5004	803	20	2	6	0	831
5005	12	803	1	4	0	820
5006	735	8	0	8	0	751
5007	9	771	0	4	0	784
5008	9	8	764	3	0	784
5009	3	773	5	7	0	788
5010	757	9	3	9	0	778
5011	753	5	1	1	0	760
5012	11	2	741	2	0	756
5013	5	6	10	722	0	743
5014	4	4	4	739	0	751
5015	6	1	736	11	0	754
5016	6	2	7	726	0	741
5017	3	5	740	11	0	759
5018	4	3	728	9	0	744
5019	726	3	9	5	0	743
5020	9	741	4	4	0	758
5021	746	10	2	2	0	760
5022	14	3	5	743	0	765
5023	6	5	763	5	0	779
5024	7	3	4	744	0	758
5025	6	767	4	8	0	785
5026	777	5	4	8	0	794
5027	771	5	3	5	0	784
5028	10	1	5	777	0	793
5029	7	3	757	4	0	771
5030	727	4	5	4	0	740
5031	11	738	4	2	0	755
5032	728	4	2	8	0	742
5033	7	4	3	724	0	738
5034	740	3	2	7	0	752
5035	13	4	1	741	0	759
5036	7	4	737	9	0	757
5037	9	0	696	7	0	712
5038	711	3	7	6	0	727
5039	10	726	4	7	0	747
5040	692	6	9	4	0	711
5041	690	3	6	2	0	701
5042	10	699	1	1	0	711
5043	684	10	1	1	0	696
5044	9	4	717	4	0	734
5045	8	4	8	713	0	733
5046	2	2	3	727	0	734
5047	6	1	2	731	0	740
5048	4	4	734	6	0	748
5049	5	1	737	5	0	748
5050	1	4	10	727	0	742
5051	2	726	5	7	0	740
5052	1	767	2	2	0	772
5053	760	7	4	1	0	772
5054	767	3	2	3	0	775
5055	8	780	3	1	0	792
5056	3	7	0	786	0	796
5057	5	3	1	794	0	803
5058	786	1	5	8	0	800
5059	6	3	2	790	0	801
5060	6	2	4	783	0	795
5061	2	1	3	788	0	794
5062	6	4	756	7	0	773
5063	4	4	707	5	0	720
5064	749	1	5	8	0	763
5065	6	3	3	775	0	787
5066	4	3	762	8	0	777
5067	2	0	728	8	0	738
5068	752	4	9	4	0	769
5069	9	2	814	5	0	830
5070	6	822	10	4	0	842
5071	7	5	6	882	0	900
5072	5	2	893	8	0	908
5073	859	3	11	5	0	878
5074	12	6	8	953	0	979
5075	12	1	953	11	0	977
5076	2	1	12	977	0	992
5077	6	0	9	982	0	997
5078	982	1	2	21	0	1006
5079	10	997	8	8	0	1023
5080	9	8	3	999	0	1019
5081	1006	6	4	15	0	1031
5082	997	4	7	10	0	1018
5083	1007	4	2	6	0	1019
5084	1003	4	2	8	0	1017
5085	23	2	3	987	0	1015
5086	983	1	3	12	0	999
5087	977	2	4	10	0	993
5088	944	1	1	11	0	957
5089	949	4	2	10	0	965
5090	23	906	1	8	0	938
5091	12	793	0	1	0	806
5092	6	14	0	787	0	807
5093	5	755	0	7	0	767
5094	734	5	0	7	0	746
5095	12	3	0	730	0	745
5096	727	2	1	8	0	738
5097	733	3	1	6	0	743
5098	9	1	1	749	0	760
5099	8	1	2	737	0	748
5100	6	738	1	9	0	754
5101	743	5	1	5	0	754
5102	5	733	0	6	0	744
5103	737	7	1	4	0	749
5104	10	5	1	745	0	761
5105	8	3	737	6	0	754
5106	729	1	2	7	0	739
5107	705	3	3	6	0	717
5108	12	1	694	3	0	710
5109	8	3	687	1	0	699
5110	10	1	5	684	0	700
5111	753	0	4	9	0	766
5112	778	2	3	5	0	788
5113	789	1	2	7	0	799
5114	805	2	0	3	0	810
5115	12	799	1	0	0	812
5116	811	6	2	4	0	823
5117	5	5	2	807	0	819
5118	13	1	1	801	0	816
5119	8	4	0	805	0	817
5120	8	0	1	820	0	829
5121	809	0	3	16	0	828
5122	7	3	2	894	0	906
5123	11	2	855	12	0	880
5124	9	2	9	899	0	919
5125	8	2	5	886	0	901
5126	4	2	3	886	0	895
5127	6	2	5	885	0	898
5128	860	2	0	27	0	889
5129	13	851	1	15	0	880
5130	7	864	4	12	0	887
5131	7	13	4	868	0	892
5132	846	9	2	21	0	878
5133	883	6	1	11	0	901
5134	18	5	2	875	0	900
5135	13	1	834	17	0	865
5136	869	2	8	14	0	893
5137	20	7	5	875	0	907
5138	14	2	871	15	0	902
5139	856	3	12	15	0	886
5140	21	863	7	10	0	901
5141	965	10	4	9	0	988
5142	25	1025	6	8	0	1064
5143	16	20	2	1041	0	1079
5144	12	1073	2	25	0	1112
5145	9	24	5	1093	0	1131
5146	1057	13	3	30	0	1103
5147	24	1075	2	16	0	1117
5148	10	28	1065	12	0	1115
5149	16	10	19	1067	0	1112
5150	11	10	1072	24	0	1117
5151	6	10	24	1045	0	1085
5152	11	8	15	1074	0	1108
5153	7	5	1057	39	0	1108
5154	1007	5	22	20	0	1054
5155	24	4	1049	20	0	1097
5156	15	4	1057	12	0	1088
5157	9	1063	31	8	0	1111
5158	14	18	14	1055	0	1101
5159	4	10	13	1070	0	1097
5160	6	8	13	1045	0	1072
5161	9	7	4	1083	0	1103
5162	5	5	1038	38	0	1086
5163	1015	3	21	24	0	1063
5164	20	5	1056	19	0	1100
5165	17	3	28	1046	0	1094
5166	1040	6	15	27	0	1088
5167	26	1035	6	23	0	1090
5168	10	35	11	1004	0	1060
5169	976	10	3	33	0	1022
5170	30	946	6	13	0	995
5171	11	922	5	11	0	949
5172	907	26	6	11	0	950
5173	26	921	3	7	0	957
5174	875	27	2	10	0	914
5175	28	883	3	10	0	924
5176	882	27	2	5	0	916
5177	899	13	2	6	0	920
5178	31	897	5	4	0	937
5179	17	30	3	888	0	938
5180	17	10	883	27	0	937
5181	878	12	22	12	0	924
5182	27	8	6	881	0	922
5183	11	848	6	30	0	895
5184	11	891	11	11	0	924
5185	13	25	3	890	0	931
5186	888	12	6	27	0	933
5187	23	12	884	11	0	930
5188	9	8	19	907	0	943
5189	12	5	9	914	0	940
5190	8	8	10	921	0	947
5191	8	3	8	894	0	913
5192	4	870	7	40	0	921
5193	2	23	7	902	0	934
5194	5	9	875	38	0	927
5195	4	8	858	23	0	893
5196	5	7	892	15	0	919
5197	12	2	25	873	0	912
5198	846	10	26	24	0	906
5199	21	5	858	17	0	901
5200	12	8	866	16	0	902
5201	12	5	31	861	0	909
5202	857	2	17	27	0	903
5203	23	856	16	19	0	914
5204	852	22	12	12	0	898
5205	32	13	6	853	0	904
5206	19	11	861	27	0	918
5207	12	13	22	815	0	862
5208	21	853	9	26	0	909
5209	875	29	11	16	0	931
5210	27	11	876	10	0	924
5211	13	838	23	14	0	888
5212	829	30	10	10	0	879
5213	32	18	10	819	0	879
5214	15	9	7	840	0	871
5215	828	11	5	27	0	871
5216	850	6	5	23	0	884
5217	875	10	7	12	0	904
5218	36	12	6	823	0	877
5219	24	820	8	29	0	881
5220	840	21	3	21	0	885
5221	25	837	3	16	0	881
5222	750	19	2	17	0	788
5223	25	759	5	9	0	798
5224	12	20	3	737	0	772
5225	739	13	4	20	0	776
5226	751	10	5	11	0	777
5227	749	8	6	12	0	775
5228	754	3	5	16	0	778
5229	756	9	4	7	0	776
5230	36	3	724	11	0	774
5231	19	9	17	722	0	767
5232	20	4	734	16	0	774
5233	13	4	752	12	0	781
5234	746	8	24	7	0	785
5235	776	4	9	7	0	796
5236	758	7	11	8	0	784
5237	38	3	8	731	0	780
5238	736	2	10	19	0	767
5239	28	723	5	13	0	769
5240	18	747	5	8	0	778
5241	11	670	4	9	0	694
5242	595	9	0	9	0	613
5243	9	584	5	2	0	600
5244	537	4	0	4	0	545
5245	536	9	2	1	0	548
5246	15	1	538	3	0	557
5247	6	6	5	529	0	546
5248	7	5	5	542	0	559
5249	548	3	1	8	0	560
5250	542	2	3	7	0	554
5251	13	2	1	544	0	560
5252	10	4	536	6	0	556
5253	10	1	526	8	0	545
5254	7	4	9	535	0	555
5255	9	1	4	520	0	534
5256	6	4	3	535	0	548
5257	517	2	3	12	0	534
5258	517	3	2	5	0	527
5259	15	538	4	6	0	563
5260	8	7	3	546	0	564
5261	8	6	3	540	0	557
5262	9	541	1	13	0	564
5263	10	5	2	555	0	572
5264	556	6	1	9	0	572
5265	12	4	3	551	0	570
5266	13	3	5	549	0	570
5267	546	3	4	12	0	565
5268	538	5	0	12	0	555
5269	544	1	2	11	0	558
5270	13	5	3	536	0	557
5271	17	1	517	7	0	542
5272	11	4	503	11	0	529
5273	10	5	505	5	0	525
5274	8	502	7	11	0	528
5275	492	4	12	5	0	513
5276	10	6	488	5	0	509
5277	473	2	5	6	0	486
5278	6	0	5	480	0	491
5279	460	0	4	9	0	473
5280	486	4	4	6	0	500
5281	11	492	3	3	0	509
5282	508	5	3	3	0	519
5283	497	4	0	5	0	506
5284	7	498	4	9	0	518
5285	11	3	3	505	0	522
5286	8	6	516	4	0	534
5287	7	3	6	499	0	515
5288	7	5	4	504	0	520
5289	515	5	2	11	0	533
5290	10	1	4	513	0	528
5291	12	510	2	5	0	529
5292	6	5	1	517	0	529
5293	7	4	2	524	0	537
5294	5	2	509	10	0	526
5295	5	492	2	13	0	512
5296	7	510	4	11	0	532
5297	503	6	2	6	0	517
5298	8	520	4	5	0	537
5299	10	5	2	514	0	531
5300	3	6	516	6	0	531
5301	5	504	4	19	0	532
5302	530	4	7	5	0	546
5303	9	8	3	528	0	548
5304	11	6	2	525	0	544
5305	7	6	530	12	0	555
5306	8	2	5	516	0	531
5307	5	4	6	540	0	555
5308	530	5	4	12	0	551
5309	500	5	2	11	0	518
5310	14	500	1	6	0	521
5311	477	4	1	10	0	492
5312	7	480	1	9	0	497
5313	8	3	5	458	0	474
5314	4	475	4	9	0	492
5315	5	481	1	8	0	495
5316	472	6	2	8	0	488
5317	465	1	4	6	0	476
5318	3	459	1	5	0	468
5319	467	1	3	3	0	474
5320	467	4	2	5	0	478
5321	486	2	2	5	0	495
5322	6	3	2	495	0	506
5323	491	2	0	3	0	496
5324	3	4	485	4	0	496
5325	490	1	3	2	0	496
5326	3	3	499	2	0	507
5327	6	2	3	505	0	516
5328	4	4	1	511	0	520
5329	7	2	500	3	0	512
5330	478	1	4	4	0	487
5331	507	1	1	3	0	512
5332	4	1	549	1	0	555
5333	4	1	1	533	0	539
5334	3	0	3	532	0	538
5335	7	1	1	535	0	544
5336	536	1	0	6	0	543
5337	539	3	1	4	0	547
5338	6	1	3	533	0	543
5339	4	506	0	10	0	520
5340	0	495	2	2	0	499
5341	487	3	0	3	0	493
5342	2	492	0	2	0	496
5343	4	477	1	1	0	483
5344	0	7	4	444	0	455
5345	0	1	447	2	0	450
5346	0	435	2	0	0	437
5347	1	2	0	435	0	438
5348	2	433	0	0	0	435
5349	0	0	0	433	0	433
5350	434	0	0	2	0	436
5351	0	446	1	1	0	448
5352	449	0	0	5	0	454
5353	441	0	0	6	0	447
5354	2	1	435	0	0	438
5355	436	0	0	3	0	439
5356	0	2	0	452	0	454
5357	1	0	448	0	0	449
5358	0	445	0	0	0	445
5359	0	0	0	419	0	419
5360	0	0	0	428	0	428
5361	427	0	0	0	0	427
5362	1	0	0	421	0	422
5363	0	1	0	420	0	421
5364	420	0	0	1	0	421
5365	0	416	0	2	0	418
5366	409	0	0	1	0	410
5367	0	0	405	0	0	405
5368	361	0	0	2	0	363
5369	0	0	423	0	0	423
5370	1	425	0	1	0	427
5371	425	0	0	0	0	425
5372	406	0	0	1	0	407
5373	0	0	405	1	0	406
5374	0	0	388	0	0	388
5375	1	0	393	0	0	394
5376	0	408	0	2	0	410
5377	2	0	1	405	0	408
5378	0	1	454	0	0	455
5379	1	2	435	1	0	439
5380	1	1	5	442	0	449
5381	0	0	457	3	0	460
5382	449	0	5	4	0	458
5383	531	0	2	3	0	536
5384	8	0	542	0	0	550
5385	5	536	7	1	0	549
5386	4	6	1	534	0	545
5387	0	2	543	7	0	552
5388	0	536	8	4	0	548
5389	0	8	2	527	0	537
5390	531	1	2	8	0	542
5391	528	3	0	6	0	537
5392	9	534	1	3	0	547
5393	6	7	0	538	0	551
5394	5	2	0	545	0	552
5395	3	4	0	546	0	553
5396	1	2	0	555	0	558
5397	1	0	542	13	0	556
5398	0	1	8	541	0	550
5399	2	0	532	12	0	546
5400	1	527	12	3	0	543
5401	523	8	3	4	0	538
5402	7	531	4	1	0	543
5403	3	10	0	535	0	548
5404	4	3	1	533	0	541
5405	529	2	1	11	0	543
5406	9	2	1	523	0	535
5407	2	513	1	10	0	526
5408	5	7	0	525	0	537
5409	2	1	2	531	0	536
5410	517	3	1	13	0	534
5411	8	1	513	6	0	528
5412	2	500	7	3	0	512
5413	4	519	2	2	0	527
5414	4	8	1	501	0	514
5415	494	4	0	7	0	505
5416	7	477	1	3	0	488
5417	1	8	0	480	0	489
5418	3	1	477	9	0	490
5419	2	4	7	475	0	488
5420	479	1	1	11	0	492
5421	474	0	4	3	0	481
5422	11	1	1	459	0	472
5423	470	1	0	8	0	479
5424	471	0	0	6	0	477
5425	11	1	460	4	0	476
5426	439	1	7	6	0	453
5427	11	447	2	2	0	462
5428	454	7	4	0	0	465
5429	10	4	445	2	0	461
5430	4	3	8	442	0	457
5431	459	2	1	7	0	469
5432	10	0	411	3	0	424
5433	3	0	407	3	0	413
5434	8	0	10	402	0	420
5435	1	0	416	8	0	425
5436	412	0	11	2	0	425
5437	8	1	417	4	0	430
5438	3	1	11	430	0	445
5439	4	0	3	440	0	447
5440	444	0	4	13	0	461
5441	11	0	464	5	0	480
5442	4	0	491	4	0	499
5443	4	1	13	542	0	560
5444	1	1	551	14	0	567
5445	547	0	20	5	0	572
5446	17	0	5	561	0	583
5447	4	1	563	17	0	585
5448	4	0	15	560	0	579
5449	3	0	6	590	0	599
5450	582	0	4	21	0	607
5451	16	0	566	8	0	590
5452	547	1	16	5	0	569
5453	19	1	570	3	0	593
5454	571	0	19	1	0	591
5455	584	1	7	0	0	592
5456	582	0	4	4	0	590
5457	23	565	2	1	0	591
5458	576	15	0	3	0	594
5459	591	5	2	3	0	601
5460	23	3	2	574	0	602
5461	7	1	578	19	0	605
5462	562	0	16	7	0	585
5463	17	0	586	5	0	608
5464	7	0	19	573	0	599
5465	6	1	2	598	0	607
5466	585	0	5	24	0	614
5467	17	602	1	8	0	628
5468	8	15	2	596	0	621
5469	9	5	2	597	0	613
5470	4	4	598	20	0	626
5471	5	0	19	594	0	618
5472	7	1	4	613	0	625
5473	5	0	4	588	0	597
5474	3	587	2	21	0	613
5475	579	16	1	10	0	606
5476	586	3	3	7	0	599
5477	21	576	1	4	0	602
5478	536	12	4	3	0	555
5479	15	2	1	550	0	568
5480	7	2	584	13	0	606
5481	3	571	12	7	0	593
5482	4	594	2	5	0	605
5483	537	16	7	4	0	564
5484	582	3	1	6	0	592
5485	17	2	2	583	0	604
5486	7	0	1	589	0	597
5487	2	2	4	594	0	602
5488	570	0	3	19	0	592
5489	14	1	572	7	0	594
5490	587	2	11	3	0	603
5491	18	2	5	579	0	604
5492	6	3	1	580	0	590
5493	5	575	1	18	0	599
5494	4	14	3	584	0	605
5495	6	5	1	601	0	613
5496	4	1	596	19	0	620
5497	2	600	14	6	0	622
5498	606	14	5	2	0	627
5499	595	5	1	3	0	604
5500	615	2	1	8	0	626
5501	605	2	4	4	0	615
5502	20	3	574	5	0	602
5503	574	2	15	5	0	596
5504	16	0	597	9	0	622
5505	10	2	14	579	0	605
5506	6	600	7	14	0	627
5507	7	12	3	599	0	621
5508	6	4	3	622	0	635
5509	4	1	609	21	0	635
5510	585	4	15	9	0	613
5511	621	3	6	3	0	633
5512	19	598	3	9	0	629
5513	10	13	607	5	0	635
5514	11	8	15	608	0	642
5515	7	2	612	20	0	641
5516	7	5	602	8	0	622
5517	10	7	20	603	0	640
5518	13	4	608	15	0	640
5519	15	0	15	604	0	634
5520	5	3	630	21	0	659
5521	6	4	15	631	0	656
5522	620	2	11	24	0	657
5523	636	3	4	7	0	650
5524	620	1	6	11	0	638
5525	615	2	4	9	0	630
5526	19	610	4	12	0	645
5527	12	15	2	621	0	650
5528	8	9	3	631	0	651
5529	6	3	606	28	0	643
5530	5	3	18	607	0	633
5531	6	4	614	17	0	641
5532	6	4	584	14	0	608
5533	578	6	23	7	0	614
5534	21	624	11	7	0	663
5535	629	15	9	11	0	664
5536	632	6	6	10	0	654
5537	23	640	10	6	0	679
5538	634	17	6	10	0	667
5539	24	6	629	4	0	663
5540	11	618	16	11	0	656
5541	613	15	5	10	0	643
5542	18	7	565	8	0	598
5543	524	0	9	10	0	543
5544	14	561	7	4	0	586
5545	569	10	4	3	0	586
5546	567	4	1	6	0	578
5547	11	551	2	3	0	567
5548	4	540	7	6	0	557
5549	2	573	3	7	0	585
5550	4	9	9	576	0	598
5551	5	3	6	587	0	601
5552	599	1	3	16	0	619
5553	590	3	6	7	0	606
5554	13	1	586	6	0	606
5555	8	3	557	5	0	573
5556	5	1	587	7	0	600
5557	9	0	10	582	0	601
5558	8	3	596	7	0	614
5559	10	2	9	590	0	611
5560	595	2	7	12	0	616
5561	8	7	593	5	0	613
5562	600	1	9	9	0	619
5563	592	3	7	9	0	611
5564	17	2	608	3	0	630
5565	9	610	12	5	0	636
5566	8	8	8	597	0	621
5567	4	6	618	7	0	635
5568	6	2	11	602	0	621
5569	4	4	7	670	0	685
5570	652	4	4	17	0	677
5571	21	0	2	651	0	674
5572	8	2	650	12	0	672
5573	6	3	14	655	0	678
5574	658	2	8	13	0	681
5575	14	663	3	6	0	686
5576	660	11	7	6	0	684
5577	19	4	6	656	0	685
5578	10	3	664	14	0	691
5579	6	3	639	5	0	653
5580	5	4	615	2	0	626
5581	2	580	15	2	0	599
5582	560	12	3	8	0	583
5583	10	544	1	0	0	555
5584	499	9	0	4	0	512
5585	9	491	1	0	0	501
5586	6	8	0	500	0	514
5587	0	3	1	507	0	511
5588	1	1	0	510	0	512
5589	1	499	0	10	0	510
5590	4	8	0	501	0	513
5591	0	3	0	575	0	578
5592	621	1	0	17	0	639
5593	15	0	0	662	0	677
5594	6	1	722	12	0	741
5595	719	1	15	9	0	744
5596	735	0	6	2	0	743
5597	20	751	0	3	0	774
5598	759	17	0	4	0	780
5599	791	6	0	3	0	800
5600	31	0	0	778	0	809
5601	14	0	1	801	0	816
5602	4	0	6	818	0	828
5603	796	0	1	25	0	822
5604	817	1	1	10	0	829
5605	27	5	781	2	0	815
5606	793	1	17	3	0	814
5607	805	0	7	5	0	817
5608	798	1	3	7	0	809
5609	26	0	765	8	0	799
5610	11	2	775	8	0	796
5611	11	0	20	779	0	810
5612	8	1	801	18	0	828
5613	6	0	22	799	0	827
5614	11	0	6	710	0	727
5615	8	805	2	16	0	831
5616	808	16	2	11	0	837
5617	22	4	810	3	0	839
5618	823	1	22	8	0	854
5619	24	0	10	837	0	871
5620	810	0	9	23	0	842
5621	19	792	6	12	0	829
5622	7	846	3	8	0	864
5623	9	27	4	831	0	871
5624	11	6	2	859	0	878
5625	6	2	848	25	0	881
5626	8	2	21	844	0	875
5627	813	0	8	29	0	850
5628	22	821	8	8	0	859
5629	14	24	828	5	0	871
5630	8	14	19	821	0	862
5631	8	4	829	24	0	865
5632	3	4	20	832	0	859
5633	5	2	836	26	0	869
5634	3	3	803	16	0	825
5635	9	2	26	794	0	831
5636	809	8	10	24	0	851
5637	811	1	6	11	0	829
5638	800	3	4	13	0	820
5639	25	795	10	6	0	836
5640	817	19	6	12	0	854
5641	811	7	10	7	0	835
5642	22	6	798	6	0	832
5643	13	789	20	9	0	831
5644	12	28	5	760	0	805
5645	780	5	3	22	0	810
5646	26	758	3	7	0	794
5647	779	25	4	8	0	816
5648	789	7	3	6	0	805
5649	784	1	2	8	0	795
5650	771	7	8	2	0	788
5651	36	5	4	746	0	791
5652	748	4	1	30	0	783
5653	37	5	3	725	0	770
5654	10	733	3	27	0	773
5655	16	18	5	748	0	787
5656	753	9	2	23	0	787
5657	36	2	745	9	0	792
5658	19	4	19	737	0	779
5659	741	2	7	26	0	776
5660	27	738	3	13	0	781
5661	737	18	4	15	0	774
5662	762	9	2	8	0	781
5663	30	773	4	12	0	819
5664	774	22	3	5	0	804
5665	33	6	748	2	0	789
5666	13	1	761	9	0	784
5667	741	3	20	3	0	767
5668	23	7	753	6	0	789
5669	20	2	16	692	0	730
5670	9	705	7	22	0	743
5671	710	23	3	4	0	740
5672	27	703	1	5	0	736
5673	10	664	10	2	0	686
5674	12	19	8	744	0	783
5675	12	4	5	745	0	766
5676	8	3	9	742	0	762
5677	6	4	3	747	0	760
5678	8	6	723	20	0	757
5679	8	4	18	716	0	746
5680	6	11	5	735	0	757
5681	722	9	3	21	0	755
5682	17	4	4	726	0	751
5683	6	3	709	26	0	744
5684	702	2	15	16	0	735
5685	15	5	6	727	0	753
5686	6	4	762	21	0	793
5687	7	2	17	756	0	782
5688	5	755	5	21	0	786
5689	757	14	5	9	0	785
5690	17	5	751	11	0	784
5691	6	684	17	6	0	713
5692	632	10	4	3	0	649
5693	8	586	5	4	0	603
5694	2	537	3	1	0	543
5695	531	6	1	4	0	542
5696	6	508	1	2	0	517
5697	1	523	0	2	0	526
5698	5	7	0	514	0	526
5699	1	1	509	4	0	515
5700	1	516	5	0	0	522
5701	2	4	0	512	0	518
5702	0	504	1	4	0	509
5703	498	5	1	2	0	506
5704	5	1	497	1	0	504
5705	1	1	4	506	0	512
5706	519	0	0	5	0	524
5707	5	0	1	517	0	523
5708	0	1	520	4	0	525
5709	485	0	3	2	0	490
5710	517	1	0	1	0	519
5711	3	550	2	1	0	556
5712	2	4	0	540	0	546
5713	0	2	0	560	0	562
5714	565	2	0	4	0	571
5715	551	0	1	4	0	556
5716	5	2	556	0	0	563
5717	0	557	3	0	0	560
5718	552	1	0	2	0	555
5719	2	1	0	546	0	549
5720	1	0	564	0	0	565
5721	0	0	531	0	0	531
5722	3	1	0	537	0	541
5723	549	0	0	0	0	549
5724	1	541	0	3	0	545
5725	597	0	0	2	0	599
5726	0	0	1	604	0	605
5727	0	1	0	614	0	615
5728	1	0	0	612	0	613
5729	614	0	0	3	0	617
5730	0	625	1	0	0	626
5731	0	0	1	633	0	634
5732	0	0	0	633	0	633
5733	1	0	626	0	0	627
5734	0	1	0	626	0	627
5735	1	0	636	0	0	637
5736	0	612	0	2	0	614
5737	0	0	0	617	0	617
5738	603	0	0	3	0	606
5739	0	1	595	0	0	596
5740	0	1	0	592	0	593
5741	0	0	585	1	0	586
5742	542	0	0	3	0	545
5743	0	0	586	0	0	586
5744	3	0	0	556	0	559
5745	567	0	0	1	0	568
5746	0	507	1	1	0	509
5747	552	1	0	1	0	554
5748	1	504	0	0	0	505
5749	1	0	1	562	0	564
5750	0	1	559	1	0	561
5751	0	0	536	1	0	537
5752	1	0	1	570	0	572
5753	583	0	2	2	0	587
5754	567	1	0	2	0	570
5755	3	0	0	575	0	578
5756	1	0	0	579	0	580
5757	572	0	0	2	0	574
5758	0	557	0	2	0	559
5759	2	584	0	1	0	587
5760	598	2	1	0	0	601
5761	2	1	593	1	0	597
5762	1	0	1	577	0	579
5763	1	0	576	1	0	578
5764	2	1	0	566	0	569
5765	1	0	559	2	0	562
5766	0	1	542	2	0	545
5767	3	0	1	569	0	573
5768	1	522	2	0	0	525
5769	562	3	1	3	0	569
5770	3	565	0	2	0	570
5771	1	1	2	586	0	590
5772	584	1	1	2	0	588
5773	1	0	2	587	0	590
5774	574	0	0	4	0	578
5775	577	0	0	0	0	577
5776	571	4	1	0	0	576
5777	5	547	0	1	0	553
5778	573	2	1	1	0	577
5779	3	1	0	578	0	582
5780	588	1	2	1	0	592
5781	1	1	1	602	0	605
5782	604	1	1	4	0	610
5783	613	0	1	3	0	617
5784	6	613	0	2	0	621
5785	2	4	0	691	0	697
5786	4	2	0	665	0	671
5787	1	726	1	6	0	734
5788	1	12	0	757	0	770
5789	752	3	0	18	0	773
5790	787	1	1	6	0	795
5791	765	0	2	7	0	774
5792	17	1	779	4	0	801
5793	830	3	11	3	0	847
5794	870	3	2	5	0	880
5795	875	0	4	5	0	884
5796	20	861	2	4	0	887
5797	10	13	0	868	0	891
5798	4	5	0	891	0	900
5799	6	5	0	863	0	874
5800	5	3	845	19	0	872
5801	5	1	14	849	0	869
5802	869	1	5	18	0	893
5803	17	1	3	874	0	895
5804	9	1	0	911	0	921
5805	7	2	893	20	0	922
5806	3	882	15	6	0	906
5807	924	15	3	11	0	953
5808	20	3	3	916	0	942
5809	919	4	0	19	0	942
5810	20	1	897	3	0	921
5811	837	1	16	8	0	862
5812	24	887	3	1	0	915
5813	7	14	871	2	0	894
5814	7	3	879	5	0	894
5815	3	7	17	855	0	882
5816	1	1	898	22	0	922
5817	4	898	18	5	0	925
5818	2	16	4	886	0	908
5819	3	4	5	907	0	919
5820	4	3	2	912	0	921
5821	886	0	1	26	0	913
5822	15	892	2	10	0	919
5823	3	18	0	915	0	936
5824	5	3	3	924	0	935
5825	861	6	0	25	0	892
5826	18	856	2	10	0	886
5827	873	15	2	7	0	897
5828	880	5	0	4	0	889
5829	879	4	2	5	0	890
5830	27	0	854	5	0	886
5831	8	5	16	847	0	876
5832	8	859	5	16	0	888
5833	4	875	6	8	0	893
5834	5	19	0	847	0	871
5835	5	867	3	14	0	889
5836	918	19	2	12	0	951
5837	19	4	913	9	0	945
5838	903	5	15	8	0	931
5839	939	4	7	5	0	955
5840	25	1	6	947	0	979
5841	951	7	1	19	0	978
5842	23	1007	2	9	0	1041
5843	1040	19	2	13	0	1074
5844	1051	4	2	5	0	1062
5845	1128	8	5	4	0	1145
5846	35	1	1149	6	0	1191
5847	11	1	1161	3	0	1176
5848	11	1	28	1140	0	1180
5849	7	1131	13	24	0	1175
5850	6	1160	7	14	0	1187
5851	5	32	4	1143	0	1184
5852	1157	15	3	25	0	1200
5853	24	8	6	1157	0	1195
5854	12	4	2	1184	0	1202
5855	1168	4	4	32	0	1208
5856	31	1167	5	13	0	1216
5857	9	23	1160	12	0	1204
5858	8	5	1147	12	0	1172
5859	1159	7	25	13	0	1204
5860	33	3	8	1164	0	1208
5861	8	9	1191	24	0	1232
5862	16	5	23	1172	0	1216
5863	10	1	10	1182	0	1203
5864	13	4	4	1208	0	1229
5865	4	6	5	1188	0	1203
5866	10	1140	5	34	0	1189
5867	9	26	6	1165	0	1206
5868	1159	8	2	35	0	1204
5869	23	1165	7	18	0	1213
5870	1177	27	2	16	0	1222
5871	1209	12	5	10	0	1236
5872	1212	9	7	10	0	1238
5873	36	4	1188	8	0	1236
5874	1191	4	23	9	0	1227
5875	1222	4	8	12	0	1246
5876	1196	2	9	8	0	1215
5877	1217	6	7	10	0	1240
5878	39	1196	1	10	0	1246
5879	1189	26	3	16	0	1234
5880	32	6	1198	5	0	1241
5881	12	8	23	1176	0	1219
5882	16	1	10	1197	0	1224
5883	1212	4	7	31	0	1254
5884	26	1190	3	13	0	1232
5885	1121	21	1	12	0	1155
5886	26	1132	0	5	0	1163
5887	1054	15	0	5	0	1074
5888	1044	6	2	7	0	1059
5889	22	1128	1	7	0	1158
5890	1150	16	3	5	0	1174
5891	1211	4	3	5	0	1223
5892	23	1124	1	3	0	1151
5893	6	1166	1	5	0	1178
5894	1249	18	4	1	0	1272
5895	26	10	5	1252	0	1293
5896	1267	3	1	22	0	1293
5897	1300	2	0	9	0	1311
5898	1347	1	0	7	0	1355
5899	1330	5	0	5	0	1340
5900	39	1282	0	3	0	1324
5901	21	1323	1	3	0	1348
5902	1315	28	2	5	0	1350
5903	30	13	1306	3	0	1352
5904	15	15	23	1270	0	1323
5905	14	6	8	1309	0	1337
5906	1282	0	7	31	0	1320
5907	29	1269	5	14	0	1317
5908	10	27	1	1280	0	1318
5909	15	8	1	1310	0	1334
5910	1278	12	2	39	0	1331
5911	31	7	0	1297	0	1335
5912	1291	4	2	40	0	1337
5913	1302	5	2	15	0	1324
5914	1298	6	1	14	0	1319
5915	48	6	3	1272	0	1329
5916	27	3	4	1275	0	1309
5917	22	3	1369	36	0	1430
5918	14	4	1372	20	0	1410
5919	1376	3	41	21	0	1441
5920	50	2	16	1406	0	1474
5921	25	6	1539	38	0	1608
5922	23	6	1556	17	0	1602
5923	15	5	53	1547	0	1620
5924	7	9	1546	59	0	1621
5925	11	1	65	1537	0	1614
5926	13	3	28	1563	0	1607
5927	17	4	1550	63	0	1634
5928	16	5	47	1570	0	1638
5929	16	5	19	1540	0	1580
5930	16	1	24	1601	0	1642
5931	8	5	1545	80	0	1638
5932	16	1	49	1587	0	1653
5933	1551	3	21	77	0	1652
5934	57	1553	18	32	0	1660
5935	1575	42	15	32	0	1664
5936	62	13	1546	28	0	1649
5937	1561	16	48	18	0	1643
5938	1597	12	17	18	0	1644
5939	1597	3	30	12	0	1642
5940	83	3	13	1544	0	1643
5941	45	8	7	1581	0	1641
5942	31	9	1456	60	0	1556
5943	1417	4	46	35	0	1502
5944	51	1399	29	34	0	1513
5945	27	1341	26	22	0	1416
5946	25	1360	17	14	0	1416
5947	29	55	9	1316	0	1409
5948	1288	27	13	52	0	1380
5949	1312	18	12	35	0	1377
5950	56	8	1276	37	0	1377
5951	37	4	44	1283	0	1368
5952	27	12	19	1313	0	1371
5953	21	10	1278	61	0	1370
5954	11	11	1236	42	0	1300
5955	1249	5	49	43	0	1346
5956	46	1259	28	26	0	1359
5957	1280	34	28	18	0	1360
5958	1311	17	21	12	0	1361
5959	64	18	6	1268	0	1356
5960	38	10	11	1302	0	1361
5961	1267	5	13	56	0	1341
5962	52	7	15	1267	0	1341
5963	38	5	11	1288	0	1342
5964	1260	12	9	68	0	1349
5965	64	7	9	1267	0	1347
5966	1279	9	9	70	0	1367
5967	1316	5	9	38	0	1368
5968	63	8	1255	35	0	1361
5969	1274	8	36	33	0	1351
5970	1299	11	15	19	0	1344
5971	1273	7	23	26	0	1329
5972	73	7	967	22	0	1069
5973	1224	7	22	27	0	1280
5974	70	1206	14	18	0	1308
5975	1238	34	19	17	0	1308
5976	1263	13	14	17	0	1307
5977	72	15	8	1215	0	1310
5978	45	13	11	1225	0	1294
5979	53	1198	5	54	0	1310
5980	24	37	9	1240	0	1310
5981	30	16	7	1266	0	1319
5982	1233	19	6	60	0	1318
5983	58	10	7	1221	0	1296
5984	38	4	3	1240	0	1285
5985	36	5	4	1222	0	1267
5986	26	1155	9	73	0	1263
5987	1151	42	5	50	0	1248
5988	52	1162	7	39	0	1260
5989	1082	47	9	22	0	1160
5990	64	19	1036	16	0	1135
5991	995	14	30	21	0	1060
5992	56	9	989	22	0	1076
5993	34	947	42	23	0	1046
5994	878	31	27	12	0	948
5995	865	9	19	14	0	907
5996	42	830	11	12	0	895
5997	39	824	5	9	0	877
5998	799	29	10	8	0	846
5999	811	14	4	12	0	841
6000	43	15	6	791	0	855
6001	26	18	4	820	0	868
6002	29	8	793	36	0	866
6003	792	10	18	19	0	839
6004	34	10	11	785	0	840
6005	18	792	11	36	0	857
6006	28	22	6	799	0	855
6007	20	11	5	804	0	840
6008	12	10	774	43	0	839
6009	16	7	24	799	0	846
6010	782	8	9	35	0	834
6011	34	771	7	18	0	830
6012	14	772	6	14	0	806
6013	771	36	2	14	0	823
6014	767	19	5	9	0	800
6015	777	14	4	5	0	800
6016	39	726	4	8	0	777
6017	21	644	3	2	0	670
6018	693	12	1	7	0	713
6019	694	10	2	8	0	714
6020	21	689	3	5	0	718
6021	3	555	0	5	0	563
6022	543	7	1	9	0	560
6023	9	4	3	544	0	560
6024	555	1	1	10	0	567
6025	11	2	2	544	0	559
6026	3	545	2	7	0	557
6027	5	554	2	3	0	564
6028	567	7	7	5	0	586
6029	551	4	0	3	0	558
6030	568	3	2	0	0	573
6031	9	577	1	1	0	588
6032	3	6	548	0	0	557
6033	3	552	4	0	0	559
6034	538	6	4	2	0	550
6035	512	6	2	3	0	523
6036	6	3	507	0	0	516
6037	2	504	6	1	0	513
6038	2	2	1	501	0	506
6039	1	1	1	479	0	482
6040	4	406	1	6	0	417
6041	0	4	471	2	0	477
6042	476	2	3	1	0	482
6043	5	1	1	485	0	492
6044	484	0	1	6	0	491
6045	496	1	0	2	0	499
6046	7	0	1	512	0	520
6047	3	1	2	541	0	547
6048	3	2	1	544	0	550
6049	5	1	0	555	0	561
6050	555	0	0	9	0	564
6051	556	2	0	3	0	561
6052	10	1	550	1	0	562
6053	8	2	6	549	0	565
6054	3	0	3	557	0	563
6055	1	2	1	570	0	574
6056	3	1	552	10	0	566
6057	1	0	10	531	0	542
6058	538	0	3	9	0	550
6059	7	0	1	541	0	549
6060	3	3	534	10	0	550
6061	4	1	6	533	0	544
6062	3	3	526	10	0	542
6063	515	0	10	3	0	528
6064	8	0	1	535	0	544
6065	533	2	2	9	0	546
6066	518	2	0	3	0	523
6067	9	3	1	512	0	525
6068	530	0	0	8	0	538
6069	12	0	1	511	0	524
6070	6	524	2	8	0	540
6071	540	10	0	8	0	558
6072	528	5	1	4	0	538
6073	524	3	1	3	0	531
6074	15	1	4	526	0	546
6075	4	6	1	536	0	547
6076	5	2	1	545	0	553
6077	5	2	517	15	0	539
6078	2	517	14	5	0	538
6079	7	11	2	520	0	540
6080	5	3	507	14	0	529
6081	511	1	10	9	0	531
6082	13	5	4	520	0	542
6083	6	0	518	12	0	536
6084	541	1	11	4	0	557
6085	15	1	3	553	0	572
6086	7	2	1	564	0	574
6087	6	1	4	570	0	581
6088	557	3	1	16	0	577
6089	567	0	0	7	0	574
6090	546	0	2	6	0	554
6091	12	523	2	7	0	544
6092	5	528	1	4	0	538
6093	529	11	1	5	0	546
6094	11	3	533	2	0	549
6095	7	1	9	523	0	540
6096	2	1	4	540	0	547
6097	529	0	1	17	0	547
6098	506	1	3	7	0	517
6099	12	511	2	5	0	530
6100	7	11	1	516	0	535
6101	2	2	504	16	0	524
6102	3	0	522	4	0	529
6103	1	0	12	530	0	543
6104	2	1	4	550	0	557
6105	525	0	1	16	0	542
6106	16	0	0	537	0	553
6107	562	0	1	12	0	575
6108	554	1	2	5	0	562
6109	13	2	538	5	0	558
6110	552	1	8	6	0	567
6111	565	0	5	6	0	576
6112	571	3	2	3	0	579
6113	15	553	1	5	0	574
6114	8	573	0	1	0	582
6115	8	17	0	554	0	579
6116	2	3	555	13	0	573
6117	2	536	10	6	0	554
6118	1	13	4	475	0	493
6119	4	2	3	466	0	475
6120	1	462	1	9	0	473
6121	458	9	0	5	0	472
6122	465	1	1	4	0	471
6123	9	1	481	2	0	493
6124	450	1	7	2	0	460
6125	9	1	474	3	0	487
6126	426	1	7	2	0	436
6127	9	1	441	2	0	453
6128	5	427	6	1	0	439
6129	3	5	1	415	0	424
6130	5	2	1	407	0	415
6131	402	2	0	9	0	413
6132	405	1	1	2	0	409
6133	407	0	2	2	0	411
6134	7	3	421	0	0	431
6135	2	2	5	413	0	422
6136	0	0	2	424	0	426
6137	419	1	0	8	0	428
6138	7	422	0	3	0	432
6139	433	5	1	2	0	441
6140	8	1	0	435	0	444
6141	3	0	3	451	0	457
6142	1	1	1	455	0	458
6143	1	0	1	458	0	460
6144	3	0	2	458	0	463
6145	2	439	1	8	0	450
6146	1	406	0	2	0	409
6147	0	376	1	1	0	378
6148	3	7	0	384	0	394
6149	1	0	382	6	0	389
6150	352	0	4	2	0	358
6151	4	384	1	2	0	391
6152	1	9	0	396	0	406
6153	1	1	0	406	0	408
6154	399	1	0	10	0	410
6155	397	1	0	1	0	399
6156	409	1	1	1	0	412
6157	8	0	0	429	0	437
6158	1	1	434	6	0	442
6159	0	0	447	2	0	449
6160	0	0	7	459	0	466
6161	3	0	461	8	0	472
6162	453	0	7	2	0	462
6163	8	1	4	460	0	473
6164	2	0	467	11	0	480
6165	0	0	9	461	0	470
6166	2	0	479	7	0	488
6167	1	0	504	6	0	511
6168	3	0	12	516	0	531
6169	2	0	546	11	0	559
6170	0	1	543	4	0	548
6171	0	511	15	2	0	528
6172	2	9	2	551	0	564
6173	560	4	2	11	0	577
6174	9	1	1	550	0	561
6175	4	2	0	583	0	589
6176	1	0	568	12	0	581
6177	546	0	7	6	0	559
6178	7	0	3	586	0	596
6179	3	0	2	603	0	608
6180	584	1	2	10	0	597
6181	8	1	1	584	0	594
6182	596	1	1	11	0	609
6183	594	0	1	8	0	603
6184	584	2	1	2	0	589
6185	10	571	1	4	0	586
6186	591	7	2	1	0	601
6187	8	577	1	2	0	588
6188	5	7	0	596	0	608
6189	592	5	2	7	0	606
6190	9	594	0	3	0	606
6191	591	9	0	2	0	602
6192	8	590	0	5	0	603
6193	592	7	2	1	0	602
6194	6	579	1	3	0	589
6195	6	591	3	2	0	602
6196	3	636	2	0	0	641
6197	5	10	1	604	0	620
6198	0	630	0	6	0	636
6199	1	8	1	634	0	644
6200	1	5	0	638	0	644
6201	2	1	1	633	0	637
6202	5	1	2	626	0	634
6203	620	1	1	15	0	637
6204	625	1	2	7	0	635
6205	9	2	633	5	0	649
6206	653	1	6	4	0	664
6207	664	2	3	6	0	675
6208	679	2	1	4	0	686
6209	13	1	673	1	0	688
6210	8	1	679	3	0	691
6211	690	1	12	6	0	709
6212	13	1	714	4	0	732
6213	5	746	12	2	0	765
6214	5	10	5	762	0	782
6215	788	3	1	12	0	804
6216	792	3	3	5	0	803
6217	815	2	0	4	0	821
6218	16	2	2	805	0	825
6219	10	0	1	820	0	831
6220	6	4	841	13	0	864
6221	8	0	9	840	0	857
6222	2	1	7	859	0	869
6223	832	2	5	16	0	855
6224	14	837	2	6	0	859
6225	839	11	4	4	0	858
6226	16	4	0	847	0	867
6227	837	4	0	16	0	857
6228	826	3	3	3	0	835
6229	812	2	1	5	0	820
6230	14	802	2	4	0	822
6231	8	827	2	2	0	839
6232	6	9	1	838	0	854
6233	841	6	2	12	0	861
6234	13	3	2	824	0	842
6235	6	2	0	839	0	847
6236	5	0	825	15	0	845
6237	6	2	9	819	0	836
6238	1	0	4	822	0	827
6239	1	1	2	833	0	837
6240	2	0	824	15	0	841
6241	5	2	792	8	0	807
6242	1	800	13	7	0	821
6243	800	11	6	7	0	824
6244	14	6	4	818	0	842
6245	9	2	844	12	0	867
6246	9	3	9	840	0	861
6247	9	0	3	903	0	915
6248	896	1	3	17	0	917
6249	886	2	4	8	0	900
6250	16	887	2	5	0	910
6251	880	10	1	7	0	898
6252	858	4	1	8	0	871
6253	17	3	2	873	0	895
6254	6	5	882	11	0	904
6255	10	874	9	6	0	899
6256	884	10	4	10	0	908
6257	887	4	2	8	0	901
6258	14	886	2	5	0	907
6259	10	8	1	917	0	936
6260	969	2	0	13	0	984
6261	979	3	0	6	0	988
6262	16	0	0	997	0	1013
6263	983	3	1	15	0	1002
6264	1065	1	0	8	0	1074
6265	1098	0	0	6	0	1104
6266	23	2	1091	3	0	1119
6267	10	1073	13	2	0	1098
6268	7	1110	5	3	0	1125
6269	1091	19	3	8	0	1121
6270	21	1094	4	1	0	1120
6271	13	17	1082	3	0	1115
6272	13	8	15	1086	0	1122
6273	1091	5	8	20	0	1124
6274	18	6	3	1097	0	1124
6275	1099	8	2	21	0	1130
6276	1108	0	2	15	0	1125
6277	1109	6	2	7	0	1124
6278	28	1063	6	4	0	1101
6279	10	1114	3	10	0	1137
6280	1117	22	2	5	0	1146
6281	1097	13	0	8	0	1118
6282	1127	2	3	4	0	1136
6283	30	4	1	1095	0	1130
6284	1101	3	6	16	0	1126
6285	20	1062	1	15	0	1098
6286	11	1093	1	5	0	1110
6287	16	20	1	1070	0	1107
6288	10	8	1067	19	0	1104
6289	11	6	1060	7	0	1084
6290	7	4	22	1078	0	1111
6291	12	5	1063	17	0	1097
6292	7	9	17	1071	0	1104
6293	1086	5	8	18	0	1117
6294	23	3	3	1077	0	1106
6295	1070	2	6	22	0	1100
6296	19	1028	10	8	0	1065
6297	10	20	1045	9	0	1084
6298	9	10	22	1033	0	1074
6299	8	5	9	1091	0	1113
6300	11	4	1084	22	0	1121
6301	8	4	18	1067	0	1097
6302	8	1057	12	18	0	1095
6303	6	21	1	1093	0	1121
6304	10	5	10	1104	0	1129
6305	6	2	2	1130	0	1140
6306	9	1	1111	32	0	1153
6307	9	6	1077	8	0	1100
6308	1010	1	28	7	0	1046
6309	22	9	1037	7	0	1075
6310	9	1036	23	17	0	1085
6311	1036	18	9	14	0	1077
6312	24	1039	3	11	0	1077
6313	1019	20	8	1	0	1048
6314	1006	5	14	6	0	1031
6315	992	9	0	4	0	1005
6316	985	3	8	12	0	1008
6317	25	956	6	4	0	991
6318	18	969	3	8	0	998
6319	969	28	7	2	0	1006
6320	27	7	952	5	0	991
6321	19	6	20	934	0	979
6322	11	4	8	970	0	993
6323	10	9	959	25	0	1003
6324	920	5	18	11	0	954
6325	982	7	8	5	0	1002
6326	986	2	2	5	0	995
6327	31	951	6	6	0	994
6328	995	22	5	7	0	1029
6329	31	11	0	971	0	1013
6330	16	1038	8	16	0	1078
6331	1060	20	6	15	0	1101
6332	1090	7	1	10	0	1108
6333	1181	3	4	9	0	1197
6334	38	10	6	1148	0	1202
6335	21	7	1	1153	0	1182
6336	11	1144	6	36	0	1197
6337	13	34	1134	10	0	1191
6338	14	13	25	1149	0	1201
6339	16	5	13	1148	0	1182
6340	9	6	5	1219	0	1239
6341	8	6	1175	46	0	1235
6342	1165	0	30	21	0	1216
6343	35	8	8	1204	0	1255
6344	19	4	1195	36	0	1254
6345	12	3	33	1187	0	1235
6346	1195	5	11	41	0	1252
6347	33	1195	3	23	0	1254
6348	14	28	17	1225	0	1284
6349	12	10	1233	37	0	1292
6350	1173	3	31	26	0	1233
6351	1230	4	18	11	0	1263
6352	42	5	1216	15	0	1278
6353	23	6	28	1143	0	1200
6354	9	1187	19	29	0	1244
6355	1203	29	9	17	0	1258
6356	36	11	1177	11	0	1235
6357	1156	1	35	10	0	1202
6358	37	7	1152	11	0	1207
6359	25	8	1102	5	0	1140
6360	1043	7	32	10	0	1092
6361	30	1051	14	8	0	1103
6362	23	22	1045	3	0	1093
6363	5	1025	26	6	0	1062
6364	10	21	995	10	0	1036
6365	7	970	23	1	0	1001
6366	915	34	13	2	0	964
6367	19	8	894	1	0	922
6368	11	4	891	3	0	909
6369	3	5	879	1	0	888
6370	849	4	20	2	0	875
6371	856	5	7	4	0	872
6372	25	1	10	832	0	868
6373	9	4	848	18	0	879
6374	5	5	847	6	0	863
6375	838	2	24	6	0	870
6376	16	5	11	861	0	893
6377	858	3	5	18	0	884
6378	871	2	5	8	0	886
6379	28	1	5	810	0	844
6380	11	811	6	19	0	847
6381	8	16	6	827	0	857
6382	8	5	6	843	0	862
6383	9	2	824	23	0	858
6384	7	795	20	8	0	830
6385	7	828	6	8	0	849
6386	6	20	3	811	0	840
6387	4	6	821	22	0	853
6388	8	817	21	8	0	854
6389	7	18	834	9	0	868
6390	822	6	19	8	0	855
6391	848	3	10	11	0	872
6392	20	5	836	5	0	866
6393	828	5	20	4	0	857
6394	21	4	10	834	0	869
6395	9	878	7	18	0	912
6396	4	20	9	880	0	913
6397	868	7	7	17	0	899
6398	879	7	3	7	0	896
6399	864	4	7	8	0	883
6400	857	7	7	3	0	874
6401	29	840	4	5	0	878
6402	12	856	7	4	0	879
6403	858	19	6	4	0	887
6404	26	6	845	5	0	882
6405	7	25	21	820	0	873
6406	12	870	8	9	0	899
6407	8	14	7	861	0	890
6408	5	894	4	12	0	915
6409	3	15	8	900	0	926
6410	8	9	888	15	0	920
6411	858	3	19	7	0	887
6412	894	5	10	5	0	914
6413	27	3	889	4	0	923
6414	868	7	15	12	0	902
6415	900	7	7	4	0	918
6416	23	7	894	5	0	929
6417	14	1	20	877	0	912
6418	899	4	12	14	0	929
6419	21	4	900	12	0	937
6420	16	3	19	879	0	917
6421	6	5	907	17	0	935
6422	14	3	881	7	0	905
6423	862	3	23	8	0	896
6424	903	2	14	5	0	924
6425	925	4	6	7	0	942
6426	955	3	8	4	0	970
6427	28	3	9	930	0	970
6428	15	885	2	17	0	919
6429	5	902	9	10	0	926
6430	11	16	6	865	0	898
6431	869	10	6	14	0	899
6432	18	843	4	9	0	874
6433	8	788	6	4	0	806
6434	785	12	5	2	0	804
6435	21	7	2	779	0	809
6436	788	5	3	11	0	807
6437	14	791	0	11	0	816
6438	800	10	2	4	0	816
6439	10	6	839	2	0	857
6440	939	6	8	6	0	959
6441	957	2	3	4	0	966
6442	986	2	3	5	0	996
6443	28	4	814	5	0	851
6444	946	3	5	3	0	957
6445	17	936	8	4	0	965
6446	19	9	925	2	0	955
6447	13	15	18	855	0	901
6448	14	2	11	840	0	867
6449	6	845	4	23	0	878
6450	6	12	5	864	0	887
6451	6	8	3	874	0	891
6452	5	5	855	20	0	885
6453	786	5	12	15	0	818
6454	14	3	860	6	0	883
6455	11	2	16	860	0	889
6456	5	4	864	16	0	889
6457	5	2	13	866	0	886
6458	877	3	11	20	0	911
6459	912	1	7	13	0	933
6460	26	0	5	908	0	939
6461	13	1	938	17	0	969
6462	9	2	17	939	0	967
6463	6	0	926	20	0	952
6464	899	2	19	16	0	936
6465	921	1	10	10	0	942
6466	898	1	5	4	0	908
6467	916	0	3	11	0	930
6468	29	872	3	3	0	907
6469	16	15	4	896	0	931
6470	878	12	2	21	0	913
6471	21	867	4	11	0	903
6472	14	890	5	8	0	917
6473	10	22	855	5	0	892
6474	860	12	14	2	0	888
6475	871	8	10	3	0	892
6476	30	6	854	2	0	892
6477	19	2	17	841	0	879
6478	12	5	10	869	0	896
6479	8	5	859	26	0	898
6480	8	3	19	856	0	886
6481	849	3	13	19	0	884
6482	21	4	822	16	0	863
6483	13	0	865	5	0	883
6484	838	1	24	7	0	870
6485	19	2	875	6	0	902
6486	850	1	22	5	0	878
6487	21	850	14	6	0	891
6488	882	17	5	5	0	909
6489	22	9	8	855	0	894
6490	16	3	5	864	0	888
6491	859	7	3	25	0	894
6492	18	6	5	868	0	897
6493	868	3	5	23	0	899
6494	24	867	1	15	0	907
6495	18	17	7	830	0	872
6496	12	11	2	853	0	878
6497	846	6	0	30	0	882
6498	839	2	5	15	0	861
6499	837	3	2	13	0	855
6500	34	811	0	6	0	851
6501	20	806	1	3	0	830
6502	801	25	3	7	0	836
6503	25	10	781	3	0	819
6504	20	781	15	4	0	820
6505	709	22	17	5	0	753
6506	696	8	6	2	0	712
6507	702	2	2	2	0	708
6508	23	4	2	666	0	695
6509	676	4	0	14	0	694
6510	672	2	0	9	0	683
6511	25	0	1	648	0	674
6512	663	0	2	18	0	683
6513	18	1	638	8	0	665
6514	11	2	14	644	0	671
6515	7	0	8	653	0	668
6516	5	0	3	660	0	668
6517	651	2	3	22	0	678
6518	676	0	1	14	0	691
6519	677	1	0	6	0	684
6520	676	0	1	6	0	683
6521	661	0	1	5	0	667
6522	26	0	1	627	0	654
6523	14	1	1	641	0	657
6524	628	0	0	21	0	649
6525	17	607	1	10	0	635
6526	605	12	1	4	0	622
6527	15	8	580	4	0	607
6528	623	1	10	3	0	637
6529	650	2	7	1	0	660
6530	25	2	674	1	0	702
6531	717	0	15	2	0	734
6532	24	0	731	2	0	757
6533	14	1	748	1	0	764
6534	8	1	32	766	0	807
6535	6	0	14	824	0	844
6536	1	1	822	32	0	856
6537	9	0	811	15	0	835
6538	4	759	31	6	0	800
6539	2	749	19	5	0	775
6540	623	20	13	3	0	659
6541	14	660	1	3	0	678
6542	639	16	2	3	0	660
6543	19	632	3	6	0	660
6544	638	19	3	8	0	668
6545	18	10	622	3	0	653
6546	628	3	22	3	0	656
6547	21	9	9	620	0	659
6548	12	636	4	19	0	671
6549	11	18	4	645	0	678
6550	641	15	2	17	0	675
6551	658	4	3	10	0	675
6552	27	14	2	634	0	677
6553	18	6	629	19	0	672
6554	9	2	604	10	0	625
6555	8	637	21	3	0	669
6556	9	15	7	642	0	673
6557	4	15	633	16	0	668
6558	7	578	16	12	0	613
6559	10	21	11	588	0	630
6560	10	8	4	612	0	634
6561	565	2	5	30	0	602
6562	19	7	5	574	0	605
6563	9	0	563	22	0	594
6564	3	6	19	562	0	590
6565	551	4	9	20	0	584
6566	15	1	546	17	0	579
6567	559	7	20	4	0	590
6568	17	552	8	12	0	589
6569	588	15	4	9	0	616
6570	596	9	4	6	0	615
6571	27	1	3	571	0	602
6572	11	6	6	596	0	619
6573	7	572	5	28	0	612
6574	11	11	1	606	0	629
6575	585	10	7	19	0	621
6576	22	1	578	13	0	614
6577	13	8	16	573	0	610
6578	8	559	9	22	0	598
6579	13	15	2	590	0	620
6580	8	11	4	602	0	625
6581	583	2	0	29	0	614
6582	18	586	1	11	0	616
6583	10	16	2	585	0	613
6584	578	8	0	20	0	606
6585	20	5	6	589	0	620
6586	9	3	2	609	0	623
6587	585	7	2	32	0	626
6588	583	4	3	14	0	604
6589	25	3	570	15	0	613
6590	570	2	16	10	0	598
6591	601	5	8	6	0	620
6592	611	5	1	10	0	627
6593	28	548	3	7	0	586
6594	15	556	1	9	0	581
6595	9	22	1	559	0	591
6596	560	8	1	20	0	589
6597	574	4	2	11	0	591
6598	29	4	5	544	0	582
6599	20	1	536	22	0	579
6600	543	2	18	12	0	575
6601	578	1	9	3	0	591
6602	29	6	2	544	0	581
6603	15	5	8	563	0	591
6604	555	3	0	29	0	587
6605	27	4	1	548	0	580
6606	17	541	3	22	0	583
6607	8	17	1	570	0	596
6608	563	10	4	20	0	597
6609	28	3	559	14	0	604
6610	553	3	18	5	0	579
6611	25	1	556	11	0	593
6612	15	3	16	562	0	596
6613	564	4	12	21	0	601
6614	23	0	1	568	0	592
6615	15	7	5	561	0	588
6616	541	3	3	35	0	582
6617	28	0	523	16	0	567
6618	14	3	558	5	0	580
6619	8	0	23	558	0	589
6620	12	2	13	578	0	605
6621	4	0	10	592	0	606
6622	12	2	551	26	0	591
6623	535	1	19	17	0	572
6624	569	0	8	13	0	590
6625	575	2	4	9	0	590
6626	570	0	7	12	0	589
6627	28	533	7	6	0	574
6628	15	526	4	10	0	555
6629	5	518	4	8	0	535
6630	6	14	1	437	0	458
6631	4	3	5	426	0	438
6632	9	0	411	11	0	431
6633	6	361	5	4	0	376
6634	1	5	1	317	0	324
6635	316	0	0	3	0	319
6636	2	307	0	2	0	311
6637	1	4	0	300	0	305
6638	0	305	0	3	0	308
6639	309	5	0	2	0	316
6640	3	0	0	311	0	314
6641	1	0	316	3	0	320
6642	1	0	305	0	0	306
6643	0	0	0	313	0	313
6644	1	0	1	314	0	316
6645	1	0	0	328	0	329
6646	334	0	0	1	0	335
6647	0	0	334	1	0	335
6648	0	327	0	1	0	328
6649	1	0	0	329	0	330
6650	0	0	339	0	0	339
6651	0	336	0	2	0	338
6652	0	0	0	345	0	345
6653	1	0	347	0	0	348
6654	0	0	1	340	0	341
6655	1	0	0	344	0	345
6656	356	0	1	0	0	357
6657	353	0	0	2	0	355
6658	1	0	0	360	0	361
6659	355	0	0	3	0	358
6660	0	0	360	1	0	361
6661	1	0	0	370	0	371
6662	0	0	380	0	0	380
6663	0	0	1	394	0	395
6664	0	379	0	1	0	380
6665	0	395	0	1	0	396
6666	0	396	0	1	0	397
6667	1	1	0	381	0	383
6668	0	0	0	452	0	452
6669	0	0	454	3	0	457
6670	0	0	454	1	0	455
6671	0	0	461	1	0	462
6672	487	0	4	2	0	493
6673	3	0	1	507	0	511
6674	520	0	0	4	0	524
6675	6	562	0	1	0	569
6676	2	6	1	567	0	576
6677	598	2	0	6	0	606
6678	7	1	0	601	0	609
6679	616	1	1	8	0	626
6680	9	1	620	4	0	634
6681	4	630	5	4	0	643
6682	2	6	4	643	0	655
6683	641	3	0	8	0	652
6684	645	0	1	7	0	653
6685	14	1	0	631	0	646
6686	6	0	2	645	0	653
6687	628	1	2	11	0	642
6688	11	0	1	618	0	630
6689	4	0	625	9	0	638
6690	3	621	7	6	0	637
6691	4	6	4	626	0	640
6692	617	3	2	12	0	634
6693	613	4	0	6	0	623
6694	15	1	624	4	0	644
6695	6	611	11	2	0	630
6696	2	642	2	4	0	650
6697	4	11	2	642	0	659
6698	1	4	6	661	0	672
6699	3	3	3	646	0	655
6700	4	1	4	651	0	660
6701	4	642	0	17	0	663
6702	4	10	0	646	0	660
6703	9	4	0	660	0	673
6704	648	3	0	21	0	672
6705	658	2	1	8	0	669
6706	15	662	0	9	0	686
6707	662	11	2	5	0	680
6708	664	5	2	5	0	676
6709	663	1	2	6	0	672
6710	18	3	644	2	0	667
6711	7	1	10	647	0	665
6712	8	2	4	660	0	674
6713	8	2	635	15	0	660
6714	4	2	14	642	0	662
6715	3	2	7	613	0	625
6716	645	2	3	17	0	667
6717	12	0	636	11	0	659
6718	6	1	10	607	0	624
6719	608	3	6	13	0	630
6720	13	604	3	9	0	629
6721	605	11	1	5	0	622
6722	602	6	1	4	0	613
6723	14	590	2	5	0	611
6724	7	13	0	598	0	618
6725	598	5	1	15	0	619
6726	11	590	1	10	0	612
6727	7	12	0	601	0	620
6728	589	3	2	17	0	611
6729	586	4	0	9	0	599
6730	16	577	1	8	0	602
6731	589	11	0	7	0	607
6732	17	7	0	589	0	613
6733	593	1	1	16	0	611
6734	19	2	584	5	0	610
6735	10	4	12	587	0	613
6736	7	0	5	595	0	607
6737	586	0	4	16	0	606
6738	14	574	2	8	0	598
6739	567	10	3	9	0	589
6740	14	564	0	8	0	586
6741	9	12	526	5	0	552
6742	3	4	533	5	0	545
6743	5	8	16	523	0	552
6744	3	4	529	15	0	551
6745	6	1	14	523	0	544
6746	3	4	4	516	0	527
6747	7	0	1	536	0	544
6748	527	2	2	14	0	545
6749	523	3	0	8	0	534
6750	548	2	1	5	0	556
6751	20	541	1	3	0	565
6752	5	589	1	6	0	601
6753	4	14	641	6	0	665
6754	8	4	14	651	0	677
6755	4	5	658	17	0	684
6756	4	6	15	647	0	672
6757	8	2	7	656	0	673
6758	4	4	4	661	0	673
6759	7	1	641	23	0	672
6760	1	2	19	638	0	660
6761	635	2	10	26	0	673
6762	16	615	5	16	0	652
6763	7	13	3	636	0	659
6764	624	6	4	24	0	658
6765	624	4	4	13	0	645
6766	23	6	2	610	0	641
6767	11	3	6	606	0	626
6768	548	5	2	24	0	579
6769	17	1	4	546	0	568
6770	528	0	2	21	0	551
6771	22	2	1	518	0	543
6772	7	2	480	27	0	516
6773	6	430	15	14	0	465
6774	10	466	4	8	0	488
6775	9	10	3	413	0	435
6776	15	8	2	410	0	435
6777	391	3	2	16	0	412
6778	11	1	3	392	0	407
6779	8	2	1	377	0	388
6780	3	2	0	355	0	360
6781	1	344	1	21	0	367
6782	5	7	1	357	0	370
6783	4	3	0	366	0	373
6784	3	2	1	368	0	374
6785	343	1	0	20	0	364
6786	8	354	3	9	0	374
6787	4	9	2	363	0	378
6788	3	5	0	368	0	376
6789	3	2	0	376	0	381
6790	359	2	0	19	0	380
6791	13	4	0	358	0	375
6792	4	2	1	370	0	377
6793	2	1	340	20	0	363
6794	2	337	4	15	0	358
6795	3	8	2	344	0	357
6796	327	4	1	16	0	348
6797	5	327	1	14	0	347
6798	312	5	2	11	0	330
6799	314	4	3	5	0	326
6800	10	5	1	316	0	332
6801	5	4	0	320	0	329
6802	4	2	318	13	0	337
6803	6	5	4	324	0	339
6804	10	2	317	8	0	337
6805	6	0	5	330	0	341
6806	298	1	3	16	0	318
6807	6	304	5	10	0	325
6808	4	6	4	325	0	339
6809	2	4	3	329	0	338
6810	5	1	4	330	0	340
6811	4	3	3	332	0	342
6812	329	3	0	10	0	342
6813	9	335	1	8	0	353
6814	3	6	1	352	0	362
6815	346	1	2	19	0	368
6816	9	1	337	12	0	359
6817	339	2	7	10	0	358
6818	349	3	4	9	0	365
6819	9	3	338	18	0	368
6820	8	2	6	368	0	384
6821	373	2	6	7	0	388
6822	11	381	3	9	0	404
6823	389	5	3	7	0	404
6824	387	4	2	7	0	400
6825	387	3	3	11	0	404
6826	15	1	2	380	0	398
6827	11	6	1	399	0	417
6828	7	449	0	15	0	471
6829	12	6	1	455	0	474
6830	458	3	2	10	0	473
6831	13	2	452	13	0	480
6832	451	4	7	7	0	469
6833	469	4	7	6	0	486
6834	12	3	3	466	0	484
6835	12	2	1	471	0	486
6836	468	5	3	16	0	492
6837	472	2	4	9	0	487
6838	427	1	2	7	0	437
6839	19	0	447	7	0	473
6840	9	465	6	12	0	492
6841	467	7	6	9	0	489
6842	14	7	2	457	0	480
6843	12	465	3	9	0	489
6844	8	6	4	484	0	502
6845	469	8	6	14	0	497
6846	12	6	1	479	0	498
6847	15	3	447	14	0	479
6848	5	459	6	11	0	481
6849	2	471	5	11	0	489
6850	7	8	424	7	0	446
6851	405	5	8	6	0	424
6852	8	395	4	6	0	413
6853	4	2	2	323	0	331
6854	324	2	0	3	0	329
6855	3	330	0	2	0	335
6856	3	2	1	331	0	337
6857	332	2	1	3	0	338
6858	2	3	1	335	0	341
6859	338	0	0	4	0	342
6860	5	1	343	3	0	352
6861	3	346	3	1	0	353
6862	356	2	1	3	0	362
6863	348	2	0	2	0	352
6864	345	1	0	4	0	350
6865	6	0	330	1	0	337
6866	330	2	3	2	0	337
6867	343	2	2	1	0	348
6868	6	0	1	343	0	350
6869	344	0	1	3	0	348
6870	4	338	0	2	0	344
6871	2	2	1	342	0	347
6872	2	2	342	2	0	348
6873	1	1	2	340	0	344
6874	2	0	2	345	0	349
6875	343	0	0	4	0	347
6876	336	2	0	6	0	344
6877	5	0	337	3	0	345
6878	328	2	4	3	0	337
6879	4	1	337	1	0	343
6880	5	0	2	343	0	350
6881	3	2	342	2	0	349
6882	2	1	2	339	0	344
6883	2	342	4	2	0	350
6884	3	2	341	3	0	349
6885	2	3	358	0	0	363
6886	3	2	3	315	0	323
6887	362	1	4	2	0	369
6888	362	2	0	5	0	369
6889	367	1	2	2	0	372
6890	5	1	2	361	0	369
6891	2	2	1	364	0	369
6892	1	0	2	368	0	371
6893	6	1	0	361	0	368
6894	3	3	354	6	0	366
6895	1	0	4	351	0	356
6896	3	349	2	4	0	358
6897	1	5	1	357	0	364
6898	356	2	2	6	0	366
6899	5	2	357	3	0	367
6900	341	1	3	4	0	349
6901	6	2	361	2	0	371
6902	6	2	352	0	0	360
6903	1	359	5	1	0	366
6904	3	5	2	329	0	339
6905	5	2	1	358	0	366
6906	5	316	0	7	0	328
6907	382	3	1	3	0	389
6908	6	5	1	398	0	410
6909	3	3	0	447	0	453
6910	3	0	1	466	0	470
6911	517	0	1	12	0	530
6912	576	2	0	7	0	585
6913	12	0	1	573	0	586
6914	9	0	1	573	0	583
6915	558	0	1	19	0	578
6916	10	0	1	570	0	581
6917	10	0	1	563	0	574
6918	8	1	1	571	0	581
6919	2	1	546	18	0	567
6920	518	0	9	10	0	537
6921	536	0	6	8	0	550
6922	15	0	515	4	0	534
6923	9	0	8	483	0	500
6924	4	510	7	11	0	532
6925	497	8	2	8	0	515
6926	11	501	3	4	0	519
6927	8	478	2	3	0	491
6928	9	8	1	439	0	457
6929	440	7	3	11	0	461
6930	454	1	0	9	0	464
6931	12	2	1	450	0	465
6932	9	1	2	450	0	462
6933	4	3	1	446	0	454
6934	6	3	1	450	0	460
6935	7	2	1	429	0	439
6936	3	429	1	16	0	449
6937	3	7	2	440	0	452
6938	435	3	1	17	0	456
6939	442	4	2	8	0	456
6940	438	1	2	7	0	448
6941	10	429	1	8	0	448
6942	11	7	2	429	0	449
6943	6	4	423	11	0	444
6944	407	5	4	11	0	427
6945	12	2	4	410	0	428
6946	410	4	2	10	0	426
6947	395	2	0	12	0	409
6948	404	2	2	6	0	414
6949	17	2	0	399	0	418
6950	398	2	2	9	0	411
6951	16	2	0	393	0	411
6952	8	0	1	404	0	413
6953	403	0	2	11	0	416
6954	12	1	0	399	0	412
6955	390	1	0	11	0	402
6956	392	2	1	10	0	405
6957	14	1	1	394	0	410
6958	9	1	2	394	0	406
6959	10	1	0	398	0	409
6960	9	0	366	14	0	389
6961	6	2	366	11	0	385
6962	7	0	7	368	0	382
6963	8	0	5	366	0	379
6964	5	2	2	374	0	383
6965	4	1	1	376	0	382
6966	4	0	3	379	0	386
6967	367	1	3	17	0	388
6968	9	355	2	18	0	384
6969	6	5	1	375	0	387
6970	376	4	2	12	0	394
6971	8	2	1	383	0	394
6972	6	1	0	386	0	393
6973	371	3	2	14	0	390
6974	374	2	2	13	0	391
6975	11	3	367	9	0	390
6976	12	0	6	373	0	391
6977	7	3	373	13	0	396
6978	6	2	7	376	0	391
6979	7	1	3	378	0	389
6980	8	0	5	376	0	389
6981	4	1	361	18	0	384
6982	4	352	9	11	0	376
6983	5	371	5	10	0	391
6984	5	8	5	368	0	386
6985	356	5	1	18	0	380
6986	10	2	351	11	0	374
6987	8	1	357	9	0	375
6988	7	4	11	355	0	377
6989	3	3	7	350	0	363
6990	3	357	4	18	0	382
6991	6	7	3	353	0	369
6992	6	7	4	369	0	386
6993	2	4	2	381	0	389
6994	367	0	3	19	0	389
6995	374	1	1	15	0	391
6996	13	2	2	369	0	386
6997	9	365	3	12	0	389
6998	7	8	1	372	0	388
6999	357	6	1	14	0	378
7000	10	370	3	10	0	393
7001	12	7	0	346	0	365
7002	4	350	1	18	0	373
7003	349	9	0	9	0	367
7004	337	5	0	3	0	345
7005	10	336	0	6	0	352
7006	10	337	1	3	0	351
7007	2	12	318	5	0	337
7008	2	299	7	4	0	312
7009	6	7	8	240	0	261
7010	4	5	242	7	0	258
7011	0	179	6	4	0	189
7012	0	2	1	117	0	120
7013	0	1	3	122	0	126
7014	0	2	0	124	0	126
7015	120	0	0	5	0	125
7016	2	0	115	3	0	120
7017	1	1	116	1	0	119
7018	2	1	3	117	0	123
7019	0	1	129	3	0	133
7020	0	0	2	128	0	130
7021	2	0	1	116	0	119
7022	0	0	2	134	0	136
7023	0	0	2	135	0	137
7024	130	0	0	6	0	136
7025	131	0	1	2	0	134
7026	3	1	0	132	0	136
7027	2	0	140	3	0	145
7028	1	0	2	133	0	136
7029	0	136	1	4	0	141
7030	2	2	1	133	0	138
7031	137	1	0	3	0	141
7032	140	1	0	3	0	144
7033	4	1	0	139	0	144
7034	2	0	0	144	0	146
7035	3	0	0	140	0	143
7036	139	1	0	4	0	144
7037	2	0	142	3	0	147
7038	1	1	131	1	0	134
7039	1	134	3	0	0	138
7040	137	2	2	0	0	141
7041	4	2	1	138	0	145
7042	1	1	154	4	0	160
7043	1	156	1	1	0	159
7044	0	162	1	1	0	164
7045	1	3	1	162	0	167
7046	0	4	0	176	0	180
7047	0	172	0	3	0	175
7048	0	2	0	184	0	186
7049	0	1	0	185	0	186
7050	181	1	0	3	0	185
7051	2	179	0	2	0	183
7052	1	2	0	180	0	183
7053	1	1	177	2	0	181
7054	1	1	2	170	0	174
7055	177	0	1	3	0	181
7056	2	179	1	1	0	183
7057	1	2	0	184	0	187
7058	1	1	181	1	0	184
7059	1	1	171	1	0	174
7060	0	0	4	186	0	190
7061	1	0	2	199	0	202
7062	201	0	1	3	0	205
7063	2	202	0	2	0	206
7064	209	3	0	1	0	213
7065	4	1	213	0	0	218
7066	215	1	3	1	0	220
7067	4	0	221	0	0	225
7068	213	0	4	0	0	217
7069	223	0	1	0	0	224
7070	4	1	241	0	0	246
7071	2	0	236	0	0	238
7072	1	216	4	0	0	221
7073	0	3	2	246	0	251
7074	257	1	1	3	0	262
7075	3	1	0	260	0	264
7076	1	0	0	260	0	261
7077	1	0	0	265	0	266
7078	0	1	262	5	0	268
7079	233	0	3	1	0	237
7080	264	0	1	2	0	267
7081	4	266	1	0	0	271
7082	2	3	0	257	0	262
7083	1	260	0	3	0	264
7084	0	4	0	263	0	267
7085	260	1	0	3	0	264
7086	2	257	0	1	0	260
7087	0	2	0	255	0	257
7088	255	0	0	2	0	257
7089	255	1	0	0	0	256
7090	2	0	0	258	0	260
7091	1	0	259	2	0	262
7092	2	1	2	246	0	251
7093	0	255	0	2	0	257
7094	263	1	1	0	0	265
7095	1	262	0	1	0	264
7096	1	2	0	266	0	269
7097	271	0	0	1	0	272
7098	1	1	0	281	0	283
7099	3	0	0	282	0	285
7100	1	0	281	1	0	283
7101	0	271	1	1	0	273
7102	277	1	0	1	0	279
7103	267	0	1	2	0	270
7104	1	280	0	0	0	281
7105	1	295	0	0	0	296
7106	6	1	0	286	0	293
7107	284	1	0	3	0	288
7108	2	281	0	0	0	283
7109	0	1	0	291	0	292
7110	0	0	286	1	0	287
7111	0	0	1	284	0	285
7112	293	1	0	1	0	295
7113	2	289	0	0	0	291
7114	0	2	0	295	0	297
7115	0	0	296	2	0	298
7116	1	0	276	0	0	277
7117	0	0	1	304	0	305
7118	0	0	0	306	0	306
7119	0	296	0	1	0	297
7120	0	1	0	292	0	293
7121	305	0	0	1	0	306
7122	2	0	0	300	0	302
7123	306	1	0	1	0	308
7124	1	301	0	0	0	302
7125	0	307	0	1	0	308
7126	1	0	0	319	0	320
7127	0	1	0	313	0	314
7128	0	0	318	2	0	320
7129	1	0	1	301	0	303
7130	314	0	0	2	0	316
7131	2	1	308	0	0	311
7132	0	0	1	312	0	313
7133	0	1	316	2	0	319
7134	0	0	2	321	0	323
7135	0	0	1	308	0	309
7136	0	0	0	320	0	320
7137	0	2	320	3	0	325
7138	2	1	1	312	0	316
7139	0	316	1	2	0	319
7140	2	1	0	325	0	328
7141	0	0	1	322	0	323
7142	306	0	0	2	0	308
7143	2	0	293	1	0	296
7144	0	1	3	295	0	299
7145	0	0	297	4	0	301
7146	1	0	285	2	0	288
7147	0	1	5	300	0	306
7148	0	0	0	284	0	284
7149	1	0	0	309	0	310
7150	310	0	1	5	0	316
7151	3	0	315	3	0	321
7152	323	0	4	2	0	329
7153	3	0	3	341	0	347
7154	1	0	1	341	0	343
7155	0	349	0	6	0	355
7156	0	3	1	359	0	363
7157	0	0	0	356	0	356
7158	2	2	0	352	0	356
7159	335	0	0	8	0	343
7160	4	0	334	4	0	342
7161	305	0	3	3	0	311
7162	4	333	3	1	0	341
7163	327	3	1	2	0	333
7164	3	326	1	3	0	333
7165	1	326	1	7	0	335
7166	2	5	0	336	0	343
7167	337	1	1	4	0	343
7168	4	1	1	337	0	343
7169	3	329	0	5	0	337
7170	1	336	1	2	0	340
7171	2	4	0	333	0	339
7172	0	1	0	332	0	333
7173	0	334	0	6	0	340
7174	1	4	0	336	0	341
7175	2	1	0	337	0	340
7176	0	1	0	342	0	343
7177	331	0	0	7	0	338
7178	5	1	326	2	0	334
7179	329	0	5	3	0	337
7180	357	1	1	2	0	361
7181	369	2	1	0	0	372
7182	6	355	0	3	0	364
7183	3	4	0	364	0	371
7184	366	2	0	7	0	375
7185	6	0	0	374	0	380
7186	375	1	2	5	0	383
7187	6	389	0	2	0	397
7188	409	4	0	4	0	417
7189	420	1	0	1	0	422
7190	416	2	0	2	0	420
7191	7	0	0	413	0	420
7192	3	0	0	426	0	429
7193	439	0	0	8	0	447
7194	6	422	1	2	0	431
7195	2	427	0	1	0	430
7196	455	4	0	0	0	459
7197	7	1	0	444	0	452
7198	5	1	0	444	0	450
7199	1	0	0	455	0	456
7200	1	452	0	7	0	460
7201	455	4	0	5	0	464
7202	6	2	0	455	0	463
7203	1	473	0	6	0	480
7204	3	5	0	488	0	496
7205	1	2	0	492	0	495
7206	1	1	0	494	0	496
7207	0	0	0	496	0	496
7208	485	2	0	7	0	494
7209	487	0	0	3	0	490
7210	489	0	0	6	0	495
7211	6	1	0	493	0	500
7212	4	1	482	5	0	492
7213	1	0	449	4	0	454
7214	1	0	462	5	0	468
7215	505	0	5	4	0	514
7216	10	1	2	501	0	514
7217	4	1	0	502	0	507
7218	3	1	0	507	0	511
7219	506	0	0	8	0	514
7220	506	0	1	5	0	512
7221	6	505	1	2	0	514
7222	2	5	2	513	0	522
7223	3	1	500	5	0	509
7224	3	514	4	2	0	523
7225	3	4	1	515	0	523
7226	1	0	1	523	0	525
7227	1	1	0	520	0	522
7228	2	0	0	506	0	508
7229	1	0	502	5	0	508
7230	0	1	482	2	0	485
7231	1	520	4	2	0	527
7232	0	4	2	527	0	533
7233	0	0	0	523	0	523
7234	510	1	0	8	0	519
7235	4	1	523	3	0	531
7236	2	0	4	522	0	528
7237	1	0	1	542	0	544
7238	0	1	553	4	0	558
7239	0	552	5	3	0	560
7240	562	5	1	3	0	571
7241	4	1	559	3	0	567
7242	552	1	3	3	0	559
7243	6	0	601	0	0	607
7244	2	0	5	608	0	615
7245	2	0	616	4	0	622
7246	0	1	612	1	0	614
7247	2	0	3	623	0	628
7248	1	2	1	475	0	479
7249	1	0	1	636	0	638
7250	3	0	1	614	0	618
7251	1	0	0	616	0	617
7252	0	0	606	2	0	608
7253	2	1	568	3	0	574
7254	0	610	2	1	0	613
7255	608	3	1	0	0	612
7256	3	0	0	611	0	614
7257	607	0	0	8	0	615
7258	3	0	0	615	0	618
7259	622	0	0	6	0	628
7260	3	0	0	635	0	638
7261	1	0	1	632	0	634
7262	0	625	1	4	0	630
7263	0	3	0	642	0	645
7264	1	0	0	635	0	636
7265	0	0	0	626	0	626
7266	1	0	0	625	0	626
7267	0	616	0	2	0	618
7268	620	2	0	3	0	625
7269	2	620	1	1	0	624
7270	0	2	0	602	0	604
7271	595	1	0	3	0	599
7272	2	0	585	1	0	588
7273	0	0	580	1	0	581
7274	2	0	1	566	0	569
7275	0	0	0	598	0	598
7276	1	1	0	597	0	599
7277	1	0	0	558	0	559
7278	0	1	0	580	0	581
7279	0	563	0	2	0	565
7280	1	1	0	570	0	572
7281	562	0	1	3	0	566
7282	1	0	1	568	0	570
7283	0	0	566	2	0	568
7284	0	0	1	565	0	566
7285	553	0	0	3	0	556
7286	2	592	1	1	0	596
7287	1	1	1	622	0	625
7288	1	2	0	643	0	646
7289	1	0	631	5	0	637
7290	1	1	840	3	0	845
7291	1106	0	9	2	0	1117
7292	17	0	7	1125	0	1149
7293	14	0	7	1159	0	1180
7294	11	0	1254	26	0	1291
7295	11	1	1272	27	0	1311
7296	1	1276	30	22	0	1329
7297	4	17	26	1272	0	1319
7298	2	11	1282	23	0	1318
7299	1	1269	30	19	0	1319
7300	1253	28	16	18	0	1315
7301	1292	17	15	14	0	1338
7302	35	14	10	1241	0	1300
7303	26	1269	3	20	0	1318
7304	1270	24	3	11	0	1308
7305	37	16	2	1193	0	1248
7306	20	15	1231	31	0	1297
7307	15	1246	25	17	0	1303
7308	1250	25	16	16	0	1307
7309	1270	15	14	15	0	1314
7310	36	15	10	1254	0	1315
7311	29	13	6	1270	0	1318
7312	26	9	1236	34	0	1305
7313	24	4	24	1253	0	1305
7314	12	6	13	1207	0	1238
7315	13	1	15	1262	0	1291
7316	4	5	16	1267	0	1292
7317	8	6	5	1239	0	1258
7318	8	1201	5	67	0	1281
7319	1210	18	8	47	0	1283
7320	22	18	1199	37	0	1276
7321	17	1219	21	25	0	1282
7322	22	27	18	1227	0	1294
7323	1227	17	16	34	0	1294
7324	31	14	15	1218	0	1278
7325	21	19	9	1231	0	1280
7326	21	7	5	1251	0	1284
7327	17	9	6	1256	0	1288
7328	14	6	1200	62	0	1282
7329	9	1204	24	56	0	1293
7330	1210	24	21	42	0	1297
7331	24	22	1188	33	0	1267
7332	25	17	33	1209	0	1284
7333	1205	18	20	36	0	1279
7334	36	1199	20	28	0	1283
7335	1203	25	20	34	0	1282
7336	41	23	11	1133	0	1208
7337	39	20	5	1211	0	1275
7338	34	18	7	1210	0	1269
7339	25	9	4	1217	0	1255
7340	1155	7	5	77	0	1244
7341	30	7	5	1203	0	1245
7342	24	9	6	1212	0	1251
7343	1130	6	6	61	0	1203
7344	39	4	1091	47	0	1181
7345	27	6	22	1114	0	1169
7346	1071	4	19	55	0	1149
7347	1096	7	15	33	0	1151
7348	46	5	15	1071	0	1137
7349	35	5	11	1071	0	1122
7350	30	1028	8	59	0	1125
7351	23	20	5	1074	0	1122
7352	12	17	6	1088	0	1123
7353	16	17	1011	60	0	1104
7354	15	11	997	53	0	1076
7355	6	1010	31	52	0	1099
7356	9	25	28	1029	0	1091
7357	12	16	33	1043	0	1104
7358	1025	25	20	38	0	1108
7359	30	18	11	1038	0	1097
7360	23	11	994	66	0	1094
7361	27	3	27	1036	0	1093
7362	22	6	990	54	0	1072
7363	14	9	1002	49	0	1074
7364	17	8	42	1006	0	1073
7365	10	7	35	1034	0	1086
7366	994	8	29	58	0	1089
7367	1016	4	21	45	0	1086
7368	43	7	15	1028	0	1093
7369	1020	5	10	58	0	1093
7370	1049	7	7	41	0	1104
7371	67	6	5	1027	0	1105
7372	43	4	8	1039	0	1094
7373	1027	6	8	59	0	1100
7374	1031	9	7	48	0	1095
7375	48	2	7	1050	0	1107
7376	42	1005	4	58	0	1109
7377	39	22	5	1043	0	1109
7378	27	13	8	1071	0	1119
7379	16	14	1001	65	0	1096
7380	15	16	22	1061	0	1114
7381	1002	7	17	69	0	1095
7382	35	1003	18	48	0	1104
7383	1024	24	16	35	0	1099
7384	1032	16	11	34	0	1093
7385	1047	17	3	32	0	1099
7386	58	20	3	985	0	1066
7387	56	9	877	42	0	984
7388	44	9	869	30	0	952
7389	22	856	34	39	0	951
7390	15	633	20	28	0	696
7391	2	371	2	7	0	382
7392	10	339	12	3	0	364
7393	7	13	315	3	0	338
7394	200	12	19	4	0	235
7395	4	0	1	189	0	194
7396	0	1	0	185	0	186
7397	0	1	0	184	0	185
7398	0	179	1	4	0	184
7399	176	4	1	0	0	181
7400	3	0	178	1	0	182
7401	0	162	1	1	0	164
7402	2	3	0	160	0	165
7403	165	1	1	2	0	169
7404	3	0	1	165	0	169
7405	1	0	164	3	0	168
7406	0	0	164	1	0	165
7407	0	0	3	168	0	171
7408	0	0	0	166	0	166
7409	165	1	0	3	0	169
7410	4	0	163	0	0	167
7411	160	1	4	0	0	165
7412	167	2	0	0	0	169
7413	3	1	0	173	0	177
7414	0	0	172	3	0	175
7415	1	0	3	171	0	175
7416	170	0	1	6	0	177
7417	3	169	1	1	0	174
7418	170	3	0	3	0	176
7419	3	1	0	167	0	171
7420	2	169	0	3	0	174
7421	0	4	2	168	0	174
7422	1	0	0	174	0	175
7423	1	165	0	4	0	170
7424	1	3	0	173	0	177
7425	0	0	1	187	0	188
7426	0	0	1	188	0	189
7427	1	0	197	4	0	202
7428	0	192	5	1	0	198
7429	203	5	0	2	0	210
7430	5	1	0	198	0	204
7431	0	221	1	6	0	228
7432	241	7	0	2	0	250
7433	8	2	0	255	0	265
7434	0	1	0	263	0	264
7435	0	0	1	253	0	254
7436	2	0	0	248	0	250
7437	237	0	1	10	0	248
7438	9	2	1	238	0	250
7439	2	1	0	247	0	250
7440	246	0	0	10	0	256
7441	8	2	0	246	0	256
7442	1	1	243	9	0	254
7443	1	0	8	245	0	254
7444	244	0	0	11	0	255
7445	8	0	0	247	0	255
7446	0	0	242	11	0	253
7447	1	0	245	2	0	248
7448	245	0	8	1	0	254
7449	257	1	0	2	0	260
7450	255	0	0	2	0	257
7451	252	0	0	2	0	254
7452	8	1	246	1	0	256
7453	1	0	9	243	0	253
7454	2	0	0	253	0	255
7455	241	0	0	10	0	251
7456	9	0	1	245	0	255
7457	0	0	250	9	0	259
7458	2	0	8	247	0	257
7459	3	0	249	9	0	261
7460	2	246	8	2	0	258
7461	249	8	0	1	0	258
7462	9	0	1	248	0	258
7463	0	0	239	10	0	249
7464	0	0	9	245	0	254
7465	2	0	0	255	0	257
7466	2	0	251	10	0	263
7467	1	0	10	259	0	270
7468	261	0	2	8	0	271
7469	9	0	243	0	0	252
7470	249	1	8	2	0	260
7471	11	254	0	0	0	265
7472	3	8	249	1	0	261
7473	1	0	257	1	0	259
7474	1	3	7	214	0	225
7475	0	0	0	235	0	235
7476	1	0	219	7	0	227
7477	2	0	6	221	0	229
7478	225	0	1	7	0	233
7479	230	0	5	2	0	237
7480	9	0	0	225	0	234
7481	2	4	3	224	0	233
7482	3	229	4	6	0	242
7483	240	8	3	1	0	252
7484	7	1	3	248	0	259
7485	1	249	4	8	0	262
7486	253	6	4	5	0	268
7487	263	0	1	7	0	271
7488	8	267	3	2	0	280
7489	4	5	0	267	0	276
7490	3	1	0	273	0	277
7491	3	0	265	10	0	278
7492	2	3	5	263	0	273
7493	261	1	1	10	0	273
7494	7	2	1	261	0	271
7495	3	4	255	6	0	268
7496	257	0	6	4	0	267
7497	8	2	1	258	0	269
7498	3	4	253	6	0	266
7499	3	0	6	260	0	269
7500	2	2	263	10	0	277
7501	1	1	10	268	0	280
7502	0	0	1	281	0	282
7503	260	0	2	7	0	269
7504	5	259	2	6	0	272
7505	262	5	3	1	0	271
7506	260	2	0	3	0	265
7507	258	1	3	3	0	265
7508	8	255	5	0	0	268
7509	3	5	256	6	0	270
7510	0	1	10	262	0	273
7511	262	0	3	11	0	276
7512	266	0	2	7	0	275
7513	9	0	2	257	0	268
7514	257	3	0	8	0	268
7515	10	0	258	3	0	271
7516	258	2	5	3	0	268
7517	10	2	262	0	0	274
7518	6	268	5	0	0	279
7519	266	5	3	2	0	276
7520	266	4	1	3	0	274
7521	8	266	2	1	0	277
7522	266	5	0	2	0	273
7523	262	2	1	5	0	270
7524	10	1	255	2	0	268
7525	239	0	7	3	0	249
7526	9	7	235	2	0	253
7527	4	1	7	219	0	231
7528	6	221	2	7	0	236
7529	5	3	221	3	0	232
7530	187	18	5	4	0	214
7531	184	9	2	0	0	195
7532	8	0	0	180	0	188
7533	4	2	168	1	0	175
7534	3	2	3	168	0	176
7535	174	0	2	1	0	177
7536	3	164	2	2	0	171
7537	169	1	0	3	0	173
7538	170	3	1	0	0	174
7539	2	170	3	2	0	177
7540	2	2	1	164	0	169
7541	168	1	2	0	0	171
7542	1	0	2	169	0	172
7543	4	1	1	168	0	174
7544	1	1	171	5	0	178
7545	0	0	4	175	0	179
7546	2	1	1	183	0	187
7547	170	0	0	5	0	175
7548	171	0	0	3	0	174
7549	3	1	1	170	0	175
7550	2	0	174	2	0	178
7551	3	0	167	1	0	171
7552	0	2	3	172	0	177
7553	1	1	193	2	0	197
7554	2	0	2	193	0	197
7555	1	1	1	194	0	197
7556	196	1	0	5	0	202
7557	4	0	189	1	0	194
7558	187	0	2	2	0	191
7559	187	0	2	2	0	191
7560	5	0	187	0	0	192
7561	2	0	188	1	0	191
7562	0	6	2	184	0	192
7563	1	183	2	2	0	188
7564	1	183	0	1	0	185
7565	3	3	0	176	0	182
7566	1	1	1	157	0	160
7567	0	0	1	165	0	166
7568	0	0	0	171	0	171
7569	167	0	1	3	0	171
7570	3	0	0	166	0	169
7571	2	0	162	3	0	167
7572	2	0	2	161	0	165
7573	0	155	1	2	0	158
7574	1	2	0	154	0	157
7575	153	1	0	2	0	156
7576	2	0	1	156	0	159
7577	1	0	152	2	0	155
7578	0	143	2	2	0	147
7579	0	1	1	148	0	150
7580	146	2	0	2	0	150
7581	150	0	0	1	0	151
7582	3	0	0	151	0	154
7583	1	0	130	3	0	134
7584	0	0	121	2	0	123
7585	119	0	3	0	0	122
7586	2	0	124	2	0	128
7587	1	0	129	0	0	130
7588	0	0	3	112	0	115
7589	120	1	0	3	0	124
7590	120	0	1	1	0	122
7591	123	0	0	0	0	123
7592	3	0	132	2	0	137
7593	1	0	143	0	0	144
7594	0	151	3	0	0	154
7595	0	3	1	153	0	157
7596	2	0	0	159	0	161
7597	1	0	1	153	0	155
7598	0	0	1	160	0	161
7599	0	0	157	4	0	161
7600	1	145	3	0	0	149
7601	154	3	0	0	0	157
7602	202	0	1	0	0	203
7603	203	0	2	0	0	205
7604	5	206	2	1	0	214
7605	1	6	0	213	0	220
7606	231	0	1	6	0	238
7607	8	241	0	2	0	251
7608	238	8	0	3	0	249
7609	10	236	0	1	0	247
7610	242	9	3	0	0	254
7611	246	3	0	0	0	249
7612	11	1	0	241	0	253
7613	3	0	0	249	0	252
7614	1	0	237	10	0	248
7615	0	1	231	2	0	234
7616	230	1	10	2	0	243
7617	244	2	1	0	0	247
7618	10	1	1	236	0	248
7619	5	0	0	245	0	250
7620	3	1	235	9	0	248
7621	1	4	8	232	0	245
7622	2	0	234	12	0	248
7623	3	1	9	239	0	252
7624	2	3	2	247	0	254
7625	237	0	2	10	0	249
7626	246	4	1	3	0	254
7627	13	0	0	239	0	252
7628	6	0	1	246	0	253
7629	2	0	234	14	0	250
7630	1	1	9	237	0	248
7631	1	2	241	9	0	253
7632	233	1	11	2	0	247
7633	13	0	2	238	0	253
7634	239	0	2	10	0	251
7635	11	236	0	9	0	256
7636	241	10	2	7	0	260
7637	10	1	4	246	0	261
7638	4	1	0	250	0	255
7639	3	239	4	10	0	256
7640	3	8	2	247	0	260
7641	1	5	237	16	0	259
7642	8	1	9	241	0	259
7643	7	0	232	8	0	247
7644	0	225	6	10	0	241
7645	2	6	3	235	0	246
7646	2	3	230	6	0	241
7647	1	2	226	7	0	236
7648	5	0	11	223	0	239
7649	225	2	2	8	0	237
7650	9	2	214	8	0	233
7651	4	0	6	219	0	229
7652	214	3	7	7	0	231
7653	6	205	1	9	0	221
7654	213	6	5	5	0	229
7655	8	4	1	216	0	229
7656	4	4	1	216	0	225
7657	6	0	2	219	0	227
7658	209	2	4	11	0	226
7659	7	0	0	220	0	227
7660	3	0	3	220	0	226
7661	203	2	4	10	0	219
7662	6	1	197	10	0	214
7663	5	0	8	203	0	216
7664	3	1	204	7	0	215
7665	197	0	7	10	0	214
7666	13	0	3	203	0	219
7667	3	3	208	8	0	222
7668	197	0	6	12	0	215
7669	211	0	5	4	0	220
7670	10	4	217	4	0	235
7671	8	2	6	222	0	238
7672	5	0	2	232	0	239
7673	0	0	232	15	0	247
7674	1	224	6	11	0	242
7675	5	7	233	1	0	246
7676	227	5	6	4	0	242
7677	7	1	243	9	0	260
7678	240	0	9	4	0	253
7679	8	1	244	0	0	253
7680	243	0	7	10	0	260
7681	10	259	9	0	0	278
7682	8	5	3	253	0	269
7683	3	3	1	272	0	279
7684	6	2	261	8	0	277
7685	4	2	6	259	0	271
7686	6	258	6	8	0	278
7687	253	5	5	4	0	267
7688	5	257	0	7	0	269
7689	4	5	1	248	0	258
7690	247	3	5	5	0	260
7691	6	256	1	5	0	268
7692	250	5	3	4	0	262
7693	11	4	233	1	0	249
7694	5	1	9	232	0	247
7695	5	1	3	236	0	245
7696	2	0	5	239	0	246
7697	236	1	0	11	0	248
7698	234	1	2	6	0	243
7699	238	0	2	4	0	244
7700	240	1	0	3	0	244
7701	13	0	238	0	0	251
7702	179	1	4	3	0	187
7703	4	184	3	1	0	192
7704	4	189	0	0	0	193
7705	189	7	5	1	0	202
7706	178	2	1	4	0	185
7707	3	0	1	167	0	171
7708	180	1	0	1	0	182
7709	183	0	0	2	0	185
7710	211	0	1	1	0	213
7711	2	0	0	210	0	212
7712	2	212	0	2	0	216
7713	0	218	0	3	0	221
7714	1	2	0	225	0	228
7715	218	7	0	2	0	227
7716	2	221	0	3	0	226
7717	3	1	0	220	0	224
7718	0	2	226	1	0	229
7719	203	0	1	1	0	205
7720	1	220	2	1	0	224
7721	2	226	0	0	0	228
7722	222	3	0	1	0	226
7723	2	2	224	0	0	228
7724	2	0	1	222	0	225
7725	1	227	1	1	0	230
7726	2	1	0	233	0	236
7727	1	2	0	233	0	236
7728	0	204	0	4	0	208
7729	0	2	0	248	0	250
7730	0	3	0	248	0	251
7731	240	0	1	4	0	245
7732	1	241	0	1	0	243
7733	239	2	0	0	0	241
7734	1	1	0	243	0	245
7735	1	249	2	1	0	253
7736	0	0	241	1	0	242
7737	0	2	1	240	0	243
7738	0	1	1	245	0	247
7739	1	0	249	2	0	252
7740	239	0	2	0	0	241
7741	1	0	1	289	0	291
7742	290	1	0	3	0	294
7743	3	0	277	1	0	281
7744	2	0	2	283	0	287
7745	0	1	299	3	0	303
7746	0	0	3	298	0	301
7747	0	0	1	312	0	313
7748	310	0	0	4	0	314
7749	3	305	0	1	0	309
7750	304	3	0	1	0	308
7751	3	0	320	0	0	323
7752	0	0	3	324	0	327
7753	0	0	328	3	0	331
7754	296	0	4	1	0	301
7755	329	0	0	0	0	329
7756	3	1	326	0	0	330
7757	320	1	2	1	0	324
7758	333	0	0	2	0	335
7759	3	0	0	335	0	338
7760	1	0	333	3	0	337
7761	0	2	329	0	0	331
7762	1	0	3	344	0	348
7763	1	0	0	342	0	343
7764	0	338	0	3	0	341
7765	0	346	1	0	0	347
7766	346	3	1	2	0	352
7767	5	1	0	345	0	351
7768	0	344	1	4	0	349
7769	2	354	0	0	0	356
7770	330	3	1	1	0	335
7771	4	0	0	336	0	340
7772	0	338	2	3	0	343
7773	1	3	0	335	0	339
7774	0	0	1	342	0	343
7775	1	0	0	345	0	346
7776	332	1	0	5	0	338
7777	6	331	0	0	0	337
7778	0	5	1	334	0	340
7779	1	0	0	335	0	336
7780	2	0	2	321	0	325
7781	1	0	310	5	0	316
7782	310	0	5	0	0	315
7783	5	0	1	313	0	319
7784	312	0	0	4	0	316
7785	314	0	1	1	0	316
7786	314	0	1	1	0	316
7787	6	0	310	0	0	316
7788	0	310	5	2	0	317
7789	0	4	1	313	0	318
7790	0	0	315	4	0	319
7791	1	1	302	2	0	306
7792	0	1	4	290	0	295
7793	1	298	0	5	0	304
7794	294	5	0	2	0	301
7795	307	1	0	0	0	308
7796	309	2	0	1	0	312
7797	310	1	0	0	0	311
7798	4	1	300	1	0	306
7799	298	1	3	2	0	304
7800	4	305	1	2	0	312
7801	2	5	0	300	0	307
7802	2	0	0	304	0	306
7803	316	0	1	5	0	322
7804	5	2	0	314	0	321
7805	2	0	304	5	0	311
7806	290	1	4	1	0	296
7807	300	0	1	4	0	305
7808	295	0	2	3	0	300
7809	5	0	286	2	0	293
7810	256	0	4	2	0	262
7811	5	267	0	1	0	273
7812	258	4	0	2	0	264
7813	9	0	0	258	0	267
7814	1	1	1	257	0	260
7815	1	251	0	3	0	255
7816	0	4	1	250	0	255
7817	1	249	2	3	0	255
7818	0	3	1	250	0	254
7819	0	247	1	3	0	251
7820	0	4	1	251	0	256
7821	1	250	0	5	0	256
7822	1	4	0	255	0	260
7823	2	258	0	3	0	263
7824	287	3	0	0	0	290
7825	6	1	1	291	0	299
7826	3	0	0	297	0	300
7827	0	1	1	324	0	326
7828	1	0	1	341	0	343
7829	2	0	334	7	0	343
7830	3	1	5	337	0	346
7831	1	0	2	347	0	350
7832	342	0	1	10	0	353
7833	338	0	1	4	0	343
7834	7	346	2	1	0	356
7835	6	8	0	331	0	345
7836	2	3	0	370	0	375
7837	386	1	1	11	0	399
7838	11	3	364	2	0	380
7839	371	3	4	3	0	381
7840	7	387	2	3	0	399
7841	350	6	0	4	0	360
7842	354	2	0	1	0	357
7843	9	345	2	2	0	358
7844	5	358	0	2	0	365
7845	3	9	2	343	0	357
7846	5	3	340	8	0	356
7847	329	3	4	4	0	340
7848	9	3	331	1	0	344
7849	329	0	8	3	0	340
7850	8	3	327	1	0	339
7851	4	325	7	3	0	339
7852	2	5	5	329	0	341
7853	327	2	3	7	0	339
7854	333	1	4	3	0	341
7855	10	3	1	330	0	344
7856	354	3	0	10	0	367
7857	359	1	0	5	0	365
7858	16	348	0	1	0	365
7859	354	6	0	2	0	362
7860	9	351	1	1	0	362
7861	6	7	0	350	0	363
7862	351	3	2	7	0	363
7863	357	1	0	3	0	361
7864	345	2	2	5	0	354
7865	13	1	341	2	0	357
7866	5	3	346	2	0	356
7867	5	2	9	343	0	359
7868	5	0	3	357	0	365
7869	4	367	4	8	0	383
7870	376	5	1	3	0	385
7871	5	5	2	385	0	397
7872	8	1	1	388	0	398
7873	4	3	389	12	0	408
7874	3	373	7	5	0	388
7875	4	387	4	4	0	399
7876	4	12	2	389	0	407
7877	384	5	3	9	0	401
7878	9	4	0	384	0	397
7879	10	2	0	399	0	411
7880	399	1	0	13	0	413
7881	399	0	2	9	0	410
7882	15	1	2	393	0	411
7883	9	1	392	11	0	413
7884	4	1	5	404	0	414
7885	6	2	5	410	0	423
7886	405	2	3	14	0	424
7887	8	0	3	413	0	424
7888	410	2	2	12	0	426
7889	8	1	420	11	0	440
7890	9	2	6	428	0	445
7891	6	4	5	436	0	451
7892	5	2	3	440	0	450
7893	4	1	2	441	0	448
7894	1	2	3	439	0	445
7895	3	2	417	20	0	442
7896	408	0	4	11	0	423
7897	11	1	6	425	0	443
7898	11	1	424	13	0	449
7899	2	5	411	9	0	427
7900	5	1	11	421	0	438
7901	426	1	6	12	0	445
7902	429	0	4	8	0	441
7903	426	2	4	4	0	436
7904	16	0	4	412	0	432
7905	10	420	4	9	0	443
7906	429	8	1	7	0	445
7907	431	3	2	6	0	442
7908	425	5	0	7	0	437
7909	426	3	2	7	0	438
7910	17	3	1	418	0	439
7911	11	1	411	11	0	434
7912	12	0	6	414	0	432
7913	6	2	408	11	0	427
7914	410	2	10	12	0	434
7915	411	0	10	8	0	429
7916	14	3	416	8	0	441
7917	416	2	7	6	0	431
7918	472	1	9	4	0	486
7919	20	3	2	456	0	481
7920	9	458	6	12	0	485
7921	473	8	1	10	0	492
7922	12	11	1	449	0	473
7923	14	441	0	10	0	465
7924	9	5	1	441	0	456
7925	10	4	422	8	0	444
7926	3	423	4	13	0	443
7927	399	10	5	4	0	418
7928	384	6	4	2	0	396
7929	381	2	1	8	0	392
7930	390	2	2	4	0	398
7931	8	6	2	379	0	395
7932	8	379	1	7	0	395
7933	364	2	2	6	0	374
7934	6	3	377	4	0	390
7935	8	357	3	3	0	371
7936	4	1	348	5	0	358
7937	3	6	3	321	0	333
7938	4	252	4	2	0	262
7939	1	1	2	329	0	333
7940	4	4	332	2	0	342
7941	2	1	1	328	0	332
7942	1	1	7	346	0	355
7943	4	2	1	347	0	354
7944	333	1	0	8	0	342
7945	5	332	3	4	0	344
7946	9	2	1	333	0	345
7947	327	3	0	4	0	334
7948	4	334	1	8	0	347
7949	338	4	1	4	0	347
7950	6	4	335	1	0	346
7951	5	0	2	328	0	335
7952	2	332	2	2	0	338
7953	329	1	3	4	0	337
7954	6	3	324	2	0	335
7955	7	294	4	2	0	307
7956	4	1	4	313	0	322
7957	2	4	3	318	0	327
7958	318	0	1	9	0	328
7959	4	1	0	318	0	323
7960	5	1	323	3	0	332
7961	5	1	2	306	0	314
7962	4	2	342	1	0	349
7963	0	1	3	334	0	338
7964	4	339	5	1	0	349
7965	347	3	2	1	0	353
7966	343	3	0	4	0	350
7967	9	332	1	0	0	342
7968	4	338	1	3	0	346
7969	2	1	3	333	0	339
7970	331	1	0	6	0	338
7971	1	2	0	322	0	325
7972	322	0	0	2	0	324
7973	2	301	1	1	0	305
7974	1	2	0	305	0	308
7975	1	1	299	1	0	302
7976	3	0	0	301	0	304
7977	0	2	1	315	0	318
7978	320	1	0	2	0	323
7979	2	307	1	1	0	311
7980	1	0	0	318	0	319
7981	311	3	0	1	0	315
7982	1	1	314	3	0	319
7983	293	0	2	1	0	296
7984	0	13	1	303	0	317
7985	2	333	0	2	0	337
7986	329	0	0	1	0	330
7987	2	2	337	0	0	341
7988	4	0	327	1	0	332
7989	0	327	1	1	0	329
7990	318	0	6	0	0	324
7991	0	0	0	315	0	315
7992	0	0	0	318	0	318
7993	321	0	0	2	0	323
7994	1	0	316	0	0	317
7995	0	0	0	325	0	325
7996	0	0	340	0	0	340
7997	0	0	0	339	0	339
7998	0	335	1	0	0	336
7999	0	0	0	347	0	347
8000	0	0	344	0	0	344
8001	316	0	1	2	0	319
8002	1	0	1	345	0	347
8003	1	1	341	0	0	343
8004	0	0	0	334	0	334
8005	0	0	0	337	0	337
8006	0	0	327	1	0	328
8007	0	0	321	0	0	321
8008	1	0	1	337	0	339
8009	0	0	349	0	0	349
8010	329	0	0	2	0	331
8011	0	0	1	348	0	349
8012	347	0	0	0	0	347
8013	0	0	344	1	0	345
8014	1	0	0	341	0	342
8015	0	0	358	0	0	358
8016	0	343	0	1	0	344
8017	1	0	337	0	0	338
8018	0	0	296	0	0	296
8019	288	0	1	2	0	291
8020	305	0	0	2	0	307
8021	1	0	319	0	0	320
8022	1	0	1	295	0	297
8023	1	0	1	313	0	315
8024	0	0	320	1	0	321
8025	0	311	0	1	0	312
8026	320	0	1	1	0	322
8027	0	2	326	0	0	328
8028	1	0	0	336	0	337
8029	0	0	0	339	0	339
8030	350	0	0	2	0	352
8031	354	0	0	2	0	356
8032	357	0	0	0	0	357
8033	350	0	0	2	0	352
8034	2	0	0	355	0	357
8035	0	0	369	1	0	370
8036	1	0	0	368	0	369
8037	0	0	0	365	0	365
8038	0	0	0	370	0	370
8039	0	0	373	2	0	375
8040	343	0	0	1	0	344
8041	2	0	1	363	0	366
8042	1	0	372	1	0	374
8043	0	372	1	1	0	374
8044	0	1	1	379	0	381
8045	1	0	0	380	0	381
8046	387	0	0	2	0	389
8047	1	384	0	0	0	385
8048	1	1	381	0	0	383
8049	0	1	1	378	0	380
8050	1	0	1	392	0	394
8051	391	0	0	3	0	394
8052	381	0	0	3	0	384
8053	2	0	0	390	0	392
8054	383	1	0	1	0	385
8055	2	381	0	1	0	384
8056	1	1	398	1	0	401
8057	0	1	1	403	0	405
8058	1	0	1	407	0	409
8059	0	0	1	409	0	410
8060	0	0	0	397	0	397
8061	0	394	1	2	0	397
8062	366	1	0	2	0	369
8063	2	1	0	378	0	381
8064	1	401	0	2	0	404
8065	396	1	0	1	0	398
8066	404	1	0	0	0	405
8067	2	412	0	1	0	415
8068	1	1	1	417	0	420
8069	0	1	0	418	0	419
8070	0	0	0	411	0	411
8071	0	0	0	415	0	415
8072	423	0	2	3	0	428
8073	435	1	0	2	0	438
8074	8	448	1	0	0	457
8075	2	9	452	0	0	463
8076	0	2	9	462	0	473
8077	452	0	2	12	0	466
8078	10	446	1	1	0	458
8079	3	455	0	2	0	460
8080	465	11	1	0	0	477
8081	478	3	0	0	0	481
8082	12	0	1	472	0	485
8083	3	0	492	9	0	504
8084	1	1	490	3	0	495
8085	493	0	10	2	0	505
8086	518	0	2	3	0	523
8087	507	0	1	1	0	509
8088	503	0	0	1	0	504
8089	503	0	0	1	0	504
8090	10	511	1	0	0	522
8091	5	9	1	497	0	512
8092	0	534	0	7	0	541
8093	553	8	0	2	0	563
8094	554	2	0	2	0	558
8095	554	2	0	1	0	557
8096	546	0	1	0	0	547
8097	12	538	1	2	0	553
8098	538	9	0	3	0	550
8099	10	539	1	0	0	550
8100	4	9	1	545	0	559
8101	538	1	0	10	0	549
8102	14	0	559	1	0	574
8103	3	3	8	548	0	562
8104	2	0	2	574	0	578
8105	1	1	567	13	0	582
8106	2	561	9	2	0	574
8107	566	9	1	2	0	578
8108	566	3	0	2	0	571
8109	13	557	0	2	0	572
8110	5	10	0	564	0	579
8111	3	1	586	11	0	601
8112	1	616	10	2	0	629
8113	620	10	3	2	0	635
8114	11	1	630	0	0	642
8115	589	2	10	2	0	603
8116	621	0	1	4	0	626
8117	11	1	646	2	0	660
8118	3	652	11	1	0	667
8119	2	9	1	649	0	661
8120	2	2	671	11	0	686
8121	636	2	10	1	0	649
8122	661	4	1	1	0	667
8123	13	657	0	1	0	671
8124	5	9	1	669	0	684
8125	1	3	0	689	0	693
8126	2	1	680	12	0	695
8127	1	688	11	2	0	702
8128	693	9	1	3	0	706
8129	703	3	0	6	0	712
8130	706	0	2	4	0	712
8131	12	2	692	0	0	706
8132	693	1	9	3	0	706
8133	707	1	2	4	0	714
8134	12	2	1	706	0	721
8135	3	3	689	9	0	704
8136	4	4	9	678	0	695
8137	4	1	705	10	0	720
8138	3	1	8	688	0	700
8139	1	696	3	10	0	710
8140	1	718	1	3	0	723
8141	3	9	1	722	0	735
8142	3	3	1	701	0	708
8143	711	1	2	13	0	727
8144	11	1	717	2	0	731
8145	697	0	10	3	0	710
8146	10	703	2	1	0	716
8147	718	10	2	2	0	732
8148	726	2	2	3	0	733
8149	11	3	1	712	0	727
8150	5	0	734	11	0	750
8151	3	0	11	729	0	743
8152	2	778	2	10	0	792
8153	3	12	3	781	0	799
8154	2	2	2	791	0	797
8155	775	3	1	19	0	798
8156	18	2	1	760	0	781
8157	6	743	1	13	0	763
8158	3	12	1	763	0	779
8159	765	3	1	14	0	783
8160	13	767	2	3	0	785
8161	5	10	1	785	0	801
8162	1	3	0	795	0	799
8163	4	0	1	809	0	814
8164	4	0	1	803	0	808
8165	804	1	1	21	0	827
8166	12	1	2	839	0	854
8167	3	0	0	857	0	860
8168	3	1	0	864	0	868
8169	0	864	0	23	0	887
8170	851	18	0	11	0	880
8171	22	5	852	6	0	885
8172	8	855	11	5	0	879
8173	835	12	6	4	0	857
8174	13	5	848	1	0	867
8175	5	849	9	3	0	866
8176	2	16	4	837	0	859
8177	3	864	2	11	0	880
8178	2	12	839	6	0	859
8179	3	6	847	3	0	859
8180	2	841	15	2	0	860
8181	837	13	8	5	0	863
8182	842	7	5	0	0	854
8183	16	3	805	2	0	826
8184	9	5	773	1	0	788
8185	5	2	801	3	0	811
8186	3	4	19	784	0	810
8187	2	3	11	793	0	809
8188	6	1	6	813	0	826
8189	1	3	818	17	0	839
8190	3	2	14	788	0	807
8191	7	1	6	806	0	820
8192	2	3	784	17	0	806
8193	760	0	17	9	0	786
8194	10	0	12	805	0	827
8195	7	3	3	804	0	817
8196	6	808	1	18	0	833
8197	818	12	1	17	0	848
8198	12	7	812	10	0	841
8199	805	2	13	10	0	830
8200	15	6	6	813	0	840
8201	9	2	820	16	0	847
8202	10	0	15	797	0	822
8203	799	4	9	22	0	834
8204	15	3	798	14	0	830
8205	781	4	16	8	0	809
8206	804	2	10	8	0	824
8207	808	2	8	7	0	825
8208	26	783	5	4	0	818
8209	17	14	3	807	0	841
8210	849	5	5	15	0	874
8211	832	5	5	13	0	855
8212	836	4	3	5	0	848
8213	29	0	815	6	0	850
8214	832	0	17	5	0	854
8215	24	3	9	882	0	918
8216	14	2	879	20	0	915
8217	13	4	20	895	0	932
8218	10	3	6	909	0	928
8219	6	2	909	34	0	951
8220	9	1	24	901	0	935
8221	10	5	10	946	0	971
8222	9	0	1081	38	0	1128
8223	1177	2	33	21	0	1233
8224	1348	3	19	17	0	1387
8225	51	2	11	1371	0	1435
8226	30	3	1357	49	0	1439
8227	22	3	44	1324	0	1393
8228	24	1319	24	51	0	1418
8229	23	34	12	1331	0	1400
8230	11	16	17	1363	0	1407
8231	1309	9	15	74	0	1407
8232	1329	12	10	43	0	1394
8233	1356	11	11	32	0	1410
8234	76	3	6	1330	0	1415
8235	39	4	8	1369	0	1420
8236	29	7	1311	68	0	1415
8237	37	4	44	1262	0	1347
8238	23	1283	20	64	0	1390
8239	1292	41	10	50	0	1393
8240	47	1277	14	30	0	1368
8241	1313	44	14	28	0	1399
8242	62	30	9	1236	0	1337
8243	42	1277	7	51	0	1377
8244	1288	50	9	40	0	1387
8245	1327	30	11	21	0	1389
8246	73	11	6	1275	0	1365
8247	38	1270	9	61	0	1378
8248	32	52	9	1293	0	1386
8249	30	29	1244	63	0	1366
8250	1232	14	44	46	0	1336
8251	55	1254	21	32	0	1362
8252	1226	50	8	30	0	1314
8253	60	22	18	1219	0	1319
8254	1259	15	15	50	0	1339
8255	71	17	1236	30	0	1354
8256	1293	11	39	31	0	1374
8257	1294	17	29	23	0	1363
8258	75	11	1275	33	0	1394
8259	59	14	50	1265	0	1388
8260	48	8	31	1305	0	1392
8261	1287	16	16	67	0	1386
8262	71	1248	22	43	0	1384
8263	39	44	18	1248	0	1349
8264	32	26	1199	70	0	1327
8265	29	14	1204	47	0	1294
8266	29	1161	48	35	0	1273
8267	25	42	1158	38	0	1263
8268	1120	26	55	29	0	1230
8269	48	16	37	1116	0	1217
8270	1136	14	23	50	0	1223
8271	57	14	1112	30	0	1213
8272	34	23	49	1104	0	1210
8273	36	10	20	1157	0	1223
8274	32	12	1090	68	0	1202
8275	34	9	48	1101	0	1192
8276	1086	17	29	55	0	1187
8277	1111	6	15	55	0	1187
8278	65	10	24	1092	0	1191
8279	1086	5	24	64	0	1179
8280	1105	12	12	45	0	1174
8281	82	1053	18	30	0	1183
8282	61	39	10	1065	0	1175
8283	1083	22	6	63	0	1174
8284	63	11	19	1068	0	1161
8285	1060	15	21	54	0	1150
8286	55	21	19	1062	0	1157
8287	49	16	1029	57	0	1151
8288	33	1027	38	48	0	1146
8289	44	34	19	891	0	988
8290	39	1019	17	50	0	1125
8291	1029	40	16	36	0	1121
8292	49	1010	22	34	0	1115
8293	36	1003	16	30	0	1085
8294	30	50	11	987	0	1078
8295	971	33	17	51	0	1072
8296	52	19	13	985	0	1069
8297	969	33	8	48	0	1058
8298	981	24	5	42	0	1052
8299	66	957	11	32	0	1066
8300	986	41	11	34	0	1072
8301	997	22	11	32	0	1062
8302	1014	23	14	15	0	1066
8303	74	22	935	18	0	1049
8304	54	20	29	944	0	1047
8305	59	10	17	970	0	1056
8306	45	13	894	59	0	1011
8307	954	13	37	41	0	1045
8308	984	5	33	34	0	1056
8309	977	17	17	34	0	1045
8310	930	14	14	43	0	1001
8311	79	885	14	22	0	1000
8312	916	30	9	17	0	972
8313	73	29	10	862	0	974
8314	65	14	772	39	0	890
8315	812	10	23	31	0	876
8316	68	793	15	15	0	891
8317	769	27	13	24	0	833
8318	54	734	11	24	0	823
8319	38	706	10	26	0	780
8320	37	716	6	16	0	775
8321	34	698	7	20	0	759
8322	31	35	491	18	0	575
8323	15	50	15	351	0	431
8324	7	1	261	8	0	277
8325	200	7	5	4	0	216
8326	7	201	2	3	0	213
8327	4	203	2	3	0	212
8328	1	4	4	201	0	210
8329	3	5	0	206	0	214
8330	3	4	201	6	0	214
8331	4	4	199	4	0	211
8332	5	4	2	199	0	210
8333	4	3	200	5	0	212
8334	2	196	3	4	0	205
8335	5	2	3	189	0	199
8336	4	5	3	206	0	218
8337	4	2	206	4	0	216
8338	5	1	3	201	0	210
8339	211	0	1	4	0	216
8340	3	4	3	208	0	218
8341	3	2	4	196	0	205
8342	2	0	195	9	0	206
8343	182	1	4	7	0	194
8344	3	199	4	3	0	209
8345	5	1	1	203	0	210
8346	5	3	196	3	0	207
8347	7	1	3	197	0	208
8348	200	4	1	3	0	208
8349	7	3	197	2	0	209
8350	6	1	1	196	0	204
8351	2	1	206	5	0	214
8352	3	202	3	5	0	213
8353	5	1	201	2	0	209
8354	3	181	1	4	0	189
8355	4	1	160	2	0	167
8356	2	6	0	130	0	138
8357	1	132	0	1	0	134
8358	127	1	1	2	0	131
8359	1	1	1	125	0	128
8360	123	1	0	3	0	127
8361	0	1	0	136	0	137
8362	1	0	2	141	0	144
8363	140	0	0	3	0	143
8364	141	0	0	1	0	142
8365	3	0	0	144	0	147
8366	1	0	142	2	0	145
8367	0	144	3	0	0	147
8368	3	2	143	0	0	148
8369	1	140	1	1	0	143
8370	140	2	0	1	0	143
8371	7	0	137	0	0	144
8372	0	0	140	2	0	142
8373	1	0	2	138	0	141
8374	144	0	2	2	0	148
8375	3	0	150	1	0	154
8376	1	163	2	0	0	166
8377	168	4	0	1	0	173
8378	177	0	1	0	0	178
8379	179	2	0	0	0	181
8380	183	0	1	0	0	184
8381	180	0	0	2	0	182
8382	2	2	188	0	0	192
8383	1	0	2	186	0	189
8384	0	187	0	2	0	189
8385	194	2	0	2	0	198
8386	2	194	0	1	0	197
8387	191	2	0	2	0	195
8388	197	0	0	0	0	197
8389	3	190	0	0	0	193
8390	201	2	0	1	0	204
8391	2	0	1	201	0	204
8392	0	1	0	204	0	205
8393	0	0	195	2	0	197
8394	0	198	2	0	0	200
8395	1	2	0	195	0	198
8396	2	4	1	196	0	203
8397	1	0	1	199	0	201
8398	0	1	193	4	0	198
8399	178	0	3	0	0	181
8400	2	1	1	195	0	199
8401	194	1	1	2	0	198
8402	3	1	0	193	0	197
8403	2	0	203	2	0	207
8404	2	0	196	0	0	198
8405	198	0	3	0	0	201
8406	206	0	0	2	0	208
8407	3	202	1	0	0	206
8408	0	1	202	1	0	204
8409	4	2	2	199	0	207
8410	5	0	1	149	0	155
8411	214	1	0	2	0	217
8412	213	0	0	0	0	213
8413	213	1	0	0	0	214
8414	3	2	208	0	0	213
8415	217	1	3	3	0	224
8416	3	0	0	223	0	226
8417	0	1	1	223	0	225
8418	1	0	2	222	0	225
8419	0	220	0	3	0	223
8420	216	2	0	1	0	219
8421	3	1	1	214	0	219
8422	0	2	218	3	0	223
8423	2	0	3	213	0	218
8424	2	218	1	3	0	224
8425	220	2	0	2	0	224
8426	4	0	1	216	0	221
8427	1	0	0	221	0	222
8428	0	0	223	3	0	226
8429	1	0	3	221	0	225
8430	1	223	1	2	0	227
8431	3	2	1	228	0	234
8432	1	2	238	2	0	243
8433	219	0	2	1	0	222
8434	237	0	0	1	0	238
8435	2	240	0	1	0	243
8436	238	2	1	0	0	241
8437	237	0	1	1	0	239
8438	2	242	0	1	0	245
8439	2	3	1	243	0	249
8440	251	2	0	2	0	255
8441	2	266	1	0	0	269
8442	0	2	264	2	0	268
8443	260	0	2	3	0	265
8444	273	0	1	0	0	274
8445	268	0	0	0	0	268
8446	269	0	0	1	0	270
8447	2	272	1	0	0	275
8448	277	2	0	1	0	280
8449	282	0	1	1	0	284
8450	281	0	1	1	0	283
8451	4	0	0	285	0	289
8452	280	1	0	3	0	284
8453	4	298	0	0	0	302
8454	0	3	315	1	0	319
8455	0	0	4	310	0	314
8456	313	0	0	6	0	319
8457	4	1	321	0	0	326
8458	3	2	3	309	0	317
8459	2	0	315	4	0	321
8460	1	308	5	3	0	317
8461	5	2	1	302	0	310
8462	1	3	305	3	0	312
8463	0	302	1	2	0	305
8464	0	2	3	310	0	315
8465	320	3	0	3	0	326
8466	322	0	0	2	0	324
8467	324	2	3	0	0	329
8468	320	2	2	1	0	325
8469	318	1	1	4	0	324
8470	5	1	335	0	0	341
8471	329	0	3	2	0	334
8472	339	0	1	2	0	342
8473	3	1	3	338	0	345
8474	340	2	0	3	0	345
8475	323	0	3	2	0	328
8476	3	325	2	0	0	330
8477	2	3	0	323	0	328
8478	0	0	1	317	0	318
8479	317	1	0	1	0	319
8480	5	303	1	1	0	310
8481	3	303	0	0	0	306
8482	4	1	0	307	0	312
8483	3	0	0	299	0	302
8484	4	0	2	296	0	302
8485	2	2	0	302	0	306
8486	301	3	1	1	0	306
8487	290	0	0	5	0	295
8488	4	1	301	3	0	309
8489	2	0	1	299	0	302
8490	2	3	0	293	0	298
8491	3	1	290	2	0	296
8492	280	2	1	2	0	285
8493	3	287	2	2	0	294
8494	290	3	0	5	0	298
8495	3	1	0	302	0	306
8496	1	3	307	3	0	314
8497	6	2	1	308	0	317
8498	1	3	323	5	0	332
8499	2	321	0	3	0	326
8500	318	1	0	6	0	325
8501	325	0	3	2	0	330
8502	4	325	2	2	0	333
8503	2	1	2	320	0	325
8504	314	2	2	2	0	320
8505	3	307	3	2	0	315
8506	4	1	1	321	0	327
8507	320	4	2	3	0	329
8508	5	0	310	2	0	317
8509	307	3	1	2	0	313
8510	4	305	2	0	0	311
8511	308	1	0	6	0	315
8512	304	1	5	0	0	310
8513	1	2	304	3	0	310
8514	5	0	3	303	0	311
8515	2	5	0	305	0	312
8516	3	2	306	2	0	313
8517	6	0	1	297	0	304
8518	3	2	2	270	0	277
8519	307	2	0	4	0	313
8520	307	1	0	4	0	312
8521	4	2	2	304	0	312
8522	1	1	307	5	0	314
8523	4	0	2	303	0	309
8524	2	2	2	307	0	313
8525	6	0	314	2	0	322
8526	4	2	2	307	0	315
8527	311	0	4	1	0	316
8528	311	0	0	5	0	316
8529	1	306	3	4	0	314
8530	318	1	4	2	0	325
8531	322	0	0	7	0	329
8532	3	316	3	2	0	324
8533	319	1	0	3	0	323
8534	315	2	1	4	0	322
8535	322	0	1	3	0	326
8536	5	0	313	1	0	319
8537	313	2	1	4	0	320
8538	3	0	2	329	0	334
8539	324	1	2	4	0	331
8540	5	0	318	4	0	327
8541	2	305	7	0	0	314
8542	316	3	0	3	0	322
8543	7	321	0	2	0	330
8544	6	3	0	316	0	325
8545	3	2	1	337	0	343
8546	341	4	1	4	0	350
8547	335	0	0	0	0	335
8548	7	5	326	1	0	339
8549	4	0	294	2	0	300
8550	2	0	315	2	0	319
8551	7	1	3	311	0	322
8552	2	0	311	4	0	317
8553	1	0	293	0	0	294
8554	6	1	3	289	0	299
8555	314	0	2	4	0	320
8556	310	0	1	0	0	311
8557	304	1	1	2	0	308
8558	311	1	0	1	0	313
8559	5	1	0	307	0	313
8560	0	1	0	310	0	311
8561	1	0	325	5	0	331
8562	1	2	4	311	0	318
8563	4	1	1	293	0	299
8564	319	0	1	5	0	325
8565	320	0	2	2	0	324
8566	4	0	3	313	0	320
8567	317	0	2	5	0	324
8568	320	0	1	2	0	323
8569	4	0	3	329	0	336
8570	2	0	1	322	0	325
8571	3	0	318	4	0	325
8572	2	0	310	2	0	314
8573	3	0	3	313	0	319
8574	3	0	2	316	0	321
8575	3	0	319	5	0	327
8576	294	0	3	4	0	301
8577	305	0	0	3	0	308
8578	4	0	307	1	0	312
8579	1	313	3	2	0	319
8580	322	3	2	2	0	329
8581	5	0	340	2	0	347
8582	1	1	3	342	0	347
8583	3	0	1	347	0	351
8584	364	0	2	5	0	371
8585	373	0	0	4	0	377
8586	5	0	1	384	0	390
8587	3	0	0	400	0	403
8588	401	0	2	6	0	409
8589	402	1	2	4	0	409
8590	406	1	2	5	0	414
8591	5	0	406	2	0	413
8592	3	2	3	407	0	415
8593	4	0	0	420	0	424
8594	419	0	3	4	0	426
8595	5	414	2	1	0	422
8596	440	4	1	2	0	447
8597	6	435	4	1	0	446
8598	2	5	3	461	0	471
8599	4	0	1	466	0	471
8600	0	1	473	10	0	484
8601	5	0	8	466	0	479
8602	4	1	472	10	0	487
8603	6	0	8	473	0	487
8604	5	0	2	464	0	471
8605	2	454	1	11	0	468
8606	4	460	1	6	0	471
8607	7	7	1	465	0	480
8608	2	3	1	491	0	497
8609	4	1	0	495	0	500
8610	1	1	4	495	0	501
8611	1	0	0	503	0	504
8612	0	1	490	15	0	506
8613	5	0	10	482	0	497
8614	2	2	0	495	0	499
8615	2	1	474	10	0	487
8616	1	477	7	5	0	490
8617	1	8	2	488	0	499
8618	0	1	481	12	0	494
8619	0	482	11	3	0	496
8620	2	7	1	491	0	501
8621	490	1	4	14	0	509
8622	9	1	1	491	0	502
8623	2	2	0	503	0	507
8624	1	2	1	500	0	504
8625	1	1	3	493	0	498
8626	2	469	1	17	0	489
8627	1	7	2	490	0	500
8628	501	1	3	14	0	519
8629	10	3	1	507	0	521
8630	1	1	2	506	0	510
8631	3	1	4	509	0	517
8632	490	2	1	16	0	509
8633	496	0	2	9	0	507
8634	13	1	2	494	0	510
8635	475	1	2	14	0	492
8636	490	2	0	6	0	498
8637	9	485	2	7	0	503
8638	492	9	0	9	0	510
8639	10	502	0	5	0	517
8640	1	498	0	6	0	505
8641	4	7	0	507	0	518
8642	1	1	500	12	0	514
8643	5	1	6	490	0	502
8644	2	0	3	490	0	495
8645	3	472	2	7	0	484
8646	475	6	0	6	0	487
8647	9	1	0	479	0	489
8648	2	1	500	8	0	511
8649	3	2	4	484	0	493
8650	1	503	1	8	0	513
8651	499	6	2	4	0	511
8652	6	3	1	505	0	515
8653	1	2	517	8	0	528
8654	4	1	5	506	0	516
8655	1	485	1	7	0	494
8656	3	7	1	491	0	502
8657	507	0	1	9	0	517
8658	505	1	2	5	0	513
8659	506	2	1	8	0	517
8660	5	524	1	5	0	535
8661	517	5	2	1	0	525
8662	7	1	0	535	0	543
8663	530	2	3	8	0	543
8664	8	529	1	4	0	542
8665	2	8	0	529	0	539
8666	5	2	539	7	0	553
8667	506	1	4	12	0	523
8668	9	535	1	2	0	547
8669	4	6	1	536	0	547
8670	4	3	1	539	0	547
8671	4	2	1	533	0	540
8672	4	2	0	525	0	531
8673	4	534	3	5	0	546
8674	535	7	0	5	0	547
8675	536	2	1	10	0	549
8676	8	2	536	3	0	549
8677	4	3	6	537	0	550
8678	3	3	525	8	0	539
8679	510	1	8	1	0	520
8680	517	3	0	6	0	526
8681	492	0	4	8	0	504
8682	9	0	1	500	0	510
8683	1	494	1	10	0	506
8684	489	5	0	7	0	501
8685	9	1	0	488	0	498
8686	470	2	3	9	0	484
8687	8	1	454	5	0	468
8688	0	3	433	5	0	441
8689	447	0	5	4	0	456
8690	11	2	2	440	0	455
8691	447	0	1	7	0	455
8692	10	443	1	4	0	458
8693	445	7	2	5	0	459
8694	453	2	0	3	0	458
8695	8	3	441	5	0	457
8696	8	1	410	1	0	420
8697	5	415	6	2	0	428
8698	5	1	2	395	0	403
8699	399	0	2	6	0	407
8700	3	2	2	388	0	395
8701	2	1	1	397	0	401
8702	2	1	392	2	0	397
8703	379	1	2	4	0	386
8704	3	2	0	399	0	404
8705	2	0	395	3	0	400
8706	2	0	391	2	0	395
8707	0	0	3	385	0	388
8708	1	1	387	0	0	389
8709	0	2	377	2	0	381
8710	3	0	1	361	0	365
8711	2	0	397	1	0	400
8712	0	1	2	389	0	392
8713	0	385	2	4	0	391
8714	405	0	5	0	0	410
8715	3	408	0	3	0	414
8716	2	2	2	401	0	407
8717	0	407	1	3	0	411
8718	1	2	419	3	0	425
8719	1	2	5	511	0	519
8720	2	2	625	11	0	640
8721	648	1	13	8	0	670
8722	13	689	4	2	0	708
8723	691	13	4	3	0	711
8724	15	4	4	687	0	710
8725	699	2	5	10	0	716
8726	19	4	686	4	0	713
8727	9	700	11	5	0	725
8728	689	13	4	8	0	714
8729	21	6	1	657	0	685
8730	10	680	6	9	0	705
8731	5	16	6	689	0	716
8732	693	11	3	14	0	721
8733	20	747	1	9	0	777
8734	749	22	1	9	0	781
8735	20	10	747	5	0	782
8736	749	2	17	11	0	779
8737	27	7	4	743	0	781
8738	726	7	5	19	0	757
8739	28	712	4	8	0	752
8740	12	17	6	715	0	750
8741	14	5	3	742	0	764
8742	7	6	716	26	0	755
8743	12	5	17	711	0	745
8744	6	5	7	734	0	752
8745	4	6	3	755	0	768
8746	5	1	5	757	0	768
8747	3	0	729	30	0	762
8748	4	698	17	20	0	739
8749	5	15	6	723	0	749
8750	713	4	4	29	0	750
8751	720	7	5	15	0	747
8752	21	700	7	10	0	738
8753	689	23	3	12	0	727
8754	708	6	6	11	0	731
8755	709	3	1	12	0	725
8756	29	694	4	5	0	732
8757	676	23	7	6	0	712
8758	31	7	2	655	0	695
8759	19	4	649	22	0	694
8760	11	645	17	10	0	683
8761	13	28	9	630	0	680
8762	9	9	631	22	0	671
8763	634	3	19	14	0	670
8764	24	8	10	629	0	671
8765	11	7	5	642	0	665
8766	5	6	7	637	0	655
8767	11	4	6	638	0	659
8768	10	3	610	29	0	652
8769	594	1	19	20	0	634
8770	18	618	5	18	0	659
8771	610	17	2	19	0	648
8772	23	609	8	15	0	655
8773	629	18	10	5	0	662
8774	27	14	4	620	0	665
8775	17	8	620	23	0	668
8776	13	5	638	11	0	667
8777	16	8	23	630	0	677
8778	12	6	9	649	0	676
8779	7	8	7	665	0	687
8780	637	5	9	28	0	679
8781	25	1	645	17	0	688
8782	13	14	19	603	0	649
8783	5	645	9	27	0	686
8784	640	19	2	20	0	681
8785	28	11	641	8	0	688
8786	14	641	24	12	0	691
8787	6	21	647	12	0	686
8788	14	13	22	648	0	697
8789	15	4	645	26	0	690
8790	6	10	648	11	0	675
8791	11	11	28	652	0	702
8792	5	4	650	32	0	691
8793	8	5	662	16	0	691
8794	10	7	33	643	0	693
8795	642	4	14	30	0	690
8796	22	5	646	17	0	690
8797	11	3	29	637	0	680
8798	5	6	12	654	0	677
8799	632	2	11	32	0	677
8800	25	4	11	639	0	679
8801	627	4	10	32	0	673
8802	22	625	7	21	0	675
8803	15	16	7	640	0	678
8804	624	7	6	34	0	671
8805	641	4	4	20	0	669
8806	32	7	4	630	0	673
8807	15	5	623	26	0	669
8808	610	4	19	17	0	650
8809	30	619	9	8	0	666
8810	602	20	5	14	0	641
8811	620	7	9	11	0	647
8812	629	4	8	11	0	652
8813	33	9	597	9	0	648
8814	18	611	23	7	0	659
8815	18	16	10	601	0	645
8816	19	10	5	622	0	656
8817	12	4	600	30	0	646
8818	10	569	18	12	0	609
8819	6	473	5	9	0	493
8820	2	377	3	9	0	391
8821	317	12	14	6	0	349
8822	7	2	2	306	0	317
8823	4	2	3	307	0	316
8824	3	2	317	7	0	329
8825	298	3	4	3	0	308
8826	8	1	2	309	0	320
8827	4	1	1	307	0	313
8828	1	1	302	8	0	312
8829	0	298	7	3	0	308
8830	3	3	1	299	0	306
8831	3	1	303	5	0	312
8832	1	289	5	2	0	297
8833	235	2	2	1	0	240
8834	5	1	246	0	0	252
8835	1	0	2	231	0	234
8836	0	239	2	2	0	243
8837	240	2	0	1	0	243
8838	2	0	0	244	0	246
8839	245	0	0	4	0	249
8840	243	0	1	0	0	244
8841	1	242	0	0	0	243
8842	248	2	0	2	0	252
8843	259	1	0	1	0	261
8844	3	0	272	0	0	275
8845	264	0	1	4	0	269
8846	1	0	265	1	0	267
8847	256	1	2	0	0	259
8848	269	1	0	0	0	270
8849	3	0	275	1	0	279
8850	1	0	2	281	0	284
8851	1	1	290	1	0	293
8852	1	0	265	0	0	266
8853	0	2	286	0	0	288
8854	2	0	0	282	0	284
8855	0	0	0	310	0	310
8856	0	0	0	306	0	306
8857	1	0	1	305	0	307
8858	1	0	319	0	0	320
8859	3	0	0	315	0	318
8860	0	293	0	0	0	293
8861	0	0	345	0	0	345
8862	0	1	0	338	0	339
8863	0	0	347	1	0	348
8864	0	337	1	2	0	340
8865	0	349	1	2	0	352
8866	3	1	0	345	0	349
8867	0	2	343	1	0	346
8868	2	0	335	1	0	338
8869	1	2	1	337	0	341
8870	1	0	1	339	0	341
8871	1	0	0	342	0	343
8872	2	1	345	1	0	349
8873	1	333	1	2	0	337
8874	0	347	1	0	0	348
8875	2	2	0	352	0	356
8876	1	2	336	1	0	340
8877	1	0	333	1	0	335
8878	1	342	2	0	0	345
8879	340	1	2	2	0	345
8880	2	355	1	0	0	358
8881	3	1	362	0	0	366
8882	364	1	1	1	0	367
8883	4	0	1	381	0	386
8884	395	0	2	2	0	399
8885	3	1	1	391	0	396
8886	1	0	1	391	0	393
8887	387	1	0	5	0	393
8888	4	400	0	2	0	406
8889	1	4	406	2	0	413
8890	0	414	4	1	0	419
8891	406	3	3	3	0	415
8892	4	406	0	0	0	410
8893	409	3	0	2	0	414
8894	404	1	1	5	0	411
8895	4	406	1	1	0	412
8896	1	2	1	406	0	410
8897	402	1	0	5	0	408
8898	400	1	0	1	0	402
8899	6	0	0	402	0	408
8900	1	0	400	3	0	404
8901	1	1	394	1	0	397
8902	2	0	5	404	0	411
8903	0	0	408	5	0	413
8904	390	0	3	4	0	397
8905	3	398	1	2	0	404
8906	2	4	0	413	0	419
8907	1	2	0	414	0	417
8908	2	0	1	408	0	411
8909	0	0	2	403	0	405
8910	1	0	0	414	0	415
8911	0	1	402	5	0	408
8912	0	393	6	4	0	403
8913	402	4	1	1	0	408
8914	4	2	0	392	0	398
8915	2	0	0	402	0	404
8916	2	0	0	398	0	400
8917	0	396	0	7	0	403
8918	0	4	0	408	0	412
8919	0	2	1	417	0	420
8920	408	1	0	7	0	416
8921	6	398	0	2	0	406
8922	2	410	0	1	0	413
8923	1	5	0	412	0	418
8924	398	2	0	7	0	407
8925	5	1	409	2	0	417
8926	387	0	5	3	0	395
8927	6	0	422	1	0	429
8928	3	0	5	423	0	431
8929	1	1	1	442	0	445
8930	0	0	0	432	0	432
8931	1	0	0	438	0	439
8932	1	0	0	431	0	432
8933	429	0	1	8	0	438
8934	6	0	422	2	0	430
8935	3	0	6	431	0	440
8936	0	0	431	6	0	437
8937	0	434	6	2	0	442
8938	432	5	2	1	0	440
8939	6	2	444	1	0	453
8940	3	0	6	447	0	456
8941	2	0	2	458	0	462
8942	0	0	451	9	0	460
8943	0	0	445	4	0	449
8944	0	0	10	400	0	410
8945	440	1	2	7	0	450
8946	445	0	0	3	0	448
8947	9	437	1	0	0	447
8948	452	6	0	1	0	459
8949	6	4	1	421	0	432
8950	4	444	1	6	0	455
8951	0	6	1	454	0	461
8952	1	3	460	7	0	471
8953	2	0	7	441	0	450
8954	2	0	3	451	0	456
8955	438	0	0	11	0	449
8956	8	441	0	2	0	451
8957	448	7	1	3	0	459
8958	5	435	0	0	0	440
8959	419	6	0	2	0	427
8960	7	418	2	2	0	429
8961	4	416	1	1	0	422
8962	418	9	0	1	0	428
8963	8	4	1	408	0	421
8964	3	417	0	10	0	430
8965	424	6	0	4	0	434
8966	429	4	0	4	0	437
8967	436	0	0	1	0	437
8968	430	0	1	1	0	432
8969	10	437	1	0	0	448
8970	4	6	1	446	0	457
8971	1	3	1	462	0	467
8972	456	1	1	7	0	465
8973	6	2	0	453	0	461
8974	450	0	0	8	0	458
8975	6	0	430	4	0	440
8976	430	0	5	2	0	437
8977	5	1	446	1	0	453
8978	5	0	9	441	0	455
8979	442	0	4	6	0	452
8980	6	446	0	4	0	456
8981	420	5	0	1	0	426
8982	7	398	4	0	0	409
8983	3	5	1	446	0	455
8984	2	3	435	4	0	444
8985	411	0	5	5	0	421
8986	3	427	3	1	0	434
8987	5	4	0	433	0	442
8988	0	4	2	430	0	436
8989	2	0	0	424	0	426
8990	0	1	419	7	0	427
8991	1	417	4	5	0	427
8992	419	4	5	0	0	428
8993	408	3	0	1	0	412
8994	7	409	1	0	0	417
8995	424	3	0	2	0	429
8996	4	5	0	421	0	430
8997	4	413	1	3	0	421
8998	420	3	1	4	0	428
8999	3	3	415	1	0	422
9000	6	411	3	1	0	421
9001	2	2	4	419	0	427
9002	1	4	0	423	0	428
9003	2	1	406	5	0	414
9004	3	0	2	407	0	412
9005	0	3	414	2	0	419
9006	1	0	2	411	0	414
9007	0	2	4	418	0	424
9008	3	0	0	422	0	425
9009	0	1	0	426	0	427
9010	2	1	412	4	0	419
9011	1	2	438	3	0	444
9012	2	492	5	1	0	500
9013	0	6	3	548	0	557
9014	2	2	562	6	0	572
9015	2	553	6	2	0	563
9016	1	12	4	560	0	577
9017	2	3	611	6	0	622
9018	579	2	8	3	0	592
9019	644	1	3	2	0	650
9020	13	0	1	636	0	650
9021	5	0	637	8	0	650
9022	5	0	8	629	0	642
9023	635	0	3	9	0	647
9024	8	657	2	3	0	670
9025	666	8	0	4	0	678
9026	676	3	2	3	0	684
9027	15	2	0	649	0	666
9028	5	0	0	668	0	673
9029	3	1	1	657	0	662
9030	2	0	1	653	0	656
9031	1	1	0	648	0	650
9032	647	0	1	15	0	663
9033	647	0	2	9	0	658
9034	654	0	0	4	0	658
9035	14	1	615	1	0	631
9036	625	0	8	3	0	636
9037	10	1	4	620	0	635
9038	3	0	614	8	0	625
9039	3	605	8	3	0	619
9040	0	10	5	597	0	612
9041	1	1	2	600	0	604
9042	1	616	2	10	0	629
9043	1	7	0	646	0	654
9044	1	2	643	11	0	657
9045	2	2	650	3	0	657
9046	4	1	10	651	0	666
9047	650	0	2	12	0	664
9048	649	0	3	3	0	655
9049	12	0	644	4	0	660
9050	8	586	9	2	0	605
9051	2	626	3	3	0	634
9052	610	11	2	1	0	624
9053	14	5	605	4	0	628
9054	8	1	12	604	0	625
9055	603	4	4	13	0	624
9056	12	582	3	9	0	606
9057	5	598	0	7	0	610
9058	592	12	1	7	0	612
9059	14	2	0	599	0	615
9060	616	1	1	15	0	633
9061	14	2	1	688	0	705
9062	6	1	1	702	0	710
9063	7	0	707	16	0	730
9064	5	1	11	734	0	751
9065	5	1	5	743	0	754
9066	744	3	5	19	0	771
9067	17	3	4	752	0	776
9068	7	1	750	21	0	779
9069	733	2	15	14	0	764
9070	15	3	4	752	0	774
9071	741	1	5	19	0	766
9072	13	702	8	9	0	732
9073	7	741	5	7	0	760
9074	735	14	3	13	0	765
9075	742	7	2	8	0	759
9076	22	5	4	729	0	760
9077	9	4	724	15	0	752
9078	7	7	16	722	0	752
9079	713	3	9	19	0	744
9080	17	706	5	14	0	742
9081	10	12	3	724	0	749
9082	716	5	5	16	0	742
9083	15	7	675	8	0	705
9084	682	8	13	6	0	709
9085	637	6	5	6	0	654
9086	23	1	686	5	0	715
9087	10	1	693	7	0	711
9088	11	2	18	671	0	702
9089	12	2	5	669	0	688
9090	3	682	8	18	0	711
9091	4	14	6	687	0	711
9092	3	4	678	24	0	709
9093	7	3	12	705	0	727
9094	5	2	7	723	0	737
9095	5	2	689	25	0	721
9096	6	668	16	20	0	710
9097	3	11	8	695	0	717
9098	7	6	3	708	0	724
9099	693	3	4	21	0	721
9100	16	3	2	700	0	721
9101	8	5	682	16	0	711
9102	676	1	14	10	0	701
9103	697	2	5	10	0	714
9104	699	1	6	9	0	715
9105	19	3	671	9	0	702
9106	8	4	16	666	0	694
9107	13	5	5	674	0	697
9108	11	2	5	677	0	695
9109	664	2	4	25	0	695
9110	16	662	7	15	0	700
9111	10	13	622	12	0	657
9112	7	581	15	10	0	613
9113	6	533	7	8	0	554
9114	4	530	4	8	0	546
9115	14	20	2	509	0	545
9116	6	7	518	12	0	543
9117	451	7	5	10	0	473
9118	12	474	6	5	0	497
9119	446	8	3	8	0	465
9120	13	454	4	5	0	476
9121	472	9	1	4	0	486
9122	6	464	5	5	0	480
9123	9	12	457	2	0	480
9124	7	5	6	448	0	466
9125	7	4	4	459	0	474
9126	449	3	2	15	0	469
9127	10	5	4	486	0	505
9128	9	0	496	13	0	518
9129	6	3	11	495	0	515
9130	6	1	490	16	0	513
9131	7	489	10	9	0	515
9132	5	10	8	467	0	490
9133	2	497	6	11	0	516
9134	494	9	3	7	0	513
9135	10	8	4	495	0	517
9136	11	6	490	10	0	517
9137	6	4	491	9	0	510
9138	485	2	18	5	0	510
9139	12	2	8	488	0	510
9140	5	4	490	15	0	514
9141	3	2	467	9	0	481
9142	5	472	13	8	0	498
9143	7	8	8	426	0	449
9144	2	430	6	10	0	448
9145	2	9	6	430	0	447
9146	428	6	5	13	0	452
9147	9	5	5	435	0	454
9148	8	3	1	432	0	444
9149	432	1	3	20	0	456
9150	12	3	3	469	0	487
9151	9	1	3	472	0	485
9152	6	472	1	20	0	499
9153	477	10	4	9	0	500
9154	485	3	2	10	0	500
9155	15	4	5	482	0	506
9156	14	4	1	485	0	504
9157	8	0	6	483	0	497
9158	7	457	4	20	0	488
9159	4	471	4	13	0	492
9160	4	11	2	465	0	482
9161	365	6	1	14	0	386
9162	367	1	2	10	0	380
9163	13	339	3	2	0	357
9164	307	8	1	4	0	320
9165	9	300	1	4	0	314
9166	4	304	1	2	0	311
9167	4	11	2	290	0	307
9168	284	2	0	8	0	294
9169	6	275	0	4	0	285
9170	2	279	1	2	0	284
9171	4	7	1	272	0	284
9172	1	2	0	280	0	283
9173	1	1	272	10	0	284
9174	269	2	4	3	0	278
9175	270	2	1	3	0	276
9176	8	1	270	0	0	279
9177	2	1	269	4	0	276
9178	3	1	6	273	0	283
9179	3	0	2	295	0	300
9180	1	286	1	7	0	295
9181	1	10	0	289	0	300
9182	0	4	297	10	0	311
9183	2	2	6	293	0	303
9184	4	0	1	302	0	307
9185	289	2	1	9	0	301
9186	9	1	291	3	0	304
9187	284	2	5	3	0	294
9188	8	2	285	1	0	296
9189	1	1	8	285	0	295
9190	3	0	280	9	0	292
9191	3	2	287	3	0	295
9192	0	4	10	278	0	292
9193	259	2	2	16	0	279
9194	263	0	4	4	0	271
9195	7	262	2	4	0	275
9196	265	8	1	2	0	276
9197	265	3	2	2	0	272
9198	11	258	4	2	0	275
9199	5	13	3	264	0	285
9200	4	1	1	279	0	285
9201	1	1	0	285	0	287
9202	2	2	3	282	0	289
9203	1	1	272	12	0	286
9204	269	2	9	3	0	283
9205	10	0	1	277	0	288
9206	3	1	3	273	0	280
9207	4	270	2	8	0	284
9208	3	9	2	274	0	288
9209	4	2	273	9	0	288
9210	265	5	6	2	0	278
9211	8	1	287	7	0	303
9212	3	2	11	276	0	292
9213	283	1	2	10	0	296
9214	7	290	1	6	0	304
9215	5	6	1	302	0	314
9216	4	1	298	9	0	312
9217	1	2	9	315	0	327
9218	318	1	3	13	0	335
9219	11	1	316	4	0	332
9220	2	3	308	4	0	317
9221	1	310	11	3	0	325
9222	305	6	4	5	0	320
9223	8	299	6	5	0	318
9224	5	5	294	3	0	307
9225	2	4	279	3	0	288
9226	3	278	4	5	0	290
9227	241	6	4	2	0	253
9228	8	233	3	2	0	246
9229	2	7	1	239	0	249
9230	2	0	3	240	0	245
9231	0	1	234	7	0	242
9232	3	1	8	231	0	243
9233	2	1	235	6	0	244
9234	230	1	6	3	0	240
9235	239	2	2	2	0	245
9236	241	2	2	4	0	249
9237	6	2	233	2	0	243
9238	234	2	7	1	0	244
9239	7	1	2	228	0	238
9240	2	238	1	5	0	246
9241	232	5	1	2	0	240
9242	7	1	219	3	0	230
9243	227	2	6	3	0	238
9244	239	0	2	3	0	244
9245	6	2	228	2	0	238
9246	1	224	5	4	0	234
9247	2	5	1	219	0	227
9248	2	2	227	4	0	235
9249	4	1	228	1	0	234
9250	2	7	4	187	0	200
9251	2	0	196	3	0	201
9252	2	2	4	193	0	201
9253	0	0	1	186	0	187
9254	1	1	1	202	0	205
9255	2	1	201	2	0	206
9256	0	1	4	199	0	204
9257	1	0	202	4	0	207
9258	2	0	4	199	0	205
9259	211	0	1	5	0	217
9260	6	1	1	208	0	216
9261	0	205	4	3	0	212
9262	1	4	1	210	0	216
9263	211	1	1	5	0	218
9264	5	216	0	2	0	223
9265	1	4	2	216	0	223
9266	216	0	1	5	0	222
9267	5	2	217	1	0	225
9268	3	1	4	217	0	225
9269	1	0	216	4	0	221
9270	0	4	221	1	0	226
9271	0	0	7	223	0	230
9272	221	0	2	7	0	230
9273	6	0	216	1	0	223
9274	211	0	6	4	0	221
9275	5	1	1	231	0	238
9276	3	0	233	5	0	241
9277	3	0	226	2	0	231
9278	2	1	223	1	0	227
9279	0	0	6	207	0	213
9280	211	0	0	4	0	215
9281	3	207	2	0	0	212
9282	0	2	0	199	0	201
9283	2	0	1	201	0	204
9284	200	0	1	4	0	205
9285	201	1	0	2	0	204
9286	5	200	0	1	0	206
9287	201	4	1	0	0	206
9288	204	1	0	0	0	205
9289	4	1	0	205	0	210
9290	1	1	199	5	0	206
9291	200	0	6	1	0	207
9292	4	0	1	204	0	209
9293	1	0	1	205	0	207
9294	204	1	1	6	0	212
9295	5	1	0	203	0	209
9296	2	0	0	208	0	210
9297	200	0	1	6	0	207
9298	5	209	2	0	0	216
9299	203	2	0	1	0	206
9300	3	0	199	2	0	204
9301	201	0	4	1	0	206
9302	5	0	0	202	0	207
9303	0	211	0	4	0	215
9304	0	3	0	211	0	214
9305	3	0	0	212	0	215
9306	0	1	0	217	0	218
9307	208	0	0	6	0	214
9308	5	207	1	0	0	213
9309	1	211	1	0	0	213
9310	201	4	1	1	0	207
9311	4	1	205	1	0	211
9312	2	1	204	1	0	208
9313	191	0	4	2	0	197
9314	4	1	204	2	0	211
9315	1	0	3	198	0	202
9316	3	1	7	178	0	189
9317	0	2	1	197	0	200
9318	2	0	0	196	0	198
9319	0	195	2	4	0	201
9320	1	4	0	206	0	211
9321	2	1	203	6	0	212
9322	1	2	7	200	0	210
9323	1	0	201	7	0	209
9324	1	0	199	3	0	203
9325	1	0	5	200	0	206
9326	2	1	204	3	0	210
9327	1	2	5	204	0	212
9328	209	1	2	7	0	219
9329	5	1	217	2	0	225
9330	202	4	3	4	0	213
9331	5	1	2	218	0	226
9332	2	0	220	5	0	227
9333	1	218	5	4	0	228
9334	0	4	4	227	0	235
9335	1	1	238	5	0	245
9336	1	2	4	237	0	244
9337	243	1	4	5	0	253
9338	245	1	1	3	0	250
9339	257	0	1	3	0	261
9340	8	0	5	259	0	272
9341	5	1	0	272	0	278
9342	1	1	2	280	0	284
9343	270	0	3	9	0	282
9344	5	277	0	4	0	286
9345	2	4	1	287	0	294
9346	2	1	2	296	0	301
9347	289	2	0	9	0	300
9348	7	286	1	6	0	300
9349	6	6	1	297	0	310
9350	302	2	0	9	0	313
9351	294	0	2	5	0	301
9352	10	2	1	289	0	302
9353	291	0	0	13	0	304
9354	13	2	2	282	0	299
9355	2	2	280	15	0	299
9356	6	1	8	281	0	296
9357	4	1	1	289	0	295
9358	5	1	1	293	0	300
9359	272	2	0	13	0	287
9360	8	265	1	9	0	283
9361	268	8	2	3	0	281
9362	10	268	1	5	0	284
9363	2	271	2	6	0	281
9364	270	8	1	6	0	285
9365	11	271	2	5	0	289
9366	3	10	2	270	0	285
9367	270	2	1	9	0	282
9368	271	4	1	8	0	284
9369	10	2	1	272	0	285
9370	6	1	1	274	0	282
9371	3	274	0	10	0	287
9372	275	8	0	6	0	289
9373	276	4	1	2	0	283
9374	12	273	1	2	0	288
9375	6	267	0	4	0	277
9376	2	12	1	268	0	283
9377	273	5	0	14	0	292
9378	16	1	0	273	0	290
9379	7	3	0	281	0	291
9380	4	2	262	13	0	281
9381	5	3	271	4	0	283
9382	0	3	9	280	0	292
9383	4	0	276	11	0	291
9384	3	273	8	5	0	289
9385	1	10	1	272	0	284
9386	4	1	3	280	0	288
9387	1	2	2	282	0	287
9388	4	3	267	10	0	284
9389	1	2	262	4	0	269
9390	257	4	7	5	0	273
9391	10	269	3	3	0	285
9392	266	6	1	5	0	278
9393	8	1	1	268	0	278
9394	265	1	4	8	0	278
9395	11	1	2	266	0	280
9396	3	268	1	10	0	282
9397	266	10	1	6	0	283
9398	10	2	262	4	0	278
9399	1	261	6	6	0	274
9400	266	6	1	4	0	277
9401	7	2	2	263	0	274
9402	3	267	2	6	0	278
9403	5	8	1	276	0	290
9404	275	3	2	11	0	291
9405	10	4	0	276	0	290
9406	277	1	0	9	0	287
9407	8	1	267	5	0	281
9408	5	2	6	272	0	285
9409	267	1	1	11	0	280
9410	9	2	266	4	0	281
9411	4	256	6	6	0	272
9412	4	6	3	252	0	265
9413	1	4	253	7	0	265
9414	2	0	257	6	0	265
9415	3	3	7	258	0	271
9416	2	2	255	8	0	267
9417	2	3	253	3	0	261
9418	2	0	6	235	0	243
9419	235	0	3	7	0	245
9420	8	1	3	233	0	245
9421	0	0	2	242	0	244
9422	3	0	237	7	0	247
9423	2	0	9	237	0	248
9424	241	1	2	9	0	253
9425	11	1	232	3	0	247
9426	0	243	7	5	0	255
9427	1	6	3	247	0	257
9428	239	0	3	9	0	251
9429	7	2	1	239	0	249
9430	3	239	2	5	0	249
9431	0	7	245	2	0	254
9432	2	3	6	242	0	253
9433	259	0	0	10	0	269
9434	9	1	248	4	0	262
9435	0	1	9	249	0	259
9436	259	2	3	8	0	272
9437	283	0	1	3	0	287
9438	10	283	2	3	0	298
9439	278	7	2	0	0	287
9440	8	2	7	268	0	285
9441	3	0	267	14	0	284
9442	5	260	7	1	0	273
9443	5	272	2	1	0	280
9444	2	14	0	255	0	271
9445	6	1	0	262	0	269
9446	1	0	246	13	0	260
9447	0	241	11	2	0	254
9448	1	253	1	0	0	255
9449	0	12	1	233	0	246
9450	227	1	0	12	0	240
9451	4	230	0	8	0	242
9452	2	3	7	235	0	247
9453	242	7	0	4	0	253
9454	3	7	0	244	0	254
9455	4	0	1	254	0	259
9456	7	0	1	249	0	257
9457	0	6	1	252	0	259
9458	246	1	1	10	0	258
9459	9	1	1	248	0	259
9460	1	0	249	12	0	262
9461	239	0	3	11	0	253
9462	3	0	242	8	0	253
9463	2	1	241	7	0	251
9464	6	1	5	246	0	258
9465	2	0	2	252	0	256
9466	3	0	5	255	0	263
9467	255	1	2	5	0	263
9468	3	1	258	2	0	264
9469	257	0	9	3	0	269
9470	259	0	1	7	0	267
9471	6	1	261	9	0	277
9472	256	2	2	7	0	267
9473	9	1	264	1	0	275
9474	3	267	8	2	0	280
9475	9	2	3	272	0	286
9476	6	1	4	278	0	289
9477	4	2	6	268	0	280
9478	6	1	2	269	0	278
9479	1	1	278	5	0	285
9480	0	7	264	3	0	274
9481	3	1	4	267	0	275
9482	0	0	266	11	0	277
9483	257	1	3	9	0	270
9484	269	1	2	7	0	279
9485	6	2	7	265	0	280
9486	265	0	6	4	0	275
9487	3	272	2	9	0	286
9488	275	2	7	1	0	285
9489	9	2	273	2	0	286
9490	7	2	1	268	0	278
9491	1	266	1	13	0	281
9492	281	3	0	4	0	288
9493	4	8	0	278	0	290
9494	7	0	272	5	0	284
9495	2	0	10	271	0	283
9496	270	1	2	9	0	282
9497	4	6	269	3	0	282
9498	7	0	5	270	0	282
9499	1	0	2	284	0	287
9500	2	0	272	6	0	280
9501	2	251	2	10	0	265
9502	9	188	7	0	0	204
9503	1	4	7	257	0	269
9504	4	1	0	266	0	271
9505	1	0	2	273	0	276
9506	261	0	7	5	0	273
9507	264	7	1	1	0	273
9508	4	7	1	262	0	274
9509	260	1	0	11	0	272
9510	2	248	1	9	0	260
9511	2	3	0	266	0	271
9512	8	1	0	263	0	272
9513	7	0	2	264	0	273
9514	239	0	2	11	0	252
9515	8	228	1	3	0	240
9516	2	9	2	239	0	252
9517	240	1	1	9	0	251
9518	5	1	0	243	0	249
9519	2	0	0	243	0	245
9520	6	216	0	7	0	229
9521	1	247	0	1	0	249
9522	2	5	0	239	0	246
9523	8	1	1	234	0	244
9524	230	0	1	11	0	242
9525	4	1	0	237	0	242
9526	2	6	225	3	0	236
9527	2	6	3	219	0	230
9528	0	214	2	8	0	224
9529	222	2	1	8	0	233
9530	9	1	0	225	0	235
9531	2	0	2	228	0	232
9532	0	216	7	6	0	229
9533	207	2	0	9	0	218
9534	1	217	2	1	0	221
9535	2	1	1	211	0	215
9536	0	0	197	4	0	201
9537	0	7	2	165	0	174
9538	165	0	0	1	0	166
9539	0	167	0	0	0	167
9540	0	1	0	173	0	174
9541	0	168	0	2	0	170
9542	0	2	0	181	0	183
9543	2	0	188	2	0	192
9544	2	1	1	186	0	190
9545	0	0	0	188	0	188
9546	2	0	1	190	0	193
9547	193	0	0	2	0	195
9548	198	0	0	2	0	200
9549	1	197	0	2	0	200
9550	200	0	0	1	0	201
9551	3	201	0	0	0	204
9552	0	209	1	0	0	210
9553	201	1	0	2	0	204
9554	2	1	201	0	0	204
9555	1	1	1	199	0	202
9556	1	0	0	204	0	205
9557	0	0	1	205	0	206
9558	204	2	0	2	0	208
9559	1	194	0	3	0	198
9560	0	1	1	203	0	205
9561	2	196	0	2	0	200
9562	204	2	0	2	0	208
9563	1	0	1	216	0	218
9564	0	1	0	242	0	243
9565	2	275	0	2	0	279
9566	1	3	0	300	0	304
9567	1	0	0	306	0	307
9568	290	2	0	3	0	295
9569	2	291	0	1	0	294
9570	2	282	0	1	0	285
9571	1	3	1	287	0	292
9572	0	2	282	4	0	288
9573	0	1	274	2	0	277
9574	0	1	3	281	0	285
9575	1	0	274	2	0	277
9576	1	2	1	273	0	277
9577	1	0	1	264	0	266
9578	0	2	1	279	0	282
9579	281	0	0	4	0	285
9580	3	0	1	276	0	280
9581	2	0	0	283	0	285
9582	2	283	0	4	0	289
9583	0	2	0	303	0	305
9584	1	2	294	4	0	301
9585	2	1	2	298	0	303
9586	0	2	1	300	0	303
9587	293	1	2	2	0	298
9588	3	1	0	290	0	294
9589	1	2	3	285	0	291
9590	3	0	1	291	0	295
9591	286	0	2	6	0	294
9592	2	282	1	5	0	290
9593	2	2	0	294	0	298
9594	2	0	0	293	0	295
9595	1	2	279	4	0	286
9596	2	1	0	285	0	288
9597	278	0	1	5	0	284
9598	2	286	2	2	0	292
9599	1	2	0	282	0	285
9600	1	2	1	287	0	291
9601	2	1	282	2	0	287
9602	259	0	2	6	0	267
9603	1	278	2	2	0	283
9604	269	1	1	3	0	274
9605	3	1	1	272	0	277
9606	0	3	0	269	0	272
9607	2	0	0	277	0	279
9608	1	1	0	279	0	281
9609	274	1	1	4	0	280
9610	1	1	0	280	0	282
9611	3	273	1	4	0	281
9612	1	3	1	283	0	288
9613	0	1	1	287	0	289
9614	282	2	2	5	0	291
9615	2	280	0	4	0	286
9616	2	1	1	288	0	292
9617	281	2	1	5	0	289
9618	287	1	1	1	0	290
9619	3	1	0	289	0	293
9620	4	1	279	3	0	287
9621	274	0	1	4	0	279
9622	2	1	1	284	0	288
9623	2	1	288	4	0	295
9624	1	0	1	309	0	311
9625	3	1	3	296	0	303
9626	1	0	1	306	0	308
9627	0	318	0	7	0	325
9628	2	3	0	329	0	334
9629	0	1	0	333	0	334
9630	1	1	0	334	0	336
9631	3	1	1	334	0	339
9632	3	1	0	334	0	338
9633	1	2	0	333	0	336
9634	315	1	0	4	0	320
9635	3	0	314	6	0	323
9636	1	303	4	5	0	313
9637	313	1	2	2	0	318
9638	3	319	1	3	0	326
9639	317	2	1	3	0	323
9640	6	1	1	311	0	319
9641	313	2	1	3	0	319
9642	1	0	2	315	0	318
9643	3	1	0	304	0	308
9644	1	304	0	4	0	309
9645	303	2	0	3	0	308
9646	1	1	321	5	0	328
9647	2	0	1	323	0	326
9648	4	0	322	3	0	329
9649	0	0	307	5	0	312
9650	314	0	3	1	0	318
9651	2	1	2	310	0	315
9652	1	3	307	3	0	314
9653	1	0	314	2	0	317
9654	0	1	2	313	0	316
9655	6	0	1	324	0	331
9656	330	1	0	5	0	336
9657	2	1	0	331	0	334
9658	2	1	356	4	0	363
9659	3	0	1	361	0	365
9660	1	1	2	360	0	364
9661	1	371	1	4	0	377
9662	371	1	2	3	0	377
9663	1	364	1	4	0	370
9664	334	0	3	1	0	338
9665	0	298	2	1	0	301
9666	3	275	0	0	0	278
9667	4	1	0	272	0	277
9668	0	1	2	272	0	275
9669	0	0	1	274	0	275
9670	268	0	0	1	0	269
9671	1	1	258	1	0	261
9672	1	1	0	259	0	261
9673	258	0	0	0	0	258
9674	0	259	0	0	0	259
9675	0	256	0	0	0	256
9676	0	0	0	257	0	257
9677	0	0	0	265	0	265
9678	0	0	0	258	0	258
9679	0	262	0	0	0	262
9680	0	0	0	269	0	269
9681	0	0	270	0	0	270
9682	0	0	240	0	0	240
9683	257	0	0	0	0	257
9684	0	0	0	265	0	265
9685	266	0	0	0	0	266
9686	263	0	0	0	0	263
9687	0	276	0	0	0	276
9688	287	0	0	0	0	287
9689	295	0	0	0	0	295
9690	1	0	0	298	0	299
9691	0	0	0	307	0	307
9692	0	0	319	0	0	319
9693	0	325	0	0	0	325
9694	1	0	0	275	0	276
9695	0	0	0	328	0	328
9696	329	0	0	1	0	330
9697	0	0	0	328	0	328
9698	329	0	0	0	0	329
9699	0	0	0	339	0	339
9700	0	337	0	0	0	337
9701	340	0	0	0	0	340
9702	0	0	0	397	0	397
9703	0	0	0	431	0	431
9704	0	0	0	460	0	460
9705	2	0	458	4	0	464
9706	0	0	5	463	0	468
9707	467	0	0	6	0	473
9708	6	0	0	476	0	482
9709	0	0	1	511	0	512
9710	5	0	0	504	0	509
9711	2	495	1	4	0	502
9712	0	509	0	3	0	512
9713	507	5	1	1	0	514
9714	5	521	0	3	0	529
9715	522	6	0	4	0	532
9716	540	2	0	5	0	547
9717	546	1	0	3	0	550
9718	7	2	548	1	0	558
9719	3	549	5	6	0	563
9720	570	8	1	3	0	582
9721	9	1	0	571	0	581
9722	2	1	1	565	0	569
9723	5	1	0	559	0	565
9724	2	545	2	7	0	556
9725	2	7	0	546	0	555
9726	555	0	1	6	0	562
9727	6	2	0	534	0	542
9728	4	1	0	535	0	540
9729	1	0	531	8	0	540
9730	1	0	541	2	0	544
9731	1	0	6	562	0	569
9732	4	0	1	562	0	567
9733	0	568	1	11	0	580
9734	5	6	1	560	0	572
9735	2	1	0	583	0	586
9736	1	2	1	573	0	577
9737	570	3	1	7	0	581
9738	7	1	565	3	0	576
9739	4	2	6	576	0	588
9740	577	1	0	8	0	586
9741	574	1	0	3	0	578
9742	9	1	1	571	0	582
9743	4	1	1	567	0	573
9744	567	1	1	8	0	577
9745	9	554	0	3	0	566
9746	3	544	0	4	0	551
9747	1	7	0	557	0	565
9748	559	1	0	8	0	568
9749	562	1	0	6	0	569
9750	550	2	0	4	0	556
9751	8	1	564	4	0	577
9752	526	1	5	2	0	534
9753	6	1	555	3	0	565
9754	536	0	7	1	0	544
9755	5	550	4	7	0	566
9756	4	8	550	2	0	564
9757	3	1	9	557	0	570
9758	3	1	561	8	0	573
9759	1	2	8	558	0	569
9760	555	0	2	11	0	568
9761	7	1	573	4	0	585
9762	3	0	9	560	0	572
9763	2	584	2	8	0	596
9764	2	6	3	615	0	626
9765	2	1	1	614	0	618
9766	3	0	1	597	0	601
9767	610	0	1	9	0	620
9768	620	0	0	5	0	625
9769	7	1	1	615	0	624
9770	2	2	616	8	0	628
9771	1	3	595	3	0	602
9772	2	1	7	623	0	633
9773	3	0	670	11	0	684
9774	4	0	7	667	0	678
9775	4	0	2	631	0	637
9776	3	0	2	676	0	681
9777	2	648	4	8	0	662
9778	3	602	1	5	0	611
9779	2	5	2	661	0	670
9780	1	2	0	675	0	678
9781	1	2	2	671	0	676
9782	662	2	2	11	0	677
9783	6	1	683	5	0	695
9784	4	1	7	682	0	694
9785	691	0	2	10	0	703
9786	8	682	1	4	0	695
9787	2	6	2	686	0	696
9788	2	3	0	687	0	692
9789	0	1	1	682	0	684
9790	4	1	0	678	0	683
9791	3	0	660	11	0	674
9792	604	1	6	6	0	617
9793	650	0	2	3	0	655
9794	7	1	647	2	0	657
9795	646	0	9	6	0	661
9796	657	0	3	6	0	666
9797	7	1	675	2	0	685
9798	2	697	8	4	0	711
9799	4	5	3	705	0	717
9800	3	1	712	7	0	723
9801	3	701	8	3	0	715
9802	0	7	653	1	0	661
9803	1	628	3	2	0	634
9804	3	11	0	597	0	611
9805	0	1	607	3	0	611
9806	2	0	1	599	0	602
9807	0	0	648	3	0	651
9808	2	630	1	2	0	635
9809	598	1	0	2	0	601
9810	2	587	0	0	0	589
9811	0	644	0	0	0	644
9812	3	1	0	626	0	630
9813	1	0	0	631	0	632
9814	1	0	0	626	0	627
9815	0	0	0	624	0	624
9816	0	0	0	628	0	628
9817	0	0	678	0	0	678
9818	0	0	0	650	0	650
9819	1	0	0	681	0	682
9820	688	0	0	3	0	691
9821	698	0	0	1	0	699
9822	700	0	0	2	0	702
9823	2	0	0	715	0	717
9824	754	0	0	2	0	756
9825	811	0	0	2	0	813
9826	807	0	0	3	0	810
9827	4	0	805	0	0	809
9828	773	0	3	1	0	777
9829	821	0	1	3	0	825
9830	807	0	1	4	0	812
9831	4	0	0	827	0	831
9832	2	1	829	3	0	835
9833	2	0	3	824	0	829
9834	839	0	1	6	0	846
9835	6	0	1	835	0	842
9836	1	874	1	5	0	881
9837	3	3	0	898	0	904
9838	901	1	0	6	0	908
9839	903	1	0	3	0	907
9840	884	0	0	9	0	893
9841	6	1	929	0	0	936
9842	4	0	3	913	0	920
9843	3	0	1	937	0	941
9844	0	2	930	4	0	936
9845	1	914	3	4	0	922
9846	0	3	911	3	0	917
9847	3	1	5	917	0	926
9848	919	2	2	5	0	928
9849	6	2	956	2	0	966
9850	3	0	4	957	0	964
9851	3	1	963	5	0	972
9852	951	1	6	3	0	961
9853	7	1	3	978	0	989
9854	3	0	1029	5	0	1037
9855	5	0	6	1025	0	1036
9856	1	1	1027	8	0	1037
9857	3	1044	7	2	0	1056
9858	1	5	3	1024	0	1033
9859	1036	1	3	8	0	1048
9860	6	2	1	1036	0	1045
9861	6	0	2	1004	0	1012
9862	1012	0	1	11	0	1024
9863	6	960	2	7	0	975
9864	1	973	2	4	0	980
9865	4	8	1	973	0	986
9866	1	979	0	4	0	984
9867	3	6	0	984	0	993
9868	3	1	0	982	0	986
9869	986	2	0	9	0	997
9870	6	977	2	4	0	989
9871	2	6	971	3	0	982
9872	2	988	2	4	0	996
9873	959	7	3	2	0	971
9874	981	3	2	2	0	988
9875	8	3	1	973	0	985
9876	981	0	0	14	0	995
9877	11	1	0	986	0	998
9878	981	2	2	10	0	995
9879	995	2	1	7	0	1005
9880	13	1	2	1013	0	1029
9881	1036	1	1	14	0	1052
9882	15	0	1037	4	0	1056
9883	1006	0	9	6	0	1021
9884	16	0	3	1027	0	1046
9885	1037	0	4	11	0	1052
9886	14	1047	2	3	0	1066
9887	8	8	1	1040	0	1057
9888	7	2	2	1047	0	1058
9889	1041	2	3	14	0	1060
9890	13	1	1041	6	0	1061
9891	7	1035	6	6	0	1054
9892	7	6	3	1055	0	1071
9893	2	1047	4	12	0	1065
9894	5	11	1	1042	0	1059
9895	2	2	2	1036	0	1042
9896	4	2	1	1053	0	1060
9897	1033	1	1	17	0	1052
9898	12	3	5	1006	0	1026
9899	1011	3	2	17	0	1033
9900	1012	1	3	8	0	1024
9901	17	1	2	1023	0	1043
9902	1021	3	2	12	0	1038
9903	1004	1	4	9	0	1018
9904	11	4	1010	10	0	1035
9905	10	2	9	995	0	1016
9906	1003	3	4	14	0	1024
9907	10	961	4	9	0	984
9908	979	5	3	10	0	997
9909	983	2	2	13	0	1000
9910	16	3	965	4	0	988
9911	12	1	11	917	0	941
9912	973	1	4	13	0	991
9913	13	1	6	997	0	1017
9914	7	2	3	1016	0	1028
9915	7	4	1	1014	0	1026
9916	5	1	2	1063	0	1071
9917	1058	2	2	22	0	1084
9918	16	4	1100	8	0	1128
9919	9	2	12	1124	0	1147
9920	9	1	1265	19	0	1294
9921	4	1	1383	8	0	1396
9922	1365	0	39	14	0	1418
9923	38	1	1485	4	0	1528
9924	15	1451	47	6	0	1519
9925	1451	35	18	5	0	1509
9926	1477	13	9	7	0	1506
9927	59	7	8	1437	0	1511
9928	28	4	1462	34	0	1528
9929	12	4	1466	16	0	1498
9930	1481	3	47	12	0	1543
9931	45	3	25	1503	0	1576
9932	1519	4	11	41	0	1575
9933	44	1512	8	20	0	1584
9934	1547	35	11	10	0	1603
9935	1577	16	9	8	0	1610
9936	66	1523	12	6	0	1607
9937	31	41	13	1537	0	1622
9938	1539	21	6	45	0	1611
9939	58	10	1539	17	0	1624
9940	35	1558	39	11	0	1643
9941	22	49	19	1554	0	1644
9942	1568	22	17	48	0	1655
9943	55	1587	7	20	0	1669
9944	1642	46	8	12	0	1708
9945	57	26	1615	12	0	1710
9946	1617	14	46	13	0	1690
9947	63	10	1634	10	0	1717
9948	1639	8	55	5	0	1707
9949	1596	13	21	8	0	1638
9950	73	7	1573	10	0	1663
9951	40	1565	45	10	0	1660
9952	26	47	29	1515	0	1617
9953	18	19	1598	44	0	1679
9954	21	1546	51	19	0	1637
9955	23	46	26	1507	0	1602
9956	14	25	20	1575	0	1634
9957	17	20	1519	63	0	1619
9958	25	6	52	1495	0	1578
9959	21	10	29	1549	0	1609
9960	14	13	1525	71	0	1623
9961	15	10	56	1477	0	1558
9962	15	1513	34	51	0	1613
9963	1543	48	21	35	0	1647
9964	50	24	13	1536	0	1623
9965	26	1562	19	51	0	1658
9966	22	53	22	1501	0	1598
9967	23	1630	20	50	0	1723
9968	23	59	1605	26	0	1713
9969	17	1623	60	35	0	1735
9970	1602	62	37	20	0	1721
9971	1633	31	23	19	0	1706
9972	1667	19	19	21	0	1726
9973	78	19	1647	20	0	1764
9974	39	15	1628	24	0	1706
9975	32	1684	75	18	0	1809
9976	32	64	39	1624	0	1759
9977	35	1729	25	58	0	1847
9978	27	74	23	1568	0	1692
9979	34	1743	18	49	0	1844
9980	1761	72	19	38	0	1890
9981	1915	40	17	24	0	1996
9982	97	28	20	1956	0	2101
9983	50	26	1953	76	0	2105
9984	1936	23	61	47	0	2067
9985	85	1985	36	36	0	2142
9986	57	71	34	1951	0	2113
9987	42	45	30	1964	0	2081
9988	39	2004	17	96	0	2156
9989	2034	78	20	54	0	2186
9990	91	51	1995	25	0	2162
9991	62	36	70	2004	0	2172
9992	2022	22	46	82	0	2172
9993	2042	33	34	37	0	2146
9994	111	2012	26	34	0	2183
9995	81	75	27	1935	0	2118
9996	48	2034	27	74	0	2183
9997	2065	85	23	47	0	2220
9998	91	59	2033	32	0	2215
9999	52	40	2040	34	0	2166
10000	36	31	95	1999	0	2161
10001	37	29	54	2017	0	2137
10002	34	2026	34	95	0	2189
10003	38	73	37	2028	0	2176
10004	28	42	2018	90	0	2178
10005	2011	28	77	68	0	2184
10006	88	22	46	2075	0	2231
10007	47	33	2062	88	0	2230
10008	35	29	80	2071	0	2215
10009	23	35	45	2059	0	2162
10010	24	2048	38	103	0	2213
10011	29	81	21	2072	0	2203
10012	23	52	26	2077	0	2178
10013	36	26	26	2081	0	2169
10014	1964	24	20	135	0	2143
10015	76	1934	27	71	0	2108
10016	42	1948	28	44	0	2062
10017	1864	82	21	47	0	2014
10018	1835	46	12	40	0	1933
10019	94	1721	17	38	0	1870
10020	42	1633	15	18	0	1708
10021	1419	52	7	16	0	1494
10022	42	1402	8	15	0	1467
10023	24	1430	4	6	0	1464
10024	1385	49	4	12	0	1450
10025	41	1397	6	5	0	1449
10026	1374	43	4	12	0	1433
10027	1377	16	6	13	0	1412
10028	1378	22	1	13	0	1414
10029	49	1348	8	11	0	1416
10030	26	1360	7	12	0	1405
10031	19	43	5	1317	0	1384
10032	18	1312	4	28	0	1362
10033	20	43	1	1367	0	1431
10034	1381	23	6	44	0	1454
10035	43	17	2	1361	0	1423
10036	22	1350	10	43	0	1425
10037	1328	36	9	23	0	1396
10038	39	1306	3	15	0	1363
10039	27	1345	3	20	0	1395
10040	22	48	4	1257	0	1331
10041	14	1279	5	38	0	1336
10042	1281	48	8	16	0	1353
10043	39	23	1248	17	0	1327
10044	16	1238	34	17	0	1305
10045	22	31	16	1240	0	1309
10046	19	23	1243	37	0	1322
10047	12	16	31	1246	0	1305
10048	12	21	17	1263	0	1313
10049	18	15	10	1287	0	1330
10050	16	17	9	1269	0	1311
10051	12	7	1235	58	0	1312
10052	4	1212	36	40	0	1292
10053	1197	29	17	36	0	1279
10054	31	27	1192	24	0	1274
10055	1178	14	31	30	0	1253
10056	37	19	1231	18	0	1305
10057	22	15	35	1228	0	1300
10058	28	11	1228	34	0	1301
10059	18	13	1239	22	0	1292
10060	16	12	42	1233	0	1303
10061	23	10	27	1143	0	1203
10062	15	16	19	1269	0	1319
10063	14	15	13	1242	0	1284
10064	1212	14	14	55	0	1295
10065	31	10	1191	43	0	1275
10066	1190	11	25	26	0	1252
10067	1185	11	13	29	0	1238
10068	1185	15	12	16	0	1228
10069	1182	13	12	13	0	1220
10070	1197	11	9	11	0	1228
10071	66	13	8	1154	0	1241
10072	42	10	1076	32	0	1160
10073	29	15	1050	19	0	1113
10074	24	1075	29	16	0	1144
10075	1026	26	12	19	0	1083
10076	26	23	16	1000	0	1065
10077	18	22	10	983	0	1033
10078	16	976	10	29	0	1031
10079	16	952	4	25	0	997
10080	26	941	7	12	0	986
10081	803	20	2	11	0	836
10082	18	14	1	690	0	723
10083	5	674	1	16	0	696
10084	4	11	1	673	0	689
10085	2	6	684	12	0	704
10086	1	4	702	5	0	712
10087	2	2	12	777	0	793
10088	798	5	7	18	0	828
10089	854	2	4	11	0	871
10090	863	1	2	8	0	874
10091	19	2	862	3	0	886
10092	15	2	9	865	0	891
10093	7	1	9	888	0	905
10094	9	2	848	16	0	875
10095	798	3	9	11	0	821
10096	13	2	875	5	0	895
10097	11	2	835	5	0	853
10098	4	1	864	8	0	877
10099	3	3	21	841	0	868
10100	7	0	12	873	0	892
10101	2	4	887	19	0	912
10102	5	5	17	888	0	915
10103	887	0	11	23	0	921
10104	16	4	5	898	0	923
10105	14	2	909	18	0	943
10106	6	0	917	15	0	938
10107	4	5	20	921	0	950
10108	944	0	15	24	0	983
10109	17	1006	12	13	0	1048
10110	1056	17	5	7	0	1085
10111	1071	12	5	8	0	1096
10112	36	4	1062	5	0	1107
10113	26	2	23	1066	0	1117
10114	1077	2	21	27	0	1127
10115	1083	3	8	20	0	1114
10116	40	1079	7	13	0	1139
10117	22	18	10	1077	0	1127
10118	19	12	5	1109	0	1145
10119	9	5	1088	36	0	1138
10120	11	3	20	1080	0	1114
10121	4	5	1083	28	0	1120
10122	9	2	1072	20	0	1103
10123	12	3	36	1035	0	1086
10124	1029	1	24	26	0	1080
10125	20	1010	13	26	0	1069
10126	1031	17	11	13	0	1072
10127	1030	14	6	14	0	1064
10128	37	1025	11	7	0	1080
10129	27	20	6	989	0	1042
10130	1001	17	5	21	0	1044
10131	34	988	8	15	0	1045
10132	998	21	3	10	0	1032
10133	27	970	10	10	0	1017
10134	16	20	4	939	0	979
10135	10	13	8	955	0	986
10136	939	7	4	35	0	985
10137	919	9	2	19	0	949
10138	32	918	5	13	0	968
10139	17	16	917	7	0	957
10140	11	12	913	7	0	943
10141	11	8	25	912	0	956
10142	6	940	21	17	0	984
10143	8	17	10	966	0	1001
10144	6	8	9	947	0	970
10145	11	7	8	950	0	976
10146	5	6	928	38	0	977
10147	7	5	888	18	0	918
10148	8	939	31	14	0	992
10149	8	23	20	936	0	987
10150	11	14	4	988	0	1017
10151	12	11	955	32	0	1010
10152	899	5	24	24	0	952
10153	30	5	19	972	0	1026
10154	16	6	972	24	0	1018
10155	915	2	26	26	0	969
10156	27	974	20	10	0	1031
10157	22	21	1012	11	0	1066
10158	11	18	21	1021	0	1071
10159	1017	9	20	26	0	1072
10160	26	3	1039	23	0	1091
10161	18	8	29	1028	0	1083
10162	9	3	21	1049	0	1082
10163	6	5	17	1140	0	1168
10164	1152	5	10	52	0	1219
10165	25	1124	7	26	0	1182
10166	25	23	6	1157	0	1211
10167	13	19	1173	27	0	1232
10168	13	10	29	1149	0	1201
10169	14	1137	18	38	0	1207
10170	7	1199	13	21	0	1240
10171	1168	34	6	30	0	1238
10172	1200	20	9	12	0	1241
10173	45	17	1173	8	0	1243
10174	1165	7	27	18	0	1217
10175	39	1173	14	9	0	1235
10176	1205	31	10	15	0	1261
10177	36	20	8	1194	0	1258
10178	27	13	1218	29	0	1287
10179	21	10	25	1208	0	1264
10180	14	8	1226	32	0	1280
10181	1194	7	35	27	0	1263
10182	29	6	20	1234	0	1289
10183	17	1245	15	38	0	1315
10184	16	35	5	1262	0	1318
10185	14	14	1245	39	0	1312
10186	7	1189	28	28	0	1252
10187	1122	29	16	23	0	1190
10188	29	1088	18	9	0	1144
10189	16	1067	6	7	0	1096
10190	10	37	2	1032	0	1081
10191	6	1056	4	27	0	1093
10192	11	29	3	1065	0	1108
10193	7	12	1044	30	0	1093
10194	985	8	20	15	0	1028
10195	1044	7	10	10	0	1071
10196	30	7	1033	4	0	1074
10197	988	3	21	8	0	1020
10198	28	1020	13	4	0	1065
10199	1030	16	11	8	0	1065
10200	26	9	4	1026	0	1065
10201	12	10	1020	18	0	1060
10202	12	1053	19	10	0	1094
10203	5	20	5	1059	0	1089
10204	7	8	8	1075	0	1098
10205	1011	8	5	28	0	1052
10206	962	5	5	20	0	992
10207	25	965	1	14	0	1005
10208	13	913	3	5	0	934
10209	7	896	0	3	0	906
10210	5	11	2	854	0	872
10211	840	3	4	10	0	857
10212	839	6	2	3	0	850
10213	9	3	0	835	0	847
10214	8	1	0	829	0	838
10215	823	1	0	13	0	837
10216	11	0	2	835	0	848
10217	6	0	833	13	0	852
10218	821	2	8	7	0	838
10219	847	1	1	12	0	861
10220	11	2	859	3	0	875
10221	851	2	8	10	0	871
10222	17	1	2	874	0	894
10223	6	2	5	877	0	890
10224	6	3	3	888	0	900
10225	857	1	3	19	0	880
10226	10	880	1	10	0	901
10227	8	9	0	895	0	912
10228	8	860	4	9	0	881
10229	865	11	1	5	0	882
10230	14	4	1	860	0	879
10231	6	7	4	852	0	869
10232	10	852	1	10	0	873
10233	5	11	832	10	0	858
10234	4	3	12	848	0	867
10235	824	5	4	15	0	848
10236	949	1	8	6	0	964
10237	24	3	1003	8	0	1038
10238	13	1	23	1015	0	1052
10239	7	1047	4	26	0	1084
10240	5	23	10	1057	0	1095
10241	1046	6	4	31	0	1087
10242	1048	9	2	7	0	1066
10243	28	6	3	1048	0	1085
10244	16	1046	2	26	0	1090
10245	1085	22	0	8	0	1115
10246	30	4	1	1123	0	1158
10247	1110	12	2	31	0	1155
10248	1185	2	2	12	0	1201
10249	32	7	0	1176	0	1215
10250	19	4	3	1176	0	1202
10251	16	2	2	1188	0	1208
10252	11	1170	1	35	0	1217
10253	8	23	0	1196	0	1227
10254	7	7	3	1202	0	1219
10255	9	10	1158	29	0	1206
10256	4	3	1100	19	0	1126
10257	6	2	27	1109	0	1144
10258	1095	0	12	29	0	1136
10259	22	1099	10	14	0	1145
10260	1071	22	2	20	0	1115
10261	34	8	1094	10	0	1146
10262	9	12	1047	7	0	1075
10263	11	1061	21	9	0	1102
10264	7	17	10	1043	0	1077
10265	3	6	1045	23	0	1077
10266	3	5	1068	8	0	1084
10267	6	3	21	1031	0	1061
10268	1034	2	11	25	0	1072
10269	1041	5	6	11	0	1063
10270	25	1	4	1035	0	1065
10271	13	1	1083	19	0	1116
10272	10	1	20	1075	0	1106
10273	5	6	6	1076	0	1093
10274	3	1088	6	26	0	1123
10275	1080	17	6	18	0	1121
10276	1084	6	6	12	0	1108
10277	26	1071	4	14	0	1115
10278	16	20	1	1035	0	1072
10279	11	1049	4	20	0	1084
10280	1059	24	3	12	0	1098
10281	26	8	1020	10	0	1064
10282	10	11	986	9	0	1016
10283	14	5	1002	9	0	1030
10284	13	9	26	990	0	1038
10285	7	1	11	1018	0	1037
10286	1009	0	9	32	0	1050
10287	29	7	3	1002	0	1041
10288	10	4	4	1039	0	1057
10289	11	9	1049	30	0	1099
10290	12	7	1022	15	0	1056
10291	1012	6	31	13	0	1062
10292	21	1019	17	7	0	1064
10293	1043	20	7	12	0	1082
10294	29	6	10	1047	0	1092
10295	10	7	8	1057	0	1082
10296	17	1037	4	29	0	1087
10297	10	24	5	1061	0	1100
10298	1039	7	7	33	0	1086
10299	26	10	5	1046	0	1087
10300	7	5	1053	35	0	1100
10301	13	1021	26	13	0	1073
10302	1005	26	5	21	0	1057
10303	1036	6	8	23	0	1073
10304	1037	11	9	11	0	1068
10305	1043	3	4	12	0	1062
10306	39	6	5	1018	0	1068
10307	18	7	4	1038	0	1067
10308	23	3	1014	31	0	1071
10309	5	4	20	1044	0	1073
10310	5	2	1020	33	0	1060
10311	5	8	25	1024	0	1062
10312	1020	4	7	40	0	1071
10313	28	1052	7	11	0	1098
10314	13	22	4	1071	0	1110
10315	13	7	5	1096	0	1121
10316	1063	6	9	28	0	1106
10317	1039	3	3	24	0	1069
10318	35	6	1031	9	0	1081
10319	17	1048	23	9	0	1097
10320	17	19	10	1037	0	1083
10321	7	7	12	1060	0	1086
10322	1040	10	5	31	0	1086
10323	1045	7	9	22	0	1083
10324	27	5	1035	22	0	1089
10325	17	6	1026	9	0	1058
10326	12	2	30	1018	0	1062
10327	10	2	14	1039	0	1065
10328	7	4	1015	27	0	1053
10329	993	5	22	20	0	1040
10330	30	3	6	1044	0	1083
10331	1028	4	11	25	0	1068
10332	30	1019	6	13	0	1068
10333	1041	19	5	24	0	1089
10334	30	12	1138	9	0	1189
10335	9	1131	24	9	0	1173
10336	10	1050	8	11	0	1079
10337	965	12	8	14	0	999
10338	943	5	4	8	0	960
10339	20	1	5	921	0	947
10340	7	929	4	11	0	951
10341	8	956	2	10	0	976
10342	3	14	2	972	0	991
10343	956	5	4	9	0	974
10344	950	3	2	12	0	967
10345	14	5	883	7	0	909
10346	866	4	6	6	0	882
10347	9	931	3	1	0	944
10348	943	6	0	4	0	953
10349	10	1241	4	3	0	1258
10350	5	1416	0	0	0	1421
10351	1	47	0	1578	0	1626
10352	1773	19	9	45	0	1846
10353	1837	8	0	23	0	1868
10354	72	4	1798	13	0	1887
10355	38	3	47	1796	0	1884
10356	1816	3	23	54	0	1896
10357	61	1	10	1847	0	1919
10358	1852	1	7	61	0	1921
10359	1871	1	6	40	0	1918
10360	82	3	1833	15	0	1933
10361	47	0	49	1793	0	1889
10362	26	6	23	1838	0	1893
10363	20	0	10	1867	0	1897
10364	19	4	1767	82	0	1872
10365	11	6	54	1789	0	1860
10366	5	4	30	1715	0	1754
10367	9	1730	14	83	0	1836
10368	9	49	1726	44	0	1828
10369	6	1762	52	29	0	1849
10370	1732	56	30	26	0	1844
10371	59	32	12	1675	0	1778
10372	34	15	10	1639	0	1698
10373	21	1680	8	75	0	1784
10374	1670	55	7	42	0	1774
10375	1701	31	8	27	0	1767
10376	81	1637	6	19	0	1743
10377	45	1724	3	21	0	1793
10378	1694	72	6	19	0	1791
10379	67	40	1683	7	0	1797
10380	38	20	1709	13	0	1780
10381	1652	16	70	16	0	1754
10382	64	1711	36	10	0	1821
10383	1703	59	18	14	0	1794
10384	67	32	1657	12	0	1768
10385	1683	17	56	13	0	1769
10386	70	1732	31	14	0	1847
10387	47	57	17	1749	0	1870
10388	30	34	11	1764	0	1839
10389	25	17	12	1683	0	1737
10390	21	9	8	1752	0	1790
10391	24	15	5	1708	0	1752
10392	14	1686	7	88	0	1795
10393	1671	52	9	58	0	1790
10394	59	31	1669	34	0	1793
10395	41	16	50	1711	0	1818
10396	23	12	1696	72	0	1803
10397	19	11	62	1703	0	1795
10398	21	16	35	1727	0	1799
10399	1683	7	25	91	0	1806
10400	59	11	1658	50	0	1778
10401	33	1654	56	35	0	1778
10402	25	55	37	1673	0	1790
10403	28	31	18	1713	0	1790
10404	16	19	1678	86	0	1799
10405	21	20	58	1684	0	1783
10406	19	17	38	1731	0	1805
10407	1643	18	15	99	0	1775
10408	60	1669	14	59	0	1802
10409	1681	56	12	39	0	1788
10410	1716	32	12	33	0	1793
10411	90	22	11	1679	0	1802
10412	54	16	1647	69	0	1786
10413	32	19	1641	43	0	1735
10414	32	16	71	1617	0	1736
10415	29	11	42	1606	0	1688
10416	20	1616	26	87	0	1749
10417	1602	54	21	47	0	1724
10418	61	1594	23	39	0	1717
10419	41	1645	21	27	0	1734
10420	1598	84	9	37	0	1728
10421	76	46	10	1586	0	1718
10422	51	1655	6	69	0	1781
10423	38	62	12	1672	0	1784
10424	25	46	1626	80	0	1777
10425	23	23	1665	43	0	1754
10426	20	19	76	1649	0	1764
10427	12	12	1660	84	0	1768
10428	16	14	69	1654	0	1753
10429	11	9	50	1661	0	1731
10430	11	12	35	1688	0	1746
10431	1580	11	22	114	0	1727
10432	60	1576	22	61	0	1719
10433	35	1633	21	42	0	1731
10434	1507	73	9	40	0	1629
10435	1551	39	5	36	0	1631
10436	85	24	10	1511	0	1630
10437	50	19	1508	58	0	1635
10438	30	20	52	1528	0	1630
10439	21	21	1507	69	0	1618
10440	25	1495	62	48	0	1630
10441	19	52	31	1518	0	1620
10442	1501	32	28	73	0	1634
10443	67	19	14	1526	0	1626
10444	35	15	1466	71	0	1587
10445	1461	16	52	40	0	1569
10446	74	13	1490	26	0	1603
10447	45	13	1467	23	0	1548
10448	31	1406	67	23	0	1527
10449	12	1066	35	14	0	1127
10450	12	965	24	11	0	1012
10451	628	49	49	57	0	783
10452	542	0	6	7	0	555
10453	2	0	0	545	0	547
10454	1	0	1	540	0	542
10455	2	0	0	546	0	548
10456	0	546	0	5	0	551
10457	543	2	0	1	0	546
10458	3	541	0	1	0	545
10459	0	3	0	551	0	554
10460	530	0	1	7	0	538
10461	3	1	2	527	0	533
10462	0	0	1	541	0	542
10463	537	1	0	5	0	543
10464	531	1	0	1	0	533
10465	5	1	541	1	0	548
10466	2	1	531	1	0	535
10467	2	1	550	1	0	554
10468	2	3	4	544	0	553
10469	2	0	1	554	0	557
10470	0	561	2	5	0	568
10471	590	4	1	2	0	597
10472	7	1	2	593	0	603
10473	0	1	1	609	0	611
10474	1	605	0	8	0	614
10475	1	660	2	1	0	664
10476	1	5	0	682	0	688
10477	1	1	0	772	0	774
10478	768	3	0	19	0	790
10479	770	1	0	6	0	777
10480	14	2	1	750	0	767
10481	3	1	747	15	0	766
10482	2	2	717	3	0	724
10483	4	2	13	732	0	751
10484	1	1	2	735	0	739
10485	1	713	2	14	0	730
10486	688	12	1	7	0	708
10487	14	2	2	696	0	714
10488	2	4	706	16	0	728
10489	1	2	13	710	0	726
10490	1	2	709	15	0	727
10491	1	0	716	5	0	722
10492	4	0	15	726	0	745
10493	724	2	5	14	0	745
10494	15	0	712	7	0	734
10495	4	0	13	705	0	722
10496	4	1	761	13	0	779
10497	2	0	15	756	0	773
10498	2	1	6	767	0	776
10499	1	2	757	14	0	774
10500	2	1	744	8	0	755
10501	8	0	14	695	0	717
10502	1	2	7	743	0	753
10503	3	1	2	758	0	764
10504	1	0	4	740	0	745
10505	728	0	5	20	0	753
10506	741	1	4	10	0	756
10507	14	732	5	6	0	757
10508	733	12	6	5	0	756
10509	12	2	2	749	0	765
10510	750	2	1	17	0	770
10511	19	0	744	5	0	768
10512	735	1	13	13	0	762
10513	16	1	8	759	0	784
10514	5	1	4	793	0	803
10515	780	2	2	22	0	806
10516	16	1	4	835	0	856
10517	4	0	895	18	0	917
10518	892	0	13	10	0	915
10519	14	934	7	10	0	965
10520	10	12	2	969	0	993
10521	3	6	1056	21	0	1086
10522	4	2	19	1019	0	1044
10523	8	0	1024	24	0	1056
10524	6	4	21	1014	0	1045
10525	8	1028	11	22	0	1069
10526	6	16	8	1041	0	1071
10527	4	1091	5	32	0	1132
10528	10	25	6	1027	0	1068
10529	8	10	3	1162	0	1183
10530	10	5	7	1173	0	1195
10531	8	6	7	1175	0	1196
10532	9	6	5	1185	0	1205
10533	4	5	1125	53	0	1187
10534	4	3	29	1155	0	1191
10535	5	4	15	1168	0	1192
10536	1145	2	8	53	0	1208
10537	28	1129	8	25	0	1190
10538	1138	31	6	20	0	1195
10539	34	10	7	1152	0	1203
10540	13	9	1152	44	0	1218
10541	5	1152	39	19	0	1215
10542	1137	32	10	23	0	1202
10543	32	1134	6	25	0	1197
10544	13	1177	5	16	0	1211
10545	1150	42	2	20	0	1214
10546	39	12	10	1230	0	1291
10547	1238	7	6	44	0	1295
10548	38	6	4	1222	0	1270
10549	16	7	1216	43	0	1282
10550	9	7	1212	24	0	1252
10551	1177	7	39	15	0	1238
10552	1226	5	13	24	0	1268
10553	43	4	13	1198	0	1258
10554	18	8	8	1227	0	1261
10555	1181	7	6	48	0	1242
10556	36	1172	5	25	0	1238
10557	16	1219	8	15	0	1258
10558	1203	37	9	12	0	1261
10559	1207	14	2	15	0	1238
10560	49	1174	4	14	0	1241
10561	25	39	3	1173	0	1240
10562	11	17	1166	37	0	1231
10563	14	8	1168	19	0	1209
10564	1155	10	39	11	0	1215
10565	46	4	1172	8	0	1230
10566	18	6	34	1141	0	1199
10567	11	2	21	1146	0	1180
10568	17	1150	12	38	0	1217
10569	1147	33	11	15	0	1206
10570	36	15	7	1154	0	1212
10571	20	2	1125	36	0	1183
10572	11	1120	27	19	0	1177
10573	14	34	10	1103	0	1161
10574	7	18	1108	32	0	1165
10575	11	8	1053	18	0	1090
10576	12	1044	39	8	0	1103
10577	938	23	13	11	0	985
10578	21	961	14	5	0	1001
10579	954	19	8	12	0	993
10580	24	13	945	8	0	990
10581	918	11	24	8	0	961
10582	30	953	10	7	0	1000
10583	16	21	8	954	0	999
10584	6	14	8	980	0	1008
10585	969	10	2	33	0	1014
10586	24	10	958	18	0	1010
10587	956	4	23	10	0	993
10588	945	6	13	15	0	979
10589	29	9	939	7	0	984
10590	14	6	960	7	0	987
10591	9	6	31	929	0	975
10592	949	6	14	23	0	992
10593	958	4	13	13	0	988
10594	33	965	9	6	0	1013
10595	19	24	7	981	0	1031
10596	10	14	5	950	0	979
10597	14	9	2	966	0	991
10598	17	7	6	967	0	997
10599	950	4	11	36	0	1001
10600	26	9	4	967	0	1006
10601	14	5	948	36	0	1003
10602	8	5	959	20	0	992
10603	938	4	33	12	0	987
10604	30	934	13	11	0	988
10605	19	968	9	6	0	1002
10606	26	27	6	959	0	1018
10607	10	13	11	985	0	1019
10608	16	7	8	975	0	1006
10609	15	5	3	981	0	1004
10610	7	10	955	39	0	1011
10611	7	9	26	955	0	997
10612	19	5	7	959	0	990
10613	6	1	911	40	0	958
10614	865	4	25	24	0	918
10615	24	899	15	18	0	956
10616	859	19	12	13	0	903
10617	26	7	819	9	0	861
10618	11	8	787	8	0	814
10619	9	771	25	5	0	810
10620	703	24	48	11	0	786
10621	650	10	4	11	0	675
10622	660	8	1	6	0	675
10623	13	643	8	11	0	675
10624	644	15	7	10	0	676
10625	18	6	652	7	0	683
10626	3	645	15	6	0	669
10627	624	9	4	8	0	645
10628	14	626	4	4	0	648
10629	587	9	5	5	0	606
10630	572	3	6	3	0	584
10631	11	3	580	5	0	599
10632	7	586	10	1	0	604
10633	584	9	2	3	0	598
10634	10	7	569	2	0	588
10635	10	557	9	5	0	581
10636	8	8	5	547	0	568
10637	5	6	545	3	0	559
10638	6	7	517	3	0	533
10639	8	3	7	537	0	555
10640	525	2	12	4	0	543
10641	4	524	6	3	0	537
10642	8	3	514	4	0	529
10643	6	5	500	0	0	511
10644	492	2	5	1	0	500
10645	2	515	6	2	0	525
10646	441	3	7	3	0	454
10647	5	443	2	0	0	450
10648	449	5	2	1	0	457
10649	431	2	4	3	0	440
10650	4	431	2	1	0	438
10651	6	4	2	429	0	441
10652	452	1	3	6	0	462
10653	3	4	4	458	0	469
10654	3	3	0	489	0	495
10655	485	1	2	5	0	493
10656	2	482	4	4	0	492
10657	479	3	6	6	0	494
10658	9	3	473	2	0	487
10659	7	5	4	476	0	492
10660	4	4	3	481	0	492
10661	483	1	4	6	0	494
10662	486	3	1	5	0	495
10663	11	3	0	484	0	498
10664	7	3	478	5	0	493
10665	7	3	4	483	0	497
10666	4	2	3	480	0	489
10667	7	1	2	484	0	494
10668	5	1	0	486	0	492
10669	479	4	1	13	0	497
10670	10	2	474	6	0	492
10671	5	469	6	6	0	486
10672	8	6	3	475	0	492
10673	2	0	5	509	0	516
10674	3	4	493	11	0	511
10675	4	1	478	9	0	492
10676	5	0	6	512	0	523
10677	5	1	7	518	0	531
10678	2	1	515	12	0	530
10679	6	2	6	522	0	536
10680	524	1	3	12	0	540
10681	7	539	5	6	0	557
10682	2	5	534	11	0	552
10683	5	536	7	8	0	556
10684	4	10	6	530	0	550
10685	4	4	533	13	0	554
10686	1	524	6	11	0	542
10687	8	7	5	520	0	540
10688	4	7	529	6	0	546
10689	4	9	9	510	0	532
10690	2	5	5	521	0	533
10691	503	3	7	17	0	530
10692	11	2	8	506	0	527
10693	505	7	8	10	0	530
10694	482	4	5	14	0	505
10695	475	2	6	13	0	496
10696	14	4	5	474	0	497
10697	7	1	460	13	0	481
10698	8	0	442	8	0	458
10699	454	4	8	12	0	478
10700	13	1	460	5	0	479
10701	453	2	11	3	0	469
10702	13	447	3	8	0	471
10703	457	5	5	6	0	473
10704	11	6	465	5	0	487
10705	7	3	498	1	0	509
10706	6	2	13	498	0	519
10707	4	0	528	15	0	547
10708	3	2	531	6	0	542
10709	5	5	13	573	0	596
10710	9	2	7	590	0	608
10711	7	2	10	596	0	615
10712	4	600	7	18	0	629
10713	5	13	3	579	0	600
10714	3	622	6	13	0	644
10715	615	12	9	11	0	647
10716	626	5	5	12	0	648
10717	16	5	3	597	0	621
10718	12	601	5	16	0	634
10719	6	15	625	13	0	659
10720	630	7	10	13	0	660
10721	16	9	10	636	0	671
10722	15	3	3	650	0	671
10723	12	3	4	668	0	687
10724	646	3	3	24	0	676
10725	16	604	5	11	0	636
10726	14	622	6	12	0	654
10727	603	14	7	9	0	633
10728	10	615	8	12	0	645
10729	614	16	5	14	0	649
10730	609	9	6	13	0	637
10731	22	611	4	10	0	647
10732	15	15	3	596	0	629
10733	8	616	4	18	0	646
10734	12	17	5	612	0	646
10735	8	12	4	635	0	659
10736	627	11	5	21	0	664
10737	653	6	5	20	0	684
10738	22	9	7	659	0	697
10739	13	9	637	26	0	685
10740	634	6	15	21	0	676
10741	18	641	11	14	0	684
10742	13	17	5	638	0	673
10743	17	10	3	656	0	686
10744	10	11	7	661	0	689
10745	627	4	4	29	0	664
10746	624	5	7	23	0	659
10747	32	584	5	16	0	637
10748	16	597	6	12	0	631
10749	8	24	5	617	0	654
10750	13	11	6	620	0	650
10751	13	9	605	28	0	655
10752	15	7	14	595	0	631
10753	15	8	574	20	0	617
10754	9	5	546	17	0	577
10755	4	554	15	14	0	587
10756	6	13	11	554	0	584
10757	557	8	5	20	0	590
10758	13	9	5	561	0	588
10759	10	4	555	22	0	591
10760	549	6	15	13	0	583
10761	568	4	9	11	0	592
10762	25	4	560	8	0	597
10763	18	6	13	575	0	612
10764	574	6	13	13	0	606
10765	15	570	5	18	0	608
10766	587	16	8	8	0	619
10767	607	5	5	9	0	626
10768	27	7	2	599	0	635
10769	19	0	6	609	0	634
10770	606	4	7	21	0	638
10771	22	5	6	612	0	645
10772	17	5	601	16	0	639
10773	574	2	11	16	0	603
10774	586	3	6	17	0	612
10775	21	558	5	13	0	597
10776	15	568	4	19	0	606
10777	13	13	4	565	0	595
10778	10	590	8	15	0	623
10779	10	15	6	580	0	611
10780	575	12	4	17	0	608
10781	555	10	2	10	0	577
10782	19	545	1	11	0	576
10783	538	16	2	8	0	564
10784	16	538	4	8	0	566
10785	547	12	3	11	0	573
10786	553	6	5	8	0	572
10787	19	7	539	7	0	572
10788	538	7	12	10	0	567
10789	19	532	7	4	0	562
10790	12	556	2	6	0	576
10791	563	15	3	5	0	586
10792	24	10	5	558	0	597
10793	15	5	560	16	0	596
10794	14	2	13	570	0	599
10795	4	8	11	577	0	600
10796	12	5	559	22	0	598
10797	555	4	12	10	0	581
10798	17	555	8	8	0	588
10799	564	12	8	5	0	589
10800	18	6	0	552	0	576
10801	546	4	4	18	0	572
10802	17	532	4	13	0	566
10803	16	11	4	540	0	571
10804	529	8	4	18	0	559
10805	17	4	489	13	0	523
10806	14	4	452	11	0	481
10807	437	10	15	4	0	466
10808	12	442	6	10	0	470
10809	9	378	4	6	0	397
10810	9	9	5	358	0	381
10811	4	362	10	6	0	382
10812	7	8	3	375	0	393
10813	7	6	2	390	0	405
10814	5	7	3	374	0	389
10815	4	374	1	13	0	392
10816	4	7	3	371	0	385
10817	5	8	366	10	0	389
10818	7	348	5	10	0	370
10819	4	11	3	322	0	340
10820	4	320	4	6	0	334
10821	317	12	1	3	0	333
10822	318	3	2	7	0	330
10823	318	4	5	7	0	334
10824	12	321	2	1	0	336
10825	5	8	0	325	0	338
10826	7	7	315	7	0	336
10827	10	5	312	6	0	333
10828	306	1	9	7	0	323
10829	305	3	5	5	0	318
10830	11	5	2	317	0	335
10831	6	1	1	327	0	335
10832	5	4	318	7	0	334
10833	5	306	10	9	0	330
10834	9	316	1	2	0	328
10835	8	6	300	1	0	315
10836	2	11	4	286	0	303
10837	5	2	2	249	0	258
10838	2	3	4	285	0	294
10839	4	4	1	283	0	292
10840	282	3	2	7	0	294
10841	6	3	275	1	0	285
10842	271	3	5	5	0	284
10843	7	1	3	278	0	289
10844	273	3	1	11	0	288
10845	9	2	1	277	0	289
10846	4	4	287	9	0	304
10847	4	1	8	292	0	305
10848	5	0	302	7	0	314
10849	3	1	3	294	0	301
10850	6	2	299	5	0	312
10851	2	299	2	7	0	310
10852	2	4	4	293	0	303
10853	2	1	2	295	0	300
10854	0	301	4	6	0	311
10855	304	3	1	7	0	315
10856	5	4	4	300	0	313
10857	2	5	0	309	0	316
10858	311	0	1	7	0	319
10859	322	2	1	6	0	331
10860	324	6	1	4	0	335
10861	329	2	0	3	0	334
10862	4	1	312	6	0	323
10863	298	1	2	1	0	302
10864	313	0	1	4	0	318
10865	8	0	1	302	0	311
10866	5	1	0	301	0	307
10867	288	1	0	4	0	293
10868	3	287	3	2	0	295
10869	5	2	1	278	0	286
10870	0	2	288	1	0	291
10871	1	277	3	1	0	282
10872	286	3	1	0	0	290
10873	289	1	3	1	0	294
10874	283	0	0	4	0	287
10875	286	0	0	1	0	287
10876	3	1	0	275	0	279
10877	1	0	267	3	0	271
10878	0	1	273	1	0	275
10879	0	2	2	295	0	299
10880	311	0	1	4	0	316
10881	5	0	0	311	0	316
10882	2	0	320	4	0	326
10883	326	0	3	3	0	332
10884	315	0	2	3	0	320
10885	5	0	1	322	0	328
10886	2	0	331	3	0	336
10887	1	0	331	3	0	335
10888	310	0	5	2	0	317
10889	5	326	2	2	0	335
10890	4	4	333	1	0	342
10891	1	1	3	339	0	344
10892	336	0	2	4	0	342
10893	4	320	2	3	0	329
10894	3	330	2	1	0	336
10895	337	3	2	3	0	345
10896	3	2	1	337	0	343
10897	343	1	2	4	0	350
10898	5	0	2	342	0	349
10899	3	2	1	341	0	347
10900	3	1	340	4	0	348
10901	1	2	315	4	0	322
10902	2	1	341	1	0	345
10903	2	1	3	349	0	355
10904	346	2	1	7	0	356
10905	7	1	351	1	0	360
10906	4	1	2	357	0	364
10907	4	1	376	4	0	385
10908	1	398	3	4	0	406
10909	3	3	3	400	0	409
10910	1	1	3	403	0	408
10911	2	0	2	402	0	406
10912	386	1	3	7	0	397
10913	4	2	2	385	0	393
10914	6	0	1	397	0	404
10915	392	0	4	6	0	402
10916	7	2	383	2	0	394
10917	378	0	6	2	0	386
10918	388	2	1	4	0	395
10919	7	0	393	2	0	402
10920	376	1	4	3	0	384
10921	6	0	2	397	0	405
10922	4	1	397	7	0	409
10923	395	0	4	3	0	402
10924	395	1	2	4	0	402
10925	8	0	1	391	0	400
10926	2	2	3	393	0	400
10927	4	2	2	393	0	401
10928	395	0	1	4	0	400
10929	4	388	2	5	0	399
10930	383	2	0	4	0	389
10931	4	361	2	3	0	370
10932	1	362	2	6	0	371
10933	5	3	2	372	0	382
10934	5	0	4	368	0	377
10935	3	0	2	374	0	379
10936	5	0	0	375	0	380
10937	4	0	363	8	0	375
10938	364	0	5	2	0	371
10939	4	2	2	375	0	383
10940	4	0	377	4	0	385
10941	2	3	3	368	0	376
10942	4	2	2	377	0	385
10943	1	2	407	6	0	416
10944	3	1	3	402	0	409
10945	2	1	1	411	0	415
10946	404	0	0	11	0	415
10947	3	1	404	4	0	412
10948	384	2	2	4	0	392
10949	6	398	3	2	0	409
10950	389	5	2	3	0	399
10951	383	1	2	3	0	389
10952	5	0	1	390	0	396
10953	5	0	376	5	0	386
10954	0	391	3	8	0	402
10955	0	3	5	380	0	388
10956	5	424	4	2	0	435
10957	424	3	2	4	0	433
10958	7	2	417	2	0	428
10959	1	2	397	11	0	411
10960	3	0	4	406	0	413
10961	4	0	405	4	0	413
10962	1	3	4	412	0	420
10963	2	1	3	404	0	410
10964	419	3	0	6	0	428
10965	4	425	1	5	0	435
10966	5	9	1	423	0	438
10967	2	2	1	435	0	440
10968	2	3	1	424	0	430
10969	4	417	3	6	0	430
10970	1	409	4	5	0	419
10971	406	3	5	3	0	417
10972	409	2	1	5	0	417
10973	401	0	2	4	0	407
10974	9	1	398	3	0	411
10975	3	3	2	403	0	411
10976	2	0	407	5	0	414
10977	2	398	5	5	0	410
10978	381	3	4	5	0	393
10979	2	1	366	4	0	373
10980	2	2	2	355	0	361
10981	1	3	359	7	0	370
10982	351	1	5	2	0	359
10983	360	1	0	2	0	363
10984	364	1	0	0	0	365
10985	358	0	1	2	0	361
10986	3	0	363	2	0	368
10987	352	1	3	2	0	358
10988	363	1	1	1	0	366
10989	4	359	0	0	0	363
10990	349	2	0	0	0	351
10991	355	0	1	0	0	356
10992	3	1	1	348	0	353
10993	0	356	1	5	0	362
10994	377	2	1	1	0	381
10995	407	4	0	1	0	412
10996	4	1	436	1	0	442
10997	2	1	463	0	0	466
10998	1	3	474	1	0	479
10999	1	2	6	471	0	480
11000	469	0	3	5	0	477
11001	5	471	1	5	0	482
11002	462	4	1	2	0	469
11003	6	460	3	0	0	469
11004	463	4	2	3	0	472
11005	6	453	0	2	0	461
11006	5	457	1	1	0	464
11007	443	6	0	2	0	451
11008	5	437	0	1	0	443
11009	6	5	1	428	0	440
11010	1	2	433	4	0	440
11011	0	3	438	3	0	444
11012	2	0	7	437	0	446
11013	3	1	3	449	0	456
11014	2	1	437	9	0	449
11015	1	1	6	433	0	441
11016	1	0	4	445	0	450
11017	447	2	1	10	0	460
11018	5	449	0	5	0	459
11019	3	6	1	433	0	443
11020	0	459	1	6	0	466
11021	466	7	0	3	0	476
11022	7	460	1	1	0	469
11023	462	7	1	2	0	472
11024	463	3	0	2	0	468
11025	9	1	0	461	0	471
11026	4	1	2	461	0	468
11027	1	1	0	466	0	468
11028	2	1	0	464	0	467
11029	2	2	444	8	0	456
11030	418	1	5	4	0	428
11031	6	451	2	2	0	461
11032	2	6	0	463	0	471
11033	1	2	1	465	0	469
11034	1	457	1	8	0	467
11035	459	6	1	4	0	470
11036	7	476	0	0	0	483
11037	6	6	0	475	0	487
11038	0	3	1	481	0	485
11039	2	1	0	482	0	485
11040	2	1	0	486	0	489
11041	473	2	1	11	0	487
11042	8	1	469	4	0	482
11043	4	1	7	455	0	467
11044	2	0	4	458	0	464
11045	1	1	1	473	0	476
11046	4	1	1	457	0	463
11047	451	1	1	11	0	464
11048	9	1	449	4	0	463
11049	4	2	6	436	0	448
11050	2	436	4	9	0	451
11051	0	453	0	8	0	461
11052	452	11	0	4	0	467
11053	11	5	461	1	0	478
11054	437	1	7	1	0	446
11055	10	0	456	3	0	469
11056	3	3	6	418	0	430
11057	429	1	4	7	0	441
11058	6	433	1	5	0	445
11059	5	5	2	422	0	434
11060	2	407	3	5	0	417
11061	430	6	1	6	0	443
11062	429	3	1	2	0	435
11063	10	1	0	431	0	442
11064	3	3	419	6	0	431
11065	2	1	415	4	0	422
11066	2	4	8	409	0	423
11067	2	414	3	7	0	426
11068	3	7	0	435	0	445
11069	2	4	1	422	0	429
11070	3	1	5	411	0	420
11071	2	2	427	13	0	444
11072	3	0	5	427	0	435
11073	0	6	3	429	0	438
11074	2	423	0	19	0	444
11075	1	6	1	426	0	434
11076	1	2	1	449	0	453
11077	1	0	2	452	0	455
11078	4	0	1	452	0	457
11079	0	3	0	452	0	455
11080	1	2	1	451	0	455
11081	6	1	0	438	0	445
11082	1	3	1	436	0	441
11083	1	0	418	14	0	433
11084	2	0	5	426	0	433
11085	416	1	4	10	0	431
11086	5	0	1	425	0	431
11087	6	1	429	8	0	444
11088	406	2	7	6	0	421
11089	431	0	4	5	0	440
11090	430	0	1	5	0	436
11091	432	1	0	4	0	437
11092	12	0	1	431	0	444
11093	4	1	433	7	0	445
11094	1	409	6	4	0	420
11095	3	355	3	3	0	364
11096	8	8	3	317	0	336
11097	1	1	0	329	0	331
11098	2	0	1	319	0	322
11099	0	0	3	344	0	347
11100	0	0	0	373	0	373
11101	416	1	2	7	0	426
11102	8	430	0	4	0	442
11103	3	452	0	3	0	458
11104	1	12	1	450	0	464
11105	1	3	2	469	0	475
11106	0	1	1	460	0	462
11107	1	3	0	453	0	457
11108	2	1	431	17	0	451
11109	3	431	9	7	0	450
11110	0	9	4	435	0	448
11111	418	6	1	14	0	439
11112	10	0	2	429	0	441
11113	5	1	421	16	0	443
11114	2	2	415	11	0	430
11115	2	2	437	5	0	446
11116	0	3	11	423	0	437
11117	430	2	4	16	0	452
11118	9	0	1	437	0	447
11119	7	1	2	446	0	456
11120	432	1	2	18	0	453
11121	9	0	7	440	0	456
11122	6	2	3	460	0	471
11123	1	0	462	14	0	477
11124	5	461	8	8	0	482
11125	5	6	3	488	0	502
11126	479	2	3	18	0	502
11127	11	1	4	488	0	504
11128	7	1	487	11	0	506
11129	1	0	8	491	0	500
11130	4	491	4	11	0	510
11131	2	10	2	497	0	511
11132	2	4	478	16	0	500
11133	3	539	8	11	0	561
11134	3	10	4	551	0	568
11135	2	2	4	601	0	609
11136	0	4	6	616	0	626
11137	1	4	1	619	0	625
11138	2	3	593	25	0	623
11139	2	599	12	16	0	629
11140	595	12	9	10	0	626
11141	609	11	3	8	0	631
11142	23	2	2	603	0	630
11143	8	5	596	18	0	627
11144	583	0	13	17	0	613
11145	14	2	10	590	0	616
11146	8	5	608	18	0	639
11147	5	3	15	620	0	643
11148	5	2	10	614	0	631
11149	3	2	5	629	0	639
11150	3	1	631	26	0	661
11151	6	2	14	603	0	625
11152	5	638	8	20	0	671
11153	632	12	7	13	0	664
11154	632	11	6	6	0	655
11155	638	2	4	12	0	656
11156	19	628	4	12	0	663
11157	632	12	4	10	0	658
11158	14	9	4	618	0	645
11159	616	2	9	18	0	645
11160	622	6	3	13	0	644
11161	27	2	604	9	0	642
11162	16	608	11	7	0	642
11163	608	15	10	7	0	640
11164	20	11	2	608	0	641
11165	14	4	623	17	0	658
11166	9	622	13	15	0	659
11167	617	10	11	6	0	644
11168	21	9	4	615	0	649
11169	11	6	4	630	0	651
11170	10	3	3	633	0	649
11171	7	616	2	24	0	649
11172	6	14	4	615	0	639
11173	6	613	4	19	0	642
11174	3	15	3	614	0	635
11175	3	12	608	21	0	644
11176	7	2	14	620	0	643
11177	2	8	11	622	0	643
11178	4	4	1	637	0	646
11179	2	5	610	31	0	648
11180	8	3	9	619	0	639
11181	3	2	12	623	0	640
11182	3	3	6	629	0	641
11183	3	6	4	635	0	648
11184	6	6	2	639	0	653
11185	5	1	617	32	0	655
11186	6	1	15	622	0	644
11187	4	1	10	622	0	637
11188	597	1	6	27	0	631
11189	14	587	3	19	0	623
11190	9	613	3	13	0	638
11191	7	18	2	609	0	636
11192	7	9	6	600	0	622
11193	1	587	3	28	0	619
11194	8	14	2	586	0	610
11195	7	585	3	20	0	615
11196	2	13	3	601	0	619
11197	6	11	3	587	0	607
11198	7	4	563	22	0	596
11199	6	545	13	14	0	578
11200	1	536	7	9	0	553
11201	454	12	5	14	0	485
11202	6	464	0	4	0	474
11203	7	7	1	435	0	450
11204	1	9	425	5	0	440
11205	3	3	5	430	0	441
11206	428	2	6	9	0	445
11207	6	0	448	9	0	463
11208	5	454	6	5	0	470
11209	5	8	6	394	0	413
11210	4	7	3	463	0	477
11211	465	2	1	11	0	479
11212	5	1	0	486	0	492
11213	5	0	2	477	0	484
11214	3	2	1	469	0	475
11215	1	1	0	474	0	476
11216	457	1	2	14	0	474
11217	450	2	3	9	0	464
11218	9	1	1	457	0	468
11219	449	0	1	11	0	461
11220	5	1	0	440	0	446
11221	6	2	411	9	0	428
11222	2	1	391	8	0	402
11223	1	0	9	383	0	393
11224	0	387	6	7	0	400
11225	1	2	1	384	0	388
11226	379	5	0	7	0	391
11227	4	0	0	389	0	393
11228	381	0	1	6	0	388
11229	5	0	0	386	0	391
11230	5	0	385	7	0	397
11231	2	375	3	5	0	385
11232	0	391	5	2	0	398
11233	1	11	0	328	0	340
11234	0	5	333	5	0	343
11235	0	286	1	3	0	290
11236	2	1	1	279	0	283
11237	281	0	0	1	0	282
11238	1	1	282	0	0	284
11239	0	0	1	285	0	286
11240	0	0	1	286	0	287
11241	0	0	274	1	0	275
11242	0	0	253	0	0	253
11243	0	3	272	0	0	275
11244	1	0	1	283	0	285
11245	0	0	300	1	0	301
11246	260	1	1	1	0	263
11247	1	2	0	301	0	304
11248	2	0	377	1	0	380
11249	1	382	2	2	0	387
11250	0	2	381	2	0	385
11251	2	2	2	385	0	391
11252	369	0	3	3	0	375
11253	2	1	2	391	0	396
11254	1	0	2	397	0	400
11255	416	0	0	6	0	422
11256	4	0	1	432	0	437
11257	2	0	435	5	0	442
11258	428	0	3	3	0	434
11259	4	443	2	1	0	450
11260	446	4	1	1	0	452
11261	4	1	2	450	0	457
11262	2	2	439	4	0	447
11263	2	1	440	0	0	443
11264	1	0	4	455	0	460
11265	1	0	3	439	0	443
11266	1	0	444	5	0	450
11267	0	1	419	4	0	424
11268	433	0	6	3	0	442
11269	5	0	3	442	0	450
11270	447	1	3	5	0	456
11271	5	0	2	449	0	456
11272	3	0	459	6	0	468
11273	2	0	473	2	0	477
11274	1	0	9	487	0	497
11275	2	0	4	498	0	504
11276	0	0	503	8	0	511
11277	498	0	8	4	0	510
11278	5	1	3	522	0	531
11279	549	0	2	7	0	558
11280	8	643	2	4	0	657
11281	5	9	0	659	0	673
11282	666	1	1	12	0	680
11283	10	0	668	5	0	683
11284	6	2	8	668	0	684
11285	1	0	2	675	0	678
11286	3	0	1	689	0	693
11287	3	2	673	11	0	689
11288	4	1	7	660	0	672
11289	1	662	3	12	0	678
11290	3	8	1	672	0	684
11291	0	4	668	11	0	683
11292	1	1	679	4	0	685
11293	1	2	10	681	0	694
11294	0	1	5	691	0	697
11295	0	0	5	693	0	698
11296	0	0	3	695	0	698
11297	682	0	3	17	0	702
11298	685	0	2	12	0	699
11299	14	0	680	6	0	700
11300	5	693	12	5	0	715
11301	1	6	3	709	0	719
11302	727	2	4	13	0	746
11303	628	2	5	11	0	646
11304	738	1	4	6	0	749
11305	735	2	2	8	0	747
11306	11	3	729	5	0	748
11307	698	0	10	8	0	716
11308	15	694	7	1	0	717
11309	10	9	4	702	0	725
11310	3	4	703	15	0	725
11311	4	1	10	709	0	724
11312	3	3	703	14	0	723
11313	5	2	11	714	0	732
11314	8	0	4	733	0	745
11315	724	0	4	17	0	745
11316	9	1	7	727	0	744
11317	2	4	737	13	0	756
11318	7	2	8	765	0	782
11319	769	2	3	18	0	792
11320	19	0	3	767	0	789
11321	6	1	786	13	0	806
11322	5	768	11	8	0	792
11323	799	9	8	11	0	827
11324	14	3	2	776	0	795
11325	3	802	4	16	0	825
11326	800	12	4	10	0	826
11327	12	4	801	5	0	822
11328	4	792	11	12	0	819
11329	3	11	9	808	0	831
11330	6	4	798	13	0	821
11331	3	1	12	798	0	814
11332	791	2	5	16	0	814
11333	9	4	781	12	0	806
11334	6	1	13	778	0	798
11335	6	0	799	17	0	822
11336	9	1	12	800	0	822
11337	3	1	9	811	0	824
11338	800	4	6	15	0	825
11339	10	804	2	9	0	825
11340	10	7	1	815	0	833
11341	800	4	3	21	0	828
11342	811	3	2	5	0	821
11343	18	2	3	799	0	822
11344	5	786	7	12	0	810
11345	7	803	1	6	0	817
11346	5	13	3	789	0	810
11347	2	13	4	770	0	789
11348	694	0	4	17	0	715
11349	13	1	3	690	0	707
11350	1	2	670	14	0	687
11351	637	0	9	14	0	660
11352	11	660	5	6	0	682
11353	645	6	2	7	0	660
11354	9	2	658	10	0	679
11355	3	666	9	3	0	681
11356	634	9	9	7	0	659
11357	648	2	0	9	0	659
11358	11	1	656	4	0	672
11359	645	2	11	4	0	662
11360	657	4	1	7	0	669
11361	13	669	0	2	0	684
11362	3	12	2	688	0	705
11363	2	4	677	11	0	694
11364	8	1	8	690	0	707
11365	4	1	703	11	0	719
11366	0	7	8	699	0	714
11367	703	0	6	14	0	723
11368	9	2	5	729	0	745
11369	3	3	808	13	0	827
11370	816	0	17	5	0	838
11371	16	3	9	833	0	861
11372	3	4	815	19	0	841
11373	785	0	18	3	0	806
11374	20	4	3	788	0	815
11375	3	0	793	20	0	816
11376	7	3	795	1	0	806
11377	7	19	12	756	0	794
11378	4	2	777	17	0	800
11379	6	746	12	5	0	769
11380	4	10	7	640	0	661
11381	647	0	2	14	0	663
11382	10	1	655	2	0	668
11383	2	0	644	4	0	650
11384	614	0	11	3	0	628
11385	10	1	644	3	0	658
11386	624	0	11	3	0	638
11387	10	0	638	2	0	650
11388	4	0	11	636	0	651
11389	2	0	649	11	0	662
11390	3	2	10	639	0	654
11391	1	0	651	12	0	664
11392	4	1	634	3	0	642
11393	603	0	13	3	0	619
11394	9	636	5	3	0	653
11395	647	7	5	3	0	662
11396	10	646	6	1	0	663
11397	6	10	3	648	0	667
11398	1	2	6	665	0	674
11399	664	1	0	11	0	676
11400	10	2	3	642	0	657
11401	4	0	638	12	0	654
11402	615	1	14	2	0	632
11403	628	0	4	6	0	638
11404	11	1	3	622	0	637
11405	3	2	622	10	0	637
11406	7	0	11	610	0	628
11407	1	606	4	10	0	621
11408	4	7	3	618	0	632
11409	1	2	3	628	0	634
11410	4	1	614	12	0	631
11411	557	2	9	6	0	574
11412	9	606	4	4	0	623
11413	591	7	1	5	0	604
11414	11	599	2	0	0	612
11415	3	9	1	586	0	599
11416	3	598	3	8	0	612
11417	4	8	582	4	0	598
11418	3	3	9	537	0	552
11419	4	1	2	559	0	566
11420	1	1	2	571	0	575
11421	550	0	4	12	0	566
11422	8	3	0	553	0	564
11423	524	1	4	12	0	541
11424	539	0	1	5	0	545
11425	527	3	3	4	0	537
11426	10	0	527	5	0	542
11427	5	4	7	536	0	552
11428	4	0	3	559	0	566
11429	3	2	2	575	0	582
11430	586	1	6	14	0	607
11431	13	1	2	581	0	597
11432	2	2	4	607	0	615
11433	625	1	2	20	0	648
11434	14	2	3	633	0	652
11435	4	0	633	18	0	655
11436	7	0	652	3	0	662
11437	4	4	17	652	0	677
11438	651	0	4	19	0	674
11439	635	1	5	5	0	646
11440	17	0	3	649	0	669
11441	6	1	649	17	0	673
11442	4	641	16	6	0	667
11443	5	13	3	657	0	678
11444	3	1	5	667	0	676
11445	5	1	3	668	0	677
11446	665	2	5	16	0	688
11447	14	0	666	9	0	689
11448	656	2	15	4	0	677
11449	16	1	5	661	0	683
11450	4	662	3	15	0	684
11451	675	14	3	4	0	696
11452	675	1	2	10	0	688
11453	19	2	702	4	0	727
11454	6	654	20	5	0	685
11455	3	676	3	7	0	689
11456	674	20	5	1	0	700
11457	28	1	2	671	0	702
11458	4	3	3	662	0	672
11459	8	1	5	659	0	673
11460	3	619	1	27	0	650
11461	2	645	0	10	0	657
11462	622	19	1	8	0	650
11463	21	3	1	623	0	648
11464	4	3	688	18	0	713
11465	5	3	23	725	0	756
11466	7	4	841	23	0	875
11467	5	1	851	5	0	862
11468	2	4	843	6	0	855
11469	2	744	24	6	0	776
11470	3	23	14	698	0	738
11471	2	731	14	18	0	765
11472	3	23	9	686	0	721
11473	5	9	2	753	0	769
11474	744	5	2	29	0	780
11475	23	5	5	748	0	781
11476	736	3	4	32	0	775
11477	758	2	0	16	0	776
11478	31	1	1	730	0	763
11479	15	724	1	26	0	766
11480	10	19	3	726	0	758
11481	10	729	4	28	0	771
11482	3	22	4	724	0	753
11483	0	12	716	33	0	761
11484	2	8	23	724	0	757
11485	5	5	6	745	0	761
11486	711	4	6	33	0	754
11487	19	713	8	13	0	753
11488	9	17	4	735	0	765
11489	5	6	4	742	0	757
11490	7	728	6	24	0	765
11491	7	25	3	726	0	761
11492	696	6	2	31	0	735
11493	725	7	3	19	0	754
11494	25	715	1	13	0	754
11495	12	23	3	712	0	750
11496	708	5	3	30	0	746
11497	29	710	2	16	0	757
11498	9	28	3	682	0	722
11499	8	714	2	26	0	750
11500	721	26	1	13	0	761
11501	26	15	718	5	0	764
11502	8	11	715	15	0	749
11503	5	11	22	719	0	757
11504	11	9	717	26	0	763
11505	8	8	30	716	0	762
11506	716	1	15	35	0	767
11507	22	0	756	19	0	797
11508	7	8	27	755	0	797
11509	9	10	6	789	0	814
11510	779	6	4	34	0	823
11511	27	786	6	14	0	833
11512	775	20	5	23	0	823
11513	796	10	3	19	0	828
11514	37	774	2	10	0	823
11515	13	25	6	781	0	825
11516	15	9	771	25	0	820
11517	14	8	20	763	0	805
11518	9	772	6	28	0	815
11519	779	25	7	15	0	826
11520	23	8	9	787	0	827
11521	9	9	781	29	0	828
11522	5	10	20	795	0	830
11523	10	7	7	815	0	839
11524	9	3	5	824	0	841
11525	7	4	9	820	0	840
11526	6	4	4	807	0	821
11527	4	3	770	39	0	816
11528	8	4	751	22	0	785
11529	5	725	18	18	0	766
11530	6	736	7	11	0	760
11531	719	19	11	10	0	759
11532	22	8	724	9	0	763
11533	689	11	18	4	0	722
11534	20	11	689	4	0	724
11535	10	4	666	8	0	688
11536	11	2	22	641	0	676
11537	679	2	6	19	0	706
11538	17	2	10	679	0	708
11539	3	1	11	704	0	719
11540	6	2	715	26	0	749
11541	6	3	17	719	0	745
11542	7	1	5	721	0	734
11543	2	3	3	729	0	737
11544	4	2	8	725	0	739
11545	2	1	6	734	0	743
11546	705	1	3	30	0	739
11547	16	1	2	711	0	730
11548	3	3	697	25	0	728
11549	6	0	14	703	0	723
11550	8	1	691	20	0	720
11551	6	2	15	683	0	706
11552	3	2	694	18	0	717
11553	4	5	15	649	0	673
11554	2	2	8	692	0	704
11555	2	1	675	16	0	694
11556	627	0	12	14	0	653
11557	10	0	678	14	0	702
11558	3	1	15	694	0	713
11559	695	0	7	16	0	718
11560	12	0	4	700	0	716
11561	6	1	4	708	0	719
11562	3	1	700	22	0	726
11563	5	674	12	11	0	702
11564	3	614	4	8	0	629
11565	1	588	3	12	0	604
11566	8	0	6	454	0	468
11567	456	0	3	1	0	460
11568	0	0	0	456	0	456
11569	0	0	0	454	0	454
11570	0	0	0	453	0	453
11571	0	0	0	449	0	449
11572	0	439	0	0	0	439
11573	0	0	0	439	0	439
11574	0	0	0	442	0	442
11575	0	442	0	0	0	442
11576	450	0	0	2	0	452
11577	0	0	0	456	0	456
11578	457	0	0	0	0	457
11579	448	0	0	3	0	451
11580	0	454	0	0	0	454
11581	0	0	0	479	0	479
11582	0	0	480	0	0	480
11583	0	0	461	0	0	461
11584	0	0	0	477	0	477
11585	480	0	1	2	0	483
11586	492	0	0	1	0	493
11587	1	0	0	498	0	499
11588	497	0	0	1	0	498
11589	1	490	0	2	0	493
11590	497	1	0	1	0	499
11591	1	530	0	1	0	532
11592	1	1	1	549	0	552
11593	0	2	0	554	0	556
11594	0	548	0	3	0	551
11595	543	1	0	3	0	547
11596	2	3	546	0	0	551
11597	3	0	2	541	0	546
11598	1	1	547	1	0	550
11599	0	0	2	542	0	544
11600	545	0	3	2	0	550
11601	1	0	0	546	0	547
11602	543	0	0	3	0	546
11603	540	0	0	3	0	543
11604	4	0	0	538	0	542
11605	2	0	541	1	0	544
11606	0	568	1	3	0	572
11607	1	1	0	548	0	550
11608	538	2	0	5	0	545
11609	2	0	534	2	0	538
11610	2	1	1	524	0	528
11611	1	0	2	519	0	522
11612	0	1	0	529	0	530
11613	529	0	1	4	0	534
11614	1	0	0	520	0	521
11615	1	1	1	527	0	530
11616	1	0	521	3	0	525
11617	0	0	3	522	0	525
11618	0	0	2	530	0	532
11619	0	0	1	538	0	539
11620	0	540	1	4	0	545
11621	3	1	0	524	0	528
11622	0	2	1	532	0	535
11623	519	0	0	4	0	523
11624	3	0	515	2	0	520
11625	2	0	481	2	0	485
11626	0	512	4	0	0	516
11627	1	7	2	524	0	534
11628	522	2	0	4	0	528
11629	2	0	0	520	0	522
11630	2	0	1	519	0	522
11631	0	0	0	523	0	523
11632	0	0	0	513	0	513
11633	0	0	0	498	0	498
11634	1	0	497	3	0	501
11635	0	0	1	503	0	504
11636	505	0	2	2	0	509
11637	0	482	1	2	0	485
11638	2	1	0	487	0	490
11639	0	2	0	477	0	479
11640	0	0	457	2	0	459
11641	1	1	1	442	0	445
11642	2	0	2	470	0	474
11643	484	0	0	5	0	489
11644	3	484	0	2	0	489
11645	1	2	1	488	0	492
11646	1	2	1	494	0	498
11647	1	1	0	493	0	495
11648	0	0	495	5	0	500
11649	1	0	463	2	0	466
11650	0	485	4	1	0	490
11651	0	497	2	1	0	500
11652	0	4	0	496	0	500
11653	1	451	1	3	0	456
11654	2	1	0	500	0	503
11655	0	2	0	577	0	579
11656	0	0	0	623	0	623
11657	0	0	0	781	0	781
11658	0	3	828	18	0	849
11659	1	0	8	836	0	845
11660	1	0	12	849	0	862
11661	1	1	5	874	0	881
11662	848	0	1	34	0	883
11663	9	875	3	18	0	905
11664	15	10	2	832	0	859
11665	4	895	4	14	0	917
11666	871	14	4	21	0	910
11667	761	14	0	18	0	793
11668	23	879	1	11	0	914
11669	15	908	1	9	0	933
11670	9	30	888	5	0	932
11671	5	929	11	6	0	951
11672	8	20	14	909	0	951
11673	912	21	4	18	0	955
11674	19	963	1	16	0	999
11675	15	19	5	977	0	1016
11676	6	24	2	983	0	1015
11677	5	11	3	1013	0	1032
11678	985	4	4	41	0	1034
11679	19	13	973	21	0	1026
11680	961	5	17	16	0	999
11681	25	969	15	8	0	1017
11682	14	23	4	971	0	1012
11683	11	16	963	28	0	1018
11684	914	10	21	22	0	967
11685	25	950	15	8	0	998
11686	20	23	8	935	0	986
11687	9	963	7	18	0	997
11688	10	24	4	963	0	1001
11689	7	16	4	992	0	1019
11690	4	8	960	34	0	1006
11691	7	5	925	21	0	958
11692	9	5	27	925	0	966
11693	0	8	959	27	0	994
11694	3	4	24	956	0	987
11695	10	8	19	923	0	960
11696	3	2	11	995	0	1011
11697	966	1	8	39	0	1014
11698	20	3	15	982	0	1020
11699	12	1	971	36	0	1020
11700	956	1	22	29	0	1008
11701	21	1	18	993	0	1033
11702	18	2	5	1000	0	1025
11703	975	1	5	45	0	1026
11704	21	998	6	26	0	1051
11705	23	18	5	1008	0	1054
11706	11	13	5	1005	0	1034
11707	979	4	8	38	0	1029
11708	27	2	965	29	0	1023
11709	19	8	19	975	0	1021
11710	10	4	17	983	0	1014
11711	7	6	5	973	0	991
11712	6	961	2	42	0	1011
11713	6	15	5	994	0	1020
11714	962	18	4	31	0	1015
11715	21	953	6	27	0	1007
11716	950	22	7	19	0	998
11717	24	971	1	19	0	1015
11718	974	23	2	18	0	1017
11719	27	17	963	11	0	1018
11720	21	12	935	12	0	980
11721	961	8	30	12	0	1011
11722	24	10	996	7	0	1037
11723	23	11	24	971	0	1029
11724	18	6	20	866	0	910
11725	10	8	11	1011	0	1040
11726	990	6	7	39	0	1042
11727	21	5	972	22	0	1020
11728	984	3	25	16	0	1028
11729	29	5	16	1002	0	1052
11730	1008	2	12	35	0	1057
11731	33	3	9	1021	0	1066
11732	1059	4	7	35	0	1105
11733	32	2	6	1147	0	1187
11734	21	3	1168	40	0	1232
11735	1160	2	26	26	0	1214
11736	1212	3	16	19	0	1250
11737	49	2	9	1198	0	1258
11738	29	4	4	1177	0	1214
11739	15	1192	9	47	0	1263
11740	1180	26	4	28	0	1238
11741	30	1202	7	17	0	1256
11742	1166	28	6	11	0	1211
11743	42	14	1148	14	0	1218
11744	28	12	1167	9	0	1216
11745	19	3	1127	14	0	1163
11746	1117	11	42	19	0	1189
11747	36	1160	21	9	0	1226
11748	27	30	14	1132	0	1203
11749	1150	20	8	30	0	1208
11750	35	1165	12	22	0	1234
11751	25	26	15	1129	0	1195
11752	13	1132	14	28	0	1187
11753	11	1111	14	19	0	1155
11754	14	1160	9	10	0	1193
11755	1035	43	4	14	0	1096
11756	25	1027	5	12	0	1069
11757	15	857	2	6	0	880
11758	9	821	2	2	0	834
11759	796	23	3	4	0	826
11760	790	8	1	7	0	806
11761	16	9	756	3	0	784
11762	739	9	12	4	0	764
11763	759	7	4	2	0	772
11764	23	4	2	743	0	772
11765	754	9	1	16	0	780
11766	18	6	747	4	0	775
11767	7	783	15	3	0	808
11768	788	14	3	1	0	806
11769	24	3	5	823	0	855
11770	816	5	5	22	0	848
11771	29	2	785	4	0	820
11772	798	1	16	7	0	822
11773	29	4	2	814	0	849
11774	9	2	796	20	0	827
11775	8	736	21	5	0	770
11776	9	776	4	3	0	792
11777	8	15	7	747	0	777
11778	10	4	3	745	0	762
11779	5	751	5	18	0	779
11780	755	17	8	6	0	786
11781	754	5	1	13	0	773
11782	742	7	6	7	0	762
11783	19	758	4	5	0	786
11784	13	21	2	726	0	762
11785	6	768	1	15	0	790
11786	761	17	0	9	0	787
11787	768	12	1	7	0	788
11788	23	765	1	4	0	793
11789	775	22	0	1	0	798
11790	28	4	0	764	0	796
11791	13	11	2	767	0	793
11792	769	8	1	22	0	800
11793	735	7	3	10	0	755
11794	752	7	0	7	0	766
11795	34	3	0	729	0	766
11796	14	7	1	754	0	776
11797	11	4	741	23	0	779
11798	12	6	13	729	0	760
11799	12	1	3	751	0	767
11800	11	4	722	21	0	758
11801	11	3	684	11	0	709
11802	10	3	734	10	0	757
11803	13	0	21	721	0	755
11804	2	2	703	26	0	733
11805	8	2	21	702	0	733
11806	3	4	12	722	0	741
11807	4	2	717	28	0	751
11808	2	1	730	12	0	745
11809	1	5	23	715	0	744
11810	1	3	752	19	0	775
11811	2	4	753	11	0	770
11812	2	749	23	13	0	787
11813	755	16	14	13	0	798
11814	768	5	11	9	0	793
11815	767	6	9	9	0	791
11816	19	754	11	4	0	788
11817	10	763	9	9	0	791
11818	9	20	7	780	0	816
11819	10	4	9	772	0	795
11820	7	10	768	17	0	802
11821	11	8	16	754	0	789
11822	774	3	4	20	0	801
11823	26	6	6	734	0	772
11824	11	759	3	20	0	793
11825	776	22	3	8	0	809
11826	786	8	3	11	0	808
11827	788	6	2	15	0	811
11828	26	3	754	7	0	790
11829	11	2	15	787	0	815
11830	840	5	6	27	0	878
11831	22	0	854	10	0	886
11832	8	810	20	12	0	850
11833	12	772	8	3	0	795
11834	712	20	7	2	0	741
11835	19	692	5	7	0	723
11836	8	23	2	688	0	721
11837	5	7	729	20	0	761
11838	7	8	21	721	0	757
11839	719	8	6	20	0	753
11840	22	714	2	7	0	745
11841	707	22	2	5	0	736
11842	23	8	714	5	0	750
11843	11	10	17	695	0	733
11844	4	762	5	20	0	791
11845	8	18	5	778	0	809
11846	778	7	5	21	0	811
11847	800	5	0	8	0	813
11848	803	7	3	3	0	816
11849	803	0	3	5	0	811
11850	27	7	2	752	0	788
11851	11	3	769	23	0	806
11852	12	5	18	741	0	776
11853	9	756	4	20	0	789
11854	772	16	5	8	0	801
11855	24	5	772	5	0	806
11856	747	2	17	7	0	773
11857	23	4	10	760	0	797
11858	8	2	773	23	0	806
11859	6	5	22	771	0	804
11860	780	2	7	24	0	813
11861	792	5	5	9	0	811
11862	790	1	5	7	0	803
11863	30	0	774	7	0	811
11864	16	2	29	771	0	818
11865	9	1	803	22	0	835
11866	9	791	21	5	0	826
11867	762	17	7	10	0	796
11868	24	734	4	3	0	765
11869	702	16	5	3	0	726
11870	16	7	4	687	0	714
11871	8	700	3	15	0	726
11872	704	15	3	6	0	728
11873	19	7	698	1	0	725
11874	10	6	12	679	0	707
11875	691	4	5	16	0	716
11876	19	1	692	6	0	718
11877	9	1	14	679	0	703
11878	6	639	4	16	0	665
11879	9	13	2	701	0	725
11880	4	3	7	704	0	718
11881	688	3	1	25	0	717
11882	17	695	1	7	0	720
11883	4	13	3	692	0	712
11884	5	690	2	16	0	713
11885	10	18	0	689	0	717
11886	4	704	0	13	0	721
11887	684	14	3	9	0	710
11888	17	7	703	5	0	732
11889	9	6	14	685	0	714
11890	6	2	5	697	0	710
11891	4	5	3	700	0	712
11892	2	2	2	704	0	710
11893	4	3	689	19	0	715
11894	5	687	15	13	0	720
11895	679	14	4	10	0	707
11896	721	5	5	9	0	740
11897	15	704	4	8	0	731
11898	717	15	1	6	0	739
11899	720	8	0	8	0	736
11900	22	718	2	1	0	743
11901	8	17	3	712	0	740
11902	9	734	0	14	0	757
11903	728	18	2	6	0	754
11904	15	8	720	5	0	748
11905	683	3	15	4	0	705
11906	17	1	748	5	0	771
11907	10	3	14	738	0	765
11908	747	0	6	17	0	770
11909	15	4	744	9	0	772
11910	694	1	15	7	0	717
11911	731	2	7	7	0	747
11912	20	4	3	722	0	749
11913	10	730	4	12	0	756
11914	742	15	3	9	0	769
11915	20	5	0	741	0	766
11916	6	713	2	14	0	735
11917	732	16	2	5	0	755
11918	20	4	0	746	0	770
11919	6	752	1	15	0	774
11920	6	13	1	773	0	793
11921	779	2	2	15	0	798
11922	767	1	2	9	0	779
11923	773	1	0	7	0	781
11924	20	1	3	750	0	774
11925	11	6	2	760	0	779
11926	5	4	762	13	0	784
11927	7	1	8	772	0	788
11928	3	1	800	15	0	819
11929	3	1	731	8	0	743
11930	2	5	719	1	0	727
11931	0	745	9	2	0	756
11932	7	5	8	737	0	757
11933	1	853	1	3	0	858
11934	872	6	1	3	0	882
11935	886	4	0	3	0	893
11936	11	1	0	926	0	938
11937	6	4	933	11	0	954
11938	4	0	14	942	0	960
11939	3	0	965	14	0	982
11940	3	1	18	925	0	947
11941	2	926	7	15	0	950
11942	1	958	1	4	0	964
11943	935	16	2	3	0	956
11944	13	6	899	1	0	919
11945	4	4	14	888	0	910
11946	4	2	4	921	0	931
11947	940	0	2	20	0	962
11948	15	941	2	6	0	964
11949	940	16	0	9	0	965
11950	18	952	1	2	0	973
11951	949	18	1	1	0	969
11952	966	6	0	3	0	975
11953	20	3	0	961	0	984
11954	10	2	945	15	0	972
11955	924	1	14	6	0	945
11956	19	964	6	3	0	992
11957	970	16	4	3	0	993
11958	21	5	2	942	0	970
11959	7	5	0	953	0	965
11960	4	945	0	18	0	967
11961	3	16	2	922	0	943
11962	2	954	0	21	0	977
11963	4	19	0	941	0	964
11964	7	6	1	931	0	945
11965	903	4	1	25	0	933
11966	17	3	905	10	0	935
11967	5	904	15	6	0	930
11968	9	12	5	920	0	946
11969	934	8	3	17	0	962
11970	957	3	2	7	0	969
11971	932	3	3	8	0	946
11972	27	1	914	4	0	946
11973	939	1	19	3	0	962
11974	25	1	4	955	0	985
11975	950	3	4	18	0	975
11976	20	940	2	8	0	970
11977	10	16	3	955	0	984
11978	946	7	2	22	0	977
11979	21	967	2	8	0	998
11980	7	19	1	983	0	1010
11981	8	3	959	22	0	992
11982	1022	6	17	6	0	1051
11983	1082	6	4	9	0	1101
11984	25	6	1068	7	0	1106
11985	19	1013	21	2	0	1055
11986	13	1074	6	3	0	1096
11987	11	16	6	1072	0	1105
11988	9	12	9	1022	0	1052
11989	7	8	4	1071	0	1090
11990	9	10	1066	24	0	1109
11991	1065	3	16	22	0	1106
11992	1124	3	9	12	0	1148
11993	1141	6	7	12	0	1166
11994	1162	7	6	9	0	1184
11995	1175	6	2	7	0	1190
11996	1145	5	5	8	0	1163
11997	38	5	7	1175	0	1225
11998	18	7	1145	29	0	1199
11999	14	6	1187	14	0	1221
12000	18	6	35	1216	0	1275
12001	7	8	10	1225	0	1250
12002	13	4	11	1219	0	1247
12003	13	1224	6	39	0	1282
12004	1246	31	1	25	0	1303
12005	38	1272	6	9	0	1325
12006	22	32	3	1255	0	1312
12007	1256	12	5	36	0	1309
12008	46	1235	3	15	0	1299
12009	15	40	0	1264	0	1319
12010	15	8	3	1293	0	1319
12011	10	14	3	1283	0	1310
12012	7	1239	5	54	0	1305
12013	13	35	1	1284	0	1333
12014	6	13	1252	52	0	1323
12015	7	12	35	1269	0	1323
12016	14	9	9	1314	0	1346
12017	8	6	10	1361	0	1385
12018	14	10	7	1380	0	1411
12019	10	8	1315	67	0	1400
12020	11	1297	40	25	0	1373
12021	11	39	12	1332	0	1394
12022	12	11	14	1409	0	1446
12023	12	12	14	1406	0	1444
12024	13	1313	7	69	0	1402
12025	5	1427	8	41	0	1481
12026	1388	49	7	33	0	1477
12027	53	25	4	1388	0	1470
12028	22	22	1360	57	0	1461
12029	21	1365	38	26	0	1450
12030	1312	43	12	33	0	1400
12031	52	16	1286	32	0	1386
12032	17	25	1265	14	0	1321
12033	17	15	1234	24	0	1290
12034	18	16	59	1185	0	1278
12035	9	15	1207	52	0	1283
12036	12	1127	57	20	0	1216
12037	7	45	22	1098	0	1172
12038	11	20	1133	42	0	1206
12039	13	15	50	1110	0	1188
12040	1095	14	27	56	0	1192
12041	33	10	1118	28	0	1189
12042	1086	16	43	31	0	1176
12043	44	1141	34	23	0	1242
12044	1153	38	28	18	0	1237
12045	45	17	28	1152	0	1242
12046	1179	15	19	44	0	1257
12047	1160	11	15	41	0	1227
12048	1146	13	21	21	0	1201
12049	49	1154	12	23	0	1238
12050	1178	37	12	21	0	1248
12051	1187	16	20	21	0	1244
12052	68	11	1154	17	0	1250
12053	36	1161	42	13	0	1252
12054	48	36	19	1145	0	1248
12055	39	17	17	1177	0	1250
12056	34	20	19	1190	0	1263
12057	24	16	1161	59	0	1260
12058	25	15	42	1171	0	1253
12059	25	11	1170	65	0	1271
12060	1172	9	45	39	0	1265
12061	1205	19	26	37	0	1287
12062	53	13	1237	29	0	1332
12063	1217	16	42	30	0	1305
12064	1272	7	22	27	0	1328
12065	1274	13	30	26	0	1343
12066	72	10	19	1250	0	1351
12067	44	13	1295	46	0	1398
12068	46	1267	38	34	0	1385
12069	40	35	24	1297	0	1396
12070	35	14	1298	53	0	1400
12071	37	20	1231	31	0	1319
12072	1226	22	57	25	0	1330
12073	60	1278	31	25	0	1394
12074	1285	39	29	28	0	1381
12075	1317	17	27	26	0	1387
12076	59	1278	20	26	0	1383
12077	1289	39	25	28	0	1381
12078	57	23	1312	25	0	1417
12079	32	17	1273	29	0	1351
12080	37	15	1291	21	0	1364
12081	26	1257	60	18	0	1361
12082	1236	33	29	20	0	1318
12083	1248	19	32	11	0	1310
12084	60	1188	28	7	0	1283
12085	57	1225	17	9	0	1308
12086	35	49	18	1220	0	1322
12087	44	22	21	1249	0	1336
12088	1245	27	19	38	0	1329
12089	53	1238	15	22	0	1328
12090	1222	40	16	27	0	1305
12091	1202	21	22	25	0	1270
12092	55	26	1188	15	0	1284
12093	38	1173	38	16	0	1265
12094	35	47	17	1165	0	1264
12095	1177	23	22	32	0	1254
12096	62	18	13	1148	0	1241
12097	1125	25	9	33	0	1192
12098	48	21	1076	19	0	1164
12099	40	1029	26	24	0	1119
12100	31	1031	23	16	0	1101
12101	33	34	17	992	0	1076
12102	25	1020	20	29	0	1094
12103	1039	31	16	11	0	1097
12104	36	23	1005	17	0	1081
12105	947	24	28	11	0	1010
12106	30	22	1012	19	0	1083
12107	30	15	18	1004	0	1067
12108	33	11	20	1004	0	1068
12109	17	19	14	1010	0	1060
12110	1009	16	15	29	0	1069
12111	28	13	1020	25	0	1086
12112	28	17	18	1016	0	1079
12113	30	20	12	989	0	1051
12114	18	969	19	28	0	1034
12115	33	957	8	19	0	1017
12116	21	986	19	22	0	1048
12117	12	20	19	950	0	1001
12118	17	9	8	921	0	955
12119	7	881	13	21	0	922
12120	9	900	2	19	0	930
12121	888	7	11	16	0	922
12122	11	13	3	861	0	888
12123	2	821	0	4	0	827
12124	828	2	1	2	0	833
12125	4	0	1	840	0	845
12126	900	1	1	7	0	909
12127	6	0	2	908	0	916
12128	0	1	923	6	0	930
12129	1	929	4	3	0	937
12130	909	4	0	5	0	918
12131	5	0	939	2	0	946
12132	1	935	5	1	0	942
12133	9	4	0	942	0	955
12134	1	0	1	950	0	952
12135	2	1	0	934	0	937
12136	1	3	0	902	0	906
12137	1	0	944	4	0	949
12138	0	915	3	2	0	920
12139	3	3	0	929	0	935
12140	916	0	1	5	0	922
12141	4	920	1	5	0	930
12142	0	5	5	961	0	971
12143	1	5	924	5	0	935
12144	5	929	8	0	0	942
12145	4	8	4	883	0	899
12146	0	955	2	4	0	961
12147	942	10	0	7	0	959
12148	960	0	0	8	0	968
12149	10	3	932	6	0	951
12150	924	0	11	5	0	940
12151	959	1	2	2	0	964
12152	10	5	926	1	0	942
12153	2	925	9	5	0	941
12154	10	11	0	896	0	917
12155	0	5	2	958	0	965
12156	952	2	1	19	0	974
12157	11	1	6	955	0	973
12158	1	5	956	13	0	975
12159	914	1	12	3	0	930
12160	15	5	916	3	0	939
12161	6	932	13	3	0	954
12162	880	10	2	3	0	895
12163	14	0	899	1	0	914
12164	6	2	863	0	0	871
12165	7	886	12	1	0	906
12166	3	11	7	881	0	902
12167	2	5	836	13	0	856
12168	2	1	16	749	0	768
12169	4	1	0	831	0	836
12170	8	0	818	13	0	839
12171	0	807	16	7	0	830
12172	2	14	5	812	0	833
12173	800	1	2	16	0	819
12174	794	2	5	3	0	804
12175	15	5	1	793	0	814
12176	6	2	771	15	0	794
12177	1	0	785	1	0	787
12178	3	1	18	748	0	770
12179	1	6	742	14	0	763
12180	732	2	14	7	0	755
12181	19	0	5	755	0	779
12182	4	0	3	780	0	787
12183	1	759	3	22	0	785
12184	2	18	5	771	0	796
12185	1	5	756	19	0	781
12186	697	1	18	10	0	726
12187	764	0	2	3	0	769
12188	24	1	757	7	0	789
12189	2	0	19	813	0	834
12190	4	7	8	840	0	859
12191	1	3	833	36	0	873
12192	4	1	29	865	0	899
12193	11	1	12	868	0	892
12194	12	881	3	30	0	926
12195	4	26	8	927	0	965
12196	4	7	3	966	0	980
12197	955	9	2	42	0	1008
12198	999	1	8	18	0	1026
12199	1029	0	8	10	0	1047
12200	1036	1	2	8	0	1047
12201	1041	4	4	3	0	1052
12202	38	4	987	10	0	1039
12203	16	3	26	990	0	1035
12204	10	2	9	1018	0	1039
12205	10	0	992	36	0	1038
12206	958	1	24	17	0	1000
12207	989	1	11	13	0	1014
12208	40	12	896	4	0	952
12209	987	0	24	14	0	1025
12210	1019	0	10	15	0	1044
12211	42	3	978	9	0	1032
12212	25	4	31	951	0	1011
12213	21	979	12	21	0	1033
12214	16	26	12	1030	0	1084
12215	15	7	6	1055	0	1083
12216	17	4	8	1053	0	1082
12217	13	1	1018	41	0	1073
12218	990	1	32	22	0	1045
12219	1027	3	17	15	0	1062
12220	44	6	10	1009	0	1069
12221	20	2	993	38	0	1053
12222	13	2	35	1005	0	1055
12223	15	1	1003	40	0	1059
12224	19	1	1041	11	0	1072
12225	15	1028	32	9	0	1084
12226	19	21	14	984	0	1038
12227	976	9	12	36	0	1033
12228	934	5	9	21	0	969
12229	954	2	9	18	0	983
12230	42	1	14	916	0	973
12231	15	979	12	30	0	1036
12232	8	30	2	1002	0	1042
12233	9	9	1044	41	0	1103
12234	1214	6	29	15	0	1264
12235	1330	2	12	12	0	1356
12236	59	0	10	1297	0	1366
12237	28	6	5	1334	0	1373
12238	20	6	3	1347	0	1376
12239	5	4	1300	67	0	1376
12240	1223	1	43	33	0	1300
12241	47	1247	18	16	0	1328
12242	22	1260	10	16	0	1308
12243	16	38	1255	20	0	1329
12244	13	19	29	1244	0	1305
12245	12	7	1257	41	0	1317
12246	1220	2	42	26	0	1290
12247	45	7	17	1236	0	1305
12248	18	13	1227	35	0	1293
12249	13	1263	35	19	0	1330
12250	1248	28	20	19	0	1315
12251	37	12	1260	15	0	1324
12252	23	1218	37	13	0	1291
12253	22	1268	18	13	0	1321
12254	1269	35	12	20	0	1336
12255	41	25	13	1250	0	1329
12256	26	19	1274	34	0	1353
12257	22	1271	40	18	0	1351
12258	1272	32	22	18	0	1344
12259	1288	27	18	6	0	1339
12260	49	1289	8	15	0	1361
12261	28	30	1317	17	0	1392
12262	19	18	36	1326	0	1399
12263	1320	16	28	32	0	1396
12264	1345	8	13	26	0	1392
12265	54	8	1317	13	0	1392
12266	40	14	29	1295	0	1378
12267	20	16	25	1329	0	1390
12268	13	9	1336	47	0	1405
12269	13	8	1313	36	0	1370
12270	1326	7	48	17	0	1398
12271	1357	7	29	13	0	1406
12272	1373	7	16	19	0	1415
12273	1375	10	12	21	0	1418
12274	53	5	1313	17	0	1388
12275	1349	5	43	13	0	1410
12276	55	4	24	1323	0	1406
12277	42	9	1347	34	0	1432
12278	29	7	1349	29	0	1414
12279	18	1348	46	25	0	1437
12280	19	27	28	1319	0	1393
12281	15	12	1357	35	0	1419
12282	1301	13	32	24	0	1370
12283	37	12	24	1165	0	1238
12284	29	1334	16	25	0	1404
12285	1350	27	23	23	0	1423
12286	1357	16	14	29	0	1416
12287	44	9	1342	17	0	1412
12288	37	1328	37	13	0	1415
12289	26	17	18	1281	0	1342
12290	1278	18	20	23	0	1339
12291	37	17	10	1263	0	1327
12292	31	4	1230	25	0	1290
12293	1145	9	28	13	0	1195
12294	22	1173	21	16	0	1232
12295	19	1077	15	10	0	1121
12296	22	1171	5	20	0	1218
12297	1133	28	19	23	0	1203
12298	1121	12	25	13	0	1171
12299	1127	18	12	7	0	1164
12300	45	11	6	1098	0	1160
12301	23	10	1111	18	0	1162
12302	16	13	25	1117	0	1171
12303	1117	4	15	31	0	1167
12304	35	8	6	1127	0	1176
12305	1151	3	9	29	0	1192
12306	1147	1	10	16	0	1174
12307	1107	6	16	15	0	1144
12308	30	1115	6	14	0	1165
12309	1128	23	7	17	0	1175
12310	33	14	1108	5	0	1160
12311	16	10	1112	9	0	1147
12312	23	1085	31	3	0	1142
12313	19	22	11	1066	0	1118
12314	1077	14	7	24	0	1122
12315	34	10	1058	11	0	1113
12316	1055	3	28	7	0	1093
12317	39	1	15	1033	0	1088
12318	15	1054	11	29	0	1109
12319	14	23	14	1060	0	1111
12320	9	6	1068	28	0	1111
12321	1029	13	23	11	0	1076
12322	33	1	1072	16	0	1122
12323	20	4	1053	3	0	1080
12324	1023	4	27	11	0	1065
12325	27	1021	12	13	0	1073
12326	1034	30	8	5	0	1077
12327	1062	8	7	8	0	1085
12328	38	7	1029	4	0	1078
12329	1027	2	33	4	0	1066
12330	34	12	1023	7	0	1076
12331	16	2	952	10	0	980
12332	18	5	966	5	0	994
12333	7	884	33	13	0	937
12334	679	28	18	9	0	734
12335	649	7	6	3	0	665
12336	648	1	0	1	0	650
12337	650	1	1	4	0	656
12338	14	2	638	1	0	655
12339	5	0	12	627	0	644
12340	1	1	7	643	0	652
12341	638	0	2	15	0	655
12342	11	652	3	3	0	669
12343	3	11	4	648	0	666
12344	645	3	1	12	0	661
12345	12	4	644	2	0	662
12346	7	1	10	639	0	657
12347	4	3	628	11	0	646
12348	4	618	14	2	0	638
12349	5	12	4	582	0	603
12350	583	3	4	11	0	601
12351	13	2	2	594	0	611
12352	4	0	588	13	0	605
12353	2	593	12	3	0	610
12354	582	11	3	2	0	598
12355	14	3	587	1	0	605
12356	573	0	12	1	0	586
12357	13	594	3	2	0	612
12358	604	12	3	2	0	621
12359	622	4	1	3	0	630
12360	18	0	0	618	0	636
12361	5	0	596	13	0	614
12362	1	595	13	3	0	612
12363	3	14	4	622	0	643
12364	3	4	1	630	0	638
12365	3	0	1	668	0	672
12366	5	0	2	702	0	709
12367	3	809	1	19	0	832
12368	867	21	0	7	0	895
12369	23	871	2	2	0	898
12370	8	21	2	923	0	954
12371	934	3	2	29	0	968
12372	25	3	3	943	0	974
12373	7	3	936	26	0	972
12374	5	941	25	7	0	978
12375	10	24	4	950	0	988
12376	5	6	4	992	0	1007
12377	943	5	4	31	0	983
12378	29	6	947	7	0	989
12379	934	4	23	9	0	970
12380	961	3	6	7	0	977
12381	958	3	5	6	0	972
12382	34	4	930	5	0	973
12383	12	2	26	918	0	958
12384	10	7	6	926	0	949
12385	6	4	910	37	0	957
12386	8	1	933	16	0	958
12387	936	2	30	11	0	979
12388	38	2	9	957	0	1006
12389	964	4	10	32	0	1010
12390	1008	4	4	11	0	1027
12391	38	3	3	985	0	1029
12392	14	4	1043	38	0	1099
12393	1015	2	35	13	0	1065
12394	42	2	13	1060	0	1117
12395	12	4	1062	37	0	1115
12396	15	1040	30	13	0	1098
12397	1041	27	12	13	0	1093
12398	36	1050	7	7	0	1100
12399	21	28	7	957	0	1013
12400	15	1056	11	27	0	1109
12401	1040	29	14	11	0	1094
12402	1075	9	7	11	0	1102
12403	34	1045	7	21	0	1107
12404	1059	26	10	17	0	1112
12405	1072	14	6	9	0	1101
12406	37	1042	8	19	0	1106
12407	1059	28	15	14	0	1116
12408	47	12	6	1043	0	1108
12409	20	9	5	1076	0	1110
12410	1060	4	10	36	0	1110
12411	42	14	7	992	0	1055
12412	32	1021	6	33	0	1092
12413	1032	31	6	14	0	1083
12414	1041	10	6	19	0	1076
12415	39	1033	8	10	0	1090
12416	1035	26	9	17	0	1087
12417	1059	12	8	19	0	1098
12418	44	11	5	1036	0	1096
12419	28	11	1042	34	0	1115
12420	21	1054	26	19	0	1120
12421	1074	34	7	11	0	1126
12422	1080	11	5	16	0	1112
12423	53	13	1038	13	0	1117
12424	1039	11	27	16	0	1093
12425	52	9	999	14	0	1074
12426	1034	10	31	17	0	1092
12427	37	15	9	1022	0	1083
12428	22	14	1026	32	0	1094
12429	26	14	1026	15	0	1081
12430	16	14	29	1016	0	1075
12431	31	15	9	1014	0	1069
12432	25	11	981	33	0	1050
12433	29	7	27	983	0	1046
12434	21	12	997	29	0	1059
12435	29	13	28	982	0	1052
12436	28	8	14	989	0	1039
12437	24	947	13	33	0	1017
12438	20	939	19	22	0	1000
12439	25	992	14	17	0	1048
12440	12	34	16	993	0	1055
12441	26	13	11	1016	0	1066
12442	19	13	965	44	0	1041
12443	940	10	33	23	0	1006
12444	995	11	22	17	0	1045
12445	42	959	12	25	0	1038
12446	965	31	8	23	0	1027
12447	46	13	19	948	0	1026
12448	973	15	9	36	0	1033
12449	987	10	15	21	0	1033
12450	39	12	15	972	0	1038
12451	941	7	12	40	0	1000
12452	40	918	7	19	0	984
12453	24	950	10	13	0	997
12454	25	38	9	898	0	970
12455	24	947	10	35	0	1016
12456	24	23	7	913	0	967
12457	21	12	18	923	0	974
12458	908	12	9	27	0	956
12459	44	868	10	18	0	940
12460	872	29	8	18	0	927
12461	862	16	8	17	0	903
12462	33	858	9	22	0	922
12463	867	20	10	17	0	914
12464	38	11	848	21	0	918
12465	22	821	17	24	0	884
12466	798	18	9	12	0	837
12467	20	16	684	7	0	727
12468	9	590	13	3	0	615
12469	18	615	2	7	0	642
12470	550	14	13	4	0	581
12471	554	4	2	6	0	566
12472	547	2	4	7	0	560
12473	17	532	3	6	0	558
12474	5	14	4	540	0	563
12475	544	6	5	5	0	560
12476	541	4	2	6	0	553
12477	13	9	3	520	0	545
12478	13	2	524	8	0	547
12479	7	1	516	7	0	531
12480	5	6	13	517	0	541
12481	10	3	4	524	0	541
12482	2	3	532	15	0	552
12483	2	6	9	525	0	542
12484	4	533	5	9	0	551
12485	519	7	4	11	0	541
12486	10	3	0	512	0	525
12487	496	2	3	7	0	508
12488	5	486	2	7	0	500
12489	5	507	3	5	0	520
12490	503	2	1	3	0	509
12491	3	4	491	2	0	500
12492	404	3	1	1	0	409
12493	2	418	3	1	0	424
12494	4	3	2	394	0	403
12495	405	1	1	1	0	408
12496	1	1	0	403	0	405
12497	424	0	1	3	0	428
12498	417	1	1	3	0	422
12499	2	457	0	2	0	461
12500	451	1	1	1	0	454
12501	2	444	0	2	0	448
12502	445	2	0	2	0	449
12503	2	2	0	445	0	449
12504	450	3	1	2	0	456
12505	4	2	0	450	0	456
12506	449	0	1	5	0	455
12507	451	0	0	2	0	453
12508	458	2	1	1	0	462
12509	462	0	0	1	0	463
12510	469	0	1	2	0	472
12511	2	2	0	475	0	479
12512	462	0	0	2	0	464
12513	3	456	1	1	0	461
12514	1	3	462	1	0	467
12515	2	1	1	459	0	463
12516	1	2	472	2	0	477
12517	3	0	2	474	0	479
12518	1	1	473	3	0	478
12519	455	1	2	0	0	458
12520	2	0	0	465	0	467
12521	1	1	465	1	0	468
12522	1	1	472	0	0	474
12523	4	2	1	476	0	483
12524	521	0	4	5	0	530
12525	4	537	2	0	0	543
12526	540	5	0	1	0	546
12527	543	1	0	1	0	545
12528	6	543	0	0	0	549
12529	610	3	0	5	0	618
12530	4	2	0	617	0	623
12531	1	0	0	621	0	622
12532	3	0	0	624	0	627
12533	620	0	0	6	0	626
12534	4	639	0	2	0	645
12535	1	6	1	648	0	656
12536	0	1	1	651	0	653
12537	639	0	0	10	0	649
12538	7	1	0	643	0	651
12539	2	0	646	6	0	654
12540	1	655	9	3	0	668
12541	670	9	1	1	0	681
12542	12	1	1	663	0	677
12543	2	687	0	9	0	698
12544	693	8	0	3	0	704
12545	9	3	686	1	0	699
12546	3	685	9	0	0	697
12547	699	10	2	0	0	711
12548	9	2	1	688	0	700
12549	3	1	0	690	0	694
12550	4	1	687	10	0	702
12551	2	0	9	677	0	688
12552	2	0	727	10	0	739
12553	0	0	683	3	0	686
12554	2	1	742	1	0	746
12555	733	0	11	2	0	746
12556	755	2	3	0	0	760
12557	767	0	1	0	0	768
12558	12	1	0	754	0	767
12559	7	755	0	8	0	770
12560	2	779	0	3	0	784
12561	773	9	0	3	0	785
12562	782	3	0	7	0	792
12563	12	763	1	0	0	776
12564	755	7	0	4	0	766
12565	9	2	745	0	0	756
12566	3	1	735	0	0	739
12567	2	0	11	727	0	740
12568	5	0	2	750	0	757
12569	3	1	746	9	0	759
12570	3	0	6	727	0	736
12571	738	0	2	10	0	750
12572	7	0	736	2	0	745
12573	715	1	8	2	0	726
12574	10	0	2	744	0	756
12575	3	0	793	6	0	802
12576	1	801	9	2	0	813
12577	798	8	2	3	0	811
12578	8	2	797	1	0	808
12579	778	1	7	2	0	788
12580	9	0	2	792	0	803
12581	782	0	2	10	0	794
12582	11	1	835	3	0	850
12583	3	0	8	843	0	854
12584	865	0	3	11	0	879
12585	880	1	1	4	0	886
12586	923	0	0	2	0	925
12587	933	0	1	1	0	935
12588	14	1	0	894	0	909
12589	7	1	0	888	0	896
12590	2	1	883	12	0	898
12591	0	0	10	886	0	896
12592	3	0	3	875	0	881
12593	0	919	2	14	0	935
12594	925	12	1	5	0	943
12595	934	2	2	7	0	945
12596	13	959	3	1	0	976
12597	6	14	0	956	0	976
12598	5	2	0	971	0	978
12599	916	2	0	18	0	936
12600	17	0	956	7	0	980
12601	5	1	14	966	0	986
12602	2	1	966	16	0	985
12603	937	0	15	3	0	955
12604	968	0	3	5	0	976
12605	971	1	2	2	0	976
12606	22	0	0	959	0	981
12607	8	0	1	959	0	968
12608	953	0	1	20	0	974
12609	15	1	939	10	0	965
12610	5	0	15	941	0	961
12611	937	0	4	19	0	960
12612	16	1	2	944	0	963
12613	5	0	977	15	0	997
12614	4	3	946	5	0	958
12615	943	1	18	5	0	967
12616	18	982	7	3	0	1010
12617	1008	16	4	4	0	1032
12618	1023	5	1	6	0	1035
12619	22	3	1	1019	0	1045
12620	8	4	3	1010	0	1025
12621	4	1002	2	21	0	1029
12622	993	15	2	12	0	1022
12623	17	990	0	4	0	1011
12624	10	976	3	0	0	989
12625	5	12	6	951	0	974
12626	950	5	1	15	0	971
12627	957	3	1	7	0	968
12628	15	0	1	943	0	959
12629	10	0	0	877	0	887
12630	7	2	2	878	0	889
12631	859	0	1	26	0	886
12632	14	1	863	8	0	886
12633	8	855	15	3	0	881
12634	848	10	5	4	0	867
12635	15	5	2	843	0	865
12636	9	2	833	15	0	859
12637	5	2	814	9	0	830
12638	3	822	13	9	0	847
12639	3	872	7	4	0	886
12640	4	13	7	842	0	866
12641	6	756	1	10	0	773
12642	6	11	0	845	0	862
12643	4	6	3	852	0	865
12644	841	1	3	18	0	863
12645	13	1	1	850	0	865
12646	7	3	1	857	0	868
12647	4	2	846	13	0	865
12648	4	3	8	863	0	878
12649	865	2	5	15	0	887
12650	872	2	2	9	0	885
12651	15	899	1	5	0	920
12652	864	9	1	4	0	878
12653	12	5	851	6	0	874
12654	4	836	7	7	0	854
12655	6	8	5	840	0	859
12656	5	4	5	852	0	866
12657	3	5	1	865	0	874
12658	860	3	0	16	0	879
12659	806	1	2	13	0	822
12660	13	2	841	7	0	863
12661	8	0	814	4	0	826
12662	5	2	833	3	0	843
12663	2	836	14	2	0	854
12664	5	841	4	5	0	855
12665	828	11	3	9	0	851
12666	834	5	4	9	0	852
12667	14	2	4	849	0	869
12668	11	4	1	845	0	861
12669	4	853	2	13	0	872
12670	2	10	2	871	0	885
12671	3	8	856	11	0	878
12672	2	866	11	10	0	889
12673	3	13	5	875	0	896
12674	8	6	867	11	0	892
12675	6	3	9	794	0	812
12676	3	824	3	16	0	846
12677	842	9	3	10	0	864
12678	841	5	4	7	0	857
12679	878	3	3	6	0	890
12680	15	2	4	872	0	893
12681	7	4	2	895	0	908
12682	877	2	2	21	0	902
12683	15	883	4	6	0	908
12684	910	16	3	4	0	933
12685	14	7	976	4	0	1001
12686	964	2	16	2	0	984
12687	1008	2	7	4	0	1021
12688	20	4	1	1008	0	1033
12689	1022	3	3	17	0	1045
12690	1073	2	2	9	0	1086
12691	27	1	2	1075	0	1105
12692	7	3	1055	18	0	1083
12693	1008	1	15	13	0	1037
12694	17	4	1077	2	0	1100
12695	9	1111	18	4	0	1142
12696	5	15	13	1117	0	1150
12697	6	6	1	1179	0	1192
12698	1291	0	1	29	0	1321
12699	24	4	1289	10	0	1327
12700	9	3	25	1217	0	1254
12701	2	1268	5	20	0	1295
12702	7	1289	0	5	0	1301
12703	5	25	3	1281	0	1314
12704	3	8	1265	24	0	1300
12705	4	1	25	1283	0	1313
12706	4	1	6	1275	0	1286
12707	5	1	1243	29	0	1278
12708	3	1274	25	9	0	1311
12709	1245	25	4	7	0	1281
12710	26	1282	3	5	0	1316
12711	10	25	3	1267	0	1305
12712	1229	6	3	27	0	1265
12713	24	1230	1	9	0	1264
12714	11	26	1229	3	0	1269
12715	1198	8	23	3	0	1232
12716	27	1242	6	4	0	1279
12717	1240	26	4	6	0	1276
12718	29	5	1214	4	0	1252
12719	1201	3	27	2	0	1233
12720	30	4	4	1221	0	1259
12721	11	4	1211	26	0	1252
12722	6	3	26	1167	0	1202
12723	4	1173	6	29	0	1212
12724	4	26	6	1214	0	1250
12725	4	8	3	1231	0	1246
12726	4	6	1195	31	0	1236
12727	6	5	26	1203	0	1240
12728	3	6	1002	28	0	1039
12729	6	1209	20	10	0	1245
12730	9	27	8	1208	0	1252
12731	3	6	1218	33	0	1260
12732	5	1205	26	7	0	1243
12733	3	1269	5	4	0	1281
12734	4	31	1233	6	0	1274
12735	10	8	1219	1	0	1238
12736	9	6	31	1212	0	1258
12737	1208	1	8	33	0	1250
12738	27	1215	7	13	0	1262
12739	9	30	4	1179	0	1222
12740	1173	8	1	33	0	1215
12741	34	1176	7	8	0	1225
12742	1161	28	4	6	0	1199
12743	35	1195	4	9	0	1243
12744	1203	29	5	9	0	1246
12745	1198	10	5	7	0	1220
12746	1219	6	3	9	0	1237
12747	38	1265	3	9	0	1315
12748	12	36	8	1257	0	1313
12749	14	6	1241	33	0	1294
12750	7	1247	31	10	0	1295
12751	11	31	9	1199	0	1250
12752	8	10	8	1242	0	1268
12753	6	5	1189	40	0	1240
12754	6	1184	30	14	0	1234
12755	1179	32	7	11	0	1229
12756	34	1191	4	11	0	1240
12757	13	35	10	1173	0	1231
12758	6	10	1182	31	0	1229
12759	1129	10	28	16	0	1183
12760	31	8	8	1185	0	1232
12761	6	5	1164	34	0	1209
12762	1127	3	32	15	0	1177
12763	32	1157	10	9	0	1208
12764	1162	31	3	10	0	1206
12765	1191	10	5	7	0	1213
12766	30	12	3	1151	0	1196
12767	13	4	1149	33	0	1199
12768	11	1138	27	11	0	1187
12769	5	32	1148	10	0	1195
12770	5	8	33	1114	0	1160
12771	5	13	11	1165	0	1194
12772	1126	7	5	32	0	1170
12773	30	7	1127	12	0	1176
12774	10	1107	30	8	0	1155
12775	9	30	4	1113	0	1156
12776	10	7	8	1138	0	1163
12777	1093	5	8	35	0	1141
12778	29	1098	3	16	0	1146
12779	10	32	3	1072	0	1117
12780	1034	10	2	33	0	1079
12781	24	1042	5	11	0	1082
12782	1000	24	0	5	0	1029
12783	987	8	4	12	0	1011
12784	27	959	8	5	0	999
12785	845	22	7	3	0	877
12786	24	852	4	6	0	886
12787	827	17	2	5	0	851
12788	824	5	4	2	0	835
12789	26	808	1	5	0	840
12790	751	20	2	3	0	776
12791	775	4	5	3	0	787
12792	774	4	2	5	0	785
12793	18	3	759	4	0	784
12794	6	3	697	2	0	708
12795	8	3	712	1	0	724
12796	684	6	25	3	0	718
12797	12	2	651	2	0	667
12798	8	1	535	1	0	545
12799	4	2	10	508	0	524
12800	516	1	5	6	0	528
12801	9	2	520	2	0	533
12802	2	2	543	3	0	550
12803	4	0	10	543	0	557
12804	4	2	3	555	0	564
12805	2	1	2	557	0	562
12806	1	0	554	11	0	566
12807	2	1	9	552	0	564
12808	549	1	2	9	0	561
12809	8	552	3	3	0	566
12810	6	8	1	544	0	559
12811	4	6	2	557	0	569
12812	1	0	559	11	0	571
12813	2	549	9	3	0	563
12814	545	9	2	4	0	560
12815	9	552	3	2	0	566
12816	4	9	2	543	0	558
12817	2	3	546	8	0	559
12818	4	1	6	558	0	569
12819	4	0	2	576	0	582
12820	595	2	4	13	0	614
12821	10	1	3	584	0	598
12822	3	599	2	15	0	619
12823	3	656	0	5	0	664
12824	1	13	660	3	0	677
12825	664	3	13	2	0	682
12826	16	2	2	677	0	697
12827	5	3	2	683	0	693
12828	4	3	3	690	0	700
12829	697	0	3	16	0	716
12830	14	713	2	7	0	736
12831	699	13	1	10	0	723
12832	19	3	698	3	0	723
12833	3	5	689	3	0	700
12834	712	1	16	5	0	734
12835	17	2	10	711	0	740
12836	4	2	8	727	0	741
12837	4	2	4	738	0	748
12838	3	3	733	21	0	760
12839	730	0	15	15	0	760
12840	743	3	6	8	0	760
12841	727	3	6	5	0	741
12842	17	1	5	720	0	743
12843	10	1	699	17	0	727
12844	10	0	675	9	0	694
12845	2	4	710	10	0	726
12846	6	694	15	12	0	727
12847	8	11	8	634	0	661
12848	627	5	11	10	0	653
12849	16	5	640	6	0	667
12850	644	2	11	10	0	667
12851	13	3	4	651	0	671
12852	6	3	5	648	0	662
12853	8	632	6	12	0	658
12854	5	638	2	7	0	652
12855	6	658	2	8	0	674
12856	2	13	7	650	0	672
12857	645	5	4	19	0	673
12858	651	4	3	8	0	666
12859	13	2	643	7	0	665
12860	635	1	11	10	0	657
12861	17	3	642	5	0	667
12862	5	5	18	643	0	671
12863	8	2	646	12	0	668
12864	638	1	18	2	0	659
12865	15	1	5	653	0	674
12866	4	1	671	18	0	694
12867	6	2	643	7	0	658
12868	652	3	14	8	0	677
12869	672	4	6	5	0	687
12870	14	683	8	3	0	708
12871	8	10	3	686	0	707
12872	9	4	690	12	0	715
12873	8	6	680	3	0	697
12874	6	5	15	668	0	694
12875	665	4	7	16	0	692
12876	11	669	8	8	0	696
12877	4	9	7	678	0	698
12878	681	4	4	15	0	704
12879	18	6	2	685	0	711
12880	6	690	0	22	0	718
12881	11	10	4	705	0	730
12882	706	3	7	14	0	730
12883	14	8	4	709	0	735
12884	703	3	7	15	0	728
12885	15	711	6	5	0	737
12886	699	11	2	15	0	727
12887	18	3	692	5	0	718
12888	674	5	16	7	0	702
12889	700	1	5	8	0	714
12890	20	712	8	3	0	743
12891	9	12	6	690	0	717
12892	10	2	682	15	0	709
12893	14	6	671	6	0	697
12894	648	9	10	15	0	682
12895	627	3	8	7	0	645
12896	12	642	9	3	0	666
12897	5	637	4	5	0	651
12898	622	7	3	4	0	636
12899	13	616	3	4	0	636
12900	4	660	1	5	0	670
12901	9	6	2	643	0	660
12902	5	4	5	629	0	643
12903	2	4	631	11	0	648
12904	7	3	6	623	0	639
12905	613	3	4	15	0	635
12906	10	5	617	4	0	636
12907	6	0	611	9	0	626
12908	8	1	5	617	0	631
12909	5	3	5	629	0	642
12910	9	1	4	622	0	636
12911	3	3	633	9	0	648
12912	6	1	6	612	0	625
12913	6	1	3	637	0	647
12914	625	5	6	8	0	644
12915	10	623	2	6	0	641
12916	614	6	4	7	0	631
12917	10	4	618	6	0	638
12918	565	1	3	2	0	571
12919	9	595	2	1	0	607
12920	546	2	1	3	0	552
12921	2	543	3	0	0	548
12922	495	2	1	0	0	498
12923	1	488	1	1	0	491
12924	0	473	4	0	0	477
12925	2	0	2	475	0	479
12926	475	0	1	0	0	476
12927	473	0	0	0	0	473
12928	470	0	0	1	0	471
12929	0	0	463	0	0	463
12930	1	1	450	0	0	452
12931	0	0	0	467	0	467
12932	0	467	1	0	0	468
12933	0	476	0	0	0	476
12934	0	0	0	461	0	461
12935	465	0	0	1	0	466
12936	457	0	1	0	0	458
12937	454	0	0	0	0	454
12938	1	0	458	0	0	459
12939	1	0	1	452	0	454
12940	0	0	472	2	0	474
12941	475	0	2	0	0	477
12942	479	0	0	1	0	480
12943	2	0	494	0	0	496
12944	0	0	2	498	0	500
12945	498	0	0	3	0	501
12946	2	1	0	502	0	505
12947	1	0	0	501	0	502
12948	2	0	0	521	0	523
12949	578	0	0	6	0	584
12950	6	0	0	606	0	612
12951	638	1	0	7	0	646
12952	6	720	0	2	0	728
12953	3	5	1	757	0	766
12954	3	4	0	763	0	770
12955	2	1	0	763	0	766
12956	757	1	0	13	0	771
12957	6	0	0	754	0	760
12958	5	0	1	758	0	764
12959	772	0	1	10	0	783
12960	775	1	0	6	0	782
12961	770	1	0	3	0	774
12962	11	1	747	2	0	761
12963	6	0	712	3	0	721
12964	747	0	9	3	0	759
12965	11	1	5	746	0	763
12966	5	2	1	720	0	728
12967	757	0	0	14	0	771
12968	747	1	0	8	0	756
12969	751	0	1	4	0	756
12970	13	719	1	2	0	735
12971	737	6	1	2	0	746
12972	728	4	1	2	0	735
12973	11	719	1	4	0	735
12974	7	755	0	4	0	766
12975	5	8	0	757	0	770
12976	768	3	1	8	0	780
12977	770	1	2	7	0	780
12978	770	1	1	2	0	774
12979	14	1	1	768	0	784
12980	763	0	1	7	0	771
12981	9	1	755	4	0	769
12982	738	3	6	3	0	750
12983	8	0	755	3	0	766
12984	6	1	735	3	0	745
12985	8	0	9	742	0	759
12986	757	2	5	6	0	770
12987	10	2	1	754	0	767
12988	6	2	763	10	0	781
12989	5	1	769	5	0	780
12990	7	1	8	749	0	765
12991	763	2	6	9	0	780
12992	8	763	3	5	0	779
12993	7	5	2	764	0	778
12994	8	2	0	777	0	787
12995	3	1	774	12	0	790
12996	4	0	755	8	0	767
12997	2	0	14	783	0	799
12998	789	0	7	11	0	807
12999	9	1	804	6	0	820
13000	9	3	6	769	0	787
13001	4	1	6	773	0	784
13002	4	0	5	772	0	781
13003	749	1	2	16	0	768
13004	9	3	688	10	0	710
13005	6	747	6	7	0	766
13006	6	8	3	760	0	777
13007	4	4	772	10	0	790
13008	4	752	8	7	0	771
13009	2	769	4	7	0	782
13010	770	11	4	3	0	788
13011	12	769	3	4	0	788
13012	771	9	2	6	0	788
13013	12	6	758	4	0	780
13014	9	3	10	767	0	789
13015	782	0	7	15	0	804
13016	14	802	4	7	0	827
13017	7	12	797	5	0	821
13018	8	6	12	746	0	772
13019	5	817	5	12	0	839
13020	4	10	2	845	0	861
13021	844	7	2	14	0	867
13022	13	857	2	7	0	879
13023	859	13	2	5	0	879
13024	862	7	1	4	0	874
13025	19	5	868	1	0	893
13026	11	897	13	3	0	924
13027	4	12	5	938	0	959
13028	5	7	980	14	0	1006
13029	6	3	1067	7	0	1083
13030	10	5	22	1103	0	1140
13031	1182	4	12	21	0	1219
13032	1166	2	5	16	0	1189
13033	36	1	4	1180	0	1221
13034	14	4	1218	21	0	1257
13035	9	1219	22	9	0	1259
13036	1248	17	9	13	0	1287
13037	1258	6	12	8	0	1284
13038	27	1254	6	2	0	1289
13039	1271	16	1	8	0	1296
13040	29	8	1232	3	0	1272
13041	1231	7	22	7	0	1267
13042	1191	4	9	7	0	1211
13043	31	2	1232	1	0	1266
13044	20	5	21	1207	0	1253
13045	11	1	1204	22	0	1238
13046	7	1168	27	8	0	1210
13047	3	1202	9	10	0	1224
13048	14	23	7	1143	0	1187
13049	7	11	1148	15	0	1181
13050	3	1082	13	7	0	1105
13051	6	1090	6	7	0	1109
13052	959	20	19	12	0	1010
13053	980	7	4	5	0	996
13054	21	5	2	971	0	999
13055	13	4	3	943	0	963
13056	7	971	2	18	0	998
13057	961	13	5	10	0	989
13058	971	5	4	7	0	987
13059	14	961	1	2	0	978
13060	9	15	1	975	0	1000
13061	8	3	970	14	0	995
13062	5	9	11	967	0	992
13063	969	6	5	18	0	998
13064	18	1	8	974	0	1001
13065	7	3	1	989	0	1000
13066	981	0	2	24	0	1007
13067	20	0	2	938	0	960
13068	4	942	1	23	0	970
13069	9	14	2	953	0	978
13070	5	6	1	970	0	982
13071	3	9	1	947	0	960
13072	4	949	1	21	0	975
13073	3	19	5	933	0	960
13074	2	5	916	26	0	949
13075	7	7	17	909	0	940
13076	3	4	906	28	0	941
13077	3	892	23	13	0	931
13078	5	17	5	931	0	958
13079	3	4	4	940	0	951
13080	4	9	5	932	0	950
13081	5	5	0	940	0	950
13082	1	4	909	32	0	946
13083	0	897	17	16	0	930
13084	2	17	6	929	0	954
13085	1	4	932	26	0	963
13086	5	7	23	926	0	961
13087	925	3	8	30	0	966
13088	18	3	894	9	0	924
13089	893	4	17	10	0	924
13090	31	0	4	917	0	952
13091	6	3	928	23	0	960
13092	8	915	22	11	0	956
13093	9	20	3	918	0	950
13094	7	3	950	22	0	982
13095	5	938	18	8	0	969
13096	4	22	7	941	0	974
13097	933	5	11	23	0	972
13098	958	6	8	9	0	981
13099	969	3	2	11	0	985
13100	27	3	954	4	0	988
13101	14	959	22	3	0	998
13102	9	18	4	978	0	1009
13103	11	5	12	1005	0	1033
13104	1008	13	2	29	0	1052
13105	22	1036	4	13	0	1075
13106	1040	20	5	9	0	1074
13107	1033	11	5	7	0	1056
13108	1039	8	2	12	0	1061
13109	31	10	1020	4	0	1065
13110	1039	3	19	7	0	1068
13111	36	3	6	1036	0	1081
13112	11	3	8	1058	0	1080
13113	1043	5	2	27	0	1077
13114	26	5	4	1025	0	1060
13115	11	1017	2	34	0	1064
13116	13	20	1	1005	0	1039
13117	981	6	1	34	0	1022
13118	22	6	966	13	0	1007
13119	7	977	19	8	0	1011
13120	11	18	2	973	0	1004
13121	969	6	6	24	0	1005
13122	24	5	961	9	0	999
13123	11	6	21	953	0	991
13124	17	1	942	25	0	985
13125	6	3	906	11	0	926
13126	7	4	904	11	0	926
13127	5	0	889	6	0	900
13128	5	1	854	6	0	866
13129	697	4	38	5	0	744
13130	11	699	7	5	0	722
13131	621	10	5	0	0	636
13132	624	1	4	4	0	633
13133	11	608	4	1	0	624
13134	4	626	5	3	0	638
13135	627	10	1	2	0	640
13136	619	2	3	3	0	627
13137	14	4	1	608	0	627
13138	3	625	1	10	0	639
13139	635	10	1	4	0	650
13140	9	620	4	2	0	635
13141	3	12	2	619	0	636
13142	625	2	3	10	0	640
13143	637	2	3	2	0	644
13144	11	2	3	629	0	645
13145	4	1	3	639	0	647
13146	3	1	637	8	0	649
13147	4	2	9	628	0	643
13148	3	4	629	12	0	648
13149	8	1	9	588	0	606
13150	6	0	2	614	0	622
13151	610	3	2	15	0	630
13152	603	4	2	6	0	615
13153	13	3	590	3	0	609
13154	586	1	9	3	0	599
13155	12	0	3	602	0	617
13156	5	6	610	11	0	632
13157	7	1	9	608	0	625
13158	7	2	2	643	0	654
13159	4	1	646	13	0	664
13160	4	0	8	648	0	660
13161	5	0	686	11	0	702
13162	3	0	12	699	0	714
13163	776	1	4	15	0	796
13164	12	789	6	8	0	815
13165	806	12	3	10	0	831
13166	18	838	4	2	0	862
13167	830	15	3	8	0	856
13168	18	834	2	5	0	859
13169	831	15	0	5	0	851
13170	19	836	1	0	0	856
13171	9	16	4	837	0	866
13172	7	8	835	13	0	863
13173	7	4	838	7	0	856
13174	5	4	17	844	0	870
13175	849	3	7	17	0	876
13176	13	871	3	10	0	897
13177	12	15	4	866	0	897
13178	1	6	866	19	0	892
13179	4	3	866	8	0	881
13180	4	8	18	825	0	855
13181	4	865	5	15	0	889
13182	879	16	4	6	0	905
13183	18	5	900	5	0	928
13184	5	6	875	3	0	889
13185	4	910	19	7	0	940
13186	917	19	9	1	0	946
13187	922	7	6	4	0	939
13188	18	4	2	919	0	943
13189	937	5	6	15	0	963
13190	929	3	6	5	0	943
13191	19	915	8	6	0	948
13192	923	17	4	3	0	947
13193	22	6	948	2	0	978
13194	11	4	15	921	0	951
13195	8	5	6	929	0	948
13196	930	3	4	17	0	954
13197	17	922	5	7	0	951
13198	900	13	4	8	0	925
13199	15	918	1	5	0	939
13200	11	919	1	3	0	934
13201	6	16	908	1	0	931
13202	3	7	875	5	0	890
13203	838	9	13	8	0	868
13204	862	6	11	1	0	880
13205	19	2	836	2	0	859
13206	7	797	11	3	0	818
13207	6	826	3	1	0	836
13208	822	16	1	4	0	843
13209	821	5	4	1	0	831
13210	14	9	2	825	0	850
13211	850	3	6	13	0	872
13212	16	1	6	846	0	869
13213	7	3	854	12	0	876
13214	5	3	803	9	0	820
13215	861	3	13	1	0	878
13216	12	3	6	860	0	881
13217	6	924	2	11	0	943
13218	938	13	4	8	0	963
13219	933	3	3	5	0	944
13220	14	3	929	8	0	954
13221	919	4	12	4	0	939
13222	950	1	5	3	0	959
13223	15	2	5	941	0	963
13224	6	931	7	12	0	956
13225	4	920	4	3	0	931
13226	8	11	1	990	0	1010
13227	9	6	1	970	0	986
13228	2	4	4	986	0	996
13229	10	1	957	18	0	986
13230	6	5	933	7	0	951
13231	7	3	16	949	0	975
13232	7	4	968	13	0	992
13233	3	4	977	6	0	990
13234	4	1	17	935	0	957
13235	2	1	1031	19	0	1053
13236	3	1038	15	9	0	1065
13237	1071	16	6	7	0	1100
13238	19	4	5	1056	0	1084
13239	3	1064	3	19	0	1089
13240	2	14	1098	5	0	1119
13241	7	4	21	1083	0	1115
13242	2	5	1131	20	0	1158
13243	6	2	23	1117	0	1148
13244	5	2	6	1174	0	1187
13245	5	0	1194	17	0	1216
13246	3	3	17	1167	0	1190
13247	2	1172	5	16	0	1195
13248	7	18	5	1242	0	1272
13249	5	6	1238	23	0	1272
13250	3	5	15	1229	0	1252
13251	1225	3	11	21	0	1260
13252	16	1241	4	12	0	1273
13253	10	19	5	1241	0	1275
13254	4	4	1254	21	0	1283
13255	5	1211	19	7	0	1242
13256	2	1245	9	12	0	1268
13257	1	23	1212	4	0	1240
13258	10	7	15	1183	0	1215
13259	15	6	7	1177	0	1205
13260	5	4	1195	20	0	1224
13261	4	1129	16	9	0	1158
13262	4	1175	5	6	0	1190
13263	1082	11	3	2	0	1098
13264	11	1097	3	0	0	1111
13265	1076	11	0	6	0	1093
13266	14	2	3	1049	0	1068
13267	1085	3	1	12	0	1101
13268	11	3	1080	4	0	1098
13269	1063	2	11	6	0	1082
13270	11	2	3	1105	0	1121
13271	3	1123	2	10	0	1138
13272	1127	8	1	7	0	1143
13273	10	11	4	1110	0	1135
13274	2	1119	2	10	0	1133
13275	6	1171	1	4	0	1182
13276	1163	11	4	8	0	1186
13277	1175	4	0	4	0	1183
13278	1179	3	1	5	0	1188
13279	11	1	1	1147	0	1160
13280	5	1121	3	7	0	1136
13281	5	1144	3	4	0	1156
13282	4	10	1	1130	0	1145
13283	1101	5	3	14	0	1123
13284	1030	4	1	7	0	1042
13285	1088	1	1	7	0	1097
13286	12	4	1035	5	0	1056
13287	7	5	1075	3	0	1090
13288	1143	5	12	2	0	1162
13289	17	0	3	1129	0	1149
13290	7	3	5	1154	0	1169
13291	7	2	2	1127	0	1138
13292	4	1	6	1137	0	1148
13293	2	4	1105	18	0	1129
13294	3	3	12	1096	0	1114
13295	3	2	1100	17	0	1122
13296	1023	2	14	12	0	1051
13297	12	1078	5	15	0	1110
13298	7	10	6	1098	0	1121
13299	3	5	2	1085	0	1095
13300	1060	2	3	17	0	1082
13301	1053	1	3	16	0	1073
13302	1069	4	1	9	0	1083
13303	1062	4	1	9	0	1076
13304	17	3	1062	5	0	1087
13305	5	3	1051	6	0	1065
13306	5	1	13	1051	0	1070
13307	1065	5	6	17	0	1093
13308	1050	4	6	11	0	1071
13309	13	3	1051	4	0	1071
13310	11	3	8	1028	0	1050
13311	1033	2	3	17	0	1055
13312	12	4	7	1022	0	1045
13313	5	3	1037	17	0	1062
13314	9	3	11	1024	0	1047
13315	1017	5	4	18	0	1044
13316	12	1079	5	6	0	1102
13317	1057	10	3	12	0	1082
13318	1045	4	1	11	0	1061
13319	1069	5	4	4	0	1082
13320	19	0	3	1059	0	1081
13321	1043	5	2	11	0	1061
13322	11	1110	1	6	0	1128
13323	6	1132	2	8	0	1148
13324	9	8	1	1125	0	1143
13325	1139	3	1	13	0	1156
13326	8	1176	0	6	0	1190
13327	1423	15	1	3	0	1442
13328	1524	9	3	6	0	1542
13329	32	1564	2	4	0	1602
13330	18	25	1	1569	0	1613
13331	18	11	1	1599	0	1629
13332	13	6	1573	34	0	1626
13333	6	7	25	1550	0	1588
13334	10	5	1555	39	0	1609
13335	8	1474	30	19	0	1531
13336	13	29	12	1469	0	1523
13337	1417	14	8	41	0	1480
13338	1440	4	6	27	0	1477
13339	36	5	6	1444	0	1491
13340	15	7	1412	35	0	1469
13341	1361	3	28	24	0	1416
13342	36	1346	14	6	0	1402
13343	15	1336	5	11	0	1367
13344	10	1368	6	15	0	1399
13345	18	31	6	1300	0	1355
13346	10	17	1335	30	0	1392
13347	3	17	26	1324	0	1370
13348	7	9	1314	27	0	1357
13349	7	10	1287	14	0	1318
13350	2	10	1338	9	0	1359
13351	8	8	36	1264	0	1316
13352	4	9	15	1323	0	1351
13353	2	4	15	1347	0	1368
13354	7	1	17	1316	0	1341
13355	1308	1	12	49	0	1370
13356	24	1303	13	23	0	1363
13357	1302	26	12	15	0	1355
13358	26	1340	8	16	0	1390
13359	18	28	2	1350	0	1398
13360	10	17	3	1384	0	1414
13361	1370	7	3	50	0	1430
13362	1391	9	3	25	0	1428
13363	1408	8	5	16	0	1437
13364	1390	7	7	18	0	1422
13365	1391	5	5	12	0	1413
13366	43	1365	3	9	0	1420
13367	1296	29	5	23	0	1353
13368	41	1305	1	14	0	1361
13369	1298	26	2	11	0	1337
13370	45	15	1280	5	0	1345
13371	25	8	26	1266	0	1325
13372	22	1304	11	24	0	1361
13373	18	34	6	1295	0	1353
13374	13	20	1252	31	0	1316
13375	13	13	28	1220	0	1274
13376	1172	15	9	41	0	1237
13377	33	1193	10	22	0	1258
13378	16	1206	16	21	0	1259
13379	14	34	1229	15	0	1292
13380	12	23	27	1199	0	1261
13381	9	1258	16	31	0	1314
13382	8	41	10	1286	0	1345
13383	12	16	1282	38	0	1348
13384	10	1249	30	24	0	1313
13385	7	42	1260	13	0	1322
13386	7	20	1272	15	0	1314
13387	11	9	40	1238	0	1298
13388	1239	14	16	29	0	1298
13389	33	20	10	1245	0	1308
13390	13	9	1253	39	0	1314
13391	11	11	36	1286	0	1344
13392	14	16	1316	36	0	1382
13393	15	8	1293	23	0	1339
13394	1278	8	50	16	0	1352
13395	1356	9	21	22	0	1408
13396	1368	8	18	22	0	1416
13397	35	1	1339	21	0	1396
13398	19	6	1346	18	0	1389
13399	22	5	42	1330	0	1399
13400	19	5	27	1357	0	1408
13401	1352	8	21	40	0	1421
13402	43	5	20	1351	0	1419
13403	23	5	1351	42	0	1421
13404	13	8	1330	32	0	1383
13405	10	1371	43	25	0	1449
13406	14	24	24	1397	0	1459
13407	12	11	1400	42	0	1465
13408	17	10	40	1378	0	1445
13409	1392	10	21	39	0	1462
13410	36	12	1410	25	0	1483
13411	23	4	44	1415	0	1486
13412	19	8	27	1430	0	1484
13413	17	13	1373	49	0	1452
13414	18	6	41	1371	0	1436
13415	15	7	1374	43	0	1439
13416	1281	3	34	37	0	1355
13417	41	6	25	1274	0	1346
13418	19	1294	18	42	0	1373
13419	1282	29	15	28	0	1354
13420	1292	10	17	23	0	1342
13421	46	1273	20	16	0	1355
13422	33	119	13	1105	0	1270
13423	21	1194	9	28	0	1252
13424	17	1186	9	15	0	1227
13425	19	42	1120	19	0	1200
13426	12	1103	24	18	0	1157
13427	7	8	840	9	0	864
13428	672	7	15	8	0	702
13429	681	2	7	2	0	692
13430	8	699	3	5	0	715
13431	3	700	2	1	0	706
13432	2	731	1	4	0	738
13433	747	8	4	3	0	762
13434	9	4	4	750	0	767
13435	3	3	795	10	0	811
13436	2	797	12	5	0	816
13437	2	12	4	801	0	819
13438	4	2	3	801	0	810
13439	1	878	5	14	0	898
13440	1018	19	4	5	0	1046
13441	24	4	1062	5	0	1095
13442	10	4	26	1423	0	1463
13443	2	1612	4	40	0	1658
13444	1620	48	3	6	0	1677
13445	54	8	1613	6	0	1681
13446	9	1580	52	4	0	1645
13447	18	50	6	1577	0	1651
13448	5	10	1611	51	0	1677
13449	1572	12	52	12	0	1648
13450	59	7	10	1578	0	1654
13451	13	4	1582	53	0	1652
13452	11	1581	53	14	0	1659
13453	1543	53	10	19	0	1625
13454	53	1588	14	8	0	1663
13455	1588	57	6	5	0	1656
13456	1631	16	4	11	0	1662
13457	63	15	9	1565	0	1652
13458	22	1523	3	53	0	1601
13459	18	52	1540	7	0	1617
13460	13	19	49	1541	0	1622
13461	15	14	13	1371	0	1413
13462	11	8	16	1561	0	1596
13463	11	7	6	1576	0	1600
13464	11	7	3	1584	0	1605
13465	1528	6	11	65	0	1610
13466	1499	6	5	33	0	1543
13467	1503	7	7	22	0	1539
13468	62	1490	2	15	0	1569
13469	25	46	1492	13	0	1576
13470	21	10	1507	12	0	1550
13471	13	13	1539	11	0	1576
13472	15	12	61	1487	0	1575
13473	14	4	30	1528	0	1576
13474	14	11	16	1544	0	1585
13475	10	12	1496	72	0	1590
13476	9	1471	60	30	0	1570
13477	5	52	1505	23	0	1585
13478	7	19	1530	15	0	1571
13479	21	15	63	1476	0	1575
13480	11	10	1514	58	0	1593
13481	16	10	66	1495	0	1587
13482	1475	15	18	72	0	1580
13483	1495	10	31	25	0	1561
13484	62	13	1455	19	0	1549
13485	32	7	59	1438	0	1536
13486	21	8	1459	66	0	1554
13487	13	1453	65	26	0	1557
13488	1457	54	20	24	0	1555
13489	63	18	1459	22	0	1562
13490	22	1380	59	16	0	1477
13491	26	1409	24	10	0	1469
13492	14	1396	20	17	0	1447
13493	14	73	1328	15	0	1430
13494	26	29	61	1276	0	1392
13495	13	1323	20	59	0	1415
13496	14	66	17	1319	0	1416
13497	16	18	17	1382	0	1433
13498	1319	19	14	68	0	1420
13499	54	1319	13	37	0	1423
13500	1304	58	15	37	0	1414
13501	61	1307	15	22	0	1405
13502	26	1359	14	22	0	1421
13503	16	62	1313	22	0	1413
13504	24	26	59	1296	0	1405
13505	14	23	1284	69	0	1390
13506	14	1276	67	27	0	1384
13507	17	61	1288	21	0	1387
13508	17	23	1329	16	0	1385
13509	15	1304	72	15	0	1406
13510	1256	60	27	29	0	1372
13511	51	1287	29	24	0	1391
13512	1288	66	21	14	0	1389
13513	62	23	1297	20	0	1402
13514	25	15	1320	22	0	1382
13515	20	1298	65	20	0	1403
13516	1292	62	28	20	0	1402
13517	53	1293	29	19	0	1394
13518	22	65	23	1287	0	1397
13519	1309	21	26	55	0	1411
13520	66	23	1306	19	0	1414
13521	26	24	69	1282	0	1401
13522	1273	16	23	68	0	1380
13523	66	1282	17	22	0	1387
13524	22	58	19	1281	0	1380
13525	26	18	1275	62	0	1381
13526	1253	22	57	26	0	1358
13527	56	19	20	1289	0	1384
13528	15	14	1273	69	0	1371
13529	14	17	62	1231	0	1324
13530	13	1253	21	70	0	1357
13531	9	58	1255	26	0	1348
13532	18	13	57	1229	0	1317
13533	1201	13	22	66	0	1302
13534	52	21	19	1212	0	1304
13535	1152	7	16	60	0	1235
13536	60	1158	13	21	0	1252
13537	1152	53	13	17	0	1235
13538	58	15	1098	21	0	1192
13539	15	15	1072	12	0	1114
13540	15	19	891	6	0	931
13541	19	858	54	6	0	937
13542	20	11	62	303	0	396
13543	2	1	1	288	0	292
13544	1	1	0	269	0	271
13545	2	0	0	283	0	285
13546	0	0	286	2	0	288
13547	260	0	2	2	0	264
13548	1	288	1	7	0	297
13549	292	1	0	0	0	293
13550	1	2	0	291	0	294
13551	1	292	0	2	0	295
13552	1	1	0	290	0	292
13553	287	1	1	2	0	291
13554	1	303	0	2	0	306
13555	311	1	0	2	0	314
13556	314	2	0	0	0	316
13557	2	0	0	324	0	326
13558	1	1	318	1	0	321
13559	315	0	1	2	0	318
13560	1	0	1	337	0	339
13561	341	0	1	2	0	344
13562	348	0	0	0	0	348
13563	342	1	0	3	0	346
13564	1	0	348	0	0	349
13565	1	0	1	342	0	344
13566	341	0	0	2	0	343
13567	2	0	364	1	0	367
13568	1	364	1	0	0	366
13569	3	5	0	318	0	326
13570	2	0	381	1	0	384
13571	0	0	367	0	0	367
13572	0	0	1	354	0	355
13573	0	0	1	372	0	373
13574	0	1	0	376	0	377
13575	0	0	0	383	0	383
13576	0	0	377	1	0	378
13577	0	382	0	1	0	383
13578	1	0	0	379	0	380
13579	384	0	1	1	0	386
13580	373	0	0	2	0	375
13581	368	2	0	0	0	370
13582	1	0	0	372	0	373
13583	0	0	0	369	0	369
13584	0	361	0	0	0	361
13585	0	364	0	1	0	365
13586	1	0	0	352	0	353
13587	362	1	0	0	0	363
13588	354	0	0	1	0	355
13589	357	0	0	2	0	359
13590	363	0	0	2	0	365
13591	363	0	1	1	0	365
13592	1	366	0	0	0	367
13593	0	0	0	380	0	380
13594	388	0	0	3	0	391
13595	387	0	0	0	0	387
13596	1	0	0	388	0	389
13597	0	0	0	391	0	391
13598	0	0	394	1	0	395
13599	1	0	0	379	0	380
13600	0	0	1	377	0	378
13601	0	1	411	0	0	412
13602	1	0	0	405	0	406
13603	0	404	1	0	0	405
13604	0	0	403	0	0	403
13605	0	405	0	0	0	405
13606	1	0	0	394	0	395
13607	0	0	0	408	0	408
13608	0	405	0	0	0	405
13609	0	395	0	0	0	395
13610	412	0	0	0	0	412
13611	403	0	0	1	0	404
13612	2	0	397	0	0	399
13613	421	0	0	0	0	421
13614	426	0	0	1	0	427
13615	436	0	0	1	0	437
13616	435	0	0	0	0	435
13617	0	0	419	0	0	419
13618	0	0	424	0	0	424
13619	442	0	0	1	0	443
13620	0	470	0	0	0	470
13621	0	0	475	0	0	475
13622	472	0	1	1	0	474
13623	482	0	0	1	0	483
13624	1	0	471	0	0	472
13625	465	0	0	1	0	466
13626	3	0	0	528	0	531
13627	0	0	541	1	0	542
13628	508	1	1	3	0	513
13629	1	541	0	1	0	543
13630	551	1	1	1	0	554
13631	599	0	1	2	0	602
13632	1	0	0	601	0	602
13633	0	0	0	603	0	603
13634	0	0	0	609	0	609
13635	613	0	0	5	0	618
13636	632	0	1	2	0	635
13637	1	0	0	629	0	630
13638	0	0	0	638	0	638
13639	1	1	628	1	0	631
13640	600	0	1	2	0	603
13641	3	1	0	649	0	653
13642	1	0	0	649	0	650
13643	0	648	0	3	0	651
13644	0	1	0	659	0	660
13645	0	2	0	658	0	660
13646	647	1	0	5	0	653
13647	2	663	0	2	0	667
13648	2	1	0	663	0	666
13649	3	1	0	659	0	663
13650	0	1	0	669	0	670
13651	1	0	657	3	0	661
13652	1	0	1	645	0	647
13653	643	0	1	6	0	650
13654	2	0	626	1	0	629
13655	2	0	1	637	0	640
13656	3	0	1	630	0	634
13657	628	0	1	3	0	632
13658	608	0	1	4	0	613
13659	3	0	628	2	0	633
13660	570	0	1	3	0	574
13661	3	1	622	0	0	626
13662	617	0	2	2	0	621
13663	2	692	1	0	0	695
13664	695	1	2	1	0	699
13665	2	698	0	0	0	700
13666	724	2	3	1	0	730
13667	2	720	0	0	0	722
13668	8	2	0	722	0	732
13669	1	1	0	728	0	730
13670	0	1	0	723	0	724
13671	0	714	0	3	0	717
13672	0	3	1	714	0	718
13673	0	718	0	3	0	721
13674	0	5	0	724	0	729
13675	724	2	0	5	0	731
13676	713	1	0	4	0	718
13677	6	714	1	3	0	724
13678	4	6	0	719	0	729
13679	717	2	0	9	0	728
13680	6	708	0	3	0	717
13681	4	718	0	2	0	724
13682	728	9	0	2	0	739
13683	727	3	1	3	0	734
13684	9	732	1	1	0	743
13685	729	7	0	4	0	740
13686	9	4	0	745	0	758
13687	6	5	775	4	0	790
13688	768	1	5	9	0	783
13689	785	2	2	5	0	794
13690	14	1	788	1	0	804
13691	779	5	5	2	0	791
13692	802	1	5	3	0	811
13693	825	0	1	3	0	829
13694	11	833	1	2	0	847
13695	843	9	3	1	0	856
13696	848	3	0	3	0	854
13697	12	4	1	842	0	859
13698	10	2	1	839	0	852
13699	6	2	0	853	0	861
13700	863	1	1	13	0	878
13701	11	1	4	831	0	847
13702	837	0	0	11	0	848
13703	840	1	0	8	0	849
13704	12	3	2	835	0	852
13705	10	2	0	850	0	862
13706	8	2	2	867	0	879
13707	869	1	1	13	0	884
13708	9	859	0	6	0	874
13709	9	7	1	881	0	898
13710	7	4	1	880	0	892
13711	864	2	1	20	0	887
13712	880	0	4	12	0	896
13713	15	4	837	6	0	862
13714	8	2	837	5	0	852
13715	942	0	12	8	0	962
13716	22	0	3	963	0	988
13717	10	2	2	1184	0	1198
13718	7	2	1151	27	0	1187
13719	6	3	22	1121	0	1152
13720	4	1104	4	28	0	1140
13721	4	1164	3	9	0	1180
13722	1132	27	0	8	0	1167
13723	26	7	1096	6	0	1135
13724	5	1140	16	6	0	1167
13725	8	22	4	1159	0	1193
13726	5	5	1108	25	0	1143
13727	9	3	25	1084	0	1121
13728	4	1	8	1113	0	1126
13729	4	2	1105	30	0	1141
13730	3	1095	25	15	0	1138
13731	8	24	4	1060	0	1096
13732	1072	6	3	31	0	1112
13733	1075	1	2	15	0	1093
13734	1085	4	4	5	0	1098
13735	30	1060	0	2	0	1092
13736	1048	28	1	8	0	1085
13737	31	9	4	1054	0	1098
13738	8	4	1039	28	0	1079
13739	1030	2	20	14	0	1066
13740	28	1073	7	6	0	1114
13741	9	22	1	1054	0	1086
13742	3	4	2	1084	0	1093
13743	6	1056	6	25	0	1093
13744	10	25	2	1081	0	1118
13745	6	11	1	1094	0	1112
13746	11	5	1	1110	0	1127
13747	1076	1	4	35	0	1116
13748	1080	4	5	12	0	1101
13749	30	5	1076	8	0	1119
13750	13	6	24	1063	0	1106
13751	8	7	6	1097	0	1118
13752	10	1	4	1100	0	1115
13753	1089	3	4	34	0	1130
13754	27	5	1065	8	0	1105
13755	1059	4	23	17	0	1103
13756	1085	2	5	14	0	1106
13757	33	4	3	1098	0	1138
13758	1104	2	2	33	0	1141
13759	29	4	1048	13	0	1094
13760	1052	4	16	18	0	1090
13761	31	1164	6	9	0	1210
13762	10	24	1126	9	0	1169
13763	12	9	1143	3	0	1167
13764	11	5	29	1125	0	1170
13765	8	5	1139	28	0	1180
13766	1095	5	26	14	0	1140
13767	27	1114	10	10	0	1161
13768	1110	27	10	9	0	1156
13769	36	5	3	1123	0	1167
13770	10	3	1107	32	0	1152
13771	10	6	1112	13	0	1141
13772	8	3	25	1121	0	1157
13773	1126	5	3	29	0	1163
13774	24	1083	6	12	0	1125
13775	6	1126	3	18	0	1153
13776	1116	26	6	6	0	1154
13777	23	1133	2	12	0	1170
13778	1137	28	5	5	0	1175
13779	24	8	9	1132	0	1173
13780	1127	4	4	31	0	1166
13781	30	2	8	1124	0	1164
13782	1121	7	2	35	0	1165
13783	33	3	4	1113	0	1153
13784	8	1106	8	29	0	1151
13785	1121	22	4	13	0	1160
13786	26	1104	2	10	0	1142
13787	7	22	1076	9	0	1114
13788	8	7	22	1021	0	1058
13789	8	1081	5	18	0	1112
13790	1038	21	6	9	0	1074
13791	1065	9	2	1	0	1077
13792	27	1049	6	2	0	1084
13793	8	25	1019	8	0	1060
13794	10	5	21	972	0	1008
13795	6	978	10	22	0	1016
13796	9	21	5	1005	0	1040
13797	12	7	1	1026	0	1046
13798	1022	5	3	26	0	1056
13799	24	1015	2	13	0	1054
13800	3	22	3	1023	0	1051
13801	1017	6	4	25	0	1052
13802	1024	4	1	16	0	1045
13803	1032	2	4	7	0	1045
13804	25	6	1	999	0	1031
13805	983	4	3	25	0	1015
13806	28	976	4	5	0	1013
13807	969	19	4	4	0	996
13808	22	980	1	9	0	1012
13809	969	21	1	12	0	1003
13810	982	7	3	9	0	1001
13811	32	7	2	966	0	1007
13812	11	0	985	24	0	1020
13813	10	4	973	10	0	997
13814	10	983	20	5	0	1018
13815	907	15	10	9	0	941
13816	19	7	894	4	0	924
13817	656	2	4	3	0	665
13818	5	664	3	1	0	673
13819	4	697	0	0	0	701
13820	4	5	1	728	0	738
13821	3	737	3	2	0	745
13822	2	8	781	2	0	793
13823	4	3	5	753	0	765
13824	0	824	2	6	0	832
13825	2	5	1	832	0	840
13826	832	4	0	9	0	845
13827	7	3	2	848	0	860
13828	4	0	849	10	0	863
13829	1	862	8	3	0	874
13830	3	8	2	862	0	875
13831	5	2	2	853	0	862
13832	1	2	1	871	0	875
13833	851	2	2	14	0	869
13834	838	5	2	5	0	850
13835	9	3	854	5	0	871
13836	4	0	831	7	0	842
13837	4	840	8	3	0	855
13838	848	8	3	5	0	864
13839	12	1	3	850	0	866
13840	4	3	4	841	0	852
13841	4	1	4	840	0	849
13842	5	5	0	839	0	849
13843	3	1	800	17	0	821
13844	775	1	8	12	0	796
13845	11	1	2	924	0	938
13846	4	2	917	13	0	936
13847	940	0	13	4	0	957
13848	1017	2	3	6	0	1028
13849	15	1	1203	4	0	1223
13850	6	2	1255	6	0	1269
13851	13	2	24	1229	0	1268
13852	1245	0	10	26	0	1281
13853	1263	3	7	10	0	1283
13854	26	0	6	1243	0	1275
13855	12	0	7	1274	0	1293
13856	11	3	1261	30	0	1305
13857	15	1	22	1229	0	1267
13858	9	0	1220	35	0	1264
13859	1176	0	32	12	0	1220
13860	27	1231	11	12	0	1281
13861	1160	21	7	11	0	1199
13862	30	1149	9	8	0	1196
13863	1142	27	6	6	0	1181
13864	31	7	4	1131	0	1173
13865	16	5	4	1143	0	1168
13866	1142	5	2	31	0	1180
13867	1152	3	5	18	0	1178
13868	1148	3	5	18	0	1174
13869	1149	2	5	12	0	1168
13870	40	3	1138	11	0	1192
13871	1124	3	27	9	0	1163
13872	1173	4	4	8	0	1189
13873	1158	6	8	6	0	1178
13874	39	0	6	1139	0	1184
13875	1119	3	5	29	0	1156
13876	43	1114	4	9	0	1170
13877	28	20	6	1122	0	1176
13878	22	4	6	1149	0	1181
13879	18	6	1122	32	0	1178
13880	17	8	26	1096	0	1147
13881	12	1125	9	40	0	1186
13882	1125	23	8	16	0	1172
13883	33	1119	11	17	0	1180
13884	1127	27	5	26	0	1185
13885	38	11	8	1131	0	1188
13886	1111	10	10	31	0	1162
13887	38	1096	2	19	0	1155
13888	1109	24	8	17	0	1158
13889	1128	9	9	14	0	1160
13890	42	13	7	1098	0	1160
13891	28	7	7	1122	0	1164
13892	21	11	1096	32	0	1160
13893	25	4	25	1107	0	1161
13894	17	8	6	1125	0	1156
13895	22	4	1091	42	0	1159
13896	23	7	24	1095	0	1149
13897	18	5	1087	39	0	1149
13898	1069	2	31	25	0	1127
13899	41	2	15	1087	0	1145
13900	17	7	1060	33	0	1117
13901	1068	6	23	15	0	1112
13902	48	4	9	1065	0	1126
13903	21	8	1081	36	0	1146
13904	1088	4	26	26	0	1144
13905	43	5	10	1098	0	1156
13906	16	9	13	1118	0	1156
13907	1106	3	6	43	0	1158
13908	36	6	5	1099	0	1146
13909	22	2	9	1117	0	1150
13910	18	4	9	1078	0	1109
13911	21	1075	6	32	0	1134
13912	1040	22	3	30	0	1095
13913	1058	10	10	16	0	1094
13914	43	9	4	1027	0	1083
13915	1041	6	3	39	0	1089
13916	1055	4	4	15	0	1078
13917	1055	9	2	18	0	1084
13918	765	4	4	28	0	801
13919	1008	5	7	20	0	1040
13920	41	2	935	15	0	993
13921	16	3	901	22	0	942
13922	881	4	26	7	0	918
13923	30	865	17	15	0	927
13924	11	24	11	831	0	877
13925	17	3	838	25	0	883
13926	15	6	842	15	0	878
13927	20	8	26	817	0	871
13928	820	7	22	28	0	877
13929	24	2	7	827	0	860
13930	8	3	830	27	0	868
13931	838	2	23	9	0	872
13932	28	0	6	858	0	892
13933	6	2	11	873	0	892
13934	16	0	4	870	0	890
13935	13	0	4	861	0	878
13936	7	2	830	39	0	878
13937	12	0	19	835	0	866
13938	824	1	6	35	0	866
13939	23	1	801	18	0	843
13940	815	1	23	17	0	856
13941	843	6	5	10	0	864
13942	839	1	3	7	0	850
13943	838	2	4	6	0	850
13944	33	795	4	11	0	843
13945	17	688	2	6	0	713
13946	15	715	3	5	0	738
13947	655	26	9	10	0	700
13948	23	12	599	5	0	639
13949	377	2	6	2	0	387
13950	7	2	2	365	0	376
13951	374	0	1	4	0	379
13952	4	0	1	374	0	379
13953	374	0	1	5	0	380
13954	4	0	1	374	0	379
13955	5	0	0	395	0	400
13956	377	1	1	6	0	385
13957	3	419	2	2	0	426
13958	4	4	423	0	0	431
13959	2	415	4	1	0	422
13960	0	2	411	1	0	414
13961	3	0	2	381	0	386
13962	395	0	0	4	0	399
13963	3	0	0	386	0	389
13964	375	0	0	8	0	383
13965	4	410	0	0	0	414
13966	0	2	409	1	0	412
13967	1	416	3	1	0	421
13968	2	416	0	0	0	418
13969	395	3	0	0	0	398
13970	381	0	1	1	0	383
13971	3	394	0	0	0	397
13972	1	3	1	402	0	407
13973	0	1	0	405	0	406
13974	403	0	0	3	0	406
13975	5	0	400	0	0	405
13976	1	0	388	0	0	389
13977	2	1	3	403	0	409
13978	0	0	413	4	0	417
13979	380	1	3	0	0	384
13980	405	1	0	0	0	406
13981	3	407	1	0	0	411
13982	1	4	427	1	0	433
13983	1	1	3	423	0	428
13984	2	0	445	4	0	451
13985	0	1	3	447	0	451
13986	448	0	1	3	0	452
13987	3	452	1	0	0	456
13988	0	3	471	0	0	474
13989	0	465	4	2	0	471
13990	1	489	2	0	0	492
13991	492	4	1	2	0	499
13992	475	0	0	2	0	477
13993	5	1	494	0	0	500
13994	1	507	6	1	0	515
13995	1	5	1	509	0	516
13996	1	1	3	513	0	518
13997	2	1	0	510	0	513
13998	1	0	513	5	0	519
13999	0	2	4	513	0	519
14000	0	0	1	530	0	531
14001	530	1	1	7	0	539
14002	530	1	1	4	0	536
14003	519	0	1	3	0	523
14004	514	1	1	2	0	518
14005	515	0	2	2	0	519
14006	7	512	1	1	0	521
14007	515	4	0	2	0	521
14008	9	1	512	0	0	522
14009	3	2	5	509	0	519
14010	526	2	2	4	0	534
14011	4	523	1	1	0	529
14012	536	6	1	2	0	545
14013	548	0	1	1	0	550
14014	6	1	2	555	0	564
14015	3	1	0	558	0	562
14016	4	567	1	5	0	577
14017	2	5	0	578	0	585
14018	2	5	594	5	0	606
14019	4	1	4	601	0	610
14020	0	1	624	7	0	632
14021	611	0	5	3	0	619
14022	7	2	1	642	0	652
14023	2	3	654	9	0	668
14024	3	641	9	1	0	654
14025	0	659	2	3	0	664
14026	645	7	4	3	0	659
14027	9	4	0	659	0	672
14028	3	5	678	8	0	694
14029	2	656	6	7	0	671
14030	0	7	666	2	0	675
14031	644	4	6	4	0	658
14032	665	1	4	3	0	673
14033	668	0	2	2	0	672
14034	8	0	2	673	0	683
14035	5	2	674	5	0	686
14036	2	687	7	3	0	699
14037	1	3	3	699	0	706
14038	1	4	693	5	0	703
14039	1	4	671	2	0	678
14040	3	0	7	682	0	692
14041	691	0	4	7	0	702
14042	7	1	1	692	0	701
14043	3	1	0	716	0	720
14044	2	1	735	6	0	744
14045	0	0	7	737	0	744
14046	2	0	2	743	0	747
14047	2	0	741	7	0	750
14048	1	0	723	7	0	731
14049	0	1	8	738	0	747
14050	0	1	742	6	0	749
14051	1	0	8	734	0	743
14052	737	0	4	10	0	751
14053	6	769	5	2	0	782
14054	3	6	1	786	0	796
14055	4	2	751	7	0	764
14056	679	2	7	5	0	693
14057	5	717	3	4	0	729
14058	724	7	3	1	0	735
14059	9	3	1	724	0	737
14060	4	2	0	730	0	736
14061	740	0	3	12	0	755
14062	7	1	741	7	0	756
14063	727	1	5	4	0	737
14064	10	0	4	742	0	756
14065	723	1	2	9	0	735
14066	725	0	0	7	0	732
14067	10	1	1	715	0	727
14068	4	735	3	8	0	750
14069	750	9	1	5	0	765
14070	757	2	0	4	0	763
14071	14	3	764	1	0	782
14072	744	0	9	2	0	755
14073	12	0	3	745	0	760
14074	3	755	2	8	0	768
14075	5	9	0	747	0	761
14076	1	749	2	10	0	762
14077	750	10	3	2	0	765
14078	757	2	0	6	0	765
14079	15	2	1	797	0	815
14080	5	3	797	12	0	817
14081	4	0	792	5	0	801
14082	0	3	14	818	0	835
14083	821	1	4	13	0	839
14084	917	0	3	6	0	926
14085	15	919	2	3	0	939
14086	9	13	1	922	0	945
14087	7	4	949	13	0	973
14088	0	7	977	7	0	991
14089	3	0	19	1038	0	1060
14090	1149	1	11	20	0	1181
14091	24	1	7	1158	0	1190
14092	9	0	1152	28	0	1189
14093	1150	1	23	14	0	1188
14094	23	1	9	1148	0	1181
14095	10	0	6	1173	0	1189
14096	10	0	2	1153	0	1165
14097	3	1147	2	31	0	1183
14098	4	22	1153	13	0	1192
14099	5	7	1169	8	0	1189
14100	2	4	28	1165	0	1199
14101	2	1	1186	20	0	1209
14102	1148	0	26	9	0	1183
14103	24	2	9	1167	0	1202
14104	11	0	7	1174	0	1192
14105	10	1	5	1159	0	1175
14106	4	1159	5	32	0	1200
14107	1187	21	4	17	0	1229
14108	22	7	2	1187	0	1218
14109	1173	4	5	29	0	1211
14110	29	1178	4	9	0	1220
14111	1168	23	1	14	0	1206
14112	1144	7	5	8	0	1164
14113	1171	4	3	5	0	1183
14114	31	1132	2	5	0	1170
14115	17	1154	5	5	0	1181
14116	1123	27	3	7	0	1160
14117	23	1147	3	8	0	1181
14118	12	25	1114	4	0	1155
14119	9	1082	23	5	0	1119
14120	7	1116	7	5	0	1135
14121	1097	24	7	9	0	1137
14122	24	9	1093	6	0	1132
14123	13	11	1075	1	0	1100
14124	16	6	24	1042	0	1088
14125	1072	3	9	25	0	1109
14126	26	5	1070	6	0	1107
14127	12	5	21	1078	0	1116
14128	8	6	1011	25	0	1050
14129	12	3	1011	7	0	1033
14130	996	3	25	12	0	1036
14131	20	9	1022	5	0	1056
14132	11	3	31	1002	0	1047
14133	12	5	9	1015	0	1041
14134	9	999	8	25	0	1041
14135	5	1024	7	14	0	1050
14136	8	25	6	994	0	1033
14137	2	13	1001	25	0	1041
14138	8	6	23	999	0	1036
14139	8	5	13	1016	0	1042
14140	2	1	1025	31	0	1059
14141	8	3	22	1019	0	1052
14142	1030	2	9	30	0	1071
14143	22	3	1029	10	0	1064
14144	994	4	24	15	0	1037
14145	27	3	9	1000	0	1039
14146	12	4	12	1013	0	1041
14147	8	1029	6	33	0	1076
14148	10	24	6	1042	0	1082
14149	7	8	7	1073	0	1095
14150	1052	8	7	34	0	1101
14151	29	5	9	1065	0	1108
14152	15	5	5	1083	0	1108
14153	1038	4	8	34	0	1084
14154	26	4	7	1039	0	1076
14155	14	6	4	1012	0	1036
14156	13	1028	9	31	0	1081
14157	1024	19	8	24	0	1075
14158	30	9	6	1019	0	1064
14159	14	11	2	1045	0	1072
14160	13	7	1008	35	0	1063
14161	13	7	23	991	0	1034
14162	10	6	9	1022	0	1047
14163	975	4	10	40	0	1029
14164	1008	4	6	24	0	1042
14165	28	8	2	997	0	1035
14166	17	5	977	34	0	1033
14167	18	949	24	14	0	1005
14168	7	963	10	22	0	1002
14169	6	28	13	961	0	1008
14170	956	11	11	23	0	1001
14171	24	9	6	958	0	997
14172	961	3	4	40	0	1008
14173	30	5	5	986	0	1026
14174	17	6	4	991	0	1018
14175	981	5	3	32	0	1021
14176	966	4	4	22	0	996
14177	29	963	7	15	0	1014
14178	17	1001	4	10	0	1032
14179	14	21	4	920	0	959
14180	13	13	4	947	0	977
14181	11	12	919	22	0	964
14182	850	7	14	21	0	892
14183	16	884	7	19	0	926
14184	8	798	9	9	0	824
14185	771	15	9	14	0	809
14186	18	5	775	9	0	807
14187	7	6	754	6	0	773
14188	11	2	716	7	0	736
14189	6	645	14	7	0	672
14190	3	4	4	519	0	530
14191	2	2	3	523	0	530
14192	5	3	0	522	0	530
14193	501	2	2	9	0	514
14194	500	3	1	2	0	506
14195	4	501	2	4	0	511
14196	2	5	2	514	0	523
14197	4	2	509	4	0	519
14198	2	513	3	3	0	521
14199	512	5	3	3	0	523
14200	3	2	515	1	0	521
14201	466	4	2	3	0	475
14202	5	1	503	3	0	512
14203	3	0	5	483	0	491
14204	4	503	2	4	0	513
14205	507	3	2	4	0	516
14206	3	516	1	2	0	522
14207	499	7	0	0	0	506
14208	4	1	1	495	0	501
14209	1	2	516	3	0	522
14210	5	1	4	526	0	536
14211	5	1	0	567	0	573
14212	1	0	571	6	0	578
14213	547	2	4	9	0	562
14214	5	580	2	4	0	591
14215	575	5	3	1	0	584
14216	9	574	0	0	0	583
14217	5	8	0	592	0	605
14218	1	2	584	7	0	594
14219	710	2	7	4	0	723
14220	10	725	2	5	0	742
14221	2	11	4	738	0	755
14222	4	2	2	782	0	790
14223	810	4	0	13	0	827
14224	907	2	2	5	0	916
14225	16	934	0	4	0	954
14226	1016	18	0	3	0	1037
14227	1026	3	2	3	0	1034
14228	1041	5	1	5	0	1052
14229	32	1	1045	2	0	1080
14230	9	1010	23	6	0	1048
14231	7	1067	7	4	0	1085
14232	12	24	3	1011	0	1050
14233	7	12	3	1043	0	1065
14234	1037	9	2	27	0	1075
14235	25	1035	0	12	0	1072
14236	1039	25	1	13	0	1078
14237	31	6	2	1031	0	1070
14238	13	9	2	1049	0	1073
14239	1024	4	3	30	0	1061
14240	1021	5	3	13	0	1042
14241	35	5	990	6	0	1036
14242	17	7	23	982	0	1029
14243	10	4	985	25	0	1024
14244	10	3	969	9	0	991
14245	10	2	992	6	0	1010
14246	948	7	29	10	0	994
14247	27	5	9	945	0	986
14248	12	4	6	959	0	981
14249	15	3	4	972	0	994
14250	12	3	955	30	0	1000
14251	9	3	25	950	0	987
14252	7	7	6	981	0	1001
14253	950	5	3	35	0	993
14254	970	2	6	14	0	992
14255	973	3	4	15	0	995
14256	981	3	3	10	0	997
14257	37	5	4	948	0	994
14258	964	3	4	26	0	997
14259	37	1	4	961	0	1003
14260	14	2	923	32	0	971
14261	950	6	20	14	0	990
14262	29	945	10	10	0	994
14263	14	22	9	933	0	978
14264	13	8	7	948	0	976
14265	13	943	5	30	0	991
14266	931	24	6	17	0	978
14267	33	929	7	9	0	978
14268	16	26	921	12	0	975
14269	12	8	941	11	0	972
14270	925	6	33	11	0	975
14271	954	4	10	7	0	975
14272	33	7	928	9	0	977
14273	909	1	24	12	0	946
14274	32	2	907	13	0	954
14275	916	3	27	10	0	956
14276	34	2	910	9	0	955
14277	20	5	920	6	0	951
14278	15	3	29	869	0	916
14279	19	1	10	873	0	903
14280	897	5	6	32	0	940
14281	881	4	12	19	0	916
14282	896	4	8	16	0	924
14283	930	6	6	10	0	952
14284	36	881	5	17	0	939
14285	20	22	6	886	0	934
14286	23	880	6	26	0	935
14287	17	28	9	885	0	939
14288	18	11	5	891	0	925
14289	12	9	8	894	0	923
14290	9	6	861	43	0	919
14291	839	4	33	20	0	896
14292	38	829	11	16	0	894
14293	19	865	18	11	0	913
14294	17	25	880	14	0	936
14295	17	11	31	870	0	929
14296	19	6	13	880	0	918
14297	874	9	8	35	0	926
14298	40	7	8	865	0	920
14299	20	4	8	879	0	911
14300	16	3	6	891	0	916
14301	13	4	7	893	0	917
14302	856	2	9	42	0	909
14303	861	3	13	23	0	900
14304	871	4	3	21	0	899
14305	41	4	11	850	0	906
14306	861	6	4	34	0	905
14307	35	6	13	855	0	909
14308	24	6	7	890	0	927
14309	10	4	842	42	0	898
14310	10	4	826	25	0	865
14311	8	3	801	19	0	831
14312	784	4	34	10	0	832
14313	31	8	14	744	0	797
14314	16	757	10	28	0	811
14315	768	19	10	15	0	812
14316	32	6	753	12	0	803
14317	728	5	21	8	0	762
14318	29	717	7	10	0	763
14319	593	13	9	7	0	622
14320	22	7	4	587	0	620
14321	570	3	3	19	0	595
14322	19	520	3	11	0	553
14323	14	523	2	6	0	545
14324	409	12	1	4	0	426
14325	12	396	2	4	0	414
14326	2	289	1	1	0	293
14327	5	286	0	0	0	291
14328	259	8	10	3	0	280
14329	251	1	0	0	0	252
14330	248	0	0	0	0	248
14331	1	1	1	247	0	250
14332	0	1	0	251	0	252
14333	1	1	249	1	0	252
14334	2	0	1	245	0	248
14335	5	0	241	2	0	248
14336	1	0	1	245	0	247
14337	0	1	0	245	0	246
14338	245	1	0	1	0	247
14339	242	0	0	5	0	247
14340	1	249	1	0	0	251
14341	1	1	0	253	0	255
14342	0	1	274	2	0	277
14343	2	0	1	267	0	270
14344	1	0	0	267	0	268
14345	2	0	0	263	0	265
14346	0	0	265	3	0	268
14347	0	0	247	1	0	248
14348	262	0	2	1	0	265
14349	2	0	0	271	0	273
14350	0	1	269	2	0	272
14351	258	1	2	2	0	263
14352	2	277	1	1	0	281
14353	285	2	0	0	0	287
14354	2	0	301	1	0	304
14355	297	2	2	2	0	303
14356	3	0	0	314	0	317
14357	0	1	317	1	0	319
14358	2	316	1	1	0	320
14359	312	1	1	3	0	317
14360	3	0	0	319	0	322
14361	0	0	1	326	0	327
14362	0	325	2	2	0	329
14363	1	2	1	328	0	332
14364	1	0	334	3	0	338
14365	0	332	2	2	0	336
14366	334	0	0	2	0	336
14367	1	2	0	333	0	336
14368	2	1	0	326	0	329
14369	0	0	325	1	0	326
14370	2	1	1	311	0	315
14371	1	0	336	2	0	339
14372	0	341	1	2	0	344
14373	340	1	0	5	0	346
14374	336	0	4	1	0	341
14375	333	0	1	3	0	337
14376	1	381	1	1	0	384
14377	0	1	0	389	0	390
14378	1	0	0	384	0	385
14379	4	0	0	319	0	323
14380	384	1	0	0	0	385
14381	369	1	0	2	0	372
14382	0	0	1	365	0	366
14383	1	0	399	1	0	401
14384	0	0	0	398	0	398
14385	0	0	2	408	0	410
14386	1	2	0	401	0	404
14387	1	0	0	405	0	406
14388	405	0	1	1	0	407
14389	0	0	0	420	0	420
14390	0	1	0	428	0	429
14391	0	428	0	2	0	430
14392	0	0	1	425	0	426
14393	1	431	0	0	0	432
14394	1	0	0	415	0	416
14395	417	0	1	3	0	421
14396	0	421	0	1	0	422
14397	413	0	0	3	0	416
14398	0	1	436	1	0	438
14399	0	0	0	427	0	427
14400	0	2	445	0	0	447
14401	1	2	0	436	0	439
14402	1	0	0	443	0	444
14403	0	444	0	0	0	444
14404	0	450	2	2	0	454
14405	0	457	2	1	0	460
14406	463	0	0	3	0	466
14407	0	450	0	1	0	451
14408	1	446	0	0	0	447
14409	2	0	0	454	0	456
14410	460	0	0	3	0	463
14411	0	479	1	0	0	480
14412	495	1	0	1	0	497
14413	487	0	0	1	0	488
14414	0	0	509	1	0	510
14415	0	0	0	504	0	504
14416	1	1	0	512	0	514
14417	0	0	0	521	0	521
14418	2	0	0	505	0	507
14419	0	1	497	0	0	498
14420	0	0	446	1	0	447
14421	452	1	0	2	0	455
14422	0	482	0	0	0	482
14423	0	479	0	0	0	479
14424	486	0	0	1	0	487
14425	0	471	0	0	0	471
14426	0	0	0	493	0	493
14427	492	1	0	2	0	495
14428	0	0	482	1	0	483
14429	0	1	0	494	0	495
14430	0	1	510	1	0	512
14431	495	0	1	1	0	497
14432	1	1	552	0	0	554
14433	563	0	1	3	0	567
14434	597	0	1	2	0	600
14435	599	0	0	1	0	600
14436	598	0	1	0	0	599
14437	599	0	0	2	0	601
14438	2	0	0	604	0	606
14439	616	0	0	5	0	621
14440	2	1	0	624	0	627
14441	1	1	0	626	0	628
14442	1	0	0	609	0	610
14443	0	2	609	1	0	612
14444	0	1	1	602	0	604
14445	0	1	0	614	0	615
14446	1	1	602	1	0	605
14447	563	1	0	1	0	565
14448	4	0	0	603	0	607
14449	3	0	606	1	0	610
14450	1	1	570	0	0	572
14451	1	0	1	583	0	585
14452	0	0	602	2	0	604
14453	0	0	1	588	0	589
14454	0	0	0	585	0	585
14455	0	579	2	1	0	582
14456	0	589	0	0	0	589
14457	598	1	0	3	0	602
14458	1	0	0	601	0	602
14459	1	3	0	585	0	589
14460	1	0	0	597	0	598
14461	0	4	591	1	0	596
14462	1	0	2	586	0	589
14463	598	0	0	2	0	600
14464	1	2	600	0	0	603
14465	2	0	1	604	0	607
14466	1	0	3	623	0	627
14467	1	0	0	630	0	631
14468	0	646	3	3	0	652
14469	655	3	0	4	0	662
14470	665	1	0	4	0	670
14471	5	694	1	0	0	700
14472	3	5	0	709	0	717
14473	2	5	711	4	0	722
14474	2	2	681	1	0	686
14475	700	2	5	2	0	709
14476	6	2	3	690	0	701
14477	724	0	1	8	0	733
14478	14	742	0	1	0	757
14479	2	752	1	3	0	758
14480	749	12	0	3	0	764
14481	12	791	1	1	0	805
14482	6	13	1	814	0	834
14483	6	2	0	790	0	798
14484	0	818	1	17	0	836
14485	824	12	2	6	0	844
14486	14	4	825	5	0	848
14487	801	5	15	1	0	822
14488	20	1	855	2	0	878
14489	793	2	17	4	0	816
14490	18	1	841	3	0	863
14491	4	832	18	1	0	855
14492	8	15	2	833	0	858
14493	841	2	2	15	0	860
14494	14	6	832	3	0	855
14495	5	5	834	4	0	848
14496	5	2	19	812	0	838
14497	4	4	831	15	0	854
14498	3	3	19	821	0	846
14499	4	2	4	805	0	815
14500	5	2	813	19	0	839
14501	5	3	16	798	0	822
14502	828	0	5	18	0	851
14503	14	820	9	3	0	846
14504	829	14	2	6	0	851
14505	18	2	4	820	0	844
14506	821	3	3	16	0	843
14507	842	2	4	8	0	856
14508	18	3	3	821	0	845
14509	8	819	0	18	0	845
14510	826	13	1	4	0	844
14511	14	6	799	4	0	823
14512	7	4	789	3	0	803
14513	775	1	20	5	0	801
14514	17	1	8	771	0	797
14515	6	1	775	20	0	802
14516	5	2	16	776	0	799
14517	776	2	8	19	0	805
14518	804	0	5	10	0	819
14519	815	1	1	8	0	825
14520	22	812	3	2	0	839
14521	13	15	0	828	0	856
14522	4	3	1	844	0	852
14523	831	6	3	17	0	857
14524	20	829	2	10	0	861
14525	821	16	3	8	0	848
14526	25	8	2	804	0	839
14527	820	5	2	16	0	843
14528	18	3	806	6	0	833
14529	10	789	19	5	0	823
14530	14	15	4	748	0	781
14531	10	793	5	12	0	820
14532	3	19	6	752	0	780
14533	744	6	1	21	0	772
14534	20	4	704	10	0	738
14535	696	6	14	6	0	722
14536	24	723	5	6	0	758
14537	8	20	4	726	0	758
14538	8	4	2	738	0	752
14539	702	4	2	25	0	733
14540	17	2	703	12	0	734
14541	13	7	14	691	0	725
14542	14	3	5	696	0	718
14543	10	4	6	704	0	724
14544	8	3	3	718	0	732
14545	699	2	5	21	0	727
14546	698	4	3	15	0	720
14547	21	4	701	7	0	733
14548	11	6	681	5	0	703
14549	714	2	14	11	0	741
14550	742	2	7	8	0	759
14551	21	1	8	722	0	752
14552	13	4	4	716	0	737
14553	701	5	4	23	0	733
14554	15	697	7	11	0	730
14555	7	12	5	708	0	732
14556	11	3	4	724	0	742
14557	6	2	700	20	0	728
14558	7	1	13	707	0	728
14559	5	2	695	24	0	726
14560	3	2	16	708	0	729
14561	695	1	4	21	0	721
14562	20	4	4	689	0	717
14563	10	3	683	20	0	716
14564	7	654	15	12	0	688
14565	7	14	9	687	0	717
14566	5	6	672	15	0	698
14567	10	673	10	7	0	700
14568	5	12	5	665	0	687
14569	9	3	653	14	0	679
14570	558	4	18	11	0	591
14571	15	606	7	12	0	640
14572	6	605	4	5	0	620
14573	4	616	1	7	0	628
14574	1	17	4	588	0	610
14575	2	2	601	21	0	626
14576	3	586	11	8	0	608
14577	12	11	7	585	0	615
14578	660	3	2	12	0	677
14579	14	5	0	976	0	995
14580	5	1	1172	27	0	1205
14581	4	1165	23	11	0	1203
14582	1132	24	11	4	0	1171
14583	26	1151	5	6	0	1188
14584	12	28	1095	6	0	1141
14585	2	1103	30	12	0	1147
14586	10	34	20	1073	0	1137
14587	8	27	1084	22	0	1141
14588	11	1081	25	11	0	1128
14589	9	39	18	1034	0	1100
14590	5	26	16	1048	0	1095
14591	1	1071	15	40	0	1127
14592	4	36	12	1071	0	1123
14593	4	19	1070	35	0	1128
14594	4	17	1075	26	0	1122
14595	4	14	35	1081	0	1134
14596	1056	16	15	47	0	1134
14597	1067	15	12	30	0	1124
14598	33	14	15	1030	0	1092
14599	15	1046	26	31	0	1118
14600	11	30	20	1057	0	1118
14601	1049	14	13	45	0	1121
14602	42	11	8	1042	0	1103
14603	35	11	3	1062	0	1111
14604	1030	11	6	59	0	1106
14605	25	1026	6	32	0	1089
14606	25	35	3	1040	0	1103
14607	1020	16	3	53	0	1092
14608	35	7	1009	35	0	1086
14609	1017	12	27	32	0	1088
14610	42	11	12	1027	0	1092
14611	1023	12	10	40	0	1085
14612	1036	14	7	29	0	1086
14613	999	4	10	26	0	1039
14614	50	996	14	18	0	1078
14615	34	26	1002	19	0	1081
14616	29	1012	24	20	0	1085
14617	1015	25	16	20	0	1076
14618	54	991	9	6	0	1060
14619	36	37	8	987	0	1068
14620	963	33	9	36	0	1041
14621	33	970	14	21	0	1038
14622	32	44	967	11	0	1054
14623	21	30	28	971	0	1050
14624	20	23	966	38	0	1047
14625	19	969	29	36	0	1053
14626	23	39	13	943	0	1018
14627	17	27	16	979	0	1039
14628	17	16	18	992	0	1043
14629	10	15	22	960	0	1007
14630	10	949	20	48	0	1027
14631	943	43	9	32	0	1027
14632	34	22	935	34	0	1025
14633	22	13	25	964	0	1024
14634	933	10	11	64	0	1018
14635	40	17	931	33	0	1021
14636	22	939	34	17	0	1012
14637	26	34	28	920	0	1008
14638	17	22	944	43	0	1026
14639	15	943	48	30	0	1036
14640	935	38	22	20	0	1015
14641	38	945	19	16	0	1018
14642	20	44	14	941	0	1019
14643	7	27	17	977	0	1028
14644	938	18	16	50	0	1022
14645	37	951	12	27	0	1027
14646	32	42	12	946	0	1032
14647	920	33	9	46	0	1008
14648	933	13	6	45	0	997
14649	53	910	7	28	0	998
14650	922	41	8	26	0	997
14651	935	36	7	20	0	998
14652	58	18	7	918	0	1001
14653	40	12	899	42	0	993
14654	35	22	26	901	0	984
14655	36	21	14	914	0	985
14656	32	18	885	49	0	984
14657	26	867	35	37	0	965
14658	16	35	22	891	0	964
14659	16	16	20	917	0	969
14660	11	18	16	929	0	974
14661	15	13	12	904	0	944
14662	16	884	18	57	0	975
14663	883	36	13	36	0	968
14664	899	22	6	35	0	962
14665	889	9	3	38	0	939
14666	39	854	3	35	0	931
14667	24	34	6	871	0	935
14668	29	18	861	39	0	947
14669	32	19	24	837	0	912
14670	33	867	15	39	0	954
14671	852	34	9	20	0	915
14672	856	26	5	26	0	913
14673	849	16	12	19	0	896
14674	43	827	16	21	0	907
14675	27	803	11	20	0	861
14676	21	864	3	25	0	913
14677	34	39	809	6	0	888
14678	39	26	735	16	0	816
14679	31	95	23	325	0	474
14680	211	2	17	15	0	245
14681	214	0	1	1	0	216
14682	3	0	0	216	0	219
14683	1	0	1	220	0	222
14684	1	0	0	229	0	230
14685	1	1	0	228	0	230
14686	227	0	1	5	0	233
14687	231	1	0	2	0	234
14688	5	247	0	2	0	254
14689	258	5	0	1	0	264
14690	268	1	0	2	0	271
14691	264	3	0	1	0	268
14692	6	2	231	1	0	240
14693	263	1	2	0	0	266
14694	6	273	2	1	0	282
14695	3	5	0	278	0	286
14696	4	2	1	285	0	292
14697	1	263	1	7	0	272
14698	1	4	1	287	0	293
14699	283	1	0	8	0	292
14700	5	2	0	284	0	291
14701	3	0	282	8	0	293
14702	268	0	4	4	0	276
14703	6	284	1	2	0	293
14704	2	6	1	289	0	298
14705	5	1	0	291	0	297
14706	3	2	0	293	0	298
14707	1	1	287	6	0	295
14708	3	277	5	2	0	287
14709	2	6	1	288	0	297
14710	2	2	285	6	0	295
14711	1	1	4	289	0	295
14712	1	2	286	8	0	297
14713	0	2	6	279	0	287
14714	2	286	2	8	0	298
14715	1	4	1	285	0	291
14716	277	3	2	8	0	290
14717	279	1	1	4	0	285
14718	7	2	270	1	0	280
14719	3	1	269	4	0	277
14720	1	2	295	2	0	300
14721	3	0	5	296	0	304
14722	1	2	1	315	0	319
14723	1	1	1	312	0	315
14724	0	318	1	9	0	328
14725	0	4	2	319	0	325
14726	2	2	3	326	0	333
14727	1	3	1	326	0	331
14728	323	0	1	11	0	335
14729	322	1	2	4	0	329
14730	6	3	327	5	0	341
14731	5	1	330	3	0	339
14732	336	1	6	6	0	349
14733	350	1	4	4	0	359
14734	8	0	363	3	0	374
14735	5	1	347	3	0	356
14736	359	1	10	3	0	373
14737	370	1	5	3	0	379
14738	8	1	375	3	0	387
14739	4	1	5	375	0	385
14740	2	1	4	379	0	386
14741	0	398	3	11	0	412
14742	2	9	2	405	0	418
14743	4	4	421	11	0	440
14744	2	2	8	421	0	433
14745	3	1	4	433	0	441
14746	0	0	418	14	0	432
14747	403	1	11	6	0	421
14748	428	2	3	3	0	436
14749	12	2	3	421	0	438
14750	8	1	3	431	0	443
14751	426	0	2	14	0	442
14752	423	1	3	6	0	433
14753	389	2	5	5	0	401
14754	425	1	3	2	0	431
14755	13	413	2	6	0	434
14756	421	9	0	8	0	438
14757	12	421	2	4	0	439
14758	5	9	3	425	0	442
14759	2	5	3	432	0	442
14760	2	417	1	15	0	435
14761	2	9	4	430	0	445
14762	3	2	3	431	0	439
14763	5	419	3	12	0	439
14764	4	10	1	427	0	442
14765	1	5	4	435	0	445
14766	5	2	3	428	0	438
14767	7	0	410	16	0	433
14768	4	388	9	7	0	408
14769	3	10	5	379	0	397
14770	5	390	6	9	0	410
14771	389	7	4	5	0	405
14772	13	3	388	6	0	410
14773	6	3	365	5	0	379
14774	361	4	13	6	0	384
14775	11	4	4	362	0	381
14776	6	2	350	8	0	366
14777	5	0	338	5	0	348
14778	4	2	9	338	0	353
14779	342	1	4	9	0	356
14780	343	1	2	5	0	351
14781	11	2	2	334	0	349
14782	6	2	329	8	0	345
14783	3	340	5	5	0	353
14784	2	9	3	347	0	361
14785	2	2	339	12	0	355
14786	3	337	6	5	0	351
14787	5	5	3	336	0	349
14788	326	0	3	7	0	336
14789	7	2	2	313	0	324
14790	2	310	1	12	0	325
14791	299	7	2	6	0	314
14792	5	6	316	2	0	329
14793	3	311	5	7	0	326
14794	2	7	303	3	0	315
14795	290	2	10	5	0	307
14796	8	0	3	292	0	303
14797	5	2	3	301	0	311
14798	304	0	1	8	0	313
14799	9	5	2	299	0	315
14800	2	2	306	7	0	317
14801	286	0	6	6	0	298
14802	8	308	2	3	0	321
14803	7	5	1	313	0	326
14804	323	1	1	8	0	333
14805	5	314	2	5	0	326
14806	2	7	1	327	0	337
14807	326	2	1	9	0	338
14808	5	5	1	327	0	338
14809	1	314	1	10	0	326
14810	0	7	318	5	0	330
14811	2	2	5	337	0	346
14812	2	0	4	315	0	321
14813	336	4	2	9	0	351
14814	7	1	1	336	0	345
14815	340	1	1	9	0	351
14816	345	2	1	5	0	353
14817	7	1	4	339	0	351
14818	4	342	2	7	0	355
14819	6	5	1	331	0	343
14820	308	2	0	8	0	318
14821	9	320	2	3	0	334
14822	4	340	2	1	0	347
14823	348	7	3	3	0	361
14824	364	2	2	1	0	369
14825	10	354	0	1	0	365
14826	356	6	1	5	0	368
14827	367	1	5	2	0	375
14828	9	4	1	363	0	377
14829	3	2	374	8	0	387
14830	5	3	4	371	0	383
14831	2	2	383	8	0	395
14832	3	4	6	369	0	382
14833	2	2	375	7	0	386
14834	351	1	5	5	0	362
14835	5	0	3	371	0	379
14836	375	1	1	6	0	383
14837	6	1	0	367	0	374
14838	2	368	1	6	0	377
14839	373	4	0	4	0	381
14840	5	2	343	1	0	351
14841	331	1	1	1	0	334
14842	3	343	2	0	0	348
14843	324	2	1	1	0	328
14844	327	1	0	2	0	330
14845	4	336	0	0	0	340
14846	1	3	0	349	0	353
14847	341	1	0	4	0	346
14848	4	353	0	2	0	359
14849	1	3	0	359	0	363
14850	363	1	0	4	0	368
14851	2	2	0	355	0	359
14852	2	0	0	365	0	367
14853	3	0	0	373	0	376
14854	0	1	365	5	0	371
14855	1	0	3	368	0	372
14856	364	0	1	5	0	370
14857	3	2	365	1	0	371
14858	1	0	3	368	0	372
14859	3	0	0	377	0	380
14860	1	0	367	5	0	373
14861	353	0	3	3	0	359
14862	370	0	1	4	0	375
14863	4	1	375	0	0	380
14864	2	0	3	368	0	373
14865	2	0	1	380	0	383
14866	0	1	406	4	0	411
14867	1	1	4	395	0	401
14868	2	0	2	387	0	391
14869	2	0	408	5	0	415
14870	397	2	3	3	0	405
14871	7	0	1	421	0	429
14872	421	0	1	6	0	428
14873	423	0	0	5	0	428
14874	6	0	425	2	0	433
14875	2	0	5	417	0	424
14876	421	1	3	7	0	432
14877	4	442	1	4	0	451
14878	3	3	2	442	0	450
14879	6	1	0	448	0	455
14880	2	3	0	460	0	465
14881	5	1	459	5	0	470
14882	406	0	4	5	0	415
14883	4	3	3	433	0	443
14884	5	0	3	434	0	442
14885	5	2	431	6	0	444
14886	3	1	5	424	0	433
14887	1	2	1	439	0	443
14888	432	1	2	8	0	443
14889	7	440	0	6	0	453
14890	2	6	451	3	0	462
14891	446	2	3	5	0	456
14892	6	1	2	444	0	453
14893	3	3	461	6	0	473
14894	4	0	466	4	0	474
14895	4	0	7	475	0	486
14896	1	0	481	9	0	491
14897	2	2	461	4	0	469
14898	2	443	8	5	0	458
14899	4	4	5	505	0	518
14900	3	1	529	6	0	539
14901	1	2	3	506	0	512
14902	542	0	3	9	0	554
14903	5	0	2	531	0	538
14904	2	0	0	531	0	533
14905	520	0	4	6	0	530
14906	517	0	1	4	0	522
14907	8	1	1	551	0	561
14908	4	0	573	6	0	583
14909	1	561	7	4	0	573
14910	2	3	1	566	0	572
14911	569	1	3	7	0	580
14912	565	0	3	4	0	572
14913	5	553	0	5	0	563
14914	4	576	2	2	0	584
14915	572	5	1	0	0	578
14916	564	1	0	3	0	568
14917	7	1	593	3	0	604
14918	5	1	5	585	0	596
14919	2	600	3	8	0	613
14920	634	4	2	4	0	644
14921	6	1	2	610	0	619
14922	2	585	0	7	0	594
14923	0	4	587	4	0	595
14924	1	0	6	556	0	563
14925	1	588	0	6	0	595
14926	594	5	1	2	0	602
14927	599	1	0	2	0	602
14928	5	591	1	3	0	600
14929	574	5	1	1	0	581
14930	562	0	1	2	0	565
14931	5	555	1	2	0	563
14932	2	566	4	0	0	572
14933	1	10	3	573	0	587
14934	577	2	1	7	0	587
14935	6	1	584	3	0	594
14936	543	0	7	2	0	552
14937	6	592	2	1	0	601
14938	580	5	2	1	0	588
14939	602	0	1	3	0	606
14940	612	1	0	1	0	614
14941	8	6	2	598	0	614
14942	1	597	0	6	0	604
14943	604	6	0	2	0	612
14944	6	0	606	0	0	612
14945	1	583	3	1	0	588
14946	0	5	1	604	0	610
14947	2	1	591	3	0	597
14948	3	0	585	2	0	590
14949	0	2	4	573	0	579
14950	3	1	1	620	0	625
14951	3	0	0	625	0	628
14952	2	2	1	606	0	611
14953	1	590	1	6	0	598
14954	0	616	0	2	0	618
14955	622	6	0	2	0	630
14956	6	1	1	616	0	624
14957	1	1	0	628	0	630
14958	2	1	0	629	0	632
14959	621	0	1	7	0	629
14960	619	0	1	1	0	621
14961	7	1	0	623	0	631
14962	632	1	0	7	0	640
14963	635	1	0	1	0	637
14964	651	1	1	1	0	654
14965	7	4	1	633	0	645
14966	1	0	597	5	0	603
14967	1	1	551	2	0	555
14968	0	1	591	0	0	592
14969	1	1	621	1	0	624
14970	3	2	4	610	0	619
14971	609	1	0	5	0	615
14972	604	0	0	1	0	605
14973	5	1	605	1	0	612
14974	1	2	604	1	0	608
14975	1	698	4	0	0	703
14976	3	4	6	690	0	703
14977	683	0	0	9	0	692
14978	3	1	691	1	0	696
14979	646	0	4	2	0	652
14980	5	688	1	0	0	694
14981	1	4	0	696	0	701
14982	2	0	0	710	0	712
14983	3	0	0	694	0	697
14984	715	0	0	7	0	722
14985	6	1	0	712	0	719
14986	2	0	0	723	0	725
14987	720	0	2	7	0	729
14988	5	1	1	719	0	726
14989	0	0	714	5	0	719
14990	697	0	7	1	0	705
14991	5	0	1	729	0	735
14992	2	0	1	724	0	727
14993	1	707	0	6	0	714
14994	707	5	1	2	0	715
14995	714	0	0	2	0	716
14996	5	2	0	710	0	717
14997	0	3	698	5	0	706
14998	642	0	5	5	0	652
14999	5	0	691	1	0	697
15000	4	0	5	669	0	678
15001	0	1	0	702	0	703
15002	693	0	0	10	0	703
15003	8	1	0	734	0	743
15004	2	0	732	9	0	743
15005	705	0	7	2	0	714
15006	9	0	809	2	0	820
15007	1	0	774	1	0	776
15008	795	0	10	3	0	808
15009	13	0	2	832	0	847
15010	1	864	2	10	0	877
15011	864	11	1	2	0	878
15012	862	0	0	1	0	863
15013	12	0	854	1	0	867
15014	829	0	11	1	0	841
15015	12	0	0	848	0	860
15016	1	0	898	10	0	909
15017	0	870	11	4	0	885
15018	865	10	1	1	0	877
15019	11	886	0	2	0	899
15020	1	9	1	876	0	887
15021	2	1	1	879	0	883
15022	2	0	1	876	0	879
15023	4	0	2	863	0	869
15024	1	862	1	9	0	873
15025	2	8	845	1	0	856
15026	0	849	9	1	0	859
15027	853	10	2	0	0	865
15028	12	1	1	848	0	862
15029	854	2	0	11	0	867
15030	9	2	0	858	0	869
15031	911	0	1	12	0	924
15032	9	942	1	3	0	955
15033	951	9	1	6	0	967
15034	963	1	1	4	0	969
15035	938	1	1	4	0	944
15036	959	1	1	4	0	965
15037	9	940	1	2	0	952
15038	3	9	953	1	0	966
15039	4	0	9	941	0	954
15040	937	0	1	12	0	950
15041	959	0	1	3	0	963
15042	10	1	0	952	0	963
15043	0	1	976	11	0	988
15044	4	1	10	938	0	953
15045	3	977	1	10	0	991
15046	981	13	0	4	0	998
15047	13	3	0	986	0	1002
15048	2	952	2	11	0	967
15049	1	992	3	4	0	1000
15050	2	1018	1	2	0	1023
15051	3	11	1	1037	0	1052
15052	1047	1	1	12	0	1061
15053	10	1057	2	2	0	1071
15054	4	10	1	1065	0	1080
15055	1055	2	1	16	0	1074
15056	16	1	0	1061	0	1078
15057	1046	0	0	10	0	1056
15058	1044	1	5	3	0	1053
15059	12	1110	2	1	0	1125
15060	8	12	0	1083	0	1103
15061	1	1133	2	11	0	1147
15062	1128	10	1	4	0	1143
15063	1126	3	1	5	0	1135
15064	1137	3	0	7	0	1147
15065	13	0	2	1153	0	1168
15066	6	2	1131	13	0	1152
15067	1090	0	13	6	0	1109
15068	1149	1	3	1	0	1154
15069	17	1	1	1129	0	1148
15070	2	1166	3	11	0	1182
15071	4	14	2	1179	0	1199
15072	7	4	0	1192	0	1203
15073	1186	1	0	19	0	1206
15074	1152	3	1	9	0	1165
15075	17	2	1087	5	0	1111
15076	6	2	13	1084	0	1105
15077	1087	2	4	18	0	1111
15078	18	4	0	1085	0	1107
15079	4	4	1087	14	0	1109
15080	0	1045	14	5	0	1064
15081	4	1119	2	5	0	1130
15082	1249	12	0	10	0	1271
15083	17	8	2	1348	0	1375
15084	14	2	1	1570	0	1587
15085	1544	3	4	33	0	1584
15086	28	2	1555	12	0	1597
15087	15	6	23	1557	0	1601
15088	13	1	1574	25	0	1613
15089	5	1584	26	15	0	1630
15090	1595	23	9	14	0	1641
15091	1620	11	8	8	0	1647
15092	1636	6	6	9	0	1657
15093	38	6	1592	11	0	1647
15094	1603	5	21	11	0	1640
15095	1656	2	18	7	0	1683
15096	43	7	5	1644	0	1699
15097	1301	8	20	45	0	1374
15098	30	10	1607	13	0	1660
15099	1574	5	21	12	0	1612
15100	44	6	1617	5	0	1672
15101	30	1630	28	9	0	1697
15102	26	30	18	1531	0	1605
15103	19	1615	10	23	0	1667
15104	21	26	1585	7	0	1639
15105	4	1601	31	18	0	1654
15106	1521	28	6	10	0	1565
15107	22	1481	18	6	0	1527
15108	18	1488	3	4	0	1513
15109	12	23	1455	5	0	1495
15110	9	28	19	1413	0	1469
15111	1443	10	10	22	0	1485
15112	22	22	1451	7	0	1502
15113	13	1460	27	10	0	1510
15114	7	31	13	1451	0	1502
15115	14	16	1479	24	0	1533
15116	15	13	1413	6	0	1447
15117	7	13	30	1434	0	1484
15118	6	9	1455	23	0	1493
15119	3	6	32	1355	0	1396
15120	15	1379	17	23	0	1434
15121	11	17	20	1406	0	1454
15122	10	1424	8	25	0	1467
15123	9	23	12	1431	0	1475
15124	1421	12	13	29	0	1475
15125	28	9	14	1414	0	1465
15126	11	1401	7	39	0	1458
15127	9	27	13	1443	0	1492
15128	7	7	1422	34	0	1470
15129	13	19	24	1437	0	1493
15130	1430	5	9	48	0	1492
15131	24	20	1376	10	0	1430
15132	11	5	19	1377	0	1412
15133	1333	9	15	26	0	1383
15134	21	1315	8	26	0	1370
15135	17	28	12	1328	0	1385
15136	1331	10	6	38	0	1385
15137	30	10	14	1342	0	1396
15138	13	12	1320	36	0	1381
15139	1289	14	20	18	0	1341
15140	28	1293	20	15	0	1356
15141	17	1313	6	19	0	1355
15142	1331	19	9	16	0	1375
15143	1299	23	10	4	0	1336
15144	32	10	3	1313	0	1358
15145	1302	10	8	21	0	1341
15146	29	7	1283	20	0	1339
15147	1276	2	27	16	0	1321
15148	39	1264	10	12	0	1325
15149	1265	24	14	13	0	1316
15150	36	14	1273	10	0	1333
15151	22	12	26	1264	0	1324
15152	26	8	12	1286	0	1332
15153	11	12	10	1206	0	1239
15154	27	1260	5	29	0	1321
15155	1269	21	15	17	0	1322
15156	38	7	6	1199	0	1250
15157	20	1230	9	19	0	1278
15158	1330	17	8	26	0	1381
15159	1264	13	16	11	0	1304
15160	1286	6	5	21	0	1318
15161	1283	9	8	22	0	1322
15162	1252	5	7	22	0	1286
15163	40	12	8	1248	0	1308
15164	36	8	6	1237	0	1287
15165	1228	9	5	34	0	1276
15166	33	17	7	1233	0	1290
15167	26	9	6	1237	0	1278
15168	21	11	1166	40	0	1238
15169	1208	6	25	17	0	1256
15170	1219	10	11	19	0	1259
15171	1231	16	6	13	0	1266
15172	39	12	7	1138	0	1196
15173	16	1194	10	30	0	1250
15174	1285	22	9	18	0	1334
15175	1239	9	12	28	0	1288
15176	39	7	8	1384	0	1438
15177	1426	8	18	30	0	1482
15178	46	25	1058	23	0	1152
15179	28	1448	23	17	0	1516
15180	31	1495	16	17	0	1559
15181	21	26	1466	18	0	1531
15182	16	1288	23	10	0	1337
15183	14	1213	12	17	0	1256
15184	993	9	10	6	0	1018
15185	3	990	6	5	0	1004
15186	7	8	5	1002	0	1022
15187	1013	8	5	11	0	1037
15188	9	5	979	9	0	1002
15189	968	8	3	8	0	987
15190	5	3	971	7	0	986
15191	10	6	955	6	0	977
15192	940	4	8	8	0	960
15193	6	1	983	6	0	996
15194	9	966	6	1	0	982
15195	4	5	6	954	0	969
15196	952	3	6	4	0	965
15197	6	928	5	8	0	947
15198	8	8	1	947	0	964
15199	4	9	935	7	0	955
15200	10	5	3	940	0	958
15201	921	2	5	6	0	934
15202	6	1	898	11	0	916
15203	11	3	6	890	0	910
15204	895	2	7	6	0	910
15205	897	1	3	8	0	909
15206	12	5	3	883	0	903
15207	14	2	1	896	0	913
15208	7	1	913	7	0	928
15209	6	3	890	12	0	911
15210	895	5	6	13	0	919
15211	931	2	9	4	0	946
15212	8	906	3	3	0	920
15213	902	4	2	5	0	913
15214	915	5	4	4	0	928
15215	12	3	950	4	0	969
15216	9	974	4	3	0	990
15217	981	2	9	3	0	995
15218	972	8	3	4	0	987
15219	984	2	4	8	0	998
15220	14	4	2	982	0	1002
15221	10	3	3	974	0	990
15222	9	972	2	9	0	992
15223	4	7	3	996	0	1010
15224	984	6	5	5	0	1000
15225	9	3	0	988	0	1000
15226	9	4	974	7	0	994
15227	7	5	943	10	0	965
15228	8	2	9	966	0	985
15229	6	1	979	10	0	996
15230	7	2	951	9	0	969
15231	3	2	15	951	0	971
15232	8	2	10	984	0	1004
15233	7	3	989	10	0	1009
15234	8	1	964	7	0	980
15235	2	987	12	7	0	1008
15236	982	5	6	12	0	1005
15237	6	1029	6	2	0	1043
15238	1023	6	9	7	0	1045
15239	1035	8	3	4	0	1050
15240	14	1038	1	4	0	1057
15241	1054	8	4	4	0	1070
15242	11	8	5	1046	0	1070
15243	11	1	1070	7	0	1089
15244	7	4	8	1043	0	1062
15245	8	2	8	1068	0	1086
15246	1037	2	3	13	0	1055
15247	1036	1	4	12	0	1053
15248	1045	0	4	6	0	1055
15249	1043	2	5	8	0	1058
15250	995	3	2	7	0	1007
15251	17	974	2	4	0	997
15252	12	7	3	989	0	1011
15253	10	7	975	9	0	1001
15254	12	3	4	981	0	1000
15255	6	5	9	968	0	988
15256	4	3	6	1024	0	1037
15257	1085	1	3	15	0	1104
15258	16	0	6	1061	0	1083
15259	1103	1	7	19	0	1130
15260	16	3	1115	16	0	1150
15261	18	1	11	1363	0	1393
15262	8	1	1399	26	0	1434
15263	1408	1	26	20	0	1455
15264	29	2	18	1421	0	1470
15265	19	5	1423	27	0	1474
15266	7	5	29	1430	0	1471
15267	1433	1	17	29	0	1480
15268	31	3	1399	22	0	1455
15269	1423	5	28	10	0	1466
15270	1465	1	19	7	0	1492
15271	1467	0	9	8	0	1484
15272	1432	2	8	11	0	1453
15273	37	1405	11	8	0	1461
15274	22	1327	6	6	0	1361
15275	10	1270	3	10	0	1293
15276	20	53	8	1099	0	1180
15277	8	1145	4	29	0	1186
15278	1119	26	4	9	0	1158
15279	27	1100	3	1	0	1131
15280	15	1110	1	2	0	1128
15281	7	31	3	1100	0	1141
15282	5	13	6	1125	0	1149
15283	1100	5	3	39	0	1147
15284	28	6	0	1110	0	1144
15285	14	4	1082	30	0	1130
15286	8	3	1055	18	0	1084
15287	8	3	1088	8	0	1107
15288	15	2	31	1046	0	1094
15289	11	3	16	1145	0	1175
15290	9	1	1100	38	0	1148
15291	11	3	1101	15	0	1130
15292	13	3	1146	6	0	1168
15293	1160	3	39	9	0	1211
15294	30	6	18	1173	0	1227
15295	20	6	5	1199	0	1230
15296	1184	3	6	47	0	1240
15297	32	6	10	1179	0	1227
15298	22	1159	6	35	0	1222
15299	13	1209	2	24	0	1248
15300	9	38	9	1215	0	1271
15301	1207	17	1	38	0	1263
15302	1223	8	4	31	0	1266
15303	1247	2	8	10	0	1267
15304	46	5	3	1217	0	1271
15305	26	4	1208	32	0	1270
15306	12	3	32	1222	0	1269
15307	15	2	1207	33	0	1257
15308	1159	3	33	24	0	1219
15309	35	2	20	1166	0	1223
15310	1131	3	9	36	0	1179
15311	31	3	1161	25	0	1220
15312	1103	6	33	15	0	1157
15313	41	3	1198	10	0	1252
15314	27	1111	36	15	0	1189
15315	16	1138	19	11	0	1184
15316	1105	35	14	14	0	1168
15317	33	16	9	1098	0	1156
15318	28	9	1106	31	0	1174
15319	14	1090	31	21	0	1156
15320	13	1138	19	11	0	1181
15321	14	39	8	1116	0	1177
15322	1130	18	6	30	0	1184
15323	1129	12	4	23	0	1168
15324	44	1105	8	18	0	1175
15325	1128	36	9	10	0	1183
15326	32	22	9	1114	0	1177
15327	20	15	1115	37	0	1187
15328	19	1111	29	20	0	1179
15329	14	29	18	1122	0	1183
15330	13	19	9	1128	0	1169
15331	1107	11	5	48	0	1171
15332	34	6	1108	28	0	1176
15333	1093	4	32	19	0	1148
15334	1133	6	17	16	0	1172
15335	43	5	11	1109	0	1168
15336	30	9	8	1143	0	1190
15337	1087	7	11	48	0	1153
15338	32	4	15	1102	0	1153
15339	20	8	1068	41	0	1137
15340	10	6	1073	23	0	1112
15341	10	1046	38	20	0	1114
15342	9	1116	24	16	0	1165
15343	19	33	14	1016	0	1082
15344	10	1054	7	35	0	1106
15345	1071	35	3	22	0	1131
15346	33	1078	9	22	0	1142
15347	23	32	6	1071	0	1132
15348	14	20	8	1094	0	1136
15349	7	18	1067	48	0	1140
15350	12	10	25	1079	0	1126
15351	16	5	20	1089	0	1130
15352	10	1093	15	46	0	1164
15353	16	26	8	1115	0	1165
15354	13	17	10	1140	0	1180
15355	11	12	1111	48	0	1182
15356	9	1084	35	37	0	1165
15357	13	68	22	942	0	1045
15358	14	1016	11	30	0	1071
15359	11	31	968	19	0	1029
15360	13	946	25	14	0	998
15361	701	19	11	9	0	740
15362	654	11	13	8	0	686
15363	665	6	2	4	0	677
15364	20	657	0	5	0	682
15365	657	10	3	3	0	673
15366	15	9	2	646	0	672
15367	641	5	3	10	0	659
15368	15	623	4	8	0	650
15369	624	12	0	8	0	644
15370	643	6	0	7	0	656
15371	14	645	2	8	0	669
15372	14	12	642	2	0	670
15373	6	12	7	686	0	711
15374	4	8	723	12	0	747
15375	5	2	16	763	0	786
15376	6	2	11	794	0	813
15377	0	6	806	25	0	837
15378	6	1	16	814	0	837
15379	805	2	14	29	0	850
15380	20	3	814	19	0	856
15381	14	817	20	10	0	861
15382	10	17	13	810	0	850
15383	6	13	6	827	0	852
15384	2	7	814	33	0	856
15385	6	6	17	780	0	809
15386	2	808	14	24	0	848
15387	775	20	7	16	0	818
15388	15	793	5	11	0	824
15389	740	18	0	6	0	764
15390	14	733	6	2	0	755
15391	13	772	0	3	0	788
15392	7	25	731	2	0	765
15393	7	15	15	709	0	746
15394	3	7	9	700	0	719
15395	5	3	2	716	0	726
15396	4	748	3	28	0	783
15397	6	21	4	759	0	790
15398	780	10	1	29	0	820
15399	16	6	3	798	0	823
15400	794	3	5	26	0	828
15401	19	5	787	16	0	827
15402	801	2	20	9	0	832
15403	22	6	11	792	0	831
15404	18	4	9	826	0	857
15405	816	4	8	36	0	864
15406	22	4	818	22	0	866
15407	13	814	23	17	0	867
15408	9	24	14	826	0	873
15409	828	15	6	26	0	875
15410	840	8	4	18	0	870
15411	37	7	2	838	0	884
15412	20	7	832	26	0	885
15413	794	7	23	16	0	840
15414	29	11	796	7	0	843
15415	14	6	18	794	0	832
15416	13	8	804	22	0	847
15417	7	3	26	816	0	852
15418	8	4	774	28	0	814
15419	2	751	22	23	0	798
15420	12	23	11	680	0	726
15421	6	764	9	25	0	804
15422	778	21	3	19	0	821
15423	788	14	4	12	0	818
15424	33	3	765	14	0	815
15425	23	11	25	764	0	823
15426	779	1	18	28	0	826
15427	30	5	5	778	0	818
15428	16	2	8	789	0	815
15429	11	4	748	41	0	804
15430	724	5	31	19	0	779
15431	28	6	779	9	0	822
15432	15	7	23	765	0	810
15433	11	3	766	36	0	816
15434	763	3	26	17	0	809
15435	777	2	19	12	0	810
15436	759	3	13	18	0	793
15437	37	6	13	752	0	808
15438	29	3	740	29	0	801
15439	16	5	769	22	0	812
15440	10	12	36	690	0	748
15441	8	759	20	30	0	817
15442	745	18	13	22	0	798
15443	25	18	17	741	0	801
15444	23	10	745	35	0	813
15445	12	8	27	757	0	804
15446	20	4	760	33	0	817
15447	20	4	29	778	0	831
15448	19	5	779	32	0	835
15449	9	2	783	29	0	823
15450	10	759	39	20	0	828
15451	13	16	769	13	0	811
15452	11	15	753	19	0	798
15453	15	7	35	615	0	672
15454	16	3	22	686	0	727
15455	15	725	16	32	0	788
15456	716	19	17	27	0	779
15457	24	722	12	18	0	776
15458	24	19	17	715	0	775
15459	720	17	7	31	0	775
15460	33	6	15	709	0	763
15461	712	6	12	31	0	761
15462	25	3	17	725	0	770
15463	18	6	727	32	0	783
15464	15	5	27	732	0	779
15465	13	5	16	746	0	780
15466	724	11	13	34	0	782
15467	723	4	17	22	0	766
15468	713	4	14	21	0	752
15469	31	675	16	18	0	740
15470	19	692	9	19	0	739
15471	696	20	15	15	0	746
15472	26	14	704	19	0	763
15473	16	5	658	11	0	690
15474	17	22	22	609	0	670
15475	11	4	593	16	0	624
15476	5	1	567	27	0	600
15477	539	1	26	8	0	574
15478	551	1	9	13	0	574
15479	22	550	8	7	0	587
15480	14	578	5	11	0	608
15481	12	14	12	500	0	538
15482	5	563	6	17	0	591
15483	580	10	10	10	0	610
15484	15	7	8	557	0	587
15485	10	579	8	18	0	615
15486	586	15	6	14	0	621
15487	19	6	586	10	0	621
15488	10	10	577	5	0	602
15489	575	2	14	11	0	602
15490	14	2	568	10	0	594
15491	534	3	18	7	0	562
15492	12	3	9	547	0	571
15493	8	1	555	15	0	579
15494	4	536	19	8	0	567
15495	10	542	9	6	0	567
15496	487	6	7	6	0	506
15497	7	491	5	1	0	504
15498	448	4	4	2	0	458
15499	444	4	3	4	0	455
15500	7	447	5	1	0	460
15501	7	3	2	444	0	456
15502	5	2	448	2	0	457
15503	2	475	5	4	0	486
15504	1	17	3	459	0	480
15505	0	1	3	504	0	508
15506	482	1	0	6	0	489
15507	5	0	0	485	0	490
15508	2	0	489	5	0	496
15509	2	485	4	1	0	492
15510	3	4	1	488	0	496
15511	491	2	1	9	0	503
15512	506	2	1	1	0	510
15513	6	0	1	510	0	517
15514	518	1	2	6	0	527
15515	9	1	520	1	0	531
15516	3	0	7	527	0	537
15517	4	1	534	8	0	547
15518	6	0	9	601	0	616
15519	4	1	3	590	0	598
15520	3	1	2	593	0	599
15521	2	0	2	596	0	600
15522	2	1	1	587	0	591
15523	577	0	2	13	0	592
15524	584	0	1	7	0	592
15525	9	579	1	3	0	592
15526	583	8	0	7	0	598
15527	13	3	2	580	0	598
15528	5	1	1	600	0	607
15529	5	1	0	598	0	604
15530	5	0	595	12	0	612
15531	3	2	10	541	0	556
15532	2	580	4	11	0	597
15533	579	9	4	6	0	598
15534	575	4	1	6	0	586
15535	13	2	571	5	0	591
15536	6	574	12	4	0	596
15537	4	10	3	578	0	595
15538	3	6	585	12	0	606
15539	5	2	10	530	0	547
15540	6	549	5	12	0	572
15541	531	12	3	7	0	553
15542	10	546	2	5	0	563
15543	5	11	552	7	0	575
15544	3	2	548	5	0	558
15545	0	541	10	8	0	559
15546	4	548	5	3	0	560
15547	521	12	7	6	0	546
15548	532	5	1	5	0	543
15549	13	3	3	530	0	549
15550	7	3	526	11	0	547
15551	7	0	10	536	0	553
15552	4	4	3	543	0	554
15553	532	2	2	21	0	557
15554	521	1	3	7	0	532
15555	14	1	5	548	0	568
15556	4	3	553	15	0	575
15557	4	547	11	7	0	569
15558	549	12	2	9	0	572
15559	15	569	3	5	0	592
15560	8	12	3	587	0	610
15561	3	4	3	619	0	629
15562	3	3	4	613	0	623
15563	3	5	4	586	0	598
15564	581	2	0	19	0	602
15565	13	4	1	576	0	594
15566	5	571	1	18	0	595
15567	6	11	4	581	0	602
15568	566	2	3	18	0	589
15569	11	571	1	10	0	593
15570	11	13	2	570	0	596
15571	4	5	562	19	0	590
15572	556	3	12	8	0	579
15573	14	2	7	559	0	582
15574	9	5	552	13	0	579
15575	2	4	549	11	0	566
15576	4	6	16	549	0	575
15577	546	1	11	19	0	577
15578	555	2	2	9	0	568
15579	16	563	2	8	0	589
15580	552	12	4	5	0	573
15581	559	4	6	6	0	575
15582	556	3	2	7	0	568
15583	557	2	3	7	0	569
15584	18	3	1	551	0	573
15585	6	3	0	561	0	570
15586	4	6	534	15	0	559
15587	6	493	10	12	0	521
15588	6	530	3	3	0	542
15589	7	11	523	5	0	546
15590	518	6	10	7	0	541
15591	15	2	6	513	0	536
15592	525	3	4	12	0	544
15593	524	5	0	10	0	539
15594	14	2	519	4	0	539
15595	6	3	13	530	0	552
15596	537	2	5	12	0	556
15597	14	3	0	536	0	553
15598	8	3	535	12	0	558
15599	8	11	10	516	0	545
15600	5	554	5	12	0	576
15601	5	566	0	7	0	578
15602	6	13	554	3	0	576
15603	3	540	8	3	0	554
15604	509	7	5	5	0	526
15605	501	4	0	6	0	511
15606	12	0	3	495	0	510
15607	4	1	1	507	0	513
15608	0	3	1	512	0	516
15609	502	0	1	12	0	515
15610	12	506	0	3	0	521
15611	503	7	1	3	0	514
15612	500	3	0	2	0	505
15613	10	495	1	2	0	508
15614	478	3	1	3	0	485
15615	3	485	1	2	0	491
15616	486	2	1	2	0	491
15617	2	1	484	3	0	490
15618	399	5	5	1	0	410
15619	2	415	1	0	0	418
15620	3	1	0	416	0	420
15621	0	2	0	426	0	428
15622	3	4	0	421	0	428
15623	439	0	0	4	0	443
15624	3	0	0	440	0	443
15625	2	0	441	2	0	445
15626	424	1	1	2	0	428
15627	2	0	438	2	0	442
15628	3	0	3	435	0	441
15629	0	2	437	3	0	442
15630	0	3	2	430	0	435
15631	2	433	4	1	0	440
15632	3	2	0	412	0	417
15633	0	429	0	4	0	433
15634	2	2	1	433	0	438
15635	434	2	2	2	0	440
15636	2	0	1	438	0	441
15637	435	0	1	3	0	439
15638	4	0	424	3	0	431
15639	421	1	2	2	0	426
15640	432	0	3	1	0	436
15641	434	1	0	1	0	436
15642	4	1	0	435	0	440
15643	422	1	0	3	0	426
15644	2	0	412	3	0	417
15645	409	1	2	2	0	414
15646	5	0	410	1	0	416
15647	413	0	2	1	0	416
15648	3	1	1	427	0	432
15649	3	0	445	3	0	451
15650	2	0	2	448	0	452
15651	4	3	2	436	0	445
15652	1	1	445	3	0	450
15653	404	0	1	7	0	412
15654	2	451	5	0	0	458
15655	439	2	0	3	0	444
15656	4	446	0	1	0	451
15657	446	3	1	3	0	453
15658	3	3	446	1	0	453
15659	398	8	2	3	0	411
15660	3	418	3	1	0	425
15661	2	1	1	424	0	428
15662	2	2	0	424	0	428
15663	2	1	1	425	0	429
15664	1	3	431	3	0	438
15665	2	0	1	428	0	431
15666	2	0	458	2	0	462
15667	476	0	3	3	0	482
15668	495	1	1	1	0	498
15669	6	0	2	498	0	506
15670	3	1	500	4	0	508
15671	491	0	4	2	0	497
15672	4	1	594	1	0	600
15673	4	0	6	579	0	589
15674	4	0	4	588	0	596
15675	1	0	1	601	0	603
15676	1	0	1	612	0	614
15677	599	0	2	11	0	612
15678	7	599	1	5	0	612
15679	3	7	564	3	0	577
15680	2	575	6	2	0	585
15681	578	7	2	2	0	589
15682	9	4	1	576	0	590
15683	575	2	1	8	0	586
15684	10	1	2	571	0	584
15685	5	2	0	571	0	578
15686	2	1	0	580	0	583
15687	1	0	572	12	0	585
15688	2	557	5	7	0	571
15689	2	5	555	4	0	566
15690	0	2	7	567	0	576
15691	574	1	5	10	0	590
15692	564	1	1	5	0	571
15693	572	0	1	5	0	578
15694	10	569	1	4	0	584
15695	590	7	2	3	0	602
15696	10	4	1	590	0	605
15697	6	2	2	600	0	610
15698	4	1	0	583	0	588
15699	2	591	1	12	0	606
15700	7	7	0	566	0	580
15701	1	567	2	11	0	581
15702	562	7	0	9	0	578
15703	559	3	1	3	0	566
15704	10	3	1	562	0	576
15705	5	3	544	8	0	560
15706	532	2	8	5	0	547
15707	10	1	2	555	0	568
15708	6	0	558	8	0	572
15709	538	1	7	9	0	555
15710	9	2	3	559	0	573
15711	566	1	1	9	0	577
15712	8	561	1	7	0	577
15713	5	7	0	561	0	573
15714	4	582	3	8	0	597
15715	5	7	1	574	0	587
15716	2	579	1	12	0	594
15717	6	12	1	573	0	592
15718	4	3	569	10	0	586
15719	484	3	8	16	0	511
15720	8	556	5	3	0	572
15721	5	7	541	4	0	557
15722	526	3	10	6	0	545
15723	11	1	3	556	0	571
15724	5	3	564	9	0	581
15725	2	593	9	7	0	611
15726	3	6	3	593	0	605
15727	6	2	596	8	0	612
15728	1	4	6	584	0	595
15729	1	2	4	605	0	612
15730	2	5	601	11	0	619
15731	5	1	9	606	0	621
15732	1	2	631	14	0	648
15733	5	1	7	631	0	644
15734	1	1	647	14	0	663
15735	1	1	10	640	0	652
15736	4	2	4	645	0	655
15737	2	5	4	629	0	640
15738	2	641	4	13	0	660
15739	630	6	3	7	0	646
15740	643	2	1	12	0	658
15741	8	0	3	656	0	667
15742	669	2	2	10	0	683
15743	9	2	666	8	0	685
15744	3	683	8	5	0	699
15745	689	6	1	8	0	704
15746	7	690	4	6	0	707
15747	3	9	1	703	0	716
15748	3	4	5	701	0	713
15749	662	4	1	14	0	681
15750	10	4	1	666	0	681
15751	6	4	656	11	0	677
15752	7	652	6	8	0	673
15753	658	7	2	8	0	675
15754	9	1	4	642	0	656
15755	5	654	5	10	0	674
15756	5	8	3	625	0	641
15757	4	643	3	9	0	659
15758	647	7	3	6	0	663
15759	643	4	0	7	0	654
15760	10	6	632	4	0	652
15761	9	3	619	1	0	632
15762	6	4	6	627	0	643
15763	3	642	3	8	0	656
15764	5	7	4	649	0	665
15765	648	3	2	12	0	665
15766	5	2	618	10	0	635
15767	3	4	6	596	0	609
15768	5	2	602	4	0	613
15769	3	1	573	6	0	583
15770	4	609	5	3	0	621
15771	3	15	4	578	0	600
15772	527	2	1	5	0	535
15773	1	2	544	1	0	548
15774	1	544	2	2	0	549
15775	536	2	0	3	0	541
15776	1	1	2	536	0	540
15777	548	1	1	1	0	551
15778	551	1	0	2	0	554
15779	557	1	1	5	0	564
15780	1	1	570	1	0	573
15781	550	0	1	4	0	555
15782	571	1	1	5	0	578
15783	1	578	4	1	0	584
15784	2	1	1	578	0	582
15785	2	0	0	572	0	574
15786	1	2	1	582	0	586
15787	583	1	1	6	0	591
15788	577	0	0	2	0	579
15789	4	0	579	2	0	585
15790	4	0	2	580	0	586
15791	2	576	1	1	0	580
15792	576	1	2	5	0	584
15793	2	3	584	0	0	589
15794	2	1	1	569	0	573
15795	1	1	1	567	0	570
15796	0	565	2	4	0	571
15797	0	2	0	564	0	566
15798	5	1	1	537	0	544
15799	1	1	0	558	0	560
15800	546	0	0	5	0	551
15801	1	0	0	544	0	545
15802	0	0	0	550	0	550
15803	558	0	0	2	0	560
15804	1	0	0	566	0	567
15805	0	613	0	1	0	614
15806	637	1	0	1	0	639
15807	656	0	0	1	0	657
15808	694	1	0	1	0	696
15809	817	0	0	4	0	821
15810	10	904	0	0	0	914
15811	1042	8	0	2	0	1052
15812	1054	4	0	3	0	1061
15813	22	1	0	1043	0	1066
15814	9	5	1024	13	0	1051
15815	14	1	13	1022	0	1050
15816	11	0	4	1030	0	1045
15817	5	0	3	1026	0	1034
15818	4	0	8	1026	0	1038
15819	2	0	2	1041	0	1045
15820	1014	0	2	31	0	1047
15821	15	0	0	1034	0	1049
15822	5	1	1020	28	0	1054
15823	6	0	15	1001	0	1022
15824	12	1006	6	18	0	1042
15825	3	12	4	997	0	1016
15826	3	5	989	18	0	1015
15827	915	4	20	13	0	952
15828	958	8	8	7	0	981
15829	20	5	997	10	0	1032
15830	11	1002	18	5	0	1036
15831	1024	13	7	3	0	1047
15832	1018	6	4	2	0	1030
15833	1020	4	5	2	0	1031
15834	1007	9	3	1	0	1020
15835	33	1	3	988	0	1025
15836	26	2	991	13	0	1032
15837	20	1	11	998	0	1030
15838	17	0	8	1020	0	1045
15839	8	2	1009	28	0	1047
15840	3	3	993	15	0	1014
15841	978	1	22	16	0	1017
15842	23	984	12	13	0	1032
15843	14	15	11	980	0	1020
15844	9	6	972	19	0	1006
15845	937	4	20	19	0	980
15846	17	10	970	15	0	1012
15847	954	2	17	19	0	992
15848	19	958	18	18	0	1013
15849	18	17	12	962	0	1009
15850	13	9	962	22	0	1006
15851	928	8	14	20	0	970
15852	20	936	12	13	0	981
15853	11	975	10	17	0	1013
15854	10	27	10	964	0	1011
15855	17	13	6	1002	0	1038
15856	1028	12	6	25	0	1071
15857	27	1037	5	14	0	1083
15858	25	22	4	1057	0	1108
15859	1042	17	10	35	0	1104
15860	1084	8	4	21	0	1117
15861	1113	11	7	17	0	1148
15862	47	7	1112	19	0	1185
15863	38	3	1109	14	0	1164
15864	1203	1	35	17	0	1256
15865	54	1188	20	15	0	1277
15866	23	1219	19	14	0	1275
15867	15	38	19	1136	0	1208
15868	20	1197	10	39	0	1266
15869	1213	40	10	26	0	1289
15870	40	24	10	1212	0	1286
15871	26	10	1195	40	0	1271
15872	1188	19	33	34	0	1274
15873	1218	8	24	23	0	1273
15874	51	10	15	1200	0	1276
15875	33	12	18	1202	0	1265
15876	33	6	14	1215	0	1268
15877	29	14	12	1205	0	1260
15878	27	13	1133	59	0	1232
15879	23	1127	33	44	0	1227
15880	17	34	24	1038	0	1113
15881	24	1142	9	43	0	1218
15882	23	34	14	1052	0	1123
15883	16	1135	12	40	0	1203
15884	1121	34	9	35	0	1199
15885	1133	30	8	28	0	1199
15886	51	1109	6	28	0	1194
15887	1128	44	13	18	0	1203
15888	49	20	11	1122	0	1202
15889	1123	13	9	44	0	1189
15890	47	1114	11	23	0	1195
15891	1130	35	8	21	0	1194
15892	1138	27	9	19	0	1193
15893	68	15	10	1102	0	1195
15894	36	14	1095	43	0	1188
15895	29	1095	38	17	0	1179
15896	35	36	19	1100	0	1190
15897	1110	24	11	52	0	1197
15898	42	22	1095	22	0	1181
15899	30	23	35	1089	0	1177
15900	22	12	18	1123	0	1175
15901	1117	17	13	52	0	1199
15902	1123	11	12	35	0	1181
15903	1109	9	15	27	0	1160
15904	57	1076	7	23	0	1163
15905	1039	30	10	29	0	1108
15906	54	18	981	21	0	1074
15907	35	11	951	12	0	1009
15908	22	12	930	16	0	980
15909	24	57	37	741	0	859
15910	16	5	719	21	0	761
15911	571	3	16	10	0	600
15912	21	1	9	581	0	612
15913	11	4	584	18	0	617
15914	591	2	16	10	0	619
15915	19	3	12	602	0	636
15916	11	3	4	619	0	637
15917	619	2	7	22	0	650
15918	18	2	5	634	0	659
15919	11	1	642	17	0	671
15920	7	3	18	651	0	679
15921	6	2	660	21	0	689
15922	7	4	19	641	0	671
15923	626	2	12	18	0	658
15924	19	606	4	15	0	644
15925	9	634	5	8	0	656
15926	11	17	4	630	0	662
15927	6	9	4	626	0	645
15928	6	605	5	27	0	643
15929	9	600	4	12	0	625
15930	9	22	7	581	0	619
15931	4	6	3	602	0	615
15932	565	1	4	34	0	604
15933	17	568	4	12	0	601
15934	12	563	1	9	0	585
15935	4	585	2	13	0	604
15936	564	24	3	5	0	596
15937	19	9	573	6	0	607
15938	562	7	16	7	0	592
15939	17	3	7	568	0	595
15940	8	555	2	19	0	584
15941	7	584	2	10	0	603
15942	574	24	1	9	0	608
15943	20	10	3	545	0	578
15944	11	619	1	15	0	646
15945	626	21	2	10	0	659
15946	625	12	5	2	0	644
15947	23	6	612	8	0	649
15948	622	5	16	7	0	650
15949	651	4	6	4	0	665
15950	29	6	1	623	0	659
15951	12	619	3	17	0	651
15952	8	634	2	7	0	651
15953	6	22	2	632	0	662
15954	616	10	2	18	0	646
15955	22	3	572	8	0	605
15956	7	7	573	6	0	593
15957	17	6	549	2	0	574
15958	8	2	579	4	0	593
15959	5	566	13	3	0	587
15960	4	563	4	7	0	578
15961	5	13	507	4	0	529
15962	9	8	483	6	0	506
15963	2	419	9	2	0	432
15964	1	8	1	392	0	402
15965	0	0	416	3	0	419
15966	0	0	3	390	0	393
15967	0	1	1	424	0	426
15968	1	2	1	431	0	435
15969	0	1	0	441	0	442
15970	0	0	439	4	0	443
15971	0	1	5	424	0	430
15972	432	1	0	7	0	440
15973	4	1	429	1	0	435
15974	437	1	6	1	0	445
15975	5	0	0	449	0	454
15976	0	2	452	8	0	462
15977	449	0	4	1	0	454
15978	6	0	3	462	0	471
15979	468	0	3	8	0	479
15980	7	0	1	467	0	475
15981	1	455	3	5	0	464
15982	2	7	477	2	0	488
15983	3	1	5	482	0	491
15984	485	3	2	7	0	497
15985	487	2	1	3	0	493
15986	491	0	1	6	0	498
15987	482	1	2	5	0	490
15988	478	2	0	1	0	481
15989	5	482	0	1	0	488
15990	479	7	2	4	0	492
15991	6	1	484	4	0	495
15992	483	1	6	2	0	492
15993	7	2	1	465	0	475
15994	3	6	479	5	0	493
15995	3	2	479	2	0	486
15996	5	0	7	481	0	493
15997	499	1	3	5	0	508
15998	9	496	0	1	0	506
15999	489	5	2	3	0	499
16000	7	495	1	0	0	503
16001	4	6	0	504	0	514
16002	4	1	2	506	0	513
16003	501	2	2	10	0	515
16004	8	2	1	513	0	524
16005	6	0	517	6	0	529
16006	514	2	8	1	0	525
16007	8	1	2	534	0	545
16008	8	1	2	524	0	535
16009	2	2	523	10	0	537
16010	475	1	4	5	0	485
16011	515	4	1	3	0	523
16012	5	513	2	4	0	524
16013	4	6	501	3	0	514
16014	4	1	488	0	0	493
16015	2	1	8	476	0	487
16016	2	0	3	475	0	480
16017	0	486	5	8	0	499
16018	3	7	474	2	0	486
16019	3	1	5	451	0	460
16020	0	1	470	6	0	477
16021	2	1	6	454	0	463
16022	0	462	4	5	0	471
16023	1	5	1	478	0	485
16024	6	2	2	469	0	479
16025	1	1	1	481	0	484
16026	467	1	2	7	0	477
16027	4	1	466	7	0	478
16028	2	475	5	5	0	487
16029	4	6	4	508	0	522
16030	519	2	0	15	0	536
16031	11	1	1	529	0	542
16032	526	0	3	13	0	542
16033	9	1	553	4	0	567
16034	544	1	8	7	0	560
16035	10	0	4	568	0	582
16036	6	2	562	8	0	578
16037	3	552	5	6	0	566
16038	6	6	2	534	0	548
16039	5	1	3	558	0	567
16040	551	2	0	11	0	564
16041	7	541	5	4	0	557
16042	3	525	4	4	0	536
16043	4	546	3	1	0	554
16044	483	7	1	3	0	494
16045	9	486	2	4	0	501
16046	5	8	2	480	0	495
16047	4	2	1	485	0	492
16048	475	3	0	9	0	487
16049	10	464	1	2	0	477
16050	3	8	1	471	0	483
16051	482	3	0	7	0	492
16052	479	2	0	6	0	487
16053	481	0	2	3	0	486
16054	7	479	2	3	0	491
16055	458	7	0	4	0	469
16056	8	1	2	453	0	464
16057	3	446	3	8	0	460
16058	3	461	2	3	0	469
16059	4	7	2	458	0	471
16060	454	3	0	12	0	469
16061	469	1	1	7	0	478
16062	13	1	3	459	0	476
16063	5	454	0	5	0	464
16064	449	9	1	3	0	462
16065	7	3	437	2	0	449
16066	4	5	443	2	0	454
16067	425	1	8	5	0	439
16068	7	2	420	5	0	434
16069	4	4	5	402	0	415
16070	404	1	1	6	0	412
16071	7	1	3	416	0	427
16072	3	3	416	6	0	428
16073	3	422	6	4	0	435
16074	2	6	4	428	0	440
16075	2	3	424	7	0	436
16076	408	2	5	4	0	419
16077	5	1	2	419	0	427
16078	4	4	415	5	0	428
16079	3	3	3	410	0	419
16080	2	396	2	7	0	407
16081	2	7	2	421	0	432
16082	6	1	0	413	0	420
16083	3	2	0	397	0	402
16084	1	409	2	6	0	418
16085	406	4	0	8	0	418
16086	6	4	2	404	0	416
16087	3	1	2	409	0	415
16088	3	0	2	417	0	422
16089	3	1	405	7	0	416
16090	4	3	4	413	0	424
16091	417	0	1	9	0	427
16092	5	419	1	5	0	430
16093	6	6	2	435	0	449
16094	3	2	0	440	0	445
16095	428	1	3	9	0	441
16096	8	429	1	3	0	441
16097	430	8	1	4	0	443
16098	434	3	3	5	0	445
16099	12	0	1	429	0	442
16100	421	2	0	14	0	437
16101	9	415	3	3	0	430
16102	414	11	1	6	0	432
16103	10	1	1	431	0	443
16104	459	1	1	12	0	473
16105	474	1	1	2	0	478
16106	15	1	427	3	0	446
16107	455	4	8	4	0	471
16108	482	1	1	4	0	488
16109	519	1	0	7	0	527
16110	18	3	544	2	0	567
16111	3	549	18	5	0	575
16112	2	19	3	547	0	571
16113	548	3	3	23	0	577
16114	22	540	2	4	0	568
16115	542	21	3	6	0	572
16116	26	2	2	552	0	582
16117	3	2	546	25	0	576
16118	567	3	18	1	0	589
16119	24	3	2	581	0	610
16120	4	1	587	23	0	615
16121	589	0	20	6	0	615
16122	24	3	592	3	0	622
16123	7	1	21	648	0	677
16124	4	1	2	681	0	688
16125	668	1	4	24	0	697
16126	677	0	3	8	0	688
16127	25	665	5	5	0	700
16128	676	21	0	6	0	703
16129	25	4	639	4	0	672
16130	5	4	627	3	0	639
16131	618	3	21	2	0	644
16132	23	632	4	2	0	661
16133	593	18	4	4	0	619
16134	20	592	6	1	0	619
16135	587	20	1	3	0	611
16136	25	3	3	576	0	607
16137	6	5	577	21	0	609
16138	6	3	18	581	0	608
16139	4	2	2	607	0	615
16140	586	0	2	23	0	611
16141	20	3	584	7	0	614
16142	567	0	18	8	0	593
16143	21	581	6	5	0	613
16144	584	18	5	6	0	613
16145	26	2	4	573	0	605
16146	4	5	572	23	0	604
16147	8	2	21	577	0	608
16148	584	4	2	23	0	613
16149	25	0	2	585	0	612
16150	5	2	3	597	0	607
16151	7	560	4	25	0	596
16152	10	20	3	565	0	598
16153	4	3	566	28	0	601
16154	6	4	20	568	0	598
16155	9	4	5	587	0	605
16156	565	1	5	25	0	596
16157	21	3	2	567	0	593
16158	10	1	556	24	0	591
16159	5	560	19	8	0	592
16160	6	18	7	568	0	599
16161	3	5	3	576	0	587
16162	559	4	4	26	0	593
16163	23	551	2	12	0	588
16164	4	22	4	564	0	594
16165	551	4	0	25	0	580
16166	562	4	0	12	0	578
16167	30	2	5	545	0	582
16168	7	3	551	27	0	588
16169	556	0	23	8	0	587
16170	30	3	4	567	0	604
16171	563	1	4	27	0	595
16172	583	1	6	8	0	598
16173	27	540	4	5	0	576
16174	537	23	1	7	0	568
16175	29	539	2	8	0	578
16176	11	22	3	539	0	575
16177	8	6	0	561	0	575
16178	5	545	2	24	0	576
16179	549	22	1	9	0	581
16180	569	3	2	9	0	583
16181	22	3	532	8	0	565
16182	5	3	542	4	0	554
16183	9	3	24	538	0	574
16184	541	2	5	25	0	573
16185	25	0	6	532	0	563
16186	6	3	3	568	0	580
16187	4	3	546	30	0	583
16188	6	0	559	10	0	575
16189	5	3	568	6	0	582
16190	527	2	22	12	0	563
16191	550	1	7	9	0	567
16192	27	521	4	2	0	554
16193	8	540	3	4	0	555
16194	12	17	1	536	0	566
16195	5	5	543	20	0	573
16196	534	5	20	4	0	563
16197	22	4	554	7	0	587
16198	5	3	21	543	0	572
16199	6	0	5	578	0	589
16200	7	4	3	575	0	589
16201	5	2	2	584	0	593
16202	571	2	1	27	0	601
16203	24	2	3	568	0	597
16204	5	0	536	22	0	563
16205	516	4	17	6	0	543
16206	19	1	553	6	0	579
16207	6	2	551	4	0	563
16208	4	529	20	4	0	557
16209	14	9	7	456	0	486
16210	468	4	0	8	0	480
16211	11	1	2	462	0	476
16212	4	2	468	10	0	484
16213	3	0	9	474	0	486
16214	470	0	5	12	0	487
16215	7	470	2	8	0	487
16216	467	7	2	3	0	479
16217	10	465	1	4	0	480
16218	473	7	1	1	0	482
16219	10	457	1	0	0	468
16220	4	433	2	1	0	440
16221	1	8	420	1	0	430
16222	7	419	7	2	0	435
16223	354	7	2	7	0	370
16224	7	2	2	358	0	369
16225	353	0	1	8	0	362
16226	6	381	3	3	0	393
16227	370	7	0	5	0	382
16228	8	2	373	0	0	383
16229	3	3	6	372	0	384
16230	4	384	2	6	0	396
16231	0	10	1	402	0	413
16232	4	1	1	407	0	413
16233	471	3	1	11	0	486
16234	13	483	2	4	0	502
16235	487	14	2	2	0	505
16236	16	5	503	2	0	526
16237	5	1	485	2	0	493
16238	2	502	16	3	0	523
16239	4	14	4	507	0	529
16240	3	5	513	16	0	537
16241	3	1	16	471	0	491
16242	1	0	8	542	0	551
16243	0	3	502	20	0	525
16244	3	2	503	7	0	515
16245	1	2	550	3	0	556
16246	1	0	534	5	0	540
16247	3	553	16	4	0	576
16248	2	14	5	549	0	570
16249	3	4	3	575	0	585
16250	0	4	565	18	0	587
16251	2	0	18	563	0	583
16252	0	7	579	15	0	601
16253	3	0	14	579	0	596
16254	2	2	6	584	0	594
16255	1	572	3	17	0	593
16256	1	16	1	586	0	604
16257	1	5	5	582	0	593
16258	1	1	5	584	0	591
16259	0	2	561	22	0	585
16260	3	557	15	7	0	582
16261	555	19	4	8	0	586
16262	566	4	3	8	0	581
16263	22	2	3	548	0	575
16264	8	1	6	551	0	566
16265	4	561	4	19	0	588
16266	555	14	5	11	0	585
16267	17	563	4	6	0	590
16268	545	15	1	9	0	570
16269	14	8	531	8	0	561
16270	511	4	15	8	0	538
16271	16	551	6	7	0	580
16272	6	16	4	569	0	595
16273	6	6	5	561	0	578
16274	3	558	6	14	0	581
16275	563	13	3	9	0	588
16276	17	8	3	577	0	605
16277	7	6	0	595	0	608
16278	581	4	1	27	0	613
16279	601	6	3	11	0	621
16280	22	3	586	3	0	614
16281	595	4	16	11	0	626
16282	21	4	5	610	0	640
16283	8	4	614	17	0	643
16284	13	3	16	609	0	641
16285	6	6	609	15	0	636
16286	5	1	609	10	0	625
16287	5	3	18	631	0	657
16288	1	5	644	19	0	669
16289	3	653	22	12	0	690
16290	2	14	8	649	0	673
16291	7	5	4	681	0	697
16292	5	3	677	23	0	708
16293	4	674	13	14	0	705
16294	667	14	11	6	0	698
16295	19	10	4	670	0	703
16296	684	4	3	20	0	711
16297	15	667	6	9	0	697
16298	9	15	689	5	0	718
16299	5	6	20	668	0	699
16300	666	4	10	23	0	703
16301	18	4	685	11	0	718
16302	642	4	17	9	0	672
16303	15	664	11	6	0	696
16304	5	669	5	9	0	688
16305	653	15	9	7	0	684
16306	17	1	4	634	0	656
16307	4	2	3	647	0	656
16308	5	637	4	15	0	661
16309	5	19	2	640	0	666
16310	6	6	3	653	0	668
16311	647	2	2	19	0	670
16312	15	1	2	649	0	667
16313	3	3	640	13	0	659
16314	7	5	11	637	0	660
16315	4	3	5	658	0	670
16316	3	2	645	21	0	671
16317	8	1	12	639	0	660
16318	629	2	7	15	0	653
16319	613	1	2	11	0	627
16320	626	2	3	6	0	637
16321	14	1	3	632	0	650
16322	6	0	630	12	0	648
16323	4	642	11	5	0	662
16324	9	11	3	632	0	655
16325	6	3	648	12	0	669
16326	3	0	12	614	0	629
16327	4	2	9	629	0	644
16328	613	4	5	16	0	638
16329	12	638	4	7	0	661
16330	5	10	617	5	0	637
16331	573	2	10	6	0	591
16332	12	599	6	5	0	622
16333	2	543	2	2	0	549
16334	542	3	9	3	0	557
16335	2	3	2	546	0	553
16336	2	0	607	1	0	610
16337	3	4	4	592	0	603
16338	1	596	3	4	0	604
16339	615	5	1	6	0	627
16340	8	2	2	611	0	623
16341	617	1	0	9	0	627
16342	5	2	5	600	0	612
16343	5	615	0	3	0	623
16344	616	5	0	6	0	627
16345	603	2	1	3	0	609
16346	5	621	1	3	0	630
16347	599	9	1	3	0	612
16348	6	1	2	586	0	595
16349	3	593	2	4	0	602
16350	583	5	1	4	0	593
16351	7	593	3	1	0	604
16352	600	6	1	4	0	611
16353	4	3	0	607	0	614
16354	610	0	1	5	0	616
16355	611	1	1	5	0	618
16356	620	0	1	0	0	621
16357	4	2	0	632	0	638
16358	3	2	0	631	0	636
16359	632	0	0	8	0	640
16360	5	2	635	3	0	645
16361	4	1	3	630	0	638
16362	2	639	2	6	0	649
16363	3	4	0	655	0	662
16364	2	1	2	655	0	660
16365	3	0	644	6	0	653
16366	2	3	3	685	0	693
16367	2	706	2	7	0	717
16368	3	8	0	733	0	744
16369	0	3	823	11	0	837
16370	5	0	10	824	0	839
16371	4	5	4	837	0	850
16372	842	0	2	20	0	864
16373	847	1	1	13	0	862
16374	25	2	1	835	0	863
16375	10	828	1	17	0	856
16376	4	832	0	8	0	844
16377	3	16	824	4	0	847
16378	4	12	17	821	0	854
16379	821	3	5	19	0	848
16380	16	1	3	829	0	849
16381	8	1	824	16	0	849
16382	5	1	16	819	0	841
16383	4	1	6	823	0	834
16384	6	3	2	830	0	841
16385	3	3	803	23	0	832
16386	1	800	18	14	0	833
16387	777	14	5	9	0	805
16388	787	8	2	5	0	802
16389	24	3	3	754	0	784
16390	9	3	761	20	0	793
16391	6	747	16	10	0	779
16392	4	16	5	730	0	755
16393	2	749	3	14	0	768
16394	1	781	2	7	0	791
16395	764	23	2	3	0	792
16396	19	11	767	3	0	800
16397	12	4	774	3	0	793
16398	6	3	21	768	0	798
16399	5	2	10	793	0	810
16400	5	4	788	18	0	815
16401	5	3	15	759	0	782
16402	2	3	783	21	0	809
16403	729	4	14	11	0	758
16404	20	1	9	766	0	796
16405	10	1	792	17	0	820
16406	6	2	15	753	0	776
16407	3	811	9	21	0	844
16408	808	15	4	19	0	846
16409	15	821	3	8	0	847
16410	818	16	6	5	0	845
16411	17	11	804	3	0	835
16412	817	5	16	6	0	844
16413	18	4	8	836	0	866
16414	10	1	838	20	0	869
16415	6	1	17	832	0	856
16416	4	4	817	20	0	845
16417	773	3	15	10	0	801
16418	18	817	7	10	0	852
16419	10	17	5	799	0	831
16420	8	838	4	13	0	863
16421	827	19	4	10	0	860
16422	837	8	4	9	0	858
16423	22	837	3	6	0	868
16424	15	16	2	836	0	869
16425	7	9	5	850	0	871
16426	6	4	2	850	0	862
16427	830	4	4	26	0	864
16428	15	820	3	19	0	857
16429	12	17	2	808	0	839
16430	7	9	3	822	0	841
16431	800	3	5	25	0	833
16432	18	6	789	10	0	823
16433	11	2	775	13	0	801
16434	745	1	20	12	0	778
16435	18	1	778	7	0	804
16436	9	2	695	8	0	714
16437	6	6	17	688	0	717
16438	722	3	11	20	0	756
16439	18	0	6	716	0	740
16440	9	2	722	20	0	753
16441	682	3	18	12	0	715
16442	17	2	722	7	0	748
16443	10	728	17	1	0	756
16444	8	16	9	741	0	774
16445	746	5	9	17	0	777
16446	17	2	2	743	0	764
16447	8	0	5	756	0	769
16448	758	2	2	26	0	788
16449	16	0	3	764	0	783
16450	9	0	3	774	0	786
16451	3	3	766	19	0	791
16452	2	3	13	756	0	774
16453	762	3	5	19	0	789
16454	764	1	2	13	0	780
16455	770	1	2	8	0	781
16456	22	3	3	742	0	770
16457	11	734	1	14	0	760
16458	751	14	2	8	0	775
16459	13	762	3	5	0	783
16460	758	16	4	6	0	784
16461	19	6	3	763	0	791
16462	760	3	3	18	0	784
16463	765	2	1	10	0	778
16464	759	2	1	6	0	768
16465	22	742	3	3	0	770
16466	9	713	2	4	0	728
16467	674	12	3	3	0	692
16468	13	682	1	2	0	698
16469	5	579	0	2	0	586
16470	3	567	3	6	0	579
16471	539	1	6	5	0	551
16472	0	0	0	534	0	534
16473	1	1	0	538	0	540
16474	539	0	0	0	0	539
16475	0	0	561	1	0	562
16476	5	0	1	619	0	625
16477	1	0	2	638	0	641
16478	1	0	1	716	0	718
16479	2	0	0	733	0	735
16480	0	719	2	11	0	732
16481	0	960	1	2	0	963
16482	980	20	0	5	0	1005
16483	22	4	0	985	0	1011
16484	4	2	0	1010	0	1016
16485	2	2	998	22	0	1024
16486	4	0	20	1017	0	1041
16487	0	0	1032	24	0	1056
16488	2	1	21	1030	0	1054
16489	0	0	1070	23	0	1093
16490	2	1051	28	7	0	1088
16491	6	29	5	1060	0	1100
16492	1048	3	2	34	0	1087
16493	1056	1	1	4	0	1062
16494	33	1	0	1033	0	1067
16495	6	3	1032	32	0	1073
16496	5	1	1022	4	0	1032
16497	969	1	33	9	0	1012
16498	32	994	4	5	0	1035
16499	1009	31	4	5	0	1049
16500	1020	5	3	6	0	1034
16501	34	3	1009	3	0	1049
16502	9	5	32	979	0	1025
16503	8	1	7	992	0	1008
16504	7	5	5	1032	0	1049
16505	9	0	5	991	0	1005
16506	7	2	5	972	0	986
16507	3	1	945	42	0	991
16508	2	1	953	14	0	970
16509	5	2	35	951	0	993
16510	4	2	9	982	0	997
16511	8	1	4	990	0	1003
16512	946	2	6	40	0	994
16513	38	4	4	945	0	991
16514	954	2	7	41	0	1004
16515	40	1	5	993	0	1039
16516	1004	3	2	45	0	1054
16517	1037	2	5	17	0	1061
16518	1032	1	3	13	0	1049
16519	1034	1	8	10	0	1053
16520	1023	2	4	8	0	1037
16521	40	2	5	1007	0	1054
16522	997	2	4	40	0	1043
16523	39	969	1	16	0	1025
16524	989	29	4	16	0	1038
16525	39	3	4	1000	0	1046
16526	11	3	993	42	0	1049
16527	9	2	36	992	0	1039
16528	9	4	994	39	0	1046
16529	9	4	36	997	0	1046
16530	10	4	6	1037	0	1057
16531	12	0	995	42	0	1049
16532	12	1	1002	13	0	1028
16533	8	3	36	1018	0	1065
16534	1010	1	7	49	0	1067
16535	39	1	1016	15	0	1071
16536	16	1020	32	15	0	1083
16537	15	30	1044	9	0	1098
16538	1024	4	38	11	0	1077
16539	39	4	11	1041	0	1095
16540	1026	2	12	41	0	1081
16541	1056	3	4	14	0	1077
16542	44	6	6	1028	0	1084
16543	14	2	1000	48	0	1064
16544	17	1	37	996	0	1051
16545	12	2	7	1024	0	1045
16546	984	2	9	50	0	1045
16547	40	987	10	19	0	1056
16548	14	32	9	991	0	1046
16549	10	3	978	47	0	1038
16550	950	7	41	14	0	1012
16551	41	961	11	12	0	1025
16552	17	35	7	969	0	1028
16553	13	7	5	1001	0	1026
16554	16	5	7	1002	0	1030
16555	964	8	7	47	0	1026
16556	1000	3	7	18	0	1028
16557	45	1	7	980	0	1033
16558	14	4	963	48	0	1029
16559	12	948	32	18	0	1010
16560	963	33	10	15	0	1021
16561	994	4	10	16	0	1024
16562	46	4	6	961	0	1017
16563	14	5	9	996	0	1024
16564	16	2	966	48	0	1032
16565	5	973	40	20	0	1038
16566	1024	36	5	17	0	1082
16567	1033	5	12	13	0	1063
16568	43	1015	3	10	0	1071
16569	1012	38	5	12	0	1067
16570	54	6	6	1008	0	1074
16571	14	9	1004	44	0	1071
16572	18	2	39	1015	0	1074
16573	16	7	1000	46	0	1069
16574	995	4	36	22	0	1057
16575	45	1005	7	15	0	1072
16576	10	31	9	938	0	988
16577	8	8	908	39	0	963
16578	11	5	882	7	0	905
16579	811	5	25	15	0	856
16580	31	819	12	13	0	875
16581	606	22	13	6	0	647
16582	590	2	6	10	0	608
16583	594	1	4	6	0	605
16584	17	2	3	584	0	606
16585	6	2	583	23	0	614
16586	7	561	13	4	0	585
16587	6	24	6	560	0	596
16588	10	3	566	19	0	598
16589	6	3	517	4	0	530
16590	4	3	6	521	0	534
16591	5	1	510	9	0	525
16592	499	4	8	2	0	513
16593	9	1	3	523	0	536
16594	2	0	5	532	0	539
16595	532	1	4	10	0	547
16596	8	520	2	4	0	534
16597	548	10	3	5	0	566
16598	12	2	4	554	0	572
16599	5	1	4	568	0	578
16600	5	1	6	573	0	585
16601	5	2	3	551	0	561
16602	557	3	1	13	0	574
16603	12	3	543	5	0	563
16604	8	547	8	4	0	567
16605	6	9	1	557	0	573
16606	533	2	5	13	0	553
16607	569	2	3	7	0	581
16608	8	570	6	4	0	588
16609	554	10	2	8	0	574
16610	11	560	6	5	0	582
16611	4	583	6	3	0	596
16612	3	8	4	585	0	600
16613	5	4	582	11	0	602
16614	9	3	8	561	0	581
16615	543	1	2	15	0	561
16616	11	528	2	4	0	545
16617	2	10	1	517	0	530
16618	3	2	551	10	0	566
16619	548	3	11	5	0	567
16620	565	1	3	4	0	573
16621	566	3	3	5	0	577
16622	13	3	553	3	0	572
16623	541	2	6	8	0	557
16624	11	561	4	6	0	582
16625	4	8	3	532	0	547
16626	4	547	2	7	0	560
16627	548	10	1	3	0	562
16628	530	3	0	6	0	539
16629	7	3	557	4	0	571
16630	5	554	9	3	0	571
16631	2	8	2	571	0	583
16632	6	2	1	574	0	583
16633	3	4	2	551	0	560
16634	3	2	3	554	0	562
16635	5	2	1	560	0	568
16636	5	1	531	10	0	547
16637	3	514	7	4	0	528
16638	521	8	1	4	0	534
16639	9	3	555	1	0	568
16640	4	572	6	2	0	584
16641	577	10	2	4	0	593
16642	11	2	609	1	0	623
16643	590	2	10	2	0	604
16644	594	4	4	5	0	607
16645	610	1	3	4	0	618
16646	11	601	2	3	0	617
16647	1	13	610	5	0	629
16648	5	614	9	4	0	632
16649	4	13	4	505	0	526
16650	5	617	4	9	0	635
16651	618	11	3	5	0	637
16652	644	1	3	5	0	653
16653	642	3	4	5	0	654
16654	15	4	649	4	0	672
16655	7	688	13	2	0	710
16656	8	12	4	729	0	753
16657	837	4	7	13	0	861
16658	26	830	0	5	0	861
16659	8	18	4	846	0	876
16660	7	7	873	18	0	905
16661	859	6	23	9	0	897
16662	25	3	930	8	0	966
16663	7	4	971	4	0	986
16664	915	3	31	7	0	956
16665	28	4	945	4	0	981
16666	894	0	28	6	0	928
16667	28	901	10	1	0	940
16668	945	22	7	6	0	980
16669	29	10	6	938	0	983
16670	12	7	8	931	0	958
16671	12	4	4	959	0	979
16672	920	2	7	34	0	963
16673	932	1	5	15	0	953
16674	930	4	4	9	0	947
16675	40	890	2	2	0	934
16676	17	23	2	899	0	941
16677	9	9	902	25	0	945
16678	8	4	23	879	0	914
16679	4	869	10	26	0	909
16680	10	21	5	876	0	912
16681	7	11	4	903	0	925
16682	893	6	1	30	0	930
16683	29	4	1	900	0	934
16684	11	6	886	33	0	936
16685	7	3	878	20	0	908
16686	10	5	32	881	0	928
16687	882	5	11	30	0	928
16688	31	3	9	893	0	936
16689	18	7	6	927	0	958
16690	11	1	893	40	0	945
16691	8	882	30	15	0	935
16692	5	23	11	907	0	946
16693	881	8	11	32	0	932
16694	26	901	11	13	0	951
16695	13	20	2	914	0	949
16696	10	10	900	28	0	948
16697	10	9	26	884	0	929
16698	865	6	12	31	0	914
16699	26	849	12	14	0	901
16700	14	25	862	14	0	915
16701	14	11	19	860	0	904
16702	8	6	875	32	0	921
16703	865	3	28	17	0	913
16704	882	7	13	17	0	919
16705	36	6	892	8	0	942
16706	16	8	23	887	0	934
16707	14	3	880	27	0	924
16708	11	867	26	16	0	920
16709	4	20	16	889	0	929
16710	9	11	890	26	0	936
16711	11	10	26	837	0	884
16712	11	866	13	26	0	916
16713	11	24	6	888	0	929
16714	4	10	890	31	0	935
16715	846	6	23	21	0	896
16716	25	887	19	12	0	943
16717	918	19	11	12	0	960
16718	34	8	885	17	0	944
16719	873	9	26	6	0	914
16720	29	8	880	14	0	931
16721	868	3	27	12	0	910
16722	924	5	13	11	0	953
16723	33	9	10	898	0	950
16724	24	6	7	914	0	951
16725	918	5	10	37	0	970
16726	31	916	3	20	0	970
16727	938	21	8	17	0	984
16728	30	11	11	927	0	979
16729	24	936	8	24	0	992
16730	14	22	9	973	0	1018
16731	10	11	12	983	0	1016
16732	14	7	9	978	0	1008
16733	10	957	7	42	0	1016
16734	975	22	11	18	0	1026
16735	27	14	6	978	0	1025
16736	18	9	947	33	0	1007
16737	17	7	917	22	0	963
16738	7	6	947	21	0	981
16739	919	1	34	19	0	973
16740	941	7	21	11	0	980
16741	38	10	919	6	0	973
16742	23	4	22	874	0	923
16743	12	4	19	889	0	924
16744	5	6	915	38	0	964
16745	4	4	905	24	0	937
16746	9	3	35	906	0	953
16747	909	5	17	28	0	959
16748	902	4	6	20	0	932
16749	885	5	11	15	0	916
16750	35	862	7	14	0	918
16751	22	890	8	12	0	932
16752	10	21	11	873	0	915
16753	860	10	10	20	0	900
16754	26	5	823	14	0	868
16755	776	6	16	12	0	810
16756	26	752	8	11	0	797
16757	10	675	4	3	0	692
16758	666	14	3	2	0	685
16759	10	654	4	3	0	671
16760	7	618	1	2	0	628
16761	585	29	16	14	0	644
16762	2	620	1	2	0	625
16763	1	1	0	587	0	589
16764	0	1	2	593	0	596
16765	584	2	1	3	0	590
16766	578	0	1	4	0	583
16767	4	579	1	4	0	588
16768	3	572	1	0	0	576
16769	1	3	566	0	0	570
16770	586	1	1	2	0	590
16771	597	1	2	2	0	602
16772	625	0	0	1	0	626
16773	4	1	1	627	0	633
16774	3	0	1	646	0	650
16775	641	0	1	5	0	647
16776	3	1	1	636	0	641
16777	2	1	630	1	0	634
16778	2	0	1	638	0	641
16779	2	652	3	3	0	660
16780	3	3	0	660	0	666
16781	1	3	0	663	0	667
16782	2	0	0	667	0	669
16783	662	2	1	6	0	671
16784	4	652	0	4	0	660
16785	3	2	2	669	0	676
16786	1	2	667	3	0	673
16787	3	2	625	2	0	632
16788	1	0	4	669	0	674
16789	0	0	2	652	0	654
16790	649	1	0	6	0	656
16791	4	1	0	640	0	645
16792	3	632	0	4	0	639
16793	1	4	656	4	0	665
16794	1	4	3	652	0	660
16795	1	0	674	5	0	680
16796	0	0	2	672	0	674
16797	672	0	5	4	0	681
16798	670	1	1	2	0	674
16799	6	665	0	2	0	673
16800	3	3	0	670	0	676
16801	678	2	1	6	0	687
16802	665	0	2	4	0	671
16803	681	0	2	1	0	684
16804	670	1	0	4	0	675
16805	669	0	1	1	0	671
16806	5	658	2	1	0	666
16807	655	4	0	2	0	661
16808	4	3	665	3	0	675
16809	5	0	5	665	0	675
16810	655	0	3	4	0	662
16811	648	2	0	4	0	654
16812	646	1	0	1	0	648
16813	8	0	645	2	0	655
16814	4	1	3	646	0	654
16815	663	0	3	7	0	673
16816	5	661	1	2	0	669
16817	663	4	0	3	0	670
16818	640	3	2	1	0	646
16819	647	0	0	2	0	649
16820	7	2	0	643	0	652
16821	656	1	1	6	0	664
16822	5	0	665	4	0	674
16823	3	0	654	1	0	658
16824	656	0	4	3	0	663
16825	4	1	664	1	0	670
16826	636	0	2	2	0	640
16827	4	0	655	0	0	659
16828	2	1	3	638	0	644
16829	612	0	2	3	0	617
16830	4	609	2	3	0	618
16831	626	4	1	2	0	633
16832	6	603	0	4	0	613
16833	3	636	1	1	0	641
16834	4	4	1	637	0	646
16835	2	1	2	638	0	643
16836	2	0	2	638	0	642
16837	2	1	633	6	0	642
16838	598	3	3	4	0	608
16839	638	0	1	3	0	642
16840	631	2	1	2	0	636
16841	633	1	0	3	0	637
16842	630	2	0	5	0	637
16843	7	0	578	1	0	586
16844	5	0	607	5	0	617
16845	2	0	8	622	0	632
16846	3	1	615	5	0	624
16847	603	2	3	4	0	612
16848	5	670	1	3	0	679
16849	4	3	2	722	0	731
16850	749	2	1	10	0	762
16851	10	0	2	765	0	777
16852	4	2	776	15	0	797
16853	4	0	794	5	0	803
16854	2	1	20	807	0	830
16855	2	1	814	14	0	831
16856	790	1	16	4	0	811
16857	14	1	3	811	0	829
16858	7	2	802	14	0	825
16859	2	802	15	6	0	825
16860	6	13	3	833	0	855
16861	4	2	845	15	0	866
16862	6	1	15	791	0	813
16863	3	0	7	818	0	828
16864	3	1	825	19	0	848
16865	3	1	16	823	0	843
16866	6	0	4	798	0	808
16867	6	2	4	826	0	838
16868	794	0	1	23	0	818
16869	17	784	1	6	0	808
16870	7	810	2	4	0	823
16871	4	16	801	4	0	825
16872	747	2	14	4	0	767
16873	18	2	767	3	0	790
16874	4	1	769	1	0	775
16875	4	2	17	753	0	776
16876	764	1	4	19	0	788
16877	15	764	3	9	0	791
16878	764	15	0	6	0	785
16879	766	4	2	2	0	774
16880	16	779	2	4	0	801
16881	791	14	4	4	0	813
16882	786	2	1	4	0	793
16883	14	801	3	4	0	822
16884	4	13	6	824	0	847
16885	7	1	1	842	0	851
16886	843	4	2	21	0	870
16887	21	855	2	8	0	886
16888	873	20	1	7	0	901
16889	891	2	2	5	0	900
16890	935	5	1	4	0	945
16891	29	1	1	912	0	943
16892	8	1	3	930	0	942
16893	899	3	3	22	0	927
16894	925	2	2	9	0	938
16895	935	3	3	5	0	946
16896	29	1	3	951	0	984
16897	7	2	963	26	0	998
16898	6	1	27	980	0	1014
16899	7	1	6	1093	0	1107
16900	4	6	1051	28	0	1089
16901	4	4	1189	11	0	1208
16902	5	1	35	1203	0	1244
16903	6	3	1211	35	0	1255
16904	1244	1	36	9	0	1290
16905	36	3	10	1246	0	1295
16906	13	3	7	1296	0	1319
16907	1296	0	2	48	0	1346
16908	35	3	5	1287	0	1330
16909	9	3	4	1308	0	1324
16910	12	2	7	1313	0	1334
16911	10	3	8	1315	0	1336
16912	9	0	1265	54	0	1328
16913	10	2	36	1271	0	1319
16914	7	1	1242	45	0	1295
16915	5	1254	41	21	0	1321
16916	7	33	7	1276	0	1323
16917	7	8	1247	42	0	1304
16918	1174	8	38	27	0	1247
16919	41	1227	11	20	0	1299
16920	1246	35	11	14	0	1306
16921	48	8	7	1206	0	1269
16922	9	1187	6	45	0	1247
16923	1203	36	7	20	0	1266
16924	37	1212	6	19	0	1274
16925	1231	45	7	10	0	1293
16926	51	10	6	1208	0	1275
16927	1211	10	5	46	0	1272
16928	43	1211	6	15	0	1275
16929	1217	39	3	19	0	1278
16930	52	9	1192	7	0	1260
16931	15	14	36	1197	0	1262
16932	1201	7	9	44	0	1261
16933	1225	5	8	18	0	1256
16934	51	6	4	1199	0	1260
16935	22	6	1191	45	0	1264
16936	21	1128	37	29	0	1215
16937	11	1235	11	14	0	1271
16938	1252	44	10	12	0	1318
16939	50	11	4	1241	0	1306
16940	17	12	5	1281	0	1315
16941	1259	3	7	58	0	1327
16942	1266	3	12	22	0	1303
16943	52	4	1258	19	0	1333
16944	21	6	40	1248	0	1315
16945	24	6	1224	43	0	1297
16946	11	1219	44	24	0	1298
16947	1181	39	12	31	0	1263
16948	43	1163	11	19	0	1236
16949	21	1193	4	13	0	1231
16950	24	39	7	1142	0	1212
16951	1105	12	5	46	0	1168
16952	33	1097	12	21	0	1163
16953	1083	32	9	22	0	1146
16954	40	1081	10	10	0	1141
16955	14	33	11	1099	0	1157
16956	1082	13	11	45	0	1151
16957	33	13	1091	20	0	1157
16958	20	7	30	1115	0	1172
16959	13	10	1091	36	0	1150
16960	17	998	31	22	0	1068
16961	10	1067	11	20	0	1108
16962	1023	36	9	19	0	1087
16963	34	1057	3	23	0	1117
16964	1055	42	6	22	0	1125
16965	1091	13	7	19	0	1130
16966	35	16	1058	15	0	1124
16967	1064	8	27	19	0	1118
16968	36	10	1082	20	0	1148
16969	28	1092	31	10	0	1161
16970	1096	41	12	17	0	1166
16971	36	1067	12	18	0	1133
16972	25	34	11	1088	0	1158
16973	1086	18	9	42	0	1155
16974	47	12	4	1089	0	1152
16975	19	8	1101	38	0	1166
16976	23	13	25	1109	0	1170
16977	23	7	22	1107	0	1159
16978	1083	23	9	37	0	1152
16979	38	18	1073	17	0	1146
16980	1073	11	30	17	0	1131
16981	1096	6	8	25	0	1135
16982	42	12	12	1083	0	1149
16983	50	4	5	1079	0	1138
16984	1052	12	11	38	0	1113
16985	38	1056	11	23	0	1128
16986	27	18	7	1058	0	1110
16987	20	18	1022	24	0	1084
16988	17	14	960	20	0	1011
16989	20	1005	27	13	0	1065
16990	20	25	14	983	0	1042
16991	14	18	10	1000	0	1042
16992	983	10	8	33	0	1034
16993	32	12	3	984	0	1031
16994	952	11	5	32	0	1000
16995	34	930	11	18	0	993
16996	14	912	4	17	0	947
16997	16	904	7	14	0	941
16998	903	15	5	15	0	938
16999	793	12	9	13	0	827
17000	18	796	4	14	0	832
17001	657	4	1	3	0	665
17002	6	649	0	2	0	657
17003	7	3	2	646	0	658
17004	2	632	1	5	0	640
17005	621	10	2	6	0	639
17006	619	2	1	1	0	623
17007	6	0	0	596	0	602
17008	599	1	1	9	0	610
17009	7	1	0	596	0	604
17010	3	626	0	6	0	635
17011	2	5	0	633	0	640
17012	1	624	1	5	0	631
17013	631	3	2	4	0	640
17014	4	3	618	1	0	626
17015	587	1	2	2	0	592
17016	3	1	2	611	0	617
17017	5	1	620	2	0	628
17018	604	1	1	3	0	609
17019	4	0	653	2	0	659
17020	4	1	3	632	0	640
17021	2	0	4	651	0	657
17022	2	4	1	647	0	654
17023	2	0	1	652	0	655
17024	2	631	2	8	0	643
17025	1	4	1	677	0	683
17026	668	3	0	8	0	679
17027	6	0	670	6	0	682
17028	2	702	7	2	0	713
17029	731	9	1	3	0	744
17030	773	4	0	4	0	781
17031	15	1	2	902	0	920
17032	5	3	904	14	0	926
17033	7	2	13	895	0	917
17034	6	1	7	995	0	1009
17035	3	1	972	24	0	1000
17036	3	1040	20	10	0	1073
17037	1070	23	7	6	0	1106
17038	1074	10	2	9	0	1095
17039	1116	7	3	3	0	1129
17040	37	5	2	1087	0	1131
17041	23	2	1	1114	0	1140
17042	1127	1	3	39	0	1170
17043	39	3	2	1091	0	1135
17044	18	1117	3	37	0	1175
17045	1162	27	5	20	0	1214
17046	1166	14	2	15	0	1197
17047	1255	5	4	14	0	1278
17048	1264	6	4	11	0	1285
17049	60	7	1179	6	0	1252
17050	36	3	1198	9	0	1246
17051	30	2	45	1192	0	1269
17052	28	5	24	1225	0	1282
17053	8	6	1199	53	0	1266
17054	15	1	1213	28	0	1257
17055	22	0	47	1209	0	1278
17056	1206	1	23	51	0	1281
17057	43	7	13	1203	0	1266
17058	30	3	1251	48	0	1332
17059	23	1265	34	27	0	1349
17060	1300	31	16	18	0	1365
17061	1338	18	13	13	0	1382
17062	1337	8	17	12	0	1374
17063	1328	6	17	13	0	1364
17064	62	2	1246	15	0	1325
17065	35	4	40	1261	0	1340
17066	1267	2	25	44	0	1338
17067	53	2	22	1263	0	1340
17068	29	3	12	1235	0	1279
17069	24	1203	8	54	0	1289
17070	25	32	10	1269	0	1336
17071	1235	18	14	56	0	1323
17072	47	1242	7	31	0	1327
17073	1259	42	8	18	0	1327
17074	57	1249	7	19	0	1332
17075	42	42	6	1189	0	1279
17076	32	1198	9	36	0	1275
17077	26	1251	7	32	0	1316
17078	1244	49	12	26	0	1331
17079	54	27	1226	17	0	1324
17080	35	17	1215	17	0	1284
17081	25	14	1247	20	0	1306
17082	1170	11	50	20	0	1251
17083	46	1202	28	15	0	1291
17084	33	1248	18	20	0	1319
17085	1210	48	10	25	0	1293
17086	55	1206	12	15	0	1288
17087	27	1260	14	17	0	1318
17088	25	59	11	1249	0	1344
17089	28	33	1232	45	0	1338
17090	20	32	1253	30	0	1335
17091	31	23	52	1259	0	1365
17092	1277	17	30	49	0	1373
17093	59	1260	29	24	0	1372
17094	38	44	27	1282	0	1391
17095	32	24	1254	57	0	1367
17096	33	22	1236	32	0	1323
17097	21	24	56	1267	0	1368
17098	1284	14	26	58	0	1382
17099	1300	24	20	29	0	1373
17100	75	19	1251	22	0	1367
17101	1260	15	45	28	0	1348
17102	68	14	1291	17	0	1390
17103	40	12	59	1244	0	1355
17104	28	1245	42	49	0	1364
17105	1297	43	22	30	0	1392
17106	51	28	24	1308	0	1411
17107	38	20	17	1288	0	1363
17108	27	12	24	1350	0	1413
17109	24	6	28	1341	0	1399
17110	18	12	1270	76	0	1376
17111	32	1246	44	45	0	1367
17112	33	37	27	1290	0	1387
17113	1276	26	23	52	0	1377
17114	62	18	22	1271	0	1373
17115	40	15	26	1293	0	1374
17116	33	13	1246	67	0	1359
17117	36	18	1156	42	0	1252
17118	33	1175	47	38	0	1293
17119	22	1228	35	33	0	1318
17120	16	54	20	1244	0	1334
17121	1223	29	13	70	0	1335
17122	50	24	1215	48	0	1337
17123	28	1220	48	35	0	1331
17124	21	48	24	1189	0	1282
17125	19	1246	20	47	0	1332
17126	25	49	15	1214	0	1303
17127	18	1224	10	50	0	1302
17128	27	48	7	1188	0	1270
17129	1149	30	13	50	0	1242
17130	31	1104	18	36	0	1189
17131	16	42	11	962	0	1031
17132	944	21	6	32	0	1003
17133	31	948	10	19	0	1008
17134	15	834	9	10	0	868
17135	14	846	7	11	0	878
17136	14	34	13	754	0	815
17137	2	12	2	759	0	775
17138	4	744	2	19	0	769
17139	6	18	1	736	0	761
17140	2	9	729	17	0	757
17141	7	742	11	10	0	770
17142	3	41	3	682	0	729
17143	4	710	1	14	0	729
17144	4	14	661	6	0	685
17145	2	670	12	5	0	689
17146	617	14	5	6	0	642
17147	5	7	0	604	0	616
17148	602	1	0	5	0	608
17149	5	1	598	0	0	604
17150	0	1	4	601	0	606
17151	0	0	621	5	0	626
17152	1	0	4	617	0	622
17153	640	0	0	5	0	645
17154	4	4	0	633	0	641
17155	645	0	0	6	0	651
17156	3	656	0	0	0	659
17157	632	4	0	2	0	638
17158	4	1	617	1	0	623
17159	0	618	3	2	0	623
17160	1	4	0	632	0	637
17161	0	1	0	634	0	635
17162	0	0	638	5	0	643
17163	0	636	5	4	0	645
17164	1	4	0	644	0	649
17165	0	652	0	4	0	656
17166	0	4	0	645	0	649
17167	0	644	0	3	0	647
17168	636	4	0	3	0	643
17169	5	1	0	650	0	656
17170	0	0	646	5	0	651
17171	0	642	3	0	0	645
17172	0	658	0	0	0	658
17173	2	4	645	1	0	652
17174	1	643	4	0	0	648
17175	1	4	0	638	0	643
17176	0	1	666	3	0	670
17177	1	1	3	649	0	654
17178	1	0	0	657	0	658
17179	0	0	647	3	0	650
17180	605	1	3	4	0	613
17181	3	0	0	670	0	673
17182	0	0	731	3	0	734
17183	0	740	5	0	0	745
17184	744	3	0	7	0	754
17185	2	742	1	0	0	745
17186	0	3	1	748	0	752
17187	733	1	0	4	0	738
17188	4	0	0	730	0	734
17189	0	0	755	4	0	759
17190	2	0	4	724	0	730
17191	1	1	730	4	0	736
17192	697	0	4	4	0	705
17193	5	1	735	0	0	741
17194	743	0	5	3	0	751
17195	757	1	1	2	0	761
17196	5	0	755	2	0	762
17197	3	0	724	0	0	727
17198	0	768	5	0	0	773
17199	791	4	1	1	0	797
17200	5	1	0	812	0	818
17201	1	2	0	795	0	798
17202	855	1	0	10	0	866
17203	867	1	0	4	0	872
17204	873	0	1	2	0	876
17205	862	0	0	3	0	865
17206	5	1	1	850	0	857
17207	861	1	0	6	0	868
17208	6	0	2	861	0	869
17209	3	2	0	858	0	863
17210	3	0	1	860	0	864
17211	1	0	847	7	0	855
17212	1	820	6	1	0	828
17213	0	858	2	0	0	860
17214	1	5	1	864	0	871
17215	868	2	1	10	0	881
17216	6	1	0	860	0	867
17217	874	0	1	7	0	882
17218	4	0	906	3	0	913
17219	871	0	5	3	0	879
17220	6	0	1	936	0	943
17221	941	0	1	7	0	949
17222	925	0	0	3	0	928
17223	928	0	0	2	0	930
17224	6	1	1	929	0	937
17225	1	0	908	5	0	914
17226	0	0	4	909	0	913
17227	923	0	1	7	0	931
17228	6	1	997	1	0	1005
17229	5	1	5	1048	0	1059
17230	1081	1	3	7	0	1092
17231	8	0	1092	3	0	1103
17232	1155	0	7	5	0	1167
17233	1202	0	3	4	0	1209
17234	14	0	0	1206	0	1220
17235	2	0	2	1233	0	1237
17236	1220	0	0	10	0	1230
17237	11	0	0	1257	0	1268
17238	1246	0	1	16	0	1263
17239	11	1239	1	4	0	1255
17240	4	1263	1	0	0	1268
17241	2	12	0	1238	0	1252
17242	0	5	1277	10	0	1292
17243	1	1268	12	5	0	1286
17244	1276	10	4	5	0	1295
17245	7	1269	1	2	0	1279
17246	3	10	1284	2	0	1299
17247	5	5	11	1290	0	1311
17248	1	0	1305	13	0	1319
17249	3	1323	11	9	0	1346
17250	3	12	4	1335	0	1354
17251	1	1311	0	14	0	1326
17252	3	10	1307	6	0	1326
17253	1	8	12	1292	0	1313
17254	0	4	1311	14	0	1329
17255	3	1	13	1284	0	1301
17256	1279	2	7	15	0	1303
17257	14	4	1269	7	0	1294
17258	1179	2	11	9	0	1201
17259	11	5	1256	0	0	1272
17260	7	2	16	1231	0	1256
17261	3	0	1298	15	0	1316
17262	3	4	15	1262	0	1284
17263	4	3	7	1285	0	1299
17264	4	2	0	1280	0	1286
17265	7	5	4	1290	0	1306
17266	0	1	1339	20	0	1360
17267	1331	0	12	13	0	1356
17268	12	2	10	1445	0	1469
17269	1436	3	4	20	0	1463
17270	1478	0	5	8	0	1491
17271	1504	1	5	5	0	1515
17272	21	1	5	1521	0	1548
17273	9	0	4	1550	0	1563
17274	1	1741	5	19	0	1766
17275	1883	23	3	12	0	1921
17276	1988	9	2	17	0	2016
17277	2002	5	4	16	0	2027
17278	49	4	1995	5	0	2053
17279	25	3	33	2000	0	2061
17280	14	2	1997	33	0	2046
17281	1970	1	36	20	0	2027
17282	1983	5	16	15	0	2019
17283	56	0	11	1931	0	1998
17284	27	2	5	1897	0	1931
17285	11	1957	8	48	0	2024
17286	1989	30	2	27	0	2048
17287	2001	16	4	15	0	2036
17288	50	1972	3	21	0	2046
17289	1985	31	3	13	0	2032
17290	49	14	1	1980	0	2044
17291	29	3	5	2007	0	2044
17292	1987	4	5	58	0	2054
17293	42	3	1950	21	0	2016
17294	1935	2	30	17	0	1984
17295	1963	1	14	17	0	1995
17296	54	1921	4	7	0	1986
17297	1969	30	5	10	0	2014
17298	40	15	1929	10	0	1994
17299	35	9	31	1923	0	1998
17300	1927	5	15	32	0	1979
17301	48	5	6	1918	0	1977
17302	20	4	1846	37	0	1907
17303	17	3	31	1819	0	1870
17304	11	1924	20	45	0	2000
17305	17	29	7	1988	0	2041
17306	20	11	7	2036	0	2074
17307	13	8	7	1989	0	2017
17308	16	7	2	2030	0	2055
17309	10	7	1972	49	0	2038
17310	17	4	28	1997	0	2046
17311	1978	5	14	52	0	2049
17312	36	1952	9	26	0	2023
17313	25	28	10	2002	0	2065
17314	15	13	2018	45	0	2091
17315	14	10	33	2033	0	2090
17316	2036	5	19	43	0	2103
17317	2046	6	10	26	0	2088
17318	2026	3	8	21	0	2058
17319	53	4	6	2011	0	2074
17320	25	4	1971	48	0	2048
17321	20	1941	35	27	0	2023
17322	1969	30	21	19	0	2039
17323	44	17	11	1948	0	2020
17324	26	11	6	1977	0	2020
17325	14	7	1943	55	0	2019
17326	16	1875	31	32	0	1954
17327	20	1953	18	20	0	2011
17328	17	49	12	1844	0	1922
17329	15	16	1817	43	0	1891
17330	1719	7	30	32	0	1788
17331	43	10	1681	16	0	1750
17332	1676	9	28	19	0	1732
17333	39	1788	19	16	0	1862
17334	25	30	1775	16	0	1846
17335	1739	17	33	14	0	1803
17336	44	1754	19	9	0	1826
17337	1820	32	7	11	0	1870
17338	41	17	1789	6	0	1853
17339	22	1811	28	11	0	1872
17340	1843	27	15	13	0	1898
17341	39	18	1828	10	0	1895
17342	1804	7	27	11	0	1849
17343	42	5	19	1813	0	1879
17344	1831	6	12	34	0	1883
17345	40	10	9	1834	0	1893
17346	1818	6	4	43	0	1871
17347	33	10	1827	25	0	1895
17348	22	3	23	1852	0	1900
17349	14	5	20	1839	0	1878
17350	9	6	1820	43	0	1878
17351	16	5	25	1831	0	1877
17352	17	1406	21	44	0	1488
17353	9	25	11	1971	0	2016
17354	14	19	7	2018	0	2058
17355	9	7	11	2213	0	2240
17356	10	5	2198	70	0	2283
17357	2150	9	43	35	0	2237
17358	56	3	21	2349	0	2429
17359	27	6	2391	56	0	2480
17360	2344	4	54	36	0	2438
17361	2455	4	27	23	0	2509
17362	2528	5	17	17	0	2567
17363	90	10	6	2461	0	2567
17364	56	2	8	2810	0	2876
17365	31	4	11	2758	0	2804
17366	18	2742	9	95	0	2864
17367	2711	61	5	53	0	2830
17368	2738	28	7	42	0	2815
17369	93	18	10	2690	0	2811
17370	49	11	2628	79	0	2767
17371	44	6	2642	41	0	2733
17372	22	2471	91	41	0	2625
17373	29	2565	42	71	0	2707
17374	2336	91	30	42	0	2499
17375	68	2290	12	20	0	2390
17376	2250	52	10	14	0	2326
17377	2251	21	5	28	0	2305
17378	2272	11	10	29	0	2322
17379	88	13	12	2235	0	2348
17380	54	12	8	2350	0	2424
17381	2409	5	4	76	0	2494
17382	71	8	5	2446	0	2530
17383	36	10	2417	78	0	2541
17384	2433	6	61	42	0	2542
17385	78	13	28	2413	0	2532
17386	42	15	14	2443	0	2514
17387	38	10	13	2488	0	2549
17388	24	13	2391	90	0	2518
17389	2286	17	58	50	0	2411
17390	77	14	2405	32	0	2528
17391	63	10	63	2379	0	2515
17392	35	14	2418	74	0	2541
17393	29	8	66	2390	0	2493
17394	35	8	33	2464	0	2540
17395	30	14	2457	94	0	2595
17396	28	10	60	2278	0	2376
17397	35	2437	32	75	0	2579
17398	2471	58	20	59	0	2608
17399	2502	26	13	54	0	2595
17400	96	14	19	2482	0	2611
17401	60	9	2466	88	0	2623
17402	40	2352	70	51	0	2513
17403	35	2501	41	43	0	2620
17404	2387	65	26	48	0	2526
17405	73	35	2347	42	0	2497
17406	2336	17	74	41	0	2468
17407	83	16	43	2357	0	2499
17408	55	16	29	2432	0	2532
17409	2345	9	25	107	0	2486
17410	69	2336	21	73	0	2499
17411	49	64	2381	46	0	2540
17412	48	26	76	2354	0	2504
17413	40	23	2405	89	0	2557
17414	22	2353	79	62	0	2516
17415	34	65	46	2397	0	2542
17416	2384	41	30	83	0	2538
17417	2400	31	19	58	0	2508
17418	107	11	2359	43	0	2520
17419	64	2327	76	37	0	2504
17420	2346	67	44	44	0	2501
17421	81	2369	27	40	0	2517
17422	53	76	31	2378	0	2538
17423	2394	36	20	81	0	2531
17424	75	30	30	2408	0	2543
17425	49	15	2363	100	0	2527
17426	43	21	73	2393	0	2530
17427	26	31	2377	112	0	2546
17428	34	21	81	2375	0	2511
17429	2366	19	43	101	0	2529
17430	89	2371	38	52	0	2550
17431	2343	68	27	61	0	2499
17432	91	37	36	2325	0	2489
17433	62	35	21	2322	0	2440
17434	53	36	1905	104	0	2098
17435	34	27	2280	72	0	2413
17436	48	2285	83	53	0	2469
17437	39	72	2261	40	0	2412
17438	2124	46	94	47	0	2311
17439	89	2202	48	43	0	2382
17440	61	2263	34	43	0	2401
17441	39	2288	31	46	0	2404
17442	38	91	29	2277	0	2435
17443	33	57	2290	86	0	2466
17444	38	2301	78	58	0	2475
17445	31	74	41	2140	0	2286
17446	32	2316	37	82	0	2467
17447	2273	86	23	56	0	2438
17448	2318	38	33	50	0	2439
17449	103	32	23	2284	0	2442
17450	61	31	32	2316	0	2440
17451	2216	22	33	105	0	2376
17452	90	2150	26	66	0	2332
17453	41	2165	23	39	0	2268
17454	42	93	25	2041	0	2201
17455	21	44	1891	61	0	2017
17456	17	1857	55	49	0	1978
17457	1737	57	28	32	0	1854
17458	48	1684	25	24	0	1781
17459	22	1648	13	28	0	1711
17460	1582	47	14	21	0	1664
17461	43	1629	10	14	0	1696
17462	25	48	1561	18	0	1652
17463	19	1563	33	15	0	1630
17464	1257	27	19	11	0	1314
17465	29	1236	5	9	0	1279
17466	1213	22	8	12	0	1255
17467	35	9	7	1182	0	1233
17468	14	12	4	1215	0	1245
17469	9	9	1207	28	0	1253
17470	5	1224	18	17	0	1264
17471	10	23	13	1240	0	1286
17472	1245	16	6	22	0	1289
17473	1243	11	5	15	0	1274
17474	28	1254	5	9	0	1296
17475	18	19	6	1232	0	1275
17476	1235	11	4	26	0	1276
17477	1245	9	6	17	0	1277
17478	31	5	1203	10	0	1249
17479	16	10	1125	5	0	1156
17480	8	10	1146	7	0	1171
17481	7	1105	16	3	0	1131
17482	1055	13	10	7	0	1085
17483	14	1033	4	4	0	1055
17484	1032	11	3	8	0	1054
17485	12	1081	2	7	0	1102
17486	6	13	3	1129	0	1151
17487	1126	6	1	15	0	1148
17488	11	4	1141	3	0	1159
17489	1104	6	10	4	0	1124
17490	1142	4	3	2	0	1151
17491	11	1121	2	3	0	1137
17492	9	1139	0	2	0	1150
17493	1183	12	0	2	0	1197
17494	13	6	1191	1	0	1211
17495	1135	4	9	6	0	1154
17496	1157	3	5	8	0	1173
17497	14	1	3	1142	0	1160
17498	1178	5	2	8	0	1193
17499	13	3	0	1198	0	1214
17500	7	4	0	1222	0	1233
17501	8	3	1	1195	0	1207
17502	7	1199	2	10	0	1218
17503	1207	6	6	5	0	1224
17504	1214	1	4	5	0	1224
17505	13	3	3	1213	0	1232
17506	8	4	3	1188	0	1203
17507	7	1199	2	8	0	1216
17508	1190	11	3	9	0	1213
17509	10	9	1174	4	0	1197
17510	5	5	7	1192	0	1209
17511	7	5	1146	9	0	1167
17512	8	3	8	1151	0	1170
17513	6	2	1141	7	0	1156
17514	10	1	9	1103	0	1123
17515	1128	1	3	12	0	1144
17516	8	5	1156	6	0	1175
17517	1134	5	8	5	0	1152
17518	15	1220	3	1	0	1239
17519	8	7	5	1224	0	1244
17520	8	4	2	1243	0	1257
17521	1281	2	4	14	0	1301
17522	14	5	2	1302	0	1323
17523	11	1	1286	11	0	1309
17524	1258	4	9	14	0	1285
17525	1326	0	1	10	0	1337
17526	1328	4	2	8	0	1342
17527	1334	5	1	9	0	1349
17528	17	1304	1	7	0	1329
17529	7	9	2	1318	0	1336
17530	1325	2	1	14	0	1342
17531	15	4	2	1309	0	1330
17532	1293	6	1	13	0	1313
17533	15	5	1257	4	0	1281
17534	6	3	1217	7	0	1233
17535	6	5	8	1195	0	1214
17536	6	1215	6	10	0	1237
17537	4	1259	3	8	0	1274
17538	1244	6	6	6	0	1262
17539	12	2	1247	7	0	1268
17540	1148	1	9	10	0	1168
17541	12	1212	6	5	0	1235
17542	1205	5	2	7	0	1219
17543	4	8	5	1183	0	1200
17544	9	1	1203	11	0	1224
17545	12	3	6	1186	0	1207
17546	8	2	4	1194	0	1208
17547	9	1174	2	14	0	1199
17548	7	1206	2	3	0	1218
17549	7	8	3	1195	0	1213
17550	14	1212	3	8	0	1237
17551	11	7	1205	6	0	1229
17552	9	5	1153	6	0	1173
17553	1102	6	8	8	0	1124
17554	1191	3	7	13	0	1214
17555	18	1166	2	5	0	1191
17556	13	7	2	1172	0	1194
17557	10	6	4	1188	0	1208
17558	8	3	1194	14	0	1219
17559	5	3	10	1153	0	1171
17560	4	1160	3	14	0	1181
17561	4	10	1130	8	0	1152
17562	7	8	1101	5	0	1121
17563	9	1032	13	5	0	1059
17564	8	7	1105	4	0	1124
17565	8	5	6	1103	0	1122
17566	6	8	8	985	0	1007
17567	8	5	1127	14	0	1154
17568	10	2	11	1098	0	1121
17569	7	1066	10	8	0	1091
17570	4	1102	1	12	0	1119
17571	3	12	4	1082	0	1101
17572	4	5	1094	16	0	1119
17573	2	1111	8	9	0	1130
17574	6	4	9	1110	0	1129
17575	3	6	1094	8	0	1111
17576	1007	0	8	10	0	1025
17577	1078	2	2	5	0	1087
17578	1077	2	2	3	0	1084
17579	10	0	1	1063	0	1074
17580	7	1	2	1055	0	1065
17581	4	1	1123	7	0	1135
17582	4	0	5	1104	0	1113
17583	5	3	4	1120	0	1132
17584	3	1	1129	11	0	1144
17585	930	1	7	12	0	950
17586	7	1041	5	5	0	1058
17587	1051	7	1	6	0	1065
17588	5	1035	4	4	0	1048
17589	7	9	1	1042	0	1059
17590	3	7	1048	6	0	1064
17591	5	1	8	1011	0	1025
17592	1	3	1035	7	0	1046
17593	871	1	5	8	0	885
17594	5	2	974	2	0	983
17595	7	2	6	931	0	946
17596	0	2	973	8	0	983
17597	2	994	7	5	0	1008
17598	5	5	4	995	0	1009
17599	7	3	0	984	0	994
17600	3	1	2	1025	0	1031
17601	2	1	1003	17	0	1023
17602	0	1	1042	8	0	1051
17603	2	0	17	1066	0	1085
17604	1	0	6	1279	0	1286
17605	3	0	7	1355	0	1365
17606	1415	0	3	36	0	1454
17607	28	1	2	1507	0	1538
17608	12	2	1625	29	0	1668
17609	1842	3	31	16	0	1892
17610	41	2	13	1960	0	2016
17611	2077	2	4	52	0	2135
17612	2153	0	4	24	0	2181
17613	67	0	3	2141	0	2211
17614	2165	0	5	52	0	2222
17615	2175	0	4	28	0	2207
17616	69	0	2106	9	0	2184
17617	28	2126	48	6	0	2208
17618	17	46	19	2018	0	2100
17619	10	21	5	2128	0	2164
17620	2103	6	2	69	0	2180
17621	2072	2	5	33	0	2112
17622	2082	3	6	18	0	2109
17623	75	1	1985	8	0	2069
17624	26	1986	51	10	0	2073
17625	1986	45	23	13	0	2067
17626	52	2027	8	9	0	2096
17627	2044	52	5	16	0	2117
17628	61	21	4	2035	0	2121
17629	2053	8	7	53	0	2121
17630	2079	4	8	28	0	2119
17631	2084	6	2	20	0	2112
17632	80	2	2020	12	0	2114
17633	2060	3	46	18	0	2127
17634	65	2059	16	13	0	2153
17635	2103	45	12	11	0	2171
17636	2145	18	3	18	0	2184
17637	2193	7	8	12	0	2220
17638	88	5	5	2051	0	2149
17639	39	2109	3	55	0	2206
17640	2132	51	4	33	0	2220
17641	67	23	2118	12	0	2220
17642	41	2114	51	8	0	2214
17643	31	52	17	1951	0	2051
17644	21	2115	8	42	0	2186
17645	2118	60	7	22	0	2207
17646	2182	24	8	16	0	2230
17647	86	16	9	2140	0	2251
17648	42	14	2101	60	0	2217
17649	23	2102	50	33	0	2208
17650	38	58	24	1667	0	1787
17651	29	21	15	2135	0	2200
17652	31	14	5	2224	0	2274
17653	2186	9	8	89	0	2292
17654	2228	7	11	37	0	2283
17655	2235	12	8	30	0	2285
17656	2261	12	9	15	0	2297
17657	101	9	8	2211	0	2329
17658	53	9	2223	74	0	2359
17659	43	10	54	2255	0	2362
17660	45	6	22	2307	0	2380
17661	47	10	11	2313	0	2381
17662	43	7	12	2346	0	2408
17663	2287	12	11	93	0	2403
17664	87	8	14	2321	0	2430
17665	2297	9	14	89	0	2409
17666	2356	11	9	46	0	2422
17667	112	7	2260	41	0	2420
17668	74	4	2265	30	0	2373
17669	55	11	2333	34	0	2433
17670	53	8	82	2295	0	2438
17671	49	12	2327	84	0	2472
17672	54	11	76	2286	0	2427
17673	46	18	32	2319	0	2415
17674	2304	16	20	107	0	2447
17675	97	11	20	2273	0	2401
17676	59	2331	19	89	0	2498
17677	2399	64	20	47	0	2530
17678	95	2392	11	44	0	2542
17679	65	68	2393	30	0	2556
17680	46	2427	69	26	0	2568
17681	2368	87	28	27	0	2510
17682	92	34	21	2372	0	2519
17683	70	30	2327	79	0	2506
17684	2337	14	74	44	0	2469
17685	102	21	26	2354	0	2503
17686	65	18	2355	76	0	2514
17687	59	16	70	2378	0	2523
17688	50	15	30	2414	0	2509
17689	55	13	20	2404	0	2492
17690	51	2373	13	98	0	2535
17691	2413	70	20	44	0	2547
17692	105	28	10	2360	0	2503
17693	57	2393	19	83	0	2552
17694	58	73	8	2398	0	2537
17695	32	35	2381	97	0	2545
17696	41	2378	65	50	0	2534
17697	2352	75	26	44	0	2497
17698	2367	35	20	25	0	2447
17699	101	27	7	2310	0	2445
17700	61	20	19	2346	0	2446
17701	2339	18	14	96	0	2467
17702	2253	18	16	55	0	2342
17703	91	2276	14	36	0	2417
17704	2075	53	19	21	0	2168
17705	79	22	1974	22	0	2097
17706	50	11	1934	24	0	2019
17707	24	1814	49	28	0	1915
17708	19	1764	27	21	0	1831
17709	1481	47	38	11	0	1577
17710	37	1445	8	15	0	1505
17711	1329	36	7	5	0	1377
17712	1319	0	10	10	0	1339
17713	1303	12	6	12	0	1333
17714	37	4	9	1287	0	1337
17715	1300	10	3	30	0	1343
17716	37	5	1267	5	0	1314
17717	11	8	1269	11	0	1299
17718	15	1279	27	11	0	1332
17719	12	20	1295	12	0	1339
17720	10	2	28	1263	0	1303
17721	9	9	1290	33	0	1341
17722	13	4	1267	16	0	1300
17723	10	7	27	1288	0	1332
17724	1299	9	11	28	0	1347
17725	1317	8	9	15	0	1349
17726	33	6	1335	10	0	1384
17727	1303	7	26	19	0	1355
17728	32	2	1352	6	0	1392
17729	1331	4	36	14	0	1385
17730	1401	4	8	15	0	1428
17731	32	2	12	1391	0	1437
17732	14	4	11	1350	0	1379
17733	13	1301	7	33	0	1354
17734	14	1348	8	15	0	1385
17735	18	23	7	1324	0	1372
17736	11	13	7	1347	0	1378
17737	1262	5	6	26	0	1299
17738	25	1257	3	14	0	1299
17739	1234	18	5	13	0	1270
17740	24	1245	6	4	0	1279
17741	12	29	1239	0	0	1280
17742	19	4	22	1232	0	1277
17743	1258	9	10	24	0	1301
17744	1311	4	6	9	0	1330
17745	29	1304	1	14	0	1348
17746	15	1381	4	5	0	1405
17747	10	1404	1	9	0	1424
17748	15	32	6	1558	0	1611
17749	9	10	1592	32	0	1643
17750	7	1589	28	9	0	1633
17751	12	28	3	1604	0	1647
17752	9	3	8	1643	0	1663
17753	4	7	1623	29	0	1663
17754	4	3	1615	8	0	1630
17755	1578	6	33	9	0	1626
17756	32	3	1661	3	0	1699
17757	1630	1	33	8	0	1672
17758	1614	1	5	5	0	1625
17759	1615	0	10	5	0	1630
17760	1615	2	2	7	0	1626
17761	38	3	1559	2	0	1602
17762	13	1581	27	5	0	1626
17763	16	26	4	1550	0	1596
17764	5	2	1584	28	0	1619
17765	12	8	29	1530	0	1579
17766	6	1402	8	30	0	1446
17767	9	23	4	1580	0	1616
17768	7	3	5	1583	0	1598
17769	13	9	4	1525	0	1551
17770	1546	4	1	41	0	1592
17771	38	7	3	1535	0	1583
17772	9	6	3	1546	0	1564
17773	10	2	5	1540	0	1557
17774	6	1505	2	36	0	1549
17775	1476	27	9	15	0	1527
17776	28	1387	4	10	0	1429
17777	7	1417	5	4	0	1433
17778	13	31	4	1405	0	1453
17779	8	4	11	1421	0	1444
17780	1410	5	2	34	0	1451
17781	34	3	3	1438	0	1478
17782	1450	3	0	33	0	1486
17783	1877	4	3	15	0	1899
17784	55	3	1	1873	0	1932
17785	26	4	3	1848	0	1881
17786	9	1907	5	57	0	1978
17787	1939	49	4	24	0	2016
17788	46	2013	3	15	0	2077
17789	2014	59	6	11	0	2090
17790	63	14	1987	11	0	2075
17791	1978	12	48	20	0	2058
17792	2077	8	14	17	0	2116
17793	72	6	10	2003	0	2091
17794	31	8	2012	56	0	2107
17795	26	2027	51	24	0	2128
17796	19	59	17	2066	0	2161
17797	11	20	2078	63	0	2172
17798	24	18	53	2074	0	2169
17799	2060	9	18	75	0	2162
17800	64	9	2059	26	0	2158
17801	26	1994	61	20	0	2101
17802	22	2104	25	7	0	2158
17803	33	74	13	1799	0	1919
17804	15	2052	11	53	0	2131
17805	2034	61	12	25	0	2132
17806	2060	22	11	26	0	2119
17807	2077	24	6	27	0	2134
17808	82	14	2004	15	0	2115
17809	2049	11	60	14	0	2134
17810	74	16	13	2029	0	2132
17811	37	13	14	2071	0	2135
17812	29	9	12	2078	0	2128
17813	25	13	14	2082	0	2134
17814	17	19	1998	81	0	2115
17815	15	10	2002	43	0	2070
17816	17	12	1984	28	0	2041
17817	1904	13	74	22	0	2013
17818	71	1942	26	25	0	2064
17819	31	51	19	1953	0	2054
17820	1934	20	15	76	0	2045
17821	66	1959	11	29	0	2065
17822	26	1997	19	31	0	2073
17823	1957	72	12	21	0	2062
17824	1973	38	8	23	0	2042
17825	81	1956	12	21	0	2070
17826	45	66	14	1807	0	1932
17827	29	1914	11	55	0	2009
17828	1908	72	13	25	0	2018
17829	1915	30	7	29	0	1981
17830	1911	25	12	18	0	1966
17831	89	1834	6	21	0	1950
17832	50	58	8	1876	0	1992
17833	23	33	1860	72	0	1988
17834	24	24	58	1851	0	1957
17835	31	10	24	1923	0	1988
17836	26	14	1839	78	0	1957
17837	1826	18	58	38	0	1940
17838	69	17	26	1872	0	1984
17839	37	17	15	1869	0	1938
17840	30	1841	13	71	0	1955
17841	1846	65	12	36	0	1959
17842	72	31	12	1801	0	1916
17843	36	1809	8	66	0	1919
17844	1744	59	12	35	0	1850
17845	67	1740	11	34	0	1852
17846	1662	58	9	29	0	1758
17847	68	28	1637	21	0	1754
17848	28	17	1476	17	0	1538
17849	23	11	1438	16	0	1488
17850	18	1426	67	16	0	1527
17851	32	54	28	1252	0	1366
17852	21	1332	14	42	0	1409
17853	1363	51	11	21	0	1446
17854	44	23	1358	19	0	1444
17855	1339	13	52	10	0	1414
17856	1370	20	23	11	0	1424
17857	66	19	15	1330	0	1430
17858	1350	16	12	48	0	1426
17859	61	14	7	1344	0	1426
17860	32	13	1323	49	0	1417
17861	1297	14	45	23	0	1379
17862	54	1311	20	14	0	1399
17863	39	46	13	1317	0	1415
17864	1330	23	9	47	0	1409
17865	61	16	9	1331	0	1417
17866	31	9	1309	54	0	1403
17867	31	8	41	1295	0	1375
17868	18	1313	29	55	0	1415
17869	1337	42	16	26	0	1421
17870	59	16	10	1327	0	1412
17871	1337	17	9	57	0	1420
17872	59	7	12	1354	0	1432
17873	32	5	9	1325	0	1371
17874	16	1326	9	59	0	1410
17875	1328	43	9	38	0	1418
17876	47	1367	8	28	0	1450
17877	38	45	7	1288	0	1378
17878	21	1328	7	44	0	1400
17879	1308	48	7	27	0	1390
17880	1287	23	4	22	0	1336
17881	1292	17	2	16	0	1327
17882	61	1236	4	12	0	1313
17883	17	842	2	5	0	866
17884	818	21	0	8	0	847
17885	20	829	5	3	0	857
17886	12	24	9	743	0	788
17887	9	7	732	13	0	761
17888	652	3	6	8	0	669
17889	660	4	4	7	0	675
17890	660	3	2	4	0	669
17891	13	643	2	3	0	661
17892	641	8	0	6	0	655
17893	11	7	656	2	0	676
17894	4	649	6	2	0	661
17895	4	10	7	602	0	623
17896	2	615	2	2	0	621
17897	588	3	2	3	0	596
17898	3	593	0	0	0	596
17899	2	2	0	589	0	593
17900	1	588	0	2	0	591
17901	2	4	1	591	0	598
17902	0	3	0	564	0	567
17903	1	0	565	4	0	570
17904	0	2	1	546	0	549
17905	550	0	1	7	0	558
17906	538	0	0	4	0	542
17907	5	0	1	545	0	551
17908	2	0	531	3	0	536
17909	3	0	2	514	0	519
17910	519	1	1	2	0	523
17911	557	0	0	3	0	560
17912	552	0	2	3	0	557
17913	3	587	0	3	0	593
17914	592	2	0	2	0	596
17915	3	3	580	0	0	586
17916	619	0	3	4	0	626
17917	2	2	1	628	0	633
17918	2	0	0	629	0	631
17919	0	0	1	632	0	633
17920	624	0	0	5	0	629
17921	607	0	0	3	0	610
17922	4	0	2	620	0	626
17923	1	0	642	4	0	647
17924	2	0	2	641	0	645
17925	2	0	1	617	0	620
17926	0	0	647	5	0	652
17927	0	643	4	1	0	648
17928	1	2	1	647	0	651
17929	661	1	0	5	0	667
17930	4	0	1	664	0	669
17931	1	1	0	668	0	670
17932	672	1	0	7	0	680
17933	4	676	0	1	0	681
17934	1	687	1	2	0	691
17935	684	3	0	2	0	689
17936	3	2	679	1	0	685
17937	645	1	2	3	0	651
17938	3	1	730	2	0	736
17939	3	739	2	1	0	745
17940	750	1	1	2	0	754
17941	754	1	0	3	0	758
17942	758	1	1	4	0	764
17943	770	0	0	5	0	775
17944	5	1	773	2	0	781
17945	2	1	1	748	0	752
17946	771	0	1	3	0	775
17947	1	2	805	2	0	810
17948	3	1	766	1	0	771
17949	2	797	2	1	0	802
17950	814	1	4	4	0	823
17951	1	0	1	809	0	811
17952	803	2	0	3	0	808
17953	1	811	0	3	0	815
17954	1	1	2	882	0	886
17955	3	2	0	880	0	885
17956	3	0	0	907	0	910
17957	3	1	932	5	0	941
17958	1	938	3	4	0	946
17959	1008	3	1	3	0	1015
17960	8	3	2	1017	0	1030
17961	1010	3	0	9	0	1022
17962	1013	1	0	4	0	1018
17963	13	1	0	1016	0	1030
17964	6	0	1038	6	0	1050
17965	3	1	5	1033	0	1042
17966	0	1021	3	7	0	1031
17967	3	7	0	1046	0	1056
17968	1	3	1045	8	0	1057
17969	1024	1	7	3	0	1035
17970	8	2	3	1051	0	1064
17971	1027	0	2	7	0	1036
17972	10	0	1019	3	0	1032
17973	980	0	7	3	0	990
17974	9	1	1011	2	0	1023
17975	952	2	9	4	0	967
17976	8	974	3	3	0	988
17977	2	981	2	5	0	990
17978	5	8	2	1001	0	1016
17979	6	6	2	863	0	877
17980	7	1	0	997	0	1005
17981	1017	1	2	10	0	1030
17982	8	0	1	1019	0	1028
17983	6	1	1021	8	0	1036
17984	990	0	5	7	0	1002
17985	7	1039	6	2	0	1054
17986	1052	8	1	2	0	1063
17987	1025	4	2	4	0	1035
17988	10	4	1039	5	0	1058
17989	10	2	7	1035	0	1054
17990	9	1	3	1093	0	1106
17991	3	2	1093	14	0	1112
17992	6	1083	10	4	0	1103
17993	1053	10	6	5	0	1074
17994	1080	5	3	5	0	1093
17995	13	2	3	1098	0	1116
17996	7	4	1	1097	0	1109
17997	5	2	0	1126	0	1133
17998	1096	1	3	17	0	1117
17999	13	1113	3	8	0	1137
18000	1113	9	3	7	0	1132
18001	1114	5	3	5	0	1127
18002	18	3	1186	0	0	1207
18003	10	2	16	1170	0	1198
18004	8	1213	8	17	0	1246
18005	9	14	4	1262	0	1289
18006	7	10	2	1317	0	1336
18007	6	4	1370	30	0	1410
18008	1441	4	26	15	0	1486
18009	1593	2	10	9	0	1614
18010	1677	1	1	17	0	1696
18011	53	1	8	1631	0	1693
18012	33	0	2	1624	0	1659
18013	14	1581	0	49	0	1644
18014	12	1637	3	18	0	1670
18015	1624	51	2	12	0	1689
18016	43	1610	2	13	0	1668
18017	25	44	1594	8	0	1671
18018	17	23	39	1623	0	1702
18019	1648	10	24	44	0	1726
18020	44	6	1654	19	0	1723
18021	19	9	1627	18	0	1673
18022	1649	2	54	11	0	1716
18023	1684	5	23	11	0	1723
18024	64	2	16	1656	0	1738
18025	32	2	1661	41	0	1736
18026	21	4	45	1640	0	1710
18027	17	4	1524	54	0	1599
18028	15	3	1640	22	0	1680
18029	9	1652	48	15	0	1724
18030	1648	45	31	7	0	1731
18031	1686	17	11	10	0	1724
18032	57	1646	13	6	0	1722
18033	28	48	10	1647	0	1733
18034	19	24	6	1665	0	1714
18035	21	12	3	1683	0	1719
18036	1639	8	2	73	0	1722
18037	41	1619	11	30	0	1701
18038	1588	43	11	21	0	1663
18039	1611	21	5	16	0	1653
18040	70	10	1538	8	0	1626
18041	32	1534	43	6	0	1615
18042	22	46	19	1539	0	1626
18043	21	18	1541	46	0	1626
18044	1515	10	51	20	0	1596
18045	1558	6	22	22	0	1608
18046	1565	11	12	16	0	1604
18047	1551	5	13	13	0	1582
18048	77	7	6	1489	0	1579
18049	41	8	1482	45	0	1576
18050	23	7	46	1472	0	1548
18051	1484	4	18	54	0	1560
18052	1483	4	12	28	0	1527
18053	61	1462	9	18	0	1550
18054	1428	44	10	11	0	1493
18055	60	18	1402	15	0	1495
18056	35	8	1406	5	0	1454
18057	1366	14	51	10	0	1441
18058	50	1374	23	6	0	1453
18059	32	34	20	1252	0	1338
18060	21	1316	13	32	0	1382
18061	16	41	7	1327	0	1391
18062	14	23	7	1350	0	1394
18063	11	16	4	1388	0	1419
18064	1285	7	5	67	0	1364
18065	1344	16	4	27	0	1391
18066	1349	9	3	23	0	1384
18067	69	5	1305	15	0	1394
18068	1296	4	39	14	0	1353
18069	60	5	18	1312	0	1395
18070	34	4	12	1387	0	1437
18071	25	8	1352	57	0	1442
18072	21	4	46	1547	0	1618
18073	1590	4	21	57	0	1672
18074	56	7	1603	32	0	1698
18075	36	3	49	1616	0	1704
18076	1616	3	27	63	0	1709
18077	1636	4	18	27	0	1685
18078	73	4	1624	21	0	1722
18079	34	11	1672	13	0	1730
18080	28	6	64	1667	0	1765
18081	1687	8	25	52	0	1772
18082	1718	8	15	29	0	1770
18083	72	4	21	1608	0	1705
18084	30	1646	12	67	0	1755
18085	1661	44	5	32	0	1742
18086	64	1643	10	24	0	1741
18087	39	53	10	1658	0	1760
18088	29	24	1632	54	0	1739
18089	32	18	1571	22	0	1643
18090	23	13	1608	16	0	1660
18091	14	9	70	1562	0	1655
18092	12	9	38	1614	0	1673
18093	1573	7	28	73	0	1681
18094	53	1564	23	31	0	1671
18095	1585	47	20	27	0	1679
18096	63	15	10	1517	0	1605
18097	40	1539	9	48	0	1636
18098	30	1609	7	18	0	1664
18099	20	58	9	1563	0	1650
18100	1551	22	11	65	0	1649
18101	50	1582	9	31	0	1672
18102	1483	48	5	21	0	1557
18103	54	1501	7	15	0	1577
18104	1476	50	4	19	0	1549
18105	64	25	1430	5	0	1524
18106	29	19	1404	8	0	1460
18107	22	1342	38	7	0	1409
18108	1185	50	28	9	0	1272
18109	24	1096	8	5	0	1133
18110	14	1000	6	1	0	1021
18111	5	26	11	1012	0	1054
18112	1016	4	4	21	0	1045
18113	19	1019	4	3	0	1045
18114	993	17	3	5	0	1018
18115	14	982	4	3	0	1003
18116	976	16	2	4	0	998
18117	16	975	2	5	0	998
18118	10	969	3	5	0	987
18119	6	23	2	921	0	952
18120	10	930	0	17	0	957
18121	928	23	1	5	0	957
18122	21	9	926	3	0	959
18123	8	10	15	926	0	959
18124	8	7	942	18	0	975
18125	8	7	16	932	0	963
18126	10	3	9	924	0	946
18127	5	7	901	20	0	933
18128	825	3	17	11	0	856
18129	20	870	6	11	0	907
18130	885	16	8	8	0	917
18131	15	895	6	9	0	925
18132	12	15	6	906	0	939
18133	902	3	9	25	0	939
18134	908	5	7	9	0	929
18135	907	7	3	8	0	925
18136	23	5	3	906	0	937
18137	18	7	3	904	0	932
18138	12	938	2	18	0	970
18139	938	20	4	9	0	971
18140	960	5	2	10	0	977
18141	960	7	4	4	0	975
18142	950	6	5	9	0	970
18143	22	921	7	5	0	955
18144	11	18	4	935	0	968
18145	15	5	924	16	0	960
18146	906	9	14	7	0	936
18147	943	7	2	8	0	960
18148	24	4	916	11	0	955
18149	9	8	906	4	0	927
18150	13	8	11	902	0	934
18151	14	7	6	931	0	958
18152	11	4	6	944	0	965
18153	910	10	7	18	0	945
18154	24	7	5	917	0	953
18155	8	6	889	21	0	924
18156	5	3	17	903	0	928
18157	10	4	907	23	0	944
18158	9	1	18	905	0	933
18159	9	3	10	953	0	975
18160	6	3	935	30	0	974
18161	873	1	25	10	0	909
18162	17	934	7	14	0	972
18163	949	19	7	11	0	986
18164	24	5	4	986	0	1019
18165	985	7	5	23	0	1020
18166	20	1030	3	14	0	1067
18167	17	1090	3	4	0	1114
18168	16	43	2	1152	0	1213
18169	15	15	1203	22	0	1255
18170	9	13	1143	13	0	1178
18171	11	1174	26	10	0	1221
18172	943	21	15	23	0	1002
18173	14	12	11	936	0	973
18174	914	9	8	19	0	950
18175	23	917	6	8	0	954
18176	10	947	13	9	0	979
18177	16	25	12	934	0	987
18178	905	25	5	21	0	956
18179	911	12	4	9	0	936
18180	22	7	881	19	0	929
18181	25	4	834	6	0	869
18182	850	14	19	5	0	888
18183	18	872	15	4	0	909
18184	863	14	10	12	0	899
18185	37	5	5	848	0	895
18186	20	11	846	16	0	893
18187	832	5	25	7	0	869
18188	17	834	18	11	0	880
18189	21	855	12	3	0	891
18190	10	26	4	852	0	892
18191	866	15	6	16	0	903
18192	23	8	4	874	0	909
18193	884	7	16	22	0	929
18194	29	6	850	8	0	893
18195	853	15	9	15	0	892
18196	876	14	4	7	0	901
18197	23	2	832	20	0	877
18198	814	2	12	8	0	836
18199	25	825	10	12	0	872
18200	25	13	10	815	0	863
18201	13	831	17	10	0	871
18202	856	19	5	7	0	887
18203	28	9	3	829	0	869
18204	13	832	17	12	0	874
18205	24	16	1	830	0	871
18206	8	843	3	20	0	874
18207	9	22	4	862	0	897
18208	843	22	1	27	0	893
18209	31	16	1	843	0	891
18210	11	8	835	37	0	891
18211	838	17	12	14	0	881
18212	15	9	8	855	0	887
18213	16	16	832	17	0	881
18214	11	8	778	26	0	823
18215	20	3	849	12	0	884
18216	13	0	26	847	0	886
18217	6	7	28	866	0	907
18218	23	2	13	868	0	906
18219	9	8	8	886	0	911
18220	864	5	15	29	0	913
18221	866	6	15	21	0	908
18222	878	6	12	15	0	911
18223	876	4	4	29	0	913
18224	31	3	4	874	0	912
18225	21	2	897	29	0	949
18226	900	4	15	20	0	939
18227	938	3	10	12	0	963
18228	37	2	12	914	0	965
18229	35	4	2	935	0	976
18230	943	7	5	22	0	977
18231	26	4	4	910	0	944
18232	13	904	14	28	0	959
18233	938	14	6	12	0	970
18234	926	7	4	18	0	955
18235	29	13	951	17	0	1010
18236	18	4	15	991	0	1028
18237	26	5	9	994	0	1034
18238	967	6	12	36	0	1021
18239	982	13	3	19	0	1017
18240	41	3	4	974	0	1022
18241	30	4	946	24	0	1004
18242	23	1	956	15	0	995
18243	11	3	23	971	0	1008
18244	12	3	15	985	0	1015
18245	976	5	12	27	0	1020
18246	36	937	6	19	0	998
18247	13	948	4	27	0	992
18248	13	1001	15	9	0	1038
18249	6	20	15	994	0	1035
18250	991	15	4	35	0	1045
18251	988	10	3	26	0	1027
18252	35	986	2	13	0	1036
18253	1003	27	2	11	0	1043
18254	29	16	5	996	0	1046
18255	12	18	1003	23	0	1056
18256	12	9	15	1007	0	1043
18257	23	4	6	1011	0	1044
18258	23	3	6	1004	0	1036
18259	974	16	8	26	0	1024
18260	26	3	2	949	0	980
18261	12	941	6	34	0	993
18262	931	11	11	19	0	972
18263	19	914	2	17	0	952
18264	11	890	3	18	0	922
18265	9	906	5	18	0	938
18266	17	12	808	5	0	842
18267	2	794	6	16	0	818
18268	4	14	707	3	0	728
18269	631	2	8	1	0	642
18270	683	2	1	1	0	687
18271	6	0	702	0	0	708
18272	702	3	4	3	0	712
18273	744	0	1	4	0	749
18274	3	1	754	0	0	758
18275	2	760	4	0	0	766
18276	1	4	3	769	0	777
18277	782	0	1	6	0	789
18278	4	0	1	776	0	781
18279	797	1	1	5	0	804
18280	790	0	1	5	0	796
18281	5	0	802	1	0	808
18282	783	0	3	3	0	789
18283	2	818	2	0	0	822
18284	823	5	0	3	0	831
18285	4	2	0	826	0	832
18286	4	0	814	5	0	823
18287	2	0	3	809	0	814
18288	805	0	1	3	0	809
18289	3	803	1	1	0	808
18290	3	3	796	0	0	802
18291	3	3	3	772	0	781
18292	1	2	797	3	0	803
18293	1	808	3	3	0	815
18294	799	3	2	3	0	807
18295	3	1	1	811	0	816
18296	3	0	817	4	0	824
18297	2	4	774	2	0	782
18298	819	2	5	3	0	829
18299	6	0	1	821	0	828
18300	3	1	2	821	0	827
18301	1	4	828	4	0	837
18302	0	3	823	2	0	828
18303	1	862	4	2	0	869
18304	1	5	1	862	0	869
18305	1	4	4	841	0	850
18306	3	847	2	6	0	858
18307	3	4	840	3	0	850
18308	810	3	5	4	0	822
18309	7	1	2	860	0	870
18310	3	3	870	5	0	881
18311	4	1	6	839	0	850
18312	2	856	1	6	0	865
18313	3	6	846	5	0	860
18314	810	3	7	3	0	823
18315	7	0	859	2	0	868
18316	5	0	824	1	0	830
18317	2	0	824	1	0	827
18318	2	0	890	2	0	894
18319	1	0	11	894	0	906
18320	0	1	944	10	0	955
18321	2	1	11	914	0	928
18322	2	952	4	9	0	967
18323	1057	15	1	4	0	1077
18324	21	6	3	1082	0	1112
18325	7	3	1058	19	0	1087
18326	2	1076	20	10	0	1108
18327	3	18	8	1089	0	1118
18328	1069	9	6	23	0	1107
18329	16	1080	4	11	0	1111
18330	9	21	1	1103	0	1134
18331	1101	10	0	23	0	1134
18332	22	3	1084	11	0	1120
18333	1074	3	17	8	0	1102
18334	19	2	1094	3	0	1118
18335	1036	0	18	3	0	1057
18336	1024	0	10	5	0	1039
18337	27	2	1009	0	0	1038
18338	13	1016	16	2	0	1047
18339	13	19	10	983	0	1025
18340	5	10	1043	15	0	1073
18341	3	3	18	1012	0	1036
18342	2	3	11	1044	0	1060
18343	2	1	1041	29	0	1073
18344	1	1	1037	13	0	1052
18345	1	0	26	1035	0	1062
18346	1040	2	13	22	0	1077
18347	18	1014	5	11	0	1048
18348	12	1032	4	3	0	1051
18349	1028	24	2	6	0	1060
18350	1035	12	1	3	0	1051
18351	25	5	2	1038	0	1070
18352	15	3	3	1051	0	1072
18353	9	0	0	1069	0	1078
18354	1039	0	1	30	0	1070
18355	17	987	1	19	0	1024
18356	6	1014	1	7	0	1028
18357	5	25	0	1010	0	1040
18358	6	10	1	1033	0	1050
18359	2	5	0	1043	0	1050
18360	1011	4	0	33	0	1048
18361	17	1018	2	18	0	1055
18362	1047	16	0	9	0	1072
18363	21	12	1055	4	0	1092
18364	12	1081	18	2	0	1113
18365	7	23	9	1081	0	1120
18366	1082	10	5	22	0	1119
18367	20	5	1061	14	0	1100
18368	13	4	1063	6	0	1086
18369	8	1	30	1074	0	1113
18370	6	2	14	1080	0	1102
18371	5	1	8	1062	0	1076
18372	1	2	4	1030	0	1037
18373	3	5	1	1016	0	1025
18374	3	982	2	37	0	1024
18375	1	17	3	1007	0	1028
18376	972	12	2	28	0	1014
18377	19	991	4	17	0	1031
18378	986	21	1	11	0	1019
18379	23	13	961	6	0	1003
18380	19	5	970	2	0	996
18381	8	5	28	979	0	1020
18382	5	2	1217	23	0	1247
18383	5	2	34	1205	0	1246
18384	6	2	19	1199	0	1226
18385	1291	0	9	48	0	1348
18386	1308	3	4	28	0	1343
18387	46	1361	3	14	0	1424
18388	24	1435	4	4	0	1467
18389	12	51	6	1420	0	1489
18390	1428	23	2	40	0	1493
18391	34	11	1431	22	0	1498
18392	22	5	35	1429	0	1491
18393	13	1	16	1450	0	1480
18394	8	4	1421	51	0	1484
18395	3	1399	39	26	0	1467
18396	3	37	18	1384	0	1442
18397	8	18	1406	41	0	1473
18398	7	10	38	1404	0	1459
18399	1363	5	17	53	0	1438
18400	38	1360	9	24	0	1431
18401	18	1402	10	11	0	1441
18402	12	47	1	1372	0	1432
18403	1326	20	5	42	0	1393
18404	34	1342	6	21	0	1403
18405	1366	39	2	15	0	1422
18406	44	15	1366	7	0	1432
18407	23	9	1419	5	0	1456
18408	11	9	50	1363	0	1433
18409	8	6	21	1437	0	1472
18410	1403	4	12	48	0	1467
18411	42	6	4	1407	0	1459
18412	27	4	1400	44	0	1475
18413	15	8	33	1393	0	1449
18414	11	9	17	1436	0	1473
18415	4	6	1383	54	0	1447
18416	1325	6	35	30	0	1396
18417	43	4	19	1385	0	1451
18418	1335	3	11	36	0	1385
18419	36	1276	10	28	0	1350
18420	1293	31	7	22	0	1353
18421	34	1278	9	16	0	1337
18422	16	1280	10	11	0	1317
18423	19	35	16	1152	0	1222
18424	1119	10	9	37	0	1175
18425	1132	7	8	17	0	1164
18426	34	8	5	1100	0	1147
18427	1110	7	7	30	0	1154
18428	1105	10	5	22	0	1142
18429	35	11	5	1105	0	1156
18430	1047	6	3	33	0	1089
18431	41	1093	8	14	0	1156
18432	1096	31	6	14	0	1147
18433	31	20	1053	18	0	1122
18434	1128	7	21	20	0	1176
18435	42	7	11	1131	0	1191
18436	21	9	10	1148	0	1188
18437	19	6	7	1157	0	1189
18438	11	11	8	1154	0	1184
18439	12	5	14	1134	0	1165
18440	8	1046	17	44	0	1115
18441	17	1111	8	30	0	1166
18442	1106	28	11	22	0	1167
18443	33	15	1096	20	0	1164
18444	1085	13	25	14	0	1137
18445	32	13	1078	21	0	1144
18446	21	12	29	1071	0	1133
18447	14	14	14	1119	0	1161
18448	1104	9	7	47	0	1167
18449	40	14	1076	27	0	1157
18450	30	12	32	1104	0	1178
18451	22	8	1155	40	0	1225
18452	21	1154	37	23	0	1235
18453	17	33	11	1189	0	1250
18454	1180	16	8	48	0	1252
18455	1157	13	4	24	0	1198
18456	1200	10	11	21	0	1242
18457	46	1178	10	19	0	1253
18458	27	1208	14	16	0	1265
18459	1094	42	15	18	0	1169
18460	32	1180	12	29	0	1253
18461	29	1199	8	23	0	1259
18462	29	32	1156	23	0	1240
18463	22	1128	26	23	0	1199
18464	14	1126	13	16	0	1169
18465	20	37	6	1108	0	1171
18466	22	24	1121	29	0	1196
18467	12	18	1081	21	0	1132
18468	1072	16	33	18	0	1139
18469	38	9	1110	12	0	1169
18470	1139	13	26	13	0	1191
18471	28	19	13	1115	0	1175
18472	26	1125	7	35	0	1193
18473	1174	30	11	20	0	1235
18474	1229	18	12	26	0	1285
18475	43	11	10	1225	0	1289
18476	25	12	16	1225	0	1278
18477	25	11	7	1235	0	1278
18478	1207	7	5	52	0	1271
18479	1105	12	11	25	0	1153
18480	1223	3	5	17	0	1248
18481	46	1155	11	13	0	1225
18482	933	19	4	13	0	969
18483	18	910	6	15	0	949
18484	18	914	2	15	0	949
18485	11	38	12	823	0	884
18486	12	833	4	14	0	863
18487	759	7	4	8	0	778
18488	11	12	1	745	0	769
18489	738	3	2	12	0	755
18490	9	713	1	11	0	734
18491	7	742	3	6	0	758
18492	745	9	3	8	0	765
18493	12	774	0	4	0	790
18494	13	12	8	777	0	810
18495	7	9	0	789	0	805
18496	784	2	1	16	0	803
18497	12	7	2	784	0	805
18498	8	6	797	11	0	822
18499	9	2	10	798	0	819
18500	842	9	2	16	0	869
18501	11	867	0	10	0	888
18502	906	10	1	10	0	927
18503	875	7	3	3	0	888
18504	909	3	1	11	0	924
18505	17	1	922	5	0	945
18506	8	6	877	7	0	898
18507	860	3	16	8	0	887
18508	14	859	5	2	0	880
18509	14	12	2	874	0	902
18510	7	7	2	868	0	884
18511	6	838	3	17	0	864
18512	4	860	5	5	0	874
18513	6	11	6	854	0	877
18514	10	5	1	853	0	869
18515	5	8	829	14	0	856
18516	5	3	777	9	0	794
18517	811	3	14	7	0	835
18518	860	12	5	7	0	884
18519	20	5	3	856	0	884
18520	7	1	854	19	0	881
18521	7	7	13	841	0	868
18522	830	2	9	19	0	860
18523	16	1	850	11	0	878
18524	14	3	15	857	0	889
18525	7	4	871	14	0	896
18526	5	849	16	13	0	883
18527	7	13	878	6	0	904
18528	7	4	21	846	0	878
18529	872	4	7	19	0	902
18530	17	3	7	888	0	915
18531	864	2	2	24	0	892
18532	881	3	8	9	0	901
18533	852	4	6	12	0	874
18534	19	1	851	9	0	880
18535	848	6	14	8	0	876
18536	16	2	6	859	0	883
18537	8	2	6	864	0	880
18538	10	2	854	20	0	886
18539	10	4	13	853	0	880
18540	859	0	7	22	0	888
18541	18	866	5	15	0	904
18542	884	13	5	6	0	908
18543	890	5	4	8	0	907
18544	902	5	5	4	0	916
18545	26	1	2	884	0	913
18546	11	3	889	18	0	921
18547	7	3	12	916	0	938
18548	7	0	6	927	0	940
18549	919	3	3	20	0	945
18550	887	1	3	12	0	903
18551	18	2	836	6	0	862
18552	15	2	11	850	0	878
18553	11	3	866	15	0	895
18554	892	5	14	13	0	924
18555	22	982	7	7	0	1018
18556	991	13	6	7	0	1017
18557	24	1028	2	8	0	1062
18558	1037	17	6	9	0	1069
18559	23	1041	3	10	0	1077
18560	15	17	6	1054	0	1092
18561	11	6	6	1075	0	1098
18562	1064	5	2	27	0	1098
18563	1062	2	8	10	0	1082
18564	1063	12	4	7	0	1086
18565	1042	4	2	10	0	1058
18566	1054	5	3	5	0	1067
18567	29	7	0	1024	0	1060
18568	14	1020	5	19	0	1058
18569	15	19	3	999	0	1036
18570	12	990	2	20	0	1024
18571	14	19	1	972	0	1006
18572	10	982	2	21	0	1015
18573	18	25	2	944	0	989
18574	14	6	892	24	0	936
18575	871	7	15	8	0	901
18576	23	903	4	7	0	937
18577	897	21	2	8	0	928
18578	22	6	894	10	0	932
18579	878	9	15	8	0	910
18580	20	8	922	6	0	956
18581	7	13	19	924	0	963
18582	9	1014	5	19	0	1047
18583	3	23	1027	7	0	1060
18584	9	9	18	1021	0	1057
18585	978	3	14	20	0	1015
18586	25	2	4	1041	0	1072
18587	16	4	7	1049	0	1076
18588	12	1	5	1064	0	1082
18589	7	6	1034	30	0	1077
18590	10	0	20	1013	0	1043
18591	2	1011	10	26	0	1049
18592	7	17	3	1030	0	1057
18593	4	10	5	1024	0	1043
18594	990	6	5	28	0	1029
18595	23	4	2	1016	0	1045
18596	12	7	1023	23	0	1065
18597	9	1	1023	18	0	1051
18598	5	7	1044	11	0	1067
18599	6	1018	29	14	0	1067
18600	979	23	13	14	0	1029
18601	23	990	10	4	0	1027
18602	967	17	2	8	0	994
18603	21	11	4	957	0	993
18604	13	4	958	19	0	994
18605	6	3	932	16	0	957
18606	5	990	29	6	0	1030
18607	9	15	14	991	0	1029
18608	3	14	7	1010	0	1034
18609	9	8	6	1021	0	1044
18610	4	6	995	36	0	1041
18611	939	6	23	17	0	985
18612	25	3	1011	12	0	1051
18613	13	7	20	1006	0	1046
18614	8	5	12	1041	0	1066
18615	4	6	1003	36	0	1049
18616	961	1	26	22	0	1010
18617	21	1017	17	12	0	1067
18618	1008	22	4	11	0	1045
18619	23	10	9	995	0	1037
18620	13	993	9	28	0	1043
18621	8	19	9	1018	0	1054
18622	1011	13	11	27	0	1062
18623	28	7	6	1009	0	1050
18624	13	9	982	31	0	1035
18625	962	5	20	25	0	1012
18626	992	6	17	18	0	1033
18627	39	6	976	14	0	1035
18628	18	6	26	982	0	1032
18629	985	7	14	28	0	1034
18630	30	2	7	985	0	1024
18631	17	4	12	986	0	1019
18632	14	7	7	982	0	1010
18633	16	6	4	970	0	996
18634	15	4	929	42	0	990
18635	10	4	22	943	0	979
18636	11	3	939	35	0	988
18637	916	5	25	26	0	972
18638	947	4	18	15	0	984
18639	950	3	10	19	0	982
18640	953	6	6	21	0	986
18641	40	3	8	910	0	961
18642	915	3	8	35	0	961
18643	30	4	903	18	0	955
18644	21	3	891	13	0	928
18645	874	3	31	13	0	921
18646	30	859	14	14	0	917
18647	16	867	7	12	0	902
18648	11	23	7	859	0	900
18649	10	14	842	31	0	897
18650	820	4	23	18	0	865
18651	25	4	852	12	0	893
18652	18	800	23	8	0	849
18653	12	14	800	14	0	840
18654	13	741	24	8	0	786
18655	648	23	23	7	0	701
18656	18	638	7	11	0	674
18657	16	607	6	9	0	638
18658	10	19	4	595	0	628
18659	10	11	580	17	0	618
18660	6	3	17	568	0	594
18661	7	8	13	584	0	612
18662	5	8	571	24	0	608
18663	7	7	14	558	0	586
18664	7	556	10	21	0	594
18665	6	17	8	583	0	614
18666	581	10	7	17	0	615
18667	20	2	10	581	0	613
18668	13	7	573	19	0	612
18669	4	6	16	588	0	614
18670	4	8	587	17	0	616
18671	572	3	18	14	0	607
18672	13	7	10	592	0	622
18673	588	7	6	17	0	618
18674	13	6	573	20	0	612
18675	572	6	16	11	0	605
18676	13	583	17	12	0	625
18677	12	9	592	12	0	625
18678	7	8	15	584	0	614
18679	6	4	595	17	0	622
18680	9	571	12	12	0	604
18681	12	559	12	11	0	594
18682	480	12	6	6	0	504
18683	14	504	2	10	0	530
18684	504	11	9	6	0	530
18685	15	6	5	520	0	546
18686	6	3	523	17	0	549
18687	11	511	11	7	0	540
18688	10	14	8	513	0	545
18689	7	7	4	539	0	557
18690	5	3	4	556	0	568
18691	6	3	7	524	0	540
18692	5	516	1	17	0	539
18693	5	541	6	8	0	560
18694	514	10	4	8	0	536
18695	13	505	6	4	0	528
18696	5	19	3	472	0	499
18697	3	7	471	14	0	495
18698	3	462	8	6	0	479
18699	5	13	2	457	0	477
18700	4	5	7	460	0	476
18701	2	459	1	16	0	478
18702	439	10	4	10	0	463
18703	10	8	445	2	0	465
18704	421	7	8	5	0	441
18705	10	431	4	4	0	449
18706	389	6	1	1	0	397
18707	7	394	0	0	0	401
18708	6	6	1	414	0	427
18709	2	5	2	420	0	429
18710	421	3	0	12	0	436
18711	7	1	2	434	0	444
18712	4	2	422	7	0	435
18713	2	406	6	7	0	421
18714	2	421	4	4	0	431
18715	4	10	2	411	0	427
18716	3	7	418	6	0	434
18717	1	4	6	411	0	422
18718	7	0	5	409	0	421
18719	1	4	411	9	0	425
18720	2	1	395	11	0	409
18721	1	411	10	3	0	425
18722	414	5	4	6	0	429
18723	4	6	3	411	0	424
18724	6	406	2	7	0	421
18725	407	7	2	7	0	423
18726	8	5	2	411	0	426
18727	5	4	2	401	0	412
18728	3	399	5	10	0	417
18729	0	8	1	399	0	408
18730	395	9	2	7	0	413
18731	5	4	2	395	0	406
18732	7	2	3	399	0	411
18733	3	5	385	11	0	404
18734	4	1	367	12	0	384
18735	386	2	12	7	0	407
18736	8	3	7	386	0	404
18737	7	5	1	391	0	404
18738	5	2	2	400	0	409
18739	2	4	387	13	0	406
18740	381	5	6	11	0	403
18741	8	1	4	395	0	408
18742	8	3	3	391	0	405
18743	390	1	2	18	0	411
18744	6	386	2	9	0	403
18745	6	7	380	6	0	399
18746	5	4	6	373	0	388
18747	1	394	6	10	0	411
18748	6	5	3	404	0	418
18749	400	7	2	12	0	421
18750	5	4	5	407	0	421
18751	402	2	2	11	0	417
18752	394	4	5	11	0	414
18753	11	3	3	396	0	413
18754	9	378	4	10	0	401
18755	4	387	3	11	0	405
18756	4	16	396	7	0	423
18757	7	4	6	374	0	391
18758	3	2	5	397	0	407
18759	7	6	3	397	0	413
18760	393	5	1	15	0	414
18761	9	2	6	394	0	411
18762	6	6	404	15	0	431
18763	406	8	5	10	0	429
18764	6	2	6	440	0	454
18765	11	2	7	435	0	455
18766	3	3	428	17	0	451
18767	423	2	8	16	0	449
18768	10	3	9	433	0	455
18769	7	2	456	11	0	476
18770	3	6	6	451	0	466
18771	8	4	9	407	0	428
18772	5	443	5	13	0	466
18773	441	9	1	15	0	466
18774	438	5	4	8	0	455
18775	13	442	1	9	0	465
18776	440	5	1	9	0	455
18777	441	6	3	8	0	458
18778	12	2	5	445	0	464
18779	9	5	430	8	0	452
18780	3	3	398	11	0	415
18781	3	3	400	10	0	416
18782	1	2	409	5	0	417
18783	3	8	9	374	0	394
18784	6	2	3	403	0	414
18785	5	1	2	389	0	397
18786	7	2	1	397	0	407
18787	412	1	0	9	0	422
18788	3	430	6	6	0	445
18789	428	3	1	2	0	434
18790	6	3	431	3	0	443
18791	2	3	449	5	0	459
18792	5	4	2	465	0	476
18793	471	2	5	6	0	484
18794	455	0	4	7	0	466
18795	8	460	2	5	0	475
18796	2	468	2	6	0	478
18797	3	10	2	472	0	487
18798	475	5	3	4	0	487
18799	4	477	2	5	0	488
18800	482	3	2	5	0	492
18801	475	2	5	1	0	483
18802	482	2	5	3	0	492
18803	7	2	481	5	0	495
18804	6	477	4	1	0	488
18805	481	4	1	4	0	490
18806	462	4	2	1	0	469
18807	5	453	1	1	0	460
18808	4	437	0	3	0	444
18809	443	6	2	1	0	452
18810	7	3	0	438	0	448
18811	5	1	437	3	0	446
18812	432	2	3	0	0	437
18813	9	0	2	448	0	459
18814	5	473	2	3	0	483
18815	2	8	1	474	0	485
18816	3	4	487	4	0	498
18817	6	2	3	479	0	490
18818	508	3	1	5	0	517
18819	7	3	2	508	0	520
18820	8	1	0	512	0	521
18821	3	3	532	7	0	545
18822	4	2	6	504	0	516
18823	3	529	2	7	0	541
18824	536	4	5	4	0	549
18825	516	3	2	7	0	528
18826	7	6	550	4	0	567
18827	3	2	5	535	0	545
18828	5	531	2	8	0	546
18829	2	554	4	4	0	564
18830	560	5	1	6	0	572
18831	8	3	2	568	0	581
18832	5	1	557	9	0	572
18833	4	5	550	5	0	564
18834	3	3	8	581	0	595
18835	582	1	3	8	0	594
18836	582	4	3	3	0	592
18837	7	3	3	606	0	619
18838	5	2	594	7	0	608
18839	2	597	5	6	0	610
18840	599	7	3	5	0	614
18841	6	604	3	4	0	617
18842	606	8	1	5	0	620
18843	11	2	3	608	0	624
18844	4	1	620	8	0	633
18845	5	1	8	613	0	627
18846	616	0	5	8	0	629
18847	10	2	587	5	0	604
18848	4	599	7	3	0	613
18849	5	7	3	599	0	614
18850	610	3	4	6	0	623
18851	7	4	608	5	0	624
18852	6	3	7	615	0	631
18853	3	1	3	644	0	651
18854	3	1	652	11	0	667
18855	4	1	10	645	0	660
18856	6	1	639	11	0	657
18857	609	2	7	5	0	623
18858	9	2	4	666	0	681
18859	5	3	695	7	0	710
18860	2	697	11	6	0	716
18861	724	9	2	6	0	741
18862	732	2	3	7	0	744
18863	14	2	2	819	0	837
18864	4	799	7	11	0	821
18865	809	8	3	9	0	829
18866	10	2	5	813	0	830
18867	7	3	816	10	0	836
18868	779	2	8	12	0	801
18869	13	763	8	10	0	794
18870	10	8	6	790	0	814
18871	792	5	2	16	0	815
18872	15	3	786	5	0	809
18873	10	4	794	1	0	809
18874	7	4	11	789	0	811
18875	3	3	801	15	0	822
18876	11	2	11	770	0	794
18877	6	748	7	14	0	775
18878	5	8	7	795	0	815
18879	787	4	3	16	0	810
18880	9	4	796	3	0	812
18881	6	800	11	6	0	823
18882	5	13	4	816	0	838
18883	4	5	843	13	0	865
18884	10	4	11	800	0	825
18885	1	805	10	12	0	828
18886	0	823	5	6	0	834
18887	769	11	3	12	0	795
18888	10	778	5	2	0	795
18889	3	12	751	7	0	773
18890	705	6	9	6	0	726
18891	10	4	756	1	0	771
18892	8	3	9	705	0	725
18893	3	2	754	8	0	767
18894	4	731	11	4	0	750
18895	6	4	3	731	0	744
18896	3	3	6	748	0	760
18897	6	5	0	742	0	753
18898	4	1	747	9	0	761
18899	6	3	7	712	0	728
18900	3	2	4	746	0	755
18901	726	1	4	12	0	743
18902	712	2	1	11	0	726
18903	7	1	733	3	0	744
18904	4	719	7	8	0	738
18905	3	8	733	4	0	748
18906	7	3	10	719	0	739
18907	4	3	749	8	0	764
18908	1	1	11	743	0	756
18909	2	6	5	751	0	764
18910	2	1	752	7	0	762
18911	680	3	6	9	0	698
18912	6	753	8	3	0	770
18913	7	7	2	763	0	779
18914	1	5	765	10	0	781
18915	2	3	734	4	0	743
18916	716	1	7	4	0	728
18917	5	752	6	2	0	765
18918	2	5	1	745	0	753
18919	748	3	4	9	0	764
18920	8	4	4	741	0	757
18921	6	1	2	785	0	794
18922	1	5	786	8	0	800
18923	738	2	7	7	0	754
18924	792	0	5	4	0	801
18925	8	1	1	796	0	806
18926	776	0	7	11	0	794
18927	9	2	3	775	0	789
18928	6	764	4	8	0	782
18929	5	773	2	11	0	791
18930	6	7	2	795	0	810
18931	790	3	4	16	0	813
18932	7	3	1	801	0	812
18933	803	3	3	13	0	822
18934	818	1	3	8	0	830
18935	13	1	1	818	0	833
18936	9	3	2	825	0	839
18937	10	2	794	11	0	817
18938	6	1	789	1	0	797
18939	6	1	10	799	0	816
18940	1	2	825	13	0	841
18941	834	1	10	8	0	853
18942	10	1	6	880	0	897
18943	2	1	912	10	0	925
18944	899	1	9	7	0	916
18945	985	4	6	5	0	1000
18946	18	1012	4	6	0	1040
18947	12	10	3	1041	0	1066
18948	6	6	1068	13	0	1093
18949	1056	3	10	10	0	1079
18950	1085	2	6	7	0	1100
18951	16	9	1090	6	0	1121
18952	1067	1	11	13	0	1092
18953	21	5	11	1061	0	1098
18954	20	1	4	1080	0	1105
18955	1074	1	8	20	0	1103
18956	1082	1	14	7	0	1104
18957	32	0	0	1065	0	1097
18958	8	0	1075	22	0	1105
18959	12	1031	10	15	0	1068
18960	14	7	1056	11	0	1088
18961	8	7	1033	9	0	1057
18962	8	1015	11	13	0	1047
18963	14	9	11	905	0	939
18964	4	8	5	926	0	943
18965	1	2	926	12	0	941
18966	5	7	13	908	0	933
18967	916	6	7	14	0	943
18968	8	0	947	10	0	965
18969	930	6	13	10	0	959
18970	953	2	9	11	0	975
18971	955	2	3	17	0	977
18972	19	1	961	3	0	984
18973	11	1	961	4	0	977
18974	19	1	10	959	0	989
18975	11	4	12	925	0	952
18976	8	958	9	18	0	993
18977	969	9	9	11	0	998
18978	965	3	7	6	0	981
18979	16	974	6	11	0	1007
18980	981	11	8	6	0	1006
18981	19	968	3	5	0	995
18982	985	10	2	11	0	1008
18983	19	11	3	937	0	970
18984	13	10	949	11	0	983
18985	20	4	937	5	0	966
18986	6	10	11	952	0	979
18987	11	2	11	963	0	987
18988	8	6	951	17	0	982
18989	8	4	17	934	0	963
18990	7	1	11	923	0	942
18991	937	3	10	22	0	972
18992	937	1	9	17	0	964
18993	924	1	5	18	0	948
18994	17	2	918	13	0	950
18995	13	920	14	8	0	955
18996	16	7	4	931	0	958
18997	7	3	941	13	0	964
18998	12	939	13	6	0	970
18999	955	12	8	6	0	981
19000	20	8	10	945	0	983
19001	9	6	10	960	0	985
19002	954	7	9	16	0	986
19003	15	8	0	963	0	986
19004	13	0	7	962	0	982
19005	963	7	3	22	0	995
19006	23	2	955	12	0	992
19007	11	940	11	14	0	976
19008	944	13	2	21	0	980
19009	22	2	972	9	0	1005
19010	950	7	14	11	0	982
19011	16	979	7	12	0	1014
19012	968	11	8	9	0	996
19013	964	4	10	8	0	986
19014	937	8	8	8	0	961
19015	26	5	0	925	0	956
19016	16	5	6	927	0	954
19017	18	913	7	10	0	948
19018	13	926	2	10	0	951
19019	10	935	5	11	0	961
19020	942	15	1	10	0	968
19021	19	11	909	6	0	945
19022	9	10	10	898	0	927
19023	8	8	5	903	0	924
19024	6	904	6	10	0	926
19025	7	16	2	905	0	930
19026	5	8	6	881	0	900
19027	9	911	2	15	0	937
19028	899	11	6	13	0	929
19029	8	937	5	13	0	963
19030	6	12	910	14	0	942
19031	889	8	8	9	0	914
19032	9	927	4	9	0	949
19033	884	9	4	14	0	911
19034	14	11	4	886	0	915
19035	10	4	7	885	0	906
19036	10	8	872	11	0	901
19037	6	6	880	7	0	899
19038	10	0	10	897	0	917
19039	889	4	6	18	0	917
19040	876	6	4	10	0	896
19041	14	866	7	8	0	895
19042	10	839	5	8	0	862
19043	7	835	6	6	0	854
19044	22	13	5	790	0	830
19045	791	3	4	7	0	805
19046	804	3	0	3	0	810
19047	790	1	0	5	0	796
19048	6	0	759	4	0	769
19049	4	915	6	0	0	925
19050	3	8	1	1114	0	1126
19051	1162	1	2	19	0	1184
19052	25	3	1	1242	0	1271
19053	6	1	2	1313	0	1322
19054	1309	2	1	31	0	1343
19055	1473	1	0	11	0	1485
19056	38	5	1464	7	0	1514
19057	15	0	36	1473	0	1524
19058	11	3	1472	42	0	1528
19059	11	0	41	1477	0	1529
19060	9	6	1441	48	0	1504
19061	13	4	43	1449	0	1509
19062	1432	1	10	48	0	1491
19063	36	1438	13	10	0	1497
19064	8	1515	2	19	0	1544
19065	18	42	10	1324	0	1394
19066	11	1499	1	40	0	1551
19067	1490	43	10	12	0	1555
19068	1482	9	1	19	0	1511
19069	57	7	1457	2	0	1523
19070	13	1435	42	6	0	1496
19071	12	42	9	1450	0	1513
19072	7	7	1444	47	0	1505
19073	1420	12	38	12	0	1482
19074	50	5	10	1445	0	1510
19075	14	9	1444	43	0	1510
19076	16	0	43	1442	0	1501
19077	1445	12	10	44	0	1511
19078	47	7	1434	14	0	1502
19079	1421	5	47	12	0	1485
19080	1466	6	11	11	0	1494
19081	50	5	10	1429	0	1494
19082	19	1	1409	48	0	1477
19083	12	1	1416	16	0	1445
19084	1385	8	49	9	0	1451
19085	1432	7	11	17	0	1467
19086	54	1	1405	9	0	1469
19087	25	7	46	1380	0	1458
19088	23	5	5	1374	0	1407
19089	13	1365	15	42	0	1435
19090	9	42	10	1379	0	1440
19091	1391	10	7	48	0	1456
19092	52	4	7	1393	0	1456
19093	16	6	1381	44	0	1447
19094	1363	8	43	21	0	1435
19095	48	2	8	1364	0	1422
19096	13	8	1352	43	0	1416
19097	9	1336	49	20	0	1414
19098	1298	42	14	18	0	1372
19099	44	1336	9	25	0	1414
19100	1343	45	16	13	0	1417
19101	60	8	1313	18	0	1399
19102	18	1272	46	20	0	1356
19103	15	1347	18	10	0	1390
19104	12	53	10	1299	0	1374
19105	23	7	8	1343	0	1381
19106	11	16	1301	57	0	1385
19107	17	3	58	1311	0	1389
19108	1287	10	19	58	0	1374
19109	60	6	1278	21	0	1365
19110	18	13	54	1276	0	1361
19111	11	11	1273	57	0	1352
19112	1259	12	49	23	0	1343
19113	47	1288	15	21	0	1371
19114	1273	50	20	20	0	1363
19115	1340	7	9	20	0	1376
19116	1337	8	14	21	0	1380
19117	64	15	1276	9	0	1364
19118	22	1263	50	17	0	1352
19119	29	45	12	1249	0	1335
19120	11	21	21	1339	0	1392
19121	1334	6	14	60	0	1414
19122	72	10	12	1329	0	1423
19123	1362	8	14	66	0	1450
19124	1396	10	17	23	0	1446
19125	1405	8	17	20	0	1450
19126	1411	6	11	20	0	1448
19127	73	16	11	1339	0	1439
19128	1354	5	7	64	0	1430
19129	74	6	1292	24	0	1396
19130	1312	7	57	17	0	1393
19131	1358	7	18	19	0	1402
19132	76	6	1293	22	0	1397
19133	1324	7	57	12	0	1400
19134	1375	5	18	21	0	1419
19135	89	2	16	1303	0	1410
19136	34	6	16	1351	0	1407
19137	1309	17	8	64	0	1398
19138	77	4	12	1305	0	1398
19139	34	4	15	1313	0	1366
19140	33	1263	10	64	0	1370
19141	24	47	9	1279	0	1359
19142	1269	8	10	68	0	1355
19143	56	3	9	1265	0	1333
19144	31	7	7	1240	0	1285
19145	18	1167	7	59	0	1251
19146	24	43	6	1147	0	1220
19147	29	14	5	1154	0	1202
19148	1115	5	9	65	0	1194
19149	70	7	10	912	0	999
19150	16	2	728	38	0	784
19151	10	656	27	13	0	706
19152	8	590	7	6	0	611
19153	536	26	3	4	0	569
19154	25	534	5	3	0	567
19155	377	12	4	2	0	395
19156	12	382	0	0	0	394
19157	377	7	0	3	0	387
19158	9	4	0	373	0	386
19159	5	1	0	387	0	393
19160	0	380	1	11	0	392
19161	3	8	0	384	0	395
19162	2	3	375	11	0	391
19163	364	0	7	7	0	378
19164	11	393	3	1	0	408
19165	387	9	0	2	0	398
19166	398	3	2	3	0	406
19167	400	1	0	3	0	404
19168	16	4	1	384	0	405
19169	8	0	1	379	0	388
19170	5	387	0	12	0	404
19171	392	10	1	6	0	409
19172	10	392	2	2	0	406
19173	394	9	0	3	0	406
19174	12	4	394	2	0	412
19175	405	0	10	6	0	421
19176	11	4	4	409	0	428
19177	10	0	408	12	0	430
19178	6	0	412	6	0	424
19179	7	1	14	408	0	430
19180	0	2	411	15	0	428
19181	4	0	10	410	0	424
19182	399	2	6	11	0	418
19183	15	0	0	405	0	420
19184	4	3	391	11	0	409
19185	2	372	10	8	0	392
19186	2	403	5	3	0	413
19187	5	13	0	402	0	420
19188	408	6	1	13	0	428
19189	10	0	3	420	0	433
19190	5	1	4	426	0	436
19191	1	3	0	434	0	438
19192	5	1	2	432	0	440
19193	3	2	413	17	0	435
19194	5	1	407	7	0	420
19195	411	2	14	5	0	432
19196	424	2	7	5	0	438
19197	17	2	2	412	0	433
19198	9	4	3	421	0	437
19199	4	2	404	20	0	430
19200	5	402	11	11	0	429
19201	402	12	8	6	0	428
19202	421	6	0	7	0	434
19203	16	2	3	416	0	437
19204	9	3	411	14	0	437
19205	6	3	12	410	0	431
19206	7	409	6	9	0	431
19207	6	9	410	10	0	435
19208	409	6	10	4	0	429
19209	11	4	6	409	0	430
19210	418	3	2	15	0	438
19211	14	2	387	8	0	411
19212	397	4	10	5	0	416
19213	14	1	8	391	0	414
19214	396	3	2	13	0	414
19215	11	0	4	388	0	403
19216	8	370	7	12	0	397
19217	6	382	3	8	0	399
19218	8	17	1	372	0	398
19219	4	6	388	10	0	408
19220	4	368	9	9	0	390
19221	10	12	4	309	0	335
19222	293	4	5	12	0	314
19223	291	0	3	7	0	301
19224	11	2	2	289	0	304
19225	4	1	1	284	0	290
19226	3	277	2	10	0	292
19227	3	291	0	6	0	300
19228	284	7	2	6	0	299
19229	6	6	0	284	0	296
19230	5	0	3	287	0	295
19231	3	1	289	10	0	303
19232	2	3	6	281	0	292
19233	1	0	4	284	0	289
19234	4	0	3	280	0	287
19235	4	1	279	8	0	292
19236	3	1	6	286	0	296
19237	274	1	3	10	0	288
19238	6	2	274	6	0	288
19239	289	4	5	5	0	303
19240	8	1	4	278	0	291
19241	6	2	1	285	0	294
19242	5	2	2	304	0	313
19243	5	0	301	11	0	317
19244	289	0	6	11	0	306
19245	9	323	4	4	0	340
19246	330	9	3	6	0	348
19247	10	336	5	2	0	353
19248	6	9	2	340	0	357
19249	344	4	2	11	0	361
19250	11	0	341	7	0	359
19251	330	3	6	3	0	342
19252	9	3	341	5	0	358
19253	7	4	11	339	0	361
19254	3	2	346	12	0	363
19255	4	343	10	6	0	363
19256	3	6	4	317	0	330
19257	312	3	1	10	0	326
19258	10	2	1	312	0	325
19259	4	301	1	9	0	315
19260	3	10	0	311	0	324
19261	312	1	0	11	0	324
19262	309	0	1	3	0	313
19263	9	305	3	3	0	320
19264	4	286	1	2	0	293
19265	2	6	13	273	0	294
19266	3	2	0	277	0	282
19267	267	1	3	9	0	280
19268	264	2	1	2	0	269
19269	8	262	0	3	0	273
19270	3	4	0	256	0	263
19271	3	1	1	265	0	270
19272	3	2	263	6	0	274
19273	1	258	5	5	0	269
19274	3	250	1	1	0	255
19275	3	4	0	244	0	251
19276	2	2	247	5	0	256
19277	1	2	234	0	0	237
19278	1	1	4	234	0	240
19279	1	1	5	240	0	247
19280	1	0	239	8	0	248
19281	2	0	6	238	0	246
19282	1	2	243	7	0	253
19283	241	1	5	5	0	252
19284	6	1	3	244	0	254
19285	3	0	253	8	0	264
19286	0	2	257	2	0	261
19287	2	1	8	283	0	294
19288	1	1	319	10	0	331
19289	1	1	346	2	0	350
19290	1	339	13	2	0	355
19291	352	9	4	6	0	371
19292	13	3	378	3	0	397
19293	4	1	13	380	0	398
19294	1	2	7	386	0	396
19295	5	1	5	395	0	406
19296	1	2	388	16	0	407
19297	2	1	12	381	0	396
19298	381	1	7	16	0	405
19299	12	1	5	393	0	411
19300	7	1	390	11	0	409
19301	3	3	12	392	0	410
19302	390	1	6	18	0	415
19303	395	1	7	8	0	411
19304	398	0	7	6	0	411
19305	15	2	4	392	0	413
19306	398	0	5	15	0	418
19307	400	2	6	8	0	416
19308	409	2	1	5	0	417
19309	15	386	4	4	0	409
19310	394	10	2	7	0	413
19311	14	3	2	398	0	417
19312	6	0	401	19	0	426
19313	4	398	12	6	0	420
19314	409	9	6	7	0	431
19315	15	5	4	414	0	438
19316	8	4	4	413	0	429
19317	3	396	5	15	0	419
19318	6	417	6	10	0	439
19319	403	11	5	7	0	426
19320	16	401	0	9	0	426
19321	410	10	5	1	0	426
19322	13	398	2	9	0	422
19323	394	8	4	7	0	413
19324	14	399	2	5	0	420
19325	10	407	4	5	0	426
19326	407	17	3	7	0	434
19327	14	5	402	1	0	422
19328	8	411	10	7	0	436
19329	5	12	9	408	0	434
19330	8	5	4	425	0	442
19331	6	5	5	408	0	424
19332	8	3	2	414	0	427
19333	4	3	405	18	0	430
19334	391	2	11	13	0	417
19335	12	6	6	410	0	434
19336	410	3	2	18	0	433
19337	433	5	5	5	0	448
19338	438	5	1	8	0	452
19339	414	6	5	7	0	432
19340	21	3	407	7	0	438
19341	16	3	15	408	0	442
19342	4	7	410	18	0	439
19343	9	402	16	5	0	432
19344	8	11	12	357	0	388
19345	6	5	5	392	0	408
19346	3	3	2	406	0	414
19347	5	3	2	403	0	413
19348	3	2	389	24	0	418
19349	5	2	9	392	0	408
19350	4	4	5	404	0	417
19351	396	1	5	16	0	418
19352	404	3	4	11	0	422
19353	23	1	2	407	0	433
19354	10	3	1	423	0	437
19355	12	1	4	417	0	434
19356	425	3	3	20	0	451
19357	433	1	2	12	0	448
19358	409	4	4	11	0	428
19359	417	2	5	9	0	433
19360	17	414	2	7	0	440
19361	421	15	2	6	0	444
19362	430	4	1	9	0	444
19363	24	3	1	404	0	432
19364	10	3	0	420	0	433
19365	408	3	4	18	0	433
19366	20	395	3	8	0	426
19367	7	422	2	10	0	441
19368	435	15	2	7	0	459
19369	21	7	0	434	0	462
19370	9	2	2	457	0	470
19371	2	5	1	463	0	471
19372	8	1	2	460	0	471
19373	5	4	1	450	0	460
19374	3	442	1	22	0	468
19375	8	10	0	441	0	459
19376	435	5	3	16	0	459
19377	14	4	1	439	0	458
19378	5	4	1	445	0	455
19379	434	2	0	20	0	456
19380	12	441	0	11	0	464
19381	7	10	0	442	0	459
19382	6	437	2	10	0	455
19383	6	10	4	441	0	461
19384	2	6	435	15	0	458
19385	386	3	7	10	0	406
19386	15	412	4	4	0	435
19387	385	13	1	4	0	403
19388	9	2	356	3	0	370
19389	2	4	7	324	0	337
19390	3	326	0	7	0	336
19391	2	326	1	2	0	331
19392	302	5	3	1	0	311
19393	8	1	0	315	0	324
19394	1	3	345	5	0	354
19395	2	1	6	351	0	360
19396	2	1	346	8	0	357
19397	326	0	8	3	0	337
19398	6	1	347	2	0	356
19399	1	0	6	344	0	351
19400	2	346	1	6	0	355
19401	4	7	1	357	0	369
19402	0	356	1	9	0	366
19403	369	7	1	3	0	380
19404	7	2	0	375	0	384
19405	0	2	372	8	0	382
19406	3	1	361	1	0	366
19407	357	0	10	3	0	370
19408	379	0	2	4	0	385
19409	373	2	1	1	0	377
19410	376	0	1	3	0	380
19411	10	375	0	0	0	385
19412	370	6	1	1	0	378
19413	377	0	0	2	0	379
19414	8	2	364	0	0	374
19415	1	3	4	362	0	370
19416	370	1	0	7	0	378
19417	6	1	371	0	0	378
19418	1	0	6	363	0	370
19419	1	0	382	7	0	390
19420	4	0	7	376	0	387
19421	1	398	1	5	0	405
19422	397	6	1	2	0	406
19423	7	0	396	1	0	404
19424	389	1	5	4	0	399
19425	6	3	0	404	0	413
19426	404	1	1	6	0	412
19427	8	0	0	418	0	426
19428	431	0	1	11	0	443
19429	6	0	427	2	0	435
19430	457	0	5	4	0	466
19431	9	0	2	467	0	478
19432	2	0	1	476	0	479
19433	471	0	3	7	0	481
19434	9	0	0	471	0	480
19435	0	3	466	6	0	475
19436	1	0	4	468	0	473
19437	443	2	2	4	0	451
19438	5	441	0	2	0	448
19439	0	448	2	2	0	452
19440	439	3	1	1	0	444
19441	3	454	1	2	0	460
19442	3	2	0	446	0	451
19443	446	0	7	3	0	456
19444	444	0	0	1	0	445
19445	438	0	0	4	0	442
19446	3	0	438	1	0	442
19447	2	4	2	429	0	437
19448	0	440	1	3	0	444
19449	1	1	1	453	0	456
19450	0	1	470	3	0	474
19451	1	448	3	0	0	452
19452	0	2	0	460	0	462
19453	446	0	0	2	0	448
19454	1	456	0	0	0	457
19455	0	3	473	0	0	476
19456	0	1	2	455	0	458
19457	0	1	461	2	0	464
19458	1	0	2	453	0	456
19459	471	0	0	5	0	476
19460	3	0	1	471	0	475
19461	464	0	1	3	0	468
19462	472	0	0	1	0	473
19463	3	488	0	0	0	491
19464	496	1	0	2	0	499
19465	4	487	1	0	0	492
19466	0	3	505	0	0	508
19467	6	0	3	484	0	493
19468	1	0	1	509	0	511
19469	0	0	487	4	0	491
19470	0	488	4	3	0	495
19471	489	3	2	0	0	494
19472	500	1	1	4	0	506
19473	6	0	2	514	0	522
19474	1	0	1	525	0	527
19475	3	0	1	527	0	531
19476	519	1	1	6	0	527
19477	6	2	513	1	0	522
19478	2	1	510	1	0	514
19479	6	1	4	520	0	531
19480	1	0	518	4	0	523
19481	3	1	510	2	0	516
19482	3	0	4	498	0	505
19483	1	2	528	2	0	533
19484	0	536	4	2	0	542
19485	3	2	2	538	0	545
19486	3	2	546	5	0	556
19487	1	0	6	543	0	550
19488	1	513	3	6	0	523
19489	3	3	2	535	0	543
19490	3	2	539	3	0	547
19491	0	0	4	521	0	525
19492	526	1	5	4	0	536
19493	2	3	526	4	0	535
19494	479	1	3	5	0	488
19495	3	511	6	0	0	520
19496	517	4	3	6	0	530
19497	4	4	1	525	0	534
19498	3	529	3	6	0	541
19499	556	4	5	5	0	570
19500	6	2	1	570	0	579
19501	4	0	569	7	0	580
19502	1	567	8	4	0	580
19503	2	6	8	576	0	592
19504	557	4	5	13	0	579
19505	563	0	5	9	0	577
19506	14	4	4	561	0	583
19507	6	2	561	14	0	583
19508	513	1	13	10	0	537
19509	6	6	566	6	0	584
19510	11	1	9	562	0	583
19511	565	2	11	12	0	590
19512	12	557	2	11	0	582
19513	568	15	0	2	0	585
19514	13	5	554	7	0	579
19515	565	1	13	6	0	585
19516	11	4	7	577	0	599
19517	17	0	2	580	0	599
19518	2	1	586	15	0	604
19519	10	1	10	559	0	580
19520	560	9	5	11	0	585
19521	13	2	2	561	0	578
19522	12	564	1	14	0	591
19523	7	14	3	563	0	587
19524	10	567	0	13	0	590
19525	3	6	554	12	0	575
19526	538	7	12	4	0	561
19527	10	5	10	559	0	584
19528	8	0	545	18	0	571
19529	14	529	9	6	0	558
19530	6	12	5	512	0	535
19531	8	7	1	524	0	540
19532	513	2	9	17	0	541
19533	17	5	2	531	0	555
19534	539	0	8	13	0	560
19535	550	1	0	17	0	568
19536	17	536	7	4	0	564
19537	558	15	2	7	0	582
19538	17	7	2	583	0	609
19539	9	0	583	14	0	606
19540	578	5	6	9	0	598
19541	10	0	6	571	0	587
19542	9	2	565	14	0	590
19543	553	1	15	9	0	578
19544	14	2	6	572	0	594
19545	13	584	1	15	0	613
19546	8	9	3	582	0	602
19547	1	598	3	9	0	611
19548	583	8	5	9	0	605
19549	11	9	583	6	0	609
19550	11	557	16	4	0	588
19551	9	7	9	578	0	603
19552	6	6	580	17	0	609
19553	3	3	550	13	0	569
19554	4	565	11	5	0	585
19555	6	8	5	566	0	585
19556	5	11	1	571	0	588
19557	10	2	3	724	0	739
19558	753	4	4	26	0	787
19559	22	5	844	10	0	881
19560	11	865	30	3	0	909
19561	7	31	12	891	0	941
19562	9	12	4	916	0	941
19563	1	6	888	39	0	934
19564	4	6	29	890	0	929
19565	6	4	883	29	0	922
19566	6	0	852	20	0	878
19567	5	1	885	3	0	894
19568	10	3	34	848	0	895
19569	6	4	11	874	0	895
19570	6	7	3	893	0	909
19571	862	4	4	42	0	912
19572	27	865	1	13	0	906
19573	893	25	5	6	0	929
19574	858	12	13	2	0	885
19575	912	6	5	7	0	930
19576	33	901	2	11	0	947
19577	901	26	11	4	0	942
19578	929	9	1	4	0	943
19579	36	3	2	897	0	938
19580	12	5	0	926	0	943
19581	3	1	1	954	0	959
19582	4	2	901	37	0	944
19583	877	1	29	11	0	918
19584	26	3	11	905	0	945
19585	905	3	3	28	0	939
19586	26	897	0	13	0	936
19587	13	24	4	902	0	943
19588	4	10	2	936	0	952
19589	906	1	2	40	0	949
19590	27	2	3	916	0	948
19591	886	1	2	28	0	917
19592	925	1	2	15	0	943
19593	36	894	3	3	0	936
19594	11	928	0	4	0	943
19595	3	37	1	884	0	925
19596	0	906	3	20	0	929
19597	9	27	0	906	0	942
19598	3	10	896	27	0	936
19599	5	2	857	11	0	875
19600	829	3	28	5	0	865
19601	850	0	6	5	0	861
19602	31	846	2	2	0	881
19603	842	21	0	4	0	867
19604	21	879	2	5	0	907
19605	11	21	1	882	0	915
19606	1	8	4	899	0	912
19607	3	2	0	901	0	906
19608	2	1	2	905	0	910
19609	872	1	1	31	0	905
19610	19	874	1	8	0	902
19611	874	21	2	4	0	901
19612	889	6	2	4	0	901
19613	33	1	859	1	0	894
19614	838	1	20	4	0	863
19615	23	867	6	2	0	898
19616	14	21	1	849	0	885
19617	3	9	0	854	0	866
19618	3	830	6	31	0	870
19619	860	22	1	14	0	897
19620	24	8	856	4	0	892
19621	837	4	24	4	0	869
19622	24	2	859	6	0	891
19623	14	2	21	853	0	890
19624	7	2	9	884	0	902
19625	8	2	5	904	0	919
19626	888	7	5	31	0	931
19627	24	5	871	12	0	912
19628	882	5	23	7	0	917
19629	899	4	9	12	0	924
19630	915	1	3	15	0	934
19631	897	5	7	9	0	918
19632	36	1	7	883	0	927
19633	14	1	874	26	0	915
19634	9	1	26	889	0	925
19635	5	2	883	31	0	921
19636	7	1	856	18	0	882
19637	6	863	30	9	0	908
19638	12	24	6	803	0	845
19639	17	9	1	848	0	875
19640	13	2	2	737	0	754
19641	10	5	2	856	0	873
19642	835	6	2	33	0	876
19643	839	2	3	14	0	858
19644	42	3	2	815	0	862
19645	14	2	795	34	0	845
19646	11	1	23	815	0	850
19647	5	3	9	830	0	847
19648	6	1	807	36	0	850
19649	9	4	23	798	0	834
19650	807	1	7	29	0	844
19651	819	2	2	13	0	836
19652	813	5	1	13	0	832
19653	33	1	3	799	0	836
19654	800	4	3	28	0	835
19655	800	3	1	13	0	817
19656	35	1	774	11	0	821
19657	9	3	593	6	0	611
19658	5	0	587	2	0	594
19659	464	0	5	4	0	473
19660	2	463	1	2	0	468
19661	445	2	2	3	0	452
19662	3	478	1	1	0	483
19663	6	2	1	466	0	475
19664	1	1	0	476	0	478
19665	2	0	1	478	0	481
19666	0	0	474	5	0	479
19667	445	0	2	5	0	452
19668	3	0	1	463	0	467
19669	1	0	460	3	0	464
19670	2	0	442	0	0	444
19671	430	0	2	1	0	433
19672	4	452	2	0	0	458
19673	439	1	0	2	0	442
19674	431	1	0	2	0	434
19675	1	430	2	0	0	433
19676	424	1	0	3	0	428
19677	2	0	445	1	0	448
19678	1	0	424	1	0	426
19679	2	0	436	0	0	438
19680	2	1	7	440	0	450
19681	1	0	444	2	0	447
19682	428	0	1	2	0	431
19683	443	0	2	3	0	448
19684	2	0	447	0	0	449
19685	0	1	2	445	0	448
19686	444	0	0	0	0	444
19687	2	464	0	0	0	466
19688	1	465	0	0	0	466
19689	473	0	0	1	0	474
19690	0	0	480	1	0	481
19691	0	5	1	462	0	468
19692	0	0	0	469	0	469
19693	0	0	2	471	0	473
19694	1	466	0	0	0	467
19695	3	2	0	419	0	424
19696	480	0	1	3	0	484
19697	2	0	0	505	0	507
19698	2	514	1	3	0	520
19699	520	0	0	2	0	522
19700	4	2	0	521	0	527
19701	4	0	0	552	0	556
19702	559	0	1	8	0	568
19703	561	0	1	4	0	566
19704	6	0	0	535	0	541
19705	546	0	0	9	0	555
19706	554	0	1	2	0	557
19707	7	567	0	3	0	577
19708	568	5	1	2	0	576
19709	9	560	0	2	0	571
19710	4	6	0	567	0	577
19711	3	2	583	7	0	595
19712	2	3	6	574	0	585
19713	3	1	1	583	0	588
19714	2	0	3	593	0	598
19715	581	1	1	9	0	592
19716	6	574	0	6	0	586
19717	586	7	0	3	0	596
19718	8	592	0	2	0	602
19719	612	7	1	1	0	621
19720	612	0	0	3	0	615
19721	612	3	0	2	0	617
19722	603	2	0	2	0	607
19723	11	1	609	0	0	621
19724	3	2	7	617	0	629
19725	3	0	2	649	0	654
19726	1	2	622	11	0	636
19727	615	1	8	3	0	627
19728	9	1	1	628	0	639
19729	5	1	619	8	0	633
19730	4	2	605	2	0	613
19731	3	1	10	641	0	655
19732	2	1	652	11	0	666
19733	2	1	10	626	0	639
19734	2	0	3	633	0	638
19735	3	0	610	9	0	622
19736	600	1	9	5	0	615
19737	10	0	2	629	0	641
19738	1	1	655	12	0	669
19739	3	0	10	654	0	667
19740	657	1	2	11	0	671
19741	12	1	648	2	0	663
19742	640	1	11	5	0	657
19743	667	0	3	2	0	672
19744	12	0	2	661	0	675
19745	3	1	0	667	0	671
19746	3	0	663	10	0	676
19747	2	0	9	665	0	676
19748	5	0	1	596	0	602
19749	1	0	4	669	0	674
19750	2	0	652	11	0	665
19751	628	0	9	7	0	644
19752	655	0	4	5	0	664
19753	662	0	2	4	0	668
19754	669	0	3	6	0	678
19755	13	0	3	674	0	690
19756	672	1	2	10	0	685
19757	689	0	0	7	0	696
19758	550	2	3	6	0	561
19759	676	1	0	7	0	684
19760	15	681	0	2	0	698
19761	679	10	2	5	0	696
19762	694	1	2	3	0	700
19763	16	703	1	6	0	726
19764	720	13	2	2	0	737
19765	18	7	2	716	0	743
19766	13	1	2	729	0	745
19767	715	3	2	21	0	741
19768	16	699	0	12	0	727
19769	10	718	2	7	0	737
19770	7	15	2	730	0	754
19771	6	7	733	13	0	759
19772	6	2	15	720	0	743
19773	5	1	6	748	0	760
19774	733	1	3	23	0	760
19775	733	1	3	10	0	747
19776	24	1	1	729	0	755
19777	11	2	704	18	0	735
19778	7	0	15	729	0	751
19779	745	0	8	17	0	770
19780	17	1	769	11	0	798
19781	9	788	17	4	0	818
19782	795	16	7	6	0	824
19783	18	9	5	800	0	832
19784	10	2	3	811	0	826
19785	4	2	3	830	0	839
19786	2	1	799	33	0	835
19787	707	3	17	12	0	739
19788	23	6	757	7	0	793
19789	13	763	16	5	0	797
19790	7	14	10	753	0	784
19791	5	6	2	781	0	794
19792	2	2	7	810	0	821
19793	8	1	780	29	0	818
19794	6	2	766	13	0	787
19795	4	5	792	6	0	807
19796	6	788	22	9	0	825
19797	6	18	17	802	0	843
19798	806	6	5	29	0	846
19799	885	3	7	16	0	911
19800	30	3	925	8	0	966
19801	16	945	28	3	0	992
19802	8	20	941	4	0	973
19803	7	1012	21	7	0	1047
19804	1017	21	10	8	0	1056
19805	1013	12	8	8	0	1041
19806	31	1010	7	6	0	1054
19807	1017	25	9	8	0	1059
19808	27	15	8	1004	0	1054
19809	19	7	7	1033	0	1066
19810	1025	9	5	30	0	1069
19811	1017	7	4	14	0	1042
19812	1023	6	4	9	0	1042
19813	39	979	3	9	0	1030
19814	23	1016	6	12	0	1057
19815	1026	29	4	16	0	1075
19816	35	14	1016	12	0	1077
19817	28	8	24	1003	0	1063
19818	996	17	10	25	0	1048
19819	33	974	7	14	0	1028
19820	19	1021	6	5	0	1051
19821	1021	31	7	5	0	1064
19822	36	15	991	7	0	1049
19823	969	13	26	9	0	1017
19824	35	9	959	9	0	1012
19825	25	12	960	5	0	1002
19826	13	10	30	976	0	1029
19827	14	11	1010	19	0	1054
19828	986	4	34	14	0	1038
19829	1029	6	18	5	0	1058
19830	1047	6	11	6	0	1070
19831	1034	7	14	7	0	1062
19832	45	5	10	1002	0	1062
19833	1020	4	13	27	0	1064
19834	34	998	11	16	0	1059
19835	35	20	7	953	0	1015
19836	24	1032	7	17	0	1080
19837	1075	26	4	17	0	1122
19838	1078	12	5	10	0	1105
19839	38	11	5	1050	0	1104
19840	1074	11	5	24	0	1114
19841	1076	11	8	17	0	1112
19842	41	7	10	1054	0	1112
19843	28	8	4	1065	0	1105
19844	25	6	8	1077	0	1116
19845	24	6	1036	36	0	1102
19846	22	6	980	21	0	1029
19847	22	6	1032	11	0	1071
19848	21	3	31	1036	0	1091
19849	13	3	1046	37	0	1099
19850	11	3	31	1044	0	1089
19851	12	9	1131	29	0	1181
19852	16	1	1090	18	0	1125
19853	1063	9	41	14	0	1127
19854	31	1088	19	12	0	1150
19855	1134	18	12	15	0	1179
19856	27	11	19	1110	0	1167
19857	24	3	9	1120	0	1156
19858	17	4	1152	32	0	1205
19859	18	1135	24	20	0	1197
19860	17	31	14	1160	0	1222
19861	13	18	1151	30	0	1212
19862	18	1115	23	21	0	1177
19863	10	15	14	1113	0	1152
19864	1104	9	13	28	0	1154
19865	1095	6	12	19	0	1132
19866	26	9	12	1104	0	1151
19867	1099	11	12	30	0	1152
19868	24	1091	13	16	0	1144
19869	17	23	8	1108	0	1156
19870	21	8	1115	30	0	1174
19871	18	9	23	1115	0	1165
19872	21	4	1114	25	0	1164
19873	1088	10	25	24	0	1147
19874	28	5	11	1119	0	1163
19875	14	1124	16	26	0	1180
19876	8	17	10	1185	0	1220
19877	15	7	1176	27	0	1225
19878	15	6	1141	19	0	1181
19879	15	9	1127	13	0	1164
19880	1071	8	26	12	0	1117
19881	18	1098	11	11	0	1138
19882	18	16	8	1089	0	1131
19883	1084	6	11	23	0	1124
19884	20	1100	9	13	0	1142
19885	1135	19	8	16	0	1178
19886	1146	11	7	9	0	1173
19887	1180	8	7	8	0	1203
19888	1179	7	6	12	0	1204
19889	21	6	1153	9	0	1189
19890	1129	7	14	5	0	1155
19891	22	3	1140	11	0	1176
19892	1059	3	18	4	0	1084
19893	25	3	8	1127	0	1163
19894	18	3	1120	9	0	1150
19895	16	1084	12	7	0	1119
19896	12	60	11	1022	0	1105
19897	17	1043	3	13	0	1076
19898	8	1057	3	7	0	1075
19899	964	9	3	8	0	984
19900	6	3	942	4	0	955
19901	6	903	3	1	0	913
19902	871	2	3	2	0	878
19903	5	861	2	2	0	870
19904	857	1	1	2	0	861
19905	2	2	1	842	0	847
19906	847	1	2	1	0	851
19907	3	0	0	833	0	836
19908	835	0	2	2	0	839
19909	2	1	2	830	0	835
19910	2	869	0	6	0	877
19911	3	2	2	880	0	887
19912	879	5	0	2	0	886
19913	3	878	0	1	0	882
19914	2	2	1	879	0	884
19915	889	2	1	2	0	894
19916	3	1	0	899	0	903
19917	3	1	1	890	0	895
19918	1	1	895	4	0	901
19919	3	0	862	2	0	867
19920	2	1	3	863	0	869
19921	2	0	887	3	0	892
19922	3	0	2	874	0	879
19923	8	1	1	786	0	796
19924	1	2	1	888	0	892
19925	3	1	877	4	0	885
19926	3	1	1	824	0	829
19927	2	3	0	832	0	837
19928	1	842	0	6	0	849
19929	3	2	2	840	0	847
19930	832	1	2	8	0	843
19931	1	1	1	844	0	847
19932	3	0	943	2	0	948
19933	898	1	6	6	0	911
19934	6	968	5	4	0	983
19935	7	5	6	990	0	1008
19936	5	5	967	7	0	984
19937	900	6	4	8	0	918
19938	6	940	5	9	0	960
19939	963	6	6	4	0	979
19940	13	6	2	950	0	971
19941	951	5	3	12	0	971
19942	14	0	947	6	0	967
19943	5	934	5	8	0	952
19944	10	982	4	1	0	997
19945	987	9	5	6	0	1007
19946	996	6	3	4	0	1009
19947	11	6	996	1	0	1014
19948	973	1	6	4	0	984
19949	996	4	4	1	0	1005
19950	996	3	6	4	0	1009
19951	17	921	2	3	0	943
19952	13	929	2	1	0	945
19953	936	11	2	3	0	952
19954	937	7	0	1	0	945
19955	9	947	0	1	0	957
19956	15	4	0	946	0	965
19957	8	7	946	7	0	968
19958	891	5	8	6	0	910
19959	833	2	7	16	0	858
19960	934	1	7	5	0	947
19961	15	925	2	2	0	944
19962	9	6	923	2	0	940
19963	952	5	8	3	0	968
19964	12	5	5	947	0	969
19965	9	3	5	954	0	971
19966	7	3	0	971	0	981
19967	2	2	962	16	0	982
19968	4	1	7	947	0	959
19969	2	1	962	13	0	978
19970	1	927	10	7	0	945
19971	915	5	3	11	0	934
19972	8	921	7	1	0	937
19973	4	928	1	4	0	937
19974	932	8	4	6	0	950
19975	8	932	1	4	0	945
19976	6	10	0	920	0	936
19977	6	904	0	3	0	913
19978	885	11	0	3	0	899
19979	6	891	0	7	0	904
19980	5	11	0	909	0	925
19981	5	4	898	7	0	914
19982	0	6	7	919	0	932
19983	2	919	3	11	0	935
19984	2	8	6	928	0	944
19985	2	9	0	890	0	901
19986	4	5	2	853	0	864
19987	1	0	1	870	0	872
19988	0	3	0	871	0	874
19989	2	1	1	882	0	886
19990	1	0	886	18	0	905
19991	860	0	12	13	0	885
19992	14	1	6	963	0	984
19993	9	4	984	17	0	1014
19994	5	2	984	10	0	1001
19995	3	0	22	1018	0	1043
19996	1018	0	18	19	0	1055
19997	15	5	1020	11	0	1051
19998	992	3	19	12	0	1026
19999	25	1	1035	7	0	1068
20000	12	1	23	1027	0	1063
20001	13	2	13	1059	0	1087
20002	4	4	1052	25	0	1085
20003	996	3	17	25	0	1041
20004	23	2	10	1037	0	1072
20005	13	1	1046	20	0	1080
20006	15	1	1035	13	0	1064
20007	8	1	30	1009	0	1048
20008	9	1033	20	16	0	1078
20009	1058	15	12	16	0	1101
20010	1052	8	9	13	0	1082
20011	27	11	1045	4	0	1087
20012	21	1	18	1042	0	1082
20013	1058	2	13	19	0	1092
20014	20	3	1052	12	0	1087
20015	1016	2	18	22	0	1058
20016	25	1017	11	7	0	1060
20017	17	15	16	1042	0	1090
20018	21	9	4	1070	0	1104
20019	1094	8	7	29	0	1138
20020	24	5	6	1105	0	1140
20021	17	3	10	1111	0	1141
20022	12	4	6	1122	0	1144
20023	1089	6	2	45	0	1142
20024	27	5	1094	21	0	1147
20025	1080	2	18	20	0	1120
20026	1082	2	13	16	0	1113
20027	1112	1	15	13	0	1141
20028	39	1	5	1091	0	1136
20029	21	4	1115	26	0	1166
20030	19	1068	25	16	0	1128
20031	14	1082	16	14	0	1126
20032	3	1050	6	17	0	1076
20033	10	24	1039	11	0	1084
20034	15	10	22	1288	0	1335
20035	1316	3	15	39	0	1373
20036	1452	2	12	29	0	1495
20037	48	1	5	1544	0	1598
20038	30	5	1514	39	0	1588
20039	22	3	1514	20	0	1559
20040	16	7	45	1526	0	1594
20041	15	4	1553	37	0	1609
20042	13	3	46	1570	0	1632
20043	9	4	27	1538	0	1578
20044	9	1539	24	55	0	1627
20045	7	34	13	1582	0	1636
20046	12	18	7	1615	0	1652
20047	1568	19	11	57	0	1655
20048	39	10	7	1598	0	1654
20049	18	6	13	1623	0	1660
20050	1571	3	7	67	0	1648
20051	43	1545	13	46	0	1647
20052	1573	32	12	41	0	1658
20053	55	16	1544	22	0	1637
20054	1565	17	40	25	0	1647
20055	1571	10	27	19	0	1627
20056	58	8	1525	17	0	1608
20057	32	7	1532	28	0	1599
20058	40	7	48	1494	0	1589
20059	1511	9	35	48	0	1603
20060	45	6	1508	40	0	1599
20061	36	4	51	1503	0	1594
20062	32	5	1499	52	0	1588
20063	31	5	51	1491	0	1578
20064	21	2	38	1522	0	1583
20065	1490	3	28	70	0	1591
20066	1461	7	21	48	0	1537
20067	1522	7	19	42	0	1590
20068	68	4	1492	28	0	1592
20069	51	7	1489	20	0	1567
20070	44	5	60	1469	0	1578
20071	23	5	45	1501	0	1574
20072	20	3	38	1527	0	1588
20073	1465	5	24	80	0	1574
20074	46	1451	22	57	0	1576
20075	1443	34	15	48	0	1540
20076	1414	21	21	31	0	1487
20077	66	1378	17	23	0	1484
20078	42	1425	18	27	0	1512
20079	1443	46	15	29	0	1533
20080	54	32	14	1387	0	1487
20081	44	1407	12	52	0	1515
20082	42	39	12	1417	0	1510
20083	42	21	1385	64	0	1512
20084	28	20	46	1410	0	1504
20085	1385	13	37	75	0	1510
20086	47	8	1401	47	0	1503
20087	38	7	1390	42	0	1477
20088	32	40	55	1295	0	1422
20089	27	1292	49	56	0	1424
20090	25	1293	30	47	0	1395
20091	23	1336	23	48	0	1430
20092	1292	51	13	36	0	1392
20093	1271	26	13	38	0	1348
20094	1225	24	15	38	0	1302
20095	64	1230	14	30	0	1338
20096	1246	25	14	41	0	1326
20097	1223	20	11	38	0	1292
20098	68	21	1202	24	0	1315
20099	55	1152	36	26	0	1269
20100	46	28	32	1180	0	1286
20101	1172	24	36	38	0	1270
20102	59	20	1146	35	0	1260
20103	45	11	46	1117	0	1219
20104	38	1138	37	53	0	1266
20105	26	27	36	1150	0	1239
20106	27	24	24	1180	0	1255
20107	1157	24	24	62	0	1267
20108	1166	13	21	57	0	1257
20109	57	10	24	1172	0	1263
20110	51	12	1125	55	0	1243
20111	44	12	1108	46	0	1210
20112	1136	9	45	42	0	1232
20113	59	12	1153	28	0	1252
20114	53	8	48	1024	0	1133
20115	44	1083	34	40	0	1201
20116	1091	23	40	35	0	1189
20117	41	1083	27	37	0	1188
20118	1106	36	21	38	0	1201
20119	55	19	21	1090	0	1185
20120	39	21	19	1117	0	1196
20121	1112	21	14	47	0	1194
20122	1126	18	19	39	0	1202
20123	66	15	10	1106	0	1197
20124	55	21	16	1100	0	1192
20125	44	18	1067	48	0	1177
20126	31	20	1054	41	0	1146
20127	1073	15	42	37	0	1167
20128	38	16	1010	35	0	1099
20129	1046	17	33	32	0	1128
20130	1065	11	32	31	0	1139
20131	51	12	1017	32	0	1112
20132	45	948	33	30	0	1056
20133	49	993	29	20	0	1091
20134	19	13	763	11	0	806
20135	43	87	24	611	0	765
20136	555	11	35	27	0	628
20137	526	4	2	9	0	541
20138	593	3	2	6	0	604
20139	751	3	3	4	0	761
20140	761	1	2	7	0	771
20141	15	776	5	7	0	803
20142	745	10	2	5	0	762
20143	11	747	3	2	0	763
20144	729	8	1	0	0	738
20145	11	7	706	1	0	725
20146	11	1	10	700	0	722
20147	6	1	5	670	0	682
20148	5	686	2	14	0	707
20149	702	12	0	7	0	721
20150	710	7	2	0	0	719
20151	19	4	2	691	0	716
20152	12	1	2	711	0	726
20153	702	2	5	17	0	726
20154	15	2	2	701	0	720
20155	11	3	0	713	0	727
20156	709	4	2	16	0	731
20157	23	0	0	702	0	725
20158	719	1	0	14	0	734
20159	704	0	3	14	0	721
20160	17	2	704	7	0	730
20161	718	1	9	4	0	732
20162	703	1	6	7	0	717
20163	706	3	1	7	0	717
20164	26	1	673	2	0	702
20165	12	2	9	674	0	697
20166	11	1	7	695	0	714
20167	9	1	680	16	0	706
20168	678	2	13	9	0	702
20169	17	1	8	678	0	704
20170	13	1	680	12	0	706
20171	8	1	691	10	0	710
20172	5	1	18	691	0	715
20173	6	0	698	15	0	719
20174	5	0	13	702	0	720
20175	7	0	11	703	0	721
20176	7	2	697	17	0	723
20177	7	1	11	680	0	699
20178	5	678	12	11	0	706
20179	2	699	6	10	0	717
20180	687	12	4	10	0	713
20181	686	4	6	7	0	703
20182	18	685	3	9	0	715
20183	688	11	3	7	0	709
20184	687	5	7	3	0	702
20185	21	3	2	687	0	713
20186	14	6	2	692	0	714
20187	689	6	2	17	0	714
20188	20	671	3	8	0	702
20189	17	687	2	5	0	711
20190	8	23	3	689	0	723
20191	14	6	698	13	0	731
20192	669	5	12	14	0	700
20193	691	5	7	10	0	713
20194	675	4	3	9	0	691
20195	22	688	4	5	0	719
20196	11	14	2	689	0	716
20197	7	11	2	701	0	721
20198	691	1	3	24	0	719
20199	17	686	6	13	0	722
20200	19	10	1	680	0	710
20201	13	6	1	687	0	707
20202	9	6	1	692	0	708
20203	675	8	0	20	0	703
20204	17	671	2	15	0	705
20205	15	12	3	648	0	678
20206	12	678	3	11	0	704
20207	679	14	3	6	0	702
20208	20	7	674	9	0	710
20209	652	3	9	12	0	676
20210	16	3	638	13	0	670
20211	14	11	11	627	0	663
20212	627	7	7	15	0	656
20213	14	3	621	15	0	653
20214	621	4	12	9	0	646
20215	639	1	9	5	0	654
20216	635	1	8	11	0	655
20217	23	1	6	623	0	653
20218	12	1	9	621	0	643
20219	6	2	6	636	0	650
20220	613	2	6	21	0	642
20221	16	621	5	13	0	655
20222	622	8	4	6	0	640
20223	635	8	5	7	0	655
20224	19	2	617	11	0	649
20225	620	2	9	13	0	644
20226	645	7	6	12	0	670
20227	26	3	3	639	0	671
20228	17	5	4	640	0	666
20229	11	7	4	647	0	669
20230	639	4	3	16	0	662
20231	635	3	3	10	0	651
20232	617	1	6	7	0	631
20233	23	583	2	9	0	617
20234	10	519	2	10	0	541
20235	5	529	3	11	0	548
20236	524	13	1	8	0	546
20237	14	7	506	9	0	536
20238	12	8	439	5	0	464
20239	281	2	4	2	0	289
20240	6	0	294	1	0	301
20241	1	0	0	247	0	248
20242	0	235	0	0	0	235
20243	253	0	0	1	0	254
20244	250	0	0	1	0	251
20245	254	0	0	1	0	255
20246	0	0	1	282	0	283
20247	2	0	289	0	0	291
20248	0	0	283	0	0	283
20249	279	0	0	1	0	280
20250	291	0	0	1	0	292
20251	285	0	2	0	0	287
20252	2	0	0	287	0	289
20253	2	0	0	289	0	291
20254	1	0	287	1	0	289
20255	266	0	0	1	0	267
20256	0	0	0	289	0	289
20257	1	0	0	282	0	283
20258	1	0	0	277	0	278
20259	1	276	0	0	0	277
20260	1	0	0	268	0	269
20261	1	1	0	274	0	276
20262	270	1	0	0	0	271
20263	2	0	270	0	0	272
20264	256	0	1	0	0	257
20265	266	0	1	2	0	269
20266	1	0	0	264	0	265
20267	0	0	1	262	0	263
20268	263	0	0	1	0	264
20269	1	1	257	0	0	259
20270	1	249	0	0	0	250
20271	1	0	0	248	0	249
20272	248	0	0	0	0	248
20273	0	0	0	246	0	246
20274	0	0	243	0	0	243
20275	0	0	234	1	0	235
20276	230	0	0	0	0	230
20277	2	0	0	235	0	237
20278	1	0	232	0	0	233
20279	230	0	0	1	0	231
20280	248	0	0	1	0	249
20281	0	0	1	247	0	248
20282	1	0	0	246	0	247
20283	0	241	0	1	0	242
20284	248	0	0	1	0	249
20285	0	0	0	251	0	251
20286	1	1	0	247	0	249
20287	0	0	251	0	0	251
20288	227	0	0	0	0	227
20289	238	0	0	0	0	238
20290	0	243	0	0	0	243
20291	0	0	230	0	0	230
20292	0	0	230	0	0	230
20293	0	2	0	226	0	228
20294	239	0	0	0	0	239
20295	1	0	0	233	0	234
20296	242	0	0	0	0	242
20297	239	0	0	0	0	239
20298	235	0	1	0	0	236
20299	0	0	0	245	0	245
20300	0	0	0	247	0	247
20301	254	0	0	1	0	255
20302	0	0	258	0	0	258
20303	233	0	0	0	0	233
20304	246	0	0	0	0	246
20305	0	0	250	0	0	250
20306	0	0	234	0	0	234
20307	0	241	0	0	0	241
20308	0	0	0	247	0	247
20309	241	0	0	1	0	242
20310	0	0	0	247	0	247
20311	0	0	258	0	0	258
20312	0	254	0	0	0	254
20313	0	258	0	0	0	258
20314	0	0	0	271	0	271
20315	0	0	0	259	0	259
20316	0	258	0	0	0	258
20317	1	0	258	0	0	259
20318	241	0	0	1	0	242
20319	259	0	0	2	0	261
20320	0	261	0	0	0	261
20321	250	0	0	2	0	252
20322	1	0	0	248	0	249
20323	240	0	0	1	0	241
20324	0	0	0	240	0	240
20325	1	262	0	0	0	263
20326	0	0	256	1	0	257
20327	1	1	0	277	0	279
20328	0	1	1	260	0	262
20329	0	0	1	291	0	292
20330	298	0	0	4	0	302
20331	2	0	0	306	0	308
20332	1	0	337	3	0	341
20333	0	0	348	1	0	349
20334	357	0	4	3	0	364
20335	3	0	372	0	0	375
20336	371	0	4	1	0	376
20337	7	0	1	413	0	421
20338	2	0	1	418	0	421
20339	2	0	0	441	0	443
20340	0	0	0	429	0	429
20341	427	0	0	6	0	433
20342	5	0	429	4	0	438
20343	2	0	4	423	0	429
20344	1	442	1	4	0	448
20345	446	5	1	1	0	453
20346	6	2	0	412	0	420
20347	411	1	0	5	0	417
20348	6	0	405	1	0	412
20349	3	1	5	389	0	398
20350	1	408	3	6	0	418
20351	419	4	2	5	0	430
20352	7	1	421	4	0	433
20353	3	1	3	413	0	420
20354	3	1	2	426	0	432
20355	427	1	1	8	0	437
20356	7	1	418	4	0	430
20357	2	2	433	1	0	438
20358	4	1	6	432	0	443
20359	1	0	441	8	0	450
20360	3	0	438	1	0	442
20361	1	0	5	433	0	439
20362	1	1	2	434	0	438
20363	2	1	1	455	0	459
20364	450	0	2	11	0	463
20365	6	450	2	4	0	462
20366	461	5	2	4	0	472
20367	8	2	0	464	0	474
20368	4	462	1	7	0	474
20369	6	5	2	473	0	486
20370	504	4	1	9	0	518
20371	9	512	1	6	0	528
20372	4	6	3	529	0	542
20373	1	4	529	7	0	541
20374	522	2	6	9	0	539
20375	9	2	3	536	0	550
20376	10	1	2	538	0	551
20377	1	1	526	11	0	539
20378	4	1	514	5	0	524
20379	509	0	10	3	0	522
20380	7	520	4	3	0	534
20381	6	5	3	526	0	540
20382	529	3	2	9	0	543
20383	9	2	543	4	0	558
20384	5	538	9	2	0	554
20385	1	6	6	534	0	547
20386	552	3	1	10	0	566
20387	531	1	1	9	0	542
20388	557	0	0	6	0	563
20389	9	540	1	3	0	553
20390	3	7	540	3	0	553
20391	8	3	7	540	0	558
20392	8	3	6	453	0	470
20393	3	3	1	557	0	564
20394	3	3	0	556	0	562
20395	549	1	4	9	0	563
20396	530	3	1	9	0	543
20397	11	1	530	6	0	548
20398	6	0	527	5	0	538
20399	517	0	12	3	0	532
20400	530	2	5	4	0	541
20401	16	1	2	513	0	532
20402	4	533	6	6	0	549
20403	533	6	1	9	0	549
20404	10	522	1	7	0	540
20405	6	524	1	4	0	535
20406	4	10	2	541	0	557
20407	2	4	2	554	0	562
20408	6	2	1	549	0	558
20409	6	2	3	546	0	557
20410	4	1	541	11	0	557
20411	527	3	4	6	0	540
20412	532	0	6	5	0	543
20413	12	1	0	521	0	534
20414	6	1	1	515	0	523
20415	512	4	1	12	0	529
20416	12	0	482	9	0	503
20417	523	1	3	4	0	531
20418	530	3	3	4	0	540
20419	11	0	523	6	0	540
20420	528	1	6	6	0	541
20421	11	2	5	529	0	547
20422	5	0	3	546	0	554
20423	4	0	3	529	0	536
20424	8	2	1	524	0	535
20425	502	0	0	14	0	516
20426	7	1	0	500	0	508
20427	4	2	3	475	0	484
20428	1	447	5	8	0	461
20429	4	461	2	5	0	472
20430	3	10	0	452	0	465
20431	438	1	1	11	0	451
20432	6	0	3	404	0	413
20433	6	1	373	4	0	384
20434	2	3	355	4	0	364
20435	348	0	4	8	0	360
20436	5	360	2	4	0	371
20437	332	3	1	1	0	337
20438	5	2	326	0	0	333
20439	5	3	1	305	0	314
20440	307	0	3	2	0	312
20441	2	309	2	3	0	316
20442	313	1	0	3	0	317
20443	1	2	323	4	0	330
20444	2	0	2	312	0	316
20445	1	1	2	316	0	320
20446	328	0	0	6	0	334
20447	330	1	1	3	0	335
20448	339	0	1	3	0	343
20449	339	0	0	2	0	341
20450	334	2	0	1	0	337
20451	3	332	0	1	0	336
20452	2	2	0	335	0	339
20453	339	2	0	3	0	344
20454	2	1	0	343	0	346
20455	3	0	2	338	0	343
20456	2	1	2	337	0	342
20457	2	322	0	4	0	328
20458	321	3	0	4	0	328
20459	3	2	0	323	0	328
20460	318	0	2	3	0	323
20461	308	0	0	5	0	313
20462	6	307	0	0	0	313
20463	307	3	0	3	0	313
20464	3	1	299	1	0	304
20465	295	0	4	0	0	299
20466	2	0	1	302	0	305
20467	2	0	305	3	0	310
20468	3	302	1	1	0	307
20469	2	2	301	0	0	305
20470	2	267	0	0	0	269
20471	262	0	0	2	0	264
20472	255	0	1	1	0	257
20473	243	0	0	2	0	245
20474	0	249	0	1	0	250
20475	248	0	0	0	0	248
20476	0	0	248	0	0	248
20477	0	0	255	0	0	255
20478	0	0	0	250	0	250
20479	1	0	0	261	0	262
20480	0	269	0	0	0	269
20481	272	0	0	1	0	273
20482	0	0	0	273	0	273
20483	0	266	0	0	0	266
20484	0	0	0	269	0	269
20485	269	0	0	0	0	269
20486	260	0	0	1	0	261
20487	0	0	257	0	0	257
20488	0	0	0	263	0	263
20489	0	0	261	0	0	261
20490	0	0	0	275	0	275
20491	0	0	272	0	0	272
20492	0	0	0	264	0	264
20493	0	0	274	0	0	274
20494	0	0	0	266	0	266
20495	0	0	271	0	0	271
20496	2	0	0	273	0	275
20497	0	0	0	284	0	284
20498	0	291	1	0	0	292
20499	0	0	0	291	0	291
20500	0	0	288	0	0	288
20501	1	0	0	286	0	287
20502	3	0	0	280	0	283
20503	279	0	0	1	0	280
20504	0	0	0	282	0	282
20505	1	0	0	274	0	275
20506	0	0	270	0	0	270
20507	258	0	0	0	0	258
20508	0	0	0	268	0	268
20509	0	0	0	269	0	269
20510	0	0	0	271	0	271
20511	271	0	0	0	0	271
20512	0	0	0	273	0	273
20513	1	0	0	274	0	275
20514	271	0	0	1	0	272
20515	0	274	0	0	0	274
20516	0	0	0	261	0	261
20517	0	0	0	265	0	265
20518	0	0	259	0	0	259
20519	241	0	0	0	0	241
20520	2	0	0	261	0	263
20521	0	0	258	0	0	258
20522	257	0	0	0	0	257
20523	0	0	0	271	0	271
20524	1	1	0	269	0	271
20525	0	0	0	274	0	274
20526	1	0	1	289	0	291
20527	0	2	290	3	0	295
20528	0	0	2	291	0	293
20529	4	0	0	390	0	394
20530	0	0	504	7	0	511
20531	545	0	10	3	0	558
20532	567	0	6	2	0	575
20533	584	0	3	3	0	590
20534	18	0	5	571	0	594
20535	579	0	3	12	0	594
20536	595	0	0	5	0	600
20537	24	0	0	578	0	602
20538	575	0	0	18	0	593
20539	588	0	0	9	0	597
20540	579	0	1	8	0	588
20541	587	1	3	6	0	597
20542	27	0	0	562	0	589
20543	18	545	0	13	0	576
20544	14	535	3	5	0	557
20545	10	556	2	3	0	571
20546	529	17	0	5	0	551
20547	549	13	1	3	0	566
20548	19	9	528	4	0	560
20549	544	7	11	3	0	565
20550	24	3	5	544	0	576
20551	18	2	3	551	0	574
20552	11	0	4	564	0	579
20553	546	0	5	20	0	571
20554	17	1	3	547	0	568
20555	11	529	2	23	0	565
20556	11	12	0	550	0	573
20557	12	5	549	19	0	585
20558	8	6	11	562	0	587
20559	557	8	7	19	0	591
20560	18	6	556	13	0	593
20561	11	2	15	557	0	585
20562	9	0	9	570	0	588
20563	10	0	4	571	0	585
20564	13	563	5	20	0	601
20565	6	11	3	584	0	604
20566	568	6	2	26	0	602
20567	571	5	0	15	0	591
20568	18	8	560	9	0	595
20569	7	9	561	12	0	589
20570	14	5	14	567	0	600
20571	12	1	12	580	0	605
20572	7	0	578	20	0	605
20573	5	1	18	551	0	575
20574	3	552	11	22	0	588
20575	574	13	8	17	0	612
20576	571	5	5	17	0	598
20577	563	4	3	10	0	580
20578	22	6	555	8	0	591
20579	17	6	12	565	0	600
20580	14	2	561	17	0	594
20581	550	4	16	11	0	581
20582	20	550	12	11	0	593
20583	11	10	14	550	0	585
20584	545	5	7	24	0	581
20585	25	6	5	551	0	587
20586	15	7	4	564	0	590
20587	8	4	540	33	0	585
20588	522	4	12	19	0	557
20589	19	542	6	13	0	580
20590	15	14	5	549	0	583
20591	553	5	7	19	0	584
20592	28	4	7	544	0	583
20593	545	6	6	18	0	575
20594	22	542	3	19	0	586
20595	553	14	3	15	0	585
20596	24	8	543	11	0	586
20597	542	7	12	16	0	577
20598	550	8	10	5	0	573
20599	564	3	6	4	0	577
20600	31	4	5	531	0	571
20601	25	2	5	523	0	555
20602	22	2	6	537	0	567
20603	16	524	1	30	0	571
20604	535	12	4	20	0	571
20605	22	9	3	536	0	570
20606	15	7	1	544	0	567
20607	11	6	4	552	0	573
20608	527	6	1	30	0	564
20609	24	4	0	540	0	568
20610	15	0	515	31	0	561
20611	9	519	15	26	0	569
20612	12	16	6	531	0	565
20613	10	11	6	548	0	575
20614	6	13	7	547	0	573
20615	8	7	522	31	0	568
20616	8	3	528	24	0	563
20617	8	3	19	543	0	573
20618	5	2	553	29	0	589
20619	11	2	21	562	0	596
20620	564	1	15	32	0	612
20621	580	3	11	18	0	612
20622	585	2	9	14	0	610
20623	28	1	559	12	0	600
20624	568	4	15	14	0	601
20625	28	2	9	565	0	604
20626	19	3	546	15	0	583
20627	13	3	551	13	0	580
20628	12	530	21	11	0	574
20629	7	460	10	8	0	485
20630	333	12	7	3	0	355
20631	4	1	0	304	0	309
20632	2	1	299	3	0	305
20633	2	0	2	287	0	291
20634	285	0	0	5	0	290
20635	2	1	312	2	0	317
20636	314	0	4	3	0	321
20637	335	2	0	2	0	339
20638	329	0	1	4	0	334
20639	4	327	0	3	0	334
20640	342	3	0	2	0	347
20641	4	0	1	349	0	354
20642	1	1	2	339	0	343
20643	2	0	0	351	0	353
20644	0	0	2	353	0	355
20645	342	0	0	7	0	349
20646	4	340	0	3	0	347
20647	0	323	0	3	0	326
20648	2	337	0	1	0	340
20649	337	3	1	2	0	343
20650	337	1	1	2	0	341
20651	340	1	0	2	0	343
20652	341	0	1	0	0	342
20653	3	0	0	344	0	347
20654	4	0	0	343	0	347
20655	343	1	0	2	0	346
20656	4	336	1	1	0	342
20657	329	2	1	4	0	336
20658	340	0	1	2	0	343
20659	2	2	1	343	0	348
20660	2	346	3	3	0	354
20661	0	3	2	352	0	357
20662	355	2	0	4	0	361
20663	5	2	361	0	0	368
20664	3	0	2	349	0	354
20665	1	361	1	2	0	365
20666	359	2	2	1	0	364
20667	356	0	0	2	0	358
20668	2	1	354	0	0	357
20669	2	347	3	1	0	353
20670	4	1	355	1	0	361
20671	2	0	2	332	0	336
20672	1	1	333	1	0	336
20673	2	1	331	0	0	334
20674	1	334	2	1	0	338
20675	325	1	0	3	0	329
20676	324	0	0	3	0	327
20677	3	339	0	2	0	344
20678	1	338	0	1	0	340
20679	3	3	317	0	0	323
20680	0	2	321	1	0	324
20681	0	2	319	1	0	322
20682	2	0	2	325	0	329
20683	1	0	327	2	0	330
20684	1	0	2	320	0	323
20685	2	1	0	313	0	316
20686	0	1	329	2	0	332
20687	0	332	1	3	0	336
20688	1	1	0	331	0	333
20689	333	1	1	3	0	338
20690	4	1	0	329	0	334
20691	2	0	338	2	0	342
20692	1	333	1	2	0	337
20693	0	350	1	3	0	354
20694	2	2	1	341	0	346
20695	332	2	0	3	0	337
20696	335	1	1	2	0	339
20697	4	0	0	330	0	334
20698	1	341	0	4	0	346
20699	2	4	0	340	0	346
20700	3	0	1	342	0	346
20701	2	1	1	341	0	345
20702	360	1	1	8	0	370
20703	5	371	1	2	0	379
20704	370	6	0	8	0	384
20705	392	0	1	2	0	395
20706	396	1	1	2	0	400
20707	408	1	1	2	0	412
20708	10	1	0	397	0	408
20709	4	0	408	7	0	419
20710	2	410	8	2	0	422
20711	402	11	1	2	0	416
20712	414	2	3	1	0	420
20713	421	3	1	0	0	425
20714	13	0	407	0	0	420
20715	398	1	9	3	0	411
20716	408	1	1	2	0	412
20717	11	2	1	403	0	417
20718	4	0	379	12	0	395
20719	4	377	10	1	0	392
20720	3	10	1	369	0	383
20721	359	4	2	12	0	377
20722	13	2	1	360	0	376
20723	2	0	1	373	0	376
20724	389	1	0	14	0	404
20725	11	0	390	3	0	404
20726	393	2	10	3	0	408
20727	395	1	1	1	0	398
20728	384	0	4	4	0	392
20729	387	1	0	5	0	393
20730	14	1	374	0	0	389
20731	5	2	10	371	0	388
20732	3	1	381	11	0	396
20733	4	2	13	375	0	394
20734	1	2	377	13	0	393
20735	334	3	10	2	0	349
20736	10	333	1	4	0	348
20737	2	343	5	1	0	351
20738	4	10	4	351	0	369
20739	4	1	1	377	0	383
20740	6	371	1	11	0	389
20741	379	10	2	5	0	396
20742	394	1	2	4	0	401
20743	422	3	0	3	0	428
20744	465	0	2	4	0	471
20745	22	0	0	469	0	491
20746	4	1	4	485	0	494
20747	486	0	0	19	0	505
20748	20	1	2	480	0	503
20749	4	3	468	18	0	493
20750	4	2	481	2	0	489
20751	4	1	17	478	0	500
20752	1	2	473	15	0	491
20753	463	3	16	5	0	487
20754	18	1	3	469	0	491
20755	472	0	2	20	0	494
20756	20	2	478	2	0	502
20757	7	0	16	472	0	495
20758	8	0	470	14	0	492
20759	7	467	18	3	0	495
20760	454	16	2	7	0	479
20761	470	2	3	4	0	479
20762	17	452	2	5	0	476
20763	451	15	2	3	0	471
20764	21	4	1	443	0	469
20765	5	2	3	459	0	469
20766	442	0	4	20	0	466
20767	20	433	0	7	0	460
20768	3	463	6	4	0	476
20769	9	16	1	449	0	475
20770	443	4	3	22	0	472
20771	461	3	0	8	0	472
20772	464	0	6	4	0	474
20773	19	3	444	4	0	470
20774	7	1	450	2	0	460
20775	7	451	18	1	0	477
20776	455	17	3	3	0	478
20777	23	2	2	440	0	467
20778	442	4	1	21	0	468
20779	458	1	3	6	0	468
20780	20	4	2	439	0	465
20781	6	2	434	22	0	464
20782	439	2	17	4	0	462
20783	20	2	3	437	0	462
20784	8	6	437	14	0	465
20785	437	1	15	8	0	461
20786	447	1	4	4	0	456
20787	23	1	3	425	0	452
20788	7	1	422	19	0	449
20789	6	3	17	405	0	431
20790	7	427	6	17	0	457
20791	5	21	415	7	0	448
20792	9	425	17	4	0	455
20793	415	13	6	9	0	443
20794	430	3	1	6	0	440
20795	437	1	6	2	0	446
20796	432	0	3	7	0	442
20797	23	0	6	418	0	447
20798	416	0	4	16	0	436
20799	18	1	3	419	0	441
20800	405	0	8	16	0	429
20801	20	403	1	8	0	432
20802	6	17	2	371	0	396
20803	6	372	2	17	0	397
20804	367	14	5	7	0	393
20805	362	4	2	8	0	376
20806	16	353	2	2	0	373
20807	6	11	4	342	0	363
20808	6	5	337	12	0	360
20809	7	3	10	330	0	350
20810	7	3	326	7	0	343
20811	6	0	8	307	0	321
20812	6	326	3	8	0	343
20813	327	7	2	5	0	341
20814	331	3	1	2	0	337
20815	11	2	3	324	0	340
20816	346	0	2	9	0	357
20817	11	5	1	343	0	360
20818	7	2	1	353	0	363
20819	6	2	0	355	0	363
20820	348	1	0	15	0	364
20821	358	0	1	2	0	361
20822	357	4	2	2	0	365
20823	11	345	2	6	0	364
20824	325	6	6	1	0	338
20825	10	322	0	3	0	335
20826	322	9	2	3	0	336
20827	13	2	1	317	0	333
20828	7	2	2	327	0	338
20829	317	0	0	12	0	329
20830	326	2	2	5	0	335
20831	10	314	5	5	0	334
20832	314	9	0	1	0	324
20833	12	3	1	311	0	327
20834	6	2	2	328	0	338
20835	321	1	1	12	0	335
20836	17	0	313	2	0	332
20837	9	303	6	3	0	321
20838	5	7	2	284	0	298
20839	2	3	268	4	0	277
20840	4	5	4	253	0	266
20841	253	1	2	4	0	260
20842	5	245	0	5	0	255
20843	3	216	1	1	0	221
20844	1	183	0	2	0	186
20845	2	4	0	167	0	173
20846	164	0	4	2	0	170
20847	0	1	0	159	0	160
20848	160	0	0	1	0	161
20849	158	0	0	2	0	160
20850	0	0	1	168	0	169
20851	166	1	0	1	0	168
20852	0	0	1	173	0	174
20853	0	1	175	0	0	176
20854	172	0	0	3	0	175
20855	1	0	193	0	0	194
20856	175	0	0	1	0	176
20857	1	0	186	1	0	188
20858	0	1	0	175	0	176
20859	0	1	0	179	0	180
20860	182	1	0	0	0	183
20861	0	0	0	186	0	186
20862	187	0	0	1	0	188
20863	0	186	0	1	0	187
20864	194	0	0	0	0	194
20865	1	0	0	194	0	195
20866	0	0	0	201	0	201
20867	1	0	0	193	0	194
20868	0	0	0	186	0	186
20869	0	0	186	0	0	186
20870	1	0	178	0	0	179
20871	0	0	1	191	0	192
20872	1	0	191	0	0	192
20873	0	188	1	0	0	189
20874	0	0	0	185	0	185
20875	0	0	181	1	0	182
20876	1	1	179	0	0	181
20877	0	0	0	195	0	195
20878	1	0	0	201	0	202
20879	0	203	0	0	0	203
20880	2	0	0	201	0	203
20881	0	0	210	1	0	211
20882	205	0	0	1	0	206
20883	1	0	0	224	0	225
20884	231	0	0	4	0	235
20885	238	0	1	0	0	239
20886	243	0	1	2	0	246
20887	0	0	245	1	0	246
20888	0	0	243	0	0	243
20889	232	1	0	1	0	234
20890	0	0	251	1	0	252
20891	0	0	1	241	0	242
20892	1	0	0	248	0	249
20893	0	0	253	1	0	254
20894	0	254	0	0	0	254
20895	246	1	0	0	0	247
20896	0	239	0	1	0	240
20897	0	249	1	0	0	250
20898	248	0	0	1	0	249
20899	0	0	246	1	0	247
20900	2	0	250	0	0	252
20901	1	0	0	247	0	248
20902	257	0	0	0	0	257
20903	0	262	1	0	0	263
20904	263	0	1	0	0	264
20905	1	0	265	0	0	266
20906	0	282	1	0	0	283
20907	0	0	0	290	0	290
20908	0	0	291	1	0	292
20909	1	0	1	294	0	296
20910	1	0	0	245	0	246
20911	2	0	0	301	0	303
20912	0	1	0	298	0	299
20913	297	1	0	1	0	299
20914	290	0	0	1	0	291
20915	0	0	297	0	0	297
20916	275	0	1	0	0	276
20917	0	283	0	1	0	284
20918	283	0	0	0	0	283
20919	0	0	280	0	0	280
20920	1	0	0	276	0	277
20921	1	0	277	0	0	278
20922	0	0	276	0	0	276
20923	0	0	0	273	0	273
20924	0	0	0	278	0	278
20925	0	0	274	0	0	274
20926	0	262	0	0	0	262
20927	0	266	0	0	0	266
20928	0	0	0	276	0	276
20929	275	0	0	0	0	275
20930	0	292	0	1	0	293
20931	0	1	291	1	0	293
20932	1	1	285	0	0	287
20933	0	0	291	1	0	292
20934	1	2	1	276	0	280
20935	286	0	0	0	0	286
20936	0	284	0	1	0	285
20937	1	1	280	0	0	282
20938	1	275	0	0	0	276
20939	1	1	0	281	0	283
20940	0	0	283	0	0	283
20941	0	282	1	0	0	283
20942	1	0	0	281	0	282
20943	0	0	1	286	0	287
20944	0	0	277	1	0	278
20945	1	0	0	266	0	267
20946	0	273	1	0	0	274
20947	0	1	277	0	0	278
20948	270	0	0	0	0	270
20949	1	0	0	273	0	274
20950	1	1	0	265	0	267
20951	1	267	0	0	0	268
20952	261	0	1	1	0	263
20953	0	0	257	0	0	257
20954	237	0	0	1	0	238
20955	1	0	0	237	0	238
20956	0	251	0	0	0	251
20957	1	0	0	251	0	252
20958	0	0	1	261	0	262
20959	254	1	0	1	0	256
20960	260	0	0	1	0	261
20961	0	0	1	265	0	266
20962	0	0	267	1	0	268
20963	254	0	0	1	0	255
20964	0	281	0	1	0	282
20965	0	0	0	278	0	278
20966	1	0	0	283	0	284
20967	1	0	0	284	0	285
20968	0	0	296	0	0	296
20969	1	0	0	285	0	286
20970	0	295	0	0	0	295
20971	1	0	0	283	0	284
20972	0	289	1	0	0	290
20973	2	0	0	291	0	293
20974	0	0	285	0	0	285
20975	262	0	1	2	0	265
20976	0	0	0	285	0	285
20977	0	0	277	0	0	277
20978	0	270	0	0	0	270
20979	272	0	0	1	0	273
20980	0	0	276	0	0	276
20981	265	4	0	0	0	269
20982	0	3	0	283	0	286
20983	0	0	0	273	0	273
20984	0	273	0	0	0	273
20985	270	0	0	0	0	270
20986	253	0	0	2	0	255
20987	0	270	0	0	0	270
20988	1	0	0	272	0	273
20989	0	0	0	269	0	269
20990	0	0	0	265	0	265
20991	0	0	260	0	0	260
20992	248	0	0	1	0	249
20993	1	0	0	257	0	258
20994	0	0	0	259	0	259
20995	0	0	257	0	0	257
20996	0	0	248	0	0	248
20997	1	0	0	254	0	255
20998	0	0	253	0	0	253
20999	250	0	0	1	0	251
21000	0	0	1	256	0	257
21001	0	1	0	258	0	259
21002	1	0	281	0	0	282
21003	0	1	1	270	0	272
21004	3	0	266	0	0	269
21005	0	263	0	1	0	264
21006	248	0	0	3	0	251
21007	252	1	1	0	0	254
21008	1	252	1	0	0	254
21009	1	0	0	251	0	252
21010	0	1	251	0	0	252
21011	0	0	0	244	0	244
21012	245	0	0	1	0	246
21013	0	253	0	2	0	255
21014	257	0	1	0	0	258
21015	1	0	0	255	0	256
21016	258	0	0	1	0	259
21017	0	256	0	1	0	257
21018	261	0	1	0	0	262
21019	0	0	262	0	0	262
21020	0	272	0	1	0	273
21021	0	0	1	275	0	276
21022	293	0	0	0	0	293
21023	298	0	0	1	0	299
21024	0	0	0	305	0	305
21025	306	0	0	0	0	306
21026	297	0	0	3	0	300
21027	312	0	1	0	0	313
21028	1	1	0	316	0	318
21029	1	0	322	0	0	323
21030	1	0	293	0	0	294
21031	0	0	298	0	0	298
21032	307	0	0	1	0	308
21033	1	0	1	312	0	314
21034	0	324	0	1	0	325
21035	1	0	0	320	0	321
21036	0	330	0	0	0	330
21037	331	0	0	2	0	333
21038	1	0	0	337	0	338
21039	1	0	0	349	0	350
21040	349	1	0	1	0	351
21041	3	0	0	346	0	349
21042	0	0	1	349	0	350
21043	352	1	0	2	0	355
21044	2	0	366	0	0	368
21045	2	0	2	366	0	370
21046	1	0	365	2	0	368
21047	357	0	4	3	0	364
21048	4	0	1	375	0	380
21049	375	0	1	3	0	379
21050	6	1	0	385	0	392
21051	2	2	390	5	0	399
21052	3	0	3	398	0	404
21053	407	2	1	5	0	415
21054	4	417	3	1	0	425
21055	2	3	412	3	0	420
21056	391	0	3	3	0	397
21057	5	405	1	1	0	412
21058	1	398	1	5	0	405
21059	2	407	2	1	0	412
21060	4	3	0	462	0	469
21061	462	2	2	11	0	477
21062	486	1	1	2	0	490
21063	9	0	485	4	0	498
21064	472	0	8	4	0	484
21065	12	470	0	4	0	486
21066	5	6	3	484	0	498
21067	502	2	7	14	0	525
21068	512	1	2	3	0	518
21069	505	4	5	2	0	516
21070	509	1	4	4	0	518
21071	514	3	2	2	0	521
21072	15	4	1	499	0	519
21073	10	1	498	14	0	523
21074	13	3	9	493	0	518
21075	12	2	2	511	0	527
21076	501	4	3	12	0	520
21077	16	490	3	4	0	513
21078	508	7	2	9	0	526
21079	516	2	3	9	0	530
21080	528	3	4	5	0	540
21081	525	3	0	9	0	537
21082	22	2	487	5	0	516
21083	494	2	7	5	0	508
21084	509	3	2	4	0	518
21085	432	1	5	11	0	449
21086	507	1	6	7	0	521
21087	18	2	0	487	0	507
21088	9	2	484	13	0	508
21089	482	2	10	3	0	497
21090	19	482	1	7	0	509
21091	15	6	4	479	0	504
21092	14	489	3	11	0	517
21093	16	9	2	498	0	525
21094	495	4	4	16	0	519
21095	509	1	8	2	0	520
21096	509	5	0	5	0	519
21097	17	3	478	8	0	506
21098	489	4	10	4	0	507
21099	18	5	472	6	0	501
21100	10	1	457	8	0	476
21101	15	3	477	3	0	498
21102	14	4	10	429	0	457
21103	8	3	7	463	0	481
21104	10	2	8	461	0	481
21105	7	6	6	464	0	483
21106	9	1	5	445	0	460
21107	12	4	5	453	0	474
21108	10	454	3	18	0	485
21109	457	11	3	8	0	479
21110	15	461	4	8	0	488
21111	12	10	5	465	0	492
21112	6	3	6	477	0	492
21113	463	1	7	15	0	486
21114	13	455	6	10	0	484
21115	455	10	5	12	0	482
21116	16	2	4	450	0	472
21117	6	7	1	461	0	475
21118	6	5	1	469	0	481
21119	10	3	443	19	0	475
21120	11	6	9	439	0	465
21121	11	6	419	17	0	453
21122	11	3	400	10	0	424
21123	7	5	419	10	0	441
21124	8	0	12	428	0	448
21125	7	5	5	435	0	452
21126	10	4	5	439	0	458
21127	428	6	5	18	0	457
21128	17	2	5	441	0	465
21129	431	2	5	20	0	458
21130	19	435	6	9	0	469
21131	459	11	4	10	0	484
21132	489	2	5	14	0	510
21133	18	490	7	12	0	527
21134	493	16	8	9	0	526
21135	504	0	6	13	0	523
21136	522	5	3	10	0	540
21137	530	6	2	8	0	546
21138	29	3	507	8	0	547
21139	13	501	13	7	0	534
21140	18	16	0	485	0	519
21141	515	2	1	18	0	536
21142	27	3	507	3	0	540
21143	11	493	13	9	0	526
21144	11	12	3	481	0	507
21145	10	482	3	11	0	506
21146	11	16	3	484	0	514
21147	13	5	1	489	0	508
21148	10	1	482	19	0	512
21149	7	6	482	3	0	498
21150	432	3	16	8	0	459
21151	18	6	462	7	0	493
21152	4	6	469	7	0	486
21153	8	3	16	451	0	478
21154	7	4	4	450	0	465
21155	5	444	7	15	0	471
21156	11	473	5	6	0	495
21157	7	12	476	8	0	503
21158	3	7	19	493	0	522
21159	5	2	500	17	0	524
21160	3	5	427	5	0	440
21161	1	434	17	1	0	453
21162	9	8	3	408	0	428
21163	403	4	2	8	0	417
21164	8	0	2	409	0	419
21165	408	2	0	7	0	417
21166	402	0	1	6	0	409
21167	392	2	0	0	0	394
21168	11	0	391	2	0	404
21169	398	0	8	1	0	407
21170	9	0	4	403	0	416
21171	406	0	1	8	0	415
21172	409	0	1	4	0	414
21173	12	402	2	0	0	416
21174	400	8	2	2	0	412
21175	10	3	398	1	0	412
21176	392	0	8	5	0	405
21177	405	2	4	0	0	411
21178	14	404	1	0	0	419
21179	403	7	2	0	0	412
21180	9	4	0	383	0	396
21181	4	0	2	391	0	397
21182	1	383	1	11	0	396
21183	1	8	1	395	0	405
21184	1	4	1	408	0	414
21185	2	2	392	11	0	407
21186	0	1	391	7	0	399
21187	392	0	9	3	0	404
21188	407	0	4	2	0	413
21189	12	0	1	409	0	422
21190	6	0	413	8	0	427
21191	4	404	7	5	0	420
21192	3	7	6	402	0	418
21193	3	3	414	7	0	427
21194	408	1	8	8	0	425
21195	8	2	6	429	0	445
21196	7	434	0	9	0	450
21197	1	9	1	439	0	450
21198	5	4	1	443	0	453
21199	3	1	3	447	0	454
21200	441	5	0	13	0	459
21201	12	1	2	439	0	454
21202	435	3	0	14	0	452
21203	444	1	0	12	0	457
21204	16	1	426	3	0	446
21205	7	440	9	4	0	460
21206	6	11	5	402	0	424
21207	3	473	1	10	0	487
21208	483	10	7	3	0	503
21209	14	6	3	474	0	497
21210	9	0	493	14	0	516
21211	2	3	481	9	0	495
21212	4	2	498	1	0	505
21213	482	6	15	2	0	505
21214	11	494	9	3	0	517
21215	500	13	3	5	0	521
21216	11	503	8	2	0	524
21217	9	11	3	503	0	526
21218	4	9	7	490	0	510
21219	6	508	0	16	0	530
21220	4	15	518	7	0	544
21221	6	529	11	5	0	551
21222	524	11	8	3	0	546
21223	12	8	2	515	0	537
21224	10	1	505	14	0	530
21225	0	6	507	8	0	521
21226	6	10	22	490	0	528
21227	4	5	499	12	0	520
21228	7	1	493	10	0	511
21229	469	3	12	6	0	490
21230	9	468	12	3	0	492
21231	457	7	5	2	0	471
21232	7	10	434	6	0	457
21233	12	414	10	2	0	438
21234	1	431	12	3	0	447
21235	12	8	7	431	0	458
21236	2	9	2	437	0	450
21237	7	1	1	435	0	444
21238	0	3	434	11	0	448
21239	3	4	5	436	0	448
21240	2	6	8	430	0	446
21241	437	1	1	19	0	458
21242	7	436	2	14	0	459
21243	12	7	2	439	0	460
21244	433	8	7	7	0	455
21245	439	2	3	14	0	458
21246	17	1	1	447	0	466
21247	14	2	455	8	0	479
21248	2	5	6	465	0	478
21249	2	1	459	9	0	471
21250	466	0	5	12	0	483
21251	490	0	8	4	0	502
21252	16	1	1	509	0	527
21253	9	1	513	9	0	532
21254	1	540	8	14	0	563
21255	3	12	565	0	0	580
21256	8	15	12	500	0	535
21257	3	540	10	12	0	565
21258	513	10	2	9	0	534
21259	11	6	3	496	0	516
21260	6	522	2	9	0	539
21261	527	10	4	5	0	546
21262	14	6	0	526	0	546
21263	6	551	0	13	0	570
21264	7	9	1	550	0	567
21265	0	8	548	15	0	571
21266	522	5	12	8	0	547
21267	544	1	6	4	0	555
21268	16	2	508	4	0	530
21269	8	517	10	1	0	536
21270	528	10	6	5	0	549
21271	12	8	3	526	0	549
21272	13	0	0	502	0	515
21273	5	0	0	533	0	538
21274	1	2	3	531	0	537
21275	1	6	0	538	0	545
21276	519	0	2	20	0	541
21277	541	0	1	11	0	553
21278	23	1	0	523	0	547
21279	11	0	3	538	0	552
21280	1	2	531	22	0	556
21281	3	2	516	11	0	532
21282	518	0	18	4	0	540
21283	18	1	5	520	0	544
21284	6	1	510	18	0	535
21285	5	0	9	522	0	536
21286	525	0	10	16	0	551
21287	547	3	3	9	0	562
21288	24	0	1	537	0	562
21289	13	0	1	542	0	556
21290	543	1	4	21	0	569
21291	17	0	2	542	0	561
21292	10	551	3	13	0	577
21293	7	13	1	548	0	569
21294	5	3	2	554	0	564
21295	1	1	550	23	0	575
21296	4	2	539	10	0	555
21297	2	556	16	8	0	582
21298	554	19	7	2	0	582
21299	553	7	1	7	0	568
21300	562	1	1	7	0	571
21301	17	535	4	7	0	563
21302	9	567	2	4	0	582
21303	557	18	1	5	0	581
21304	12	580	1	2	0	595
21305	7	9	572	7	0	595
21306	6	567	12	2	0	587
21307	2	13	546	3	0	564
21308	520	8	11	4	0	543
21309	549	2	6	3	0	560
21310	17	550	2	0	0	569
21311	562	8	1	3	0	574
21312	587	6	1	8	0	602
21313	607	5	2	5	0	619
21314	17	2	3	593	0	615
21315	613	1	0	13	0	627
21316	10	4	598	7	0	619
21317	603	1	9	5	0	618
21318	11	3	6	619	0	639
21319	9	2	598	10	0	619
21320	4	1	583	7	0	595
21321	2	4	13	599	0	618
21322	8	3	6	609	0	626
21323	612	2	1	14	0	629
21324	11	1	2	611	0	625
21325	5	3	616	14	0	638
21326	5	2	11	602	0	620
21327	7	626	5	14	0	652
21328	621	8	2	7	0	638
21329	10	4	3	626	0	643
21330	4	4	623	12	0	643
21331	5	616	10	6	0	637
21332	611	13	5	6	0	635
21333	12	4	3	624	0	643
21334	5	3	625	14	0	647
21335	7	607	10	7	0	631
21336	617	10	4	6	0	637
21337	620	3	3	1	0	627
21338	626	3	0	8	0	637
21339	14	1	0	618	0	633
21340	5	1	3	628	0	637
21341	614	0	3	13	0	630
21342	10	604	3	7	0	624
21343	623	7	1	2	0	633
21344	11	2	1	615	0	629
21345	625	2	3	11	0	641
21346	16	1	1	608	0	626
21347	6	2	1	608	0	617
21348	7	1	2	611	0	621
21349	4	0	3	613	0	620
21350	3	1	578	14	0	596
21351	1	1	557	6	0	565
21352	511	0	4	13	0	528
21353	8	1	566	5	0	580
21354	2	0	501	3	0	506
21355	504	0	5	2	0	511
21356	493	0	13	4	0	510
21357	7	1	0	550	0	558
21358	555	0	0	4	0	559
21359	2	576	2	2	0	582
21360	580	2	1	4	0	587
21361	579	1	0	3	0	583
21362	584	1	1	1	0	587
21363	4	0	1	581	0	586
21364	2	562	0	3	0	567
21365	1	581	1	1	0	584
21366	585	3	0	1	0	589
21367	580	0	1	0	0	581
21368	5	0	0	577	0	582
21369	1	1	1	579	0	582
21370	1	574	1	2	0	578
21371	571	2	1	0	0	574
21372	4	1	576	1	0	582
21373	2	0	2	571	0	575
21374	1	0	0	583	0	584
21375	2	0	585	3	0	590
21376	2	0	3	582	0	587
21377	0	420	1	6	0	427
21378	1	3	0	596	0	600
21379	1	0	0	582	0	583
21380	2	539	1	1	0	543
21381	0	585	2	2	0	589
21382	1	3	0	593	0	597
21383	596	0	0	2	0	598
21384	1	0	1	599	0	601
21385	1	0	2	594	0	597
21386	1	588	1	1	0	591
21387	3	1	0	591	0	595
21388	3	0	2	590	0	595
21389	1	1	1	590	0	593
21390	574	0	0	4	0	578
21391	3	0	0	574	0	577
21392	2	0	0	563	0	565
21393	1	1	0	558	0	560
21394	1	2	538	2	0	543
21395	483	0	0	0	0	483
21396	4	536	0	1	0	541
21397	543	1	0	0	0	544
21398	2	0	0	541	0	543
21399	0	1	539	3	0	543
21400	512	2	1	2	0	517
21401	3	0	603	0	0	606
21402	3	0	3	595	0	601
21403	621	0	0	6	0	627
21404	591	0	2	4	0	597
21405	599	1	1	2	0	603
21406	3	0	1	598	0	602
21407	4	1	1	607	0	613
21408	1	0	0	622	0	623
21409	2	589	0	3	0	594
21410	1	571	1	1	0	574
21411	2	572	0	3	0	577
21412	1	548	0	3	0	552
21413	0	1	0	556	0	557
21414	3	0	0	554	0	557
21415	545	0	0	3	0	548
21416	545	0	0	0	0	545
21417	552	0	0	1	0	553
21418	1	0	0	536	0	537
21419	0	0	0	540	0	540
21420	544	0	0	2	0	546
21421	528	0	0	2	0	530
21422	1	0	540	1	0	542
21423	0	0	530	1	0	531
21424	0	1	552	0	0	553
21425	2	0	572	0	0	574
21426	0	0	2	580	0	582
21427	582	0	0	4	0	586
21428	1	580	0	0	0	581
21429	0	1	0	620	0	621
21430	1	2	631	1	0	635
21431	0	633	1	1	0	635
21432	0	0	0	652	0	652
21433	0	0	654	1	0	655
21434	0	0	1	629	0	630
21435	1	0	0	635	0	636
21436	636	0	0	1	0	637
21437	1	0	0	645	0	646
21438	0	0	651	1	0	652
21439	0	0	1	646	0	647
21440	0	704	0	0	0	704
21441	2	0	0	739	0	741
21442	0	0	0	763	0	763
21443	1	0	0	756	0	757
21444	763	0	0	2	0	765
21445	772	0	0	3	0	775
21446	800	0	0	2	0	802
21447	800	0	0	3	0	803
21448	1	0	796	0	0	797
21449	774	0	2	2	0	778
21450	809	0	0	0	0	809
21451	1	0	800	0	0	801
21452	1	2	812	0	0	815
21453	1	0	0	809	0	810
21454	0	812	0	0	0	812
21455	853	0	0	2	0	855
21456	867	0	0	2	0	869
21457	841	0	0	0	0	841
21458	0	0	0	835	0	835
21459	0	822	0	0	0	822
21460	841	0	0	2	0	843
21461	854	0	0	1	0	855
21462	1	0	0	839	0	840
21463	0	0	831	3	0	834
21464	830	0	1	0	0	831
21465	3	1	0	858	0	862
21466	874	0	0	4	0	878
21467	2	0	0	881	0	883
21468	0	0	887	1	0	888
21469	921	0	0	3	0	924
21470	1	0	0	951	0	952
21471	0	1	0	943	0	944
21472	0	0	0	946	0	946
21473	2	0	0	942	0	944
21474	951	0	0	3	0	954
21475	1	0	0	945	0	946
21476	0	942	0	1	0	943
21477	3	1	0	955	0	959
21478	0	958	0	1	0	959
21479	0	0	0	980	0	980
21480	0	0	0	981	0	981
21481	0	963	0	3	0	966
21482	1	1	0	989	0	991
21483	1	0	0	978	0	979
21484	973	0	0	1	0	974
21485	1	1	999	0	0	1001
21486	0	0	1	1007	0	1008
21487	1017	0	0	3	0	1020
21488	1014	0	0	1	0	1015
21489	1022	0	0	2	0	1024
21490	1	0	1035	1	0	1037
21491	1	0	1012	0	0	1013
21492	1	2	2	1048	0	1053
21493	1062	0	0	1	0	1063
21494	2	0	1041	0	0	1043
21495	1023	0	2	0	0	1025
21496	1	1062	0	2	0	1065
21497	1	0	0	1135	0	1136
21498	1	0	1	1152	0	1154
21499	1166	0	0	3	0	1169
21500	1	1	1	1168	0	1171
21501	1102	0	0	5	0	1107
21502	1114	1	0	2	0	1117
21503	3	0	0	1112	0	1115
21504	0	0	0	1111	0	1111
21505	1112	0	0	5	0	1117
21506	2	3	1139	1	0	1145
21507	1099	0	1	4	0	1104
21508	2	1	1180	1	0	1184
21509	1159	0	1	3	0	1163
21510	1224	0	1	3	0	1228
21511	1199	0	0	4	0	1203
21512	1202	0	2	0	0	1204
21513	5	1184	1	0	0	1190
21514	1213	1	2	7	0	1223
21515	1228	0	1	3	0	1232
21516	4	1283	0	2	0	1289
21517	1295	2	0	7	0	1304
21518	4	0	1280	0	0	1284
21519	1273	2	2	1	0	1278
21520	3	3	1286	1	0	1293
21521	4	0	2	1297	0	1303
21522	2	0	2	1284	0	1288
21523	6	0	1272	1	0	1279
21524	2	1	3	1276	0	1282
21525	16	2	12	738	0	768
21526	1325	0	2	6	0	1333
21527	7	1	1	1326	0	1335
21528	3	0	0	1316	0	1319
21529	4	0	2	1292	0	1298
21530	3	1248	2	1	0	1254
21531	2	3	0	1253	0	1258
21532	1265	0	1	13	0	1279
21533	7	1	1280	1	0	1289
21534	5	1	3	1285	0	1294
21535	2	2	1292	5	0	1301
21536	1267	1	5	5	0	1278
21537	6	1	1	1371	0	1379
21538	7	1	1896	5	0	1909
21539	6	0	27	1911	0	1944
21540	6	1	27	1886	0	1920
21541	4	1888	18	55	0	1965
21542	7	27	13	1985	0	2032
21543	6	26	3	2172	0	2207
21544	3	21	2122	74	0	2220
21545	7	11	37	2162	0	2217
21546	2	3	34	2179	0	2218
21547	2093	4	25	93	0	2215
21548	2090	2	13	70	0	2175
21549	70	2094	7	44	0	2215
21550	2154	38	2	37	0	2231
21551	2161	32	7	20	0	2220
21552	87	2113	5	21	0	2226
21553	65	49	7	2117	0	2238
21554	2146	37	8	60	0	2251
21555	2150	27	0	57	0	2234
21556	2092	24	1	39	0	2156
21557	112	2045	4	23	0	2184
21558	85	50	2063	9	0	2207
21559	2162	41	44	11	0	2258
21560	2188	25	31	19	0	2263
21561	96	2153	22	12	0	2283
21562	2190	51	20	13	0	2274
21563	2240	36	11	19	0	2306
21564	109	28	8	2176	0	2321
21565	84	25	2177	52	0	2338
21566	66	16	43	2220	0	2345
21567	41	14	40	2236	0	2331
21568	27	12	32	2267	0	2338
21569	39	10	2150	105	0	2304
21570	33	13	50	2152	0	2248
21571	36	12	36	2200	0	2284
21572	28	6	29	2235	0	2298
21573	28	9	16	2245	0	2298
21574	22	3	16	2249	0	2290
21575	19	2161	12	135	0	2327
21576	17	50	14	2219	0	2300
21577	17	36	10	2286	0	2349
21578	15	29	2161	124	0	2329
21579	16	18	52	2378	0	2464
21580	28	10	36	2418	0	2492
21581	20	12	24	2503	0	2559
21582	14	15	18	2534	0	2581
21583	2445	9	15	161	0	2630
21584	66	12	12	2549	0	2639
21585	50	16	13	2532	0	2611
21586	43	9	2385	149	0	2586
21587	33	2290	57	104	0	2484
21588	19	2408	46	95	0	2568
21589	2360	83	36	73	0	2552
21590	60	2406	26	59	0	2551
21591	47	86	11	2414	0	2558
21592	2372	55	6	110	0	2543
21593	83	33	2348	81	0	2545
21594	52	29	60	2381	0	2522
21595	38	2361	51	106	0	2556
21596	41	65	31	2347	0	2484
21597	27	2362	19	108	0	2516
21598	31	86	13	2381	0	2511
21599	2311	71	9	105	0	2496
21600	74	42	2329	94	0	2539
21601	70	32	59	2281	0	2442
21602	49	2345	54	101	0	2549
21603	2354	69	31	87	0	2541
21604	76	57	2337	64	0	2534
21605	59	35	64	2376	0	2534
21606	51	41	2296	104	0	2492
21607	49	23	92	2314	0	2478
21608	36	17	2278	115	0	2446
21609	30	22	90	2275	0	2417
21610	32	10	70	2294	0	2406
21611	2206	22	47	140	0	2415
21612	2248	27	33	101	0	2409
21613	124	16	25	2233	0	2398
21614	81	2179	26	117	0	2403
21615	62	62	29	2240	0	2393
21616	42	52	23	2241	0	2358
21617	2100	35	26	160	0	2321
21618	78	2121	27	110	0	2336
21619	2127	70	15	91	0	2303
21620	2124	54	12	88	0	2278
21621	125	2017	13	52	0	2207
21622	80	2120	9	66	0	2275
21623	2087	95	12	74	0	2268
21624	96	69	2017	63	0	2245
21625	2024	49	73	63	0	2209
21626	2065	43	46	61	0	2215
21627	138	1993	28	50	0	2209
21628	103	70	33	1838	0	2044
21629	68	2016	28	92	0	2204
21630	1996	87	26	81	0	2190
21631	2037	71	23	68	0	2199
21632	118	54	21	1985	0	2178
21633	94	42	25	2005	0	2166
21634	1934	31	16	139	0	2120
21635	108	1905	12	104	0	2129
21636	77	1882	14	80	0	2053
21637	62	1861	17	67	0	2007
21638	32	1254	11	36	0	1333
21639	23	1291	8	41	0	1363
21640	38	73	9	1224	0	1344
21641	31	24	1176	56	0	1287
21642	21	1153	26	40	0	1240
21643	972	39	6	19	0	1036
21644	40	17	12	959	0	1028
21645	937	15	13	39	0	1004
21646	30	952	4	19	0	1005
21647	948	28	13	11	0	1000
21648	36	933	13	17	0	999
21649	19	28	27	934	0	1008
21650	934	11	9	33	0	987
21651	942	14	16	13	0	985
21652	29	13	12	932	0	986
21653	10	11	14	931	0	966
21654	19	898	8	45	0	970
21655	28	21	10	905	0	964
21656	31	3	4	926	0	964
21657	19	12	4	913	0	948
21658	19	867	4	38	0	928
21659	791	21	2	29	0	843
21660	29	799	2	26	0	856
21661	785	30	3	24	0	842
21662	34	786	4	18	0	842
21663	25	26	757	10	0	818
21664	21	17	25	741	0	804
21665	20	16	703	31	0	770
21666	21	19	692	6	0	738
21667	21	16	29	675	0	741
21668	18	9	700	28	0	755
21669	24	8	29	679	0	740
21670	28	13	11	693	0	745
21671	18	13	10	714	0	755
21672	701	12	13	30	0	756
21673	27	15	4	711	0	757
21674	28	13	4	706	0	751
21675	692	5	2	35	0	734
21676	32	660	4	25	0	721
21677	15	618	0	33	0	666
21678	22	634	1	24	0	681
21679	19	61	4	435	0	519
21680	15	12	442	26	0	495
21681	354	12	12	12	0	390
21682	18	356	6	8	0	388
21683	324	14	1	8	0	347
21684	324	9	2	8	0	343
21685	323	13	2	1	0	339
21686	20	9	316	6	0	351
21687	11	8	14	312	0	345
21688	13	4	7	325	0	349
21689	14	8	0	326	0	348
21690	8	9	8	312	0	337
21691	8	311	4	12	0	335
21692	317	15	3	10	0	345
21693	17	7	292	5	0	321
21694	286	2	7	5	0	300
21695	11	9	0	284	0	304
21696	5	268	1	21	0	295
21697	9	276	2	3	0	290
21698	9	25	0	237	0	271
21699	5	250	1	15	0	271
21700	207	6	1	4	0	218
21701	5	0	199	5	0	209
21702	0	0	3	178	0	181
21703	1	0	0	178	0	179
21704	0	0	0	184	0	184
21705	2	1	0	180	0	183
21706	182	1	0	3	0	186
21707	4	182	1	0	0	187
21708	198	4	1	0	0	203
21709	3	0	0	205	0	208
21710	2	1	0	232	0	235
21711	2	235	0	6	0	243
21712	239	3	0	5	0	247
21713	247	4	0	2	0	253
21714	8	250	0	0	0	258
21715	5	5	2	239	0	251
21716	3	248	0	6	0	257
21717	243	7	0	5	0	255
21718	5	4	244	3	0	256
21719	3	2	239	1	0	245
21720	232	1	7	1	0	241
21721	5	243	3	1	0	252
21722	4	4	2	242	0	252
21723	2	1	2	248	0	253
21724	0	2	237	10	0	249
21725	0	1	5	242	0	248
21726	3	0	2	239	0	244
21727	1	231	2	9	0	243
21728	2	6	1	234	0	243
21729	0	3	0	244	0	247
21730	233	2	0	8	0	243
21731	6	228	0	5	0	239
21732	3	231	2	2	0	238
21733	4	5	1	231	0	241
21734	2	2	0	238	0	242
21735	4	2	0	235	0	241
21736	0	231	0	10	0	241
21737	1	6	0	234	0	241
21738	2	4	1	233	0	240
21739	1	1	0	239	0	241
21740	3	0	2	237	0	242
21741	2	231	0	8	0	241
21742	1	240	0	4	0	245
21743	233	7	0	4	0	244
21744	233	3	0	2	0	238
21745	9	2	0	233	0	244
21746	4	3	248	5	0	260
21747	4	0	5	247	0	256
21748	2	0	1	252	0	255
21749	239	2	2	7	0	250
21750	2	244	0	6	0	252
21751	2	4	0	250	0	256
21752	5	2	1	248	0	256
21753	0	3	245	8	0	256
21754	2	1	241	6	0	250
21755	1	1	4	245	0	251
21756	1	2	4	241	0	248
21757	1	237	2	10	0	250
21758	3	248	0	5	0	256
21759	241	7	1	4	0	253
21760	4	5	0	252	0	261
21761	2	2	244	5	0	253
21762	2	248	4	3	0	257
21763	0	3	3	258	0	264
21764	254	3	2	5	0	264
21765	5	2	0	260	0	267
21766	254	2	0	6	0	262
21767	5	260	0	2	0	267
21768	245	3	0	3	0	251
21769	5	2	0	254	0	261
21770	2	3	279	3	0	287
21771	3	2	3	268	0	276
21772	2	284	2	8	0	296
21773	2	5	2	286	0	295
21774	0	300	1	8	0	309
21775	1	7	0	307	0	315
21776	0	2	302	8	0	312
21777	3	3	289	2	0	297
21778	1	1	299	4	0	305
21779	289	0	10	3	0	302
21780	5	296	4	3	0	308
21781	2	299	4	0	0	305
21782	299	7	1	2	0	309
21783	303	5	0	4	0	312
21784	8	2	0	296	0	306
21785	4	2	294	5	0	305
21786	3	1	285	3	0	292
21787	1	0	9	292	0	302
21788	286	0	6	6	0	298
21789	6	294	4	2	0	306
21790	3	8	0	292	0	303
21791	294	2	0	8	0	304
21792	307	3	0	3	0	313
21793	7	1	301	4	0	313
21794	289	0	6	1	0	296
21795	7	1	309	2	0	319
21796	3	1	314	1	0	319
21797	3	1	6	311	0	321
21798	1	2	4	317	0	324
21799	3	0	2	318	0	323
21800	1	1	308	10	0	320
21801	304	1	5	5	0	315
21802	5	2	4	318	0	329
21803	312	1	2	9	0	324
21804	319	1	2	5	0	327
21805	7	326	3	2	0	338
21806	4	330	1	6	0	341
21807	4	344	1	2	0	351
21808	3	7	1	326	0	337
21809	0	1	322	5	0	328
21810	1	4	5	286	0	296
21811	0	289	0	6	0	295
21812	2	298	0	0	0	300
21813	2	4	0	289	0	295
21814	282	1	1	4	0	288
21815	5	270	1	1	0	277
21816	1	278	1	1	0	281
21817	294	3	1	1	0	299
21818	7	0	1	295	0	303
21819	2	1	1	294	0	298
21820	0	3	1	302	0	306
21821	292	2	0	5	0	299
21822	296	0	0	3	0	299
21823	5	0	1	300	0	306
21824	0	0	293	4	0	297
21825	295	1	3	0	0	299
21826	5	1	1	298	0	305
21827	1	0	304	5	0	310
21828	3	0	290	2	0	295
21829	0	1	3	302	0	306
21830	1	2	322	4	0	329
21831	4	1	3	336	0	344
21832	1	0	2	325	0	328
21833	0	0	2	365	0	367
21834	357	0	0	10	0	367
21835	8	1	1	361	0	371
21836	1	1	1	369	0	372
21837	1	2	1	373	0	377
21838	2	1	1	368	0	372
21839	1	1	358	8	0	368
21840	0	359	7	4	0	370
21841	4	6	2	362	0	374
21842	2	1	3	355	0	361
21843	1	350	2	6	0	359
21844	1	359	1	4	0	365
21845	352	6	0	3	0	361
21846	6	338	1	2	0	347
21847	1	7	0	345	0	353
21848	4	0	358	5	0	367
21849	337	2	5	5	0	349
21850	5	0	345	5	0	355
21851	336	0	7	3	0	346
21852	337	1	1	2	0	341
21853	7	1	347	1	0	356
21854	2	2	6	333	0	343
21855	1	331	1	9	0	342
21856	2	5	0	348	0	355
21857	353	1	0	9	0	363
21858	356	2	1	1	0	360
21859	8	352	1	2	0	363
21860	349	6	1	3	0	359
21861	7	0	3	353	0	363
21862	349	1	1	8	0	359
21863	348	0	1	5	0	354
21864	5	1	2	349	0	357
21865	351	0	2	8	0	361
21866	342	0	1	5	0	348
21867	6	1	341	3	0	351
21868	328	1	5	5	0	339
21869	8	2	332	4	0	346
21870	1	1	299	4	0	305
21871	3	324	4	2	0	333
21872	2	3	2	305	0	312
21873	0	4	315	5	0	324
21874	1	1	297	4	0	303
21875	307	0	4	5	0	316
21876	5	1	2	315	0	323
21877	1	3	2	322	0	328
21878	2	2	0	334	0	338
21879	2	1	0	336	0	339
21880	2	0	0	343	0	345
21881	0	3	334	7	0	344
21882	2	3	327	3	0	335
21883	2	1	8	331	0	342
21884	333	1	4	6	0	344
21885	5	328	2	4	0	339
21886	2	4	2	328	0	336
21887	330	2	1	5	0	338
21888	6	329	2	2	0	339
21889	5	4	0	340	0	349
21890	2	2	2	341	0	347
21891	2	0	1	342	0	345
21892	329	2	0	10	0	341
21893	5	0	324	5	0	334
21894	318	0	5	5	0	328
21895	9	0	3	323	0	335
21896	4	1	3	308	0	316
21897	2	305	0	11	0	318
21898	2	4	302	5	0	313
21899	295	2	5	4	0	306
21900	306	1	2	2	0	311
21901	8	0	308	3	0	319
21902	305	1	4	5	0	315
21903	7	304	2	3	0	316
21904	4	298	2	1	0	305
21905	2	302	3	0	0	307
21906	280	6	1	3	0	290
21907	6	6	285	1	0	298
21908	2	4	5	277	0	288
21909	4	276	3	6	0	289
21910	2	274	3	3	0	282
21911	2	278	3	1	0	284
21912	6	11	2	204	0	223
21913	271	3	0	9	0	283
21914	6	273	1	3	0	283
21915	6	4	1	273	0	284
21916	3	4	0	278	0	285
21917	267	3	0	7	0	277
21918	6	0	1	272	0	279
21919	5	0	2	277	0	284
21920	2	5	269	6	0	282
21921	2	1	5	268	0	276
21922	2	0	5	281	0	288
21923	277	1	2	6	0	286
21924	276	0	2	7	0	285
21925	8	0	0	276	0	284
21926	264	3	1	6	0	274
21927	271	1	1	6	0	279
21928	7	269	0	5	0	281
21929	7	4	271	4	0	286
21930	4	251	8	1	0	264
21931	4	8	2	224	0	238
21932	215	3	0	4	0	222
21933	4	219	1	3	0	227
21934	3	6	1	218	0	228
21935	220	2	1	6	0	229
21936	217	1	1	3	0	222
21937	4	3	1	215	0	223
21938	3	1	218	6	0	228
21939	1	2	2	222	0	227
21940	2	1	2	221	0	226
21941	3	0	223	6	0	232
21942	2	0	2	225	0	229
21943	2	1	3	223	0	229
21944	227	0	1	7	0	235
21945	2	0	1	230	0	233
21946	5	1	1	230	0	237
21947	215	1	1	7	0	224
21948	209	0	0	7	0	216
21949	214	0	1	1	0	216
21950	6	0	206	1	0	213
21951	4	1	2	203	0	210
21952	3	210	3	2	0	218
21953	3	3	0	212	0	218
21954	1	2	229	5	0	237
21955	4	0	3	216	0	223
21956	1	0	228	3	0	232
21957	212	1	2	5	0	220
21958	221	1	4	2	0	228
21959	4	1	0	222	0	227
21960	2	0	1	224	0	227
21961	3	0	1	213	0	217
21962	0	219	1	5	0	225
21963	219	2	0	5	0	226
21964	230	2	1	0	0	233
21965	6	0	0	225	0	231
21966	3	0	0	225	0	228
21967	1	0	2	227	0	230
21968	0	1	0	229	0	230
21969	1	0	221	6	0	228
21970	2	0	2	228	0	232
21971	207	0	2	4	0	213
21972	203	0	0	5	0	208
21973	4	0	1	204	0	209
21974	2	1	196	4	0	203
21975	192	1	2	4	0	199
21976	2	0	2	196	0	200
21977	3	183	1	2	0	189
21978	2	173	0	1	0	176
21979	179	1	0	1	0	181
21980	1	1	1	177	0	180
21981	1	0	0	181	0	182
21982	1	0	0	193	0	194
21983	1	0	0	197	0	198
21984	0	1	0	205	0	206
21985	1	0	207	2	0	210
21986	0	0	201	2	0	203
21987	0	0	205	3	0	208
21988	0	1	4	202	0	207
21989	0	0	204	5	0	209
21990	0	0	4	211	0	215
21991	2	0	2	213	0	217
21992	1	0	0	213	0	214
21993	223	0	1	7	0	231
21994	4	0	1	238	0	243
21995	1	0	1	247	0	249
21996	241	1	1	5	0	248
21997	4	239	2	1	0	246
21998	3	251	0	2	0	256
21999	246	4	0	5	0	255
22000	2	254	1	4	0	261
22001	252	3	1	3	0	259
22002	255	2	0	3	0	260
22003	253	2	2	2	0	259
22004	257	1	0	2	0	260
22005	258	2	0	0	0	260
22006	6	254	0	2	0	262
22007	253	5	0	1	0	259
22008	255	3	1	0	0	259
22009	9	258	0	0	0	267
22010	293	5	0	0	0	298
22011	292	4	6	2	0	304
22012	328	1	0	2	0	331
22013	361	0	0	3	0	364
22014	14	2	390	3	0	409
22015	6	2	11	415	0	434
22016	5	2	2	431	0	440
22017	3	4	414	16	0	437
22018	6	2	411	1	0	420
22019	415	2	15	0	0	432
22020	16	2	2	422	0	442
22021	7	0	424	12	0	443
22022	4	1	429	2	0	436
22023	419	0	16	1	0	436
22024	431	2	1	3	0	437
22025	430	2	2	3	0	437
22026	17	0	421	2	0	440
22027	7	1	13	418	0	439
22028	3	1	426	15	0	445
22029	425	0	14	5	0	444
22030	18	0	435	1	0	454
22031	4	1	13	427	0	445
22032	6	0	3	419	0	428
22033	4	431	3	10	0	448
22034	435	11	1	3	0	450
22035	14	1	438	3	0	456
22036	424	1	15	2	0	442
22037	15	0	445	2	0	462
22038	6	1	13	439	0	459
22039	4	0	5	451	0	460
22040	3	1	5	454	0	463
22041	445	1	3	15	0	464
22042	15	1	2	435	0	453
22043	8	0	2	448	0	458
22044	5	433	5	13	0	456
22045	5	8	4	446	0	463
22046	444	1	4	15	0	464
22047	17	2	441	5	0	465
22048	6	0	16	445	0	467
22049	4	1	446	18	0	469
22050	3	428	15	11	0	457
22051	5	12	440	7	0	464
22052	439	5	17	3	0	464
22053	441	3	4	5	0	453
22054	19	0	6	422	0	447
22055	427	4	7	17	0	455
22056	445	1	6	5	0	457
22057	21	0	5	432	0	458
22058	12	2	4	441	0	459
22059	8	2	438	17	0	465
22060	8	445	13	7	0	473
22061	448	11	6	6	0	471
22062	17	442	4	7	0	470
22063	6	13	7	446	0	472
22064	10	1	3	451	0	465
22065	5	2	4	451	0	462
22066	7	4	1	453	0	465
22067	7	1	430	18	0	456
22068	423	2	16	6	0	447
22069	450	2	5	6	0	463
22070	18	1	8	439	0	466
22071	444	3	3	17	0	467
22072	16	2	5	442	0	465
22073	6	0	433	23	0	462
22074	14	1	13	422	0	450
22075	3	425	4	25	0	457
22076	6	9	6	425	0	446
22077	5	435	6	15	0	461
22078	2	11	7	425	0	445
22079	10	432	3	12	0	457
22080	426	16	4	7	0	453
22081	15	3	422	7	0	447
22082	5	399	20	6	0	430
22083	7	418	2	7	0	434
22084	4	11	8	398	0	421
22085	7	6	3	402	0	418
22086	8	2	5	411	0	426
22087	7	2	2	412	0	423
22088	8	399	3	14	0	424
22089	7	10	3	397	0	417
22090	5	4	3	404	0	416
22091	387	3	1	19	0	410
22092	12	1	4	398	0	415
22093	4	3	378	19	0	404
22094	5	1	375	7	0	388
22095	355	5	10	5	0	375
22096	14	357	2	8	0	381
22097	3	371	3	4	0	381
22098	3	9	0	363	0	375
22099	4	1	1	371	0	377
22100	0	1	362	13	0	376
22101	338	1	9	4	0	352
22102	369	1	2	2	0	374
22103	11	2	377	4	0	394
22104	6	1	369	3	0	379
22105	372	2	7	9	0	390
22106	398	1	4	4	0	407
22107	396	2	1	7	0	406
22108	396	2	3	2	0	403
22109	8	380	2	2	0	392
22110	344	9	0	0	0	353
22111	6	0	329	5	0	340
22112	2	12	292	1	0	307
22113	3	1	289	1	0	294
22114	1	24	6	219	0	250
22115	218	0	1	0	0	219
22116	223	1	0	0	0	224
22117	0	0	0	227	0	227
22118	0	0	0	207	0	207
22119	1	0	0	224	0	225
22120	0	239	0	1	0	240
22121	247	0	0	1	0	248
22122	245	0	0	3	0	248
22123	247	1	0	1	0	249
22124	247	0	0	1	0	248
22125	248	0	0	1	0	249
22126	2	0	0	242	0	244
22127	1	238	0	1	0	240
22128	3	0	0	230	0	233
22129	1	0	0	226	0	227
22130	226	2	0	0	0	228
22131	2	1	228	1	0	232
22132	2	0	215	0	0	217
22133	1	0	219	0	0	220
22134	229	1	0	1	0	231
22135	242	0	0	2	0	244
22136	0	0	0	256	0	256
22137	1	0	0	254	0	255
22138	2	0	1	256	0	259
22139	0	0	259	1	0	260
22140	1	0	1	253	0	255
22141	1	0	271	0	0	272
22142	2	0	1	265	0	268
22143	0	0	0	271	0	271
22144	1	0	0	272	0	273
22145	264	0	0	2	0	266
22146	275	0	1	1	0	277
22147	0	0	277	1	0	278
22148	275	0	1	2	0	278
22149	281	0	1	2	0	284
22150	1	0	0	284	0	285
22151	297	0	0	1	0	298
22152	1	0	1	303	0	305
22153	1	0	1	312	0	314
22154	1	0	306	1	0	308
22155	292	0	0	0	0	292
22156	2	0	0	302	0	304
22157	0	1	307	4	0	312
22158	2	0	312	1	0	315
22159	2	0	2	313	0	317
22160	0	0	0	313	0	313
22161	309	0	3	1	0	313
22162	5	0	1	309	0	315
22163	0	0	0	317	0	317
22164	0	0	2	313	0	315
22165	3	0	1	326	0	330
22166	330	0	0	4	0	334
22167	326	0	2	5	0	333
22168	339	0	1	3	0	343
22169	343	0	0	6	0	349
22170	3	0	1	361	0	365
22171	351	0	0	7	0	358
22172	5	0	1	352	0	358
22173	357	0	0	7	0	364
22174	5	0	1	370	0	376
22175	6	0	0	366	0	372
22176	3	371	0	6	0	380
22177	4	3	1	373	0	381
22178	368	1	2	5	0	376
22179	357	1	0	5	0	363
22180	6	2	363	3	0	374
22181	4	363	3	4	0	374
22182	372	4	1	2	0	379
22183	4	370	0	3	0	377
22184	370	4	1	4	0	379
22185	6	375	2	1	0	384
22186	5	5	382	0	0	392
22187	1	374	4	2	0	381
22188	4	383	2	0	0	389
22189	3	5	1	394	0	403
22190	395	3	2	9	0	409
22191	5	4	0	399	0	408
22192	4	2	0	392	0	398
22193	387	2	1	10	0	400
22194	385	2	0	6	0	393
22195	6	0	0	390	0	396
22196	4	1	1	392	0	398
22197	4	1	0	397	0	402
22198	385	1	0	10	0	396
22199	7	0	384	5	0	396
22200	5	0	5	386	0	396
22201	2	1	393	8	0	404
22202	4	384	6	4	0	398
22203	1	2	366	4	0	373
22204	6	1	5	362	0	374
22205	1	2	364	6	0	373
22206	351	0	6	5	0	362
22207	4	1	3	369	0	377
22208	2	373	2	4	0	381
22209	2	5	3	375	0	385
22210	3	368	1	4	0	376
22211	0	379	3	4	0	386
22212	2	381	2	2	0	387
22213	4	9	1	355	0	369
22214	2	360	0	3	0	365
22215	354	6	1	6	0	367
22216	5	4	348	5	0	362
22217	3	3	342	2	0	350
22218	2	3	354	2	0	361
22219	3	1	7	357	0	368
22220	1	2	3	338	0	344
22221	4	0	4	336	0	344
22222	3	2	2	337	0	344
22223	3	0	2	318	0	323
22224	2	333	2	7	0	344
22225	1	4	323	5	0	333
22226	3	3	327	3	0	336
22227	1	342	6	3	0	352
22228	4	5	2	342	0	353
22229	2	3	2	350	0	357
22230	1	2	0	350	0	353
22231	332	2	1	9	0	344
22232	4	2	336	7	0	349
22233	327	2	4	8	0	341
22234	341	0	2	4	0	347
22235	9	329	2	4	0	344
22236	2	332	3	4	0	341
22237	336	6	0	4	0	346
22238	11	4	1	328	0	344
22239	5	1	0	341	0	347
22240	4	3	343	6	0	356
22241	2	3	324	4	0	333
22242	1	1	6	342	0	350
22243	336	4	3	7	0	350
22244	7	1	370	2	0	380
22245	384	2	7	5	0	398
22246	9	1	3	391	0	404
22247	4	2	1	432	0	439
22248	4	0	2	442	0	448
22249	3	3	427	11	0	444
22250	4	405	7	7	0	423
22251	1	416	1	7	0	425
22252	415	12	3	4	0	434
22253	435	4	0	3	0	442
22254	16	2	1	435	0	454
22255	440	3	1	11	0	455
22256	12	2	434	3	0	451
22257	2	3	437	4	0	446
22258	4	1	10	436	0	451
22259	448	0	5	12	0	465
22260	10	0	3	454	0	467
22261	3	0	5	484	0	492
22262	470	1	1	17	0	489
22263	470	1	2	9	0	482
22264	10	484	1	6	0	501
22265	482	12	2	3	0	499
22266	18	3	1	481	0	503
22267	0	485	3	16	0	504
22268	486	13	0	3	0	502
22269	12	493	1	7	0	513
22270	0	14	0	481	0	495
22271	485	2	0	12	0	499
22272	14	2	474	0	0	490
22273	1	0	476	5	0	482
22274	4	0	9	456	0	469
22275	3	0	6	471	0	480
22276	3	0	2	461	0	466
22277	0	480	1	13	0	494
22278	500	11	1	4	0	516
22279	516	1	1	2	0	520
22280	526	1	2	3	0	532
22281	13	550	0	3	0	566
22282	4	13	0	626	0	643
22283	6	1	2	638	0	647
22284	4	3	2	636	0	645
22285	614	4	0	17	0	635
22286	18	608	1	3	0	630
22287	5	15	2	610	0	632
22288	6	2	2	623	0	633
22289	3	2	607	16	0	628
22290	3	590	12	5	0	610
22291	1	12	4	605	0	622
22292	1	1	4	611	0	617
22293	6	1	2	605	0	614
22294	588	1	1	19	0	609
22295	13	599	1	10	0	623
22296	599	11	1	8	0	619
22297	19	2	1	598	0	620
22298	596	6	1	17	0	620
22299	20	3	588	6	0	617
22300	592	4	12	10	0	618
22301	610	3	4	10	0	627
22302	17	4	609	5	0	635
22303	5	5	14	599	0	623
22304	6	4	4	592	0	606
22305	623	1	2	23	0	649
22306	20	1	3	630	0	654
22307	7	1	5	637	0	650
22308	9	5	4	639	0	657
22309	6	3	626	17	0	652
22310	590	2	14	9	0	615
22311	17	623	3	9	0	652
22312	9	15	4	630	0	658
22313	9	629	1	15	0	654
22314	9	659	3	9	0	680
22315	11	19	2	665	0	697
22316	4	6	653	23	0	686
22317	4	6	663	15	0	688
22318	6	2	17	665	0	690
22319	6	3	652	21	0	682
22320	657	6	16	11	0	690
22321	19	8	4	685	0	716
22322	9	5	5	698	0	717
22323	8	703	2	26	0	739
22324	9	15	2	705	0	731
22325	5	8	9	695	0	717
22326	2	680	5	27	0	714
22327	4	16	3	697	0	720
22328	9	5	3	704	0	721
22329	9	688	3	21	0	721
22330	681	18	3	13	0	715
22331	23	7	675	10	0	715
22332	14	3	669	7	0	693
22333	11	3	20	663	0	697
22334	10	5	6	687	0	708
22335	5	3	667	26	0	701
22336	7	3	638	13	0	661
22337	602	5	14	12	0	633
22338	18	648	5	10	0	681
22339	654	17	2	13	0	686
22340	17	5	675	14	0	711
22341	7	676	17	13	0	713
22342	4	14	6	694	0	718
22343	4	4	707	20	0	735
22344	4	4	677	10	0	695
22345	5	1	19	680	0	705
22346	7	7	680	13	0	707
22347	2	648	12	11	0	673
22348	5	15	9	657	0	686
22349	3	12	664	17	0	696
22350	4	666	16	9	0	695
22351	666	14	10	11	0	701
22352	17	9	670	4	0	700
22353	12	662	19	4	0	697
22354	4	14	12	641	0	671
22355	6	10	6	667	0	689
22356	654	2	6	26	0	688
22357	16	3	4	641	0	664
22358	7	2	5	649	0	663
22359	626	6	3	25	0	660
22360	15	2	2	641	0	660
22361	8	6	607	16	0	637
22362	4	4	9	615	0	632
22363	7	3	614	14	0	638
22364	2	4	583	15	0	604
22365	6	3	613	3	0	625
22366	3	3	15	584	0	605
22367	3	2	13	599	0	617
22368	589	0	8	18	0	615
22369	9	1	8	571	0	589
22370	8	602	3	18	0	631
22371	2	7	6	621	0	636
22372	8	7	4	614	0	633
22373	5	615	3	21	0	644
22374	620	11	3	11	0	645
22375	606	9	3	10	0	628
22376	15	597	4	9	0	625
22377	7	588	3	5	0	603
22378	7	30	5	554	0	596
22379	555	6	9	13	0	583
22380	7	4	542	12	0	565
22381	9	1	500	8	0	518
22382	428	1	13	3	0	445
22383	6	454	8	3	0	471
22384	9	5	2	454	0	470
22385	2	8	3	436	0	449
22386	3	0	2	448	0	453
22387	0	3	1	457	0	461
22388	1	448	1	14	0	464
22389	2	5	0	466	0	473
22390	460	8	1	8	0	477
22391	6	1	0	467	0	474
22392	7	3	0	471	0	481
22393	467	0	0	17	0	484
22394	471	2	1	7	0	481
22395	482	2	1	2	0	487
22396	492	0	1	4	0	497
22397	14	1	3	479	0	497
22398	494	2	1	5	0	502
22399	7	1	1	495	0	504
22400	480	2	2	5	0	489
22401	476	0	1	12	0	489
22402	16	0	2	473	0	491
22403	7	1	489	7	0	504
22404	474	1	3	8	0	486
22405	479	2	8	4	0	493
22406	479	2	0	6	0	487
22407	489	0	1	4	0	494
22408	13	0	2	484	0	499
22409	8	1	474	7	0	490
22410	5	1	452	7	0	465
22411	461	5	12	3	0	481
22412	468	1	5	4	0	478
22413	10	465	2	3	0	480
22414	5	462	2	3	0	472
22415	463	7	0	2	0	472
22416	6	4	1	456	0	467
22417	6	2	1	471	0	480
22418	478	2	0	7	0	487
22419	6	479	0	7	0	492
22420	484	3	2	3	0	492
22421	4	5	473	4	0	486
22422	463	0	3	0	0	466
22423	6	1	4	453	0	464
22424	7	1	472	5	0	485
22425	1	473	6	4	0	484
22426	3	4	4	490	0	501
22427	2	4	519	5	0	530
22428	1	0	7	509	0	517
22429	530	1	4	6	0	541
22430	4	2	521	7	0	534
22431	518	1	7	0	0	526
22432	4	539	5	2	0	550
22433	7	4	0	554	0	565
22434	0	4	583	6	0	593
22435	3	7	5	584	0	599
22436	1	3	593	5	0	602
22437	2	588	5	6	0	601
22438	586	5	6	1	0	598
22439	6	592	0	3	0	601
22440	6	5	2	555	0	568
22441	0	6	2	557	0	565
22442	2	2	537	10	0	551
22443	472	2	6	6	0	486
22444	6	517	5	2	0	530
22445	2	489	0	2	0	493
22446	2	495	0	0	0	497
22447	5	3	3	485	0	496
22448	2	480	1	4	0	487
22449	2	3	1	481	0	487
22450	0	470	0	7	0	477
22451	2	8	0	460	0	470
22452	0	468	0	2	0	470
22453	471	2	0	1	0	474
22454	3	2	471	0	0	476
22455	455	1	2	2	0	460
22456	469	0	1	1	0	471
22457	473	1	0	1	0	475
22458	2	479	0	1	0	482
22459	488	2	0	0	0	490
22460	490	0	0	1	0	491
22461	488	1	0	1	0	490
22462	3	1	484	0	0	488
22463	1	0	4	491	0	496
22464	4	0	508	2	0	514
22465	3	0	3	498	0	504
22466	505	1	0	3	0	509
22467	2	506	1	0	0	509
22468	4	2	573	1	0	580
22469	3	1	4	571	0	579
22470	2	1	1	591	0	595
22471	1	1	665	5	0	672
22472	658	1	5	4	0	668
22473	685	1	3	1	0	690
22474	711	0	3	3	0	717
22475	11	0	1	720	0	732
22476	4	698	0	8	0	710
22477	2	727	1	3	0	733
22478	0	14	1	723	0	738
22479	1	5	0	718	0	724
22480	1	724	2	10	0	737
22481	713	7	0	8	0	728
22482	9	720	1	2	0	732
22483	4	10	2	704	0	720
22484	2	3	710	8	0	723
22485	1	4	9	709	0	723
22486	710	2	3	10	0	725
22487	10	1	706	5	0	722
22488	706	2	7	7	0	722
22489	716	3	4	4	0	727
22490	726	4	5	4	0	739
22491	732	2	0	7	0	741
22492	742	3	1	7	0	753
22493	14	3	736	3	0	756
22494	12	5	706	3	0	726
22495	767	2	12	3	0	784
22496	788	4	6	2	0	800
22497	16	1	4	836	0	857
22498	13	847	3	13	0	876
22499	6	12	2	855	0	875
22500	866	7	3	14	0	890
22501	17	4	3	828	0	852
22502	12	867	3	17	0	899
22503	872	12	2	8	0	894
22504	872	7	1	4	0	884
22505	875	5	1	2	0	883
22506	24	855	3	1	0	883
22507	14	12	3	845	0	874
22508	10	8	2	849	0	869
22509	10	834	1	21	0	866
22510	9	14	1	852	0	876
22511	839	9	1	20	0	869
22512	843	8	2	8	0	861
22513	22	817	2	9	0	850
22514	16	13	0	836	0	865
22515	7	12	1	830	0	850
22516	2	7	1	849	0	859
22517	809	2	0	26	0	837
22518	17	3	793	15	0	828
22519	778	5	13	14	0	810
22520	21	3	796	9	0	829
22521	16	7	17	759	0	799
22522	13	782	9	15	0	819
22523	9	814	3	15	0	841
22524	784	18	3	13	0	818
22525	792	13	3	10	0	818
22526	26	772	2	7	0	807
22527	16	771	3	11	0	801
22528	772	24	7	13	0	816
22529	790	13	2	15	0	820
22530	27	807	5	7	0	846
22531	825	16	3	8	0	852
22532	22	14	808	5	0	849
22533	815	9	11	10	0	845
22534	803	2	12	6	0	823
22535	33	7	4	772	0	816
22536	16	779	2	17	0	814
22537	14	17	6	772	0	809
22538	794	12	2	20	0	828
22539	25	10	3	775	0	813
22540	19	10	3	791	0	823
22541	19	4	800	24	0	847
22542	13	4	14	812	0	843
22543	16	6	10	815	0	847
22544	812	8	7	24	0	851
22545	24	4	802	18	0	848
22546	819	3	16	15	0	853
22547	24	5	10	810	0	849
22548	19	5	6	816	0	846
22549	13	7	4	813	0	837
22550	14	774	2	30	0	820
22551	7	813	6	14	0	840
22552	11	22	0	803	0	836
22553	801	18	2	20	0	841
22554	812	7	1	15	0	835
22555	29	9	3	801	0	842
22556	811	6	2	19	0	838
22557	25	5	3	803	0	836
22558	16	7	4	802	0	829
22559	754	7	1	32	0	794
22560	21	793	1	23	0	838
22561	792	17	3	16	0	828
22562	792	15	2	10	0	819
22563	779	6	3	11	0	799
22564	30	756	2	12	0	800
22565	17	19	1	756	0	793
22566	13	12	1	769	0	795
22567	7	7	737	27	0	778
22568	10	8	11	692	0	721
22569	10	5	663	20	0	698
22570	8	623	13	15	0	659
22571	4	527	8	7	0	546
22572	10	551	2	3	0	566
22573	19	12	12	528	0	571
22574	7	7	0	541	0	555
22575	5	4	2	521	0	532
22576	2	8	1	528	0	539
22577	6	3	524	15	0	548
22578	4	2	634	11	0	651
22579	4	5	15	651	0	675
22580	7	4	660	11	0	682
22581	664	4	11	11	0	690
22582	679	2	8	6	0	695
22583	17	3	665	6	0	691
22584	10	0	11	698	0	719
22585	6	3	11	703	0	723
22586	8	3	4	717	0	732
22587	14	2	2	702	0	720
22588	5	2	8	698	0	713
22589	487	8	2	32	0	529
22590	691	2	5	15	0	713
22591	17	686	1	13	0	717
22592	8	8	664	11	0	691
22593	5	642	12	11	0	670
22594	3	659	5	9	0	676
22595	620	10	2	6	0	638
22596	11	610	1	7	0	629
22597	4	543	4	1	0	552
22598	538	12	3	2	0	555
22599	7	8	541	1	0	557
22600	522	3	5	1	0	531
22601	5	7	3	545	0	560
22602	3	7	0	528	0	538
22603	5	2	0	528	0	535
22604	2	1	522	8	0	533
22605	6	517	5	4	0	532
22606	525	4	3	7	0	539
22607	6	2	1	543	0	552
22608	2	543	1	13	0	559
22609	0	7	3	562	0	572
22610	0	6	564	7	0	577
22611	6	2	6	568	0	582
22612	4	1	2	591	0	598
22613	3	3	2	595	0	603
22614	594	2	1	14	0	611
22615	6	3	5	598	0	612
22616	3	0	598	16	0	617
22617	0	590	10	11	0	611
22618	3	6	4	621	0	634
22619	7	1	2	612	0	622
22620	2	0	604	15	0	621
22621	1	3	585	7	0	596
22622	580	9	17	4	0	610
22623	564	5	9	10	0	588
22624	11	583	5	6	0	605
22625	578	5	6	7	0	596
22626	10	4	574	4	0	592
22627	7	2	559	4	0	572
22628	552	1	13	11	0	577
22629	549	4	10	12	0	575
22630	12	3	533	10	0	558
22631	520	3	9	9	0	541
22632	10	1	532	6	0	549
22633	520	4	9	3	0	536
22634	539	3	7	1	0	550
22635	9	17	5	514	0	545
22636	8	569	6	7	0	590
22637	410	13	9	6	0	438
22638	9	10	572	2	0	593
22639	13	565	10	4	0	592
22640	577	12	12	7	0	608
22641	546	10	2	5	0	563
22642	16	547	2	4	0	569
22643	5	9	8	552	0	574
22644	8	6	546	10	0	570
22645	4	5	9	549	0	567
22646	7	4	540	14	0	565
22647	6	9	8	535	0	558
22648	3	3	6	546	0	558
22649	3	9	529	13	0	554
22650	7	531	13	10	0	561
22651	4	7	9	519	0	539
22652	7	6	378	17	0	408
22653	514	1	5	18	0	538
22654	7	4	7	538	0	556
22655	3	4	3	548	0	558
22656	537	4	5	18	0	564
22657	10	4	5	546	0	565
22658	15	2	3	535	0	555
22659	5	538	1	19	0	563
22660	3	9	7	532	0	551
22661	6	6	524	15	0	551
22662	4	0	14	512	0	530
22663	4	503	4	20	0	531
22664	4	522	8	8	0	542
22665	6	10	4	531	0	551
22666	528	5	5	10	0	548
22667	16	2	6	527	0	551
22668	517	11	10	9	0	547
22669	12	10	3	529	0	554
22670	522	1	7	15	0	545
22671	533	1	5	8	0	547
22672	17	1	6	524	0	548
22673	13	32	4	485	0	534
22674	10	492	9	15	0	526
22675	16	510	2	6	0	534
22676	15	9	496	3	0	523
22677	10	494	7	3	0	514
22678	353	8	4	9	0	374
22679	8	0	3	353	0	364
22680	3	342	0	3	0	348
22681	349	4	0	1	0	354
22682	3	1	5	347	0	356
22683	5	1	0	338	0	344
22684	1	0	4	344	0	349
22685	3	0	1	343	0	347
22686	4	347	0	5	0	356
22687	1	356	0	2	0	359
22688	393	6	1	1	0	401
22689	8	407	0	2	0	417
22690	0	6	2	404	0	412
22691	2	1	0	413	0	416
22692	3	2	0	411	0	416
22693	2	1	0	414	0	417
22694	412	2	0	8	0	422
22695	422	1	0	4	0	427
22696	6	0	410	3	0	419
22697	1	3	6	418	0	428
22698	2	0	418	7	0	427
22699	2	1	7	417	0	427
22700	1	2	1	422	0	426
22701	412	1	2	8	0	423
22702	5	2	3	414	0	424
22703	0	0	417	11	0	428
22704	3	0	388	2	0	393
22705	409	1	6	4	0	420
22706	7	0	418	4	0	429
22707	2	0	10	390	0	402
22708	2	0	409	6	0	417
22709	3	0	6	400	0	409
22710	1	393	2	6	0	402
22711	1	4	1	396	0	402
22712	0	382	3	6	0	391
22713	0	395	1	1	0	397
22714	0	5	2	390	0	397
22715	391	1	1	6	0	399
22716	7	393	0	0	0	400
22717	1	5	0	395	0	401
22718	410	2	0	9	0	421
22719	416	0	0	0	0	416
22720	420	1	1	0	0	422
22721	4	0	1	421	0	426
22722	1	1	0	422	0	424
22723	430	0	0	8	0	438
22724	423	0	1	0	0	424
22725	425	2	0	2	0	429
22726	5	1	0	424	0	430
22727	1	3	412	4	0	420
22728	405	0	4	2	0	411
22729	7	0	0	399	0	406
22730	1	412	0	7	0	420
22731	3	6	0	414	0	423
22732	2	408	0	7	0	417
22733	3	4	0	417	0	424
22734	2	2	411	5	0	420
22735	1	401	4	3	0	409
22736	0	7	0	379	0	386
22737	1	0	0	385	0	386
22738	3	0	1	380	0	384
22739	384	1	1	4	0	390
22740	3	383	0	2	0	388
22741	0	3	1	392	0	396
22742	396	0	1	6	0	403
22743	402	0	0	1	0	403
22744	5	1	0	406	0	412
22745	2	3	426	5	0	436
22746	1	0	3	432	0	436
22747	1	433	2	3	0	439
22748	1	5	0	448	0	454
22749	449	1	3	4	0	457
22750	3	1	0	469	0	473
22751	1	1	484	4	0	490
22752	0	499	3	6	0	508
22753	509	5	2	3	0	519
22754	5	1	502	3	0	511
22755	503	1	5	1	0	510
22756	6	2	1	518	0	527
22757	4	0	0	527	0	531
22758	2	518	1	6	0	527
22759	537	4	0	2	0	543
22760	4	2	1	552	0	559
22761	6	0	0	571	0	577
22762	1	1	2	573	0	577
22763	3	0	579	8	0	590
22764	2	0	5	579	0	586
22765	596	0	2	9	0	607
22766	610	1	1	7	0	619
22767	10	1	1	607	0	619
22768	4	1	0	622	0	627
22769	608	0	2	10	0	620
22770	6	0	602	4	0	612
22771	589	0	4	4	0	597
22772	5	0	583	4	0	592
22773	5	3	579	1	0	588
22774	2	0	6	592	0	600
22775	2	1	604	7	0	614
22776	602	1	5	7	0	615
22777	6	0	1	620	0	627
22778	3	2	623	4	0	632
22779	593	1	4	7	0	605
22780	609	1	2	3	0	615
22781	8	1	642	5	0	656
22782	5	2	5	618	0	630
22783	1	668	4	8	0	681
22784	672	4	1	6	0	683
22785	7	4	671	0	0	682
22786	625	0	4	5	0	634
22787	4	668	5	3	0	680
22788	641	1	1	4	0	647
22789	632	2	1	6	0	641
22790	630	1	1	2	0	634
22791	6	1	0	630	0	637
22792	5	638	2	3	0	648
22793	0	2	633	5	0	640
22794	3	650	2	1	0	656
22795	1	3	2	596	0	602
22796	3	633	1	1	0	638
22797	1	639	1	7	0	648
22798	633	2	1	3	0	639
22799	3	3	632	2	0	640
22800	6	1	641	2	0	650
22801	0	3	642	2	0	647
22802	3	664	3	0	0	670
22803	663	1	2	5	0	671
22804	662	3	0	4	0	669
22805	658	2	1	2	0	663
22806	5	661	2	0	0	668
22807	2	1	1	705	0	709
22808	1	3	696	2	0	702
22809	5	2	686	3	0	696
22810	705	1	4	6	0	716
22811	730	0	4	4	0	738
22812	726	0	0	2	0	728
22813	6	0	723	1	0	730
22814	723	1	2	3	0	729
22815	3	1	3	725	0	732
22816	5	0	2	733	0	740
22817	2	1	778	5	0	786
22818	2	772	3	3	0	780
22819	2	1	3	797	0	803
22820	1	3	788	2	0	794
22821	751	0	2	6	0	759
22822	5	1	2	791	0	799
22823	7	0	0	777	0	784
22824	771	0	1	10	0	782
22825	2	1	2	774	0	779
22826	769	2	1	5	0	777
22827	766	0	2	6	0	774
22828	4	0	3	777	0	784
22829	7	1	0	770	0	778
22830	755	3	1	6	0	765
22831	4	0	0	767	0	771
22832	772	0	3	5	0	780
22833	777	0	2	8	0	787
22834	773	1	2	4	0	780
22835	7	2	0	776	0	785
22836	5	0	1	774	0	780
22837	766	0	1	9	0	776
22838	3	760	1	5	0	769
22839	3	731	3	2	0	739
22840	742	4	2	5	0	753
22841	4	2	736	2	0	744
22842	733	0	3	4	0	740
22843	3	1	2	769	0	775
22844	2	2	758	2	0	764
22845	734	0	3	1	0	738
22846	4	0	1	756	0	761
22847	2	1	0	760	0	763
22848	1	0	2	778	0	781
22849	2	0	1	766	0	769
22850	754	1	0	4	0	759
22851	2	736	1	1	0	740
22852	705	0	1	7	0	713
22853	3	3	709	0	0	715
22854	3	1	681	0	0	685
22855	1	724	2	1	0	728
22856	3	3	1	728	0	735
22857	2	2	720	0	0	724
22858	1	660	0	2	0	663
22859	1	4	686	0	0	691
22860	0	0	0	683	0	683
22861	1	0	1	658	0	660
22862	687	0	0	3	0	690
22863	0	0	1	678	0	679
22864	678	0	0	4	0	682
22865	1	0	682	0	0	683
22866	1	676	1	0	0	678
22867	0	0	0	713	0	713
22868	0	1	0	722	0	723
22869	0	0	731	0	0	731
22870	1	1	676	1	0	679
22871	685	0	0	1	0	686
22872	727	1	0	0	0	728
22873	3	0	0	724	0	727
22874	0	0	0	716	0	716
22875	0	709	0	0	0	709
22876	0	0	0	729	0	729
22877	722	0	0	0	0	722
22878	720	0	0	0	0	720
22879	2	729	1	0	0	732
22880	734	2	0	1	0	737
22881	717	0	1	1	0	719
22882	2	0	0	782	0	784
22883	0	761	1	5	0	767
22884	0	5	0	772	0	777
22885	5	0	0	771	0	776
22886	1	2	762	6	0	771
22887	775	1	6	2	0	784
22888	9	1	0	836	0	846
22889	1	0	0	887	0	888
22890	0	1009	0	13	0	1022
22891	0	21	1	1089	0	1111
22892	1092	0	0	24	0	1116
22893	1205	1	0	5	0	1211
22894	26	2	1170	2	0	1200
22895	3	2	1174	4	0	1183
22896	4	0	26	1224	0	1254
22897	7	2	3	1283	0	1295
22898	2	1	1258	38	0	1299
22899	7	2	1271	5	0	1285
22900	8	0	38	1200	0	1246
22901	6	0	1239	33	0	1278
22902	5	3	1245	9	0	1262
22903	3	0	40	1228	0	1271
22904	1233	1	11	48	0	1293
22905	1258	4	10	15	0	1287
22906	36	0	11	1250	0	1297
22907	12	1	9	1254	0	1276
22908	1214	0	15	44	0	1273
22909	38	1	15	1197	0	1251
22910	1174	1	15	49	0	1239
22911	1206	0	6	18	0	1230
22912	44	1	5	1183	0	1233
22913	16	0	11	1213	0	1240
22914	1163	2	7	53	0	1225
22915	45	1140	3	20	0	1208
22916	15	1168	8	18	0	1209
22917	17	30	8	1106	0	1161
22918	14	6	1080	51	0	1151
22919	22	3	31	1089	0	1145
22920	1100	4	7	50	0	1161
22921	41	3	10	1099	0	1153
22922	1103	5	2	50	0	1160
22923	46	7	1092	18	0	1163
22924	1104	5	37	21	0	1167
22925	48	7	11	1118	0	1184
22926	14	5	3	1170	0	1192
22927	16	3	1149	46	0	1214
22928	15	1	36	1160	0	1212
22929	18	2	12	1190	0	1222
22930	12	6	11	1196	0	1225
22931	1173	4	5	50	0	1232
22932	38	0	1166	26	0	1230
22933	15	1	1151	20	0	1187
22934	1129	1	44	23	0	1197
22935	1174	2	8	28	0	1212
22936	45	0	1159	23	0	1227
22937	19	3	40	1127	0	1189
22938	17	1159	13	41	0	1230
22939	21	31	14	1187	0	1253
22940	1186	4	14	49	0	1253
22941	1216	3	14	24	0	1257
22942	51	3	15	1166	0	1235
22943	20	1165	14	45	0	1244
22944	18	35	12	1148	0	1213
22945	18	1185	7	46	0	1256
22946	1194	37	9	21	0	1261
22947	1139	12	17	18	0	1186
22948	1153	4	15	25	0	1197
22949	52	1096	11	16	0	1175
22950	29	1173	4	17	0	1223
22951	14	40	10	1181	0	1245
22952	18	16	9	1202	0	1245
22953	22	9	11	1191	0	1233
22954	19	11	6	1213	0	1249
22955	27	4	1138	49	0	1218
22956	1119	7	37	25	0	1188
22957	54	10	1140	25	0	1229
22958	1177	11	39	22	0	1249
22959	55	8	1197	25	0	1285
22960	1199	8	41	31	0	1279
22961	54	7	1229	28	0	1318
22962	1213	4	52	24	0	1293
22963	56	4	20	1233	0	1313
22964	1241	8	20	53	0	1322
22965	65	8	13	1238	0	1324
22966	20	2	18	1280	0	1320
22967	27	1	14	1216	0	1258
22968	18	1161	25	53	0	1257
22969	1190	45	5	25	0	1265
22970	1214	7	15	24	0	1260
22971	67	1172	11	24	0	1274
22972	20	38	13	1190	0	1261
22973	24	9	1171	62	0	1266
22974	1160	2	43	38	0	1243
22975	1229	10	7	32	0	1278
22976	1223	9	10	23	0	1265
22977	66	9	11	1164	0	1250
22978	30	1155	11	52	0	1248
22979	27	44	6	1157	0	1234
22980	1158	14	10	54	0	1236
22981	59	2	17	1117	0	1195
22982	21	1072	11	44	0	1148
22983	1063	41	6	24	0	1134
22984	57	9	1049	24	0	1139
22985	30	10	1058	16	0	1114
22986	25	1032	39	20	0	1116
22987	18	1025	18	19	0	1080
22988	27	40	961	16	0	1044
22989	25	19	903	14	0	961
22990	20	56	30	701	0	807
22991	711	10	8	12	0	741
22992	19	6	718	13	0	756
22993	5	645	10	6	0	666
22994	636	11	8	6	0	661
22995	12	616	6	5	0	639
22996	559	4	2	2	0	567
22997	8	556	2	0	0	566
22998	4	570	2	1	0	577
22999	5	7	3	579	0	594
23000	1	4	1	584	0	590
23001	2	3	549	8	0	562
23002	4	0	5	550	0	559
23003	551	2	1	9	0	563
23004	556	2	1	1	0	560
23005	8	1	0	554	0	563
23006	1	1	543	7	0	552
23007	0	1	534	3	0	538
23008	3	5	7	548	0	563
23009	2	1	553	6	0	562
23010	2	0	8	553	0	563
23011	2	1	4	544	0	551
23012	2	0	593	8	0	603
23013	567	0	7	6	0	580
23014	594	0	5	5	0	604
23015	7	2	623	0	0	632
23016	5	1	630	2	0	638
23017	4	1	8	672	0	685
23018	1	0	6	719	0	726
23019	0	1	2	747	0	750
23020	3	1	1	737	0	742
23021	741	0	2	17	0	760
23022	769	1	1	9	0	780
23023	13	0	1	826	0	840
23024	5	2	1	908	0	916
23025	6	0	988	19	0	1013
23026	3	0	19	1044	0	1066
23027	5	1	9	1125	0	1140
23028	1192	0	6	35	0	1233
23029	26	1244	1	16	0	1287
23030	14	26	1	1263	0	1304
23031	6	12	1	1279	0	1298
23032	5	3	2	1268	0	1278
23033	1	1131	2	46	0	1180
23034	2	1255	2	21	0	1280
23035	7	38	2	1228	0	1275
23036	11	13	1	1239	0	1264
23037	4	7	2	1264	0	1277
23038	1180	3	3	50	0	1236
23039	29	1192	1	22	0	1244
23040	1204	27	1	15	0	1247
23041	1216	14	5	7	0	1242
23042	42	5	6	1174	0	1227
23043	18	1174	2	33	0	1227
23044	1166	28	7	23	0	1224
23045	34	15	2	1178	0	1229
23046	1218	8	0	34	0	1260
23047	36	3	1	1226	0	1266
23048	16	1	1228	44	0	1289
23049	7	4	1232	22	0	1265
23050	9	5	36	1233	0	1283
23051	2	8	19	1238	0	1267
23052	11	1	7	1215	0	1234
23053	5	1163	1	50	0	1219
23054	4	1236	5	26	0	1271
23055	1212	36	5	16	0	1269
23056	1201	21	2	18	0	1242
23057	44	1182	3	11	0	1240
23058	18	1119	2	9	0	1148
23059	4	1193	1	22	0	1220
23060	1132	42	0	17	0	1191
23061	26	1147	2	11	0	1186
23062	14	27	1	1148	0	1190
23063	1147	17	0	30	0	1194
23064	1152	5	2	21	0	1180
23065	46	4	6	1101	0	1157
23066	19	4	1104	33	0	1160
23067	7	9	1101	23	0	1140
23068	10	3	31	1112	0	1156
23069	4	4	1122	37	0	1167
23070	7	9	24	1132	0	1172
23071	9	6	15	1138	0	1168
23072	9	4	1119	43	0	1175
23073	9	5	1120	23	0	1157
23074	6	7	37	1120	0	1170
23075	3	9	18	1164	0	1194
23076	1102	8	8	52	0	1170
23077	30	1108	1	27	0	1166
23078	15	1169	1	17	0	1202
23079	1135	39	0	19	0	1193
23080	1185	19	1	10	0	1215
23081	44	1144	2	10	0	1200
23082	21	1172	3	18	0	1214
23083	1166	42	8	11	0	1227
23084	35	22	4	1154	0	1215
23085	1142	13	6	40	0	1201
23086	28	1130	9	36	0	1203
23087	1153	23	4	22	0	1202
23088	34	16	1124	18	0	1192
23089	1121	10	28	20	0	1179
23090	31	4	1155	16	0	1206
23091	19	6	31	1136	0	1192
23092	1115	7	17	44	0	1183
23093	35	7	1105	23	0	1170
23094	14	15	27	1120	0	1176
23095	1097	9	13	45	0	1164
23096	37	5	1106	22	0	1170
23097	26	8	29	1110	0	1173
23098	1104	13	17	34	0	1168
23099	31	1078	5	29	0	1143
23100	30	26	4	1102	0	1162
23101	19	18	2	1096	0	1135
23102	13	19	1	1104	0	1137
23103	13	1100	2	40	0	1155
23104	20	28	5	1120	0	1173
23105	11	21	8	1140	0	1180
23106	16	13	4	1148	0	1181
23107	13	7	11	1166	0	1197
23108	6	5	1128	55	0	1194
23109	1086	5	28	27	0	1146
23110	1130	8	19	16	0	1173
23111	42	1113	6	18	0	1179
23112	24	28	10	1072	0	1134
23113	14	16	10	1092	0	1132
23114	13	1069	5	39	0	1126
23115	12	27	6	1073	0	1118
23116	1011	18	6	36	0	1071
23117	28	987	8	22	0	1045
23118	961	22	6	13	0	1002
23119	31	16	3	946	0	996
23120	15	7	936	30	0	988
23121	3	934	25	26	0	988
23122	904	20	15	9	0	948
23123	19	847	2	9	0	877
23124	9	790	2	9	0	810
23125	684	16	3	7	0	710
23126	11	5	651	7	0	674
23127	6	571	9	3	0	589
23128	437	13	22	7	0	479
23129	399	0	1	0	0	400
23130	2	399	0	1	0	402
23131	2	2	0	415	0	419
23132	1	0	414	2	0	417
23133	0	1	2	410	0	413
23134	1	0	0	400	0	401
23135	0	1	1	427	0	429
23136	0	1	428	3	0	432
23137	1	0	1	408	0	410
23138	0	0	421	3	0	424
23139	1	1	402	0	0	404
23140	377	1	2	3	0	383
23141	3	412	1	0	0	416
23142	0	426	2	0	0	428
23143	2	2	0	432	0	436
23144	463	1	1	3	0	468
23145	465	1	0	1	0	467
23146	446	0	0	1	0	447
23147	448	0	1	1	0	450
23148	411	0	0	3	0	414
23149	6	0	394	0	0	400
23150	3	0	4	395	0	402
23151	2	392	1	4	0	399
23152	1	4	1	401	0	407
23153	411	2	0	5	0	418
23154	3	401	0	3	0	407
23155	2	5	0	418	0	425
23156	418	2	1	6	0	427
23157	437	1	0	4	0	442
23158	6	1	0	430	0	437
23159	4	0	1	414	0	419
23160	1	0	0	425	0	426
23161	1	0	417	7	0	425
23162	0	1	410	2	0	413
23163	1	0	5	411	0	417
23164	2	0	1	419	0	422
23165	417	3	1	6	0	427
23166	424	0	0	5	0	429
23167	423	0	1	6	0	430
23168	424	2	0	1	0	427
23169	418	1	0	2	0	421
23170	7	433	1	1	0	442
23171	455	6	0	4	0	465
23172	458	1	0	3	0	462
23173	457	2	1	2	0	462
23174	6	0	2	468	0	476
23175	3	1	455	6	0	465
23176	4	2	5	465	0	476
23177	1	2	511	8	0	522
23178	3	6	6	484	0	499
23179	3	506	2	5	0	516
23180	496	5	2	5	0	508
23181	512	1	1	4	0	518
23182	8	2	1	524	0	535
23183	0	4	1	566	0	571
23184	4	0	0	568	0	572
23185	3	565	1	7	0	576
23186	572	6	2	3	0	583
23187	563	2	0	5	0	570
23188	7	564	0	0	0	571
23189	5	7	0	571	0	583
23190	4	1	2	571	0	578
23191	1	571	0	9	0	581
23192	578	7	0	3	0	588
23193	579	1	1	4	0	585
23194	9	1	1	581	0	592
23195	3	1	585	8	0	597
23196	1	0	550	5	0	556
23197	2	0	7	600	0	609
23198	1	0	5	601	0	607
23199	2	0	2	608	0	612
23200	602	0	1	9	0	612
23201	608	1	1	5	0	615
23202	8	638	1	2	0	649
23203	657	7	1	2	0	667
23204	11	0	638	2	0	651
23205	4	3	617	3	0	627
23206	5	657	8	3	0	673
23207	640	7	5	1	0	653
23208	8	638	2	1	0	649
23209	641	10	1	1	0	653
23210	11	2	639	0	0	652
23211	3	3	632	2	0	640
23212	4	2	8	639	0	653
23213	2	2	676	8	0	688
23214	2	0	7	677	0	686
23215	7	1	3	590	0	601
23216	1	666	4	13	0	684
23217	2	7	0	688	0	697
23218	2	2	1	694	0	699
23219	700	2	0	12	0	714
23220	6	691	0	8	0	705
23221	2	9	0	718	0	729
23222	3	4	708	7	0	722
23223	626	2	7	1	0	636
23224	9	1	693	3	0	706
23225	5	1	8	681	0	695
23226	3	720	5	9	0	737
23227	1	9	4	718	0	732
23228	739	4	2	12	0	757
23229	745	1	2	6	0	754
23230	18	769	0	2	0	789
23231	803	10	1	6	0	820
23232	798	5	2	4	0	809
23233	783	3	2	1	0	789
23234	814	1	1	5	0	821
23235	772	0	2	3	0	777
23236	15	1	786	2	0	804
23237	9	2	11	773	0	795
23238	5	2	3	761	0	771
23239	4	1	2	788	0	795
23240	3	783	2	17	0	805
23241	6	10	1	792	0	809
23242	1	6	786	11	0	804
23243	1	744	13	9	0	767
23244	0	756	7	6	0	769
23245	5	13	6	746	0	770
23246	2	5	3	748	0	758
23247	4	3	0	742	0	749
23248	0	723	1	15	0	739
23249	3	743	2	8	0	756
23250	747	13	1	3	0	764
23251	746	5	0	9	0	760
23252	16	748	1	3	0	768
23253	771	9	0	7	0	787
23254	797	6	3	6	0	812
23255	16	2	0	810	0	828
23256	8	3	1	826	0	838
23257	5	1	1	822	0	829
23258	4	3	821	15	0	843
23259	5	1	785	7	0	798
23260	2	868	15	2	0	887
23261	890	11	4	4	0	909
23262	14	5	908	2	0	929
23263	887	2	13	4	0	906
23264	14	3	987	3	0	1007
23265	992	1	19	3	0	1015
23266	18	1030	9	3	0	1060
23267	1062	19	3	3	0	1087
23268	23	8	2	1061	0	1094
23269	11	2	3	1091	0	1107
23270	6	4	1066	23	0	1099
23271	4	1068	13	12	0	1097
23272	9	17	6	1078	0	1110
23273	3	8	1073	21	0	1105
23274	982	7	16	12	0	1017
23275	17	1074	6	9	0	1106
23276	1064	14	5	6	0	1089
23277	19	1021	4	3	0	1047
23278	12	21	1	1027	0	1061
23279	1019	8	2	22	0	1051
23280	17	1045	4	7	0	1073
23281	10	21	1	1044	0	1076
23282	5	8	1022	19	0	1054
23283	947	3	17	11	0	978
23284	21	7	6	989	0	1023
23285	11	4	1001	18	0	1034
23286	7	1007	17	9	0	1040
23287	7	16	6	1006	0	1035
23288	1	10	1006	17	0	1034
23289	6	6	16	967	0	995
23290	5	1009	9	17	0	1040
23291	7	1036	3	13	0	1059
23292	3	27	1029	4	0	1063
23293	3	23	14	998	0	1038
23294	5	4	1031	17	0	1057
23295	991	5	14	11	0	1021
23296	15	6	11	1004	0	1036
23297	10	984	3	15	0	1012
23298	6	1033	2	7	0	1048
23299	1021	24	4	8	0	1057
23300	18	1088	3	5	0	1114
23301	1085	19	3	5	0	1112
23302	20	8	1040	5	0	1073
23303	977	3	16	6	0	1002
23304	16	1027	7	2	0	1052
23305	1029	15	3	6	0	1053
23306	14	1016	6	2	0	1038
23307	14	16	3	1003	0	1036
23308	5	10	1	1042	0	1058
23309	4	4	1021	17	0	1046
23310	965	6	13	9	0	993
23311	14	2	1004	7	0	1027
23312	1000	3	14	8	0	1025
23313	18	4	8	1003	0	1033
23314	9	4	3	1018	0	1034
23315	3	1030	2	33	0	1068
23316	6	18	3	1076	0	1103
23317	3	8	2	1111	0	1124
23318	6	5	1082	22	0	1115
23319	996	7	17	14	0	1034
23320	21	1075	8	4	0	1108
23321	1065	20	3	6	0	1094
23322	20	6	3	1065	0	1094
23323	11	4	1	1078	0	1094
23324	1047	7	6	32	0	1092
23325	18	1091	3	7	0	1119
23326	1058	16	4	7	0	1085
23327	18	1033	2	5	0	1058
23328	9	1034	2	4	0	1049
23329	1033	19	2	6	0	1060
23330	22	11	1	995	0	1029
23331	8	4	986	14	0	1012
23332	3	2	13	989	0	1007
23333	2	3	9	1001	0	1015
23334	3	986	0	27	0	1016
23335	4	12	5	998	0	1019
23336	4	8	0	1003	0	1015
23337	2	2	3	1013	0	1020
23338	7	2	0	1031	0	1040
23339	1	2	996	26	0	1025
23340	3	3	1012	12	0	1030
23341	3	2	21	1035	0	1061
23342	2	3	1036	19	0	1060
23343	4	2	1014	12	0	1032
23344	5	2	24	1047	0	1078
23345	5	4	1090	17	0	1116
23346	5	3	17	1048	0	1073
23347	2	1087	11	16	0	1116
23348	1134	15	2	12	0	1163
23349	16	11	1214	5	0	1246
23350	15	2	21	1211	0	1249
23351	5	4	1263	24	0	1296
23352	9	2	22	1344	0	1377
23353	1	7	15	1365	0	1388
23354	1354	3	0	42	0	1399
23355	25	2	6	1389	0	1422
23356	1345	1	4	35	0	1385
23357	1364	1	5	19	0	1389
23358	36	1332	10	6	0	1384
23359	1334	22	2	10	0	1368
23360	24	1291	4	6	0	1325
23361	14	1325	4	4	0	1347
23362	1289	30	5	7	0	1331
23363	23	11	1306	8	0	1348
23364	12	2	1270	3	0	1287
23365	1197	6	31	8	0	1242
23366	1231	2	9	9	0	1251
23367	29	1214	5	3	0	1251
23368	1239	20	2	7	0	1268
23369	1264	13	5	5	0	1287
23370	1276	3	4	6	0	1289
23371	32	6	1	1244	0	1283
23372	1245	2	4	22	0	1273
23373	21	1268	5	17	0	1311
23374	16	18	2	1295	0	1331
23375	8	11	2	1296	0	1317
23376	3	1276	4	28	0	1311
23377	5	19	2	1299	0	1325
23378	1273	12	3	23	0	1311
23379	1279	5	0	17	0	1301
23380	32	1227	0	5	0	1264
23381	16	1264	3	9	0	1292
23382	1248	28	4	7	0	1287
23383	26	14	1251	5	0	1296
23384	16	1	1253	5	0	1275
23385	5	6	29	1218	0	1258
23386	10	5	10	1258	0	1283
23387	9	3	1246	32	0	1290
23388	5	1196	22	18	0	1241
23389	12	23	13	1150	0	1198
23390	11	11	1249	25	0	1296
23391	10	4	21	1236	0	1271
23392	8	6	9	1235	0	1258
23393	8	1281	4	33	0	1326
23394	8	23	8	1264	0	1303
23395	6	12	4	1294	0	1316
23396	5	4	5	1305	0	1319
23397	1284	3	5	33	0	1325
23398	20	6	6	1253	0	1285
23399	17	1251	1	27	0	1296
23400	1214	20	5	19	0	1258
23401	26	16	1191	7	0	1240
23402	14	5	1188	11	0	1218
23403	1196	5	24	6	0	1231
23404	28	2	10	1216	0	1256
23405	14	6	1249	22	0	1291
23406	8	6	20	1229	0	1263
23407	13	4	11	1277	0	1305
23408	1260	4	9	35	0	1308
23409	1265	8	6	18	0	1297
23410	29	1274	5	16	0	1324
23411	19	19	10	1274	0	1322
23412	8	10	1288	24	0	1330
23413	12	1322	18	17	0	1369
23414	1300	24	11	7	0	1342
23415	24	1325	6	7	0	1362
23416	1278	18	7	7	0	1310
23417	21	10	1279	10	0	1320
23418	1249	2	20	10	0	1281
23419	1324	6	11	8	0	1349
23420	32	3	1380	10	0	1425
23421	16	3	19	1366	0	1404
23422	8	1343	14	24	0	1389
23423	5	1442	6	27	0	1480
23424	8	1459	3	9	0	1479
23425	7	31	0	1420	0	1458
23426	6	15	1442	24	0	1487
23427	11	3	24	1427	0	1465
23428	8	6	9	1460	0	1483
23429	8	4	1450	36	0	1498
23430	7	1446	30	13	0	1496
23431	7	26	11	1416	0	1460
23432	1446	9	2	35	0	1492
23433	27	6	7	1444	0	1484
23434	18	7	3	1435	0	1463
23435	6	1437	3	35	0	1481
23436	1438	24	6	17	0	1485
23437	32	10	4	1474	0	1520
23438	12	5	1466	32	0	1515
23439	5	1464	24	19	0	1512
23440	1433	26	10	6	0	1475
23441	27	12	1455	7	0	1501
23442	1426	1	22	8	0	1457
23443	29	6	9	1440	0	1484
23444	12	1440	4	22	0	1478
23445	1415	25	5	19	0	1464
23446	1430	13	1	7	0	1451
23447	33	1427	5	4	0	1469
23448	12	28	3	1394	0	1437
23449	9	7	3	1347	0	1366
23450	1312	2	3	26	0	1343
23451	21	1286	4	7	0	1318
23452	11	20	4	1173	0	1208
23453	2	1161	4	19	0	1186
23454	5	1142	1	5	0	1153
23455	10	21	6	1111	0	1148
23456	1095	6	3	17	0	1121
23457	14	1109	0	7	0	1130
23458	4	18	0	1112	0	1134
23459	2	10	2	1117	0	1131
23460	7	1	1093	17	0	1118
23461	2	3	1045	8	0	1058
23462	2	1075	18	3	0	1098
23463	3	15	1030	3	0	1051
23464	4	4	17	1016	0	1041
23465	1	3	1026	13	0	1043
23466	3	2	12	1056	0	1073
23467	2	2	3	1072	0	1079
23468	2	2	0	1079	0	1083
23469	1033	2	2	23	0	1060
23470	16	0	0	1023	0	1039
23471	3	3	1	1018	0	1025
23472	2	1013	1	19	0	1035
23473	3	14	0	998	0	1015
23474	1015	1	2	17	0	1035
23475	11	1047	2	4	0	1064
23476	1036	17	1	2	0	1056
23477	13	5	1040	2	0	1060
23478	4	3	1067	1	0	1075
23479	2	5	18	1102	0	1127
23480	6	1	2	1125	0	1134
23481	0	1116	3	17	0	1136
23482	4	17	2	1020	0	1043
23483	1097	2	2	24	0	1125
23484	1099	1	1	8	0	1109
23485	20	3	1	1109	0	1133
23486	6	2	1175	19	0	1202
23487	4	0	18	1176	0	1198
23488	6	1	2	1211	0	1220
23489	2	2	4	1218	0	1226
23490	2	1	4	1189	0	1196
23491	1	3	1	1175	0	1180
23492	1	1174	2	23	0	1200
23493	1146	20	0	9	0	1175
23494	1178	3	0	8	0	1189
23495	1167	1	3	5	0	1176
23496	20	1183	2	4	0	1209
23497	1182	16	1	11	0	1210
23498	22	1187	4	5	0	1218
23499	6	20	1176	3	0	1205
23500	3	6	15	1155	0	1179
23501	7	3	1182	20	0	1212
23502	1	1209	20	6	0	1236
23503	1188	20	4	12	0	1224
23504	19	7	1212	9	0	1247
23505	7	6	1266	2	0	1281
23506	3	1317	20	8	0	1348
23507	12	23	9	1335	0	1379
23508	6	12	1421	23	0	1462
23509	10	1	27	1375	0	1413
23510	2	7	13	1577	0	1599
23511	6	3	1	1680	0	1690
23512	1743	1	8	44	0	1796
23513	1749	4	2	24	0	1779
23514	44	3	1	1747	0	1795
23515	1786	1	4	45	0	1836
23516	39	9	1794	15	0	1857
23517	24	3	1767	6	0	1800
23518	7	2	1794	13	0	1816
23519	15	1	1775	7	0	1798
23520	3	1708	42	12	0	1765
23521	21	26	17	1669	0	1733
23522	7	15	1716	25	0	1763
23523	1581	3	34	22	0	1640
23524	1687	10	15	8	0	1720
23525	36	1682	13	12	0	1743
23526	1667	25	16	9	0	1717
23527	39	12	11	1650	0	1712
23528	19	2	1693	25	0	1739
23529	10	11	33	1598	0	1652
23530	12	1681	20	26	0	1739
23531	1629	24	11	33	0	1697
23532	1673	16	17	12	0	1718
23533	40	1674	6	11	0	1731
23534	1717	31	10	10	0	1768
23535	1718	15	7	12	0	1752
23536	50	1695	7	8	0	1760
23537	24	29	8	1652	0	1713
23538	17	1679	4	27	0	1727
23539	1699	28	5	20	0	1752
23540	33	22	11	1673	0	1739
23541	1697	8	5	34	0	1744
23542	29	17	7	1679	0	1732
23543	30	7	1660	24	0	1721
23544	1612	10	22	20	0	1664
23545	33	12	1648	13	0	1706
23546	25	6	26	1627	0	1684
23547	19	8	1644	25	0	1696
23548	20	10	23	1632	0	1685
23549	15	7	1640	28	0	1690
23550	1581	9	20	27	0	1637
23551	28	1632	24	16	0	1700
23552	1663	21	11	20	0	1715
23553	34	15	17	1636	0	1702
23554	1648	10	7	35	0	1700
23555	32	1619	11	28	0	1690
23556	30	1613	8	10	0	1661
23557	11	1703	10	17	0	1741
23558	1694	29	8	14	0	1745
23559	33	20	12	1687	0	1752
23560	24	15	7	1702	0	1748
23561	11	18	1674	39	0	1742
23562	23	7	1643	25	0	1698
23563	17	8	35	1693	0	1753
23564	14	9	1707	38	0	1768
23565	8	1680	33	21	0	1742
23566	1658	29	28	15	0	1730
23567	31	22	1698	13	0	1764
23568	25	11	1680	13	0	1729
23569	11	17	42	1671	0	1741
23570	1703	6	24	35	0	1768
23571	36	5	17	1705	0	1763
23572	1718	6	16	36	0	1776
23573	29	14	16	1718	0	1777
23574	31	11	1698	27	0	1767
23575	19	1667	28	27	0	1741
23576	21	26	1715	9	0	1771
23577	7	1715	32	20	0	1774
23578	14	41	26	1671	0	1752
23579	1645	21	14	36	0	1716
23580	29	6	1655	21	0	1711
23581	27	11	27	1631	0	1696
23582	19	5	21	1688	0	1733
23583	1705	8	11	42	0	1766
23584	29	10	16	1673	0	1728
23585	21	1695	16	34	0	1766
23586	1636	25	9	26	0	1696
23587	33	19	1624	14	0	1690
23588	1576	11	28	17	0	1632
23589	38	1631	15	11	0	1695
23590	24	28	9	1557	0	1618
23591	15	1643	15	26	0	1699
23592	1638	26	8	20	0	1692
23593	32	22	1636	11	0	1701
23594	1597	15	23	19	0	1654
23595	32	1653	20	6	0	1711
23596	24	23	6	1659	0	1712
23597	1654	17	14	29	0	1714
23598	1672	8	6	26	0	1712
23599	37	12	8	1650	0	1707
23600	28	8	6	1653	0	1695
23601	16	1639	7	38	0	1700
23602	20	33	5	1603	0	1661
23603	13	1798	7	29	0	1847
23604	11	1925	8	25	0	1969
23605	5	72	7	1701	0	1785
23606	11	1829	4	31	0	1875
23607	9	36	1879	13	0	1937
23608	11	13	1949	9	0	1982
23609	15	1942	42	18	0	2017
23610	15	40	1919	7	0	1981
23611	9	16	1904	6	0	1935
23612	7	12	1764	7	0	1790
23613	6	1740	50	4	0	1800
23614	1692	39	30	4	0	1765
23615	28	1686	16	1	0	1731
23616	8	42	1664	1	0	1715
23617	18	12	35	1638	0	1703
23618	1646	14	16	30	0	1706
23619	31	4	1641	13	0	1689
23620	15	9	37	1626	0	1687
23621	16	2	1659	30	0	1707
23622	7	7	42	1632	0	1688
23623	1615	6	24	41	0	1686
23624	30	7	1641	17	0	1695
23625	17	1645	41	18	0	1721
23626	13	36	28	1609	0	1686
23627	1680	13	19	44	0	1756
23628	38	16	1691	14	0	1759
23629	20	9	42	1612	0	1683
23630	15	1704	15	37	0	1771
23631	1729	33	20	17	0	1799
23632	1775	19	12	18	0	1824
23633	46	14	16	1731	0	1807
23634	23	1719	14	43	0	1799
23635	18	1802	16	16	0	1852
23636	1853	48	12	24	0	1937
23637	52	28	8	1818	0	1906
23638	21	1882	16	42	0	1961
23639	1885	50	8	23	0	1966
23640	63	20	4	1895	0	1982
23641	28	18	14	1926	0	1986
23642	20	25	1811	58	0	1914
23643	13	1862	44	34	0	1953
23644	21	1949	18	26	0	2014
23645	21	57	22	1923	0	2023
23646	1921	25	11	53	0	2010
23647	50	1926	9	23	0	2008
23648	1918	56	6	33	0	2013
23649	64	1923	12	12	0	2011
23650	21	58	12	1940	0	2031
23651	1954	28	7	48	0	2037
23652	54	36	6	1942	0	2038
23653	30	12	1939	65	0	2046
23654	28	18	44	1862	0	1952
23655	15	1927	12	72	0	2026
23656	1901	52	16	22	0	1991
23657	43	1876	7	30	0	1956
23658	23	60	11	1837	0	1931
23659	28	23	8	1892	0	1951
23660	11	31	1831	61	0	1934
23661	19	17	1843	27	0	1906
23662	11	26	54	1849	0	1940
23663	17	19	1840	57	0	1933
23664	21	1809	55	30	0	1915
23665	1813	57	24	38	0	1932
23666	51	24	1857	26	0	1958
23667	1826	26	49	31	0	1932
23668	1909	21	33	12	0	1975
23669	1908	20	25	20	0	1973
23670	1916	12	14	25	0	1967
23671	71	21	21	1845	0	1958
23672	47	18	8	1808	0	1881
23673	42	1799	16	59	0	1916
23674	1794	46	23	41	0	1904
23675	63	22	1772	30	0	1887
23676	31	26	51	1755	0	1863
23677	34	19	27	1777	0	1857
23678	23	16	1723	65	0	1827
23679	19	1726	51	45	0	1841
23680	22	50	33	1642	0	1747
23681	24	31	22	1781	0	1858
23682	1729	28	14	68	0	1839
23683	55	1703	25	45	0	1828
23684	38	47	8	1702	0	1795
23685	24	1696	18	64	0	1802
23686	21	57	18	1731	0	1827
23687	1700	27	9	69	0	1805
23688	1733	26	14	42	0	1815
23689	65	14	10	1720	0	1809
23690	1704	24	12	60	0	1800
23691	1719	14	12	44	0	1789
23692	67	1689	12	36	0	1804
23693	48	52	13	1616	0	1729
23694	34	1671	10	59	0	1774
23695	32	52	6	1675	0	1765
23696	1668	24	8	70	0	1770
23697	56	31	9	1661	0	1757
23698	37	16	8	1705	0	1766
23699	31	29	1609	58	0	1727
23700	24	1532	40	46	0	1642
23701	28	1634	16	36	0	1714
23702	1620	56	14	36	0	1726
23703	53	30	11	1413	0	1507
23704	1333	17	9	39	0	1398
23705	47	1286	5	36	0	1374
23706	18	1187	5	32	0	1242
23707	27	1179	13	9	0	1228
23708	948	44	12	16	0	1020
23709	28	966	0	11	0	1005
23710	907	19	4	11	0	941
23711	859	8	3	13	0	883
23712	889	6	1	6	0	902
23713	23	8	1	943	0	975
23714	8	9	0	969	0	986
23715	8	6	3	974	0	991
23716	10	3	1	964	0	978
23717	949	9	1	27	0	986
23718	25	938	2	8	0	973
23719	15	18	1	953	0	987
23720	951	5	0	21	0	977
23721	22	5	0	942	0	969
23722	7	1	1	954	0	963
23723	917	5	0	32	0	954
23724	20	0	892	16	0	928
23725	11	2	17	884	0	914
23726	5	7	896	26	0	934
23727	3	2	18	896	0	919
23728	13	1	4	870	0	888
23729	851	4	3	28	0	886
23730	17	818	1	16	0	852
23731	12	820	3	4	0	839
23732	769	16	0	5	0	790
23733	16	817	0	4	0	837
23734	808	11	9	6	0	834
23735	13	4	802	4	0	823
23736	706	4	10	6	0	726
23737	721	0	4	4	0	729
23738	733	1	0	4	0	738
23739	14	0	0	709	0	723
23740	6	0	2	712	0	720
23741	1	691	0	11	0	703
23742	1	11	0	680	0	692
23743	669	3	0	10	0	682
23744	9	656	0	6	0	671
23745	3	663	0	1	0	667
23746	661	11	1	1	0	674
23747	10	3	664	0	0	677
23748	7	0	8	652	0	667
23749	2	0	686	6	0	694
23750	1	0	8	663	0	672
23751	0	668	3	7	0	678
23752	1	8	0	690	0	699
23753	678	3	0	11	0	692
23754	9	1	0	685	0	695
23755	5	1	709	10	0	725
23756	651	2	9	7	0	669
23757	10	712	5	1	0	728
23758	5	778	3	0	0	786
23759	827	14	0	4	0	845
23760	899	4	1	5	0	909
23761	17	0	884	1	0	902
23762	858	2	12	4	0	876
23763	13	883	1	3	0	900
23764	896	13	0	2	0	911
23765	14	1	3	858	0	876
23766	5	819	1	12	0	837
23767	824	15	1	3	0	843
23768	17	4	832	1	0	854
23769	5	2	13	843	0	863
23770	860	3	3	16	0	882
23771	19	3	856	4	0	882
23772	852	2	18	4	0	876
23773	20	0	1	857	0	878
23774	5	5	2	878	0	890
23775	6	1	868	16	0	891
23776	8	1	15	850	0	874
23777	864	2	4	20	0	890
23778	18	846	2	5	0	871
23779	862	14	5	5	0	886
23780	874	3	1	10	0	888
23781	21	3	1	860	0	885
23782	5	9	873	16	0	903
23783	8	1	16	869	0	894
23784	878	2	4	18	0	902
23785	16	867	0	7	0	890
23786	879	15	5	3	0	902
23787	19	2	0	878	0	899
23788	10	2	2	884	0	898
23789	4	6	3	878	0	891
23790	7	1	859	17	0	884
23791	4	2	15	867	0	888
23792	4	3	851	21	0	879
23793	4	2	854	6	0	866
23794	7	2	15	944	0	968
23795	7	2	964	22	0	995
23796	1042	4	21	9	0	1076
23797	20	1	8	1134	0	1163
23798	13	2	4	1114	0	1133
23799	4	1144	6	31	0	1185
23800	1168	22	3	17	0	1210
23801	1208	10	4	8	0	1230
23802	33	1214	4	4	0	1255
23803	21	24	2	1227	0	1274
23804	7	12	1231	24	0	1274
23805	1198	3	20	18	0	1239
23806	1248	4	11	14	0	1277
23807	39	3	2	1200	0	1244
23808	18	7	1178	22	0	1225
23809	9	1164	21	15	0	1209
23810	1150	23	12	11	0	1196
23811	31	13	1159	5	0	1208
23812	18	1136	23	8	0	1185
23813	1067	19	12	7	0	1105
23814	1057	13	7	10	0	1087
23815	29	4	7	1051	0	1091
23816	19	1062	4	17	0	1102
23817	13	18	4	1111	0	1146
23818	11	13	3	1124	0	1151
23819	9	5	5	1115	0	1134
23820	9	5	4	1147	0	1165
23821	7	7	1116	33	0	1163
23822	13	3	19	1134	0	1169
23823	11	4	13	1143	0	1171
23824	3	8	1123	35	0	1169
23825	7	1120	18	23	0	1168
23826	1120	16	14	16	0	1166
23827	1126	14	2	15	0	1157
23828	32	4	3	1121	0	1160
23829	1137	2	2	34	0	1175
23830	21	3	6	1155	0	1185
23831	15	6	1145	29	0	1195
23832	13	3	1127	20	0	1163
23833	8	1113	35	9	0	1165
23834	1091	23	12	17	0	1143
23835	27	13	1159	11	0	1210
23836	23	3	30	1123	0	1179
23837	14	7	14	1196	0	1231
23838	15	1	10	1236	0	1262
23839	13	3	9	1233	0	1258
23840	8	9	4	1243	0	1264
23841	16	3	1207	52	0	1278
23842	11	6	34	1218	0	1269
23843	1202	6	19	35	0	1262
23844	38	1203	9	28	0	1278
23845	1210	31	3	23	0	1267
23846	36	1206	11	24	0	1277
23847	1205	32	14	15	0	1266
23848	1245	16	4	25	0	1290
23849	53	6	5	1209	0	1273
23850	24	12	6	1234	0	1276
23851	1209	2	6	56	0	1273
23852	1188	14	9	26	0	1237
23853	1218	6	6	16	0	1246
23854	54	1126	6	14	0	1200
23855	22	1148	5	17	0	1192
23856	17	40	1117	15	0	1189
23857	24	21	24	1117	0	1186
23858	27	9	1083	36	0	1155
23859	18	1037	26	27	0	1108
23860	14	29	13	979	0	1035
23861	5	23	5	992	0	1025
23862	11	5	12	1021	0	1049
23863	972	4	8	57	0	1041
23864	985	9	14	20	0	1028
23865	40	1003	7	14	0	1064
23866	22	25	5	992	0	1044
23867	12	18	1004	32	0	1066
23868	9	8	970	31	0	1018
23869	972	4	35	20	0	1031
23870	1000	5	21	13	0	1039
23871	38	14	6	980	0	1038
23872	985	3	7	44	0	1039
23873	27	4	976	25	0	1032
23874	20	959	29	9	0	1017
23875	23	17	19	972	0	1031
23876	17	15	994	30	0	1056
23877	13	12	23	1016	0	1064
23878	19	3	23	1033	0	1078
23879	10	6	1038	42	0	1096
23880	1003	9	23	37	0	1072
23881	1045	6	15	27	0	1093
23882	37	1075	15	19	0	1146
23883	1104	26	5	30	0	1165
23884	1139	18	9	22	0	1188
23885	51	9	1120	15	0	1195
23886	1138	7	30	13	0	1188
23887	39	1180	17	15	0	1251
23888	1191	37	9	16	0	1253
23889	1245	23	6	10	0	1284
23890	1274	9	4	15	0	1302
23891	1180	6	16	10	0	1212
23892	1286	10	4	14	0	1314
23893	55	1241	3	18	0	1317
23894	1172	27	8	13	0	1220
23895	49	1133	3	8	0	1193
23896	24	999	3	6	0	1032
23897	17	1009	10	10	0	1046
23898	996	27	9	7	0	1039
23899	1002	16	1	5	0	1024
23900	38	4	945	3	0	990
23901	985	10	20	4	0	1019
23902	979	10	12	8	0	1009
23903	35	7	976	5	0	1023
23904	20	2	24	977	0	1023
23905	17	2	11	951	0	981
23906	6	6	10	1011	0	1033
23907	16	4	0	1028	0	1048
23908	17	1	3	1034	0	1055
23909	3	3	1011	37	0	1054
23910	8	1010	22	22	0	1062
23911	998	23	10	13	0	1044
23912	23	998	2	16	0	1039
23913	1003	23	4	12	0	1042
23914	1010	9	7	13	0	1039
23915	41	8	975	3	0	1027
23916	23	7	21	906	0	957
23917	15	941	14	16	0	986
23918	944	24	3	15	0	986
23919	945	11	4	9	0	969
23920	980	5	3	4	0	992
23921	35	948	10	5	0	998
23922	952	18	7	11	0	988
23923	965	18	6	4	0	993
23924	978	8	1	3	0	990
23925	47	5	2	931	0	985
23926	27	6	1	957	0	991
23927	18	9	3	970	0	1000
23928	955	4	4	28	0	991
23929	37	939	4	14	0	994
23930	945	22	2	10	0	979
23931	934	12	2	9	0	957
23932	912	5	1	12	0	930
23933	926	3	1	10	0	940
23934	39	887	2	7	0	935
23935	826	19	2	2	0	849
23936	32	787	0	1	0	820
23937	24	787	3	0	0	814
23938	764	17	4	6	0	791
23939	19	741	2	3	0	765
23940	10	758	1	6	0	775
23941	763	15	2	4	0	784
23942	766	11	0	3	0	780
23943	24	6	2	738	0	770
23944	18	2	2	768	0	790
23945	762	6	2	22	0	792
23946	788	5	2	12	0	807
23947	747	3	10	8	0	768
23948	21	5	757	3	0	786
23949	784	3	6	8	0	801
23950	18	3	7	785	0	813
23951	13	3	3	786	0	805
23952	13	0	4	791	0	808
23953	3	8	2	796	0	809
23954	7	3	762	17	0	789
23955	8	3	774	11	0	796
23956	9	2	17	777	0	805
23957	6	6	776	19	0	807
23958	7	4	768	9	0	788
23959	10	3	18	770	0	801
23960	10	3	8	771	0	792
23961	10	4	5	799	0	818
23962	7	4	2	786	0	799
23963	788	2	0	25	0	815
23964	797	4	0	14	0	815
23965	27	3	2	772	0	804
23966	14	4	1	776	0	795
23967	11	1	2	780	0	794
23968	9	4	3	778	0	794
23969	11	1	3	759	0	774
23970	8	755	2	22	0	787
23971	755	11	3	17	0	786
23972	18	768	3	7	0	796
23973	775	15	2	8	0	800
23974	781	7	1	10	0	799
23975	775	3	1	8	0	787
23976	24	4	2	731	0	761
23977	735	3	2	16	0	756
23978	21	4	2	717	0	744
23979	15	2	2	708	0	727
23980	702	3	0	25	0	730
23981	14	677	2	14	0	707
23982	10	648	1	7	0	666
23983	644	6	0	8	0	658
23984	7	6	627	3	0	643
23985	585	5	8	5	0	603
23986	14	9	3	590	0	616
23987	4	551	2	4	0	561
23988	6	549	0	3	0	558
23989	552	5	0	2	0	559
23990	6	7	1	563	0	577
23991	6	579	0	3	0	588
23992	542	3	2	9	0	556
23993	541	3	0	4	0	548
23994	543	2	0	2	0	547
23995	547	4	0	6	0	557
23996	7	533	0	2	0	542
23997	4	520	0	1	0	525
23998	520	4	0	0	0	524
23999	522	2	0	1	0	525
24000	4	3	509	2	0	518
24001	4	506	1	1	0	512
24002	503	1	2	3	0	509
24003	532	2	1	1	0	536
24004	2	1	547	0	0	550
24005	562	1	1	0	0	564
24006	6	2	604	0	0	612
24007	6	0	670	0	0	676
24008	6	2	8	614	0	630
24009	1	632	6	3	0	642
24010	681	5	3	8	0	697
24011	8	3	2	689	0	702
24012	5	2	1	689	0	697
24013	4	1	0	706	0	711
24014	695	1	0	15	0	711
24015	9	0	0	700	0	709
24016	4	0	0	730	0	734
24017	3	1	717	11	0	732
24018	685	0	6	10	0	701
24019	717	0	3	4	0	724
24020	9	1	714	2	0	726
24021	695	0	6	2	0	703
24022	11	0	3	700	0	714
24023	5	721	3	5	0	734
24024	7	6	1	726	0	740
24025	715	3	1	10	0	729
24026	7	721	0	4	0	732
24027	4	6	0	726	0	736
24028	7	4	0	735	0	746
24029	2	3	0	737	0	742
24030	5	1	0	704	0	710
24031	2	741	0	13	0	756
24032	741	6	0	8	0	755
24033	753	4	2	7	0	766
24034	13	794	0	2	0	809
24035	836	9	0	4	0	849
24036	857	6	1	0	0	864
24037	860	3	0	4	0	867
24038	17	2	828	1	0	848
24039	13	2	7	834	0	856
24040	5	2	818	12	0	837
24041	820	1	10	9	0	840
24042	10	847	7	5	0	869
24043	842	8	3	3	0	856
24044	12	844	1	3	0	860
24045	14	13	2	803	0	832
24046	10	7	2	811	0	830
24047	4	6	819	13	0	842
24048	4	832	9	11	0	856
24049	818	11	8	5	0	842
24050	13	7	836	2	0	858
24051	827	6	11	4	0	848
24052	15	1	6	843	0	865
24053	8	3	844	11	0	866
24054	12	840	11	6	0	869
24055	4	11	7	841	0	863
24056	4	7	854	11	0	876
24057	2	8	834	9	0	853
24058	3	848	15	5	0	871
24059	3	7	9	826	0	845
24060	1	8	4	812	0	825
24061	4	828	4	13	0	849
24062	838	9	1	12	0	860
24063	13	11	2	831	0	857
24064	8	829	5	11	0	853
24065	843	12	1	13	0	869
24066	833	8	2	10	0	853
24067	858	7	3	5	0	873
24068	21	850	4	7	0	882
24069	869	9	2	7	0	887
24070	868	9	4	4	0	885
24071	24	8	4	851	0	887
24072	866	2	1	15	0	884
24073	22	5	1	879	0	907
24074	12	5	871	14	0	902
24075	10	3	880	16	0	909
24076	9	1	20	893	0	923
24077	6	6	912	12	0	936
24078	891	7	15	12	0	925
24079	19	2	10	909	0	940
24080	13	3	8	919	0	943
24081	6	5	896	21	0	928
24082	5	877	13	15	0	910
24083	8	905	9	12	0	934
24084	5	16	10	890	0	921
24085	11	14	3	898	0	926
24086	5	5	884	25	0	919
24087	6	7	888	13	0	914
24088	8	6	21	908	0	943
24089	5	6	893	20	0	924
24090	882	4	21	10	0	917
24091	20	5	14	873	0	912
24092	882	3	5	26	0	916
24093	19	3	7	884	0	913
24094	14	4	11	892	0	921
24095	10	10	858	22	0	900
24096	11	891	14	19	0	935
24097	7	15	12	890	0	924
24098	6	11	884	21	0	922
24099	11	882	14	15	0	922
24100	7	15	16	892	0	930
24101	879	9	5	21	0	914
24102	21	3	888	14	0	926
24103	818	5	15	10	0	848
24104	15	3	807	8	0	833
24105	718	7	14	8	0	747
24106	16	735	8	12	0	771
24107	8	684	8	13	0	713
24108	12	18	8	654	0	692
24109	4	640	10	11	0	665
24110	657	11	9	10	0	687
24111	8	8	14	660	0	690
24112	12	10	5	664	0	691
24113	8	5	5	678	0	696
24114	9	7	656	16	0	688
24115	10	2	12	651	0	675
24116	7	7	641	10	0	665
24117	5	636	11	14	0	666
24118	614	5	12	10	0	641
24119	9	647	6	4	0	666
24120	664	12	1	11	0	688
24121	662	8	5	11	0	686
24122	664	7	4	12	0	687
24123	660	4	7	11	0	682
24124	14	7	652	12	0	685
24125	12	1	12	654	0	679
24126	6	7	9	623	0	645
24127	9	5	5	673	0	692
24128	605	3	8	22	0	638
24129	612	5	8	14	0	639
24130	11	663	8	6	0	688
24131	15	7	635	6	0	663
24132	5	9	619	11	0	644
24133	12	621	8	9	0	650
24134	8	617	7	8	0	640
24135	10	9	18	571	0	608
24136	9	1	5	528	0	543
24137	556	4	9	10	0	579
24138	5	564	6	8	0	583
24139	5	3	6	571	0	585
24140	3	6	580	11	0	600
24141	11	3	2	597	0	613
24142	7	1	3	591	0	602
24143	8	6	5	592	0	611
24144	9	2	8	584	0	603
24145	5	4	570	14	0	593
24146	6	558	9	8	0	581
24147	3	564	7	2	0	576
24148	549	8	1	11	0	569
24149	6	546	1	10	0	563
24150	9	564	2	6	0	581
24151	4	10	3	572	0	589
24152	7	4	5	561	0	577
24153	5	5	5	558	0	573
24154	6	3	557	12	0	578
24155	3	552	7	11	0	573
24156	5	7	1	550	0	563
24157	1	548	2	16	0	567
24158	556	5	6	8	0	575
24159	4	555	6	6	0	571
24160	552	11	5	9	0	577
24161	5	6	549	8	0	568
24162	544	10	4	5	0	563
24163	8	7	3	551	0	569
24164	3	6	554	11	0	574
24165	544	3	5	11	0	563
24166	557	4	6	4	0	571
24167	550	2	6	5	0	563
24168	6	7	3	557	0	573
24169	5	5	551	6	0	567
24170	551	10	1	7	0	569
24171	9	5	2	561	0	577
24172	7	8	1	564	0	580
24173	5	5	540	6	0	556
24174	4	535	2	7	0	548
24175	5	5	1	516	0	527
24176	4	535	3	7	0	549
24177	526	3	3	10	0	542
24178	526	3	6	8	0	543
24179	4	8	3	533	0	548
24180	527	3	3	6	0	539
24181	6	530	2	7	0	545
24182	539	3	2	5	0	549
24183	8	539	1	3	0	551
24184	9	3	2	538	0	552
24185	10	3	2	532	0	547
24186	6	543	1	5	0	555
24187	5	6	4	529	0	544
24188	2	6	531	7	0	546
24189	2	526	2	10	0	540
24190	497	2	1	5	0	505
24191	6	508	2	2	0	518
24192	1	5	1	515	0	522
24193	2	1	516	4	0	523
24194	3	3	3	507	0	516
24195	3	1	1	511	0	516
24196	477	1	2	10	0	490
24197	4	2	495	6	0	507
24198	2	499	7	3	0	511
24199	2	6	534	2	0	544
24200	3	3	548	2	0	556
24201	2	3	539	3	0	547
24202	3	2	7	545	0	557
24203	578	2	2	8	0	590
24204	11	573	2	1	0	587
24205	594	8	1	5	0	608
24206	614	0	3	4	0	621
24207	9	4	1	585	0	599
24208	6	599	0	7	0	612
24209	592	10	0	6	0	608
24210	7	590	0	5	0	602
24211	2	8	3	569	0	582
24212	4	2	1	593	0	600
24213	1	601	0	10	0	612
24214	3	7	1	601	0	612
24215	2	2	594	8	0	606
24216	1	3	585	3	0	592
24217	3	0	9	589	0	601
24218	2	1	2	608	0	613
24219	2	1	577	9	0	589
24220	4	0	573	2	0	579
24221	534	1	11	4	0	550
24222	8	565	3	2	0	578
24223	3	595	4	2	0	604
24224	4	7	4	556	0	571
24225	1	2	2	569	0	574
24226	2	3	2	580	0	587
24227	2	5	566	9	0	582
24228	2	3	562	2	0	569
24229	3	2	5	566	0	576
24230	2	0	557	11	0	570
24231	1	557	9	2	0	569
24232	550	8	2	4	0	564
24233	8	1	556	2	0	567
24234	1	3	561	2	0	567
24235	3	1	8	568	0	580
24236	1	4	604	8	0	617
24237	1	608	13	2	0	624
24238	0	9	4	609	0	622
24239	5	1	629	9	0	644
24240	0	609	13	3	0	625
24241	607	10	2	3	0	622
24242	11	2	3	598	0	614
24243	0	2	2	607	0	611
24244	595	1	1	9	0	606
24245	10	603	0	2	0	615
24246	603	10	0	3	0	616
24247	612	1	0	2	0	615
24248	605	1	0	3	0	609
24249	11	2	0	594	0	607
24250	567	1	1	12	0	581
24251	14	545	2	0	0	561
24252	2	563	1	3	0	569
24253	578	6	1	4	0	589
24254	10	3	1	583	0	597
24255	2	2	1	589	0	594
24256	4	2	2	585	0	593
24257	2	1	560	11	0	574
24258	1	559	8	7	0	575
24259	2	11	2	576	0	591
24260	578	1	1	11	0	591
24261	10	3	1	580	0	594
24262	1	3	579	10	0	593
24263	2	578	9	2	0	591
24264	576	12	1	4	0	593
24265	568	0	1	8	0	577
24266	574	2	3	5	0	584
24267	11	2	4	577	0	594
24268	2	2	565	15	0	584
24269	4	0	627	2	0	633
24270	3	630	15	8	0	656
24271	6	14	4	634	0	658
24272	2	5	4	649	0	660
24273	634	2	3	15	0	654
24274	15	3	3	635	0	656
24275	670	2	3	17	0	692
24276	19	3	660	5	0	687
24277	3	2	677	5	0	687
24278	2	3	19	661	0	685
24279	4	1	4	675	0	684
24280	1	1	6	689	0	697
24281	685	4	4	22	0	715
24282	742	1	2	8	0	753
24283	22	1	4	748	0	775
24284	3	5	735	23	0	766
24285	10	1	766	5	0	782
24286	4	3	20	755	0	782
24287	757	0	5	21	0	783
24288	25	1	5	737	0	768
24289	9	2	3	765	0	779
24290	3	3	751	22	0	779
24291	6	5	758	6	0	775
24292	739	2	18	7	0	766
24293	17	3	750	13	0	783
24294	9	1	21	726	0	757
24295	4	3	8	744	0	759
24296	746	2	6	22	0	776
24297	23	740	4	9	0	776
24298	721	15	5	9	0	750
24299	21	699	2	8	0	730
24300	674	16	3	5	0	698
24301	21	6	663	3	0	693
24302	614	6	15	5	0	640
24303	616	4	6	6	0	632
24304	19	7	4	615	0	645
24305	9	1	615	15	0	640
24306	9	1	14	587	0	611
24307	7	3	5	595	0	610
24308	6	582	5	22	0	615
24309	5	13	7	558	0	583
24310	5	588	5	15	0	613
24311	1	14	3	596	0	614
24312	591	5	2	18	0	616
24313	15	3	2	600	0	620
24314	7	5	588	18	0	618
24315	582	2	15	12	0	611
24316	18	2	596	8	0	624
24317	601	2	17	6	0	626
24318	609	2	8	10	0	629
24319	21	589	3	5	0	618
24320	7	606	7	8	0	628
24321	605	15	6	7	0	633
24322	633	5	2	6	0	646
24323	617	3	6	6	0	632
24324	623	4	3	5	0	635
24325	622	2	7	3	0	634
24326	26	2	3	600	0	631
24327	15	3	1	610	0	629
24328	11	4	608	17	0	640
24329	596	7	15	10	0	628
24330	24	5	6	607	0	642
24331	14	1	2	620	0	637
24332	11	2	609	26	0	648
24333	13	577	19	10	0	619
24334	9	599	10	12	0	630
24335	590	19	6	11	0	626
24336	558	6	12	12	0	588
24337	22	526	11	8	0	567
24338	14	545	3	5	0	567
24339	538	21	2	11	0	572
24340	552	11	1	13	0	577
24341	24	3	7	534	0	568
24342	16	7	5	544	0	572
24343	10	7	1	557	0	575
24344	550	1	5	20	0	576
24345	558	2	6	11	0	577
24346	23	5	1	564	0	593
24347	590	6	4	22	0	622
24348	27	3	588	9	0	627
24349	23	3	13	589	0	628
24350	9	4	602	23	0	638
24351	8	590	16	14	0	628
24352	12	17	11	596	0	636
24353	604	10	5	21	0	640
24354	24	3	6	593	0	626
24355	16	2	3	606	0	627
24356	9	3	584	28	0	624
24357	6	6	592	15	0	619
24358	10	598	16	12	0	636
24359	591	17	10	11	0	629
24360	603	12	5	7	0	627
24361	610	6	7	11	0	634
24362	611	6	5	6	0	628
24363	30	3	3	598	0	634
24364	20	4	2	597	0	623
24365	10	595	6	20	0	631
24366	607	13	5	12	0	637
24367	608	9	2	6	0	625
24368	25	1	579	8	0	613
24369	503	1	9	7	0	520
24370	15	500	8	5	0	528
24371	16	16	2	477	0	511
24372	6	516	3	11	0	536
24373	507	8	6	15	0	536
24374	16	511	5	0	0	532
24375	12	9	4	478	0	503
24376	9	6	2	489	0	506
24377	5	4	6	480	0	495
24378	6	472	2	16	0	496
24379	5	17	1	481	0	504
24380	10	9	1	467	0	487
24381	4	432	2	14	0	452
24382	4	404	2	10	0	420
24383	388	13	2	6	0	409
24384	7	393	2	9	0	411
24385	371	9	0	6	0	386
24386	10	5	363	4	0	382
24387	9	376	4	2	0	391
24388	369	8	3	7	0	387
24389	366	7	0	7	0	380
24390	11	4	364	4	0	383
24391	8	6	5	366	0	385
24392	6	5	374	4	0	389
24393	4	365	5	6	0	380
24394	371	8	5	1	0	385
24395	8	362	5	2	0	377
24396	7	8	1	351	0	367
24397	7	6	2	357	0	372
24398	7	2	352	14	0	375
24399	3	3	342	9	0	357
24400	340	3	8	7	0	358
24401	358	2	7	5	0	372
24402	360	7	2	3	0	372
24403	366	0	3	5	0	374
24404	11	360	4	4	0	379
24405	6	6	3	362	0	377
24406	5	7	3	360	0	375
24407	7	362	2	10	0	381
24408	367	8	1	8	0	384
24409	371	8	0	3	0	382
24410	14	0	362	6	0	382
24411	366	2	7	3	0	378
24412	10	4	9	362	0	385
24413	8	1	362	7	0	378
24414	6	6	9	360	0	381
24415	8	0	363	8	0	379
24416	5	2	347	3	0	357
24417	8	1	10	338	0	357
24418	3	344	3	5	0	355
24419	341	6	2	9	0	358
24420	335	3	3	5	0	346
24421	10	354	1	2	0	367
24422	7	350	2	1	0	360
24423	359	7	1	2	0	369
24424	361	2	4	5	0	372
24425	362	3	1	2	0	368
24426	361	4	0	2	0	367
24427	9	3	1	363	0	376
24428	7	3	350	5	0	365
24429	4	349	4	2	0	359
24430	341	5	3	2	0	351
24431	5	359	0	4	0	368
24432	358	3	1	6	0	368
24433	354	3	1	3	0	361
24434	5	3	352	1	0	361
24435	4	362	3	2	0	371
24436	4	4	2	349	0	359
24437	6	3	1	358	0	368
24438	5	4	0	329	0	338
24439	350	2	1	5	0	358
24440	338	2	1	7	0	348
24441	338	1	2	5	0	346
24442	3	338	3	2	0	346
24443	331	4	3	2	0	340
24444	6	345	2	2	0	355
24445	6	5	343	1	0	355
24446	5	335	2	1	0	343
24447	5	7	1	291	0	304
24448	2	1	1	286	0	290
24449	1	3	283	1	0	288
24450	4	0	1	273	0	278
24451	1	1	1	278	0	281
24452	269	0	1	7	0	277
24453	275	1	1	1	0	278
24454	282	1	1	2	0	286
24455	3	290	0	2	0	295
24456	286	3	1	1	0	291
24457	281	0	0	2	0	283
24458	2	286	0	2	0	290
24459	2	1	1	278	0	282
24460	3	2	0	275	0	280
24461	282	0	0	2	0	284
24462	2	1	274	1	0	278
24463	2	270	2	0	0	274
24464	1	3	0	260	0	264
24465	0	261	0	3	0	264
24466	2	256	0	1	0	259
24467	255	1	1	1	0	258
24468	254	0	0	0	0	254
24469	1	0	0	263	0	264
24470	0	0	0	254	0	254
24471	0	0	0	257	0	257
24472	0	0	0	248	0	248
24473	0	0	241	1	0	242
24474	0	0	222	1	0	223
24475	0	0	1	243	0	244
24476	0	0	243	1	0	244
24477	0	243	1	1	0	245
24478	246	1	1	0	0	248
24479	259	1	0	0	0	260
24480	2	0	0	266	0	268
24481	2	0	0	264	0	266
24482	0	0	0	273	0	273
24483	0	277	0	2	0	279
24484	281	1	0	0	0	282
24485	274	1	0	0	0	275
24486	2	0	270	0	0	272
24487	1	0	0	289	0	290
24488	0	0	301	2	0	303
24489	0	0	2	322	0	324
24490	0	0	0	320	0	320
24491	0	0	0	317	0	317
24492	0	0	0	335	0	335
24493	333	0	0	6	0	339
24494	359	0	0	4	0	363
24495	379	0	0	2	0	381
24496	8	0	0	382	0	390
24497	7	0	374	1	0	382
24498	357	0	1	7	0	365
24499	2	0	6	378	0	386
24500	378	0	3	3	0	384
24501	5	0	0	374	0	379
24502	5	362	1	5	0	373
24503	3	388	0	6	0	397
24504	2	5	0	383	0	390
24505	1	7	0	374	0	382
24506	1	3	0	392	0	396
24507	0	388	0	11	0	399
24508	387	2	1	6	0	396
24509	4	394	0	3	0	401
24510	4	5	385	2	0	396
24511	5	4	3	388	0	400
24512	1	413	4	3	0	421
24513	0	2	3	411	0	416
24514	2	9	0	408	0	419
24515	0	3	408	9	0	420
24516	375	1	3	13	0	392
24517	3	423	5	5	0	436
24518	433	3	3	2	0	441
24519	430	5	0	3	0	438
24520	431	4	0	4	0	439
24521	10	1	424	0	0	435
24522	9	0	3	411	0	423
24523	4	2	5	409	0	420
24524	0	1	407	10	0	418
24525	371	0	3	10	0	384
24526	4	3	421	4	0	432
24527	5	1	409	1	0	416
24528	4	416	6	3	0	429
24529	3	5	9	413	0	430
24530	4	6	415	4	0	429
24531	390	4	3	9	0	406
24532	404	1	8	6	0	419
24533	11	1	412	2	0	426
24534	11	2	4	432	0	449
24535	5	2	461	4	0	472
24536	4	455	5	7	0	471
24537	470	3	6	4	0	483
24538	489	5	7	2	0	503
24539	493	5	1	3	0	502
24540	16	1	2	489	0	508
24541	7	0	4	497	0	508
24542	6	2	499	11	0	518
24543	496	0	7	12	0	515
24544	5	1	11	501	0	518
24545	496	2	6	9	0	513
24546	11	2	494	7	0	514
24547	6	3	503	6	0	518
24548	8	0	11	494	0	513
24549	7	1	8	508	0	524
24550	3	1	510	13	0	527
24551	489	0	6	14	0	509
24552	6	0	6	515	0	527
24553	9	515	6	7	0	537
24554	531	7	2	4	0	544
24555	18	525	2	6	0	551
24556	535	14	2	2	0	553
24557	17	6	556	4	0	583
24558	6	5	552	4	0	567
24559	6	563	17	6	0	592
24560	571	11	9	5	0	596
24561	13	7	572	6	0	598
24562	549	4	10	8	0	571
24563	15	576	12	4	0	607
24564	11	13	9	601	0	634
24565	9	9	3	598	0	619
24566	2	567	3	24	0	596
24567	608	14	5	11	0	638
24568	639	7	2	3	0	651
24569	629	6	3	7	0	645
24570	23	3	627	6	0	659
24571	9	3	14	624	0	650
24572	9	6	9	632	0	656
24573	9	6	5	646	0	666
24574	9	2	613	21	0	645
24575	6	609	18	12	0	645
24576	606	13	7	5	0	631
24577	14	9	639	3	0	665
24578	633	3	15	9	0	660
24579	17	634	9	7	0	667
24580	653	14	9	5	0	681
24581	21	7	5	639	0	672
24582	643	3	5	19	0	670
24583	18	4	6	634	0	662
24584	11	4	654	16	0	685
24585	11	4	13	662	0	690
24586	8	3	667	20	0	698
24587	615	2	17	10	0	644
24588	16	641	11	7	0	675
24589	6	17	4	607	0	634
24590	13	631	0	14	0	658
24591	615	14	9	4	0	642
24592	630	7	5	4	0	646
24593	20	619	3	4	0	646
24594	603	13	6	3	0	625
24595	610	4	7	5	0	626
24596	20	5	2	595	0	622
24597	4	6	2	620	0	632
24598	614	3	3	18	0	638
24599	631	3	3	5	0	642
24600	20	3	2	621	0	646
24601	8	1	4	649	0	662
24602	660	5	4	20	0	689
24603	20	1	640	10	0	671
24604	627	5	16	6	0	654
24605	22	2	640	7	0	671
24606	3	627	17	4	0	651
24607	8	17	1	630	0	656
24608	5	3	644	16	0	668
24609	9	652	15	3	0	679
24610	655	14	5	3	0	677
24611	16	4	655	3	0	678
24612	635	4	12	5	0	656
24613	665	2	3	3	0	673
24614	675	3	1	8	0	687
24615	14	4	4	646	0	668
24616	8	647	3	16	0	674
24617	628	13	5	9	0	655
24618	22	0	650	3	0	675
24619	598	3	17	7	0	625
24620	13	3	647	2	0	665
24621	7	645	12	6	0	670
24622	5	15	4	649	0	673
24623	6	2	2	651	0	661
24624	4	636	1	14	0	655
24625	6	12	4	644	0	666
24626	7	4	643	14	0	668
24627	6	649	14	3	0	672
24628	7	14	1	644	0	666
24629	638	3	2	17	0	660
24630	665	3	2	6	0	676
24631	18	2	2	668	0	690
24632	4	683	4	17	0	708
24633	11	15	1	687	0	714
24634	6	1	7	658	0	672
24635	8	4	616	16	0	644
24636	6	617	14	8	0	645
24637	1	14	1	616	0	632
24638	2	4	605	14	0	625
24639	1	597	14	5	0	617
24640	5	13	3	599	0	620
24641	594	3	5	16	0	618
24642	8	600	2	5	0	615
24643	5	10	1	614	0	630
24644	631	1	3	12	0	647
24645	635	3	1	5	0	644
24646	639	2	1	6	0	648
24647	630	3	1	5	0	639
24648	14	1	3	623	0	641
24649	5	1	636	9	0	651
24650	6	5	12	618	0	641
24651	6	615	1	11	0	633
24652	619	12	6	4	0	641
24653	13	5	614	4	0	636
24654	569	4	7	6	0	586
24655	12	1	607	3	0	623
24656	4	10	7	587	0	608
24657	2	5	580	8	0	595
24658	9	0	6	562	0	577
24659	4	3	566	6	0	579
24660	4	3	6	557	0	570
24661	566	0	1	10	0	577
24662	10	594	1	0	0	605
24663	5	11	2	596	0	614
24664	5	1	0	577	0	583
24665	3	3	588	9	0	603
24666	5	2	555	4	0	566
24667	550	1	10	6	0	567
24668	11	574	1	3	0	589
24669	557	5	4	6	0	572
24670	572	2	3	1	0	578
24671	8	1	1	567	0	577
24672	3	577	1	6	0	587
24673	584	6	3	5	0	598
24674	590	1	3	5	0	599
24675	599	2	1	9	0	611
24676	612	1	2	3	0	618
24677	583	0	2	3	0	588
24678	10	1	580	2	0	593
24679	566	1	7	5	0	579
24680	9	3	565	3	0	580
24681	1	0	9	557	0	567
24682	5	1	1	591	0	598
24683	3	2	578	6	0	589
24684	546	0	9	6	0	561
24685	11	2	1	564	0	578
24686	2	2	5	579	0	588
24687	4	0	2	590	0	596
24688	4	0	3	580	0	587
24689	3	2	2	592	0	599
24690	3	1	608	10	0	622
24691	6	0	12	607	0	625
24692	5	3	611	15	0	634
24693	2	2	595	4	0	603
24694	601	2	9	9	0	621
24695	615	1	2	6	0	624
24696	663	1	3	6	0	673
24697	16	0	678	2	0	696
24698	7	0	657	2	0	666
24699	6	0	692	3	0	701
24700	4	734	13	3	0	754
24701	16	14	16	715	0	761
24702	752	4	4	16	0	776
24703	13	3	2	834	0	852
24704	7	834	4	15	0	860
24705	860	11	3	10	0	884
24706	13	5	2	853	0	873
24707	7	862	2	15	0	886
24708	6	13	3	864	0	886
24709	8	3	3	862	0	876
24710	835	4	4	25	0	868
24711	17	3	3	844	0	867
24712	8	2	842	18	0	870
24713	9	1	10	833	0	853
24714	7	803	8	14	0	832
24715	4	834	10	7	0	855
24716	5	14	9	814	0	842
24717	3	7	9	812	0	831
24718	4	811	7	21	0	843
24719	7	797	4	18	0	826
24720	9	828	3	14	0	854
24721	3	26	4	778	0	811
24722	4	833	3	17	0	857
24723	818	19	3	16	0	856
24724	22	8	818	14	0	862
24725	8	13	10	811	0	842
24726	6	828	10	19	0	863
24727	818	17	3	23	0	861
24728	20	17	814	9	0	860
24729	15	823	16	9	0	863
24730	795	14	12	13	0	834
24731	17	782	8	15	0	822
24732	8	803	3	6	0	820
24733	5	29	1	782	0	817
24734	6	806	3	15	0	830
24735	810	14	3	17	0	844
24736	14	18	3	811	0	846
24737	12	11	794	17	0	834
24738	6	12	794	10	0	822
24739	3	12	16	803	0	834
24740	4	14	810	21	0	849
24741	9	7	12	819	0	847
24742	787	6	13	21	0	827
24743	13	9	787	17	0	826
24744	9	8	16	751	0	784
24745	8	752	7	17	0	784
24746	7	21	9	763	0	800
24747	2	13	7	769	0	791
24748	8	766	5	22	0	801
24749	15	18	4	768	0	805
24750	6	15	4	781	0	806
24751	4	12	763	24	0	803
24752	5	760	16	15	0	796
24753	754	18	10	18	0	800
24754	16	13	9	765	0	803
24755	9	9	774	23	0	815
24756	6	11	21	770	0	808
24757	6	4	779	26	0	815
24758	738	8	20	21	0	787
24759	17	765	12	12	0	806
24760	16	14	8	786	0	824
24761	10	8	8	798	0	824
24762	747	9	11	29	0	796
24763	16	13	8	759	0	796
24764	7	10	740	34	0	791
24765	8	4	21	719	0	752
24766	11	710	9	17	0	747
24767	9	727	5	19	0	760
24768	4	735	8	23	0	770
24769	7	27	11	718	0	763
24770	2	17	708	23	0	750
24771	6	707	18	16	0	747
24772	691	17	10	16	0	734
24773	16	702	6	11	0	735
24774	695	20	4	19	0	738
24775	693	11	11	17	0	732
24776	24	5	690	12	0	731
24777	692	12	15	11	0	730
24778	714	9	11	13	0	747
24779	650	4	6	20	0	680
24780	712	9	5	15	0	741
24781	22	10	702	13	0	747
24782	712	9	16	8	0	745
24783	743	8	13	13	0	777
24784	20	762	10	10	0	802
24785	10	27	2	735	0	774
24786	15	22	0	736	0	773
24787	8	747	4	24	0	783
24788	727	22	7	17	0	773
24789	21	744	8	9	0	782
24790	724	19	7	3	0	753
24791	732	19	3	5	0	759
24792	30	745	2	7	0	784
24793	16	18	4	737	0	775
24794	13	5	749	18	0	785
24795	10	729	22	8	0	769
24796	13	20	7	673	0	713
24797	15	698	2	17	0	732
24798	8	779	3	6	0	796
24799	8	21	3	718	0	750
24800	3	8	715	25	0	751
24801	4	685	19	10	0	718
24802	8	687	9	3	0	707
24803	576	19	3	3	0	601
24804	13	9	0	583	0	605
24805	6	1	0	599	0	606
24806	3	1	0	611	0	615
24807	1	0	589	22	0	612
24808	3	0	14	594	0	611
24809	1	615	6	16	0	638
24810	650	16	2	8	0	676
24811	19	7	1	654	0	681
24812	7	4	649	18	0	678
24813	643	2	17	11	0	673
24814	18	2	9	664	0	693
24815	10	3	704	17	0	734
24816	2	2	713	10	0	727
24817	714	0	25	5	0	744
24818	750	0	10	5	0	765
24819	740	1	3	7	0	751
24820	754	1	4	4	0	763
24821	29	1	744	0	0	774
24822	14	735	19	2	0	770
24823	735	20	5	5	0	765
24824	24	733	2	3	0	762
24825	736	19	4	7	0	766
24826	21	746	4	3	0	774
24827	10	26	1	728	0	765
24828	8	10	0	751	0	769
24829	4	6	3	758	0	771
24830	4	722	3	29	0	758
24831	2	748	2	11	0	763
24832	6	27	2	708	0	743
24833	4	726	1	20	0	751
24834	1	26	709	13	0	749
24835	6	14	21	704	0	745
24836	2	10	707	23	0	742
24837	695	3	24	14	0	736
24838	715	6	11	7	0	739
24839	31	3	709	5	0	748
24840	16	5	714	4	0	739
24841	8	3	29	702	0	742
24842	9	7	717	20	0	753
24843	10	3	25	681	0	719
24844	4	644	17	20	0	685
24845	10	22	9	711	0	752
24846	7	12	4	732	0	755
24847	9	5	3	732	0	749
24848	5	7	700	33	0	745
24849	6	7	21	691	0	725
24850	10	4	11	702	0	727
24851	10	7	2	682	0	701
24852	7	691	7	33	0	738
24853	695	22	4	15	0	736
24854	705	11	4	16	0	736
24855	707	9	4	12	0	732
24856	31	5	8	685	0	729
24857	15	7	680	24	0	726
24858	20	2	680	11	0	713
24859	10	676	25	9	0	720
24860	665	21	13	7	0	706
24861	19	681	8	11	0	719
24862	674	24	9	11	0	718
24863	21	688	8	6	0	723
24864	679	24	5	8	0	716
24865	28	709	4	7	0	748
24866	19	31	5	703	0	758
24867	11	17	705	26	0	759
24868	11	7	718	19	0	755
24869	6	7	32	706	0	751
24870	6	10	12	720	0	748
24871	6	10	11	737	0	764
24872	5	8	722	35	0	770
24873	7	6	21	719	0	753
24874	691	11	12	36	0	750
24875	698	3	11	23	0	735
24876	28	682	8	21	0	739
24877	685	23	11	10	0	729
24878	32	688	2	11	0	733
24879	679	24	5	12	0	720
24880	685	11	10	12	0	718
24881	667	13	9	8	0	697
24882	33	5	653	10	0	701
24883	20	8	638	11	0	677
24884	638	3	26	10	0	677
24885	655	7	9	8	0	679
24886	32	2	13	635	0	682
24887	20	4	8	676	0	708
24888	17	4	7	686	0	714
24889	13	3	8	700	0	724
24890	9	8	8	717	0	742
24891	689	6	3	32	0	730
24892	18	16	3	674	0	711
24893	23	3	656	26	0	708
24894	652	11	13	18	0	694
24895	676	3	12	16	0	707
24896	28	660	9	13	0	710
24897	17	649	7	9	0	682
24898	558	15	6	7	0	586
24899	14	575	2	4	0	595
24900	570	14	2	6	0	592
24901	628	9	3	4	0	644
24902	636	3	1	2	0	642
24903	16	3	1	608	0	628
24904	10	616	1	12	0	639
24905	617	12	2	6	0	637
24906	17	5	1	610	0	633
24907	9	2	1	609	0	621
24908	572	2	1	15	0	590
24909	11	562	1	8	0	582
24910	8	7	0	539	0	554
24911	542	6	1	12	0	561
24912	13	560	1	5	0	579
24913	579	9	1	1	0	590
24914	14	8	497	4	0	523
24915	535	1	6	2	0	544
24916	11	550	2	2	0	565
24917	549	7	2	2	0	560
24918	543	5	1	4	0	553
24919	15	577	0	1	0	593
24920	572	9	0	3	0	584
24921	10	579	1	2	0	592
24922	584	11	2	1	0	598
24923	11	6	0	585	0	602
24924	8	2	0	585	0	595
24925	4	2	0	592	0	598
24926	3	2	580	13	0	598
24927	4	1	8	582	0	595
24928	2	1	581	11	0	595
24929	3	1	10	572	0	586
24930	4	578	5	7	0	594
24931	6	10	1	594	0	611
24932	4	5	592	11	0	612
24933	4	4	603	6	0	617
24934	4	4	13	599	0	620
24935	606	1	4	16	0	627
24936	607	4	2	7	0	620
24937	16	608	2	2	0	628
24938	10	8	1	604	0	623
24939	4	5	624	10	0	643
24940	4	1	9	620	0	634
24941	1	4	620	12	0	637
24942	608	0	11	8	0	627
24943	13	1	8	612	0	634
24944	5	4	620	14	0	643
24945	10	2	11	614	0	637
24946	5	1	5	634	0	645
24947	4	1	625	13	0	643
24948	5	2	12	618	0	637
24949	627	2	4	15	0	648
24950	637	1	3	9	0	650
24951	19	2	1	627	0	649
24952	638	3	0	15	0	656
24953	13	3	636	9	0	661
24954	11	0	627	6	0	644
24955	640	2	14	6	0	662
24956	652	3	9	2	0	666
24957	18	1	5	632	0	656
24958	9	4	4	639	0	656
24959	6	2	635	15	0	658
24960	4	3	9	600	0	616
24961	4	614	7	16	0	641
24962	618	11	4	5	0	638
24963	663	5	0	8	0	676
24964	19	658	2	2	0	681
24965	636	13	1	5	0	655
24966	629	5	1	8	0	643
24967	16	627	2	6	0	651
24968	622	10	4	7	0	643
24969	15	627	5	2	0	649
24970	631	12	4	7	0	654
24971	20	4	630	6	0	660
24972	8	4	12	635	0	659
24973	6	3	6	654	0	669
24974	5	3	4	666	0	678
24975	656	2	3	21	0	682
24976	14	2	4	667	0	687
24977	7	1	664	15	0	687
24978	673	1	11	8	0	693
24979	18	3	5	676	0	702
24980	14	662	1	13	0	690
24981	10	683	2	7	0	702
24982	4	17	3	656	0	680
24983	8	7	3	656	0	674
24984	4	6	1	665	0	676
24985	5	2	641	23	0	671
24986	5	625	13	13	0	656
24987	598	10	4	11	0	623
24988	603	5	3	8	0	619
24989	14	580	4	6	0	604
24990	12	580	2	5	0	599
24991	6	10	7	580	0	603
24992	4	5	577	13	0	599
24993	561	6	12	4	0	583
24994	571	4	2	5	0	582
24995	14	5	3	556	0	578
24996	6	3	1	568	0	578
24997	542	2	3	15	0	562
24998	13	1	536	7	0	557
24999	517	1	8	6	0	532
25000	14	512	5	3	0	534
25001	9	6	1	446	0	462
25002	8	451	1	5	0	465
25003	461	6	6	4	0	477
25004	11	3	2	450	0	466
25005	5	6	2	437	0	450
25006	4	444	1	8	0	457
25007	452	6	3	4	0	465
25008	450	4	0	3	0	457
25009	8	3	447	4	0	462
25010	3	1	415	8	0	427
25011	424	1	5	5	0	435
25012	7	0	419	6	0	432
25013	4	2	397	1	0	404
25014	405	3	12	1	0	421
25015	7	0	437	1	0	445
25016	5	2	5	429	0	441
25017	4	0	3	430	0	437
25018	463	0	4	6	0	473
25019	9	3	459	3	0	474
25020	482	0	10	4	0	496
25021	11	1	4	481	0	497
25022	480	0	2	9	0	491
25023	484	0	4	4	0	492
25024	488	1	2	6	0	497
25025	17	0	2	479	0	498
25026	491	0	0	12	0	503
25027	20	0	1	486	0	507
25028	9	2	0	489	0	500
25029	8	0	1	495	0	504
25030	8	0	0	490	0	498
25031	473	1	1	19	0	494
25032	480	1	0	10	0	491
25033	12	3	485	9	0	509
25034	489	0	10	6	0	505
25035	503	1	5	7	0	516
25036	20	0	5	488	0	513
25037	12	486	0	12	0	510
25038	498	10	2	6	0	516
25039	17	5	1	473	0	496
25040	482	4	2	12	0	500
25041	16	468	2	8	0	494
25042	482	11	2	8	0	503
25043	17	5	2	466	0	490
25044	10	460	1	12	0	483
25045	495	11	3	7	0	516
25046	16	477	3	5	0	501
25047	8	509	3	6	0	526
25048	506	13	2	5	0	526
25049	13	12	491	2	0	518
25050	501	7	9	2	0	519
25051	16	3	4	497	0	520
25052	11	3	501	10	0	525
25053	10	3	11	493	0	517
25054	12	2	6	499	0	519
25055	5	3	487	19	0	514
25056	503	1	12	7	0	523
25057	14	0	7	504	0	525
25058	9	4	4	505	0	522
25059	7	2	1	509	0	519
25060	494	1	1	23	0	519
25061	15	1	489	11	0	516
25062	11	2	494	8	0	515
25063	8	0	17	466	0	491
25064	8	0	472	14	0	494
25065	463	1	12	10	0	486
25066	13	457	8	8	0	486
25067	467	11	8	3	0	489
25068	18	6	3	455	0	482
25069	8	461	3	14	0	486
25070	8	10	7	457	0	482
25071	4	458	1	16	0	479
25072	8	13	1	453	0	475
25073	6	7	450	15	0	478
25074	4	8	439	8	0	459
25075	5	442	13	7	0	467
25076	429	8	15	2	0	454
25077	9	7	3	418	0	437
25078	7	6	2	416	0	431
25079	418	2	4	12	0	436
25080	413	3	2	9	0	427
25081	14	4	1	414	0	433
25082	8	3	410	8	0	429
25083	6	414	7	8	0	435
25084	5	5	5	424	0	439
25085	3	3	7	420	0	433
25086	6	429	2	13	0	450
25087	436	12	3	10	0	461
25088	12	8	446	7	0	473
25089	6	6	12	442	0	466
25090	7	2	7	436	0	452
25091	3	1	431	19	0	454
25092	3	2	12	428	0	445
25093	439	1	7	20	0	467
25094	446	0	8	12	0	466
25095	450	1	4	11	0	466
25096	18	437	6	4	0	465
25097	464	11	2	5	0	482
25098	16	6	1	473	0	496
25099	11	4	1	470	0	486
25100	9	510	1	20	0	540
25101	562	20	1	6	0	589
25102	591	8	5	7	0	611
25103	597	6	7	7	0	617
25104	622	2	3	8	0	635
25105	622	4	4	6	0	636
25106	39	2	598	2	0	641
25107	620	5	18	4	0	647
25108	641	1	9	4	0	655
25109	636	2	7	3	0	648
25110	35	4	0	612	0	651
25111	17	1	1	628	0	647
25112	7	4	607	27	0	645
25113	523	2	20	19	0	564
25114	22	590	12	5	0	629
25115	10	565	7	4	0	586
25116	9	25	548	4	0	586
25117	7	541	18	3	0	569
25118	2	524	10	6	0	542
25119	12	19	7	451	0	489
25120	3	462	0	16	0	481
25121	457	18	2	6	0	483
25122	465	5	2	4	0	476
25123	20	6	3	449	0	478
25124	9	2	451	14	0	476
25125	449	0	14	8	0	471
25126	14	2	451	4	0	471
25127	7	3	466	0	0	476
25128	12	0	18	438	0	468
25129	2	1	10	463	0	476
25130	6	0	453	20	0	479
25131	2	443	14	10	0	469
25132	2	468	7	7	0	484
25133	466	18	2	6	0	492
25134	480	6	1	3	0	490
25135	19	2	463	0	0	484
25136	459	1	15	1	0	476
25137	493	2	4	4	0	503
25138	19	1	2	488	0	510
25139	8	1	2	498	0	509
25140	5	3	1	497	0	506
25141	493	2	1	17	0	513
25142	504	0	0	8	0	512
25143	514	1	1	2	0	518
25144	25	1	1	501	0	528
25145	14	0	463	12	0	489
25146	458	0	13	4	0	475
25147	468	1	6	5	0	480
25148	20	1	3	454	0	478
25149	12	465	1	13	0	491
25150	9	12	0	473	0	494
25151	4	475	2	17	0	498
25152	6	18	2	471	0	497
25153	6	481	2	14	0	503
25154	475	16	1	6	0	498
25155	17	5	3	471	0	496
25156	8	477	2	11	0	498
25157	7	14	465	5	0	491
25158	455	7	15	6	0	483
25159	16	3	5	471	0	495
25160	7	480	3	12	0	502
25161	7	14	1	473	0	495
25162	1	466	1	17	0	485
25163	5	522	1	6	0	534
25164	509	15	3	2	0	529
25165	512	5	1	0	0	518
25166	16	3	521	0	0	540
25167	502	1	15	4	0	522
25168	523	1	4	5	0	533
25169	13	504	4	6	0	527
25170	5	15	2	505	0	527
25171	5	6	0	514	0	525
25172	4	6	490	16	0	516
25173	5	2	488	6	0	501
25174	497	0	17	2	0	516
25175	521	1	7	4	0	533
25176	527	0	5	1	0	533
25177	22	2	508	2	0	534
25178	7	2	13	509	0	531
25179	516	0	4	18	0	538
25180	16	0	3	521	0	540
25181	5	1	511	19	0	536
25182	470	2	16	9	0	497
25183	18	1	514	4	0	537
25184	5	502	11	3	0	521
25185	511	9	4	2	0	526
25186	13	2	504	0	0	519
25187	5	3	9	495	0	512
25188	498	0	3	13	0	514
25189	11	2	1	507	0	521
25190	516	1	1	16	0	534
25191	14	2	0	516	0	532
25192	544	3	1	13	0	561
25193	535	2	0	5	0	542
25194	528	1	0	7	0	536
25195	538	1	3	4	0	546
25196	16	3	1	532	0	552
25197	9	0	516	8	0	533
25198	4	4	490	5	0	503
25199	2	498	10	3	0	513
25200	0	449	3	3	0	455
25201	411	4	3	2	0	420
25202	3	2	0	389	0	394
25203	0	1	382	2	0	385
25204	1	0	363	0	0	364
25205	1	5	2	370	0	378
25206	373	0	0	4	0	377
25207	2	371	0	0	0	373
25208	387	2	0	1	0	390
25209	2	1	0	389	0	392
25210	1	0	0	391	0	392
25211	1	0	0	393	0	394
25212	0	0	388	1	0	389
25213	2	1	357	0	0	360
25214	0	369	3	0	0	372
25215	0	2	0	382	0	384
25216	377	0	0	6	0	383
25217	2	0	375	0	0	377
25218	1	0	371	0	0	372
25219	1	1	2	403	0	407
25220	1	0	0	411	0	412
25221	1	1	0	405	0	407
25222	0	0	1	465	0	466
25223	471	0	1	4	0	476
25224	4	0	0	479	0	483
25225	489	0	0	5	0	494
25226	6	2	487	1	0	496
25227	2	490	5	0	0	497
25228	4	4	1	501	0	510
25229	0	1	495	6	0	502
25230	0	1	479	2	0	482
25231	0	516	7	1	0	524
25232	0	4	3	486	0	493
25233	0	2	1	491	0	494
25234	0	1	478	6	0	485
25235	470	0	4	3	0	477
25236	6	0	2	485	0	493
25237	1	0	2	481	0	484
25238	4	1	478	7	0	490
25239	0	459	5	5	0	469
25240	1	515	1	2	0	519
25241	520	4	1	3	0	528
25242	8	3	1	534	0	546
25243	557	1	2	8	0	568
25244	8	2	549	3	0	562
25245	4	1	7	556	0	568
25246	558	1	5	7	0	571
25247	563	0	3	6	0	572
25248	12	1	1	561	0	575
25249	6	0	560	8	0	574
25250	2	1	568	6	0	577
25251	2	0	12	562	0	576
25252	3	1	567	6	0	577
25253	537	1	8	7	0	553
25254	9	565	5	4	0	583
25255	566	6	4	4	0	580
25256	581	4	1	2	0	588
25257	12	2	4	575	0	593
25258	9	2	2	574	0	587
25259	577	3	0	12	0	592
25260	10	1	1	572	0	584
25261	6	0	582	9	0	597
25262	3	569	8	6	0	586
25263	0	6	6	556	0	568
25264	3	4	1	564	0	572
25265	4	2	2	564	0	572
25266	3	2	548	13	0	566
25267	4	536	7	7	0	554
25268	2	7	6	552	0	567
25269	2	3	556	9	0	570
25270	3	1	9	557	0	570
25271	549	3	7	12	0	571
25272	12	2	2	561	0	577
25273	8	3	548	11	0	570
25274	533	0	9	12	0	554
25275	8	560	8	5	0	581
25276	6	582	5	6	0	599
25277	591	12	0	8	0	611
25278	11	6	599	3	0	619
25279	8	1	10	593	0	612
25280	6	2	9	611	0	628
25281	1	4	617	12	0	634
25282	4	608	9	12	0	633
25283	4	7	10	566	0	587
25284	2	5	603	11	0	621
25285	4	4	7	601	0	616
25286	601	3	8	12	0	624
25287	11	1	610	8	0	630
25288	8	3	8	614	0	633
25289	6	1	6	618	0	631
25290	5	0	600	17	0	622
25291	6	1	10	588	0	605
25292	2	521	13	8	0	544
25293	2	13	4	537	0	556
25294	2	587	4	14	0	607
25295	585	10	4	8	0	607
25296	565	5	2	11	0	583
25297	13	5	572	5	0	595
25298	9	3	551	7	0	570
25299	5	4	559	6	0	574
25300	5	557	17	4	0	583
25301	8	7	7	582	0	604
25302	3	5	594	10	0	612
25303	7	1	13	573	0	594
25304	3	1	9	587	0	600
25305	3	2	593	13	0	611
25306	5	4	5	596	0	610
25307	1	7	8	575	0	591
25308	6	570	5	12	0	593
25309	5	7	3	590	0	605
25310	5	4	4	602	0	615
25311	1	2	596	20	0	619
25312	6	1	10	598	0	615
25313	4	5	608	14	0	631
25314	1	2	597	9	0	609
25315	593	7	14	7	0	621
25316	9	4	10	576	0	599
25317	9	606	5	12	0	632
25318	5	621	3	12	0	641
25319	9	8	8	621	0	646
25320	2	8	625	14	0	649
25321	4	622	9	11	0	646
25322	4	3	7	558	0	572
25323	0	7	572	7	0	586
25324	3	551	4	4	0	562
25325	562	6	5	9	0	582
25326	560	3	8	8	0	579
25327	576	2	0	10	0	588
25328	8	3	5	618	0	634
25329	5	4	6	612	0	627
25330	5	3	1	638	0	647
25331	2	2	623	11	0	638
25332	619	1	7	11	0	638
25333	8	1	4	611	0	624
25334	7	2	611	10	0	630
25335	632	2	9	9	0	652
25336	652	1	7	10	0	670
25337	11	7	506	4	0	528
25338	648	3	6	7	0	664
25339	10	655	5	7	0	677
25340	5	6	636	5	0	652
25341	613	4	8	8	0	633
25342	4	610	3	9	0	626
25343	2	4	2	585	0	593
25344	1	595	2	6	0	604
25345	0	4	3	598	0	605
25346	1	2	600	5	0	608
25347	544	0	5	4	0	553
25348	5	0	589	1	0	595
25349	3	559	5	1	0	568
25350	1	576	2	3	0	582
25351	563	5	1	3	0	572
25352	4	2	576	3	0	585
25353	1	1	3	571	0	576
25354	1	0	581	4	0	586
25355	1	582	3	1	0	587
25356	1	4	1	543	0	549
25357	1	581	0	4	0	586
25358	591	4	1	1	0	597
25359	597	1	1	2	0	601
25360	592	0	2	2	0	596
25361	6	1	571	0	0	578
25362	2	0	549	1	0	552
25363	546	1	5	4	0	556
25364	3	1	582	1	0	587
25365	2	0	3	554	0	559
25366	0	568	3	7	0	578
25367	599	3	0	3	0	605
25368	599	0	1	2	0	602
25369	629	2	0	4	0	635
25370	6	0	0	625	0	631
25371	2	1	0	634	0	637
25372	625	0	1	5	0	631
25373	4	618	0	1	0	623
25374	607	3	0	1	0	611
25375	1	1	2	597	0	601
25376	1	0	1	584	0	586
25377	576	0	0	3	0	579
25378	1	568	1	1	0	571
25379	554	1	0	4	0	559
25380	1	559	0	1	0	561
25381	551	1	1	0	0	553
25382	2	2	0	579	0	583
25383	582	0	1	4	0	587
25384	597	0	1	3	0	601
25385	653	0	1	4	0	658
25386	5	699	1	1	0	706
25387	1	5	691	0	0	697
25388	691	2	6	1	0	700
25389	709	0	1	3	0	713
25390	7	703	2	1	0	713
25391	2	7	0	709	0	718
25392	0	3	0	707	0	710
25393	694	0	1	10	0	705
25394	8	1	0	714	0	723
25395	4	2	717	8	0	731
25396	1	1	705	4	0	711
25397	724	0	9	2	0	735
25398	11	0	4	726	0	741
25399	5	3	2	722	0	732
25400	6	1	0	733	0	740
25401	1	0	729	16	0	746
25402	6	0	8	726	0	740
25403	5	0	3	750	0	758
25404	2	2	4	760	0	768
25405	739	1	1	15	0	756
25406	11	1	1	746	0	759
25407	5	0	745	12	0	762
25408	737	0	8	6	0	751
25409	12	1	765	5	0	783
25410	782	1	15	3	0	801
25411	763	2	4	2	0	771
25412	16	0	4	795	0	815
25413	9	814	1	13	0	837
25414	7	12	1	827	0	847
25415	0	18	2	841	0	861
25416	1	841	2	23	0	867
25417	822	14	1	11	0	848
25418	17	819	2	6	0	844
25419	815	17	2	4	0	838
25420	832	4	3	4	0	843
25421	21	4	2	812	0	839
25422	11	3	0	824	0	838
25423	3	1	794	26	0	824
25424	3	1	762	11	0	777
25425	763	4	20	6	0	793
25426	784	0	9	4	0	797
25427	19	740	5	2	0	766
25428	8	16	2	722	0	748
25429	8	5	742	16	0	771
25430	5	12	15	726	0	758
25431	712	4	7	21	0	744
25432	708	2	8	4	0	722
25433	17	699	4	9	0	729
25434	10	13	1	710	0	734
25435	9	2	0	713	0	724
25436	5	5	0	711	0	721
25437	2	2	668	24	0	696
25438	607	1	18	14	0	640
25439	664	0	6	8	0	678
25440	23	1	671	1	0	696
25441	11	679	15	4	0	709
25442	675	17	3	5	0	700
25443	678	4	4	6	0	692
25444	21	4	661	7	0	693
25445	8	1	680	4	0	693
25446	5	1	19	691	0	716
25447	4	3	692	18	0	717
25448	677	0	20	3	0	700
25449	692	3	5	7	0	707
25450	713	3	3	2	0	721
25451	28	4	0	662	0	694
25452	9	710	4	16	0	739
25453	716	14	6	8	0	744
25454	714	3	4	9	0	730
25455	20	3	710	4	0	737
25456	10	4	692	0	0	706
25457	687	2	15	3	0	707
25458	21	2	6	707	0	736
25459	7	2	708	18	0	735
25460	5	700	15	10	0	730
25461	3	16	6	708	0	733
25462	709	4	4	15	0	732
25463	20	726	2	4	0	752
25464	6	14	4	713	0	737
25465	5	695	4	20	0	724
25466	5	718	4	9	0	736
25467	4	17	3	713	0	737
25468	8	7	4	706	0	725
25469	7	695	4	20	0	726
25470	699	16	1	11	0	727
25471	20	9	691	6	0	726
25472	697	5	17	3	0	722
25473	24	2	6	714	0	746
25474	10	2	5	727	0	744
25475	9	2	4	733	0	748
25476	5	4	4	735	0	748
25477	7	3	718	23	0	751
25478	7	3	15	723	0	748
25479	6	3	6	730	0	745
25480	3	730	8	16	0	757
25481	6	15	745	11	0	777
25482	7	754	16	6	0	783
25483	9	18	771	5	0	803
25484	4	798	18	2	0	822
25485	10	18	20	693	0	741
25486	692	7	3	14	0	716
25487	9	685	5	10	0	709
25488	9	11	4	704	0	728
25489	7	7	709	13	0	736
25490	3	718	12	7	0	740
25491	707	14	8	8	0	737
25492	712	8	4	7	0	731
25493	18	715	4	4	0	741
25494	10	13	703	4	0	730
25495	684	8	9	4	0	705
25496	14	3	6	720	0	743
25497	711	4	3	14	0	732
25498	11	734	6	9	0	760
25499	10	761	2	5	0	778
25500	7	17	748	2	0	774
25501	746	8	11	3	0	768
25502	14	5	9	751	0	779
25503	745	5	4	16	0	770
25504	14	738	2	12	0	766
25505	749	12	1	9	0	771
25506	742	8	1	5	0	756
25507	21	4	750	3	0	778
25508	9	710	14	1	0	734
25509	3	736	7	2	0	748
25510	5	12	2	673	0	692
25511	3	659	1	11	0	674
25512	669	14	2	9	0	694
25513	9	675	2	2	0	688
25514	9	7	1	645	0	662
25515	4	643	0	7	0	654
25516	3	629	3	5	0	640
25517	0	658	1	3	0	662
25518	7	14	5	637	0	663
25519	0	6	1	643	0	650
25520	2	3	0	638	0	643
25521	2	618	1	12	0	633
25522	3	9	613	7	0	632
25523	0	6	609	6	0	621
25524	610	2	10	3	0	625
25525	6	4	6	630	0	646
25526	6	2	642	7	0	657
25527	4	2	631	5	0	642
25528	1	655	9	4	0	669
25529	1	6	8	622	0	637
25530	2	6	4	641	0	653
25531	633	3	3	11	0	650
25532	7	2	3	632	0	644
25533	7	0	1	631	0	639
25534	2	3	656	12	0	673
25535	6	1	7	667	0	681
25536	3	2	5	676	0	686
25537	1	3	680	12	0	696
25538	2	3	678	7	0	690
25539	2	673	10	7	0	692
25540	4	7	672	4	0	687
25541	5	5	9	648	0	667
25542	6	7	11	491	0	515
25543	3	5	668	12	0	688
25544	2	656	7	10	0	675
25545	650	5	7	7	0	669
25546	6	666	5	6	0	683
25547	7	13	5	665	0	690
25548	4	10	2	677	0	693
25549	2	680	3	12	0	697
25550	5	8	2	675	0	690
25551	3	9	1	675	0	688
25552	1	4	627	16	0	648
25553	2	629	9	8	0	648
25554	6	11	4	631	0	652
25555	3	8	620	11	0	642
25556	4	7	9	627	0	647
25557	4	4	8	621	0	637
25558	3	5	4	631	0	643
25559	3	2	5	621	0	631
25560	4	3	0	605	0	612
25561	4	610	5	20	0	639
25562	611	9	6	7	0	633
25563	6	11	587	8	0	612
25564	525	4	10	7	0	546
25565	9	2	627	5	0	643
25566	7	624	8	7	0	646
25567	5	7	622	6	0	640
25568	2	619	12	5	0	638
25569	5	10	6	585	0	606
25570	3	8	6	621	0	638
25571	2	633	4	10	0	649
25572	2	657	3	10	0	672
25573	661	9	4	10	0	684
25574	675	12	3	6	0	696
25575	688	5	3	5	0	701
25576	700	6	3	3	0	712
25577	17	5	4	681	0	707
25578	7	693	2	10	0	712
25579	712	10	3	10	0	735
25580	11	7	2	703	0	723
25581	674	6	2	13	0	695
25582	659	3	5	8	0	675
25583	12	628	3	3	0	646
25584	6	606	1	3	0	616
25585	3	654	3	1	0	661
25586	0	10	2	630	0	642
25587	1	634	2	13	0	650
25588	645	8	2	5	0	660
25589	649	4	0	5	0	658
25590	649	0	1	5	0	655
25591	669	3	1	2	0	675
25592	687	1	1	3	0	692
25593	10	1	686	3	0	700
25594	692	1	11	1	0	705
25595	10	1	708	3	0	722
25596	682	1	7	2	0	692
25597	7	1	5	704	0	717
25598	5	2	629	7	0	643
25599	1	0	665	3	0	669
25600	2	692	11	1	0	706
25601	701	8	4	2	0	715
25602	733	4	2	4	0	743
25603	14	814	1	2	0	831
25604	9	11	1	996	0	1017
25605	1078	6	0	20	0	1104
25606	27	4	1088	8	0	1127
25607	11	1096	20	4	0	1131
25608	1082	19	9	7	0	1117
25609	22	1096	5	5	0	1128
25610	26	27	3	1052	0	1108
25611	8	1106	7	20	0	1141
25612	9	32	1	1056	0	1098
25613	10	1059	4	24	0	1097
25614	5	1107	1	9	0	1122
25615	1068	35	3	10	0	1116
25616	1099	24	2	9	0	1134
25617	36	11	1090	4	0	1141
25618	21	14	1069	2	0	1106
25619	13	11	1094	3	0	1121
25620	13	6	33	1088	0	1140
25621	8	7	1113	26	0	1154
25622	4	5	36	1100	0	1145
25623	4	9	19	1100	0	1132
25624	3	1099	12	39	0	1153
25625	1115	25	4	21	0	1165
25626	26	1138	8	10	0	1182
25627	17	28	5	1172	0	1222
25628	15	15	6	1180	0	1216
25629	8	11	8	1186	0	1213
25630	7	8	1163	39	0	1217
25631	8	9	26	1168	0	1211
25632	10	5	11	1196	0	1222
25633	8	4	10	1213	0	1235
25634	2	7	1136	51	0	1196
25635	2	1138	29	25	0	1194
25636	1136	28	12	21	0	1197
25637	1134	17	10	19	0	1180
25638	31	1154	7	13	0	1205
25639	19	28	8	1152	0	1207
25640	15	18	5	1190	0	1228
25641	14	14	1141	42	0	1211
25642	10	1145	33	20	0	1208
25643	7	31	15	1171	0	1224
25644	5	15	1164	41	0	1225
25645	7	12	29	1149	0	1197
25646	7	4	23	1153	0	1187
25647	4	17	1140	39	0	1200
25648	8	6	28	1143	0	1185
25649	10	7	17	1134	0	1168
25650	4	9	1135	48	0	1196
25651	8	6	28	1155	0	1197
25652	6	8	19	1127	0	1160
25653	9	3	15	1177	0	1204
25654	3	9	1135	52	0	1199
25655	0	5	32	1149	0	1186
25656	1112	2	17	50	0	1181
25657	1112	2	13	35	0	1162
25658	30	1118	11	36	0	1195
25659	1148	25	12	19	0	1204
25660	33	18	1174	21	0	1246
25661	22	4	27	1179	0	1232
25662	13	7	18	1209	0	1247
25663	7	10	10	1225	0	1252
25664	1160	3	9	57	0	1229
25665	27	1139	10	36	0	1212
25666	16	31	9	1123	0	1179
25667	9	1150	4	44	0	1207
25668	1143	28	6	28	0	1205
25669	32	1163	5	16	0	1216
25670	1125	35	6	15	0	1181
25671	32	1094	9	12	0	1147
25672	13	1109	10	14	0	1146
25673	19	28	4	1105	0	1156
25674	8	23	4	1116	0	1151
25675	11	13	9	1104	0	1137
25676	11	17	3	1107	0	1138
25677	8	12	1063	46	0	1129
25678	3	1051	25	33	0	1112
25679	7	32	8	1018	0	1065
25680	10	1033	9	35	0	1087
25681	8	36	1032	19	0	1095
25682	11	21	27	1018	0	1077
25683	8	16	12	1069	0	1105
25684	9	10	1041	40	0	1100
25685	6	992	28	29	0	1055
25686	2	23	21	1012	0	1058
25687	6	13	1003	36	0	1058
25688	3	985	33	25	0	1046
25689	4	30	18	977	0	1029
25690	3	21	973	36	0	1033
25691	5	10	935	30	0	980
25692	5	912	32	16	0	965
25693	6	1013	20	11	0	1050
25694	2	34	14	1017	0	1067
25695	8	19	10	1109	0	1146
25696	3	15	1081	43	0	1142
25697	1037	18	27	24	0	1106
25698	1081	9	14	26	0	1130
25699	35	9	1060	21	0	1125
25700	19	1024	31	15	0	1089
25701	15	1027	16	13	0	1071
25702	15	1017	12	11	0	1055
25703	10	835	16	11	0	872
25704	9	52	10	778	0	849
25705	7	15	1	895	0	918
25706	0	8	1	901	0	910
25707	0	10	0	934	0	944
25708	1	940	0	40	0	981
25709	2	19	0	952	0	973
25710	0	946	0	37	0	983
25711	1	21	2	977	0	1001
25712	951	18	0	23	0	992
25713	21	3	0	971	0	995
25714	7	953	1	29	0	990
25715	4	19	3	983	0	1009
25716	15	7	0	977	0	999
25717	3	4	1	997	0	1005
25718	944	10	2	36	0	992
25719	20	3	0	980	0	1003
25720	8	8	955	36	0	1007
25721	3	972	22	26	0	1023
25722	15	28	7	992	0	1042
25723	6	10	4	1038	0	1058
25724	8	5	13	1034	0	1060
25725	982	11	0	42	0	1035
25726	24	5	937	27	0	993
25727	14	5	19	901	0	939
25728	7	924	8	36	0	975
25729	15	24	6	937	0	982
25730	891	13	12	34	0	950
25731	21	924	1	22	0	968
25732	11	33	2	921	0	967
25733	6	20	1	929	0	956
25734	9	911	0	47	0	967
25735	5	31	1	941	0	978
25736	3	13	2	961	0	979
25737	8	7	902	49	0	966
25738	1	905	24	25	0	955
25739	897	31	9	33	0	970
25740	29	17	899	26	0	971
25741	904	11	33	21	0	969
25742	35	14	902	27	0	978
25743	21	9	29	922	0	981
25744	892	9	17	55	0	973
25745	36	12	7	928	0	983
25746	909	8	9	54	0	980
25747	924	8	5	43	0	980
25748	936	10	5	27	0	978
25749	48	907	9	23	0	987
25750	28	32	5	908	0	973
25751	24	19	3	931	0	977
25752	14	11	9	947	0	981
25753	11	16	895	58	0	980
25754	12	5	31	939	0	987
25755	911	5	11	58	0	985
25756	937	6	7	38	0	988
25757	36	8	918	24	0	986
25758	916	10	25	25	0	976
25759	938	13	14	16	0	981
25760	48	5	11	881	0	945
25761	872	12	12	44	0	940
25762	897	10	3	28	0	938
25763	54	4	11	874	0	943
25764	874	6	9	59	0	948
25765	896	12	12	24	0	944
25766	52	7	5	882	0	946
25767	32	7	645	46	0	730
25768	858	14	22	19	0	913
25769	42	9	860	23	0	934
25770	26	4	868	27	0	925
25771	21	857	43	17	0	938
25772	24	28	17	856	0	925
25773	19	11	18	894	0	942
25774	18	7	17	880	0	922
25775	21	17	850	53	0	941
25776	25	7	853	31	0	916
25777	22	858	37	27	0	944
25778	27	28	19	844	0	918
25779	22	11	26	872	0	931
25780	22	8	21	891	0	942
25781	21	11	859	55	0	946
25782	18	850	29	39	0	936
25783	22	27	13	875	0	937
25784	28	10	859	47	0	944
25785	23	7	868	28	0	926
25786	856	15	39	21	0	931
25787	873	5	22	28	0	928
25788	888	8	21	22	0	939
25789	48	9	12	857	0	926
25790	33	6	841	42	0	922
25791	23	833	35	36	0	927
25792	27	876	18	29	0	950
25793	26	29	780	17	0	852
25794	20	36	39	694	0	789
25795	23	5	18	641	0	687
25796	21	613	15	28	0	677
25797	13	648	11	27	0	699
25798	648	22	10	9	0	689
25799	673	12	9	13	0	707
25800	684	8	8	20	0	720
25801	680	3	7	18	0	708
25802	646	8	7	15	0	676
25803	31	599	6	18	0	654
25804	7	487	7	9	0	510
25805	5	387	6	3	0	401
25806	347	11	20	8	0	386
25807	9	12	6	308	0	335
25808	4	2	3	304	0	313
25809	300	1	2	4	0	307
25810	7	295	5	3	0	310
25811	3	5	3	296	0	307
25812	6	2	1	301	0	310
25813	3	3	3	308	0	317
25814	302	2	3	8	0	315
25815	10	2	3	303	0	318
25816	6	1	295	3	0	305
25817	278	1	4	7	0	290
25818	9	3	1	278	0	291
25819	5	3	281	6	0	295
25820	5	276	3	6	0	290
25821	5	259	1	2	0	267
25822	245	3	7	2	0	257
25823	229	0	3	4	0	236
25824	1	250	1	1	0	253
25825	2	2	1	257	0	262
25826	271	0	1	4	0	276
25827	4	0	1	288	0	293
25828	2	3	1	305	0	311
25829	4	1	0	303	0	308
25830	0	0	2	306	0	308
25831	0	294	3	9	0	306
25832	1	6	2	300	0	309
25833	2	2	2	304	0	310
25834	3	2	0	307	0	312
25835	2	1	285	9	0	297
25836	0	292	4	7	0	303
25837	1	5	1	300	0	307
25838	1	2	291	7	0	301
25839	1	3	274	3	0	281
25840	1	288	5	3	0	297
25841	280	6	3	4	0	293
25842	3	1	3	286	0	293
25843	283	3	2	5	0	293
25844	5	296	3	2	0	306
25845	4	5	0	295	0	304
25846	283	1	0	8	0	292
25847	285	2	3	4	0	294
25848	6	2	1	286	0	295
25849	3	3	0	287	0	293
25850	3	1	281	6	0	291
25851	3	0	4	279	0	286
25852	3	0	1	287	0	291
25853	280	2	1	6	0	289
25854	3	285	1	5	0	294
25855	4	3	277	3	0	287
25856	267	3	3	3	0	276
25857	5	283	1	5	0	294
25858	5	4	4	276	0	289
25859	278	3	2	4	0	287
25860	4	2	1	279	0	286
25861	3	1	1	282	0	287
25862	3	1	277	6	0	287
25863	1	3	3	278	0	285
25864	276	0	2	8	0	286
25865	5	1	1	277	0	284
25866	264	2	1	8	0	275
25867	5	260	3	3	0	271
25868	5	266	0	4	0	275
25869	3	6	0	267	0	276
25870	4	1	1	271	0	277
25871	264	2	3	6	0	275
25872	3	271	0	6	0	280
25873	270	4	1	6	0	281
25874	275	1	2	4	0	282
25875	7	1	1	277	0	286
25876	276	3	2	4	0	285
25877	7	4	270	3	0	284
25878	5	1	4	274	0	284
25879	5	3	272	6	0	286
25880	3	3	4	276	0	286
25881	266	2	2	9	0	279
25882	268	0	3	6	0	277
25883	7	271	2	4	0	284
25884	2	3	1	274	0	280
25885	6	2	1	267	0	276
25886	3	259	2	7	0	271
25887	4	4	1	271	0	280
25888	3	3	1	272	0	279
25889	3	259	2	5	0	269
25890	256	6	0	9	0	271
25891	252	3	2	4	0	261
25892	8	2	0	254	0	264
25893	4	3	0	258	0	265
25894	6	1	246	7	0	260
25895	5	5	3	240	0	253
25896	3	236	1	9	0	249
25897	245	3	1	9	0	258
25898	4	4	3	243	0	254
25899	4	2	2	231	0	239
25900	221	1	2	6	0	230
25901	4	229	0	10	0	243
25902	5	3	2	238	0	248
25903	3	2	3	235	0	243
25904	2	229	1	7	0	239
25905	232	5	0	7	0	244
25906	5	2	233	6	0	246
25907	3	2	230	4	0	239
25908	3	5	4	239	0	251
25909	4	3	239	5	0	251
25910	236	1	6	3	0	246
25911	5	0	4	239	0	248
25912	7	0	249	7	0	263
25913	2	4	232	4	0	242
25914	3	240	5	5	0	253
25915	249	3	5	3	0	260
25916	4	248	2	7	0	261
25917	269	5	0	2	0	276
25918	271	1	4	1	0	277
25919	4	260	3	4	0	271
25920	262	4	1	6	0	273
25921	262	4	2	2	0	270
25922	9	3	247	1	0	260
25923	8	7	2	240	0	257
25924	2	227	1	6	0	236
25925	1	230	2	3	0	236
25926	3	9	3	204	0	219
25927	194	1	0	5	0	200
25928	0	0	2	185	0	187
25929	0	0	0	185	0	185
25930	0	0	1	191	0	192
25931	1	200	0	0	0	201
25932	0	2	0	213	0	215
25933	1	0	226	2	0	229
25934	220	0	5	1	0	226
25935	240	1	3	1	0	245
25936	6	237	0	1	0	244
25937	229	5	0	0	0	234
25938	7	1	0	230	0	238
25939	2	0	232	4	0	238
25940	225	1	4	1	0	231
25941	5	226	1	0	0	232
25942	1	5	0	226	0	232
25943	236	0	0	4	0	240
25944	5	232	0	2	0	239
25945	2	238	1	0	0	241
25946	236	8	0	0	0	244
25947	5	3	229	0	0	237
25948	238	0	5	0	0	243
25949	7	0	2	234	0	243
25950	3	0	0	237	0	240
25951	0	1	228	7	0	236
25952	1	0	233	2	0	236
25953	0	0	8	238	0	246
25954	1	0	229	5	0	235
25955	0	0	233	3	0	236
25956	0	0	5	230	0	235
25957	0	0	2	236	0	238
25958	232	0	1	8	0	241
25959	5	0	0	238	0	243
25960	238	0	1	4	0	243
25961	4	231	1	6	0	242
25962	2	5	0	245	0	252
25963	0	2	262	5	0	269
25964	259	0	5	4	0	268
25965	268	0	1	1	0	270
25966	274	0	0	0	0	274
25967	269	1	0	0	0	270
25968	271	0	0	1	0	272
25969	8	0	1	264	0	273
25970	3	0	260	5	0	268
25971	0	0	245	3	0	248
25972	1	1	254	1	0	257
25973	243	0	7	0	0	250
25974	253	0	2	1	0	256
25975	8	0	0	248	0	256
25976	2	251	1	5	0	259
25977	0	5	1	260	0	266
25978	0	2	256	6	0	264
25979	0	1	245	3	0	249
25980	248	0	7	2	0	257
25981	6	0	262	1	0	269
25982	3	1	5	260	0	269
25983	275	0	2	6	0	283
25984	259	1	0	5	0	265
25985	283	1	1	0	0	285
25986	291	0	0	2	0	293
25987	8	0	282	1	0	291
25988	285	1	7	0	0	293
25989	9	280	1	0	0	290
25990	1	8	0	291	0	300
25991	2	3	285	6	0	296
25992	2	3	6	286	0	297
25993	0	2	304	7	0	313
25994	4	1	6	304	0	315
25995	2	2	4	310	0	318
25996	2	1	304	10	0	317
25997	5	0	6	295	0	306
25998	303	2	2	9	0	316
25999	7	2	2	303	0	314
26000	4	0	2	314	0	320
26001	301	1	3	11	0	316
26002	8	316	3	5	0	332
26003	319	7	3	3	0	332
26004	7	319	2	3	0	331
26005	329	7	1	5	0	342
26006	9	3	326	2	0	340
26007	5	2	7	320	0	334
26008	5	2	3	327	0	337
26009	323	2	2	10	0	337
26010	9	321	1	5	0	336
26011	5	6	3	317	0	331
26012	3	1	4	315	0	323
26013	2	293	1	11	0	307
26014	305	8	3	3	0	319
26015	7	306	2	4	0	319
26016	4	6	3	305	0	318
26017	2	2	2	303	0	309
26018	0	294	4	10	0	308
26019	294	7	2	7	0	310
26020	10	2	292	2	0	306
26021	280	1	10	2	0	293
26022	12	280	1	4	0	297
26023	6	7	1	285	0	299
26024	287	2	1	10	0	300
26025	7	1	1	297	0	306
26026	7	0	1	299	0	307
26027	295	1	2	10	0	308
26028	10	282	2	4	0	298
26029	8	302	0	1	0	311
26030	294	9	2	1	0	306
26031	5	2	287	4	0	298
26032	5	273	6	1	0	285
26033	4	6	4	267	0	281
26034	2	2	319	3	0	326
26035	6	1	4	305	0	316
26036	309	0	3	6	0	318
26037	5	320	0	2	0	327
26038	2	6	0	303	0	311
26039	1	322	2	4	0	329
26040	326	5	1	2	0	334
26041	330	1	0	3	0	334
26042	6	344	1	1	0	352
26043	1	5	0	344	0	350
26044	1	351	0	5	0	357
26045	355	5	2	2	0	364
26046	368	0	0	1	0	369
26047	7	1	0	360	0	368
26048	1	0	0	368	0	369
26049	1	1	364	7	0	373
26050	339	0	5	4	0	348
26051	6	0	366	2	0	374
26052	2	1	5	360	0	368
26053	354	2	1	7	0	364
26054	6	371	1	1	0	379
26055	365	5	1	2	0	373
26056	5	1	346	2	0	354
26057	368	1	5	2	0	376
26058	8	375	2	1	0	386
26059	377	7	3	2	0	389
26060	7	383	1	4	0	395
26061	4	6	1	385	0	396
26062	3	5	372	6	0	386
26063	1	3	356	2	0	362
26064	1	3	7	365	0	376
26065	4	2	362	6	0	374
26066	2	2	5	366	0	375
26067	2	3	2	370	0	377
26068	1	2	376	8	0	387
26069	331	2	6	7	0	346
26070	380	2	3	1	0	386
26071	8	376	1	2	0	387
26072	381	6	0	6	0	393
26073	6	1	3	380	0	390
26074	2	1	385	7	0	395
26075	1	0	8	378	0	387
26076	1	0	4	392	0	397
26077	386	0	1	6	0	393
26078	7	377	0	4	0	388
26079	3	382	0	3	0	388
26080	3	6	1	383	0	393
26081	2	1	2	389	0	394
26082	3	382	2	7	0	394
26083	2	7	0	374	0	383
26084	2	2	0	374	0	378
26085	3	372	0	7	0	382
26086	361	6	2	4	0	373
26087	5	1	2	367	0	375
26088	3	367	2	10	0	382
26089	2	5	2	376	0	385
26090	369	3	1	7	0	380
26091	6	370	1	4	0	381
26092	375	5	2	4	0	386
26093	367	3	1	1	0	372
26094	10	1	1	380	0	392
26095	392	1	1	8	0	402
26096	402	2	0	5	0	409
26097	406	1	0	4	0	411
26098	413	1	1	2	0	417
26099	7	2	1	407	0	417
26100	4	0	1	415	0	420
26101	4	0	404	10	0	418
26102	2	1	5	391	0	399
26103	2	3	2	400	0	407
26104	3	2	395	9	0	409
26105	390	2	5	4	0	401
26106	7	0	3	408	0	418
26107	3	1	402	9	0	415
26108	380	1	7	5	0	393
26109	8	2	444	3	0	457
26110	3	450	7	3	0	463
26111	2	477	4	4	0	487
26112	4	7	2	489	0	502
26113	1	4	533	10	0	548
26114	524	1	7	6	0	538
26115	556	3	3	2	0	564
26116	12	2	552	1	0	567
26117	541	1	8	0	0	550
26118	557	3	2	4	0	566
26119	9	555	4	3	0	571
26120	562	4	2	3	0	571
26121	9	1	6	551	0	567
26122	12	4	559	6	0	581
26123	5	3	11	530	0	549
26124	3	554	5	9	0	571
26125	4	566	4	4	0	578
26126	567	9	1	9	0	586
26127	577	4	5	4	0	590
26128	578	0	6	5	0	589
26129	16	0	3	569	0	588
26130	7	1	7	552	0	567
26131	5	556	2	10	0	573
26132	554	9	1	8	0	572
26133	8	561	3	4	0	576
26134	502	6	4	3	0	515
26135	9	495	3	10	0	517
26136	491	8	11	5	0	515
26137	491	6	1	8	0	506
26138	15	5	3	491	0	514
26139	10	500	4	5	0	519
26140	19	5	468	1	0	493
26141	452	9	4	6	0	471
26142	15	439	4	3	0	461
26143	9	6	472	7	0	494
26144	7	3	486	10	0	506
26145	4	12	8	467	0	491
26146	10	5	1	468	0	484
26147	4	502	3	4	0	513
26148	506	8	2	3	0	519
26149	16	7	1	496	0	520
26150	14	501	2	6	0	523
26151	10	520	2	5	0	537
26152	4	5	509	12	0	530
26153	8	8	492	6	0	514
26154	486	8	8	2	0	504
26155	12	5	511	2	0	530
26156	11	9	5	494	0	519
26157	7	4	6	503	0	520
26158	4	8	507	7	0	526
26159	10	4	5	500	0	519
26160	8	3	4	462	0	477
26161	491	7	2	12	0	512
26162	503	9	5	3	0	520
26163	9	3	6	490	0	508
26164	5	495	7	6	0	513
26165	2	507	7	4	0	520
26166	501	7	12	4	0	524
26167	5	4	500	6	0	515
26168	12	1	6	494	0	513
26169	496	3	7	7	0	513
26170	491	6	7	8	0	512
26171	11	1	4	497	0	513
26172	7	6	489	13	0	515
26173	8	10	449	8	0	475
26174	456	7	8	8	0	479
26175	477	5	10	9	0	501
26176	14	491	6	4	0	515
26177	11	498	6	5	0	520
26178	514	11	6	9	0	540
26179	519	8	6	10	0	543
26180	10	3	9	532	0	554
26181	13	2	10	532	0	557
26182	13	2	1	544	0	560
26183	536	3	2	18	0	559
26184	19	4	5	539	0	567
26185	8	4	538	12	0	562
26186	527	5	6	8	0	546
26187	8	9	7	534	0	558
26188	13	9	529	7	0	558
26189	516	4	5	6	0	531
26190	469	6	5	12	0	492
26191	14	526	1	7	0	548
26192	14	547	3	7	0	571
26193	11	4	515	9	0	539
26194	496	2	6	14	0	518
26195	9	524	11	7	0	551
26196	8	4	498	11	0	521
26197	495	3	5	7	0	510
26198	14	565	3	8	0	590
26199	4	14	547	6	0	571
26200	538	8	8	6	0	560
26201	16	563	1	8	0	588
26202	8	7	5	561	0	581
26203	557	7	1	11	0	576
26204	10	559	3	11	0	583
26205	5	10	3	540	0	558
26206	534	5	4	7	0	550
26207	7	0	549	8	0	564
26208	5	537	9	3	0	554
26209	4	2	496	8	0	510
26210	3	4	5	480	0	492
26211	3	1	471	6	0	481
26212	5	443	4	4	0	456
26213	5	416	2	2	0	425
26214	2	3	3	414	0	422
26215	1	1	0	396	0	398
26216	0	0	0	397	0	397
26217	0	2	402	3	0	407
26218	1	1	3	405	0	410
26219	407	1	1	4	0	413
26220	401	1	2	2	0	406
26221	4	1	426	2	0	433
26222	1	413	2	2	0	418
26223	420	3	0	3	0	426
26224	3	419	1	1	0	424
26225	424	3	1	2	0	430
26226	421	1	2	1	0	425
26227	5	0	418	1	0	424
26228	2	412	3	0	0	417
26229	1	3	0	422	0	426
26230	1	1	419	3	0	424
26231	401	1	4	1	0	407
26232	4	0	1	424	0	429
26233	2	1	414	3	0	420
26234	396	2	3	1	0	402
26235	3	3	444	2	0	452
26236	2	1	3	455	0	461
26237	468	0	1	6	0	475
26238	6	484	2	0	0	492
26239	1	3	495	3	0	502
26240	485	0	3	6	0	494
26241	538	0	2	3	0	543
26242	4	555	2	0	0	561
26243	3	3	3	551	0	560
26244	6	1	2	534	0	543
26245	526	3	0	6	0	535
26246	3	4	1	535	0	543
26247	5	0	531	6	0	542
26248	3	0	3	524	0	530
26249	524	2	1	4	0	531
26250	3	513	2	7	0	525
26251	2	3	4	492	0	501
26252	5	508	2	4	0	519
26253	521	3	0	5	0	529
26254	5	4	2	549	0	560
26255	2	1	0	579	0	582
26256	2	578	1	10	0	591
26257	3	6	564	6	0	579
26258	4	3	5	571	0	583
26259	1	1	3	581	0	586
26260	1	4	3	577	0	585
26261	1	572	3	11	0	587
26262	2	8	567	7	0	584
26263	2	9	571	4	0	586
26264	563	1	10	6	0	580
26265	580	4	3	5	0	592
26266	12	1	580	2	0	595
26267	568	2	10	5	0	585
26268	11	1	605	1	0	618
26269	589	2	5	2	0	598
26270	8	607	8	1	0	624
26271	622	5	1	4	0	632
26272	7	4	628	2	0	641
26273	7	3	626	3	0	639
26274	5	4	10	687	0	706
26275	707	1	5	7	0	720
26276	7	771	8	7	0	793
26277	8	12	922	2	0	944
26278	6	4	24	918	0	952
26279	6	2	11	953	0	972
26280	933	7	3	32	0	975
26281	946	2	6	13	0	967
26282	28	4	3	939	0	974
26283	931	3	4	28	0	966
26284	27	0	928	14	0	969
26285	17	0	22	915	0	954
26286	7	1	9	953	0	970
26287	938	0	5	32	0	975
26288	943	0	4	14	0	961
26289	28	2	2	934	0	966
26290	938	1	3	27	0	969
26291	28	2	925	12	0	967
26292	14	901	18	10	0	943
26293	8	16	913	7	0	944
26294	17	8	23	917	0	965
26295	906	3	13	27	0	949
26296	23	904	5	13	0	945
26297	11	19	9	893	0	932
26298	7	11	5	863	0	886
26299	8	860	3	29	0	900
26300	4	23	4	881	0	912
26301	7	8	3	883	0	901
26302	6	5	4	899	0	914
26303	7	9	4	886	0	906
26304	6	2	4	888	0	900
26305	10	861	3	39	0	913
26306	8	19	2	879	0	908
26307	11	8	2	889	0	910
26308	10	2	853	40	0	905
26309	5	848	23	27	0	903
26310	10	21	11	868	0	910
26311	14	13	6	877	0	910
26312	8	4	13	870	0	895
26313	6	845	2	42	0	895
26314	8	19	842	25	0	894
26315	12	14	24	849	0	899
26316	9	8	848	34	0	899
26317	7	8	836	25	0	876
26318	11	3	35	843	0	892
26319	847	4	16	35	0	902
26320	25	8	12	865	0	910
26321	9	4	12	856	0	881
26322	11	841	5	41	0	898
26323	11	27	5	860	0	903
26324	6	11	9	882	0	908
26325	8	2	849	49	0	908
26326	6	842	24	26	0	898
26327	7	26	13	861	0	907
26328	839	11	7	42	0	899
26329	22	8	841	30	0	901
26330	16	6	24	850	0	896
26331	3	7	16	867	0	893
26332	843	7	10	40	0	900
26333	20	844	11	29	0	904
26334	835	23	2	19	0	879
26335	24	817	8	19	0	868
26336	15	26	6	816	0	863
26337	794	14	4	40	0	852
26338	22	6	790	25	0	843
26339	14	763	22	19	0	818
26340	5	785	16	14	0	820
26341	733	28	9	17	0	787
26342	25	14	9	713	0	761
26343	13	702	9	29	0	753
26344	8	727	10	16	0	761
26345	5	31	4	728	0	768
26346	12	17	2	741	0	772
26347	714	7	5	36	0	762
26348	22	716	5	28	0	771
26349	11	24	10	715	0	760
26350	3	22	697	32	0	754
26351	6	707	23	24	0	760
26352	6	26	702	12	0	746
26353	8	702	23	16	0	749
26354	16	23	11	653	0	703
26355	6	11	4	634	0	655
26356	5	637	7	27	0	676
26357	4	25	628	12	0	669
26358	624	13	15	13	0	665
26359	22	4	8	660	0	694
26360	8	11	5	674	0	698
26361	6	13	658	23	0	700
26362	7	6	17	670	0	700
26363	6	8	664	27	0	705
26364	6	6	25	664	0	701
26365	8	6	683	24	0	721
26366	2	700	16	22	0	740
26367	6	18	707	13	0	744
26368	5	16	21	708	0	750
26369	703	8	8	28	0	747
26370	16	692	9	15	0	732
26371	8	24	2	689	0	723
26372	8	10	684	20	0	722
26373	1	682	23	15	0	721
26374	6	22	13	612	0	653
26375	7	11	621	20	0	659
26376	2	530	12	6	0	550
26377	363	4	7	6	0	380
26378	347	4	2	3	0	356
26379	5	2	0	344	0	351
26380	339	0	0	7	0	346
26381	5	0	1	337	0	343
26382	2	1	0	343	0	346
26383	2	0	343	6	0	351
26384	2	0	3	341	0	346
26385	0	0	2	347	0	349
26386	339	0	1	5	0	345
26387	334	0	1	5	0	340
26388	5	333	0	3	0	341
26389	4	2	331	1	0	338
26390	2	2	3	334	0	341
26391	1	0	321	4	0	326
26392	291	1	4	2	0	298
26393	4	1	318	1	0	324
26394	2	1	5	312	0	320
26395	1	313	3	3	0	320
26396	2	3	1	314	0	320
26397	0	3	2	316	0	321
26398	1	1	319	7	0	328
26399	0	1	5	320	0	326
26400	314	1	2	7	0	324
26401	315	1	1	4	0	321
26402	307	0	2	3	0	312
26403	317	0	0	3	0	320
26404	8	309	1	0	0	318
26405	3	316	0	1	0	320
26406	4	4	0	284	0	292
26407	3	2	0	313	0	318
26408	1	299	0	6	0	306
26409	1	4	0	318	0	323
26410	1	2	1	321	0	325
26411	0	2	0	320	0	322
26412	0	1	0	323	0	324
26413	2	0	0	325	0	327
26414	317	1	0	7	0	325
26415	4	316	0	5	0	325
26416	2	3	307	3	0	315
26417	1	2	4	316	0	323
26418	1	1	2	313	0	317
26419	1	1	2	309	0	313
26420	308	1	3	7	0	319
26421	4	348	0	7	0	359
26422	2	8	3	366	0	379
26423	1	386	2	13	0	402
26424	2	12	1	381	0	396
26425	1	385	2	10	0	398
26426	1	18	413	6	0	438
26427	3	7	14	451	0	475
26428	2	4	571	19	0	596
26429	3	5	22	572	0	602
26430	2	4	11	629	0	646
26431	607	2	10	31	0	650
26432	614	2	6	19	0	641
26433	631	3	2	16	0	652
26434	647	0	2	11	0	660
26435	646	4	1	6	0	657
26436	44	1	2	602	0	649
26437	22	613	1	22	0	658
26438	19	22	2	621	0	664
26439	13	6	589	33	0	641
26440	606	9	22	14	0	651
26441	635	6	6	13	0	660
26442	29	5	11	619	0	664
26443	16	1	5	617	0	639
26444	13	598	5	28	0	644
26445	13	21	1	626	0	661
26446	9	7	1	617	0	634
26447	6	601	1	36	0	644
26448	4	28	1	624	0	657
26449	563	10	3	39	0	615
26450	19	9	593	21	0	642
26451	592	7	25	18	0	642
26452	31	7	599	8	0	645
26453	12	2	29	589	0	632
26454	15	1	11	581	0	608
26455	11	563	11	31	0	616
26456	7	594	7	20	0	628
26457	5	28	5	589	0	627
26458	4	14	577	33	0	628
26459	562	13	22	18	0	615
26460	22	10	7	565	0	604
26461	11	562	9	28	0	610
26462	18	22	5	565	0	610
26463	10	9	5	570	0	594
26464	6	556	1	30	0	593
26465	8	26	3	532	0	569
26466	7	9	490	35	0	541
26467	8	8	501	16	0	533
26468	5	7	23	473	0	508
26469	2	490	12	25	0	529
26470	4	22	12	498	0	536
26471	509	6	8	32	0	555
26472	523	9	7	10	0	549
26473	517	6	3	17	0	543
26474	33	495	2	13	0	543
26475	18	23	491	13	0	545
26476	496	10	21	12	0	539
26477	509	11	5	9	0	534
26478	32	496	11	4	0	543
26479	18	24	6	499	0	547
26480	510	7	6	24	0	547
26481	519	16	4	10	0	549
26482	532	6	6	12	0	556
26483	36	7	8	503	0	554
26484	511	5	3	28	0	547
26485	38	4	2	500	0	544
26486	20	5	1	520	0	546
26487	504	4	3	32	0	543
26488	28	6	3	510	0	547
26489	506	5	6	35	0	552
26490	38	3	6	509	0	556
26491	19	2	3	539	0	563
26492	503	8	1	35	0	547
26493	30	4	490	32	0	556
26494	26	3	19	514	0	562
26495	22	2	9	518	0	551
26496	22	3	7	519	0	551
26497	16	4	4	530	0	554
26498	10	2	5	520	0	537
26499	11	490	1	47	0	549
26500	8	23	6	518	0	555
26501	9	9	494	46	0	558
26502	12	10	22	510	0	554
26503	18	3	7	521	0	549
26504	14	2	8	531	0	555
26505	7	6	488	51	0	552
26506	8	11	488	23	0	530
26507	481	4	22	29	0	536
26508	500	2	18	19	0	539
26509	29	520	11	22	0	582
26510	22	19	7	542	0	590
26511	17	15	5	557	0	594
26512	12	8	7	574	0	601
26513	554	6	9	37	0	606
26514	567	4	9	25	0	605
26515	33	1	5	569	0	608
26516	15	7	4	580	0	606
26517	12	7	3	584	0	606
26518	13	7	2	582	0	604
26519	532	4	5	46	0	587
26520	27	5	532	29	0	593
26521	13	448	19	27	0	507
26522	14	437	5	17	0	473
26523	425	16	3	15	0	459
26524	12	21	4	427	0	464
26525	7	5	413	20	0	445
26526	7	5	376	10	0	398
26527	7	383	10	9	0	409
26528	260	2	3	3	0	268
26529	2	0	267	2	0	271
26530	223	0	1	0	0	224
26531	4	0	0	230	0	234
26532	1	0	0	234	0	235
26533	0	235	0	1	0	236
26534	0	234	0	0	0	234
26535	245	1	0	0	0	246
26536	245	0	0	0	0	245
26537	1	245	0	0	0	246
26538	0	1	230	0	0	231
26539	0	0	236	0	0	236
26540	0	0	1	240	0	241
26541	245	0	0	1	0	246
26542	1	242	0	1	0	244
26543	0	2	0	256	0	258
26544	260	0	0	1	0	261
26545	3	0	0	266	0	269
26546	1	0	0	274	0	275
26547	276	0	0	2	0	278
26548	1	266	0	1	0	268
26549	0	292	0	0	0	292
26550	0	3	288	0	0	291
26551	0	1	1	293	0	295
26552	0	0	1	301	0	302
26553	0	1	307	2	0	310
26554	258	0	2	2	0	262
26555	276	0	2	1	0	279
26556	2	0	301	0	0	303
26557	254	0	1	3	0	258
26558	1	1	310	0	0	312
26559	1	322	1	2	0	326
26560	1	1	1	347	0	350
26561	0	1	0	351	0	352
26562	341	0	0	4	0	345
26563	341	0	0	1	0	342
26564	337	1	0	0	0	338
26565	343	1	0	1	0	345
26566	346	0	1	0	0	347
26567	2	0	335	2	0	339
26568	1	336	1	1	0	339
26569	0	1	2	341	0	344
26570	1	341	0	1	0	343
26571	1	336	0	1	0	338
26572	0	1	2	333	0	336
26573	1	1	0	335	0	337
26574	0	0	344	2	0	346
26575	321	1	2	1	0	325
26576	345	0	1	0	0	346
26577	3	344	0	0	0	347
26578	349	1	1	2	0	353
26579	365	1	0	0	0	366
26580	3	1	1	363	0	368
26581	2	1	377	1	0	381
26582	1	1	373	3	0	378
26583	372	0	3	1	0	376
26584	383	1	1	0	0	385
26585	3	373	0	0	0	376
26586	2	392	0	0	0	394
26587	1	3	0	402	0	406
26588	398	1	0	2	0	401
26589	1	0	385	2	0	388
26590	1	1	2	383	0	387
26591	393	0	1	2	0	396
26592	395	1	0	1	0	397
26593	2	2	0	413	0	417
26594	416	0	0	3	0	419
26595	2	0	408	2	0	412
26596	1	0	419	1	0	421
26597	0	0	3	419	0	422
26598	3	0	2	444	0	449
26599	1	1	0	442	0	444
26600	2	427	0	2	0	431
26601	1	439	0	0	0	440
26602	0	3	0	451	0	454
26603	453	1	1	3	0	458
26604	3	0	1	458	0	462
26605	2	0	1	462	0	465
26606	1	446	0	4	0	451
26607	2	453	0	1	0	456
26608	2	5	0	457	0	464
26609	0	2	0	426	0	428
26610	416	0	1	2	0	419
26611	1	408	2	2	0	413
26612	418	1	1	2	0	422
26613	2	1	1	421	0	425
26614	4	0	417	2	0	423
26615	0	0	411	2	0	413
26616	426	1	4	1	0	432
26617	2	1	2	447	0	452
26618	1	0	1	441	0	443
26619	1	1	0	445	0	447
26620	0	0	453	5	0	458
26621	1	0	1	456	0	458
26622	1	443	1	0	0	445
26623	0	3	0	468	0	471
26624	2	1	0	461	0	464
26625	1	466	0	5	0	472
26626	3	2	0	472	0	477
26627	456	2	1	5	0	464
26628	3	454	0	1	0	458
26629	465	4	0	4	0	473
26630	479	3	1	2	0	485
26631	7	1	1	477	0	486
26632	5	1	0	479	0	485
26633	2	1	0	482	0	485
26634	1	0	458	8	0	467
26635	3	447	3	5	0	458
26636	1	466	4	1	0	472
26637	1	5	1	454	0	461
26638	458	2	0	3	0	463
26639	4	1	0	461	0	466
26640	2	0	454	6	0	462
26641	1	443	4	4	0	452
26642	1	464	4	1	0	470
26643	456	6	0	0	0	462
26644	459	2	0	1	0	462
26645	5	486	0	5	0	496
26646	501	4	0	1	0	506
26647	4	1	489	3	0	497
26648	5	1	480	2	0	488
26649	496	2	5	1	0	504
26650	506	2	1	2	0	511
26651	9	1	1	504	0	515
26652	503	1	0	8	0	512
26653	9	1	512	1	0	523
26654	3	0	561	2	0	566
26655	1	1	10	631	0	643
26656	1	1	4	712	0	718
26657	2	2	1	733	0	738
26658	3	1	1	744	0	749
26659	3	1	0	784	0	788
26660	2	2	761	25	0	790
26661	4	0	18	768	0	790
26662	759	0	6	27	0	792
26663	20	0	2	781	0	803
26664	768	0	5	30	0	803
26665	20	2	0	783	0	805
26666	813	3	5	27	0	848
26667	851	0	3	19	0	873
26668	34	1	6	832	0	873
26669	7	6	5	855	0	873
26670	838	0	1	33	0	872
26671	840	1	1	15	0	857
26672	29	2	830	14	0	875
26673	21	0	16	827	0	864
26674	12	1	6	855	0	874
26675	836	1	5	37	0	879
26676	860	0	3	17	0	880
26677	36	0	2	847	0	885
26678	13	0	7	866	0	886
26679	16	0	2	857	0	875
26680	10	0	4	855	0	869
26681	11	778	6	34	0	829
26682	11	799	1	22	0	833
26683	6	22	1	814	0	843
26684	10	792	3	33	0	838
26685	11	21	1	816	0	849
26686	5	7	785	37	0	834
26687	1	9	770	25	0	805
26688	3	805	20	17	0	845
26689	3	23	6	824	0	856
26690	11	15	809	21	0	856
26691	7	6	20	811	0	844
26692	5	8	9	831	0	853
26693	788	5	9	44	0	846
26694	24	5	8	826	0	863
26695	10	5	842	35	0	892
26696	8	9	838	16	0	871
26697	10	824	24	17	0	875
26698	3	896	9	27	0	935
26699	913	25	9	13	0	960
26700	25	7	975	20	0	1027
26701	14	2	27	980	0	1023
26702	968	6	17	28	0	1019
26703	979	10	9	25	0	1023
26704	25	1011	9	16	0	1061
26705	23	25	6	956	0	1010
26706	12	15	6	1047	0	1080
26707	12	7	5	1039	0	1063
26708	1020	4	5	40	0	1069
26709	29	2	998	27	0	1056
26710	16	1023	23	14	0	1076
26711	16	22	11	1017	0	1066
26712	9	18	3	1058	0	1088
26713	3	9	1011	47	0	1070
26714	15	5	22	1023	0	1065
26715	4	0	16	1048	0	1068
26716	9	9	5	1042	0	1065
26717	14	5	8	1030	0	1057
26718	7	9	996	48	0	1060
26719	4	12	23	1014	0	1053
26720	3	0	1019	48	0	1070
26721	5	1004	27	31	0	1067
26722	5	16	15	1031	0	1067
26723	16	8	5	1044	0	1073
26724	6	4	1020	40	0	1070
26725	3	979	20	33	0	1035
26726	7	19	13	989	0	1028
26727	9	10	989	33	0	1041
26728	6	978	24	25	0	1033
26729	4	17	12	999	0	1032
26730	6	11	987	29	0	1033
26731	7	8	20	980	0	1015
26732	5	9	12	981	0	1007
26733	4	5	11	1020	0	1040
26734	986	6	10	31	0	1033
26735	19	970	9	23	0	1021
26736	986	21	9	16	0	1032
26737	22	8	981	24	0	1035
26738	1001	4	19	26	0	1050
26739	1026	9	13	23	0	1071
26740	28	4	2	1048	0	1082
26741	1053	9	7	32	0	1101
26742	1067	9	3	23	0	1102
26743	1079	8	8	11	0	1106
26744	33	9	7	1062	0	1111
26745	20	6	6	1033	0	1065
26746	8	2	1008	40	0	1058
26747	12	1	968	20	0	1001
26748	981	4	26	16	0	1027
26749	29	8	7	1006	0	1050
26750	17	1001	8	24	0	1050
26751	1002	13	9	28	0	1052
26752	20	1002	12	14	0	1048
26753	12	985	10	14	0	1021
26754	14	20	912	11	0	957
26755	5	6	924	9	0	944
26756	10	11	11	903	0	935
26757	7	2	942	8	0	959
26758	3	2	865	8	0	878
26759	852	1	2	7	0	862
26760	899	0	3	7	0	909
26761	1	1	2	912	0	916
26762	3	2	0	926	0	931
26763	2	1	942	3	0	948
26764	1	930	3	2	0	936
26765	1	0	1	926	0	928
26766	924	1	2	6	0	933
26767	2	2	0	902	0	906
26768	2	907	0	2	0	911
26769	3	1	898	2	0	904
26770	1	914	1	2	0	918
26771	922	2	2	5	0	931
26772	913	1	1	3	0	918
26773	2	3	2	908	0	915
26774	4	2	935	1	0	942
26775	2	0	877	3	0	882
26776	1	942	3	2	0	948
26777	1	0	5	901	0	907
26778	0	2	2	955	0	959
26779	0	2	947	4	0	953
26780	1	0	0	938	0	939
26781	0	984	2	3	0	989
26782	2	3	2	1006	0	1013
26783	0	2	1	1005	0	1008
26784	1	2	1007	6	0	1016
26785	2	1	3	1000	0	1006
26786	1011	0	3	10	0	1024
26787	5	0	1013	4	0	1022
26788	5	0	964	3	0	972
26789	3	1011	8	0	0	1022
26790	2	5	7	1027	0	1041
26791	0	4	2	1091	0	1097
26792	0	2	1071	10	0	1083
26793	1008	0	6	11	0	1025
26794	6	0	6	1056	0	1068
26795	7	2	1034	6	0	1049
26796	7	0	6	1010	0	1023
26797	0	2	1040	9	0	1051
26798	3	1	952	8	0	964
26799	2	974	13	5	0	994
26800	2	6	8	901	0	917
26801	2	939	4	6	0	951
26802	903	7	1	9	0	920
26803	6	7	929	3	0	945
26804	8	910	8	2	0	928
26805	3	7	6	920	0	936
26806	911	6	4	10	0	931
26807	6	928	1	7	0	942
26808	6	9	1	939	0	955
26809	3	7	1	932	0	943
26810	2	941	0	13	0	956
26811	934	6	1	12	0	953
26812	7	6	2	1031	0	1046
26813	9	3	1	1100	0	1113
26814	4	1	1074	20	0	1099
26815	2	1127	12	9	0	1150
26816	2	13	9	1143	0	1167
26817	0	9	4	1241	0	1254
26818	0	1282	0	25	0	1307
26819	5	17	1	1304	0	1327
26820	6	11	2	1348	0	1367
26821	3	4	5	1367	0	1379
26822	2	1356	4	32	0	1394
26823	1349	22	2	25	0	1398
26824	19	13	1354	9	0	1395
26825	1316	7	21	18	0	1362
26826	19	1371	10	6	0	1406
26827	14	21	4	1368	0	1407
26828	5	11	1359	27	0	1402
26829	3	7	20	1363	0	1393
26830	9	6	11	1352	0	1378
26831	6	4	9	1384	0	1403
26832	6	2	1366	32	0	1406
26833	4	1344	23	17	0	1388
26834	3	22	1377	13	0	1415
26835	1	1374	24	8	0	1407
26836	0	24	1406	11	0	1441
26837	5	11	24	1405	0	1445
26838	1360	6	13	36	0	1415
26839	20	1372	10	21	0	1423
26840	16	28	1369	10	0	1423
26841	4	1362	34	7	0	1407
26842	5	33	1350	6	0	1394
26843	11	17	33	1300	0	1361
26844	9	8	19	1275	0	1311
26845	5	1311	8	36	0	1360
26846	3	1357	5	22	0	1387
26847	1355	38	8	11	0	1412
26848	21	21	5	1375	0	1422
26849	12	10	1386	26	0	1434
26850	9	8	24	1402	0	1443
26851	3	7	1412	32	0	1454
26852	9	8	1380	21	0	1418
26853	7	13	38	1330	0	1388
26854	8	1371	18	28	0	1425
26855	1305	28	7	17	0	1357
26856	25	19	9	1299	0	1352
26857	12	8	12	1259	0	1291
26858	8	1282	7	40	0	1337
26859	1245	26	13	31	0	1315
26860	1257	16	7	23	0	1303
26861	36	14	9	1235	0	1294
26862	23	1229	2	29	0	1283
26863	6	1284	12	19	0	1321
26864	1271	35	5	22	0	1333
26865	24	24	1267	16	0	1331
26866	1245	10	29	17	0	1301
26867	1275	7	21	12	0	1315
26868	1265	12	9	21	0	1307
26869	37	1247	13	18	0	1315
26870	18	32	8	1252	0	1310
26871	1247	24	15	31	0	1317
26872	1255	15	8	20	0	1298
26873	40	1240	13	16	0	1309
26874	1241	34	4	10	0	1289
26875	38	21	8	1227	0	1294
26876	23	10	4	1237	0	1274
26877	15	1214	8	48	0	1285
26878	9	36	5	1246	0	1296
26879	14	19	11	1246	0	1290
26880	9	1223	7	40	0	1279
26881	16	25	11	1143	0	1195
26882	7	1186	12	36	0	1241
26883	1166	26	8	33	0	1233
26884	1146	23	8	16	0	1193
26885	32	1139	7	17	0	1195
26886	22	30	1127	15	0	1194
26887	15	24	21	1127	0	1187
26888	12	8	1126	26	0	1172
26889	9	1070	21	26	0	1126
26890	7	1114	14	20	0	1155
26891	1045	25	12	9	0	1091
26892	20	1072	4	17	0	1113
26893	15	26	10	1042	0	1093
26894	15	1050	7	21	0	1093
26895	5	1083	9	20	0	1117
26896	1062	31	2	18	0	1113
26897	20	26	6	1049	0	1101
26898	21	8	1044	24	0	1097
26899	14	12	1029	17	0	1072
26900	7	1041	23	14	0	1085
26901	1041	26	12	10	0	1089
26902	17	1060	5	9	0	1091
26903	20	21	9	1038	0	1088
26904	1026	17	10	29	0	1082
26905	23	11	9	1053	0	1096
26906	18	8	7	1043	0	1076
26907	12	1049	4	30	0	1095
26908	9	25	3	1071	0	1108
26909	5	22	1069	24	0	1120
26910	1087	10	19	23	0	1139
26911	33	1107	10	10	0	1160
26912	11	1086	3	5	0	1105
26913	1009	23	2	8	0	1042
26914	23	10	1034	9	0	1076
26915	979	8	29	9	0	1025
26916	22	1099	11	3	0	1135
26917	7	1211	2	9	0	1229
26918	8	31	1228	3	0	1270
26919	10	1228	30	6	0	1274
26920	5	33	11	1100	0	1149
26921	5	10	5	1126	0	1146
26922	4	1162	1	32	0	1199
26923	5	36	5	1175	0	1221
26924	1184	21	2	36	0	1243
26925	30	14	1177	15	0	1236
26926	1164	25	30	10	0	1229
26927	1224	15	14	16	0	1269
26928	1222	13	10	21	0	1266
26929	46	14	1204	11	0	1275
26930	20	9	30	1233	0	1292
26931	21	18	1224	33	0	1296
26932	1194	10	45	19	0	1268
26933	1198	13	13	16	0	1240
26934	50	1196	14	8	0	1268
26935	37	31	6	1194	0	1268
26936	20	1251	13	28	0	1312
26937	17	37	1254	26	0	1334
26938	19	14	46	1266	0	1345
26939	1266	12	23	39	0	1340
26940	1300	6	12	22	0	1340
26941	62	13	8	1218	0	1301
26942	35	1246	7	35	0	1323
26943	13	48	1262	18	0	1341
26944	11	17	1286	22	0	1336
26945	1224	12	52	21	0	1309
26946	50	10	1290	9	0	1359
26947	33	1255	38	14	0	1340
26948	25	39	12	1255	0	1331
26949	15	22	1269	39	0	1345
26950	16	16	39	1248	0	1319
26951	11	11	1253	39	0	1314
26952	1209	11	43	18	0	1281
26953	42	6	36	1212	0	1296
26954	26	1200	14	38	0	1278
26955	14	1235	17	29	0	1295
26956	14	51	20	1207	0	1292
26957	14	17	14	1209	0	1254
26958	4	1209	27	48	0	1288
26959	18	37	1216	21	0	1292
26960	11	19	43	1215	0	1288
26961	13	22	1226	39	0	1300
26962	7	16	1190	36	0	1249
26963	1133	13	49	26	0	1221
26964	39	1158	21	24	0	1242
26965	1153	44	17	24	0	1238
26966	44	18	20	1131	0	1213
26967	15	1182	16	50	0	1263
26968	13	40	26	1195	0	1274
26969	15	23	20	1179	0	1237
26970	17	1176	16	55	0	1264
26971	8	44	1170	32	0	1254
26972	19	27	37	1174	0	1257
26973	1173	18	26	48	0	1265
26974	44	18	12	1175	0	1249
26975	22	13	19	1193	0	1247
26976	14	15	1153	60	0	1242
26977	14	1156	42	25	0	1237
26978	11	45	24	1160	0	1240
26979	12	26	1170	49	0	1257
26980	15	13	1166	33	0	1227
26981	1130	10	49	38	0	1227
26982	41	1163	20	29	0	1253
26983	1148	38	23	24	0	1233
26984	34	1153	11	30	0	1228
26985	20	1186	24	21	0	1251
26986	1145	51	24	28	0	1248
26987	45	21	20	1125	0	1211
26988	25	1165	18	49	0	1257
26989	19	46	15	1187	0	1267
26990	1179	19	17	50	0	1265
26991	46	34	1159	20	0	1259
26992	19	26	1132	23	0	1200
26993	1129	14	49	18	0	1210
26994	36	1146	32	21	0	1235
26995	34	51	1134	11	0	1230
26996	17	1146	39	24	0	1226
26997	31	50	19	1124	0	1224
26998	15	26	1146	48	0	1235
26999	16	19	45	1147	0	1227
27000	25	16	1144	39	0	1224
27001	1060	18	49	27	0	1154
27002	40	1131	28	21	0	1220
27003	1126	53	18	20	0	1217
27004	44	23	21	1121	0	1209
27005	21	1187	24	39	0	1271
27006	1179	45	12	34	0	1270
27007	1131	15	26	23	0	1195
27008	50	24	1165	12	0	1251
27009	20	18	1169	15	0	1222
27010	1038	19	43	12	0	1112
27011	34	1055	18	25	0	1132
27012	11	1063	19	9	0	1102
27013	37	48	11	1009	0	1105
27014	15	19	1001	30	0	1065
27015	15	935	32	12	0	994
27016	7	862	17	5	0	891
27017	22	22	5	618	0	667
27018	621	7	1	8	0	637
27019	617	4	1	7	0	629
27020	618	2	3	6	0	629
27021	9	1	614	3	0	627
27022	613	2	8	4	0	627
27023	621	4	1	6	0	632
27024	628	3	4	0	0	635
27025	8	3	1	603	0	615
27026	6	604	4	4	0	618
27027	607	6	2	6	0	621
27028	10	600	2	1	0	613
27029	1	8	3	587	0	599
27030	4	5	599	5	0	613
27031	4	1	5	603	0	613
27032	5	1	2	602	0	610
27033	3	4	604	6	0	617
27034	4	593	5	2	0	604
27035	5	4	1	559	0	569
27036	541	3	3	6	0	553
27037	5	524	2	4	0	535
27038	515	4	1	4	0	524
27039	6	1	2	508	0	517
27040	1	524	2	4	0	531
27041	527	5	2	2	0	536
27042	3	529	1	3	0	536
27043	2	4	524	2	0	532
27044	527	3	4	2	0	536
27045	528	2	2	10	0	542
27046	4	534	1	3	0	542
27047	3	5	522	2	0	532
27048	4	531	2	0	0	537
27049	5	9	2	366	0	382
27050	1	2	3	581	0	587
27051	3	3	2	588	0	596
27052	5	583	0	9	0	597
27053	1	10	0	587	0	598
27054	2	3	4	589	0	598
27055	584	3	2	8	0	597
27056	9	4	0	589	0	602
27057	4	2	1	604	0	611
27058	592	0	1	11	0	604
27059	8	599	1	3	0	611
27060	600	10	0	6	0	616
27061	600	6	1	3	0	610
27062	600	3	0	5	0	608
27063	15	1	0	586	0	602
27064	6	0	3	602	0	611
27065	6	2	584	10	0	602
27066	4	3	559	2	0	568
27067	5	5	542	2	0	554
27068	535	4	9	5	0	553
27069	15	0	555	5	0	575
27070	3	567	11	4	0	585
27071	2	14	2	570	0	588
27072	4	4	5	559	0	572
27073	2	583	3	10	0	598
27074	3	9	577	6	0	595
27075	6	583	11	2	0	602
27076	592	7	3	4	0	606
27077	7	5	594	4	0	610
27078	5	587	10	5	0	607
27079	6	11	576	4	0	597
27080	4	3	10	581	0	598
27081	7	1	596	7	0	611
27082	5	7	9	581	0	602
27083	598	2	2	10	0	612
27084	8	5	598	5	0	616
27085	3	594	6	4	0	607
27086	599	8	5	6	0	618
27087	9	5	624	6	0	644
27088	1	1	616	7	0	625
27089	5	3	12	616	0	636
27090	7	3	613	10	0	633
27091	600	4	12	6	0	622
27092	10	613	6	3	0	632
27093	5	13	3	610	0	631
27094	4	635	4	13	0	656
27095	650	10	3	11	0	674
27096	9	5	649	5	0	668
27097	4	7	668	2	0	681
27098	7	4	14	667	0	692
27099	4	3	6	683	0	696
27100	6	4	1	685	0	696
27101	6	3	1	699	0	709
27102	3	4	681	17	0	705
27103	3	689	15	4	0	711
27104	1	13	5	625	0	644
27105	6	1	609	12	0	628
27106	3	600	11	4	0	618
27107	597	9	2	6	0	614
27108	12	2	1	602	0	617
27109	580	1	4	14	0	599
27110	11	588	1	3	0	603
27111	589	10	1	7	0	607
27112	9	2	609	2	0	622
27113	4	4	8	592	0	608
27114	5	607	3	9	0	624
27115	2	9	607	6	0	624
27116	4	600	10	3	0	617
27117	4	27	2	419	0	452
27118	576	2	1	10	0	589
27119	10	572	3	2	0	587
27120	575	8	2	4	0	589
27121	10	6	580	1	0	597
27122	2	0	567	2	0	571
27123	570	3	9	4	0	586
27124	8	0	3	583	0	594
27125	4	2	4	591	0	601
27126	0	3	584	10	0	597
27127	5	0	562	1	0	568
27128	1	592	13	0	0	606
27129	592	9	2	2	0	605
27130	576	1	1	1	0	579
27131	8	570	0	2	0	580
27132	1	8	1	593	0	603
27133	600	1	0	8	0	609
27134	8	1	1	600	0	610
27135	612	1	1	8	0	622
27136	617	0	1	3	0	621
27137	628	0	0	1	0	629
27138	9	0	2	616	0	627
27139	2	0	1	653	0	656
27140	629	0	1	9	0	639
27141	628	0	2	4	0	634
27142	627	0	0	1	0	628
27143	7	610	2	1	0	620
27144	581	7	0	2	0	590
27145	7	579	1	1	0	588
27146	581	6	1	2	0	590
27147	8	0	575	0	0	583
27148	522	7	9	1	0	539
27149	4	529	1	2	0	536
27150	1	513	0	0	0	514
27151	529	2	4	1	0	536
27152	3	1	1	541	0	546
27153	2	0	0	551	0	553
27154	0	556	2	2	0	560
27155	2	567	0	0	0	569
27156	558	3	0	1	0	562
27157	3	2	576	1	0	582
27158	1	1	2	589	0	593
27159	622	0	0	5	0	627
27160	4	0	618	1	0	623
27161	1	653	5	0	0	659
27162	710	7	0	4	0	721
27163	14	0	755	1	0	770
27164	6	2	16	796	0	820
27165	5	1	823	20	0	849
27166	799	0	21	7	0	827
27167	17	838	7	2	0	864
27168	851	17	2	2	0	872
27169	860	6	1	2	0	869
27170	23	3	1	838	0	865
27171	847	1	0	23	0	871
27172	20	0	3	842	0	865
27173	8	1	0	852	0	861
27174	3	2	827	23	0	855
27175	4	818	17	6	0	845
27176	4	19	6	823	0	852
27177	3	4	2	842	0	851
27178	4	1	0	852	0	857
27179	1	0	829	27	0	857
27180	2	822	17	10	0	851
27181	3	19	5	817	0	844
27182	3	6	3	837	0	849
27183	2	6	815	25	0	848
27184	0	2	18	809	0	829
27185	811	0	7	23	0	841
27186	19	798	4	7	0	828
27187	773	21	1	4	0	799
27188	24	5	782	1	0	812
27189	7	5	18	783	0	813
27190	799	0	7	24	0	830
27191	814	1	4	11	0	830
27192	27	2	799	5	0	833
27193	10	3	22	792	0	827
27194	6	2	797	19	0	824
27195	757	2	23	7	0	789
27196	20	779	5	8	0	812
27197	805	19	4	5	0	833
27198	814	5	2	5	0	826
27199	29	816	2	1	0	848
27200	829	22	0	5	0	856
27201	24	7	818	2	0	851
27202	828	2	18	4	0	852
27203	23	0	4	831	0	858
27204	8	0	850	22	0	880
27205	4	3	19	848	0	874
27206	6	2	6	821	0	835
27207	3	1	5	858	0	867
27208	1	842	3	28	0	874
27209	850	19	4	10	0	883
27210	23	7	1	847	0	878
27211	12	843	2	22	0	879
27212	6	21	4	806	0	837
27213	4	818	5	19	0	846
27214	8	23	816	10	0	857
27215	6	7	23	814	0	850
27216	10	4	6	831	0	851
27217	7	3	810	29	0	849
27218	767	2	23	11	0	803
27219	22	810	5	9	0	846
27220	9	20	5	812	0	846
27221	9	6	2	806	0	823
27222	3	7	2	808	0	820
27223	6	788	4	29	0	827
27224	779	18	3	15	0	815
27225	21	10	779	9	0	819
27226	7	2	764	9	0	782
27227	5	6	29	752	0	792
27228	4	4	11	768	0	787
27229	754	3	2	35	0	794
27230	22	740	3	14	0	779
27231	9	22	5	756	0	792
27232	743	9	2	23	0	777
27233	22	5	3	727	0	757
27234	736	3	4	30	0	773
27235	26	1	708	12	0	747
27236	7	712	20	9	0	748
27237	701	19	8	7	0	735
27238	25	8	702	4	0	739
27239	679	4	23	5	0	711
27240	24	3	671	5	0	703
27241	677	3	23	7	0	710
27242	25	0	6	678	0	709
27243	684	4	3	21	0	712
27244	25	5	4	680	0	714
27245	11	3	2	697	0	713
27246	686	4	2	27	0	719
27247	24	670	4	14	0	712
27248	11	20	2	690	0	723
27249	691	8	5	21	0	725
27250	713	4	2	12	0	731
27251	29	1	2	682	0	714
27252	12	2	2	686	0	702
27253	671	3	2	31	0	707
27254	22	0	1	679	0	702
27255	8	4	0	682	0	694
27256	661	4	1	30	0	696
27257	26	2	0	655	0	683
27258	13	3	616	24	0	656
27259	592	1	20	12	0	625
27260	23	1	613	7	0	644
27261	7	3	573	3	0	586
27262	486	7	22	2	0	517
27263	10	475	2	1	0	488
27264	3	5	4	440	0	452
27265	1	0	1	439	0	441
27266	3	1	0	462	0	466
27267	2	0	1	469	0	472
27268	470	0	2	13	0	485
27269	515	0	1	5	0	521
27270	548	2	0	2	0	552
27271	12	2	598	3	0	615
27272	4	0	12	673	0	689
27273	6	0	2	691	0	699
27274	0	0	3	672	0	675
27275	3	642	1	19	0	665
27276	5	672	0	8	0	685
27277	693	14	2	8	0	717
27278	13	6	2	705	0	726
27279	6	6	1	758	0	771
27280	6	3	0	771	0	780
27281	2	2	739	25	0	768
27282	3	1	740	13	0	757
27283	742	2	16	10	0	770
27284	766	1	11	5	0	783
27285	20	1	8	736	0	765
27286	10	760	3	16	0	789
27287	13	12	2	760	0	787
27288	4	4	2	772	0	782
27289	2	7	742	21	0	772
27290	760	4	15	11	0	790
27291	20	1	4	788	0	813
27292	13	1	6	781	0	801
27293	762	1	3	25	0	791
27294	18	806	2	18	0	844
27295	812	14	1	15	0	842
27296	20	13	3	802	0	838
27297	14	772	2	17	0	805
27298	780	14	0	11	0	805
27299	19	10	2	765	0	796
27300	756	7	1	18	0	782
27301	754	5	0	13	0	772
27302	750	2	2	12	0	766
27303	29	722	1	6	0	758
27304	20	710	1	3	0	734
27305	14	20	0	692	0	726
27306	8	707	1	15	0	731
27307	721	21	0	11	0	753
27308	19	14	0	725	0	758
27309	730	8	0	15	0	753
27310	739	4	2	12	0	757
27311	24	3	1	726	0	754
27312	19	3	0	763	0	785
27313	768	1	1	24	0	794
27314	765	2	2	20	0	789
27315	781	2	0	16	0	799
27316	807	0	0	8	0	815
27317	814	1	1	9	0	825
27318	33	5	2	787	0	827
27319	24	2	1	787	0	814
27320	15	1	1	801	0	818
27321	782	4	2	32	0	820
27322	21	0	0	780	0	801
27323	13	766	1	29	0	809
27324	12	13	3	791	0	819
27325	778	10	1	24	0	813
27326	778	10	1	17	0	806
27327	28	5	757	12	0	802
27328	20	3	12	748	0	783
27329	16	785	10	18	0	829
27330	784	13	7	20	0	824
27331	18	791	7	10	0	826
27332	15	21	4	780	0	820
27333	810	14	0	19	0	843
27334	825	7	2	15	0	849
27335	27	814	1	14	0	856
27336	21	20	0	813	0	854
27337	13	12	806	26	0	857
27338	793	8	16	16	0	833
27339	22	5	814	10	0	851
27340	820	2	20	9	0	851
27341	843	0	9	8	0	860
27342	36	5	8	819	0	868
27343	855	4	4	19	0	882
27344	856	6	0	19	0	881
27345	871	2	2	11	0	886
27346	41	3	1	837	0	882
27347	845	5	0	22	0	872
27348	35	3	1	831	0	870
27349	24	4	1	832	0	861
27350	18	807	2	30	0	857
27351	12	17	1	797	0	827
27352	12	807	2	25	0	846
27353	800	27	1	16	0	844
27354	806	15	0	13	0	834
27355	30	9	0	800	0	839
27356	23	7	2	806	0	838
27357	791	3	0	27	0	821
27358	29	3	756	22	0	810
27359	770	1	13	14	0	798
27360	36	2	9	755	0	802
27361	16	3	718	26	0	763
27362	729	1	15	19	0	764
27363	747	1	11	14	0	773
27364	36	3	713	7	0	759
27365	729	2	16	10	0	757
27366	31	2	715	6	0	754
27367	20	707	17	6	0	750
27368	696	14	19	11	0	740
27369	682	9	9	9	0	709
27370	23	645	2	7	0	677
27371	17	589	2	3	0	611
27372	506	16	13	6	0	541
27373	499	6	1	5	0	511
27374	19	2	1	511	0	533
27375	12	1	496	15	0	524
27376	8	2	478	7	0	495
27377	482	2	15	5	0	504
27378	14	2	485	1	0	502
27379	449	3	14	2	0	468
27380	13	1	6	440	0	460
27381	10	0	2	448	0	460
27382	6	0	440	16	0	462
27383	448	0	8	9	0	465
27384	9	2	5	455	0	471
27385	8	1	3	461	0	473
27386	451	2	1	13	0	467
27387	451	1	1	14	0	467
27388	442	0	3	6	0	451
27389	18	460	1	0	0	479
27390	4	6	414	0	0	424
27391	402	1	7	3	0	413
27392	412	3	1	1	0	417
27393	8	403	2	2	0	415
27394	360	3	0	3	0	366
27395	5	0	2	366	0	373
27396	3	2	386	3	0	394
27397	386	0	4	4	0	394
27398	404	0	0	10	0	414
27399	409	1	1	3	0	414
27400	410	0	0	4	0	414
27401	5	1	1	409	0	416
27402	4	0	0	411	0	415
27403	411	0	1	7	0	419
27404	3	0	1	416	0	420
27405	4	0	0	415	0	419
27406	3	408	0	5	0	416
27407	2	3	2	416	0	423
27408	2	1	1	418	0	422
27409	2	0	2	421	0	425
27410	3	0	1	425	0	429
27411	4	416	1	6	0	427
27412	2	3	0	392	0	397
27413	2	0	0	383	0	385
27414	2	1	378	6	0	387
27415	0	0	357	3	0	360
27416	2	360	4	2	0	368
27417	417	5	1	2	0	425
27418	6	441	2	1	0	450
27419	1	9	0	475	0	485
27420	1	0	538	10	0	549
27421	587	0	12	4	0	603
27422	13	1	2	613	0	629
27423	599	1	1	16	0	617
27424	619	0	0	4	0	623
27425	14	629	1	2	0	646
27426	623	11	2	5	0	641
27427	13	648	2	2	0	665
27428	7	13	1	662	0	683
27429	3	676	0	12	0	691
27430	1	15	677	4	0	697
27431	2	685	10	2	0	699
27432	6	15	2	672	0	695
27433	669	4	1	13	0	687
27434	10	678	2	5	0	695
27435	9	13	0	666	0	688
27436	4	6	0	689	0	699
27437	2	4	692	15	0	713
27438	5	3	12	683	0	703
27439	1	0	698	15	0	714
27440	661	2	14	8	0	685
27441	13	2	707	4	0	726
27442	5	706	13	2	0	726
27443	8	12	4	700	0	724
27444	3	4	3	702	0	712
27445	2	3	2	699	0	706
27446	693	1	1	22	0	717
27447	18	0	1	693	0	712
27448	5	696	3	14	0	718
27449	696	14	1	9	0	720
27450	14	700	2	3	0	719
27451	9	16	0	694	0	719
27452	697	4	1	18	0	720
27453	14	685	3	5	0	707
27454	6	714	0	6	0	726
27455	704	16	0	5	0	725
27456	723	5	1	5	0	734
27457	20	8	711	1	0	740
27458	717	4	14	7	0	742
27459	18	4	755	2	0	779
27460	10	4	18	752	0	784
27461	4	6	754	15	0	779
27462	5	4	17	755	0	781
27463	5	3	763	17	0	788
27464	3	5	20	748	0	776
27465	7	7	6	763	0	783
27466	748	4	4	23	0	779
27467	17	4	744	8	0	773
27468	710	1	17	8	0	736
27469	19	4	739	6	0	768
27470	5	2	754	7	0	768
27471	9	1	20	738	0	768
27472	754	3	12	14	0	783
27473	16	748	5	11	0	780
27474	745	13	7	10	0	775
27475	749	6	5	8	0	768
27476	17	748	4	6	0	775
27477	738	16	4	9	0	767
27478	18	5	779	9	0	811
27479	11	2	17	783	0	813
27480	790	5	7	19	0	821
27481	17	789	5	9	0	820
27482	12	16	4	787	0	819
27483	7	8	5	793	0	813
27484	9	8	2	807	0	826
27485	8	5	3	810	0	826
27486	790	4	5	24	0	823
27487	788	5	2	17	0	812
27488	795	5	3	9	0	812
27489	775	3	2	10	0	790
27490	24	3	767	6	0	800
27491	770	1	17	3	0	791
27492	788	7	8	10	0	813
27493	27	766	6	7	0	806
27494	11	788	6	6	0	811
27495	6	19	4	764	0	793
27496	12	9	2	758	0	781
27497	8	6	734	19	0	767
27498	6	727	15	15	0	763
27499	10	15	9	708	0	742
27500	12	725	6	14	0	757
27501	6	20	10	745	0	781
27502	10	6	3	746	0	765
27503	5	763	9	21	0	798
27504	8	18	3	775	0	804
27505	8	6	784	21	0	819
27506	5	9	759	10	0	783
27507	755	6	19	8	0	788
27508	793	3	8	9	0	813
27509	22	771	8	10	0	811
27510	788	19	3	6	0	816
27511	22	7	7	788	0	824
27512	788	6	6	22	0	822
27513	20	792	7	12	0	831
27514	16	16	782	6	0	820
27515	771	7	16	10	0	804
27516	28	5	817	5	0	855
27517	12	4	722	7	0	745
27518	7	6	714	8	0	735
27519	11	695	19	5	0	730
27520	618	8	37	10	0	673
27521	591	3	9	5	0	608
27522	14	3	4	573	0	594
27523	10	9	5	562	0	586
27524	7	598	3	12	0	620
27525	596	8	4	5	0	613
27526	9	597	4	5	0	615
27527	1	579	2	7	0	589
27528	581	8	0	1	0	590
27529	12	3	0	560	0	575
27530	4	0	2	559	0	565
27531	3	1	2	561	0	567
27532	2	557	3	7	0	569
27533	558	6	1	4	0	569
27534	11	4	2	551	0	568
27535	3	542	0	8	0	553
27536	4	543	0	4	0	551
27537	5	8	0	523	0	536
27538	1	525	2	7	0	535
27539	1	7	3	529	0	540
27540	516	3	0	9	0	528
27541	4	3	522	1	0	530
27542	1	533	3	1	0	538
27543	1	4	1	532	0	538
27544	0	3	530	4	0	537
27545	510	3	2	1	0	516
27546	4	2	0	541	0	547
27547	537	1	0	9	0	547
27548	531	1	1	5	0	538
27549	4	539	1	3	0	547
27550	551	4	1	4	0	560
27551	558	3	1	2	0	564
27552	544	0	1	5	0	550
27553	5	0	2	552	0	559
27554	3	0	1	544	0	548
27555	4	0	0	546	0	550
27556	3	1	542	3	0	549
27557	2	538	3	0	0	543
27558	528	4	0	2	0	534
27559	6	521	0	0	0	527
27560	3	4	0	524	0	531
27561	1	0	515	6	0	522
27562	473	0	4	7	0	484
27563	4	529	1	2	0	536
27564	1	4	2	541	0	548
27565	2	1	1	541	0	545
27566	1	1	526	4	0	532
27567	1	523	5	1	0	530
27568	1	5	1	524	0	531
27569	1	1	1	530	0	533
27570	2	1	1	504	0	508
27571	496	1	0	6	0	503
27572	4	1	493	2	0	500
27573	1	484	5	2	0	492
27574	474	5	2	3	0	484
27575	4	492	3	1	0	500
27576	0	5	1	487	0	493
27577	0	488	0	9	0	497
27578	453	4	0	4	0	461
27579	475	0	1	3	0	479
27580	6	1	1	478	0	486
27581	2	1	2	486	0	491
27582	1	4	0	503	0	508
27583	3	1	498	10	0	512
27584	1	524	11	1	0	537
27585	2	11	1	615	0	629
27586	4	2	0	631	0	637
27587	3	0	0	646	0	649
27588	3	0	0	638	0	641
27589	0	2	627	20	0	649
27590	1	691	15	3	0	710
27591	4	15	4	722	0	745
27592	1	5	1	806	0	813
27593	1	3	793	22	0	819
27594	2	1	17	781	0	801
27595	1	767	4	22	0	794
27596	0	809	2	8	0	819
27597	1	21	2	794	0	818
27598	2	8	784	22	0	816
27599	717	3	21	12	0	753
27600	17	775	8	8	0	808
27601	4	22	750	4	0	780
27602	1	7	769	7	0	784
27603	1	761	21	7	0	790
27604	2	22	785	4	0	813
27605	7	7	16	771	0	801
27606	767	5	10	21	0	803
27607	784	6	10	6	0	806
27608	790	3	4	13	0	810
27609	795	8	4	9	0	816
27610	21	801	12	3	0	837
27611	800	20	3	15	0	838
27612	21	821	11	1	0	854
27613	10	25	804	5	0	844
27614	12	12	16	795	0	835
27615	10	819	13	16	0	858
27616	13	18	4	787	0	822
27617	793	13	2	20	0	828
27618	23	8	7	775	0	813
27619	12	791	7	18	0	828
27620	800	23	4	10	0	837
27621	19	14	795	4	0	832
27622	14	5	20	803	0	842
27623	15	5	8	823	0	851
27624	795	7	4	27	0	833
27625	26	779	1	19	0	825
27626	18	22	773	4	0	817
27627	6	13	22	773	0	814
27628	9	5	757	24	0	795
27629	5	730	20	15	0	770
27630	8	769	12	6	0	795
27631	763	30	2	10	0	805
27632	19	11	758	8	0	796
27633	779	7	19	12	0	817
27634	24	8	10	763	0	805
27635	8	781	8	23	0	820
27636	774	28	5	11	0	818
27637	25	7	789	10	0	831
27638	10	10	23	782	0	825
27639	12	8	8	800	0	828
27640	6	3	7	811	0	827
27641	9	779	5	29	0	822
27642	765	22	4	11	0	802
27643	18	754	10	9	0	791
27644	11	780	6	10	0	807
27645	9	22	9	782	0	822
27646	771	15	7	31	0	824
27647	781	10	3	16	0	810
27648	781	6	5	11	0	803
27649	23	754	7	12	0	796
27650	21	26	3	750	0	800
27651	8	9	753	27	0	797
27652	8	13	19	754	0	794
27653	13	7	7	743	0	770
27654	10	753	6	28	0	797
27655	761	25	2	15	0	803
27656	27	7	6	749	0	789
27657	10	735	9	34	0	788
27658	757	31	3	16	0	807
27659	24	9	742	12	0	787
27660	732	16	19	6	0	773
27661	22	765	12	12	0	811
27662	772	19	5	17	0	813
27663	777	17	4	5	0	803
27664	30	5	751	12	0	798
27665	743	7	18	10	0	778
27666	28	11	774	4	0	817
27667	16	9	802	8	0	835
27668	787	11	28	2	0	828
27669	792	5	10	12	0	819
27670	26	6	809	7	0	848
27671	19	8	17	791	0	835
27672	16	7	15	779	0	817
27673	5	811	11	30	0	857
27674	791	21	6	10	0	828
27675	832	8	9	9	0	858
27676	26	6	828	5	0	865
27677	830	2	16	13	0	861
27678	839	10	11	8	0	868
27679	33	819	3	6	0	861
27680	14	22	5	824	0	865
27681	17	7	10	781	0	815
27682	12	6	5	802	0	825
27683	775	4	9	17	0	805
27684	21	739	6	8	0	774
27685	11	8	6	652	0	677
27686	11	652	3	10	0	676
27687	7	26	3	624	0	660
27688	5	630	1	12	0	648
27689	4	644	2	11	0	661
27690	551	15	7	12	0	585
27691	536	2	7	7	0	552
27692	3	1	1	497	0	502
27693	0	1	0	487	0	488
27694	1	0	0	494	0	495
27695	0	0	0	489	0	489
27696	2	2	0	477	0	481
27697	2	476	0	2	0	480
27698	0	2	1	476	0	479
27699	1	3	0	484	0	488
27700	479	1	0	7	0	487
27701	3	0	0	486	0	489
27702	4	0	0	465	0	469
27703	1	0	466	3	0	470
27704	3	1	2	451	0	457
27705	0	0	3	467	0	470
27706	0	0	457	5	0	462
27707	0	457	1	1	0	459
27708	1	1	462	0	0	464
27709	0	2	451	0	0	453
27710	1	452	5	1	0	459
27711	460	4	1	0	0	465
27712	471	1	0	0	0	472
27713	5	1	1	452	0	459
27714	458	0	0	6	0	464
27715	5	0	478	1	0	484
27716	2	0	4	483	0	489
27717	2	0	522	4	0	528
27718	1	0	6	534	0	541
27719	0	0	1	541	0	542
27720	2	0	1	539	0	542
27721	525	0	0	8	0	533
27722	3	0	0	532	0	535
27723	528	0	0	10	0	538
27724	536	0	0	2	0	538
27725	3	522	0	3	0	528
27726	536	5	0	1	0	542
27727	6	545	0	1	0	552
27728	2	5	0	537	0	544
27729	5	1	0	537	0	543
27730	1	2	0	549	0	552
27731	0	0	532	9	0	541
27732	0	530	5	3	0	538
27733	1	4	1	505	0	511
27734	1	1	2	508	0	512
27735	0	522	1	4	0	527
27736	520	5	0	4	0	529
27737	4	506	1	2	0	513
27738	500	6	0	2	0	508
27739	5	513	1	5	0	524
27740	2	6	0	501	0	509
27741	3	516	0	4	0	523
27742	520	6	0	5	0	531
27743	526	1	0	2	0	529
27744	529	2	1	0	0	532
27745	528	0	0	4	0	532
27746	6	1	532	0	0	539
27747	538	0	4	3	0	545
27748	552	0	1	2	0	555
27749	552	0	1	4	0	557
27750	9	0	544	0	0	553
27751	532	0	4	2	0	538
27752	7	561	1	1	0	570
27753	563	4	2	3	0	572
27754	6	2	599	1	0	608
27755	591	1	4	6	0	602
27756	609	1	1	3	0	614
27757	9	0	2	603	0	614
27758	3	1	596	5	0	605
27759	583	1	4	2	0	590
27760	5	1	3	603	0	612
27761	1	5	1	613	0	620
27762	2	1	615	7	0	625
27763	557	1	4	9	0	571
27764	605	1	3	4	0	613
27765	8	606	1	1	0	616
27766	3	6	0	597	0	606
27767	3	1	0	592	0	596
27768	4	6	0	581	0	591
27769	2	598	0	9	0	609
27770	588	6	0	5	0	599
27771	6	2	0	592	0	600
27772	5	3	0	596	0	604
27773	578	1	1	9	0	589
27774	579	0	0	4	0	583
27775	9	1	1	581	0	592
27776	8	0	0	568	0	576
27777	3	1	559	7	0	570
27778	524	0	5	3	0	532
27779	6	553	4	1	0	564
27780	6	5	1	586	0	598
27781	5	2	1	599	0	607
27782	3	650	1	7	0	661
27783	2	6	1	673	0	682
27784	724	2	0	7	0	733
27785	10	2	0	897	0	909
27786	8	2	1	921	0	932
27787	8	0	2	940	0	950
27788	5	1	922	28	0	956
27789	3	0	19	933	0	955
27790	1	0	925	29	0	955
27791	2	897	21	15	0	935
27792	3	19	10	899	0	931
27793	2	6	3	937	0	948
27794	2	1	7	940	0	950
27795	2	3	5	947	0	957
27796	1	4	3	972	0	980
27797	928	2	3	37	0	970
27798	19	2	939	20	0	980
27799	7	914	20	18	0	959
27800	3	978	5	18	0	1004
27801	6	22	2	976	0	1006
27802	6	7	7	1000	0	1020
27803	4	3	6	999	0	1012
27804	2	972	7	26	0	1007
27805	4	25	2	986	0	1017
27806	6	11	973	28	0	1018
27807	1	952	20	22	0	995
27808	0	26	6	969	0	1001
27809	942	12	2	40	0	996
27810	21	4	4	961	0	990
27811	12	5	4	962	0	983
27812	3	912	5	33	0	953
27813	3	972	1	17	0	993
27814	6	28	2	957	0	993
27815	5	9	3	974	0	991
27816	2	5	942	38	0	987
27817	4	11	17	920	0	952
27818	5	10	7	924	0	946
27819	2	4	2	923	0	931
27820	2	4	10	935	0	951
27821	888	7	6	45	0	946
27822	916	5	4	31	0	956
27823	31	2	3	926	0	962
27824	15	0	5	968	0	988
27825	933	3	4	43	0	983
27826	25	8	1	987	0	1021
27827	13	8	994	37	0	1052
27828	3	997	19	34	0	1053
27829	10	21	11	1034	0	1076
27830	9	9	9	1051	0	1078
27831	1020	4	7	47	0	1078
27832	22	4	6	1049	0	1081
27833	10	8	3	1067	0	1088
27834	1033	5	4	47	0	1089
27835	29	4	3	1048	0	1084
27836	16	1062	3	37	0	1118
27837	6	24	2	1100	0	1132
27838	11	11	2	1122	0	1146
27839	13	7	2	1108	0	1130
27840	10	7	6	1109	0	1132
27841	4	10	1070	44	0	1128
27842	2	12	1061	31	0	1106
27843	5	7	29	1081	0	1122
27844	6	5	9	1083	0	1103
27845	5	1040	9	51	0	1105
27846	4	26	6	1022	0	1058
27847	2	1028	7	50	0	1087
27848	1047	25	7	28	0	1107
27849	24	1122	2	23	0	1171
27850	9	24	5	1169	0	1207
27851	6	17	3	1185	0	1211
27852	8	9	1120	54	0	1191
27853	1069	9	24	33	0	1135
27854	1092	11	10	25	0	1138
27855	30	1101	8	24	0	1163
27856	14	23	10	1099	0	1146
27857	11	10	1114	37	0	1172
27858	11	1117	25	25	0	1178
27859	1110	27	12	27	0	1176
27860	1111	16	7	21	0	1155
27861	37	9	1068	20	0	1134
27862	1073	10	26	22	0	1131
27863	38	12	9	1086	0	1145
27864	20	1082	4	39	0	1145
27865	1068	22	10	32	0	1132
27866	40	13	10	1078	0	1141
27867	1101	7	7	34	0	1149
27868	1129	12	4	25	0	1170
27869	39	7	4	1112	0	1162
27870	15	7	1115	43	0	1180
27871	1118	9	26	26	0	1179
27872	1148	6	10	21	0	1185
27873	1170	6	3	19	0	1198
27874	38	1148	7	18	0	1211
27875	22	25	7	1157	0	1211
27876	19	7	8	1216	0	1250
27877	17	10	1178	45	0	1250
27878	15	10	29	1172	0	1226
27879	9	1168	10	37	0	1224
27880	1142	25	6	30	0	1203
27881	30	1135	6	17	0	1188
27882	15	22	1096	17	0	1150
27883	5	1112	30	15	0	1162
27884	7	1101	20	8	0	1136
27885	12	13	6	883	0	914
27886	877	4	4	13	0	898
27887	876	6	0	5	0	887
27888	854	1	1	10	0	866
27889	16	885	3	5	0	909
27890	8	12	877	0	0	897
27891	859	3	10	5	0	877
27892	877	3	3	6	0	889
27893	14	865	4	1	0	884
27894	898	10	0	7	0	915
27895	13	4	2	900	0	919
27896	6	4	924	12	0	946
27897	913	0	11	14	0	938
27898	921	3	3	8	0	935
27899	950	0	3	5	0	958
27900	16	5	1	934	0	956
27901	9	1	4	944	0	958
27902	6	4	0	998	0	1008
27903	3	1001	1	16	0	1021
27904	10	15	1	999	0	1025
27905	5	3	0	1142	0	1150
27906	3	3	1172	23	0	1201
27907	3	2	20	1153	0	1178
27908	5	3	4	1200	0	1212
27909	6	1	6	1193	0	1206
27910	8	2	1	1184	0	1195
27911	4	1171	1	35	0	1211
27912	1	25	2	1189	0	1217
27913	7	5	7	1182	0	1201
27914	1166	6	1	32	0	1205
27915	25	1	1171	13	0	1210
27916	7	1	1119	14	0	1141
27917	1106	3	28	11	0	1148
27918	1167	6	5	9	0	1187
27919	28	3	4	1080	0	1115
27920	7	1142	5	28	0	1182
27921	1157	24	3	14	0	1198
27922	26	10	9	1134	0	1179
27923	7	1149	6	46	0	1208
27924	1143	26	1	29	0	1199
27925	30	1152	3	19	0	1204
27926	1105	23	3	29	0	1160
27927	1081	12	3	22	0	1118
27928	43	1047	6	9	0	1105
27929	17	20	16	1057	0	1110
27930	13	8	1059	25	0	1105
27931	25	6	24	1043	0	1098
27932	1062	8	7	33	0	1110
27933	34	7	1039	21	0	1101
27934	23	1049	23	8	0	1103
27935	21	32	7	1048	0	1108
27936	8	13	1025	36	0	1082
27937	14	1027	21	12	0	1074
27938	1034	28	5	19	0	1086
27939	39	17	3	1027	0	1086
27940	26	7	9	1034	0	1076
27941	21	15	4	1030	0	1070
27942	9	1022	1	36	0	1068
27943	1014	22	9	23	0	1068
27944	23	1006	13	15	0	1057
27945	16	1029	5	18	0	1068
27946	1035	23	10	17	0	1085
27947	1040	13	13	16	0	1082
27948	25	17	1004	17	0	1063
27949	930	11	23	17	0	981
27950	950	10	18	10	0	988
27951	29	20	5	930	0	984
27952	20	10	925	30	0	985
27953	14	10	19	934	0	977
27954	939	4	4	42	0	989
27955	25	10	947	21	0	1003
27956	19	15	23	996	0	1053
27957	30	12	4	1111	0	1157
27958	19	20	3	1252	0	1294
27959	1270	14	10	45	0	1339
27960	52	1293	5	15	0	1365
27961	1309	37	8	7	0	1361
27962	51	9	1291	7	0	1358
27963	29	3	36	1243	0	1311
27964	17	1290	12	46	0	1365
27965	1309	36	9	34	0	1388
27966	51	8	14	1310	0	1383
27967	18	11	1298	52	0	1379
27968	25	6	38	1278	0	1347
27969	1264	4	24	50	0	1342
27970	40	1239	8	42	0	1329
27971	16	46	5	1141	0	1208
27972	20	1249	4	44	0	1317
27973	1253	41	3	25	0	1322
27974	1254	21	12	12	0	1299
27975	52	1224	8	17	0	1301
27976	1211	37	15	14	0	1277
27977	46	18	10	1140	0	1214
27978	16	1187	7	40	0	1250
27979	1186	42	5	18	0	1251
27980	1213	9	8	20	0	1250
27981	46	1126	12	17	0	1201
27982	18	1169	5	17	0	1209
27983	1144	40	5	13	0	1202
27984	43	18	3	1124	0	1188
27985	1134	17	3	46	0	1200
27986	49	16	2	1133	0	1200
27987	35	6	1132	32	0	1205
27988	21	19	28	1154	0	1222
27989	1162	20	4	37	0	1223
27990	55	6	1148	14	0	1223
27991	16	12	32	1166	0	1226
27992	23	16	5	1215	0	1259
27993	26	9	1187	42	0	1264
27994	1154	10	38	12	0	1214
27995	38	21	5	1178	0	1242
27996	24	15	1131	36	0	1206
27997	1069	5	39	15	0	1128
27998	39	1122	10	18	0	1189
27999	20	1137	4	22	0	1183
28000	9	1147	14	18	0	1188
28001	13	35	1116	12	0	1176
28002	13	17	30	1061	0	1121
28003	12	2	1035	29	0	1078
28004	8	22	31	928	0	989
28005	5	913	6	35	0	959
28006	5	902	6	14	0	927
28007	17	25	10	889	0	941
28008	891	5	2	30	0	928
28009	20	2	2	904	0	928
28010	8	5	4	885	0	902
28011	5	894	2	22	0	923
28012	898	25	1	7	0	931
28013	21	911	2	3	0	937
28014	9	18	2	906	0	935
28015	4	5	1	905	0	915
28016	5	894	2	22	0	923
28017	5	17	1	906	0	929
28018	899	5	2	31	0	937
28019	28	3	3	894	0	928
28020	12	9	0	899	0	920
28021	8	904	3	25	0	940
28022	9	21	6	909	0	945
28023	872	8	5	26	0	911
28024	900	6	3	18	0	927
28025	905	6	6	6	0	923
28026	30	1	1	903	0	935
28027	5	6	886	29	0	926
28028	10	5	875	9	0	899
28029	13	4	19	902	0	938
28030	907	6	5	26	0	944
28031	25	8	2	919	0	954
28032	960	8	5	21	0	994
28033	26	9	1	968	0	1004
28034	20	4	4	977	0	1005
28035	963	9	4	22	0	998
28036	26	9	919	12	0	966
28037	938	6	18	5	0	967
28038	23	9	931	8	0	971
28039	17	5	18	936	0	976
28040	959	5	3	26	0	993
28041	28	8	949	10	0	995
28042	12	7	947	3	0	969
28043	917	6	21	8	0	952
28044	29	4	945	12	0	990
28045	12	954	23	10	0	999
28046	10	16	5	993	0	1024
28047	1056	4	5	32	0	1097
28048	21	1	1078	13	0	1113
28049	1058	1	24	16	0	1099
28050	1092	3	9	8	0	1112
28051	1080	2	7	16	0	1105
28052	1092	3	6	12	0	1113
28053	25	2	6	1070	0	1103
28054	12	1054	9	23	0	1098
28055	1029	18	9	16	0	1072
28056	25	4	962	10	0	1001
28057	12	824	11	3	0	850
28058	728	7	2	6	0	743
28059	7	670	2	0	0	679
28060	1	684	0	4	0	689
28061	9	5	9	674	0	697
28062	5	1	3	693	0	702
28063	2	0	2	693	0	697
28064	709	1	0	3	0	713
28065	728	1	3	1	0	733
28066	6	0	1	761	0	768
28067	5	0	1	799	0	805
28068	1	0	822	9	0	832
28069	796	0	11	2	0	809
28070	837	0	4	6	0	847
28071	10	0	4	834	0	848
28072	5	3	2	833	0	843
28073	2	2	828	13	0	845
28074	7	0	8	820	0	835
28075	2	0	861	11	0	874
28076	3	865	10	3	0	881
28077	4	8	885	3	0	900
28078	9	2	12	855	0	878
28079	5	3	900	8	0	916
28080	1	0	859	4	0	864
28081	876	3	17	8	0	904
28082	16	1	3	953	0	973
28083	3	0	959	13	0	975
28084	873	4	16	6	0	899
28085	18	3	955	3	0	979
28086	8	2	1080	3	0	1093
28087	2	1104	17	2	0	1125
28088	6	12	4	1101	0	1123
28089	2	2	1084	16	0	1104
28090	2	3	1037	6	0	1048
28091	4	3	15	1051	0	1073
28092	6	0	4	1058	0	1068
28093	1	1058	5	20	0	1084
28094	1	12	5	1072	0	1090
28095	1089	2	5	18	0	1114
28096	1084	2	3	12	0	1101
28097	1102	3	6	7	0	1118
28098	27	2	3	1080	0	1112
28099	12	1079	7	21	0	1119
28100	1098	13	12	8	0	1131
28101	16	1098	5	9	0	1128
28102	5	1076	5	11	0	1097
28103	4	1114	8	5	0	1131
28104	1107	16	13	3	0	1139
28105	15	9	6	1112	0	1142
28106	5	4	4	1102	0	1115
28107	3	1096	7	16	0	1122
28108	1071	19	2	16	0	1108
28109	21	4	1078	15	0	1118
28110	12	3	18	1086	0	1119
28111	1094	4	5	19	0	1122
28112	23	1103	10	9	0	1145
28113	1160	20	7	17	0	1204
28114	23	9	4	1193	0	1229
28115	10	1229	3	20	0	1262
28116	5	25	1195	4	0	1229
28117	1170	11	20	6	0	1207
28118	23	5	6	1236	0	1270
28119	1239	5	3	31	0	1278
28120	17	7	4	1241	0	1269
28121	6	1224	4	22	0	1256
28122	13	17	1256	9	0	1295
28123	15	4	1252	4	0	1275
28124	4	5	21	1258	0	1288
28125	1288	3	7	25	0	1323
28126	1283	7	6	10	0	1306
28127	27	5	6	1260	0	1298
28128	11	3	2	1287	0	1303
28129	1291	8	0	22	0	1321
28130	20	8	7	1289	0	1324
28131	1294	2	5	23	0	1324
28132	23	1252	1	14	0	1290
28133	1242	16	2	10	0	1270
28134	20	6	1255	13	0	1294
28135	8	12	14	1261	0	1295
28136	5	8	9	1290	0	1312
28137	6	2	18	1279	0	1305
28138	7	1273	7	26	0	1313
28139	15	1060	1	13	0	1089
28140	14	16	0	1267	0	1297
28141	4	6	1248	28	0	1286
28142	4	6	18	1225	0	1253
28143	14	3	5	1270	0	1292
28144	6	1215	6	51	0	1278
28145	1241	14	4	12	0	1271
28146	15	1191	3	10	0	1219
28147	10	1205	1	7	0	1223
28148	6	16	12	1196	0	1230
28149	6	5	9	1205	0	1225
28150	4	7	1	1212	0	1224
28151	5	3	2	1219	0	1229
28152	1195	6	4	24	0	1229
28153	16	1191	2	17	0	1226
28154	1213	14	4	17	0	1248
28155	1276	4	9	10	0	1299
28156	19	7	5	1256	0	1287
28157	4	3	3	1273	0	1283
28158	1264	7	4	18	0	1293
28159	1270	5	3	8	0	1286
28160	23	6	1	1222	0	1252
28161	6	10	1	1229	0	1246
28162	5	7	1200	25	0	1237
28163	6	1164	12	18	0	1200
28164	4	1247	2	16	0	1269
28165	1188	14	1	15	0	1218
28166	20	5	1213	6	0	1244
28167	7	9	1113	5	0	1134
28168	1048	4	9	8	0	1069
28169	1132	0	3	10	0	1145
28170	9	1195	2	8	0	1214
28171	0	1242	1	9	0	1252
28172	10	6	0	1277	0	1293
28173	1333	0	0	9	0	1342
28174	1349	2	0	10	0	1361
28175	1371	2	0	13	0	1386
28176	7	0	7	1334	0	1348
28177	7	6	3	1350	0	1366
28178	2	11	1337	6	0	1356
28179	12	4	1215	4	0	1235
28180	5	1	1311	2	0	1319
28181	4	13	12	1310	0	1339
28182	1300	1	0	8	0	1309
28183	2	0	1338	1	0	1341
28184	0	1	2	1317	0	1320
28185	1	1324	2	0	0	1327
28186	1	2	1	1248	0	1252
28187	1	0	0	1272	0	1273
28188	1	3	1321	2	0	1327
28189	1	1	2	1305	0	1309
28190	1398	2	0	5	0	1405
28191	7	2	1443	0	0	1452
28192	8	1	7	1440	0	1456
28193	2	1	1493	6	0	1502
28194	2	1492	8	7	0	1509
28195	2	6	1504	3	0	1515
28196	6	2	15	1401	0	1424
28197	0	2	7	1515	0	1524
28198	2	2	1554	10	0	1568
28199	2	1	6	1506	0	1515
28200	3	0	6	1471	0	1480
28201	2	1510	3	11	0	1526
28202	2	8	1508	6	0	1524
28203	2	4	6	1502	0	1514
28204	4	2	6	1506	0	1518
28205	2	1523	3	13	0	1541
28206	1	6	3	1557	0	1567
28207	1538	5	2	20	0	1565
28208	9	2	3	1555	0	1569
28209	5	2	1560	12	0	1579
28210	1507	2	8	17	0	1534
28211	1642	3	5	15	0	1665
28212	14	2	1666	6	0	1688
28213	1578	2	12	9	0	1601
28214	13	1640	12	5	0	1670
28215	15	9	8	1693	0	1725
28216	6	15	3	1910	0	1934
28217	3	6	1	1881	0	1891
28218	4	8	3	1939	0	1954
28219	6	3	5	1961	0	1975
28220	1923	1	3	50	0	1977
28221	18	2	1905	27	0	1952
28222	1812	2	17	20	0	1851
28223	20	1	1855	19	0	1895
28224	27	1	20	1858	0	1906
28225	1859	4	23	34	0	1920
28226	22	4	11	1858	0	1895
28227	22	1866	10	30	0	1928
28228	1925	13	7	28	0	1973
28229	31	16	12	1945	0	2004
28230	25	6	1779	30	0	1840
28231	1837	11	18	33	0	1899
28232	27	1973	15	21	0	2036
28233	26	16	2027	17	0	2086
28234	17	25	26	1988	0	2056
28235	21	8	18	1917	0	1964
28236	9	2001	10	42	0	2062
28237	11	15	2001	33	0	2060
28238	13	18	25	1987	0	2043
28239	9	14	2059	34	0	2116
28240	8	11	31	2052	0	2102
28241	8	4	26	2049	0	2087
28242	7	5	2049	60	0	2121
28243	6	8	29	2055	0	2098
28244	24	12	34	1580	0	1650
28245	11	8	18	2155	0	2192
28246	12	3	22	2172	0	2209
28247	2081	4	17	74	0	2176
28248	26	3	2063	58	0	2150
28249	2094	8	34	39	0	2175
28250	41	6	29	2200	0	2276
28251	33	10	20	2229	0	2292
28252	23	3	20	2220	0	2266
28253	23	2169	16	85	0	2293
28254	2181	25	14	60	0	2280
28255	42	24	17	2213	0	2296
28256	36	2222	18	50	0	2326
28257	21	34	13	2288	0	2356
28258	2266	20	15	69	0	2370
28259	2262	12	10	64	0	2348
28260	2262	23	11	41	0	2337
28261	54	2256	22	30	0	2362
28262	41	29	2284	33	0	2387
28263	2224	24	34	47	0	2329
28264	2273	14	25	49	0	2361
28265	52	2308	18	42	0	2420
28266	2307	33	20	34	0	2394
28267	2247	25	19	33	0	2324
28268	2310	20	10	44	0	2384
28269	57	2363	17	39	0	2476
28270	52	29	14	2344	0	2439
28271	2352	22	9	50	0	2433
28272	2370	16	12	42	0	2440
28273	2290	21	9	29	0	2349
28274	2325	11	7	38	0	2381
28275	80	6	9	2259	0	2354
28276	56	19	2229	50	0	2354
28277	54	13	40	2201	0	2308
28278	38	2258	23	47	0	2366
28279	46	27	13	2318	0	2404
28280	35	31	2302	54	0	2422
28281	2275	19	32	49	0	2375
28282	61	19	25	2315	0	2420
28283	2292	10	21	59	0	2382
28284	2315	15	13	48	0	2391
28285	74	16	14	2318	0	2422
28286	51	20	2287	57	0	2415
28287	50	7	2200	41	0	2298
28288	2131	6	44	29	0	2210
28289	61	2153	31	27	0	2272
28290	46	2099	16	25	0	2186
28291	43	2066	12	15	0	2136
28292	42	2133	17	28	0	2220
28293	2079	61	26	21	0	2187
28294	2081	28	19	20	0	2148
28295	2083	18	10	21	0	2132
28296	2106	17	6	14	0	2143
28297	66	22	5	2021	0	2114
28298	46	2002	4	46	0	2098
28299	2005	38	10	32	0	2085
28300	58	24	1974	20	0	2076
28301	52	1989	30	17	0	2088
28302	47	36	2000	17	0	2100
28303	1968	22	32	18	0	2040
28304	2013	14	23	30	0	2080
28305	2013	26	15	23	0	2077
28306	59	16	18	2007	0	2100
28307	47	15	2016	37	0	2115
28308	39	1998	35	23	0	2095
28309	1978	30	23	24	0	2055
28310	44	1971	17	27	0	2059
28311	42	1853	14	20	0	1929
28312	39	1820	12	15	0	1886
28313	38	1808	7	18	0	1871
28314	25	32	1745	14	0	1816
28315	18	1723	35	15	0	1791
28316	1496	26	6	13	0	1541
28317	26	10	10	1494	0	1540
28318	20	9	5	1504	0	1538
28319	1503	4	8	21	0	1536
28320	23	1482	9	10	0	1524
28321	14	19	1497	10	0	1540
28322	17	8	12	1492	0	1529
28323	14	13	4	1528	0	1559
28324	24	11	6	1521	0	1562
28325	10	16	1502	20	0	1548
28326	9	9	1506	11	0	1535
28327	9	10	21	1492	0	1532
28328	12	9	1462	20	0	1503
28329	15	9	1396	7	0	1427
28330	1271	11	15	10	0	1307
28331	18	1406	11	14	0	1449
28332	9	1347	12	8	0	1376
28333	11	1368	10	7	0	1396
28334	18	22	6	1341	0	1387
28335	8	1409	5	17	0	1439
28336	1466	23	8	7	0	1504
28337	21	11	1490	13	0	1535
28338	1506	9	25	15	0	1555
28339	36	6	9	1504	0	1555
28340	19	3	12	1525	0	1559
28341	12	1587	14	28	0	1641
28342	1588	26	13	18	0	1645
28343	1621	8	10	15	0	1654
28344	36	1733	3	11	0	1783
28345	17	33	7	1669	0	1726
28346	12	10	1673	34	0	1729
28347	5	10	1713	14	0	1742
28348	6	1746	34	8	0	1794
28349	1770	34	13	10	0	1827
28350	37	13	1757	2	0	1809
28351	16	11	31	1741	0	1799
28352	1791	3	13	35	0	1842
28353	1834	3	10	14	0	1861
28354	40	2285	4	8	0	2337
28355	18	2401	4	5	0	2428
28356	2380	57	3	7	0	2447
28357	49	19	2396	3	0	2467
28358	2417	10	52	8	0	2487
28359	2473	5	13	3	0	2494
28360	75	8	9	2426	0	2518
28361	27	5	2460	52	0	2544
28362	13	6	2440	16	0	2475
28363	2389	4	68	11	0	2472
28364	62	7	2469	7	0	2545
28365	2369	13	58	9	0	2449
28366	2443	8	18	8	0	2477
28367	70	2410	12	10	0	2502
28368	32	53	2385	4	0	2474
28369	20	2367	57	3	0	2447
28370	2313	63	18	9	0	2403
28371	61	19	2286	3	0	2369
28372	34	13	61	2214	0	2322
28373	16	11	2284	53	0	2364
28374	22	8	2281	13	0	2324
28375	20	5	2295	9	0	2329
28376	14	8	2276	11	0	2309
28377	20	2203	79	8	0	2310
28378	23	49	2207	3	0	2282
28379	15	2193	72	10	0	2290
28380	14	55	2174	7	0	2250
28381	2158	19	68	4	0	2249
28382	68	11	29	1952	0	2060
28383	32	2194	26	38	0	2290
28384	2181	52	16	16	0	2265
28385	2187	23	14	16	0	2240
28386	2074	12	22	11	0	2119
28387	2183	14	23	14	0	2234
28388	74	2174	16	8	0	2272
28389	2074	53	25	9	0	2161
28390	2188	21	22	12	0	2243
28391	76	2107	21	7	0	2211
28392	33	59	1975	7	0	2074
28393	27	27	66	1962	0	2082
28394	18	2109	32	48	0	2207
28395	14	68	2110	15	0	2207
28396	23	25	2128	10	0	2186
28397	20	2052	81	11	0	2164
28398	18	2094	35	13	0	2160
28399	25	2187	27	4	0	2243
28400	34	2141	20	10	0	2205
28401	2173	83	23	13	0	2292
28402	2246	33	20	10	0	2309
28403	95	26	2235	4	0	2360
28404	44	26	2298	6	0	2374
28405	45	20	78	2226	0	2369
28406	47	19	33	2277	0	2376
28407	35	26	23	2314	0	2398
28408	2253	19	32	79	0	2383
28409	79	2262	21	27	0	2389
28410	38	2369	29	14	0	2450
28411	32	2428	28	14	0	2502
28412	2357	88	32	13	0	2490
28413	2439	51	30	14	0	2534
28414	105	34	32	2363	0	2534
28415	2436	33	36	71	0	2576
28416	2489	32	30	22	0	2573
28417	107	31	30	2412	0	2580
28418	2457	30	24	79	0	2590
28419	102	2415	42	27	0	2586
28420	67	79	36	2400	0	2582
28421	52	34	2426	70	0	2582
28422	48	2388	96	36	0	2568
28423	54	87	2440	22	0	2603
28424	46	46	101	2285	0	2478
28425	52	2442	51	69	0	2614
28426	48	90	54	2428	0	2620
28427	64	46	38	2494	0	2642
28428	54	35	2457	90	0	2636
28429	50	35	2573	37	0	2695
28430	45	34	112	2524	0	2715
28431	46	30	67	2433	0	2576
28432	44	2529	47	102	0	2722
28433	2430	92	57	36	0	2615
28434	106	2473	43	32	0	2654
28435	55	2552	39	34	0	2680
28436	35	112	2424	27	0	2598
28437	28	2393	100	21	0	2542
28438	34	96	58	2202	0	2390
28439	28	2355	48	71	0	2502
28440	34	84	47	2237	0	2402
28441	28	2296	35	69	0	2428
28442	2266	84	36	39	0	2425
28443	77	2318	37	23	0	2455
28444	47	74	25	2065	0	2211
28445	38	2204	25	66	0	2333
28446	2181	77	26	27	0	2311
28447	2148	47	26	24	0	2245
28448	91	2126	14	18	0	2249
28449	2049	66	21	17	0	2153
28450	96	72	13	1933	0	2114
28451	48	33	1964	60	0	2105
28452	35	43	1973	30	0	2081
28453	36	1989	65	23	0	2113
28454	1428	38	32	16	0	1514
28455	1416	9	15	14	0	1454
28456	33	13	1422	17	0	1485
28457	11	8	1363	13	0	1395
28458	1296	15	28	11	0	1350
28459	1386	9	12	10	0	1417
28460	35	15	1348	5	0	1403
28461	1260	13	31	7	0	1311
28462	31	1306	9	7	0	1353
28463	13	1376	8	8	0	1405
28464	12	32	8	1347	0	1399
28465	9	17	10	1372	0	1408
28466	1365	10	6	28	0	1409
28467	1349	13	3	17	0	1382
28468	1355	9	8	10	0	1382
28469	27	7	7	1351	0	1392
28470	17	14	4	1339	0	1374
28471	14	1298	3	25	0	1340
28472	12	1318	3	11	0	1344
28473	10	1365	8	12	0	1395
28474	7	35	6	1304	0	1352
28475	14	1363	4	22	0	1403
28476	10	31	1308	10	0	1359
28477	1215	16	22	9	0	1262
28478	27	9	1325	12	0	1373
28479	12	19	1315	6	0	1352
28480	1274	7	32	8	0	1321
28481	27	1324	11	10	0	1372
28482	1337	24	5	14	0	1380
28483	1342	10	11	7	0	1370
28484	34	15	1303	5	0	1357
28485	20	9	1341	4	0	1374
28486	14	1386	26	12	0	1438
28487	13	23	1395	12	0	1443
28488	14	11	27	1389	0	1441
28489	19	12	19	1053	0	1103
28490	9	1408	10	22	0	1449
28491	13	1449	7	10	0	1479
28492	1430	33	7	12	0	1482
28493	1480	12	10	12	0	1514
28494	34	14	7	1495	0	1550
28495	16	15	6	1515	0	1552
28496	1498	7	11	31	0	1547
28497	1491	11	6	21	0	1529
28498	30	1514	7	16	0	1567
28499	1440	31	7	6	0	1484
28500	26	1388	6	11	0	1431
28501	13	1454	3	8	0	1478
28502	1431	28	6	6	0	1471
28503	1427	13	10	5	0	1455
28504	31	12	5	1370	0	1418
28505	1384	13	6	18	0	1421
28506	33	9	1355	11	0	1408
28507	14	1376	18	13	0	1421
28508	1362	25	6	9	0	1402
28509	25	12	1373	3	0	1413
28510	14	12	13	1295	0	1334
28511	12	1278	8	18	0	1316
28512	7	1329	9	9	0	1354
28513	1334	17	5	10	0	1366
28514	21	5	1317	1	0	1344
28515	1263	4	8	2	0	1277
28516	16	5	7	1286	0	1314
28517	9	3	1291	10	0	1313
28518	1255	6	9	8	0	1278
28519	12	1367	7	3	0	1389
28520	7	1399	6	3	0	1415
28521	1411	10	1	11	0	1433
28522	1390	6	3	7	0	1406
28523	1405	4	3	3	0	1415
28524	17	7	2	1375	0	1401
28525	11	1	2	1374	0	1388
28526	9	3	1359	14	0	1385
28527	7	3	1301	6	0	1317
28528	7	1357	10	4	0	1378
28529	3	9	1	1297	0	1310
28530	1291	4	3	5	0	1303
28531	4	1291	1	5	0	1301
28532	1	5	3	1304	0	1313
28533	1309	3	4	3	0	1319
28534	7	1274	2	2	0	1285
28535	3	1328	1	3	0	1335
28536	6	1	1295	4	0	1306
28537	1249	3	1	8	0	1261
28538	1301	6	3	7	0	1317
28539	5	2	1294	0	0	1301
28540	1202	2	2	2	0	1208
28541	3	2	1285	1	0	1291
28542	3	1257	4	0	0	1264
28543	3	10	0	1233	0	1246
28544	1231	2	2	4	0	1239
28545	4	1223	1	1	0	1229
28546	3	1228	0	1	0	1232
28547	1218	2	1	1	0	1222
28548	5	2	1271	1	0	1279
28549	1198	1	4	4	0	1207
28550	4	1283	1	1	0	1289
28551	2	3	1196	0	0	1201
28552	1173	1	2	2	0	1178
28553	1217	1	0	4	0	1222
28554	4	1	1	1199	0	1205
28555	4	0	1	1211	0	1216
28556	1	1176	1	7	0	1185
28557	3	9	1164	1	0	1177
28558	1	2	6	1193	0	1202
28559	1	1	1224	9	0	1235
28560	2	4	1201	0	0	1207
28561	3	1	10	1286	0	1300
28562	2	1	1332	16	0	1351
28563	2	1	1273	1	0	1277
28564	6	1	15	1240	0	1262
28565	4	1	1267	15	0	1287
28566	1162	5	19	6	0	1192
28567	17	1236	1	4	0	1258
28568	0	17	1266	2	0	1285
28569	7	2	1348	3	0	1360
28570	5	3	19	1286	0	1313
28571	1410	0	6	20	0	1436
28572	1411	0	5	4	0	1420
28573	1396	0	3	7	0	1406
28574	1408	3	2	2	0	1415
28575	19	1	4	1363	0	1387
28576	4	2	1393	16	0	1415
28577	1384	2	18	4	0	1408
28578	1425	1	1	7	0	1434
28579	1430	1	4	2	0	1437
28580	23	1	1380	0	0	1404
28581	1334	1	16	1	0	1352
28582	21	1	2	1437	0	1461
28583	2	1436	7	16	0	1461
28584	8	19	1	1399	0	1427
28585	4	1407	1	16	0	1428
28586	1404	21	0	4	0	1429
28587	18	3	1396	2	0	1419
28588	5	3	19	1342	0	1369
28589	7	1347	2	17	0	1373
28590	2	1380	8	3	0	1393
28591	1381	18	4	7	0	1410
28592	1372	9	4	1	0	1386
28593	22	5	1311	0	0	1338
28594	1288	1	19	5	0	1313
28595	21	1	6	1302	0	1330
28596	7	1	1347	19	0	1374
28597	6	9	1327	2	0	1344
28598	8	2	19	1388	0	1417
28599	1512	2	7	18	0	1539
28600	22	0	7	1506	0	1535
28601	12	3	7	1490	0	1512
28602	8	3	2	1496	0	1509
28603	7	1505	2	28	0	1542
28604	9	19	4	1544	0	1576
28605	1506	5	5	31	0	1547
28606	22	1513	4	10	0	1549
28607	10	20	2	1553	0	1585
28608	1537	9	3	27	0	1576
28609	25	1493	2	13	0	1533
28610	7	1533	6	7	0	1553
28611	10	29	4	1511	0	1554
28612	1466	9	4	34	0	1513
28613	26	8	1470	11	0	1515
28614	7	7	1430	11	0	1455
28615	1470	6	29	6	0	1511
28616	1551	2	11	12	0	1576
28617	36	1652	10	2	0	1700
28618	13	31	6	1558	0	1608
28619	11	13	1573	33	0	1630
28620	6	11	1536	13	0	1566
28621	7	3	1696	9	0	1715
28622	8	1660	50	1	0	1719
28623	7	1705	18	13	0	1743
28624	1704	45	10	3	0	1762
28625	34	15	1716	10	0	1775
28626	1677	8	40	11	0	1736
28627	1727	8	22	8	0	1765
28628	53	8	1732	4	0	1797
28629	29	1780	41	3	0	1853
28630	20	38	17	1732	0	1807
28631	16	22	1813	36	0	1887
28632	14	7	1718	18	0	1757
28633	1716	8	50	12	0	1786
28634	44	1794	20	6	0	1864
28635	24	39	8	1728	0	1799
28636	16	19	10	1724	0	1769
28637	12	1740	3	54	0	1809
28638	9	1772	15	21	0	1817
28639	4	1814	12	14	0	1844
28640	15	54	6	1839	0	1914
28641	1912	30	4	47	0	1993
28642	50	15	6	1917	0	1988
28643	17	14	1896	56	0	1983
28644	6	12	1913	24	0	1955
28645	15	10	54	1952	0	2031
28646	10	9	1949	52	0	2020
28647	8	1928	53	21	0	2010
28648	11	49	26	2022	0	2108
28649	2200	15	16	59	0	2290
28650	2214	8	15	26	0	2263
28651	66	2226	18	13	0	2323
28652	2248	66	11	19	0	2344
28653	2325	19	9	19	0	2372
28654	2339	12	5	9	0	2365
28655	79	15	1955	17	0	2066
28656	2201	8	44	11	0	2264
28657	79	2203	17	9	0	2308
28658	32	54	2203	11	0	2300
28659	25	23	2188	6	0	2242
28660	20	2167	69	18	0	2274
28661	2153	56	36	12	0	2257
28662	57	24	15	2066	0	2162
28663	27	2083	16	44	0	2170
28664	2106	57	15	20	0	2198
28665	61	24	10	2122	0	2217
28666	2166	11	14	55	0	2246
28667	67	15	10	2173	0	2265
28668	34	13	2123	55	0	2225
28669	20	12	2069	35	0	2136
28670	17	13	2084	20	0	2134
28671	24	16	66	2002	0	2108
28672	13	11	34	2085	0	2143
28673	19	19	2053	64	0	2155
28674	21	2053	60	34	0	2168
28675	2084	56	24	27	0	2191
28676	2090	24	19	23	0	2156
28677	72	2123	27	19	0	2241
28678	38	57	25	2148	0	2268
28679	24	30	2204	63	0	2321
28680	2154	15	69	33	0	2271
28681	65	23	2218	23	0	2329
28682	35	15	2019	15	0	2084
28683	25	12	2158	15	0	2210
28684	2083	18	83	12	0	2196
28685	76	13	2120	19	0	2228
28686	34	2007	79	17	0	2137
28687	21	2170	39	10	0	2240
28688	39	65	27	2084	0	2215
28689	24	25	25	2170	0	2244
28690	21	26	2135	74	0	2256
28691	2088	17	72	31	0	2208
28692	2196	14	35	24	0	2269
28693	87	12	26	2154	0	2279
28694	2160	17	24	67	0	2268
28695	75	2144	22	33	0	2274
28696	2122	72	20	25	0	2239
28697	75	2046	23	29	0	2173
28698	39	2069	20	21	0	2149
28699	1960	77	16	21	0	2074
28700	1984	27	19	19	0	2049
28701	2032	19	18	19	0	2088
28702	2041	21	21	22	0	2105
28703	97	14	1905	10	0	2026
28704	1926	14	61	24	0	2025
28705	81	16	30	1877	0	2004
28706	46	1906	15	61	0	2028
28707	1917	60	26	25	0	2028
28708	85	1917	24	14	0	2040
28709	1950	66	20	15	0	2051
28710	71	26	18	1920	0	2035
28711	49	22	18	1965	0	2054
28712	37	22	1838	70	0	1967
28713	32	20	1867	29	0	1948
28714	38	1927	62	21	0	2048
28715	1876	60	24	24	0	1984
28716	75	1817	20	13	0	1925
28717	45	1729	17	19	0	1810
28718	34	1841	14	16	0	1905
28719	43	64	1728	14	0	1849
28720	28	1758	64	12	0	1862
28721	1608	63	15	26	0	1712
28722	1616	16	17	14	0	1663
28723	68	17	16	1562	0	1663
28724	30	1530	18	46	0	1624
28725	26	1597	22	15	0	1660
28726	32	60	16	1562	0	1670
28727	27	28	1567	53	0	1675
28728	24	1548	45	22	0	1639
28729	27	59	20	1505	0	1611
28730	1482	30	11	50	0	1573
28731	1511	16	15	15	0	1557
28732	51	1533	10	22	0	1616
28733	1547	52	15	24	0	1638
28734	1584	21	12	15	0	1632
28735	57	20	13	1519	0	1609
28736	21	19	1488	44	0	1572
28737	25	1514	43	17	0	1599
28738	24	53	14	1498	0	1589
28739	24	20	1499	47	0	1590
28740	22	1464	46	15	0	1547
28741	1392	49	17	9	0	1467
28742	1429	20	18	17	0	1484
28743	57	15	14	1406	0	1492
28744	27	1406	14	33	0	1480
28745	22	46	1396	19	0	1483
28746	24	17	42	1394	0	1477
28747	17	29	1408	36	0	1490
28748	19	1270	31	20	0	1340
28749	13	36	10	1102	0	1161
28750	1087	13	6	27	0	1133
28751	27	1065	5	18	0	1115
28752	1063	22	5	11	0	1101
28753	1043	10	7	4	0	1064
28754	35	1045	5	5	0	1090
28755	21	23	4	1052	0	1100
28756	16	11	7	1042	0	1076
28757	14	1013	5	19	0	1051
28758	9	1019	7	14	0	1049
28759	10	29	4	987	0	1030
28760	7	1010	3	18	0	1038
28761	1006	23	5	9	0	1043
28762	998	7	8	6	0	1019
28763	27	10	970	6	0	1013
28764	20	5	914	6	0	945
28765	933	6	22	13	0	974
28766	996	8	9	7	0	1020
28767	17	1011	9	5	0	1042
28768	1014	20	4	6	0	1044
28769	1013	8	3	5	0	1029
28770	22	1005	1	5	0	1033
28771	1024	19	0	7	0	1050
28772	33	8	2	1159	0	1202
28773	9	9	3	1193	0	1214
28774	11	8	1253	29	0	1301
28775	10	1194	24	13	0	1241
28776	5	1263	7	5	0	1280
28777	1182	36	14	9	0	1241
28778	1160	14	1	15	0	1190
28779	1122	5	1	10	0	1138
28780	1181	3	5	6	0	1195
28781	36	6	1085	3	0	1130
28782	11	7	1143	2	0	1163
28783	8	1175	29	2	0	1214
28784	9	31	6	1164	0	1210
28785	8	5	4	1165	0	1182
28786	10	1183	2	27	0	1222
28787	11	36	2	1149	0	1198
28788	1155	8	2	31	0	1196
28789	37	1129	6	9	0	1181
28790	11	31	1131	7	0	1180
28791	9	1165	29	12	0	1215
28792	1181	33	6	8	0	1228
28793	28	12	1186	8	0	1234
28794	1169	17	26	7	0	1219
28795	1207	6	6	10	0	1229
28796	38	7	1187	6	0	1238
28797	11	13	1162	4	0	1190
28798	13	6	1161	7	0	1187
28799	1104	2	35	2	0	1143
28800	29	9	1162	3	0	1203
28801	10	1148	40	0	0	1198
28802	1167	34	9	4	0	1214
28803	40	4	1175	6	0	1225
28804	1088	4	42	3	0	1137
28805	39	7	1148	1	0	1195
28806	20	4	1202	1	0	1227
28807	13	1212	40	1	0	1266
28808	9	32	1212	3	0	1256
28809	8	7	1173	4	0	1192
28810	15	960	35	5	0	1015
28811	1166	32	22	1	0	1221
28812	32	17	1201	1	0	1251
28813	14	11	34	1112	0	1171
28814	11	1219	15	23	0	1268
28815	1236	26	12	12	0	1286
28816	1218	9	15	6	0	1248
28817	35	11	1209	7	0	1262
28818	15	1127	29	2	0	1173
28819	12	1192	18	4	0	1226
28820	8	40	15	1151	0	1214
28821	12	1004	4	28	0	1048
28822	24	33	4	997	0	1058
28823	12	13	11	1191	0	1227
28824	9	1193	6	39	0	1247
28825	13	41	5	1165	0	1224
28826	13	1177	6	32	0	1228
28827	8	36	1150	11	0	1205
28828	3	15	37	1162	0	1217
28829	8	20	6	1150	0	1184
28830	9	1139	10	37	0	1195
28831	9	1197	5	20	0	1231
28832	9	41	4	1116	0	1170
28833	5	1135	12	37	0	1189
28834	1134	39	9	14	0	1196
28835	31	16	11	1133	0	1191
28836	13	1122	11	34	0	1180
28837	1094	43	8	7	0	1152
28838	34	1086	15	7	0	1142
28839	14	39	1091	13	0	1157
28840	13	14	35	1090	0	1152
28841	1099	12	13	33	0	1157
28842	38	13	1084	11	0	1146
28843	14	6	39	1033	0	1092
28844	9	1063	13	28	0	1113
28845	15	37	1026	7	0	1085
28846	11	1053	36	9	0	1109
28847	974	40	12	12	0	1038
28848	1087	12	9	3	0	1111
28849	34	1057	12	6	0	1109
28850	1051	31	16	4	0	1102
28851	34	13	1061	10	0	1118
28852	16	10	39	1036	0	1101
28853	8	15	16	1032	0	1071
28854	16	1053	7	44	0	1120
28855	1129	35	12	11	0	1187
28856	1172	10	12	13	0	1207
28857	36	17	1162	5	0	1220
28858	1165	8	32	7	0	1212
28859	1229	4	8	9	0	1250
28860	1212	14	12	9	0	1247
28861	44	11	7	1183	0	1245
28862	17	12	11	1179	0	1219
28863	14	1187	5	35	0	1241
28864	1174	29	7	10	0	1220
28865	1174	15	11	9	0	1209
28866	43	1164	5	9	0	1221
28867	22	33	4	1129	0	1188
28868	9	1106	9	31	0	1155
28869	11	1168	8	9	0	1196
28870	1142	37	6	14	0	1199
28871	44	9	1105	8	0	1166
28872	6	4	970	7	0	987
28873	4	988	15	11	0	1018
28874	897	17	13	3	0	930
28875	18	2	891	2	0	913
28876	8	809	9	3	0	829
28877	827	5	0	1	0	833
28878	4	2	811	1	0	818
28879	3	3	5	773	0	784
28880	843	0	0	9	0	852
28881	7	0	853	2	0	862
28882	2	6	891	1	0	900
28883	6	1	894	2	0	903
28884	3	3	921	0	0	927
28885	902	3	12	4	0	921
28886	989	0	1	3	0	993
28887	9	981	6	2	0	998
28888	2	11	3	1032	0	1048
28889	4	1	3	1081	0	1089
28890	2	1032	3	11	0	1048
28891	7	13	4	1038	0	1062
28892	3	1072	0	15	0	1090
28893	3	1108	2	1	0	1114
28894	1	14	3	1096	0	1114
28895	1	9	1088	17	0	1115
28896	3	1099	14	2	0	1118
28897	1	14	5	1124	0	1144
28898	1118	5	6	17	0	1146
28899	14	8	1110	4	0	1136
28900	1067	5	15	10	0	1097
28901	1142	0	7	3	0	1152
28902	22	4	8	1170	0	1204
28903	10	4	1186	24	0	1224
28904	12	0	1187	7	0	1206
28905	4	1262	30	7	0	1303
28906	6	26	12	1235	0	1279
28907	4	3	1257	30	0	1294
28908	4	8	1211	9	0	1232
28909	1	1274	32	7	0	1314
28910	1276	24	14	2	0	1316
28911	1307	7	6	4	0	1324
28912	30	11	3	1337	0	1381
28913	11	3	1372	35	0	1421
28914	8	4	1359	6	0	1377
28915	3	1423	35	9	0	1470
28916	7	33	1433	6	0	1479
28917	7	8	1443	4	0	1462
28918	5	16	43	1376	0	1440
28919	1	7	1481	31	0	1520
28920	1402	5	46	8	0	1461
28921	38	9	11	1496	0	1554
28922	7	4	1521	34	0	1566
28923	13	1515	39	13	0	1580
28924	6	25	14	1541	0	1586
28925	3	9	1556	35	0	1603
28926	7	1581	39	10	0	1637
28927	8	35	19	1548	0	1610
28928	2	1607	17	38	0	1664
28929	4	47	14	1609	0	1674
28930	9	9	11	1620	0	1649
28931	4	16	1588	50	0	1658
28932	5	1596	46	20	0	1667
28933	8	41	12	1611	0	1672
28934	3	17	13	1632	0	1665
28935	2	10	16	1653	0	1681
28936	3	12	1602	56	0	1673
28937	3	1585	47	27	0	1662
28938	1	45	18	1611	0	1675
28939	4	14	1586	53	0	1657
28940	3	1584	43	26	0	1656
28941	4	37	21	1601	0	1663
28942	2	15	1632	46	0	1695
28943	2	1630	48	23	0	1703
28944	7	43	19	1610	0	1679
28945	7	16	18	1673	0	1714
28946	1	15	1645	58	0	1719
28947	1472	14	52	31	0	1569
28948	34	1637	20	28	0	1719
28949	1642	49	21	18	0	1730
28950	50	17	1648	17	0	1732
28951	1606	20	45	24	0	1695
28952	48	9	20	1635	0	1712
28953	11	18	15	1702	0	1746
28954	16	11	1652	59	0	1738
28955	1503	8	50	35	0	1596
28956	1556	14	19	24	0	1613
28957	50	1515	17	23	0	1605
28958	18	1615	10	26	0	1669
28959	1599	46	15	24	0	1684
28960	43	23	1612	11	0	1689
28961	21	1647	45	15	0	1728
28962	25	48	15	1669	0	1757
28963	10	16	22	1746	0	1794
28964	11	21	1700	58	0	1790
28965	1612	10	47	33	0	1702
28966	49	14	1730	22	0	1815
28967	1706	19	61	16	0	1802
28968	65	14	1803	21	0	1903
28969	20	1814	63	23	0	1920
28970	1856	56	28	18	0	1958
28971	1869	19	29	27	0	1944
28972	1838	22	22	13	0	1895
28973	1860	17	21	14	0	1912
28974	76	19	19	1803	0	1917
28975	42	7	1808	67	0	1924
28976	31	4	68	1755	0	1858
28977	28	1804	23	64	0	1919
28978	22	48	29	1819	0	1918
28979	16	19	1830	67	0	1932
28980	23	17	1843	24	0	1907
28981	18	11	63	1792	0	1884
28982	1729	15	30	64	0	1838
28983	1705	10	28	25	0	1768
28984	1739	8	23	24	0	1794
28985	71	15	1723	17	0	1826
28986	34	9	1697	27	0	1767
28987	24	1673	60	22	0	1779
28988	21	1706	30	23	0	1780
28989	1633	50	21	20	0	1724
28990	1663	28	18	17	0	1726
28991	59	1696	20	19	0	1794
28992	1659	48	19	16	0	1742
28993	1684	16	12	19	0	1731
28994	66	1679	11	13	0	1769
28995	1705	48	12	18	0	1783
28996	1695	17	17	12	0	1741
28997	61	1715	13	15	0	1804
28998	1708	51	18	16	0	1793
28999	1739	23	14	14	0	1790
29000	72	15	1717	9	0	1813
29001	33	16	1709	5	0	1763
29002	21	1640	40	11	0	1712
29003	26	1689	24	8	0	1747
29004	1632	40	24	16	0	1712
29005	1586	15	14	11	0	1626
29006	1553	14	7	14	0	1588
29007	48	1562	11	6	0	1627
29008	32	39	10	1562	0	1643
29009	23	11	1562	30	0	1626
29010	18	25	35	1502	0	1580
29011	21	1573	11	32	0	1637
29012	1513	31	8	10	0	1562
29013	35	1481	7	6	0	1529
29014	25	27	5	1438	0	1495
29015	1551	12	3	30	0	1596
29016	1545	8	6	14	0	1573
29017	48	7	1488	3	0	1546
29018	1495	6	24	10	0	1535
29019	1622	7	10	12	0	1651
29020	1643	7	7	11	0	1668
29021	43	8	10	1546	0	1607
29022	21	1557	7	29	0	1614
29023	21	30	2	1588	0	1641
29024	20	12	1626	32	0	1690
29025	16	1625	30	15	0	1686
29026	9	33	11	1604	0	1657
29027	9	13	1596	26	0	1644
29028	12	1601	33	10	0	1656
29029	14	33	12	1528	0	1587
29030	10	14	1571	28	0	1623
29031	1430	10	27	14	0	1481
29032	36	10	1597	7	0	1650
29033	18	6	1589	6	0	1619
29034	16	1637	35	6	0	1694
29035	15	31	19	1623	0	1688
29036	14	16	11	1587	0	1628
29037	18	1585	7	29	0	1639
29038	18	32	5	1652	0	1707
29039	1670	14	4	45	0	1733
29040	1692	11	4	16	0	1723
29041	44	7	1520	15	0	1586
29042	1604	8	34	10	0	1656
29043	1658	8	12	9	0	1687
29044	44	12	1670	5	0	1731
29045	18	1645	36	7	0	1706
29046	11	1692	19	3	0	1725
29047	17	40	6	1538	0	1601
29048	12	1656	6	30	0	1704
29049	18	35	1454	7	0	1514
29050	14	14	1582	5	0	1615
29051	9	1656	33	5	0	1703
29052	1625	32	15	11	0	1683
29053	1670	18	9	10	0	1707
29054	1674	13	5	13	0	1705
29055	1665	12	5	9	0	1691
29056	1568	12	1	15	0	1596
29057	42	1646	4	5	0	1697
29058	31	27	1607	2	0	1667
29059	19	13	26	1584	0	1642
29060	1583	6	16	31	0	1636
29061	40	1542	10	11	0	1603
29062	25	34	6	1514	0	1579
29063	12	15	1515	29	0	1571
29064	18	1460	23	16	0	1517
29065	11	1521	11	9	0	1552
29066	1432	40	18	12	0	1502
29067	21	1437	7	4	0	1469
29068	9	21	7	1368	0	1405
29069	1368	11	4	19	0	1402
29070	1366	8	1	8	0	1383
29071	1374	5	5	6	0	1390
29072	31	4	1332	6	0	1373
29073	14	1351	17	5	0	1387
29074	1389	20	11	5	0	1425
29075	24	9	7	1364	0	1404
29076	1391	8	4	19	0	1422
29077	26	1377	4	10	0	1417
29078	1467	23	2	9	0	1501
29079	1584	10	4	10	0	1608
29080	31	11	3	1558	0	1603
29081	19	6	1669	28	0	1722
29082	9	10	25	1697	0	1741
29083	1684	9	14	29	0	1736
29084	1694	6	4	23	0	1727
29085	46	1655	5	6	0	1712
29086	1615	26	5	7	0	1653
29087	36	1638	3	9	0	1686
29088	1657	24	4	1	0	1686
29089	1580	14	3	7	0	1604
29090	39	13	1631	6	0	1689
29091	20	1619	26	7	0	1672
29092	17	31	16	1630	0	1694
29093	14	16	5	1656	0	1691
29094	13	10	5	1596	0	1624
29095	12	1630	8	31	0	1681
29096	6	31	1601	19	0	1657
29097	11	21	1592	8	0	1632
29098	7	2018	34	9	0	2068
29099	2021	37	20	12	0	2090
29100	43	24	1997	5	0	2069
29101	1946	13	37	10	0	2006
29102	45	1980	26	5	0	2056
29103	28	45	1996	8	0	2077
29104	22	26	35	1983	0	2066
29105	16	21	2028	39	0	2104
29106	22	11	2076	21	0	2130
29107	20	10	67	1886	0	1983
29108	21	1963	36	36	0	2056
29109	11	2087	16	24	0	2138
29110	2059	51	19	14	0	2143
29111	47	28	2070	16	0	2161
29112	2055	16	47	6	0	2124
29113	2093	17	28	8	0	2146
29114	55	2106	20	10	0	2191
29115	2009	49	11	10	0	2079
29116	2015	30	14	7	0	2066
29117	1990	11	8	7	0	2016
29118	67	1911	12	7	0	1997
29119	37	1752	7	6	0	1802
29120	29	1864	5	10	0	1908
29121	1852	64	12	12	0	1940
29122	1877	23	14	3	0	1917
29123	64	15	1737	11	0	1827
29124	35	15	1720	5	0	1775
29125	1766	24	43	2	0	1835
29126	1824	14	14	19	0	1871
29127	1857	18	13	5	0	1893
29128	65	6	13	1810	0	1894
29129	45	8	10	1847	0	1910
29130	25	9	20	1850	0	1904
29131	17	15	14	1876	0	1922
29132	39	6	1731	43	0	1819
29133	28	9	1778	25	0	1840
29134	29	8	1768	12	0	1817
29135	22	12	1761	15	0	1810
29136	1767	12	43	22	0	1844
29137	43	1758	22	13	0	1836
29138	28	1820	11	20	0	1879
29139	1801	46	20	6	0	1873
29140	41	18	1816	9	0	1884
29141	30	12	1764	9	0	1815
29142	1798	18	48	15	0	1879
29143	1850	12	28	9	0	1899
29144	50	1830	20	9	0	1909
29145	40	38	13	1802	0	1893
29146	1844	20	15	31	0	1910
29147	1859	17	19	20	0	1915
29148	58	10	17	1814	0	1899
29149	43	1869	12	28	0	1952
29150	1908	27	9	26	0	1970
29151	41	29	1863	16	0	1949
29152	1845	12	33	23	0	1913
29153	48	1863	21	14	0	1946
29154	1899	35	17	13	0	1964
29155	1813	19	13	27	0	1872
29156	48	18	1881	14	0	1961
29157	43	10	1835	7	0	1895
29158	1860	18	56	11	0	1945
29159	1911	10	30	5	0	1956
29160	50	1928	20	4	0	2002
29161	52	28	16	1947	0	2043
29162	21	25	1950	26	0	2022
29163	1926	18	43	19	0	2006
29164	51	15	31	1965	0	2062
29165	45	17	15	1982	0	2059
29166	1986	8	10	47	0	2051
29167	34	2019	27	29	0	2109
29168	2061	27	14	23	0	2125
29169	2061	22	19	11	0	2113
29170	2073	13	17	20	0	2123
29171	62	2029	7	24	0	2122
29172	2071	35	10	18	0	2134
29173	55	21	16	2040	0	2132
29174	40	25	4	2033	0	2102
29175	45	10	1988	50	0	2093
29176	36	13	1947	22	0	2018
29177	42	1962	40	9	0	2053
29178	13	1963	29	7	0	2012
29179	29	30	1810	7	0	1876
29180	19	1843	27	13	0	1902
29181	1760	45	24	27	0	1856
29182	1801	14	19	7	0	1841
29183	1830	10	11	6	0	1857
29184	49	16	8	1749	0	1822
29185	23	19	7	1802	0	1851
29186	15	6	1815	45	0	1881
29187	12	1814	32	16	0	1874
29188	1828	33	10	7	0	1878
29189	48	1834	5	10	0	1897
29190	1829	36	4	14	0	1883
29191	1830	8	8	15	0	1861
29192	51	11	4	1791	0	1857
29193	34	9	9	1801	0	1853
29194	28	15	1	1857	0	1901
29195	19	6	1780	51	0	1856
29196	13	1745	30	23	0	1811
29197	19	1741	14	17	0	1791
29198	3	1334	3	5	0	1345
29199	5	1342	1	4	0	1352
29200	4	1362	2	5	0	1373
29201	1294	20	8	7	0	1329
29202	16	6	1302	2	0	1326
29203	5	1300	18	1	0	1324
29204	6	16	1265	0	0	1287
29205	4	1304	13	2	0	1323
29206	19	24	3	823	0	869
29207	4	5	4	1242	0	1255
29208	4	1269	2	14	0	1289
29209	1253	13	2	6	0	1274
29210	14	5	1228	5	0	1252
29211	4	1241	13	5	0	1263
29212	1	17	1203	2	0	1223
29213	4	7	12	1209	0	1232
29214	6	4	3	1139	0	1152
29215	4	1184	2	21	0	1211
29216	3	15	0	1203	0	1221
29217	7	4	2	1207	0	1220
29218	4	1195	0	16	0	1215
29219	4	12	1173	7	0	1196
29220	1	6	1158	5	0	1170
29221	1127	1	18	6	0	1152
29222	1210	3	6	2	0	1221
29223	14	6	3	1166	0	1189
29224	4	2	1165	14	0	1185
29225	1	6	14	1132	0	1153
29226	5	1170	6	12	0	1193
29227	4	20	1140	3	0	1167
29228	5	1130	13	4	0	1152
29229	4	15	1132	4	0	1155
29230	2	1134	11	7	0	1154
29231	1142	13	5	8	0	1168
29232	12	6	2	1141	0	1161
29233	8	2	4	1128	0	1142
29234	3	5	1138	15	0	1161
29235	9	4	1073	2	0	1088
29236	5	1115	12	2	0	1134
29237	1125	10	4	6	0	1145
29238	14	3	0	1114	0	1131
29239	6	3	1134	17	0	1160
29240	2	2	1066	6	0	1076
29241	995	5	16	3	0	1019
29242	1016	5	6	5	0	1032
29243	13	6	1042	3	0	1064
29244	6	5	14	1001	0	1026
29245	0	1032	5	12	0	1049
29246	1043	18	2	7	0	1070
29247	15	1041	2	8	0	1066
29248	1021	14	4	3	0	1042
29249	15	1006	2	4	0	1027
29250	5	1041	2	5	0	1053
29251	2	12	7	1039	0	1060
29252	2	7	1	1051	0	1061
29253	2	1038	3	19	0	1062
29254	3	15	1014	4	0	1036
29255	4	3	972	1	0	980
29256	3	4	991	2	0	1000
29257	941	2	16	7	0	966
29258	1001	6	3	2	0	1012
29259	17	1031	1	3	0	1052
29260	2	15	1034	1	0	1052
29261	1	4	15	1033	0	1053
29262	4	5	1100	14	0	1123
29263	4	3	1106	4	0	1117
29264	2	3	17	1241	0	1263
29265	3	3	6	1345	0	1357
29266	1	4	1446	23	0	1474
29267	1471	2	27	12	0	1512
29268	25	1591	4	12	0	1632
29269	2	1689	12	5	0	1708
29270	10	30	4	1667	0	1711
29271	1707	13	3	28	0	1751
29272	29	1737	3	5	0	1774
29273	1737	35	3	13	0	1788
29274	42	1754	3	5	0	1804
29275	1838	49	1	9	0	1897
29276	46	14	1842	5	0	1907
29277	16	17	1890	8	0	1931
29278	28	14	37	1836	0	1915
29279	12	14	1869	31	0	1926
29280	12	1763	44	7	0	1826
29281	12	1766	11	13	0	1802
29282	1805	34	25	6	0	1870
29283	29	20	16	1756	0	1821
29284	5	1838	12	34	0	1889
29285	1833	32	10	14	0	1889
29286	1795	15	11	17	0	1838
29287	1841	32	5	6	0	1884
29288	56	18	4	1799	0	1877
29289	38	9	4	1819	0	1870
29290	30	13	1793	32	0	1868
29291	18	14	1797	22	0	1851
29292	1759	4	37	27	0	1827
29293	44	9	26	1746	0	1825
29294	18	8	1756	41	0	1823
29295	1727	10	42	19	0	1798
29296	37	1786	20	25	0	1868
29297	1784	33	30	17	0	1864
29298	1825	12	14	10	0	1861
29299	1822	27	10	10	0	1869
29300	64	13	1754	9	0	1840
29301	1767	8	35	6	0	1816
29302	68	13	6	1678	0	1765
29303	26	1649	16	37	0	1728
29304	41	1765	13	12	0	1831
29305	1782	34	16	19	0	1851
29306	1790	21	15	5	0	1831
29307	1791	18	12	22	0	1843
29308	65	9	10	1743	0	1827
29309	37	8	17	1765	0	1827
29310	34	18	14	1699	0	1765
29311	34	1742	6	46	0	1828
29312	1727	34	8	34	0	1803
29313	1761	10	9	27	0	1807
29314	1774	25	9	21	0	1829
29315	68	15	1781	20	0	1884
29316	1835	12	37	24	0	1908
29317	81	17	11	1717	0	1826
29318	32	1805	16	34	0	1887
29319	1834	41	12	13	0	1900
29320	1826	17	9	19	0	1871
29321	68	28	1810	16	0	1922
29322	55	13	37	1772	0	1877
29323	41	1816	14	47	0	1918
29324	1876	39	21	26	0	1962
29325	60	18	16	1875	0	1969
29326	44	25	10	1857	0	1936
29327	47	11	11	1890	0	1959
29328	35	14	17	1936	0	2002
29329	29	18	1882	68	0	1997
29330	34	1888	43	33	0	1998
29331	43	41	10	1899	0	1993
29332	27	17	1908	62	0	2014
29333	1880	30	38	35	0	1983
29334	1942	13	16	44	0	2015
29335	66	14	29	1917	0	2026
29336	1931	18	24	59	0	2032
29337	1978	19	17	32	0	2046
29338	70	14	1951	33	0	2068
29339	53	1934	48	24	0	2059
29340	1975	43	20	30	0	2068
29341	68	11	23	1977	0	2079
29342	1994	23	15	72	0	2104
29343	83	15	17	1978	0	2093
29344	46	16	12	2030	0	2104
29345	42	18	1956	60	0	2076
29346	1858	13	46	51	0	1968
29347	65	1966	19	40	0	2090
29348	45	45	1960	29	0	2079
29349	48	1955	45	29	0	2077
29350	1938	54	15	34	0	2041
29351	69	15	32	1929	0	2045
29352	1936	27	19	49	0	2031
29353	77	1903	18	24	0	2022
29354	1951	51	14	34	0	2050
29355	1982	22	14	30	0	2048
29356	1977	25	12	26	0	2040
29357	1967	14	11	26	0	2018
29358	84	1913	6	33	0	2036
29359	1906	42	18	28	0	1994
29360	87	21	11	1853	0	1972
29361	60	25	11	1793	0	1889
29362	48	1695	15	50	0	1808
29363	42	1695	14	33	0	1784
29364	35	1639	9	25	0	1708
29365	1502	41	11	17	0	1571
29366	48	1387	9	20	0	1464
29367	32	1230	4	14	0	1280
29368	1194	26	7	21	0	1248
29369	1142	11	5	10	0	1168
29370	40	1132	5	8	0	1185
29371	1126	23	4	10	0	1163
29372	31	12	1066	12	0	1121
29373	1047	13	17	6	0	1083
29374	31	13	1054	9	0	1107
29375	20	944	13	11	0	988
29376	13	957	6	17	0	993
29377	21	41	10	897	0	969
29378	916	9	10	18	0	953
29379	925	3	7	10	0	945
29380	927	11	4	6	0	948
29381	932	6	3	5	0	946
29382	900	9	2	9	0	920
29383	21	8	867	3	0	899
29384	15	10	812	8	0	845
29385	862	5	11	10	0	888
29386	23	885	4	6	0	918
29387	859	13	2	7	0	881
29388	880	5	2	12	0	899
29389	903	6	5	10	0	924
29390	905	6	3	10	0	924
29391	899	7	2	12	0	920
29392	19	5	882	8	0	914
29393	891	9	8	12	0	920
29394	919	7	4	17	0	947
29395	15	9	831	7	0	862
29396	840	9	6	7	0	862
29397	896	13	3	7	0	919
29398	21	8	932	9	0	970
29399	19	11	901	1	0	932
29400	20	929	11	3	0	963
29401	18	11	7	938	0	974
29402	21	8	959	8	0	996
29403	953	10	10	8	0	981
29404	25	5	6	1004	0	1040
29405	11	7	1027	14	0	1059
29406	1014	7	10	8	0	1039
29407	1046	8	6	7	0	1067
29408	1055	8	3	10	0	1076
29409	24	1083	2	4	0	1113
29410	14	14	2	1054	0	1084
29411	11	1074	6	12	0	1103
29412	1085	15	5	4	0	1109
29413	1085	7	1	5	0	1098
29414	22	9	1052	3	0	1086
29415	15	992	8	0	0	1015
29416	11	995	3	0	0	1009
29417	17	12	4	975	0	1008
29418	16	7	1	985	0	1009
29419	990	4	2	10	0	1006
29420	22	964	1	2	0	989
29421	14	984	2	0	0	1000
29422	14	11	980	3	0	1008
29423	13	986	9	2	0	1010
29424	957	6	9	7	0	979
29425	14	6	938	2	0	960
29426	866	0	5	5	0	876
29427	12	1	920	2	0	935
29428	840	1	9	6	0	856
29429	8	932	1	0	0	941
29430	940	11	0	2	0	953
29431	12	3	993	2	0	1010
29432	981	2	9	6	0	998
29433	1006	2	5	1	0	1014
29434	15	5	1040	0	0	1060
29435	1033	2	9	3	0	1047
29436	1054	2	5	8	0	1069
29437	1049	3	1	1	0	1054
29438	17	981	2	1	0	1001
29439	1008	10	3	2	0	1023
29440	13	9	1025	1	0	1048
29441	8	1086	14	2	0	1110
29442	1112	11	6	2	0	1131
29443	1112	9	1	3	0	1125
29444	1124	1	2	2	0	1129
29445	19	1116	4	1	0	1140
29446	14	10	1	1288	0	1313
29447	5	9	1321	14	0	1349
29448	5	1	21	1320	0	1347
29449	8	2	1372	17	0	1399
29450	1303	2	18	14	0	1337
29451	26	1375	13	0	0	1414
29452	15	21	1	1346	0	1383
29453	7	1432	3	19	0	1461
29454	5	23	3	1437	0	1468
29455	6	16	1	1425	0	1448
29456	5	1474	2	31	0	1512
29457	12	24	0	1493	0	1529
29458	10	13	1	1543	0	1567
29459	3	1547	1	38	0	1589
29460	5	1594	5	19	0	1623
29461	6	33	6	1574	0	1619
29462	3	16	1585	28	0	1632
29463	5	1601	28	15	0	1649
29464	9	30	14	1601	0	1654
29465	3	14	1652	36	0	1705
29466	3	1675	29	17	0	1724
29467	1657	32	13	10	0	1712
29468	30	16	1644	12	0	1702
29469	1649	9	26	16	0	1700
29470	28	9	17	1653	0	1707
29471	17	5	3	1673	0	1698
29472	4	7	1	1695	0	1707
29473	3	6	1648	49	0	1706
29474	4	13	1593	19	0	1629
29475	1568	7	39	16	0	1630
29476	31	7	23	1625	0	1686
29477	16	17	1651	32	0	1716
29478	1660	5	34	23	0	1722
29479	29	4	25	1691	0	1749
29480	26	9	8	1708	0	1751
29481	14	10	10	1707	0	1741
29482	13	1712	6	47	0	1778
29483	12	32	7	1668	0	1719
29484	9	1684	7	33	0	1733
29485	8	1738	6	29	0	1781
29486	1690	44	8	15	0	1757
29487	1558	20	7	17	0	1602
29488	1687	5	13	16	0	1721
29489	46	1655	8	10	0	1719
29490	1650	34	6	12	0	1702
29491	1678	16	8	16	0	1718
29492	49	5	11	1659	0	1724
29493	22	5	11	1681	0	1719
29494	10	2	1656	52	0	1720
29495	9	1669	34	29	0	1741
29496	1630	34	14	22	0	1700
29497	1656	19	8	25	0	1708
29498	40	1647	9	21	0	1717
29499	1689	39	6	13	0	1747
29500	1688	26	5	25	0	1744
29501	49	14	6	1675	0	1744
29502	30	1625	3	40	0	1698
29503	14	1673	5	25	0	1717
29504	1630	40	5	28	0	1703
29505	46	26	11	1609	0	1692
29506	24	22	1596	38	0	1680
29507	1558	8	28	36	0	1630
29508	37	13	1684	16	0	1750
29509	20	1659	31	19	0	1729
29510	1662	33	19	25	0	1739
29511	32	21	1679	21	0	1753
29512	28	24	33	1693	0	1778
29513	18	12	1766	40	0	1836
29514	19	1804	37	25	0	1885
29515	25	43	18	1804	0	1890
29516	21	28	1798	43	0	1890
29517	1693	15	30	37	0	1775
29518	40	1838	16	26	0	1920
29519	26	46	10	1793	0	1875
29520	15	1854	10	46	0	1925
29521	1821	36	16	29	0	1902
29522	1808	30	10	26	0	1874
29523	48	1843	15	19	0	1925
29524	25	32	19	1807	0	1883
29525	14	1857	15	38	0	1924
29526	1830	40	13	30	0	1913
29527	69	20	1795	20	0	1904
29528	27	18	1789	16	0	1850
29529	13	1793	44	20	0	1870
29530	13	1848	23	17	0	1901
29531	17	45	17	1801	0	1880
29532	1780	17	11	38	0	1846
29533	1803	16	17	25	0	1861
29534	1761	15	10	12	0	1798
29535	43	1815	9	21	0	1888
29536	25	31	7	1807	0	1870
29537	25	1823	10	35	0	1893
29538	1855	32	13	18	0	1918
29539	42	14	7	1840	0	1903
29540	20	13	1786	30	0	1849
29541	17	1763	25	16	0	1821
29542	1736	34	12	24	0	1806
29543	40	11	1740	13	0	1804
29544	1688	21	28	20	0	1757
29545	34	1710	16	21	0	1781
29546	10	1543	4	8	0	1565
29547	1492	16	9	7	0	1524
29548	12	1541	6	6	0	1565
29549	1481	19	1	6	0	1507
29550	17	1500	3	4	0	1524
29551	1526	14	2	6	0	1548
29552	1533	7	2	6	0	1548
29553	22	5	1527	1	0	1555
29554	8	9	1472	3	0	1492
29555	9	1524	11	6	0	1550
29556	1508	11	7	5	0	1531
29557	10	6	1477	4	0	1497
29558	1420	4	7	6	0	1437
29559	12	5	5	1422	0	1444
29560	4	5	1453	6	0	1468
29561	9	3	1378	5	0	1395
29562	4	4	1460	3	0	1471
29563	7	1472	12	2	0	1493
29564	13	11	12	1432	0	1468
29565	1413	2	2	4	0	1421
29566	3	3	2	1419	0	1427
29567	1461	2	0	5	0	1468
29568	4	1	1	1456	0	1462
29569	1478	1	1	6	0	1486
29570	1452	2	0	15	0	1469
29571	1641	0	1	4	0	1646
29572	12	1653	2	2	0	1669
29573	7	10	1682	0	0	1699
29574	5	5	13	1694	0	1717
29575	41	17	18	732	0	808
29576	3	3	3	1735	0	1744
29577	3	2	2	1713	0	1720
29578	3	1649	1	22	0	1675
29579	0	16	1625	8	0	1649
29580	2	1660	18	6	0	1686
29581	3	22	5	1539	0	1569
29582	3	8	5	1654	0	1670
29583	4	4	0	1669	0	1677
29584	5	5	2	1654	0	1666
29585	2	1613	2	26	0	1643
29586	3	1641	3	12	0	1659
29587	3	19	1611	8	0	1641
29588	4	6	16	1631	0	1657
29589	4	7	5	1635	0	1651
29590	4	2	5	1684	0	1695
29591	1700	4	4	28	0	1736
29592	15	1694	2	13	0	1724
29593	7	17	1676	8	0	1708
29594	1662	5	17	11	0	1695
29595	19	4	5	1687	0	1715
29596	1722	2	3	23	0	1750
29597	21	2	3	1737	0	1763
29598	1753	4	3	20	0	1780
29599	20	4	3	1730	0	1757
29600	1713	3	1	24	0	1741
29601	22	2	1735	13	0	1772
29602	14	2	15	1720	0	1751
29603	7	1764	5	19	0	1795
29604	6	17	4	1796	0	1823
29605	1782	7	2	23	0	1814
29606	17	1739	4	11	0	1771
29607	9	19	2	1824	0	1854
29608	4	1738	2	20	0	1764
29609	5	22	1	1775	0	1803
29610	8	8	0	1790	0	1806
29611	4	7	1726	27	0	1764
29612	5	7	20	1702	0	1734
29613	2	2	1625	25	0	1654
29614	2	1600	22	12	0	1636
29615	1602	18	9	10	0	1639
29616	18	6	1602	10	0	1636
29617	1556	7	18	8	0	1589
29618	1635	5	6	12	0	1658
29619	29	2	7	1645	0	1683
29620	13	3	1711	21	0	1748
29621	1670	2	20	14	0	1706
29622	1811	1	10	12	0	1834
29623	29	5	6	1766	0	1806
29624	16	0	5	1785	0	1806
29625	10	1804	2	31	0	1847
29626	8	23	2	1788	0	1821
29627	5	1812	6	25	0	1848
29628	5	22	1779	14	0	1820
29629	15	10	16	1754	0	1795
29630	1711	5	14	26	0	1756
29631	1743	3	7	12	0	1765
29632	26	1746	1	9	0	1782
29633	11	20	3	1762	0	1796
29634	1763	9	2	27	0	1801
29635	23	1709	3	12	0	1747
29636	1733	23	4	9	0	1769
29637	28	12	1	1825	0	1866
29638	1897	7	2	31	0	1937
29639	28	4	2121	15	0	2168
29640	12	2115	22	12	0	2161
29641	2152	25	10	9	0	2196
29642	26	2216	8	8	0	2258
29643	2246	31	4	11	0	2292
29644	2314	11	5	10	0	2340
29645	38	11	2323	8	0	2380
29646	26	8	26	2303	0	2363
29647	2353	7	9	34	0	2403
29648	39	7	2312	10	0	2368
29649	2316	3	29	14	0	2362
29650	40	7	11	2326	0	2384
29651	21	6	2303	32	0	2362
29652	15	4	27	2293	0	2339
29653	2228	3	16	37	0	2284
29654	43	4	2274	17	0	2338
29655	21	8	32	2249	0	2310
29656	17	6	18	2274	0	2315
29657	2291	5	8	47	0	2351
29658	2258	3	11	28	0	2300
29659	43	2269	13	14	0	2339
29660	22	29	8	2242	0	2301
29661	20	11	5	2255	0	2291
29662	17	12	8	2215	0	2252
29663	2188	7	6	48	0	2249
29664	2215	3	8	21	0	2247
29665	46	11	10	2159	0	2226
29666	20	2129	6	38	0	2193
29667	21	31	4	2072	0	2128
29668	21	2132	11	35	0	2199
29669	2091	34	7	21	0	2153
29670	39	2036	7	18	0	2100
29671	1908	19	8	16	0	1951
29672	31	16	7	1870	0	1924
29673	1869	5	3	28	0	1905
29674	30	11	1846	11	0	1898
29675	13	1882	21	20	0	1936
29676	1857	19	8	19	0	1903
29677	1850	8	5	22	0	1885
29678	34	6	9	1812	0	1861
29679	20	1810	8	21	0	1859
29680	16	15	4	1891	0	1926
29681	18	9	11	1878	0	1916
29682	14	7	3	1887	0	1911
29683	1875	6	1	39	0	1921
29684	1875	9	7	19	0	1910
29685	32	7	3	1836	0	1878
29686	24	1862	2	27	0	1915
29687	1888	12	7	27	0	1934
29688	22	12	1871	23	0	1928
29689	35	10	13	1870	0	1928
29690	22	9	1853	25	0	1909
29691	26	10	18	1820	0	1874
29692	10	7	1831	39	0	1887
29693	21	8	19	1822	0	1870
29694	1828	7	16	32	0	1883
29695	1821	13	10	25	0	1869
29696	35	1793	8	12	0	1848
29697	1836	15	5	17	0	1873
29698	33	13	10	1788	0	1844
29699	27	14	6	1825	0	1872
29700	1829	12	7	33	0	1881
29701	35	11	1745	24	0	1815
29702	24	12	1710	24	0	1770
29703	28	11	1694	20	0	1753
29704	1706	4	25	22	0	1757
29705	31	6	1741	26	0	1804
29706	28	13	1692	16	0	1749
29707	1652	6	26	19	0	1703
29708	32	1673	21	14	0	1740
29709	22	11	9	1706	0	1748
29710	26	9	11	1713	0	1759
29711	12	5	1718	30	0	1765
29712	1688	8	21	27	0	1744
29713	1714	5	14	22	0	1755
29714	1609	8	12	20	0	1649
29715	27	5	1710	22	0	1764
29716	1664	11	17	23	0	1715
29717	33	2	1648	18	0	1701
29718	24	1604	14	26	0	1668
29719	19	1651	11	18	0	1699
29720	1574	15	8	17	0	1614
29721	25	1532	12	13	0	1582
29722	18	1508	8	20	0	1554
29723	1495	24	9	14	0	1542
29724	31	1500	7	10	0	1548
29725	1462	17	12	17	0	1508
29726	23	15	11	1475	0	1524
29727	23	9	10	1483	0	1525
29728	19	12	7	1486	0	1524
29729	16	11	15	1461	0	1503
29730	16	1473	9	24	0	1522
29731	1495	14	7	15	0	1531
29732	25	1617	7	12	0	1661
29733	21	1710	6	16	0	1753
29734	17	22	1755	21	0	1815
29735	1724	15	27	26	0	1792
29736	35	9	1830	14	0	1888
29737	22	2	1901	12	0	1937
29738	11	1814	45	10	0	1880
29739	8	1841	15	6	0	1870
29740	1913	44	10	10	0	1977
29741	38	2032	3	6	0	2079
29742	13	37	1973	6	0	2029
29743	8	1907	40	6	0	1961
29744	4	41	1939	2	0	1986
29745	8	17	1889	1	0	1915
29746	1838	7	50	6	0	1901
29747	36	9	1891	3	0	1939
29748	18	11	44	1830	0	1903
29749	1793	8	24	41	0	1866
29750	38	1797	21	11	0	1867
29751	18	38	1827	5	0	1888
29752	1809	13	48	7	0	1877
29753	43	7	20	1734	0	1804
29754	21	1662	11	33	0	1727
29755	12	41	1765	17	0	1835
29756	1744	13	43	11	0	1811
29757	51	8	1762	3	0	1824
29758	22	6	49	1745	0	1822
29759	11	6	1741	44	0	1802
29760	11	6	53	1746	0	1816
29761	1719	2	19	45	0	1785
29762	46	1750	17	15	0	1828
29763	1769	38	10	15	0	1832
29764	50	13	1758	6	0	1827
29765	18	6	48	1788	0	1860
29766	13	7	1805	48	0	1873
29767	1777	8	45	21	0	1851
29768	1815	6	18	12	0	1851
29769	65	1811	11	6	0	1893
29770	1830	48	10	12	0	1900
29771	1860	16	12	6	0	1894
29772	72	8	11	1785	0	1876
29773	33	6	1780	50	0	1869
29774	24	1706	53	16	0	1799
29775	26	50	12	1738	0	1826
29776	1758	21	12	55	0	1846
29777	62	12	1752	24	0	1850
29778	28	11	1772	12	0	1823
29779	17	10	1737	20	0	1784
29780	1703	11	78	15	0	1807
29781	63	12	1737	8	0	1820
29782	1711	15	72	7	0	1805
29783	66	13	1556	3	0	1638
29784	36	1702	78	4	0	1820
29785	32	50	38	1674	0	1794
29786	25	19	1691	55	0	1790
29787	20	1606	75	21	0	1722
29788	20	1698	35	14	0	1767
29789	20	76	22	1670	0	1788
29790	1672	31	20	62	0	1785
29791	66	30	20	1676	0	1792
29792	1670	26	27	64	0	1787
29793	72	17	23	1675	0	1787
29794	34	20	1663	67	0	1784
29795	27	18	1689	30	0	1764
29796	1635	15	84	25	0	1759
29797	1663	10	44	23	0	1740
29798	79	14	1625	26	0	1744
29799	1590	10	79	26	0	1705
29800	79	16	1617	15	0	1727
29801	47	1508	83	13	0	1651
29802	39	1545	42	9	0	1635
29803	35	1562	33	16	0	1646
29804	37	69	30	1519	0	1655
29805	1523	37	28	62	0	1650
29806	1564	28	27	34	0	1653
29807	89	29	22	1509	0	1649
29808	44	25	1485	63	0	1617
29809	45	18	62	1485	0	1610
29810	35	18	1476	71	0	1600
29811	36	12	75	1480	0	1603
29812	1461	7	51	75	0	1594
29813	1517	10	30	37	0	1594
29814	1495	7	39	39	0	1580
29815	1505	20	29	28	0	1582
29816	96	17	28	1441	0	1582
29817	52	16	23	1488	0	1579
29818	1462	9	25	80	0	1576
29819	1506	9	23	34	0	1572
29820	108	7	18	1442	0	1575
29821	61	10	18	1484	0	1573
29822	44	10	19	1479	0	1552
29823	43	9	26	1488	0	1566
29824	1435	7	18	96	0	1556
29825	74	13	1409	57	0	1553
29826	41	16	58	1428	0	1543
29827	1417	10	28	82	0	1537
29828	79	9	1386	51	0	1525
29829	59	11	63	1392	0	1525
29830	34	8	1383	82	0	1507
29831	35	1327	70	43	0	1475
29832	47	38	39	1180	0	1304
29833	1096	13	35	58	0	1202
29834	65	16	33	999	0	1113
29835	38	932	25	58	0	1053
29836	27	886	20	36	0	969
29837	28	681	13	31	0	753
29838	29	654	15	20	0	718
29839	351	61	47	33	0	492
29840	32	22	9	233	0	296
29841	11	6	133	16	0	166
29842	6	5	21	123	0	155
29843	8	1	123	23	0	155
29844	119	2	21	13	0	155
29845	19	5	8	123	0	155
29846	10	1	5	136	0	152
29847	15	1	6	133	0	155
29848	10	3	3	140	0	156
29849	120	8	2	26	0	156
29850	123	8	1	17	0	149
29851	17	9	3	124	0	153
29852	126	7	1	19	0	153
29853	26	2	112	9	0	149
29854	10	104	14	14	0	142
29855	6	11	8	112	0	137
29856	7	2	6	109	0	124
29857	6	100	12	14	0	132
29858	9	13	4	105	0	131
29859	3	3	4	113	0	123
29860	100	2	1	22	0	125
29861	11	2	91	14	0	118
29862	6	1	86	17	0	110
29863	87	0	11	9	0	107
29864	18	2	81	3	0	104
29865	27	4	10	2	0	43
29866	33	0	3	1	0	37
29867	8	1	2	24	0	35
29868	2	1	27	2	0	32
29869	17	0	2	1	0	20
29870	2	17	1	0	0	20
29871	18	2	0	0	0	20
29872	33	1	0	2	0	36
29873	38	0	7	0	0	45
29874	68	0	0	0	0	68
29875	70	0	0	0	0	70
29876	73	0	0	0	0	73
29877	73	0	0	0	0	73
29878	67	0	0	0	0	67
29879	71	0	0	0	0	71
29880	71	0	0	0	0	71
29881	71	0	0	0	0	71
29882	64	0	0	0	0	64
29883	58	0	0	0	0	58
29884	58	0	0	0	0	58
29885	60	0	0	0	0	60
29886	73	0	0	0	0	73
29887	74	0	0	0	0	74
29888	66	0	0	0	0	66
29889	66	0	0	0	0	66
29890	64	0	0	0	0	64
29891	63	0	0	0	0	63
29892	71	0	0	0	0	71
29893	74	0	0	0	0	74
29894	71	0	0	0	0	71
29895	74	0	0	0	0	74
29896	75	0	0	0	0	75
29897	71	0	0	0	0	71
29898	69	0	0	0	0	69
29899	70	2	0	0	0	72
29900	71	0	0	0	0	71
29901	60	1	0	0	0	61
29902	47	0	2	0	0	49
29903	31	0	7	0	0	38
