Pos	A	C	G	T	Other	Total
1	0	0	0	0	0	0
2	0	0	0	0	0	0
3	0	0	0	0	0	0
4	0	0	0	0	0	0
5	0	0	0	0	0	0
6	0	0	0	0	0	0
7	0	0	0	0	0	0
8	0	0	0	0	0	0
9	0	0	0	0	0	0
10	0	0	0	0	0	0
11	0	0	0	0	0	0
12	4	0	0	0	0	4
13	0	0	0	14	0	14
14	66	0	0	2	0	68
15	0	106	0	0	0	106
16	1	218	1	0	0	220
17	4	0	1	796	0	801
18	0	0	0	883	0	883
19	1	1526	2	1	0	1530
20	0	1742	4	0	0	1746
21	0	2323	3	1	0	2327
22	2670	2	6	39	0	2717
23	0	6	2775	3	0	2784
24	5	8	2885	2	0	2900
25	3	3	1	3209	0	3216
26	3455	0	2	32	0	3489
27	3515	1	0	14	0	3530
28	2	3481	3	18	0	3504
29	4180	1	2	55	0	4238
30	4573	1	0	47	0	4621
31	4718	3	1	25	0	4747
32	2	4785	4	2	0	4793
33	3	4922	3	2	0	4930
34	5124	2	1	22	0	5149
35	5204	1	0	23	0	5228
36	4	5324	3	3	0	5334
37	4	5783	5	3	0	5795
38	5867	3	0	25	0	5895
39	5869	2	1	15	0	5887
40	6	5919	7	8	0	5940
41	6	2	0	6178	0	6186
42	3	2	2	6267	0	6274
43	0	0	0	6306	0	6306
44	0	6286	2	4	0	6292
45	3	16	6082	4	0	6105
46	5698	5	3	17	0	5723
47	5	1	3	6334	0	6343
48	2	6313	4	6	0	6325
49	5	3	1	6391	0	6400
50	1	6411	2	7	0	6421
51	2	5	1	6423	0	6431
52	5	2	0	6498	0	6505
53	3	17	6492	8	0	6520
54	7	0	3	6463	0	6473
55	6440	0	1	19	0	6460
56	7	11	6485	6	0	6509
57	6258	1	7	15	0	6281
58	8	0	3	6594	0	6605
59	4	6593	5	11	0	6613
60	3	8	0	6675	0	6686
61	3	6	6662	8	0	6679
62	2	2	7	6548	0	6559
63	4	2	3	6720	0	6729
64	2	6820	5	10	0	6837
65	5	8	1	6897	0	6911
66	2	6859	7	10	0	6878
67	2	10	4	6910	0	6926
68	6863	5	2	24	0	6894
69	6845	2	3	15	0	6865
70	6956	1	0	18	0	6975
71	25	7098	13	3	0	7139
72	7	21	6946	15	0	6989
73	6873	6	12	13	0	6904
74	7377	4	3	17	0	7401
75	19	7594	4	7	0	7624
76	11	23	3	6912	0	6949
77	7	15	1	6982	0	7005
78	10	3	3	6523	0	6539
79	6553	5	3	66	0	6627
80	6573	2	7	34	0	6616
81	6611	2	2	16	0	6631
82	6703	4	2	18	0	6727
83	58	4	4	6625	0	6691
84	24	6633	5	46	0	6708
85	10	38	3	6879	0	6930
86	15	32	6861	39	0	6947
87	13	8	37	6999	0	7057
88	11	20	7110	52	0	7193
89	14	2	50	7094	0	7160
90	11	7	7241	61	0	7320
91	16	18	7208	40	0	7282
92	8	7445	80	28	0	7561
93	22	61	34	7800	0	7917
94	16	38	8112	63	0	8229
95	15	6	63	7981	0	8065
96	9	8126	41	73	0	8249
97	8151	58	14	60	0	8283
98	61	8533	19	22	0	8635
99	49	74	6	8443	0	8572
100	16	8629	20	69	0	8734
101	20	75	8356	47	0	8498
102	24	55	8355	16	0	8450
103	10	8532	108	16	0	8666
104	16	68	38	8640	0	8762
105	26	46	8621	71	0	8764
106	5	8567	75	58	0	8705
107	8579	69	38	28	0	8714
108	69	38	22	8635	0	8764
109	49	19	8938	66	0	9072
110	14	8945	72	52	0	9083
111	14	68	40	8987	0	9109
112	11	46	14	9065	0	9136
113	8545	20	17	123	0	8705
114	68	25	8966	43	0	9102
115	44	19	67	8916	0	9046
116	21	19	8904	83	0	9027
117	8	8461	79	53	0	8601
118	8306	70	45	32	0	8453
119	72	8222	22	36	0	8352
120	44	79	12	7990	0	8125
121	11	7806	21	67	0	7905
122	7437	70	16	58	0	7581
123	65	7581	19	27	0	7692
124	48	77	7309	23	0	7457
125	22	7344	69	16	0	7451
126	7127	77	42	29	0	7275
127	79	67	7313	23	0	7482
128	43	21	75	7330	0	7469
129	6929	16	45	78	0	7068
130	88	18	16	6672	0	6794
131	6731	13	22	95	0	6861
132	6778	19	10	72	0	6879
133	128	22	14	6691	0	6855
134	69	15	7	6689	0	6780
135	6543	11	8	133	0	6695
136	6469	17	14	65	0	6565
137	136	14	10	6171	0	6331
138	6167	11	12	91	0	6281
139	6235	13	16	66	0	6330
140	116	6235	14	32	0	6397
141	70	75	15	6184	0	6344
142	6304	49	8	108	0	6469
143	6322	16	16	67	0	6421
144	135	15	17	6276	0	6443
145	71	11	13	6395	0	6490
146	6274	13	18	140	0	6445
147	87	6326	23	80	0	6516
148	69	77	10	6340	0	6496
149	41	52	6370	86	0	6549
150	42	18	73	6251	0	6384
151	29	6280	51	96	0	6456
152	33	98	6311	60	0	6502
153	32	52	77	6249	0	6410
154	37	21	50	6229	0	6337
155	37	30	6332	116	0	6515
156	5894	10	84	89	0	6077
157	77	6506	53	62	0	6698
158	6531	80	23	42	0	6676
159	98	65	6455	23	0	6641
160	62	32	6503	35	0	6632
161	6319	13	121	41	0	6494
162	93	6579	67	33	0	6772
163	6557	79	19	46	0	6701
164	79	6556	26	34	0	6695
165	76	86	6548	29	0	6739
166	6458	49	78	54	0	6639
167	91	23	6726	27	0	6867
168	76	15	79	6593	0	6763
169	6605	20	55	98	0	6778
170	6548	22	15	69	0	6654
171	121	6433	27	29	0	6610
172	67	152	26	6242	0	6487
173	33	6354	22	74	0	6483
174	29	80	6164	54	0	6327
175	38	82	77	5742	0	5939
176	21	5709	43	52	0	5825
177	22	63	13	5608	0	5706
178	4935	30	13	81	0	5059
179	59	13	17	5478	0	5567
180	34	5459	18	62	0	5573
181	26	47	10	5502	0	5585
182	18	39	15	5435	0	5507
183	20	5426	12	78	0	5536
184	28	61	14	5380	0	5483
185	19	31	5280	56	0	5386
186	15	5205	49	36	0	5305
187	4910	35	34	23	0	5002
188	46	26	5058	18	0	5148
189	38	14	4991	16	0	5059
190	20	4923	52	15	0	5010
191	42	49	38	4735	0	4864
192	15	27	4638	33	0	4713
193	14	4042	36	28	0	4120
194	18	22	15	4110	0	4165
195	16	14	9	4177	0	4216
196	4059	11	13	46	0	4129
197	28	4109	9	37	0	4183
198	25	28	3849	10	0	3912
199	12	26	3902	13	0	3953
200	16	9	37	3848	0	3910
201	17	8	25	5130	0	5180
202	14	4	12	5129	0	5159
203	3	5970	13	152	0	6138
204	13	102	6167	64	0	6346
205	30	77	105	6269	0	6481
206	4	6464	82	115	0	6665
207	13	6651	27	93	0	6784
208	21	191	6844	28	0	7084
209	13	106	126	6709	0	6954
210	17	40	7347	136	0	7540
211	10	12	171	7301	0	7494
212	27	14	112	7564	0	7717
213	16	12	7447	264	0	7739
214	6	7375	165	150	0	7696
215	7283	157	115	50	0	7605
216	156	120	7540	21	0	7837
217	106	7516	176	31	0	7829
218	25	7719	126	21	0	7891
219	22	264	7391	18	0	7695
220	7234	139	172	29	0	7574
221	178	41	120	6608	0	6947
222	114	7409	37	144	0	7704
223	7403	179	26	124	0	7732
224	165	125	24	7093	0	7407
225	113	7306	36	187	0	7642
226	7338	185	32	142	0	7697
227	166	133	7152	51	0	7502
228	117	7212	185	44	0	7558
229	7067	187	142	31	0	7427
230	153	7200	63	60	0	7476
231	7049	197	56	42	0	7344
232	177	147	39	6789	0	7152
233	119	6886	70	166	0	7241
234	43	178	41	7030	0	7292
235	6819	126	57	216	0	7218
236	156	71	6810	161	0	7198
237	128	58	6980	69	0	7235
238	71	39	287	6786	0	7183
239	36	54	170	6905	0	7165
240	42	61	60	6809	0	6972
241	34	6738	68	290	0	7130
242	39	181	6567	159	0	6946
243	45	148	181	6387	0	6761
244	41	6386	161	183	0	6771
245	48	6659	70	151	0	6928
246	58	275	6560	88	0	6981
247	59	191	6675	45	0	6970
248	57	110	6932	28	0	7127
249	79	65	289	6592	0	7025
250	44	68	6808	179	0	7099
251	70	79	207	6778	0	7134
252	69	60	6856	216	0	7201
253	6451	77	218	169	0	6915
254	234	6954	157	65	0	7410
255	149	7478	66	82	0	7775
256	93	327	7543	71	0	8034
257	7389	187	219	76	0	7871
258	7678	84	167	57	0	7986
259	7743	72	89	66	0	7970
260	389	65	7410	56	0	7920
261	180	62	7561	98	0	7901
262	89	71	355	7358	0	7873
263	7474	58	188	291	0	8011
264	7572	82	88	197	0	7939
265	335	57	7291	117	0	7800
266	7353	77	252	85	0	7767
267	259	77	210	7204	0	7750
268	148	74	7365	267	0	7854
269	65	75	7515	204	0	7859
270	7155	65	406	127	0	7753
271	211	50	7619	90	0	7970
272	7304	59	294	112	0	7769
273	253	66	7514	80	0	7913
274	162	7140	324	101	0	7727
275	97	7534	253	52	0	7936
276	93	360	129	7220	0	7802
277	76	228	125	7556	0	7985
278	83	105	7405	375	0	7968
279	90	72	310	7240	0	7712
280	103	7059	239	272	0	7673
281	105	7321	161	177	0	7764
282	116	7671	107	98	0	7992
283	109	364	119	7365	0	7957
284	116	211	7388	245	0	7960
285	102	116	7467	195	0	7880
286	121	88	400	7246	0	7855
287	143	67	242	7399	0	7851
288	131	66	134	6915	0	7246
289	130	7260	108	357	0	7855
290	7325	234	111	200	0	7870
291	7390	167	107	108	0	7772
292	391	7241	125	80	0	7837
293	257	241	7293	80	0	7871
294	7355	163	310	84	0	7912
295	319	91	7551	62	0	8023
296	7475	60	334	71	0	7940
297	7550	74	221	79	0	7924
298	7497	70	121	99	0	7787
299	7413	66	101	124	0	7704
300	383	7183	121	106	0	7793
301	5932	177	63	97	0	6269
302	207	5987	75	86	0	6355
303	4964	153	65	46	0	5228
304	173	4841	65	51	0	5130
305	95	129	4462	50	0	4736
306	51	357	168	3854	0	4430
307	30	4242	97	125	0	4494
308	32	4210	52	82	0	4376
309	3943	139	102	87	0	4271
310	3608	67	24	42	0	3741
311	125	3672	22	25	0	3844
312	67	73	29	3504	0	3673
313	30	3912	34	62	0	4038
314	3907	77	29	52	0	4065
315	92	51	3957	20	0	4120
316	70	42	88	3697	0	3897
317	47	14	52	3732	0	3845
318	34	21	38	3819	0	3912
319	33	32	3732	109	0	3906
320	41	3699	84	46	0	3870
321	31	3859	46	33	0	3969
322	33	110	32	3840	0	4015
323	31	48	3909	77	0	4065
324	36	30	72	3873	0	4011
325	29	24	57	4005	0	4115
326	34	27	30	3958	0	4049
327	37	31	18	3956	0	4042
328	3830	27	25	124	0	4006
329	82	3885	23	56	0	4046
330	3890	79	21	48	0	4038
331	85	60	3894	31	0	4070
332	53	39	3924	24	0	4040
333	51	28	102	3739	0	3920
334	29	32	54	3763	0	3878
335	25	3911	37	116	0	4089
336	25	88	3913	59	0	4085
337	22	3964	88	40	0	4114
338	36	91	3978	26	0	4131
339	3664	50	81	36	0	3831
340	80	4014	52	32	0	4178
341	53	82	4044	29	0	4208
342	37	50	84	3976	0	4147
343	39	35	4079	90	0	4243
344	35	4064	91	60	0	4250
345	40	86	50	3937	0	4113
346	26	4089	27	88	0	4230
347	31	98	4042	61	0	4232
348	36	47	78	3911	0	4072
349	3944	33	47	84	0	4108
350	85	3934	32	49	0	4100
351	66	79	3814	33	0	3992
352	37	62	66	3643	0	3808
353	25	29	3774	76	0	3904
354	19	28	3352	46	0	3445
355	16	3084	60	28	0	3188
356	41	41	27	2801	0	2910
357	14	31	12	2789	0	2846
358	15	30	5	2788	0	2838
359	11	10	2853	45	0	2919
360	12	8	2810	22	0	2852
361	2502	7	44	24	0	2577
362	26	10	2789	14	0	2839
363	2578	6	34	15	0	2633
364	32	2708	20	5	0	2765
365	29	32	9	2599	0	2669
366	11	2739	9	24	0	2783
367	3	2811	13	19	0	2846
368	7	37	2703	12	0	2759
369	4	33	35	2604	0	2676
370	7	16	2696	28	0	2747
371	3	10	2579	21	0	2613
372	2461	6	39	18	0	2524
373	27	8	2645	12	0	2692
374	15	6	2605	10	0	2636
375	2482	10	35	16	0	2543
376	26	12	2592	8	0	2638
377	13	7	2703	9	0	2732
378	14	12	40	2571	0	2637
379	7	2717	22	31	0	2777
380	4	28	13	2726	0	2771
381	4	16	8	2712	0	2740
382	2709	9	7	51	0	2776
383	28	10	6	2635	0	2679
384	15	2705	12	25	0	2757
385	2651	26	8	24	0	2709
386	25	19	2666	13	0	2723
387	2554	11	31	18	0	2614
388	29	10	2802	14	0	2855
389	15	7	2921	7	0	2950
390	6	3008	47	11	0	3072
391	3034	23	29	17	0	3103
392	25	3088	17	18	0	3148
393	24	34	3016	9	0	3083
394	13	23	31	2723	0	2790
395	6	3025	32	20	0	3083
396	3136	26	16	28	0	3206
397	3095	21	14	15	0	3145
398	46	3108	15	26	0	3195
399	3185	31	13	11	0	3240
400	34	30	7	3088	0	3159
401	24	3188	13	30	0	3255
402	13	33	12	3255	0	3313
403	13	25	9	3441	0	3488
404	3521	12	11	57	0	3601
405	3418	11	15	38	0	3482
406	3454	3	13	17	0	3487
407	62	8	3439	7	0	3516
408	3337	4	41	1	0	3383
409	41	20	28	3437	0	3526
410	22	11	3501	35	0	3569
411	10	7	3330	30	0	3377
412	6	3292	55	17	0	3370
413	2974	25	23	13	0	3035
414	25	3080	15	3	0	3123
415	21	25	4	3093	0	3143
416	11	22	4	3129	0	3166
417	6	11	3184	38	0	3239
418	15	3	25	3043	0	3086
419	6	5	3208	29	0	3248
420	7	5	3119	20	0	3151
421	4	3259	47	3	0	3313
422	7	18	19	3165	0	3209
423	4	19	14	3112	0	3149
424	3129	5	4	39	0	3177
425	20	2	3131	23	0	3176
426	18	4	19	3159	0	3200
427	3183	1	17	32	0	3233
428	25	3	3200	18	0	3246
429	3144	0	25	8	0	3177
430	3209	1	21	5	0	3236
431	42	8	3332	1	0	3383
432	20	1	25	3258	0	3304
433	8	1	18	3353	0	3380
434	5	5	3433	41	0	3484
435	3335	3	27	26	0	3391
436	3491	2	20	6	0	3519
437	3412	7	5	10	0	3434
438	3439	3	6	9	0	3457
439	3407	5	12	10	0	3434
440	45	12	2891	12	0	2960
441	23	3	3429	8	0	3463
442	5	3446	44	8	0	3503
443	6	28	3502	7	0	3543
444	10	49	25	3354	0	3438
445	14	20	25	2569	0	2628
446	12	10	5	3462	0	3489
447	14	3	9	3480	0	3506
448	12	7	3457	42	0	3518
449	13	3379	27	22	0	3441
450	13	3535	18	13	0	3579
451	12	35	9	3400	0	3456
452	9	3602	6	28	0	3645
453	3559	27	8	27	0	3621
454	3522	18	5	17	0	3562
455	47	3734	10	19	0	3810
456	23	27	9	3796	0	3855
457	10	15	10	3927	0	3962
458	13	6	3882	52	0	3953
459	3462	5	38	28	0	3533
460	3952	5	20	11	0	3988
461	53	3992	9	13	0	4067
462	4031	37	8	11	0	4087
463	42	24	4119	8	0	4193
464	26	4109	37	12	0	4184
465	10	4227	25	16	0	4278
466	10	4207	14	15	0	4246
467	19	59	8	4133	0	4219
468	4160	20	10	49	0	4239
469	49	6	12	4265	0	4332
470	37	6	4300	50	0	4393
471	23	8	42	4276	0	4349
472	21	9	4494	49	0	4573
473	12	11	54	4352	0	4429
474	25	10	30	4117	0	4182
475	16	4475	14	62	0	4567
476	4528	40	19	39	0	4626
477	48	27	13	4332	0	4420
478	34	4441	15	47	0	4537
479	4487	40	10	37	0	4574
480	4020	36	13	19	0	4088
481	4474	10	13	24	0	4521
482	61	4414	13	21	0	4509
483	32	44	4459	20	0	4555
484	16	29	47	4494	0	4586
485	29	24	34	4395	0	4482
486	17	4473	21	77	0	4588
487	25	49	4507	31	0	4612
488	12	22	4403	24	0	4461
489	4152	18	55	27	0	4252
490	49	30	23	4294	0	4396
491	25	6	4364	45	0	4440
492	14	4618	40	26	0	4698
493	21	35	24	4310	0	4390
494	9	4691	20	34	0	4754
495	21	40	4638	18	0	4717
496	4290	15	36	20	0	4361
497	4589	14	20	15	0	4638
498	51	4608	7	20	0	4686
499	28	40	9	4605	0	4682
500	18	24	4621	37	0	4700
501	23	4535	44	18	0	4620
502	4436	25	16	20	0	4497
503	29	4300	11	10	0	4350
504	12	4300	7	9	0	4328
505	24	36	6	4213	0	4279
506	2	4262	11	28	0	4303
507	4251	30	6	22	0	4309
508	39	17	0	4234	0	4290
509	13	11	4109	28	0	4161
510	11	11	4023	10	0	4055
511	10	10	32	4043	0	4095
512	7	4106	17	26	0	4156
513	4134	28	5	22	0	4189
514	27	10	10	4078	0	4125
515	13	21	4066	25	0	4125
516	12	7	27	4102	0	4148
517	7	17	14	4106	0	4144
518	4065	10	9	38	0	4122
519	33	7	6	3959	0	4005
520	22	16	3956	28	0	4022
521	10	8	3888	15	0	3921
522	6	8	34	3921	0	3969
523	5	11	16	3967	0	3999
524	9	11	3993	31	0	4044
525	3430	13	22	31	0	3496
526	25	32	3895	11	0	3963
527	14	3874	30	9	0	3927
528	12	20	14	3897	0	3943
529	9	17	3959	29	0	4014
530	12	10	3925	17	0	3964
531	10	8	30	3749	0	3797
532	3769	7	19	27	0	3822
533	25	13	3883	17	0	3938
534	13	3811	29	17	0	3870
535	3845	24	16	19	0	3904
536	30	14	3924	14	0	3982
537	3743	8	19	20	0	3790
538	3936	5	20	13	0	3974
539	30	4036	15	13	0	4094
540	21	24	7	3761	0	3813
541	13	3924	14	29	0	3980
542	11	26	3853	21	0	3911
543	3689	10	34	17	0	3750
544	3958	11	19	12	0	4000
545	38	11	3964	17	0	4030
546	23	12	3956	13	0	4004
547	12	4091	50	10	0	4163
548	4159	32	21	19	0	4231
549	41	13	20	4054	0	4128
550	20	15	12	3847	0	3894
551	12	4039	16	43	0	4110
552	3996	30	17	26	0	4069
553	36	24	4116	13	0	4189
554	35	9	33	4615	0	4692
555	4615	9	19	72	0	4715
556	57	4729	18	31	0	4835
557	28	55	5498	18	0	5599
558	22	23	5614	7	0	5666
559	24	44	108	5313	0	5489
560	11	5523	34	76	0	5644
561	15	80	5582	26	0	5703
562	7	34	84	5505	0	5630
563	5581	11	36	90	0	5718
564	93	17	5659	34	0	5803
565	45	30	91	5708	0	5874
566	16	15	5831	86	0	5948
567	16	10	5931	35	0	5992
568	19	42	135	5685	0	5881
569	27	11	5836	86	0	5960
570	4970	9	97	44	0	5120
571	90	6	5734	15	0	5845
572	5335	5	94	18	0	5452
573	97	5566	34	7	0	5704
574	5690	86	18	19	0	5813
575	84	5840	22	18	0	5964
576	41	91	9	5874	0	6015
577	23	26	9	6095	0	6153
578	7	10	5990	121	0	6128
579	10	16	6025	35	0	6086
580	21	8	127	6006	0	6162
581	10	11	6088	108	0	6217
582	13	12	109	5748	0	5882
583	9	5930	48	98	0	6085
584	20	6112	27	41	0	6200
585	19	120	26	6020	0	6185
586	22	43	21	6140	0	6226
587	9	12	6010	133	0	6164
588	18	13	105	5770	0	5906
589	14	5820	45	104	0	5983
590	12	5858	32	48	0	5950
591	17	5980	28	37	0	6062
592	25	123	30	5325	0	5503
593	12	5563	30	102	0	5707
594	5469	107	30	51	0	5657
595	108	38	33	5458	0	5637
596	44	20	5485	111	0	5660
597	20	18	116	5450	0	5604
598	17	34	5589	116	0	5756
599	21	16	5612	49	0	5698
600	18	15	5744	24	0	5801
601	23	5662	140	32	0	5857
602	16	111	5728	20	0	5875
603	5640	38	112	39	0	5829
604	5764	23	57	31	0	5875
605	5807	13	39	41	0	5900
606	132	18	27	5728	0	5905
607	5671	14	47	119	0	5851
608	112	5506	42	54	0	5714
609	43	5797	35	41	0	5916
610	5717	123	40	35	0	5915
611	114	51	5820	38	0	6023
612	43	42	115	5775	0	5975
613	22	36	5879	118	0	6055
614	22	27	5964	66	0	6079
615	12	5893	147	45	0	6097
616	30	115	61	5589	0	5795
617	22	53	39	5906	0	6020
618	5804	26	30	155	0	6015
619	103	5855	38	67	0	6063
620	49	5935	36	39	0	6059
621	30	142	5881	47	0	6100
622	19	6026	132	29	0	6206
623	5890	114	63	49	0	6116
624	5960	56	54	45	0	6115
625	130	34	6048	31	0	6243
626	45	29	6104	48	0	6226
627	31	27	170	5779	0	6007
628	27	28	83	5797	0	5935
629	28	5899	50	154	0	6131
630	32	133	50	5875	0	6090
631	36	53	47	5912	0	6048
632	39	5834	44	159	0	6076
633	54	99	46	5795	0	5994
634	31	49	48	5696	0	5824
635	23	5575	60	160	0	5818
636	36	111	5633	64	0	5844
637	43	50	146	5679	0	5918
638	5698	34	72	138	0	5942
639	5666	25	48	59	0	5798
640	148	45	5612	30	0	5835
641	5527	37	120	43	0	5727
642	5646	47	59	50	0	5802
643	142	5646	37	52	0	5877
644	59	125	5496	44	0	5724
645	30	63	5568	53	0	5714
646	47	66	144	5710	0	5967
647	5918	29	67	125	0	6139
648	6108	35	51	59	0	6253
649	158	33	40	6311	0	6542
650	6757	34	40	134	0	6965
651	6909	27	50	76	0	7062
652	6631	31	54	43	0	6759
653	168	47	6634	50	0	6899
654	54	35	6312	39	0	6440
655	5946	33	146	39	0	6164
656	101	15	6055	39	0	6210
657	43	5277	69	21	0	5410
658	33	77	85	5162	0	5357
659	9	39	5436	61	0	5545
660	12	13	5395	27	0	5447
661	20	39	84	5144	0	5287
662	17	5	5356	59	0	5437
663	24	4	5305	32	0	5365
664	12	4913	78	18	0	5021
665	4	5172	36	9	0	5221
666	5124	75	33	12	0	5244
667	57	25	11	5028	0	5121
668	5020	5	18	46	0	5089
669	53	12	4976	28	0	5069
670	28	4	52	4926	0	5010
671	9	8	30	5028	0	5075
672	4778	4	16	76	0	4874
673	42	4909	14	42	0	5007
674	28	46	4591	9	0	4674
675	18	25	4719	10	0	4772
676	7	4848	72	10	0	4937
677	7	49	4788	5	0	4849
678	13	4841	44	4	0	4902
679	7	4629	25	15	0	4676
680	18	64	4400	4	0	4486
681	4246	26	46	1	0	4319
682	37	6	22	4595	0	4660
683	22	4695	8	39	0	4764
684	15	34	6	4669	0	4724
685	4670	25	4	37	0	4736
686	4678	6	12	29	0	4725
687	4701	7	11	30	0	4749
688	59	12	4577	4	0	4652
689	32	5	44	4456	0	4537
690	8	4668	26	35	0	4737
691	4940	45	11	36	0	5032
692	44	24	14	4944	0	5026
693	36	7	10	4962	0	5015
694	11	4	12	5101	0	5128
695	8	21	4929	62	0	5020
696	4342	7	45	44	0	4438
697	52	4953	32	12	0	5049
698	37	41	11	4889	0	4978
699	22	24	9	4899	0	4954
700	4589	9	18	66	0	4682
701	49	6	4604	35	0	4694
702	31	17	4775	6	0	4829
703	23	4780	64	13	0	4880
704	21	44	4957	12	0	5034
705	4292	24	58	24	0	4398
706	43	4973	31	26	0	5073
707	35	47	4944	12	0	5038
708	4344	20	67	12	0	4443
709	56	25	5161	11	0	5253
710	30	5173	56	22	0	5281
711	18	44	35	5192	0	5289
712	18	27	16	5278	0	5339
713	20	15	5205	72	0	5312
714	15	21	5138	30	0	5204
715	11	5073	70	18	0	5172
716	4970	45	41	29	0	5085
717	58	5187	21	9	0	5275
718	42	54	17	5158	0	5271
719	17	31	5156	54	0	5258
720	4522	9	58	33	0	4622
721	55	14	43	5019	0	5131
722	38	4967	21	40	0	5066
723	13	5166	20	39	0	5238
724	18	71	17	5136	0	5242
725	14	33	21	5218	0	5286
726	5073	12	29	79	0	5193
727	52	24	16	5337	0	5429
728	35	27	5338	59	0	5459
729	5117	15	61	46	0	5239
730	5381	10	40	29	0	5460
731	75	18	5462	10	0	5565
732	5210	18	67	15	0	5310
733	64	9	37	5755	0	5865
734	39	20	13	5814	0	5886
735	19	21	13	5841	0	5894
736	24	15	13	5706	0	5758
737	11	5833	22	106	0	5972
738	5958	68	11	52	0	6089
739	6084	42	15	26	0	6167
740	102	17	6284	20	0	6423
741	6272	16	72	23	0	6383
742	6584	14	39	25	0	6662
743	6656	9	22	21	0	6708
744	6891	9	16	24	0	6940
745	119	6838	21	20	0	6998
746	51	77	5	6474	0	6607
747	20	39	6486	89	0	6634
748	24	19	6263	44	0	6350
749	5464	118	139	54	0	5775
750	5735	8	82	17	0	5842
751	76	5604	11	11	0	5702
752	5756	58	5	15	0	5834
753	67	5692	7	36	0	5802
754	41	62	3	5614	0	5720
755	5751	26	7	79	0	5863
756	5678	8	3	41	0	5730
757	5606	6	6	15	0	5633
758	91	5457	11	9	0	5568
759	5545	56	9	18	0	5628
760	83	28	7	5609	0	5727
761	5728	6	1	78	0	5813
762	87	7	5627	30	0	5751
763	37	5711	76	11	0	5835
764	5678	68	33	17	0	5796
765	81	33	5808	11	0	5933
766	33	13	71	5693	0	5810
767	23	10	5886	70	0	5989
768	16	11	5878	29	0	5934
769	26	10	95	5709	0	5840
770	28	14	6024	69	0	6135
771	32	6	73	5931	0	6042
772	30	10	29	6071	0	6140
773	6113	15	9	96	0	6233
774	85	6170	9	40	0	6304
775	34	6435	7	28	0	6504
776	31	6500	11	7	0	6549
777	38	105	6337	7	0	6487
778	28	35	78	6432	0	6573
779	27	23	6696	80	0	6826
780	6173	12	95	42	0	6322
781	6690	6	34	29	0	6759
782	107	6760	21	27	0	6915
783	53	87	13	6639	0	6792
784	26	6814	14	90	0	6944
785	6856	86	16	34	0	6992
786	91	37	16	6818	0	6962
787	40	22	6991	87	0	7140
788	23	6893	106	47	0	7069
789	23	85	6981	22	0	7111
790	16	31	91	6935	0	7073
791	20	22	6887	87	0	7016
792	6352	11	93	54	0	6510
793	92	27	6913	24	0	7056
794	40	6948	92	22	0	7102
795	28	92	33	6906	0	7059
796	30	37	17	6989	0	7073
797	6992	21	15	121	0	7149
798	7012	19	20	53	0	7104
799	110	6939	19	42	0	7110
800	48	87	6929	19	0	7083
801	31	42	6912	19	0	7004
802	6738	17	117	29	0	6901
803	105	24	7043	16	0	7188
804	50	25	6915	12	0	7002
805	26	24	6941	17	0	7008
806	31	20	6914	25	0	6990
807	21	6885	124	16	0	7046
808	6899	90	53	24	0	7066
809	100	38	26	6726	0	6890
810	6744	18	27	92	0	6881
811	99	6639	30	51	0	6819
812	6699	86	23	35	0	6843
813	103	6879	26	15	0	7023
814	51	93	22	6836	0	7002
815	20	7151	28	125	0	7324
816	29	100	7137	41	0	7307
817	32	7356	107	17	0	7512
818	40	102	41	8026	0	8209
819	8085	49	37	103	0	8274
820	116	22	24	8096	0	8258
821	59	34	8069	111	0	8273
822	36	19	111	7820	0	7986
823	30	8062	61	92	0	8245
824	29	99	8014	55	0	8197
825	7836	57	113	32	0	8038
826	114	33	62	8143	0	8352
827	8087	16	29	124	0	8256
828	8070	23	34	73	0	8200
829	142	8125	42	35	0	8344
830	8161	99	33	29	0	8322
831	8120	59	31	33	0	8243
832	143	8076	31	34	0	8284
833	59	98	42	8023	0	8222
834	51	50	14	7990	0	8105
835	24	7999	32	144	0	8199
836	27	111	24	8009	0	8171
837	26	58	7894	99	0	8077
838	32	37	96	7764	0	7929
839	37	21	7782	103	0	7943
840	25	20	7285	56	0	7386
841	16	7206	123	27	0	7372
842	18	7239	51	24	0	7332
843	18	7521	43	12	0	7594
844	95	123	44	6988	0	7250
845	16	44	7136	81	0	7277
846	6888	14	80	44	0	7026
847	97	10	35	7214	0	7356
848	34	24	7254	84	0	7396
849	12	17	7266	34	0	7329
850	15	7351	114	24	0	7504
851	17	88	36	7302	0	7443
852	7260	37	14	77	0	7388
853	71	7207	22	52	0	7352
854	34	7304	20	18	0	7376
855	17	7322	20	21	0	7380
856	28	98	13	7522	0	7661
857	13	7707	22	80	0	7822
858	20	82	18	8310	0	8430
859	24	40	18	8355	0	8437
860	15	32	8122	132	0	8301
861	6762	23	97	81	0	6963
862	97	21	8194	20	0	8332
863	52	43	95	8081	0	8271
864	22	32	8230	102	0	8386
865	12	8065	118	64	0	8259
866	8131	103	79	33	0	8346
867	102	60	20	7988	0	8170
868	72	25	14	8104	0	8215
869	8053	20	10	149	0	8232
870	7972	10	16	69	0	8067
871	8151	15	9	40	0	8215
872	148	17	8012	19	0	8196
873	7454	16	90	33	0	7593
874	89	7746	68	14	0	7917
875	51	7788	13	20	0	7872
876	22	136	12	7532	0	7702
877	16	58	9	7267	0	7350
878	12	7284	15	139	0	7450
879	30	94	5	7270	0	7399
880	6961	52	14	105	0	7132
881	89	18	7169	57	0	7333
882	57	7121	92	23	0	7293
883	6865	87	58	23	0	7033
884	78	7024	29	40	0	7171
885	46	97	7047	26	0	7216
886	55	54	90	6942	0	7141
887	21	35	6953	97	0	7106
888	12	6850	87	71	0	7020
889	20	97	58	6815	0	6990
890	21	60	6863	90	0	7034
891	19	26	6928	56	0	7029
892	27	19	127	6817	0	6990
893	6917	10	66	91	0	7084
894	6950	31	18	57	0	7056
895	6997	18	18	38	0	7071
896	139	28	7051	28	0	7246
897	61	7014	105	32	0	7212
898	37	103	54	7009	0	7203
899	36	62	21	6721	0	6840
900	14	6996	28	135	0	7173
901	6967	97	25	67	0	7156
902	103	59	15	7012	0	7189
903	62	26	6918	100	0	7106
904	26	6919	98	68	0	7111
905	6690	80	64	39	0	6873
906	85	6903	36	32	0	7056
907	71	101	18	6828	0	7018
908	34	55	33	6895	0	7017
909	31	28	24	6898	0	6981
910	32	32	6818	138	0	7020
911	41	38	89	6584	0	6752
912	29	6651	69	106	0	6855
913	24	6588	44	73	0	6729
914	41	137	6363	31	0	6572
915	5982	62	96	38	0	6178
916	6250	34	62	47	0	6393
917	134	6118	30	35	0	6317
918	5407	83	16	40	0	5546
919	5400	43	22	32	0	5497
920	110	5555	33	29	0	5727
921	74	85	18	5603	0	5780
922	28	63	5820	88	0	5999
923	31	43	5627	61	0	5762
924	5645	36	115	44	0	5840
925	84	5811	60	31	0	5986
926	83	95	29	5832	0	6039
927	35	50	17	5940	0	6042
928	33	22	22	5913	0	5990
929	5685	31	21	147	0	5884
930	119	22	15	5756	0	5912
931	74	21	28	5764	0	5887
932	29	30	5592	125	0	5776
933	5081	29	88	75	0	5273
934	95	5497	65	31	0	5688
935	5480	96	26	38	0	5640
936	88	5441	32	55	0	5616
937	60	92	27	5356	0	5535
938	5495	57	20	107	0	5679
939	5595	31	16	76	0	5718
940	128	22	5594	37	0	5781
941	5697	23	99	34	0	5853
942	110	30	5798	27	0	5965
943	72	31	5546	25	0	5674
944	33	37	5607	20	0	5697
945	31	27	5978	24	0	6060
946	27	54	153	6007	0	6241
947	27	31	6212	125	0	6395
948	28	29	117	6118	0	6292
949	6128	26	62	145	0	6361
950	121	33	31	6103	0	6288
951	5966	21	37	133	0	6157
952	121	5965	46	74	0	6206
953	92	124	20	5950	0	6186
954	47	86	5729	141	0	6003
955	34	6127	115	112	0	6388
956	59	138	65	5937	0	6199
957	20	81	5911	147	0	6159
958	17	5604	122	75	0	5818
959	14	5721	64	40	0	5839
960	37	167	5676	29	0	5909
961	23	81	145	5510	0	5759
962	27	30	5602	129	0	5788
963	5287	9	123	60	0	5479
964	5516	11	64	33	0	5624
965	157	5382	29	15	0	5583
966	5374	116	19	15	0	5524
967	129	59	7	5354	0	5549
968	66	24	5315	117	0	5522
969	5095	8	118	83	0	5304
970	129	11	5323	24	0	5487
971	62	5235	130	20	0	5447
972	5306	104	104	28	0	5542
973	127	56	27	5268	0	5478
974	64	26	5369	112	0	5571
975	5264	14	137	80	0	5495
976	5396	8	67	28	0	5499
977	5423	15	22	25	0	5485
978	185	11	16	5291	0	5503
979	78	6	18	5400	0	5502
980	31	12	5328	171	0	5542
981	15	5287	119	90	0	5511
982	21	110	66	5233	0	5430
983	23	58	26	5411	0	5518
984	16	31	5323	161	0	5531
985	17	17	5302	76	0	5412
986	19	10	175	5252	0	5456
987	5158	14	83	136	0	5391
988	114	5241	34	67	0	5456
989	5266	113	29	36	0	5444
990	121	5224	23	28	0	5396
991	68	121	5163	22	0	5374
992	35	68	5212	21	0	5336
993	4974	18	181	26	0	5199
994	5536	18	83	21	0	5658
995	190	5480	34	20	0	5724
996	89	134	5353	23	0	5599
997	50	70	142	5302	0	5564
998	42	28	71	5242	0	5383
999	22	5361	48	193	0	5624
1000	36	138	22	5440	0	5636
1001	26	80	5434	146	0	5686
1002	5266	26	141	89	0	5522
1003	5471	12	88	47	0	5618
1004	5506	17	38	34	0	5595
1005	5587	9	34	34	0	5664
1006	239	15	5340	20	0	5614
1007	5374	18	147	27	0	5566
1008	179	17	5406	26	0	5628
1009	94	5318	170	20	0	5602
1010	63	141	93	5336	0	5633
1011	5473	79	47	152	0	5751
1012	170	20	29	5803	0	6022
1013	94	24	5792	174	0	6084
1014	5763	24	163	98	0	6048
1015	6011	24	88	49	0	6172
1016	244	20	55	5860	0	6179
1017	128	21	36	6006	0	6191
1018	66	29	5868	230	0	6193
1019	44	5885	160	125	0	6214
1020	5725	153	98	57	0	6033
1021	174	78	5539	36	0	5827
1022	5313	40	153	33	0	5539
1023	182	5408	87	29	0	5706
1024	5378	150	38	34	0	5600
1025	169	5252	40	34	0	5495
1026	97	5295	39	34	0	5465
1027	72	202	38	5169	0	5481
1028	55	92	34	5346	0	5527
1029	55	41	22	5456	0	5574
1030	53	17	22	5471	0	5563
1031	41	26	5238	225	0	5530
1032	5143	22	154	105	0	5424
1033	5400	17	86	57	0	5560
1034	5494	19	44	42	0	5599
1035	247	20	31	5286	0	5584
1036	130	20	23	5372	0	5545
1037	5251	12	28	217	0	5508
1038	5323	17	39	105	0	5484
1039	5310	23	21	59	0	5413
1040	248	23	30	4981	0	5282
1041	110	34	17	4934	0	5095
1042	61	24	4744	193	0	5022
1043	42	16	4706	96	0	4860
1044	43	4611	184	43	0	4881
1045	4032	166	130	39	0	4367
1046	4043	64	53	37	0	4197
1047	4036	24	22	36	0	4118
1048	164	20	3960	24	0	4168
1049	3940	16	108	39	0	4103
1050	4050	14	57	29	0	4150
1051	4103	14	26	38	0	4181
1052	175	7	19	3944	0	4145
1053	87	13	13	4022	0	4135
1054	64	6	20	4028	0	4118
1055	31	13	3559	151	0	3754
1056	3287	8	78	69	0	3442
1057	95	3479	46	34	0	3654
1058	3090	61	18	17	0	3186
1059	92	3019	9	16	0	3136
1060	53	3089	15	16	0	3173
1061	40	82	5	3076	0	3203
1062	40	38	34	3007	0	3119
1063	22	3020	11	101	0	3154
1064	2970	66	14	42	0	3092
1065	3006	34	10	27	0	3077
1066	102	15	6	2936	0	3059
1067	48	12	2940	78	0	3078
1068	27	12	2891	42	0	2972
1069	28	7	3037	18	0	3090
1070	31	11	2991	12	0	3045
1071	2902	9	87	17	0	3015
1072	2912	4	32	16	0	2964
1073	94	6	12	2817	0	2929
1074	50	13	2780	69	0	2912
1075	33	18	61	2746	0	2858
1076	25	2795	34	68	0	2922
1077	30	3096	18	33	0	3177
1078	3171	75	7	35	0	3288
1079	3206	35	6	25	0	3272
1080	3214	19	12	24	0	3269
1081	94	10	14	3165	0	3283
1082	48	9	11	3233	0	3301
1083	35	18	12	3236	0	3301
1084	36	5	6	3262	0	3309
1085	27	16	3174	88	0	3305
1086	29	10	56	3202	0	3297
1087	3336	10	26	82	0	3454
1088	76	7	23	3355	0	3461
1089	42	8	16	3410	0	3476
1090	37	21	14	3354	0	3426
1091	25	3211	18	101	0	3355
1092	25	3210	12	44	0	3291
1093	17	3261	18	27	0	3323
1094	47	57	9	2952	0	3065
1095	23	23	4	2976	0	3026
1096	2992	7	6	67	0	3072
1097	3009	6	9	34	0	3058
1098	3011	8	5	25	0	3049
1099	68	9	7	2983	0	3067
1100	35	7	9	2942	0	2993
1101	29	2890	6	49	0	2974
1102	16	3004	5	31	0	3056
1103	2984	46	3	28	0	3061
1104	45	21	3	2955	0	3024
1105	2985	7	5	45	0	3042
1106	3013	7	7	33	0	3060
1107	53	4	6	2952	0	3015
1108	29	3085	15	38	0	3167
1109	3147	33	5	29	0	3214
1110	3240	15	3	19	0	3277
1111	50	12	3265	17	0	3344
1112	2955	3	16	10	0	2984
1113	20	2980	13	7	0	3020
1114	15	11	4	3111	0	3141
1115	3401	9	4	33	0	3447
1116	27	7	3	3437	0	3474
1117	21	4	1	3437	0	3463
1118	6	3444	6	33	0	3489
1119	3434	14	6	27	0	3481
1120	3469	13	1	8	0	3491
1121	31	3447	2	4	0	3484
1122	20	3620	2	5	0	3647
1123	3641	25	0	9	0	3675
1124	3619	17	1	11	0	3648
1125	28	11	3544	6	0	3589
1126	24	7	3381	1	0	3413
1127	8	4	3618	2	0	3632
1128	8	3	32	3647	0	3690
1129	4	2	17	3680	0	3703
1130	5	4	3695	29	0	3733
1131	3608	2	17	28	0	3655
1132	3821	3	14	16	0	3854
1133	3825	4	5	9	0	3843
1134	3824	1	3	12	0	3840
1135	39	6	4144	2	0	4191
1136	4116	0	18	16	0	4150
1137	4313	1	15	27	0	4356
1138	4350	5	4	12	0	4371
1139	4392	1	4	8	0	4405
1140	4387	2	3	11	0	4403
1141	35	8	4434	6	0	4483
1142	21	4449	19	4	0	4493
1143	14	18	14	4497	0	4543
1144	10	12	3	4590	0	4615
1145	9	12	4522	31	0	4574
1146	4189	4	13	27	0	4233
1147	26	3	13	4445	0	4487
1148	21	6	4544	17	0	4588
1149	13	8	4421	15	0	4457
1150	7	4735	30	6	0	4778
1151	10	14	17	4772	0	4813
1152	6	17	13	4793	0	4829
1153	11	6	2	4804	0	4823
1154	4795	3	2	37	0	4837
1155	21	2	4	4806	0	4833
1156	21	8	4787	20	0	4836
1157	16	15	4486	23	0	4540
1158	13	12	5131	15	0	5171
1159	16	6	29	5259	0	5310
1160	5303	0	19	28	0	5350
1161	19	6	5352	18	0	5395
1162	5207	5	16	15	0	5243
1163	5826	3	15	50	0	5894
1164	39	0	5	5956	0	6000
1165	29	1	7	5986	0	6023
1166	14	6025	9	42	0	6090
1167	14	27	5947	19	0	6007
1168	5743	14	22	18	0	5797
1169	24	8	14	6112	0	6158
1170	16	6156	12	19	0	6203
1171	17	20	3	6239	0	6279
1172	13	20	6241	23	0	6297
1173	10	7	18	6141	0	6176
1174	9	6156	22	21	0	6208
1175	8	15	7	6204	0	6234
1176	6122	12	7	44	0	6185
1177	20	8	8	6014	0	6050
1178	17	5892	8	31	0	5948
1179	12	5964	10	25	0	6011
1180	5819	28	10	27	0	5884
1181	24	26	5994	6	0	6050
1182	20	10	22	5938	0	5990
1183	18	12	17	6167	0	6214
1184	16	15	6260	36	0	6327
1185	9	6263	29	33	0	6334
1186	18	29	6272	12	0	6331
1187	12	30	26	6045	0	6113
1188	6	6237	20	34	0	6297
1189	6314	19	6	27	0	6366
1190	20	6316	11	17	0	6364
1191	11	6438	13	9	0	6471
1192	6443	31	11	25	0	6510
1193	6621	10	4	34	0	6669
1194	6679	5	0	31	0	6715
1195	42	5	4	6750	0	6801
1196	13	6	6800	29	0	6848
1197	6685	7	27	23	0	6742
1198	7130	8	8	26	0	7172
1199	49	3	3	7335	0	7390
1200	19	20	7357	42	0	7438
1201	6	7335	39	20	0	7400
1202	7285	38	13	20	0	7356
1203	7453	12	11	43	0	7519
1204	49	7527	5	12	0	7593
1205	15	7754	9	8	0	7786
1206	7773	46	1	13	0	7833
1207	7719	16	14	19	0	7768
1208	7604	7	52	15	0	7678
1209	53	4	5	7572	0	7634
1210	24	18	7703	43	0	7788
1211	13	2	37	7515	0	7567
1212	11	13	7643	44	0	7711
1213	4	7522	47	20	0	7593
1214	5	7536	19	21	0	7581
1215	27	50	6	7039	0	7122
1216	12	12	4	7245	0	7273
1217	9	7	3	7163	0	7182
1218	3	7256	7	40	0	7306
1219	7153	31	4	28	0	7216
1220	7089	10	6	27	0	7132
1221	39	7245	7	18	0	7309
1222	19	34	2	7073	0	7128
1223	14	7160	5	38	0	7217
1224	16	41	2	7147	0	7206
1225	6	7222	9	41	0	7278
1226	7256	36	6	32	0	7330
1227	40	10	3	7169	0	7222
1228	14	19	7065	38	0	7136
1229	6863	1	35	32	0	6931
1230	7039	4	14	30	0	7087
1231	42	19	7046	8	0	7115
1232	14	7	35	6977	0	7033
1233	14	22	7124	34	0	7194
1234	11	8	29	7154	0	7202
1235	7	22	6918	37	0	6984
1236	6565	4	37	29	0	6635
1237	42	13	8	6811	0	6874
1238	14	6883	9	35	0	6941
1239	7066	43	3	37	0	7149
1240	60	14	4	7179	0	7257
1241	24	6	3	7176	0	7209
1242	10	18	7095	66	0	7189
1243	17	6	54	7564	0	7641
1244	20	17	7818	72	0	7927
1245	13	13	8083	25	0	8134
1246	25	6	79	8280	0	8390
1247	12	18	8770	83	0	8883
1248	8482	14	83	42	0	8621
1249	10260	7	29	26	0	10322
1250	10330	7	15	22	0	10374
1251	172	11059	16	34	0	11281
1252	95	140	10	11167	0	11412
1253	52	85	7	10388	0	10532
1254	20	11358	18	192	0	11588
1255	11321	141	12	97	0	11571
1256	157	78	10	11299	0	11544
1257	79	36	11625	152	0	11892
1258	40	26	11093	89	0	11248
1259	22	10994	218	48	0	11282
1260	11092	145	93	61	0	11391
1261	153	91	11076	23	0	11343
1262	10335	24	152	49	0	10560
1263	166	10017	97	47	0	10327
1264	84	150	10461	21	0	10716
1265	41	85	10294	17	0	10437
1266	20	38	10684	22	0	10764
1267	30	10300	242	36	0	10608
1268	35	167	10454	18	0	10674
1269	10274	78	170	41	0	10563
1270	169	39	90	10158	0	10456
1271	100	25	42	10666	0	10833
1272	64	17	22	10792	0	10895
1273	39	20	21	10830	0	10910
1274	27	32	10663	256	0	10978
1275	49	18	161	10575	0	10803
1276	52	21	81	10675	0	10829
1277	10566	26	48	249	0	10889
1278	10777	11	43	130	0	10961
1279	10342	25	28	75	0	10470
1280	236	30	10457	43	0	10766
1281	111	10595	169	47	0	10922
1282	46	10993	96	35	0	11170
1283	10208	223	45	40	0	10516
1284	153	10671	54	33	0	10911
1285	109	184	36	10524	0	10853
1286	58	101	33	10697	0	10889
1287	41	65	10520	232	0	10858
1288	37	10374	181	124	0	10716
1289	42	166	10412	63	0	10683
1290	10150	101	180	62	0	10493
1291	10480	38	108	56	0	10682
1292	251	22	52	10380	0	10705
1293	134	26	38	10243	0	10441
1294	75	15	55	10240	0	10385
1295	73	25	27	10402	0	10527
1296	32	30	10191	271	0	10524
1297	60	48	177	9951	0	10236
1298	51	35	10125	216	0	10427
1299	43	38	9877	134	0	10092
1300	40	9845	259	66	0	10210
1301	9873	170	120	65	0	10228
1302	171	10142	73	50	0	10436
1303	136	205	55	9733	0	10129
1304	55	115	10292	189	0	10651
1305	9869	52	200	123	0	10244
1306	199	40	10208	70	0	10517
1307	10181	39	216	50	0	10486
1308	10336	34	126	66	0	10562
1309	297	35	67	10568	0	10967
1310	154	34	68	10461	0	10717
1311	95	35	46	10560	0	10736
1312	66	44	10221	313	0	10644
1313	9983	34	201	164	0	10382
1314	217	10155	138	92	0	10602
1315	153	180	73	9968	0	10374
1316	10248	119	54	221	0	10642
1317	10357	52	53	165	0	10627
1318	10457	49	57	94	0	10657
1319	330	54	10126	67	0	10577
1320	10293	64	213	88	0	10658
1321	10356	57	140	97	0	10650
1322	309	62	9466	118	0	9955
1323	171	53	10483	77	0	10784
1324	101	44	321	10375	0	10841
1325	79	49	10551	245	0	10924
1326	53	10137	304	160	0	10654
1327	77	10549	197	74	0	10897
1328	10284	302	100	67	0	10753
1329	255	10593	88	80	0	11016
1330	179	234	83	10516	0	11012
1331	10165	132	81	263	0	10641
1332	233	10496	96	167	0	10992
1333	156	233	81	10480	0	10950
1334	85	143	88	10607	0	10923
1335	84	72	10318	354	0	10828
1336	93	54	245	10336	0	10728
1337	75	61	10325	292	0	10753
1338	89	47	10248	191	0	10575
1339	103	30	297	9888	0	10318
1340	91	34	154	10039	0	10318
1341	9894	28	68	366	0	10356
1342	235	10587	88	214	0	11124
1343	176	230	65	10078	0	10549
1344	113	161	53	10117	0	10444
1345	9475	45	42	388	0	9950
1346	250	9213	63	206	0	9732
1347	169	8851	51	82	0	9153
1348	80	8585	52	72	0	8789
1349	29	7384	45	39	0	7497
1350	6332	201	152	46	0	6731
1351	6191	83	42	42	0	6358
1352	6084	25	21	37	0	6167
1353	6086	19	23	29	0	6157
1354	214	28	21	5830	0	6093
1355	91	28	5741	150	0	6010
1356	36	5687	141	90	0	5954
1357	44	137	71	5528	0	5780
1358	39	65	5534	152	0	5790
1359	42	25	143	5487	0	5697
1360	42	17	74	5529	0	5662
1361	31	20	5476	207	0	5734
1362	32	20	141	5458	0	5651
1363	40	25	71	5432	0	5568
1364	5544	32	28	200	0	5804
1365	5510	20	23	102	0	5655
1366	5509	30	21	58	0	5618
1367	5481	22	22	68	0	5593
1368	218	24	30	5280	0	5552
1369	100	33	26	5314	0	5473
1370	68	30	25	5286	0	5409
1371	5109	39	22	218	0	5388
1372	181	30	32	5167	0	5410
1373	110	41	11	5231	0	5393
1374	74	29	5008	205	0	5316
1375	60	27	141	4851	0	5079
1376	57	4876	78	160	0	5171
1377	50	5081	39	97	0	5267
1378	4917	195	25	56	0	5193
1379	168	89	4824	60	0	5141
1380	89	4725	146	50	0	5010
1381	4674	133	110	54	0	4971
1382	166	71	35	4700	0	4972
1383	85	33	4703	171	0	4992
1384	66	29	140	4599	0	4834
1385	34	4838	78	164	0	5114
1386	4868	132	36	107	0	5143
1387	153	5022	39	63	0	5277
1388	5016	145	34	65	0	5260
1389	5098	72	27	56	0	5253
1390	232	24	39	5031	0	5326
1391	108	37	28	4948	0	5121
1392	52	4984	33	248	0	5317
1393	5070	137	21	116	0	5344
1394	171	78	5004	51	0	5304
1395	4802	44	126	50	0	5022
1396	4788	18	76	58	0	4940
1397	193	27	4575	66	0	4861
1398	95	55	114	4320	0	4584
1399	4365	23	68	158	0	4614
1400	134	34	4345	90	0	4603
1401	76	24	4280	60	0	4440
1402	3956	35	174	49	0	4214
1403	125	3929	82	37	0	4173
1404	70	3758	35	39	0	3902
1405	60	162	24	3680	0	3926
1406	50	70	3652	112	0	3884
1407	3463	31	101	84	0	3679
1408	124	30	3615	41	0	3810
1409	68	3281	102	31	0	3482
1410	3266	106	63	30	0	3465
1411	124	62	22	3229	0	3437
1412	3289	29	22	121	0	3461
1413	119	21	3194	80	0	3414
1414	75	20	97	3097	0	3289
1415	45	3202	53	112	0	3412
1416	37	112	28	3191	0	3368
1417	52	59	21	3264	0	3396
1418	52	32	3241	131	0	3456
1419	45	3175	102	72	0	3394
1420	50	3183	63	39	0	3335
1421	49	121	3089	30	0	3289
1422	2890	37	92	31	0	3050
1423	3029	16	67	33	0	3145
1424	151	22	27	2880	0	3080
1425	2838	16	23	87	0	2964
1426	96	2729	36	57	0	2918
1427	58	2873	22	39	0	2992
1428	2862	123	16	34	0	3035
1429	94	52	28	2831	0	3005
1430	2915	18	21	110	0	3064
1431	2990	16	19	67	0	3092
1432	127	27	19	2897	0	3070
1433	67	27	2851	90	0	3035
1434	2815	28	81	56	0	2980
1435	2916	26	50	21	0	3013
1436	151	30	19	2773	0	2973
1437	63	2811	29	94	0	2997
1438	38	96	18	2866	0	3018
1439	35	49	2810	100	0	2994
1440	21	24	2776	74	0	2895
1441	31	2723	106	38	0	2898
1442	52	31	30	1873	0	1986
1443	11	18	4	1940	0	1973
1444	8	8	1932	36	0	1984
1445	1857	6	30	28	0	1921
1446	1959	9	16	8	0	1992
1447	1968	9	6	12	0	1995
1448	1930	6	4	9	0	1949
1449	47	1867	11	10	0	1935
1450	26	1937	8	6	0	1977
1451	1998	44	3	12	0	2057
1452	43	21	6	2041	0	2111
1453	25	12	4	2111	0	2152
1454	17	2120	5	55	0	2197
1455	10	43	9	2141	0	2203
1456	16	16	9	2128	0	2169
1457	14	2102	8	58	0	2182
1458	9	45	2108	28	0	2190
1459	11	21	36	2125	0	2193
1460	2121	10	20	48	0	2199
1461	2138	3	12	27	0	2180
1462	59	7	2112	11	0	2189
1463	30	9	2052	11	0	2102
1464	19	7	2052	10	0	2088
1465	16	5	57	1986	0	2064
1466	14	7	2009	44	0	2074
1467	16	9	2024	19	0	2068
1468	9	10	53	1943	0	2015
1469	11	2004	30	39	0	2084
1470	27	45	2007	25	0	2104
1471	7	2085	38	18	0	2148
1472	2031	52	18	18	0	2119
1473	36	2038	7	20	0	2101
1474	22	34	8	2015	0	2079
1475	2013	19	9	42	0	2083
1476	46	11	10	2019	0	2086
1477	25	7	4	2048	0	2084
1478	19	12	2033	51	0	2115
1479	10	1972	36	25	0	2043
1480	11	2035	25	8	0	2079
1481	18	45	22	1931	0	2016
1482	14	15	9	1936	0	1974
1483	14	6	9	1880	0	1909
1484	4	7	1775	47	0	1833
1485	2	5	1709	18	0	1734
1486	1502	4	44	15	0	1565
1487	28	7	1664	6	0	1705
1488	11	3	1666	9	0	1689
1489	6	1625	45	10	0	1686
1490	13	29	22	1588	0	1652
1491	13	15	1588	28	0	1644
1492	11	7	36	1554	0	1608
1493	6	7	1609	34	0	1656
1494	8	4	36	1599	0	1647
1495	7	3	1722	45	0	1777
1496	5	3	44	1701	0	1753
1497	8	6	18	1703	0	1735
1498	6	1804	7	40	0	1857
1499	8	29	3	1822	0	1862
1500	5	1838	8	41	0	1892
1501	5	39	8	1872	0	1924
1502	7	22	5	1891	0	1925
1503	1830	8	7	47	0	1892
1504	34	11	3	1846	0	1894
1505	20	5	1784	45	0	1854
1506	13	5	37	1798	0	1853
1507	3	4	17	1842	0	1866
1508	11	6	1788	55	0	1860
1509	14	5	1776	20	0	1815
1510	5	6	47	1736	0	1794
1511	5	5	25	1803	0	1838
1512	6	8	1791	53	0	1858
1513	3	1761	37	31	0	1832
1514	2	1826	28	16	0	1872
1515	1765	41	17	18	0	1841
1516	37	19	10	1771	0	1837
1517	1776	6	6	49	0	1837
1518	1745	6	15	23	0	1789
1519	38	1730	10	18	0	1796
1520	1719	34	7	17	0	1777
1521	1743	12	10	12	0	1777
1522	41	8	1715	12	0	1776
1523	18	4	35	1697	0	1754
1524	9	4	1770	38	0	1821
1525	4	4	41	1785	0	1834
1526	4	8	1783	42	0	1837
1527	4	1648	39	18	0	1709
1528	1	1680	13	17	0	1711
1529	11	37	13	1622	0	1683
1530	1608	10	4	34	0	1656
1531	27	9	4	1579	0	1619
1532	8	5	6	1584	0	1603
1533	9	4	1607	39	0	1659
1534	4	2	1603	20	0	1629
1535	4	7	1630	13	0	1654
1536	6	1	40	1591	0	1638
1537	4	3	15	1542	0	1564
1538	2	1609	8	41	0	1660
1539	3	1654	10	18	0	1685
1540	1618	35	9	14	0	1676
1541	28	1641	11	10	0	1690
1542	11	32	1595	7	0	1645
1543	9	8	30	1572	0	1619
1544	5	9	1642	31	0	1687
1545	1	1642	33	16	0	1692
1546	8	29	15	1691	0	1743
1547	1618	11	6	39	0	1674
1548	34	4	1672	16	0	1726
1549	10	1662	30	15	0	1717
1550	5	23	1702	11	0	1741
1551	3	1643	30	6	0	1682
1552	10	53	21	1524	0	1608
1553	1532	11	5	24	0	1572
1554	1518	4	5	15	0	1542
1555	23	1500	6	12	0	1541
1556	1514	17	5	16	0	1552
1557	20	9	7	1513	0	1549
1558	1498	8	10	23	0	1539
1559	23	7	1541	11	0	1582
1560	11	6	1558	10	0	1585
1561	10	4	35	1498	0	1547
1562	11	3	10	1573	0	1597
1563	5	5	1551	38	0	1599
1564	9	4	25	1568	0	1606
1565	1575	5	14	32	0	1626
1566	1576	6	13	11	0	1606
1567	30	1532	11	11	0	1584
1568	6	1551	7	10	0	1574
1569	1527	26	6	14	0	1573
1570	34	8	9	1474	0	1525
1571	1453	11	4	28	0	1496
1572	28	1468	6	9	0	1511
1573	1486	27	6	9	0	1528
1574	30	12	1471	4	0	1517
1575	7	6	1501	8	0	1522
1576	9	5	31	1499	0	1544
1577	7	7	1519	26	0	1559
1578	8	5	26	1475	0	1514
1579	9	4	9	1495	0	1517
1580	8	5	1558	29	0	1600
1581	10	8	30	1567	0	1615
1582	9	2	8	1737	0	1756
1583	1	8	1799	40	0	1848
1584	8	13	1767	13	0	1801
1585	1721	3	41	12	0	1777
1586	36	3	1830	4	0	1873
1587	1872	6	32	9	0	1919
1588	2005	2	14	12	0	2033
1589	52	3	2036	10	0	2101
1590	17	3	2106	5	0	2131
1591	15	18	50	2004	0	2087
1592	5	0	16	1991	0	2012
1593	2	2025	12	45	0	2084
1594	2	2102	7	17	0	2128
1595	2	47	1985	8	0	2042
1596	1897	21	43	9	0	1970
1597	2005	3	12	11	0	2031
1598	53	4	1889	9	0	1955
1599	19	3	1931	8	0	1961
1600	14	6	51	1819	0	1890
1601	5	1919	16	40	0	1980
1602	5	42	6	1930	0	1983
1603	10	11	4	2004	0	2029
1604	1974	11	2	50	0	2037
1605	2004	4	4	21	0	2033
1606	49	3	7	1983	0	2042
1607	15	5	1977	47	0	2044
1608	1914	1	40	19	0	1974
1609	42	2029	22	15	0	2108
1610	2069	42	13	6	0	2130
1611	2014	8	5	11	0	2038
1612	43	2034	9	10	0	2096
1613	15	2069	9	10	0	2103
1614	10	49	5	2069	0	2133
1615	5	15	10	2090	0	2120
1616	7	2059	8	50	0	2124
1617	10	44	4	2063	0	2121
1618	12	15	9	2134	0	2170
1619	10	13	2104	52	0	2179
1620	2076	4	43	23	0	2146
1621	2178	1	21	10	0	2210
1622	2195	3	14	8	0	2220
1623	61	3	8	2107	0	2179
1624	2061	2	8	47	0	2118
1625	44	2034	10	22	0	2110
1626	18	41	7	1926	0	1992
1627	13	2009	9	38	0	2069
1628	11	2064	10	15	0	2100
1629	2068	49	9	13	0	2139
1630	2113	14	6	12	0	2145
1631	2113	10	8	4	0	2135
1632	2102	4	13	6	0	2125
1633	2077	5	10	6	0	2098
1634	64	6	1980	7	0	2057
1635	2007	8	45	11	0	2071
1636	55	11	2044	9	0	2119
1637	1998	8	46	13	0	2065
1638	2056	6	16	14	0	2092
1639	2050	5	13	13	0	2081
1640	60	8	2120	12	0	2200
1641	27	5	50	2026	0	2108
1642	19	2169	27	35	0	2250
1643	2212	43	14	11	0	2280
1644	2201	14	11	15	0	2241
1645	64	2257	8	14	0	2343
1646	2257	39	6	15	0	2317
1647	56	15	11	2172	0	2254
1648	16	2211	11	46	0	2284
1649	2210	39	6	27	0	2282
1650	2226	19	6	20	0	2271
1651	61	13	9	2211	0	2294
1652	2225	8	14	44	0	2291
1653	63	5	13	2215	0	2296
1654	34	1	10	2262	0	2307
1655	26	9	2214	53	0	2302
1656	16	12	48	2197	0	2273
1657	15	8	18	2246	0	2287
1658	13	14	2223	56	0	2306
1659	17	16	2258	23	0	2314
1660	15	9	48	2266	0	2338
1661	13	10	2284	42	0	2349
1662	2117	6	48	20	0	2191
1663	47	2307	18	21	0	2393
1664	25	38	15	2342	0	2420
1665	22	14	9	2395	0	2440
1666	17	12	4	2413	0	2446
1667	2390	7	3	53	0	2453
1668	2386	6	3	30	0	2425
1669	2429	8	3	21	0	2461
1670	62	2413	8	10	0	2493
1671	37	45	4	2437	0	2523
1672	27	15	2	2473	0	2517
1673	2437	15	4	50	0	2506
1674	2448	10	1	23	0	2482
1675	55	11	2	2420	0	2488
1676	31	12	2451	43	0	2537
1677	2435	8	39	26	0	2508
1678	2525	5	14	25	0	2569
1679	60	8	2532	10	0	2610
1680	2409	3	34	17	0	2463
1681	52	6	2498	14	0	2570
1682	2366	4	41	13	0	2424
1683	48	21	17	2382	0	2468
1684	26	2627	7	36	0	2696
1685	29	49	2748	16	0	2842
1686	14	2745	44	17	0	2820
1687	18	2615	15	4	0	2652
1688	2685	37	8	19	0	2749
1689	45	11	8	2630	0	2694
1690	8	4	0	2611	0	2623
1691	2728	1	1	36	0	2766
1692	31	1	2	2766	0	2800
1693	8	3	1	2799	0	2811
1694	11	2	3	2792	0	2808
1695	3	3	2	2783	0	2791
1696	6	7	2757	31	0	2801
1697	5	3	2694	8	0	2710
1698	6	2714	30	6	0	2756
1699	2733	24	6	12	0	2775
1700	31	5	2	2785	0	2823
1701	8	2709	6	27	0	2750
1702	7	29	2	2925	0	2963
1703	7	4	4	2938	0	2953
1704	3	3	4	2946	0	2956
1705	8	5	1	2956	0	2970
1706	8	3	3	2964	0	2978
1707	7	2918	4	27	0	2956
1708	7	23	0	2972	0	3002
1709	4	10	2860	27	0	2901
1710	2	2873	27	11	0	2913
1711	4	22	4	2931	0	2961
1712	4	13	1	2925	0	2943
1713	6	2880	1	26	0	2913
1714	5	2905	1	11	0	2922
1715	2853	27	3	8	0	2891
1716	24	2861	3	3	0	2891
1717	2837	20	0	10	0	2867
1718	2821	4	2	15	0	2842
1719	25	6	3021	5	0	3057
1720	6	4	20	2935	0	2965
1721	2	4	3086	30	0	3122
1722	3	3285	29	9	0	3326
1723	10	25	14	3146	0	3195
1724	13	8	1	3332	0	3354
1725	8	3	2	3350	0	3363
1726	8	2	2	3401	0	3413
1727	5	6	3416	33	0	3460
1728	5	5	24	3445	0	3479
1729	4	7	3434	35	0	3480
1730	4	5	3427	13	0	3449
1731	3223	4	28	20	0	3275
1732	3486	4	7	15	0	3512
1733	3520	2	4	16	0	3542
1734	32	3472	6	9	0	3519
1735	12	27	3	3494	0	3536
1736	4	9	3559	37	0	3609
1737	6	3	27	3571	0	3607
1738	3	7	3721	30	0	3761
1739	3643	3	23	17	0	3686
1740	3641	2	9	16	0	3668
1741	3658	5	3	8	0	3674
1742	40	5	3538	6	0	3589
1743	16	11	3561	6	0	3594
1744	8	39	34	3586	0	3667
1745	2	2	9	3644	0	3657
1746	7	1	3	3701	0	3712
1747	4	4	3717	35	0	3760
1748	5	5	3553	12	0	3575
1749	3604	4	31	12	0	3651
1750	28	1	11	3776	0	3816
1751	9	5	4	3817	0	3835
1752	3854	2	5	41	0	3902
1753	27	3	3	3882	0	3915
1754	4099	3	4	55	0	4161
1755	4245	4	3	29	0	4281
1756	4214	2	3	17	0	4236
1757	35	7	4274	6	0	4322
1758	12	4269	25	8	0	4314
1759	4452	22	5	27	0	4506
1760	31	9	4	4500	0	4544
1761	15	2	4	4484	0	4505
1762	7	4512	9	39	0	4567
1763	4528	24	5	20	0	4577
1764	4528	11	1	16	0	4556
1765	4577	2	4	14	0	4597
1766	28	4629	4	7	0	4668
1767	4770	22	5	21	0	4818
1768	4816	7	3	14	0	4840
1769	4826	2	3	15	0	4846
1770	35	6	0	4730	0	4771
1771	14	2	4	4789	0	4809
1772	10	5	4934	32	0	4981
1773	8	3	29	4856	0	4896
1774	9	3	11	4985	0	5008
1775	9	14	4954	33	0	5010
1776	4697	3	22	23	0	4745
1777	4935	0	9	19	0	4963
1778	35	5	5	4891	0	4936
1779	9	4830	5	30	0	4874
1780	9	4887	5	16	0	4917
1781	6	23	6	4861	0	4896
1782	10	14	4729	25	0	4778
1783	14	2	20	4599	0	4635
1784	3	11	4522	16	0	4552
1785	5	9	4626	6	0	4646
1786	4	5	13	4757	0	4779
1787	4817	0	7	22	0	4846
1788	4768	1	0	20	0	4789
1789	19	0	1	4914	0	4934
1790	12	2	1	4976	0	4991
1791	6	1	4	4920	0	4931
1792	4	2	4	4947	0	4957
1793	4949	0	1	31	0	4981
1794	4957	1	5	20	0	4983
1795	4972	2	2	17	0	4993
1796	16	7	4973	3	0	4999
1797	14	0	5	4952	0	4971
1798	4	0	6	5062	0	5072
1799	5025	2	2	15	0	5044
1800	7	4952	5	11	0	4975
1801	4966	6	3	21	0	4996
1802	4900	7	4	13	0	4924
1803	4848	3	2	15	0	4868
1804	4877	1	3	9	0	4890
1805	20	9	5158	3	0	5190
1806	12	18	4852	1	0	4883
1807	5324	2	10	15	0	5351
1808	5394	0	7	17	0	5418
1809	5425	0	2	22	0	5449
1810	5626	3	4	14	0	5647
1811	28	13	5850	3	0	5894
1812	14	6066	31	29	0	6140
1813	33	32	11	6353	0	6429
1814	6766	13	4	86	0	6869
1815	6979	4	0	29	0	7012
1816	7198	4	2	27	0	7231
1817	7330	4	3	17	0	7354
1818	7351	3	3	25	0	7382
1819	7022	6	13	16	0	7057
1820	71	6	6520	8	0	6605
1821	33	8	6811	2	0	6854
1822	25	0	52	6642	0	6719
1823	14	7	6804	45	0	6870
1824	10	6699	44	37	0	6790
1825	10	6864	24	10	0	6908
1826	7	56	7	7015	0	7085
1827	8	22	7417	45	0	7492
1828	6	17	7137	20	0	7180
1829	7097	4	63	20	0	7184
1830	8028	5	20	14	0	8067
1831	93	7	8	8109	0	8217
1832	8198	4	9	96	0	8307
1833	88	4	9	8212	0	8313
1834	47	1	9	8262	0	8319
1835	18	15	8350	115	0	8498
1836	22	8	8190	45	0	8265
1837	16	6	109	8221	0	8352
1838	18	18	8222	88	0	8346
1839	7805	5	88	53	0	7951
1840	8341	1	36	29	0	8407
1841	122	8503	20	14	0	8659
1842	8610	78	11	22	0	8721
1843	112	39	8447	5	0	8603
1844	8347	7	96	20	0	8470
1845	8559	7	42	23	0	8631
1846	8639	3	18	25	0	8685
1847	144	8	14	8290	0	8456
1848	54	8407	14	94	0	8569
1849	8485	89	15	51	0	8640
1850	8521	42	13	22	0	8598
1851	149	10	14	8559	0	8732
1852	8536	8	14	130	0	8688
1853	127	8679	25	58	0	8889
1854	74	109	13	8553	0	8749
1855	41	62	8391	133	0	8627
1856	7371	13	137	84	0	7605
1857	145	19	8431	29	0	8624
1858	71	8	132	8561	0	8772
1859	26	8446	68	148	0	8688
1860	25	9364	41	59	0	9489
1861	34	193	28	9341	0	9596
1862	34	9645	35	159	0	9873
1863	56	186	26	12577	0	12845
1864	65	84	23	13012	0	13184
1865	49	38	26	13189	0	13302
1866	12537	37	9	411	0	12994
1867	323	19	19	12898	0	13259
1868	177	22	12635	313	0	13147
1869	84	12656	269	174	0	13183
1870	12744	266	124	83	0	13217
1871	331	127	31	12766	0	13255
1872	191	35	28	12942	0	13196
1873	85	27	33	13143	0	13288
1874	79	31	12642	433	0	13185
1875	44	12640	293	189	0	13166
1876	12761	275	134	102	0	13272
1877	302	159	53	11932	0	12446
1878	146	12774	51	293	0	13264
1879	12745	293	47	170	0	13255
1880	309	160	12687	74	0	13230
1881	12575	56	306	61	0	12998
1882	331	52	12930	63	0	13376
1883	190	47	12936	70	0	13243
1884	78	12804	404	81	0	13367
1885	90	292	162	12290	0	12834
1886	76	179	12378	325	0	12958
1887	57	12006	318	207	0	12588
1888	72	293	168	11815	0	12348
1889	36	12082	94	320	0	12532
1890	59	322	11950	181	0	12512
1891	53	158	315	11897	0	12423
1892	60	74	12098	353	0	12585
1893	68	82	328	11930	0	12408
1894	97	52	153	12185	0	12487
1895	56	54	11930	470	0	12510
1896	88	52	320	11973	0	12433
1897	11640	35	180	396	0	12251
1898	329	11799	85	251	0	12464
1899	196	311	11853	134	0	12494
1900	11608	165	320	133	0	12226
1901	356	70	172	11428	0	12026
1902	196	11851	93	324	0	12464
1903	12018	323	70	216	0	12627
1904	12221	180	84	127	0	12612
1905	465	99	75	11498	0	12137
1906	240	78	56	11758	0	12132
1907	98	78	83	11882	0	12141
1908	99	76	65	11727	0	11967
1909	77	11346	83	544	0	12050
1910	125	353	93	10808	0	11379
1911	51	10825	64	401	0	11341
1912	79	10669	83	263	0	11094
1913	73	10696	71	170	0	11010
1914	95	430	9829	169	0	10523
1915	71	10119	306	159	0	10655
1916	9612	335	235	165	0	10347
1917	299	9753	114	189	0	10355
1918	205	337	74	9096	0	9712
1919	120	9754	107	395	0	10376
1920	115	345	89	9778	0	10327
1921	134	219	101	9977	0	10431
1922	120	147	9662	489	0	10418
1923	9201	108	320	321	0	9950
1924	9762	122	186	201	0	10271
1925	9619	93	102	231	0	10045
1926	418	9343	130	222	0	10113
1927	228	309	99	9005	0	9641
1928	144	203	8896	386	0	9629
1929	111	8840	334	269	0	9554
1930	154	356	180	7265	0	7955
1931	114	8213	122	311	0	8760
1932	8138	313	111	206	0	8768
1933	8327	196	123	118	0	8764
1934	8431	117	122	111	0	8781
1935	8339	106	135	109	0	8689
1936	409	102	134	7963	0	8608
1937	211	106	130	7928	0	8375
1938	110	8038	138	404	0	8690
1939	113	308	104	8152	0	8677
1940	90	208	7892	366	0	8556
1941	88	149	279	7775	0	8291
1942	63	124	7755	385	0	8327
1943	75	7583	313	266	0	8237
1944	66	310	7664	189	0	8229
1945	64	191	320	7654	0	8229
1946	76	120	7763	347	0	8306
1947	78	86	297	7805	0	8266
1948	73	97	209	7905	0	8284
1949	112	107	108	7910	0	8237
1950	140	92	97	7846	0	8175
1951	7515	110	87	398	0	8110
1952	278	7491	96	258	0	8123
1953	7420	269	67	173	0	7929
1954	286	190	7189	161	0	7826
1955	7240	132	218	133	0	7723
1956	7390	98	118	162	0	7768
1957	369	101	7139	143	0	7752
1958	301	88	6718	147	0	7254
1959	142	6573	275	173	0	7163
1960	88	6053	121	139	0	6401
1961	105	247	5684	166	0	6202
1962	71	4988	196	179	0	5434
1963	99	111	75	2371	0	2656
1964	2313	25	18	55	0	2411
1965	45	11	5	2341	0	2402
1966	2328	9	9	34	0	2380
1967	2268	10	11	28	0	2317
1968	41	2303	12	15	0	2371
1969	2265	29	5	7	0	2306
1970	2249	13	4	11	0	2277
1971	39	9	7	2172	0	2227
1972	2170	13	4	33	0	2220
1973	26	2207	5	20	0	2258
1974	14	27	4	2222	0	2267
1975	2252	12	9	33	0	2306
1976	24	12	2177	27	0	2240
1977	2240	6	23	15	0	2284
1978	28	10	9	2282	0	2329
1979	17	9	2347	26	0	2399
1980	7	10	2342	19	0	2378
1981	2269	8	32	11	0	2320
1982	2279	14	11	18	0	2322
1983	28	5	9	2275	0	2317
1984	8	7	8	2255	0	2278
1985	8	6	3	2230	0	2247
1986	11	2254	5	29	0	2299
1987	2261	16	6	20	0	2303
1988	20	2265	7	16	0	2308
1989	2270	18	5	14	0	2307
1990	20	20	2231	14	0	2285
1991	15	5	16	2263	0	2299
1992	2296	7	10	29	0	2342
1993	28	2	11	2299	0	2340
1994	18	5	3	2268	0	2294
1995	7	2210	9	31	0	2257
1996	2242	21	10	15	0	2288
1997	23	2332	13	8	0	2376
1998	12	19	4	2417	0	2452
1999	12	12	2366	20	0	2410
2000	2107	2	20	34	0	2163
2001	24	15	2336	14	0	2389
2002	2163	4	20	12	0	2199
2003	25	2365	12	5	0	2407
2004	22	24	4	2236	0	2286
2005	13	2316	7	21	0	2357
2006	2302	22	4	30	0	2358
2007	33	15	3	2330	0	2381
2008	21	11	2	2361	0	2395
2009	12	7	2264	40	0	2323
2010	2115	6	21	21	0	2163
2011	23	4	19	2339	0	2385
2012	28	2	2300	22	0	2352
2013	7	2252	22	29	0	2310
2014	9	22	19	2267	0	2317
2015	2276	16	11	25	0	2328
2016	27	7	4	2273	0	2311
2017	23	8	2325	27	0	2383
2018	2422	3	24	27	0	2476
2019	40	6	16	2473	0	2535
2020	27	2	2582	37	0	2648
2021	7	9	39	2613	0	2668
2022	13	5	27	2579	0	2624
2023	8	2631	14	58	0	2711
2024	2618	41	3	36	0	2698
2025	45	2659	12	16	0	2732
2026	2690	50	2	20	0	2762
2027	53	30	5	2608	0	2696
2028	33	2658	7	48	0	2746
2029	16	48	4	2673	0	2741
2030	14	34	2599	50	0	2697
2031	2565	11	43	37	0	2656
2032	48	7	28	2619	0	2702
2033	36	6	12	2614	0	2668
2034	18	4	11	2626	0	2659
2035	16	6	2551	79	0	2652
2036	9	4	2546	44	0	2603
2037	12	2543	65	17	0	2637
2038	13	39	26	2435	0	2513
2039	2452	27	14	46	0	2539
2040	49	2488	12	31	0	2580
2041	29	52	9	2508	0	2598
2042	2530	29	6	58	0	2623
2043	2530	14	5	41	0	2590
2044	72	2556	5	16	0	2649
2045	2773	51	5	20	0	2849
2046	3119	24	6	15	0	3164
2047	92	12	8	3196	0	3308
2048	46	3194	7	67	0	3314
2049	15	63	7	3289	0	3374
2050	3229	40	5	76	0	3350
2051	76	13	3240	51	0	3380
2052	49	6	67	3265	0	3387
2053	23	12	36	3328	0	3399
2054	16	7	3259	113	0	3395
2055	15	6	73	3282	0	3376
2056	3260	11	44	88	0	3403
2057	3070	8	15	65	0	3158
2058	106	8	11	3188	0	3313
2059	45	13	3204	81	0	3343
2060	15	8	3145	60	0	3228
2061	20	3098	93	37	0	3248
2062	16	3178	47	22	0	3263
2063	19	97	12	3072	0	3200
2064	3037	46	11	73	0	3167
2065	69	3047	13	46	0	3175
2066	3020	76	8	20	0	3124
2067	83	40	11	2998	0	3132
2068	46	16	11	3040	0	3113
2069	2937	10	5	110	0	3062
2070	69	2944	18	44	0	3075
2071	2989	62	4	35	0	3090
2072	80	41	2859	25	0	3005
2073	50	11	2820	19	0	2900
2074	24	10	91	2754	0	2879
2075	17	15	2783	75	0	2890
2076	19	6	2791	52	0	2868
2077	25	25	107	2567	0	2724
2078	7	13	2692	76	0	2788
2079	18	3	74	2579	0	2674
2080	16	6	45	2559	0	2626
2081	8	12	2603	102	0	2725
2082	13	13	67	2595	0	2688
2083	16	9	46	2532	0	2603
2084	13	2527	20	98	0	2658
2085	2541	60	11	59	0	2671
2086	66	47	2533	22	0	2668
2087	48	15	62	2514	0	2639
2088	24	6	41	2567	0	2638
2089	13	16	2506	107	0	2642
2090	2364	10	63	58	0	2495
2091	73	2488	50	34	0	2645
2092	52	65	15	2518	0	2650
2093	27	39	11	2532	0	2609
2094	13	2544	26	97	0	2680
2095	26	65	2516	55	0	2662
2096	16	2581	72	30	0	2699
2097	2442	90	49	31	0	2612
2098	69	39	2361	28	0	2497
2099	42	17	70	2337	0	2466
2100	21	10	2387	73	0	2491
2101	23	8	2379	53	0	2463
2102	13	2354	106	27	0	2500
2103	21	66	49	2239	0	2375
2104	2267	34	15	76	0	2392
2105	2307	11	28	37	0	2383
2106	85	2278	26	32	0	2421
2107	38	69	14	2307	0	2428
2108	2318	32	20	87	0	2457
2109	2378	7	20	45	0	2450
2110	82	2343	18	23	0	2466
2111	2383	63	10	24	0	2480
2112	81	31	9	2316	0	2437
2113	43	2397	18	70	0	2528
2114	27	64	13	2458	0	2562
2115	25	35	14	2497	0	2571
2116	30	36	9	2497	0	2572
2117	14	15	2372	102	0	2503
2118	8	13	2191	42	0	2254
2119	13	2210	74	23	0	2320
2120	2050	46	31	18	0	2145
2121	43	2037	14	19	0	2113
2122	22	48	14	1997	0	2081
2123	11	23	2062	53	0	2149
2124	33	8	43	2015	0	2099
2125	15	10	26	2072	0	2123
2126	13	13	14	2102	0	2142
2127	2072	8	18	58	0	2156
2128	42	4	13	2110	0	2169
2129	20	13	2248	48	0	2329
2130	2153	7	43	33	0	2236
2131	2219	7	28	22	0	2276
2132	2265	3	10	20	0	2298
2133	2255	5	11	22	0	2293
2134	2262	6	8	22	0	2298
2135	58	2225	14	13	0	2310
2136	30	28	10	2126	0	2194
2137	16	2203	12	39	0	2270
2138	2200	34	6	25	0	2265
2139	2160	20	7	12	0	2199
2140	2101	11	5	9	0	2126
2141	54	2074	13	14	0	2155
2142	21	2017	8	14	0	2060
2143	14	2054	10	13	0	2091
2144	15	46	1922	27	0	2010
2145	51	166	57	1477	0	1751
2146	6	1351	7	13	0	1377
2147	0	1245	4	3	0	1252
2148	1	8	3	1215	0	1227
2149	2	4	1	1210	0	1217
2150	2	3	1238	10	0	1253
2151	1217	1	10	15	0	1243
2152	9	1	3	1304	0	1317
2153	6	3	3	1314	0	1326
2154	3	10	1294	11	0	1318
2155	4	3	1289	6	0	1302
2156	2	1343	11	6	0	1362
2157	4	7	3	1359	0	1373
2158	4	2	3	1374	0	1383
2159	4	4	1320	12	0	1340
2160	1222	4	7	7	0	1240
2161	1347	3	3	5	0	1358
2162	13	5	1385	2	0	1405
2163	1380	6	9	5	0	1400
2164	13	3	1435	4	0	1455
2165	1436	3	7	4	0	1450
2166	1459	2	3	8	0	1472
2167	11	2	1494	4	0	1511
2168	8	1	7	1478	0	1494
2169	2	1	5	1502	0	1510
2170	6	5	3	1573	0	1587
2171	1572	0	4	18	0	1594
2172	1558	4	3	11	0	1576
2173	17	3	1596	5	0	1621
2174	6	4	1535	2	0	1547
2175	1618	2	15	7	0	1642
2176	1684	2	10	6	0	1702
2177	19	2	1641	7	0	1669
2178	10	2	1648	2	0	1662
2179	8	1	19	1672	0	1700
2180	9	4	1721	14	0	1748
2181	5	2	22	1673	0	1702
2182	1777	0	7	24	0	1808
2183	28	4	1914	11	0	1957
2184	1852	0	32	8	0	1892
2185	31	3	2204	9	0	2247
2186	14	4	33	2179	0	2230
2187	6	1	18	2256	0	2281
2188	7	3	8	2231	0	2249
2189	12	2233	4	59	0	2308
2190	15	31	4	2211	0	2261
2191	6	13	6	2280	0	2305
2192	2217	1	9	47	0	2274
2193	37	5	2210	19	0	2271
2194	2074	1	40	9	0	2124
2195	40	1	2168	6	0	2215
2196	2008	3	31	13	0	2055
2197	33	2134	21	12	0	2200
2198	18	24	2154	8	0	2204
2199	5	14	2159	4	0	2182
2200	7	13	44	1966	0	2030
2201	9	1	14	2173	0	2197
2202	5	1	2170	47	0	2223
2203	7	4	2219	15	0	2245
2204	10	4	2440	8	0	2462
2205	2482	1	43	13	0	2539
2206	2538	2	19	8	0	2567
2207	2516	0	10	11	0	2537
2208	47	2	3	2442	0	2494
2209	16	2	9	2457	0	2484
2210	10	3	2598	42	0	2653
2211	9	5	31	2552	0	2597
2212	9	1	18	2584	0	2612
2213	2550	2	10	43	0	2605
2214	2562	1	5	21	0	2589
2215	2584	1	7	17	0	2609
2216	44	0	5	2563	0	2612
2217	16	5	9	2566	0	2596
2218	5	2	7	2577	0	2591
2219	2532	5	7	50	0	2594
2220	36	1	4	2471	0	2512
2221	20	2541	5	35	0	2601
2222	15	26	6	2458	0	2505
2223	5	2473	14	32	0	2524
2224	2495	28	7	20	0	2550
2225	2432	18	9	20	0	2479
2226	50	2469	5	7	0	2531
2227	20	2511	13	9	0	2553
2228	14	41	10	2473	0	2538
2229	10	18	2346	42	0	2416
2230	7	4	35	2293	0	2339
2231	9	8	2367	41	0	2425
2232	7	2361	38	30	0	2436
2233	14	30	20	2401	0	2465
2234	16	13	10	2423	0	2462
2235	18	10	2568	47	0	2643
2236	15	4	33	2585	0	2637
2237	8	10	2635	43	0	2696
2238	2590	0	37	32	0	2659
2239	2679	3	18	15	0	2715
2240	2718	2	7	15	0	2742
2241	52	6	8	2682	0	2748
2242	29	4	8	2712	0	2753
2243	15	7	2716	46	0	2784
2244	18	3	36	2631	0	2688
2245	14	2670	22	43	0	2749
2246	8	35	2705	33	0	2781
2247	14	21	2648	19	0	2702
2248	11	18	45	2517	0	2591
2249	9	5	2700	47	0	2761
2250	7	11	2699	35	0	2752
2251	2442	6	50	24	0	2522
2252	40	2875	22	9	0	2946
2253	3009	29	11	20	0	3069
2254	3007	13	9	18	0	3047
2255	3043	7	7	20	0	3077
2256	45	6	10	2992	0	3053
2257	26	8	14	3066	0	3114
2258	12	13	3036	48	0	3109
2259	17	6	39	2984	0	3046
2260	7	3053	21	40	0	3121
2261	3044	30	14	27	0	3115
2262	33	3023	16	13	0	3085
2263	16	3052	17	11	0	3096
2264	12	43	11	3023	0	3089
2265	13	23	3105	36	0	3177
2266	15	10	35	3049	0	3109
2267	12	7	3094	37	0	3150
2268	11	3024	41	23	0	3099
2269	3067	26	18	19	0	3130
2270	3074	10	10	21	0	3115
2271	3109	2	9	28	0	3148
2272	49	8	3253	16	0	3326
2273	26	14	3125	8	0	3173
2274	3238	4	38	24	0	3304
2275	3384	0	16	19	0	3419
2276	3472	3	6	27	0	3508
2277	61	2	8	3443	0	3514
2278	23	0	8	3498	0	3529
2279	3460	4	4	48	0	3516
2280	3431	8	5	27	0	3471
2281	29	11	3509	14	0	3563
2282	18	15	3357	7	0	3397
2283	3240	3	13	15	0	3271
2284	15	9	3335	8	0	3367
2285	3041	1	7	12	0	3061
2286	8	11	3114	4	0	3137
2287	1	1	3	3084	0	3089
2288	3	6	3307	6	0	3322
2289	4	2	4	3299	0	3309
2290	1	0	1	3357	0	3359
2291	3	3423	2	8	0	3436
2292	3427	3	0	15	0	3445
2293	4	13	3500	2	0	3519
2294	3326	1	6	9	0	3342
2295	6	3550	4	3	0	3563
2296	3682	7	2	18	0	3709
2297	15	1	1	3674	0	3691
2298	4	0	3	3725	0	3732
2299	1	3918	4	15	0	3938
2300	2	14	1	4058	0	4075
2301	2	2	0	4090	0	4094
2302	4	2	0	4098	0	4104
2303	3929	3	2	38	0	3972
2304	3732	1	1	19	0	3753
2305	27	10	3706	5	0	3748
2306	8	3740	19	9	0	3776
2307	8	18	5	3865	0	3896
2308	4	6	4	4044	0	4058
2309	7	15	4039	38	0	4099
2310	6	2	29	3824	0	3861
2311	3892	1	11	42	0	3946
2312	3950	1	5	18	0	3974
2313	3968	2	3	19	0	3992
2314	48	0	0	3953	0	4001
2315	4223	0	3	72	0	4298
2316	4297	1	0	31	0	4329
2317	4358	1	2	21	0	4382
2318	56	6	1	4344	0	4407
2319	27	3	1	4463	0	4494
2320	15	2	1	4509	0	4527
2321	7	3	1	4484	0	4495
2322	14	3	1	4465	0	4483
2323	10	4	4381	51	0	4446
2324	4	11	4350	22	0	4387
2325	4	4239	46	15	0	4304
2326	7	30	15	4455	0	4507
2327	7	14	5	4501	0	4527
2328	8	5	2	4509	0	4524
2329	5	5	4406	56	0	4472
2330	8	3	34	4394	0	4439
2331	3	8	4446	46	0	4503
2332	10	1	34	4406	0	4451
2333	5	12	4600	44	0	4661
2334	1	4593	39	30	0	4663
2335	4	43	27	4504	0	4578
2336	6	21	4424	44	0	4495
2337	3819	8	41	37	0	3905
2338	38	4499	18	16	0	4571
2339	20	37	8	4583	0	4648
2340	9	4579	8	51	0	4647
2341	8	48	4	4588	0	4648
2342	4662	18	4	54	0	4738
2343	45	6	1	4639	0	4691
2344	17	4680	9	48	0	4754
2345	4683	37	4	38	0	4762
2346	49	19	2	4870	0	4940
2347	20	7	1	5019	0	5047
2348	5058	2	3	77	0	5140
2349	57	2	3	5536	0	5598
2350	35	1	2	6790	0	6828
2351	27	13	6815	149	0	7004
2352	9	14	6695	63	0	6781
2353	23	6	171	6617	0	6817
2354	11	14	6707	138	0	6870
2355	14	15	6612	57	0	6698
2356	6107	3	176	43	0	6329
2357	138	14	6818	24	0	6994
2358	59	6865	151	18	0	7093
2359	27	125	57	6894	0	7103
2360	7001	54	19	150	0	7224
2361	7149	19	9	71	0	7248
2362	7132	5	15	34	0	7186
2363	194	7015	16	21	0	7246
2364	84	143	8	7015	0	7250
2365	30	54	13	7098	0	7195
2366	6836	20	8	209	0	7073
2367	7012	5	13	96	0	7126
2368	7104	3	17	35	0	7159
2369	219	16	7095	30	0	7360
2370	77	7078	171	17	0	7343
2371	30	8120	68	41	0	8259
2372	39	243	30	7778	0	8090
2373	38	95	14	8075	0	8222
2374	24	39	7977	275	0	8315
2375	7733	10	204	129	0	8076
2376	8065	15	92	51	0	8223
2377	321	15	27	7869	0	8232
2378	133	9	17	8067	0	8226
2379	71	13	9	8121	0	8214
2380	7870	9	16	319	0	8214
2381	225	15	7674	126	0	8040
2382	106	14	7842	50	0	8012
2383	46	19	280	7631	0	7976
2384	27	15	7744	217	0	8003
2385	7515	10	228	133	0	7886
2386	7798	7	98	63	0	7966
2387	7883	11	41	36	0	7971
2388	317	7424	28	28	0	7797
2389	7537	201	11	43	0	7792
2390	236	93	20	7393	0	7742
2391	114	34	25	7487	0	7660
2392	70	7	13	7644	0	7734
2393	31	18	7316	315	0	7680
2394	39	24	216	7153	0	7432
2395	32	7268	119	234	0	7653
2396	7068	181	59	126	0	7434
2397	200	7278	48	71	0	7597
2398	127	215	7129	59	0	7530
2399	57	7088	218	41	0	7404
2400	6838	207	116	52	0	7213
2401	211	6950	62	40	0	7263
2402	128	210	44	6144	0	6526
2403	51	6930	42	188	0	7211
2404	6864	204	39	114	0	7221
2405	7019	89	44	70	0	7222
2406	6749	41	42	48	0	6880
2407	303	33	6736	38	0	7110
2408	133	33	6730	42	0	6938
2409	65	24	6750	47	0	6886
2410	6576	23	290	46	0	6935
2411	247	25	125	6519	0	6916
2412	143	24	47	6670	0	6884
2413	68	40	6493	273	0	6874
2414	42	31	202	6588	0	6863
2415	6239	26	97	239	0	6601
2416	215	6248	42	131	0	6636
2417	6336	177	36	65	0	6614
2418	243	104	6213	41	0	6601
2419	6275	53	204	39	0	6571
2420	6415	38	99	48	0	6600
2421	6431	32	59	47	0	6569
2422	309	36	6162	60	0	6567
2423	168	27	181	6172	0	6548
2424	82	29	6245	209	0	6565
2425	72	26	215	6234	0	6547
2426	57	26	6278	223	0	6584
2427	75	22	201	6219	0	6517
2428	78	28	98	6368	0	6572
2429	6236	20	52	289	0	6597
2430	6361	16	47	122	0	6546
2431	6378	16	50	67	0	6511
2432	322	19	45	5994	0	6380
2433	141	5721	43	205	0	6110
2434	71	6039	41	125	0	6276
2435	5928	229	37	87	0	6281
2436	220	115	5857	52	0	6244
2437	5942	36	195	51	0	6224
2438	225	35	5876	45	0	6181
2439	5945	24	200	71	0	6240
2440	5898	28	105	57	0	6088
2441	277	21	5910	42	0	6250
2442	5909	13	191	57	0	6170
2443	6009	25	108	37	0	6179
2444	6016	21	49	51	0	6137
2445	289	6016	42	54	0	6401
2446	137	212	45	5757	0	6151
2447	70	97	5845	189	0	6201
2448	67	51	5924	93	0	6135
2449	50	5293	221	61	0	5625
2450	32	4120	70	21	0	4243
2451	45	111	75	3848	0	4079
2452	3784	43	20	93	0	3940
2453	95	3867	25	48	0	4035
2454	73	82	9	3807	0	3971
2455	36	3896	16	86	0	4034
2456	3816	93	9	53	0	3971
2457	107	44	19	3760	0	3930
2458	51	28	3672	100	0	3851
2459	30	3613	90	57	0	3790
2460	18	3697	63	20	0	3798
2461	27	115	24	3387	0	3553
2462	26	3647	25	72	0	3770
2463	34	104	18	3575	0	3731
2464	3696	45	13	98	0	3852
2465	3733	21	16	49	0	3819
2466	3793	21	10	26	0	3850
2467	3834	15	10	20	0	3879
2468	132	24	3822	15	0	3993
2469	56	3576	75	24	0	3731
2470	26	3551	47	14	0	3638
2471	12	2852	9	8	0	2881
2472	9	2890	12	9	0	2920
2473	2771	67	32	12	0	2882
2474	2721	15	9	13	0	2758
2475	2788	7	6	20	0	2821
2476	2828	7	6	5	0	2846
2477	54	9	2792	6	0	2861
2478	3006	4	31	16	0	3057
2479	3080	8	10	9	0	3107
2480	3124	7	8	12	0	3151
2481	52	5	7	3095	0	3159
2482	25	5	5	3103	0	3138
2483	3140	7	2	51	0	3200
2484	40	5	2	3113	0	3160
2485	20	3086	8	47	0	3161
2486	16	30	6	3156	0	3208
2487	15	18	2	3170	0	3205
2488	12	3135	6	44	0	3197
2489	16	36	3	3158	0	3213
2490	13	15	2	3181	0	3211
2491	3115	9	4	53	0	3181
2492	42	11	3004	22	0	3079
2493	2999	7	30	17	0	3053
2494	49	11	3064	8	0	3132
2495	19	6	2994	11	0	3030
2496	14	11	3042	10	0	3077
2497	2960	8	49	12	0	3029
2498	41	7	3174	11	0	3233
2499	3146	4	41	18	0	3209
2500	3260	6	20	19	0	3305
2501	3260	5	14	15	0	3294
2502	47	3224	5	7	0	3283
2503	3275	31	6	9	0	3321
2504	31	3301	10	7	0	3349
2505	22	37	5	3328	0	3392
2506	12	17	5	3339	0	3373
2507	9	3321	7	36	0	3373
2508	12	3345	8	21	0	3386
2509	15	3425	4	12	0	3456
2510	3418	43	4	10	0	3475
2511	35	3496	9	4	0	3544
2512	3498	39	4	11	0	3552
2513	38	24	3436	6	0	3504
2514	3438	11	30	17	0	3496
2515	3526	8	15	20	0	3569
2516	48	15	3435	6	0	3504
2517	32	4	28	3407	0	3471
2518	20	11	3437	34	0	3502
2519	15	7	34	3393	0	3449
2520	18	6	15	3466	0	3505
2521	3463	4	11	51	0	3529
2522	3445	7	5	28	0	3485
2523	46	3430	10	11	0	3497
2524	3502	28	1	20	0	3551
2525	36	18	3492	7	0	3553
2526	3413	9	33	17	0	3472
2527	43	9	3623	4	0	3679
2528	22	18	3594	10	0	3644
2529	3712	5	51	12	0	3780
2530	3801	5	27	13	0	3846
2531	56	13	3878	6	0	3953
2532	33	7	41	3722	0	3803
2533	18	3	17	3949	0	3987
2534	24	5	3889	46	0	3964
2535	21	5	39	3806	0	3871
2536	14	3715	33	57	0	3819
2537	16	32	17	3949	0	4014
2538	16	20	8	3930	0	3974
2539	14	18	3829	52	0	3913
2540	3498	5	41	38	0	3582
2541	3821	6	17	24	0	3868
2542	3831	6	9	16	0	3862
2543	3794	2	7	11	0	3814
2544	59	3685	12	13	0	3769
2545	36	46	9	3501	0	3592
2546	21	18	3454	39	0	3532
2547	16	13	3416	20	0	3465
2548	12	17	53	3296	0	3378
2549	14	6	3355	36	0	3411
2550	3223	4	38	30	0	3295
2551	39	2	22	3306	0	3369
2552	25	5	13	3332	0	3375
2553	19	8	3	3294	0	3324
2554	3223	2	9	63	0	3297
2555	34	3277	12	27	0	3350
2556	3261	30	8	22	0	3321
2557	3266	14	3	20	0	3303
2558	52	3219	13	13	0	3297
2559	25	3217	14	7	0	3263
2560	3318	41	11	21	0	3391
2561	44	19	10	3305	0	3378
2562	24	12	11	3282	0	3329
2563	3401	3	7	49	0	3460
2564	37	13	3280	27	0	3357
2565	3279	4	37	15	0	3335
2566	3366	6	23	10	0	3405
2567	55	3423	11	12	0	3501
2568	3645	33	6	13	0	3697
2569	3665	22	6	20	0	3713
2570	64	4188	10	11	0	4273
2571	31	4201	12	18	0	4262
2572	11	76	11	4104	0	4202
2573	4258	41	4	59	0	4362
2574	52	4327	7	60	0	4446
2575	48	50	16	4352	0	4466
2576	4379	40	2	64	0	4485
2577	58	14	4365	46	0	4483
2578	53	5	51	4251	0	4360
2579	13	5	4313	59	0	4390
2580	4086	8	61	50	0	4205
2581	4280	5	46	22	0	4353
2582	100	10	4251	10	0	4371
2583	52	4195	62	13	0	4322
2584	15	53	36	4243	0	4347
2585	14	41	4284	62	0	4401
2586	16	11	57	4311	0	4395
2587	16	4	41	4481	0	4542
2588	13	3	4454	97	0	4567
2589	4116	7	60	76	0	4259
2590	4478	11	41	18	0	4548
2591	104	7	4480	16	0	4607
2592	62	4461	62	19	0	4604
2593	25	60	44	4271	0	4400
2594	15	4424	18	57	0	4514
2595	17	4507	11	43	0	4578
2596	4452	102	3	20	0	4577
2597	74	51	7	4466	0	4598
2598	61	15	4	4458	0	4538
2599	17	13	4435	106	0	4571
2600	10	9	4398	55	0	4472
2601	20	10	109	4378	0	4517
2602	27	5	54	4443	0	4529
2603	23	15	4389	104	0	4531
2604	18	13	4399	58	0	4488
2605	21	13	109	4416	0	4559
2606	4407	10	55	87	0	4559
2607	74	4417	29	68	0	4588
2608	4434	72	11	27	0	4544
2609	80	4452	15	21	0	4568
2610	60	4499	11	20	0	4590
2611	4374	114	15	17	0	4520
2612	85	56	4430	16	0	4587
2613	58	12	81	4464	0	4615
2614	30	15	54	4613	0	4712
2615	22	6	17	4943	0	4988
2616	20	18	4937	138	0	5113
2617	29	14	89	4971	0	5103
2618	5066	11	65	115	0	5257
2619	106	14	20	5206	0	5346
2620	79	12	14	5300	0	5405
2621	5217	12	11	167	0	5407
2622	5161	12	18	89	0	5280
2623	148	5135	18	44	0	5345
2624	77	92	5132	19	0	5320
2625	31	65	5120	20	0	5236
2626	24	18	5209	20	0	5271
2627	17	4902	167	27	0	5113
2628	19	94	79	4759	0	4951
2629	21	71	20	4895	0	5007
2630	4832	17	12	164	0	5025
2631	105	14	14	4790	0	4923
2632	67	25	4712	115	0	4919
2633	37	15	93	4745	0	4890
2634	28	13	71	4781	0	4893
2635	22	13	4701	166	0	4902
2636	16	4655	109	87	0	4867
2637	29	90	74	4163	0	4356
2638	26	4648	38	90	0	4802
2639	11	99	4631	70	0	4811
2640	4570	60	114	30	0	4774
2641	4694	23	75	20	0	4812
2642	4779	18	15	35	0	4847
2643	173	16	17	4602	0	4808
2644	79	4705	23	108	0	4915
2645	4714	95	15	80	0	4904
2646	4805	67	27	43	0	4942
2647	4729	22	22	37	0	4810
2648	166	14	4614	27	0	4821
2649	4542	11	101	38	0	4692
2650	112	4614	81	34	0	4841
2651	4628	92	31	30	0	4781
2652	112	4707	31	22	0	4872
2653	4771	106	15	36	0	4928
2654	114	72	4758	29	0	4973
2655	4719	21	101	32	0	4873
2656	4830	14	65	37	0	4946
2657	4531	13	29	33	0	4606
2658	4914	16	18	22	0	4970
2659	167	23	4754	19	0	4963
2660	84	13	96	4670	0	4863
2661	4655	21	67	102	0	4845
2662	108	4646	41	74	0	4869
2663	79	115	20	4509	0	4723
2664	34	60	4555	102	0	4751
2665	39	18	90	4574	0	4721
2666	25	27	4566	114	0	4732
2667	28	4344	110	70	0	4552
2668	16	4050	53	27	0	4146
2669	22	4072	19	38	0	4151
2670	31	114	11	3411	0	3567
2671	15	37	20	3413	0	3485
2672	19	7	3362	90	0	3478
2673	19	3170	60	47	0	3296
2674	3061	56	26	16	0	3159
2675	62	3014	16	12	0	3104
2676	31	3041	14	14	0	3100
2677	46	82	14	2864	0	3006
2678	2864	27	7	60	0	2958
2679	2903	15	9	27	0	2954
2680	76	7	6	2852	0	2941
2681	2853	6	8	67	0	2934
2682	68	7	4	2854	0	2933
2683	29	6	2818	61	0	2914
2684	2804	7	55	31	0	2897
2685	70	3	28	2798	0	2899
2686	28	13	2731	59	0	2831
2687	13	11	2680	27	0	2731
2688	19	10	71	2652	0	2752
2689	2679	8	27	53	0	2767
2690	2692	11	8	31	0	2742
2691	75	2692	13	18	0	2798
2692	2782	52	3	18	0	2855
2693	2810	28	6	8	0	2852
2694	2797	8	5	18	0	2828
2695	80	2735	11	10	0	2836
2696	2796	52	7	22	0	2877
2697	2841	24	9	12	0	2886
2698	83	8	7	2775	0	2873
2699	2715	9	6	52	0	2782
2700	59	2658	16	24	0	2757
2701	33	2742	11	32	0	2818
2702	20	65	9	2758	0	2852
2703	23	27	8	2743	0	2801
2704	13	2773	3	58	0	2847
2705	2700	47	2	27	0	2776
2706	50	2700	11	13	0	2774
2707	2657	46	4	11	0	2718
2708	59	2702	10	8	0	2779
2709	41	43	4	2571	0	2659
2710	22	2762	3	37	0	2824
2711	2761	50	12	24	0	2847
2712	2716	30	5	18	0	2769
2713	2662	18	19	12	0	2711
2714	70	7	2542	10	0	2629
2715	25	9	2301	6	0	2341
2716	12	2222	35	7	0	2276
2717	18	25	2173	9	0	2225
2718	7	15	2092	2	0	2116
2719	9	8	27	1853	0	1897
2720	6	2	1933	21	0	1962
2721	6	2008	20	10	0	2044
2722	2012	18	5	11	0	2046
2723	18	2002	10	4	0	2034
2724	8	2025	4	4	0	2041
2725	2034	21	1	13	0	2069
2726	2054	8	4	6	0	2072
2727	26	2106	1	7	0	2140
2728	2142	17	1	7	0	2167
2729	2149	5	3	4	0	2161
2730	2142	4	2	4	0	2152
2731	27	6	2077	4	0	2114
2732	14	4	2088	0	0	2106
2733	13	2	22	2135	0	2172
2734	3	2	8	2203	0	2216
2735	2216	1	4	26	0	2247
2736	20	2188	2	12	0	2222
2737	14	30	2	2306	0	2352
2738	8	8	2	2326	0	2344
2739	7	5	1	2368	0	2381
2740	8	1	2	2368	0	2379
2741	5	5	2348	33	0	2391
2742	3	5	2359	14	0	2381
2743	9	4	28	2343	0	2384
2744	6	24	2432	21	0	2483
2745	2368	4	26	14	0	2412
2746	24	2	11	2467	0	2504
2747	17	4	2480	20	0	2521
2748	2288	0	22	12	0	2322
2749	24	2459	11	9	0	2503
2750	2463	20	5	5	0	2493
2751	27	2573	6	7	0	2613
2752	13	25	1	2509	0	2548
2753	6	13	2544	23	0	2586
2754	5	4	25	2474	0	2508
2755	7	5	2500	31	0	2543
2756	2457	2	28	17	0	2504
2757	29	1	10	2505	0	2545
2758	2507	2	6	29	0	2544
2759	29	6	2518	7	0	2560
2760	2652	2	25	13	0	2692
2761	2866	1	10	6	0	2883
2762	39	5	2939	1	0	2984
2763	20	16	27	2881	0	2944
2764	11	3	2957	27	0	2998
2765	7	2916	33	16	0	2972
2766	2926	31	14	6	0	2977
2767	2901	12	10	13	0	2936
2768	35	10	2913	4	0	2962
2769	20	9	2851	6	0	2886
2770	12	12	36	2797	0	2857
2771	5	0	15	2883	0	2903
2772	2866	0	7	35	0	2908
2773	24	2878	9	13	0	2924
2774	2934	21	4	15	0	2974
2775	2932	12	2	12	0	2958
2776	34	11	2888	4	0	2937
2777	2808	3	22	12	0	2845
2778	30	4	2924	3	0	2961
2779	21	2	25	2907	0	2955
2780	9	9	3096	20	0	3134
2781	10	0	26	3083	0	3119
2782	8	5	3088	29	0	3130
2783	3012	0	32	19	0	3063
2784	3083	0	16	17	0	3116
2785	34	3	8	3051	0	3096
2786	3093	2	4	28	0	3127
2787	39	3	4	3115	0	3161
2788	18	3178	7	27	0	3230
2789	3195	21	5	21	0	3242
2790	26	3213	12	12	0	3263
2791	16	24	6	3217	0	3263
2792	10	15	4	3176	0	3205
2793	9	10	4	3170	0	3193
2794	10	3	3	3151	0	3167
2795	5	5	3041	36	0	3087
2796	2744	0	26	29	0	2799
2797	2974	4	18	16	0	3012
2798	32	2983	11	11	0	3037
2799	20	20	3	3000	0	3043
2800	16	14	3	2996	0	3029
2801	9	15	2907	32	0	2963
2802	2809	5	25	16	0	2855
2803	29	5	11	2893	0	2938
2804	17	10	2862	25	0	2914
2805	2822	4	22	32	0	2880
2806	2941	8	17	15	0	2981
2807	2945	1	11	15	0	2972
2808	35	8	2882	8	0	2933
2809	19	5	2804	11	0	2839
2810	2809	3	29	9	0	2850
2811	28	5	10	2855	0	2898
2812	22	1	5	2891	0	2919
2813	7	6	2897	34	0	2944
2814	2728	1	24	21	0	2774
2815	23	2	14	2897	0	2936
2816	2932	4	7	27	0	2970
2817	2957	1	4	22	0	2984
2818	2952	3	6	12	0	2973
2819	35	4	2991	9	0	3039
2820	23	3	22	3020	0	3068
2821	3013	0	14	34	0	3061
2822	26	3094	9	16	0	3145
2823	20	24	8	3131	0	3183
2824	13	13	4	3161	0	3191
2825	3104	2	2	42	0	3150
2826	3074	6	5	21	0	3106
2827	42	2	6	3029	0	3079
2828	23	5	3021	29	0	3078
2829	2985	1	27	19	0	3032
2830	39	2	3236	10	0	3287
2831	3274	1	31	13	0	3319
2832	3380	2	25	12	0	3419
2833	55	3	3316	5	0	3379
2834	33	13	33	3413	0	3492
2835	15	7	3614	44	0	3680
2836	13	3748	47	27	0	3835
2837	9	41	29	3516	0	3595
2838	12	3760	6	43	0	3821
2839	14	41	8	3792	0	3855
2840	7	23	3859	48	0	3937
2841	7	3875	53	33	0	3968
2842	11	3933	27	16	0	3987
2843	37	72	26	3910	0	4045
2844	3935	27	5	57	0	4024
2845	62	7	5	4255	0	4329
2846	4284	4	6	64	0	4358
2847	64	4356	11	43	0	4474
2848	4741	58	5	19	0	4823
2849	88	42	4913	8	0	5051
2850	47	10	74	4876	0	5007
2851	24	5	35	4857	0	4921
2852	14	9	4810	106	0	4939
2853	4590	2	72	52	0	4716
2854	4758	3	38	18	0	4817
2855	100	4812	15	11	0	4938
2856	68	81	9	4425	0	4583
2857	22	4765	14	66	0	4867
2858	18	71	4769	43	0	4901
2859	18	40	4815	23	0	4896
2860	23	66	107	4545	0	4741
2861	4522	6	39	69	0	4636
2862	74	4356	17	39	0	4486
2863	4433	66	4	21	0	4524
2864	76	44	4340	10	0	4470
2865	4397	16	64	14	0	4491
2866	4484	13	40	13	0	4550
2867	104	8	4442	6	0	4560
2868	56	1	68	4327	0	4452
2869	4442	2	45	74	0	4563
2870	4473	7	12	45	0	4537
2871	4496	7	7	17	0	4527
2872	115	6	16	4411	0	4548
2873	59	8	4358	70	0	4495
2874	4306	3	73	43	0	4425
2875	84	8	4466	15	0	4573
2876	54	5	75	4426	0	4560
2877	24	11	43	4374	0	4452
2878	19	4405	14	118	0	4556
2879	24	70	4465	46	0	4605
2880	13	4283	70	24	0	4390
2881	30	4345	50	16	0	4441
2882	12	112	20	4313	0	4457
2883	18	47	4330	70	0	4465
2884	18	15	75	4335	0	4443
2885	19	15	4364	89	0	4487
2886	22	14	80	4337	0	4453
2887	26	13	49	4330	0	4418
2888	25	21	4173	105	0	4324
2889	25	28	76	4160	0	4289
2890	20	18	4220	92	0	4350
2891	17	18	4134	61	0	4230
2892	22	4126	113	35	0	4296
2893	4150	74	62	28	0	4314
2894	95	48	4120	30	0	4293
2895	3972	18	79	31	0	4100
2896	94	10	57	4131	0	4292
2897	59	21	4104	85	0	4269
2898	26	4076	90	62	0	4254
2899	34	78	64	4073	0	4249
2900	28	56	4089	86	0	4259
2901	30	28	93	3827	0	3978
2902	22	4062	60	79	0	4223
2903	4113	95	29	58	0	4295
2904	96	54	22	4090	0	4262
2905	4117	26	31	98	0	4272
2906	4129	26	16	76	0	4247
2907	4164	18	17	52	0	4251
2908	4144	21	32	28	0	4225
2909	4067	11	25	34	0	4137
2910	134	3938	33	27	0	4132
2911	82	76	25	3973	0	4156
2912	58	50	13	4055	0	4176
2913	47	21	28	4063	0	4159
2914	48	14	3944	125	0	4131
2915	45	3930	102	55	0	4132
2916	4159	71	54	39	0	4323
2917	4187	40	44	27	0	4298
2918	146	4084	25	40	0	4295
2919	68	4131	42	39	0	4280
2920	4055	122	43	39	0	4259
2921	105	65	3984	33	0	4187
2922	84	29	94	3865	0	4072
2923	3900	27	60	95	0	4082
2924	108	24	31	3813	0	3976
2925	68	3854	31	100	0	4053
2926	59	87	27	3895	0	4068
2927	40	58	3873	101	0	4072
2928	3765	22	96	75	0	3958
2929	3939	15	70	42	0	4066
2930	140	16	28	3644	0	3828
2931	94	6	25	3665	0	3790
2932	3454	10	19	125	0	3608
2933	99	3448	21	69	0	3637
2934	70	64	18	3370	0	3522
2935	44	36	26	3314	0	3420
2936	3026	16	23	107	0	3172
2937	85	3077	18	59	0	3239
2938	3075	58	11	33	0	3177
2939	90	3026	14	27	0	3157
2940	55	2986	12	25	0	3078
2941	2909	88	15	16	0	3028
2942	65	2964	20	27	0	3076
2943	44	77	22	2836	0	2979
2944	28	40	2787	65	0	2920
2945	12	16	2450	37	0	2515
2946	8	9	2428	13	0	2458
2947	6	2330	66	7	0	2409
2948	1990	35	79	11	0	2115
2949	31	21	8	1833	0	1893
2950	23	5	3	1872	0	1903
2951	7	7	1840	51	0	1905
2952	1797	1	33	33	0	1864
2953	33	0	25	1913	0	1971
2954	27	0	11	1933	0	1971
2955	9	3	3	1874	0	1889
2956	1783	3	4	57	0	1847
2957	32	2	1752	34	0	1820
2958	1777	1	34	14	0	1826
2959	39	3	22	1761	0	1825
2960	27	4	1749	34	0	1814
2961	1704	3	30	29	0	1766
2962	40	3	1766	9	0	1818
2963	24	6	35	1729	0	1794
2964	9	3	1775	34	0	1821
2965	6	4	1737	23	0	1770
2966	1670	1	55	13	0	1739
2967	35	5	1709	5	0	1754
2968	24	4	39	1696	0	1763
2969	1727	1	24	33	0	1785
2970	40	2	12	1715	0	1769
2971	27	1	1704	38	0	1770
2972	11	2	1707	26	0	1746
2973	4	1699	54	12	0	1769
2974	10	31	28	1688	0	1757
2975	1618	19	11	37	0	1685
2976	33	1592	7	22	0	1654
2977	1639	35	3	8	0	1685
2978	43	22	2	1602	0	1669
2979	1603	6	2	38	0	1649
2980	38	1573	7	34	0	1652
2981	26	34	5	1571	0	1636
2982	1599	17	1	33	0	1650
2983	35	1599	8	25	0	1667
2984	26	34	3	1593	0	1656
2985	11	23	3	1598	0	1635
2986	1622	6	4	51	0	1683
2987	43	5	2	1636	0	1686
2988	29	6	7	1649	0	1691
2989	10	4	2	1714	0	1730
2990	10	3	1625	61	0	1699
2991	1626	4	39	34	0	1703
2992	45	4	21	2024	0	2094
2993	23	2	2114	55	0	2194
2994	2086	4	53	34	0	2177
2995	57	3	2150	16	0	2226
2996	34	4	58	2091	0	2187
2997	10	2127	33	53	0	2223
2998	11	49	17	2195	0	2272
2999	8	31	2191	61	0	2291
3000	8	9	2259	37	0	2313
3001	8	6	77	2250	0	2341
3002	8	9	2257	55	0	2329
3003	2178	6	62	32	0	2278
3004	50	6	2265	21	0	2342
3005	38	5	61	2192	0	2296
3006	17	9	29	2238	0	2293
3007	17	6	14	2237	0	2274
3008	2195	1	5	88	0	2289
3009	2240	4	9	45	0	2298
3010	2335	5	10	24	0	2374
3011	93	3	11	2238	0	2345
3012	42	3	9	2281	0	2335
3013	16	7	2195	80	0	2298
3014	11	4	2238	44	0	2297
3015	10	2166	83	22	0	2281
3016	10	56	51	1864	0	1981
3017	12	19	7	1821	0	1859
3018	5	1897	11	56	0	1969
3019	1906	36	10	27	0	1979
3020	43	1921	10	12	0	1986
3021	1930	38	9	12	0	1989
3022	42	18	6	1934	0	2000
3023	1943	8	8	51	0	2010
3024	52	2	6	1950	0	2010
3025	24	8	1921	42	0	1995
3026	10	5	42	1963	0	2020
3027	1935	4	23	48	0	2010
3028	44	7	6	1947	0	2004
3029	26	2	7	1943	0	1978
3030	11	3	1957	58	0	2029
3031	7	7	40	1971	0	2025
3032	10	2	23	1947	0	1982
3033	6	1947	6	68	0	2027
3034	20	37	4	1979	0	2040
3035	16	23	7	2018	0	2064
3036	15	2	7	1972	0	1996
3037	3	1844	7	67	0	1921
3038	7	44	5	1794	0	1850
3039	1733	14	3	43	0	1793
3040	30	1732	9	22	0	1793
3041	21	1611	9	12	0	1653
3042	6	1639	7	15	0	1667
3043	13	42	6	1518	0	1579
3044	11	1538	15	38	0	1602
3045	8	1609	19	26	0	1662
3046	1573	36	15	16	0	1640
3047	31	18	1552	19	0	1620
3048	1513	10	35	22	0	1580
3049	31	8	22	1529	0	1590
3050	16	7	1534	42	0	1599
3051	1496	4	42	29	0	1571
3052	26	9	1527	25	0	1587
3053	17	8	1510	18	0	1553
3054	1523	1	53	20	0	1597
3055	40	3	34	1543	0	1620
3056	21	9	1541	48	0	1619
3057	1536	6	37	40	0	1619
3058	1602	3	19	29	0	1653
3059	57	7	1564	23	0	1651
3060	1641	5	36	23	0	1705
3061	1678	2	14	22	0	1716
3062	57	6	1623	22	0	1708
3063	1619	4	36	24	0	1683
3064	1659	7	26	22	0	1714
3065	49	9	1619	17	0	1694
3066	18	13	1752	18	0	1801
3067	7	12	47	1781	0	1847
3068	13	10	1760	48	0	1831
3069	1731	13	39	26	0	1809
3070	46	16	16	1754	0	1832
3071	29	15	6	1791	0	1841
3072	27	10	1742	53	0	1832
3073	24	10	33	1733	0	1800
3074	21	7	1715	43	0	1786
3075	1722	5	40	33	0	1800
3076	1744	6	22	24	0	1796
3077	52	2	1697	28	0	1779
3078	1705	4	37	29	0	1775
3079	1758	4	19	26	0	1807
3080	51	4	1717	30	0	1802
3081	1730	4	42	30	0	1806
3082	1725	5	20	32	0	1782
3083	44	8	1714	30	0	1796
3084	1691	11	35	35	0	1772
3085	39	13	1713	35	0	1800
3086	15	9	35	1703	0	1762
3087	14	9	14	1733	0	1770
3088	14	13	7	1741	0	1775
3089	10	16	1657	63	0	1746
3090	1521	9	34	37	0	1601
3091	35	18	1557	16	0	1626
3092	15	1187	21	11	0	1234
3093	5	1142	9	8	0	1164
3094	1075	16	11	11	0	1113
3095	18	12	2	1099	0	1131
3096	9	1106	10	18	0	1143
3097	1083	7	4	12	0	1106
3098	1075	9	4	6	0	1094
3099	16	1119	3	3	0	1141
3100	11	9	5	1032	0	1057
3101	5	1104	1	10	0	1120
3102	1102	13	4	10	0	1129
3103	1122	10	3	2	0	1137
3104	24	2	2	1092	0	1120
3105	1104	0	3	13	0	1120
3106	14	9	4	1093	0	1120
3107	13	7	1086	8	0	1114
3108	1077	2	12	8	0	1099
3109	14	2	1108	3	0	1127
3110	8	0	12	1035	0	1055
3111	1051	0	7	15	0	1073
3112	14	0	5	1060	0	1079
3113	7	1	1051	10	0	1069
3114	3	0	1011	6	0	1020
3115	5	14	13	1008	0	1040
3116	1016	0	20	10	0	1046
3117	10	1039	3	7	0	1059
3118	9	6	2	1008	0	1025
3119	4	5	1035	7	0	1051
3120	1016	1	10	4	0	1031
3121	1070	1	6	2	0	1079
3122	15	3	1047	0	0	1065
3123	1017	0	11	2	0	1030
3124	13	5	4	1047	0	1069
3125	6	2	1039	8	0	1055
3126	1013	1	8	6	0	1028
3127	11	3	3	1016	0	1033
3128	5	1	0	1025	0	1031
3129	1041	1	3	12	0	1057
3130	9	998	4	3	0	1014
3131	2	1031	3	5	0	1041
3132	1041	9	2	5	0	1057
3133	1004	2	1	8	0	1015
3134	12	2	1051	3	0	1068
3135	5	0	1028	2	0	1035
3136	4	1	11	1042	0	1058
3137	1097	2	2	12	0	1113
3138	1108	0	2	3	0	1113
3139	1103	2	1	4	0	1110
3140	14	1082	1	4	0	1101
3141	5	1100	1	2	0	1108
3142	4	10	1	1144	0	1159
3143	4	1	2	1162	0	1169
3144	3	0	3	1210	0	1216
3145	6	0	1194	14	0	1214
3146	6	1	1100	5	0	1112
3147	1165	2	17	3	0	1187
3148	1238	0	4	4	0	1246
3149	16	1	5	1227	0	1249
3150	5	2	0	1212	0	1219
3151	7	0	2	1244	0	1253
3152	3	1	1182	17	0	1203
3153	2	2	1181	6	0	1191
3154	4	0	15	1182	0	1201
3155	3	4	1257	13	0	1277
3156	5	1223	13	6	0	1247
3157	2	1235	4	5	0	1246
3158	1221	13	0	11	0	1245
3159	16	1222	5	3	0	1246
3160	4	14	4	1194	0	1216
3161	7	3	2	1212	0	1224
3162	6	1299	3	13	0	1321
3163	7	21	2	1295	0	1325
3164	5	6	1256	18	0	1285
3165	2	1268	17	9	0	1296
3166	4	13	6	1151	0	1174
3167	4	5	1128	14	0	1151
3168	6	1110	14	8	0	1138
3169	6	13	7	1088	0	1114
3170	1	1140	2	17	0	1160
3171	4	13	2	1152	0	1171
3172	5	5	2	1116	0	1128
3173	4	1133	5	20	0	1162
3174	1118	13	3	8	0	1142
3175	1095	6	3	7	0	1111
3176	18	1102	4	6	0	1130
3177	9	1132	2	6	0	1149
3178	3	14	4	1138	0	1159
3179	3	7	1110	17	0	1137
3180	1088	2	12	12	0	1114
3181	1112	1	9	5	0	1127
3182	20	5	1105	3	0	1133
3183	1076	7	11	4	0	1098
3184	1117	3	6	5	0	1131
3185	19	4	1092	5	0	1120
3186	1071	2	13	7	0	1093
3187	19	3	1116	5	0	1143
3188	8	1133	19	2	0	1162
3189	1159	14	7	9	0	1189
3190	1169	6	3	4	0	1182
3191	20	6	1146	5	0	1177
3192	1147	5	12	9	0	1173
3193	1194	1	7	7	0	1209
3194	20	5	1153	4	0	1182
3195	1165	3	15	7	0	1190
3196	1183	2	7	3	0	1195
3197	17	3	1166	3	0	1189
3198	1179	3	15	2	0	1199
3199	14	6	6	1121	0	1147
3200	7	1	2	1139	0	1149
3201	7	3	1108	19	0	1137
3202	3	7	1133	6	0	1149
3203	5	4	18	1152	0	1179
3204	5	2	6	1163	0	1176
3205	1206	2	4	19	0	1231
3206	18	1	1193	5	0	1217
3207	1196	2	16	2	0	1216
3208	15	3	8	1232	0	1258
3209	10	4	1217	14	0	1245
3210	1269	3	12	8	0	1292
3211	19	0	5	1325	0	1349
3212	8	1	1344	15	0	1368
3213	1320	1	18	7	0	1346
3214	20	2	4	1362	0	1388
3215	1380	1	5	19	0	1405
3216	19	4	1464	5	0	1492
3217	8	0	19	1389	0	1416
3218	5	1506	5	17	0	1533
3219	1504	17	3	7	0	1531
3220	1498	2	3	4	0	1507
3221	23	1509	2	4	0	1538
3222	1550	16	5	4	0	1575
3223	1565	4	5	3	0	1577
3224	1549	1	5	3	0	1558
3225	23	1516	2	6	0	1547
3226	7	18	4	1526	0	1555
3227	5	5	1552	17	0	1579
3228	7	2	19	1512	0	1540
3229	5	2	5	1553	0	1565
3230	1	5	1496	26	0	1528
3231	6	3	1518	7	0	1534
3232	9	2	25	1409	0	1445
3233	7	1488	11	18	0	1524
3234	1513	17	5	5	0	1540
3235	1466	6	4	6	0	1482
3236	26	1521	4	4	0	1555
3237	1509	14	2	8	0	1533
3238	1511	7	7	2	0	1527
3239	25	3	1510	5	0	1543
3240	1485	5	18	8	0	1516
3241	26	1574	8	2	0	1610
3242	11	14	1524	4	0	1553
3243	5	8	1480	4	0	1497
3244	5	1471	17	4	0	1497
3245	1466	12	11	3	0	1492
3246	17	4	1470	3	0	1494
3247	12	2	14	1456	0	1484
3248	4	1	1471	22	0	1498
3249	1420	4	18	7	0	1449
3250	17	4	1787	9	0	1817
3251	5	6	1749	5	0	1765
3252	1696	2	20	4	0	1722
3253	22	1784	10	5	0	1821
3254	1838	16	5	8	0	1867
3255	1807	6	2	14	0	1829
3256	22	5	3	1766	0	1796
3257	11	1975	5	15	0	2006
3258	2007	16	6	12	0	2041
3259	20	11	2035	4	0	2070
3260	1980	2	15	7	0	2004
3261	19	2058	12	2	0	2091
3262	1983	14	1	6	0	2004
3263	1983	3	5	8	0	1999
3264	12	2007	8	7	0	2034
3265	7	10	4	2035	0	2056
3266	2052	5	7	15	0	2079
3267	14	2038	4	2	0	2058
3268	7	11	8	2067	0	2093
3269	2093	5	4	14	0	2116
3270	16	5	4	2160	0	2185
3271	16	2	2	2151	0	2171
3272	7	2156	5	22	0	2190
3273	2140	13	5	14	0	2172
3274	2222	8	3	8	0	2241
3275	2230	6	4	5	0	2245
3276	25	2260	2	3	0	2290
3277	2309	13	4	5	0	2331
3278	2297	9	4	12	0	2322
3279	22	6	5	2272	0	2305
3280	15	3	2	2302	0	2322
3281	27	8	2270	20	0	2325
3282	6	3	20	2282	0	2311
3283	7	4	10	2324	0	2345
3284	6	9	2332	20	0	2367
3285	2033	4	16	19	0	2072
3286	20	4	2338	7	0	2369
3287	16	9	2390	5	0	2420
3288	8	6	18	2374	0	2406
3289	12	3	8	2377	0	2400
3290	7	2398	15	19	0	2439
3291	2423	12	2	15	0	2452
3292	2387	11	1	9	0	2408
3293	25	2354	3	7	0	2389
3294	11	2560	6	12	0	2589
3295	15	24	3	2523	0	2565
3296	6	2628	5	16	0	2655
3297	2627	15	6	18	0	2666
3298	2636	16	5	11	0	2668
3299	33	6	5	2625	0	2669
3300	20	4	4	2630	0	2658
3301	2614	3	3	38	0	2658
3302	19	5	2541	17	0	2582
3303	2539	4	17	11	0	2571
3304	24	10	2521	5	0	2560
3305	2486	2	19	6	0	2513
3306	24	0	16	2526	0	2566
3307	15	5	2571	16	0	2607
3308	5	8	2510	16	0	2539
3309	2480	2	41	9	0	2532
3310	2527	3	15	5	0	2550
3311	27	2608	4	10	0	2649
3312	16	12	3	2752	0	2783
3313	8	15	1	2814	0	2838
3314	2772	2	2	35	0	2811
3315	21	2765	7	27	0	2820
3316	2700	14	7	7	0	2728
3317	17	2653	3	1	0	2674
3318	14	2653	7	2	0	2676
3319	2660	24	0	7	0	2691
3320	17	16	2601	3	0	2637
3321	21	2	19	2606	0	2648
3322	10	1	15	2624	0	2650
3323	3	8	2646	30	0	2687
3324	5	1	12	2634	0	2652
3325	5	3	15	2502	0	2525
3326	4	2639	1	28	0	2672
3327	2640	16	0	25	0	2681
3328	18	19	2636	4	0	2677
3329	2517	3	15	4	0	2539
3330	18	2629	15	6	0	2668
3331	17	19	3	2672	0	2711
3332	2762	14	4	32	0	2812
3333	21	2	2	2793	0	2818
3334	15	1	3	2804	0	2823
3335	7	2	2783	32	0	2824
3336	2582	1	17	25	0	2625
3337	2753	2	18	12	0	2785
3338	33	4	2770	8	0	2815
3339	21	3	19	2733	0	2776
3340	4	4	2745	20	0	2773
3341	2605	3	17	19	0	2644
3342	2759	3	18	4	0	2784
3343	39	5	1	2737	0	2782
3344	2765	3	3	24	0	2795
3345	16	9	2921	21	0	2967
3346	26	2	16	2905	0	2949
3347	9	5	12	2953	0	2979
3348	5	2	4	3011	0	3022
3349	3	2	2	2997	0	3004
3350	2630	2	0	39	0	2671
3351	22	4	2636	19	0	2681
3352	20	1	20	2654	0	2695
3353	7	4	2632	19	0	2662
3354	5	8	2560	17	0	2590
3355	5	2	33	2572	0	2612
3356	10	1	17	2610	0	2638
3357	2433	2	5	43	0	2483
3358	19	8	1	2467	0	2495
3359	25	2	4	2433	0	2464
3360	13	1	6	2457	0	2477
3361	2435	1	0	46	0	2482
3362	2439	4	5	33	0	2481
3363	2490	4	3	12	0	2509
3364	2442	3	1	8	0	2454
3365	38	2660	6	3	0	2707
3366	23	23	4	2651	0	2701
3367	8	17	8	2697	0	2730
3368	2768	4	2	45	0	2819
3369	28	2987	6	27	0	3048
3370	25	32	6	3122	0	3185
3371	7	19	3370	48	0	3444
3372	3575	4	51	24	0	3654
3373	61	3767	26	17	0	3871
3374	3969	58	6	16	0	4049
3375	4074	30	7	16	0	4127
3376	115	5	3	4025	0	4148
3377	49	8	3971	77	0	4105
3378	14	12	66	4093	0	4185
3379	4104	4	33	89	0	4230
3380	79	5	7	4116	0	4207
3381	4104	3	4	84	0	4195
3382	79	4043	7	44	0	4173
3383	4216	77	2	29	0	4324
3384	98	38	5	4227	0	4368
3385	49	8	8	4506	0	4571
3386	4646	6	6	129	0	4787
3387	4699	9	4	62	0	4774
3388	4742	5	4	26	0	4777
3389	4749	6	5	15	0	4775
3390	4742	6	7	20	0	4775
3391	130	4	5	4631	0	4770
3392	60	12	4545	87	0	4704
3393	18	4569	70	63	0	4720
3394	4460	73	41	22	0	4596
3395	89	44	4367	11	0	4511
3396	4329	8	73	18	0	4428
3397	97	4350	48	15	0	4510
3398	4428	71	10	20	0	4529
3399	97	37	5	4378	0	4517
3400	58	9	10	4441	0	4518
3401	27	4	4407	113	0	4551
3402	23	9	79	4395	0	4506
3403	25	10	4521	82	0	4638
3404	30	9	4529	55	0	4623
3405	4609	10	107	30	0	4756
3406	4760	12	37	27	0	4836
3407	129	14	4629	24	0	4796
3408	4555	6	83	35	0	4679
3409	4701	5	35	26	0	4767
3410	133	14	4554	23	0	4724
3411	73	4474	79	18	0	4644
3412	51	89	48	4567	0	4755
3413	4841	33	19	100	0	4993
3414	4994	11	14	61	0	5080
3415	5022	10	14	29	0	5075
3416	5016	14	15	25	0	5070
3417	5014	9	21	29	0	5073
3418	140	14	4855	17	0	5026
3419	71	23	5032	23	0	5149
3420	57	29	104	5062	0	5252
3421	5145	11	41	105	0	5302
3422	5197	11	18	69	0	5295
3423	5204	14	18	37	0	5273
3424	5061	10	19	39	0	5129
3425	124	4951	21	51	0	5147
3426	73	5203	23	37	0	5336
3427	5264	105	24	38	0	5431
3428	5314	43	19	33	0	5409
3429	139	5209	28	30	0	5406
3430	5360	71	19	32	0	5482
3431	120	52	5271	23	0	5466
3432	95	11	81	5260	0	5447
3433	59	16	5308	98	0	5481
3434	62	17	5272	46	0	5397
3435	72	16	109	5274	0	5471
3436	74	14	45	5456	0	5589
3437	67	14	5568	115	0	5764
3438	73	13	83	5448	0	5617
3439	65	20	48	5626	0	5759
3440	5635	15	24	134	0	5808
3441	5711	10	30	60	0	5811
3442	151	11	23	5700	0	5885
3443	95	12	5715	87	0	5909
3444	54	5657	102	61	0	5874
3445	5576	76	55	41	0	5748
3446	120	44	5869	30	0	6063
3447	89	5763	86	25	0	5963
3448	53	6043	59	28	0	6183
3449	6072	109	32	40	0	6253
3450	6158	40	25	28	0	6251
3451	162	16	21	6039	0	6238
3452	87	25	6266	85	0	6463
3453	56	15	91	6303	0	6465
3454	69	16	56	6408	0	6549
3455	58	13	29	6480	0	6580
3456	6347	11	30	128	0	6516
3457	112	6279	39	59	0	6489
3458	80	6599	32	47	0	6758
3459	59	106	29	6494	0	6688
3460	57	42	26	6668	0	6793
3461	6621	12	29	139	0	6801
3462	6455	9	18	79	0	6561
3463	6624	14	22	46	0	6706
3464	152	6496	29	28	0	6705
3465	6364	70	25	28	0	6487
3466	117	65	19	6282	0	6483
3467	64	30	6195	88	0	6377
3468	45	25	5815	45	0	5930
3469	5658	6	91	33	0	5788
3470	80	13	5692	10	0	5795
3471	56	18	5302	11	0	5387
3472	4839	9	51	21	0	4920
3473	32	12	4977	10	0	5031
3474	23	5	4847	12	0	4887
3475	15	29	39	4609	0	4692
3476	9	10	4939	19	0	4977
3477	16	8	16	4760	0	4800
3478	13	5	8	4871	0	4897
3479	10	6	4979	20	0	5015
3480	3	5045	22	23	0	5093
3481	5042	11	15	20	0	5088
3482	24	15	5127	6	0	5172
3483	12	19	4992	5	0	5028
3484	4129	2	22	20	0	4173
3485	13	10	4766	3	0	4792
3486	5	4628	14	3	0	4650
3487	5	4457	11	6	0	4479
3488	12	10	6	4692	0	4720
3489	6	5	4	4672	0	4687
3490	4733	0	3	39	0	4775
3491	4700	4	5	18	0	4727
3492	4702	1	4	16	0	4723
3493	17	3	2	4682	0	4704
3494	4721	1	4	25	0	4751
3495	4658	4	4	27	0	4693
3496	16	9	4676	5	0	4706
3497	13	5	4554	5	0	4577
3498	4	4713	22	6	0	4745
3499	3	14	6	4770	0	4793
3500	4763	6	1	19	0	4789
3501	13	4720	7	7	0	4747
3502	6	14	3	4800	0	4823
3503	4736	6	2	29	0	4773
3504	4658	0	4	19	0	4681
3505	17	4670	7	3	0	4697
3506	4645	14	2	13	0	4674
3507	4687	6	5	20	0	4718
3508	20	2	1	4676	0	4699
3509	7	7	4738	13	0	4765
3510	6	4639	12	11	0	4668
3511	4	4673	8	11	0	4696
3512	4500	14	3	8	0	4525
3513	15	9	1	4325	0	4350
3514	7	11	4328	12	0	4358
3515	3	4312	9	12	0	4336
3516	4347	11	6	13	0	4377
3517	4351	6	1	19	0	4377
3518	18	9	4392	5	0	4424
3519	11	6	13	4243	0	4273
3520	13	4	6	4634	0	4657
3521	9	8	5569	31	0	5617
3522	5632	4	37	32	0	5705
3523	7028	5	30	15	0	7078
3524	114	10	7	7836	0	7967
3525	48	8004	14	109	0	8175
3526	27	103	8	8663	0	8801
3527	22	69	8550	119	0	8760
3528	8359	15	110	74	0	8558
3529	132	7	65	8731	0	8935
3530	77	12	8658	119	0	8866
3531	8282	9	121	92	0	8504
3532	131	6	68	8647	0	8852
3533	84	5	19	8663	0	8771
3534	8540	5	17	188	0	8750
3535	119	8582	19	85	0	8805
3536	8612	108	8	31	0	8759
3537	142	68	7	8403	0	8620
3538	8414	14	7	139	0	8574
3539	136	16	8314	81	0	8547
3540	84	8358	118	39	0	8599
3541	34	122	69	8382	0	8607
3542	8450	70	21	149	0	8690
3543	138	8408	22	79	0	8647
3544	93	132	18	8399	0	8642
3545	8512	75	9	153	0	8749
3546	8308	20	19	98	0	8445
3547	272	19	20	8016	0	8327
3548	110	21	8015	162	0	8308
3549	52	21	7986	96	0	8155
3550	7957	8	202	50	0	8217
3551	156	7944	90	41	0	8231
3552	97	7922	33	38	0	8090
3553	7792	194	24	40	0	8050
3554	172	7926	25	24	0	8147
3555	112	154	18	7857	0	8141
3556	53	84	21	8020	0	8178
3557	7865	28	14	220	0	8127
3558	7776	26	17	108	0	7927
3559	7830	30	16	51	0	7927
3560	235	29	7524	38	0	7826
3561	138	23	142	7520	0	7823
3562	71	17	7596	162	0	7846
3563	47	24	7560	104	0	7735
3564	46	20	7701	46	0	7813
3565	63	15	228	7482	0	7788
3566	48	31	7613	158	0	7850
3567	53	25	7718	97	0	7893
3568	45	21	227	7538	0	7831
3569	7629	17	107	165	0	7918
3570	177	22	7592	98	0	7889
3571	112	21	161	7452	0	7746
3572	60	20	93	7668	0	7841
3573	51	26	7604	232	0	7913
3574	67	30	161	7572	0	7830
3575	40	28	7772	187	0	8027
3576	76	27	161	7569	0	7833
3577	80	20	95	7667	0	7862
3578	59	24	45	7725	0	7853
3579	55	16	40	7669	0	7780
3580	7370	18	44	262	0	7694
3581	7483	15	37	140	0	7675
3582	231	29	7303	58	0	7621
3583	119	7134	181	77	0	7511
3584	64	145	7334	46	0	7589
3585	52	91	7311	49	0	7503
3586	7105	24	244	56	0	7429
3587	164	7207	138	63	0	7572
3588	7289	146	58	62	0	7555
3589	180	7338	68	53	0	7639
3590	7364	160	56	52	0	7632
3591	7429	79	49	61	0	7618
3592	256	29	46	7178	0	7509
3593	117	7318	57	189	0	7681
3594	53	145	48	7407	0	7653
3595	62	89	44	7485	0	7680
3596	46	27	7367	274	0	7714
3597	37	7384	188	144	0	7753
3598	56	146	115	7417	0	7734
3599	7456	79	64	206	0	7805
3600	7746	27	46	132	0	7951
3601	7729	29	53	71	0	7882
3602	246	7552	61	71	0	7930
3603	7720	167	38	64	0	7989
3604	209	7981	54	54	0	8298
3605	146	189	32	8089	0	8456
3606	66	106	8065	203	0	8440
3607	77	47	182	7922	0	8228
3608	52	7956	131	209	0	8348
3609	59	196	52	8023	0	8330
3610	62	103	35	8022	0	8222
3611	49	8047	42	289	0	8427
3612	8054	192	30	151	0	8427
3613	225	114	38	7984	0	8361
3614	120	48	7886	223	0	8277
3615	87	33	198	7979	0	8297
3616	62	35	113	8179	0	8389
3617	59	38	8067	288	0	8452
3618	74	38	195	7512	0	7819
3619	49	7840	119	224	0	8232
3620	65	188	7696	111	0	8060
3621	72	92	6767	54	0	6985
3622	32	6288	213	55	0	6588
3623	29	5277	85	38	0	5429
3624	22	4361	20	31	0	4434
3625	3940	113	172	31	0	4256
3626	3620	38	25	27	0	3710
3627	3619	14	9	19	0	3661
3628	106	13	5	3525	0	3649
3629	40	8	3453	80	0	3581
3630	20	10	70	3427	0	3527
3631	21	8	30	3428	0	3487
3632	3401	7	13	98	0	3519
3633	3429	4	10	46	0	3489
3634	98	3390	20	20	0	3528
3635	3406	68	7	17	0	3498
3636	3437	35	6	21	0	3499
3637	3549	13	8	22	0	3592
3638	109	15	3450	10	0	3584
3639	43	14	3454	16	0	3527
3640	21	19	96	3337	0	3473
3641	13	11	3378	74	0	3476
3642	3165	10	73	41	0	3289
3643	3264	13	36	19	0	3332
3644	92	9	3153	9	0	3263
3645	3124	6	54	17	0	3201
3646	63	3132	39	7	0	3241
3647	3173	59	4	14	0	3250
3648	69	31	12	3105	0	3217
3649	39	11	8	3039	0	3097
3650	19	3072	8	92	0	3191
3651	3080	58	4	40	0	3182
3652	3078	33	8	19	0	3138
3653	75	3054	10	13	0	3152
3654	40	54	5	2964	0	3063
3655	20	35	6	2962	0	3023
3656	21	2966	11	79	0	3077
3657	16	58	8	2976	0	3058
3658	24	38	8	3024	0	3094
3659	2981	9	5	86	0	3081
3660	2978	4	10	51	0	3043
3661	78	17	2949	11	0	3055
3662	2919	11	51	25	0	3006
3663	59	12	2939	17	0	3027
3664	52	4	52	2882	0	2990
3665	15	13	2908	58	0	2994
3666	19	2863	55	40	0	2977
3667	25	50	45	2773	0	2893
3668	36	32	10	2817	0	2895
3669	2780	11	15	77	0	2883
3670	54	13	6	2787	0	2860
3671	39	10	2724	55	0	2828
3672	2754	8	53	49	0	2864
3673	2799	10	31	22	0	2862
3674	2835	13	8	22	0	2878
3675	2763	7	13	20	0	2803
3676	86	15	15	2848	0	2964
3677	56	12	3	2906	0	2977
3678	31	14	7	3018	0	3070
3679	35	17	8	3022	0	3082
3680	2933	6	15	106	0	3060
3681	2967	5	6	55	0	3033
3682	104	9	13	2703	0	2829
3683	48	2840	15	85	0	2988
3684	2876	57	11	44	0	2988
3685	73	37	2859	19	0	2988
3686	51	2860	63	18	0	2992
3687	2729	65	36	24	0	2854
3688	65	2757	18	11	0	2851
3689	40	64	2717	18	0	2839
3690	2744	37	62	12	0	2855
3691	2805	12	30	16	0	2863
3692	106	8	2738	11	0	2863
3693	52	10	65	2781	0	2908
3694	34	3	42	2755	0	2834
3695	19	2738	22	97	0	2876
3696	30	51	11	2747	0	2839
3697	2662	35	12	74	0	2783
3698	67	2645	6	55	0	2773
3699	42	54	9	2430	0	2535
3700	24	34	3	2474	0	2535
3701	24	13	2393	80	0	2510
3702	26	2382	49	39	0	2496
3703	2163	44	27	21	0	2255
3704	43	1875	7	11	0	1936
3705	28	1767	5	5	0	1805
3706	1750	45	5	10	0	1810
3707	35	23	5	1722	0	1785
3708	29	5	0	1739	0	1773
3709	1742	5	1	56	0	1804
3710	34	5	3	1806	0	1848
3711	28	3	1	1834	0	1866
3712	1840	0	5	58	0	1903
3713	42	3	2	1781	0	1828
3714	26	1737	6	40	0	1809
3715	1723	35	1	25	0	1784
3716	39	21	1651	6	0	1717
3717	26	1537	33	10	0	1606
3718	6	37	21	1471	0	1535
3719	4	24	1432	34	0	1494
3720	6	4	1463	23	0	1496
3721	9	36	49	1392	0	1486
3722	1423	3	18	30	0	1474
3723	30	1	4	1423	0	1458
3724	20	5	4	1437	0	1466
3725	11	2	3	1444	0	1460
3726	7	4	4	1469	0	1484
3727	5	7	0	1463	0	1475
3728	9	4	1383	47	0	1443
3729	4	7	1425	24	0	1460
3730	9	2	44	1424	0	1479
3731	10	0	1426	33	0	1469
3732	8	1427	31	24	0	1490
3733	9	29	20	1434	0	1492
3734	6	17	1387	31	0	1441
3735	1237	10	27	28	0	1302
3736	30	1369	18	8	0	1425
3737	13	1282	7	9	0	1311
3738	11	1303	5	5	0	1324
3739	7	41	5	1266	0	1319
3740	1282	15	2	34	0	1333
3741	26	8	1	1300	0	1335
3742	1266	3	3	37	0	1309
3743	31	1222	5	20	0	1278
3744	1255	25	3	17	0	1300
3745	33	14	2	1257	0	1306
3746	17	8	2	1257	0	1284
3747	11	1250	7	40	0	1308
3748	6	27	3	1281	0	1317
3749	9	11	4	1275	0	1299
3750	9	9	4	1287	0	1309
3751	1233	5	4	52	0	1294
3752	1235	5	8	23	0	1271
3753	40	4	1234	12	0	1290
3754	1221	6	26	14	0	1267
3755	33	8	1253	6	0	1300
3756	24	6	30	1229	0	1289
3757	7	3	17	1274	0	1301
3758	5	9	9	1267	0	1290
3759	9	5	1222	50	0	1286
3760	7	5	32	1236	0	1280
3761	7	6	1246	35	0	1294
3762	4	6	29	1255	0	1294
3763	1248	7	17	37	0	1309
3764	29	5	1225	24	0	1283
3765	1236	4	30	19	0	1289
3766	32	5	16	1253	0	1306
3767	1246	5	6	38	0	1295
3768	31	1234	10	25	0	1300
3769	16	28	8	1252	0	1304
3770	12	11	1346	36	0	1405
3771	13	7	26	1387	0	1433
3772	13	5	17	1338	0	1373
3773	9	1363	9	39	0	1420
3774	6	25	1330	29	0	1390
3775	5	1269	25	12	0	1311
3776	1054	34	9	18	0	1115
3777	17	1122	8	10	0	1157
3778	1024	18	5	6	0	1053
3779	1025	7	5	5	0	1042
3780	1027	3	1	6	0	1037
3781	27	2	2	1011	0	1042
3782	10	1	1013	20	0	1044
3783	4	2	17	991	0	1014
3784	4	1032	11	15	0	1062
3785	4	14	4	1034	0	1056
3786	1013	8	2	18	0	1041
3787	16	1014	6	10	0	1046
3788	10	14	1	988	0	1013
3789	4	5	4	994	0	1007
3790	965	2	3	25	0	995
3791	16	5	979	10	0	1010
3792	6	949	18	10	0	983
3793	3	11	8	889	0	911
3794	6	5	880	14	0	905
3795	5	2	12	853	0	872
3796	3	871	7	10	0	891
3797	4	17	2	913	0	936
3798	5	5	2	905	0	917
3799	7	2	2	909	0	920
3800	2	1	878	16	0	897
3801	852	1	11	14	0	878
3802	10	3	5	958	0	976
3803	1096	2	3	18	0	1119
3804	1150	4	2	10	0	1166
3805	1155	4	0	8	0	1167
3806	1158	2	2	8	0	1170
3807	1172	5	1	3	0	1181
3808	23	1	1	1136	0	1161
3809	6	1097	4	17	0	1124
3810	5	12	1	1036	0	1054
3811	1	1035	2	14	0	1052
3812	1	12	1	992	0	1006
3813	996	0	1	11	0	1008
3814	12	2	0	999	0	1013
3815	1	2	999	12	0	1014
3816	949	0	9	3	0	961
3817	10	1025	3	3	0	1041
3818	1045	9	1	5	0	1060
3819	1044	0	0	3	0	1047
3820	985	1	0	0	0	986
3821	8	1016	1	3	0	1028
3822	2	8	0	1036	0	1046
3823	0	0	0	1052	0	1052
3824	2	1	1056	7	0	1066
3825	2	0	10	1002	0	1014
3826	2	1	0	1028	0	1031
3827	4	1	1	1030	0	1036
3828	2	1030	0	14	0	1046
3829	1037	9	2	2	0	1050
3830	1015	2	1	1	0	1019
3831	10	2	1042	3	0	1057
3832	0	1040	11	2	0	1053
3833	2	9	2	1071	0	1084
3834	1	2	0	1084	0	1087
3835	1	0	0	1093	0	1094
3836	4	0	1	1098	0	1103
3837	4	2	0	1119	0	1125
3838	2	3	1099	11	0	1115
3839	1	4	1039	4	0	1048
3840	1063	0	10	2	0	1075
3841	1134	2	2	0	0	1138
3842	1125	1	0	3	0	1129
3843	13	1	1	1126	0	1141
3844	4	3	1098	12	0	1117
3845	1092	1	12	6	0	1111
3846	1124	2	3	5	0	1134
3847	12	4	1078	2	0	1096
3848	1065	1	11	2	0	1079
3849	13	2	1257	2	0	1274
3850	4	1	12	1264	0	1281
3851	3	4	1278	11	0	1296
3852	1242	0	11	8	0	1261
3853	1286	1	2	4	0	1293
3854	1300	1	1	1	0	1303
3855	1267	0	0	7	0	1274
3856	15	3	1340	2	0	1360
3857	5	1331	13	3	0	1352
3858	1357	14	3	3	0	1377
3859	1382	3	2	4	0	1391
3860	15	2	1380	2	0	1399
3861	3	2	15	1347	0	1367
3862	4	1	2	1422	0	1429
3863	4	1	1385	18	0	1408
3864	1290	2	16	8	0	1316
3865	1397	1	7	3	0	1408
3866	19	1385	1	13	0	1418
3867	1449	17	0	7	0	1473
3868	1463	6	1	3	0	1473
3869	1470	2	3	2	0	1477
3870	1388	0	2	6	0	1396
3871	21	4	1323	1	0	1349
3872	1281	1	16	6	0	1304
3873	15	0	5	1320	0	1340
3874	6	1337	6	17	0	1366
3875	2	18	1317	6	0	1343
3876	5	1337	13	7	0	1362
3877	3	12	5	1294	0	1314
3878	5	2	1323	13	0	1343
3879	1244	4	16	4	0	1268
3880	18	3	1340	2	0	1363
3881	1334	0	16	3	0	1353
3882	18	1	7	1334	0	1360
3883	9	2	3	1337	0	1351
3884	5	1303	3	23	0	1334
3885	3	1349	0	8	0	1360
3886	2	18	6	1369	0	1395
3887	1357	4	1	18	0	1380
3888	1349	0	3	9	0	1361
3889	1340	2	7	2	0	1351
3890	22	1	1351	1	0	1375
3891	1304	1	17	3	0	1325
3892	21	2	1420	4	0	1447
3893	10	2	1360	2	0	1374
3894	1393	1	18	4	0	1416
3895	1449	0	4	2	0	1455
3896	25	3	1470	2	0	1500
3897	11	1	18	1448	0	1478
3898	7	1	8	1516	0	1532
3899	1509	3	1	18	0	1531
3900	1492	2	4	5	0	1503
3901	22	1	1593	6	0	1622
3902	6	1551	18	3	0	1578
3903	3	1442	9	5	0	1459
3904	1399	12	1	3	0	1415
3905	15	4	3	1393	0	1415
3906	9	2	1	1428	0	1440
3907	7	1	2	1450	0	1460
3908	1253	6	3	17	0	1279
3909	17	0	1	1447	0	1465
3910	1447	2	1	17	0	1467
3911	1484	3	4	7	0	1498
3912	18	1602	1	3	0	1624
3913	8	11	2	1771	0	1792
3914	5	9	1764	16	0	1794
3915	1722	2	17	9	0	1750
3916	1753	3	12	9	0	1777
3917	1785	2	4	4	0	1795
3918	31	3	1818	2	0	1854
3919	20	2	17	1832	0	1871
3920	1878	0	12	20	0	1910
3921	1823	1	5	12	0	1841
3922	1818	1	7	7	0	1833
3923	30	1809	5	4	0	1848
3924	15	1828	4	6	0	1853
3925	10	24	3	1915	0	1952
3926	6	13	2	1906	0	1927
3927	5	1892	6	27	0	1930
3928	1894	18	0	19	0	1931
3929	24	13	1942	3	0	1982
3930	19	5	17	1960	0	2001
3931	14	1	9	1963	0	1987
3932	9	3	1946	29	0	1987
3933	1825	5	21	15	0	1866
3934	1965	4	13	11	0	1993
3935	27	1921	9	20	0	1977
3936	1944	18	3	5	0	1970
3937	27	11	2006	4	0	2048
3938	1959	6	19	11	0	1995
3939	23	1	2008	6	0	2038
3940	1985	18	25	14	0	2042
3941	2033	1	12	10	0	2056
3942	2045	3	6	7	0	2061
3943	2034	3	4	4	0	2045
3944	32	2036	5	6	0	2079
3945	2084	15	2	5	0	2106
3946	2139	10	4	11	0	2164
3947	29	8	2130	5	0	2172
3948	2148	13	19	6	0	2186
3949	25	3	10	2101	0	2139
3950	20	2	2080	18	0	2120
3951	2079	3	16	13	0	2111
3952	24	4	10	2117	0	2155
3953	2159	2	3	24	0	2188
3954	2388	3	6	32	0	2429
3955	34	4	2593	6	0	2637
3956	2568	1	16	12	0	2597
3957	2629	3	12	8	0	2652
3958	2645	1	5	3	0	2654
3959	2643	0	5	8	0	2656
3960	34	2	3	2578	0	2617
3961	22	2594	5	20	0	2641
3962	2536	14	4	14	0	2568
3963	2611	7	2	7	0	2627
3964	2626	3	2	6	0	2637
3965	34	6	2606	3	0	2649
3966	19	2583	17	14	0	2633
3967	12	12	8	2607	0	2639
3968	16	8	4	2616	0	2644
3969	9	8	2679	23	0	2719
3970	12	1	20	2664	0	2697
3971	8	4	2681	27	0	2720
3972	10	1	26	2652	0	2689
3973	15	1	10	2694	0	2720
3974	8	7	2696	32	0	2743
3975	2576	3	24	19	0	2622
3976	2744	3	12	9	0	2768
3977	33	4	2763	7	0	2807
3978	2701	2	19	15	0	2737
3979	2803	1	12	9	0	2825
3980	37	7	2927	2	0	2973
3981	17	3	21	2927	0	2968
3982	11	1	10	3002	0	3024
3983	3008	1	5	37	0	3051
3984	27	3075	7	33	0	3142
3985	2971	19	3	12	0	3005
3986	3090	14	5	11	0	3120
3987	33	3173	5	8	0	3219
3988	3223	17	2	9	0	3251
3989	3223	11	5	9	0	3248
3990	34	3183	8	3	0	3228
3991	18	21	7	3223	0	3269
3992	7	3231	5	27	0	3270
3993	14	18	5	3235	0	3272
3994	11	14	3202	21	0	3248
3995	13	12	3174	16	0	3215
3996	3169	6	31	16	0	3222
3997	3242	6	18	13	0	3279
3998	34	5	3264	6	0	3309
3999	3234	5	24	11	0	3274
4000	3334	3	16	9	0	3362
4001	3246	3	8	10	0	3267
4002	37	3334	13	6	0	3390
4003	22	23	6	3416	0	3467
4004	3444	10	7	29	0	3490
4005	3422	3	5	15	0	3445
4006	38	6	3484	7	0	3535
4007	29	4	22	3440	0	3495
4008	21	3	10	3507	0	3541
4009	10	3522	10	27	0	3569
4010	18	3713	8	15	0	3754
4011	15	49	4	3617	0	3685
4012	10	3669	8	32	0	3719
4013	3505	25	6	17	0	3553
4014	33	3600	8	12	0	3653
4015	3750	27	6	16	0	3799
4016	37	20	3747	7	0	3811
4017	3841	4	30	12	0	3887
4018	3950	0	18	11	0	3979
4019	3942	6	5	9	0	3962
4020	3873	0	7	7	0	3887
4021	54	3862	6	7	0	3929
4022	20	40	2	3941	0	4003
4023	10	15	1	3982	0	4008
4024	9	6	3942	55	0	4012
4025	11	4	40	3826	0	3881
4026	11	4	15	3956	0	3986
4027	3945	3	7	54	0	4009
4028	42	4013	6	21	0	4082
4029	22	33	4	4023	0	4082
4030	12	29	7	4070	0	4118
4031	16	9	0	4145	0	4170
4032	4093	5	2	75	0	4175
4033	55	4	5	4111	0	4175
4034	4155	7	7	55	0	4224
4035	49	2	4	4192	0	4247
4036	26	5	4	4235	0	4270
4037	19	8	4020	59	0	4106
4038	3675	8	46	33	0	3762
4039	53	4079	20	14	0	4166
4040	4203	40	9	15	0	4267
4041	58	22	3	4151	0	4234
4042	34	4	4	4247	0	4289
4043	4353	8	5	67	0	4433
4044	4442	5	4	30	0	4481
4045	74	7	2	4602	0	4685
4046	22	7	4701	72	0	4802
4047	15	7	4662	31	0	4715
4048	9	4833	80	17	0	4939
4049	4896	59	24	22	0	5001
4050	4881	24	5	21	0	4931
4051	92	7	5	4897	0	5001
4052	33	5057	5	64	0	5159
4053	19	68	1	5089	0	5177
4054	18	25	7	4816	0	4866
4055	9	4555	9	112	0	4685
4056	4604	71	5	36	0	4716
4057	81	25	9	4623	0	4738
4058	43	4738	10	74	0	4865
4059	16	4997	16	38	0	5067
4060	4968	94	11	20	0	5093
4061	77	40	4968	14	0	5099
4062	4996	19	69	20	0	5104
4063	97	14	29	5035	0	5175
4064	56	7	8	5043	0	5114
4065	17	5075	8	113	0	5213
4066	31	88	6	5166	0	5291
4067	35	36	5178	89	0	5338
4068	21	5107	68	51	0	5247
4069	16	5236	37	23	0	5312
4070	5146	100	10	36	0	5292
4071	70	5282	16	27	0	5395
4072	45	86	6	5222	0	5359
4073	25	5274	4	99	0	5402
4074	26	73	7	5332	0	5438
4075	43	39	8	5356	0	5446
4076	22	33	5199	114	0	5368
4077	28	10	70	5165	0	5273
4078	16	19	34	5252	0	5321
4079	5128	28	13	129	0	5298
4080	96	19	5062	57	0	5234
4081	59	20	74	5113	0	5266
4082	34	24	5119	95	0	5272
4083	5008	29	73	67	0	5177
4084	87	5201	48	52	0	5388
4085	5515	83	20	55	0	5673
4086	113	50	9	5610	0	5782
4087	68	20	8	5700	0	5796
4088	23	24	5617	153	0	5817
4089	5070	18	91	79	0	5258
4090	100	5664	50	51	0	5865
4091	5471	109	21	45	0	5646
4092	124	51	12	5578	0	5765
4093	62	5723	18	104	0	5907
4094	5738	105	16	86	0	5945
4095	106	5799	26	43	0	5974
4096	64	102	14	5787	0	5967
4097	35	49	17	5838	0	5939
4098	41	21	17	5836	0	5915
4099	35	5716	22	160	0	5933
4100	28	110	18	5794	0	5950
4101	38	61	20	5839	0	5958
4102	5678	22	19	158	0	5877
4103	5703	42	11	71	0	5827
4104	5744	26	17	40	0	5827
4105	155	24	5682	47	0	5908
4106	5680	37	96	50	0	5863
4107	5831	31	36	48	0	5946
4108	5660	34	24	56	0	5774
4109	141	27	5346	50	0	5564
4110	5369	31	71	50	0	5521
4111	133	16	35	5513	0	5697
4112	52	31	5397	115	0	5595
4113	29	5332	84	72	0	5517
4114	49	130	29	5135	0	5343
4115	33	5126	21	81	0	5261
4116	25	5221	14	61	0	5321
4117	4981	88	35	32	0	5136
4118	96	28	14	4968	0	5106
4119	5019	15	16	91	0	5141
4120	89	19	18	4999	0	5125
4121	5018	22	9	83	0	5132
4122	85	15	10	5025	0	5135
4123	5005	31	11	85	0	5132
4124	80	29	4844	39	0	4992
4125	50	28	65	4883	0	5026
4126	25	27	4993	88	0	5133
4127	28	21	4788	54	0	4891
4128	12	28	4931	35	0	5006
4129	33	31	76	4861	0	5001
4130	22	24	4895	92	0	5033
4131	4805	16	66	55	0	4942
4132	81	22	30	4874	0	5007
4133	42	11	5022	100	0	5175
4134	27	15	73	4995	0	5110
4135	30	14	36	5044	0	5124
4136	24	15	5273	105	0	5417
4137	30	7	75	5290	0	5402
4138	41	12	30	5249	0	5332
4139	34	5411	25	88	0	5558
4140	5373	63	22	47	0	5505
4141	5431	28	18	33	0	5510
4142	103	14	5253	36	0	5406
4143	5063	15	68	23	0	5169
4144	83	16	4982	24	0	5105
4145	36	17	4727	25	0	4805
4146	20	10	4708	22	0	4760
4147	26	51	81	4464	0	4622
4148	11	13	4579	56	0	4659
4149	14	16	47	4484	0	4561
4150	16	7	16	4596	0	4635
4151	15	12	7	4586	0	4620
4152	22	5	11	4528	0	4566
4153	4474	7	4	63	0	4548
4154	4485	7	6	45	0	4543
4155	63	4609	15	24	0	4711
4156	34	42	6	4625	0	4707
4157	18	25	4592	52	0	4687
4158	14	4639	54	26	0	4733
4159	26	52	16	4712	0	4806
4160	20	22	4741	57	0	4840
4161	19	3	55	4599	0	4676
4162	12	9	4689	64	0	4774
4163	12	16	4673	23	0	4724
4164	23	3	71	4720	0	4817
4165	15	12	22	4760	0	4809
4166	4667	2	13	81	0	4763
4167	68	10	9	4592	0	4679
4168	4559	2	9	83	0	4653
4169	58	4488	10	26	0	4582
4170	16	4650	11	12	0	4689
4171	24	71	5	4666	0	4766
4172	4684	14	9	72	0	4779
4173	64	4684	10	25	0	4783
4174	27	66	5	4786	0	4884
4175	4987	16	11	87	0	5101
4176	5091	8	13	32	0	5144
4177	5054	7	7	23	0	5091
4178	5078	3	10	20	0	5111
4179	5159	6	12	20	0	5197
4180	79	9	4994	15	0	5097
4181	21	5	4955	17	0	4998
4182	11	4940	77	10	0	5038
4183	19	100	25	4876	0	5020
4184	9	17	5066	54	0	5146
4185	5	10	4809	16	0	4840
4186	19	4	65	4741	0	4829
4187	5	7	5045	50	0	5107
4188	9	8	5006	26	0	5049
4189	5	6707	74	15	0	6801
4190	6637	97	18	13	0	6765
4191	80	7098	13	14	0	7205
4192	48	97	8	6917	0	7070
4193	7306	29	3	105	0	7443
4194	100	7458	10	36	0	7604
4195	51	97	8	7365	0	7521
4196	21	42	7456	106	0	7625
4197	7565	10	100	45	0	7720
4198	7757	7	36	20	0	7820
4199	7803	6	10	20	0	7839
4200	155	6	6	7797	0	7964
4201	50	18	7758	110	0	7936
4202	16	7679	111	45	0	7851
4203	24	126	31	7649	0	7830
4204	7622	35	22	115	0	7794
4205	133	18	7602	36	0	7789
4206	36	7338	114	23	0	7511
4207	25	106	7549	15	0	7695
4208	7496	38	119	21	0	7674
4209	7827	12	37	22	0	7898
4210	7819	5	13	20	0	7857
4211	151	13	7572	14	0	7750
4212	52	7566	122	9	0	7749
4213	39	108	41	7631	0	7819
4214	25	38	21	7737	0	7821
4215	30	13	15	7677	0	7735
4216	9	20	7502	148	0	7679
4217	7340	6	114	75	0	7535
4218	130	17	7608	17	0	7772
4219	7675	6	122	19	0	7822
4220	7895	8	46	25	0	7974
4221	7911	11	27	18	0	7967
4222	7714	21	17	23	0	7775
4223	156	16	7650	12	0	7834
4224	76	15	112	7654	0	7857
4225	35	17	7589	118	0	7759
4226	29	7413	126	52	0	7620
4227	22	7672	46	29	0	7769
4228	7707	152	21	30	0	7910
4229	7543	65	14	29	0	7651
4230	164	7708	24	26	0	7922
4231	7808	132	16	25	0	7981
4232	167	66	6477	29	0	6739
4233	7513	27	101	37	0	7678
4234	144	7655	56	23	0	7878
4235	7818	130	17	35	0	8000
4236	7667	50	17	30	0	7764
4237	216	27	20	7413	0	7676
4238	97	11	30	7521	0	7659
4239	7356	26	32	164	0	7578
4240	156	30	21	7370	0	7577
4241	7401	14	27	170	0	7612
4242	182	17	23	7384	0	7606
4243	7369	15	34	155	0	7573
4244	7314	22	29	60	0	7425
4245	186	7189	50	33	0	7458
4246	80	7383	33	34	0	7530
4247	7144	170	34	36	0	7384
4248	164	7262	32	30	0	7488
4249	89	160	39	7177	0	7465
4250	73	61	31	7251	0	7416
4251	7003	45	32	199	0	7279
4252	156	7082	39	98	0	7375
4253	93	7028	34	49	0	7204
4254	58	7089	51	36	0	7234
4255	91	170	6825	37	0	7123
4256	70	72	6871	25	0	7038
4257	85	43	6913	38	0	7079
4258	112	56	182	6030	0	6380
4259	82	6568	67	120	0	6837
4260	6639	141	27	76	0	6883
4261	165	71	6541	54	0	6831
4262	96	35	6573	62	0	6766
4263	84	34	6639	34	0	6791
4264	90	46	158	6534	0	6828
4265	99	31	73	6647	0	6850
4266	111	19	43	6678	0	6851
4267	6631	37	38	164	0	6870
4268	6661	52	30	73	0	6816
4269	6710	26	37	54	0	6827
4270	223	34	40	6462	0	6759
4271	96	34	6279	140	0	6549
4272	73	54	6397	58	0	6582
4273	82	27	155	6397	0	6661
4274	88	43	64	6357	0	6552
4275	6164	32	40	178	0	6414
4276	168	6083	48	85	0	6384
4277	6112	114	36	43	0	6305
4278	167	6042	43	54	0	6306
4279	119	121	30	6037	0	6307
4280	80	60	5974	157	0	6271
4281	83	27	123	5994	0	6227
4282	6046	28	44	155	0	6273
4283	158	33	6002	74	0	6267
4284	5728	33	122	54	0	5937
4285	170	33	5707	31	0	5941
4286	91	41	5626	29	0	5787
4287	5201	41	120	52	0	5414
4288	155	27	5304	30	0	5516
4289	51	14	3411	17	0	3493
4290	75	3350	82	17	0	3524
4291	2952	73	92	24	0	3141
4292	2806	14	11	15	0	2846
4293	2804	4	11	10	0	2829
4294	44	10	2644	15	0	2713
4295	2517	2	35	16	0	2570
4296	40	2593	14	9	0	2656
4297	2494	31	5	9	0	2539
4298	36	16	2516	7	0	2575
4299	30	3	25	2405	0	2463
4300	7	7	2338	29	0	2381
4301	5	2388	24	17	0	2434
4302	6	28	10	2344	0	2388
4303	8	6	5	2399	0	2418
4304	2448	3	4	34	0	2489
4305	2460	6	4	24	0	2494
4306	2443	6	5	7	0	2461
4307	2409	5	8	10	0	2432
4308	2360	5	7	10	0	2382
4309	27	10	2328	6	0	2371
4310	13	5	21	2309	0	2348
4311	11	8	2427	23	0	2469
4312	10	7	26	2397	0	2440
4313	2422	1	9	27	0	2459
4314	2430	5	9	12	0	2456
4315	2453	3	10	4	0	2470
4316	2490	6	7	7	0	2510
4317	36	8	2583	5	0	2632
4318	13	4	29	2547	0	2593
4319	11	8	2559	28	0	2606
4320	10	2597	33	10	0	2650
4321	11	2650	13	3	0	2677
4322	14	40	7	2538	0	2599
4323	8	12	9	2798	0	2827
4324	13	4	6	2834	0	2857
4325	8	3	5	2934	0	2950
4326	2853	2	8	60	0	2923
4327	47	2836	6	21	0	2910
4328	2738	32	3	8	0	2781
4329	40	17	5	2713	0	2775
4330	27	4	4	2692	0	2727
4331	7	2732	10	50	0	2799
4332	6	31	9	2770	0	2816
4333	2720	20	1	39	0	2780
4334	38	2636	4	23	0	2701
4335	21	2619	3	4	0	2647
4336	2576	45	3	12	0	2636
4337	44	19	5	2604	0	2672
4338	22	2591	1	38	0	2652
4339	7	44	2	2649	0	2702
4340	2670	18	0	41	0	2729
4341	40	2	2	2655	0	2699
4342	25	4	1	2669	0	2699
4343	2641	4	7	55	0	2707
4344	40	3	3	2649	0	2695
4345	24	2648	7	38	0	2717
4346	5	36	2	2636	0	2679
4347	6	2652	8	40	0	2706
4348	10	32	3	2674	0	2719
4349	2646	18	1	45	0	2710
4350	2671	7	2	29	0	2709
4351	54	4	2	2686	0	2746
4352	26	7	2617	40	0	2690
4353	2545	4	34	35	0	2618
4354	39	4	2644	10	0	2697
4355	2612	2	32	13	0	2659
4356	2640	2	19	12	0	2673
4357	57	6	2586	6	0	2655
4358	23	2537	30	9	0	2599
4359	2559	30	18	16	0	2623
4360	2548	20	5	14	0	2587
4361	48	8	2613	9	0	2678
4362	2557	5	29	16	0	2607
4363	2577	7	17	12	0	2613
4364	2574	5	3	12	0	2594
4365	48	5	4	2558	0	2615
4366	23	4	1	2586	0	2614
4367	9	2614	5	55	0	2683
4368	6	30	1	2692	0	2729
4369	14	19	1	2708	0	2742
4370	8	11	2624	55	0	2698
4371	7	4	2538	30	0	2579
4372	2370	2	49	16	0	2437
4373	2510	5	18	15	0	2548
4374	44	2497	10	9	0	2560
4375	28	31	3	2505	0	2567
4376	17	24	2529	36	0	2606
4377	12	10	35	2573	0	2630
4378	13	7	18	2623	0	2661
4379	20	5	7	2683	0	2715
4380	7	2692	7	58	0	2764
4381	11	37	5	2790	0	2843
4382	16	18	4	2827	0	2865
4383	11	7	2759	57	0	2834
4384	12	14	2782	27	0	2835
4385	2674	6	52	21	0	2753
4386	2812	4	25	13	0	2854
4387	62	14	9	2982	0	3067
4388	28	11	6	2917	0	2962
4389	19	5	1	3045	0	3070
4390	12	7	2904	89	0	3012
4391	7	2832	55	60	0	2954
4392	21	53	2872	19	0	2965
4393	2823	30	58	17	0	2928
4394	62	16	2914	17	0	3009
4395	2922	7	59	21	0	3009
4396	2911	6	32	17	0	2966
4397	2988	7	11	16	0	3022
4398	96	4	7	2934	0	3041
4399	47	12	2959	64	0	3082
4400	14	3040	57	46	0	3157
4401	15	62	30	3003	0	3110
4402	17	32	14	3104	0	3167
4403	10	16	3181	89	0	3296
4404	13	3121	72	46	0	3252
4405	3233	63	41	18	0	3355
4406	82	3319	14	14	0	3429
4407	3561	87	9	17	0	3674
4408	114	39	3	3545	0	3701
4409	56	11	3648	103	0	3818
4410	13	3688	104	54	0	3859
4411	3683	105	47	23	0	3858
4412	117	44	3714	15	0	3890
4413	3738	15	112	12	0	3877
4414	3837	4	47	16	0	3904
4415	164	7	3772	12	0	3955
4416	3752	6	111	17	0	3886
4417	3754	6	43	10	0	3813
4418	3743	2	20	18	0	3783
4419	159	3583	14	11	0	3767
4420	3475	101	6	8	0	3590
4421	113	3479	15	11	0	3618
4422	49	107	3496	8	0	3660
4423	11	3526	99	9	0	3645
4424	3426	95	65	11	0	3597
4425	3524	35	10	10	0	3579
4426	3539	15	9	8	0	3571
4427	133	4	4	3446	0	3587
4428	51	6	12	3537	0	3606
4429	3413	13	6	126	0	3558
4430	3512	8	2	46	0	3568
4431	132	6	8	3389	0	3535
4432	54	5	3349	93	0	3501
4433	21	3236	93	41	0	3391
4434	15	3407	43	12	0	3477
4435	20	113	13	3335	0	3481
4436	20	36	3344	86	0	3486
4437	20	15	86	3180	0	3301
4438	18	3208	39	92	0	3357
4439	21	83	14	3239	0	3357
4440	17	43	3203	89	0	3352
4441	18	16	89	3241	0	3364
4442	16	12	3348	90	0	3466
4443	26	10	89	3333	0	3458
4444	27	11	3467	93	0	3598
4445	20	14	3485	40	0	3559
4446	3345	8	117	18	0	3488
4447	3470	5	47	21	0	3543
4448	3523	13	21	10	0	3567
4449	141	3378	6	25	0	3550
4450	64	83	17	3424	0	3588
4451	3384	37	14	91	0	3526
4452	3488	18	12	44	0	3562
4453	3493	12	11	27	0	3543
4454	139	18	3366	10	0	3533
4455	58	3220	85	14	0	3377
4456	28	3410	45	20	0	3503
4457	3387	111	22	20	0	3540
4458	110	51	13	3370	0	3544
4459	3391	21	15	94	0	3521
4460	99	14	3385	39	0	3537
4461	55	14	93	3325	0	3487
4462	39	14	36	3424	0	3513
4463	36	12	19	3307	0	3374
4464	21	3332	20	125	0	3498
4465	3342	86	13	44	0	3485
4466	3371	40	18	27	0	3456
4467	131	3250	23	12	0	3416
4468	64	93	11	3236	0	3404
4469	3250	42	14	91	0	3397
4470	105	22	17	3246	0	3390
4471	3265	13	13	98	0	3389
4472	109	3189	13	47	0	3358
4473	3216	91	16	25	0	3348
4474	114	44	3167	17	0	3342
4475	64	3192	91	22	0	3369
4476	44	84	3229	23	0	3380
4477	40	86	94	3117	0	3337
4478	3142	18	47	89	0	3296
4479	3190	15	23	38	0	3266
4480	3180	14	20	17	0	3231
4481	149	16	17	2961	0	3143
4482	3002	14	15	98	0	3129
4483	120	16	10	2944	0	3090
4484	2963	14	12	98	0	3087
4485	2997	13	18	56	0	3084
4486	130	12	2943	36	0	3121
4487	51	12	2756	21	0	2840
4488	34	16	2737	19	0	2806
4489	29	20	83	2604	0	2736
4490	2603	9	55	66	0	2733
4491	79	15	14	2689	0	2797
4492	48	17	16	2738	0	2819
4493	2830	5	13	106	0	2954
4494	2874	11	11	47	0	2943
4495	2894	5	12	30	0	2941
4496	2917	11	11	26	0	2965
4497	102	12	4	2856	0	2974
4498	2804	5	11	75	0	2895
4499	79	2751	18	40	0	2888
4500	2732	61	15	26	0	2834
4501	2743	26	20	26	0	2815
4502	90	13	2598	13	0	2714
4503	2412	8	58	26	0	2504
4504	71	8	2402	14	0	2495
4505	26	16	2231	6	0	2279
4506	18	5	2222	20	0	2265
4507	21	35	36	1857	0	1949
4508	9	4	1935	23	0	1971
4509	16	13	12	1809	0	1850
4510	5	4	1833	19	0	1861
4511	7	6	1921	12	0	1946
4512	3	0	19	1854	0	1876
4513	7	2	9	2032	0	2050
4514	7	8	2124	26	0	2165
4515	1989	0	17	16	0	2022
4516	21	1	14	2109	0	2145
4517	15	2	4	2157	0	2178
4518	2131	2	6	33	0	2172
4519	19	1	3	2185	0	2208
4520	12	4	2169	19	0	2204
4521	8	5	2071	10	0	2094
4522	2	0	27	1988	0	2017
4523	2	5	2060	22	0	2089
4524	1	2154	20	8	0	2183
4525	1	19	6	2116	0	2142
4526	2142	6	0	22	0	2170
4527	21	2	2108	7	0	2138
4528	2016	1	19	9	0	2045
4529	21	0	7	2169	0	2197
4530	7	0	1	2191	0	2199
4531	2	1	0	2201	0	2204
4532	3	1	0	2214	0	2218
4533	2143	1	3	32	0	2179
4534	22	2285	4	12	0	2323
4535	12	27	1	2322	0	2362
4536	3	10	2	2350	0	2365
4537	5	3	1	2352	0	2361
4538	3	2	2	2361	0	2368
4539	2310	0	3	44	0	2357
4540	29	2280	9	17	0	2335
4541	2261	26	0	9	0	2296
4542	24	2156	6	15	0	2201
4543	10	2215	3	3	0	2231
4544	2103	35	2	5	0	2145
4545	30	15	2128	4	0	2177
4546	12	1	30	2160	0	2203
4547	2206	1	11	36	0	2254
4548	2274	1	3	27	0	2305
4549	2138	5	4	22	0	2169
4550	2343	0	3	9	0	2355
4551	38	2422	2	11	0	2473
4552	2487	33	4	10	0	2534
4553	2534	20	2	6	0	2562
4554	51	2668	4	7	0	2730
4555	21	42	3	2795	0	2861
4556	5	24	2806	46	0	2881
4557	5	4	46	2826	0	2881
4558	2801	0	26	61	0	2888
4559	50	6	2906	27	0	2989
4560	26	2850	51	10	0	2937
4561	10	55	2993	8	0	3066
4562	9	27	53	2779	0	2868
4563	3	2919	26	54	0	3002
4564	2972	50	8	31	0	3061
4565	50	2992	6	11	0	3059
4566	36	52	1	2967	0	3056
4567	13	31	2	3073	0	3119
4568	2992	6	1	79	0	3078
4569	59	7	0	3001	0	3067
4570	26	3009	5	54	0	3094
4571	3003	50	3	42	0	3098
4572	3047	25	3	18	0	3093
4573	76	3066	1	8	0	3151
4574	3071	55	2	9	0	3137
4575	57	3023	4	9	0	3093
4576	3001	57	2	9	0	3069
4577	54	2993	5	16	0	3068
4578	38	54	7	2918	0	3017
4579	14	33	6	3076	0	3129
4580	3003	8	6	75	0	3092
4581	3094	8	6	37	0	3145
4582	78	3036	7	16	0	3137
4583	39	63	2983	8	0	3093
4584	3056	29	58	10	0	3153
4585	59	9	28	3093	0	3189
4586	30	3106	12	56	0	3204
4587	16	53	8	3155	0	3232
4588	3127	30	3	65	0	3225
4589	3174	12	2	47	0	3235
4590	3236	14	2	17	0	3269
4591	91	7	2	3148	0	3248
4592	43	13	3156	63	0	3275
4593	2983	14	47	38	0	3082
4594	3092	12	28	28	0	3160
4595	3189	10	12	24	0	3235
4596	89	3068	11	18	0	3186
4597	47	55	3	3120	0	3225
4598	19	3186	11	56	0	3272
4599	21	66	4	3195	0	3286
4600	19	37	7	3257	0	3320
4601	19	21	3498	85	0	3623
4602	20	21	61	3847	0	3949
4603	22	12	32	3946	0	4012
4604	3883	15	11	117	0	4026
4605	81	3866	14	72	0	4033
4606	3929	74	5	27	0	4035
4607	4055	40	1	17	0	4113
4608	127	36	4	3978	0	4145
4609	60	19	3970	79	0	4128
4610	36	3893	68	44	0	4041
4611	21	3946	35	19	0	4021
4612	3845	119	10	26	0	4000
4613	96	3911	13	9	0	4029
4614	55	76	4	3813	0	3948
4615	38	41	7	3857	0	3943
4616	23	21	3749	95	0	3888
4617	14	16	3765	51	0	3846
4618	18	3742	92	29	0	3881
4619	24	68	39	3762	0	3893
4620	3824	37	17	65	0	3943
4621	78	26	10	3840	0	3954
4622	42	17	3852	80	0	3991
4623	24	11	57	3843	0	3935
4624	3652	12	37	94	0	3795
4625	3713	15	12	65	0	3805
4626	101	3675	17	33	0	3826
4627	3730	67	7	33	0	3837
4628	85	3709	10	17	0	3821
4629	3719	73	8	16	0	3816
4630	86	46	5	3654	0	3791
4631	52	28	3630	71	0	3781
4632	42	17	3619	37	0	3715
4633	30	3695	91	19	0	3835
4634	25	64	35	3565	0	3689
4635	24	42	15	3665	0	3746
4636	3600	25	12	102	0	3739
4637	3717	11	6	57	0	3791
4638	3747	20	10	35	0	3812
4639	99	14	12	3690	0	3815
4640	61	16	13	3752	0	3842
4641	31	14	8	3817	0	3870
4642	17	14	3706	108	0	3845
4643	23	20	3667	55	0	3765
4644	3596	18	82	31	0	3727
4645	3705	8	38	36	0	3787
4646	99	17	3686	15	0	3817
4647	3611	14	61	30	0	3716
4648	3537	12	33	41	0	3623
4649	104	13	3516	19	0	3652
4650	50	3509	73	16	0	3648
4651	51	69	27	3392	0	3539
4652	21	33	3532	69	0	3655
4653	23	3753	66	37	0	3879
4654	29	85	23	3388	0	3525
4655	14	3520	13	53	0	3600
4656	12	50	3428	43	0	3533
4657	15	42	3449	21	0	3527
4658	31	24	62	3423	0	3540
4659	3467	14	28	59	0	3568
4660	69	8	14	3466	0	3557
4661	3426	10	12	67	0	3515
4662	68	10	8	3461	0	3547
4663	41	14	3391	66	0	3512
4664	3317	9	59	52	0	3437
4665	62	14	3435	12	0	3523
4666	3432	16	57	23	0	3528
4667	65	14	38	3340	0	3457
4668	33	3418	17	64	0	3532
4669	31	49	15	3436	0	3531
4670	26	3560	17	58	0	3661
4671	29	57	12	3342	0	3440
4672	21	3611	13	55	0	3700
4673	3568	57	6	44	0	3675
4674	3607	32	15	34	0	3688
4675	3602	15	17	32	0	3666
4676	86	11	3533	20	0	3650
4677	59	9	52	3525	0	3645
4678	35	11	3570	52	0	3668
4679	25	3394	69	33	0	3521
4680	18	3518	43	24	0	3603
4681	3448	70	14	20	0	3552
4682	64	36	3435	25	0	3560
4683	42	3430	57	14	0	3543
4684	25	55	40	3482	0	3602
4685	3519	33	24	75	0	3651
4686	58	3537	18	43	0	3656
4687	3557	60	18	38	0	3673
4688	67	42	3587	25	0	3721
4689	52	11	60	3640	0	3763
4690	31	10	44	3732	0	3817
4691	31	8	17	3816	0	3872
4692	24	3674	13	98	0	3809
4693	34	57	12	3616	0	3719
4694	18	44	3737	76	0	3875
4695	30	16	60	3657	0	3763
4696	29	5	45	3746	0	3825
4697	34	16	21	3666	0	3737
4698	18	3607	30	89	0	3744
4699	34	52	17	3640	0	3743
4700	48	32	12	3587	0	3679
4701	9	3226	11	74	0	3320
4702	2853	37	9	31	0	2930
4703	39	2882	7	11	0	2939
4704	22	2879	14	14	0	2929
4705	16	57	11	2845	0	2929
4706	5	31	2795	46	0	2877
4707	2507	8	34	27	0	2576
4708	34	2	22	2789	0	2847
4709	25	6	2753	32	0	2816
4710	5	2749	31	39	0	2824
4711	13	28	25	2774	0	2840
4712	4	34	2762	40	0	2840
4713	16	6	38	2663	0	2723
4714	12	4	25	2666	0	2707
4715	2623	3	8	67	0	2701
4716	40	2619	9	40	0	2708
4717	2629	31	5	25	0	2690
4718	40	30	2624	11	0	2705
4719	25	2644	38	18	0	2725
4720	7	37	2643	7	0	2694
4721	13	22	35	2697	0	2767
4722	2682	6	38	40	0	2766
4723	43	3	8	2660	0	2714
4724	2693	4	4	47	0	2748
4725	2724	8	2	33	0	2767
4726	60	10	3	2794	0	2867
4727	28	11	2860	49	0	2948
4728	8	11	2918	31	0	2968
4729	14	9	59	2962	0	3044
4730	15	8	27	3022	0	3072
4731	2988	10	11	64	0	3073
4732	46	9	7	2982	0	3044
4733	29	2920	17	46	0	3012
4734	13	41	9	2996	0	3059
4735	13	21	9	3009	0	3052
4736	2934	12	9	72	0	3027
4737	41	2971	6	30	0	3048
4738	28	49	6	3015	0	3098
4739	14	27	8	3008	0	3057
4740	7	2977	15	64	0	3063
4741	15	42	7	3034	0	3098
4742	12	31	9	3004	0	3056
4743	11	2958	5	74	0	3048
4744	20	42	9	2985	0	3056
4745	9	27	9	2960	0	3005
4746	9	2927	10	71	0	3017
4747	14	42	7	2971	0	3034
4748	2950	28	10	65	0	3053
4749	2977	12	4	48	0	3041
4750	2987	8	7	32	0	3034
4751	2950	11	9	23	0	2993
4752	63	2786	7	23	0	2879
4753	2514	33	6	26	0	2579
4754	36	2507	6	13	0	2562
4755	18	2484	6	14	0	2522
4756	23	47	4	2456	0	2530
4757	12	17	2470	44	0	2543
4758	2374	11	34	31	0	2450
4759	2470	8	21	10	0	2509
4760	51	5	2535	17	0	2608
4761	2509	5	33	21	0	2568
4762	2582	8	12	20	0	2622
4763	46	2535	4	15	0	2600
4764	2840	32	3	35	0	2910
4765	45	17	4	2806	0	2872
4766	16	8	8	2834	0	2866
4767	15	5	4	2838	0	2862
4768	12	8	4	2844	0	2868
4769	2853	8	4	63	0	2928
4770	50	1	5	2769	0	2825
4771	23	6	6	2792	0	2827
4772	11	12	2729	49	0	2801
4773	2475	5	34	33	0	2547
4774	2746	7	14	21	0	2788
4775	2758	4	6	18	0	2786
4776	45	2699	16	15	0	2775
4777	23	2756	5	13	0	2797
4778	2752	38	3	13	0	2806
4779	44	17	6	2810	0	2877
4780	23	2856	5	45	0	2929
4781	14	39	5	2869	0	2927
4782	8	2925	6	44	0	2983
4783	2920	43	4	23	0	2990
4784	43	2950	10	18	0	3021
4785	19	44	2	2871	0	2936
4786	11	21	2	2965	0	2999
4787	11	7	3091	63	0	3172
4788	10	3263	39	36	0	3348
4789	14	57	21	3367	0	3459
4790	18	31	3339	54	0	3442
4791	9	12	3337	36	0	3394
4792	18	7	78	3431	0	3534
4793	8	8	45	3435	0	3496
4794	13	3262	10	100	0	3385
4795	11	3400	7	50	0	3468
4796	13	90	2	3379	0	3484
4797	3367	50	1	65	0	3483
4798	60	11	4	3485	0	3560
4799	3553	10	3	76	0	3642
4800	3616	5	2	58	0	3681
4801	3686	7	1	17	0	3711
4802	106	11	3616	10	0	3743
4803	3599	12	57	16	0	3684
4804	76	2	42	3624	0	3744
4805	57	5	10	3680	0	3752
4806	18	6	3610	102	0	3736
4807	16	7	3591	56	0	3670
4808	18	23	93	3546	0	3680
4809	10	3473	45	64	0	3592
4810	11	3591	15	46	0	3663
4811	10	96	6	3585	0	3697
4812	3563	47	5	73	0	3688
4813	59	14	6	3609	0	3688
4814	51	6	6	3609	0	3672
4815	14	3588	10	93	0	3705
4816	19	56	4	3632	0	3711
4817	10	48	3696	67	0	3821
4818	15	16	3581	52	0	3664
4819	3504	7	94	22	0	3627
4820	63	3633	51	12	0	3759
4821	3660	52	13	14	0	3739
4822	3640	45	7	14	0	3706
4823	98	13	6	3486	0	3603
4824	50	3589	12	48	0	3699
4825	27	57	6	3593	0	3683
4826	3530	43	6	62	0	3641
4827	51	3480	14	46	0	3591
4828	3460	53	6	21	0	3540
4829	59	3465	9	24	0	3557
4830	3501	53	3	17	0	3574
4831	3518	49	5	17	0	3589
4832	86	3439	10	30	0	3565
4833	52	52	8	3477	0	3589
4834	3468	43	9	55	0	3575
4835	53	19	3380	54	0	3506
4836	49	11	3378	24	0	3462
4837	15	42	77	3338	0	3472
4838	3391	10	44	53	0	3498
4839	56	12	13	3405	0	3486
4840	3383	5	8	65	0	3461
4841	64	17	3421	54	0	3556
4842	3503	7	48	28	0	3586
4843	3651	9	43	13	0	3716
4844	98	3	14	3598	0	3713
4845	62	3	13	3624	0	3702
4846	23	14	13	3653	0	3703
4847	16	3628	10	96	0	3750
4848	16	49	6	3623	0	3694
4849	21	46	8	3649	0	3724
4850	3587	14	13	102	0	3716
4851	3603	5	21	75	0	3704
4852	93	17	3564	19	0	3693
4853	3512	16	46	30	0	3604
4854	55	20	3573	21	0	3669
4855	3396	7	54	25	0	3482
4856	63	6	3574	20	0	3663
4857	52	13	3452	27	0	3544
4858	26	12	82	3382	0	3502
4859	17	11	3451	66	0	3545
4860	3344	9	51	66	0	3470
4861	50	10	56	3549	0	3665
4862	3645	6	14	68	0	3733
4863	3620	10	10	65	0	3705
4864	3385	14	7	30	0	3436
4865	3412	2	7	23	0	3444
4866	99	13	3313	20	0	3445
4867	71	8	46	3306	0	3431
4868	29	16	3378	54	0	3477
4869	27	9	50	3337	0	3423
4870	3351	7	48	68	0	3474
4871	55	9	18	3395	0	3477
4872	3423	10	12	55	0	3500
4873	55	14	13	3469	0	3551
4874	55	6	11	3513	0	3585
4875	3462	13	8	98	0	3581
4876	41	3442	15	65	0	3563
4877	3467	41	6	27	0	3541
4878	53	3456	19	21	0	3549
4879	52	39	12	3420	0	3523
4880	3427	40	13	55	0	3535
4881	49	13	3442	52	0	3556
4882	54	8	40	3421	0	3523
4883	3445	6	43	57	0	3551
4884	3531	9	12	48	0	3600
4885	95	9	14	3450	0	3568
4886	66	3480	7	61	0	3614
4887	21	3344	7	49	0	3421
4888	28	130	4	3025	0	3187
4889	3036	30	8	42	0	3116
4890	42	3035	5	28	0	3110
4891	18	2909	2	13	0	2942
4892	2829	39	2	3	0	2873
4893	24	2836	6	3	0	2869
4894	2886	27	8	6	0	2927
4895	32	13	2	2871	0	2918
4896	16	7	2	2893	0	2918
4897	6	2859	2	45	0	2912
4898	2	2854	2	19	0	2877
4899	2708	37	1	6	0	2752
4900	27	2793	8	5	0	2833
4901	13	3091	3	7	0	3114
4902	11	52	0	3129	0	3192
4903	3174	24	2	49	0	3249
4904	43	9	3349	22	0	3423
4905	3320	2	48	14	0	3384
4906	53	1	39	3547	0	3640
4907	45	7	3607	53	0	3712
4908	6	6	3671	38	0	3721
4909	6	4	95	3716	0	3821
4910	8	9	3844	61	0	3922
4911	3780	5	64	47	0	3896
4912	3918	1	45	16	0	3980
4913	107	6	3894	9	0	4016
4914	54	3	63	3832	0	3952
4915	19	7	42	3929	0	3997
4916	3973	2	9	113	0	4097
4917	76	7	7	3739	0	3829
4918	48	3772	12	66	0	3898
4919	3833	62	2	58	0	3955
4920	68	3809	9	13	0	3899
4921	51	3928	11	10	0	4000
4922	15	111	8	3907	0	4041
4923	25	47	11	3955	0	4038
4924	14	10	8	4027	0	4059
4925	10	15	3851	117	0	3993
4926	3604	4	61	69	0	3738
4927	67	3787	50	22	0	3926
4928	3891	68	7	21	0	3987
4929	3901	52	4	17	0	3974
4930	126	17	5	3860	0	4008
4931	56	3845	5	73	0	3979
4932	23	74	4	3946	0	4047
4933	20	46	6	3998	0	4070
4934	4014	16	3	131	0	4164
4935	4017	9	3	74	0	4103
4936	127	10	3944	19	0	4100
4937	4030	7	64	24	0	4125
4938	80	4043	47	18	0	4188
4939	4136	76	15	12	0	4239
4940	83	4328	6	16	0	4433
4941	68	87	4	4200	0	4359
4942	30	52	6	4190	0	4278
4943	19	4192	5	134	0	4350
4944	23	85	7	4328	0	4443
4945	22	55	13	4388	0	4478
4946	23	10	6	4340	0	4379
4947	16	4194	7	140	0	4357
4948	26	84	12	4304	0	4426
4949	25	46	6	4315	0	4392
4950	22	20	13	4374	0	4429
4951	22	21	4209	144	0	4396
4952	4037	17	82	80	0	4216
4953	95	14	4276	29	0	4414
4954	4190	22	95	20	0	4327
4955	101	24	4280	24	0	4429
4956	4221	17	85	34	0	4357
4957	4315	12	59	28	0	4414
4958	143	17	4236	28	0	4424
4959	76	22	82	4216	0	4396
4960	36	15	4055	95	0	4201
4961	3925	21	79	81	0	4106
4962	94	21	4215	33	0	4363
4963	68	21	4184	36	0	4309
4964	4126	15	132	39	0	4312
4965	106	4167	77	21	0	4371
4966	84	85	26	4186	0	4381
4967	4276	58	17	107	0	4458
4968	111	21	19	4316	0	4467
4969	96	18	23	4375	0	4512
4970	4276	12	20	158	0	4466
4971	4310	17	27	89	0	4443
4972	149	26	4251	45	0	4471
4973	85	18	4260	41	0	4404
4974	51	15	140	4244	0	4450
4975	32	19	4340	107	0	4498
4976	33	18	104	4313	0	4468
4977	37	13	70	4365	0	4485
4978	41	17	20	4440	0	4518
4979	4276	22	22	169	0	4489
4980	106	4270	20	99	0	4495
4981	4327	91	7	46	0	4471
4982	4292	63	25	45	0	4425
4983	139	4249	20	39	0	4447
4984	4173	82	14	46	0	4315
4985	94	56	4095	40	0	4285
4986	64	23	79	4016	0	4182
4987	4086	16	57	113	0	4272
4988	81	17	4050	77	0	4225
4989	4129	10	70	50	0	4259
4990	84	4276	56	42	0	4458
4991	5059	74	18	34	0	5185
4992	5071	55	15	30	0	5171
4993	173	5115	26	27	0	5341
4994	5277	98	20	42	0	5437
4995	145	70	13	5390	0	5618
4996	116	24	17	5461	0	5618
4997	5382	23	21	181	0	5607
4998	5174	8	18	106	0	5306
4999	170	5315	29	46	0	5560
5000	99	5283	20	42	0	5444
5001	43	139	16	4736	0	4934
5002	35	4848	11	84	0	4978
5003	24	4974	19	66	0	5083
5004	4674	107	12	32	0	4825
5005	79	4713	19	29	0	4840
5006	4548	81	10	28	0	4667
5007	83	4660	17	22	0	4782
5008	76	97	4559	21	0	4753
5009	26	4651	66	22	0	4765
5010	4533	93	47	24	0	4697
5011	4479	40	24	24	0	4567
5012	97	18	4415	17	0	4547
5013	69	16	59	4357	0	4501
5014	35	12	40	4547	0	4634
5015	31	15	4499	88	0	4633
5016	31	7	68	4427	0	4533
5017	23	14	4513	83	0	4633
5018	21	12	4396	60	0	4489
5019	4327	10	91	28	0	4456
5020	70	4453	48	30	0	4601
5021	4441	63	22	23	0	4549
5022	85	40	13	4427	0	4565
5023	61	31	4457	69	0	4618
5024	33	27	53	4272	0	4385
5025	29	4463	40	72	0	4604
5026	4533	53	14	56	0	4656
5027	4565	44	14	26	0	4649
5028	104	24	8	4543	0	4679
5029	53	28	4470	59	0	4610
5030	4351	14	52	55	0	4472
5031	74	4461	41	22	0	4598
5032	4475	55	12	25	0	4567
5033	99	45	14	4389	0	4547
5034	4397	26	13	71	0	4507
5035	93	34	9	4365	0	4501
5036	64	27	4345	71	0	4507
5037	49	14	4177	63	0	4303
5038	4136	12	76	64	0	4288
5039	71	4335	52	34	0	4492
5040	4213	51	38	26	0	4328
5041	4207	45	14	26	0	4292
5042	79	4225	13	13	0	4330
5043	4170	66	13	31	0	4280
5044	67	56	4423	26	0	4572
5045	57	37	40	4440	0	4574
5046	41	28	34	4514	0	4617
5047	39	26	11	4545	0	4621
5048	31	32	4477	77	0	4617
5049	28	24	4462	56	0	4570
5050	18	26	79	4406	0	4529
5051	16	4382	55	53	0	4506
5052	31	4522	24	39	0	4616
5053	4538	79	18	25	0	4660
5054	4550	44	19	29	0	4642
5055	78	4661	21	26	0	4786
5056	58	58	11	4736	0	4863
5057	35	42	15	4779	0	4871
5058	4749	22	30	107	0	4908
5059	74	10	25	4922	0	5031
5060	51	20	30	4918	0	5019
5061	38	18	20	4947	0	5023
5062	50	28	4696	89	0	4863
5063	36	25	4466	60	0	4587
5064	4687	22	83	53	0	4845
5065	77	6	51	5024	0	5158
5066	49	19	5032	66	0	5166
5067	31	27	4888	62	0	5008
5068	4880	23	103	55	0	5061
5069	92	14	5543	35	0	5684
5070	60	5609	84	36	0	5789
5071	28	66	67	5938	0	6099
5072	35	53	5900	83	0	6071
5073	5870	33	78	67	0	6048
5074	106	39	58	6167	0	6370
5075	92	24	6115	97	0	6328
5076	52	13	85	6227	0	6377
5077	39	17	66	6273	0	6395
5078	6272	6	34	166	0	6478
5079	91	6354	41	89	0	6575
5080	99	87	22	6260	0	6468
5081	6378	67	9	117	0	6571
5082	6423	33	13	84	0	6553
5083	6465	17	10	43	0	6535
5084	6530	20	21	40	0	6611
5085	178	19	22	6399	0	6618
5086	6469	13	17	101	0	6600
5087	6364	12	19	91	0	6486
5088	6140	12	20	65	0	6237
5089	6144	3	29	55	0	6231
5090	146	5795	26	46	0	6013
5091	41	5112	15	7	0	5175
5092	25	78	9	5089	0	5201
5093	9	5101	9	49	0	5168
5094	5134	50	7	38	0	5229
5095	68	35	2	4978	0	5083
5096	4928	8	4	61	0	5001
5097	4955	7	5	45	0	5012
5098	87	1	4	5028	0	5120
5099	44	3	6	4986	0	5039
5100	12	4969	9	87	0	5077
5101	5020	45	3	51	0	5119
5102	53	5027	12	17	0	5109
5103	5116	50	5	22	0	5193
5104	65	36	2	5146	0	5249
5105	45	11	5085	48	0	5189
5106	5061	5	47	41	0	5154
5107	4909	2	32	21	0	4964
5108	87	8	4826	9	0	4930
5109	49	9	4822	5	0	4885
5110	19	2	73	4717	0	4811
5111	5149	4	39	61	0	5253
5112	5445	7	6	50	0	5508
5113	5596	6	2	32	0	5636
5114	5583	2	6	23	0	5614
5115	103	5461	6	6	0	5576
5116	5669	60	4	25	0	5758
5117	79	32	5	5627	0	5743
5118	49	14	3	5735	0	5801
5119	30	4	2	5951	0	5987
5120	28	2	3	5996	0	6029
5121	5890	4	4	121	0	6019
5122	80	11	3	6130	0	6224
5123	51	9	5978	90	0	6128
5124	31	8	73	6141	0	6253
5125	28	8	36	6185	0	6257
5126	22	6	11	6191	0	6230
5127	23	8	8	6165	0	6204
5128	5962	4	6	145	0	6117
5129	81	5914	10	64	0	6069
5130	60	5956	10	23	0	6049
5131	21	118	7	5919	0	6065
5132	5920	52	10	90	0	6072
5133	6031	15	6	57	0	6109
5134	132	6	5	6052	0	6195
5135	72	8	5901	93	0	6074
5136	5895	9	77	71	0	6052
5137	111	6	42	6208	0	6367
5138	60	15	6148	98	0	6321
5139	5879	10	88	71	0	6048
5140	97	6132	46	37	0	6312
5141	7041	81	16	31	0	7169
5142	143	7355	18	25	0	7541
5143	108	140	2	7396	0	7646
5144	46	7333	19	134	0	7532
5145	45	164	6	7545	0	7760
5146	7270	101	6	200	0	7577
5147	148	7295	13	181	0	7637
5148	98	160	7332	58	0	7648
5149	63	91	138	7406	0	7698
5150	46	38	7492	163	0	7739
5151	38	21	174	7365	0	7598
5152	56	14	91	7591	0	7752
5153	38	31	7386	232	0	7687
5154	6711	12	151	165	0	7039
5155	167	17	7395	69	0	7648
5156	107	15	7345	39	0	7506
5157	50	7328	235	40	0	7653
5158	39	147	108	7384	0	7678
5159	35	102	49	7441	0	7627
5160	49	44	18	7410	0	7521
5161	36	15	20	7564	0	7635
5162	23	21	7207	276	0	7527
5163	6645	21	146	170	0	6982
5164	162	18	7176	81	0	7437
5165	115	14	172	6926	0	7227
5166	6846	14	95	177	0	7132
5167	168	6851	52	124	0	7195
5168	132	150	20	6667	0	6969
5169	6306	95	15	140	0	6556
5170	156	6139	35	100	0	6430
5171	85	6129	18	69	0	6301
5172	6050	186	16	41	0	6293
5173	129	6086	28	47	0	6290
5174	5926	153	24	51	0	6154
5175	167	5958	19	29	0	6173
5176	5983	156	28	35	0	6202
5177	6009	86	19	32	0	6146
5178	197	5943	23	27	0	6190
5179	108	138	15	5854	0	6115
5180	60	89	5747	143	0	6039
5181	5629	49	126	115	0	5919
5182	146	23	81	5732	0	5982
5183	96	5571	39	147	0	5853
5184	46	5764	33	90	0	5933
5185	31	177	22	5751	0	5981
5186	5687	96	35	160	0	5978
5187	136	47	5691	100	0	5974
5188	100	15	120	5796	0	6031
5189	55	29	91	5884	0	6059
5190	41	22	44	5974	0	6081
5191	42	21	31	5896	0	5990
5192	41	5673	30	229	0	5973
5193	33	136	25	5857	0	6051
5194	24	84	5638	189	0	5935
5195	34	57	5612	119	0	5822
5196	26	56	5771	75	0	5928
5197	50	20	208	5633	0	5911
5198	5537	46	110	140	0	5833
5199	144	33	5579	104	0	5860
5200	103	33	5661	57	0	5854
5201	60	28	204	5504	0	5796
5202	5515	18	115	162	0	5810
5203	137	5460	54	115	0	5766
5204	5495	138	32	71	0	5736
5205	177	92	28	5436	0	5733
5206	106	70	5486	134	0	5796
5207	73	53	135	5294	0	5555
5208	49	5590	98	164	0	5901
5209	5939	152	61	101	0	6253
5210	173	98	5883	75	0	6229
5211	92	5743	131	69	0	6035
5212	5627	143	108	59	0	5937
5213	165	94	47	5617	0	5923
5214	120	63	32	5676	0	5891
5215	5653	31	32	221	0	5937
5216	5713	27	46	144	0	5930
5217	5911	31	35	85	0	6062
5218	265	29	27	5603	0	5924
5219	130	5472	29	188	0	5819
5220	5553	133	26	135	0	5847
5221	150	5555	40	63	0	5808
5222	5433	140	32	50	0	5655
5223	171	5317	43	31	0	5562
5224	112	149	29	5274	0	5564
5225	5311	105	20	148	0	5584
5226	5391	48	18	125	0	5582
5227	5483	34	13	76	0	5606
5228	5515	25	22	50	0	5612
5229	5501	40	16	46	0	5603
5230	246	31	5284	44	0	5605
5231	154	27	127	5278	0	5586
5232	88	27	5402	120	0	5637
5233	50	30	5330	105	0	5515
5234	5225	32	189	51	0	5497
5235	5300	26	111	44	0	5481
5236	5335	22	58	30	0	5445
5237	235	30	25	5021	0	5311
5238	5026	24	27	127	0	5204
5239	168	4951	30	98	0	5247
5240	130	5079	24	49	0	5282
5241	55	4333	10	33	0	4431
5242	3895	87	15	21	0	4018
5243	62	3918	24	19	0	4023
5244	3915	47	15	19	0	3996
5245	3843	44	6	19	0	3912
5246	101	17	3777	14	0	3909
5247	62	25	52	3703	0	3842
5248	44	12	39	3849	0	3944
5249	3873	15	8	89	0	3985
5250	3870	11	12	63	0	3956
5251	115	14	7	3836	0	3972
5252	70	9	3776	65	0	3920
5253	45	14	3768	49	0	3876
5254	50	11	79	3834	0	3974
5255	42	14	47	3864	0	3967
5256	36	12	18	3912	0	3978
5257	3797	16	12	100	0	3925
5258	3790	9	14	67	0	3880
5259	113	3776	17	19	0	3925
5260	83	51	9	3765	0	3908
5261	54	50	7	3742	0	3853
5262	45	3780	13	96	0	3934
5263	50	59	11	3809	0	3929
5264	3827	51	13	69	0	3960
5265	85	19	16	3828	0	3948
5266	83	22	20	3834	0	3959
5267	3800	23	14	106	0	3943
5268	3814	22	14	61	0	3911
5269	3866	17	19	40	0	3942
5270	137	21	20	3745	0	3923
5271	93	17	3562	67	0	3739
5272	70	19	3516	47	0	3652
5273	62	14	3518	24	0	3618
5274	40	3436	89	34	0	3599
5275	3415	56	63	35	0	3569
5276	82	45	3395	20	0	3542
5277	3320	14	44	31	0	3409
5278	75	16	44	3325	0	3460
5279	3324	17	28	67	0	3436
5280	3354	14	29	63	0	3460
5281	106	3366	12	27	0	3511
5282	3478	40	8	35	0	3561
5283	3441	43	7	39	0	3530
5284	108	3403	20	46	0	3577
5285	80	51	23	3495	0	3649
5286	40	51	3531	60	0	3682
5287	42	17	43	3523	0	3625
5288	27	22	41	3577	0	3667
5289	3555	18	13	107	0	3693
5290	79	15	14	3557	0	3665
5291	78	3595	14	68	0	3755
5292	46	48	12	3600	0	3706
5293	41	45	15	3665	0	3766
5294	30	22	3528	116	0	3696
5295	46	3480	50	65	0	3641
5296	50	3581	42	32	0	3705
5297	3523	80	12	41	0	3656
5298	68	3618	22	36	0	3744
5299	64	48	28	3612	0	3752
5300	35	51	3632	61	0	3779
5301	32	3615	59	66	0	3772
5302	3652	58	50	37	0	3797
5303	70	44	24	3631	0	3769
5304	63	11	26	3700	0	3800
5305	39	16	3647	95	0	3797
5306	48	12	51	3573	0	3684
5307	50	20	37	3614	0	3721
5308	3518	21	16	100	0	3655
5309	3087	15	14	62	0	3178
5310	96	3054	8	39	0	3197
5311	2893	39	7	29	0	2968
5312	53	2777	9	26	0	2865
5313	45	61	13	2594	0	2713
5314	20	2646	19	40	0	2725
5315	24	2675	10	43	0	2752
5316	2549	43	33	35	0	2660
5317	2469	26	9	27	0	2531
5318	47	2422	11	20	0	2500
5319	2450	26	7	24	0	2507
5320	2450	19	9	32	0	2510
5321	2499	5	8	24	0	2536
5322	46	15	10	2523	0	2594
5323	2540	19	6	38	0	2603
5324	36	21	2419	28	0	2504
5325	2404	11	20	19	0	2454
5326	37	12	2514	24	0	2587
5327	31	11	27	2527	0	2596
5328	15	14	21	2589	0	2639
5329	24	16	2564	46	0	2650
5330	2409	16	19	38	0	2482
5331	2533	9	17	32	0	2591
5332	49	16	2600	24	0	2689
5333	27	7	23	2544	0	2601
5334	15	7	20	2589	0	2631
5335	21	3	11	2641	0	2676
5336	2593	5	6	51	0	2655
5337	2602	12	11	29	0	2654
5338	60	13	5	2525	0	2603
5339	23	2386	5	38	0	2452
5340	12	2286	6	23	0	2327
5341	2215	29	5	8	0	2257
5342	18	2224	5	6	0	2253
5343	24	2166	1	2	0	2193
5344	14	20	2	1955	0	1991
5345	4	16	1974	16	0	2010
5346	4	1949	12	14	0	1979
5347	6	23	8	1926	0	1963
5348	3	1930	2	11	0	1946
5349	8	10	8	1877	0	1903
5350	1886	5	1	14	0	1906
5351	11	1924	1	9	0	1945
5352	1927	10	4	9	0	1950
5353	1894	6	0	9	0	1909
5354	16	4	1852	3	0	1875
5355	1849	3	10	6	0	1868
5356	16	2	6	1922	0	1946
5357	10	6	1941	13	0	1970
5358	3	1941	9	8	0	1961
5359	3	17	16	1915	0	1951
5360	4	6	1	1924	0	1935
5361	1934	1	0	12	0	1947
5362	8	3	0	1930	0	1941
5363	9	2	1	1931	0	1943
5364	1923	5	2	13	0	1943
5365	7	1905	7	8	0	1927
5366	1871	7	0	8	0	1886
5367	6	7	1838	6	0	1857
5368	1772	2	8	3	0	1785
5369	8	5	1908	6	0	1927
5370	4	1891	9	6	0	1910
5371	1951	12	4	4	0	1971
5372	1898	5	3	9	0	1915
5373	17	4	1935	5	0	1961
5374	9	6	1968	1	0	1984
5375	8	4	2030	3	0	2045
5376	3	2097	20	4	0	2124
5377	4	18	9	2129	0	2160
5378	5	11	2391	24	0	2431
5379	7	7	2341	10	0	2365
5380	6	1	36	2366	0	2409
5381	10	4	2417	23	0	2454
5382	2375	5	29	19	0	2428
5383	2839	4	14	9	0	2866
5384	53	2	2803	5	0	2863
5385	24	2798	34	8	0	2864
5386	11	37	23	2745	0	2816
5387	9	21	2794	39	0	2863
5388	6	2818	39	32	0	2895
5389	10	47	24	2777	0	2858
5390	2784	24	3	38	0	2849
5391	2718	6	5	25	0	2754
5392	55	2816	5	18	0	2894
5393	32	36	6	2845	0	2919
5394	13	34	5	2855	0	2907
5395	4	5	4	2884	0	2897
5396	8	2	4	2913	0	2927
5397	5	2	2806	60	0	2873
5398	4	4	35	2803	0	2846
5399	3	4	2756	46	0	2809
5400	2	2700	42	25	0	2769
5401	2695	31	22	10	0	2758
5402	34	2806	6	7	0	2853
5403	26	35	10	2803	0	2874
5404	16	21	5	2832	0	2874
5405	2800	7	5	59	0	2871
5406	35	1	8	2835	0	2879
5407	24	2787	5	35	0	2851
5408	13	29	2	2854	0	2898
5409	5	18	6	2857	0	2886
5410	2837	10	1	55	0	2903
5411	39	6	2795	30	0	2870
5412	24	2769	32	8	0	2833
5413	10	2882	18	8	0	2918
5414	3	51	4	2872	0	2930
5415	2816	23	1	43	0	2883
5416	32	2839	7	25	0	2903
5417	23	34	2	2877	0	2936
5418	7	25	2816	42	0	2890
5419	9	10	33	2835	0	2887
5420	2848	1	20	49	0	2918
5421	2805	7	11	28	0	2851
5422	52	6	4	2774	0	2836
5423	2800	3	2	45	0	2850
5424	2797	5	4	24	0	2830
5425	56	3	2739	17	0	2815
5426	2667	4	33	9	0	2713
5427	42	2720	21	12	0	2795
5428	2756	40	8	16	0	2820
5429	45	25	2713	7	0	2790
5430	30	5	39	2746	0	2820
5431	2797	9	26	43	0	2875
5432	43	6	2659	25	0	2733
5433	28	6	2683	11	0	2728
5434	16	5	55	2686	0	2762
5435	5	9	2774	40	0	2828
5436	2734	5	43	37	0	2819
5437	44	12	2822	10	0	2888
5438	29	6	49	2904	0	2988
5439	13	1	30	2986	0	3030
5440	3080	4	19	70	0	3173
5441	60	11	3074	44	0	3189
5442	35	4	3225	16	0	3280
5443	25	7	90	3363	0	3485
5444	14	6	3415	66	0	3501
5445	3319	7	78	40	0	3444
5446	78	5	38	3353	0	3474
5447	43	3	3396	69	0	3511
5448	25	2	68	3416	0	3511
5449	11	9	37	3493	0	3550
5450	3434	5	16	103	0	3558
5451	75	10	3403	49	0	3537
5452	3340	8	72	27	0	3447
5453	75	15	3546	19	0	3655
5454	3472	6	83	23	0	3584
5455	3549	9	40	24	0	3622
5456	3546	10	19	22	0	3597
5457	108	3390	16	22	0	3536
5458	3473	65	12	20	0	3570
5459	3472	36	10	23	0	3541
5460	106	12	7	3427	0	3552
5461	46	13	3400	79	0	3538
5462	3326	3	64	65	0	3458
5463	75	8	3483	30	0	3596
5464	55	5	77	3436	0	3573
5465	21	5	40	3564	0	3630
5466	3536	7	26	100	0	3669
5467	73	3620	12	66	0	3771
5468	48	62	14	3596	0	3720
5469	33	38	11	3658	0	3740
5470	12	19	3604	111	0	3746
5471	19	12	63	3605	0	3699
5472	17	6	44	3679	0	3746
5473	24	2	14	3559	0	3599
5474	27	3496	6	106	0	3635
5475	3450	58	11	54	0	3573
5476	3544	44	17	18	0	3623
5477	91	3532	9	21	0	3653
5478	3295	43	8	12	0	3358
5479	67	33	5	3336	0	3441
5480	45	12	3488	55	0	3600
5481	22	3548	57	37	0	3664
5482	9	3564	36	29	0	3638
5483	3361	58	45	14	0	3478
5484	3505	21	5	15	0	3546
5485	73	7	7	3509	0	3596
5486	35	4	8	3577	0	3624
5487	19	4	9	3526	0	3558
5488	3413	4	9	90	0	3516
5489	60	5	3373	35	0	3473
5490	3401	3	54	22	0	3480
5491	69	5	32	3426	0	3532
5492	41	5	13	3350	0	3409
5493	17	3359	7	88	0	3471
5494	21	51	12	3464	0	3548
5495	22	26	7	3495	0	3550
5496	16	16	3447	85	0	3564
5497	16	3487	57	45	0	3605
5498	3624	56	27	34	0	3741
5499	3627	28	14	23	0	3692
5500	3689	9	11	16	0	3725
5501	3663	10	11	19	0	3703
5502	89	8	3490	13	0	3600
5503	3477	7	55	28	0	3567
5504	64	10	3557	21	0	3652
5505	44	10	57	3477	0	3588
5506	26	3589	35	63	0	3713
5507	21	57	17	3622	0	3717
5508	24	27	14	3694	0	3759
5509	20	13	3634	90	0	3757
5510	3472	9	62	52	0	3595
5511	3585	10	31	29	0	3655
5512	96	3513	18	19	0	3646
5513	48	62	3536	27	0	3673
5514	31	29	58	3565	0	3683
5515	28	13	3601	66	0	3708
5516	29	18	3542	52	0	3641
5517	30	14	82	3558	0	3684
5518	31	16	3603	70	0	3720
5519	32	12	67	3594	0	3705
5520	33	16	3661	76	0	3786
5521	29	12	65	3685	0	3791
5522	3721	8	28	105	0	3862
5523	3727	10	18	64	0	3819
5524	3753	11	12	38	0	3814
5525	3708	12	21	35	0	3776
5526	103	3675	27	25	0	3830
5527	51	60	14	3662	0	3787
5528	40	27	18	3707	0	3792
5529	24	25	3628	99	0	3776
5530	26	15	62	3607	0	3710
5531	19	16	3584	89	0	3708
5532	18	19	3499	50	0	3586
5533	3412	21	90	33	0	3556
5534	79	3596	40	26	0	3741
5535	3610	61	19	34	0	3724
5536	3617	28	16	26	0	3687
5537	102	3622	24	12	0	3760
5538	3617	49	23	28	0	3717
5539	99	32	3617	20	0	3768
5540	35	3549	55	13	0	3652
5541	3564	35	29	35	0	3663
5542	42	33	3475	20	0	3570
5543	3260	8	40	30	0	3338
5544	42	3340	18	37	0	3437
5545	3355	32	24	28	0	3439
5546	3355	15	9	19	0	3398
5547	57	3311	17	16	0	3401
5548	26	3319	14	7	0	3366
5549	14	3431	19	16	0	3480
5550	18	41	11	3450	0	3520
5551	16	13	20	3455	0	3504
5552	3515	6	16	66	0	3603
5553	3439	9	14	32	0	3494
5554	53	9	3411	20	0	3493
5555	27	15	3284	25	0	3351
5556	14	12	3416	15	0	3457
5557	17	2	53	3399	0	3471
5558	28	6	3460	39	0	3533
5559	25	12	45	3453	0	3535
5560	3487	4	20	60	0	3571
5561	63	12	3510	16	0	3601
5562	3409	15	44	17	0	3485
5563	3516	9	18	28	0	3571
5564	61	18	3565	18	0	3662
5565	27	3680	55	17	0	3779
5566	19	45	21	3774	0	3859
5567	12	26	3757	54	0	3849
5568	21	7	61	3730	0	3819
5569	26	8	25	3975	0	4034
5570	3872	16	15	69	0	3972
5571	84	7	8	3861	0	3960
5572	35	12	3847	59	0	3953
5573	29	18	51	3835	0	3933
5574	3924	11	17	62	0	4014
5575	60	3926	22	32	0	4040
5576	3884	62	11	12	0	3969
5577	76	25	15	3911	0	4027
5578	44	15	3907	59	0	4025
5579	24	6	3864	21	0	3915
5580	30	16	3752	11	0	3809
5581	16	3551	61	6	0	3634
5582	3465	61	39	7	0	3572
5583	49	3401	7	4	0	3461
5584	3236	41	0	8	0	3285
5585	41	3226	7	3	0	3277
5586	18	39	5	3271	0	3333
5587	8	11	3	3312	0	3334
5588	7	5	3	3320	0	3335
5589	4	3344	11	53	0	3412
5590	8	45	6	3624	0	3683
5591	12	16	3	4136	0	4167
5592	4343	3	5	68	0	4419
5593	68	2	5	4481	0	4556
5594	25	13	4672	69	0	4779
5595	4627	2	64	29	0	4722
5596	4722	5	25	14	0	4766
5597	99	4679	3	35	0	4816
5598	4689	70	5	17	0	4781
5599	4749	26	4	23	0	4802
5600	126	4	5	4717	0	4852
5601	51	4	5	4804	0	4864
5602	20	6	6	4879	0	4911
5603	4814	2	9	110	0	4935
5604	4844	4	3	45	0	4896
5605	107	9	4774	6	0	4896
5606	4717	8	73	15	0	4813
5607	4774	4	31	17	0	4826
5608	4758	6	4	21	0	4789
5609	108	12	4580	12	0	4712
5610	37	9	4652	14	0	4712
5611	22	4	98	4656	0	4780
5612	20	12	4766	93	0	4891
5613	26	2	76	4716	0	4820
5614	26	10	39	4294	0	4369
5615	15	4747	18	96	0	4876
5616	4748	76	22	38	0	4884
5617	92	34	4783	18	0	4927
5618	4843	7	91	23	0	4964
5619	122	9	37	4879	0	5047
5620	4813	12	12	102	0	4939
5621	108	4709	9	62	0	4888
5622	56	4935	9	38	0	5038
5623	39	124	10	4897	0	5070
5624	30	36	14	4998	0	5078
5625	28	11	4906	129	0	5074
5626	30	6	98	4909	0	5043
5627	4831	10	41	106	0	4988
5628	118	4825	15	52	0	5010
5629	68	91	4820	11	0	4990
5630	44	30	111	4778	0	4963
5631	31	12	4879	109	0	5031
5632	40	9	102	4846	0	4997
5633	25	13	4907	114	0	5059
5634	16	12	4849	57	0	4934
5635	35	18	121	4796	0	4970
5636	4846	7	53	108	0	5014
5637	4867	15	16	61	0	4959
5638	4776	9	21	26	0	4832
5639	129	4622	24	45	0	4820
5640	4695	88	14	30	0	4827
5641	4651	45	21	24	0	4741
5642	138	19	4511	22	0	4690
5643	57	4486	92	28	0	4663
5644	42	92	42	4456	0	4632
5645	4452	40	15	115	0	4622
5646	100	4469	27	60	0	4656
5647	4573	87	19	37	0	4716
5648	4583	50	13	39	0	4685
5649	4549	16	22	33	0	4620
5650	4531	12	16	39	0	4598
5651	161	13	24	4391	0	4589
5652	4390	15	22	107	0	4534
5653	109	14	22	4323	0	4468
5654	61	4224	27	106	0	4418
5655	38	79	36	4324	0	4477
5656	4286	35	30	108	0	4459
5657	102	7	4352	67	0	4528
5658	75	5	92	4342	0	4514
5659	4307	16	46	97	0	4466
5660	112	4265	26	53	0	4456
5661	4310	79	21	28	0	4438
5662	4374	44	17	22	0	4457
5663	139	4390	29	30	0	4588
5664	4365	78	19	22	0	4484
5665	102	49	4134	24	0	4309
5666	60	22	4032	25	0	4139
5667	3936	20	91	25	0	4072
5668	103	23	4028	21	0	4175
5669	86	25	72	3709	0	3892
5670	42	3859	40	71	0	4012
5671	3893	68	15	44	0	4020
5672	101	3838	11	26	0	3976
5673	66	3870	21	29	0	3986
5674	53	98	13	3980	0	4144
5675	39	38	18	4001	0	4096
5676	41	16	13	4017	0	4087
5677	37	11	16	3953	0	4017
5678	30	19	3850	109	0	4008
5679	42	14	70	3791	0	3917
5680	32	27	35	3850	0	3944
5681	3813	14	21	98	0	3946
5682	86	9	23	3838	0	3956
5683	57	21	3761	78	0	3917
5684	3656	16	65	48	0	3785
5685	101	18	37	3778	0	3934
5686	64	16	3881	66	0	4027
5687	32	34	71	3758	0	3895
5688	40	3845	43	62	0	3990
5689	3822	51	22	48	0	3943
5690	75	38	3643	20	0	3776
5691	38	3097	52	15	0	3202
5692	2866	43	26	17	0	2952
5693	38	2679	15	9	0	2741
5694	27	2468	6	4	0	2505
5695	2416	32	15	12	0	2475
5696	24	2369	16	18	0	2427
5697	18	2374	4	7	0	2403
5698	18	29	3	2371	0	2421
5699	13	18	2324	22	0	2377
5700	10	2389	21	15	0	2435
5701	12	22	7	2360	0	2401
5702	10	2354	2	29	0	2395
5703	2348	20	2	14	0	2384
5704	26	10	2304	13	0	2353
5705	18	6	22	2307	0	2353
5706	2429	2	8	31	0	2470
5707	29	5	3	2454	0	2491
5708	14	5	2423	29	0	2471
5709	2258	4	22	20	0	2304
5710	2426	7	14	12	0	2459
5711	32	2501	7	6	0	2546
5712	11	19	3	2500	0	2533
5713	11	10	6	2619	0	2646
5714	2597	6	4	35	0	2642
5715	2560	9	2	13	0	2584
5716	35	3	2647	2	0	2687
5717	14	2567	19	3	0	2603
5718	2567	15	7	2	0	2591
5719	16	12	2	2529	0	2559
5720	7	6	2610	12	0	2635
5721	11	2	2522	7	0	2542
5722	6	1	11	2487	0	2505
5723	2520	2	5	11	0	2538
5724	11	2488	4	6	0	2509
5725	2707	8	2	16	0	2733
5726	12	5	0	2765	0	2782
5727	9	2	0	2776	0	2787
5728	2	3	2	2812	0	2819
5729	2809	3	0	13	0	2825
5730	5	2837	2	12	0	2856
5731	5	8	2	2911	0	2926
5732	2	4	0	2888	0	2894
5733	0	1	2878	9	0	2888
5734	2	2	7	2855	0	2866
5735	2	3	2918	11	0	2934
5736	2	2870	7	3	0	2882
5737	4	4	2	2909	0	2919
5738	2839	3	2	8	0	2852
5739	8	2	2860	5	0	2875
5740	3	0	8	2857	0	2868
5741	1	3	2836	6	0	2846
5742	2626	0	6	8	0	2640
5743	71	3	2840	0	0	2914
5744	5	1	9	2805	0	2820
5745	2838	1	3	9	0	2851
5746	13	2406	5	1	0	2425
5747	2731	7	0	3	0	2741
5748	12	2494	3	1	0	2510
5749	3	9	2	2759	0	2773
5750	5	3	2733	9	0	2750
5751	1	7	2729	3	0	2740
5752	0	2	9	2829	0	2840
5753	2884	0	2	10	0	2896
5754	2867	0	1	7	0	2875
5755	12	0	1	2872	0	2885
5756	2	1	2	2943	0	2948
5757	2781	1	0	14	0	2796
5758	12	2704	2	3	0	2721
5759	3	2891	1	7	0	2902
5760	2912	10	3	8	0	2933
5761	14	9	2835	4	0	2862
5762	8	1	10	2790	0	2809
5763	5	4	2757	11	0	2777
5764	2	2	12	2780	0	2796
5765	3	6	2840	13	0	2862
5766	5	5	2766	5	0	2781
5767	3	1	13	2855	0	2872
5768	1	2702	7	8	0	2718
5769	2893	11	4	7	0	2915
5770	13	2878	2	5	0	2898
5771	7	9	2	2904	0	2922
5772	2892	4	4	12	0	2912
5773	18	1	3	2989	0	3011
5774	2990	3	2	22	0	3017
5775	3011	1	1	18	0	3031
5776	3039	2	3	7	0	3051
5777	16	2939	4	4	0	2963
5778	3096	14	4	8	0	3122
5779	10	7	2	3270	0	3289
5780	3400	2	3	30	0	3435
5781	22	2	4	3531	0	3559
5782	3528	3	1	34	0	3566
5783	3577	1	3	18	0	3599
5784	29	3499	3	9	0	3540
5785	14	23	3	3857	0	3897
5786	8	5	1	3844	0	3858
5787	5	3982	6	36	0	4029
5788	3	44	2	4099	0	4148
5789	4056	6	5	46	0	4113
5790	4166	1	3	20	0	4190
5791	4148	1	6	4	0	4159
5792	42	6	4242	10	0	4300
5793	4377	2	40	13	0	4432
5794	4601	4	9	11	0	4625
5795	4670	2	4	10	0	4686
5796	59	4552	2	6	0	4619
5797	18	41	3	4640	0	4702
5798	10	15	4	4722	0	4751
5799	10	3	3	4707	0	4723
5800	7	8	4547	57	0	4619
5801	12	1	46	4584	0	4643
5802	4608	2	10	58	0	4678
5803	59	2	5	4692	0	4758
5804	17	4	2	4848	0	4871
5805	15	9	4694	66	0	4784
5806	12	4602	56	20	0	4690
5807	4769	61	11	16	0	4857
5808	67	15	4	4774	0	4860
5809	4761	4	3	70	0	4838
5810	66	9	4673	22	0	4770
5811	4452	9	59	13	0	4533
5812	71	4794	12	11	0	4888
5813	24	58	4657	14	0	4753
5814	14	19	4758	13	0	4804
5815	19	8	72	4614	0	4713
5816	13	7	4903	62	0	4985
5817	15	4860	57	28	0	4960
5818	18	57	12	4821	0	4908
5819	19	15	6	5007	0	5047
5820	15	6	6	4977	0	5004
5821	4834	4	9	78	0	4925
5822	60	4878	6	29	0	4973
5823	30	63	5	4979	0	5077
5824	13	13	7	5103	0	5136
5825	4882	3	5	78	0	4968
5826	65	4888	11	41	0	5005
5827	4978	59	8	27	0	5072
5828	4927	17	6	29	0	4979
5829	4905	6	6	23	0	4940
5830	90	11	4831	26	0	4958
5831	43	12	57	4743	0	4855
5832	26	4781	21	73	0	4901
5833	25	4933	10	35	0	5003
5834	33	75	9	4807	0	4924
5835	25	4835	18	69	0	4947
5836	5034	66	14	48	0	5162
5837	80	27	4999	26	0	5132
5838	4913	11	60	30	0	5014
5839	5160	11	19	39	0	5229
5840	102	13	14	5164	0	5293
5841	5201	15	15	82	0	5313
5842	89	5395	8	41	0	5533
5843	5542	66	9	51	0	5668
5844	5598	21	15	34	0	5668
5845	5999	15	16	36	0	6066
5846	113	18	5903	33	0	6067
5847	52	33	5959	26	0	6070
5848	37	18	89	5996	0	6140
5849	32	5887	31	98	0	6048
5850	30	6052	20	63	0	6165
5851	36	97	15	5934	0	6082
5852	5945	29	18	109	0	6101
5853	102	26	19	5930	0	6077
5854	50	20	11	6030	0	6111
5855	5897	18	27	136	0	6078
5856	105	5859	20	64	0	6048
5857	46	93	5798	38	0	5975
5858	39	33	5742	43	0	5857
5859	5928	23	95	42	0	6088
5860	111	17	39	5923	0	6090
5861	42	32	6133	95	0	6302
5862	41	18	85	6053	0	6197
5863	36	18	45	6148	0	6247
5864	47	21	18	6244	0	6330
5865	34	18	20	6151	0	6223
5866	36	6021	23	117	0	6197
5867	29	86	17	6097	0	6229
5868	6045	32	28	103	0	6208
5869	91	5979	26	76	0	6172
5870	6143	89	18	50	0	6300
5871	6220	39	16	51	0	6326
5872	6253	23	18	47	0	6341
5873	110	34	6042	36	0	6222
5874	6100	19	83	40	0	6242
5875	6260	25	29	42	0	6356
5876	6266	18	15	37	0	6336
5877	6232	20	20	36	0	6308
5878	125	6101	17	39	0	6282
5879	5961	79	10	42	0	6092
5880	106	44	5871	14	0	6035
5881	46	16	65	5708	0	5835
5882	38	9	23	5802	0	5872
5883	5887	10	15	88	0	6000
5884	82	5843	16	36	0	5977
5885	5640	61	8	27	0	5736
5886	78	5613	17	16	0	5724
5887	5500	53	5	32	0	5590
5888	5483	17	6	22	0	5528
5889	69	6024	11	13	0	6117
5890	6035	72	3	18	0	6128
5891	6232	27	5	12	0	6276
5892	109	5743	12	13	0	5877
5893	42	5916	14	8	0	5980
5894	6237	97	17	20	0	6371
5895	98	39	5	6341	0	6483
5896	6405	17	5	103	0	6530
5897	6585	7	8	49	0	6649
5898	6764	2	1	28	0	6795
5899	6724	5	6	21	0	6756
5900	147	6435	21	10	0	6613
5901	51	6605	12	13	0	6681
5902	6661	124	7	17	0	6809
5903	108	63	6600	6	0	6777
5904	59	9	99	6432	0	6599
5905	34	7	51	6743	0	6835
5906	6707	4	12	149	0	6872
5907	105	6714	14	66	0	6899
5908	63	101	10	6688	0	6862
5909	13	49	6	6906	0	6974
5910	6817	16	5	158	0	6996
5911	119	14	5	6874	0	7012
5912	6794	12	8	127	0	6941
5913	6811	14	7	60	0	6892
5914	6845	8	5	27	0	6885
5915	183	6	10	6677	0	6876
5916	78	11	5	6759	0	6853
5917	39	24	7481	162	0	7706
5918	24	15	7351	63	0	7453
5919	7496	12	214	32	0	7754
5920	157	9	96	7756	0	8018
5921	95	15	8380	161	0	8651
5922	42	20	8413	86	0	8561
5923	40	10	266	8319	0	8635
5924	29	20	8313	190	0	8552
5925	27	16	188	8299	0	8530
5926	35	15	89	8390	0	8529
5927	31	17	8377	270	0	8695
5928	30	11	184	8474	0	8699
5929	46	13	92	8489	0	8640
5930	44	12	25	8694	0	8775
5931	36	26	8373	294	0	8729
5932	51	17	182	8656	0	8906
5933	8559	13	102	231	0	8905
5934	216	8529	37	120	0	8902
5935	8665	195	19	51	0	8930
5936	237	128	8461	29	0	8855
5937	8576	30	198	30	0	8834
5938	8728	18	110	21	0	8877
5939	8659	18	40	29	0	8746
5940	339	18	17	8386	0	8760
5941	171	10	26	8565	0	8772
5942	60	15	7950	319	0	8344
5943	7633	12	195	154	0	7994
5944	225	7763	120	58	0	8166
5945	123	7374	37	46	0	7580
5946	51	7643	32	37	0	7763
5947	56	271	25	7273	0	7625
5948	7276	112	21	207	0	7616
5949	7396	26	17	137	0	7576
5950	293	17	7202	59	0	7571
5951	146	10	188	7202	0	7546
5952	57	9	111	7397	0	7574
5953	44	20	7165	310	0	7539
5954	36	21	7093	159	0	7309
5955	7067	9	284	74	0	7434
5956	192	7120	145	62	0	7519
5957	7250	173	54	67	0	7544
5958	7302	103	28	63	0	7496
5959	302	32	37	7072	0	7443
5960	165	14	33	7262	0	7474
5961	6963	13	24	316	0	7316
5962	221	15	34	7010	0	7280
5963	135	18	30	7075	0	7258
5964	6953	14	35	322	0	7324
5965	224	16	40	6997	0	7277
5966	7014	9	31	241	0	7295
5967	7091	12	36	159	0	7298
5968	302	24	6862	67	0	7255
5969	6983	25	203	51	0	7262
5970	7029	19	122	68	0	7238
5971	7019	17	57	65	0	7158
5972	317	26	5865	76	0	6284
5973	6652	17	162	67	0	6898
5974	227	6504	117	58	0	6906
5975	6701	174	44	80	0	6999
5976	6764	104	35	80	0	6983
5977	292	36	39	6583	0	6950
5978	169	14	53	6606	0	6842
5979	67	6635	37	315	0	7054
5980	77	177	30	6726	0	7010
5981	71	115	35	6849	0	7070
5982	6711	40	33	319	0	7103
5983	235	16	39	6732	0	7022
5984	176	13	24	6775	0	6988
5985	94	28	38	6704	0	6864
5986	78	6368	39	306	0	6791
5987	6337	182	38	176	0	6733
5988	226	6348	45	93	0	6712
5989	5746	159	49	53	0	6007
5990	212	95	5573	54	0	5934
5991	5326	32	151	52	0	5561
5992	197	21	5427	46	0	5691
5993	130	5272	181	40	0	5623
5994	4992	123	162	53	0	5330
5995	4897	76	40	49	0	5062
5996	233	4661	27	46	0	4967
5997	126	4697	27	45	0	4895
5998	4572	169	27	45	0	4813
5999	4668	86	20	33	0	4807
6000	221	25	15	4557	0	4818
6001	127	15	24	4716	0	4882
6002	69	16	4525	209	0	4819
6003	4394	23	125	112	0	4654
6004	166	15	71	4419	0	4671
6005	102	4372	35	141	0	4650
6006	66	108	10	4379	0	4563
6007	49	69	13	4376	0	4507
6008	44	23	4225	203	0	4495
6009	41	39	106	4283	0	4469
6010	4203	29	67	161	0	4460
6011	132	4107	29	91	0	4359
6012	91	4153	15	54	0	4313
6013	4143	161	20	27	0	4351
6014	4237	85	9	31	0	4362
6015	4219	28	18	25	0	4290
6016	206	4013	18	29	0	4266
6017	67	3281	8	14	0	3370
6018	3412	94	12	18	0	3536
6019	3449	58	17	15	0	3539
6020	126	3234	10	11	0	3381
6021	42	2613	6	8	0	2669
6022	2582	70	8	6	0	2666
6023	52	38	2	2566	0	2658
6024	2640	9	1	49	0	2699
6025	58	6	3	2641	0	2708
6026	39	2660	5	45	0	2749
6027	15	2645	10	28	0	2698
6028	2727	68	2	17	0	2814
6029	2768	44	2	13	0	2827
6030	2827	10	1	9	0	2847
6031	77	2754	5	10	0	2846
6032	36	51	2579	6	0	2672
6033	9	2621	44	37	0	2711
6034	2559	48	40	12	0	2659
6035	2473	31	2	8	0	2514
6036	71	9	2474	5	0	2559
6037	31	2450	49	8	0	2538
6038	13	45	31	2492	0	2581
6039	15	35	2	2394	0	2446
6040	11	2287	7	69	0	2374
6041	11	49	2413	24	0	2497
6042	2453	38	47	6	0	2544
6043	55	13	25	2503	0	2596
6044	2540	6	4	55	0	2605
6045	2555	6	1	35	0	2597
6046	77	13	6	2681	0	2777
6047	54	9	2	2816	0	2881
6048	23	6	2	2875	0	2906
6049	21	11	1	2889	0	2922
6050	2789	14	1	86	0	2890
6051	2818	15	6	37	0	2876
6052	98	14	2818	11	0	2941
6053	49	6	55	2839	0	2949
6054	18	9	31	2882	0	2940
6055	14	9	7	2926	0	2956
6056	15	9	2815	93	0	2932
6057	21	9	60	2807	0	2897
6058	2760	10	34	70	0	2874
6059	74	6	7	2817	0	2904
6060	47	15	2808	70	0	2940
6061	16	9	60	2840	0	2925
6062	16	13	2851	67	0	2947
6063	2889	16	54	50	0	3009
6064	78	6	33	2916	0	3033
6065	2968	11	7	65	0	3051
6066	2981	11	10	44	0	3046
6067	101	9	9	2958	0	3077
6068	3019	6	8	79	0	3112
6069	74	12	5	2951	0	3042
6070	46	3107	15	70	0	3238
6071	3227	63	5	48	0	3343
6072	3220	32	11	28	0	3291
6073	3281	10	8	25	0	3324
6074	107	12	7	3217	0	3343
6075	51	10	10	3258	0	3329
6076	34	11	4	3307	0	3356
6077	22	10	3159	111	0	3302
6078	30	3095	61	57	0	3243
6079	21	52	32	3026	0	3131
6080	23	36	2965	76	0	3100
6081	2922	5	56	51	0	3034
6082	68	6	33	2960	0	3067
6083	51	11	2915	72	0	3049
6084	2993	6	51	64	0	3114
6085	67	10	38	3084	0	3199
6086	58	3	17	3122	0	3200
6087	29	5	7	3156	0	3197
6088	3084	6	10	101	0	3201
6089	3109	6	9	64	0	3188
6090	3120	6	17	35	0	3178
6091	95	2983	8	33	0	3119
6092	39	3002	17	26	0	3084
6093	3016	68	11	27	0	3122
6094	66	32	3036	25	0	3159
6095	47	6	51	3022	0	3126
6096	27	7	32	3086	0	3152
6097	3040	4	13	99	0	3156
6098	3003	7	19	41	0	3070
6099	86	2991	10	39	0	3126
6100	45	48	8	3029	0	3130
6101	31	26	2963	67	0	3087
6102	28	7	2963	52	0	3050
6103	27	6	68	3031	0	3132
6104	31	8	27	3089	0	3155
6105	3028	3	11	102	0	3144
6106	75	11	7	3107	0	3200
6107	3175	6	11	82	0	3274
6108	3188	6	15	47	0	3256
6109	89	8	3171	28	0	3296
6110	3191	2	48	50	0	3291
6111	3210	7	34	38	0	3289
6112	3255	7	12	35	0	3309
6113	82	3156	19	31	0	3288
6114	46	3176	14	18	0	3254
6115	30	72	7	3117	0	3226
6116	13	27	3121	70	0	3231
6117	26	2979	47	47	0	3099
6118	46	34	25	2807	0	2912
6119	21	15	25	2737	0	2798
6120	24	2774	8	56	0	2862
6121	2782	33	5	36	0	2856
6122	2789	17	8	22	0	2836
6123	59	5	2787	29	0	2880
6124	2737	4	35	20	0	2796
6125	40	7	2711	18	0	2776
6126	2512	6	32	14	0	2564
6127	37	17	2581	17	0	2652
6128	21	2471	26	13	0	2531
6129	22	18	16	2389	0	2445
6130	16	4	8	2448	0	2476
6131	2417	1	5	37	0	2460
6132	2411	5	9	17	0	2442
6133	2358	3	7	18	0	2386
6134	33	5	2379	12	0	2429
6135	11	9	18	2388	0	2426
6136	12	4	6	2448	0	2470
6137	2404	5	8	23	0	2440
6138	32	2388	9	11	0	2440
6139	2509	17	9	30	0	2565
6140	29	6	8	2579	0	2622
6141	21	6	2	2673	0	2702
6142	13	4	7	2688	0	2712
6143	16	3	6	2740	0	2765
6144	16	10	2	2729	0	2757
6145	14	2676	11	29	0	2730
6146	10	2512	1	5	0	2528
6147	7	2428	3	5	0	2443
6148	5	13	2	2468	0	2488
6149	6	4	2405	7	0	2422
6150	2163	2	7	14	0	2186
6151	6	2575	6	2	0	2589
6152	6	3	1	2582	0	2592
6153	6	4	3	2607	0	2620
6154	2613	1	2	18	0	2634
6155	2598	2	1	12	0	2613
6156	2632	4	3	3	0	2642
6157	17	3	1	2815	0	2836
6158	10	9	2830	7	0	2856
6159	3	5	2911	11	0	2930
6160	6	0	18	2943	0	2967
6161	5	4	2938	11	0	2958
6162	2812	2	7	16	0	2837
6163	9	3	7	2895	0	2914
6164	15	2	2886	11	0	2914
6165	6	0	8	2830	0	2844
6166	7	4	2961	8	0	2980
6167	7	6	3136	12	0	3161
6168	13	1	19	3359	0	3392
6169	2	2	3570	25	0	3599
6170	4	5	3471	19	0	3499
6171	1	3165	46	3	0	3215
6172	5	39	16	3483	0	3543
6173	3583	20	3	39	0	3645
6174	30	2	3	3602	0	3637
6175	20	1	2	3723	0	3746
6176	2	10	3640	50	0	3702
6177	3302	2	28	34	0	3366
6178	27	2	22	3721	0	3772
6179	28	0	3	3822	0	3853
6180	3712	2	2	59	0	3775
6181	32	0	4	3859	0	3895
6182	3824	1	4	42	0	3871
6183	3875	3	1	29	0	3908
6184	3810	5	1	16	0	3832
6185	47	3695	6	4	0	3752
6186	3830	25	4	14	0	3873
6187	28	3837	7	6	0	3878
6188	26	24	7	3863	0	3920
6189	3910	19	4	34	0	3967
6190	30	3905	3	34	0	3972
6191	3941	26	7	13	0	3987
6192	30	3891	12	6	0	3939
6193	3850	34	3	17	0	3904
6194	30	3781	9	9	0	3829
6195	30	3869	5	14	0	3918
6196	9	4089	9	11	0	4118
6197	10	51	8	3937	0	4006
6198	11	4181	10	24	0	4226
6199	14	37	4	4146	0	4201
6200	12	46	5	4190	0	4253
6201	14	10	2	4247	0	4273
6202	8	5	3	4249	0	4265
6203	4079	2	6	68	0	4155
6204	4191	8	3	44	0	4246
6205	67	7	4140	12	0	4226
6206	4295	6	34	18	0	4353
6207	4588	6	26	20	0	4640
6208	4766	8	8	19	0	4801
6209	76	14	4566	18	0	4674
6210	38	13	4550	7	0	4608
6211	4428	3	75	18	0	4524
6212	60	15	4712	12	0	4799
6213	44	4843	54	20	0	4961
6214	25	52	33	4944	0	5054
6215	5089	38	4	62	0	5193
6216	5109	8	7	52	0	5176
6217	5150	6	9	18	0	5183
6218	93	8	5	5133	0	5239
6219	50	6	7	5245	0	5308
6220	19	19	5257	93	0	5388
6221	26	4	57	5315	0	5402
6222	25	9	37	5452	0	5523
6223	5404	8	11	106	0	5529
6224	64	5477	19	42	0	5602
6225	5565	63	7	27	0	5662
6226	72	46	8	5539	0	5665
6227	5513	8	11	78	0	5610
6228	5500	6	3	59	0	5568
6229	5370	12	7	29	0	5418
6230	95	5299	12	25	0	5431
6231	51	5454	13	17	0	5535
6232	24	85	20	5471	0	5600
6233	5504	40	15	80	0	5639
6234	83	8	13	5455	0	5559
6235	60	11	8	5508	0	5587
6236	28	22	5415	102	0	5567
6237	27	11	66	5427	0	5531
6238	30	7	39	5504	0	5580
6239	36	7	10	5481	0	5534
6240	20	12	5320	110	0	5462
6241	24	10	5141	68	0	5243
6242	20	5228	102	26	0	5376
6243	5253	60	37	22	0	5372
6244	82	37	9	5289	0	5417
6245	68	15	5195	71	0	5349
6246	29	7	62	5206	0	5304
6247	36	9	39	5628	0	5712
6248	5612	8	14	113	0	5747
6249	5613	3	14	64	0	5694
6250	101	5594	17	31	0	5743
6251	5582	60	10	24	0	5676
6252	5489	42	11	16	0	5558
6253	97	15	10	5482	0	5604
6254	54	15	5485	84	0	5638
6255	27	5507	61	46	0	5641
6256	5513	56	38	28	0	5635
6257	5607	34	8	24	0	5673
6258	89	5714	15	24	0	5842
6259	36	62	5	5879	0	5982
6260	6090	34	8	97	0	6229
6261	6208	7	7	69	0	6291
6262	116	6	4	6239	0	6365
6263	6328	10	13	101	0	6452
6264	6677	11	8	44	0	6740
6265	6799	5	10	30	0	6844
6266	151	14	6932	18	0	7115
6267	56	6761	86	21	0	6924
6268	19	6806	49	17	0	6891
6269	6485	110	42	34	0	6671
6270	89	6452	8	16	0	6565
6271	38	90	6494	12	0	6634
6272	25	31	82	6475	0	6613
6273	6535	11	33	97	0	6676
6274	96	9	4	6552	0	6661
6275	6526	3	5	104	0	6638
6276	6572	2	7	48	0	6629
6277	6543	5	6	23	0	6577
6278	120	6330	13	19	0	6482
6279	41	6702	21	13	0	6777
6280	6790	108	10	22	0	6930
6281	6751	42	9	18	0	6820
6282	6809	13	4	18	0	6844
6283	133	2	6	6703	0	6844
6284	6701	3	7	97	0	6808
6285	94	6527	17	49	0	6687
6286	44	6772	10	38	0	6864
6287	35	114	5	6703	0	6857
6288	27	37	6607	89	0	6760
6289	31	14	6503	42	0	6590
6290	23	22	110	6561	0	6716
6291	24	24	6625	91	0	6764
6292	19	9	86	6652	0	6766
6293	6666	15	37	96	0	6814
6294	101	11	10	6665	0	6787
6295	6640	9	12	94	0	6755
6296	101	6413	14	51	0	6579
6297	59	93	6498	10	0	6660
6298	27	36	85	6295	0	6443
6299	38	15	32	6541	0	6626
6300	30	10	6580	119	0	6739
6301	28	17	84	6424	0	6553
6302	22	6741	39	88	0	6890
6303	38	85	14	6902	0	7039
6304	51	35	7	6955	0	7048
6305	45	14	7	7200	0	7266
6306	38	17	6943	135	0	7133
6307	32	14	6462	50	0	6558
6308	5971	8	123	30	0	6132
6309	99	17	6407	15	0	6538
6310	45	6434	85	27	0	6591
6311	6517	93	35	22	0	6667
6312	100	6581	25	21	0	6727
6313	6467	85	10	35	0	6597
6314	6466	37	18	31	0	6552
6315	6423	10	19	28	0	6480
6316	6412	16	5	29	0	6462
6317	131	6202	20	22	0	6375
6318	49	6269	16	31	0	6365
6319	6288	118	15	27	0	6448
6320	103	53	6112	18	0	6286
6321	60	31	84	5966	0	6141
6322	33	16	50	6161	0	6260
6323	35	19	6068	118	0	6240
6324	5727	11	94	55	0	5887
6325	6155	14	38	41	0	6248
6326	6144	24	16	20	0	6204
6327	133	6000	19	25	0	6177
6328	6458	88	13	40	0	6599
6329	110	52	24	6239	0	6425
6330	62	6709	28	88	0	6887
6331	6858	96	20	63	0	7037
6332	6964	61	19	31	0	7075
6333	7290	30	16	30	0	7366
6334	195	22	12	7145	0	7374
6335	104	17	16	7189	0	7326
6336	36	6987	18	179	0	7220
6337	50	117	7111	83	0	7361
6338	50	76	114	7121	0	7361
6339	60	24	71	7195	0	7350
6340	52	19	26	7466	0	7563
6341	33	24	7319	177	0	7553
6342	7048	18	112	102	0	7280
6343	134	21	73	7414	0	7642
6344	85	32	7482	122	0	7721
6345	59	16	117	7534	0	7726
6346	7658	11	79	143	0	7891
6347	147	7459	35	95	0	7736
6348	101	132	21	7598	0	7852
6349	43	92	7607	145	0	7887
6350	7267	31	128	100	0	7526
6351	7614	26	94	44	0	7778
6352	213	20	7624	50	0	7907
6353	116	39	137	6956	0	7248
6354	40	7443	89	121	0	7693
6355	7536	121	36	108	0	7801
6356	163	91	7377	46	0	7677
6357	7159	22	131	70	0	7382
6358	167	25	7071	33	0	7296
6359	105	25	6718	34	0	6882
6360	6476	15	167	40	0	6698
6361	116	6625	97	59	0	6897
6362	107	108	6558	38	0	6811
6363	49	6526	108	34	0	6717
6364	53	97	6297	31	0	6478
6365	41	6181	116	32	0	6370
6366	5822	83	89	52	0	6046
6367	93	70	5708	34	0	5905
6368	82	34	5659	24	0	5799
6369	42	16	5657	26	0	5741
6370	5533	13	146	40	0	5732
6371	5685	16	77	25	0	5803
6372	137	11	35	5566	0	5749
6373	83	19	5748	87	0	5937
6374	40	17	5778	76	0	5911
6375	5778	21	135	38	0	5972
6376	99	16	89	5900	0	6104
6377	5932	17	31	85	0	6065
6378	5942	12	33	71	0	6058
6379	138	29	26	5603	0	5796
6380	87	5658	37	84	0	5866
6381	51	76	36	5730	0	5893
6382	47	67	28	5782	0	5924
6383	45	27	5718	129	0	5919
6384	44	5583	100	85	0	5812
6385	38	5747	80	29	0	5894
6386	43	132	40	5481	0	5696
6387	38	74	5610	80	0	5802
6388	33	5575	105	66	0	5779
6389	40	84	5612	33	0	5769
6390	5453	66	104	44	0	5667
6391	5681	25	84	30	0	5820
6392	150	28	5569	35	0	5782
6393	5542	17	104	27	0	5690
6394	111	27	79	5662	0	5879
6395	88	5933	44	81	0	6146
6396	51	83	37	6096	0	6267
6397	5945	62	40	109	0	6156
6398	6037	34	30	73	0	6174
6399	6031	18	33	41	0	6123
6400	5888	18	20	44	0	5970
6401	148	5716	43	30	0	5937
6402	89	5635	32	34	0	5790
6403	5623	111	38	31	0	5803
6404	103	71	5675	38	0	5887
6405	81	58	82	5581	0	5802
6406	32	6049	67	84	0	6232
6407	48	80	38	5963	0	6129
6408	31	6172	41	82	0	6326
6409	39	99	26	6169	0	6333
6410	28	77	6066	91	0	6262
6411	5906	21	99	80	0	6106
6412	6172	29	73	35	0	6309
6413	144	37	6037	34	0	6252
6414	5993	18	108	31	0	6150
6415	6146	20	76	30	0	6272
6416	151	31	6038	16	0	6236
6417	95	22	98	5845	0	6060
6418	6037	17	79	92	0	6225
6419	107	22	6005	75	0	6209
6420	91	19	98	5788	0	5996
6421	45	19	6341	93	0	6498
6422	40	23	6236	59	0	6358
6423	6042	30	139	44	0	6255
6424	6413	22	84	21	0	6540
6425	6463	15	27	25	0	6530
6426	6725	14	31	27	0	6797
6427	164	20	24	6403	0	6611
6428	92	6164	23	86	0	6365
6429	38	6343	25	71	0	6477
6430	29	117	18	5984	0	6148
6431	6016	56	14	89	0	6175
6432	94	5919	23	57	0	6093
6433	41	5872	18	16	0	5947
6434	5818	95	10	18	0	5941
6435	90	45	14	5770	0	5919
6436	5881	10	9	77	0	5977
6437	88	5718	16	46	0	5868
6438	5944	81	11	23	0	6059
6439	96	43	6085	15	0	6239
6440	6845	16	95	18	0	6974
6441	7054	5	43	21	0	7123
6442	7209	14	15	25	0	7263
6443	188	31	6133	18	0	6370
6444	6865	29	77	21	0	6992
6445	128	6801	42	55	0	7026
6446	58	111	6863	12	0	7044
6447	33	94	107	6616	0	6850
6448	29	18	49	6605	0	6701
6449	10	6643	15	141	0	6809
6450	27	102	9	6739	0	6877
6451	16	44	5	6796	0	6861
6452	15	10	6526	150	0	6701
6453	5930	9	117	66	0	6122
6454	123	11	6642	15	0	6791
6455	66	7	111	6504	0	6688
6456	18	4	6773	114	0	6909
6457	19	6	123	6667	0	6815
6458	6810	5	54	126	0	6995
6459	7005	12	13	61	0	7091
6460	176	5	16	6902	0	7099
6461	58	17	7075	130	0	7280
6462	29	7	121	7102	0	7259
6463	19	12	7071	129	0	7231
6464	6776	4	118	69	0	6967
6465	7117	13	59	23	0	7212
6466	7069	10	10	24	0	7113
6467	6984	13	15	22	0	7034
6468	177	6654	13	38	0	6882
6469	78	124	8	6868	0	7078
6470	6722	61	19	131	0	6933
6471	128	6687	15	68	0	6898
6472	69	6860	24	22	0	6975
6473	32	166	6294	20	0	6512
6474	6399	58	154	20	0	6631
6475	6653	8	63	23	0	6747
6476	204	9	6390	14	0	6617
6477	95	6	142	6268	0	6511
6478	53	7	59	6664	0	6783
6479	41	9	6534	180	0	6764
6480	48	6	141	6473	0	6668
6481	6453	9	70	153	0	6685
6482	151	21	6335	68	0	6575
6483	71	17	6516	26	0	6630
6484	6321	13	178	34	0	6546
6485	146	17	6563	23	0	6749
6486	6420	11	139	27	0	6597
6487	156	6363	73	18	0	6610
6488	6574	130	18	29	0	6751
6489	168	62	21	6440	0	6691
6490	93	15	18	6606	0	6732
6491	6461	22	21	197	0	6701
6492	157	22	22	6518	0	6719
6493	6565	16	15	162	0	6758
6494	149	6559	27	73	0	6808
6495	102	133	16	6334	0	6585
6496	48	67	26	6447	0	6588
6497	6241	18	16	187	0	6462
6498	6445	19	19	74	0	6557
6499	6427	15	21	35	0	6498
6500	209	6092	18	31	0	6350
6501	90	6245	26	21	0	6382
6502	6182	171	18	37	0	6408
6503	169	64	6024	23	0	6280
6504	96	5932	134	22	0	6184
6505	5429	112	114	18	0	5673
6506	5273	46	22	18	0	5359
6507	5217	13	31	19	0	5280
6508	174	11	15	4912	0	5112
6509	5090	6	18	116	0	5230
6510	5091	14	9	55	0	5169
6511	170	10	11	4837	0	5028
6512	4947	7	14	119	0	5087
6513	123	11	4701	54	0	4889
6514	70	15	107	4838	0	5030
6515	35	14	57	5018	0	5124
6516	24	9	27	5139	0	5199
6517	4976	7	19	149	0	5151
6518	5118	13	17	79	0	5227
6519	5166	10	12	32	0	5220
6520	5152	7	14	31	0	5204
6521	4881	8	17	25	0	4931
6522	167	4	16	4570	0	4757
6523	89	2	18	4738	0	4847
6524	4614	5	16	149	0	4784
6525	113	4459	20	66	0	4658
6526	4461	87	14	26	0	4588
6527	121	41	4215	25	0	4402
6528	4499	12	86	19	0	4616
6529	4828	11	37	27	0	4903
6530	145	12	5148	27	0	5332
6531	5351	4	98	21	0	5474
6532	126	9	5403	17	0	5555
6533	71	13	5621	7	0	5712
6534	43	6	149	5415	0	5613
6535	47	11	74	5807	0	5939
6536	21	6	5717	156	0	5900
6537	25	8	5866	74	0	5973
6538	14	5539	154	25	0	5732
6539	14	5377	68	28	0	5487
6540	4490	99	64	17	0	4670
6541	61	4830	9	7	0	4907
6542	4686	63	21	7	0	4777
6543	63	4592	8	12	0	4675
6544	4560	57	5	12	0	4634
6545	61	52	4333	7	0	4453
6546	4416	9	56	7	0	4488
6547	64	7	44	4381	0	4496
6548	53	4443	9	49	0	4554
6549	29	55	3	4532	0	4619
6550	4513	37	5	60	0	4615
6551	4589	6	6	45	0	4646
6552	104	2	4	4428	0	4538
6553	56	6	4393	56	0	4511
6554	13	6	4373	49	0	4441
6555	12	4435	94	15	0	4556
6556	32	47	47	4356	0	4482
6557	11	42	4304	44	0	4401
6558	5	4030	43	42	0	4120
6559	20	48	54	4193	0	4315
6560	12	43	10	4246	0	4311
6561	4031	9	4	76	0	4120
6562	41	7	5	4023	0	4076
6563	42	5	3969	48	0	4064
6564	15	17	40	3931	0	4003
6565	3726	4	41	51	0	3822
6566	43	4	3868	48	0	3963
6567	3795	2	48	15	0	3860
6568	46	3893	38	9	0	3986
6569	4006	37	12	12	0	4067
6570	4000	38	7	9	0	4054
6571	85	6	8	3762	0	3861
6572	47	6	7	3905	0	3965
6573	12	3811	10	84	0	3917
6574	10	47	4	3942	0	4003
6575	3754	38	6	47	0	3845
6576	41	8	3807	43	0	3899
6577	49	8	36	3785	0	3878
6578	12	3756	38	46	0	3852
6579	11	39	8	3877	0	3935
6580	13	39	6	3896	0	3954
6581	3754	10	5	79	0	3848
6582	39	3771	8	63	0	3881
6583	46	43	9	3800	0	3898
6584	3710	37	3	46	0	3796
6585	38	8	8	3775	0	3829
6586	51	5	6	3776	0	3838
6587	3694	6	3	85	0	3788
6588	3761	9	4	55	0	3829
6589	80	6	3722	21	0	3829
6590	3718	2	36	16	0	3772
6591	3808	2	39	16	0	3865
6592	3845	5	13	14	0	3877
6593	83	3591	11	11	0	3696
6594	50	3555	12	6	0	3623
6595	21	72	9	3523	0	3625
6596	3542	43	13	44	0	3642
6597	3586	7	4	45	0	3642
6598	77	14	5	3488	0	3584
6599	49	11	3586	47	0	3693
6600	3557	9	35	48	0	3649
6601	3737	7	35	19	0	3798
6602	85	3	8	3623	0	3719
6603	48	9	7	3716	0	3780
6604	3699	4	3	80	0	3786
6605	46	4	5	3717	0	3772
6606	50	3679	8	43	0	3780
6607	23	36	4	3814	0	3877
6608	3718	38	3	53	0	3812
6609	45	9	3764	48	0	3866
6610	3603	5	35	26	0	3669
6611	49	10	3767	11	0	3837
6612	45	6	39	3741	0	3831
6613	3786	6	38	50	0	3880
6614	47	3	9	3770	0	3829
6615	48	3	7	3800	0	3858
6616	3618	3	10	79	0	3710
6617	42	7	3692	57	0	3798
6618	50	6	3874	19	0	3949
6619	17	1	73	3858	0	3949
6620	19	6	41	3951	0	4017
6621	14	4	13	4022	0	4053
6622	15	8	3956	83	0	4062
6623	3785	4	40	56	0	3885
6624	4035	3	38	23	0	4099
6625	4088	1	10	25	0	4124
6626	4054	5	3	19	0	4081
6627	84	3875	9	12	0	3980
6628	49	3894	12	7	0	3962
6629	14	3703	8	9	0	3734
6630	19	99	0	2882	0	3000
6631	11	15	3	3014	0	3043
6632	5	2	2863	26	0	2896
6633	2	2593	9	11	0	2615
6634	25	7	5	2462	0	2499
6635	2408	3	0	13	0	2424
6636	3	2459	6	19	0	2487
6637	8	5	0	2424	0	2437
6638	3	2497	9	6	0	2515
6639	2625	4	2	16	0	2647
6640	9	5	2	2671	0	2687
6641	7	9	2518	9	0	2543
6642	2	4	2513	9	0	2528
6643	6	19	11	2584	0	2620
6644	1	0	8	2612	0	2621
6645	5	0	2	2654	0	2661
6646	2605	1	2	26	0	2634
6647	12	2	2582	9	0	2605
6648	6	2540	11	4	0	2561
6649	3	9	9	2495	0	2516
6650	4	8	2495	11	0	2518
6651	3	2479	13	10	0	2505
6652	16	9	14	2541	0	2580
6653	0	14	2576	14	0	2604
6654	6	1	12	2565	0	2584
6655	5	4	11	2597	0	2617
6656	2626	4	2	25	0	2657
6657	2611	3	4	17	0	2635
6658	19	1	5	2600	0	2625
6659	2575	2	2	20	0	2599
6660	15	3	2574	12	0	2604
6661	8	4	18	2587	0	2617
6662	5	3	2656	13	0	2677
6663	7	0	15	2838	0	2860
6664	4	2782	21	22	0	2829
6665	4	2789	3	17	0	2813
6666	4	2915	6	8	0	2933
6667	7	24	9	3049	0	3089
6668	8	13	5	3423	0	3449
6669	3	3	3393	52	0	3451
6670	8	10	3383	14	0	3415
6671	2	6	3509	7	0	3524
6672	3592	3	48	18	0	3661
6673	44	6	16	3751	0	3817
6674	3793	5	5	53	0	3856
6675	45	3845	7	18	0	3915
6676	15	43	8	3910	0	3976
6677	4000	12	6	50	0	4068
6678	51	7	6	4010	0	4074
6679	3965	5	8	57	0	4035
6680	53	10	3985	16	0	4064
6681	15	4058	51	15	0	4139
6682	15	46	17	4102	0	4180
6683	4114	19	8	58	0	4199
6684	4188	9	5	26	0	4228
6685	66	5	5	4195	0	4271
6686	25	4	6	4247	0	4282
6687	4136	5	3	76	0	4220
6688	56	4	12	4141	0	4213
6689	21	10	4129	56	0	4216
6690	9	4126	58	28	0	4221
6691	22	48	23	4178	0	4271
6692	4172	19	10	69	0	4270
6693	4195	9	9	34	0	4247
6694	68	8	4258	19	0	4353
6695	32	4218	55	12	0	4317
6696	19	4386	19	24	0	4448
6697	14	69	14	4378	0	4475
6698	17	28	6	4499	0	4550
6699	19	11	7	4412	0	4449
6700	24	8	7	4406	0	4445
6701	18	4300	7	88	0	4413
6702	20	62	8	4359	0	4449
6703	20	26	11	4426	0	4483
6704	4313	18	9	97	0	4437
6705	4340	8	4	53	0	4405
6706	85	4348	9	35	0	4477
6707	4445	64	3	29	0	4541
6708	4445	19	14	34	0	4512
6709	4445	15	11	29	0	4500
6710	92	15	4330	23	0	4460
6711	40	7	59	4339	0	4445
6712	35	10	22	4488	0	4555
6713	29	9	4400	81	0	4519
6714	18	17	66	4380	0	4481
6715	32	12	27	4324	0	4395
6716	4358	10	17	96	0	4481
6717	76	15	4315	47	0	4453
6718	33	14	67	4192	0	4306
6719	4155	10	23	98	0	4286
6720	69	4157	13	59	0	4298
6721	4142	66	8	52	0	4268
6722	4104	28	5	37	0	4174
6723	86	4034	8	43	0	4171
6724	43	64	7	4081	0	4195
6725	4097	28	10	80	0	4215
6726	79	4091	7	48	0	4225
6727	45	63	14	4094	0	4216
6728	4007	29	7	81	0	4124
6729	3951	25	11	45	0	4032
6730	102	3870	12	36	0	4020
6731	3903	55	9	33	0	4000
6732	84	29	10	3875	0	3998
6733	3885	11	17	91	0	4004
6734	82	20	3827	48	0	3977
6735	47	10	59	3817	0	3933
6736	35	10	35	3806	0	3886
6737	3718	15	26	100	0	3859
6738	80	3616	16	66	0	3778
6739	3554	58	14	40	0	3666
6740	86	3451	19	32	0	3588
6741	44	69	3332	33	0	3478
6742	42	32	3284	31	0	3389
6743	33	65	78	3251	0	3427
6744	28	22	3324	85	0	3459
6745	43	10	63	3321	0	3437
6746	36	25	26	3310	0	3397
6747	28	21	8	3398	0	3455
6748	3401	11	10	107	0	3529
6749	3424	17	5	47	0	3493
6750	3511	15	12	37	0	3575
6751	103	3413	18	42	0	3576
6752	64	3656	6	28	0	3754
6753	44	89	3887	38	0	4058
6754	42	38	84	3981	0	4145
6755	37	30	3932	106	0	4105
6756	41	11	94	3923	0	4069
6757	43	16	38	3992	0	4089
6758	39	16	30	4023	0	4108
6759	34	21	3867	141	0	4063
6760	42	15	80	3889	0	4026
6761	3839	22	44	113	0	4018
6762	92	3766	29	64	0	3951
6763	53	78	18	3638	0	3787
6764	3604	33	26	109	0	3772
6765	3638	21	23	56	0	3738
6766	125	16	11	3507	0	3659
6767	82	10	14	3308	0	3414
6768	2998	9	11	95	0	3113
6769	87	7	9	3005	0	3108
6770	2842	7	9	83	0	2941
6771	80	12	5	2786	0	2883
6772	43	10	2610	84	0	2747
6773	35	2498	50	47	0	2630
6774	27	2552	32	30	0	2641
6775	29	64	61	2442	0	2596
6776	59	34	26	2432	0	2551
6777	2386	16	10	75	0	2487
6778	56	17	11	2415	0	2499
6779	29	11	8	2455	0	2503
6780	25	4	10	2337	0	2376
6781	18	2243	11	84	0	2356
6782	16	47	5	2321	0	2389
6783	18	23	4	2332	0	2377
6784	16	15	4	2321	0	2356
6785	2150	8	10	85	0	2253
6786	48	2181	8	59	0	2296
6787	30	44	5	2230	0	2309
6788	25	21	4	2246	0	2296
6789	25	12	6	2240	0	2283
6790	2156	9	2	83	0	2250
6791	57	8	4	2184	0	2253
6792	31	5	3	2182	0	2221
6793	21	2	2056	80	0	2159
6794	12	1942	35	46	0	2035
6795	9	47	19	1960	0	2035
6796	1912	17	12	52	0	1993
6797	38	1949	7	33	0	2027
6798	1900	35	8	21	0	1964
6799	1938	19	2	21	0	1980
6800	56	13	3	1884	0	1956
6801	32	6	3	1937	0	1978
6802	21	9	1910	54	0	1994
6803	15	5	30	1943	0	1993
6804	12	3	1922	54	0	1991
6805	13	5	38	1939	0	1995
6806	1804	6	24	51	0	1885
6807	34	1803	10	35	0	1882
6808	20	43	14	1930	0	2007
6809	14	19	5	1940	0	1978
6810	13	15	8	1940	0	1976
6811	10	10	7	1953	0	1980
6812	1860	5	3	75	0	1943
6813	37	1819	9	50	0	1915
6814	23	32	5	1912	0	1972
6815	1894	17	4	54	0	1969
6816	42	14	1852	41	0	1949
6817	1860	10	36	27	0	1933
6818	1885	8	20	26	0	1939
6819	59	9	1870	19	0	1957
6820	35	6	38	1888	0	1967
6821	1929	3	23	61	0	2016
6822	55	1956	19	31	0	2061
6823	2008	46	7	32	0	2093
6824	2003	21	6	30	0	2060
6825	2000	11	7	28	0	2046
6826	77	8	1	1952	0	2038
6827	40	4	4	2053	0	2101
6828	32	2211	8	67	0	2318
6829	23	57	4	2277	0	2361
6830	2287	29	3	76	0	2395
6831	63	16	2262	49	0	2390
6832	2238	10	54	34	0	2336
6833	2362	5	26	29	0	2422
6834	92	6	12	2275	0	2385
6835	44	6	8	2373	0	2431
6836	2351	3	5	98	0	2457
6837	2383	4	4	51	0	2442
6838	2257	3	7	39	0	2306
6839	89	8	2282	26	0	2405
6840	49	2288	50	22	0	2409
6841	2321	54	28	16	0	2419
6842	71	32	13	2323	0	2439
6843	41	2312	8	68	0	2429
6844	22	57	7	2299	0	2385
6845	2293	27	6	76	0	2402
6846	64	13	2	2306	0	2385
6847	42	12	2258	79	0	2391
6848	15	2221	44	53	0	2333
6849	17	2290	21	28	0	2356
6850	10	62	2153	27	0	2252
6851	1956	47	61	21	0	2085
6852	37	1896	22	15	0	1970
6853	32	43	22	1497	0	1594
6854	1495	11	3	27	0	1536
6855	28	1485	5	13	0	1531
6856	15	27	1	1499	0	1542
6857	1521	12	3	28	0	1564
6858	33	3	1	1530	0	1567
6859	1521	3	1	30	0	1555
6860	27	4	1527	19	0	1577
6861	17	1529	26	8	0	1580
6862	1601	27	11	16	0	1655
6863	1626	11	1	10	0	1648
6864	1637	5	3	7	0	1652
6865	39	7	1543	7	0	1596
6866	1548	3	27	7	0	1585
6867	1608	1	13	11	0	1633
6868	43	2	2	1587	0	1634
6869	1598	2	4	29	0	1633
6870	31	1574	5	14	0	1624
6871	17	22	3	1599	0	1641
6872	13	16	1587	28	0	1644
6873	6	7	25	1592	0	1630
6874	6	8	13	1620	0	1647
6875	1606	4	4	41	0	1655
6876	1625	4	4	17	0	1650
6877	40	6	1586	10	0	1642
6878	1595	1	24	10	0	1630
6879	35	2	1607	9	0	1653
6880	27	2	25	1593	0	1647
6881	9	2	1606	32	0	1649
6882	8	3	29	1599	0	1639
6883	9	1614	15	29	0	1667
6884	12	25	1608	14	0	1659
6885	11	10	1667	6	0	1694
6886	12	4	44	1474	0	1534
6887	1685	7	13	32	0	1737
6888	1705	5	5	14	0	1729
6889	1721	4	4	13	0	1742
6890	44	2	5	1669	0	1720
6891	23	6	5	1692	0	1726
6892	17	4	1	1709	0	1731
6893	15	2	5	1703	0	1725
6894	7	7	1658	46	0	1718
6895	6	6	28	1669	0	1709
6896	8	1661	13	39	0	1721
6897	7	28	3	1653	0	1691
6898	1681	12	8	37	0	1738
6899	38	4	1681	17	0	1740
6900	1622	6	32	9	0	1669
6901	35	7	1789	9	0	1840
6902	24	0	1773	4	0	1801
6903	9	1774	43	5	0	1831
6904	18	34	14	1610	0	1676
6905	9	12	10	1714	0	1745
6906	8	1598	13	41	0	1660
6907	1925	35	3	17	0	1980
6908	38	16	3	2009	0	2066
6909	25	4	5	2222	0	2256
6910	12	5	5	2292	0	2314
6911	2544	2	2	66	0	2614
6912	2662	2	7	34	0	2705
6913	71	2	2	2637	0	2712
6914	38	5	1	2635	0	2679
6915	2604	1	3	79	0	2687
6916	52	2	1	2644	0	2699
6917	30	6	6	2672	0	2714
6918	22	3	4	2693	0	2722
6919	14	5	2549	79	0	2647
6920	2444	1	36	49	0	2530
6921	2544	1	26	22	0	2593
6922	65	6	2472	13	0	2556
6923	37	7	35	2331	0	2410
6924	12	2463	27	46	0	2548
6925	2442	33	9	35	0	2519
6926	41	2464	19	15	0	2539
6927	28	2327	8	14	0	2377
6928	18	40	1	2202	0	2261
6929	2215	16	6	37	0	2274
6930	2266	11	4	28	0	2309
6931	54	6	0	2234	0	2294
6932	32	3	5	2252	0	2292
6933	17	6	3	2232	0	2258
6934	5	7	7	2233	0	2252
6935	12	5	2	2190	0	2209
6936	10	2131	3	55	0	2199
6937	13	26	1	2203	0	2243
6938	2176	16	2	55	0	2249
6939	2228	5	8	33	0	2274
6940	2210	2	4	28	0	2244
6941	51	2147	5	28	0	2231
6942	24	26	2	2151	0	2203
6943	11	21	2146	42	0	2220
6944	2114	20	25	32	0	2191
6945	41	6	15	2124	0	2186
6946	2161	6	8	33	0	2208
6947	2089	9	5	26	0	2129
6948	2108	6	4	22	0	2140
6949	50	5	4	2052	0	2111
6950	2062	9	4	37	0	2112
6951	40	9	5	2062	0	2116
6952	25	8	4	2088	0	2125
6953	2045	6	6	56	0	2113
6954	43	6	4	2078	0	2131
6955	2058	5	5	47	0	2115
6956	2083	9	1	36	0	2129
6957	57	5	2	2070	0	2134
6958	39	4	1	2079	0	2123
6959	26	6	3	2105	0	2140
6960	18	7	2004	61	0	2090
6961	14	10	2012	43	0	2079
6962	23	5	37	1979	0	2044
6963	27	2	20	1976	0	2025
6964	22	4	7	1988	0	2021
6965	23	2	4	1975	0	2004
6966	25	5	7	1986	0	2023
6967	1923	5	10	60	0	1998
6968	41	1905	8	35	0	1989
6969	29	28	10	1924	0	1991
6970	1928	18	28	47	0	2021
6971	44	9	7	1960	0	2020
6972	33	5	3	1966	0	2007
6973	1936	7	1	57	0	2001
6974	1937	7	2	40	0	1986
6975	51	6	1905	28	0	1990
6976	39	4	25	1914	0	1982
6977	24	4	1929	49	0	2006
6978	26	3	27	1958	0	2014
6979	18	2	17	1952	0	1989
6980	25	1	8	1961	0	1995
6981	18	3	1933	62	0	2016
6982	14	1865	29	51	0	1959
6983	14	1954	20	34	0	2022
6984	16	37	9	1952	0	2014
6985	1930	18	10	47	0	2005
6986	32	6	1923	38	0	1999
6987	29	5	1955	27	0	2016
6988	20	8	39	1964	0	2031
6989	14	6	21	1953	0	1994
6990	11	2031	12	60	0	2114
6991	16	25	9	2046	0	2096
6992	13	15	7	2146	0	2181
6993	21	11	10	2158	0	2200
6994	2146	5	8	60	0	2219
6995	2156	2	9	43	0	2210
6996	45	5	5	2189	0	2244
6997	26	2142	10	44	0	2222
6998	17	25	3	2151	0	2196
6999	2091	15	3	55	0	2164
7000	30	2150	7	40	0	2227
7001	25	20	6	2000	0	2051
7002	15	2075	5	38	0	2133
7003	2038	24	8	28	0	2098
7004	1969	18	7	26	0	2020
7005	41	2051	12	20	0	2124
7006	22	2031	3	25	0	2081
7007	13	35	1906	14	0	1968
7008	2	1784	21	19	0	1826
7009	22	37	13	1527	0	1599
7010	9	12	1561	16	0	1598
7011	1	1225	12	9	0	1247
7012	6	7	2	1156	0	1171
7013	1	3	3	1181	0	1188
7014	3	3	0	1185	0	1191
7015	1148	0	0	15	0	1163
7016	8	2	1108	5	0	1123
7017	2	3	1109	4	0	1118
7018	2	0	8	1110	0	1120
7019	4	2	1198	7	0	1211
7020	3	0	7	1196	0	1206
7021	4	1	2	1161	0	1168
7022	1	2	1	1178	0	1182
7023	3	2	0	1183	0	1188
7024	1160	1	2	12	0	1175
7025	1159	1	0	4	0	1164
7026	8	4	1	1179	0	1192
7027	4	2	1248	10	0	1264
7028	2	3	8	1236	0	1249
7029	2	1194	4	8	0	1208
7030	3	6	2	1191	0	1202
7031	1180	2	3	12	0	1197
7032	1212	5	1	5	0	1223
7033	11	0	2	1211	0	1224
7034	4	2	2	1217	0	1225
7035	2	2	1	1225	0	1230
7036	1198	0	2	14	0	1214
7037	6	2	1212	7	0	1227
7038	3	2	1179	5	0	1189
7039	4	1174	8	4	0	1190
7040	1192	7	4	6	0	1209
7041	10	3	1	1217	0	1231
7042	5	2	1251	9	0	1267
7043	4	1237	8	5	0	1254
7044	1	1280	2	9	0	1292
7045	3	7	3	1275	0	1288
7046	3	6	0	1301	0	1310
7047	0	1282	0	14	0	1296
7048	6	6	1	1304	0	1317
7049	4	3	1	1309	0	1317
7050	1284	3	0	13	0	1300
7051	8	1313	1	6	0	1328
7052	9	9	2	1327	0	1347
7053	6	7	1304	7	0	1324
7054	1	1	7	1325	0	1334
7055	1312	2	3	10	0	1327
7056	6	1298	5	8	0	1317
7057	6	5	2	1338	0	1351
7058	3	4	1327	8	0	1342
7059	0	2	1433	7	0	1442
7060	4	2	8	1468	0	1482
7061	5	1	5	1535	0	1546
7062	1543	1	4	13	0	1561
7063	8	1571	4	9	0	1592
7064	1616	14	11	4	0	1645
7065	15	8	1622	7	0	1652
7066	1560	1	14	9	0	1584
7067	16	4	1682	5	0	1707
7068	1619	5	12	5	0	1641
7069	1685	1	4	11	0	1701
7070	22	2	1709	5	0	1738
7071	8	2	1689	5	0	1704
7072	6	1637	20	3	0	1666
7073	3	17	8	1736	0	1764
7074	1733	8	5	21	0	1767
7075	16	2	3	1788	0	1809
7076	5	4	2	1845	0	1856
7077	5	3	2	1858	0	1868
7078	3	3	1804	24	0	1834
7079	1596	3	17	15	0	1631
7080	1841	0	6	14	0	1861
7081	24	1902	4	6	0	1936
7082	8	18	4	1904	0	1934
7083	8	1971	2	18	0	1999
7084	2	19	6	2016	0	2043
7085	2012	5	3	21	0	2041
7086	16	2011	2	13	0	2042
7087	10	17	4	1985	0	2016
7088	1974	5	3	25	0	2007
7089	1969	3	2	9	0	1983
7090	25	2	0	1921	0	1948
7091	7	2	1926	22	0	1957
7092	4	9	16	1849	0	1878
7093	5	1939	8	19	0	1971
7094	1887	18	3	15	0	1923
7095	22	1884	5	7	0	1918
7096	6	22	0	1888	0	1916
7097	1905	7	0	23	0	1935
7098	26	3	0	1968	0	1997
7099	7	2	1	2007	0	2017
7100	7	1	1940	30	0	1978
7101	4	1928	18	12	0	1962
7102	1861	19	6	7	0	1893
7103	1705	9	7	9	0	1730
7104	21	1872	2	4	0	1899
7105	9	1872	2	1	0	1884
7106	9	22	10	1826	0	1867
7107	1806	7	0	16	0	1829
7108	14	1812	2	8	0	1836
7109	9	16	3	1818	0	1846
7110	4	6	1812	18	0	1840
7111	7	2	14	1812	0	1835
7112	1803	2	15	24	0	1844
7113	15	1845	2	16	0	1878
7114	8	18	2	1961	0	1989
7115	4	8	1938	18	0	1968
7116	6	5	1953	5	0	1969
7117	4	4	21	1991	0	2020
7118	7	0	6	2060	0	2073
7119	2	2003	6	31	0	2042
7120	5	18	1	2005	0	2029
7121	2024	7	3	25	0	2059
7122	17	6	5	2053	0	2081
7123	2046	3	2	24	0	2075
7124	20	2053	4	9	0	2086
7125	13	2111	7	8	0	2139
7126	11	25	2	2164	0	2202
7127	8	7	4	2141	0	2160
7128	10	9	2163	24	0	2206
7129	2	8	21	2148	0	2179
7130	2156	3	9	32	0	2200
7131	22	7	2181	13	0	2223
7132	13	4	19	2185	0	2221
7133	11	9	2311	23	0	2354
7134	5	9	21	2314	0	2349
7135	10	2	12	2335	0	2359
7136	5	2	7	2375	0	2389
7137	4	10	2386	27	0	2427
7138	9	8	18	2318	0	2353
7139	6	2392	12	32	0	2442
7140	13	26	4	2402	0	2445
7141	7	14	2	2451	0	2474
7142	2387	8	2	40	0	2437
7143	24	7	2358	19	0	2408
7144	13	3	24	2362	0	2402
7145	11	11	2367	29	0	2418
7146	12	8	2336	18	0	2374
7147	9	7	24	2388	0	2428
7148	6	8	12	2400	0	2426
7149	5	6	12	2510	0	2533
7150	2454	4	5	47	0	2510
7151	28	8	2452	23	0	2511
7152	2458	11	24	19	0	2512
7153	31	7	9	2584	0	2631
7154	21	5	7	2600	0	2633
7155	9	2822	6	42	0	2879
7156	19	23	3	2934	0	2979
7157	6	12	6	2927	0	2951
7158	18	6	6	2925	0	2955
7159	2634	5	4	36	0	2679
7160	26	10	2599	20	0	2655
7161	2382	3	24	21	0	2430
7162	21	2619	15	16	0	2671
7163	2591	18	5	16	0	2630
7164	18	2600	9	14	0	2641
7165	10	2586	2	20	0	2618
7166	14	25	17	2594	0	2650
7167	2647	9	7	30	0	2693
7168	21	7	3	2674	0	2705
7169	7	2634	6	36	0	2683
7170	10	2790	5	19	0	2824
7171	8	26	2	2803	0	2839
7172	3	12	7	2795	0	2817
7173	5	2805	5	32	0	2847
7174	6	21	4	2948	0	2979
7175	11	7	7	2906	0	2931
7176	8	7	5	2910	0	2930
7177	2798	6	6	40	0	2850
7178	23	4	2824	22	0	2873
7179	2753	3	23	22	0	2801
7180	2867	6	10	16	0	2899
7181	2805	5	8	16	0	2834
7182	28	2752	4	14	0	2798
7183	15	18	10	2712	0	2755
7184	2710	7	2	30	0	2749
7185	22	8	3	2723	0	2756
7186	2711	5	3	34	0	2753
7187	21	2854	0	21	0	2896
7188	2941	23	2	19	0	2985
7189	2980	8	3	24	0	3015
7190	3031	5	3	17	0	3056
7191	32	7	2	3009	0	3050
7192	21	4	2	3084	0	3111
7193	3077	5	4	35	0	3121
7194	19	3069	5	14	0	3107
7195	6	3068	6	11	0	3091
7196	3161	18	3	16	0	3198
7197	16	10	1	3156	0	3183
7198	10	3	3	3174	0	3190
7199	8	4	4	3205	0	3221
7200	6	3148	7	28	0	3189
7201	3147	16	2	24	0	3189
7202	18	6	2	3214	0	3240
7203	9	3259	3	29	0	3300
7204	15	20	2	3415	0	3452
7205	9	16	4	3442	0	3471
7206	8	6	1	3447	0	3462
7207	13	4	2	3477	0	3496
7208	3415	8	4	35	0	3462
7209	3421	3	1	33	0	3458
7210	3452	8	1	28	0	3489
7211	35	3	1	3459	0	3498
7212	22	7	3366	24	0	3419
7213	18	13	3119	15	0	3165
7214	20	2	3228	14	0	3264
7215	3363	2	24	22	0	3411
7216	29	5	10	3418	0	3462
7217	17	6	11	3402	0	3436
7218	12	7	2	3428	0	3449
7219	3363	5	4	42	0	3414
7220	3338	2	6	29	0	3375
7221	28	3493	3	23	0	3547
7222	20	22	1	3514	0	3557
7223	28	8	3456	27	0	3519
7224	10	3524	13	19	0	3566
7225	11	18	8	3549	0	3586
7226	9	14	23	3538	0	3584
7227	13	10	4	3521	0	3548
7228	12	3	1	3457	0	3473
7229	8	8	3395	38	0	3449
7230	4	12	3296	32	0	3344
7231	8	3447	19	22	0	3496
7232	17	10	11	3463	0	3501
7233	12	8	8	3382	0	3410
7234	3265	13	4	32	0	3314
7235	16	7	3305	21	0	3349
7236	13	2	19	3315	0	3349
7237	15	3	8	3371	0	3397
7238	10	8	3419	28	0	3465
7239	4	3372	19	26	0	3421
7240	3391	14	14	32	0	3451
7241	27	8	3366	14	0	3415
7242	3268	10	19	21	0	3318
7243	29	6	3513	10	0	3558
7244	10	6	23	3544	0	3583
7245	16	10	3615	23	0	3664
7246	13	6	3764	14	0	3797
7247	11	6	18	3729	0	3764
7248	10	11	21	3311	0	3353
7249	9	0	11	3884	0	3904
7250	9	1	6	3858	0	3874
7251	4	3	9	3805	0	3821
7252	7	14	3773	38	0	3832
7253	10	8	3635	19	0	3672
7254	6	3791	25	23	0	3845
7255	3657	13	14	15	0	3699
7256	20	7	11	3618	0	3656
7257	3637	7	2	36	0	3682
7258	31	5	6	3654	0	3696
7259	3690	2	6	45	0	3743
7260	26	3	6	3737	0	3772
7261	7	8	3	3795	0	3813
7262	17	3933	10	35	0	3995
7263	8	16	1	4042	0	4067
7264	10	7	4	4051	0	4072
7265	9	11	7	4039	0	4066
7266	12	3	7	4020	0	4042
7267	2	3902	8	35	0	3947
7268	3881	16	2	30	0	3929
7269	16	3865	7	18	0	3906
7270	12	19	1	3730	0	3762
7271	3666	5	1	39	0	3711
7272	24	15	3621	12	0	3672
7273	9	5	3630	16	0	3660
7274	11	6	22	3492	0	3531
7275	9	3	14	3642	0	3668
7276	4	3	9	3619	0	3635
7277	10	3	5	3537	0	3555
7278	9	0	3	3595	0	3607
7279	5	3479	8	61	0	3553
7280	7	32	4	3544	0	3587
7281	3544	6	5	31	0	3586
7282	20	12	2	3604	0	3638
7283	8	5	3739	38	0	3790
7284	17	5	24	3721	0	3767
7285	3672	2	18	49	0	3741
7286	24	3889	16	24	0	3953
7287	20	23	2	4346	0	4391
7288	12	15	3	4620	0	4650
7289	5	16	4561	77	0	4659
7290	7	22	6281	37	0	6347
7291	7072	8	130	26	0	7236
7292	141	8	74	7234	0	7457
7293	97	8	25	7430	0	7560
7294	37	7	7690	231	0	7965
7295	21	12	7732	124	0	7889
7296	5	7664	248	55	0	7972
7297	19	149	113	7617	0	7898
7298	14	95	7624	154	0	7887
7299	4	7663	164	101	0	7932
7300	7694	169	100	48	0	8011
7301	7917	95	39	32	0	8083
7302	262	34	15	7578	0	7889
7303	115	7665	24	169	0	7973
7304	7626	168	16	105	0	7915
7305	201	104	16	6658	0	6979
7306	117	40	7479	130	0	7766
7307	47	7580	165	90	0	7882
7308	7566	172	93	46	0	7877
7309	7708	100	39	37	0	7884
7310	255	44	17	7645	0	7961
7311	135	22	14	7823	0	7994
7312	48	12	7594	265	0	7919
7313	44	17	176	7687	0	7924
7314	33	15	105	7641	0	7794
7315	34	14	35	7809	0	7892
7316	36	9	21	7752	0	7818
7317	36	10	28	7510	0	7584
7318	18	7439	25	322	0	7804
7319	7503	165	20	173	0	7861
7320	184	93	7462	84	0	7823
7321	101	7398	186	66	0	7751
7322	65	170	101	7452	0	7788
7323	7400	105	55	215	0	7775
7324	191	48	34	7439	0	7712
7325	119	31	27	7528	0	7705
7326	67	29	28	7615	0	7739
7327	45	22	28	7654	0	7749
7328	48	20	7296	337	0	7701
7329	29	7295	191	186	0	7701
7330	7343	188	102	113	0	7746
7331	205	111	7300	69	0	7685
7332	131	45	205	7319	0	7700
7333	7322	32	111	235	0	7700
7334	195	7306	74	140	0	7715
7335	7428	199	45	80	0	7752
7336	236	123	28	7082	0	7469
7337	160	54	26	7520	0	7760
7338	83	32	27	7523	0	7665
7339	58	24	23	7569	0	7674
7340	7210	32	30	357	0	7629
7341	221	33	23	7351	0	7628
7342	149	20	31	7449	0	7649
7343	7062	33	28	354	0	7477
7344	215	37	6985	209	0	7446
7345	143	26	183	7060	0	7412
7346	6778	31	117	243	0	7169
7347	6903	15	50	180	0	7148
7348	302	25	34	6768	0	7129
7349	167	22	26	6825	0	7040
7350	75	6497	55	346	0	6973
7351	68	170	25	6758	0	7021
7352	50	104	32	6760	0	6946
7353	47	49	6433	348	0	6877
7354	48	37	6430	210	0	6725
7355	37	6334	281	134	0	6786
7356	51	183	142	6354	0	6730
7357	43	120	63	6561	0	6787
7358	6371	50	57	324	0	6802
7359	204	37	55	6448	0	6744
7360	136	32	6282	279	0	6729
7361	92	32	190	6387	0	6701
7362	51	41	6072	283	0	6447
7363	47	42	6145	211	0	6445
7364	66	28	288	5989	0	6371
7365	59	32	155	6209	0	6455
7366	6044	46	71	321	0	6482
7367	6220	26	51	200	0	6497
7368	313	26	58	6102	0	6499
7369	6216	40	42	243	0	6541
7370	6353	26	37	182	0	6598
7371	327	23	21	6271	0	6642
7372	194	21	24	6451	0	6690
7373	6262	32	20	351	0	6665
7374	6413	17	24	215	0	6669
7375	313	16	30	6275	0	6634
7376	165	6196	56	266	0	6683
7377	94	184	18	6437	0	6733
7378	90	98	29	6513	0	6730
7379	52	51	6211	384	0	6698
7380	67	18	172	6498	0	6755
7381	6135	26	117	296	0	6574
7382	186	6166	91	196	0	6639
7383	6197	168	31	147	0	6543
7384	6234	107	32	115	0	6488
7385	6316	38	31	116	0	6501
7386	355	38	29	5847	0	6269
7387	180	45	5180	221	0	5626
7388	116	36	4948	140	0	5240
7389	62	4892	228	107	0	5289
7390	28	3114	53	34	0	3229
7391	15	2176	43	23	0	2257
7392	8	2105	37	20	0	2170
7393	45	43	1942	12	0	2042
7394	1514	48	61	11	0	1634
7395	21	8	7	1551	0	1587
7396	13	3	2	1562	0	1580
7397	7	2	1	1554	0	1564
7398	2	1547	4	25	0	1578
7399	1498	14	2	15	0	1529
7400	15	14	1484	5	0	1518
7401	6	1399	19	4	0	1428
7402	1	15	6	1434	0	1456
7403	1427	7	1	21	0	1456
7404	21	0	0	1432	0	1453
7405	9	3	1383	16	0	1411
7406	2	2	1418	13	0	1435
7407	5	2	15	1447	0	1469
7408	6	0	8	1454	0	1468
7409	1415	1	2	25	0	1443
7410	20	5	1405	9	0	1439
7411	1402	2	13	6	0	1423
7412	1412	2	4	7	0	1425
7413	17	1	4	1402	0	1424
7414	4	9	1424	16	0	1453
7415	2	5	14	1406	0	1427
7416	1452	2	5	20	0	1479
7417	16	1443	4	10	0	1473
7418	1447	16	2	11	0	1476
7419	19	7	3	1459	0	1488
7420	8	1581	4	19	0	1612
7421	7	20	2	1614	0	1643
7422	6	10	5	1649	0	1670
7423	5	1622	6	36	0	1669
7424	11	17	3	1679	0	1710
7425	5	11	0	1697	0	1713
7426	10	1	3	1715	0	1729
7427	8	8	1698	32	0	1746
7428	5	1699	23	22	0	1749
7429	1771	26	11	10	0	1818
7430	33	9	3	1797	0	1842
7431	17	1915	11	33	0	1976
7432	2051	25	5	29	0	2110
7433	32	19	1	2095	0	2147
7434	26	5	1	2115	0	2147
7435	12	6	3	2087	0	2108
7436	9	5	5	2068	0	2087
7437	2032	2	1	62	0	2097
7438	37	2	3	2063	0	2105
7439	23	2	4	2072	0	2101
7440	2063	2	4	60	0	2129
7441	38	6	2	2111	0	2157
7442	30	5	2061	38	0	2134
7443	11	7	29	2077	0	2124
7444	2000	4	22	40	0	2066
7445	33	4	6	2039	0	2082
7446	20	6	2051	40	0	2117
7447	7	6	1976	33	0	2022
7448	2023	4	78	18	0	2123
7449	2147	7	27	13	0	2194
7450	2189	4	8	11	0	2212
7451	2205	4	4	12	0	2225
7452	61	6	2136	7	0	2210
7453	30	3	32	2122	0	2187
7454	13	5	22	2200	0	2240
7455	2181	2	5	59	0	2247
7456	39	1	5	2208	0	2253
7457	24	7	2161	40	0	2232
7458	13	2	28	2203	0	2246
7459	10	2	2198	42	0	2252
7460	7	2255	34	38	0	2334
7461	2305	29	28	17	0	2379
7462	36	24	4	2321	0	2385
7463	33	11	2284	33	0	2361
7464	7	3	27	2315	0	2352
7465	12	4	27	2430	0	2473
7466	8	5	2418	71	0	2502
7467	10	4	35	2433	0	2482
7468	2398	3	36	49	0	2486
7469	37	7	2278	44	0	2366
7470	2235	3	31	18	0	2287
7471	39	2196	36	12	0	2283
7472	32	31	2204	17	0	2284
7473	13	25	2194	6	0	2238
7474	21	26	79	1803	0	1929
7475	12	5	31	2088	0	2136
7476	8	3	2078	60	0	2149
7477	11	2	29	2104	0	2146
7478	2109	1	31	42	0	2183
7479	2104	3	9	44	0	2160
7480	59	3	9	2059	0	2130
7481	38	4	5	2032	0	2079
7482	15	2093	9	61	0	2178
7483	2121	30	6	47	0	2204
7484	38	43	8	2125	0	2214
7485	29	2175	10	42	0	2256
7486	2184	29	7	45	0	2265
7487	2230	29	4	32	0	2295
7488	62	2269	12	20	0	2363
7489	42	30	8	2241	0	2321
7490	21	30	9	2227	0	2287
7491	13	9	2173	67	0	2262
7492	17	5	37	2189	0	2248
7493	2162	8	36	48	0	2254
7494	50	3	16	2157	0	2226
7495	39	5	2078	51	0	2173
7496	2051	2	38	41	0	2132
7497	43	3	36	2075	0	2157
7498	37	4	2060	47	0	2148
7499	20	0	37	2107	0	2164
7500	13	5	2094	58	0	2170
7501	23	6	42	2113	0	2184
7502	16	2	35	2149	0	2202
7503	2115	2	19	74	0	2210
7504	41	2117	15	53	0	2226
7505	2210	30	9	31	0	2280
7506	2172	28	13	25	0	2238
7507	2212	13	10	27	0	2262
7508	82	2147	14	16	0	2259
7509	50	36	2153	21	0	2260
7510	29	32	45	2125	0	2231
7511	2182	11	39	49	0	2281
7512	2211	6	13	45	0	2275
7513	85	5	13	2140	0	2243
7514	2180	5	12	52	0	2249
7515	60	7	2127	50	0	2244
7516	2108	6	46	27	0	2187
7517	50	4	2136	27	0	2217
7518	44	2101	52	21	0	2218
7519	2078	35	35	20	0	2168
7520	1976	25	19	27	0	2047
7521	67	1959	18	19	0	2063
7522	1969	33	14	19	0	2035
7523	1949	28	9	22	0	2008
7524	64	8	1884	24	0	1980
7525	1853	7	39	18	0	1917
7526	48	5	1871	17	0	1941
7527	38	18	36	1672	0	1764
7528	23	1773	30	39	0	1865
7529	19	23	1744	31	0	1817
7530	1562	82	34	22	0	1700
7531	1522	14	34	20	0	1590
7532	50	3	9	1395	0	1457
7533	33	9	1372	26	0	1440
7534	12	6	25	1388	0	1431
7535	1376	3	18	35	0	1432
7536	30	1424	9	21	0	1484
7537	1434	20	7	18	0	1479
7538	1444	12	5	7	0	1468
7539	38	1391	5	15	0	1449
7540	24	21	9	1426	0	1480
7541	1448	16	8	32	0	1504
7542	30	4	9	1468	0	1511
7543	24	6	5	1500	0	1535
7544	13	10	1479	38	0	1540
7545	18	6	24	1480	0	1528
7546	17	3	16	1457	0	1493
7547	1439	4	5	40	0	1488
7548	1407	6	4	21	0	1438
7549	53	4	6	1394	0	1457
7550	25	2	1348	31	0	1406
7551	15	5	1324	27	0	1371
7552	19	0	39	1318	0	1376
7553	11	5	1437	27	0	1480
7554	9	9	24	1408	0	1450
7555	9	1	21	1386	0	1417
7556	1419	1	9	37	0	1466
7557	31	2	1407	23	0	1463
7558	1401	2	23	16	0	1442
7559	1408	2	19	8	0	1437
7560	36	6	1311	9	0	1362
7561	24	6	1335	5	0	1370
7562	17	68	30	1205	0	1320
7563	10	1244	15	18	0	1287
7564	9	1287	10	10	0	1316
7565	12	23	3	1148	0	1186
7566	8	9	2	1130	0	1149
7567	5	3	2	1159	0	1169
7568	6	1	2	1168	0	1177
7569	1117	1	3	32	0	1153
7570	16	3	3	1132	0	1154
7571	12	2	1116	19	0	1149
7572	9	0	13	1103	0	1125
7573	11	1081	8	14	0	1114
7574	6	13	6	1100	0	1125
7575	1074	5	3	22	0	1104
7576	15	2	7	1095	0	1119
7577	10	6	1071	26	0	1113
7578	7	1057	14	8	0	1086
7579	2	12	7	1062	0	1083
7580	1058	6	3	18	0	1085
7581	1069	3	4	11	0	1087
7582	25	1	2	1066	0	1094
7583	12	2	977	12	0	1003
7584	9	2	942	7	0	960
7585	984	0	20	7	0	1011
7586	14	0	1021	4	0	1039
7587	9	4	951	1	0	965
7588	2	1	15	909	0	927
7589	943	1	5	14	0	963
7590	930	1	3	9	0	943
7591	937	0	1	5	0	943
7592	16	4	994	0	0	1014
7593	6	4	1033	4	0	1047
7594	4	1122	15	3	0	1144
7595	3	11	9	1123	0	1146
7596	5	7	3	1131	0	1146
7597	3	3	1	1122	0	1129
7598	2	4	1	1150	0	1157
7599	4	2	1130	21	0	1157
7600	6	1174	14	11	0	1205
7601	1277	10	8	7	0	1302
7602	1421	7	5	11	0	1444
7603	1450	1	4	6	0	1461
7604	34	1456	6	15	0	1511
7605	15	16	3	1415	0	1449
7606	1475	11	5	22	0	1513
7607	20	1464	4	16	0	1504
7608	1475	18	2	8	0	1503
7609	22	1473	4	3	0	1502
7610	1499	17	2	6	0	1524
7611	1499	11	0	4	0	1514
7612	32	4	5	1498	0	1539
7613	15	2	7	1559	0	1583
7614	7	2	1510	32	0	1551
7615	2	7	1486	17	0	1512
7616	1527	3	33	6	0	1569
7617	1596	6	16	6	0	1624
7618	34	2	4	1573	0	1613
7619	22	3	1	1597	0	1623
7620	5	4	1562	38	0	1609
7621	6	2	17	1530	0	1555
7622	4	5	1491	24	0	1524
7623	7	2	21	1515	0	1545
7624	9	2	17	1566	0	1594
7625	1550	3	4	42	0	1599
7626	1532	4	2	26	0	1564
7627	39	4	5	1501	0	1549
7628	28	2	6	1505	0	1541
7629	10	7	1493	41	0	1551
7630	15	6	21	1492	0	1534
7631	8	8	1522	30	0	1568
7632	1495	4	23	32	0	1554
7633	36	3	21	1540	0	1600
7634	1534	3	3	26	0	1566
7635	26	1508	19	31	0	1584
7636	1555	18	9	20	0	1602
7637	26	17	10	1526	0	1579
7638	25	2	8	1524	0	1559
7639	12	1558	8	41	0	1619
7640	9	26	10	1577	0	1622
7641	10	16	1562	33	0	1621
7642	16	4	25	1567	0	1612
7643	9	5	1538	33	0	1585
7644	10	1492	22	46	0	1570
7645	8	16	19	1532	0	1575
7646	5	17	1503	36	0	1561
7647	11	4	1494	25	0	1534
7648	11	4	33	1488	0	1536
7649	1479	2	31	32	0	1544
7650	23	1	1478	33	0	1535
7651	26	1	27	1464	0	1518
7652	1495	5	21	29	0	1550
7653	23	1432	7	29	0	1491
7654	1526	18	8	18	0	1570
7655	26	16	9	1527	0	1578
7656	27	3	6	1534	0	1570
7657	16	6	4	1557	0	1583
7658	1512	8	6	47	0	1573
7659	27	1	5	1548	0	1581
7660	26	0	5	1549	0	1580
7661	1450	8	7	45	0	1510
7662	29	10	1460	27	0	1526
7663	24	6	26	1490	0	1546
7664	8	3	1487	36	0	1534
7665	1449	6	26	30	0	1511
7666	34	7	22	1502	0	1565
7667	26	8	1506	30	0	1570
7668	1465	2	25	37	0	1529
7669	1494	2	25	14	0	1535
7670	41	8	1517	17	0	1583
7671	33	6	21	1518	0	1578
7672	16	6	26	1564	0	1612
7673	12	4	1573	42	0	1631
7674	16	1568	20	32	0	1636
7675	12	28	1628	16	0	1684
7676	1577	21	25	18	0	1641
7677	31	6	1696	19	0	1752
7678	1632	1	29	26	0	1688
7679	30	6	1703	23	0	1762
7680	1652	5	28	18	0	1703
7681	28	1734	27	18	0	1807
7682	21	22	13	1730	0	1786
7683	16	15	17	1820	0	1868
7684	20	10	1809	46	0	1885
7685	19	1	28	1723	0	1771
7686	10	1772	26	32	0	1840
7687	1766	18	10	34	0	1828
7688	31	1802	13	19	0	1865
7689	26	24	12	1839	0	1901
7690	1847	14	12	40	0	1913
7691	32	1859	6	38	0	1935
7692	1815	27	15	20	0	1877
7693	32	22	1830	18	0	1902
7694	36	6	31	1804	0	1877
7695	18	3	27	1835	0	1883
7696	17	7	10	1869	0	1903
7697	1835	5	14	52	0	1906
7698	1862	3	12	33	0	1910
7699	1854	3	15	16	0	1888
7700	1797	7	10	14	0	1828
7701	54	3	1649	10	0	1716
7702	1447	1	19	13	0	1480
7703	20	1451	16	7	0	1494
7704	16	1429	9	4	0	1458
7705	1483	24	20	12	0	1539
7706	1466	9	20	6	0	1501
7707	28	1	5	1426	0	1460
7708	1475	4	3	25	0	1507
7709	1489	2	3	15	0	1509
7710	1627	3	8	9	0	1647
7711	40	2	0	1590	0	1632
7712	11	1584	5	23	0	1623
7713	5	1647	3	11	0	1666
7714	7	26	4	1655	0	1692
7715	1615	8	4	25	0	1652
7716	25	1647	5	10	0	1687
7717	10	30	2	1667	0	1709
7718	5	9	1678	26	0	1718
7719	1560	3	24	7	0	1594
7720	26	1690	7	8	0	1731
7721	15	1755	4	2	0	1776
7722	1742	32	3	6	0	1783
7723	27	11	1794	5	0	1837
7724	7	4	24	1757	0	1792
7725	4	1784	8	27	0	1823
7726	3	25	2	1811	0	1841
7727	4	6	0	1805	0	1815
7728	5	1719	4	29	0	1757
7729	7	23	1	1838	0	1869
7730	12	5	2	1869	0	1888
7731	1812	7	1	32	0	1852
7732	26	1842	4	10	0	1882
7733	1826	30	1	8	0	1865
7734	36	7	1	1807	0	1851
7735	11	1894	3	27	0	1935
7736	10	29	1826	10	0	1875
7737	11	6	24	1869	0	1910
7738	5	6	9	1933	0	1953
7739	12	8	1895	32	0	1947
7740	1806	4	28	14	0	1852
7741	29	7	8	2094	0	2138
7742	2078	1	4	36	0	2119
7743	38	3	2066	14	0	2121
7744	17	5	32	2061	0	2115
7745	7	9	2138	35	0	2189
7746	14	11	32	2195	0	2252
7747	6	5	12	2268	0	2291
7748	2239	5	2	45	0	2291
7749	32	2267	3	23	0	2325
7750	2284	34	3	13	0	2334
7751	41	14	2287	5	0	2347
7752	15	8	33	2298	0	2354
7753	11	5	2399	34	0	2449
7754	2131	2	37	23	0	2193
7755	2363	7	11	15	0	2396
7756	50	3	2342	9	0	2404
7757	2293	3	34	15	0	2345
7758	2379	2	12	9	0	2402
7759	46	3	10	2338	0	2397
7760	24	6	2303	37	0	2370
7761	10	7	2426	20	0	2463
7762	7	4	46	2400	0	2457
7763	13	0	20	2391	0	2424
7764	8	2362	13	54	0	2437
7765	7	2432	9	22	0	2470
7766	2425	46	7	16	0	2494
7767	46	13	7	2405	0	2471
7768	20	2374	13	44	0	2451
7769	10	2479	7	22	0	2518
7770	2352	44	3	19	0	2418
7771	41	14	13	2425	0	2493
7772	16	2446	7	47	0	2516
7773	12	37	15	2464	0	2528
7774	16	13	8	2476	0	2513
7775	13	4	6	2442	0	2465
7776	2366	3	8	49	0	2426
7777	49	2369	9	17	0	2444
7778	29	35	7	2367	0	2438
7779	15	13	10	2394	0	2432
7780	13	12	12	2411	0	2448
7781	10	7	2295	55	0	2367
7782	2152	4	40	34	0	2230
7783	50	4	21	2263	0	2338
7784	2218	7	16	45	0	2286
7785	2241	12	4	24	0	2281
7786	2240	6	6	18	0	2270
7787	54	10	2206	13	0	2283
7788	19	2156	42	11	0	2228
7789	12	34	18	2160	0	2224
7790	10	19	2128	38	0	2195
7791	9	12	2095	28	0	2144
7792	14	40	37	2008	0	2099
7793	22	2011	14	38	0	2085
7794	2048	29	8	30	0	2115
7795	2106	15	5	31	0	2157
7796	2132	9	8	20	0	2169
7797	2114	13	6	21	0	2154
7798	48	10	2087	18	0	2163
7799	2048	7	27	22	0	2104
7800	38	2133	13	17	0	2201
7801	16	27	14	2183	0	2240
7802	19	10	6	2231	0	2266
7803	2246	7	8	59	0	2320
7804	43	3	7	2254	0	2307
7805	28	12	2179	35	0	2254
7806	2103	4	33	24	0	2164
7807	2195	5	16	28	0	2244
7808	2183	13	12	18	0	2226
7809	44	10	2128	18	0	2200
7810	1935	6	24	16	0	1981
7811	23	1987	24	14	0	2048
7812	2019	17	14	13	0	2063
7813	26	14	8	1961	0	2009
7814	23	10	5	1979	0	2017
7815	14	1971	11	34	0	2030
7816	18	23	7	2008	0	2056
7817	18	1986	9	26	0	2039
7818	16	26	11	1965	0	2018
7819	14	1954	10	26	0	2004
7820	19	17	9	1959	0	2004
7821	12	1960	8	26	0	2006
7822	11	24	9	2050	0	2094
7823	13	2048	7	38	0	2106
7824	2177	30	4	24	0	2235
7825	52	10	5	2226	0	2293
7826	22	5	8	2282	0	2317
7827	24	5	6	2343	0	2378
7828	20	6	0	2343	0	2369
7829	15	11	2290	62	0	2378
7830	21	5	40	2304	0	2370
7831	24	10	22	2346	0	2402
7832	2279	6	4	63	0	2352
7833	2285	9	7	36	0	2337
7834	61	2326	8	22	0	2417
7835	31	40	5	2305	0	2381
7836	22	19	6	2524	0	2571
7837	2547	8	8	62	0	2625
7838	54	13	2432	26	0	2525
7839	2434	7	37	11	0	2489
7840	52	2503	21	10	0	2586
7841	2334	35	1	8	0	2378
7842	2322	16	2	9	0	2349
7843	53	2278	6	5	0	2342
7844	17	2358	3	5	0	2383
7845	9	69	2	2264	0	2344
7846	5	23	2218	40	0	2286
7847	2156	3	35	28	0	2222
7848	37	4	2218	7	0	2266
7849	2151	4	38	4	0	2197
7850	39	4	2190	6	0	2239
7851	24	2156	30	8	0	2218
7852	10	36	18	2180	0	2244
7853	2147	19	6	41	0	2213
7854	2175	4	2	23	0	2204
7855	59	6	2	2130	0	2197
7856	2225	2	1	49	0	2277
7857	2227	2	1	32	0	2262
7858	57	2197	4	11	0	2269
7859	2222	36	3	8	0	2269
7860	43	2258	5	6	0	2312
7861	31	38	4	2189	0	2262
7862	2162	19	1	47	0	2229
7863	2196	7	1	24	0	2228
7864	2216	7	2	10	0	2235
7865	64	6	2172	4	0	2246
7866	27	9	2154	6	0	2196
7867	14	4	64	2252	0	2334
7868	16	5	22	2436	0	2479
7869	10	2472	13	69	0	2564
7870	2493	50	4	29	0	2576
7871	63	27	4	2496	0	2590
7872	34	16	5	2529	0	2584
7873	18	6	2498	74	0	2596
7874	12	2441	53	31	0	2537
7875	8	2548	24	14	0	2594
7876	16	75	20	2501	0	2612
7877	2478	26	5	59	0	2568
7878	62	5	4	2501	0	2572
7879	35	6	4	2559	0	2604
7880	2521	4	9	84	0	2618
7881	2557	11	4	31	0	2603
7882	85	8	8	2524	0	2625
7883	37	10	2490	70	0	2607
7884	21	9	53	2542	0	2625
7885	22	5	23	2598	0	2648
7886	2559	12	6	87	0	2664
7887	69	1	3	2590	0	2663
7888	2575	7	5	67	0	2654
7889	73	7	2553	38	0	2671
7890	37	9	57	2622	0	2725
7891	28	6	26	2664	0	2724
7892	23	14	11	2680	0	2728
7893	15	14	3	2691	0	2723
7894	28	9	5	2645	0	2687
7895	22	13	2502	93	0	2630
7896	2488	7	64	38	0	2597
7897	71	4	26	2532	0	2633
7898	35	8	2519	75	0	2637
7899	20	16	2536	40	0	2612
7900	22	11	80	2490	0	2603
7901	2467	11	31	72	0	2581
7902	2496	10	10	49	0	2565
7903	2488	12	6	37	0	2543
7904	102	5	13	2319	0	2439
7905	42	2382	15	76	0	2515
7906	2446	60	12	41	0	2559
7907	2460	26	12	27	0	2525
7908	2479	14	12	28	0	2533
7909	2490	10	12	28	0	2540
7910	90	9	9	2409	0	2517
7911	54	10	2390	83	0	2537
7912	41	9	56	2427	0	2533
7913	26	13	2420	81	0	2540
7914	2361	3	72	50	0	2486
7915	2426	4	31	28	0	2489
7916	100	7	2326	32	0	2465
7917	2332	8	61	31	0	2432
7918	2457	6	30	40	0	2533
7919	95	8	15	2364	0	2482
7920	56	2397	13	74	0	2540
7921	2421	55	12	53	0	2541
7922	86	40	11	2225	0	2362
7923	38	2166	18	74	0	2296
7924	31	39	11	2098	0	2179
7925	17	19	2058	61	0	2155
7926	20	2050	50	35	0	2155
7927	2008	35	21	33	0	2097
7928	2019	16	12	25	0	2072
7929	1988	8	14	19	0	2029
7930	2005	4	9	22	0	2040
7931	71	12	10	1919	0	2012
7932	38	1907	12	46	0	2003
7933	1871	35	12	28	0	1946
7934	62	16	1855	20	0	1953
7935	30	1812	41	26	0	1909
7936	23	29	1640	20	0	1712
7937	22	27	39	1453	0	1541
7938	12	1423	16	38	0	1489
7939	18	32	11	1526	0	1587
7940	28	13	1614	35	0	1690
7941	27	5	28	1572	0	1632
7942	26	6	14	1640	0	1686
7943	23	6	9	1666	0	1704
7944	1595	3	8	44	0	1650
7945	46	1576	12	32	0	1666
7946	27	28	5	1582	0	1642
7947	1579	12	14	33	0	1638
7948	40	1543	7	34	0	1624
7949	1563	28	10	14	0	1615
7950	38	15	1556	20	0	1629
7951	26	9	29	1512	0	1576
7952	27	1538	14	30	0	1609
7953	1538	25	9	18	0	1590
7954	37	15	1520	12	0	1584
7955	28	1471	28	15	0	1542
7956	17	27	9	1443	0	1496
7957	12	15	8	1477	0	1512
7958	1439	12	4	47	0	1502
7959	39	8	8	1432	0	1487
7960	21	9	1374	31	0	1435
7961	15	9	25	1354	0	1403
7962	14	12	1401	33	0	1460
7963	15	8	30	1321	0	1374
7964	15	1377	15	28	0	1435
7965	1377	20	6	28	0	1431
7966	1371	17	5	13	0	1406
7967	33	1239	7	9	0	1288
7968	12	1088	2	8	0	1110
7969	8	14	12	1054	0	1088
7970	1044	9	4	12	0	1069
7971	13	7	1	1040	0	1061
7972	1025	0	3	10	0	1038
7973	11	987	0	8	0	1006
7974	7	7	2	1015	0	1031
7975	3	8	1042	8	0	1061
7976	3	10	8	1025	0	1046
7977	2	1	10	1044	0	1057
7978	1100	3	2	21	0	1126
7979	12	1146	2	8	0	1168
7980	12	9	2	1159	0	1182
7981	1149	9	2	11	0	1171
7982	8	4	1177	13	0	1202
7983	1150	3	7	12	0	1172
7984	9	1	7	1201	0	1218
7985	13	1245	3	9	0	1270
7986	1232	9	2	15	0	1258
7987	10	9	1271	6	0	1296
7988	11	5	1277	4	0	1297
7989	6	1271	15	1	0	1293
7990	1238	3	8	3	0	1252
7991	5	7	1	1288	0	1301
7992	9	3	0	1307	0	1319
7993	1309	3	1	15	0	1328
7994	7	2	1309	9	0	1327
7995	10	1	7	1317	0	1335
7996	2	3	1406	10	0	1421
7997	5	0	9	1387	0	1401
7998	3	1438	10	11	0	1462
7999	1	11	4	1474	0	1490
8000	0	10	1454	14	0	1478
8001	1416	2	12	13	0	1443
8002	15	0	8	1518	0	1541
8003	9	3	1517	15	0	1544
8004	4	2	15	1486	0	1507
8005	2	0	7	1535	0	1544
8006	4	4	1515	20	0	1543
8007	4	1	1557	11	0	1573
8008	4	3	25	1580	0	1612
8009	4	1	1595	18	0	1618
8010	1571	1	16	12	0	1600
8011	16	0	10	1606	0	1632
8012	1573	1	7	18	0	1599
8013	17	2	1595	12	0	1626
8014	11	2	20	1590	0	1623
8015	8	2	1742	16	0	1768
8016	3	1707	23	16	0	1749
8017	4	18	1735	7	0	1764
8018	4	11	1616	2	0	1633
8019	1582	3	36	6	0	1627
8020	1654	2	15	9	0	1680
8021	27	3	1725	6	0	1761
8022	16	1	20	1616	0	1653
8023	8	3	15	1737	0	1763
8024	5	1	1737	33	0	1776
8025	5	1690	20	14	0	1729
8026	1655	16	15	15	0	1701
8027	21	11	1724	7	0	1763
8028	11	2	17	1740	0	1770
8029	7	4	14	1799	0	1824
8030	1835	1	4	33	0	1873
8031	1845	1	5	20	0	1871
8032	1878	2	5	7	0	1892
8033	1875	1	5	13	0	1894
8034	33	0	4	1842	0	1879
8035	16	5	1959	23	0	2003
8036	12	2	17	1994	0	2025
8037	10	0	14	2037	0	2061
8038	8	2	9	2079	0	2098
8039	6	3	2034	36	0	2079
8040	1826	0	22	16	0	1864
8041	21	0	14	2008	0	2043
8042	16	6	2032	26	0	2080
8043	4	2044	23	21	0	2092
8044	2	18	19	2108	0	2147
8045	7	16	7	2122	0	2152
8046	2081	4	5	35	0	2125
8047	18	2124	11	17	0	2170
8048	16	20	2132	11	0	2179
8049	7	13	23	2117	0	2160
8050	7	6	19	2133	0	2165
8051	2115	5	5	36	0	2161
8052	2106	4	5	19	0	2134
8053	37	3	8	2138	0	2186
8054	2146	1	3	29	0	2179
8055	25	2089	11	19	0	2144
8056	15	19	2221	12	0	2267
8057	15	12	20	2246	0	2293
8058	7	6	15	2308	0	2336
8059	12	2	9	2322	0	2345
8060	12	4	3	2292	0	2311
8061	6	2265	9	37	0	2317
8062	2230	17	10	21	0	2278
8063	28	14	1	2237	0	2280
8064	13	2356	6	27	0	2402
8065	2395	20	4	26	0	2445
8066	2371	12	3	18	0	2404
8067	30	2532	7	10	0	2579
8068	19	19	8	2590	0	2636
8069	11	14	2	2614	0	2641
8070	8	4	4	2626	0	2642
8071	10	1	6	2691	0	2708
8072	2664	3	2	49	0	2718
8073	2726	5	3	32	0	2766
8074	35	2753	5	12	0	2805
8075	23	29	2697	9	0	2758
8076	10	10	26	2726	0	2772
8077	2779	5	12	28	0	2824
8078	28	2711	10	20	0	2769
8079	11	2702	7	13	0	2733
8080	2767	30	3	16	0	2816
8081	2777	16	3	12	0	2808
8082	45	6	4	2741	0	2796
8083	19	8	2790	32	0	2849
8084	14	8	2856	15	0	2893
8085	2981	1	37	21	0	3040
8086	3076	3	16	6	0	3101
8087	3041	4	9	9	0	3063
8088	3035	1	4	12	0	3052
8089	3031	1	6	10	0	3048
8090	43	3009	5	14	0	3071
8091	17	26	12	2924	0	2979
8092	10	3133	5	23	0	3171
8093	3186	27	2	24	0	3239
8094	3157	11	6	18	0	3192
8095	3137	8	4	8	0	3157
8096	3085	7	5	13	0	3110
8097	33	3045	5	13	0	3096
8098	3016	22	4	9	0	3051
8099	24	3003	3	15	0	3045
8100	13	45	6	3002	0	3066
8101	2973	9	5	31	0	3018
8102	20	15	3013	17	0	3065
8103	15	4	18	2947	0	2984
8104	20	2	11	3059	0	3092
8105	9	15	3055	27	0	3106
8106	11	3039	22	16	0	3088
8107	3004	20	9	24	0	3057
8108	3002	11	7	14	0	3034
8109	30	2972	9	11	0	3022
8110	20	20	3	2972	0	3015
8111	16	14	3009	20	0	3059
8112	10	3141	19	19	0	3189
8113	3118	17	9	19	0	3163
8114	26	23	3147	4	0	3200
8115	2784	6	19	11	0	2820
8116	3006	7	5	15	0	3033
8117	29	11	3199	10	0	3249
8118	22	3224	20	7	0	3273
8119	19	19	10	3267	0	3315
8120	11	12	3301	24	0	3348
8121	3049	9	16	17	0	3091
8122	3245	3	11	17	0	3276
8123	27	3276	5	10	0	3318
8124	28	17	2	3312	0	3359
8125	24	8	5	3362	0	3399
8126	9	25	3360	22	0	3416
8127	12	3365	25	16	0	3418
8128	3517	20	7	34	0	3578
8129	3575	11	7	19	0	3612
8130	3602	11	2	26	0	3641
8131	33	14	3595	3	0	3645
8132	3486	7	13	13	0	3519
8133	3618	6	11	15	0	3650
8134	33	3	10	3630	0	3676
8135	17	15	3515	14	0	3561
8136	12	14	18	3476	0	3520
8137	15	16	3535	16	0	3582
8138	24	12	15	3465	0	3516
8139	18	3512	15	17	0	3562
8140	5	3745	11	9	0	3770
8141	9	19	7	3757	0	3792
8142	12	12	3	3714	0	3741
8143	3687	8	7	28	0	3730
8144	22	9	3692	14	0	3737
8145	3520	6	19	15	0	3560
8146	21	3715	9	5	0	3750
8147	3757	20	3	9	0	3789
8148	3705	10	8	13	0	3736
8149	29	8	5	3703	0	3745
8150	21	10	3868	24	0	3923
8151	16	3	22	3895	0	3936
8152	9	4044	17	20	0	4090
8153	12	20	6	4091	0	4129
8154	11	11	8	4120	0	4150
8155	4046	9	8	45	0	4108
8156	29	3	2	4004	0	4038
8157	14	3940	8	28	0	3990
8158	13	28	4	4034	0	4079
8159	4096	12	4	31	0	4143
8160	25	4143	8	18	0	4194
8161	24	27	4	4231	0	4286
8162	11	16	3	4245	0	4275
8163	11	9	7	4455	0	4482
8164	9	6	4	4371	0	4390
8165	4338	5	3	68	0	4414
8166	50	3	3	4506	0	4562
8167	35	4	6	4494	0	4539
8168	19	8	5	4518	0	4550
8169	5	4480	4	69	0	4558
8170	4409	48	5	39	0	4501
8171	62	31	4410	9	0	4512
8172	25	4345	53	20	0	4443
8173	4268	50	22	10	0	4350
8174	52	31	4361	12	0	4456
8175	24	4361	47	9	0	4441
8176	8	69	24	4262	0	4363
8177	3	4387	11	46	0	4447
8178	8	43	4302	25	0	4378
8179	8	35	4388	12	0	4443
8180	2	4408	62	7	0	4479
8181	4427	43	24	14	0	4508
8182	4459	24	3	13	0	4499
8183	64	10	4297	7	0	4378
8184	29	8	3963	13	0	4013
8185	8	19	4149	8	0	4184
8186	9	2	65	4106	0	4182
8187	9	3	27	4155	0	4194
8188	9	3	5	4247	0	4264
8189	3	23	4278	75	0	4379
8190	13	0	47	4208	0	4268
8191	9	5	27	4295	0	4336
8192	5	9	4143	78	0	4235
8193	3916	5	53	38	0	4012
8194	55	5	41	4280	0	4381
8195	31	7	10	4259	0	4307
8196	9	4311	8	78	0	4406
8197	4314	56	11	42	0	4423
8198	61	38	4329	9	0	4437
8199	4281	6	59	16	0	4362
8200	65	12	30	4328	0	4435
8201	39	6	4401	58	0	4504
8202	12	7	59	4407	0	4485
8203	4413	10	31	73	0	4527
8204	61	5	4403	45	0	4514
8205	4364	7	57	20	0	4448
8206	4465	7	34	16	0	4522
8207	4502	2	13	24	0	4541
8208	90	4427	20	13	0	4550
8209	49	56	8	4511	0	4624
8210	4674	31	7	79	0	4791
8211	4688	7	11	49	0	4755
8212	4782	7	13	25	0	4827
8213	111	9	4574	17	0	4711
8214	4917	3	66	21	0	5007
8215	88	5	46	5280	0	5419
8216	58	8	5221	98	0	5385
8217	18	4	95	5346	0	5463
8218	20	6	50	5388	0	5464
8219	17	13	5376	154	0	5560
8220	22	9	103	5424	0	5558
8221	19	4	67	5630	0	5720
8222	19	12	6220	166	0	6417
8223	6586	7	120	75	0	6788
8224	7124	5	82	31	0	7242
8225	238	3	20	7319	0	7580
8226	111	13	7258	159	0	7541
8227	53	9	156	7213	0	7431
8228	35	7137	97	176	0	7445
8229	45	146	33	7170	0	7394
8230	40	82	15	7189	0	7326
8231	7086	33	13	254	0	7386
8232	7161	13	28	145	0	7347
8233	7286	12	19	64	0	7381
8234	271	18	11	7048	0	7348
8235	142	8	20	7185	0	7355
8236	65	16	6981	256	0	7318
8237	61	25	149	6843	0	7078
8238	43	6926	104	203	0	7276
8239	6961	141	45	121	0	7268
8240	181	6743	32	160	0	7116
8241	6928	161	38	85	0	7212
8242	205	92	49	6575	0	6921
8243	107	6756	25	207	0	7095
8244	6784	158	39	137	0	7118
8245	6901	92	36	84	0	7113
8246	271	41	26	6756	0	7094
8247	138	6782	44	204	0	7168
8248	81	159	32	6905	0	7177
8249	67	103	6745	214	0	7129
8250	6519	37	167	147	0	6870
8251	194	6583	114	89	0	6980
8252	6565	155	41	78	0	6839
8253	200	101	29	6559	0	6889
8254	6656	40	26	210	0	6932
8255	208	23	6688	147	0	7066
8256	6836	29	165	88	0	7118
8257	6908	21	98	76	0	7103
8258	302	24	6731	67	0	7124
8259	186	14	178	6612	0	6990
8260	103	23	97	6735	0	6958
8261	6509	26	62	288	0	6885
8262	202	6457	48	180	0	6887
8263	156	180	29	6314	0	6679
8264	96	97	6262	193	0	6648
8265	61	57	6260	142	0	6520
8266	80	6049	205	94	0	6428
8267	89	158	6044	67	0	6358
8268	5849	116	189	78	0	6232
8269	184	59	101	5773	0	6117
8270	5909	37	59	190	0	6195
8271	193	58	5798	127	0	6176
8272	146	36	155	5828	0	6165
8273	92	40	109	5900	0	6141
8274	86	41	5712	247	0	6086
8275	82	41	153	5764	0	6040
8276	5690	41	99	202	0	6032
8277	5770	36	60	134	0	6000
8278	261	28	43	5651	0	5983
8279	5675	32	28	201	0	5936
8280	5666	35	42	122	0	5865
8281	270	5453	43	104	0	5870
8282	199	146	37	5464	0	5846
8283	5551	81	38	174	0	5844
8284	212	46	41	5575	0	5874
8285	5437	22	38	213	0	5710
8286	218	31	41	5478	0	5768
8287	154	41	5479	203	0	5877
8288	89	5442	170	158	0	5859
8289	100	156	105	4707	0	5068
8290	70	5347	78	186	0	5681
8291	5282	162	61	120	0	5625
8292	183	5227	60	89	0	5559
8293	132	5221	72	67	0	5492
8294	98	210	55	5079	0	5442
8295	5113	108	48	195	0	5464
8296	180	58	49	5124	0	5411
8297	5118	41	44	199	0	5402
8298	5092	42	34	161	0	5329
8299	239	5038	49	102	0	5428
8300	5180	125	54	99	0	5458
8301	5145	97	41	76	0	5359
8302	5188	53	35	81	0	5357
8303	295	39	4910	67	0	5311
8304	201	30	142	4896	0	5269
8305	138	36	97	5019	0	5290
8306	105	34	4871	244	0	5254
8307	4882	34	142	150	0	5208
8308	5046	35	89	100	0	5270
8309	5066	23	63	86	0	5238
8310	4877	20	33	85	0	5015
8311	255	4648	37	89	0	5029
8312	4603	120	38	66	0	4827
8313	234	77	38	4492	0	4841
8314	137	51	4090	145	0	4423
8315	3892	24	95	94	0	4105
8316	169	3908	76	61	0	4214
8317	3687	103	44	41	0	3875
8318	150	3654	22	40	0	3866
8319	97	3506	23	47	0	3673
8320	71	3513	37	31	0	3652
8321	66	3419	34	55	0	3574
8322	59	129	2683	28	0	2899
8323	91	128	119	1988	0	2326
8324	25	21	1876	46	0	1968
8325	1495	21	34	30	0	1580
8326	35	1521	26	22	0	1604
8327	26	1467	11	13	0	1517
8328	18	43	8	1364	0	1433
8329	11	30	1	1406	0	1448
8330	14	17	1380	40	0	1451
8331	17	10	1378	30	0	1435
8332	18	6	35	1357	0	1416
8333	13	10	1398	31	0	1452
8334	15	1387	35	23	0	1460
8335	15	27	17	1381	0	1440
8336	13	20	13	1488	0	1534
8337	17	14	1448	44	0	1523
8338	23	11	23	1460	0	1517
8339	1480	7	17	30	0	1534
8340	41	6	12	1444	0	1503
8341	26	8	4	1411	0	1449
8342	18	6	1373	51	0	1448
8343	1304	4	33	30	0	1371
8344	39	1397	22	12	0	1470
8345	35	23	7	1368	0	1433
8346	29	21	1370	25	0	1445
8347	21	7	22	1339	0	1389
8348	1341	11	17	31	0	1400
8349	39	10	1382	23	0	1454
8350	30	13	26	1383	0	1452
8351	9	7	1447	27	0	1490
8352	11	1425	31	26	0	1493
8353	28	27	1373	15	0	1443
8354	11	1373	27	10	0	1421
8355	10	21	1147	5	0	1183
8356	8	10	17	1016	0	1051
8357	2	1073	10	28	0	1113
8358	1080	12	5	12	0	1109
8359	19	16	2	1076	0	1113
8360	1097	6	1	18	0	1122
8361	19	2	1	1147	0	1169
8362	16	2	1	1166	0	1185
8363	1143	2	0	34	0	1179
8364	1161	4	2	11	0	1178
8365	29	1	1	1185	0	1216
8366	16	4	1219	16	0	1255
8367	7	1229	18	12	0	1266
8368	1	13	1254	4	0	1272
8369	3	1264	16	4	0	1287
8370	1237	16	18	3	0	1274
8371	15	10	1257	5	0	1287
8372	12	6	1252	4	0	1274
8373	7	2	23	1234	0	1266
8374	1254	1	12	18	0	1285
8375	16	3	1336	12	0	1367
8376	15	1426	14	8	0	1463
8377	1482	14	10	8	0	1514
8378	1522	14	4	8	0	1548
8379	1549	3	3	1	0	1556
8380	1552	3	0	7	0	1562
8381	1547	1	3	9	0	1560
8382	27	2	1539	6	0	1574
8383	15	9	16	1439	0	1479
8384	3	1481	10	16	0	1510
8385	1504	15	5	11	0	1535
8386	14	1529	6	7	0	1556
8387	1423	12	1	8	0	1444
8388	1404	6	1	1	0	1412
8389	16	1397	1	1	0	1415
8390	1416	9	6	4	0	1435
8391	12	6	1	1415	0	1434
8392	7	3	1	1429	0	1440
8393	2	2	1402	15	0	1421
8394	0	1455	9	7	0	1471
8395	3	10	10	1449	0	1472
8396	0	5	1	1494	0	1500
8397	5	3	0	1484	0	1492
8398	3	2	1449	17	0	1471
8399	1351	0	10	11	0	1372
8400	13	0	6	1479	0	1498
8401	1501	1	3	21	0	1526
8402	14	1	0	1488	0	1503
8403	8	0	1491	13	0	1512
8404	4	2	1479	7	0	1492
8405	1442	0	18	8	0	1468
8406	1545	0	9	6	0	1560
8407	16	1530	4	0	0	1550
8408	7	11	1511	1	0	1530
8409	2	11	9	1481	0	1503
8410	8	4	13	1270	0	1295
8411	1530	0	6	19	0	1555
8412	1532	2	2	11	0	1547
8413	1528	2	0	6	0	1536
8414	17	0	1476	1	0	1494
8415	1486	0	14	6	0	1506
8416	12	2	7	1515	0	1536
8417	10	0	2	1528	0	1540
8418	6	1	0	1538	0	1545
8419	3	1487	2	17	0	1509
8420	1471	11	1	9	0	1492
8421	12	6	1	1485	0	1504
8422	9	3	1493	11	0	1516
8423	4	1	11	1473	0	1489
8424	1	1488	6	14	0	1509
8425	1507	11	1	14	0	1533
8426	11	8	1	1513	0	1533
8427	9	1	1	1516	0	1527
8428	5	4	1528	18	0	1555
8429	2	2	9	1541	0	1554
8430	3	1551	10	11	0	1575
8431	3	13	1	1565	0	1582
8432	2	6	1552	14	0	1574
8433	1415	1	17	12	0	1445
8434	1510	4	7	3	0	1524
8435	18	1547	2	5	0	1572
8436	1523	10	1	4	0	1538
8437	1580	6	0	5	0	1591
8438	16	1566	2	3	0	1587
8439	8	13	1	1616	0	1638
8440	1622	4	1	18	0	1645
8441	14	1740	3	8	0	1765
8442	9	14	1742	2	0	1767
8443	1747	5	14	9	0	1775
8444	1825	1	9	3	0	1838
8445	1826	0	1	5	0	1832
8446	1837	1	0	3	0	1841
8447	19	1886	3	5	0	1913
8448	1933	12	1	10	0	1956
8449	1960	7	0	6	0	1973
8450	1946	2	1	6	0	1955
8451	24	1	2	1927	0	1954
8452	1918	1	2	17	0	1938
8453	15	1984	0	10	0	2009
8454	11	18	2054	1	0	2084
8455	13	6	17	2105	0	2141
8456	2132	1	5	21	0	2159
8457	23	2	2137	6	0	2168
8458	14	1	18	2136	0	2169
8459	5	3	2144	19	0	2171
8460	2	2128	19	17	0	2166
8461	7	16	11	2095	0	2129
8462	12	12	2086	17	0	2127
8463	2	2079	22	10	0	2113
8464	6	18	9	2083	0	2116
8465	2118	9	2	29	0	2158
8466	2102	4	3	12	0	2121
8467	2105	2	2	8	0	2117
8468	2090	1	3	5	0	2099
8469	2116	2	10	5	0	2133
8470	30	4	2123	3	0	2160
8471	2117	0	18	3	0	2138
8472	2210	2	8	5	0	2225
8473	34	1	3	2188	0	2226
8474	2195	1	2	23	0	2221
8475	2104	2	2	15	0	2123
8476	33	2026	4	6	0	2069
8477	19	20	1	2049	0	2089
8478	9	11	0	2044	0	2064
8479	2013	3	3	30	0	2049
8480	21	1979	5	19	0	2024
8481	14	2034	7	5	0	2060
8482	12	31	2	2059	0	2104
8483	8	20	3	2076	0	2107
8484	9	1	2	2088	0	2100
8485	5	4	6	2106	0	2121
8486	2019	4	2	41	0	2066
8487	2018	3	1	22	0	2044
8488	37	9	2050	7	0	2103
8489	27	6	20	2003	0	2056
8490	10	2	14	2053	0	2079
8491	12	8	2022	37	0	2079
8492	1918	4	24	22	0	1968
8493	31	2035	19	11	0	2096
8494	2032	27	3	6	0	2068
8495	38	13	3	2000	0	2054
8496	20	5	1993	27	0	2045
8497	18	4	22	1988	0	2032
8498	13	10	2062	29	0	2114
8499	11	2100	25	20	0	2156
8500	2072	21	22	18	0	2133
8501	2083	13	8	5	0	2109
8502	37	2071	2	8	0	2118
8503	29	19	6	2063	0	2117
8504	2016	16	5	31	0	2068
8505	31	2002	6	19	0	2058
8506	24	21	10	2018	0	2073
8507	2021	20	1	29	0	2071
8508	27	5	2008	20	0	2060
8509	1982	4	25	17	0	2028
8510	32	2060	17	6	0	2115
8511	2085	24	7	13	0	2129
8512	2075	17	0	17	0	2109
8513	49	7	2032	10	0	2098
8514	33	5	24	1963	0	2025
8515	20	5	13	2057	0	2095
8516	18	3	2017	38	0	2076
8517	12	8	24	1975	0	2019
8518	19	2	18	1985	0	2024
8519	2039	5	9	45	0	2098
8520	2040	7	5	27	0	2079
8521	38	4	9	2023	0	2074
8522	28	5	2028	30	0	2091
8523	21	3	21	2029	0	2074
8524	10	9	16	2061	0	2096
8525	14	8	2042	39	0	2103
8526	21	4	21	2051	0	2097
8527	2071	7	20	26	0	2124
8528	2068	5	3	28	0	2104
8529	40	2043	10	18	0	2111
8530	2095	21	5	14	0	2135
8531	2101	17	3	14	0	2135
8532	43	2121	8	9	0	2181
8533	2184	22	2	13	0	2221
8534	2157	13	8	19	0	2197
8535	2316	4	7	13	0	2340
8536	41	11	2233	10	0	2295
8537	2206	6	18	13	0	2243
8538	37	4	16	2252	0	2309
8539	2230	2	8	23	0	2263
8540	24	8	2214	22	0	2268
8541	20	2100	19	14	0	2153
8542	2105	22	18	13	0	2158
8543	26	2157	8	8	0	2199
8544	22	23	4	2161	0	2210
8545	13	16	5	2209	0	2243
8546	2199	6	1	43	0	2249
8547	2115	1	9	27	0	2152
8548	42	6	2085	10	0	2143
8549	25	3	1956	10	0	1994
8550	9	9	2028	2	0	2048
8551	12	7	35	1971	0	2025
8552	7	4	1999	23	0	2033
8553	11	3	1947	19	0	1980
8554	25	41	27	1805	0	1898
8555	1921	4	23	26	0	1974
8556	1923	0	2	25	0	1950
8557	1983	0	3	11	0	1997
8558	1986	3	1	8	0	1998
8559	29	0	2	1984	0	2015
8560	18	1	2	1999	0	2020
8561	4	5	2097	22	0	2128
8562	8	8	11	2069	0	2096
8563	5	4	13	2062	0	2084
8564	2133	3	4	32	0	2172
8565	2137	1	6	26	0	2170
8566	32	1	1	2156	0	2190
8567	2158	3	4	19	0	2184
8568	2160	2	7	18	0	2187
8569	35	3	4	2141	0	2183
8570	21	1	5	2124	0	2151
8571	7	3	2078	33	0	2121
8572	6	3	2060	17	0	2086
8573	7	3	29	2080	0	2119
8574	9	2	18	2133	0	2162
8575	11	5	2145	24	0	2185
8576	2023	2	17	22	0	2064
8577	2075	3	15	13	0	2106
8578	31	3	2071	7	0	2112
8579	27	2053	13	9	0	2102
8580	2071	11	18	17	0	2117
8581	17	17	2199	7	0	2240
8582	21	3	18	2184	0	2226
8583	14	4	15	2245	0	2278
8584	2338	2	7	41	0	2388
8585	2467	4	7	37	0	2515
8586	33	0	8	2527	0	2568
8587	32	2	6	2676	0	2716
8588	2676	2	3	44	0	2725
8589	2696	3	10	29	0	2738
8590	2704	4	9	19	0	2736
8591	41	8	2704	11	0	2764
8592	33	2	27	2716	0	2778
8593	15	6	23	2765	0	2809
8594	2748	1	9	49	0	2807
8595	26	2739	13	33	0	2811
8596	3121	26	6	16	0	3169
8597	47	3113	9	15	0	3184
8598	34	35	9	3148	0	3226
8599	16	28	6	3182	0	3232
8600	16	10	3127	71	0	3224
8601	16	3	40	3164	0	3223
8602	14	4	3204	58	0	3280
8603	12	0	49	3216	0	3277
8604	22	2	39	3197	0	3260
8605	19	3068	13	79	0	3179
8606	8	3223	12	51	0	3294
8607	15	62	9	3173	0	3259
8608	24	36	11	3228	0	3299
8609	20	7	10	3262	0	3299
8610	14	7	6	3289	0	3316
8611	12	7	11	3284	0	3314
8612	13	7	3177	91	0	3288
8613	20	1	45	3203	0	3269
8614	18	2	35	3246	0	3301
8615	18	6	3150	82	0	3256
8616	20	3130	46	56	0	3252
8617	20	38	36	3184	0	3278
8618	14	34	3124	65	0	3237
8619	11	3189	49	55	0	3304
8620	16	40	42	3236	0	3334
8621	3287	33	16	59	0	3395
8622	51	8	16	3301	0	3376
8623	49	10	5	3332	0	3396
8624	22	6	6	3380	0	3414
8625	23	10	6	3306	0	3345
8626	16	3213	8	96	0	3333
8627	19	43	11	3290	0	3363
8628	3382	41	16	82	0	3521
8629	50	10	12	3482	0	3554
8630	41	7	9	3452	0	3509
8631	16	6	12	3526	0	3560
8632	3349	5	16	101	0	3471
8633	3434	7	6	66	0	3513
8634	88	8	11	3445	0	3552
8635	3249	9	9	68	0	3335
8636	3238	18	3	58	0	3317
8637	73	3231	12	30	0	3346
8638	3223	40	4	37	0	3304
8639	48	3212	16	29	0	3305
8640	39	3222	12	32	0	3305
8641	15	55	10	3265	0	3345
8642	11	32	3385	63	0	3491
8643	12	11	44	3346	0	3413
8644	13	9	26	3340	0	3388
8645	12	3345	15	75	0	3447
8646	3350	37	17	46	0	3450
8647	40	29	5	3374	0	3448
8648	30	14	3585	52	0	3681
8649	16	11	34	3601	0	3662
8650	11	3642	31	50	0	3734
8651	3687	34	14	47	0	3782
8652	46	31	9	3695	0	3781
8653	35	15	3678	55	0	3783
8654	16	11	34	3782	0	3843
8655	15	3697	30	54	0	3796
8656	12	39	8	3786	0	3845
8657	3841	39	6	65	0	3951
8658	3888	14	4	72	0	3978
8659	3925	10	6	38	0	3979
8660	71	3925	12	33	0	4041
8661	3918	45	9	32	0	4004
8662	54	32	7	3951	0	4044
8663	3940	10	6	77	0	4033
8664	48	3914	13	58	0	4033
8665	52	46	6	4056	0	4160
8666	14	40	4039	60	0	4153
8667	3760	13	44	61	0	3878
8668	45	4058	36	33	0	4172
8669	37	45	10	4102	0	4194
8670	15	38	6	4206	0	4265
8671	15	12	4	4185	0	4216
8672	17	11	11	4076	0	4115
8673	8	4050	10	104	0	4172
8674	4080	43	7	70	0	4200
8675	4110	37	7	34	0	4188
8676	80	19	4146	23	0	4268
8677	51	18	48	4186	0	4303
8678	24	16	4269	60	0	4369
8679	4168	9	49	61	0	4287
8680	4321	10	30	30	0	4391
8681	4188	7	9	30	0	4234
8682	86	7	6	4054	0	4153
8683	42	4030	13	65	0	4150
8684	4056	51	5	55	0	4167
8685	69	33	3	3931	0	4036
8686	3885	8	15	80	0	3988
8687	52	24	3649	44	0	3769
8688	41	12	3605	20	0	3678
8689	3673	6	60	25	0	3764
8690	54	7	28	3685	0	3774
8691	3642	6	7	63	0	3718
8692	51	3581	9	36	0	3677
8693	3657	42	7	33	0	3739
8694	3681	25	2	23	0	3731
8695	66	16	3590	14	0	3686
8696	27	4	3142	10	0	3183
8697	13	3230	40	8	0	3291
8698	37	25	36	3216	0	3314
8699	3230	12	11	41	0	3294
8700	34	5	6	3228	0	3273
8701	24	6	5	3322	0	3357
8702	15	11	3199	38	0	3263
8703	3108	9	26	26	0	3169
8704	38	2	13	3309	0	3362
8705	24	10	3240	35	0	3309
8706	12	10	3170	17	0	3209
8707	12	18	32	3227	0	3289
8708	13	3	3258	29	0	3303
8709	11	8	3245	16	0	3280
8710	16	7	38	2911	0	2972
8711	9	9	3298	32	0	3348
8712	13	8	32	3199	0	3252
8713	10	3159	15	35	0	3219
8714	3404	24	5	26	0	3459
8715	37	3427	7	14	0	3485
8716	19	35	5	3464	0	3523
8717	15	3599	5	45	0	3664
8718	15	47	3664	20	0	3746
8719	9	16	57	4497	0	4579
8720	9	10	5125	106	0	5250
8721	5012	8	115	45	0	5180
8722	121	5367	49	16	0	5553
8723	5481	118	10	14	0	5623
8724	133	45	7	5408	0	5593
8725	5412	15	15	133	0	5575
8726	138	13	5416	48	0	5615
8727	55	5431	129	22	0	5637
8728	5344	126	49	18	0	5537
8729	138	48	22	5095	0	5303
8730	54	5286	13	111	0	5464
8731	28	126	8	5352	0	5514
8732	5475	49	8	143	0	5675
8733	130	5714	18	50	0	5912
8734	5782	136	11	22	0	5951
8735	148	62	5681	13	0	5904
8736	5728	14	139	17	0	5898
8737	159	9	62	5772	0	6002
8738	5728	6	17	154	0	5905
8739	144	5671	19	68	0	5902
8740	82	142	9	5699	0	5932
8741	31	65	6	5867	0	5969
8742	17	20	5490	198	0	5725
8743	12	10	147	5501	0	5670
8744	22	10	65	5650	0	5747
8745	29	12	21	5677	0	5739
8746	23	11	9	5692	0	5735
8747	19	17	5520	205	0	5761
8748	25	5252	154	85	0	5516
8749	24	145	65	5296	0	5530
8750	5285	70	20	158	0	5533
8751	5384	20	11	75	0	5490
8752	205	5341	18	38	0	5602
8753	5313	149	11	36	0	5509
8754	5310	67	13	32	0	5422
8755	5318	19	15	25	0	5377
8756	211	5103	18	34	0	5366
8757	5018	143	10	28	0	5199
8758	167	73	16	4880	0	5136
8759	87	20	4855	148	0	5110
8760	23	4853	150	78	0	5104
8761	32	149	79	4814	0	5074
8762	24	72	4769	150	0	5015
8763	4688	14	132	85	0	4919
8764	154	15	67	4759	0	4995
8765	79	21	25	4758	0	4883
8766	34	10	9	4785	0	4838
8767	37	9	14	4786	0	4846
8768	28	20	4550	199	0	4797
8769	4261	16	128	98	0	4503
8770	147	4461	76	30	0	4714
8771	4515	141	15	32	0	4703
8772	153	4522	15	29	0	4719
8773	4544	141	19	19	0	4723
8774	157	77	12	4468	0	4714
8775	78	26	4467	160	0	4731
8776	33	14	4519	80	0	4646
8777	31	25	187	4393	0	4636
8778	32	16	69	4488	0	4605
8779	38	16	20	4541	0	4615
8780	4364	19	13	197	0	4593
8781	146	13	4339	102	0	4600
8782	90	26	138	4132	0	4386
8783	42	4345	68	137	0	4592
8784	4304	130	13	101	0	4548
8785	155	64	4322	28	0	4569
8786	91	4285	133	28	0	4537
8787	38	137	4361	40	0	4576
8788	44	64	137	4325	0	4570
8789	32	31	4392	144	0	4599
8790	29	26	4410	96	0	4561
8791	31	12	191	4379	0	4613
8792	30	26	4419	151	0	4626
8793	32	19	4460	93	0	4604
8794	35	13	198	4298	0	4544
8795	4301	23	70	155	0	4549
8796	148	25	4321	99	0	4593
8797	108	13	138	4278	0	4537
8798	49	19	77	4409	0	4554
8799	4320	22	30	202	0	4574
8800	147	22	20	4363	0	4552
8801	4283	10	23	161	0	4477
8802	146	4210	33	90	0	4479
8803	90	137	19	4228	0	4474
8804	4219	64	27	162	0	4472
8805	4313	15	16	111	0	4455
8806	202	14	27	4210	0	4453
8807	87	20	4185	155	0	4447
8808	4027	17	143	104	0	4291
8809	140	4157	91	39	0	4427
8810	4158	128	27	38	0	4351
8811	4191	69	15	49	0	4324
8812	4247	26	20	36	0	4329
8813	210	20	4041	32	0	4303
8814	94	3945	126	44	0	4209
8815	42	177	78	3856	0	4153
8816	45	128	32	3905	0	4110
8817	27	26	3781	188	0	4022
8818	38	3519	109	97	0	3763
8819	11	2665	54	33	0	2763
8820	15	2219	15	21	0	2270
8821	2004	69	68	25	0	2166
8822	66	27	27	1885	0	2005
8823	34	5	7	1907	0	1953
8824	15	8	1871	62	0	1956
8825	1773	10	38	32	0	1853
8826	40	3	31	1876	0	1950
8827	39	5	6	1908	0	1958
8828	13	12	1857	51	0	1933
8829	8	1829	34	37	0	1908
8830	13	40	28	1815	0	1896
8831	10	25	1812	31	0	1878
8832	5	1605	25	30	0	1665
8833	1354	15	19	11	0	1399
8834	22	12	1428	7	0	1469
8835	10	5	15	1320	0	1350
8836	8	1371	11	13	0	1403
8837	1399	13	5	13	0	1430
8838	23	10	0	1410	0	1443
8839	1427	3	5	22	0	1457
8840	1406	5	4	18	0	1433
8841	22	1413	3	9	0	1447
8842	1435	11	2	14	0	1462
8843	1491	9	6	15	0	1521
8844	22	3	1471	5	0	1501
8845	1454	2	13	8	0	1477
8846	11	17	1468	5	0	1501
8847	1461	1	9	9	0	1480
8848	1461	3	9	11	0	1484
8849	22	4	1506	3	0	1535
8850	8	3	14	1485	0	1510
8851	6	4	1540	9	0	1559
8852	4	3	1456	9	0	1472
8853	5	3	1574	7	0	1589
8854	2	2	22	1529	0	1555
8855	4	2	4	1714	0	1724
8856	1	0	1	1724	0	1726
8857	2	0	5	1742	0	1749
8858	5	3	1739	12	0	1759
8859	3	2	9	1653	0	1667
8860	2	1567	7	15	0	1591
8861	2	14	1752	10	0	1778
8862	3	11	9	1723	0	1746
8863	7	1	1772	12	0	1792
8864	1	1748	10	9	0	1768
8865	7	1777	8	4	0	1796
8866	6	18	2	1756	0	1782
8867	5	11	1737	13	0	1766
8868	3	2	1767	8	0	1780
8869	6	1	22	1766	0	1795
8870	2	3	7	1826	0	1838
8871	1	4	1	1876	0	1882
8872	4	2	1867	21	0	1894
8873	4	1878	13	13	0	1908
8874	4	1960	6	5	0	1975
8875	2	24	6	1970	0	2002
8876	2	14	1948	18	0	1982
8877	5	7	1965	9	0	1986
8878	1	2034	29	7	0	2071
8879	2066	16	10	3	0	2095
8880	16	2103	5	7	0	2131
8881	9	19	2242	3	0	2273
8882	2222	10	24	6	0	2262
8883	27	4	9	2285	0	2325
8884	2327	1	3	33	0	2364
8885	23	4	2	2302	0	2331
8886	10	3	5	2348	0	2366
8887	2333	0	3	30	0	2366
8888	22	2417	5	16	0	2460
8889	13	25	2397	9	0	2444
8890	4	2446	29	3	0	2482
8891	2434	33	11	6	0	2484
8892	24	2445	11	5	0	2485
8893	2462	30	5	4	0	2501
8894	2473	10	4	10	0	2497
8895	36	2494	4	9	0	2543
8896	16	27	6	2432	0	2481
8897	2412	9	3	38	0	2462
8898	2429	12	0	16	0	2457
8899	37	2	1	2409	0	2449
8900	11	3	2383	33	0	2430
8901	7	3	2406	13	0	2429
8902	8	6	33	2452	0	2499
8903	3	10	2417	25	0	2455
8904	2312	1	28	20	0	2361
8905	30	2388	19	4	0	2441
8906	10	29	13	2476	0	2528
8907	11	15	3	2479	0	2508
8908	7	6	5	2480	0	2498
8909	15	4	3	2489	0	2511
8910	8	3	6	2529	0	2546
8911	8	4	2502	37	0	2551
8912	6	2519	27	20	0	2572
8913	2522	24	9	16	0	2571
8914	28	10	12	2497	0	2547
8915	12	7	7	2521	0	2547
8916	13	5	5	2527	0	2550
8917	4	2511	2	47	0	2564
8918	7	26	3	2533	0	2569
8919	5	8	3	2559	0	2575
8920	2475	5	5	36	0	2521
8921	28	2409	5	20	0	2462
8922	9	2455	4	18	0	2486
8923	10	31	6	2460	0	2507
8924	2424	9	3	36	0	2472
8925	29	7	2454	11	0	2501
8926	2280	9	26	10	0	2325
8927	38	12	2492	4	0	2546
8928	15	5	29	2481	0	2530
8929	12	1	11	2546	0	2570
8930	4	4	11	2576	0	2595
8931	12	4	3	2550	0	2569
8932	7	4	2	2565	0	2578
8933	2528	3	4	44	0	2579
8934	28	4	2516	14	0	2562
8935	11	6	24	2583	0	2624
8936	8	6	2633	32	0	2679
8937	2	2608	31	21	0	2662
8938	2596	23	11	11	0	2641
8939	32	12	2687	11	0	2742
8940	19	5	27	2735	0	2786
8941	11	2	12	2794	0	2819
8942	5	8	2787	46	0	2846
8943	7	9	2793	26	0	2835
8944	9	2	36	2695	0	2742
8945	2815	3	18	33	0	2869
8946	2814	5	9	26	0	2854
8947	43	2786	5	30	0	2864
8948	2870	29	5	20	0	2924
8949	40	12	2	2739	0	2793
8950	19	2870	7	30	0	2926
8951	16	32	2	2887	0	2937
8952	8	18	2971	40	0	3037
8953	11	4	35	2826	0	2876
8954	19	4	16	2888	0	2927
8955	2722	0	7	51	0	2780
8956	32	2711	8	25	0	2776
8957	2712	29	4	19	0	2764
8958	37	2672	7	12	0	2728
8959	2637	31	5	9	0	2682
8960	34	2617	8	10	0	2669
8961	10	2626	12	14	0	2662
8962	2670	35	6	23	0	2734
8963	34	12	5	2593	0	2644
8964	10	2651	8	28	0	2697
8965	2696	25	3	25	0	2749
8966	2678	8	9	20	0	2715
8967	2710	3	3	21	0	2737
8968	2689	3	6	11	0	2709
8969	39	2685	9	11	0	2744
8970	15	28	6	2696	0	2745
8971	16	12	6	2704	0	2738
8972	2706	8	7	37	0	2758
8973	37	4	4	2663	0	2708
8974	2592	5	3	38	0	2638
8975	30	12	2525	20	0	2587
8976	2435	2	21	32	0	2490
8977	28	10	2508	11	0	2557
8978	17	25	26	2430	0	2498
8979	2448	7	9	35	0	2499
8980	34	2420	9	15	0	2478
8981	2244	23	3	13	0	2283
8982	23	2255	3	9	0	2290
8983	22	20	4	2415	0	2461
8984	6	18	2372	23	0	2419
8985	2160	13	37	22	0	2232
8986	19	2351	14	9	0	2393
8987	12	27	5	2365	0	2409
8988	9	10	2	2319	0	2340
8989	8	7	1	2320	0	2336
8990	10	6	2301	21	0	2338
8991	7	2294	13	13	0	2327
8992	2276	18	7	11	0	2312
8993	2276	9	1	8	0	2294
8994	24	2253	5	5	0	2287
8995	2369	17	2	17	0	2405
8996	20	10	2	2371	0	2403
8997	16	2363	4	16	0	2399
8998	2383	16	1	15	0	2415
8999	19	15	2334	8	0	2376
9000	17	2376	16	6	0	2415
9001	11	18	9	2411	0	2449
9002	13	13	2	2423	0	2451
9003	7	11	2433	20	0	2471
9004	6	3	12	2411	0	2432
9005	7	12	2441	22	0	2482
9006	9	5	12	2428	0	2454
9007	11	3	10	2465	0	2489
9008	11	3	2	2504	0	2520
9009	10	2	4	2520	0	2536
9010	10	9	2432	27	0	2478
9011	11	13	2649	20	0	2693
9012	3	2862	35	12	0	2912
9013	7	34	25	3007	0	3073
9014	13	24	3086	41	0	3164
9015	4	3041	43	28	0	3116
9016	11	51	20	3215	0	3297
9017	6	34	3324	43	0	3407
9018	3108	5	50	36	0	3199
9019	3484	5	26	13	0	3528
9020	75	4	5	3463	0	3547
9021	34	11	3447	52	0	3544
9022	12	20	47	3406	0	3485
9023	3391	2	27	63	0	3483
9024	47	3480	14	32	0	3573
9025	3592	46	4	27	0	3669
9026	3641	26	4	16	0	3687
9027	80	1	3	3496	0	3580
9028	26	7	4	3576	0	3613
9029	10	5	3	3573	0	3591
9030	15	2	1	3569	0	3587
9031	7	2	4	3588	0	3601
9032	3484	4	6	83	0	3577
9033	3529	4	4	41	0	3578
9034	3521	2	8	19	0	3550
9035	74	12	3345	13	0	3444
9036	3347	3	45	17	0	3412
9037	57	5	28	3367	0	3457
9038	30	10	3319	58	0	3417
9039	8	3256	56	37	0	3357
9040	9	51	26	3235	0	3321
9041	13	30	16	3258	0	3317
9042	7	3266	12	79	0	3364
9043	17	50	9	3313	0	3389
9044	16	22	3287	65	0	3390
9045	13	6	3332	30	0	3381
9046	11	8	83	3338	0	3440
9047	3342	3	33	69	0	3447
9048	3307	6	7	37	0	3357
9049	92	8	3259	20	0	3379
9050	34	3054	57	17	0	3162
9051	16	3160	30	17	0	3223
9052	2990	70	7	17	0	3084
9053	61	30	3042	23	0	3156
9054	33	5	48	3055	0	3141
9055	3024	6	26	75	0	3131
9056	62	3018	10	41	0	3131
9057	37	3133	13	17	0	3200
9058	3097	75	5	14	0	3191
9059	76	27	8	3129	0	3240
9060	3426	6	11	72	0	3515
9061	80	4	5	3953	0	4042
9062	56	6	8	4041	0	4111
9063	24	15	3995	139	0	4173
9064	21	8	78	4070	0	4177
9065	19	10	49	4118	0	4196
9066	4070	5	17	156	0	4248
9067	94	7	10	4174	0	4285
9068	58	15	4070	109	0	4252
9069	4042	7	82	73	0	4204
9070	92	5	60	4095	0	4252
9071	4109	5	23	110	0	4247
9072	98	3912	13	74	0	4097
9073	70	4093	19	38	0	4220
9074	4108	124	13	26	0	4271
9075	4151	64	19	19	0	4253
9076	134	31	14	4072	0	4251
9077	83	20	4042	88	0	4233
9078	42	8	81	4124	0	4255
9079	4042	7	61	106	0	4216
9080	88	4020	28	73	0	4209
9081	75	87	11	4054	0	4227
9082	4046	64	11	104	0	4225
9083	93	34	3888	76	0	4091
9084	3941	10	83	52	0	4086
9085	3829	9	57	45	0	3940
9086	147	14	3883	38	0	4082
9087	75	16	3941	32	0	4064
9088	56	10	136	3818	0	4020
9089	39	13	73	3878	0	4003
9090	31	3985	33	142	0	4191
9091	35	84	11	4081	0	4211
9092	28	73	4059	117	0	4277
9093	36	25	82	4117	0	4260
9094	40	21	65	4236	0	4362
9095	42	19	4030	156	0	4247
9096	34	3977	98	104	0	4213
9097	34	85	54	4036	0	4209
9098	30	64	28	4129	0	4251
9099	4051	27	24	156	0	4258
9100	111	13	14	4053	0	4191
9101	85	18	3991	123	0	4217
9102	3971	11	93	98	0	4173
9103	4022	15	62	47	0	4146
9104	4055	13	32	40	0	4140
9105	169	15	3893	36	0	4113
9106	105	14	98	3845	0	4062
9107	51	12	73	3938	0	4074
9108	41	8	35	3961	0	4045
9109	3807	13	24	154	0	3998
9110	113	3792	23	111	0	4039
9111	61	70	3471	53	0	3655
9112	27	3450	76	38	0	3591
9113	24	3329	52	37	0	3442
9114	15	3361	32	34	0	3442
9115	102	124	42	3197	0	3465
9116	29	58	3145	89	0	3321
9117	2892	34	58	65	0	3049
9118	69	3049	52	34	0	3204
9119	2956	45	20	50	0	3071
9120	72	3023	26	26	0	3147
9121	3046	59	16	34	0	3155
9122	70	3144	15	29	0	3258
9123	66	73	3156	19	0	3314
9124	35	53	64	3135	0	3287
9125	35	19	42	3244	0	3340
9126	3224	7	27	110	0	3368
9127	67	9	16	3481	0	3573
9128	50	7	3425	97	0	3579
9129	30	21	70	3498	0	3619
9130	21	23	3472	99	0	3615
9131	20	3443	81	80	0	3624
9132	22	77	55	3262	0	3416
9133	19	3514	32	71	0	3636
9134	3499	78	21	56	0	3654
9135	84	54	21	3476	0	3635
9136	67	22	3470	76	0	3635
9137	31	22	3432	63	0	3548
9138	3428	11	112	42	0	3593
9139	77	19	68	3402	0	3566
9140	62	12	3384	82	0	3540
9141	29	31	3236	69	0	3365
9142	19	3292	103	43	0	3457
9143	25	57	71	3042	0	3195
9144	13	3264	41	73	0	3391
9145	18	73	20	3222	0	3333
9146	3236	52	20	96	0	3404
9147	67	38	22	3249	0	3376
9148	52	20	16	3307	0	3395
9149	3295	17	24	122	0	3458
9150	77	13	12	3478	0	3580
9151	67	19	15	3370	0	3471
9152	35	3480	25	117	0	3657
9153	3483	78	15	69	0	3645
9154	3550	57	16	40	0	3663
9155	127	27	16	3509	0	3679
9156	69	16	22	3508	0	3615
9157	41	11	22	3474	0	3548
9158	20	3312	22	141	0	3495
9159	18	3425	22	82	0	3547
9160	68	85	12	3119	0	3284
9161	2548	24	7	48	0	2627
9162	2494	9	9	29	0	2541
9163	54	2447	13	18	0	2532
9164	2369	40	8	19	0	2436
9165	40	2358	9	29	0	2436
9166	22	2400	8	13	0	2443
9167	23	54	3	2377	0	2457
9168	2336	24	6	46	0	2412
9169	43	2307	8	23	0	2381
9170	20	2374	18	12	0	2424
9171	22	50	7	2370	0	2449
9172	20	21	6	2414	0	2461
9173	10	13	2351	60	0	2434
9174	2302	12	39	28	0	2381
9175	2342	14	23	16	0	2395
9176	56	15	2399	14	0	2484
9177	22	15	2360	24	0	2421
9178	22	11	51	2390	0	2474
9179	16	12	20	2451	0	2499
9180	14	2407	10	65	0	2496
9181	7	46	8	2441	0	2502
9182	13	22	2427	55	0	2517
9183	24	11	38	2406	0	2479
9184	15	6	19	2449	0	2489
9185	2408	12	12	71	0	2503
9186	50	9	2382	39	0	2480
9187	2326	14	43	26	0	2409
9188	49	12	2345	25	0	2431
9189	23	9	35	2266	0	2333
9190	13	8	2255	50	0	2326
9191	18	9	2252	24	0	2303
9192	19	18	47	2194	0	2278
9193	2140	12	34	59	0	2245
9194	2125	6	13	26	0	2170
9195	52	2135	14	18	0	2219
9196	2169	41	11	15	0	2236
9197	2159	25	6	20	0	2210
9198	56	2152	11	11	0	2230
9199	30	44	10	2165	0	2249
9200	12	26	11	2199	0	2248
9201	16	9	6	2193	0	2224
9202	21	8	6	2186	0	2221
9203	19	16	2126	57	0	2218
9204	2063	12	41	30	0	2146
9205	49	6	22	2152	0	2229
9206	28	5	11	2153	0	2197
9207	12	2148	17	69	0	2246
9208	13	44	11	2215	0	2283
9209	20	26	2193	54	0	2293
9210	2068	6	42	47	0	2163
9211	47	11	2226	19	0	2303
9212	30	8	39	2100	0	2177
9213	2113	5	21	51	0	2190
9214	43	2110	14	32	0	2199
9215	26	44	6	2181	0	2257
9216	14	24	2153	51	0	2242
9217	9	11	40	2186	0	2246
9218	2135	8	21	63	0	2227
9219	51	15	2120	27	0	2213
9220	32	13	2103	20	0	2168
9221	13	2075	64	18	0	2170
9222	1949	40	22	17	0	2028
9223	43	1936	8	22	0	2009
9224	25	39	1870	15	0	1949
9225	9	22	1763	8	0	1802
9226	12	1713	46	13	0	1784
9227	1503	24	14	10	0	1551
9228	28	1482	12	9	0	1531
9229	18	25	2	1464	0	1509
9230	2	13	7	1513	0	1535
9231	6	6	1428	37	0	1477
9232	9	4	27	1426	0	1466
9233	5	5	1462	27	0	1499
9234	1393	3	25	18	0	1439
9235	1435	6	9	5	0	1455
9236	1452	5	3	6	0	1466
9237	32	5	1396	10	0	1443
9238	1404	0	29	7	0	1440
9239	28	2	13	1345	0	1388
9240	14	1393	4	30	0	1441
9241	1407	21	8	15	0	1451
9242	21	10	1415	9	0	1455
9243	1381	3	27	6	0	1417
9244	1400	2	14	10	0	1426
9245	36	3	1383	8	0	1430
9246	13	1405	25	4	0	1447
9247	7	22	17	1415	0	1461
9248	3	13	1436	24	0	1476
9249	10	4	1360	16	0	1390
9250	6	7	24	1223	0	1260
9251	2	6	1249	19	0	1276
9252	5	1	15	1180	0	1201
9253	6	1	8	1155	0	1170
9254	1	7	3	1191	0	1202
9255	4	0	1164	23	0	1191
9256	2	2	18	1161	0	1183
9257	7	1	1177	17	0	1202
9258	7	2	15	1193	0	1217
9259	1179	1	13	20	0	1213
9260	15	2	5	1175	0	1197
9261	11	1213	3	17	0	1244
9262	6	15	3	1233	0	1257
9263	1260	13	3	17	0	1293
9264	15	1269	5	16	0	1305
9265	15	17	4	1258	0	1294
9266	1222	15	5	16	0	1258
9267	18	5	1232	16	0	1271
9268	12	5	21	1226	0	1264
9269	7	4	1268	18	0	1297
9270	3	4	1241	16	0	1264
9271	7	3	27	1220	0	1257
9272	1226	2	16	18	0	1262
9273	17	6	1214	15	0	1252
9274	1184	3	14	2	0	1203
9275	21	4	16	1177	0	1218
9276	12	4	1133	20	0	1169
9277	5	5	1121	14	0	1145
9278	6	3	1124	5	0	1138
9279	6	7	25	1053	0	1091
9280	1093	3	12	19	0	1127
9281	15	1119	5	16	0	1155
9282	12	13	1	1101	0	1127
9283	6	8	2	1118	0	1134
9284	1111	4	1	22	0	1138
9285	1124	0	4	14	0	1142
9286	25	1113	7	5	0	1150
9287	1120	14	3	6	0	1143
9288	1101	8	3	4	0	1116
9289	24	2	6	1084	0	1116
9290	13	4	1099	16	0	1132
9291	1075	3	14	12	0	1104
9292	19	3	13	1079	0	1114
9293	14	1	3	1084	0	1102
9294	1072	2	1	24	0	1099
9295	16	1	5	1040	0	1062
9296	13	12	3	1046	0	1074
9297	1022	0	4	27	0	1053
9298	12	1034	6	14	0	1066
9299	1059	11	7	6	0	1083
9300	14	7	1050	6	0	1077
9301	1058	0	19	8	0	1085
9302	18	2	10	1064	0	1094
9303	13	1119	5	17	0	1154
9304	6	13	5	1133	0	1157
9305	8	10	5	1136	0	1159
9306	6	2	3	1122	0	1133
9307	1103	2	5	26	0	1136
9308	15	1076	3	13	0	1107
9309	11	1047	4	6	0	1068
9310	1002	13	0	9	0	1024
9311	15	11	1015	2	0	1043
9312	6	2	1021	4	0	1033
9313	935	1	37	10	0	983
9314	12	1	1021	4	0	1038
9315	9	1	8	935	0	953
9316	1	2	8	941	0	952
9317	5	1	3	988	0	997
9318	2	0	4	978	0	984
9319	3	965	0	15	0	983
9320	1	7	3	986	0	997
9321	4	6	973	8	0	991
9322	1	0	7	972	0	980
9323	3	1	962	10	0	976
9324	5	2	958	10	0	975
9325	3	3	13	962	0	981
9326	1	4	972	9	0	986
9327	7	0	7	954	0	968
9328	972	2	10	10	0	994
9329	9	1	987	8	0	1005
9330	937	1	9	3	0	950
9331	7	2	7	984	0	1000
9332	10	1	977	9	0	997
9333	3	977	8	9	0	997
9334	5	5	7	1066	0	1083
9335	1	10	1156	10	0	1177
9336	4	1	8	1165	0	1178
9337	1190	3	7	12	0	1212
9338	1208	2	3	17	0	1230
9339	1246	4	2	6	0	1258
9340	16	0	1	1276	0	1293
9341	10	1	4	1276	0	1291
9342	4	1	2	1317	0	1324
9343	1345	1	3	20	0	1369
9344	13	1351	3	15	0	1382
9345	12	11	2	1367	0	1392
9346	2	10	4	1392	0	1408
9347	1375	1	0	27	0	1403
9348	12	1395	2	14	0	1423
9349	14	17	3	1427	0	1461
9350	1469	11	2	22	0	1504
9351	1475	1	3	15	0	1494
9352	34	3	1	1452	0	1490
9353	1457	1	2	20	0	1480
9354	21	2	3	1459	0	1485
9355	16	3	1452	21	0	1492
9356	6	0	16	1443	0	1465
9357	10	0	14	1466	0	1490
9358	9	3	1	1513	0	1526
9359	1463	1	3	32	0	1499
9360	20	1492	3	19	0	1534
9361	1458	17	2	9	0	1486
9362	19	1446	3	5	0	1473
9363	12	1469	2	4	0	1487
9364	1464	25	0	10	0	1499
9365	20	1506	1	6	0	1533
9366	21	19	0	1493	0	1533
9367	1497	13	0	21	0	1531
9368	1505	4	1	12	0	1522
9369	31	3	4	1466	0	1504
9370	14	1	1	1438	0	1454
9371	4	1467	1	33	0	1505
9372	1487	18	1	13	0	1519
9373	1484	12	0	11	0	1507
9374	27	1541	3	7	0	1578
9375	11	1573	1	9	0	1594
9376	7	30	0	1601	0	1638
9377	1594	13	0	24	0	1631
9378	24	5	1	1589	0	1619
9379	15	5	0	1612	0	1632
9380	5	1	1557	30	0	1593
9381	5	3	1548	14	0	1570
9382	5	5	27	1560	0	1597
9383	6	3	1558	23	0	1590
9384	3	1555	21	14	0	1593
9385	8	19	8	1580	0	1615
9386	8	9	3	1628	0	1648
9387	6	3	2	1632	0	1643
9388	2	8	1606	34	0	1650
9389	2	5	1561	20	0	1588
9390	1532	3	28	11	0	1574
9391	25	1592	13	11	0	1641
9392	1608	21	2	12	0	1643
9393	26	11	2	1599	0	1638
9394	1627	6	4	28	0	1665
9395	23	4	3	1620	0	1650
9396	17	1634	4	22	0	1677
9397	1643	24	3	21	0	1691
9398	25	16	1625	8	0	1674
9399	14	1588	22	5	0	1629
9400	1609	25	9	9	0	1652
9401	28	9	3	1575	0	1615
9402	14	1523	7	24	0	1568
9403	11	21	2	1593	0	1627
9404	1595	9	2	33	0	1639
9405	27	6	3	1613	0	1649
9406	1614	3	3	35	0	1655
9407	34	5	1594	14	0	1647
9408	16	18	24	1581	0	1639
9409	1610	7	9	30	0	1656
9410	30	8	1608	16	0	1662
9411	16	1577	25	16	0	1634
9412	13	25	7	1583	0	1628
9413	12	11	1579	25	0	1627
9414	6	7	1609	21	0	1643
9415	6	7	46	1619	0	1678
9416	11	6	1648	31	0	1696
9417	7	5	1636	16	0	1664
9418	4	4	39	1633	0	1680
9419	1652	4	8	35	0	1699
9420	31	5	8	1663	0	1707
9421	10	4	7	1682	0	1703
9422	8	7	1680	46	0	1741
9423	6	8	28	1704	0	1746
9424	1732	4	13	41	0	1790
9425	36	6	1745	14	0	1801
9426	11	1788	29	13	0	1841
9427	15	31	9	1817	0	1872
9428	1919	11	6	50	0	1986
9429	37	5	6	1955	0	2003
9430	15	1948	5	40	0	2008
9431	8	40	2020	19	0	2087
9432	17	9	32	2135	0	2193
9433	2274	8	13	38	0	2333
9434	45	11	2221	18	0	2295
9435	14	4	39	2195	0	2252
9436	2219	6	12	48	0	2285
9437	2300	6	4	19	0	2329
9438	56	2269	9	16	0	2350
9439	2270	41	4	14	0	2329
9440	44	22	6	2244	0	2316
9441	18	8	2308	44	0	2378
9442	8	2232	43	18	0	2301
9443	4	2313	16	11	0	2344
9444	9	57	7	2276	0	2349
9445	10	23	5	2319	0	2357
9446	6	13	2232	46	0	2297
9447	3	2209	40	19	0	2271
9448	0	2241	17	14	0	2272
9449	9	41	31	2172	0	2253
9450	2157	12	5	39	0	2213
9451	29	2165	6	14	0	2214
9452	12	30	1	2223	0	2266
9453	2288	8	1	43	0	2340
9454	32	5	2	2306	0	2345
9455	11	3	3	2324	0	2341
9456	11	2	5	2348	0	2366
9457	8	4	2	2361	0	2375
9458	2275	2	4	45	0	2326
9459	33	3	2	2284	0	2322
9460	11	2	2215	33	0	2261
9461	2158	2	30	15	0	2205
9462	31	2	2198	8	0	2239
9463	15	2	2259	5	0	2281
9464	13	2	36	2286	0	2337
9465	9	4	12	2304	0	2329
9466	3	0	6	2339	0	2348
9467	2290	2	3	45	0	2340
9468	33	3	2267	12	0	2315
9469	2216	2	32	13	0	2263
9470	2301	4	10	13	0	2328
9471	42	8	2265	8	0	2323
9472	2226	2	35	12	0	2275
9473	37	6	2306	7	0	2356
9474	12	2343	33	6	0	2394
9475	22	35	18	2344	0	2419
9476	6	9	8	2407	0	2430
9477	4	5	0	2422	0	2431
9478	7	2	3	2420	0	2432
9479	5	8	2410	42	0	2465
9480	4	7	2396	18	0	2425
9481	3	2	39	2406	0	2450
9482	1	0	2439	36	0	2476
9483	2322	2	34	15	0	2373
9484	2474	3	12	14	0	2503
9485	44	3	5	2424	0	2476
9486	2409	1	5	36	0	2451
9487	33	2447	4	17	0	2501
9488	2458	28	4	13	0	2503
9489	37	14	2481	9	0	2541
9490	18	5	29	2470	0	2522
9491	7	2521	11	37	0	2576
9492	2551	27	8	24	0	2610
9493	31	13	4	2564	0	2612
9494	12	5	2539	31	0	2587
9495	11	3	32	2506	0	2552
9496	2502	3	12	37	0	2554
9497	29	8	2560	18	0	2615
9498	23	4	29	2573	0	2629
9499	14	2	15	2625	0	2656
9500	8	5	2610	45	0	2668
9501	5	2566	33	22	0	2626
9502	16	2141	22	19	0	2198
9503	10	37	7	2609	0	2663
9504	10	14	10	2673	0	2707
9505	11	7	6	2676	0	2700
9506	2571	6	10	46	0	2633
9507	2636	3	3	29	0	2671
9508	43	8	6	2624	0	2681
9509	2609	6	6	44	0	2665
9510	33	2599	10	22	0	2664
9511	22	31	6	2687	0	2746
9512	10	14	5	2709	0	2738
9513	13	11	5	2715	0	2744
9514	2459	6	4	59	0	2528
9515	34	2492	7	28	0	2561
9516	22	31	2	2516	0	2571
9517	2498	16	5	47	0	2566
9518	39	4	3	2549	0	2595
9519	19	3	3	2558	0	2583
9520	10	2417	7	51	0	2485
9521	8	2559	4	24	0	2595
9522	13	38	5	2538	0	2594
9523	9	15	8	2507	0	2539
9524	2387	8	4	49	0	2448
9525	32	0	8	2453	0	2493
9526	15	9	2336	38	0	2398
9527	12	6	26	2360	0	2404
9528	6	2215	16	34	0	2271
9529	2214	24	8	26	0	2272
9530	40	12	8	2222	0	2282
9531	22	3	5	2163	0	2193
9532	10	2073	10	32	0	2125
9533	1945	17	2	15	0	1979
9534	23	2062	6	22	0	2113
9535	16	22	0	2045	0	2083
9536	4	11	2053	22	0	2090
9537	5	13	14	1938	0	1970
9538	1947	2	4	23	0	1976
9539	17	1937	3	9	0	1966
9540	12	23	2	1930	0	1967
9541	2	1870	0	21	0	1893
9542	7	31	2	1893	0	1933
9543	3	10	1856	18	0	1887
9544	4	2	15	1794	0	1815
9545	0	2	7	1828	0	1837
9546	1	0	2	1836	0	1839
9547	1743	1	1	26	0	1771
9548	1789	2	0	12	0	1803
9549	18	1786	2	5	0	1811
9550	1803	15	0	9	0	1827
9551	16	1739	0	5	0	1760
9552	6	1756	1	5	0	1768
9553	1704	20	0	5	0	1729
9554	23	8	1699	1	0	1731
9555	6	2	16	1683	0	1707
9556	5	2	6	1729	0	1742
9557	3	1	1	1790	0	1795
9558	1752	2	1	29	0	1784
9559	19	1758	3	19	0	1799
9560	8	22	1	1768	0	1799
9561	4	1761	0	23	0	1788
9562	1870	22	0	17	0	1909
9563	30	7	2	1863	0	1902
9564	10	2	0	2358	0	2370
9565	2	2561	4	61	0	2628
9566	7	52	0	2726	0	2785
9567	7	23	0	2750	0	2780
9568	2640	7	0	89	0	2736
9569	58	2610	4	34	0	2706
9570	24	2690	4	16	0	2734
9571	12	75	0	2643	0	2730
9572	6	30	2558	62	0	2656
9573	2	9	2589	30	0	2630
9574	6	4	80	2548	0	2638
9575	2	6	2549	63	0	2620
9576	6	3	61	2548	0	2618
9577	10	6	24	2533	0	2573
9578	7	3	9	2654	0	2673
9579	2515	7	2	95	0	2619
9580	64	0	3	2541	0	2608
9581	29	5	2	2518	0	2554
9582	11	2527	2	85	0	2625
9583	5	58	1	2596	0	2660
9584	4	23	2541	75	0	2643
9585	8	8	58	2574	0	2648
9586	13	6	22	2633	0	2674
9587	2492	7	11	94	0	2604
9588	67	7	1	2525	0	2600
9589	25	10	3	2509	0	2547
9590	13	7	6	2536	0	2562
9591	2358	6	2	99	0	2465
9592	66	2409	4	43	0	2522
9593	28	68	4	2456	0	2556
9594	14	33	18	2498	0	2563
9595	9	16	2422	96	0	2543
9596	9	12	65	2441	0	2527
9597	2316	6	28	86	0	2436
9598	57	2331	13	47	0	2448
9599	35	58	10	2317	0	2420
9600	16	31	2	2366	0	2415
9601	12	8	2285	102	0	2407
9602	2178	8	59	55	0	2300
9603	64	2236	28	26	0	2354
9604	2217	60	13	34	0	2324
9605	71	23	9	2261	0	2364
9606	32	19	6	2302	0	2359
9607	19	9	8	2337	0	2373
9608	11	10	11	2346	0	2378
9609	2254	10	7	112	0	2383
9610	63	13	10	2222	0	2308
9611	32	2139	11	93	0	2275
9612	12	57	12	2215	0	2296
9613	13	26	13	2280	0	2332
9614	2183	9	11	110	0	2313
9615	58	2165	12	57	0	2292
9616	37	58	8	2224	0	2327
9617	2184	25	7	87	0	2303
9618	2231	12	8	59	0	2310
9619	78	11	10	2210	0	2309
9620	36	13	2155	91	0	2295
9621	2163	13	60	52	0	2288
9622	68	13	23	2208	0	2312
9623	32	20	2152	84	0	2288
9624	23	13	55	2226	0	2317
9625	15	4	35	2263	0	2317
9626	21	9	13	2258	0	2301
9627	16	2315	15	96	0	2442
9628	21	52	8	2401	0	2482
9629	11	29	13	2428	0	2481
9630	15	13	6	2439	0	2473
9631	20	9	4	2427	0	2460
9632	21	7	10	2376	0	2414
9633	30	18	5	2383	0	2436
9634	2117	13	5	113	0	2248
9635	60	17	2086	62	0	2225
9636	27	2024	57	52	0	2160
9637	2051	53	25	41	0	2170
9638	61	2060	20	36	0	2177
9639	2059	61	5	36	0	2161
9640	70	27	11	2061	0	2169
9641	2066	14	13	75	0	2168
9642	69	9	13	2069	0	2160
9643	35	9	7	2013	0	2064
9644	21	2010	16	83	0	2130
9645	2037	49	5	55	0	2146
9646	59	28	2084	45	0	2216
9647	36	7	55	2108	0	2206
9648	20	12	2116	81	0	2229
9649	14	10	2071	51	0	2146
9650	2076	10	61	42	0	2189
9651	61	10	25	2135	0	2231
9652	25	12	2104	82	0	2223
9653	13	11	2139	53	0	2216
9654	18	4	65	2102	0	2189
9655	21	6	27	2173	0	2227
9656	2132	10	7	90	0	2239
9657	59	9	8	2143	0	2219
9658	35	14	2159	74	0	2282
9659	21	5	49	2215	0	2290
9660	20	19	22	2196	0	2257
9661	18	2212	16	73	0	2319
9662	2152	44	8	39	0	2243
9663	43	2082	8	35	0	2168
9664	1580	14	3	18	0	1615
9665	10	1276	3	6	0	1295
9666	1	1196	1	3	0	1201
9667	3	9	2	1201	0	1215
9668	3	1	1	1203	0	1208
9669	4	1	0	1196	0	1201
9670	1162	0	4	7	0	1173
9671	2	3	1179	3	0	1187
9672	0	1	3	1160	0	1164
9673	1133	0	1	7	0	1141
9674	4	1141	0	3	0	1148
9675	0	1127	0	6	0	1133
9676	9	2	1	1126	0	1138
9677	0	0	1	1122	0	1123
9678	3	0	0	1142	0	1145
9679	0	1160	1	2	0	1163
9680	3	2	0	1180	0	1185
9681	3	3	1165	2	0	1173
9682	1	2	1069	1	0	1073
9683	1092	2	1	5	0	1100
9684	2	2	7	1123	0	1134
9685	1127	1	0	7	0	1135
9686	1124	0	0	4	0	1128
9687	3	1110	0	2	0	1115
9688	1133	1	0	5	0	1139
9689	1159	0	1	9	0	1169
9690	1	0	1	1173	0	1175
9691	2	0	1	1176	0	1179
9692	2	1	1215	3	0	1221
9693	0	1245	3	2	0	1250
9694	4	2	0	1179	0	1185
9695	0	1	1	1275	0	1277
9696	1260	0	1	13	0	1274
9697	4	0	1	1274	0	1279
9698	1323	0	2	8	0	1333
9699	9	0	1	1344	0	1354
9700	0	1360	2	9	0	1371
9701	1425	10	0	10	0	1445
9702	18	2	1	1651	0	1672
9703	8	1	1	1812	0	1822
9704	2	1	0	1881	0	1884
9705	4	1	1853	42	0	1900
9706	3	1	30	1899	0	1933
9707	1943	0	11	45	0	1999
9708	36	0	2	2074	0	2112
9709	12	0	1	2306	0	2319
9710	3	1	0	2295	0	2299
9711	2	2238	4	71	0	2315
9712	1	2335	2	20	0	2358
9713	2288	69	1	11	0	2369
9714	56	2330	1	3	0	2390
9715	2338	57	2	7	0	2404
9716	2366	23	0	4	0	2393
9717	2393	3	1	11	0	2408
9718	72	3	2317	5	0	2397
9719	23	2364	54	3	0	2444
9720	2351	57	18	11	0	2437
9721	61	19	3	2415	0	2498
9722	21	4	0	2483	0	2508
9723	7	3	2	2482	0	2494
9724	3	2393	1	76	0	2473
9725	8	51	0	2399	0	2458
9726	2368	20	1	63	0	2452
9727	57	16	0	2304	0	2377
9728	22	5	0	2388	0	2415
9729	5	3	2322	81	0	2411
9730	1	5	2385	28	0	2419
9731	7	2	73	2370	0	2452
9732	10	2	23	2425	0	2460
9733	4	2402	5	79	0	2490
9734	10	51	3	2424	0	2488
9735	7	21	0	2472	0	2500
9736	8	6	3	2485	0	2502
9737	2366	7	1	85	0	2459
9738	62	7	2439	29	0	2537
9739	25	6	55	2475	0	2561
9740	2499	5	20	65	0	2589
9741	2563	6	2	31	0	2602
9742	87	1	5	2510	0	2603
9743	30	7	3	2586	0	2626
9744	2514	6	1	85	0	2606
9745	61	2486	4	31	0	2582
9746	21	2488	5	14	0	2528
9747	11	71	4	2462	0	2548
9748	2490	27	4	69	0	2590
9749	2547	7	2	34	0	2590
9750	2546	6	3	19	0	2574
9751	82	8	2547	14	0	2651
9752	2456	4	57	25	0	2542
9753	65	8	2508	16	0	2597
9754	2443	6	57	16	0	2522
9755	59	2463	27	18	0	2567
9756	28	61	2455	16	0	2560
9757	11	37	55	2432	0	2535
9758	15	17	2415	66	0	2513
9759	13	9	57	2381	0	2460
9760	2358	2	22	82	0	2464
9761	63	8	2363	44	0	2478
9762	31	6	63	2363	0	2463
9763	13	2532	28	72	0	2645
9764	18	56	11	2642	0	2727
9765	14	29	7	2671	0	2721
9766	20	8	2	2687	0	2717
9767	2625	6	8	97	0	2736
9768	2674	11	1	51	0	2737
9769	91	4	8	2654	0	2757
9770	33	15	2606	75	0	2729
9771	16	14	2592	36	0	2658
9772	13	11	79	2640	0	2743
9773	22	12	2760	73	0	2867
9774	18	9	59	2786	0	2872
9775	23	8	27	2742	0	2800
9776	24	3	11	2846	0	2884
9777	11	2693	15	90	0	2809
9778	13	2753	15	37	0	2818
9779	20	75	8	2798	0	2901
9780	16	32	11	2844	0	2903
9781	20	9	9	2852	0	2890
9782	2727	8	10	101	0	2846
9783	71	10	2825	43	0	2949
9784	36	8	65	2852	0	2961
9785	2833	6	33	79	0	2951
9786	73	2875	13	44	0	3005
9787	37	63	11	2958	0	3069
9788	19	23	12	3016	0	3070
9789	8	13	11	2991	0	3023
9790	13	9	8	3002	0	3032
9791	13	7	2887	107	0	3014
9792	2730	8	61	45	0	2844
9793	2871	4	24	36	0	2935
9794	88	8	2821	26	0	2943
9795	2766	6	66	21	0	2859
9796	2870	4	37	20	0	2931
9797	91	9	2878	28	0	3006
9798	31	2918	61	26	0	3036
9799	25	79	25	2935	0	3064
9800	15	25	3086	63	0	3189
9801	14	2974	49	51	0	3088
9802	15	37	2785	23	0	2860
9803	9	2698	36	9	0	2752
9804	20	30	26	2613	0	2689
9805	5	16	2587	35	0	2643
9806	14	2	32	2536	0	2584
9807	13	7	2556	31	0	2607
9808	3	2479	31	18	0	2531
9809	2286	7	11	3	0	2307
9810	6	2292	3	2	0	2303
9811	2	2403	2	13	0	2420
9812	10	16	11	2408	0	2445
9813	1	1	1	2473	0	2476
9814	2	2	0	2462	0	2466
9815	1	0	0	2474	0	2475
9816	2	0	1	2491	0	2494
9817	3	6	2655	13	0	2677
9818	2	1	8	2660	0	2671
9819	1	1	2	2713	0	2717
9820	2725	0	1	23	0	2749
9821	2743	0	0	8	0	2751
9822	2769	3	1	7	0	2780
9823	15	1	2	2788	0	2806
9824	3067	3	0	24	0	3094
9825	3345	0	1	32	0	3378
9826	3444	0	0	12	0	3456
9827	23	5	3471	2	0	3501
9828	3353	1	16	11	0	3381
9829	3543	0	11	17	0	3571
9830	3553	1	0	10	0	3564
9831	28	0	1	3540	0	3569
9832	12	15	3548	18	0	3593
9833	2	1	15	3546	0	3564
9834	3649	2	10	20	0	3681
9835	20	1	0	3779	0	3800
9836	11	3967	1	15	0	3994
9837	5	16	2	4078	0	4101
9838	4039	11	1	27	0	4078
9839	4051	0	2	20	0	4073
9840	4033	1	5	11	0	4050
9841	32	7	4108	4	0	4151
9842	17	1	17	4070	0	4105
9843	10	1	12	4237	0	4260
9844	8	3	4215	32	0	4258
9845	2	4145	20	19	0	4186
9846	5	22	4248	7	0	4282
9847	9	10	17	4255	0	4291
9848	4247	2	13	22	0	4284
9849	21	5	4347	14	0	4387
9850	17	0	16	4335	0	4368
9851	4	4	4358	18	0	4384
9852	4261	0	17	19	0	4297
9853	24	8	12	4394	0	4438
9854	19	5	4637	19	0	4680
9855	3	1	20	4647	0	4671
9856	5	4	4683	24	0	4716
9857	5	4719	24	17	0	4765
9858	7	19	11	4777	0	4814
9859	4820	11	5	30	0	4866
9860	26	2	4	4858	0	4890
9861	22	0	2	4818	0	4842
9862	4782	0	3	44	0	4829
9863	20	4498	7	24	0	4549
9864	12	4645	5	12	0	4674
9865	8	30	5	4685	0	4728
9866	6	4717	6	21	0	4750
9867	9	18	3	4754	0	4784
9868	10	13	5	4751	0	4779
9869	4737	2	6	47	0	4792
9870	22	4707	4	28	0	4761
9871	26	21	4697	13	0	4757
9872	6	4831	19	10	0	4866
9873	4757	18	17	12	0	4804
9874	4815	16	7	19	0	4857
9875	45	3	3	4752	0	4803
9876	4809	4	6	33	0	4852
9877	32	6	6	4800	0	4844
9878	4789	2	2	29	0	4822
9879	4800	6	4	27	0	4837
9880	46	1	4	5002	0	5053
9881	5047	3	5	40	0	5095
9882	37	9	5073	23	0	5142
9883	4971	3	24	24	0	5022
9884	30	14	21	5066	0	5131
9885	5130	9	5	37	0	5181
9886	28	5267	11	29	0	5335
9887	36	25	5	5261	0	5327
9888	20	16	8	5301	0	5345
9889	5251	6	10	56	0	5323
9890	33	12	5266	29	0	5340
9891	29	5213	32	16	0	5290
9892	27	30	15	5321	0	5393
9893	13	5341	23	32	0	5409
9894	18	40	4	5454	0	5516
9895	17	16	11	5428	0	5472
9896	23	8	5	5480	0	5516
9897	5413	3	5	68	0	5489
9898	40	5	7	5335	0	5387
9899	5288	9	10	51	0	5358
9900	5188	5	13	48	0	5254
9901	54	4	6	5211	0	5275
9902	5204	7	8	50	0	5269
9903	5158	7	12	34	0	5211
9904	48	15	5186	22	0	5271
9905	28	10	29	5082	0	5149
9906	5225	9	17	49	0	5300
9907	30	5203	18	32	0	5283
9908	5316	29	10	30	0	5385
9909	5279	17	10	32	0	5338
9910	42	14	5158	23	0	5237
9911	34	4	24	5042	0	5104
9912	5560	7	23	62	0	5652
9913	41	10	10	5837	0	5898
9914	39	5	4	6228	0	6276
9915	26	8	5	6297	0	6336
9916	29	6	6	6770	0	6811
9917	6720	4	7	106	0	6837
9918	76	12	6936	44	0	7068
9919	54	21	65	7175	0	7315
9920	15	12	7632	75	0	7734
9921	17	14	7736	53	0	7820
9922	7672	5	150	35	0	7862
9923	115	8	8110	17	0	8250
9924	70	7822	110	17	0	8019
9925	7731	101	110	35	0	7977
9926	7802	64	12	29	0	7907
9927	172	13	6	7567	0	7758
9928	83	15	7732	103	0	7933
9929	20	13	7671	68	0	7772
9930	7904	6	171	42	0	8123
9931	130	8	76	8235	0	8449
9932	8310	9	16	124	0	8459
9933	125	8519	23	73	0	8740
9934	8643	116	6	32	0	8797
9935	8511	74	10	27	0	8622
9936	197	8349	19	18	0	8583
9937	96	118	11	8440	0	8665
9938	8402	71	12	135	0	8620
9939	132	25	8431	97	0	8685
9940	85	8483	138	22	0	8728
9941	39	127	80	8410	0	8656
9942	8421	75	21	146	0	8663
9943	136	8503	33	76	0	8748
9944	8658	125	13	45	0	8841
9945	166	86	8516	14	0	8782
9946	8405	23	143	37	0	8608
9947	156	20	8591	19	0	8786
9948	8403	12	140	30	0	8585
9949	8435	10	88	39	0	8572
9950	224	14	8392	24	0	8654
9951	108	8405	142	46	0	8701
9952	48	128	85	8342	0	8603
9953	50	85	8548	127	0	8810
9954	27	8379	154	102	0	8662
9955	47	131	94	8310	0	8582
9956	42	85	35	8504	0	8666
9957	44	29	8329	214	0	8616
9958	60	20	142	8213	0	8435
9959	52	12	111	8415	0	8590
9960	36	29	8325	232	0	8622
9961	51	32	154	8049	0	8286
9962	37	8287	131	152	0	8607
9963	8374	135	51	109	0	8669
9964	175	96	57	8187	0	8515
9965	123	8401	60	144	0	8728
9966	86	150	39	7959	0	8234
9967	70	8636	56	128	0	8890
9968	83	183	8517	88	0	8871
9969	71	8687	158	45	0	8961
9970	8611	153	126	56	0	8946
9971	8649	100	59	54	0	8862
9972	8846	41	55	50	0	8992
9973	265	34	8889	57	0	9245
9974	152	43	8823	45	0	9063
9975	78	9081	265	48	0	9472
9976	100	183	126	8630	0	9039
9977	76	9307	68	163	0	9614
9978	112	201	48	8292	0	8653
9979	75	9294	50	186	0	9605
9980	9300	197	49	130	0	9676
9981	9977	119	54	72	0	10222
9982	325	58	54	10038	0	10475
9983	183	56	9996	233	0	10468
9984	9724	45	221	177	0	10167
9985	234	10136	164	78	0	10612
9986	206	213	66	9919	0	10404
9987	116	154	56	9735	0	10061
9988	93	10099	75	275	0	10542
9989	10133	212	63	171	0	10579
9990	259	170	10064	66	0	10559
9991	215	61	221	9985	0	10482
9992	10048	59	161	217	0	10485
9993	10009	62	83	167	0	10321
9994	347	10040	74	82	0	10543
9995	205	226	67	9676	0	10174
9996	80	10163	73	221	0	10537
9997	10304	242	64	188	0	10798
9998	241	172	10263	101	0	10777
9999	189	91	10354	75	0	10709
10000	92	67	339	10272	0	10770
10001	97	55	187	10194	0	10533
10002	78	10296	105	344	0	10823
10003	83	233	72	10434	0	10822
10004	81	187	10226	261	0	10755
10005	10097	84	222	211	0	10614
10006	247	81	172	10359	0	10859
10007	183	91	10318	247	0	10839
10008	115	75	229	10375	0	10794
10009	89	79	172	10166	0	10506
10010	62	10484	89	361	0	10996
10011	92	245	54	10469	0	10860
10012	96	176	59	10115	0	10446
10013	120	82	52	9970	0	10224
10014	9239	55	57	362	0	9713
10015	240	9105	64	193	0	9602
10016	166	8900	56	110	0	9232
10017	8514	257	54	75	0	8900
10018	8100	136	45	52	0	8333
10019	240	7809	48	59	0	8156
10020	103	7453	41	41	0	7638
10021	6850	159	31	56	0	7096
10022	122	6874	19	41	0	7056
10023	76	6980	25	44	0	7125
10024	6865	173	45	47	0	7130
10025	123	6958	27	31	0	7139
10026	6930	141	20	36	0	7127
10027	6906	77	22	50	0	7055
10028	6872	47	22	36	0	6977
10029	184	6858	35	39	0	7116
10030	90	6837	21	31	0	6979
10031	64	179	12	6539	0	6794
10032	37	6709	21	142	0	6909
10033	50	149	17	6805	0	7021
10034	6868	93	21	162	0	7144
10035	157	45	17	6791	0	7010
10036	106	6679	33	157	0	6975
10037	6547	131	18	128	0	6824
10038	143	6561	26	59	0	6789
10039	99	6752	17	46	0	6914
10040	64	248	15	6400	0	6727
10041	32	6617	31	134	0	6814
10042	6513	138	21	99	0	6771
10043	133	103	6424	49	0	6709
10044	100	6356	136	37	0	6629
10045	51	133	82	6406	0	6672
10046	33	102	6379	153	0	6667
10047	47	40	124	6356	0	6567
10048	52	37	81	6466	0	6636
10049	48	35	32	6548	0	6663
10050	45	32	27	6457	0	6561
10051	46	43	6226	230	0	6545
10052	39	6172	134	140	0	6485
10053	6133	136	87	72	0	6428
10054	141	104	6070	61	0	6376
10055	6045	45	132	56	0	6278
10056	155	48	6246	51	0	6500
10057	111	46	140	6130	0	6427
10058	56	34	6190	179	0	6459
10059	31	46	6327	108	0	6512
10060	57	44	206	6186	0	6493
10061	49	42	96	6199	0	6386
10062	40	51	36	6430	0	6557
10063	47	44	29	6422	0	6542
10064	6262	37	30	242	0	6571
10065	155	48	6304	135	0	6642
10066	6356	46	131	79	0	6612
10067	6375	39	93	73	0	6580
10068	6410	44	40	60	0	6554
10069	6408	42	25	58	0	6533
10070	6414	47	19	60	0	6540
10071	257	49	13	6179	0	6498
10072	134	45	5960	160	0	6299
10073	77	36	5774	94	0	5981
10074	58	5854	171	57	0	6140
10075	5604	136	89	62	0	5891
10076	136	129	28	5500	0	5793
10077	99	75	37	5389	0	5600
10078	47	5391	16	175	0	5629
10079	37	5428	15	103	0	5583
10080	38	5323	18	48	0	5427
10081	4567	132	25	46	0	4770
10082	87	71	17	4237	0	4412
10083	52	4258	12	91	0	4413
10084	25	93	6	4302	0	4426
10085	30	59	4196	91	0	4376
10086	33	33	4413	52	0	4531
10087	38	13	104	4756	0	4911
10088	4903	27	41	104	0	5075
10089	5193	27	18	67	0	5305
10090	5257	27	12	34	0	5330
10091	174	35	5241	33	0	5483
10092	89	32	108	5196	0	5425
10093	45	24	62	5403	0	5534
10094	42	31	5166	171	0	5410
10095	4836	32	120	90	0	5078
10096	126	32	5216	48	0	5422
10097	62	24	5078	32	0	5196
10098	34	25	5231	35	0	5325
10099	34	14	141	5023	0	5212
10100	29	13	67	5162	0	5271
10101	21	16	5270	151	0	5458
10102	26	15	113	5309	0	5463
10103	5327	7	72	126	0	5532
10104	104	12	32	5440	0	5588
10105	67	26	5465	124	0	5682
10106	33	14	5715	90	0	5852
10107	37	9	162	5594	0	5802
10108	5942	11	75	134	0	6162
10109	143	6118	38	79	0	6378
10110	6264	136	35	47	0	6482
10111	6388	72	29	42	0	6531
10112	224	27	6422	31	0	6704
10113	118	17	156	6399	0	6690
10114	6473	15	96	192	0	6776
10115	6422	8	57	107	0	6594
10116	207	6474	44	63	0	6788
10117	112	131	38	6518	0	6799
10118	62	65	34	6711	0	6872
10119	34	30	6555	227	0	6846
10120	50	13	147	6559	0	6769
10121	40	17	6555	187	0	6799
10122	46	12	6565	105	0	6728
10123	53	7	204	6344	0	6608
10124	6355	7	106	156	0	6624
10125	163	6197	58	107	0	6525
10126	6231	127	38	43	0	6439
10127	6218	67	30	52	0	6367
10128	215	6136	43	44	0	6438
10129	103	125	30	5752	0	6010
10130	5774	67	21	126	0	5988
10131	159	5803	33	64	0	6059
10132	5714	120	23	49	0	5906
10133	133	5600	26	47	0	5806
10134	88	107	13	5412	0	5620
10135	56	56	18	5513	0	5643
10136	5402	33	20	153	0	5608
10137	5354	23	12	92	0	5481
10138	151	5408	20	63	0	5642
10139	82	94	5309	36	0	5521
10140	54	53	5314	47	0	5468
10141	40	31	149	5131	0	5351
10142	27	5366	102	94	0	5589
10143	33	91	60	5419	0	5603
10144	32	51	43	5424	0	5550
10145	33	30	32	5468	0	5563
10146	40	26	5311	169	0	5546
10147	44	22	5295	88	0	5449
10148	40	5374	142	53	0	5609
10149	38	103	92	5338	0	5571
10150	62	49	46	5579	0	5736
10151	43	61	5468	153	0	5725
10152	4907	26	113	114	0	5160
10153	136	30	62	5571	0	5799
10154	79	24	5600	128	0	5831
10155	5265	15	115	114	0	5509
10156	128	5512	76	66	0	5782
10157	85	99	5656	58	0	5898
10158	63	66	120	5616	0	5865
10159	5573	45	77	142	0	5837
10160	115	30	5800	87	0	6032
10161	82	21	131	5754	0	5988
10162	59	27	78	6018	0	6182
10163	44	24	59	6298	0	6425
10164	6245	16	43	218	0	6522
10165	139	6039	38	140	0	6356
10166	89	130	38	6170	0	6427
10167	59	78	6240	161	0	6538
10168	57	51	134	6056	0	6298
10169	45	6075	85	165	0	6370
10170	40	6396	56	125	0	6617
10171	6359	176	39	98	0	6672
10172	6392	80	40	72	0	6584
10173	197	54	6269	66	0	6586
10174	6226	34	150	49	0	6459
10175	176	6287	87	42	0	6592
10176	6396	145	45	69	0	6655
10177	177	78	42	6343	0	6640
10178	104	65	6460	156	0	6785
10179	91	50	131	6476	0	6748
10180	61	49	6527	166	0	6803
10181	6351	30	170	122	0	6673
10182	154	33	93	6629	0	6909
10183	86	6733	65	169	0	7053
10184	76	190	31	6779	0	7076
10185	65	93	6695	187	0	7040
10186	41	6488	132	136	0	6797
10187	6048	116	70	79	0	6313
10188	102	5911	49	68	0	6130
10189	46	5787	41	42	0	5916
10190	48	148	46	5554	0	5796
10191	35	5628	29	120	0	5812
10192	47	119	20	5721	0	5907
10193	26	61	5648	127	0	5862
10194	5213	35	103	78	0	5429
10195	5636	33	49	50	0	5768
10196	146	36	5606	36	0	5824
10197	5401	20	103	42	0	5566
10198	113	5443	63	35	0	5654
10199	5472	98	40	37	0	5647
10200	120	50	29	5356	0	5555
10201	75	36	5377	109	0	5597
10202	39	5503	107	59	0	5708
10203	34	105	53	5487	0	5679
10204	35	48	31	5533	0	5647
10205	5302	22	31	153	0	5508
10206	5046	27	19	74	0	5166
10207	110	5021	18	37	0	5186
10208	36	4671	13	23	0	4743
10209	26	4585	14	17	0	4642
10210	61	54	16	4344	0	4475
10211	4306	24	19	47	0	4396
10212	4239	9	5	24	0	4277
10213	48	11	4	4211	0	4274
10214	26	8	6	4210	0	4250
10215	4183	8	2	62	0	4255
10216	43	16	7	4254	0	4320
10217	15	17	4254	45	0	4331
10218	4178	8	38	30	0	4254
10219	4279	9	13	20	0	4321
10220	54	17	4297	14	0	4382
10221	4372	10	35	20	0	4437
10222	49	8	15	4500	0	4572
10223	26	10	10	4525	0	4571
10224	18	11	13	4557	0	4599
10225	4427	12	11	57	0	4507
10226	39	4539	10	34	0	4622
10227	29	40	11	4570	0	4650
10228	15	4489	12	49	0	4565
10229	4499	37	10	35	0	4581
10230	54	28	9	4514	0	4605
10231	29	9	14	4633	0	4685
10232	22	4597	15	56	0	4690
10233	18	44	4505	26	0	4593
10234	32	14	42	4586	0	4674
10235	4641	13	17	55	0	4726
10236	5163	20	14	34	0	5231
10237	94	23	5299	23	0	5439
10238	47	15	74	5307	0	5443
10239	21	5445	40	82	0	5588
10240	21	88	11	5582	0	5702
10241	5561	46	14	91	0	5712
10242	5584	13	8	64	0	5669
10243	127	17	12	5497	0	5653
10244	55	5495	10	92	0	5652
10245	5880	85	10	53	0	6028
10246	108	48	14	5980	0	6150
10247	6032	21	7	118	0	6178
10248	6295	20	8	89	0	6412
10249	158	18	6	6314	0	6496
10250	85	2	4	6351	0	6442
10251	35	10	13	6408	0	6466
10252	21	6352	12	156	0	6541
10253	27	94	6	6437	0	6564
10254	33	56	10	6401	0	6500
10255	25	16	6179	150	0	6370
10256	16	23	6084	68	0	6191
10257	31	12	135	6065	0	6243
10258	6013	15	53	112	0	6193
10259	91	6039	24	77	0	6231
10260	5871	102	13	41	0	6027
10261	110	58	5912	25	0	6105
10262	57	23	5567	32	0	5679
10263	21	5606	133	22	0	5782
10264	28	84	93	5462	0	5667
10265	9	50	5473	75	0	5607
10266	11	17	5567	51	0	5646
10267	18	18	104	5423	0	5563
10268	5456	4	46	94	0	5600
10269	5485	7	10	55	0	5557
10270	120	1	7	5371	0	5499
10271	53	17	5851	89	0	6010
10272	24	6	68	6034	0	6132
10273	23	5	44	5866	0	5938
10274	7	6023	20	109	0	6159
10275	6051	69	15	55	0	6190
10276	6023	50	9	38	0	6120
10277	110	6123	11	19	0	6263
10278	58	94	6	5814	0	5972
10279	19	6000	15	85	0	6119
10280	5971	78	14	60	0	6123
10281	82	56	5884	20	0	6042
10282	64	18	5643	17	0	5742
10283	23	19	5740	15	0	5797
10284	25	11	116	5713	0	5865
10285	16	7	60	5774	0	5857
10286	5714	5	15	137	0	5871
10287	85	9	12	5744	0	5850
10288	65	9	10	5844	0	5928
10289	25	15	6051	128	0	6219
10290	22	17	5853	66	0	5958
10291	5792	9	116	37	0	5954
10292	74	5956	61	30	0	6121
10293	6080	75	23	34	0	6212
10294	97	51	16	6065	0	6229
10295	70	10	14	6065	0	6159
10296	27	6022	19	127	0	6195
10297	26	84	12	6087	0	6209
10298	6011	54	13	107	0	6185
10299	90	19	11	6075	0	6195
10300	68	26	6096	85	0	6275
10301	30	5946	84	72	0	6132
10302	5852	72	56	55	0	6035
10303	5954	49	28	35	0	6066
10304	5968	20	23	45	0	6056
10305	5990	10	10	50	0	6060
10306	144	17	13	5873	0	6047
10307	85	14	15	5959	0	6073
10308	40	24	5927	137	0	6128
10309	34	9	81	5954	0	6078
10310	29	27	5941	106	0	6103
10311	22	18	82	5966	0	6088
10312	5902	11	50	132	0	6095
10313	90	6122	30	82	0	6324
10314	75	80	21	6199	0	6375
10315	31	61	14	6345	0	6451
10316	6156	19	20	150	0	6345
10317	6143	17	19	92	0	6271
10318	145	32	6109	37	0	6323
10319	64	6167	90	51	0	6372
10320	36	79	66	6104	0	6285
10321	32	59	26	6135	0	6252
10322	6017	18	26	153	0	6214
10323	6012	14	26	95	0	6147
10324	143	22	6054	42	0	6261
10325	79	24	5986	29	0	6118
10326	29	12	134	5910	0	6085
10327	34	10	68	6050	0	6162
10328	26	27	5960	134	0	6147
10329	5732	11	95	91	0	5929
10330	122	10	67	5977	0	6176
10331	5941	12	27	120	0	6100
10332	95	5818	26	87	0	6026
10333	5976	90	17	51	0	6134
10334	112	73	6440	38	0	6663
10335	77	6323	84	41	0	6525
10336	25	5913	47	25	0	6010
10337	5631	86	73	25	0	5815
10338	5561	38	15	30	0	5644
10339	98	10	7	5521	0	5636
10340	42	5560	14	51	0	5667
10341	15	5731	12	46	0	5804
10342	20	73	7	5871	0	5971
10343	5910	42	7	72	0	6031
10344	6100	12	9	71	0	6192
10345	73	13	5715	15	0	5816
10346	5577	10	50	17	0	5654
10347	46	6217	34	17	0	6314
10348	6461	62	4	18	0	6545
10349	98	7700	14	9	0	7821
10350	46	8185	12	11	0	8254
10351	24	241	6	8831	0	9102
10352	9286	103	10	218	0	9617
10353	9577	23	6	131	0	9737
10354	350	23	9320	34	0	9727
10355	160	9	219	9344	0	9732
10356	9451	6	119	246	0	9822
10357	260	7	30	9528	0	9825
10358	9610	6	23	262	0	9901
10359	9690	9	8	147	0	9854
10360	360	16	9533	44	0	9953
10361	168	10	225	9432	0	9835
10362	76	13	115	9665	0	9869
10363	43	11	35	9814	0	9903
10364	23	16	9419	376	0	9834
10365	40	11	228	9499	0	9778
10366	39	9	120	9187	0	9355
10367	25	9293	43	348	0	9709
10368	44	230	9194	155	0	9623
10369	27	9423	235	67	0	9752
10370	9352	258	118	51	0	9779
10371	260	139	36	8775	0	9210
10372	158	46	27	8543	0	8774
10373	59	8703	33	375	0	9170
10374	8711	229	12	175	0	9127
10375	8858	129	22	80	0	9089
10376	369	8656	39	49	0	9113
10377	174	8842	42	48	0	9106
10378	8745	339	19	41	0	9144
10379	273	160	8661	43	0	9137
10380	163	65	8706	39	0	8973
10381	8472	40	336	53	0	8901
10382	261	8680	154	51	0	9146
10383	8753	246	60	55	0	9114
10384	279	145	8668	50	0	9142
10385	8721	54	230	54	0	9059
10386	289	8904	141	59	0	9393
10387	195	236	55	8968	0	9454
10388	97	136	38	9123	0	9394
10389	96	55	29	8784	0	8964
10390	88	37	28	8922	0	9075
10391	88	35	30	8657	0	8810
10392	68	8547	38	408	0	9061
10393	8507	242	35	216	0	9000
10394	275	143	8489	108	0	9015
10395	168	56	244	8602	0	9070
10396	78	53	8638	293	0	9062
10397	72	38	280	8680	0	9070
10398	63	39	152	8825	0	9079
10399	8554	41	67	412	0	9074
10400	276	51	8513	199	0	9039
10401	169	8458	277	106	0	9010
10402	94	269	150	8473	0	8986
10403	95	157	61	8781	0	9094
10404	74	78	8598	385	0	9135
10405	88	62	249	8659	0	9058
10406	75	48	140	8890	0	9153
10407	8458	48	64	417	0	8987
10408	262	8538	46	215	0	9061
10409	8637	270	30	119	0	9056
10410	8789	166	30	99	0	9084
10411	419	71	51	8536	0	9077
10412	215	75	8419	276	0	8985
10413	110	59	8471	170	0	8810
10414	97	53	349	8214	0	8713
10415	91	40	179	8095	0	8405
10416	79	8223	95	364	0	8761
10417	8205	248	65	203	0	8721
10418	285	8166	55	125	0	8631
10419	174	8343	52	115	0	8684
10420	8211	367	54	107	0	8739
10421	309	170	46	8123	0	8648
10422	173	8440	49	324	0	8986
10423	95	268	44	8595	0	9002
10424	57	147	8363	356	0	8923
10425	61	84	8478	225	0	8848
10426	78	54	362	8484	0	8978
10427	55	56	8636	325	0	9072
10428	93	43	292	8558	0	8986
10429	78	49	175	8681	0	8983
10430	78	45	79	8865	0	9067
10431	8402	39	72	444	0	8957
10432	259	8221	65	247	0	8792
10433	142	8555	76	123	0	8896
10434	7836	339	43	119	0	8337
10435	8004	165	38	94	0	8301
10436	370	86	43	7812	0	8311
10437	176	78	7821	292	0	8367
10438	110	52	241	7938	0	8341
10439	89	70	7919	299	0	8377
10440	67	7800	293	198	0	8358
10441	95	241	150	7771	0	8257
10442	7648	141	66	292	0	8147
10443	296	65	69	7678	0	8108
10444	153	57	7324	267	0	7801
10445	7078	32	259	199	0	7568
10446	256	49	7349	95	0	7749
10447	185	45	6789	100	0	7119
10448	61	6369	270	67	0	6767
10449	30	5073	77	44	0	5224
10450	18	4789	70	30	0	4907
10451	3720	86	131	66	0	4003
10452	3459	7	7	27	0	3500
10453	21	5	1	3451	0	3478
10454	5	3	1	3499	0	3508
10455	4	0	5	3535	0	3544
10456	4	3555	13	15	0	3587
10457	3560	11	2	17	0	3590
10458	13	3516	6	15	0	3550
10459	7	12	2	3550	0	3571
10460	3446	8	1	28	0	3483
10461	15	1	2	3495	0	3513
10462	9	2	1	3573	0	3585
10463	3544	1	2	35	0	3582
10464	3489	3	2	24	0	3518
10465	21	9	3513	2	0	3545
10466	10	6	3466	4	0	3486
10467	8	6	3499	1	0	3514
10468	10	2	21	3494	0	3527
10469	1	4	9	3570	0	3584
10470	1	3571	8	21	0	3601
10471	3664	16	3	24	0	3707
10472	21	10	3	3738	0	3772
10473	15	2	2	3781	0	3800
10474	5	3780	6	29	0	3820
10475	8	3972	10	21	0	4011
10476	3	30	6	4079	0	4118
10477	7	14	2	4600	0	4623
10478	4615	5	5	65	0	4690
10479	4595	5	3	44	0	4647
10480	69	5	0	4600	0	4674
10481	27	11	4603	52	0	4693
10482	13	10	4441	31	0	4495
10483	16	2	71	4526	0	4615
10484	8	2	26	4476	0	4512
10485	3	4434	10	82	0	4529
10486	4285	48	6	44	0	4383
10487	53	24	5	4313	0	4395
10488	31	13	4302	54	0	4400
10489	15	4	46	4374	0	4439
10490	12	13	4312	54	0	4391
10491	11	5	4361	37	0	4414
10492	9	16	77	4376	0	4478
10493	4352	7	29	83	0	4471
10494	54	15	4325	36	0	4430
10495	29	7	52	4272	0	4360
10496	11	9	4656	58	0	4734
10497	14	3	54	4648	0	4719
10498	20	3	29	4689	0	4741
10499	5	5	4622	87	0	4719
10500	9	14	4583	37	0	4643
10501	18	2	77	4375	0	4472
10502	14	4	33	4669	0	4720
10503	20	6	10	4716	0	4752
10504	14	5	9	4699	0	4727
10505	4616	5	8	93	0	4722
10506	4654	7	16	48	0	4725
10507	75	4620	16	21	0	4732
10508	4662	50	12	28	0	4752
10509	58	28	7	4713	0	4806
10510	4715	5	21	78	0	4819
10511	58	11	4755	38	0	4862
10512	4827	4	59	26	0	4916
10513	59	3	39	5062	0	5163
10514	46	4	15	5240	0	5305
10515	5162	4	14	117	0	5297
10516	76	2	16	5750	0	5844
10517	50	13	5829	104	0	5996
10518	5701	7	102	74	0	5884
10519	103	5900	67	26	0	6096
10520	67	94	23	6096	0	6280
10521	16	52	6519	127	0	6714
10522	26	8	118	6395	0	6547
10523	19	11	6463	141	0	6634
10524	24	9	128	6473	0	6634
10525	14	6463	78	142	0	6697
10526	25	116	17	6469	0	6627
10527	15	6642	19	152	0	6828
10528	25	147	16	6382	0	6570
10529	28	66	17	6972	0	7083
10530	33	14	9	7050	0	7106
10531	32	15	16	7081	0	7144
10532	30	7	17	7075	0	7129
10533	16	22	6787	243	0	7068
10534	22	7	157	6882	0	7068
10535	31	6	81	6992	0	7110
10536	6872	6	23	246	0	7147
10537	148	6820	32	108	0	7108
10538	6913	146	17	50	0	7126
10539	174	85	10	6876	0	7145
10540	100	58	6754	186	0	7098
10541	25	6806	159	122	0	7112
10542	6735	151	96	59	0	7041
10543	165	6808	36	34	0	7043
10544	86	6950	22	42	0	7100
10545	6833	233	24	43	0	7133
10546	176	87	18	7259	0	7540
10547	7265	21	19	217	0	7522
10548	212	17	17	7086	0	7332
10549	102	25	7109	212	0	7448
10550	32	20	7101	126	0	7279
10551	6846	17	276	72	0	7211
10552	7215	11	114	59	0	7399
10553	273	14	28	6979	0	7294
10554	116	19	23	7126	0	7284
10555	6752	17	24	294	0	7087
10556	173	6748	21	144	0	7086
10557	99	6993	33	86	0	7211
10558	6895	253	12	56	0	7216
10559	7002	103	24	49	0	7178
10560	266	6901	29	46	0	7242
10561	121	187	22	6877	0	7207
10562	47	102	6794	195	0	7138
10563	32	40	6829	111	0	7012
10564	6597	16	256	69	0	6938
10565	193	24	6832	47	0	7096
10566	120	22	182	6634	0	6958
10567	56	19	96	6609	0	6780
10568	29	6657	44	277	0	7007
10569	6618	177	36	124	0	6955
10570	214	92	20	6631	0	6957
10571	127	30	6496	208	0	6861
10572	39	6505	182	127	0	6853
10573	53	183	97	6451	0	6784
10574	36	105	6398	193	0	6732
10575	38	44	6302	110	0	6494
10576	38	6075	245	50	0	6408
10577	5528	154	87	46	0	5815
10578	144	5650	38	31	0	5863
10579	5654	155	24	34	0	5867
10580	160	92	5528	31	0	5811
10581	5432	22	146	34	0	5634
10582	153	5522	86	46	0	5807
10583	103	138	30	5539	0	5810
10584	44	80	21	5712	0	5857
10585	5598	31	25	220	0	5874
10586	160	25	5586	104	0	5875
10587	5523	17	144	59	0	5743
10588	5651	20	78	50	0	5799
10589	212	39	5434	38	0	5723
10590	101	28	5637	43	0	5809
10591	44	19	205	5513	0	5781
10592	5592	21	93	178	0	5884
10593	5680	26	39	100	0	5845
10594	201	5796	39	68	0	6104
10595	111	142	21	5929	0	6203
10596	48	92	20	5720	0	5880
10597	55	23	26	5879	0	5983
10598	51	19	24	5932	0	6026
10599	5733	21	28	239	0	6021
10600	189	25	21	5757	0	5992
10601	89	30	5628	184	0	5931
10602	44	27	5605	102	0	5778
10603	5392	22	214	55	0	5683
10604	179	5516	98	33	0	5826
10605	100	5712	42	51	0	5905
10606	56	215	27	5666	0	5964
10607	53	88	28	5845	0	6014
10608	48	37	35	5838	0	5958
10609	46	30	26	5931	0	6033
10610	45	33	5721	224	0	6023
10611	61	18	148	5613	0	5840
10612	66	24	79	5648	0	5817
10613	35	22	5295	215	0	5567
10614	4912	12	149	111	0	5184
10615	149	5134	87	46	0	5416
10616	4641	108	38	39	0	4826
10617	122	63	4548	32	0	4765
10618	68	21	4541	27	0	4657
10619	22	4502	146	37	0	4707
10620	4213	134	215	44	0	4606
10621	3976	42	36	15	0	4069
10622	3994	13	28	24	0	4059
10623	108	3854	22	18	0	4002
10624	3777	61	9	25	0	3872
10625	79	48	3863	14	0	4004
10626	49	3876	69	11	0	4005
10627	3744	68	48	21	0	3881
10628	70	3817	18	15	0	3920
10629	3693	58	22	16	0	3789
10630	3655	30	13	21	0	3719
10631	82	22	3655	12	0	3771
10632	43	3643	52	16	0	3754
10633	3554	51	37	16	0	3658
10634	61	28	3578	12	0	3679
10635	30	3607	53	12	0	3702
10636	30	53	26	3527	0	3636
10637	15	33	3501	44	0	3593
10638	15	13	3447	29	0	3504
10639	12	10	60	3475	0	3557
10640	3480	4	26	59	0	3569
10641	38	3460	17	42	0	3557
10642	24	48	3454	12	0	3538
10643	9	24	3429	18	0	3480
10644	3233	8	52	13	0	3306
10645	40	3404	23	14	0	3481
10646	3042	18	4	9	0	3073
10647	16	3035	5	1	0	3057
10648	3098	18	4	12	0	3132
10649	2993	8	5	8	0	3014
10650	23	2974	12	1	0	3010
10651	14	19	1	2987	0	3021
10652	3144	10	2	28	0	3184
10653	27	5	1	3168	0	3201
10654	19	3	3	3293	0	3318
10655	3292	3	8	39	0	3342
10656	24	3300	8	14	0	3346
10657	3338	23	3	12	0	3376
10658	30	14	3303	7	0	3354
10659	21	9	24	3337	0	3391
10660	15	4	9	3312	0	3340
10661	3301	4	13	44	0	3362
10662	3315	4	5	23	0	3347
10663	33	5	2	3322	0	3362
10664	20	10	3366	26	0	3422
10665	17	5	27	3334	0	3383
10666	9	6	12	3410	0	3437
10667	11	3	10	3417	0	3441
10668	11	2	10	3415	0	3438
10669	3350	9	5	47	0	3411
10670	32	9	3403	15	0	3459
10671	18	3400	26	9	0	3453
10672	14	24	13	3390	0	3441
10673	15	14	5	3532	0	3566
10674	9	12	3507	38	0	3566
10675	11	14	3439	26	0	3490
10676	17	5	39	3551	0	3612
10677	13	6	15	3597	0	3631
10678	13	16	3533	44	0	3606
10679	16	5	31	3519	0	3571
10680	3571	10	19	42	0	3642
10681	42	3665	11	33	0	3751
10682	28	37	3678	15	0	3758
10683	14	3690	35	16	0	3755
10684	20	32	19	3697	0	3768
10685	20	20	3705	35	0	3780
10686	14	3681	33	36	0	3764
10687	18	29	22	3754	0	3823
10688	12	27	3801	42	0	3882
10689	12	9	36	3794	0	3851
10690	13	3	25	3740	0	3781
10691	3717	5	9	60	0	3791
10692	49	4	6	3751	0	3810
10693	3734	5	9	59	0	3807
10694	3446	4	15	38	0	3503
10695	3422	6	9	35	0	3472
10696	64	1	8	3437	0	3510
10697	30	14	3328	47	0	3419
10698	22	5	3335	30	0	3392
10699	3353	3	57	26	0	3439
10700	39	9	3520	18	0	3586
10701	3420	4	39	26	0	3489
10702	37	3474	33	25	0	3569
10703	3575	35	13	17	0	3640
10704	47	25	3653	15	0	3740
10705	26	12	3803	15	0	3856
10706	12	12	73	3931	0	4028
10707	9	15	4106	60	0	4190
10708	15	6	4188	35	0	4244
10709	16	8	90	4406	0	4520
10710	16	4	44	4638	0	4702
10711	13	7	14	4705	0	4739
10712	7	4685	12	136	0	4840
10713	19	79	11	4528	0	4637
10714	8	4823	11	87	0	4929
10715	4816	84	12	65	0	4977
10716	4969	45	16	30	0	5060
10717	129	14	13	4767	0	4923
10718	50	4812	16	105	0	4983
10719	22	89	4842	48	0	5001
10720	4857	39	89	27	0	5012
10721	98	8	54	4889	0	5049
10722	57	7	20	4912	0	4996
10723	30	7	13	5003	0	5053
10724	4869	4	13	141	0	5027
10725	92	4636	23	67	0	4818
10726	53	4767	15	30	0	4865
10727	4627	115	18	22	0	4782
10728	94	4656	23	15	0	4788
10729	4706	90	14	32	0	4842
10730	4734	48	21	32	0	4835
10731	130	4660	21	26	0	4837
10732	74	87	22	4602	0	4785
10733	21	4718	34	90	0	4863
10734	22	87	15	4696	0	4820
10735	26	56	14	4907	0	5003
10736	4893	21	20	160	0	5094
10737	5028	14	24	86	0	5152
10738	171	17	18	4966	0	5172
10739	79	17	4862	128	0	5086
10740	4734	13	115	96	0	4958
10741	120	4784	76	46	0	5026
10742	85	108	27	4837	0	5057
10743	40	75	19	4916	0	5050
10744	27	33	22	4952	0	5034
10745	4708	16	12	200	0	4936
10746	4722	20	14	115	0	4871
10747	166	4552	23	57	0	4798
10748	89	4643	23	34	0	4789
10749	56	156	12	4596	0	4820
10750	38	87	15	4696	0	4836
10751	35	33	4619	182	0	4869
10752	45	17	103	4545	0	4710
10753	33	25	4483	137	0	4678
10754	38	32	4293	87	0	4450
10755	32	4218	151	58	0	4459
10756	44	112	73	4234	0	4463
10757	4276	72	15	136	0	4499
10758	133	28	12	4231	0	4404
10759	80	32	4191	127	0	4430
10760	4111	38	95	89	0	4333
10761	4231	23	71	40	0	4365
10762	180	35	4098	32	0	4345
10763	100	23	89	4249	0	4461
10764	4184	18	65	130	0	4397
10765	132	4240	22	92	0	4486
10766	4307	110	17	59	0	4493
10767	4406	76	25	55	0	4562
10768	185	36	10	4323	0	4554
10769	117	21	17	4431	0	4586
10770	4379	25	15	196	0	4615
10771	138	25	16	4455	0	4634
10772	96	26	4337	150	0	4609
10773	4151	38	109	89	0	4387
10774	4255	16	65	66	0	4402
10775	169	4145	34	49	0	4397
10776	86	4256	24	54	0	4420
10777	49	162	14	4105	0	4330
10778	37	4273	18	134	0	4462
10779	50	120	35	4298	0	4503
10780	4214	68	18	157	0	4457
10781	4216	34	16	103	0	4369
10782	182	4089	32	46	0	4349
10783	4106	120	23	43	0	4292
10784	132	4184	27	43	0	4386
10785	4212	119	26	44	0	4401
10786	4259	67	13	55	0	4394
10787	171	32	4076	44	0	4323
10788	4050	13	105	43	0	4211
10789	142	3998	67	40	0	4247
10790	80	4139	41	45	0	4305
10791	4116	154	28	39	0	4337
10792	138	81	8	4102	0	4329
10793	105	30	4141	126	0	4402
10794	66	21	105	4195	0	4387
10795	43	31	68	4310	0	4452
10796	54	21	4119	187	0	4381
10797	3920	27	103	105	0	4155
10798	151	4004	71	49	0	4275
10799	3987	114	29	52	0	4182
10800	160	76	14	3785	0	4035
10801	3807	37	16	125	0	3985
10802	150	3736	20	92	0	3998
10803	119	126	16	3697	0	3958
10804	3638	64	34	113	0	3849
10805	128	28	3359	86	0	3601
10806	81	28	3092	37	0	3238
10807	2867	48	112	26	0	3053
10808	102	2913	49	27	0	3091
10809	56	2524	18	17	0	2615
10810	38	117	31	2317	0	2503
10811	25	2386	15	72	0	2498
10812	24	79	12	2370	0	2485
10813	29	39	18	2496	0	2582
10814	34	14	14	2479	0	2541
10815	23	2382	21	88	0	2514
10816	39	55	9	2298	0	2401
10817	25	41	2250	64	0	2380
10818	29	2199	48	45	0	2321
10819	25	53	36	2076	0	2190
10820	23	2151	14	64	0	2252
10821	2146	56	12	37	0	2251
10822	2174	32	19	25	0	2250
10823	2201	17	21	19	0	2258
10824	90	2176	16	16	0	2298
10825	52	66	7	2195	0	2320
10826	20	50	2156	53	0	2279
10827	30	22	2145	41	0	2238
10828	2060	32	76	24	0	2192
10829	2069	26	43	32	0	2170
10830	66	13	10	2202	0	2291
10831	50	19	3	2286	0	2358
10832	24	33	2243	85	0	2385
10833	20	2187	60	72	0	2339
10834	28	2219	45	25	0	2317
10835	20	65	2006	16	0	2107
10836	12	35	35	1916	0	1998
10837	24	21	22	1762	0	1829
10838	26	13	8	1945	0	1992
10839	26	12	6	1951	0	1995
10840	1914	13	9	50	0	1986
10841	45	16	1857	29	0	1947
10842	1872	10	30	26	0	1938
10843	41	15	34	1863	0	1953
10844	1884	7	15	39	0	1945
10845	43	14	7	1896	0	1960
10846	35	10	1884	32	0	1961
10847	16	10	32	1915	0	1973
10848	12	12	1921	47	0	1992
10849	22	7	38	1881	0	1948
10850	6	15	1992	46	0	2059
10851	17	2033	31	26	0	2107
10852	12	25	30	2026	0	2093
10853	13	24	10	2033	0	2080
10854	15	2079	6	53	0	2153
10855	2155	31	8	39	0	2233
10856	39	27	8	2159	0	2233
10857	42	9	7	2145	0	2203
10858	2146	11	17	57	0	2231
10859	2164	5	7	32	0	2208
10860	2214	5	7	20	0	2246
10861	2208	6	11	20	0	2245
10862	61	12	2105	8	0	2186
10863	2049	6	29	14	0	2098
10864	2122	6	27	13	0	2168
10865	54	7	6	2057	0	2124
10866	28	3	9	2066	0	2106
10867	1977	7	6	51	0	2041
10868	27	1945	7	36	0	2015
10869	24	37	4	1912	0	1977
10870	9	22	1991	31	0	2053
10871	1	1988	25	27	0	2041
10872	2004	19	25	19	0	2067
10873	2030	21	5	11	0	2067
10874	2006	3	2	21	0	2032
10875	2032	5	6	11	0	2054
10876	43	3	3	1972	0	2021
10877	23	6	1950	32	0	2011
10878	5	9	2027	27	0	2068
10879	8	5	44	2134	0	2191
10880	2283	4	23	38	0	2348
10881	43	4	10	2268	0	2325
10882	26	7	2278	37	0	2348
10883	2302	1	37	33	0	2373
10884	2281	5	21	17	0	2324
10885	60	3	6	2298	0	2367
10886	28	6	2438	41	0	2513
10887	10	4	2488	23	0	2525
10888	2389	2	57	17	0	2465
10889	40	2461	21	4	0	2526
10890	21	32	2506	7	0	2566
10891	9	12	38	2513	0	2572
10892	2556	4	11	53	0	2624
10893	37	2445	10	17	0	2509
10894	17	2503	4	10	0	2534
10895	2472	45	6	6	0	2529
10896	37	17	5	2475	0	2534
10897	2692	4	6	55	0	2757
10898	43	4	2	2752	0	2801
10899	21	4	3	2792	0	2820
10900	11	4	2774	57	0	2846
10901	12	4	2650	23	0	2689
10902	12	8	2799	12	0	2831
10903	9	4	54	2766	0	2833
10904	2830	1	19	40	0	2890
10905	46	4	2854	17	0	2921
10906	28	4	33	2865	0	2930
10907	9	4	2935	46	0	2994
10908	9	2985	40	21	0	3055
10909	19	34	24	3049	0	3126
10910	15	34	11	3059	0	3119
10911	14	2	6	3104	0	3126
10912	3090	2	9	72	0	3173
10913	61	2	6	3049	0	3118
10914	32	3	4	3060	0	3099
10915	3017	3	8	70	0	3098
10916	49	11	2979	34	0	3073
10917	2949	2	53	8	0	3012
10918	2955	3	23	10	0	2991
10919	76	8	2886	10	0	2980
10920	2821	3	44	10	0	2878
10921	56	4	21	2921	0	3002
10922	32	6	3008	40	0	3086
10923	2961	0	46	34	0	3041
10924	3052	4	20	28	0	3104
10925	80	1	9	3006	0	3096
10926	35	4	8	3046	0	3093
10927	20	5	11	3057	0	3093
10928	2993	2	6	81	0	3082
10929	58	3015	14	24	0	3111
10930	2879	36	7	24	0	2946
10931	40	2799	12	17	0	2868
10932	21	2790	11	19	0	2841
10933	11	49	10	2798	0	2868
10934	13	17	5	2837	0	2872
10935	12	4	7	2805	0	2828
10936	7	7	6	2819	0	2839
10937	14	4	2741	55	0	2814
10938	2667	3	42	27	0	2739
10939	52	5	19	2765	0	2841
10940	26	10	2763	45	0	2844
10941	14	4	45	2770	0	2833
10942	18	2	19	2810	0	2849
10943	15	12	2899	57	0	2983
10944	22	2	45	2888	0	2957
10945	13	4	20	2916	0	2953
10946	2896	0	11	68	0	2975
10947	47	5	2966	25	0	3043
10948	2883	2	41	18	0	2944
10949	44	2990	24	15	0	3073
10950	2907	36	11	16	0	2970
10951	2827	14	12	16	0	2869
10952	61	3	8	2827	0	2899
10953	25	9	2792	49	0	2875
10954	11	2948	46	24	0	3029
10955	18	35	17	2802	0	2872
10956	5	3071	13	43	0	3132
10957	3045	49	5	27	0	3126
10958	50	21	3000	14	0	3085
10959	24	9	2989	14	0	3036
10960	18	3	59	2987	0	3067
10961	8	9	3062	58	0	3137
10962	14	4	48	3058	0	3124
10963	12	5	20	3076	0	3113
10964	3113	6	3	75	0	3197
10965	51	3103	18	24	0	3196
10966	25	54	6	3159	0	3244
10967	14	16	6	3233	0	3269
10968	8	1	13	3218	0	3240
10969	9	3165	14	66	0	3254
10970	9	3173	14	25	0	3221
10971	3126	62	7	15	0	3210
10972	3122	17	9	24	0	3172
10973	3125	3	8	13	0	3149
10974	69	9	3053	12	0	3143
10975	32	5	48	3031	0	3116
10976	10	8	3033	57	0	3108
10977	6	3015	44	30	0	3095
10978	2893	45	28	20	0	2986
10979	41	25	2820	14	0	2900
10980	27	2	34	2682	0	2745
10981	12	11	2760	36	0	2819
10982	2691	0	36	34	0	2761
10983	2787	0	23	17	0	2827
10984	2800	4	6	11	0	2821
10985	2753	2	11	15	0	2781
10986	51	11	2841	6	0	2909
10987	2779	3	27	18	0	2827
10988	2835	1	23	17	0	2876
10989	48	2823	13	8	0	2892
10990	2788	31	3	21	0	2843
10991	2806	16	8	15	0	2845
10992	57	5	4	2696	0	2762
10993	26	2866	8	27	0	2927
10994	3032	33	6	19	0	3090
10995	3339	17	5	14	0	3375
10996	70	9	3670	17	0	3766
10997	24	6	3564	5	0	3599
10998	11	9	3628	6	0	3654
10999	16	7	85	3565	0	3673
11000	3565	6	34	65	0	3670
11001	62	3572	10	35	0	3679
11002	3554	62	5	18	0	3639
11003	68	3552	13	25	0	3658
11004	3494	69	4	9	0	3576
11005	71	3486	8	6	0	3571
11006	33	3546	6	5	0	3590
11007	3436	84	5	7	0	3532
11008	74	3533	7	3	0	3617
11009	34	64	8	3520	0	3626
11010	15	31	3588	62	0	3696
11011	13	19	3619	32	0	3683
11012	8	10	88	3605	0	3711
11013	13	8	29	3707	0	3757
11014	14	9	3645	83	0	3751
11015	12	11	61	3611	0	3695
11016	11	4	29	3720	0	3764
11017	3682	9	13	91	0	3795
11018	69	3675	13	48	0	3805
11019	38	68	13	3510	0	3629
11020	20	3715	11	49	0	3795
11021	3716	66	12	33	0	3827
11022	68	3726	17	18	0	3829
11023	3759	67	13	11	0	3850
11024	3748	36	9	24	0	3817
11025	100	15	11	3679	0	3805
11026	45	11	8	3767	0	3831
11027	27	15	8	3799	0	3849
11028	22	14	5	3807	0	3848
11029	15	19	3652	96	0	3782
11030	3441	13	67	48	0	3569
11031	72	3625	37	18	0	3752
11032	46	70	14	3701	0	3831
11033	26	46	14	3717	0	3803
11034	16	3713	17	93	0	3839
11035	3676	66	16	45	0	3803
11036	75	3744	21	21	0	3861
11037	47	78	15	3735	0	3875
11038	25	36	14	3829	0	3904
11039	24	21	8	3858	0	3911
11040	26	12	15	3865	0	3918
11041	3734	18	9	121	0	3882
11042	90	9	3741	51	0	3891
11043	49	17	74	3671	0	3811
11044	29	16	35	3738	0	3818
11045	25	15	24	3743	0	3807
11046	31	13	21	3712	0	3777
11047	3526	14	21	115	0	3676
11048	80	24	3556	59	0	3719
11049	56	17	63	3397	0	3533
11050	32	3419	42	87	0	3580
11051	26	3567	11	52	0	3656
11052	3497	97	8	40	0	3642
11053	87	44	3477	26	0	3634
11054	3251	29	64	24	0	3368
11055	79	21	3324	28	0	3452
11056	39	18	58	3148	0	3263
11057	3197	20	36	77	0	3330
11058	57	3216	21	56	0	3350
11059	40	62	14	3089	0	3205
11060	24	3091	20	79	0	3214
11061	3205	62	18	48	0	3333
11062	3242	30	14	48	0	3334
11063	87	21	12	3200	0	3320
11064	50	12	3173	77	0	3312
11065	20	24	3157	58	0	3259
11066	32	18	67	3159	0	3276
11067	17	3168	38	66	0	3289
11068	22	66	12	3345	0	3445
11069	22	39	7	3210	0	3278
11070	32	23	3	3228	0	3286
11071	18	22	3197	108	0	3345
11072	24	12	55	3208	0	3299
11073	31	9	31	3249	0	3320
11074	14	3209	23	105	0	3351
11075	18	61	11	3045	0	3135
11076	18	32	10	3376	0	3436
11077	24	18	11	3398	0	3451
11078	16	13	14	3407	0	3450
11079	22	13	6	3400	0	3441
11080	17	18	19	3392	0	3446
11081	21	17	7	3328	0	3373
11082	18	15	12	3292	0	3337
11083	16	25	3100	116	0	3257
11084	19	14	56	3173	0	3262
11085	3097	14	28	100	0	3239
11086	73	12	12	3008	0	3105
11087	46	19	3010	84	0	3159
11088	2924	10	59	69	0	3062
11089	3101	11	32	48	0	3192
11090	3130	14	11	36	0	3191
11091	3113	7	15	40	0	3175
11092	110	8	6	3069	0	3193
11093	46	8	3033	89	0	3176
11094	20	2895	56	58	0	3029
11095	6	2611	23	47	0	2687
11096	15	36	48	2169	0	2268
11097	4	13	13	2309	0	2339
11098	8	2	6	2302	0	2318
11099	5	3	3	2376	0	2387
11100	9	6	1	2651	0	2667
11101	2826	5	2	65	0	2898
11102	56	2844	3	28	0	2931
11103	25	2946	2	10	0	2983
11104	12	96	2	2907	0	3017
11105	7	34	3	2977	0	3021
11106	8	2	3	3003	0	3016
11107	8	1	2	3005	0	3016
11108	2	5	2788	93	0	2888
11109	1	2731	61	39	0	2832
11110	7	60	23	2654	0	2744
11111	2592	22	2	70	0	2686
11112	61	4	1	2617	0	2683
11113	25	4	2638	66	0	2733
11114	5	6	2604	30	0	2645
11115	5	4	2700	10	0	2719
11116	4	18	85	2595	0	2702
11117	2708	0	25	76	0	2809
11118	61	3	4	2751	0	2819
11119	24	6	3	2862	0	2895
11120	2813	2	6	98	0	2919
11121	62	3	2	2897	0	2964
11122	30	3	1	2948	0	2982
11123	6	3	3004	93	0	3106
11124	3	3007	63	33	0	3106
11125	6	65	24	3080	0	3175
11126	3061	24	7	73	0	3165
11127	68	3	3	3102	0	3176
11128	31	7	3094	75	0	3207
11129	9	6	60	3097	0	3172
11130	7	3112	29	74	0	3222
11131	7	77	5	3184	0	3273
11132	2	28	3124	79	0	3233
11133	3	3375	71	37	0	3486
11134	7	68	25	3432	0	3532
11135	10	30	7	3799	0	3846
11136	8	6	4	3871	0	3889
11137	7	6	4	3913	0	3930
11138	9	8	3764	123	0	3904
11139	6	3756	84	51	0	3897
11140	3786	83	39	28	0	3936
11141	3852	34	15	23	0	3924
11142	116	6	9	3801	0	3932
11143	46	9	3786	90	0	3931
11144	3688	5	84	53	0	3830
11145	86	4	42	3794	0	3926
11146	38	10	3873	98	0	4019
11147	17	3	82	3908	0	4010
11148	11	6	38	3959	0	4014
11149	13	3	13	4003	0	4032
11150	17	11	4029	124	0	4181
11151	11	7	83	3890	0	3991
11152	10	4119	42	93	0	4264
11153	4134	75	14	60	0	4283
11154	4247	43	9	33	0	4332
11155	4260	16	9	33	0	4318
11156	122	4182	15	17	0	4336
11157	4198	84	4	40	0	4326
11158	106	36	9	4159	0	4310
11159	4168	13	14	107	0	4302
11160	4183	12	16	68	0	4279
11161	123	10	4091	36	0	4260
11162	51	4057	93	29	0	4230
11163	4058	87	43	40	0	4228
11164	103	38	18	4014	0	4173
11165	49	26	3982	98	0	4155
11166	21	4018	92	55	0	4186
11167	3966	91	47	36	0	4140
11168	92	37	23	4014	0	4166
11169	51	13	17	4076	0	4157
11170	27	11	8	4096	0	4142
11171	15	3993	15	139	0	4162
11172	23	85	7	4048	0	4163
11173	20	3999	13	121	0	4153
11174	16	86	17	4041	0	4160
11175	13	48	3968	111	0	4140
11176	21	21	93	3993	0	4128
11177	24	16	41	4069	0	4150
11178	26	10	21	4127	0	4184
11179	18	21	3997	147	0	4183
11180	23	8	90	4012	0	4133
11181	24	11	41	4119	0	4195
11182	19	12	21	4177	0	4229
11183	22	14	17	4188	0	4241
11184	24	14	6	4220	0	4264
11185	26	11	4060	147	0	4244
11186	24	13	90	4069	0	4196
11187	28	12	47	4052	0	4139
11188	3863	15	13	140	0	4031
11189	89	3828	24	69	0	4010
11190	55	3933	17	44	0	4049
11191	38	111	19	3882	0	4050
11192	31	65	11	3863	0	3970
11193	19	3690	24	139	0	3872
11194	24	81	10	3723	0	3838
11195	17	3697	15	113	0	3842
11196	36	87	11	3659	0	3793
11197	34	39	17	3596	0	3686
11198	14	27	3436	113	0	3590
11199	17	3352	66	64	0	3499
11200	17	3155	33	39	0	3244
11201	2792	53	14	22	0	2881
11202	33	2826	11	22	0	2892
11203	33	49	7	2794	0	2883
11204	31	26	2730	44	0	2831
11205	16	11	35	2740	0	2802
11206	2687	8	26	64	0	2785
11207	38	11	2787	38	0	2874
11208	22	2863	36	30	0	2951
11209	30	39	24	2593	0	2686
11210	8	23	13	2947	0	2991
11211	2998	14	13	72	0	3097
11212	37	9	10	3069	0	3125
11213	26	9	10	3015	0	3060
11214	22	7	6	3038	0	3073
11215	9	14	6	3013	0	3042
11216	2906	9	8	79	0	3002
11217	2874	8	5	51	0	2938
11218	55	8	7	2887	0	2957
11219	2819	10	1	58	0	2888
11220	40	8	4	2759	0	2811
11221	21	9	2686	55	0	2771
11222	12	7	2579	37	0	2635
11223	16	10	47	2436	0	2509
11224	7	2441	23	41	0	2512
11225	7	26	9	2462	0	2504
11226	2416	24	6	38	0	2484
11227	31	9	5	2450	0	2495
11228	2402	5	2	53	0	2462
11229	31	5	7	2431	0	2474
11230	20	7	2392	53	0	2472
11231	6	2363	24	34	0	2427
11232	5	2442	20	13	0	2480
11233	13	46	3	2155	0	2217
11234	4	13	2169	29	0	2215
11235	1	1860	10	11	0	1882
11236	8	8	9	1848	0	1873
11237	1846	5	2	11	0	1864
11238	8	4	1870	5	0	1887
11239	5	0	6	1877	0	1888
11240	2	1	4	1993	0	2000
11241	2	3	1983	15	0	2003
11242	1	3	1889	10	0	1903
11243	3	2	1995	2	0	2002
11244	4	1	15	2010	0	2030
11245	4	4	2079	10	0	2097
11246	1857	0	9	5	0	1871
11247	14	1	7	2118	0	2140
11248	10	6	2581	13	0	2610
11249	2	2638	14	12	0	2666
11250	5	14	2616	4	0	2639
11251	7	14	15	2589	0	2625
11252	2715	4	10	28	0	2757
11253	26	1	1	2812	0	2840
11254	8	3	0	2811	0	2822
11255	2968	0	1	35	0	3004
11256	26	0	1	3069	0	3096
11257	12	4	3129	24	0	3169
11258	3064	0	25	16	0	3105
11259	28	3151	13	6	0	3198
11260	3182	22	6	3	0	3213
11261	26	8	2	3189	0	3225
11262	11	7	3180	25	0	3223
11263	7	0	3219	10	0	3236
11264	6	2	34	3239	0	3281
11265	14	1	14	3210	0	3239
11266	0	6	3254	39	0	3299
11267	2	6	3132	14	0	3154
11268	3210	0	38	8	0	3256
11269	32	1	15	3229	0	3277
11270	3233	2	8	37	0	3280
11271	35	4	3	3223	0	3265
11272	19	2	3347	39	0	3407
11273	10	2	3532	19	0	3563
11274	7	1	41	3606	0	3655
11275	4	1	15	3759	0	3779
11276	4	4	3873	46	0	3927
11277	3787	0	41	28	0	3856
11278	48	2	16	3976	0	4042
11279	4103	1	7	55	0	4166
11280	64	4581	8	27	0	4680
11281	23	72	5	4658	0	4758
11282	4661	24	7	90	0	4782
11283	83	14	4744	35	0	4876
11284	34	5	75	4772	0	4886
11285	19	4	29	4838	0	4890
11286	6	2	13	4906	0	4927
11287	6	8	4815	116	0	4945
11288	14	2	81	4739	0	4836
11289	6	4805	34	90	0	4935
11290	9	73	12	4911	0	5005
11291	8	26	4867	88	0	4989
11292	9	13	4935	32	0	4989
11293	16	3	105	4925	0	5049
11294	7	6	37	5002	0	5052
11295	16	2	21	5051	0	5090
11296	11	2	10	5060	0	5083
11297	4982	3	14	124	0	5123
11298	5011	1	11	52	0	5075
11299	110	7	4928	23	0	5068
11300	44	4958	90	22	0	5114
11301	23	79	35	5050	0	5187
11302	5221	32	15	109	0	5377
11303	5059	12	11	51	0	5133
11304	5324	4	10	26	0	5364
11305	5331	5	21	23	0	5380
11306	126	6	5197	25	0	5354
11307	5045	4	90	33	0	5172
11308	93	5024	46	23	0	5186
11309	43	78	16	5117	0	5254
11310	17	37	5139	102	0	5295
11311	15	18	88	5069	0	5190
11312	11	14	5078	109	0	5212
11313	15	7	98	5085	0	5205
11314	18	10	40	5168	0	5236
11315	5111	3	26	136	0	5276
11316	90	6	12	5175	0	5283
11317	39	10	5153	121	0	5323
11318	30	7	93	5272	0	5402
11319	5202	8	39	126	0	5375
11320	104	4	18	5294	0	5420
11321	49	13	5246	112	0	5420
11322	24	5198	108	58	0	5388
11323	5366	85	51	50	0	5552
11324	102	37	19	5134	0	5292
11325	45	5473	19	94	0	5631
11326	5473	81	16	65	0	5635
11327	110	37	5439	29	0	5615
11328	62	5398	101	31	0	5592
11329	47	87	40	5531	0	5705
11330	32	41	5492	107	0	5672
11331	27	16	101	5432	0	5576
11332	5427	12	46	127	0	5612
11333	94	10	5437	59	0	5600
11334	55	8	92	5407	0	5562
11335	31	17	5432	121	0	5601
11336	38	6	100	5394	0	5538
11337	36	5	49	5495	0	5585
11338	5364	14	27	138	0	5543
11339	95	5352	18	79	0	5544
11340	55	80	21	5392	0	5548
11341	5307	31	21	125	0	5484
11342	5354	13	30	60	0	5457
11343	124	14	17	5228	0	5383
11344	49	5134	26	109	0	5318
11345	31	5315	24	69	0	5439
11346	36	107	40	5236	0	5419
11347	45	48	10	5233	0	5336
11348	4692	19	18	126	0	4855
11349	105	8	20	4685	0	4818
11350	37	19	4452	104	0	4612
11351	4164	7	82	60	0	4313
11352	81	4263	48	44	0	4436
11353	4240	74	18	31	0	4363
11354	101	34	4277	37	0	4449
11355	46	4350	78	25	0	4499
11356	4337	74	50	41	0	4502
11357	4340	30	22	23	0	4415
11358	100	21	4296	20	0	4437
11359	4240	9	73	39	0	4361
11360	4373	9	34	38	0	4454
11361	93	4294	22	32	0	4441
11362	51	71	10	4403	0	4535
11363	28	29	4286	88	0	4431
11364	31	14	79	4398	0	4522
11365	25	12	4480	100	0	4617
11366	18	10	90	4400	0	4518
11367	4458	12	38	100	0	4608
11368	84	10	11	4580	0	4685
11369	40	6	4986	105	0	5137
11370	4982	6	95	50	0	5133
11371	112	11	40	5141	0	5304
11372	46	7	4958	102	0	5113
11373	4666	2	96	48	0	4812
11374	119	10	39	4755	0	4923
11375	43	16	4590	92	0	4741
11376	16	11	4474	42	0	4543
11377	26	14	108	4374	0	4522
11378	20	8	4477	84	0	4589
11379	9	4237	66	52	0	4364
11380	11	56	18	3756	0	3841
11381	3736	17	3	47	0	3803
11382	43	7	3810	22	0	3882
11383	22	5	3690	8	0	3725
11384	3513	2	58	24	0	3597
11385	39	4	3765	10	0	3818
11386	3550	3	56	16	0	3625
11387	45	3	3760	7	0	3815
11388	21	2	40	3680	0	3743
11389	7	5	3742	40	0	3794
11390	9	0	42	3707	0	3758
11391	5	11	3782	43	0	3841
11392	9	3	3675	19	0	3706
11393	3411	5	52	15	0	3483
11394	39	3717	23	11	0	3790
11395	3761	35	7	19	0	3822
11396	39	3783	15	6	0	3843
11397	23	38	6	3829	0	3896
11398	17	22	3	3884	0	3926
11399	3860	3	9	64	0	3936
11400	42	3	6	3844	0	3895
11401	30	9	3813	45	0	3897
11402	3615	1	44	35	0	3695
11403	3700	2	27	12	0	3741
11404	59	1	12	3702	0	3774
11405	27	9	3828	49	0	3913
11406	11	2	51	3779	0	3843
11407	5	3854	29	53	0	3941
11408	15	43	15	3875	0	3948
11409	12	17	10	3962	0	4001
11410	14	11	3838	67	0	3930
11411	3389	5	50	39	0	3483
11412	48	3800	24	16	0	3888
11413	3796	42	13	15	0	3866
11414	43	3868	13	14	0	3938
11415	28	43	12	3783	0	3866
11416	13	3842	15	40	0	3910
11417	18	44	3771	28	0	3861
11418	13	23	46	3664	0	3746
11419	15	4	30	3765	0	3814
11420	12	8	16	3826	0	3862
11421	3696	3	10	79	0	3788
11422	44	5	11	3713	0	3773
11423	3610	3	15	61	0	3689
11424	3623	7	6	32	0	3668
11425	3545	6	14	24	0	3589
11426	75	11	3451	17	0	3554
11427	31	6	48	3514	0	3599
11428	18	4	32	3736	0	3790
11429	21	8	14	3796	0	3839
11430	4005	6	12	89	0	4112
11431	66	6	14	4045	0	4131
11432	35	3	16	4128	0	4182
11433	4268	3	14	100	0	4385
11434	70	5	26	4358	0	4459
11435	43	10	4452	79	0	4584
11436	34	13	4434	41	0	4522
11437	23	4	97	4484	0	4608
11438	4452	9	54	81	0	4596
11439	4376	8	24	49	0	4457
11440	108	5	14	4397	0	4524
11441	52	10	4393	75	0	4530
11442	26	4390	87	45	0	4548
11443	19	62	44	4497	0	4622
11444	26	32	29	4544	0	4631
11445	19	15	16	4548	0	4598
11446	4523	11	14	117	0	4665
11447	84	11	4563	52	0	4710
11448	4571	6	75	31	0	4683
11449	85	9	45	4468	0	4607
11450	45	4569	33	76	0	4723
11451	4606	69	10	56	0	4741
11452	4623	35	11	29	0	4698
11453	115	15	4754	27	0	4911
11454	57	4536	74	24	0	4691
11455	26	4477	40	25	0	4568
11456	4409	96	20	29	0	4554
11457	81	35	11	4459	0	4586
11458	54	17	11	4458	0	4540
11459	28	6	11	4413	0	4458
11460	17	4186	15	112	0	4330
11461	22	4396	23	49	0	4490
11462	4300	97	3	38	0	4438
11463	79	45	8	4307	0	4439
11464	45	14	4659	82	0	4800
11465	25	7	84	4851	0	4967
11466	18	7	5298	113	0	5436
11467	15	16	5321	58	0	5410
11468	21	15	5343	30	0	5409
11469	12	4712	146	20	0	4890
11470	34	90	68	4420	0	4612
11471	6	4665	33	94	0	4798
11472	25	109	15	4419	0	4568
11473	19	46	12	4777	0	4854
11474	4690	26	8	138	0	4862
11475	95	9	12	4755	0	4871
11476	4726	8	5	114	0	4853
11477	4767	8	7	72	0	4854
11478	140	8	8	4548	0	4704
11479	69	4613	10	102	0	4794
11480	38	84	12	4560	0	4694
11481	21	4640	8	111	0	4780
11482	31	100	9	4635	0	4775
11483	21	49	4564	127	0	4761
11484	20	24	94	4589	0	4727
11485	25	15	55	4645	0	4740
11486	4477	12	31	153	0	4673
11487	98	4533	17	80	0	4728
11488	62	86	12	4575	0	4735
11489	40	60	14	4500	0	4614
11490	21	4472	25	156	0	4674
11491	25	94	17	4504	0	4640
11492	4324	58	19	127	0	4528
11493	4429	30	12	91	0	4562
11494	134	4340	14	50	0	4538
11495	81	96	13	4335	0	4525
11496	4252	55	15	119	0	4441
11497	95	4331	14	73	0	4513
11498	70	95	13	4042	0	4220
11499	35	4315	17	106	0	4473
11500	4271	98	23	76	0	4468
11501	108	59	4234	28	0	4429
11502	63	30	4216	34	0	4343
11503	38	19	147	4177	0	4381
11504	27	27	4251	108	0	4413
11505	28	13	109	4119	0	4269
11506	4070	19	59	122	0	4270
11507	96	24	4136	74	0	4330
11508	69	28	91	4146	0	4334
11509	40	27	62	4205	0	4334
11510	4154	22	26	162	0	4364
11511	99	4243	19	100	0	4461
11512	4308	97	12	58	0	4475
11513	4300	58	12	46	0	4416
11514	149	4170	21	52	0	4392
11515	80	96	24	4215	0	4415
11516	42	72	4165	114	0	4393
11517	32	43	95	4142	0	4312
11518	26	4172	68	117	0	4383
11519	4225	104	30	87	0	4446
11520	101	68	34	4258	0	4461
11521	60	40	4291	130	0	4521
11522	33	40	94	4321	0	4488
11523	33	33	56	4426	0	4548
11524	35	24	28	4473	0	4560
11525	36	28	19	4491	0	4574
11526	42	20	23	4445	0	4530
11527	26	30	4306	189	0	4551
11528	47	27	4075	106	0	4255
11529	24	3930	130	62	0	4146
11530	26	3875	65	47	0	4013
11531	3797	114	25	43	0	3979
11532	95	60	3751	43	0	3949
11533	3483	22	87	35	0	3627
11534	88	15	3469	39	0	3611
11535	49	32	3283	30	0	3394
11536	33	19	98	3245	0	3395
11537	3354	17	57	88	0	3516
11538	84	22	19	3402	0	3527
11539	54	14	21	3443	0	3532
11540	27	20	3764	124	0	3935
11541	15	17	67	3844	0	3943
11542	26	16	38	3847	0	3927
11543	31	14	17	3856	0	3918
11544	32	14	15	3860	0	3921
11545	29	13	13	3882	0	3937
11546	3714	15	7	135	0	3871
11547	70	13	7	3702	0	3792
11548	47	20	3587	92	0	3746
11549	25	25	59	3599	0	3708
11550	18	22	3569	87	0	3696
11551	19	12	68	3582	0	3681
11552	16	10	3661	84	0	3771
11553	28	27	76	3405	0	3536
11554	9	9	45	3525	0	3588
11555	14	10	3443	98	0	3565
11556	3141	12	67	65	0	3285
11557	61	15	3525	38	0	3639
11558	46	12	66	3498	0	3622
11559	3576	6	45	79	0	3706
11560	62	12	20	3587	0	3681
11561	46	29	9	3624	0	3708
11562	30	9	3606	102	0	3747
11563	15	3526	56	67	0	3664
11564	8	3067	27	24	0	3126
11565	10	2958	14	21	0	3003
11566	62	15	24	2402	0	2503
11567	2451	2	6	9	0	2468
11568	6	3	2	2459	0	2470
11569	3	2	1	2482	0	2488
11570	7	0	1	2526	0	2534
11571	6	0	4	2523	0	2533
11572	1	2501	7	14	0	2523
11573	1	2	2	2544	0	2549
11574	1	1	4	2551	0	2557
11575	1	2538	3	10	0	2552
11576	2557	5	0	10	0	2572
11577	3	4	0	2550	0	2557
11578	2531	1	2	13	0	2547
11579	2498	3	2	10	0	2513
11580	9	2556	2	5	0	2572
11581	6	2	4	2796	0	2808
11582	6	4	2765	8	0	2783
11583	5	3	2777	4	0	2789
11584	2	5	6	2803	0	2816
11585	2888	1	6	17	0	2912
11586	2964	2	4	12	0	2982
11587	10	4	2	2970	0	2986
11588	2972	2	2	13	0	2989
11589	8	2930	4	7	0	2949
11590	2948	2	4	5	0	2959
11591	7	3160	4	8	0	3179
11592	7	5	0	3268	0	3280
11593	5	5	0	3294	0	3304
11594	6	3299	4	7	0	3316
11595	3286	4	2	20	0	3312
11596	4	11	3265	9	0	3289
11597	4	5	3	3261	0	3273
11598	12	11	3337	5	0	3365
11599	8	5	3	3345	0	3361
11600	3392	2	4	13	0	3411
11601	9	2	2	3394	0	3407
11602	3360	3	4	20	0	3387
11603	3364	3	0	18	0	3385
11604	12	3	5	3346	0	3366
11605	7	18	3298	11	0	3334
11606	7	3528	6	10	0	3551
11607	10	3	3	3504	0	3520
11608	3433	3	4	14	0	3454
11609	12	11	3495	10	0	3528
11610	14	7	4	3495	0	3520
11611	11	6	3	3515	0	3535
11612	15	2	3	3511	0	3531
11613	3516	6	8	18	0	3548
11614	9	2	4	3522	0	3537
11615	6	3	5	3575	0	3589
11616	6	7	3584	18	0	3615
11617	10	4	8	3572	0	3594
11618	7	2	8	3655	0	3672
11619	9	2	4	3682	0	3697
11620	2	3682	9	15	0	3708
11621	15	3	2	3659	0	3679
11622	7	13	3	3645	0	3668
11623	3493	2	3	26	0	3524
11624	9	17	3552	11	0	3589
11625	14	9	3386	15	0	3424
11626	10	3529	11	13	0	3563
11627	9	3	13	3608	0	3633
11628	3573	7	7	17	0	3604
11629	5	5	7	3565	0	3582
11630	17	4	1	3571	0	3593
11631	8	2	7	3598	0	3615
11632	5	3	3	3581	0	3592
11633	6	3	4	3578	0	3591
11634	5	5	3525	21	0	3556
11635	7	1	5	3535	0	3548
11636	3528	1	8	23	0	3560
11637	4	3451	5	19	0	3479
11638	11	3	7	3502	0	3523
11639	10	10	3	3505	0	3528
11640	7	5	3181	18	0	3211
11641	5	4	3	3140	0	3152
11642	4	1	9	3384	0	3398
11643	3400	1	3	29	0	3433
11644	9	3535	9	22	0	3575
11645	16	11	1	3604	0	3632
11646	9	10	5	3601	0	3625
11647	10	19	8	3609	0	3646
11648	5	10	3674	29	0	3718
11649	4	6	3549	26	0	3585
11650	5	3629	32	17	0	3683
11651	2	3723	17	12	0	3754
11652	5	34	10	3712	0	3761
11653	3	3401	6	38	0	3448
11654	10	54	4	4085	0	4153
11655	5	18	4	4644	0	4671
11656	6	7	6	4893	0	4912
11657	10	4	3	5358	0	5375
11658	3	8	5297	112	0	5420
11659	16	8	60	5326	0	5410
11660	8	1	50	5414	0	5473
11661	8	6	15	5503	0	5532
11662	5248	5	13	141	0	5407
11663	59	5464	17	78	0	5618
11664	51	61	4	5105	0	5221
11665	16	5483	11	68	0	5578
11666	5301	76	6	68	0	5451
11667	4754	62	8	54	0	4878
11668	88	5429	5	32	0	5554
11669	53	5556	4	16	0	5629
11670	16	126	5338	17	0	5497
11671	16	5597	68	22	0	5703
11672	19	96	42	5426	0	5583
11673	5551	64	15	85	0	5715
11674	63	5664	10	66	0	5803
11675	59	83	12	5720	0	5874
11676	26	64	4	5808	0	5902
11677	15	25	11	5908	0	5959
11678	5667	18	7	147	0	5839
11679	72	32	5729	85	0	5918
11680	5499	13	73	50	0	5635
11681	80	5583	56	37	0	5756
11682	64	83	17	5615	0	5779
11683	27	63	5544	89	0	5723
11684	5192	26	79	84	0	5381
11685	89	5554	59	30	0	5732
11686	65	84	22	5465	0	5636
11687	24	5583	17	90	0	5714
11688	25	99	11	5644	0	5779
11689	21	60	11	5750	0	5842
11690	17	32	5623	137	0	5809
11691	12	26	5357	90	0	5485
11692	20	17	129	5409	0	5575
11693	16	30	5513	100	0	5659
11694	14	20	89	5501	0	5624
11695	19	11	68	5453	0	5551
11696	20	12	28	5631	0	5691
11697	5499	21	12	171	0	5703
11698	86	12	26	5582	0	5706
11699	65	17	5477	115	0	5674
11700	5412	19	84	97	0	5612
11701	97	10	61	5581	0	5749
11702	80	9	29	5649	0	5767
11703	5528	12	19	158	0	5717
11704	90	5683	23	100	0	5896
11705	82	83	14	5798	0	5977
11706	38	69	10	5683	0	5800
11707	5521	28	15	168	0	5732
11708	96	19	5584	106	0	5805
11709	81	27	81	5498	0	5687
11710	42	20	67	5593	0	5722
11711	21	15	30	5511	0	5577
11712	30	5459	25	158	0	5672
11713	26	90	25	5516	0	5657
11714	5413	65	12	139	0	5629
11715	86	5418	29	95	0	5628
11716	5334	93	14	54	0	5495
11717	97	5449	19	54	0	5619
11718	5429	90	22	66	0	5607
11719	108	78	5397	36	0	5619
11720	78	30	5342	51	0	5501
11721	5304	16	137	52	0	5509
11722	100	27	5443	39	0	5609
11723	79	18	96	5359	0	5552
11724	36	22	76	5208	0	5342
11725	37	9	37	5557	0	5640
11726	5433	11	21	177	0	5642
11727	97	18	5384	99	0	5598
11728	5391	13	92	59	0	5555
11729	110	15	70	5859	0	6054
11730	5914	14	24	145	0	6097
11731	138	14	21	6000	0	6173
11732	6099	21	28	152	0	6300
11733	148	18	16	6404	0	6586
11734	83	30	6597	165	0	6875
11735	6642	17	117	114	0	6890
11736	6909	18	82	70	0	7079
11737	222	28	30	6898	0	7178
11738	119	15	24	6779	0	6937
11739	44	7006	38	202	0	7290
11740	6841	121	20	130	0	7112
11741	140	6998	23	67	0	7228
11742	6694	128	36	50	0	6908
11743	147	74	6678	49	0	6948
11744	94	29	6665	47	0	6835
11745	47	24	6625	43	0	6739
11746	6375	21	200	40	0	6636
11747	134	6621	105	55	0	6915
11748	100	113	36	6439	0	6688
11749	6422	74	29	130	0	6655
11750	126	6540	36	101	0	6803
11751	100	165	23	6191	0	6479
11752	49	6430	25	130	0	6634
11753	30	6185	28	98	0	6341
11754	33	6187	26	44	0	6290
11755	5511	140	58	62	0	5771
11756	117	5445	20	42	0	5624
11757	48	4838	28	28	0	4942
11758	20	4905	17	30	0	4972
11759	4848	102	33	25	0	5008
11760	4910	42	10	24	0	4986
11761	111	23	4731	24	0	4889
11762	4638	10	77	24	0	4749
11763	4755	12	40	19	0	4826
11764	107	11	15	4709	0	4842
11765	4794	11	13	80	0	4898
11766	95	15	4671	45	0	4826
11767	46	4900	71	39	0	5056
11768	4945	79	47	25	0	5096
11769	91	43	21	5137	0	5292
11770	5186	11	8	90	0	5295
11771	93	13	4848	55	0	5009
11772	4981	13	73	14	0	5081
11773	97	10	33	5068	0	5208
11774	56	10	5013	82	0	5161
11775	17	4846	79	52	0	4994
11776	12	5060	49	23	0	5144
11777	32	121	19	4937	0	5109
11778	20	53	18	4738	0	4829
11779	17	5009	7	103	0	5136
11780	5020	76	7	43	0	5146
11781	4977	48	16	12	0	5053
11782	4930	15	7	17	0	4969
11783	127	4921	5	13	0	5066
11784	60	72	5	4536	0	4673
11785	18	4939	10	65	0	5032
11786	4957	69	8	39	0	5073
11787	4897	44	9	20	0	4970
11788	112	4817	12	10	0	4951
11789	4895	71	4	12	0	4982
11790	86	38	8	4852	0	4984
11791	47	11	7	4898	0	4963
11792	4965	5	9	106	0	5085
11793	4853	12	7	47	0	4919
11794	4912	4	8	19	0	4943
11795	107	15	11	4847	0	4980
11796	57	10	7	4951	0	5025
11797	18	21	4903	106	0	5048
11798	19	18	71	4896	0	5004
11799	24	17	35	4929	0	5005
11800	21	23	4810	103	0	4957
11801	22	26	4681	53	0	4782
11802	18	19	4915	18	0	4970
11803	21	22	110	4845	0	4998
11804	19	19	4789	89	0	4916
11805	26	23	72	4744	0	4865
11806	29	21	35	4849	0	4934
11807	34	20	4754	107	0	4915
11808	28	21	4759	43	0	4851
11809	32	18	106	4667	0	4823
11810	26	30	4952	79	0	5087
11811	30	22	4932	47	0	5031
11812	22	4924	102	18	0	5066
11813	5047	75	41	21	0	5184
11814	5077	47	22	17	0	5163
11815	5062	24	10	16	0	5112
11816	123	4947	9	27	0	5106
11817	54	4967	16	29	0	5066
11818	39	108	10	4935	0	5092
11819	42	48	17	4900	0	5007
11820	31	23	4809	117	0	4980
11821	29	9	78	4845	0	4961
11822	4881	14	49	100	0	5044
11823	91	20	19	4574	0	4704
11824	51	4845	30	81	0	5007
11825	4929	85	22	54	0	5090
11826	5027	52	19	25	0	5123
11827	5106	14	21	27	0	5168
11828	135	16	4937	35	0	5123
11829	64	11	68	4725	0	4868
11830	4976	8	58	94	0	5136
11831	99	13	5040	54	0	5206
11832	55	4900	91	30	0	5076
11833	22	4819	60	15	0	4916
11834	4333	103	50	15	0	4501
11835	71	4386	10	10	0	4477
11836	42	69	5	4215	0	4331
11837	17	38	4282	68	0	4405
11838	6	52	69	4221	0	4348
11839	4183	6	33	86	0	4308
11840	75	4112	10	44	0	4241
11841	4147	66	11	23	0	4247
11842	80	41	4095	14	0	4230
11843	45	17	64	3931	0	4057
11844	15	4224	42	63	0	4344
11845	14	69	20	4263	0	4366
11846	4350	34	7	75	0	4466
11847	4433	9	14	51	0	4507
11848	4454	5	7	24	0	4490
11849	4487	6	5	23	0	4521
11850	110	7	12	4327	0	4456
11851	49	9	4367	68	0	4493
11852	25	5	83	4239	0	4352
11853	20	4339	40	65	0	4464
11854	4339	64	32	36	0	4471
11855	75	40	4297	14	0	4426
11856	4188	13	61	20	0	4282
11857	76	7	38	4293	0	4414
11858	32	17	4321	69	0	4439
11859	15	5	62	4320	0	4402
11860	4357	4	37	78	0	4476
11861	4415	8	11	46	0	4480
11862	4459	9	4	21	0	4493
11863	99	9	4333	8	0	4449
11864	48	6	64	4271	0	4389
11865	18	9	4432	67	0	4526
11866	13	4360	58	49	0	4480
11867	4165	70	28	21	0	4284
11868	63	4081	18	25	0	4187
11869	3891	51	8	5	0	3955
11870	64	21	3	3741	0	3829
11871	28	3846	7	37	0	3918
11872	3865	50	2	34	0	3951
11873	58	24	3868	7	0	3957
11874	29	3	59	3788	0	3879
11875	3798	6	20	69	0	3893
11876	55	17	3812	27	0	3911
11877	36	4	49	3686	0	3775
11878	16	3770	32	50	0	3868
11879	18	52	12	3884	0	3966
11880	10	26	8	3947	0	3991
11881	3728	16	10	83	0	3837
11882	59	3849	10	33	0	3951
11883	74	61	6	3752	0	3893
11884	18	3903	8	55	0	3984
11885	22	53	10	3897	0	3982
11886	11	3965	13	59	0	4048
11887	3901	60	7	44	0	4012
11888	66	33	3932	20	0	4051
11889	40	15	52	3912	0	4019
11890	22	5	25	3984	0	4036
11891	13	9	17	3990	0	4029
11892	19	10	3	3911	0	3943
11893	15	11	3793	88	0	3907
11894	14	3877	60	36	0	3987
11895	3820	50	26	21	0	3917
11896	3871	24	17	27	0	3939
11897	78	3785	8	11	0	3882
11898	3844	53	6	17	0	3920
11899	3833	26	10	20	0	3889
11900	73	3866	9	14	0	3962
11901	37	53	8	3754	0	3852
11902	12	3922	9	46	0	3989
11903	3880	57	9	31	0	3977
11904	66	29	3807	11	0	3913
11905	3595	11	55	19	0	3680
11906	63	13	3857	15	0	3948
11907	38	8	56	3836	0	3938
11908	3872	4	33	65	0	3974
11909	61	13	3814	32	0	3920
11910	3629	10	48	18	0	3705
11911	3718	7	28	19	0	3772
11912	82	5	14	3601	0	3702
11913	37	3645	13	55	0	3750
11914	3746	59	10	45	0	3860
11915	66	33	8	3719	0	3826
11916	37	3735	10	56	0	3838
11917	3780	49	7	40	0	3876
11918	60	33	6	3794	0	3893
11919	37	3964	13	55	0	4069
11920	22	53	7	4051	0	4133
11921	4069	29	6	66	0	4170
11922	4051	13	7	41	0	4112
11923	4088	5	7	32	0	4132
11924	92	4	8	3993	0	4097
11925	35	11	10	4021	0	4077
11926	22	14	4115	76	0	4227
11927	18	22	57	4155	0	4252
11928	15	15	4337	71	0	4438
11929	8	10	4037	32	0	4087
11930	4	9	3862	7	0	3882
11931	2	4005	46	11	0	4064
11932	19	47	24	3635	0	3725
11933	7	4207	12	24	0	4250
11934	4328	38	3	28	0	4397
11935	4382	21	5	16	0	4424
11936	57	2	7	4538	0	4604
11937	26	19	4665	40	0	4750
11938	8	4	45	4658	0	4715
11939	7	10	4763	52	0	4832
11940	11	11	44	4636	0	4702
11941	8	4727	38	53	0	4826
11942	8	4844	6	37	0	4895
11943	4759	77	6	12	0	4854
11944	51	41	4726	13	0	4831
11945	43	5	51	4643	0	4742
11946	11	4	34	4724	0	4773
11947	4697	2	5	95	0	4799
11948	50	4717	11	45	0	4823
11949	4730	52	5	16	0	4803
11950	55	4854	15	11	0	4935
11951	4785	54	8	9	0	4856
11952	4857	31	6	26	0	4920
11953	92	8	7	4829	0	4936
11954	42	11	4823	58	0	4934
11955	4707	11	60	40	0	4818
11956	59	4895	36	10	0	5000
11957	4930	56	6	19	0	5011
11958	68	40	7	4819	0	4934
11959	48	9	4	4815	0	4876
11960	13	4816	15	91	0	4935
11961	20	54	11	4722	0	4807
11962	13	4760	11	104	0	4888
11963	12	61	11	4813	0	4897
11964	16	39	4	4750	0	4809
11965	4551	6	8	98	0	4663
11966	64	16	4606	48	0	4734
11967	42	4554	55	11	0	4662
11968	19	54	38	4620	0	4731
11969	4699	38	8	72	0	4817
11970	4774	10	4	55	0	4843
11971	4799	9	8	20	0	4836
11972	101	13	4696	13	0	4823
11973	4723	5	64	11	0	4803
11974	66	13	41	4820	0	4940
11975	4798	6	9	71	0	4884
11976	60	4687	15	55	0	4817
11977	52	67	4	4755	0	4878
11978	4679	40	9	67	0	4795
11979	65	4795	15	48	0	4923
11980	46	68	11	4830	0	4955
11981	20	47	4753	72	0	4892
11982	4765	13	61	55	0	4894
11983	5075	11	36	20	0	5142
11984	119	20	4899	19	0	5057
11985	45	4777	74	18	0	4914
11986	21	4986	36	22	0	5065
11987	27	117	14	4934	0	5092
11988	17	35	13	4878	0	4943
11989	22	12	4	5032	0	5070
11990	19	16	5003	104	0	5142
11991	4911	12	76	57	0	5056
11992	5297	17	43	25	0	5382
11993	5454	13	15	27	0	5509
11994	5461	13	8	31	0	5513
11995	5556	15	17	32	0	5620
11996	5597	20	13	31	0	5661
11997	151	11	13	5802	0	5977
11998	56	20	5742	116	0	5934
11999	23	25	5897	60	0	6005
12000	43	15	134	5811	0	6003
12001	35	19	46	5813	0	5913
12002	33	20	16	5701	0	5770
12003	29	5774	18	146	0	5967
12004	5798	110	7	86	0	6001
12005	134	5999	21	28	0	6182
12006	74	112	10	5951	0	6147
12007	5851	56	12	137	0	6056
12008	126	5882	18	65	0	6091
12009	74	117	13	5918	0	6122
12010	35	60	7	6091	0	6193
12011	36	18	11	6165	0	6230
12012	21	6107	17	178	0	6323
12013	32	118	13	6301	0	6464
12014	38	65	6209	142	0	6454
12015	28	33	129	6360	0	6550
12016	37	19	54	6509	0	6619
12017	38	12	12	6936	0	6998
12018	40	17	8	7100	0	7165
12019	33	26	6746	240	0	7045
12020	28	6756	165	110	0	7059
12021	50	165	80	6743	0	7038
12022	40	89	18	7031	0	7178
12023	54	20	22	6826	0	6922
12024	38	6648	35	252	0	6973
12025	24	6980	23	126	0	7153
12026	6675	220	19	71	0	6985
12027	182	90	13	6569	0	6854
12028	96	35	6396	188	0	6715
12029	35	6368	150	104	0	6657
12030	6229	154	80	57	0	6520
12031	159	85	6169	60	0	6473
12032	100	22	6144	60	0	6326
12033	35	47	6127	52	0	6261
12034	50	62	220	5867	0	6199
12035	33	30	5948	169	0	6180
12036	18	5684	165	118	0	5985
12037	29	142	77	5499	0	5747
12038	9	75	5563	172	0	5819
12039	23	35	145	5531	0	5734
12040	5441	30	77	189	0	5737
12041	137	33	5453	118	0	5741
12042	5406	32	144	80	0	5662
12043	143	5616	82	66	0	5907
12044	5637	134	39	79	0	5889
12045	164	74	46	5614	0	5898
12046	5614	46	36	165	0	5861
12047	5705	41	30	110	0	5886
12048	5645	32	46	66	0	5789
12049	195	5661	41	66	0	5963
12050	5630	141	47	58	0	5876
12051	5689	69	43	51	0	5852
12052	206	35	5552	60	0	5853
12053	96	5569	155	66	0	5886
12054	59	149	94	5564	0	5866
12055	63	80	49	5707	0	5899
12056	53	44	43	5759	0	5899
12057	49	37	5631	219	0	5936
12058	48	40	147	5679	0	5914
12059	51	31	5687	202	0	5971
12060	5570	36	162	114	0	5882
12061	5768	28	93	90	0	5979
12062	208	48	5698	55	0	6009
12063	5689	35	154	74	0	5952
12064	5843	32	87	74	0	6036
12065	5908	32	40	66	0	6046
12066	244	41	50	5702	0	6037
12067	135	40	5783	174	0	6132
12068	97	5838	147	102	0	6184
12069	92	144	88	5799	0	6123
12070	74	83	5875	175	0	6207
12071	54	45	5733	120	0	5952
12072	5580	36	201	85	0	5902
12073	151	5896	98	93	0	6238
12074	5975	138	67	78	0	6258
12075	5999	74	57	89	0	6219
12076	207	5926	69	74	0	6276
12077	5971	132	60	66	0	6229
12078	194	80	6039	59	0	6372
12079	119	35	6028	57	0	6239
12080	86	45	6048	57	0	6236
12081	81	5884	207	46	0	6218
12082	5840	113	109	49	0	6111
12083	5842	73	68	58	0	6041
12084	200	5635	63	49	0	5947
12085	119	5834	58	57	0	6068
12086	81	161	48	5821	0	6111
12087	89	103	49	5886	0	6127
12088	5839	47	51	191	0	6128
12089	142	5870	68	106	0	6186
12090	5821	122	58	63	0	6064
12091	5755	82	46	60	0	5943
12092	203	57	5591	46	0	5897
12093	129	5461	121	45	0	5756
12094	115	109	78	5440	0	5742
12095	5397	79	55	102	0	5633
12096	173	37	50	5270	0	5530
12097	4982	28	55	98	0	5163
12098	124	38	4869	56	0	5087
12099	103	4733	109	47	0	4992
12100	70	4911	72	30	0	5083
12101	77	149	45	4523	0	4794
12102	63	4943	37	75	0	5118
12103	4924	108	36	64	0	5132
12104	94	78	4850	42	0	5064
12105	4646	43	84	48	0	4821
12106	101	42	4922	33	0	5098
12107	87	38	88	4835	0	5048
12108	76	25	66	4914	0	5081
12109	88	28	35	4954	0	5105
12110	4830	25	28	118	0	5001
12111	96	40	4747	65	0	4948
12112	81	34	61	4641	0	4817
12113	68	23	41	4583	0	4715
12114	48	4460	33	97	0	4638
12115	59	4407	19	57	0	4542
12116	40	4409	33	41	0	4523
12117	41	94	14	4013	0	4162
12118	26	27	10	3913	0	3976
12119	12	3772	8	22	0	3814
12120	3	3834	8	15	0	3860
12121	3816	17	26	20	0	3879
12122	19	12	5	3798	0	3834
12123	10	3738	5	18	0	3771
12124	3812	12	5	11	0	3840
12125	19	5	5	3827	0	3856
12126	4157	4	4	29	0	4194
12127	23	3	2	4228	0	4256
12128	12	5	4367	22	0	4406
12129	10	4360	18	14	0	4402
12130	4275	18	12	18	0	4323
12131	21	17	4368	10	0	4416
12132	13	4363	14	7	0	4397
12133	4	14	10	4431	0	4459
12134	0	6	4	4453	0	4463
12135	4	4	0	4396	0	4404
12136	4	1	0	4355	0	4360
12137	3	3	4340	14	0	4360
12138	4	4271	14	10	0	4299
12139	3	9	5	4310	0	4327
12140	4158	3	1	15	0	4177
12141	7	4258	4	14	0	4283
12142	5	10	0	4635	0	4650
12143	6	9	4553	18	0	4586
12144	1	4546	18	13	0	4578
12145	21	18	9	3986	0	4034
12146	3	4663	9	10	0	4685
12147	4689	22	2	18	0	4731
12148	4693	11	0	8	0	4712
12149	35	5	4490	3	0	4533
12150	4436	6	20	8	0	4470
12151	4598	1	12	9	0	4620
12152	36	4	4437	12	0	4489
12153	15	4447	26	10	0	4498
12154	7	25	10	4481	0	4523
12155	10	13	2	4578	0	4603
12156	4565	3	2	42	0	4612
12157	28	2	1	4529	0	4560
12158	22	1	4525	23	0	4571
12159	4350	4	22	19	0	4395
12160	26	6	4450	6	0	4488
12161	15	4446	23	5	0	4489
12162	4341	22	11	10	0	4384
12163	30	14	4414	3	0	4461
12164	13	10	4224	2	0	4249
12165	5	4346	35	14	0	4400
12166	7	25	13	4400	0	4445
12167	2	20	4246	28	0	4296
12168	7	5	23	3754	0	3789
12169	7	2	14	4144	0	4167
12170	2	3	4020	37	0	4062
12171	3	4006	27	18	0	4054
12172	9	24	14	4052	0	4099
12173	3956	14	10	28	0	4008
12174	3916	8	2	21	0	3947
12175	40	4	3	3953	0	4000
12176	20	8	3942	30	0	4000
12177	17	8	4128	17	0	4170
12178	7	2	40	4073	0	4122
12179	6	5	4006	31	0	4048
12180	3880	4	29	16	0	3929
12181	36	2	18	4038	0	4094
12182	17	2	10	4078	0	4107
12183	4	4156	5	47	0	4212
12184	8	32	4	4252	0	4296
12185	4	19	4138	40	0	4201
12186	3871	8	30	29	0	3938
12187	4093	2	16	15	0	4126
12188	53	6	4157	7	0	4223
12189	31	5	37	4746	0	4819
12190	13	1	25	4894	0	4933
12191	6	8	4938	101	0	5053
12192	11	9	78	4965	0	5063
12193	10	4	36	5025	0	5075
12194	6	5114	17	100	0	5237
12195	7	80	6	5201	0	5294
12196	12	37	4	5293	0	5346
12197	5359	5	14	126	0	5504
12198	5548	9	7	46	0	5610
12199	5632	3	8	21	0	5664
12200	5569	4	13	12	0	5598
12201	5540	7	8	21	0	5576
12202	124	8	5297	19	0	5448
12203	47	8	90	5322	0	5467
12204	22	2	36	5448	0	5508
12205	12	7	5365	129	0	5513
12206	5126	5	96	42	0	5269
12207	5352	4	36	25	0	5417
12208	120	7	5089	14	0	5230
12209	5301	7	88	22	0	5418
12210	5475	1	32	26	0	5534
12211	135	10	5371	15	0	5531
12212	59	1	97	5228	0	5385
12213	17	5761	36	96	0	5910
12214	19	111	14	6029	0	6173
12215	25	40	15	6124	0	6204
12216	25	7	11	6114	0	6157
12217	14	6	5928	147	0	6095
12218	5694	1	106	70	0	5871
12219	6005	9	45	24	0	6083
12220	146	4	17	5923	0	6090
12221	51	13	5772	122	0	5958
12222	27	4	107	5768	0	5906
12223	16	6	5927	118	0	6067
12224	23	11	5929	49	0	6012
12225	10	6107	144	19	0	6280
12226	28	93	45	5844	0	6010
12227	5854	32	11	118	0	6015
12228	5673	8	13	48	0	5742
12229	5870	3	17	23	0	5913
12230	147	7	6	5722	0	5882
12231	46	6170	14	108	0	6338
12232	22	114	12	6279	0	6427
12233	17	48	6358	136	0	6559
12234	6743	7	122	73	0	6945
12235	7297	6	53	24	0	7380
12236	192	7	11	7227	0	7437
12237	79	7	12	7344	0	7442
12238	36	1	16	7425	0	7478
12239	30	7	7223	192	0	7452
12240	6241	8	137	100	0	6486
12241	134	7124	66	52	0	7376
12242	54	6887	23	27	0	6991
12243	28	157	6840	20	0	7045
12244	26	65	126	6740	0	6957
12245	20	14	6910	127	0	7071
12246	6464	5	136	61	0	6666
12247	138	15	59	6662	0	6874
12248	59	12	6642	127	0	6840
12249	23	6989	130	93	0	7235
12250	6939	116	50	43	0	7148
12251	136	43	7153	24	0	7356
12252	65	7091	125	31	0	7312
12253	28	7282	56	32	0	7398
12254	7357	153	26	34	0	7570
12255	159	52	16	7420	0	7647
12256	75	22	7587	138	0	7822
12257	30	7609	143	73	0	7855
12258	7642	133	60	44	0	7879
12259	7749	52	23	36	0	7860
12260	179	7637	42	22	0	7880
12261	75	134	7719	32	0	7960
12262	38	56	138	7760	0	7992
12263	7759	24	69	153	0	8005
12264	7859	12	24	72	0	7967
12265	206	17	7748	31	0	8002
12266	96	15	148	7610	0	7869
12267	53	14	66	7921	0	8054
12268	42	24	7919	190	0	8175
12269	28	25	7839	84	0	7976
12270	7920	15	191	61	0	8187
12271	8188	19	79	44	0	8330
12272	8199	14	36	53	0	8302
12273	8217	13	41	38	0	8309
12274	208	29	7977	32	0	8246
12275	7971	17	144	35	0	8167
12276	195	11	64	7894	0	8164
12277	99	21	7918	157	0	8195
12278	42	32	7902	96	0	8072
12279	32	7915	201	58	0	8206
12280	46	137	90	7831	0	8104
12281	49	70	7954	145	0	8218
12282	7631	41	147	82	0	7901
12283	166	43	80	6990	0	7279
12284	88	7908	48	122	0	8166
12285	7999	134	35	93	0	8261
12286	8092	60	40	69	0	8261
12287	197	39	7971	38	0	8245
12288	98	7911	153	61	0	8223
12289	62	85	59	7405	0	7611
12290	7372	53	41	107	0	7573
12291	136	30	26	7255	0	7447
12292	71	23	7067	116	0	7277
12293	6337	17	105	75	0	6534
12294	97	6944	62	43	0	7146
12295	67	6828	46	27	0	6968
12296	47	7088	46	28	0	7209
12297	7054	121	40	36	0	7251
12298	6984	63	29	29	0	7105
12299	7068	31	29	28	0	7156
12300	144	17	30	6934	0	7125
12301	78	32	6951	97	0	7158
12302	47	22	93	7000	0	7162
12303	7048	14	61	107	0	7230
12304	110	15	29	7105	0	7259
12305	7190	23	32	102	0	7347
12306	7240	18	27	68	0	7353
12307	7180	15	34	45	0	7274
12308	134	7088	40	41	0	7303
12309	7092	83	35	29	0	7239
12310	115	61	6976	21	0	7173
12311	78	29	7118	30	0	7255
12312	55	7051	112	21	0	7239
12313	53	68	58	6672	0	6851
12314	6616	39	35	80	0	6770
12315	98	25	6600	46	0	6769
12316	6415	17	80	28	0	6540
12317	95	20	51	6482	0	6648
12318	54	6580	44	74	0	6752
12319	48	72	35	6687	0	6842
12320	40	48	6657	76	0	6821
12321	6170	31	78	70	0	6349
12322	88	22	6793	33	0	6936
12323	62	22	6607	28	0	6719
12324	6478	8	100	27	0	6613
12325	87	6413	59	30	0	6589
12326	6620	73	31	26	0	6750
12327	6637	50	25	21	0	6733
12328	135	31	6520	26	0	6712
12329	6318	21	105	25	0	6469
12330	110	26	6350	29	0	6515
12331	78	18	5887	21	0	6004
12332	58	15	5947	25	0	6045
12333	36	5707	96	27	0	5866
12334	5144	48	128	31	0	5351
12335	5034	20	35	15	0	5104
12336	5020	8	16	18	0	5062
12337	5025	8	17	23	0	5073
12338	74	13	4985	7	0	5079
12339	54	1	40	4924	0	5019
12340	32	2	24	5061	0	5119
12341	4964	5	14	73	0	5056
12342	52	4909	13	31	0	5005
12343	30	39	8	4932	0	5009
12344	4866	21	11	56	0	4954
12345	53	16	4963	21	0	5053
12346	37	10	46	4967	0	5060
12347	18	15	5090	54	0	5177
12348	21	5066	59	23	0	5169
12349	24	48	25	4629	0	4726
12350	4618	22	16	60	0	4716
12351	60	13	11	4726	0	4810
12352	28	18	4702	52	0	4800
12353	16	4655	50	28	0	4749
12354	4523	42	21	27	0	4613
12355	49	26	4543	12	0	4630
12356	4368	7	42	15	0	4432
12357	47	4527	18	7	0	4599
12358	4632	35	37	14	0	4718
12359	4666	18	11	17	0	4712
12360	65	8	5	4828	0	4906
12361	30	22	4796	40	0	4888
12362	18	4859	47	27	0	4951
12363	20	41	24	5175	0	5260
12364	14	21	11	5359	0	5405
12365	21	8	9	5760	0	5798
12366	20	10	9	6042	0	6081
12367	12	6671	16	115	0	6814
12368	6732	75	7	67	0	6881
12369	87	6748	15	27	0	6877
12370	56	101	9	6868	0	7034
12371	6983	45	9	99	0	7136
12372	115	23	7	7005	0	7150
12373	59	18	6935	120	0	7132
12374	30	6940	103	60	0	7133
12375	33	95	48	6960	0	7136
12376	21	54	20	7064	0	7159
12377	6782	24	13	146	0	6965
12378	108	20	6774	63	0	6965
12379	6681	8	95	41	0	6825
12380	6721	6	50	29	0	6806
12381	6740	10	22	26	0	6798
12382	163	20	6623	22	0	6828
12383	85	12	106	6538	0	6741
12384	50	14	54	6660	0	6778
12385	18	18	6681	159	0	6876
12386	13	16	6802	83	0	6914
12387	6813	18	155	49	0	7035
12388	124	11	74	6923	0	7132
12389	6983	14	40	134	0	7171
12390	7121	14	15	86	0	7236
12391	190	13	21	7051	0	7275
12392	89	19	7442	136	0	7686
12393	7148	15	136	99	0	7398
12394	156	22	75	7554	0	7807
12395	97	20	7520	155	0	7792
12396	52	7426	140	103	0	7721
12397	7430	147	77	55	0	7709
12398	156	7560	34	54	0	7804
12399	116	155	17	6724	0	7012
12400	57	7556	29	142	0	7784
12401	7395	146	25	93	0	7659
12402	7474	88	29	58	0	7649
12403	211	7417	24	53	0	7705
12404	7424	135	27	55	0	7641
12405	7402	81	29	56	0	7568
12406	224	7258	36	57	0	7575
12407	7351	138	29	42	0	7560
12408	209	74	30	7218	0	7531
12409	141	28	33	7331	0	7533
12410	7258	17	28	214	0	7517
12411	198	16	26	6800	0	7040
12412	119	6981	41	165	0	7306
12413	7004	133	33	119	0	7289
12414	7009	77	43	71	0	7200
12415	229	6975	41	51	0	7296
12416	7087	138	40	57	0	7322
12417	7142	85	32	47	0	7306
12418	259	37	23	6980	0	7299
12419	153	32	6955	176	0	7316
12420	87	6922	157	119	0	7285
12421	7084	141	83	68	0	7376
12422	7063	94	42	66	0	7265
12423	262	44	6885	45	0	7236
12424	6935	32	158	51	0	7176
12425	201	43	6771	35	0	7050
12426	6713	53	147	41	0	6954
12427	200	42	85	6722	0	7049
12428	119	60	6684	154	0	7017
12429	86	61	6779	104	0	7030
12430	82	54	200	6660	0	6996
12431	81	55	97	6724	0	6957
12432	100	46	6524	210	0	6880
12433	96	46	128	6561	0	6831
12434	84	57	6641	171	0	6953
12435	101	49	146	6651	0	6947
12436	93	41	81	6559	0	6774
12437	80	6443	48	220	0	6791
12438	87	6420	32	138	0	6677
12439	84	6777	33	73	0	6967
12440	89	215	29	6669	0	7002
12441	104	99	21	6768	0	6992
12442	89	54	6586	225	0	6954
12443	6382	40	147	128	0	6697
12444	6704	38	95	65	0	6902
12445	266	6435	65	54	0	6820
12446	6515	136	37	58	0	6746
12447	208	87	57	6346	0	6698
12448	6506	56	48	152	0	6762
12449	6572	32	40	112	0	6756
12450	265	33	56	6388	0	6742
12451	6256	32	49	162	0	6499
12452	189	6076	61	111	0	6437
12453	135	6294	58	61	0	6548
12454	119	180	41	5948	0	6288
12455	80	6301	43	146	0	6570
12456	82	147	46	6177	0	6452
12457	97	88	48	6289	0	6522
12458	6045	38	43	217	0	6343
12459	154	5960	61	140	0	6315
12460	5859	124	45	74	0	6102
12461	5684	86	42	76	0	5888
12462	211	5650	42	64	0	5967
12463	5411	111	33	63	0	5618
12464	137	74	5215	60	0	5486
12465	86	4820	104	46	0	5056
12466	4442	79	63	41	0	4625
12467	88	52	3968	28	0	4136
12468	56	3646	68	24	0	3794
12469	36	3767	83	29	0	3915
12470	3602	83	76	22	0	3783
12471	3596	45	13	18	0	3672
12472	3623	20	12	21	0	3676
12473	97	3549	15	21	0	3682
12474	63	63	12	3616	0	3754
12475	3643	36	13	72	0	3764
12476	3671	12	14	46	0	3743
12477	103	19	11	3599	0	3732
12478	60	17	3622	63	0	3762
12479	37	14	3595	46	0	3692
12480	29	15	82	3665	0	3791
12481	32	14	40	3711	0	3797
12482	27	9	3641	91	0	3768
12483	17	9	60	3515	0	3601
12484	14	3576	45	61	0	3696
12485	3435	41	17	42	0	3535
12486	61	29	15	3347	0	3452
12487	3197	11	11	53	0	3272
12488	45	3232	14	45	0	3336
12489	31	3335	19	15	0	3400
12490	3239	56	12	18	0	3325
12491	44	27	3167	22	0	3260
12492	2648	6	27	12	0	2693
12493	20	2693	30	7	0	2750
12494	13	15	6	2604	0	2638
12495	2617	8	5	24	0	2654
12496	22	2	3	2601	0	2628
12497	2580	0	2	22	0	2604
12498	2545	0	3	15	0	2563
12499	17	2607	8	5	0	2637
12500	2556	15	0	9	0	2580
12501	15	2534	4	6	0	2559
12502	2540	16	2	3	0	2561
12503	19	5	1	2529	0	2554
12504	2637	1	7	25	0	2670
12505	16	2	0	2734	0	2752
12506	2829	5	2	28	0	2864
12507	2898	2	0	8	0	2908
12508	2917	3	1	7	0	2928
12509	2937	5	1	8	0	2951
12510	2943	2	1	7	0	2953
12511	20	1	3	2962	0	2986
12512	2907	4	1	22	0	2934
12513	18	2862	2	15	0	2897
12514	7	19	2886	7	0	2919
12515	6	5	16	2858	0	2885
12516	4	12	2994	17	0	3027
12517	8	2	10	3070	0	3090
12518	8	7	3123	17	0	3155
12519	2983	1	13	9	0	3006
12520	13	2	4	3107	0	3126
12521	6	5	3060	17	0	3088
12522	7	11	3099	5	0	3122
12523	4	3	14	3154	0	3175
12524	3540	3	7	23	0	3573
12525	16	3756	5	9	0	3786
12526	3845	19	12	17	0	3893
12527	3806	6	0	9	0	3821
12528	23	3758	7	16	0	3804
12529	3975	17	1	23	0	4016
12530	26	5	1	4003	0	4035
12531	14	7	2	4026	0	4049
12532	10	1	0	4058	0	4069
12533	4034	0	3	32	0	4069
12534	21	4223	1	8	0	4253
12535	7	32	0	4232	0	4271
12536	5	12	1	4279	0	4297
12537	4231	2	3	54	0	4290
12538	34	2	0	4242	0	4278
12539	15	9	4242	35	0	4301
12540	4	4354	35	16	0	4409
12541	4497	38	11	9	0	4555
12542	54	18	2	4386	0	4460
12543	19	4543	8	45	0	4615
12544	4530	47	2	20	0	4599
12545	54	23	4515	9	0	4601
12546	20	4555	48	6	0	4629
12547	4608	49	16	14	0	4687
12548	50	19	5	4562	0	4636
12549	22	1	2	4602	0	4627
12550	8	9	4532	65	0	4614
12551	9	1	47	4472	0	4529
12552	6	12	4929	57	0	5004
12553	11	1	4751	21	0	4784
12554	7	11	4882	7	0	4907
12555	4806	2	68	17	0	4893
12556	4902	5	19	11	0	4937
12557	4968	3	7	16	0	4994
12558	70	3	2	4849	0	4924
12559	24	4933	6	42	0	5005
12560	10	5072	4	19	0	5105
12561	5225	56	22	24	0	5327
12562	5270	21	1	23	0	5315
12563	60	5262	5	9	0	5336
12564	5262	47	8	11	0	5328
12565	56	27	5181	8	0	5272
12566	27	12	5249	6	0	5294
12567	18	4	66	4922	0	5010
12568	9	4	22	5247	0	5282
12569	8	17	5237	65	0	5327
12570	15	4	50	5131	0	5200
12571	5215	2	19	61	0	5297
12572	45	5	5210	27	0	5287
12573	5090	4	57	13	0	5164
12574	60	5	19	5218	0	5302
12575	29	10	5472	51	0	5562
12576	8	5583	58	26	0	5675
12577	5644	51	22	17	0	5734
12578	57	22	5517	12	0	5608
12579	5468	3	57	9	0	5537
12580	59	8	22	5528	0	5617
12581	5554	5	6	60	0	5625
12582	61	18	5742	25	0	5846
12583	30	21	53	5783	0	5887
12584	5990	6	24	71	0	6091
12585	6192	2	8	41	0	6243
12586	6361	3	7	22	0	6393
12587	6387	4	6	18	0	6415
12588	94	2	5	6194	0	6295
12589	40	2	7	6268	0	6317
12590	14	15	6288	93	0	6410
12591	24	3	69	6285	0	6381
12592	17	2	29	6313	0	6361
12593	7	6469	17	91	0	6584
12594	6513	66	8	39	0	6626
12595	6599	29	11	26	0	6665
12596	106	6726	16	12	0	6860
12597	51	84	5	6741	0	6881
12598	23	30	4	6857	0	6914
12599	6649	12	5	132	0	6798
12600	95	13	6965	52	0	7125
12601	54	6	90	7053	0	7203
12602	23	10	7140	98	0	7271
12603	6866	5	98	61	0	7030
12604	7149	3	47	20	0	7219
12605	7109	5	13	27	0	7154
12606	142	3	11	6862	0	7018
12607	62	7	9	6913	0	6991
12608	6837	5	7	145	0	6994
12609	104	14	6786	49	0	6953
12610	52	6	92	6792	0	6942
12611	6827	9	38	108	0	6982
12612	118	3	13	6839	0	6973
12613	52	11	7372	97	0	7532
12614	22	13	7225	63	0	7323
12615	7073	8	121	36	0	7238
12616	91	7309	56	30	0	7486
12617	7364	83	9	32	0	7488
12618	7466	42	12	29	0	7549
12619	134	16	17	7450	0	7617
12620	55	4	14	7447	0	7520
12621	26	7379	15	135	0	7555
12622	7332	84	20	72	0	7508
12623	102	7433	16	30	0	7581
12624	61	7267	14	13	0	7355
12625	36	113	11	7024	0	7184
12626	6961	41	9	105	0	7116
12627	7136	13	8	58	0	7215
12628	131	6	8	7065	0	7210
12629	63	8	10	6923	0	7004
12630	31	6	8	6914	0	6959
12631	6726	7	16	137	0	6886
12632	91	14	6795	66	0	6966
12633	58	6788	90	26	0	6962
12634	6600	63	37	32	0	6732
12635	88	37	12	6625	0	6762
12636	45	27	6617	77	0	6766
12637	33	13	6605	51	0	6702
12638	19	6587	101	28	0	6735
12639	21	6701	47	29	0	6798
12640	64	111	67	6432	0	6674
12641	19	6135	13	72	0	6239
12642	27	55	7	6510	0	6599
12643	18	34	7	6603	0	6662
12644	6526	13	6	95	0	6640
12645	66	11	9	6566	0	6652
12646	47	16	6	6613	0	6682
12647	32	19	6485	89	0	6625
12648	26	13	56	6645	0	6740
12649	6595	8	30	89	0	6722
12650	6659	10	14	71	0	6754
12651	96	6986	13	28	0	7123
12652	6672	74	14	37	0	6797
12653	92	36	6567	36	0	6731
12654	60	6658	77	22	0	6817
12655	28	78	43	6673	0	6822
12656	31	44	18	6728	0	6821
12657	36	18	16	6735	0	6805
12658	6691	14	13	125	0	6843
12659	6210	13	22	76	0	6321
12660	109	22	6485	36	0	6652
12661	55	22	6325	32	0	6434
12662	28	23	6429	37	0	6517
12663	26	6426	114	29	0	6595
12664	22	6579	52	31	0	6684
12665	6553	103	18	47	0	6721
12666	6485	50	10	38	0	6583
12667	125	21	12	6529	0	6687
12668	59	7	20	6440	0	6526
12669	22	6517	24	128	0	6691
12670	35	80	14	6647	0	6776
12671	31	52	6540	99	0	6722
12672	28	6572	96	63	0	6759
12673	44	80	42	6607	0	6773
12674	26	61	6975	103	0	7165
12675	40	21	82	6309	0	6452
12676	25	6708	53	90	0	6876
12677	6872	91	15	66	0	7044
12678	6879	54	12	61	0	7006
12679	7102	21	18	43	0	7184
12680	151	16	15	7120	0	7302
12681	83	19	16	7227	0	7345
12682	7173	17	19	165	0	7374
12683	114	7064	25	74	0	7277
12684	7158	102	18	56	0	7334
12685	129	61	7446	30	0	7666
12686	7544	21	120	40	0	7725
12687	7758	19	64	41	0	7882
12688	200	20	18	7566	0	7804
12689	7837	12	11	140	0	8000
12690	7981	17	19	99	0	8116
12691	182	14	22	8030	0	8248
12692	83	23	7913	132	0	8151
12693	7473	18	134	93	0	7718
12694	131	30	8052	35	0	8248
12695	75	8226	128	30	0	8459
12696	42	115	78	8388	0	8623
12697	48	53	23	8476	0	8600
12698	9220	15	17	183	0	9435
12699	139	29	9223	70	0	9461
12700	80	23	125	8397	0	8625
12701	25	8990	70	131	0	9216
12702	22	8892	25	73	0	9012
12703	34	195	13	9063	0	9305
12704	29	84	8945	147	0	9205
12705	35	18	129	9111	0	9293
12706	38	29	76	9103	0	9246
12707	30	41	8798	206	0	9075
12708	30	9105	135	99	0	9369
12709	8734	143	65	48	0	8990
12710	147	9215	32	39	0	9433
12711	101	140	20	8868	0	9129
12712	8698	69	23	163	0	8953
12713	142	8364	31	95	0	8632
12714	88	143	8514	38	0	8783
12715	8349	75	148	37	0	8609
12716	146	8716	85	44	0	8991
12717	8874	142	26	42	0	9084
12718	177	90	8549	29	0	8845
12719	8564	19	145	48	0	8776
12720	177	19	83	8558	0	8837
12721	98	34	8588	166	0	8886
12722	44	35	148	8352	0	8579
12723	38	8310	84	184	0	8616
12724	50	141	38	8608	0	8837
12725	49	77	31	8629	0	8786
12726	50	47	8351	226	0	8674
12727	46	29	148	8487	0	8710
12728	61	48	7215	176	0	7500
12729	53	8389	130	124	0	8696
12730	58	147	72	8389	0	8666
12731	63	97	8494	162	0	8816
12732	56	8451	148	106	0	8761
12733	44	8725	88	67	0	8924
12734	49	225	8558	54	0	8886
12735	62	101	8619	44	0	8826
12736	64	36	212	8427	0	8739
12737	8439	28	95	188	0	8750
12738	189	8422	37	110	0	8758
12739	146	167	26	8266	0	8605
12740	8317	82	31	181	0	8611
12741	194	8399	31	117	0	8741
12742	8401	151	23	69	0	8644
12743	204	8522	42	68	0	8836
12744	8581	158	45	72	0	8856
12745	8699	98	33	70	0	8900
12746	8803	36	38	65	0	8942
12747	271	9129	40	70	0	9510
12748	153	202	38	9116	0	9509
12749	79	117	9016	210	0	9422
12750	77	8965	187	161	0	9390
12751	89	190	110	8679	0	9068
12752	89	96	42	8767	0	8994
12753	76	56	8517	259	0	8908
12754	77	8356	196	117	0	8746
12755	8311	163	129	78	0	8681
12756	210	8344	61	62	0	8677
12757	145	182	39	8349	0	8715
12758	59	109	8328	213	0	8709
12759	8016	45	194	140	0	8395
12760	203	40	114	8475	0	8832
12761	116	43	8342	212	0	8713
12762	7907	58	195	137	0	8297
12763	177	8109	123	74	0	8483
12764	8195	189	44	87	0	8515
12765	8223	124	45	86	0	8478
12766	264	53	49	8144	0	8510
12767	120	47	8135	223	0	8525
12768	57	8163	187	125	0	8532
12769	39	203	8127	70	0	8439
12770	43	131	176	7942	0	8292
12771	53	74	113	8216	0	8456
12772	7995	67	48	275	0	8385
12773	185	52	7978	147	0	8362
12774	98	7504	190	78	0	7870
12775	64	179	91	7440	0	7774
12776	72	114	52	7493	0	7731
12777	7326	62	38	226	0	7652
12778	181	7386	42	127	0	7736
12779	128	168	27	7138	0	7461
12780	6963	105	34	178	0	7280
12781	156	6905	36	94	0	7191
12782	6810	143	31	37	0	7021
12783	6784	94	23	39	0	6940
12784	214	6622	44	40	0	6920
12785	6062	118	23	17	0	6220
12786	131	6037	27	21	0	6216
12787	5969	114	16	28	0	6127
12788	5912	75	29	38	0	6054
12789	197	5747	21	31	0	5996
12790	5453	108	13	22	0	5596
12791	5510	54	30	30	0	5624
12792	5495	15	8	37	0	5555
12793	152	24	5355	30	0	5561
12794	64	22	5002	21	0	5109
12795	24	19	5039	15	0	5097
12796	4872	18	138	15	0	5043
12797	101	15	4873	26	0	5015
12798	40	11	4144	13	0	4208
12799	29	7	103	3830	0	3969
12800	3886	10	44	77	0	4017
12801	77	14	3956	38	0	4085
12802	42	14	4080	36	0	4172
12803	20	13	102	4042	0	4177
12804	31	6	37	4141	0	4215
12805	21	15	15	4205	0	4256
12806	21	13	4095	108	0	4237
12807	26	9	69	4101	0	4205
12808	4074	16	35	83	0	4208
12809	89	4094	13	46	0	4242
12810	49	79	6	4159	0	4293
12811	26	42	12	4227	0	4307
12812	31	19	4238	99	0	4387
12813	16	4174	74	49	0	4313
12814	4117	73	36	22	0	4248
12815	78	4136	12	29	0	4255
12816	57	75	14	4120	0	4266
12817	27	43	4107	68	0	4245
12818	34	18	68	4467	0	4587
12819	29	17	48	4548	0	4642
12820	4551	15	21	116	0	4703
12821	95	10	20	4429	0	4554
12822	58	4458	18	89	0	4623
12823	27	4591	20	59	0	4697
12824	25	113	4600	21	0	4759
12825	4534	46	95	13	0	4688
12826	101	18	49	4651	0	4819
12827	65	10	17	4688	0	4780
12828	34	4	16	4743	0	4797
12829	4617	6	24	133	0	4780
12830	85	4694	20	65	0	4864
12831	4668	75	28	36	0	4807
12832	91	52	4477	16	0	4636
12833	50	20	4457	19	0	4546
12834	4558	15	144	24	0	4741
12835	97	11	51	4609	0	4768
12836	58	14	23	4724	0	4819
12837	27	11	19	4791	0	4848
12838	19	9	4687	128	0	4843
12839	4636	11	87	65	0	4799
12840	4741	13	52	33	0	4839
12841	4650	13	21	30	0	4714
12842	122	17	20	4547	0	4706
12843	59	9	4442	102	0	4612
12844	33	11	4363	64	0	4471
12845	39	28	4509	39	0	4615
12846	25	4288	108	27	0	4448
12847	47	54	85	3773	0	3959
12848	3811	27	12	57	0	3907
12849	54	10	3824	42	0	3930
12850	3835	8	49	31	0	3923
12851	54	8	44	3873	0	3979
12852	33	14	20	3865	0	3932
12853	22	3839	16	77	0	3954
12854	17	3925	17	48	0	4007
12855	13	4055	18	37	0	4123
12856	33	64	18	4060	0	4175
12857	4015	28	16	69	0	4128
12858	4067	17	11	41	0	4136
12859	74	13	4011	23	0	4121
12860	3949	11	52	30	0	4042
12861	58	13	3981	26	0	4078
12862	39	7	59	3974	0	4079
12863	28	14	3989	62	0	4093
12864	3919	10	52	45	0	4026
12865	68	8	33	3943	0	4052
12866	39	14	4146	55	0	4254
12867	23	14	3994	43	0	4074
12868	3915	11	76	35	0	4037
12869	4082	6	46	29	0	4163
12870	74	4101	27	25	0	4227
12871	37	53	16	4199	0	4305
12872	20	40	4133	69	0	4262
12873	15	25	4159	48	0	4247
12874	33	24	80	4200	0	4337
12875	4233	15	42	62	0	4352
12876	52	4225	21	56	0	4354
12877	50	42	18	4313	0	4423
12878	4310	33	16	62	0	4421
12879	60	18	14	4304	0	4396
12880	38	4316	20	59	0	4433
12881	30	40	17	4356	0	4443
12882	4322	28	21	58	0	4429
12883	57	16	23	4374	0	4470
12884	4379	3	21	67	0	4470
12885	63	4485	21	46	0	4615
12886	4486	40	18	34	0	4578
12887	59	31	4412	28	0	4530
12888	4309	16	54	24	0	4403
12889	4447	12	38	20	0	4517
12890	70	4475	24	28	0	4597
12891	45	41	25	4348	0	4459
12892	25	29	4352	46	0	4452
12893	28	19	4144	35	0	4226
12894	3953	13	80	42	0	4088
12895	3929	15	44	22	0	4010
12896	48	3959	18	27	0	4052
12897	37	3940	18	22	0	4017
12898	3911	54	13	18	0	3996
12899	37	3896	16	23	0	3972
12900	34	3983	18	24	0	4059
12901	21	37	13	3970	0	4041
12902	15	31	10	3861	0	3917
12903	24	17	3923	53	0	4017
12904	25	13	25	3922	0	3985
12905	3871	13	23	51	0	3958
12906	42	14	3925	36	0	4017
12907	41	11	3962	21	0	4035
12908	28	7	46	3876	0	3957
12909	26	6	35	4029	0	4096
12910	19	7	19	4009	0	4054
12911	17	12	3958	55	0	4042
12912	18	4	39	3819	0	3880
12913	21	9	31	3958	0	4019
12914	3918	9	17	42	0	3986
12915	26	3873	13	55	0	3967
12916	3856	23	8	29	0	3916
12917	36	28	3926	6	0	3996
12918	3350	7	13	13	0	3383
12919	19	3664	14	8	0	3705
12920	3518	11	16	9	0	3554
12921	12	3505	2	9	0	3528
12922	3364	11	4	16	0	3395
12923	19	3338	5	6	0	3368
12924	4	3394	4	5	0	3407
12925	14	13	29	3415	0	3471
12926	3436	12	3	12	0	3463
12927	3441	4	1	12	0	3458
12928	3460	1	2	11	0	3474
12929	18	7	3348	6	0	3379
12930	9	6	3316	4	0	3335
12931	8	0	16	3391	0	3415
12932	2	3439	11	8	0	3460
12933	4	3517	7	7	0	3535
12934	40	14	3	3313	0	3370
12935	3322	10	2	9	0	3343
12936	3322	6	3	9	0	3340
12937	3334	2	3	6	0	3345
12938	21	8	3316	2	0	3347
12939	15	2	9	3388	0	3414
12940	8	7	3489	13	0	3517
12941	3547	4	15	13	0	3579
12942	3640	2	11	18	0	3671
12943	22	7	3557	3	0	3589
12944	17	1	13	3654	0	3685
12945	3626	1	11	27	0	3665
12946	20	2	5	3770	0	3797
12947	16	2	3	3808	0	3829
12948	12	3	3	4185	0	4203
12949	4388	3	2	47	0	4440
12950	41	5	5	4763	0	4814
12951	4764	5	4	57	0	4830
12952	44	5054	4	25	0	5127
12953	27	42	1	5445	0	5515
12954	19	21	1	5470	0	5511
12955	10	8	3	5261	0	5282
12956	5309	1	3	93	0	5406
12957	64	2	3	5343	0	5412
12958	37	1	3	4817	0	4858
12959	5395	3	2	79	0	5479
12960	5481	4	1	34	0	5520
12961	5460	2	4	16	0	5482
12962	101	2	5312	8	0	5423
12963	38	8	5011	6	0	5063
12964	5348	1	76	14	0	5439
12965	68	3	30	5386	0	5487
12966	41	2	9	4915	0	4967
12967	5330	3	2	90	0	5425
12968	5287	4	4	44	0	5339
12969	5090	3	3	18	0	5114
12970	81	5089	9	9	0	5188
12971	5195	60	1	10	0	5266
12972	5010	26	4	14	0	5054
12973	80	5037	7	22	0	5146
12974	29	4879	3	4	0	4915
12975	15	79	3	4585	0	4682
12976	5238	23	4	55	0	5320
12977	5232	2	0	30	0	5264
12978	5181	3	3	10	0	5197
12979	96	1	2	5039	0	5138
12980	5087	1	2	70	0	5160
12981	71	7	5007	28	0	5113
12982	4929	2	65	21	0	5017
12983	74	4	5061	7	0	5146
12984	32	7	4842	13	0	4894
12985	19	2	80	4792	0	4893
12986	4829	3	35	80	0	4947
12987	64	3	9	4820	0	4896
12988	33	5	4909	67	0	5014
12989	18	10	4837	33	0	4898
12990	17	7	84	4833	0	4941
12991	4692	5	35	77	0	4809
12992	61	4867	10	42	0	4980
12993	49	61	4	4976	0	5090
12994	36	23	4	5054	0	5117
12995	16	10	5130	108	0	5264
12996	20	7	5005	50	0	5082
12997	22	10	84	5127	0	5243
12998	5116	2	33	90	0	5241
12999	93	5	5071	44	0	5213
13000	48	14	58	5154	0	5274
13001	33	5	28	5232	0	5298
13002	40	3	7	5176	0	5226
13003	5018	3	12	137	0	5170
13004	95	14	4225	69	0	4403
13005	54	5005	36	56	0	5151
13006	42	69	21	5026	0	5158
13007	44	30	4962	111	0	5147
13008	46	4911	76	70	0	5103
13009	47	5029	34	63	0	5173
13010	4991	91	16	63	0	5161
13011	109	5055	18	58	0	5240
13012	5183	79	23	56	0	5341
13013	121	40	5025	73	0	5259
13014	80	14	82	5118	0	5294
13015	5061	11	35	145	0	5252
13016	131	5154	15	107	0	5407
13017	101	93	5093	81	0	5368
13018	91	43	82	4615	0	4831
13019	81	5109	43	121	0	5354
13020	96	88	21	5273	0	5478
13021	5296	48	27	126	0	5497
13022	153	5405	26	84	0	5668
13023	5477	96	28	78	0	5679
13024	5521	40	24	65	0	5650
13025	207	23	5383	50	0	5663
13026	121	5567	111	45	0	5844
13027	94	110	44	5863	0	6111
13028	97	51	5983	132	0	6263
13029	103	28	6347	62	0	6540
13030	110	45	166	6351	0	6672
13031	6450	23	72	156	0	6701
13032	6429	25	48	73	0	6575
13033	230	24	32	6435	0	6721
13034	125	34	6426	160	0	6745
13035	79	6453	132	88	0	6752
13036	6581	129	65	62	0	6837
13037	6674	59	38	50	0	6821
13038	221	6663	32	40	0	6956
13039	6730	138	25	50	0	6943
13040	195	61	6528	35	0	6819
13041	6512	22	141	39	0	6714
13042	6263	25	74	54	0	6416
13043	188	18	6470	38	0	6714
13044	92	12	147	6339	0	6590
13045	68	14	6347	143	0	6572
13046	40	6050	153	100	0	6343
13047	39	6186	84	49	0	6358
13048	56	168	26	5612	0	5862
13049	25	44	5602	119	0	5790
13050	19	5070	94	63	0	5246
13051	10	5134	41	25	0	5210
13052	4596	94	58	28	0	4776
13053	4559	30	25	13	0	4627
13054	92	12	5	4544	0	4653
13055	34	5	4	4483	0	4526
13056	15	4573	9	79	0	4676
13057	4538	62	7	34	0	4641
13058	4590	19	7	21	0	4637
13059	79	4594	5	18	0	4696
13060	30	66	6	4594	0	4696
13061	20	23	4577	75	0	4695
13062	16	11	66	4587	0	4680
13063	4619	8	19	89	0	4735
13064	78	5	12	4666	0	4761
13065	38	4	11	4753	0	4806
13066	4709	7	10	110	0	4836
13067	88	9	8	4593	0	4698
13068	34	4657	18	79	0	4788
13069	30	64	6	4760	0	4860
13070	18	25	11	4828	0	4882
13071	20	20	15	4711	0	4766
13072	19	4750	12	85	0	4866
13073	18	71	11	4690	0	4790
13074	18	33	4631	76	0	4758
13075	24	16	67	4568	0	4675
13076	21	19	4535	78	0	4653
13077	17	4498	80	40	0	4635
13078	30	77	28	4543	0	4678
13079	30	29	21	4614	0	4694
13080	37	17	13	4623	0	4690
13081	41	14	8	4635	0	4698
13082	16	19	4516	105	0	4656
13083	11	4528	73	35	0	4647
13084	21	81	27	4563	0	4692
13085	26	31	4584	78	0	4719
13086	21	19	79	4610	0	4729
13087	4636	19	27	100	0	4782
13088	90	24	4515	39	0	4668
13089	4460	10	71	33	0	4574
13090	94	12	27	4590	0	4723
13091	42	11	4597	75	0	4725
13092	20	4500	76	55	0	4651
13093	37	75	31	4514	0	4657
13094	30	39	4658	77	0	4804
13095	23	4695	76	39	0	4833
13096	27	80	30	4703	0	4840
13097	4705	29	30	102	0	4866
13098	4783	19	26	51	0	4879
13099	4761	21	10	46	0	4838
13100	115	19	4731	34	0	4899
13101	58	4833	77	25	0	4993
13102	42	79	37	4845	0	5003
13103	31	38	22	5076	0	5167
13104	5092	36	16	120	0	5264
13105	91	5229	18	60	0	5398
13106	5345	84	19	54	0	5502
13107	5318	47	15	49	0	5429
13108	5359	30	11	44	0	5444
13109	133	27	5271	31	0	5462
13110	5313	14	93	49	0	5469
13111	122	11	43	5291	0	5467
13112	60	13	23	5291	0	5387
13113	5213	21	19	138	0	5391
13114	103	17	15	5165	0	5300
13115	46	5200	16	116	0	5378
13116	27	84	15	5107	0	5233
13117	4954	44	10	116	0	5124
13118	80	22	4912	75	0	5089
13119	43	4829	84	35	0	4991
13120	31	75	35	4682	0	4823
13121	4660	35	13	97	0	4805
13122	72	21	4535	55	0	4683
13123	61	54	69	4427	0	4611
13124	32	12	4469	86	0	4599
13125	48	9	4307	51	0	4415
13126	34	18	4219	20	0	4291
13127	14	15	4049	31	0	4109
13128	15	14	3893	15	0	3937
13129	3353	31	94	27	0	3505
13130	36	3440	27	19	0	3522
13131	3377	31	10	21	0	3439
13132	3379	21	4	22	0	3426
13133	54	3340	9	11	0	3414
13134	26	3437	13	9	0	3485
13135	3450	47	5	14	0	3516
13136	3413	18	11	21	0	3463
13137	55	11	7	3260	0	3333
13138	30	3329	6	37	0	3402
13139	3357	29	7	30	0	3423
13140	44	3342	11	14	0	3411
13141	25	36	7	3354	0	3422
13142	3393	14	5	38	0	3450
13143	3427	5	8	34	0	3474
13144	59	5	6	3399	0	3469
13145	28	7	11	3408	0	3454
13146	17	11	3381	48	0	3457
13147	14	5	32	3306	0	3357
13148	11	8	3370	41	0	3430
13149	13	7	38	3230	0	3288
13150	13	7	21	3311	0	3352
13151	3302	9	11	58	0	3380
13152	3294	8	12	34	0	3348
13153	59	6	3249	5	0	3319
13154	3207	6	41	10	0	3264
13155	49	11	23	3274	0	3357
13156	30	12	3361	40	0	3443
13157	23	7	35	3345	0	3410
13158	20	8	25	3587	0	3640
13159	16	9	3591	53	0	3669
13160	20	8	44	3660	0	3732
13161	14	13	3904	53	0	3984
13162	19	25	47	4030	0	4121
13163	4344	5	22	62	0	4433
13164	63	4395	13	31	0	4502
13165	4415	57	10	19	0	4501
13166	62	4434	10	53	0	4559
13167	4417	56	4	16	0	4493
13168	64	4433	8	19	0	4524
13169	4368	61	19	25	0	4473
13170	69	4455	5	15	0	4544
13171	46	69	8	4435	0	4558
13172	28	40	4448	64	0	4580
13173	21	22	4415	52	0	4510
13174	21	18	86	4428	0	4553
13175	4453	8	46	65	0	4572
13176	64	4549	17	55	0	4685
13177	53	66	8	4595	0	4722
13178	21	40	4627	71	0	4759
13179	18	21	4612	52	0	4703
13180	17	10	108	4380	0	4515
13181	11	4618	58	75	0	4762
13182	4615	64	22	53	0	4754
13183	66	47	4757	22	0	4892
13184	47	22	4671	19	0	4759
13185	25	4775	105	18	0	4923
13186	4753	61	69	18	0	4901
13187	4779	46	23	28	0	4876
13188	110	23	11	4706	0	4850
13189	4838	17	11	74	0	4940
13190	4780	12	14	49	0	4855
13191	102	4709	21	20	0	4852
13192	4757	68	16	20	0	4861
13193	82	52	4843	14	0	4991
13194	70	17	65	4682	0	4834
13195	40	16	43	4615	0	4714
13196	4519	12	15	104	0	4650
13197	71	4503	17	67	0	4658
13198	4529	64	10	27	0	4630
13199	72	4715	22	20	0	4829
13200	40	4663	21	17	0	4741
13201	22	94	4531	20	0	4667
13202	17	58	4444	28	0	4547
13203	4209	36	81	14	0	4340
13204	4333	11	47	13	0	4404
13205	82	20	4186	13	0	4301
13206	45	4063	48	12	0	4168
13207	25	4182	35	10	0	4252
13208	4147	69	19	13	0	4248
13209	4147	35	19	21	0	4222
13210	79	17	18	4105	0	4219
13211	4203	15	13	64	0	4295
13212	79	11	14	4149	0	4253
13213	43	14	4144	58	0	4259
13214	28	17	4023	36	0	4104
13215	4073	14	71	38	0	4196
13216	63	15	38	4065	0	4181
13217	45	4358	16	50	0	4469
13218	4449	50	15	36	0	4550
13219	4469	28	14	36	0	4547
13220	84	22	4443	14	0	4563
13221	4443	12	55	23	0	4533
13222	4543	11	34	14	0	4602
13223	92	12	26	4490	0	4620
13224	52	4411	15	60	0	4538
13225	33	4639	14	40	0	4726
13226	38	88	13	4689	0	4828
13227	32	42	15	4638	0	4727
13228	29	30	6	4746	0	4811
13229	40	18	4629	92	0	4779
13230	27	25	4534	46	0	4632
13231	22	15	89	4536	0	4662
13232	20	28	4596	66	0	4710
13233	24	24	4608	45	0	4701
13234	24	14	97	4504	0	4639
13235	36	12	4869	77	0	4994
13236	21	4794	87	48	0	4950
13237	5109	77	47	51	0	5284
13238	83	49	32	4962	0	5126
13239	56	5032	23	78	0	5189
13240	42	71	5136	44	0	5293
13241	38	34	87	5101	0	5260
13242	23	30	5272	87	0	5412
13243	33	14	90	5227	0	5364
13244	35	19	47	5403	0	5504
13245	27	23	5592	119	0	5761
13246	31	18	80	5420	0	5549
13247	21	5612	54	94	0	5781
13248	42	84	23	5741	0	5890
13249	23	57	5689	105	0	5874
13250	22	27	88	5682	0	5819
13251	5591	13	51	115	0	5770
13252	89	5654	39	72	0	5854
13253	59	91	22	5726	0	5898
13254	55	54	5759	94	0	5962
13255	21	5673	93	61	0	5848
13256	19	5734	62	32	0	5847
13257	33	112	5633	25	0	5803
13258	37	55	84	5370	0	5546
13259	36	48	49	5445	0	5578
13260	23	19	5437	121	0	5600
13261	15	5130	79	55	0	5279
13262	12	5115	40	29	0	5196
13263	4727	73	14	25	0	4839
13264	52	4767	14	15	0	4848
13265	4763	63	8	15	0	4849
13266	67	24	14	4667	0	4772
13267	4898	9	12	88	0	5007
13268	64	18	4894	28	0	5004
13269	4854	9	55	34	0	4952
13270	70	4	29	4990	0	5093
13271	30	5056	24	68	0	5178
13272	5111	64	17	44	0	5236
13273	75	58	6	5130	0	5269
13274	31	5270	6	73	0	5380
13275	13	5578	18	28	0	5637
13276	5466	61	6	35	0	5568
13277	5554	28	23	17	0	5622
13278	5579	14	7	19	0	5619
13279	74	17	8	5470	0	5569
13280	23	5414	15	60	0	5512
13281	15	5574	10	29	0	5628
13282	10	64	11	5571	0	5656
13283	5505	30	13	79	0	5627
13284	5360	18	11	46	0	5435
13285	5489	16	9	26	0	5540
13286	84	24	5413	11	0	5532
13287	32	22	5470	19	0	5543
13288	5786	13	68	17	0	5884
13289	64	9	32	5789	0	5894
13290	41	14	9	5849	0	5913
13291	27	9	15	5837	0	5888
13292	19	13	8	5863	0	5903
13293	24	19	5701	87	0	5831
13294	18	14	62	5658	0	5752
13295	11	21	5680	80	0	5792
13296	5284	12	63	50	0	5409
13297	59	5707	35	26	0	5827
13298	43	54	17	5912	0	6026
13299	24	24	18	5742	0	5808
13300	5637	19	12	93	0	5761
13301	5627	17	9	49	0	5702
13302	5625	15	8	41	0	5689
13303	5609	15	12	39	0	5675
13304	92	21	5575	22	0	5710
13305	44	21	5469	29	0	5563
13306	28	14	76	5501	0	5619
13307	5526	9	32	90	0	5657
13308	5516	13	25	50	0	5604
13309	80	15	5539	20	0	5654
13310	39	14	56	5471	0	5580
13311	5477	14	31	70	0	5592
13312	67	11	15	5520	0	5613
13313	40	25	5504	77	0	5646
13314	33	13	59	5456	0	5561
13315	5464	14	29	84	0	5591
13316	66	6016	24	36	0	6142
13317	5975	54	13	42	0	6084
13318	6040	29	29	41	0	6139
13319	6111	18	17	42	0	6188
13320	91	19	8	6101	0	6219
13321	6082	14	12	74	0	6182
13322	74	6353	21	46	0	6494
13323	41	6559	10	27	0	6637
13324	37	102	13	6527	0	6679
13325	6495	45	8	94	0	6642
13326	85	6730	21	39	0	6875
13327	8046	92	6	42	0	8186
13328	8587	49	9	41	0	8686
13329	198	8763	13	40	0	9014
13330	117	151	12	8876	0	9156
13331	58	75	11	9073	0	9217
13332	40	35	9041	220	0	9336
13333	53	16	157	8957	0	9183
13334	36	24	9020	184	0	9264
13335	23	8721	167	113	0	9024
13336	40	157	79	8827	0	9103
13337	8478	64	22	203	0	8767
13338	8594	23	18	102	0	8737
13339	230	20	19	8515	0	8784
13340	106	22	8395	170	0	8693
13341	7901	16	154	101	0	8172
13342	164	8222	75	46	0	8507
13343	82	8259	35	44	0	8420
13344	44	8417	23	24	0	8508
13345	58	237	14	7989	0	8298
13346	34	88	8276	162	0	8560
13347	34	38	146	8151	0	8369
13348	31	54	8267	158	0	8510
13349	18	29	8273	76	0	8396
13350	31	32	8379	36	0	8478
13351	34	21	215	7890	0	8160
13352	33	11	87	8453	0	8584
13353	30	18	34	8497	0	8579
13354	43	15	21	8457	0	8536
13355	8327	16	30	232	0	8605
13356	145	8261	35	112	0	8553
13357	8292	140	16	60	0	8508
13358	155	8383	26	45	0	8609
13359	92	157	19	8342	0	8610
13360	46	75	13	8598	0	8732
13361	8438	27	19	231	0	8715
13362	8709	21	10	119	0	8859
13363	8820	24	16	60	0	8920
13364	8797	17	8	50	0	8872
13365	8704	16	18	42	0	8780
13366	224	8528	12	47	0	8811
13367	8406	147	11	42	0	8606
13368	174	8349	23	22	0	8568
13369	8274	153	15	39	0	8481
13370	173	80	8178	26	0	8457
13371	106	33	134	7938	0	8211
13372	51	8167	76	142	0	8436
13373	38	157	27	8130	0	8352
13374	42	83	7982	153	0	8260
13375	38	52	135	7751	0	7976
13376	7620	25	75	174	0	7894
13377	132	7663	40	111	0	7946
13378	66	7858	20	61	0	8005
13379	43	208	7873	32	0	8156
13380	41	90	142	7687	0	7960
13381	30	8060	89	138	0	8317
13382	38	147	24	8218	0	8427
13383	30	89	8294	170	0	8583
13384	23	8181	154	120	0	8478
13385	36	164	8282	46	0	8528
13386	38	92	8205	34	0	8369
13387	38	61	193	7967	0	8259
13388	8062	33	80	162	0	8337
13389	155	30	38	8135	0	8358
13390	90	39	8138	160	0	8427
13391	54	22	157	8278	0	8511
13392	28	29	8647	186	0	8890
13393	34	36	8647	91	0	8808
13394	8600	20	221	77	0	8918
13395	9041	17	98	64	0	9220
13396	9206	27	40	51	0	9324
13397	221	35	9044	47	0	9347
13398	103	26	9022	48	0	9199
13399	49	24	215	8837	0	9125
13400	54	19	93	9102	0	9268
13401	9036	21	40	238	0	9335
13402	180	22	37	9079	0	9318
13403	91	41	9047	193	0	9372
13404	45	29	9011	110	0	9195
13405	38	9041	229	58	0	9366
13406	59	153	86	9153	0	9451
13407	53	95	9301	176	0	9625
13408	54	36	174	9187	0	9451
13409	9223	23	97	202	0	9545
13410	171	38	9449	93	0	9751
13411	109	24	171	9410	0	9714
13412	56	29	85	9615	0	9785
13413	53	33	9437	250	0	9773
13414	58	17	175	9313	0	9563
13415	43	33	9459	200	0	9735
13416	8705	18	187	120	0	9030
13417	189	24	91	8712	0	9016
13418	85	8783	42	181	0	9091
13419	8740	149	37	114	0	9040
13420	8752	74	34	66	0	8926
13421	220	8708	45	53	0	9026
13422	187	493	55	7670	0	8405
13423	42	8164	30	126	0	8362
13424	28	8272	27	84	0	8411
13425	80	185	7926	25	0	8216
13426	33	7788	117	45	0	7983
13427	102	106	6342	41	0	6591
13428	5388	30	48	25	0	5491
13429	5582	6	16	19	0	5623
13430	52	5695	12	17	0	5776
13431	21	5733	14	6	0	5774
13432	11	5932	13	11	0	5967
13433	6068	49	13	25	0	6155
13434	68	19	14	6188	0	6289
13435	21	14	6643	63	0	6741
13436	14	6745	70	40	0	6869
13437	14	68	26	6941	0	7049
13438	21	42	14	6569	0	6646
13439	5	7818	15	93	0	7931
13440	8487	104	14	52	0	8657
13441	142	54	8661	18	0	8875
13442	77	23	146	9689	0	9935
13443	14	11092	73	173	0	11352
13444	11073	205	22	105	0	11405
13445	225	101	10980	32	0	11338
13446	90	10669	224	25	0	11008
13447	48	216	85	10742	0	11091
13448	25	96	10693	208	0	11022
13449	10399	25	223	101	0	10748
13450	221	18	91	10603	0	10933
13451	103	16	10604	220	0	10943
13452	32	10493	225	129	0	10879
13453	10209	220	85	53	0	10567
13454	187	10518	41	20	0	10766
13455	10507	235	18	26	0	10786
13456	10570	101	12	31	0	10714
13457	310	39	11	10285	0	10645
13458	108	9931	19	220	0	10278
13459	44	196	10183	93	0	10516
13460	40	92	210	10215	0	10557
13461	36	46	114	9542	0	9738
13462	32	19	38	10336	0	10425
13463	35	27	21	10341	0	10424
13464	50	20	12	10293	0	10375
13465	10114	16	22	333	0	10485
13466	10122	30	25	131	0	10308
13467	9780	25	25	61	0	9891
13468	295	9509	40	57	0	9901
13469	126	207	9925	32	0	10290
13470	55	114	10077	36	0	10282
13471	44	52	10203	27	0	10326
13472	46	36	325	9721	0	10128
13473	51	28	125	10011	0	10215
13474	47	37	46	10043	0	10173
13475	37	35	9796	332	0	10200
13476	37	9535	247	183	0	10002
13477	41	240	9694	69	0	10044
13478	53	116	9855	50	0	10074
13479	47	56	331	9503	0	9937
13480	48	45	9734	266	0	10093
13481	59	34	277	9415	0	9785
13482	9417	44	115	284	0	9860
13483	9349	37	57	144	0	9587
13484	346	50	9149	71	0	9616
13485	176	37	246	8994	0	9453
13486	70	51	9209	263	0	9593
13487	55	9159	283	156	0	9653
13488	9117	256	136	85	0	9594
13489	284	133	9146	70	0	9633
13490	127	8914	280	79	0	9400
13491	67	9013	153	77	0	9310
13492	55	8908	94	72	0	9129
13493	72	349	8408	71	0	8900
13494	86	190	270	7865	0	8411
13495	56	8243	142	258	0	8699
13496	66	269	78	8244	0	8657
13497	83	139	73	8366	0	8661
13498	8026	63	67	372	0	8528
13499	242	8054	80	198	0	8574
13500	7982	250	66	111	0	8409
13501	271	7916	70	108	0	8365
13502	151	8110	78	86	0	8425
13503	92	347	7895	93	0	8427
13504	90	166	285	7815	0	8356
13505	66	84	7975	282	0	8407
13506	71	7725	293	215	0	8304
13507	83	253	7833	105	0	8274
13508	79	133	7876	103	0	8191
13509	72	7773	357	100	0	8302
13510	7467	257	184	94	0	8002
13511	255	7604	103	100	0	8062
13512	7637	272	93	109	0	8111
13513	273	155	7593	105	0	8126
13514	158	84	7684	102	0	8028
13515	83	7547	365	114	0	8109
13516	7442	253	173	100	0	7968
13517	258	7588	111	98	0	8055
13518	171	267	102	7499	0	8039
13519	7574	159	76	279	0	8088
13520	274	92	7534	166	0	8066
13521	150	72	290	7563	0	8075
13522	7442	66	156	306	0	7970
13523	265	7474	116	178	0	8033
13524	154	256	89	7485	0	7984
13525	84	142	7440	298	0	7964
13526	7365	68	288	173	0	7894
13527	268	70	162	7489	0	7989
13528	130	82	7401	305	0	7918
13529	71	60	309	7188	0	7628
13530	57	7258	161	320	0	7796
13531	66	255	7269	179	0	7769
13532	107	119	256	6944	0	7426
13533	6623	77	135	252	0	7087
13534	296	51	85	6533	0	6965
13535	5996	47	88	227	0	6358
13536	226	5902	83	117	0	6328
13537	5792	214	98	56	0	6160
13538	238	125	5601	55	0	6019
13539	99	54	4904	45	0	5102
13540	42	54	4149	39	0	4284
13541	30	3841	237	40	0	4148
13542	97	30	171	1426	0	1724
13543	7	32	19	1395	0	1453
13544	5	6	10	1364	0	1385
13545	6	8	5	1397	0	1416
13546	6	3	1379	29	0	1417
13547	1244	8	30	13	0	1295
13548	18	1377	16	4	0	1415
13549	1347	16	7	7	0	1377
13550	19	16	5	1336	0	1376
13551	13	1393	4	19	0	1429
13552	7	21	1	1428	0	1457
13553	1409	14	5	24	0	1452
13554	18	1459	5	19	0	1501
13555	1470	23	5	9	0	1507
13556	1407	14	3	5	0	1429
13557	30	4	3	1399	0	1436
13558	15	11	1451	19	0	1496
13559	1421	6	18	17	0	1462
13560	22	4	10	1535	0	1571
13561	1562	3	4	25	0	1594
13562	1591	1	3	17	0	1612
13563	1601	5	6	5	0	1617
13564	36	6	1566	4	0	1612
13565	13	2	21	1521	0	1557
13566	1524	3	15	19	0	1561
13567	21	6	1634	13	0	1674
13568	17	1606	18	4	0	1645
13569	5	17	13	1534	0	1569
13570	3	11	1598	19	0	1631
13571	3	6	1596	20	0	1625
13572	10	3	27	1555	0	1595
13573	2	2	9	1651	0	1664
13574	5	1	4	1671	0	1681
13575	6	4	2	1661	0	1673
13576	4	2	1614	24	0	1644
13577	1	1645	17	11	0	1674
13578	5	36	9	1618	0	1668
13579	1651	8	0	22	0	1681
13580	1630	1	5	10	0	1646
13581	1637	3	4	6	0	1650
13582	23	2	4	1578	0	1607
13583	10	0	3	1565	0	1578
13584	3	1491	1	23	0	1518
13585	4	1548	3	10	0	1565
13586	3	29	1	1480	0	1513
13587	1450	5	8	17	0	1480
13588	1425	1	1	4	0	1431
13589	1425	2	0	3	0	1430
13590	1429	2	3	2	0	1436
13591	1400	1	2	0	0	1403
13592	12	1414	2	2	0	1430
13593	8	8	2	1443	0	1461
13594	1505	5	4	12	0	1526
13595	1511	4	1	9	0	1525
13596	15	0	1	1491	0	1507
13597	6	2	1	1510	0	1519
13598	3	1	1518	14	0	1536
13599	4	0	10	1482	0	1496
13600	5	1	5	1519	0	1530
13601	6	3	1607	15	0	1631
13602	3	1	9	1622	0	1635
13603	3	1641	7	9	0	1660
13604	5	12	1608	4	0	1629
13605	1	1635	8	2	0	1646
13606	2	7	4	1603	0	1616
13607	2	5	1	1608	0	1616
13608	2	1603	4	10	0	1619
13609	0	1614	5	5	0	1624
13610	1654	8	1	9	0	1672
13611	1641	3	1	7	0	1652
13612	9	3	1622	2	0	1636
13613	1616	1	4	13	0	1634
13614	1722	0	6	7	0	1735
13615	1719	4	2	2	0	1727
13616	1707	0	10	8	0	1725
13617	11	6	1697	2	0	1716
13618	7	5	1657	1	0	1670
13619	1768	0	7	4	0	1779
13620	10	1872	4	3	0	1889
13621	6	9	1892	1	0	1908
13622	1895	3	7	12	0	1917
13623	1905	2	4	10	0	1921
13624	11	7	1884	2	0	1904
13625	1858	2	9	1	0	1870
13626	11	3	5	2063	0	2082
13627	5	5	2092	13	0	2115
13628	1937	1	11	6	0	1955
13629	11	2101	8	2	0	2122
13630	2154	9	4	9	0	2176
13631	2427	5	3	33	0	2468
13632	19	3	1	2457	0	2480
13633	7	2	2	2477	0	2488
13634	4	1	4	2495	0	2504
13635	2525	2	2	21	0	2550
13636	2695	3	2	19	0	2719
13637	21	2	2	2713	0	2738
13638	14	2	1	2685	0	2702
13639	5	4	2627	25	0	2661
13640	2503	2	16	19	0	2540
13641	17	2	7	2711	0	2737
13642	13	3	3	2690	0	2709
13643	1	2669	4	34	0	2708
13644	4	18	3	2701	0	2726
13645	6	10	3	2719	0	2738
13646	2664	3	0	28	0	2695
13647	22	2726	3	11	0	2762
13648	16	24	1	2786	0	2827
13649	8	9	1	2810	0	2828
13650	4	3	2	2850	0	2859
13651	5	7	2744	38	0	2794
13652	9	2	25	2715	0	2751
13653	2689	3	8	31	0	2731
13654	31	3	2701	10	0	2745
13655	13	0	26	2691	0	2730
13656	5	0	11	2781	0	2797
13657	2728	0	4	44	0	2776
13658	2647	4	2	16	0	2669
13659	37	5	2635	5	0	2682
13660	2440	1	24	14	0	2479
13661	28	7	2631	3	0	2669
13662	2582	2	30	4	0	2618
13663	31	2899	12	4	0	2946
13664	2962	28	2	6	0	2998
13665	28	2990	5	4	0	3027
13666	3080	29	4	10	0	3123
13667	32	3102	2	7	0	3143
13668	12	34	2	3145	0	3193
13669	6	10	4	3154	0	3174
13670	3	3	2	3174	0	3182
13671	2	3101	3	49	0	3155
13672	5	31	3	3112	0	3151
13673	1	3138	8	36	0	3183
13674	3	32	2	3184	0	3221
13675	3191	15	2	42	0	3250
13676	3193	3	0	17	0	3213
13677	42	3181	2	11	0	3236
13678	18	32	2	3256	0	3308
13679	3205	12	2	40	0	3259
13680	36	3245	7	18	0	3306
13681	16	3275	8	10	0	3309
13682	3309	47	3	11	0	3370
13683	3350	18	1	8	0	3377
13684	48	3314	4	8	0	3374
13685	3324	35	2	14	0	3375
13686	40	15	1	3317	0	3373
13687	20	9	3434	39	0	3502
13688	3437	7	35	30	0	3509
13689	3535	2	14	11	0	3562
13690	55	10	3527	5	0	3597
13691	3560	1	40	23	0	3624
13692	3717	2	14	18	0	3751
13693	3824	3	4	10	0	3841
13694	62	3747	7	4	0	3820
13695	3815	42	0	9	0	3866
13696	3842	19	2	15	0	3878
13697	58	10	2	3820	0	3890
13698	28	5	2	3933	0	3968
13699	14	4	1	3981	0	4000
13700	3983	2	0	64	0	4049
13701	47	8	2	3886	0	3943
13702	3925	5	1	60	0	3991
13703	4022	9	1	42	0	4074
13704	71	8	3	4017	0	4099
13705	32	10	3	4242	0	4287
13706	23	4	4	4284	0	4315
13707	4255	10	3	73	0	4341
13708	54	4251	10	37	0	4352
13709	33	51	3	4346	0	4433
13710	25	26	2	4418	0	4471
13711	4372	9	1	79	0	4461
13712	4448	6	3	41	0	4498
13713	73	10	4313	22	0	4418
13714	38	10	4266	18	0	4332
13715	4550	15	66	18	0	4649
13716	67	6	29	4643	0	4745
13717	42	5	10	5352	0	5409
13718	27	11	5282	120	0	5440
13719	26	8	88	5132	0	5254
13720	17	5169	37	106	0	5329
13721	16	5299	16	70	0	5401
13722	5192	114	8	27	0	5341
13723	105	42	5179	22	0	5348
13724	48	5304	72	17	0	5441
13725	34	89	40	5343	0	5506
13726	22	34	5261	94	0	5411
13727	29	13	90	5192	0	5324
13728	20	15	30	5312	0	5377
13729	23	10	5320	122	0	5475
13730	24	5378	91	48	0	5541
13731	27	90	36	5038	0	5191
13732	5122	36	16	98	0	5272
13733	5183	13	10	47	0	5253
13734	5182	16	8	28	0	5234
13735	129	5038	13	23	0	5203
13736	4971	82	15	21	0	5089
13737	117	38	11	4948	0	5114
13738	41	22	4911	104	0	5078
13739	4807	11	86	56	0	4960
13740	99	4911	34	51	0	5095
13741	48	77	15	4953	0	5093
13742	39	35	17	4942	0	5033
13743	30	4905	14	116	0	5065
13744	40	82	13	5054	0	5189
13745	32	32	11	5097	0	5172
13746	40	19	9	5152	0	5220
13747	4989	17	27	125	0	5158
13748	4983	17	16	71	0	5087
13749	108	41	4994	40	0	5183
13750	52	29	77	4975	0	5133
13751	43	19	38	5106	0	5206
13752	29	19	31	5148	0	5227
13753	5030	27	16	135	0	5208
13754	94	22	4972	68	0	5156
13755	4909	20	86	43	0	5058
13756	5079	22	36	42	0	5179
13757	132	15	23	5039	0	5209
13758	5071	8	24	122	0	5225
13759	97	31	4985	65	0	5178
13760	4952	17	84	48	0	5101
13761	108	5479	49	47	0	5683
13762	61	82	5401	38	0	5582
13763	48	49	5363	38	0	5498
13764	47	46	115	5296	0	5504
13765	43	30	5384	110	0	5567
13766	5167	19	93	80	0	5359
13767	108	5153	53	40	0	5354
13768	5215	88	17	51	0	5371
13769	112	50	18	5231	0	5411
13770	50	24	5249	133	0	5456
13771	29	22	5204	82	0	5337
13772	38	19	114	5239	0	5410
13773	5309	17	39	136	0	5501
13774	95	5214	23	77	0	5409
13775	50	5379	34	64	0	5527
13776	5354	107	21	68	0	5550
13777	114	5352	27	53	0	5546
13778	5365	92	35	40	0	5532
13779	127	49	17	5335	0	5528
13780	5325	13	31	118	0	5487
13781	120	22	24	5343	0	5509
13782	5381	21	17	135	0	5554
13783	106	12	47	5335	0	5500
13784	67	5299	43	96	0	5505
13785	5300	80	26	84	0	5490
13786	105	5277	24	84	0	5490
13787	76	97	5074	34	0	5281
13788	50	50	94	4819	0	5013
13789	51	5151	45	78	0	5325
13790	5092	88	27	64	0	5271
13791	5011	40	36	42	0	5129
13792	127	4930	33	34	0	5124
13793	58	98	4884	41	0	5081
13794	55	43	90	4720	0	4908
13795	32	4777	57	101	0	4967
13796	40	92	35	4858	0	5025
13797	56	46	17	4914	0	5033
13798	4787	27	21	135	0	4970
13799	104	4798	27	68	0	4997
13800	55	90	18	4808	0	4971
13801	4829	46	18	120	0	5013
13802	4845	23	24	73	0	4965
13803	4754	32	20	49	0	4855
13804	160	27	17	4629	0	4833
13805	4478	16	18	105	0	4617
13806	109	4453	24	48	0	4634
13807	4454	75	29	41	0	4599
13808	94	4472	19	48	0	4633
13809	4505	74	16	54	0	4649
13810	4467	50	10	54	0	4581
13811	132	44	34	4328	0	4538
13812	64	20	4442	97	0	4623
13813	47	32	4372	43	0	4494
13814	44	4400	88	40	0	4572
13815	4266	77	29	36	0	4408
13816	90	41	4181	21	0	4333
13817	3163	13	34	16	0	3226
13818	33	3304	19	12	0	3368
13819	24	3505	17	11	0	3557
13820	18	37	6	3707	0	3768
13821	17	3845	3	36	0	3901
13822	13	45	3892	21	0	3971
13823	25	24	30	3775	0	3854
13824	13	4005	26	45	0	4089
13825	23	50	6	4075	0	4154
13826	4054	30	6	61	0	4151
13827	52	12	7	4087	0	4158
13828	31	17	4095	54	0	4197
13829	12	4092	52	43	0	4199
13830	22	58	27	4054	0	4161
13831	16	30	9	4128	0	4183
13832	16	20	8	4155	0	4199
13833	4019	11	6	89	0	4125
13834	4039	10	8	45	0	4102
13835	82	11	4035	18	0	4146
13836	31	20	4014	18	0	4083
13837	16	4044	69	19	0	4148
13838	4128	52	28	24	0	4232
13839	61	31	12	4132	0	4236
13840	36	16	7	4133	0	4192
13841	18	14	3	4153	0	4188
13842	29	7	2	4161	0	4199
13843	18	15	3972	83	0	4088
13844	3850	6	54	54	0	3964
13845	65	4	28	4644	0	4741
13846	48	17	4604	73	0	4742
13847	4681	13	77	59	0	4830
13848	5182	11	45	33	0	5271
13849	150	19	5770	17	0	5956
13850	90	8	6002	8	0	6108
13851	48	7	176	5878	0	6109
13852	5965	13	79	137	0	6194
13853	6069	9	38	82	0	6198
13854	218	14	23	5828	0	6083
13855	105	10	14	6070	0	6199
13856	43	10	5987	179	0	6219
13857	33	21	129	5947	0	6130
13858	21	13	5987	154	0	6175
13859	5688	11	138	91	0	5928
13860	131	5949	87	40	0	6207
13861	5555	112	14	24	0	5705
13862	126	5537	26	29	0	5718
13863	5531	131	21	15	0	5698
13864	158	63	10	5384	0	5615
13865	84	22	7	5458	0	5571
13866	5486	14	8	174	0	5682
13867	5592	9	5	75	0	5681
13868	5602	7	6	37	0	5652
13869	5654	12	5	41	0	5712
13870	212	16	5433	16	0	5677
13871	5500	7	126	28	0	5661
13872	5646	8	61	28	0	5743
13873	5616	4	24	28	0	5672
13874	224	10	19	5417	0	5670
13875	5331	6	15	141	0	5493
13876	154	5284	15	73	0	5526
13877	91	117	9	5328	0	5545
13878	49	62	11	5433	0	5555
13879	39	22	5285	191	0	5537
13880	36	15	126	5184	0	5361
13881	21	5250	68	150	0	5489
13882	5184	121	24	93	0	5422
13883	132	5268	27	47	0	5474
13884	5319	137	16	32	0	5504
13885	169	79	13	5237	0	5498
13886	5217	24	15	153	0	5409
13887	162	5126	24	76	0	5388
13888	5259	133	19	34	0	5445
13889	5295	65	10	36	0	5406
13890	218	26	12	5130	0	5386
13891	114	14	15	5286	0	5429
13892	52	14	5151	205	0	5422
13893	59	10	120	5172	0	5361
13894	46	10	72	5278	0	5406
13895	38	10	5137	209	0	5394
13896	45	8	148	5195	0	5396
13897	43	11	5153	162	0	5369
13898	5046	12	147	93	0	5298
13899	163	6	79	5110	0	5358
13900	91	13	5003	154	0	5261
13901	4979	11	138	80	0	5208
13902	165	11	67	5021	0	5264
13903	91	16	5065	159	0	5331
13904	5074	12	140	88	0	5314
13905	176	18	68	5121	0	5383
13906	102	11	28	5223	0	5364
13907	5217	17	23	205	0	5462
13908	176	13	15	5229	0	5433
13909	114	12	14	5278	0	5418
13910	75	9	18	5138	0	5240
13911	50	5061	25	219	0	5355
13912	5003	128	21	107	0	5259
13913	5114	65	15	54	0	5248
13914	240	31	15	4940	0	5226
13915	5024	19	20	159	0	5222
13916	5075	10	20	108	0	5213
13917	5115	13	21	65	0	5214
13918	4567	17	33	56	0	4673
13919	4901	15	32	52	0	5000
13920	236	16	4408	50	0	4710
13921	114	20	4230	48	0	4412
13922	4203	9	166	43	0	4421
13923	149	4195	97	47	0	4488
13924	99	94	35	4118	0	4346
13925	58	64	4078	128	0	4328
13926	52	35	4102	77	0	4266
13927	68	27	170	3988	0	4253
13928	3993	28	109	137	0	4267
13929	141	23	31	4057	0	4252
13930	92	19	4008	141	0	4260
13931	4097	8	107	100	0	4312
13932	144	12	62	4190	0	4408
13933	107	8	28	4289	0	4432
13934	64	3	20	4378	0	4465
13935	58	5	21	4348	0	4432
13936	47	14	4135	195	0	4391
13937	58	10	107	4183	0	4358
13938	4160	8	58	154	0	4380
13939	133	8	4097	93	0	4331
13940	4134	9	111	53	0	4307
13941	4247	10	70	51	0	4378
13942	4275	9	30	39	0	4353
13943	4219	13	20	41	0	4293
13944	182	4002	21	50	0	4255
13945	71	3420	17	21	0	3529
13946	41	3529	20	24	0	3614
13947	3219	105	59	48	0	3431
13948	89	38	2933	25	0	3085
13949	2105	33	54	11	0	2203
13950	49	3	13	2051	0	2116
13951	2077	3	6	29	0	2115
13952	38	1	4	2058	0	2101
13953	2066	5	5	33	0	2109
13954	39	3	0	2060	0	2102
13955	20	3	1	2090	0	2114
13956	1703	3	3	47	0	1756
13957	34	2421	4	15	0	2474
13958	17	25	2394	10	0	2446
13959	9	2352	22	15	0	2398
13960	4	20	2287	8	0	2319
13961	4	20	30	2199	0	2253
13962	2233	4	6	19	0	2262
13963	13	1	6	2196	0	2216
13964	2171	2	1	24	0	2198
13965	18	2316	4	12	0	2350
13966	11	17	2341	7	0	2376
13967	5	2333	13	4	0	2355
13968	6	2376	8	2	0	2392
13969	2253	8	3	2	0	2266
13970	2195	4	4	6	0	2209
13971	11	2267	2	5	0	2285
13972	7	5	1	2277	0	2290
13973	5	2	0	2277	0	2284
13974	2281	2	4	13	0	2300
13975	6	8	2295	7	0	2316
13976	5	7	2234	6	0	2252
13977	12	2	9	2336	0	2359
13978	6	6	2362	9	0	2383
13979	2249	2	10	12	0	2273
13980	2387	2	6	11	0	2406
13981	11	2391	7	4	0	2413
13982	10	9	2437	5	0	2461
13983	12	4	4	2438	0	2458
13984	4	11	2527	12	0	2554
13985	3	3	11	2519	0	2536
13986	2542	2	6	14	0	2564
13987	11	2596	9	9	0	2625
13988	15	17	2679	11	0	2722
13989	7	2746	9	7	0	2769
13990	4	2787	9	8	0	2808
13991	2807	13	6	13	0	2839
13992	2737	5	3	16	0	2761
13993	18	10	2845	8	0	2881
13994	14	2936	12	22	0	2984
13995	12	11	7	2963	0	2993
13996	12	5	7	2961	0	2985
13997	6	6	2	2973	0	2987
13998	9	8	2986	17	0	3020
13999	6	7	12	2964	0	2989
14000	7	6	6	3060	0	3079
14001	3114	6	4	32	0	3156
14002	3147	1	1	19	0	3168
14003	3137	3	6	24	0	3170
14004	3133	2	3	11	0	3149
14005	3115	2	4	11	0	3132
14006	20	3088	8	6	0	3122
14007	3006	9	2	14	0	3031
14008	16	11	2986	2	0	3015
14009	8	6	8	2977	0	2999
14010	3029	4	2	17	0	3052
14011	12	3015	6	6	0	3039
14012	3069	10	0	11	0	3090
14013	3145	4	4	16	0	3169
14014	10	6	1	3189	0	3206
14015	8	4	5	3265	0	3282
14016	4	3422	4	20	0	3450
14017	8	15	4	3503	0	3530
14018	5	12	3640	23	0	3680
14019	8	4	20	3673	0	3705
14020	6	4	3659	24	0	3693
14021	3485	3	19	11	0	3518
14022	27	3	4	3691	0	3725
14023	11	4	3701	25	0	3741
14024	5	3610	22	16	0	3653
14025	7	3647	10	3	0	3667
14026	3633	22	8	11	0	3674
14027	30	8	6	3611	0	3655
14028	7	8	3775	22	0	3812
14029	2	3732	18	19	0	3771
14030	5	27	3774	2	0	3808
14031	3649	6	15	12	0	3682
14032	3682	3	8	8	0	3701
14033	3718	5	3	11	0	3737
14034	23	3	3	3716	0	3745
14035	10	6	3678	24	0	3718
14036	8	3708	21	11	0	3748
14037	9	20	8	3774	0	3811
14038	8	11	3704	24	0	3747
14039	7	14	3604	12	0	3637
14040	8	4	27	3733	0	3772
14041	3759	5	7	36	0	3807
14042	21	8	8	3764	0	3801
14043	11	7	9	3810	0	3837
14044	7	6	3838	27	0	3878
14045	13	3	20	3801	0	3837
14046	20	4	6	3826	0	3856
14047	9	9	3891	29	0	3938
14048	9	11	3815	17	0	3852
14049	7	5	32	3835	0	3879
14050	12	12	3924	26	0	3974
14051	7	3	22	3904	0	3936
14052	3888	4	14	39	0	3945
14053	19	4033	15	23	0	4090
14054	14	34	8	4107	0	4163
14055	7	16	4057	25	0	4105
14056	3511	5	26	28	0	3570
14057	25	3668	12	12	0	3717
14058	3696	27	10	23	0	3756
14059	25	6	9	3703	0	3743
14060	11	3	9	3727	0	3750
14061	3797	5	11	46	0	3859
14062	28	11	3848	11	0	3898
14063	3791	3	26	20	0	3840
14064	26	1	13	3938	0	3978
14065	3839	4	12	35	0	3890
14066	3808	3	6	27	0	3844
14067	40	7	9	3750	0	3806
14068	13	3970	12	31	0	4026
14069	4064	23	9	24	0	4120
14070	4137	14	9	17	0	4177
14071	46	19	4098	10	0	4173
14072	4063	7	32	12	0	4114
14073	50	4	15	4099	0	4168
14074	24	4198	11	45	0	4278
14075	16	40	11	4050	0	4117
14076	10	4201	11	36	0	4258
14077	4145	31	5	31	0	4212
14078	4250	21	3	19	0	4293
14079	55	8	5	4580	0	4648
14080	29	7	4527	47	0	4610
14081	16	19	4508	33	0	4576
14082	19	8	57	4717	0	4801
14083	4690	3	37	56	0	4786
14084	5090	2	15	38	0	5145
14085	80	5104	17	44	0	5245
14086	57	69	11	5173	0	5310
14087	22	30	5252	82	0	5386
14088	12	18	5414	40	0	5484
14089	18	11	103	5734	0	5866
14090	6016	8	44	116	0	6184
14091	115	7	17	6120	0	6259
14092	56	9	6065	108	0	6238
14093	6004	6	102	69	0	6181
14094	107	5	49	6000	0	6161
14095	62	7	19	6095	0	6183
14096	25	1	12	6010	0	6048
14097	18	5979	16	142	0	6155
14098	28	94	6000	57	0	6179
14099	10	49	6128	26	0	6213
14100	24	10	141	6100	0	6275
14101	12	11	6119	112	0	6254
14102	5999	13	123	63	0	6198
14103	114	7	54	6005	0	6180
14104	71	9	21	6039	0	6140
14105	38	10	12	5985	0	6045
14106	19	5987	31	148	0	6185
14107	6128	97	18	66	0	6309
14108	119	46	10	6082	0	6257
14109	6065	12	12	133	0	6222
14110	119	6041	15	69	0	6244
14111	6059	116	9	35	0	6219
14112	6033	48	13	34	0	6128
14113	6054	14	21	35	0	6124
14114	166	5893	20	33	0	6112
14115	71	5887	30	31	0	6019
14116	5665	127	11	39	0	5842
14117	115	5679	22	32	0	5848
14118	55	104	5505	26	0	5690
14119	31	5429	97	23	0	5580
14120	27	5606	55	24	0	5712
14121	5516	141	23	25	0	5705
14122	103	58	5476	30	0	5667
14123	63	29	5439	24	0	5555
14124	37	17	143	5367	0	5564
14125	5460	18	61	115	0	5654
14126	111	12	5472	65	0	5660
14127	64	11	111	5521	0	5707
14128	28	16	5353	115	0	5512
14129	27	20	5313	70	0	5430
14130	5163	11	137	44	0	5355
14131	116	21	5343	24	0	5504
14132	74	17	114	5241	0	5446
14133	41	20	64	5228	0	5353
14134	31	5229	40	133	0	5433
14135	31	5337	30	72	0	5470
14136	37	145	25	5210	0	5417
14137	32	66	5230	117	0	5445
14138	44	27	103	5230	0	5404
14139	37	23	55	5321	0	5436
14140	35	26	5294	164	0	5519
14141	38	20	112	5378	0	5548
14142	5415	24	64	138	0	5641
14143	112	27	5443	80	0	5662
14144	5440	20	114	49	0	5623
14145	137	14	78	5401	0	5630
14146	88	17	34	5527	0	5666
14147	39	5495	33	170	0	5737
14148	44	109	43	5555	0	5751
14149	52	59	29	5666	0	5806
14150	5580	29	33	190	0	5832
14151	131	20	37	5636	0	5824
14152	81	19	39	5696	0	5835
14153	5443	29	36	198	0	5706
14154	139	27	36	5549	0	5751
14155	75	32	38	5323	0	5468
14156	44	5447	47	188	0	5726
14157	5505	112	42	107	0	5766
14158	153	58	37	5550	0	5798
14159	85	26	31	5671	0	5813
14160	56	29	5495	193	0	5773
14161	58	31	123	5422	0	5634
14162	53	24	75	5494	0	5646
14163	5330	20	38	205	0	5593
14164	5379	27	35	116	0	5557
14165	180	20	30	5296	0	5526
14166	82	31	5183	157	0	5453
14167	48	5057	132	96	0	5333
14168	43	5104	74	69	0	5290
14169	79	157	53	5017	0	5306
14170	5015	70	45	148	0	5278
14171	137	44	18	5065	0	5264
14172	5083	25	14	145	0	5267
14173	131	28	19	5143	0	5321
14174	78	24	20	5107	0	5229
14175	4960	32	19	175	0	5186
14176	4979	31	19	87	0	5116
14177	178	4915	24	57	0	5174
14178	72	5084	26	46	0	5228
14179	43	138	16	4570	0	4767
14180	44	58	20	4664	0	4786
14181	37	25	4506	139	0	4707
14182	4118	16	114	75	0	4323
14183	111	4339	51	45	0	4546
14184	39	3946	17	54	0	4056
14185	3809	83	18	32	0	3942
14186	78	32	3816	25	0	3951
14187	36	14	3711	20	0	3781
14188	25	24	3384	25	0	3458
14189	12	3085	52	26	0	3175
14190	9	26	47	2822	0	2904
14191	11	11	6	2826	0	2854
14192	9	7	2	2817	0	2835
14193	2715	5	1	53	0	2774
14194	2702	5	6	24	0	2737
14195	43	2702	13	19	0	2777
14196	20	27	5	2741	0	2793
14197	11	14	2723	33	0	2781
14198	9	2751	32	14	0	2806
14199	2692	33	14	26	0	2765
14200	36	15	2667	9	0	2727
14201	2401	6	28	13	0	2448
14202	36	7	2633	10	0	2686
14203	12	21	29	2556	0	2618
14204	8	2631	12	38	0	2689
14205	2633	25	10	17	0	2685
14206	37	2694	5	12	0	2748
14207	2654	29	3	16	0	2702
14208	30	13	3	2634	0	2680
14209	16	13	2698	37	0	2764
14210	8	3	27	2836	0	2874
14211	7	5	11	3102	0	3125
14212	8	14	3014	50	0	3086
14213	2842	5	40	30	0	2917
14214	39	3049	16	14	0	3118
14215	3019	35	6	21	0	3081
14216	41	3140	8	12	0	3201
14217	17	41	5	3481	0	3544
14218	12	15	3437	57	0	3521
14219	4248	10	49	32	0	4339
14220	82	4405	18	12	0	4517
14221	43	79	4	4390	0	4516
14222	16	34	9	4537	0	4596
14223	4758	8	6	119	0	4891
14224	5012	4	4	52	0	5072
14225	122	5073	11	17	0	5223
14226	5293	92	5	19	0	5409
14227	5285	39	7	23	0	5354
14228	5307	11	4	13	0	5335
14229	144	16	5182	10	0	5352
14230	51	5087	102	24	0	5264
14231	23	5328	48	12	0	5411
14232	31	134	10	5036	0	5211
14233	15	57	12	5256	0	5340
14234	5202	19	10	144	0	5375
14235	98	5193	9	70	0	5370
14236	5254	101	6	31	0	5392
14237	121	51	11	5181	0	5364
14238	65	15	8	5278	0	5366
14239	5186	19	3	150	0	5358
14240	5147	18	5	65	0	5235
14241	154	12	5030	25	0	5221
14242	69	20	100	4983	0	5172
14243	32	13	4896	112	0	5053
14244	28	18	4890	52	0	4988
14245	30	16	4923	18	0	4987
14246	4735	26	161	28	0	4950
14247	117	43	52	4695	0	4907
14248	70	15	22	4769	0	4876
14249	35	15	19	4846	0	4915
14250	37	17	4739	149	0	4942
14251	40	16	98	4752	0	4906
14252	25	19	54	4834	0	4932
14253	4732	12	13	157	0	4914
14254	4787	13	20	66	0	4886
14255	4863	13	25	34	0	4935
14256	4861	12	14	39	0	4926
14257	190	24	15	4682	0	4911
14258	4740	19	16	127	0	4902
14259	140	19	14	4727	0	4900
14260	89	18	4518	128	0	4753
14261	4612	17	92	83	0	4804
14262	138	4625	48	41	0	4852
14263	93	106	20	4615	0	4834
14264	60	67	15	4590	0	4732
14265	45	4644	18	158	0	4865
14266	4647	109	14	77	0	4847
14267	125	4541	21	66	0	4753
14268	88	102	4535	35	0	4760
14269	46	74	4567	36	0	4723
14270	4493	25	148	34	0	4700
14271	4606	19	67	42	0	4734
14272	163	25	4445	36	0	4669
14273	4493	17	116	40	0	4666
14274	125	16	4497	44	0	4682
14275	4508	16	116	41	0	4681
14276	134	28	4466	43	0	4671
14277	97	22	4487	47	0	4653
14278	72	18	152	4157	0	4399
14279	62	14	78	4348	0	4502
14280	4352	15	31	173	0	4571
14281	4395	19	33	91	0	4538
14282	4440	16	37	51	0	4544
14283	4450	17	26	52	0	4545
14284	204	4236	29	48	0	4517
14285	125	92	33	4148	0	4398
14286	71	4256	42	131	0	4500
14287	83	102	33	4309	0	4527
14288	94	69	32	4305	0	4500
14289	77	33	17	4315	0	4442
14290	72	32	4124	182	0	4410
14291	4037	34	105	102	0	4278
14292	148	4020	63	62	0	4293
14293	91	4183	28	75	0	4377
14294	61	145	4191	67	0	4464
14295	74	61	117	4152	0	4404
14296	76	31	69	4217	0	4393
14297	4167	30	44	165	0	4406
14298	155	19	42	4143	0	4359
14299	102	28	51	4235	0	4416
14300	80	20	42	4292	0	4434
14301	64	18	50	4358	0	4490
14302	4185	14	60	178	0	4437
14303	4254	12	65	96	0	4427
14304	4317	13	44	62	0	4436
14305	204	8	44	4264	0	4520
14306	4270	15	54	145	0	4484
14307	158	12	32	4368	0	4570
14308	128	9	42	4432	0	4611
14309	70	20	4204	197	0	4491
14310	67	12	4055	107	0	4241
14311	68	12	3867	53	0	4000
14312	3783	12	152	51	0	3998
14313	135	17	79	3539	0	3770
14314	104	3642	29	114	0	3889
14315	3702	74	31	94	0	3901
14316	130	60	3576	50	0	3816
14317	3210	11	76	52	0	3349
14318	97	3062	73	31	0	3263
14319	2135	36	12	26	0	2209
14320	64	27	11	2118	0	2220
14321	2108	9	21	55	0	2193
14322	51	2034	14	46	0	2145
14323	43	2005	13	19	0	2080
14324	1711	35	14	15	0	1775
14325	31	1750	14	18	0	1813
14326	26	1486	3	6	0	1521
14327	7	1527	10	14	0	1558
14328	1481	39	37	12	0	1569
14329	1461	11	6	12	0	1490
14330	1500	5	2	12	0	1519
14331	31	2	3	1475	0	1511
14332	19	8	3	1491	0	1521
14333	7	6	1489	23	0	1525
14334	5	4	14	1488	0	1511
14335	7	1	1539	17	0	1564
14336	5	4	12	1554	0	1575
14337	6	2	12	1566	0	1586
14338	1552	0	2	27	0	1581
14339	1554	2	5	23	0	1584
14340	25	1557	6	2	0	1590
14341	19	9	2	1550	0	1580
14342	4	13	1676	13	0	1706
14343	8	3	10	1666	0	1687
14344	15	3	15	1683	0	1716
14345	10	2	1	1721	0	1734
14346	7	5	1694	24	0	1730
14347	13	5	1568	12	0	1598
14348	1666	4	23	8	0	1701
14349	16	4	13	1719	0	1752
14350	14	5	1672	18	0	1709
14351	1592	3	11	21	0	1627
14352	15	1688	9	9	0	1721
14353	1714	13	5	4	0	1736
14354	16	10	1751	7	0	1784
14355	1724	2	11	18	0	1755
14356	16	3	11	1799	0	1829
14357	11	5	1843	15	0	1874
14358	6	1832	14	13	0	1865
14359	1863	10	11	7	0	1891
14360	18	11	4	1853	0	1886
14361	13	6	5	1867	0	1891
14362	7	1893	5	20	0	1925
14363	8	7	5	1918	0	1938
14364	3	12	1922	16	0	1953
14365	4	1912	12	17	0	1945
14366	1937	12	13	6	0	1968
14367	16	12	2	1922	0	1952
14368	16	2	2	1914	0	1934
14369	4	9	1898	23	0	1934
14370	6	5	10	1893	0	1914
14371	17	13	1956	12	0	1998
14372	4	1962	13	11	0	1990
14373	1922	11	13	14	0	1960
14374	1933	9	3	10	0	1955
14375	1928	1	4	11	0	1944
14376	21	1985	5	8	0	2019
14377	17	8	4	2019	0	2048
14378	4	11	4	2021	0	2040
14379	4	7	4	1922	0	1937
14380	2007	1	7	19	0	2034
14381	2005	1	1	16	0	2023
14382	20	5	3	2005	0	2033
14383	15	6	2247	16	0	2284
14384	6	3	11	2256	0	2276
14385	8	1	10	2251	0	2270
14386	7	3	3	2276	0	2289
14387	6	5	1	2282	0	2294
14388	2292	1	2	27	0	2322
14389	9	0	6	2369	0	2384
14390	12	1	5	2370	0	2388
14391	4	2361	7	20	0	2392
14392	5	9	3	2456	0	2473
14393	5	2473	6	16	0	2500
14394	4	13	2	2482	0	2501
14395	2474	10	1	19	0	2504
14396	11	2479	4	17	0	2511
14397	2447	11	3	13	0	2474
14398	19	14	2468	6	0	2507
14399	17	4	10	2413	0	2444
14400	7	6	2451	15	0	2479
14401	6	2	16	2428	0	2452
14402	8	3	11	2417	0	2439
14403	2	2438	8	27	0	2475
14404	5	2456	7	16	0	2484
14405	4	2473	3	14	0	2494
14406	2467	17	2	10	0	2496
14407	9	2363	3	4	0	2379
14408	4	2335	3	3	0	2345
14409	2	11	0	2400	0	2413
14410	2389	3	1	19	0	2412
14411	8	2548	1	7	0	2564
14412	2663	10	0	21	0	2694
14413	2672	4	1	12	0	2689
14414	12	6	2801	10	0	2829
14415	10	2	10	2768	0	2790
14416	3	2	4	2884	0	2893
14417	2	2	3	2890	0	2897
14418	3	4	3	2868	0	2878
14419	5	5	2783	15	0	2808
14420	6	7	2447	8	0	2468
14421	2496	1	10	13	0	2520
14422	8	2713	5	3	0	2729
14423	4	2701	3	5	0	2713
14424	2721	7	3	9	0	2740
14425	4	2689	4	5	0	2702
14426	4	10	1	2700	0	2715
14427	2698	3	0	13	0	2714
14428	10	10	2740	6	0	2766
14429	7	4	8	2754	0	2773
14430	7	7	2732	9	0	2755
14431	2609	4	7	14	0	2634
14432	9	8	3008	5	0	3030
14433	3041	5	9	17	0	3072
14434	3175	3	5	18	0	3201
14435	3185	4	2	11	0	3202
14436	3224	3	1	11	0	3239
14437	3243	1	0	6	0	3250
14438	15	4	4	3258	0	3281
14439	3364	2	2	26	0	3394
14440	11	1	4	3383	0	3399
14441	15	3	2	3377	0	3397
14442	8	3	4	3329	0	3344
14443	3	7	3386	19	0	3415
14444	7	2	7	3337	0	3353
14445	7	5	8	3422	0	3442
14446	2	14	3360	16	0	3392
14447	3121	6	8	16	0	3151
14448	16	7	6	3442	0	3471
14449	10	9	3410	13	0	3442
14450	8	9	3324	14	0	3355
14451	8	3	14	3371	0	3396
14452	10	4	3462	16	0	3492
14453	5	3	10	3479	0	3497
14454	9	3	9	3476	0	3497
14455	4	3449	6	17	0	3476
14456	4	3461	7	10	0	3482
14457	3491	14	4	18	0	3527
14458	13	11	2	3526	0	3552
14459	14	4	2	3469	0	3489
14460	9	3	5	3556	0	3573
14461	5	10	3565	25	0	3605
14462	9	2	14	3530	0	3555
14463	3518	4	8	25	0	3555
14464	18	11	3631	12	0	3672
14465	11	5	12	3738	0	3766
14466	7	4	6	3804	0	3821
14467	1	3	3	3821	0	3828
14468	2	4072	7	26	0	4107
14469	4083	19	1	32	0	4135
14470	4401	13	8	17	0	4439
14471	53	4494	11	5	0	4563
14472	33	32	3	4761	0	4829
14473	12	21	4807	36	0	4876
14474	9	6	4689	18	0	4722
14475	4789	2	72	23	0	4886
14476	54	2	23	4954	0	5033
14477	5182	1	6	57	0	5246
14478	56	5273	7	24	0	5360
14479	26	5356	7	9	0	5398
14480	5274	70	3	21	0	5368
14481	50	5447	6	5	0	5508
14482	36	51	0	5533	0	5620
14483	12	24	5	5208	0	5249
14484	10	5656	12	80	0	5758
14485	5751	56	5	38	0	5850
14486	58	37	5780	13	0	5888
14487	5548	7	59	20	0	5634
14488	65	18	5825	6	0	5914
14489	5373	4	68	30	0	5475
14490	75	16	5826	8	0	5925
14491	27	5750	66	9	0	5852
14492	43	55	27	5732	0	5857
14493	5674	34	18	60	0	5786
14494	66	18	5670	30	0	5784
14495	31	14	5676	11	0	5732
14496	18	4	80	5566	0	5668
14497	15	10	5685	61	0	5771
14498	11	6	60	5620	0	5697
14499	13	4	27	5615	0	5659
14500	13	24	5622	85	0	5744
14501	14	11	53	5619	0	5697
14502	5687	4	28	87	0	5806
14503	58	5647	16	35	0	5756
14504	5688	59	7	22	0	5776
14505	67	28	12	5618	0	5725
14506	5643	13	13	74	0	5743
14507	5756	5	11	44	0	5816
14508	100	12	6	5677	0	5795
14509	40	5797	9	61	0	5907
14510	5852	52	11	42	0	5957
14511	69	32	5648	16	0	5765
14512	35	18	5543	13	0	5609
14513	5453	10	87	23	0	5573
14514	65	8	36	5413	0	5522
14515	36	18	5425	66	0	5545
14516	26	11	62	5429	0	5528
14517	5456	12	38	76	0	5582
14518	5554	8	11	65	0	5638
14519	5535	11	12	32	0	5590
14520	99	5740	21	15	0	5875
14521	54	65	8	5779	0	5906
14522	26	36	17	5778	0	5857
14523	5758	13	10	109	0	5890
14524	76	5751	17	46	0	5890
14525	5755	62	12	39	0	5868
14526	86	37	14	5743	0	5880
14527	5743	23	12	72	0	5850
14528	85	20	5553	44	0	5702
14529	46	5612	72	21	0	5751
14530	54	79	35	5378	0	5546
14531	16	5717	26	60	0	5819
14532	20	69	23	5460	0	5572
14533	5379	31	13	91	0	5514
14534	79	20	5254	39	0	5392
14535	5106	4	74	24	0	5208
14536	80	5305	48	17	0	5450
14537	51	70	26	5397	0	5544
14538	30	27	19	5497	0	5573
14539	5274	21	14	115	0	5424
14540	75	27	5273	47	0	5422
14541	47	12	59	5334	0	5452
14542	37	16	33	5348	0	5434
14543	30	5	27	5314	0	5376
14544	30	7	16	5375	0	5428
14545	5236	8	15	106	0	5365
14546	5241	14	14	60	0	5329
14547	100	14	5203	32	0	5349
14548	51	15	5003	29	0	5098
14549	5204	11	93	37	0	5345
14550	5381	7	40	35	0	5463
14551	105	15	19	5324	0	5463
14552	53	10	12	5335	0	5410
14553	5241	13	16	103	0	5373
14554	78	5238	33	60	0	5409
14555	61	64	13	5270	0	5408
14556	40	30	11	5331	0	5412
14557	29	25	5174	110	0	5338
14558	20	15	73	5215	0	5323
14559	28	19	5227	97	0	5371
14560	31	7	75	5219	0	5332
14561	5128	11	40	91	0	5270
14562	90	9	23	5142	0	5264
14563	49	17	5107	89	0	5262
14564	24	4874	80	58	0	5036
14565	45	70	32	4995	0	5142
14566	38	38	5020	79	0	5175
14567	31	5099	63	43	0	5236
14568	49	78	20	4886	0	5033
14569	25	34	4884	73	0	5016
14570	3769	13	50	49	0	3881
14571	60	4558	23	20	0	4661
14572	25	4335	13	17	0	4390
14573	18	4430	9	12	0	4469
14574	47	81	3	4293	0	4424
14575	29	30	4458	58	0	4575
14576	13	4461	58	28	0	4560
14577	56	85	28	4271	0	4440
14578	4710	19	7	66	0	4802
14579	71	8	8	6345	0	6432
14580	48	11	7262	126	0	7447
14581	15	7318	143	66	0	7542
14582	7106	133	64	32	0	7335
14583	136	7233	25	22	0	7416
14584	80	145	6822	19	0	7066
14585	29	6836	138	23	0	7026
14586	17	154	70	6716	0	6957
14587	21	78	6712	126	0	6937
14588	10	6674	141	75	0	6900
14589	21	147	63	6565	0	6796
14590	27	70	26	6572	0	6695
14591	2	6613	23	178	0	6816
14592	15	137	17	6709	0	6878
14593	12	76	6626	146	0	6860
14594	9	36	6731	78	0	6854
14595	12	20	196	6674	0	6902
14596	6650	23	77	158	0	6908
14597	6707	15	25	91	0	6838
14598	197	20	13	6549	0	6779
14599	68	6606	30	158	0	6862
14600	34	138	24	6653	0	6849
14601	6556	69	24	164	0	6813
14602	158	24	20	6577	0	6779
14603	81	21	15	6684	0	6801
14604	6530	22	12	207	0	6771
14605	148	6503	11	97	0	6759
14606	84	141	15	6481	0	6721
14607	6442	82	18	157	0	6699
14608	143	38	6322	96	0	6599
14609	6337	16	130	56	0	6539
14610	161	17	68	6374	0	6620
14611	6439	22	23	168	0	6652
14612	6516	19	16	99	0	6650
14613	6268	26	23	68	0	6385
14614	201	6347	28	42	0	6618
14615	103	141	6332	26	0	6602
14616	45	6407	151	30	0	6633
14617	6295	144	77	38	0	6554
14618	152	6318	34	37	0	6541
14619	112	154	15	6288	0	6569
14620	6101	82	13	145	0	6341
14621	149	6072	29	86	0	6336
14622	78	167	6079	46	0	6370
14623	52	89	143	6059	0	6343
14624	35	50	6117	161	0	6363
14625	37	6078	147	122	0	6384
14626	41	159	74	5995	0	6269
14627	44	89	38	6120	0	6291
14628	54	40	28	6144	0	6266
14629	44	37	28	5974	0	6083
14630	28	5946	43	228	0	6245
14631	5899	146	31	112	0	6188
14632	151	92	5904	62	0	6209
14633	99	46	137	5919	0	6201
14634	5902	31	73	179	0	6185
14635	162	33	5920	109	0	6224
14636	96	5809	143	58	0	6106
14637	50	172	89	5630	0	5941
14638	41	103	5733	151	0	6028
14639	46	5746	159	95	0	6046
14640	5596	154	91	57	0	5898
14641	156	5744	45	50	0	5995
14642	100	166	31	5618	0	5915
14643	51	103	37	5762	0	5953
14644	5587	58	31	230	0	5906
14645	153	5592	43	131	0	5919
14646	93	164	45	5619	0	5921
14647	5557	115	31	170	0	5873
14648	5593	53	24	117	0	5787
14649	207	5524	26	74	0	5831
14650	5553	152	28	73	0	5806
14651	5616	99	27	53	0	5795
14652	236	58	21	5499	0	5814
14653	115	48	5433	179	0	5775
14654	69	46	155	5419	0	5689
14655	68	39	77	5535	0	5719
14656	57	34	5434	242	0	5767
14657	46	5382	163	116	0	5707
14658	55	146	85	5361	0	5647
14659	56	85	50	5482	0	5673
14660	47	49	42	5528	0	5666
14661	44	27	36	5424	0	5531
14662	50	5358	35	246	0	5689
14663	5373	149	23	133	0	5678
14664	5462	89	29	80	0	5660
14665	5439	65	10	73	0	5587
14666	226	5116	30	83	0	5455
14667	134	140	13	5038	0	5325
14668	56	96	5012	175	0	5339
14669	61	73	125	4902	0	5161
14670	77	5076	73	151	0	5377
14671	4887	140	27	95	0	5149
14672	4962	83	25	65	0	5135
14673	4951	47	18	46	0	5062
14674	204	4749	48	52	0	5053
14675	98	4589	40	57	0	4784
14676	45	4664	34	62	0	4805
14677	60	197	4480	50	0	4787
14678	71	113	4020	34	0	4238
14679	151	581	123	1724	0	2579
14680	1397	4	66	36	0	1503
14681	1403	3	3	27	0	1436
14682	40	2	4	1423	0	1469
14683	25	5	5	1417	0	1452
14684	11	6	4	1438	0	1459
14685	6	3	4	1449	0	1462
14686	1419	8	2	40	0	1469
14687	1440	6	5	20	0	1471
14688	39	1449	3	13	0	1504
14689	1485	31	2	9	0	1527
14690	1500	20	4	10	0	1534
14691	1526	12	5	10	0	1553
14692	46	10	1294	6	0	1356
14693	1462	6	19	11	0	1498
14694	32	1453	17	8	0	1510
14695	25	28	5	1479	0	1537
14696	9	20	2	1493	0	1524
14697	7	1471	6	48	0	1532
14698	7	28	1	1550	0	1586
14699	1508	23	4	35	0	1570
14700	34	6	3	1576	0	1619
14701	27	5	1540	38	0	1610
14702	1495	6	24	31	0	1556
14703	39	1592	23	12	0	1666
14704	27	29	2	1613	0	1671
14705	16	20	2	1626	0	1664
14706	13	3	4	1655	0	1675
14707	9	5	1597	51	0	1662
14708	9	1551	27	27	0	1614
14709	9	28	20	1550	0	1607
14710	7	27	1516	31	0	1581
14711	3	6	27	1508	0	1544
14712	5	4	1480	35	0	1524
14713	8	14	27	1451	0	1500
14714	3	1462	22	33	0	1520
14715	8	24	5	1418	0	1455
14716	1409	19	1	34	0	1463
14717	1411	5	1	33	0	1450
14718	45	1	1379	10	0	1435
14719	24	4	1328	10	0	1366
14720	6	7	1506	7	0	1526
14721	11	9	45	1476	0	1541
14722	9	7	19	1566	0	1601
14723	12	3	3	1582	0	1600
14724	5	1602	5	47	0	1659
14725	13	26	3	1620	0	1662
14726	6	20	3	1704	0	1733
14727	10	7	2	1746	0	1765
14728	1702	7	3	58	0	1770
14729	1737	5	4	25	0	1771
14730	54	9	1728	10	0	1801
14731	25	5	1705	11	0	1746
14732	1724	1	52	11	0	1788
14733	1815	3	26	9	0	1853
14734	57	7	1884	9	0	1957
14735	26	6	1851	12	0	1895
14736	1842	2	55	14	0	1913
14737	1899	1	28	12	0	1940
14738	57	4	1943	7	0	2011
14739	30	3	32	1956	0	2021
14740	6	10	22	1970	0	2008
14741	9	2079	6	59	0	2153
14742	15	35	7	2123	0	2180
14743	12	27	2214	39	0	2292
14744	13	4	45	2225	0	2287
14745	14	1	27	2250	0	2292
14746	11	7	2213	60	0	2291
14747	2121	1	41	38	0	2201
14748	2246	5	27	16	0	2294
14749	69	6	7	2212	0	2294
14750	36	4	8	2257	0	2305
14751	2230	3	7	72	0	2312
14752	2276	3	9	39	0	2327
14753	2243	3	6	24	0	2276
14754	2289	6	8	11	0	2314
14755	63	2217	13	15	0	2308
14756	2155	38	9	15	0	2217
14757	42	2208	8	7	0	2265
14758	32	39	3	2196	0	2270
14759	15	25	6	2196	0	2242
14760	6	2190	12	62	0	2270
14761	11	37	8	2241	0	2297
14762	13	20	9	2212	0	2254
14763	8	2193	8	65	0	2274
14764	11	41	6	2213	0	2271
14765	16	20	7	2239	0	2282
14766	13	5	3	2260	0	2281
14767	11	7	2160	69	0	2247
14768	14	2132	42	34	0	2222
14769	13	44	25	2027	0	2109
14770	8	2107	8	59	0	2182
14771	2071	38	10	25	0	2144
14772	48	22	2035	11	0	2116
14773	32	3	1953	10	0	1998
14774	1883	3	48	10	0	1944
14775	36	7	21	1892	0	1956
14776	27	8	1851	30	0	1916
14777	11	2	1836	20	0	1869
14778	15	11	39	1790	0	1855
14779	1759	4	16	28	0	1807
14780	1761	4	3	19	0	1787
14781	42	4	6	1730	0	1782
14782	23	3	1718	26	0	1770
14783	9	1789	25	26	0	1849
14784	9	23	14	1778	0	1824
14785	5	23	1789	25	0	1842
14786	7	1780	28	27	0	1842
14787	10	24	14	1780	0	1828
14788	1776	15	4	29	0	1824
14789	27	3	7	1724	0	1761
14790	17	1741	9	26	0	1793
14791	1746	24	4	33	0	1807
14792	26	17	1780	12	0	1835
14793	15	1738	28	15	0	1796
14794	5	22	1753	18	0	1798
14795	1699	14	26	15	0	1754
14796	33	4	19	1666	0	1722
14797	20	3	6	1724	0	1753
14798	1718	5	6	31	0	1760
14799	29	6	4	1725	0	1764
14800	14	4	1667	31	0	1716
14801	1559	1	24	20	0	1604
14802	25	1665	16	8	0	1714
14803	19	17	7	1595	0	1638
14804	1590	11	8	23	0	1632
14805	27	1584	3	17	0	1631
14806	20	17	3	1623	0	1663
14807	1654	13	6	32	0	1705
14808	25	4	4	1665	0	1698
14809	15	1658	4	28	0	1705
14810	9	24	1721	18	0	1772
14811	10	14	24	1752	0	1800
14812	9	8	14	1763	0	1794
14813	1796	8	4	39	0	1847
14814	24	3	5	1851	0	1883
14815	1871	7	4	32	0	1914
14816	1878	1	5	24	0	1908
14817	34	4	9	1840	0	1887
14818	12	1877	3	26	0	1918
14819	13	21	5	1831	0	1870
14820	1745	14	4	22	0	1785
14821	22	1761	10	21	0	1814
14822	14	1828	6	13	0	1861
14823	1845	27	3	6	0	1881
14824	1860	13	4	13	0	1890
14825	29	1863	9	7	0	1908
14826	1842	18	5	7	0	1872
14827	1808	14	4	8	0	1834
14828	33	12	3	1799	0	1847
14829	17	6	1880	21	0	1924
14830	10	10	17	1880	0	1917
14831	7	3	1909	25	0	1944
14832	15	2	17	1901	0	1935
14833	5	6	1920	24	0	1955
14834	1852	6	21	14	0	1893
14835	19	2	13	1871	0	1905
14836	1937	0	6	26	0	1969
14837	28	7	7	1899	0	1941
14838	17	2000	5	24	0	2046
14839	2034	17	1	23	0	2075
14840	26	15	1996	8	0	2045
14841	1859	11	13	5	0	1888
14842	19	1916	12	6	0	1953
14843	1827	16	0	9	0	1852
14844	1845	11	0	8	0	1864
14845	26	1865	2	0	0	1893
14846	16	17	0	1935	0	1968
14847	1946	11	3	18	0	1978
14848	21	1924	2	10	0	1957
14849	11	21	1	1948	0	1981
14850	1956	12	0	19	0	1987
14851	23	1	0	1942	0	1966
14852	14	4	0	1965	0	1983
14853	2	3	2	1982	0	1989
14854	5	5	1928	30	0	1968
14855	7	4	19	1909	0	1939
14856	1933	2	11	33	0	1979
14857	21	6	1937	13	0	1977
14858	11	0	21	1971	0	2003
14859	6	1	9	2018	0	2034
14860	2	3	1947	35	0	1987
14861	1867	2	22	14	0	1905
14862	2028	1	14	10	0	2053
14863	33	3	2005	3	0	2044
14864	14	2	21	1967	0	2004
14865	7	0	13	2050	0	2070
14866	6	6	2131	33	0	2176
14867	6	2	23	2143	0	2174
14868	8	1	12	2169	0	2190
14869	7	4	2219	28	0	2258
14870	2147	1	25	14	0	2187
14871	23	2	12	2234	0	2271
14872	2231	2	3	28	0	2264
14873	2250	2	2	18	0	2272
14874	33	4	2246	7	0	2290
14875	18	0	21	2261	0	2300
14876	2291	12	13	32	0	2348
14877	31	2425	3	15	0	2474
14878	18	22	2	2535	0	2577
14879	10	13	3	2569	0	2595
14880	11	8	2	2600	0	2621
14881	9	6	2589	40	0	2644
14882	2354	3	25	30	0	2412
14883	32	1	15	2508	0	2556
14884	18	5	6	2532	0	2561
14885	9	4	2483	41	0	2537
14886	8	2	26	2542	0	2578
14887	10	2	16	2560	0	2588
14888	2528	2	8	47	0	2585
14889	29	2530	5	24	0	2588
14890	17	25	2518	10	0	2570
14891	2490	11	25	14	0	2540
14892	33	1	19	2480	0	2533
14893	23	6	2465	38	0	2532
14894	8	4	2479	23	0	2514
14895	15	2	38	2537	0	2592
14896	9	11	2616	30	0	2666
14897	10	9	2623	27	0	2669
14898	12	2538	42	16	0	2608
14899	11	33	21	2795	0	2860
14900	12	14	2841	37	0	2904
14901	16	3	34	2763	0	2816
14902	2941	4	19	45	0	3009
14903	32	4	12	3007	0	3055
14904	23	1	10	3066	0	3100
14905	2933	7	11	54	0	3005
14906	2998	2	8	39	0	3047
14907	55	4	7	3105	0	3171
14908	17	9	3147	46	0	3219
14909	11	3088	37	52	0	3188
14910	15	27	17	3161	0	3220
14911	3099	16	11	45	0	3171
14912	3123	3	12	29	0	3167
14913	49	3070	10	16	0	3145
14914	18	3103	12	16	0	3149
14915	3102	42	14	17	0	3175
14916	3120	16	9	11	0	3156
14917	53	9	3199	14	0	3275
14918	26	18	40	3127	0	3211
14919	7	3271	25	41	0	3344
14920	3360	35	7	25	0	3427
14921	40	12	10	3308	0	3370
14922	26	3192	12	48	0	3278
14923	15	38	3260	23	0	3336
14924	15	32	42	3122	0	3211
14925	11	3315	21	44	0	3391
14926	3350	34	12	31	0	3427
14927	3329	13	23	20	0	3385
14928	39	3281	13	26	0	3359
14929	3202	32	8	23	0	3265
14930	3208	13	6	17	0	3244
14931	47	3165	11	9	0	3232
14932	17	3246	8	14	0	3285
14933	29	47	5	3165	0	3246
14934	3154	12	9	47	0	3222
14935	41	8	3313	21	0	3383
14936	3101	4	32	17	0	3154
14937	35	3365	12	19	0	3431
14938	3345	28	7	24	0	3404
14939	3371	10	23	16	0	3420
14940	3375	8	7	18	0	3408
14941	44	6	7	3281	0	3338
14942	17	3326	10	40	0	3393
14943	3324	34	9	20	0	3387
14944	37	19	3324	9	0	3389
14945	22	3271	34	14	0	3341
14946	16	29	9	3405	0	3459
14947	12	17	3266	33	0	3328
14948	17	17	3325	13	0	3372
14949	15	5	51	3260	0	3331
14950	14	10	11	3446	0	3481
14951	10	7	8	3484	0	3509
14952	16	5	10	3408	0	3439
14953	10	3260	9	40	0	3319
14954	11	3396	9	18	0	3434
14955	3393	33	7	19	0	3452
14956	48	14	8	3348	0	3418
14957	21	12	7	3395	0	3435
14958	11	9	5	3398	0	3423
14959	3283	11	6	46	0	3346
14960	3362	9	1	20	0	3392
14961	52	5	5	3321	0	3383
14962	3348	6	3	33	0	3390
14963	3343	13	7	18	0	3381
14964	3394	8	3	13	0	3418
14965	58	9	2	3278	0	3347
14966	19	2	3128	37	0	3186
14967	10	10	3013	15	0	3048
14968	12	9	3179	24	0	3224
14969	20	5	3290	4	0	3319
14970	11	3	33	3265	0	3312
14971	3314	9	10	33	0	3366
14972	3310	8	2	16	0	3336
14973	37	12	3331	4	0	3384
14974	17	7	3360	17	0	3401
14975	7	3694	32	10	0	3743
14976	7	29	9	3704	0	3749
14977	3674	8	4	49	0	3735
14978	32	7	3710	9	0	3758
14979	3607	4	23	17	0	3651
14980	27	3915	6	8	0	3956
14981	11	27	4	4033	0	4075
14982	12	4	3	4134	0	4153
14983	6	6	1	4140	0	4153
14984	4139	4	5	46	0	4194
14985	39	1	4	4177	0	4221
14986	19	6	2	4170	0	4197
14987	4149	4	3	51	0	4207
14988	37	3	2	4142	0	4184
14989	19	7	4251	33	0	4310
14990	4176	5	35	24	0	4240
14991	33	2	13	4336	0	4384
14992	18	7	5	4297	0	4327
14993	11	4335	12	38	0	4396
14994	4388	26	6	21	0	4441
14995	4468	13	5	14	0	4500
14996	50	4	2	4368	0	4424
14997	23	7	4330	33	0	4393
14998	4022	3	34	22	0	4081
14999	35	8	4326	7	0	4376
15000	17	3	36	4223	0	4279
15001	11	3	12	4412	0	4438
15002	4306	3	4	62	0	4375
15003	50	1	3	4462	0	4516
15004	18	6	4456	46	0	4526
15005	4303	1	39	33	0	4376
15006	46	6	4749	7	0	4808
15007	20	5	4770	9	0	4804
15008	4881	2	54	24	0	4961
15009	52	2	14	5026	0	5094
15010	19	5278	5	46	0	5348
15011	5338	47	4	26	0	5415
15012	5323	14	1	13	0	5351
15013	62	6	5307	8	0	5383
15014	5286	0	51	20	0	5357
15015	61	3	22	5477	0	5563
15016	21	6	5614	55	0	5696
15017	7	5521	43	31	0	5602
15018	5516	46	16	22	0	5600
15019	52	5691	11	11	0	5765
15020	28	44	3	5686	0	5761
15021	13	18	5	5718	0	5754
15022	14	3	7	5793	0	5817
15023	19	1	10	5621	0	5651
15024	6	5616	10	74	0	5706
15025	15	46	5486	26	0	5573
15026	14	5547	42	14	0	5617
15027	5541	47	22	19	0	5629
15028	54	28	9	5536	0	5627
15029	5573	8	5	58	0	5644
15030	56	8	7	5577	0	5648
15031	5653	5	8	65	0	5731
15032	51	5790	8	34	0	5883
15033	5926	42	9	25	0	6002
15034	5920	17	8	25	0	5970
15035	5764	6	9	23	0	5802
15036	5883	5	8	26	0	5922
15037	64	5795	14	23	0	5896
15038	30	51	5833	14	0	5928
15039	18	20	44	5816	0	5898
15040	5833	8	31	54	0	5926
15041	6007	5	12	37	0	6061
15042	74	6	11	6071	0	6162
15043	36	12	6262	57	0	6367
15044	22	5	49	6124	0	6200
15045	14	6214	38	57	0	6323
15046	6296	55	12	39	0	6402
15047	72	27	10	6306	0	6415
15048	38	6184	17	61	0	6300
15049	14	6551	11	38	0	6614
15050	17	6716	10	18	0	6761
15051	20	87	3	6738	0	6848
15052	6747	32	8	70	0	6857
15053	67	6843	15	38	0	6963
15054	42	62	7	6904	0	7015
15055	6908	35	11	79	0	7033
15056	74	14	6	6955	0	7049
15057	6945	7	2	82	0	7036
15058	6976	16	5	51	0	7048
15059	92	7234	15	21	0	7362
15060	58	70	11	6954	0	7093
15061	20	7331	12	68	0	7431
15062	7299	66	11	37	0	7413
15063	7400	31	5	28	0	7464
15064	7474	10	12	36	0	7532
15065	106	14	12	7471	0	7603
15066	47	18	7378	73	0	7516
15067	7233	12	62	42	0	7349
15068	7474	19	30	26	0	7549
15069	121	14	7	7256	0	7398
15070	57	7475	12	69	0	7613
15071	38	73	11	7545	0	7667
15072	36	46	12	7635	0	7729
15073	7633	15	10	103	0	7761
15074	7527	15	9	63	0	7614
15075	114	20	7147	25	0	7306
15076	58	16	63	7162	0	7299
15077	7231	13	39	91	0	7374
15078	97	14	9	7255	0	7375
15079	53	17	7298	102	0	7470
15080	29	6951	72	81	0	7133
15081	21	7184	39	29	0	7273
15082	7889	103	12	32	0	8036
15083	96	42	7	8378	0	8523
15084	69	17	12	9335	0	9433
15085	9220	25	6	163	0	9414
15086	138	18	9229	89	0	9474
15087	89	18	110	9229	0	9446
15088	48	20	9313	135	0	9516
15089	31	9258	133	76	0	9498
15090	9545	125	54	53	0	9777
15091	9745	78	17	31	0	9871
15092	9833	28	11	41	0	9913
15093	193	32	9548	34	0	9807
15094	9661	25	112	34	0	9832
15095	9798	22	60	26	0	9906
15096	203	18	23	9684	0	9928
15097	8287	15	61	158	0	8521
15098	125	25	9558	74	0	9782
15099	9337	18	108	45	0	9508
15100	151	18	9585	29	0	9783
15101	89	9711	123	27	0	9950
15102	59	169	59	8780	0	9067
15103	40	9636	30	105	0	9811
15104	58	122	9467	59	0	9706
15105	39	9625	110	42	0	9816
15106	9049	104	54	49	0	9256
15107	104	8987	36	28	0	9155
15108	79	8831	23	25	0	8958
15109	52	136	8731	17	0	8936
15110	35	69	96	8620	0	8820
15111	8652	30	66	114	0	8862
15112	110	35	8724	65	0	8934
15113	92	8684	104	37	0	8917
15114	68	101	60	8583	0	8812
15115	35	72	8659	120	0	8886
15116	46	38	8458	72	0	8614
15117	50	17	155	8579	0	8801
15118	55	21	8605	118	0	8799
15119	56	26	123	7694	0	7899
15120	35	8310	92	110	0	8547
15121	47	108	54	8176	0	8385
15122	56	8383	36	118	0	8593
15123	73	120	34	8417	0	8644
15124	8273	59	30	143	0	8505
15125	145	36	33	8297	0	8511
15126	95	8255	36	137	0	8523
15127	68	114	36	8469	0	8687
15128	60	68	8353	130	0	8611
15129	62	43	109	8324	0	8538
15130	8389	16	83	136	0	8624
15131	145	39	8215	68	0	8467
15132	104	30	134	8024	0	8292
15133	7965	39	74	126	0	8204
15134	132	7940	58	89	0	8219
15135	117	126	48	7781	0	8072
15136	7981	77	43	132	0	8233
15137	151	46	43	7933	0	8173
15138	103	44	7697	131	0	7975
15139	7524	50	133	88	0	7795
15140	131	7666	98	50	0	7945
15141	84	7540	60	41	0	7725
15142	7654	157	40	56	0	7907
15143	7495	83	39	41	0	7658
15144	173	58	47	7299	0	7577
15145	7487	59	50	111	0	7707
15146	135	53	7230	84	0	7502
15147	7264	49	119	72	0	7504
15148	134	7199	85	59	0	7477
15149	7123	106	71	67	0	7367
15150	127	80	7190	57	0	7454
15151	109	63	113	7304	0	7589
15152	80	42	111	7321	0	7554
15153	55	65	72	6605	0	6797
15154	56	7193	59	157	0	7465
15155	7254	102	48	116	0	7520
15156	160	70	73	6488	0	6791
15157	109	6621	60	111	0	6901
15158	7507	101	44	110	0	7762
15159	7192	88	64	75	0	7419
15160	7335	65	54	88	0	7542
15161	7362	50	46	76	0	7534
15162	7161	48	58	85	0	7352
15163	170	60	56	7147	0	7433
15164	127	55	67	7113	0	7362
15165	6959	60	61	175	0	7255
15166	127	66	61	7081	0	7335
15167	119	83	55	6962	0	7219
15168	71	69	6488	182	0	6810
15169	6835	71	124	135	0	7165
15170	6918	50	116	116	0	7200
15171	6921	101	88	72	0	7182
15172	171	84	82	6172	0	6509
15173	106	6577	76	151	0	6910
15174	7385	117	80	114	0	7696
15175	7109	108	82	123	0	7422
15176	215	75	74	7655	0	8019
15177	7659	54	73	205	0	7991
15178	207	118	5852	161	0	6338
15179	147	7633	132	114	0	8026
15180	141	7788	110	114	0	8153
15181	157	239	7561	162	0	8119
15182	73	6872	168	116	0	7229
15183	75	6408	91	138	0	6712
15184	5458	135	101	103	0	5797
15185	108	5467	41	131	0	5747
15186	94	146	56	5502	0	5798
15187	5561	64	46	177	0	5848
15188	156	61	5452	98	0	5767
15189	5370	63	74	125	0	5632
15190	125	74	5278	93	0	5570
15191	75	27	5218	114	0	5434
15192	5092	31	119	97	0	5339
15193	104	29	5332	112	0	5577
15194	112	5184	89	52	0	5437
15195	65	76	81	5179	0	5401
15196	5179	56	25	125	0	5385
15197	139	4984	26	60	0	5209
15198	82	99	25	5035	0	5241
15199	80	63	4956	110	0	5209
15200	109	38	59	4969	0	5175
15201	4799	27	41	140	0	5007
15202	125	33	4749	48	0	4955
15203	142	45	68	4669	0	4924
15204	4739	69	38	95	0	4941
15205	4901	41	31	65	0	5038
15206	185	32	23	4894	0	5134
15207	127	29	18	4927	0	5101
15208	85	26	4935	138	0	5184
15209	92	17	4847	59	0	5015
15210	4867	12	118	42	0	5039
15211	5078	19	35	40	0	5172
15212	114	4977	26	33	0	5150
15213	4998	60	26	22	0	5106
15214	5097	29	37	49	0	5212
15215	105	30	5459	67	0	5661
15216	56	5608	71	63	0	5798
15217	5535	71	21	27	0	5654
15218	5556	20	16	14	0	5606
15219	5645	16	5	15	0	5681
15220	94	6	5	5537	0	5642
15221	49	9	6	5603	0	5667
15222	24	5516	12	85	0	5637
15223	20	59	3	5603	0	5685
15224	5560	28	7	81	0	5676
15225	67	13	3	5608	0	5691
15226	35	11	5550	78	0	5674
15227	28	8	5461	36	0	5533
15228	17	2	85	5509	0	5613
15229	10	6	5631	71	0	5718
15230	10	15	5599	38	0	5662
15231	14	14	94	5463	0	5585
15232	18	5	42	5710	0	5775
15233	15	8	5672	94	0	5789
15234	33	9	5641	45	0	5728
15235	10	5719	97	18	0	5844
15236	5734	62	44	33	0	5873
15237	67	5882	25	23	0	5997
15238	5948	73	15	12	0	6048
15239	6031	32	10	19	0	6092
15240	93	5976	10	7	0	6086
15241	6072	69	3	16	0	6160
15242	90	30	7	5973	0	6100
15243	40	27	6078	76	0	6221
15244	34	9	69	6003	0	6115
15245	19	86	33	6115	0	6253
15246	5925	6	17	105	0	6053
15247	6031	1	5	55	0	6092
15248	6060	5	12	34	0	6111
15249	6073	5	12	20	0	6110
15250	5735	5	5	25	0	5770
15251	117	5551	18	9	0	5695
15252	54	68	6	5687	0	5815
15253	30	31	5815	78	0	5954
15254	25	15	76	5829	0	5945
15255	23	8	38	5921	0	5990
15256	21	9	22	6179	0	6231
15257	6639	7	12	127	0	6785
15258	122	9	11	6567	0	6709
15259	6679	9	6	134	0	6828
15260	132	11	6747	58	0	6948
15261	69	5	117	7714	0	7905
15262	28	8	7842	164	0	8042
15263	7753	9	159	84	0	8005
15264	160	8	69	7882	0	8119
15265	84	8	7979	154	0	8225
15266	44	5	149	8004	0	8202
15267	8007	6	74	191	0	8278
15268	164	16	8265	80	0	8525
15269	8295	10	160	55	0	8520
15270	8566	6	77	27	0	8676
15271	8560	5	27	39	0	8631
15272	8402	5	22	36	0	8465
15273	225	8153	28	33	0	8439
15274	78	7623	22	29	0	7752
15275	41	7486	19	32	0	7578
15276	51	226	39	6851	0	7167
15277	26	7039	23	99	0	7187
15278	6913	109	17	62	0	7101
15279	119	6826	15	22	0	6982
15280	66	6877	21	20	0	6984
15281	35	153	14	6806	0	7008
15282	33	70	15	6929	0	7047
15283	6824	24	16	159	0	7023
15284	115	14	14	6883	0	7026
15285	71	18	6711	123	0	6923
15286	39	18	6397	75	0	6529
15287	40	28	6654	27	0	6749
15288	58	10	161	6538	0	6767
15289	44	9	62	7052	0	7167
15290	43	15	6842	172	0	7072
15291	36	16	6652	84	0	6788
15292	32	22	6927	40	0	7021
15293	6811	19	181	24	0	7035
15294	143	23	81	6949	0	7196
15295	89	24	30	7071	0	7214
15296	6997	17	19	202	0	7235
15297	134	25	17	7010	0	7186
15298	73	7053	24	144	0	7294
15299	32	7281	27	91	0	7431
15300	44	164	15	7226	0	7449
15301	7257	67	22	164	0	7510
15302	7324	22	20	107	0	7473
15303	7382	16	22	53	0	7473
15304	212	12	22	7240	0	7486
15305	94	14	7155	149	0	7412
15306	61	12	130	7131	0	7334
15307	32	13	7166	156	0	7367
15308	6747	8	142	106	0	7003
15309	149	16	94	6921	0	7180
15310	6780	10	49	145	0	6984
15311	153	16	6839	90	0	7098
15312	6400	10	147	69	0	6626
15313	159	19	7074	50	0	7302
15314	103	6761	134	52	0	7050
15315	49	6646	89	34	0	6818
15316	6498	163	18	36	0	6715
15317	148	77	14	6471	0	6710
15318	94	35	6499	127	0	6755
15319	43	6413	117	81	0	6654
15320	42	6624	68	41	0	6775
15321	44	166	21	6589	0	6820
15322	6591	78	16	141	0	6826
15323	6646	23	20	95	0	6784
15324	173	6600	30	43	0	6846
15325	6626	114	23	40	0	6803
15326	153	60	30	6586	0	6829
15327	89	30	6579	135	0	6833
15328	42	6592	127	98	0	6859
15329	43	109	72	6629	0	6853
15330	53	63	36	6672	0	6824
15331	6583	23	26	181	0	6813
15332	132	26	6525	87	0	6770
15333	6467	16	122	48	0	6653
15334	6615	19	71	37	0	6742
15335	204	23	29	6440	0	6696
15336	98	16	22	6618	0	6754
15337	6393	22	30	187	0	6632
15338	142	30	25	6485	0	6682
15339	79	41	6398	133	0	6651
15340	33	32	6378	85	0	6528
15341	31	6295	165	41	0	6532
15342	42	6677	76	36	0	6831
15343	48	172	22	6200	0	6442
15344	31	6360	20	126	0	6537
15345	6427	119	15	93	0	6654
15346	124	6452	26	64	0	6666
15347	80	130	23	6418	0	6651
15348	42	76	17	6539	0	6674
15349	29	29	6423	187	0	6668
15350	48	18	125	6398	0	6589
15351	42	16	72	6579	0	6709
15352	30	6568	50	183	0	6831
15353	45	108	21	6453	0	6627
15354	47	65	23	6576	0	6711
15355	35	18	6424	202	0	6679
15356	26	6223	128	110	0	6487
15357	48	216	58	5337	0	5659
15358	18	5637	35	103	0	5793
15359	40	82	5419	66	0	5607
15360	20	5327	81	31	0	5459
15361	4318	57	59	27	0	4461
15362	4243	36	14	20	0	4313
15363	4243	12	10	18	0	4283
15364	63	4230	10	17	0	4320
15365	4220	43	6	11	0	4280
15366	53	35	10	4149	0	4247
15367	3994	14	7	47	0	4062
15368	47	3809	10	30	0	3896
15369	3804	53	3	26	0	3886
15370	3978	34	3	35	0	4050
15371	77	4019	4	25	0	4125
15372	41	60	4065	11	0	4177
15373	20	36	52	4399	0	4507
15374	12	13	4705	68	0	4798
15375	16	11	73	4787	0	4887
15376	8	12	43	4972	0	5035
15377	7	13	5108	118	0	5246
15378	9	16	76	5144	0	5245
15379	5160	4	48	103	0	5315
15380	87	17	5251	62	0	5417
15381	51	5288	89	20	0	5448
15382	24	75	50	5233	0	5382
15383	24	46	14	5357	0	5441
15384	12	17	5292	127	0	5448
15385	27	10	77	5100	0	5214
15386	15	5272	50	93	0	5430
15387	5134	84	11	56	0	5285
15388	72	5130	20	19	0	5241
15389	4880	67	5	27	0	4979
15390	65	4986	12	25	0	5088
15391	39	5252	14	9	0	5314
15392	10	146	4947	19	0	5122
15393	17	49	99	5073	0	5238
15394	16	16	54	5079	0	5165
15395	12	11	20	5265	0	5308
15396	9	5597	16	170	0	5792
15397	14	121	18	5722	0	5875
15398	5670	55	19	151	0	5895
15399	136	11	16	5745	0	5908
15400	5718	14	22	147	0	5901
15401	140	15	5714	77	0	5946
15402	5697	20	132	39	0	5888
15403	142	18	67	5773	0	6000
15404	72	17	23	6043	0	6155
15405	6021	15	22	207	0	6265
15406	131	23	6082	83	0	6319
15407	64	6061	138	59	0	6322
15408	22	147	63	6024	0	6256
15409	6146	72	20	138	0	6376
15410	6202	37	22	77	0	6338
15411	200	38	13	6162	0	6413
15412	80	40	6172	144	0	6436
15413	5837	26	140	103	0	6106
15414	153	33	5994	37	0	6217
15415	79	31	145	5893	0	6148
15416	40	37	5935	170	0	6182
15417	31	39	144	5916	0	6130
15418	36	26	5834	170	0	6066
15419	27	5776	143	109	0	6055
15420	65	142	68	4924	0	5199
15421	32	5858	40	124	0	6054
15422	5896	142	17	85	0	6140
15423	6029	78	19	52	0	6178
15424	208	23	5869	48	0	6148
15425	107	21	135	5865	0	6128
15426	5923	16	77	161	0	6177
15427	160	28	35	5891	0	6114
15428	93	24	39	5906	0	6062
15429	51	23	5736	220	0	6030
15430	5477	15	145	116	0	5753
15431	173	26	5765	53	0	6017
15432	104	13	170	5686	0	5973
15433	54	38	5788	159	0	6039
15434	5705	13	161	114	0	5993
15435	5861	21	84	78	0	6044
15436	5821	10	54	61	0	5946
15437	209	20	41	5673	0	5943
15438	94	28	5550	160	0	5832
15439	51	33	5619	98	0	5801
15440	55	29	210	5214	0	5508
15441	40	5502	101	165	0	5808
15442	5383	144	51	94	0	5672
15443	167	77	44	5409	0	5697
15444	106	35	5397	174	0	5712
15445	75	31	152	5458	0	5716
15446	64	27	5548	194	0	5833
15447	55	30	168	5575	0	5828
15448	65	28	5620	184	0	5897
15449	68	24	5638	104	0	5834
15450	73	5463	207	83	0	5826
15451	52	124	5500	71	0	5747
15452	73	66	5513	67	0	5719
15453	61	36	229	4453	0	4779
15454	77	33	87	4946	0	5143
15455	64	5328	64	183	0	5639
15456	5372	128	50	101	0	5651
15457	173	5350	66	63	0	5652
15458	108	123	62	5302	0	5595
15459	5331	72	69	168	0	5640
15460	179	23	58	5320	0	5580
15461	5350	28	52	176	0	5606
15462	192	18	66	5383	0	5659
15463	103	34	5412	189	0	5738
15464	48	28	186	5467	0	5729
15465	63	17	106	5553	0	5739
15466	5525	29	79	212	0	5845
15467	5599	20	60	146	0	5825
15468	5503	24	81	81	0	5689
15469	195	5259	71	88	0	5613
15470	104	5249	79	59	0	5491
15471	5198	153	75	70	0	5496
15472	149	71	5199	74	0	5493
15473	85	37	5004	57	0	5183
15474	53	138	173	4508	0	4872
15475	48	22	4703	126	0	4899
15476	42	20	4567	80	0	4709
15477	4150	23	156	49	0	4378
15478	4199	12	65	58	0	4334
15479	135	4244	48	36	0	4463
15480	68	4330	36	56	0	4490
15481	64	126	46	3338	0	3574
15482	37	4233	36	95	0	4401
15483	4291	96	36	63	0	4486
15484	118	62	38	3921	0	4139
15485	57	4237	42	105	0	4441
15486	4303	85	55	64	0	4507
15487	113	39	4346	43	0	4541
15488	60	25	4306	36	0	4427
15489	4260	19	139	38	0	4456
15490	109	13	4127	46	0	4295
15491	3884	11	98	31	0	4024
15492	90	10	57	4106	0	4263
15493	51	14	4027	93	0	4185
15494	34	3951	93	52	0	4130
15495	32	4015	59	40	0	4146
15496	3429	56	44	20	0	3549
15497	40	3498	31	17	0	3586
15498	3313	31	28	25	0	3397
15499	3277	18	35	16	0	3346
15500	53	3250	20	22	0	3345
15501	46	32	16	3207	0	3301
15502	16	26	3309	31	0	3382
15503	12	3445	32	16	0	3505
15504	38	57	43	3309	0	3447
15505	20	28	14	3480	0	3542
15506	3360	8	4	59	0	3431
15507	43	3	7	3381	0	3434
15508	19	7	3366	44	0	3436
15509	14	3362	40	29	0	3445
15510	10	47	18	3389	0	3464
15511	3448	23	9	49	0	3529
15512	3510	13	5	30	0	3558
15513	62	1	8	3501	0	3572
15514	3592	7	8	50	0	3657
15515	71	9	3613	23	0	3716
15516	32	6	57	3630	0	3725
15517	18	9	3721	61	0	3809
15518	17	2	66	3930	0	4015
15519	13	5	29	3962	0	4009
15520	12	5	19	3978	0	4014
15521	14	5	6	3866	0	3891
15522	13	8	9	3874	0	3904
15523	3773	5	5	119	0	3902
15524	3815	7	6	57	0	3885
15525	105	3789	7	29	0	3930
15526	3857	76	1	25	0	3959
15527	85	36	8	3852	0	3981
15528	40	17	6	3914	0	3977
15529	31	6	2	3932	0	3971
15530	24	12	3877	110	0	4023
15531	26	7	72	3691	0	3796
15532	14	3819	37	87	0	3957
15533	3808	76	15	42	0	3941
15534	3846	32	8	36	0	3922
15535	112	45	3744	24	0	3925
15536	50	3782	79	28	0	3939
15537	23	74	34	3805	0	3936
15538	22	33	3845	91	0	3991
15539	22	18	77	3557	0	3674
15540	11	3713	42	86	0	3852
15541	3683	75	21	46	0	3825
15542	87	3723	14	39	0	3863
15543	47	79	3715	23	0	3864
15544	34	42	3787	22	0	3885
15545	15	3688	101	21	0	3825
15546	17	3708	46	28	0	3799
15547	3610	104	15	36	0	3765
15548	3654	36	10	37	0	3737
15549	113	14	17	3572	0	3716
15550	40	16	3577	98	0	3731
15551	23	20	77	3582	0	3702
15552	30	12	25	3597	0	3664
15553	3546	9	13	110	0	3678
15554	3530	7	10	62	0	3609
15555	112	15	13	3731	0	3871
15556	49	15	3765	104	0	3933
15557	17	3830	91	57	0	3995
15558	3824	80	42	48	0	3994
15559	90	3984	20	32	0	4126
15560	59	91	12	4035	0	4197
15561	27	55	6	4222	0	4310
15562	29	20	28	4202	0	4279
15563	27	15	19	4113	0	4174
15564	3963	19	11	159	0	4152
15565	114	24	10	3952	0	4100
15566	56	3831	10	124	0	4021
15567	40	89	9	3871	0	4009
15568	3758	43	17	128	0	3946
15569	92	3800	19	69	0	3980
15570	52	97	11	3813	0	3973
15571	30	42	3753	121	0	3946
15572	3668	26	87	59	0	3840
15573	129	14	42	3715	0	3900
15574	55	16	3663	114	0	3848
15575	31	16	3588	73	0	3708
15576	23	30	135	3562	0	3750
15577	3566	10	58	108	0	3742
15578	3607	21	24	62	0	3714
15579	130	3639	14	45	0	3828
15580	3645	84	16	56	0	3801
15581	3672	43	21	45	0	3781
15582	3686	20	15	48	0	3769
15583	3712	14	12	32	0	3770
15584	158	19	10	3550	0	3737
15585	81	21	9	3610	0	3721
15586	36	22	3422	145	0	3625
15587	32	3313	86	76	0	3507
15588	20	3422	44	50	0	3536
15589	20	114	3332	43	0	3509
15590	3219	48	83	42	0	3392
15591	106	25	49	3271	0	3451
15592	3326	5	18	109	0	3458
15593	3346	15	12	54	0	3427
15594	131	28	3229	34	0	3422
15595	57	11	85	3194	0	3347
15596	3250	7	46	102	0	3405
15597	103	14	20	3203	0	3340
15598	53	34	3155	108	0	3350
15599	42	57	88	3007	0	3194
15600	24	3322	49	97	0	3492
15601	20	3432	23	49	0	3524
15602	41	112	3221	27	0	3401
15603	22	3116	85	31	0	3254
15604	2869	132	49	35	0	3085
15605	2884	35	10	17	0	2946
15606	102	12	7	2814	0	2935
15607	54	14	5	2892	0	2965
15608	23	8	8	2948	0	2987
15609	2848	6	6	100	0	2960
15610	76	2868	10	55	0	3009
15611	2775	66	6	21	0	2868
15612	2773	29	6	19	0	2827
15613	92	2720	13	13	0	2838
15614	2588	50	11	20	0	2669
15615	68	2616	6	7	0	2697
15616	2632	54	2	24	0	2712
15617	65	23	2575	12	0	2675
15618	2253	20	38	13	0	2324
15619	49	2391	21	12	0	2473
15620	37	37	18	2396	0	2488
15621	13	19	5	2478	0	2515
15622	11	6	4	2591	0	2612
15623	2561	6	8	68	0	2643
15624	47	3	1	2610	0	2661
15625	32	7	2532	58	0	2629
15626	2462	9	43	30	0	2544
15627	44	11	2517	18	0	2590
15628	25	15	48	2496	0	2584
15629	20	8	2542	47	0	2617
15630	18	5	45	2468	0	2536
15631	9	2536	21	48	0	2614
15632	5	38	12	2525	0	2580
15633	14	2538	10	50	0	2612
15634	15	43	3	2570	0	2631
15635	2574	27	4	52	0	2657
15636	46	14	8	2676	0	2744
15637	2702	2	5	48	0	2757
15638	53	14	2584	25	0	2676
15639	2628	5	36	16	0	2685
15640	2685	9	20	9	0	2723
15641	2678	5	10	9	0	2702
15642	78	3	8	2622	0	2711
15643	2605	3	3	48	0	2659
15644	57	6	2534	23	0	2620
15645	2536	0	40	19	0	2595
15646	53	4	2558	13	0	2628
15647	2578	2	46	12	0	2638
15648	54	10	25	2611	0	2700
15649	31	5	2687	43	0	2766
15650	18	7	41	2701	0	2767
15651	19	3	23	2764	0	2809
15652	13	13	2690	60	0	2776
15653	2471	3	39	40	0	2553
15654	42	2707	27	23	0	2799
15655	2583	36	10	5	0	2634
15656	43	2550	8	11	0	2612
15657	2511	37	3	8	0	2559
15658	42	8	2461	11	0	2522
15659	2193	22	36	12	0	2263
15660	27	2273	13	7	0	2320
15661	31	15	6	2250	0	2302
15662	8	5	1	2332	0	2346
15663	6	5	1	2357	0	2369
15664	4	2	2326	29	0	2361
15665	5	1	19	2308	0	2333
15666	4	4	2464	26	0	2498
15667	2566	1	27	11	0	2605
15668	2773	0	15	16	0	2804
15669	48	2	8	2763	0	2821
15670	18	2	2783	35	0	2838
15671	2611	4	33	28	0	2676
15672	31	7	3221	9	0	3268
15673	23	3	44	3151	0	3221
15674	12	4	17	3317	0	3350
15675	7	3	7	3363	0	3380
15676	6	3	2	3381	0	3392
15677	3267	1	0	68	0	3336
15678	43	3326	11	26	0	3406
15679	32	42	3198	11	0	3283
15680	10	3242	47	7	0	3306
15681	3285	46	17	7	0	3355
15682	47	29	7	3265	0	3348
15683	3310	5	2	52	0	3369
15684	51	2	3	3311	0	3367
15685	20	0	6	3324	0	3350
15686	13	2	4	3366	0	3385
15687	4	3	3292	67	0	3366
15688	7	3207	44	29	0	3287
15689	10	41	3293	12	0	3356
15690	4	18	51	3275	0	3348
15691	3328	5	17	57	0	3407
15692	3340	2	10	24	0	3376
15693	3338	4	7	18	0	3367
15694	62	3336	7	7	0	3412
15695	3388	43	2	15	0	3448
15696	52	21	3	3374	0	3450
15697	27	10	3	3433	0	3473
15698	16	4	2	3457	0	3479
15699	11	3464	11	70	0	3556
15700	6	42	5	3174	0	3227
15701	9	3274	5	47	0	3335
15702	3240	47	5	29	0	3321
15703	3292	18	4	20	0	3334
15704	67	6	4	3301	0	3378
15705	28	5	3234	49	0	3316
15706	3156	3	43	32	0	3234
15707	49	3	22	3273	0	3347
15708	23	6	3253	47	0	3329
15709	3116	4	41	31	0	3192
15710	47	3	22	3279	0	3351
15711	3258	5	13	51	0	3327
15712	51	3226	9	25	0	3311
15713	26	35	8	3202	0	3271
15714	8	3274	18	51	0	3351
15715	19	46	5	3262	0	3332
15716	8	3272	7	52	0	3339
15717	12	40	5	3221	0	3278
15718	8	23	3158	48	0	3237
15719	2556	14	40	39	0	2649
15720	36	3051	21	37	0	3145
15721	31	33	2991	12	0	3067
15722	2933	15	28	17	0	2993
15723	44	10	16	3032	0	3102
15724	21	7	3023	41	0	3092
15725	11	3043	29	25	0	3108
15726	8	35	18	3105	0	3166
15727	9	23	3145	37	0	3214
15728	12	6	33	3151	0	3202
15729	14	3	15	3284	0	3316
15730	3	7	3309	57	0	3376
15731	11	6	35	3309	0	3361
15732	7	10	3353	48	0	3418
15733	9	4	35	3349	0	3397
15734	17	12	3573	43	0	3645
15735	12	10	35	3584	0	3641
15736	12	3	24	3620	0	3659
15737	21	12	7	3570	0	3610
15738	9	3558	9	54	0	3630
15739	3569	37	11	37	0	3654
15740	3610	20	4	19	0	3653
15741	57	3	7	3623	0	3690
15742	3599	9	7	57	0	3672
15743	45	16	3562	27	0	3650
15744	17	3596	45	20	0	3678
15745	3623	36	16	20	0	3695
15746	39	3712	14	14	0	3779
15747	23	39	10	3722	0	3794
15748	19	23	5	3743	0	3790
15749	3590	5	9	58	0	3662
15750	51	7	5	3586	0	3649
15751	24	18	3537	50	0	3629
15752	11	3518	42	31	0	3602
15753	3579	38	17	25	0	3659
15754	45	22	4	3530	0	3601
15755	21	3588	13	54	0	3676
15756	12	46	11	3517	0	3586
15757	11	3625	13	46	0	3695
15758	3626	44	7	35	0	3712
15759	3661	23	10	14	0	3708
15760	61	9	3576	13	0	3659
15761	24	20	3518	15	0	3577
15762	17	1	57	3455	0	3530
15763	13	3551	23	41	0	3628
15764	12	35	9	3601	0	3657
15765	3566	15	13	61	0	3655
15766	41	13	3431	21	0	3506
15767	21	12	28	3255	0	3316
15768	8	4	3157	27	0	3196
15769	8	9	3070	28	0	3115
15770	3	3247	38	10	0	3298
15771	29	50	14	3144	0	3237
15772	2815	9	3	36	0	2863
15773	14	6	2850	12	0	2882
15774	8	2770	18	2	0	2798
15775	2790	15	8	11	0	2824
15776	14	11	0	2806	0	2831
15777	2875	3	4	27	0	2909
15778	2880	2	2	25	0	2909
15779	2899	5	3	16	0	2923
15780	23	9	2997	6	0	3035
15781	2867	2	14	10	0	2893
15782	3006	3	10	12	0	3031
15783	22	3131	9	2	0	3164
15784	14	13	3	3153	0	3183
15785	7	11	2	3148	0	3168
15786	3	2	1	3167	0	3173
15787	3153	3	2	31	0	3189
15788	3093	1	4	15	0	3113
15789	24	10	3127	5	0	3166
15790	14	2	17	3120	0	3153
15791	3	3114	12	12	0	3141
15792	3138	15	0	16	0	3169
15793	18	11	3148	6	0	3183
15794	19	2	14	3055	0	3090
15795	7	1	6	3119	0	3133
15796	2	3177	4	20	0	3203
15797	4	16	3	3187	0	3210
15798	2	8	0	3120	0	3130
15799	7	2	1	3121	0	3131
15800	3096	2	3	35	0	3136
15801	23	2	1	3086	0	3112
15802	11	2	8	3083	0	3104
15803	3149	1	3	40	0	3193
15804	24	4	3	3134	0	3165
15805	11	3794	10	24	0	3839
15806	4031	51	4	29	0	4115
15807	4270	26	3	17	0	4316
15808	4356	4	1	15	0	4376
15809	4746	3	1	12	0	4762
15810	89	5024	4	7	0	5124
15811	5546	66	5	16	0	5633
15812	5607	37	2	17	0	5663
15813	139	11	2	5542	0	5694
15814	57	11	5483	88	0	5639
15815	23	7	84	5540	0	5654
15816	20	1	41	5593	0	5655
15817	17	2	8	5582	0	5609
15818	10	5	2	5591	0	5608
15819	17	2	1	5627	0	5647
15820	5424	3	3	157	0	5587
15821	108	1	2	5518	0	5629
15822	57	5	5533	104	0	5699
15823	21	3	91	5484	0	5599
15824	11	5526	52	106	0	5695
15825	24	94	9	5552	0	5679
15826	7	50	5515	102	0	5674
15827	4907	11	95	71	0	5084
15828	5331	6	48	27	0	5412
15829	139	10	5598	11	0	5758
15830	63	5561	95	9	0	5728
15831	5618	93	42	24	0	5777
15832	5662	50	10	16	0	5738
15833	5720	11	4	16	0	5751
15834	5504	7	3	16	0	5530
15835	168	6	8	5335	0	5517
15836	71	18	5404	107	0	5600
15837	49	12	95	5432	0	5588
15838	32	7	44	5593	0	5676
15839	32	15	5490	149	0	5686
15840	33	17	5449	80	0	5579
15841	5376	10	136	42	0	5564
15842	114	5496	57	45	0	5712
15843	81	91	22	5531	0	5725
15844	25	58	5401	141	0	5625
15845	5101	16	114	98	0	5329
15846	120	14	5374	64	0	5572
15847	5215	12	99	63	0	5389
15848	129	5320	59	58	0	5566
15849	95	96	28	5353	0	5572
15850	55	61	5324	137	0	5577
15851	5117	23	117	83	0	5340
15852	131	5318	68	50	0	5567
15853	81	5660	36	37	0	5814
15854	71	144	26	5539	0	5780
15855	54	74	34	5829	0	5991
15856	5865	25	24	204	0	6118
15857	159	5838	35	98	0	6130
15858	118	124	24	5969	0	6235
15859	5987	72	26	174	0	6259
15860	6110	25	22	109	0	6266
15861	6207	24	19	73	0	6323
15862	242	19	6167	68	0	6496
15863	128	22	6363	58	0	6571
15864	6588	12	198	76	0	6874
15865	161	6636	112	65	0	6974
15866	103	6783	61	74	0	7021
15867	74	215	46	6453	0	6788
15868	55	6727	40	175	0	6997
15869	6700	150	56	118	0	7024
15870	212	92	48	6616	0	6968
15871	120	55	6619	166	0	6960
15872	6659	31	162	116	0	6968
15873	6773	34	108	61	0	6976
15874	290	27	41	6638	0	6996
15875	163	19	40	6760	0	6982
15876	87	29	47	6835	0	6998
15877	71	31	48	6791	0	6941
15878	63	41	6396	286	0	6786
15879	48	6408	176	143	0	6775
15880	72	151	108	5832	0	6163
15881	58	6393	57	167	0	6675
15882	80	183	39	5733	0	6035
15883	51	6289	44	172	0	6556
15884	6224	176	34	140	0	6574
15885	6317	107	28	83	0	6535
15886	269	6223	46	67	0	6605
15887	6327	158	50	64	0	6599
15888	243	114	45	6220	0	6622
15889	6241	59	43	193	0	6536
15890	220	6161	55	125	0	6561
15891	6247	175	70	60	0	6552
15892	6372	120	56	44	0	6592
15893	286	60	47	6148	0	6541
15894	148	59	6187	181	0	6575
15895	89	6142	176	126	0	6533
15896	79	197	91	6185	0	6552
15897	6193	120	55	197	0	6565
15898	203	65	6143	136	0	6547
15899	175	46	163	6079	0	6463
15900	110	48	90	6223	0	6471
15901	6185	32	48	291	0	6556
15902	6298	26	46	162	0	6532
15903	6198	41	55	95	0	6389
15904	282	5994	46	88	0	6410
15905	5337	126	28	85	0	5576
15906	149	76	4986	86	0	5297
15907	92	39	4864	63	0	5058
15908	70	37	4873	47	0	5027
15909	70	224	206	4086	0	4586
15910	44	34	4034	109	0	4221
15911	3516	25	75	57	0	3673
15912	80	19	46	3545	0	3690
15913	65	22	3702	84	0	3873
15914	3753	21	67	71	0	3912
15915	96	24	45	3788	0	3953
15916	75	25	14	3848	0	3962
15917	3876	16	10	127	0	4029
15918	92	16	17	4004	0	4129
15919	68	24	3984	82	0	4158
15920	39	23	67	4050	0	4179
15921	37	19	4072	93	0	4221
15922	41	16	79	3995	0	4131
15923	3903	11	45	111	0	4070
15924	77	3854	31	64	0	4026
15925	60	4011	23	40	0	4134
15926	49	110	9	3932	0	4100
15927	42	57	9	3914	0	4022
15928	41	3863	17	107	0	4028
15929	29	3758	30	71	0	3888
15930	27	98	30	3657	0	3812
15931	32	57	25	3702	0	3816
15932	3592	19	27	122	0	3760
15933	80	3578	24	76	0	3758
15934	59	3560	20	36	0	3675
15935	29	3730	22	28	0	3809
15936	3499	110	21	23	0	3653
15937	83	54	3507	23	0	3667
15938	3459	21	83	25	0	3588
15939	89	13	52	3451	0	3605
15940	62	3345	33	81	0	3521
15941	34	3541	17	60	0	3652
15942	3465	92	19	43	0	3619
15943	87	43	28	3282	0	3440
15944	56	3566	28	86	0	3736
15945	3625	75	23	65	0	3788
15946	3693	44	15	42	0	3794
15947	119	22	3620	29	0	3790
15948	3667	18	70	38	0	3793
15949	3740	19	48	29	0	3836
15950	121	17	20	3549	0	3707
15951	58	3507	22	85	0	3672
15952	21	3575	20	61	0	3677
15953	26	105	8	3368	0	3507
15954	3226	49	8	81	0	3364
15955	58	22	3056	49	0	3185
15956	53	11	2933	28	0	3025
15957	41	20	2875	10	0	2946
15958	18	16	2959	9	0	3002
15959	19	2915	58	20	0	3012
15960	17	2900	59	10	0	2986
15961	19	67	2816	12	0	2914
15962	18	43	2736	23	0	2820
15963	8	2436	46	19	0	2509
15964	20	23	14	2234	0	2291
15965	5	14	2386	15	0	2420
15966	5	9	17	2355	0	2386
15967	8	2	10	2523	0	2543
15968	9	2	6	2592	0	2609
15969	3	4	14	2756	0	2777
15970	5	6	2705	40	0	2756
15971	6	9	21	2638	0	2674
15972	2667	1	17	35	0	2720
15973	25	6	2643	16	0	2690
15974	2662	5	24	15	0	2706
15975	28	1	15	2703	0	2747
15976	19	11	2703	27	0	2760
15977	2665	7	24	23	0	2719
15978	29	1	20	2715	0	2765
15979	2741	1	7	43	0	2792
15980	30	19	5	2680	0	2734
15981	18	2718	5	30	0	2771
15982	14	32	2855	17	0	2918
15983	5	15	32	2845	0	2897
15984	2873	8	19	36	0	2936
15985	2892	7	6	27	0	2932
15986	2888	6	3	21	0	2918
15987	2910	8	4	9	0	2931
15988	2847	8	3	14	0	2872
15989	39	2859	9	14	0	2921
15990	2908	26	5	19	0	2958
15991	30	18	2864	8	0	2920
15992	2850	16	27	14	0	2907
15993	36	12	23	2527	0	2598
15994	21	6	2795	25	0	2847
15995	18	8	2777	16	0	2819
15996	9	9	37	2751	0	2806
15997	2772	12	20	30	0	2834
15998	33	2756	18	21	0	2828
15999	2753	33	5	13	0	2804
16000	38	2804	2	13	0	2857
16001	27	32	8	2863	0	2930
16002	16	18	5	2917	0	2956
16003	2900	15	9	49	0	2973
16004	40	9	6	2940	0	2995
16005	26	9	2927	40	0	3002
16006	2905	6	34	22	0	2967
16007	40	7	25	2958	0	3030
16008	34	9	10	2985	0	3038
16009	12	9	2950	43	0	3014
16010	2761	9	35	27	0	2832
16011	2933	10	19	18	0	2980
16012	46	2944	16	21	0	3027
16013	27	31	2798	7	0	2863
16014	16	20	2738	10	0	2784
16015	18	21	45	2661	0	2745
16016	11	10	45	2628	0	2694
16017	8	2664	17	59	0	2748
16018	7	32	2589	22	0	2650
16019	17	14	29	2529	0	2589
16020	8	12	2559	36	0	2615
16021	14	4	30	2469	0	2517
16022	11	2527	19	33	0	2590
16023	10	42	9	2589	0	2650
16024	10	13	4	2590	0	2617
16025	9	4	8	2577	0	2598
16026	2544	3	11	40	0	2598
16027	32	0	2529	21	0	2582
16028	19	2655	31	6	0	2711
16029	13	33	15	2815	0	2876
16030	2916	13	7	38	0	2974
16031	44	6	6	2958	0	3014
16032	2947	5	9	50	0	3011
16033	46	8	2958	22	0	3034
16034	2897	4	41	15	0	2957
16035	48	2	28	3048	0	3126
16036	31	6	3035	52	0	3124
16037	14	2992	44	25	0	3075
16038	16	36	26	2979	0	3057
16039	11	24	10	3008	0	3053
16040	2931	7	4	69	0	3011
16041	47	2929	10	32	0	3018
16042	28	2902	7	17	0	2954
16043	9	3023	6	7	0	3045
16044	2826	57	6	8	0	2897
16045	39	2901	10	11	0	2961
16046	28	36	6	2875	0	2945
16047	25	23	5	2894	0	2947
16048	2890	4	7	62	0	2963
16049	40	2814	11	44	0	2909
16050	33	34	3	2933	0	3003
16051	3003	21	5	53	0	3082
16052	3028	4	6	28	0	3066
16053	3019	6	5	23	0	3053
16054	61	2985	7	8	0	3061
16055	2934	36	5	15	0	2990
16056	45	22	6	2897	0	2970
16057	23	2867	11	44	0	2945
16058	8	2910	12	28	0	2958
16059	10	50	18	2837	0	2915
16060	2836	21	2	46	0	2905
16061	2865	7	4	26	0	2902
16062	56	7	2	2740	0	2805
16063	22	2775	6	41	0	2844
16064	2759	40	4	27	0	2830
16065	40	23	2676	6	0	2745
16066	16	8	2556	7	0	2587
16067	2477	7	45	11	0	2540
16068	35	11	2516	14	0	2576
16069	16	7	29	2347	0	2399
16070	2385	3	11	37	0	2436
16071	35	2	7	2415	0	2459
16072	14	3	2396	31	0	2444
16073	9	2450	29	14	0	2502
16074	5	30	12	2474	0	2521
16075	11	13	2444	29	0	2497
16076	2359	7	25	21	0	2412
16077	34	3	10	2512	0	2559
16078	17	7	2494	33	0	2551
16079	12	7	23	2438	0	2480
16080	5	2430	15	32	0	2482
16081	13	26	5	2544	0	2588
16082	20	12	5	2437	0	2474
16083	10	6	7	2436	0	2459
16084	7	2422	4	37	0	2470
16085	2452	25	4	28	0	2509
16086	36	10	6	2488	0	2540
16087	17	6	5	2518	0	2546
16088	11	6	5	2533	0	2555
16089	7	11	2502	47	0	2567
16090	13	7	28	2520	0	2568
16091	2542	5	12	43	0	2602
16092	32	2558	12	17	0	2619
16093	18	34	6	2645	0	2703
16094	11	16	6	2677	0	2710
16095	2643	13	5	50	0	2711
16096	38	2666	5	23	0	2732
16097	2695	33	2	17	0	2747
16098	2781	18	2	13	0	2814
16099	49	12	6	2740	0	2807
16100	2751	5	4	38	0	2798
16101	39	2611	6	28	0	2684
16102	2649	33	4	18	0	2704
16103	45	14	3	2643	0	2705
16104	3002	13	4	41	0	3060
16105	3100	6	1	32	0	3139
16106	67	17	2965	20	0	3069
16107	3181	6	37	17	0	3241
16108	3259	10	17	16	0	3302
16109	3265	7	5	17	0	3294
16110	72	15	3431	7	0	3525
16111	38	3446	52	17	0	3553
16112	21	54	28	3502	0	3605
16113	3527	33	19	63	0	3642
16114	56	3447	10	44	0	3557
16115	3504	53	5	22	0	3584
16116	69	36	8	3508	0	3621
16117	43	15	3509	56	0	3623
16118	3633	6	50	45	0	3734
16119	71	12	30	3776	0	3889
16120	45	12	3770	59	0	3886
16121	3782	5	59	47	0	3893
16122	74	12	3866	17	0	3969
16123	47	8	76	3894	0	4025
16124	27	4	34	4062	0	4127
16125	4026	6	15	113	0	4160
16126	4065	7	6	55	0	4133
16127	109	4011	11	21	0	4152
16128	4024	58	5	22	0	4109
16129	76	34	3737	8	0	3855
16130	37	20	3669	8	0	3734
16131	3616	9	87	7	0	3719
16132	57	3690	41	9	0	3797
16133	3657	52	24	11	0	3744
16134	69	3667	7	8	0	3751
16135	3660	57	11	14	0	3742
16136	77	28	5	3590	0	3700
16137	48	13	3648	50	0	3759
16138	24	3	57	3637	0	3721
16139	13	3	31	3736	0	3783
16140	3686	8	10	81	0	3785
16141	61	8	3655	49	0	3773
16142	3614	4	57	22	0	3697
16143	67	3611	35	10	0	3723
16144	3668	55	12	11	0	3746
16145	66	26	10	3600	0	3702
16146	47	18	3555	55	0	3675
16147	29	10	56	3607	0	3702
16148	3581	4	29	83	0	3697
16149	61	11	17	3623	0	3712
16150	53	6	5	3527	0	3591
16151	26	3406	10	87	0	3529
16152	29	49	17	3490	0	3585
16153	24	31	3459	73	0	3587
16154	30	14	58	3485	0	3587
16155	26	5	34	3519	0	3584
16156	3423	12	17	98	0	3550
16157	82	10	13	3437	0	3542
16158	52	14	3407	73	0	3546
16159	26	3432	67	43	0	3568
16160	31	55	36	3445	0	3567
16161	37	32	20	3473	0	3562
16162	3472	14	16	94	0	3596
16163	70	3415	19	46	0	3550
16164	64	62	9	3451	0	3586
16165	3424	37	11	71	0	3543
16166	3491	18	15	42	0	3566
16167	96	16	14	3477	0	3603
16168	60	13	3486	71	0	3630
16169	3488	10	59	55	0	3612
16170	74	11	42	3655	0	3782
16171	3671	9	15	76	0	3771
16172	3671	13	10	53	0	3747
16173	103	3534	20	26	0	3683
16174	3543	60	17	21	0	3641
16175	81	3593	23	14	0	3711
16176	43	65	15	3565	0	3688
16177	44	28	15	3506	0	3593
16178	30	3532	14	94	0	3670
16179	3579	67	15	63	0	3724
16180	3560	45	9	39	0	3653
16181	96	26	3446	30	0	3598
16182	56	9	3425	26	0	3516
16183	45	12	81	3450	0	3588
16184	3464	9	46	83	0	3602
16185	79	5	22	3468	0	3574
16186	53	10	11	3526	0	3600
16187	31	10	3563	98	0	3702
16188	30	17	3550	53	0	3650
16189	16	17	3598	36	0	3667
16190	3449	13	91	26	0	3579
16191	3508	13	45	26	0	3592
16192	86	3417	18	35	0	3556
16193	55	3495	17	32	0	3599
16194	32	81	25	3442	0	3580
16195	29	44	3457	68	0	3598
16196	3393	21	53	55	0	3522
16197	76	13	3589	26	0	3704
16198	47	10	59	3520	0	3636
16199	23	8	38	3654	0	3723
16200	33	8	17	3730	0	3788
16201	37	6	13	3804	0	3860
16202	3721	13	7	107	0	3848
16203	103	8	12	3696	0	3819
16204	35	9	3391	72	0	3507
16205	3102	7	50	49	0	3208
16206	52	9	3246	22	0	3329
16207	32	5	3221	19	0	3277
16208	15	3200	64	21	0	3300
16209	56	28	45	2925	0	3054
16210	2894	14	16	38	0	2962
16211	36	9	5	2906	0	2956
16212	16	7	2873	35	0	2931
16213	21	3	27	2852	0	2903
16214	2826	4	12	43	0	2885
16215	35	2847	12	21	0	2915
16216	2816	28	5	17	0	2866
16217	31	2786	6	15	0	2838
16218	2718	26	7	25	0	2776
16219	27	2698	5	9	0	2739
16220	12	2720	9	12	0	2753
16221	14	24	2658	8	0	2704
16222	3	2651	20	4	0	2678
16223	2469	8	24	6	0	2507
16224	15	6	2	2462	0	2485
16225	2518	2	4	19	0	2543
16226	15	2517	7	9	0	2548
16227	2546	16	3	11	0	2576
16228	22	10	2574	4	0	2610
16229	12	9	19	2549	0	2589
16230	6	2706	12	19	0	2743
16231	9	17	7	2797	0	2830
16232	11	7	2	2823	0	2843
16233	3249	6	3	29	0	3287
16234	37	3321	2	18	0	3378
16235	3358	34	5	8	0	3405
16236	41	25	3384	4	0	3454
16237	30	6	3306	4	0	3346
16238	5	3326	59	10	0	3400
16239	8	36	22	3366	0	3432
16240	8	27	3370	38	0	3443
16241	11	9	36	3254	0	3310
16242	8	6	24	3449	0	3487
16243	4	4	3402	60	0	3470
16244	7	9	3421	25	0	3462
16245	12	8	3527	12	0	3559
16246	13	5	3525	7	0	3550
16247	7	3633	65	12	0	3717
16248	5	50	24	3637	0	3716
16249	10	32	10	3726	0	3778
16250	7	10	3671	69	0	3757
16251	13	3	44	3697	0	3757
16252	13	13	3911	52	0	3989
16253	8	7	47	3887	0	3949
16254	10	2	30	3877	0	3919
16255	5	3899	12	70	0	3986
16256	13	46	5	3953	0	4017
16257	10	29	7	3942	0	3988
16258	12	12	5	3959	0	3988
16259	16	11	3823	69	0	3919
16260	4	3832	47	38	0	3921
16261	3864	45	26	13	0	3948
16262	3864	26	15	9	0	3914
16263	69	9	9	3815	0	3902
16264	30	11	8	3776	0	3825
16265	15	3851	12	69	0	3947
16266	3870	48	11	35	0	3964
16267	46	3897	12	20	0	3975
16268	3822	53	13	13	0	3901
16269	52	30	3754	17	0	3853
16270	3546	6	52	22	0	3626
16271	47	3717	30	19	0	3813
16272	28	45	10	3752	0	3835
16273	14	24	11	3749	0	3798
16274	4	3785	13	71	0	3873
16275	3760	51	10	48	0	3869
16276	55	29	11	3796	0	3891
16277	32	6	15	3869	0	3922
16278	3858	10	18	82	0	3968
16279	3910	10	10	43	0	3973
16280	80	13	3897	14	0	4004
16281	3930	7	59	27	0	4023
16282	68	7	35	3955	0	4065
16283	33	11	3943	74	0	4061
16284	22	3	63	3940	0	4028
16285	5	16	3938	67	0	4026
16286	11	14	3946	38	0	4009
16287	13	12	84	3829	0	3938
16288	9	15	3878	73	0	3975
16289	10	3948	65	55	0	4078
16290	12	54	38	3994	0	4098
16291	12	30	14	4157	0	4213
16292	15	18	4111	87	0	4231
16293	17	4068	68	54	0	4207
16294	4057	56	38	30	0	4181
16295	70	30	11	4145	0	4256
16296	4106	16	13	79	0	4214
16297	66	3998	23	45	0	4132
16298	38	62	4055	34	0	4189
16299	30	30	63	4007	0	4130
16300	3936	13	38	81	0	4068
16301	67	15	4000	38	0	4120
16302	3853	13	70	32	0	3968
16303	66	3953	40	21	0	4080
16304	31	3982	20	21	0	4054
16305	3948	78	16	31	0	4073
16306	64	32	15	3924	0	4035
16307	39	29	15	3849	0	3932
16308	18	3898	17	97	0	4030
16309	19	60	19	3945	0	4043
16310	23	24	19	3972	0	4038
16311	3931	11	16	102	0	4060
16312	70	11	17	3958	0	4056
16313	29	22	3978	86	0	4115
16314	14	10	66	4004	0	4094
16315	15	9	32	4128	0	4184
16316	13	16	4053	103	0	4185
16317	18	12	69	4064	0	4163
16318	3943	10	39	89	0	4081
16319	3883	10	15	55	0	3963
16320	3883	9	15	39	0	3946
16321	93	10	12	3848	0	3963
16322	44	14	3802	73	0	3933
16323	23	3814	64	51	0	3952
16324	29	55	32	3794	0	3910
16325	24	37	3825	69	0	3955
16326	34	13	58	3796	0	3901
16327	25	19	36	3791	0	3871
16328	3662	9	11	92	0	3774
16329	58	3796	14	46	0	3914
16330	34	61	3630	25	0	3750
16331	3419	24	52	35	0	3530
16332	58	3525	27	28	0	3638
16333	18	3139	9	22	0	3188
16334	3227	43	41	20	0	3331
16335	54	11	6	3247	0	3318
16336	22	13	3454	48	0	3537
16337	15	13	45	3410	0	3483
16338	10	3448	19	56	0	3533
16339	3492	38	11	31	0	3572
16340	50	13	6	3550	0	3619
16341	3589	8	6	68	0	3671
16342	54	4	10	3600	0	3668
16343	16	3699	9	52	0	3776
16344	3759	45	3	27	0	3834
16345	3754	14	6	25	0	3799
16346	59	3747	14	17	0	3837
16347	3644	42	6	24	0	3716
16348	60	19	5	3575	0	3659
16349	18	3561	13	44	0	3636
16350	3571	47	6	26	0	3650
16351	48	3605	8	8	0	3669
16352	3490	47	6	28	0	3571
16353	53	14	7	3513	0	3587
16354	3545	13	4	56	0	3618
16355	3566	13	9	25	0	3613
16356	3608	10	6	19	0	3643
16357	61	6	2	3576	0	3645
16358	28	11	4	3646	0	3689
16359	3579	5	5	68	0	3657
16360	54	12	3776	25	0	3867
16361	24	7	50	3762	0	3843
16362	12	3893	15	64	0	3984
16363	21	53	8	3949	0	4031
16364	19	21	9	4010	0	4059
16365	17	7	3910	79	0	4013
16366	13	9	50	4278	0	4350
16367	16	4502	24	77	0	4619
16368	15	78	6	4638	0	4737
16369	17	39	4868	86	0	5010
16370	28	15	77	4848	0	4968
16371	24	15	24	4931	0	4994
16372	4850	11	14	117	0	4992
16373	4850	4	6	55	0	4915
16374	118	7	3	4837	0	4965
16375	49	4784	3	83	0	4919
16376	31	4846	5	32	0	4914
16377	30	107	4746	18	0	4901
16378	23	53	76	4737	0	4889
16379	4737	26	26	100	0	4889
16380	79	17	12	4758	0	4866
16381	52	7	4765	86	0	4910
16382	23	5	77	4793	0	4898
16383	27	10	24	4833	0	4894
16384	20	7	8	4940	0	4975
16385	14	13	4790	115	0	4932
16386	16	4779	77	50	0	4922
16387	4783	75	28	40	0	4926
16388	4716	35	10	32	0	4793
16389	116	12	8	4604	0	4740
16390	47	17	4542	86	0	4692
16391	20	4563	74	57	0	4714
16392	33	81	28	4270	0	4412
16393	14	4519	22	69	0	4624
16394	17	4673	15	39	0	4744
16395	4571	91	13	41	0	4716
16396	87	45	4628	22	0	4782
16397	46	17	4670	28	0	4761
16398	38	17	92	4588	0	4735
16399	26	17	38	4721	0	4802
16400	22	14	4721	114	0	4871
16401	31	19	71	4581	0	4702
16402	25	33	4631	99	0	4788
16403	4358	12	73	57	0	4500
16404	82	21	36	4645	0	4784
16405	46	20	4703	96	0	4865
16406	41	27	74	4432	0	4574
16407	28	4918	34	83	0	5063
16408	4923	73	19	76	0	5091
16409	74	4973	25	42	0	5114
16410	5005	75	15	50	0	5145
16411	96	46	4905	42	0	5089
16412	4924	27	75	29	0	5055
16413	94	14	37	5006	0	5151
16414	49	25	4994	91	0	5159
16415	46	17	75	4923	0	5061
16416	29	20	4900	106	0	5055
16417	4598	20	87	74	0	4779
16418	86	4923	44	46	0	5099
16419	60	76	28	4619	0	4783
16420	30	4995	27	88	0	5140
16421	4975	80	25	79	0	5159
16422	4995	40	24	63	0	5122
16423	103	5047	30	43	0	5223
16424	55	81	25	5062	0	5223
16425	35	45	23	5066	0	5169
16426	33	25	19	5092	0	5169
16427	4956	23	27	139	0	5145
16428	76	4975	35	95	0	5181
16429	52	77	31	4877	0	5037
16430	45	53	28	4926	0	5052
16431	4834	35	29	140	0	5038
16432	83	27	4798	87	0	4995
16433	53	26	4745	61	0	4885
16434	4457	12	101	78	0	4648
16435	87	20	4574	43	0	4724
16436	46	25	4265	45	0	4381
16437	37	24	95	4196	0	4352
16438	4305	16	49	98	0	4468
16439	77	18	37	4273	0	4405
16440	47	28	4218	87	0	4380
16441	4014	19	81	59	0	4173
16442	82	28	4095	56	0	4261
16443	43	4047	80	43	0	4213
16444	59	71	57	4098	0	4285
16445	4116	37	31	92	0	4276
16446	77	24	29	4145	0	4275
16447	44	25	22	4177	0	4268
16448	4246	18	20	128	0	4412
16449	78	12	23	4347	0	4460
16450	46	16	26	4462	0	4550
16451	31	25	4432	102	0	4590
16452	28	15	69	4395	0	4507
16453	4425	12	44	105	0	4586
16454	4433	20	36	69	0	4558
16455	4462	23	25	42	0	4552
16456	91	21	17	4315	0	4444
16457	53	4354	25	72	0	4504
16458	4349	60	19	56	0	4484
16459	70	4396	34	24	0	4524
16460	4238	48	21	44	0	4351
16461	63	23	28	4247	0	4361
16462	4136	11	16	63	0	4226
16463	4127	10	14	53	0	4204
16464	4121	6	29	36	0	4192
16465	66	4088	25	50	0	4229
16466	23	3733	19	31	0	3806
16467	3496	24	9	22	0	3551
16468	28	3516	12	14	0	3570
16469	9	3210	1	16	0	3236
16470	3	3258	6	5	0	3272
16471	3239	23	18	19	0	3299
16472	28	8	2	3228	0	3266
16473	12	4	3	3291	0	3310
16474	3301	3	1	42	0	3347
16475	28	8	3358	12	0	3406
16476	17	4	22	4015	0	4058
16477	13	2	9	4158	0	4182
16478	8	2	2	4564	0	4576
16479	11	3	5	4730	0	4749
16480	2	4590	4	107	0	4703
16481	4	5511	5	44	0	5564
16482	5583	124	2	24	0	5733
16483	116	44	4	5589	0	5753
16484	50	7	1	5726	0	5784
16485	18	11	5612	156	0	5797
16486	13	5	109	5676	0	5803
16487	9	11	5671	125	0	5816
16488	10	2	117	5729	0	5858
16489	2	6	5931	134	0	6073
16490	4	5865	132	56	0	6057
16491	19	125	45	5809	0	5998
16492	5906	47	16	127	0	6096
16493	5920	18	4	67	0	6009
16494	170	5	5	5819	0	5999
16495	60	14	5806	130	0	6010
16496	20	10	5809	64	0	5903
16497	5520	5	166	20	0	5711
16498	123	5703	65	15	0	5906
16499	5816	126	18	23	0	5983
16500	5805	47	10	33	0	5895
16501	169	14	5704	15	0	5902
16502	73	9	125	5631	0	5838
16503	35	12	51	5856	0	5954
16504	28	6	17	6077	0	6128
16505	26	8	5	5948	0	5987
16506	19	9	13	5890	0	5931
16507	11	12	5554	214	0	5791
16508	15	8	5563	87	0	5673
16509	22	3	179	5551	0	5755
16510	22	14	63	5656	0	5755
16511	14	10	27	5732	0	5783
16512	5535	10	16	219	0	5780
16513	156	9	26	5519	0	5710
16514	5497	17	8	184	0	5706
16515	168	5	10	5622	0	5805
16516	5734	10	8	190	0	5942
16517	5884	8	17	92	0	6001
16518	5772	7	22	50	0	5851
16519	5778	6	18	47	0	5849
16520	5754	7	21	40	0	5822
16521	227	18	14	5576	0	5835
16522	5603	8	27	169	0	5807
16523	170	5552	14	89	0	5825
16524	5634	139	21	41	0	5835
16525	180	66	20	5636	0	5902
16526	89	34	5595	177	0	5895
16527	46	10	148	5699	0	5903
16528	35	14	5667	188	0	5904
16529	40	17	165	5685	0	5907
16530	46	8	81	5838	0	5973
16531	33	22	5689	237	0	5981
16532	38	14	5734	120	0	5906
16533	39	6	216	5692	0	5953
16534	5678	10	100	195	0	5983
16535	161	24	5671	122	0	5978
16536	88	5726	163	68	0	6045
16537	52	158	5877	62	0	6149
16538	5860	64	184	56	0	6164
16539	179	28	85	5842	0	6134
16540	6003	9	49	179	0	6240
16541	6046	10	28	119	0	6203
16542	240	11	23	5969	0	6243
16543	115	11	5843	191	0	6160
16544	74	10	162	5831	0	6077
16545	54	9	84	5879	0	6026
16546	5628	12	37	260	0	5937
16547	171	5756	36	135	0	6098
16548	102	145	28	5745	0	6020
16549	60	73	5632	186	0	5951
16550	5405	24	161	121	0	5711
16551	176	5452	87	72	0	5787
16552	109	146	52	5525	0	5832
16553	71	72	29	5602	0	5774
16554	50	26	24	5707	0	5807
16555	5450	11	27	261	0	5749
16556	5588	18	32	132	0	5770
16557	257	8	27	5579	0	5871
16558	122	13	5563	206	0	5904
16559	51	5578	168	118	0	5915
16560	5599	148	82	78	0	5907
16561	5743	65	53	48	0	5909
16562	259	24	20	5601	0	5904
16563	128	17	34	5788	0	5967
16564	64	23	5603	241	0	5931
16565	49	5633	170	128	0	5980
16566	5739	145	78	84	0	6046
16567	5676	72	45	50	0	5843
16568	236	5616	30	48	0	5930
16569	5643	145	26	50	0	5864
16570	205	65	27	5604	0	5901
16571	108	34	5581	184	0	5907
16572	79	12	157	5655	0	5903
16573	47	27	5602	187	0	5863
16574	5416	8	164	119	0	5707
16575	155	5372	87	76	0	5690
16576	82	144	38	4705	0	4969
16577	49	63	4675	136	0	4923
16578	21	24	4408	81	0	4534
16579	4081	11	148	44	0	4284
16580	93	4210	84	51	0	4438
16581	3438	53	61	26	0	3578
16582	3404	30	20	17	0	3471
16583	3411	14	6	19	0	3450
16584	92	8	6	3331	0	3437
16585	50	7	3249	63	0	3369
16586	24	3274	54	44	0	3396
16587	21	55	37	3301	0	3414
16588	19	38	3304	54	0	3415
16589	20	18	3101	27	0	3166
16590	12	7	60	3060	0	3139
16591	17	8	3090	49	0	3164
16592	2973	9	47	39	0	3068
16593	48	4	32	3110	0	3194
16594	33	3	22	3171	0	3229
16595	3120	7	10	72	0	3209
16596	43	3098	11	45	0	3197
16597	3255	36	11	27	0	3329
16598	60	26	8	3230	0	3324
16599	35	13	10	3302	0	3360
16600	16	5	15	3342	0	3378
16601	14	4	16	3271	0	3305
16602	3149	3	8	89	0	3249
16603	52	11	3163	36	0	3262
16604	30	3055	37	16	0	3138
16605	24	34	25	3088	0	3171
16606	3030	25	19	42	0	3116
16607	3066	13	4	43	0	3126
16608	52	3041	9	42	0	3144
16609	3032	31	11	9	0	3083
16610	32	3051	5	14	0	3102
16611	23	3107	18	14	0	3162
16612	19	48	18	3118	0	3203
16613	12	35	3160	37	0	3244
16614	11	30	29	3139	0	3209
16615	3039	4	28	48	0	3119
16616	30	2964	17	35	0	3046
16617	37	29	4	2993	0	3063
16618	15	35	3276	41	0	3367
16619	3358	15	33	49	0	3455
16620	3492	4	25	39	0	3560
16621	3537	9	19	19	0	3584
16622	54	14	3398	7	0	3473
16623	3286	5	25	19	0	3335
16624	30	3373	15	10	0	3428
16625	26	24	4	3249	0	3303
16626	7	3385	12	19	0	3423
16627	3442	27	5	26	0	3500
16628	3308	19	4	21	0	3352
16629	43	11	3435	9	0	3498
16630	21	3439	29	8	0	3497
16631	8	27	13	3437	0	3485
16632	11	12	3	3461	0	3487
16633	2	7	8	3453	0	3470
16634	10	9	3	3576	0	3598
16635	11	1	5	3615	0	3632
16636	7	7	3454	44	0	3512
16637	8	3389	36	29	0	3462
16638	3385	31	16	11	0	3443
16639	43	24	3412	8	0	3487
16640	23	3445	32	11	0	3511
16641	3454	29	20	16	0	3519
16642	36	21	3653	8	0	3718
16643	3554	4	39	11	0	3608
16644	3565	6	21	15	0	3607
16645	3603	3	11	11	0	3628
16646	61	3659	4	10	0	3734
16647	30	43	3580	9	0	3662
16648	7	3747	39	10	0	3803
16649	27	45	22	3198	0	3292
16650	14	3711	11	29	0	3765
16651	3722	36	3	31	0	3792
16652	3959	21	8	17	0	4005
16653	3960	9	4	13	0	3986
16654	82	13	4000	8	0	4103
16655	34	4208	59	10	0	4311
16656	12	68	38	4561	0	4679
16657	4983	38	6	74	0	5101
16658	90	4915	10	51	0	5066
16659	66	81	11	4884	0	5042
16660	12	65	4947	80	0	5104
16661	4873	8	90	66	0	5037
16662	90	13	5237	12	0	5352
16663	65	12	5299	10	0	5386
16664	5013	10	144	16	0	5183
16665	109	5	5184	12	0	5310
16666	4976	5	95	11	0	5087
16667	96	5011	63	7	0	5177
16668	5206	92	13	21	0	5332
16669	114	61	8	5219	0	5402
16670	66	9	10	5234	0	5319
16671	18	11	14	5280	0	5323
16672	5186	8	5	146	0	5345
16673	5210	8	11	70	0	5299
16674	5260	7	11	18	0	5296
16675	164	5094	13	7	0	5278
16676	79	91	16	5192	0	5378
16677	19	67	5101	102	0	5289
16678	25	12	97	5018	0	5152
16679	22	5010	65	96	0	5193
16680	29	96	13	5010	0	5148
16681	27	65	16	5031	0	5139
16682	4993	17	12	157	0	5179
16683	108	7	17	5050	0	5182
16684	69	14	4962	114	0	5159
16685	32	22	4904	72	0	5030
16686	32	10	152	4938	0	5132
16687	4913	11	73	101	0	5098
16688	124	11	19	4917	0	5071
16689	99	12	17	4991	0	5119
16690	33	17	4898	159	0	5107
16691	23	4857	111	82	0	5073
16692	33	99	73	4856	0	5061
16693	4812	67	24	115	0	5018
16694	104	4844	28	94	0	5070
16695	100	100	16	4925	0	5141
16696	43	73	4889	105	0	5110
16697	48	18	99	4845	0	5010
16698	4737	15	79	118	0	4949
16699	112	4622	25	86	0	4845
16700	85	104	4650	43	0	4882
16701	50	59	96	4640	0	4845
16702	31	30	4748	126	0	4935
16703	4626	22	102	102	0	4852
16704	4739	21	73	43	0	4876
16705	168	25	4666	36	0	4895
16706	99	22	104	4645	0	4870
16707	40	28	4774	124	0	4966
16708	28	4719	139	96	0	4982
16709	38	101	90	4783	0	5012
16710	46	68	4813	125	0	5052
16711	59	31	124	4606	0	4820
16712	34	4699	84	121	0	4938
16713	57	99	44	4764	0	4964
16714	37	75	4769	137	0	5018
16715	4616	18	122	111	0	4867
16716	123	4737	88	56	0	5004
16717	4849	103	32	71	0	5055
16718	143	74	4548	51	0	4816
16719	4405	20	116	55	0	4596
16720	135	32	4460	56	0	4683
16721	4399	23	131	50	0	4603
16722	4550	37	77	49	0	4713
16723	183	25	34	4466	0	4708
16724	101	30	43	4597	0	4771
16725	4487	36	34	215	0	4772
16726	137	4541	44	116	0	4838
16727	4598	108	47	60	0	4813
16728	144	79	43	4476	0	4742
16729	97	4421	54	145	0	4717
16730	69	102	44	4647	0	4862
16731	77	74	54	4689	0	4894
16732	55	32	42	4669	0	4798
16733	42	4549	57	207	0	4855
16734	4474	93	38	124	0	4729
16735	138	69	39	4523	0	4769
16736	100	28	4395	151	0	4674
16737	38	30	4327	121	0	4516
16738	45	17	4408	72	0	4542
16739	4352	29	163	59	0	4603
16740	4443	34	67	57	0	4601
16741	159	34	4329	70	0	4592
16742	85	21	117	4037	0	4260
16743	35	26	83	4243	0	4387
16744	31	32	4313	184	0	4560
16745	37	29	4311	105	0	4482
16746	42	19	150	4366	0	4577
16747	4321	20	91	123	0	4555
16748	4231	27	35	100	0	4393
16749	4221	22	50	52	0	4345
16750	161	4101	48	58	0	4368
16751	84	4246	53	44	0	4427
16752	59	109	29	4016	0	4213
16753	3987	50	35	102	0	4174
16754	92	21	3873	83	0	4069
16755	3517	13	78	71	0	3679
16756	67	3220	48	37	0	3372
16757	26	2838	17	18	0	2899
16758	2808	45	10	18	0	2881
16759	36	2775	20	17	0	2848
16760	22	2715	14	12	0	2763
16761	2652	53	75	31	0	2811
16762	20	2710	9	4	0	2743
16763	11	14	6	2624	0	2655
16764	7	7	3	2645	0	2662
16765	2633	4	2	29	0	2668
16766	2667	2	4	17	0	2690
16767	21	2686	7	6	0	2720
16768	9	2670	4	5	0	2688
16769	4	26	2587	7	0	2624
16770	2655	8	22	10	0	2695
16771	2815	0	7	10	0	2832
16772	2899	0	1	15	0	2915
16773	30	6	1	2936	0	2973
16774	19	4	1	3049	0	3073
16775	3073	1	4	36	0	3114
16776	25	2	1	3097	0	3125
16777	17	5	3118	22	0	3162
16778	6	4	19	3095	0	3124
16779	3	3213	17	29	0	3262
16780	5	32	4	3273	0	3314
16781	10	16	1	3306	0	3333
16782	9	4	4	3323	0	3340
16783	3224	5	4	52	0	3285
16784	25	3243	5	24	0	3297
16785	18	24	3	3337	0	3382
16786	14	18	3305	27	0	3364
16787	4	14	3198	19	0	3235
16788	6	2	37	3325	0	3370
16789	6	1	18	3329	0	3354
16790	3245	6	4	44	0	3299
16791	25	1	4	3196	0	3226
16792	18	3171	6	26	0	3221
16793	10	24	3237	20	0	3291
16794	11	13	25	3291	0	3340
16795	7	10	3369	24	0	3410
16796	10	5	28	3366	0	3409
16797	3366	4	17	33	0	3420
16798	3395	7	4	21	0	3427
16799	39	3409	8	8	0	3464
16800	24	30	3	3515	0	3572
16801	3651	15	3	36	0	3705
16802	3665	6	4	24	0	3699
16803	3687	1	3	15	0	3706
16804	3698	4	1	11	0	3714
16805	3667	5	3	8	0	3683
16806	48	3565	5	10	0	3628
16807	3579	27	4	9	0	3619
16808	31	20	3530	4	0	3585
16809	26	6	24	3519	0	3575
16810	3568	1	18	34	0	3621
16811	3567	2	5	26	0	3600
16812	3591	0	2	15	0	3608
16813	47	5	3509	8	0	3569
16814	22	5	20	3477	0	3524
16815	3580	1	15	26	0	3622
16816	26	3533	6	16	0	3581
16817	3725	27	2	30	0	3784
16818	3626	15	4	15	0	3660
16819	3669	2	1	13	0	3685
16820	42	4	2	3715	0	3763
16821	3766	0	1	41	0	3808
16822	34	9	3803	15	0	3861
16823	18	7	3794	9	0	3828
16824	3810	3	33	13	0	3859
16825	26	6	3897	4	0	3933
16826	3651	1	24	13	0	3689
16827	28	7	3857	6	0	3898
16828	24	2	22	3774	0	3822
16829	3759	1	13	28	0	3801
16830	22	3623	14	19	0	3678
16831	3755	22	4	8	0	3789
16832	25	3680	4	12	0	3721
16833	17	3877	5	3	0	3902
16834	9	31	7	3978	0	4025
16835	13	19	1	3955	0	3988
16836	10	6	3	3986	0	4005
16837	5	6	3981	41	0	4033
16838	3820	4	28	35	0	3887
16839	4154	1	14	17	0	4186
16840	4207	6	6	13	0	4232
16841	4240	3	4	13	0	4260
16842	4215	3	15	15	0	4248
16843	53	9	4068	6	0	4136
16844	27	5	4076	5	0	4113
16845	20	4	44	4196	0	4264
16846	11	11	4151	37	0	4210
16847	4146	3	32	22	0	4203
16848	45	4378	25	30	0	4478
16849	32	41	4	4656	0	4733
16850	4661	22	1	54	0	4738
16851	66	2	5	4657	0	4730
16852	37	12	4697	61	0	4807
16853	15	10	4690	32	0	4747
16854	11	2	84	4829	0	4926
16855	12	7	4878	59	0	4956
16856	4757	0	65	37	0	4859
16857	61	2	32	4893	0	4988
16858	41	5	4853	65	0	4964
16859	13	4845	60	44	0	4962
16860	16	70	33	4924	0	5043
16861	14	37	4915	65	0	5031
16862	18	9	57	4731	0	4815
16863	19	2	31	4870	0	4922
16864	11	14	4883	90	0	4998
16865	18	1	56	4913	0	4988
16866	14	5	43	4840	0	4902
16867	14	4	10	4917	0	4945
16868	4745	0	8	103	0	4856
16869	57	4753	16	46	0	4872
16870	45	4851	7	17	0	4920
16871	10	86	4709	12	0	4817
16872	4478	23	57	21	0	4579
16873	56	17	4629	8	0	4710
16874	30	12	4508	7	0	4557
16875	13	8	74	4397	0	4492
16876	4442	4	23	77	0	4546
16877	54	4508	12	38	0	4612
16878	4546	51	11	17	0	4625
16879	4393	27	4	25	0	4449
16880	68	4433	10	20	0	4531
16881	4478	44	4	19	0	4545
16882	4466	26	4	16	0	4512
16883	70	4558	11	11	0	4650
16884	43	52	5	4612	0	4712
16885	11	41	8	4652	0	4712
16886	4782	5	11	80	0	4878
16887	53	4846	12	35	0	4946
16888	4943	53	9	25	0	5030
16889	4966	32	13	20	0	5031
16890	5237	6	10	32	0	5285
16891	98	5	5	5215	0	5323
16892	45	6	12	5289	0	5352
16893	5267	4	5	99	0	5375
16894	5368	9	5	50	0	5432
16895	5353	5	10	16	0	5384
16896	110	3	8	5474	0	5595
16897	46	10	5535	74	0	5665
16898	17	4	71	5658	0	5750
16899	20	6	46	6077	0	6149
16900	18	12	5841	123	0	5994
16901	15	14	6379	51	0	6459
16902	19	7	152	6421	0	6599
16903	18	21	6456	117	0	6612
16904	6489	3	110	85	0	6687
16905	125	7	65	6613	0	6810
16906	76	5	6	6758	0	6845
16907	6820	4	6	191	0	7021
16908	123	10	14	6828	0	6975
16909	94	1	8	6897	0	7000
16910	28	5	8	6976	0	7017
16911	31	8	16	6952	0	7007
16912	30	14	6731	183	0	6958
16913	30	7	119	6828	0	6984
16914	16	17	6766	136	0	6935
16915	22	6842	129	106	0	7099
16916	39	114	64	6854	0	7071
16917	23	72	6694	136	0	6925
16918	6310	9	127	95	0	6541
16919	127	6625	79	51	0	6882
16920	6632	116	23	39	0	6810
16921	138	71	9	6329	0	6547
16922	76	6328	27	131	0	6562
16923	6324	115	17	99	0	6555
16924	125	6383	19	44	0	6571
16925	6511	118	21	42	0	6692
16926	142	68	28	6383	0	6621
16927	6496	15	15	154	0	6680
16928	132	6540	32	93	0	6797
16929	6592	117	15	47	0	6771
16930	146	73	6470	42	0	6731
16931	89	28	131	6508	0	6756
16932	6463	15	78	156	0	6712
16933	6522	16	17	118	0	6673
16934	193	10	19	6416	0	6638
16935	96	25	6404	153	0	6678
16936	29	6166	127	101	0	6423
16937	29	6429	77	43	0	6578
16938	6365	191	32	50	0	6638
16939	148	69	22	6318	0	6557
16940	104	21	18	6391	0	6534
16941	6282	19	18	211	0	6530
16942	6257	19	27	107	0	6410
16943	210	18	6202	42	0	6472
16944	106	29	124	6181	0	6440
16945	45	29	6110	152	0	6336
16946	42	6065	129	105	0	6341
16947	5812	113	71	65	0	6061
16948	120	5881	30	54	0	6085
16949	89	5806	16	54	0	5965
16950	52	166	18	5772	0	6008
16951	5700	59	26	143	0	5928
16952	117	5712	19	101	0	5949
16953	5683	107	21	55	0	5866
16954	138	5598	39	28	0	5803
16955	92	105	17	5577	0	5791
16956	5508	60	41	140	0	5749
16957	126	37	5558	90	0	5811
16958	98	17	103	5605	0	5823
16959	42	29	5605	136	0	5812
16960	48	5353	111	104	0	5616
16961	32	5614	74	59	0	5779
16962	5513	160	25	58	0	5756
16963	122	5569	26	63	0	5780
16964	5546	115	55	66	0	5782
16965	5592	64	27	68	0	5751
16966	163	42	5467	62	0	5734
16967	5447	20	112	60	0	5639
16968	127	30	5602	61	0	5820
16969	89	5500	117	61	0	5767
16970	5520	125	75	57	0	5777
16971	130	5566	28	53	0	5777
16972	99	112	40	5538	0	5789
16973	5580	75	26	147	0	5828
16974	147	45	23	5597	0	5812
16975	105	47	5560	137	0	5849
16976	59	37	107	5589	0	5792
16977	53	44	71	5592	0	5760
16978	5520	39	25	179	0	5763
16979	135	54	5527	80	0	5796
16980	5623	36	110	56	0	5825
16981	5748	34	72	56	0	5910
16982	187	42	17	5707	0	5953
16983	111	39	21	5733	0	5904
16984	5570	33	23	186	0	5812
16985	147	5689	44	90	0	5970
16986	106	126	23	5618	0	5873
16987	68	70	5496	121	0	5755
16988	51	53	5340	82	0	5526
16989	61	5513	154	41	0	5769
16990	47	114	70	5282	0	5513
16991	66	79	25	5336	0	5506
16992	5262	37	19	155	0	5473
16993	140	32	22	5186	0	5380
16994	5017	30	12	123	0	5182
16995	122	4931	29	80	0	5162
16996	74	4794	23	27	0	4918
16997	35	4882	23	29	0	4969
16998	4708	128	29	41	0	4906
16999	4309	41	21	37	0	4408
17000	117	4228	36	32	0	4413
17001	3614	31	15	20	0	3680
17002	40	3583	13	11	0	3647
17003	31	35	5	3506	0	3577
17004	5	3558	10	34	0	3607
17005	3553	32	7	32	0	3624
17006	3523	20	3	20	0	3566
17007	48	10	6	3369	0	3433
17008	3370	2	6	47	0	3425
17009	36	9	9	3349	0	3403
17010	23	3398	11	30	0	3462
17011	12	45	5	3380	0	3442
17012	9	3403	12	35	0	3459
17013	3338	28	9	28	0	3403
17014	40	23	3226	8	0	3297
17015	3030	11	21	10	0	3072
17016	27	6	10	3138	0	3181
17017	13	17	3132	30	0	3192
17018	3020	4	22	24	0	3070
17019	29	14	3274	6	0	3323
17020	31	7	25	3332	0	3395
17021	15	6	11	3467	0	3499
17022	13	11	2	3480	0	3506
17023	13	5	2	3542	0	3562
17024	15	3530	6	55	0	3606
17025	13	37	4	3783	0	3837
17026	3775	27	7	55	0	3864
17027	53	13	3752	26	0	3844
17028	41	3977	45	17	0	4080
17029	4073	53	36	16	0	4178
17030	4471	41	4	27	0	4543
17031	114	2	7	4923	0	5046
17032	47	16	4917	82	0	5062
17033	24	7	74	4877	0	4982
17034	18	12	48	5004	0	5082
17035	19	17	4904	134	0	5074
17036	15	5098	80	60	0	5253
17037	5183	74	62	19	0	5338
17038	5163	61	10	19	0	5253
17039	5295	10	12	27	0	5344
17040	141	17	12	5213	0	5383
17041	85	10	6	5433	0	5534
17042	5484	11	9	153	0	5657
17043	109	9	15	5219	0	5352
17044	79	5371	11	113	0	5574
17045	5620	84	5	85	0	5794
17046	5736	60	8	41	0	5845
17047	5993	19	8	22	0	6042
17048	5989	11	6	28	0	6034
17049	185	15	5709	28	0	5937
17050	103	12	5675	17	0	5807
17051	43	10	155	5654	0	5862
17052	34	18	72	5804	0	5928
17053	36	14	5696	168	0	5914
17054	28	20	5721	88	0	5857
17055	39	11	156	5706	0	5912
17056	5739	10	78	124	0	5951
17057	121	10	29	5660	0	5820
17058	82	26	5650	114	0	5872
17059	27	5755	103	91	0	5976
17060	5876	106	65	44	0	6091
17061	5976	60	26	42	0	6104
17062	6042	19	27	26	0	6114
17063	6024	10	20	42	0	6096
17064	193	16	5778	23	0	6010
17065	109	12	102	5809	0	6032
17066	5853	14	80	126	0	6073
17067	130	13	31	5871	0	6045
17068	107	14	21	5633	0	5775
17069	51	5652	17	184	0	5904
17070	37	97	16	5740	0	5890
17071	5622	64	23	133	0	5842
17072	117	5634	28	96	0	5875
17073	5643	101	16	57	0	5817
17074	138	5655	25	35	0	5853
17075	114	106	20	5351	0	5591
17076	59	5472	26	120	0	5677
17077	43	5671	39	94	0	5847
17078	5568	152	20	67	0	5807
17079	134	80	5462	57	0	5733
17080	90	37	5399	51	0	5577
17081	57	31	5356	49	0	5493
17082	4996	31	168	50	0	5245
17083	132	5235	92	63	0	5522
17084	109	5340	46	39	0	5534
17085	5060	167	31	52	0	5310
17086	150	5041	40	40	0	5271
17087	108	5205	31	53	0	5397
17088	82	156	29	5169	0	5436
17089	63	89	5116	143	0	5411
17090	66	47	5165	111	0	5389
17091	75	38	163	5143	0	5419
17092	5172	36	87	135	0	5430
17093	152	5212	44	108	0	5516
17094	134	116	38	5277	0	5565
17095	89	84	5242	128	0	5543
17096	72	46	5206	104	0	5428
17097	83	26	171	5185	0	5465
17098	5209	33	102	132	0	5476
17099	5259	31	54	108	0	5452
17100	205	37	5165	64	0	5471
17101	5149	31	125	66	0	5371
17102	160	27	5254	48	0	5489
17103	127	25	155	4862	0	5169
17104	77	5146	108	122	0	5453
17105	5277	113	59	99	0	5548
17106	157	78	47	5370	0	5652
17107	130	27	52	5368	0	5577
17108	88	36	62	5510	0	5696
17109	73	31	47	5545	0	5696
17110	85	29	5289	199	0	5602
17111	78	5262	129	131	0	5600
17112	74	116	95	5336	0	5621
17113	5354	83	49	155	0	5641
17114	160	38	47	5412	0	5657
17115	126	40	40	5450	0	5656
17116	83	31	5286	204	0	5604
17117	72	45	5148	136	0	5401
17118	70	5150	181	69	0	5470
17119	58	5246	100	78	0	5482
17120	72	145	39	5063	0	5319
17121	5026	96	29	140	0	5291
17122	131	53	4976	97	0	5257
17123	95	4996	106	61	0	5258
17124	74	104	67	4758	0	5003
17125	50	4758	38	103	0	4949
17126	66	101	30	4527	0	4724
17127	47	4664	32	100	0	4843
17128	38	96	31	4374	0	4539
17129	4253	53	29	93	0	4428
17130	67	3901	25	54	0	4047
17131	36	70	14	3362	0	3482
17132	3268	30	13	48	0	3359
17133	42	3309	16	38	0	3405
17134	38	3153	14	21	0	3226
17135	27	3223	22	15	0	3287
17136	22	37	20	3007	0	3086
17137	9	24	14	2984	0	3031
17138	7	2948	15	47	0	3017
17139	23	27	10	2973	0	3033
17140	28	17	2895	27	0	2967
17141	7	2872	29	18	0	2926
17142	14	85	9	2703	0	2811
17143	6	2791	9	23	0	2829
17144	11	26	2632	16	0	2685
17145	5	2663	17	4	0	2689
17146	2401	60	16	7	0	2484
17147	10	3	2	2417	0	2432
17148	2386	1	3	18	0	2408
17149	9	6	2362	9	0	2386
17150	4	3	10	2383	0	2400
17151	3	6	2373	11	0	2393
17152	4	1	12	2377	0	2394
17153	2406	4	4	18	0	2432
17154	13	2	2	2403	0	2420
17155	2399	2	1	14	0	2416
17156	12	2494	3	5	0	2514
17157	2489	11	3	8	0	2511
17158	12	8	2529	4	0	2553
17159	5	2614	10	7	0	2636
17160	3	9	3	2630	0	2645
17161	4	3	4	2595	0	2606
17162	0	5	2559	12	0	2576
17163	4	2577	13	10	0	2604
17164	4	11	3	2578	0	2596
17165	2	2602	5	12	0	2621
17166	2	12	1	2573	0	2588
17167	3	2593	4	10	0	2610
17168	2535	10	6	5	0	2556
17169	11	4	0	2577	0	2592
17170	3	3	2568	10	0	2584
17171	4	2581	10	8	0	2603
17172	0	2640	4	4	0	2648
17173	6	12	2603	4	0	2625
17174	1	2637	13	3	0	2654
17175	4	8	3	2642	0	2657
17176	1	6	2677	6	0	2690
17177	4	1	8	2627	0	2640
17178	1	0	2	2716	0	2719
17179	2	6	2649	9	0	2666
17180	2490	2	7	10	0	2509
17181	9	2	3	2675	0	2689
17182	7	2	2832	10	0	2851
17183	2	2821	9	8	0	2840
17184	2827	9	4	9	0	2849
17185	9	2824	1	2	0	2836
17186	8	10	2	2842	0	2862
17187	2779	2	0	18	0	2799
17188	10	1	0	2800	0	2811
17189	4	5	2872	10	0	2891
17190	6	1	8	2881	0	2896
17191	3	8	2888	9	0	2908
17192	2771	1	8	10	0	2790
17193	10	7	2837	2	0	2856
17194	2869	2	9	15	0	2895
17195	2917	1	4	11	0	2933
17196	14	7	2925	2	0	2948
17197	7	9	2832	4	0	2852
17198	1	2937	14	6	0	2958
17199	2983	11	7	7	0	3008
17200	9	6	0	3062	0	3077
17201	6	2	0	3059	0	3067
17202	3251	2	6	40	0	3299
17203	3308	2	0	19	0	3329
17204	3315	1	2	12	0	3330
17205	3295	3	1	8	0	3307
17206	19	2	3	3192	0	3216
17207	3226	1	4	27	0	3258
17208	14	4	3	3240	0	3261
17209	10	2	3	3240	0	3255
17210	7	3	2	3249	0	3261
17211	4	8	3185	22	0	3219
17212	3	3130	13	13	0	3159
17213	5	3183	14	1	0	3203
17214	6	17	3	3216	0	3242
17215	3206	5	1	24	0	3236
17216	15	3	5	3195	0	3218
17217	3189	4	3	20	0	3216
17218	14	5	3257	10	0	3286
17219	3167	3	16	16	0	3202
17220	13	3	8	3305	0	3329
17221	3337	3	2	26	0	3368
17222	3317	4	1	20	0	3342
17223	3284	2	2	15	0	3303
17224	18	4	2	3275	0	3299
17225	9	7	3236	15	0	3267
17226	7	4	11	3258	0	3280
17227	3282	2	8	24	0	3316
17228	23	5	3745	9	0	3782
17229	15	9	16	4041	0	4081
17230	4130	3	9	46	0	4188
17231	32	8	4165	8	0	4213
17232	4367	9	33	17	0	4426
17233	4502	4	12	23	0	4541
17234	49	8	6	4561	0	4624
17235	26	5	1	4592	0	4624
17236	4571	3	0	71	0	4645
17237	42	2	7	4734	0	4785
17238	4691	3	2	60	0	4756
17239	39	4762	7	30	0	4838
17240	22	4824	5	7	0	4858
17241	13	63	3	4797	0	4876
17242	14	32	4903	43	0	4992
17243	2	4880	44	33	0	4959
17244	4792	48	23	17	0	4880
17245	34	4721	8	18	0	4781
17246	26	43	4710	5	0	4784
17247	10	24	36	4706	0	4776
17248	14	13	4801	39	0	4867
17249	7	4942	43	31	0	5023
17250	11	37	23	4896	0	4967
17251	5	4937	10	48	0	5000
17252	8	43	4915	24	0	4990
17253	7	23	41	4892	0	4963
17254	6	15	4967	40	0	5028
17255	8	3	39	4936	0	4986
17256	4888	5	24	51	0	4968
17257	39	12	4814	30	0	4895
17258	4582	3	43	17	0	4645
17259	42	12	4738	11	0	4803
17260	33	5	42	4681	0	4761
17261	19	11	5112	43	0	5185
17262	19	5	39	5175	0	5238
17263	10	2	24	5198	0	5234
17264	11	1	8	5187	0	5207
17265	13	5	9	5227	0	5254
17266	4	13	5450	76	0	5543
17267	5349	5	38	57	0	5449
17268	50	7	26	5856	0	5939
17269	5961	6	8	66	0	6041
17270	6106	3	6	46	0	6161
17271	6203	7	12	15	0	6237
17272	82	6	11	6233	0	6332
17273	51	5	3	6322	0	6381
17274	10	7082	16	84	0	7192
17275	7675	87	5	49	0	7816
17276	7987	48	6	30	0	8071
17277	8035	16	10	24	0	8085
17278	181	22	8134	17	0	8354
17279	81	9	114	8168	0	8372
17280	26	19	8202	123	0	8370
17281	8039	7	126	89	0	8261
17282	8225	9	63	39	0	8336
17283	186	5	20	8089	0	8300
17284	86	9	14	7872	0	7981
17285	25	8273	15	166	0	8479
17286	8307	118	15	83	0	8523
17287	8356	61	7	43	0	8467
17288	181	8236	19	28	0	8464
17289	8332	117	12	43	0	8504
17290	141	60	11	8412	0	8624
17291	82	20	7	8522	0	8631
17292	8482	14	10	189	0	8695
17293	143	13	8385	82	0	8623
17294	8376	7	115	53	0	8551
17295	8492	7	63	42	0	8604
17296	182	8362	25	34	0	8603
17297	8493	107	14	32	0	8646
17298	155	77	8337	17	0	8586
17299	93	19	126	8366	0	8604
17300	8388	15	57	136	0	8596
17301	151	16	23	8419	0	8609
17302	87	21	8085	148	0	8341
17303	54	9	120	7894	0	8077
17304	31	8593	77	137	0	8838
17305	40	125	24	8909	0	9098
17306	39	59	20	9053	0	9171
17307	48	19	8	9030	0	9105
17308	37	16	15	9057	0	9125
17309	28	30	8832	206	0	9096
17310	34	17	126	8931	0	9108
17311	8898	18	57	166	0	9139
17312	139	8833	23	91	0	9086
17313	89	127	12	8988	0	9216
17314	48	75	8990	137	0	9250
17315	48	22	128	9059	0	9257
17316	9091	15	64	172	0	9342
17317	9088	11	24	104	0	9227
17318	9145	16	19	45	0	9225
17319	225	9	41	9046	0	9321
17320	112	22	8992	150	0	9276
17321	54	8915	140	97	0	9206
17322	9052	125	60	52	0	9289
17323	166	65	31	9018	0	9280
17324	121	37	28	9118	0	9304
17325	64	26	9010	199	0	9299
17326	58	8823	142	105	0	9128
17327	49	9063	90	67	0	9269
17328	71	206	29	8451	0	8757
17329	45	79	8249	137	0	8510
17330	7773	28	130	106	0	8037
17331	141	34	8103	50	0	8328
17332	7612	23	108	55	0	7798
17333	144	8170	69	48	0	8431
17334	93	114	8091	46	0	8344
17335	7919	59	106	46	0	8130
17336	137	8060	76	42	0	8315
17337	8252	107	24	60	0	8443
17338	150	61	8217	37	0	8465
17339	87	8204	119	43	0	8453
17340	8316	104	66	54	0	8540
17341	137	62	8172	46	0	8417
17342	8131	27	107	43	0	8308
17343	138	29	68	8157	0	8392
17344	8267	13	28	129	0	8437
17345	146	19	28	8286	0	8479
17346	8271	20	18	149	0	8458
17347	143	33	8323	73	0	8572
17348	72	14	110	8395	0	8591
17349	43	18	61	8344	0	8466
17350	43	23	8306	168	0	8540
17351	41	22	113	8379	0	8555
17352	38	7335	86	157	0	7616
17353	35	108	34	9109	0	9286
17354	47	60	22	9818	0	9947
17355	44	29	21	10547	0	10641
17356	38	27	10293	246	0	10604
17357	9635	22	171	141	0	9969
17358	207	16	74	10745	0	11042
17359	106	28	10888	199	0	11221
17360	10561	14	181	136	0	10892
17361	10829	14	103	73	0	11019
17362	11039	21	42	72	0	11174
17363	320	22	30	10864	0	11236
17364	150	23	27	12087	0	12287
17365	84	18	22	11643	0	11767
17366	56	11604	36	341	0	12037
17367	11560	223	32	157	0	11972
17368	11494	110	27	77	0	11708
17369	351	38	22	11263	0	11674
17370	144	36	11012	263	0	11455
17371	71	38	11115	147	0	11371
17372	39	10715	337	68	0	11159
17373	39	11072	125	56	0	11292
17374	9979	318	77	82	0	10456
17375	169	9778	19	32	0	9998
17376	9738	160	15	39	0	9952
17377	9812	81	7	32	0	9932
17378	9789	18	12	30	0	9849
17379	261	12	11	9768	0	10052
17380	120	8	10	10478	0	10616
17381	10704	4	11	274	0	10993
17382	224	3	12	10987	0	11226
17383	109	19	10861	218	0	11207
17384	10949	14	192	131	0	11286
17385	222	8	98	10900	0	11228
17386	130	16	22	11096	0	11264
17387	55	18	10	11214	0	11297
17388	34	22	10845	311	0	11212
17389	10078	12	197	150	0	10437
17390	229	23	10747	51	0	11050
17391	132	12	214	10649	0	11007
17392	42	38	10878	219	0	11177
17393	48	22	219	10658	0	10947
17394	44	21	114	10898	0	11077
17395	33	37	11050	313	0	11433
17396	60	50	218	10139	0	10467
17397	58	11124	118	193	0	11493
17398	11120	216	28	125	0	11489
17399	11349	113	29	62	0	11553
17400	350	21	26	11195	0	11592
17401	150	21	11300	252	0	11723
17402	55	10983	220	162	0	11420
17403	50	11471	133	55	0	11709
17404	10764	303	39	82	0	11188
17405	257	125	10558	57	0	10997
17406	10571	23	227	74	0	10895
17407	271	18	123	10577	0	10989
17408	161	18	51	10755	0	10985
17409	10362	19	37	375	0	10793
17410	237	10433	59	176	0	10905
17411	149	225	10633	88	0	11095
17412	80	112	246	10425	0	10863
17413	61	36	10886	276	0	11259
17414	55	10672	265	178	0	11170
17415	73	212	143	10730	0	11158
17416	10702	113	58	313	0	11186
17417	10851	35	63	169	0	11118
17418	362	49	10672	85	0	11168
17419	178	10712	255	76	0	11221
17420	10692	224	138	102	0	11156
17421	273	10837	70	86	0	11266
17422	191	257	49	10651	0	11148
17423	10738	134	39	292	0	11203
17424	292	49	51	10837	0	11229
17425	165	60	10637	291	0	11153
17426	107	43	263	10739	0	11152
17427	98	56	10737	297	0	11188
17428	114	31	253	10711	0	11109
17429	10826	27	159	307	0	11319
17430	258	10879	89	202	0	11428
17431	10921	253	78	106	0	11358
17432	308	153	64	10820	0	11345
17433	199	61	69	10962	0	11291
17434	92	68	10479	404	0	11043
17435	97	55	10962	202	0	11316
17436	86	10884	372	138	0	11480
17437	99	257	10812	105	0	11273
17438	10135	140	302	105	0	10682
17439	285	10609	166	102	0	11162
17440	179	10860	98	107	0	11244
17441	98	11016	89	109	0	11312
17442	124	380	63	10655	0	11222
17443	116	168	10729	319	0	11332
17444	76	10892	305	236	0	11509
17445	118	273	163	10035	0	10589
17446	79	11061	93	299	0	11532
17447	10817	275	74	200	0	11366
17448	11013	147	73	141	0	11374
17449	415	63	75	10810	0	11363
17450	218	62	77	10899	0	11256
17451	10340	56	66	422	0	10884
17452	291	10070	73	235	0	10669
17453	184	10200	75	153	0	10612
17454	124	352	75	9303	0	9854
17455	61	144	8768	256	0	9229
17456	59	8714	234	157	0	9164
17457	8373	211	135	86	0	8805
17458	206	8243	76	107	0	8632
17459	137	8239	59	61	0	8496
17460	7899	267	63	53	0	8282
17461	195	8154	53	76	0	8478
17462	120	183	7824	69	0	8196
17463	49	7944	184	60	0	8237
17464	6824	137	84	54	0	7099
17465	135	6869	43	40	0	7087
17466	6812	145	48	47	0	7052
17467	143	77	33	6805	0	7058
17468	96	39	33	7023	0	7191
17469	61	41	6934	187	0	7223
17470	33	6936	123	91	0	7183
17471	57	139	76	6951	0	7223
17472	6954	76	29	151	0	7210
17473	6949	41	27	88	0	7105
17474	160	6956	43	50	0	7209
17475	85	131	29	6876	0	7121
17476	6810	71	25	145	0	7051
17477	6835	46	52	85	0	7018
17478	197	51	6521	38	0	6807
17479	72	47	6168	35	0	6322
17480	44	36	5916	24	0	6020
17481	18	5618	106	24	0	5766
17482	5390	70	54	23	0	5537
17483	78	5382	25	21	0	5506
17484	5397	78	23	26	0	5524
17485	77	5576	12	12	0	5677
17486	45	88	7	5723	0	5863
17487	5763	36	10	86	0	5895
17488	82	27	5770	42	0	5921
17489	5718	17	73	26	0	5834
17490	5884	22	29	20	0	5955
17491	96	5811	17	14	0	5938
17492	34	5848	12	17	0	5911
17493	6056	85	23	25	0	6189
17494	71	41	6241	10	0	6363
17495	5861	61	88	23	0	6033
17496	6003	9	18	13	0	6043
17497	82	10	9	5863	0	5964
17498	6089	7	3	69	0	6168
17499	76	9	6	6184	0	6275
17500	32	10	7	6353	0	6402
17501	22	12	6	6137	0	6177
17502	15	6140	10	89	0	6254
17503	6205	61	7	38	0	6311
17504	6256	24	10	21	0	6311
17505	81	14	6	6231	0	6332
17506	37	9	11	6162	0	6219
17507	24	6153	11	72	0	6260
17508	6175	61	12	31	0	6279
17509	59	38	6120	15	0	6232
17510	39	32	61	6148	0	6280
17511	21	17	6052	62	0	6152
17512	16	8	61	6029	0	6114
17513	16	22	5963	63	0	6064
17514	24	14	63	5818	0	5919
17515	5873	11	20	73	0	5977
17516	68	11	5945	30	0	6054
17517	5752	9	55	21	0	5837
17518	80	6076	30	13	0	6199
17519	34	61	20	6193	0	6308
17520	31	30	8	6243	0	6312
17521	6413	20	5	93	0	6531
17522	78	15	10	6739	0	6842
17523	40	23	7066	66	0	7195
17524	6898	6	58	46	0	7008
17525	7252	13	20	35	0	7320
17526	7271	10	11	35	0	7327
17527	7231	9	6	34	0	7280
17528	93	7114	13	19	0	7239
17529	35	51	10	7003	0	7099
17530	7018	21	4	68	0	7111
17531	70	11	6	6948	0	7035
17532	6818	15	9	62	0	6904
17533	66	12	6717	20	0	6815
17534	33	17	6619	32	0	6701
17535	16	16	51	6260	0	6343
17536	13	6523	23	44	0	6603
17537	10	6761	19	29	0	6819
17538	6620	60	9	45	0	6734
17539	42	20	6549	13	0	6624
17540	5970	12	39	25	0	6046
17541	44	6514	31	11	0	6600
17542	6556	27	12	25	0	6620
17543	51	18	6	6465	0	6540
17544	28	27	6554	44	0	6653
17545	30	5	37	6514	0	6586
17546	18	6	12	6529	0	6565
17547	10	6510	15	58	0	6593
17548	8	6766	10	39	0	6823
17549	16	42	10	6693	0	6761
17550	15	6736	16	57	0	6824
17551	22	38	6659	23	0	6742
17552	21	23	6468	21	0	6533
17553	5877	12	49	22	0	5960
17554	6552	8	23	22	0	6605
17555	62	6481	11	15	0	6569
17556	38	37	7	6448	0	6530
17557	18	17	8	6539	0	6582
17558	23	21	6493	51	0	6588
17559	19	7	41	6170	0	6237
17560	13	6441	26	54	0	6534
17561	14	38	6268	28	0	6348
17562	17	32	6233	14	0	6296
17563	22	5996	58	22	0	6098
17564	24	46	6188	8	0	6266
17565	22	24	44	6086	0	6176
17566	30	26	18	5832	0	5906
17567	18	21	6272	56	0	6367
17568	25	7	38	6148	0	6218
17569	7	6130	33	58	0	6228
17570	21	6413	18	40	0	6492
17571	28	57	11	6318	0	6414
17572	23	32	6315	67	0	6437
17573	13	6491	48	33	0	6585
17574	19	49	17	6454	0	6539
17575	24	27	6341	38	0	6430
17576	5863	11	35	30	0	5939
17577	6333	9	20	19	0	6381
17578	6366	8	10	16	0	6400
17579	50	9	8	6246	0	6313
17580	24	6	14	6305	0	6349
17581	16	16	6450	56	0	6538
17582	11	4	37	6382	0	6434
17583	19	6	19	6548	0	6592
17584	8	15	6354	53	0	6430
17585	5142	9	40	51	0	5242
17586	34	5950	20	27	0	6031
17587	5934	30	11	19	0	5994
17588	35	5904	13	21	0	5973
17589	20	41	7	5921	0	5989
17590	12	27	5886	37	0	5962
17591	11	14	34	5705	0	5764
17592	14	16	5771	38	0	5839
17593	4476	8	42	41	0	4567
17594	27	18	5354	7	0	5406
17595	16	8	29	5106	0	5159
17596	12	9	5377	34	0	5432
17597	6	5495	40	23	0	5564
17598	16	31	13	5775	0	5835
17599	12	11	13	5845	0	5881
17600	12	4	11	6109	0	6136
17601	11	12	6049	80	0	6152
17602	8	10	6221	38	0	6277
17603	15	3	77	6234	0	6329
17604	15	7	26	7970	0	8018
17605	14	5	10	8461	0	8490
17606	8589	5	13	158	0	8765
17607	138	6	6	8871	0	9021
17608	61	20	9254	134	0	9469
17609	9431	9	132	70	0	9642
17610	157	10	62	9746	0	9975
17611	10173	6	33	187	0	10399
17612	10408	4	21	93	0	10526
17613	228	5	14	10325	0	10572
17614	10346	5	21	184	0	10556
17615	10413	5	13	104	0	10535
17616	238	13	10272	44	0	10567
17617	102	10348	170	31	0	10651
17618	44	157	85	10064	0	10350
17619	25	79	23	10415	0	10542
17620	10323	26	13	247	0	10609
17621	10212	6	9	127	0	10354
17622	10047	3	22	61	0	10133
17623	252	16	9319	32	0	9619
17624	112	9326	179	26	0	9643
17625	9359	153	90	44	0	9646
17626	163	9466	43	41	0	9713
17627	9523	171	16	45	0	9755
17628	196	73	20	9437	0	9726
17629	9455	29	20	193	0	9697
17630	9496	11	20	113	0	9640
17631	9579	10	12	73	0	9674
17632	275	15	9492	48	0	9830
17633	9589	13	163	54	0	9819
17634	213	9534	92	43	0	9882
17635	9804	163	39	54	0	10060
17636	9949	77	20	58	0	10104
17637	10130	27	18	60	0	10235
17638	309	18	25	9648	0	10000
17639	155	9858	32	183	0	10228
17640	9906	174	22	125	0	10227
17641	225	93	9902	80	0	10300
17642	166	10013	187	45	0	10411
17643	136	188	88	9122	0	9534
17644	73	9886	53	172	0	10184
17645	9932	202	21	112	0	10267
17646	10185	108	18	78	0	10389
17647	333	40	29	10035	0	10437
17648	173	44	9864	208	0	10289
17649	92	9962	198	136	0	10388
17650	135	222	117	8125	0	8599
17651	105	114	54	10091	0	10364
17652	108	55	33	10445	0	10641
17653	10421	28	34	316	0	10799
17654	10540	34	40	164	0	10778
17655	10615	27	40	84	0	10766
17656	10688	41	20	62	0	10811
17657	377	44	27	10391	0	10839
17658	228	37	10565	237	0	11067
17659	137	26	209	10779	0	11151
17660	129	31	121	10832	0	11113
17661	160	24	42	10890	0	11116
17662	154	37	30	10926	0	11147
17663	10699	29	50	344	0	11122
17664	324	35	41	10724	0	11124
17665	10748	32	44	297	0	11121
17666	10828	39	49	174	0	11090
17667	412	46	10429	105	0	10992
17668	258	29	10304	119	0	10710
17669	185	39	10520	106	0	10850
17670	170	45	298	10236	0	10749
17671	140	49	10439	261	0	10889
17672	175	55	244	10309	0	10783
17673	155	65	117	10440	0	10777
17674	10436	38	91	367	0	10932
17675	310	67	56	10251	0	10684
17676	250	10640	52	273	0	11215
17677	10871	209	48	188	0	11316
17678	321	10962	79	103	0	11465
17679	215	256	11058	100	0	11629
17680	171	11272	222	88	0	11753
17681	11052	254	124	81	0	11511
17682	332	151	53	10957	0	11493
17683	247	81	10859	265	0	11452
17684	11000	52	215	168	0	11435
17685	360	59	112	10994	0	11525
17686	245	54	11007	250	0	11556
17687	204	53	218	11066	0	11541
17688	178	45	138	11182	0	11543
17689	159	71	68	11144	0	11442
17690	156	11109	64	357	0	11686
17691	11273	207	49	187	0	11716
17692	346	131	39	11037	0	11553
17693	241	11167	61	270	0	11739
17694	171	242	38	11273	0	11724
17695	146	162	11182	297	0	11787
17696	124	11235	249	191	0	11799
17697	11138	252	133	124	0	11647
17698	11057	144	67	96	0	11364
17699	363	91	49	10663	0	11166
17700	220	79	48	10830	0	11177
17701	10755	47	42	322	0	11166
17702	10472	57	45	215	0	10789
17703	316	10438	81	115	0	10950
17704	8837	138	35	69	0	9079
17705	181	91	8314	57	0	8643
17706	109	52	8139	73	0	8373
17707	75	7989	169	62	0	8295
17708	55	7896	89	43	0	8083
17709	7366	134	149	54	0	7703
17710	88	7451	34	39	0	7612
17711	7150	81	27	46	0	7304
17712	7060	48	25	43	0	7176
17713	6996	27	18	30	0	7071
17714	130	16	16	6882	0	7044
17715	6978	14	22	92	0	7106
17716	102	20	6735	57	0	6914
17717	60	24	6810	48	0	6942
17718	40	6779	111	51	0	6981
17719	39	63	6914	30	0	7046
17720	36	50	74	6656	0	6816
17721	26	31	6940	89	0	7086
17722	32	14	6896	60	0	7002
17723	33	13	109	6853	0	7008
17724	6906	19	62	102	0	7089
17725	6948	25	34	70	0	7077
17726	118	26	7061	29	0	7234
17727	6990	12	77	50	0	7129
17728	95	23	7292	25	0	7435
17729	7207	12	88	35	0	7342
17730	7568	9	58	61	0	7696
17731	124	12	30	7480	0	7646
17732	87	24	10	7227	0	7348
17733	36	7175	34	121	0	7366
17734	33	7370	24	68	0	7495
17735	31	103	12	7181	0	7327
17736	48	53	17	7233	0	7351
17737	6951	18	14	111	0	7094
17738	63	6944	24	58	0	7089
17739	6947	61	21	47	0	7076
17740	72	7026	17	26	0	7141
17741	60	89	6906	9	0	7064
17742	36	39	68	6879	0	7022
17743	6930	18	44	80	0	7072
17744	7392	8	21	59	0	7480
17745	111	7616	27	32	0	7786
17746	58	7848	23	16	0	7945
17747	29	7956	18	15	0	8018
17748	35	131	10	8191	0	8367
17749	27	61	8104	98	0	8290
17750	15	8091	103	60	0	8269
17751	25	100	68	8057	0	8250
17752	27	57	20	8180	0	8284
17753	18	20	8043	148	0	8229
17754	21	14	7952	75	0	8062
17755	7812	15	149	36	0	8012
17756	108	16	8355	18	0	8497
17757	8222	12	103	30	0	8367
17758	8035	10	69	36	0	8150
17759	8092	13	14	34	0	8153
17760	8062	10	10	24	0	8106
17761	164	20	7831	17	0	8032
17762	68	7867	93	22	0	8050
17763	27	96	52	7896	0	8071
17764	21	59	7931	105	0	8116
17765	19	26	100	7750	0	7895
17766	27	7284	79	118	0	7508
17767	33	109	14	8240	0	8396
17768	30	61	13	8269	0	8373
17769	35	22	18	8239	0	8314
17770	8108	15	8	184	0	8315
17771	128	12	17	8212	0	8369
17772	80	27	10	8186	0	8303
17773	29	21	16	8135	0	8201
17774	19	7800	37	158	0	8014
17775	7807	105	21	72	0	8005
17776	105	7493	33	35	0	7666
17777	63	7716	22	25	0	7826
17778	37	147	16	7785	0	7985
17779	29	75	15	7766	0	7885
17780	7628	21	10	175	0	7834
17781	123	18	23	7829	0	7993
17782	7913	16	12	137	0	8078
17783	9724	19	19	90	0	9852
17784	244	19	15	9691	0	9969
17785	131	20	18	9558	0	9727
17786	46	9750	35	257	0	10088
17787	10046	192	17	132	0	10387
17788	193	10319	30	55	0	10597
17789	10335	207	20	47	0	10609
17790	218	119	10137	34	0	10508
17791	10099	38	178	50	0	10365
17792	10701	19	100	49	0	10869
17793	302	20	36	10375	0	10733
17794	145	22	10386	230	0	10783
17795	53	10387	205	143	0	10788
17796	51	220	107	10545	0	10923
17797	34	130	10439	245	0	10848
17798	47	60	206	10389	0	10702
17799	10179	30	121	271	0	10601
17800	250	36	10191	132	0	10609
17801	131	10013	217	69	0	10430
17802	69	10402	120	45	0	10636
17803	90	310	37	8873	0	9310
17804	51	10296	30	184	0	10561
17805	10303	241	35	126	0	10705
17806	10422	126	20	61	0	10629
17807	10416	53	29	57	0	10555
17808	345	42	9816	53	0	10256
17809	10020	24	212	59	0	10315
17810	266	31	112	9957	0	10366
17811	164	31	43	10102	0	10340
17812	83	32	31	10182	0	10328
17813	62	31	38	10238	0	10369
17814	54	44	9843	362	0	10303
17815	44	47	9835	179	0	10105
17816	54	40	9877	84	0	10055
17817	9311	43	319	67	0	9740
17818	252	9561	147	86	0	10046
17819	167	225	58	9504	0	9954
17820	9500	132	35	264	0	9931
17821	258	9539	38	159	0	9994
17822	150	9782	41	92	0	10065
17823	9639	325	41	69	0	10074
17824	9759	156	29	63	0	10007
17825	341	9721	56	76	0	10194
17826	219	216	40	9045	0	9520
17827	102	9564	44	243	0	9953
17828	9456	240	36	172	0	9904
17829	9557	126	45	74	0	9802
17830	9398	77	42	80	0	9597
17831	348	9101	54	84	0	9587
17832	176	234	46	9243	0	9699
17833	92	148	9147	261	0	9648
17834	95	65	209	9102	0	9471
17835	101	44	135	9281	0	9561
17836	74	75	8949	338	0	9436
17837	8794	67	228	174	0	9263
17838	265	59	127	9020	0	9471
17839	187	67	51	8954	0	9259
17840	122	8878	51	328	0	9379
17841	8848	221	29	188	0	9286
17842	296	171	26	8557	0	9050
17843	160	8631	55	251	0	9097
17844	8157	198	43	152	0	8550
17845	215	8040	51	93	0	8399
17846	7728	210	50	86	0	8074
17847	226	124	7605	76	0	8031
17848	124	61	7165	63	0	7413
17849	80	36	7198	45	0	7359
17850	57	7141	278	48	0	7524
17851	97	193	149	6444	0	6883
17852	63	6981	62	158	0	7264
17853	7032	198	30	111	0	7371
17854	192	125	6920	78	0	7315
17855	6938	57	167	61	0	7223
17856	7037	58	99	48	0	7242
17857	270	63	48	6802	0	7183
17858	6940	38	35	195	0	7208
17859	255	35	41	6949	0	7280
17860	132	52	6881	199	0	7264
17861	6771	52	174	122	0	7119
17862	195	6850	108	57	0	7210
17863	124	194	45	6898	0	7261
17864	6909	105	24	193	0	7231
17865	240	50	31	6947	0	7268
17866	145	55	6737	203	0	7140
17867	89	28	173	6718	0	7008
17868	57	6796	117	214	0	7184
17869	6855	180	53	134	0	7222
17870	205	93	34	6834	0	7166
17871	6915	56	40	210	0	7221
17872	247	33	27	6961	0	7268
17873	132	32	33	6783	0	6980
17874	77	6799	46	255	0	7177
17875	6769	191	37	125	0	7122
17876	205	7037	38	74	0	7354
17877	142	187	29	6319	0	6677
17878	61	6599	34	173	0	6867
17879	6561	185	24	106	0	6876
17880	6535	106	24	68	0	6733
17881	6480	61	29	51	0	6621
17882	263	6132	47	61	0	6503
17883	48	4361	22	15	0	4446
17884	4249	93	14	25	0	4381
17885	77	4384	20	22	0	4503
17886	59	81	56	4128	0	4324
17887	16	43	3998	66	0	4123
17888	3645	8	62	38	0	3753
17889	3766	11	23	17	0	3817
17890	3690	8	6	22	0	3726
17891	78	3675	9	10	0	3772
17892	3419	40	0	18	0	3477
17893	51	29	3582	10	0	3672
17894	28	3550	41	10	0	3629
17895	8	53	17	3354	0	3432
17896	6	3415	4	37	0	3462
17897	3305	22	1	18	0	3346
17898	25	3398	5	2	0	3430
17899	13	22	2	3389	0	3426
17900	4	3362	5	27	0	3398
17901	11	28	3	3466	0	3508
17902	15	12	2	3419	0	3448
17903	9	8	3406	34	0	3457
17904	6	10	26	3308	0	3350
17905	3280	5	9	36	0	3330
17906	3283	6	7	13	0	3309
17907	44	7	0	3283	0	3334
17908	14	4	3258	32	0	3308
17909	12	10	27	3255	0	3304
17910	3266	6	12	34	0	3318
17911	3345	8	4	26	0	3383
17912	3360	4	8	15	0	3387
17913	37	3524	4	8	0	3573
17914	3572	27	4	23	0	3626
17915	36	19	3509	7	0	3571
17916	3712	6	29	31	0	3778
17917	38	8	14	3884	0	3944
17918	26	8	7	3912	0	3953
17919	16	10	1	3970	0	3997
17920	3826	4	5	54	0	3889
17921	3771	7	9	34	0	3821
17922	44	8	5	3802	0	3859
17923	29	10	3842	36	0	3917
17924	16	5	28	3829	0	3878
17925	21	4	14	3774	0	3813
17926	9	17	3641	55	0	3722
17927	10	3681	32	29	0	3752
17928	13	30	18	3711	0	3772
17929	3758	14	3	50	0	3825
17930	38	8	7	3791	0	3844
17931	23	5	4	3870	0	3902
17932	3807	9	5	70	0	3891
17933	46	3754	9	23	0	3832
17934	27	3832	10	26	0	3895
17935	3823	53	4	20	0	3900
17936	41	30	3810	12	0	3893
17937	3601	8	30	23	0	3662
17938	47	20	4078	14	0	4159
17939	27	4082	32	10	0	4151
17940	4134	38	17	15	0	4204
17941	4200	23	1	16	0	4240
17942	4228	7	7	10	0	4252
17943	4246	8	2	26	0	4282
17944	57	11	4107	13	0	4188
17945	28	3	35	4051	0	4117
17946	4096	7	18	43	0	4164
17947	40	18	4274	28	0	4360
17948	29	11	4275	13	0	4328
17949	11	4285	55	7	0	4358
17950	4324	27	21	13	0	4385
17951	37	16	5	4290	0	4348
17952	4347	4	1	39	0	4391
17953	28	4428	11	18	0	4485
17954	26	24	5	4882	0	4937
17955	15	16	3	4927	0	4961
17956	11	4	1	5045	0	5061
17957	9	11	5168	62	0	5250
17958	7	5180	54	26	0	5267
17959	5547	53	20	9	0	5629
17960	67	21	8	5533	0	5629
17961	5543	4	7	68	0	5622
17962	5520	8	9	37	0	5574
17963	91	1	4	5505	0	5601
17964	29	23	5532	64	0	5648
17965	21	4	60	5493	0	5578
17966	5	5399	27	63	0	5494
17967	18	55	4	5539	0	5616
17968	8	39	5482	63	0	5592
17969	5437	1	60	45	0	5543
17970	75	4	29	5563	0	5671
17971	5485	4	8	76	0	5573
17972	66	14	5442	29	0	5551
17973	5218	5	63	26	0	5312
17974	66	16	5484	10	0	5576
17975	5185	4	54	24	0	5267
17976	61	5279	28	9	0	5377
17977	28	5502	10	10	0	5550
17978	12	82	1	5490	0	5585
17979	14	27	3	5300	0	5344
17980	11	7	5	5506	0	5529
17981	5463	3	4	96	0	5566
17982	64	5	6	5539	0	5614
17983	25	13	5516	63	0	5617
17984	5255	7	60	46	0	5368
17985	59	5482	30	14	0	5585
17986	5572	63	7	21	0	5663
17987	5548	27	6	21	0	5602
17988	96	14	5591	14	0	5715
17989	40	5	68	5579	0	5692
17990	23	4	28	5921	0	5976
17991	9	16	5993	97	0	6115
17992	10	5972	71	36	0	6089
17993	5858	70	31	20	0	5979
17994	5858	29	8	27	0	5922
17995	111	9	4	5899	0	6023
17996	48	4	5	6001	0	6058
17997	19	7	9	6260	0	6295
17998	6082	6	15	128	0	6231
17999	84	6298	13	59	0	6454
18000	6406	81	6	36	0	6529
18001	6370	36	11	31	0	6448
18002	120	32	6789	24	0	6965
18003	69	4	88	6683	0	6844
18004	20	6974	49	106	0	7149
18005	26	94	13	7186	0	7319
18006	33	52	9	7481	0	7575
18007	13	20	7577	157	0	7767
18008	7928	8	119	85	0	8140
18009	8616	8	58	49	0	8731
18010	8914	9	17	30	0	8970
18011	217	15	10	8715	0	8957
18012	107	11	13	8483	0	8614
18013	37	8531	22	204	0	8794
18014	21	8830	21	104	0	8976
18015	8693	200	14	43	0	8950
18016	159	8529	21	20	0	8729
18017	101	158	8458	22	0	8739
18018	61	64	147	8539	0	8811
18019	8600	27	82	166	0	8875
18020	174	27	8522	107	0	8830
18021	91	28	8523	40	0	8682
18022	8593	13	208	40	0	8854
18023	8699	12	96	41	0	8848
18024	232	18	20	8556	0	8826
18025	115	16	8541	160	0	8832
18026	57	21	142	8612	0	8832
18027	44	26	8427	172	0	8669
18028	37	20	8775	99	0	8931
18029	36	8849	212	39	0	9136
18030	8871	146	81	37	0	9135
18031	8870	79	23	49	0	9021
18032	219	8753	31	42	0	9045
18033	114	157	20	8752	0	9043
18034	63	85	13	8855	0	9016
18035	46	30	20	9012	0	9108
18036	8754	16	27	249	0	9046
18037	155	8725	33	127	0	9040
18038	8558	151	23	48	0	8780
18039	8590	91	19	37	0	8737
18040	243	43	8337	31	0	8654
18041	118	8314	151	42	0	8625
18042	68	144	86	8385	0	8683
18043	38	93	8425	165	0	8721
18044	8300	27	158	115	0	8600
18045	8529	29	90	64	0	8712
18046	8565	21	44	52	0	8682
18047	8401	19	27	46	0	8493
18048	256	19	29	8147	0	8451
18049	108	31	8056	162	0	8357
18050	69	19	139	8128	0	8355
18051	8049	15	89	182	0	8335
18052	8083	12	34	105	0	8234
18053	226	7935	40	53	0	8254
18054	7653	124	20	55	0	7852
18055	169	82	7504	32	0	7787
18056	96	40	7462	36	0	7634
18057	7171	13	173	38	0	7395
18058	129	7358	96	30	0	7613
18059	91	107	26	6828	0	7052
18060	43	7035	22	119	0	7219
18061	50	114	11	7115	0	7290
18062	44	66	13	7196	0	7319
18063	37	34	14	7434	0	7519
18064	7315	20	16	215	0	7566
18065	7430	19	17	98	0	7564
18066	7464	19	19	41	0	7543
18067	197	23	7237	25	0	7482
18068	7265	21	120	33	0	7439
18069	149	13	68	7496	0	7726
18070	110	14	28	7773	0	7925
18071	42	19	7682	189	0	7932
18072	56	17	125	8492	0	8690
18073	8755	12	75	176	0	9018
18074	190	20	8711	97	0	9018
18075	121	14	155	8740	0	9030
18076	8776	10	96	176	0	9058
18077	8746	16	37	117	0	8916
18078	255	13	8692	44	0	9004
18079	115	30	8826	28	0	8999
18080	61	22	218	8826	0	9127
18081	9029	14	103	181	0	9327
18082	9158	21	33	103	0	9315
18083	256	23	30	8687	0	8996
18084	120	9109	36	164	0	9429
18085	9084	150	21	115	0	9370
18086	177	9235	42	95	0	9549
18087	126	175	20	9227	0	9548
18088	47	92	9105	167	0	9411
18089	50	49	8927	93	0	9119
18090	46	21	9084	48	0	9199
18091	59	12	244	8686	0	9001
18092	37	17	118	8916	0	9088
18093	8754	11	37	252	0	9054
18094	161	8755	35	126	0	9077
18095	8872	142	20	56	0	9090
18096	211	88	25	8283	0	8607
18097	115	8490	21	141	0	8767
18098	45	8732	33	88	0	8898
18099	58	217	20	8468	0	8763
18100	8453	95	26	157	0	8731
18101	159	8459	27	130	0	8775
18102	7937	127	15	29	0	8108
18103	148	8095	24	32	0	8299
18104	7933	141	21	35	0	8130
18105	163	86	7773	19	0	8041
18106	96	34	7489	25	0	7644
18107	44	7408	176	29	0	7657
18108	6684	132	152	28	0	6996
18109	102	6460	22	27	0	6611
18110	53	6119	21	11	0	6204
18111	66	138	17	6202	0	6423
18112	6224	55	9	90	0	6378
18113	83	6270	17	55	0	6425
18114	6111	74	11	22	0	6218
18115	80	6111	15	17	0	6223
18116	6024	82	9	24	0	6139
18117	87	5989	14	18	0	6108
18118	49	6039	9	20	0	6117
18119	43	122	19	5847	0	6031
18120	13	6079	22	72	0	6186
18121	5984	82	10	51	0	6127
18122	88	54	5954	20	0	6116
18123	51	21	73	5971	0	6116
18124	19	31	6129	84	0	6263
18125	21	12	83	6114	0	6230
18126	34	9	44	6231	0	6318
18127	20	17	5806	122	0	5965
18128	5126	16	79	88	0	5309
18129	82	5711	56	34	0	5883
18130	5801	82	20	29	0	5932
18131	96	5891	21	25	0	6033
18132	83	81	22	5881	0	6067
18133	5895	56	16	97	0	6064
18134	5963	22	18	67	0	6070
18135	6026	15	18	41	0	6100
18136	140	19	13	5915	0	6087
18137	84	13	21	5920	0	6038
18138	41	6127	25	116	0	6309
18139	6212	87	14	71	0	6384
18140	6285	57	14	41	0	6397
18141	6328	31	13	25	0	6397
18142	6274	25	19	40	0	6358
18143	139	6091	37	21	0	6288
18144	84	90	24	6156	0	6354
18145	33	63	6127	93	0	6316
18146	6018	19	84	78	0	6199
18147	6401	31	55	43	0	6530
18148	146	35	6212	28	0	6421
18149	76	37	6271	22	0	6406
18150	53	30	132	6238	0	6453
18151	40	25	60	6472	0	6597
18152	40	29	22	6550	0	6641
18153	6315	33	31	155	0	6534
18154	114	26	23	6435	0	6598
18155	70	27	6299	114	0	6510
18156	39	27	94	6435	0	6595
18157	37	32	6548	110	0	6727
18158	35	24	93	6444	0	6596
18159	49	24	68	6830	0	6971
18160	32	28	6784	149	0	6993
18161	6190	27	104	97	0	6418
18162	109	6862	74	28	0	7073
18163	6911	111	13	36	0	7071
18164	127	84	15	7027	0	7253
18165	7021	34	12	118	0	7185
18166	134	7347	25	161	0	7667
18167	86	7795	14	41	0	7936
18168	80	292	18	8031	0	8421
18169	39	123	8369	145	0	8676
18170	35	37	8092	100	0	8264
18171	24	8184	232	51	0	8491
18172	7085	133	115	28	0	7361
18173	112	84	52	7045	0	7293
18174	7017	23	18	115	0	7173
18175	112	6963	17	84	0	7176
18176	88	7119	12	31	0	7250
18177	38	176	12	7068	0	7294
18178	7074	96	12	128	0	7310
18179	7118	34	11	87	0	7250
18180	186	33	6971	30	0	7220
18181	103	21	6801	28	0	6953
18182	6729	11	159	28	0	6927
18183	107	6817	103	31	0	7058
18184	6780	100	32	22	0	6934
18185	136	84	19	6675	0	6914
18186	108	35	6435	99	0	6677
18187	6214	17	96	95	0	6422
18188	102	6331	86	28	0	6547
18189	86	6471	36	19	0	6612
18190	34	173	20	6360	0	6587
18191	6435	94	15	106	0	6650
18192	128	31	13	6430	0	6602
18193	6582	22	11	129	0	6744
18194	132	27	6537	89	0	6785
18195	6497	24	94	50	0	6665
18196	6658	25	72	29	0	6784
18197	185	22	6475	28	0	6710
18198	6313	15	101	24	0	6453
18199	139	6287	94	46	0	6566
18200	116	101	32	6251	0	6500
18201	47	6398	35	89	0	6569
18202	6418	120	20	81	0	6639
18203	134	88	22	6199	0	6443
18204	102	6175	26	107	0	6410
18205	53	109	19	6240	0	6421
18206	37	6249	25	118	0	6429
18207	51	120	15	6263	0	6449
18208	6211	92	20	130	0	6453
18209	125	44	11	6247	0	6427
18210	103	34	6129	144	0	6410
18211	5988	21	102	110	0	6221
18212	133	22	75	6148	0	6378
18213	102	27	5958	119	0	6206
18214	41	23	5836	110	0	6010
18215	45	29	6145	43	0	6262
18216	62	15	195	5907	0	6179
18217	46	18	108	6200	0	6372
18218	50	30	46	6196	0	6322
18219	54	17	39	6244	0	6354
18220	6107	21	31	205	0	6364
18221	6252	27	29	129	0	6437
18222	6320	23	27	59	0	6429
18223	6400	35	20	50	0	6505
18224	216	29	23	6111	0	6379
18225	131	35	6181	141	0	6488
18226	6118	23	111	121	0	6373
18227	6493	26	83	57	0	6659
18228	226	28	30	6383	0	6667
18229	141	17	24	6569	0	6751
18230	6598	16	31	216	0	6861
18231	172	17	30	6286	0	6505
18232	108	6306	31	150	0	6595
18233	6425	122	29	120	0	6696
18234	6395	79	28	66	0	6568
18235	223	38	6497	58	0	6816
18236	136	21	132	6439	0	6728
18237	60	26	95	6608	0	6789
18238	6485	18	44	226	0	6773
18239	6537	26	37	125	0	6725
18240	253	20	26	6473	0	6772
18241	141	24	6436	157	0	6758
18242	79	21	6430	113	0	6643
18243	67	11	184	6425	0	6687
18244	70	20	103	6533	0	6726
18245	6333	14	34	218	0	6599
18246	158	6205	34	130	0	6527
18247	125	6146	43	55	0	6369
18248	72	6393	32	48	0	6545
18249	69	181	29	6203	0	6482
18250	6171	88	27	143	0	6429
18251	6163	36	18	111	0	6328
18252	196	6201	24	50	0	6471
18253	6259	115	15	46	0	6435
18254	156	77	18	6192	0	6443
18255	97	48	6198	136	0	6479
18256	71	26	103	6131	0	6331
18257	69	30	66	6140	0	6305
18258	64	17	26	6100	0	6207
18259	5749	15	22	190	0	5976
18260	125	43	24	5552	0	5744
18261	84	5509	32	134	0	5759
18262	5387	94	48	100	0	5629
18263	112	5307	18	63	0	5500
18264	72	5058	23	43	0	5196
18265	33	5209	29	29	0	5300
18266	36	93	4506	25	0	4660
18267	22	4392	71	33	0	4518
18268	22	55	3741	19	0	3837
18269	3345	8	37	24	0	3414
18270	3435	4	6	20	0	3465
18271	41	9	3446	13	0	3509
18272	3248	5	31	19	0	3303
18273	3520	4	10	11	0	3545
18274	42	11	3482	13	0	3548
18275	15	3585	31	11	0	3642
18276	10	30	9	3607	0	3656
18277	3637	12	3	44	0	3696
18278	41	9	4	3587	0	3641
18279	3794	6	6	58	0	3864
18280	3793	8	3	24	0	3828
18281	41	15	3729	9	0	3794
18282	3665	4	31	15	0	3715
18283	35	3807	11	13	0	3866
18284	3844	29	6	11	0	3890
18285	45	13	5	3840	0	3903
18286	23	9	3880	34	0	3946
18287	20	4	32	3848	0	3904
18288	3833	7	11	45	0	3896
18289	42	3830	7	17	0	3896
18290	16	33	3821	15	0	3885
18291	15	12	34	3700	0	3761
18292	17	13	3857	40	0	3927
18293	15	3805	35	21	0	3876
18294	3725	33	16	18	0	3792
18295	42	12	8	3696	0	3758
18296	18	14	3776	37	0	3845
18297	5	14	3591	22	0	3632
18298	3726	10	34	15	0	3785
18299	36	5	12	3905	0	3958
18300	26	11	6	3940	0	3983
18301	18	13	3954	46	0	4031
18302	16	14	3930	13	0	3973
18303	16	4098	44	9	0	4167
18304	12	34	20	4158	0	4224
18305	15	13	12	4110	0	4150
18306	7	4166	9	48	0	4230
18307	16	43	4119	21	0	4199
18308	3922	15	37	20	0	3994
18309	43	9	14	4204	0	4270
18310	18	20	4331	44	0	4413
18311	20	8	40	4155	0	4223
18312	27	4372	14	39	0	4452
18313	12	47	4365	19	0	4443
18314	4154	17	44	25	0	4240
18315	48	12	4501	14	0	4575
18316	19	11	4455	14	0	4499
18317	13	12	4346	14	0	4385
18318	7	9	4647	14	0	4677
18319	19	8	52	4674	0	4753
18320	15	7	4946	45	0	5013
18321	19	13	46	4675	0	4753
18322	10	4876	17	47	0	4950
18323	5146	44	11	29	0	5230
18324	54	14	10	5205	0	5283
18325	24	21	5079	56	0	5180
18326	6	5093	57	34	0	5190
18327	25	46	23	4993	0	5087
18328	4980	21	12	56	0	5069
18329	45	4959	17	35	0	5056
18330	36	45	11	5037	0	5129
18331	5128	20	12	66	0	5226
18332	53	10	5067	27	0	5157
18333	5026	10	50	14	0	5100
18334	56	11	5169	12	0	5248
18335	4833	6	49	20	0	4908
18336	4895	13	28	9	0	4945
18337	61	6	4881	14	0	4962
18338	26	4814	40	11	0	4891
18339	12	67	19	4709	0	4807
18340	10	25	4874	36	0	4945
18341	11	9	42	4743	0	4805
18342	10	3	25	4933	0	4971
18343	12	7	4934	59	0	5012
18344	8	12	4953	33	0	5006
18345	11	5	63	4959	0	5038
18346	5026	4	36	53	0	5119
18347	40	4970	15	31	0	5056
18348	32	5000	11	18	0	5061
18349	5050	63	5	24	0	5142
18350	5221	36	12	24	0	5293
18351	73	9	13	5228	0	5323
18352	33	8	9	5249	0	5299
18353	20	5	6	5307	0	5338
18354	5164	8	6	85	0	5263
18355	43	4995	9	40	0	5087
18356	32	5102	12	16	0	5162
18357	20	65	11	5084	0	5180
18358	14	30	8	5171	0	5223
18359	14	7	8	5211	0	5240
18360	5111	6	8	88	0	5213
18361	48	5219	11	54	0	5332
18362	5338	49	17	20	0	5424
18363	63	36	5339	10	0	5448
18364	37	5374	55	20	0	5486
18365	17	51	34	5335	0	5437
18366	5326	36	16	61	0	5439
18367	60	10	5326	43	0	5439
18368	45	13	5370	20	0	5448
18369	20	6	82	5352	0	5460
18370	15	14	44	5472	0	5545
18371	12	12	18	5453	0	5495
18372	15	10	11	5403	0	5439
18373	22	13	7	5336	0	5378
18374	12	5272	15	95	0	5394
18375	17	51	12	5271	0	5351
18376	5212	36	12	77	0	5337
18377	58	5246	21	50	0	5375
18378	5242	51	9	36	0	5338
18379	72	45	5063	18	0	5198
18380	48	24	5154	20	0	5246
18381	24	11	86	5550	0	5671
18382	8	23	7064	81	0	7176
18383	23	10	116	7010	0	7159
18384	29	15	71	7093	0	7208
18385	7180	12	27	190	0	7409
18386	7025	15	17	105	0	7162
18387	190	7301	20	34	0	7545
18388	96	7539	21	35	0	7691
18389	33	207	14	7480	0	7734
18390	7534	100	19	166	0	7819
18391	133	23	7678	96	0	7930
18392	103	12	137	7727	0	7979
18393	34	12	101	7808	0	7955
18394	19	12	7716	245	0	7992
18395	16	7674	150	139	0	7979
18396	24	139	94	7694	0	7951
18397	23	101	7764	155	0	8043
18398	28	25	133	7760	0	7946
18399	7343	18	100	169	0	7630
18400	135	7449	41	128	0	7753
18401	98	7568	21	47	0	7734
18402	56	222	24	7432	0	7734
18403	7342	109	20	157	0	7628
18404	143	7338	34	112	0	7627
18405	7480	127	28	62	0	7697
18406	154	111	7422	55	0	7742
18407	121	36	7602	63	0	7822
18408	72	26	233	7304	0	7635
18409	68	32	120	7737	0	7957
18410	7534	35	43	255	0	7867
18411	190	39	31	7604	0	7864
18412	145	59	7442	192	0	7838
18413	62	54	147	7423	0	7686
18414	62	48	119	7573	0	7802
18415	53	32	7244	279	0	7608
18416	6999	25	167	180	0	7371
18417	169	31	135	7290	0	7625
18418	7106	30	53	215	0	7404
18419	142	6767	51	158	0	7118
18420	6757	150	47	90	0	7044
18421	138	6732	49	73	0	6992
18422	116	6777	44	80	0	7017
18423	76	211	52	6357	0	6696
18424	6419	138	26	160	0	6743
18425	6463	64	23	131	0	6681
18426	220	56	40	6348	0	6664
18427	6430	51	28	165	0	6674
18428	6428	41	27	149	0	6645
18429	256	38	36	6370	0	6700
18430	6133	38	46	166	0	6383
18431	165	6120	53	140	0	6478
18432	6193	136	57	91	0	6477
18433	158	111	6095	93	0	6457
18434	6379	29	139	93	0	6640
18435	176	19	115	6400	0	6710
18436	142	17	60	6541	0	6760
18437	73	21	51	6585	0	6730
18438	63	35	60	6579	0	6737
18439	59	32	54	6509	0	6654
18440	56	6037	47	277	0	6417
18441	59	6359	47	170	0	6635
18442	6328	187	40	92	0	6647
18443	180	126	6244	74	0	6624
18444	6225	64	137	72	0	6498
18445	180	68	6239	69	0	6556
18446	146	67	138	6195	0	6546
18447	100	63	96	6375	0	6634
18448	6232	56	26	249	0	6563
18449	212	50	6213	148	0	6623
18450	197	38	129	6192	0	6556
18451	119	38	6438	184	0	6779
18452	109	6576	156	147	0	6988
18453	107	150	101	6672	0	7030
18454	6732	105	54	210	0	7101
18455	6674	39	44	170	0	6927
18456	6747	53	40	101	0	6941
18457	267	6588	54	86	0	6995
18458	153	6829	56	99	0	7137
18459	6075	224	52	114	0	6465
18460	157	6744	50	132	0	7083
18461	125	6655	39	139	0	6958
18462	72	218	6478	123	0	6891
18463	50	6456	132	117	0	6755
18464	63	6541	107	92	0	6803
18465	70	226	51	6483	0	6830
18466	63	158	6471	177	0	6869
18467	84	67	6414	126	0	6691
18468	6193	46	223	84	0	6546
18469	190	43	6545	72	0	6850
18470	6649	31	178	97	0	6955
18471	198	33	125	6512	0	6868
18472	151	6658	58	192	0	7059
18473	6876	143	50	157	0	7226
18474	7202	100	52	120	0	7474
18475	259	37	56	7216	0	7568
18476	173	43	48	7277	0	7541
18477	113	39	42	7350	0	7544
18478	7113	36	38	278	0	7465
18479	7009	34	20	174	0	7237
18480	7170	50	24	95	0	7339
18481	255	6472	26	71	0	6824
18482	5047	63	12	30	0	5152
18483	85	5016	12	21	0	5134
18484	60	5057	17	31	0	5165
18485	34	115	8	4805	0	4962
18486	21	4923	27	66	0	5037
18487	4695	48	6	49	0	4798
18488	51	27	7	4656	0	4741
18489	4584	16	11	47	0	4658
18490	45	4471	11	36	0	4563
18491	38	4566	14	14	0	4632
18492	4698	56	12	23	0	4789
18493	56	4770	11	13	0	4850
18494	40	46	10	4738	0	4834
18495	27	32	1	4802	0	4862
18496	4800	10	8	83	0	4901
18497	62	14	1	4848	0	4925
18498	36	11	4895	61	0	5003
18499	23	11	45	4953	0	5032
18500	4994	8	36	63	0	5101
18501	54	5066	15	43	0	5178
18502	5275	56	13	39	0	5383
18503	5182	42	3	30	0	5257
18504	5280	14	8	25	0	5327
18505	101	21	5133	9	0	5264
18506	48	18	5036	2	0	5104
18507	4910	12	71	17	0	5010
18508	48	5126	35	8	0	5217
18509	45	50	10	5188	0	5293
18510	23	35	6	5159	0	5223
18511	5	4971	14	78	0	5068
18512	11	5091	13	36	0	5151
18513	13	76	8	5136	0	5233
18514	9	38	6	5174	0	5227
18515	13	19	5060	80	0	5172
18516	12	17	4907	45	0	4981
18517	4964	10	75	26	0	5075
18518	5258	6	34	18	0	5316
18519	89	10	13	5230	0	5342
18520	53	17	5218	68	0	5356
18521	25	8	54	5222	0	5309
18522	5158	11	38	82	0	5289
18523	70	17	5198	41	0	5326
18524	52	11	56	5273	0	5392
18525	22	21	5326	64	0	5433
18526	15	5212	64	70	0	5361
18527	18	62	5280	26	0	5386
18528	25	48	66	5235	0	5374
18529	5292	14	43	69	0	5418
18530	67	12	14	5315	0	5408
18531	5341	8	16	68	0	5433
18532	5364	6	7	52	0	5429
18533	5232	20	11	31	0	5294
18534	99	15	5021	16	0	5151
18535	5058	7	51	24	0	5140
18536	79	9	34	5090	0	5212
18537	51	10	15	5137	0	5213
18538	19	11	5133	95	0	5258
18539	35	5	51	5165	0	5256
18540	5234	10	42	72	0	5358
18541	66	5285	24	50	0	5425
18542	5464	50	10	37	0	5561
18543	5516	41	6	25	0	5588
18544	5525	14	13	23	0	5575
18545	105	9	15	5484	0	5613
18546	60	14	5472	69	0	5615
18547	25	6	56	5550	0	5637
18548	30	8	48	5600	0	5686
18549	5541	9	17	117	0	5684
18550	5411	9	15	65	0	5500
18551	104	13	5204	34	0	5355
18552	65	9	63	5146	0	5283
18553	23	12	5263	75	0	5373
18554	5246	5	66	61	0	5378
18555	80	5634	60	31	0	5805
18556	5673	71	23	28	0	5795
18557	89	5785	22	15	0	5911
18558	5736	80	14	26	0	5856
18559	91	5796	17	16	0	5920
18560	75	80	16	5733	0	5904
18561	30	54	6	5937	0	6027
18562	5922	9	20	142	0	6093
18563	5964	12	8	80	0	6064
18564	5977	5	11	30	0	6023
18565	5877	6	14	24	0	5921
18566	5981	9	9	24	0	6023
18567	150	5	14	5758	0	5927
18568	83	5713	17	80	0	5893
18569	38	75	15	5647	0	5775
18570	29	5564	15	87	0	5695
18571	34	92	13	5402	0	5541
18572	29	5473	18	88	0	5608
18573	27	96	9	5399	0	5531
18574	21	61	5065	102	0	5249
18575	4823	11	69	80	0	4983
18576	86	5011	68	22	0	5187
18577	5084	71	13	32	0	5200
18578	99	58	5056	24	0	5237
18579	4986	15	74	22	0	5097
18580	102	13	5353	26	0	5494
18581	82	13	90	5309	0	5494
18582	30	5716	61	91	0	5898
18583	43	97	5778	68	0	5986
18584	35	65	103	5778	0	5981
18585	5661	22	58	121	0	5862
18586	116	13	25	5846	0	6000
18587	78	14	12	5901	0	6005
18588	45	13	13	5941	0	6012
18589	32	16	5709	163	0	5920
18590	44	21	88	5671	0	5824
18591	36	5636	70	117	0	5859
18592	37	100	20	5669	0	5826
18593	31	63	14	5664	0	5772
18594	5652	19	13	165	0	5849
18595	132	22	12	5824	0	5990
18596	81	16	5899	123	0	6119
18597	47	30	5871	69	0	6017
18598	42	13	5871	47	0	5973
18599	26	5763	168	35	0	5992
18600	5680	94	115	43	0	5932
18601	101	5724	36	29	0	5890
18602	5686	106	14	38	0	5844
18603	120	70	16	5612	0	5818
18604	83	33	5784	105	0	6005
18605	38	25	5702	68	0	5833
18606	32	5943	150	46	0	6171
18607	23	108	82	5972	0	6185
18608	36	69	23	5981	0	6109
18609	29	34	22	6068	0	6153
18610	30	23	5914	185	0	6152
18611	5547	13	107	120	0	5787
18612	115	18	6038	42	0	6213
18613	91	16	121	5896	0	6124
18614	52	26	78	6045	0	6201
18615	30	15	5921	190	0	6156
18616	5625	19	110	115	0	5869
18617	113	5881	79	77	0	6150
18618	5914	100	46	37	0	6097
18619	115	69	20	5745	0	5949
18620	79	5815	24	116	0	6034
18621	43	102	23	5954	0	6122
18622	5881	65	22	139	0	6107
18623	115	33	22	5875	0	6045
18624	83	28	5713	135	0	5959
18625	5593	14	117	93	0	5817
18626	5747	27	75	51	0	5900
18627	169	25	5648	37	0	5879
18628	100	23	101	5665	0	5889
18629	5845	17	80	134	0	6076
18630	117	20	49	5853	0	6039
18631	93	17	36	5815	0	5961
18632	53	27	31	5851	0	5962
18633	40	29	32	5869	0	5970
18634	25	24	5732	196	0	5977
18635	43	20	107	5782	0	5952
18636	35	23	5768	141	0	5967
18637	5642	13	130	108	0	5893
18638	5734	15	88	71	0	5908
18639	5710	20	51	54	0	5835
18640	5661	14	40	52	0	5767
18641	197	27	30	5472	0	5726
18642	5427	17	39	132	0	5615
18643	137	18	5297	110	0	5562
18644	89	13	5304	57	0	5463
18645	5094	13	150	62	0	5319
18646	103	5147	104	46	0	5400
18647	79	5266	52	53	0	5450
18648	51	138	36	5191	0	5416
18649	31	79	5178	116	0	5404
18650	4836	27	103	101	0	5067
18651	117	22	5205	64	0	5408
18652	83	4971	110	54	0	5218
18653	56	78	4918	54	0	5106
18654	37	4669	96	51	0	4853
18655	4337	86	75	45	0	4543
18656	77	4325	44	58	0	4504
18657	49	4244	34	57	0	4384
18658	54	101	21	4247	0	4423
18659	39	49	4168	88	0	4344
18660	35	24	69	4070	0	4198
18661	32	12	63	4128	0	4235
18662	31	18	4004	119	0	4172
18663	42	15	74	3874	0	4005
18664	29	3866	65	88	0	4048
18665	35	52	42	4019	0	4148
18666	4007	46	23	96	0	4172
18667	85	27	23	4035	0	4170
18668	60	24	4011	99	0	4194
18669	51	13	75	4038	0	4177
18670	35	21	4012	97	0	4165
18671	3924	14	78	76	0	4092
18672	92	18	66	4057	0	4233
18673	4106	14	38	94	0	4252
18674	85	19	4087	55	0	4246
18675	3800	17	70	49	0	3936
18676	84	4128	65	32	0	4309
18677	58	75	4195	40	0	4368
18678	43	60	80	4102	0	4285
18679	33	32	4299	79	0	4443
18680	23	4104	84	64	0	4275
18681	18	4294	68	40	0	4420
18682	3805	79	17	24	0	3925
18683	57	3937	29	17	0	4040
18684	3979	57	16	19	0	4071
18685	81	48	16	4054	0	4199
18686	50	21	4013	62	0	4146
18687	28	4104	56	55	0	4243
18688	23	76	48	4157	0	4304
18689	20	51	19	4333	0	4423
18690	21	20	14	4434	0	4489
18691	24	18	12	4238	0	4292
18692	17	4083	19	110	0	4229
18693	8	4232	16	68	0	4324
18694	3941	67	12	27	0	4047
18695	40	3977	14	26	0	4057
18696	43	49	18	3751	0	3861
18697	11	41	3761	49	0	3862
18698	16	3719	57	35	0	3827
18699	15	46	39	3713	0	3813
18700	26	36	14	3618	0	3694
18701	8	3715	12	72	0	3807
18702	3569	43	8	49	0	3669
18703	46	38	3582	14	0	3680
18704	3305	13	36	14	0	3368
18705	43	3443	31	8	0	3525
18706	3108	35	9	15	0	3167
18707	37	3248	14	10	0	3309
18708	37	47	4	3455	0	3543
18709	18	28	8	3513	0	3567
18710	3460	12	5	84	0	3561
18711	52	18	3	3498	0	3571
18712	38	16	3435	50	0	3539
18713	12	3378	46	44	0	3480
18714	11	3463	34	24	0	3532
18715	16	80	7	3444	0	3547
18716	11	46	3480	51	0	3588
18717	7	16	42	3521	0	3586
18718	7	12	35	3571	0	3625
18719	4	23	3485	82	0	3594
18720	14	21	3400	49	0	3484
18721	7	3485	70	24	0	3586
18722	3508	50	38	24	0	3620
18723	46	40	11	3455	0	3552
18724	34	3423	9	52	0	3518
18725	3553	53	7	47	0	3660
18726	54	40	10	3542	0	3646
18727	40	17	5	3549	0	3611
18728	14	3474	7	84	0	3579
18729	15	47	10	3416	0	3488
18730	3470	46	12	68	0	3596
18731	59	19	3	3575	0	3656
18732	44	17	7	3572	0	3640
18733	13	20	3472	90	0	3595
18734	19	27	3310	45	0	3401
18735	3419	11	70	37	0	3537
18736	55	15	42	3493	0	3605
18737	48	20	9	3500	0	3577
18738	24	21	10	3572	0	3627
18739	19	19	3492	96	0	3626
18740	3454	16	53	67	0	3590
18741	53	16	44	3542	0	3655
18742	45	23	18	3576	0	3662
18743	3516	20	22	94	0	3652
18744	49	3486	28	66	0	3629
18745	48	59	3459	41	0	3607
18746	25	48	47	3327	0	3447
18747	17	3351	49	70	0	3487
18748	23	58	23	3422	0	3526
18749	3423	47	22	70	0	3562
18750	60	27	10	3432	0	3529
18751	3385	20	14	79	0	3498
18752	3349	18	16	72	0	3455
18753	90	24	15	3263	0	3392
18754	56	3202	17	77	0	3352
18755	23	3315	14	71	0	3423
18756	20	86	3287	46	0	3439
18757	33	56	53	3201	0	3343
18758	31	24	44	3338	0	3437
18759	33	14	14	3391	0	3452
18760	3289	19	17	111	0	3436
18761	60	19	9	3358	0	3446
18762	54	14	3314	84	0	3466
18763	3273	12	56	77	0	3418
18764	61	17	38	3468	0	3584
18765	45	18	24	3541	0	3628
18766	23	11	3437	112	0	3583
18767	3314	18	56	75	0	3463
18768	58	19	45	3475	0	3597
18769	56	13	3501	86	0	3656
18770	31	16	59	3516	0	3622
18771	45	21	50	3166	0	3282
18772	30	3528	39	95	0	3692
18773	3529	51	19	67	0	3666
18774	3499	46	16	60	0	3621
18775	89	3492	24	45	0	3650
18776	3430	46	19	34	0	3529
18777	3305	39	13	47	0	3404
18778	89	15	7	3271	0	3382
18779	52	17	3090	75	0	3234
18780	25	10	2899	55	0	2989
18781	23	20	2871	28	0	2942
18782	16	15	2981	34	0	3046
18783	20	39	68	2813	0	2940
18784	14	9	33	2923	0	2979
18785	13	10	13	2854	0	2890
18786	23	6	15	2915	0	2959
18787	2824	4	15	82	0	2925
18788	49	2849	18	50	0	2966
18789	2850	40	15	31	0	2936
18790	51	33	2833	24	0	2941
18791	42	15	3024	19	0	3100
18792	19	7	63	3132	0	3221
18793	3172	4	39	65	0	3280
18794	2971	7	12	52	0	3042
18795	69	3108	14	28	0	3219
18796	37	3163	9	17	0	3226
18797	24	58	7	3158	0	3247
18798	3143	32	9	49	0	3233
18799	44	3172	18	39	0	3273
18800	3242	36	8	20	0	3306
18801	3262	33	6	24	0	3325
18802	3304	6	6	23	0	3339
18803	67	10	3303	15	0	3395
18804	37	3330	37	15	0	3419
18805	3302	37	23	19	0	3381
18806	3310	24	8	19	0	3361
18807	56	3134	9	14	0	3213
18808	17	2981	6	3	0	3007
18809	2979	44	12	9	0	3044
18810	35	18	3	2979	0	3035
18811	20	8	2953	28	0	3009
18812	2840	5	28	22	0	2895
18813	38	9	15	2947	0	3009
18814	16	3028	8	36	0	3088
18815	18	31	3	3090	0	3142
18816	8	15	3093	35	0	3151
18817	6	10	32	3072	0	3120
18818	3258	4	12	45	0	3319
18819	43	2	6	3287	0	3338
18820	21	6	2	3328	0	3357
18821	6	19	3495	55	0	3575
18822	10	3	36	3423	0	3472
18823	5	3546	13	44	0	3608
18824	3564	36	9	23	0	3632
18825	3453	17	6	11	0	3487
18826	58	16	3538	5	0	3617
18827	26	5	38	3440	0	3509
18828	11	3475	18	40	0	3544
18829	4	3564	9	17	0	3594
18830	3454	49	5	14	0	3522
18831	50	18	3	3491	0	3562
18832	17	14	3503	39	0	3573
18833	14	11	3442	22	0	3489
18834	12	4	52	3498	0	3566
18835	3484	4	23	43	0	3554
18836	3491	7	10	22	0	3530
18837	61	4	3	3670	0	3738
18838	26	8	3691	41	0	3766
18839	14	3664	44	20	0	3742
18840	3703	38	18	21	0	3780
18841	36	3758	14	17	0	3825
18842	3786	42	5	24	0	3857
18843	59	15	6	3772	0	3852
18844	21	22	3790	44	0	3877
18845	21	9	39	3753	0	3822
18846	3791	10	20	54	0	3875
18847	57	12	3796	26	0	3891
18848	19	3812	47	14	0	3892
18849	20	41	16	3832	0	3909
18850	3844	13	12	54	0	3923
18851	49	16	3881	20	0	3966
18852	33	7	46	3899	0	3985
18853	23	10	18	4003	0	4054
18854	15	18	3962	63	0	4058
18855	16	6	41	3946	0	4009
18856	23	11	3970	51	0	4055
18857	3789	13	47	31	0	3880
18858	56	10	19	4193	0	4278
18859	32	14	4487	52	0	4585
18860	19	4555	53	20	0	4647
18861	4713	57	18	25	0	4813
18862	5089	21	12	32	0	5154
18863	100	15	9	5357	0	5481
18864	37	5568	13	84	0	5702
18865	5643	94	10	42	0	5789
18866	101	43	7	5647	0	5798
18867	51	17	5650	98	0	5816
18868	5504	9	88	62	0	5663
18869	92	5588	45	28	0	5753
18870	64	87	17	5607	0	5775
18871	5620	41	14	101	0	5776
18872	109	23	5503	44	0	5679
18873	50	16	5553	21	0	5640
18874	31	8	126	5382	0	5547
18875	22	19	5608	105	0	5754
18876	18	8	109	5436	0	5571
18877	14	5510	58	95	0	5677
18878	22	95	15	5676	0	5808
18879	5562	40	23	114	0	5739
18880	98	22	5550	75	0	5745
18881	43	5530	102	35	0	5710
18882	34	87	46	5459	0	5626
18883	18	41	5649	104	0	5812
18884	31	27	91	5391	0	5540
18885	15	5480	45	96	0	5636
18886	10	5666	23	61	0	5760
18887	5455	108	27	34	0	5624
18888	76	5534	16	28	0	5654
18889	39	92	5334	7	0	5472
18890	4923	52	81	26	0	5082
18891	88	25	5306	6	0	5425
18892	46	8	90	5016	0	5160
18893	19	12	5291	83	0	5405
18894	10	5267	95	43	0	5415
18895	23	85	32	5360	0	5500
18896	7	35	17	5424	0	5483
18897	21	15	13	5360	0	5409
18898	12	18	5318	126	0	5474
18899	22	12	84	5233	0	5351
18900	21	9	36	5348	0	5414
18901	5143	13	17	127	0	5300
18902	5181	6	15	78	0	5280
18903	110	23	5125	23	0	5281
18904	47	5042	88	28	0	5205
18905	25	79	5149	17	0	5270
18906	25	33	81	5123	0	5262
18907	8	23	5230	91	0	5352
18908	16	11	88	5170	0	5285
18909	17	10	41	5302	0	5370
18910	17	15	5246	114	0	5392
18911	4753	9	83	74	0	4919
18912	81	5283	48	30	0	5442
18913	44	78	15	5286	0	5423
18914	20	39	5424	84	0	5567
18915	20	21	5268	42	0	5351
18916	5105	11	106	36	0	5258
18917	75	5338	56	23	0	5492
18918	41	72	18	5263	0	5394
18919	5330	37	17	94	0	5478
18920	86	17	15	5415	0	5533
18921	53	15	17	5372	0	5457
18922	16	29	5330	113	0	5488
18923	5040	6	86	64	0	5196
18924	5378	9	45	46	0	5478
18925	111	11	27	5375	0	5524
18926	5396	12	18	90	0	5516
18927	103	10	15	5355	0	5483
18928	51	5210	30	92	0	5383
18929	31	5439	24	54	0	5548
18930	38	106	23	5483	0	5650
18931	5342	62	16	117	0	5537
18932	84	19	14	5415	0	5532
18933	5503	16	14	105	0	5638
18934	5547	7	18	78	0	5650
18935	130	16	15	5564	0	5725
18936	67	9	16	5779	0	5871
18937	39	16	5502	127	0	5684
18938	28	19	5659	59	0	5765
18939	20	13	130	5721	0	5884
18940	20	14	5974	109	0	6117
18941	5885	7	128	72	0	6092
18942	98	14	55	6217	0	6384
18943	55	20	6585	117	0	6777
18944	6531	13	124	72	0	6740
18945	6911	12	56	51	0	7030
18946	172	7015	38	37	0	7262
18947	96	113	26	7203	0	7438
18948	43	69	7340	128	0	7580
18949	7284	24	130	98	0	7536
18950	7551	15	70	53	0	7689
18951	189	16	7572	33	0	7810
18952	7609	12	129	39	0	7789
18953	168	14	73	7569	0	7824
18954	94	13	30	7699	0	7836
18955	7626	8	29	203	0	7866
18956	7739	8	27	105	0	7879
18957	217	19	17	7582	0	7835
18958	98	7	7648	144	0	7897
18959	55	7337	127	94	0	7613
18960	42	126	7379	37	0	7584
18961	32	66	7312	38	0	7448
18962	40	6948	173	30	0	7191
18963	45	77	94	6343	0	6559
18964	28	39	41	6428	0	6536
18965	22	28	6358	119	0	6527
18966	31	9	80	6332	0	6452
18967	6365	11	48	116	0	6540
18968	97	15	6450	67	0	6629
18969	6450	6	95	37	0	6588
18970	6611	6	54	37	0	6708
18971	6670	5	25	32	0	6732
18972	156	15	6496	21	0	6688
18973	75	15	6527	29	0	6646
18974	46	6	118	6495	0	6665
18975	49	17	63	6399	0	6528
18976	27	6575	37	114	0	6753
18977	6576	78	24	67	0	6745
18978	6561	44	21	40	0	6666
18979	121	6575	26	25	0	6747
18980	6616	83	8	40	0	6747
18981	116	6520	22	19	0	6677
18982	6577	86	24	22	0	6709
18983	112	49	12	6310	0	6483
18984	61	24	6396	93	0	6574
18985	26	22	6379	69	0	6496
18986	41	13	143	6291	0	6488
18987	32	7	64	6392	0	6495
18988	38	10	6285	124	0	6457
18989	34	10	99	6199	0	6342
18990	40	10	57	6373	0	6480
18991	6209	7	35	149	0	6400
18992	6232	15	27	73	0	6347
18993	6153	14	25	40	0	6232
18994	146	11	5961	29	0	6147
18995	79	6029	88	32	0	6228
18996	51	77	51	6065	0	6244
18997	50	57	6155	81	0	6343
18998	34	6186	108	42	0	6370
18999	6247	84	55	40	0	6426
19000	101	51	29	6273	0	6454
19001	83	21	28	6359	0	6491
19002	6312	19	20	144	0	6495
19003	118	10	22	6343	0	6493
19004	76	15	25	6369	0	6485
19005	6325	8	26	152	0	6511
19006	105	19	6262	79	0	6465
19007	56	6205	95	52	0	6408
19008	6194	79	51	55	0	6379
19009	112	55	6338	26	0	6531
19010	6183	16	96	45	0	6340
19011	105	6474	67	32	0	6678
19012	6435	87	30	35	0	6587
19013	6472	44	26	40	0	6582
19014	6277	20	25	32	0	6354
19015	149	20	25	6143	0	6337
19016	95	30	19	6123	0	6267
19017	41	6072	32	131	0	6276
19018	51	6161	29	67	0	6308
19019	33	6220	32	48	0	6333
19020	6063	110	20	44	0	6237
19021	96	56	5954	34	0	6140
19022	69	23	84	5916	0	6092
19023	44	21	43	5921	0	6029
19024	44	5933	35	116	0	6128
19025	45	80	19	5969	0	6113
19026	48	51	18	5928	0	6045
19027	34	5987	33	120	0	6174
19028	5895	89	20	73	0	6077
19029	99	5986	27	53	0	6165
19030	61	94	5835	30	0	6020
19031	5801	46	84	36	0	5967
19032	91	5971	60	37	0	6159
19033	5839	74	24	40	0	5977
19034	106	45	21	5815	0	5987
19035	85	23	12	5834	0	5954
19036	47	32	5728	115	0	5922
19037	41	26	5746	51	0	5864
19038	51	42	102	5622	0	5817
19039	5643	14	41	88	0	5786
19040	5503	21	20	52	0	5596
19041	114	5669	24	28	0	5835
19042	39	5593	19	25	0	5676
19043	22	5435	11	20	0	5488
19044	71	157	36	5176	0	5440
19045	5293	22	30	99	0	5444
19046	5558	6	9	42	0	5615
19047	5563	5	9	29	0	5606
19048	98	16	5384	28	0	5526
19049	39	6286	76	18	0	6419
19050	21	93	28	6771	0	6913
19051	6736	40	6	117	0	6899
19052	126	13	8	6849	0	6996
19053	63	12	13	7019	0	7107
19054	6944	14	8	157	0	7123
19055	7238	10	9	60	0	7317
19056	182	16	7182	15	0	7395
19057	77	15	124	7229	0	7445
19058	30	9	7030	138	0	7207
19059	27	6	137	7062	0	7232
19060	16	12	7010	147	0	7185
19061	32	6	132	7020	0	7190
19062	6848	8	62	151	0	7069
19063	134	6885	15	76	0	7110
19064	71	7158	20	20	0	7269
19065	43	203	23	6222	0	6491
19066	18	7193	13	110	0	7334
19067	7145	142	6	57	0	7350
19068	7071	62	10	20	0	7163
19069	201	19	6897	12	0	7129
19070	77	6928	131	13	0	7149
19071	29	126	64	6951	0	7170
19072	21	66	6930	129	0	7146
19073	6832	27	133	68	0	7060
19074	148	11	58	6916	0	7133
19075	72	18	6942	133	0	7165
19076	29	9	131	6994	0	7163
19077	6955	7	67	147	0	7176
19078	133	13	6924	64	0	7134
19079	6901	13	130	25	0	7069
19080	7031	7	78	19	0	7135
19081	196	15	11	6849	0	7071
19082	76	14	6923	141	0	7154
19083	38	13	6908	64	0	7023
19084	6799	9	181	37	0	7026
19085	7015	7	69	26	0	7117
19086	207	16	6872	18	0	7113
19087	91	9	133	6857	0	7090
19088	45	14	74	6746	0	6879
19089	28	6932	20	189	0	7169
19090	32	145	24	6926	0	7127
19091	6863	69	17	166	0	7115
19092	164	14	15	6938	0	7131
19093	78	18	6798	171	0	7065
19094	6611	10	146	89	0	6856
19095	165	16	63	6710	0	6954
19096	90	16	6678	153	0	6937
19097	34	6574	149	94	0	6851
19098	6420	140	79	39	0	6678
19099	142	6630	32	41	0	6845
19100	6593	145	37	35	0	6810
19101	160	80	6474	36	0	6750
19102	99	6356	151	38	0	6644
19103	33	6591	80	43	0	6747
19104	50	198	30	6434	0	6712
19105	45	82	24	6577	0	6728
19106	36	34	6410	215	0	6695
19107	49	26	149	6474	0	6698
19108	6398	22	78	164	0	6662
19109	170	23	6228	87	0	6508
19110	93	27	147	6202	0	6469
19111	46	31	6154	165	0	6396
19112	5993	20	156	104	0	6273
19113	155	6175	87	54	0	6471
19114	6275	134	41	55	0	6505
19115	6391	74	34	54	0	6553
19116	6456	21	40	52	0	6569
19117	223	34	6144	48	0	6449
19118	103	6144	157	53	0	6457
19119	68	139	90	6151	0	6448
19120	68	79	39	6433	0	6619
19121	6442	29	33	236	0	6740
19122	181	17	41	6545	0	6784
19123	6570	25	41	188	0	6824
19124	6612	25	45	111	0	6793
19125	6661	19	44	61	0	6785
19126	6674	26	41	43	0	6784
19127	266	23	36	6414	0	6739
19128	6478	28	32	182	0	6720
19129	193	28	6289	104	0	6614
19130	6340	22	169	52	0	6583
19131	6472	32	93	42	0	6639
19132	259	31	6169	71	0	6530
19133	6401	30	165	55	0	6651
19134	6520	17	96	53	0	6686
19135	251	17	58	6342	0	6668
19136	132	15	37	6374	0	6558
19137	6194	46	39	237	0	6516
19138	197	14	41	6232	0	6484
19139	132	17	29	6138	0	6316
19140	57	5910	58	226	0	6251
19141	68	109	27	5707	0	5911
19142	5511	68	31	150	0	5760
19143	172	27	32	5454	0	5685
19144	115	17	28	5264	0	5424
19145	56	5059	32	181	0	5328
19146	64	91	22	4791	0	4968
19147	66	63	31	4689	0	4849
19148	4477	17	28	164	0	4686
19149	130	23	10	3436	0	3599
19150	54	10	2997	81	0	3142
19151	25	2877	62	71	0	3035
19152	21	2823	40	29	0	2913
19153	2689	77	36	19	0	2821
19154	66	2760	11	10	0	2847
19155	2468	47	18	15	0	2548
19156	42	2431	4	13	0	2490
19157	2447	38	5	14	0	2504
19158	44	18	1	2480	0	2543
19159	29	13	1	2463	0	2506
19160	11	2418	6	54	0	2489
19161	16	36	1	2468	0	2521
19162	8	25	2447	36	0	2516
19163	2326	9	34	42	0	2411
19164	34	2735	19	16	0	2804
19165	2687	40	8	12	0	2747
19166	2701	30	2	15	0	2748
19167	2739	11	4	13	0	2767
19168	78	4	2	2695	0	2779
19169	43	5	2	2671	0	2721
19170	16	2698	5	73	0	2792
19171	2693	47	3	48	0	2791
19172	43	2728	6	16	0	2793
19173	2743	54	4	10	0	2811
19174	61	33	2788	15	0	2897
19175	2929	12	49	13	0	3003
19176	68	11	31	2954	0	3064
19177	46	9	2968	61	0	3084
19178	19	10	2970	43	0	3042
19179	16	8	89	3016	0	3129
19180	9	8	3052	69	0	3138
19181	15	7	67	3028	0	3117
19182	2868	9	39	75	0	2991
19183	73	8	14	2951	0	3046
19184	55	8	2876	68	0	3007
19185	21	2832	53	48	0	2954
19186	14	2908	41	21	0	2984
19187	18	104	11	2839	0	2972
19188	2878	46	3	70	0	2997
19189	63	16	4	2958	0	3041
19190	52	5	7	2972	0	3036
19191	28	8	8	3002	0	3046
19192	17	5	8	3054	0	3084
19193	16	10	2954	100	0	3080
19194	17	11	2882	56	0	2966
19195	2902	2	90	32	0	3026
19196	3013	6	47	14	0	3080
19197	96	7	17	2987	0	3107
19198	57	13	9	3026	0	3105
19199	26	8	2916	95	0	3045
19200	14	2934	58	60	0	3066
19201	2916	53	47	31	0	3047
19202	2968	39	17	22	0	3046
19203	95	16	11	2924	0	3046
19204	46	12	2950	70	0	3078
19205	29	7	61	2849	0	2946
19206	14	2953	42	78	0	3087
19207	15	57	2974	46	0	3092
19208	2934	34	58	33	0	3059
19209	73	19	35	3023	0	3150
19210	3053	9	19	78	0	3159
19211	70	9	2959	51	0	3089
19212	2965	9	61	34	0	3069
19213	78	10	39	2929	0	3056
19214	2932	14	15	76	0	3037
19215	77	5	10	2830	0	2922
19216	48	2771	16	82	0	2917
19217	19	2831	19	56	0	2925
19218	36	87	16	2796	0	2935
19219	20	47	2792	61	0	2920
19220	16	2752	54	45	0	2867
19221	47	42	36	2670	0	2795
19222	2631	28	21	55	0	2735
19223	2642	15	4	38	0	2699
19224	82	10	8	2607	0	2707
19225	45	10	9	2595	0	2659
19226	24	2504	11	78	0	2617
19227	13	2620	12	46	0	2691
19228	2600	63	9	21	0	2693
19229	62	36	5	2580	0	2683
19230	42	12	10	2620	0	2684
19231	14	11	2591	87	0	2703
19232	21	7	53	2558	0	2639
19233	19	10	33	2533	0	2595
19234	20	8	18	2563	0	2609
19235	14	10	2501	90	0	2615
19236	22	4	51	2543	0	2620
19237	2499	4	35	67	0	2605
19238	53	11	2471	47	0	2582
19239	2588	7	60	36	0	2691
19240	61	13	28	2640	0	2742
19241	43	8	16	2721	0	2788
19242	24	2	9	2815	0	2850
19243	12	9	2710	90	0	2821
19244	2546	15	49	55	0	2665
19245	54	2763	41	22	0	2880
19246	2743	53	12	24	0	2832
19247	62	2754	10	20	0	2846
19248	31	60	5	2756	0	2852
19249	2764	27	11	63	0	2865
19250	59	21	2722	44	0	2846
19251	2674	5	50	31	0	2760
19252	65	13	2794	21	0	2893
19253	36	3	59	2755	0	2853
19254	19	9	2752	63	0	2843
19255	10	2680	62	43	0	2795
19256	27	51	28	2678	0	2784
19257	2613	24	24	71	0	2732
19258	62	9	12	2565	0	2648
19259	24	2594	10	66	0	2694
19260	25	48	8	2643	0	2724
19261	2565	31	8	61	0	2665
19262	2540	7	10	35	0	2592
19263	73	2518	16	24	0	2631
19264	20	2262	7	12	0	2301
19265	12	46	7	2259	0	2324
19266	27	18	19	2253	0	2317
19267	2228	2	5	53	0	2288
19268	2204	2	3	26	0	2235
19269	50	2213	11	6	0	2280
19270	23	28	7	2183	0	2241
19271	15	21	3	2212	0	2251
19272	6	9	2179	54	0	2248
19273	8	2171	38	23	0	2240
19274	5	2066	17	13	0	2101
19275	11	38	9	1935	0	1993
19276	3	11	1949	23	0	1986
19277	5	3	1925	11	0	1944
19278	4	2	40	1933	0	1979
19279	6	3	11	1981	0	2001
19280	3	2	1958	28	0	1991
19281	6	3	19	2003	0	2031
19282	3	0	2021	24	0	2048
19283	2066	4	21	14	0	2105
19284	27	1	9	2105	0	2142
19285	20	3	2144	24	0	2191
19286	5	1	2109	18	0	2133
19287	6	4	38	2248	0	2296
19288	5	6	2358	29	0	2398
19289	6	4	2429	18	0	2457
19290	3	2353	45	10	0	2411
19291	2420	29	22	10	0	2481
19292	34	23	2422	1	0	2480
19293	27	7	32	2371	0	2437
19294	8	3	19	2512	0	2542
19295	7	2	4	2550	0	2563
19296	5	7	2476	55	0	2543
19297	7	3	33	2442	0	2485
19298	2450	2	22	39	0	2513
19299	31	5	4	2470	0	2510
19300	24	5	2447	35	0	2511
19301	10	4	33	2437	0	2484
19302	2451	4	26	36	0	2517
19303	2506	1	6	35	0	2548
19304	2476	2	4	16	0	2498
19305	54	2	6	2450	0	2512
19306	2460	3	8	36	0	2507
19307	2450	7	3	29	0	2489
19308	2468	1	6	11	0	2486
19309	52	2356	11	8	0	2427
19310	2418	28	8	11	0	2465
19311	36	21	8	2399	0	2464
19312	20	6	2382	42	0	2450
19313	5	2367	42	31	0	2445
19314	2413	30	23	13	0	2479
19315	33	23	11	2414	0	2481
19316	26	8	8	2363	0	2405
19317	8	2363	9	62	0	2442
19318	4	2474	4	42	0	2524
19319	2258	50	10	16	0	2334
19320	33	2290	12	13	0	2348
19321	2246	30	5	10	0	2291
19322	35	2228	7	14	0	2284
19323	2204	31	7	8	0	2250
19324	35	2208	4	9	0	2256
19325	24	2274	10	9	0	2317
19326	2255	46	6	14	0	2321
19327	35	26	2202	6	0	2269
19328	29	2229	36	15	0	2309
19329	14	28	28	2255	0	2325
19330	11	20	7	2371	0	2409
19331	8	4	12	2361	0	2385
19332	8	3	9	2414	0	2434
19333	7	9	2367	62	0	2445
19334	2327	5	32	39	0	2403
19335	39	5	32	2454	0	2530
19336	2478	2	16	46	0	2542
19337	2556	9	14	32	0	2611
19338	2612	4	10	21	0	2647
19339	2449	4	12	18	0	2483
19340	60	2	2407	20	0	2489
19341	41	13	35	2370	0	2459
19342	12	10	2360	40	0	2422
19343	16	2313	43	31	0	2403
19344	32	35	36	2216	0	2319
19345	21	29	10	2260	0	2320
19346	12	9	12	2303	0	2336
19347	11	3	17	2318	0	2349
19348	6	9	2254	67	0	2336
19349	12	6	34	2293	0	2345
19350	14	5	38	2320	0	2377
19351	2325	7	16	65	0	2413
19352	2395	5	8	48	0	2456
19353	85	3	12	2417	0	2517
19354	41	3	9	2446	0	2499
19355	16	5	10	2497	0	2528
19356	2445	4	7	96	0	2552
19357	2491	9	15	46	0	2561
19358	2473	5	6	22	0	2506
19359	2488	8	9	14	0	2519
19360	98	2423	10	17	0	2548
19361	2507	51	11	19	0	2588
19362	2516	27	8	23	0	2574
19363	98	12	6	2425	0	2541
19364	53	8	7	2438	0	2506
19365	2357	7	8	89	0	2461
19366	58	2313	10	53	0	2434
19367	39	2374	13	25	0	2451
19368	2430	69	18	24	0	2541
19369	65	33	3	2491	0	2592
19370	41	23	7	2530	0	2601
19371	29	11	5	2589	0	2634
19372	20	9	5	2567	0	2601
19373	25	8	6	2552	0	2591
19374	19	2467	6	94	0	2586
19375	29	51	1	2410	0	2491
19376	2389	27	2	64	0	2482
19377	67	10	4	2353	0	2434
19378	38	13	2	2363	0	2416
19379	2318	6	2	77	0	2403
19380	57	2319	4	38	0	2418
19381	42	59	3	2240	0	2344
19382	19	2288	0	54	0	2361
19383	16	57	11	2189	0	2273
19384	10	22	2150	52	0	2234
19385	1953	8	44	26	0	2031
19386	45	2073	16	11	0	2145
19387	1926	37	3	27	0	1993
19388	45	17	1868	7	0	1937
19389	22	4	34	1703	0	1763
19390	6	1732	13	37	0	1788
19391	11	1794	5	16	0	1826
19392	1774	46	4	14	0	1838
19393	41	13	3	1758	0	1815
19394	20	8	1830	45	0	1903
19395	8	5	33	1867	0	1913
19396	12	2	1854	45	0	1913
19397	1787	4	38	23	0	1852
19398	41	8	1875	17	0	1941
19399	18	5	36	1839	0	1898
19400	14	1928	15	49	0	2006
19401	14	37	3	1923	0	1977
19402	6	1954	7	34	0	2001
19403	1988	40	4	33	0	2065
19404	41	15	4	2059	0	2119
19405	20	9	2091	45	0	2165
19406	18	11	2045	20	0	2094
19407	2033	6	38	18	0	2095
19408	2163	3	22	19	0	2207
19409	2165	8	6	21	0	2200
19410	2147	7	5	17	0	2176
19411	63	2092	7	9	0	2171
19412	2149	37	1	19	0	2206
19413	2148	14	3	21	0	2186
19414	57	9	2083	17	0	2166
19415	24	7	35	2050	0	2116
19416	2099	6	13	41	0	2159
19417	48	8	2066	21	0	2143
19418	24	3	35	2043	0	2105
19419	15	9	2166	48	0	2238
19420	13	9	34	2084	0	2140
19421	13	2217	14	34	0	2278
19422	2246	35	5	21	0	2307
19423	38	21	2197	16	0	2272
19424	2193	7	32	16	0	2248
19425	41	11	14	2219	0	2285
19426	2222	8	8	46	0	2284
19427	43	5	7	2252	0	2307
19428	2338	5	4	61	0	2408
19429	46	9	2306	19	0	2380
19430	2458	7	27	28	0	2520
19431	37	6	14	2494	0	2551
19432	24	5	4	2521	0	2554
19433	2473	3	10	52	0	2538
19434	46	8	4	2497	0	2555
19435	13	9	2461	44	0	2527
19436	22	29	28	2443	0	2522
19437	2288	1	8	46	0	2343
19438	22	2294	5	19	0	2340
19439	15	2328	6	9	0	2358
19440	2297	35	2	8	0	2342
19441	29	2375	5	7	0	2416
19442	5	32	2	2366	0	2405
19443	2371	5	16	34	0	2426
19444	2370	4	6	12	0	2392
19445	2366	2	1	10	0	2379
19446	33	10	2340	8	0	2391
19447	13	4	29	2306	0	2352
19448	6	2341	11	23	0	2381
19449	11	30	1	2334	0	2376
19450	3	11	2397	28	0	2439
19451	6	2286	22	8	0	2322
19452	9	14	3	2309	0	2335
19453	2242	3	3	15	0	2263
19454	5	2254	7	4	0	2270
19455	2	8	2312	2	0	2324
19456	8	4	9	2285	0	2306
19457	3	11	2317	11	0	2342
19458	7	6	11	2277	0	2301
19459	2404	0	5	26	0	2435
19460	12	3	1	2433	0	2449
19461	2452	1	3	17	0	2473
19462	2479	0	4	8	0	2491
19463	13	2561	7	4	0	2585
19464	2617	12	3	8	0	2640
19465	18	2570	5	5	0	2598
19466	13	16	2578	6	0	2613
19467	14	6	10	2635	0	2665
19468	12	5	5	2754	0	2776
19469	8	8	2652	18	0	2686
19470	3	2644	20	8	0	2675
19471	2681	14	7	15	0	2717
19472	2736	4	8	18	0	2766
19473	25	2	3	2756	0	2786
19474	14	3	1	2763	0	2781
19475	12	2	3	2790	0	2807
19476	2763	3	4	30	0	2800
19477	19	5	2767	8	0	2799
19478	8	8	2740	8	0	2764
19479	13	4	20	2789	0	2826
19480	5	3	2782	20	0	2810
19481	8	5	2768	12	0	2793
19482	6	2	25	2724	0	2757
19483	13	6	2813	20	0	2852
19484	5	2807	24	10	0	2846
19485	8	15	11	2874	0	2908
19486	14	8	2907	18	0	2947
19487	4	7	17	2861	0	2889
19488	4	2795	11	26	0	2836
19489	9	12	6	2853	0	2880
19490	8	8	2919	22	0	2957
19491	10	4	22	2924	0	2960
19492	2916	2	10	39	0	2967
19493	18	3	3026	11	0	3058
19494	2788	2	19	13	0	2822
19495	20	2966	11	6	0	3003
19496	2975	19	7	15	0	3016
19497	23	10	7	2953	0	2993
19498	10	2972	6	24	0	3012
19499	3063	20	4	19	0	3106
19500	24	11	8	3091	0	3134
19501	11	13	3079	25	0	3128
19502	5	3118	26	25	0	3174
19503	5	29	14	3125	0	3173
19504	3069	9	7	31	0	3116
19505	2998	6	6	19	0	3029
19506	40	8	3	3005	0	3056
19507	15	6	3013	29	0	3063
19508	2829	4	29	22	0	2884
19509	29	12	3032	8	0	3081
19510	16	6	24	3064	0	3110
19511	3108	2	14	40	0	3164
19512	31	3099	6	14	0	3150
19513	3122	20	6	13	0	3161
19514	25	16	3065	10	0	3116
19515	3082	5	25	12	0	3124
19516	29	6	16	3102	0	3153
19517	16	2	7	3176	0	3201
19518	13	8	3160	40	0	3221
19519	14	8	25	3030	0	3077
19520	3102	8	14	40	0	3164
19521	28	1	9	3056	0	3094
19522	17	3110	15	20	0	3162
19523	10	25	8	3092	0	3135
19524	9	3124	8	35	0	3176
19525	25	24	3054	18	0	3121
19526	2929	15	30	12	0	2986
19527	31	10	12	3152	0	3205
19528	25	6	3068	27	0	3126
19529	12	3025	29	19	0	3085
19530	10	26	14	2917	0	2967
19531	13	19	10	2920	0	2962
19532	2885	10	10	48	0	2953
19533	36	3	12	2941	0	2992
19534	2957	7	4	41	0	3009
19535	2944	4	8	32	0	2988
19536	44	2964	11	11	0	3030
19537	2996	35	4	16	0	3051
19538	38	19	8	3258	0	3323
19539	31	11	3285	44	0	3371
19540	3295	4	39	36	0	3374
19541	50	2	27	3269	0	3348
19542	27	10	3251	50	0	3338
19543	3125	10	39	31	0	3205
19544	44	12	21	3230	0	3307
19545	33	3334	21	44	0	3432
19546	16	35	11	3242	0	3304
19547	19	3343	11	42	0	3415
19548	3324	39	11	34	0	3408
19549	40	28	3435	19	0	3522
19550	28	3381	50	10	0	3469
19551	24	38	18	3407	0	3487
19552	12	22	3444	46	0	3524
19553	9	18	3356	32	0	3415
19554	3	3465	69	18	0	3555
19555	47	47	26	3374	0	3494
19556	12	25	11	3497	0	3545
19557	15	12	14	4373	0	4414
19558	4445	11	6	122	0	4584
19559	96	3	4580	51	0	4730
19560	43	4598	102	18	0	4761
19561	27	86	49	4446	0	4608
19562	20	46	20	4617	0	4703
19563	13	25	4460	138	0	4636
19564	24	16	89	4471	0	4600
19565	11	12	4489	114	0	4626
19566	26	11	4348	46	0	4431
19567	15	11	4355	22	0	4403
19568	18	13	126	4175	0	4332
19569	20	13	50	4343	0	4426
19570	28	11	19	4435	0	4493
19571	4354	5	17	140	0	4516
19572	86	4304	21	67	0	4478
19573	4409	83	20	29	0	4541
19574	4412	42	21	26	0	4501
19575	4500	15	19	30	0	4564
19576	139	4484	21	19	0	4663
19577	4525	83	8	32	0	4648
19578	4651	49	10	35	0	4745
19579	149	26	13	4577	0	4765
19580	76	18	11	4693	0	4798
19581	39	22	12	4721	0	4794
19582	24	16	4564	162	0	4766
19583	4424	17	109	71	0	4621
19584	106	16	58	4566	0	4746
19585	4485	18	38	120	0	4661
19586	111	4429	46	68	0	4654
19587	56	95	26	4520	0	4697
19588	30	50	26	4582	0	4688
19589	4485	21	28	172	0	4706
19590	113	20	21	4506	0	4660
19591	4401	14	12	146	0	4573
19592	4446	15	18	75	0	4554
19593	152	4229	21	45	0	4447
19594	78	4381	15	24	0	4498
19595	39	142	18	4195	0	4394
19596	28	4383	23	110	0	4544
19597	38	110	20	4396	0	4564
19598	30	47	4285	138	0	4500
19599	21	22	4187	68	0	4298
19600	4016	10	139	50	0	4215
19601	4166	12	58	43	0	4279
19602	137	4029	30	84	0	4280
19603	4107	94	27	38	0	4266
19604	116	4265	19	64	0	4464
19605	58	107	17	4344	0	4526
19606	36	50	21	4404	0	4511
19607	47	24	27	4411	0	4509
19608	36	22	19	4468	0	4545
19609	4318	14	23	171	0	4526
19610	116	4326	28	80	0	4550
19611	4361	103	21	46	0	4531
19612	4420	57	17	46	0	4540
19613	158	24	4291	52	0	4525
19614	4239	26	100	47	0	4412
19615	123	4263	49	53	0	4488
19616	76	115	28	4272	0	4491
19617	57	57	18	4176	0	4308
19618	35	4211	31	149	0	4426
19619	4291	116	17	79	0	4503
19620	128	51	4178	56	0	4413
19621	4147	21	113	56	0	4337
19622	157	26	4210	60	0	4453
19623	88	22	122	4209	0	4441
19624	56	32	65	4343	0	4496
19625	53	26	42	4372	0	4493
19626	4286	33	29	201	0	4549
19627	128	36	4325	111	0	4600
19628	4311	17	118	115	0	4561
19629	4436	28	73	73	0	4610
19630	4458	26	52	76	0	4612
19631	4439	20	47	79	0	4585
19632	189	25	51	4338	0	4603
19633	94	28	4310	153	0	4585
19634	78	30	105	4292	0	4505
19635	58	31	4212	142	0	4443
19636	59	35	4120	81	0	4295
19637	67	4165	106	61	0	4399
19638	75	109	35	3820	0	4039
19639	74	45	11	3960	0	4090
19640	72	29	12	3655	0	3768
19641	67	26	14	3942	0	4049
19642	3902	20	16	137	0	4075
19643	3933	24	19	68	0	4044
19644	164	18	18	3846	0	4046
19645	62	25	3750	140	0	3977
19646	37	15	86	3836	0	3974
19647	43	7	43	3913	0	4006
19648	43	21	3791	161	0	4016
19649	56	9	99	3710	0	3874
19650	3744	17	35	133	0	3929
19651	3803	21	14	68	0	3906
19652	3779	25	8	52	0	3864
19653	160	23	8	3662	0	3853
19654	3605	11	8	134	0	3758
19655	3597	9	14	71	0	3691
19656	140	13	3509	46	0	3708
19657	29	10	2498	26	0	2563
19658	23	3	2548	9	0	2583
19659	2274	5	27	16	0	2322
19660	23	2358	12	5	0	2398
19661	2419	23	1	6	0	2449
19662	22	2691	5	7	0	2725
19663	11	34	2	2678	0	2725
19664	8	7	2	2736	0	2753
19665	9	2	3	2724	0	2738
19666	6	5	2654	43	0	2708
19667	2500	2	26	17	0	2545
19668	32	2	9	2656	0	2699
19669	7	3	2641	24	0	2675
19670	11	7	2501	12	0	2531
19671	2494	0	30	11	0	2535
19672	21	2652	14	9	0	2696
19673	2645	18	5	9	0	2677
19674	2602	7	0	6	0	2615
19675	32	2564	5	8	0	2609
19676	2520	18	2	7	0	2547
19677	26	14	2617	4	0	2661
19678	15	4	2500	1	0	2520
19679	10	4	2682	2	0	2698
19680	4	2	31	2631	0	2668
19681	2	6	2692	17	0	2717
19682	2608	3	19	13	0	2643
19683	2663	3	9	6	0	2681
19684	35	9	2702	1	0	2747
19685	15	4	21	2664	0	2704
19686	2695	1	11	26	0	2733
19687	18	2853	4	18	0	2893
19688	13	2881	8	6	0	2908
19689	2903	26	4	14	0	2947
19690	20	16	2953	4	0	2993
19691	11	2	11	2838	0	2862
19692	8	0	9	2928	0	2945
19693	5	0	3	2966	0	2974
19694	1	3002	6	21	0	3030
19695	3	14	0	2989	0	3006
19696	3164	11	2	16	0	3193
19697	17	6	2	3240	0	3265
19698	14	3258	3	16	0	3291
19699	3327	14	2	23	0	3366
19700	16	11	5	3345	0	3377
19701	19	4	3	3468	0	3494
19702	3503	1	4	32	0	3540
19703	3504	1	2	26	0	3533
19704	29	1	2	3435	0	3467
19705	3496	1	4	30	0	3531
19706	3517	1	2	16	0	3536
19707	42	3489	3	11	0	3545
19708	3528	26	1	10	0	3565
19709	30	3494	6	5	0	3535
19710	16	28	0	3489	0	3533
19711	10	22	3597	25	0	3654
19712	3	6	24	3588	0	3621
19713	7	1	15	3623	0	3646
19714	2	0	5	3734	0	3741
19715	3685	1	1	53	0	3740
19716	24	3717	2	33	0	3776
19717	3823	27	2	17	0	3869
19718	33	3928	5	4	0	3970
19719	4029	33	4	16	0	4082
19720	4071	20	1	18	0	4110
19721	4090	6	4	14	0	4114
19722	4059	3	2	12	0	4076
19723	62	3	4086	5	0	4156
19724	35	2	33	4122	0	4192
19725	11	2	23	4306	0	4342
19726	9	9	4199	58	0	4275
19727	4015	3	36	36	0	4090
19728	42	4	24	4174	0	4244
19729	30	8	4104	38	0	4180
19730	13	7	4073	29	0	4122
19731	8	3	62	4176	0	4249
19732	8	9	4212	41	0	4270
19733	5	3	40	4155	0	4203
19734	6	4	24	4178	0	4212
19735	7	4	4119	70	0	4200
19736	3873	3	37	36	0	3949
19737	47	2	25	4147	0	4221
19738	30	10	4180	42	0	4262
19739	16	4	37	4212	0	4269
19740	4206	5	29	52	0	4292
19741	42	6	4194	36	0	4278
19742	4100	4	39	20	0	4163
19743	4361	3	30	22	0	4416
19744	71	2	12	4344	0	4429
19745	41	2	6	4337	0	4386
19746	20	8	4327	72	0	4427
19747	8	7	43	4342	0	4400
19748	24	4	35	4160	0	4223
19749	11	4	9	4385	0	4409
19750	10	4	4244	74	0	4332
19751	4088	6	45	46	0	4185
19752	4266	2	37	29	0	4334
19753	4373	1	17	24	0	4415
19754	4450	1	10	24	0	4485
19755	75	4	9	4448	0	4536
19756	4389	4	12	49	0	4454
19757	4406	5	10	49	0	4470
19758	3872	10	15	40	0	3937
19759	4374	2	18	24	0	4418
19760	70	4367	18	23	0	4478
19761	4438	38	13	21	0	4510
19762	4322	29	8	20	0	4379
19763	76	4261	19	20	0	4376
19764	4353	46	9	19	0	4427
19765	63	30	7	4338	0	4438
19766	44	9	11	4379	0	4443
19767	4316	6	11	91	0	4424
19768	53	4282	10	51	0	4396
19769	41	4233	20	21	0	4315
19770	26	71	10	4319	0	4426
19771	17	34	4353	58	0	4462
19772	21	5	56	4272	0	4354
19773	15	5	30	4416	0	4466
19774	4344	3	14	77	0	4438
19775	4392	5	10	42	0	4449
19776	92	5	5	4379	0	4481
19777	46	5	4298	59	0	4408
19778	23	4	52	4386	0	4465
19779	4421	2	35	72	0	4530
19780	74	6	4608	35	0	4723
19781	37	4638	67	21	0	4763
19782	4776	56	32	23	0	4887
19783	78	30	18	4745	0	4871
19784	53	9	12	4792	0	4866
19785	39	6	10	4922	0	4977
19786	22	13	4772	105	0	4912
19787	4088	8	65	66	0	4227
19788	77	12	4615	31	0	4735
19789	42	4569	71	18	0	4700
19790	37	59	37	4564	0	4697
19791	33	50	12	4614	0	4709
19792	21	13	11	5034	0	5079
19793	24	8	4908	124	0	5064
19794	21	12	4804	59	0	4896
19795	23	8	4971	30	0	5032
19796	23	4921	116	19	0	5079
19797	26	90	46	4856	0	5018
19798	5045	37	14	97	0	5193
19799	5253	9	13	58	0	5333
19800	143	14	5553	29	0	5739
19801	69	5703	104	19	0	5895
19802	32	102	5848	19	0	6001
19803	17	5994	108	25	0	6144
19804	5826	113	67	27	0	6033
19805	5819	57	17	27	0	5920
19806	139	5769	24	20	0	5952
19807	5898	92	10	28	0	6028
19808	120	59	15	5849	0	6043
19809	66	18	12	5952	0	6048
19810	5941	14	12	152	0	6119
19811	5814	11	13	67	0	5905
19812	5831	13	11	30	0	5885
19813	149	5715	16	28	0	5908
19814	63	5850	20	38	0	5971
19815	5827	130	14	40	0	6011
19816	123	55	5779	15	0	5972
19817	81	54	96	5636	0	5867
19818	5564	27	55	108	0	5754
19819	100	5464	26	57	0	5647
19820	54	5665	22	25	0	5766
19821	5601	132	14	36	0	5783
19822	108	57	5485	24	0	5674
19823	5273	32	101	16	0	5422
19824	114	14	5319	19	0	5466
19825	56	17	5380	16	0	5469
19826	23	22	126	5330	0	5501
19827	20	19	5554	96	0	5689
19828	5488	7	101	55	0	5651
19829	5743	8	55	27	0	5833
19830	5825	13	19	11	0	5868
19831	5793	9	18	12	0	5832
19832	138	13	16	5656	0	5823
19833	5679	12	12	107	0	5810
19834	109	5650	20	50	0	5829
19835	69	97	15	5419	0	5600
19836	38	5811	20	84	0	5953
19837	5997	95	19	56	0	6167
19838	6035	50	13	22	0	6120
19839	154	16	10	5975	0	6155
19840	6050	16	16	112	0	6194
19841	6130	13	9	59	0	6211
19842	147	15	20	6052	0	6234
19843	74	27	13	6055	0	6169
19844	57	13	20	6094	0	6184
19845	37	34	5877	137	0	6085
19846	43	21	5681	56	0	5801
19847	44	33	5929	20	0	6026
19848	40	23	133	5866	0	6062
19849	43	23	6026	110	0	6202
19850	38	14	109	5946	0	6107
19851	31	14	6453	128	0	6626
19852	39	18	6229	56	0	6342
19853	5967	26	150	36	0	6179
19854	116	6269	71	19	0	6475
19855	6346	105	25	29	0	6505
19856	119	59	28	6310	0	6516
19857	90	16	21	6352	0	6479
19858	52	18	6381	134	0	6585
19859	32	6372	116	76	0	6596
19860	52	118	52	6425	0	6647
19861	40	72	6489	104	0	6705
19862	41	6481	108	53	0	6683
19863	64	104	50	6477	0	6695
19864	6464	56	37	98	0	6655
19865	6512	25	22	53	0	6612
19866	142	20	29	6519	0	6710
19867	6527	17	21	111	0	6676
19868	119	6502	23	69	0	6713
19869	80	98	19	6569	0	6766
19870	59	54	6730	98	0	6941
19871	62	28	96	6730	0	6916
19872	48	23	6756	114	0	6941
19873	6524	17	102	72	0	6715
19874	121	15	47	6735	0	6918
19875	75	6824	31	108	0	7038
19876	48	101	19	6995	0	7163
19877	39	57	6858	119	0	7073
19878	39	32	6775	63	0	6909
19879	39	24	6702	32	0	6797
19880	6254	22	148	31	0	6455
19881	91	6528	61	33	0	6713
19882	59	84	31	6455	0	6629
19883	6487	37	46	101	0	6671
19884	86	6457	44	56	0	6643
19885	6674	74	34	60	0	6842
19886	6762	43	30	36	0	6871
19887	6872	14	25	31	0	6942
19888	6896	22	23	27	0	6968
19889	133	14	6733	29	0	6909
19890	6485	10	90	36	0	6621
19891	96	22	6670	22	0	6810
19892	5411	19	76	30	0	5536
19893	104	7	38	6306	0	6455
19894	48	17	6178	65	0	6308
19895	32	6066	67	40	0	6205
19896	44	196	47	5788	0	6075
19897	32	6023	17	42	0	6114
19898	15	6038	15	44	0	6112
19899	5521	40	34	33	0	5628
19900	37	17	5440	16	0	5510
19901	14	5212	29	10	0	5265
19902	5031	22	26	17	0	5096
19903	21	5089	3	8	0	5121
19904	5096	18	7	10	0	5131
19905	23	22	3	5056	0	5104
19906	5137	2	3	30	0	5172
19907	23	4	5	5069	0	5101
19908	5076	8	3	33	0	5120
19909	25	3	2	5072	0	5102
19910	11	5208	10	21	0	5250
19911	11	25	6	5298	0	5340
19912	5276	6	6	29	0	5317
19913	21	5262	10	13	0	5306
19914	15	19	3	5260	0	5297
19915	5295	10	3	32	0	5340
19916	28	6	2	5342	0	5378
19917	10	4	5	5331	0	5350
19918	12	4	5394	26	0	5436
19919	14	12	5256	7	0	5289
19920	9	4	25	5260	0	5298
19921	9	13	5626	24	0	5672
19922	12	8	20	5612	0	5652
19923	8	4	9	5392	0	5413
19924	7	4	4	5662	0	5677
19925	10	14	5575	26	0	5625
19926	14	4	17	5396	0	5431
19927	8	3	9	5466	0	5486
19928	11	5447	11	22	0	5491
19929	4	18	7	5485	0	5514
19930	5440	13	5	41	0	5499
19931	27	6	9	5641	0	5683
19932	19	9	6466	45	0	6539
19933	6047	4	62	32	0	6145
19934	65	6854	38	27	0	6984
19935	42	66	15	6981	0	7104
19936	28	40	6852	78	0	6998
19937	6296	16	78	56	0	6446
19938	73	6730	52	28	0	6883
19939	6747	78	19	12	0	6856
19940	95	40	6	6673	0	6814
19941	6615	22	8	88	0	6733
19942	96	19	6587	44	0	6746
19943	50	6493	76	23	0	6642
19944	30	6965	45	16	0	7056
19945	7047	104	22	29	0	7202
19946	7090	52	6	24	0	7172
19947	112	31	7020	13	0	7176
19948	6863	15	66	20	0	6964
19949	7012	4	44	20	0	7080
19950	6982	6	18	19	0	7025
19951	122	6628	9	7	0	6766
19952	64	6761	10	12	0	6847
19953	6755	110	3	16	0	6884
19954	6730	58	7	22	0	6817
19955	108	6788	12	9	0	6917
19956	59	83	7	6801	0	6950
19957	34	47	6879	78	0	7038
19958	6708	19	79	73	0	6879
19959	6359	25	57	55	0	6496
19960	7183	11	29	39	0	7262
19961	124	6993	21	13	0	7151
19962	68	83	6926	15	0	7092
19963	6983	40	81	18	0	7122
19964	91	23	42	7086	0	7242
19965	60	16	23	7200	0	7299
19966	42	5	14	7252	0	7313
19967	16	12	7163	140	0	7331
19968	31	10	76	7093	0	7210
19969	12	16	7204	104	0	7336
19970	14	6911	92	71	0	7088
19971	6791	70	45	38	0	6944
19972	73	6903	26	17	0	7019
19973	45	6981	14	21	0	7061
19974	6905	109	16	23	0	7053
19975	81	7105	9	13	0	7208
19976	60	91	6	7003	0	7160
19977	34	7077	9	67	0	7187
19978	6933	95	9	67	0	7104
19979	89	7009	8	22	0	7128
19980	62	118	3	7084	0	7267
19981	26	57	7033	98	0	7214
19982	26	30	80	7104	0	7240
19983	14	7143	54	120	0	7331
19984	16	97	29	7263	0	7405
19985	19	41	9	7190	0	7259
19986	31	27	11	7152	0	7221
19987	29	9	9	7356	0	7403
19988	21	15	9	7424	0	7469
19989	21	10	12	7445	0	7488
19990	21	28	7265	172	0	7486
19991	7000	13	105	108	0	7226
19992	119	13	62	7794	0	7988
19993	71	21	7753	141	0	7986
19994	36	22	7738	77	0	7873
19995	30	17	171	7801	0	8019
19996	7885	13	87	146	0	8131
19997	131	32	7717	81	0	7961
19998	7704	14	137	60	0	7915
19999	158	30	7921	18	0	8127
20000	91	24	139	7805	0	8059
20001	71	20	71	8028	0	8190
20002	33	34	7876	181	0	8124
20003	7478	19	139	104	0	7740
20004	152	26	74	7828	0	8080
20005	93	18	7856	138	0	8105
20006	59	27	7902	84	0	8072
20007	65	18	190	7263	0	7536
20008	37	7818	109	111	0	8075
20009	7997	129	37	96	0	8259
20010	7962	73	34	53	0	8122
20011	204	46	7947	26	0	8223
20012	115	26	137	7783	0	8061
20013	7939	22	71	168	0	8200
20014	153	33	7948	88	0	8222
20015	7664	13	141	63	0	7881
20016	156	7780	92	51	0	8079
20017	90	126	53	8002	0	8271
20018	61	64	32	8015	0	8172
20019	8098	33	42	220	0	8393
20020	163	21	37	8180	0	8401
20021	98	25	23	7982	0	8128
20022	62	19	21	8098	0	8200
20023	7812	15	35	253	0	8115
20024	160	27	7853	123	0	8163
20025	7798	21	144	80	0	8043
20026	7922	17	89	70	0	8098
20027	8026	18	50	75	0	8169
20028	231	31	35	7879	0	8176
20029	126	30	8016	167	0	8339
20030	71	7790	171	108	0	8140
20031	44	7918	87	73	0	8122
20032	35	7326	34	52	0	7447
20033	35	140	7369	53	0	7597
20034	50	87	122	8445	0	8704
20035	8769	24	60	200	0	9053
20036	9317	16	33	115	0	9481
20037	253	18	31	9637	0	9939
20038	137	23	9592	211	0	9963
20039	48	21	9625	130	0	9824
20040	50	7	266	9655	0	9978
20041	34	18	9813	205	0	10070
20042	46	7	212	9907	0	10172
20043	51	10	117	9713	0	9891
20044	29	9690	68	290	0	10077
20045	53	186	38	9769	0	10046
20046	39	91	48	9997	0	10175
20047	9799	33	29	324	0	10185
20048	221	16	32	9908	0	10177
20049	141	20	33	9916	0	10110
20050	9696	13	41	327	0	10077
20051	199	9608	50	185	0	10042
20052	9808	183	36	90	0	10117
20053	232	104	9638	67	0	10041
20054	9658	35	214	74	0	9981
20055	9710	20	128	77	0	9935
20056	330	26	9528	48	0	9932
20057	173	35	9419	53	0	9680
20058	102	23	310	9117	0	9552
20059	9042	8	171	238	0	9459
20060	232	27	8953	161	0	9373
20061	153	17	236	8952	0	9358
20062	82	22	8969	234	0	9307
20063	85	24	257	8828	0	9194
20064	82	17	140	8911	0	9150
20065	8927	26	79	346	0	9378
20066	9049	22	57	198	0	9326
20067	9158	26	46	118	0	9348
20068	351	31	8921	89	0	9392
20069	186	28	8948	90	0	9252
20070	110	21	308	8807	0	9246
20071	92	22	178	8969	0	9261
20072	121	24	89	9119	0	9353
20073	8732	26	71	369	0	9198
20074	238	8729	92	198	0	9257
20075	8647	185	71	113	0	9016
20076	8439	103	50	108	0	8700
20077	319	8359	72	88	0	8838
20078	175	8484	66	92	0	8817
20079	8334	256	67	109	0	8766
20080	243	128	48	8081	0	8500
20081	166	8160	58	268	0	8652
20082	138	188	48	8252	0	8626
20083	118	120	8079	279	0	8596
20084	138	55	220	8154	0	8567
20085	8043	28	175	298	0	8544
20086	247	30	7946	208	0	8431
20087	171	39	7888	149	0	8247
20088	155	120	315	7055	0	7645
20089	90	7397	203	248	0	7938
20090	82	7493	122	197	0	7894
20091	79	7683	96	166	0	8024
20092	7330	241	69	165	0	7805
20093	7391	117	58	150	0	7716
20094	7204	49	57	169	0	7479
20095	301	7114	62	179	0	7656
20096	7240	158	66	153	0	7617
20097	7246	113	52	129	0	7540
20098	319	76	7035	112	0	7542
20099	216	6900	204	98	0	7418
20100	158	171	151	6970	0	7450
20101	7019	110	95	221	0	7445
20102	256	61	6935	168	0	7420
20103	207	33	212	6711	0	7163
20104	117	6825	182	267	0	7391
20105	131	153	118	6877	0	7279
20106	124	93	99	6911	0	7227
20107	6930	53	101	338	0	7422
20108	7018	40	101	215	0	7374
20109	312	45	92	6858	0	7307
20110	182	61	6794	258	0	7295
20111	129	57	6721	198	0	7105
20112	6693	54	250	153	0	7150
20113	312	60	6794	99	0	7265
20114	245	58	216	6010	0	6529
20115	173	6552	192	176	0	7093
20116	6543	163	132	166	0	7004
20117	253	6534	109	115	0	7011
20118	6649	182	92	167	0	7090
20119	252	111	90	6567	0	7020
20120	188	70	80	6632	0	6970
20121	6592	65	66	300	0	7023
20122	6658	75	64	190	0	6987
20123	366	81	62	6524	0	7033
20124	260	80	52	6585	0	6977
20125	159	99	6438	265	0	6961
20126	126	88	6373	173	0	6760
20127	6302	83	246	125	0	6756
20128	225	84	6091	134	0	6534
20129	6101	59	176	127	0	6463
20130	6207	43	149	130	0	6529
20131	295	55	5920	108	0	6378
20132	177	5667	197	100	0	6141
20133	121	5706	145	78	0	6050
20134	106	100	4368	38	0	4612
20135	137	325	180	3677	0	4319
20136	3477	37	125	118	0	3757
20137	3399	18	8	32	0	3457
20138	3830	10	12	26	0	3878
20139	4590	14	8	29	0	4641
20140	4607	9	11	24	0	4651
20141	115	4643	21	19	0	4798
20142	4469	79	18	17	0	4583
20143	89	4446	14	16	0	4565
20144	4346	66	6	10	0	4428
20145	91	33	4249	12	0	4385
20146	47	13	66	4158	0	4284
20147	34	8	29	3990	0	4061
20148	13	4147	7	80	0	4247
20149	4216	69	26	33	0	4344
20150	4237	34	8	14	0	4293
20151	108	9	4	4121	0	4242
20152	41	7	7	4179	0	4234
20153	4123	6	7	106	0	4242
20154	88	7	3	4148	0	4246
20155	45	13	2	4185	0	4245
20156	4140	4	3	108	0	4255
20157	92	3	4	4129	0	4228
20158	4162	4	2	91	0	4259
20159	4187	5	2	48	0	4242
20160	114	3	4096	16	0	4229
20161	4154	3	63	26	0	4246
20162	4134	4	26	25	0	4189
20163	4147	8	5	13	0	4173
20164	108	12	3917	13	0	4050
20165	57	4	75	3861	0	3997
20166	37	3	28	3972	0	4040
20167	23	9	3875	96	0	4003
20168	3800	3	73	32	0	3908
20169	102	6	31	3797	0	3936
20170	51	5	3764	85	0	3905
20171	27	3	3833	40	0	3903
20172	28	6	95	3798	0	3927
20173	22	6	3833	92	0	3953
20174	29	6	81	3821	0	3937
20175	25	10	38	3880	0	3953
20176	17	3	3814	112	0	3946
20177	19	5	85	3610	0	3719
20178	27	3675	44	81	0	3827
20179	22	3888	22	53	0	3985
20180	3848	97	24	24	0	3993
20181	3812	31	16	33	0	3892
20182	117	3790	16	24	0	3947
20183	3787	81	18	16	0	3902
20184	3828	34	6	26	0	3894
20185	124	20	5	3740	0	3889
20186	63	21	8	3811	0	3903
20187	3671	14	15	106	0	3806
20188	102	3633	13	52	0	3800
20189	59	3704	14	29	0	3806
20190	51	96	10	3675	0	3832
20191	45	32	3688	91	0	3856
20192	3528	14	78	59	0	3679
20193	3637	15	35	38	0	3725
20194	3543	21	16	32	0	3612
20195	140	3523	14	23	0	3700
20196	78	89	15	3481	0	3663
20197	52	38	14	3624	0	3728
20198	3537	19	23	116	0	3695
20199	120	3524	12	54	0	3710
20200	87	81	10	3445	0	3623
20201	61	32	14	3525	0	3632
20202	62	25	15	3527	0	3629
20203	3411	17	8	135	0	3571
20204	117	3387	18	65	0	3587
20205	103	98	10	3182	0	3393
20206	45	3364	28	102	0	3539
20207	3331	80	18	77	0	3506
20208	113	44	3294	62	0	3513
20209	3213	61	86	60	0	3420
20210	123	23	3172	44	0	3362
20211	72	36	98	3064	0	3270
20212	3099	14	54	103	0	3270
20213	112	16	3072	58	0	3258
20214	3107	10	76	51	0	3244
20215	3148	6	55	46	0	3255
20216	3160	11	20	47	0	3238
20217	134	4	28	3054	0	3220
20218	79	4	31	3061	0	3175
20219	72	6	21	3089	0	3188
20220	2974	13	22	130	0	3139
20221	112	3046	31	65	0	3254
20222	3087	56	24	48	0	3215
20223	3150	24	21	48	0	3243
20224	123	19	3029	39	0	3210
20225	3041	13	76	35	0	3165
20226	3147	12	39	50	0	3248
20227	133	15	26	3115	0	3289
20228	63	16	28	3148	0	3255
20229	53	10	28	3124	0	3215
20230	3020	10	28	111	0	3169
20231	3037	9	28	68	0	3142
20232	2871	4	25	51	0	2951
20233	96	2689	33	49	0	2867
20234	39	2498	24	36	0	2597
20235	22	2504	19	44	0	2589
20236	2475	64	29	36	0	2604
20237	68	32	2404	37	0	2541
20238	33	29	1954	37	0	2053
20239	1187	2	23	10	0	1222
20240	15	3	1274	8	0	1300
20241	4	0	5	1048	0	1057
20242	4	1037	2	5	0	1048
20243	1075	6	2	5	0	1088
20244	1072	2	0	3	0	1077
20245	1064	3	0	0	0	1067
20246	10	1	2	1202	0	1215
20247	6	3	1257	5	0	1271
20248	5	2	1247	3	0	1257
20249	1227	0	7	9	0	1243
20250	1302	0	2	2	0	1306
20251	1306	2	4	5	0	1317
20252	11	0	0	1340	0	1351
20253	7	0	0	1345	0	1352
20254	4	1	1338	6	0	1349
20255	1315	2	3	5	0	1325
20256	7	1	1	1371	0	1380
20257	4	1	1	1358	0	1364
20258	6	1	0	1334	0	1341
20259	1	1382	6	13	0	1402
20260	3	6	1	1383	0	1393
20261	5	1	0	1385	0	1391
20262	1367	3	1	8	0	1379
20263	7	13	1345	3	0	1368
20264	1325	3	5	3	0	1336
20265	1383	1	3	6	0	1393
20266	9	0	2	1372	0	1383
20267	6	1	1	1370	0	1378
20268	1370	0	1	7	0	1378
20269	8	5	1351	3	0	1367
20270	4	1359	5	3	0	1371
20271	7	9	0	1342	0	1358
20272	1344	0	2	7	0	1353
20273	7	2	1	1314	0	1324
20274	2	1	1317	6	0	1326
20275	4	5	1331	3	0	1343
20276	1330	1	3	6	0	1340
20277	4	1	3	1412	0	1420
20278	5	2	1420	5	0	1432
20279	1396	1	3	9	0	1409
20280	1480	0	2	13	0	1495
20281	6	1	2	1505	0	1514
20282	2	0	0	1518	0	1520
20283	2	1500	3	7	0	1512
20284	1550	2	1	8	0	1561
20285	4	1	2	1561	0	1568
20286	5	1	0	1590	0	1596
20287	4	2	1651	3	0	1660
20288	1531	0	2	6	0	1539
20289	1633	0	1	5	0	1639
20290	3	1615	2	2	0	1622
20291	1	3	1608	1	0	1613
20292	3	6	1602	1	0	1612
20293	1	3	3	1594	0	1601
20294	1681	0	1	11	0	1693
20295	0	3	1	1671	0	1675
20296	1714	0	1	10	0	1725
20297	1728	0	1	6	0	1735
20298	1745	0	0	10	0	1755
20299	2	0	0	1788	0	1790
20300	2	0	1	1840	0	1843
20301	1852	0	0	6	0	1858
20302	1	3	1870	0	0	1874
20303	1730	0	2	9	0	1741
20304	1797	2	1	8	0	1808
20305	1	5	1887	2	0	1895
20306	2	4	1884	2	0	1892
20307	0	1893	1	3	0	1897
20308	2	1	0	1920	0	1923
20309	1688	3	8	4	0	1703
20310	0	0	1	1923	0	1924
20311	4	6	1930	0	0	1940
20312	2	1895	1	1	0	1899
20313	1	1892	1	3	0	1897
20314	2	0	1	1974	0	1977
20315	2	0	2	1950	0	1954
20316	0	1971	3	0	0	1974
20317	0	2	1952	2	0	1956
20318	1835	0	1	5	0	1841
20319	2012	0	0	6	0	2018
20320	0	2029	2	2	0	2033
20321	1936	2	2	5	0	1945
20322	2	2	2	1902	0	1908
20323	1887	2	0	6	0	1895
20324	4	0	0	1908	0	1912
20325	1	2041	0	5	0	2047
20326	2	7	2067	2	0	2078
20327	3	2	6	2378	0	2389
20328	4	1	3	2393	0	2401
20329	2	0	0	2538	0	2540
20330	2603	1	1	29	0	2634
20331	23	2	1	2638	0	2664
20332	10	7	2775	19	0	2811
20333	2	2	2881	12	0	2897
20334	2946	0	35	3	0	2984
20335	28	1	3037	2	0	3068
20336	3026	0	29	8	0	3063
20337	30	1	11	3199	0	3241
20338	12	1	2	3294	0	3309
20339	4	0	3	3456	0	3463
20340	5	0	1	3445	0	3451
20341	3365	3	2	62	0	3432
20342	42	3	3423	23	0	3491
20343	21	2	41	3367	0	3431
20344	4	3477	19	38	0	3538
20345	3473	40	4	25	0	3542
20346	45	17	2	3347	0	3411
20347	3297	3	3	52	0	3355
20348	45	5	3254	20	0	3324
20349	20	2	43	3129	0	3194
20350	6	3214	23	52	0	3295
20351	3233	42	4	28	0	3307
20352	48	15	3203	15	0	3281
20353	25	4	46	3178	0	3253
20354	10	3	21	3239	0	3273
20355	3205	3	7	67	0	3282
20356	52	2	3187	29	0	3270
20357	27	6	3223	14	0	3270
20358	19	0	66	3195	0	3280
20359	15	3	3184	54	0	3256
20360	9	5	3256	30	0	3300
20361	14	4	64	3183	0	3265
20362	12	2	23	3248	0	3285
20363	13	2	11	3367	0	3393
20364	3306	1	7	82	0	3396
20365	51	3337	11	47	0	3446
20366	3380	47	7	25	0	3459
20367	56	24	13	3354	0	3447
20368	33	3383	10	62	0	3488
20369	17	52	10	3477	0	3556
20370	3588	20	10	77	0	3695
20371	64	3700	19	40	0	3823
20372	39	61	9	3816	0	3925
20373	18	32	3844	76	0	3970
20374	3831	9	74	48	0	3962
20375	79	9	36	3899	0	4023
20376	44	8	17	3927	0	3996
20377	26	8	3879	104	0	4017
20378	13	8	3880	51	0	3952
20379	3771	7	97	40	0	3915
20380	72	3791	48	32	0	3943
20381	49	63	27	3794	0	3933
20382	3794	31	25	80	0	3930
20383	75	14	3813	51	0	3953
20384	35	3780	89	31	0	3935
20385	24	68	40	3794	0	3926
20386	3830	31	17	101	0	3979
20387	3752	10	14	65	0	3841
20388	3839	10	11	36	0	3896
20389	104	3740	18	28	0	3890
20390	50	75	3722	23	0	3870
20391	30	40	76	3776	0	3922
20392	30	22	43	3541	0	3636
20393	26	12	17	3878	0	3933
20394	22	10	21	3844	0	3897
20395	3772	13	18	120	0	3923
20396	3769	10	19	63	0	3861
20397	112	10	3701	41	0	3864
20398	53	10	3667	35	0	3765
20399	3577	9	111	32	0	3729
20400	3629	10	55	34	0	3728
20401	114	10	28	3471	0	3623
20402	51	3548	28	107	0	3734
20403	3548	71	20	60	0	3699
20404	82	3514	20	47	0	3663
20405	49	3524	19	42	0	3634
20406	34	96	15	3567	0	3712
20407	39	43	15	3635	0	3732
20408	29	18	26	3654	0	3727
20409	39	14	23	3647	0	3723
20410	30	18	3525	124	0	3697
20411	3494	19	75	59	0	3647
20412	3619	19	39	35	0	3712
20413	123	13	20	3537	0	3693
20414	68	15	23	3522	0	3628
20415	3468	19	23	120	0	3630
20416	87	19	3341	67	0	3514
20417	3453	9	73	40	0	3575
20418	3497	11	39	42	0	3589
20419	108	13	3395	48	0	3564
20420	3454	7	82	48	0	3591
20421	100	8	55	3485	0	3648
20422	76	6	28	3519	0	3629
20423	42	14	24	3549	0	3629
20424	45	11	19	3511	0	3586
20425	3299	9	16	112	0	3436
20426	104	9	16	3177	0	3306
20427	46	9	14	2843	0	2912
20428	20	2699	12	86	0	2817
20429	20	2711	14	44	0	2789
20430	24	53	13	2630	0	2720
20431	2598	22	3	61	0	2684
20432	66	9	10	2436	0	2521
20433	30	11	2267	60	0	2368
20434	19	12	2172	29	0	2232
20435	2114	3	62	23	0	2202
20436	47	2158	26	22	0	2253
20437	1985	34	30	17	0	2066
20438	40	17	1935	26	0	2018
20439	35	71	42	1752	0	1900
20440	1756	7	21	31	0	1815
20441	29	1738	14	24	0	1805
20442	1719	20	11	19	0	1769
20443	38	25	1886	11	0	1960
20444	25	2	27	1869	0	1923
20445	17	4	13	1931	0	1965
20446	1970	7	9	52	0	2038
20447	1995	7	9	18	0	2029
20448	2048	2	7	24	0	2081
20449	2055	7	3	13	0	2078
20450	2053	6	2	18	0	2079
20451	38	2043	6	14	0	2101
20452	27	24	2	2068	0	2121
20453	2094	12	3	32	0	2141
20454	31	5	11	2103	0	2150
20455	19	2	6	2115	0	2142
20456	19	1	2	2125	0	2147
20457	12	2080	7	45	0	2144
20458	2104	23	3	31	0	2161
20459	37	18	5	2063	0	2123
20460	2005	4	7	34	0	2050
20461	1986	5	5	24	0	2020
20462	38	1959	11	17	0	2025
20463	1954	20	6	11	0	1991
20464	34	17	1901	11	0	1963
20465	1894	5	20	11	0	1930
20466	27	6	20	1894	0	1947
20467	24	6	1974	24	0	2028
20468	12	1976	21	22	0	2031
20469	23	16	1949	7	0	1995
20470	4	1753	12	8	0	1777
20471	1631	16	36	14	0	1697
20472	1616	4	1	14	0	1635
20473	1571	2	1	4	0	1578
20474	7	1565	1	0	0	1573
20475	1516	2	0	3	0	1521
20476	5	5	1543	0	0	1553
20477	2	2	1565	1	0	1570
20478	1	0	3	1554	0	1558
20479	2	0	2	1657	0	1661
20480	3	1658	1	7	0	1669
20481	1665	3	0	6	0	1674
20482	7	3	0	1689	0	1699
20483	2	1702	1	8	0	1713
20484	3	6	0	1745	0	1754
20485	1732	3	0	8	0	1743
20486	1665	0	1	9	0	1675
20487	8	6	1601	0	0	1615
20488	5	1	3	1630	0	1639
20489	0	3	1629	9	0	1641
20490	2	2	3	1636	0	1643
20491	1	3	1629	7	0	1640
20492	5	0	7	1645	0	1657
20493	4	2	1680	7	0	1693
20494	3	0	6	1679	0	1688
20495	3	2	1681	6	0	1692
20496	1	1	6	1656	0	1664
20497	2	0	3	1694	0	1699
20498	2	1758	2	11	0	1773
20499	2	8	2	1789	0	1801
20500	3	6	1802	9	0	1820
20501	1	0	9	1795	0	1805
20502	1	2	4	1811	0	1818
20503	1809	0	4	23	0	1836
20504	9	0	2	1848	0	1859
20505	5	0	3	1817	0	1825
20506	0	4	1776	13	0	1793
20507	1741	0	9	13	0	1763
20508	9	1	6	1839	0	1855
20509	4	0	1	1854	0	1859
20510	3	1	3	1863	0	1870
20511	1858	1	1	19	0	1879
20512	8	1	4	1877	0	1890
20513	4	0	0	1898	0	1902
20514	1894	0	2	19	0	1915
20515	11	1895	2	6	0	1914
20516	5	7	1	1895	0	1908
20517	6	5	0	1915	0	1926
20518	1	5	1870	16	0	1892
20519	1507	3	13	9	0	1532
20520	8	1	3	1848	0	1860
20521	3	3	1799	13	0	1818
20522	1817	0	10	10	0	1837
20523	11	0	2	1889	0	1902
20524	3	0	0	1972	0	1975
20525	1	1	3	1986	0	1991
20526	9	0	0	2016	0	2025
20527	2	5	2191	20	0	2218
20528	3	0	16	2220	0	2239
20529	6	0	12	2747	0	2765
20530	8	5	3086	50	0	3149
20531	3189	1	43	25	0	3258
20532	3313	1	25	18	0	3357
20533	3355	1	11	4	0	3371
20534	88	2	2	3294	0	3386
20535	3341	0	3	48	0	3392
20536	3387	0	3	31	0	3421
20537	79	1	2	3348	0	3430
20538	3395	1	2	58	0	3456
20539	3360	0	1	36	0	3397
20540	3375	1	6	17	0	3399
20541	3419	2	1	8	0	3430
20542	91	1	2	3300	0	3394
20543	45	3091	5	50	0	3191
20544	18	3111	6	39	0	3174
20545	7	3189	2	24	0	3222
20546	3077	80	5	10	0	3172
20547	3154	40	4	17	0	3215
20548	75	16	3079	14	0	3184
20549	3132	3	53	11	0	3199
20550	72	3	28	3192	0	3295
20551	47	3	11	3178	0	3239
20552	32	0	5	3216	0	3253
20553	3126	3	3	99	0	3231
20554	64	2	1	3143	0	3210
20555	38	3085	6	68	0	3197
20556	22	48	3	3137	0	3210
20557	21	30	3160	66	0	3277
20558	19	10	52	3188	0	3269
20559	3182	4	29	71	0	3286
20560	70	3	3191	34	0	3298
20561	46	3	51	3205	0	3305
20562	21	6	26	3202	0	3255
20563	15	10	12	3228	0	3265
20564	10	3221	8	88	0	3327
20565	20	49	4	3261	0	3334
20566	3217	24	4	72	0	3317
20567	3128	12	10	41	0	3191
20568	84	9	3045	20	0	3158
20569	47	8	3062	15	0	3132
20570	28	1	73	3078	0	3180
20571	21	2	36	3172	0	3231
20572	17	7	3145	84	0	3253
20573	17	4	57	3031	0	3109
20574	15	3130	29	65	0	3239
20575	3273	50	12	44	0	3379
20576	3233	28	14	22	0	3297
20577	3209	15	5	22	0	3251
20578	112	7	3215	16	0	3350
20579	54	4	64	3204	0	3326
20580	27	7	3221	65	0	3320
20581	3120	5	64	44	0	3233
20582	64	3182	38	26	0	3310
20583	47	55	15	3199	0	3316
20584	3168	29	8	67	0	3272
20585	70	10	11	3165	0	3256
20586	50	8	7	3247	0	3312
20587	34	9	3173	93	0	3309
20588	3030	8	67	55	0	3160
20589	81	3169	33	29	0	3312
20590	54	48	19	3210	0	3331
20591	3223	31	13	66	0	3333
20592	75	18	11	3215	0	3319
20593	3177	10	5	82	0	3274
20594	86	3172	9	46	0	3313
20595	3268	47	7	49	0	3371
20596	86	34	3273	21	0	3414
20597	3284	20	55	28	0	3387
20598	3280	10	33	31	0	3354
20599	3353	16	24	32	0	3425
20600	114	7	13	3238	0	3372
20601	76	19	9	3146	0	3250
20602	51	16	5	3264	0	3336
20603	32	3180	13	94	0	3319
20604	3217	51	6	68	0	3342
20605	86	32	10	3203	0	3331
20606	56	19	16	3236	0	3327
20607	49	14	10	3224	0	3297
20608	3156	13	9	109	0	3287
20609	84	8	5	3196	0	3293
20610	47	14	3115	92	0	3268
20611	35	3115	57	62	0	3269
20612	23	48	35	3200	0	3306
20613	26	44	20	3232	0	3322
20614	21	24	10	3291	0	3346
20615	16	11	3174	106	0	3307
20616	29	13	3124	66	0	3232
20617	27	12	79	3188	0	3306
20618	36	8	3266	75	0	3385
20619	23	9	64	3335	0	3431
20620	3374	4	39	98	0	3515
20621	3468	8	26	70	0	3572
20622	3458	16	13	43	0	3530
20623	106	13	3354	33	0	3506
20624	3284	11	57	27	0	3379
20625	84	8	35	3358	0	3485
20626	51	9	3319	69	0	3448
20627	40	11	3226	35	0	3312
20628	22	3191	76	44	0	3333
20629	16	2770	37	18	0	2841
20630	2383	25	45	29	0	2482
20631	26	7	1	2324	0	2358
20632	11	7	2314	19	0	2351
20633	13	2	14	2362	0	2391
20634	2372	5	9	25	0	2411
20635	20	9	2662	13	0	2704
20636	2691	5	20	20	0	2736
20637	2884	4	12	21	0	2921
20638	2886	2	5	17	0	2910
20639	37	2853	12	10	0	2912
20640	2949	24	5	14	0	2992
20641	30	22	8	2952	0	3012
20642	28	4	7	2946	0	2985
20643	19	2	2	2975	0	2998
20644	11	2	7	2977	0	2997
20645	2903	1	4	55	0	2963
20646	28	2833	10	28	0	2899
20647	22	2759	5	16	0	2802
20648	10	2831	9	16	0	2866
20649	2850	40	5	13	0	2908
20650	2839	17	4	16	0	2876
20651	2857	6	3	15	0	2881
20652	2853	5	5	19	0	2882
20653	50	6	9	2842	0	2907
20654	27	5	5	2872	0	2909
20655	2853	4	4	51	0	2912
20656	27	2822	10	26	0	2885
20657	2794	25	4	18	0	2841
20658	2849	21	7	22	0	2899
20659	51	8	3	2820	0	2882
20660	25	2869	8	34	0	2936
20661	22	28	11	2942	0	3003
20662	2873	22	6	49	0	2950
20663	41	11	2911	25	0	2988
20664	38	3	28	2842	0	2911
20665	16	2923	21	32	0	2992
20666	2927	29	4	32	0	2992
20667	2884	17	1	21	0	2923
20668	51	14	2910	11	0	2986
20669	23	2838	29	17	0	2907
20670	16	29	2887	13	0	2945
20671	17	26	29	2807	0	2879
20672	10	8	2831	32	0	2881
20673	10	5	2762	19	0	2796
20674	10	2719	37	15	0	2781
20675	2753	25	19	14	0	2811
20676	2788	16	5	22	0	2831
20677	43	2839	5	11	0	2898
20678	27	2781	6	5	0	2819
20679	18	47	2654	4	0	2723
20680	10	24	2636	5	0	2675
20681	15	15	2743	7	0	2780
20682	9	5	48	2698	0	2760
20683	8	9	2747	33	0	2797
20684	10	4	35	2734	0	2783
20685	12	5	18	2740	0	2775
20686	19	7	2763	41	0	2830
20687	8	2770	33	29	0	2840
20688	9	29	24	2770	0	2832
20689	2745	24	8	32	0	2809
20690	43	8	3	2790	0	2844
20691	27	5	2797	35	0	2864
20692	16	2755	34	21	0	2826
20693	10	2941	22	13	0	2986
20694	17	46	11	2861	0	2935
20695	2840	19	4	44	0	2907
20696	2843	9	9	23	0	2884
20697	49	11	10	2796	0	2866
20698	30	3014	7	33	0	3084
20699	28	40	4	3008	0	3080
20700	22	19	5	3129	0	3175
20701	17	13	4	3136	0	3170
20702	3194	7	8	75	0	3284
20703	54	3231	11	30	0	3326
20704	3258	52	11	20	0	3341
20705	3291	23	4	22	0	3340
20706	3303	14	4	22	0	3343
20707	3368	8	5	14	0	3395
20708	86	12	2	3295	0	3395
20709	45	6	3308	61	0	3420
20710	15	3300	55	35	0	3405
20711	3372	54	26	15	0	3467
20712	3412	25	7	28	0	3472
20713	3478	10	9	20	0	3517
20714	93	7	3330	7	0	3437
20715	3344	12	54	16	0	3426
20716	3427	11	25	13	0	3476
20717	98	8	6	3368	0	3480
20718	43	9	3307	66	0	3425
20719	22	3239	58	33	0	3352
20720	18	56	32	3188	0	3294
20721	3166	30	12	70	0	3278
20722	64	14	9	3170	0	3257
20723	39	12	4	3264	0	3319
20724	3295	8	6	83	0	3392
20725	66	8	3231	38	0	3343
20726	3267	5	56	28	0	3356
20727	3201	13	29	15	0	3258
20728	3212	11	11	11	0	3245
20729	3212	5	5	20	0	3242
20730	91	9	3095	10	0	3205
20731	50	5	51	3080	0	3186
20732	22	11	3186	53	0	3272
20733	18	4	55	3116	0	3193
20734	14	13	3133	59	0	3219
20735	2724	5	77	33	0	2839
20736	57	2733	29	18	0	2837
20737	31	2819	13	7	0	2870
20738	26	66	12	3095	0	3199
20739	24	24	9	3138	0	3195
20740	18	3263	8	85	0	3374
20741	3298	67	5	38	0	3408
20742	3449	28	9	18	0	3504
20743	3561	10	9	10	0	3590
20744	3667	12	5	14	0	3698
20745	128	3	4	3610	0	3745
20746	61	2	5	3707	0	3775
20747	3724	6	4	122	0	3856
20748	106	6	5	3714	0	3831
20749	59	10	3627	88	0	3784
20750	26	7	3692	46	0	3771
20751	32	2	111	3667	0	3812
20752	33	8	3686	88	0	3815
20753	3604	5	85	50	0	3744
20754	105	1	50	3619	0	3775
20755	3656	5	19	92	0	3772
20756	95	8	3654	50	0	3807
20757	59	5	87	3682	0	3833
20758	25	6	3698	94	0	3823
20759	21	3700	95	47	0	3863
20760	3620	86	69	23	0	3798
20761	3670	46	12	27	0	3755
20762	122	3602	14	19	0	3757
20763	3642	79	7	25	0	3753
20764	105	43	10	3583	0	3741
20765	78	13	8	3644	0	3743
20766	3594	11	14	118	0	3737
20767	107	3487	11	61	0	3666
20768	64	3601	16	22	0	3703
20769	35	111	8	3557	0	3711
20770	3558	39	12	100	0	3709
20771	3620	10	10	53	0	3693
20772	3603	7	14	25	0	3649
20773	136	10	3515	21	0	3682
20774	61	6	3522	25	0	3614
20775	29	3445	130	34	0	3638
20776	3432	80	46	29	0	3587
20777	109	37	28	3339	0	3513
20778	3397	10	21	91	0	3519
20779	3433	8	20	56	0	3517
20780	149	6	15	3332	0	3502
20781	66	16	3307	100	0	3489
20782	3320	10	90	57	0	3477
20783	112	9	42	3335	0	3498
20784	56	14	3331	101	0	3502
20785	3296	5	87	61	0	3449
20786	3384	5	53	29	0	3471
20787	144	15	17	3301	0	3477
20788	63	11	3283	99	0	3456
20789	36	8	89	3183	0	3316
20790	35	3256	44	95	0	3430
20791	45	88	3258	46	0	3437
20792	37	3335	95	27	0	3494
20793	3231	85	48	30	0	3394
20794	3284	40	15	32	0	3371
20795	3296	14	22	27	0	3359
20796	3272	11	14	26	0	3323
20797	179	15	17	3097	0	3308
20798	2983	11	12	84	0	3090
20799	102	10	18	2936	0	3066
20800	2826	9	15	83	0	2933
20801	96	2756	17	55	0	2924
20802	62	64	13	2583	0	2722
20803	31	2635	25	64	0	2755
20804	2630	63	11	46	0	2750
20805	2654	33	7	31	0	2725
20806	97	2581	24	22	0	2724
20807	76	58	9	2572	0	2715
20808	21	36	2540	75	0	2672
20809	29	27	66	2527	0	2649
20810	30	10	2532	65	0	2637
20811	34	21	58	2275	0	2388
20812	17	2435	42	59	0	2553
20813	2423	56	15	36	0	2530
20814	2468	30	9	20	0	2527
20815	103	8	9	2410	0	2530
20816	2548	12	11	72	0	2643
20817	82	12	12	2512	0	2618
20818	54	14	8	2547	0	2623
20819	24	8	7	2593	0	2632
20820	2546	5	11	85	0	2647
20821	2575	6	8	42	0	2631
20822	2608	11	6	18	0	2643
20823	99	2462	13	19	0	2593
20824	2458	54	8	16	0	2536
20825	70	2395	11	13	0	2489
20826	2450	56	4	14	0	2524
20827	80	35	9	2383	0	2507
20828	44	8	11	2462	0	2525
20829	2391	13	5	82	0	2491
20830	2430	7	4	38	0	2479
20831	85	2367	12	16	0	2480
20832	2333	49	7	17	0	2406
20833	67	25	2	2253	0	2347
20834	39	5	6	2284	0	2334
20835	2223	4	10	74	0	2311
20836	63	9	2164	32	0	2268
20837	36	2037	48	16	0	2137
20838	19	33	18	1706	0	1776
20839	15	11	1582	32	0	1640
20840	16	23	25	1503	0	1567
20841	1488	4	13	35	0	1540
20842	29	1393	8	16	0	1446
20843	13	1293	2	5	0	1313
20844	8	1227	8	4	0	1247
20845	10	22	5	1117	0	1154
20846	1087	1	29	21	0	1138
20847	18	0	1	1087	0	1106
20848	1089	1	0	17	0	1107
20849	1099	0	2	4	0	1105
20850	19	3	2	1082	0	1106
20851	1115	0	0	18	0	1133
20852	17	2	1	1119	0	1139
20853	8	2	1092	15	0	1117
20854	1106	2	15	2	0	1125
20855	16	3	1221	3	0	1243
20856	1144	3	15	7	0	1169
20857	22	2	1174	4	0	1202
20858	9	2	13	1093	0	1117
20859	6	1	5	1115	0	1127
20860	1108	1	1	23	0	1133
20861	16	3	1	1146	0	1166
20862	1147	0	0	18	0	1165
20863	18	1101	2	9	0	1130
20864	1151	16	3	8	0	1178
20865	18	6	1	1225	0	1250
20866	8	2	4	1241	0	1255
20867	6	2	0	1263	0	1271
20868	4	0	4	1257	0	1265
20869	4	6	1222	23	0	1255
20870	3	4	1201	8	0	1216
20871	5	4	22	1234	0	1265
20872	2	1	1249	22	0	1274
20873	8	1195	16	5	0	1224
20874	1	17	5	1220	0	1243
20875	8	9	1253	18	0	1288
20876	5	4	1237	9	0	1255
20877	6	1	30	1256	0	1293
20878	7	0	7	1271	0	1285
20879	2	1264	1	33	0	1300
20880	2	21	2	1326	0	1351
20881	2	10	1334	22	0	1368
20882	1302	3	26	12	0	1343
20883	30	0	11	1351	0	1392
20884	1342	2	4	29	0	1377
20885	1351	0	4	13	0	1368
20886	1335	4	2	10	0	1351
20887	35	0	1327	10	0	1372
20888	16	5	1340	8	0	1369
20889	1243	1	35	9	0	1288
20890	29	3	1350	6	0	1388
20891	16	0	28	1295	0	1339
20892	6	3	14	1322	0	1345
20893	6	2	1293	37	0	1338
20894	5	1291	31	11	0	1338
20895	1300	22	12	7	0	1341
20896	26	1285	9	10	0	1330
20897	15	1335	6	8	0	1364
20898	1350	32	6	10	0	1398
20899	32	9	1428	3	0	1472
20900	17	8	1480	3	0	1508
20901	7	4	40	1471	0	1522
20902	1490	5	16	30	0	1541
20903	30	1492	11	17	0	1550
20904	1528	26	8	13	0	1575
20905	27	16	1530	9	0	1582
20906	20	1644	33	10	0	1707
20907	12	29	21	1663	0	1725
20908	17	17	1717	30	0	1781
20909	6	10	37	1724	0	1777
20910	14	7	17	1637	0	1675
20911	10	4	9	1779	0	1802
20912	10	8	7	1768	0	1793
20913	1716	2	8	56	0	1782
20914	1722	4	12	25	0	1763
20915	49	8	1730	9	0	1796
20916	1612	5	35	13	0	1665
20917	32	1636	23	10	0	1701
20918	1634	30	12	18	0	1694
20919	38	21	1635	12	0	1706
20920	23	2	34	1600	0	1659
20921	6	3	1619	36	0	1664
20922	11	5	1623	24	0	1663
20923	12	6	43	1582	0	1643
20924	13	6	20	1609	0	1648
20925	11	8	1592	46	0	1657
20926	7	1530	33	26	0	1596
20927	12	1572	28	7	0	1619
20928	8	39	14	1560	0	1621
20929	1535	13	8	43	0	1599
20930	29	1591	12	26	0	1658
20931	21	35	1622	10	0	1688
20932	10	23	1618	10	0	1661
20933	7	8	1651	9	0	1675
20934	13	7	51	1601	0	1672
20935	1620	8	22	36	0	1686
20936	34	1621	15	22	0	1692
20937	23	26	1610	11	0	1670
20938	3	1610	40	17	0	1670
20939	8	31	29	1614	0	1682
20940	7	22	1614	40	0	1683
20941	16	1601	33	31	0	1681
20942	14	34	25	1584	0	1657
20943	13	22	12	1657	0	1704
20944	10	16	1666	47	0	1739
20945	12	12	33	1595	0	1652
20946	11	1647	33	31	0	1722
20947	8	35	1650	22	0	1715
20948	1623	24	31	17	0	1695
20949	37	10	25	1656	0	1728
20950	21	8	18	1648	0	1695
20951	6	1620	20	49	0	1695
20952	1618	31	11	33	0	1693
20953	32	19	1621	14	0	1686
20954	1609	7	35	16	0	1667
20955	29	8	20	1530	0	1587
20956	17	1525	9	31	0	1582
20957	11	24	9	1550	0	1594
20958	11	17	7	1589	0	1624
20959	1581	7	10	49	0	1647
20960	1607	4	12	23	0	1646
20961	40	7	11	1563	0	1621
20962	19	11	1579	32	0	1641
20963	1485	7	26	33	0	1551
20964	30	1590	23	8	0	1651
20965	28	31	5	1557	0	1621
20966	20	20	10	1581	0	1631
20967	10	1	7	1613	0	1631
20968	7	10	1554	44	0	1615
20969	12	7	26	1520	0	1565
20970	4	1543	23	33	0	1603
20971	6	24	7	1486	0	1523
20972	6	1527	11	31	0	1575
20973	7	31	4	1534	0	1576
20974	5	23	1507	31	0	1566
20975	1365	5	24	27	0	1421
20976	27	8	18	1474	0	1527
20977	18	8	1482	27	0	1535
20978	4	1475	26	25	0	1530
20979	1475	20	20	21	0	1536
20980	24	17	1438	11	0	1490
20981	1411	6	18	14	0	1449
20982	19	5	16	1438	0	1478
20983	16	6	6	1403	0	1431
20984	2	1462	11	38	0	1513
20985	1483	20	6	20	0	1529
20986	1470	15	4	12	0	1501
20987	28	1511	9	23	0	1571
20988	13	27	3	1536	0	1579
20989	1	15	6	1556	0	1578
20990	3	5	2	1562	0	1572
20991	6	4	1513	29	0	1552
20992	1466	6	20	18	0	1510
20993	19	6	16	1522	0	1563
20994	14	3	7	1559	0	1583
20995	4	9	1510	32	0	1555
20996	2	7	1507	19	0	1535
20997	7	4	27	1558	0	1596
20998	6	7	1537	29	0	1579
20999	1421	3	14	15	0	1453
21000	19	1	14	1437	0	1471
21001	16	3	3	1431	0	1453
21002	3	5	1489	22	0	1519
21003	2	2	12	1496	0	1512
21004	5	4	1491	17	0	1517
21005	1	1461	13	17	0	1492
21006	1334	11	13	10	0	1368
21007	1310	9	1	7	0	1327
21008	17	1274	1	2	0	1294
21009	12	11	1	1290	0	1314
21010	2	9	1309	12	0	1332
21011	6	0	7	1293	0	1306
21012	1292	2	8	11	0	1313
21013	11	1295	3	9	0	1318
21014	1321	10	1	4	0	1336
21015	16	5	0	1307	0	1328
21016	1300	1	2	15	0	1318
21017	11	1289	2	8	0	1310
21018	1292	11	2	8	0	1313
21019	11	8	1263	5	0	1287
21020	6	1256	13	1	0	1276
21021	4	9	11	1233	0	1257
21022	1252	7	1	15	0	1275
21023	1267	0	1	14	0	1282
21024	15	1	3	1289	0	1308
21025	1325	0	3	16	0	1344
21026	1320	3	2	13	0	1338
21027	1371	2	1	4	0	1378
21028	16	2	3	1354	0	1375
21029	9	3	1363	11	0	1386
21030	1	4	1297	8	0	1310
21031	3	3	1322	3	0	1331
21032	1281	1	15	6	0	1303
21033	11	1	5	1307	0	1324
21034	6	1317	4	9	0	1336
21035	5	12	0	1307	0	1324
21036	3	1342	1	14	0	1360
21037	1345	10	2	8	0	1365
21038	13	6	1	1360	0	1380
21039	6	2	2	1445	0	1455
21040	1453	1	4	25	0	1483
21041	20	2	3	1471	0	1496
21042	12	2	1	1493	0	1508
21043	1504	2	4	26	0	1536
21044	23	2	1625	9	0	1659
21045	10	0	24	1644	0	1678
21046	1	0	1670	26	0	1697
21047	1638	1	25	16	0	1680
21048	28	1	13	1679	0	1721
21049	1708	0	0	30	0	1738
21050	23	3	2	1753	0	1781
21051	14	2	1776	29	0	1821
21052	3	0	30	1817	0	1850
21053	1844	2	16	33	0	1895
21054	26	1878	5	21	0	1930
21055	17	30	1867	5	0	1919
21056	1818	14	23	10	0	1865
21057	26	1936	17	5	0	1984
21058	12	1985	3	1	0	2001
21059	3	2136	2	3	0	2144
21060	2	46	2	2213	0	2263
21061	2274	15	1	37	0	2327
21062	2343	0	0	21	0	2364
21063	50	7	2300	3	0	2360
21064	2264	2	32	4	0	2302
21065	34	2260	16	1	0	2311
21066	19	31	1	2234	0	2285
21067	2387	17	0	45	0	2449
21068	2452	1	2	27	0	2482
21069	2490	3	5	8	0	2506
21070	2487	0	2	8	0	2497
21071	2517	1	1	2	0	2521
21072	51	2	2	2465	0	2520
21073	23	2	2472	34	0	2531
21074	8	4	34	2536	0	2582
21075	3	3	17	2562	0	2585
21076	2549	2	2	53	0	2606
21077	39	2464	3	39	0	2545
21078	2530	33	1	11	0	2575
21079	2551	18	2	2	0	2573
21080	2618	2	5	14	0	2639
21081	2685	0	2	17	0	2704
21082	58	5	2627	3	0	2693
21083	2612	2	34	12	0	2660
21084	2678	1	16	9	0	2704
21085	2406	1	3	8	0	2418
21086	2703	2	2	3	0	2710
21087	61	2	1	2581	0	2645
21088	30	5	2524	37	0	2596
21089	2480	0	32	32	0	2544
21090	41	2569	23	5	0	2638
21091	24	31	8	2552	0	2615
21092	13	2618	1	40	0	2672
21093	16	31	6	2626	0	2679
21094	2627	21	6	38	0	2692
21095	2651	1	5	27	0	2684
21096	2687	5	5	7	0	2704
21097	59	5	2507	6	0	2577
21098	2511	5	33	4	0	2553
21099	38	9	2501	7	0	2555
21100	33	3	2546	9	0	2591
21101	21	15	2630	2	0	2668
21102	16	10	52	2442	0	2520
21103	20	5	22	2575	0	2622
21104	16	4	3	2590	0	2613
21105	12	3	9	2630	0	2654
21106	22	1	7	2573	0	2603
21107	20	7	6	2576	0	2609
21108	8	2605	7	58	0	2678
21109	2554	41	7	29	0	2631
21110	39	2615	6	24	0	2684
21111	37	41	3	2629	0	2710
21112	17	25	5	2666	0	2713
21113	2627	4	4	62	0	2697
21114	47	2621	8	28	0	2704
21115	2657	37	5	12	0	2711
21116	50	24	8	2649	0	2731
21117	34	7	10	2673	0	2724
21118	19	1	11	2698	0	2729
21119	14	12	2616	66	0	2708
21120	22	5	38	2643	0	2708
21121	19	5	2636	47	0	2707
21122	20	6	2691	29	0	2746
21123	19	10	2783	14	0	2826
21124	23	4	52	2773	0	2852
21125	31	8	23	2817	0	2879
21126	24	8	3	2876	0	2911
21127	2826	7	5	76	0	2914
21128	60	5	9	2896	0	2970
21129	2936	5	5	57	0	3003
21130	56	2895	9	37	0	2997
21131	3036	45	6	19	0	3106
21132	3151	29	5	20	0	3205
21133	78	3236	11	17	0	3342
21134	3283	44	7	16	0	3350
21135	3291	27	6	22	0	3346
21136	3334	4	10	10	0	3358
21137	3338	2	9	20	0	3369
21138	89	6	3243	12	0	3350
21139	39	3183	50	15	0	3287
21140	27	35	33	3167	0	3262
21141	3169	23	9	51	0	3252
21142	50	11	3157	39	0	3257
21143	43	3078	36	14	0	3171
21144	26	34	21	2866	0	2947
21145	18	2971	7	47	0	3043
21146	24	55	1	2973	0	3053
21147	30	26	6	3013	0	3075
21148	23	14	3021	51	0	3109
21149	23	12	2962	20	0	3017
21150	2763	9	46	16	0	2834
21151	43	8	2957	6	0	3014
21152	33	6	2952	7	0	2998
21153	21	5	47	2857	0	2930
21154	18	15	20	2778	0	2831
21155	11	2856	14	50	0	2931
21156	12	2955	16	29	0	3012
21157	11	42	2941	16	0	3010
21158	28	19	31	3039	0	3117
21159	8	9	2976	39	0	3032
21160	8	9	2787	19	0	2823
21161	10	2793	40	9	0	2852
21162	25	24	18	2717	0	2784
21163	2752	16	7	37	0	2812
21164	30	7	5	2763	0	2805
21165	2784	3	8	36	0	2831
21166	2793	8	4	22	0	2827
21167	2729	5	8	16	0	2758
21168	47	4	2682	7	0	2740
21169	2695	5	29	8	0	2737
21170	39	5	20	2717	0	2781
21171	2761	4	9	36	0	2810
21172	2744	5	5	27	0	2781
21173	38	2700	9	11	0	2758
21174	2697	24	5	12	0	2738
21175	30	14	2689	7	0	2740
21176	2640	7	28	9	0	2684
21177	2679	5	18	10	0	2712
21178	56	2689	9	10	0	2764
21179	2705	41	5	13	0	2764
21180	50	14	2	2597	0	2663
21181	24	8	8	2558	0	2598
21182	13	2553	11	49	0	2626
21183	18	37	7	2569	0	2631
21184	14	16	9	2602	0	2641
21185	12	9	2545	55	0	2621
21186	11	9	2510	26	0	2556
21187	2397	8	51	11	0	2467
21188	2548	7	20	10	0	2585
21189	60	6	11	2549	0	2626
21190	26	5	2534	40	0	2605
21191	9	2499	52	26	0	2586
21192	16	42	17	2524	0	2599
21193	10	19	2536	46	0	2611
21194	2422	8	43	28	0	2501
21195	45	6	15	2548	0	2614
21196	26	2568	14	48	0	2656
21197	16	43	4	2614	0	2677
21198	20	21	10	2645	0	2696
21199	17	6	9	2694	0	2726
21200	2558	5	9	67	0	2639
21201	51	4	14	2523	0	2592
21202	2580	6	9	43	0	2638
21203	2628	6	7	28	0	2669
21204	72	8	2589	10	0	2679
21205	32	2636	52	10	0	2730
21206	17	53	24	2417	0	2511
21207	10	2710	8	38	0	2766
21208	2737	54	7	27	0	2825
21209	59	23	6	2737	0	2825
21210	29	16	2766	56	0	2867
21211	14	7	2790	28	0	2839
21212	15	10	2824	13	0	2862
21213	2763	6	67	14	0	2850
21214	58	2834	24	16	0	2932
21215	2834	57	14	14	0	2919
21216	55	2856	9	10	0	2930
21217	31	53	12	2803	0	2899
21218	25	21	8	2782	0	2836
21219	14	2853	13	65	0	2945
21220	14	55	2849	28	0	2946
21221	18	2889	52	12	0	2971
21222	2725	56	22	20	0	2823
21223	55	18	11	2679	0	2763
21224	24	15	2629	55	0	2723
21225	15	9	2656	30	0	2710
21226	25	3	67	2642	0	2737
21227	15	11	2627	54	0	2707
21228	17	9	2545	28	0	2599
21229	2393	5	60	14	0	2472
21230	49	2456	27	24	0	2556
21231	2382	44	6	16	0	2448
21232	54	22	2382	8	0	2466
21233	25	2200	49	8	0	2282
21234	15	2287	25	13	0	2340
21235	19	60	27	2244	0	2350
21236	11	22	9	2258	0	2300
21237	13	12	7	2320	0	2352
21238	7	10	2253	65	0	2335
21239	13	7	48	2278	0	2346
21240	10	5	21	2323	0	2359
21241	2278	4	11	67	0	2360
21242	48	2263	11	30	0	2352
21243	22	47	10	2297	0	2376
21244	2303	20	5	58	0	2386
21245	2316	6	8	27	0	2357
21246	68	6	7	2257	0	2338
21247	27	12	2242	50	0	2331
21248	12	6	48	2219	0	2285
21249	7	11	2213	58	0	2289
21250	2420	5	53	25	0	2503
21251	2713	4	23	15	0	2755
21252	94	8	9	2773	0	2884
21253	29	7	2777	83	0	2896
21254	7	2854	77	36	0	2974
21255	13	74	2910	18	0	3015
21256	19	40	87	2490	0	2636
21257	7	2746	38	59	0	2850
21258	2608	75	7	25	0	2715
21259	82	22	3	2502	0	2609
21260	23	2559	6	57	0	2645
21261	2592	78	3	23	0	2696
21262	76	22	4	2566	0	2668
21263	23	2547	10	84	0	2664
21264	9	75	3	2605	0	2692
21265	3	25	2577	84	0	2689
21266	2478	4	78	24	0	2584
21267	2587	4	24	15	0	2630
21268	101	4	2506	7	0	2618
21269	32	2487	75	7	0	2601
21270	2521	78	21	10	0	2630
21271	72	23	10	2482	0	2587
21272	27	11	5	2542	0	2585
21273	23	7	6	2586	0	2622
21274	10	5	9	2569	0	2593
21275	7	9	9	2548	0	2573
21276	2458	8	9	102	0	2577
21277	2519	5	4	36	0	2564
21278	88	7	7	2465	0	2567
21279	32	9	6	2533	0	2580
21280	10	4	2455	87	0	2556
21281	10	12	2454	30	0	2506
21282	2414	3	86	14	0	2517
21283	68	4	30	2431	0	2533
21284	25	11	2394	69	0	2499
21285	14	6	71	2415	0	2506
21286	2407	7	26	69	0	2509
21287	2483	4	7	27	0	2521
21288	88	7	4	2406	0	2505
21289	30	8	8	2465	0	2511
21290	2445	4	4	99	0	2552
21291	72	4	4	2427	0	2507
21292	26	2452	10	76	0	2564
21293	14	66	6	2490	0	2576
21294	19	38	4	2518	0	2579
21295	11	10	2478	90	0	2589
21296	12	5	2474	29	0	2520
21297	12	2492	93	20	0	2617
21298	2478	64	31	12	0	2585
21299	2506	25	13	12	0	2556
21300	2520	5	9	20	0	2554
21301	89	2412	12	18	0	2531
21302	31	2484	20	11	0	2546
21303	2405	84	9	23	0	2521
21304	74	2421	11	18	0	2524
21305	37	61	2315	19	0	2432
21306	17	2343	62	19	0	2441
21307	14	65	2376	20	0	2475
21308	2275	28	68	12	0	2383
21309	2352	10	27	20	0	2409
21310	78	2274	14	19	0	2385
21311	2336	69	7	16	0	2428
21312	2519	25	9	17	0	2570
21313	2534	10	10	19	0	2573
21314	101	6	10	2482	0	2599
21315	2498	8	12	69	0	2587
21316	73	13	2435	39	0	2560
21317	2466	13	58	22	0	2559
21318	83	10	25	2523	0	2641
21319	43	4	2496	71	0	2614
21320	19	9	2536	39	0	2603
21321	18	10	85	2518	0	2631
21322	18	9	36	2576	0	2639
21323	2554	10	13	87	0	2664
21324	78	6	11	2558	0	2653
21325	32	11	2526	78	0	2647
21326	21	10	66	2454	0	2551
21327	16	2480	35	72	0	2603
21328	2514	60	15	39	0	2628
21329	74	26	11	2548	0	2659
21330	43	12	2525	69	0	2649
21331	26	2525	68	36	0	2655
21332	2452	53	26	30	0	2561
21333	65	26	11	2535	0	2637
21334	37	7	2541	64	0	2649
21335	24	2495	56	39	0	2614
21336	2552	55	44	21	0	2672
21337	2562	22	10	25	0	2619
21338	2591	6	13	17	0	2627
21339	86	8	8	2522	0	2624
21340	45	4	7	2585	0	2641
21341	2524	8	5	85	0	2622
21342	54	2493	15	46	0	2608
21343	2540	48	11	21	0	2620
21344	75	21	7	2506	0	2609
21345	2574	9	6	61	0	2650
21346	70	14	5	2563	0	2652
21347	41	6	4	2595	0	2646
21348	20	6	9	2615	0	2650
21349	39	10	11	2601	0	2661
21350	13	9	2244	69	0	2335
21351	8	9	1989	24	0	2030
21352	1688	1	35	12	0	1736
21353	21	2	1872	9	0	1904
21354	17	3	1697	3	0	1720
21355	1617	3	27	4	0	1651
21356	1692	3	15	10	0	1720
21357	35	3	7	1790	0	1835
21358	1820	1	5	19	0	1845
21359	19	1833	5	15	0	1872
21360	1888	10	3	5	0	1906
21361	1867	10	2	11	0	1890
21362	1950	2	6	10	0	1968
21363	28	3	4	1927	0	1962
21364	15	1889	2	13	0	1919
21365	10	1902	3	13	0	1928
21366	1908	18	11	7	0	1944
21367	1893	10	5	10	0	1918
21368	20	5	2	1896	0	1923
21369	15	3	2	1876	0	1896
21370	6	1871	2	22	0	1901
21371	1855	9	3	15	0	1882
21372	12	13	1875	7	0	1907
21373	16	3	11	1877	0	1907
21374	7	4	11	1898	0	1920
21375	8	3	1931	22	0	1964
21376	6	0	11	1888	0	1905
21377	2	1563	17	19	0	1601
21378	7	8	3	1935	0	1953
21379	6	13	3	1916	0	1938
21380	8	1781	5	21	0	1815
21381	5	1932	4	14	0	1955
21382	4	14	1	1935	0	1954
21383	1911	12	3	17	0	1943
21384	15	2	1	1962	0	1980
21385	15	5	2	1957	0	1979
21386	6	2001	7	24	0	2038
21387	7	7	3	2084	0	2101
21388	3	17	4	2071	0	2095
21389	10	3	3	2090	0	2106
21390	2053	4	2	23	0	2082
21391	15	1	2	2087	0	2105
21392	15	0	1	2032	0	2048
21393	7	2	3	2023	0	2035
21394	5	6	1938	22	0	1971
21395	1747	1	10	22	0	1780
21396	11	1934	15	6	0	1966
21397	1934	6	4	7	0	1951
21398	13	7	6	1923	0	1949
21399	13	5	1882	11	0	1911
21400	1726	4	7	13	0	1750
21401	16	6	2190	6	0	2218
21402	11	10	9	2162	0	2192
21403	2245	2	8	19	0	2274
21404	2241	2	1	11	0	2255
21405	2288	2	2	11	0	2303
21406	16	1	1	2262	0	2280
21407	9	5	2	2265	0	2281
21408	8	3	0	2286	0	2297
21409	7	2188	3	16	0	2214
21410	2	2172	3	17	0	2194
21411	2	2134	2	9	0	2147
21412	0	2086	2	2	0	2090
21413	6	3	3	2133	0	2145
21414	1	1	1	2158	0	2161
21415	2094	0	0	6	0	2100
21416	2096	0	1	4	0	2101
21417	2122	0	0	1	0	2123
21418	8	0	0	2096	0	2104
21419	1	1	1	2127	0	2130
21420	2057	0	0	10	0	2067
21421	2007	1	0	6	0	2014
21422	9	1	2016	0	0	2026
21423	2	0	1942	4	0	1948
21424	3	3	2032	5	0	2043
21425	3	6	2112	0	0	2121
21426	1	0	8	2104	0	2113
21427	2112	0	1	11	0	2124
21428	5	2082	2	4	0	2093
21429	2	5	0	2126	0	2133
21430	1	4	2141	7	0	2153
21431	0	2252	5	5	0	2262
21432	1	4	1	2287	0	2293
21433	2	5	2261	7	0	2275
21434	3	1	5	2227	0	2236
21435	2	0	2	2313	0	2317
21436	2288	0	1	13	0	2302
21437	6	0	0	2307	0	2313
21438	3	4	2358	5	0	2370
21439	4	0	5	2340	0	2349
21440	0	2533	3	5	0	2541
21441	5	5	1	2714	0	2725
21442	3	1	0	2745	0	2749
21443	3	0	1	2738	0	2742
21444	2767	1	4	15	0	2787
21445	2765	0	0	8	0	2773
21446	2778	1	0	5	0	2784
21447	2784	0	2	7	0	2793
21448	8	6	2712	2	0	2728
21449	2688	2	6	6	0	2702
21450	2784	1	1	6	0	2792
21451	8	6	2729	1	0	2744
21452	5	5	2878	5	0	2893
21453	2	1	6	2972	0	2981
21454	1	3050	1	9	0	3061
21455	3086	6	2	10	0	3104
21456	3107	1	1	13	0	3122
21457	3104	1	2	10	0	3117
21458	9	1	0	3048	0	3058
21459	1	3166	5	6	0	3178
21460	3282	6	2	12	0	3302
21461	3329	1	2	5	0	3337
21462	7	4	1	3233	0	3245
21463	5	5	3165	8	0	3183
21464	3142	0	7	6	0	3155
21465	10	0	2	3274	0	3286
21466	3358	1	1	15	0	3375
21467	9	0	1	3461	0	3471
21468	4	5	3463	8	0	3480
21469	3683	1	5	25	0	3714
21470	8	2	2	3831	0	3843
21471	6	2	1	3848	0	3857
21472	4	0	2	3852	0	3858
21473	2	4	4	3847	0	3857
21474	3877	2	1	21	0	3901
21475	6	0	0	3860	0	3866
21476	2	3823	1	17	0	3843
21477	2	11	0	3895	0	3908
21478	3	3886	5	7	0	3901
21479	8	11	0	3983	0	4002
21480	6	3	2	4007	0	4018
21481	2	3980	5	15	0	4002
21482	6	11	0	4034	0	4051
21483	7	4	1	4038	0	4050
21484	3991	1	4	21	0	4017
21485	15	5	4097	6	0	4123
21486	9	1	11	4109	0	4130
21487	4121	2	9	22	0	4154
21488	4131	0	4	17	0	4152
21489	4143	1	2	18	0	4164
21490	20	7	4127	6	0	4160
21491	8	8	4175	2	0	4193
21492	6	13	24	4271	0	4314
21493	4362	0	28	22	0	4412
21494	15	4	4320	13	0	4352
21495	4182	2	14	11	0	4209
21496	20	4350	11	2	0	4383
21497	11	12	1	4552	0	4576
21498	4	9	1	4662	0	4676
21499	4722	2	3	30	0	4757
21500	17	3	0	4788	0	4808
21501	4535	1	1	38	0	4575
21502	4568	1	1	28	0	4598
21503	24	0	2	4537	0	4563
21504	13	0	6	4574	0	4593
21505	4555	1	1	33	0	4590
21506	22	2	4807	9	0	4840
21507	4761	0	13	38	0	4812
21508	17	7	5146	7	0	5177
21509	5146	2	14	27	0	5189
21510	5528	0	8	31	0	5567
21511	5514	2	3	18	0	5537
21512	5409	1	1	14	0	5425
21513	26	5391	11	5	0	5433
21514	5483	12	6	24	0	5525
21515	5491	8	2	13	0	5514
21516	24	5698	8	3	0	5733
21517	5811	15	1	24	0	5851
21518	21	21	5740	2	0	5784
21519	5687	3	14	17	0	5721
21520	22	19	5845	2	0	5888
21521	14	1	15	5908	0	5938
21522	4	1	13	5950	0	5968
21523	9	9	5993	28	0	6039
21524	15	1	20	5982	0	6018
21525	23	18	29	4898	0	4968
21526	6317	0	5	52	0	6374
21527	30	2	4	6393	0	6429
21528	20	0	1	6504	0	6525
21529	10	1	3	6489	0	6503
21530	9	6381	9	40	0	6439
21531	9	20	2	6421	0	6452
21532	6360	18	1	45	0	6424
21533	32	8	6464	25	0	6529
21534	26	2	26	6592	0	6646
21535	12	8	6557	32	0	6609
21536	6323	1	36	36	0	6396
21537	38	3	26	6858	0	6925
21538	37	14	8555	43	0	8649
21539	19	1	95	8621	0	8736
21540	16	2	76	8542	0	8636
21541	13	8470	45	165	0	8693
21542	11	90	5	8715	0	8821
21543	17	74	20	9033	0	9144
21544	9	48	8889	191	0	9137
21545	19	6	102	8964	0	9091
21546	14	6	80	9083	0	9183
21547	8897	2	40	208	0	9147
21548	8892	1	9	152	0	9054
21549	185	8897	19	53	0	9154
21550	9032	115	1	39	0	9187
21551	9025	82	8	43	0	9158
21552	196	9242	22	22	0	9482
21553	135	114	15	9212	0	9476
21554	9277	84	8	140	0	9509
21555	9387	42	11	107	0	9547
21556	9270	6	10	77	0	9363
21557	232	9117	18	35	0	9402
21558	127	123	9299	29	0	9578
21559	9624	76	125	42	0	9867
21560	9756	43	83	38	0	9920
21561	231	9711	52	28	0	10022
21562	9892	149	15	44	0	10100
21563	9975	104	15	43	0	10137
21564	279	44	15	9846	0	10184
21565	154	37	9926	168	0	10285
21566	71	19	158	10065	0	10313
21567	51	6	103	10127	0	10287
21568	50	10	45	10209	0	10314
21569	36	34	9659	300	0	10029
21570	50	20	151	9541	0	9762
21571	46	10	103	9852	0	10011
21572	46	21	43	9913	0	10023
21573	38	11	22	10043	0	10114
21574	37	15	15	10065	0	10132
21575	31	9884	26	403	0	10344
21576	54	166	8	10152	0	10380
21577	35	108	19	10590	0	10752
21578	36	67	10314	298	0	10715
21579	55	16	172	11327	0	11570
21580	39	19	114	11501	0	11673
21581	64	23	54	11845	0	11986
21582	63	20	28	12046	0	12157
21583	11620	28	18	450	0	12116
21584	307	23	19	11867	0	12216
21585	222	46	19	11837	0	12124
21586	118	65	11345	430	0	11958
21587	87	11082	227	287	0	11683
21588	69	11581	175	153	0	11978
21589	11328	332	89	145	0	11894
21590	229	11548	61	122	0	11960
21591	202	262	41	11285	0	11790
21592	11344	165	31	353	0	11893
21593	256	77	11394	286	0	12013
21594	195	32	260	11462	0	11949
21595	71	11442	174	373	0	12060
21596	53	231	67	11399	0	11750
21597	43	11484	37	403	0	11967
21598	47	276	30	11611	0	11964
21599	11301	194	26	407	0	11928
21600	266	108	11514	274	0	12162
21601	221	46	246	11249	0	11762
21602	93	11512	202	341	0	12148
21603	11474	253	94	290	0	12111
21604	271	198	11401	213	0	12083
21605	213	98	245	11408	0	11964
21606	107	43	11132	380	0	11662
21607	89	40	291	11146	0	11566
21608	87	43	10822	399	0	11351
21609	58	48	316	10689	0	11111
21610	58	57	206	10693	0	11014
21611	10355	53	118	487	0	11013
21612	10533	87	46	308	0	10974
21613	456	70	44	10241	0	10811
21614	290	10274	52	324	0	10940
21615	124	283	48	10527	0	10982
21616	103	194	50	10387	0	10734
21617	9949	95	66	485	0	10595
21618	257	9917	81	365	0	10620
21619	10046	293	47	205	0	10591
21620	9999	222	55	166	0	10442
21621	418	9641	50	198	0	10307
21622	245	10093	68	177	0	10583
21623	9764	388	43	224	0	10419
21624	321	251	9609	199	0	10380
21625	9692	93	281	230	0	10296
21626	9691	92	199	194	0	10176
21627	484	9393	114	186	0	10177
21628	346	276	69	8521	0	9212
21629	121	9469	117	373	0	10080
21630	9361	328	92	309	0	10090
21631	9492	249	110	207	0	10058
21632	480	144	86	9128	0	9838
21633	330	96	78	9290	0	9794
21634	8842	115	45	548	0	9550
21635	325	8837	69	390	0	9621
21636	299	8834	61	222	0	9416
21637	166	8726	90	184	0	9166
21638	94	6792	54	175	0	7115
21639	72	6920	56	157	0	7205
21640	97	367	60	6655	0	7179
21641	100	213	6354	306	0	6973
21642	125	6416	179	223	0	6943
21643	6170	251	130	110	0	6661
21644	287	160	69	6102	0	6618
21645	6158	108	53	243	0	6562
21646	240	6076	65	207	0	6588
21647	6141	240	62	119	0	6562
21648	276	6111	97	109	0	6593
21649	221	211	97	6112	0	6641
21650	6132	155	84	242	0	6613
21651	6240	94	68	240	0	6642
21652	328	104	74	6137	0	6643
21653	211	96	51	6181	0	6539
21654	143	6039	47	348	0	6577
21655	182	198	35	6129	0	6544
21656	177	169	25	6188	0	6559
21657	148	104	23	6167	0	6442
21658	123	5717	35	376	0	6251
21659	5191	178	30	223	0	5622
21660	187	5339	28	147	0	5701
21661	5289	203	30	95	0	5617
21662	222	5245	31	96	0	5594
21663	184	186	5062	72	0	5504
21664	130	178	125	5086	0	5519
21665	105	94	4961	165	0	5325
21666	104	101	4906	134	0	5245
21667	107	81	220	4877	0	5285
21668	108	79	4941	166	0	5294
21669	149	58	158	4842	0	5207
21670	131	67	116	4913	0	5227
21671	110	85	46	4997	0	5238
21672	4805	75	31	276	0	5187
21673	196	85	27	4829	0	5137
21674	203	46	21	4746	0	5016
21675	4413	50	11	251	0	4725
21676	179	4345	22	199	0	4745
21677	145	4032	8	113	0	4298
21678	103	4041	20	72	0	4236
21679	52	222	16	2984	0	3274
21680	49	70	2963	94	0	3176
21681	2530	56	87	63	0	2736
21682	72	2613	39	35	0	2759
21683	2552	57	18	32	0	2659
21684	2580	52	6	28	0	2666
21685	2587	40	7	24	0	2658
21686	97	31	2573	20	0	2721
21687	61	22	42	2597	0	2722
21688	41	25	36	2677	0	2779
21689	42	19	13	2708	0	2782
21690	36	19	14	2621	0	2690
21691	25	2560	11	92	0	2688
21692	2441	48	8	53	0	2550
21693	49	29	2288	18	0	2384
21694	2192	13	35	26	0	2266
21695	56	18	21	2125	0	2220
21696	34	2099	10	47	0	2190
21697	28	2144	5	35	0	2212
21698	19	85	4	1966	0	2074
21699	9	1991	5	37	0	2042
21700	1703	26	21	24	0	1774
21701	27	22	1666	13	0	1728
21702	15	11	14	1603	0	1643
21703	10	6	10	1681	0	1707
21704	12	8	6	1677	0	1703
21705	9	4	2	1693	0	1708
21706	1690	5	3	34	0	1732
21707	21	1762	5	16	0	1804
21708	1955	23	3	8	0	1989
21709	33	14	4	1980	0	2031
21710	17	9	3	2021	0	2050
21711	12	2094	12	45	0	2163
21712	2176	29	3	35	0	2243
21713	2202	17	4	23	0	2246
21714	47	2186	5	12	0	2250
21715	27	31	2	2027	0	2087
21716	12	2149	2	37	0	2200
21717	2119	46	1	18	0	2184
21718	40	24	2121	10	0	2195
21719	23	14	2061	3	0	2101
21720	1950	5	44	13	0	2012
21721	34	2036	28	6	0	2104
21722	23	35	12	2035	0	2105
21723	13	19	4	2085	0	2121
21724	4	17	2048	42	0	2111
21725	14	3	29	2035	0	2081
21726	12	6	18	2055	0	2091
21727	8	1990	9	56	0	2063
21728	7	33	3	2012	0	2055
21729	4	19	3	2007	0	2033
21730	1958	10	1	50	0	2019
21731	34	1928	4	32	0	1998
21732	19	1965	10	11	0	2005
21733	14	47	3	1959	0	2023
21734	7	29	3	1999	0	2038
21735	5	11	2	2004	0	2022
21736	7	1939	4	58	0	2008
21737	7	36	4	1969	0	2016
21738	10	20	2	1965	0	1997
21739	9	11	2	1986	0	2008
21740	8	5	1	1962	0	1976
21741	6	1882	5	61	0	1954
21742	9	2018	7	29	0	2063
21743	1940	50	3	12	0	2005
21744	1961	31	2	11	0	2005
21745	57	10	2	1955	0	2024
21746	28	5	1952	44	0	2029
21747	18	10	34	1959	0	2021
21748	11	8	19	1968	0	2006
21749	1878	4	11	54	0	1947
21750	39	1953	3	29	0	2024
21751	22	39	4	1913	0	1978
21752	11	21	6	1966	0	2004
21753	7	13	1901	63	0	1984
21754	7	7	1926	34	0	1974
21755	7	11	50	1893	0	1961
21756	11	6	24	1881	0	1922
21757	7	1863	11	58	0	1939
21758	2	1913	7	33	0	1955
21759	1883	51	6	25	0	1965
21760	49	29	5	1898	0	1981
21761	18	19	1938	44	0	2019
21762	10	1922	36	31	0	1999
21763	12	39	16	1967	0	2034
21764	1942	22	10	46	0	2020
21765	37	15	4	1971	0	2027
21766	1928	10	3	49	0	1990
21767	42	1927	13	27	0	2009
21768	1902	39	1	27	0	1969
21769	46	20	4	1916	0	1986
21770	20	18	2046	44	0	2128
21771	14	5	36	2019	0	2074
21772	2	2075	21	53	0	2151
21773	21	38	14	2067	0	2140
21774	8	2164	4	56	0	2232
21775	7	51	4	2223	0	2285
21776	7	25	2183	63	0	2278
21777	10	18	2149	32	0	2209
21778	13	12	2196	25	0	2246
21779	2137	11	62	24	0	2234
21780	46	2158	33	19	0	2256
21781	23	2232	17	18	0	2290
21782	2191	58	7	21	0	2277
21783	2197	32	12	20	0	2261
21784	63	16	10	2171	0	2260
21785	37	12	2156	64	0	2269
21786	19	15	2075	32	0	2141
21787	11	12	62	2060	0	2145
21788	2053	6	35	61	0	2155
21789	47	2025	22	36	0	2130
21790	25	48	11	2067	0	2151
21791	2069	24	8	62	0	2163
21792	2077	16	7	42	0	2142
21793	63	13	2063	32	0	2171
21794	2002	14	41	18	0	2075
21795	54	17	2091	21	0	2183
21796	33	13	2147	20	0	2213
21797	24	13	66	2107	0	2210
21798	17	8	43	2142	0	2210
21799	10	9	17	2191	0	2227
21800	15	12	2109	83	0	2219
21801	2110	18	42	54	0	2224
21802	54	17	22	2187	0	2280
21803	2110	9	13	67	0	2199
21804	2104	14	10	45	0	2173
21805	66	2109	18	37	0	2230
21806	32	2205	21	18	0	2276
21807	18	2136	11	24	0	2189
21808	24	75	14	1863	0	1976
21809	13	35	1898	34	0	1980
21810	11	60	36	1764	0	1871
21811	16	1790	27	46	0	1879
21812	9	1789	14	34	0	1846
21813	6	51	11	1724	0	1792
21814	1686	25	10	36	0	1757
21815	35	1658	13	25	0	1731
21816	22	1656	5	18	0	1701
21817	1725	47	5	12	0	1789
21818	38	21	10	1735	0	1804
21819	25	4	5	1751	0	1785
21820	24	4	3	1787	0	1818
21821	1730	5	12	54	0	1801
21822	1753	6	11	25	0	1795
21823	51	1	7	1755	0	1814
21824	20	6	1739	37	0	1802
21825	1701	3	36	28	0	1768
21826	35	7	22	1761	0	1825
21827	27	5	1756	37	0	1825
21828	8	10	1758	20	0	1796
21829	15	4	49	1799	0	1867
21830	12	5	1911	39	0	1967
21831	13	5	32	2062	0	2112
21832	15	7	27	2034	0	2083
21833	8	9	12	2186	0	2215
21834	2152	6	4	75	0	2237
21835	41	8	5	2186	0	2240
21836	37	4	6	2198	0	2245
21837	10	9	12	2224	0	2255
21838	12	10	9	2221	0	2252
21839	15	11	2111	82	0	2219
21840	11	2115	36	38	0	2200
21841	5	36	22	2069	0	2132
21842	12	20	7	2026	0	2065
21843	12	1999	8	43	0	2062
21844	4	2087	4	29	0	2124
21845	2064	43	7	16	0	2130
21846	35	2032	10	13	0	2090
21847	28	37	5	2010	0	2080
21848	11	25	2005	36	0	2077
21849	1948	10	30	32	0	2020
21850	38	8	1988	18	0	2052
21851	1997	5	34	20	0	2056
21852	2041	5	24	20	0	2090
21853	55	6	2035	14	0	2110
21854	37	2	35	1923	0	1997
21855	19	1989	29	44	0	2081
21856	10	31	19	2105	0	2165
21857	2142	19	10	57	0	2228
21858	2188	5	10	42	0	2245
21859	52	2150	17	30	0	2249
21860	2183	33	8	34	0	2258
21861	35	22	8	2070	0	2135
21862	2070	7	11	58	0	2146
21863	2109	7	10	41	0	2167
21864	61	8	7	2095	0	2171
21865	2113	10	7	57	0	2187
21866	2044	10	6	48	0	2108
21867	49	15	2057	26	0	2147
21868	2006	16	34	21	0	2077
21869	40	16	2027	18	0	2101
21870	27	10	1850	14	0	1901
21871	11	1964	47	10	0	2032
21872	9	33	20	1965	0	2027
21873	12	24	2002	33	0	2071
21874	10	14	1966	24	0	2014
21875	1969	9	48	13	0	2039
21876	39	4	17	1975	0	2035
21877	20	5	4	2072	0	2101
21878	15	6	7	2086	0	2114
21879	12	7	4	2102	0	2125
21880	12	8	7	2106	0	2133
21881	17	12	2049	51	0	2129
21882	16	9	2049	26	0	2100
21883	20	8	44	2064	0	2136
21884	2055	7	19	39	0	2120
21885	39	2034	7	30	0	2110
21886	29	29	10	2052	0	2120
21887	2052	15	10	40	0	2117
21888	43	2035	5	28	0	2111
21889	29	31	5	2048	0	2113
21890	19	15	7	2087	0	2128
21891	13	2	8	2070	0	2093
21892	2028	3	11	53	0	2095
21893	36	8	2014	30	0	2088
21894	1997	3	41	18	0	2059
21895	42	4	26	2025	0	2097
21896	27	10	7	1943	0	1987
21897	11	1981	15	56	0	2063
21898	11	32	1983	29	0	2055
21899	1919	19	36	21	0	1995
21900	2020	6	21	24	0	2071
21901	50	10	1957	21	0	2038
21902	1878	10	26	27	0	1941
21903	32	1936	21	29	0	2018
21904	23	2023	11	20	0	2077
21905	14	2029	9	15	0	2067
21906	1924	39	14	15	0	1992
21907	38	19	1930	12	0	1999
21908	26	22	38	1848	0	1934
21909	15	1831	21	31	0	1898
21910	10	1834	7	25	0	1876
21911	13	1835	11	16	0	1875
21912	16	49	7	1516	0	1588
21913	1828	13	5	32	0	1878
21914	28	1839	6	27	0	1900
21915	22	21	5	1878	0	1926
21916	12	18	9	1905	0	1944
21917	1819	5	7	44	0	1875
21918	33	3	11	1809	0	1856
21919	32	4	7	1853	0	1896
21920	8	8	1808	48	0	1872
21921	10	7	26	1823	0	1866
21922	16	7	16	1866	0	1905
21923	1837	4	16	40	0	1897
21924	1841	2	10	19	0	1872
21925	42	4	10	1838	0	1894
21926	1779	6	8	35	0	1828
21927	1781	11	2	21	0	1815
21928	35	1816	6	13	0	1870
21929	22	27	1765	10	0	1824
21930	10	1692	30	8	0	1740
21931	12	50	16	1479	0	1557
21932	1445	8	12	17	0	1482
21933	15	1442	2	13	0	1472
21934	12	13	2	1425	0	1452
21935	1430	10	0	22	0	1462
21936	1416	2	0	15	0	1433
21937	20	0	4	1416	0	1440
21938	11	4	1456	17	0	1488
21939	2	3	15	1481	0	1501
21940	6	0	7	1537	0	1550
21941	6	4	1517	24	0	1551
21942	6	1	15	1498	0	1520
21943	6	1	11	1553	0	1571
21944	1580	3	2	31	0	1616
21945	19	5	2	1629	0	1655
21946	9	2	4	1661	0	1676
21947	1616	6	2	32	0	1656
21948	1630	2	1	18	0	1651
21949	1619	2	2	6	0	1629
21950	31	3	1565	3	0	1602
21951	10	2	18	1501	0	1531
21952	3	1512	8	15	0	1538
21953	8	19	0	1549	0	1576
21954	2	13	1567	16	0	1598
21955	7	3	18	1462	0	1490
21956	4	4	1459	17	0	1484
21957	1367	2	14	10	0	1393
21958	1398	1	7	10	0	1416
21959	18	1	2	1380	0	1401
21960	8	1	0	1377	0	1386
21961	6	2	3	1355	0	1366
21962	1	1438	3	19	0	1461
21963	1426	9	1	12	0	1448
21964	1463	5	1	13	0	1482
21965	21	1	1	1448	0	1471
21966	8	2	1	1467	0	1478
21967	5	1	3	1485	0	1494
21968	5	1	2	1484	0	1492
21969	5	7	1461	16	0	1489
21970	4	1	13	1464	0	1482
21971	1387	1	7	14	0	1409
21972	1350	2	1	15	0	1368
21973	18	0	3	1305	0	1326
21974	8	5	1243	10	0	1266
21975	1201	2	8	13	0	1224
21976	13	3	8	1280	0	1304
21977	7	1224	4	13	0	1248
21978	2	1304	2	9	0	1317
21979	1327	16	2	10	0	1355
21980	12	6	0	1372	0	1390
21981	5	1	1	1399	0	1406
21982	2	0	1	1456	0	1459
21983	1	0	1	1465	0	1467
21984	1	0	1	1512	0	1514
21985	4	3	1475	22	0	1504
21986	3	1	1442	14	0	1460
21987	4	2	1495	5	0	1506
21988	3	1	24	1486	0	1514
21989	3	4	1553	17	0	1577
21990	2	0	18	1573	0	1593
21991	4	1	13	1614	0	1632
21992	4	0	3	1671	0	1678
21993	1693	0	1	40	0	1734
21994	24	0	0	1708	0	1732
21995	14	0	1	1711	0	1726
21996	1704	0	3	37	0	1744
21997	20	1693	5	17	0	1735
21998	14	1768	3	6	0	1791
21999	1760	35	0	9	0	1804
22000	22	1813	6	6	0	1847
22001	1815	23	5	6	0	1849
22002	1850	14	2	11	0	1877
22003	1891	3	1	8	0	1903
22004	1827	0	1	9	0	1837
22005	1834	3	0	7	0	1844
22006	36	1788	0	9	0	1833
22007	1818	23	2	7	0	1850
22008	1855	14	1	8	0	1878
22009	37	1935	3	4	0	1979
22010	2200	28	3	8	0	2239
22011	2255	16	1	10	0	2282
22012	2484	2	2	8	0	2496
22013	2535	4	2	7	0	2548
22014	73	5	2586	5	0	2669
22015	40	1	43	2608	0	2692
22016	13	3	30	2675	0	2721
22017	8	5	2635	80	0	2728
22018	12	1	2638	34	0	2685
22019	2603	2	76	9	0	2690
22020	56	3	29	2674	0	2762
22021	32	5	2681	57	0	2775
22022	9	3	2671	38	0	2721
22023	2653	2	78	18	0	2751
22024	2767	4	34	11	0	2816
22025	2788	4	7	7	0	2806
22026	88	3	2741	5	0	2837
22027	47	2	49	2738	0	2836
22028	12	2	2785	56	0	2855
22029	2771	3	57	40	0	2871
22030	59	5	2882	11	0	2957
22031	48	1	59	2838	0	2946
22032	21	3	40	2759	0	2823
22033	11	2856	24	85	0	2976
22034	2885	51	11	56	0	3003
22035	64	39	2887	13	0	3003
22036	2917	5	61	10	0	2993
22037	64	3	3050	10	0	3127
22038	63	2	60	2953	0	3078
22039	17	3	43	3015	0	3078
22040	24	6	18	3016	0	3064
22041	2958	3	12	94	0	3067
22042	78	2	15	2951	0	3046
22043	55	5	9	2964	0	3033
22044	21	2873	16	94	0	3004
22045	21	52	15	2907	0	2995
22046	2823	35	15	76	0	2949
22047	75	9	2837	50	0	2971
22048	68	3	64	2798	0	2933
22049	25	5	2854	66	0	2950
22050	21	2773	69	58	0	2921
22051	19	57	2865	26	0	2967
22052	2798	52	62	32	0	2944
22053	2903	6	54	18	0	2981
22054	103	6	27	2838	0	2974
22055	2894	8	19	71	0	2992
22056	2902	6	21	54	0	2983
22057	104	7	18	2871	0	3000
22058	72	6	16	2911	0	3005
22059	34	5	2885	99	0	3023
22060	37	2860	70	52	0	3019
22061	2868	46	51	34	0	2999
22062	67	2787	26	41	0	2921
22063	60	55	24	2783	0	2922
22064	34	41	18	2778	0	2871
22065	48	9	25	2772	0	2854
22066	41	9	26	2767	0	2843
22067	25	9	2694	108	0	2836
22068	2604	5	67	62	0	2738
22069	2714	10	56	33	0	2813
22070	115	4	18	2678	0	2815
22071	2725	1	26	73	0	2825
22072	80	11	22	2733	0	2846
22073	63	8	2684	81	0	2836
22074	32	14	65	2683	0	2794
22075	35	2639	51	80	0	2805
22076	33	49	16	2596	0	2694
22077	24	2629	28	88	0	2769
22078	34	49	21	2462	0	2566
22079	22	2540	23	78	0	2663
22080	2452	55	21	51	0	2579
22081	62	46	2451	36	0	2595
22082	52	2349	62	38	0	2501
22083	40	2413	48	25	0	2526
22084	28	74	20	2368	0	2490
22085	29	29	25	2375	0	2458
22086	26	13	31	2386	0	2456
22087	30	15	15	2401	0	2461
22088	31	2278	23	99	0	2431
22089	31	48	11	2320	0	2410
22090	29	28	20	2298	0	2375
22091	2200	16	23	82	0	2321
22092	75	7	19	2233	0	2334
22093	45	10	2144	70	0	2269
22094	18	15	2088	61	0	2182
22095	1995	12	64	39	0	2110
22096	43	2090	39	38	0	2210
22097	36	2120	19	39	0	2214
22098	33	62	18	2033	0	2146
22099	25	47	10	2069	0	2151
22100	25	14	1982	83	0	2104
22101	1865	17	36	64	0	1982
22102	1946	15	30	44	0	2035
22103	72	9	1999	42	0	2122
22104	38	9	1987	36	0	2070
22105	1998	4	58	37	0	2097
22106	2095	14	40	31	0	2180
22107	2138	14	16	26	0	2194
22108	2083	14	10	35	0	2142
22109	63	1918	12	37	0	2030
22110	1689	26	8	24	0	1747
22111	35	20	1608	34	0	1697
22112	13	6	1430	10	0	1459
22113	5	12	1455	14	0	1486
22114	6	46	62	1156	0	1270
22115	1181	3	5	11	0	1200
22116	1183	3	2	11	0	1199
22117	7	0	5	1183	0	1195
22118	7	4	5	1139	0	1155
22119	7	1	1	1183	0	1192
22120	4	1262	2	10	0	1278
22121	1287	3	3	11	0	1304
22122	1293	4	2	12	0	1311
22123	1286	1	4	9	0	1300
22124	1286	4	2	6	0	1298
22125	1295	2	1	9	0	1307
22126	11	1	1	1243	0	1256
22127	8	1213	5	4	0	1230
22128	8	4	9	1140	0	1161
22129	6	2	4	1128	0	1140
22130	1094	0	3	8	0	1105
22131	4	2	1092	2	0	1100
22132	3	6	1058	1	0	1068
22133	1	5	1071	3	0	1080
22134	1130	1	2	7	0	1140
22135	1169	1	3	6	0	1179
22136	2	0	1	1218	0	1221
22137	3	0	2	1141	0	1146
22138	3	9	0	1148	0	1160
22139	1	4	1167	4	0	1176
22140	0	1	2	1165	0	1168
22141	3	1	1227	3	0	1234
22142	2	0	2	1218	0	1222
22143	3	0	0	1229	0	1232
22144	1	1	1	1260	0	1263
22145	1268	0	0	6	0	1274
22146	1283	0	0	9	0	1292
22147	3	3	1281	2	0	1289
22148	1250	0	3	11	0	1264
22149	1281	1	1	2	0	1285
22150	5	0	1	1278	0	1284
22151	1283	0	0	1	0	1284
22152	4	1	2	1285	0	1292
22153	0	0	1	1314	0	1315
22154	3	2	1291	6	0	1302
22155	1226	0	5	6	0	1237
22156	7	0	1	1314	0	1322
22157	3	3	1330	8	0	1344
22158	5	2	1431	3	0	1441
22159	5	0	8	1399	0	1412
22160	2	1	2	1440	0	1445
22161	1459	1	2	14	0	1476
22162	5	1	1	1508	0	1515
22163	4	0	3	1512	0	1519
22164	1	1	2	1535	0	1539
22165	2	1	2	1678	0	1683
22166	1760	0	3	26	0	1789
22167	1761	1	2	16	0	1780
22168	1791	0	2	15	0	1808
22169	1837	0	1	9	0	1847
22170	28	1	1	1907	0	1937
22171	1926	0	1	21	0	1948
22172	18	0	3	1916	0	1937
22173	1937	0	1	22	0	1960
22174	26	0	1	1918	0	1945
22175	12	2	1	1915	0	1930
22176	8	1940	3	22	0	1973
22177	3	16	3	1940	0	1962
22178	1926	7	2	29	0	1964
22179	1892	5	4	16	0	1917
22180	29	5	1923	9	0	1966
22181	12	1906	19	12	0	1949
22182	1924	15	12	9	0	1960
22183	21	1938	10	8	0	1977
22184	1940	19	0	17	0	1976
22185	24	2006	4	11	0	2045
22186	14	21	2035	6	0	2076
22187	8	2062	24	7	0	2101
22188	3	2090	11	8	0	2112
22189	8	33	6	2102	0	2149
22190	2165	13	1	42	0	2221
22191	31	4	2	2196	0	2233
22192	18	2	0	2229	0	2249
22193	2190	1	1	41	0	2233
22194	2231	3	0	26	0	2260
22195	43	2	3	2243	0	2291
22196	23	1	3	2252	0	2279
22197	18	1	3	2258	0	2280
22198	2187	1	2	49	0	2239
22199	30	9	2217	22	0	2278
22200	12	4	28	2248	0	2292
22201	11	10	2325	34	0	2380
22202	6	2315	32	25	0	2378
22203	15	32	2251	9	0	2307
22204	8	13	33	2243	0	2297
22205	6	12	2238	35	0	2291
22206	2145	6	32	24	0	2207
22207	34	7	9	2225	0	2275
22208	16	2320	9	35	0	2380
22209	26	29	2	2318	0	2375
22210	9	2303	12	33	0	2357
22211	12	2320	8	18	0	2358
22212	9	2323	5	13	0	2350
22213	15	48	3	2162	0	2228
22214	8	2236	6	41	0	2291
22215	2219	32	4	25	0	2280
22216	37	16	2187	19	0	2259
22217	23	11	2174	14	0	2222
22218	19	7	2269	14	0	2309
22219	9	4	49	2280	0	2342
22220	12	3	15	2200	0	2230
22221	14	5	8	2195	0	2222
22222	16	3	6	2195	0	2220
22223	11	4	6	2166	0	2187
22224	13	2189	9	50	0	2261
22225	14	36	2203	27	0	2280
22226	19	20	2198	16	0	2253
22227	13	2268	40	11	0	2332
22228	10	29	22	2331	0	2392
22229	9	16	11	2359	0	2395
22230	18	13	8	2376	0	2415
22231	2293	7	7	51	0	2358
22232	32	9	2279	32	0	2352
22233	2240	6	27	22	0	2295
22234	2258	6	14	17	0	2295
22235	47	2197	10	16	0	2270
22236	27	2226	7	10	0	2270
22237	2237	43	7	13	0	2300
22238	37	19	3	2260	0	2319
22239	22	8	2	2310	0	2342
22240	14	13	2374	56	0	2457
22241	11	10	2365	28	0	2414
22242	15	9	45	2413	0	2482
22243	2442	12	23	45	0	2522
22244	40	13	2603	21	0	2677
22245	2664	9	44	20	0	2737
22246	51	10	17	2725	0	2803
22247	21	7	8	2848	0	2884
22248	12	6	9	2918	0	2945
22249	15	7	2874	74	0	2970
22250	15	2864	46	28	0	2953
22251	16	3021	27	22	0	3086
22252	3045	57	7	19	0	3128
22253	3104	27	7	18	0	3156
22254	66	9	8	3100	0	3183
22255	3117	8	5	56	0	3186
22256	48	15	3084	30	0	3177
22257	28	6	3051	15	0	3100
22258	15	5	64	3076	0	3160
22259	3159	7	27	61	0	3254
22260	53	5	13	3194	0	3265
22261	32	5	13	3283	0	3333
22262	3173	7	12	82	0	3274
22263	3276	5	9	42	0	3332
22264	69	3317	9	25	0	3420
22265	3239	41	7	18	0	3305
22266	56	17	9	3193	0	3275
22267	20	3214	19	55	0	3308
22268	3221	55	5	24	0	3305
22269	53	3258	17	17	0	3345
22270	31	51	4	3211	0	3297
22271	3199	18	6	62	0	3285
22272	57	10	3168	29	0	3264
22273	21	10	3208	13	0	3252
22274	17	20	68	3171	0	3276
22275	11	7	28	3293	0	3339
22276	7	8	9	3198	0	3222
22277	15	3339	10	56	0	3420
22278	3378	56	5	33	0	3472
22279	3421	21	5	22	0	3469
22280	3457	2	2	19	0	3480
22281	79	3527	13	22	0	3641
22282	36	57	13	3793	0	3899
22283	14	30	9	3855	0	3908
22284	22	5	9	3896	0	3932
22285	3704	11	5	100	0	3820
22286	64	3698	3	42	0	3807
22287	48	52	0	3701	0	3801
22288	23	29	3	3746	0	3801
22289	15	10	3618	86	0	3729
22290	16	3582	54	42	0	3694
22291	16	60	34	3578	0	3688
22292	17	37	6	3609	0	3669
22293	18	4	5	3623	0	3650
22294	3511	13	3	92	0	3619
22295	59	3493	13	51	0	3616
22296	3537	61	3	23	0	3624
22297	64	33	10	3472	0	3579
22298	3513	5	13	60	0	3591
22299	58	18	3423	45	0	3544
22300	3454	3	52	20	0	3529
22301	3432	13	25	39	0	3509
22302	86	14	3428	24	0	3552
22303	59	7	48	3459	0	3573
22304	27	19	34	3493	0	3573
22305	3582	15	13	91	0	3701
22306	78	8	10	3624	0	3720
22307	43	7	13	3652	0	3715
22308	19	15	12	3612	0	3658
22309	26	10	3511	101	0	3648
22310	3253	12	54	69	0	3388
22311	70	3524	36	40	0	3670
22312	54	56	8	3495	0	3613
22313	18	3543	17	71	0	3649
22314	20	3626	12	56	0	3714
22315	23	88	8	3638	0	3757
22316	26	40	3582	81	0	3729
22317	17	26	3598	56	0	3697
22318	31	21	80	3613	0	3745
22319	34	18	3633	88	0	3773
22320	3594	15	67	56	0	3732
22321	83	20	40	3736	0	3879
22322	44	24	10	3773	0	3851
22323	22	3711	21	120	0	3874
22324	17	62	16	3767	0	3862
22325	41	36	13	3701	0	3791
22326	30	3621	25	110	0	3786
22327	33	70	17	3714	0	3834
22328	34	37	7	3681	0	3759
22329	24	3603	20	139	0	3786
22330	3633	66	19	58	0	3776
22331	87	50	3615	36	0	3788
22332	58	18	3599	41	0	3716
22333	28	23	83	3629	0	3763
22334	33	13	45	3696	0	3787
22335	32	17	3625	110	0	3784
22336	29	25	3565	59	0	3678
22337	3289	16	89	45	0	3439
22338	65	3549	45	49	0	3708
22339	3552	60	18	40	0	3670
22340	70	40	3444	35	0	3589
22341	54	3434	75	31	0	3594
22342	29	63	41	3491	0	3624
22343	19	41	3655	86	0	3801
22344	11	25	3495	60	0	3591
22345	29	32	98	3513	0	3672
22346	27	12	3550	93	0	3682
22347	22	3470	77	59	0	3628
22348	23	82	37	3422	0	3564
22349	14	52	3461	95	0	3622
22350	16	3517	95	60	0	3688
22351	3435	70	44	40	0	3589
22352	71	38	3414	33	0	3556
22353	40	3412	77	28	0	3557
22354	37	72	46	3365	0	3520
22355	18	35	27	3500	0	3580
22356	3420	13	16	121	0	3570
22357	88	13	16	3420	0	3537
22358	45	11	10	3351	0	3417
22359	3239	10	15	117	0	3381
22360	80	17	7	3239	0	3343
22361	43	8	3129	85	0	3265
22362	21	13	74	3148	0	3256
22363	21	9	3101	85	0	3216
22364	15	10	2969	51	0	3045
22365	17	13	3073	30	0	3133
22366	25	9	77	2866	0	2977
22367	14	7	46	2970	0	3037
22368	2943	10	17	88	0	3058
22369	58	10	13	2837	0	2918
22370	37	2958	11	71	0	3077
22371	15	52	17	3047	0	3131
22372	11	35	20	2971	0	3037
22373	13	2977	18	90	0	3098
22374	2967	56	13	51	0	3087
22375	2918	29	10	25	0	2982
22376	73	2934	26	19	0	3052
22377	26	2868	17	14	0	2925
22378	16	99	14	2801	0	2930
22379	2829	27	14	52	0	2922
22380	52	14	2806	25	0	2897
22381	28	9	2576	13	0	2626
22382	2355	1	50	14	0	2420
22383	42	2497	25	8	0	2572
22384	18	41	5	2501	0	2565
22385	6	16	7	2514	0	2543
22386	10	8	4	2525	0	2547
22387	7	6	8	2520	0	2541
22388	5	2483	10	68	0	2566
22389	6	35	9	2534	0	2584
22390	2536	21	3	53	0	2613
22391	42	9	7	2652	0	2710
22392	16	10	7	2662	0	2695
22393	2656	3	8	61	0	2728
22394	2691	5	11	28	0	2735
22395	2720	9	9	13	0	2751
22396	2741	5	7	15	0	2768
22397	62	1	7	2696	0	2766
22398	2705	6	9	51	0	2771
22399	43	8	8	2712	0	2771
22400	2706	1	4	53	0	2764
22401	2698	5	8	28	0	2739
22402	57	5	5	2706	0	2773
22403	21	9	2762	51	0	2843
22404	2749	7	40	24	0	2820
22405	2812	6	18	18	0	2854
22406	2815	7	12	17	0	2851
22407	2822	9	5	17	0	2853
22408	66	2	6	2824	0	2898
22409	24	6	2811	42	0	2883
22410	9	11	2799	23	0	2842
22411	2812	7	50	17	0	2886
22412	2939	3	21	18	0	2981
22413	51	2942	10	9	0	3012
22414	21	2964	12	14	0	3011
22415	2970	48	5	15	0	3038
22416	43	22	5	2939	0	3009
22417	22	7	12	2965	0	3006
22418	2915	4	6	54	0	2979
22419	40	2971	6	28	0	3045
22420	3028	33	4	16	0	3081
22421	40	18	2951	11	0	3020
22422	2949	5	35	17	0	3006
22423	42	0	16	3024	0	3082
22424	24	4	3113	41	0	3182
22425	5	3132	32	30	0	3199
22426	12	31	20	3239	0	3302
22427	15	19	3493	41	0	3568
22428	13	5	39	3445	0	3502
22429	3552	3	24	64	0	3643
22430	42	3	3594	31	0	3670
22431	3499	3	40	14	0	3556
22432	44	3581	31	13	0	3669
22433	28	37	7	3607	0	3679
22434	15	24	3900	45	0	3984
22435	20	5	38	3897	0	3960
22436	16	5	3989	48	0	4058
22437	12	3938	55	26	0	4031
22438	3865	38	30	16	0	3949
22439	38	4122	9	9	0	4178
22440	30	46	5	4058	0	4139
22441	16	31	8	4064	0	4119
22442	11	15	3926	62	0	4014
22443	3143	7	41	41	0	3232
22444	27	3716	16	20	0	3779
22445	21	3536	9	5	0	3571
22446	9	3583	5	5	0	3602
22447	8	52	5	3491	0	3556
22448	8	3485	13	31	0	3537
22449	12	18	9	3429	0	3468
22450	12	3382	6	30	0	3430
22451	7	28	4	3358	0	3397
22452	7	3501	13	15	0	3536
22453	3515	28	7	27	0	3577
22454	21	19	3510	13	0	3563
22455	3370	9	24	7	0	3410
22456	3487	3	12	26	0	3528
22457	3588	9	5	11	0	3613
22458	29	3557	4	12	0	3602
22459	3604	19	7	9	0	3639
22460	3589	18	3	12	0	3622
22461	3676	4	11	17	0	3708
22462	42	10	3652	5	0	3709
22463	36	3	21	3700	0	3760
22464	20	10	3812	21	0	3863
22465	9	12	26	3764	0	3811
22466	3767	3	15	30	0	3815
22467	23	3783	12	22	0	3840
22468	30	24	4247	12	0	4313
22469	13	23	42	4294	0	4372
22470	10	11	24	4585	0	4630
22471	11	14	4954	65	0	5044
22472	4758	11	55	54	0	4878
22473	5009	11	34	15	0	5069
22474	5089	10	12	20	0	5131
22475	101	6	11	5005	0	5123
22476	45	4880	11	77	0	5013
22477	17	5095	12	48	0	5172
22478	17	93	12	5056	0	5178
22479	25	40	6	5014	0	5085
22480	15	5024	14	95	0	5148
22481	5050	62	6	49	0	5167
22482	70	4838	12	261	0	5181
22483	43	71	5	4980	0	5099
22484	18	46	4956	69	0	5089
22485	14	13	63	4954	0	5044
22486	4970	3	37	82	0	5092
22487	72	16	4969	39	0	5096
22488	5016	10	61	20	0	5107
22489	5139	19	43	12	0	5213
22490	5204	5	10	32	0	5251
22491	5099	4	13	22	0	5138
22492	5261	10	18	27	0	5316
22493	125	11	5027	7	0	5170
22494	57	24	5037	17	0	5135
22495	5383	6	102	20	0	5511
22496	5554	11	49	12	0	5626
22497	131	10	11	5610	0	5762
22498	66	5661	12	83	0	5822
22499	24	77	9	5775	0	5885
22500	5790	50	14	99	0	5953
22501	100	21	10	5625	0	5756
22502	65	5902	15	84	0	6066
22503	5868	87	11	58	0	6024
22504	5834	47	6	30	0	5917
22505	5850	19	9	23	0	5901
22506	134	5741	24	19	0	5918
22507	81	85	9	5739	0	5914
22508	34	51	12	5713	0	5810
22509	28	5549	12	127	0	5716
22510	40	79	7	5625	0	5751
22511	5544	56	8	106	0	5714
22512	5595	17	11	67	0	5690
22513	137	5474	18	33	0	5662
22514	77	83	15	5486	0	5661
22515	42	58	13	5586	0	5699
22516	41	18	15	5642	0	5716
22517	5473	13	14	155	0	5655
22518	110	25	5432	72	0	5639
22519	5262	12	90	38	0	5402
22520	106	29	5416	32	0	5583
22521	90	21	86	5203	0	5400
22522	41	5304	59	98	0	5502
22523	41	5532	20	72	0	5665
22524	5380	135	5	34	0	5554
22525	5342	62	17	38	0	5459
22526	145	5182	8	29	0	5364
22527	67	5011	9	41	0	5128
22528	5052	129	12	29	0	5222
22529	5113	64	15	31	0	5223
22530	156	5062	8	61	0	5287
22531	5257	99	15	28	0	5399
22532	110	67	5191	30	0	5398
22533	5296	26	83	31	0	5436
22534	5151	22	45	41	0	5259
22535	156	26	20	5036	0	5238
22536	87	4980	22	119	0	5208
22537	68	89	10	5104	0	5271
22538	5127	53	15	108	0	5303
22539	134	20	14	4976	0	5144
22540	99	20	15	5056	0	5190
22541	51	24	5157	144	0	5376
22542	51	17	93	5230	0	5391
22543	47	20	57	5365	0	5489
22544	5292	19	26	155	0	5492
22545	128	25	5252	75	0	5480
22546	5354	23	90	45	0	5512
22547	127	36	50	5336	0	5549
22548	83	29	18	5411	0	5541
22549	61	28	5	5380	0	5474
22550	48	5222	15	160	0	5445
22551	52	5343	15	104	0	5514
22552	63	131	15	5194	0	5403
22553	5145	68	15	92	0	5320
22554	5228	25	16	70	0	5339
22555	180	28	11	5117	0	5336
22556	5168	22	15	117	0	5322
22557	137	24	11	5116	0	5288
22558	92	30	13	5227	0	5362
22559	5080	14	11	170	0	5275
22560	136	5166	22	75	0	5399
22561	5189	90	12	54	0	5345
22562	5160	69	16	35	0	5280
22563	5044	17	12	54	0	5127
22564	158	4952	18	36	0	5164
22565	89	110	16	4938	0	5153
22566	54	59	11	5036	0	5160
22567	33	18	4865	154	0	5070
22568	63	45	78	4386	0	4572
22569	33	11	4269	96	0	4409
22570	41	3979	58	53	0	4131
22571	23	3496	39	34	0	3592
22572	36	3611	9	24	0	3680
22573	39	104	22	3635	0	3800
22574	34	40	9	3683	0	3766
22575	22	14	7	3667	0	3710
22576	18	20	5	3705	0	3748
22577	18	15	3677	90	0	3800
22578	25	18	4351	46	0	4440
22579	26	14	78	4534	0	4652
22580	39	13	4676	81	0	4809
22581	4645	10	69	56	0	4780
22582	4722	7	30	43	0	4802
22583	105	9	4718	43	0	4875
22584	63	11	64	4780	0	4918
22585	35	13	38	4856	0	4942
22586	32	17	16	4927	0	4992
22587	51	8	11	4902	0	4972
22588	48	13	12	4964	0	5037
22589	4054	24	22	128	0	4228
22590	4744	11	7	74	0	4836
22591	89	4747	19	65	0	4920
22592	43	84	4546	41	0	4714
22593	27	4558	65	38	0	4688
22594	15	4560	37	40	0	4652
22595	4283	78	16	29	0	4406
22596	61	4286	21	24	0	4392
22597	30	4131	14	21	0	4196
22598	4093	63	26	22	0	4204
22599	57	35	4052	17	0	4161
22600	4013	21	45	22	0	4101
22601	61	13	23	4103	0	4200
22602	30	7	12	3925	0	3974
22603	27	10	12	3959	0	4008
22604	21	14	3905	80	0	4020
22605	16	3894	55	49	0	4014
22606	3958	44	20	49	0	4071
22607	48	25	20	4001	0	4094
22608	29	4040	12	78	0	4159
22609	23	56	18	4155	0	4252
22610	24	32	4150	72	0	4278
22611	31	20	47	4193	0	4291
22612	28	20	29	4280	0	4357
22613	19	16	15	4287	0	4337
22614	4255	19	14	100	0	4388
22615	58	16	12	4329	0	4415
22616	35	14	4261	90	0	4400
22617	26	4222	57	57	0	4362
22618	35	50	30	4295	0	4410
22619	36	39	18	4301	0	4394
22620	22	22	4289	86	0	4419
22621	16	23	4150	55	0	4244
22622	4093	44	76	47	0	4260
22623	4054	28	46	39	0	4167
22624	86	4089	28	43	0	4246
22625	4115	51	18	48	0	4232
22626	68	33	4122	32	0	4255
22627	55	23	4018	42	0	4138
22628	4011	26	62	54	0	4153
22629	3979	16	29	60	0	4084
22630	70	14	3864	64	0	4012
22631	3784	18	53	62	0	3917
22632	70	11	3826	37	0	3944
22633	3736	12	62	30	0	3840
22634	3789	30	36	27	0	3882
22635	79	31	32	3576	0	3718
22636	42	3947	28	72	0	4089
22637	3084	78	33	49	0	3244
22638	73	35	3947	32	0	4087
22639	45	3938	59	34	0	4076
22640	3978	71	34	35	0	4118
22641	3674	36	22	41	0	3773
22642	75	3680	31	34	0	3820
22643	59	56	29	3662	0	3806
22644	44	25	3615	82	0	3766
22645	27	24	63	3682	0	3796
22646	39	30	3592	88	0	3749
22647	38	19	72	3616	0	3745
22648	28	32	56	3625	0	3741
22649	38	25	3570	88	0	3721
22650	31	3580	76	53	0	3740
22651	46	67	26	3540	0	3679
22652	57	40	2680	92	0	2869
22653	3530	36	56	56	0	3678
22654	68	29	39	3666	0	3802
22655	60	19	31	3703	0	3813
22656	3591	20	32	98	0	3741
22657	88	17	23	3596	0	3724
22658	62	15	29	3484	0	3590
22659	41	3513	41	88	0	3683
22660	47	62	29	3472	0	3610
22661	28	32	3396	94	0	3550
22662	40	31	64	3330	0	3465
22663	43	3347	46	78	0	3514
22664	26	3456	53	60	0	3595
22665	42	72	32	3453	0	3599
22666	3459	40	33	71	0	3603
22667	73	32	38	3461	0	3604
22668	3470	37	36	80	0	3623
22669	86	20	38	3459	0	3603
22670	3440	19	50	83	0	3592
22671	3507	18	29	65	0	3619
22672	95	24	31	3449	0	3599
22673	67	66	42	3315	0	3490
22674	62	3201	33	105	0	3401
22675	46	3296	43	73	0	3458
22676	55	59	3256	59	0	3429
22677	55	3202	53	60	0	3370
22678	2340	61	73	49	0	2523
22679	47	15	19	2318	0	2399
22680	34	2171	22	30	0	2257
22681	2258	23	20	37	0	2338
22682	45	20	15	2268	0	2348
22683	39	8	21	2206	0	2274
22684	22	12	18	2258	0	2310
22685	27	11	21	2238	0	2297
22686	25	2271	23	44	0	2363
22687	24	2448	22	26	0	2520
22688	2532	37	19	26	0	2614
22689	55	2516	23	18	0	2612
22690	35	40	13	2520	0	2608
22691	31	18	12	2540	0	2601
22692	37	14	10	2544	0	2605
22693	21	11	14	2586	0	2632
22694	2550	12	16	52	0	2630
22695	2587	5	20	34	0	2646
22696	60	11	2530	26	0	2627
22697	35	12	41	2533	0	2621
22698	29	14	2561	43	0	2647
22699	21	24	45	2558	0	2648
22700	23	8	20	2576	0	2627
22701	2534	12	17	55	0	2618
22702	48	5	12	2601	0	2666
22703	24	15	2545	50	0	2634
22704	22	12	2450	27	0	2511
22705	2467	4	48	38	0	2557
22706	41	12	2496	21	0	2570
22707	24	10	38	2337	0	2409
22708	10	9	2370	46	0	2435
22709	8	24	37	2298	0	2367
22710	7	2314	16	52	0	2389
22711	10	29	16	2278	0	2333
22712	3	2270	6	43	0	2322
22713	2	2299	9	22	0	2332
22714	4	50	3	2200	0	2257
22715	2213	11	2	39	0	2265
22716	29	2228	9	18	0	2284
22717	13	24	3	2244	0	2284
22718	2256	9	0	34	0	2299
22719	2307	8	2	20	0	2337
22720	2327	5	2	19	0	2353
22721	40	2	3	2326	0	2371
22722	16	8	1	2347	0	2372
22723	2357	4	3	52	0	2416
22724	2377	6	3	24	0	2410
22725	2392	5	4	16	0	2417
22726	45	8	5	2325	0	2383
22727	20	8	2261	29	0	2318
22728	2252	5	26	19	0	2302
22729	35	3	13	2255	0	2306
22730	18	2245	6	34	0	2303
22731	11	45	2	2215	0	2273
22732	7	2200	10	41	0	2258
22733	10	27	4	2281	0	2322
22734	14	10	2230	44	0	2298
22735	6	2145	26	18	0	2195
22736	8	23	10	1990	0	2031
22737	13	7	9	2013	0	2042
22738	9	5	3	2012	0	2029
22739	2009	4	5	43	0	2061
22740	25	2031	7	24	0	2087
22741	14	31	2	2087	0	2134
22742	2153	16	0	41	0	2210
22743	2191	8	5	20	0	2224
22744	46	8	5	2177	0	2236
22745	23	6	2193	38	0	2260
22746	13	3	33	2161	0	2210
22747	7	2194	15	44	0	2260
22748	21	28	9	2231	0	2289
22749	2208	12	4	48	0	2272
22750	42	5	6	2345	0	2398
22751	18	6	2398	46	0	2468
22752	11	2496	31	19	0	2557
22753	2537	39	12	28	0	2616
22754	43	18	2564	11	0	2636
22755	2560	9	37	18	0	2624
22756	47	5	14	2675	0	2741
22757	23	5	11	2659	0	2698
22758	13	2701	9	51	0	2774
22759	2814	44	10	36	0	2904
22760	54	11	8	2886	0	2959
22761	24	9	7	2955	0	2995
22762	16	2	5	3013	0	3036
22763	8	6	2964	83	0	3061
22764	15	8	43	2954	0	3020
22765	2980	9	18	63	0	3070
22766	3028	7	10	33	0	3078
22767	64	9	5	2992	0	3070
22768	30	4	9	3028	0	3071
22769	2974	5	5	80	0	3064
22770	50	9	2936	31	0	3026
22771	2911	5	42	25	0	2983
22772	59	11	2912	13	0	2995
22773	24	10	2955	16	0	3005
22774	21	5	55	2942	0	3023
22775	12	10	2978	56	0	3056
22776	2995	6	54	36	0	3091
22777	55	4	18	3048	0	3125
22778	33	14	3014	48	0	3109
22779	2990	6	49	35	0	3080
22780	3081	5	16	26	0	3128
22781	66	14	3134	20	0	3234
22782	46	56	46	2925	0	3073
22783	22	3190	19	45	0	3276
22784	3230	43	13	44	0	3330
22785	57	21	3305	15	0	3398
22786	3016	24	37	16	0	3093
22787	43	3069	19	20	0	3151
22788	2954	32	12	19	0	3017
22789	2933	16	1	23	0	2973
22790	2955	6	8	23	0	2992
22791	54	3	9	2936	0	3002
22792	27	2972	13	43	0	3055
22793	18	39	2896	25	0	2978
22794	14	2997	34	21	0	3066
22795	23	26	20	2782	0	2851
22796	11	2912	6	44	0	2973
22797	11	2967	15	19	0	3012
22798	2908	41	17	18	0	2984
22799	45	21	2886	15	0	2967
22800	24	9	2948	21	0	3002
22801	21	10	2950	14	0	2995
22802	11	2935	43	35	0	3024
22803	2959	23	23	27	0	3032
22804	2956	21	11	15	0	3003
22805	2961	7	6	25	0	2999
22806	42	2898	16	29	0	2985
22807	23	30	7	2985	0	3045
22808	15	21	2955	48	0	3039
22809	15	7	2915	28	0	2965
22810	2993	6	37	36	0	3072
22811	3100	5	19	21	0	3145
22812	3110	7	13	28	0	3158
22813	54	9	3051	23	0	3137
22814	3026	5	38	32	0	3101
22815	53	4	25	3082	0	3164
22816	34	4	14	3078	0	3130
22817	31	11	3249	55	0	3346
22818	20	3247	41	37	0	3345
22819	25	31	27	3271	0	3354
22820	20	10	3252	47	0	3329
22821	3052	6	48	32	0	3138
22822	44	10	26	3274	0	3354
22823	35	3	18	3288	0	3344
22824	3256	5	22	56	0	3339
22825	60	7	21	3269	0	3357
22826	3274	6	9	60	0	3349
22827	3279	11	17	39	0	3346
22828	64	8	21	3265	0	3358
22829	41	7	18	3294	0	3360
22830	3271	9	22	58	0	3360
22831	50	10	25	3285	0	3370
22832	3354	9	19	62	0	3444
22833	3327	16	23	28	0	3394
22834	3322	4	16	23	0	3365
22835	68	9	17	3253	0	3347
22836	45	14	16	3282	0	3357
22837	3271	9	13	57	0	3350
22838	58	3219	22	20	0	3319
22839	34	3162	33	9	0	3238
22840	3135	28	12	19	0	3194
22841	38	18	3062	12	0	3130
22842	3022	8	28	15	0	3073
22843	28	4	17	3086	0	3135
22844	22	13	3097	20	0	3152
22845	3112	7	25	16	0	3160
22846	37	9	14	3173	0	3233
22847	31	5	12	3292	0	3340
22848	29	4	11	3356	0	3400
22849	27	7	6	3368	0	3408
22850	3249	8	7	35	0	3299
22851	27	3172	16	16	0	3231
22852	2972	20	3	15	0	3010
22853	26	16	2956	2	0	3000
22854	15	9	2888	4	0	2916
22855	13	3043	21	3	0	3080
22856	24	32	12	2975	0	3043
22857	10	9	2990	17	0	3026
22858	5	2787	13	13	0	2818
22859	6	7	2801	4	0	2818
22860	1	5	5	2737	0	2748
22861	3	1	4	2767	0	2775
22862	2752	1	2	13	0	2768
22863	9	2	0	2728	0	2739
22864	2694	0	1	20	0	2715
22865	8	4	2688	7	0	2707
22866	3	2758	5	2	0	2768
22867	4	5	4	2852	0	2865
22868	8	3	1	3210	0	3222
22869	6	5	3265	9	0	3285
22870	6	5	3067	6	0	3084
22871	3027	0	8	7	0	3042
22872	3301	0	3	9	0	3313
22873	7	1	0	3279	0	3287
22874	5	1	0	3282	0	3288
22875	1	3251	4	9	0	3265
22876	4	7	0	3337	0	3348
22877	3381	3	2	16	0	3402
22878	3391	1	2	14	0	3408
22879	10	3437	2	4	0	3453
22880	3468	6	0	11	0	3485
22881	3399	9	0	5	0	3413
22882	23	0	2	3614	0	3639
22883	11	3716	2	19	0	3748
22884	7	18	1	3768	0	3794
22885	1	9	1	3740	0	3751
22886	1	12	3624	32	0	3669
22887	3630	1	26	25	0	3682
22888	30	2	13	4014	0	4059
22889	22	1	5	4303	0	4331
22890	6	5000	10	77	0	5093
22891	10	73	1	5304	0	5388
22892	5351	32	2	105	0	5490
22893	5623	12	2	54	0	5691
22894	129	16	5580	14	0	5739
22895	47	5	5639	10	0	5701
22896	27	3	126	5729	0	5885
22897	18	3	48	5967	0	6036
22898	9	3	5909	132	0	6053
22899	8	5	5966	48	0	6027
22900	15	2	138	5721	0	5876
22901	5	3	6004	108	0	6120
22902	8	9	6019	46	0	6082
22903	7	5	146	5820	0	5978
22904	6012	4	51	125	0	6192
22905	6166	2	22	50	0	6240
22906	146	1	20	6034	0	6201
22907	59	1	9	6206	0	6275
22908	6104	0	7	151	0	6262
22909	111	0	7	6091	0	6209
22910	6062	2	7	136	0	6207
22911	6083	1	5	60	0	6149
22912	142	2	5	6052	0	6201
22913	60	3	4	6133	0	6200
22914	5949	4	7	151	0	6111
22915	112	5933	9	63	0	6117
22916	63	6039	12	39	0	6153
22917	31	136	9	5821	0	5997
22918	31	58	5748	112	0	5949
22919	24	21	107	5754	0	5906
22920	5763	9	50	124	0	5946
22921	106	5	15	5801	0	5927
22922	5782	6	19	125	0	5932
22923	120	11	5707	81	0	5919
22924	5713	4	114	31	0	5862
22925	118	3	45	5844	0	6010
22926	70	4	21	5969	0	6064
22927	30	7	6079	153	0	6269
22928	41	9	107	6070	0	6227
22929	31	3	45	6261	0	6340
22930	27	10	15	6359	0	6411
22931	6221	8	22	169	0	6420
22932	108	5	6288	89	0	6490
22933	58	20	6240	39	0	6357
22934	6184	3	137	58	0	6382
22935	6385	5	59	40	0	6489
22936	157	17	6462	25	0	6661
22937	78	11	120	6233	0	6442
22938	38	6530	73	119	0	6760
22939	51	97	32	6675	0	6855
22940	6658	43	34	138	0	6873
22941	6772	19	31	83	0	6905
22942	162	17	30	6663	0	6872
22943	69	6666	30	148	0	6913
22944	53	99	28	6506	0	6686
22945	39	6661	44	119	0	6863
22946	6653	101	22	92	0	6868
22947	6562	50	26	48	0	6686
22948	6539	14	27	54	0	6634
22949	159	6285	21	52	0	6517
22950	79	6465	27	65	0	6636
22951	65	144	19	6480	0	6708
22952	48	50	27	6569	0	6694
22953	30	23	24	6584	0	6661
22954	57	18	14	6626	0	6715
22955	43	19	6317	194	0	6573
22956	6033	8	117	111	0	6269
22957	138	19	6454	64	0	6675
22958	6501	13	123	69	0	6706
22959	139	19	6670	46	0	6874
22960	6630	8	130	57	0	6825
22961	154	20	6800	38	0	7012
22962	6610	14	134	56	0	6814
22963	159	13	67	6817	0	7056
22964	6928	8	34	190	0	7160
22965	157	10	36	7056	0	7259
22966	98	12	25	7092	0	7227
22967	60	14	23	6953	0	7050
22968	41	6520	30	195	0	6786
22969	6481	107	25	112	0	6725
22970	6493	53	32	72	0	6650
22971	178	6507	26	74	0	6785
22972	103	119	14	6552	0	6788
22973	64	59	6466	146	0	6735
22974	6379	26	125	100	0	6630
22975	6641	23	62	61	0	6787
22976	6596	12	33	63	0	6704
22977	198	14	29	6300	0	6541
22978	102	6283	31	147	0	6563
22979	71	116	29	6274	0	6490
22980	6252	45	24	158	0	6479
22981	163	22	16	6042	0	6243
22982	66	5879	38	115	0	6098
22983	5713	96	25	92	0	5926
22984	140	55	5699	34	0	5928
22985	81	23	5708	36	0	5848
22986	42	5687	145	25	0	5899
22987	38	5601	61	33	0	5733
22988	48	118	5288	38	0	5492
22989	64	59	4943	27	0	5093
22990	43	234	73	3811	0	4161
22991	3925	9	37	55	0	4026
22992	52	11	3953	20	0	4036
22993	20	3701	34	18	0	3773
22994	3789	29	16	25	0	3859
22995	31	3736	8	16	0	3791
22996	3605	28	1	17	0	3651
22997	29	3594	9	0	0	3632
22998	13	3661	6	9	0	3689
22999	7	34	13	3659	0	3713
23000	13	9	15	3669	0	3706
23001	6	13	3526	26	0	3571
23002	7	5	20	3470	0	3502
23003	3510	3	9	26	0	3548
23004	3525	5	6	19	0	3555
23005	31	1	3	3509	0	3544
23006	17	6	3442	21	0	3486
23007	12	2	3428	14	0	3456
23008	11	4	27	3490	0	3532
23009	5	11	3506	25	0	3547
23010	9	4	24	3486	0	3523
23011	10	1	10	3477	0	3498
23012	6	8	3834	29	0	3877
23013	3646	1	31	23	0	3701
23014	3862	6	12	16	0	3896
23015	40	13	3858	2	0	3913
23016	17	9	4018	9	0	4053
23017	16	3	52	4054	0	4125
23018	10	0	18	4685	0	4713
23019	9	11	6	4762	0	4788
23020	14	2	4	4751	0	4771
23021	4701	7	2	75	0	4785
23022	5077	1	3	36	0	5117
23023	83	3	3	5422	0	5511
23024	42	3	6	5659	0	5710
23025	13	7	5973	95	0	6088
23026	11	6	78	6075	0	6170
23027	10	3	42	6363	0	6418
23028	6457	4	11	151	0	6623
23029	102	6774	12	66	0	6954
23030	69	121	2	6780	0	6972
23031	24	58	2	6785	0	6869
23032	11	7	10	6673	0	6701
23033	3	6135	10	182	0	6330
23034	8	6571	7	112	0	6698
23035	19	155	9	6567	0	6750
23036	11	64	7	6495	0	6577
23037	10	13	10	6601	0	6634
23038	6216	7	6	204	0	6433
23039	120	6251	9	95	0	6475
23040	6353	117	8	36	0	6514
23041	6425	67	9	20	0	6521
23042	196	20	7	6211	0	6434
23043	74	6124	9	134	0	6341
23044	6153	118	9	81	0	6361
23045	132	70	5	6168	0	6375
23046	6298	15	9	160	0	6482
23047	143	11	8	6424	0	6586
23048	79	10	6337	152	0	6578
23049	24	16	6468	92	0	6600
23050	28	14	177	6435	0	6654
23051	29	13	79	6540	0	6661
23052	26	13	17	6460	0	6516
23053	21	6212	17	215	0	6465
23054	23	6565	13	117	0	6718
23055	6425	181	13	47	0	6666
23056	6387	80	10	48	0	6525
23057	173	6299	10	43	0	6525
23058	77	6133	9	43	0	6262
23059	23	6328	14	51	0	6416
23060	6073	171	6	47	0	6297
23061	119	6040	14	74	0	6247
23062	94	126	7	6084	0	6311
23063	6080	71	6	160	0	6317
23064	6108	24	7	111	0	6250
23065	202	24	15	5905	0	6146
23066	97	16	5841	144	0	6098
23067	27	29	5901	95	0	6052
23068	49	19	185	5896	0	6149
23069	36	22	6004	152	0	6214
23070	41	22	128	5971	0	6162
23071	38	22	76	5979	0	6115
23072	28	22	5948	216	0	6214
23073	22	27	5950	110	0	6109
23074	46	19	182	5878	0	6125
23075	34	23	73	6112	0	6242
23076	5939	23	31	213	0	6206
23077	136	5858	26	132	0	6152
23078	86	6151	14	67	0	6318
23079	6018	188	17	61	0	6284
23080	6129	90	14	54	0	6287
23081	194	5975	18	57	0	6244
23082	104	6132	18	47	0	6301
23083	6062	194	13	59	0	6328
23084	146	88	14	6031	0	6279
23085	5941	40	19	168	0	6168
23086	145	5884	25	121	0	6175
23087	5976	138	14	74	0	6202
23088	154	80	5908	68	0	6210
23089	5892	36	121	80	0	6129
23090	151	36	5943	83	0	6213
23091	92	31	145	5932	0	6200
23092	5823	26	86	191	0	6126
23093	144	31	5770	139	0	6084
23094	106	33	129	5764	0	6032
23095	5726	41	80	178	0	6025
23096	155	39	5749	136	0	6079
23097	98	44	131	5791	0	6064
23098	5675	39	73	184	0	5971
23099	148	5700	38	130	0	6016
23100	105	148	23	5827	0	6103
23101	65	102	14	5865	0	6046
23102	67	55	24	5890	0	6036
23103	40	5821	29	227	0	6117
23104	90	137	16	6078	0	6321
23105	70	92	16	6166	0	6344
23106	71	42	27	6174	0	6314
23107	74	46	24	6257	0	6401
23108	59	52	6031	224	0	6366
23109	5842	34	129	127	0	6132
23110	6107	35	89	81	0	6312
23111	224	6048	38	61	0	6371
23112	125	129	33	5761	0	6048
23113	56	84	25	5831	0	5996
23114	56	5775	39	210	0	6080
23115	65	119	41	5756	0	5981
23116	5435	76	31	159	0	5701
23117	119	5319	50	109	0	5597
23118	4982	101	29	54	0	5166
23119	114	68	16	4945	0	5143
23120	91	25	4899	125	0	5140
23121	26	4879	111	105	0	5121
23122	4492	88	75	53	0	4708
23123	92	4194	21	30	0	4337
23124	54	4078	22	34	0	4188
23125	3538	90	20	36	0	3684
23126	62	41	3568	27	0	3698
23127	34	3262	45	13	0	3354
23128	2872	58	111	21	0	3062
23129	2655	19	3	10	0	2687
23130	37	2688	6	14	0	2745
23131	20	22	0	2764	0	2806
23132	9	24	2936	33	0	3002
23133	11	8	23	2916	0	2958
23134	12	4	13	2933	0	2962
23135	17	5	2	3063	0	3087
23136	8	13	3071	33	0	3125
23137	15	4	22	2977	0	3018
23138	7	7	3041	29	0	3084
23139	8	12	2847	17	0	2884
23140	2579	6	36	17	0	2638
23141	26	2966	19	10	0	3021
23142	20	3021	7	8	0	3056
23143	14	42	3	3114	0	3173
23144	3426	17	3	59	0	3505
23145	3435	6	4	29	0	3474
23146	3364	7	3	19	0	3393
23147	3349	10	3	17	0	3379
23148	3215	5	5	13	0	3238
23149	44	11	3184	7	0	3246
23150	26	5	23	3185	0	3239
23151	6	3127	19	32	0	3184
23152	6	24	11	3224	0	3265
23153	3255	18	3	37	0	3313
23154	26	3199	11	20	0	3256
23155	15	26	0	3293	0	3334
23156	3299	15	5	38	0	3357
23157	3399	9	7	30	0	3445
23158	46	3	7	3438	0	3494
23159	26	5	4	3395	0	3430
23160	16	10	5	3433	0	3464
23161	12	10	3364	49	0	3435
23162	12	11	3359	27	0	3409
23163	8	7	36	3470	0	3521
23164	12	6	19	3504	0	3541
23165	3477	4	7	45	0	3533
23166	3466	5	7	27	0	3505
23167	3482	8	3	19	0	3512
23168	3572	7	7	26	0	3612
23169	3538	8	8	11	0	3565
23170	52	3549	12	6	0	3619
23171	3664	29	4	20	0	3717
23172	3666	22	7	16	0	3711
23173	3687	8	3	24	0	3722
23174	48	7	3	3756	0	3814
23175	22	8	3703	39	0	3772
23176	16	13	31	3761	0	3821
23177	14	11	4054	47	0	4126
23178	19	5	33	3916	0	3973
23179	8	4052	20	41	0	4121
23180	4122	23	9	28	0	4182
23181	4244	17	5	23	0	4289
23182	47	8	5	4276	0	4336
23183	25	9	1	4449	0	4484
23184	15	6	4	4501	0	4526
23185	14	4593	4	46	0	4657
23186	4607	31	5	25	0	4668
23187	4596	15	4	21	0	4636
23188	47	4592	8	13	0	4660
23189	24	32	4	4665	0	4725
23190	14	17	2	4577	0	4610
23191	10	4651	12	46	0	4719
23192	4730	35	4	31	0	4800
23193	4737	14	7	22	0	4780
23194	55	10	4	4744	0	4813
23195	21	17	4825	39	0	4902
23196	21	4	4654	27	0	4706
23197	14	7	47	4903	0	4971
23198	19	1	20	4944	0	4984
23199	20	4	7	5023	0	5054
23200	4960	5	8	73	0	5046
23201	4887	3	14	63	0	4967
23202	57	4969	13	69	0	5108
23203	5183	34	11	31	0	5259
23204	51	26	5148	15	0	5240
23205	41	9	5097	12	0	5159
23206	20	5371	55	18	0	5464
23207	5234	35	38	20	0	5327
23208	36	5252	10	15	0	5313
23209	5250	37	8	16	0	5311
23210	37	23	5221	14	0	5295
23211	24	12	5079	8	0	5123
23212	11	6	49	5057	0	5123
23213	11	15	5277	42	0	5345
23214	17	6	33	5311	0	5367
23215	19	11	17	4924	0	4971
23216	11	5366	11	56	0	5444
23217	17	37	5	5419	0	5478
23218	11	21	7	5479	0	5518
23219	5645	7	12	65	0	5729
23220	44	5711	14	31	0	5800
23221	37	38	8	5940	0	6023
23222	10	36	5921	55	0	6022
23223	5336	5	61	56	0	5458
23224	57	14	5900	19	0	5990
23225	44	9	50	5758	0	5861
23226	14	6153	38	58	0	6263
23227	25	59	6	6047	0	6137
23228	6151	35	10	71	0	6267
23229	6089	4	13	51	0	6157
23230	86	6328	15	14	0	6443
23231	6577	58	10	35	0	6680
23232	6482	36	13	35	0	6566
23233	6638	9	12	35	0	6694
23234	6730	13	12	30	0	6785
23235	6148	13	17	46	0	6224
23236	82	14	6531	14	0	6641
23237	57	17	59	6500	0	6633
23238	30	12	39	6452	0	6533
23239	26	16	10	6506	0	6558
23240	21	6555	14	103	0	6693
23241	25	64	15	6569	0	6673
23242	17	40	6502	80	0	6639
23243	15	6386	57	58	0	6516
23244	14	6211	42	23	0	6290
23245	37	81	11	6238	0	6367
23246	21	34	12	6244	0	6311
23247	21	15	15	6120	0	6171
23248	21	6065	13	94	0	6193
23249	16	6158	22	49	0	6245
23250	6166	87	16	29	0	6298
23251	6124	45	14	36	0	6219
23252	88	6173	16	26	0	6303
23253	6265	64	16	30	0	6375
23254	6467	44	12	58	0	6581
23255	107	16	16	6555	0	6694
23256	58	18	20	6796	0	6892
23257	40	18	13	6775	0	6846
23258	33	27	6764	105	0	6929
23259	40	22	6738	51	0	6851
23260	29	7117	106	28	0	7280
23261	7287	74	54	31	0	7446
23262	91	70	7373	29	0	7563
23263	7351	11	80	55	0	7497
23264	100	19	7797	31	0	7947
23265	7777	13	96	42	0	7928
23266	109	8030	79	37	0	8255
23267	8063	97	21	33	0	8214
23268	116	72	26	7999	0	8213
23269	91	15	25	8148	0	8279
23270	26	35	8091	176	0	8328
23271	24	8348	92	109	0	8573
23272	32	112	67	8469	0	8680
23273	30	92	8378	115	0	8615
23274	7629	30	97	103	0	7859
23275	107	8294	83	31	0	8515
23276	8293	94	20	38	0	8445
23277	99	8001	20	41	0	8161
23278	85	114	16	7929	0	8144
23279	7857	71	12	129	0	8069
23280	106	7922	27	91	0	8146
23281	87	100	22	7924	0	8133
23282	34	89	7785	124	0	8032
23283	7363	25	91	98	0	7577
23284	114	23	62	7697	0	7896
23285	91	26	7562	113	0	7792
23286	28	7556	101	103	0	7788
23287	41	92	71	7618	0	7822
23288	29	95	7579	104	0	7807
23289	30	51	98	7305	0	7484
23290	21	7573	82	102	0	7778
23291	22	7710	26	110	0	7868
23292	39	149	7576	26	0	7790
23293	37	72	94	7505	0	7708
23294	24	35	7633	99	0	7791
23295	7333	12	89	93	0	7527
23296	103	19	71	7285	0	7478
23297	79	7238	23	91	0	7431
23298	29	7478	17	73	0	7597
23299	7267	143	13	29	0	7452
23300	88	7499	18	28	0	7633
23301	7480	89	32	45	0	7646
23302	102	72	7420	26	0	7620
23303	6922	15	88	30	0	7055
23304	88	7053	66	35	0	7242
23305	7070	79	33	24	0	7206
23306	84	6956	19	29	0	7088
23307	68	81	10	6924	0	7083
23308	25	62	14	7056	0	7157
23309	20	31	6993	131	0	7175
23310	6745	14	83	86	0	6928
23311	83	17	7181	22	0	7303
23312	7224	19	88	26	0	7357
23313	105	21	62	7200	0	7388
23314	78	16	13	7215	0	7322
23315	17	7262	24	169	0	7472
23316	23	105	17	7481	0	7626
23317	34	81	12	7594	0	7721
23318	22	28	7411	176	0	7637
23319	6725	13	111	101	0	6950
23320	104	7095	81	27	0	7307
23321	7058	98	24	31	0	7211
23322	110	64	14	6999	0	7187
23323	71	29	13	7087	0	7200
23324	7043	16	16	160	0	7235
23325	107	7119	22	80	0	7328
23326	6825	102	12	26	0	6965
23327	97	6810	23	22	0	6952
23328	72	6878	11	10	0	6971
23329	6811	161	20	22	0	7014
23330	112	68	31	6591	0	6802
23331	77	25	6474	104	0	6680
23332	20	20	102	6364	0	6506
23333	33	10	64	6261	0	6368
23334	15	6267	30	179	0	6491
23335	31	105	16	6394	0	6546
23336	20	70	10	6451	0	6551
23337	27	25	17	6559	0	6628
23338	22	22	10	6654	0	6708
23339	10	27	6454	184	0	6675
23340	22	22	6613	88	0	6745
23341	23	19	186	6693	0	6921
23342	18	17	6803	132	0	6970
23343	22	22	6781	83	0	6908
23344	36	16	182	6734	0	6968
23345	24	29	7111	136	0	7300
23346	31	29	127	6721	0	6908
23347	20	7152	83	110	0	7365
23348	7623	122	17	95	0	7857
23349	143	90	8258	29	0	8520
23350	105	21	156	8230	0	8512
23351	38	35	8465	173	0	8711
23352	35	23	160	9077	0	9295
23353	36	17	111	9262	0	9426
23354	8979	16	28	308	0	9331
23355	197	13	19	9141	0	9370
23356	8723	17	16	220	0	8976
23357	8863	15	22	153	0	9053
23358	284	8589	28	53	0	8954
23359	8481	170	20	44	0	8715
23360	193	8182	24	44	0	8443
23361	104	8385	23	28	0	8540
23362	8062	250	51	45	0	8408
23363	179	116	8001	31	0	8327
23364	102	41	7796	23	0	7962
23365	7548	23	253	27	0	7851
23366	7741	13	125	30	0	7909
23367	231	7744	43	26	0	8044
23368	7913	147	31	35	0	8126
23369	7968	91	19	49	0	8127
23370	7796	24	18	33	0	7871
23371	268	20	19	7494	0	7801
23372	7482	12	18	174	0	7686
23373	177	7608	27	113	0	7925
23374	119	149	18	7785	0	8071
23375	60	97	12	7813	0	7982
23376	45	7810	21	255	0	8131
23377	44	148	21	7985	0	8198
23378	7799	97	25	198	0	8119
23379	7946	35	17	149	0	8147
23380	251	7613	25	102	0	7991
23381	125	7863	33	52	0	8073
23382	7843	232	20	56	0	8151
23383	191	116	7777	42	0	8126
23384	141	48	7855	38	0	8082
23385	75	25	241	7661	0	8002
23386	75	27	120	7821	0	8043
23387	70	31	7683	244	0	8028
23388	53	7460	170	149	0	7832
23389	69	164	106	7268	0	7607
23390	56	130	7646	174	0	8006
23391	60	49	168	7670	0	7947
23392	70	32	119	7646	0	7867
23393	49	7903	65	278	0	8295
23394	65	160	35	8015	0	8275
23395	67	115	32	8079	0	8293
23396	66	46	29	8181	0	8322
23397	7962	39	17	283	0	8301
23398	210	34	27	7776	0	8047
23399	138	7881	33	181	0	8233
23400	7861	155	27	139	0	8182
23401	206	121	7664	60	0	8051
23402	135	56	7655	58	0	7904
23403	7592	47	236	69	0	7944
23404	211	42	127	7720	0	8100
23405	141	42	7748	187	0	8118
23406	73	34	179	7815	0	8101
23407	77	31	121	8000	0	8229
23408	7816	38	48	277	0	8179
23409	7833	37	45	169	0	8084
23410	279	7772	42	87	0	8180
23411	181	167	32	7715	0	8095
23412	86	121	7658	188	0	8053
23413	67	7875	155	154	0	8251
23414	7831	153	118	107	0	8209
23415	169	8284	68	67	0	8588
23416	8310	165	43	75	0	8593
23417	180	135	8211	57	0	8583
23418	8215	59	146	68	0	8488
23419	8489	44	121	61	0	8715
23420	264	53	8561	53	0	8931
23421	167	73	156	8161	0	8557
23422	77	8478	131	167	0	8853
23423	63	8737	60	145	0	9005
23424	59	8851	35	79	0	9024
23425	74	250	41	8621	0	8986
23426	67	137	8780	175	0	9159
23427	78	58	138	8732	0	9006
23428	76	37	104	8924	0	9141
23429	71	50	8835	249	0	9205
23430	55	8797	165	159	0	9176
23431	81	141	121	8745	0	9088
23432	8802	122	43	186	0	9153
23433	175	43	36	8841	0	9095
23434	139	31	36	8739	0	8945
23435	73	8663	42	247	0	9025
23436	8714	142	22	175	0	9053
23437	173	123	50	8841	0	9187
23438	150	63	8767	163	0	9143
23439	70	8727	150	141	0	9088
23440	8538	143	126	78	0	8885
23441	161	123	8644	49	0	8977
23442	8402	63	159	60	0	8684
23443	159	43	123	8470	0	8795
23444	119	8642	63	127	0	8951
23445	8416	137	36	125	0	8714
23446	8356	103	45	84	0	8588
23447	202	8447	46	65	0	8760
23448	136	105	30	7968	0	8239
23449	49	73	34	7460	0	7616
23450	7250	26	26	165	0	7467
23451	96	7311	31	100	0	7538
23452	69	68	11	6615	0	6763
23453	19	6507	23	65	0	6614
23454	30	6501	14	63	0	6608
23455	22	94	11	6344	0	6471
23456	6335	44	7	68	0	6454
23457	51	6338	13	54	0	6456
23458	47	44	13	6360	0	6464
23459	19	42	9	6378	0	6448
23460	16	28	6274	78	0	6396
23461	25	15	6001	52	0	6093
23462	15	6180	75	19	0	6289
23463	25	66	6053	19	0	6163
23464	23	46	41	6044	0	6154
23465	36	26	6169	48	0	6279
23466	20	16	46	6197	0	6279
23467	25	19	32	6183	0	6259
23468	23	24	12	6235	0	6294
23469	6053	22	10	88	0	6173
23470	55	11	10	6057	0	6133
23471	49	19	9	6027	0	6104
23472	11	6017	17	85	0	6130
23473	33	54	8	5874	0	5969
23474	5884	46	12	84	0	6026
23475	57	6013	15	45	0	6130
23476	6055	54	8	45	0	6162
23477	56	45	6003	30	0	6134
23478	44	31	6049	26	0	6150
23479	33	19	76	6334	0	6462
23480	19	21	38	6479	0	6557
23481	18	6490	26	112	0	6646
23482	18	62	22	6385	0	6487
23483	6485	43	21	81	0	6630
23484	6482	28	16	70	0	6596
23485	90	21	24	6562	0	6697
23486	46	29	7066	88	0	7229
23487	21	22	61	7193	0	7297
23488	25	10	42	7467	0	7544
23489	29	18	12	7530	0	7589
23490	21	23	13	7372	0	7429
23491	24	17	10	7289	0	7340
23492	13	7204	20	134	0	7371
23493	7023	67	26	88	0	7204
23494	7166	49	20	59	0	7294
23495	7239	20	12	50	0	7321
23496	128	7288	18	35	0	7469
23497	7255	74	15	48	0	7392
23498	78	7265	34	34	0	7411
23499	56	85	7216	48	0	7405
23500	28	55	74	7120	0	7277
23501	35	32	7336	93	0	7496
23502	24	7393	78	69	0	7564
23503	7364	77	46	54	0	7541
23504	90	66	7614	36	0	7806
23505	66	27	7954	42	0	8089
23506	26	8264	146	39	0	8475
23507	33	108	74	8400	0	8615
23508	28	95	9059	121	0	9303
23509	33	36	110	8930	0	9109
23510	37	41	74	9963	0	10115
23511	35	10	30	10602	0	10677
23512	10915	19	11	246	0	11191
23513	10868	15	18	133	0	11034
23514	251	21	12	10719	0	11003
23515	10541	8	25	197	0	10771
23516	185	19	10213	109	0	10526
23517	108	19	10115	44	0	10286
23518	63	21	10330	38	0	10452
23519	44	20	10576	53	0	10693
23520	31	10339	227	61	0	10658
23521	75	134	143	10149	0	10501
23522	40	86	10442	142	0	10710
23523	9703	35	150	119	0	10007
23524	10376	16	96	58	0	10546
23525	202	10299	74	46	0	10621
23526	10277	129	55	38	0	10499
23527	163	75	46	10239	0	10523
23528	96	48	10485	154	0	10783
23529	73	27	152	9849	0	10101
23530	29	10658	106	157	0	10950
23531	10575	132	48	116	0	10871
23532	10719	88	39	53	0	10899
23533	218	10727	39	48	0	11032
23534	10912	147	25	55	0	11139
23535	10764	99	35	59	0	10957
23536	234	10760	46	55	0	11095
23537	151	149	33	10419	0	10752
23538	58	10612	42	170	0	10882
23539	10692	174	20	114	0	11000
23540	198	107	28	10652	0	10985
23541	10654	49	33	179	0	10915
23542	190	32	27	10663	0	10912
23543	127	57	10506	169	0	10859
23544	10148	39	142	126	0	10455
23545	185	50	10546	54	0	10835
23546	136	37	157	10459	0	10789
23547	72	53	10483	163	0	10771
23548	79	35	167	10461	0	10742
23549	70	40	10496	191	0	10797
23550	10073	32	175	141	0	10421
23551	176	10356	129	76	0	10737
23552	10481	147	68	72	0	10768
23553	199	103	53	10419	0	10774
23554	10306	43	62	192	0	10603
23555	173	10364	59	131	0	10727
23556	130	10329	58	80	0	10597
23557	66	10725	61	82	0	10934
23558	10781	233	44	85	0	11143
23559	198	121	40	10774	0	11133
23560	152	74	25	10930	0	11181
23561	84	61	10712	241	0	11098
23562	72	59	10700	150	0	10981
23563	89	46	217	10856	0	11208
23564	83	63	11080	182	0	11408
23565	46	11010	191	132	0	11379
23566	10932	164	127	90	0	11313
23567	179	123	11069	75	0	11446
23568	134	64	11074	64	0	11336
23569	84	36	256	10871	0	11247
23570	11188	42	152	198	0	11580
23571	190	42	85	11265	0	11582
23572	11180	32	75	211	0	11498
23573	210	34	73	11189	0	11506
23574	148	44	11334	182	0	11708
23575	84	11147	189	156	0	11576
23576	75	151	11253	85	0	11564
23577	58	11253	213	65	0	11589
23578	87	193	144	10936	0	11360
23579	10809	108	63	184	0	11164
23580	182	65	10829	138	0	11214
23581	152	35	173	10689	0	11049
23582	91	36	120	10997	0	11244
23583	10921	39	66	262	0	11288
23584	181	44	65	10708	0	10998
23585	120	10951	61	172	0	11304
23586	10339	153	57	146	0	10695
23587	158	125	10205	85	0	10573
23588	9884	48	145	71	0	10148
23589	174	10138	124	75	0	10511
23590	134	162	64	9761	0	10121
23591	74	10316	59	161	0	10610
23592	10228	155	44	126	0	10553
23593	181	112	10143	81	0	10517
23594	9882	65	147	68	0	10162
23595	177	10205	108	76	0	10566
23596	135	138	57	10208	0	10538
23597	10305	97	48	162	0	10612
23598	10359	56	43	133	0	10591
23599	233	53	44	10345	0	10675
23600	158	48	32	10382	0	10620
23601	73	10352	55	228	0	10708
23602	91	172	47	10509	0	10819
23603	59	12399	58	193	0	12709
23604	46	12781	47	149	0	13023
23605	95	401	38	11511	0	12045
23606	56	11826	47	189	0	12118
23607	110	181	11921	122	0	12334
23608	103	123	11915	64	0	12205
23609	31	11798	276	114	0	12219
23610	46	193	11515	29	0	11783
23611	28	128	11279	27	0	11462
23612	18	41	10773	23	0	10855
23613	17	10533	262	12	0	10824
23614	10344	173	163	35	0	10715
23615	133	10372	51	27	0	10583
23616	119	169	10362	13	0	10663
23617	36	104	150	10189	0	10479
23618	10184	27	102	163	0	10476
23619	140	26	10051	99	0	10316
23620	123	9	145	9939	0	10216
23621	37	14	10145	155	0	10351
23622	35	7	168	9863	0	10073
23623	9786	17	110	181	0	10094
23624	146	22	10047	115	0	10330
23625	103	10197	161	48	0	10509
23626	61	159	100	9926	0	10246
23627	10315	99	33	167	0	10614
23628	166	45	10136	105	0	10452
23629	130	32	163	9404	0	9729
23630	32	9930	121	148	0	10231
23631	10200	163	41	114	0	10518
23632	10453	110	30	41	0	10634
23633	279	41	23	10195	0	10538
23634	135	10460	41	164	0	10800
23635	36	10757	37	114	0	10944
23636	11062	274	25	54	0	11415
23637	214	148	51	10808	0	11221
23638	131	11064	39	203	0	11437
23639	10992	212	32	149	0	11385
23640	219	143	28	11122	0	11512
23641	150	43	39	11304	0	11536
23642	45	34	10675	340	0	11094
23643	32	11027	206	166	0	11431
23644	25	11487	150	58	0	11720
23645	44	336	41	11332	0	11753
23646	11380	163	34	235	0	11812
23647	213	11330	40	151	0	11734
23648	11406	220	37	79	0	11742
23649	237	11416	43	40	0	11736
23650	162	250	37	11248	0	11697
23651	11319	154	37	236	0	11746
23652	264	66	34	11406	0	11770
23653	170	56	11375	260	0	11861
23654	75	42	226	10980	0	11323
23655	35	11275	176	238	0	11724
23656	11174	238	64	163	0	11639
23657	228	11238	65	68	0	11599
23658	186	250	47	10792	0	11275
23659	81	181	35	11113	0	11410
23660	54	72	10837	362	0	11325
23661	43	63	10965	195	0	11266
23662	59	49	358	10718	0	11184
23663	53	81	10764	237	0	11135
23664	38	10557	260	175	0	11030
23665	10516	238	164	80	0	10998
23666	242	175	10790	63	0	11270
23667	10605	70	249	71	0	10995
23668	10906	59	168	67	0	11200
23669	10944	50	68	74	0	11136
23670	10920	66	45	64	0	11095
23671	400	54	49	10612	0	11115
23672	206	41	49	10440	0	10736
23673	85	10481	72	432	0	11070
23674	10271	247	61	187	0	10766
23675	250	199	10158	71	0	10678
23676	187	84	237	10034	0	10542
23677	86	59	174	10280	0	10599
23678	70	62	10103	369	0	10604
23679	57	10091	251	202	0	10601
23680	98	253	168	9671	0	10190
23681	80	182	61	10289	0	10612
23682	10021	67	56	377	0	10521
23683	233	9976	66	235	0	10510
23684	204	238	43	9806	0	10291
23685	84	9964	65	260	0	10373
23686	87	267	37	10113	0	10504
23687	9968	182	42	276	0	10468
23688	10134	76	43	204	0	10457
23689	390	56	45	9920	0	10411
23690	9929	46	45	288	0	10308
23691	9856	58	51	201	0	10166
23692	375	9667	57	99	0	10198
23693	217	252	50	9426	0	9945
23694	108	9729	60	249	0	10146
23695	97	262	39	9713	0	10111
23696	9594	187	28	293	0	10102
23697	292	81	39	9621	0	10033
23698	212	58	29	9755	0	10054
23699	102	67	9428	371	0	9968
23700	74	9058	220	226	0	9578
23701	76	9494	142	112	0	9824
23702	8949	306	67	103	0	9425
23703	207	129	33	6932	0	7301
23704	6619	57	20	157	0	6853
23705	152	6403	30	138	0	6723
23706	134	6120	28	54	0	6336
23707	43	6408	27	67	0	6545
23708	5731	151	66	68	0	6016
23709	135	5796	26	44	0	6001
23710	5725	107	75	51	0	5958
23711	5675	61	9	36	0	5781
23712	5879	23	9	54	0	5965
23713	132	33	9	6156	0	6330
23714	85	17	11	6284	0	6397
23715	30	30	16	6361	0	6437
23716	33	23	11	6367	0	6434
23717	6197	20	9	185	0	6411
23718	101	6137	21	83	0	6342
23719	75	88	14	6115	0	6292
23720	6116	61	10	127	0	6314
23721	102	20	19	6133	0	6274
23722	88	24	12	6158	0	6282
23723	6016	15	8	157	0	6196
23724	103	28	5872	85	0	6088
23725	82	14	76	5752	0	5924
23726	32	20	5828	100	0	5980
23727	38	16	81	5603	0	5738
23728	30	50	55	5575	0	5710
23729	5465	13	11	155	0	5644
23730	86	5333	39	77	0	5535
23731	61	5190	18	27	0	5296
23732	4898	101	6	26	0	5031
23733	71	4996	20	18	0	5105
23734	5121	73	9	46	0	5249
23735	78	51	5059	26	0	5214
23736	4490	8	41	22	0	4561
23737	4592	6	19	23	0	4640
23738	4629	4	9	27	0	4669
23739	56	7	4	4538	0	4605
23740	31	4	7	4573	0	4615
23741	9	4549	6	45	0	4609
23742	15	29	4	4632	0	4680
23743	4522	21	2	66	0	4611
23744	36	4514	6	26	0	4582
23745	20	4489	6	7	0	4522
23746	4460	37	3	19	0	4519
23747	31	27	4403	11	0	4472
23748	23	28	29	4359	0	4439
23749	10	14	4490	32	0	4546
23750	8	3	30	4397	0	4438
23751	5	4464	21	25	0	4515
23752	16	29	2	4537	0	4584
23753	4477	13	1	45	0	4536
23754	33	6	5	4493	0	4537
23755	14	14	4655	37	0	4720
23756	4275	4	34	32	0	4345
23757	36	4733	22	6	0	4797
23758	21	5055	9	3	0	5088
23759	5227	52	6	28	0	5313
23760	5473	24	3	19	0	5519
23761	66	20	5413	7	0	5506
23762	5210	7	43	24	0	5284
23763	55	5445	32	5	0	5537
23764	5501	45	9	25	0	5580
23765	61	26	6	5332	0	5425
23766	31	5020	6	45	0	5102
23767	5078	43	4	37	0	5162
23768	54	36	5117	11	0	5218
23769	45	9	47	5130	0	5231
23770	5246	8	25	69	0	5348
23771	62	11	5217	34	0	5324
23772	5219	3	52	31	0	5305
23773	60	9	23	5194	0	5286
23774	46	3	13	5266	0	5328
23775	14	15	5293	76	0	5398
23776	24	2	43	5293	0	5362
23777	5354	4	30	75	0	5463
23778	53	5248	19	44	0	5364
23779	5318	51	4	32	0	5405
23780	5320	28	5	28	0	5381
23781	84	15	7	5281	0	5387
23782	44	14	5366	58	0	5482
23783	20	9	49	5410	0	5488
23784	5466	6	30	81	0	5583
23785	59	5437	14	39	0	5549
23786	5554	60	11	22	0	5647
23787	76	33	7	5543	0	5659
23788	51	15	8	5637	0	5711
23789	29	7	10	5683	0	5729
23790	10	9	5532	118	0	5669
23791	30	5	64	5644	0	5743
23792	14	18	5631	85	0	5748
23793	29	17	5700	44	0	5790
23794	23	5	95	6763	0	6886
23795	19	16	6900	122	0	7057
23796	7362	13	120	96	0	7591
23797	152	5	72	7755	0	7984
23798	106	22	29	7603	0	7760
23799	38	7695	21	203	0	7957
23800	7799	126	12	112	0	8049
23801	7951	95	8	64	0	8118
23802	229	7994	16	30	0	8269
23803	129	145	7	8019	0	8300
23804	61	93	8046	141	0	8341
23805	7792	33	135	115	0	8075
23806	8209	28	95	39	0	8371
23807	245	16	29	7861	0	8151
23808	122	25	7617	137	0	7901
23809	47	7452	139	120	0	7758
23810	7369	133	87	50	0	7639
23811	158	93	7419	34	0	7704
23812	101	7277	154	26	0	7558
23813	6924	139	113	19	0	7195
23814	7018	84	36	24	0	7162
23815	228	28	25	6772	0	7053
23816	119	6890	12	145	0	7166
23817	61	139	12	7191	0	7403
23818	41	81	13	7279	0	7414
23819	25	34	10	7294	0	7363
23820	23	22	13	7356	0	7414
23821	33	24	7101	249	0	7407
23822	38	12	141	7232	0	7423
23823	35	16	87	7344	0	7482
23824	27	19	7088	250	0	7384
23825	30	7114	157	131	0	7432
23826	7133	132	89	78	0	7432
23827	7262	97	32	50	0	7441
23828	256	36	30	7199	0	7521
23829	7328	27	17	167	0	7539
23830	199	23	17	7539	0	7778
23831	123	22	7529	196	0	7870
23832	65	21	7540	138	0	7764
23833	35	7438	250	66	0	7789
23834	7297	158	125	59	0	7639
23835	182	107	7766	40	0	8095
23836	151	43	186	7218	0	7598
23837	77	26	122	7962	0	8187
23838	68	24	50	8134	0	8276
23839	48	16	42	8150	0	8256
23840	47	23	27	8157	0	8254
23841	41	38	7780	346	0	8205
23842	56	22	181	7876	0	8135
23843	7722	32	125	242	0	8121
23844	198	7618	66	186	0	8068
23845	7702	183	48	94	0	8027
23846	206	7732	46	69	0	8053
23847	7807	195	30	66	0	8098
23848	8009	143	23	73	0	8248
23849	327	42	23	7787	0	8179
23850	188	34	32	7949	0	8203
23851	7773	26	26	321	0	8146
23852	7761	18	33	189	0	8001
23853	7793	27	37	110	0	7967
23854	317	7415	54	69	0	7855
23855	174	7506	47	74	0	7801
23856	103	257	7407	62	0	7829
23857	71	203	180	7209	0	7663
23858	51	64	7167	201	0	7483
23859	39	6978	194	180	0	7391
23860	49	158	127	6776	0	7110
23861	49	113	51	6874	0	7087
23862	50	49	36	6994	0	7129
23863	6771	31	29	312	0	7143
23864	6838	27	26	200	0	7091
23865	266	6742	37	100	0	7145
23866	164	154	34	6857	0	7209
23867	77	137	6858	188	0	7260
23868	68	51	6698	148	0	6965
23869	6681	33	259	86	0	7059
23870	6854	28	159	67	0	7108
23871	278	22	63	6765	0	7128
23872	6852	24	42	193	0	7111
23873	210	28	6704	158	0	7100
23874	158	6649	166	90	0	7063
23875	88	156	128	6677	0	7049
23876	68	128	6824	190	0	7210
23877	59	61	169	6907	0	7196
23878	57	38	131	7053	0	7279
23879	49	29	6995	311	0	7384
23880	6719	28	155	213	0	7115
23881	7162	24	122	129	0	7437
23882	270	7345	64	97	0	7776
23883	7496	163	34	84	0	7777
23884	7606	128	25	85	0	7844
23885	315	65	7379	61	0	7820
23886	7398	40	155	87	0	7680
23887	236	7610	163	58	0	8067
23888	7777	182	50	68	0	8077
23889	7931	136	37	67	0	8171
23890	8080	59	36	63	0	8238
23891	7804	49	24	74	0	7951
23892	7916	28	29	65	0	8038
23893	362	7546	45	56	0	8009
23894	6644	128	23	44	0	6839
23895	178	6492	31	41	0	6742
23896	81	5598	29	27	0	5735
23897	35	5883	20	24	0	5962
23898	5773	185	69	29	0	6056
23899	5876	85	18	34	0	6013
23900	173	42	5788	22	0	6025
23901	6090	13	92	34	0	6229
23902	6135	20	71	32	0	6258
23903	205	27	6191	32	0	6455
23904	117	16	117	6160	0	6410
23905	61	28	77	6218	0	6384
23906	52	14	25	6566	0	6657
23907	45	20	23	6586	0	6674
23908	47	13	20	6594	0	6674
23909	42	22	6316	201	0	6581
23910	34	6318	121	103	0	6576
23911	6225	116	69	53	0	6463
23912	128	6267	38	32	0	6465
23913	6296	125	20	34	0	6475
23914	6299	73	17	30	0	6419
23915	199	35	6105	22	0	6361
23916	111	24	113	5652	0	5900
23917	49	5923	79	114	0	6165
23918	6009	112	35	72	0	6228
23919	6061	79	21	48	0	6209
23920	6176	22	15	32	0	6245
23921	202	6210	30	29	0	6471
23922	6348	113	13	25	0	6499
23923	6402	76	17	28	0	6523
23924	6466	41	8	22	0	6537
23925	216	23	5	6222	0	6466
23926	127	18	20	6338	0	6503
23927	94	16	8	6402	0	6520
23928	6222	31	9	181	0	6443
23929	148	6189	18	94	0	6449
23930	6060	96	13	34	0	6203
23931	5925	59	11	24	0	6019
23932	5817	24	13	23	0	5877
23933	5832	34	11	22	0	5899
23934	190	5610	8	56	0	5864
23935	5205	88	6	9	0	5308
23936	114	5053	13	13	0	5193
23937	71	4956	12	12	0	5051
23938	5001	108	9	22	0	5140
23939	102	4953	15	14	0	5084
23940	70	5086	10	19	0	5185
23941	5062	117	26	21	0	5226
23942	5114	53	6	22	0	5195
23943	123	27	5	5001	0	5156
23944	69	24	6	5154	0	5253
23945	5206	16	7	129	0	5358
23946	5351	20	10	71	0	5452
23947	5316	18	25	37	0	5396
23948	143	18	5126	14	0	5301
23949	5362	20	72	31	0	5485
23950	110	15	36	5420	0	5581
23951	73	15	17	5475	0	5580
23952	49	14	9	5522	0	5594
23953	42	19	4	5535	0	5600
23954	37	21	5303	124	0	5485
23955	32	21	5380	62	0	5495
23956	46	14	106	5391	0	5557
23957	39	22	5396	97	0	5554
23958	41	25	5337	58	0	5461
23959	48	17	108	5216	0	5389
23960	50	17	53	5419	0	5539
23961	53	14	26	5547	0	5640
23962	42	20	14	5517	0	5593
23963	5455	23	10	149	0	5637
23964	5703	13	18	102	0	5836
23965	151	15	10	5609	0	5785
23966	86	15	16	5680	0	5797
23967	56	16	13	5633	0	5718
23968	51	15	11	5636	0	5713
23969	49	17	15	5574	0	5655
23970	54	5439	11	150	0	5654
23971	5458	78	11	82	0	5629
23972	98	5467	12	52	0	5629
23973	5470	83	9	56	0	5618
23974	5513	54	6	38	0	5611
23975	5518	29	14	42	0	5603
23976	164	23	10	5242	0	5439
23977	5237	26	8	97	0	5368
23978	131	18	16	5165	0	5330
23979	90	33	11	5082	0	5216
23980	5019	21	4	139	0	5183
23981	121	4882	17	66	0	5086
23982	62	4702	10	37	0	4811
23983	4621	82	11	31	0	4745
23984	95	35	4563	16	0	4709
23985	4281	20	68	35	0	4404
23986	115	21	23	4466	0	4625
23987	55	4229	9	50	0	4343
23988	33	4325	4	35	0	4397
23989	4401	66	20	46	0	4533
23990	65	31	4	4555	0	4655
23991	43	4841	6	47	0	4937
23992	4823	39	1	46	0	4909
23993	4856	26	1	29	0	4912
23994	4849	14	1	24	0	4888
23995	4890	11	0	19	0	4920
23996	72	4665	7	12	0	4756
23997	33	4701	4	25	0	4763
23998	4767	50	0	23	0	4840
23999	4955	23	2	17	0	4997
24000	78	15	4812	9	0	4914
24001	27	4715	32	10	0	4784
24002	4774	35	14	11	0	4834
24003	4884	19	9	9	0	4921
24004	56	19	4841	4	0	4920
24005	4723	1	42	12	0	4778
24006	52	8	5051	6	0	5117
24007	32	8	5316	8	0	5364
24008	12	13	76	4861	0	4962
24009	7	5079	42	45	0	5173
24010	5379	55	13	39	0	5486
24011	63	30	5	5347	0	5445
24012	51	5	2	5412	0	5470
24013	12	4	7	5488	0	5511
24014	5382	3	4	95	0	5484
24015	66	4	6	5411	0	5487
24016	43	4	6	5524	0	5577
24017	14	6	5464	88	0	5572
24018	5222	8	55	58	0	5343
24019	5565	9	36	24	0	5634
24020	106	8	5586	10	0	5710
24021	5312	4	62	14	0	5392
24022	76	4	39	5277	0	5396
24023	47	5349	9	76	0	5481
24024	24	64	9	5433	0	5530
24025	5356	39	8	75	0	5478
24026	71	5396	19	46	0	5532
24027	51	62	5	5463	0	5581
24028	32	44	5	5566	0	5647
24029	20	10	11	5616	0	5657
24030	25	10	6	5384	0	5425
24031	15	5685	11	117	0	5828
24032	5765	73	5	54	0	5897
24033	5788	50	5	27	0	5870
24034	117	5958	14	25	0	6114
24035	6489	81	4	33	0	6607
24036	6621	50	8	27	0	6706
24037	6631	11	8	26	0	6676
24038	165	14	6377	22	0	6578
24039	84	4	94	6350	0	6532
24040	27	20	6324	106	0	6477
24041	6224	9	95	79	0	6407
24042	114	6375	61	23	0	6573
24043	6294	110	17	21	0	6442
24044	118	6405	15	21	0	6559
24045	88	106	12	6126	0	6332
24046	33	61	9	6271	0	6374
24047	32	29	6166	159	0	6386
24048	25	6234	107	87	0	6453
24049	6106	109	71	34	0	6320
24050	125	80	6106	21	0	6332
24051	6082	19	110	25	0	6236
24052	131	6	75	6126	0	6338
24053	81	26	6136	126	0	6369
24054	34	6132	117	88	0	6371
24055	51	103	65	6061	0	6280
24056	41	75	6049	116	0	6281
24057	31	31	6063	81	0	6206
24058	40	6007	160	38	0	6245
24059	34	103	81	5972	0	6190
24060	50	64	24	5780	0	5918
24061	24	5885	23	174	0	6106
24062	5992	110	20	86	0	6208
24063	139	80	21	5836	0	6076
24064	94	5828	29	114	0	6065
24065	5974	110	21	86	0	6191
24066	5985	67	24	44	0	6120
24067	6032	30	25	48	0	6135
24068	178	5903	31	44	0	6156
24069	6089	101	34	39	0	6263
24070	6108	83	21	38	0	6250
24071	199	47	17	5955	0	6218
24072	6124	29	20	143	0	6316
24073	155	29	17	6144	0	6345
24074	100	28	5995	162	0	6285
24075	46	33	6068	111	0	6258
24076	64	27	175	6103	0	6369
24077	52	32	6239	154	0	6477
24078	5958	27	137	115	0	6237
24079	154	26	94	6225	0	6499
24080	127	23	29	6347	0	6526
24081	58	32	6177	203	0	6470
24082	53	5968	133	106	0	6260
24083	46	6299	88	54	0	6487
24084	52	181	34	6103	0	6370
24085	67	85	31	6273	0	6456
24086	57	36	6022	197	0	6312
24087	55	36	6182	99	0	6372
24088	65	36	183	6136	0	6420
24089	54	38	6054	151	0	6297
24090	5818	39	134	108	0	6099
24091	172	22	75	5826	0	6095
24092	5888	36	31	167	0	6122
24093	173	35	25	5839	0	6072
24094	131	27	27	5920	0	6105
24095	57	28	5780	222	0	6087
24096	51	5794	160	144	0	6149
24097	74	128	84	5784	0	6070
24098	49	79	5804	174	0	6106
24099	49	5598	143	94	0	5884
24100	52	133	87	5699	0	5971
24101	5651	67	39	147	0	5904
24102	133	30	5624	104	0	5891
24103	5136	25	130	46	0	5337
24104	134	28	5204	41	0	5407
24105	4707	18	133	38	0	4896
24106	124	4870	85	25	0	5104
24107	69	4727	29	33	0	4858
24108	28	161	29	4502	0	4720
24109	22	4581	32	111	0	4746
24110	4516	107	24	89	0	4736
24111	101	62	26	4577	0	4766
24112	71	29	17	4638	0	4755
24113	24	21	15	4719	0	4779
24114	21	20	4523	155	0	4719
24115	29	14	108	4539	0	4690
24116	24	27	4497	123	0	4671
24117	23	4378	115	75	0	4591
24118	4193	92	59	33	0	4377
24119	97	4455	32	38	0	4622
24120	4548	90	16	41	0	4695
24121	4597	51	17	36	0	4701
24122	4614	21	15	33	0	4683
24123	4586	18	17	28	0	4649
24124	136	21	4319	23	0	4499
24125	67	19	85	4310	0	4481
24126	38	19	55	4399	0	4511
24127	36	10	24	4535	0	4605
24128	4154	19	19	149	0	4341
24129	4223	18	17	80	0	4338
24130	130	4335	28	56	0	4549
24131	59	84	4151	26	0	4320
24132	27	43	4176	29	0	4275
24133	19	4120	118	25	0	4282
24134	18	4127	62	17	0	4224
24135	74	91	48	3546	0	3759
24136	13	36	12	3481	0	3542
24137	3561	8	9	88	0	3666
24138	63	3572	14	35	0	3684
24139	39	57	2	3627	0	3725
24140	22	28	3751	62	0	3863
24141	17	11	60	3860	0	3948
24142	21	5	27	3924	0	3977
24143	18	9	12	4019	0	4058
24144	21	5	12	3959	0	3997
24145	22	8	3839	92	0	3961
24146	14	3684	65	37	0	3800
24147	12	3767	34	16	0	3829
24148	3618	69	17	17	0	3721
24149	58	3640	13	13	0	3724
24150	32	3822	12	6	0	3872
24151	19	76	7	3789	0	3891
24152	17	25	7	3858	0	3907
24153	25	13	11	3845	0	3894
24154	15	10	3765	87	0	3877
24155	13	3742	52	47	0	3854
24156	8	44	29	3703	0	3784
24157	11	3794	18	50	0	3873
24158	3746	52	9	44	0	3851
24159	46	3791	14	31	0	3882
24160	3766	56	10	33	0	3865
24161	50	32	3698	20	0	3800
24162	3676	19	48	21	0	3764
24163	54	13	27	3760	0	3854
24164	41	17	3841	52	0	3951
24165	3712	17	51	35	0	3815
24166	3865	17	26	24	0	3932
24167	3893	14	17	23	0	3947
24168	80	14	12	3795	0	3901
24169	37	18	3753	59	0	3867
24170	3584	19	44	52	0	3699
24171	55	12	28	3826	0	3921
24172	34	13	9	3892	0	3948
24173	18	16	4062	73	0	4169
24174	15	4055	46	39	0	4155
24175	19	70	28	3931	0	4048
24176	14	4028	20	44	0	4106
24177	3959	45	11	29	0	4044
24178	3980	27	9	21	0	4037
24179	70	10	6	3940	0	4026
24180	3916	9	7	53	0	3985
24181	57	3916	14	26	0	4013
24182	3967	40	10	14	0	4031
24183	53	3941	21	10	0	4025
24184	39	42	7	4004	0	4092
24185	17	22	11	3971	0	4021
24186	17	3983	13	95	0	4108
24187	21	53	7	3975	0	4056
24188	11	28	3954	55	0	4048
24189	12	3841	37	33	0	3923
24190	3700	26	25	17	0	3768
24191	26	3740	14	12	0	3792
24192	22	32	9	3737	0	3800
24193	12	24	3783	33	0	3852
24194	11	12	23	3850	0	3896
24195	14	7	16	3914	0	3951
24196	3696	6	10	58	0	3770
24197	23	21	3753	31	0	3828
24198	24	3708	19	23	0	3774
24199	15	30	3824	17	0	3886
24200	8	14	3703	13	0	3738
24201	21	8	3764	11	0	3804
24202	9	19	35	3731	0	3794
24203	3959	4	17	44	0	4024
24204	26	3964	8	23	0	4021
24205	4008	31	8	18	0	4065
24206	4092	20	4	23	0	4139
24207	45	19	4	4015	0	4083
24208	23	4039	10	30	0	4102
24209	4001	26	6	26	0	4059
24210	25	4066	2	18	0	4111
24211	25	32	4	3962	0	4023
24212	9	24	6	4222	0	4261
24213	8	4268	6	54	0	4336
24214	10	29	5	4297	0	4341
24215	5	21	4169	37	0	4232
24216	6	19	4178	23	0	4226
24217	11	17	43	4236	0	4307
24218	9	8	24	4314	0	4355
24219	11	8	4066	47	0	4132
24220	10	15	3923	28	0	3976
24221	3616	3	48	26	0	3693
24222	34	3902	29	9	0	3974
24223	26	4136	16	27	0	4205
24224	16	52	7	4104	0	4179
24225	15	26	6	4140	0	4187
24226	17	10	2	4188	0	4217
24227	12	11	4123	48	0	4194
24228	12	11	4043	29	0	4095
24229	16	4	44	4138	0	4202
24230	8	8	4122	40	0	4178
24231	3	4075	44	30	0	4152
24232	4071	31	32	21	0	4155
24233	37	27	4080	13	0	4157
24234	22	19	4025	10	0	4076
24235	13	4	53	4082	0	4152
24236	9	15	4450	41	0	4515
24237	9	4482	52	51	0	4594
24238	16	43	39	4606	0	4704
24239	7	43	4651	55	0	4756
24240	11	4493	59	44	0	4607
24241	4486	53	44	24	0	4607
24242	48	41	19	4486	0	4594
24243	41	20	15	4482	0	4558
24244	4437	11	10	91	0	4549
24245	50	4399	12	67	0	4528
24246	4492	45	6	35	0	4578
24247	4522	43	10	18	0	4593
24248	4554	21	8	21	0	4604
24249	109	13	4	4482	0	4608
24250	4375	5	11	57	0	4448
24251	68	3944	9	48	0	4069
24252	55	4197	10	24	0	4286
24253	4353	84	12	26	0	4475
24254	57	57	9	4425	0	4548
24255	53	25	6	4453	0	4537
24256	32	15	10	4511	0	4568
24257	8	18	4365	109	0	4500
24258	11	4359	52	79	0	4501
24259	10	54	51	4437	0	4552
24260	4449	51	24	71	0	4595
24261	68	14	17	4481	0	4580
24262	52	14	4396	85	0	4547
24263	19	4356	68	69	0	4512
24264	4400	59	48	38	0	4545
24265	4399	50	25	25	0	4499
24266	4406	26	17	19	0	4468
24267	128	17	16	4342	0	4503
24268	78	14	4421	73	0	4586
24269	36	9	4547	68	0	4660
24270	21	4766	122	36	0	4945
24271	17	101	96	4802	0	5016
24272	23	67	22	4897	0	5009
24273	4564	22	13	154	0	4753
24274	101	18	8	4682	0	4809
24275	4808	12	4	132	0	4956
24276	131	12	4675	76	0	4894
24277	73	17	4777	36	0	4903
24278	42	19	154	4687	0	4902
24279	29	7	80	4828	0	4944
24280	20	11	36	4960	0	5027
24281	5139	9	17	191	0	5356
24282	5490	7	14	114	0	5625
24283	207	15	19	5447	0	5688
24284	101	14	5317	144	0	5576
24285	46	8	5455	94	0	5603
24286	23	8	202	5370	0	5603
24287	5428	9	101	163	0	5701
24288	152	4	39	5390	0	5585
24289	90	12	30	5523	0	5655
24290	37	14	5407	224	0	5682
24291	29	17	5410	112	0	5568
24292	5196	19	210	57	0	5482
24293	147	19	5359	38	0	5563
24294	111	5	156	5093	0	5365
24295	39	10	103	5226	0	5378
24296	5200	8	35	210	0	5453
24297	143	5111	38	122	0	5414
24298	5085	130	24	55	0	5294
24299	143	4901	21	41	0	5106
24300	4807	131	11	31	0	4980
24301	152	84	4617	31	0	4884
24302	4336	27	122	29	0	4514
24303	4474	14	84	20	0	4592
24304	199	13	33	4377	0	4622
24305	105	11	4384	129	0	4629
24306	51	13	129	4271	0	4464
24307	40	17	83	4288	0	4428
24308	28	4225	33	215	0	4501
24309	32	115	25	4199	0	4371
24310	15	4263	27	159	0	4464
24311	34	128	25	4266	0	4453
24312	4105	82	22	158	0	4367
24313	146	26	16	4182	0	4370
24314	98	22	4106	155	0	4381
24315	4045	12	126	123	0	4306
24316	150	13	4213	53	0	4429
24317	4242	7	147	47	0	4443
24318	4305	10	97	37	0	4449
24319	220	4133	41	34	0	4428
24320	108	4378	40	31	0	4557
24321	4326	194	28	33	0	4581
24322	4424	93	30	35	0	4582
24323	4366	35	16	34	0	4451
24324	4361	21	12	49	0	4443
24325	4360	13	19	48	0	4440
24326	249	11	26	4156	0	4442
24327	131	10	26	4291	0	4458
24328	62	19	4134	215	0	4430
24329	4068	19	135	112	0	4334
24330	168	12	88	4136	0	4404
24331	114	15	41	4260	0	4430
24332	61	17	4131	225	0	4434
24333	47	3983	133	134	0	4297
24334	43	4209	93	66	0	4411
24335	4048	186	45	57	0	4336
24336	3804	68	19	48	0	3939
24337	199	3540	27	29	0	3795
24338	91	3545	21	36	0	3693
24339	3512	154	24	29	0	3719
24340	3658	70	22	47	0	3797
24341	187	20	22	3523	0	3752
24342	101	12	22	3635	0	3770
24343	50	9	19	3759	0	3837
24344	3620	17	11	192	0	3840
24345	3712	14	15	97	0	3838
24346	190	21	20	3687	0	3918
24347	3867	24	19	143	0	4053
24348	163	20	3854	81	0	4118
24349	98	16	119	3872	0	4105
24350	56	11	3876	140	0	4083
24351	40	3780	134	83	0	4037
24352	54	120	76	3787	0	4037
24353	3753	59	39	134	0	3985
24354	148	21	35	3765	0	3969
24355	89	17	23	3842	0	3971
24356	57	17	3718	195	0	3987
24357	39	23	3745	95	0	3902
24358	41	3762	168	47	0	4018
24359	3859	121	76	33	0	4089
24360	3937	67	21	26	0	4051
24361	3983	23	25	34	0	4065
24362	4028	11	14	29	0	4082
24363	217	13	18	3894	0	4142
24364	100	19	16	3897	0	4032
24365	51	3939	25	176	0	4191
24366	3946	118	12	83	0	4159
24367	3991	58	15	49	0	4113
24368	174	29	3708	45	0	3956
24369	3259	16	98	28	0	3401
24370	121	3366	57	23	0	3567
24371	78	145	17	3192	0	3432
24372	42	3369	13	97	0	3521
24373	3346	97	12	61	0	3516
24374	114	3316	12	27	0	3469
24375	68	78	3	3169	0	3318
24376	28	37	9	3257	0	3331
24377	22	13	17	3214	0	3266
24378	17	3091	14	124	0	3246
24379	35	105	4	3088	0	3232
24380	48	68	11	3004	0	3131
24381	16	2596	11	88	0	2711
24382	18	2414	8	29	0	2469
24383	2305	58	17	15	0	2395
24384	52	2320	6	24	0	2402
24385	2239	46	8	13	0	2306
24386	53	25	2216	11	0	2305
24387	23	2227	38	19	0	2307
24388	2256	41	17	12	0	2326
24389	2250	14	6	13	0	2283
24390	58	11	2193	20	0	2282
24391	31	6	41	2165	0	2243
24392	16	9	2239	47	0	2311
24393	15	2207	43	25	0	2290
24394	2191	45	18	15	0	2269
24395	47	2231	14	17	0	2309
24396	28	51	7	2197	0	2283
24397	19	21	6	2272	0	2318
24398	12	17	2218	61	0	2308
24399	11	14	2187	25	0	2237
24400	2097	12	53	17	0	2179
24401	2245	13	19	17	0	2294
24402	2272	12	12	11	0	2307
24403	2250	9	10	14	0	2283
24404	68	2201	7	8	0	2284
24405	38	49	5	2194	0	2286
24406	24	17	5	2200	0	2246
24407	18	2243	5	54	0	2320
24408	2281	44	6	29	0	2360
24409	2301	21	3	23	0	2348
24410	62	12	2255	18	0	2347
24411	2300	7	40	14	0	2361
24412	59	10	16	2292	0	2377
24413	29	17	2260	47	0	2353
24414	22	23	45	2249	0	2339
24415	12	14	2288	53	0	2367
24416	19	16	2221	13	0	2269
24417	18	25	48	2086	0	2177
24418	11	2161	21	47	0	2240
24419	2172	37	11	26	0	2246
24420	2157	18	6	19	0	2200
24421	51	2230	12	9	0	2302
24422	25	2368	8	9	0	2410
24423	2406	49	14	27	0	2496
24424	2416	18	4	16	0	2454
24425	2436	19	4	14	0	2473
24426	2433	11	5	13	0	2462
24427	64	13	4	2426	0	2507
24428	29	10	2393	46	0	2478
24429	18	2388	43	20	0	2469
24430	2357	42	15	15	0	2429
24431	44	2436	6	9	0	2495
24432	2429	40	9	12	0	2490
24433	2438	14	9	13	0	2474
24434	45	9	2467	11	0	2532
24435	24	2508	31	6	0	2569
24436	23	39	12	2499	0	2573
24437	18	23	10	2539	0	2590
24438	16	10	7	2508	0	2541
24439	2512	9	7	51	0	2579
24440	2415	10	7	28	0	2460
24441	2436	4	7	21	0	2468
24442	47	2444	5	8	0	2504
24443	2399	30	5	12	0	2446
24444	41	2381	5	12	0	2439
24445	20	31	2387	6	0	2444
24446	11	2340	27	6	0	2384
24447	20	21	37	2119	0	2197
24448	12	10	3	2105	0	2130
24449	7	8	2061	39	0	2115
24450	12	4	19	2034	0	2069
24451	11	5	7	2085	0	2108
24452	2106	6	7	30	0	2149
24453	2101	4	5	15	0	2125
24454	2125	1	5	17	0	2148
24455	22	2155	4	7	0	2188
24456	2145	16	3	12	0	2176
24457	2087	7	3	5	0	2102
24458	28	2142	7	23	0	2200
24459	16	21	3	2104	0	2144
24460	16	9	3	2103	0	2131
24461	2059	5	2	22	0	2088
24462	23	10	2032	6	0	2071
24463	10	1910	16	8	0	1944
24464	9	15	5	1827	0	1856
24465	4	1843	5	21	0	1873
24466	8	1896	9	10	0	1923
24467	1898	17	2	11	0	1928
24468	1871	4	2	6	0	1883
24469	19	3	2	1897	0	1921
24470	10	3	4	1851	0	1868
24471	6	5	2	1865	0	1878
24472	7	4	1	1859	0	1871
24473	6	7	1806	19	0	1838
24474	3	5	1732	7	0	1747
24475	10	7	14	1812	0	1843
24476	5	11	1907	18	0	1941
24477	5	1920	18	12	0	1955
24478	1964	16	4	6	0	1990
24479	1988	5	4	9	0	2006
24480	25	4	3	1984	0	2016
24481	11	2	3	2055	0	2071
24482	5	8	1	2068	0	2082
24483	7	2064	2	23	0	2096
24484	2091	19	0	12	0	2122
24485	2097	4	3	9	0	2113
24486	26	6	2090	4	0	2126
24487	10	2	21	2263	0	2296
24488	5	7	2332	36	0	2380
24489	11	1	33	2463	0	2508
24490	8	4	8	2507	0	2527
24491	6	2	5	2509	0	2522
24492	6	8	4	2540	0	2558
24493	2498	5	3	56	0	2562
24494	2624	5	1	23	0	2653
24495	2672	9	4	9	0	2694
24496	60	2	3	2642	0	2707
24497	19	6	2582	45	0	2652
24498	2537	1	38	14	0	2590
24499	42	3	10	2642	0	2697
24500	2642	4	6	41	0	2693
24501	45	2	1	2623	0	2671
24502	14	2574	5	47	0	2640
24503	8	2680	6	20	0	2714
24504	3	49	4	2693	0	2749
24505	7	15	8	2709	0	2739
24506	15	11	3	2706	0	2735
24507	5	2613	6	59	0	2683
24508	2603	39	5	22	0	2669
24509	37	2612	3	21	0	2673
24510	20	38	2603	3	0	2664
24511	12	20	34	2648	0	2714
24512	6	2750	15	45	0	2816
24513	12	38	9	2748	0	2807
24514	9	12	5	2765	0	2791
24515	5	11	2715	58	0	2789
24516	2542	3	33	37	0	2615
24517	42	2764	19	17	0	2842
24518	2776	41	11	11	0	2839
24519	2897	16	7	11	0	2931
24520	2881	9	8	12	0	2910
24521	70	8	2731	14	0	2823
24522	26	2	48	2683	0	2759
24523	12	2	17	2721	0	2752
24524	12	7	2651	68	0	2738
24525	2407	6	49	30	0	2492
24526	59	3	2667	20	0	2749
24527	21	3	2601	15	0	2640
24528	12	2680	50	13	0	2755
24529	20	47	23	2689	0	2779
24530	11	19	2709	49	0	2788
24531	2510	8	48	25	0	2591
24532	2629	2	20	13	0	2664
24533	60	10	2618	12	0	2700
24534	26	10	42	2565	0	2643
24535	9	8	2670	55	0	2742
24536	6	2689	54	28	0	2777
24537	2833	47	29	20	0	2929
24538	2917	17	9	13	0	2956
24539	2930	14	3	16	0	2963
24540	75	3	11	2859	0	2948
24541	34	9	5	2961	0	3009
24542	24	10	2925	65	0	3024
24543	2868	5	57	32	0	2962
24544	60	8	17	2962	0	3047
24545	2920	6	13	66	0	3005
24546	68	6	2909	25	0	3008
24547	31	8	2984	16	0	3039
24548	17	5	70	2866	0	2958
24549	12	7	32	3043	0	3094
24550	12	11	3026	73	0	3122
24551	2939	5	58	37	0	3039
24552	71	7	27	2901	0	3006
24553	33	3037	15	58	0	3143
24554	3162	53	11	33	0	3259
24555	61	3161	20	25	0	3267
24556	3159	62	12	22	0	3255
24557	79	26	3230	21	0	3356
24558	36	18	3216	18	0	3288
24559	22	3250	78	24	0	3374
24560	3290	58	28	17	0	3393
24561	70	28	3252	17	0	3367
24562	3159	12	65	26	0	3262
24563	77	3260	30	20	0	3387
24564	46	57	39	3240	0	3382
24565	26	22	19	3084	0	3151
24566	19	3209	20	78	0	3326
24567	3341	58	15	39	0	3453
24568	3398	23	21	25	0	3467
24569	3466	14	13	23	0	3516
24570	95	14	3453	20	0	3582
24571	51	17	64	3430	0	3562
24572	25	7	33	3499	0	3564
24573	25	9	23	3544	0	3601
24574	21	9	3484	95	0	3609
24575	17	3423	59	43	0	3542
24576	3327	54	29	27	0	3437
24577	80	25	3373	16	0	3494
24578	3283	14	65	17	0	3379
24579	71	3320	46	22	0	3459
24580	3334	57	24	22	0	3437
24581	74	30	15	3275	0	3394
24582	3342	13	19	63	0	3437
24583	75	11	17	3334	0	3437
24584	45	10	3474	64	0	3593
24585	30	15	62	3427	0	3534
24586	23	12	3403	66	0	3504
24587	3069	10	48	30	0	3157
24588	53	3218	25	23	0	3319
24589	30	51	19	2902	0	3002
24590	19	3136	14	36	0	3205
24591	3147	42	14	24	0	3227
24592	3120	15	12	19	0	3166
24593	55	3108	15	16	0	3194
24594	3054	33	36	19	0	3142
24595	3073	15	10	25	0	3123
24596	51	13	11	3039	0	3114
24597	27	15	8	3072	0	3122
24598	3208	4	7	48	0	3267
24599	3236	10	11	21	0	3278
24600	62	5	11	3178	0	3256
24601	30	10	12	3353	0	3405
24602	3400	8	9	72	0	3489
24603	60	8	3386	29	0	3483
24604	3266	11	53	19	0	3349
24605	64	11	3357	17	0	3449
24606	33	3314	54	16	0	3417
24607	28	53	29	3271	0	3381
24608	22	25	3424	50	0	3521
24609	19	3572	56	21	0	3668
24610	3577	59	24	25	0	3685
24611	56	24	3517	17	0	3614
24612	3420	11	49	16	0	3496
24613	3546	12	19	16	0	3593
24614	3584	6	11	18	0	3619
24615	79	8	14	3330	0	3431
24616	38	3573	11	53	0	3675
24617	3538	49	10	34	0	3631
24618	63	19	3585	16	0	3683
24619	3266	7	46	17	0	3336
24620	47	17	3617	14	0	3695
24621	28	3608	45	21	0	3702
24622	26	39	23	3609	0	3697
24623	20	24	16	3616	0	3676
24624	21	3598	20	51	0	3690
24625	22	44	12	3656	0	3734
24626	29	28	3643	49	0	3749
24627	23	3677	50	29	0	3779
24628	32	43	24	3602	0	3701
24629	3597	28	12	49	0	3686
24630	3728	14	2	42	0	3786
24631	71	15	12	3704	0	3802
24632	39	3771	14	53	0	3877
24633	37	41	11	3796	0	3885
24634	30	24	18	3754	0	3826
24635	27	15	3544	74	0	3660
24636	20	3620	51	39	0	3730
24637	25	36	20	3530	0	3611
24638	14	27	3510	51	0	3602
24639	17	3487	37	41	0	3582
24640	27	40	34	3483	0	3584
24641	3494	28	16	45	0	3583
24642	51	3537	13	28	0	3629
24643	37	41	15	3555	0	3648
24644	3672	30	8	52	0	3762
24645	3685	12	4	36	0	3737
24646	3725	7	12	16	0	3760
24647	3681	14	4	19	0	3718
24648	76	5	7	3621	0	3709
24649	42	14	3683	46	0	3785
24650	21	27	40	3574	0	3662
24651	17	3640	30	55	0	3742
24652	3710	39	9	33	0	3791
24653	51	25	3594	11	0	3681
24654	3350	10	34	12	0	3406
24655	46	16	3494	10	0	3566
24656	40	5	34	3449	0	3528
24657	16	12	3524	34	0	3586
24658	18	10	30	3438	0	3496
24659	12	10	3491	42	0	3555
24660	12	6	38	3445	0	3501
24661	3496	6	26	45	0	3573
24662	35	3659	10	28	0	3732
24663	22	31	8	3698	0	3759
24664	18	23	4	3713	0	3758
24665	19	10	3960	51	0	4040
24666	14	11	3832	30	0	3887
24667	3647	5	44	24	0	3720
24668	38	3874	23	10	0	3945
24669	3869	28	9	12	0	3918
24670	3838	21	6	17	0	3882
24671	50	6	6	3764	0	3826
24672	32	3850	8	27	0	3917
24673	3919	29	6	38	0	3992
24674	3996	28	6	24	0	4054
24675	4074	5	5	26	0	4110
24676	4100	4	7	16	0	4127
24677	4055	4	9	18	0	4086
24678	53	14	3967	5	0	4039
24679	3932	6	28	18	0	3984
24680	33	10	4027	11	0	4081
24681	38	4	32	3876	0	3950
24682	13	5	24	4085	0	4127
24683	11	8	4046	54	0	4119
24684	3818	8	29	30	0	3885
24685	39	5	26	3934	0	4004
24686	33	2	5	4029	0	4069
24687	11	5	6	4053	0	4075
24688	12	7	6	3979	0	4004
24689	14	2	4	4012	0	4032
24690	10	11	4067	58	0	4146
24691	10	8	41	4047	0	4106
24692	9	8	4122	47	0	4186
24693	13	9	4104	31	0	4157
24694	4072	7	75	25	0	4179
24695	4345	5	31	23	0	4404
24696	4760	3	10	12	0	4785
24697	104	6	4807	11	0	4928
24698	46	5	4733	9	0	4793
24699	12	12	4840	12	0	4876
24700	6	4999	109	15	0	5129
24701	19	76	93	4889	0	5077
24702	5128	38	13	72	0	5251
24703	71	7	5	5514	0	5597
24704	47	5535	10	105	0	5697
24705	5641	78	7	64	0	5790
24706	94	49	4	5595	0	5742
24707	57	5789	7	105	0	5958
24708	27	81	3	5814	0	5925
24709	12	50	6	5769	0	5837
24710	5657	11	10	149	0	5827
24711	101	7	10	5741	0	5859
24712	59	10	5692	101	0	5862
24713	26	7	88	5665	0	5786
24714	10	5555	62	101	0	5728
24715	24	5672	27	77	0	5800
24716	16	138	22	5499	0	5675
24717	19	73	9	5451	0	5552
24718	18	5393	12	156	0	5579
24719	19	5485	16	71	0	5591
24720	16	5495	18	34	0	5563
24721	29	155	8	5071	0	5263
24722	18	5406	15	102	0	5541
24723	5302	103	12	76	0	5493
24724	98	78	5383	29	0	5588
24725	73	23	94	5279	0	5469
24726	25	5501	60	103	0	5689
24727	5409	102	24	87	0	5622
24728	102	75	5480	46	0	5703
24729	68	5492	110	30	0	5700
24730	5391	101	61	50	0	5603
24731	95	5421	22	25	0	5563
24732	69	5521	14	40	0	5644
24733	47	145	7	5402	0	5601
24734	20	5537	12	107	0	5676
24735	5448	116	14	83	0	5661
24736	109	72	14	5425	0	5620
24737	54	43	5406	112	0	5615
24738	16	45	5433	79	0	5573
24739	27	39	132	5410	0	5608
24740	29	35	5533	112	0	5709
24741	40	32	101	5521	0	5694
24742	5388	32	56	134	0	5610
24743	97	51	5422	76	0	5646
24744	73	30	92	5273	0	5468
24745	15	5373	68	117	0	5573
24746	32	121	21	5476	0	5650
24747	44	64	14	5471	0	5593
24748	21	5462	35	169	0	5687
24749	38	114	33	5604	0	5789
24750	32	76	27	5657	0	5792
24751	27	55	5567	152	0	5801
24752	23	5511	95	98	0	5727
24753	5530	119	64	60	0	5773
24754	108	71	39	5559	0	5777
24755	68	41	5546	113	0	5768
24756	34	37	93	5537	0	5701
24757	24	51	5483	118	0	5676
24758	5155	40	107	97	0	5399
24759	106	5492	79	47	0	5724
24760	82	108	47	5486	0	5723
24761	55	66	31	5630	0	5782
24762	5358	42	34	179	0	5613
24763	104	30	41	5434	0	5609
24764	65	36	5393	142	0	5636
24765	32	51	109	5049	0	5241
24766	35	4982	66	142	0	5225
24767	24	5117	41	108	0	5290
24768	24	5191	38	54	0	5307
24769	36	166	30	5056	0	5288
24770	48	84	4985	137	0	5254
24771	13	5013	114	106	0	5246
24772	4927	126	61	58	0	5172
24773	101	4963	32	71	0	5167
24774	4928	109	42	59	0	5138
24775	4899	70	22	66	0	5057
24776	146	54	4844	56	0	5100
24777	4964	36	115	61	0	5176
24778	5161	34	60	68	0	5323
24779	5209	43	31	61	0	5344
24780	5329	38	30	68	0	5465
24781	166	35	5182	58	0	5441
24782	5072	42	111	48	0	5273
24783	5317	44	67	52	0	5480
24784	161	5466	32	42	0	5701
24785	91	135	17	5479	0	5722
24786	41	80	27	5558	0	5706
24787	31	5597	35	168	0	5831
24788	5534	120	31	79	0	5764
24789	119	5612	39	45	0	5815
24790	5399	131	16	30	0	5576
24791	5555	76	20	41	0	5692
24792	166	5624	22	34	0	5846
24793	89	112	27	5567	0	5795
24794	45	80	5597	129	0	5851
24795	37	5430	109	94	0	5670
24796	37	152	52	4876	0	5117
24797	20	5152	25	91	0	5288
24798	22	5591	21	51	0	5685
24799	59	155	7	5355	0	5576
24800	24	64	5312	114	0	5514
24801	18	5127	111	65	0	5321
24802	14	5172	61	22	0	5269
24803	4624	115	19	17	0	4775
24804	83	47	3	4764	0	4897
24805	52	10	5	4830	0	4897
24806	13	4	6	4950	0	4973
24807	6	8	4786	142	0	4942
24808	11	24	92	4907	0	5034
24809	4	5016	53	97	0	5170
24810	5142	104	12	52	0	5310
24811	111	43	3	5151	0	5308
24812	50	12	5112	105	0	5279
24813	5118	10	107	49	0	5284
24814	117	8	47	5302	0	5474
24815	58	8	5514	112	0	5692
24816	14	11	5657	56	0	5738
24817	5556	11	166	30	0	5763
24818	5857	8	67	19	0	5951
24819	5865	11	10	11	0	5897
24820	5902	15	5	18	0	5940
24821	185	8	5725	15	0	5933
24822	72	5786	120	24	0	6002
24823	5793	112	57	21	0	5983
24824	119	5820	17	16	0	5972
24825	5745	120	7	20	0	5892
24826	115	5714	9	16	0	5854
24827	68	117	12	5696	0	5893
24828	26	63	9	5760	0	5858
24829	20	13	7	5734	0	5774
24830	12	5522	11	174	0	5719
24831	14	5672	12	77	0	5775
24832	17	165	10	5360	0	5552
24833	13	5528	16	121	0	5678
24834	26	127	5462	61	0	5676
24835	33	69	115	5454	0	5671
24836	23	30	5519	129	0	5701
24837	5371	22	127	84	0	5604
24838	5533	21	71	39	0	5664
24839	177	25	5428	40	0	5670
24840	78	31	5408	27	0	5544
24841	37	22	168	5319	0	5546
24842	20	38	5378	128	0	5564
24843	27	19	124	5132	0	5302
24844	23	4944	78	131	0	5176
24845	29	130	25	5371	0	5555
24846	32	77	17	5461	0	5587
24847	36	27	23	5497	0	5583
24848	23	28	5176	195	0	5422
24849	41	21	123	5105	0	5290
24850	41	24	78	5110	0	5253
24851	35	18	27	4957	0	5037
24852	29	5116	25	180	0	5350
24853	5153	134	19	77	0	5383
24854	5247	73	23	50	0	5393
24855	5264	39	22	43	0	5368
24856	192	26	30	5078	0	5326
24857	90	26	5041	154	0	5311
24858	51	39	5029	95	0	5214
24859	26	5001	186	47	0	5260
24860	4872	128	76	43	0	5119
24861	129	4984	34	44	0	5191
24862	5028	124	26	53	0	5231
24863	138	5019	28	50	0	5235
24864	4960	133	33	48	0	5174
24865	137	5156	40	34	0	5367
24866	91	135	22	5175	0	5423
24867	46	89	5104	154	0	5393
24868	49	46	5164	89	0	5348
24869	51	30	181	5117	0	5379
24870	52	36	92	5217	0	5397
24871	58	36	31	5340	0	5465
24872	54	43	5122	210	0	5429
24873	47	23	144	5180	0	5394
24874	5078	31	87	155	0	5351
24875	5170	24	32	111	0	5337
24876	187	5054	41	61	0	5343
24877	5000	130	40	48	0	5218
24878	155	4928	43	44	0	5170
24879	4813	138	51	57	0	5059
24880	4885	67	32	50	0	5034
24881	4831	36	31	46	0	4944
24882	195	36	4752	43	0	5026
24883	89	41	4752	34	0	4916
24884	4608	26	180	55	0	4869
24885	4833	31	79	51	0	4994
24886	201	22	45	4699	0	4967
24887	116	44	21	5017	0	5198
24888	65	29	24	5154	0	5272
24889	44	41	26	5218	0	5329
24890	59	29	23	5347	0	5458
24891	5034	35	29	202	0	5300
24892	148	31	27	4991	0	5197
24893	82	25	4937	152	0	5196
24894	4773	35	122	82	0	5012
24895	4979	21	73	47	0	5120
24896	188	4856	39	51	0	5134
24897	69	4824	42	51	0	4986
24898	4341	115	16	26	0	4498
24899	87	4456	28	24	0	4595
24900	4407	86	23	31	0	4547
24901	4785	38	15	23	0	4861
24902	4805	9	12	35	0	4861
24903	148	8	17	4552	0	4725
24904	57	4561	17	106	0	4741
24905	4541	83	12	59	0	4695
24906	101	44	6	4503	0	4654
24907	67	16	11	4430	0	4524
24908	4096	5	6	131	0	4238
24909	71	4028	10	57	0	4166
24910	49	70	2	3958	0	4079
24911	3978	40	5	88	0	4111
24912	74	4050	6	49	0	4179
24913	4042	62	3	31	0	4138
24914	84	33	3714	18	0	3849
24915	3758	13	55	13	0	3839
24916	79	3820	25	15	0	3939
24917	3822	68	8	22	0	3920
24918	3807	28	3	23	0	3861
24919	97	3863	4	12	0	3976
24920	3904	74	1	24	0	4003
24921	82	3821	13	9	0	3925
24922	4026	81	3	17	0	4127
24923	87	36	6	3991	0	4120
24924	60	15	4	4047	0	4126
24925	32	15	3	4093	0	4143
24926	26	23	3931	100	0	4080
24927	33	15	67	3953	0	4068
24928	28	20	3978	88	0	4114
24929	30	17	72	3892	0	4011
24930	30	3999	29	82	0	4140
24931	33	80	6	4101	0	4220
24932	26	46	4056	85	0	4213
24933	24	26	4125	37	0	4212
24934	29	18	88	4106	0	4241
24935	4093	13	31	91	0	4228
24936	4157	13	14	48	0	4232
24937	118	4126	7	26	0	4277
24938	58	80	8	4165	0	4311
24939	26	36	4217	86	0	4365
24940	32	21	74	4230	0	4357
24941	30	23	4235	86	0	4374
24942	4145	13	82	47	0	4287
24943	103	14	38	4263	0	4418
24944	47	19	4111	88	0	4265
24945	36	19	76	4106	0	4237
24946	34	9	32	4227	0	4302
24947	25	29	4127	119	0	4300
24948	31	12	80	4149	0	4272
24949	4138	20	33	112	0	4303
24950	4227	7	22	52	0	4308
24951	123	17	13	4225	0	4378
24952	4281	17	14	106	0	4418
24953	101	13	4297	59	0	4470
24954	47	14	4273	49	0	4383
24955	4276	11	102	47	0	4436
24956	4447	14	48	38	0	4547
24957	121	9	25	4364	0	4519
24958	56	12	20	4469	0	4557
24959	39	17	4349	122	0	4527
24960	39	11	82	4031	0	4163
24961	22	4360	55	94	0	4531
24962	4455	78	25	52	0	4610
24963	4711	40	22	39	0	4812
24964	138	4653	24	35	0	4850
24965	4507	88	23	34	0	4652
24966	4517	40	15	37	0	4609
24967	129	4534	22	40	0	4725
24968	4538	89	22	46	0	4695
24969	109	4521	36	31	0	4697
24970	4568	98	16	38	0	4720
24971	121	48	4524	29	0	4722
24972	67	18	98	4556	0	4739
24973	32	15	47	4705	0	4799
24974	40	12	25	4953	0	5030
24975	4855	11	20	163	0	5049
24976	125	14	16	4940	0	5095
24977	72	18	4880	128	0	5098
24978	4910	14	107	73	0	5104
24979	138	16	52	4950	0	5156
24980	73	4836	34	124	0	5067
24981	39	5056	30	68	0	5193
24982	38	133	18	4913	0	5102
24983	46	51	29	4885	0	5011
24984	45	19	16	4884	0	4964
24985	34	22	4565	152	0	4773
24986	29	4506	106	75	0	4716
24987	4266	82	43	32	0	4423
24988	4234	39	18	24	0	4315
24989	123	4070	30	25	0	4248
24990	57	4152	16	26	0	4251
24991	31	121	13	4040	0	4205
24992	19	46	4019	93	0	4177
24993	3838	18	72	62	0	3990
24994	3905	10	39	42	0	3996
24995	99	8	17	3850	0	3974
24996	47	8	10	3888	0	3953
24997	3707	6	10	106	0	3829
24998	73	9	3650	48	0	3780
24999	3532	9	58	34	0	3633
25000	72	3610	30	22	0	3734
25001	30	46	5	3183	0	3264
25002	18	3259	11	52	0	3340
25003	3296	44	6	32	0	3378
25004	51	18	10	3245	0	3324
25005	29	8	10	3243	0	3290
25006	13	3252	9	59	0	3333
25007	3278	39	9	31	0	3357
25008	3270	19	32	21	0	3342
25009	69	8	3242	15	0	3334
25010	25	9	3126	15	0	3175
25011	3169	6	57	16	0	3248
25012	56	7	3228	11	0	3302
25013	28	6	3130	10	0	3174
25014	3081	31	73	13	0	3198
25015	52	13	3498	13	0	3576
25016	28	3	57	3456	0	3544
25017	10	7	32	3547	0	3596
25018	3710	4	15	103	0	3832
25019	79	9	3712	44	0	3844
25020	3825	11	74	22	0	3932
25021	111	4	38	3794	0	3947
25022	3805	11	17	93	0	3926
25023	3858	4	16	49	0	3927
25024	3893	6	14	28	0	3941
25025	148	8	6	3780	0	3942
25026	3820	7	18	95	0	3940
25027	120	6	11	3814	0	3951
25028	74	3	7	3850	0	3934
25029	34	6	20	3891	0	3951
25030	35	7	7	3882	0	3931
25031	3748	5	7	149	0	3909
25032	3775	4	14	75	0	3868
25033	140	10	3724	32	0	3906
25034	3761	3	94	30	0	3888
25035	3831	8	54	23	0	3916
25036	155	7	18	3699	0	3879
25037	67	3703	20	103	0	3893
25038	3775	86	4	51	0	3916
25039	106	48	11	3663	0	3828
25040	3680	16	11	112	0	3819
25041	118	3615	20	62	0	3815
25042	3713	82	12	45	0	3852
25043	123	41	12	3618	0	3794
25044	60	3610	15	104	0	3789
25045	3716	88	6	58	0	3868
25046	113	3639	16	33	0	3801
25047	60	3840	18	27	0	3945
25048	3820	121	15	41	0	3997
25049	119	56	3774	32	0	3981
25050	3837	24	98	33	0	3992
25051	149	18	50	3767	0	3984
25052	83	10	3781	106	0	3980
25053	48	16	97	3727	0	3888
25054	63	9	41	3868	0	3981
25055	45	25	3760	150	0	3980
25056	3756	8	107	86	0	3957
25057	144	10	41	3827	0	4022
25058	76	15	27	3879	0	3997
25059	63	7	16	3901	0	3987
25060	3800	13	13	173	0	3999
25061	111	17	3701	100	0	3929
25062	76	14	3732	56	0	3878
25063	55	16	119	3488	0	3678
25064	45	13	3503	104	0	3665
25065	3432	7	100	71	0	3610
25066	114	3450	66	40	0	3670
25067	3455	76	26	40	0	3597
25068	128	44	18	3326	0	3516
25069	78	3397	23	99	0	3597
25070	48	101	16	3371	0	3536
25071	52	3415	15	108	0	3590
25072	47	91	6	3462	0	3606
25073	43	52	3369	110	0	3574
25074	43	27	3166	69	0	3305
25075	38	3160	107	45	0	3350
25076	3079	71	51	43	0	3244
25077	94	43	32	3014	0	3183
25078	62	29	20	3038	0	3149
25079	3016	19	12	120	0	3167
25080	3048	22	23	72	0	3165
25081	131	15	14	2971	0	3131
25082	79	10	2947	94	0	3130
25083	46	2932	80	54	0	3112
25084	36	73	48	2957	0	3114
25085	42	46	25	2892	0	3005
25086	27	3049	27	114	0	3217
25087	3095	77	22	72	0	3266
25088	89	45	3091	48	0	3273
25089	65	32	82	3095	0	3274
25090	47	19	38	3101	0	3205
25091	30	25	3034	133	0	3222
25092	38	15	80	3085	0	3218
25093	3153	19	45	111	0	3328
25094	3192	13	32	80	0	3317
25095	3267	12	29	61	0	3369
25096	124	3170	38	50	0	3382
25097	3422	83	30	39	0	3574
25098	121	44	24	3439	0	3628
25099	64	28	23	3376	0	3491
25100	50	3735	20	124	0	3929
25101	3927	78	25	85	0	4115
25102	4087	51	22	54	0	4214
25103	4117	27	23	56	0	4223
25104	4250	23	29	56	0	4358
25105	4225	16	33	57	0	4331
25106	152	25	4100	40	0	4317
25107	4184	17	96	37	0	4334
25108	4216	30	48	42	0	4336
25109	4193	13	30	46	0	4282
25110	164	20	22	4107	0	4313
25111	104	20	23	4090	0	4237
25112	56	19	3946	147	0	4168
25113	3340	24	92	90	0	3546
25114	83	3860	61	63	0	4067
25115	50	3484	23	30	0	3587
25116	36	68	3415	20	0	3539
25117	24	3403	55	30	0	3512
25118	26	3288	37	19	0	3370
25119	51	93	28	2865	0	3037
25120	12	3042	16	46	0	3116
25121	3050	36	7	35	0	3128
25122	2995	29	7	15	0	3046
25123	63	12	6	2958	0	3039
25124	31	11	2950	35	0	3027
25125	2863	11	39	38	0	2951
25126	56	11	2970	23	0	3060
25127	34	5	2985	18	0	3042
25128	25	9	50	2849	0	2933
25129	27	9	25	2957	0	3018
25130	24	6	2963	50	0	3043
25131	18	2927	36	29	0	3010
25132	15	3033	32	22	0	3102
25133	3013	46	32	16	0	3107
25134	3051	19	13	23	0	3106
25135	55	14	3028	12	0	3109
25136	2960	12	25	11	0	3008
25137	3106	8	19	13	0	3146
25138	52	11	11	3030	0	3104
25139	46	4	4	3081	0	3135
25140	25	10	4	3108	0	3147
25141	3121	6	8	54	0	3189
25142	3105	11	9	34	0	3159
25143	3200	7	7	17	0	3231
25144	68	10	3	3187	0	3268
25145	42	7	3129	33	0	3211
25146	3103	6	27	23	0	3159
25147	3098	4	20	16	0	3138
25148	57	2	14	3017	0	3090
25149	40	3053	10	27	0	3130
25150	29	28	6	3025	0	3088
25151	20	3035	5	40	0	3100
25152	16	30	10	2910	0	2966
25153	14	3020	12	38	0	3084
25154	2950	29	6	23	0	3008
25155	41	22	4	2928	0	2995
25156	22	2912	11	28	0	2973
25157	17	34	2877	19	0	2947
25158	2827	22	30	8	0	2887
25159	41	16	13	2881	0	2951
25160	25	2876	8	26	0	2935
25161	19	26	4	2815	0	2864
25162	16	2801	7	30	0	2854
25163	17	2916	4	24	0	2961
25164	2902	36	9	24	0	2971
25165	2927	16	6	17	0	2966
25166	40	13	2991	11	0	3055
25167	2995	11	28	6	0	3040
25168	3003	5	19	18	0	3045
25169	44	2961	12	16	0	3033
25170	31	29	7	3027	0	3094
25171	25	16	7	3039	0	3087
25172	24	18	3009	30	0	3081
25173	23	10	2950	20	0	3003
25174	3007	6	32	16	0	3061
25175	3066	6	24	15	0	3111
25176	3080	3	19	13	0	3115
25177	48	9	3026	10	0	3093
25178	39	2	25	3009	0	3075
25179	3039	3	16	36	0	3094
25180	30	2	7	3034	0	3073
25181	22	9	2987	35	0	3053
25182	2838	9	27	20	0	2894
25183	37	8	3249	14	0	3308
25184	22	3192	30	16	0	3260
25185	3233	25	17	9	0	3284
25186	31	20	3168	11	0	3230
25187	21	13	25	3125	0	3184
25188	3168	5	12	32	0	3217
25189	33	15	5	3166	0	3219
25190	3211	5	3	43	0	3262
25191	34	9	5	3211	0	3259
25192	3245	5	4	49	0	3303
25193	3215	5	6	19	0	3245
25194	3230	7	6	16	0	3259
25195	3122	2	12	10	0	3146
25196	54	7	5	3153	0	3219
25197	20	11	2982	21	0	3034
25198	12	2	2998	15	0	3027
25199	6	2970	28	12	0	3016
25200	9	2679	24	4	0	2716
25201	2496	28	46	5	0	2575
25202	12	7	1	2409	0	2429
25203	5	5	2413	7	0	2430
25204	7	0	2378	8	0	2393
25205	1	2	10	2420	0	2433
25206	2430	0	5	12	0	2447
25207	7	2507	4	7	0	2525
25208	2604	7	1	14	0	2626
25209	9	8	2	2626	0	2645
25210	9	2	1	2639	0	2651
25211	5	0	2	2659	0	2666
25212	3	2	2605	11	0	2621
25213	2	3	2595	7	0	2607
25214	3	2562	12	6	0	2583
25215	4	7	6	2618	0	2635
25216	2605	6	0	13	0	2624
25217	11	5	2549	5	0	2570
25218	6	1	2624	4	0	2635
25219	3	1	13	2673	0	2690
25220	3	1	6	2741	0	2751
25221	4	0	3	2757	0	2764
25222	5	0	1	3046	0	3052
25223	3064	4	2	32	0	3102
25224	25	2	1	3102	0	3130
25225	3099	1	1	29	0	3130
25226	24	2	3110	12	0	3148
25227	13	3141	28	6	0	3188
25228	4	31	14	3154	0	3203
25229	4	19	3213	24	0	3260
25230	4	8	3211	15	0	3238
25231	3	3265	41	6	0	3315
25232	6	20	12	3225	0	3263
25233	7	12	4	3233	0	3256
25234	6	8	3258	35	0	3307
25235	3124	0	28	17	0	3169
25236	29	4	13	3243	0	3289
25237	14	2	0	3185	0	3201
25238	4	6	3226	40	0	3276
25239	5	3251	36	17	0	3309
25240	4	3515	16	4	0	3539
25241	3470	65	8	3	0	3546
25242	52	18	2	3492	0	3564
25243	3587	5	2	58	0	3652
25244	58	5	3510	30	0	3603
25245	35	2	55	3504	0	3596
25246	3512	3	24	62	0	3601
25247	3590	2	7	31	0	3630
25248	85	2	7	3532	0	3626
25249	30	4	3570	57	0	3661
25250	6	7	3689	44	0	3746
25251	10	1	80	3650	0	3741
25252	6	2	3721	61	0	3790
25253	3571	7	56	29	0	3663
25254	56	3675	26	15	0	3772
25255	3739	53	8	12	0	3812
25256	3724	26	8	16	0	3774
25257	81	10	5	3783	0	3879
25258	29	5	10	3859	0	3903
25259	3855	5	8	88	0	3956
25260	58	2	9	3883	0	3952
25261	28	6	3851	64	0	3949
25262	10	3880	54	36	0	3980
25263	17	57	28	3868	0	3970
25264	11	27	10	3911	0	3959
25265	11	8	5	3931	0	3955
25266	12	9	3769	90	0	3880
25267	9	3727	66	54	0	3856
25268	10	57	33	3782	0	3882
25269	16	35	3774	62	0	3887
25270	12	13	66	3763	0	3854
25271	3775	3	36	75	0	3889
25272	68	8	14	3807	0	3897
25273	38	7	3794	68	0	3907
25274	3716	3	58	62	0	3839
25275	68	3914	37	20	0	4039
25276	35	4042	26	8	0	4111
25277	4026	81	4	29	0	4140
25278	69	36	4042	16	0	4163
25279	44	4	61	4021	0	4130
25280	15	9	35	4109	0	4168
25281	17	9	4142	89	0	4257
25282	15	4145	67	40	0	4267
25283	17	59	40	3706	0	3822
25284	14	35	3963	64	0	4076
25285	21	11	67	3969	0	4068
25286	3944	11	31	83	0	4069
25287	67	9	4017	47	0	4140
25288	47	10	61	4039	0	4157
25289	17	10	30	4117	0	4174
25290	20	16	4043	99	0	4178
25291	18	8	65	3911	0	4002
25292	10	3864	39	79	0	3992
25293	34	66	16	3654	0	3770
25294	13	4050	14	69	0	4146
25295	4088	58	16	47	0	4209
25296	3925	33	18	28	0	4004
25297	92	14	3952	24	0	4082
25298	38	13	3915	31	0	3997
25299	15	11	3919	25	0	3970
25300	16	3849	89	29	0	3983
25301	21	63	49	3996	0	4129
25302	14	34	4056	84	0	4188
25303	22	12	71	3920	0	4025
25304	16	12	48	4015	0	4091
25305	24	14	3978	96	0	4112
25306	29	9	65	3972	0	4075
25307	25	12	42	3901	0	3980
25308	19	3833	21	96	0	3969
25309	34	60	15	3884	0	3993
25310	16	28	19	3970	0	4033
25311	23	14	3890	106	0	4033
25312	25	9	64	3883	0	3981
25313	20	13	3920	83	0	4036
25314	13	19	3863	61	0	3956
25315	3818	10	94	50	0	3972
25316	68	18	47	3629	0	3762
25317	33	3991	21	97	0	4142
25318	24	4048	25	53	0	4150
25319	23	83	30	3970	0	4106
25320	15	37	3985	92	0	4129
25321	22	3982	78	57	0	4139
25322	35	57	26	3725	0	3843
25323	10	35	3861	62	0	3968
25324	20	4002	52	43	0	4117
25325	4262	50	37	34	0	4383
25326	4272	25	18	43	0	4358
25327	4198	18	17	28	0	4261
25328	75	11	18	4513	0	4617
25329	36	16	15	4500	0	4567
25330	15	14	16	4448	0	4493
25331	12	20	4349	86	0	4467
25332	4325	18	66	59	0	4468
25333	92	8	36	4209	0	4345
25334	26	18	4175	78	0	4297
25335	4353	10	78	50	0	4491
25336	4504	10	33	32	0	4579
25337	94	28	3549	38	0	3709
25338	4365	9	63	33	0	4470
25339	60	4425	29	37	0	4551
25340	21	47	4331	16	0	4415
25341	4185	24	52	32	0	4293
25342	53	4323	25	23	0	4424
25343	17	43	14	4149	0	4223
25344	3	4227	15	50	0	4295
25345	11	44	7	4270	0	4332
25346	5	22	4309	50	0	4386
25347	3871	3	52	38	0	3964
25348	47	14	4270	11	0	4342
25349	8	4136	52	11	0	4207
25350	2	4136	17	8	0	4163
25351	4086	53	7	14	0	4160
25352	50	17	4067	9	0	4143
25353	17	1	50	4006	0	4074
25354	6	7	4095	49	0	4157
25355	6	4146	55	18	0	4225
25356	16	50	13	3827	0	3906
25357	2	4107	13	42	0	4164
25358	4172	47	8	29	0	4256
25359	4186	15	8	22	0	4231
25360	4195	4	6	21	0	4226
25361	59	10	4136	8	0	4213
25362	16	9	4046	11	0	4082
25363	4031	2	59	15	0	4107
25364	52	9	4205	5	0	4271
25365	31	4	49	3883	0	3967
25366	6	4126	27	55	0	4214
25367	4210	46	8	22	0	4286
25368	4269	18	7	20	0	4314
25369	4356	4	9	17	0	4386
25370	69	4	8	4282	0	4363
25371	29	3	7	4329	0	4368
25372	4238	4	8	79	0	4329
25373	55	4170	12	35	0	4272
25374	4116	53	3	6	0	4178
25375	58	16	4	4058	0	4136
25376	27	3	1	4060	0	4091
25377	3954	3	4	60	0	4021
25378	46	3955	11	21	0	4033
25379	3961	47	3	31	0	4042
25380	48	4044	5	5	0	4102
25381	3976	50	3	5	0	4034
25382	64	17	3	4455	0	4539
25383	4571	4	3	54	0	4632
25384	4793	8	3	27	0	4831
25385	5203	6	20	13	0	5242
25386	84	5265	9	7	0	5365
25387	23	76	5145	5	0	5249
25388	5123	21	69	10	0	5223
25389	5312	4	24	11	0	5351
25390	86	5182	9	4	0	5281
25391	27	64	5	5211	0	5307
25392	19	25	3	5261	0	5308
25393	5251	7	5	95	0	5358
25394	78	3	6	5317	0	5404
25395	29	3	5279	79	0	5390
25396	13	7	5266	30	0	5316
25397	5339	4	88	12	0	5443
25398	84	4	22	5401	0	5511
25399	33	3	10	5457	0	5503
25400	14	3	8	5490	0	5515
25401	21	4	5438	101	0	5564
25402	19	6	94	5400	0	5519
25403	12	6	26	5646	0	5690
25404	18	6	6	5683	0	5713
25405	5560	9	4	119	0	5692
25406	99	6	6	5621	0	5732
25407	39	13	5692	94	0	5838
25408	5717	10	87	47	0	5861
25409	105	8	5943	17	0	6073
25410	5928	7	96	25	0	6056
25411	5566	10	43	15	0	5634
25412	143	11	13	6130	0	6297
25413	47	6209	12	104	0	6372
25414	28	96	12	6262	0	6398
25415	26	39	11	6283	0	6359
25416	14	6351	11	146	0	6522
25417	6287	96	13	57	0	6453
25418	102	6259	13	27	0	6401
25419	6311	101	4	25	0	6441
25420	6323	40	12	24	0	6399
25421	147	10	6	6256	0	6419
25422	55	10	11	6281	0	6357
25423	22	10	5988	136	0	6156
25424	19	19	5614	51	0	5703
25425	5438	2	117	35	0	5592
25426	5682	2	34	30	0	5748
25427	123	5347	16	22	0	5508
25428	45	81	14	5265	0	5405
25429	25	39	5536	87	0	5687
25430	34	26	94	5511	0	5665
25431	5445	21	49	103	0	5618
25432	5425	11	8	47	0	5491
25433	101	5420	16	23	0	5560
25434	43	74	7	5389	0	5513
25435	28	36	12	5413	0	5489
25436	30	7	3	5386	0	5426
25437	22	15	5116	111	0	5264
25438	4528	14	70	66	0	4678
25439	5056	10	34	25	0	5125
25440	104	18	5033	28	0	5183
25441	50	5015	69	22	0	5156
25442	5017	64	37	27	0	5145
25443	5051	35	18	25	0	5129
25444	108	10	4993	27	0	5138
25445	55	13	5299	15	0	5382
25446	30	24	85	5189	0	5328
25447	32	16	5252	74	0	5374
25448	5079	5	74	54	0	5212
25449	5213	12	36	31	0	5292
25450	5291	8	20	45	0	5364
25451	112	5	26	5049	0	5192
25452	53	5330	14	76	0	5473
25453	5472	62	14	55	0	5603
25454	5429	38	9	28	0	5504
25455	105	24	5323	26	0	5478
25456	51	13	5184	32	0	5280
25457	4913	12	101	33	0	5059
25458	91	13	36	5278	0	5418
25459	59	30	5250	69	0	5408
25460	31	5237	78	56	0	5402
25461	39	65	39	5240	0	5383
25462	5220	38	11	91	0	5360
25463	80	5342	26	54	0	5502
25464	53	66	20	5275	0	5414
25465	31	5268	32	70	0	5401
25466	31	5356	22	38	0	5447
25467	46	84	25	5398	0	5553
25468	27	37	18	5405	0	5487
25469	30	5464	25	93	0	5612
25470	5478	66	18	52	0	5614
25471	98	42	5515	23	0	5678
25472	5316	18	82	30	0	5446
25473	97	16	44	5648	0	5805
25474	62	15	15	5693	0	5785
25475	38	12	30	5723	0	5803
25476	49	13	20	5721	0	5803
25477	29	33	5693	120	0	5875
25478	44	8	82	5780	0	5914
25479	37	21	37	5840	0	5935
25480	24	6072	23	124	0	6243
25481	35	93	6228	55	0	6411
25482	23	6341	93	43	0	6500
25483	39	104	6329	28	0	6500
25484	39	6304	89	21	0	6453
25485	42	82	45	5733	0	5902
25486	5699	40	20	81	0	5840
25487	76	5787	25	55	0	5943
25488	53	84	13	5819	0	5969
25489	25	40	5833	83	0	5981
25490	24	5907	83	51	0	6065
25491	5883	82	46	26	0	6037
25492	5890	42	23	38	0	5993
25493	103	5889	26	34	0	6052
25494	54	91	5831	19	0	5995
25495	5626	47	79	26	0	5778
25496	97	20	42	5903	0	6062
25497	5829	20	30	93	0	5972
25498	91	6057	14	59	0	6221
25499	53	6193	17	36	0	6299
25500	37	112	6055	27	0	6231
25501	5889	62	80	28	0	6059
25502	111	56	51	6026	0	6244
25503	5993	16	21	92	0	6122
25504	82	6089	29	64	0	6264
25505	6099	82	21	34	0	6236
25506	6091	47	14	32	0	6184
25507	131	31	6155	24	0	6341
25508	60	5924	77	14	0	6075
25509	27	6028	49	19	0	6123
25510	20	111	13	5606	0	5750
25511	16	5687	13	73	0	5789
25512	5659	74	9	34	0	5776
25513	65	5632	14	34	0	5745
25514	41	71	10	5497	0	5619
25515	19	5512	12	62	0	5605
25516	20	5420	11	36	0	5487
25517	17	5510	11	37	0	5575
25518	30	92	18	5449	0	5589
25519	16	48	6	5520	0	5590
25520	17	26	11	5477	0	5531
25521	15	5354	12	93	0	5474
25522	18	74	5360	41	0	5493
25523	19	39	5311	20	0	5389
25524	5194	33	83	13	0	5323
25525	74	20	44	5363	0	5501
25526	39	33	5412	62	0	5546
25527	18	32	5497	42	0	5589
25528	17	5630	83	19	0	5749
25529	18	74	33	5331	0	5456
25530	17	49	18	5443	0	5527
25531	5395	30	11	98	0	5534
25532	70	28	4	5445	0	5547
25533	36	24	12	5430	0	5502
25534	26	34	5476	90	0	5626
25535	32	21	65	5440	0	5558
25536	24	18	33	5699	0	5774
25537	18	26	5652	97	0	5793
25538	16	20	5703	47	0	5786
25539	19	5674	93	23	0	5809
25540	12	80	5749	25	0	5866
25541	18	46	78	5614	0	5756
25542	33	41	50	4705	0	4829
25543	23	22	5707	109	0	5861
25544	10	5686	72	59	0	5827
25545	5308	66	41	35	0	5450
25546	55	5442	26	30	0	5553
25547	39	79	26	5424	0	5568
25548	27	52	22	5500	0	5601
25549	16	5517	29	107	0	5669
25550	24	75	19	5492	0	5610
25551	16	46	25	5549	0	5636
25552	13	37	5266	114	0	5430
25553	6	5236	87	69	0	5398
25554	25	74	45	5291	0	5435
25555	14	62	5269	85	0	5430
25556	24	26	71	5189	0	5310
25557	22	38	43	5222	0	5325
25558	28	21	33	5316	0	5398
25559	24	22	26	5327	0	5399
25560	19	29	26	5219	0	5293
25561	19	5260	25	99	0	5403
25562	5151	80	19	72	0	5322
25563	71	59	5094	40	0	5264
25564	4491	35	74	44	0	4644
25565	80	31	5275	45	0	5431
25566	38	5563	82	50	0	5733
25567	24	91	5473	46	0	5634
25568	10	5533	98	40	0	5681
25569	30	91	49	4974	0	5144
25570	18	48	36	5068	0	5170
25571	23	5289	27	109	0	5448
25572	13	5489	18	78	0	5598
25573	5463	91	29	55	0	5638
25574	5576	62	23	38	0	5699
25575	5638	25	17	45	0	5725
25576	5657	19	28	50	0	5754
25577	115	31	18	5474	0	5638
25578	46	5446	24	79	0	5595
25579	5364	95	12	56	0	5527
25580	66	33	15	5120	0	5234
25581	4870	22	10	72	0	4974
25582	4715	9	9	45	0	4778
25583	65	4615	15	30	0	4725
25584	29	4523	12	13	0	4577
25585	13	4752	13	9	0	4787
25586	14	96	34	4443	0	4587
25587	6	4692	8	39	0	4745
25588	4703	32	9	30	0	4774
25589	4864	17	1	28	0	4910
25590	4787	10	6	20	0	4823
25591	4863	8	6	26	0	4903
25592	4952	8	4	18	0	4982
25593	64	7	5005	11	0	5087
25594	5023	6	41	14	0	5084
25595	57	4	5069	18	0	5148
25596	5094	9	52	18	0	5173
25597	67	9	26	5142	0	5244
25598	32	13	4934	54	0	5033
25599	20	21	5388	26	0	5455
25600	12	5788	75	11	0	5886
25601	5851	68	32	19	0	5970
25602	6058	41	8	11	0	6118
25603	114	6562	12	5	0	6693
25604	64	102	4	7607	0	7777
25605	7984	65	5	140	0	8194
25606	157	20	8119	94	0	8390
25607	94	8050	128	22	0	8294
25608	7873	129	87	24	0	8113
25609	137	8102	24	12	0	8275
25610	104	147	15	7620	0	7886
25611	30	8140	19	112	0	8301
25612	40	191	5	7678	0	7914
25613	15	7920	20	131	0	8086
25614	14	8181	13	93	0	8301
25615	7989	210	6	31	0	8236
25616	8110	112	14	22	0	8258
25617	224	34	8010	21	0	8289
25618	112	41	7970	6	0	8129
25619	34	26	8130	19	0	8209
25620	41	17	228	7991	0	8277
25621	23	35	8204	131	0	8393
25622	27	20	157	8026	0	8230
25623	30	24	104	8041	0	8199
25624	19	8106	37	216	0	8378
25625	8073	133	21	138	0	8365
25626	135	8272	26	38	0	8471
25627	117	153	21	8367	0	8658
25628	41	112	24	8416	0	8593
25629	50	49	21	8458	0	8578
25630	31	36	8310	247	0	8624
25631	49	32	147	8343	0	8571
25632	52	23	109	8415	0	8599
25633	34	33	40	8589	0	8696
25634	34	47	8239	261	0	8581
25635	33	8234	143	149	0	8559
25636	8123	156	113	67	0	8459
25637	7879	117	39	64	0	8099
25638	228	8194	36	47	0	8505
25639	130	162	30	8129	0	8451
25640	54	134	24	8375	0	8587
25641	58	55	8205	253	0	8571
25642	33	8203	161	159	0	8556
25643	43	163	109	8292	0	8607
25644	33	126	8272	174	0	8605
25645	38	62	160	8267	0	8527
25646	47	40	119	8313	0	8519
25647	41	47	8211	279	0	8578
25648	42	39	166	8217	0	8464
25649	51	38	129	8244	0	8462
25650	48	48	8334	280	0	8710
25651	47	30	168	8432	0	8677
25652	51	40	134	8365	0	8590
25653	33	44	46	8583	0	8706
25654	23	49	8371	298	0	8741
25655	30	41	161	8463	0	8695
25656	8283	35	125	221	0	8664
25657	8305	41	56	170	0	8572
25658	247	8283	45	105	0	8680
25659	8380	161	43	89	0	8673
25660	183	130	8552	83	0	8948
25661	136	48	167	8637	0	8988
25662	65	40	131	8675	0	8911
25663	51	38	51	8900	0	9040
25664	8522	25	43	301	0	8891
25665	137	8526	60	190	0	8913
25666	122	139	33	8008	0	8302
25667	40	8272	53	193	0	8558
25668	8130	173	35	165	0	8503
25669	147	8249	48	84	0	8528
25670	8078	163	37	109	0	8387
25671	164	8049	52	80	0	8345
25672	125	8040	43	81	0	8289
25673	46	266	48	7968	0	8328
25674	46	144	43	8060	0	8293
25675	52	51	47	8111	0	8261
25676	38	45	34	8147	0	8264
25677	39	64	7810	284	0	8197
25678	33	7767	148	195	0	8143
25679	57	158	115	7470	0	7800
25680	35	7717	62	211	0	8025
25681	38	171	7637	162	0	8008
25682	52	119	153	7588	0	7912
25683	46	52	116	7889	0	8103
25684	42	61	7732	270	0	8105
25685	41	7531	171	184	0	7927
25686	39	145	120	7561	0	7865
25687	44	122	7463	214	0	7843
25688	30	7441	157	195	0	7823
25689	39	150	120	7330	0	7639
25690	33	132	7328	192	0	7685
25691	35	60	7223	158	0	7476
25692	30	7053	212	90	0	7385
25693	35	7719	124	83	0	7961
25694	38	236	70	7698	0	8042
25695	66	140	41	8064	0	8311
25696	24	70	7867	279	0	8240
25697	7379	45	151	185	0	7760
25698	7610	55	118	108	0	7891
25699	233	40	7296	86	0	7655
25700	107	6787	141	65	0	7100
25701	40	6768	103	61	0	6972
25702	27	6665	50	51	0	6793
25703	43	5510	65	88	0	5706
25704	98	208	67	5120	0	5493
25705	9	41	7	6185	0	6242
25706	8	16	4	6234	0	6262
25707	10	5	4	6313	0	6332
25708	2	6164	10	179	0	6355
25709	11	94	6	6274	0	6385
25710	6	6229	7	113	0	6355
25711	9	107	8	6316	0	6440
25712	6174	67	3	119	0	6363
25713	91	25	6	6307	0	6429
25714	66	6166	6	143	0	6381
25715	39	100	6	6403	0	6548
25716	19	67	7	6577	0	6670
25717	18	26	4	6618	0	6666
25718	6268	19	6	213	0	6506
25719	106	24	9	6567	0	6706
25720	69	25	6365	157	0	6616
25721	26	6424	102	114	0	6666
25722	21	123	72	6576	0	6792
25723	37	83	15	6765	0	6900
25724	18	32	7	6849	0	6906
25725	6376	24	11	237	0	6648
25726	119	29	6382	134	0	6664
25727	78	16	109	6138	0	6341
25728	24	6221	71	160	0	6476
25729	26	126	17	6355	0	6524
25730	5962	87	14	172	0	6235
25731	110	6150	20	125	0	6405
25732	85	133	9	6165	0	6392
25733	27	83	7	6216	0	6333
25734	11	6043	13	241	0	6308
25735	27	118	6	6233	0	6384
25736	32	91	7	6271	0	6401
25737	22	37	6065	244	0	6368
25738	22	6042	117	150	0	6331
25739	6065	137	73	85	0	6360
25740	131	95	5995	65	0	6286
25741	5915	44	119	75	0	6153
25742	141	43	6011	85	0	6280
25743	92	25	133	6024	0	6274
25744	5992	27	85	200	0	6304
25745	149	42	31	6118	0	6340
25746	6152	26	30	209	0	6417
25747	6158	34	24	166	0	6382
25748	6161	44	30	94	0	6329
25749	222	6024	27	81	0	6354
25750	124	130	27	5999	0	6280
25751	61	108	26	6090	0	6285
25752	59	44	28	6103	0	6234
25753	39	30	5877	280	0	6226
25754	50	43	129	5968	0	6190
25755	5918	30	86	215	0	6249
25756	6037	22	36	171	0	6266
25757	230	30	5859	82	0	6201
25758	5965	48	142	68	0	6223
25759	6044	38	88	98	0	6268
25760	235	41	45	5644	0	5965
25761	5678	36	32	194	0	5940
25762	5705	24	31	159	0	5919
25763	232	26	37	5609	0	5904
25764	5654	31	36	197	0	5918
25765	5666	30	31	162	0	5889
25766	257	28	28	5591	0	5904
25767	166	34	4978	173	0	5351
25768	5356	44	137	136	0	5673
25769	190	35	5543	86	0	5854
25770	137	32	5576	80	0	5825
25771	78	5526	203	102	0	5909
25772	96	125	117	5504	0	5842
25773	83	84	50	5607	0	5824
25774	86	35	30	5651	0	5802
25775	90	36	5500	268	0	5894
25776	99	27	5485	152	0	5763
25777	69	5555	222	96	0	5942
25778	92	128	109	5499	0	5828
25779	97	85	54	5671	0	5907
25780	66	30	59	5803	0	5958
25781	71	45	5574	271	0	5961
25782	70	5519	145	192	0	5926
25783	85	120	109	5551	0	5865
25784	87	85	5598	189	0	5959
25785	84	44	5626	138	0	5892
25786	5569	25	226	97	0	5917
25787	5631	22	134	79	0	5866
25788	5737	32	55	82	0	5906
25789	256	22	59	5405	0	5742
25790	139	19	5503	196	0	5857
25791	94	5365	151	156	0	5766
25792	75	5542	108	98	0	5823
25793	72	160	4760	86	0	5078
25794	86	157	142	4359	0	4744
25795	73	33	109	4150	0	4365
25796	53	4166	70	155	0	4444
25797	64	4351	54	99	0	4568
25798	4292	140	57	67	0	4556
25799	4371	65	37	75	0	4548
25800	4403	24	53	70	0	4550
25801	4318	27	42	60	0	4447
25802	4020	48	34	57	0	4159
25803	142	3786	46	69	0	4043
25804	50	2783	41	38	0	2912
25805	33	2346	28	31	0	2438
25806	2229	64	89	32	0	2414
25807	93	40	33	2114	0	2280
25808	28	6	14	2154	0	2202
25809	2106	9	16	66	0	2197
25810	42	2110	19	44	0	2215
25811	25	42	21	2151	0	2239
25812	25	22	18	2207	0	2272
25813	34	7	23	2205	0	2269
25814	2090	6	18	63	0	2177
25815	63	3	18	2083	0	2167
25816	33	14	1947	37	0	2031
25817	1933	10	36	34	0	2013
25818	68	6	17	2032	0	2123
25819	42	7	2011	38	0	2098
25820	25	2011	35	27	0	2098
25821	14	1984	17	13	0	2028
25822	1993	33	12	14	0	2052
25823	1930	12	6	11	0	1959
25824	36	2020	6	9	0	2071
25825	23	29	6	2223	0	2281
25826	2279	12	2	35	0	2328
25827	37	5	3	2414	0	2459
25828	34	4	5	2505	0	2548
25829	12	6	7	2526	0	2551
25830	12	5	4	2515	0	2536
25831	5	2432	5	74	0	2516
25832	15	33	4	2512	0	2564
25833	6	24	4	2510	0	2544
25834	13	8	7	2561	0	2589
25835	10	7	2450	66	0	2533
25836	4	2444	36	43	0	2527
25837	8	41	26	2465	0	2540
25838	3	26	2430	42	0	2501
25839	5	15	2322	37	0	2379
25840	5	2416	54	18	0	2493
25841	2432	35	29	6	0	2502
25842	39	27	10	2426	0	2502
25843	2423	8	8	54	0	2493
25844	45	2421	11	27	0	2504
25845	29	40	3	2426	0	2498
25846	2334	24	5	47	0	2410
25847	2388	9	5	32	0	2434
25848	61	10	3	2388	0	2462
25849	38	10	3	2383	0	2434
25850	18	8	2317	66	0	2409
25851	17	3	32	2352	0	2404
25852	13	9	22	2407	0	2451
25853	2348	4	9	70	0	2431
25854	37	2352	11	40	0	2440
25855	23	33	2326	23	0	2405
25856	2266	24	30	16	0	2336
25857	35	2341	27	15	0	2418
25858	35	33	8	2354	0	2430
25859	2342	25	6	45	0	2418
25860	39	11	6	2336	0	2392
25861	30	8	2	2342	0	2382
25862	18	14	2278	65	0	2375
25863	11	5	32	2335	0	2383
25864	2316	4	23	59	0	2402
25865	41	8	12	2317	0	2378
25866	2281	4	6	64	0	2355
25867	44	2202	5	44	0	2295
25868	28	2277	6	38	0	2349
25869	17	51	5	2276	0	2349
25870	9	33	6	2264	0	2312
25871	2178	11	9	79	0	2277
25872	40	2199	5	45	0	2289
25873	2238	35	10	32	0	2315
25874	2227	28	5	27	0	2287
25875	61	12	5	2208	0	2286
25876	2215	11	13	55	0	2294
25877	57	11	2080	34	0	2182
25878	38	13	35	2113	0	2199
25879	27	5	2142	57	0	2231
25880	18	9	45	2159	0	2231
25881	2108	9	32	58	0	2207
25882	2128	16	11	44	0	2199
25883	65	2096	10	35	0	2206
25884	51	32	6	2108	0	2197
25885	29	33	8	2088	0	2158
25886	11	2086	11	80	0	2188
25887	23	37	8	2171	0	2239
25888	13	28	7	2175	0	2223
25889	18	2141	9	78	0	2246
25890	2092	42	5	51	0	2190
25891	2107	29	9	40	0	2185
25892	71	14	11	2090	0	2186
25893	37	14	11	2102	0	2164
25894	26	14	2051	77	0	2168
25895	26	9	34	2015	0	2084
25896	14	2017	33	64	0	2128
25897	2078	34	11	53	0	2176
25898	44	31	11	2077	0	2163
25899	37	17	6	2043	0	2103
25900	1976	14	9	71	0	2070
25901	42	1966	11	57	0	2076
25902	41	33	5	2039	0	2118
25903	24	32	7	1999	0	2062
25904	20	2017	10	74	0	2121
25905	2043	38	6	49	0	2136
25906	41	31	1985	42	0	2099
25907	36	19	1986	21	0	2062
25908	26	11	53	1999	0	2089
25909	17	14	1992	44	0	2067
25910	1964	11	36	44	0	2055
25911	44	23	27	1992	0	2086
25912	38	9	2033	49	0	2129
25913	27	15	2007	35	0	2084
25914	17	2067	54	31	0	2169
25915	2059	33	35	22	0	2149
25916	40	2056	38	28	0	2162
25917	2047	40	7	33	0	2127
25918	2017	26	9	21	0	2073
25919	55	1975	4	18	0	2052
25920	1953	36	12	19	0	2020
25921	1923	22	9	22	0	1976
25922	50	13	1870	13	0	1946
25923	44	114	20	1710	0	1888
25924	11	1647	14	24	0	1696
25925	3	1507	7	9	0	1526
25926	28	67	3	1367	0	1465
25927	1331	6	0	10	0	1347
25928	9	2	0	1323	0	1334
25929	6	2	3	1383	0	1394
25930	2	3	1	1421	0	1427
25931	2	1460	1	18	0	1481
25932	2	11	2	1578	0	1593
25933	2	9	1671	16	0	1698
25934	1561	0	17	12	0	1590
25935	1709	0	9	4	0	1722
25936	27	1674	6	0	0	1707
25937	1687	19	1	4	0	1711
25938	22	10	4	1692	0	1728
25939	12	5	1682	20	0	1719
25940	1633	2	17	14	0	1666
25941	19	1724	10	4	0	1757
25942	13	16	2	1732	0	1763
25943	1767	9	0	21	0	1797
25944	17	1812	1	9	0	1839
25945	12	1826	4	3	0	1845
25946	1827	26	3	1	0	1857
25947	17	13	1784	3	0	1817
25948	1798	2	15	2	0	1817
25949	22	1	10	1787	0	1820
25950	14	1	1	1798	0	1814
25951	6	4	1780	24	0	1814
25952	3	2	1756	12	0	1773
25953	6	0	28	1802	0	1836
25954	1	3	1767	17	0	1788
25955	3	1	1772	15	0	1791
25956	5	1	29	1757	0	1792
25957	4	3	15	1811	0	1833
25958	1802	1	4	28	0	1835
25959	17	6	2	1822	0	1847
25960	1819	3	3	25	0	1850
25961	26	1786	4	13	0	1829
25962	13	24	2	1836	0	1875
25963	13	17	1925	19	0	1974
25964	1896	6	16	18	0	1936
25965	1971	1	16	7	0	1995
25966	1989	2	5	6	0	2002
25967	1946	3	3	11	0	1963
25968	1936	5	4	10	0	1955
25969	35	1	2	1912	0	1950
25970	19	2	1891	20	0	1932
25971	9	1	1868	20	0	1898
25972	10	6	1927	6	0	1949
25973	1857	4	34	6	0	1901
25974	1964	3	13	11	0	1991
25975	30	1	6	1916	0	1953
25976	19	2030	10	19	0	2078
25977	11	25	3	2068	0	2107
25978	17	12	2027	26	0	2082
25979	6	10	1995	14	0	2025
25980	1909	2	30	17	0	1958
25981	27	10	2110	9	0	2156
25982	17	4	24	2102	0	2147
25983	2221	1	16	28	0	2266
25984	2237	6	11	16	0	2270
25985	2339	0	3	10	0	2352
25986	2347	1	5	11	0	2364
25987	44	4	2255	7	0	2310
25988	2194	4	24	8	0	2230
25989	29	2227	24	9	0	2289
25990	18	20	14	2272	0	2324
25991	15	16	2289	20	0	2340
25992	10	7	23	2287	0	2327
25993	8	4	2340	33	0	2385
25994	8	5	27	2317	0	2357
25995	9	4	15	2366	0	2394
25996	12	4	2339	40	0	2395
25997	9	5	30	2308	0	2352
25998	2343	2	22	31	0	2398
25999	28	1	12	2373	0	2414
26000	22	2	7	2408	0	2439
26001	2382	3	5	36	0	2426
26002	26	2434	8	21	0	2489
26003	2469	19	6	13	0	2507
26004	35	2499	6	4	0	2544
26005	2552	23	7	18	0	2600
26006	33	18	2541	9	0	2601
26007	28	8	22	2538	0	2596
26008	14	5	17	2578	0	2614
26009	2561	2	10	37	0	2610
26010	26	2559	11	22	0	2618
26011	26	19	8	2573	0	2626
26012	14	15	9	2514	0	2552
26013	7	2472	9	49	0	2537
26014	2448	18	9	22	0	2497
26015	27	2484	15	13	0	2539
26016	28	23	8	2487	0	2546
26017	18	12	5	2406	0	2441
26018	7	2428	5	39	0	2479
26019	2387	19	7	22	0	2435
26020	28	17	2363	15	0	2423
26021	2333	5	27	13	0	2378
26022	33	2365	19	16	0	2433
26023	22	19	8	2381	0	2430
26024	2417	11	11	31	0	2470
26025	28	8	9	2425	0	2470
26026	27	6	7	2427	0	2467
26027	2479	3	10	42	0	2534
26028	28	2416	9	22	0	2475
26029	19	2428	4	18	0	2469
26030	2402	21	6	16	0	2445
26031	21	13	2534	11	0	2579
26032	19	2388	15	7	0	2429
26033	13	14	24	2375	0	2426
26034	8	7	2946	15	0	2976
26035	6	5	29	2892	0	2932
26036	2897	3	14	38	0	2952
26037	26	2935	10	25	0	2996
26038	19	32	3	2770	0	2824
26039	7	2960	4	27	0	2998
26040	2976	32	6	19	0	3033
26041	2993	18	0	21	0	3032
26042	47	2985	6	13	0	3051
26043	26	36	4	2906	0	2972
26044	8	3026	2	35	0	3071
26045	3044	34	2	21	0	3101
26046	3041	20	3	15	0	3079
26047	51	9	4	3016	0	3080
26048	26	5	0	3074	0	3105
26049	12	8	2996	47	0	3063
26050	2816	8	32	29	0	2885
26051	38	8	2992	11	0	3049
26052	25	4	37	2946	0	3012
26053	2934	3	18	38	0	2993
26054	33	2990	6	26	0	3055
26055	2883	32	4	14	0	2933
26056	39	27	2673	12	0	2751
26057	2867	9	26	12	0	2914
26058	46	3013	12	6	0	3077
26059	3013	37	4	13	0	3067
26060	41	3049	9	12	0	3111
26061	26	39	8	3074	0	3147
26062	10	26	3012	43	0	3091
26063	11	11	2901	18	0	2941
26064	10	10	46	2921	0	2987
26065	15	9	2965	40	0	3029
26066	11	12	38	2951	0	3012
26067	14	3	22	2992	0	3031
26068	11	14	3026	50	0	3101
26069	2671	4	38	32	0	2745
26070	3021	8	20	13	0	3062
26071	54	2969	6	13	0	3042
26072	2984	37	4	14	0	3039
26073	45	20	3	2980	0	3048
26074	26	9	3046	40	0	3121
26075	13	8	36	3042	0	3099
26076	16	7	17	3044	0	3084
26077	2954	5	8	51	0	3018
26078	37	2942	7	24	0	3010
26079	19	2952	3	15	0	2989
26080	9	42	8	2980	0	3039
26081	13	17	6	2924	0	2960
26082	7	2891	12	49	0	2959
26083	8	33	6	2848	0	2895
26084	13	16	8	2786	0	2823
26085	7	2745	5	59	0	2816
26086	2720	38	5	19	0	2782
26087	34	18	6	2706	0	2764
26088	23	2716	4	46	0	2789
26089	14	33	4	2734	0	2785
26090	2708	24	4	43	0	2779
26091	38	2735	9	29	0	2811
26092	2799	37	4	18	0	2858
26093	2788	21	5	19	0	2833
26094	56	12	2	2782	0	2852
26095	2862	6	7	52	0	2927
26096	2931	15	3	27	0	2976
26097	2970	15	2	14	0	3001
26098	2957	11	7	13	0	2988
26099	57	6	7	2955	0	3025
26100	26	17	4	2974	0	3021
26101	18	13	2930	60	0	3021
26102	21	4	36	2965	0	3026
26103	9	10	18	3036	0	3073
26104	14	8	2937	68	0	3027
26105	2820	10	41	28	0	2899
26106	46	12	25	2987	0	3070
26107	34	12	3069	48	0	3163
26108	3023	9	45	42	0	3119
26109	63	9	3327	19	0	3418
26110	31	3311	50	15	0	3407
26111	20	3468	27	24	0	3539
26112	33	66	9	3601	0	3709
26113	14	26	3933	62	0	4035
26114	3903	12	53	40	0	4008
26115	4156	14	32	34	0	4236
26116	88	8	4069	25	0	4190
26117	4053	8	57	26	0	4144
26118	4140	5	30	21	0	4196
26119	85	4097	23	10	0	4215
26120	4142	56	14	17	0	4229
26121	67	31	10	4099	0	4207
26122	39	11	4104	63	0	4217
26123	23	11	49	3928	0	4011
26124	12	4073	37	54	0	4176
26125	16	4236	22	37	0	4311
26126	4243	73	18	26	0	4360
26127	4202	37	8	16	0	4263
26128	4191	15	13	15	0	4234
26129	98	10	10	4167	0	4285
26130	47	19	13	3990	0	4069
26131	23	3918	15	91	0	4047
26132	3939	54	12	52	0	4057
26133	64	3973	14	31	0	4082
26134	3319	35	9	17	0	3380
26135	50	3359	14	10	0	3433
26136	3340	39	10	14	0	3403
26137	3323	21	8	20	0	3372
26138	67	26	6	3261	0	3360
26139	35	3341	18	47	0	3441
26140	25	35	3269	23	0	3352
26141	3114	23	35	16	0	3188
26142	40	3215	17	18	0	3290
26143	29	41	3257	9	0	3336
26144	23	22	3327	9	0	3381
26145	16	4	43	3187	0	3250
26146	19	11	23	3179	0	3232
26147	16	3344	7	37	0	3404
26148	3435	39	5	30	0	3509
26149	45	21	5	3441	0	3512
26150	36	3566	10	28	0	3640
26151	25	3823	3	22	0	3873
26152	14	47	3733	15	0	3809
26153	17	22	3792	17	0	3848
26154	3664	16	37	20	0	3737
26155	41	22	3849	9	0	3921
26156	32	14	29	3744	0	3819
26157	21	13	16	3886	0	3936
26158	21	18	3882	46	0	3967
26159	28	11	37	3798	0	3874
26160	23	9	20	3768	0	3820
26161	3747	5	12	55	0	3819
26162	3848	15	13	37	0	3913
26163	52	11	13	3831	0	3907
26164	27	3809	18	38	0	3892
26165	24	3893	15	22	0	3954
26166	3902	55	11	27	0	3995
26167	42	29	3872	14	0	3957
26168	27	11	37	3809	0	3884
26169	3907	18	16	47	0	3988
26170	3918	21	11	34	0	3984
26171	58	22	14	3890	0	3984
26172	36	18	3893	41	0	3988
26173	21	19	3723	30	0	3793
26174	3655	19	57	13	0	3744
26175	3843	13	25	22	0	3903
26176	43	3820	27	21	0	3911
26177	37	3893	23	19	0	3972
26178	3995	48	16	23	0	4082
26179	4133	21	20	40	0	4214
26180	64	18	15	4176	0	4273
26181	37	18	20	4243	0	4318
26182	32	13	18	4255	0	4318
26183	4232	17	18	63	0	4330
26184	61	17	11	4275	0	4364
26185	43	22	4306	41	0	4412
26186	4220	13	46	39	0	4318
26187	58	16	20	4337	0	4431
26188	35	24	4398	46	0	4503
26189	4229	29	40	32	0	4330
26190	4027	18	26	33	0	4104
26191	64	4468	23	23	0	4578
26192	37	4527	17	26	0	4607
26193	40	58	4337	17	0	4452
26194	4323	31	33	24	0	4411
26195	52	4508	26	28	0	4614
26196	40	47	4369	12	0	4468
26197	4208	24	30	24	0	4286
26198	48	4622	20	28	0	4718
26199	38	42	4545	27	0	4652
26200	4358	30	29	26	0	4443
26201	54	4560	18	21	0	4653
26202	39	36	8	4487	0	4570
26203	4466	22	9	48	0	4545
26204	40	4474	15	31	0	4560
26205	29	36	15	4448	0	4528
26206	4355	16	10	41	0	4422
26207	42	13	4313	27	0	4395
26208	21	4199	34	17	0	4271
26209	38	25	4065	13	0	4141
26210	22	31	35	3937	0	4025
26211	14	11	3944	29	0	3998
26212	12	3775	28	12	0	3827
26213	11	3467	9	8	0	3495
26214	11	17	4	3390	0	3422
26215	7	9	6	3251	0	3273
26216	11	4	3	3305	0	3323
26217	5	8	3334	21	0	3368
26218	10	0	14	3342	0	3366
26219	3327	2	14	20	0	3363
26220	3318	2	2	25	0	3347
26221	29	7	3420	10	0	3466
26222	13	3358	10	8	0	3389
26223	3346	9	11	17	0	3383
26224	13	3345	9	5	0	3372
26225	3320	8	11	19	0	3358
26226	3315	8	2	17	0	3342
26227	23	11	3324	5	0	3363
26228	12	3424	7	7	0	3450
26229	8	18	10	3395	0	3431
26230	10	13	3421	4	0	3448
26231	3286	4	5	12	0	3307
26232	16	2	9	3443	0	3470
26233	18	8	3430	5	0	3461
26234	3357	3	6	17	0	3383
26235	13	9	3603	4	0	3629
26236	23	3	14	3631	0	3671
26237	3836	2	18	22	0	3878
26238	14	3946	5	28	0	3993
26239	22	16	3937	8	0	3983
26240	3858	16	12	19	0	3905
26241	4157	3	21	16	0	4197
26242	40	4294	8	11	0	4353
26243	30	21	4	4348	0	4403
26244	6	21	4	4257	0	4288
26245	4250	6	8	46	0	4310
26246	30	3	3	4297	0	4333
26247	30	7	4295	30	0	4362
26248	5	15	22	4239	0	4281
26249	4253	7	23	32	0	4315
26250	24	4129	12	44	0	4209
26251	33	25	3	3912	0	3973
26252	8	3969	7	28	0	4012
26253	3976	27	6	26	0	4035
26254	27	28	2	4209	0	4266
26255	33	6	4	4312	0	4355
26256	10	4282	14	85	0	4391
26257	13	48	4239	38	0	4338
26258	9	38	41	4210	0	4298
26259	8	9	32	4287	0	4336
26260	9	7	7	4243	0	4266
26261	6	4203	11	73	0	4293
26262	5	44	4217	39	0	4305
26263	6	36	4214	12	0	4268
26264	4187	6	72	17	0	4282
26265	4339	8	35	13	0	4395
26266	76	6	4372	11	0	4465
26267	4309	4	52	18	0	4383
26268	63	10	4525	10	0	4608
26269	4339	5	55	22	0	4421
26270	54	4571	40	19	0	4684
26271	4659	46	21	16	0	4742
26272	65	40	4688	6	0	4799
26273	48	17	4714	11	0	4790
26274	17	9	88	5310	0	5424
26275	5466	6	45	84	0	5601
26276	88	5861	14	66	0	6029
26277	72	97	6392	26	0	6587
26278	24	71	105	6532	0	6732
26279	17	13	82	6574	0	6686
26280	6508	6	28	198	0	6740
26281	6561	10	10	106	0	6687
26282	211	3	9	6521	0	6744
26283	6621	7	10	135	0	6773
26284	139	10	6456	122	0	6727
26285	113	9	121	6405	0	6648
26286	35	10	91	6551	0	6687
26287	6477	6	15	216	0	6714
26288	6451	12	7	117	0	6587
26289	224	6	9	6359	0	6598
26290	6389	8	14	133	0	6544
26291	141	10	6174	104	0	6429
26292	98	6139	127	34	0	6398
26293	32	122	6254	26	0	6434
26294	27	83	128	6228	0	6466
26295	6123	18	102	142	0	6385
26296	125	6118	33	109	0	6385
26297	107	129	22	6090	0	6348
26298	45	91	22	5951	0	6109
26299	23	5884	28	220	0	6155
26300	38	134	19	6039	0	6230
26301	35	90	25	6059	0	6209
26302	41	19	24	6134	0	6218
26303	35	14	15	6137	0	6201
26304	53	8	19	6026	0	6106
26305	38	5834	19	243	0	6134
26306	50	120	21	6011	0	6202
26307	54	83	29	5957	0	6123
26308	57	20	5724	237	0	6038
26309	29	5695	143	153	0	6020
26310	59	124	104	5786	0	6073
26311	47	101	41	5816	0	6005
26312	44	25	30	5854	0	5953
26313	45	5666	34	255	0	6000
26314	62	128	5709	141	0	6040
26315	57	95	134	5799	0	6085
26316	55	40	5794	165	0	6054
26317	49	29	5757	133	0	5968
26318	45	28	223	5735	0	6031
26319	5775	27	110	181	0	6093
26320	149	26	39	5817	0	6031
26321	123	21	20	5732	0	5896
26322	57	5731	30	262	0	6080
26323	61	141	19	5919	0	6140
26324	53	94	22	6043	0	6212
26325	40	44	5895	275	0	6254
26326	36	5906	155	160	0	6257
26327	36	133	115	5977	0	6261
26328	5812	101	38	206	0	6157
26329	152	43	5880	162	0	6237
26330	131	34	130	5927	0	6222
26331	57	34	110	6020	0	6221
26332	5835	38	50	270	0	6193
26333	137	5792	37	193	0	6159
26334	5717	141	31	109	0	5998
26335	149	5710	36	98	0	5993
26336	112	145	28	5679	0	5964
26337	5499	95	26	209	0	5829
26338	148	46	5489	159	0	5842
26339	99	5383	147	102	0	5731
26340	37	5516	114	102	0	5769
26341	5230	187	56	87	0	5560
26342	146	105	34	5061	0	5346
26343	118	4964	49	177	0	5308
26344	43	5174	32	155	0	5404
26345	40	176	24	5165	0	5405
26346	51	105	24	5245	0	5425
26347	5028	52	26	248	0	5354
26348	126	5054	43	161	0	5384
26349	95	134	42	5057	0	5328
26350	39	88	4988	182	0	5297
26351	29	4980	138	161	0	5308
26352	45	129	4960	92	0	5226
26353	39	4950	137	87	0	5213
26354	66	162	87	4641	0	4956
26355	45	97	33	4520	0	4695
26356	29	4559	39	208	0	4835
26357	30	113	4572	137	0	4852
26358	4543	91	113	81	0	4828
26359	121	51	92	4680	0	4944
26360	78	49	34	4824	0	4985
26361	47	46	4759	209	0	5061
26362	39	42	121	4825	0	5027
26363	27	48	4791	173	0	5039
26364	38	50	119	4812	0	5019
26365	29	39	4946	160	0	5174
26366	21	4934	120	160	0	5235
26367	40	138	5025	84	0	5287
26368	32	110	124	5017	0	5283
26369	4959	44	78	186	0	5267
26370	121	4808	36	147	0	5112
26371	89	149	35	4790	0	5063
26372	32	110	4729	162	0	5033
26373	18	4757	130	144	0	5049
26374	35	127	67	4031	0	4260
26375	27	71	4011	97	0	4206
26376	10	3504	73	51	0	3638
26377	2851	87	58	30	0	3026
26378	2664	23	12	19	0	2718
26379	46	4	4	2669	0	2723
26380	2685	6	6	42	0	2739
26381	33	4	4	2683	0	2724
26382	17	1	5	2708	0	2731
26383	6	9	2698	47	0	2760
26384	7	4	36	2672	0	2719
26385	7	2	14	2708	0	2731
26386	2645	5	5	57	0	2712
26387	2656	2	4	23	0	2685
26388	42	2640	5	11	0	2698
26389	16	33	2645	13	0	2707
26390	4	19	39	2640	0	2702
26391	6	6	2615	42	0	2669
26392	2455	3	32	27	0	2517
26393	36	8	2534	8	0	2586
26394	17	3	32	2465	0	2517
26395	6	2509	14	37	0	2566
26396	7	35	8	2498	0	2548
26397	6	15	4	2515	0	2540
26398	15	2	2545	47	0	2609
26399	11	6	35	2532	0	2584
26400	2546	5	13	44	0	2608
26401	2565	2	8	28	0	2603
26402	2568	7	5	14	0	2594
26403	2553	6	7	18	0	2584
26404	45	2505	4	13	0	2567
26405	15	2516	11	11	0	2553
26406	15	45	4	2315	0	2379
26407	14	12	6	2515	0	2547
26408	9	2424	4	47	0	2484
26409	11	32	8	2520	0	2571
26410	11	16	6	2521	0	2554
26411	8	9	10	2517	0	2544
26412	10	7	8	2520	0	2545
26413	11	5	8	2525	0	2549
26414	2426	9	6	60	0	2501
26415	38	2397	9	35	0	2479
26416	16	34	2409	16	0	2475
26417	6	20	34	2390	0	2450
26418	12	4	21	2405	0	2442
26419	15	5	9	2378	0	2407
26420	2398	8	10	53	0	2469
26421	47	2739	11	26	0	2823
26422	26	53	8	2790	0	2877
26423	9	2905	8	74	0	2996
26424	22	65	9	2775	0	2871
26425	12	2761	3	82	0	2858
26426	13	65	2950	37	0	3065
26427	13	25	78	3097	0	3213
26428	12	16	3582	90	0	3700
26429	16	9	86	3545	0	3656
26430	18	8	33	3811	0	3870
26431	3807	6	14	136	0	3963
26432	3870	15	5	62	0	3952
26433	3916	9	12	29	0	3966
26434	3909	6	11	28	0	3954
26435	3896	5	16	22	0	3939
26436	153	3	7	3694	0	3857
26437	55	3764	15	104	0	3938
26438	31	91	5	3750	0	3877
26439	24	53	3639	111	0	3827
26440	3661	10	98	60	0	3829
26441	3771	14	39	32	0	3856
26442	138	10	25	3697	0	3870
26443	59	12	8	3690	0	3769
26444	21	3580	15	145	0	3761
26445	32	92	8	3673	0	3805
26446	28	43	13	3652	0	3736
26447	22	3567	12	145	0	3746
26448	23	99	10	3632	0	3764
26449	3449	45	12	121	0	3627
26450	101	15	3497	72	0	3685
26451	3497	9	91	41	0	3638
26452	114	12	3544	25	0	3695
26453	60	10	96	3515	0	3681
26454	32	17	47	3399	0	3495
26455	19	3409	19	147	0	3594
26456	21	3555	7	80	0	3663
26457	27	140	14	3416	0	3597
26458	30	48	3427	114	0	3619
26459	3329	17	97	59	0	3502
26460	119	9	44	3343	0	3515
26461	51	3240	19	114	0	3424
26462	26	94	5	3306	0	3431
26463	29	43	13	3268	0	3353
26464	25	3158	12	141	0	3336
26465	36	100	12	3008	0	3156
26466	19	36	2816	95	0	2966
26467	19	22	2793	51	0	2885
26468	19	20	94	2701	0	2834
26469	13	2831	38	82	0	2964
26470	18	67	15	2830	0	2930
26471	2858	43	3	78	0	2982
26472	2886	15	9	50	0	2960
26473	2793	7	8	32	0	2840
26474	104	2724	15	15	0	2858
26475	47	74	2690	25	0	2836
26476	2691	42	70	20	0	2823
26477	2783	11	36	22	0	2852
26478	103	2706	16	24	0	2849
26479	52	71	8	2694	0	2825
26480	2711	41	2	87	0	2841
26481	2757	14	10	52	0	2833
26482	2792	12	13	22	0	2839
26483	111	11	15	2690	0	2827
26484	2763	8	11	91	0	2873
26485	74	8	18	2771	0	2871
26486	51	4	10	2818	0	2883
26487	2756	12	6	109	0	2883
26488	93	16	7	2747	0	2863
26489	2739	13	8	108	0	2868
26490	97	14	12	2750	0	2873
26491	62	12	16	2806	0	2896
26492	2745	15	5	126	0	2891
26493	84	17	2689	69	0	2859
26494	63	18	77	2743	0	2901
26495	43	7	42	2794	0	2886
26496	50	10	14	2803	0	2877
26497	54	12	10	2832	0	2908
26498	43	7	9	2722	0	2781
26499	35	2645	20	133	0	2833
26500	51	76	10	2685	0	2822
26501	33	38	2620	114	0	2805
26502	39	27	74	2676	0	2816
26503	33	16	30	2758	0	2837
26504	43	15	15	2795	0	2868
26505	30	13	2660	135	0	2838
26506	31	18	2677	69	0	2795
26507	2616	19	102	41	0	2778
26508	2706	4	55	44	0	2809
26509	116	2775	16	47	0	2954
26510	59	76	9	2898	0	3042
26511	31	51	10	3017	0	3109
26512	21	23	15	3076	0	3135
26513	2961	13	21	139	0	3134
26514	3070	11	17	77	0	3175
26515	119	14	12	3066	0	3211
26516	58	21	12	3117	0	3208
26517	29	19	19	3141	0	3208
26518	31	11	16	3168	0	3226
26519	2981	15	34	145	0	3175
26520	101	23	2860	74	0	3058
26521	34	2392	57	49	0	2532
26522	14	2316	27	35	0	2392
26523	2201	56	13	28	0	2298
26524	52	80	27	2117	0	2276
26525	27	14	2102	58	0	2201
26526	16	10	1891	36	0	1953
26527	4	1903	40	30	0	1977
26528	1469	11	19	15	0	1514
26529	12	10	1453	7	0	1482
26530	1146	0	10	4	0	1160
26531	3	0	1	1247	0	1251
26532	1	0	0	1271	0	1272
26533	0	1258	0	5	0	1263
26534	0	1289	0	4	0	1293
26535	1306	4	0	5	0	1315
26536	1307	1	0	2	0	1310
26537	4	1331	1	1	0	1337
26538	1	7	1327	0	0	1335
26539	1	2	1336	2	0	1341
26540	3	2	4	1346	0	1355
26541	1389	0	1	9	0	1399
26542	4	1394	3	2	0	1403
26543	1	4	1	1466	0	1472
26544	1479	1	1	13	0	1494
26545	6	3	1	1503	0	1513
26546	0	0	0	1548	0	1548
26547	1512	0	0	10	0	1522
26548	7	1533	1	5	0	1546
26549	1	1619	0	2	0	1622
26550	3	7	1619	1	0	1630
26551	1	2	5	1667	0	1675
26552	1	1	1	1686	0	1689
26553	3	0	1733	7	0	1743
26554	1401	2	5	10	0	1418
26555	1636	0	2	6	0	1644
26556	6	2	1755	0	0	1763
26557	1463	1	6	5	0	1475
26558	6	3	1800	2	0	1811
26559	1	1900	7	2	0	1910
26560	1	6	1	2031	0	2039
26561	1	1	0	2098	0	2100
26562	2083	1	1	15	0	2100
26563	2093	0	0	7	0	2100
26564	2071	0	1	4	0	2076
26565	2073	1	0	6	0	2080
26566	2068	2	0	7	0	2077
26567	9	1	1988	1	0	1999
26568	1	1998	5	3	0	2007
26569	2	5	0	2034	0	2041
26570	1	2033	2	7	0	2043
26571	1	2079	1	1	0	2082
26572	4	6	0	2063	0	2073
26573	1	2	1	2080	0	2084
26574	3	2	2069	6	0	2080
26575	1891	0	6	10	0	1907
26576	2072	1	1	7	0	2081
26577	4	2052	6	3	0	2065
26578	2080	6	0	4	0	2090
26579	2139	1	1	11	0	2152
26580	7	1	2	2141	0	2151
26581	4	5	2241	7	0	2257
26582	3	3	2208	2	0	2216
26583	2233	0	4	6	0	2243
26584	2255	3	1	9	0	2268
26585	6	2229	3	2	0	2240
26586	5	2303	3	1	0	2312
26587	6	6	0	2371	0	2383
26588	2367	4	0	13	0	2384
26589	5	4	2382	3	0	2394
26590	5	2	4	2413	0	2424
26591	2466	2	3	12	0	2483
26592	2453	4	3	8	0	2468
26593	11	0	3	2512	0	2526
26594	2519	0	1	12	0	2532
26595	8	3	2407	6	0	2424
26596	5	6	2624	3	0	2638
26597	7	0	10	2581	0	2598
26598	6	1	8	2738	0	2753
26599	5	1	3	2737	0	2746
26600	7	2658	4	12	0	2681
26601	9	2735	2	11	0	2757
26602	2	10	1	2779	0	2792
26603	2784	7	0	13	0	2804
26604	4	6	1	2822	0	2833
26605	5	3	4	2804	0	2816
26606	3	2751	1	12	0	2767
26607	3	2839	4	11	0	2857
26608	4	8	4	2855	0	2871
26609	5	8	3	2733	0	2749
26610	2646	6	2	15	0	2669
26611	9	2597	3	9	0	2618
26612	2634	6	1	10	0	2651
26613	11	6	1	2656	0	2674
26614	8	9	2584	9	0	2610
26615	4	6	2502	13	0	2525
26616	2538	2	9	13	0	2562
26617	8	3	7	2742	0	2760
26618	8	3	3	2754	0	2768
26619	7	2	4	2757	0	2770
26620	6	5	2808	15	0	2834
26621	5	4	6	2851	0	2866
26622	3	2807	9	21	0	2840
26623	5	12	7	2963	0	2987
26624	4	8	4	2949	0	2965
26625	6	3024	6	24	0	3060
26626	4	16	4	3114	0	3138
26627	3011	8	3	29	0	3051
26628	16	2976	2	16	0	3010
26629	3071	21	4	12	0	3108
26630	3072	13	1	17	0	3103
26631	36	5	2	3080	0	3123
26632	18	4	3	3094	0	3119
26633	12	1	0	3142	0	3155
26634	9	4	3008	37	0	3058
26635	10	2956	17	27	0	3010
26636	6	3049	19	13	0	3087
26637	3	30	2	2978	0	3013
26638	2950	13	3	23	0	2989
26639	21	3	3	2923	0	2950
26640	14	11	2912	25	0	2962
26641	7	2873	19	22	0	2921
26642	5	2967	20	8	0	3000
26643	2938	30	9	15	0	2992
26644	2934	17	12	12	0	2975
26645	34	3235	9	10	0	3288
26646	3324	28	10	13	0	3375
26647	27	25	3256	4	0	3312
26648	20	9	3214	4	0	3247
26649	3259	2	35	6	0	3302
26650	3312	5	15	6	0	3338
26651	41	5	6	3283	0	3335
26652	3281	2	6	30	0	3319
26653	31	6	3318	19	0	3374
26654	24	10	3466	4	0	3504
26655	20	5	46	4051	0	4122
26656	9	4	22	4530	0	4565
26657	11	11	8	4684	0	4714
26658	14	3	7	4754	0	4778
26659	8	3	6	5023	0	5040
26660	9	4	4805	133	0	4951
26661	14	3	67	4812	0	4896
26662	4797	1	44	113	0	4955
26663	75	7	15	4867	0	4964
26664	4832	1	13	106	0	4952
26665	87	3	11	4872	0	4973
26666	4943	6	5	118	0	5072
26667	5166	2	11	85	0	5264
26668	135	3	9	5112	0	5259
26669	72	7	8	5183	0	5270
26670	5117	6	6	141	0	5270
26671	5130	4	5	71	0	5210
26672	134	8	5148	44	0	5334
26673	77	4	70	5175	0	5326
26674	47	3	45	5305	0	5400
26675	5288	8	19	135	0	5450
26676	5383	6	12	81	0	5482
26677	133	5	10	5363	0	5511
26678	78	6	12	5450	0	5546
26679	53	2	12	5427	0	5494
26680	35	5	11	5392	0	5443
26681	23	5035	13	155	0	5226
26682	21	5168	14	95	0	5298
26683	25	103	9	5159	0	5296
26684	22	5185	18	107	0	5332
26685	23	84	11	5259	0	5377
26686	21	59	5159	118	0	5357
26687	29	20	5022	92	0	5163
26688	24	5204	106	61	0	5395
26689	24	82	52	5184	0	5342
26690	19	47	5160	116	0	5342
26691	28	17	85	5107	0	5237
26692	28	20	52	5270	0	5370
26693	5129	11	24	153	0	5317
26694	95	12	26	5290	0	5423
26695	72	13	5265	120	0	5470
26696	37	12	5222	96	0	5367
26697	44	5161	117	59	0	5381
26698	34	5464	65	60	0	5623
26699	5620	103	33	79	0	5835
26700	113	51	6153	44	0	6361
26701	80	25	83	6198	0	6386
26702	6256	14	49	127	0	6446
26703	6286	11	28	97	0	6422
26704	135	6436	25	60	0	6656
26705	88	90	21	6337	0	6536
26706	60	48	16	6662	0	6786
26707	58	17	15	6656	0	6746
26708	6469	20	19	173	0	6681
26709	99	24	6468	127	0	6718
26710	63	6733	82	82	0	6960
26711	56	87	54	6832	0	7029
26712	46	54	26	6929	0	7055
26713	34	26	6811	165	0	7036
26714	35	18	86	6799	0	6938
26715	45	28	47	6986	0	7106
26716	46	13	34	6991	0	7084
26717	28	27	33	6908	0	6996
26718	28	32	6727	190	0	6977
26719	23	14	92	6760	0	6889
26720	32	20	6829	161	0	7042
26721	19	6731	103	125	0	6978
26722	32	75	62	6838	0	7007
26723	35	50	39	6918	0	7042
26724	39	31	6761	170	0	7001
26725	18	6664	98	129	0	6909
26726	47	75	59	6670	0	6851
26727	50	50	6672	137	0	6909
26728	33	6683	82	108	0	6906
26729	45	78	44	6748	0	6915
26730	40	54	6700	121	0	6915
26731	35	21	94	6697	0	6847
26732	40	28	51	6743	0	6862
26733	37	25	28	6848	0	6938
26734	6720	25	30	158	0	6933
26735	87	6704	28	118	0	6937
26736	6772	62	16	90	0	6940
26737	87	45	6728	76	0	6936
26738	6839	21	84	95	0	7039
26739	7191	24	38	89	0	7342
26740	117	23	32	7162	0	7334
26741	7258	22	25	134	0	7439
26742	7268	20	25	121	0	7434
26743	7461	20	22	113	0	7616
26744	122	16	23	7451	0	7612
26745	79	17	19	7186	0	7301
26746	45	29	6966	120	0	7160
26747	31	21	6723	88	0	6863
26748	6641	22	96	72	0	6831
26749	70	34	57	6943	0	7104
26750	38	7026	52	95	0	7211
26751	7022	61	41	83	0	7207
26752	67	7066	35	66	0	7234
26753	41	6994	30	56	0	7121
26754	38	92	6630	75	0	6835
26755	21	46	6733	27	0	6827
26756	40	68	66	6620	0	6794
26757	14	23	6970	37	0	7044
26758	16	13	6618	21	0	6668
26759	6137	5	6	34	0	6182
26760	6574	4	4	33	0	6615
26761	10	5	5	6641	0	6661
26762	6	3	5	6679	0	6693
26763	5	15	6818	15	0	6853
26764	2	6905	5	8	0	6920
26765	5	13	3	6915	0	6936
26766	7111	4	6	40	0	7161
26767	5	5	10	7127	0	7147
26768	3	7189	7	29	0	7228
26769	10	13	7123	8	0	7154
26770	3	7245	11	18	0	7277
26771	7292	6	6	28	0	7332
26772	7155	8	4	25	0	7192
26773	20	2	4	7169	0	7195
26774	9	14	7267	12	0	7302
26775	10	9	6956	17	0	6992
26776	8	7204	27	8	0	7247
26777	6	18	17	7129	0	7170
26778	10	10	3	7364	0	7387
26779	11	15	7351	32	0	7409
26780	13	2	17	7343	0	7375
26781	7	7824	11	26	0	7868
26782	11	38	6	7885	0	7940
26783	7	19	10	7892	0	7928
26784	8	15	7842	60	0	7925
26785	10	7	33	7733	0	7783
26786	7678	3	29	59	0	7769
26787	43	8	7842	26	0	7919
26788	29	9	7898	12	0	7948
26789	8	7983	71	9	0	8071
26790	10	52	30	8200	0	8292
26791	11	29	12	8537	0	8589
26792	5	17	8401	87	0	8510
26793	7961	1	64	50	0	8076
26794	65	8	37	8381	0	8491
26795	38	7	8338	61	0	8444
26796	18	7	61	8060	0	8146
26797	15	9	8296	72	0	8392
26798	20	8	8066	45	0	8139
26799	6	8004	101	21	0	8132
26800	23	63	46	7338	0	7470
26801	4	7624	20	73	0	7721
26802	7463	69	9	47	0	7588
26803	71	41	7584	18	0	7714
26804	31	7432	70	13	0	7546
26805	15	59	43	7439	0	7556
26806	7321	42	12	79	0	7454
26807	59	7334	14	57	0	7464
26808	38	64	15	7471	0	7588
26809	21	46	6	7475	0	7548
26810	7	7462	20	102	0	7591
26811	7505	75	10	60	0	7650
26812	84	45	10	8785	0	8924
26813	51	16	7	9407	0	9481
26814	17	12	9241	212	0	9482
26815	8	9487	148	113	0	9756
26816	21	148	78	9660	0	9907
26817	18	80	28	10169	0	10295
26818	14	10291	29	227	0	10561
26819	22	199	23	10402	0	10646
26820	21	96	13	10755	0	10885
26821	19	31	14	10764	0	10828
26822	3	10600	23	313	0	10939
26823	10537	189	18	135	0	10879
26824	194	100	10572	52	0	10918
26825	10209	39	190	57	0	10495
26826	204	10520	109	46	0	10879
26827	101	194	46	10514	0	10855
26828	45	108	10594	211	0	10958
26829	18	45	203	10642	0	10908
26830	38	25	95	10768	0	10926
26831	19	35	39	10907	0	11000
26832	33	19	10600	321	0	10973
26833	20	10492	217	189	0	10918
26834	23	202	10682	81	0	10988
26835	18	10776	238	74	0	11106
26836	28	237	10847	65	0	11177
26837	29	125	235	10783	0	11172
26838	10591	59	114	286	0	11050
26839	186	10874	67	185	0	11312
26840	103	217	10904	99	0	11323
26841	38	10931	223	85	0	11277
26842	45	249	10953	80	0	11327
26843	50	114	242	10575	0	10981
26844	40	68	124	10277	0	10509
26845	37	10603	86	302	0	11028
26846	36	10976	51	160	0	11223
26847	10901	309	56	107	0	11373
26848	229	159	61	10948	0	11397
26849	123	86	10916	296	0	11421
26850	57	58	240	10988	0	11343
26851	38	60	11047	324	0	11469
26852	39	68	11044	191	0	11342
26853	39	59	327	10550	0	10975
26854	45	10700	174	244	0	11163
26855	10263	247	79	191	0	10780
26856	241	136	85	10123	0	10585
26857	134	85	58	9834	0	10111
26858	49	10048	85	340	0	10522
26859	9995	271	60	179	0	10505
26860	10129	140	72	119	0	10460
26861	319	84	61	9767	0	10231
26862	145	9880	82	294	0	10401
26863	53	10316	72	188	0	10629
26864	10123	327	91	115	0	10656
26865	226	211	10073	98	0	10608
26866	9719	94	263	105	0	10181
26867	9898	88	134	121	0	10241
26868	9801	65	82	112	0	10060
26869	330	9634	67	102	0	10133
26870	156	253	61	9760	0	10230
26871	9727	146	74	293	0	10240
26872	9762	77	78	180	0	10097
26873	315	9669	98	99	0	10181
26874	9835	253	60	125	0	10273
26875	262	143	70	9920	0	10395
26876	146	96	69	9925	0	10236
26877	72	9841	60	358	0	10331
26878	88	257	46	10057	0	10448
26879	85	148	56	10084	0	10373
26880	62	9903	63	368	0	10396
26881	88	219	51	9325	0	9683
26882	48	9654	68	275	0	10045
26883	9592	248	70	158	0	10068
26884	9460	146	55	114	0	9775
26885	288	9417	73	108	0	9886
26886	153	231	9341	102	0	9827
26887	95	131	207	9386	0	9819
26888	104	98	9245	247	0	9694
26889	77	8964	230	175	0	9446
26890	78	9166	118	115	0	9477
26891	8740	255	53	86	0	9134
26892	223	8948	59	80	0	9310
26893	152	230	48	8590	0	9020
26894	88	8753	69	208	0	9118
26895	97	9048	51	126	0	9322
26896	8925	257	39	95	0	9316
26897	226	136	41	8861	0	9264
26898	133	95	8753	234	0	9215
26899	82	95	8663	153	0	8993
26900	76	8834	233	109	0	9252
26901	8748	223	113	104	0	9188
26902	202	8868	78	86	0	9234
26903	133	241	48	8997	0	9419
26904	9024	152	42	230	0	9448
26905	252	98	38	9088	0	9476
26906	136	79	45	9200	0	9460
26907	94	9116	60	293	0	9563
26908	90	226	40	9205	0	9561
26909	57	166	9299	240	0	9762
26910	9293	79	220	137	0	9729
26911	206	9626	118	93	0	10043
26912	83	9034	47	55	0	9219
26913	8477	192	21	47	0	8737
26914	164	92	8527	39	0	8822
26915	8064	32	145	41	0	8282
26916	134	9243	76	33	0	9486
26917	53	9951	18	49	0	10071
26918	36	246	9909	17	0	10208
26919	20	10187	194	34	0	10435
26920	26	206	121	9166	0	9519
26921	27	97	15	9557	0	9696
26922	11	9752	10	241	0	10014
26923	19	179	7	9816	0	10021
26924	9820	99	4	195	0	10118
26925	187	32	9785	95	0	10099
26926	9851	17	176	30	0	10074
26927	10192	19	95	21	0	10327
26928	10123	17	18	31	0	10189
26929	283	21	9968	19	0	10291
26930	123	20	172	9922	0	10237
26931	36	24	10057	184	0	10301
26932	9693	27	194	119	0	10033
26933	9843	18	108	45	0	10014
26934	271	9852	34	37	0	10194
26935	135	194	7	9830	0	10166
26936	26	10132	31	188	0	10377
26937	34	216	10185	108	0	10543
26938	40	124	188	10057	0	10409
26939	9995	35	110	210	0	10350
26940	10115	20	33	134	0	10302
26941	309	31	23	9484	0	9847
26942	149	9637	35	203	0	10024
26943	41	192	9865	112	0	10210
26944	33	120	9961	32	0	10146
26945	9368	38	295	33	0	9734
26946	213	24	10067	28	0	10332
26947	126	9843	218	59	0	10246
26948	59	194	118	9802	0	10173
26949	33	134	9980	192	0	10339
26950	41	35	201	9851	0	10128
26951	30	30	9962	216	0	10238
26952	9351	26	225	135	0	9737
26953	209	24	132	9595	0	9960
26954	137	9574	40	203	0	9954
26955	56	9839	30	136	0	10061
26956	46	306	30	9685	0	10067
26957	67	143	27	9607	0	9844
26958	38	9541	52	317	0	9948
26959	55	209	9604	136	0	10004
26960	61	135	214	9655	0	10065
26961	47	49	9849	202	0	10147
26962	39	37	9586	137	0	9799
26963	8951	43	310	62	0	9366
26964	207	9223	166	56	0	9652
26965	9292	213	55	55	0	9615
26966	249	137	53	8939	0	9378
26967	158	9236	55	215	0	9664
26968	90	212	36	9409	0	9747
26969	59	160	55	9283	0	9557
26970	47	9190	56	315	0	9608
26971	53	231	9243	166	0	9693
26972	74	130	223	9306	0	9733
26973	9263	56	151	244	0	9714
26974	241	60	51	9262	0	9614
26975	160	47	48	9214	0	9469
26976	72	56	9025	326	0	9479
26977	46	8921	257	169	0	9393
26978	70	224	158	8796	0	9248
26979	64	164	8795	242	0	9265
26980	57	78	8771	153	0	9059
26981	8346	58	353	87	0	8844
26982	230	8615	183	102	0	9130
26983	8589	228	75	84	0	8976
26984	240	8568	80	72	0	8960
26985	163	8741	67	83	0	9054
26986	8583	341	60	64	0	9048
26987	245	162	64	8299	0	8770
26988	162	8497	87	233	0	8979
26989	95	231	63	8705	0	9094
26990	8602	142	52	277	0	9073
26991	261	81	8671	160	0	9173
26992	170	49	8661	91	0	8971
26993	8257	51	346	94	0	8748
26994	236	8517	206	82	0	9041
26995	175	216	8522	57	0	8970
26996	91	8578	266	82	0	9017
26997	91	250	151	8469	0	8961
26998	67	170	8613	234	0	9084
26999	77	86	231	8542	0	8936
27000	41	70	8503	287	0	8901
27001	7983	65	261	182	0	8491
27002	229	8375	182	102	0	8888
27003	8376	211	85	66	0	8738
27004	249	169	64	7673	0	8155
27005	147	8930	74	214	0	9365
27006	8936	231	85	157	0	9409
27007	8862	152	71	93	0	9178
27008	332	61	8885	77	0	9355
27009	164	57	8662	67	0	8950
27010	7590	52	296	57	0	7995
27011	176	7800	170	58	0	8204
27012	109	7556	69	58	0	7792
27013	107	350	79	7101	0	7637
27014	53	127	7158	167	0	7505
27015	44	6835	172	132	0	7183
27016	43	6103	95	55	0	6296
27017	97	103	34	4607	0	4841
27018	4783	47	24	81	0	4935
27019	4846	23	14	50	0	4933
27020	4930	15	15	31	0	4991
27021	102	19	4878	20	0	5019
27022	4792	17	67	22	0	4898
27023	5019	20	44	33	0	5116
27024	5114	16	18	24	0	5172
27025	114	23	15	4906	0	5058
27026	55	4968	22	60	0	5105
27027	4947	65	17	56	0	5085
27028	76	4985	17	17	0	5095
27029	53	70	10	4847	0	4980
27030	27	43	4967	68	0	5105
27031	21	28	63	4945	0	5057
27032	29	9	44	5017	0	5099
27033	18	13	4955	94	0	5080
27034	15	4927	68	44	0	5054
27035	19	58	35	4554	0	4666
27036	4563	40	20	61	0	4684
27037	55	4469	13	37	0	4574
27038	4445	53	4	18	0	4520
27039	54	42	5	4341	0	4442
27040	39	4516	14	45	0	4614
27041	4524	48	8	30	0	4610
27042	53	4587	17	16	0	4673
27043	39	53	4495	5	0	4592
27044	4425	50	77	10	0	4562
27045	4530	28	33	22	0	4613
27046	79	4541	13	14	0	4647
27047	42	52	4419	7	0	4520
27048	25	4699	48	8	0	4780
27049	42	99	43	3171	0	3355
27050	9	51	10	4713	0	4783
27051	10	18	10	4783	0	4821
27052	14	4734	7	93	0	4848
27053	21	69	2	4764	0	4856
27054	14	36	9	4801	0	4860
27055	4734	10	12	116	0	4872
27056	78	15	6	4718	0	4817
27057	58	6	5	4761	0	4830
27058	4662	6	5	117	0	4790
27059	79	4666	8	60	0	4813
27060	4739	72	0	30	0	4841
27061	4701	42	3	28	0	4774
27062	4770	22	5	16	0	4813
27063	121	21	5	4669	0	4816
27064	69	8	7	4758	0	4842
27065	33	16	4637	106	0	4792
27066	30	12	4584	55	0	4681
27067	17	13	4619	31	0	4680
27068	4231	16	115	28	0	4390
27069	84	19	4604	23	0	4730
27070	55	4568	86	29	0	4738
27071	31	83	49	4514	0	4677
27072	31	55	17	4391	0	4494
27073	18	4590	22	112	0	4742
27074	23	89	4661	50	0	4823
27075	22	4779	66	38	0	4905
27076	4751	78	46	37	0	4912
27077	85	62	4827	20	0	4994
27078	60	4797	88	27	0	4972
27079	60	84	4842	17	0	5003
27080	40	48	77	4823	0	4988
27081	19	26	4916	77	0	5038
27082	27	22	74	4769	0	4892
27083	4840	12	55	102	0	5009
27084	88	19	4877	67	0	5051
27085	56	4881	89	41	0	5067
27086	4898	82	53	47	0	5080
27087	100	55	4933	37	0	5125
27088	55	29	4964	29	0	5077
27089	31	25	113	4871	0	5040
27090	28	26	4999	96	0	5149
27091	4667	7	100	77	0	4851
27092	90	4816	62	42	0	5010
27093	67	84	25	4827	0	5003
27094	34	5128	27	76	0	5265
27095	5115	91	22	61	0	5289
27096	97	65	5088	33	0	5283
27097	57	35	5309	38	0	5439
27098	43	27	125	5220	0	5415
27099	34	20	66	5337	0	5457
27100	22	17	47	5418	0	5504
27101	24	16	38	5440	0	5518
27102	33	23	5359	144	0	5559
27103	16	5202	91	88	0	5397
27104	20	66	54	4802	0	4942
27105	20	51	4579	70	0	4720
27106	18	4545	77	49	0	4689
27107	4555	71	56	26	0	4708
27108	91	61	27	4467	0	4646
27109	4430	12	34	75	0	4551
27110	56	4405	22	53	0	4536
27111	4393	52	15	24	0	4484
27112	64	46	4491	22	0	4623
27113	59	23	66	4299	0	4447
27114	22	4474	51	70	0	4617
27115	27	57	4416	44	0	4544
27116	14	4468	69	14	0	4565
27117	31	64	54	3539	0	3688
27118	4165	41	15	61	0	4282
27119	50	4104	30	45	0	4229
27120	4052	52	17	21	0	4142
27121	57	47	4013	25	0	4142
27122	51	16	3975	18	0	4060
27123	3802	24	77	17	0	3920
27124	63	9	42	3843	0	3957
27125	40	7	37	3896	0	3980
27126	21	13	4002	80	0	4116
27127	24	9	3887	43	0	3963
27128	10	3910	72	27	0	4019
27129	3802	65	43	26	0	3936
27130	3680	31	25	16	0	3752
27131	69	3679	25	18	0	3791
27132	36	52	8	3741	0	3837
27133	3846	31	11	58	0	3946
27134	56	9	16	3853	0	3934
27135	3920	22	12	69	0	4023
27136	3951	7	12	51	0	4021
27137	4072	10	15	29	0	4126
27138	74	9	10	3985	0	4078
27139	42	13	7	4111	0	4173
27140	3894	8	7	76	0	3985
27141	3922	10	11	42	0	3985
27142	3832	6	9	26	0	3873
27143	66	3766	19	19	0	3870
27144	3602	35	12	19	0	3668
27145	39	3602	10	8	0	3659
27146	3539	38	7	19	0	3603
27147	51	23	3513	11	0	3598
27148	3181	20	39	12	0	3252
27149	25	3342	20	11	0	3398
27150	15	3400	7	3	0	3425
27151	3411	30	6	8	0	3455
27152	31	11	6	3412	0	3460
27153	20	10	3	3560	0	3593
27154	11	3523	5	40	0	3579
27155	10	3854	9	16	0	3889
27156	3950	35	4	19	0	4008
27157	31	24	4181	8	0	4244
27158	30	5	31	4407	0	4473
27159	4512	7	18	39	0	4576
27160	49	15	4537	25	0	4626
27161	28	4807	42	15	0	4892
27162	5096	53	23	9	0	5181
27163	70	29	5214	10	0	5323
27164	42	7	72	5460	0	5581
27165	16	13	5672	79	0	5780
27166	5380	5	81	46	0	5512
27167	76	5682	42	17	0	5817
27168	5734	81	21	16	0	5852
27169	5713	33	9	19	0	5774
27170	117	15	5	5660	0	5797
27171	5731	12	2	87	0	5832
27172	96	14	5	5738	0	5853
27173	51	9	5	5799	0	5864
27174	21	12	5534	116	0	5683
27175	11	5507	77	53	0	5648
27176	15	88	29	5530	0	5662
27177	16	35	10	5568	0	5629
27178	17	6	9	5602	0	5634
27179	6	14	5474	106	0	5600
27180	9	5401	82	55	0	5547
27181	11	76	30	5554	0	5671
27182	12	29	10	5609	0	5660
27183	10	21	5512	105	0	5648
27184	13	14	73	5444	0	5544
27185	5460	11	31	98	0	5600
27186	79	5451	21	45	0	5596
27187	5415	74	9	19	0	5517
27188	92	36	5337	16	0	5481
27189	49	9	79	5326	0	5463
27190	5352	12	33	82	0	5479
27191	5355	8	13	47	0	5423
27192	109	7	5508	17	0	5641
27193	51	8	80	5402	0	5541
27194	23	10	5390	89	0	5512
27195	5183	8	95	38	0	5324
27196	85	5380	42	21	0	5528
27197	5436	82	17	29	0	5564
27198	5434	38	10	22	0	5504
27199	117	5440	17	15	0	5589
27200	5487	87	13	19	0	5606
27201	103	44	5398	11	0	5556
27202	5445	17	82	18	0	5562
27203	108	11	41	5461	0	5621
27204	47	16	5533	99	0	5695
27205	37	8	88	5555	0	5688
27206	25	11	42	5602	0	5680
27207	30	11	20	5566	0	5627
27208	21	5557	29	140	0	5747
27209	5625	85	18	71	0	5799
27210	104	42	15	5605	0	5766
27211	51	5586	20	101	0	5758
27212	43	91	16	5344	0	5494
27213	27	5442	21	123	0	5613
27214	35	101	5440	51	0	5627
27215	27	42	92	5460	0	5621
27216	28	19	38	5575	0	5660
27217	33	13	5471	134	0	5651
27218	5052	18	95	86	0	5251
27219	98	5503	45	59	0	5705
27220	58	93	24	5566	0	5741
27221	40	35	22	5447	0	5544
27222	44	25	23	5360	0	5452
27223	36	5457	25	142	0	5660
27224	5454	101	30	76	0	5661
27225	120	48	5437	57	0	5662
27226	61	28	5283	45	0	5417
27227	45	18	129	5278	0	5470
27228	33	14	59	5451	0	5557
27229	5362	20	30	155	0	5567
27230	112	5321	27	81	0	5541
27231	65	107	32	5349	0	5553
27232	5310	48	27	133	0	5518
27233	125	28	21	5225	0	5399
27234	5245	14	25	130	0	5414
27235	128	28	5054	73	0	5283
27236	71	5123	103	51	0	5348
27237	5133	96	60	49	0	5338
27238	114	58	5150	45	0	5367
27239	5030	28	105	49	0	5212
27240	129	25	5077	40	0	5271
27241	5104	18	109	47	0	5278
27242	132	22	51	5043	0	5248
27243	5143	23	31	119	0	5316
27244	125	22	31	5114	0	5292
27245	69	16	21	5214	0	5320
27246	5087	25	26	159	0	5297
27247	121	5055	30	88	0	5294
27248	66	97	20	5108	0	5291
27249	5135	43	26	122	0	5326
27250	5188	29	29	72	0	5318
27251	142	18	18	5115	0	5293
27252	79	21	17	5223	0	5340
27253	5200	20	23	135	0	5378
27254	131	24	14	5208	0	5377
27255	75	18	11	4967	0	5071
27256	4783	13	21	144	0	4961
27257	111	17	19	4546	0	4693
27258	38	14	4199	115	0	4366
27259	3937	10	71	51	0	4069
27260	80	13	4136	29	0	4258
27261	35	15	3804	15	0	3869
27262	3394	19	118	9	0	3540
27263	48	3384	40	9	0	3481
27264	29	26	37	3199	0	3291
27265	20	12	9	3244	0	3285
27266	16	8	2	3488	0	3514
27267	12	2	4	3533	0	3551
27268	3529	3	3	68	0	3603
27269	3811	4	3	37	0	3855
27270	3980	5	7	14	0	4006
27271	88	3	4312	10	0	4413
27272	32	7	75	4495	0	4609
27273	18	9	37	4612	0	4676
27274	16	5	10	4507	0	4538
27275	12	4364	8	135	0	4519
27276	12	4506	4	67	0	4589
27277	4579	126	2	33	0	4740
27278	100	46	1	4588	0	4735
27279	59	15	7	4892	0	4973
27280	27	6	2	5031	0	5066
27281	22	24	4811	167	0	5024
27282	15	8	4783	74	0	4880
27283	4785	8	147	29	0	4969
27284	5004	4	60	20	0	5088
27285	153	5	22	4860	0	5040
27286	63	4955	16	101	0	5135
27287	33	101	12	5000	0	5146
27288	28	49	7	5042	0	5126
27289	13	17	4898	167	0	5095
27290	4903	7	98	84	0	5092
27291	117	5	50	5177	0	5349
27292	71	7	19	5025	0	5122
27293	4868	5	11	166	0	5050
27294	114	4966	22	81	0	5183
27295	5080	104	7	46	0	5237
27296	147	55	8	4927	0	5137
27297	60	4771	14	129	0	4974
27298	4859	106	4	74	0	5043
27299	129	54	6	4859	0	5048
27300	4843	17	7	133	0	5000
27301	4836	10	9	73	0	4928
27302	4856	6	3	42	0	4907
27303	179	4614	8	45	0	4846
27304	84	4648	8	29	0	4769
27305	43	159	8	4507	0	4717
27306	33	4618	7	119	0	4777
27307	4685	125	5	67	0	4882
27308	131	63	5	4662	0	4861
27309	4669	27	11	139	0	4846
27310	4738	20	8	80	0	4846
27311	185	12	12	4617	0	4826
27312	86	17	14	4836	0	4953
27313	4806	14	6	184	0	5010
27314	4899	17	9	97	0	5022
27315	5003	11	8	55	0	5077
27316	5058	17	15	47	0	5137
27317	5079	25	5	51	0	5160
27318	215	11	5	4948	0	5179
27319	110	19	14	4989	0	5132
27320	79	20	7	5039	0	5145
27321	4898	19	7	215	0	5139
27322	155	10	10	4890	0	5065
27323	103	4836	15	154	0	5108
27324	54	120	6	4979	0	5159
27325	4897	60	6	160	0	5123
27326	4939	33	13	104	0	5089
27327	200	30	4783	38	0	5051
27328	109	21	100	4673	0	4903
27329	53	4767	61	147	0	5028
27330	4848	112	15	91	0	5066
27331	136	4871	16	54	0	5077
27332	102	118	7	4907	0	5134
27333	4999	65	11	150	0	5225
27334	5045	33	10	99	0	5187
27335	195	4910	23	58	0	5186
27336	120	125	7	4922	0	5174
27337	75	72	4853	154	0	5154
27338	4712	26	105	106	0	4949
27339	163	31	4858	47	0	5099
27340	4925	26	113	53	0	5117
27341	5020	21	59	66	0	5166
27342	207	23	18	4938	0	5186
27343	5096	24	12	139	0	5271
27344	5194	23	6	108	0	5331
27345	5228	18	15	66	0	5327
27346	235	21	9	5062	0	5327
27347	5120	12	15	143	0	5290
27348	188	19	8	5048	0	5263
27349	115	22	10	5038	0	5185
27350	63	5030	23	192	0	5308
27351	79	116	6	4883	0	5084
27352	56	4972	9	153	0	5190
27353	4862	103	6	102	0	5073
27354	4914	63	5	51	0	5033
27355	204	19	4	4814	0	5041
27356	115	20	2	4869	0	5006
27357	4787	15	16	184	0	5002
27358	159	31	4626	90	0	4906
27359	4748	14	96	56	0	4914
27360	164	19	57	4677	0	4917
27361	110	26	4468	125	0	4729
27362	4482	17	97	94	0	4690
27363	4612	21	47	47	0	4727
27364	188	20	4437	49	0	4694
27365	4381	17	88	58	0	4544
27366	138	11	4231	50	0	4430
27367	102	4223	101	34	0	4460
27368	4267	84	74	38	0	4463
27369	4083	59	30	40	0	4212
27370	143	3849	23	22	0	4037
27371	62	3470	17	26	0	3575
27372	3292	59	31	19	0	3401
27373	3265	28	10	22	0	3325
27374	93	12	5	3367	0	3477
27375	48	15	3274	48	0	3385
27376	30	20	3148	31	0	3229
27377	3227	14	60	18	0	3319
27378	57	13	3263	18	0	3351
27379	3090	35	57	20	0	3202
27380	55	7	20	3050	0	3132
27381	36	8	13	3078	0	3135
27382	23	12	3076	54	0	3165
27383	3113	8	33	41	0	3195
27384	44	7	30	3179	0	3260
27385	48	2	12	3335	0	3397
27386	3248	5	13	54	0	3320
27387	3262	2	10	48	0	3322
27388	3274	4	13	27	0	3318
27389	58	3317	14	18	0	3407
27390	41	29	3085	10	0	3165
27391	3110	15	22	16	0	3163
27392	3148	8	19	17	0	3192
27393	43	3071	16	14	0	3144
27394	2936	13	13	16	0	2978
27395	45	10	5	2860	0	2920
27396	19	12	2937	14	0	2982
27397	2917	7	17	22	0	2963
27398	3024	6	14	12	0	3056
27399	3023	2	6	18	0	3049
27400	3033	9	2	11	0	3055
27401	30	1	4	3019	0	3054
27402	21	1	4	3027	0	3053
27403	3038	7	5	25	0	3075
27404	20	7	5	3022	0	3054
27405	20	1	6	3022	0	3049
27406	17	3004	7	27	0	3055
27407	11	10	5	3059	0	3085
27408	12	9	5	3066	0	3092
27409	13	1	5	3102	0	3121
27410	17	0	2	3172	0	3191
27411	11	3115	13	20	0	3159
27412	20	7	1	3075	0	3103
27413	19	8	2	2999	0	3028
27414	9	14	2922	21	0	2966
27415	6	5	2752	12	0	2775
27416	4	2840	15	11	0	2870
27417	3492	11	15	12	0	3530
27418	31	3556	7	8	0	3602
27419	25	31	3	3727	0	3786
27420	11	22	3966	34	0	4033
27421	4171	8	33	45	0	4257
27422	46	7	20	4386	0	4459
27423	4376	3	20	59	0	4458
27424	4415	5	5	39	0	4464
27425	59	4419	3	19	0	4500
27426	4451	38	5	16	0	4510
27427	50	4610	4	7	0	4671
27428	35	49	3	4705	0	4792
27429	9	4776	8	53	0	4846
27430	18	58	4711	34	0	4821
27431	13	4852	54	9	0	4928
27432	31	70	28	4742	0	4871
27433	4826	30	7	59	0	4922
27434	54	4894	19	46	0	5013
27435	42	60	8	4896	0	5006
27436	18	37	4	4971	0	5030
27437	13	20	4940	94	0	5067
27438	22	11	64	4933	0	5030
27439	19	22	4932	72	0	5045
27440	4645	8	67	63	0	4783
27441	85	6	4985	18	0	5094
27442	42	4980	70	26	0	5118
27443	28	68	39	4952	0	5087
27444	31	41	11	4947	0	5030
27445	21	22	7	5054	0	5104
27446	5013	8	7	122	0	5150
27447	79	17	10	4954	0	5060
27448	41	4979	20	75	0	5115
27449	4923	75	5	48	0	5051
27450	72	4796	11	30	0	4909
27451	56	84	7	4793	0	4940
27452	4794	54	9	87	0	4944
27453	81	4759	16	63	0	4919
27454	45	4945	17	35	0	5042
27455	4944	102	18	35	0	5099
27456	5011	49	12	33	0	5105
27457	111	29	5027	22	0	5189
27458	5119	11	73	29	0	5232
27459	97	22	5243	20	0	5382
27460	66	19	87	5288	0	5460
27461	26	17	5338	93	0	5474
27462	24	18	86	5323	0	5451
27463	16	18	5387	111	0	5532
27464	32	15	89	5297	0	5433
27465	29	13	51	5551	0	5644
27466	5427	15	18	142	0	5602
27467	98	22	5346	69	0	5535
27468	5127	24	84	45	0	5280
27469	99	18	5321	33	0	5471
27470	65	18	5360	34	0	5477
27471	38	15	123	5288	0	5464
27472	5384	21	54	95	0	5554
27473	90	5399	27	54	0	5570
27474	5332	87	10	38	0	5467
27475	5288	50	21	31	0	5390
27476	134	5248	17	22	0	5421
27477	5301	81	25	25	0	5432
27478	108	65	5345	26	0	5544
27479	69	24	89	5346	0	5528
27480	5375	17	53	113	0	5558
27481	88	5393	40	65	0	5586
27482	70	80	19	5403	0	5572
27483	40	47	19	5406	0	5512
27484	42	20	25	5439	0	5526
27485	30	10	22	5499	0	5561
27486	5376	16	18	147	0	5557
27487	5437	16	29	86	0	5568
27488	5502	13	21	52	0	5588
27489	5397	12	31	40	0	5480
27490	145	19	5321	32	0	5517
27491	5325	18	88	36	0	5467
27492	5457	16	57	26	0	5556
27493	143	5325	40	38	0	5546
27494	75	5503	21	37	0	5636
27495	55	119	24	5382	0	5580
27496	43	66	20	5453	0	5582
27497	40	25	5329	144	0	5538
27498	45	5375	87	71	0	5578
27499	40	96	53	5332	0	5521
27500	37	5476	28	97	0	5638
27501	32	97	20	5679	0	5828
27502	46	54	15	5664	0	5779
27503	26	5866	33	150	0	6075
27504	37	94	20	5989	0	6140
27505	42	75	5964	123	0	6204
27506	42	35	5893	69	0	6039
27507	5728	20	135	50	0	5933
27508	6038	15	68	48	0	6169
27509	153	5932	33	37	0	6155
27510	5988	87	19	34	0	6128
27511	130	55	19	5922	0	6126
27512	5920	22	19	112	0	6073
27513	112	5896	24	76	0	6108
27514	110	94	5790	35	0	6029
27515	5720	59	101	42	0	5922
27516	120	34	6136	38	0	6328
27517	60	24	5445	22	0	5551
27518	35	22	5389	27	0	5473
27519	21	5283	102	25	0	5431
27520	4990	107	99	30	0	5226
27521	4834	38	25	27	0	4924
27522	100	9	17	4697	0	4823
27523	51	13	15	4662	0	4741
27524	19	4709	15	92	0	4835
27525	4728	61	16	56	0	4861
27526	70	4775	18	29	0	4892
27527	37	4675	21	22	0	4755
27528	4645	68	17	30	0	4760
27529	68	30	28	4600	0	4726
27530	40	10	10	4598	0	4658
27531	26	7	10	4649	0	4692
27532	17	4610	14	70	0	4711
27533	4544	36	9	57	0	4646
27534	58	26	9	4522	0	4615
27535	31	4399	12	48	0	4490
27536	21	4425	17	28	0	4491
27537	24	56	8	4315	0	4403
27538	18	4420	13	40	0	4491
27539	27	37	14	4420	0	4498
27540	4282	25	10	58	0	4375
27541	43	13	4276	29	0	4361
27542	25	4398	38	23	0	4484
27543	24	34	15	4436	0	4509
27544	17	27	4590	37	0	4671
27545	4403	7	36	34	0	4480
27546	53	17	24	4627	0	4721
27547	4622	12	12	59	0	4705
27548	4655	4	12	37	0	4708
27549	54	5023	15	17	0	5109
27550	5117	46	5	15	0	5183
27551	5121	25	12	21	0	5179
27552	5131	14	7	29	0	5181
27553	73	10	10	5049	0	5142
27554	35	8	9	5007	0	5059
27555	20	11	8	5048	0	5087
27556	18	18	4925	56	0	5017
27557	15	4795	37	26	0	4873
27558	4684	29	16	23	0	4752
27559	32	4602	9	12	0	4655
27560	14	28	3	4581	0	4626
27561	15	19	4497	26	0	4557
27562	4117	12	28	33	0	4190
27563	26	4522	20	9	0	4577
27564	20	26	6	4500	0	4552
27565	10	17	4	4437	0	4468
27566	9	16	4420	36	0	4481
27567	3	4405	28	44	0	4480
27568	12	30	13	4444	0	4499
27569	13	16	4	4469	0	4502
27570	11	12	2	4357	0	4382
27571	4181	5	3	45	0	4234
27572	20	15	4240	20	0	4295
27573	20	4212	25	8	0	4265
27574	4186	22	13	21	0	4242
27575	23	4259	8	13	0	4303
27576	18	28	3	4224	0	4273
27577	10	4373	16	28	0	4427
27578	4281	30	5	24	0	4340
27579	4383	19	5	21	0	4428
27580	49	7	3	4548	0	4607
27581	23	7	4	4670	0	4704
27582	23	7	4	4854	0	4888
27583	20	9	4927	64	0	5020
27584	9	5043	53	25	0	5130
27585	16	45	19	5987	0	6067
27586	11	19	8	6104	0	6142
27587	13	12	5	6244	0	6274
27588	21	7	2	6210	0	6240
27589	13	10	6069	140	0	6232
27590	12	6362	95	56	0	6525
27591	16	91	47	6620	0	6774
27592	20	63	8	7045	0	7136
27593	8	20	6946	179	0	7153
27594	16	7	103	6792	0	6918
27595	10	6772	75	110	0	6967
27596	5	6964	29	79	0	7077
27597	11	164	7	6868	0	7050
27598	8	84	6735	114	0	6941
27599	6149	13	101	100	0	6363
27600	103	6638	75	45	0	6861
27601	66	106	6446	23	0	6641
27602	16	65	6509	20	0	6610
27603	9	6314	162	40	0	6525
27604	15	96	6511	13	0	6635
27605	16	75	110	6292	0	6493
27606	6375	20	68	115	0	6578
27607	6463	11	22	81	0	6577
27608	6541	12	8	40	0	6601
27609	6688	13	15	22	0	6738
27610	165	6723	18	34	0	6940
27611	6774	113	8	24	0	6919
27612	117	6849	23	33	0	7022
27613	86	127	6732	19	0	6964
27614	37	87	113	6560	0	6797
27615	12	6841	92	114	0	7059
27616	7	122	18	6661	0	6808
27617	6520	86	17	125	0	6748
27618	118	23	13	6391	0	6545
27619	85	6568	24	123	0	6800
27620	6609	103	11	92	0	6815
27621	117	94	6639	28	0	6878
27622	99	20	121	6604	0	6844
27623	30	20	88	6626	0	6764
27624	6558	18	29	191	0	6796
27625	109	6527	24	118	0	6778
27626	81	124	6480	32	0	6717
27627	44	83	108	6472	0	6707
27628	34	31	6522	131	0	6718
27629	19	6329	118	107	0	6573
27630	25	6487	92	39	0	6643
27631	6373	183	20	40	0	6616
27632	115	113	6363	28	0	6619
27633	6427	34	116	50	0	6627
27634	121	34	95	6183	0	6433
27635	87	6387	58	121	0	6653
27636	6395	122	18	107	0	6642
27637	126	100	6538	45	0	6809
27638	102	35	121	6443	0	6701
27639	53	29	92	6541	0	6715
27640	42	50	28	6406	0	6526
27641	32	6417	45	203	0	6697
27642	6224	131	26	112	0	6493
27643	117	6232	43	60	0	6452
27644	89	6182	27	71	0	6369
27645	72	182	32	6145	0	6431
27646	6201	99	40	127	0	6467
27647	6151	43	39	116	0	6349
27648	6178	47	38	50	0	6313
27649	183	5712	36	54	0	5985
27650	106	111	38	5707	0	5962
27651	42	106	5679	117	0	5944
27652	50	42	118	5688	0	5898
27653	57	35	95	5510	0	5697
27654	39	5674	39	184	0	5936
27655	5711	118	30	124	0	5983
27656	143	109	28	5557	0	5837
27657	115	5713	38	120	0	5986
27658	5701	130	32	113	0	5976
27659	140	99	5646	54	0	5939
27660	5570	46	117	57	0	5790
27661	143	5686	96	45	0	5970
27662	5756	136	47	39	0	5978
27663	5768	107	31	52	0	5958
27664	203	56	5713	45	0	6017
27665	5733	53	119	33	0	5938
27666	154	39	5911	41	0	6145
27667	110	57	5902	39	0	6108
27668	5764	35	200	35	0	6034
27669	5928	33	96	55	0	6112
27670	208	51	5909	46	0	6214
27671	124	33	135	5817	0	6109
27672	56	40	92	5748	0	5936
27673	49	6047	52	186	0	6334
27674	6014	133	40	129	0	6316
27675	6168	106	19	51	0	6344
27676	214	50	6070	45	0	6379
27677	6086	47	105	35	0	6273
27678	6158	32	95	32	0	6317
27679	206	6062	56	25	0	6349
27680	138	121	35	5874	0	6168
27681	86	101	35	5714	0	5936
27682	64	41	20	5712	0	5837
27683	5369	38	32	174	0	5613
27684	128	5219	31	106	0	5484
27685	76	78	20	4228	0	4402
27686	34	4256	23	57	0	4370
27687	31	140	19	3957	0	4147
27688	22	4068	31	49	0	4170
27689	32	4115	24	59	0	4230
27690	3676	102	13	33	0	3824
27691	3623	24	29	16	0	3692
27692	49	16	8	3384	0	3457
27693	24	5	6	3424	0	3459
27694	9	6	4	3460	0	3479
27695	13	6	4	3477	0	3500
27696	13	1	5	3432	0	3451
27697	6	3374	8	56	0	3444
27698	8	30	6	3425	0	3469
27699	11	23	1	3485	0	3520
27700	3385	6	2	59	0	3452
27701	42	5	3	3468	0	3518
27702	26	1	5	3440	0	3472
27703	8	9	3371	62	0	3450
27704	14	12	30	3272	0	3328
27705	11	24	21	3355	0	3411
27706	8	10	3353	58	0	3429
27707	13	3454	35	33	0	3535
27708	3	33	3518	11	0	3565
27709	6	23	3437	9	0	3475
27710	5	3241	44	5	0	3295
27711	3295	31	20	11	0	3357
27712	3239	19	2	10	0	3270
27713	50	1	2	3213	0	3266
27714	3211	3	2	39	0	3255
27715	38	9	3325	19	0	3391
27716	24	1	35	3387	0	3447
27717	9	10	3751	45	0	3815
27718	13	2	33	3782	0	3830
27719	6	7	19	3843	0	3875
27720	2	9	3	3881	0	3895
27721	3823	2	6	79	0	3910
27722	44	4	1	3877	0	3926
27723	3847	8	5	51	0	3911
27724	3963	6	7	43	0	4019
27725	54	3974	5	12	0	4045
27726	3988	37	4	27	0	4056
27727	44	4129	10	13	0	4196
27728	26	44	3	4082	0	4155
27729	14	21	9	4197	0	4241
27730	11	5	8	4250	0	4274
27731	11	13	4125	75	0	4224
27732	9	4142	52	39	0	4242
27733	16	44	22	3855	0	3937
27734	12	22	7	3888	0	3929
27735	9	4057	14	59	0	4139
27736	4082	48	6	29	0	4165
27737	50	3965	9	16	0	4040
27738	3928	40	4	27	0	3999
27739	47	3999	5	22	0	4073
27740	36	44	3	3839	0	3922
27741	16	4030	6	46	0	4098
27742	4079	46	5	52	0	4182
27743	4151	26	6	20	0	4203
27744	4138	4	7	35	0	4184
27745	4141	9	12	24	0	4186
27746	69	16	4150	15	0	4250
27747	4165	9	42	25	0	4241
27748	4266	5	22	36	0	4329
27749	4311	9	7	36	0	4363
27750	71	11	4250	29	0	4361
27751	4263	17	43	39	0	4362
27752	55	4384	27	32	0	4498
27753	4439	53	3	38	0	4533
27754	51	25	4737	27	0	4840
27755	4755	13	42	48	0	4858
27756	4832	14	23	33	0	4902
27757	69	6	9	4824	0	4908
27758	42	16	4796	61	0	4915
27759	4922	7	39	63	0	5031
27760	57	6	23	5052	0	5138
27761	33	14	12	5181	0	5240
27762	18	10	5163	75	0	5266
27763	4763	10	48	63	0	4884
27764	5131	10	30	40	0	5211
27765	69	5091	19	27	0	5206
27766	30	48	12	5038	0	5128
27767	24	21	11	5072	0	5128
27768	23	11	21	5024	0	5079
27769	21	5079	19	77	0	5196
27770	5055	43	9	42	0	5149
27771	61	22	10	5026	0	5119
27772	38	13	13	5052	0	5116
27773	4916	11	13	77	0	5017
27774	4893	9	11	53	0	4966
27775	66	11	11	4922	0	5010
27776	40	9	17	4887	0	4953
27777	26	13	4682	69	0	4790
27778	4392	14	37	42	0	4485
27779	55	4693	21	20	0	4789
27780	40	36	8	5041	0	5125
27781	23	21	7	5186	0	5237
27782	28	5531	11	85	0	5655
27783	25	79	9	5642	0	5755
27784	6048	37	5	102	0	6192
27785	117	14	11	6974	0	7116
27786	64	16	4	7167	0	7251
27787	30	12	4	7288	0	7334
27788	21	17	7042	236	0	7316
27789	26	12	125	7179	0	7342
27790	26	19	7049	177	0	7271
27791	19	6871	144	108	0	7142
27792	27	132	87	6883	0	7129
27793	18	75	25	6971	0	7089
27794	25	21	11	7101	0	7158
27795	19	13	8	7079	0	7119
27796	24	5	9	7124	0	7162
27797	6740	4	12	251	0	7007
27798	129	10	6809	121	0	7069
27799	79	6657	136	52	0	6924
27800	33	7072	79	35	0	7219
27801	21	180	29	7011	0	7241
27802	14	86	11	7143	0	7254
27803	15	35	6	7123	0	7179
27804	12	6940	11	226	0	7189
27805	17	120	9	7092	0	7238
27806	18	78	6924	180	0	7200
27807	10	6758	126	114	0	7008
27808	25	124	68	6815	0	7032
27809	6726	68	29	143	0	6966
27810	128	31	17	6814	0	6990
27811	89	20	10	6780	0	6899
27812	25	6452	17	223	0	6717
27813	24	6922	21	122	0	7089
27814	26	163	15	6918	0	7122
27815	16	82	17	6957	0	7072
27816	17	41	6803	229	0	7090
27817	12	13	122	6661	0	6808
27818	14	18	74	6718	0	6824
27819	11	14	34	6687	0	6746
27820	24	24	24	6756	0	6828
27821	6479	15	10	276	0	6780
27822	6560	13	20	175	0	6768
27823	212	20	15	6585	0	6832
27824	118	12	16	6731	0	6877
27825	6538	13	21	276	0	6848
27826	154	15	21	6749	0	6939
27827	94	27	6608	221	0	6950
27828	34	6630	143	165	0	6972
27829	35	139	96	6743	0	7013
27830	16	94	37	6925	0	7072
27831	6784	45	21	300	0	7150
27832	143	31	14	7014	0	7202
27833	105	25	12	7166	0	7308
27834	7001	21	21	302	0	7345
27835	150	25	22	7128	0	7325
27836	97	7044	23	221	0	7385
27837	47	154	18	7419	0	7638
27838	39	111	22	7617	0	7789
27839	38	62	19	7655	0	7774
27840	26	33	16	7706	0	7781
27841	27	43	7302	313	0	7685
27842	16	40	7311	199	0	7566
27843	22	25	217	7400	0	7664
27844	26	29	118	7343	0	7516
27845	20	7330	57	295	0	7702
27846	39	151	32	7195	0	7417
27847	26	7215	28	260	0	7529
27848	7087	166	24	184	0	7461
27849	143	7349	30	118	0	7640
27850	118	177	14	7469	0	7778
27851	66	112	8	7595	0	7781
27852	36	56	7326	304	0	7722
27853	6942	31	146	218	0	7337
27854	7002	24	101	153	0	7280
27855	231	6939	43	116	0	7329
27856	141	147	39	6819	0	7146
27857	79	113	7131	220	0	7543
27858	38	7254	151	176	0	7619
27859	7147	158	97	140	0	7542
27860	7230	105	30	121	0	7486
27861	256	43	6881	119	0	7299
27862	6998	32	142	123	0	7295
27863	218	20	102	6969	0	7309
27864	123	6985	55	224	0	7387
27865	7026	159	34	187	0	7406
27866	183	108	31	7071	0	7393
27867	7183	48	24	246	0	7501
27868	7578	44	21	201	0	7844
27869	267	37	16	7474	0	7794
27870	149	43	7441	250	0	7883
27871	7445	35	163	199	0	7842
27872	7778	33	101	138	0	8050
27873	7768	31	40	123	0	7962
27874	276	7752	56	105	0	8189
27875	139	175	20	7799	0	8133
27876	82	109	23	8135	0	8349
27877	45	60	7870	345	0	8320
27878	50	32	179	7809	0	8070
27879	36	7712	127	291	0	8166
27880	7404	148	53	187	0	7792
27881	154	7460	41	98	0	7753
27882	112	164	7048	81	0	7405
27883	46	7228	150	68	0	7492
27884	41	6945	134	56	0	7176
27885	74	136	32	5884	0	6126
27886	5879	57	14	98	0	6048
27887	5934	14	12	81	0	6041
27888	5945	15	8	41	0	6009
27889	127	5967	21	32	0	6147
27890	56	93	5891	22	0	6062
27891	5906	53	85	23	0	6067
27892	6078	17	50	36	0	6181
27893	140	5987	22	29	0	6178
27894	6231	89	11	25	0	6356
27895	116	55	8	6192	0	6371
27896	64	31	6477	99	0	6671
27897	6452	12	96	71	0	6631
27898	6606	12	46	31	0	6695
27899	6896	9	16	31	0	6952
27900	145	14	9	6664	0	6832
27901	78	14	8	6907	0	7007
27902	39	14	5	7266	0	7324
27903	22	7197	17	168	0	7404
27904	47	112	16	7465	0	7640
27905	43	63	11	8155	0	8272
27906	32	36	7987	213	0	8268
27907	35	17	141	8033	0	8226
27908	36	15	75	8279	0	8405
27909	29	18	15	8293	0	8355
27910	31	23	17	8269	0	8340
27911	25	8103	20	234	0	8382
27912	32	151	14	8267	0	8464
27913	40	79	7	8195	0	8321
27914	8026	20	13	258	0	8317
27915	165	33	8043	105	0	8346
27916	103	18	7840	41	0	8002
27917	7713	15	217	46	0	7991
27918	8049	16	93	39	0	8197
27919	254	31	23	7080	0	7388
27920	110	7810	26	153	0	8099
27921	7921	157	15	101	0	8194
27922	185	87	14	7760	0	8046
27923	102	8020	24	172	0	8318
27924	7948	145	10	94	0	8197
27925	169	8020	26	37	0	8252
27926	7956	158	4	34	0	8152
27927	7804	80	10	34	0	7928
27928	214	7570	19	26	0	7829
27929	94	151	9	7567	0	7821
27930	43	88	7484	160	0	7775
27931	32	35	139	7410	0	7616
27932	7340	16	73	176	0	7605
27933	165	21	7243	96	0	7525
27934	81	7268	143	52	0	7544
27935	37	147	66	7216	0	7466
27936	38	76	7130	156	0	7400
27937	16	7004	144	96	0	7260
27938	6985	135	68	65	0	7253
27939	156	69	28	7035	0	7288
27940	85	25	16	7133	0	7259
27941	36	18	11	7016	0	7081
27942	27	6960	28	215	0	7230
27943	6950	134	17	102	0	7203
27944	145	6894	26	52	0	7117
27945	81	7030	19	73	0	7203
27946	6995	183	14	51	0	7243
27947	7089	82	10	37	0	7218
27948	200	41	6875	40	0	7156
27949	6775	26	127	39	0	6967
27950	6741	32	62	36	0	6871
27951	222	23	18	6617	0	6880
27952	98	24	6530	148	0	6800
27953	56	24	126	6566	0	6772
27954	6613	18	65	167	0	6863
27955	159	20	6707	90	0	6976
27956	96	24	138	7313	0	7571
27957	54	17	81	8191	0	8343
27958	42	22	24	8683	0	8771
27959	8426	17	28	341	0	8812
27960	251	8500	28	157	0	8936
27961	8609	236	18	59	0	8922
27962	264	108	8551	50	0	8973
27963	136	32	235	8210	0	8613
27964	44	8524	107	252	0	8927
27965	8602	244	22	123	0	8991
27966	264	112	23	8605	0	9004
27967	121	45	8381	261	0	8808
27968	59	25	223	8210	0	8517
27969	7968	26	101	270	0	8365
27970	232	7930	40	142	0	8344
27971	131	250	19	7213	0	7613
27972	43	7872	30	207	0	8152
27973	7793	231	21	122	0	8167
27974	7796	107	27	70	0	8000
27975	291	7634	33	52	0	8010
27976	7628	214	19	49	0	7910
27977	238	100	17	7313	0	7668
27978	106	7487	30	208	0	7831
27979	7552	213	16	118	0	7899
27980	7744	93	8	60	0	7905
27981	298	7335	39	34	0	7706
27982	111	7442	29	44	0	7626
27983	7253	263	26	31	0	7573
27984	239	100	19	7194	0	7552
27985	7312	28	20	212	0	7572
27986	244	24	11	7316	0	7595
27987	113	33	7159	218	0	7523
27988	53	20	200	7294	0	7567
27989	7123	27	84	231	0	7465
27990	224	37	7187	102	0	7550
27991	115	24	196	7149	0	7484
27992	66	18	89	7512	0	7685
27993	29	31	7328	286	0	7674
27994	7048	21	186	111	0	7366
27995	237	14	86	7201	0	7538
27996	98	27	6807	208	0	7140
27997	6419	15	188	129	0	6751
27998	193	6748	102	46	0	7089
27999	89	6643	36	45	0	6813
28000	45	6781	30	39	0	6895
28001	35	239	6346	51	0	6671
28002	45	108	188	6002	0	6343
28003	25	23	6071	187	0	6306
28004	22	141	160	5300	0	5623
28005	22	5182	61	153	0	5418
28006	20	5235	18	67	0	5340
28007	42	198	12	5063	0	5315
28008	5126	65	10	147	0	5348
28009	159	13	14	5233	0	5419
28010	74	20	8	5176	0	5278
28011	21	5108	14	191	0	5334
28012	5031	129	8	83	0	5251
28013	140	5094	21	28	0	5283
28014	69	138	11	5067	0	5285
28015	32	59	11	5076	0	5178
28016	22	4981	11	182	0	5196
28017	25	138	9	5073	0	5245
28018	5023	66	6	181	0	5276
28019	171	25	12	5074	0	5282
28020	94	33	15	5100	0	5242
28021	48	4981	24	195	0	5248
28022	57	136	30	5064	0	5287
28023	4781	71	19	157	0	5028
28024	4937	53	11	88	0	5089
28025	4967	41	13	47	0	5068
28026	220	21	19	4842	0	5102
28027	84	37	4789	160	0	5070
28028	44	31	4841	100	0	5016
28029	64	26	169	4825	0	5084
28030	4883	41	59	159	0	5142
28031	162	40	9	4930	0	5141
28032	4987	43	13	163	0	5206
28033	186	39	11	4990	0	5226
28034	124	34	13	5018	0	5189
28035	4941	48	16	199	0	5204
28036	175	46	4861	85	0	5167
28037	4914	25	134	54	0	5127
28038	173	43	4864	45	0	5125
28039	120	33	137	4773	0	5063
28040	4982	22	61	165	0	5230
28041	165	39	5031	80	0	5315
28042	92	54	5067	25	0	5238
28043	4956	25	188	39	0	5208
28044	175	26	5058	50	0	5309
28045	91	4938	145	62	0	5236
28046	58	137	79	5126	0	5400
28047	5447	68	46	203	0	5764
28048	160	24	5680	111	0	5975
28049	5776	20	145	62	0	6003
28050	5935	18	93	58	0	6104
28051	5967	23	37	70	0	6097
28052	6005	24	24	81	0	6134
28053	219	63	42	5732	0	6056
28054	97	5759	47	163	0	6066
28055	5556	128	38	140	0	5862
28056	115	52	4943	45	0	5155
28057	39	3843	42	21	0	3945
28058	3536	18	45	20	0	3619
28059	17	3443	16	9	0	3485
28060	25	3520	20	8	0	3573
28061	54	56	28	3479	0	3617
28062	8	21	5	3648	0	3682
28063	7	4	4	3659	0	3674
28064	3693	1	3	56	0	3753
28065	3790	2	7	35	0	3834
28066	59	1	10	3873	0	3943
28067	39	1	4	4163	0	4207
28068	11	9	4309	65	0	4394
28069	4155	6	50	48	0	4259
28070	4363	4	30	18	0	4415
28071	83	2	10	4376	0	4471
28072	47	1	10	4415	0	4473
28073	19	12	4360	87	0	4478
28074	20	4	54	4352	0	4430
28075	17	7	4457	61	0	4542
28076	16	4447	62	48	0	4573
28077	16	53	4508	22	0	4599
28078	18	35	61	4408	0	4522
28079	16	12	4593	67	0	4688
28080	12	8	4404	40	0	4464
28081	4515	9	91	17	0	4632
28082	68	8	42	4742	0	4860
28083	45	17	4763	60	0	4885
28084	4409	9	64	49	0	4531
28085	69	6	4801	22	0	4898
28086	46	10	5147	23	0	5226
28087	22	5257	106	15	0	5400
28088	22	63	40	5224	0	5349
28089	19	36	5250	74	0	5379
28090	19	20	5198	43	0	5280
28091	21	13	92	5243	0	5369
28092	25	0	49	5239	0	5313
28093	17	5294	35	95	0	5441
28094	21	62	17	5336	0	5436
28095	5345	33	18	98	0	5494
28096	5412	13	15	64	0	5504
28097	5491	11	21	33	0	5556
28098	114	12	11	5351	0	5488
28099	52	5444	23	82	0	5601
28100	5434	66	22	52	0	5574
28101	76	5479	19	30	0	5604
28102	35	5392	22	35	0	5484
28103	25	5467	23	16	0	5531
28104	5466	91	22	36	0	5615
28105	74	42	23	5477	0	5616
28106	50	21	18	5484	0	5573
28107	17	5502	32	101	0	5652
28108	5353	66	19	58	0	5496
28109	75	41	5385	29	0	5530
28110	42	18	76	5358	0	5494
28111	5386	16	46	79	0	5527
28112	72	5499	36	51	0	5658
28113	5708	66	26	59	0	5859
28114	100	37	22	5734	0	5893
28115	43	5881	26	72	0	6022
28116	34	76	5793	50	0	5953
28117	5737	39	70	28	0	5874
28118	79	24	42	5950	0	6095
28119	6016	14	23	105	0	6158
28120	92	15	15	6002	0	6124
28121	49	6022	22	82	0	6175
28122	46	72	6223	60	0	6401
28123	32	52	6270	30	0	6384
28124	24	30	94	6320	0	6468
28125	6437	21	59	86	0	6603
28126	6484	18	28	57	0	6587
28127	102	15	17	6396	0	6530
28128	59	15	22	6457	0	6553
28129	6573	19	19	109	0	6720
28130	82	10	18	6663	0	6773
28131	6614	16	18	99	0	6747
28132	82	6531	20	65	0	6698
28133	6502	66	22	40	0	6630
28134	98	55	6628	28	0	6809
28135	71	21	76	6597	0	6765
28136	39	14	49	6782	0	6884
28137	41	10	27	6759	0	6837
28138	26	6562	36	123	0	6747
28139	27	6312	30	62	0	6431
28140	27	91	17	6537	0	6672
28141	21	42	6431	94	0	6588
28142	23	26	70	6423	0	6542
28143	26	15	42	6549	0	6632
28144	26	6416	22	121	0	6585
28145	6341	72	21	53	0	6487
28146	75	6285	22	39	0	6421
28147	45	6214	30	26	0	6315
28148	37	98	21	5972	0	6128
28149	35	39	22	6076	0	6172
28150	27	26	14	6068	0	6135
28151	36	22	11	6095	0	6164
28152	5947	13	12	123	0	6095
28153	70	5949	29	54	0	6102
28154	6011	69	17	52	0	6149
28155	6203	31	17	52	0	6303
28156	100	22	12	6157	0	6291
28157	57	21	4	6223	0	6305
28158	6154	15	9	121	0	6299
28159	6200	20	13	77	0	6310
28160	105	17	14	6133	0	6269
28161	60	31	10	6090	0	6191
28162	32	23	6017	100	0	6172
28163	25	5864	65	55	0	6009
28164	23	6181	26	36	0	6266
28165	5931	65	14	32	0	6042
28166	64	28	6050	27	0	6169
28167	36	16	5574	23	0	5649
28168	5227	9	44	26	0	5306
28169	5536	6	20	20	0	5582
28170	40	6203	15	18	0	6276
28171	24	6512	13	19	0	6568
28172	17	37	2	6641	0	6697
28173	6948	22	4	57	0	7031
28174	7013	15	7	38	0	7073
28175	7158	9	6	45	0	7218
28176	42	9	3	7108	0	7162
28177	28	9	5	7186	0	7228
28178	19	19	7167	40	0	7245
28179	14	13	6821	29	0	6877
28180	18	15	7131	17	0	7181
28181	20	68	27	6958	0	7073
28182	6929	4	14	28	0	6975
28183	29	17	7154	16	0	7216
28184	17	3	20	7104	0	7144
28185	8	7316	15	26	0	7365
28186	14	17	7	7189	0	7227
28187	12	7	4	7333	0	7356
28188	15	18	7575	49	0	7657
28189	8	6	38	7509	0	7561
28190	7784	6	17	59	0	7866
28191	54	16	8196	26	0	8292
28192	34	1	55	8211	0	8301
28193	19	11	8401	59	0	8490
28194	13	8315	59	33	0	8420
28195	25	54	8327	15	0	8421
28196	12	44	60	7951	0	8067
28197	13	9	22	8499	0	8543
28198	8	11	8711	94	0	8824
28199	12	7	55	8483	0	8557
28200	18	10	21	8486	0	8535
28201	8	8551	15	85	0	8659
28202	6	73	8629	42	0	8750
28203	15	19	56	8624	0	8714
28204	10	8	27	8722	0	8767
28205	6	8758	16	80	0	8860
28206	10	70	11	8854	0	8945
28207	8902	29	7	92	0	9030
28208	67	14	8	8950	0	9039
28209	29	20	8946	78	0	9073
28210	8709	7	71	47	0	8834
28211	9381	5	28	44	0	9458
28212	108	13	9496	21	0	9638
28213	8981	11	81	40	0	9113
28214	83	9534	43	27	0	9687
28215	41	74	19	9789	0	9923
28216	25	40	4	10572	0	10641
28217	14	15	19	10561	0	10609
28218	19	8	11	10750	0	10788
28219	17	3	8	10714	0	10742
28220	10499	12	15	192	0	10718
28221	118	26	10395	78	0	10617
28222	9852	7	112	48	0	10019
28223	122	26	10170	34	0	10352
28224	63	5	123	10112	0	10303
28225	10170	10	62	136	0	10378
28226	132	11	22	10139	0	10304
28227	60	10294	27	132	0	10513
28228	10589	111	19	107	0	10826
28229	145	55	16	10910	0	11126
28230	70	23	10534	136	0	10763
28231	10151	9	115	91	0	10366
28232	122	11379	66	51	0	11618
28233	85	131	11707	29	0	11952
28234	54	48	130	11583	0	11815
28235	39	23	65	11491	0	11618
28236	17	11558	41	197	0	11813
28237	32	134	11640	99	0	11905
28238	29	73	125	11615	0	11842
28239	25	60	12078	166	0	12329
28240	37	21	135	12029	0	12222
28241	33	18	71	12167	0	12289
28242	29	24	12217	195	0	12465
28243	38	8	143	12229	0	12418
28244	68	46	106	10272	0	10492
28245	35	14	56	13058	0	13163
28246	45	18	32	13159	0	13254
28247	12695	10	33	263	0	13001
28248	163	22	12678	139	0	13002
28249	12751	25	168	95	0	13039
28250	206	13	92	13266	0	13577
28251	106	26	49	13516	0	13697
28252	59	18	31	13412	0	13520
28253	24	13212	47	284	0	13567
28254	13436	165	35	155	0	13791
28255	180	79	32	13825	0	14116
28256	93	13844	43	214	0	14194
28257	50	152	41	14016	0	14259
28258	14107	94	40	257	0	14498
28259	14119	35	35	166	0	14355
28260	14176	27	44	113	0	14360
28261	241	14121	58	82	0	14502
28262	122	164	14402	82	0	14770
28263	14260	85	175	123	0	14643
28264	14786	37	106	116	0	15045
28265	238	14887	47	107	0	15279
28266	14868	174	35	94	0	15171
28267	14835	91	43	94	0	15063
28268	14969	34	38	97	0	15138
28269	289	15473	51	75	0	15888
28270	142	167	40	15312	0	15661
28271	15410	98	31	263	0	15802
28272	15770	37	27	167	0	16001
28273	15511	31	24	108	0	15674
28274	15547	31	31	104	0	15713
28275	316	35	24	15239	0	15614
28276	166	41	15176	240	0	15623
28277	90	29	193	15118	0	15430
28278	78	15404	115	239	0	15836
28279	97	190	40	15870	0	16197
28280	87	133	15837	254	0	16311
28281	15561	39	218	164	0	15982
28282	265	33	108	16099	0	16505
28283	15940	38	45	264	0	16287
28284	16177	37	39	188	0	16441
28285	370	27	29	16489	0	16915
28286	183	36	16557	248	0	17024
28287	104	57	15281	149	0	15591
28288	14903	26	260	94	0	15283
28289	241	15843	135	79	0	16298
28290	154	15791	46	61	0	16052
28291	92	15890	35	75	0	16092
28292	79	16281	52	60	0	16472
28293	15907	262	45	73	0	16287
28294	16055	99	30	86	0	16270
28295	16121	48	27	62	0	16258
28296	16120	51	22	69	0	16262
28297	290	34	21	15677	0	16022
28298	159	15566	41	180	0	15946
28299	15562	161	42	131	0	15896
28300	228	112	15688	59	0	16087
28301	129	15666	170	74	0	16039
28302	93	176	15657	63	0	15989
28303	15376	94	172	73	0	15715
28304	15856	41	98	74	0	16069
28305	15810	43	50	66	0	15969
28306	309	28	38	15725	0	16100
28307	170	41	15778	176	0	16165
28308	98	15679	176	143	0	16096
28309	15377	161	94	82	0	15714
28310	193	15555	61	80	0	15889
28311	135	15277	33	52	0	15497
28312	85	15356	31	60	0	15532
28313	85	15370	28	62	0	15545
28314	98	216	14461	38	0	14813
28315	58	14859	152	70	0	15139
28316	13977	128	80	56	0	14241
28317	157	72	24	14122	0	14375
28318	98	47	15	14267	0	14427
28319	14061	25	22	195	0	14303
28320	144	14041	35	96	0	14316
28321	124	148	14375	50	0	14697
28322	70	80	115	14299	0	14564
28323	85	36	52	14692	0	14865
28324	88	23	25	14859	0	14995
28325	62	53	14641	171	0	14927
28326	65	45	14623	76	0	14809
28327	78	29	168	14604	0	14879
28328	66	40	14573	123	0	14802
28329	55	47	13995	60	0	14157
28330	11010	34	179	72	0	11295
28331	133	14040	87	41	0	14301
28332	82	13551	35	51	0	13719
28333	80	13948	32	26	0	14086
28334	107	180	16	13278	0	13581
28335	52	14167	29	93	0	14341
28336	14409	126	33	79	0	14647
28337	147	87	14674	39	0	14947
28338	14622	44	148	50	0	14864
28339	180	48	74	15054	0	15356
28340	103	37	34	15279	0	15453
28341	42	15737	38	231	0	16048
28342	15631	183	31	146	0	15991
28343	15749	96	33	65	0	15943
28344	259	16992	31	55	0	17337
28345	140	187	17	16592	0	16936
28346	66	102	16797	200	0	17165
28347	54	52	16890	121	0	17117
28348	44	17162	283	56	0	17545
28349	17328	197	130	48	0	17703
28350	256	113	17637	25	0	18031
28351	144	34	200	17245	0	17623
28352	17600	31	120	213	0	17964
28353	17891	31	37	130	0	18089
28354	299	21526	54	46	0	21925
28355	146	22298	56	35	0	22535
28356	22339	477	36	43	0	22895
28357	360	219	22326	33	0	22938
28358	22269	52	334	46	0	22701
28359	22595	35	196	53	0	22879
28360	555	46	40	22295	0	22936
28361	256	74	22796	333	0	23459
28362	97	48	22525	180	0	22850
28363	21479	45	554	79	0	22157
28364	413	70	22559	45	0	23087
28365	21334	27	396	44	0	21801
28366	22088	36	206	56	0	22386
28367	530	21927	83	61	0	22601
28368	268	358	22118	44	0	22788
28369	76	21608	410	45	0	22139
28370	21181	369	231	49	0	21830
28371	418	209	20956	29	0	21612
28372	275	66	362	20109	0	20812
28373	104	64	20876	352	0	21396
28374	87	56	21022	186	0	21351
28375	81	65	21111	49	0	21306
28376	96	82	20997	29	0	21204
28377	82	20378	599	77	0	21136
28378	126	385	20211	37	0	20759
28379	79	20037	423	61	0	20600
28380	98	386	19812	53	0	20349
28381	19428	215	438	64	0	20145
28382	453	117	257	17616	0	18443
28383	258	20041	142	268	0	20709
28384	19734	362	113	199	0	20408
28385	19779	232	114	74	0	20199
28386	19165	80	124	62	0	19431
28387	19503	85	115	65	0	19768
28388	583	19390	148	51	0	20172
28389	19180	391	101	59	0	19731
28390	19404	224	117	86	0	19831
28391	576	18668	127	84	0	19455
28392	299	423	18238	56	0	19016
28393	211	240	412	17617	0	18480
28394	137	18592	318	344	0	19391
28395	156	401	18802	196	0	19555
28396	170	254	19296	66	0	19786
28397	144	18819	630	76	0	19669
28398	152	19224	348	61	0	19785
28399	152	19963	183	63	0	20361
28400	132	19833	188	59	0	20212
28401	19475	643	190	65	0	20373
28402	19685	306	158	83	0	20232
28403	681	191	19927	56	0	20855
28404	352	136	20443	62	0	20993
28405	230	129	677	19758	0	20794
28406	242	142	349	20442	0	21175
28407	233	140	196	20670	0	21239
28408	20257	120	206	586	0	21169
28409	526	20355	194	286	0	21361
28410	391	20950	182	123	0	21646
28411	235	21483	199	89	0	22006
28412	20810	693	184	97	0	21784
28413	21281	357	178	96	0	21912
28414	784	189	180	20772	0	21925
28415	21489	173	208	444	0	22314
28416	21609	173	203	252	0	22237
28417	809	203	178	21205	0	22395
28418	21362	194	203	481	0	22240
28419	612	21008	258	297	0	22175
28420	474	538	266	21051	0	22329
28421	320	366	20743	422	0	21851
28422	281	20663	628	306	0	21878
28423	285	592	20986	140	0	22003
28424	306	405	625	19383	0	20719
28425	257	20912	517	443	0	22129
28426	315	537	320	20742	0	21914
28427	307	394	287	21087	0	22075
28428	290	224	20956	659	0	22129
28429	269	204	22039	361	0	22873
28430	283	203	812	21383	0	22681
28431	273	243	495	20283	0	21294
28432	250	21693	336	677	0	22956
28433	20535	586	264	347	0	21732
28434	648	21278	286	178	0	22390
28435	435	21450	285	192	0	22362
28436	288	779	20270	172	0	21509
28437	207	20501	600	161	0	21469
28438	262	606	416	18556	0	19840
28439	254	20286	260	475	0	21275
28440	241	585	216	19085	0	20127
28441	199	19788	257	476	0	20720
28442	19391	538	218	311	0	20458
28443	522	19720	242	179	0	20663
28444	380	547	188	16689	0	17804
28445	235	18189	175	386	0	18985
28446	17949	556	169	279	0	18953
28447	18087	407	138	161	0	18793
28448	677	17795	163	145	0	18780
28449	17273	474	109	122	0	17978
28450	550	591	123	16382	0	17646
28451	320	240	16772	430	0	17762
28452	286	194	17031	303	0	17814
28453	236	16904	564	198	0	17902
28454	12575	256	261	111	0	13203
28455	12418	142	86	98	0	12744
28456	295	121	12142	82	0	12640
28457	146	91	12022	98	0	12357
28458	11453	110	284	84	0	11931
28459	12079	115	112	77	0	12383
28460	271	100	11812	83	0	12266
28461	10861	106	193	73	0	11233
28462	192	11123	129	84	0	11528
28463	108	11711	81	69	0	11969
28464	73	283	63	11404	0	11823
28465	70	181	38	11710	0	11999
28466	11599	105	42	280	0	12026
28467	11603	108	48	146	0	11905
28468	11689	112	57	80	0	11938
28469	285	91	54	11492	0	11922
28470	166	97	50	11443	0	11756
28471	100	11036	56	263	0	11455
28472	81	11325	56	155	0	11617
28473	95	11649	65	91	0	11900
28474	102	309	49	10760	0	11220
28475	87	11251	55	190	0	11583
28476	84	232	10689	129	0	11134
28477	9920	160	183	97	0	10360
28478	223	98	11059	71	0	11451
28479	154	100	10980	58	0	11292
28480	10459	104	240	65	0	10868
28481	223	11020	130	97	0	11470
28482	11194	199	81	60	0	11534
28483	11152	142	67	82	0	11443
28484	273	103	10930	74	0	11380
28485	170	107	11220	59	0	11556
28486	109	11284	262	78	0	11733
28487	111	209	11405	84	0	11809
28488	123	169	201	11349	0	11842
28489	129	137	136	9824	0	10226
28490	103	11484	82	258	0	11927
28491	105	11810	87	142	0	12144
28492	11653	293	61	121	0	12128
28493	11959	175	64	104	0	12302
28494	341	113	63	11787	0	12304
28495	225	108	66	11879	0	12278
28496	11344	87	54	284	0	11769
28497	11439	104	69	153	0	11765
28498	266	11499	75	103	0	11943
28499	10984	186	52	73	0	11295
28500	223	10693	61	55	0	11032
28501	160	10944	56	56	0	11216
28502	10887	249	51	63	0	11250
28503	10760	138	51	57	0	11006
28504	311	92	36	10522	0	10961
28505	10450	72	60	152	0	10734
28506	214	72	10351	94	0	10731
28507	165	10429	153	59	0	10806
28508	10335	166	97	64	0	10662
28509	193	105	10392	51	0	10741
28510	132	91	136	9504	0	9863
28511	76	9908	98	108	0	10190
28512	80	10103	55	81	0	10319
28513	10053	174	60	56	0	10343
28514	159	106	9869	31	0	10165
28515	9364	43	118	32	0	9557
28516	184	42	70	9468	0	9764
28517	109	48	9435	102	0	9694
28518	9179	27	124	102	0	9432
28519	148	9755	83	42	0	10028
28520	85	10111	53	39	0	10288
28521	10178	150	36	51	0	10415
28522	10144	86	39	58	0	10327
28523	10428	44	15	80	0	10567
28524	187	54	19	10264	0	10524
28525	136	23	26	10421	0	10606
28526	78	30	10284	133	0	10525
28527	59	32	10088	79	0	10258
28528	50	10159	127	57	0	10393
28529	55	61	39	9316	0	9471
28530	9270	35	16	69	0	9390
28531	71	9254	16	50	0	9391
28532	48	67	14	9328	0	9457
28533	9307	40	16	75	0	9438
28534	67	9305	21	52	0	9445
28535	51	9732	18	19	0	9820
28536	41	97	9281	22	0	9441
28537	9156	46	82	29	0	9313
28538	9504	25	41	34	0	9604
28539	81	23	9290	18	0	9412
28540	8519	19	44	27	0	8609
28541	64	20	9129	12	0	9225
28542	34	9027	46	17	0	9124
28543	64	51	28	8860	0	9003
28544	8717	38	14	50	0	8819
28545	51	8705	10	32	0	8798
28546	31	8643	13	11	0	8698
28547	8269	42	5	26	0	8342
28548	45	32	8601	12	0	8690
28549	8280	11	26	40	0	8357
28550	52	8920	28	21	0	9021
28551	29	31	8466	16	0	8542
28552	8413	26	22	23	0	8484
28553	8800	9	21	20	0	8850
28554	47	12	8	8681	0	8748
28555	31	11	3	8847	0	8892
28556	12	8905	9	48	0	8974
28557	19	42	8749	21	0	8831
28558	27	23	29	8953	0	9032
28559	10	19	9374	45	0	9448
28560	13	14	9389	39	0	9455
28561	14	12	63	9768	0	9857
28562	18	19	10094	63	0	10194
28563	25	16	9807	29	0	9877
28564	26	11	83	9450	0	9570
28565	15	17	9885	57	0	9974
28566	8778	5	76	52	0	8911
28567	64	9551	44	32	0	9691
28568	34	71	9775	13	0	9893
28569	20	39	10355	15	0	10429
28570	16	18	89	9918	0	10041
28571	10646	11	40	86	0	10783
28572	10718	7	15	50	0	10790
28573	10702	7	13	32	0	10754
28574	10727	5	7	31	0	10770
28575	97	9	9	10417	0	10532
28576	53	22	10640	67	0	10782
28577	10573	10	58	69	0	10710
28578	10862	11	44	32	0	10949
28579	10928	9	14	39	0	10990
28580	99	14	10592	14	0	10719
28581	9845	14	77	18	0	9954
28582	73	13	35	11002	0	11123
28583	38	11186	43	69	0	11336
28584	31	101	26	10803	0	10961
28585	12	11035	24	73	0	11144
28586	10959	71	31	64	0	11125
28587	82	68	11017	25	0	11192
28588	49	22	91	10498	0	10660
28589	19	10760	65	70	0	10914
28590	17	10938	35	48	0	11038
28591	10918	108	28	40	0	11094
28592	10815	49	42	36	0	10942
28593	123	30	10423	16	0	10592
28594	10539	13	96	26	0	10674
28595	111	7	46	10574	0	10738
28596	69	17	10857	96	0	11039
28597	47	20	10783	47	0	10897
28598	52	31	118	11148	0	11349
28599	11933	7	50	141	0	12131
28600	143	6	32	11950	0	12131
28601	82	5	34	12011	0	12132
28602	59	7	22	11896	0	11984
28603	39	12121	31	174	0	12365
28604	50	101	27	12132	0	12310
28605	11785	52	28	128	0	11993
28606	116	11972	31	71	0	12190
28607	73	103	19	12107	0	12302
28608	11869	62	28	148	0	12107
28609	120	11850	27	81	0	12078
28610	71	11979	31	34	0	12115
28611	49	178	26	11866	0	12119
28612	11634	81	22	139	0	11876
28613	144	42	11644	76	0	11906
28614	86	35	11595	40	0	11756
28615	11757	25	182	47	0	12011
28616	12224	19	94	40	0	12377
28617	218	12388	51	36	0	12693
28618	121	139	48	11965	0	12273
28619	60	88	12104	142	0	12394
28620	48	36	11914	95	0	12093
28621	56	21	12804	56	0	12937
28622	29	12549	257	56	0	12891
28623	36	12549	125	49	0	12759
28624	12417	217	51	57	0	12742
28625	191	102	12478	50	0	12821
28626	12050	32	176	62	0	12320
28627	12481	31	94	71	0	12677
28628	257	47	12635	54	0	12993
28629	133	12930	180	52	0	13295
28630	85	176	84	12682	0	13027
28631	63	122	13058	188	0	13431
28632	52	79	12688	119	0	12938
28633	12045	50	241	69	0	12405
28634	212	12859	118	55	0	13244
28635	129	186	60	12366	0	12741
28636	70	111	50	12028	0	12259
28637	66	12431	44	247	0	12788
28638	59	12709	52	126	0	12946
28639	64	12889	50	63	0	13066
28640	70	268	47	13022	0	13407
28641	13398	123	46	222	0	13789
28642	246	60	48	13561	0	13915
28643	146	51	13544	249	0	13990
28644	56	48	13586	147	0	13837
28645	70	45	324	13599	0	14038
28646	62	54	13813	238	0	14167
28647	67	13618	254	227	0	14166
28648	88	223	133	14377	0	14821
28649	15273	126	63	295	0	15757
28650	15249	53	50	171	0	15523
28651	396	15404	57	86	0	15943
28652	15712	306	50	82	0	16150
28653	15929	150	61	88	0	16228
28654	16058	57	53	76	0	16244
28655	424	72	14438	74	0	15008
28656	14833	50	259	80	0	15222
28657	303	15000	159	81	0	15543
28658	181	268	14965	69	0	15483
28659	76	158	15111	52	0	15397
28660	62	14964	377	71	0	15474
28661	14592	276	207	61	0	15136
28662	283	147	70	14022	0	14522
28663	181	14264	64	261	0	14770
28664	14466	270	41	161	0	14938
28665	286	167	52	14541	0	15046
28666	14828	57	58	313	0	15256
28667	308	44	56	14944	0	15352
28668	171	62	14709	297	0	15239
28669	89	72	14335	158	0	14654
28670	69	84	14537	77	0	14767
28671	96	63	402	13928	0	14489
28672	100	68	183	14571	0	14922
28673	95	79	14389	394	0	14957
28674	90	14287	311	183	0	14871
28675	14636	272	166	83	0	15157
28676	14534	175	89	62	0	14860
28677	448	14603	87	53	0	15191
28678	236	351	74	14717	0	15378
28679	136	184	15166	313	0	15799
28680	14772	71	352	179	0	15374
28681	351	87	15397	76	0	15911
28682	207	59	14783	63	0	15112
28683	112	70	14981	65	0	15228
28684	14229	55	494	65	0	14843
28685	367	90	14680	68	0	15205
28686	216	14130	345	71	0	14762
28687	124	14790	198	61	0	15173
28688	150	404	95	14269	0	14918
28689	136	189	101	14563	0	14989
28690	93	98	14441	423	0	15055
28691	13849	64	342	210	0	14465
28692	14773	58	210	111	0	15152
28693	481	69	124	14540	0	15214
28694	14517	50	95	333	0	14995
28695	347	14425	113	194	0	15079
28696	14279	312	85	100	0	14776
28697	362	14074	88	100	0	14624
28698	186	13978	88	71	0	14323
28699	13462	377	74	93	0	14006
28700	13509	169	94	72	0	13844
28701	13741	67	83	90	0	13981
28702	13805	64	108	79	0	14056
28703	433	68	12986	61	0	13548
28704	12784	44	322	76	0	13226
28705	354	53	188	12600	0	13195
28706	188	13004	130	268	0	13590
28707	12966	281	77	157	0	13481
28708	309	13057	92	70	0	13528
28709	13069	279	82	78	0	13508
28710	334	162	70	13018	0	13584
28711	204	78	85	13249	0	13616
28712	117	71	13032	388	0	13608
28713	116	69	13128	175	0	13488
28714	94	13061	389	106	0	13650
28715	12574	260	174	79	0	13087
28716	303	12616	107	73	0	13099
28717	207	12508	94	75	0	12884
28718	121	12989	73	59	0	13242
28719	153	388	12283	46	0	12870
28720	130	12619	254	48	0	13051
28721	11619	284	131	58	0	12092
28722	11695	152	65	52	0	11964
28723	375	67	49	11245	0	11736
28724	201	11236	74	220	0	11731
28725	141	11499	61	133	0	11834
28726	140	305	60	11322	0	11827
28727	130	160	11402	228	0	11920
28728	126	11171	235	132	0	11664
28729	140	266	116	11046	0	11568
28730	10849	144	53	244	0	11290
28731	10995	83	40	146	0	11264
28732	323	11010	74	72	0	11479
28733	11112	242	55	69	0	11478
28734	11227	137	59	69	0	11492
28735	375	88	51	10902	0	11416
28736	191	72	10797	232	0	11292
28737	92	11135	261	135	0	11623
28738	119	292	141	10979	0	11531
28739	104	156	10955	216	0	11431
28740	84	10695	225	111	0	11115
28741	10271	224	114	60	0	10669
28742	10316	154	69	68	0	10607
28743	291	97	46	9949	0	10383
28744	142	10124	58	193	0	10517
28745	104	214	10011	104	0	10433
28746	115	157	186	9809	0	10267
28747	84	80	10151	197	0	10512
28748	67	9107	174	102	0	9450
28749	155	182	84	8066	0	8487
28750	8082	69	38	132	0	8321
28751	127	8020	27	61	0	8235
28752	7857	132	26	42	0	8057
28753	7807	89	23	45	0	7964
28754	183	8021	19	41	0	8264
28755	112	116	39	8013	0	8280
28756	75	81	21	7991	0	8168
28757	62	7731	31	134	0	7958
28758	67	8028	33	74	0	8202
28759	49	149	21	7482	0	7701
28760	58	7708	30	108	0	7904
28761	7745	124	24	62	0	7955
28762	7723	65	17	47	0	7852
28763	147	48	7641	34	0	7870
28764	85	42	7576	30	0	7733
28765	7294	50	115	29	0	7488
28766	7602	26	61	36	0	7725
28767	140	7894	36	49	0	8119
28768	7839	126	44	49	0	8058
28769	7846	82	22	39	0	7989
28770	166	7664	23	41	0	7894
28771	7967	136	17	47	0	8167
28772	158	91	27	9170	0	9446
28773	98	82	19	9471	0	9670
28774	74	56	9698	233	0	10061
28775	42	9453	149	97	0	9741
28776	42	9997	76	46	0	10161
28777	9607	284	75	80	0	10046
28778	9488	82	27	31	0	9628
28779	9253	31	14	34	0	9332
28780	9501	24	21	41	0	9587
28781	201	39	9103	14	0	9357
28782	83	40	9378	23	0	9524
28783	35	9486	187	29	0	9737
28784	47	147	65	9405	0	9664
28785	47	82	23	9191	0	9343
28786	36	9585	20	177	0	9818
28787	35	156	19	9344	0	9554
28788	9205	73	18	150	0	9446
28789	157	9312	26	76	0	9571
28790	86	156	9529	28	0	9799
28791	42	9743	144	29	0	9958
28792	9562	159	75	38	0	9834
28793	165	82	9551	45	0	9843
28794	9371	39	153	30	0	9593
28795	9770	42	71	36	0	9919
28796	210	30	9611	34	0	9885
28797	93	41	9582	27	0	9743
28798	42	34	9507	25	0	9608
28799	8690	30	204	25	0	8949
28800	186	31	9452	25	0	9694
28801	98	9337	168	24	0	9627
28802	9328	146	92	28	0	9594
28803	167	80	9287	19	0	9553
28804	8882	26	162	28	0	9098
28805	171	38	9271	15	0	9495
28806	101	51	9584	19	0	9755
28807	48	9647	203	32	0	9930
28808	49	151	9702	20	0	9922
28809	56	68	9572	17	0	9713
28810	39	8441	214	40	0	8734
28811	9217	144	96	26	0	9483
28812	163	79	9331	19	0	9592
28813	104	49	158	8364	0	8675
28814	44	9345	97	134	0	9620
28815	9276	141	49	77	0	9543
28816	9358	87	52	43	0	9540
28817	214	50	9265	23	0	9552
28818	107	9086	178	20	0	9391
28819	56	9335	106	29	0	9526
28820	58	227	65	8853	0	9203
28821	58	8818	64	131	0	9071
28822	93	185	38	8024	0	8340
28823	78	95	53	9249	0	9475
28824	59	9423	62	199	0	9743
28825	71	167	63	9240	0	9541
28826	57	9338	58	175	0	9628
28827	64	186	9020	98	0	9368
28828	54	101	201	9115	0	9471
28829	53	71	92	9096	0	9312
28830	50	9092	75	213	0	9430
28831	55	9407	60	99	0	9621
28832	72	231	50	8865	0	9218
28833	50	9213	79	153	0	9495
28834	8908	186	47	97	0	9238
28835	199	102	61	9012	0	9374
28836	100	9160	89	163	0	9512
28837	8771	192	57	98	0	9118
28838	173	8811	73	44	0	9101
28839	123	188	8608	48	0	8967
28840	68	111	193	8626	0	8998
28841	8682	68	110	185	0	9045
28842	194	60	8917	94	0	9265
28843	115	67	194	8456	0	8832
28844	64	8869	135	146	0	9214
28845	84	201	8735	76	0	9096
28846	68	9026	204	47	0	9345
28847	8512	175	119	49	0	8855
28848	8746	116	86	39	0	8987
28849	227	8656	86	42	0	9011
28850	8594	176	82	49	0	8901
28851	183	130	8505	32	0	8850
28852	103	66	217	8186	0	8572
28853	74	74	127	8117	0	8392
28854	78	8411	82	181	0	8752
28855	8968	190	84	136	0	9378
28856	9399	128	61	65	0	9653
28857	232	92	9395	38	0	9757
28858	9359	66	188	53	0	9666
28859	9647	55	116	57	0	9875
28860	9727	58	90	63	0	9938
28861	260	92	54	9353	0	9759
28862	131	61	72	9405	0	9669
28863	61	9454	68	204	0	9787
28864	9210	190	62	94	0	9556
28865	9244	105	49	84	0	9482
28866	218	9230	58	54	0	9560
28867	113	211	42	8635	0	9001
28868	45	8842	38	169	0	9094
28869	51	9114	52	90	0	9307
28870	8769	188	61	80	0	9098
28871	167	97	8522	54	0	8840
28872	65	35	7095	19	0	7214
28873	19	7163	94	32	0	7308
28874	6515	86	90	29	0	6720
28875	78	45	6588	21	0	6732
28876	34	6039	84	26	0	6183
28877	5991	54	15	23	0	6083
28878	55	28	5947	9	0	6039
28879	22	10	48	5811	0	5891
28880	6259	18	15	59	0	6351
28881	74	19	6280	25	0	6398
28882	28	16	6619	12	0	6675
28883	11	20	6748	10	0	6789
28884	13	19	6744	8	0	6784
28885	6016	6	99	16	0	6137
28886	7013	9	23	18	0	7063
28887	78	7039	16	5	0	7138
28888	31	69	8	7199	0	7307
28889	12	25	10	7450	0	7497
28890	11	7337	8	97	0	7453
28891	15	92	5	7308	0	7420
28892	10	7617	6	78	0	7711
28893	13	7692	10	29	0	7744
28894	15	121	3	7558	0	7697
28895	14	45	7632	86	0	7777
28896	7	7760	91	39	0	7897
28897	15	92	34	7695	0	7836
28898	7821	39	15	92	0	7967
28899	82	27	7870	41	0	8020
28900	7719	11	87	13	0	7830
28901	8028	10	43	19	0	8100
28902	145	8	19	8118	0	8290
28903	65	16	8410	99	0	8590
28904	26	16	8519	45	0	8606
28905	18	8868	161	21	0	9068
28906	13	132	64	8537	0	8746
28907	14	58	8612	117	0	8801
28908	16	18	8839	50	0	8923
28909	9	8879	167	31	0	9086
28910	9013	122	66	12	0	9213
28911	9105	59	38	25	0	9227
28912	191	29	20	9519	0	9759
28913	73	22	9728	150	0	9973
28914	27	15	9809	82	0	9933
28915	20	10092	238	42	0	10392
28916	22	150	10275	26	0	10473
28917	27	80	10344	21	0	10472
28918	22	40	223	9246	0	9531
28919	17	21	10373	154	0	10565
28920	9699	10	177	79	0	9965
28921	155	9	90	10321	0	10575
28922	81	20	10595	155	0	10851
28923	32	10602	170	85	0	10889
28924	22	152	79	10718	0	10971
28925	27	81	10892	179	0	11179
28926	10	11271	197	94	0	11572
28927	25	184	89	10906	0	11204
28928	20	11506	57	164	0	11747
28929	29	188	30	11529	0	11776
28930	26	95	40	11615	0	11776
28931	15	44	11389	263	0	11711
28932	14	11479	206	112	0	11811
28933	31	183	102	11519	0	11835
28934	27	88	61	11610	0	11786
28935	33	38	46	11829	0	11946
28936	22	35	11442	283	0	11782
28937	20	11409	211	144	0	11784
28938	34	189	112	11438	0	11773
28939	23	95	11453	210	0	11781
28940	14	11433	232	119	0	11798
28941	21	206	115	11389	0	11731
28942	29	116	11466	214	0	11825
28943	26	11455	213	131	0	11825
28944	33	201	115	11232	0	11581
28945	29	100	72	11625	0	11826
28946	20	68	11804	268	0	12160
28947	10665	46	211	169	0	11091
28948	172	11828	132	92	0	12224
28949	11910	200	75	65	0	12250
28950	202	124	12014	66	0	12406
28951	11946	55	224	79	0	12304
28952	219	57	118	11984	0	12378
28953	100	44	71	12436	0	12651
28954	36	56	12208	287	0	12587
28955	10915	56	222	163	0	11356
28956	11341	50	118	107	0	11616
28957	241	11071	77	101	0	11490
28958	101	11499	81	75	0	11756
28959	11420	285	61	78	0	11844
28960	205	149	11389	77	0	11820
28961	111	11860	238	77	0	12286
28962	63	224	126	12158	0	12571
28963	43	113	89	12435	0	12680
28964	40	79	12300	287	0	12706
28965	11616	71	230	174	0	12091
28966	218	67	12634	102	0	13021
28967	12375	50	269	97	0	12791
28968	238	59	13037	83	0	13417
28969	122	13068	285	68	0	13543
28970	13236	240	142	83	0	13701
28971	13323	125	87	110	0	13645
28972	13294	66	95	97	0	13552
28973	13379	64	74	69	0	13586
28974	345	57	61	13151	0	13614
28975	161	66	13172	238	0	13637
28976	89	60	242	12769	0	13160
28977	61	13143	167	253	0	13624
28978	73	222	93	13283	0	13671
28979	64	136	13207	249	0	13656
28980	63	75	13149	150	0	13437
28981	68	59	308	12726	0	13161
28982	12620	52	167	253	0	13092
28983	12440	53	92	161	0	12746
28984	12538	51	78	108	0	12775
28985	301	65	12501	89	0	12956
28986	164	50	12624	78	0	12916
28987	77	12504	292	69	0	12942
28988	78	12553	155	88	0	12874
28989	12270	253	163	87	0	12773
28990	12290	136	69	76	0	12571
28991	259	12965	75	75	0	13374
28992	12864	175	61	81	0	13181
28993	12783	111	61	72	0	13027
28994	258	12836	52	89	0	13235
28995	12978	172	61	86	0	13297
28996	12788	104	53	66	0	13011
28997	273	12938	75	59	0	13345
28998	13047	175	57	76	0	13355
28999	12977	97	55	79	0	13208
29000	257	70	13096	56	0	13479
29001	149	64	13270	54	0	13537
29002	87	12959	218	44	0	13308
29003	63	13291	126	78	0	13558
29004	13161	188	120	52	0	13521
29005	12892	89	45	57	0	13083
29006	12670	48	39	45	0	12802
29007	216	12658	61	39	0	12974
29008	129	138	40	12628	0	12935
29009	87	93	12792	109	0	13081
29010	79	159	135	12161	0	12534
29011	72	12801	88	112	0	13073
29012	12538	111	31	68	0	12748
29013	128	12639	42	32	0	12841
29014	115	104	18	12409	0	12646
29015	13405	64	24	137	0	13630
29016	13428	34	29	69	0	13560
29017	195	27	13377	21	0	13620
29018	13432	33	105	44	0	13614
29019	14220	38	72	34	0	14364
29020	14365	24	26	40	0	14455
29021	228	53	29	13616	0	13926
29022	118	13786	38	119	0	14061
29023	84	134	28	14068	0	14314
29024	61	104	14268	125	0	14558
29025	49	14421	131	86	0	14687
29026	61	116	85	14049	0	14311
29027	58	99	14129	107	0	14393
29028	46	14032	111	90	0	14279
29029	68	136	75	13575	0	13854
29030	56	86	14047	107	0	14296
29031	12295	39	132	116	0	12582
29032	129	47	14389	29	0	14594
29033	119	37	14322	34	0	14512
29034	61	14574	194	28	0	14857
29035	61	145	96	14655	0	14957
29036	79	95	33	13688	0	13895
29037	51	14410	41	169	0	14671
29038	55	139	19	14321	0	14534
29039	14981	94	28	155	0	15258
29040	15131	32	26	98	0	15287
29041	224	60	14301	29	0	14614
29042	14923	22	121	54	0	15120
29043	15386	42	89	30	0	15547
29044	250	43	15377	32	0	15702
29045	124	15291	143	48	0	15606
29046	59	15362	106	42	0	15569
29047	91	234	30	13356	0	13711
29048	43	15052	45	109	0	15249
29049	47	174	14139	70	0	14430
29050	58	121	14665	33	0	14877
29051	40	15004	228	33	0	15305
29052	14995	154	112	44	0	15305
29053	15239	115	43	44	0	15441
29054	15403	50	37	52	0	15542
29055	15408	46	33	37	0	15524
29056	14786	31	33	41	0	14891
29057	244	14914	34	36	0	15228
29058	149	164	14763	24	0	15100
29059	90	112	142	14712	0	15056
29060	14508	40	105	169	0	14822
29061	149	14330	42	125	0	14646
29062	152	175	32	14054	0	14413
29063	68	119	14117	140	0	14444
29064	50	13819	158	115	0	14142
29065	49	14038	116	39	0	14242
29066	13522	247	57	47	0	13873
29067	137	13552	50	25	0	13764
29068	120	125	35	12998	0	13278
29069	12970	88	25	135	0	13218
29070	12971	37	22	91	0	13121
29071	13150	36	20	40	0	13246
29072	205	39	12788	35	0	13067
29073	113	12882	125	20	0	13140
29074	13096	136	96	37	0	13365
29075	162	95	32	12951	0	13240
29076	13214	47	13	159	0	13433
29077	157	13058	31	95	0	13341
29078	13891	132	19	54	0	14096
29079	14680	97	15	48	0	14840
29080	302	41	23	14289	0	14655
29081	173	50	14749	171	0	15143
29082	95	39	177	14945	0	15256
29083	14801	23	119	223	0	15166
29084	14955	27	49	146	0	15177
29085	324	14749	47	45	0	15165
29086	14377	172	36	46	0	14631
29087	215	14437	38	56	0	14746
29088	14418	194	32	65	0	14709
29089	14167	127	24	74	0	14392
29090	285	69	14219	47	0	14620
29091	137	13986	187	51	0	14361
29092	77	202	122	14216	0	14617
29093	72	137	58	14340	0	14607
29094	67	68	45	13822	0	14002
29095	53	13991	62	328	0	14434
29096	53	191	14046	145	0	14435
29097	65	144	14353	46	0	14608
29098	50	17117	305	77	0	17549
29099	17177	268	172	65	0	17682
29100	301	173	17045	40	0	17559
29101	16369	70	288	54	0	16781
29102	305	16559	198	49	0	17111
29103	195	304	16467	55	0	17021
29104	87	186	284	16344	0	16901
29105	72	83	16827	290	0	17272
29106	65	66	17073	181	0	17385
29107	119	67	420	14976	0	15582
29108	102	16670	199	241	0	17212
29109	94	17052	94	140	0	17380
29110	16910	394	53	51	0	17408
29111	323	217	16813	42	0	17395
29112	16487	89	294	53	0	16923
29113	16581	60	197	42	0	16880
29114	401	16571	72	35	0	17079
29115	15785	268	44	41	0	16138
29116	15823	158	34	41	0	16056
29117	15275	58	18	44	0	15395
29118	406	14999	50	31	0	15486
29119	183	14026	56	28	0	14293
29120	83	14580	31	37	0	14731
29121	14465	363	90	35	0	14953
29122	14559	149	46	42	0	14796
29123	389	70	14028	31	0	14518
29124	187	65	13741	16	0	14009
29125	13824	37	305	40	0	14206
29126	14148	31	135	47	0	14361
29127	14277	41	54	53	0	14425
29128	369	31	55	13864	0	14319
29129	193	27	40	14171	0	14431
29130	106	41	34	14307	0	14488
29131	92	60	40	14323	0	14515
29132	60	54	13404	336	0	13854
29133	67	43	13424	149	0	13683
29134	71	36	13423	52	0	13582
29135	71	38	13343	35	0	13487
29136	13011	25	346	37	0	13419
29137	247	13266	150	30	0	13693
29138	164	13750	62	25	0	14001
29139	13570	308	39	44	0	13961
29140	260	161	13420	32	0	13873
29141	140	70	13046	24	0	13280
29142	12779	64	295	64	0	13202
29143	13543	38	152	49	0	13782
29144	318	13511	80	37	0	13946
29145	185	199	49	13482	0	13915
29146	13682	112	44	216	0	14054
29147	14026	60	37	131	0	14254
29148	377	42	36	13832	0	14287
29149	188	14413	43	199	0	14843
29150	14478	218	32	142	0	14870
29151	259	137	14301	71	0	14768
29152	14137	55	227	71	0	14490
29153	242	14415	137	52	0	14846
29154	14613	211	76	64	0	14964
29155	14462	119	60	55	0	14696
29156	315	69	14525	43	0	14952
29157	158	51	14378	36	0	14623
29158	14203	39	326	45	0	14613
29159	14703	46	164	38	0	14951
29160	310	14782	99	42	0	15233
29161	189	226	50	15072	0	15537
29162	108	139	14961	199	0	15407
29163	14651	54	257	133	0	15095
29164	273	46	151	15041	0	15511
29165	192	40	70	15312	0	15614
29166	15128	54	61	310	0	15553
29167	249	15690	63	184	0	16186
29168	15919	227	55	86	0	16287
29169	16076	125	53	56	0	16310
29170	16258	66	47	63	0	16434
29171	372	15937	57	79	0	16445
29172	16117	234	36	43	0	16430
29173	302	124	49	15994	0	16469
29174	217	62	47	16049	0	16375
29175	161	62	15940	295	0	16458
29176	155	55	15729	134	0	16073
29177	102	15755	322	70	0	16249
29178	82	15906	157	40	0	16185
29179	116	274	14938	24	0	15352
29180	75	15265	204	54	0	15598
29181	15184	223	160	68	0	15635
29182	15367	122	33	42	0	15564
29183	15508	39	30	43	0	15620
29184	314	38	35	14843	0	15230
29185	167	25	37	15299	0	15528
29186	95	52	15426	281	0	15854
29187	58	15384	183	156	0	15781
29188	15377	176	109	70	0	15732
29189	202	15446	73	28	0	15749
29190	15532	190	34	35	0	15791
29191	15476	109	31	42	0	15658
29192	333	37	27	14997	0	15394
29193	185	44	26	15261	0	15516
29194	113	34	18	15513	0	15678
29195	74	39	14864	298	0	15275
29196	48	14585	186	178	0	14997
29197	47	14546	115	72	0	14780
29198	34	11478	16	20	0	11548
29199	26	11492	25	27	0	11570
29200	24	11486	23	21	0	11554
29201	10367	110	34	33	0	10544
29202	78	71	11108	16	0	11273
29203	61	11149	59	39	0	11308
29204	41	78	10649	18	0	10786
29205	19	11109	67	28	0	11223
29206	66	152	64	7848	0	8130
29207	28	52	12	10523	0	10615
29208	16	10776	17	86	0	10895
29209	10527	52	17	68	0	10664
29210	58	66	10371	15	0	10510
29211	55	10619	60	19	0	10753
29212	37	80	10354	6	0	10477
29213	35	47	56	10322	0	10460
29214	33	29	42	9822	0	9926
29215	21	10384	18	96	0	10519
29216	32	60	16	10478	0	10586
29217	35	55	13	10553	0	10656
29218	27	10479	12	102	0	10620
29219	24	71	10208	51	0	10354
29220	18	63	10235	22	0	10338
29221	9701	28	87	32	0	9848
29222	10477	23	53	41	0	10594
29223	95	27	14	10109	0	10245
29224	64	26	10022	64	0	10176
29225	38	20	58	9760	0	9876
29226	25	10304	59	72	0	10460
29227	29	77	10188	55	0	10349
29228	19	10083	63	44	0	10209
29229	21	79	10017	26	0	10143
29230	13	10149	73	26	0	10261
29231	10066	76	54	21	0	10217
29232	73	59	27	9953	0	10112
29233	58	43	11	9936	0	10048
29234	32	32	9990	87	0	10141
29235	37	33	9732	62	0	9864
29236	21	9888	99	34	0	10042
29237	9854	70	47	56	0	10027
29238	75	64	25	9598	0	9762
29239	60	39	9777	60	0	9936
29240	22	37	9365	51	0	9475
29241	8466	32	95	42	0	8635
29242	9128	31	57	34	0	9250
29243	100	36	9273	27	0	9436
29244	60	33	60	8869	0	9022
29245	28	9191	48	69	0	9336
29246	9184	54	47	75	0	9360
29247	57	9113	20	45	0	9235
29248	8686	56	22	41	0	8805
29249	43	8537	24	28	0	8632
29250	45	8706	22	25	0	8798
29251	29	88	14	8574	0	8705
29252	24	48	8	8594	0	8674
29253	13	8574	27	115	0	8729
29254	18	76	8306	47	0	8447
29255	18	55	8335	16	0	8424
29256	21	43	8394	12	0	8470
29257	7881	20	93	35	0	8029
29258	8385	21	46	33	0	8485
29259	77	9096	32	32	0	9237
29260	42	106	8952	12	0	9112
29261	28	66	83	8933	0	9110
29262	11	47	9492	92	0	9642
29263	14	44	9697	62	0	9817
29264	21	32	157	10751	0	10961
29265	22	19	93	11554	0	11688
29266	23	35	12093	265	0	12416
29267	11490	18	167	188	0	11863
29268	173	12473	141	73	0	12860
29269	137	12889	77	33	0	13136
29270	67	337	31	12413	0	12848
29271	13112	175	24	216	0	13527
29272	206	13332	29	153	0	13720
29273	13282	223	19	75	0	13599
29274	241	13482	31	56	0	13810
29275	14111	252	28	31	0	14422
29276	279	180	13961	24	0	14444
29277	187	75	14178	29	0	14469
29278	83	109	360	13545	0	14097
29279	43	35	13753	227	0	14058
29280	31	13096	282	166	0	13575
29281	35	13200	176	69	0	13480
29282	13201	365	66	67	0	13699
29283	236	197	39	12793	0	13265
29284	161	13335	46	231	0	13773
29285	13579	230	34	169	0	14012
29286	13286	172	29	67	0	13554
29287	13672	65	24	48	0	13809
29288	448	53	28	13281	0	13810
29289	246	37	25	13508	0	13816
29290	94	38	13416	394	0	13942
29291	57	41	13407	223	0	13728
29292	13156	37	387	107	0	13687
29293	280	45	218	13218	0	13761
29294	205	44	13341	241	0	13831
29295	13178	21	261	191	0	13651
29296	274	13787	204	84	0	14349
29297	14008	255	80	86	0	14429
29298	14138	194	55	64	0	14451
29299	14289	74	66	56	0	14485
29300	482	60	13800	38	0	14380
29301	13752	34	267	41	0	14094
29302	362	35	190	13078	0	13665
29303	226	13112	97	257	0	13692
29304	127	13867	63	179	0	14236
29305	13746	394	38	88	0	14266
29306	13925	216	29	47	0	14217
29307	14120	85	41	48	0	14294
29308	519	51	41	13522	0	14133
29309	315	33	36	13739	0	14123
29310	147	48	47	13302	0	13544
29311	93	13547	60	453	0	14153
29312	13481	281	38	278	0	14078
29313	13708	202	38	128	0	14076
29314	14011	86	48	81	0	14226
29315	540	81	13569	57	0	14247
29316	13886	61	267	69	0	14283
29317	418	61	198	13086	0	13763
29318	295	13523	89	284	0	14191
29319	13447	288	87	202	0	14024
29320	13509	196	52	101	0	13858
29321	507	96	13585	74	0	14262
29322	316	66	294	13402	0	14078
29323	160	13703	227	283	0	14373
29324	14029	305	92	240	0	14666
29325	381	223	73	14066	0	14743
29326	312	102	56	14117	0	14587
29327	195	75	38	14431	0	14739
29328	147	66	49	14963	0	15225
29329	114	72	14441	603	0	15230
29330	117	14433	331	345	0	15226
29331	147	349	220	14474	0	15190
29332	121	269	14693	362	0	15445
29333	14531	114	340	285	0	15270
29334	15078	80	232	142	0	15532
29335	610	63	131	14773	0	15577
29336	15095	56	87	384	0	15622
29337	15305	80	60	297	0	15742
29338	620	85	15065	147	0	15917
29339	360	14986	353	130	0	15829
29340	15214	356	244	104	0	15918
29341	479	229	129	15142	0	15979
29342	15549	114	83	395	0	16141
29343	503	90	73	15380	0	16046
29344	374	81	62	15617	0	16134
29345	223	77	15185	600	0	16085
29346	14067	68	362	385	0	14882
29347	418	15342	252	214	0	16226
29348	345	354	15218	146	0	16063
29349	177	15369	384	114	0	16044
29350	15115	386	267	121	0	15889
29351	455	260	105	15066	0	15886
29352	15174	116	90	432	0	15812
29353	450	14988	91	298	0	15827
29354	15538	338	68	163	0	16107
29355	15705	228	71	161	0	16165
29356	15877	103	70	137	0	16187
29357	15697	64	76	126	0	15963
29358	682	15168	97	119	0	16066
29359	14864	335	72	95	0	15366
29360	521	221	55	14550	0	15347
29361	369	124	46	14273	0	14812
29362	222	13449	61	475	0	14207
29363	177	13400	71	279	0	13927
29364	141	12682	47	133	0	13003
29365	11669	341	53	107	0	12170
29366	284	11118	52	73	0	11527
29367	159	10334	38	67	0	10598
29368	10201	253	58	62	0	10574
29369	9920	113	52	63	0	10148
29370	284	9929	46	47	0	10306
29371	9577	158	28	72	0	9835
29372	221	109	9302	58	0	9690
29373	9208	59	148	53	0	9468
29374	210	63	9237	52	0	9562
29375	144	8321	123	55	0	8643
29376	84	8549	104	39	0	8776
29377	262	218	103	7987	0	8570
29378	8355	104	37	145	0	8641
29379	8541	66	28	104	0	8739
29380	8720	54	19	82	0	8875
29381	8686	33	23	79	0	8821
29382	8477	43	22	68	0	8610
29383	216	59	8111	56	0	8442
29384	108	62	7801	45	0	8016
29385	8069	48	154	44	0	8315
29386	171	8171	77	44	0	8463
29387	8056	125	42	53	0	8276
29388	8318	82	30	59	0	8489
29389	8575	44	15	55	0	8689
29390	8577	43	22	51	0	8693
29391	8552	37	25	49	0	8663
29392	206	54	8309	37	0	8606
29393	8569	42	104	53	0	8768
29394	8680	49	66	43	0	8838
29395	196	53	8164	44	0	8457
29396	7881	46	87	60	0	8074
29397	8203	53	56	49	0	8361
29398	176	60	8399	36	0	8671
29399	118	50	8263	36	0	8467
29400	92	8448	135	37	0	8712
29401	102	114	59	8454	0	8729
29402	96	80	8480	94	0	8750
29403	8608	42	120	92	0	8862
29404	176	53	57	9089	0	9375
29405	123	51	9322	98	0	9594
29406	9148	45	118	88	0	9399
29407	9504	53	60	42	0	9659
29408	9568	33	21	51	0	9673
29409	213	9711	40	57	0	10021
29410	147	123	24	9455	0	9749
29411	110	9718	25	109	0	9962
29412	9746	124	38	76	0	9984
29413	9693	74	40	54	0	9861
29414	199	50	9547	14	0	9810
29415	96	9299	114	17	0	9526
29416	61	9429	68	22	0	9580
29417	71	138	36	9278	0	9523
29418	64	61	19	9371	0	9515
29419	9231	28	19	144	0	9422
29420	156	9228	21	51	0	9456
29421	99	9199	15	21	0	9334
29422	109	129	8988	20	0	9246
29423	60	9248	114	8	0	9430
29424	9078	100	52	29	0	9259
29425	140	71	8935	15	0	9161
29426	7600	18	91	53	0	7762
29427	118	34	8545	18	0	8715
29428	6966	13	74	47	0	7100
29429	89	8686	27	19	0	8821
29430	8888	80	30	30	0	9028
29431	116	45	9114	7	0	9282
29432	9014	23	112	37	0	9186
29433	9165	17	31	22	0	9235
29434	121	31	9457	3	0	9612
29435	9486	13	80	28	0	9607
29436	9925	15	28	27	0	9995
29437	9781	7	14	26	0	9828
29438	125	9569	18	10	0	9722
29439	9687	94	9	31	0	9821
29440	130	44	10220	8	0	10402
29441	48	10752	114	32	0	10946
29442	10907	115	50	30	0	11102
29443	10811	45	15	24	0	10895
29444	10954	21	9	18	0	11002
29445	165	10793	17	14	0	10989
29446	74	122	7	12074	0	12277
29447	33	60	11935	161	0	12189
29448	33	21	160	11952	0	12166
29449	23	38	12242	180	0	12483
29450	11538	10	194	87	0	11829
29451	185	12234	75	41	0	12535
29452	88	184	23	11976	0	12271
29453	32	12346	26	171	0	12575
29454	45	196	15	12379	0	12635
29455	44	73	12	12395	0	12524
29456	30	12706	24	245	0	13005
29457	58	213	17	12742	0	13030
29458	53	75	19	13323	0	13470
29459	33	13354	29	271	0	13687
29460	38	13677	31	106	0	13852
29461	59	308	21	13585	0	13973
29462	50	116	13556	230	0	13952
29463	44	13795	235	102	0	14176
29464	74	251	92	13675	0	14092
29465	69	124	14253	256	0	14702
29466	39	14422	276	114	0	14851
29467	14364	273	110	55	0	14802
29468	294	133	14312	39	0	14778
29469	14151	50	269	52	0	14522
29470	311	43	107	14195	0	14656
29471	140	39	40	14413	0	14632
29472	80	40	35	14458	0	14613
29473	47	64	14187	382	0	14680
29474	46	54	14163	153	0	14416
29475	13140	47	367	81	0	13635
29476	289	48	130	14151	0	14618
29477	130	51	14324	299	0	14804
29478	13718	53	282	158	0	14211
29479	301	54	120	14164	0	14639
29480	156	54	53	14264	0	14527
29481	82	60	43	14156	0	14341
29482	45	14222	58	426	0	14751
29483	66	306	43	13797	0	14212
29484	44	14021	51	298	0	14414
29485	59	14448	54	178	0	14739
29486	14276	372	47	98	0	14793
29487	13984	151	52	83	0	14270
29488	14282	74	54	93	0	14503
29489	391	13911	56	84	0	14442
29490	13863	287	50	98	0	14298
29491	13997	136	58	80	0	14271
29492	405	69	55	13703	0	14232
29493	184	52	59	13833	0	14128
29494	75	60	13551	416	0	14102
29495	71	13881	294	190	0	14436
29496	13714	292	137	126	0	14269
29497	13803	139	64	101	0	14107
29498	360	13669	63	126	0	14218
29499	13683	296	57	117	0	14153
29500	13751	131	44	112	0	14038
29501	391	84	58	13301	0	13834
29502	169	13289	69	307	0	13834
29503	94	13583	51	162	0	13890
29504	13173	363	47	113	0	13696
29505	327	147	45	12975	0	13494
29506	173	94	12894	311	0	13472
29507	12371	71	274	194	0	12910
29508	314	107	13094	108	0	13623
29509	148	12873	286	85	0	13392
29510	12793	281	127	99	0	13300
29511	304	146	12940	103	0	13493
29512	182	75	268	13116	0	13641
29513	102	91	13705	315	0	14213
29514	99	13732	293	197	0	14321
29515	102	303	153	13728	0	14286
29516	105	159	13646	303	0	14213
29517	12775	89	255	199	0	13318
29518	284	14114	149	117	0	14664
29519	190	278	59	13628	0	14155
29520	89	14296	64	304	0	14753
29521	14128	297	55	190	0	14670
29522	14115	154	48	118	0	14435
29523	341	14270	70	111	0	14792
29524	184	278	63	13922	0	14447
29525	95	14341	65	299	0	14800
29526	14115	312	99	172	0	14698
29527	301	157	14229	86	0	14773
29528	168	103	14075	82	0	14428
29529	95	13974	301	92	0	14462
29530	76	14074	159	83	0	14392
29531	95	334	71	13684	0	14184
29532	13572	146	61	270	0	14049
29533	13659	65	61	149	0	13934
29534	13284	49	52	127	0	13512
29535	354	13545	77	80	0	14056
29536	170	236	55	13065	0	13526
29537	92	13462	67	235	0	13856
29538	13414	248	47	159	0	13868
29539	292	119	52	13273	0	13736
29540	145	73	12557	227	0	13002
29541	88	12273	216	136	0	12713
29542	12008	212	97	82	0	12399
29543	222	124	11973	53	0	12372
29544	11603	67	185	76	0	11931
29545	210	11860	82	70	0	12222
29546	84	10819	34	39	0	10976
29547	10645	183	22	31	0	10881
29548	144	10806	31	32	0	11013
29549	10482	136	30	32	0	10680
29550	145	10519	29	19	0	10712
29551	10706	139	12	26	0	10883
29552	10732	60	29	42	0	10863
29553	174	54	10998	23	0	11249
29554	84	30	10671	12	0	10797
29555	47	10719	133	33	0	10932
29556	10463	103	60	29	0	10655
29557	116	62	10281	23	0	10482
29558	9680	25	78	29	0	9812
29559	102	68	36	9628	0	9834
29560	50	26	9823	51	0	9950
29561	37	15	9468	33	0	9553
29562	29	23	9885	18	0	9955
29563	18	9910	80	10	0	10018
29564	91	173	142	9504	0	9910
29565	9199	19	12	37	0	9267
29566	37	13	3	9377	0	9430
29567	9486	9	3	59	0	9557
29568	51	9	7	9544	0	9611
29569	9658	8	2	78	0	9746
29570	9469	10	10	51	0	9540
29571	10882	6	9	37	0	10934
29572	112	11133	10	7	0	11262
29573	55	91	11201	8	0	11355
29574	28	54	82	11221	0	11385
29575	79	114	107	6721	0	7021
29576	20	10	20	11596	0	11646
29577	24	9	6	11367	0	11406
29578	12	10935	17	151	0	11115
29579	23	96	10848	69	0	11036
29580	19	11149	85	24	0	11277
29581	28	117	60	10346	0	10551
29582	28	68	28	11124	0	11248
29583	19	33	8	11224	0	11284
29584	20	14	10	11145	0	11189
29585	14	10840	22	150	0	11026
29586	25	10930	16	108	0	11079
29587	21	146	10702	41	0	10910
29588	27	75	97	10801	0	11000
29589	27	31	58	11022	0	11138
29590	25	19	29	11238	0	11311
29591	11144	26	17	181	0	11368
29592	106	11143	14	91	0	11354
29593	81	101	11022	38	0	11242
29594	11028	72	90	40	0	11230
29595	122	26	60	11029	0	11237
29596	11154	30	23	133	0	11340
29597	136	21	14	11179	0	11350
29598	11200	26	21	135	0	11382
29599	136	15	15	11225	0	11391
29600	11103	26	13	139	0	11281
29601	132	18	11468	74	0	11692
29602	93	18	100	11366	0	11577
29603	38	11846	80	116	0	12080
29604	34	111	31	12182	0	12358
29605	12030	84	22	144	0	12280
29606	131	12091	23	95	0	12340
29607	77	132	23	12659	0	12891
29608	46	12574	30	144	0	12794
29609	42	151	21	12650	0	12864
29610	43	86	25	12722	0	12876
29611	28	55	12377	213	0	12673
29612	41	21	138	12180	0	12380
29613	32	38	11768	167	0	12005
29614	25	11487	155	163	0	11830
29615	11540	128	87	67	0	11822
29616	159	107	11553	74	0	11893
29617	11275	34	137	59	0	11505
29618	11586	21	86	67	0	11760
29619	232	25	41	11730	0	12028
29620	113	33	12135	167	0	12448
29621	11768	23	174	141	0	12106
29622	12685	25	101	98	0	12909
29623	263	20	43	12275	0	12601
29624	147	30	22	12385	0	12584
29625	46	12542	22	278	0	12888
29626	53	180	25	12479	0	12737
29627	26	12631	35	208	0	12900
29628	44	199	12359	117	0	12719
29629	28	108	140	12132	0	12408
29630	11936	38	100	200	0	12274
29631	12164	20	26	129	0	12339
29632	219	12170	26	56	0	12471
29633	126	161	12	12538	0	12837
29634	12776	90	22	194	0	13082
29635	162	12416	29	130	0	12737
29636	12551	152	14	59	0	12776
29637	200	107	10	13050	0	13367
29638	13486	32	22	206	0	13746
29639	212	33	14310	137	0	14692
29640	136	14390	221	75	0	14822
29641	14319	201	138	64	0	14722
29642	195	14661	44	82	0	14982
29643	14885	213	26	77	0	15201
29644	15091	128	19	96	0	15334
29645	333	87	15002	55	0	15477
29646	178	22	209	14838	0	15247
29647	15274	36	137	251	0	15698
29648	225	43	15130	163	0	15561
29649	15179	22	223	80	0	15504
29650	262	40	136	15224	0	15662
29651	163	42	14994	270	0	15469
29652	85	29	215	14981	0	15310
29653	14482	35	133	277	0	14927
29654	253	43	14786	169	0	15251
29655	177	36	215	14955	0	15383
29656	102	28	142	15212	0	15484
29657	15293	27	52	387	0	15759
29658	15131	28	32	206	0	15397
29659	367	15303	47	98	0	15815
29660	207	231	31	15360	0	15829
29661	111	154	36	15382	0	15683
29662	87	56	42	15250	0	15435
29663	14931	36	46	372	0	15385
29664	15083	41	42	222	0	15388
29665	430	37	33	14821	0	15321
29666	232	14713	48	257	0	15250
29667	129	226	43	14141	0	14539
29668	94	14731	43	264	0	15132
29669	14480	224	36	208	0	14948
29670	256	14376	66	118	0	14816
29671	13207	169	44	74	0	13494
29672	249	111	33	12824	0	13217
29673	12798	39	41	214	0	13092
29674	229	53	12740	165	0	13187
29675	171	12886	187	89	0	13333
29676	12915	178	145	99	0	13337
29677	13086	106	65	97	0	13354
29678	308	66	51	12671	0	13096
29679	188	12911	59	226	0	13384
29680	127	161	42	13451	0	13781
29681	114	105	54	13490	0	13763
29682	109	48	46	13511	0	13714
29683	13413	44	40	352	0	13849
29684	13510	44	50	194	0	13798
29685	355	48	28	13018	0	13449
29686	197	13122	49	326	0	13694
29687	13421	171	41	196	0	13829
29688	252	130	13231	118	0	13731
29689	207	68	171	13291	0	13737
29690	121	72	13319	236	0	13748
29691	110	57	191	13354	0	13712
29692	117	68	13448	271	0	13904
29693	110	58	202	13346	0	13716
29694	13428	58	118	264	0	13868
29695	13454	67	45	192	0	13758
29696	359	13153	59	104	0	13675
29697	13426	209	37	130	0	13802
29698	296	145	41	13261	0	13743
29699	216	79	37	13361	0	13693
29700	13396	65	46	325	0	13832
29701	273	86	12944	201	0	13504
29702	229	75	12863	125	0	13292
29703	149	67	12639	127	0	12982
29704	12218	57	271	129	0	12675
29705	268	62	12817	113	0	13260
29706	206	63	12270	115	0	12654
29707	11773	42	274	125	0	12214
29708	231	12335	135	145	0	12846
29709	198	159	63	12664	0	13084
29710	125	128	65	12874	0	13192
29711	116	75	12906	313	0	13410
29712	12801	53	181	217	0	13252
29713	13050	43	127	151	0	13371
29714	12466	33	81	158	0	12738
29715	303	53	12885	138	0	13379
29716	12607	35	179	150	0	12971
29717	258	73	12414	125	0	12870
29718	192	12575	167	143	0	13077
29719	130	12593	132	113	0	12968
29720	11974	193	80	120	0	12367
29721	192	11861	65	117	0	12235
29722	157	11870	61	106	0	12194
29723	11784	189	63	112	0	12148
29724	193	11824	64	112	0	12193
29725	11543	148	55	116	0	11862
29726	226	94	57	12066	0	12443
29727	156	67	68	12295	0	12586
29728	127	56	65	12374	0	12622
29729	136	58	66	11924	0	12184
29730	118	12042	82	261	0	12503
29731	12401	171	62	168	0	12802
29732	220	14080	86	96	0	14482
29733	148	13992	98	119	0	14357
29734	104	295	14419	73	0	14891
29735	13659	125	268	114	0	14166
29736	309	52	14974	58	0	15393
29737	185	31	15111	51	0	15378
29738	65	15049	341	56	0	15511
29739	28	14984	115	38	0	15165
29740	14680	358	39	41	0	15118
29741	242	15065	48	52	0	15407
29742	127	236	15538	54	0	15955
29743	38	14436	279	33	0	14786
29744	44	243	15479	23	0	15789
29745	28	101	15019	20	0	15168
29746	14464	20	353	32	0	14869
29747	269	37	15060	14	0	15380
29748	137	18	258	14614	0	15027
29749	14428	11	117	249	0	14805
29750	227	14308	43	160	0	14738
29751	157	232	14732	35	0	15156
29752	14560	102	260	29	0	14951
29753	259	22	109	13944	0	14334
29754	116	13268	51	230	0	13665
29755	29	228	14177	111	0	14545
29756	13739	101	263	32	0	14135
29757	260	27	14144	16	0	14447
29758	130	19	268	13982	0	14399
29759	42	27	13870	255	0	14194
29760	47	23	270	13759	0	14099
29761	13551	12	124	272	0	13959
29762	231	13813	67	136	0	14247
29763	14090	247	21	57	0	14415
29764	272	123	13971	12	0	14378
29765	151	17	273	14016	0	14457
29766	38	29	14303	246	0	14616
29767	14180	25	275	124	0	14604
29768	14377	16	124	45	0	14562
29769	356	14296	53	39	0	14744
29770	14518	261	32	32	0	14843
29771	14572	124	41	25	0	14762
29772	400	32	41	14131	0	14604
29773	158	26	14275	253	0	14712
29774	46	13511	271	143	0	13971
29775	49	273	134	13513	0	13969
29776	13779	115	67	248	0	14209
29777	285	34	13832	113	0	14264
29778	133	35	13960	28	0	14156
29779	26	48	13594	35	0	13703
29780	13115	23	378	33	0	13549
29781	283	28	13394	29	0	13734
29782	13124	18	294	25	0	13461
29783	295	38	12149	17	0	12499
29784	130	13049	276	39	0	13494
29785	61	255	133	12951	0	13400
29786	50	124	13052	268	0	13494
29787	50	12741	306	126	0	13223
29788	40	13119	167	29	0	13355
29789	77	369	54	12861	0	13361
29790	12861	162	35	275	0	13333
29791	308	65	43	12904	0	13320
29792	12610	58	52	267	0	12987
29793	316	64	60	12586	0	13026
29794	161	55	12566	278	0	13060
29795	71	56	12662	137	0	12926
29796	12327	33	419	66	0	12845
29797	12604	54	181	40	0	12879
29798	407	59	12342	40	0	12848
29799	12061	55	303	35	0	12454
29800	298	55	12239	45	0	12637
29801	190	11804	318	35	0	12347
29802	83	11878	200	36	0	12197
29803	69	11794	114	43	0	12020
29804	94	379	99	11387	0	11959
29805	11400	158	87	264	0	11909
29806	11568	74	97	137	0	11876
29807	417	53	103	11300	0	11873
29808	199	73	10791	274	0	11337
29809	90	60	334	10687	0	11171
29810	67	59	10693	296	0	11115
29811	132	36	343	10333	0	10844
29812	10293	48	172	315	0	10828
29813	10480	46	109	154	0	10789
29814	10530	43	90	77	0	10740
29815	10532	33	101	52	0	10718
29816	430	46	80	10113	0	10669
29817	229	34	84	10352	0	10699
29818	10143	42	76	392	0	10653
29819	10354	35	82	157	0	10628
29820	439	35	72	10096	0	10642
29821	227	47	66	10261	0	10601
29822	126	36	57	10191	0	10410
29823	129	29	79	10170	0	10407
29824	9830	41	72	399	0	10342
29825	306	50	9759	188	0	10303
29826	211	29	281	9151	0	9672
29827	9042	25	151	291	0	9509
29828	303	48	8947	162	0	9460
29829	218	35	279	8901	0	9433
29830	108	35	9000	258	0	9401
29831	66	8292	310	152	0	8820
29832	134	220	132	6366	0	6852
29833	5855	83	98	173	0	6209
29834	216	79	56	5317	0	5668
29835	110	5172	68	159	0	5509
29836	67	4931	39	70	0	5107
29837	35	3764	34	28	0	3861
29838	45	3410	42	45	0	3542
29839	2022	190	189	118	0	2519
29840	81	31	118	1396	0	1626
29841	22	6	1271	30	0	1329
29842	19	20	24	1213	0	1276
29843	22	7	1186	24	0	1239
29844	1179	5	22	17	0	1223
29845	34	6	13	1161	0	1214
29846	22	4	5	1194	0	1225
29847	16	6	1	1194	0	1217
29848	18	3	2	1187	0	1210
29849	1170	1	5	41	0	1217
29850	1190	3	8	18	0	1219
29851	33	2	5	1165	0	1205
29852	1131	2	4	38	0	1175
29853	26	1	1105	25	0	1157
29854	21	1089	22	13	0	1145
29855	12	16	13	1104	0	1145
29856	16	11	8	1082	0	1117
29857	8	1068	7	37	0	1120
29858	13	15	8	1019	0	1055
29859	9	27	7	990	0	1033
29860	982	5	7	29	0	1023
29861	19	6	931	15	0	971
29862	12	7	866	7	0	892
29863	777	3	18	9	0	807
29864	16	3	747	13	0	779
29865	329	0	12	4	0	345
29866	239	1	25	3	0	268
29867	13	1	1	177	0	192
29868	2	0	111	4	0	117
29869	101	0	2	2	0	105
29870	4	92	2	0	0	98
29871	85	2	0	2	0	89
29872	72	7	1	5	0	85
29873	33	0	0	2	0	35
29874	19	0	0	1	0	20
29875	14	5	0	2	0	21
29876	14	0	0	2	0	16
29877	13	0	1	2	0	16
29878	12	0	0	2	0	14
29879	3	0	0	1	0	4
29880	2	0	2	0	0	4
29881	0	0	1	2	0	3
29882	1	0	1	1	0	3
29883	1	1	1	0	0	3
29884	0	0	1	2	0	3
29885	0	0	0	1	0	1
29886	0	1	1	1	0	3
29887	0	2	0	1	0	3
29888	1	0	0	1	0	2
29889	1	1	0	1	0	3
29890	0	2	0	1	0	3
29891	0	1	0	0	0	1
29892	0	2	0	1	0	3
29893	0	1	1	0	0	2
29894	1	1	0	1	0	3
29895	1	0	1	1	0	3
29896	1	0	1	1	0	3
29897	0	0	1	2	0	3
29898	0	0	1	2	0	3
29899	1	0	1	1	0	3
29900	1	0	0	2	0	3
29901	1	0	0	2	0	3
29902	1	0	0	2	0	3
29903	0	0	0	3	0	3
29904	2	0	0	1	0	3
29905	2	0	0	0	0	2
29906	1	0	0	1	0	2
29907	1	0	0	1	0	2
29908	1	0	1	0	0	2
