Pos	A	C	G	T	Other	Total
1	0	0	0	0	0	0
2	0	0	0	21	0	21
3	0	0	0	22	0	22
4	20	0	0	2	0	22
5	38	0	0	0	0	38
6	41	0	0	0	0	41
7	1	0	41	0	0	42
8	0	0	43	0	0	43
9	0	0	0	40	0	40
10	0	0	0	43	0	43
11	0	0	0	46	0	46
12	115	0	0	5	0	120
13	3	0	0	560	0	563
14	1032	0	0	16	0	1048
15	1	1609	0	0	0	1610
16	1	3133	2	7	0	3143
17	36	3	0	9891	0	9930
18	12	3	1	10954	0	10970
19	8	14275	5	21	0	14309
20	8	15925	8	25	0	15966
21	1	17857	10	20	0	17888
22	19091	15	71	77	0	19254
23	21	22	19744	9	0	19796
24	19	26	19723	8	0	19776
25	4	5	13	21135	0	21157
26	22639	2	9	60	0	22710
27	22722	1	3	25	0	22751
28	12	23066	21	77	0	23176
29	27667	13	54	126	0	27860
30	29558	8	7	109	0	29682
31	30616	5	8	43	0	30672
32	14	31528	14	33	0	31589
33	8	32354	23	48	0	32433
34	33701	16	6	61	0	33784
35	33820	11	4	43	0	33878
36	16	34853	17	37	0	34923
37	15	37861	51	29	0	37956
38	38054	16	3	53	0	38126
39	37958	15	7	54	0	38034
40	17	38855	20	26	0	38918
41	24	16	2	40314	0	40356
42	17	12	3	40582	0	40614
43	11	10	4	40867	0	40892
44	6	41066	17	62	0	41151
45	48	55	40040	28	0	40171
46	36227	31	32	65	0	36355
47	29	12	14	41175	0	41230
48	24	41604	28	51	0	41707
49	20	30	4	41792	0	41846
50	6	42376	37	59	0	42478
51	13	39	1	42383	0	42436
52	17	27	5	43156	0	43205
53	31	76	43531	55	0	43693
54	21	21	29	42823	0	42894
55	43059	8	25	72	0	43164
56	63	37	43430	51	0	43581
57	41369	17	42	46	0	41474
58	53	23	22	43759	0	43857
59	28	44551	33	103	0	44715
60	29	41	9	44897	0	44976
61	48	83	45128	68	0	45327
62	29	22	33	44262	0	44346
63	29	16	25	45467	0	45537
64	73	46597	33	105	0	46808
65	65	52	15	46931	0	47063
66	71	46967	36	99	0	47173
67	14	67	14	47256	0	47351
68	46941	35	8	86	0	47070
69	46107	28	20	84	0	46239
70	46958	27	24	61	0	47070
71	159	48527	33	77	0	48796
72	81	99	48119	38	0	48337
73	45963	47	65	55	0	46130
74	50400	20	64	48	0	50532
75	162	52748	47	102	0	53059
76	112	193	11	48577	0	48893
77	48	129	23	50825	0	51025
78	33	38	10	50961	0	51042
79	51732	19	19	438	0	52208
80	51615	18	27	274	0	51934
81	51725	25	16	83	0	51849
82	52264	26	25	72	0	52387
83	461	37	19	51225	0	51742
84	247	51741	50	268	0	52306
85	82	231	17	53126	0	53456
86	107	261	53344	294	0	54006
87	61	42	238	54576	0	54917
88	94	61	57024	361	0	57540
89	56	21	353	56256	0	56686
90	84	138	58753	409	0	59384
91	84	70	58647	334	0	59135
92	55	60086	646	298	0	61085
93	74	417	345	63714	0	64550
94	135	357	67191	431	0	68114
95	81	88	417	64083	0	64669
96	40	67911	389	486	0	68826
97	66780	442	69	352	0	67643
98	390	71015	118	140	0	71663
99	386	490	49	68188	0	69113
100	92	71385	88	444	0	72009
101	104	527	68986	376	0	69993
102	164	405	69653	154	0	70376
103	63	70772	790	287	0	71912
104	84	435	400	70356	0	71275
105	249	408	71238	470	0	72365
106	76	71076	506	589	0	72247
107	70540	434	384	162	0	71520
108	461	383	104	70602	0	71550
109	431	169	73475	505	0	74580
110	113	73638	492	476	0	74719
111	115	552	407	73059	0	74133
112	99	381	123	74076	0	74679
113	69478	133	96	841	0	70548
114	511	136	73467	471	0	74585
115	376	92	497	71967	0	72932
116	160	157	72381	580	0	73278
117	80	67121	562	577	0	68340
118	64500	487	422	224	0	65633
119	425	65703	189	193	0	66510
120	407	552	101	61052	0	62112
121	117	63504	138	541	0	64300
122	60648	534	119	429	0	61730
123	455	62585	145	218	0	63403
124	462	577	61122	197	0	62358
125	129	62046	527	198	0	62900
126	59669	531	432	170	0	60802
127	559	519	61288	161	0	62527
128	463	146	524	60733	0	61866
129	58754	156	454	558	0	59922
130	580	120	149	57658	0	58507
131	57821	145	132	639	0	58737
132	57847	143	104	570	0	58664
133	947	130	153	57152	0	58382
134	550	136	131	57242	0	58059
135	56295	138	123	1018	0	57574
136	55597	148	123	619	0	56487
137	1013	132	127	54250	0	55522
138	54305	150	138	685	0	55278
139	54270	138	149	563	0	55120
140	944	54610	204	514	0	56272
141	566	581	140	54784	0	56071
142	55565	497	168	676	0	56906
143	56000	205	144	612	0	56961
144	1001	161	147	55625	0	56934
145	583	164	160	56520	0	57427
146	55525	144	176	1052	0	56897
147	604	56524	199	844	0	58171
148	565	591	181	56485	0	57822
149	278	644	56925	687	0	58534
150	233	191	607	54530	0	55561
151	202	56910	569	687	0	58368
152	235	615	56606	607	0	58063
153	182	506	632	55049	0	56369
154	245	188	510	55178	0	56121
155	258	222	56746	1042	0	58268
156	50896	191	645	739	0	52471
157	629	58762	601	369	0	60361
158	58454	611	253	312	0	59630
159	792	559	58084	311	0	59746
160	604	289	59741	265	0	60899
161	55269	179	1012	318	0	56778
162	656	60113	600	365	0	61734
163	59488	652	188	290	0	60618
164	712	61008	204	292	0	62216
165	595	718	61140	288	0	62741
166	59300	562	593	272	0	60727
167	760	305	62733	263	0	64061
168	570	188	617	61162	0	62537
169	61659	166	512	784	0	63121
170	60978	184	197	611	0	61970
171	962	61866	251	352	0	63431
172	604	1296	184	58917	0	61001
173	274	61273	220	647	0	62414
174	285	603	59288	560	0	60736
175	328	873	589	53910	0	55700
176	247	55828	494	496	0	57065
177	289	432	128	53208	0	54057
178	46922	285	111	560	0	47878
179	432	128	77	52139	0	52776
180	333	52555	137	440	0	53465
181	274	335	105	52627	0	53341
182	192	231	118	52353	0	52894
183	178	53010	134	637	0	53959
184	203	388	111	53149	0	53851
185	238	292	52618	435	0	53583
186	167	52286	361	390	0	53204
187	46059	251	227	277	0	46814
188	327	250	49166	145	0	49888
189	275	124	48229	141	0	48769
190	120	47646	365	141	0	48272
191	359	440	823	45091	0	46713
192	156	183	44530	213	0	45082
193	110	40594	217	205	0	41126
194	149	175	106	40014	0	40444
195	115	162	36	40762	0	41075
196	39373	63	112	254	0	39802
197	174	40392	84	311	0	40961
198	171	196	37243	99	0	37709
199	134	162	38324	101	0	38721
200	84	73	218	37381	0	37756
201	84	76	119	45726	0	46005
202	88	85	52	45988	0	46213
203	76	55840	104	720	0	56740
204	141	654	57615	323	0	58733
205	102	539	682	57872	0	59195
206	57	63333	576	811	0	64777
207	107	64286	169	660	0	65222
208	164	1424	66887	184	0	68659
209	86	701	1037	65259	0	67083
210	147	176	72037	1087	0	73447
211	84	135	1220	69993	0	71432
212	79	141	907	72402	0	73529
213	249	143	71791	1898	0	74081
214	58	72025	1241	1175	0	74499
215	70132	1132	937	308	0	72509
216	1189	913	73384	211	0	75697
217	827	73447	1247	299	0	75820
218	174	74838	961	203	0	76176
219	209	2083	71931	149	0	74372
220	68936	1056	1312	149	0	71453
221	1232	393	1005	63182	0	65812
222	863	73152	402	965	0	75382
223	72285	1296	229	849	0	74659
224	1253	1083	196	67407	0	69939
225	906	71733	277	1260	0	74176
226	71861	1307	254	1021	0	74443
227	1294	1054	71435	374	0	74157
228	891	71500	1398	327	0	74116
229	69830	1346	1018	317	0	72511
230	1129	71817	399	313	0	73658
231	70279	1461	306	212	0	72258
232	1374	1132	309	66655	0	69470
233	913	69102	384	1177	0	71576
234	311	1342	322	69678	0	71653
235	68465	1023	410	1433	0	71331
236	1266	419	68290	1154	0	71129
237	1010	450	69311	478	0	71249
238	429	325	2144	65772	0	68670
239	323	470	1215	67791	0	69799
240	331	439	424	66203	0	67397
241	277	66011	452	2141	0	68881
242	300	1470	64869	1112	0	67751
243	343	1142	1326	60477	0	63288
244	289	63809	1161	1205	0	66464
245	332	64987	418	1076	0	66813
246	455	2106	63971	420	0	66952
247	399	1274	65092	319	0	67084
248	429	627	66555	303	0	67914
249	372	456	2173	62470	0	65471
250	389	485	65514	1299	0	67687
251	427	391	1500	62958	0	65276
252	410	411	64930	1463	0	67214
253	58701	477	1552	1085	0	61815
254	1433	65687	1174	518	0	68812
255	1043	70070	494	516	0	72123
256	526	2349	72709	451	0	76035
257	69640	1296	1560	508	0	73004
258	72683	558	1261	440	0	74942
259	73062	471	585	465	0	74583
260	2616	394	70195	440	0	73645
261	1356	432	71372	505	0	73665
262	440	388	2655	68641	0	72124
263	69615	362	1600	1857	0	73434
264	69431	459	712	1490	0	72092
265	2453	455	67483	701	0	71092
266	67184	552	1881	566	0	70183
267	1657	565	1658	66267	0	70147
268	1228	600	68223	1833	0	71884
269	447	692	68863	1413	0	71415
270	64624	570	3005	738	0	68937
271	1637	516	68627	615	0	71395
272	65434	524	2364	657	0	68979
273	1750	508	68653	602	0	71513
274	1327	65369	2386	817	0	69899
275	625	68347	1925	656	0	71553
276	689	2656	1054	65656	0	70055
277	599	1681	931	68554	0	71765
278	703	802	67685	2578	0	71768
279	697	718	2158	63660	0	67233
280	688	65368	1857	1824	0	69737
281	841	67282	1014	1344	0	70481
282	910	68768	893	603	0	71174
283	935	2812	881	65370	0	69998
284	1151	1626	66231	1719	0	70727
285	874	794	67041	1388	0	70097
286	948	682	3016	63960	0	68606
287	935	619	1779	65080	0	68413
288	1052	605	930	58828	0	61415
289	993	64913	881	2540	0	69327
290	64873	1768	819	1440	0	68900
291	64249	1522	826	761	0	67358
292	2922	64705	830	679	0	69136
293	1814	1902	65479	653	0	69848
294	65329	1520	2021	591	0	69461
295	2200	759	67158	600	0	70717
296	65963	654	2271	535	0	69423
297	66142	613	1838	656	0	69249
298	66531	664	932	746	0	68873
299	65167	623	844	875	0	67509
300	2753	64954	915	1012	0	69634
301	56160	1452	685	823	0	59120
302	1524	57218	863	861	0	60466
303	45121	1197	496	484	0	47298
304	1090	44631	558	550	0	46829
305	802	947	39202	289	0	41240
306	335	3822	1108	32692	0	37957
307	279	36941	828	800	0	38848
308	252	34573	354	603	0	35782
309	31728	1191	773	694	0	34386
310	29037	386	213	232	0	29868
311	768	30595	233	173	0	31769
312	460	436	201	28214	0	29311
313	254	31814	234	432	0	32734
314	31739	459	212	360	0	32770
315	608	384	32134	122	0	33248
316	495	189	608	30791	0	32083
317	269	132	467	30983	0	31851
318	278	102	253	31484	0	32117
319	269	176	31149	703	0	32297
320	268	30986	561	400	0	32215
321	292	31613	431	165	0	32501
322	302	773	211	31584	0	32870
323	261	434	32808	443	0	33946
324	256	265	545	31985	0	33051
325	280	237	445	32541	0	33503
326	291	278	257	32132	0	32958
327	296	222	202	32385	0	33105
328	31421	198	236	752	0	32607
329	518	32177	246	491	0	33432
330	32063	538	290	279	0	33170
331	620	469	32169	239	0	33497
332	532	282	32570	225	0	33609
333	331	258	710	30663	0	31962
334	272	235	468	29832	0	30807
335	228	32654	290	721	0	33893
336	253	522	32917	454	0	34146
337	190	33891	576	315	0	34972
338	239	531	34286	255	0	35311
339	30575	448	561	269	0	31853
340	528	34132	480	260	0	35400
341	479	571	34438	276	0	35764
342	283	529	491	33338	0	34641
343	246	292	34768	547	0	35853
344	212	34604	523	496	0	35835
345	260	550	420	33098	0	34328
346	233	34607	218	725	0	35783
347	293	538	34955	488	0	36274
348	271	511	486	33832	0	35100
349	34113	260	382	558	0	35313
350	547	34333	232	445	0	35557
351	543	567	33679	229	0	35018
352	298	853	487	31666	0	33304
353	275	263	33559	517	0	34614
354	189	190	30378	348	0	31105
355	196	27001	585	176	0	27958
356	173	222	232	22487	0	23114
357	46	139	59	22696	0	22940
358	66	64	57	22711	0	22898
359	71	78	23641	232	0	24022
360	97	67	23312	138	0	23614
361	20127	59	252	88	0	20526
362	153	67	23419	62	0	23701
363	21135	54	206	55	0	21450
364	148	23226	120	80	0	23574
365	123	181	60	21894	0	22258
366	37	23637	62	155	0	23891
367	28	24458	70	164	0	24720
368	48	198	24007	99	0	24352
369	41	137	141	23420	0	23739
370	35	86	24432	141	0	24694
371	40	84	23389	128	0	23641
372	21651	59	211	96	0	22017
373	130	50	23836	83	0	24099
374	96	133	23349	80	0	23658
375	21373	45	188	108	0	21714
376	112	50	23260	99	0	23521
377	105	58	23500	90	0	23753
378	60	61	210	21721	0	22052
379	32	23539	132	145	0	23848
380	41	152	79	23417	0	23689
381	34	116	91	23376	0	23617
382	23579	47	114	233	0	23973
383	121	55	65	23017	0	23258
384	91	24265	65	205	0	24626
385	23689	140	82	166	0	24077
386	126	137	24293	103	0	24659
387	22025	66	181	95	0	22367
388	158	92	25441	83	0	25774
389	128	123	26431	70	0	26752
390	37	27203	307	99	0	27646
391	27157	177	196	103	0	27633
392	156	27883	109	439	0	28587
393	154	198	28963	100	0	29415
394	81	181	210	26108	0	26580
395	31	30124	199	188	0	30542
396	30259	206	126	143	0	30734
397	29843	163	100	85	0	30191
398	278	30678	112	67	0	31135
399	30904	220	103	77	0	31304
400	187	145	120	29727	0	30179
401	107	30858	140	234	0	31339
402	42	194	128	31284	0	31648
403	57	169	98	32815	0	33139
404	33297	94	104	319	0	33814
405	32803	83	113	177	0	33176
406	32689	69	110	104	0	32972
407	351	80	33111	98	0	33640
408	31403	71	292	75	0	31841
409	251	92	221	33504	0	34068
410	160	87	33930	228	0	34405
411	95	60	32236	183	0	32574
412	50	32827	399	101	0	33377
413	29674	208	214	55	0	30151
414	170	31338	64	72	0	31644
415	145	172	42	30886	0	31245
416	66	171	55	31345	0	31637
417	78	58	32387	256	0	32779
418	74	43	227	29611	0	29955
419	58	45	32405	193	0	32701
420	68	52	31809	141	0	32070
421	50	32534	291	67	0	32942
422	65	146	153	31045	0	31409
423	49	88	44	30798	0	30979
424	30874	29	35	221	0	31159
425	177	47	31202	105	0	31531
426	103	32	161	31178	0	31474
427	31469	32	145	188	0	31834
428	157	46	32161	139	0	32503
429	30329	26	184	71	0	30610
430	31753	43	122	50	0	31968
431	272	50	32914	53	0	33289
432	185	42	181	31510	0	31918
433	75	43	126	32688	0	32932
434	80	45	33844	271	0	34240
435	31617	31	196	170	0	32014
436	33655	17	160	73	0	33905
437	32510	39	89	68	0	32706
438	32621	41	74	65	0	32801
439	32031	37	128	83	0	32279
440	280	80	31659	61	0	32080
441	151	62	33467	83	0	33763
442	86	33631	272	113	0	34102
443	96	185	33583	63	0	33927
444	77	181	215	31572	0	32045
445	90	83	175	26745	0	27093
446	80	46	89	33002	0	33217
447	97	54	76	33300	0	33527
448	130	60	33678	306	0	34174
449	110	33275	234	179	0	33798
450	104	35664	185	107	0	36060
451	142	287	95	33196	0	33720
452	87	36189	97	241	0	36614
453	35769	213	93	160	0	36235
454	35443	132	92	104	0	35771
455	352	38664	89	131	0	39236
456	242	211	94	38014	0	38561
457	134	141	96	38811	0	39182
458	145	134	39236	367	0	39882
459	33539	52	295	243	0	34129
460	38211	59	205	108	0	38583
461	383	40161	127	171	0	40842
462	39742	251	114	119	0	40226
463	342	156	41261	128	0	41887
464	225	41011	297	133	0	41666
465	156	42431	218	131	0	42936
466	142	42386	139	144	0	42811
467	154	405	103	41036	0	41698
468	40813	208	108	316	0	41445
469	317	101	95	41936	0	42449
470	275	105	43605	369	0	44354
471	158	90	387	42907	0	43542
472	250	109	45593	421	0	46373
473	164	97	427	42485	0	43173
474	185	130	293	40270	0	40878
475	129	45191	168	501	0	45989
476	45847	349	159	316	0	46671
477	381	248	192	43971	0	44792
478	260	46134	135	409	0	46938
479	46136	389	140	330	0	46995
480	41758	271	170	179	0	42378
481	45565	157	126	169	0	46017
482	538	46355	130	215	0	47238
483	327	387	46190	196	0	47100
484	184	267	381	45550	0	46382
485	163	295	276	43916	0	44650
486	141	45985	198	568	0	46892
487	189	388	46214	313	0	47104
488	219	265	46059	176	0	46719
489	42022	109	517	177	0	42825
490	429	227	345	44191	0	45192
491	327	137	46556	363	0	47383
492	161	47715	351	319	0	48546
493	254	397	240	42400	0	43291
494	158	46825	174	412	0	47569
495	174	436	46254	247	0	47111
496	42053	251	364	196	0	42864
497	45050	114	263	163	0	45590
498	489	46252	154	336	0	47231
499	307	325	100	45497	0	46229
500	221	247	45834	378	0	46680
501	158	45376	384	301	0	46219
502	43616	324	293	161	0	44394
503	302	43917	134	146	0	44499
504	203	43939	113	155	0	44410
505	241	438	84	41722	0	42485
506	78	43697	100	298	0	44173
507	43113	313	85	213	0	43724
508	322	269	104	43014	0	43709
509	206	115	42045	288	0	42654
510	106	111	40723	182	0	41122
511	100	124	359	39650	0	40233
512	75	41308	210	251	0	41844
513	41226	277	95	193	0	41791
514	296	207	57	40308	0	40868
515	199	126	40806	272	0	41403
516	83	114	266	40024	0	40487
517	75	95	187	40419	0	40776
518	39984	113	97	377	0	40571
519	270	104	71	38559	0	39004
520	216	127	39530	270	0	40143
521	117	119	39209	208	0	39653
522	95	95	372	39003	0	39565
523	85	92	214	39604	0	39995
524	99	122	41055	365	0	41641
525	35005	131	281	299	0	35716
526	295	143	40741	127	0	41306
527	183	40322	308	152	0	40965
528	122	271	194	40265	0	40852
529	119	213	40783	297	0	41412
530	125	122	40484	212	0	40943
531	101	210	397	38519	0	39227
532	38941	73	228	318	0	39560
533	285	106	40191	250	0	40832
534	179	39897	329	160	0	40565
535	40370	279	207	146	0	41002
536	286	215	40738	144	0	41383
537	38076	151	317	169	0	38713
538	40182	81	243	147	0	40653
539	374	41817	166	188	0	42545
540	249	274	137	37837	0	38497
541	105	41238	140	276	0	41759
542	116	319	40168	213	0	40816
543	38173	215	384	129	0	38901
544	41245	136	241	151	0	41773
545	442	123	42353	138	0	43056
546	266	148	42346	132	0	42892
547	119	43789	485	114	0	44507
548	43899	293	281	116	0	44589
549	347	254	149	42359	0	43109
550	294	139	129	39210	0	39772
551	115	42519	153	410	0	43197
552	41182	302	143	245	0	41872
553	324	262	42228	119	0	42933
554	241	145	338	45037	0	45761
555	44872	110	266	433	0	45681
556	447	46046	165	462	0	47120
557	320	454	53477	145	0	54396
558	160	282	54357	82	0	54881
559	164	518	894	49023	0	50599
560	98	53880	397	532	0	54907
561	142	617	54886	338	0	55983
562	101	362	648	53094	0	54205
563	54688	90	397	625	0	55800
564	645	109	56811	332	0	57897
565	375	110	682	54866	0	56033
566	130	93	57621	658	0	58502
567	225	95	58115	384	0	58819
568	106	401	1158	55082	0	56747
569	75	97	57104	633	0	57909
570	46457	49	819	410	0	47735
571	599	69	55526	98	0	56292
572	49592	34	658	80	0	50364
573	560	53732	413	95	0	54800
574	54541	569	129	93	0	55332
575	555	56556	120	115	0	57346
576	356	586	96	55419	0	56457
577	105	321	88	57718	0	58232
578	117	84	57085	911	0	58197
579	99	88	57654	381	0	58222
580	97	58	1013	57438	0	58606
581	104	80	58369	701	0	59254
582	117	117	749	52834	0	53817
583	99	57019	515	700	0	58333
584	117	58778	257	424	0	59576
585	113	972	222	57156	0	58463
586	108	443	190	58169	0	58910
587	122	168	57322	983	0	58595
588	106	203	730	53408	0	54447
589	94	55763	467	688	0	57012
590	107	55996	250	446	0	56799
591	86	55551	222	236	0	56095
592	125	1049	210	48779	0	50163
593	90	52762	268	635	0	53755
594	51522	648	399	412	0	52981
595	657	382	245	51458	0	52742
596	399	282	51941	726	0	53348
597	184	98	815	51030	0	52127
598	180	136	52810	733	0	53859
599	171	169	53126	446	0	53912
600	182	158	53728	226	0	54294
601	126	51842	1140	341	0	53449
602	184	779	52806	334	0	54103
603	51138	429	820	264	0	52651
604	52660	169	572	237	0	53638
605	53427	163	359	278	0	54227
606	990	145	316	52672	0	54123
607	52268	157	361	798	0	53584
608	687	51910	381	586	0	53564
609	428	53977	362	334	0	55101
610	53462	1016	326	317	0	55121
611	741	528	54821	282	0	56372
612	469	260	885	53585	0	55199
613	237	252	55691	840	0	57020
614	190	417	55984	595	0	57186
615	148	55440	1184	400	0	57172
616	150	852	639	51906	0	53547
617	162	561	387	55570	0	56680
618	54705	284	319	1155	0	56463
619	669	55486	392	780	0	57327
620	515	56328	405	431	0	57679
621	330	1118	55501	377	0	57326
622	217	56446	999	358	0	58020
623	54632	896	754	347	0	56629
624	54592	629	494	396	0	56111
625	1001	393	56459	390	0	58243
626	486	337	56895	386	0	58104
627	226	320	1395	52985	0	54926
628	274	323	863	53305	0	54765
629	252	55185	608	1263	0	57308
630	311	876	497	54965	0	56649
631	342	573	527	54128	0	55570
632	303	54933	512	1270	0	57018
633	331	855	469	54254	0	55909
634	280	615	579	51937	0	53411
635	258	52267	541	1257	0	54323
636	334	833	52175	734	0	54076
637	347	571	1139	52614	0	54671
638	52875	387	754	968	0	54984
639	52191	385	553	594	0	53723
640	1188	454	52151	371	0	54164
641	50419	473	969	370	0	52231
642	51719	429	597	446	0	53191
643	1032	52093	444	538	0	54107
644	607	858	50467	470	0	52402
645	304	686	50952	481	0	52423
646	264	507	1243	49949	0	51963
647	51247	352	800	1053	0	53452
648	52734	363	526	605	0	54228
649	1040	394	468	54328	0	56230
650	58399	341	386	997	0	60123
651	59020	384	439	653	0	60496
652	57440	400	580	437	0	58857
653	1225	470	59151	442	0	61288
654	573	315	57540	348	0	58776
655	53553	367	1063	328	0	55311
656	697	287	56001	313	0	57298
657	323	49205	463	151	0	50142
658	277	658	920	46521	0	48376
659	145	292	49887	345	0	50669
660	140	124	48882	251	0	49397
661	194	530	622	45062	0	46408
662	90	63	47550	387	0	48090
663	80	81	46502	243	0	46906
664	49	43465	502	118	0	44134
665	80	45031	240	93	0	45444
666	43899	389	186	45	0	44519
667	304	250	45	43564	0	44163
668	43420	56	54	259	0	43789
669	293	54	45260	171	0	45778
670	210	46	275	43646	0	44177
671	95	105	177	45050	0	45427
672	42713	44	77	424	0	43258
673	250	45373	71	249	0	45943
674	283	288	43352	76	0	43999
675	167	219	44067	49	0	44502
676	32	44983	452	127	0	45594
677	178	245	43805	74	0	44302
678	35	44562	293	119	0	45009
679	127	42604	178	64	0	42973
680	80	339	40191	31	0	40641
681	37246	163	247	30	0	37686
682	227	48	162	41756	0	42193
683	161	44055	74	235	0	44525
684	60	203	57	42761	0	43081
685	43104	151	64	215	0	43534
686	40877	34	52	176	0	41139
687	40971	20	59	80	0	41130
688	315	44	41065	44	0	41468
689	160	43	225	38878	0	39306
690	31	42135	202	205	0	42573
691	43186	195	79	156	0	43616
692	198	158	57	43871	0	44284
693	151	59	61	43811	0	44082
694	63	55	48	45160	0	45326
695	54	73	46702	356	0	47185
696	39894	44	254	253	0	40445
697	234	47551	189	75	0	48049
698	186	205	58	46725	0	47174
699	69	189	60	47080	0	47398
700	45746	44	85	421	0	46296
701	270	63	47514	202	0	48049
702	221	58	48645	105	0	49029
703	114	48161	424	97	0	48796
704	96	269	49301	51	0	49717
705	41000	192	391	117	0	41700
706	264	49975	240	147	0	50626
707	208	318	50252	56	0	50834
708	40850	203	451	122	0	41626
709	321	86	52379	114	0	52900
710	233	52290	351	103	0	52977
711	120	300	238	51815	0	52473
712	142	195	115	52976	0	53428
713	143	93	52301	432	0	52969
714	149	100	51666	234	0	52149
715	124	51325	511	134	0	52094
716	48786	285	291	112	0	49474
717	312	52310	194	139	0	52955
718	272	334	151	50720	0	51477
719	135	249	51798	335	0	52517
720	44007	115	465	258	0	44845
721	358	84	313	49959	0	50714
722	241	50895	218	346	0	51700
723	118	52400	225	251	0	52994
724	99	473	183	51513	0	52268
725	118	288	146	52332	0	52884
726	50755	134	157	497	0	51543
727	337	127	143	52577	0	53184
728	252	132	53021	396	0	53801
729	49577	84	436	302	0	50399
730	52751	108	336	146	0	53341
731	512	153	53803	147	0	54615
732	49573	138	452	120	0	50283
733	399	163	284	55027	0	55873
734	281	144	134	55664	0	56223
735	163	135	139	55914	0	56351
736	193	110	147	54203	0	54653
737	124	55982	189	604	0	56899
738	56690	405	178	302	0	57575
739	58232	301	166	223	0	58922
740	618	185	61218	150	0	62171
741	60228	140	463	189	0	61020
742	63721	137	341	155	0	64354
743	65015	141	168	159	0	65483
744	66558	144	175	143	0	67020
745	770	66471	195	159	0	67595
746	389	632	94	64401	0	65516
747	234	313	65007	470	0	66024
748	267	131	62853	294	0	63545
749	54669	470	984	186	0	56309
750	56659	118	379	78	0	57234
751	519	56179	157	106	0	56961
752	56413	360	85	87	0	56945
753	409	57314	58	116	0	57897
754	269	392	61	55911	0	56633
755	58208	190	101	408	0	58907
756	56790	95	76	245	0	57206
757	57368	56	65	113	0	57602
758	563	57851	110	100	0	58624
759	57526	364	55	91	0	58036
760	462	200	61	58005	0	58728
761	58683	76	90	413	0	59262
762	489	115	58332	225	0	59161
763	270	59563	438	139	0	60410
764	59213	372	215	68	0	59868
765	485	236	60210	69	0	61000
766	292	198	414	58404	0	59308
767	261	94	61417	417	0	62189
768	178	98	61411	233	0	61920
769	185	74	591	58369	0	59219
770	209	118	61887	400	0	62614
771	147	150	435	60018	0	60750
772	195	80	245	61054	0	61574
773	60669	112	116	585	0	61482
774	464	62175	136	327	0	63102
775	294	64227	152	181	0	64854
776	200	66080	137	126	0	66543
777	361	646	64863	101	0	65971
778	171	306	478	64025	0	64980
779	186	212	67094	502	0	67994
780	60269	318	576	310	0	61473
781	64452	90	297	145	0	64984
782	626	66960	167	227	0	67980
783	374	488	128	63817	0	64807
784	179	67360	131	456	0	68126
785	66884	472	128	263	0	67747
786	555	285	127	66470	0	67437
787	357	183	67401	491	0	68432
788	198	66559	507	360	0	67624
789	253	505	67642	193	0	68593
790	174	269	532	65340	0	66315
791	207	190	66833	511	0	67741
792	60585	128	577	334	0	61624
793	606	192	66949	193	0	67940
794	345	67153	559	172	0	68229
795	206	497	334	65792	0	66829
796	197	303	195	67672	0	68367
797	66880	160	181	657	0	67878
798	66400	114	253	363	0	67130
799	671	67019	194	280	0	68164
800	410	466	66722	145	0	67743
801	233	361	65714	146	0	66454
802	63000	157	714	179	0	64050
803	697	209	66336	238	0	67480
804	397	200	65207	150	0	65954
805	298	161	66301	189	0	66949
806	286	174	65882	169	0	66511
807	217	66247	743	189	0	67396
808	65920	525	431	185	0	67061
809	708	369	222	63066	0	64365
810	63858	181	229	505	0	64773
811	616	63760	262	367	0	65005
812	62982	545	229	218	0	63974
813	606	67054	284	231	0	68175
814	471	571	254	65372	0	66668
815	304	70340	271	617	0	71532
816	325	675	69520	381	0	70901
817	247	72299	711	244	0	73501
818	304	682	473	76245	0	77704
819	76893	418	284	725	0	78320
820	800	243	252	76977	0	78272
821	588	285	78220	793	0	79886
822	340	222	795	73231	0	74588
823	298	78276	549	720	0	79843
824	307	794	78207	459	0	79767
825	74558	479	800	284	0	76121
826	805	330	579	79799	0	81513
827	80022	229	352	808	0	81411
828	78154	252	339	571	0	79316
829	996	80464	375	368	0	82203
830	79809	760	361	262	0	81192
831	78756	521	340	312	0	79929
832	1023	80202	379	416	0	82020
833	522	797	350	80120	0	81789
834	312	566	401	78702	0	79981
835	240	80158	352	1072	0	81822
836	265	773	345	80698	0	82081
837	264	551	80246	797	0	81858
838	306	518	860	77857	0	79541
839	351	276	78644	810	0	80081
840	312	271	73802	510	0	74895
841	253	74374	979	385	0	75991
842	206	74517	531	304	0	75558
843	336	75772	344	246	0	76698
844	663	986	429	70976	0	73054
845	237	473	72892	571	0	74173
846	67578	198	664	427	0	68867
847	612	149	469	73418	0	74648
848	406	208	74148	577	0	75339
849	230	201	74151	401	0	74983
850	155	74714	905	252	0	76026
851	165	599	465	73267	0	74496
852	72086	437	214	574	0	73311
853	510	72898	267	526	0	74201
854	386	72667	220	303	0	73576
855	153	71833	222	225	0	72433
856	140	1014	196	69985	0	71335
857	122	73802	253	592	0	74769
858	149	702	200	78049	0	79100
859	149	435	172	79839	0	80595
860	216	244	78544	1046	0	80050
861	62030	223	857	767	0	63877
862	733	253	80181	209	0	81376
863	496	248	766	76958	0	78468
864	247	218	79815	844	0	81124
865	103	78981	813	648	0	80545
866	78199	816	772	281	0	80068
867	723	567	216	75236	0	76742
868	482	205	215	77017	0	77919
869	77743	146	195	1067	0	79151
870	76790	150	163	606	0	77709
871	79212	171	167	321	0	79871
872	1162	209	79338	178	0	80887
873	69959	195	729	224	0	71107
874	708	78173	539	207	0	79627
875	471	77865	209	215	0	78760
876	202	1279	135	73501	0	75117
877	163	586	128	70481	0	71358
878	156	73558	173	1067	0	74954
879	198	760	147	72636	0	73741
880	69150	518	227	871	0	70766
881	779	305	72600	603	0	74287
882	496	72347	779	359	0	73981
883	67256	770	527	269	0	68822
884	638	70732	349	433	0	72152
885	518	857	70784	276	0	72435
886	215	646	737	68602	0	70200
887	231	330	71248	818	0	72627
888	210	69980	810	685	0	71685
889	232	769	547	68595	0	70143
890	258	572	69931	778	0	71539
891	305	344	70390	568	0	71607
892	242	266	1097	67326	0	68931
893	69992	244	606	779	0	71621
894	69569	259	254	624	0	70706
895	70062	270	263	338	0	70933
896	1174	280	71678	344	0	73476
897	606	71748	774	368	0	73496
898	294	818	548	70190	0	71850
899	266	618	299	66576	0	67759
900	223	71301	273	1135	0	72932
901	70065	791	245	723	0	71824
902	734	595	251	70908	0	72488
903	613	322	71771	881	0	73587
904	293	71917	840	703	0	73753
905	67351	805	640	384	0	69180
906	713	71100	405	426	0	72644
907	597	849	350	68765	0	70561
908	338	660	357	69523	0	70878
909	314	414	379	69023	0	70130
910	341	374	70195	1278	0	72188
911	364	316	863	64913	0	66456
912	376	68413	773	963	0	70525
913	423	66265	436	860	0	67984
914	485	1064	64133	448	0	66130
915	59294	620	871	473	0	61258
916	61944	386	700	454	0	63484
917	1068	61879	382	471	0	63800
918	56539	642	314	368	0	57863
919	55602	510	257	389	0	56758
920	976	58697	313	466	0	60452
921	694	683	289	58681	0	60347
922	491	618	61523	732	0	63364
923	496	439	59438	591	0	60964
924	57973	365	1079	439	0	59856
925	715	61317	624	586	0	63242
926	611	761	340	60938	0	62650
927	421	673	280	61712	0	63086
928	432	409	313	61611	0	62765
929	59724	338	309	1254	0	61625
930	848	368	319	60554	0	62089
931	722	386	332	60591	0	62031
932	487	512	58978	1076	0	61053
933	52795	345	760	740	0	54640
934	770	58555	714	470	0	60509
935	57635	775	389	387	0	59186
936	774	57564	364	433	0	59135
937	630	809	346	54886	0	56671
938	57344	637	366	784	0	59131
939	56849	347	392	696	0	58284
940	1006	438	56895	418	0	58757
941	54718	366	763	457	0	56304
942	821	351	57723	382	0	59277
943	678	322	55744	334	0	57078
944	430	390	55884	344	0	57048
945	412	374	60228	354	0	61368
946	382	424	1174	58878	0	60858
947	403	340	61744	856	0	63343
948	334	319	944	60291	0	61888
949	60590	327	655	1008	0	62580
950	862	359	376	60464	0	62061
951	57681	327	342	1075	0	59425
952	804	59972	393	852	0	62021
953	640	913	371	59410	0	61334
954	571	690	58106	970	0	60337
955	343	61963	841	888	0	64035
956	404	1124	610	60330	0	62468
957	437	614	61123	908	0	63082
958	254	58792	778	584	0	60408
959	213	58573	460	339	0	59585
960	333	1167	57692	328	0	59520
961	155	862	800	54780	0	56597
962	160	248	56117	769	0	57294
963	51462	100	760	443	0	52765
964	54336	74	419	172	0	55001
965	957	54509	190	173	0	55829
966	54525	678	129	129	0	55461
967	730	423	97	54385	0	55635
968	475	152	54234	709	0	55570
969	49905	99	751	487	0	51242
970	758	104	53520	232	0	54614
971	403	52326	742	157	0	53628
972	52616	646	476	106	0	53844
973	737	389	113	51998	0	53237
974	526	138	52643	619	0	53926
975	51473	70	679	412	0	52634
976	52178	75	422	142	0	52817
977	52580	76	132	121	0	52909
978	1038	66	123	52059	0	53286
979	452	68	107	53142	0	53769
980	170	105	52861	1039	0	54175
981	111	52362	737	543	0	53753
982	135	648	439	50736	0	51958
983	139	384	145	52746	0	53414
984	151	140	52765	988	0	54044
985	175	112	52571	467	0	53325
986	127	76	1034	51683	0	52920
987	50402	82	492	730	0	51706
988	665	51895	224	506	0	53290
989	51306	681	173	172	0	52332
990	704	51638	209	236	0	52787
991	492	747	50603	162	0	52004
992	189	493	51523	157	0	52362
993	48530	216	1158	165	0	50069
994	53026	131	524	224	0	53905
995	1133	53278	273	309	0	54993
996	642	755	51677	249	0	53323
997	310	452	825	50722	0	52309
998	260	192	544	48963	0	49959
999	239	51708	287	1173	0	53407
1000	226	830	180	51573	0	52809
1001	208	527	52151	907	0	53793
1002	49708	194	913	592	0	51407
1003	50904	159	599	255	0	51917
1004	51187	184	291	197	0	51859
1005	51987	176	231	210	0	52604
1006	1393	197	50754	195	0	52539
1007	49915	128	939	237	0	51219
1008	1065	175	51016	190	0	52446
1009	703	50299	1027	238	0	52267
1010	356	811	687	50209	0	52063
1011	51195	537	322	859	0	52913
1012	1046	181	316	53326	0	54869
1013	630	204	53631	1029	0	55494
1014	52395	171	1070	638	0	54274
1015	53615	180	693	334	0	54822
1016	1449	152	318	52809	0	54728
1017	737	175	279	53741	0	54932
1018	387	197	53174	1430	0	55188
1019	306	53126	1040	878	0	55350
1020	50371	888	664	334	0	52257
1021	1000	620	48428	232	0	50280
1022	45251	243	915	232	0	46641
1023	1000	46754	679	241	0	48674
1024	45853	831	310	191	0	47185
1025	1027	45490	312	223	0	47052
1026	718	45942	308	251	0	47219
1027	436	1257	284	44223	0	46200
1028	354	613	236	45540	0	46743
1029	322	267	276	45973	0	46838
1030	319	204	251	46339	0	47113
1031	336	187	45221	1353	0	47097
1032	43761	188	872	749	0	45570
1033	45773	165	642	343	0	46923
1034	46695	164	310	332	0	47501
1035	1478	122	314	45233	0	47147
1036	882	152	252	46082	0	47368
1037	45817	181	261	1278	0	47537
1038	46046	166	250	680	0	47142
1039	46564	142	271	341	0	47318
1040	1420	206	285	44706	0	46617
1041	769	256	256	43947	0	45228
1042	444	197	42979	1248	0	44868
1043	369	196	42490	659	0	43714
1044	333	41618	1203	389	0	43543
1045	35327	1113	992	420	0	37852
1046	34803	397	439	255	0	35894
1047	34796	140	263	261	0	35460
1048	978	148	34865	217	0	36208
1049	34290	138	594	257	0	35279
1050	34964	124	434	232	0	35754
1051	35292	154	208	234	0	35888
1052	1010	142	216	34123	0	35491
1053	603	130	203	34478	0	35414
1054	377	109	217	34154	0	34857
1055	315	130	31934	843	0	33222
1056	28111	114	466	463	0	29154
1057	618	29894	420	208	0	31140
1058	25100	313	91	113	0	25617
1059	435	24822	111	144	0	25512
1060	340	24818	106	141	0	25405
1061	219	542	128	24364	0	25253
1062	276	270	227	23431	0	24204
1063	185	23958	101	529	0	24773
1064	23489	294	86	282	0	24151
1065	23265	218	84	173	0	23740
1066	506	74	96	22900	0	23576
1067	361	76	23014	333	0	23784
1068	215	82	22762	259	0	23318
1069	218	70	23876	143	0	24307
1070	237	74	23462	110	0	23883
1071	21449	110	496	275	0	22330
1072	21879	50	238	111	0	22278
1073	475	48	102	21504	0	22129
1074	331	57	21454	321	0	22163
1075	184	57	284	21584	0	22109
1076	157	22541	240	310	0	23248
1077	169	25077	107	266	0	25619
1078	24994	397	104	197	0	25692
1079	24959	232	68	122	0	25381
1080	25149	114	56	132	0	25451
1081	530	83	82	24703	0	25398
1082	298	89	72	25122	0	25581
1083	175	84	63	25497	0	25819
1084	177	52	67	25530	0	25826
1085	191	71	25288	477	0	26027
1086	173	59	245	25091	0	25568
1087	26226	51	218	342	0	26837
1088	343	56	96	26212	0	26707
1089	302	50	86	26469	0	26907
1090	165	105	118	26134	0	26522
1091	131	25873	112	534	0	26650
1092	156	25909	97	301	0	26463
1093	148	26224	84	152	0	26608
1094	165	342	92	24034	0	24633
1095	122	154	56	24444	0	24776
1096	24286	50	52	363	0	24751
1097	24239	38	57	239	0	24573
1098	24452	51	53	119	0	24675
1099	379	55	54	24323	0	24811
1100	245	47	40	24004	0	24336
1101	134	24441	61	320	0	24956
1102	126	25166	53	225	0	25570
1103	24690	261	46	113	0	25110
1104	241	178	31	24311	0	24761
1105	24394	37	40	230	0	24701
1106	24835	24	45	221	0	25125
1107	313	38	45	24245	0	24641
1108	198	26151	79	206	0	26634
1109	26326	145	41	233	0	26745
1110	26926	136	40	143	0	27245
1111	306	77	28129	92	0	28604
1112	25141	42	80	51	0	25314
1113	115	26075	120	66	0	26376
1114	113	82	17	26822	0	27034
1115	30408	95	20	170	0	30693
1116	156	21	18	30877	0	31072
1117	165	17	20	30473	0	30675
1118	48	31053	36	273	0	31410
1119	30732	124	9	187	0	31052
1120	30912	142	11	79	0	31144
1121	253	31187	29	78	0	31547
1122	208	33559	35	56	0	33858
1123	33596	234	41	61	0	33932
1124	33227	156	26	40	0	33449
1125	288	65	32787	56	0	33196
1126	203	65	31357	50	0	31675
1127	72	41	34299	54	0	34466
1128	45	17	266	34030	0	34358
1129	58	23	154	34804	0	35039
1130	41	39	34907	262	0	35249
1131	33508	18	130	207	0	33863
1132	36109	24	136	86	0	36355
1133	36366	20	42	67	0	36495
1134	35887	25	17	55	0	35984
1135	314	54	40027	42	0	40437
1136	39832	25	130	93	0	40080
1137	41684	22	472	106	0	42284
1138	42211	21	49	81	0	42362
1139	42270	25	20	51	0	42366
1140	41773	27	31	80	0	41911
1141	328	68	43490	61	0	43947
1142	182	44059	147	74	0	44462
1143	94	139	138	44103	0	44474
1144	74	142	50	44522	0	44788
1145	82	64	44489	275	0	44910
1146	40789	39	163	238	0	41229
1147	184	38	141	44248	0	44611
1148	236	62	45744	164	0	46206
1149	128	76	44645	187	0	45036
1150	70	47598	288	115	0	48071
1151	114	154	187	48300	0	48755
1152	105	147	60	48890	0	49202
1153	96	61	41	48939	0	49137
1154	48899	21	54	334	0	49308
1155	197	36	50	48891	0	49174
1156	226	58	48758	250	0	49292
1157	139	60	46160	210	0	46569
1158	129	62	52738	107	0	53036
1159	133	51	299	52802	0	53285
1160	54869	35	194	184	0	55282
1161	229	75	55594	174	0	56072
1162	53507	32	155	114	0	53808
1163	63463	42	233	240	0	63978
1164	420	39	94	65057	0	65610
1165	290	40	56	66154	0	66540
1166	122	67454	96	430	0	68102
1167	140	182	67319	227	0	67868
1168	64034	179	196	148	0	64557
1169	249	67	193	68903	0	69412
1170	229	69200	138	455	0	70022
1171	144	203	57	69863	0	70267
1172	123	343	69919	274	0	70659
1173	123	70	226	67894	0	68313
1174	104	69708	272	329	0	70413
1175	104	178	99	69027	0	69408
1176	68349	160	103	283	0	68895
1177	231	82	85	67468	0	67866
1178	225	67303	109	277	0	67914
1179	124	68081	82	294	0	68581
1180	64019	297	69	186	0	64571
1181	270	222	68112	103	0	68707
1182	255	94	207	67010	0	67566
1183	141	68	202	69321	0	69732
1184	137	85	70727	349	0	71298
1185	95	71003	244	447	0	71789
1186	159	238	71193	158	0	71748
1187	116	278	273	68521	0	69188
1188	82	74048	232	317	0	74679
1189	75069	173	146	265	0	75653
1190	189	76014	119	264	0	76586
1191	165	77339	112	247	0	77863
1192	77903	236	131	149	0	78419
1193	80176	155	97	223	0	80651
1194	81779	62	71	166	0	82078
1195	308	60	63	82189	0	82620
1196	228	99	82741	272	0	83340
1197	79225	47	199	274	0	79745
1198	86554	65	180	186	0	86985
1199	392	68	93	90390	0	90943
1200	274	152	91445	310	0	92181
1201	96	91322	288	363	0	92069
1202	90592	246	222	176	0	91236
1203	93851	236	98	229	0	94414
1204	418	97014	120	185	0	97737
1205	248	99668	97	165	0	100178
1206	99385	430	47	156	0	100018
1207	98399	261	60	138	0	98858
1208	97872	88	47	120	0	98127
1209	483	53	70	97312	0	97918
1210	335	259	100132	292	0	101018
1211	142	77	280	97325	0	97824
1212	148	231	99633	352	0	100364
1213	84	99070	331	355	0	99840
1214	89	99906	267	185	0	100447
1215	253	456	112	94267	0	95088
1216	100	188	41	96484	0	96813
1217	89	115	46	94218	0	94468
1218	60	97408	105	404	0	97977
1219	95823	225	62	250	0	96360
1220	93385	204	49	117	0	93755
1221	372	98214	101	258	0	98945
1222	244	241	33	94437	0	94955
1223	95	96727	94	276	0	97192
1224	132	291	35	95668	0	96126
1225	101	97585	76	301	0	98063
1226	97068	246	87	287	0	97688
1227	258	193	57	95953	0	96461
1228	264	152	95701	282	0	96399
1229	91544	90	237	296	0	92167
1230	94819	92	212	178	0	95301
1231	413	163	96028	120	0	96724
1232	251	120	216	94124	0	94711
1233	184	162	97398	300	0	98044
1234	139	105	226	96167	0	96637
1235	147	183	94720	296	0	95346
1236	86638	125	362	300	0	87425
1237	282	118	176	92112	0	92688
1238	228	94052	113	355	0	94748
1239	95430	303	62	310	0	96105
1240	323	264	62	96705	0	97354
1241	267	134	69	95693	0	96163
1242	218	208	95477	460	0	96363
1243	162	175	262	96656	0	97255
1244	240	191	101698	507	0	102636
1245	290	206	103735	324	0	104555
1246	209	108	572	105106	0	105995
1247	228	181	115672	441	0	116522
1248	108573	138	619	450	0	109780
1249	130528	150	409	218	0	131305
1250	129990	198	176	204	0	130568
1251	1537	142383	201	326	0	144447
1252	872	1161	128	141023	0	143184
1253	427	926	128	130690	0	132171
1254	277	146229	190	1640	0	148336
1255	143464	1139	177	815	0	145595
1256	1224	738	136	141405	0	143503
1257	905	363	148875	1245	0	151388
1258	448	279	142844	901	0	144472
1259	210	141642	1849	699	0	144400
1260	141447	1157	880	319	0	143803
1261	1325	912	142957	283	0	145477
1262	124235	321	1315	412	0	126283
1263	1194	127331	983	615	0	130123
1264	882	1152	134311	326	0	136671
1265	382	848	133887	247	0	135364
1266	522	370	136455	240	0	137587
1267	312	131199	2003	455	0	133969
1268	442	1273	132973	259	0	134947
1269	126095	768	1328	305	0	128496
1270	1220	339	810	129230	0	131599
1271	835	235	322	134042	0	135434
1272	353	220	243	134939	0	135755
1273	302	277	213	135535	0	136327
1274	369	284	134902	2013	0	137568
1275	326	185	1266	131859	0	133636
1276	320	210	870	134062	0	135462
1277	133114	164	383	1948	0	135609
1278	134456	186	333	1065	0	136040
1279	130507	175	374	543	0	131599
1280	1970	275	135316	402	0	137963
1281	977	137613	1407	499	0	140496
1282	397	140973	1041	470	0	142881
1283	127966	2029	429	400	0	130824
1284	1231	137471	460	469	0	139631
1285	991	1536	286	134684	0	137497
1286	479	958	302	137607	0	139346
1287	404	465	137149	2171	0	140189
1288	313	132803	1583	1325	0	136024
1289	357	1460	132858	555	0	135230
1290	125481	857	1663	503	0	128504
1291	132042	314	1075	489	0	133920
1292	2113	228	497	131670	0	134508
1293	1101	220	485	129651	0	131457
1294	468	237	434	129726	0	130865
1295	473	219	403	130619	0	131714
1296	522	303	130203	2367	0	133395
1297	529	534	1559	125385	0	128007
1298	415	292	127503	1715	0	129925
1299	411	269	123230	1113	0	125023
1300	289	122783	2268	677	0	126017
1301	122207	1478	1203	468	0	125356
1302	1423	127457	624	508	0	130012
1303	1029	1697	505	117841	0	121072
1304	470	1056	128290	1505	0	131321
1305	119203	359	1786	1127	0	122475
1306	1706	399	126729	519	0	129353
1307	123959	305	1955	504	0	126723
1308	125745	287	1284	525	0	127841
1309	2518	304	626	128855	0	132303
1310	1344	323	524	126854	0	129045
1311	693	314	610	127913	0	129530
1312	609	414	125756	2797	0	129576
1313	118300	409	1914	1511	0	122134
1314	1928	123857	1463	887	0	128135
1315	1503	1721	668	120648	0	124540
1316	125339	1209	1037	1982	0	129567
1317	127371	572	644	1427	0	130014
1318	127141	579	584	841	0	129145
1319	3094	688	124993	815	0	129590
1320	123403	642	2047	915	0	127007
1321	125661	760	1484	946	0	128851
1322	3120	653	123143	935	0	127851
1323	1672	642	129810	773	0	132897
1324	996	625	3236	125844	0	130701
1325	903	526	131362	2228	0	135019
1326	703	126679	2852	1694	0	131928
1327	814	130876	2219	750	0	134659
1328	125270	2847	1265	653	0	130035
1329	2279	130540	1087	750	0	134656
1330	1745	2123	1040	129794	0	134702
1331	123685	1431	1151	2283	0	128550
1332	2050	129864	1106	2000	0	135020
1333	1447	2138	1110	128509	0	133204
1334	729	1436	1188	130512	0	133865
1335	731	715	128770	3430	0	133646
1336	810	555	2448	126581	0	130394
1337	839	646	128681	2892	0	133058
1338	912	488	127461	2122	0	130983
1339	997	378	2984	122065	0	126424
1340	825	436	1561	124902	0	127724
1341	123433	409	820	3619	0	128281
1342	2208	133556	921	2425	0	139110
1343	1702	2319	666	128191	0	132878
1344	1210	2714	745	128782	0	133451
1345	122208	543	566	3737	0	127054
1346	2606	121209	717	2148	0	126680
1347	1658	113196	694	884	0	116432
1348	744	107247	658	709	0	109358
1349	408	95299	557	626	0	96890
1350	81747	2000	2238	426	0	86411
1351	79897	929	432	381	0	81639
1352	78026	322	210	357	0	78915
1353	77844	268	222	325	0	78659
1354	1987	239	240	75896	0	78362
1355	941	280	75608	1441	0	78270
1356	379	75025	1388	1041	0	77833
1357	398	1250	788	72818	0	75254
1358	370	749	73724	1411	0	76254
1359	395	272	1325	72349	0	74341
1360	414	238	730	73062	0	74444
1361	316	303	73341	1957	0	75917
1362	337	250	1323	71847	0	73757
1363	359	250	811	71699	0	73119
1364	73514	246	362	1992	0	76114
1365	72581	299	307	973	0	74160
1366	72274	274	289	526	0	73363
1367	71907	274	302	462	0	72945
1368	2161	298	272	69834	0	72565
1369	1076	286	259	71102	0	72723
1370	558	337	261	71708	0	72864
1371	69585	293	286	2147	0	72311
1372	1600	296	292	70374	0	72562
1373	1138	296	278	70575	0	72287
1374	586	403	68437	2076	0	71502
1375	599	502	1319	64488	0	66908
1376	518	66664	833	1535	0	69550
1377	509	68977	397	1206	0	71089
1378	65078	1770	287	596	0	67731
1379	1607	828	65202	611	0	68248
1380	947	62385	1293	597	0	65222
1381	61146	1248	1037	526	0	63957
1382	1495	738	307	62054	0	64594
1383	944	448	62203	1557	0	65152
1384	550	452	1261	57641	0	59904
1385	397	63488	834	1534	0	66253
1386	61945	1225	387	1020	0	64577
1387	1317	64974	405	623	0	67319
1388	64303	1317	249	622	0	66491
1389	65148	830	313	540	0	66831
1390	2003	402	252	64184	0	66841
1391	952	351	235	61027	0	62565
1392	551	63854	302	1995	0	66702
1393	64038	1286	278	1035	0	66637
1394	1516	870	63644	597	0	66627
1395	60640	399	1180	562	0	62781
1396	60638	364	691	590	0	62283
1397	2004	293	59351	594	0	62242
1398	918	455	1120	56566	0	59059
1399	57173	291	748	1458	0	59670
1400	1383	313	57041	1059	0	59796
1401	840	317	54648	602	0	56407
1402	49185	245	1629	508	0	51567
1403	1194	50718	762	519	0	53193
1404	754	47482	376	414	0	49026
1405	676	1572	345	45094	0	47687
1406	476	728	45960	1040	0	48204
1407	42481	278	1067	710	0	44536
1408	1143	384	45346	399	0	47272
1409	712	42275	925	389	0	44301
1410	41931	963	562	428	0	43884
1411	1116	579	253	41744	0	43692
1412	42094	258	267	1078	0	43697
1413	1152	323	41741	741	0	43957
1414	804	297	914	38986	0	41001
1415	402	41906	569	944	0	43821
1416	445	1126	257	40179	0	42007
1417	501	694	243	41161	0	42599
1418	579	336	40990	1340	0	43245
1419	520	39610	965	754	0	41849
1420	487	40088	589	499	0	41663
1421	516	1090	37997	465	0	40068
1422	34418	519	1020	400	0	36357
1423	36197	235	554	384	0	37370
1424	1308	343	287	35029	0	36967
1425	33452	209	313	885	0	34859
1426	931	32451	307	646	0	34335
1427	608	33738	293	409	0	35048
1428	33783	973	373	375	0	35504
1429	1076	567	294	33343	0	35280
1430	33957	215	331	944	0	35447
1431	34618	193	229	622	0	35662
1432	1252	275	220	32911	0	34658
1433	761	235	33000	895	0	34891
1434	32007	236	853	545	0	33641
1435	33028	215	529	285	0	34057
1436	1312	204	279	31316	0	33111
1437	662	32291	281	876	0	34110
1438	449	910	220	32346	0	33925
1439	397	490	32091	941	0	33919
1440	453	237	31918	648	0	33256
1441	374	31258	1229	353	0	33214
1442	647	422	522	20149	0	21740
1443	161	225	218	20398	0	21002
1444	174	136	20431	429	0	21170
1445	19091	95	317	275	0	19778
1446	20298	101	267	146	0	20812
1447	20222	108	135	122	0	20587
1448	20123	116	114	140	0	20493
1449	501	19565	126	144	0	20336
1450	311	20324	123	172	0	20930
1451	20497	434	134	121	0	21186
1452	391	280	106	21027	0	21804
1453	320	146	120	20960	0	21546
1454	193	21539	117	553	0	22402
1455	222	349	88	21706	0	22365
1456	210	282	99	20857	0	21448
1457	210	21145	94	536	0	21985
1458	208	357	21058	351	0	21974
1459	216	282	307	20962	0	21767
1460	21176	140	287	362	0	21965
1461	20758	127	114	333	0	21332
1462	612	136	20633	180	0	21561
1463	421	121	20484	155	0	21181
1464	240	119	20070	165	0	20594
1465	218	101	524	18982	0	19825
1466	211	124	19642	365	0	20342
1467	234	103	19575	313	0	20225
1468	213	213	521	18038	0	18985
1469	174	19667	315	384	0	20540
1470	280	343	19747	316	0	20686
1471	150	20302	380	212	0	21044
1472	19824	356	310	165	0	20655
1473	354	20279	179	173	0	20985
1474	294	353	153	20021	0	20821
1475	20014	255	159	379	0	20807
1476	385	116	154	19931	0	20586
1477	350	101	148	20116	0	20715
1478	213	121	20345	517	0	21196
1479	207	19603	356	336	0	20502
1480	199	20113	291	176	0	20779
1481	326	493	200	18484	0	19503
1482	169	255	128	18443	0	18995
1483	146	191	111	17957	0	18405
1484	144	101	17668	479	0	18392
1485	106	119	16398	286	0	16909
1486	14289	97	357	155	0	14898
1487	223	83	15295	123	0	15724
1488	181	75	15147	120	0	15523
1489	75	14497	347	116	0	15035
1490	86	271	204	14159	0	14720
1491	114	158	14653	226	0	15151
1492	91	45	211	14325	0	14672
1493	90	67	14957	233	0	15347
1494	73	58	227	14721	0	15079
1495	95	65	15556	238	0	15954
1496	75	57	240	15137	0	15509
1497	74	57	205	14846	0	15182
1498	65	15689	94	411	0	16259
1499	67	208	91	15461	0	15827
1500	62	16047	104	263	0	16476
1501	56	222	95	16253	0	16626
1502	59	191	88	16335	0	16673
1503	15878	80	94	370	0	16422
1504	221	79	82	15994	0	16376
1505	187	88	15903	290	0	16468
1506	69	83	238	15860	0	16250
1507	64	55	209	16023	0	16351
1508	68	77	15757	408	0	16310
1509	84	71	15537	277	0	15969
1510	67	71	367	14911	0	15416
1511	74	84	224	15405	0	15787
1512	72	91	15464	391	0	16018
1513	50	14937	263	294	0	15544
1514	59	15532	242	168	0	16001
1515	15012	441	127	165	0	15745
1516	209	180	131	15316	0	15836
1517	15350	88	126	281	0	15845
1518	14791	65	133	263	0	15252
1519	294	15242	145	163	0	15844
1520	15272	205	148	136	0	15761
1521	15198	182	135	134	0	15649
1522	370	92	15218	133	0	15813
1523	189	103	264	14728	0	15284
1524	78	62	15432	266	0	15838
1525	67	109	272	15158	0	15606
1526	66	64	15313	281	0	15724
1527	44	14467	261	240	0	15012
1528	41	14405	210	123	0	14779
1529	120	447	85	13536	0	14188
1530	13190	135	127	191	0	13643
1531	143	57	58	13345	0	13603
1532	141	48	66	13483	0	13738
1533	59	63	13518	289	0	13929
1534	45	42	13588	205	0	13880
1535	65	68	13828	99	0	14060
1536	42	55	265	13196	0	13558
1537	36	62	161	12380	0	12639
1538	40	13186	93	302	0	13621
1539	23	13917	104	197	0	14241
1540	13324	238	84	126	0	13772
1541	139	13635	120	157	0	14051
1542	133	176	13481	95	0	13885
1543	47	126	209	13188	0	13570
1544	50	71	13907	229	0	14257
1545	35	13819	262	204	0	14320
1546	69	237	165	13713	0	14184
1547	13333	125	89	233	0	13780
1548	143	57	13510	195	0	13905
1549	110	13313	211	139	0	13773
1550	48	168	13266	105	0	13587
1551	25	12960	262	92	0	13339
1552	93	244	122	11874	0	12333
1553	11877	97	57	132	0	12163
1554	11563	39	34	155	0	11791
1555	172	11770	71	73	0	12086
1556	11831	112	49	80	0	12072
1557	112	101	60	11707	0	11980
1558	11880	38	76	139	0	12133
1559	119	41	12154	148	0	12462
1560	99	59	12306	95	0	12559
1561	53	42	212	11507	0	11814
1562	34	39	121	12574	0	12768
1563	49	42	12526	217	0	12834
1564	41	57	136	12525	0	12759
1565	12578	47	137	161	0	12923
1566	12455	37	62	166	0	12720
1567	210	12258	67	99	0	12634
1568	116	12097	61	112	0	12386
1569	11780	189	44	86	0	12099
1570	151	112	63	11555	0	11881
1571	11502	45	61	137	0	11745
1572	117	11487	68	146	0	11818
1573	11467	109	50	74	0	11700
1574	122	109	11159	60	0	11450
1575	99	51	11155	59	0	11364
1576	42	44	197	11032	0	11315
1577	46	49	11431	143	0	11669
1578	45	45	116	10886	0	11092
1579	45	38	110	10860	0	11053
1580	64	37	11608	189	0	11898
1581	47	37	119	11496	0	11699
1582	53	37	111	12184	0	12385
1583	47	50	12643	202	0	12942
1584	43	37	12784	126	0	12990
1585	12194	26	220	64	0	12504
1586	138	37	13142	49	0	13366
1587	12570	26	217	65	0	12878
1588	13342	31	157	39	0	13569
1589	240	38	13650	31	0	13959
1590	116	30	13770	38	0	13954
1591	45	73	341	12947	0	13406
1592	36	56	126	12308	0	12526
1593	24	13228	46	238	0	13536
1594	29	13427	52	172	0	13680
1595	31	221	12987	53	0	13292
1596	12315	127	167	60	0	12669
1597	12744	24	151	34	0	12953
1598	246	33	12554	35	0	12868
1599	126	21	12934	32	0	13113
1600	45	17	249	12213	0	12524
1601	30	12997	136	149	0	13312
1602	52	170	35	12876	0	13133
1603	30	98	35	13076	0	13239
1604	13024	25	40	234	0	13323
1605	12963	22	35	123	0	13143
1606	247	16	35	13148	0	13446
1607	129	28	13211	167	0	13535
1608	12255	24	175	128	0	12582
1609	149	13523	133	56	0	13861
1610	13646	146	50	42	0	13884
1611	13191	113	39	48	0	13391
1612	226	13641	48	48	0	13963
1613	126	13907	39	49	0	14121
1614	56	237	41	13714	0	14048
1615	36	118	37	13673	0	13864
1616	37	13839	49	247	0	14172
1617	55	150	36	13850	0	14091
1618	51	118	45	13930	0	14144
1619	42	43	13800	266	0	14151
1620	13338	23	179	145	0	13685
1621	13893	28	134	53	0	14108
1622	14009	11	57	46	0	14123
1623	282	20	57	13721	0	14080
1624	13567	15	51	179	0	13812
1625	184	13446	56	144	0	13830
1626	144	176	45	12161	0	12526
1627	41	13129	60	175	0	13405
1628	32	13470	64	153	0	13719
1629	13350	210	43	68	0	13671
1630	13364	107	44	59	0	13574
1631	13201	24	48	49	0	13322
1632	13115	26	45	71	0	13257
1633	13135	31	46	48	0	13260
1634	277	39	13343	38	0	13697
1635	13131	30	160	43	0	13364
1636	179	48	13622	37	0	13886
1637	13081	24	165	47	0	13317
1638	13328	31	115	52	0	13526
1639	13036	28	48	68	0	13180
1640	253	39	14051	44	0	14387
1641	159	67	162	12805	0	13193
1642	55	14276	127	123	0	14581
1643	14473	131	57	106	0	14767
1644	14263	98	52	49	0	14462
1645	240	14739	76	73	0	15128
1646	15030	135	58	63	0	15286
1647	186	108	45	14259	0	14598
1648	137	15363	55	159	0	15714
1649	15434	144	47	155	0	15780
1650	15310	109	46	71	0	15536
1651	265	38	62	15412	0	15777
1652	15610	35	66	149	0	15860
1653	212	37	74	15617	0	15940
1654	164	27	82	15774	0	16047
1655	121	47	15736	236	0	16140
1656	112	49	165	15351	0	15677
1657	86	41	146	15717	0	15990
1658	80	49	15698	249	0	16076
1659	74	54	15369	129	0	15626
1660	65	48	220	15173	0	15506
1661	82	53	15452	167	0	15754
1662	14081	28	150	145	0	14404
1663	168	15701	133	66	0	16068
1664	148	149	29	15664	0	15990
1665	64	103	32	16007	0	16206
1666	70	29	42	16058	0	16199
1667	15961	39	28	218	0	16246
1668	15799	44	14	135	0	15992
1669	16114	50	21	65	0	16250
1670	244	16292	38	72	0	16646
1671	138	140	22	16234	0	16534
1672	83	114	19	16423	0	16639
1673	16378	38	18	231	0	16665
1674	16248	45	30	135	0	16458
1675	253	55	27	16352	0	16687
1676	147	67	16350	158	0	16722
1677	15852	42	134	145	0	16173
1678	16516	33	99	61	0	16709
1679	258	42	16725	61	0	17086
1680	15128	36	116	67	0	15347
1681	163	50	16993	62	0	17268
1682	16122	23	130	54	0	16329
1683	158	82	116	16946	0	17302
1684	120	18181	37	157	0	18495
1685	132	150	18829	102	0	19213
1686	71	19081	157	36	0	19345
1687	65	18746	109	39	0	18959
1688	18613	239	142	52	0	19046
1689	121	73	9	18485	0	18688
1690	82	11	8	18328	0	18429
1691	19113	12	15	198	0	19338
1692	118	5	14	19411	0	19548
1693	84	13	15	19465	0	19577
1694	33	7	17	19664	0	19721
1695	26	10	16	19454	0	19506
1696	34	19	19516	163	0	19732
1697	43	30	19024	86	0	19183
1698	24	19135	161	39	0	19359
1699	19295	92	68	45	0	19500
1700	99	56	16	19673	0	19844
1701	66	19966	26	110	0	20168
1702	27	114	20	21117	0	21278
1703	38	68	14	21405	0	21525
1704	29	21	18	21572	0	21640
1705	36	17	10	21832	0	21895
1706	31	18	7	21657	0	21713
1707	27	21570	21	200	0	21818
1708	29	97	7	21902	0	22035
1709	40	77	21341	130	0	21588
1710	27	21545	96	129	0	21797
1711	33	104	57	21550	0	21744
1712	32	92	14	21339	0	21477
1713	23	21183	24	226	0	21456
1714	20	21568	33	97	0	21718
1715	20784	134	57	51	0	21026
1716	103	21343	20	55	0	21521
1717	20788	92	51	32	0	20963
1718	20496	51	31	36	0	20614
1719	136	24	22172	40	0	22372
1720	71	37	101	20350	0	20559
1721	45	28	22410	109	0	22592
1722	21	22930	129	85	0	23165
1723	22	126	56	21979	0	22183
1724	20	74	35	22890	0	23019
1725	15	19	13	23187	0	23234
1726	23	16	14	23289	0	23342
1727	37	41	23721	160	0	23959
1728	31	12	92	23392	0	23527
1729	45	36	24259	115	0	24455
1730	25	26	24166	73	0	24290
1731	21908	18	215	79	0	22220
1732	23528	16	1194	47	0	24785
1733	24846	10	21	41	0	24918
1734	130	24816	33	60	0	25039
1735	75	103	16	24999	0	25193
1736	50	88	26065	119	0	26322
1737	37	20	103	25581	0	25741
1738	45	37	27254	124	0	27460
1739	26364	26	104	109	0	26603
1740	27112	16	75	37	0	27240
1741	27140	21	22	53	0	27236
1742	184	29	26597	39	0	26849
1743	86	25	26645	42	0	26798
1744	41	40	173	26696	0	26950
1745	21	12	63	27327	0	27423
1746	18	14	23	27823	0	27878
1747	33	48	28006	148	0	28235
1748	30	41	26223	78	0	26372
1749	26251	21	143	54	0	26469
1750	110	16	63	28902	0	29091
1751	63	23	22	29091	0	29199
1752	29924	11	17	171	0	30123
1753	108	7	15	29857	0	29987
1754	32614	17	21	178	0	32830
1755	34100	20	28	142	0	34290
1756	33821	23	23	73	0	33940
1757	170	52	35501	63	0	35786
1758	61	35602	112	52	0	35827
1759	37366	96	57	79	0	37598
1760	103	58	20	37553	0	37734
1761	79	13	42	37268	0	37402
1762	21	38227	36	173	0	38457
1763	37952	96	21	99	0	38168
1764	37987	66	25	99	0	38177
1765	38656	19	20	79	0	38774
1766	149	39734	39	59	0	39981
1767	42332	102	31	116	0	42581
1768	42533	59	17	83	0	42692
1769	42611	20	14	60	0	42705
1770	166	15	18	41896	0	42095
1771	75	17	22	42465	0	42579
1772	60	93	43946	170	0	44269
1773	43	7	100	42612	0	42762
1774	40	12	61	44030	0	44143
1775	51	57	44049	170	0	44327
1776	40769	15	112	115	0	41011
1777	43924	14	65	56	0	44059
1778	164	34	20	43484	0	43702
1779	79	43738	40	121	0	43978
1780	46	44056	38	104	0	44244
1781	46	189	19	43255	0	43509
1782	59	148	42566	118	0	42891
1783	56	32	73	40740	0	40901
1784	51	86	43108	83	0	43328
1785	41	49	44307	50	0	44447
1786	27	8	62	45232	0	45329
1787	46342	7	34	69	0	46452
1788	45750	7	23	83	0	45863
1789	77	11	11	48058	0	48157
1790	67	18	14	49331	0	49430
1791	27	13	13	49209	0	49262
1792	22	10	15	49332	0	49379
1793	49620	12	20	154	0	49806
1794	48791	16	18	96	0	48921
1795	48929	21	22	61	0	49033
1796	91	49	49506	38	0	49684
1797	67	15	34	48977	0	49093
1798	43	9	45	50573	0	50670
1799	50590	9	18	103	0	50720
1800	44	50708	52	78	0	50882
1801	51307	42	17	85	0	51451
1802	50913	45	16	48	0	51022
1803	50539	18	20	45	0	50622
1804	50385	16	30	68	0	50499
1805	120	60	53679	23	0	53882
1806	88	77	51272	26	0	51463
1807	54614	17	212	126	0	54969
1808	56461	12	44	89	0	56606
1809	56094	10	28	46	0	56178
1810	57103	15	63	88	0	57269
1811	165	49	60266	59	0	60539
1812	74	63091	128	67	0	63360
1813	209	134	83	67227	0	67653
1814	72740	121	58	341	0	73260
1815	73872	40	22	255	0	74189
1816	77287	19	17	119	0	77442
1817	77861	13	27	101	0	78002
1818	77817	26	33	75	0	77951
1819	75377	30	122	65	0	75594
1820	673	77	74289	81	0	75120
1821	354	88	74781	32	0	75255
1822	145	16	453	73560	0	74174
1823	113	72	76500	335	0	77020
1824	68	75703	374	335	0	76480
1825	70	78760	293	145	0	79268
1826	83	559	116	79078	0	79836
1827	173	318	83967	303	0	84761
1828	111	167	80904	258	0	81440
1829	78556	26	553	140	0	79275
1830	89337	46	306	111	0	89800
1831	748	42	89	91529	0	92408
1832	93395	32	44	636	0	94107
1833	668	41	64	92985	0	93758
1834	438	31	54	93055	0	93578
1835	194	103	96025	1003	0	97325
1836	148	112	93889	464	0	94613
1837	107	42	972	93175	0	94296
1838	155	105	94969	645	0	95874
1839	87304	30	702	484	0	88520
1840	95281	27	504	195	0	96007
1841	1002	99829	175	177	0	101183
1842	100258	633	150	126	0	101167
1843	838	478	99694	82	0	101092
1844	97221	79	715	126	0	98141
1845	100451	32	455	118	0	101056
1846	101418	34	145	130	0	101727
1847	1231	68	114	97879	0	99292
1848	577	101318	190	710	0	102795
1849	101751	665	120	525	0	103061
1850	101600	429	106	205	0	102340
1851	1209	160	113	102546	0	104028
1852	102540	65	108	835	0	103548
1853	1017	105984	185	658	0	107844
1854	658	830	114	103849	0	105451
1855	319	576	103579	1012	0	105486
1856	86991	134	972	801	0	88898
1857	993	166	103230	255	0	104644
1858	733	196	954	100404	0	102287
1859	287	102500	696	895	0	104378
1860	271	110382	269	702	0	111624
1861	337	1570	162	108460	0	110529
1862	319	115912	228	1128	0	117587
1863	350	1449	183	139116	0	141098
1864	332	824	175	144952	0	146283
1865	370	276	171	146943	0	147760
1866	139898	201	184	3096	0	143379
1867	2151	153	170	143178	0	145652
1868	1396	232	141158	2230	0	145016
1869	491	141356	1986	1352	0	145185
1870	139054	1908	1030	468	0	142460
1871	2185	1095	262	139475	0	143017
1872	1426	351	185	141333	0	143295
1873	572	238	183	143614	0	144607
1874	608	287	140574	3166	0	144635
1875	389	140602	2174	1589	0	144754
1876	139546	2013	1170	592	0	143321
1877	2193	1217	359	129989	0	133758
1878	1247	142659	431	2116	0	146453
1879	141584	2094	318	1391	0	145387
1880	2301	1265	141632	561	0	145759
1881	136640	433	2258	621	0	139952
1882	2475	453	144694	513	0	148135
1883	1478	501	144157	545	0	146681
1884	590	141510	3158	1058	0	146316
1885	637	2148	1346	136178	0	140309
1886	679	1475	138513	2399	0	143066
1887	472	134915	2360	1737	0	139484
1888	562	2186	1397	128430	0	132575
1889	457	134205	668	2342	0	137672
1890	580	2308	133008	1553	0	137449
1891	485	1366	2307	129530	0	133688
1892	567	642	134780	2530	0	138519
1893	531	504	2336	131239	0	134610
1894	627	453	1398	134567	0	137045
1895	621	512	133170	3645	0	137948
1896	589	447	2405	131886	0	135327
1897	128222	396	1536	2842	0	132996
1898	2229	130968	837	2157	0	136191
1899	1653	2378	130436	1234	0	135701
1900	126223	1398	2471	948	0	131040
1901	2563	687	1522	120259	0	125031
1902	1671	131184	745	2426	0	136026
1903	131356	2430	675	1734	0	136195
1904	132903	1553	713	951	0	136120
1905	3462	834	605	126740	0	131641
1906	1742	590	618	129247	0	132197
1907	762	697	611	129953	0	132023
1908	718	723	585	126728	0	128754
1909	729	126262	713	4230	0	131934
1910	937	3588	707	116694	0	121926
1911	691	121588	754	3000	0	126033
1912	728	120247	767	2445	0	124187
1913	635	117775	793	1407	0	120610
1914	1082	3418	107870	1245	0	113615
1915	694	112270	2463	1332	0	116759
1916	104097	2463	1808	1369	0	109737
1917	2220	107369	751	1674	0	112014
1918	1598	2470	819	94542	0	99429
1919	873	107776	944	3019	0	112612
1920	926	2534	821	105123	0	109404
1921	948	1832	810	108235	0	111825
1922	882	1149	105967	3775	0	111773
1923	99733	1100	2504	2345	0	105682
1924	105032	1060	1585	1596	0	109273
1925	102721	992	1014	1590	0	106317
1926	3183	102258	1143	1864	0	108448
1927	1684	2459	1018	97946	0	103107
1928	1127	1877	97639	3175	0	103818
1929	941	97076	2727	2387	0	103131
1930	1112	3097	1721	77140	0	83070
1931	899	89510	1035	2325	0	93769
1932	88061	2401	1007	1759	0	93228
1933	89243	1632	1039	1144	0	93058
1934	90099	1113	1011	1158	0	93381
1935	88645	990	1203	1158	0	91996
1936	2962	897	1169	85725	0	90753
1937	1556	964	1181	83516	0	87217
1938	850	86393	1276	3048	0	91567
1939	883	2294	996	87065	0	91238
1940	870	1669	85119	2747	0	90405
1941	645	1081	2210	82286	0	86222
1942	645	1158	81915	2720	0	86438
1943	702	79549	2338	2149	0	84738
1944	752	2320	80739	1461	0	85272
1945	720	1696	2566	78945	0	83927
1946	811	1033	81424	2804	0	86072
1947	748	958	2446	79475	0	83627
1948	798	1017	1634	79868	0	83317
1949	913	963	1012	79816	0	82704
1950	984	879	949	79490	0	82302
1951	76347	951	802	3163	0	81263
1952	2038	77496	847	2067	0	82448
1953	73762	2109	680	1434	0	77985
1954	1981	1512	73060	1347	0	77900
1955	70600	959	1811	1284	0	74654
1956	72330	862	1082	1302	0	75576
1957	2931	1022	70896	1225	0	76074
1958	2213	882	68840	1266	0	73201
1959	1017	67745	2193	1344	0	72299
1960	696	62228	1085	1280	0	65289
1961	1684	2241	56881	1326	0	62132
1962	576	51175	1526	1571	0	54848
1963	1078	1810	885	26887	0	30660
1964	24895	282	392	383	0	25952
1965	251	148	82	25228	0	25709
1966	25635	120	83	339	0	26177
1967	25351	139	62	239	0	25791
1968	367	26253	77	182	0	26879
1969	26169	241	67	145	0	26622
1970	26149	194	38	179	0	26560
1971	373	176	51	25694	0	26294
1972	25809	100	45	313	0	26267
1973	231	26381	74	234	0	26920
1974	220	296	50	26276	0	26842
1975	26300	196	62	290	0	26848
1976	224	142	25978	235	0	26579
1977	24961	113	179	91	0	25344
1978	250	148	164	25809	0	26371
1979	191	103	25944	189	0	26427
1980	105	92	25746	159	0	26102
1981	24470	209	408	94	0	25181
1982	24736	51	162	76	0	25025
1983	262	51	30	24654	0	24997
1984	156	28	42	24803	0	25029
1985	67	49	25	24508	0	24649
1986	59	25365	56	280	0	25760
1987	25288	170	28	166	0	25652
1988	167	25591	52	109	0	25919
1989	25241	169	44	82	0	25536
1990	208	146	25396	56	0	25806
1991	165	33	163	25544	0	25905
1992	26393	34	131	228	0	26786
1993	202	28	45	26411	0	26686
1994	168	46	53	25711	0	25978
1995	68	25801	62	293	0	26224
1996	25654	170	53	161	0	26038
1997	183	27172	55	95	0	27505
1998	145	222	63	26838	0	27268
1999	98	160	26394	183	0	26835
2000	22489	47	200	206	0	22942
2001	216	53	26083	81	0	26433
2002	23124	30	187	78	0	23419
2003	195	26129	140	102	0	26566
2004	140	200	36	24490	0	24866
2005	65	25896	47	208	0	26216
2006	25940	203	31	157	0	26331
2007	208	142	28	26203	0	26581
2008	174	38	37	26684	0	26933
2009	80	61	25867	341	0	26349
2010	22785	31	202	202	0	23220
2011	232	32	142	26310	0	26716
2012	170	46	25780	233	0	26229
2013	69	25552	213	184	0	26018
2014	78	191	148	25547	0	25964
2015	25788	151	45	214	0	26198
2016	224	45	39	25871	0	26179
2017	194	63	26188	213	0	26658
2018	26299	33	202	192	0	26726
2019	256	26	149	27318	0	27749
2020	214	51	30036	242	0	30543
2021	103	43	292	30172	0	30610
2022	91	43	208	29349	0	29691
2023	56	30920	79	483	0	31538
2024	30150	304	45	306	0	30805
2025	302	31109	51	124	0	31586
2026	30777	320	79	92	0	31268
2027	347	239	52	29457	0	30095
2028	261	30786	57	323	0	31427
2029	94	316	38	30747	0	31195
2030	108	251	30038	352	0	30749
2031	28030	80	314	277	0	28701
2032	355	91	221	29164	0	29831
2033	266	60	63	29034	0	29423
2034	114	38	58	29415	0	29625
2035	103	81	28715	556	0	29455
2036	122	76	28614	286	0	29098
2037	91	28722	517	156	0	29486
2038	98	307	251	27409	0	28065
2039	27278	210	82	345	0	27915
2040	306	27979	98	332	0	28715
2041	248	329	48	28421	0	29046
2042	28930	216	54	372	0	29572
2043	28457	83	60	279	0	28879
2044	531	29139	54	183	0	29907
2045	31708	335	53	119	0	32215
2046	33861	256	56	127	0	34300
2047	688	87	48	35147	0	35970
2048	355	35918	109	515	0	36897
2049	148	465	56	36895	0	37564
2050	36050	362	64	573	0	37049
2051	577	187	36999	448	0	38211
2052	452	65	479	36519	0	37515
2053	160	105	369	36924	0	37558
2054	167	110	36626	881	0	37784
2055	122	107	500	36575	0	37304
2056	36383	105	408	630	0	37526
2057	34714	90	140	550	0	35494
2058	830	87	95	36140	0	37152
2059	467	92	36334	663	0	37556
2060	211	106	35286	550	0	36153
2061	133	35429	858	349	0	36769
2062	168	36136	462	248	0	37014
2063	149	797	202	34703	0	35851
2064	34218	393	120	571	0	35302
2065	499	34706	145	502	0	35852
2066	34176	496	127	223	0	35022
2067	554	416	124	33873	0	34967
2068	460	158	94	33790	0	34502
2069	32390	134	104	898	0	33526
2070	533	32980	118	559	0	34190
2071	33025	511	94	287	0	33917
2072	621	425	32273	232	0	33551
2073	477	165	31734	231	0	32607
2074	241	159	777	30489	0	31666
2075	207	132	31814	599	0	32752
2076	204	125	31325	503	0	32157
2077	200	105	826	29454	0	30585
2078	166	141	30957	604	0	31868
2079	221	120	582	29609	0	30532
2080	187	100	447	29914	0	30648
2081	179	121	30227	906	0	31433
2082	158	139	581	29221	0	30099
2083	173	111	460	28122	0	28866
2084	155	29070	243	888	0	30356
2085	28831	497	198	543	0	30069
2086	558	422	28858	307	0	30145
2087	445	137	550	28177	0	29309
2088	231	130	432	28896	0	29689
2089	168	158	28374	954	0	29654
2090	26014	150	576	608	0	27348
2091	543	27562	468	653	0	29226
2092	454	515	202	27164	0	28335
2093	220	398	183	26830	0	27631
2094	183	27475	230	922	0	28810
2095	226	518	27334	595	0	28673
2096	193	27815	615	323	0	28946
2097	26312	597	518	319	0	27746
2098	551	400	26317	303	0	27571
2099	409	166	591	25914	0	27080
2100	217	166	26635	640	0	27658
2101	204	179	26507	563	0	27453
2102	160	26141	833	311	0	27445
2103	280	486	490	24791	0	26047
2104	25125	419	223	593	0	26360
2105	25075	164	230	490	0	25959
2106	738	24963	279	337	0	26317
2107	413	464	212	24787	0	25876
2108	24653	377	217	594	0	25841
2109	24841	150	201	506	0	25698
2110	741	24838	236	295	0	26110
2111	25064	447	198	288	0	25997
2112	565	359	186	23959	0	25069
2113	440	25174	205	616	0	26435
2114	243	488	188	25596	0	26515
2115	219	432	202	25544	0	26397
2116	258	211	187	25986	0	26642
2117	203	155	25073	843	0	26274
2118	145	192	23423	496	0	24256
2119	165	23382	699	291	0	24537
2120	20071	366	455	202	0	21094
2121	391	19905	215	234	0	20745
2122	317	345	135	19181	0	19978
2123	148	254	19966	444	0	20812
2124	137	128	403	19079	0	19747
2125	126	156	344	19760	0	20386
2126	128	146	160	20332	0	20766
2127	19918	137	146	581	0	20782
2128	367	124	142	20179	0	20812
2129	274	146	20719	420	0	21559
2130	19805	135	373	392	0	20705
2131	20466	100	308	238	0	21112
2132	20884	92	169	220	0	21365
2133	20995	93	122	239	0	21449
2134	20809	90	131	243	0	21273
2135	547	20603	183	209	0	21542
2136	330	312	135	19166	0	19943
2137	148	20477	150	370	0	21145
2138	20317	315	148	341	0	21121
2139	20177	246	103	218	0	20744
2140	19249	132	114	164	0	19659
2141	484	19119	142	171	0	19916
2142	271	18334	133	167	0	18905
2143	179	18484	121	148	0	18932
2144	189	483	17765	137	0	18574
2145	237	1302	333	13581	0	15453
2146	59	11886	120	120	0	12185
2147	34	10054	12	41	0	10141
2148	30	76	9	9726	0	9841
2149	10	29	8	9942	0	9989
2150	14	28	10025	58	0	10125
2151	9746	11	39	57	0	9853
2152	45	7	24	10969	0	11045
2153	31	45	9	10880	0	10965
2154	19	17	10813	66	0	10915
2155	24	16	10678	41	0	10759
2156	11	11310	68	17	0	11406
2157	14	43	31	11200	0	11288
2158	14	62	10	11165	0	11251
2159	19	17	11032	57	0	11125
2160	10026	9	41	38	0	10114
2161	11251	11	23	26	0	11311
2162	63	18	11761	14	0	11856
2163	11548	14	38	25	0	11625
2164	62	26	12145	13	0	12246
2165	12034	8	48	17	0	12107
2166	12374	12	40	19	0	12445
2167	84	18	13194	18	0	13314
2168	53	9	55	12835	0	12952
2169	22	10	34	13326	0	13392
2170	18	13	16	13755	0	13802
2171	13722	6	18	107	0	13853
2172	13562	13	16	69	0	13660
2173	103	16	14162	23	0	14304
2174	63	26	13749	18	0	13856
2175	14374	8	97	38	0	14517
2176	14812	15	56	24	0	14907
2177	113	17	14675	20	0	14825
2178	52	24	14615	21	0	14712
2179	20	15	92	14897	0	15024
2180	29	18	15527	71	0	15645
2181	33	14	64	14854	0	14965
2182	15991	9	54	79	0	16133
2183	90	17	17134	64	0	17305
2184	16013	8	107	42	0	16170
2185	121	19	19158	33	0	19331
2186	91	12	120	18882	0	19105
2187	39	11	90	19674	0	19814
2188	35	32	20	19516	0	19603
2189	20	20256	37	195	0	20508
2190	38	122	17	19636	0	19813
2191	39	86	21	20145	0	20291
2192	19966	14	25	241	0	20246
2193	153	14	19854	92	0	20113
2194	18467	10	139	38	0	18654
2195	160	21	19819	18	0	20018
2196	16712	14	160	55	0	16941
2197	131	19246	109	75	0	19561
2198	105	125	19526	39	0	19795
2199	33	85	19263	32	0	19413
2200	28	61	209	17572	0	17870
2201	65	8	89	19066	0	19228
2202	29	21	19448	197	0	19695
2203	45	28	19455	90	0	19618
2204	57	17	21381	35	0	21490
2205	21806	3	217	56	0	22082
2206	22569	5	120	39	0	22733
2207	22565	9	39	33	0	22646
2208	210	3	44	22256	0	22513
2209	108	11	43	22399	0	22561
2210	41	25	23647	244	0	23957
2211	27	10	131	23013	0	23181
2212	38	15	101	23118	0	23272
2213	23207	11	38	237	0	23493
2214	22814	10	31	132	0	22987
2215	23368	10	42	51	0	23471
2216	267	6	58	23204	0	23535
2217	118	9	41	23255	0	23423
2218	48	10	34	23303	0	23395
2219	23093	16	45	239	0	23393
2220	145	20	37	22004	0	22206
2221	101	23169	76	141	0	23487
2222	60	128	55	22056	0	22299
2223	45	22727	68	154	0	22994
2224	22640	119	52	116	0	22927
2225	21691	88	62	64	0	21905
2226	198	22599	82	92	0	22971
2227	117	23020	89	71	0	23297
2228	74	225	58	22596	0	22953
2229	61	102	22348	154	0	22665
2230	63	24	166	21286	0	21539
2231	67	98	22390	176	0	22731
2232	45	22628	175	213	0	23061
2233	61	125	129	22718	0	23033
2234	51	90	84	22974	0	23199
2235	79	51	24182	248	0	24560
2236	79	180	176	23381	0	23816
2237	103	35	24556	181	0	24875
2238	23608	20	168	153	0	23949
2239	24674	17	135	90	0	24916
2240	24885	11	63	108	0	25067
2241	259	18	60	24597	0	24934
2242	158	8	60	24650	0	24876
2243	110	48	25314	280	0	25752
2244	80	142	177	23798	0	24197
2245	78	25047	172	267	0	25564
2246	118	145	25134	164	0	25561
2247	103	129	24511	110	0	24853
2248	103	68	249	22434	0	22854
2249	93	50	24710	209	0	25062
2250	83	51	24343	200	0	24677
2251	21535	48	348	156	0	22087
2252	147	26441	147	135	0	26870
2253	27310	142	69	160	0	27681
2254	27180	98	54	135	0	27467
2255	27463	47	63	116	0	27689
2256	275	29	64	27344	0	27712
2257	166	23	85	27885	0	28159
2258	102	53	28156	260	0	28571
2259	86	36	181	27123	0	27426
2260	83	28469	171	204	0	28927
2261	28028	125	93	137	0	28383
2262	175	28349	105	102	0	28731
2263	122	28230	105	117	0	28574
2264	89	239	86	28045	0	28459
2265	80	100	28775	198	0	29153
2266	79	23	178	27984	0	28264
2267	88	53	28641	205	0	28987
2268	75	28191	202	178	0	28646
2269	28029	101	156	81	0	28367
2270	28019	67	67	97	0	28250
2271	28534	22	55	122	0	28733
2272	228	39	30848	92	0	31207
2273	144	53	29045	101	0	29343
2274	30160	25	207	142	0	30534
2275	31115	23	103	121	0	31362
2276	31649	18	47	137	0	31851
2277	239	16	32	31327	0	31614
2278	152	22	30	31607	0	31811
2279	31741	22	27	273	0	32063
2280	31094	27	45	176	0	31342
2281	201	46	32370	84	0	32701
2282	108	51	30801	74	0	31034
2283	29298	40	186	124	0	29648
2284	75	47	31317	46	0	31485
2285	28833	14	61	58	0	28966
2286	62	44	30304	17	0	30427
2287	31	21	23	29117	0	29192
2288	34	55	31692	48	0	31829
2289	35	9	21	32232	0	32297
2290	13	10	24	32874	0	32921
2291	16	34372	36	92	0	34516
2292	34196	69	10	72	0	34347
2293	49	66	35087	20	0	35222
2294	32105	11	30	59	0	32205
2295	21	35894	52	58	0	36025
2296	37109	20	11	80	0	37220
2297	40	25	9	37065	0	37139
2298	50	22	10	37403	0	37485
2299	14	39664	37	93	0	39808
2300	31	47	12	40837	0	40927
2301	28	35	11	40846	0	40920
2302	24	14	16	41155	0	41209
2303	40049	14	11	150	0	40224
2304	37551	18	12	111	0	37692
2305	145	85	37786	31	0	38047
2306	69	38349	92	87	0	38597
2307	36	112	53	39255	0	39456
2308	33	58	17	40504	0	40612
2309	44	50	41033	215	0	41342
2310	30	11	103	39548	0	39692
2311	40654	10	77	168	0	40909
2312	40998	12	25	118	0	41153
2313	41443	27	21	75	0	41566
2314	212	16	20	42748	0	42996
2315	45842	19	30	253	0	46144
2316	45666	11	20	154	0	45851
2317	46251	20	24	87	0	46382
2318	272	17	20	46426	0	46735
2319	128	14	18	47246	0	47406
2320	71	25	18	47439	0	47553
2321	45	27	12	46860	0	46944
2322	43	11	22	47055	0	47131
2323	72	53	46767	241	0	47133
2324	91	71	46240	164	0	46566
2325	61	46261	245	95	0	46662
2326	59	126	110	47163	0	47458
2327	51	92	30	47535	0	47708
2328	63	34	17	47754	0	47868
2329	81	80	47543	278	0	47982
2330	60	16	143	46586	0	46805
2331	55	62	48059	209	0	48385
2332	58	18	159	47296	0	47531
2333	112	92	51480	210	0	51894
2334	31	51997	184	387	0	52599
2335	60	170	133	51857	0	52220
2336	82	156	51383	203	0	51824
2337	42797	50	184	267	0	43298
2338	149	53159	154	164	0	53626
2339	131	154	51	53336	0	53672
2340	44	53946	53	242	0	54285
2341	34	191	33	53975	0	54233
2342	54211	104	67	239	0	54621
2343	179	42	39	53713	0	53973
2344	122	54516	78	303	0	55019
2345	54679	167	38	190	0	55074
2346	175	139	44	55965	0	56323
2347	133	230	34	56827	0	57224
2348	57836	34	35	422	0	58327
2349	295	34	40	61987	0	62356
2350	211	39	34	74852	0	75136
2351	148	104	77124	980	0	78356
2352	119	94	76339	421	0	76973
2353	82	91	1191	75223	0	76587
2354	128	108	77578	849	0	78663
2355	145	102	75673	461	0	76381
2356	68664	35	1314	276	0	70289
2357	996	75	79091	188	0	80350
2358	436	78938	994	543	0	80911
2359	168	878	458	79371	0	80875
2360	81994	397	151	917	0	83459
2361	82755	102	111	523	0	83491
2362	81718	66	93	238	0	82115
2363	1336	82824	206	218	0	84584
2364	618	929	97	81380	0	83024
2365	191	480	97	83303	0	84071
2366	81220	113	118	1451	0	82902
2367	81937	51	101	686	0	82775
2368	82148	60	126	289	0	82623
2369	1506	180	83237	222	0	85145
2370	608	83382	1128	288	0	85406
2371	206	91828	759	307	0	93100
2372	253	1723	303	89349	0	91628
2373	216	775	214	92597	0	93802
2374	273	255	92719	2043	0	95290
2375	87910	118	1496	1048	0	90572
2376	93625	118	894	366	0	95003
2377	2264	164	308	93016	0	95752
2378	1021	157	163	94257	0	95598
2379	462	113	138	94780	0	95493
2380	93316	108	180	2280	0	95884
2381	1670	175	92066	1046	0	94957
2382	1048	219	92280	416	0	93963
2383	405	139	2082	89980	0	92606
2384	300	181	91980	1599	0	94060
2385	87855	125	1644	1083	0	90707
2386	90861	114	917	520	0	92412
2387	91505	106	343	354	0	92308
2388	2291	88693	384	354	0	91722
2389	88230	1451	244	340	0	90265
2390	1665	905	209	86962	0	89741
2391	1012	298	244	86921	0	88475
2392	465	144	249	89008	0	89866
2393	378	193	86586	2496	0	89653
2394	452	129	1583	81642	0	83806
2395	389	85941	1078	1732	0	89140
2396	82782	1375	392	1192	0	85741
2397	1561	85747	390	934	0	88632
2398	1298	1572	84342	611	0	87823
2399	529	84676	1697	574	0	87476
2400	81349	1526	1165	533	0	84573
2401	1532	83162	706	609	0	86009
2402	1170	1557	601	70739	0	74067
2403	512	82783	600	1413	0	85308
2404	82089	1537	520	963	0	85109
2405	82337	898	543	491	0	84269
2406	79870	456	529	488	0	81343
2407	2558	409	81418	412	0	84797
2408	1379	394	80423	450	0	82646
2409	722	424	80069	587	0	81802
2410	77804	329	2337	625	0	81095
2411	1780	360	1284	77815	0	81239
2412	1206	250	631	78556	0	80643
2413	719	390	77582	2369	0	81060
2414	563	461	1673	76742	0	79439
2415	73577	396	1045	1911	0	76929
2416	1788	74813	665	1318	0	78584
2417	76153	1538	495	635	0	78821
2418	2100	1131	75020	474	0	78725
2419	74867	591	1648	452	0	77558
2420	76381	542	1098	514	0	78535
2421	76675	516	572	607	0	78370
2422	2614	516	74599	608	0	78337
2423	1660	397	1578	73703	0	77338
2424	1122	304	75114	1716	0	78256
2425	969	293	1757	74550	0	77569
2426	896	346	75639	1779	0	78660
2427	861	377	1817	73552	0	76607
2428	745	323	1165	75662	0	77895
2429	74863	246	606	2522	0	78237
2430	74961	251	544	1525	0	77281
2431	75680	203	624	830	0	77337
2432	2633	249	667	70629	0	74178
2433	1428	67433	665	1811	0	71337
2434	863	70686	541	1419	0	73509
2435	69660	2028	444	755	0	72887
2436	2040	1098	68878	556	0	72572
2437	68568	406	1724	522	0	71220
2438	2136	432	68654	515	0	71737
2439	68837	377	1734	593	0	71541
2440	68558	312	1147	646	0	70663
2441	2463	275	69099	760	0	72597
2442	68747	216	1718	813	0	71494
2443	69348	249	1229	650	0	71476
2444	69400	288	719	606	0	71013
2445	2584	70355	587	680	0	74206
2446	1464	2081	667	68040	0	72252
2447	877	952	68772	1701	0	72302
2448	938	450	68885	1115	0	71388
2449	739	63783	2109	635	0	67266
2450	517	51197	983	338	0	53035
2451	828	1032	804	46323	0	48987
2452	45470	529	321	826	0	47146
2453	852	46765	278	691	0	48586
2454	846	778	217	44639	0	46480
2455	435	46859	194	732	0	48220
2456	44851	827	187	542	0	46407
2457	926	585	217	45083	0	46811
2458	691	293	44471	792	0	46247
2459	429	43493	774	575	0	45271
2460	320	43106	574	308	0	44308
2461	350	1027	337	38234	0	39948
2462	261	41736	293	620	0	42910
2463	325	784	184	40705	0	41998
2464	41167	531	189	746	0	42633
2465	41220	291	171	508	0	42190
2466	42156	197	201	255	0	42809
2467	42353	199	208	227	0	42987
2468	1223	223	42518	225	0	44189
2469	666	41253	676	210	0	42805
2470	345	40652	483	179	0	41659
2471	142	34897	173	132	0	35344
2472	141	34349	126	98	0	34714
2473	32480	529	409	149	0	33567
2474	31780	196	94	69	0	32139
2475	32111	56	79	76	0	32322
2476	32143	38	33	64	0	32278
2477	462	73	31494	34	0	32063
2478	32983	43	257	84	0	33367
2479	33901	41	178	54	0	34174
2480	34274	34	59	52	0	34419
2481	475	43	43	33698	0	34259
2482	234	37	36	34062	0	34369
2483	34306	48	39	408	0	34801
2484	309	50	32	33291	0	33682
2485	209	33436	65	345	0	34055
2486	110	264	41	33722	0	34137
2487	98	171	23	33449	0	33741
2488	92	34270	52	429	0	34843
2489	80	277	45	34051	0	34453
2490	86	189	30	34314	0	34619
2491	33725	65	60	430	0	34280
2492	428	86	32704	246	0	33464
2493	32087	66	262	114	0	32529
2494	345	94	33157	79	0	33675
2495	237	90	32273	75	0	32675
2496	122	77	32761	67	0	33027
2497	31573	73	459	76	0	32181
2498	349	86	34055	79	0	34569
2499	32733	73	337	106	0	33249
2500	33731	65	193	88	0	34077
2501	33849	69	74	97	0	34089
2502	460	33985	73	88	0	34606
2503	34006	317	40	88	0	34451
2504	332	34911	47	147	0	35437
2505	250	333	46	34670	0	35299
2506	139	240	35	34096	0	34510
2507	128	34490	75	467	0	35160
2508	111	35161	78	285	0	35635
2509	125	35804	79	104	0	36112
2510	35252	477	64	82	0	35875
2511	363	36485	81	88	0	37017
2512	36346	352	61	80	0	36839
2513	416	291	35169	62	0	35938
2514	35028	133	302	84	0	35547
2515	36314	108	213	79	0	36714
2516	579	149	34983	74	0	35785
2517	368	96	301	34150	0	34915
2518	203	123	35439	362	0	36127
2519	185	96	324	34771	0	35376
2520	165	89	225	35357	0	35836
2521	35376	85	87	516	0	36064
2522	35194	88	108	295	0	35685
2523	525	35165	89	245	0	36024
2524	35741	346	63	119	0	36269
2525	438	314	35695	106	0	36553
2526	35320	110	326	145	0	35901
2527	490	128	37979	132	0	38729
2528	389	127	37964	98	0	38578
2529	38369	134	557	118	0	39178
2530	39792	83	297	112	0	40284
2531	683	117	40734	104	0	41638
2532	421	110	418	38227	0	39176
2533	204	102	303	40856	0	41465
2534	193	148	40435	643	0	41419
2535	195	149	414	38338	0	39096
2536	221	40400	325	404	0	41350
2537	231	448	134	41300	0	42113
2538	246	335	124	41117	0	41822
2539	324	169	40259	577	0	41329
2540	36451	119	439	371	0	37380
2541	39802	118	325	160	0	40405
2542	39724	79	170	168	0	40141
2543	39124	71	157	138	0	39490
2544	824	38744	157	181	0	39906
2545	500	373	144	36822	0	37839
2546	372	303	36543	447	0	37665
2547	287	144	36901	395	0	37727
2548	300	113	571	35161	0	36145
2549	218	137	36331	495	0	37181
2550	33750	77	431	359	0	34617
2551	470	110	279	35652	0	36511
2552	348	81	123	36170	0	36722
2553	164	105	113	36145	0	36527
2554	35234	111	107	653	0	36105
2555	385	35845	132	475	0	36837
2556	35729	352	129	228	0	36438
2557	35704	235	140	196	0	36275
2558	585	35253	180	184	0	36202
2559	367	35485	186	160	0	36198
2560	36150	453	181	104	0	36888
2561	436	235	223	35903	0	36797
2562	366	81	181	36186	0	36814
2563	37738	60	189	528	0	38515
2564	545	107	37469	257	0	38378
2565	36614	99	443	142	0	37298
2566	37827	59	312	110	0	38308
2567	709	38958	150	253	0	40070
2568	40755	427	77	129	0	41388
2569	39821	266	87	147	0	40321
2570	704	46247	107	134	0	47192
2571	270	46576	99	245	0	47190
2572	111	717	158	44959	0	45945
2573	44889	356	169	548	0	45962
2574	503	46543	86	368	0	47500
2575	375	542	44	46629	0	47590
2576	46591	306	53	554	0	47504
2577	622	139	46719	362	0	47842
2578	381	54	544	45647	0	46626
2579	171	90	46556	572	0	47389
2580	43213	56	614	400	0	44283
2581	46098	54	351	171	0	46674
2582	886	105	46337	109	0	47437
2583	446	45692	612	245	0	46995
2584	190	623	367	46121	0	47301
2585	165	368	47570	593	0	48696
2586	137	110	590	46784	0	47621
2587	121	64	374	48490	0	49049
2588	140	88	47860	864	0	48952
2589	43894	64	635	515	0	45108
2590	47478	57	389	218	0	48142
2591	994	91	47651	132	0	48868
2592	470	47610	671	256	0	49007
2593	228	619	388	44118	0	45353
2594	134	47569	200	555	0	48458
2595	146	48133	124	347	0	48750
2596	47361	914	165	230	0	48670
2597	617	419	73	47697	0	48806
2598	404	156	80	47643	0	48283
2599	216	143	48231	923	0	49513
2600	168	136	48133	453	0	48890
2601	161	77	909	46861	0	48008
2602	149	89	433	48594	0	49265
2603	162	145	48252	952	0	49511
2604	159	147	48343	497	0	49146
2605	144	118	975	47713	0	48950
2606	48401	119	499	762	0	49781
2607	664	49489	240	610	0	51003
2608	49078	686	149	241	0	50154
2609	786	49971	160	192	0	51109
2610	476	50506	155	253	0	51390
2611	49042	1007	148	177	0	50374
2612	766	530	49436	255	0	50987
2613	494	179	721	48750	0	50144
2614	243	147	486	50159	0	51035
2615	206	108	204	53719	0	54237
2616	202	150	53272	1195	0	54819
2617	188	112	801	53223	0	54324
2618	53801	130	508	928	0	55367
2619	828	124	230	54700	0	55882
2620	534	119	158	57305	0	58116
2621	56987	133	151	1345	0	58616
2622	55553	105	151	731	0	56540
2623	1236	56333	216	369	0	58154
2624	694	837	57056	210	0	58797
2625	338	539	55724	193	0	56794
2626	248	231	56409	208	0	57096
2627	183	53339	1381	216	0	55119
2628	287	882	778	50915	0	52862
2629	152	502	255	52671	0	53580
2630	52300	205	186	1221	0	53912
2631	844	135	182	51346	0	52507
2632	574	182	51289	972	0	53017
2633	262	124	861	51242	0	52489
2634	197	117	573	51469	0	52356
2635	224	163	51046	1314	0	52747
2636	166	49945	937	794	0	51842
2637	279	803	600	42881	0	44563
2638	177	49539	334	776	0	50826
2639	202	893	49310	570	0	50975
2640	47941	533	919	314	0	49707
2641	49233	226	618	255	0	50332
2642	49846	198	275	249	0	50568
2643	1367	189	215	47621	0	49392
2644	654	49417	263	922	0	51256
2645	49206	841	226	633	0	50906
2646	49429	538	219	390	0	50576
2647	48396	259	251	318	0	49224
2648	1346	212	48148	321	0	50027
2649	46109	154	872	333	0	47468
2650	951	47659	656	376	0	49642
2651	46775	818	310	304	0	48207
2652	930	47448	311	352	0	49041
2653	47713	893	225	288	0	49119
2654	1037	599	47674	270	0	49580
2655	46674	281	890	301	0	48146
2656	47699	172	615	248	0	48734
2657	45700	191	290	277	0	46458
2658	48274	176	219	233	0	48902
2659	1412	218	47123	243	0	48996
2660	803	155	905	46030	0	47893
2661	45905	164	636	914	0	47619
2662	919	46029	354	729	0	48031
2663	639	811	217	44406	0	46073
2664	416	527	44376	910	0	46229
2665	314	449	815	43663	0	45241
2666	353	151	44183	967	0	45654
2667	282	41948	937	753	0	43920
2668	257	39400	587	356	0	40600
2669	301	39304	301	306	0	40212
2670	278	847	255	32848	0	34228
2671	242	396	190	32510	0	33338
2672	246	265	31810	768	0	33089
2673	196	30948	640	435	0	32219
2674	28997	520	331	190	0	30038
2675	460	29017	176	179	0	29832
2676	353	29154	152	348	0	30007
2677	390	637	193	27909	0	29129
2678	27864	339	152	481	0	28836
2679	28045	154	146	361	0	28706
2680	668	128	136	27786	0	28718
2681	27829	109	105	506	0	28549
2682	500	118	100	27731	0	28449
2683	344	123	27370	528	0	28365
2684	26848	131	453	383	0	27815
2685	526	134	309	26378	0	27347
2686	359	157	26153	460	0	27129
2687	196	166	25841	324	0	26527
2688	179	135	602	25607	0	26523
2689	26288	124	312	473	0	27197
2690	25967	135	144	320	0	26566
2691	634	26235	153	246	0	27268
2692	27081	465	95	179	0	27820
2693	27073	274	109	166	0	27622
2694	27178	121	122	160	0	27581
2695	684	27325	143	203	0	28355
2696	27486	380	119	157	0	28142
2697	27671	268	105	138	0	28182
2698	685	116	110	27292	0	28203
2699	26085	89	119	393	0	26686
2700	498	25750	136	309	0	26693
2701	388	26020	124	151	0	26683
2702	240	517	112	25446	0	26315
2703	240	340	75	25122	0	25777
2704	227	25838	103	466	0	26634
2705	25298	329	89	250	0	25966
2706	422	24750	111	133	0	25416
2707	23789	281	76	88	0	24234
2708	397	24428	103	134	0	25062
2709	367	311	62	22058	0	22798
2710	208	24051	76	260	0	24595
2711	23775	347	325	265	0	24712
2712	23690	227	117	118	0	24152
2713	23502	123	162	128	0	23915
2714	473	128	22683	119	0	23403
2715	256	100	19767	82	0	20205
2716	127	19345	299	85	0	19856
2717	123	219	18876	83	0	19301
2718	131	268	17909	61	0	18369
2719	129	565	259	14486	0	15439
2720	67	57	15590	111	0	15825
2721	45	15695	89	151	0	15980
2722	15488	99	75	35	0	15697
2723	104	15520	32	56	0	15712
2724	102	15699	41	51	0	15893
2725	15886	156	33	121	0	16196
2726	15827	78	37	55	0	15997
2727	147	16578	42	48	0	16815
2728	16745	110	30	40	0	16925
2729	16575	88	40	33	0	16736
2730	16598	37	30	61	0	16726
2731	156	50	16323	42	0	16571
2732	97	73	16154	48	0	16372
2733	47	55	131	16239	0	16472
2734	51	35	58	16920	0	17064
2735	17017	39	21	148	0	17225
2736	102	16918	31	87	0	17138
2737	106	99	24	17473	0	17702
2738	58	166	20	17655	0	17899
2739	60	37	26	18005	0	18128
2740	64	27	25	18241	0	18357
2741	61	45	18341	181	0	18628
2742	63	34	18230	117	0	18444
2743	46	25	187	18363	0	18621
2744	78	38	19020	134	0	19270
2745	17855	31	147	123	0	18156
2746	147	30	118	19022	0	19317
2747	128	35	19289	134	0	19586
2748	17197	27	147	144	0	17515
2749	159	19176	127	58	0	19520
2750	18869	100	36	41	0	19046
2751	124	19585	47	49	0	19805
2752	120	112	33	19222	0	19487
2753	64	113	19525	110	0	19812
2754	50	41	108	18692	0	18891
2755	51	55	19071	131	0	19308
2756	18318	60	107	112	0	18597
2757	153	29	89	19298	0	19569
2758	19460	23	31	129	0	19643
2759	141	40	19465	98	0	19744
2760	20354	27	122	54	0	20557
2761	22734	35	87	49	0	22905
2762	270	43	23182	42	0	23537
2763	155	68	171	22517	0	22911
2764	63	40	23346	165	0	23614
2765	51	23414	186	130	0	23781
2766	22783	241	217	110	0	23351
2767	22558	95	70	98	0	22821
2768	247	40	23049	26	0	23362
2769	136	44	22935	35	0	23150
2770	55	23	234	22408	0	22720
2771	50	21	114	23259	0	23444
2772	23348	23	53	222	0	23646
2773	153	23522	57	118	0	23850
2774	23902	133	41	65	0	24141
2775	23995	98	39	60	0	24192
2776	249	36	23679	45	0	24009
2777	22561	23	176	50	0	22810
2778	190	34	23867	42	0	24133
2779	161	18	152	23811	0	24142
2780	71	38	25106	153	0	25368
2781	76	16	167	24615	0	24874
2782	55	32	25115	156	0	25358
2783	24109	20	167	140	0	24436
2784	24728	16	140	60	0	24944
2785	282	16	55	24604	0	24957
2786	25212	20	60	191	0	25483
2787	184	17	60	25324	0	25585
2788	137	25992	77	169	0	26375
2789	25641	137	39	162	0	25979
2790	179	25756	65	94	0	26094
2791	161	188	47	25396	0	25792
2792	72	106	58	24852	0	25088
2793	69	31	55	24740	0	24895
2794	68	27	39	24545	0	24679
2795	53	60	23868	269	0	24250
2796	20769	38	152	179	0	21138
2797	22775	37	108	99	0	23019
2798	240	23370	63	87	0	23760
2799	155	141	55	23162	0	23513
2800	79	143	51	23466	0	23739
2801	78	40	23198	249	0	23565
2802	21888	32	185	153	0	22258
2803	169	27	136	22804	0	23136
2804	146	39	22863	184	0	23232
2805	22322	28	178	172	0	22700
2806	23265	28	125	75	0	23493
2807	23359	13	63	71	0	23506
2808	278	51	22683	64	0	23076
2809	175	28	22262	64	0	22529
2810	21892	26	215	59	0	22192
2811	187	28	152	22496	0	22863
2812	136	25	63	23087	0	23311
2813	80	53	23290	227	0	23650
2814	21901	21	163	154	0	22239
2815	201	17	116	23502	0	23836
2816	24598	22	63	228	0	24911
2817	24602	13	71	158	0	24844
2818	24675	40	50	96	0	24861
2819	276	26	25591	91	0	25984
2820	175	14	176	25250	0	25615
2821	25815	31	139	194	0	26179
2822	221	26699	74	191	0	27185
2823	180	153	62	26911	0	27306
2824	96	111	58	27193	0	27458
2825	26774	28	53	305	0	27160
2826	26470	25	66	164	0	26725
2827	305	26	55	26177	0	26563
2828	183	41	26209	212	0	26645
2829	25374	29	187	164	0	25754
2830	238	43	27206	83	0	27570
2831	26951	33	190	92	0	27266
2832	27255	18	171	98	0	27542
2833	331	46	27732	82	0	28191
2834	215	37	216	27901	0	28369
2835	102	59	29711	252	0	30124
2836	102	31358	249	249	0	31958
2837	138	256	169	29046	0	29609
2838	75	31873	104	229	0	32281
2839	102	217	53	31750	0	32122
2840	95	159	32102	280	0	32636
2841	74	32293	258	224	0	32849
2842	71	32733	195	130	0	33129
2843	133	461	86	32493	0	33173
2844	32699	178	55	285	0	33217
2845	286	77	32	35756	0	36151
2846	35926	41	44	359	0	36370
2847	326	36700	59	291	0	37376
2848	39477	309	37	100	0	39923
2849	463	250	42676	85	0	43474
2850	325	73	398	41703	0	42499
2851	109	35	270	42045	0	42459
2852	99	99	42288	654	0	43140
2853	39619	38	412	339	0	40408
2854	41185	61	277	102	0	41625
2855	644	42534	101	100	0	43379
2856	425	481	93	36008	0	37007
2857	96	41704	89	518	0	42407
2858	113	430	42010	264	0	42817
2859	105	299	42234	136	0	42774
2860	193	620	639	39148	0	40600
2861	38831	53	309	417	0	39610
2862	349	38239	76	327	0	38991
2863	38716	335	36	61	0	39148
2864	386	300	38100	48	0	38834
2865	38057	60	345	68	0	38530
2866	38976	49	248	61	0	39334
2867	603	55	39114	50	0	39822
2868	312	31	371	38219	0	38933
2869	39550	43	270	362	0	40225
2870	39616	45	70	277	0	40008
2871	39798	46	61	88	0	39993
2872	640	48	67	39350	0	40105
2873	337	68	39461	367	0	40233
2874	38065	31	376	313	0	38785
2875	443	81	40513	80	0	41117
2876	333	37	399	39513	0	40282
2877	149	60	281	38593	0	39083
2878	109	40424	113	653	0	41299
2879	144	382	40173	355	0	41054
2880	148	39321	418	127	0	40014
2881	160	39513	348	124	0	40145
2882	119	634	134	39285	0	40172
2883	142	311	39646	405	0	40504
2884	115	96	417	39038	0	39666
2885	144	88	40128	452	0	40812
2886	142	65	409	39096	0	39712
2887	127	82	325	39214	0	39748
2888	148	88	38427	640	0	39303
2889	134	71	429	37379	0	38013
2890	172	97	39249	438	0	39956
2891	162	85	38712	358	0	39317
2892	136	38692	682	212	0	39722
2893	38729	385	351	154	0	39619
2894	510	336	38809	104	0	39759
2895	35299	115	500	155	0	36069
2896	471	71	365	39007	0	39914
2897	372	117	39024	469	0	39982
2898	138	38944	468	484	0	40034
2899	157	419	378	38787	0	39741
2900	158	359	39437	449	0	40403
2901	171	162	463	36319	0	37115
2902	144	39405	402	444	0	40395
2903	39599	446	179	351	0	40575
2904	472	345	146	39882	0	40845
2905	39874	126	136	518	0	40654
2906	39747	115	167	408	0	40437
2907	40260	92	147	220	0	40719
2908	40515	129	171	161	0	40976
2909	39877	101	137	211	0	40326
2910	718	39330	191	235	0	40474
2911	430	418	174	39169	0	40191
2912	248	318	155	39279	0	40000
2913	235	107	161	39261	0	39764
2914	223	130	38422	703	0	39478
2915	214	38095	471	451	0	39231
2916	39283	414	386	197	0	40280
2917	39190	327	213	191	0	39921
2918	810	39324	218	225	0	40577
2919	405	39362	212	257	0	40236
2920	38426	704	247	203	0	39580
2921	566	397	37922	185	0	39070
2922	459	188	543	36227	0	37417
2923	37038	122	416	530	0	38106
2924	567	127	183	35844	0	36721
2925	407	36854	192	515	0	37968
2926	204	530	183	36869	0	37786
2927	185	369	36959	561	0	38074
2928	34852	124	613	412	0	36001
2929	37130	88	387	194	0	37799
2930	836	105	176	36030	0	37147
2931	497	107	140	36535	0	37279
2932	35231	83	158	798	0	36270
2933	561	35326	192	447	0	36526
2934	441	413	169	34264	0	35287
2935	276	334	132	34218	0	34960
2936	30891	62	120	708	0	31781
2937	480	31709	154	415	0	32758
2938	31588	384	101	161	0	32234
2939	499	32137	120	155	0	32911
2940	351	32247	113	188	0	32899
2941	31491	552	159	128	0	32330
2942	449	32088	124	160	0	32821
2943	320	922	234	30776	0	32252
2944	334	304	30867	463	0	31968
2945	110	100	27079	262	0	27551
2946	81	59	26850	114	0	27104
2947	104	26536	612	90	0	27342
2948	23231	348	428	51	0	24058
2949	281	168	48	21525	0	22022
2950	187	47	32	22287	0	22553
2951	69	45	22023	406	0	22543
2952	20530	44	294	218	0	21086
2953	289	42	178	22560	0	23069
2954	188	45	46	22816	0	23095
2955	76	28	32	22661	0	22797
2956	21869	35	35	446	0	22385
2957	306	43	21673	207	0	22229
2958	20939	36	271	79	0	21325
2959	303	34	168	21448	0	21953
2960	200	54	21557	305	0	22116
2961	20259	43	266	203	0	20771
2962	324	69	21995	80	0	22468
2963	287	78	286	20949	0	21600
2964	107	68	22043	298	0	22516
2965	83	62	21243	192	0	21580
2966	19118	42	561	107	0	19828
2967	320	59	20640	83	0	21102
2968	196	40	322	19652	0	20210
2969	20108	39	273	301	0	20721
2970	290	52	89	20158	0	20589
2971	199	73	20082	303	0	20657
2972	94	55	20067	198	0	20414
2973	80	19978	445	120	0	20623
2974	69	310	203	19535	0	20117
2975	19029	170	90	311	0	19600
2976	289	18881	75	238	0	19483
2977	19071	270	55	106	0	19502
2978	300	170	75	18702	0	19247
2979	18700	61	74	313	0	19148
2980	311	18572	78	250	0	19211
2981	216	270	74	18359	0	18919
2982	18440	173	66	300	0	18979
2983	310	18588	84	215	0	19197
2984	211	270	75	18474	0	19030
2985	108	180	73	18415	0	18776
2986	18575	49	91	425	0	19140
2987	300	42	92	18547	0	18981
2988	211	39	95	18652	0	18997
2989	98	38	106	19065	0	19307
2990	106	50	17779	470	0	18405
2991	16933	35	334	274	0	17576
2992	324	40	242	21590	0	22196
2993	253	46	22669	375	0	23343
2994	21674	45	401	294	0	22414
2995	408	57	23343	157	0	23965
2996	292	48	429	21849	0	22618
2997	99	22748	298	409	0	23554
2998	113	368	104	23056	0	23641
2999	120	244	23114	454	0	23932
3000	142	99	23201	295	0	23737
3001	124	66	608	22985	0	23783
3002	116	75	23159	452	0	23802
3003	21707	71	447	333	0	22558
3004	448	93	22871	141	0	23553
3005	275	90	446	21889	0	22700
3006	131	64	293	22534	0	23022
3007	106	80	137	22390	0	22713
3008	22034	63	105	668	0	22870
3009	22080	47	118	362	0	22607
3010	22359	53	114	190	0	22716
3011	656	57	90	22043	0	22846
3012	323	82	98	22456	0	22959
3013	138	47	21962	705	0	22852
3014	153	45	22004	369	0	22571
3015	118	21731	623	210	0	22682
3016	207	444	265	18659	0	19575
3017	145	171	124	17534	0	17974
3018	113	18901	127	467	0	19608
3019	18690	257	113	294	0	19354
3020	303	18953	140	155	0	19551
3021	18793	287	110	134	0	19324
3022	358	196	121	18622	0	19297
3023	18768	51	130	353	0	19302
3024	336	38	133	18840	0	19347
3025	275	53	18474	366	0	19168
3026	105	45	348	18641	0	19139
3027	18178	36	271	363	0	18848
3028	333	44	135	18306	0	18818
3029	266	39	115	18268	0	18688
3030	109	43	18212	561	0	18925
3031	123	26	332	18303	0	18784
3032	123	39	233	17877	0	18272
3033	125	17937	117	510	0	18689
3034	113	256	89	18053	0	18511
3035	147	187	71	18161	0	18566
3036	120	63	86	17665	0	17934
3037	76	16919	91	509	0	17595
3038	75	233	58	16045	0	16411
3039	15133	146	48	300	0	15627
3040	229	15150	69	265	0	15713
3041	147	13970	42	96	0	14255
3042	48	13862	49	98	0	14057
3043	65	482	66	12223	0	12836
3044	52	12960	99	219	0	13330
3045	87	13159	111	179	0	13536
3046	12638	202	166	86	0	13092
3047	179	135	12348	108	0	12770
3048	12022	69	201	114	0	12406
3049	155	59	190	12394	0	12798
3050	110	61	12327	232	0	12730
3051	11779	50	282	206	0	12317
3052	165	43	12126	180	0	12514
3053	138	25	11926	133	0	12222
3054	12057	20	375	127	0	12579
3055	202	19	243	12336	0	12800
3056	170	32	12450	283	0	12935
3057	12167	12	240	292	0	12711
3058	12478	21	179	233	0	12911
3059	335	29	12639	201	0	13204
3060	12692	17	186	178	0	13073
3061	12985	14	156	172	0	13327
3062	363	29	12514	191	0	13097
3063	12538	18	209	213	0	12978
3064	12710	32	221	175	0	13138
3065	284	54	12846	155	0	13339
3066	145	94	13546	155	0	13940
3067	66	80	316	13456	0	13918
3068	82	100	13731	335	0	14248
3069	13447	123	180	242	0	13992
3070	243	157	128	13454	0	13982
3071	225	124	45	13500	0	13894
3072	172	116	13338	324	0	13950
3073	172	85	164	13140	0	13561
3074	171	78	13380	274	0	13903
3075	13201	52	199	268	0	13720
3076	13551	39	187	186	0	13963
3077	336	49	13507	197	0	14089
3078	13369	41	188	203	0	13801
3079	13656	33	162	226	0	14077
3080	306	52	13696	238	0	14292
3081	13785	32	213	233	0	14263
3082	14050	39	170	239	0	14498
3083	280	63	13869	244	0	14456
3084	13517	86	189	228	0	14020
3085	185	85	14148	268	0	14686
3086	135	62	163	13939	0	14299
3087	52	80	116	14130	0	14378
3088	57	149	47	14414	0	14667
3089	70	93	14038	425	0	14626
3090	13027	102	163	290	0	13582
3091	197	160	13688	165	0	14210
3092	78	9895	99	82	0	10154
3093	19	9151	61	65	0	9296
3094	8116	87	135	27	0	8365
3095	57	65	11	8133	0	8266
3096	52	8366	18	54	0	8490
3097	7969	33	8	41	0	8051
3098	7721	25	11	26	0	7783
3099	60	8233	18	15	0	8326
3100	46	44	8	7616	0	7714
3101	8	8197	16	46	0	8267
3102	8203	35	15	38	0	8291
3103	8155	27	10	21	0	8213
3104	65	8	12	7909	0	7994
3105	8038	4	11	38	0	8091
3106	58	13	5	8022	0	8098
3107	45	13	7966	42	0	8066
3108	7635	6	45	41	0	7727
3109	50	14	8101	10	0	8175
3110	46	3	50	7792	0	7891
3111	8040	4	43	49	0	8136
3112	55	6	18	8109	0	8188
3113	47	8	8134	44	0	8233
3114	24	12	7933	46	0	8015
3115	20	71	75	8012	0	8178
3116	8057	3	76	49	0	8185
3117	51	8207	27	53	0	8338
3118	44	36	14	8129	0	8223
3119	22	42	8280	36	0	8380
3120	7821	7	73	48	0	7949
3121	8429	9	47	12	0	8497
3122	88	11	8515	16	0	8630
3123	8314	10	52	17	0	8393
3124	62	5	41	8651	0	8759
3125	59	11	8664	55	0	8789
3126	8447	9	53	41	0	8550
3127	60	4	43	8515	0	8622
3128	46	5	18	8403	0	8472
3129	8528	8	21	76	0	8633
3130	55	8265	18	46	0	8384
3131	43	8455	13	22	0	8533
3132	8420	64	12	22	0	8518
3133	7930	34	18	16	0	7998
3134	81	9	8608	13	0	8711
3135	58	8	8559	14	0	8639
3136	27	37	84	8597	0	8745
3137	8892	4	61	59	0	9016
3138	8750	1	21	48	0	8820
3139	8754	4	25	28	0	8811
3140	83	8828	26	33	0	8970
3141	58	8986	24	25	0	9093
3142	24	83	25	9190	0	9322
3143	22	42	22	9138	0	9224
3144	32	17	15	9351	0	9415
3145	35	20	9388	88	0	9531
3146	32	21	8738	40	0	8831
3147	8961	13	98	28	0	9100
3148	9412	12	49	22	0	9495
3149	111	9	20	9372	0	9512
3150	59	13	23	9379	0	9474
3151	31	8	21	9576	0	9636
3152	30	17	9456	103	0	9606
3153	41	23	9271	43	0	9378
3154	32	8	128	9175	0	9343
3155	30	19	9352	80	0	9481
3156	23	9179	70	68	0	9340
3157	23	9442	43	30	0	9538
3158	9297	92	22	27	0	9438
3159	75	9148	23	23	0	9269
3160	52	80	18	9261	0	9411
3161	26	67	17	9238	0	9348
3162	32	9598	23	110	0	9763
3163	32	75	14	9712	0	9833
3164	25	50	9472	98	0	9645
3165	29	9367	94	106	0	9596
3166	16	72	50	8680	0	8818
3167	29	46	8682	111	0	8868
3168	15	8633	78	66	0	8792
3169	23	97	47	8175	0	8342
3170	18	8736	21	64	0	8839
3171	22	73	17	8700	0	8812
3172	34	55	16	8231	0	8336
3173	15	8645	29	96	0	8785
3174	8224	68	24	58	0	8374
3175	8033	47	16	23	0	8119
3176	101	8323	24	33	0	8481
3177	47	8339	21	29	0	8436
3178	28	99	18	8283	0	8428
3179	17	63	8179	71	0	8330
3180	7631	17	64	59	0	7771
3181	7879	14	51	29	0	7973
3182	111	26	7736	26	0	7899
3183	7551	13	70	34	0	7668
3184	7783	14	55	21	0	7873
3185	108	23	7562	24	0	7717
3186	7237	11	77	29	0	7354
3187	84	16	7810	30	0	7940
3188	58	7688	85	19	0	7850
3189	7718	67	47	27	0	7859
3190	7711	53	11	25	0	7800
3191	115	27	7744	24	0	7910
3192	7730	19	66	21	0	7836
3193	7803	23	49	36	0	7911
3194	108	24	7919	21	0	8072
3195	7854	18	66	29	0	7967
3196	8047	17	52	27	0	8143
3197	109	25	7969	23	0	8126
3198	7920	18	76	28	0	8042
3199	79	15	55	7701	0	7850
3200	64	13	20	7736	0	7833
3201	32	20	7649	108	0	7809
3202	27	18	7598	60	0	7703
3203	19	18	105	7574	0	7716
3204	31	15	50	7707	0	7803
3205	8143	15	20	107	0	8285
3206	88	29	8100	51	0	8268
3207	8091	12	84	32	0	8219
3208	113	21	59	8453	0	8646
3209	50	19	8775	84	0	8928
3210	9638	33	79	61	0	9811
3211	93	31	48	10193	0	10365
3212	64	22	10210	92	0	10388
3213	9773	13	83	72	0	9941
3214	89	43	61	10019	0	10212
3215	10032	19	18	84	0	10153
3216	97	10	10715	60	0	10882
3217	61	11	94	9517	0	9683
3218	18	11116	63	73	0	11270
3219	11064	126	62	56	0	11308
3220	10958	53	20	21	0	11052
3221	117	11362	17	28	0	11524
3222	11211	74	13	18	0	11316
3223	11167	44	15	24	0	11250
3224	11117	13	11	12	0	11153
3225	135	11096	17	31	0	11279
3226	60	83	15	11186	0	11344
3227	31	48	11355	86	0	11520
3228	30	12	82	11056	0	11180
3229	26	7	62	11277	0	11372
3230	34	11	11302	130	0	11477
3231	31	11	11051	61	0	11154
3232	34	14	129	9828	0	10005
3233	20	11159	64	87	0	11330
3234	11008	75	23	48	0	11154
3235	10646	92	30	27	0	10795
3236	133	11030	19	35	0	11217
3237	11060	80	19	19	0	11178
3238	10943	50	16	59	0	11068
3239	144	22	11034	12	0	11212
3240	10603	13	92	24	0	10732
3241	111	11099	54	40	0	11304
3242	76	96	10899	19	0	11090
3243	53	58	10795	17	0	10923
3244	33	10827	134	44	0	11038
3245	10697	75	97	32	0	10901
3246	100	60	10762	16	0	10938
3247	66	7	88	10505	0	10666
3248	35	25	10834	79	0	10973
3249	10143	20	90	54	0	10307
3250	98	21	12500	36	0	12655
3251	78	84	12398	20	0	12580
3252	11965	14	116	29	0	12124
3253	93	12844	60	29	0	13026
3254	12914	80	28	27	0	13049
3255	13305	38	23	46	0	13412
3256	126	37	23	12951	0	13137
3257	64	14219	30	92	0	14405
3258	14243	69	29	64	0	14405
3259	96	69	14480	19	0	14664
3260	13595	18	80	27	0	13720
3261	86	14366	52	45	0	14549
3262	14045	70	20	34	0	14169
3263	13924	40	29	21	0	14014
3264	106	14267	29	37	0	14439
3265	58	74	22	14307	0	14461
3266	14557	33	32	71	0	14693
3267	87	14591	34	55	0	14767
3268	57	81	23	14662	0	14823
3269	14972	47	30	83	0	15132
3270	105	19	25	15834	0	15983
3271	78	29	21	15625	0	15753
3272	42	15995	33	156	0	16226
3273	15944	111	17	88	0	16160
3274	16145	80	30	38	0	16293
3275	16344	25	27	35	0	16431
3276	194	16797	27	26	0	17044
3277	16935	107	29	37	0	17108
3278	16940	73	24	25	0	17062
3279	193	42	25	16729	0	16989
3280	103	20	19	16871	0	17013
3281	65	35	16817	168	0	17085
3282	56	36	112	16274	0	16478
3283	48	25	74	16465	0	16612
3284	68	24	16753	154	0	16999
3285	14448	41	132	124	0	14745
3286	142	37	16768	46	0	16993
3287	117	39	17013	28	0	17197
3288	52	33	169	16636	0	16890
3289	55	22	81	16779	0	16937
3290	43	17569	48	178	0	17838
3291	17398	117	21	86	0	17622
3292	17012	79	17	43	0	17151
3293	190	17613	35	33	0	17871
3294	103	18633	37	73	0	18846
3295	83	218	20	17859	0	18180
3296	44	19582	36	127	0	19789
3297	19517	165	31	93	0	19806
3298	19429	106	27	48	0	19610
3299	264	29	34	19249	0	19576
3300	141	27	21	19487	0	19676
3301	19556	19	27	252	0	19854
3302	198	37	19171	118	0	19524
3303	18997	29	160	62	0	19248
3304	208	36	19225	48	0	19517
3305	18545	29	171	41	0	18786
3306	190	39	110	18837	0	19176
3307	140	24	19289	162	0	19615
3308	62	49	18673	107	0	18891
3309	17755	62	321	99	0	18237
3310	17351	15	139	24	0	17529
3311	206	18176	34	34	0	18450
3312	113	133	14	18764	0	19024
3313	41	101	18	19207	0	19367
3314	19026	25	15	259	0	19325
3315	178	19118	19	138	0	19453
3316	18330	163	11	56	0	18560
3317	172	18460	18	29	0	18679
3318	115	18281	18	33	0	18447
3319	18179	234	8	21	0	18442
3320	194	123	17818	24	0	18159
3321	121	20	158	17576	0	17875
3322	39	36	96	17930	0	18101
3323	36	27	17918	266	0	18247
3324	32	18	157	17518	0	17725
3325	37	14	104	16736	0	16891
3326	20	18017	28	270	0	18335
3327	17785	154	23	128	0	18090
3328	194	118	18000	42	0	18354
3329	16950	20	163	41	0	17174
3330	178	17990	125	33	0	18326
3331	130	166	28	18138	0	18462
3332	18865	101	14	192	0	19172
3333	178	22	22	18865	0	19087
3334	122	18	13	18964	0	19117
3335	59	36	18741	271	0	19107
3336	17367	14	168	156	0	17705
3337	18673	19	108	64	0	18864
3338	280	29	18728	49	0	19086
3339	143	17	168	18411	0	18739
3340	58	33	18821	186	0	19098
3341	18098	20	174	130	0	18422
3342	19124	10	122	73	0	19329
3343	272	15	28	18969	0	19284
3344	18949	23	18	195	0	19185
3345	205	29	20147	130	0	20511
3346	136	21	172	20079	0	20408
3347	42	20	115	20383	0	20560
3348	49	23	28	20739	0	20839
3349	33	21	24	20787	0	20865
3350	18787	18	21	293	0	19119
3351	196	38	18481	139	0	18854
3352	137	21	171	18516	0	18845
3353	56	41	18433	206	0	18736
3354	44	43	18060	151	0	18298
3355	52	9	261	17741	0	18063
3356	28	19	129	18182	0	18358
3357	17277	20	30	293	0	17620
3358	179	16	33	17244	0	17472
3359	149	25	31	17273	0	17478
3360	48	22	21	17637	0	17728
3361	17289	25	30	347	0	17691
3362	17295	16	28	175	0	17514
3363	17495	27	20	59	0	17601
3364	17232	9	32	52	0	17325
3365	307	18684	32	89	0	19112
3366	152	193	37	18542	0	18924
3367	70	146	22	18889	0	19127
3368	19052	25	29	409	0	19515
3369	212	19982	49	220	0	20463
3370	174	194	17	20477	0	20862
3371	51	146	22316	263	0	22776
3372	22959	26	262	235	0	23482
3373	306	24748	213	74	0	25341
3374	25778	298	44	50	0	26170
3375	26058	241	25	49	0	26373
3376	570	34	28	25806	0	26438
3377	292	27	25885	367	0	26571
3378	81	27	332	26895	0	27335
3379	27186	17	242	400	0	27845
3380	368	32	37	27263	0	27700
3381	27340	14	31	397	0	27782
3382	371	27119	59	334	0	27883
3383	28502	351	27	115	0	28995
3384	423	264	27	28442	0	29156
3385	334	41	33	29863	0	30271
3386	30854	39	23	627	0	31543
3387	30654	26	34	327	0	31041
3388	30986	29	32	104	0	31151
3389	30743	28	21	103	0	30895
3390	30533	22	36	81	0	30672
3391	716	24	31	29947	0	30718
3392	373	66	29478	403	0	30320
3393	118	29214	385	395	0	30112
3394	28373	356	284	127	0	29140
3395	410	288	27599	75	0	28372
3396	26879	48	329	86	0	27342
3397	403	27509	282	87	0	28281
3398	27889	324	107	70	0	28390
3399	430	255	31	27633	0	28349
3400	351	44	31	27903	0	28329
3401	163	58	28007	595	0	28823
3402	116	30	329	27554	0	28029
3403	137	52	28937	375	0	29501
3404	144	58	28619	323	0	29144
3405	28699	39	560	139	0	29437
3406	29902	52	300	153	0	30407
3407	681	65	29379	109	0	30234
3408	28794	68	352	121	0	29335
3409	29541	53	267	109	0	29970
3410	696	63	29250	108	0	30117
3411	370	28763	365	141	0	29639
3412	284	363	286	29711	0	30644
3413	30815	252	87	366	0	31520
3414	31480	60	67	303	0	31910
3415	31612	41	59	133	0	31845
3416	31544	45	85	105	0	31779
3417	31441	60	115	115	0	31731
3418	699	77	31468	100	0	32344
3419	466	84	31970	82	0	32602
3420	258	116	532	31845	0	32751
3421	32798	76	310	383	0	33567
3422	32932	61	105	353	0	33451
3423	33259	67	115	192	0	33633
3424	32612	97	101	187	0	32997
3425	675	32984	121	207	0	33987
3426	425	35138	98	226	0	35887
3427	35458	514	99	175	0	36246
3428	35484	267	110	165	0	36026
3429	684	35753	119	210	0	36766
3430	36406	321	101	174	0	37002
3431	558	364	36225	162	0	37309
3432	487	73	330	35637	0	36527
3433	346	93	36597	400	0	37436
3434	370	88	36517	308	0	37283
3435	335	75	537	36341	0	37288
3436	326	58	301	37997	0	38682
3437	334	102	38801	566	0	39803
3438	309	73	355	37265	0	38002
3439	290	84	318	38869	0	39561
3440	38621	67	138	564	0	39390
3441	38516	83	137	332	0	39068
3442	732	63	126	38837	0	39758
3443	508	109	39593	384	0	40594
3444	270	39590	392	517	0	40769
3445	38800	322	359	178	0	39659
3446	557	289	41178	180	0	42204
3447	433	41051	474	224	0	42182
3448	234	42515	378	205	0	43332
3449	42665	479	175	179	0	43498
3450	43017	263	151	151	0	43582
3451	741	81	160	42359	0	43341
3452	493	102	46046	406	0	47047
3453	309	74	431	45813	0	46627
3454	296	54	381	46441	0	47172
3455	274	99	171	47024	0	47568
3456	46153	71	141	650	0	47015
3457	529	46180	212	384	0	47305
3458	468	49373	179	203	0	50223
3459	277	589	135	48498	0	49499
3460	282	299	134	49524	0	50239
3461	49206	88	126	646	0	50066
3462	46282	78	120	415	0	46895
3463	48809	69	142	184	0	49204
3464	771	49015	184	188	0	50158
3465	47814	285	122	166	0	48387
3466	498	291	162	47141	0	48092
3467	427	123	47030	349	0	47929
3468	343	98	44331	275	0	45047
3469	41771	51	532	187	0	42541
3470	410	112	43596	94	0	44212
3471	290	82	40855	79	0	41306
3472	36701	30	269	103	0	37103
3473	216	45	38834	67	0	39162
3474	138	87	38318	63	0	38606
3475	108	201	193	36132	0	36634
3476	78	53	39930	142	0	40203
3477	69	26	111	38058	0	38264
3478	72	22	74	39322	0	39490
3479	76	73	40741	210	0	41100
3480	37	41485	125	137	0	41784
3481	41312	85	109	95	0	41601
3482	137	106	43025	38	0	43306
3483	100	124	42462	68	0	42754
3484	34111	33	176	101	0	34421
3485	121	60	41849	47	0	42077
3486	60	41175	102	73	0	41410
3487	48	41312	103	70	0	41533
3488	93	126	35	42208	0	42462
3489	36	75	18	41986	0	42115
3490	43203	12	17	195	0	43427
3491	42572	15	56	105	0	42748
3492	42943	25	17	70	0	43055
3493	142	27	24	42904	0	43097
3494	43231	24	41	139	0	43435
3495	42318	25	42	105	0	42490
3496	171	69	43202	41	0	43483
3497	95	74	42288	40	0	42497
3498	38	43483	149	72	0	43742
3499	26	92	62	43610	0	43790
3500	43913	60	24	127	0	44124
3501	94	43568	38	126	0	43826
3502	74	94	21	44027	0	44216
3503	43686	60	22	156	0	43924
3504	42787	20	18	87	0	42912
3505	146	44174	55	93	0	44468
3506	43649	108	32	75	0	43864
3507	43597	65	30	88	0	43780
3508	172	31	30	43482	0	43715
3509	114	72	44509	138	0	44833
3510	31	44049	125	150	0	44355
3511	35	44420	97	120	0	44672
3512	42837	144	22	54	0	43057
3513	109	95	17	43062	0	43283
3514	113	72	43671	162	0	44018
3515	53	43845	132	128	0	44158
3516	43734	100	64	79	0	43977
3517	43870	63	40	60	0	44033
3518	205	74	45283	41	0	45603
3519	111	24	108	43710	0	43953
3520	59	69	79	46874	0	47081
3521	73	74	51851	215	0	52213
3522	50777	36	216	187	0	51216
3523	63238	37	162	98	0	63535
3524	604	51	95	71622	0	72372
3525	319	74139	92	869	0	75419
3526	126	770	52	76283	0	77231
3527	121	493	76501	879	0	77994
3528	73131	116	849	527	0	74623
3529	907	37	478	77990	0	79412
3530	586	102	77983	886	0	79557
3531	72294	42	899	566	0	73801
3532	891	40	516	77396	0	78843
3533	539	48	134	77540	0	78261
3534	76650	47	66	1364	0	78127
3535	855	77787	178	696	0	79516
3536	77393	845	84	216	0	78538
3537	1038	501	77	76479	0	78095
3538	76571	132	124	966	0	77793
3539	1097	154	76320	646	0	78217
3540	606	76632	961	383	0	78582
3541	268	901	554	77215	0	78938
3542	77297	584	173	1064	0	79118
3543	983	77575	235	774	0	79567
3544	712	958	191	77574	0	79435
3545	78176	577	134	1086	0	79973
3546	75888	157	168	806	0	77019
3547	1651	155	183	74524	0	76513
3548	922	180	74477	1173	0	76752
3549	361	314	74100	863	0	75638
3550	71619	179	1523	489	0	73810
3551	1207	73967	764	483	0	76421
3552	752	72142	268	357	0	73519
3553	70001	1437	238	334	0	72010
3554	1143	72464	225	382	0	74214
3555	901	1075	186	71151	0	73313
3556	417	681	223	72991	0	74312
3557	72031	323	191	1697	0	74242
3558	70183	216	184	963	0	71546
3559	70397	231	180	516	0	71324
3560	1827	329	68759	347	0	71262
3561	989	234	1002	68449	0	70674
3562	623	227	69605	1277	0	71732
3563	559	231	69279	795	0	70864
3564	449	243	70608	457	0	71757
3565	394	195	1769	67150	0	69508
3566	494	272	70407	1206	0	72379
3567	536	305	71132	775	0	72748
3568	411	315	1633	68557	0	70916
3569	70170	289	824	1214	0	72497
3570	1408	290	70940	886	0	73524
3571	922	276	1191	68653	0	71042
3572	502	242	841	71390	0	72975
3573	484	241	71853	1798	0	74376
3574	523	243	1232	70076	0	72074
3575	537	289	72438	1389	0	74653
3576	528	225	1355	69482	0	71590
3577	457	257	897	70427	0	72038
3578	467	242	455	70950	0	72114
3579	423	193	461	70544	0	71621
3580	67866	194	506	1951	0	70517
3581	67302	160	475	1154	0	69091
3582	1844	276	67155	621	0	69896
3583	996	65888	1458	782	0	69124
3584	587	1049	67972	479	0	70087
3585	472	715	67334	553	0	69074
3586	63864	229	1922	501	0	66516
3587	1214	67003	1302	675	0	70194
3588	66694	1091	596	604	0	68985
3589	1299	67785	620	653	0	70357
3590	67476	1177	602	509	0	69764
3591	67988	687	533	588	0	69796
3592	1865	261	550	65721	0	68397
3593	1000	67461	540	1570	0	70571
3594	498	1078	501	68111	0	70188
3595	433	680	486	69251	0	70850
3596	462	276	68236	2144	0	71118
3597	440	68120	1482	1236	0	71278
3598	512	1138	1020	67848	0	70518
3599	67186	732	634	1525	0	70077
3600	69427	331	531	1068	0	71357
3601	69758	212	595	628	0	71193
3602	1900	69154	549	703	0	72306
3603	69444	1192	402	603	0	71641
3604	1516	72925	474	609	0	75524
3605	1118	1362	406	73593	0	76479
3606	668	962	73536	1535	0	76701
3607	593	408	1432	70264	0	72697
3608	513	73004	1165	1565	0	76247
3609	491	1352	489	72457	0	74789
3610	458	1010	438	71699	0	73605
3611	415	73525	481	2194	0	76615
3612	73389	1388	385	1225	0	76387
3613	1546	1012	392	72507	0	75457
3614	1148	498	71799	1623	0	75068
3615	627	321	1446	71441	0	73835
3616	582	337	993	72659	0	74571
3617	588	477	72368	2224	0	75657
3618	640	442	1435	65121	0	67638
3619	465	70028	1059	1804	0	73356
3620	714	1478	69690	1132	0	73014
3621	1368	1045	64585	578	0	67576
3622	338	60559	1893	648	0	63438
3623	295	52458	867	432	0	54052
3624	228	43446	434	323	0	44431
3625	39551	910	855	243	0	41559
3626	28500	9072	261	198	0	38031
3627	36735	193	119	164	0	37211
3628	746	235	102	36227	0	37310
3629	431	136	35978	589	0	37134
3630	154	97	513	35418	0	36182
3631	143	106	386	35965	0	36600
3632	35763	113	128	827	0	36831
3633	35539	100	132	462	0	36233
3634	768	35706	130	234	0	36838
3635	35501	497	126	163	0	36287
3636	35551	358	97	189	0	36195
3637	36062	140	107	168	0	36477
3638	851	116	35326	180	0	36473
3639	416	135	34976	156	0	35683
3640	163	264	797	33874	0	35098
3641	136	154	34989	514	0	35793
3642	32234	149	509	371	0	33263
3643	33536	97	350	174	0	34157
3644	744	106	33014	117	0	33981
3645	31499	85	414	112	0	32110
3646	489	32571	339	142	0	33541
3647	32897	426	102	114	0	33539
3648	508	348	80	32272	0	33208
3649	382	130	79	30870	0	31461
3650	166	32551	119	658	0	33494
3651	32194	437	90	349	0	33070
3652	32036	335	89	124	0	32584
3653	714	32414	97	131	0	33356
3654	413	440	75	31057	0	31985
3655	256	338	82	30783	0	31459
3656	160	31297	107	723	0	32287
3657	210	451	112	31106	0	31879
3658	166	373	102	31506	0	32147
3659	30788	138	95	705	0	31726
3660	30693	116	72	415	0	31296
3661	733	118	30642	179	0	31672
3662	29526	124	435	183	0	30268
3663	528	129	30654	144	0	31455
3664	413	241	430	29393	0	30477
3665	213	118	30080	496	0	30907
3666	143	29595	473	447	0	30658
3667	218	447	299	28365	0	29329
3668	143	305	110	28937	0	29495
3669	28536	97	99	649	0	29381
3670	458	111	87	28090	0	28746
3671	398	120	27968	440	0	28926
3672	27416	107	407	371	0	28301
3673	27672	101	321	180	0	28274
3674	28411	103	125	170	0	28809
3675	28195	111	103	148	0	28557
3676	708	118	111	29715	0	30652
3677	435	85	101	30625	0	31246
3678	212	107	103	31939	0	32361
3679	202	105	96	32148	0	32551
3680	31353	90	113	872	0	32428
3681	31284	84	103	471	0	31942
3682	882	134	101	27855	0	28972
3683	460	30032	117	532	0	31141
3684	29998	475	138	395	0	31006
3685	678	365	30055	163	0	31261
3686	474	29812	544	171	0	31001
3687	27644	461	368	158	0	28631
3688	515	28700	126	158	0	29499
3689	444	451	28422	120	0	29437
3690	28088	336	466	131	0	29021
3691	28562	102	365	130	0	29159
3692	854	119	28063	135	0	29171
3693	514	84	456	28195	0	29249
3694	263	78	353	27623	0	28317
3695	224	28307	140	831	0	29502
3696	223	458	101	28389	0	29171
3697	27204	334	120	566	0	28224
3698	541	27810	128	463	0	28942
3699	433	441	104	26318	0	27296
3700	215	313	65	26567	0	27160
3701	218	111	25957	761	0	27047
3702	189	25883	477	435	0	26984
3703	23970	530	322	142	0	24964
3704	409	21060	84	125	0	21678
3705	255	19787	61	105	0	20208
3706	19406	476	210	106	0	20198
3707	478	222	57	19033	0	19790
3708	246	93	67	19399	0	19805
3709	18898	48	39	533	0	19518
3710	370	64	47	19219	0	19700
3711	265	58	61	19245	0	19629
3712	19510	63	30	542	0	20145
3713	396	77	39	18859	0	19371
3714	282	19225	55	361	0	19923
3715	19060	333	32	286	0	19711
3716	405	254	18836	109	0	19604
3717	273	17932	328	137	0	18670
3718	122	370	196	17605	0	18293
3719	113	218	17299	357	0	17987
3720	106	76	17218	247	0	17647
3721	106	511	440	16055	0	17112
3722	16167	47	201	323	0	16738
3723	294	46	44	16027	0	16411
3724	219	52	69	16232	0	16572
3725	86	43	51	16487	0	16667
3726	85	47	43	16409	0	16584
3727	86	61	41	16629	0	16817
3728	88	75	15798	557	0	16518
3729	88	71	15639	247	0	16045
3730	87	41	414	15390	0	15932
3731	82	47	15656	334	0	16119
3732	91	15482	279	295	0	16147
3733	81	273	194	15499	0	16047
3734	66	210	15120	348	0	15744
3735	13034	79	288	289	0	13690
3736	295	14833	192	149	0	15469
3737	191	14272	57	141	0	14661
3738	77	14625	64	130	0	14896
3739	122	425	56	14108	0	14711
3740	14138	182	57	350	0	14727
3741	267	60	58	14286	0	14671
3742	13802	73	31	326	0	14232
3743	265	13460	55	260	0	14040
3744	13901	279	57	123	0	14360
3745	327	190	37	13767	0	14321
3746	214	102	52	13537	0	13905
3747	83	13606	62	431	0	14182
3748	111	300	56	13630	0	14097
3749	93	189	55	13819	0	14156
3750	93	88	54	13852	0	14087
3751	13359	67	51	485	0	13962
3752	13385	61	58	270	0	13774
3753	399	97	13304	128	0	13928
3754	13169	93	246	151	0	13659
3755	313	77	13637	144	0	14171
3756	212	78	278	13275	0	13843
3757	96	79	184	13691	0	14050
3758	76	59	83	13961	0	14179
3759	77	71	13545	478	0	14171
3760	63	62	283	13555	0	13963
3761	90	73	13753	360	0	14276
3762	75	72	275	13676	0	14098
3763	13518	67	203	398	0	14186
3764	294	74	13633	273	0	14274
3765	13292	68	284	168	0	13812
3766	283	72	181	13564	0	14100
3767	13679	60	72	360	0	14171
3768	272	13548	96	296	0	14212
3769	207	264	75	13777	0	14323
3770	104	200	14341	362	0	15007
3771	97	149	275	13892	0	14413
3772	82	233	187	13195	0	13697
3773	101	13598	76	450	0	14225
3774	105	249	13104	240	0	13698
3775	81	12843	251	164	0	13339
3776	10207	178	133	124	0	10642
3777	144	10697	83	98	0	11022
3778	9517	122	96	64	0	9799
3779	9624	77	40	63	0	9804
3780	9630	29	27	47	0	9733
3781	200	25	26	9576	0	9827
3782	112	29	9473	152	0	9766
3783	38	20	127	9071	0	9256
3784	38	9501	100	153	0	9792
3785	30	116	37	9473	0	9656
3786	9245	75	28	165	0	9513
3787	109	9362	37	128	0	9636
3788	90	116	32	8883	0	9121
3789	39	81	29	8898	0	9047
3790	8722	28	26	223	0	8999
3791	129	29	8716	119	0	8993
3792	98	8470	124	73	0	8765
3793	33	73	65	7684	0	7855
3794	26	65	7704	91	0	7886
3795	42	21	78	7198	0	7339
3796	17	7574	73	103	0	7767
3797	23	121	23	7740	0	7907
3798	20	54	20	7580	0	7674
3799	17	19	23	7652	0	7711
3800	16	29	7499	137	0	7681
3801	7040	15	71	97	0	7223
3802	76	20	57	8163	0	8316
3803	9274	19	23	103	0	9419
3804	9343	23	47	81	0	9494
3805	9530	15	11	44	0	9600
3806	9468	16	9	39	0	9532
3807	9609	19	13	28	0	9669
3808	187	14	12	9322	0	9535
3809	99	9390	17	107	0	9613
3810	38	92	14	9086	0	9230
3811	27	9269	15	111	0	9422
3812	15	82	12	8618	0	8727
3813	8480	51	4	85	0	8620
3814	81	26	7	8627	0	8741
3815	51	19	8555	92	0	8717
3816	7818	7	72	66	0	7963
3817	77	8495	56	136	0	8764
3818	8691	70	18	19	0	8798
3819	8676	45	8	17	0	8746
3820	8401	3	5	15	0	8424
3821	106	8937	12	28	0	9083
3822	54	63	4	8931	0	9052
3823	23	48	3	8982	0	9056
3824	20	15	8779	110	0	8924
3825	23	11	68	8156	0	8258
3826	34	4	42	8459	0	8539
3827	23	6	4	8495	0	8528
3828	19	8719	15	108	0	8861
3829	8789	71	10	61	0	8931
3830	8409	54	10	26	0	8499
3831	115	20	8926	17	0	9078
3832	73	9048	74	19	0	9214
3833	35	80	43	9148	0	9306
3834	32	57	8	9216	0	9313
3835	27	9	12	9301	0	9349
3836	29	14	8	9660	0	9711
3837	25	12	9	9902	0	9948
3838	20	21	9697	133	0	9871
3839	28	24	9119	78	0	9249
3840	9716	14	137	40	0	9907
3841	10394	15	49	32	0	10490
3842	10447	17	16	28	0	10508
3843	157	16	13	10401	0	10587
3844	83	22	10318	110	0	10533
3845	10020	7	103	94	0	10224
3846	10473	14	66	48	0	10601
3847	157	19	10348	33	0	10557
3848	10204	15	101	38	0	10358
3849	141	29	11626	29	0	11825
3850	96	17	105	11451	0	11669
3851	44	22	11746	122	0	11934
3852	11174	11	118	82	0	11385
3853	11708	12	71	40	0	11831
3854	11738	14	21	38	0	11811
3855	11685	14	15	51	0	11765
3856	200	25	11908	37	0	12170
3857	88	11935	114	50	0	12187
3858	12119	110	70	45	0	12344
3859	11984	64	15	40	0	12103
3860	185	24	12232	27	0	12468
3861	97	17	121	11701	0	11936
3862	46	13	67	12253	0	12379
3863	36	22	12060	193	0	12311
3864	11055	10	127	104	0	11296
3865	12218	15	74	53	0	12360
3866	193	12372	38	46	0	12649
3867	12611	117	26	41	0	12795
3868	12641	62	24	38	0	12765
3869	12657	16	31	25	0	12729
3870	12042	18	32	30	0	12122
3871	240	21	11798	33	0	12092
3872	11214	25	137	42	0	11418
3873	171	41	68	11396	0	11676
3874	114	11944	32	158	0	12248
3875	64	124	11738	81	0	12007
3876	55	11894	144	62	0	12155
3877	83	149	84	11141	0	11457
3878	50	61	11379	104	0	11594
3879	10223	42	123	64	0	10452
3880	133	24	11252	26	0	11435
3881	10925	13	108	42	0	11088
3882	114	9	66	11142	0	11331
3883	83	7	26	11042	0	11158
3884	53	11045	42	157	0	11297
3885	58	11395	35	77	0	11565
3886	57	133	22	11562	0	11774
3887	11633	52	29	114	0	11828
3888	11591	17	24	61	0	11693
3889	11621	19	25	27	0	11692
3890	173	26	11604	24	0	11827
3891	11359	9	108	31	0	11507
3892	143	18	12105	28	0	12294
3893	91	25	11632	25	0	11773
3894	11598	13	152	37	0	11800
3895	12195	17	70	32	0	12314
3896	165	26	12487	21	0	12699
3897	88	17	117	11994	0	12216
3898	58	16	64	12671	0	12809
3899	12765	9	30	138	0	12942
3900	12436	13	35	66	0	12550
3901	173	29	13240	31	0	13473
3902	78	12874	112	42	0	13106
3903	40	12035	55	36	0	12166
3904	11716	78	86	18	0	11898
3905	114	30	71	11621	0	11836
3906	66	10	23	11899	0	11998
3907	51	13	24	12125	0	12213
3908	9957	16	31	141	0	10145
3909	99	11	34	12165	0	12309
3910	12258	4	29	80	0	12371
3911	12438	11	35	47	0	12531
3912	140	13717	36	42	0	13935
3913	98	79	29	15043	0	15249
3914	59	45	15207	96	0	15407
3915	14629	16	106	73	0	14824
3916	15230	21	79	28	0	15358
3917	15313	20	39	30	0	15402
3918	182	29	15753	36	0	16000
3919	114	17	118	15709	0	15958
3920	16058	9	105	120	0	16292
3921	15331	16	34	68	0	15449
3922	15279	20	25	44	0	15368
3923	181	15455	43	35	0	15714
3924	114	16266	31	42	0	16453
3925	82	136	24	16442	0	16684
3926	80	70	46	16200	0	16396
3927	67	16381	35	161	0	16644
3928	16193	104	30	79	0	16406
3929	149	75	16608	51	0	16883
3930	98	23	125	16403	0	16649
3931	68	26	65	16498	0	16657
3932	67	36	16287	158	0	16548
3933	14697	28	162	87	0	14974
3934	16423	18	75	44	0	16560
3935	179	16257	65	41	0	16542
3936	15945	99	28	44	0	16116
3937	157	164	16593	24	0	16938
3938	16535	25	117	52	0	16729
3939	163	25	17219	26	0	17433
3940	16447	35	135	75	0	16692
3941	16965	18	65	38	0	17086
3942	17031	10	33	39	0	17113
3943	16767	10	28	32	0	16837
3944	172	16924	23	58	0	17177
3945	17347	86	31	32	0	17496
3946	17894	56	16	44	0	18010
3947	188	40	17976	24	0	18228
3948	17657	20	83	29	0	17789
3949	133	23	57	17871	0	18084
3950	95	31	17785	101	0	18012
3951	17504	12	88	62	0	17666
3952	120	16	65	18051	0	18252
3953	18531	12	47	128	0	18718
3954	20697	23	27	145	0	20892
3955	177	33	22572	39	0	22821
3956	22086	9	97	50	0	22242
3957	22692	20	74	50	0	22836
3958	22710	21	33	29	0	22793
3959	23280	13	30	49	0	23372
3960	193	20	35	22615	0	22863
3961	116	23152	39	101	0	23408
3962	22980	88	27	100	0	23195
3963	23027	64	22	39	0	23152
3964	23161	34	26	45	0	23266
3965	207	68	22989	43	0	23307
3966	106	23313	127	47	0	23593
3967	97	93	70	23257	0	23517
3968	86	55	41	23408	0	23590
3969	88	47	24131	142	0	24408
3970	76	20	127	23657	0	23880
3971	76	47	24433	148	0	24704
3972	82	16	147	23955	0	24200
3973	73	16	97	24616	0	24802
3974	80	42	25118	194	0	25434
3975	23313	26	136	137	0	23612
3976	25797	21	100	104	0	26022
3977	243	43	27054	37	0	27377
3978	26027	24	135	79	0	26265
3979	27388	19	100	71	0	27578
3980	258	33	28810	39	0	29140
3981	177	20	142	28090	0	28429
3982	130	14	123	28957	0	29224
3983	29115	33	51	240	0	29439
3984	180	30279	62	156	0	30677
3985	29169	125	60	90	0	29444
3986	29824	80	36	65	0	30005
3987	252	31547	53	57	0	31909
3988	31590	135	43	56	0	31824
3989	31299	94	27	56	0	31476
3990	250	31949	76	81	0	32356
3991	190	131	41	31768	0	32130
3992	95	33010	69	153	0	33327
3993	98	176	48	32938	0	33260
3994	120	113	32876	176	0	33285
3995	103	88	32398	136	0	32725
3996	30908	28	251	87	0	31274
3997	32741	37	162	81	0	33021
3998	297	57	33310	46	0	33710
3999	32845	13	172	101	0	33131
4000	34008	38	133	67	0	34246
4001	33433	18	70	66	0	33587
4002	308	34912	78	68	0	35366
4003	192	151	60	35416	0	35819
4004	35476	104	70	199	0	35849
4005	34674	51	47	142	0	34914
4006	314	113	36721	66	0	37214
4007	212	32	153	35716	0	36113
4008	119	23	132	36276	0	36550
4009	107	36937	75	266	0	37385
4010	115	38315	58	183	0	38671
4011	104	354	42	36726	0	37226
4012	97	37699	52	202	0	38050
4013	36413	144	30	119	0	36706
4014	167	38676	65	69	0	38977
4015	38866	189	61	73	0	39189
4016	281	153	39505	48	0	39987
4017	39357	64	285	75	0	39781
4018	41704	72	148	72	0	41996
4019	41579	17	49	45	0	41690
4020	40897	39	27	76	0	41039
4021	438	41569	52	67	0	42126
4022	252	258	28	41862	0	42400
4023	128	187	19	41992	0	42326
4024	90	75	41556	426	0	42147
4025	80	94	259	40344	0	40777
4026	85	54	165	41795	0	42099
4027	41866	40	61	462	0	42429
4028	302	42616	68	267	0	43253
4029	238	295	47	42526	0	43106
4030	110	186	42	43216	0	43554
4031	83	75	38	43814	0	44010
4032	43660	49	46	518	0	44273
4033	339	49	53	43942	0	44383
4034	44442	40	35	410	0	44927
4035	378	37	65	44508	0	44988
4036	284	39	46	44925	0	45294
4037	184	58	43170	504	0	43916
4038	37509	42	317	358	0	38226
4039	361	43188	250	166	0	43965
4040	44442	283	61	126	0	44912
4041	416	211	57	44056	0	44740
4042	324	73	55	44501	0	44953
4043	45374	57	46	540	0	46017
4044	45359	58	34	341	0	45792
4045	611	51	50	48376	0	49088
4046	349	103	49284	454	0	50190
4047	192	81	49247	354	0	49874
4048	118	52581	602	211	0	53512
4049	53167	407	315	158	0	54047
4050	52186	315	91	174	0	52766
4051	763	116	61	52007	0	52947
4052	406	55393	77	619	0	56495
4053	188	493	39	55243	0	55963
4054	150	338	45	52240	0	52773
4055	127	51127	86	850	0	52190
4056	50877	457	64	445	0	51843
4057	574	358	69	49912	0	50913
4058	436	53186	92	547	0	54261
4059	228	54485	105	464	0	55282
4060	54131	733	104	181	0	55149
4061	621	422	54212	150	0	55405
4062	53655	179	452	180	0	54466
4063	668	97	348	54622	0	55735
4064	467	100	108	54122	0	54797
4065	216	55564	107	923	0	56810
4066	212	556	90	55954	0	56812
4067	247	454	56047	626	0	57374
4068	201	55582	490	581	0	56854
4069	171	56537	396	262	0	57366
4070	54895	765	109	225	0	55994
4071	536	56899	128	273	0	57836
4072	482	536	104	55965	0	57087
4073	235	57029	108	661	0	58033
4074	253	545	57	57085	0	57940
4075	236	449	74	57255	0	58014
4076	233	207	55932	1007	0	57379
4077	194	159	512	54427	0	55292
4078	194	167	413	55564	0	56338
4079	54271	161	171	986	0	55589
4080	681	187	54615	618	0	56101
4081	581	182	513	54996	0	56272
4082	302	241	55570	772	0	56885
4083	52610	169	566	668	0	54013
4084	652	56193	463	419	0	57727
4085	59891	649	149	401	0	61090
4086	799	518	141	60720	0	62178
4087	628	240	100	60738	0	61706
4088	331	271	60095	1306	0	62003
4089	52692	224	658	936	0	54510
4090	738	61265	545	468	0	63016
4091	56383	838	173	444	0	57838
4092	895	703	152	58604	0	60354
4093	681	61303	184	896	0	63064
4094	59883	812	162	782	0	61639
4095	814	62601	173	456	0	64044
4096	674	813	178	62184	0	63849
4097	367	599	159	62795	0	63920
4098	331	278	184	61696	0	62489
4099	279	61001	246	1441	0	62967
4100	324	823	179	61392	0	62718
4101	321	672	174	61906	0	63073
4102	60266	318	157	1433	0	62174
4103	60303	315	209	874	0	61701
4104	60879	306	127	478	0	61790
4105	1393	324	60571	462	0	62750
4106	59473	313	767	471	0	61024
4107	60785	348	612	430	0	62175
4108	59825	293	230	464	0	60812
4109	1375	398	58128	432	0	60333
4110	57138	303	682	480	0	58603
4111	991	306	546	59456	0	61299
4112	776	348	58556	998	0	60678
4113	350	58389	793	871	0	60403
4114	408	1260	553	53949	0	56170
4115	306	55965	303	852	0	57426
4116	324	56658	199	767	0	57948
4117	53966	1026	237	384	0	55613
4118	756	585	145	53919	0	55405
4119	54569	254	188	810	0	55821
4120	793	242	149	54556	0	55740
4121	54334	256	164	823	0	55577
4122	816	253	146	54298	0	55513
4123	54311	264	151	816	0	55542
4124	807	302	52819	637	0	54565
4125	627	304	594	52898	0	54423
4126	362	328	54245	812	0	55747
4127	361	293	52138	664	0	53456
4128	306	326	54129	417	0	55178
4129	300	416	944	52243	0	53903
4130	294	281	53729	893	0	55197
4131	52224	228	620	723	0	53795
4132	690	239	467	53298	0	54694
4133	621	241	55928	969	0	57759
4134	340	180	622	55667	0	56809
4135	333	186	497	56331	0	57347
4136	406	213	59053	1189	0	60861
4137	412	145	645	58497	0	59699
4138	416	179	535	56925	0	58055
4139	369	59865	279	1073	0	61586
4140	59415	559	232	666	0	60872
4141	59194	477	219	371	0	60261
4142	1142	245	58450	355	0	60192
4143	55944	154	607	381	0	57086
4144	736	198	56557	374	0	57865
4145	528	185	53740	286	0	54739
4146	316	180	53682	274	0	54452
4147	483	1496	897	48953	0	51829
4148	291	177	50906	557	0	51931
4149	192	166	429	49453	0	50240
4150	207	96	313	50234	0	50850
4151	217	87	132	50024	0	50460
4152	220	97	124	49878	0	50319
4153	49341	66	122	754	0	50283
4154	48469	87	118	465	0	49139
4155	666	49885	158	355	0	51064
4156	437	343	142	50278	0	51200
4157	271	301	51269	561	0	52402
4158	222	51410	478	442	0	52552
4159	313	518	363	52083	0	53277
4160	195	370	52788	644	0	53997
4161	200	140	509	50962	0	51811
4162	182	126	52379	584	0	53271
4163	174	139	51896	398	0	52607
4164	201	72	723	51852	0	52848
4165	156	81	446	52531	0	53214
4166	52084	61	170	819	0	53134
4167	493	56	140	51830	0	52519
4168	51245	76	133	636	0	52090
4169	492	51011	164	495	0	52162
4170	359	52654	150	279	0	53442
4171	209	664	127	53136	0	54136
4172	53647	297	158	548	0	54650
4173	490	54426	193	501	0	55610
4174	421	414	156	54845	0	55836
4175	57159	267	168	555	0	58149
4176	57504	91	157	421	0	58173
4177	57172	61	203	264	0	57700
4178	57384	42	214	192	0	57832
4179	58150	52	194	228	0	58624
4180	791	99	56628	162	0	57680
4181	396	123	55905	195	0	56619
4182	203	55684	727	265	0	56879
4183	150	709	510	55025	0	56394
4184	150	337	56826	447	0	57760
4185	162	263	53449	310	0	54184
4186	100	178	518	52008	0	52804
4187	157	113	56231	371	0	56872
4188	124	86	56212	292	0	56714
4189	99	69132	638	216	0	70085
4190	68047	501	292	116	0	68956
4191	506	74419	149	204	0	75278
4192	401	931	81	72445	0	73858
4193	76183	439	66	625	0	77313
4194	628	78613	150	480	0	79871
4195	436	738	83	76715	0	77972
4196	154	463	78515	682	0	79814
4197	76952	94	697	482	0	78225
4198	79816	59	431	131	0	80437
4199	80657	64	125	146	0	80992
4200	1161	58	134	80606	0	81959
4201	567	114	81592	807	0	83080
4202	132	80987	819	581	0	82519
4203	157	816	465	79938	0	81376
4204	79683	449	144	749	0	81025
4205	810	164	81129	509	0	82612
4206	459	76824	898	285	0	78466
4207	188	730	80456	111	0	81485
4208	77817	456	846	161	0	79280
4209	81900	112	490	140	0	82642
4210	81804	78	143	138	0	82163
4211	1257	160	80842	153	0	82412
4212	566	79419	851	211	0	81047
4213	248	841	520	78425	0	80034
4214	213	472	165	79686	0	80536
4215	172	142	161	79680	0	80155
4216	210	147	79070	1191	0	80618
4217	74284	114	863	644	0	75905
4218	990	155	80410	192	0	81747
4219	79532	117	882	216	0	80747
4220	81430	132	525	257	0	82344
4221	81895	132	190	179	0	82396
4222	80332	145	211	186	0	80874
4223	1446	190	80985	150	0	82771
4224	755	141	892	78818	0	80606
4225	381	239	80437	905	0	81962
4226	278	78219	954	694	0	80145
4227	276	80475	673	313	0	81737
4228	79837	1263	267	267	0	81634
4229	77522	632	249	275	0	78678
4230	1362	80588	351	367	0	82668
4231	81479	926	272	256	0	82933
4232	1194	697	77010	295	0	79196
4233	76461	243	875	311	0	77890
4234	1179	79324	668	310	0	81481
4235	81008	965	313	284	0	82570
4236	78188	634	307	261	0	79390
4237	1681	332	282	76494	0	78789
4238	952	291	285	77513	0	79041
4239	76791	270	323	1432	0	78816
4240	1260	281	328	76980	0	78849
4241	77178	287	315	1118	0	78898
4242	1363	241	336	77021	0	78961
4243	76550	216	378	1097	0	78241
4244	74934	223	411	723	0	76291
4245	1707	74732	431	390	0	77260
4246	964	75962	457	339	0	77722
4247	72417	1434	383	315	0	74549
4248	1179	74226	467	401	0	76273
4249	956	1129	420	72284	0	74789
4250	596	778	378	73724	0	75476
4251	70066	407	425	1543	0	72441
4252	1253	71958	550	974	0	74735
4253	1012	71126	485	493	0	73116
4254	636	71690	447	580	0	73353
4255	827	1553	68762	415	0	71557
4256	747	883	69763	399	0	71792
4257	887	444	70161	462	0	71954
4258	866	1172	1547	56560	0	60145
4259	660	65975	833	939	0	68407
4260	66207	953	384	773	0	68317
4261	1402	702	65502	398	0	68004
4262	1106	373	65357	484	0	67320
4263	695	320	66178	428	0	67621
4264	803	359	1519	63755	0	66436
4265	721	357	795	65351	0	67224
4266	794	353	469	65803	0	67419
4267	65438	344	386	1351	0	67519
4268	65156	322	411	761	0	66650
4269	65554	321	415	372	0	66662
4270	1765	342	435	62551	0	65093
4271	999	363	60634	974	0	62970
4272	694	438	62112	633	0	63877
4273	683	308	1334	60575	0	62900
4274	707	312	690	60390	0	62099
4275	58798	259	423	1345	0	60825
4276	1297	58328	416	924	0	60965
4277	58405	859	303	454	0	60021
4278	1276	58190	365	488	0	60319
4279	1050	912	278	57349	0	59589
4280	701	628	57471	1079	0	59879
4281	721	343	899	57045	0	59008
4282	57655	257	568	1113	0	59593
4283	1247	290	57133	814	0	59484
4284	54485	243	879	403	0	56010
4285	1406	300	54820	391	0	56917
4286	972	365	53672	285	0	55294
4287	48648	315	1197	333	0	50493
4288	1211	285	49592	316	0	51404
4289	551	168	35462	170	0	36351
4290	441	34333	1013	285	0	36072
4291	28667	689	1221	215	0	30792
4292	26641	168	281	101	0	27191
4293	26587	74	77	124	0	26862
4294	426	87	25362	95	0	25970
4295	23839	69	246	107	0	24261
4296	290	24835	181	110	0	25416
4297	23928	219	54	98	0	24299
4298	290	151	23856	102	0	24399
4299	250	175	265	22152	0	22842
4300	94	96	21826	236	0	22252
4301	89	21899	208	215	0	22411
4302	217	139	152	20367	0	20875
4303	284	85	43	20586	0	20998
4304	20764	21	42	228	0	21055
4305	20778	24	32	138	0	20972
4306	20851	20	38	61	0	20970
4307	20975	31	44	53	0	21103
4308	20647	25	42	59	0	20773
4309	252	37	20648	47	0	20984
4310	138	27	154	20129	0	20448
4311	69	39	21442	152	0	21702
4312	61	30	166	21262	0	21519
4313	21661	33	118	176	0	21988
4314	22021	31	46	133	0	22231
4315	22094	41	60	54	0	22249
4316	22306	27	41	58	0	22432
4317	286	56	23261	40	0	23643
4318	156	81	192	22493	0	22922
4319	80	83	22970	213	0	23346
4320	56	23389	228	192	0	23865
4321	66	23844	169	55	0	24134
4322	121	278	67	22856	0	23322
4323	76	134	65	24439	0	24714
4324	79	28	62	25351	0	25520
4325	77	26	64	26511	0	26678
4326	25804	17	62	419	0	26302
4327	287	25906	71	244	0	26508
4328	24699	237	49	66	0	25051
4329	292	163	57	24305	0	24817
4330	227	70	51	23132	0	23480
4331	84	24185	65	398	0	24732
4332	95	228	48	24310	0	24681
4333	23788	175	39	287	0	24289
4334	281	23045	58	219	0	23603
4335	182	22016	64	92	0	22354
4336	21787	356	27	55	0	22225
4337	260	170	39	21708	0	22177
4338	191	22012	65	248	0	22516
4339	76	216	42	22361	0	22695
4340	22254	155	38	273	0	22720
4341	264	88	37	22262	0	22651
4342	214	31	24	22394	0	22663
4343	22183	23	38	407	0	22651
4344	285	30	31	21979	0	22325
4345	218	22229	46	269	0	22762
4346	108	220	43	21974	0	22345
4347	78	22164	50	273	0	22565
4348	82	239	44	22350	0	22715
4349	22139	172	36	283	0	22630
4350	22250	49	35	214	0	22548
4351	409	45	35	22369	0	22858
4352	240	62	21956	262	0	22520
4353	20987	40	230	234	0	21491
4354	287	61	22087	77	0	22512
4355	21580	54	234	93	0	21961
4356	21938	36	183	79	0	22236
4357	406	45	21605	79	0	22135
4358	194	21450	232	85	0	21961
4359	21542	224	154	87	0	22007
4360	21808	169	51	103	0	22131
4361	372	55	22770	84	0	23281
4362	22328	43	208	84	0	22663
4363	22232	42	141	87	0	22502
4364	22097	38	37	88	0	22260
4365	376	46	20	22093	0	22535
4366	210	40	22	22165	0	22437
4367	68	22435	41	387	0	22931
4368	75	207	30	22760	0	23072
4369	67	180	23	22810	0	23080
4370	103	76	22312	386	0	22877
4371	90	67	21389	230	0	21776
4372	19064	72	337	118	0	19591
4373	20604	55	178	100	0	20937
4374	391	20779	67	95	0	21332
4375	253	240	31	20990	0	21514
4376	116	223	21668	280	0	22287
4377	99	63	231	21805	0	22198
4378	104	59	179	22286	0	22628
4379	82	71	48	22719	0	22920
4380	85	23009	54	489	0	23637
4381	109	261	32	23422	0	23824
4382	103	234	33	23671	0	24041
4383	107	103	23440	486	0	24136
4384	110	69	23632	297	0	24108
4385	21782	54	422	157	0	22415
4386	23190	67	524	141	0	23922
4387	494	64	62	24440	0	25060
4388	282	43	49	23961	0	24335
4389	112	64	45	24587	0	24808
4390	103	69	23706	592	0	24470
4391	110	23143	315	405	0	23973
4392	116	325	23325	154	0	23920
4393	22425	251	332	145	0	23153
4394	399	104	23659	118	0	24280
4395	23224	61	342	107	0	23734
4396	23207	71	245	120	0	23643
4397	23756	55	80	122	0	24013
4398	597	39	54	23394	0	24084
4399	335	68	23509	396	0	24308
4400	143	23703	338	336	0	24520
4401	167	317	256	23311	0	24051
4402	127	342	74	23695	0	24238
4403	125	104	24505	594	0	25328
4404	110	23963	386	398	0	24857
4405	24482	384	282	141	0	25289
4406	386	25411	128	186	0	26111
4407	27579	402	81	118	0	28180
4408	525	310	69	27338	0	28242
4409	428	90	28316	501	0	29335
4410	154	28582	476	407	0	29619
4411	28744	426	344	175	0	29689
4412	538	326	28798	128	0	29790
4413	28493	66	538	136	0	29233
4414	28757	62	357	100	0	29276
4415	819	72	28890	88	0	29869
4416	27931	43	467	100	0	28541
4417	27957	35	357	98	0	28447
4418	27305	35	124	77	0	27541
4419	764	26841	110	103	0	27818
4420	25838	392	65	66	0	26361
4421	472	26676	71	106	0	27325
4422	380	410	27023	71	0	27884
4423	103	26827	420	99	0	27449
4424	25186	513	570	109	0	26378
4425	25353	261	59	74	0	25747
4426	25714	60	74	65	0	25913
4427	616	60	53	24884	0	25613
4428	334	64	59	25512	0	25969
4429	24931	49	51	588	0	25619
4430	25128	45	60	287	0	25520
4431	629	34	57	24574	0	25294
4432	351	55	24897	351	0	25654
4433	120	24281	362	269	0	25032
4434	85	24943	269	139	0	25436
4435	98	549	101	24548	0	25296
4436	94	290	24828	350	0	25562
4437	113	119	359	22961	0	23552
4438	85	24275	272	359	0	24991
4439	119	333	88	24323	0	24863
4440	128	293	24375	361	0	25157
4441	133	73	372	24119	0	24697
4442	112	107	25984	386	0	26589
4443	144	82	420	25334	0	25980
4444	136	83	26660	389	0	27268
4445	130	79	26338	280	0	26827
4446	24659	69	618	116	0	25462
4447	26207	60	308	73	0	26648
4448	26427	68	99	69	0	26663
4449	686	26114	101	79	0	26980
4450	382	369	80	26387	0	27218
4451	25915	265	96	403	0	26679
4452	26511	104	72	297	0	26984
4453	26453	80	81	129	0	26743
4454	700	89	26244	116	0	27149
4455	387	25206	421	96	0	26110
4456	179	26419	320	98	0	27016
4457	25974	604	144	83	0	26805
4458	469	319	92	25972	0	26852
4459	26005	114	111	385	0	26615
4460	519	103	25487	302	0	26411
4461	402	84	390	24418	0	25294
4462	220	79	316	24858	0	25473
4463	191	109	126	23740	0	24166
4464	171	24851	129	609	0	25760
4465	24671	398	113	320	0	25502
4466	24609	308	106	134	0	25157
4467	685	24634	113	109	0	25541
4468	422	398	109	24495	0	25424
4469	24597	310	125	402	0	25434
4470	525	128	92	24595	0	25340
4471	24598	96	94	434	0	25222
4472	521	24413	106	343	0	25383
4473	24258	421	97	141	0	24917
4474	564	328	23986	125	0	25003
4475	395	23870	418	145	0	24828
4476	234	377	23615	102	0	24328
4477	363	570	415	22443	0	23791
4478	22677	113	347	411	0	23548
4479	22807	98	132	282	0	23319
4480	22634	98	96	112	0	22940
4481	674	70	93	21917	0	22754
4482	22199	85	100	384	0	22768
4483	500	64	81	21780	0	22425
4484	21672	67	105	420	0	22264
4485	21939	80	111	334	0	22464
4486	659	101	21857	153	0	22770
4487	320	86	20653	113	0	21172
4488	170	95	20645	90	0	21000
4489	156	64	494	19663	0	20377
4490	20068	70	374	317	0	20829
4491	323	68	99	20128	0	20618
4492	283	61	78	20595	0	21017
4493	21535	46	66	565	0	22212
4494	21682	46	65	293	0	22086
4495	21912	39	72	128	0	22151
4496	22013	41	64	109	0	22227
4497	558	46	62	21560	0	22226
4498	21328	46	79	319	0	21772
4499	368	21093	97	229	0	21787
4500	20796	263	219	115	0	21393
4501	20797	195	81	98	0	21171
4502	450	76	19573	92	0	20191
4503	18330	54	225	62	0	18671
4504	309	46	18410	73	0	18838
4505	235	36	17049	64	0	17384
4506	108	63	17115	54	0	17340
4507	101	474	327	13615	0	14517
4508	58	24	14515	122	0	14719
4509	38	95	116	13236	0	13485
4510	44	13	13836	131	0	14024
4511	41	18	15090	91	0	15240
4512	79	47	133	14299	0	14558
4513	46	12	68	15505	0	15631
4514	49	18	16243	145	0	16455
4515	15318	14	117	82	0	15531
4516	123	11	78	16249	0	16461
4517	90	10	25	16383	0	16508
4518	16362	12	15	190	0	16579
4519	127	26	23	16979	0	17155
4520	111	22	16924	125	0	17182
4521	40	20	15961	88	0	16109
4522	33	12	163	15086	0	15294
4523	42	30	15786	114	0	15972
4524	33	16487	119	100	0	16739
4525	57	89	99	16235	0	16480
4526	16367	64	31	109	0	16571
4527	104	29	16335	91	0	16559
4528	15797	9	99	57	0	15962
4529	120	9	77	16742	0	16948
4530	79	7	22	16900	0	17008
4531	35	5	16	17016	0	17072
4532	26	9	22	17012	0	17069
4533	16682	5	30	187	0	16904
4534	105	17879	33	121	0	18138
4535	90	179	23	18093	0	18385
4536	36	157	12	18047	0	18252
4537	33	15	16	18230	0	18294
4538	32	13	17	18259	0	18321
4539	17828	10	30	239	0	18107
4540	126	17917	36	148	0	18227
4541	17422	117	26	50	0	17615
4542	134	16520	30	49	0	16733
4543	78	16694	31	76	0	16879
4544	16063	183	15	33	0	16294
4545	151	92	16553	30	0	16826
4546	97	61	133	16477	0	16768
4547	16841	11	91	148	0	17091
4548	17399	13	23	127	0	17562
4549	16770	17	22	74	0	16883
4550	17836	9	19	55	0	17919
4551	209	19222	14	52	0	19497
4552	19332	219	16	46	0	19613
4553	19941	93	15	48	0	20097
4554	264	21336	30	74	0	21704
4555	126	233	11	22653	0	23023
4556	59	133	22723	273	0	23188
4557	65	33	246	22369	0	22713
4558	22190	21	134	296	0	22641
4559	260	41	23530	157	0	23988
4560	137	23382	274	129	0	23922
4561	86	271	24054	64	0	24475
4562	69	242	276	21766	0	22353
4563	40	23937	143	247	0	24367
4564	23699	262	44	139	0	24144
4565	248	24147	39	101	0	24535
4566	159	275	26	23753	0	24213
4567	67	142	19	24744	0	24972
4568	24388	43	23	404	0	24858
4569	296	28	29	23455	0	23808
4570	142	24311	45	298	0	24796
4571	24276	260	14	174	0	24724
4572	24257	138	59	65	0	24519
4573	374	25035	37	82	0	25528
4574	24829	274	41	68	0	25212
4575	276	25110	37	74	0	25497
4576	24972	290	22	67	0	25351
4577	304	25257	44	74	0	25679
4578	178	300	78	23850	0	24406
4579	77	156	42	25336	0	25611
4580	24875	54	39	405	0	25373
4581	25240	41	34	205	0	25520
4582	416	25314	37	143	0	25910
4583	202	311	24754	74	0	25341
4584	24930	167	295	77	0	25469
4585	334	59	166	25295	0	25854
4586	180	25801	73	361	0	26415
4587	92	300	34	25981	0	26407
4588	25928	167	33	330	0	26458
4589	26014	85	34	204	0	26337
4590	26381	68	28	109	0	26586
4591	492	54	31	25846	0	26423
4592	237	83	26012	321	0	26653
4593	24224	67	290	218	0	24799
4594	25168	58	147	104	0	25477
4595	25519	61	46	87	0	25713
4596	473	25413	34	100	0	26020
4597	253	304	50	25170	0	25777
4598	112	26250	54	344	0	26760
4599	115	373	36	26412	0	26936
4600	112	201	34	26904	0	27251
4601	112	114	28207	504	0	28937
4602	109	70	336	30805	0	31320
4603	114	72	195	31812	0	32193
4604	31477	67	59	694	0	32297
4605	478	32021	48	376	0	32923
4606	31852	475	38	107	0	32472
4607	32866	319	51	77	0	33313
4608	765	241	34	32733	0	33773
4609	434	104	33749	499	0	34786
4610	153	33223	447	366	0	34189
4611	120	32821	314	138	0	33393
4612	31475	740	77	111	0	32403
4613	489	33200	74	212	0	33975
4614	341	464	44	32145	0	32994
4615	152	306	55	33374	0	33887
4616	129	133	32962	723	0	33947
4617	134	104	32756	386	0	33380
4618	125	32919	689	116	0	33849
4619	129	476	295	32344	0	33244
4620	32347	314	64	453	0	33178
4621	478	133	52	33085	0	33748
4622	340	120	33537	522	0	34519
4623	143	97	425	33184	0	33849
4624	31794	111	284	541	0	32730
4625	32008	97	87	366	0	32558
4626	697	32484	81	185	0	33447
4627	32378	465	47	146	0	33036
4628	490	32834	84	161	0	33569
4629	32766	508	43	134	0	33451
4630	557	352	44	31979	0	32932
4631	399	143	32439	496	0	33477
4632	184	146	32321	336	0	32987
4633	141	32885	647	178	0	33851
4634	160	427	306	31546	0	32439
4635	154	330	73	32244	0	32801
4636	32072	124	51	686	0	32933
4637	32368	107	46	385	0	32906
4638	32872	100	62	207	0	33241
4639	738	115	68	32425	0	33346
4640	399	123	66	32953	0	33541
4641	192	117	71	33432	0	33812
4642	201	114	32650	694	0	33659
4643	204	133	32554	352	0	33243
4644	31070	145	620	198	0	32033
4645	32317	116	330	178	0	32941
4646	746	137	32271	135	0	33289
4647	31027	116	428	178	0	31749
4648	31047	101	294	174	0	31616
4649	706	111	31193	193	0	32203
4650	393	30985	487	187	0	32052
4651	207	524	313	29528	0	30572
4652	185	324	30674	443	0	31626
4653	346	31262	401	393	0	32402
4654	183	591	230	27533	0	28537
4655	149	29131	117	479	0	29876
4656	188	358	28406	343	0	29295
4657	187	274	29220	159	0	29840
4658	145	338	535	28243	0	29261
4659	29019	113	283	396	0	29811
4660	400	113	102	28979	0	29594
4661	28779	125	92	394	0	29390
4662	441	113	97	28952	0	29603
4663	368	125	28966	415	0	29874
4664	27124	96	389	372	0	27981
4665	384	108	29396	192	0	30080
4666	28441	101	430	161	0	29133
4667	396	121	338	27751	0	28606
4668	302	29277	168	468	0	30215
4669	167	354	103	28734	0	29358
4670	165	30175	121	431	0	30892
4671	226	375	120	27341	0	28062
4672	172	29957	148	396	0	30673
4673	29037	356	115	336	0	29844
4674	29328	283	105	209	0	29925
4675	29093	129	121	185	0	29528
4676	645	111	28880	174	0	29810
4677	407	73	382	28641	0	29503
4678	219	120	29770	409	0	30518
4679	179	28738	479	360	0	29756
4680	207	29597	335	180	0	30319
4681	28639	547	156	140	0	29482
4682	489	304	29193	139	0	30125
4683	370	28666	418	193	0	29647
4684	186	359	345	28934	0	29824
4685	29173	300	152	466	0	30091
4686	386	29775	151	405	0	30717
4687	30108	361	142	213	0	30824
4688	453	382	30365	183	0	31383
4689	395	132	396	30575	0	31498
4690	193	99	358	31510	0	32160
4691	195	92	148	32699	0	33134
4692	194	32642	171	721	0	33728
4693	202	414	143	31896	0	32655
4694	251	350	33074	481	0	34156
4695	223	93	460	32191	0	32967
4696	182	85	398	33027	0	33692
4697	220	81	165	32577	0	33043
4698	166	32399	197	703	0	33465
4699	206	381	176	32375	0	33138
4700	239	322	137	31861	0	32559
4701	129	30214	148	654	0	31145
4702	26173	268	78	263	0	26782
4703	276	27012	100	128	0	27516
4704	209	26681	99	111	0	27100
4705	128	557	74	26183	0	26942
4706	129	239	26083	282	0	26733
4707	22538	78	321	239	0	23176
4708	262	56	176	25273	0	25767
4709	206	53	24555	280	0	25094
4710	66	24581	285	289	0	25221
4711	66	242	214	24551	0	25073
4712	112	218	25028	285	0	25643
4713	91	64	259	24046	0	24460
4714	77	97	194	24465	0	24833
4715	23868	55	73	438	0	24434
4716	231	23817	86	295	0	24429
4717	23815	238	65	112	0	24230
4718	293	220	24369	106	0	24988
4719	202	24535	261	127	0	25125
4720	113	261	24855	89	0	25318
4721	60	377	261	24468	0	25166
4722	24722	63	189	342	0	25316
4723	245	53	63	24411	0	24772
4724	24729	53	47	301	0	25130
4725	24834	64	53	229	0	25180
4726	423	52	54	25038	0	25567
4727	253	70	26759	285	0	27367
4728	123	72	27739	236	0	28170
4729	82	41	398	28041	0	28562
4730	76	52	238	28775	0	29141
4731	28424	52	71	486	0	29033
4732	277	68	59	28190	0	28594
4733	237	28404	81	350	0	29072
4734	107	271	52	28777	0	29207
4735	81	245	51	29033	0	29410
4736	28244	85	59	521	0	28909
4737	276	28951	64	333	0	29624
4738	253	291	45	29117	0	29706
4739	107	242	56	28768	0	29173
4740	62	28911	84	524	0	29581
4741	78	283	58	29339	0	29758
4742	75	260	64	28799	0	29198
4743	56	28613	82	567	0	29318
4744	78	279	57	28877	0	29291
4745	68	266	46	28417	0	28797
4746	52	28436	88	555	0	29131
4747	77	269	63	28882	0	29291
4748	28478	252	51	392	0	29173
4749	28379	101	47	357	0	28884
4750	28271	78	44	173	0	28566
4751	28123	85	52	158	0	28418
4752	476	27167	60	189	0	27892
4753	25585	246	36	156	0	26023
4754	258	25388	72	156	0	25874
4755	215	25251	50	129	0	25645
4756	86	424	59	25146	0	25715
4757	67	255	25327	297	0	25946
4758	24034	68	218	277	0	24597
4759	25124	66	186	141	0	25517
4760	408	84	26434	121	0	27047
4761	25672	51	238	142	0	26103
4762	26657	63	184	123	0	27027
4763	418	26099	87	106	0	26710
4764	28758	235	34	192	0	29219
4765	294	217	35	28506	0	29052
4766	252	89	39	28685	0	29065
4767	128	68	36	28859	0	29091
4768	97	102	33	28904	0	29136
4769	28568	59	37	506	0	29170
4770	279	63	49	28255	0	28646
4771	247	75	44	28397	0	28763
4772	127	93	27909	476	0	28605
4773	24797	73	256	385	0	25511
4774	27791	53	206	202	0	28252
4775	27834	71	61	168	0	28134
4776	452	27694	91	151	0	28388
4777	262	28115	62	164	0	28603
4778	27646	402	43	159	0	28250
4779	318	243	50	27787	0	28398
4780	252	28957	67	360	0	29636
4781	134	270	29	28579	0	29012
4782	94	29077	66	362	0	29599
4783	28625	270	27	331	0	29253
4784	298	29296	52	193	0	29839
4785	305	310	41	28494	0	29150
4786	120	242	36	29290	0	29688
4787	164	122	29691	512	0	30489
4788	132	31185	289	341	0	31947
4789	158	395	229	31841	0	32623
4790	144	349	32833	424	0	33750
4791	137	127	33240	384	0	33888
4792	132	86	660	33154	0	34032
4793	186	79	400	32710	0	33375
4794	101	32854	140	815	0	33910
4795	109	34037	88	545	0	34779
4796	108	826	56	33901	0	34891
4797	33632	487	48	552	0	34719
4798	526	198	41	35596	0	36361
4799	37201	132	35	656	0	38024
4800	37782	93	45	532	0	38452
4801	38445	101	53	225	0	38824
4802	1055	103	38332	170	0	39660
4803	37428	85	525	179	0	38217
4804	669	85	458	38112	0	39324
4805	565	81	132	38458	0	39236
4806	222	125	38137	972	0	39456
4807	180	117	38031	580	0	38908
4808	171	169	878	36136	0	37354
4809	131	36905	562	667	0	38265
4810	126	37808	172	536	0	38642
4811	203	861	85	37451	0	38600
4812	36738	521	83	694	0	38036
4813	590	179	64	37036	0	37869
4814	523	122	48	36272	0	36965
4815	191	37008	84	947	0	38230
4816	175	512	68	37626	0	38381
4817	163	459	37472	698	0	38792
4818	151	185	36352	583	0	37271
4819	34082	110	881	291	0	35364
4820	529	36545	552	192	0	37818
4821	36425	519	165	171	0	37280
4822	36181	437	103	170	0	36891
4823	920	163	110	33193	0	34386
4824	527	36072	125	530	0	37254
4825	238	555	75	36196	0	37064
4826	36269	433	66	629	0	37397
4827	540	35166	121	540	0	36367
4828	33623	521	66	221	0	34431
4829	564	34266	77	175	0	35082
4830	34342	566	57	168	0	35133
4831	34052	434	67	145	0	34698
4832	849	33872	98	185	0	35004
4833	540	498	57	33645	0	34740
4834	33682	426	76	552	0	34736
4835	572	181	32940	457	0	34150
4836	482	128	33135	206	0	33951
4837	210	419	782	31794	0	33205
4838	32807	87	462	537	0	33893
4839	527	110	161	32981	0	33779
4840	33188	100	92	600	0	33980
4841	637	114	33906	454	0	35111
4842	33791	103	455	231	0	34580
4843	35516	103	384	185	0	36188
4844	894	86	134	35036	0	36150
4845	567	88	93	35508	0	36256
4846	246	107	106	35371	0	35830
4847	185	35408	125	916	0	36634
4848	177	449	75	35437	0	36138
4849	146	391	100	36000	0	36637
4850	35657	141	126	901	0	36825
4851	35642	87	126	569	0	36424
4852	872	151	35336	285	0	36644
4853	34605	102	513	226	0	35446
4854	612	143	35619	195	0	36569
4855	32811	96	584	207	0	33698
4856	640	112	35116	227	0	36095
4857	496	145	34737	196	0	35574
4858	247	92	811	33456	0	34606
4859	225	114	34367	604	0	35310
4860	32500	156	580	527	0	33763
4861	533	99	449	34327	0	35408
4862	34747	105	194	569	0	35615
4863	34863	120	110	526	0	35619
4864	33147	100	107	237	0	33591
4865	32797	90	108	222	0	33217
4866	998	76	32587	208	0	33869
4867	655	61	470	32283	0	33469
4868	342	100	33239	569	0	34250
4869	270	114	545	32840	0	33769
4870	32801	72	453	621	0	33947
4871	561	80	214	33425	0	34280
4872	33728	106	141	644	0	34619
4873	613	82	133	33958	0	34786
4874	510	111	118	34232	0	34971
4875	33807	105	123	887	0	34922
4876	542	33742	172	598	0	35054
4877	33482	488	108	261	0	34339
4878	575	33770	116	237	0	34698
4879	466	534	92	33358	0	34450
4880	32923	411	110	545	0	33989
4881	582	179	33066	481	0	34308
4882	504	104	453	33023	0	34084
4883	33100	102	382	570	0	34154
4884	33825	91	182	453	0	34551
4885	883	92	142	33092	0	34209
4886	596	34175	147	528	0	35446
4887	269	33634	116	435	0	34454
4888	225	1248	53	30276	0	31802
4889	30554	351	51	449	0	31405
4890	435	29602	52	322	0	30411
4891	228	28574	64	127	0	28993
4892	27185	411	24	84	0	27704
4893	287	27566	55	107	0	28015
4894	27605	283	76	53	0	28017
4895	421	199	64	27175	0	27859
4896	240	65	21	26718	0	27044
4897	79	27112	38	419	0	27648
4898	53	26715	31	258	0	27057
4899	24415	371	15	67	0	24868
4900	205	25734	35	80	0	26054
4901	158	27097	37	51	0	27343
4902	85	413	12	26685	0	27195
4903	27415	247	19	263	0	27944
4904	318	97	29147	240	0	29802
4905	28382	31	358	88	0	28859
4906	415	30	273	30946	0	31664
4907	332	52	31726	412	0	32522
4908	133	54	32374	345	0	32906
4909	77	33	705	32285	0	33100
4910	53	68	33825	436	0	34382
4911	32393	38	499	380	0	33310
4912	33748	30	377	121	0	34276
4913	811	72	34412	65	0	35360
4914	440	46	459	33695	0	34640
4915	146	30	390	34334	0	34900
4916	34678	21	116	824	0	35639
4917	484	64	72	32477	0	33097
4918	396	33918	87	496	0	34897
4919	33534	445	38	396	0	34413
4920	471	33979	88	152	0	34690
4921	400	35005	90	167	0	35662
4922	162	789	53	34040	0	35044
4923	100	442	57	34290	0	34889
4924	113	124	42	34794	0	35073
4925	104	116	33779	862	0	34861
4926	30326	76	479	541	0	31422
4927	480	33237	406	180	0	34303
4928	33779	484	106	135	0	34504
4929	33696	417	63	126	0	34302
4930	874	135	50	32874	0	33933
4931	503	33393	64	504	0	34464
4932	210	493	57	33828	0	34588
4933	127	439	49	34398	0	35013
4934	34462	179	44	910	0	35595
4935	34295	101	56	578	0	35030
4936	888	124	34351	214	0	35577
4937	34047	115	463	171	0	34796
4938	602	34999	424	162	0	36187
4939	34828	562	104	125	0	35619
4940	611	36810	82	169	0	37672
4941	508	636	59	35148	0	36351
4942	263	498	59	34763	0	35583
4943	129	35154	73	984	0	36340
4944	155	620	49	35663	0	36487
4945	152	491	67	35829	0	36539
4946	160	186	75	34995	0	35416
4947	156	34977	108	1070	0	36311
4948	159	621	83	35496	0	36359
4949	160	498	100	35488	0	36246
4950	160	179	84	35928	0	36351
4951	163	201	34829	1085	0	36278
4952	32554	163	574	680	0	33971
4953	660	173	35215	309	0	36357
4954	34246	145	634	250	0	35275
4955	765	175	35365	245	0	36550
4956	34440	202	662	239	0	35543
4957	35202	135	495	257	0	36089
4958	1081	164	35207	244	0	36696
4959	711	176	597	34434	0	35918
4960	344	198	34452	675	0	35669
4961	32346	157	669	635	0	33807
4962	753	178	35578	397	0	36906
4963	601	197	35258	265	0	36321
4964	33815	131	1025	268	0	35239
4965	677	35136	679	303	0	36795
4966	589	629	290	35217	0	36725
4967	36007	515	187	715	0	37424
4968	747	254	218	36036	0	37255
4969	660	186	219	36561	0	37626
4970	35959	138	192	1150	0	37439
4971	35976	114	227	773	0	37090
4972	1185	132	35507	368	0	37192
4973	733	140	35547	287	0	36707
4974	381	111	1068	35126	0	36686
4975	349	136	36197	816	0	37498
4976	296	140	783	35547	0	36766
4977	324	126	619	35622	0	36691
4978	287	148	325	36728	0	37488
4979	35246	149	176	1319	0	36890
4980	742	36522	224	829	0	38317
4981	36563	608	143	437	0	37751
4982	36020	564	186	410	0	37180
4983	1069	36313	185	421	0	37988
4984	35264	561	116	365	0	36306
4985	752	590	34867	297	0	36506
4986	567	266	486	34031	0	35350
4987	34735	140	436	716	0	36027
4988	600	213	34590	555	0	35958
4989	33333	148	479	336	0	34296
4990	618	36223	471	303	0	37615
4991	41081	472	186	264	0	42003
4992	40862	398	165	253	0	41678
4993	1214	42223	191	268	0	43896
4994	43307	641	139	228	0	44315
4995	961	554	127	43645	0	45287
4996	731	255	141	44547	0	45674
4997	43867	124	136	1191	0	45318
4998	40142	152	146	795	0	41235
4999	1199	43762	165	444	0	45570
5000	730	43477	173	323	0	44703
5001	300	1204	137	38885	0	40526
5002	249	42069	116	633	0	43067
5003	228	42736	142	508	0	43614
5004	38899	840	113	224	0	40076
5005	528	40450	120	184	0	41282
5006	37836	583	68	152	0	38639
5007	539	40039	93	146	0	40817
5008	526	531	39436	121	0	40614
5009	213	40248	458	127	0	41046
5010	38995	627	434	161	0	40217
5011	38411	336	151	127	0	39025
5012	728	159	38685	110	0	39682
5013	465	88	413	36785	0	37751
5014	222	68	331	38766	0	39387
5015	169	136	38492	679	0	39476
5016	166	59	429	36885	0	37539
5017	161	89	38706	554	0	39510
5018	141	108	37513	401	0	38163
5019	35820	56	677	220	0	36773
5020	413	38007	423	185	0	39028
5021	37622	395	177	95	0	38289
5022	551	314	108	37622	0	38595
5023	433	187	38321	419	0	39360
5024	255	127	409	35565	0	36356
5025	174	38482	322	438	0	39416
5026	38574	414	144	328	0	39460
5027	38562	349	122	191	0	39224
5028	708	161	62	38712	0	39643
5029	448	131	38375	418	0	39372
5030	36020	90	417	363	0	36890
5031	500	38354	319	170	0	39343
5032	38288	416	147	124	0	38975
5033	644	324	72	37669	0	38709
5034	37862	166	82	429	0	38539
5035	608	155	55	37464	0	38282
5036	495	157	37573	523	0	38748
5037	271	130	36826	427	0	37654
5038	34532	87	602	310	0	35531
5039	474	37867	383	209	0	38933
5040	37185	402	182	154	0	37923
5041	37045	340	125	119	0	37629
5042	598	37915	97	129	0	38739
5043	37573	466	56	111	0	38206
5044	550	425	40497	96	0	41568
5045	430	237	320	40409	0	41396
5046	222	222	268	40851	0	41563
5047	213	161	120	41490	0	41984
5048	175	195	41026	635	0	42031
5049	200	185	41150	415	0	41950
5050	166	170	632	39334	0	40302
5051	153	41156	430	388	0	42127
5052	162	42295	200	357	0	43014
5053	42254	624	135	165	0	43178
5054	41948	390	120	189	0	42647
5055	625	44409	170	235	0	45439
5056	420	437	130	45018	0	46005
5057	224	353	103	45273	0	45953
5058	46069	180	155	737	0	47141
5059	504	136	143	47465	0	48248
5060	455	139	156	47545	0	48295
5061	274	146	148	47771	0	48339
5062	258	183	45312	806	0	46559
5063	236	203	43174	541	0	44154
5064	43730	120	693	315	0	44858
5065	528	95	441	46684	0	47748
5066	445	167	46945	533	0	48090
5067	258	181	45530	421	0	46390
5068	44064	158	792	291	0	45305
5069	614	189	51645	252	0	52700
5070	481	52440	668	269	0	53858
5071	272	514	476	55743	0	57005
5072	280	512	56073	564	0	57429
5073	54400	217	609	504	0	55730
5074	699	196	475	59019	0	60389
5075	626	166	58731	691	0	60214
5076	289	117	660	59081	0	60147
5077	251	114	560	59860	0	60785
5078	60198	89	307	1135	0	61729
5079	712	61061	301	717	0	62791
5080	634	631	177	59424	0	60866
5081	60592	490	152	777	0	62011
5082	60742	194	160	634	0	61730
5083	61266	143	133	306	0	61848
5084	61921	134	183	250	0	62488
5085	1335	124	179	60782	0	62420
5086	60900	97	154	785	0	61936
5087	59878	105	169	625	0	60777
5088	58310	69	140	389	0	58908
5089	58241	87	158	334	0	58820
5090	1182	56280	251	276	0	57989
5091	359	50354	93	113	0	50919
5092	162	737	64	49114	0	50077
5093	95	49902	78	380	0	50455
5094	49242	449	88	322	0	50101
5095	419	271	46	48771	0	49507
5096	48664	56	51	394	0	49165
5097	49160	49	56	398	0	49663
5098	666	91	45	50893	0	51695
5099	362	49	58	50189	0	50658
5100	116	50993	74	639	0	51822
5101	50817	338	45	370	0	51570
5102	388	51154	100	151	0	51793
5103	51239	355	47	122	0	51763
5104	438	280	50	51436	0	52204
5105	401	115	50979	480	0	51975
5106	49784	54	357	353	0	50548
5107	48213	84	308	177	0	48782
5108	712	113	48619	114	0	49558
5109	425	116	48645	124	0	49310
5110	176	81	600	46833	0	47690
5111	51056	65	294	461	0	51876
5112	53115	71	77	423	0	53686
5113	55773	53	73	184	0	56083
5114	55674	68	62	156	0	55960
5115	817	55709	101	153	0	56780
5116	57984	416	59	214	0	58673
5117	586	351	70	57664	0	58671
5118	503	97	60	58918	0	59578
5119	236	78	65	60997	0	61376
5120	208	68	56	61603	0	61935
5121	60322	79	66	913	0	61380
5122	588	78	83	63550	0	64299
5123	543	145	62920	660	0	64268
5124	241	76	557	64182	0	65056
5125	227	70	455	64743	0	65495
5126	217	87	113	64558	0	64975
5127	230	66	107	63935	0	64338
5128	62471	54	93	1118	0	63736
5129	675	63121	140	677	0	64613
5130	596	63584	152	269	0	64601
5131	261	997	96	62560	0	63914
5132	62782	540	125	703	0	64150
5133	63747	130	94	591	0	64562
5134	1127	116	88	64343	0	65674
5135	708	163	63581	735	0	65187
5136	62119	121	612	662	0	63514
5137	824	99	508	65863	0	67294
5138	717	156	65982	770	0	67625
5139	60970	91	654	745	0	62460
5140	835	66245	556	389	0	68025
5141	73256	672	128	288	0	74344
5142	1148	76016	152	312	0	77628
5143	1015	1080	78	74993	0	77166
5144	388	76375	142	1163	0	78068
5145	356	1300	68	78437	0	80161
5146	74285	928	61	1448	0	76722
5147	1208	76269	114	1256	0	78847
5148	1108	1181	76351	397	0	79037
5149	447	1003	1082	76110	0	78642
5150	369	270	77759	1298	0	79696
5151	346	229	1227	74835	0	76637
5152	311	158	893	77347	0	78709
5153	345	183	76201	2145	0	78874
5154	65919	114	1223	1386	0	68642
5155	1346	191	75685	405	0	77627
5156	1118	261	74661	315	0	76355
5157	340	75301	1997	405	0	78043
5158	322	1137	1002	74229	0	76690
5159	304	980	264	74317	0	75865
5160	300	291	161	73921	0	74673
5161	289	181	135	75803	0	76408
5162	252	237	73617	2237	0	76343
5163	65532	145	1242	1351	0	68270
5164	1351	206	74189	523	0	76269
5165	1063	111	1265	71923	0	74362
5166	71124	106	950	1359	0	73539
5167	1179	72604	381	1274	0	75438
5168	1011	1335	198	70279	0	72823
5169	67173	848	179	1275	0	69475
5170	1189	66052	235	1040	0	68516
5171	835	65937	196	380	0	67348
5172	64497	1636	198	328	0	66659
5173	1053	65977	169	302	0	67501
5174	63253	1142	212	294	0	64901
5175	1085	65227	190	335	0	66837
5176	64911	1120	181	298	0	66510
5177	64365	853	143	297	0	65658
5178	1689	66110	214	405	0	68418
5179	1009	1036	156	65380	0	67581
5180	398	873	64917	1168	0	67356
5181	62526	274	1043	944	0	64787
5182	1111	225	808	62719	0	64863
5183	886	63127	284	1155	0	65452
5184	320	65017	223	919	0	66479
5185	234	1651	136	64713	0	66734
5186	64023	898	173	1243	0	66337
5187	1138	324	64359	985	0	66806
5188	918	211	1038	64324	0	66491
5189	349	164	860	65460	0	66833
5190	259	184	268	66610	0	67321
5191	254	156	225	64482	0	65117
5192	204	64086	238	2013	0	66541
5193	244	1058	163	65280	0	66745
5194	430	920	63670	1360	0	66380
5195	250	408	63768	1070	0	65496
5196	283	371	65032	481	0	66167
5197	281	285	1830	62291	0	64687
5198	60922	281	1046	1212	0	63461
5199	1195	281	61660	1065	0	64201
5200	1038	344	62290	469	0	64141
5201	412	281	1813	60209	0	62715
5202	61065	250	1053	1286	0	63654
5203	1122	61098	471	1153	0	63844
5204	61085	1147	351	561	0	63144
5205	1328	932	274	60598	0	63132
5206	1055	465	61961	1301	0	64782
5207	505	444	1199	57530	0	59678
5208	363	61975	1017	1272	0	64627
5209	63423	1232	433	1064	0	66152
5210	1296	1038	63730	636	0	66700
5211	929	62399	1202	575	0	65105
5212	61275	1318	1250	563	0	64406
5213	1346	1067	427	61126	0	63966
5214	1088	394	365	62181	0	64028
5215	62097	224	402	2226	0	64949
5216	61889	254	406	1393	0	63942
5217	63953	259	409	590	0	65211
5218	2341	260	349	59715	0	62665
5219	1391	60042	356	1597	0	63386
5220	60163	1229	329	1306	0	63027
5221	1352	61080	334	706	0	63472
5222	57929	1273	300	458	0	59960
5223	1397	57166	409	391	0	59363
5224	1122	1300	252	55645	0	58319
5225	56208	1037	240	1308	0	58793
5226	56621	471	219	1164	0	58475
5227	57418	362	165	587	0	58532
5228	57732	347	174	463	0	58716
5229	57513	299	201	423	0	58436
5230	2264	375	55837	390	0	58866
5231	1422	314	1171	54631	0	57538
5232	694	345	56213	1235	0	58487
5233	587	325	55622	1041	0	57575
5234	54228	290	1924	452	0	56894
5235	54854	319	1118	395	0	56686
5236	55150	314	363	323	0	56150
5237	2276	390	207	52705	0	55578
5238	52036	333	210	1255	0	53834
5239	1547	52022	256	1088	0	54913
5240	1225	52084	236	509	0	54054
5241	452	45735	147	292	0	46626
5242	40622	1160	243	282	0	42307
5243	733	41867	145	281	0	43026
5244	41130	681	143	172	0	42126
5245	40760	537	90	165	0	41552
5246	1300	200	40465	152	0	42117
5247	863	150	654	39367	0	41034
5248	406	115	549	41732	0	42802
5249	41661	111	194	1177	0	43143
5250	41686	98	119	710	0	42613
5251	1373	92	113	41329	0	42907
5252	870	121	41286	744	0	43021
5253	428	163	41825	665	0	43081
5254	362	108	1134	41317	0	42921
5255	351	140	652	41581	0	42724
5256	353	136	155	42604	0	43248
5257	40833	169	116	1257	0	42375
5258	40817	151	129	712	0	41809
5259	1353	40804	174	290	0	42621
5260	864	747	115	40508	0	42234
5261	460	634	102	39992	0	41188
5262	361	41026	160	1189	0	42736
5263	409	720	148	41349	0	42626
5264	41237	629	146	842	0	42854
5265	961	208	163	41245	0	42577
5266	891	136	168	41444	0	42639
5267	40128	139	132	1339	0	41738
5268	40104	178	160	816	0	41258
5269	40671	156	193	344	0	41364
5270	1608	260	176	39016	0	41060
5271	932	174	37655	843	0	39604
5272	523	176	37214	728	0	38641
5273	474	162	36960	447	0	38043
5274	431	35357	1207	296	0	37291
5275	34032	737	848	341	0	35958
5276	909	583	33633	283	0	35408
5277	32307	187	693	259	0	33446
5278	896	125	580	32422	0	34023
5279	32597	162	219	776	0	33754
5280	32766	130	157	753	0	33806
5281	1212	33286	166	334	0	34998
5282	34050	587	145	301	0	35083
5283	33621	517	144	359	0	34641
5284	1249	33542	173	409	0	35373
5285	885	556	154	34059	0	35654
5286	476	559	33992	760	0	35787
5287	428	210	609	33341	0	34588
5288	366	142	570	33929	0	35007
5289	33468	147	222	1197	0	35034
5290	900	169	154	32723	0	33946
5291	772	34007	193	806	0	35778
5292	452	669	170	33515	0	34806
5293	384	594	170	34383	0	35531
5294	439	275	33491	1230	0	35435
5295	391	32977	676	866	0	34910
5296	420	33707	597	414	0	35138
5297	31893	1087	218	325	0	33523
5298	845	34122	198	453	0	35618
5299	835	737	209	33514	0	35295
5300	506	606	34100	820	0	36032
5301	372	34295	774	814	0	36255
5302	34210	680	650	387	0	35927
5303	906	626	284	34031	0	35847
5304	802	236	212	34924	0	36174
5305	436	204	34440	1296	0	36376
5306	378	207	731	33008	0	34324
5307	408	200	601	33900	0	35109
5308	32983	198	266	1297	0	34744
5309	29986	145	164	847	0	31142
5310	1186	29718	200	517	0	31621
5311	27151	499	160	338	0	28148
5312	674	26706	142	382	0	27904
5313	540	512	118	23611	0	24781
5314	322	25042	144	595	0	26103
5315	281	25832	146	544	0	26803
5316	24470	704	314	327	0	25815
5317	23608	374	170	270	0	24422
5318	648	23427	145	285	0	24505
5319	23430	392	121	262	0	24205
5320	23254	314	105	277	0	23950
5321	24168	149	115	247	0	24679
5322	721	130	109	24010	0	24970
5323	24345	170	95	503	0	25113
5324	523	176	23489	405	0	24593
5325	23088	142	365	248	0	23843
5326	563	180	24267	203	0	25213
5327	447	163	391	23770	0	24771
5328	248	161	299	24900	0	25608
5329	269	169	24770	658	0	25866
5330	23625	135	402	436	0	24598
5331	24784	150	302	232	0	25468
5332	726	131	25954	209	0	27020
5333	459	124	386	25262	0	26231
5334	248	108	318	25964	0	26638
5335	210	99	162	26476	0	26947
5336	25793	95	142	711	0	26741
5337	25792	112	150	413	0	26467
5338	708	179	139	24260	0	25286
5339	357	23951	117	428	0	24853
5340	176	23292	103	351	0	23922
5341	21615	455	85	182	0	22337
5342	385	22275	84	174	0	22918
5343	270	21760	75	130	0	22235
5344	178	264	81	19056	0	19579
5345	91	148	19110	184	0	19533
5346	76	19082	150	164	0	19472
5347	83	411	129	18198	0	18821
5348	59	18658	55	158	0	18930
5349	47	198	42	18422	0	18709
5350	18368	101	43	177	0	18689
5351	132	18817	46	138	0	19133
5352	18791	122	33	77	0	19023
5353	18245	94	23	70	0	18432
5354	219	66	18046	61	0	18392
5355	17527	39	102	74	0	17742
5356	151	58	80	18344	0	18633
5357	115	55	18458	131	0	18759
5358	47	18584	116	129	0	18876
5359	86	128	78	18376	0	18668
5360	48	84	22	18563	0	18717
5361	18454	44	18	175	0	18691
5362	123	39	27	18452	0	18641
5363	105	39	20	18511	0	18675
5364	18320	34	23	173	0	18550
5365	120	18365	35	119	0	18639
5366	18165	110	22	79	0	18376
5367	142	111	18199	53	0	18505
5368	16011	46	98	82	0	16237
5369	138	57	18483	61	0	18739
5370	110	18739	110	56	0	19015
5371	18937	101	66	49	0	19153
5372	18365	101	30	53	0	18549
5373	207	66	18611	43	0	18927
5374	138	58	19292	38	0	19526
5375	90	44	20169	42	0	20345
5376	50	20805	211	67	0	21133
5377	73	136	119	20824	0	21152
5378	71	127	23371	157	0	23726
5379	70	80	22674	120	0	22944
5380	62	42	286	22547	0	22937
5381	104	51	23350	170	0	23675
5382	22065	37	197	183	0	22482
5383	25869	36	153	67	0	26125
5384	439	54	25857	49	0	26399
5385	248	25699	300	124	0	26371
5386	84	266	216	25423	0	25989
5387	116	212	26352	300	0	26980
5388	64	26418	297	233	0	27012
5389	137	349	281	26065	0	26832
5390	25932	179	104	327	0	26542
5391	25291	65	42	208	0	25606
5392	405	26523	75	122	0	27125
5393	242	273	52	26554	0	27121
5394	77	205	65	26732	0	27079
5395	88	71	46	26742	0	26947
5396	83	47	42	26919	0	27091
5397	73	68	26518	473	0	27132
5398	82	58	257	25954	0	26351
5399	77	56	25795	348	0	26276
5400	33	25228	293	272	0	25826
5401	24618	246	201	107	0	25172
5402	228	26113	90	119	0	26550
5403	177	252	73	25974	0	26476
5404	60	186	35	26161	0	26442
5405	25956	59	39	423	0	26477
5406	253	50	32	25598	0	25933
5407	174	25665	59	275	0	26173
5408	65	251	31	26031	0	26378
5409	41	205	40	26010	0	26296
5410	25631	66	44	411	0	26152
5411	288	62	25226	218	0	25794
5412	161	25248	220	132	0	25761
5413	47	25658	166	69	0	25940
5414	57	335	35	24918	0	25345
5415	24553	161	20	239	0	24973
5416	212	24621	39	207	0	25079
5417	155	219	18	24801	0	25193
5418	71	201	24288	240	0	24800
5419	44	59	209	24154	0	24466
5420	24596	36	143	268	0	25043
5421	23617	34	46	187	0	23884
5422	340	44	29	23913	0	24326
5423	24317	35	30	261	0	24643
5424	23677	30	59	222	0	23988
5425	359	65	23910	78	0	24412
5426	22600	47	215	79	0	22941
5427	245	23780	173	79	0	24277
5428	23864	217	52	78	0	24211
5429	289	196	23290	55	0	23830
5430	210	47	219	23418	0	23894
5431	24187	22	198	247	0	24654
5432	264	66	22793	204	0	23327
5433	210	54	23144	79	0	23487
5434	103	25	390	22438	0	22956
5435	75	56	23575	250	0	23956
5436	22898	30	282	214	0	23424
5437	292	70	24040	68	0	24470
5438	213	44	299	24039	0	24595
5439	80	33	234	24922	0	25269
5440	25808	47	84	464	0	26403
5441	322	66	26319	247	0	26954
5442	254	52	27825	97	0	28228
5443	90	23	540	29342	0	29995
5444	74	84	29962	421	0	30541
5445	29011	31	441	296	0	29779
5446	396	19	304	29118	0	29837
5447	300	53	29975	389	0	30717
5448	121	35	431	29326	0	29913
5449	89	30	320	29972	0	30411
5450	29999	43	134	640	0	30816
5451	441	64	29889	397	0	30791
5452	28730	61	412	152	0	29355
5453	468	69	30717	110	0	31364
5454	29788	53	456	135	0	30432
5455	30366	47	324	147	0	30884
5456	30282	38	109	136	0	30565
5457	666	29719	138	161	0	30684
5458	30160	381	73	137	0	30751
5459	30011	265	79	143	0	30498
5460	712	51	87	29745	0	30595
5461	388	60	29750	442	0	30640
5462	28699	41	419	388	0	29547
5463	453	65	30566	147	0	31231
5464	384	52	439	29564	0	30439
5465	160	44	344	30677	0	31225
5466	30225	46	124	678	0	31073
5467	431	30887	129	405	0	31852
5468	394	386	75	30766	0	31621
5469	179	295	103	31144	0	31721
5470	111	115	30830	715	0	31771
5471	143	44	422	30386	0	30995
5472	158	38	315	31022	0	31533
5473	167	51	106	29322	0	29646
5474	100	29726	88	691	0	30605
5475	28739	342	77	321	0	29479
5476	28330	259	81	148	0	28818
5477	583	28484	115	177	0	29359
5478	25985	304	70	109	0	26468
5479	381	263	68	26895	0	27607
5480	309	75	28516	369	0	29269
5481	106	28949	371	322	0	29748
5482	90	29743	263	131	0	30227
5483	28109	371	142	75	0	28697
5484	29377	177	60	118	0	29732
5485	506	31	52	29746	0	30335
5486	269	31	55	30197	0	30552
5487	107	34	70	30032	0	30243
5488	29359	27	64	525	0	29975
5489	347	39	29170	270	0	29826
5490	28871	29	332	125	0	29357
5491	383	40	255	29542	0	30220
5492	284	50	101	28777	0	29212
5493	117	29441	93	548	0	30199
5494	128	296	84	29734	0	30242
5495	131	195	68	30002	0	30396
5496	150	72	30105	556	0	30883
5497	121	30335	376	298	0	31130
5498	30723	300	252	163	0	31438
5499	30085	200	125	130	0	30540
5500	31203	61	91	152	0	31507
5501	30990	54	101	154	0	31299
5502	603	83	30090	125	0	30901
5503	29491	59	369	142	0	30061
5504	458	85	30510	137	0	31190
5505	339	42	370	29021	0	29772
5506	175	30655	312	369	0	31511
5507	194	318	109	30775	0	31396
5508	176	209	105	31117	0	31607
5509	192	93	30926	574	0	31785
5510	28988	67	377	354	0	29786
5511	30236	63	265	219	0	30783
5512	573	30215	148	236	0	31172
5513	372	355	30486	191	0	31404
5514	201	224	392	30459	0	31276
5515	192	112	30975	487	0	31766
5516	175	117	30515	379	0	31186
5517	194	90	534	30320	0	31138
5518	214	103	30913	442	0	31672
5519	235	76	367	30477	0	31155
5520	233	111	31514	485	0	32343
5521	220	94	392	31318	0	32024
5522	31616	86	269	517	0	32488
5523	31475	67	141	396	0	32079
5524	31526	99	90	226	0	31941
5525	31134	84	123	202	0	31543
5526	608	31389	144	223	0	32364
5527	358	397	110	30791	0	31656
5528	230	232	96	31258	0	31816
5529	208	166	31089	613	0	32076
5530	184	102	387	30430	0	31103
5531	183	113	30713	541	0	31550
5532	177	120	29901	356	0	30554
5533	28330	120	550	224	0	29224
5534	415	30972	294	285	0	31966
5535	31155	323	133	226	0	31837
5536	30805	234	107	206	0	31352
5537	567	31451	135	256	0	32409
5538	31132	290	133	248	0	31803
5539	490	223	31242	200	0	32155
5540	285	30494	379	181	0	31339
5541	29959	269	239	196	0	30663
5542	347	192	28681	147	0	29367
5543	25717	112	251	141	0	26221
5544	239	27646	173	142	0	28200
5545	27641	185	70	123	0	28019
5546	27139	115	82	102	0	27438
5547	320	27269	92	102	0	27783
5548	172	27350	73	157	0	27752
5549	106	28378	95	98	0	28677
5550	93	286	119	28385	0	28883
5551	73	129	75	28559	0	28836
5552	28961	54	95	309	0	29419
5553	28132	37	97	220	0	28486
5554	299	65	28646	137	0	29147
5555	181	69	28049	112	0	28411
5556	111	51	28977	108	0	29247
5557	108	31	319	28637	0	29095
5558	143	63	29706	234	0	30146
5559	147	37	232	29090	0	29506
5560	29857	43	148	300	0	30348
5561	275	61	30282	158	0	30776
5562	29241	43	223	127	0	29634
5563	30013	57	162	107	0	30339
5564	336	67	30840	121	0	31364
5565	159	31638	269	160	0	32226
5566	100	203	187	31819	0	32309
5567	112	169	31956	258	0	32495
5568	117	62	256	30997	0	31432
5569	126	46	173	33292	0	33637
5570	32745	46	104	339	0	33234
5571	278	69	75	32799	0	33221
5572	231	92	33028	266	0	33617
5573	127	56	255	32998	0	33436
5574	33529	59	233	272	0	34093
5575	264	34335	129	213	0	34941
5576	34419	238	103	99	0	34859
5577	323	245	143	34460	0	35171
5578	283	114	34880	267	0	35544
5579	161	77	34401	178	0	34817
5580	204	75	33592	112	0	33983
5581	83	32468	371	102	0	33024
5582	31485	389	302	84	0	32260
5583	192	31041	110	60	0	31403
5584	29313	145	57	51	0	29566
5585	192	29475	48	57	0	29772
5586	118	143	25	29446	0	29732
5587	37	112	43	29588	0	29780
5588	39	18	29	29659	0	29745
5589	19	29736	59	264	0	30078
5590	51	149	28	31251	0	31479
5591	46	116	25	34939	0	35126
5592	36687	32	35	403	0	37157
5593	340	24	31	38591	0	38986
5594	244	47	40859	374	0	41524
5595	39575	29	384	288	0	40276
5596	40891	30	266	96	0	41283
5597	634	41849	98	126	0	42707
5598	42180	416	34	85	0	42715
5599	42710	311	39	75	0	43135
5600	793	60	39	42336	0	43228
5601	391	38	36	43210	0	43675
5602	122	42	48	44037	0	44249
5603	43615	38	55	825	0	44533
5604	43739	36	66	393	0	44234
5605	908	82	43474	96	0	44560
5606	42693	40	472	79	0	43284
5607	42980	57	350	101	0	43488
5608	43189	30	81	113	0	43413
5609	874	73	42335	94	0	43376
5610	436	80	42399	109	0	43024
5611	166	33	800	42440	0	43439
5612	148	75	43977	552	0	44752
5613	180	43	534	42555	0	43312
5614	243	48	403	38063	0	38757
5615	137	43495	180	758	0	44570
5616	43277	478	111	402	0	44268
5617	628	391	44048	119	0	45186
5618	43644	74	552	113	0	44383
5619	679	66	406	44848	0	45999
5620	43907	65	135	609	0	44716
5621	651	43985	117	539	0	45292
5622	462	45160	143	205	0	45970
5623	226	883	213	44448	0	45770
5624	196	420	85	45123	0	45824
5625	207	140	44675	985	0	46007
5626	262	54	573	44507	0	45396
5627	43420	69	490	691	0	44670
5628	679	43804	199	598	0	45280
5629	592	591	43579	221	0	44983
5630	288	428	621	43156	0	44493
5631	359	132	44317	652	0	45460
5632	198	97	663	43261	0	44219
5633	176	112	44633	731	0	45652
5634	194	94	43064	543	0	43895
5635	193	90	993	42119	0	43395
5636	43071	81	489	710	0	44351
5637	42623	99	181	503	0	43406
5638	42080	111	144	237	0	42572
5639	989	41928	214	288	0	43419
5640	42225	565	138	199	0	43127
5641	41660	415	165	198	0	42438
5642	1040	150	41301	253	0	42744
5643	547	40942	641	278	0	42408
5644	269	659	472	39937	0	41337
5645	40034	433	153	698	0	41318
5646	663	40242	157	585	0	41647
5647	41071	579	153	255	0	42058
5648	40797	434	146	251	0	41628
5649	40536	164	152	225	0	41077
5650	40250	123	161	210	0	40744
5651	1066	127	155	39227	0	40575
5652	39175	112	177	722	0	40186
5653	721	130	162	38295	0	39308
5654	516	37896	252	740	0	39404
5655	280	505	184	38367	0	39336
5656	37689	396	206	709	0	39000
5657	737	139	37993	556	0	39425
5658	631	96	608	37623	0	38958
5659	37389	99	454	649	0	38591
5660	770	37109	208	554	0	38641
5661	37246	569	168	247	0	38230
5662	37325	412	174	195	0	38106
5663	1026	37879	154	281	0	39340
5664	37514	569	225	212	0	38520
5665	790	464	36062	204	0	37520
5666	625	167	35743	202	0	36737
5667	34432	132	923	206	0	35693
5668	781	164	35750	237	0	36932
5669	677	133	565	32135	0	33510
5670	370	34263	420	510	0	35563
5671	34241	547	157	408	0	35353
5672	739	34051	168	236	0	35194
5673	603	34315	210	235	0	35363
5674	354	875	162	34271	0	35662
5675	298	374	166	34279	0	35117
5676	268	151	166	34143	0	34728
5677	294	143	125	34177	0	34739
5678	255	171	33208	924	0	34558
5679	248	126	558	31924	0	32856
5680	259	135	406	32128	0	32928
5681	31570	122	165	851	0	32708
5682	647	152	116	31675	0	32590
5683	517	179	30995	602	0	32293
5684	29858	124	510	471	0	30963
5685	674	153	362	30813	0	32002
5686	545	143	31565	570	0	32823
5687	306	215	534	30129	0	31184
5688	231	31606	453	544	0	32834
5689	31288	476	188	432	0	32384
5690	632	321	30068	189	0	31210
5691	368	25775	416	150	0	26709
5692	23714	287	277	129	0	24407
5693	306	21918	114	97	0	22435
5694	223	19982	64	94	0	20363
5695	19390	307	230	76	0	20003
5696	247	18918	253	81	0	19499
5697	141	18325	53	83	0	18602
5698	149	212	236	17599	0	18196
5699	90	103	17496	188	0	17877
5700	78	17976	148	141	0	18343
5701	110	231	68	16682	0	17091
5702	57	16852	32	163	0	17104
5703	16480	100	24	89	0	16693
5704	129	69	16466	54	0	16718
5705	88	26	91	16401	0	16606
5706	17114	16	91	129	0	17350
5707	109	23	30	17455	0	17617
5708	88	39	17475	124	0	17726
5709	16082	28	105	101	0	16316
5710	17150	27	66	60	0	17303
5711	155	18235	54	69	0	18513
5712	94	86	20	18001	0	18201
5713	55	83	26	18511	0	18675
5714	18707	40	29	138	0	18914
5715	18253	30	36	92	0	18411
5716	166	49	18951	40	0	19206
5717	77	18711	92	42	0	18922
5718	18526	64	45	25	0	18660
5719	92	57	21	18430	0	18600
5720	76	25	19149	89	0	19339
5721	29	26	18353	68	0	18476
5722	34	97	139	18121	0	18391
5723	18595	10	42	78	0	18725
5724	67	18530	20	63	0	18680
5725	20284	69	7	51	0	20411
5726	77	44	5	20535	0	20661
5727	43	11	13	20688	0	20755
5728	21	8	8	21086	0	21123
5729	20711	13	10	142	0	20876
5730	60	21499	18	62	0	21639
5731	52	66	8	21621	0	21747
5732	11	42	9	21565	0	21627
5733	23	21	21461	105	0	21610
5734	16	13	63	20709	0	20801
5735	24	38	21710	81	0	21853
5736	10	21106	71	62	0	21249
5737	16	59	36	21109	0	21220
5738	20743	30	7	63	0	20843
5739	64	13	20841	41	0	20959
5740	43	5	73	20642	0	20763
5741	19	12	20877	65	0	20973
5742	18839	8	60	55	0	18962
5743	70	45	21036	16	0	21167
5744	40	8	59	19983	0	20090
5745	20625	5	37	64	0	20731
5746	58	19034	24	60	0	19176
5747	19632	55	7	25	0	19719
5748	70	19253	16	35	0	19374
5749	43	64	9	19611	0	19727
5750	34	50	19680	68	0	19832
5751	19	38	19736	55	0	19848
5752	19	10	94	19927	0	20050
5753	20703	7	62	85	0	20857
5754	20160	6	17	65	0	20248
5755	100	9	9	20439	0	20557
5756	51	7	6	21016	0	21080
5757	20110	12	5	115	0	20242
5758	63	20458	17	64	0	20602
5759	38	21678	20	45	0	21781
5760	21316	102	9	33	0	21460
5761	87	67	21085	29	0	21268
5762	70	14	78	20145	0	20307
5763	33	28	21033	94	0	21188
5764	21	12	86	20303	0	20422
5765	19	19	21278	99	0	21415
5766	28	31	21067	56	0	21182
5767	38	12	115	20627	0	20792
5768	19	20877	79	95	0	21070
5769	21505	82	24	62	0	21673
5770	88	21634	25	74	0	21821
5771	61	86	18	21792	0	21957
5772	21937	48	18	105	0	22108
5773	103	19	22	22665	0	22809
5774	22741	12	18	137	0	22908
5775	22722	11	26	80	0	22839
5776	22963	20	20	50	0	23053
5777	136	22546	29	46	0	22757
5778	23516	89	17	41	0	23663
5779	111	104	16	24076	0	24307
5780	25364	20	35	152	0	25571
5781	145	16	26	26057	0	26244
5782	25926	18	27	176	0	26147
5783	26171	16	34	124	0	26345
5784	202	26098	41	98	0	26439
5785	121	140	25	28676	0	28962
5786	56	82	23	28468	0	28629
5787	36	30569	33	315	0	30953
5788	38	222	24	31220	0	31504
5789	30643	133	28	325	0	31129
5790	32265	35	22	215	0	32537
5791	32060	32	24	96	0	32212
5792	420	45	33842	59	0	34366
5793	34184	26	256	100	0	34566
5794	36267	24	173	71	0	36535
5795	36291	26	57	90	0	36464
5796	486	36042	50	90	0	36668
5797	260	261	45	36477	0	37043
5798	108	204	22	37256	0	37590
5799	72	56	28	37214	0	37370
5800	64	59	36135	528	0	36786
5801	54	40	279	36576	0	36949
5802	36667	21	214	388	0	37290
5803	324	28	67	37271	0	37690
5804	255	34	41	38340	0	38670
5805	123	47	38148	526	0	38844
5806	90	37645	347	338	0	38420
5807	39096	304	220	122	0	39742
5808	369	225	66	39066	0	39726
5809	39340	62	60	380	0	39842
5810	430	109	39035	253	0	39827
5811	35742	49	321	161	0	36273
5812	388	39736	243	174	0	40541
5813	293	330	39438	99	0	40160
5814	147	239	39801	97	0	40284
5815	113	130	538	37597	0	38378
5816	120	50	41137	393	0	41700
5817	85	40977	352	297	0	41711
5818	81	297	229	40830	0	41437
5819	96	204	83	41416	0	41799
5820	73	84	45	41639	0	41841
5821	40603	47	52	556	0	41258
5822	308	41279	75	393	0	42055
5823	265	298	40	41858	0	42461
5824	125	208	38	42527	0	42898
5825	40891	83	42	548	0	41564
5826	350	41806	73	428	0	42657
5827	42391	303	67	166	0	42927
5828	42019	235	68	148	0	42470
5829	41730	90	62	222	0	42104
5830	604	71	41462	142	0	42279
5831	361	77	314	39827	0	40579
5832	157	41875	259	382	0	42673
5833	128	42864	136	332	0	43460
5834	162	522	51	41082	0	41817
5835	118	43715	76	358	0	44267
5836	44843	416	84	404	0	45747
5837	400	294	44589	191	0	45474
5838	43128	103	347	195	0	43773
5839	45672	86	246	185	0	46189
5840	613	98	107	46186	0	47004
5841	46638	79	94	480	0	47291
5842	453	49698	80	414	0	50645
5843	50528	365	81	244	0	51218
5844	50487	289	97	208	0	51081
5845	53917	146	105	228	0	54396
5846	861	122	54500	194	0	55677
5847	562	197	55282	179	0	56220
5848	298	91	749	54985	0	56123
5849	244	55859	472	580	0	57155
5850	284	57098	169	467	0	58018
5851	217	788	126	56098	0	57229
5852	56324	526	129	666	0	57645
5853	579	198	113	56607	0	57497
5854	466	166	139	57374	0	58145
5855	56639	135	138	963	0	57875
5856	592	57102	172	750	0	58616
5857	531	538	56981	356	0	58406
5858	355	456	55730	260	0	56801
5859	57189	170	792	299	0	58450
5860	640	163	495	56637	0	57935
5861	531	189	58854	610	0	60184
5862	292	135	563	57244	0	58234
5863	278	122	430	58247	0	59077
5864	247	145	213	59388	0	59993
5865	267	147	139	58264	0	58817
5866	231	57859	216	985	0	59291
5867	226	536	160	58244	0	59166
5868	57756	423	181	768	0	59128
5869	588	57557	269	651	0	59065
5870	58973	566	222	397	0	60158
5871	59464	451	164	333	0	60412
5872	59962	212	180	329	0	60683
5873	971	259	58018	271	0	59519
5874	57875	182	529	313	0	58899
5875	59733	150	457	306	0	60646
5876	59682	156	188	288	0	60314
5877	59529	141	163	286	0	60119
5878	918	59207	209	318	0	60652
5879	58552	534	143	299	0	59528
5880	724	491	58248	236	0	59699
5881	552	221	461	56764	0	57998
5882	344	154	374	58293	0	59165
5883	59084	127	165	820	0	60196
5884	626	59113	165	585	0	60489
5885	57217	414	89	274	0	57994
5886	535	58668	157	262	0	59622
5887	57763	394	97	202	0	58456
5888	57124	292	64	141	0	57621
5889	635	62925	132	266	0	63958
5890	63167	438	84	146	0	63835
5891	64604	382	107	134	0	65227
5892	838	62103	132	224	0	63297
5893	473	63797	135	164	0	64569
5894	66906	702	121	145	0	67874
5895	691	438	54	67817	0	69000
5896	68927	147	69	701	0	69844
5897	70949	99	54	535	0	71637
5898	71693	122	48	194	0	72057
5899	71565	90	57	182	0	71894
5900	1149	70858	127	225	0	72359
5901	596	72397	149	241	0	73383
5902	72928	954	116	185	0	74183
5903	775	599	73433	107	0	74914
5904	590	186	735	71088	0	72599
5905	209	133	480	73782	0	74604
5906	73138	99	128	1127	0	74492
5907	676	73647	143	654	0	75120
5908	609	664	61	73285	0	74619
5909	212	515	65	74852	0	75644
5910	74641	138	70	1271	0	76120
5911	804	140	62	75595	0	76601
5912	75970	111	75	884	0	77040
5913	75304	127	99	653	0	76183
5914	75373	109	71	285	0	75838
5915	1358	145	71	74697	0	76271
5916	785	97	70	75281	0	76233
5917	407	151	81160	1280	0	82998
5918	324	178	79161	719	0	80382
5919	78944	86	1697	313	0	81040
5920	1152	97	875	82875	0	84999
5921	989	248	89731	1155	0	92123
5922	399	187	90196	916	0	91698
5923	313	117	2190	89461	0	92081
5924	351	291	90873	1468	0	92983
5925	341	145	1497	88876	0	90859
5926	312	127	1053	89763	0	91255
5927	343	167	90877	2346	0	93733
5928	292	112	1375	90511	0	92290
5929	311	139	1037	90460	0	91947
5930	361	118	272	93061	0	93812
5931	343	221	91109	2559	0	94232
5932	394	151	1361	92239	0	94145
5933	92100	170	1044	1726	0	95040
5934	1586	91946	390	1416	0	95338
5935	93649	1433	227	456	0	95765
5936	1916	1170	91507	306	0	94899
5937	91683	283	1476	303	0	93745
5938	92967	208	1137	293	0	94605
5939	93123	181	390	305	0	93999
5940	2795	181	274	90771	0	94021
5941	1636	183	258	92224	0	94301
5942	694	281	86948	2657	0	90580
5943	80875	143	1579	1554	0	84151
5944	1747	85269	1248	680	0	88944
5945	1185	80912	420	483	0	83000
5946	455	83406	312	429	0	84602
5947	517	2265	451	79493	0	82726
5948	79046	1145	276	1555	0	82022
5949	78913	301	254	1273	0	80741
5950	2445	227	78156	528	0	81356
5951	1389	166	1433	77035	0	80023
5952	605	177	1062	77906	0	79750
5953	466	306	77445	2473	0	80690
5954	416	256	76496	1402	0	78570
5955	74360	149	2338	626	0	77473
5956	1520	76262	1356	635	0	79773
5957	77349	1327	446	539	0	79661
5958	77490	1012	323	457	0	79282
5959	2525	303	270	75623	0	78721
5960	1517	209	280	77464	0	79470
5961	75797	182	267	2486	0	78732
5962	1710	184	309	76042	0	78245
5963	1370	179	350	76484	0	78383
5964	75541	150	338	2633	0	78662
5965	1742	142	339	76248	0	78471
5966	76871	144	344	1910	0	79269
5967	76940	136	390	1502	0	78968
5968	2563	230	75600	766	0	79159
5969	76002	182	1621	641	0	78446
5970	75816	182	1338	652	0	77988
5971	75908	151	569	718	0	77346
5972	2733	262	70342	607	0	73944
5973	72591	156	1488	676	0	74911
5974	1814	72442	1269	810	0	76335
5975	73817	1282	551	735	0	76385
5976	74315	960	460	729	0	76464
5977	2633	249	495	72996	0	76373
5978	1601	143	427	72987	0	75158
5979	734	73296	502	2837	0	77369
5980	680	1372	424	73778	0	76254
5981	700	1062	425	74760	0	76947
5982	72970	380	442	2729	0	76521
5983	1983	236	392	73248	0	75859
5984	1619	217	375	73375	0	75586
5985	904	180	361	72420	0	73865
5986	688	69364	486	2911	0	73449
5987	67351	1370	456	1736	0	70913
5988	1839	68501	456	988	0	71784
5989	62905	1401	429	673	0	65408
5990	1849	1025	60844	653	0	64371
5991	57289	321	1390	777	0	59777
5992	1836	275	59126	628	0	61865
5993	1362	56638	1493	633	0	60126
5994	53192	1205	1341	536	0	56274
5995	52228	878	473	569	0	54148
5996	2092	50725	353	551	0	53721
5997	1250	49559	322	495	0	51626
5998	48659	1590	322	480	0	51051
5999	49294	941	235	443	0	50913
6000	2065	316	240	47887	0	50508
6001	1284	269	226	48945	0	50724
6002	731	286	47312	1919	0	50248
6003	45103	262	1030	1146	0	47541
6004	1489	238	810	44713	0	47250
6005	1193	45606	382	1237	0	48418
6006	668	1019	179	45464	0	47330
6007	565	781	176	45441	0	46963
6008	532	349	43848	1942	0	46671
6009	531	281	991	44436	0	46239
6010	43139	218	780	1399	0	45536
6011	1224	42238	351	1054	0	44867
6012	1013	42316	225	483	0	44037
6013	41796	1573	226	343	0	43938
6014	42014	897	160	317	0	43388
6015	41824	325	196	310	0	42655
6016	1926	39694	244	358	0	42222
6017	741	33934	155	247	0	35077
6018	35260	996	171	202	0	36629
6019	35361	614	212	254	0	36441
6020	1285	33926	158	227	0	35596
6021	379	26685	65	148	0	27277
6022	25968	575	88	106	0	26737
6023	517	305	39	25446	0	26307
6024	25884	99	21	421	0	26425
6025	490	85	30	24940	0	25545
6026	354	26508	35	418	0	27315
6027	148	26143	61	299	0	26651
6028	26869	581	35	134	0	27619
6029	27287	306	88	95	0	27776
6030	27471	118	58	81	0	27728
6031	774	27151	60	111	0	28096
6032	351	412	25259	56	0	26078
6033	101	25549	379	70	0	26099
6034	24714	462	264	48	0	25488
6035	23570	249	50	61	0	23930
6036	588	83	23336	46	0	24053
6037	269	23030	357	58	0	23714
6038	102	410	403	22839	0	23754
6039	115	244	41	21670	0	22070
6040	100	22019	35	534	0	22688
6041	127	361	22425	225	0	23138
6042	22316	247	324	72	0	22959
6043	386	118	212	22979	0	23695
6044	23253	69	42	350	0	23714
6045	23390	52	36	249	0	23727
6046	586	78	43	24311	0	25018
6047	331	70	43	25680	0	26124
6048	138	76	34	26323	0	26571
6049	121	68	36	26431	0	26656
6050	25709	84	42	724	0	26559
6051	25888	62	39	377	0	26366
6052	744	110	25966	108	0	26928
6053	403	83	405	25854	0	26745
6054	147	87	291	26453	0	26978
6055	149	75	60	26842	0	27126
6056	157	105	25991	814	0	27067
6057	168	73	402	25766	0	26409
6058	25501	75	314	485	0	26375
6059	488	71	74	25789	0	26422
6060	393	114	25687	528	0	26722
6061	173	75	422	25769	0	26439
6062	161	106	26033	520	0	26820
6063	25814	87	437	403	0	26741
6064	517	84	316	26320	0	27237
6065	26561	82	91	512	0	27246
6066	26052	83	78	409	0	26622
6067	767	90	61	26003	0	26921
6068	26564	76	55	544	0	27239
6069	599	88	59	25424	0	26170
6070	439	27360	82	505	0	28386
6071	28189	448	63	366	0	29066
6072	28183	345	63	168	0	28759
6073	28605	108	54	151	0	28918
6074	859	98	55	28131	0	29143
6075	485	99	66	28368	0	29018
6076	220	89	64	28719	0	29092
6077	222	103	27493	873	0	28691
6078	191	26989	454	524	0	28158
6079	198	474	319	26329	0	27320
6080	184	400	26306	562	0	27452
6081	25849	101	457	411	0	26818
6082	588	80	334	26604	0	27606
6083	457	98	26379	549	0	27483
6084	26671	92	431	455	0	27649
6085	570	76	339	27283	0	28268
6086	466	66	93	27522	0	28147
6087	201	56	83	27966	0	28306
6088	27566	74	70	876	0	28586
6089	27804	78	79	501	0	28462
6090	27357	70	92	241	0	27760
6091	811	26347	124	220	0	27502
6092	423	26650	100	217	0	27390
6093	26544	621	84	212	0	27461
6094	560	328	26209	186	0	27283
6095	427	70	401	25498	0	26396
6096	200	50	314	26232	0	26796
6097	25649	55	110	783	0	26597
6098	24877	42	74	469	0	25462
6099	742	25108	79	249	0	26178
6100	421	376	89	25094	0	25980
6101	229	282	24914	534	0	25959
6102	228	86	25295	450	0	26059
6103	195	50	643	25228	0	26116
6104	191	59	327	26132	0	26709
6105	25757	60	90	826	0	26733
6106	511	47	98	26440	0	27096
6107	27173	31	115	601	0	27920
6108	26953	39	116	503	0	27611
6109	746	69	27448	250	0	28513
6110	26785	46	405	259	0	27495
6111	27192	52	333	207	0	27784
6112	27326	44	117	235	0	27722
6113	743	27141	134	264	0	28282
6114	397	27295	131	286	0	28109
6115	221	681	98	27032	0	28032
6116	216	294	26909	569	0	27988
6117	189	25852	402	440	0	26883
6118	226	328	340	23583	0	24477
6119	186	210	89	22831	0	23316
6120	182	23549	72	513	0	24316
6121	23694	263	76	324	0	24357
6122	23765	210	63	173	0	24211
6123	572	72	24326	165	0	25135
6124	23731	44	272	187	0	24234
6125	390	81	23937	148	0	24556
6126	21668	65	272	160	0	22165
6127	376	85	23335	134	0	23930
6128	276	22270	269	106	0	22921
6129	207	201	255	21316	0	21979
6130	103	151	89	21722	0	22065
6131	21694	35	54	374	0	22157
6132	21577	31	67	243	0	21918
6133	21332	44	48	138	0	21562
6134	366	58	22094	131	0	22649
6135	238	37	184	21949	0	22408
6136	127	25	177	22707	0	23036
6137	22568	36	68	368	0	23040
6138	264	22888	67	246	0	23465
6139	24065	173	63	145	0	24446
6140	276	170	59	24515	0	25020
6141	255	51	43	25115	0	25464
6142	142	47	45	25192	0	25426
6143	138	46	53	25398	0	25635
6144	131	57	41	25268	0	25497
6145	123	24642	68	388	0	25221
6146	96	23709	44	183	0	24032
6147	77	22957	39	81	0	23154
6148	88	165	30	22882	0	23165
6149	64	95	22603	130	0	22892
6150	19808	24	110	132	0	20074
6151	166	23689	85	52	0	23992
6152	109	110	38	23573	0	23830
6153	74	76	26	23795	0	23971
6154	24015	32	32	204	0	24283
6155	23465	22	35	131	0	23653
6156	23765	28	34	87	0	23914
6157	237	25	28	25567	0	25857
6158	139	36	25929	180	0	26284
6159	67	52	26891	125	0	27135
6160	59	27	200	26902	0	27188
6161	57	54	27364	179	0	27654
6162	25474	16	173	148	0	25811
6163	176	16	101	26851	0	27144
6164	140	52	27081	203	0	27476
6165	89	27	133	26442	0	26691
6166	71	34	28114	190	0	28409
6167	81	47	30114	121	0	30363
6168	94	123	217	31792	0	32226
6169	65	43	34603	223	0	34934
6170	69	33	33388	155	0	33645
6171	23	31067	422	85	0	31597
6172	90	334	284	33267	0	33975
6173	34759	145	90	286	0	35280
6174	231	35	17	34908	0	35191
6175	167	13	20	36132	0	36332
6176	60	43	35712	403	0	36218
6177	30235	20	248	281	0	30784
6178	234	11	167	36504	0	36916
6179	176	13	43	37191	0	37423
6180	35949	9	31	434	0	36423
6181	235	8	22	37167	0	37432
6182	37288	16	27	306	0	37637
6183	37436	12	33	206	0	37687
6184	37135	13	20	90	0	37258
6185	402	36743	39	79	0	37263
6186	37207	227	21	58	0	37513
6187	259	37357	50	61	0	37727
6188	177	252	21	37299	0	37749
6189	37905	163	18	283	0	38369
6190	234	38045	56	272	0	38607
6191	38248	240	22	78	0	38588
6192	256	38252	41	112	0	38661
6193	37048	269	37	67	0	37421
6194	278	37924	46	87	0	38335
6195	195	38915	39	93	0	39242
6196	73	40855	33	79	0	41040
6197	59	435	25	38560	0	39079
6198	43	41519	40	269	0	41871
6199	50	292	18	40876	0	41236
6200	57	262	21	41423	0	41763
6201	49	74	23	41773	0	41919
6202	58	33	25	42026	0	42142
6203	40813	42	31	509	0	41395
6204	41515	25	27	305	0	41872
6205	511	89	41162	92	0	41854
6206	42288	31	277	121	0	42717
6207	44618	40	201	83	0	44942
6208	46116	46	59	75	0	46296
6209	636	89	45015	52	0	45792
6210	342	88	44869	50	0	45349
6211	42740	39	584	108	0	43471
6212	454	83	46931	85	0	47553
6213	329	48346	450	173	0	49298
6214	155	407	278	48828	0	49668
6215	50194	308	96	477	0	51075
6216	50127	84	71	343	0	50625
6217	50438	55	75	129	0	50697
6218	758	65	77	49799	0	50699
6219	417	59	69	51161	0	51706
6220	185	102	51725	786	0	52798
6221	154	68	439	51844	0	52505
6222	131	63	348	53518	0	54060
6223	52569	50	104	856	0	53579
6224	525	53180	101	511	0	54317
6225	54015	472	71	178	0	54736
6226	614	359	64	53818	0	54855
6227	53511	87	67	613	0	54278
6228	53077	60	91	461	0	53689
6229	50674	86	85	191	0	51036
6230	843	52286	118	210	0	53457
6231	478	53266	130	179	0	54053
6232	210	825	102	53508	0	54645
6233	53900	399	82	583	0	54964
6234	577	113	106	52963	0	53759
6235	493	91	83	53604	0	54271
6236	223	143	53355	906	0	54627
6237	211	99	494	52854	0	53658
6238	220	95	361	53181	0	53857
6239	193	96	113	53095	0	53497
6240	214	129	52118	965	0	53426
6241	246	151	50834	598	0	51829
6242	164	51455	842	310	0	52771
6243	51373	500	418	239	0	52530
6244	605	375	140	51518	0	52638
6245	552	160	52109	639	0	53460
6246	258	86	522	51138	0	52004
6247	248	92	377	55290	0	56007
6248	54484	76	128	944	0	55632
6249	54207	82	105	539	0	54933
6250	925	54633	147	313	0	56018
6251	54516	512	120	193	0	55341
6252	53974	413	108	207	0	54702
6253	941	149	138	53740	0	54968
6254	560	196	53891	616	0	55263
6255	246	54369	519	529	0	55663
6256	53733	537	373	294	0	54937
6257	54241	380	113	233	0	54967
6258	886	55676	129	287	0	56978
6259	610	492	95	56716	0	57913
6260	58818	409	99	710	0	60036
6261	58982	138	108	592	0	59820
6262	1076	116	136	59182	0	60510
6263	60578	96	130	789	0	61593
6264	62803	110	120	639	0	63672
6265	63286	124	149	304	0	63863
6266	1254	160	63619	264	0	65297
6267	692	62032	668	285	0	63677
6268	294	62498	517	322	0	63631
6269	59004	943	288	261	0	60496
6270	737	60275	148	249	0	61409
6271	634	675	59714	222	0	61245
6272	314	528	604	59330	0	60776
6273	59564	144	559	713	0	60980
6274	781	120	153	59655	0	60709
6275	60045	136	105	761	0	61047
6276	59761	149	113	627	0	60650
6277	59472	137	111	300	0	60020
6278	1135	58666	204	274	0	60279
6279	674	62546	168	325	0	63713
6280	62904	965	112	295	0	64276
6281	62438	515	108	289	0	63350
6282	62584	177	187	269	0	63217
6283	1236	181	114	61689	0	63220
6284	61265	143	93	790	0	62291
6285	844	60507	149	682	0	62182
6286	667	62692	159	373	0	63891
6287	377	1007	108	62067	0	63559
6288	379	577	61412	799	0	63167
6289	370	232	60633	631	0	61866
6290	372	156	971	60471	0	61970
6291	374	214	61673	733	0	62994
6292	328	200	629	61005	0	62162
6293	61597	193	479	779	0	63048
6294	859	201	163	61579	0	62802
6295	60799	169	146	779	0	61893
6296	818	59505	166	680	0	61169
6297	788	691	59930	266	0	61675
6298	370	533	630	57790	0	59323
6299	354	211	511	60603	0	61679
6300	345	253	61026	1152	0	62776
6301	383	181	648	58096	0	59308
6302	323	62134	544	780	0	63781
6303	375	679	202	62363	0	63619
6304	374	544	159	62866	0	63943
6305	397	178	125	65181	0	65881
6306	410	185	64549	1248	0	66392
6307	346	182	60653	653	0	61834
6308	53579	137	1142	339	0	55197
6309	907	182	59315	246	0	60650
6310	637	59523	728	250	0	61138
6311	59511	650	491	217	0	60869
6312	764	60616	218	221	0	61819
6313	58993	662	220	189	0	60064
6314	58688	461	285	250	0	59684
6315	58596	152	156	218	0	59122
6316	58935	152	103	229	0	59419
6317	1081	57733	139	277	0	59230
6318	610	58110	120	271	0	59111
6319	58369	912	92	205	0	59578
6320	847	537	56971	171	0	58526
6321	593	209	583	54835	0	56220
6322	350	127	420	56904	0	57801
6323	294	185	56976	907	0	58362
6324	50969	176	638	542	0	52325
6325	56698	156	410	242	0	57506
6326	56052	191	149	198	0	56590
6327	1054	55454	156	275	0	56939
6328	58419	613	157	233	0	59422
6329	789	499	168	55563	0	57019
6330	592	60927	239	637	0	62395
6331	62185	721	188	542	0	63636
6332	62236	543	170	253	0	63202
6333	66917	232	181	243	0	67573
6334	1441	221	171	65827	0	67660
6335	843	210	163	65881	0	67097
6336	365	64837	181	1396	0	66779
6337	403	885	65549	732	0	67569
6338	408	612	843	64806	0	66669
6339	451	220	613	65257	0	66541
6340	399	180	239	68109	0	68927
6341	407	227	66779	1439	0	68852
6342	62855	223	892	843	0	64813
6343	1070	223	597	67830	0	69720
6344	812	277	68835	997	0	70921
6345	463	204	895	67943	0	69505
6346	69486	150	661	1107	0	71404
6347	1081	69342	325	812	0	71560
6348	848	979	212	70897	0	72936
6349	418	685	70883	1156	0	73142
6350	65221	273	1053	826	0	67373
6351	69725	212	727	441	0	71105
6352	1636	244	70595	370	0	72845
6353	926	351	1053	62856	0	65186
6354	362	69526	787	1019	0	71694
6355	70121	986	380	745	0	72232
6356	1242	660	69348	406	0	71656
6357	65869	216	1154	407	0	67646
6358	1271	229	67046	374	0	68920
6359	944	177	63474	305	0	64900
6360	59168	183	1467	315	0	61133
6361	981	62568	749	452	0	64750
6362	870	902	61774	363	0	63909
6363	372	61007	989	374	0	62742
6364	546	920	59103	288	0	60857
6365	294	59409	988	260	0	60951
6366	56561	1011	759	309	0	58640
6367	794	479	56172	300	0	57745
6368	587	195	56106	221	0	57109
6369	322	152	55345	219	0	56038
6370	52767	202	1236	180	0	54385
6371	54481	104	527	189	0	55301
6372	1023	123	256	53117	0	54519
6373	559	136	56790	696	0	58181
6374	322	153	56997	506	0	57978
6375	55823	131	1075	220	0	57249
6376	780	132	612	57646	0	59170
6377	57609	121	302	712	0	58744
6378	57944	106	258	478	0	58786
6379	1138	136	203	54050	0	55527
6380	630	55253	281	705	0	56869
6381	318	685	255	55758	0	57016
6382	309	426	262	56524	0	57521
6383	322	297	55829	1051	0	57499
6384	308	54819	838	640	0	56605
6385	264	56263	608	317	0	57452
6386	305	993	287	53681	0	55266
6387	249	543	55322	683	0	56797
6388	227	55313	888	559	0	56987
6389	304	733	55628	255	0	56920
6390	52944	467	876	280	0	54567
6391	55816	202	647	240	0	56905
6392	1108	204	55472	224	0	57008
6393	54160	154	886	208	0	55408
6394	904	179	608	55309	0	57000
6395	619	59927	378	765	0	61689
6396	406	714	337	60514	0	61971
6397	59308	458	336	802	0	60904
6398	59764	190	305	516	0	60775
6399	59553	204	283	259	0	60299
6400	58253	149	295	271	0	58968
6401	1165	57263	332	307	0	59067
6402	674	57484	330	276	0	58764
6403	56777	919	340	214	0	58250
6404	901	574	56926	244	0	58645
6405	631	1024	753	53820	0	56228
6406	346	58740	602	678	0	60366
6407	348	706	326	56180	0	57560
6408	209	59816	325	728	0	61078
6409	233	890	277	59243	0	60643
6410	255	470	59500	773	0	60998
6411	56754	224	856	525	0	58359
6412	59997	192	544	217	0	60950
6413	1149	241	60071	151	0	61612
6414	58116	183	866	210	0	59375
6415	59871	180	565	211	0	60827
6416	1178	250	59291	168	0	60887
6417	718	174	896	56700	0	58488
6418	59235	119	593	773	0	60720
6419	927	186	59666	477	0	61256
6420	612	178	826	56664	0	58280
6421	384	199	62474	745	0	63802
6422	335	207	61395	471	0	62408
6423	58555	191	1215	265	0	60226
6424	62609	177	612	202	0	63600
6425	62622	137	296	192	0	63247
6426	64614	175	206	195	0	65190
6427	1317	184	232	61466	0	63199
6428	654	60613	299	779	0	62345
6429	383	62539	247	519	0	63688
6430	241	1197	213	58289	0	59940
6431	58163	420	195	765	0	59543
6432	768	58014	236	466	0	59484
6433	334	55974	200	172	0	56680
6434	55169	691	158	113	0	56131
6435	644	389	157	54166	0	55356
6436	55151	105	156	557	0	55969
6437	659	54653	159	341	0	55812
6438	56040	522	107	179	0	56848
6439	720	299	57739	116	0	58874
6440	62427	110	592	161	0	63290
6441	65392	107	337	173	0	66009
6442	67142	132	135	153	0	67562
6443	1179	184	62320	138	0	63821
6444	63088	117	634	135	0	63974
6445	824	64564	445	211	0	66044
6446	446	721	63958	149	0	65274
6447	390	468	693	59867	0	61418
6448	254	131	363	59610	0	60358
6449	167	62248	135	961	0	63511
6450	179	622	89	62279	0	63169
6451	148	330	99	62787	0	63364
6452	160	139	60741	934	0	61974
6453	52783	55	695	542	0	54075
6454	711	102	62193	135	0	63141
6455	422	48	704	59710	0	60884
6456	193	104	62982	655	0	63934
6457	155	62	741	61798	0	62756
6458	64616	58	397	738	0	65809
6459	66733	48	153	390	0	67324
6460	1091	48	116	66711	0	67966
6461	526	106	69510	740	0	70882
6462	248	77	739	68608	0	69672
6463	200	110	69448	796	0	70554
6464	64237	85	775	498	0	65595
6465	68519	103	403	186	0	69211
6466	68389	118	128	146	0	68781
6467	66564	131	113	175	0	66983
6468	1120	64754	146	343	0	66363
6469	545	760	105	65941	0	67351
6470	64479	473	130	769	0	65851
6471	810	64930	163	538	0	66441
6472	558	66060	170	275	0	67063
6473	324	1081	59654	116	0	61175
6474	59801	431	795	178	0	61205
6475	62671	159	525	196	0	63551
6476	1298	125	61256	152	0	62831
6477	703	86	804	58666	0	60259
6478	360	94	504	62521	0	63479
6479	352	102	62342	1102	0	63898
6480	291	74	876	60135	0	61376
6481	60650	68	566	848	0	62132
6482	970	103	60413	476	0	61962
6483	603	115	61356	222	0	62296
6484	58215	101	1186	269	0	59771
6485	913	139	61845	229	0	63126
6486	58918	136	888	196	0	60138
6487	923	60292	545	256	0	62016
6488	61736	732	217	193	0	62878
6489	965	438	166	60272	0	61841
6490	578	206	180	61678	0	62642
6491	60687	165	172	1154	0	62178
6492	909	150	132	61219	0	62410
6493	61435	156	141	907	0	62639
6494	921	61235	173	590	0	62919
6495	607	789	151	58383	0	59930
6496	343	466	148	60136	0	61093
6497	57446	185	171	1146	0	58948
6498	58861	127	173	551	0	59712
6499	59083	150	146	276	0	59655
6500	1322	57229	205	238	0	58994
6501	676	58490	208	237	0	59611
6502	57676	984	183	174	0	59017
6503	1010	485	56140	184	0	57819
6504	671	56607	796	221	0	58295
6505	52912	745	862	222	0	54741
6506	51468	430	275	131	0	52304
6507	51237	108	149	127	0	51621
6508	1068	97	133	48357	0	49655
6509	50439	77	144	601	0	51261
6510	50101	69	123	398	0	50691
6511	951	79	105	47486	0	48621
6512	48996	73	104	615	0	49788
6513	682	105	46364	424	0	47575
6514	489	87	545	47314	0	48435
6515	246	94	378	48474	0	49192
6516	188	67	167	49671	0	50093
6517	47900	73	128	937	0	49038
6518	50006	61	120	476	0	50663
6519	50147	67	106	226	0	50546
6520	50125	43	136	174	0	50478
6521	47566	45	115	162	0	47888
6522	973	43	119	44386	0	45521
6523	520	79	117	46183	0	46899
6524	45353	39	128	875	0	46395
6525	631	44101	155	501	0	45388
6526	44404	439	126	173	0	45142
6527	657	313	41807	158	0	42935
6528	44663	86	502	133	0	45384
6529	47628	53	323	132	0	48136
6530	926	91	50576	127	0	51720
6531	51922	54	679	107	0	52762
6532	861	82	53257	120	0	54320
6533	571	84	56297	67	0	57019
6534	300	163	1044	53474	0	54981
6535	263	76	521	58989	0	59849
6536	230	70	59363	1077	0	60740
6537	257	62	59802	587	0	60708
6538	125	57356	1152	241	0	58874
6539	128	56115	574	214	0	57031
6540	48649	844	253	150	0	49896
6541	474	52100	227	121	0	52922
6542	49546	493	206	78	0	50323
6543	519	49406	97	112	0	50134
6544	48782	511	85	48	0	49426
6545	561	373	46984	47	0	47965
6546	46902	108	486	38	0	47534
6547	577	74	334	46077	0	47062
6548	384	48066	112	437	0	48999
6549	229	477	54	48169	0	48929
6550	47785	329	44	504	0	48662
6551	48393	95	37	334	0	48859
6552	852	58	43	47008	0	47961
6553	445	50	47631	493	0	48619
6554	163	59	47606	364	0	48192
6555	85	47696	769	139	0	48689
6556	155	633	362	46692	0	47842
6557	107	326	46907	472	0	47812
6558	66	42608	481	403	0	43558
6559	339	502	451	42410	0	43702
6560	82	280	78	42817	0	43257
6561	40003	76	57	668	0	40804
6562	411	51	43	40253	0	40758
6563	299	54	39959	472	0	40784
6564	106	31	412	39244	0	39793
6565	37073	36	318	503	0	37930
6566	447	56	38917	331	0	39751
6567	36559	87	432	137	0	37215
6568	468	38812	314	106	0	39700
6569	39506	408	109	123	0	40146
6570	39711	288	74	58	0	40131
6571	722	77	63	37399	0	38261
6572	375	48	48	38856	0	39327
6573	127	38303	64	694	0	39188
6574	104	396	47	39258	0	39805
6575	37011	303	41	501	0	37856
6576	457	98	37784	334	0	38673
6577	344	57	419	37004	0	37824
6578	112	37681	324	451	0	38568
6579	97	406	101	38034	0	38638
6580	73	324	66	38692	0	39155
6581	36911	100	56	719	0	37786
6582	439	37582	72	397	0	38490
6583	361	416	76	37596	0	38449
6584	36607	306	69	474	0	37456
6585	471	100	52	37024	0	37647
6586	342	77	62	37551	0	38032
6587	36265	54	61	777	0	37157
6588	36734	48	66	430	0	37278
6589	743	77	36627	157	0	37604
6590	35715	47	441	131	0	36334
6591	36908	56	334	116	0	37414
6592	36941	64	123	109	0	37237
6593	753	34978	118	112	0	35961
6594	417	35017	97	94	0	35625
6595	177	661	120	34321	0	35279
6596	34483	366	67	458	0	35374
6597	34907	114	61	377	0	35459
6598	750	90	62	33820	0	34722
6599	424	92	34583	496	0	35595
6600	34151	72	428	380	0	35031
6601	36042	83	314	167	0	36606
6602	754	59	111	34840	0	35764
6603	423	65	76	35789	0	36353
6604	35088	66	60	723	0	35937
6605	509	77	53	34674	0	35313
6606	382	34835	73	508	0	35798
6607	210	432	65	35617	0	36324
6608	34778	300	48	529	0	35655
6609	498	113	35007	398	0	36016
6610	33438	78	425	189	0	34130
6611	513	86	35203	165	0	35967
6612	378	67	458	34432	0	35335
6613	35105	57	313	496	0	35971
6614	502	54	121	35044	0	35721
6615	381	58	87	35576	0	36102
6616	34104	47	95	769	0	35015
6617	521	57	34458	437	0	35473
6618	405	73	35834	206	0	36518
6619	167	52	684	34918	0	35821
6620	132	49	354	36440	0	36975
6621	142	50	111	36947	0	37250
6622	151	61	36768	766	0	37746
6623	34678	48	452	462	0	35640
6624	37130	43	312	197	0	37682
6625	37573	48	108	163	0	37892
6626	37361	38	72	151	0	37622
6627	787	36260	78	198	0	37323
6628	403	36140	68	167	0	36778
6629	164	34526	76	133	0	34899
6630	122	679	102	27027	0	27930
6631	149	388	25	27314	0	27876
6632	98	38	25422	297	0	25855
6633	54	21807	166	145	0	22172
6634	245	102	182	19081	0	19610
6635	18110	64	66	127	0	18367
6636	68	18869	26	90	0	19053
6637	57	149	13	18127	0	18346
6638	33	19006	15	109	0	19163
6639	18965	117	17	73	0	19172
6640	113	46	14	18434	0	18607
6641	88	23	18144	121	0	18376
6642	37	34	18208	71	0	18350
6643	23	47	201	18653	0	18924
6644	31	5	137	18955	0	19128
6645	24	8	24	19596	0	19652
6646	19357	10	8	187	0	19562
6647	121	21	19293	91	0	19526
6648	83	19048	103	41	0	19275
6649	37	150	63	18875	0	19125
6650	37	78	18958	101	0	19174
6651	15	19157	91	125	0	19388
6652	22	144	61	19161	0	19388
6653	23	73	18973	143	0	19212
6654	35	18	83	18438	0	18574
6655	10	11	61	18959	0	19041
6656	19422	3	17	158	0	19600
6657	19261	8	8	87	0	19364
6658	160	5	10	19442	0	19617
6659	19349	6	14	114	0	19483
6660	112	13	19809	97	0	20031
6661	86	10	101	19775	0	19972
6662	41	18	20516	121	0	20696
6663	28	39	116	20756	0	20939
6664	22	20953	98	158	0	21231
6665	17	21458	40	136	0	21651
6666	17	21926	35	45	0	22023
6667	26	221	11	22380	0	22638
6668	15	105	12	24607	0	24739
6669	32	45	24486	272	0	24835
6670	44	39	25694	149	0	25926
6671	30	36	26724	40	0	26830
6672	26719	12	326	43	0	27100
6673	204	19	163	28687	0	29073
6674	29211	14	35	237	0	29497
6675	250	30006	42	205	0	30503
6676	202	286	13	30158	0	30659
6677	30619	204	18	299	0	31140
6678	295	45	26	30829	0	31195
6679	30674	16	20	339	0	31049
6680	353	28	31723	242	0	32346
6681	226	32382	306	92	0	33006
6682	68	285	205	32650	0	33208
6683	32922	203	48	321	0	33494
6684	33430	53	30	248	0	33761
6685	491	40	26	33391	0	33948
6686	251	26	41	33743	0	34061
6687	32994	22	71	506	0	33593
6688	313	35	61	32834	0	33243
6689	255	34	32827	397	0	33513
6690	80	32709	335	270	0	33394
6691	72	294	235	32952	0	33553
6692	32830	210	71	372	0	33483
6693	33025	60	64	286	0	33435
6694	577	62	34236	123	0	34998
6695	326	33639	355	131	0	34451
6696	118	34847	266	176	0	35407
6697	113	636	86	34469	0	35304
6698	92	310	65	35596	0	36063
6699	94	104	70	35289	0	35557
6700	94	62	61	34955	0	35172
6701	94	34644	78	765	0	35581
6702	117	396	61	34799	0	35373
6703	121	310	65	35440	0	35936
6704	34953	97	54	741	0	35845
6705	34528	73	62	455	0	35118
6706	692	35372	76	247	0	36387
6707	35893	397	102	214	0	36606
6708	35901	311	76	165	0	36453
6709	35924	91	78	168	0	36261
6710	751	78	35282	190	0	36301
6711	456	61	421	34617	0	35555
6712	190	91	323	35858	0	36462
6713	153	116	35317	753	0	36339
6714	130	122	416	34621	0	35289
6715	149	96	326	34298	0	34869
6716	34265	75	133	802	0	35275
6717	509	108	34757	482	0	35856
6718	390	125	427	33322	0	34264
6719	32858	124	330	580	0	33892
6720	431	32997	116	563	0	34107
6721	32953	429	65	411	0	33858
6722	32277	317	71	280	0	32945
6723	735	32252	82	284	0	33353
6724	440	467	64	32225	0	33196
6725	32080	342	52	616	0	33090
6726	584	32090	108	513	0	33295
6727	490	471	82	32217	0	33260
6728	31635	367	106	578	0	32686
6729	31289	142	90	474	0	31995
6730	816	31240	108	304	0	32468
6731	31389	516	110	241	0	32256
6732	613	316	109	31304	0	32342
6733	31426	134	133	593	0	32286
6734	612	123	30903	519	0	32157
6735	454	81	453	30621	0	31609
6736	234	95	354	30937	0	31620
6737	30210	85	154	881	0	31330
6738	559	29744	142	548	0	30993
6739	29146	482	118	306	0	30052
6740	568	29291	126	347	0	30332
6741	509	474	28012	252	0	29247
6742	342	399	27747	246	0	28734
6743	319	456	591	26840	0	28206
6744	285	163	27474	557	0	28479
6745	247	184	398	27062	0	27891
6746	252	140	294	26949	0	27635
6747	269	133	106	27799	0	28307
6748	27317	139	78	826	0	28360
6749	27092	146	69	527	0	27834
6750	27406	146	70	319	0	27941
6751	866	27527	107	265	0	28765
6752	574	28940	105	270	0	29889
6753	387	692	30776	267	0	32122
6754	313	441	512	31178	0	32444
6755	300	188	31484	689	0	32661
6756	275	136	595	30732	0	31738
6757	270	142	438	31284	0	32134
6758	245	123	186	31521	0	32075
6759	255	140	30202	1086	0	31683
6760	246	127	538	30126	0	31037
6761	29439	113	454	789	0	30795
6762	618	28871	225	629	0	30343
6763	499	510	142	28449	0	29600
6764	28397	410	169	714	0	29690
6765	28290	197	135	564	0	29186
6766	945	119	138	27874	0	29076
6767	594	108	123	26919	0	27744
6768	24889	92	104	894	0	25979
6769	632	97	88	25247	0	26064
6770	22557	97	78	677	0	23409
6771	610	66	70	22372	0	23118
6772	418	76	21004	594	0	22092
6773	236	19514	364	428	0	20542
6774	182	20061	278	239	0	20760
6775	266	510	337	18746	0	19859
6776	176	272	217	19098	0	19763
6777	18606	111	72	583	0	19372
6778	372	66	76	18975	0	19489
6779	283	75	65	18965	0	19388
6780	144	61	66	17186	0	17457
6781	111	16486	78	712	0	17387
6782	153	300	55	17112	0	17620
6783	144	240	61	16950	0	17395
6784	127	112	54	17012	0	17305
6785	15731	82	81	673	0	16567
6786	367	16041	91	427	0	16926
6787	301	312	71	16326	0	17010
6788	169	254	65	16433	0	16921
6789	133	105	83	16776	0	17097
6790	16061	61	66	667	0	16855
6791	382	64	63	16339	0	16848
6792	316	54	52	16179	0	16601
6793	154	64	14878	613	0	15709
6794	91	14278	236	402	0	15007
6795	135	307	184	14554	0	15180
6796	14039	183	98	372	0	14692
6797	264	14347	54	335	0	15000
6798	13772	205	79	167	0	14223
6799	13915	185	35	120	0	14255
6800	349	106	43	13789	0	14287
6801	229	42	51	13981	0	14303
6802	106	48	14365	450	0	14969
6803	81	32	208	14543	0	14864
6804	92	52	14763	370	0	15277
6805	62	44	242	14974	0	15322
6806	13746	36	192	392	0	14366
6807	238	14785	96	289	0	15408
6808	214	238	54	15832	0	16338
6809	116	211	53	16020	0	16400
6810	82	82	58	16031	0	16253
6811	81	70	58	16139	0	16348
6812	15614	57	56	523	0	16250
6813	241	15635	68	404	0	16348
6814	211	204	56	16199	0	16670
6815	16145	181	71	410	0	16807
6816	271	84	16013	370	0	16738
6817	15339	42	209	269	0	15859
6818	15919	73	187	208	0	16387
6819	410	74	15969	224	0	16677
6820	284	60	227	16057	0	16628
6821	16581	73	211	358	0	17223
6822	266	17064	100	367	0	17797
6823	17363	213	52	270	0	17898
6824	17279	194	50	217	0	17740
6825	17359	80	39	236	0	17714
6826	493	48	27	17110	0	17678
6827	317	60	33	17719	0	18129
6828	155	19678	62	555	0	20450
6829	155	290	33	19922	0	20400
6830	19760	262	37	437	0	20496
6831	349	115	19649	399	0	20512
6832	18950	66	260	248	0	19524
6833	20240	76	239	177	0	20732
6834	544	71	81	19553	0	20249
6835	341	54	33	20332	0	20760
6836	20312	47	41	629	0	21029
6837	20245	37	38	445	0	20765
6838	19739	42	56	259	0	20096
6839	566	58	19920	218	0	20762
6840	320	19868	276	245	0	20709
6841	19865	282	229	171	0	20547
6842	342	269	76	19493	0	20180
6843	305	19855	52	408	0	20620
6844	149	284	44	20143	0	20620
6845	19975	249	38	433	0	20695
6846	399	121	36	20422	0	20978
6847	334	67	20393	453	0	21247
6848	133	20019	252	413	0	20817
6849	113	20448	237	229	0	21027
6850	140	409	19572	141	0	20262
6851	16465	375	358	240	0	17438
6852	236	17859	207	137	0	18439
6853	241	175	67	14998	0	15481
6854	14944	104	16	126	0	15190
6855	123	15101	29	116	0	15369
6856	132	110	18	15134	0	15394
6857	15188	96	20	122	0	15426
6858	135	19	11	15130	0	15295
6859	15317	16	10	135	0	15478
6860	138	28	15679	131	0	15976
6861	127	15982	101	49	0	16259
6862	16893	118	93	50	0	17154
6863	16738	100	23	54	0	16915
6864	16766	21	21	28	0	16836
6865	212	45	16282	27	0	16566
6866	15791	26	91	38	0	15946
6867	16787	16	99	27	0	16929
6868	202	29	17	16632	0	16880
6869	16842	17	12	133	0	17004
6870	134	16669	28	117	0	16948
6871	140	104	18	16790	0	17052
6872	62	113	17076	118	0	17369
6873	49	30	116	16818	0	17013
6874	47	38	104	17348	0	17537
6875	17242	31	29	223	0	17525
6876	17069	23	21	147	0	17260
6877	237	50	17075	46	0	17408
6878	16553	22	111	65	0	16751
6879	173	29	17235	45	0	17482
6880	163	21	101	17003	0	17288
6881	61	39	17507	149	0	17756
6882	64	15	118	16975	0	17172
6883	59	17476	123	132	0	17790
6884	76	129	17742	119	0	18066
6885	101	125	18148	34	0	18408
6886	50	52	270	15373	0	15745
6887	18549	32	131	146	0	18858
6888	18578	28	39	136	0	18781
6889	18804	25	30	56	0	18915
6890	293	24	35	18334	0	18686
6891	179	21	30	18712	0	18942
6892	96	24	18	18834	0	18972
6893	83	20	25	18822	0	18950
6894	89	36	18173	277	0	18575
6895	56	43	149	17746	0	17994
6896	50	17993	136	214	0	18393
6897	57	143	42	18319	0	18561
6898	18107	128	33	210	0	18478
6899	201	49	18250	159	0	18659
6900	15961	23	176	90	0	16250
6901	231	36	18923	52	0	19242
6902	172	32	18445	74	0	18723
6903	74	18403	338	56	0	18871
6904	87	207	206	17136	0	17636
6905	80	182	77	17466	0	17805
6906	54	17732	73	342	0	18201
6907	19101	215	59	187	0	19562
6908	272	213	39	19955	0	20479
6909	271	35	47	21470	0	21823
6910	87	33	41	22556	0	22717
6911	24474	34	42	665	0	25215
6912	26230	26	34	356	0	26646
6913	766	27	31	25981	0	26805
6914	406	25	26	26309	0	26766
6915	25510	16	38	817	0	26381
6916	459	24	33	25860	0	26376
6917	389	30	41	25990	0	26450
6918	100	25	37	26491	0	26653
6919	136	49	25319	806	0	26310
6920	23494	23	427	465	0	24409
6921	24825	31	340	128	0	25324
6922	822	32	24073	101	0	25028
6923	447	145	425	21878	0	22895
6924	88	23979	382	444	0	24893
6925	23231	418	62	411	0	24122
6926	449	24045	79	137	0	24710
6927	328	23061	86	127	0	23602
6928	155	598	42	21293	0	22088
6929	21274	281	44	448	0	22047
6930	21817	38	34	349	0	22238
6931	674	30	24	21414	0	22142
6932	355	37	35	21704	0	22131
6933	119	41	26	21884	0	22070
6934	115	50	36	21779	0	21980
6935	115	46	27	21219	0	21407
6936	100	20631	46	731	0	21508
6937	111	345	39	21114	0	21609
6938	20645	271	35	498	0	21449
6939	21273	44	25	433	0	21775
6940	21455	29	32	189	0	21705
6941	672	20894	55	198	0	21819
6942	377	371	45	20901	0	21694
6943	141	324	20965	475	0	21905
6944	20117	99	372	409	0	20997
6945	460	108	291	20711	0	21570
6946	20791	73	48	469	0	21381
6947	20211	82	51	402	0	20746
6948	20504	71	32	157	0	20764
6949	706	66	36	19834	0	20642
6950	20028	57	32	469	0	20586
6951	480	67	32	20040	0	20619
6952	389	50	39	20182	0	20660
6953	19913	37	36	754	0	20740
6954	472	43	33	20310	0	20858
6955	20016	50	16	538	0	20620
6956	20024	54	18	457	0	20553
6957	761	52	20	19882	0	20715
6958	417	50	20	20291	0	20778
6959	204	63	12	20635	0	20914
6960	203	59	18936	784	0	19982
6961	197	45	19187	463	0	19892
6962	181	47	618	18385	0	19231
6963	197	34	297	18518	0	19046
6964	159	35	58	18872	0	19124
6965	168	40	53	18822	0	19083
6966	174	40	53	19058	0	19325
6967	18098	38	67	801	0	19004
6968	481	18016	76	501	0	19074
6969	427	351	65	18302	0	19145
6970	18267	282	57	520	0	19126
6971	507	66	59	18469	0	19101
6972	405	58	36	18419	0	18918
6973	17859	51	35	823	0	18768
6974	17970	57	36	488	0	18551
6975	768	63	17692	249	0	18772
6976	455	50	355	17757	0	18617
6977	223	47	17863	583	0	18716
6978	208	36	360	17869	0	18473
6979	174	35	297	17825	0	18331
6980	172	30	55	18236	0	18493
6981	165	35	17307	866	0	18373
6982	129	16885	384	555	0	17953
6983	127	17800	326	289	0	18542
6984	144	571	88	17300	0	18103
6985	16853	277	82	540	0	17752
6986	450	61	16742	475	0	17728
6987	392	56	17402	247	0	18097
6988	164	47	606	16906	0	17723
6989	168	72	314	16384	0	16938
6990	107	17418	102	715	0	18342
6991	131	357	84	17587	0	18159
6992	164	299	73	18035	0	18571
6993	153	83	60	18468	0	18764
6994	17867	52	70	784	0	18773
6995	17915	43	70	498	0	18526
6996	711	33	88	17959	0	18791
6997	393	17832	91	527	0	18843
6998	163	369	61	18128	0	18721
6999	17446	273	59	582	0	18360
7000	411	17997	79	493	0	18980
7001	344	338	51	16427	0	17160
7002	116	17057	59	481	0	17713
7003	16437	331	75	421	0	17264
7004	15782	266	100	191	0	16339
7005	570	16472	87	187	0	17316
7006	276	16208	76	166	0	16726
7007	165	445	14884	159	0	15653
7008	67	13673	287	139	0	14166
7009	165	342	198	11881	0	12586
7010	73	152	11508	240	0	11973
7011	19	8582	138	119	0	8858
7012	21	112	87	7218	0	7438
7013	12	59	14	7331	0	7416
7014	16	11	12	7420	0	7459
7015	7229	6	10	162	0	7407
7016	91	13	7093	130	0	7327
7017	66	23	7152	36	0	7277
7018	19	11	136	7056	0	7222
7019	20	26	7691	116	0	7853
7020	28	12	84	7722	0	7846
7021	12	14	67	7651	0	7744
7022	20	12	19	8027	0	8078
7023	34	12	14	8076	0	8136
7024	7840	18	16	169	0	8043
7025	7799	16	11	98	0	7924
7026	153	8	6	7944	0	8111
7027	82	17	8624	112	0	8835
7028	24	14	89	8517	0	8644
7029	17	8409	71	111	0	8608
7030	18	95	27	8425	0	8565
7031	8353	71	18	121	0	8563
7032	8388	25	12	103	0	8528
7033	151	21	9	8528	0	8709
7034	80	12	15	8609	0	8716
7035	33	19	20	8685	0	8757
7036	8385	19	19	172	0	8595
7037	100	21	8523	106	0	8750
7038	80	31	8417	38	0	8566
7039	17	8113	139	36	0	8305
7040	8119	77	70	38	0	8304
7041	77	64	25	8205	0	8371
7042	66	20	8779	108	0	8973
7043	26	8863	89	85	0	9063
7044	25	9161	59	44	0	9289
7045	20	118	14	9225	0	9377
7046	24	60	16	9266	0	9366
7047	23	9377	22	138	0	9560
7048	19	77	9	9537	0	9642
7049	15	69	21	9572	0	9677
7050	9377	25	10	157	0	9569
7051	87	9513	21	106	0	9727
7052	64	88	6	9544	0	9702
7053	28	72	9434	105	0	9639
7054	29	43	71	9253	0	9396
7055	9275	22	61	96	0	9454
7056	69	9477	24	84	0	9654
7057	59	73	14	9569	0	9715
7058	29	63	9437	87	0	9616
7059	32	23	10482	84	0	10621
7060	31	21	117	10583	0	10752
7061	19	17	72	10893	0	11001
7062	11125	19	22	156	0	11322
7063	88	11712	26	94	0	11920
7064	11863	106	18	43	0	12030
7065	111	95	11966	46	0	12218
7066	11437	32	114	53	0	11636
7067	150	32	12518	44	0	12744
7068	12104	21	136	45	0	12306
7069	12589	26	119	44	0	12778
7070	229	30	14133	49	0	14441
7071	123	34	14389	41	0	14587
7072	31	14284	237	81	0	14633
7073	24	147	129	14641	0	14941
7074	15288	116	32	183	0	15619
7075	129	42	28	15792	0	15991
7076	125	20	21	16289	0	16455
7077	38	17	21	16586	0	16662
7078	29	42	16531	285	0	16887
7079	14577	15	156	182	0	14930
7080	16260	22	132	67	0	16481
7081	236	16981	50	62	0	17329
7082	135	131	29	16485	0	16780
7083	41	17055	37	156	0	17289
7084	42	164	19	17214	0	17439
7085	16989	122	25	200	0	17336
7086	160	17345	53	163	0	17721
7087	148	144	26	16904	0	17222
7088	16835	127	20	170	0	17152
7089	16799	26	34	151	0	17010
7090	293	16	33	16694	0	17036
7091	169	38	16912	164	0	17283
7092	52	167	149	15905	0	16273
7093	27	17032	136	176	0	17371
7094	16721	131	31	130	0	17013
7095	148	17183	31	59	0	17421
7096	175	141	19	16745	0	17080
7097	17127	114	21	170	0	17432
7098	154	23	22	17810	0	18009
7099	148	15	29	17904	0	18096
7100	62	31	17957	259	0	18309
7101	25	18015	137	165	0	18342
7102	17559	127	116	52	0	17854
7103	15820	139	38	52	0	16049
7104	203	17528	28	49	0	17808
7105	104	17733	15	33	0	17885
7106	46	196	18	17620	0	17880
7107	17445	107	18	134	0	17704
7108	122	17646	30	119	0	17917
7109	117	112	17	17733	0	17979
7110	55	120	17782	132	0	18089
7111	48	33	113	17578	0	17772
7112	17882	16	99	135	0	18132
7113	115	18192	41	161	0	18509
7114	129	156	16	18715	0	19016
7115	55	110	18634	141	0	18940
7116	51	57	18737	141	0	18986
7117	50	20	200	18629	0	18899
7118	44	32	125	18884	0	19085
7119	40	19023	36	262	0	19361
7120	47	138	25	19071	0	19281
7121	19142	122	33	161	0	19458
7122	159	63	19	19294	0	19535
7123	19295	40	32	172	0	19539
7124	156	19242	57	298	0	19753
7125	160	19985	44	69	0	20258
7126	79	226	58	20425	0	20788
7127	91	126	35	19996	0	20248
7128	74	68	20064	253	0	20459
7129	62	42	158	19759	0	20021
7130	19933	44	151	197	0	20325
7131	201	68	20117	170	0	20556
7132	186	44	152	20169	0	20551
7133	121	76	21621	217	0	22035
7134	80	57	184	21349	0	21670
7135	76	50	154	21575	0	21855
7136	84	39	81	22010	0	22214
7137	100	55	21983	337	0	22475
7138	99	86	171	21043	0	21399
7139	76	22088	166	244	0	22574
7140	74	202	65	22275	0	22616
7141	67	165	45	22208	0	22485
7142	21552	96	37	360	0	22045
7143	208	83	21379	251	0	21921
7144	193	70	166	21389	0	21818
7145	108	82	21391	267	0	21848
7146	114	80	21069	241	0	21504
7147	104	65	371	21608	0	22148
7148	90	70	181	21993	0	22334
7149	81	73	56	22989	0	23199
7150	22551	70	54	377	0	23052
7151	228	83	22528	265	0	23104
7152	22535	86	205	192	0	23018
7153	229	77	163	24673	0	25142
7154	204	78	69	25328	0	25679
7155	104	27228	53	468	0	27853
7156	86	238	65	27848	0	28237
7157	84	160	63	27715	0	28022
7158	100	82	74	27663	0	27919
7159	25198	41	53	411	0	25703
7160	226	65	24879	214	0	25384
7161	21666	53	191	151	0	22061
7162	190	25055	154	135	0	25534
7163	24334	143	53	109	0	24639
7164	152	24666	59	145	0	25022
7165	115	24893	60	101	0	25169
7166	107	202	55	24364	0	24728
7167	24819	99	60	210	0	25188
7168	132	36	20	24791	0	24979
7169	93	24462	38	199	0	24792
7170	51	26042	34	162	0	26289
7171	206	231	32	26201	0	26670
7172	43	141	27	25977	0	26188
7173	39	26561	41	359	0	27000
7174	42	268	29	26759	0	27098
7175	34	137	35	26838	0	27044
7176	39	44	30	27175	0	27288
7177	26532	30	26	380	0	26968
7178	200	54	26858	213	0	27325
7179	25836	32	178	160	0	26206
7180	27689	40	132	94	0	27955
7181	27545	54	53	86	0	27738
7182	306	27527	42	88	0	27963
7183	159	193	29	27383	0	27764
7184	27797	124	32	229	0	28182
7185	177	43	32	28364	0	28616
7186	28206	33	28	230	0	28497
7187	178	30327	44	199	0	30748
7188	31630	155	29	150	0	31964
7189	32173	132	35	114	0	32454
7190	32438	45	31	106	0	32620
7191	301	44	40	32352	0	32737
7192	173	69	23	33443	0	33708
7193	34018	46	32	342	0	34438
7194	175	34106	44	236	0	34561
7195	140	34050	37	162	0	34389
7196	35396	231	26	147	0	35800
7197	192	122	31	35308	0	35653
7198	164	47	35	36142	0	36388
7199	91	33	31	36750	0	36905
7200	79	36600	49	409	0	37137
7201	36627	215	43	242	0	37127
7202	276	143	20	37214	0	37653
7203	185	38513	52	275	0	39025
7204	124	294	23	40407	0	40848
7205	88	161	27	40890	0	41166
7206	80	67	32	40948	0	41127
7207	78	55	26	41292	0	41451
7208	40888	46	18	443	0	41395
7209	40417	64	27	282	0	40790
7210	41262	48	29	188	0	41527
7211	435	41	16	41647	0	42139
7212	290	85	40970	313	0	41658
7213	175	101	38318	237	0	38831
7214	160	85	39824	151	0	40220
7215	41368	47	343	167	0	41925
7216	299	82	162	42436	0	42979
7217	214	57	60	42332	0	42663
7218	128	63	32	43007	0	43230
7219	42473	46	29	481	0	43029
7220	41523	58	24	319	0	41924
7221	377	44991	59	181	0	45608
7222	245	229	60	45231	0	45765
7223	161	211	44554	339	0	45265
7224	106	45619	226	300	0	46251
7225	116	255	149	45824	0	46344
7226	104	208	49	45841	0	46202
7227	117	88	25	45629	0	45859
7228	120	58	30	44894	0	45102
7229	159	88	44390	445	0	45082
7230	132	94	42833	311	0	43370
7231	131	45037	306	174	0	45648
7232	106	204	140	45258	0	45708
7233	99	143	73	44472	0	44787
7234	43431	72	65	393	0	43961
7235	287	83	44332	253	0	44955
7236	212	42	213	43906	0	44373
7237	121	57	185	45522	0	45885
7238	192	119	46303	441	0	47055
7239	80	46473	215	326	0	47094
7240	46435	191	140	232	0	46998
7241	323	209	46043	168	0	46743
7242	44007	80	200	169	0	44456
7243	348	107	48406	159	0	49020
7244	227	54	225	47967	0	48473
7245	178	109	49448	325	0	50060
7246	181	134	50508	285	0	51108
7247	113	59	289	50276	0	50737
7248	111	85	221	47053	0	47470
7249	86	49	89	53010	0	53234
7250	83	57	97	52372	0	52609
7251	98	70	102	52087	0	52357
7252	137	121	51581	474	0	52313
7253	167	108	48711	340	0	49326
7254	66	51611	322	266	0	52265
7255	51085	202	173	209	0	51669
7256	302	194	133	51701	0	52330
7257	52336	58	72	384	0	52850
7258	347	71	76	52268	0	52762
7259	53576	56	80	476	0	54188
7260	324	60	98	54464	0	54946
7261	249	57	93	54393	0	54792
7262	131	55916	123	577	0	56747
7263	119	251	72	57495	0	57937
7264	102	229	92	57394	0	57817
7265	130	61	81	57218	0	57490
7266	96	48	90	56633	0	56867
7267	67	55624	135	613	0	56439
7268	55017	226	90	351	0	55684
7269	232	55383	105	252	0	55972
7270	171	233	34	54091	0	54529
7271	52863	141	44	365	0	53413
7272	345	120	51451	253	0	52169
7273	205	119	51191	148	0	51663
7274	109	76	342	49403	0	49930
7275	82	39	214	52658	0	52993
7276	82	44	99	52861	0	53086
7277	75	58	78	51222	0	51433
7278	97	22	68	51649	0	51836
7279	58	50808	85	441	0	51392
7280	73	180	59	51836	0	52148
7281	51053	114	85	382	0	51634
7282	219	54	56	51589	0	51918
7283	211	137	51863	353	0	52564
7284	94	95	246	50614	0	51049
7285	50502	46	163	393	0	51104
7286	224	53129	94	339	0	53786
7287	212	243	47	55112	0	55614
7288	102	178	54	57059	0	57393
7289	143	124	56405	634	0	57306
7290	176	154	74209	391	0	74930
7291	87258	70	1253	289	0	88870
7292	1618	85	666	91075	0	93444
7293	1096	54	217	92994	0	94361
7294	460	107	98016	2805	0	101388
7295	352	301	97776	1578	0	100007
7296	109	98353	2969	822	0	102253
7297	203	1820	1461	96614	0	100098
7298	303	1205	96981	1849	0	100338
7299	84	97643	1953	1376	0	101056
7300	96958	1876	1308	505	0	100647
7301	99145	1228	439	315	0	101127
7302	2947	457	208	94138	0	97750
7303	1489	97377	375	1922	0	101163
7304	96862	1861	170	1289	0	100182
7305	2189	1436	257	82423	0	86305
7306	1523	508	95245	1596	0	98872
7307	541	95632	1873	1280	0	99326
7308	94186	1899	1203	566	0	97854
7309	95490	1275	401	451	0	97617
7310	3019	425	243	94889	0	98576
7311	1591	216	221	96994	0	99022
7312	674	263	93910	3196	0	98043
7313	444	200	1878	94366	0	96888
7314	349	212	1408	92251	0	94220
7315	311	186	490	94212	0	95199
7316	298	182	267	95073	0	95820
7317	317	160	191	91109	0	91777
7318	228	91483	304	3656	0	95671
7319	90788	1852	217	1988	0	94845
7320	2106	1333	91155	976	0	95570
7321	1369	89133	1981	761	0	93244
7322	599	1920	1337	90361	0	94217
7323	89140	1302	585	2299	0	93326
7324	1998	514	378	90680	0	93570
7325	1452	305	305	90331	0	92393
7326	748	305	404	91358	0	92815
7327	505	314	353	92517	0	93689
7328	519	296	88955	3954	0	93724
7329	323	88809	2124	2404	0	93660
7330	88543	1968	1449	1183	0	93143
7331	2211	1396	89206	896	0	93709
7332	1495	541	2227	88836	0	93099
7333	89113	362	1517	2505	0	93497
7334	2132	89329	708	1939	0	94108
7335	89749	2077	468	1013	0	93307
7336	2512	1565	452	85552	0	90081
7337	1729	635	461	90095	0	92920
7338	818	478	394	90179	0	91869
7339	593	392	307	90890	0	92182
7340	86242	389	392	4095	0	91118
7341	2301	414	430	87778	0	90923
7342	1710	308	398	89549	0	91965
7343	84353	324	399	3928	0	89004
7344	2472	428	83336	2411	0	88647
7345	1890	372	2071	83636	0	87969
7346	80821	326	1523	2787	0	85457
7347	81674	332	654	2169	0	84829
7348	3500	299	559	79841	0	84199
7349	2061	356	509	79160	0	82086
7350	896	77986	489	3826	0	83197
7351	714	2040	371	80798	0	83923
7352	694	1496	380	80358	0	82928
7353	635	571	76874	4224	0	82304
7354	507	476	76344	2582	0	79909
7355	445	75281	3274	1452	0	80452
7356	613	1979	1830	73291	0	77713
7357	513	1418	830	76493	0	79254
7358	74729	584	575	3811	0	79699
7359	2239	414	573	75030	0	78256
7360	1755	469	72745	3096	0	78065
7361	965	400	2136	74311	0	77812
7362	616	454	71811	3186	0	76067
7363	672	504	72089	2294	0	75559
7364	749	399	3459	68779	0	73386
7365	607	498	1908	72574	0	75587
7366	71163	508	747	3737	0	76155
7367	72574	382	553	2380	0	75889
7368	3512	350	566	71774	0	76202
7369	73433	421	393	2861	0	77108
7370	74275	324	392	2185	0	77176
7371	3699	425	373	72534	0	77031
7372	2168	376	348	74926	0	77818
7373	72709	371	358	3951	0	77389
7374	74563	232	358	2644	0	77797
7375	3584	252	407	72498	0	76741
7376	2121	72066	591	2971	0	77749
7377	1150	2019	294	74419	0	77882
7378	930	1314	306	75910	0	78460
7379	747	541	72520	4366	0	78174
7380	566	291	2044	75298	0	78199
7381	70409	262	1526	3501	0	75698
7382	2128	72305	773	2651	0	77857
7383	73385	1913	357	1638	0	77293
7384	73312	1356	339	1491	0	76498
7385	74531	566	301	1327	0	76725
7386	3823	651	355	69827	0	74656
7387	2598	404	64762	2681	0	70445
7388	1855	415	62493	1963	0	66726
7389	819	61865	2972	1301	0	66957
7390	414	41328	1092	610	0	43444
7391	177	25186	217	219	0	25799
7392	232	24406	342	242	0	25222
7393	749	587	22431	203	0	23970
7394	15056	592	812	184	0	16644
7395	199	48	121	15536	0	15904
7396	122	23	33	15266	0	15444
7397	56	26	29	15058	0	15169
7398	45	15136	44	294	0	15519
7399	14772	145	49	164	0	15130
7400	199	130	14935	69	0	15333
7401	108	13850	165	77	0	14200
7402	63	158	104	13868	0	14193
7403	13944	90	46	180	0	14260
7404	157	20	31	14018	0	14226
7405	134	19	13685	190	0	14028
7406	78	37	13609	136	0	13860
7407	60	15	215	13729	0	14019
7408	51	19	116	13950	0	14136
7409	13903	16	22	260	0	14201
7410	198	51	13885	134	0	14268
7411	13420	17	151	87	0	13675
7412	13777	21	109	77	0	13984
7413	255	22	35	14069	0	14381
7414	144	33	14366	198	0	14741
7415	68	25	156	14289	0	14538
7416	14372	27	119	204	0	14722
7417	165	14617	41	173	0	14996
7418	14940	159	33	97	0	15229
7419	196	117	44	14907	0	15264
7420	152	15627	48	226	0	16053
7421	98	182	40	15675	0	15995
7422	85	135	34	15715	0	15969
7423	68	15928	33	340	0	16369
7424	94	196	39	16160	0	16489
7425	89	124	43	16332	0	16588
7426	78	43	56	16578	0	16755
7427	76	48	16154	345	0	16623
7428	46	16246	220	223	0	16735
7429	16573	185	158	93	0	17009
7430	217	169	56	16714	0	17156
7431	184	18172	59	247	0	18662
7432	19276	230	41	232	0	19779
7433	298	178	29	19439	0	19944
7434	238	53	26	19699	0	20016
7435	107	48	30	19695	0	19880
7436	105	64	30	19549	0	19748
7437	19211	32	31	506	0	19780
7438	294	32	36	19687	0	20049
7439	225	37	36	19823	0	20121
7440	19588	39	37	497	0	20161
7441	315	42	27	19841	0	20225
7442	240	56	19500	376	0	20172
7443	94	44	276	19643	0	20057
7444	19123	43	198	366	0	19730
7445	307	41	60	19501	0	19909
7446	230	54	19278	349	0	19911
7447	90	54	18801	288	0	19233
7448	19071	42	490	129	0	19732
7449	20078	46	225	105	0	20454
7450	20359	36	67	109	0	20571
7451	20394	44	56	85	0	20579
7452	524	54	20271	99	0	20948
7453	281	35	268	19893	0	20477
7454	111	28	214	20640	0	20993
7455	20164	27	67	499	0	20757
7456	274	29	56	20537	0	20896
7457	229	40	20283	358	0	20910
7458	84	29	260	20394	0	20767
7459	80	35	20733	376	0	21224
7460	58	20578	335	297	0	21268
7461	20904	269	244	153	0	21570
7462	301	190	73	20722	0	21286
7463	252	63	20646	341	0	21302
7464	104	37	285	20676	0	21102
7465	94	36	211	21884	0	22225
7466	92	61	21900	549	0	22602
7467	78	22	334	21816	0	22250
7468	21782	25	266	431	0	22504
7469	356	45	20866	321	0	21588
7470	19674	21	315	164	0	20174
7471	382	20150	241	159	0	20932
7472	278	262	19693	127	0	20360
7473	113	213	19918	119	0	20363
7474	149	124	476	16794	0	17543
7475	68	68	300	18516	0	18952
7476	84	45	18813	504	0	19446
7477	70	54	301	18658	0	19083
7478	18889	23	224	410	0	19546
7479	19023	29	101	315	0	19468
7480	464	31	78	18525	0	19098
7481	288	29	67	18337	0	18721
7482	119	18890	79	509	0	19597
7483	19162	257	57	339	0	19815
7484	346	191	66	19145	0	19748
7485	249	19743	100	372	0	20464
7486	20087	271	61	335	0	20754
7487	20083	198	66	181	0	20528
7488	490	20691	90	211	0	21482
7489	324	286	81	20486	0	21177
7490	150	218	66	20597	0	21031
7491	130	88	20105	567	0	20890
7492	122	52	342	19824	0	20340
7493	19788	37	258	454	0	20537
7494	365	32	123	19934	0	20454
7495	291	40	19372	458	0	20161
7496	18861	24	350	361	0	19596
7497	364	18	261	19371	0	20014
7498	317	33	19373	413	0	20136
7499	173	20	352	19399	0	19944
7500	163	33	19373	458	0	20027
7501	135	34	362	19277	0	19808
7502	136	27	281	19634	0	20078
7503	19229	38	127	572	0	19966
7504	353	19197	121	367	0	20038
7505	19570	268	122	210	0	20170
7506	19330	206	99	196	0	19831
7507	19531	64	88	173	0	19856
7508	567	19294	121	176	0	20158
7509	354	291	19203	135	0	19983
7510	156	211	340	18969	0	19676
7511	19441	59	284	359	0	20143
7512	19566	60	138	320	0	20084
7513	550	38	116	18422	0	19126
7514	19048	49	116	404	0	19617
7515	396	60	18930	322	0	19708
7516	18450	32	351	213	0	19046
7517	414	44	18773	174	0	19405
7518	308	18150	367	174	0	18999
7519	17876	239	266	164	0	18545
7520	17201	200	166	159	0	17726
7521	458	17508	136	149	0	18251
7522	17453	289	110	160	0	18012
7523	16840	198	126	159	0	17323
7524	468	93	16623	134	0	17318
7525	15933	47	292	161	0	16433
7526	354	53	16238	125	0	16770
7527	241	97	310	14190	0	14838
7528	148	15302	230	263	0	15943
7529	162	217	15067	202	0	15648
7530	13317	286	366	322	0	14291
7531	12942	113	188	194	0	13437
7532	290	29	67	12132	0	12518
7533	184	50	12198	187	0	12619
7534	92	35	173	12022	0	12322
7535	11942	21	136	203	0	12302
7536	192	12141	73	185	0	12591
7537	12032	141	45	84	0	12302
7538	11876	101	46	60	0	12083
7539	266	11938	52	75	0	12331
7540	170	139	31	11840	0	12180
7541	12102	100	53	173	0	12428
7542	185	45	48	12276	0	12554
7543	166	33	43	12715	0	12957
7544	120	38	13004	231	0	13393
7545	95	27	145	12771	0	13038
7546	94	34	112	13063	0	13303
7547	12924	32	59	249	0	13264
7548	12889	33	66	154	0	13142
7549	297	28	46	13088	0	13459
7550	180	35	12940	178	0	13333
7551	111	35	12641	139	0	12926
7552	83	28	241	12319	0	12671
7553	79	40	12889	176	0	13184
7554	73	30	185	12502	0	12790
7555	87	20	123	12420	0	12650
7556	12538	26	75	250	0	12889
7557	191	33	12474	151	0	12849
7558	12109	13	146	76	0	12344
7559	12177	19	126	64	0	12386
7560	247	33	12044	68	0	12392
7561	154	27	11962	57	0	12200
7562	92	605	209	10708	0	11614
7563	71	11294	115	121	0	11601
7564	77	11526	61	103	0	11767
7565	146	123	38	10243	0	10550
7566	51	58	17	10129	0	10255
7567	44	14	21	10353	0	10432
7568	38	13	20	10451	0	10522
7569	10169	13	28	134	0	10344
7570	99	12	26	10243	0	10380
7571	86	18	10204	102	0	10410
7572	44	13	71	9838	0	9966
7573	44	10036	66	90	0	10236
7574	43	70	28	10014	0	10155
7575	9897	44	21	93	0	10055
7576	86	11	34	10106	0	10237
7577	77	22	10085	90	0	10274
7578	24	9852	93	92	0	10061
7579	36	65	72	9906	0	10079
7580	9878	52	34	98	0	10062
7581	9798	12	22	71	0	9903
7582	136	11	27	9804	0	9978
7583	98	21	9432	74	0	9625
7584	51	20	9078	56	0	9205
7585	9003	9	132	27	0	9171
7586	101	16	9675	20	0	9812
7587	59	12	9298	21	0	9390
7588	74	52	97	8505	0	8728
7589	9276	4	68	62	0	9410
7590	9109	8	9	57	0	9183
7591	9124	23	9	25	0	9181
7592	106	8	9971	39	0	10124
7593	68	36	9965	19	0	10088
7594	7	10442	109	25	0	10583
7595	16	54	58	10343	0	10471
7596	11	47	12	10410	0	10480
7597	20	6	11	10153	0	10190
7598	19	8	17	10414	0	10458
7599	40	20	10375	114	0	10549
7600	12	10524	73	77	0	10686
7601	11238	52	62	19	0	11371
7602	12740	53	19	23	0	12835
7603	12920	5	11	33	0	12969
7604	187	13234	37	40	0	13498
7605	89	107	22	13027	0	13245
7606	13500	77	20	226	0	13823
7607	124	14064	21	129	0	14338
7608	13773	122	17	43	0	13955
7609	121	13945	31	46	0	14143
7610	13926	117	9	35	0	14087
7611	13801	95	17	31	0	13944
7612	219	18	21	14015	0	14273
7613	118	23	10	14835	0	14986
7614	54	22	14876	237	0	15189
7615	39	25	14554	132	0	14750
7616	14692	7	262	42	0	15003
7617	15137	26	125	39	0	15327
7618	271	12	25	15094	0	15402
7619	155	13	21	15243	0	15432
7620	47	29	15000	296	0	15372
7621	40	14	163	14568	0	14785
7622	43	31	14742	200	0	15016
7623	53	17	173	14656	0	14899
7624	53	15	124	14972	0	15164
7625	14833	16	28	311	0	15188
7626	14529	23	17	163	0	14732
7627	305	24	29	14689	0	15047
7628	159	14	35	14797	0	15005
7629	65	38	14630	306	0	15039
7630	63	20	170	14639	0	14892
7631	54	29	14859	220	0	15162
7632	14279	17	192	177	0	14665
7633	218	15	148	14855	0	15236
7634	14876	21	43	212	0	15152
7635	209	14915	57	172	0	15353
7636	15101	171	27	86	0	15385
7637	215	132	41	14865	0	15253
7638	190	26	45	14702	0	14963
7639	74	14689	54	328	0	15145
7640	75	179	45	14923	0	15222
7641	79	133	14667	245	0	15124
7642	79	27	203	14595	0	14904
7643	69	38	14277	265	0	14649
7644	56	13638	223	197	0	14114
7645	63	157	153	13629	0	14002
7646	68	119	13728	224	0	14139
7647	86	29	13543	172	0	13830
7648	72	32	280	13192	0	13576
7649	13025	19	142	224	0	13410
7650	196	59	12963	196	0	13414
7651	150	16	192	12884	0	13242
7652	13051	36	129	225	0	13441
7653	184	12769	71	180	0	13204
7654	13730	167	41	107	0	14045
7655	217	122	33	13676	0	14048
7656	177	35	42	13760	0	14014
7657	72	43	26	14133	0	14274
7658	13852	30	41	340	0	14263
7659	197	29	45	14038	0	14309
7660	154	15	72	14122	0	14363
7661	13686	30	44	354	0	14114
7662	216	40	13764	198	0	14218
7663	173	30	195	13822	0	14220
7664	74	38	13821	262	0	14195
7665	13336	26	204	184	0	13750
7666	211	43	156	13798	0	14208
7667	188	50	14039	234	0	14511
7668	13346	30	204	213	0	13793
7669	13866	32	157	129	0	14184
7670	336	44	14577	99	0	15056
7671	214	35	181	14437	0	14867
7672	121	39	160	14778	0	15098
7673	88	41	15087	360	0	15576
7674	80	15053	220	216	0	15569
7675	87	181	15398	130	0	15796
7676	14392	119	210	149	0	14870
7677	224	47	15775	93	0	16139
7678	14913	24	200	143	0	15280
7679	227	32	15748	120	0	16127
7680	15118	17	223	120	0	15478
7681	215	15922	185	135	0	16457
7682	174	157	68	15579	0	15978
7683	85	128	83	15966	0	16262
7684	86	48	15906	349	0	16389
7685	101	20	205	14909	0	15235
7686	73	15525	194	261	0	16053
7687	15176	158	64	202	0	15600
7688	195	15510	78	147	0	15930
7689	145	156	67	15597	0	15965
7690	15665	106	51	268	0	16090
7691	190	15799	87	270	0	16346
7692	15358	160	70	105	0	15693
7693	212	142	15811	115	0	16280
7694	201	28	218	15737	0	16184
7695	87	26	183	15868	0	16164
7696	94	27	76	16267	0	16464
7697	16323	24	73	352	0	16772
7698	16446	31	81	214	0	16772
7699	16390	36	63	94	0	16583
7700	16201	33	71	82	0	16387
7701	325	34	15240	90	0	15689
7702	12775	18	134	56	0	12983
7703	139	13148	109	63	0	13459
7704	109	13164	46	42	0	13361
7705	13522	174	240	74	0	14010
7706	13740	70	52	73	0	13935
7707	193	18	25	13162	0	13398
7708	13805	12	31	131	0	13979
7709	13708	13	20	94	0	13835
7710	14615	11	36	54	0	14716
7711	191	17	21	14522	0	14751
7712	109	14623	37	120	0	14889
7713	41	14645	23	83	0	14792
7714	54	164	16	14684	0	14918
7715	14435	90	27	131	0	14683
7716	89	14738	29	100	0	14956
7717	78	76	13	14610	0	14777
7718	44	77	14706	81	0	14908
7719	13007	24	75	100	0	13206
7720	86	15013	71	31	0	15201
7721	87	15450	19	35	0	15591
7722	15134	135	18	44	0	15331
7723	122	90	15394	31	0	15637
7724	102	21	73	14994	0	15190
7725	37	15670	77	90	0	15874
7726	37	79	13	15755	0	15884
7727	39	74	10	15571	0	15694
7728	41	15790	27	142	0	16000
7729	45	79	11	16499	0	16634
7730	38	82	10	16593	0	16723
7731	16397	36	12	149	0	16594
7732	91	16322	25	121	0	16559
7733	16526	85	9	59	0	16679
7734	101	90	13	16323	0	16527
7735	100	16778	21	110	0	17009
7736	62	102	16930	93	0	17187
7737	50	79	87	16925	0	17141
7738	43	61	72	17628	0	17804
7739	41	44	18260	176	0	18521
7740	16778	25	105	116	0	17024
7741	125	21	97	20299	0	20542
7742	20189	23	50	186	0	20448
7743	209	53	20023	166	0	20451
7744	174	27	160	20105	0	20466
7745	79	88	21557	202	0	21926
7746	62	33	200	21354	0	21649
7747	45	30	161	21791	0	22027
7748	21684	24	54	346	0	22108
7749	192	21917	46	218	0	22373
7750	22010	196	20	91	0	22317
7751	253	188	21851	60	0	22352
7752	182	60	192	21728	0	22162
7753	96	71	22522	211	0	22900
7754	19275	32	228	230	0	19765
7755	21703	23	167	99	0	21992
7756	366	71	21918	75	0	22430
7757	21317	46	210	49	0	21622
7758	22409	32	183	84	0	22708
7759	371	33	58	22322	0	22784
7760	252	52	22239	235	0	22778
7761	108	58	22930	221	0	23317
7762	81	69	368	22836	0	23354
7763	81	28	237	22284	0	22630
7764	90	22624	95	393	0	23202
7765	72	23001	72	294	0	23439
7766	22881	354	56	136	0	23427
7767	261	232	80	22430	0	23003
7768	237	22451	71	295	0	23054
7769	117	22995	80	281	0	23473
7770	21076	355	68	139	0	21638
7771	265	243	94	22018	0	22620
7772	262	22587	96	262	0	23207
7773	144	230	74	22567	0	23015
7774	121	209	74	22457	0	22861
7775	113	70	86	22595	0	22864
7776	21852	52	58	476	0	22438
7777	303	21965	92	315	0	22675
7778	274	231	92	21852	0	22449
7779	163	212	89	22050	0	22514
7780	129	78	81	22386	0	22674
7781	117	85	21459	500	0	22161
7782	19921	52	287	329	0	20589
7783	277	62	276	21680	0	22295
7784	21438	62	117	325	0	21942
7785	21335	58	106	320	0	21819
7786	21437	82	70	168	0	21757
7787	501	106	21369	135	0	22111
7788	308	21107	270	145	0	21830
7789	178	260	221	20643	0	21302
7790	117	248	20714	293	0	21372
7791	137	135	20203	277	0	20752
7792	128	135	393	18983	0	19639
7793	93	19685	240	297	0	20315
7794	19676	239	90	253	0	20258
7795	19902	217	76	195	0	20390
7796	20188	96	70	175	0	20529
7797	19831	75	62	167	0	20135
7798	458	85	19701	153	0	20397
7799	19059	85	223	149	0	19516
7800	298	19996	249	197	0	20740
7801	263	218	95	20025	0	20601
7802	153	194	77	20358	0	20782
7803	20298	78	88	449	0	20913
7804	323	68	72	20376	0	20839
7805	278	79	19629	338	0	20324
7806	18429	43	231	322	0	19025
7807	19157	56	232	198	0	19643
7808	18921	67	132	160	0	19280
7809	469	82	18568	135	0	19254
7810	17168	63	308	130	0	17669
7811	282	17717	238	154	0	18391
7812	17777	198	126	133	0	18234
7813	317	184	103	17352	0	17956
7814	254	83	75	17263	0	17675
7815	145	17190	106	363	0	17804
7816	158	280	81	17022	0	17541
7817	150	17260	79	276	0	17765
7818	163	247	73	16950	0	17433
7819	133	17064	84	294	0	17575
7820	149	234	75	16670	0	17128
7821	131	16784	82	271	0	17268
7822	145	305	63	17078	0	17591
7823	116	17536	81	309	0	18042
7824	19002	244	54	257	0	19557
7825	367	210	60	19260	0	19897
7826	322	87	76	19509	0	19994
7827	166	66	68	20311	0	20611
7828	166	67	53	20254	0	20540
7829	176	91	20022	624	0	20913
7830	173	61	322	20235	0	20791
7831	138	66	285	20479	0	20968
7832	20104	67	80	629	0	20880
7833	19553	85	64	397	0	20099
7834	595	20011	96	178	0	20880
7835	399	322	53	19986	0	20760
7836	186	301	51	21057	0	21595
7837	21783	113	62	661	0	22619
7838	482	94	21206	379	0	22161
7839	19997	77	329	167	0	20570
7840	419	20996	290	140	0	21845
7841	19100	276	61	72	0	19509
7842	18552	202	28	74	0	18856
7843	469	18693	59	74	0	19295
7844	241	19298	56	62	0	19657
7845	196	498	23	17848	0	18565
7846	70	234	17854	283	0	18441
7847	17422	42	282	225	0	17971
7848	299	49	17954	62	0	18364
7849	17225	43	268	67	0	17603
7850	314	43	17723	67	0	18147
7851	217	17381	290	74	0	17962
7852	70	260	202	17416	0	17948
7853	17128	199	46	278	0	17651
7854	17426	47	42	228	0	17743
7855	478	22	34	17529	0	18063
7856	18355	46	33	278	0	18712
7857	18124	42	37	236	0	18439
7858	508	17876	43	104	0	18531
7859	17941	276	25	69	0	18311
7860	349	18126	66	81	0	18622
7861	247	293	38	18065	0	18643
7862	18044	210	26	315	0	18595
7863	18273	62	24	242	0	18601
7864	18396	46	23	80	0	18545
7865	570	54	16906	1243	0	18773
7866	296	63	18413	69	0	18841
7867	91	58	466	18307	0	18922
7868	98	29	233	19180	0	19540
7869	92	20515	70	558	0	21235
7870	20568	362	30	318	0	21278
7871	416	281	62	20407	0	21166
7872	350	62	45	20720	0	21177
7873	115	62	20525	669	0	21371
7874	77	20130	382	395	0	20984
7875	87	20725	300	113	0	21225
7876	107	710	49	20494	0	21360
7877	20370	293	36	452	0	21151
7878	424	74	39	20502	0	21039
7879	341	72	52	20939	0	21404
7880	20558	75	36	688	0	21357
7881	20866	90	52	381	0	21389
7882	704	53	57	20784	0	21598
7883	397	82	20746	465	0	21690
7884	139	42	380	21062	0	21623
7885	131	47	302	21300	0	21780
7886	21085	72	73	700	0	21930
7887	509	53	60	21293	0	21915
7888	21428	44	47	555	0	22074
7889	529	69	21258	408	0	22264
7890	405	68	425	21660	0	22558
7891	181	80	316	22110	0	22687
7892	163	105	85	22380	0	22733
7893	185	76	51	22145	0	22457
7894	171	71	71	22171	0	22484
7895	175	116	21169	853	0	22313
7896	20644	76	471	475	0	21666
7897	518	93	340	21260	0	22211
7898	443	86	20899	582	0	22010
7899	204	79	21151	466	0	21900
7900	168	69	728	20684	0	21649
7901	20658	63	387	573	0	21681
7902	20825	69	124	466	0	21484
7903	21277	78	85	236	0	21676
7904	862	81	113	19241	0	20297
7905	492	20409	153	517	0	21571
7906	20675	438	107	462	0	21682
7907	20987	357	95	243	0	21682
7908	21100	128	103	188	0	21519
7909	21004	95	69	203	0	21371
7910	888	106	71	20298	0	21363
7911	529	107	20225	557	0	21418
7912	284	83	491	20244	0	21102
7913	245	100	20365	630	0	21340
7914	19813	69	497	504	0	20883
7915	20373	68	393	259	0	21093
7916	892	58	19918	222	0	21090
7917	19767	56	492	250	0	20565
7918	20493	57	405	246	0	21201
7919	894	68	149	19408	0	20519
7920	501	19970	135	597	0	21203
7921	20141	439	109	469	0	21158
7922	616	396	128	18848	0	19988
7923	500	19029	119	553	0	20201
7924	244	344	76	17787	0	18451
7925	221	264	17587	500	0	18572
7926	191	17549	370	382	0	18492
7927	16805	394	314	221	0	17734
7928	16667	224	220	252	0	17363
7929	16446	65	90	173	0	16774
7930	16491	43	86	179	0	16799
7931	598	84	82	15368	0	16132
7932	348	15867	97	375	0	16687
7933	15480	272	110	321	0	16183
7934	449	221	15770	161	0	16601
7935	334	15128	328	175	0	15965
7936	211	218	13912	139	0	14480
7937	151	231	350	11630	0	12362
7938	128	11857	202	255	0	12442
7939	126	205	87	12370	0	12788
7940	156	176	13078	266	0	13676
7941	139	57	239	12687	0	13122
7942	151	52	187	13075	0	13465
7943	149	46	65	13489	0	13749
7944	12628	47	69	426	0	13170
7945	285	12784	63	331	0	13463
7946	279	188	68	12793	0	13328
7947	12537	159	57	299	0	13052
7948	271	12795	74	272	0	13412
7949	12858	207	78	124	0	13267
7950	306	172	13006	134	0	13618
7951	263	82	236	12256	0	12837
7952	161	13024	196	254	0	13635
7953	12868	195	99	210	0	13372
7954	332	183	12694	107	0	13316
7955	264	12123	236	104	0	12727
7956	145	175	156	11421	0	11897
7957	119	155	63	11658	0	11995
7958	11415	63	59	331	0	11868
7959	226	54	68	11480	0	11828
7960	215	62	10990	226	0	11493
7961	143	48	164	10542	0	10897
7962	123	57	11065	222	0	11467
7963	122	64	184	10148	0	10518
7964	102	10982	181	211	0	11476
7965	10910	168	70	180	0	11328
7966	10383	151	49	94	0	10677
7967	289	10180	58	80	0	10607
7968	116	8991	39	44	0	9190
7969	237	93	26	8247	0	8603
7970	8220	57	67	80	0	8424
7971	103	19	26	8115	0	8263
7972	8049	20	33	67	0	8169
7973	90	7922	26	52	0	8090
7974	68	60	13	8030	0	8171
7975	50	56	8679	70	0	8855
7976	50	51	62	8433	0	8596
7977	52	21	56	8710	0	8839
7978	8746	29	32	114	0	8921
7979	79	8962	32	75	0	9148
7980	70	75	25	9006	0	9176
7981	9010	51	24	95	0	9180
7982	89	32	9064	72	0	9257
7983	8573	19	60	50	0	8702
7984	88	84	47	9048	0	9267
7985	61	9721	28	68	0	9878
7986	9499	58	20	67	0	9644
7987	79	61	9772	29	0	9941
7988	67	33	9535	25	0	9660
7989	25	9900	80	28	0	10033
7990	9315	29	79	12	0	9435
7991	31	32	10	9393	0	9466
7992	37	7	1	9511	0	9556
7993	9501	2	4	83	0	9590
7994	49	12	9650	50	0	9761
7995	45	2	40	9635	0	9722
7996	22	7	10473	48	0	10550
7997	6	8	51	10154	0	10219
7998	5	10575	60	73	0	10713
7999	9	56	8	10703	0	10776
8000	12	62	10618	58	0	10750
8001	10068	10	51	58	0	10187
8002	56	4	55	10817	0	10932
8003	58	18	10924	61	0	11061
8004	22	7	56	10532	0	10617
8005	13	6	51	10957	0	11027
8006	19	7	10929	103	0	11058
8007	19	16	11073	65	0	11173
8008	8	7	105	11131	0	11251
8009	20	10	11428	63	0	11521
8010	10811	8	71	82	0	10972
8011	65	9	58	11536	0	11668
8012	11427	3	39	70	0	11539
8013	78	49	11402	66	0	11595
8014	63	11	67	11463	0	11604
8015	27	20	12819	77	0	12943
8016	18	12572	102	74	0	12766
8017	23	80	12833	41	0	12977
8018	32	71	12232	40	0	12375
8019	11599	9	154	26	0	11788
8020	12480	2	85	29	0	12596
8021	147	16	13120	33	0	13316
8022	79	19	103	12124	0	12325
8023	28	7	91	13394	0	13520
8024	20	15	13695	173	0	13903
8025	27	13156	103	110	0	13396
8026	12893	87	93	32	0	13105
8027	104	80	13879	27	0	14090
8028	83	11	103	13814	0	14011
8029	27	9	84	14179	0	14299
8030	14578	9	41	193	0	14821
8031	14756	19	32	145	0	14952
8032	14823	13	32	35	0	14903
8033	14872	17	42	37	0	14968
8034	188	15	31	14813	0	15047
8035	110	44	15727	124	0	16005
8036	53	7	106	15508	0	15674
8037	29	11	117	15862	0	16019
8038	47	20	27	16625	0	16719
8039	47	19	16416	201	0	16683
8040	14648	12	134	136	0	14930
8041	127	7	125	15998	0	16257
8042	122	28	16610	164	0	16924
8043	35	17217	143	191	0	17586
8044	34	116	114	17628	0	17892
8045	41	96	45	17873	0	18055
8046	17632	15	32	233	0	17912
8047	132	18177	40	178	0	18527
8048	136	124	18206	55	0	18521
8049	49	114	141	17782	0	18086
8050	34	14	133	18095	0	18276
8051	17927	23	41	256	0	18247
8052	17714	8	46	159	0	17927
8053	240	30	33	18220	0	18523
8054	18169	9	37	172	0	18387
8055	150	18230	64	173	0	18617
8056	158	137	19315	63	0	19673
8057	68	101	134	19327	0	19630
8058	50	18	137	20152	0	20357
8059	50	14	44	20244	0	20352
8060	42	24	35	19852	0	19953
8061	21	19956	63	284	0	20324
8062	19594	124	53	163	0	19934
8063	160	112	38	19570	0	19880
8064	140	20978	43	181	0	21342
8065	20963	125	40	154	0	21282
8066	20567	100	47	92	0	20806
8067	239	21796	38	96	0	22169
8068	165	134	26	22308	0	22633
8069	62	114	37	22476	0	22689
8070	61	44	35	22249	0	22389
8071	59	29	36	22471	0	22595
8072	22270	22	34	287	0	22613
8073	22365	29	32	189	0	22615
8074	277	23251	31	111	0	23670
8075	164	219	22750	71	0	23204
8076	66	157	192	22662	0	23077
8077	23153	31	159	244	0	23587
8078	232	22946	53	172	0	23403
8079	154	23077	39	77	0	23347
8080	23168	292	48	61	0	23569
8081	23222	129	33	82	0	23466
8082	321	81	24	23053	0	23479
8083	176	45	23695	239	0	24155
8084	62	56	23525	177	0	23820
8085	24200	29	311	97	0	24637
8086	25514	26	131	79	0	25750
8087	25401	35	33	60	0	25529
8088	25317	29	28	61	0	25435
8089	25249	16	51	71	0	25387
8090	338	25703	51	66	0	26158
8091	180	233	32	25065	0	25510
8092	67	27559	41	235	0	27902
8093	27732	195	43	208	0	28178
8094	27510	115	24	119	0	27768
8095	27396	42	22	109	0	27569
8096	27377	39	31	70	0	27517
8097	299	27375	47	93	0	27814
8098	27367	175	109	65	0	27716
8099	205	28046	41	89	0	28381
8100	171	217	34	27963	0	28385
8101	27665	113	29	216	0	28023
8102	245	90	28682	146	0	29163
8103	155	42	164	28002	0	28363
8104	87	32	112	29235	0	29466
8105	80	64	29277	289	0	29710
8106	69	29592	176	179	0	30016
8107	29415	179	114	72	0	29780
8108	28987	115	42	74	0	29218
8109	286	29378	35	83	0	29782
8110	169	180	28	29328	0	29705
8111	149	134	30916	201	0	31400
8112	80	32515	175	169	0	32939
8113	31964	183	131	88	0	32366
8114	225	177	32521	52	0	32975
8115	28093	55	153	81	0	28382
8116	31038	43	100	53	0	31234
8117	308	74	33122	51	0	33555
8118	146	33493	174	90	0	33903
8119	164	198	105	33737	0	34204
8120	81	133	34010	161	0	34385
8121	30857	41	153	157	0	31208
8122	33330	36	94	68	0	33528
8123	253	34078	54	133	0	34518
8124	142	149	22	33821	0	34134
8125	79	97	22	34658	0	34856
8126	98	79	35199	245	0	35621
8127	60	36116	154	136	0	36466
8128	38273	148	89	135	0	38645
8129	38656	96	30	88	0	38870
8130	39089	92	24	77	0	39282
8131	260	76	39161	71	0	39568
8132	37395	53	140	62	0	37650
8133	39513	36	84	75	0	39708
8134	273	37	27	39849	0	40186
8135	130	81	39276	150	0	39637
8136	91	55	135	38670	0	38951
8137	109	106	39860	145	0	40220
8138	82	62	135	38362	0	38641
8139	58	39743	101	182	0	40084
8140	61	42171	71	113	0	42416
8141	59	168	45	42305	0	42577
8142	78	107	51	41399	0	41635
8143	40809	32	34	224	0	41099
8144	179	85	41317	116	0	41697
8145	38250	43	125	84	0	38502
8146	168	42439	103	68	0	42778
8147	42220	139	44	65	0	42468
8148	42039	91	20	76	0	42226
8149	233	43	34	41910	0	42220
8150	167	74	43967	166	0	44374
8151	93	28	137	43629	0	43887
8152	58	46918	139	177	0	47292
8153	79	164	36	47000	0	47279
8154	77	136	35	47182	0	47430
8155	46700	46	32	319	0	47097
8156	187	41	32	45820	0	46080
8157	146	45668	58	231	0	46103
8158	79	187	36	46287	0	46589
8159	46045	137	31	238	0	46451
8160	203	47250	55	207	0	47715
8161	170	297	21	48119	0	48607
8162	84	145	34	48326	0	48589
8163	67	57	20	50736	0	50880
8164	74	56	29	50338	0	50497
8165	50384	67	36	512	0	50999
8166	308	47	28	51441	0	51824
8167	239	27	29	52425	0	52720
8168	130	30	51	52720	0	52931
8169	68	54178	64	626	0	54936
8170	52944	367	52	330	0	53693
8171	594	300	53982	94	0	54970
8172	273	53599	390	164	0	54426
8173	51784	344	253	97	0	52478
8174	433	264	54249	81	0	55027
8175	242	54511	379	146	0	55278
8176	159	446	274	52091	0	52970
8177	46	54516	95	384	0	55041
8178	78	389	54176	222	0	54865
8179	107	284	54383	100	0	54874
8180	34	54923	590	249	0	55796
8181	54487	327	238	93	0	55145
8182	54263	222	63	79	0	54627
8183	520	101	53238	68	0	53927
8184	286	108	50442	62	0	50898
8185	132	100	52457	74	0	52763
8186	73	40	560	51027	0	51700
8187	88	58	266	51803	0	52215
8188	66	37	80	53394	0	53577
8189	77	101	54488	606	0	55272
8190	97	45	357	52066	0	52565
8191	74	56	272	53733	0	54135
8192	88	118	53162	632	0	54000
8193	48233	62	430	395	0	49120
8194	429	75	267	54909	0	55680
8195	323	52	93	53534	0	54002
8196	90	55089	118	788	0	56085
8197	54870	442	132	382	0	55826
8198	511	369	54694	166	0	55740
8199	53132	111	465	149	0	53857
8200	518	80	335	54501	0	55434
8201	405	234	55618	489	0	56746
8202	140	79	482	54519	0	55220
8203	55117	73	397	617	0	56204
8204	518	126	55307	366	0	56317
8205	53437	60	535	218	0	54250
8206	55004	82	421	157	0	55664
8207	55626	56	152	133	0	55967
8208	759	55294	189	182	0	56424
8209	425	470	129	56513	0	57537
8210	57718	312	173	573	0	58776
8211	56854	116	145	414	0	57529
8212	57514	103	568	223	0	58408
8213	991	128	56064	165	0	57348
8214	57274	83	593	186	0	58136
8215	750	67	453	61423	0	62693
8216	528	134	61417	759	0	62838
8217	266	79	729	62393	0	63467
8218	204	63	517	63444	0	64228
8219	200	152	63880	1377	0	65609
8220	178	72	835	63289	0	64374
8221	173	73	650	65606	0	66502
8222	185	117	72837	1488	0	74627
8223	73816	70	1159	939	0	75984
8224	80554	52	909	397	0	81912
8225	2157	76	396	82672	0	85301
8226	1224	122	82336	1443	0	85125
8227	584	77	1362	78774	0	80797
8228	352	79248	1076	1662	0	82338
8229	399	1215	405	78388	0	80407
8230	364	895	278	79766	0	81303
8231	78892	308	245	2377	0	81822
8232	78403	179	274	1454	0	80310
8233	79981	166	240	696	0	81083
8234	2492	170	206	78168	0	81036
8235	1492	123	198	80002	0	81815
8236	755	206	78617	2411	0	81989
8237	651	144	1394	74122	0	76311
8238	506	77959	1123	1800	0	81388
8239	77528	1248	498	1287	0	80561
8240	1502	76880	408	910	0	79700
8241	77437	1490	381	660	0	79968
8242	1779	1095	369	70228	0	73471
8243	1214	75531	423	1596	0	78764
8244	75668	1415	310	1314	0	78707
8245	75248	1060	321	723	0	77352
8246	2478	450	296	72971	0	76195
8247	1530	74620	381	1746	0	78277
8248	849	1419	331	75022	0	77621
8249	714	1075	74131	1953	0	77873
8250	70206	461	1476	1487	0	73630
8251	1663	72421	1191	953	0	76228
8252	70830	1354	510	753	0	73447
8253	1858	1034	411	70255	0	73558
8254	71858	474	360	1776	0	74468
8255	2042	358	72508	1371	0	76279
8256	73657	286	1536	888	0	76367
8257	74366	282	1125	729	0	76502
8258	2870	286	73841	785	0	77782
8259	1921	275	1648	72371	0	76215
8260	1184	250	1268	73677	0	76379
8261	71228	305	628	2867	0	75028
8262	1915	71635	608	1981	0	76139
8263	1482	1647	564	69201	0	72894
8264	955	1177	68917	2044	0	73093
8265	856	600	68189	1635	0	71280
8266	860	66952	2178	1184	0	71174
8267	1132	1478	66591	878	0	70079
8268	62604	1192	1905	841	0	66542
8269	1780	634	1175	61729	0	65318
8270	63962	351	705	1730	0	66748
8271	1864	499	63258	1484	0	67105
8272	1522	465	1537	62236	0	65760
8273	981	500	1190	63156	0	65827
8274	868	604	62190	2392	0	66054
8275	880	463	1463	62244	0	65050
8276	61473	529	1108	1970	0	65080
8277	62360	420	624	1538	0	64942
8278	2632	398	478	61219	0	64727
8279	62242	413	400	1839	0	64894
8280	61503	367	443	1499	0	63812
8281	2697	60304	510	1062	0	64573
8282	1867	1353	450	60492	0	64162
8283	61182	1060	449	1745	0	64436
8284	1980	576	492	61655	0	64703
8285	60297	436	476	1977	0	63186
8286	2197	412	463	59773	0	62845
8287	1749	495	60459	2044	0	64747
8288	1170	60221	1561	1685	0	64637
8289	1163	1478	1284	48237	0	52162
8290	1009	59446	748	1664	0	62867
8291	57099	1584	695	1378	0	60756
8292	1859	57234	679	1046	0	60818
8293	1531	57138	664	856	0	60189
8294	1064	2124	574	55610	0	59372
8295	55567	1367	650	1793	0	59377
8296	1755	687	491	56156	0	59089
8297	55997	587	493	2028	0	59105
8298	55127	565	527	1610	0	57829
8299	2355	55329	591	1117	0	59392
8300	56597	1422	628	913	0	59560
8301	56110	1099	618	812	0	58639
8302	56356	639	617	764	0	58376
8303	2856	540	53619	730	0	57745
8304	2003	442	1418	52489	0	56352
8305	1331	410	1191	53995	0	56927
8306	1182	412	53330	2414	0	57338
8307	52842	351	1480	1708	0	56381
8308	54386	357	1199	1112	0	57054
8309	53900	338	684	1036	0	55958
8310	51575	315	564	965	0	53419
8311	2792	50095	515	1017	0	54419
8312	49469	1144	396	787	0	51796
8313	2332	946	335	48196	0	51809
8314	1849	545	45754	1496	0	49644
8315	42436	350	1036	1229	0	45051
8316	1841	43433	890	767	0	46931
8317	39913	1090	384	579	0	41966
8318	1682	39946	320	612	0	42560
8319	1289	38122	308	652	0	40371
8320	862	38009	393	660	0	39924
8321	854	36724	610	626	0	38814
8322	704	1254	28371	447	0	30776
8323	678	1701	1022	22276	0	25677
8324	342	173	20167	597	0	21279
8325	15736	155	360	342	0	16593
8326	365	16615	267	202	0	17449
8327	272	16696	108	210	0	17286
8328	192	483	82	15889	0	16646
8329	190	300	82	16242	0	16814
8330	167	169	15940	471	0	16747
8331	152	176	16054	266	0	16648
8332	181	117	431	15704	0	16433
8333	171	127	16350	350	0	16998
8334	185	16165	336	317	0	17003
8335	235	286	227	15876	0	16624
8336	214	243	104	16884	0	17445
8337	243	110	16613	489	0	17455
8338	255	71	288	16485	0	17099
8339	16568	61	223	382	0	17234
8340	432	66	123	16476	0	17097
8341	329	57	118	16393	0	16897
8342	193	80	16084	571	0	16928
8343	14876	64	308	362	0	15610
8344	433	16078	258	191	0	16960
8345	401	278	71	15907	0	16657
8346	325	204	15918	322	0	16769
8347	281	89	261	15955	0	16586
8348	15909	110	206	344	0	16569
8349	464	139	16118	256	0	16977
8350	361	112	293	15886	0	16652
8351	188	120	16396	397	0	17101
8352	186	16439	327	317	0	17269
8353	205	325	16022	151	0	16703
8354	144	15607	329	142	0	16222
8355	151	250	13666	78	0	14145
8356	162	279	253	11025	0	11719
8357	41	12393	171	156	0	12761
8358	11929	160	53	116	0	12258
8359	169	127	26	11898	0	12220
8360	12057	49	28	160	0	12294
8361	187	47	28	12264	0	12526
8362	147	60	21	12564	0	12792
8363	12394	45	27	275	0	12741
8364	12755	25	40	154	0	12974
8365	298	20	31	13078	0	13427
8366	171	44	13396	203	0	13814
8367	143	13283	192	159	0	13777
8368	84	187	13732	61	0	14064
8369	61	13973	194	57	0	14285
8370	13675	165	145	58	0	14043
8371	254	130	13353	57	0	13794
8372	163	43	13427	42	0	13675
8373	58	29	283	12777	0	13147
8374	13106	40	120	211	0	13477
8375	220	37	13755	145	0	14157
8376	149	14509	206	51	0	14915
8377	14987	164	133	34	0	15318
8378	15133	138	44	70	0	15385
8379	15245	50	43	46	0	15384
8380	15300	48	50	54	0	15452
8381	15098	53	37	76	0	15264
8382	328	44	14990	74	0	15436
8383	164	101	180	13653	0	14098
8384	66	14769	172	169	0	15176
8385	14636	180	52	131	0	14999
8386	170	14899	62	55	0	15186
8387	13565	158	132	53	0	13908
8388	13413	103	58	39	0	13613
8389	204	13501	54	49	0	13808
8390	13686	132	43	63	0	13924
8391	154	96	49	13627	0	13926
8392	126	27	41	13961	0	14155
8393	63	43	13717	231	0	14054
8394	65	13942	141	132	0	14280
8395	56	123	122	13862	0	14163
8396	59	113	41	14059	0	14272
8397	69	39	47	14105	0	14260
8398	56	57	13718	225	0	14056
8399	12347	34	147	127	0	12655
8400	170	37	114	13928	0	14249
8401	14012	31	62	163	0	14268
8402	173	41	55	13931	0	14200
8403	133	59	14336	164	0	14692
8404	82	35	14606	137	0	14860
8405	13395	68	233	82	0	13778
8406	14577	44	172	46	0	14839
8407	230	14472	68	83	0	14853
8408	163	154	14477	56	0	14850
8409	111	103	156	14087	0	14457
8410	88	50	140	13697	0	13975
8411	15188	52	51	230	0	15521
8412	15052	35	49	149	0	15285
8413	15140	40	54	74	0	15308
8414	253	42	14955	54	0	15304
8415	15024	45	145	78	0	15292
8416	190	33	116	15320	0	15659
8417	151	35	55	15383	0	15624
8418	88	30	46	15406	0	15570
8419	73	15379	65	243	0	15760
8420	15091	130	54	138	0	15413
8421	172	108	42	15152	0	15474
8422	159	57	15150	161	0	15527
8423	101	42	140	14714	0	14997
8424	76	15164	135	151	0	15526
8425	15245	126	63	126	0	15560
8426	184	99	51	15199	0	15533
8427	163	43	48	15019	0	15273
8428	92	64	15307	223	0	15686
8429	90	46	144	14676	0	14956
8430	91	15336	131	181	0	15739
8431	85	127	57	15437	0	15706
8432	91	124	15381	180	0	15776
8433	13203	32	151	163	0	13549
8434	14529	37	112	74	0	14752
8435	228	14927	64	98	0	15317
8436	14410	94	33	63	0	14600
8437	14954	89	36	68	0	15147
8438	215	14964	55	54	0	15288
8439	181	190	27	15094	0	15492
8440	15375	95	40	151	0	15661
8441	160	15777	46	134	0	16117
8442	125	140	15924	63	0	16252
8443	15471	98	138	60	0	15767
8444	16438	28	109	63	0	16638
8445	16535	39	57	73	0	16704
8446	16516	37	24	57	0	16634
8447	246	16972	48	97	0	17363
8448	17198	135	34	63	0	17430
8449	17363	88	41	55	0	17547
8450	17508	33	19	64	0	17624
8451	281	34	29	17472	0	17816
8452	17278	29	36	167	0	17510
8453	152	17932	38	147	0	18269
8454	137	177	18843	42	0	19199
8455	58	106	161	19316	0	19641
8456	19519	35	121	226	0	19901
8457	217	40	20166	133	0	20556
8458	155	19	195	19882	0	20251
8459	74	44	20299	213	0	20630
8460	55	20191	200	232	0	20678
8461	72	225	122	19928	0	20347
8462	84	146	20101	219	0	20550
8463	51	20056	218	166	0	20491
8464	58	254	112	19510	0	19934
8465	20213	119	38	184	0	20554
8466	20190	18	24	142	0	20374
8467	20322	15	19	45	0	20401
8468	20151	14	30	35	0	20230
8469	19950	15	25	46	0	20036
8470	293	36	20159	22	0	20510
8471	20076	17	177	49	0	20319
8472	20791	19	113	44	0	20967
8473	294	56	27	20709	0	21086
8474	20829	21	30	186	0	21066
8475	19792	27	17	131	0	19967
8476	284	19701	39	49	0	20073
8477	161	158	20	19891	0	20230
8478	68	111	24	19997	0	20200
8479	19662	24	21	279	0	19986
8480	193	19694	36	174	0	20097
8481	136	20258	39	55	0	20488
8482	73	282	25	20519	0	20899
8483	55	112	18	20752	0	20937
8484	64	21	22	20688	0	20795
8485	62	35	19	20971	0	21087
8486	20363	17	23	314	0	20717
8487	20026	18	20	145	0	20209
8488	336	40	20933	45	0	21354
8489	157	23	182	20288	0	20650
8490	77	24	121	20923	0	21145
8491	66	43	20874	302	0	21285
8492	18855	34	193	164	0	19246
8493	202	20817	133	122	0	21274
8494	20615	190	24	56	0	20885
8495	231	125	22	20488	0	20866
8496	167	49	20967	213	0	21396
8497	88	24	192	20889	0	21193
8498	79	53	22094	244	0	22470
8499	67	22542	209	177	0	22995
8500	21918	179	128	72	0	22297
8501	22011	115	32	58	0	22216
8502	300	22457	53	58	0	22868
8503	163	187	18	21889	0	22257
8504	21380	112	34	216	0	21742
8505	208	21428	49	149	0	21834
8506	156	183	19	21326	0	21684
8507	21432	111	33	211	0	21787
8508	226	53	21241	149	0	21669
8509	20306	16	172	77	0	20571
8510	203	21381	139	60	0	21783
8511	21391	190	37	54	0	21672
8512	21122	122	26	72	0	21342
8513	318	44	21139	44	0	21545
8514	168	35	180	19919	0	20302
8515	64	41	117	21133	0	21355
8516	88	47	21279	304	0	21718
8517	73	36	179	20472	0	20760
8518	82	38	131	20792	0	21043
8519	21507	37	43	317	0	21904
8520	21499	28	41	159	0	21727
8521	319	42	44	21250	0	21655
8522	189	63	21406	222	0	21880
8523	81	35	192	21309	0	21617
8524	71	38	129	21647	0	21885
8525	89	52	21944	305	0	22390
8526	103	24	192	22155	0	22474
8527	22079	35	131	228	0	22473
8528	21802	34	45	174	0	22055
8529	296	22036	57	99	0	22488
8530	22420	179	31	102	0	22732
8531	22180	116	39	74	0	22409
8532	315	22996	63	72	0	23446
8533	23431	183	30	90	0	23734
8534	23221	122	32	79	0	23454
8535	24136	32	38	79	0	24285
8536	348	49	23678	84	0	24159
8537	22863	25	176	91	0	23155
8538	234	34	139	23992	0	24399
8539	23850	25	46	261	0	24182
8540	273	56	23795	187	0	24311
8541	189	23411	226	145	0	23971
8542	23124	195	193	65	0	23577
8543	219	24335	54	86	0	24694
8544	178	198	34	23868	0	24278
8545	86	135	29	24524	0	24774
8546	24519	35	29	329	0	24912
8547	24091	31	49	170	0	24341
8548	358	45	24230	92	0	24725
8549	206	55	22824	56	0	23141
8550	103	49	23231	66	0	23449
8551	64	100	301	22489	0	22954
8552	75	38	23305	197	0	23615
8553	72	64	22047	136	0	22319
8554	238	314	222	20052	0	20826
8555	22247	18	127	173	0	22565
8556	22286	14	27	126	0	22453
8557	22495	9	14	50	0	22568
8558	22319	11	16	39	0	22385
8559	204	76	13	22463	0	22756
8560	127	7	17	22626	0	22777
8561	47	43	23592	198	0	23880
8562	43	15	127	22817	0	23002
8563	42	21	110	23179	0	23352
8564	24126	8	29	221	0	24384
8565	23720	13	24	127	0	23884
8566	256	15	32	23697	0	24000
8567	24024	16	25	159	0	24224
8568	23975	12	24	162	0	24173
8569	275	9	33	24174	0	24491
8570	158	16	31	23809	0	24014
8571	74	30	23577	292	0	23973
8572	63	55	23231	157	0	23506
8573	58	21	259	23433	0	23771
8574	45	19	151	24101	0	24316
8575	62	34	24349	250	0	24695
8576	22615	15	147	188	0	22965
8577	23162	15	134	64	0	23375
8578	324	35	23521	45	0	23925
8579	171	23582	179	76	0	24008
8580	24306	114	166	90	0	24676
8581	192	141	26929	54	0	27316
8582	161	16	156	26366	0	26699
8583	53	13	179	27324	0	27569
8584	28216	12	52	313	0	28593
8585	29876	6	41	218	0	30141
8586	326	7	34	30052	0	30419
8587	213	11	38	32050	0	32312
8588	32000	6	45	360	0	32411
8589	32010	16	50	234	0	32310
8590	31780	14	37	88	0	31919
8591	405	42	32426	64	0	32937
8592	242	15	214	32252	0	32723
8593	71	16	195	33171	0	33453
8594	32975	8	50	409	0	33442
8595	234	33304	72	281	0	33891
8596	35762	198	40	112	0	36112
8597	318	36677	59	106	0	37160
8598	290	335	46	37108	0	37779
8599	111	221	47	37645	0	38024
8600	102	44	37488	614	0	38248
8601	109	19	359	37299	0	37786
8602	127	64	37875	466	0	38532
8603	116	31	370	37734	0	38251
8604	96	13	303	37499	0	37911
8605	90	36988	91	698	0	37867
8606	114	38385	74	376	0	38949
8607	142	565	60	37738	0	38505
8608	134	268	60	38594	0	39056
8609	117	44	56	39122	0	39339
8610	108	22	68	39534	0	39732
8611	121	38	64	40023	0	40246
8612	154	72	39311	776	0	40313
8613	139	34	417	38817	0	39407
8614	104	71	321	39609	0	40105
8615	133	52	38678	771	0	39634
8616	125	38297	419	562	0	39403
8617	139	368	330	38747	0	39584
8618	205	347	38585	503	0	39640
8619	124	39090	459	443	0	40116
8620	137	385	350	39366	0	40238
8621	40043	308	87	550	0	40988
8622	449	70	76	40178	0	40773
8623	391	66	90	40523	0	41070
8624	163	73	77	41045	0	41358
8625	139	65	67	40247	0	40518
8626	110	39543	119	862	0	40634
8627	117	426	71	40470	0	41084
8628	41842	325	69	675	0	42911
8629	488	94	114	42534	0	43230
8630	374	75	99	42256	0	42804
8631	146	82	102	43078	0	43408
8632	41182	80	121	937	0	42320
8633	41145	81	101	584	0	41911
8634	746	90	96	41714	0	42646
8635	40661	71	86	633	0	41451
8636	40038	67	88	534	0	40727
8637	661	41077	144	337	0	42219
8638	40355	393	90	294	0	41132
8639	393	40718	124	333	0	41568
8640	329	40755	104	304	0	41492
8641	149	624	138	41174	0	42085
8642	114	391	42319	612	0	43436
8643	126	182	391	40812	0	41511
8644	144	97	324	41146	0	41711
8645	83	41414	137	796	0	42430
8646	41070	388	97	536	0	42091
8647	411	321	94	41332	0	42158
8648	342	176	44953	586	0	46057
8649	146	105	362	44329	0	44942
8650	113	46001	339	655	0	47108
8651	46030	366	98	576	0	47070
8652	423	317	65	46462	0	47267
8653	352	232	47206	645	0	48435
8654	209	126	380	46291	0	47006
8655	125	45836	349	683	0	46993
8656	158	427	107	46607	0	47299
8657	48985	356	58	713	0	50112
8658	49901	147	95	679	0	50822
8659	50448	131	126	411	0	51116
8660	847	51219	159	556	0	52781
8661	51143	500	148	382	0	52173
8662	612	467	97	51639	0	52815
8663	50993	157	113	866	0	52129
8664	608	51971	138	903	0	53620
8665	504	589	97	53231	0	54421
8666	187	508	53832	820	0	55347
8667	48376	193	546	738	0	49853
8668	549	54642	409	443	0	56043
8669	451	580	122	54697	0	55850
8670	182	418	124	55758	0	56482
8671	170	149	101	55856	0	56276
8672	178	135	92	53603	0	54008
8673	144	54910	124	1194	0	56372
8674	55165	555	106	720	0	56546
8675	54738	453	96	393	0	55680
8676	971	216	55991	367	0	57545
8677	549	150	535	55804	0	57038
8678	267	203	56815	787	0	58072
8679	54668	142	591	666	0	56067
8680	56453	159	396	375	0	57383
8681	54127	141	133	329	0	54730
8682	1051	164	87	51632	0	52934
8683	550	53030	143	742	0	54465
8684	53385	566	77	631	0	54659
8685	718	439	85	52562	0	53804
8686	52469	195	190	791	0	53645
8687	745	193	51085	590	0	52613
8688	542	215	50128	314	0	51199
8689	50525	118	810	274	0	51727
8690	682	114	438	51350	0	52584
8691	51122	128	125	691	0	52066
8692	682	51436	116	618	0	52852
8693	51634	561	133	359	0	52687
8694	51736	410	102	275	0	52523
8695	1008	213	51752	289	0	53262
8696	501	146	47519	176	0	48342
8697	228	48169	733	181	0	49311
8698	437	460	428	47148	0	48473
8699	47971	284	193	466	0	48914
8700	464	125	67	48096	0	48752
8701	381	70	65	49276	0	49792
8702	269	172	48594	671	0	49706
8703	45667	80	401	430	0	46578
8704	535	90	307	49542	0	50474
8705	479	131	49148	492	0	50250
8706	256	134	48436	377	0	49203
8707	215	170	601	48298	0	49284
8708	240	139	49504	449	0	50332
8709	202	114	49188	376	0	49880
8710	167	110	707	43286	0	44270
8711	250	126	50123	413	0	50912
8712	201	113	419	47242	0	47975
8713	162	49290	325	485	0	50262
8714	50459	363	163	404	0	51389
8715	443	52249	143	274	0	53109
8716	418	488	113	49675	0	50694
8717	224	53178	126	559	0	54087
8718	233	545	53659	361	0	54798
8719	222	337	536	59275	0	60370
8720	225	192	70060	845	0	71322
8721	65166	85	1049	581	0	66881
8722	1048	72365	677	287	0	74377
8723	72525	985	241	189	0	73940
8724	1220	570	174	70702	0	72666
8725	71666	179	210	1093	0	73148
8726	1281	169	71643	690	0	73783
8727	756	72384	1096	334	0	74570
8728	70688	1018	651	203	0	72560
8729	1183	670	250	63651	0	65754
8730	706	71146	215	992	0	73059
8731	327	1065	211	71395	0	72998
8732	71085	626	202	1231	0	73144
8733	1076	77805	263	788	0	79932
8734	77893	1181	216	362	0	79652
8735	1449	902	76962	296	0	79609
8736	74975	270	1318	227	0	76790
8737	1501	159	777	76554	0	78991
8738	75546	146	296	1328	0	77316
8739	1352	76543	315	933	0	79143
8740	884	1250	291	76242	0	78667
8741	418	778	233	77890	0	79319
8742	380	300	74794	1938	0	77412
8743	352	169	1298	73218	0	75037
8744	341	213	774	75800	0	77128
8745	337	206	313	76154	0	77010
8746	343	181	220	76833	0	77577
8747	352	214	75537	2099	0	78202
8748	303	71247	1387	1164	0	74101
8749	314	1274	868	71299	0	73755
8750	70659	773	347	1454	0	73233
8751	70580	239	247	980	0	72046
8752	1901	71486	312	624	0	74323
8753	70946	1314	292	360	0	72912
8754	70760	769	301	395	0	72225
8755	69837	314	267	444	0	70862
8756	2097	69112	339	403	0	71951
8757	66346	1186	210	305	0	68047
8758	1422	794	233	64600	0	67049
8759	873	280	64146	1313	0	66612
8760	386	63704	1205	1043	0	66338
8761	508	1247	973	62894	0	65622
8762	308	707	62304	1254	0	64573
8763	59580	242	1155	791	0	61768
8764	1231	182	668	61610	0	63691
8765	729	182	273	62112	0	63296
8766	312	212	211	61196	0	61931
8767	314	201	167	61867	0	62549
8768	285	204	59278	1840	0	61607
8769	52858	194	1188	976	0	55216
8770	1162	58489	720	521	0	60892
8771	57859	1131	252	400	0	59642
8772	1221	58934	238	407	0	60800
8773	58772	1207	240	307	0	60526
8774	1378	781	217	57831	0	60207
8775	846	334	57989	1304	0	60473
8776	509	275	57860	757	0	59401
8777	399	306	1616	55813	0	58134
8778	359	414	749	56596	0	58118
8779	347	234	274	57729	0	58584
8780	55949	205	230	1847	0	58231
8781	1254	268	56227	941	0	58690
8782	804	55153	1250	550	0	57757
8783	397	56943	726	503	0	58569
8784	54372	1556	257	446	0	56631
8785	1284	777	54746	405	0	57212
8786	819	53854	1156	553	0	56382
8787	457	1179	53983	358	0	55977
8788	424	769	1165	53044	0	55402
8789	421	353	53963	1287	0	56024
8790	444	300	54036	779	0	55559
8791	404	301	1558	52536	0	54799
8792	386	308	53547	1313	0	55554
8793	429	265	53832	854	0	55380
8794	357	372	1590	50890	0	53209
8795	51438	280	866	1271	0	53855
8796	1205	311	51423	866	0	53805
8797	762	226	1175	49625	0	51788
8798	383	246	740	51549	0	52918
8799	50194	203	393	1747	0	52537
8800	1179	245	316	50422	0	52162
8801	49473	199	313	1422	0	51407
8802	1221	48781	331	1084	0	51417
8803	786	1082	291	48960	0	51119
8804	49326	633	332	1325	0	51616
8805	49674	271	246	895	0	51086
8806	1738	218	268	49054	0	51278
8807	911	258	49079	1353	0	51601
8808	46431	284	1101	889	0	48705
8809	1173	48502	728	582	0	50985
8810	48124	1064	358	520	0	50066
8811	48059	616	299	454	0	49428
8812	48424	286	319	470	0	49499
8813	1752	245	46869	556	0	49422
8814	839	46145	1127	483	0	48594
8815	538	1480	716	44019	0	46753
8816	463	817	395	45313	0	46988
8817	451	292	43833	1584	0	46160
8818	370	41067	1055	816	0	43308
8819	314	33154	464	339	0	34271
8820	157	25632	215	239	0	26243
8821	22898	512	1145	184	0	24739
8822	489	333	136	22121	0	23079
8823	279	79	108	22510	0	22976
8824	164	102	22307	491	0	23064
8825	21002	124	339	275	0	21740
8826	375	108	208	22102	0	22793
8827	294	243	96	22189	0	22822
8828	199	82	21938	542	0	22761
8829	116	21792	363	340	0	22611
8830	163	387	274	21573	0	22397
8831	144	179	21540	370	0	22233
8832	83	18524	288	259	0	19154
8833	14511	110	115	76	0	14812
8834	140	87	15171	56	0	15454
8835	128	40	100	13723	0	13991
8836	97	14612	87	111	0	14907
8837	14504	96	47	68	0	14715
8838	93	80	33	14471	0	14677
8839	14571	22	35	120	0	14748
8840	14347	32	44	90	0	14513
8841	131	14702	43	58	0	14934
8842	14806	98	30	58	0	14992
8843	15125	63	27	52	0	15267
8844	142	39	15372	45	0	15598
8845	14619	25	83	74	0	14801
8846	108	31	15272	44	0	15455
8847	14522	36	80	34	0	14672
8848	14736	18	48	36	0	14838
8849	110	27	15196	27	0	15360
8850	67	63	60	14829	0	15019
8851	44	23	15430	78	0	15575
8852	36	26	14794	48	0	14904
8853	52	30	15799	34	0	15915
8854	29	160	61	14826	0	15076
8855	25	12	41	16831	0	16909
8856	17	12	14	16984	0	17027
8857	26	12	6	17584	0	17628
8858	27	27	18774	120	0	18948
8859	22	13	82	17824	0	17941
8860	16	18385	70	111	0	18582
8861	32	98	19631	83	0	19844
8862	23	66	105	19116	0	19310
8863	44	36	20717	117	0	20914
8864	22	20370	163	128	0	20683
8865	20	20576	110	56	0	20762
8866	20	188	27	20524	0	20759
8867	41	103	20695	126	0	20965
8868	33	32	20824	108	0	20997
8869	26	10	207	20630	0	20873
8870	24	15	111	20834	0	20984
8871	27	15	26	21499	0	21567
8872	36	33	21200	232	0	21501
8873	18	21104	145	172	0	21439
8874	19	21882	128	65	0	22094
8875	20	249	36	21649	0	21954
8876	33	145	21422	140	0	21740
8877	60	41	21836	127	0	22064
8878	18	22833	247	52	0	23150
8879	22473	139	133	40	0	22785
8880	117	23393	61	71	0	23642
8881	119	168	24341	71	0	24699
8882	23562	149	175	50	0	23936
8883	176	33	161	24926	0	25296
8884	25536	26	56	208	0	25826
8885	200	27	30	25798	0	26055
8886	157	19	23	26174	0	26373
8887	25802	25	36	360	0	26223
8888	182	26909	47	260	0	27398
8889	179	247	26896	80	0	27402
8890	43	27585	227	58	0	27913
8891	26863	239	173	49	0	27324
8892	199	27183	54	96	0	27532
8893	26909	227	30	62	0	27228
8894	26717	174	41	51	0	26983
8895	361	27130	54	71	0	27616
8896	188	211	30	26751	0	27180
8897	26754	188	35	226	0	27203
8898	26838	53	35	196	0	27122
8899	382	35	31	26633	0	27081
8900	212	35	26538	229	0	27014
8901	77	57	26741	196	0	27071
8902	37	31	376	26661	0	27105
8903	51	43	26897	239	0	27230
8904	24632	25	231	233	0	25121
8905	222	26530	209	103	0	27064
8906	223	226	53	26609	0	27111
8907	55	197	32	26613	0	26897
8908	43	54	45	26717	0	26859
8909	45	35	50	26604	0	26734
8910	53	38	58	26904	0	27053
8911	55	77	26415	397	0	26944
8912	43	26335	234	253	0	26865
8913	26227	225	203	75	0	26730
8914	230	193	90	25891	0	26404
8915	198	86	52	26037	0	26373
8916	65	37	52	26136	0	26290
8917	36	26032	65	607	0	26740
8918	38	235	58	26779	0	27110
8919	42	198	58	27054	0	27352
8920	26284	52	57	459	0	26852
8921	224	26130	66	325	0	26745
8922	209	26314	79	97	0	26699
8923	65	426	51	26349	0	26891
8924	26011	231	50	286	0	26578
8925	252	94	26438	261	0	27045
8926	24285	109	266	121	0	24781
8927	293	87	27902	95	0	28377
8928	244	72	276	27314	0	27906
8929	91	53	233	28025	0	28402
8930	72	65	74	27929	0	28140
8931	68	62	49	27928	0	28107
8932	88	56	58	27856	0	28058
8933	27094	56	58	486	0	27694
8934	275	64	27137	297	0	27773
8935	264	61	237	27295	0	27857
8936	100	74	28665	308	0	29147
8937	75	28559	288	347	0	29269
8938	28129	267	245	129	0	28770
8939	326	256	29722	179	0	30483
8940	260	90	270	29812	0	30432
8941	106	66	259	30828	0	31259
8942	90	78	31152	545	0	31865
8943	93	90	31426	332	0	31941
8944	91	76	534	29623	0	30324
8945	31306	67	292	369	0	32034
8946	31301	43	101	341	0	31786
8947	519	31555	88	190	0	32352
8948	32037	303	65	142	0	32547
8949	367	265	63	30567	0	31262
8950	280	32881	79	404	0	33644
8951	131	291	59	33047	0	33528
8952	107	319	33666	417	0	34509
8953	105	99	309	32369	0	32882
8954	136	72	267	33406	0	33881
8955	31741	58	88	551	0	32438
8956	303	32023	76	388	0	32790
8957	31103	288	57	154	0	31602
8958	314	31028	74	142	0	31558
8959	29279	293	66	113	0	29751
8960	305	29800	70	152	0	30327
8961	217	29272	61	104	0	29654
8962	28789	374	42	100	0	29305
8963	284	228	75	27118	0	27705
8964	200	28331	60	251	0	28842
8965	28845	229	60	236	0	29370
8966	28583	191	50	98	0	28922
8967	29205	52	54	104	0	29415
8968	28669	43	41	113	0	28866
8969	406	29578	75	98	0	30157
8970	230	225	48	29998	0	30501
8971	90	186	47	30457	0	30780
8972	30429	50	46	459	0	30984
8973	262	45	42	30199	0	30548
8974	29939	48	50	308	0	30345
8975	277	72	29582	227	0	30158
8976	26921	48	216	182	0	27367
8977	277	66	29718	101	0	30162
8978	210	151	252	28753	0	29366
8979	29080	50	179	278	0	29587
8980	247	28934	77	269	0	29527
8981	27276	195	79	104	0	27654
8982	199	27933	47	127	0	28306
8983	180	188	53	28808	0	29229
8984	98	167	28151	193	0	28609
8985	24591	96	210	212	0	25109
8986	173	28368	137	104	0	28782
8987	153	259	36	27757	0	28205
8988	64	127	31	27323	0	27545
8989	60	58	24	27317	0	27459
8990	95	68	27257	278	0	27698
8991	67	27270	154	212	0	27703
8992	27165	159	103	85	0	27512
8993	27071	123	52	66	0	27312
8994	255	27383	43	64	0	27745
8995	28268	150	23	99	0	28540
8996	185	120	100	28003	0	28408
8997	126	28368	41	186	0	28721
8998	28148	137	30	168	0	28483
8999	181	161	27704	100	0	28146
9000	148	28404	147	107	0	28806
9001	82	135	108	28563	0	28888
9002	87	121	47	28967	0	29222
9003	103	80	28543	248	0	28974
9004	88	47	143	27315	0	27593
9005	92	80	28626	187	0	28985
9006	83	61	160	28013	0	28317
9007	102	49	116	28535	0	28802
9008	71	61	50	28670	0	28852
9009	83	53	32	28751	0	28919
9010	78	79	28432	284	0	28873
9011	86	79	30088	214	0	30467
9012	60	33054	334	164	0	33612
9013	95	302	188	34699	0	35284
9014	149	254	36523	364	0	37290
9015	69	36582	347	353	0	37351
9016	112	361	232	37255	0	37960
9017	93	275	39162	390	0	39920
9018	34571	92	427	319	0	35409
9019	40361	51	252	110	0	40774
9020	661	52	66	40556	0	41335
9021	375	71	40728	465	0	41639
9022	133	103	439	40151	0	40826
9023	40177	60	287	517	0	41041
9024	448	41973	120	350	0	42891
9025	42690	442	52	181	0	43365
9026	43042	289	53	97	0	43481
9027	732	96	47	41313	0	42188
9028	384	71	38	42043	0	42536
9029	153	127	47	42402	0	42729
9030	113	56	45	42266	0	42480
9031	129	57	60	42403	0	42649
9032	41650	46	72	819	0	42587
9033	42030	49	55	415	0	42549
9034	42019	60	83	186	0	42348
9035	818	88	40715	129	0	41750
9036	39341	87	461	155	0	40044
9037	549	85	316	40105	0	41055
9038	356	104	40110	527	0	41097
9039	135	39150	508	419	0	40212
9040	131	484	321	38599	0	39535
9041	142	280	166	37952	0	38540
9042	159	38887	92	675	0	39813
9043	155	397	98	39390	0	40040
9044	161	294	39068	584	0	40107
9045	156	130	39465	394	0	40145
9046	151	77	735	39376	0	40339
9047	38890	92	434	567	0	39983
9048	38577	107	121	442	0	39247
9049	846	97	39397	227	0	40567
9050	474	37066	515	217	0	38272
9051	197	38421	346	302	0	39266
9052	35911	679	169	268	0	37027
9053	554	373	36736	326	0	37989
9054	385	183	481	35913	0	36962
9055	35945	75	316	633	0	36969
9056	593	35809	146	483	0	37031
9057	457	36621	102	263	0	37443
9058	35803	664	184	197	0	36848
9059	579	375	110	36127	0	37191
9060	38692	97	104	648	0	39541
9061	650	79	133	43130	0	43992
9062	466	113	142	44120	0	44841
9063	258	147	44492	1071	0	45968
9064	196	103	616	45257	0	46172
9065	229	107	458	45767	0	46561
9066	45571	116	190	1190	0	47067
9067	740	97	156	46281	0	47274
9068	557	136	45911	861	0	47465
9069	44228	93	742	690	0	45753
9070	729	99	539	45767	0	47134
9071	45683	101	218	839	0	46841
9072	843	44322	194	711	0	46070
9073	576	45927	213	388	0	47104
9074	45467	1062	170	264	0	46963
9075	45551	616	173	275	0	46615
9076	1185	208	170	45117	0	46680
9077	740	205	45139	844	0	46928
9078	353	138	715	45743	0	46949
9079	44490	167	548	934	0	46139
9080	811	45068	295	723	0	46897
9081	699	747	141	44757	0	46344
9082	45130	568	167	840	0	46705
9083	889	261	44342	701	0	46193
9084	43628	144	705	442	0	44919
9085	43286	154	559	432	0	44431
9086	1245	177	44181	403	0	46006
9087	765	206	45182	424	0	46577
9088	432	138	1146	43117	0	44833
9089	394	160	616	42692	0	43862
9090	354	45556	259	1315	0	47484
9091	358	691	221	46133	0	47403
9092	353	534	46888	1031	0	48806
9093	359	191	788	47084	0	48422
9094	383	137	597	49292	0	50409
9095	408	172	48174	1419	0	50173
9096	333	47777	846	1017	0	49973
9097	350	781	652	47721	0	49504
9098	385	594	270	48995	0	50244
9099	48724	226	223	1390	0	50563
9100	942	170	256	48655	0	50023
9101	770	211	48248	1085	0	50314
9102	46959	184	830	848	0	48821
9103	48452	221	638	504	0	49815
9104	48947	247	276	424	0	49894
9105	1481	265	47440	423	0	49609
9106	886	184	888	46541	0	48499
9107	466	166	722	47810	0	49164
9108	464	243	365	48493	0	49565
9109	46692	162	317	1537	0	48708
9110	923	46490	366	1237	0	49016
9111	733	654	43403	520	0	45310
9112	340	42449	743	421	0	43953
9113	323	40739	513	415	0	41990
9114	355	40180	271	405	0	41211
9115	451	1102	446	39062	0	41061
9116	288	514	38844	722	0	40368
9117	32949	281	578	634	0	34442
9118	573	37092	504	405	0	38574
9119	34920	446	212	338	0	35916
9120	519	36704	199	363	0	37785
9121	36908	475	220	320	0	37923
9122	563	37633	186	374	0	38756
9123	582	530	38399	277	0	39788
9124	307	433	463	37611	0	38814
9125	243	217	433	39894	0	40787
9126	40022	154	218	943	0	41337
9127	623	167	173	43924	0	44887
9128	586	204	44043	812	0	45645
9129	314	170	677	44167	0	45328
9130	301	186	44309	877	0	45673
9131	260	43700	759	788	0	45507
9132	288	666	573	39922	0	41449
9133	265	44421	305	708	0	45699
9134	44017	709	212	627	0	45565
9135	726	527	232	43997	0	45482
9136	659	238	44269	790	0	45956
9137	329	186	43760	702	0	44977
9138	42334	206	1052	361	0	43953
9139	732	198	600	43230	0	44760
9140	595	228	43205	779	0	44807
9141	328	233	42033	631	0	43225
9142	192	42680	1087	384	0	44343
9143	281	643	619	37973	0	39516
9144	181	42290	295	682	0	43448
9145	238	674	208	41826	0	42946
9146	41887	490	215	793	0	43385
9147	633	224	254	42215	0	43326
9148	567	198	228	42554	0	43547
9149	42236	192	204	1108	0	43740
9150	648	205	225	43631	0	44709
9151	605	224	190	41950	0	42969
9152	274	44944	228	1091	0	46537
9153	45028	638	222	702	0	46590
9154	45524	534	213	379	0	46650
9155	1093	213	223	45301	0	46830
9156	655	188	243	45642	0	46728
9157	276	191	240	44924	0	45631
9158	267	43861	246	1256	0	45630
9159	216	45158	266	852	0	46492
9160	324	927	250	42338	0	43839
9161	36702	405	152	574	0	37833
9162	35704	149	144	457	0	36454
9163	674	35375	126	294	0	36469
9164	33382	438	114	182	0	34116
9165	417	34348	119	180	0	35064
9166	340	34151	120	178	0	34789
9167	369	677	140	33532	0	34718
9168	32660	337	191	471	0	33659
9169	388	32600	130	416	0	33534
9170	339	33110	113	195	0	33757
9171	145	578	100	32765	0	33588
9172	113	330	109	33465	0	34017
9173	145	156	32975	648	0	33924
9174	31606	139	391	417	0	32553
9175	32531	110	295	243	0	33179
9176	634	167	33257	193	0	34251
9177	360	156	33126	224	0	33866
9178	147	141	605	32939	0	33832
9179	141	123	317	33742	0	34323
9180	124	33865	111	743	0	34843
9181	165	433	86	34294	0	34978
9182	196	396	33847	539	0	34978
9183	183	169	391	33299	0	34042
9184	170	145	344	33581	0	34240
9185	32968	142	151	828	0	34089
9186	506	162	32688	548	0	33904
9187	31121	150	460	312	0	32043
9188	513	188	31998	290	0	32989
9189	381	174	474	30903	0	31932
9190	195	191	31342	595	0	32323
9191	137	275	31052	505	0	31969
9192	197	419	697	29679	0	30992
9193	29141	231	480	647	0	30499
9194	27662	165	190	501	0	28518
9195	632	28389	209	316	0	29546
9196	28314	468	211	278	0	29271
9197	27551	337	217	304	0	28409
9198	619	28136	220	301	0	29276
9199	412	466	200	28291	0	29369
9200	214	366	194	28794	0	29568
9201	161	174	194	28737	0	29266
9202	156	167	229	28893	0	29445
9203	212	189	28341	808	0	29550
9204	26326	154	454	598	0	27532
9205	506	136	392	28345	0	29379
9206	390	152	236	27679	0	28457
9207	225	28580	189	820	0	29814
9208	235	445	104	29145	0	29929
9209	222	421	29233	685	0	30561
9210	26662	188	480	627	0	27957
9211	590	184	29419	373	0	30566
9212	470	156	385	28567	0	29578
9213	28387	176	289	733	0	29585
9214	521	28883	114	606	0	30124
9215	504	470	68	29620	0	30662
9216	283	404	29854	672	0	31213
9217	202	202	391	29792	0	30587
9218	29477	168	330	674	0	30649
9219	571	199	29833	556	0	31159
9220	484	190	29054	322	0	30050
9221	203	28702	651	343	0	29899
9222	26904	478	327	244	0	27953
9223	527	26791	124	241	0	27683
9224	448	539	25916	214	0	27117
9225	148	336	24231	195	0	24910
9226	141	23830	532	203	0	24706
9227	19292	218	255	100	0	19865
9228	191	19699	87	145	0	20122
9229	181	183	64	18944	0	19372
9230	61	155	72	19430	0	19718
9231	78	63	19481	350	0	19972
9232	56	31	234	19126	0	19447
9233	65	66	19846	231	0	20208
9234	18699	57	237	206	0	19199
9235	19516	54	199	92	0	19861
9236	19676	52	75	109	0	19912
9237	356	85	19450	99	0	19990
9238	19188	40	243	85	0	19556
9239	227	53	199	18348	0	18827
9240	190	19308	95	249	0	19842
9241	19324	201	87	202	0	19814
9242	218	182	19045	88	0	19533
9243	18263	40	223	100	0	18626
9244	18395	39	213	85	0	18732
9245	319	50	17814	122	0	18305
9246	177	17986	244	101	0	18508
9247	95	303	187	17848	0	18433
9248	104	146	18037	222	0	18509
9249	92	99	17390	168	0	17749
9250	79	216	286	15257	0	15838
9251	76	38	15659	176	0	15949
9252	50	30	173	14614	0	14867
9253	61	42	123	14264	0	14490
9254	71	44	56	14948	0	15119
9255	63	34	14901	266	0	15264
9256	69	26	188	14748	0	15031
9257	85	41	14983	171	0	15280
9258	61	39	200	15109	0	15409
9259	15224	54	134	195	0	15607
9260	195	33	64	15190	0	15482
9261	135	15794	69	181	0	16179
9262	91	162	71	16118	0	16442
9263	15943	146	68	262	0	16419
9264	179	16283	73	194	0	16729
9265	147	176	51	16291	0	16665
9266	15995	122	65	234	0	16416
9267	198	46	16204	184	0	16632
9268	147	30	210	15884	0	16271
9269	67	31	16349	235	0	16682
9270	73	46	15997	174	0	16290
9271	61	102	321	15589	0	16073
9272	15904	30	197	204	0	16335
9273	208	62	15660	180	0	16110
9274	14992	51	197	60	0	15300
9275	218	80	153	15266	0	15717
9276	172	53	15710	191	0	16126
9277	57	65	15275	162	0	15559
9278	56	42	15574	78	0	15750
9279	143	146	329	14191	0	14809
9280	14607	23	426	181	0	15237
9281	163	14823	83	166	0	15235
9282	151	154	72	14387	0	14764
9283	61	111	66	14889	0	15127
9284	14963	47	72	267	0	15349
9285	14903	20	62	166	0	15151
9286	247	15020	86	86	0	15439
9287	15095	150	66	48	0	15359
9288	14958	108	59	65	0	15190
9289	272	36	79	14770	0	15157
9290	154	31	15014	169	0	15368
9291	14611	24	176	151	0	14962
9292	182	24	142	15185	0	15533
9293	141	31	65	15185	0	15422
9294	14961	40	44	286	0	15331
9295	179	20	46	14333	0	14578
9296	160	28	46	14378	0	14612
9297	14168	27	35	262	0	14492
9298	185	14616	53	164	0	15018
9299	14411	155	35	71	0	14672
9300	194	116	14428	45	0	14783
9301	14184	33	180	56	0	14453
9302	186	21	142	14215	0	14564
9303	130	14631	86	186	0	15033
9304	81	146	46	14911	0	15184
9305	58	103	34	14801	0	14996
9306	61	62	33	14853	0	15009
9307	14291	16	43	286	0	14636
9308	161	14021	76	174	0	14432
9309	108	13457	70	56	0	13691
9310	13309	191	53	51	0	13604
9311	165	109	13995	68	0	14337
9312	127	44	13804	44	0	14019
9313	12905	79	355	56	0	13395
9314	169	86	13900	75	0	14230
9315	85	5	116	12965	0	13171
9316	64	13	74	12780	0	12931
9317	44	22	28	13381	0	13475
9318	33	32	18	13056	0	13139
9319	45	12866	32	215	0	13158
9320	49	96	24	13102	0	13271
9321	39	79	12971	152	0	13241
9322	36	30	143	12746	0	12955
9323	64	29	12746	163	0	13002
9324	41	27	12609	117	0	12794
9325	30	11	188	12728	0	12957
9326	52	22	13171	159	0	13404
9327	30	12	140	12945	0	13127
9328	13221	17	95	178	0	13511
9329	162	38	13383	100	0	13683
9330	12442	38	142	56	0	12678
9331	169	14	98	13296	0	13577
9332	115	16	13369	148	0	13648
9333	58	13037	139	117	0	13351
9334	51	124	94	13420	0	13689
9335	52	106	13903	154	0	14215
9336	35	33	131	13811	0	14010
9337	14171	10	92	198	0	14471
9338	14204	18	36	148	0	14406
9339	14457	24	28	79	0	14588
9340	219	48	24	14734	0	15025
9341	124	34	22	14890	0	15070
9342	75	19	36	15320	0	15450
9343	15609	14	56	262	0	15941
9344	170	16334	68	150	0	16722
9345	141	183	40	16396	0	16760
9346	59	117	44	16946	0	17166
9347	16586	34	30	352	0	17002
9348	197	17173	51	254	0	17675
9349	160	192	27	17946	0	18325
9350	18221	133	29	293	0	18676
9351	18040	79	37	200	0	18356
9352	401	35	32	18067	0	18535
9353	18165	28	62	294	0	18549
9354	303	24	39	18056	0	18422
9355	211	31	18490	311	0	19043
9356	80	30	281	18400	0	18791
9357	80	21	186	19016	0	19303
9358	59	18	87	19130	0	19294
9359	18214	15	38	468	0	18735
9360	275	18437	48	261	0	19021
9361	17730	233	46	113	0	18122
9362	274	18022	52	119	0	18467
9363	163	18215	41	104	0	18523
9364	17745	345	50	106	0	18246
9365	223	18566	58	80	0	18927
9366	158	244	39	18326	0	18767
9367	18309	151	126	282	0	18868
9368	18431	45	34	247	0	18757
9369	421	28	38	18361	0	18848
9370	223	52	31	18091	0	18397
9371	120	18895	28	374	0	19417
9372	19137	237	33	222	0	19629
9373	18238	166	38	140	0	18582
9374	360	19924	47	200	0	20531
9375	179	20038	48	106	0	20371
9376	86	355	36	20160	0	20637
9377	19894	176	33	317	0	20420
9378	292	57	34	20040	0	20423
9379	195	56	29	20430	0	20710
9380	116	57	19978	442	0	20593
9381	83	68	20025	236	0	20412
9382	98	54	382	19749	0	20283
9383	109	56	20106	316	0	20587
9384	81	19978	265	275	0	20599
9385	92	317	179	19997	0	20585
9386	74	183	38	20424	0	20719
9387	111	68	33	20570	0	20782
9388	78	49	20415	498	0	21040
9389	82	69	19832	310	0	20293
9390	18698	52	417	156	0	19323
9391	291	20195	213	121	0	20820
9392	20102	263	44	108	0	20517
9393	306	220	54	19916	0	20496
9394	20500	97	25	350	0	20972
9395	318	65	28	19529	0	19940
9396	240	20825	41	335	0	21441
9397	20946	260	38	271	0	21515
9398	317	191	20443	142	0	21093
9399	206	20475	259	154	0	21094
9400	20565	241	178	132	0	21116
9401	287	190	68	19776	0	20321
9402	257	20195	48	290	0	20790
9403	109	268	27	20885	0	21289
9404	20806	204	32	336	0	21378
9405	304	103	29	20948	0	21384
9406	20857	97	38	355	0	21347
9407	360	98	20653	252	0	21363
9408	233	97	273	20426	0	21029
9409	20515	97	168	358	0	21138
9410	371	97	20328	274	0	21070
9411	252	19412	283	185	0	20132
9412	140	337	179	18876	0	19532
9413	127	219	18965	355	0	19666
9414	143	124	18703	253	0	19223
9415	102	117	392	18274	0	18885
9416	125	80	18643	342	0	19190
9417	133	87	18379	271	0	18870
9418	108	112	406	17692	0	18318
9419	18225	68	217	324	0	18834
9420	292	67	91	18173	0	18623
9421	229	94	56	18546	0	18925
9422	140	70	18594	467	0	19271
9423	110	55	274	19036	0	19475
9424	19223	65	227	364	0	19879
9425	283	79	19282	307	0	19951
9426	228	19289	305	140	0	19962
9427	112	265	222	19532	0	20131
9428	19700	209	92	343	0	20344
9429	324	100	76	19161	0	19661
9430	220	19715	86	380	0	20401
9431	113	281	20088	283	0	20765
9432	99	212	298	20508	0	21117
9433	21623	92	236	410	0	22361
9434	379	88	21571	269	0	22307
9435	256	59	343	22012	0	22670
9436	22897	85	232	398	0	23612
9437	23624	61	89	328	0	24102
9438	571	24160	89	233	0	25053
9439	23816	351	134	162	0	24463
9440	423	296	84	23788	0	24591
9441	321	135	24642	412	0	25510
9442	119	24088	362	332	0	24901
9443	118	24679	323	145	0	25265
9444	116	528	210	23509	0	24363
9445	118	291	88	24168	0	24665
9446	74	90	23090	487	0	23741
9447	78	23006	321	301	0	23706
9448	51	22946	243	140	0	23380
9449	330	457	109	21475	0	22371
9450	21243	182	74	282	0	21781
9451	212	21671	85	236	0	22204
9452	193	225	42	22099	0	22559
9453	22956	167	41	303	0	23467
9454	256	61	49	23260	0	23626
9455	191	44	52	22913	0	23200
9456	78	56	45	23260	0	23439
9457	80	36	51	23292	0	23459
9458	22721	54	53	431	0	23259
9459	252	84	54	22938	0	23328
9460	204	76	22399	284	0	22963
9461	21116	58	258	255	0	21687
9462	285	64	22118	116	0	22583
9463	212	61	22913	97	0	23283
9464	89	69	367	22530	0	23055
9465	85	63	210	22725	0	23083
9466	71	45	73	23333	0	23522
9467	22768	44	63	411	0	23286
9468	259	65	22601	244	0	23169
9469	22044	47	244	132	0	22467
9470	22811	37	177	128	0	23153
9471	418	87	23540	94	0	24139
9472	22372	45	246	128	0	22791
9473	308	58	23645	120	0	24131
9474	180	24130	265	116	0	24691
9475	147	282	272	24236	0	24937
9476	74	162	62	24517	0	24815
9477	68	55	57	24316	0	24496
9478	63	41	69	24325	0	24498
9479	72	63	24271	415	0	24821
9480	86	58	24519	234	0	24897
9481	67	55	340	24529	0	24991
9482	67	58	25135	308	0	25568
9483	23459	40	248	242	0	23989
9484	25179	46	182	130	0	25537
9485	354	43	69	24890	0	25356
9486	24859	46	72	290	0	25267
9487	264	25812	70	267	0	26413
9488	25722	214	61	138	0	26135
9489	305	171	25993	131	0	26600
9490	207	58	229	25267	0	25761
9491	92	26419	191	270	0	26972
9492	27008	208	69	254	0	27539
9493	244	143	76	27172	0	27635
9494	228	63	27030	299	0	27620
9495	110	46	254	26596	0	27006
9496	26341	53	202	328	0	26924
9497	310	84	27334	236	0	27964
9498	223	39	262	27253	0	27777
9499	125	61	204	27927	0	28317
9500	137	65	27890	438	0	28530
9501	91	27413	300	286	0	28090
9502	100	26423	233	173	0	26929
9503	113	403	95	28235	0	28846
9504	91	188	126	28914	0	29319
9505	102	89	80	29412	0	29683
9506	28496	75	79	498	0	29148
9507	28548	57	100	306	0	29011
9508	448	68	85	28950	0	29551
9509	28917	72	82	352	0	29423
9510	295	29666	95	284	0	30340
9511	233	298	67	30173	0	30771
9512	111	191	72	30651	0	31025
9513	95	79	70	30983	0	31227
9514	29433	62	70	508	0	30073
9515	282	29745	100	335	0	30462
9516	224	244	95	30235	0	30798
9517	30269	178	75	401	0	30923
9518	293	72	83	30510	0	30958
9519	248	61	109	30153	0	30571
9520	129	29414	79	513	0	30135
9521	115	30588	106	340	0	31149
9522	115	374	86	30414	0	30989
9523	151	207	82	30189	0	30629
9524	29080	69	84	521	0	29754
9525	334	81	106	29511	0	30032
9526	254	121	28862	415	0	29652
9527	129	58	299	28510	0	28996
9528	129	28268	238	383	0	29018
9529	29151	243	108	322	0	29824
9530	324	192	100	29224	0	29840
9531	297	79	77	28881	0	29334
9532	130	28808	90	481	0	29509
9533	27457	213	66	286	0	28022
9534	255	29713	87	200	0	30255
9535	229	218	71	29441	0	29959
9536	134	171	29207	296	0	29808
9537	215	329	240	27253	0	28037
9538	27283	32	205	280	0	27800
9539	217	27830	49	232	0	28328
9540	174	217	29	27507	0	27927
9541	73	27289	54	257	0	27673
9542	73	244	101	27598	0	28016
9543	81	179	27575	337	0	28172
9544	57	171	182	27194	0	27604
9545	47	64	135	27594	0	27840
9546	52	48	32	28111	0	28243
9547	26875	43	24	401	0	27343
9548	27093	41	35	249	0	27418
9549	312	27603	34	156	0	28105
9550	27292	209	32	124	0	27657
9551	211	27362	35	115	0	27723
9552	169	27693	40	141	0	28043
9553	26764	313	25	136	0	27238
9554	254	199	26357	129	0	26939
9555	185	65	201	25888	0	26339
9556	83	65	141	27115	0	27404
9557	69	57	41	27815	0	27982
9558	26778	68	34	451	0	27331
9559	243	27600	48	291	0	28182
9560	221	276	32	26754	0	27283
9561	82	27780	31	286	0	28179
9562	28041	291	33	246	0	28611
9563	295	221	37	28557	0	29110
9564	239	103	28	34091	0	34461
9565	96	37611	36	790	0	38533
9566	87	513	47	39414	0	40061
9567	84	456	32	39967	0	40539
9568	37690	160	32	1162	0	39044
9569	548	37391	59	769	0	38767
9570	485	38265	60	346	0	39156
9571	192	964	34	38249	0	39439
9572	146	606	36777	736	0	38265
9573	152	260	36455	649	0	37516
9574	118	170	967	36376	0	37631
9575	131	173	36028	758	0	37090
9576	118	134	646	36283	0	37181
9577	119	127	550	35514	0	36310
9578	80	121	190	37643	0	38034
9579	35804	104	133	1323	0	37364
9580	621	93	111	36432	0	37257
9581	568	130	106	35289	0	36093
9582	212	34723	103	1286	0	36324
9583	150	600	63	36893	0	37706
9584	181	620	35154	945	0	36900
9585	181	231	575	36305	0	37292
9586	156	176	490	36891	0	37713
9587	34389	179	163	1344	0	36075
9588	643	171	98	35401	0	36313
9589	588	175	120	34916	0	35799
9590	222	157	108	35820	0	36307
9591	31978	143	117	1507	0	33745
9592	634	33119	143	977	0	34873
9593	559	713	107	34025	0	35404
9594	207	670	110	34444	0	35431
9595	174	249	33136	1469	0	35028
9596	157	193	662	34012	0	35024
9597	30975	177	568	1159	0	32879
9598	622	32040	240	989	0	33891
9599	572	702	147	31000	0	32421
9600	263	651	164	32109	0	33187
9601	189	277	30985	1506	0	32957
9602	28820	172	677	1122	0	30791
9603	653	30646	634	664	0	32597
9604	30200	710	232	622	0	31764
9605	707	674	164	30675	0	32220
9606	622	307	165	31049	0	32143
9607	307	261	182	31610	0	32360
9608	296	242	168	31777	0	32483
9609	30168	258	157	1688	0	32271
9610	715	243	176	29719	0	30853
9611	593	28467	238	1342	0	30640
9612	264	607	242	29812	0	30925
9613	209	538	274	30268	0	31289
9614	28579	249	227	1706	0	30761
9615	768	28418	212	1275	0	30673
9616	697	717	141	29737	0	31292
9617	28611	664	142	1341	0	30758
9618	29092	307	155	1287	0	30841
9619	1235	246	158	29575	0	31214
9620	817	292	28362	1280	0	30751
9621	28063	280	643	1202	0	30188
9622	784	275	619	29246	0	30924
9623	745	217	28713	1343	0	31018
9624	364	198	760	29978	0	31300
9625	346	197	644	29672	0	30859
9626	380	203	263	29269	0	30115
9627	321	28927	195	1833	0	31276
9628	294	655	195	30734	0	31878
9629	280	580	165	30427	0	31452
9630	287	288	182	30748	0	31505
9631	328	283	146	30484	0	31241
9632	315	317	113	30126	0	30871
9633	345	341	134	30238	0	31058
9634	25998	261	152	1906	0	28317
9635	730	218	25556	1400	0	27904
9636	635	24835	601	977	0	27048
9637	24755	594	549	793	0	26691
9638	717	25351	248	785	0	27101
9639	25072	663	272	749	0	26756
9640	837	582	235	25028	0	26682
9641	25126	223	262	1201	0	26812
9642	916	198	223	25275	0	26612
9643	768	211	175	23412	0	24566
9644	424	23764	139	1549	0	25876
9645	24176	593	122	1253	0	26144
9646	769	560	24335	964	0	26628
9647	703	224	536	25170	0	26633
9648	402	198	24877	1295	0	26772
9649	350	231	24390	1174	0	26145
9650	24209	210	962	859	0	26240
9651	699	206	643	25040	0	26588
9652	687	190	24398	1255	0	26530
9653	403	169	24840	1195	0	26607
9654	348	164	965	24883	0	26360
9655	364	216	587	25565	0	26732
9656	25033	188	258	1480	0	26959
9657	808	159	190	25570	0	26727
9658	752	165	25236	1184	0	27337
9659	423	134	597	25525	0	26679
9660	371	224	547	24431	0	25573
9661	319	25145	263	1418	0	27145
9662	24208	492	196	1075	0	25971
9663	586	23804	224	726	0	25340
9664	18095	228	163	415	0	18901
9665	173	13883	54	158	0	14268
9666	121	13198	102	108	0	13529
9667	102	154	84	12935	0	13275
9668	61	102	129	12798	0	13090
9669	62	49	35	12839	0	12985
9670	12056	16	20	193	0	12285
9671	92	43	12058	105	0	12298
9672	82	64	82	11762	0	11990
9673	11318	17	59	119	0	11513
9674	85	11671	34	113	0	11903
9675	78	11628	27	75	0	11808
9676	64	141	38	11791	0	12034
9677	26	58	34	11763	0	11881
9678	39	22	18	11782	0	11861
9679	32	12095	36	146	0	12309
9680	42	89	22	12206	0	12359
9681	55	84	12064	109	0	12312
9682	40	43	11076	73	0	11232
9683	10783	14	86	56	0	10939
9684	71	18	47	11546	0	11682
9685	11611	11	26	75	0	11723
9686	11365	19	23	72	0	11479
9687	82	11656	25	47	0	11810
9688	11786	43	11	60	0	11900
9689	12148	51	18	55	0	12272
9690	89	16	13	12163	0	12281
9691	54	16	11	12593	0	12674
9692	32	32	12858	98	0	13020
9693	21	13271	48	78	0	13418
9694	19	47	42	12878	0	12986
9695	17	43	14	13480	0	13554
9696	13511	17	9	98	0	13635
9697	47	20	9	13537	0	13613
9698	13573	14	14	74	0	13675
9699	59	17	13	13668	0	13757
9700	55	14041	15	74	0	14185
9701	14533	61	17	81	0	14692
9702	67	61	6	16690	0	16824
9703	67	15	9	18498	0	18589
9704	30	20	12	19829	0	19891
9705	49	30	19638	369	0	20086
9706	24	19	202	19951	0	20196
9707	20310	11	157	274	0	20752
9708	218	11	29	21658	0	21916
9709	178	19	20	24656	0	24873
9710	49	24	12	24160	0	24245
9711	21	24519	32	605	0	25177
9712	22	25426	33	309	0	25790
9713	24715	559	8	82	0	25364
9714	332	25624	30	60	0	26046
9715	25474	372	17	37	0	25900
9716	25388	248	17	51	0	25704
9717	25614	49	21	60	0	25744
9718	640	32	25503	55	0	26230
9719	280	25910	364	59	0	26613
9720	25925	415	229	70	0	26639
9721	379	248	41	26172	0	26840
9722	283	54	21	26473	0	26831
9723	85	28	17	26215	0	26345
9724	52	25395	53	742	0	26242
9725	57	338	11	26132	0	26538
9726	25499	238	18	456	0	26211
9727	377	55	13	25342	0	25787
9728	276	34	16	25504	0	25830
9729	84	58	25137	679	0	25958
9730	86	118	25475	360	0	26039
9731	68	33	581	25679	0	26361
9732	56	31	295	25745	0	26127
9733	64	25880	101	673	0	26718
9734	108	393	43	26422	0	26966
9735	87	262	43	26604	0	26996
9736	70	78	38	26928	0	27114
9737	25777	73	24	750	0	26624
9738	452	116	26152	408	0	27128
9739	323	83	361	26582	0	27349
9740	26737	102	258	483	0	27580
9741	26653	100	57	358	0	27168
9742	687	100	35	26355	0	27177
9743	388	75	33	26803	0	27299
9744	25965	90	48	707	0	26810
9745	468	26006	81	407	0	26962
9746	351	26324	84	189	0	26948
9747	167	652	51	26072	0	26942
9748	26408	320	57	504	0	27289
9749	26684	115	35	422	0	27256
9750	26360	75	34	268	0	26737
9751	722	100	26616	222	0	27660
9752	24739	100	407	254	0	25500
9753	527	107	25939	242	0	26815
9754	24551	98	422	247	0	25318
9755	487	25545	320	257	0	26609
9756	358	425	25673	272	0	26728
9757	175	306	444	25299	0	26224
9758	166	165	25606	608	0	26545
9759	145	123	460	25007	0	25735
9760	24931	116	311	675	0	26033
9761	521	136	25313	519	0	26489
9762	379	118	437	24704	0	25638
9763	193	27039	339	603	0	28174
9764	206	410	141	27766	0	28523
9765	199	315	111	27609	0	28234
9766	198	126	109	27501	0	27934
9767	27154	110	91	894	0	28249
9768	27178	101	87	573	0	27939
9769	775	146	75	27419	0	28415
9770	463	139	27001	681	0	28284
9771	253	145	26832	528	0	27758
9772	226	126	651	27155	0	28158
9773	248	159	28574	636	0	29617
9774	282	135	459	28506	0	29382
9775	272	120	320	28175	0	28887
9776	270	103	132	28694	0	29199
9777	251	27596	155	865	0	28867
9778	264	28750	161	495	0	29670
9779	271	668	139	28768	0	29846
9780	230	385	133	28925	0	29673
9781	259	183	136	29228	0	29806
9782	28311	109	112	893	0	29425
9783	611	134	29020	566	0	30331
9784	450	102	506	29082	0	30140
9785	29087	101	403	637	0	30228
9786	526	29384	239	549	0	30698
9787	454	436	168	30057	0	31115
9788	236	309	187	30497	0	31229
9789	192	154	154	30230	0	30730
9790	175	97	138	30319	0	30729
9791	189	129	29445	952	0	30715
9792	27104	109	476	663	0	28352
9793	28911	114	349	431	0	29805
9794	762	123	29061	360	0	30306
9795	27931	94	502	353	0	28880
9796	28896	91	388	313	0	29688
9797	825	106	29655	361	0	30947
9798	436	30411	525	392	0	31764
9799	276	509	407	30313	0	31505
9800	253	298	31360	657	0	32568
9801	183	30566	515	626	0	31890
9802	216	341	28505	316	0	29378
9803	125	27132	371	234	0	27862
9804	147	240	268	25683	0	26338
9805	109	153	25883	320	0	26465
9806	120	128	280	24818	0	25346
9807	130	70	26273	360	0	26833
9808	71	25535	269	246	0	26121
9809	22246	47	64	71	0	22428
9810	48	22304	40	40	0	22432
9811	39	23908	26	63	0	24036
9812	149	108	63	23771	0	24091
9813	15	33	25	24115	0	24188
9814	12	29	16	23950	0	24007
9815	17	8	6	23824	0	23855
9816	16	4	9	24090	0	24119
9817	29	32	26566	69	0	26696
9818	17	9	38	25838	0	25902
9819	39	6	32	27026	0	27103
9820	27657	7	16	125	0	27805
9821	27917	12	16	69	0	28014
9822	28309	8	11	44	0	28372
9823	101	11	8	28563	0	28683
9824	32136	11	10	133	0	32290
9825	34548	6	9	132	0	34695
9826	35277	11	17	51	0	35356
9827	290	28	35799	27	0	36144
9828	34425	19	149	47	0	34640
9829	36205	12	122	63	0	36402
9830	36625	16	24	40	0	36705
9831	290	10	12	36670	0	36982
9832	181	36	37313	179	0	37709
9833	48	15	156	36790	0	37009
9834	38577	11	141	236	0	38965
9835	190	13	19	39269	0	39491
9836	147	42254	33	186	0	42620
9837	46	157	16	43372	0	43591
9838	43511	127	16	229	0	43883
9839	43821	18	22	212	0	44073
9840	43298	16	13	58	0	43385
9841	387	52	45807	31	0	46277
9842	200	9	199	44578	0	44986
9843	58	12	175	46778	0	47023
9844	67	52	47654	390	0	48163
9845	35	46894	232	246	0	47407
9846	124	294	47100	62	0	47580
9847	62	160	216	46536	0	46974
9848	47443	22	177	224	0	47866
9849	280	56	49712	210	0	50258
9850	215	14	231	49108	0	49568
9851	99	91	50043	281	0	50514
9852	47651	14	249	227	0	48141
9853	270	12	185	50560	0	51027
9854	252	55	53327	281	0	53915
9855	97	19	285	52667	0	53068
9856	105	99	54511	314	0	55029
9857	72	55369	282	346	0	56069
9858	82	237	202	55580	0	56101
9859	56376	187	104	347	0	57014
9860	314	56	64	56697	0	57131
9861	261	24	70	56087	0	56442
9862	55946	27	50	491	0	56514
9863	307	54198	74	299	0	54878
9864	264	55634	70	148	0	56116
9865	117	449	57	55353	0	55976
9866	83	56369	76	328	0	56856
9867	86	260	51	56645	0	57042
9868	82	198	49	56674	0	57003
9869	56717	45	40	526	0	57328
9870	311	56981	89	428	0	57809
9871	346	324	56480	162	0	57312
9872	116	58635	282	124	0	59157
9873	57798	266	216	131	0	58411
9874	58827	218	75	115	0	59235
9875	536	52	76	58283	0	58947
9876	59683	59	65	370	0	60177
9877	377	53	76	59477	0	59983
9878	60035	44	60	440	0	60579
9879	60597	42	78	378	0	61095
9880	617	61	68	63217	0	63963
9881	64397	31	86	465	0	64979
9882	519	103	64424	311	0	65357
9883	62089	50	342	191	0	62672
9884	422	51	306	64796	0	65575
9885	65820	47	84	426	0	66377
9886	423	68079	137	365	0	69004
9887	380	315	85	67724	0	68504
9888	209	232	86	68186	0	68713
9889	67642	66	133	620	0	68461
9890	490	212	68749	374	0	69825
9891	364	68608	400	270	0	69642
9892	214	333	315	68630	0	69492
9893	172	70590	135	453	0	71350
9894	196	322	111	71161	0	71790
9895	192	288	77	70229	0	70786
9896	192	80	96	71192	0	71560
9897	70340	106	81	690	0	71217
9898	416	102	90	69693	0	70301
9899	70547	121	88	528	0	71284
9900	69946	94	102	467	0	70609
9901	636	88	99	70604	0	71427
9902	70794	72	121	517	0	71504
9903	69062	77	119	453	0	69711
9904	697	161	71212	213	0	72283
9905	411	167	384	68853	0	69815
9906	71800	88	336	472	0	72696
9907	432	72399	157	413	0	73401
9908	73117	357	131	269	0	73874
9909	72766	270	108	252	0	73396
9910	686	143	72623	212	0	73664
9911	400	83	415	68168	0	69066
9912	78099	81	333	721	0	79234
9913	502	74	130	80488	0	81194
9914	488	101	98	82748	0	83435
9915	208	76	92	83578	0	83954
9916	219	57	107	87937	0	88320
9917	86746	67	99	1035	0	87947
9918	769	152	88921	609	0	90451
9919	604	210	619	90924	0	92357
9920	274	185	99581	815	0	100855
9921	264	201	101415	659	0	102539
9922	98334	89	1925	382	0	100730
9923	1431	139	109103	281	0	110954
9924	934	105576	1342	238	0	108090
9925	105867	1203	1201	248	0	108519
9926	106420	862	206	202	0	107690
9927	2094	182	112	103036	0	105424
9928	1141	211	107462	1140	0	109954
9929	340	164	106748	892	0	108144
9930	106724	76	2070	310	0	109180
9931	1364	91	1084	112307	0	114846
9932	112421	61	312	1372	0	114166
9933	1411	116732	273	1146	0	119562
9934	116640	1307	144	353	0	118444
9935	114701	977	134	233	0	116045
9936	2263	114916	185	388	0	117752
9937	1219	1337	132	115297	0	117985
9938	114430	972	150	1455	0	117007
9939	1600	259	115834	1114	0	118807
9940	1149	116605	1577	420	0	119751
9941	422	1368	1131	113754	0	116675
9942	114540	1018	375	1473	0	117406
9943	1517	116256	279	1401	0	119453
9944	117434	1438	200	397	0	119469
9945	1826	1449	115952	231	0	119458
9946	112973	293	1506	280	0	115052
9947	1878	248	117823	222	0	120171
9948	113184	173	1770	265	0	115392
9949	113164	121	1304	325	0	114914
9950	2710	222	113951	293	0	117176
9951	1434	114113	1623	458	0	117628
9952	623	1460	1227	112000	0	115310
9953	580	1255	114900	1650	0	118385
9954	474	112862	1617	1340	0	116293
9955	505	1523	1289	110666	0	113983
9956	589	1168	560	112975	0	115292
9957	559	418	111674	2575	0	115226
9958	633	220	1745	107445	0	110043
9959	590	389	1484	111251	0	113714
9960	604	392	111047	2670	0	114713
9961	634	301	1816	104726	0	107477
9962	582	110587	1597	1757	0	114523
9963	111521	1618	696	1414	0	115249
9964	1937	1324	697	108492	0	112450
9965	1641	113215	875	1768	0	117499
9966	1083	1686	724	104190	0	107683
9967	966	115843	803	1779	0	119391
9968	1189	1934	114389	1314	0	118826
9969	825	116273	2057	740	0	119895
9970	114375	1929	1635	602	0	118541
9971	114191	1426	884	631	0	117132
9972	115047	637	744	746	0	117174
9973	3304	592	117159	696	0	121751
9974	2223	604	115692	698	0	119217
9975	1145	120477	3171	769	0	125562
9976	1239	2052	1920	110523	0	115734
9977	1045	123550	994	1872	0	127461
9978	1371	2462	799	105810	0	110442
9979	1106	122844	816	1976	0	126742
9980	122139	2341	775	1558	0	126813
9981	129355	1886	839	773	0	132853
9982	4058	885	727	133523	0	139193
9983	2699	731	133944	2676	0	140050
9984	126153	812	2823	2112	0	131900
9985	2994	135075	2371	1151	0	141591
9986	2620	2645	1136	131505	0	137906
9987	1613	2227	925	126142	0	130907
9988	1310	135992	993	3836	0	142131
9989	135668	2856	1003	2274	0	141801
9990	3509	2371	134782	915	0	141577
9991	2854	1157	2888	134055	0	140954
9992	134533	921	2359	2806	0	140619
9993	131819	940	1201	2385	0	136345
9994	4628	135121	1094	1279	0	142122
9995	2863	3014	1113	128237	0	135227
9996	1355	137317	1083	2966	0	142721
9997	138859	3108	1046	2576	0	145589
9998	3228	2551	139445	1271	0	146495
9999	2703	1546	139401	1066	0	144716
10000	1504	1069	4262	135351	0	142186
10001	1269	1040	2742	132495	0	137546
10002	1188	139166	1499	4382	0	146235
10003	1161	2984	1112	139635	0	144892
10004	1336	2457	138145	3362	0	145300
10005	132742	1250	3083	2662	0	139737
10006	3005	1153	2403	138469	0	145030
10007	2584	1306	137383	3206	0	144479
10008	1553	1073	2907	136825	0	142358
10009	1126	1132	2630	130810	0	135698
10010	999	137188	1380	4522	0	144089
10011	1144	3039	967	136309	0	141459
10012	1022	2453	1107	131184	0	135766
10013	1097	1384	1020	131019	0	134520
10014	122441	926	907	4815	0	129089
10015	2901	122882	1058	3008	0	129849
10016	2411	121031	956	1514	0	125912
10017	115623	3577	866	1185	0	121251
10018	108850	2107	882	1101	0	112940
10019	3410	110069	942	1016	0	115437
10020	1602	102766	614	784	0	105766
10021	92973	2441	398	556	0	96368
10022	1554	94304	365	590	0	96813
10023	1224	94293	350	589	0	96456
10024	91260	2311	664	551	0	94786
10025	1496	93319	329	521	0	95665
10026	92153	1702	321	530	0	94706
10027	90941	1299	350	493	0	93083
10028	89474	691	355	497	0	91017
10029	2403	91026	358	609	0	94396
10030	1451	90001	331	570	0	92353
10031	799	2474	251	84953	0	88477
10032	615	90114	357	1428	0	92514
10033	703	1748	286	89000	0	91737
10034	89933	1391	296	1715	0	93335
10035	1632	820	293	87668	0	90413
10036	1356	88360	405	1796	0	91917
10037	85517	1570	333	1375	0	88795
10038	1569	87261	353	828	0	90011
10039	1409	87998	291	728	0	90426
10040	840	2714	258	81801	0	85613
10041	568	86929	336	1492	0	89325
10042	85186	1724	383	1258	0	88551
10043	1598	1485	84380	655	0	88118
10044	1257	84127	1396	709	0	87489
10045	750	1517	1111	84038	0	87416
10046	694	1472	84739	1663	0	88568
10047	676	800	1342	82545	0	85363
10048	642	637	1205	84452	0	86936
10049	646	652	541	85738	0	87577
10050	638	646	432	85492	0	87208
10051	709	707	83909	2714	0	88039
10052	501	83241	1523	1917	0	87182
10053	82328	1522	1229	1182	0	86261
10054	1512	1424	81943	1024	0	85903
10055	80010	757	1392	1010	0	83169
10056	1687	704	83174	936	0	86501
10057	1384	679	1567	81663	0	85293
10058	950	696	83288	1724	0	86658
10059	825	732	84326	1477	0	87360
10060	687	702	2267	82319	0	85975
10061	685	667	1444	81786	0	84582
10062	658	717	655	85415	0	87445
10063	641	709	542	84651	0	86543
10064	82693	704	622	2755	0	86774
10065	1605	724	82890	1897	0	87116
10066	81693	652	1368	1306	0	85019
10067	82380	677	1153	1060	0	85270
10068	82553	713	501	1046	0	84813
10069	82244	757	392	940	0	84333
10070	82624	748	356	835	0	84563
10071	2942	653	331	80547	0	84473
10072	1921	757	78871	1665	0	83214
10073	1064	727	75762	1426	0	78979
10074	942	76530	1941	826	0	80239
10075	71770	1469	1183	760	0	75182
10076	1410	1473	554	69851	0	73288
10077	1189	1123	358	67886	0	70556
10078	699	70099	339	1985	0	73122
10079	628	69737	327	1369	0	72061
10080	668	68730	286	682	0	70366
10081	57988	1783	345	491	0	60607
10082	624	1363	175	51379	0	53541
10083	606	51639	196	667	0	53108
10084	313	627	93	51558	0	52591
10085	304	646	51051	614	0	52615
10086	370	298	53088	540	0	54296
10087	383	223	793	56002	0	57401
10088	58858	267	462	717	0	60304
10089	61779	285	125	616	0	62805
10090	62040	257	142	282	0	62721
10091	1481	323	62221	283	0	64308
10092	819	395	802	60515	0	62531
10093	350	289	634	63752	0	65025
10094	360	376	61952	1380	0	64068
10095	56984	334	844	882	0	59044
10096	1048	352	62189	434	0	64023
10097	677	262	58355	267	0	59561
10098	309	225	59727	265	0	60526
10099	298	174	1265	56025	0	57762
10100	221	142	701	57656	0	58720
10101	225	167	59754	1265	0	61411
10102	198	117	822	59150	0	60287
10103	59980	76	723	988	0	61767
10104	766	107	297	61606	0	62776
10105	660	108	62887	1044	0	64699
10106	273	155	66326	831	0	67585
10107	262	140	1318	64246	0	65966
10108	69112	109	799	930	0	70950
10109	951	74198	403	911	0	76463
10110	75709	950	293	329	0	77281
10111	76185	739	360	283	0	77567
10112	1927	189	78293	302	0	80711
10113	1113	93	1237	76809	0	79252
10114	78587	91	1127	1321	0	81126
10115	75670	84	468	1132	0	77354
10116	1785	78157	459	561	0	80962
10117	1031	949	373	77515	0	79868
10118	423	761	319	79798	0	81301
10119	368	216	78829	2023	0	81436
10120	398	194	1241	76161	0	77994
10121	432	152	79444	1356	0	81384
10122	509	146	78520	1098	0	80273
10123	491	88	1902	74699	0	77180
10124	75120	72	1118	1240	0	77550
10125	1285	74537	496	1151	0	77469
10126	74206	1005	364	439	0	76014
10127	73560	803	368	438	0	75169
10128	1883	74333	446	464	0	77126
10129	1076	997	372	69595	0	72040
10130	70384	830	295	1093	0	72602
10131	1243	71338	338	910	0	73829
10132	68860	1014	269	404	0	70547
10133	1181	68383	290	349	0	70203
10134	892	884	266	64275	0	66317
10135	448	718	222	66157	0	67545
10136	64821	202	215	1550	0	66788
10137	62760	195	223	871	0	64049
10138	1499	65312	270	575	0	67656
10139	862	870	64271	446	0	66449
10140	393	667	63935	428	0	65423
10141	384	304	1563	59252	0	61503
10142	300	64654	1003	969	0	66926
10143	379	828	494	65039	0	66740
10144	351	645	411	64609	0	66016
10145	386	208	397	65483	0	66474
10146	394	249	64686	1629	0	66958
10147	450	243	64380	1025	0	66098
10148	420	65486	1565	509	0	67980
10149	477	960	898	63911	0	66246
10150	499	732	385	66987	0	68603
10151	508	330	66350	1621	0	68809
10152	57044	342	1178	1084	0	59648
10153	1237	249	897	66166	0	68549
10154	991	305	66627	1171	0	69094
10155	60015	269	1165	1129	0	62578
10156	1151	66144	983	730	0	69008
10157	1141	972	67961	543	0	70617
10158	579	933	1189	66727	0	69428
10159	66900	371	1006	1248	0	69525
10160	1146	310	68441	1092	0	70989
10161	907	277	1306	67141	0	69631
10162	441	244	1048	67988	0	69721
10163	465	284	547	72572	0	73868
10164	72234	274	469	1977	0	74954
10165	1198	70694	487	1441	0	73820
10166	1004	1034	459	70803	0	73300
10167	527	909	72126	1491	0	75053
10168	528	364	1333	67505	0	69730
10169	482	70570	1102	1426	0	73580
10170	476	73646	559	1185	0	75866
10171	72045	1765	384	691	0	74885
10172	72539	968	440	624	0	74571
10173	2054	458	72451	587	0	75550
10174	69180	376	1289	582	0	71427
10175	1435	72251	1096	633	0	75415
10176	72905	1214	445	576	0	75140
10177	1499	1034	396	72282	0	75211
10178	1290	525	73549	1395	0	76759
10179	748	424	1269	72747	0	75188
10180	637	452	73983	1634	0	76706
10181	69585	350	1453	1272	0	72660
10182	1362	351	1133	71915	0	74761
10183	1059	75437	526	1533	0	78555
10184	521	1297	397	76358	0	78573
10185	628	1076	75645	1652	0	79001
10186	479	73670	1300	1373	0	76822
10187	67850	1150	966	662	0	70628
10188	978	67561	497	550	0	69586
10189	658	64846	416	467	0	66387
10190	367	1451	307	61719	0	63844
10191	299	64055	301	986	0	65641
10192	362	1066	296	64104	0	65828
10193	400	805	63766	966	0	65937
10194	56282	308	862	818	0	58270
10195	61125	283	656	346	0	62410
10196	1378	354	61566	317	0	63615
10197	57869	231	826	331	0	59257
10198	936	60699	703	350	0	62688
10199	61261	819	304	308	0	62692
10200	947	688	376	59921	0	61932
10201	726	320	60757	928	0	62731
10202	293	61673	846	798	0	63610
10203	418	871	738	59338	0	61365
10204	294	636	220	60943	0	62093
10205	57793	239	214	1277	0	59523
10206	53868	202	215	762	0	55047
10207	1121	54841	269	336	0	56567
10208	451	49714	199	236	0	50600
10209	151	47233	158	148	0	47690
10210	415	773	366	44895	0	46449
10211	44395	245	199	369	0	45208
10212	42960	87	57	258	0	43362
10213	506	72	49	42822	0	43449
10214	288	71	73	42885	0	43317
10215	42596	100	63	528	0	43287
10216	360	72	72	43754	0	44258
10217	280	131	44732	378	0	45521
10218	43268	88	335	324	0	44015
10219	44693	86	219	170	0	45168
10220	549	115	46350	133	0	47147
10221	46474	102	309	160	0	47045
10222	418	117	215	48277	0	49027
10223	275	106	97	48388	0	48866
10224	128	104	74	49050	0	49356
10225	47827	102	86	572	0	48587
10226	352	50166	119	358	0	50995
10227	297	376	79	49572	0	50324
10228	176	49561	120	415	0	50272
10229	49120	373	99	324	0	49916
10230	428	269	111	49642	0	50450
10231	353	139	89	50505	0	51086
10232	202	51085	114	633	0	52034
10233	249	485	50121	357	0	51212
10234	181	330	394	50538	0	51443
10235	50960	125	279	489	0	51853
10236	56365	137	138	403	0	57043
10237	959	140	59784	205	0	61088
10238	543	131	726	58489	0	59889
10239	198	62147	557	820	0	63722
10240	214	798	140	63198	0	64350
10241	62744	532	141	909	0	64326
10242	63012	206	117	636	0	63971
10243	1292	151	104	61623	0	63170
10244	628	62055	143	941	0	63767
10245	65301	848	89	618	0	66856
10246	881	576	110	67344	0	68911
10247	67544	221	94	985	0	68844
10248	70751	159	77	781	0	71768
10249	1446	161	89	70998	0	72694
10250	756	148	98	70985	0	71987
10251	317	140	105	72378	0	72940
10252	192	72356	147	1578	0	74273
10253	258	891	98	72932	0	74179
10254	270	635	99	72977	0	73981
10255	386	227	70748	1503	0	72864
10256	269	219	69511	831	0	70830
10257	259	151	1368	68763	0	70541
10258	67972	128	655	1068	0	69823
10259	891	68926	232	932	0	70981
10260	67595	881	155	347	0	68978
10261	1154	676	68521	305	0	70656
10262	823	245	66937	309	0	68314
10263	240	66886	1332	323	0	68781
10264	404	771	808	66077	0	68060
10265	294	600	66544	818	0	68256
10266	238	220	68495	692	0	69645
10267	244	131	1169	67603	0	69147
10268	68011	80	600	862	0	69553
10269	67848	90	176	663	0	68777
10270	1213	83	111	67527	0	68934
10271	696	155	73997	871	0	75719
10272	325	132	722	74805	0	75984
10273	241	125	527	72532	0	73425
10274	162	75710	254	1229	0	77355
10275	75189	692	171	683	0	76735
10276	74643	527	124	364	0	75658
10277	1193	76437	166	358	0	78154
10278	721	786	125	71533	0	73165
10279	230	75601	221	915	0	76967
10280	75093	757	229	656	0	76735
10281	911	623	74349	314	0	76197
10282	696	260	72160	272	0	73388
10283	291	217	72099	257	0	72864
10284	245	123	1311	70257	0	71936
10285	196	114	654	71500	0	72464
10286	70942	106	250	1249	0	72547
10287	775	137	168	70848	0	71928
10288	661	122	156	72814	0	73753
10289	343	197	77613	1274	0	79427
10290	258	173	75814	758	0	77003
10291	73327	112	1216	489	0	75144
10292	775	77719	647	450	0	79591
10293	78646	709	200	370	0	79925
10294	928	508	194	78485	0	80115
10295	719	159	194	77502	0	78574
10296	275	78290	256	1287	0	80108
10297	257	789	165	78805	0	80016
10298	77646	545	225	1013	0	79429
10299	846	224	209	78249	0	79528
10300	751	294	78444	987	0	80476
10301	306	77570	837	868	0	79581
10302	76452	752	605	420	0	78229
10303	77553	569	305	434	0	78861
10304	77565	262	228	431	0	78486
10305	78057	237	199	423	0	78916
10306	1448	163	215	77108	0	78934
10307	878	183	226	78269	0	79556
10308	504	191	78233	1424	0	80352
10309	378	165	842	77739	0	79124
10310	428	270	78168	1121	0	79987
10311	367	242	806	77703	0	79118
10312	77172	160	600	1216	0	79148
10313	908	80970	336	952	0	83166
10314	728	771	277	80942	0	82718
10315	347	594	266	83296	0	84503
10316	81777	236	307	1478	0	83798
10317	78937	202	262	966	0	80367
10318	1392	297	80668	527	0	82884
10319	779	81268	919	615	0	83581
10320	397	796	673	79760	0	81626
10321	345	617	355	80523	0	81840
10322	79347	276	365	1437	0	81425
10323	78495	178	384	933	0	79990
10324	1483	334	80219	458	0	82494
10325	883	368	80480	435	0	82166
10326	440	198	1398	78075	0	80111
10327	335	188	842	80248	0	81613
10328	394	228	79707	1410	0	81739
10329	75264	226	919	966	0	77375
10330	1048	169	730	79779	0	81726
10331	78898	120	378	1001	0	80397
10332	886	78287	347	1174	0	80694
10333	80950	730	277	598	0	82555
10334	1217	712	89857	455	0	92241
10335	831	89245	979	544	0	91599
10336	262	86309	611	283	0	87465
10337	81692	882	719	280	0	83573
10338	79701	394	195	174	0	80464
10339	844	152	68	78572	0	79636
10340	436	79532	163	530	0	80661
10341	146	81383	180	492	0	82201
10342	134	828	88	81136	0	82186
10343	82146	392	91	593	0	83222
10344	81774	109	108	530	0	82521
10345	853	156	79182	132	0	80323
10346	73719	62	395	159	0	74335
10347	434	80737	403	152	0	81726
10348	81830	447	83	140	0	82500
10349	600	98783	143	190	0	99716
10350	456	105731	116	244	0	106547
10351	656	2175	68	113898	0	116797
10352	121549	967	116	1947	0	124579
10353	123978	237	76	1152	0	125443
10354	3186	228	122557	350	0	126321
10355	1532	105	1949	121875	0	125461
10356	123132	71	1161	2165	0	126529
10357	2198	67	338	124861	0	127464
10358	125533	78	150	2320	0	128081
10359	125360	95	132	1366	0	126953
10360	3317	191	126571	482	0	130561
10361	1645	96	1979	122999	0	126719
10362	587	105	1182	126262	0	128136
10363	406	111	339	127384	0	128240
10364	379	182	123768	3450	0	127779
10365	301	189	2058	122735	0	125283
10366	328	225	1234	117071	0	118858
10367	190	121210	533	3313	0	125246
10368	498	2160	119844	1606	0	124108
10369	185	123059	2160	695	0	126099
10370	121438	2310	1199	385	0	125332
10371	2294	1365	353	114273	0	118285
10372	1544	553	199	109580	0	111876
10373	563	115491	357	3108	0	119519
10374	114851	2089	192	1646	0	118778
10375	115491	1223	162	690	0	117566
10376	47951	70153	231	588	0	118923
10377	2435	116308	263	601	0	119607
10378	116046	2706	171	375	0	119298
10379	2653	1525	115166	331	0	119675
10380	1670	605	115318	398	0	117991
10381	109512	313	3261	436	0	113522
10382	2169	114788	1667	560	0	119184
10383	115474	2188	635	493	0	118790
10384	2560	1451	116597	570	0	121178
10385	113223	571	2257	668	0	116719
10386	2566	120373	1497	592	0	125028
10387	1753	2255	608	120177	0	124793
10388	942	1418	410	121227	0	123997
10389	772	541	361	116426	0	118100
10390	778	328	312	117314	0	118732
10391	646	359	324	112604	0	113933
10392	652	114679	375	3981	0	119687
10393	114720	2168	299	2057	0	119244
10394	2710	1462	114226	985	0	119383
10395	1871	579	2224	114899	0	119573
10396	1042	553	116470	2652	0	120717
10397	784	442	2618	115076	0	118920
10398	677	368	1720	116728	0	119493
10399	114420	383	836	3923	0	119562
10400	2642	506	114075	2243	0	119466
10401	1751	113941	2515	1146	0	119353
10402	977	2372	1685	113112	0	118146
10403	825	1648	739	116507	0	119719
10404	946	928	115512	3637	0	121023
10405	844	669	2373	114651	0	118537
10406	861	614	1523	117737	0	120735
10407	112195	527	647	4073	0	117442
10408	2476	115395	558	2423	0	120852
10409	115731	2522	403	1366	0	120022
10410	116844	1740	381	1078	0	120043
10411	3911	957	395	114591	0	119854
10412	2472	764	114642	2626	0	120504
10413	1321	822	115121	1836	0	119100
10414	1087	607	3684	111699	0	117077
10415	1139	630	2087	107716	0	111572
10416	892	113113	1169	3781	0	118955
10417	111965	2404	787	2194	0	117350
10418	2835	111740	870	1305	0	116750
10419	2089	113506	710	1265	0	117570
10420	112008	3598	619	1091	0	117316
10421	2931	1934	559	109539	0	114963
10422	2135	115927	635	3112	0	121809
10423	1226	2539	611	117550	0	121926
10424	854	1731	114388	3658	0	120631
10425	885	823	114407	2663	0	118778
10426	885	627	3611	113662	0	118785
10427	838	653	116105	3337	0	120933
10428	837	554	2990	114413	0	118794
10429	844	557	1911	115053	0	118365
10430	733	559	1140	117911	0	120343
10431	113001	570	848	4493	0	118912
10432	2428	112247	1014	2829	0	118518
10433	1681	113320	817	1628	0	117446
10434	103010	3292	625	1281	0	108208
10435	104154	1869	527	1188	0	107738
10436	3559	951	486	101901	0	106897
10437	2043	996	102747	2741	0	108527
10438	1119	757	2242	102791	0	106909
10439	931	806	104163	3120	0	109020
10440	786	103432	2582	2200	0	109000
10441	858	2365	1588	103474	0	108285
10442	103856	1547	884	2757	0	109044
10443	2685	966	699	104289	0	108639
10444	1896	746	102738	2699	0	108079
10445	96636	615	2647	1955	0	101853
10446	2811	641	103665	1158	0	108275
10447	2000	502	101346	977	0	104825
10448	801	96748	3330	1049	0	101928
10449	457	80026	1350	703	0	82536
10450	519	75620	940	565	0	77644
10451	60562	1408	2148	1015	0	65133
10452	56064	230	348	313	0	56955
10453	360	67	52	56976	0	57455
10454	208	64	48	57796	0	58116
10455	91	58	48	58691	0	58888
10456	72	59448	118	463	0	60101
10457	59219	200	51	329	0	59799
10458	206	59698	112	154	0	60170
10459	194	237	67	59639	0	60137
10460	58999	191	68	329	0	59587
10461	255	78	68	59039	0	59440
10462	194	67	64	60371	0	60696
10463	60519	63	70	468	0	61120
10464	58403	67	97	337	0	58904
10465	448	127	60004	138	0	60717
10466	319	156	59179	123	0	59777
10467	160	138	62391	143	0	62832
10468	90	81	456	61382	0	62009
10469	102	86	226	63181	0	63595
10470	76	64212	141	500	0	64929
10471	65761	284	69	365	0	66479
10472	320	240	54	67032	0	67646
10473	282	82	58	68255	0	68677
10474	101	69445	96	634	0	70276
10475	95	74208	105	417	0	74825
10476	140	591	58	76308	0	77097
10477	121	350	64	85880	0	86415
10478	86536	96	74	1155	0	87861
10479	85753	90	66	617	0	86526
10480	1187	86	64	86281	0	87618
10481	635	165	86489	924	0	88213
10482	251	169	84390	620	0	85430
10483	192	75	1189	85069	0	86525
10484	163	84	541	83928	0	84716
10485	112	84679	235	1341	0	86367
10486	81841	740	119	677	0	83377
10487	782	503	109	82034	0	83428
10488	600	229	81965	931	0	83725
10489	185	144	780	82905	0	84014
10490	235	169	83526	978	0	84908
10491	271	206	84291	636	0	85404
10492	187	342	1272	84792	0	86593
10493	84986	153	625	964	0	86728
10494	834	157	85307	674	0	86972
10495	573	70	810	83080	0	84533
10496	250	193	92050	975	0	93468
10497	197	85	800	90643	0	91725
10498	181	66	529	92345	0	93121
10499	249	158	91999	1416	0	93822
10500	268	180	89614	711	0	90773
10501	207	78	1299	83580	0	85164
10502	193	78	633	91702	0	92606
10503	160	143	229	92635	0	93167
10504	136	84	190	92152	0	92562
10505	90795	64	203	1449	0	92511
10506	90438	96	176	838	0	91548
10507	1246	91410	248	381	0	93285
10508	91866	785	173	412	0	93236
10509	913	548	201	92231	0	93893
10510	93474	127	227	1053	0	94881
10511	1001	194	92827	789	0	94811
10512	91373	105	1014	415	0	92907
10513	997	104	721	93621	0	95443
10514	701	87	266	97934	0	98988
10515	96848	86	254	1637	0	98825
10516	1021	108	228	103959	0	105316
10517	811	205	108038	1497	0	110551
10518	103193	127	1303	1193	0	105816
10519	1259	109685	999	666	0	112609
10520	948	1159	294	114723	0	117124
10521	450	914	122428	1661	0	125453
10522	295	199	1522	119843	0	121859
10523	359	356	121380	1894	0	123989
10524	297	188	1630	120307	0	122422
10525	265	122497	1298	1963	0	126023
10526	379	1469	367	122139	0	124354
10527	338	128400	370	1920	0	131028
10528	419	1829	335	123993	0	126576
10529	451	1214	323	133090	0	135078
10530	430	293	364	134289	0	135376
10531	516	175	334	134241	0	135266
10532	519	148	342	135089	0	136098
10533	498	267	131155	3659	0	135579
10534	401	236	2077	130743	0	133457
10535	360	144	1630	131933	0	134067
10536	130757	188	662	3546	0	135153
10537	1858	131245	567	2300	0	135970
10538	131896	1940	385	1067	0	135288
10539	2275	1460	413	131496	0	135644
10540	1736	466	131402	2627	0	136231
10541	480	131828	2287	2255	0	136850
10542	127575	1928	1770	1059	0	132332
10543	1950	131388	793	1080	0	135211
10544	1389	133856	694	1109	0	137048
10545	130491	3063	569	975	0	135098
10546	2171	1670	435	139629	0	143905
10547	140017	403	492	2992	0	143904
10548	2555	318	492	138450	0	141815
10549	1830	391	137495	3260	0	142976
10550	665	344	136042	2513	0	139564
10551	127693	256	3859	1446	0	133254
10552	135565	276	2108	1149	0	139098
10553	3838	383	716	132748	0	137685
10554	2094	346	544	134596	0	137580
10555	129106	336	433	4492	0	134367
10556	2428	128953	589	2865	0	134835
10557	1875	132255	576	1415	0	136121
10558	130410	3565	460	1078	0	135513
10559	129848	1880	453	991	0	133172
10560	3926	129818	573	962	0	135279
10561	2194	2485	411	129193	0	134283
10562	1010	1901	128322	2901	0	134134
10563	870	672	128111	2291	0	131944
10564	121606	432	4010	1207	0	127255
10565	2844	562	128690	1118	0	133214
10566	2154	463	2583	121853	0	127053
10567	951	510	1820	119365	0	122646
10568	719	123543	783	4123	0	129168
10569	121326	2372	580	2369	0	126647
10570	2867	1791	584	121836	0	127078
10571	2287	757	119594	3013	0	125651
10572	908	119089	2509	2651	0	125157
10573	805	2742	1784	117320	0	122651
10574	875	1821	117147	2857	0	122700
10575	967	741	113581	2337	0	117626
10576	685	110855	3643	1360	0	116543
10577	98430	2022	1724	914	0	103090
10578	1914	101752	673	938	0	105277
10579	100881	2043	522	857	0	104303
10580	2162	1610	99215	907	0	103894
10581	94852	624	1932	913	0	98321
10582	2084	98801	1707	993	0	103585
10583	1603	1927	649	98095	0	102274
10584	719	1497	556	101265	0	104037
10585	99679	579	571	3436	0	104265
10586	2077	632	99600	2081	0	104390
10587	97469	541	2012	1132	0	101154
10588	99674	562	1565	996	0	102797
10589	3251	613	97176	990	0	102030
10590	1803	667	98597	950	0	102017
10591	817	664	3081	94857	0	99419
10592	96480	559	1711	2463	0	101213
10593	96341	577	737	2000	0	99655
10594	3073	97491	716	1209	0	102489
10595	1953	2046	554	97824	0	102377
10596	917	1552	583	93453	0	96505
10597	943	698	589	95205	0	97435
10598	918	622	570	96668	0	98778
10599	94227	605	596	3552	0	98980
10600	2423	629	584	96489	0	100125
10601	2049	658	94490	2452	0	99649
10602	1117	672	94078	1862	0	97729
10603	88756	589	3209	960	0	93514
10604	2477	92404	1881	850	0	97612
10605	2007	95573	908	804	0	99292
10606	1220	3302	722	93730	0	98974
10607	985	1785	654	95859	0	99283
10608	1022	720	675	95578	0	97995
10609	971	606	629	96786	0	98992
10610	1046	703	93323	3512	0	98584
10611	1093	560	2045	92359	0	96057
10612	1056	568	1687	92528	0	95839
10613	958	580	89308	3409	0	94255
10614	80899	509	2267	2091	0	85766
10615	2256	86268	1819	1529	0	91872
10616	79140	1529	851	970	0	82490
10617	1984	1162	76455	795	0	80396
10618	1555	463	74351	700	0	77069
10619	720	72952	2526	682	0	76880
10620	64754	2333	4378	1281	0	72746
10621	60943	936	650	557	0	63086
10622	60503	392	335	451	0	61681
10623	1896	58958	431	545	0	61830
10624	56376	1086	324	422	0	58208
10625	1300	779	56549	452	0	59080
10626	811	55642	1105	561	0	58119
10627	52060	872	744	383	0	54059
10628	967	53347	374	396	0	55084
10629	51011	817	313	278	0	52419
10630	49938	568	259	299	0	51064
10631	1445	215	50725	280	0	52665
10632	675	50483	996	318	0	52472
10633	49341	788	680	328	0	51137
10634	940	578	49600	271	0	51389
10635	655	49735	870	341	0	51601
10636	357	782	617	48101	0	49857
10637	264	518	47873	779	0	49434
10638	243	236	46821	583	0	47883
10639	245	155	1052	46474	0	47926
10640	45993	97	570	802	0	47462
10641	754	46769	219	740	0	48482
10642	573	662	46214	217	0	47666
10643	335	469	45409	175	0	46388
10644	41439	140	1007	173	0	42759
10645	678	46353	513	159	0	47703
10646	38022	255	160	75	0	38512
10647	268	38700	73	146	0	39187
10648	40408	264	110	90	0	40872
10649	39392	164	50	77	0	39683
10650	427	39481	90	91	0	40089
10651	206	353	68	39788	0	40415
10652	42044	201	100	337	0	42682
10653	325	66	74	42779	0	43244
10654	236	66	74	45301	0	45677
10655	45458	48	74	574	0	46154
10656	380	45689	109	315	0	46493
10657	46325	385	72	118	0	46900
10658	456	308	46614	101	0	47479
10659	294	68	428	46500	0	47290
10660	109	70	275	47324	0	47778
10661	47487	71	88	635	0	48281
10662	47224	76	81	329	0	47710
10663	645	67	63	47387	0	48162
10664	345	146	48678	452	0	49621
10665	152	63	402	48061	0	48678
10666	142	84	265	48786	0	49277
10667	134	74	81	49282	0	49571
10668	150	69	68	49225	0	49512
10669	48358	74	77	671	0	49180
10670	498	108	48727	378	0	49711
10671	346	49492	436	183	0	50457
10672	159	452	269	48633	0	49513
10673	166	289	70	50401	0	50926
10674	185	136	50490	680	0	51491
10675	153	146	49830	384	0	50513
10676	155	68	646	50232	0	51101
10677	148	63	322	50758	0	51291
10678	193	180	50076	805	0	51254
10679	162	92	480	49554	0	50288
10680	50091	74	373	606	0	51144
10681	519	52907	171	579	0	54176
10682	460	501	52630	284	0	53875
10683	157	53336	549	218	0	54260
10684	183	503	356	53108	0	54150
10685	230	394	54279	594	0	55497
10686	152	54177	576	570	0	55475
10687	147	458	392	54319	0	55316
10688	213	410	55644	562	0	56829
10689	163	122	528	54391	0	55204
10690	145	120	396	55489	0	56150
10691	55497	77	151	902	0	56627
10692	568	96	115	55590	0	56369
10693	55996	87	127	655	0	56865
10694	53422	103	162	496	0	54183
10695	53863	94	154	330	0	54441
10696	958	146	132	53633	0	54869
10697	463	119	53524	618	0	54724
10698	196	152	51923	490	0	52761
10699	50513	94	832	282	0	51721
10700	607	132	53135	201	0	54075
10701	49250	125	599	222	0	50196
10702	531	52852	506	244	0	54133
10703	52832	467	130	265	0	53694
10704	607	396	53865	198	0	55066
10705	474	172	55763	167	0	56576
10706	182	121	865	55748	0	56916
10707	184	117	60213	709	0	61223
10708	191	114	61233	543	0	62081
10709	166	111	1048	62973	0	64298
10710	195	79	540	66432	0	67246
10711	162	102	177	67964	0	68405
10712	139	69293	235	1647	0	71314
10713	226	859	165	65986	0	67236
10714	132	71108	213	968	0	72421
10715	70130	878	175	811	0	71994
10716	71164	645	164	322	0	72295
10717	1465	150	180	68889	0	70684
10718	746	70247	265	1083	0	72341
10719	440	939	70935	812	0	73126
10720	70246	631	1030	353	0	72260
10721	1084	157	809	71560	0	73610
10722	826	128	266	71985	0	73205
10723	333	93	198	74255	0	74879
10724	71142	134	236	1828	0	73340
10725	1068	70432	276	1074	0	72850
10726	803	72062	286	444	0	73595
10727	68785	1541	198	363	0	70887
10728	949	71446	307	342	0	73044
10729	70987	1077	211	314	0	72589
10730	69987	767	222	364	0	71340
10731	1643	70739	306	379	0	73067
10732	865	1067	248	68533	0	70713
10733	261	71247	271	1201	0	72980
10734	274	1060	255	70530	0	72119
10735	245	790	211	73437	0	74683
10736	72811	239	213	1966	0	75229
10737	73972	222	231	1155	0	75580
10738	1999	232	250	74058	0	76539
10739	1137	242	73002	1454	0	75835
10740	68289	204	1263	1188	0	70944
10741	1233	72056	1042	608	0	74939
10742	1084	1193	331	71671	0	74279
10743	491	1005	288	72800	0	74584
10744	373	344	287	73732	0	74736
10745	69614	346	228	2301	0	72489
10746	68877	291	239	1320	0	70727
10747	2039	67730	298	636	0	70703
10748	1146	68009	288	550	0	69993
10749	533	1978	206	67148	0	69865
10750	492	1127	266	68390	0	70275
10751	489	495	67888	2025	0	70897
10752	425	406	1223	65787	0	67841
10753	401	300	65540	1570	0	67811
10754	386	237	62059	1163	0	63845
10755	385	61816	1805	542	0	64548
10756	576	1109	953	61662	0	64300
10757	62182	937	314	1333	0	64766
10758	1265	331	219	61698	0	63513
10759	1091	357	61134	1397	0	63979
10760	57624	345	1087	1114	0	60170
10761	59353	328	851	520	0	61052
10762	2010	362	60343	440	0	63155
10763	1241	279	1126	60061	0	62707
10764	59521	303	902	1344	0	62070
10765	1341	60527	357	1279	0	63504
10766	61643	1200	269	609	0	63721
10767	62362	960	278	594	0	64194
10768	1987	421	267	61346	0	64021
10769	1191	307	266	63645	0	65409
10770	62833	314	281	2197	0	65625
10771	1446	319	284	63547	0	65596
10772	1209	397	63065	1628	0	66299
10773	59278	297	1248	1345	0	62168
10774	60678	314	987	678	0	62657
10775	2014	60966	376	635	0	63991
10776	1126	61960	251	608	0	63945
10777	561	1949	241	58752	0	61503
10778	429	62133	269	1458	0	64289
10779	516	1466	193	61970	0	64145
10780	60577	993	336	1529	0	63435
10781	58111	405	215	1220	0	59951
10782	1942	58285	363	632	0	61222
10783	57119	1211	233	546	0	59109
10784	1408	57852	277	604	0	60141
10785	57048	1231	276	546	0	59101
10786	57086	976	275	592	0	58929
10787	2001	410	55571	596	0	58578
10788	53661	292	1120	528	0	55601
10789	1477	53929	935	568	0	56909
10790	1147	55603	379	547	0	57676
10791	55273	1737	256	503	0	57769
10792	1584	1063	204	54745	0	57596
10793	1243	482	54760	1290	0	57775
10794	667	414	1069	54370	0	56520
10795	639	367	857	55247	0	57110
10796	584	402	53938	1998	0	56922
10797	49726	301	1138	1288	0	52453
10798	1428	53037	942	687	0	56094
10799	52307	1120	330	511	0	54268
10800	1542	917	216	51123	0	53798
10801	50861	390	226	1269	0	52746
10802	1505	50488	222	1112	0	53327
10803	1248	1295	204	50209	0	52956
10804	49568	896	198	1316	0	51978
10805	1467	356	46338	1056	0	49217
10806	1106	279	42541	545	0	44471
10807	38664	308	1515	468	0	40955
10808	1182	39254	803	368	0	41607
10809	749	33577	210	262	0	34798
10810	1022	1180	299	30399	0	32900
10811	308	31798	203	722	0	33031
10812	336	752	196	31367	0	32651
10813	385	565	156	32327	0	33433
10814	308	246	192	31415	0	32161
10815	314	30982	226	1121	0	32643
10816	330	604	190	30269	0	31393
10817	358	579	29516	693	0	31146
10818	306	28862	538	600	0	30306
10819	344	658	369	25536	0	26907
10820	303	27204	176	530	0	28213
10821	26556	571	165	490	0	27782
10822	26576	418	160	286	0	27440
10823	26599	210	166	217	0	27192
10824	941	27290	198	219	0	28648
10825	613	549	167	26746	0	28075
10826	418	507	26507	481	0	27913
10827	352	298	25999	449	0	27098
10828	24214	291	709	277	0	25491
10829	25084	221	456	283	0	26044
10830	797	234	139	26548	0	27718
10831	534	203	147	27463	0	28347
10832	310	223	27574	948	0	29055
10833	280	26855	538	628	0	28301
10834	258	27203	477	323	0	28261
10835	317	595	24972	257	0	26141
10836	252	537	390	23243	0	24422
10837	198	210	276	21794	0	22478
10838	198	173	110	24048	0	24529
10839	226	182	74	24110	0	24592
10840	23777	188	72	571	0	24608
10841	509	167	23225	317	0	24218
10842	22711	184	322	183	0	23400
10843	471	192	269	23228	0	24160
10844	23307	162	112	414	0	23995
10845	479	166	110	23527	0	24282
10846	410	173	23657	394	0	24634
10847	263	136	358	23792	0	24549
10848	231	148	24028	456	0	24863
10849	173	155	363	23250	0	23941
10850	205	144	24310	444	0	25103
10851	134	23792	334	358	0	24618
10852	159	320	275	23671	0	24425
10853	134	291	107	23230	0	23762
10854	113	24378	131	503	0	25125
10855	24815	328	93	372	0	25608
10856	373	284	111	24699	0	25467
10857	317	141	106	24521	0	25085
10858	25134	132	113	631	0	26010
10859	25195	108	91	412	0	25806
10860	26245	112	110	211	0	26678
10861	26349	100	98	198	0	26745
10862	671	112	25354	226	0	26363
10863	24679	95	367	180	0	25321
10864	25655	108	284	191	0	26238
10865	616	105	144	24409	0	25274
10866	387	81	116	24495	0	25079
10867	23449	74	109	578	0	24210
10868	364	23313	102	409	0	24188
10869	276	344	60	22290	0	22970
10870	117	228	23534	369	0	24248
10871	63	23452	289	288	0	24092
10872	22684	224	341	130	0	23379
10873	22751	217	76	93	0	23137
10874	22840	56	44	62	0	23002
10875	23232	34	41	73	0	23380
10876	385	41	36	22491	0	22953
10877	213	67	22490	258	0	23028
10878	105	46	23779	215	0	24145
10879	81	34	429	25087	0	25631
10880	26862	23	226	354	0	27465
10881	364	27	53	27003	0	27447
10882	325	42	27563	397	0	28327
10883	27243	22	344	310	0	27919
10884	27713	17	264	81	0	28075
10885	622	15	55	28496	0	29188
10886	356	37	29992	355	0	30740
10887	131	42	30574	284	0	31031
10888	28470	20	605	136	0	29231
10889	367	30239	293	157	0	31056
10890	321	329	30740	92	0	31482
10891	150	238	357	30427	0	31172
10892	31074	43	282	416	0	31815
10893	362	30423	109	308	0	31202
10894	267	30773	90	111	0	31241
10895	30732	550	75	102	0	31459
10896	395	271	60	30684	0	31410
10897	33319	46	47	416	0	33828
10898	437	33	47	34020	0	34537
10899	348	36	64	34183	0	34631
10900	126	61	34180	665	0	35032
10901	126	56	32744	349	0	33275
10902	124	65	34650	132	0	34971
10903	123	39	671	33904	0	34737
10904	34996	30	338	467	0	35831
10905	514	40	35396	361	0	36311
10906	399	39	454	35028	0	35920
10907	145	139	36301	516	0	37101
10908	126	36504	505	416	0	37551
10909	133	510	365	36730	0	37738
10910	127	308	112	37057	0	37604
10911	118	61	110	37558	0	37847
10912	37294	41	96	855	0	38286
10913	513	122	114	37108	0	37857
10914	404	62	96	37516	0	38078
10915	37068	46	114	825	0	38053
10916	539	89	36783	436	0	37847
10917	36214	58	495	143	0	36910
10918	36768	69	364	130	0	37331
10919	877	82	36383	155	0	37497
10920	34808	44	488	138	0	35478
10921	608	44	346	36444	0	37442
10922	429	63	37533	511	0	38536
10923	36631	37	492	419	0	37579
10924	37956	30	391	181	0	38558
10925	830	69	130	37714	0	38743
10926	457	34	124	38137	0	38752
10927	162	35	112	38725	0	39034
10928	37669	20	114	860	0	38663
10929	531	38128	137	514	0	39310
10930	36842	383	116	184	0	37525
10931	631	35464	140	165	0	36400
10932	327	35634	143	166	0	36270
10933	175	602	127	35799	0	36703
10934	154	281	105	36209	0	36749
10935	138	50	109	36041	0	36338
10936	139	42	125	36349	0	36655
10937	172	74	35380	737	0	36363
10938	33428	48	450	448	0	34374
10939	459	70	339	35808	0	36676
10940	421	84	36404	517	0	37426
10941	177	67	421	36376	0	37041
10942	165	67	331	36951	0	37514
10943	193	88	38982	750	0	40013
10944	162	60	415	38723	0	39360
10945	127	53	348	39398	0	39926
10946	38982	46	115	767	0	39910
10947	495	61	39763	452	0	40771
10948	36989	42	456	253	0	37740
10949	476	40728	384	227	0	41815
10950	40219	385	150	220	0	40974
10951	39126	305	131	206	0	39768
10952	784	53	123	39635	0	40595
10953	437	90	39555	540	0	40622
10954	191	42229	466	474	0	43360
10955	193	416	353	39611	0	40573
10956	128	43828	146	558	0	44660
10957	43383	414	141	446	0	44384
10958	511	353	42661	245	0	43770
10959	417	129	42435	220	0	43201
10960	161	94	690	41698	0	42643
10961	204	94	44101	567	0	44966
10962	140	83	465	44102	0	44790
10963	146	82	338	44863	0	45429
10964	45673	61	115	830	0	46679
10965	507	46262	158	510	0	47437
10966	407	430	144	46712	0	47693
10967	167	317	139	47838	0	48461
10968	178	70	137	47131	0	47516
10969	142	47161	190	826	0	48319
10970	169	47264	142	530	0	48105
10971	46241	666	144	238	0	47289
10972	46094	336	146	224	0	46800
10973	46156	92	104	243	0	46595
10974	836	100	45934	239	0	47109
10975	428	188	466	44983	0	46065
10976	214	124	45738	638	0	46714
10977	178	45435	487	520	0	46620
10978	43635	394	393	227	0	44649
10979	482	300	43195	223	0	44200
10980	330	119	340	41250	0	42039
10981	185	97	42785	416	0	43483
10982	40568	58	388	368	0	41382
10983	42761	57	329	220	0	43367
10984	42941	52	129	167	0	43289
10985	41638	84	132	164	0	42018
10986	598	103	42915	167	0	43783
10987	41169	91	332	162	0	41754
10988	42130	62	259	162	0	42613
10989	502	42311	149	145	0	43107
10990	41809	287	118	123	0	42337
10991	42169	212	84	165	0	42630
10992	573	91	138	40126	0	40928
10993	308	43347	104	361	0	44120
10994	45134	284	103	297	0	45818
10995	48280	243	107	165	0	48795
10996	788	136	54871	251	0	56046
10997	451	110	55194	120	0	55875
10998	251	110	56707	105	0	57173
10999	139	249	1194	55086	0	56668
11000	55412	69	594	731	0	56806
11001	718	56281	189	664	0	57852
11002	55154	673	100	218	0	56145
11003	775	56136	128	152	0	57191
11004	54332	721	91	128	0	55272
11005	717	54999	143	145	0	56004
11006	546	55910	121	141	0	56718
11007	53356	1044	101	119	0	54620
11008	663	55849	113	108	0	56733
11009	521	694	116	55200	0	56531
11010	269	512	55803	644	0	57228
11011	165	173	55955	513	0	56806
11012	159	113	1059	54405	0	55736
11013	139	102	557	56391	0	57189
11014	195	144	55977	1079	0	57395
11015	200	87	663	55175	0	56125
11016	168	82	518	56509	0	57277
11017	55903	70	180	1121	0	57274
11018	681	56532	174	784	0	58171
11019	612	720	147	52087	0	53566
11020	225	57264	195	724	0	58408
11021	56169	792	141	525	0	57627
11022	733	57300	177	231	0	58441
11023	57093	762	136	155	0	58146
11024	56537	562	133	160	0	57392
11025	1222	218	121	56009	0	57570
11026	739	161	148	56437	0	57485
11027	308	166	191	57175	0	57840
11028	229	161	184	57435	0	58009
11029	255	182	55673	1299	0	57409
11030	50151	179	733	786	0	51849
11031	775	55449	614	297	0	57135
11032	724	778	205	55401	0	57108
11033	323	591	168	55260	0	56342
11034	228	56375	238	1206	0	58047
11035	55873	776	202	690	0	57541
11036	781	57357	225	297	0	58660
11037	701	855	163	56763	0	58482
11038	335	776	148	57865	0	59124
11039	323	292	132	58292	0	59039
11040	312	223	141	58016	0	58692
11041	56202	210	197	1372	0	57981
11042	989	271	56357	765	0	58382
11043	719	233	888	54335	0	56175
11044	341	223	702	54993	0	56259
11045	266	231	352	55183	0	56032
11046	294	347	276	54864	0	55781
11047	52430	208	227	1525	0	54390
11048	1002	265	53410	878	0	55555
11049	806	430	774	49351	0	51361
11050	360	50690	618	865	0	52533
11051	291	52831	268	770	0	54160
11052	51721	1267	146	399	0	53533
11053	983	839	52015	303	0	54140
11054	47505	385	687	303	0	48880
11055	986	347	49735	307	0	51375
11056	638	233	715	47473	0	49059
11057	48523	197	580	940	0	50240
11058	688	49524	357	895	0	51464
11059	655	758	291	44662	0	46366
11060	271	49489	328	767	0	50855
11061	48502	752	275	748	0	50277
11062	48120	582	213	492	0	49407
11063	1175	235	153	47863	0	49426
11064	734	229	46804	974	0	48741
11065	375	300	47005	793	0	48473
11066	303	309	1046	44979	0	46637
11067	269	47117	585	861	0	48832
11068	309	895	164	48055	0	49423
11069	320	756	100	46967	0	48143
11070	331	375	74	47359	0	48139
11071	343	292	46679	1364	0	48678
11072	319	229	690	46727	0	47965
11073	247	204	584	46529	0	47564
11074	178	46123	298	1738	0	48337
11075	179	835	174	45815	0	47003
11076	150	545	204	48529	0	49428
11077	195	150	236	49185	0	49766
11078	244	129	219	49069	0	49661
11079	234	180	180	48316	0	48910
11080	229	198	148	48388	0	48963
11081	214	265	116	47343	0	47938
11082	218	292	161	46272	0	46943
11083	290	309	34025	9448	0	44072
11084	334	279	535	44825	0	45973
11085	44025	229	437	1137	0	45828
11086	853	174	161	43221	0	44409
11087	716	196	43387	1082	0	45381
11088	41399	170	692	962	0	43223
11089	43925	191	562	561	0	45239
11090	44295	186	243	485	0	45209
11091	44202	136	170	516	0	45024
11092	1309	129	179	44278	0	45895
11093	728	151	43454	1114	0	45447
11094	270	41803	681	1008	0	43762
11095	149	39227	533	523	0	40432
11096	530	746	1083	30078	0	32437
11097	223	226	309	30641	0	31399
11098	50	37	32	30631	0	30750
11099	36	41	33	31427	0	31537
11100	35	40	29	34989	0	35093
11101	37104	34	52	700	0	37890
11102	491	37935	45	443	0	38914
11103	401	39192	73	175	0	39841
11104	122	1010	47	39844	0	41023
11105	89	536	40	40702	0	41367
11106	85	83	35	40718	0	40921
11107	81	49	25	40588	0	40743
11108	91	70	38288	1199	0	39648
11109	52	37862	623	687	0	39224
11110	68	562	425	37839	0	38894
11111	36990	424	76	701	0	38191
11112	590	87	42	37756	0	38475
11113	508	99	37644	734	0	38985
11114	144	77	37095	553	0	37869
11115	120	88	38239	220	0	38667
11116	90	200	1033	36543	0	37866
11117	38123	47	618	720	0	39508
11118	595	46	117	38602	0	39360
11119	493	48	64	39340	0	39945
11120	38996	51	66	1108	0	40221
11121	632	61	71	40485	0	41249
11122	512	50	70	40935	0	41567
11123	161	97	42937	1142	0	44337
11124	75	43336	632	688	0	44731
11125	94	624	460	44324	0	45502
11126	43919	446	126	803	0	45294
11127	646	98	78	44848	0	45670
11128	555	114	44740	842	0	46251
11129	152	102	623	44364	0	45241
11130	84	44821	518	858	0	46281
11131	123	632	131	45695	0	46581
11132	120	568	44840	862	0	46390
11133	61	47610	694	735	0	49100
11134	143	884	535	47684	0	49246
11135	94	613	179	52600	0	53486
11136	107	162	122	53470	0	53861
11137	118	86	114	54052	0	54370
11138	143	115	52273	1725	0	54256
11139	81	52287	882	1017	0	54267
11140	52616	837	705	375	0	54533
11141	53295	691	205	282	0	54473
11142	1476	165	110	53031	0	54782
11143	832	148	52654	1034	0	54668
11144	50262	94	906	896	0	52158
11145	903	74	741	53448	0	55166
11146	794	101	55154	1112	0	57161
11147	209	69	918	55464	0	56660
11148	172	68	762	55531	0	56533
11149	137	95	199	56591	0	57022
11150	190	144	57355	1839	0	59528
11151	208	116	954	53714	0	54992
11152	135	57263	815	1121	0	59334
11153	57365	885	224	933	0	59407
11154	57578	740	150	426	0	58894
11155	58010	188	151	427	0	58776
11156	1625	57005	197	393	0	59220
11157	56980	924	124	390	0	58418
11158	1029	755	145	55689	0	57618
11159	55815	208	184	1180	0	57387
11160	55240	166	168	1057	0	56631
11161	1676	199	54021	503	0	56399
11162	903	53989	1029	413	0	56334
11163	53853	941	815	410	0	56019
11164	1011	781	267	53817	0	55876
11165	898	252	53394	1194	0	55738
11166	280	53623	1025	1052	0	55980
11167	52679	921	799	481	0	54880
11168	1019	800	252	53227	0	55298
11169	890	250	188	54073	0	55401
11170	350	142	181	53991	0	54664
11171	274	52667	226	1950	0	55117
11172	288	940	169	53336	0	54733
11173	235	52996	225	1414	0	54870
11174	321	986	202	53364	0	54873
11175	303	858	52653	1357	0	55171
11176	280	274	967	53306	0	54827
11177	308	176	855	53949	0	55288
11178	338	172	282	55068	0	55860
11179	319	221	53042	2119	0	55701
11180	299	161	1046	53295	0	54801
11181	322	181	861	54270	0	55634
11182	272	175	339	55083	0	55869
11183	300	224	278	54943	0	55745
11184	355	192	269	55474	0	56290
11185	385	258	53506	2060	0	56209
11186	403	243	1003	53633	0	55282
11187	379	198	883	53509	0	54969
11188	51215	157	329	2015	0	53716
11189	1083	50984	286	1404	0	53757
11190	1024	52596	302	715	0	54637
11191	485	1580	254	52206	0	54525
11192	385	941	250	51646	0	53222
11193	357	50309	290	1964	0	52920
11194	397	1029	274	50089	0	51789
11195	340	50284	266	1432	0	52322
11196	446	1023	230	49969	0	51668
11197	411	847	214	48909	0	50381
11198	363	398	46780	1790	0	49331
11199	320	45728	923	1237	0	48208
11200	304	43683	657	609	0	45253
11201	37184	925	348	440	0	38897
11202	584	38728	165	433	0	39910
11203	570	556	137	37786	0	39049
11204	319	552	36676	734	0	38281
11205	261	250	511	36452	0	37474
11206	36051	175	477	793	0	37496
11207	585	250	37378	693	0	38906
11208	530	38405	498	482	0	39915
11209	298	546	534	36200	0	37578
11210	235	502	194	39439	0	40370
11211	39781	202	179	1142	0	41304
11212	511	168	174	40191	0	41044
11213	480	177	145	40058	0	40860
11214	202	174	118	40312	0	40806
11215	176	189	131	40324	0	40820
11216	38696	159	179	1222	0	40256
11217	38552	192	128	933	0	39805
11218	801	200	120	39143	0	40264
11219	38286	151	178	815	0	39430
11220	547	156	141	37607	0	38451
11221	513	195	35987	850	0	37545
11222	250	182	34683	802	0	35917
11223	228	548	772	31084	0	32632
11224	148	32318	456	789	0	33711
11225	219	489	138	32168	0	33014
11226	31265	386	117	765	0	32533
11227	391	183	149	32007	0	32730
11228	30881	143	119	806	0	31949
11229	477	133	113	32087	0	32810
11230	393	182	32497	749	0	33821
11231	130	32282	415	686	0	33513
11232	123	33334	358	443	0	34258
11233	180	884	97	29702	0	30863
11234	86	316	30156	473	0	31031
11235	24	25438	132	202	0	25796
11236	59	103	124	25031	0	25317
11237	24505	77	55	200	0	24837
11238	104	61	24872	149	0	25186
11239	73	25	82	24810	0	24990
11240	38	26	81	25802	0	25947
11241	42	52	25415	223	0	25732
11242	51	72	24139	137	0	24399
11243	43	61	25390	93	0	25587
11244	37	45	217	24916	0	25215
11245	34	52	26543	158	0	26787
11246	22941	20	139	129	0	23229
11247	144	34	107	26832	0	27117
11248	148	44	33878	204	0	34274
11249	46	34400	181	248	0	34875
11250	58	196	33692	80	0	34026
11251	38	120	183	32977	0	33318
11252	35173	35	144	267	0	35619
11253	202	31	36	36756	0	37025
11254	143	26	21	37117	0	37307
11255	40220	18	27	410	0	40675
11256	282	24	21	41152	0	41479
11257	210	55	42168	385	0	42818
11258	40230	25	324	270	0	40849
11259	318	42933	255	121	0	43627
11260	43448	290	54	82	0	43874
11261	333	204	30	43588	0	44155
11262	235	102	43410	342	0	44089
11263	105	77	43973	245	0	44400
11264	53	38	488	43836	0	44415
11265	41	23	234	43709	0	44007
11266	60	57	45088	474	0	45679
11267	67	57	43366	266	0	43756
11268	43885	10	518	100	0	44513
11269	346	16	260	45183	0	45805
11270	45475	30	101	385	0	45991
11271	372	35	48	45400	0	45855
11272	299	54	47667	420	0	48440
11273	103	108	49072	291	0	49574
11274	83	109	602	49232	0	50026
11275	65	20	282	50440	0	50807
11276	71	60	51874	643	0	52648
11277	49108	21	484	378	0	49991
11278	448	26	296	53573	0	54343
11279	56299	21	113	517	0	56950
11280	498	65032	128	413	0	66071
11281	376	662	62	66242	0	67342
11282	66307	399	88	775	0	67569
11283	763	128	67547	501	0	68939
11284	480	33	764	67351	0	68628
11285	167	41	477	67742	0	68427
11286	114	29	128	69500	0	69771
11287	95	55	68762	1254	0	70166
11288	110	40	806	66163	0	67119
11289	98	68775	564	884	0	70321
11290	106	710	151	69451	0	70418
11291	135	487	68845	862	0	70329
11292	152	141	69354	547	0	70194
11293	148	130	1225	68656	0	70159
11294	160	47	572	69628	0	70407
11295	128	47	193	71373	0	71741
11296	137	59	153	71935	0	72284
11297	70961	52	185	1353	0	72551
11298	69622	29	135	704	0	70490
11299	1263	123	70233	272	0	71891
11300	572	71400	882	276	0	73130
11301	206	780	529	72353	0	73868
11302	74873	464	181	977	0	76495
11303	71746	111	184	674	0	72715
11304	75388	89	151	321	0	75949
11305	75267	61	165	294	0	75787
11306	1324	146	74845	271	0	76586
11307	70499	56	885	324	0	71764
11308	903	73010	640	340	0	74893
11309	607	771	225	73634	0	75237
11310	300	534	74154	977	0	75965
11311	231	122	921	72062	0	73336
11312	273	175	73909	1052	0	75409
11313	217	101	963	73046	0	74327
11314	205	111	639	74812	0	75767
11315	74033	92	267	1512	0	75904
11316	969	109	259	74394	0	75731
11317	686	138	75096	1143	0	77063
11318	285	90	958	76201	0	77534
11319	75994	82	686	1202	0	77964
11320	968	87	352	77115	0	78522
11321	751	158	77249	1153	0	79311
11322	278	76147	1039	903	0	78367
11323	78516	794	669	553	0	80532
11324	1024	548	347	74217	0	76136
11325	673	80526	362	1019	0	82580
11326	79462	805	280	844	0	81391
11327	1064	601	79798	517	0	81980
11328	659	78294	1073	573	0	80599
11329	344	828	730	79444	0	81346
11330	354	597	78992	1136	0	81079
11331	320	164	1053	75566	0	77103
11332	76654	124	742	1236	0	78756
11333	1015	177	77137	942	0	79271
11334	792	137	983	75443	0	77355
11335	433	263	77604	1251	0	79551
11336	404	154	1059	75621	0	77238
11337	379	160	705	78057	0	79301
11338	76816	121	383	1655	0	78975
11339	1007	77918	408	1049	0	80382
11340	746	822	289	78283	0	80140
11341	77651	539	292	1255	0	79737
11342	77280	220	318	955	0	78773
11343	1462	340	358	75871	0	78031
11344	763	76682	367	1200	0	79012
11345	325	78483	367	992	0	80167
11346	394	1348	339	76340	0	78421
11347	299	631	322	76431	0	77683
11348	69018	178	259	1488	0	70943
11349	944	109	294	69333	0	70680
11350	615	166	67197	1213	0	69191
11351	60310	129	853	873	0	62165
11352	846	65430	571	645	0	67492
11353	64297	674	302	483	0	65756
11354	997	489	66464	445	0	68395
11355	544	66049	742	444	0	67779
11356	66279	644	723	314	0	67960
11357	65207	434	333	315	0	66289
11358	1181	183	66526	276	0	68166
11359	64164	170	743	260	0	65337
11360	66543	110	540	293	0	67486
11361	1085	67921	253	297	0	69556
11362	682	704	146	69360	0	70892
11363	346	515	68330	931	0	70122
11364	295	155	803	68171	0	69424
11365	292	187	70823	949	0	72251
11366	265	120	845	68236	0	69466
11367	69412	146	562	958	0	71078
11368	818	81	233	71139	0	72271
11369	622	134	76470	984	0	78210
11370	74594	104	919	732	0	76349
11371	1047	83	625	78182	0	79937
11372	706	230	76479	1063	0	78478
11373	70663	101	962	816	0	72542
11374	1089	223	637	74903	0	76852
11375	751	148	73975	1081	0	75955
11376	305	171	71970	707	0	73153
11377	279	999	1262	68606	0	71146
11378	281	152	72326	943	0	73702
11379	163	68613	950	638	0	70364
11380	282	559	502	59714	0	61057
11381	59631	302	140	538	0	60611
11382	528	111	60770	360	0	61769
11383	495	96	59669	127	0	60387
11384	52889	37	844	165	0	53935
11385	545	96	60176	77	0	60894
11386	53930	81	595	126	0	54732
11387	564	120	59417	109	0	60210
11388	413	29	540	57430	0	58412
11389	168	78	60463	477	0	61186
11390	106	38	532	58036	0	58712
11391	137	82	61341	528	0	62088
11392	137	85	59929	369	0	60520
11393	51313	37	798	238	0	52386
11394	446	60311	439	143	0	61339
11395	60341	407	193	107	0	61048
11396	500	61217	169	84	0	61970
11397	379	494	132	61054	0	62059
11398	176	337	136	62567	0	63216
11399	62168	86	113	757	0	63124
11400	521	66	122	61389	0	62098
11401	425	87	61372	592	0	62476
11402	56919	50	544	396	0	57909
11403	59155	56	404	202	0	59817
11404	791	33	202	59246	0	60272
11405	487	115	60520	542	0	61664
11406	198	52	551	59125	0	59926
11407	123	60865	492	552	0	62032
11408	155	446	196	60770	0	61567
11409	154	365	159	61751	0	62429
11410	162	126	60639	863	0	61790
11411	49780	97	626	646	0	51149
11412	535	59998	501	324	0	61358
11413	59624	460	219	239	0	60542
11414	572	61296	237	204	0	62309
11415	488	542	193	59053	0	60276
11416	179	61544	221	611	0	62555
11417	238	560	59355	512	0	60665
11418	185	378	621	56175	0	57359
11419	172	112	508	58367	0	59159
11420	180	88	267	59921	0	60456
11421	58485	72	239	1041	0	59837
11422	622	87	236	58605	0	59550
11423	57326	95	257	727	0	58405
11424	57434	72	245	587	0	58338
11425	56300	82	284	330	0	56996
11426	1029	123	57089	263	0	58504
11427	616	89	714	56399	0	57818
11428	301	118	594	59829	0	60842
11429	233	104	387	60916	0	61640
11430	63537	108	387	1135	0	65167
11431	841	96	352	64102	0	65391
11432	621	88	389	65398	0	66496
11433	68045	123	365	1350	0	69883
11434	938	107	346	69828	0	71219
11435	795	194	71400	1069	0	73458
11436	401	180	72235	782	0	73598
11437	329	136	1554	72245	0	74264
11438	71841	100	935	1095	0	73971
11439	67294	93	512	834	0	68733
11440	1563	111	356	70127	0	72157
11441	910	263	70277	1109	0	72559
11442	383	69611	1102	884	0	71980
11443	358	864	844	70538	0	72604
11444	307	602	366	71446	0	72721
11445	315	183	357	71529	0	72384
11446	70391	134	339	1675	0	72539
11447	1105	161	70749	993	0	73008
11448	70029	150	1038	490	0	71707
11449	1189	134	791	68667	0	70781
11450	874	71324	349	1123	0	73670
11451	71372	878	270	942	0	73462
11452	69619	662	251	536	0	71068
11453	1712	246	74267	416	0	76641
11454	864	70412	1087	551	0	72914
11455	356	69632	811	437	0	71236
11456	68716	1310	395	416	0	70837
11457	1078	661	238	68881	0	70858
11458	817	243	220	68446	0	69726
11459	420	154	252	67641	0	68467
11460	298	66357	219	1711	0	68585
11461	253	66905	234	924	0	68316
11462	64561	1215	174	482	0	66432
11463	971	628	146	64313	0	66058
11464	738	228	70689	1055	0	72710
11465	358	170	1146	74350	0	76024
11466	370	292	82989	1526	0	85177
11467	398	182	83923	1057	0	85560
11468	338	241	83819	436	0	84834
11469	182	75199	2621	277	0	78279
11470	483	1593	1482	68836	0	72394
11471	178	74753	457	1316	0	76704
11472	225	1696	212	70855	0	72988
11473	198	927	151	74837	0	76113
11474	73927	319	142	2320	0	76708
11475	1459	161	138	74986	0	76744
11476	74074	119	123	1808	0	76124
11477	74090	123	110	1149	0	75472
11478	2340	107	126	70407	0	72980
11479	1192	71688	170	1558	0	74608
11480	489	1463	147	70311	0	72410
11481	251	72441	197	1691	0	74580
11482	249	1576	127	72396	0	74348
11483	283	971	71499	1812	0	74565
11484	241	347	1455	71585	0	73628
11485	263	172	983	73355	0	74773
11486	69594	163	405	2466	0	72628
11487	1406	71100	279	1401	0	74186
11488	1042	1415	227	71067	0	73751
11489	480	963	225	69849	0	71517
11490	263	69454	276	2432	0	72425
11491	303	1480	206	69933	0	71922
11492	66946	972	187	1950	0	70055
11493	68039	406	193	1284	0	69922
11494	2260	67181	201	681	0	70323
11495	1315	1490	159	67370	0	70334
11496	65282	999	168	1710	0	68159
11497	1495	66857	222	1311	0	69885
11498	1126	1575	191	62032	0	64924
11499	501	66204	215	1618	0	68538
11500	65195	1699	271	1219	0	68384
11501	1639	1083	64763	632	0	68117
11502	1113	494	65242	535	0	67384
11503	506	372	2288	64130	0	67296
11504	418	277	65893	1726	0	68314
11505	301	254	1762	63836	0	66153
11506	63075	245	1122	1919	0	66361
11507	1577	276	64532	1282	0	67667
11508	1075	292	1566	63597	0	66530
11509	518	290	1000	65540	0	67348
11510	64189	260	418	2511	0	67378
11511	1533	65100	284	1458	0	68375
11512	65724	1499	219	753	0	68195
11513	64824	1019	228	545	0	66616
11514	2342	63561	261	678	0	66842
11515	1304	1528	225	64198	0	67255
11516	661	1138	63324	1729	0	66852
11517	427	574	1455	61882	0	64338
11518	351	63860	987	1894	0	67092
11519	64078	1614	457	1278	0	67427
11520	1548	1078	313	64699	0	67638
11521	1061	625	65180	1907	0	68773
11522	526	360	1525	65666	0	68077
11523	356	312	1065	66754	0	68487
11524	368	362	474	67512	0	68716
11525	318	271	324	68117	0	69030
11526	334	364	285	66453	0	67436
11527	344	353	63740	2923	0	67360
11528	760	332	61479	1664	0	64235
11529	301	59263	2197	957	0	62718
11530	296	58939	1122	633	0	60990
11531	57123	1841	493	505	0	59962
11532	1409	1072	57240	522	0	60243
11533	52322	579	1401	510	0	54812
11534	1484	275	52564	426	0	54749
11535	886	280	50102	406	0	51674
11536	420	193	1782	47608	0	50003
11537	49278	211	1014	1273	0	51776
11538	1174	224	420	49991	0	51809
11539	757	221	204	51005	0	52187
11540	438	229	54329	1944	0	56940
11541	259	191	1164	55004	0	56618
11542	244	142	690	56102	0	57178
11543	312	141	298	55835	0	56586
11544	306	152	176	55998	0	56632
11545	271	163	143	56208	0	56785
11546	53613	149	140	2138	0	56040
11547	1193	175	106	54335	0	55809
11548	764	232	52310	1596	0	54902
11549	377	283	1027	52713	0	54400
11550	307	215	52426	1509	0	54457
11551	229	346	1255	52183	0	54013
11552	223	177	53974	1524	0	55898
11553	199	218	1331	49940	0	51688
11554	227	199	786	52439	0	53651
11555	205	144	51383	1850	0	53582
11556	46307	159	1130	1088	0	48684
11557	1077	144	51933	630	0	53784
11558	724	256	1257	51617	0	53854
11559	52201	112	795	1262	0	54370
11560	1126	102	358	52746	0	54332
11561	782	136	194	53395	0	54507
11562	528	140	53299	1772	0	55739
11563	233	51983	1032	1105	0	54353
11564	144	45592	529	519	0	46784
11565	118	42838	230	268	0	43454
11566	1373	226	526	31872	0	33997
11567	32542	74	40	155	0	32811
11568	93	25	35	32630	0	32783
11569	85	17	28	32698	0	32828
11570	60	11	31	33058	0	33160
11571	29	14	27	32933	0	33003
11572	24	32529	42	275	0	32870
11573	29	96	45	33071	0	33241
11574	36	70	27	32873	0	33006
11575	11	32706	49	241	0	33007
11576	33363	90	18	162	0	33633
11577	100	72	26	33444	0	33642
11578	33337	23	26	169	0	33555
11579	33002	24	32	136	0	33194
11580	173	34751	39	95	0	35058
11581	115	103	30	37567	0	37815
11582	65	98	37445	162	0	37770
11583	50	55	36904	129	0	37138
11584	42	103	189	37229	0	37563
11585	38009	10	190	185	0	38394
11586	38975	11	49	190	0	39225
11587	199	15	33	39618	0	39865
11588	39979	24	42	201	0	40246
11589	147	39808	59	164	0	40178
11590	39688	123	49	76	0	39936
11591	144	44705	65	108	0	45022
11592	128	175	30	45948	0	46281
11593	69	130	32	45915	0	46146
11594	53	46399	52	325	0	46829
11595	45958	135	53	308	0	46454
11596	193	150	45813	105	0	46261
11597	144	65	143	45664	0	46016
11598	85	82	47519	193	0	47879
11599	61	36	154	46678	0	46929
11600	47953	28	153	231	0	48365
11601	167	25	59	47911	0	48162
11602	47710	29	36	275	0	48050
11603	47335	43	52	246	0	47676
11604	272	22	46	47502	0	47842
11605	157	60	47276	252	0	47745
11606	94	50166	158	225	0	50643
11607	70	143	115	49916	0	50244
11608	49224	128	45	262	0	49659
11609	258	93	49835	214	0	50400
11610	180	53	143	49577	0	49953
11611	103	59	136	50515	0	50813
11612	81	57	51	51216	0	51405
11613	50757	60	65	358	0	51240
11614	170	55	80	50371	0	50676
11615	163	47	65	50935	0	51210
11616	103	98	51210	329	0	51740
11617	119	46	186	50922	0	51273
11618	127	66	176	52448	0	52817
11619	93	36	73	53521	0	53723
11620	105	52969	102	548	0	53724
11621	131	162	62	52247	0	52602
11622	112	179	42	52157	0	52490
11623	49884	57	66	390	0	50397
11624	258	125	50379	244	0	51006
11625	244	101	48367	174	0	48886
11626	113	50691	277	132	0	51213
11627	75	178	193	51958	0	52404
11628	51914	155	100	278	0	52447
11629	197	72	57	51710	0	52036
11630	200	43	53	52371	0	52667
11631	119	50	62	52511	0	52742
11632	82	50	54	52080	0	52266
11633	84	36	59	52092	0	52271
11634	136	77	51472	415	0	52100
11635	83	33	150	51523	0	51789
11636	51615	41	154	335	0	52145
11637	175	51281	79	313	0	51848
11638	193	159	58	51522	0	51932
11639	107	154	56	51701	0	52018
11640	130	86	50431	409	0	51056
11641	109	60	200	49132	0	49501
11642	72	62	189	53448	0	53771
11643	53581	47	171	575	0	54374
11644	307	55557	106	432	0	56402
11645	301	339	59	56468	0	57167
11646	156	279	74	57058	0	57567
11647	115	142	76	57362	0	57695
11648	128	116	57682	762	0	58688
11649	130	97	55348	535	0	56110
11650	83	57736	675	361	0	58855
11651	79	59946	370	268	0	60663
11652	110	623	128	58065	0	58926
11653	62	57992	116	575	0	58745
11654	109	708	101	62502	0	63420
11655	70	586	73	67833	0	68562
11656	82	108	59	71746	0	71995
11657	64	93	63	79286	0	79506
11658	121	112	78315	1758	0	80306
11659	115	80	963	78625	0	79783
11660	85	57	841	79406	0	80389
11661	93	42	250	81441	0	81826
11662	76716	72	158	2210	0	79156
11663	887	80562	184	1494	0	83127
11664	947	1081	119	72374	0	74521
11665	241	80934	138	1198	0	82511
11666	76633	1166	108	1117	0	79024
11667	65134	1134	134	606	0	67008
11668	1515	80143	128	536	0	82322
11669	802	82152	163	467	0	83584
11670	443	2027	78533	373	0	81376
11671	207	82684	1043	333	0	84267
11672	201	1355	909	80518	0	82983
11673	80646	1128	257	1261	0	83292
11674	1000	83429	207	1159	0	85795
11675	929	1319	150	83933	0	86331
11676	296	1074	166	85309	0	86845
11677	210	382	134	87335	0	88061
11678	83695	250	139	2476	0	86560
11679	1233	288	84633	1601	0	87755
11680	78462	211	1127	809	0	80609
11681	1278	82303	1069	681	0	85331
11682	1084	1201	269	82628	0	85182
11683	420	1141	81672	1436	0	84669
11684	73070	445	1214	1366	0	76095
11685	1223	82127	1084	559	0	84993
11686	1152	1277	321	78872	0	81622
11687	342	81353	237	1315	0	83247
11688	241	1405	197	81877	0	83720
11689	248	1171	202	83079	0	84700
11690	291	529	81260	2304	0	84384
11691	245	421	76842	1504	0	79012
11692	210	322	2036	76125	0	78693
11693	260	379	78188	1646	0	80473
11694	187	255	1388	76955	0	78785
11695	167	203	1178	76534	0	78082
11696	208	218	430	79569	0	80425
11697	76983	217	335	2557	0	80092
11698	1248	197	318	78158	0	79921
11699	1106	276	78274	1879	0	81535
11700	75565	226	1236	1618	0	78645
11701	1295	274	1105	78877	0	81551
11702	1163	266	441	79930	0	81800
11703	77449	286	348	2569	0	80652
11704	1280	80577	356	1793	0	84006
11705	1185	1300	299	81543	0	84327
11706	478	1128	341	80412	0	82359
11707	78021	472	303	2708	0	81504
11708	1352	449	78645	1896	0	82342
11709	1216	371	1248	77737	0	80572
11710	497	371	1201	78552	0	80621
11711	444	344	478	76480	0	77746
11712	349	77238	446	2774	0	80807
11713	370	1345	404	78606	0	80725
11714	76455	1216	350	2114	0	80135
11715	1270	77300	417	1926	0	80913
11716	75237	1384	320	1112	0	78053
11717	1413	77702	373	991	0	80479
11718	77125	1548	314	923	0	79910
11719	1684	1361	76879	862	0	80786
11720	1421	728	76489	839	0	79477
11721	74705	514	2151	875	0	78245
11722	1551	478	78811	913	0	81753
11723	1406	438	1519	76811	0	80174
11724	675	386	1356	75213	0	77630
11725	536	364	617	79970	0	81487
11726	77846	339	525	2830	0	81540
11727	1549	388	76937	1908	0	80782
11728	75788	377	1444	1138	0	78747
11729	1613	344	1198	80732	0	83887
11730	81639	355	512	2028	0	84534
11731	1822	416	407	82665	0	85310
11732	85478	387	413	2059	0	88337
11733	1846	484	363	91857	0	94550
11734	1629	447	94115	2331	0	98522
11735	92687	408	1666	1954	0	96715
11736	96642	369	1379	1070	0	99460
11737	3022	378	574	96214	0	100188
11738	1870	469	553	91292	0	94184
11739	798	96220	629	3127	0	100774
11740	89928	1617	597	1971	0	94113
11741	1947	93975	483	1167	0	97572
11742	89232	1629	630	998	0	92489
11743	2000	1279	90552	885	0	94716
11744	1624	610	90240	822	0	93296
11745	877	404	89534	825	0	91640
11746	82491	328	2880	776	0	86475
11747	1918	89257	1719	773	0	93667
11748	1585	1445	652	87197	0	90879
11749	85017	1158	575	1887	0	88637
11750	1723	89109	536	1821	0	93189
11751	1522	2302	438	81744	0	86006
11752	721	87462	464	1786	0	90433
11753	554	84800	475	1645	0	87474
11754	549	84322	410	908	0	86189
11755	73651	2112	560	820	0	77143
11756	1190	76917	367	598	0	79072
11757	738	67609	342	436	0	69125
11758	357	66954	286	413	0	68010
11759	66136	1143	379	354	0	68012
11760	66015	507	375	348	0	67245
11761	1328	249	64788	307	0	66672
11762	62304	168	817	342	0	63631
11763	64469	128	525	323	0	65445
11764	1281	144	199	63783	0	65407
11765	65317	146	202	932	0	66597
11766	1097	207	64243	606	0	66153
11767	654	67618	787	310	0	69369
11768	67534	824	558	286	0	69202
11769	955	558	186	68855	0	70554
11770	70333	222	149	924	0	71628
11771	1089	216	68071	665	0	70041
11772	67264	161	822	294	0	68541
11773	1019	218	551	69433	0	71221
11774	704	211	69518	919	0	71352
11775	255	67606	886	626	0	69373
11776	226	69895	581	311	0	71013
11777	348	1306	248	66229	0	68131
11778	229	667	115	62387	0	63398
11779	146	67992	107	1076	0	69321
11780	67593	784	81	502	0	68960
11781	67190	520	87	192	0	67989
11782	65826	139	89	119	0	66173
11783	1330	68319	111	247	0	70007
11784	775	791	82	61233	0	62881
11785	228	68737	125	715	0	69805
11786	68619	826	100	478	0	70023
11787	67754	529	102	219	0	68604
11788	1275	67455	159	173	0	69062
11789	68298	792	76	166	0	69332
11790	982	544	88	67544	0	69158
11791	652	190	145	67725	0	68712
11792	68512	156	175	1290	0	70133
11793	66745	187	154	622	0	67708
11794	67490	158	110	231	0	67989
11795	1381	212	138	66855	0	68586
11796	719	184	132	68215	0	69250
11797	319	282	67486	1294	0	69381
11798	312	233	849	66077	0	67471
11799	321	255	566	65500	0	66642
11800	372	299	64986	1286	0	66943
11801	359	294	63570	625	0	64848
11802	316	280	65749	245	0	66590
11803	357	249	1381	63595	0	65582
11804	394	337	63556	882	0	65169
11805	323	343	893	62306	0	63865
11806	360	330	551	63991	0	65232
11807	417	350	63947	1369	0	66083
11808	364	422	63631	686	0	65103
11809	349	319	1302	61354	0	63324
11810	371	384	66185	956	0	67896
11811	400	394	65671	660	0	67125
11812	342	65088	1347	285	0	67062
11813	66187	975	654	233	0	68049
11814	66172	748	215	217	0	67352
11815	65936	380	169	252	0	66737
11816	1536	65669	178	299	0	67682
11817	915	66155	176	315	0	67561
11818	493	1445	228	65128	0	67294
11819	445	709	241	64502	0	65897
11820	475	337	63543	1468	0	65823
11821	428	264	952	62753	0	64397
11822	63388	241	643	1119	0	65391
11823	1158	259	297	57640	0	59354
11824	833	63601	292	950	0	65676
11825	64959	994	255	696	0	66904
11826	65045	670	238	362	0	66315
11827	65829	272	234	393	0	66728
11828	1710	256	65202	323	0	67491
11829	821	557	922	62477	0	64777
11830	67408	181	765	1018	0	69372
11831	1141	236	69404	781	0	71562
11832	764	65982	1040	365	0	68151
11833	491	61393	626	258	0	62768
11834	54983	979	483	219	0	56664
11835	698	56133	190	258	0	57279
11836	532	606	176	53723	0	55037
11837	201	484	55377	675	0	56737
11838	214	344	635	54540	0	55733
11839	54651	126	478	737	0	55992
11840	681	54755	177	706	0	56319
11841	54154	613	119	279	0	55165
11842	705	431	53758	260	0	55154
11843	508	168	646	49595	0	50917
11844	179	55454	482	643	0	56758
11845	356	561	162	55485	0	56564
11846	56003	421	164	695	0	57283
11847	56257	142	159	498	0	57056
11848	56257	114	183	218	0	56772
11849	56630	113	187	219	0	57149
11850	988	161	140	54625	0	55914
11851	576	145	55981	727	0	57429
11852	283	157	631	52389	0	53460
11853	203	55427	501	723	0	56854
11854	55101	544	239	523	0	56407
11855	678	428	55003	271	0	56380
11856	52105	123	651	238	0	53117
11857	638	88	511	53405	0	54642
11858	524	163	55702	685	0	57074
11859	248	138	598	54909	0	55893
11860	56080	97	475	708	0	57360
11861	55994	105	209	534	0	56842
11862	55938	125	200	240	0	56503
11863	955	168	56170	242	0	57535
11864	518	214	593	54286	0	55611
11865	285	151	56691	687	0	57814
11866	246	56220	648	476	0	57590
11867	52672	509	491	234	0	53906
11868	563	52622	168	188	0	53541
11869	49287	357	195	150	0	49989
11870	466	265	147	46913	0	47791
11871	294	49220	173	435	0	50122
11872	49803	362	122	283	0	50570
11873	481	331	50071	132	0	51015
11874	332	172	330	48851	0	49685
11875	49818	81	276	393	0	50568
11876	425	129	49842	368	0	50764
11877	401	118	330	47365	0	48214
11878	249	49194	325	391	0	50159
11879	228	367	154	49680	0	50429
11880	232	324	118	50029	0	50703
11881	48490	139	115	584	0	49328
11882	442	49570	151	425	0	50588
11883	364	414	105	47306	0	48189
11884	201	49584	149	410	0	50344
11885	219	542	147	47797	0	48705
11886	196	50127	130	435	0	50888
11887	49383	433	122	304	0	50242
11888	493	397	50299	213	0	51402
11889	404	127	415	49283	0	50229
11890	219	131	321	50099	0	50770
11891	213	129	136	50567	0	51045
11892	255	144	118	49971	0	50488
11893	308	145	49590	662	0	50705
11894	262	50598	458	563	0	51881
11895	50416	370	278	284	0	51348
11896	49990	307	155	206	0	50658
11897	585	51043	130	296	0	52054
11898	50941	391	127	262	0	51721
11899	50236	308	167	230	0	50941
11900	605	53141	124	233	0	54103
11901	489	422	110	50023	0	51044
11902	273	53450	140	364	0	54227
11903	52725	411	145	341	0	53622
11904	512	323	52072	227	0	53134
11905	47922	109	410	257	0	48698
11906	492	194	53163	231	0	54080
11907	418	124	397	52438	0	53377
11908	53243	120	304	459	0	54126
11909	567	176	53086	361	0	54190
11910	48849	95	404	254	0	49602
11911	51566	112	317	217	0	52212
11912	631	150	210	50347	0	51338
11913	393	52118	143	474	0	53128
11914	52320	428	143	357	0	53248
11915	488	387	117	51370	0	52362
11916	435	51785	127	402	0	52749
11917	51750	389	107	378	0	52624
11918	432	344	144	51844	0	52764
11919	389	54752	161	424	0	55726
11920	271	377	144	55846	0	56638
11921	55938	295	159	557	0	56949
11922	55597	159	124	427	0	56307
11923	55775	105	153	301	0	56334
11924	653	123	154	54313	0	55243
11925	404	197	113	54285	0	54999
11926	274	185	54912	628	0	55999
11927	242	297	471	53644	0	54654
11928	339	212	56658	488	0	57697
11929	236	162	51689	309	0	52396
11930	154	97	48994	115	0	49360
11931	69	50886	398	163	0	51516
11932	207	310	314	47000	0	47831
11933	76	54406	108	210	0	54800
11934	55426	284	55	246	0	56011
11935	55095	239	71	107	0	55512
11936	489	69	61	57532	0	58151
11937	328	106	59559	371	0	60364
11938	117	73	427	58647	0	59264
11939	136	89	61583	534	0	62342
11940	132	94	461	58327	0	59014
11941	89	61261	379	445	0	62174
11942	81	62908	103	463	0	63555
11943	60664	703	63	150	0	61580
11944	549	419	61750	108	0	62826
11945	391	118	454	60235	0	61198
11946	167	71	346	61416	0	62000
11947	61627	88	87	819	0	62621
11948	472	62617	128	579	0	63796
11949	62280	472	89	173	0	63014
11950	499	64156	136	180	0	64971
11951	62747	498	94	154	0	63493
11952	63274	356	84	201	0	63915
11953	822	160	103	64114	0	65199
11954	457	145	64467	556	0	65625
11955	59533	88	549	481	0	60651
11956	523	65035	453	221	0	66232
11957	65795	558	119	164	0	66636
11958	614	402	92	62841	0	63949
11959	473	145	85	62166	0	62869
11960	187	63365	132	929	0	64613
11961	207	526	101	61691	0	62525
11962	163	64118	126	612	0	65019
11963	223	535	98	62784	0	63640
11964	215	403	93	61882	0	62593
11965	59207	131	102	918	0	60358
11966	648	167	60501	467	0	61783
11967	475	60040	544	210	0	61269
11968	227	544	381	59873	0	61025
11969	61181	417	210	637	0	62445
11970	61539	134	142	550	0	62365
11971	62286	126	174	246	0	62832
11972	974	211	62031	186	0	63402
11973	61023	146	602	212	0	61983
11974	660	154	434	62660	0	63908
11975	61585	131	154	775	0	62645
11976	680	61900	153	540	0	63273
11977	541	621	106	62460	0	63728
11978	61899	450	142	671	0	63162
11979	675	64076	169	582	0	65502
11980	555	636	116	64198	0	65505
11981	329	515	65146	694	0	66684
11982	62139	200	670	609	0	63618
11983	67326	183	506	292	0	68307
11984	1255	208	68191	253	0	69907
11985	656	67204	738	266	0	68864
11986	286	69702	616	269	0	70873
11987	313	1167	195	68496	0	70171
11988	272	585	245	67837	0	68939
11989	268	210	154	69433	0	70065
11990	320	227	70897	1300	0	72744
11991	67944	203	788	762	0	69697
11992	73864	197	575	358	0	74994
11993	75666	230	218	330	0	76444
11994	75761	216	166	340	0	76483
11995	76795	227	200	315	0	77537
11996	77741	215	196	350	0	78502
11997	1554	207	226	81212	0	83199
11998	916	280	81353	1130	0	83679
11999	497	291	82349	792	0	83929
12000	423	241	1523	80968	0	83155
12001	441	249	719	80969	0	82378
12002	458	269	236	78670	0	79633
12003	433	82716	251	1690	0	85090
12004	81925	1117	197	926	0	84165
12005	1258	85624	275	498	0	87655
12006	964	1152	221	83409	0	85746
12007	81216	781	221	1367	0	83585
12008	1275	83314	235	1059	0	85883
12009	970	1268	219	83308	0	85765
12010	533	863	208	84781	0	86385
12011	449	342	180	84524	0	85495
12012	415	83844	210	2019	0	86488
12013	460	1166	173	85597	0	87396
12014	482	882	85566	1490	0	88420
12015	428	345	1155	86886	0	88814
12016	487	300	800	88351	0	89938
12017	490	322	220	93625	0	94657
12018	506	298	184	95619	0	96607
12019	599	354	93583	2440	0	96976
12020	484	93552	1448	1474	0	96958
12021	526	1493	990	92458	0	95467
12022	505	1042	335	95990	0	97872
12023	519	382	257	92040	0	93198
12024	468	93721	351	2658	0	97198
12025	446	97553	342	1607	0	99948
12026	95079	2289	206	764	0	98338
12027	1709	1189	179	93260	0	96337
12028	1277	457	93258	1865	0	96857
12029	458	92988	1477	1569	0	96492
12030	89662	1524	1077	702	0	92965
12031	1646	1086	89763	619	0	93114
12032	1187	453	89142	618	0	91400
12033	499	319	88630	581	0	90029
12034	382	899	2309	84164	0	87754
12035	421	356	86715	1704	0	89196
12036	258	82747	1671	1331	0	86007
12037	272	1238	1023	78870	0	81403
12038	355	877	81484	1432	0	84148
12039	252	387	1396	79242	0	81277
12040	78112	251	980	1658	0	81001
12041	1369	332	79092	1202	0	81995
12042	75645	259	1394	670	0	77968
12043	1402	80819	1032	637	0	83890
12044	80403	1293	431	540	0	82667
12045	1519	910	376	79935	0	82740
12046	80441	381	366	1571	0	82759
12047	80115	311	391	1207	0	82024
12048	78160	347	373	657	0	79537
12049	2077	80347	461	816	0	83701
12050	79995	1293	406	580	0	82274
12051	79675	906	415	574	0	81570
12052	2236	383	79429	558	0	82606
12053	1246	78765	1442	602	0	82055
12054	681	1428	1051	77293	0	80453
12055	572	1050	509	78870	0	81001
12056	549	441	396	80084	0	81470
12057	511	362	78440	2322	0	81635
12058	445	337	1454	77666	0	79902
12059	494	392	79126	1778	0	81790
12060	76449	343	1541	1376	0	79709
12061	78954	307	1096	841	0	81198
12062	2202	381	78884	735	0	82202
12063	77524	361	1483	717	0	80085
12064	79662	312	1115	713	0	81802
12065	80213	347	551	682	0	81793
12066	2377	310	469	78408	0	81564
12067	1406	430	79657	1685	0	83178
12068	724	79742	1589	1388	0	83443
12069	707	1322	1045	78401	0	81475
12070	711	1043	80090	1705	0	83549
12071	632	472	77569	1429	0	80102
12072	71728	497	1939	811	0	74975
12073	1358	78844	1202	775	0	82179
12074	78823	1272	555	797	0	81447
12075	78558	915	538	750	0	80761
12076	1953	79195	645	772	0	82565
12077	78882	1220	599	640	0	81341
12078	1617	952	81389	652	0	84610
12079	1208	474	80153	564	0	82399
12080	861	390	80208	510	0	81969
12081	647	77821	2049	567	0	81084
12082	74698	1117	1528	445	0	77788
12083	73872	784	670	494	0	75820
12084	1829	72836	602	495	0	75762
12085	1087	75203	614	552	0	77456
12086	677	1585	559	73465	0	76286
12087	586	956	472	74616	0	76630
12088	74184	506	512	1633	0	76835
12089	1293	75472	507	1069	0	78341
12090	72947	1160	473	546	0	75126
12091	70381	847	449	509	0	72186
12092	1804	472	71013	500	0	73789
12093	1147	69769	1139	447	0	72502
12094	958	1331	1135	68129	0	71553
12095	67639	780	491	946	0	69856
12096	1437	428	458	66684	0	69007
12097	62634	283	505	863	0	64285
12098	1193	313	61697	688	0	63891
12099	898	60296	1022	413	0	62629
12100	593	61141	790	377	0	62901
12101	680	1471	573	54507	0	57231
12102	454	61659	511	694	0	63318
12103	60935	910	379	722	0	62946
12104	890	729	60200	351	0	62170
12105	56027	447	777	341	0	57592
12106	1005	411	61469	364	0	63249
12107	822	299	826	59901	0	61848
12108	623	315	589	60945	0	62472
12109	590	286	363	62123	0	63362
12110	60712	258	323	1051	0	62344
12111	1015	263	61778	652	0	63708
12112	809	238	715	60511	0	62273
12113	552	292	538	59688	0	61070
12114	442	59248	356	1014	0	61060
12115	406	58597	319	609	0	59931
12116	448	59774	276	420	0	60918
12117	372	1034	184	54054	0	55644
12118	290	438	266	51117	0	52111
12119	144	49663	125	417	0	50349
12120	133	50270	109	235	0	50747
12121	48695	316	277	191	0	49479
12122	255	212	77	48741	0	49285
12123	184	48377	72	170	0	48803
12124	48405	150	164	138	0	48857
12125	225	120	43	48828	0	49216
12126	53009	48	67	171	0	53295
12127	283	39	57	54650	0	55029
12128	217	107	56592	288	0	57204
12129	54	56966	262	247	0	57529
12130	53895	252	164	123	0	54434
12131	315	194	57448	81	0	58038
12132	173	57946	258	94	0	58471
12133	54	217	291	57738	0	58300
12134	49	114	32	58226	0	58421
12135	40	43	23	57389	0	57495
12136	57	35	32	57185	0	57309
12137	63	76	57680	362	0	58181
12138	36	57156	213	235	0	57640
12139	55	198	108	56710	0	57071
12140	53897	129	37	233	0	54296
12141	156	56839	57	248	0	57300
12142	140	194	23	58841	0	59198
12143	102	208	58998	317	0	59625
12144	37	60027	323	275	0	60662
12145	250	372	219	52181	0	53022
12146	28	61735	101	222	0	62086
12147	61904	322	31	144	0	62401
12148	61399	217	21	117	0	61754
12149	578	72	60877	73	0	61600
12150	58509	43	325	124	0	59001
12151	61009	21	250	117	0	61397
12152	615	68	60231	57	0	60971
12153	259	61041	357	96	0	61753
12154	77	325	238	61715	0	62355
12155	86	244	36	62889	0	63255
12156	62751	28	49	607	0	63435
12157	363	40	36	62122	0	62561
12158	278	66	62960	362	0	63666
12159	55712	37	382	340	0	56471
12160	442	85	62180	99	0	62806
12161	271	62528	424	132	0	63355
12162	59693	366	294	86	0	60439
12163	406	305	61984	61	0	62756
12164	347	105	60294	62	0	60808
12165	58	62088	603	119	0	62868
12166	67	383	257	62628	0	63335
12167	119	325	61799	409	0	62652
12168	91	79	405	54928	0	55503
12169	79	64	278	61018	0	61439
12170	86	74	60072	663	0	60895
12171	45	60347	419	379	0	61190
12172	69	421	279	60978	0	61747
12173	59891	271	61	431	0	60654
12174	59057	72	69	316	0	59514
12175	629	71	55	59406	0	60161
12176	341	119	59313	442	0	60215
12177	121	105	62042	312	0	62580
12178	93	83	631	60813	0	61620
12179	110	101	61068	481	0	61760
12180	57639	55	453	360	0	58507
12181	492	61	325	62840	0	63718
12182	388	55	88	63714	0	64245
12183	87	64602	141	851	0	65681
12184	105	510	71	65960	0	66646
12185	102	413	63639	534	0	64688
12186	58430	100	469	479	0	59478
12187	63132	84	353	164	0	63733
12188	808	95	64609	146	0	65658
12189	399	79	490	67376	0	68344
12190	131	71	377	70387	0	70966
12191	160	113	70473	1101	0	71847
12192	130	54	673	70193	0	71050
12193	171	79	482	71697	0	72429
12194	105	74278	172	1135	0	75690
12195	158	719	133	75705	0	76715
12196	139	523	102	76714	0	77478
12197	77777	110	125	1300	0	79312
12198	80045	102	150	645	0	80942
12199	81568	120	108	289	0	82085
12200	80903	91	114	217	0	81325
12201	80491	88	143	226	0	80948
12202	1425	146	77414	222	0	79207
12203	706	84	866	76137	0	77793
12204	230	57	618	78845	0	79750
12205	205	138	78063	1394	0	79800
12206	73296	96	863	789	0	75044
12207	76702	111	628	258	0	77699
12208	1447	184	75304	179	0	77114
12209	75936	55	860	256	0	77107
12210	78335	61	635	212	0	79243
12211	1518	145	78090	152	0	79905
12212	812	153	952	73870	0	75787
12213	259	82151	712	822	0	83944
12214	264	892	190	84953	0	86299
12215	211	592	170	85079	0	86052
12216	236	122	150	85097	0	85605
12217	256	139	83238	1581	0	85214
12218	78223	68	1009	811	0	80111
12219	83302	79	713	259	0	84353
12220	1570	77	204	82727	0	84578
12221	808	104	81883	1056	0	83851
12222	277	86	1002	80588	0	81953
12223	237	103	84491	1122	0	85953
12224	263	101	85167	815	0	86346
12225	166	86180	1636	319	0	88301
12226	284	954	793	81430	0	83461
12227	81311	540	262	916	0	83029
12228	78780	90	155	720	0	79745
12229	80673	58	172	253	0	81156
12230	1489	68	169	78391	0	80117
12231	736	82934	185	1083	0	84938
12232	271	921	122	84298	0	85612
12233	220	708	87544	1095	0	89567
12234	90748	109	1016	876	0	92749
12235	98531	70	729	337	0	99667
12236	1981	69	216	98668	0	100934
12237	970	90	188	99446	0	100694
12238	321	115	161	100851	0	101448
12239	296	105	98286	2044	0	100731
12240	83138	103	1315	1325	0	85881
12241	1251	96660	935	479	0	99325
12242	773	93561	281	385	0	95000
12243	378	1477	93749	242	0	95846
12244	289	898	1076	91035	0	93298
12245	239	173	94314	1169	0	95895
12246	86468	280	1156	837	0	88741
12247	1156	113	694	91020	0	92983
12248	876	157	91345	1086	0	93464
12249	333	93571	1094	1078	0	96076
12250	90641	1006	769	378	0	92794
12251	1252	743	95735	329	0	98059
12252	834	94720	1167	396	0	97117
12253	317	96405	811	345	0	97878
12254	95951	1533	264	320	0	98068
12255	1235	756	195	95991	0	98177
12256	918	233	99478	1256	0	101885
12257	305	99645	1187	1016	0	102153
12258	99478	1035	792	399	0	101704
12259	99575	726	293	316	0	100910
12260	1733	99270	307	416	0	101726
12261	979	1151	101054	282	0	103466
12262	361	741	1175	100859	0	103136
12263	101545	204	844	1253	0	103846
12264	101424	153	324	912	0	102813
12265	1896	264	101552	423	0	104135
12266	1071	312	1212	97786	0	100381
12267	448	184	834	101830	0	103296
12268	374	198	102379	1795	0	104746
12269	383	254	100793	932	0	102362
12270	101150	217	1841	416	0	103624
12271	104330	206	951	332	0	105819
12272	104878	199	352	351	0	105780
12273	105140	207	345	377	0	106069
12274	1965	221	102450	357	0	104993
12275	101849	163	1288	336	0	103636
12276	1545	151	864	101442	0	104002
12277	1079	240	102893	1279	0	105491
12278	507	223	102445	994	0	104169
12279	363	102298	1908	605	0	105174
12280	387	1089	911	98583	0	100970
12281	408	794	100675	1178	0	103055
12282	95181	302	1249	882	0	97614
12283	1387	396	925	86398	0	89106
12284	917	99710	422	977	0	102026
12285	99936	1076	430	833	0	102275
12286	100001	689	408	484	0	101582
12287	1875	296	100024	417	0	102612
12288	1036	98523	1326	460	0	101345
12289	496	1014	803	94425	0	96738
12290	94221	673	414	1081	0	96389
12291	1233	271	377	93625	0	95506
12292	908	346	91665	1078	0	93997
12293	80382	277	1008	810	0	82477
12294	1018	89459	806	415	0	91698
12295	701	86679	385	348	0	88113
12296	404	90194	387	351	0	91336
12297	88395	1246	1022	374	0	91037
12298	87305	606	365	285	0	88561
12299	87612	249	331	257	0	88449
12300	1359	208	271	86464	0	88302
12301	837	258	87671	827	0	89593
12302	458	212	860	87786	0	89316
12303	88504	196	670	883	0	90253
12304	1002	177	304	89076	0	90559
12305	90897	169	274	948	0	92288
12306	90797	168	265	669	0	91899
12307	89839	161	439	368	0	90807
12308	1255	90009	375	391	0	92030
12309	89431	782	338	284	0	90835
12310	1005	613	88534	247	0	90399
12311	849	280	88312	212	0	89653
12312	459	87182	1275	284	0	89200
12313	817	770	798	81826	0	84211
12314	82253	483	282	711	0	83729
12315	971	231	81884	563	0	83649
12316	79557	146	791	241	0	80735
12317	936	189	621	78293	0	80039
12318	660	81805	371	763	0	83599
12319	345	748	308	82683	0	84084
12320	364	535	82885	748	0	84532
12321	76132	185	849	660	0	77826
12322	931	256	83913	323	0	85423
12323	730	199	80520	219	0	81668
12324	76099	160	1022	235	0	77516
12325	895	78427	622	301	0	80245
12326	79969	674	282	196	0	81121
12327	80074	488	228	211	0	81001
12328	1266	265	78820	201	0	80552
12329	76079	141	766	251	0	77237
12330	900	206	77792	267	0	79165
12331	581	171	73650	233	0	74635
12332	469	178	74135	264	0	75046
12333	345	69739	971	331	0	71386
12334	61453	854	2028	325	0	64660
12335	60067	239	362	402	0	61070
12336	59775	72	102	142	0	60091
12337	59929	58	93	118	0	60198
12338	644	116	59969	78	0	60807
12339	366	45	364	59122	0	59897
12340	224	72	258	60633	0	61187
12341	60474	62	101	547	0	61184
12342	404	60288	146	314	0	61152
12343	328	315	102	59595	0	60340
12344	59075	224	112	386	0	59797
12345	430	134	60131	248	0	60943
12346	331	88	343	59073	0	59835
12347	174	142	61183	415	0	61914
12348	154	60425	408	386	0	61373
12349	292	449	464	56668	0	57873
12350	56484	222	118	409	0	57233
12351	386	82	99	58344	0	58911
12352	597	123	58053	385	0	59158
12353	139	58632	383	399	0	59553
12354	57229	306	300	171	0	58006
12355	447	283	57678	94	0	58502
12356	53933	74	497	111	0	54615
12357	403	57363	302	121	0	58189
12358	57651	346	206	100	0	58303
12359	58358	295	89	121	0	58863
12360	683	74	88	58329	0	59174
12361	406	164	57989	423	0	58982
12362	143	58908	398	417	0	59866
12363	139	371	322	60760	0	61592
12364	165	304	101	61934	0	62504
12365	144	75	88	64456	0	64763
12366	138	76	105	66006	0	66325
12367	124	73734	158	1028	0	75044
12368	75530	724	92	525	0	76871
12369	765	76172	153	279	0	77369
12370	624	836	91	77959	0	79510
12371	79042	543	74	1011	0	80670
12372	975	119	93	79368	0	80555
12373	723	169	79211	983	0	81086
12374	208	79112	938	806	0	81064
12375	233	875	593	78542	0	80243
12376	178	616	139	80566	0	81499
12377	76934	146	101	1450	0	78631
12378	1007	191	76896	720	0	78814
12379	74978	143	953	295	0	76369
12380	76172	120	637	262	0	77191
12381	76544	164	171	267	0	77146
12382	1620	254	75680	268	0	77822
12383	805	188	957	74143	0	76093
12384	323	150	652	75191	0	76316
12385	319	222	75725	1565	0	77831
12386	255	210	76450	861	0	77776
12387	75192	137	1549	390	0	77268
12388	1141	150	738	77100	0	79129
12389	78431	145	278	1156	0	80010
12390	79269	185	211	866	0	80531
12391	1792	154	190	78523	0	80659
12392	941	253	83300	1247	0	85741
12393	78841	144	1233	941	0	81159
12394	1373	159	816	84542	0	86890
12395	1049	337	84354	1468	0	87208
12396	403	83171	1272	1029	0	85875
12397	81625	1189	825	405	0	84044
12398	1311	83218	350	504	0	85383
12399	1163	1248	386	71975	0	74772
12400	437	83663	432	1203	0	85735
12401	81371	1239	271	924	0	83805
12402	81306	804	296	535	0	82941
12403	1984	81765	357	618	0	84724
12404	81205	1154	312	452	0	83123
12405	79842	815	277	520	0	81454
12406	2002	79076	407	541	0	82026
12407	79350	1172	322	425	0	81269
12408	1606	802	322	77918	0	80648
12409	1209	293	319	79117	0	80938
12410	78444	254	291	1917	0	80906
12411	1650	215	275	72279	0	74419
12412	1144	76440	369	1337	0	79290
12413	76299	1184	327	970	0	78780
12414	75455	886	299	498	0	77138
12415	1961	76573	398	575	0	79507
12416	77105	1245	330	437	0	79117
12417	77317	926	325	385	0	78953
12418	2225	342	284	75596	0	78447
12419	1418	394	75582	1399	0	78793
12420	749	75491	1231	1132	0	78603
12421	76023	1252	849	577	0	78701
12422	75991	932	333	537	0	77793
12423	2291	450	74320	516	0	77577
12424	73980	342	1226	503	0	76051
12425	1781	404	73081	529	0	75795
12426	71959	414	1312	476	0	74161
12427	1733	459	861	71952	0	75005
12428	1358	489	72030	1401	0	75278
12429	779	527	72754	1102	0	75162
12430	970	598	1816	70249	0	73633
12431	737	439	920	70807	0	72903
12432	773	466	69151	1963	0	72353
12433	916	428	1210	68805	0	71359
12434	903	483	70038	1461	0	72885
12435	907	458	1371	68702	0	71438
12436	1017	482	909	66850	0	69258
12437	894	67471	528	1953	0	70846
12438	891	67551	474	1322	0	70238
12439	862	70178	481	877	0	72398
12440	902	1873	450	68628	0	71853
12441	835	1002	488	69889	0	72214
12442	822	600	68697	2157	0	72276
12443	65915	387	1338	1335	0	68975
12444	69187	379	1063	739	0	71368
12445	2355	67926	590	701	0	71572
12446	68260	1235	506	544	0	70545
12447	1851	953	476	66736	0	70016
12448	68003	397	517	1499	0	70416
12449	68152	371	496	1164	0	70183
12450	2376	402	472	66569	0	69819
12451	62838	435	517	1479	0	65269
12452	1593	62096	528	1210	0	65427
12453	1244	63076	537	713	0	65570
12454	884	1764	571	57762	0	60981
12455	862	62480	570	1226	0	65138
12456	878	1255	404	58503	0	61040
12457	858	895	365	59707	0	61825
12458	57905	407	401	1659	0	60372
12459	1493	57141	453	1100	0	60187
12460	56305	1129	429	586	0	58449
12461	54502	755	416	624	0	56297
12462	1797	55024	437	713	0	57971
12463	53427	1075	410	584	0	55496
12464	1600	769	52422	613	0	55404
12465	903	49518	998	620	0	52039
12466	45916	883	661	535	0	47995
12467	934	477	40297	384	0	42092
12468	541	36681	630	348	0	38200
12469	456	37337	563	342	0	38698
12470	33743	702	746	276	0	35467
12471	33171	405	180	205	0	33961
12472	33071	232	155	179	0	33637
12473	786	32911	160	245	0	34102
12474	479	499	131	32956	0	34065
12475	32965	336	150	543	0	33994
12476	33102	177	165	430	0	33874
12477	774	175	126	32637	0	33712
12478	504	200	33056	497	0	34257
12479	321	235	32894	400	0	33850
12480	287	157	681	32313	0	33438
12481	281	146	388	33133	0	33948
12482	277	160	33351	714	0	34502
12483	318	129	466	31070	0	31983
12484	247	32889	404	538	0	34078
12485	31943	411	205	374	0	32933
12486	529	319	167	31577	0	32592
12487	30303	136	157	467	0	31063
12488	459	30816	169	438	0	31882
12489	383	31291	154	245	0	32073
12490	30461	465	121	241	0	31288
12491	398	299	29818	226	0	30741
12492	23828	180	273	141	0	24422
12493	285	24719	233	156	0	25393
12494	162	154	68	22577	0	22961
12495	22494	119	100	192	0	22905
12496	182	69	52	22333	0	22636
12497	23047	56	42	223	0	23368
12498	22514	45	57	170	0	22786
12499	244	23853	57	110	0	24264
12500	23062	105	28	102	0	23297
12501	148	22905	48	72	0	23173
12502	22807	148	81	69	0	23105
12503	141	146	18	22809	0	23114
12504	23374	67	31	149	0	23621
12505	149	58	25	23828	0	24060
12506	25249	49	18	187	0	25503
12507	25752	60	11	149	0	25972
12508	25977	42	32	88	0	26139
12509	26195	37	19	77	0	26328
12510	26248	40	26	57	0	26371
12511	250	42	26	26644	0	26962
12512	26244	39	27	138	0	26448
12513	177	25998	32	157	0	26364
12514	158	142	26059	66	0	26425
12515	104	100	100	25295	0	25599
12516	89	62	26964	140	0	27255
12517	57	22	104	27357	0	27540
12518	75	50	28548	182	0	28855
12519	26958	31	145	132	0	27266
12520	173	27	99	28486	0	28785
12521	139	51	28432	144	0	28766
12522	115	45	29590	117	0	29867
12523	72	160	198	29670	0	30100
12524	34256	23	114	214	0	34607
12525	189	36866	67	185	0	37307
12526	37040	200	66	84	0	37390
12527	36891	169	30	41	0	37131
12528	344	37528	57	91	0	38020
12529	39308	197	40	115	0	39660
12530	269	156	67	39554	0	40046
12531	190	67	28	39677	0	39962
12532	94	23	36	40189	0	40342
12533	39833	38	31	396	0	40298
12534	233	40404	49	245	0	40931
12535	195	248	44	40550	0	41037
12536	93	181	42	40922	0	41238
12537	40659	65	37	435	0	41196
12538	300	45	22	40717	0	41084
12539	223	79	41681	343	0	42326
12540	109	43487	315	257	0	44168
12541	43369	341	243	119	0	44072
12542	410	326	86	41680	0	42502
12543	289	44567	65	366	0	45287
12544	43925	341	49	301	0	44616
12545	436	299	43939	121	0	44795
12546	302	44041	366	91	0	44800
12547	44234	390	265	83	0	44972
12548	385	301	75	43852	0	44613
12549	298	84	25	44200	0	44607
12550	151	72	44266	637	0	45126
12551	99	50	353	42926	0	43428
12552	105	103	48180	454	0	48842
12553	116	77	46525	325	0	47043
12554	108	96	49024	112	0	49340
12555	46763	93	667	119	0	47642
12556	48497	40	353	94	0	48984
12557	50048	57	103	61	0	50269
12558	698	48	69	48636	0	49451
12559	359	49990	97	362	0	50808
12560	134	50719	76	342	0	51271
12561	50920	606	42	152	0	51720
12562	50638	330	46	125	0	51139
12563	602	51337	72	140	0	52151
12564	50164	350	109	77	0	50700
12565	440	338	49409	77	0	50264
12566	339	110	49812	62	0	50323
12567	116	49	579	45948	0	46692
12568	83	61	332	50346	0	50822
12569	127	71	50519	572	0	51289
12570	81	45	384	48742	0	49252
12571	50253	26	334	409	0	51022
12572	393	54	50446	313	0	51206
12573	48044	39	382	129	0	48594
12574	451	30	297	51044	0	51822
12575	378	66	53242	407	0	54093
12576	131	54012	413	326	0	54882
12577	54251	383	317	110	0	55061
12578	449	315	53433	75	0	54272
12579	51879	81	397	74	0	52431
12580	448	53	296	53431	0	54228
12581	53764	65	116	444	0	54389
12582	498	98	57926	307	0	58829
12583	352	58	407	58082	0	58899
12584	61050	51	310	455	0	61866
12585	61605	52	113	373	0	62143
12586	64265	50	85	171	0	64571
12587	64684	42	95	134	0	64955
12588	791	45	99	62816	0	63751
12589	437	41	74	62809	0	63361
12590	211	101	63532	782	0	64626
12591	191	66	466	62438	0	63161
12592	168	71	355	62221	0	62815
12593	124	65339	148	803	0	66414
12594	65464	480	80	426	0	66450
12595	66551	344	79	165	0	67139
12596	846	70428	126	286	0	71686
12597	479	639	100	69493	0	70711
12598	207	401	92	71009	0	71709
12599	68285	87	78	1083	0	69533
12600	799	103	73204	537	0	74643
12601	520	91	686	73680	0	74977
12602	242	129	75033	852	0	76256
12603	70975	62	731	579	0	72347
12604	75405	60	454	201	0	76120
12605	76437	48	128	189	0	76802
12606	1159	59	97	74466	0	75781
12607	575	76	89	74513	0	75253
12608	74494	65	102	1136	0	75797
12609	841	241	73846	595	0	75523
12610	526	91	703	73574	0	74894
12611	74295	81	447	795	0	75618
12612	761	61	142	74711	0	75675
12613	613	120	80062	775	0	81570
12614	234	138	78515	540	0	79427
12615	74084	82	1110	286	0	75562
12616	743	79854	575	292	0	81464
12617	82007	629	149	274	0	83059
12618	82827	398	133	311	0	83669
12619	1104	94	129	83282	0	84609
12620	604	151	139	82810	0	83704
12621	232	83853	180	1074	0	85339
12622	82830	612	114	594	0	84150
12623	745	85521	189	276	0	86731
12624	501	84120	130	239	0	84990
12625	223	850	111	81182	0	82366
12626	81019	383	86	687	0	82175
12627	82291	96	111	479	0	82977
12628	996	69	93	81523	0	82681
12629	529	69	83	79883	0	80564
12630	256	63	94	80068	0	80481
12631	78606	71	110	1021	0	79808
12632	777	180	79477	550	0	80984
12633	474	79593	659	275	0	81001
12634	79106	512	427	228	0	80273
12635	679	597	139	78755	0	80170
12636	534	179	79929	624	0	81266
12637	306	155	79310	495	0	80266
12638	223	80255	838	288	0	81604
12639	192	81406	401	256	0	82255
12640	294	811	348	78191	0	79644
12641	187	77888	120	480	0	78675
12642	207	502	80	78941	0	79730
12643	179	275	80	79740	0	80274
12644	79825	94	89	750	0	80758
12645	541	95	80	80178	0	80894
12646	381	105	77	80766	0	81329
12647	282	127	80447	735	0	81591
12648	215	86	439	80673	0	81413
12649	81392	100	291	628	0	82411
12650	81382	87	110	452	0	82031
12651	767	85613	284	342	0	87006
12652	83128	494	185	251	0	84058
12653	788	412	83724	264	0	85188
12654	476	84247	609	310	0	85642
12655	262	562	380	85734	0	86938
12656	244	378	143	87012	0	87777
12657	254	151	143	86896	0	87444
12658	86726	130	150	1053	0	88059
12659	80181	127	275	589	0	81172
12660	1021	202	86186	278	0	87687
12661	591	204	85274	280	0	86349
12662	382	195	86831	306	0	87714
12663	243	88131	968	313	0	89655
12664	232	89628	469	340	0	90669
12665	89472	914	130	343	0	90859
12666	88026	462	167	317	0	88972
12667	1012	143	135	90369	0	91659
12668	556	147	121	88406	0	89230
12669	260	92325	181	1114	0	93880
12670	270	610	175	93989	0	95044
12671	327	519	93027	848	0	94721
12672	258	94027	736	781	0	95802
12673	260	657	454	94313	0	95684
12674	329	581	97801	718	0	99429
12675	375	238	618	88976	0	90207
12676	246	96036	517	754	0	97553
12677	98758	665	174	637	0	100234
12678	98281	499	139	345	0	99264
12679	100740	193	133	359	0	101425
12680	1200	263	146	101320	0	102929
12681	692	222	134	101471	0	102519
12682	100571	177	166	1377	0	102291
12683	861	100224	227	769	0	102081
12684	101150	758	234	392	0	102534
12685	1036	649	103358	325	0	105368
12686	102731	203	891	299	0	104124
12687	105143	181	654	346	0	106324
12688	1593	159	209	103324	0	105285
12689	107562	165	204	988	0	108919
12690	107339	209	179	842	0	108569
12691	1615	196	191	108651	0	110653
12692	887	273	108785	1071	0	111016
12693	98075	204	1049	918	0	100246
12694	1229	284	110080	319	0	111912
12695	778	111935	1119	383	0	114215
12696	521	838	807	110624	0	112790
12697	208	661	232	112701	0	113802
12698	118171	196	175	1587	0	120129
12699	1092	259	120019	890	0	122260
12700	895	332	1012	107062	0	109301
12701	276	117994	907	1003	0	120180
12702	267	116208	350	894	0	117719
12703	278	1717	271	116180	0	118446
12704	346	972	116582	1195	0	119095
12705	289	346	1085	115480	0	117200
12706	343	275	845	113764	0	115227
12707	370	456	113500	1802	0	116128
12708	292	117461	1004	1188	0	119945
12709	109995	1109	880	538	0	112522
12710	1063	119113	346	610	0	121132
12711	1023	1171	232	113275	0	115701
12712	110173	950	258	1224	0	112605
12713	1035	111954	413	1168	0	114570
12714	997	1146	113068	469	0	115680
12715	105505	926	1125	484	0	108040
12716	1103	114706	1003	508	0	117320
12717	113707	1105	309	458	0	115579
12718	1421	993	111194	397	0	114005
12719	107454	320	1133	432	0	109339
12720	1354	283	914	108685	0	111236
12721	1191	395	106434	6180	0	114200
12722	589	332	1070	104408	0	106399
12723	455	107009	936	1392	0	109792
12724	512	1136	311	108367	0	110326
12725	552	928	289	107175	0	108944
12726	646	412	106581	1917	0	109556
12727	606	292	1166	105520	0	107584
12728	693	468	95812	1387	0	98360
12729	627	106714	1039	1480	0	109860
12730	680	1181	864	105784	0	108509
12731	811	1100	108268	1389	0	111568
12732	652	108764	1265	1391	0	112072
12733	658	110936	1085	776	0	113455
12734	844	1979	109618	635	0	113076
12735	821	1172	109064	620	0	111677
12736	757	351	2006	106905	0	110019
12737	107644	383	1148	1554	0	110729
12738	1655	107918	454	1644	0	111671
12739	1503	1391	376	105507	0	108777
12740	106318	1066	406	1617	0	109407
12741	1790	108473	442	1684	0	112389
12742	108189	1279	431	738	0	110637
12743	1825	110761	534	803	0	113923
12744	110830	1378	472	710	0	113390
12745	110176	1137	487	781	0	112581
12746	111398	487	474	758	0	113117
12747	2712	117555	615	931	0	121813
12748	1874	1555	485	118559	0	122473
12749	1247	1305	116343	2031	0	120926
12750	1084	116435	1802	1881	0	121202
12751	1154	1717	1299	112635	0	116805
12752	1268	1212	706	113037	0	116223
12753	1173	618	109789	2520	0	114100
12754	1121	107556	1715	1644	0	112036
12755	105716	1454	1391	849	0	109410
12756	2070	106268	631	947	0	109916
12757	1666	1495	524	105677	0	109362
12758	946	1227	106223	1995	0	110391
12759	98900	497	1831	1554	0	102782
12760	1851	479	1324	106571	0	110225
12761	1304	618	105452	2043	0	109417
12762	96021	610	1842	1536	0	100009
12763	1666	102557	1295	1018	0	106536
12764	102818	1712	801	952	0	106283
12765	102429	1525	450	1018	0	105422
12766	2245	635	527	102745	0	106152
12767	1276	694	102269	2064	0	106303
12768	618	102178	1719	1665	0	106180
12769	535	1833	101130	916	0	104414
12770	369	1490	1572	97029	0	100460
12771	410	979	1221	100916	0	103526
12772	98024	714	647	2603	0	101988
12773	1557	649	98410	1773	0	102389
12774	1102	95313	1846	792	0	99053
12775	599	1720	1099	93263	0	96681
12776	518	1287	477	94979	0	97261
12777	92168	679	536	2104	0	95487
12778	1545	93829	393	1295	0	97062
12779	1270	1502	328	89933	0	93033
12780	86866	1228	332	1451	0	89877
12781	1264	87807	432	1251	0	90754
12782	84992	1253	320	387	0	86952
12783	83671	1012	367	343	0	85393
12784	1939	83221	519	607	0	86286
12785	76165	1038	260	259	0	77722
12786	1040	77048	296	377	0	78761
12787	76397	938	245	333	0	77913
12788	75691	669	300	295	0	76955
12789	1483	75098	251	365	0	77197
12790	71514	829	222	297	0	72862
12791	72484	617	148	257	0	73506
12792	72516	230	166	282	0	73194
12793	1437	280	71106	280	0	73103
12794	738	286	67052	250	0	68326
12795	289	260	67114	194	0	67857
12796	65454	364	1499	246	0	67563
12797	903	272	65912	251	0	67338
12798	629	223	58757	173	0	59782
12799	371	447	1146	54247	0	56211
12800	56084	150	533	725	0	57492
12801	828	193	56505	508	0	58034
12802	580	213	59408	219	0	60420
12803	311	148	1103	57383	0	58945
12804	278	165	539	59765	0	60747
12805	251	175	164	60731	0	61321
12806	283	210	59852	1183	0	61528
12807	276	178	722	58978	0	60154
12808	58444	178	523	838	0	59983
12809	850	59559	242	668	0	61319
12810	648	809	151	58578	0	60186
12811	336	604	128	60001	0	61069
12812	317	284	62055	1181	0	63837
12813	280	60925	863	643	0	62711
12814	60618	814	592	241	0	62265
12815	862	62396	288	353	0	63899
12816	685	861	213	61848	0	63607
12817	317	652	61963	891	0	63823
12818	316	246	928	64694	0	66184
12819	308	169	675	65849	0	67001
12820	65538	166	377	1375	0	67456
12821	1025	192	286	63202	0	64705
12822	745	64558	321	1025	0	66649
12823	298	67029	388	755	0	68470
12824	320	1413	67254	364	0	69351
12825	65598	670	1064	310	0	67642
12826	1099	220	747	67523	0	69589
12827	849	134	299	68189	0	69471
12828	342	199	307	69255	0	70103
12829	68740	199	248	1628	0	70815
12830	1032	69603	320	1133	0	72088
12831	68929	947	332	404	0	70612
12832	1093	691	66106	390	0	68280
12833	821	255	65341	330	0	66747
12834	66642	174	1523	364	0	68703
12835	1210	254	893	66846	0	69203
12836	823	231	324	68101	0	69479
12837	355	181	316	69212	0	70064
12838	306	215	68344	1657	0	70522
12839	66606	181	1112	913	0	68812
12840	68191	189	778	481	0	69639
12841	66170	194	346	440	0	67150
12842	1632	275	357	64830	0	67094
12843	830	234	64009	1169	0	66242
12844	421	249	62727	911	0	64308
12845	397	222	65033	527	0	66179
12846	313	61673	1504	508	0	63998
12847	828	857	1157	54175	0	57017
12848	53889	466	298	844	0	55497
12849	756	204	54535	693	0	56188
12850	54649	161	726	412	0	55948
12851	790	151	613	55337	0	56891
12852	631	216	258	54232	0	55337
12853	308	54285	296	1184	0	56073
12854	282	55306	344	775	0	56707
12855	274	57009	359	431	0	58073
12856	362	1035	348	56493	0	58238
12857	56225	515	280	880	0	57900
12858	55998	189	255	797	0	57239
12859	1106	208	55595	429	0	57338
12860	54263	161	777	417	0	55618
12861	834	183	55652	447	0	57116
12862	692	158	792	54729	0	56371
12863	405	173	55797	864	0	57239
12864	54309	164	795	745	0	56013
12865	778	192	720	55061	0	56751
12866	703	214	57657	766	0	59340
12867	360	239	55519	730	0	56848
12868	53645	177	1085	498	0	55405
12869	55826	153	662	465	0	57106
12870	1082	56930	377	470	0	58859
12871	656	591	316	57410	0	58973
12872	358	529	57558	792	0	59237
12873	386	272	57104	705	0	58467
12874	430	288	1013	56337	0	58068
12875	56879	217	663	826	0	58585
12876	729	56773	442	762	0	58706
12877	700	643	304	57264	0	58911
12878	57280	540	291	918	0	59029
12879	806	218	303	56386	0	57713
12880	682	57355	345	956	0	59338
12881	435	579	362	58001	0	59377
12882	57316	529	355	816	0	59016
12883	865	256	340	58245	0	59706
12884	58170	172	347	909	0	59598
12885	811	59397	390	843	0	61441
12886	59393	607	416	566	0	60982
12887	863	508	58677	478	0	60526
12888	56252	215	859	462	0	57788
12889	58400	247	664	479	0	59790
12890	1121	59395	409	475	0	61400
12891	805	694	336	57302	0	59137
12892	502	508	57589	700	0	59299
12893	435	248	56164	664	0	57511
12894	52746	514	996	463	0	54719
12895	51758	186	562	433	0	52939
12896	837	53054	297	405	0	54593
12897	573	53244	271	396	0	54484
12898	52250	670	322	470	0	53712
12899	671	52459	320	375	0	53825
12900	558	53177	350	345	0	54430
12901	435	583	259	52506	0	53783
12902	372	347	235	50609	0	51563
12903	358	160	50953	857	0	52328
12904	360	120	520	50227	0	51227
12905	49881	139	507	642	0	51169
12906	666	190	50257	516	0	51629
12907	607	177	50619	343	0	51746
12908	443	151	739	48778	0	50111
12909	386	151	534	51004	0	52075
12910	407	133	317	51017	0	51874
12911	338	172	50415	741	0	51666
12912	284	153	530	46230	0	47197
12913	281	163	446	47807	0	48697
12914	46161	130	233	601	0	47125
12915	416	45767	229	413	0	46825
12916	45324	283	218	169	0	45994
12917	454	279	45941	197	0	46871
12918	37988	71	260	139	0	38458
12919	296	43240	220	140	0	43896
12920	39881	121	71	57	0	40130
12921	147	40339	55	120	0	40661
12922	38362	105	122	58	0	38647
12923	91	38233	30	42	0	38396
12924	62	38211	43	85	0	38401
12925	137	125	268	37970	0	38500
12926	38139	54	15	79	0	38287
12927	37812	11	10	64	0	37897
12928	37800	17	17	48	0	37882
12929	126	35	37464	30	0	37655
12930	88	40	37040	15	0	37183
12931	44	38	100	37313	0	37495
12932	17	38839	61	86	0	39003
12933	33	39395	38	75	0	39541
12934	38	124	10	36900	0	37072
12935	37369	57	9	84	0	37519
12936	37377	20	17	73	0	37487
12937	37668	16	5	26	0	37715
12938	168	41	37749	21	0	37979
12939	94	9	86	38299	0	38488
12940	38	23	39322	98	0	39481
12941	38745	27	92	104	0	38968
12942	39684	16	79	46	0	39825
12943	193	27	39638	50	0	39908
12944	99	22	99	39898	0	40118
12945	39527	13	75	166	0	39781
12946	115	15	22	41140	0	41292
12947	97	12	15	41431	0	41555
12948	42	39	20	45291	0	45392
12949	47175	9	17	302	0	47503
12950	222	25	13	51746	0	52006
12951	51684	19	9	312	0	52024
12952	264	58341	58	255	0	58918
12953	220	353	16	62632	0	63221
12954	70	235	21	62729	0	63055
12955	80	37	29	59794	0	59940
12956	61798	22	17	611	0	62448
12957	402	85	20	61138	0	61645
12958	384	23	25	54396	0	54828
12959	63510	19	20	575	0	64124
12960	63721	29	29	270	0	64049
12961	63014	29	22	79	0	63144
12962	680	53	63184	37	0	63954
12963	342	54	59094	44	0	59534
12964	61517	25	601	66	0	62209
12965	411	23	287	62734	0	63455
12966	357	58	50	55701	0	56166
12967	62306	33	36	635	0	63010
12968	60897	28	32	340	0	61297
12969	57214	47	25	97	0	57383
12970	669	59367	58	148	0	60242
12971	60230	361	31	71	0	60693
12972	55900	283	28	77	0	56288
12973	611	59267	61	95	0	60034
12974	306	56653	57	123	0	57139
12975	260	561	56	52319	0	53196
12976	61335	255	42	358	0	61990
12977	61153	43	41	238	0	61475
12978	59729	29	47	121	0	59926
12979	709	28	45	58407	0	59189
12980	59553	35	39	428	0	60055
12981	500	50	59978	304	0	60832
12982	57205	32	405	155	0	57797
12983	467	59	60234	118	0	60878
12984	361	74	57296	132	0	57863
12985	138	38	602	56618	0	57396
12986	55867	44	371	477	0	56759
12987	446	50	86	56673	0	57255
12988	368	83	58311	510	0	59272
12989	203	69	57867	391	0	58530
12990	156	67	609	57223	0	58055
12991	54412	72	288	538	0	55310
12992	444	58163	103	480	0	59190
12993	427	371	65	59117	0	59980
12994	289	253	60	59269	0	59871
12995	302	88	61595	739	0	62724
12996	285	84	59926	460	0	60755
12997	253	65	639	60608	0	61565
12998	60603	55	362	618	0	61638
12999	665	120	60513	519	0	61817
13000	525	99	404	60739	0	61767
13001	334	93	323	61273	0	62023
13002	327	74	132	60419	0	60952
13003	59993	78	119	1059	0	61249
13004	742	228	52127	746	0	53843
13005	610	60390	360	640	0	62000
13006	519	472	272	60846	0	62109
13007	591	333	60406	879	0	62209
13008	600	59941	499	861	0	61901
13009	661	60969	409	654	0	62693
13010	60762	718	227	613	0	62320
13011	973	60893	228	873	0	62967
13012	61643	518	205	775	0	63141
13013	1040	441	60927	863	0	63271
13014	955	226	532	61903	0	63616
13015	61671	151	409	1426	0	63657
13016	1185	62127	220	1372	0	64904
13017	1183	554	61517	1061	0	64315
13018	1246	462	548	53202	0	55458
13019	1042	61652	482	1094	0	64270
13020	1070	663	285	62741	0	64759
13021	62328	516	353	1148	0	64345
13022	1431	63394	375	1087	0	66287
13023	64085	585	353	827	0	65850
13024	63860	433	388	822	0	65503
13025	1910	238	63372	703	0	66223
13026	1607	65441	790	659	0	68497
13027	1363	837	585	66903	0	69688
13028	1419	547	68482	974	0	71422
13029	1382	329	72059	710	0	74480
13030	1355	498	1290	71943	0	75086
13031	74208	325	925	936	0	76394
13032	72208	431	476	894	0	74009
13033	2087	334	344	73322	0	76087
13034	1551	403	74173	1149	0	77276
13035	1075	74434	911	969	0	77389
13036	75910	942	687	533	0	78072
13037	75458	772	324	494	0	77048
13038	2047	75651	394	522	0	78614
13039	75920	926	331	426	0	77603
13040	1561	720	74215	426	0	76922
13041	72983	291	1016	473	0	74763
13042	71003	235	977	489	0	72704
13043	1586	259	74058	474	0	76377
13044	1097	211	1121	71827	0	74256
13045	772	102	73179	1155	0	75208
13046	576	70945	1327	1082	0	73930
13047	534	71569	1120	692	0	73915
13048	540	1697	569	64226	0	67032
13049	407	475	65201	990	0	67073
13050	219	59415	876	644	0	61154
13051	126	56746	661	304	0	57837
13052	49262	817	315	220	0	50614
13053	48616	262	118	110	0	49106
13054	585	83	74	49309	0	50051
13055	341	69	69	47373	0	47852
13056	92	49682	94	617	0	50485
13057	48118	356	75	322	0	48871
13058	48702	271	86	106	0	49165
13059	584	49163	94	136	0	49977
13060	311	375	103	48876	0	49665
13061	137	312	48945	395	0	49789
13062	133	78	368	48550	0	49129
13063	48895	61	367	424	0	49747
13064	399	88	98	49488	0	50073
13065	349	104	70	50220	0	50743
13066	50265	76	69	645	0	51055
13067	461	80	84	48745	0	49370
13068	330	50454	103	430	0	51317
13069	140	413	91	50708	0	51352
13070	147	328	69	51040	0	51584
13071	148	108	101	49026	0	49383
13072	109	50810	142	645	0	51706
13073	143	430	91	50187	0	50851
13074	145	368	49930	464	0	50907
13075	148	103	461	48929	0	49641
13076	187	158	49341	519	0	50205
13077	143	49102	489	439	0	50173
13078	163	446	357	49855	0	50821
13079	175	340	133	49885	0	50533
13080	210	148	137	50037	0	50532
13081	182	158	104	49930	0	50374
13082	242	187	49436	786	0	50651
13083	189	49088	494	517	0	50288
13084	211	474	410	49857	0	50952
13085	263	459	50651	554	0	51927
13086	236	150	546	50690	0	51622
13087	51018	131	486	647	0	52282
13088	645	192	50382	484	0	51703
13089	48646	142	531	283	0	49602
13090	658	175	465	50281	0	51579
13091	583	263	50447	679	0	51972
13092	276	49534	639	687	0	51136
13093	297	604	455	48729	0	50085
13094	353	516	50441	672	0	51982
13095	272	49952	656	553	0	51433
13096	308	621	481	49648	0	51058
13097	50008	527	230	651	0	51416
13098	50461	229	302	565	0	51557
13099	51072	211	212	321	0	51816
13100	1103	255	50713	297	0	52368
13101	654	51690	666	303	0	53313
13102	342	637	542	51606	0	53127
13103	328	580	241	54930	0	56079
13104	56224	245	238	1103	0	57810
13105	713	58047	285	724	0	59769
13106	58885	785	202	386	0	60258
13107	58139	623	209	353	0	59324
13108	59627	291	230	365	0	60513
13109	1266	334	58844	348	0	60792
13110	58210	236	743	342	0	59531
13111	868	256	598	59010	0	60732
13112	708	244	192	58979	0	60123
13113	58010	247	172	1303	0	59732
13114	792	245	142	56450	0	57629
13115	661	56872	187	944	0	58664
13116	318	745	107	56584	0	57754
13117	54946	612	141	960	0	56659
13118	845	277	54952	771	0	56845
13119	626	54299	732	445	0	56102
13120	328	662	534	53464	0	54988
13121	53213	544	163	866	0	54786
13122	742	229	53265	795	0	55031
13123	677	650	711	51691	0	53729
13124	446	185	52677	894	0	54202
13125	426	159	51120	787	0	52492
13126	273	151	49599	347	0	50370
13127	267	137	48421	288	0	49113
13128	225	133	46721	318	0	47397
13129	39407	566	1302	255	0	41530
13130	426	41285	472	250	0	42433
13131	40085	321	153	144	0	40703
13132	39495	290	79	119	0	39983
13133	614	39799	93	168	0	40674
13134	333	40379	104	147	0	40963
13135	40064	554	220	131	0	40969
13136	39514	303	71	143	0	40031
13137	654	93	68	37524	0	38339
13138	348	39479	119	385	0	40331
13139	39835	345	85	345	0	40610
13140	378	39992	121	164	0	40655
13141	362	364	74	39765	0	40565
13142	39952	307	101	400	0	40760
13143	39593	88	95	362	0	40138
13144	638	88	94	39500	0	40320
13145	378	76	89	40018	0	40561
13146	210	104	39842	628	0	40784
13147	182	67	389	38775	0	39413
13148	175	111	40118	426	0	40830
13149	163	88	398	37975	0	38624
13150	134	78	330	38802	0	39344
13151	38587	79	126	644	0	39436
13152	38106	77	124	408	0	38715
13153	695	122	38086	165	0	39068
13154	37138	87	405	146	0	37776
13155	461	79	338	37981	0	38859
13156	442	104	38654	416	0	39616
13157	206	83	418	38220	0	38927
13158	201	75	347	40559	0	41182
13159	186	118	40789	680	0	41773
13160	215	82	401	41050	0	41748
13161	251	103	42989	476	0	43819
13162	188	114	475	44095	0	44872
13163	46886	110	418	565	0	47979
13164	592	48194	211	602	0	49599
13165	48452	556	135	158	0	49301
13166	652	50283	170	242	0	51347
13167	48691	629	105	161	0	49586
13168	693	49443	176	191	0	50503
13169	47967	644	103	138	0	48852
13170	663	49606	151	213	0	50633
13171	625	644	104	49212	0	50585
13172	311	518	49699	638	0	51166
13173	289	195	49415	529	0	50428
13174	247	197	1020	48605	0	50069
13175	48551	112	571	681	0	49915
13176	714	50032	226	705	0	51677
13177	613	636	154	49595	0	50998
13178	266	553	50132	741	0	51692
13179	276	222	50738	626	0	51862
13180	281	256	1087	45574	0	47198
13181	193	50352	632	702	0	51879
13182	49548	660	236	597	0	51041
13183	804	568	51293	230	0	52895
13184	622	198	50516	230	0	51566
13185	204	50920	1114	245	0	52483
13186	50169	638	684	208	0	51699
13187	49888	497	314	178	0	50877
13188	1080	177	199	49341	0	50797
13189	50652	115	180	680	0	51627
13190	49164	112	209	536	0	50021
13191	1067	50089	232	258	0	51646
13192	49852	593	244	174	0	50863
13193	805	517	51248	160	0	52730
13194	615	165	678	49618	0	51076
13195	260	142	549	50075	0	51026
13196	49391	149	223	1012	0	50775
13197	657	49565	230	736	0	51188
13198	48251	626	177	222	0	49276
13199	668	51109	186	231	0	52194
13200	555	50572	147	266	0	51540
13201	369	906	49636	152	0	51063
13202	273	598	48660	138	0	49669
13203	42604	367	943	175	0	44089
13204	44081	179	628	165	0	45053
13205	800	139	43797	119	0	44855
13206	416	42188	446	102	0	43152
13207	168	43235	357	113	0	43873
13208	42263	640	240	79	0	43222
13209	41913	380	102	71	0	42466
13210	702	133	76	41915	0	42826
13211	43180	110	107	439	0	43836
13212	485	100	110	42661	0	43356
13213	397	107	43040	465	0	44009
13214	190	142	41495	358	0	42185
13215	40832	101	693	149	0	41775
13216	487	112	352	40865	0	41816
13217	375	46353	154	329	0	47211
13218	46885	403	115	320	0	47723
13219	46320	313	143	145	0	46921
13220	709	142	47125	97	0	48073
13221	45560	123	452	116	0	46251
13222	48140	112	348	125	0	48725
13223	762	126	134	47349	0	48371
13224	424	48503	156	423	0	49506
13225	217	50537	146	354	0	51254
13226	220	726	100	50475	0	51521
13227	235	429	100	49427	0	50191
13228	209	136	99	50530	0	50974
13229	234	171	50139	786	0	51330
13230	228	179	48653	440	0	49500
13231	235	136	752	47609	0	48732
13232	257	161	49587	497	0	50502
13233	234	159	48852	415	0	49660
13234	199	134	795	46403	0	47531
13235	264	158	51520	523	0	52465
13236	173	51302	572	474	0	52521
13237	53759	511	504	236	0	55010
13238	591	427	220	52556	0	53794
13239	487	54013	214	498	0	55212
13240	286	543	55474	449	0	56752
13241	206	432	591	53779	0	55008
13242	224	195	58248	576	0	59243
13243	196	132	616	57030	0	57974
13244	204	118	504	59463	0	60289
13245	214	194	61699	1002	0	63109
13246	213	140	680	58459	0	59492
13247	185	62045	595	654	0	63479
13248	232	636	212	63062	0	64142
13249	255	548	63413	714	0	64930
13250	227	170	684	61996	0	63077
13251	60938	127	535	771	0	62371
13252	653	63239	213	776	0	64881
13253	560	696	188	62857	0	64301
13254	299	542	64963	730	0	66534
13255	205	64070	695	725	0	65695
13256	200	64921	582	283	0	65986
13257	337	1043	63010	231	0	64621
13258	201	598	645	59193	0	60637
13259	226	268	592	60365	0	61451
13260	240	147	60895	962	0	62244
13261	155	58676	627	589	0	60047
13262	136	58588	482	229	0	59435
13263	53604	566	112	137	0	54419
13264	363	54976	111	102	0	55552
13265	54103	363	137	122	0	54725
13266	389	262	50	52233	0	52934
13267	54769	83	84	470	0	55406
13268	418	104	55745	327	0	56594
13269	52601	64	370	150	0	53185
13270	430	143	282	56022	0	56877
13271	305	57349	128	425	0	58207
13272	57697	347	68	351	0	58463
13273	392	568	94	57142	0	58196
13274	309	59791	107	376	0	60583
13275	84	62123	97	367	0	62671
13276	60260	516	72	155	0	61003
13277	61304	280	69	91	0	61744
13278	61781	85	60	97	0	62023
13279	568	73	60	59775	0	60476
13280	297	60320	99	367	0	61083
13281	78	61470	82	331	0	61961
13282	62	514	65	60965	0	61606
13283	60372	288	69	394	0	61123
13284	58730	82	59	322	0	59193
13285	58718	58	65	148	0	58989
13286	633	98	61020	78	0	61829
13287	369	114	60267	86	0	60836
13288	62470	63	564	141	0	63238
13289	363	55	304	63898	0	64620
13290	294	83	83	64617	0	65077
13291	122	66	52	64355	0	64595
13292	98	68	62	64793	0	65021
13293	116	128	63520	661	0	64425
13294	100	66	373	61487	0	62026
13295	128	123	62996	487	0	63734
13296	55735	70	408	435	0	56648
13297	347	63410	347	170	0	64274
13298	334	344	125	64074	0	64877
13299	111	310	96	62869	0	63386
13300	62207	131	87	653	0	63078
13301	61015	102	91	407	0	61615
13302	60741	87	99	198	0	61125
13303	60202	84	120	178	0	60584
13304	676	142	61698	146	0	62662
13305	424	149	60666	139	0	61378
13306	138	101	614	60278	0	61131
13307	61959	86	354	467	0	62866
13308	60090	99	171	437	0	60797
13309	645	179	61717	195	0	62736
13310	380	78	393	59282	0	60133
13311	60534	66	345	477	0	61422
13312	431	89	152	60627	0	61299
13313	385	128	62135	488	0	63136
13314	169	114	394	60253	0	60930
13315	61791	96	345	522	0	62754
13316	387	69059	157	462	0	70065
13317	67768	383	96	258	0	68505
13318	68530	350	77	236	0	69193
13319	68167	150	102	198	0	68617
13320	712	113	94	68643	0	69562
13321	68084	97	109	451	0	68741
13322	448	73100	151	409	0	74108
13323	358	75132	119	273	0	75882
13324	184	936	130	73490	0	74740
13325	73757	484	59	604	0	74904
13326	638	78333	117	489	0	79577
13327	90039	679	83	243	0	91044
13328	93731	577	78	223	0	94609
13329	1724	101737	126	235	0	103822
13330	963	1272	92	102331	0	104658
13331	350	895	56	104471	0	105772
13332	328	284	106351	2029	0	108992
13333	348	115	1265	102667	0	104395
13334	311	197	107233	1568	0	109309
13335	214	104115	1422	1166	0	106917
13336	298	1305	836	104997	0	107436
13337	100915	846	250	1458	0	103469
13338	101265	219	175	1044	0	102703
13339	2113	147	202	102487	0	104949
13340	1004	197	101868	1472	0	104541
13341	88949	163	1324	1117	0	91553
13342	1287	99084	932	518	0	101821
13343	856	98735	281	426	0	100298
13344	388	100351	197	353	0	101289
13345	529	2038	158	95129	0	97854
13346	359	950	98354	1293	0	100956
13347	255	286	1234	95959	0	97734
13348	274	301	99262	1343	0	101180
13349	242	294	97772	925	0	99233
13350	238	303	100596	359	0	101496
13351	265	222	2012	92226	0	94725
13352	216	196	953	99809	0	101174
13353	171	270	350	101852	0	102643
13354	135	172	283	100385	0	100975
13355	99939	106	273	2168	0	102486
13356	1194	99919	368	1234	0	102715
13357	99140	1182	290	487	0	101099
13358	1291	102761	308	468	0	104828
13359	841	1305	180	101940	0	104266
13360	303	828	178	106466	0	107775
13361	106065	262	150	2152	0	108629
13362	106222	202	139	1142	0	107705
13363	107290	249	202	499	0	108240
13364	106772	248	170	400	0	107590
13365	106216	237	122	353	0	106928
13366	2091	106839	155	417	0	109502
13367	103684	1262	95	400	0	105441
13368	1438	103978	222	413	0	106051
13369	102398	1299	143	292	0	104132
13370	1607	828	103105	286	0	105826
13371	1095	379	1130	98223	0	100827
13372	506	104711	786	1155	0	107158
13373	439	1305	242	104261	0	106247
13374	522	943	103544	1349	0	106358
13375	454	441	1203	99618	0	101716
13376	98027	310	779	1522	0	100638
13377	1309	100956	365	1324	0	103954
13378	944	102343	335	778	0	104400
13379	656	1977	103731	616	0	106980
13380	480	1018	1357	96313	0	99168
13381	335	107262	941	1615	0	110153
13382	376	1380	440	108450	0	110646
13383	447	994	108804	1598	0	111843
13384	366	106813	1426	1518	0	110123
13385	510	1549	106833	614	0	109506
13386	592	1179	105496	539	0	107806
13387	494	513	1914	102503	0	105424
13388	105627	392	1034	1519	0	108572
13389	1454	427	452	106304	0	108637
13390	1052	518	107832	1654	0	111056
13391	508	538	1518	108461	0	111025
13392	388	674	115802	1699	0	118563
13393	407	590	113990	1286	0	116273
13394	110410	409	2794	756	0	114369
13395	119881	344	1255	813	0	122293
13396	120158	308	792	796	0	122054
13397	2356	328	120399	752	0	123835
13398	1194	379	122077	674	0	124324
13399	686	307	2528	117578	0	121099
13400	474	273	1398	122114	0	124259
13401	121632	306	596	2599	0	125133
13402	1714	330	491	122509	0	125044
13403	1294	368	123634	2128	0	127424
13404	717	424	121892	1408	0	124441
13405	600	124200	2350	809	0	127959
13406	566	1632	1201	124759	0	128158
13407	760	1150	128386	1800	0	132096
13408	584	488	1710	123692	0	126474
13409	126210	343	1201	2068	0	129822
13410	1859	415	130881	1424	0	134579
13411	1416	283	1778	128488	0	131965
13412	831	343	1204	131808	0	134186
13413	814	434	130146	2500	0	133894
13414	762	365	1764	125893	0	128784
13415	705	463	130063	2035	0	133266
13416	116412	394	1842	1457	0	120105
13417	1891	319	1210	118736	0	122156
13418	1283	121831	700	1894	0	125708
13419	121090	1555	457	1365	0	124467
13420	119004	1053	524	742	0	121323
13421	2581	121431	575	920	0	125507
13422	1826	5901	672	106256	0	114655
13423	561	114184	448	1453	0	116646
13424	562	115033	420	1066	0	117081
13425	1334	2160	109359	522	0	113375
13426	683	108821	1354	544	0	111402
13427	876	1199	93263	505	0	95843
13428	74748	801	724	346	0	76619
13429	78837	110	292	159	0	79398
13430	607	84053	154	241	0	85055
13431	314	84715	132	148	0	85309
13432	111	86732	160	145	0	87148
13433	87759	641	179	117	0	88696
13434	517	300	114	89492	0	90423
13435	396	176	97255	574	0	98401
13436	117	98585	626	490	0	99818
13437	136	561	476	100053	0	101226
13438	142	466	144	94006	0	94758
13439	68	112224	174	974	0	113440
13440	116533	814	129	496	0	117972
13441	1025	609	119686	191	0	121511
13442	770	207	1058	128386	0	130421
13443	119	149611	730	1315	0	151775
13444	147251	1619	178	819	0	149867
13445	1784	963	148928	206	0	151881
13446	910	146501	1721	320	0	149452
13447	259	1643	944	145973	0	148819
13448	269	994	146742	1700	0	149705
13449	137466	185	1771	982	0	140404
13450	1729	155	972	143399	0	146255
13451	1144	312	144624	1747	0	147827
13452	168	143732	1845	1460	0	147205
13453	138620	1701	981	312	0	141614
13454	1538	144588	402	391	0	146919
13455	143967	1753	209	240	0	146169
13456	143832	1000	196	256	0	145284
13457	2610	238	229	137481	0	140558
13458	1065	137521	329	1751	0	140666
13459	446	1737	138401	968	0	141552
13460	311	925	1803	136128	0	139167
13461	339	381	1140	127183	0	129043
13462	302	204	293	137397	0	138196
13463	295	209	257	137636	0	138397
13464	372	234	272	137327	0	138205
13465	135161	205	274	2715	0	138355
13466	134075	231	293	1284	0	135883
13467	129729	233	326	506	0	130794
13468	2457	129413	455	790	0	133115
13469	1242	1731	133858	337	0	137168
13470	469	1078	135126	360	0	137033
13471	434	408	136330	322	0	137494
13472	346	443	2800	127247	0	130836
13473	374	275	1244	132251	0	134144
13474	325	286	368	132674	0	133653
13475	382	358	131722	2849	0	135311
13476	313	127893	2020	1857	0	132083
13477	385	1876	131016	544	0	133821
13478	440	1253	131753	486	0	133932
13479	377	357	2763	126029	0	129526
13480	442	399	129973	2002	0	132816
13481	387	344	2034	124904	0	127669
13482	125299	300	1258	2070	0	128927
13483	124401	358	490	1288	0	126537
13484	2897	436	124476	500	0	128309
13485	1436	391	2022	120707	0	124556
13486	700	505	125381	2135	0	128721
13487	461	124494	2154	1637	0	128746
13488	123269	2047	1377	549	0	127242
13489	2177	1347	124957	538	0	129019
13490	1309	121239	2191	627	0	125366
13491	479	120003	1385	572	0	122439
13492	461	116873	623	688	0	118645
13493	688	2871	111559	546	0	115664
13494	735	1733	1985	102016	0	106469
13495	457	109553	1407	1872	0	113289
13496	543	1955	658	108022	0	111178
13497	618	1291	549	109296	0	111754
13498	104853	485	513	2836	0	108687
13499	1859	105974	590	1705	0	110128
13500	103339	1861	506	774	0	106480
13501	1922	104172	598	808	0	107500
13502	1289	105174	591	790	0	107844
13503	923	2693	102973	668	0	107257
13504	566	1400	1961	100692	0	104619
13505	573	664	102563	2093	0	105893
13506	534	99284	2108	2102	0	104028
13507	698	1867	99835	788	0	103188
13508	719	1283	99950	777	0	102729
13509	470	99301	2789	796	0	103356
13510	93985	1817	1421	762	0	97985
13511	1727	97143	733	890	0	100493
13512	96439	1949	765	848	0	100001
13513	1991	1262	97042	796	0	101091
13514	1355	509	97381	806	0	100051
13515	557	96069	2856	756	0	100238
13516	93573	1880	1431	690	0	97574
13517	1829	95774	845	789	0	99237
13518	1259	1872	808	94533	0	98472
13519	95148	1224	786	1997	0	99155
13520	1846	660	95585	1389	0	99480
13521	1183	527	2209	94988	0	98907
13522	93759	528	1448	2087	0	97822
13523	1854	94356	835	1635	0	98680
13524	1233	1961	712	93660	0	97566
13525	619	1221	94280	2105	0	98225
13526	92300	536	2102	1450	0	96388
13527	1861	490	1482	93494	0	97327
13528	1182	554	92645	2043	0	96424
13529	522	405	2128	88163	0	91218
13530	414	90895	1532	2172	0	95013
13531	592	1811	91286	1428	0	95117
13532	609	1249	1923	86043	0	89824
13533	82524	460	1309	1836	0	86129
13534	1908	458	640	80022	0	83028
13535	72664	453	528	1594	0	75239
13536	1598	72349	606	1034	0	75587
13537	69968	1590	646	402	0	72606
13538	1635	1096	68261	403	0	71395
13539	1011	462	57538	256	0	59267
13540	409	444	50363	266	0	51482
13541	388	46909	2238	325	0	49860
13542	1054	285	2971	16362	0	20672
13543	119	182	246	16458	0	17005
13544	69	66	96	16426	0	16657
13545	53	75	74	16597	0	16799
13546	55	77	16348	315	0	16795
13547	14739	61	225	213	0	15238
13548	177	16369	184	99	0	16829
13549	15667	188	75	76	0	16006
13550	206	148	65	15381	0	15800
13551	144	16140	89	170	0	16543
13552	84	219	50	16152	0	16505
13553	15873	156	62	201	0	16292
13554	168	16821	62	170	0	17221
13555	16545	190	104	91	0	16930
13556	16481	153	58	45	0	16737
13557	286	88	62	16723	0	17159
13558	163	74	16711	182	0	17130
13559	15919	96	187	144	0	16346
13560	188	63	147	17106	0	17504
13561	17258	59	88	208	0	17613
13562	17621	46	63	178	0	17908
13563	17666	58	64	78	0	17866
13564	322	71	17652	74	0	18119
13565	181	32	179	16691	0	17083
13566	16969	52	157	191	0	17369
13567	193	76	17555	157	0	17981
13568	158	17416	193	83	0	17850
13569	82	259	140	16265	0	16746
13570	63	137	17052	142	0	17394
13571	67	70	16895	146	0	17178
13572	58	172	309	16227	0	16766
13573	48	41	139	17052	0	17280
13574	45	42	57	17134	0	17278
13575	51	26	53	16990	0	17120
13576	59	57	16964	239	0	17319
13577	50	17106	155	165	0	17476
13578	49	180	127	17354	0	17710
13579	17479	106	120	161	0	17866
13580	17016	48	42	132	0	17238
13581	17268	29	44	80	0	17421
13582	257	32	29	17148	0	17466
13583	159	47	49	16581	0	16836
13584	65	16066	54	224	0	16409
13585	50	15977	44	147	0	16218
13586	215	347	68	14952	0	15582
13587	14722	174	86	158	0	15140
13588	14361	25	33	116	0	14535
13589	14215	15	27	54	0	14311
13590	14342	15	25	48	0	14430
13591	14338	16	27	57	0	14438
13592	142	14599	35	53	0	14829
13593	87	84	23	14658	0	14852
13594	15018	64	29	116	0	15227
13595	15144	26	27	99	0	15296
13596	159	24	26	14977	0	15186
13597	94	19	18	15085	0	15216
13598	45	30	15278	141	0	15494
13599	48	18	79	14838	0	14983
13600	53	13	57	15354	0	15477
13601	41	30	15965	141	0	16177
13602	37	86	83	15268	0	15474
13603	35	16054	72	117	0	16278
13604	61	92	15932	96	0	16181
13605	31	16108	86	76	0	16301
13606	33	94	59	15473	0	15659
13607	49	90	23	15298	0	15460
13608	36	15572	43	127	0	15778
13609	36	15735	30	89	0	15890
13610	15652	90	17	51	0	15810
13611	15320	62	11	41	0	15434
13612	109	35	15222	41	0	15407
13613	15031	9	53	76	0	15169
13614	16065	10	53	68	0	16196
13615	16063	11	22	57	0	16153
13616	15898	25	85	60	0	16068
13617	133	18	15529	61	0	15741
13618	93	40	14735	30	0	14898
13619	15383	19	91	56	0	15549
13620	75	16184	79	64	0	16402
13621	72	41	15997	37	0	16147
13622	15867	40	81	42	0	16030
13623	16183	63	56	36	0	16338
13624	94	28	16149	34	0	16305
13625	15850	26	65	46	0	15987
13626	72	17	73	18321	0	18483
13627	63	29	19127	71	0	19290
13628	16929	16	94	104	0	17143
13629	56	19114	71	71	0	19312
13630	19416	51	25	89	0	19581
13631	21694	47	28	137	0	21906
13632	106	16	37	21816	0	21975
13633	71	30	31	21890	0	22022
13634	55	26	21	22295	0	22397
13635	22299	16	18	146	0	22479
13636	23272	16	14	102	0	23404
13637	156	15	18	23498	0	23687
13638	97	20	23	23424	0	23564
13639	52	43	23079	171	0	23345
13640	21476	40	82	119	0	21717
13641	105	56	76	23704	0	23941
13642	105	28	11	23551	0	23695
13643	52	23577	29	224	0	23882
13644	76	96	14	23627	0	23813
13645	76	83	18	23574	0	23751
13646	22936	27	15	208	0	23186
13647	134	23858	31	129	0	24152
13648	127	128	8	24185	0	24448
13649	70	95	5	24136	0	24306
13650	90	20	10	24488	0	24608
13651	82	41	24057	219	0	24399
13652	56	22	103	23756	0	23937
13653	23523	22	96	177	0	23818
13654	147	36	23803	157	0	24143
13655	111	17	125	24078	0	24331
13656	46	4	106	24632	0	24788
13657	24682	13	39	283	0	25017
13658	24204	17	33	175	0	24429
13659	256	50	24811	60	0	25177
13660	22598	19	143	108	0	22868
13661	155	53	24884	65	0	25157
13662	24188	17	117	64	0	24386
13663	172	27416	105	66	0	27759
13664	27929	151	24	110	0	28214
13665	171	28566	41	102	0	28880
13666	29205	172	62	77	0	29516
13667	181	30442	45	71	0	30739
13668	153	191	16	30712	0	31072
13669	48	129	20	30786	0	30983
13670	55	27	18	30515	0	30615
13671	35	30096	47	366	0	30544
13672	46	195	22	29995	0	30258
13673	31	30681	34	245	0	30991
13674	49	199	18	30777	0	31043
13675	30799	156	28	239	0	31222
13676	30160	41	30	184	0	30415
13677	324	30589	49	119	0	31081
13678	187	193	13	30535	0	30928
13679	30053	165	31	229	0	30478
13680	235	31107	31	236	0	31609
13681	179	31552	42	92	0	31865
13682	31413	355	19	85	0	31872
13683	31387	193	19	80	0	31679
13684	384	31460	61	103	0	32008
13685	31712	236	26	82	0	32056
13686	266	191	18	31995	0	32470
13687	232	84	34076	255	0	34647
13688	33743	48	249	246	0	34286
13689	34392	59	191	120	0	34762
13690	473	77	34937	77	0	35564
13691	34720	47	243	108	0	35118
13692	35864	39	218	115	0	36236
13693	37011	55	35	113	0	37214
13694	494	37211	57	144	0	37906
13695	37961	271	34	109	0	38375
13696	38033	257	29	97	0	38416
13697	532	77	21	38061	0	38691
13698	314	78	20	38737	0	39149
13699	134	57	25	39328	0	39544
13700	39065	71	38	606	0	39780
13701	354	63	21	38730	0	39168
13702	39133	53	19	415	0	39620
13703	39177	69	32	344	0	39622
13704	552	87	28	39013	0	39680
13705	355	68	21	40348	0	40792
13706	150	66	26	40822	0	41064
13707	40491	79	33	619	0	41222
13708	395	40940	60	368	0	41763
13709	357	335	20	41352	0	42064
13710	149	287	34	42161	0	42631
13711	41717	105	41	649	0	42512
13712	41676	76	42	386	0	42180
13713	684	112	41422	147	0	42365
13714	411	114	41146	148	0	41819
13715	42833	64	621	160	0	43678
13716	569	70	301	44421	0	45361
13717	430	85	70	50386	0	50971
13718	232	186	50922	949	0	52289
13719	190	113	580	47975	0	48858
13720	160	51607	426	661	0	52854
13721	179	52838	93	517	0	53627
13722	51298	931	59	191	0	52479
13723	802	472	51265	154	0	52693
13724	478	52461	587	233	0	53759
13725	267	619	382	52430	0	53698
13726	225	446	51822	701	0	53194
13727	219	112	606	50152	0	51089
13728	214	89	405	50994	0	51702
13729	224	106	51259	1053	0	52642
13730	166	51347	654	589	0	52756
13731	198	623	410	48958	0	50189
13732	49626	409	91	725	0	50851
13733	49806	125	83	513	0	50527
13734	49632	103	90	242	0	50067
13735	1079	49310	153	250	0	50792
13736	48418	591	110	216	0	49335
13737	731	432	95	48617	0	49875
13738	547	175	48529	716	0	49967
13739	46475	106	614	534	0	47729
13740	680	48607	449	281	0	50017
13741	515	619	125	48081	0	49340
13742	257	427	102	47649	0	48435
13743	183	48173	163	1010	0	49529
13744	210	740	127	48812	0	49889
13745	228	446	138	49318	0	50130
13746	260	181	158	50068	0	50667
13747	48684	179	170	1110	0	50143
13748	48077	159	148	690	0	49074
13749	1072	210	48800	318	0	50400
13750	582	243	666	48107	0	49598
13751	313	182	449	49412	0	50356
13752	265	200	265	50029	0	50759
13753	48975	219	204	1145	0	50543
13754	790	216	48112	692	0	49810
13755	46957	191	721	373	0	48242
13756	48614	183	448	391	0	49636
13757	1092	149	215	48024	0	49480
13758	48482	157	234	871	0	49744
13759	880	262	48054	658	0	49854
13760	46161	150	676	505	0	47492
13761	896	51213	523	539	0	53171
13762	687	701	50632	368	0	52388
13763	417	537	51202	354	0	52510
13764	390	426	1044	49715	0	51575
13765	454	231	51172	892	0	52749
13766	47595	210	679	775	0	49259
13767	765	49005	563	481	0	50814
13768	49372	641	224	453	0	50690
13769	775	544	178	49915	0	51412
13770	667	207	50240	930	0	52044
13771	361	203	50568	816	0	51948
13772	296	293	989	50565	0	52143
13773	51028	142	540	1010	0	52720
13774	745	50700	239	879	0	52563
13775	625	52058	245	589	0	53517
13776	51575	901	202	488	0	53166
13777	842	52473	217	520	0	54052
13778	52471	669	289	437	0	53866
13779	909	475	240	52051	0	53675
13780	51656	166	251	871	0	52944
13781	891	135	270	51747	0	53043
13782	52090	131	281	844	0	53346
13783	830	153	330	51133	0	52446
13784	673	51327	253	922	0	53175
13785	50955	592	283	692	0	52522
13786	775	51118	300	567	0	52760
13787	702	779	48737	332	0	50550
13788	424	456	742	45121	0	46743
13789	373	49578	517	713	0	51181
13790	48392	646	276	513	0	49827
13791	47319	431	330	308	0	48388
13792	1011	47717	339	335	0	49402
13793	551	647	46855	390	0	48443
13794	347	431	729	44278	0	45785
13795	304	46323	527	732	0	47886
13796	310	626	293	46433	0	47662
13797	389	453	303	46830	0	47975
13798	46025	217	222	1010	0	47474
13799	762	45931	281	606	0	47580
13800	653	613	203	46224	0	47693
13801	46389	494	168	777	0	47828
13802	46199	245	226	538	0	47208
13803	46048	258	220	374	0	46900
13804	1074	268	220	45388	0	46950
13805	44683	217	175	702	0	45777
13806	695	44641	237	579	0	46152
13807	44147	567	200	330	0	45244
13808	706	44985	179	392	0	46262
13809	44601	591	302	309	0	45803
13810	43971	430	126	331	0	44858
13811	993	436	155	43335	0	44919
13812	620	236	44976	686	0	46518
13813	408	244	44203	544	0	45399
13814	365	44762	742	316	0	46185
13815	42937	610	459	266	0	44272
13816	588	447	42353	222	0	43610
13817	31785	106	196	102	0	32189
13818	209	34947	170	98	0	35424
13819	262	36915	69	103	0	37349
13820	143	305	42	37111	0	37601
13821	105	39246	74	231	0	39656
13822	135	310	39423	226	0	40094
13823	140	311	256	37545	0	38252
13824	105	41169	255	309	0	41838
13825	129	339	55	41704	0	42227
13826	41582	266	45	388	0	42281
13827	359	115	54	41896	0	42424
13828	325	137	42514	398	0	43374
13829	118	43398	360	349	0	44225
13830	114	448	298	42936	0	43796
13831	118	343	109	43506	0	44076
13832	103	103	96	44287	0	44589
13833	42996	101	72	661	0	43830
13834	42533	79	85	407	0	43104
13835	709	124	44172	134	0	45139
13836	432	170	43623	132	0	44357
13837	138	44500	654	168	0	45460
13838	45086	383	338	177	0	45984
13839	430	353	96	45268	0	46147
13840	383	125	83	45556	0	46147
13841	168	98	52	45805	0	46123
13842	185	105	28	46017	0	46335
13843	178	153	44584	741	0	45656
13844	41606	104	372	459	0	42541
13845	483	95	319	49084	0	49981
13846	476	114	49094	578	0	50262
13847	47796	109	556	523	0	48984
13848	52761	80	453	228	0	53522
13849	1188	147	59447	121	0	60903
13850	761	138	61142	118	0	62159
13851	273	103	1310	59449	0	61135
13852	61180	103	677	808	0	62768
13853	61457	108	213	675	0	62453
13854	1369	108	157	59361	0	60995
13855	758	102	135	61500	0	62495
13856	271	135	61357	1341	0	63104
13857	181	204	860	60044	0	61289
13858	266	133	61599	962	0	62960
13859	56186	113	876	735	0	57910
13860	822	61108	757	321	0	63008
13861	57561	724	164	191	0	58640
13862	824	57384	181	311	0	58700
13863	56890	815	226	201	0	58132
13864	946	559	109	55064	0	56678
13865	676	155	111	55596	0	56538
13866	56317	85	86	1336	0	57824
13867	56627	76	103	719	0	57525
13868	57349	80	75	268	0	57772
13869	57341	72	112	198	0	57723
13870	1540	105	56325	160	0	58130
13871	55690	73	805	212	0	56780
13872	56958	58	599	215	0	57830
13873	56627	65	183	186	0	57061
13874	1590	57	129	55446	0	57222
13875	53191	67	144	924	0	54326
13876	962	54196	193	738	0	56089
13877	793	756	139	54396	0	56084
13878	398	597	127	55283	0	56405
13879	307	198	54268	1472	0	56245
13880	347	104	832	50969	0	52252
13881	259	54265	696	1028	0	56248
13882	52987	801	228	788	0	54804
13883	951	54423	232	396	0	56002
13884	54220	896	207	291	0	55614
13885	1152	687	180	54029	0	56048
13886	53603	192	181	973	0	54949
13887	1066	53107	207	849	0	55229
13888	53815	846	184	356	0	55201
13889	53682	640	177	345	0	54844
13890	1588	204	213	52931	0	54936
13891	1014	138	181	54156	0	55489
13892	506	210	53261	1604	0	55581
13893	476	123	861	52975	0	54435
13894	427	140	675	53652	0	54894
13895	427	201	52987	1597	0	55212
13896	416	136	943	53096	0	54591
13897	402	159	53157	1198	0	54916
13898	51111	129	1045	943	0	53228
13899	1127	142	749	52036	0	54054
13900	992	171	51635	1094	0	53892
13901	50512	147	932	887	0	52478
13902	1190	158	720	51760	0	53828
13903	1003	195	52555	1114	0	54867
13904	51577	133	965	972	0	53647
13905	1217	120	770	52986	0	55093
13906	1056	109	313	53640	0	55118
13907	53652	119	241	1679	0	55691
13908	1304	125	238	53407	0	55074
13909	1077	128	223	53814	0	55242
13910	637	131	219	51280	0	52267
13911	502	52333	312	1751	0	54898
13912	51023	840	274	991	0	53128
13913	51325	641	222	565	0	52753
13914	1806	199	226	50184	0	52415
13915	50951	164	242	1211	0	52568
13916	50846	153	253	1051	0	52303
13917	51473	164	225	615	0	52477
13918	47757	169	453	487	0	48866
13919	49254	137	303	549	0	50243
13920	1833	197	45843	483	0	48356
13921	1158	180	44028	481	0	45847
13922	42384	198	1331	396	0	44309
13923	1159	43243	724	527	0	45653
13924	943	750	429	41782	0	43904
13925	600	580	42022	958	0	44160
13926	572	265	41901	779	0	43517
13927	636	583	1160	40889	0	43268
13928	40916	376	1172	957	0	43421
13929	1074	142	249	41207	0	42672
13930	848	210	41291	994	0	43343
13931	42245	121	749	845	0	43960
13932	991	139	606	43276	0	45012
13933	924	77	260	43566	0	44827
13934	539	72	217	44315	0	45143
13935	475	84	208	43149	0	43916
13936	486	122	42035	1446	0	44089
13937	544	89	760	42016	0	43409
13938	41737	86	636	1013	0	43472
13939	1017	122	41291	821	0	43251
13940	40900	85	774	507	0	42266
13941	42019	103	651	410	0	43183
13942	41768	131	260	441	0	42600
13943	41067	146	215	440	0	41868
13944	1365	40627	206	515	0	42713
13945	645	35917	194	319	0	37075
13946	368	36974	195	316	0	37853
13947	34134	1119	494	395	0	36142
13948	706	410	31921	329	0	33366
13949	23013	206	598	120	0	23937
13950	353	44	200	22643	0	23240
13951	22657	19	85	267	0	23028
13952	257	61	50	22629	0	22997
13953	22749	25	51	292	0	23117
13954	247	30	44	22738	0	23059
13955	220	23	43	23309	0	23595
13956	18412	34	80	465	0	18991
13957	286	26417	76	265	0	27044
13958	245	177	26286	114	0	26822
13959	106	26235	217	120	0	26678
13960	88	180	25105	91	0	25464
13961	87	133	264	23606	0	24090
13962	24524	40	282	165	0	25011
13963	164	75	46	24404	0	24689
13964	23862	15	38	183	0	24098
13965	162	26121	53	238	0	26574
13966	241	140	27108	70	0	27559
13967	74	27086	195	63	0	27418
13968	60	27238	151	70	0	27519
13969	25866	174	116	49	0	26205
13970	24965	99	28	71	0	25163
13971	177	26007	34	85	0	26303
13972	110	87	26	25997	0	26220
13973	59	72	22	26106	0	26259
13974	26122	14	35	202	0	26373
13975	128	33	26605	129	0	26895
13976	118	38	26011	51	0	26218
13977	67	25	166	26137	0	26395
13978	68	37	26981	142	0	27228
13979	24425	25	126	162	0	24738
13980	26550	16	147	67	0	26780
13981	204	26863	39	132	0	27238
13982	169	117	28007	54	0	28347
13983	78	104	107	27375	0	27664
13984	74	42	29838	142	0	30096
13985	55	35	125	29387	0	29602
13986	29413	24	119	153	0	29709
13987	145	31049	41	237	0	31472
13988	222	142	32515	67	0	32946
13989	64	33376	134	110	0	33684
13990	66	34403	141	75	0	34685
13991	34255	213	50	83	0	34601
13992	33208	127	49	93	0	33477
13993	266	78	34858	106	0	35308
13994	172	35900	153	172	0	36397
13995	132	134	137	35798	0	36201
13996	74	132	48	36094	0	36348
13997	95	44	47	36064	0	36250
13998	84	79	36782	289	0	37234
13999	95	31	136	35977	0	36239
14000	89	42	142	37373	0	37646
14001	38056	39	64	303	0	38462
14002	37941	38	59	201	0	38239
14003	37961	51	39	123	0	38174
14004	37063	44	54	84	0	37245
14005	36923	67	57	74	0	37121
14006	295	37103	64	87	0	37549
14007	35780	126	44	66	0	36016
14008	214	152	36128	60	0	36554
14009	162	115	124	35744	0	36145
14010	36460	42	159	160	0	36821
14011	148	36829	54	171	0	37202
14012	37223	137	57	91	0	37508
14013	38234	133	40	124	0	38531
14014	228	65	44	38892	0	39229
14015	165	52	39	39423	0	39679
14016	79	42835	61	289	0	43264
14017	89	146	46	43674	0	43955
14018	108	201	45540	204	0	46053
14019	87	47	187	46116	0	46437
14020	102	85	47298	248	0	47733
14021	41514	69	321	315	0	42219
14022	293	34	204	47882	0	48413
14023	254	81	48352	327	0	49014
14024	73	47885	284	298	0	48540
14025	58	48649	250	126	0	49083
14026	47699	383	89	81	0	48252
14027	231	261	38	47626	0	48156
14028	283	87	50642	261	0	51273
14029	66	49996	244	423	0	50729
14030	111	240	50305	90	0	50746
14031	48147	167	237	89	0	48640
14032	49008	49	170	78	0	49305
14033	49612	27	61	62	0	49762
14034	397	35	40	50034	0	50506
14035	244	105	50019	253	0	50621
14036	57	50252	250	265	0	50824
14037	80	208	216	51234	0	51738
14038	89	238	50616	247	0	51190
14039	87	107	49800	221	0	50215
14040	64	74	379	50342	0	50859
14041	51511	42	217	257	0	52027
14042	216	33	72	51539	0	51860
14043	206	31	58	52624	0	52919
14044	114	122	53945	429	0	54610
14045	93	32	233	53092	0	53450
14046	88	34	204	53830	0	54156
14047	91	131	54991	412	0	55625
14048	104	95	54497	250	0	54946
14049	88	52	424	54058	0	54622
14050	135	102	55960	276	0	56473
14051	74	58	279	55133	0	55544
14052	55832	53	231	293	0	56409
14053	219	58359	112	383	0	59073
14054	235	245	57	58904	0	59441
14055	115	231	58237	323	0	58906
14056	47923	92	289	395	0	48699
14057	247	54839	246	162	0	55494
14058	55501	213	84	183	0	55981
14059	275	187	56	55222	0	55740
14060	233	64	83	55261	0	55641
14061	56551	39	104	485	0	57179
14062	298	84	57006	305	0	57693
14063	54908	42	289	159	0	55398
14064	305	53	233	57550	0	58141
14065	56383	40	98	341	0	56862
14066	56320	56	118	282	0	56776
14067	475	61	92	55549	0	56177
14068	300	58086	110	439	0	58935
14069	59518	299	96	296	0	60209
14070	59312	256	89	178	0	59835
14071	634	140	60223	103	0	61100
14072	58114	70	369	157	0	58710
14073	445	94	321	59405	0	60265
14074	346	60875	147	403	0	61771
14075	209	359	94	58120	0	58782
14076	120	60718	160	404	0	61402
14077	59999	374	97	334	0	60804
14078	60927	281	113	187	0	61508
14079	670	118	95	66483	0	67366
14080	445	124	66425	574	0	67568
14081	226	126	65969	467	0	66788
14082	150	57	900	67363	0	68470
14083	68241	54	502	633	0	69430
14084	71565	75	177	517	0	72334
14085	1017	73648	171	270	0	75106
14086	665	679	120	73848	0	75312
14087	261	588	74971	802	0	76622
14088	205	191	76062	676	0	77134
14089	202	249	1366	80231	0	82048
14090	85932	87	797	1098	0	87914
14091	1136	70	228	87505	0	88939
14092	842	124	87167	1235	0	89368
14093	84747	66	1162	897	0	86872
14094	1164	60	814	85783	0	87821
14095	904	64	256	86950	0	88174
14096	271	81	153	84186	0	84691
14097	170	84988	247	1924	0	87329
14098	240	1068	85740	911	0	87959
14099	222	793	87038	304	0	88357
14100	212	173	1839	85616	0	87840
14101	235	168	87196	1298	0	88897
14102	83300	98	1323	937	0	85658
14103	1246	95	892	85050	0	87283
14104	918	110	298	85227	0	86553
14105	317	108	209	84370	0	85004
14106	198	86117	311	2046	0	88672
14107	86733	1113	220	1079	0	89145
14108	1296	795	195	86661	0	88947
14109	86144	204	268	1359	0	87975
14110	1316	86640	271	1101	0	89328
14111	86414	1169	195	443	0	88221
14112	84457	796	208	412	0	85873
14113	84527	221	196	418	0	85362
14114	2043	83271	306	412	0	86032
14115	1011	83851	291	455	0	85608
14116	78051	1805	258	342	0	80456
14117	1272	80361	255	431	0	82319
14118	951	1255	78053	363	0	80622
14119	333	75831	1234	456	0	77854
14120	264	76891	867	487	0	78509
14121	76023	1635	341	282	0	78281
14122	1225	877	75529	277	0	77908
14123	938	298	75076	284	0	76596
14124	414	202	1844	72350	0	74810
14125	58633	194	16443	1236	0	76506
14126	1092	223	75131	925	0	77371
14127	799	184	1327	72839	0	75149
14128	403	234	72390	1296	0	74323
14129	353	254	70861	966	0	72434
14130	67221	226	1803	475	0	69725
14131	1373	282	71218	349	0	73222
14132	1020	233	1283	68382	0	70918
14133	455	361	912	68323	0	70051
14134	354	69860	436	1770	0	72420
14135	425	71376	442	1067	0	73310
14136	434	1790	375	69698	0	72297
14137	449	979	69888	1388	0	72704
14138	409	412	1290	69449	0	71560
14139	397	287	1002	70546	0	72232
14140	385	369	71319	2026	0	74099
14141	383	294	1361	71341	0	73379
14142	71924	274	1054	1587	0	74839
14143	1376	333	71805	1178	0	74692
14144	70105	281	1398	645	0	72429
14145	1501	256	1146	69897	0	72800
14146	1143	239	589	70630	0	72601
14147	535	71422	580	2221	0	74758
14148	495	1284	484	72187	0	74450
14149	499	925	487	73682	0	75593
14150	72818	389	543	2247	0	75997
14151	1460	335	528	73420	0	75743
14152	1119	323	502	74073	0	76017
14153	70450	358	509	2416	0	73733
14154	1500	371	543	71299	0	73713
14155	1159	353	544	66640	0	68696
14156	518	70402	598	2384	0	73902
14157	70115	1327	565	1497	0	73504
14158	1516	1013	487	70682	0	73698
14159	1193	456	444	72077	0	74170
14160	742	347	70449	2486	0	74024
14161	560	356	1462	69219	0	71597
14162	519	357	1136	70064	0	72076
14163	67880	375	544	2490	0	71289
14164	68326	376	480	1502	0	70684
14165	2238	366	468	67898	0	70970
14166	1265	431	66409	1762	0	69867
14167	610	64478	1505	1278	0	67871
14168	573	65480	1120	811	0	67984
14169	807	1903	631	63826	0	67167
14170	63720	1003	526	1635	0	66884
14171	1423	492	412	64452	0	66779
14172	64561	417	259	1749	0	66986
14173	1501	418	317	65272	0	67508
14174	1152	357	382	65301	0	67192
14175	63595	374	375	2235	0	66579
14176	62591	407	385	1309	0	64692
14177	2067	63966	437	764	0	67234
14178	1179	65347	390	686	0	67602
14179	501	1570	336	57074	0	59481
14180	429	911	345	58583	0	60268
14181	511	351	57210	1760	0	59832
14182	50861	356	1126	1097	0	53440
14183	1112	55092	798	736	0	57738
14184	569	50319	326	490	0	51704
14185	48102	1002	420	455	0	49979
14186	980	490	48205	391	0	50066
14187	598	238	46388	326	0	47550
14188	444	436	42655	417	0	43952
14189	207	37450	808	252	0	38717
14190	406	305	517	32225	0	33453
14191	108	196	102	32170	0	32576
14192	97	78	78	32778	0	33031
14193	31808	89	61	505	0	32463
14194	31178	75	80	309	0	31642
14195	420	32035	88	225	0	32768
14196	238	279	72	32359	0	32948
14197	223	213	33073	338	0	33847
14198	108	33655	284	302	0	34349
14199	32766	269	257	181	0	33473
14200	315	218	33193	166	0	33892
14201	28560	89	266	193	0	29108
14202	304	124	32695	183	0	33306
14203	228	249	245	30687	0	31409
14204	104	32731	188	322	0	33345
14205	32695	229	83	259	0	33266
14206	272	33241	100	209	0	33822
14207	32631	263	65	203	0	33162
14208	283	174	63	32144	0	32664
14209	232	155	33781	304	0	34472
14210	146	88	219	34336	0	34789
14211	127	95	170	36983	0	37375
14212	149	111	36955	481	0	37696
14213	33212	75	305	360	0	33952
14214	308	37672	230	228	0	38438
14215	36989	266	76	203	0	37534
14216	292	37897	111	190	0	38490
14217	260	284	51	38993	0	39588
14218	167	254	38850	404	0	39675
14219	44355	89	333	317	0	45094
14220	506	47890	236	251	0	48883
14221	401	514	86	46685	0	47686
14222	139	364	81	49080	0	49664
14223	51394	121	73	823	0	52411
14224	53289	88	80	475	0	53932
14225	956	55374	117	231	0	56678
14226	59115	658	77	191	0	60041
14227	58833	440	89	180	0	59542
14228	59859	134	87	221	0	60301
14229	1337	179	59845	164	0	61525
14230	684	58972	806	212	0	60674
14231	231	60721	560	202	0	61714
14232	256	1262	160	55858	0	57536
14233	199	651	108	59077	0	60035
14234	58911	200	114	1243	0	60468
14235	834	59025	132	750	0	60741
14236	59367	851	101	249	0	60568
14237	951	618	86	58122	0	59777
14238	665	210	86	59251	0	60212
14239	58257	167	99	1284	0	59807
14240	56934	147	109	685	0	57875
14241	1374	196	56422	238	0	58230
14242	740	288	771	55139	0	56938
14243	318	139	55404	815	0	56676
14244	254	163	54616	572	0	55605
14245	240	182	55122	213	0	55757
14246	52383	134	1408	197	0	54122
14247	828	113	632	52412	0	53985
14248	627	135	190	51695	0	52647
14249	242	103	134	53701	0	54180
14250	179	148	53056	1250	0	54633
14251	233	92	764	52240	0	53329
14252	216	97	555	53267	0	54135
14253	52614	97	159	1268	0	54138
14254	52587	136	132	670	0	53525
14255	53550	113	128	311	0	54102
14256	53534	139	122	242	0	54037
14257	1435	134	133	52267	0	53969
14258	52764	147	119	911	0	53941
14259	1029	207	99	52527	0	53862
14260	896	188	51040	905	0	53029
14261	50324	160	758	694	0	51936
14262	1074	51560	596	407	0	53637
14263	832	803	219	50610	0	52464
14264	448	644	144	49595	0	50831
14265	393	51630	240	1277	0	53540
14266	50610	859	133	774	0	52376
14267	959	50238	213	543	0	51953
14268	875	896	50120	297	0	52188
14269	468	667	50264	322	0	51721
14270	48601	277	1307	331	0	50516
14271	50331	221	681	346	0	51579
14272	1434	281	49344	344	0	51403
14273	48417	167	844	346	0	49774
14274	1176	238	48988	357	0	50759
14275	48281	188	942	342	0	49753
14276	1166	245	48939	401	0	50751
14277	924	256	49016	401	0	50597
14278	522	213	1389	44745	0	46869
14279	475	227	829	47312	0	48843
14280	47814	181	367	1487	0	49849
14281	48014	184	294	901	0	49393
14282	48654	178	271	496	0	49599
14283	48405	215	261	517	0	49398
14284	1707	47203	367	494	0	49771
14285	1083	812	331	44908	0	47134
14286	657	47875	365	1027	0	49924
14287	687	873	358	47725	0	49643
14288	675	686	316	47328	0	49005
14289	727	310	316	47406	0	48759
14290	721	321	45731	1632	0	48405
14291	42934	274	939	1088	0	45235
14292	1266	44107	799	732	0	46904
14293	998	45866	382	707	0	47953
14294	774	1339	45856	606	0	48575
14295	725	774	922	45017	0	47438
14296	693	381	772	45649	0	47495
14297	44975	264	415	1657	0	47311
14298	1289	279	342	44684	0	46594
14299	1190	278	415	45364	0	47247
14300	700	278	383	45992	0	47353
14301	678	247	495	46444	0	47864
14302	45235	163	498	1703	0	47599
14303	45441	183	542	1104	0	47270
14304	45954	177	506	661	0	47298
14305	1791	133	534	45986	0	48444
14306	46374	158	582	1277	0	48391
14307	1374	116	481	47087	0	49058
14308	1137	187	590	48095	0	50009
14309	781	163	45670	1723	0	48337
14310	649	147	44542	1102	0	46440
14311	729	140	43448	587	0	44904
14312	41506	182	1699	639	0	44026
14313	1326	224	1037	37922	0	40509
14314	1146	41375	513	1145	0	44179
14315	42107	707	455	1009	0	44278
14316	1431	605	41285	593	0	43914
14317	39234	192	912	553	0	40891
14318	1300	38280	847	483	0	40910
14319	30662	477	228	327	0	31694
14320	967	420	219	30132	0	31738
14321	29846	147	216	677	0	30886
14322	792	28807	204	691	0	30494
14323	735	27945	188	356	0	29224
14324	23950	569	239	255	0	25013
14325	496	24257	172	238	0	25163
14326	290	19337	76	118	0	19821
14327	146	19740	168	132	0	20186
14328	18669	349	396	104	0	19518
14329	17994	188	83	69	0	18334
14330	17932	72	50	55	0	18109
14331	337	60	41	17729	0	18167
14332	233	60	44	17906	0	18243
14333	116	56	17885	309	0	18366
14334	114	56	157	17680	0	18007
14335	127	61	18366	194	0	18748
14336	102	47	177	18018	0	18344
14337	86	40	156	18427	0	18709
14338	18262	49	64	325	0	18700
14339	17823	45	68	229	0	18165
14340	315	18118	65	132	0	18630
14341	241	183	53	18051	0	18528
14342	103	204	18594	212	0	19113
14343	102	76	176	18329	0	18683
14344	98	56	154	18568	0	18876
14345	81	70	50	18562	0	18763
14346	85	56	18211	341	0	18693
14347	241	60	17178	214	0	17693
14348	17323	39	295	117	0	17774
14349	189	30	188	18375	0	18782
14350	204	28	18235	249	0	18716
14351	16938	33	185	238	0	17394
14352	185	18774	207	124	0	19290
14353	18968	152	77	104	0	19301
14354	214	168	19574	117	0	20073
14355	18790	57	192	105	0	19144
14356	220	45	185	19414	0	19864
14357	207	62	20110	196	0	20575
14358	114	19898	191	255	0	20458
14359	19837	162	210	109	0	20318
14360	242	256	102	19736	0	20336
14361	213	64	64	19492	0	19833
14362	101	20076	88	310	0	20575
14363	79	166	65	20160	0	20470
14364	115	183	20002	213	0	20513
14365	78	20008	183	230	0	20499
14366	19994	167	181	93	0	20435
14367	208	171	71	20056	0	20506
14368	202	82	56	20095	0	20435
14369	132	60	20027	313	0	20532
14370	86	101	167	19845	0	20199
14371	137	95	21167	202	0	21601
14372	93	21376	196	206	0	21871
14373	21259	196	270	110	0	21835
14374	21116	190	82	84	0	21472
14375	21148	85	45	120	0	21398
14376	320	22577	93	96	0	23086
14377	224	186	74	21996	0	22480
14378	113	172	72	22090	0	22447
14379	109	79	69	21761	0	22018
14380	21918	55	62	338	0	22373
14381	21671	64	54	242	0	22031
14382	317	62	43	21735	0	22157
14383	226	62	24212	236	0	24736
14384	96	65	165	23969	0	24295
14385	122	60	173	24242	0	24597
14386	117	62	59	24033	0	24271
14387	95	59	54	24154	0	24362
14388	24228	60	61	375	0	24724
14389	198	58	60	24610	0	24926
14390	194	69	60	24410	0	24733
14391	87	24640	69	370	0	25166
14392	113	180	39	25319	0	25651
14393	104	26076	65	289	0	26534
14394	101	238	51	26024	0	26414
14395	25441	201	57	316	0	26015
14396	248	25967	65	298	0	26578
14397	25445	229	59	177	0	25910
14398	309	216	26322	141	0	26988
14399	237	61	238	25502	0	26038
14400	132	68	26742	332	0	27274
14401	107	48	249	26466	0	26870
14402	105	67	224	26108	0	26504
14403	86	26597	103	468	0	27254
14404	66	26960	75	320	0	27421
14405	54	27123	84	200	0	27461
14406	26296	319	51	133	0	26799
14407	160	25885	38	133	0	26216
14408	106	25536	35	90	0	25767
14409	372	240	99	25941	0	26652
14410	26315	104	21	190	0	26630
14411	140	29043	38	142	0	29363
14412	29390	142	30	107	0	29669
14413	28976	102	25	86	0	29189
14414	245	56	30666	62	0	31029
14415	130	42	134	29660	0	29966
14416	32	43	93	31250	0	31418
14417	64	30	26	31414	0	31534
14418	36	43	32	30968	0	31079
14419	81	72	30357	250	0	30760
14420	62	89	27295	123	0	27569
14421	26842	31	210	86	0	27169
14422	115	30139	112	58	0	30424
14423	83	30476	32	71	0	30662
14424	30402	188	13	53	0	30656
14425	119	30942	38	95	0	31194
14426	94	153	27	31178	0	31452
14427	31316	112	20	187	0	31635
14428	177	54	31441	119	0	31791
14429	105	34	142	31614	0	31895
14430	51	55	32442	177	0	32725
14431	30333	35	150	161	0	30679
14432	190	62	35443	51	0	35746
14433	35279	24	160	108	0	35571
14434	36989	30	114	94	0	37227
14435	37201	30	29	74	0	37334
14436	37281	20	27	76	0	37404
14437	37414	32	25	81	0	37552
14438	272	30	31	37339	0	37672
14439	38953	25	39	287	0	39304
14440	191	31	33	39086	0	39341
14441	142	38	30	39030	0	39240
14442	66	41	32	39929	0	40068
14443	78	76	40005	445	0	40604
14444	72	48	174	39059	0	39353
14445	74	56	113	40723	0	40966
14446	97	102	39934	310	0	40443
14447	34806	59	187	233	0	35285
14448	215	23	112	40307	0	40657
14449	181	84	40418	210	0	40893
14450	108	89	39341	139	0	39677
14451	76	29	263	39037	0	39405
14452	110	56	40438	275	0	40879
14453	65	33	184	40499	0	40781
14454	73	30	126	40231	0	40460
14455	47	40717	61	323	0	41148
14456	47	41251	56	202	0	41556
14457	41298	243	36	118	0	41695
14458	204	119	37	41374	0	41734
14459	155	31	45	40918	0	41149
14460	73	40	28	42037	0	42178
14461	101	121	42454	331	0	43007
14462	69	37	197	41394	0	41697
14463	41452	34	143	247	0	41876
14464	231	77	42845	181	0	43334
14465	158	30	202	43831	0	44221
14466	62	54	137	44692	0	44945
14467	67	29	58	44865	0	45019
14468	53	47673	101	376	0	48203
14469	47594	274	49	205	0	48122
14470	49336	174	61	96	0	49667
14471	495	51877	79	124	0	52575
14472	291	333	41	55101	0	55766
14473	138	247	55855	450	0	56690
14474	121	109	55015	344	0	55589
14475	55415	39	773	134	0	56361
14476	569	43	360	58197	0	59169
14477	61346	35	108	619	0	62108
14478	707	64056	96	482	0	65341
14479	468	65110	106	187	0	65871
14480	63423	1094	55	138	0	64710
14481	709	66767	98	133	0	67707
14482	512	746	49	66616	0	67923
14483	185	468	52	62305	0	63010
14484	101	68042	116	1122	0	69381
14485	68539	728	84	490	0	69841
14486	820	544	69187	155	0	70706
14487	65410	113	814	221	0	66558
14488	919	136	70689	152	0	71896
14489	62941	72	882	249	0	64144
14490	950	129	71361	161	0	72601
14491	588	70113	941	159	0	71801
14492	318	845	537	69957	0	71657
14493	69597	507	151	833	0	71088
14494	888	188	69368	539	0	70983
14495	611	133	69833	171	0	70748
14496	201	111	1269	67149	0	68730
14497	208	112	70258	832	0	71410
14498	125	73	850	68333	0	69381
14499	163	56	554	68759	0	69532
14500	175	96	69250	1290	0	70811
14501	168	105	816	68185	0	69274
14502	69947	51	615	954	0	71567
14503	790	70131	218	679	0	71818
14504	70819	755	140	223	0	71937
14505	877	523	124	68477	0	70001
14506	69824	148	123	877	0	70972
14507	71350	95	143	641	0	72229
14508	1341	101	130	69078	0	70650
14509	626	71360	187	791	0	72964
14510	71447	741	218	642	0	73048
14511	885	555	68967	231	0	70638
14512	642	200	68407	213	0	69462
14513	66182	95	1297	212	0	67786
14514	894	86	654	67002	0	68636
14515	665	160	68006	894	0	69725
14516	243	117	860	68009	0	69229
14517	68460	102	614	915	0	70091
14518	70401	91	211	709	0	71412
14519	69906	104	188	304	0	70502
14520	1376	72355	209	269	0	74209
14521	734	816	144	72571	0	74265
14522	290	587	145	73037	0	74059
14523	72343	189	142	1376	0	74050
14524	890	72492	194	743	0	74319
14525	71799	817	171	310	0	73097
14526	999	601	148	71210	0	72958
14527	71052	225	169	909	0	72355
14528	1012	231	69177	674	0	71094
14529	722	69682	887	376	0	71667
14530	406	857	606	65881	0	67750
14531	296	71943	275	760	0	73274
14532	327	887	148	68934	0	70296
14533	68099	613	183	940	0	69835
14534	973	287	66576	624	0	68460
14535	64433	143	871	325	0	65772
14536	950	68903	720	334	0	70907
14537	741	803	270	69727	0	71541
14538	323	558	246	70994	0	72121
14539	68800	204	230	1367	0	70601
14540	1014	245	68845	726	0	70830
14541	758	157	862	69149	0	70926
14542	368	142	656	68868	0	70034
14543	329	189	291	68753	0	69562
14544	295	195	230	69348	0	70068
14545	67817	164	235	1475	0	69691
14546	67591	193	210	828	0	68822
14547	1442	220	68373	375	0	70410
14548	801	230	66920	343	0	68294
14549	68943	142	1332	384	0	70801
14550	71674	139	678	384	0	72875
14551	1438	187	272	70801	0	72698
14552	851	141	234	71150	0	72376
14553	70124	142	246	1399	0	71911
14554	967	70230	327	900	0	72424
14555	824	755	248	70404	0	72231
14556	452	538	239	71132	0	72361
14557	377	237	69868	1450	0	71932
14558	383	139	880	69409	0	70811
14559	404	185	70581	1104	0	72274
14560	381	122	958	70161	0	71622
14561	69009	127	699	1106	0	70941
14562	1026	127	290	69713	0	71156
14563	831	245	69154	1109	0	71339
14564	364	66366	960	999	0	68689
14565	380	899	652	68744	0	70675
14566	509	577	69089	1056	0	71231
14567	365	69375	905	966	0	71611
14568	407	969	544	67650	0	69570
14569	393	617	67440	980	0	69430
14570	51061	228	888	817	0	52994
14571	800	63570	603	385	0	65358
14572	551	60481	190	317	0	61539
14573	265	61391	184	272	0	62112
14574	437	1244	320	57956	0	59957
14575	253	487	60260	740	0	61740
14576	194	59885	691	626	0	61396
14577	510	1286	433	56223	0	58452
14578	58310	362	134	594	0	59400
14579	618	167	70	75523	0	76378
14580	624	153	88223	1142	0	90142
14581	165	88919	1226	770	0	91080
14582	84376	1175	668	280	0	86499
14583	1124	88158	252	333	0	89867
14584	908	1358	83811	190	0	86267
14585	196	85093	1207	305	0	86801
14586	248	1372	737	82335	0	84692
14587	212	963	82497	1136	0	84808
14588	169	82198	1266	831	0	84464
14589	199	1326	669	79287	0	81481
14590	150	850	310	78566	0	79876
14591	77	81547	357	1651	0	83632
14592	171	1354	202	81854	0	83581
14593	149	870	81664	1359	0	84042
14594	137	515	82472	806	0	83930
14595	108	366	1744	81487	0	83705
14596	81325	278	870	1466	0	83939
14597	80910	314	316	948	0	82488
14598	1639	428	232	78145	0	80444
14599	720	80706	400	1464	0	83290
14600	302	1270	430	80898	0	82900
14601	79456	798	453	1499	0	82206
14602	1293	414	329	79114	0	81150
14603	1004	348	254	80053	0	81659
14604	78262	387	248	2004	0	80901
14605	1272	78438	404	1270	0	81384
14606	783	1497	312	77223	0	79815
14607	76849	887	215	1607	0	79558
14608	1413	456	75734	1116	0	78719
14609	74824	374	1248	764	0	77210
14610	1476	309	745	76379	0	78909
14611	76198	385	306	1662	0	78551
14612	76118	460	226	1178	0	77982
14613	72568	354	233	803	0	73958
14614	1999	74392	531	854	0	77776
14615	1224	1334	73920	531	0	77009
14616	621	75162	1466	653	0	77902
14617	72871	1371	930	564	0	75736
14618	1711	73513	380	567	0	76171
14619	1265	1397	264	72745	0	75671
14620	69563	1070	279	1465	0	72377
14621	1473	70734	377	1233	0	73817
14622	1114	1675	70739	578	0	74106
14623	687	1134	1284	70318	0	73423
14624	604	651	71174	1695	0	74124
14625	530	71307	1485	1481	0	74803
14626	545	1683	884	68788	0	71900
14627	564	1134	446	70437	0	72581
14628	542	674	472	70863	0	72551
14629	565	489	591	67356	0	69001
14630	574	69461	574	2298	0	72907
14631	67823	1586	512	1366	0	71287
14632	1622	1143	68517	1045	0	72327
14633	1183	651	1651	68403	0	71888
14634	67585	741	1081	1929	0	71336
14635	1844	853	68254	1406	0	72357
14636	1215	66805	1672	940	0	70632
14637	745	2064	1251	64086	0	68146
14638	775	1588	65969	1737	0	70069
14639	556	66563	1773	1493	0	70385
14640	62630	1793	1242	1187	0	66852
14641	1610	66110	861	1018	0	69599
14642	1094	2072	702	63447	0	67315
14643	590	1486	620	66651	0	69347
14644	64307	1019	642	2687	0	68655
14645	1531	65061	898	1925	0	69415
14646	1194	1912	1010	65445	0	69561
14647	63114	1422	1027	2067	0	67630
14648	61739	931	825	1872	0	65367
14649	2441	62025	637	1492	0	66595
14650	62254	1840	443	1259	0	65796
14651	62616	1538	354	1226	0	65734
14652	2579	1165	379	61385	0	65508
14653	1566	1076	60811	2299	0	65752
14654	1239	821	1527	60326	0	63913
14655	1178	695	1123	61164	0	64160
14656	1084	806	59620	2897	0	64407
14657	1184	59013	1654	1841	0	63692
14658	1132	2003	1015	58656	0	62806
14659	908	1353	727	60431	0	63419
14660	978	808	766	60864	0	63416
14661	1055	719	812	58224	0	60810
14662	1075	59268	883	2806	0	64032
14663	59507	1697	592	1966	0	63762
14664	59680	1160	412	1600	0	62852
14665	58324	699	293	1426	0	60742
14666	2819	55811	352	1477	0	60459
14667	1628	1971	375	55466	0	59440
14668	1033	1538	55367	2155	0	60093
14669	1209	1205	1452	52174	0	56040
14670	1299	55783	1044	1848	0	59974
14671	53911	1814	441	1301	0	57467
14672	53832	1274	360	1186	0	56652
14673	52894	844	417	1145	0	55300
14674	2396	53409	708	1009	0	57522
14675	1242	50036	907	1012	0	53197
14676	751	51337	842	1193	0	54123
14677	942	1847	50557	962	0	54308
14678	1029	1925	44685	1173	0	48812
14679	1663	6455	1289	20385	0	29792
14680	14529	151	695	253	0	15628
14681	14149	48	47	148	0	14392
14682	226	98	50	14489	0	14863
14683	144	60	45	14853	0	15102
14684	68	49	50	15266	0	15433
14685	56	75	52	15508	0	15691
14686	15384	66	25	282	0	15757
14687	15452	75	39	159	0	15725
14688	242	16412	47	106	0	16807
14689	16457	180	50	101	0	16788
14690	16428	145	40	112	0	16725
14691	16556	77	41	87	0	16761
14692	309	76	15361	92	0	15838
14693	15390	73	144	94	0	15701
14694	220	16136	118	109	0	16583
14695	167	185	55	16459	0	16866
14696	105	143	38	16122	0	16408
14697	105	16414	52	319	0	16890
14698	97	203	42	16985	0	17327
14699	16762	141	48	286	0	17237
14700	229	75	40	17295	0	17639
14701	196	84	16967	271	0	17518
14702	15707	82	183	209	0	16181
14703	236	17436	153	126	0	17951
14704	203	198	51	17422	0	17874
14705	119	150	35	17627	0	17931
14706	120	77	35	17743	0	17975
14707	157	80	17437	373	0	18047
14708	122	17186	167	279	0	17754
14709	120	274	123	17034	0	17551
14710	128	170	16740	238	0	17276
14711	112	68	164	16598	0	16942
14712	116	74	16785	257	0	17232
14713	93	164	194	15729	0	16180
14714	84	16482	156	222	0	16944
14715	96	211	52	16124	0	16483
14716	16053	145	63	237	0	16498
14717	16033	56	43	204	0	16336
14718	324	63	16059	106	0	16552
14719	148	54	15307	92	0	15601
14720	68	56	16935	94	0	17153
14721	54	31	233	16751	0	17069
14722	54	66	139	17315	0	17574
14723	52	37	45	17320	0	17454
14724	43	17854	61	345	0	18303
14725	56	164	42	17642	0	17904
14726	47	142	55	18008	0	18252
14727	67	51	45	18473	0	18636
14728	18251	53	47	323	0	18674
14729	18035	55	57	212	0	18359
14730	320	56	18498	124	0	18998
14731	169	89	18346	90	0	18694
14732	17803	32	294	121	0	18250
14733	18815	45	176	111	0	19147
14734	329	52	19786	96	0	20263
14735	201	54	19224	94	0	19573
14736	18735	55	296	119	0	19205
14737	19379	41	198	100	0	19718
14738	331	63	20352	109	0	20855
14739	213	39	202	19826	0	20280
14740	103	31	193	20040	0	20367
14741	87	21733	108	353	0	22281
14742	102	208	67	22169	0	22546
14743	115	193	23705	321	0	24334
14744	104	53	260	23721	0	24138
14745	101	37	228	23979	0	24345
14746	108	57	23741	451	0	24357
14747	22267	44	261	302	0	22874
14748	23861	36	237	145	0	24279
14749	440	46	92	23628	0	24206
14750	298	45	79	23961	0	24383
14751	23957	45	87	445	0	24534
14752	23642	36	96	290	0	24064
14753	23156	37	105	135	0	23433
14754	23795	46	95	137	0	24073
14755	448	23504	119	137	0	24208
14756	22846	213	95	124	0	23278
14757	274	23191	96	149	0	23710
14758	264	241	90	22945	0	23540
14759	120	182	76	22737	0	23115
14760	96	22866	115	460	0	23537
14761	105	213	78	23074	0	23470
14762	112	198	72	22460	0	22842
14763	104	22758	96	480	0	23438
14764	122	217	82	22916	0	23337
14765	122	209	82	22939	0	23352
14766	125	57	88	23089	0	23359
14767	122	74	22650	510	0	23356
14768	131	21865	261	374	0	22631
14769	150	355	238	20030	0	20773
14770	124	21856	113	325	0	22418
14771	21234	217	94	280	0	21825
14772	301	213	21302	168	0	21984
14773	282	72	20574	147	0	21075
14774	18855	72	355	129	0	19411
14775	300	98	213	19523	0	20134
14776	222	52	18959	233	0	19466
14777	174	69	18528	226	0	18997
14778	117	231	299	18015	0	18662
14779	17838	62	199	218	0	18317
14780	17614	57	61	206	0	17938
14781	296	66	45	17782	0	18189
14782	198	54	17627	239	0	18118
14783	85	18913	167	269	0	19434
14784	80	162	177	18722	0	19141
14785	84	159	18876	243	0	19362
14786	76	19024	175	253	0	19528
14787	184	219	146	18477	0	19026
14788	18972	136	53	260	0	19421
14789	176	63	64	18504	0	18807
14790	164	19056	88	211	0	19519
14791	18897	145	75	198	0	19315
14792	205	168	19581	119	0	20073
14793	180	19387	175	132	0	19874
14794	129	175	19461	114	0	19879
14795	18244	135	203	97	0	18679
14796	198	54	172	18499	0	18923
14797	184	33	69	19280	0	19566
14798	19368	38	88	272	0	19766
14799	171	36	82	19353	0	19642
14800	176	68	18877	195	0	19316
14801	17027	51	190	214	0	17482
14802	176	18961	166	131	0	19434
14803	190	146	69	18741	0	19146
14804	18657	126	53	200	0	19036
14805	158	18613	75	221	0	19067
14806	183	144	68	18998	0	19393
14807	18957	151	50	216	0	19374
14808	176	52	51	18942	0	19221
14809	159	19098	80	205	0	19542
14810	85	247	19278	213	0	19823
14811	93	135	152	19624	0	20004
14812	121	66	134	19292	0	19613
14813	19868	51	44	313	0	20276
14814	178	63	43	19995	0	20279
14815	20037	58	51	202	0	20348
14816	19822	57	59	199	0	20137
14817	280	66	51	19498	0	19895
14818	164	20057	81	184	0	20486
14819	113	153	41	19343	0	19650
14820	18099	150	47	229	0	18525
14821	178	18697	50	225	0	19150
14822	157	19930	43	149	0	20279
14823	20230	253	37	124	0	20644
14824	20370	133	64	98	0	20665
14825	295	21057	58	112	0	21522
14826	21252	215	47	85	0	21599
14827	20977	149	80	103	0	21309
14828	340	63	36	21257	0	21696
14829	190	66	22244	230	0	22730
14830	92	104	196	22075	0	22467
14831	89	64	22646	257	0	23056
14832	78	59	209	22422	0	22768
14833	88	76	22745	257	0	23166
14834	21233	58	229	208	0	21728
14835	224	39	185	21830	0	22278
14836	22391	20	46	260	0	22717
14837	268	17	40	21558	0	21883
14838	197	22197	41	248	0	22683
14839	22482	184	32	212	0	22910
14840	259	187	21928	61	0	22435
14841	19807	36	205	56	0	20104
14842	199	20854	154	43	0	21250
14843	19234	141	20	37	0	19432
14844	19018	131	22	32	0	19203
14845	264	19445	27	40	0	19776
14846	157	155	19	20264	0	20595
14847	20094	129	13	190	0	20426
14848	184	20559	27	168	0	20938
14849	164	182	11	20632	0	20989
14850	20658	150	7	206	0	21021
14851	198	38	19	20629	0	20884
14852	184	22	12	20912	0	21130
14853	49	21	16	21195	0	21281
14854	51	131	20665	353	0	21200
14855	53	23	184	20794	0	21054
14856	20941	20	143	240	0	21344
14857	237	28	20989	187	0	21441
14858	191	32	192	20908	0	21323
14859	55	18	157	21267	0	21497
14860	66	30	21046	355	0	21497
14861	19686	27	199	211	0	20123
14862	21243	24	167	72	0	21506
14863	388	39	21499	56	0	21982
14864	199	23	213	20890	0	21325
14865	79	16	170	21737	0	22002
14866	69	36	22866	362	0	23333
14867	69	22	223	22971	0	23285
14868	64	16	180	23507	0	23767
14869	79	47	23966	421	0	24513
14870	22563	26	246	246	0	23081
14871	256	23	185	24346	0	24810
14872	24201	32	42	289	0	24564
14873	24033	21	52	254	0	24360
14874	455	40	24322	84	0	24901
14875	246	30	238	23798	0	24312
14876	24184	17	206	309	0	24716
14877	284	24891	68	287	0	25530
14878	258	273	43	25548	0	26122
14879	66	194	74	25882	0	26216
14880	88	32	36	26398	0	26554
14881	83	42	25879	523	0	26527
14882	22823	30	311	323	0	23487
14883	321	22	230	24455	0	25028
14884	262	21	60	24704	0	25047
14885	128	40	24314	532	0	25014
14886	121	35	296	23866	0	24318
14887	100	27	250	24287	0	24664
14888	23096	34	73	540	0	23743
14889	349	23483	80	373	0	24285
14890	278	289	23543	144	0	24254
14891	23171	205	318	126	0	23820
14892	376	42	235	23074	0	23727
14893	285	47	23825	358	0	24515
14894	122	51	24230	293	0	24696
14895	122	54	485	24045	0	24706
14896	118	53	24930	361	0	25462
14897	118	34	24871	355	0	25378
14898	84	23652	537	167	0	24440
14899	95	279	263	25128	0	25765
14900	126	226	25463	357	0	26172
14901	109	46	334	24570	0	25059
14902	25718	48	262	403	0	26431
14903	315	38	86	25825	0	26264
14904	273	39	77	26366	0	26755
14905	25378	23	90	578	0	26069
14906	25471	44	76	344	0	25935
14907	509	27	102	27252	0	27890
14908	304	40	27725	414	0	28483
14909	98	27488	386	441	0	28413
14910	107	299	291	27466	0	28163
14911	27517	222	87	447	0	28273
14912	27670	37	115	362	0	28184
14913	569	27753	133	183	0	28638
14914	314	28577	126	181	0	29198
14915	28298	521	110	153	0	29082
14916	28492	268	98	162	0	29020
14917	593	79	29558	171	0	30401
14918	357	44	384	27284	0	28069
14919	110	29891	353	412	0	30766
14920	30571	332	125	354	0	31382
14921	424	420	110	29637	0	30591
14922	301	29319	132	463	0	30215
14923	138	339	29250	365	0	30092
14924	150	386	362	26006	0	26904
14925	93	29899	315	373	0	30680
14926	29305	311	119	339	0	30074
14927	28965	244	101	169	0	29479
14928	495	29399	122	173	0	30189
14929	28215	278	82	152	0	28727
14930	27525	225	68	138	0	27956
14931	482	28273	83	157	0	28995
14932	254	28532	108	189	0	29083
14933	134	495	80	28042	0	28751
14934	28142	197	85	373	0	28797
14935	334	89	29220	279	0	29922
14936	26529	76	305	136	0	27046
14937	308	29121	222	153	0	29804
14938	29079	280	76	137	0	29572
14939	29114	220	79	94	0	29507
14940	29266	73	78	133	0	29550
14941	479	108	76	28081	0	28744
14942	266	28858	102	316	0	29542
14943	28754	259	83	274	0	29370
14944	345	222	29106	115	0	29788
14945	245	29256	305	168	0	29974
14946	117	238	198	29173	0	29726
14947	99	209	28726	270	0	29304
14948	106	89	29334	212	0	29741
14949	107	101	419	28528	0	29155
14950	93	61	199	30407	0	30760
14951	100	76	71	30847	0	31094
14952	114	61	65	29992	0	30232
14953	117	29797	68	437	0	30419
14954	96	30654	76	230	0	31056
14955	30681	405	66	101	0	31253
14956	325	217	64	30692	0	31298
14957	252	79	57	30904	0	31292
14958	118	77	48	31363	0	31606
14959	30501	70	55	475	0	31101
14960	31054	73	46	276	0	31449
14961	456	83	65	31002	0	31606
14962	31618	83	52	310	0	32063
14963	31359	71	56	239	0	31725
14964	32027	91	51	110	0	32279
14965	505	80	55	31333	0	31973
14966	269	78	29983	290	0	30620
14967	126	84	29000	197	0	29407
14968	127	72	30131	92	0	30422
14969	112	56	30926	64	0	31158
14970	111	119	382	29550	0	30162
14971	30549	57	165	229	0	31000
14972	30263	54	50	178	0	30545
14973	401	75	30548	73	0	31097
14974	213	77	31305	75	0	31670
14975	76	34004	373	74	0	34527
14976	76	235	232	33941	0	34484
14977	33875	161	138	280	0	34454
14978	262	68	34350	158	0	34838
14979	32847	39	204	87	0	33177
14980	246	35996	164	86	0	36492
14981	174	200	39	36521	0	36934
14982	76	134	35	37626	0	37871
14983	74	41	40	37661	0	37816
14984	37671	60	36	414	0	38181
14985	272	43	31	38157	0	38503
14986	206	43	30	38328	0	38607
14987	38274	42	39	367	0	38722
14988	301	41	31	38181	0	38554
14989	204	72	38820	295	0	39391
14990	37513	37	235	211	0	37996
14991	277	28	157	39281	0	39743
14992	222	40	56	38412	0	38730
14993	94	39089	71	371	0	39625
14994	39257	224	48	219	0	39748
14995	39949	159	48	103	0	40259
14996	433	56	33	39774	0	40296
14997	251	63	39566	270	0	40150
14998	36562	39	257	236	0	37094
14999	298	55	40158	104	0	40615
15000	202	39	291	39378	0	39910
15001	101	35	182	41230	0	41548
15002	41273	34	62	473	0	41842
15003	334	27	43	43728	0	44132
15004	231	58	44178	308	0	44775
15005	42456	27	302	252	0	43037
15006	339	48	47511	118	0	48016
15007	217	56	47227	95	0	47595
15008	47610	26	494	114	0	48244
15009	391	132	312	49776	0	50611
15010	235	53555	100	285	0	54175
15011	53545	312	66	220	0	54143
15012	53115	179	87	118	0	53499
15013	538	66	53137	83	0	53824
15014	52108	28	338	97	0	52571
15015	386	25	211	53737	0	54359
15016	258	74	55555	365	0	56252
15017	97	54581	360	274	0	55312
15018	53792	299	243	126	0	54460
15019	358	56253	97	135	0	56843
15020	276	299	56	55417	0	56048
15021	108	221	47	55911	0	56287
15022	99	55	49	56160	0	56363
15023	115	38	58	54872	0	55083
15024	74	55940	89	538	0	56641
15025	129	364	54274	304	0	55071
15026	74	55264	330	226	0	55894
15027	54936	305	207	109	0	55557
15028	345	210	65	54900	0	55520
15029	55263	58	61	348	0	55730
15030	367	67	63	55476	0	55973
15031	58006	39	71	429	0	58545
15032	369	59711	89	305	0	60474
15033	62063	298	68	180	0	62609
15034	62267	194	61	135	0	62657
15035	61741	66	76	120	0	62003
15036	62484	49	68	125	0	62726
15037	545	62705	81	148	0	63479
15038	336	349	62953	101	0	63739
15039	162	189	326	62993	0	63670
15040	63420	54	228	356	0	64058
15041	64355	47	92	271	0	64765
15042	558	66	77	65186	0	65887
15043	321	104	67677	461	0	68563
15044	171	74	424	65601	0	66270
15045	129	68604	302	448	0	69483
15046	68659	417	86	335	0	69497
15047	484	277	77	68207	0	69045
15048	336	69116	99	477	0	70028
15049	124	72051	105	362	0	72642
15050	125	73226	98	176	0	73625
15051	151	739	113	73002	0	74005
15052	73078	324	58	535	0	73995
15053	476	74100	79	441	0	75096
15054	377	495	76	74537	0	75485
15055	74175	327	58	548	0	75108
15056	546	119	60	74630	0	75355
15057	74416	96	70	570	0	75152
15058	74480	92	61	398	0	75031
15059	789	79558	97	232	0	80676
15060	526	501	68	75332	0	76427
15061	183	80319	103	447	0	81052
15062	79461	520	74	356	0	80411
15063	80172	328	84	180	0	80764
15064	81249	151	98	165	0	81663
15065	870	100	84	80870	0	81924
15066	487	150	80634	560	0	81831
15067	77606	98	520	433	0	78657
15068	81069	99	350	217	0	81735
15069	901	127	114	78976	0	80118
15070	484	82541	115	576	0	83716
15071	266	550	92	82589	0	83497
15072	258	425	87	83808	0	84578
15073	83521	187	103	817	0	84628
15074	82330	169	99	475	0	83073
15075	951	194	80201	228	0	81574
15076	532	147	505	79205	0	80389
15077	80029	171	360	651	0	81211
15078	722	209	111	80754	0	81796
15079	586	196	81100	719	0	82601
15080	259	78605	555	564	0	79983
15081	231	81116	378	307	0	82032
15082	86127	838	66	266	0	87297
15083	829	479	88	89139	0	90535
15084	571	180	72	99020	0	99843
15085	97747	195	75	1431	0	99448
15086	1142	226	99181	733	0	101282
15087	808	164	925	96875	0	98772
15088	448	225	99891	1063	0	101627
15089	269	100188	1037	829	0	102323
15090	103803	975	601	362	0	105741
15091	104875	654	198	254	0	105981
15092	105283	248	105	264	0	105900
15093	1735	241	103168	233	0	105377
15094	102526	186	961	253	0	103926
15095	105781	136	594	275	0	106786
15096	1753	174	202	105086	0	107215
15097	96247	159	401	1135	0	97942
15098	1139	217	105937	713	0	108006
15099	99403	150	1013	397	0	100963
15100	1400	195	104560	302	0	106457
15101	871	106853	1083	503	0	109310
15102	511	2234	638	94706	0	98089
15103	401	105725	329	1062	0	107517
15104	487	1108	103380	661	0	105636
15105	334	105075	1058	374	0	106841
15106	97182	977	555	235	0	98949
15107	945	98617	283	303	0	100148
15108	679	96536	212	280	0	97707
15109	489	1350	93461	219	0	95519
15110	355	743	868	90913	0	92879
15111	92601	257	558	937	0	94353
15112	1009	288	93590	637	0	95524
15113	702	93190	944	428	0	95264
15114	425	928	598	90034	0	91985
15115	402	650	93292	1016	0	95360
15116	492	299	91258	682	0	92731
15117	388	217	1469	89867	0	91941
15118	450	248	91798	1094	0	93590
15119	479	337	1199	79695	0	81710
15120	421	89209	767	904	0	91301
15121	548	977	388	85872	0	87785
15122	515	89892	357	980	0	91744
15123	635	1068	267	89185	0	91155
15124	87629	592	395	1024	0	89640
15125	1294	320	302	86788	0	88704
15126	942	89134	358	1068	0	91502
15127	600	946	326	90185	0	92057
15128	648	642	89714	1231	0	92235
15129	538	370	1139	89157	0	91204
15130	88638	274	802	1152	0	90866
15131	1188	353	86937	751	0	89229
15132	914	424	1112	84536	0	86986
15133	82670	365	812	1115	0	84962
15134	1226	83151	497	887	0	85761
15135	1063	1113	505	81148	0	83829
15136	83010	849	461	1163	0	85483
15137	1436	488	513	82210	0	84647
15138	1024	529	81566	1194	0	84313
15139	76625	569	1277	892	0	79363
15140	1259	81448	1105	562	0	84374
15141	875	81319	706	626	0	83526
15142	81900	1461	756	513	0	84630
15143	79615	912	616	485	0	81628
15144	1547	717	586	77535	0	80385
15145	78725	545	657	1132	0	81059
15146	1297	650	77967	867	0	80781
15147	75541	558	1325	752	0	78176
15148	1193	76364	1054	818	0	79429
15149	75316	1100	848	734	0	77998
15150	1482	814	75378	855	0	78529
15151	1246	731	1445	74546	0	77968
15152	848	571	1256	75319	0	77994
15153	864	760	1004	69380	0	72008
15154	860	74989	950	1638	0	78437
15155	75560	1248	742	989	0	78539
15156	1949	869	905	67869	0	71592
15157	1558	71004	826	1254	0	74642
15158	78531	1004	883	1116	0	81534
15159	73338	824	1081	795	0	76038
15160	74730	657	752	908	0	77047
15161	74263	645	810	1002	0	76720
15162	72641	637	868	1022	0	75168
15163	1848	757	925	72116	0	75646
15164	1371	788	948	71652	0	74759
15165	70880	889	811	1680	0	74260
15166	1206	1065	906	71229	0	74406
15167	1149	1183	778	70498	0	73608
15168	813	1097	67384	1860	0	71154
15169	67512	1161	1560	1238	0	71471
15170	69190	1099	1252	1057	0	72598
15171	69676	1273	922	910	0	72781
15172	1771	1186	1002	61656	0	65615
15173	1160	67252	821	1595	0	70828
15174	71900	1433	1032	1133	0	75498
15175	69828	1119	1042	1376	0	73365
15176	2066	805	863	74465	0	78199
15177	73843	737	1141	1786	0	77507
15178	2018	1401	63507	1561	0	68487
15179	1249	76355	1525	1403	0	80532
15180	1295	77502	1297	1462	0	81556
15181	1379	2031	75426	1363	0	80199
15182	730	68990	1733	1335	0	72788
15183	818	65757	1143	1440	0	69158
15184	55103	1001	889	825	0	57818
15185	800	55503	508	942	0	57753
15186	884	927	536	55091	0	57438
15187	56738	638	405	1271	0	59052
15188	1067	554	55205	928	0	57754
15189	53396	570	546	951	0	55463
15190	1083	609	53497	777	0	55966
15191	752	367	53093	868	0	55080
15192	51119	364	849	849	0	53181
15193	878	264	54794	920	0	56856
15194	667	53064	677	506	0	54914
15195	564	469	608	52445	0	54086
15196	51898	400	314	736	0	53348
15197	860	50983	229	597	0	52669
15198	622	591	258	50778	0	52249
15199	593	433	50475	770	0	52271
15200	648	299	430	50112	0	51489
15201	48325	261	429	767	0	49782
15202	904	248	48055	530	0	49737
15203	900	276	475	47094	0	48745
15204	47902	418	375	621	0	49316
15205	48691	315	267	490	0	49763
15206	1252	273	225	48058	0	49808
15207	920	274	131	48689	0	50014
15208	666	287	50172	860	0	51985
15209	735	189	49439	513	0	50876
15210	48778	155	800	341	0	50074
15211	51968	175	395	313	0	52851
15212	1078	51937	273	392	0	53680
15213	52258	454	221	184	0	53117
15214	53529	346	234	302	0	54411
15215	926	262	59333	391	0	60912
15216	556	61870	558	460	0	63444
15217	62590	506	369	318	0	63783
15218	62658	305	154	182	0	63299
15219	63776	135	70	150	0	64131
15220	834	127	53	62447	0	63461
15221	539	94	49	62502	0	63184
15222	272	63220	99	729	0	64320
15223	220	452	44	64096	0	64812
15224	63610	293	66	573	0	64542
15225	623	116	48	64063	0	64850
15226	508	124	62796	599	0	64027
15227	317	98	61434	423	0	62272
15228	251	43	724	61525	0	62543
15229	214	100	63112	625	0	64051
15230	218	85	63138	467	0	63908
15231	201	52	810	58103	0	59166
15232	200	65	418	63174	0	63857
15233	215	82	64251	807	0	65355
15234	294	103	64172	466	0	65035
15235	184	65008	813	320	0	66325
15236	64780	508	414	156	0	65858
15237	598	68054	224	199	0	69075
15238	67455	550	103	150	0	68258
15239	68006	359	88	101	0	68554
15240	796	69107	141	188	0	70232
15241	69560	570	81	120	0	70331
15242	692	386	77	68065	0	69220
15243	485	213	69974	573	0	71245
15244	279	104	532	67822	0	68737
15245	161	146	379	70939	0	71625
15246	68440	76	175	894	0	69585
15247	68349	62	105	492	0	69008
15248	68765	68	109	244	0	69186
15249	68733	84	113	164	0	69094
15250	66235	76	92	179	0	66582
15251	1033	65286	153	163	0	66635
15252	558	512	121	66171	0	67362
15253	310	558	67241	616	0	68725
15254	245	163	581	66406	0	67395
15255	212	103	454	67904	0	68673
15256	213	71	201	70966	0	71451
15257	73636	82	137	1135	0	74990
15258	819	61	127	73266	0	74273
15259	74609	93	149	947	0	75798
15260	979	135	77201	631	0	78946
15261	717	77	838	88072	0	89704
15262	353	135	91786	1310	0	93584
15263	89033	71	1295	798	0	91197
15264	1254	80	762	91133	0	93229
15265	869	145	93319	1326	0	95659
15266	396	76	1269	92935	0	94676
15267	93069	91	835	1466	0	95461
15268	1358	141	96136	886	0	98521
15269	93369	85	1277	439	0	95170
15270	97094	73	905	332	0	98404
15271	96291	72	385	280	0	97028
15272	94200	84	293	318	0	94895
15273	1985	94222	345	405	0	96957
15274	953	91172	320	290	0	92735
15275	495	91074	264	306	0	92139
15276	484	2442	292	79957	0	83175
15277	288	84135	268	965	0	85656
15278	81426	993	238	617	0	83274
15279	1016	81826	265	338	0	83445
15280	700	83051	217	319	0	84287
15281	426	1409	175	81820	0	83830
15282	364	742	172	83537	0	84815
15283	82454	273	190	1519	0	84436
15284	1093	244	168	83019	0	84524
15285	787	265	80861	1191	0	83104
15286	476	264	77276	792	0	78808
15287	443	221	80608	408	0	81680
15288	456	165	1503	76419	0	78543
15289	436	160	712	83063	0	84371
15290	442	246	81931	1628	0	84247
15291	465	234	80356	887	0	81942
15292	432	267	82975	429	0	84103
15293	80685	227	1771	399	0	83082
15294	1242	242	889	83861	0	86234
15295	819	259	376	84991	0	86445
15296	84319	247	340	1832	0	86738
15297	1272	245	350	83221	0	85088
15298	852	85641	380	1385	0	88258
15299	401	88649	322	1038	0	90410
15300	400	1589	244	87624	0	89857
15301	87942	768	272	1376	0	90358
15302	87685	274	283	998	0	89240
15303	89035	192	308	557	0	90092
15304	1944	182	307	88114	0	90547
15305	1056	306	87775	1371	0	90508
15306	509	172	1261	87266	0	89208
15307	493	211	87711	1453	0	89868
15308	80546	208	1422	1044	0	83220
15309	1334	269	923	84489	0	87015
15310	82732	175	522	1383	0	84812
15311	1428	200	83896	1019	0	86543
15312	74143	183	1350	648	0	76324
15313	1568	188	86576	524	0	88856
15314	1069	82659	1307	540	0	85575
15315	600	80396	867	481	0	82344
15316	76980	1564	476	436	0	79456
15317	1360	850	282	76810	0	79302
15318	1005	409	77950	1283	0	80647
15319	508	77243	1189	940	0	79880
15320	422	80065	893	495	0	81875
15321	486	1692	330	79126	0	81634
15322	79584	813	350	1281	0	82028
15323	79452	334	318	951	0	81055
15324	1745	79955	459	582	0	82741
15325	79712	1183	382	510	0	81787
15326	1417	778	363	79793	0	82351
15327	1037	360	80086	1420	0	82903
15328	523	80884	1383	1064	0	83854
15329	589	1127	938	81342	0	83996
15330	519	800	495	82161	0	83975
15331	81252	322	380	1895	0	83849
15332	1484	285	80813	1010	0	83592
15333	78750	278	1288	511	0	80827
15334	81236	298	910	438	0	82882
15335	1944	350	386	79936	0	82616
15336	1113	333	303	81524	0	83273
15337	78787	339	292	1883	0	81301
15338	1492	396	299	79416	0	81603
15339	986	470	78956	1423	0	81835
15340	523	406	78475	963	0	80367
15341	458	77967	1625	638	0	80688
15342	482	82904	881	583	0	84850
15343	542	1717	375	75361	0	77995
15344	442	80384	336	1280	0	82442
15345	79618	1318	262	988	0	82186
15346	1235	82064	428	607	0	84334
15347	924	1326	335	80942	0	83527
15348	466	842	345	82789	0	84442
15349	439	523	82339	1999	0	85300
15350	437	255	1314	80790	0	82796
15351	439	278	989	82766	0	84472
15352	398	84395	568	2024	0	87385
15353	463	1254	481	82897	0	85095
15354	425	797	360	85029	0	86611
15355	590	455	83177	2173	0	86395
15356	430	81502	1374	1291	0	84597
15357	457	4271	803	70480	0	76011
15358	354	77333	395	1181	0	79263
15359	438	1114	73580	867	0	75999
15360	258	72006	1132	427	0	73823
15361	58320	1109	971	278	0	60678
15362	56466	427	143	185	0	57221
15363	56501	183	92	142	0	56918
15364	919	57106	97	178	0	58300
15365	56614	559	77	165	0	57415
15366	672	433	101	55679	0	56885
15367	54717	143	98	623	0	55581
15368	589	54652	123	535	0	55899
15369	55096	581	73	222	0	55972
15370	55920	429	139	206	0	56694
15371	928	57796	126	223	0	59073
15372	569	686	57547	183	0	58985
15373	224	495	651	61732	0	63102
15374	210	199	66643	850	0	67902
15375	179	163	863	67326	0	68531
15376	158	156	565	71234	0	72113
15377	177	255	72014	1453	0	73899
15378	178	136	942	71351	0	72607
15379	71325	157	1028	1082	0	73592
15380	1003	234	73118	722	0	75077
15381	615	73304	992	341	0	75252
15382	221	998	613	71079	0	72911
15383	167	647	158	73613	0	74585
15384	195	231	73520	1486	0	75432
15385	183	225	951	68133	0	69492
15386	161	73096	667	1026	0	74950
15387	69905	978	192	725	0	71800
15388	813	72336	206	297	0	73652
15389	67288	925	105	213	0	68531
15390	822	69021	181	305	0	70329
15391	497	71548	206	238	0	72489
15392	259	1303	68028	191	0	69781
15393	233	815	1011	66949	0	69008
15394	175	186	582	67214	0	68157
15395	162	140	180	68480	0	68962
15396	130	73361	222	1657	0	75370
15397	190	1066	180	74049	0	75485
15398	72668	676	171	1284	0	74799
15399	1124	218	178	73073	0	74593
15400	72054	154	188	1332	0	73728
15401	1239	227	72663	900	0	75029
15402	71100	175	1188	408	0	72871
15403	1228	237	742	72424	0	74631
15404	730	242	269	75432	0	76673
15405	75826	222	205	1934	0	78187
15406	1193	270	77268	1008	0	79739
15407	755	76930	1253	473	0	79411
15408	272	1273	764	76151	0	78460
15409	77446	829	234	1336	0	79845
15410	77908	374	200	849	0	79331
15411	1848	331	164	76506	0	78849
15412	913	340	77953	1365	0	80571
15413	72364	292	1247	918	0	74821
15414	1274	345	76321	494	0	78434
15415	958	245	1319	74355	0	76877
15416	322	270	76512	1527	0	78631
15417	332	303	1172	74408	0	76215
15418	309	235	73951	1522	0	76017
15419	281	73368	1261	1353	0	76263
15420	624	1186	728	60500	0	63038
15421	304	72961	360	1174	0	74799
15422	73250	1121	207	801	0	75379
15423	73071	699	271	488	0	74529
15424	1851	338	72111	407	0	74707
15425	1029	234	1169	70674	0	73106
15426	71535	210	851	1421	0	74017
15427	1342	214	347	71213	0	73116
15428	964	224	316	70366	0	71870
15429	495	303	69581	1883	0	72262
15430	64689	227	1294	1132	0	67342
15431	1388	248	70007	611	0	72254
15432	1011	209	1356	67159	0	69735
15433	602	231	69640	1470	0	71943
15434	67789	227	1419	1096	0	70531
15435	69126	190	980	664	0	70960
15436	68817	269	616	502	0	70204
15437	1878	252	519	67318	0	69967
15438	1026	287	67560	1481	0	70354
15439	481	389	68552	1122	0	70544
15440	508	328	1955	60023	0	62814
15441	461	66597	1176	1378	0	69612
15442	63267	1159	602	1106	0	66134
15443	1528	833	410	63714	0	66485
15444	1048	419	64320	1496	0	67283
15445	760	407	1270	64436	0	66873
15446	724	281	66232	1531	0	68768
15447	703	465	1408	65043	0	67619
15448	686	248	67380	1623	0	69937
15449	649	220	66368	1226	0	68463
15450	625	63829	1920	1031	0	67405
15451	625	1002	64868	786	0	67281
15452	715	831	64467	748	0	66761
15453	777	551	1917	50516	0	53761
15454	778	279	1109	52867	0	55033
15455	657	61735	717	1706	0	64815
15456	61540	995	690	979	0	64204
15457	1468	62069	742	719	0	64998
15458	1187	1075	634	60337	0	63233
15459	61433	690	740	1350	0	64213
15460	1438	264	620	61123	0	63445
15461	61290	245	785	1567	0	63887
15462	1424	257	762	62141	0	64584
15463	1050	321	62358	1600	0	65329
15464	636	371	1497	62255	0	64759
15465	614	304	1093	62596	0	64607
15466	62370	286	850	1924	0	65430
15467	62283	257	845	1289	0	64674
15468	59738	234	884	874	0	61730
15469	1763	59387	1004	757	0	62911
15470	935	58381	811	850	0	60977
15471	56170	1205	953	761	0	59089
15472	1160	778	58386	705	0	61029
15473	875	381	53839	648	0	55743
15474	676	2050	1806	45530	0	50062
15475	525	270	48058	966	0	49819
15476	531	163	45524	774	0	46992
15477	41142	191	1333	649	0	43315
15478	41419	188	786	538	0	42931
15479	1211	43700	475	526	0	45912
15480	735	44416	483	582	0	46216
15481	607	927	518	33572	0	35624
15482	445	44294	568	799	0	46106
15483	44453	691	542	692	0	46378
15484	879	573	502	40012	0	41966
15485	701	44247	472	851	0	46271
15486	45246	644	483	686	0	47059
15487	901	511	46266	537	0	48215
15488	758	246	45804	479	0	47287
15489	43858	182	1296	526	0	45862
15490	861	257	44882	554	0	46554
15491	41305	141	930	460	0	42836
15492	862	182	769	43865	0	45678
15493	636	267	44230	822	0	45955
15494	387	43445	951	666	0	45449
15495	387	44532	810	427	0	46156
15496	37771	492	607	331	0	39201
15497	452	38815	523	319	0	40109
15498	36469	316	389	292	0	37466
15499	36156	220	416	229	0	37021
15500	543	36821	384	214	0	37962
15501	356	357	279	36251	0	37243
15502	229	251	36828	387	0	37695
15503	177	38317	667	298	0	39459
15504	139	1123	340	37268	0	38870
15505	140	226	155	40282	0	40803
15506	39045	63	83	509	0	39700
15507	309	51	103	38963	0	39426
15508	241	58	38853	395	0	39547
15509	67	38786	377	312	0	39542
15510	75	351	258	38849	0	39533
15511	39438	231	130	368	0	40167
15512	39948	91	94	284	0	40417
15513	537	72	106	40191	0	40906
15514	41119	38	112	395	0	41664
15515	494	89	41660	299	0	42542
15516	344	46	455	41142	0	41987
15517	155	148	42621	443	0	43367
15518	122	50	492	45546	0	46210
15519	90	117	361	45016	0	45584
15520	94	72	93	45552	0	45811
15521	113	50	69	45205	0	45437
15522	89	78	57	45604	0	45828
15523	44627	38	56	947	0	45668
15524	44861	66	42	523	0	45492
15525	807	45296	85	222	0	46410
15526	45818	489	47	177	0	46531
15527	615	362	46	45803	0	46826
15528	451	103	81	46378	0	47013
15529	195	72	63	46384	0	46714
15530	190	77	46771	971	0	48009
15531	174	82	557	42992	0	43805
15532	137	46249	426	612	0	47424
15533	45950	525	139	452	0	47066
15534	45358	391	240	178	0	46167
15535	962	185	45410	164	0	46721
15536	479	45460	603	252	0	46794
15537	154	562	442	44940	0	46098
15538	183	411	45549	612	0	46755
15539	151	121	637	40425	0	41334
15540	119	44056	484	618	0	45277
15541	42152	570	156	484	0	43362
15542	562	43648	145	357	0	44712
15543	477	607	43454	186	0	44724
15544	268	452	43503	158	0	44381
15545	131	42684	887	188	0	43890
15546	102	42007	437	162	0	42708
15547	40618	849	169	179	0	41815
15548	40641	400	87	180	0	41308
15549	869	132	88	40494	0	41583
15550	471	148	40846	632	0	42097
15551	182	104	530	40196	0	41012
15552	161	96	383	40847	0	41487
15553	40228	83	120	954	0	41385
15554	39475	123	101	520	0	40219
15555	906	85	95	41593	0	42679
15556	494	98	41778	722	0	43092
15557	168	41831	591	578	0	43168
15558	41360	594	414	246	0	42614
15559	613	42948	157	235	0	43953
15560	497	654	114	42622	0	43887
15561	219	466	115	44367	0	45167
15562	182	166	130	44273	0	44751
15563	128	141	122	43700	0	44091
15564	42458	130	129	1174	0	43891
15565	697	134	115	42244	0	43190
15566	516	41999	131	856	0	43502
15567	216	622	90	42491	0	43419
15568	40880	461	114	861	0	42316
15569	649	41456	141	735	0	42981
15570	524	640	129	41541	0	42834
15571	256	513	40919	819	0	42507
15572	39292	181	652	666	0	40791
15573	770	152	475	40668	0	42065
15574	603	186	40196	837	0	41822
15575	282	164	39794	666	0	40906
15576	309	180	1082	39455	0	41026
15577	39510	126	644	858	0	41138
15578	39540	158	206	657	0	40561
15579	1070	40170	174	449	0	41863
15580	39967	627	136	384	0	41114
15581	39673	581	155	367	0	40776
15582	39817	147	171	347	0	40482
15583	39368	155	145	360	0	40028
15584	1169	152	128	38366	0	39815
15585	651	135	126	38605	0	39517
15586	334	148	36971	1177	0	38630
15587	224	35123	610	753	0	36710
15588	209	36197	474	461	0	37341
15589	276	913	35233	359	0	36781
15590	33583	494	657	307	0	35041
15591	729	181	450	34408	0	35768
15592	34829	179	188	724	0	35920
15593	34424	146	155	592	0	35317
15594	1026	190	33797	311	0	35324
15595	602	153	632	33113	0	34500
15596	33572	120	472	748	0	34912
15597	716	157	199	33724	0	34796
15598	576	184	33754	808	0	35322
15599	312	1120	616	30773	0	32821
15600	269	34339	519	648	0	35775
15601	255	34890	186	545	0	35876
15602	341	864	33341	281	0	34827
15603	206	32168	574	211	0	33159
15604	28495	650	548	681	0	30374
15605	26998	317	115	157	0	27587
15606	672	111	98	26698	0	27579
15607	386	109	91	26975	0	27561
15608	210	80	98	27525	0	27913
15609	26642	84	67	703	0	27496
15610	461	26912	84	447	0	27904
15611	26128	363	68	180	0	26739
15612	25575	275	81	149	0	26080
15613	661	25751	74	165	0	26651
15614	23496	295	71	122	0	23984
15615	361	23967	91	114	0	24533
15616	23778	301	75	151	0	24305
15617	372	221	23649	148	0	24390
15618	19067	109	268	96	0	19540
15619	259	20570	202	91	0	21122
15620	202	192	123	20323	0	20840
15621	98	148	45	21391	0	21682
15622	90	49	29	21809	0	21977
15623	21759	47	37	464	0	22307
15624	294	59	37	22145	0	22535
15625	253	64	21473	369	0	22159
15626	20423	51	202	261	0	20937
15627	271	82	21220	106	0	21679
15628	231	126	225	20653	0	21235
15629	113	52	21186	271	0	21622
15630	101	148	225	19672	0	20146
15631	61	20647	217	254	0	21179
15632	85	234	72	19818	0	20209
15633	55	20534	79	235	0	20903
15634	87	212	42	20533	0	20874
15635	20332	185	50	250	0	20817
15636	249	64	45	21161	0	21519
15637	21297	37	34	264	0	21632
15638	283	58	20732	207	0	21280
15639	20588	43	182	98	0	20911
15640	21222	48	161	84	0	21515
15641	21218	57	55	74	0	21404
15642	429	37	43	21309	0	21818
15643	21044	42	54	242	0	21382
15644	294	51	20446	210	0	21001
15645	20132	43	220	140	0	20535
15646	273	67	20561	94	0	20995
15647	20171	56	227	88	0	20542
15648	273	39	192	20785	0	21289
15649	263	64	21291	233	0	21851
15650	130	47	228	21032	0	21437
15651	97	42	207	21458	0	21804
15652	107	79	21373	404	0	21963
15653	18995	42	228	282	0	19547
15654	242	22061	207	176	0	22686
15655	20942	161	62	101	0	21266
15656	189	21194	67	123	0	21573
15657	20586	164	80	79	0	20909
15658	211	155	20441	72	0	20879
15659	18063	96	330	96	0	18585
15660	164	19314	191	64	0	19733
15661	201	111	74	18634	0	19020
15662	64	86	29	19038	0	19217
15663	69	34	25	19117	0	19245
15664	56	32	19274	211	0	19573
15665	64	16	106	18846	0	19032
15666	53	23	20176	138	0	20390
15667	20621	21	123	144	0	20909
15668	22250	7	142	81	0	22480
15669	286	17	39	23121	0	23463
15670	168	20	23735	196	0	24119
15671	22174	9	177	203	0	22563
15672	227	28	29256	71	0	29582
15673	196	18	280	28826	0	29320
15674	76	25	206	30021	0	30328
15675	66	22	56	30949	0	31093
15676	47	42	41	31375	0	31505
15677	29937	25	39	526	0	30527
15678	294	31056	59	327	0	31736
15679	315	291	30651	78	0	31335
15680	72	31132	308	75	0	31587
15681	30793	303	220	70	0	31386
15682	333	216	59	30912	0	31520
15683	31392	32	48	332	0	31804
15684	340	30	46	31553	0	31969
15685	244	16	39	31437	0	31736
15686	85	28	58	31887	0	32058
15687	89	57	31291	551	0	31988
15688	60	30945	331	358	0	31694
15689	114	302	31692	113	0	32221
15690	83	206	360	31435	0	32084
15691	32093	48	245	377	0	32763
15692	31925	30	92	307	0	32354
15693	32082	21	50	177	0	32330
15694	523	32294	87	144	0	33048
15695	32990	301	53	146	0	33490
15696	365	237	66	32861	0	33529
15697	280	82	60	32931	0	33353
15698	117	57	63	32716	0	32953
15699	84	33393	70	633	0	34180
15700	138	330	58	29998	0	30524
15701	97	32292	75	361	0	32825
15702	31767	334	61	330	0	32492
15703	31886	275	52	177	0	32390
15704	555	77	61	32310	0	33003
15705	331	83	32030	430	0	32874
15706	30915	56	348	360	0	31679
15707	377	60	271	32516	0	33224
15708	321	108	32399	437	0	33265
15709	30438	56	348	370	0	31212
15710	403	60	256	32617	0	33336
15711	32472	57	96	436	0	33061
15712	427	32535	94	363	0	33419
15713	340	395	70	31788	0	32593
15714	153	33842	73	428	0	34496
15715	166	439	91	33358	0	34054
15716	128	34126	95	467	0	34816
15717	158	345	66	34142	0	34711
15718	147	278	33512	410	0	34347
15719	26327	119	334	434	0	27214
15720	358	33010	249	223	0	33840
15721	309	289	31880	161	0	32639
15722	30558	199	284	179	0	31220
15723	359	84	210	32358	0	33011
15724	280	79	32395	375	0	33129
15725	123	32914	306	381	0	33724
15726	111	278	217	33372	0	33978
15727	164	241	34436	359	0	35200
15728	132	103	287	34229	0	34751
15729	148	83	208	35020	0	35459
15730	205	104	36027	569	0	36905
15731	149	92	301	35914	0	36456
15732	147	141	37115	456	0	37859
15733	112	91	318	37014	0	37535
15734	152	162	39470	473	0	40257
15735	136	116	338	39211	0	39801
15736	143	87	255	39510	0	39995
15737	155	124	106	38578	0	38963
15738	146	39054	134	645	0	39979
15739	39028	346	88	382	0	39844
15740	38811	261	129	249	0	39450
15741	573	113	121	39538	0	40345
15742	39328	93	161	491	0	40073
15743	407	129	39541	411	0	40488
15744	287	40568	375	278	0	41508
15745	40439	323	264	270	0	41296
15746	338	41562	157	271	0	42328
15747	305	350	116	41366	0	42137
15748	135	288	111	41978	0	42512
15749	40685	121	130	656	0	41592
15750	381	106	103	41118	0	41708
15751	350	127	41116	476	0	42069
15752	152	40903	358	423	0	41836
15753	40599	340	302	231	0	41472
15754	374	264	106	39851	0	40595
15755	299	41488	116	526	0	42429
15756	189	364	114	39877	0	40544
15757	135	41835	146	416	0	42532
15758	41641	363	99	378	0	42481
15759	41189	262	145	223	0	41819
15760	586	150	41451	236	0	42423
15761	360	149	40994	199	0	41702
15762	177	117	508	40418	0	41220
15763	149	42261	292	474	0	43176
15764	132	348	108	42554	0	43142
15765	42134	240	121	495	0	42990
15766	388	129	41752	357	0	42626
15767	261	149	321	39159	0	39890
15768	153	94	39784	367	0	40398
15769	130	94	38288	309	0	38821
15770	97	40174	457	200	0	40928
15771	375	1019	236	37990	0	39620
15772	34456	117	69	188	0	34830
15773	178	75	34340	160	0	34753
15774	107	33773	131	88	0	34099
15775	33280	100	79	66	0	33525
15776	133	83	28	33383	0	33627
15777	34412	33	19	158	0	34622
15778	34284	36	28	129	0	34477
15779	34291	19	23	100	0	34433
15780	189	64	36486	48	0	36787
15781	33998	24	129	70	0	34221
15782	36592	26	93	68	0	36779
15783	169	38206	51	79	0	38505
15784	127	150	23	38186	0	38486
15785	46	102	14	38451	0	38613
15786	42	55	28	38894	0	39019
15787	39176	20	28	239	0	39463
15788	37787	22	37	173	0	38019
15789	253	68	38788	54	0	39163
15790	144	37	129	37798	0	38108
15791	42	38873	145	190	0	39250
15792	38923	134	47	155	0	39259
15793	159	169	39092	60	0	39480
15794	156	37	133	37927	0	38253
15795	76	26	129	38589	0	38820
15796	33	39142	75	267	0	39517
15797	60	127	42	39346	0	39575
15798	57	144	35	38632	0	38868
15799	50	43	31	39275	0	39399
15800	38851	27	38	308	0	39224
15801	157	20	39	38633	0	38849
15802	153	33	27	38676	0	38889
15803	39155	35	24	308	0	39522
15804	190	29	28	38755	0	39002
15805	191	44006	68	194	0	44459
15806	45050	295	34	190	0	45569
15807	46364	234	37	128	0	46763
15808	47768	69	29	111	0	47977
15809	52132	41	39	100	0	52312
15810	779	55847	65	109	0	56800
15811	61937	538	39	122	0	62636
15812	62381	367	36	101	0	62885
15813	1093	143	28	62041	0	63305
15814	563	104	61748	697	0	63112
15815	199	55	664	61477	0	62395
15816	133	38	418	61712	0	62301
15817	116	50	97	61552	0	61815
15818	104	38	44	61741	0	61927
15819	110	79	43	62171	0	62403
15820	60332	46	43	1218	0	61639
15821	745	31	43	61073	0	61892
15822	502	72	62096	889	0	63559
15823	209	46	684	59999	0	60938
15824	112	62200	512	1020	0	63844
15825	124	873	104	62352	0	63453
15826	151	525	62653	828	0	64157
15827	53699	128	746	634	0	55207
15828	58165	81	443	241	0	58930
15829	1203	96	64514	207	0	66020
15830	556	64191	752	183	0	65682
15831	65464	714	458	181	0	66817
15832	65414	441	126	196	0	66177
15833	65779	147	68	164	0	66158
15834	64030	69	67	164	0	64330
15835	1390	63	48	62817	0	64318
15836	733	169	63730	830	0	65462
15837	416	80	734	63416	0	64646
15838	321	80	477	65243	0	66121
15839	307	144	65043	1337	0	66831
15840	306	185	64645	763	0	65899
15841	62220	109	1230	439	0	63998
15842	982	65435	648	433	0	67498
15843	818	796	225	65102	0	66941
15844	364	551	64638	1178	0	66731
15845	59902	157	926	1017	0	62002
15846	1020	150	64160	636	0	65966
15847	60997	93	981	684	0	62755
15848	997	64031	701	660	0	66389
15849	730	790	237	64552	0	66309
15850	457	596	64134	1202	0	66389
15851	59462	187	971	964	0	61584
15852	1028	63867	773	578	0	66246
15853	770	66815	402	502	0	68489
15854	514	1360	277	65708	0	67859
15855	371	768	283	68391	0	69813
15856	71006	327	286	1625	0	73244
15857	1309	70681	344	992	0	73326
15858	1137	994	290	71721	0	74142
15859	71686	684	278	1273	0	73921
15860	73226	287	278	988	0	74779
15861	75189	281	270	578	0	76318
15862	2166	284	76480	512	0	79442
15863	1337	205	77785	494	0	79821
15864	78204	167	1783	561	0	80715
15865	1606	81346	1061	616	0	84629
15866	1153	82338	557	691	0	84739
15867	650	1973	421	76429	0	79473
15868	434	81942	525	1575	0	84476
15869	82480	1436	469	1230	0	85615
15870	1560	933	563	81845	0	84901
15871	1286	444	82717	1571	0	86018
15872	81351	313	1565	1151	0	84380
15873	83544	330	1103	602	0	85579
15874	2432	344	521	82471	0	85768
15875	1419	290	480	83902	0	86091
15876	796	282	508	84715	0	86301
15877	803	341	429	84017	0	85590
15878	734	450	80704	2495	0	84383
15879	673	80096	1499	1483	0	83751
15880	767	1514	1067	70966	0	74314
15881	623	79965	587	1660	0	82835
15882	797	1864	460	69577	0	72698
15883	572	78481	465	1608	0	81126
15884	76618	1637	417	1360	0	80032
15885	76948	1094	415	788	0	79245
15886	2479	77490	477	805	0	81251
15887	77427	1521	440	664	0	80052
15888	2090	1062	460	76741	0	80353
15889	76592	613	460	1716	0	79381
15890	2045	76542	557	1261	0	80405
15891	76963	1618	510	599	0	79690
15892	77345	1184	540	560	0	79629
15893	2618	590	549	75651	0	79408
15894	1549	617	76201	1707	0	80074
15895	911	75545	1676	1267	0	79399
15896	877	1724	1050	75660	0	79311
15897	75749	1325	566	1741	0	79381
15898	1886	814	75265	1395	0	79360
15899	1449	631	1484	73686	0	77250
15900	914	582	1001	75280	0	77777
15901	75465	451	555	2580	0	79051
15902	75985	471	508	1617	0	78581
15903	75170	475	495	961	0	77101
15904	2614	73647	557	908	0	77726
15905	69428	1375	370	879	0	72052
15906	1598	939	66834	981	0	70352
15907	1154	535	65676	911	0	68276
15908	805	519	65500	734	0	67558
15909	1028	2979	2160	55337	0	61504
15910	557	484	55418	1147	0	57606
15911	47512	341	825	737	0	49415
15912	955	309	499	48599	0	50362
15913	833	311	50031	946	0	52121
15914	50225	333	754	781	0	52093
15915	1110	317	522	50963	0	52912
15916	909	316	211	52077	0	53513
15917	52140	271	222	1308	0	53941
15918	1057	318	265	53269	0	54909
15919	837	345	53681	989	0	55852
15920	532	284	879	53850	0	55545
15921	607	330	54729	1024	0	56690
15922	518	271	948	53305	0	55042
15923	52037	243	635	1101	0	54016
15924	1079	51878	379	907	0	54243
15925	881	53242	342	539	0	55004
15926	650	1198	307	51583	0	53738
15927	561	712	284	50276	0	51833
15928	511	51737	297	1374	0	53919
15929	547	49569	318	863	0	51297
15930	497	1187	381	47847	0	49912
15931	478	560	391	48055	0	49484
15932	46008	233	410	1425	0	48076
15933	990	46039	413	945	0	48387
15934	816	45729	371	545	0	47461
15935	495	47273	353	482	0	48603
15936	45009	1117	347	503	0	46976
15937	951	595	45140	542	0	47228
15938	43623	239	945	504	0	45311
15939	982	228	669	43276	0	45155
15940	682	42755	390	1024	0	44851
15941	427	45003	329	827	0	46586
15942	43933	1068	294	545	0	45840
15943	949	627	334	40502	0	42412
15944	647	46214	327	1030	0	48218
15945	46436	827	347	792	0	48402
15946	46966	623	270	550	0	48409
15947	1324	400	46514	484	0	48722
15948	45904	351	804	468	0	47527
15949	46612	338	595	463	0	48008
15950	1279	293	282	44443	0	46297
15951	724	45225	312	1011	0	47272
15952	373	45682	247	837	0	47139
15953	415	1281	218	43701	0	45615
15954	41786	660	298	973	0	43717
15955	870	373	42209	720	0	44172
15956	678	275	38214	325	0	39492
15957	891	299	37607	293	0	39090
15958	779	271	37585	258	0	38893
15959	306	37090	950	319	0	38665
15960	352	36481	516	287	0	37636
15961	633	874	33838	214	0	35559
15962	567	549	32231	189	0	33536
15963	93	29183	635	198	0	30109
15964	69	237	310	25057	0	25673
15965	62	190	26974	224	0	27450
15966	52	63	240	25890	0	26245
15967	38	45	192	27608	0	27883
15968	65	27	59	28276	0	28427
15969	59	40	38	29771	0	29908
15970	45	48	29493	499	0	30085
15971	64	37	310	28379	0	28790
15972	29032	38	242	349	0	29661
15973	303	72	28793	258	0	29426
15974	28620	43	313	104	0	29080
15975	365	34	237	29060	0	29696
15976	237	78	29708	319	0	30342
15977	29087	77	338	252	0	29754
15978	328	167	246	29793	0	30534
15979	30299	43	101	365	0	30808
15980	380	73	66	28480	0	28999
15981	251	29700	100	370	0	30421
15982	137	334	30664	248	0	31383
15983	85	241	340	30029	0	30695
15984	30926	75	269	365	0	31635
15985	30914	68	113	287	0	31382
15986	31065	69	74	119	0	31327
15987	30788	73	82	106	0	31049
15988	29915	76	99	120	0	30210
15989	499	30476	88	136	0	31199
15990	30758	334	93	107	0	31292
15991	390	281	30475	112	0	31258
15992	30173	116	360	136	0	30785
15993	434	116	363	24538	0	25451
15994	313	103	30486	271	0	31173
15995	142	109	30532	221	0	31004
15996	106	81	573	29838	0	30598
15997	30432	76	299	378	0	31185
15998	384	30708	144	314	0	31550
15999	30260	366	119	130	0	30875
16000	421	31132	108	139	0	31800
16001	368	378	99	31152	0	31997
16002	182	282	104	31852	0	32420
16003	31592	127	94	607	0	32420
16004	443	101	101	32062	0	32707
16005	357	98	32165	446	0	33066
16006	31377	79	409	327	0	32192
16007	446	93	307	32554	0	33400
16008	374	80	143	32536	0	33133
16009	188	89	32491	619	0	33387
16010	29466	96	447	348	0	30357
16011	31378	79	329	151	0	31937
16012	642	31865	153	220	0	32880
16013	377	353	30420	129	0	31279
16014	205	269	29550	127	0	30151
16015	261	312	581	28305	0	29459
16016	199	246	354	27495	0	28294
16017	122	28725	213	551	0	29611
16018	144	348	27940	303	0	28735
16019	138	224	398	26919	0	27679
16020	156	112	28062	400	0	28730
16021	127	111	427	25678	0	26343
16022	126	27406	313	356	0	28201
16023	120	305	186	27505	0	28116
16024	137	245	165	27613	0	28160
16025	141	101	160	27520	0	27922
16026	27103	80	151	580	0	27914
16027	387	112	27187	359	0	28045
16028	287	27980	394	262	0	28923
16029	156	358	309	29033	0	29856
16030	29547	266	160	509	0	30482
16031	460	79	132	30281	0	30952
16032	30480	55	149	523	0	31207
16033	509	87	30625	467	0	31688
16034	29643	67	452	223	0	30385
16035	533	46	364	31249	0	32192
16036	444	89	31411	545	0	32489
16037	204	31244	472	467	0	32387
16038	218	421	360	30524	0	31523
16039	198	302	166	30948	0	31614
16040	30156	96	147	722	0	31121
16041	477	30000	161	492	0	31130
16042	384	29485	139	236	0	30244
16043	193	30272	164	203	0	30832
16044	27223	545	120	159	0	28047
16045	417	27688	102	233	0	28440
16046	400	453	127	26826	0	27806
16047	247	256	108	27172	0	27783
16048	26702	90	97	589	0	27478
16049	393	26619	145	370	0	27527
16050	335	332	109	26871	0	27647
16051	27271	265	78	439	0	28053
16052	27204	77	95	350	0	27726
16053	27035	90	107	187	0	27419
16054	609	27066	118	159	0	27952
16055	25747	292	80	124	0	26243
16056	338	266	69	24991	0	25664
16057	266	24920	88	353	0	25627
16058	126	25380	95	271	0	25872
16059	265	467	207	24824	0	25763
16060	24732	220	64	350	0	25366
16061	24900	76	87	286	0	25349
16062	474	72	71	23666	0	24283
16063	230	24022	100	357	0	24709
16064	23862	268	87	300	0	24517
16065	324	233	23128	128	0	23813
16066	256	110	22544	126	0	23036
16067	21248	129	388	109	0	21874
16068	312	83	21612	139	0	22146
16069	181	49	232	19340	0	19802
16070	19646	47	143	241	0	20077
16071	213	91	55	20132	0	20491
16072	175	70	20131	286	0	20662
16073	84	20439	196	241	0	20960
16074	89	208	154	20263	0	20714
16075	99	200	20218	246	0	20763
16076	18551	81	174	205	0	19011
16077	200	64	133	19875	0	20272
16078	195	56	20006	231	0	20488
16079	92	59	190	19375	0	19716
16080	77	19978	156	227	0	20438
16081	111	218	57	20546	0	20932
16082	88	169	55	20096	0	20408
16083	96	60	46	19720	0	19922
16084	70	19915	60	357	0	20402
16085	20159	197	58	234	0	20648
16086	214	171	45	20314	0	20744
16087	193	91	52	20424	0	20760
16088	110	72	47	20833	0	21062
16089	94	82	20459	359	0	20994
16090	89	91	186	20316	0	20682
16091	20299	84	148	246	0	20777
16092	211	20528	97	243	0	21079
16093	183	245	32	20718	0	21178
16094	102	200	25	21033	0	21360
16095	20753	87	33	379	0	21252
16096	219	20981	50	250	0	21500
16097	21223	239	23	140	0	21625
16098	21743	192	35	134	0	22104
16099	406	80	34	21632	0	22152
16100	21628	66	30	293	0	22017
16101	270	20867	56	246	0	21439
16102	21071	216	46	112	0	21445
16103	296	193	46	21436	0	21971
16104	23448	106	36	279	0	23869
16105	23604	72	39	230	0	23945
16106	453	103	23245	104	0	23905
16107	23271	59	192	108	0	23630
16108	23812	64	169	103	0	24148
16109	24906	69	55	95	0	25125
16110	533	75	26077	112	0	26797
16111	295	26328	337	97	0	27057
16112	154	345	243	26269	0	27011
16113	26129	310	68	362	0	26869
16114	357	25967	76	300	0	26700
16115	25888	321	79	109	0	26397
16116	408	263	47	26260	0	26978
16117	326	85	26354	397	0	27162
16118	26670	40	341	313	0	27364
16119	396	52	276	27708	0	28432
16120	360	44	28400	384	0	29188
16121	27770	40	396	366	0	28572
16122	476	63	30007	102	0	30648
16123	394	54	442	30413	0	31303
16124	127	51	345	32350	0	32873
16125	32459	36	81	845	0	33421
16126	32054	53	53	461	0	32621
16127	833	32611	93	167	0	33704
16128	32781	441	78	150	0	33450
16129	531	350	31454	107	0	32442
16130	448	87	31680	73	0	32288
16131	30292	51	735	66	0	31144
16132	449	31770	360	98	0	32677
16133	30947	399	74	69	0	31489
16134	425	31399	82	70	0	31976
16135	30962	411	62	73	0	31508
16136	497	297	47	30122	0	30963
16137	400	84	31527	418	0	32429
16138	141	40	405	31187	0	31773
16139	118	45	320	32127	0	32610
16140	31787	31	86	696	0	32600
16141	473	70	31655	380	0	32578
16142	30441	38	412	116	0	31007
16143	485	31557	351	93	0	32486
16144	31718	412	87	83	0	32300
16145	537	342	69	31279	0	32227
16146	411	108	31456	443	0	32418
16147	183	53	424	31399	0	32059
16148	31616	59	346	488	0	32509
16149	516	63	109	31860	0	32548
16150	410	53	85	31114	0	31662
16151	187	30918	94	752	0	31951
16152	179	406	80	31509	0	32174
16153	199	357	31236	490	0	32282
16154	159	83	452	31040	0	31734
16155	151	65	373	31608	0	32197
16156	31057	65	121	756	0	31999
16157	526	83	98	31151	0	31858
16158	471	79	30927	533	0	32010
16159	212	31034	477	474	0	32197
16160	210	439	372	30755	0	31776
16161	208	353	128	31126	0	31815
16162	31206	117	136	759	0	32218
16163	544	30865	142	463	0	32014
16164	454	431	116	31126	0	32127
16165	30586	348	128	526	0	31588
16166	31030	123	116	445	0	31714
16167	835	85	126	31074	0	32120
16168	530	116	31579	563	0	32788
16169	30675	89	592	458	0	31814
16170	637	114	408	32707	0	33866
16171	33107	97	174	602	0	33980
16172	32687	101	130	504	0	33422
16173	902	32257	170	264	0	33593
16174	32149	478	142	230	0	32999
16175	644	32826	173	204	0	33847
16176	556	513	136	32480	0	33685
16177	302	422	142	31665	0	32531
16178	253	32515	163	842	0	33773
16179	32764	482	157	540	0	33943
16180	32086	390	179	283	0	32938
16181	928	176	31780	236	0	33120
16182	570	156	31447	265	0	32438
16183	298	124	790	31521	0	32733
16184	32243	122	460	661	0	33486
16185	645	107	177	32477	0	33406
16186	565	100	176	32831	0	33672
16187	286	154	33183	952	0	34575
16188	313	109	32636	596	0	33654
16189	262	148	33466	309	0	34185
16190	30928	112	864	282	0	32186
16191	32570	143	494	265	0	33472
16192	912	32362	220	271	0	33765
16193	546	33029	150	306	0	34031
16194	279	850	149	32711	0	33989
16195	290	421	32890	660	0	34261
16196	31406	143	534	567	0	32650
16197	654	151	34450	288	0	35543
16198	488	152	533	33336	0	34509
16199	266	90	425	34305	0	35086
16200	247	116	148	34727	0	35238
16201	256	116	151	35333	0	35856
16202	34623	117	131	960	0	35831
16203	633	115	131	34477	0	35356
16204	486	94	33006	630	0	34216
16205	29711	78	526	593	0	30908
16206	577	102	32857	295	0	33831
16207	513	99	32599	236	0	33447
16208	203	32529	789	231	0	33752
16209	319	358	760	29493	0	30930
16210	29723	259	129	409	0	30520
16211	380	86	68	29970	0	30504
16212	330	85	30259	448	0	31122
16213	145	75	353	30318	0	30891
16214	29998	49	279	446	0	30772
16215	362	30473	113	397	0	31345
16216	29597	301	65	173	0	30136
16217	386	29945	100	148	0	30579
16218	29319	298	111	136	0	29864
16219	328	29555	73	125	0	30081
16220	234	29281	91	112	0	29718
16221	194	394	28073	91	0	28752
16222	87	27672	293	111	0	28163
16223	25342	151	182	68	0	25743
16224	209	154	30	24991	0	25384
16225	25377	33	26	169	0	25605
16226	160	25916	46	158	0	26280
16227	25523	168	28	64	0	25783
16228	214	164	25596	49	0	26023
16229	157	38	165	24940	0	25300
16230	55	26521	162	221	0	26959
16231	56	204	27	27237	0	27524
16232	66	156	29	26979	0	27230
16233	31210	75	43	357	0	31685
16234	352	32086	43	228	0	32709
16235	32114	354	64	88	0	32620
16236	437	320	32776	88	0	33621
16237	369	84	31822	70	0	32345
16238	72	31930	685	119	0	32806
16239	79	349	376	31811	0	32615
16240	125	454	32561	388	0	33528
16241	85	179	416	30521	0	31201
16242	55	50	355	33054	0	33514
16243	81	70	32805	674	0	33630
16244	85	64	32251	385	0	32785
16245	82	71	33671	100	0	33924
16246	106	60	33842	92	0	34100
16247	45	34845	752	109	0	35751
16248	87	418	399	34759	0	35663
16249	97	381	103	35617	0	36198
16250	93	94	35350	756	0	36293
16251	79	58	453	34636	0	35226
16252	97	96	37351	511	0	38055
16253	83	63	482	36667	0	37295
16254	83	75	378	36219	0	36755
16255	68	37510	143	816	0	38537
16256	82	463	82	37676	0	38303
16257	99	429	106	37288	0	37922
16258	87	120	64	37812	0	38083
16259	112	137	36793	825	0	37867
16260	62	36880	490	525	0	37957
16261	36735	442	388	155	0	37720
16262	36690	384	130	141	0	37345
16263	736	120	82	36456	0	37394
16264	452	95	151	35577	0	36275
16265	97	37438	112	740	0	38387
16266	37093	440	102	432	0	38067
16267	415	38220	128	181	0	38944
16268	36861	441	106	145	0	37553
16269	454	429	36642	123	0	37648
16270	33667	107	460	163	0	34397
16271	434	36616	430	184	0	37664
16272	355	419	120	36584	0	37478
16273	111	363	101	35879	0	36454
16274	73	36999	143	707	0	37922
16275	36966	433	121	417	0	37937
16276	444	374	114	37303	0	38235
16277	364	108	118	38197	0	38787
16278	38203	90	125	824	0	39242
16279	38297	97	120	503	0	39017
16280	822	104	38670	209	0	39805
16281	38362	103	521	159	0	39145
16282	509	77	435	39364	0	40385
16283	451	110	39671	557	0	40789
16284	151	101	530	38661	0	39443
16285	137	151	39540	597	0	40425
16286	125	125	39249	510	0	40009
16287	109	80	839	38688	0	39716
16288	136	138	39772	617	0	40663
16289	86	39996	619	654	0	41355
16290	124	490	484	39603	0	40701
16291	137	429	181	41049	0	41796
16292	161	160	41049	925	0	42295
16293	100	40974	584	697	0	42355
16294	40669	517	478	263	0	41927
16295	553	436	172	41709	0	42870
16296	41547	164	126	685	0	42522
16297	556	41229	186	708	0	42679
16298	527	612	41847	267	0	43253
16299	203	547	623	41079	0	42452
16300	40961	186	540	671	0	42358
16301	602	163	41669	603	0	43037
16302	38280	111	629	305	0	39325
16303	631	41358	593	258	0	42840
16304	455	41368	231	287	0	42341
16305	41109	807	209	217	0	42342
16306	524	479	267	41066	0	42336
16307	473	199	240	40442	0	41354
16308	151	41802	207	999	0	43159
16309	124	497	169	42585	0	43375
16310	155	450	221	42566	0	43392
16311	41952	128	154	1047	0	43281
16312	504	112	191	41978	0	42785
16313	476	151	42028	662	0	43317
16314	186	111	616	41806	0	42719
16315	154	100	570	43049	0	43873
16316	175	162	43051	1034	0	44422
16317	131	165	531	42727	0	43554
16318	41928	120	477	787	0	43312
16319	40696	91	194	712	0	41693
16320	41453	111	189	348	0	42101
16321	920	127	150	41671	0	42868
16322	559	160	42025	675	0	43419
16323	233	43124	526	686	0	44569
16324	224	533	440	42996	0	44193
16325	238	504	43472	586	0	44800
16326	197	154	530	42669	0	43550
16327	196	114	434	43580	0	44324
16328	42346	125	195	929	0	43595
16329	527	44891	194	706	0	46318
16330	546	526	43925	282	0	45279
16331	39276	381	581	272	0	40510
16332	541	43972	458	269	0	45240
16333	221	39429	120	204	0	39974
16334	40060	392	276	153	0	40881
16335	324	253	75	40668	0	41320
16336	320	231	45472	369	0	46392
16337	132	73	338	44488	0	45031
16338	96	46267	289	378	0	47030
16339	46436	321	116	352	0	47225
16340	346	272	75	46580	0	47273
16341	47920	95	74	439	0	48528
16342	370	84	71	46654	0	47179
16343	303	49660	100	431	0	50494
16344	50305	355	71	352	0	51083
16345	49255	277	76	202	0	49810
16346	592	50376	94	208	0	51270
16347	49010	325	75	152	0	49562
16348	409	295	82	47434	0	48220
16349	319	48553	111	397	0	49380
16350	48580	359	78	347	0	49364
16351	396	49448	80	183	0	50107
16352	48699	381	66	160	0	49306
16353	423	296	66	48551	0	49336
16354	49173	105	79	432	0	49789
16355	48954	119	62	358	0	49493
16356	48949	137	68	178	0	49332
16357	635	103	58	49065	0	49861
16358	376	111	50	49926	0	50463
16359	48993	100	85	659	0	49837
16360	463	133	51417	405	0	52418
16361	386	100	397	50517	0	51400
16362	192	52823	347	570	0	53932
16363	183	453	83	53268	0	53987
16364	223	356	60	53303	0	53942
16365	234	215	52800	822	0	54071
16366	227	158	417	54873	0	55675
16367	192	59879	379	684	0	61134
16368	222	731	84	61410	0	62447
16369	250	768	67342	896	0	69256
16370	244	208	892	66379	0	67723
16371	247	142	627	68239	0	69255
16372	66625	128	174	1610	0	68537
16373	66538	125	84	929	0	67676
16374	1627	173	97	64580	0	66477
16375	861	65700	125	1039	0	67725
16376	316	66320	141	831	0	67608
16377	541	1446	65325	324	0	67636
16378	293	891	899	64611	0	66694
16379	65131	239	706	1083	0	67159
16380	988	201	190	65810	0	67189
16381	735	183	65525	1190	0	67633
16382	293	164	937	64750	0	66144
16383	294	114	664	65442	0	66514
16384	242	149	204	66672	0	67267
16385	368	283	64977	1665	0	67293
16386	229	65227	912	1008	0	67376
16387	63602	944	649	455	0	65650
16388	62707	670	220	337	0	63934
16389	1624	226	126	63044	0	65020
16390	882	294	63218	1067	0	65461
16391	387	63066	942	898	0	65293
16392	368	1118	689	57401	0	59576
16393	264	63364	258	954	0	64840
16394	210	64525	171	750	0	65656
16395	62257	1400	280	346	0	64283
16396	1056	804	63338	287	0	65485
16397	794	314	62958	295	0	64361
16398	392	299	1368	60422	0	62481
16399	303	191	740	62958	0	64192
16400	348	239	63486	1474	0	65547
16401	283	175	935	61189	0	62582
16402	346	237	63077	1206	0	64866
16403	56435	187	1018	885	0	58525
16404	1006	190	664	61961	0	63821
16405	785	290	63342	1127	0	65544
16406	433	286	921	57827	0	59467
16407	306	65101	729	1066	0	67202
16408	64016	929	263	847	0	66055
16409	966	64850	240	522	0	66578
16410	64653	995	197	634	0	66479
16411	1162	782	63891	430	0	66265
16412	62896	298	928	455	0	64577
16413	1159	270	684	64044	0	66157
16414	861	335	64648	1156	0	67000
16415	435	191	972	63813	0	65411
16416	381	267	63465	1305	0	65418
16417	57546	225	1038	1066	0	59875
16418	1021	63479	779	684	0	65963
16419	892	958	383	57550	0	59783
16420	369	64140	346	1113	0	65968
16421	63215	1038	314	954	0	65521
16422	62702	724	253	654	0	64333
16423	1491	63093	350	601	0	65535
16424	887	994	304	62373	0	64558
16425	435	771	280	62704	0	64190
16426	407	336	242	62997	0	63982
16427	61001	264	323	1900	0	63488
16428	975	61411	408	1230	0	64024
16429	778	1005	337	59475	0	61595
16430	354	769	341	59945	0	61409
16431	58175	340	354	1875	0	60744
16432	1054	389	57799	1219	0	60461
16433	894	307	57379	770	0	59350
16434	53707	206	1480	727	0	56120
16435	1147	293	55970	569	0	57979
16436	786	301	50423	522	0	52032
16437	393	366	1420	47935	0	50114
16438	49674	218	876	1045	0	51813
16439	979	261	424	49217	0	50881
16440	771	271	49455	1115	0	51612
16441	45659	226	977	877	0	47739
16442	1043	263	48395	547	0	50248
16443	683	47871	1038	433	0	50025
16444	493	933	753	48141	0	50320
16445	48956	612	373	1028	0	50969
16446	841	288	359	48953	0	50441
16447	612	223	363	49661	0	50859
16448	50363	166	263	1495	0	52287
16449	890	154	264	50952	0	52260
16450	707	165	256	52089	0	53217
16451	362	209	51697	1440	0	53708
16452	275	166	874	51037	0	52352
16453	51609	154	665	1139	0	53567
16454	51252	211	313	817	0	52593
16455	51866	230	285	432	0	52813
16456	1391	263	246	49802	0	51702
16457	797	50712	296	880	0	52685
16458	50671	779	275	659	0	52384
16459	870	51511	320	438	0	53139
16460	49511	760	219	318	0	50808
16461	886	506	256	49261	0	50909
16462	48750	210	228	818	0	50006
16463	48503	141	239	675	0	49558
16464	48433	108	248	335	0	49124
16465	1178	48444	252	333	0	50207
16466	441	44308	219	261	0	45229
16467	40494	469	84	176	0	41223
16468	392	41575	114	192	0	42273
16469	93	36561	58	79	0	36791
16470	35	36432	27	53	0	36547
16471	36606	261	303	82	0	37252
16472	145	160	10	36511	0	36826
16473	154	38	7	37108	0	37307
16474	37188	17	13	301	0	37519
16475	194	71	38709	189	0	39163
16476	194	18	172	43478	0	43862
16477	70	25	162	44874	0	45131
16478	47	96	35	48761	0	48939
16479	46	18	22	49954	0	50040
16480	26	50614	75	847	0	51562
16481	32	58989	100	507	0	59628
16482	59052	1049	34	197	0	60332
16483	761	610	22	59540	0	60933
16484	596	131	34	60415	0	61176
16485	191	136	59832	1367	0	61526
16486	124	40	757	59573	0	60494
16487	132	98	61129	929	0	62288
16488	74	38	870	60560	0	61542
16489	124	93	64112	968	0	65297
16490	57	63518	1004	762	0	65341
16491	90	813	695	63420	0	65018
16492	63889	659	172	887	0	65607
16493	62922	152	95	765	0	63934
16494	1517	86	59	63001	0	64663
16495	869	116	63598	972	0	65555
16496	284	109	63120	825	0	64338
16497	58340	51	1524	291	0	60206
16498	834	62137	880	253	0	64104
16499	63365	853	205	187	0	64610
16500	62367	712	109	189	0	63377
16501	1624	214	62320	173	0	64331
16502	918	89	934	60352	0	62293
16503	296	90	765	62713	0	63864
16504	151	70	224	64708	0	65153
16505	171	82	121	62976	0	63350
16506	141	57	144	62526	0	62868
16507	207	122	59216	1872	0	61417
16508	194	143	59124	1042	0	60503
16509	165	92	1621	58599	0	60477
16510	184	80	914	60008	0	61186
16511	172	86	256	61010	0	61524
16512	59460	119	191	1956	0	61726
16513	1040	129	143	59895	0	61207
16514	59959	105	152	1287	0	61503
16515	1213	96	138	61378	0	62825
16516	62414	92	159	1351	0	64016
16517	62735	103	173	1097	0	64108
16518	62372	91	209	437	0	63109
16519	62385	101	174	367	0	63027
16520	62334	77	187	354	0	62952
16521	1992	101	145	61185	0	63423
16522	61115	91	162	1237	0	62605
16523	1218	60604	208	1122	0	63152
16524	61168	973	217	447	0	62805
16525	1258	847	190	61801	0	64096
16526	1071	260	61516	1294	0	64141
16527	422	133	1126	61915	0	63596
16528	386	170	62788	1464	0	64808
16529	314	118	1265	61554	0	63251
16530	306	99	970	63295	0	64670
16531	369	130	62765	2114	0	65378
16532	357	141	62812	1342	0	64652
16533	337	99	1910	62066	0	64412
16534	62040	78	1083	1489	0	64690
16535	1323	131	62822	1232	0	65508
16536	1053	62806	1256	692	0	65807
16537	543	1044	65655	497	0	67739
16538	62951	846	1399	471	0	65667
16539	1319	232	1021	64378	0	66950
16540	65850	146	381	1394	0	67771
16541	65612	108	273	1186	0	67179
16542	2106	99	239	65427	0	67871
16543	1312	143	64181	1516	0	67152
16544	547	101	1209	63374	0	65231
16545	482	84	1040	63464	0	65070
16546	61316	113	398	2339	0	64166
16547	1282	62841	396	1509	0	66028
16548	1161	1031	290	62842	0	65324
16549	578	890	61868	1556	0	64892
16550	57229	224	1313	1367	0	60133
16551	1340	60551	1152	708	0	63751
16552	1206	1108	432	60896	0	63642
16553	588	881	318	60909	0	62696
16554	503	245	338	62505	0	63591
16555	59827	150	359	2379	0	62715
16556	61084	142	366	1457	0	63049
16557	2266	109	326	61482	0	64183
16558	1403	144	61197	1655	0	64399
16559	621	61153	1330	1450	0	64554
16560	61083	1116	1080	678	0	63957
16561	62082	891	449	650	0	64072
16562	2264	218	359	60527	0	63368
16563	1415	139	315	62088	0	63957
16564	674	178	61849	2375	0	65076
16565	493	61947	1374	1544	0	65358
16566	62685	1109	1139	704	0	65637
16567	60532	915	436	584	0	62467
16568	2079	60993	398	576	0	64046
16569	59897	1047	255	518	0	61717
16570	1555	851	229	59038	0	61673
16571	1229	286	58858	1518	0	61891
16572	627	134	1165	59488	0	61414
16573	503	162	59898	1651	0	62214
16574	56269	140	1302	1262	0	58973
16575	1280	57662	1049	709	0	60700
16576	1002	1057	306	52244	0	54609
16577	518	728	52368	1132	0	54746
16578	481	269	50466	889	0	52105
16579	44867	294	1412	523	0	47096
16580	913	47222	795	403	0	49333
16581	39463	405	836	319	0	41023
16582	38521	342	253	239	0	39355
16583	38678	112	141	230	0	39161
16584	849	141	154	38097	0	39241
16585	580	133	38144	535	0	39392
16586	271	38234	463	481	0	39449
16587	288	637	416	37798	0	39139
16588	269	357	38476	513	0	39615
16589	181	156	35265	383	0	35985
16590	164	285	561	34065	0	35075
16591	173	81	34567	426	0	35247
16592	31856	75	384	365	0	32680
16593	389	90	297	35119	0	35895
16594	353	83	146	35928	0	36510
16595	35825	96	116	596	0	36633
16596	334	35691	150	401	0	36576
16597	37378	299	150	202	0	38029
16598	422	256	119	37104	0	37901
16599	383	106	103	37466	0	38058
16600	197	80	117	37740	0	38134
16601	195	78	99	37229	0	37601
16602	36283	63	101	633	0	37080
16603	414	113	36686	380	0	37593
16604	342	36585	346	199	0	37472
16605	168	295	262	36732	0	37457
16606	36213	237	125	378	0	36953
16607	36174	86	106	353	0	36719
16608	495	36837	151	229	0	37712
16609	35868	270	98	189	0	36425
16610	334	36603	140	165	0	37242
16611	320	37914	98	170	0	38502
16612	153	490	113	37899	0	38655
16613	191	279	38260	378	0	39108
16614	151	339	274	37085	0	37849
16615	37028	67	230	359	0	37684
16616	311	36146	108	347	0	36912
16617	259	266	79	36477	0	37081
16618	178	258	39096	367	0	39899
16619	37879	112	296	336	0	38623
16620	40398	82	234	207	0	40921
16621	40125	62	128	171	0	40486
16622	461	101	39473	127	0	40162
16623	37442	76	248	156	0	37922
16624	313	39510	256	126	0	40205
16625	266	254	84	37462	0	38066
16626	139	39521	96	255	0	40011
16627	39630	249	104	232	0	40215
16628	37938	208	65	136	0	38347
16629	435	119	40213	126	0	40893
16630	238	40741	242	153	0	41374
16631	110	236	244	40593	0	41183
16632	97	215	102	40570	0	40984
16633	92	90	89	40340	0	40611
16634	117	54	72	41312	0	41555
16635	108	70	79	41945	0	42202
16636	157	97	40109	512	0	40875
16637	83	39573	316	404	0	40376
16638	38912	272	252	146	0	39582
16639	429	234	40506	100	0	41269
16640	266	41865	325	133	0	42589
16641	41688	297	245	120	0	42350
16642	379	266	43423	161	0	44229
16643	41170	85	315	168	0	41738
16644	42160	66	236	127	0	42589
16645	41459	74	100	113	0	41746
16646	504	43551	108	229	0	44392
16647	408	369	42554	116	0	43447
16648	106	44162	337	111	0	44716
16649	168	393	237	36841	0	37639
16650	75	44273	113	283	0	44744
16651	44110	311	59	221	0	44701
16652	45601	234	53	121	0	46009
16653	44722	78	52	142	0	44994
16654	671	85	46295	108	0	47159
16655	313	48277	442	153	0	49185
16656	138	445	254	51685	0	52522
16657	56458	289	102	496	0	57345
16658	599	56772	91	533	0	57995
16659	448	618	53	56561	0	57680
16660	196	456	57844	653	0	59149
16661	55380	114	685	466	0	56645
16662	787	112	61058	112	0	62069
16663	558	103	62287	81	0	63029
16664	56330	72	1194	99	0	57695
16665	831	119	60685	66	0	61701
16666	56485	66	790	90	0	57431
16667	779	58857	534	113	0	60283
16668	60950	709	124	103	0	61886
16669	820	498	77	60797	0	62192
16670	572	110	84	61297	0	62063
16671	177	59	90	62274	0	62600
16672	61075	77	84	1245	0	62481
16673	60379	47	84	596	0	61106
16674	60097	74	79	150	0	60400
16675	1273	60452	133	132	0	61990
16676	654	731	73	60690	0	62148
16677	287	554	59882	785	0	61508
16678	168	134	765	57113	0	58180
16679	144	58394	565	848	0	59951
16680	176	742	156	57658	0	58732
16681	192	541	99	58282	0	59114
16682	58025	155	106	1232	0	59518
16683	855	85	94	58375	0	59409
16684	639	160	58459	888	0	60146
16685	256	128	58030	633	0	59047
16686	202	133	1291	57524	0	59150
16687	57255	100	676	890	0	58921
16688	880	98	235	57261	0	58474
16689	692	99	172	58502	0	59465
16690	312	135	58428	1331	0	60206
16691	212	57854	924	755	0	59745
16692	263	770	638	57647	0	59318
16693	56140	567	237	950	0	57894
16694	864	57051	248	708	0	58871
16695	655	794	146	57005	0	58600
16696	335	610	57236	900	0	59081
16697	285	184	847	55636	0	56952
16698	54453	156	620	1017	0	56246
16699	890	54349	238	935	0	56412
16700	732	841	55078	343	0	56994
16701	300	597	865	53496	0	55258
16702	316	245	55855	987	0	57403
16703	53183	175	938	741	0	55037
16704	54365	168	620	357	0	55510
16705	1448	198	54889	345	0	56880
16706	811	241	906	53469	0	55427
16707	386	189	56315	1104	0	57994
16708	288	55341	1110	1088	0	57827
16709	307	857	773	55686	0	57623
16710	350	696	56034	1033	0	58113
16711	334	299	1034	51221	0	52888
16712	286	54550	775	1035	0	56646
16713	332	900	348	54257	0	55837
16714	301	650	54228	1121	0	56300
16715	50811	239	1023	859	0	52932
16716	994	54158	788	440	0	56380
16717	54617	882	295	418	0	56212
16718	1114	700	52382	410	0	54606
16719	50831	249	986	399	0	52465
16720	1152	250	51904	387	0	53693
16721	50459	186	1040	415	0	52100
16722	52294	201	745	396	0	53636
16723	1495	265	324	51350	0	53434
16724	837	219	312	52468	0	53836
16725	51716	217	315	1559	0	53807
16726	1047	52074	380	948	0	54449
16727	52335	923	313	456	0	54027
16728	1145	649	352	50235	0	52381
16729	803	51249	420	1172	0	53644
16730	459	864	363	52244	0	53930
16731	398	612	381	52444	0	53835
16732	401	228	344	51396	0	52369
16733	357	51845	376	1734	0	54312
16734	50308	830	296	892	0	52326
16735	1012	582	253	50694	0	52541
16736	781	265	50288	1132	0	52466
16737	377	246	49422	921	0	50966
16738	362	238	49562	508	0	50670
16739	47763	211	1438	458	0	49870
16740	48019	230	715	508	0	49472
16741	1367	231	47663	471	0	49732
16742	750	214	896	43964	0	45824
16743	373	218	705	45598	0	46894
16744	314	241	47114	1398	0	49067
16745	287	245	47577	810	0	48919
16746	325	173	1279	46670	0	48447
16747	46707	154	742	1003	0	48606
16748	45516	173	375	765	0	46829
16749	45502	116	342	440	0	46400
16750	1330	45632	355	389	0	47706
16751	758	45666	352	376	0	47152
16752	369	970	277	43963	0	45579
16753	43705	523	297	858	0	45383
16754	819	247	42808	669	0	44543
16755	37356	139	663	443	0	38601
16756	632	36227	484	249	0	37592
16757	320	31523	140	163	0	32146
16758	30285	530	147	139	0	31101
16759	371	30703	185	162	0	31421
16760	221	29192	184	148	0	29745
16761	27433	668	927	259	0	29287
16762	230	27904	148	155	0	28437
16763	131	192	49	26189	0	26561
16764	77	129	53	26461	0	26720
16765	26339	53	48	314	0	26754
16766	25954	46	58	169	0	26227
16767	275	27099	86	98	0	27558
16768	142	26874	69	80	0	27165
16769	121	257	26134	61	0	26573
16770	25856	131	283	66	0	26336
16771	27451	47	157	74	0	27729
16772	27984	33	61	95	0	28173
16773	299	84	43	28159	0	28585
16774	163	31	51	29284	0	29529
16775	29661	34	53	308	0	30056
16776	234	46	48	29683	0	30011
16777	184	59	30139	241	0	30623
16778	97	50	196	29555	0	29898
16779	76	31026	146	239	0	31487
16780	77	254	55	31129	0	31515
16781	79	164	28	31744	0	32015
16782	68	58	25	32188	0	32339
16783	31349	50	37	422	0	31858
16784	238	31813	54	224	0	32329
16785	177	216	37	32078	0	32508
16786	78	185	32275	248	0	32786
16787	85	99	31124	189	0	31497
16788	75	53	369	31192	0	31689
16789	70	43	193	31574	0	31880
16790	31290	47	67	383	0	31787
16791	260	48	37	30316	0	30661
16792	203	30658	64	295	0	31220
16793	120	263	32463	251	0	33097
16794	77	196	231	32391	0	32895
16795	91	84	33915	284	0	34374
16796	72	39	256	33454	0	33821
16797	33255	44	204	293	0	33796
16798	33159	54	65	243	0	33521
16799	389	34292	74	127	0	34882
16800	248	230	41	33846	0	34365
16801	35269	189	29	261	0	35748
16802	35280	68	51	217	0	35616
16803	35849	40	48	106	0	36043
16804	35946	43	73	85	0	36147
16805	35530	41	67	86	0	35724
16806	406	35386	98	123	0	36013
16807	34336	174	48	86	0	34644
16808	260	153	34704	74	0	35191
16809	191	39	164	34148	0	34542
16810	35217	46	151	216	0	35630
16811	34705	34	41	192	0	34972
16812	34321	30	75	88	0	34514
16813	337	62	35256	74	0	35729
16814	206	27	168	35345	0	35746
16815	36649	27	157	216	0	37049
16816	198	37149	58	186	0	37591
16817	39025	174	32	127	0	39358
16818	38145	148	21	89	0	38403
16819	38543	52	31	105	0	38731
16820	328	57	37	39685	0	40107
16821	40583	35	28	255	0	40901
16822	264	70	41777	174	0	42285
16823	215	79	41361	93	0	41748
16824	40513	37	326	119	0	40995
16825	243	75	42662	69	0	43049
16826	38330	34	189	94	0	38647
16827	215	71	42096	92	0	42474
16828	183	55	176	40792	0	41206
16829	41027	21	174	209	0	41431
16830	183	41847	76	238	0	42344
16831	41729	138	34	90	0	41991
16832	163	42335	58	104	0	42660
16833	160	43928	48	112	0	44248
16834	128	238	39	44334	0	44739
16835	70	147	31	44336	0	44584
16836	63	42	33	44381	0	44519
16837	71	87	44021	319	0	44498
16838	40846	19	205	250	0	41320
16839	45569	29	146	128	0	45872
16840	46375	28	57	152	0	46612
16841	46331	22	32	95	0	46480
16842	45923	34	170	73	0	46200
16843	425	57	45363	140	0	45985
16844	261	123	44781	54	0	45219
16845	116	22	337	45207	0	45682
16846	109	63	46526	254	0	46952
16847	43604	37	245	262	0	44148
16848	302	49151	239	95	0	49787
16849	279	263	58	51224	0	51824
16850	51821	217	31	350	0	52419
16851	404	51	44	53172	0	53671
16852	356	91	54701	396	0	55544
16853	138	77	54961	289	0	55465
16854	102	31	620	56519	0	57272
16855	104	76	56941	405	0	57526
16856	52967	24	447	363	0	53801
16857	435	90	289	56564	0	57378
16858	369	111	56873	442	0	57795
16859	129	57102	407	461	0	58099
16860	119	358	311	58604	0	59392
16861	174	336	58721	465	0	59696
16862	121	125	423	56739	0	57408
16863	128	31	338	58363	0	58860
16864	143	91	59069	760	0	60063
16865	135	38	455	58418	0	59046
16866	119	67	363	57868	0	58417
16867	119	29	96	58870	0	59114
16868	57451	33	78	762	0	58324
16869	465	58131	137	504	0	59237
16870	383	59245	109	186	0	59923
16871	176	734	58292	114	0	59316
16872	50822	358	469	280	0	51929
16873	505	132	58720	91	0	59448
16874	416	102	57689	77	0	58284
16875	151	67	660	56106	0	56984
16876	57464	32	364	441	0	58301
16877	407	58515	138	452	0	59512
16878	58530	367	157	194	0	59248
16879	57371	283	94	125	0	57873
16880	617	58883	109	136	0	59745
16881	58561	359	94	120	0	59134
16882	57275	270	137	109	0	57791
16883	599	59458	90	178	0	60325
16884	355	423	74	59483	0	60335
16885	207	327	65	60690	0	61289
16886	62537	78	49	649	0	63313
16887	421	64209	117	409	0	65156
16888	65615	437	67	149	0	66268
16889	65456	316	70	145	0	65987
16890	68504	72	89	169	0	68834
16891	838	56	95	67862	0	68851
16892	451	51	55	69020	0	69577
16893	68255	50	101	919	0	69325
16894	69124	39	73	504	0	69740
16895	69287	61	57	177	0	69582
16896	954	85	75	72019	0	73133
16897	549	125	73451	701	0	74826
16898	185	64	657	73993	0	74899
16899	180	56	497	78930	0	79663
16900	261	112	78614	1250	0	80237
16901	172	133	85300	693	0	86298
16902	156	61	1569	85347	0	87133
16903	190	126	87384	1146	0	88846
16904	85567	68	1152	934	0	87721
16905	1135	65	854	88491	0	90545
16906	893	92	224	89732	0	90941
16907	90532	66	141	1935	0	92674
16908	1173	67	138	90883	0	92261
16909	979	69	127	90829	0	92004
16910	277	63	113	92221	0	92674
16911	208	44	113	92420	0	92785
16912	256	127	90222	2047	0	92652
16913	207	78	1081	90414	0	91780
16914	236	168	89044	1459	0	90907
16915	205	89720	1212	1412	0	92549
16916	216	1156	874	89195	0	91441
16917	253	905	87692	1324	0	90174
16918	79092	176	1286	1190	0	81744
16919	1172	87014	1028	438	0	89652
16920	87391	1087	254	330	0	89062
16921	1339	845	197	82075	0	84456
16922	968	84860	289	1259	0	87376
16923	84169	1095	170	1030	0	86464
16924	1173	85683	272	525	0	87653
16925	85665	1198	162	381	0	87406
16926	1407	914	175	84316	0	86812
16927	85805	222	165	1341	0	87533
16928	1272	87014	272	1159	0	89717
16929	86264	1151	174	486	0	88075
16930	1463	920	85476	379	0	88238
16931	1065	196	1217	85400	0	87878
16932	84366	132	1031	1453	0	86982
16933	84923	135	295	1196	0	86549
16934	2118	130	232	84087	0	86567
16935	1190	182	84793	1504	0	87669
16936	406	82091	1285	1208	0	84990
16937	345	85375	1043	567	0	87330
16938	85480	1902	483	498	0	88363
16939	1365	939	268	84429	0	87001
16940	1064	245	270	85482	0	87061
16941	84336	171	271	2197	0	86975
16942	82040	194	243	1350	0	83827
16943	2168	226	84732	554	0	87680
16944	1204	160	1225	83956	0	86545
16945	520	313	84551	1521	0	86905
16946	418	83971	1341	1332	0	87062
16947	79262	1161	961	655	0	82039
16948	1149	81755	413	619	0	83936
16949	991	80973	404	639	0	83007
16950	704	1772	375	79060	0	81911
16951	76675	901	282	1398	0	79256
16952	1164	77254	379	1265	0	80062
16953	75231	1127	296	638	0	77292
16954	1198	75388	334	633	0	77553
16955	1060	1152	304	75464	0	77980
16956	74640	867	282	1413	0	77202
16957	1359	549	75682	1219	0	78809
16958	1142	331	1139	74808	0	77420
16959	594	314	75911	1534	0	78353
16960	503	72340	1207	1312	0	75362
16961	461	75080	915	742	0	77198
16962	72341	1598	504	816	0	75259
16963	1120	75113	409	733	0	77375
16964	74915	1154	417	686	0	77172
16965	75177	940	331	678	0	77126
16966	1904	461	74975	542	0	77882
16967	72739	362	1155	634	0	74890
16968	1434	397	77349	633	0	79813
16969	1156	76715	1270	589	0	79730
16970	76499	1146	970	594	0	79209
16971	1331	76916	454	615	0	79316
16972	1229	1230	288	76483	0	79230
16973	76396	979	300	1429	0	79104
16974	1482	455	268	76525	0	78730
16975	1303	436	77688	1545	0	80972
16976	621	441	1138	76547	0	78747
16977	546	423	929	78059	0	79957
16978	76624	446	383	2112	0	79565
16979	1438	514	77142	1245	0	80339
16980	77322	459	1170	645	0	79596
16981	80228	405	965	566	0	82164
16982	2163	429	436	79403	0	82431
16983	1426	362	312	80127	0	82227
16984	78356	410	375	1991	0	81132
16985	1586	79536	378	1230	0	82730
16986	1330	1279	278	77288	0	80175
16987	734	1067	75603	1231	0	78635
16988	648	561	72891	1101	0	75201
16989	573	75625	1715	517	0	78430
16990	567	1212	969	72086	0	74834
16991	523	997	335	73505	0	75360
16992	72289	454	277	1762	0	74782
16993	1386	442	224	71609	0	73661
16994	69131	326	304	1270	0	71031
16995	1290	69023	330	1109	0	71752
16996	917	67465	246	493	0	69121
16997	498	68689	291	379	0	69857
16998	65827	1341	381	403	0	67952
16999	60804	636	274	290	0	62004
17000	1180	60758	233	482	0	62653
17001	52123	335	79	173	0	52710
17002	391	52177	99	156	0	52823
17003	344	426	69	49126	0	49965
17004	122	50728	84	416	0	51350
17005	49975	473	153	358	0	50959
17006	49890	287	58	143	0	50378
17007	552	139	70	48581	0	49342
17008	48911	107	51	390	0	49459
17009	427	101	76	48082	0	48686
17010	281	49243	93	465	0	50082
17011	204	549	83	48540	0	49376
17012	139	49594	105	380	0	50218
17013	48960	351	82	290	0	49683
17014	403	305	47774	141	0	48623
17015	44372	104	254	135	0	44865
17016	345	100	173	46992	0	47610
17017	286	127	47065	316	0	47794
17018	44642	94	277	278	0	45291
17019	357	147	49434	135	0	50073
17020	332	101	272	47738	0	48443
17021	171	81	200	49120	0	49572
17022	146	86	71	49465	0	49768
17023	166	83	67	50153	0	50469
17024	120	51112	104	601	0	51937
17025	156	399	76	52753	0	53384
17026	52744	280	79	492	0	53595
17027	496	148	53157	375	0	54176
17028	371	56998	436	199	0	58004
17029	58161	514	299	188	0	59162
17030	62354	461	139	152	0	63106
17031	1051	133	66	69266	0	70516
17032	636	238	69706	869	0	71449
17033	258	133	792	68108	0	69291
17034	218	148	646	71576	0	72588
17035	281	113	71702	1552	0	73648
17036	151	74121	961	925	0	76158
17037	75025	1046	732	312	0	77115
17038	74320	828	167	298	0	75613
17039	75912	193	158	254	0	76517
17040	1919	144	340	73945	0	76348
17041	1076	134	95	77778	0	79083
17042	78786	96	118	1959	0	80959
17043	1381	155	127	72429	0	74092
17044	1042	77213	146	1240	0	79641
17045	80077	1118	99	986	0	82280
17046	80899	901	103	400	0	82303
17047	84577	213	88	326	0	85204
17048	84810	173	127	328	0	85438
17049	2506	209	81872	286	0	84873
17050	1467	190	82328	257	0	84242
17051	572	181	2144	79362	0	82259
17052	490	158	1081	82330	0	84059
17053	457	151	82345	2239	0	85192
17054	447	405	82342	1211	0	84405
17055	439	161	2238	80643	0	83481
17056	81342	129	1194	1491	0	84156
17057	1522	149	428	79752	0	81851
17058	1306	167	81209	1586	0	84268
17059	456	81380	1434	1342	0	84612
17060	81295	1272	1144	523	0	84234
17061	82622	1000	443	465	0	84530
17062	83345	278	352	401	0	84376
17063	83085	217	315	394	0	84011
17064	2683	261	79955	351	0	83250
17065	1519	183	1419	79040	0	82161
17066	79305	184	1177	1517	0	82183
17067	1812	198	429	79428	0	81867
17068	1512	135	392	73518	0	75557
17069	699	76775	396	2331	0	80201
17070	694	1354	296	77343	0	79687
17071	75373	1003	412	1712	0	78500
17072	1587	76530	504	1485	0	80106
17073	75380	1374	316	646	0	77716
17074	1739	76802	341	690	0	79572
17075	1522	1450	290	67115	0	70377
17076	747	73136	421	1543	0	75847
17077	590	75069	448	1352	0	77459
17078	73001	2151	408	649	0	76209
17079	1852	1252	72610	667	0	76381
17080	1504	519	71264	599	0	73886
17081	811	441	70760	602	0	72614
17082	63760	462	2339	634	0	67195
17083	1614	68812	1343	651	0	72420
17084	1493	70413	550	638	0	73094
17085	65474	2155	402	567	0	68598
17086	1803	67405	473	591	0	70272
17087	1482	68535	524	615	0	71156
17088	921	2258	431	68120	0	71730
17089	896	1297	67563	1825	0	71581
17090	893	679	68394	1507	0	71473
17091	827	569	2295	67427	0	71118
17092	66319	554	1410	1800	0	70083
17093	1820	67802	794	1534	0	71950
17094	1682	1634	562	67973	0	71851
17095	1166	1337	67658	1808	0	71969
17096	1099	665	66675	1523	0	69962
17097	1016	608	2447	65249	0	69320
17098	65473	486	1510	1931	0	69400
17099	66354	517	772	1626	0	69269
17100	2894	588	65427	888	0	69797
17101	65014	492	1739	891	0	68136
17102	2240	559	66449	813	0	70061
17103	2024	464	1896	58879	0	63263
17104	1284	65321	1594	1595	0	69794
17105	66607	1537	839	1393	0	70376
17106	2253	1272	781	66468	0	70774
17107	1928	580	833	66479	0	69820
17108	1246	445	833	68372	0	70896
17109	1164	417	828	68839	0	71248
17110	1174	458	65807	2904	0	70343
17111	1073	65130	1956	1905	0	70064
17112	1079	1543	1685	65377	0	69684
17113	65084	1193	937	2104	0	69318
17114	2038	568	900	66158	0	69664
17115	1791	524	840	66683	0	69838
17116	1106	585	65424	2866	0	69981
17117	1078	631	64499	1916	0	68124
17118	1066	63561	2651	1185	0	68463
17119	1022	63929	1683	1114	0	67748
17120	995	2319	900	62244	0	66458
17121	62471	1426	789	1996	0	66682
17122	1966	783	61902	1752	0	66403
17123	1701	61072	1691	1034	0	65498
17124	1197	1510	1350	54683	0	58740
17125	844	59395	694	1702	0	62635
17126	859	1625	595	53925	0	57004
17127	787	57335	611	1675	0	60408
17128	742	1373	526	52340	0	54981
17129	49637	1093	469	1525	0	52724
17130	1263	46238	463	1129	0	49093
17131	790	1443	291	37504	0	40028
17132	36138	656	342	944	0	38080
17133	823	37052	323	781	0	38979
17134	497	33473	242	484	0	34696
17135	381	34096	279	410	0	35166
17136	711	822	570	29598	0	31701
17137	154	463	188	29069	0	29874
17138	144	29550	179	674	0	30547
17139	221	600	194	29439	0	30454
17140	304	410	29373	490	0	30577
17141	152	28462	395	317	0	29326
17142	193	2046	231	23983	0	26453
17143	149	26815	169	335	0	27468
17144	189	337	24730	194	0	25450
17145	79	25669	277	132	0	26157
17146	21252	403	282	128	0	22065
17147	187	71	36	21218	0	21512
17148	21035	38	29	141	0	21243
17149	123	47	21143	105	0	21418
17150	84	29	112	21115	0	21340
17151	57	48	21791	133	0	22029
17152	33	32	114	21450	0	21629
17153	22595	33	104	142	0	22874
17154	120	29	35	22597	0	22781
17155	22419	36	22	138	0	22615
17156	102	23209	38	130	0	23479
17157	22683	112	22	71	0	22888
17158	157	90	23899	59	0	24205
17159	69	25245	131	65	0	25510
17160	39	109	68	24972	0	25188
17161	33	121	31	24890	0	25075
17162	40	50	24715	182	0	24987
17163	28	24927	135	271	0	25361
17164	33	120	67	24371	0	24591
17165	20	25317	37	142	0	25516
17166	36	119	21	24280	0	24456
17167	16	25188	42	101	0	25347
17168	24345	119	25	74	0	24563
17169	100	86	13	25031	0	25230
17170	86	49	25198	129	0	25462
17171	28	25570	107	166	0	25871
17172	22	26129	77	45	0	26273
17173	91	178	25384	36	0	25689
17174	14	25980	99	38	0	26131
17175	17	102	57	25719	0	25895
17176	39	81	26396	97	0	26613
17177	19	23	84	25569	0	25695
17178	14	12	57	26700	0	26783
17179	24	44	26719	133	0	26920
17180	23634	27	96	112	0	23869
17181	92	17	60	26986	0	27155
17182	93	36	29325	113	0	29567
17183	24	29889	106	111	0	30130
17184	29957	81	64	56	0	30158
17185	82	30157	41	74	0	30354
17186	63	102	18	30128	0	30311
17187	29836	57	51	124	0	30068
17188	101	32	19	29615	0	29767
17189	83	66	30918	125	0	31192
17190	39	18	96	30313	0	30466
17191	31	51	30970	123	0	31175
17192	29184	23	114	121	0	29442
17193	136	51	31141	76	0	31404
17194	31119	25	111	80	0	31335
17195	31448	21	87	49	0	31605
17196	190	46	32086	56	0	32378
17197	120	49	31188	44	0	31401
17198	29	32499	182	81	0	32791
17199	33066	115	92	60	0	33333
17200	133	95	34	33571	0	33833
17201	100	40	27	33674	0	33841
17202	36991	35	34	282	0	37342
17203	37475	38	29	144	0	37686
17204	37620	30	32	82	0	37764
17205	37524	25	38	68	0	37655
17206	205	29	26	37050	0	37310
17207	37327	32	28	181	0	37568
17208	160	16	39	37393	0	37608
17209	101	21	34	37241	0	37397
17210	68	20	33	37635	0	37756
17211	63	75	37020	230	0	37388
17212	44	36955	131	162	0	37292
17213	49	37401	128	91	0	37669
17214	48	185	42	37456	0	37731
17215	37388	103	29	161	0	37681
17216	146	42	36	37224	0	37448
17217	37163	23	36	207	0	37429
17218	175	85	38871	131	0	39262
17219	36929	39	140	107	0	37215
17220	155	32	98	39687	0	39972
17221	40859	40	54	218	0	41171
17222	40193	38	43	154	0	40428
17223	41295	37	38	119	0	41489
17224	245	39	33	41121	0	41438
17225	163	78	40933	185	0	41359
17226	73	44	158	40538	0	40813
17227	41492	35	117	228	0	41872
17228	226	73	46277	141	0	46717
17229	154	49	183	48101	0	48487
17230	50589	61	153	267	0	51070
17231	284	69	51706	196	0	52255
17232	52898	37	262	140	0	53337
17233	56208	41	159	128	0	56536
17234	448	42	63	56657	0	57210
17235	236	30	59	57386	0	57711
17236	57488	28	57	521	0	58094
17237	359	40	48	59514	0	59961
17238	58508	33	67	507	0	59115
17239	400	59922	88	363	0	60773
17240	256	60184	75	191	0	60706
17241	122	636	40	59741	0	60539
17242	152	333	60982	459	0	61926
17243	71	61655	425	342	0	62493
17244	59985	408	275	151	0	60819
17245	371	60331	116	158	0	60976
17246	312	434	59558	68	0	60372
17247	120	256	396	57692	0	58464
17248	134	147	60632	553	0	61466
17249	55	62422	447	378	0	63302
17250	92	405	253	60672	0	61422
17251	68	61517	117	389	0	62091
17252	126	426	61440	248	0	62240
17253	68	238	399	59632	0	60337
17254	108	127	62220	413	0	62868
17255	76	40	413	60714	0	61243
17256	61478	36	263	466	0	62243
17257	421	99	60903	290	0	61713
17258	56225	47	402	153	0	56827
17259	468	87	59086	134	0	59775
17260	289	32	422	57987	0	58730
17261	154	122	61906	440	0	62622
17262	141	45	425	61121	0	61732
17263	112	46	261	62014	0	62433
17264	81	63	107	61733	0	61984
17265	96	63	78	62295	0	62532
17266	122	165	65062	677	0	66026
17267	60475	62	435	469	0	61441
17268	436	73	277	68767	0	69553
17269	69124	79	139	516	0	69858
17270	70844	73	103	363	0	71383
17271	72398	54	94	324	0	72870
17272	798	108	97	73503	0	74506
17273	443	80	108	73513	0	74144
17274	142	83606	130	996	0	84874
17275	91433	833	103	444	0	92813
17276	96723	521	115	253	0	97612
17277	97584	188	118	235	0	98125
17278	2085	166	98859	159	0	101269
17279	1046	106	1202	97460	0	99814
17280	484	181	99230	1338	0	101233
17281	95620	121	1395	890	0	98026
17282	97403	75	856	356	0	98690
17283	1957	87	301	95910	0	98255
17284	1039	130	190	90563	0	91922
17285	354	98625	215	1801	0	100995
17286	98383	1174	137	951	0	100645
17287	98101	748	168	382	0	99399
17288	1972	98380	229	313	0	100894
17289	98715	1214	135	282	0	100346
17290	1525	775	149	98104	0	100553
17291	979	240	176	99101	0	100496
17292	98711	141	181	2005	0	101038
17293	1442	224	98735	1073	0	101474
17294	97073	99	1210	525	0	98907
17295	98276	115	786	364	0	99541
17296	2028	98033	411	355	0	100827
17297	99358	1213	185	279	0	101035
17298	1701	866	97776	242	0	100585
17299	1195	282	1246	97425	0	100148
17300	97798	157	866	1337	0	100158
17301	1589	129	348	98235	0	100301
17302	1105	219	95135	1558	0	98017
17303	548	159	1368	90879	0	92954
17304	432	101568	978	1540	0	104518
17305	518	1361	376	103144	0	105399
17306	509	853	261	105103	0	106726
17307	443	319	179	105129	0	106070
17308	433	259	192	105947	0	106831
17309	476	323	103650	2437	0	106886
17310	519	212	1287	104038	0	106056
17311	103268	230	866	1777	0	106141
17312	1536	103632	477	1237	0	106882
17313	1161	1353	194	104504	0	107212
17314	729	933	106781	1556	0	109999
17315	553	337	1330	106732	0	108952
17316	108097	197	982	1748	0	111024
17317	107825	171	454	1195	0	109645
17318	105816	172	304	624	0	106916
17319	2581	176	301	106248	0	109306
17320	1631	283	106604	1583	0	110101
17321	852	105950	1505	1355	0	109662
17322	106498	1303	1036	720	0	109557
17323	1708	883	491	105409	0	108491
17324	1334	426	386	106421	0	108567
17325	931	300	106206	2527	0	109964
17326	739	104604	1498	1499	0	108340
17327	710	107498	1036	886	0	110130
17328	757	2341	557	100825	0	104480
17329	678	1151	99626	1766	0	103221
17330	89766	435	1476	1427	0	93104
17331	1777	463	97523	782	0	100545
17332	88452	278	1453	781	0	90964
17333	1732	98011	1031	844	0	101618
17334	1368	1318	97321	747	0	100754
17335	92608	889	1301	650	0	95448
17336	1700	97360	976	635	0	100671
17337	100352	1153	515	633	0	102653
17338	1888	933	100504	632	0	103957
17339	1388	101377	1310	633	0	104708
17340	102525	1175	820	572	0	105092
17341	1851	923	101062	619	0	104455
17342	99619	373	1303	611	0	101906
17343	1793	298	954	100201	0	103246
17344	101786	284	584	1397	0	104051
17345	1820	316	388	101261	0	103785
17346	101399	288	378	1685	0	103750
17347	1696	389	103058	1342	0	106485
17348	1263	298	1313	102967	0	105841
17349	757	342	944	103588	0	105631
17350	678	440	103998	2182	0	107298
17351	632	367	1248	101874	0	104121
17352	521	99892	1161	1804	0	103378
17353	541	1163	579	110145	0	112428
17354	602	893	426	114523	0	116444
17355	626	483	397	122837	0	124343
17356	757	419	121476	2803	0	125455
17357	112003	344	1718	1817	0	115882
17358	1924	325	1219	127486	0	130954
17359	1546	400	130276	2146	0	134368
17360	123800	291	1929	1675	0	127695
17361	130245	265	1363	865	0	132738
17362	133574	335	636	707	0	135252
17363	3376	354	450	132944	0	137124
17364	1901	320	524	144393	0	147138
17365	919	410	503	138449	0	140281
17366	707	141397	613	3757	0	146474
17367	139825	2126	484	2109	0	144544
17368	138989	1383	433	1116	0	141921
17369	3603	625	436	137577	0	142241
17370	2402	364	135309	2564	0	140639
17371	1086	460	136396	1880	0	139822
17372	561	132431	3449	973	0	137414
17373	538	135175	1804	974	0	138491
17374	119900	3524	1855	1423	0	126702
17375	1551	119763	556	455	0	122325
17376	115602	1326	266	247	0	117441
17377	114771	818	108	215	0	115912
17378	114274	183	104	200	0	114761
17379	2256	119	114	114713	0	117202
17380	1082	93	107	123559	0	124841
17381	127198	91	111	2384	0	129784
17382	1660	119	158	130906	0	132843
17383	1194	187	131283	1926	0	134590
17384	129584	135	1652	1222	0	132593
17385	1856	172	1060	130462	0	133550
17386	1304	120	212	132630	0	134266
17387	418	129	150	134917	0	135614
17388	389	220	131390	2904	0	134903
17389	117707	148	1809	1544	0	121208
17390	1988	253	131392	419	0	134052
17391	1339	308	1840	128621	0	132108
17392	521	244	133137	1916	0	135818
17393	402	163	1902	128223	0	130690
17394	400	162	1223	131322	0	133107
17395	507	250	135971	2928	0	139656
17396	568	214	1897	120594	0	123273
17397	327	136459	1301	1957	0	140044
17398	134588	1775	326	1433	0	138122
17399	135410	1209	285	526	0	137430
17400	3183	298	253	135066	0	138800
17401	1688	261	138133	2167	0	142249
17402	540	134251	1969	1658	0	138418
17403	391	138699	1437	739	0	141266
17404	130325	2767	455	599	0	134146
17405	2167	1369	128827	571	0	132934
17406	126960	292	2055	568	0	129875
17407	2166	181	1414	128222	0	131983
17408	1533	204	450	130132	0	132319
17409	125485	202	354	3271	0	129312
17410	2010	126877	440	2233	0	131560
17411	1657	1887	128876	756	0	133176
17412	650	1243	2036	123764	0	127693
17413	606	406	130081	2390	0	133483
17414	513	127332	2268	1754	0	131867
17415	634	1872	1585	126737	0	130828
17416	126716	1270	587	2323	0	130896
17417	126603	347	501	1806	0	129257
17418	3321	518	126592	914	0	131345
17419	1730	126543	2151	875	0	131299
17420	124202	1935	1568	756	0	128461
17421	2256	127433	684	726	0	131099
17422	1846	2156	455	124353	0	128810
17423	125145	1394	527	2370	0	129436
17424	2406	445	447	126670	0	129968
17425	2062	465	125147	2598	0	130272
17426	909	390	2115	124924	0	128338
17427	914	458	125933	2691	0	129996
17428	797	423	2294	123339	0	126853
17429	124624	347	1663	2678	0	129312
17430	2298	126171	837	2084	0	131390
17431	125664	2128	610	1071	0	129473
17432	2636	1517	644	122895	0	127692
17433	1869	584	602	123950	0	127005
17434	1003	609	122245	3660	0	127517
17435	884	581	124519	2082	0	128066
17436	890	122761	3488	1295	0	128434
17437	1007	2283	121061	913	0	125264
17438	109336	1574	2554	1020	0	114484
17439	2450	118518	1935	1079	0	123982
17440	1862	121294	857	1001	0	125014
17441	975	122724	787	1022	0	125508
17442	953	3505	591	118878	0	123927
17443	1009	1906	120826	2708	0	126449
17444	836	122169	2530	2322	0	127857
17445	986	2300	1771	109538	0	114595
17446	845	124115	912	2480	0	128352
17447	119860	2351	676	2045	0	124932
17448	121313	1565	766	1208	0	124852
17449	3614	747	749	119497	0	124607
17450	2021	522	829	119583	0	122955
17451	114087	487	770	3855	0	119199
17452	2284	112535	915	2464	0	118198
17453	1767	114373	881	1198	0	118219
17454	1079	3316	795	106304	0	111494
17455	782	1475	99876	2278	0	104411
17456	627	99365	2013	1757	0	103762
17457	92958	1849	1596	801	0	97204
17458	1708	92815	888	964	0	96375
17459	1218	92135	605	907	0	94865
17460	87406	2397	711	623	0	91137
17461	1565	91181	550	804	0	94100
17462	1484	1766	87736	695	0	91681
17463	508	89109	1657	676	0	91950
17464	76424	1307	1497	438	0	79666
17465	1058	77560	486	541	0	79645
17466	76094	1172	486	470	0	78222
17467	1208	959	335	75354	0	77856
17468	1017	449	293	77273	0	79032
17469	539	488	77424	1699	0	80150
17470	413	77788	1036	1067	0	80304
17471	449	1130	784	78495	0	80858
17472	77969	883	395	1204	0	80451
17473	77201	420	337	973	0	78931
17474	1558	78542	397	588	0	81085
17475	1020	1149	332	77286	0	79787
17476	77633	954	273	1122	0	79982
17477	78140	481	394	957	0	79972
17478	1691	497	76752	456	0	79396
17479	990	450	71939	358	0	73737
17480	442	341	69078	282	0	70143
17481	201	64309	1196	285	0	65991
17482	59317	765	1542	178	0	61802
17483	591	59698	308	193	0	60790
17484	59000	678	176	149	0	60003
17485	618	62596	160	164	0	63538
17486	487	655	107	64021	0	65270
17487	64766	480	105	597	0	65948
17488	665	258	65772	466	0	67161
17489	63291	190	546	224	0	64251
17490	65833	165	427	187	0	66612
17491	949	66954	207	234	0	68344
17492	462	67956	176	201	0	68795
17493	70008	905	189	164	0	71266
17494	734	554	72815	123	0	74226
17495	67022	482	810	219	0	68533
17496	68723	185	523	117	0	69548
17497	921	116	115	67728	0	68880
17498	69574	132	84	585	0	70375
17499	688	144	68	71102	0	72002
17500	489	118	77	72787	0	73471
17501	255	136	95	70395	0	70881
17502	179	71458	154	877	0	72668
17503	71516	580	181	483	0	72760
17504	72038	402	121	202	0	72763
17505	932	206	115	71997	0	73250
17506	598	187	112	70393	0	71290
17507	308	71895	172	847	0	73222
17508	71426	618	175	469	0	72688
17509	746	499	71050	207	0	72502
17510	521	248	579	71085	0	72433
17511	315	258	70613	618	0	71804
17512	326	170	606	69659	0	70761
17513	279	241	70805	640	0	71965
17514	304	177	606	68456	0	69543
17515	69276	157	409	689	0	70531
17516	725	225	70889	543	0	72382
17517	66936	125	610	292	0	67963
17518	769	73925	477	289	0	75460
17519	581	608	217	74372	0	75778
17520	368	498	133	75795	0	76794
17521	78375	250	128	1000	0	79753
17522	779	203	136	80970	0	82088
17523	661	234	83341	704	0	84940
17524	79577	177	586	632	0	80972
17525	84136	164	385	366	0	85051
17526	84567	152	164	320	0	85203
17527	84372	175	142	313	0	85002
17528	1163	83900	185	304	0	85552
17529	630	525	156	83178	0	84489
17530	82342	382	165	682	0	83571
17531	738	271	148	81778	0	82935
17532	80515	211	167	650	0	81543
17533	777	203	79381	470	0	80831
17534	582	210	78459	276	0	79527
17535	392	789	741	72197	0	74119
17536	276	77856	490	594	0	79216
17537	278	80133	274	577	0	81262
17538	77946	686	283	483	0	79398
17539	627	418	78442	327	0	79814
17540	69238	154	509	344	0	70245
17541	618	77544	444	301	0	78907
17542	77691	439	187	328	0	78645
17543	672	339	163	76757	0	77931
17544	571	275	78150	645	0	79641
17545	407	143	475	76923	0	77948
17546	394	134	356	76203	0	77087
17547	294	77447	210	843	0	78794
17548	278	79839	219	597	0	80933
17549	392	670	136	77803	0	79001
17550	433	80241	217	710	0	81601
17551	415	575	78029	441	0	79460
17552	409	471	76962	294	0	78136
17553	70090	210	771	361	0	71432
17554	78333	195	384	298	0	79210
17555	880	78244	265	310	0	79699
17556	553	494	177	77156	0	78380
17557	409	380	182	78143	0	79114
17558	365	284	77654	782	0	79085
17559	319	281	526	72050	0	73176
17560	346	77257	424	699	0	78726
17561	342	590	74903	477	0	76312
17562	350	389	75066	298	0	76103
17563	330	73199	794	511	0	74834
17564	370	568	74577	270	0	75785
17565	334	382	528	72885	0	74129
17566	329	269	379	71031	0	72008
17567	306	255	75927	863	0	77351
17568	332	327	495	72612	0	73766
17569	264	73640	447	655	0	75006
17570	258	76617	251	594	0	77720
17571	287	732	214	74030	0	75263
17572	376	433	75143	597	0	76549
17573	216	76878	531	490	0	78115
17574	366	781	429	75412	0	76988
17575	186	366	74486	556	0	75594
17576	66369	154	384	379	0	67286
17577	73904	102	253	248	0	74507
17578	74151	105	141	189	0	74586
17579	552	91	125	72287	0	73055
17580	302	90	152	73321	0	73865
17581	213	163	75857	549	0	76782
17582	155	103	402	73934	0	74594
17583	167	140	280	76846	0	77433
17584	162	196	75675	585	0	76618
17585	58523	128	453	469	0	59573
17586	382	70792	324	233	0	71731
17587	70133	341	104	159	0	70737
17588	338	69776	178	188	0	70480
17589	268	379	153	69585	0	70385
17590	218	272	69388	378	0	70256
17591	180	191	448	65684	0	66503
17592	159	170	67233	435	0	67997
17593	50772	76	413	433	0	51694
17594	258	111	62666	118	0	63153
17595	196	67	328	58765	0	59356
17596	135	128	62647	345	0	63255
17597	126	64128	353	301	0	64908
17598	174	351	242	67585	0	68352
17599	159	201	100	68247	0	68707
17600	163	76	90	70349	0	70678
17601	178	121	70153	775	0	71227
17602	123	134	71921	438	0	72616
17603	98	49	774	71009	0	71930
17604	124	61	402	85775	0	86362
17605	98	74	143	91294	0	91609
17606	92697	53	170	1644	0	94564
17607	1025	98	140	95911	0	97174
17608	788	163	100134	1208	0	102293
17609	102226	91	1161	865	0	104343
17610	1316	108	831	106728	0	108983
17611	110929	105	438	1452	0	112924
17612	112978	57	200	1129	0	114364
17613	2183	55	215	113615	0	116068
17614	114075	50	233	1580	0	115938
17615	114240	47	241	1161	0	115689
17616	2350	155	113907	406	0	116818
17617	1159	115065	1502	422	0	118148
17618	426	1329	1035	107973	0	110763
17619	291	958	301	114317	0	115867
17620	113293	235	195	2391	0	116114
17621	110803	102	219	1416	0	112540
17622	110253	100	205	661	0	111219
17623	2677	170	104797	531	0	108175
17624	1348	105688	1655	561	0	109252
17625	105000	1339	1141	433	0	107913
17626	1549	106953	532	538	0	109572
17627	107357	1509	253	486	0	109605
17628	1859	997	233	106321	0	109410
17629	106784	271	222	1780	0	109057
17630	107078	144	248	1351	0	108821
17631	107971	143	255	615	0	108984
17632	2878	235	108157	483	0	111753
17633	107530	154	1502	525	0	109711
17634	2028	108634	1156	607	0	112425
17635	111372	1440	341	541	0	113694
17636	111666	1059	248	558	0	113531
17637	113033	321	261	516	0	114131
17638	3103	219	318	105968	0	109608
17639	1763	108947	427	1867	0	113004
17640	109198	1548	329	1334	0	112409
17641	2237	1202	109402	643	0	113484
17642	1749	109843	1646	617	0	113855
17643	1346	1677	1131	93911	0	98065
17644	990	108247	469	1408	0	111114
17645	107176	1731	353	1108	0	110368
17646	110592	1263	345	526	0	112726
17647	3167	529	305	109188	0	113189
17648	2014	506	108007	1953	0	112480
17649	1115	107996	1760	1677	0	112548
17650	1229	1756	1462	91113	0	95560
17651	1072	1280	599	107998	0	110949
17652	1073	492	452	113448	0	115465
17653	112730	365	463	3116	0	116674
17654	113507	423	408	1786	0	116124
17655	114488	436	386	897	0	116207
17656	115286	455	369	747	0	116857
17657	3762	438	415	112592	0	117207
17658	2361	538	115102	2210	0	120211
17659	1569	390	1867	115850	0	119676
17660	1397	468	1331	115598	0	118794
17661	1521	428	504	116662	0	119115
17662	1578	429	450	116919	0	119376
17663	114729	423	608	3553	0	119313
17664	2958	442	701	115235	0	119336
17665	115581	444	556	2641	0	119222
17666	115920	478	555	2151	0	119104
17667	4221	524	113139	1313	0	119197
17668	3009	552	112641	1167	0	117369
17669	2080	519	115939	1337	0	119875
17670	2161	548	3118	111111	0	116938
17671	2048	582	115330	2451	0	120411
17672	1740	832	2260	111107	0	115939
17673	1682	705	1517	112496	0	116400
17674	113955	579	694	3660	0	118888
17675	3287	519	588	110299	0	114693
17676	2956	115552	660	2816	0	121984
17677	117208	1914	802	2056	0	121980
17678	3237	119403	785	1489	0	124914
17679	2774	2460	119949	1274	0	126457
17680	1858	121744	2186	1235	0	127023
17681	118508	2372	1635	1091	0	123606
17682	3456	1719	726	117744	0	123645
17683	2976	979	117382	2472	0	123809
17684	117022	642	2162	2002	0	121828
17685	3569	721	1562	117546	0	123398
17686	3124	765	118720	2390	0	124999
17687	2196	668	2195	118668	0	123727
17688	1980	633	1779	119200	0	123592
17689	2000	764	888	117350	0	121002
17690	1915	119193	802	3449	0	125359
17691	120743	2116	713	2085	0	125657
17692	3491	1675	711	116624	0	122501
17693	2768	119318	769	2518	0	125373
17694	1924	2342	536	119585	0	124387
17695	1902	2023	118438	2724	0	125087
17696	1769	119465	2294	2083	0	125611
17697	117069	2278	1718	1288	0	122353
17698	115421	1850	794	1078	0	119143
17699	3561	973	584	111383	0	116501
17700	2435	870	604	112464	0	116373
17701	111858	693	693	3045	0	116289
17702	108163	597	719	2166	0	111645
17703	3256	110355	817	1445	0	115873
17704	94660	1392	625	823	0	97500
17705	1929	1051	90933	648	0	94561
17706	1593	440	89989	697	0	92719
17707	669	87816	1751	795	0	91031
17708	486	86582	980	626	0	88674
17709	78377	1342	1082	512	0	81313
17710	939	79379	387	459	0	81164
17711	76937	749	227	340	0	78253
17712	75433	528	232	307	0	76500
17713	74531	222	169	317	0	75239
17714	1183	226	162	73648	0	75219
17715	74210	185	198	837	0	75430
17716	963	200	72778	646	0	74587
17717	721	183	72916	335	0	74155
17718	360	72977	1058	501	0	74896
17719	368	651	73712	350	0	75081
17720	329	446	892	69177	0	70844
17721	290	215	74091	838	0	75434
17722	367	245	73113	627	0	74352
17723	268	204	1020	71747	0	73239
17724	72979	177	618	824	0	74598
17725	73164	171	271	661	0	74267
17726	1133	212	77023	329	0	78697
17727	74299	174	768	388	0	75629
17728	901	237	79199	281	0	80618
17729	77596	161	814	267	0	78838
17730	81922	168	574	325	0	82989
17731	1192	172	324	81054	0	82742
17732	743	184	231	78030	0	79188
17733	481	78448	323	1173	0	80425
17734	319	80225	290	720	0	81554
17735	348	1054	212	78275	0	79889
17736	377	581	209	79376	0	80543
17737	76931	253	196	1067	0	78447
17738	697	77488	289	713	0	79187
17739	76596	680	223	363	0	77862
17740	744	78198	295	317	0	79554
17741	639	833	76764	245	0	78481
17742	349	540	664	76450	0	78003
17743	76966	254	570	719	0	78509
17744	79397	163	256	605	0	80421
17745	1165	82242	273	423	0	84103
17746	722	84032	213	448	0	85415
17747	493	85351	233	331	0	86408
17748	427	1369	242	89501	0	91539
17749	391	815	91289	1064	0	93559
17750	269	91046	1105	752	0	93172
17751	336	1060	684	88851	0	90931
17752	245	657	226	90812	0	91940
17753	262	282	90508	1434	0	92486
17754	277	208	90007	787	0	91279
17755	86016	169	1487	358	0	88030
17756	1098	205	93168	219	0	94690
17757	90423	167	975	241	0	91806
17758	89783	156	694	248	0	90881
17759	90147	146	276	220	0	90789
17760	89809	148	233	212	0	90402
17761	1685	236	87747	222	0	89890
17762	880	88562	984	268	0	90694
17763	440	943	691	88451	0	90525
17764	371	784	88989	976	0	91120
17765	333	261	977	85398	0	86969
17766	281	86489	845	980	0	88595
17767	381	1028	292	90673	0	92374
17768	349	732	225	91008	0	92314
17769	382	319	236	90620	0	91557
17770	88842	222	230	1669	0	90963
17771	1161	221	268	89176	0	90826
17772	899	358	266	89213	0	90736
17773	429	317	308	88427	0	89481
17774	324	85754	363	1712	0	88153
17775	84373	980	303	896	0	86552
17776	1040	82243	358	457	0	84098
17777	772	82120	317	409	0	83618
17778	443	1386	317	81846	0	83992
17779	401	840	264	82138	0	83643
17780	81199	258	278	1595	0	83330
17781	1125	199	286	82507	0	84117
17782	82889	219	261	1193	0	84562
17783	95757	191	270	912	0	97130
17784	2295	223	291	95242	0	98051
17785	1352	234	266	93422	0	95274
17786	453	96455	344	2611	0	99863
17787	97784	1626	275	1439	0	101124
17788	1742	101509	331	756	0	104338
17789	101134	1879	360	462	0	103835
17790	2044	1355	100064	461	0	103924
17791	98469	398	1719	487	0	101073
17792	103043	303	1211	465	0	105022
17793	2967	264	345	100962	0	104538
17794	1589	372	101640	2072	0	105673
17795	611	101974	1904	1634	0	106123
17796	548	1920	1243	103045	0	106756
17797	685	1441	103220	2164	0	107510
17798	478	665	1898	101794	0	104835
17799	99319	343	1345	2337	0	103344
17800	2223	307	100093	1621	0	104244
17801	1483	98414	1983	826	0	102706
17802	670	101270	1464	575	0	103979
17803	845	3373	459	82361	0	87038
17804	449	100199	378	1576	0	102602
17805	99149	2091	293	1240	0	102773
17806	98476	1412	265	555	0	100708
17807	99235	518	241	596	0	100590
17808	3279	452	94737	546	0	99014
17809	95660	373	1903	548	0	98484
17810	2217	431	1335	93677	0	97660
17811	1554	399	415	95309	0	97677
17812	703	377	375	96249	0	97704
17813	560	402	709	97179	0	98850
17814	647	456	94130	3353	0	98586
17815	616	447	94680	1907	0	97650
17816	590	371	94519	904	0	96384
17817	87206	346	3201	720	0	91473
17818	2168	90979	1670	870	0	95687
17819	1723	1970	619	89852	0	94164
17820	89943	1413	467	2279	0	94102
17821	2149	91232	468	1827	0	95676
17822	1718	93161	481	964	0	96324
17823	91243	3041	433	628	0	95345
17824	91529	1663	443	595	0	94230
17825	3300	92107	484	737	0	96628
17826	2054	2097	369	81220	0	85740
17827	922	88401	429	2032	0	91784
17828	86139	2141	412	1677	0	90369
17829	86104	1558	367	893	0	88922
17830	84739	730	364	749	0	86582
17831	3389	82443	489	894	0	87215
17832	1873	2045	367	83275	0	87560
17833	991	1592	82670	2377	0	87630
17834	840	708	1966	82060	0	85574
17835	819	560	1410	84289	0	87078
17836	824	646	81609	3349	0	86428
17837	79090	558	1960	1944	0	83552
17838	2346	565	1507	81423	0	85841
17839	1828	622	571	79222	0	82243
17840	979	80801	431	3271	0	85482
17841	79905	2141	469	1900	0	84415
17842	2470	1622	519	77065	0	81676
17843	1895	79224	470	2299	0	83888
17844	74955	2041	462	1648	0	79106
17845	2143	75212	473	933	0	78761
17846	70553	1933	405	735	0	73626
17847	2296	1432	69099	708	0	73535
17848	1480	649	62538	562	0	65229
17849	800	457	61256	543	0	63056
17850	622	60868	2628	674	0	64792
17851	1075	1865	1847	51279	0	56066
17852	627	59712	554	1438	0	62331
17853	58602	1780	443	1126	0	61951
17854	1816	1297	58735	540	0	62388
17855	57034	569	1598	533	0	59734
17856	58270	458	1264	439	0	60431
17857	2547	467	575	56893	0	60482
17858	57780	457	835	1690	0	60762
17859	1980	417	482	58093	0	60972
17860	1337	551	57300	1784	0	60972
17861	55423	536	1557	1312	0	58828
17862	1738	56815	1259	665	0	60477
17863	1386	1615	562	56932	0	60495
17864	57160	1199	429	1639	0	60427
17865	1955	553	363	57412	0	60283
17866	1486	539	55207	1822	0	59054
17867	789	464	1563	53781	0	56597
17868	628	55321	1279	1742	0	58970
17869	55252	1602	501	1278	0	58633
17870	1805	1198	392	55105	0	58500
17871	55934	516	404	1750	0	58604
17872	2013	389	365	55679	0	58446
17873	1431	351	381	53383	0	55546
17874	731	54787	475	2393	0	58386
17875	53979	1567	404	1381	0	57331
17876	1752	57265	389	837	0	60243
17877	1299	1668	342	49970	0	53279
17878	581	53477	312	1766	0	56136
17879	52668	1587	283	1207	0	55745
17880	52282	1140	350	627	0	54399
17881	52174	562	312	557	0	53605
17882	2470	50005	361	558	0	53394
17883	601	36520	190	274	0	37585
17884	35531	954	136	238	0	36859
17885	736	36325	179	250	0	37490
17886	679	1200	300	33480	0	35659
17887	307	455	32578	595	0	33935
17888	29033	179	409	420	0	30041
17889	30438	129	292	196	0	31055
17890	30040	143	95	161	0	30439
17891	746	30160	93	198	0	31197
17892	29231	413	59	139	0	29842
17893	517	327	30256	129	0	31229
17894	311	29767	348	119	0	30545
17895	177	534	238	26993	0	27942
17896	90	28022	117	223	0	28452
17897	26425	229	57	162	0	26873
17898	234	27665	61	100	0	28060
17899	221	207	34	27140	0	27602
17900	80	27689	56	227	0	28052
17901	85	224	42	28438	0	28789
17902	87	138	40	27791	0	28056
17903	89	114	27886	317	0	28406
17904	84	72	185	26931	0	27272
17905	26826	70	161	246	0	27303
17906	26831	64	50	166	0	27111
17907	343	60	53	26972	0	27428
17908	212	79	27002	230	0	27523
17909	105	61	212	26522	0	26900
17910	26571	67	127	244	0	27009
17911	28896	65	55	244	0	29260
17912	29408	61	49	120	0	29638
17913	351	31492	87	95	0	32025
17914	31878	214	43	107	0	32242
17915	284	215	31391	85	0	31975
17916	33724	84	211	162	0	34181
17917	284	66	133	35495	0	35978
17918	212	59	58	35886	0	36215
17919	126	64	42	36261	0	36493
17920	35063	57	40	451	0	35611
17921	34596	79	51	234	0	34960
17922	435	62	26	34949	0	35472
17923	256	104	35836	295	0	36491
17924	151	54	227	35582	0	36014
17925	119	59	152	35594	0	35924
17926	142	82	35530	412	0	36166
17927	96	35862	251	294	0	36503
17928	129	256	150	36610	0	37145
17929	37051	186	61	329	0	37627
17930	306	81	35	37264	0	37686
17931	250	80	34	37561	0	37925
17932	37702	74	39	439	0	38254
17933	289	38111	52	279	0	38731
17934	246	38523	46	184	0	38999
17935	37798	378	33	124	0	38333
17936	321	228	38024	78	0	38651
17937	34825	98	221	153	0	35297
17938	331	124	40496	125	0	41076
17939	216	41084	262	121	0	41683
17940	41137	248	221	102	0	41708
17941	41430	176	48	105	0	41759
17942	41533	81	41	143	0	41798
17943	41749	69	40	136	0	41994
17944	457	116	41646	90	0	42309
17945	262	54	212	40459	0	40987
17946	41135	65	271	274	0	41745
17947	305	120	43366	203	0	43994
17948	231	109	42902	102	0	43344
17949	104	43319	354	122	0	43899
17950	42776	178	219	70	0	43243
17951	212	121	115	42126	0	42574
17952	42492	44	36	206	0	42778
17953	191	44098	48	176	0	44513
17954	172	198	25	47906	0	48301
17955	96	117	17	48293	0	48523
17956	85	49	25	49487	0	49646
17957	103	89	50340	472	0	51004
17958	63	51585	294	311	0	52253
17959	54562	312	213	131	0	55218
17960	417	228	61	54727	0	55433
17961	54799	62	56	369	0	55286
17962	54037	42	48	330	0	54457
17963	642	38	32	54398	0	55110
17964	384	103	56152	401	0	57040
17965	125	60	352	54909	0	55446
17966	86	56583	347	438	0	57454
17967	114	339	63	57325	0	57841
17968	107	319	57000	436	0	57862
17969	54825	63	376	366	0	55630
17970	428	49	288	57373	0	58138
17971	56880	34	94	513	0	57521
17972	475	69	57047	355	0	57946
17973	52845	46	387	178	0	53456
17974	465	137	57404	77	0	58083
17975	52100	47	409	138	0	52694
17976	406	55238	326	247	0	56217
17977	313	56933	104	312	0	57662
17978	128	582	63	57083	0	57856
17979	108	338	56	55478	0	55980
17980	96	90	52	57622	0	57860
17981	57364	56	47	676	0	58143
17982	395	53	50	57954	0	58452
17983	355	83	58366	469	0	59273
17984	53614	51	364	425	0	54454
17985	367	59415	322	303	0	60407
17986	59910	331	86	178	0	60505
17987	57954	306	60	126	0	58446
17988	686	153	60077	144	0	61060
17989	421	55	411	58490	0	59377
17990	192	62	316	62667	0	63237
17991	166	129	64450	711	0	65456
17992	118	64270	430	470	0	65288
17993	63170	385	356	200	0	64111
17994	63362	324	102	190	0	63978
17995	755	99	118	64590	0	65562
17996	454	61	92	65384	0	65991
17997	196	80	83	68113	0	68472
17998	66427	83	117	879	0	67506
17999	496	68914	148	565	0	70123
18000	69115	516	124	237	0	69992
18001	67932	401	91	221	0	68645
18002	930	197	71579	209	0	72915
18003	559	96	557	68275	0	69487
18004	217	72974	542	620	0	74353
18005	238	605	139	73551	0	74533
18006	187	520	117	76498	0	77322
18007	256	186	78548	1093	0	80083
18008	78165	96	693	713	0	79667
18009	87154	90	558	284	0	88086
18010	89581	151	208	284	0	90224
18011	1539	92	141	88086	0	89858
18012	900	220	154	83244	0	84518
18013	314	86189	191	1541	0	88235
18014	237	88997	209	928	0	90371
18015	87081	1440	163	336	0	89020
18016	1005	85229	235	385	0	86854
18017	921	1016	85470	322	0	87729
18018	334	712	927	85759	0	87732
18019	87329	189	819	1039	0	89376
18020	1131	253	87347	865	0	89596
18021	1018	200	86593	346	0	88157
18022	86827	141	1572	363	0	88903
18023	87575	147	871	287	0	88880
18024	1726	154	242	86809	0	88931
18025	1049	244	87689	1091	0	90073
18026	480	177	973	87543	0	89173
18027	423	264	89156	1198	0	91041
18028	405	232	88927	931	0	90495
18029	338	89744	1737	613	0	92432
18030	89914	982	908	375	0	92179
18031	88913	799	304	361	0	90377
18032	1742	89485	297	385	0	91909
18033	1120	1073	247	88120	0	90560
18034	475	818	255	89290	0	90838
18035	387	276	241	91128	0	92032
18036	89468	200	227	1848	0	91743
18037	1131	89302	285	1171	0	91889
18038	87517	993	278	455	0	89243
18039	87005	848	274	370	0	88497
18040	1884	338	85930	383	0	88535
18041	1076	86382	1114	381	0	88953
18042	497	1041	892	86474	0	88904
18043	444	894	87258	1123	0	89719
18044	84103	319	1100	1041	0	86563
18045	87599	200	922	484	0	89205
18046	88031	254	346	403	0	89034
18047	86986	208	278	394	0	87866
18048	1972	203	257	85227	0	87659
18049	1176	264	84787	1153	0	87380
18050	554	219	1071	84459	0	86303
18051	84537	204	862	1292	0	86895
18052	84014	212	337	1069	0	85632
18053	1756	83902	374	557	0	86589
18054	81085	885	251	356	0	82577
18055	1230	826	80868	286	0	83210
18056	1065	308	80256	273	0	81902
18057	76087	228	1551	388	0	78254
18058	1105	78914	867	344	0	81230
18059	871	756	328	72521	0	74476
18060	384	76073	280	896	0	77633
18061	423	841	174	76686	0	78124
18062	386	660	187	76746	0	77979
18063	435	236	193	79426	0	80290
18064	77454	205	177	1416	0	79252
18065	77729	210	212	825	0	78976
18066	77314	257	216	343	0	78130
18067	1560	276	76379	346	0	78561
18068	73872	202	907	344	0	75325
18069	1125	169	776	78239	0	80309
18070	953	166	301	80876	0	82296
18071	551	272	81385	1430	0	83638
18072	507	155	942	87594	0	89198
18073	91522	179	814	1320	0	93835
18074	1439	221	91699	973	0	94332
18075	1045	167	1237	91537	0	93986
18076	92152	166	907	1320	0	94545
18077	90982	172	351	990	0	92495
18078	2068	398	91828	407	0	94701
18079	1252	245	92997	339	0	94833
18080	536	205	1879	92935	0	95555
18081	95068	167	1022	1376	0	97633
18082	95280	212	353	1027	0	96872
18083	2111	249	291	88022	0	90673
18084	1218	95191	345	1304	0	98058
18085	93870	1184	319	968	0	96341
18086	1418	96481	343	645	0	98887
18087	1178	1203	301	95750	0	98432
18088	643	868	95118	1370	0	97999
18089	555	327	93819	1005	0	95706
18090	570	288	94917	407	0	96182
18091	568	226	2082	89394	0	92270
18092	502	166	1076	91908	0	93652
18093	91380	150	390	1991	0	93911
18094	1416	91317	401	1217	0	94351
18095	90909	1123	289	501	0	92822
18096	1620	943	316	83070	0	85949
18097	1094	88589	370	1238	0	91291
18098	536	91397	374	1000	0	93307
18099	572	1836	267	89022	0	91697
18100	88771	851	234	1291	0	91147
18101	1338	89766	303	1096	0	92503
18102	84838	1036	257	416	0	86547
18103	1253	87660	284	508	0	89705
18104	85820	1094	400	317	0	87631
18105	1417	817	85170	303	0	87707
18106	1086	319	83157	292	0	84854
18107	458	81554	1685	348	0	84045
18108	73342	1538	1566	506	0	76952
18109	881	72549	333	281	0	74044
18110	625	69180	229	268	0	70302
18111	712	1242	231	68422	0	70607
18112	68518	523	150	830	0	70021
18113	811	69733	253	684	0	71481
18114	67180	670	143	239	0	68232
18115	765	68037	186	247	0	69235
18116	65574	701	156	184	0	66615
18117	737	66344	166	220	0	67467
18118	498	67012	136	207	0	67853
18119	291	1193	118	62401	0	64003
18120	157	66675	148	603	0	67583
18121	64581	680	123	447	0	65831
18122	699	471	64746	193	0	66109
18123	519	228	625	63933	0	65305
18124	230	257	66272	684	0	67443
18125	183	129	707	64172	0	65191
18126	231	136	449	65488	0	66304
18127	246	176	62172	1020	0	63614
18128	53069	139	689	672	0	54569
18129	715	60940	481	347	0	62483
18130	61094	630	209	272	0	62205
18131	811	62748	216	291	0	64066
18132	582	766	163	61823	0	63334
18133	62118	440	183	725	0	63466
18134	62062	234	224	525	0	63045
18135	62749	180	206	293	0	63428
18136	1164	195	173	61166	0	62698
18137	705	174	179	60719	0	61777
18138	360	64437	236	1022	0	66055
18139	64854	752	161	574	0	66341
18140	65224	557	182	266	0	66229
18141	64772	235	208	267	0	65482
18142	63843	268	217	295	0	64623
18143	1166	62310	276	251	0	64003
18144	629	732	272	62540	0	64173
18145	384	570	62611	725	0	64290
18146	58926	295	740	580	0	60541
18147	63675	237	466	367	0	64745
18148	1189	341	63536	228	0	65294
18149	743	340	64026	209	0	65318
18150	394	292	1029	62592	0	64307
18151	328	306	556	65582	0	66772
18152	289	347	221	66515	0	67372
18153	64755	337	215	1201	0	66508
18154	873	296	186	65459	0	66814
18155	678	357	63965	935	0	65935
18156	370	300	784	64699	0	66153
18157	365	349	66591	933	0	68238
18158	360	317	849	64454	0	65980
18159	358	287	542	70021	0	71208
18160	349	334	70680	1252	0	72615
18161	62606	293	886	836	0	64621
18162	919	71295	663	355	0	73232
18163	70960	1031	193	231	0	72415
18164	1100	783	134	72968	0	74985
18165	71951	390	204	998	0	73543
18166	1146	77162	193	867	0	79368
18167	820	81564	215	426	0	83025
18168	428	2488	164	84437	0	87517
18169	430	1095	88495	1314	0	91334
18170	407	468	85947	928	0	87750
18171	310	86602	2151	458	0	89521
18172	74715	1232	954	230	0	77131
18173	1113	819	291	74567	0	76790
18174	73487	209	173	1073	0	74942
18175	1091	73707	210	897	0	75905
18176	791	75546	175	295	0	76807
18177	321	1863	106	74021	0	76311
18178	74784	897	170	1073	0	76924
18179	74533	287	96	827	0	75743
18180	1829	248	74077	250	0	76404
18181	958	236	72092	205	0	73491
18182	69337	172	1618	204	0	71331
18183	1086	72540	909	240	0	74775
18184	71587	995	369	152	0	73103
18185	1219	784	184	70613	0	72800
18186	865	311	69882	1046	0	72104
18187	64020	184	1041	807	0	66052
18188	992	68430	846	351	0	70619
18189	761	69036	332	218	0	70347
18190	471	1604	250	67293	0	69618
18191	68446	855	174	1034	0	70509
18192	1062	297	197	69166	0	70722
18193	70809	202	199	1166	0	72376
18194	1210	289	69644	786	0	71929
18195	68016	244	941	348	0	69549
18196	70451	194	677	272	0	71594
18197	1851	212	68115	281	0	70459
18198	64324	188	1055	253	0	65820
18199	1244	67562	801	234	0	69841
18200	937	1047	318	64132	0	66434
18201	465	68013	254	953	0	69685
18202	67566	1085	272	719	0	69642
18203	1234	780	243	64530	0	66787
18204	912	66474	341	992	0	68719
18205	452	1068	237	64945	0	66702
18206	351	67213	223	1151	0	68938
18207	342	1361	155	67205	0	69063
18208	66744	825	146	1184	0	68899
18209	1124	373	171	66855	0	68523
18210	959	327	65975	1217	0	68478
18211	63437	267	986	945	0	65635
18212	1173	304	753	66066	0	68296
18213	1002	302	64946	1165	0	67415
18214	532	291	63194	962	0	64979
18215	487	258	66424	478	0	67647
18216	443	212	1800	63864	0	66319
18217	491	212	1025	67401	0	69129
18218	413	248	479	67354	0	68494
18219	405	236	397	68231	0	69269
18220	67443	253	354	1903	0	69953
18221	68173	279	340	1175	0	69967
18222	68914	274	279	614	0	70081
18223	70254	331	248	538	0	71371
18224	2024	322	218	68343	0	70907
18225	1279	372	70257	1305	0	73213
18226	68982	317	1060	1085	0	71444
18227	72329	337	845	543	0	74054
18228	1992	345	365	71111	0	73813
18229	1252	315	286	72879	0	74732
18230	73285	300	338	1955	0	75878
18231	1449	266	344	68776	0	70835
18232	1168	70637	430	1502	0	73737
18233	71729	1139	383	1073	0	74324
18234	70967	854	381	660	0	72862
18235	2087	450	73609	520	0	76666
18236	1362	327	1227	72410	0	75326
18237	663	367	1013	74857	0	76900
18238	73876	307	506	1999	0	76688
18239	74156	301	375	1291	0	76123
18240	2269	311	314	74101	0	76995
18241	1452	329	74556	1535	0	77872
18242	836	327	74940	1236	0	77339
18243	773	234	1795	74581	0	77383
18244	795	323	1043	75939	0	78100
18245	73919	245	447	1997	0	76608
18246	1597	73890	466	1393	0	77346
18247	1264	73467	473	681	0	75885
18248	779	75884	476	577	0	77716
18249	700	1866	400	73829	0	76795
18250	74185	975	507	1311	0	76978
18251	72953	426	248	1169	0	74796
18252	1982	74723	284	683	0	77672
18253	74568	1172	195	564	0	76499
18254	1490	904	215	73715	0	76324
18255	1219	445	75549	1377	0	78590
18256	749	302	1049	73892	0	75992
18257	725	285	814	74298	0	76122
18258	690	262	372	74388	0	75712
18259	70323	181	264	1934	0	72702
18260	1282	487	273	66595	0	68637
18261	1052	67514	418	1564	0	70548
18262	64938	858	509	1042	0	67347
18263	1125	65864	328	605	0	67922
18264	779	63514	277	488	0	65058
18265	501	64533	299	434	0	65767
18266	492	940	56702	328	0	58462
18267	230	55231	733	357	0	56551
18268	403	553	48029	195	0	49180
18269	42405	193	360	210	0	43168
18270	45202	60	198	207	0	45667
18271	386	85	47478	146	0	48095
18272	46018	57	223	249	0	46547
18273	49806	50	148	187	0	50191
18274	412	98	50213	168	0	50891
18275	222	52920	243	139	0	53524
18276	150	313	161	52665	0	53289
18277	53716	178	61	340	0	54295
18278	289	102	75	53032	0	53498
18279	57077	87	76	369	0	57609
18280	55994	107	56	258	0	56415
18281	399	140	57947	145	0	58631
18282	55241	95	224	157	0	55717
18283	280	60442	196	183	0	61101
18284	60719	229	62	153	0	61163
18285	318	171	47	61280	0	61816
18286	305	132	61855	304	0	62596
18287	203	86	215	60145	0	60649
18288	60765	94	171	330	0	61360
18289	272	61938	114	498	0	62822
18290	290	303	61708	209	0	62510
18291	186	243	211	57924	0	58564
18292	247	126	62978	328	0	63679
18293	161	63770	270	325	0	64526
18294	62862	243	214	199	0	63518
18295	341	194	98	63093	0	63726
18296	329	175	64147	343	0	64994
18297	213	182	61724	305	0	62424
18298	62438	130	397	208	0	63173
18299	337	133	222	65969	0	66661
18300	287	143	107	66143	0	66680
18301	224	181	67499	436	0	68340
18302	235	164	66535	289	0	67223
18303	209	69964	465	192	0	70830
18304	219	289	253	69728	0	70489
18305	220	253	162	67891	0	68526
18306	202	70449	143	587	0	71381
18307	292	347	68866	265	0	69770
18308	61700	259	347	248	0	62554
18309	372	128	261	70804	0	71565
18310	346	176	72408	455	0	73385
18311	211	139	322	67060	0	67732
18312	250	71972	283	408	0	72913
18313	310	370	71271	311	0	72262
18314	62344	275	339	297	0	63255
18315	440	175	73712	193	0	74520
18316	346	197	71898	129	0	72570
18317	248	155	70377	140	0	70920
18318	207	164	75926	148	0	76445
18319	183	97	604	71468	0	72352
18320	221	168	81185	421	0	81995
18321	159	210	435	75491	0	76295
18322	116	80691	387	435	0	81629
18323	83506	398	139	380	0	84423
18324	558	319	128	84193	0	85198
18325	464	155	83835	663	0	85117
18326	138	83955	597	548	0	85238
18327	144	539	414	84082	0	85179
18328	83492	395	182	597	0	84666
18329	510	84920	181	507	0	86118
18330	423	605	143	85458	0	86629
18331	86116	368	129	611	0	87224
18332	590	171	85700	417	0	86878
18333	82325	78	570	197	0	83170
18334	646	157	87887	125	0	88815
18335	80659	65	604	154	0	81482
18336	82606	95	413	145	0	83259
18337	892	129	83067	99	0	84187
18338	379	82569	557	162	0	83667
18339	131	471	683	80553	0	81838
18340	150	364	83363	491	0	84368
18341	119	178	485	77572	0	78354
18342	136	85	372	81529	0	82122
18343	152	144	82895	836	0	84027
18344	145	117	82258	440	0	82960
18345	107	66	833	81095	0	82101
18346	84044	40	469	585	0	85138
18347	513	84084	175	539	0	85311
18348	403	84767	150	209	0	85529
18349	84477	807	106	165	0	85555
18350	84685	423	93	201	0	85402
18351	869	122	130	84646	0	85767
18352	478	73	95	85341	0	85987
18353	146	66	92	86738	0	87042
18354	84025	84	116	1028	0	85253
18355	532	82834	159	545	0	84070
18356	441	84094	165	342	0	85042
18357	210	1028	121	83758	0	85117
18358	115	430	112	84951	0	85608
18359	127	115	133	85574	0	85949
18360	84116	83	120	1058	0	85377
18361	553	86108	174	762	0	87597
18362	86862	553	130	222	0	87767
18363	712	533	86553	203	0	88001
18364	515	88476	720	207	0	89918
18365	183	654	512	87811	0	89160
18366	87181	511	285	783	0	88760
18367	784	211	88395	590	0	89980
18368	621	210	88377	239	0	89447
18369	239	118	1211	85536	0	87104
18370	174	140	622	88502	0	89438
18371	149	122	184	87920	0	88375
18372	178	110	142	84959	0	85389
18373	195	132	151	84048	0	84526
18374	136	83145	189	1430	0	84900
18375	183	704	143	82922	0	83952
18376	80704	530	175	910	0	82319
18377	698	82262	217	748	0	83925
18378	80014	739	200	352	0	81305
18379	865	622	78645	261	0	80393
18380	694	242	79225	241	0	80402
18381	280	150	1227	80459	0	82116
18382	307	214	102244	948	0	103713
18383	235	144	1515	99067	0	100961
18384	247	171	1055	100763	0	102236
18385	101674	128	323	2517	0	104642
18386	98753	171	266	1310	0	100500
18387	2460	104989	302	487	0	108238
18388	1231	108055	271	381	0	109938
18389	389	2674	220	106367	0	109650
18390	106747	1334	224	1896	0	110201
18391	1780	395	108260	1405	0	111840
18392	1332	229	1794	106824	0	110179
18393	447	185	1297	107916	0	109845
18394	364	257	107144	3071	0	110836
18395	282	106458	1933	1923	0	110596
18396	402	1805	1325	106186	0	109718
18397	433	1318	107187	2077	0	111015
18398	348	345	1858	105674	0	108225
18399	99819	242	1369	2167	0	103597
18400	1707	102642	583	1679	0	106611
18401	1265	104577	417	657	0	106916
18402	509	2976	309	102288	0	106082
18403	99298	1396	314	2095	0	103103
18404	1762	100838	411	1665	0	104676
18405	101745	1849	352	762	0	104708
18406	2105	1380	101393	621	0	105499
18407	1507	494	104396	627	0	107024
18408	625	406	3128	97350	0	101509
18409	490	364	1601	105336	0	107791
18410	102780	340	486	3338	0	106944
18411	2281	400	326	102973	0	105980
18412	1768	567	102305	2457	0	107097
18413	705	545	1997	100229	0	103476
18414	581	557	1387	103554	0	106079
18415	544	423	99944	3444	0	104355
18416	92943	399	2125	1969	0	97436
18417	2119	368	1561	99387	0	103435
18418	94357	343	634	2527	0	97861
18419	1923	90675	561	1960	0	95119
18420	88616	1817	485	932	0	91850
18421	1877	89399	487	822	0	92585
18422	1294	89738	551	846	0	92429
18423	777	2690	651	83829	0	87947
18424	83934	1405	645	1986	0	87970
18425	84322	620	347	1487	0	86776
18426	2632	547	360	83197	0	86736
18427	83694	470	407	2059	0	86630
18428	83390	447	334	1718	0	85889
18429	2978	449	328	83070	0	86825
18430	80201	481	406	2045	0	83133
18431	2059	81728	488	1637	0	85912
18432	81924	1852	523	874	0	85173
18433	2143	1386	82320	854	0	86703
18434	82888	472	1873	953	0	86186
18435	2233	367	1353	81319	0	85272
18436	1568	301	707	84495	0	87071
18437	788	277	562	85696	0	87323
18438	650	303	619	85892	0	87464
18439	621	375	629	83485	0	85110
18440	585	79028	658	3408	0	83679
18441	616	83237	629	2059	0	86541
18442	81951	2455	583	1116	0	86105
18443	2162	1534	81522	947	0	86165
18444	80306	741	1772	888	0	83707
18445	2268	839	82679	856	0	86642
18446	1719	766	1865	79676	0	84026
18447	1004	739	1162	83161	0	86066
18448	80211	736	501	3075	0	84523
18449	2505	722	81262	1775	0	86264
18450	1965	644	1790	81561	0	85960
18451	1283	536	86002	2282	0	90103
18452	1023	87990	2029	1926	0	92968
18453	1180	1848	1289	89392	0	93709
18454	89192	1279	617	2498	0	93586
18455	87337	553	521	2027	0	90438
18456	89254	451	555	1301	0	91561
18457	3244	89374	632	1153	0	94403
18458	1898	91911	655	1221	0	95685
18459	80600	2784	702	1225	0	85311
18460	2109	90782	659	1324	0	94874
18461	1611	90171	589	1433	0	93804
18462	1083	2762	86985	1366	0	92196
18463	794	87247	1811	1234	0	91086
18464	731	86577	1382	1043	0	89733
18465	820	2905	533	85291	0	89549
18466	792	1845	86254	2144	0	91035
18467	866	960	84924	1637	0	88387
18468	80154	633	2683	939	0	84409
18469	2303	664	86543	822	0	90332
18470	86138	496	2050	843	0	89527
18471	2336	484	1507	83686	0	88013
18472	1930	87840	698	2222	0	92690
18473	91103	1694	555	1792	0	95144
18474	94547	1313	577	1153	0	97590
18475	3267	542	611	93914	0	98334
18476	2070	508	623	95166	0	98367
18477	1166	482	584	96689	0	98921
18478	93792	441	502	3283	0	98018
18479	91582	476	493	1996	0	94547
18480	93464	480	407	1083	0	95434
18481	3204	87347	385	1049	0	91985
18482	67954	871	273	432	0	69530
18483	1124	68250	220	448	0	70042
18484	892	67810	202	372	0	69276
18485	524	1910	395	62868	0	65697
18486	368	65266	250	830	0	66714
18487	61011	648	174	531	0	62364
18488	732	497	104	60384	0	61717
18489	58628	204	119	635	0	59586
18490	630	58167	123	498	0	59418
18491	473	60410	148	224	0	61255
18492	59987	750	93	213	0	61043
18493	591	62725	139	284	0	63739
18494	707	517	226	62750	0	64200
18495	486	420	97	63620	0	64623
18496	62514	182	130	932	0	63758
18497	665	121	99	64039	0	64924
18498	571	215	65230	663	0	66679
18499	244	217	553	65208	0	66222
18500	65810	158	450	711	0	67129
18501	656	67379	176	580	0	68791
18502	70211	666	122	246	0	71245
18503	69194	502	109	250	0	70055
18504	70446	224	122	241	0	71033
18505	1240	221	69310	187	0	70958
18506	649	215	66712	137	0	67713
18507	63296	152	1017	147	0	64612
18508	693	68327	549	232	0	69801
18509	565	729	158	68288	0	69740
18510	245	562	119	67132	0	68058
18511	182	66881	157	1082	0	68302
18512	180	68920	167	600	0	69867
18513	214	1081	116	68624	0	70035
18514	195	620	96	69035	0	69946
18515	238	258	67583	1119	0	69198
18516	253	253	64289	647	0	65442
18517	64235	175	1099	293	0	65802
18518	69626	160	592	237	0	70615
18519	1208	164	172	69346	0	70890
18520	750	229	69703	804	0	71486
18521	314	183	744	68743	0	69984
18522	68212	157	586	877	0	69832
18523	942	209	68794	675	0	70620
18524	719	245	732	68929	0	70625
18525	345	245	70776	849	0	72215
18526	287	69385	828	798	0	71298
18527	378	808	70039	306	0	71531
18528	343	769	858	67739	0	69709
18529	69926	236	634	771	0	71567
18530	834	207	227	71182	0	72450
18531	72309	220	177	880	0	73586
18532	72394	225	186	650	0	73455
18533	71189	194	163	359	0	71905
18534	1354	225	69750	354	0	71683
18535	69468	188	751	278	0	70685
18536	980	167	594	71518	0	73259
18537	789	144	231	71609	0	72773
18538	428	223	71746	1269	0	73666
18539	332	263	757	71708	0	73060
18540	73157	158	599	903	0	74817
18541	853	74899	245	762	0	76759
18542	77171	707	161	387	0	78426
18543	77501	545	164	362	0	78572
18544	78429	215	176	344	0	79164
18545	1350	179	162	76800	0	78491
18546	876	256	78908	896	0	80936
18547	422	155	787	79176	0	80540
18548	397	149	596	80982	0	82124
18549	80062	154	293	1362	0	81871
18550	75875	171	259	817	0	77122
18551	1387	201	75618	359	0	77565
18552	827	175	782	73715	0	75499
18553	402	264	76814	975	0	78455
18554	74547	146	1005	822	0	76520
18555	1017	85463	751	412	0	87643
18556	84509	874	293	308	0	85984
18557	1065	87207	290	345	0	88907
18558	85785	962	213	330	0	87290
18559	1111	87299	255	314	0	88979
18560	929	1013	233	85691	0	87866
18561	390	674	216	89124	0	90404
18562	89714	205	197	1649	0	91765
18563	89282	138	158	921	0	90499
18564	89880	133	189	385	0	90587
18565	87779	136	184	356	0	88455
18566	88406	108	203	294	0	89011
18567	1856	146	184	85409	0	87595
18568	1010	87147	280	1095	0	89532
18569	540	923	207	83941	0	85611
18570	394	86063	263	1183	0	87903
18571	385	984	163	82627	0	84159
18572	379	84548	275	1103	0	86305
18573	413	983	163	83030	0	84589
18574	419	712	80105	1173	0	82409
18575	72194	217	989	912	0	74312
18576	1078	79854	722	466	0	82120
18577	79623	911	260	329	0	81123
18578	1300	722	78887	294	0	81203
18579	75386	228	996	344	0	76954
18580	1318	229	83509	324	0	85380
18581	968	274	1089	81606	0	83937
18582	474	88882	827	1129	0	91312
18583	490	1240	90586	858	0	93174
18584	415	781	1285	89415	0	91896
18585	88029	252	899	1426	0	90606
18586	1426	190	323	91783	0	93722
18587	1140	199	217	92299	0	93855
18588	604	193	186	93838	0	94821
18589	506	249	91789	2196	0	94740
18590	490	191	1289	87962	0	89932
18591	412	90773	940	1516	0	93641
18592	443	1244	246	90569	0	92502
18593	422	906	210	90336	0	91874
18594	88793	271	170	2039	0	91273
18595	1531	305	156	91433	0	93425
18596	1169	228	94988	1563	0	97948
18597	552	250	94273	1095	0	96170
18598	476	276	94325	514	0	95591
18599	341	93227	2266	468	0	96302
18600	91059	1366	1263	361	0	94049
18601	1417	93368	402	364	0	95551
18602	91457	1432	339	456	0	93684
18603	1531	991	251	90227	0	93000
18604	1141	385	92177	1422	0	95125
18605	563	307	90564	1087	0	92521
18606	384	94627	2163	513	0	97687
18607	346	1435	1123	92628	0	95532
18608	381	1020	415	94202	0	96018
18609	340	427	266	96049	0	97082
18610	393	316	94618	2396	0	97723
18611	83207	277	1498	1466	0	86448
18612	1593	305	95317	622	0	97837
18613	1211	209	1544	90903	0	93867
18614	490	222	1110	95301	0	97123
18615	437	303	94012	2460	0	97212
18616	84207	246	1596	1492	0	87541
18617	1481	93945	1255	764	0	97445
18618	93449	1452	511	542	0	95954
18619	1669	1107	345	88827	0	91948
18620	1195	93127	416	1609	0	96347
18621	556	1482	356	94410	0	96804
18622	93253	1100	358	1769	0	96480
18623	1584	476	352	93637	0	96049
18624	1310	408	92208	1833	0	95759
18625	88346	373	1548	1454	0	91721
18626	91511	336	1178	713	0	93738
18627	2495	380	91294	622	0	94791
18628	1444	311	1547	89615	0	92917
18629	92312	273	1192	1861	0	95638
18630	1723	298	582	91075	0	93678
18631	1390	269	473	89799	0	91931
18632	694	302	525	90810	0	92331
18633	556	309	460	91062	0	92387
18634	500	379	88855	2792	0	92526
18635	506	321	1589	88433	0	90849
18636	486	382	88965	2075	0	91908
18637	83990	328	1854	1628	0	87800
18638	88012	356	1371	900	0	90639
18639	87868	338	585	833	0	89624
18640	87356	319	568	822	0	89065
18641	2661	252	540	84409	0	87862
18642	83245	289	598	1881	0	86013
18643	1910	280	82362	1585	0	86137
18644	1444	306	81724	766	0	84240
18645	75817	244	2438	746	0	79245
18646	1581	78443	1496	786	0	82306
18647	1297	78663	668	740	0	81368
18648	698	2001	599	77301	0	80599
18649	592	1167	77723	1763	0	81245
18650	70993	357	1634	1610	0	74594
18651	1589	331	78391	895	0	81206
18652	1204	73318	1630	1002	0	77154
18653	742	1224	73189	773	0	75928
18654	512	68885	1525	750	0	71672
18655	60873	1312	1254	626	0	64065
18656	1181	62162	616	646	0	64605
18657	934	60086	543	616	0	62179
18658	633	1471	415	59635	0	62154
18659	561	879	59264	1236	0	61940
18660	452	455	1146	56381	0	58434
18661	492	267	958	58124	0	59841
18662	486	324	57485	1762	0	60057
18663	503	289	1189	53349	0	55330
18664	467	56354	1030	1208	0	59059
18665	482	997	524	57547	0	59550
18666	57135	768	472	1289	0	59664
18667	1164	362	469	57870	0	59865
18668	1030	352	57712	1325	0	60419
18669	560	312	1125	58115	0	60112
18670	508	348	58093	1334	0	60283
18671	55511	275	1225	1148	0	58159
18672	1194	302	985	57639	0	60120
18673	57980	313	541	1398	0	60232
18674	1249	341	58510	1111	0	61211
18675	51572	260	1162	736	0	53730
18676	1166	57896	1001	629	0	60692
18677	1053	995	57987	572	0	60607
18678	614	909	1181	56522	0	59226
18679	520	376	59020	1209	0	61125
18680	421	55548	1250	1058	0	58277
18681	426	57066	923	566	0	58981
18682	49403	1113	348	432	0	51296
18683	779	52759	352	433	0	54323
18684	52850	775	330	407	0	54362
18685	985	674	303	53705	0	55667
18686	780	356	53490	935	0	55561
18687	358	54162	914	841	0	56275
18688	426	910	789	53391	0	55516
18689	360	806	342	55348	0	56856
18690	384	324	271	56609	0	57588
18691	363	243	253	53929	0	54788
18692	298	53011	365	1452	0	55126
18693	297	55146	330	928	0	56701
18694	51051	1219	297	412	0	52979
18695	745	51260	347	405	0	52757
18696	564	746	199	47138	0	48647
18697	237	622	46765	744	0	48368
18698	208	46539	665	667	0	48079
18699	273	653	517	45235	0	46678
18700	250	656	214	43486	0	44606
18701	174	45428	221	972	0	46795
18702	43463	636	184	541	0	44824
18703	653	561	44035	267	0	45516
18704	39695	243	582	225	0	40745
18705	548	43463	538	237	0	44786
18706	38544	512	129	144	0	39329
18707	444	40412	128	129	0	41113
18708	547	564	92	42373	0	43576
18709	124	483	186	43220	0	44013
18710	42225	188	91	996	0	43500
18711	584	177	80	43145	0	43986
18712	523	179	42745	675	0	44122
18713	141	41561	551	571	0	42824
18714	108	42184	494	254	0	43040
18715	162	1002	146	41666	0	42976
18716	163	611	42246	603	0	43623
18717	108	196	517	41172	0	41993
18718	109	229	430	42088	0	42856
18719	128	192	41471	995	0	42786
18720	116	180	40803	636	0	41735
18721	87	41677	899	260	0	42923
18722	41178	598	455	213	0	42444
18723	538	529	119	39466	0	40652
18724	449	40298	133	578	0	41458
18725	40851	621	119	521	0	42112
18726	538	543	110	40937	0	42128
18727	482	188	104	40556	0	41330
18728	116	40423	136	1057	0	41732
18729	115	594	101	40099	0	40909
18730	39649	541	99	716	0	41005
18731	577	215	113	40316	0	41221
18732	520	211	110	40561	0	41402
18733	191	227	39869	1018	0	41305
18734	194	228	38214	639	0	39275
18735	38619	211	914	313	0	40057
18736	592	197	494	39791	0	41074
18737	516	220	163	39972	0	40871
18738	201	214	128	40752	0	41295
18739	205	232	39795	1136	0	41368
18740	38423	202	630	698	0	39953
18741	616	231	523	39734	0	41104
18742	550	216	201	40392	0	41359
18743	38898	203	191	1156	0	40448
18744	611	38852	218	908	0	40589
18745	558	711	38668	442	0	40379
18746	237	552	622	36380	0	37791
18747	192	38294	564	792	0	39842
18748	237	652	224	38932	0	40045
18749	38093	628	206	828	0	39755
18750	656	286	179	38628	0	39749
18751	37888	248	163	920	0	39219
18752	37643	229	178	834	0	38884
18753	1042	239	176	36147	0	37604
18754	587	36400	233	859	0	38079
18755	219	37441	211	822	0	38693
18756	277	1052	36709	445	0	38483
18757	204	599	676	34966	0	36445
18758	246	290	573	36940	0	38049
18759	242	253	240	38042	0	38777
18760	36908	225	201	1296	0	38630
18761	710	250	169	37634	0	38763
18762	661	265	37221	978	0	39125
18763	36538	203	695	913	0	38349
18764	756	211	556	38981	0	40504
18765	694	222	239	39963	0	41118
18766	299	244	39136	1380	0	41059
18767	36771	225	697	913	0	38606
18768	728	239	575	39368	0	40910
18769	629	247	39779	1014	0	41669
18770	312	192	691	39423	0	40618
18771	303	194	654	34873	0	36024
18772	312	39975	283	1271	0	41841
18773	39349	616	261	853	0	41079
18774	38466	534	269	547	0	39816
18775	1050	38595	243	585	0	40473
18776	38352	640	235	469	0	39696
18777	37812	546	213	514	0	39085
18778	1072	193	200	37502	0	38967
18779	635	177	35959	916	0	37687
18780	309	160	34328	773	0	35570
18781	233	177	33639	418	0	34467
18782	245	158	33671	391	0	34465
18783	234	541	1018	29574	0	31367
18784	175	126	471	31251	0	32023
18785	195	114	172	31167	0	31648
18786	224	89	132	32377	0	32822
18787	32017	71	147	971	0	33206
18788	551	33209	166	677	0	34603
18789	33320	397	190	323	0	34230
18790	570	352	33258	358	0	34538
18791	493	144	35040	250	0	35927
18792	241	309	770	35306	0	36626
18793	36111	69	633	660	0	37473
18794	32103	75	188	595	0	32961
18795	756	35452	151	369	0	36728
18796	436	35949	166	276	0	36827
18797	231	701	130	36036	0	37098
18798	35763	394	85	547	0	36789
18799	442	36190	123	649	0	37404
18800	36959	413	105	249	0	37726
18801	36790	379	130	230	0	37529
18802	37140	112	115	241	0	37608
18803	829	120	37406	203	0	38558
18804	466	37470	448	243	0	38627
18805	36759	334	371	228	0	37692
18806	36342	369	195	182	0	37088
18807	677	35862	145	187	0	36871
18808	286	33575	61	202	0	34124
18809	33329	423	140	90	0	33982
18810	426	255	89	33184	0	33954
18811	306	123	33573	266	0	34268
18812	32095	71	265	271	0	32702
18813	330	50	227	33865	0	34472
18814	255	35654	100	273	0	36282
18815	133	287	49	36161	0	36630
18816	155	281	36323	341	0	37100
18817	125	98	284	36133	0	36640
18818	37936	78	239	375	0	38628
18819	366	65	82	38392	0	38905
18820	314	63	52	38488	0	38917
18821	157	109	40061	557	0	40884
18822	156	71	311	37950	0	38488
18823	86	40046	283	368	0	40783
18824	40187	325	94	299	0	40905
18825	38350	288	72	150	0	38860
18826	584	144	40235	175	0	41138
18827	357	70	324	38007	0	38758
18828	156	39025	284	807	0	40272
18829	110	40652	127	334	0	41223
18830	40086	541	58	148	0	40833
18831	366	306	53	40734	0	41459
18832	332	142	40833	387	0	41694
18833	152	133	40321	313	0	40919
18834	119	77	548	40581	0	41325
18835	40419	51	333	401	0	41204
18836	40289	73	121	326	0	40809
18837	604	84	98	42165	0	42951
18838	385	114	43225	418	0	44142
18839	126	43302	374	396	0	44198
18840	43012	332	334	168	0	43846
18841	338	43935	130	200	0	44603
18842	43984	351	91	150	0	44576
18843	410	289	93	43904	0	44696
18844	377	362	43958	394	0	45091
18845	162	87	359	43357	0	43965
18846	43853	75	315	468	0	44711
18847	423	122	44329	373	0	45247
18848	351	44845	393	195	0	45784
18849	196	332	313	44793	0	45634
18850	44759	306	129	375	0	45569
18851	412	171	45133	346	0	46062
18852	379	116	364	44866	0	45725
18853	204	103	302	46175	0	46784
18854	179	148	46129	617	0	47073
18855	181	97	390	44959	0	45627
18856	195	149	46074	447	0	46865
18857	42988	108	412	415	0	43923
18858	452	103	342	48220	0	49117
18859	448	159	51680	450	0	52737
18860	194	52240	449	478	0	53361
18861	53550	428	360	208	0	54546
18862	58309	362	523	215	0	59409
18863	866	201	125	63854	0	65046
18864	501	67797	175	677	0	69150
18865	67659	784	128	526	0	69097
18866	869	491	133	67758	0	69251
18867	610	214	68239	806	0	69869
18868	63909	134	777	599	0	65419
18869	824	66630	559	358	0	68371
18870	561	737	193	66725	0	68216
18871	66948	508	150	826	0	68432
18872	871	245	66426	569	0	68111
18873	632	161	67609	223	0	68625
18874	283	146	1170	63546	0	65145
18875	247	158	68812	843	0	70060
18876	231	122	872	64488	0	65713
18877	145	68080	646	928	0	69799
18878	207	760	235	69999	0	71201
18879	68711	494	157	974	0	70336
18880	864	231	69804	631	0	71530
18881	563	70147	906	401	0	72017
18882	267	766	553	69264	0	70850
18883	243	535	71456	882	0	73116
18884	224	493	804	65598	0	67119
18885	177	69561	625	862	0	71225
18886	138	70944	218	636	0	71936
18887	66466	1012	169	250	0	67897
18888	632	70128	191	323	0	71274
18889	490	736	66546	170	0	67942
18890	59574	458	820	188	0	61040
18891	703	185	67523	117	0	68528
18892	453	104	716	61064	0	62337
18893	185	120	67388	675	0	68368
18894	111	66803	730	518	0	68162
18895	204	619	401	66735	0	67959
18896	127	380	143	66980	0	67630
18897	145	115	105	66239	0	66604
18898	143	213	66429	997	0	67782
18899	177	119	654	64451	0	65401
18900	119	108	404	66779	0	67410
18901	65053	103	193	993	0	66342
18902	64569	99	136	533	0	65337
18903	981	135	65899	226	0	67241
18904	499	64726	755	404	0	66384
18905	232	659	65972	178	0	67041
18906	174	390	731	65402	0	66697
18907	188	190	67798	720	0	68896
18908	137	112	774	65954	0	66977
18909	135	130	482	68269	0	69016
18910	144	161	68012	1072	0	69389
18911	58954	124	770	618	0	60466
18912	672	68537	491	338	0	70038
18913	424	667	205	68001	0	69297
18914	190	445	70156	752	0	71543
18915	212	199	68446	461	0	69318
18916	64191	143	959	235	0	65528
18917	624	68947	529	238	0	70338
18918	381	619	232	68317	0	69549
18919	69707	372	153	744	0	70976
18920	718	128	157	70165	0	71168
18921	450	141	146	71251	0	71988
18922	188	221	71407	1071	0	72887
18923	66367	142	724	603	0	67836
18924	71397	103	469	277	0	72246
18925	1048	117	247	71572	0	72984
18926	71633	88	176	793	0	72690
18927	802	137	170	71070	0	72179
18928	440	70375	276	940	0	72031
18929	230	72770	211	544	0	73755
18930	159	1071	178	73077	0	74485
18931	71445	500	166	1100	0	73211
18932	726	162	131	71982	0	73001
18933	73146	124	146	929	0	74345
18934	73182	144	148	565	0	74039
18935	1117	95	170	72776	0	74158
18936	626	90	149	74017	0	74882
18937	290	131	72294	1183	0	73898
18938	221	195	73390	613	0	74419
18939	223	128	1231	72702	0	74284
18940	183	149	77821	926	0	79079
18941	75122	110	1008	627	0	76867
18942	837	97	633	82434	0	84001
18943	553	182	86770	1105	0	88610
18944	83920	100	1164	803	0	85987
18945	90949	86	708	405	0	92148
18946	1775	94730	313	353	0	97171
18947	947	1252	232	96385	0	98816
18948	375	818	100074	1281	0	102548
18949	98288	239	1343	902	0	100772
18950	102433	155	855	399	0	103842
18951	2014	211	103114	305	0	105644
18952	102510	113	1356	318	0	104297
18953	1521	135	882	101775	0	104313
18954	950	129	323	104095	0	105497
18955	102807	122	253	2036	0	105218
18956	102745	112	236	1045	0	104138
18957	2090	395	260	101916	0	104661
18958	1274	161	101519	1433	0	104387
18959	438	96511	1375	1256	0	99580
18960	515	1158	98082	517	0	100272
18961	511	749	97391	411	0	99062
18962	410	92418	2071	402	0	95301
18963	871	1095	1321	79892	0	83179
18964	297	597	357	82241	0	83492
18965	316	300	82314	1416	0	84346
18966	368	150	991	80807	0	82316
18967	82392	108	703	1145	0	84348
18968	1114	172	83345	788	0	85419
18969	81727	121	1054	448	0	83350
18970	84313	92	796	398	0	85599
18971	85136	94	397	357	0	85984
18972	2019	208	83880	301	0	86408
18973	1107	209	83928	363	0	85607
18974	598	135	1543	82026	0	84302
18975	670	167	922	76632	0	78391
18976	470	83912	503	1516	0	86401
18977	83042	922	424	872	0	85260
18978	81539	601	468	474	0	83082
18979	1612	83095	492	509	0	85708
18980	82484	941	382	487	0	84294
18981	1210	82190	456	531	0	84387
18982	83012	1024	406	482	0	84924
18983	1317	644	384	79413	0	81758
18984	966	341	82076	1179	0	84562
18985	549	298	81823	824	0	83494
18986	486	253	1670	79930	0	82339
18987	513	204	1013	81634	0	83364
18988	578	252	80648	1549	0	83027
18989	507	202	1276	77960	0	79945
18990	518	216	934	81237	0	82905
18991	79211	177	602	1836	0	81826
18992	79635	178	494	1047	0	81354
18993	78689	214	444	627	0	79974
18994	1911	253	77536	480	0	80180
18995	1153	77857	1269	564	0	80843
18996	824	1012	882	76970	0	79688
18997	793	729	79586	1122	0	82230
18998	673	80383	1283	810	0	83149
18999	80781	1037	930	458	0	83206
19000	1423	711	532	80409	0	83075
19001	1060	369	486	81697	0	83612
19002	80954	295	495	1699	0	83443
19003	1389	273	489	81160	0	83311
19004	1088	300	455	81628	0	83471
19005	81039	270	524	1812	0	83645
19006	1479	382	80059	1150	0	83070
19007	1070	79267	1345	818	0	82500
19008	78897	1034	938	632	0	81501
19009	1491	804	80748	647	0	83690
19010	77769	375	1321	687	0	80152
19011	1486	82234	1140	686	0	85546
19012	81124	1053	635	632	0	83444
19013	80687	731	608	667	0	82693
19014	78688	352	606	692	0	80338
19015	2034	322	579	76805	0	79740
19016	1322	534	566	76066	0	78488
19017	837	77138	636	1911	0	80522
19018	819	77963	623	1242	0	80647
19019	947	78540	547	913	0	80947
19020	76710	1334	486	742	0	79272
19021	1435	817	75340	793	0	78385
19022	1159	398	1095	74489	0	77141
19023	756	365	874	73365	0	75360
19024	647	75720	636	1610	0	78613
19025	757	1093	518	75343	0	77711
19026	712	795	539	74097	0	76143
19027	659	77262	596	1672	0	80189
19028	74856	1123	531	1041	0	77551
19029	1326	78229	513	861	0	80929
19030	1148	1159	75930	637	0	78874
19031	73602	745	1097	687	0	76131
19032	1348	77630	899	712	0	80589
19033	74953	1018	460	622	0	77053
19034	1468	754	421	75431	0	78074
19035	1156	431	449	76135	0	78171
19036	866	492	76018	1425	0	78801
19037	864	483	75178	813	0	77338
19038	749	607	1264	73380	0	76000
19039	72834	409	700	1079	0	75022
19040	69497	346	423	717	0	70983
19041	1424	72694	423	567	0	75108
19042	627	69176	313	429	0	70545
19043	442	66336	233	349	0	67360
19044	1305	2440	722	60797	0	65264
19045	60263	385	1141	607	0	62396
19046	59605	133	84	323	0	60145
19047	58905	78	85	205	0	59273
19048	735	121	57241	146	0	58243
19049	383	66752	493	191	0	67819
19050	217	518	291	72609	0	73635
19051	73137	363	109	695	0	74304
19052	752	111	104	73825	0	74792
19053	517	96	77	76305	0	76995
19054	76480	101	84	1132	0	77797
19055	79122	115	111	584	0	79932
19056	1320	138	80945	211	0	82614
19057	691	108	844	79796	0	81439
19058	317	155	80816	911	0	82199
19059	229	136	891	79462	0	80718
19060	279	158	80153	989	0	81579
19061	212	402	883	78506	0	80003
19062	75191	75	581	1041	0	76888
19063	801	77818	208	758	0	79585
19064	617	80648	174	290	0	81729
19065	454	1499	120	67733	0	69806
19066	154	81453	132	736	0	82475
19067	80188	975	101	513	0	81777
19068	77344	616	100	228	0	78288
19069	1440	229	78571	203	0	80443
19070	695	78612	915	239	0	80461
19071	300	806	579	78515	0	80200
19072	204	647	78947	898	0	80696
19073	76139	185	893	648	0	77865
19074	919	223	601	78146	0	79889
19075	681	162	79501	890	0	81234
19076	240	84	839	78959	0	80122
19077	78734	113	653	1000	0	80500
19078	943	160	78805	683	0	80591
19079	76793	109	866	273	0	78041
19080	79089	116	611	176	0	79992
19081	1420	140	194	77351	0	79105
19082	777	159	78223	906	0	80065
19083	318	167	76620	666	0	77771
19084	74290	100	1415	282	0	76087
19085	76504	96	727	261	0	77588
19086	1545	138	76649	206	0	78538
19087	833	107	923	74363	0	76226
19088	347	115	673	71825	0	72960
19089	221	76919	300	1469	0	78909
19090	245	856	174	76449	0	77724
19091	76232	604	232	1085	0	78153
19092	1039	170	187	76632	0	78028
19093	822	146	75876	1130	0	77974
19094	70956	122	1048	802	0	72928
19095	1067	140	714	74118	0	76039
19096	847	244	74680	1115	0	76886
19097	312	73377	1042	928	0	75659
19098	69715	937	728	388	0	71768
19099	1006	73386	322	526	0	75240
19100	71477	996	255	384	0	73112
19101	1241	750	71916	389	0	74296
19102	909	70767	1034	428	0	73138
19103	428	72321	813	393	0	73955
19104	494	1498	382	69257	0	71631
19105	412	761	300	70870	0	72343
19106	411	346	70588	1697	0	73042
19107	359	208	1099	70191	0	71857
19108	69257	226	857	1296	0	71636
19109	1153	227	68629	1031	0	71040
19110	901	265	1134	67460	0	69760
19111	513	346	67798	1221	0	69878
19112	63235	250	1176	1065	0	65726
19113	1145	67180	975	632	0	69932
19114	67389	1018	539	652	0	69598
19115	68108	779	371	609	0	69867
19116	68901	322	379	550	0	70152
19117	2037	334	66441	483	0	69295
19118	1134	66913	1299	529	0	69875
19119	628	1124	969	66596	0	69317
19120	545	860	579	70219	0	72203
19121	72460	349	473	1992	0	75274
19122	1499	271	542	73139	0	75451
19123	73629	264	533	1651	0	76077
19124	73587	261	479	1256	0	75583
19125	74214	307	488	695	0	75704
19126	74035	362	516	542	0	75455
19127	2296	347	418	71194	0	74255
19128	71564	382	444	1489	0	73879
19129	1765	386	69463	1144	0	72758
19130	69460	325	1399	592	0	71776
19131	70512	309	1115	489	0	72425
19132	2389	378	68989	476	0	72232
19133	69497	295	1450	495	0	71737
19134	70935	292	1172	438	0	72837
19135	2306	264	577	68958	0	72105
19136	1450	247	519	69844	0	72060
19137	68894	268	532	2128	0	71822
19138	1747	185	497	68770	0	71199
19139	1425	187	483	66545	0	68640
19140	742	65566	601	2155	0	69064
19141	756	924	462	64060	0	66202
19142	62177	665	419	1399	0	64660
19143	1565	190	421	62344	0	64520
19144	1161	151	451	60029	0	61792
19145	699	59281	481	1856	0	62317
19146	725	925	422	57592	0	59664
19147	813	650	394	57068	0	58925
19148	54869	208	418	1631	0	57126
19149	1235	559	248	43911	0	45953
19150	688	156	38528	825	0	40197
19151	316	36409	689	600	0	38014
19152	242	35742	474	285	0	36743
19153	33835	818	214	206	0	35073
19154	680	34667	146	237	0	35730
19155	30349	431	242	175	0	31197
19156	486	30574	93	215	0	31368
19157	31610	473	64	143	0	32290
19158	590	285	50	31599	0	32524
19159	387	99	43	31862	0	32391
19160	165	32159	53	785	0	33162
19161	321	499	70	32640	0	33530
19162	162	342	33011	592	0	34107
19163	30684	101	461	428	0	31674
19164	538	34699	343	203	0	35783
19165	33971	528	84	158	0	34741
19166	33867	380	54	125	0	34426
19167	34307	105	50	151	0	34613
19168	961	66	44	33588	0	34659
19169	524	82	37	32657	0	33300
19170	186	33812	67	896	0	34961
19171	33072	544	44	485	0	34145
19172	606	34027	78	268	0	34979
19173	34356	610	53	165	0	35184
19174	703	446	34689	149	0	35987
19175	35828	126	563	160	0	36677
19176	815	88	386	36051	0	37340
19177	587	127	36174	768	0	37656
19178	294	132	36539	521	0	37486
19179	237	77	1025	36139	0	37478
19180	253	128	36867	754	0	38002
19181	214	95	714	36307	0	37330
19182	34335	85	481	802	0	35703
19183	798	72	143	35862	0	36875
19184	597	120	35156	789	0	36662
19185	258	34641	694	574	0	36167
19186	224	35395	493	234	0	36346
19187	250	1000	284	34188	0	35722
19188	34149	484	161	797	0	35591
19189	811	144	67	34896	0	35918
19190	591	112	76	35162	0	35941
19191	279	84	76	35723	0	36162
19192	237	125	84	36204	0	36650
19193	244	135	35456	1193	0	37028
19194	243	139	35049	666	0	36097
19195	34401	83	1039	303	0	35826
19196	35663	109	530	267	0	36569
19197	1141	101	171	35251	0	36664
19198	639	114	142	35790	0	36685
19199	312	114	35215	1197	0	36838
19200	225	35427	727	721	0	37100
19201	35223	674	480	330	0	36707
19202	35801	470	171	289	0	36731
19203	1130	187	104	35569	0	36990
19204	644	193	35983	835	0	37655
19205	299	173	681	33179	0	34332
19206	264	35620	501	773	0	37158
19207	279	719	35854	578	0	37430
19208	34602	500	716	319	0	36137
19209	814	186	487	36659	0	38146
19210	37231	152	203	900	0	38486
19211	839	148	36358	684	0	38029
19212	36043	148	759	345	0	37295
19213	852	164	600	36533	0	38149
19214	36512	149	225	879	0	37765
19215	912	123	198	35151	0	36384
19216	620	34939	213	962	0	36734
19217	317	35917	222	647	0	37103
19218	323	1259	167	34401	0	36150
19219	267	503	33690	717	0	35177
19220	209	32717	665	572	0	34163
19221	333	577	559	29275	0	30744
19222	28497	339	221	605	0	29662
19223	28643	122	119	490	0	29374
19224	810	113	106	28651	0	29680
19225	492	120	136	28162	0	28910
19226	224	27749	179	856	0	29008
19227	185	28925	162	517	0	29789
19228	28235	735	141	304	0	29415
19229	542	419	136	28289	0	29386
19230	472	138	142	28603	0	29355
19231	217	105	28296	949	0	29567
19232	185	96	546	27959	0	28786
19233	192	112	459	27833	0	28596
19234	194	109	199	28450	0	28952
19235	210	115	28127	936	0	29388
19236	196	89	532	28258	0	29075
19237	27715	113	480	700	0	29008
19238	542	132	27636	581	0	28891
19239	28676	143	532	412	0	29763
19240	594	116	460	29355	0	30525
19241	496	112	199	29996	0	30803
19242	258	94	181	31262	0	31795
19243	225	97	30203	1019	0	31544
19244	28015	96	574	691	0	29376
19245	589	31279	489	373	0	32730
19246	31325	523	233	335	0	32416
19247	615	32165	193	336	0	33309
19248	521	570	177	32150	0	33418
19249	32480	424	151	735	0	33790
19250	657	168	31959	599	0	33383
19251	30863	118	580	392	0	31953
19252	699	133	33272	314	0	34418
19253	533	186	614	32319	0	33652
19254	267	130	32627	720	0	33744
19255	249	32000	608	587	0	33444
19256	418	532	445	30613	0	32008
19257	29782	380	168	716	0	31046
19258	531	139	146	28814	0	29630
19259	372	29092	172	579	0	30215
19260	229	436	121	29386	0	30172
19261	28654	324	109	591	0	29678
19262	27896	109	98	481	0	28584
19263	736	27939	155	290	0	29120
19264	344	25841	121	193	0	26499
19265	182	486	105	25397	0	26170
19266	163	272	75	25819	0	26329
19267	25647	106	91	598	0	26442
19268	24728	100	86	337	0	25251
19269	498	25595	106	198	0	26397
19270	319	397	61	24609	0	25386
19271	164	301	88	25040	0	25593
19272	178	146	24715	556	0	25595
19273	135	24459	324	383	0	25301
19274	138	23763	215	189	0	24305
19275	128	345	61	22340	0	22874
19276	89	206	22478	258	0	23031
19277	106	122	22507	231	0	22966
19278	89	60	363	22112	0	22624
19279	89	75	214	22556	0	22934
19280	116	98	22636	385	0	23235
19281	78	55	247	22564	0	22944
19282	97	80	23145	299	0	23621
19283	22968	127	276	289	0	23660
19284	293	65	214	23930	0	24502
19285	260	77	24503	348	0	25188
19286	123	81	24594	321	0	25119
19287	102	203	479	25632	0	26416
19288	118	85	28530	400	0	29133
19289	175	72	28880	370	0	29497
19290	64	27844	730	195	0	28833
19291	28403	338	366	133	0	29240
19292	379	362	29271	203	0	30215
19293	340	148	391	27742	0	28621
19294	127	57	369	29458	0	30011
19295	85	67	125	30231	0	30508
19296	98	93	29515	746	0	30452
19297	89	73	371	28996	0	29529
19298	28923	45	387	496	0	29851
19299	384	43	123	29021	0	29571
19300	368	70	29032	498	0	29968
19301	105	77	407	28896	0	29485
19302	28743	61	403	492	0	29699
19303	29081	61	143	460	0	29745
19304	28971	49	117	197	0	29334
19305	711	51	123	28604	0	29489
19306	28939	41	123	448	0	29551
19307	28770	37	111	458	0	29376
19308	28730	31	125	198	0	29084
19309	733	27837	141	167	0	28878
19310	28065	339	132	176	0	28712
19311	472	338	113	27933	0	28856
19312	427	118	27884	447	0	28876
19313	179	27885	431	459	0	28954
19314	27608	368	407	238	0	28621
19315	433	357	170	27549	0	28509
19316	423	104	132	26244	0	26903
19317	148	27270	144	748	0	28310
19318	114	28199	152	497	0	28962
19319	26444	647	123	187	0	27401
19320	405	27178	128	188	0	27899
19321	25918	396	105	172	0	26591
19322	412	26221	134	184	0	26951
19323	25293	406	95	170	0	25964
19324	426	26016	118	231	0	26791
19325	364	26641	117	193	0	27315
19326	26043	630	93	164	0	26930
19327	434	392	25790	156	0	26772
19328	404	26227	402	170	0	27203
19329	205	362	380	25931	0	26878
19330	179	341	149	26712	0	27381
19331	143	119	107	26703	0	27072
19332	173	67	97	27176	0	27513
19333	185	102	26797	744	0	27828
19334	25353	92	402	477	0	26324
19335	476	79	368	27578	0	28501
19336	28010	88	157	471	0	28726
19337	29080	96	131	452	0	29759
19338	29678	101	126	222	0	30127
19339	28505	82	147	181	0	28915
19340	857	122	28022	180	0	29181
19341	503	92	462	27111	0	28168
19342	210	123	27607	530	0	28470
19343	147	26881	553	508	0	28089
19344	177	444	482	24852	0	25955
19345	167	382	166	25799	0	26514
19346	137	90	133	25754	0	26114
19347	126	72	138	25454	0	25790
19348	146	86	24616	806	0	25654
19349	151	65	448	24691	0	25355
19350	166	71	444	25061	0	25742
19351	24865	94	181	773	0	25913
19352	25737	89	146	521	0	26493
19353	874	72	145	25922	0	27013
19354	538	75	137	26146	0	26896
19355	223	62	132	26722	0	27139
19356	26030	64	133	997	0	27224
19357	26634	64	143	605	0	27446
19358	26613	78	138	278	0	27107
19359	26324	76	133	244	0	26777
19360	929	25901	113	275	0	27218
19361	26245	457	96	246	0	27044
19362	26134	384	108	269	0	26895
19363	944	125	91	25516	0	26676
19364	625	78	84	25790	0	26577
19365	25062	78	73	912	0	26125
19366	644	24723	113	578	0	26058
19367	575	25256	79	272	0	26182
19368	25430	714	79	216	0	26439
19369	660	430	69	25560	0	26719
19370	586	146	65	25916	0	26713
19371	312	112	50	26444	0	26918
19372	261	125	62	26404	0	26852
19373	269	119	62	25686	0	26136
19374	197	25255	86	939	0	26477
19375	231	462	63	24795	0	25551
19376	24271	405	48	579	0	25303
19377	554	138	47	24233	0	24972
19378	465	121	43	24338	0	24967
19379	23615	132	59	819	0	24625
19380	521	23763	52	591	0	24927
19381	457	612	59	22884	0	24012
19382	197	23708	74	506	0	24485
19383	196	763	77	22400	0	23436
19384	192	330	22026	489	0	23037
19385	19447	175	435	381	0	20438
19386	416	20619	248	221	0	21504
19387	18519	315	105	126	0	19065
19388	373	208	17322	139	0	18042
19389	225	162	230	15279	0	15896
19390	100	15979	199	287	0	16565
19391	89	16406	61	265	0	16821
19392	15404	341	63	131	0	15939
19393	324	169	26	15420	0	15939
19394	205	58	16027	322	0	16612
19395	102	43	212	16255	0	16612
19396	87	50	16370	361	0	16868
19397	15349	41	229	265	0	15884
19398	285	41	16585	170	0	17081
19399	219	46	227	15699	0	16191
19400	122	16920	178	305	0	17525
19401	121	233	41	16167	0	16562
19402	84	17073	42	331	0	17530
19403	17332	254	55	267	0	17908
19404	324	161	35	17693	0	18213
19405	253	78	17973	349	0	18653
19406	161	66	17675	264	0	18166
19407	17250	53	347	191	0	17841
19408	18657	46	171	169	0	19043
19409	18637	56	54	152	0	18899
19410	18314	67	31	139	0	18551
19411	456	18259	38	174	0	18927
19412	18533	245	40	156	0	18974
19413	18502	179	33	162	0	18876
19414	456	93	18170	158	0	18877
19415	280	63	228	17791	0	18362
19416	18340	65	147	344	0	18896
19417	325	68	18143	311	0	18847
19418	257	61	229	17919	0	18466
19419	153	85	19115	384	0	19737
19420	153	62	247	17987	0	18449
19421	130	19424	164	335	0	20053
19422	19593	249	45	269	0	20156
19423	336	196	19155	163	0	19850
19424	18834	94	234	139	0	19301
19425	337	66	158	19142	0	19703
19426	19473	64	46	351	0	19934
19427	325	68	41	19378	0	19812
19428	20993	81	39	400	0	21513
19429	354	93	20604	251	0	21302
19430	21476	104	235	188	0	22003
19431	328	75	165	22187	0	22755
19432	243	63	59	22350	0	22715
19433	21843	60	62	446	0	22411
19434	312	70	55	22193	0	22630
19435	214	79	21571	326	0	22190
19436	133	65	228	21178	0	21604
19437	19521	45	143	290	0	19999
19438	210	19604	75	187	0	20076
19439	139	19447	53	100	0	19739
19440	18819	239	49	67	0	19174
19441	182	20274	55	75	0	20586
19442	143	172	46	19754	0	20115
19443	20117	89	61	175	0	20442
19444	19792	46	35	110	0	19983
19445	19755	43	15	58	0	19871
19446	242	52	20088	57	0	20439
19447	109	67	141	19460	0	19777
19448	44	20353	110	177	0	20684
19449	62	130	35	20344	0	20571
19450	65	107	20790	152	0	21114
19451	67	20202	156	118	0	20543
19452	42	101	62	19304	0	19509
19453	18559	44	91	87	0	18781
19454	71	19026	23	121	0	19241
19455	76	79	19762	35	0	19952
19456	35	50	78	18978	0	19141
19457	42	22	19679	101	0	19844
19458	31	22	84	18761	0	18898
19459	20145	9	65	100	0	20319
19460	97	10	18	20300	0	20425
19461	20387	9	16	98	0	20510
19462	20503	10	38	102	0	20653
19463	140	21436	40	36	0	21652
19464	21665	87	10	33	0	21795
19465	87	21608	22	47	0	21764
19466	110	97	21900	31	0	22138
19467	47	66	94	21595	0	21802
19468	41	15	75	23672	0	23803
19469	48	55	23204	201	0	23508
19470	38	23251	124	115	0	23528
19471	23354	107	110	35	0	23606
19472	23771	85	25	49	0	23930
19473	251	16	12	24422	0	24701
19474	118	17	18	24531	0	24684
19475	42	16	18	25125	0	25201
19476	24734	21	35	209	0	24999
19477	153	43	24526	114	0	24836
19478	142	32	24729	35	0	24938
19479	33	16	196	24728	0	24973
19480	47	35	25284	140	0	25506
19481	64	43	25044	113	0	25264
19482	62	26	202	23562	0	23852
19483	74	37	25794	154	0	26059
19484	38	25697	131	223	0	26089
19485	48	158	95	26149	0	26450
19486	50	126	26829	163	0	27168
19487	44	35	131	25943	0	26153
19488	35	26116	131	173	0	26455
19489	47	125	38	26458	0	26668
19490	60	126	26781	162	0	27129
19491	61	36	138	25719	0	25954
19492	25728	23	123	196	0	26070
19493	156	44	26576	118	0	26894
19494	23620	26	140	67	0	23853
19495	147	26286	122	45	0	26600
19496	26431	132	46	64	0	26673
19497	146	117	23	26492	0	26778
19498	116	26926	43	170	0	27255
19499	27601	126	68	150	0	27945
19500	148	144	32	27962	0	28286
19501	148	52	28412	215	0	28827
19502	35	28820	179	187	0	29221
19503	42	161	173	28800	0	29176
19504	28539	124	33	183	0	28879
19505	27626	29	39	159	0	27853
19506	281	42	25	27681	0	28029
19507	172	48	27712	160	0	28092
19508	24556	17	162	206	0	24941
19509	190	48	27779	68	0	28085
19510	151	19	162	27452	0	27784
19511	28183	18	138	174	0	28513
19512	148	28286	66	183	0	28683
19513	28446	145	40	66	0	28697
19514	200	176	27984	56	0	28416
19515	27565	41	160	80	0	27846
19516	184	26	153	28495	0	28858
19517	164	28	50	29048	0	29290
19518	115	82	29223	289	0	29709
19519	64	41	171	28032	0	28308
19520	28950	26	149	219	0	29344
19521	187	25	50	28790	0	29052
19522	162	29817	68	233	0	30280
19523	75	176	36	28833	0	29120
19524	57	30086	74	193	0	30410
19525	91	197	29342	163	0	29793
19526	26752	167	200	98	0	27217
19527	204	38	155	30039	0	30436
19528	187	50	28795	210	0	29242
19529	51	28609	206	223	0	29089
19530	75	171	166	27796	0	28208
19531	69	157	62	27945	0	28233
19532	27822	48	57	342	0	28269
19533	187	46	55	28421	0	28709
19534	28440	41	52	255	0	28788
19535	28182	35	57	245	0	28519
19536	339	28774	83	119	0	29315
19537	29282	196	47	78	0	29603
19538	260	179	59	31691	0	32189
19539	264	70	32198	283	0	32815
19540	31368	42	280	275	0	31965
19541	296	43	235	31451	0	32025
19542	288	61	31488	308	0	32145
19543	29172	50	270	290	0	29782
19544	322	41	230	31047	0	31640
19545	253	32455	83	297	0	33088
19546	128	272	64	30902	0	31366
19547	106	32229	71	294	0	32700
19548	31595	267	69	303	0	32234
19549	341	256	32606	134	0	33337
19550	255	32295	289	180	0	33019
19551	110	238	253	32519	0	33120
19552	127	266	32616	335	0	33344
19553	116	103	31969	293	0	32481
19554	79	32366	494	197	0	33136
19555	158	239	245	31376	0	32018
19556	86	233	103	31964	0	32386
19557	94	85	70	38694	0	38943
19558	39599	61	62	633	0	40355
19559	465	71	42907	452	0	43895
19560	386	43190	487	191	0	44254
19561	136	477	439	42745	0	43797
19562	130	436	104	44336	0	45006
19563	147	185	43911	903	0	45146
19564	127	82	519	43933	0	44661
19565	138	85	44207	647	0	45077
19566	138	81	42621	501	0	43341
19567	157	88	42755	159	0	43159
19568	286	51	869	39973	0	41179
19569	131	70	441	41546	0	42188
19570	87	58	123	42863	0	43131
19571	42128	66	83	894	0	43171
19572	493	42169	135	544	0	43341
19573	43002	487	88	198	0	43775
19574	42540	415	88	169	0	43212
19575	43219	97	72	162	0	43550
19576	881	44257	140	145	0	45423
19577	44615	527	94	142	0	45378
19578	44545	434	106	138	0	45223
19579	933	133	94	43890	0	45050
19580	517	92	121	44101	0	44831
19581	186	95	114	45115	0	45510
19582	168	106	44075	1001	0	45350
19583	42041	93	605	600	0	43339
19584	587	118	498	44010	0	45213
19585	43212	63	183	693	0	44151
19586	589	43251	199	583	0	44622
19587	468	532	183	43488	0	44671
19588	183	436	144	44289	0	45052
19589	43631	131	156	1041	0	44959
19590	637	108	136	44111	0	44992
19591	43461	108	120	723	0	44412
19592	42849	119	99	604	0	43671
19593	938	42497	161	336	0	43932
19594	545	43420	162	245	0	44372
19595	288	965	172	41499	0	42924
19596	174	43463	168	589	0	44394
19597	205	647	145	43268	0	44265
19598	204	434	42499	703	0	43840
19599	200	150	41259	540	0	42149
19600	38742	100	869	295	0	40006
19601	40298	115	503	245	0	41161
19602	942	40490	231	258	0	41921
19603	40359	532	136	264	0	41291
19604	600	42630	163	334	0	43727
19605	507	560	152	42900	0	44119
19606	200	422	190	43311	0	44123
19607	180	167	156	43421	0	43924
19608	177	109	225	43721	0	44232
19609	42781	97	221	1053	0	44152
19610	578	42841	223	695	0	44337
19611	43066	512	197	370	0	44145
19612	42821	420	187	351	0	43779
19613	1000	186	42445	302	0	43933
19614	40930	171	545	284	0	41930
19615	701	41855	476	299	0	43331
19616	622	606	163	41850	0	43241
19617	314	507	123	40401	0	41345
19618	263	41755	169	981	0	43168
19619	41807	588	184	605	0	43184
19620	754	480	40878	317	0	42429
19621	39677	149	591	392	0	40809
19622	790	158	40936	411	0	42295
19623	639	159	684	40377	0	41859
19624	368	166	551	41269	0	42354
19625	295	187	291	42136	0	42909
19626	41753	218	194	1307	0	43472
19627	699	219	42560	864	0	44342
19628	41776	208	674	562	0	43220
19629	43001	189	601	518	0	44309
19630	43099	144	354	523	0	44120
19631	43135	122	383	447	0	44087
19632	1151	140	337	42585	0	44213
19633	724	148	42430	833	0	44135
19634	471	212	625	41744	0	43052
19635	416	161	41888	871	0	43336
19636	422	208	40624	697	0	41951
19637	398	41033	774	457	0	42662
19638	537	558	429	37440	0	38964
19639	503	467	111	38193	0	39274
19640	457	254	115	35963	0	36789
19641	475	214	126	38414	0	39229
19642	38229	191	128	820	0	39368
19643	38093	146	101	574	0	38914
19644	995	145	115	37733	0	38988
19645	659	164	37206	819	0	38848
19646	374	96	472	37589	0	38531
19647	351	113	395	38378	0	39237
19648	370	137	38116	1026	0	39649
19649	334	125	474	37369	0	38302
19650	37867	169	370	754	0	39160
19651	37708	175	104	625	0	38612
19652	38085	186	82	463	0	38816
19653	935	172	94	37662	0	38863
19654	37798	124	108	727	0	38757
19655	36936	121	145	590	0	37792
19656	955	132	36887	340	0	38314
19657	367	70	28333	159	0	28929
19658	197	101	28484	151	0	28933
19659	23991	37	232	86	0	24346
19660	167	25527	128	93	0	25915
19661	24899	95	65	54	0	25113
19662	127	27625	48	82	0	27882
19663	96	167	40	27426	0	27729
19664	56	65	19	27781	0	27921
19665	57	28	20	27938	0	28043
19666	63	43	27802	198	0	28106
19667	24707	34	126	146	0	25013
19668	161	24	82	27784	0	28051
19669	94	37	27756	138	0	28025
19670	47	57	26591	87	0	26782
19671	25297	16	189	76	0	25578
19672	111	27904	96	66	0	28177
19673	27375	92	59	66	0	27592
19674	27113	67	27	51	0	27258
19675	149	27165	50	86	0	27450
19676	26467	88	51	44	0	26650
19677	134	83	27572	51	0	27840
19678	95	64	26812	26	0	26997
19679	60	44	28291	59	0	28454
19680	44	85	141	27825	0	28095
19681	48	49	28841	107	0	29045
19682	27245	11	98	103	0	27457
19683	28540	11	62	49	0	28662
19684	204	92	29191	29	0	29516
19685	97	18	98	28415	0	28628
19686	29249	10	114	130	0	29503
19687	99	32089	51	109	0	32348
19688	74	32516	55	66	0	32711
19689	32594	145	31	53	0	32823
19690	118	109	33186	38	0	33451
19691	91	103	86	31879	0	32159
19692	41	8	58	32749	0	32856
19693	34	12	14	33108	0	33168
19694	16	33532	39	151	0	33738
19695	33	89	12	33549	0	33683
19696	35471	66	20	143	0	35700
19697	126	15	15	36266	0	36422
19698	91	37061	43	187	0	37382
19699	37910	156	19	166	0	38251
19700	180	111	21	38167	0	38479
19701	135	32	14	39832	0	40013
19702	40498	16	19	300	0	40833
19703	40309	25	26	160	0	40520
19704	328	10	11	41103	0	41452
19705	41693	17	20	297	0	42027
19706	41086	18	25	196	0	41325
19707	401	42427	50	69	0	42947
19708	42480	258	11	68	0	42817
19709	262	42559	53	67	0	42941
19710	245	252	26	42501	0	43024
19711	93	247	43717	267	0	44324
19712	60	39	246	43189	0	43534
19713	65	25	211	43855	0	44156
19714	66	17	29	45365	0	45477
19715	44966	37	19	521	0	45543
19716	295	45073	67	331	0	45766
19717	46294	294	19	113	0	46720
19718	324	48914	59	93	0	49390
19719	49822	323	45	102	0	50292
19720	49768	266	25	88	0	50147
19721	49986	49	27	112	0	50174
19722	49673	37	23	90	0	49823
19723	655	102	49842	37	0	50636
19724	359	46	337	49100	0	49842
19725	147	44	303	51897	0	52391
19726	111	98	50976	665	0	51850
19727	47942	38	401	386	0	48767
19728	414	44	320	50490	0	51268
19729	396	71	50067	434	0	50968
19730	147	90	49075	379	0	49691
19731	113	39	710	50144	0	51006
19732	164	92	52545	479	0	53280
19733	116	50	441	50779	0	51386
19734	104	49	358	51665	0	52176
19735	154	93	51078	755	0	52080
19736	46693	34	437	484	0	47648
19737	458	45	359	51309	0	52171
19738	442	82	51804	537	0	52865
19739	148	47	426	51990	0	52611
19740	51858	79	409	588	0	52934
19741	489	91	51916	470	0	52966
19742	49493	45	454	210	0	50202
19743	52585	51	381	187	0	53204
19744	817	27	87	52662	0	53593
19745	452	40	89	52284	0	52865
19746	168	100	52423	786	0	53477
19747	152	62	440	51882	0	52536
19748	170	62	400	49747	0	50379
19749	139	50	122	52253	0	52564
19750	185	113	50962	841	0	52101
19751	48574	54	466	512	0	49606
19752	50846	47	387	243	0	51523
19753	51999	63	123	227	0	52412
19754	53015	64	122	201	0	53402
19755	870	68	80	53160	0	54178
19756	52783	73	81	585	0	53522
19757	52888	75	99	540	0	53602
19758	48332	81	146	255	0	48814
19759	52872	62	126	227	0	53287
19760	820	52904	168	257	0	54149
19761	53526	405	90	228	0	54249
19762	52077	369	121	219	0	52786
19763	867	52458	137	290	0	53752
19764	52797	471	105	212	0	53585
19765	664	389	118	52670	0	53841
19766	584	82	105	53095	0	53866
19767	52235	45	105	961	0	53346
19768	601	51959	177	629	0	53366
19769	545	52005	147	259	0	52956
19770	270	778	114	52871	0	54033
19771	217	439	53270	594	0	54520
19772	229	72	520	51637	0	52458
19773	199	60	441	53268	0	53968
19774	52299	47	155	964	0	53465
19775	52340	47	123	549	0	53059
19776	960	68	141	52559	0	53728
19777	586	121	52798	637	0	54142
19778	262	43	626	53448	0	54379
19779	54747	48	484	682	0	55961
19780	727	83	57933	598	0	59341
19781	556	58581	681	335	0	60153
19782	59969	529	554	214	0	61266
19783	732	416	131	59861	0	61140
19784	607	82	127	60010	0	60826
19785	233	78	163	62069	0	62543
19786	249	95	60528	1175	0	62047
19787	51420	57	712	767	0	52956
19788	786	111	57909	258	0	59064
19789	640	57327	740	294	0	59001
19790	303	576	546	56906	0	58331
19791	258	514	167	57971	0	58910
19792	273	75	143	61343	0	61834
19793	259	99	60789	1311	0	62458
19794	257	94	59906	763	0	61020
19795	271	119	61582	349	0	62321
19796	198	60668	1253	353	0	62472
19797	344	682	697	59646	0	61369
19798	61573	477	192	800	0	63042
19799	64257	99	176	672	0	65204
19800	1429	108	68533	269	0	70339
19801	764	68880	937	454	0	71035
19802	444	820	69846	237	0	71347
19803	285	71990	946	396	0	73617
19804	69425	984	777	378	0	71564
19805	68610	652	289	250	0	69801
19806	1371	69170	209	327	0	71077
19807	69524	833	147	205	0	70709
19808	1012	579	128	68724	0	70443
19809	732	165	129	69667	0	70693
19810	69726	116	125	1334	0	71301
19811	67608	111	119	753	0	68591
19812	67278	93	122	325	0	67818
19813	1423	67386	209	303	0	69321
19814	724	69158	150	300	0	70332
19815	68479	1205	139	275	0	70098
19816	970	644	68426	225	0	70265
19817	726	692	801	66082	0	68301
19818	64373	169	633	845	0	66020
19819	911	63768	275	635	0	65589
19820	649	65892	182	260	0	66983
19821	65775	1221	268	184	0	67448
19822	975	653	64743	154	0	66525
19823	61913	381	851	173	0	63318
19824	985	189	63601	161	0	64936
19825	637	191	63351	116	0	64295
19826	334	179	1156	62041	0	63710
19827	250	179	65477	749	0	66655
19828	63231	157	938	526	0	64852
19829	66062	128	593	237	0	67020
19830	66732	110	252	212	0	67306
19831	66302	141	189	196	0	66828
19832	1331	133	199	64555	0	66218
19833	64811	159	193	816	0	65979
19834	990	65168	217	700	0	67075
19835	783	774	194	60355	0	62106
19836	362	67114	194	765	0	68435
19837	68382	816	157	550	0	69905
19838	67652	570	150	282	0	68654
19839	1292	282	162	67724	0	69460
19840	68476	190	189	824	0	69679
19841	68135	209	227	580	0	69151
19842	1369	194	204	67579	0	69346
19843	819	220	214	67642	0	68895
19844	457	190	204	69001	0	69852
19845	468	212	67345	1281	0	69306
19846	441	207	64801	712	0	66161
19847	442	236	67318	340	0	68336
19848	427	202	1283	65750	0	67662
19849	441	218	69248	912	0	70819
19850	422	214	963	67138	0	68737
19851	478	212	73964	1006	0	75660
19852	417	231	72656	696	0	74000
19853	66557	216	1375	419	0	68567
19854	1012	71809	805	373	0	73999
19855	72129	835	393	317	0	73674
19856	1179	585	290	71421	0	73475
19857	887	254	283	71782	0	73206
19858	589	278	72271	1463	0	74601
19859	494	72308	919	954	0	74675
19860	494	885	666	72618	0	74663
19861	491	685	74142	953	0	76271
19862	434	72685	937	701	0	74757
19863	455	883	649	72168	0	74155
19864	71834	576	393	905	0	73708
19865	71033	320	323	648	0	72324
19866	1390	296	324	71930	0	73940
19867	72138	273	281	912	0	73604
19868	1096	72621	372	780	0	74869
19869	922	849	307	73013	0	75091
19870	645	658	74543	906	0	76752
19871	580	302	916	73430	0	75228
19872	620	293	74948	1072	0	76933
19873	69814	282	956	811	0	71863
19874	1189	246	649	73432	0	75516
19875	942	75640	363	1037	0	77982
19876	720	934	267	77396	0	79317
19877	602	604	76533	1037	0	78776
19878	546	374	75286	813	0	77019
19879	506	325	73517	485	0	74833
19880	65101	552	1541	354	0	67548
19881	860	70018	763	394	0	72035
19882	688	723	457	67865	0	69733
19883	68881	492	331	828	0	70532
19884	836	69067	410	708	0	71021
19885	71615	765	318	459	0	73157
19886	71892	498	344	345	0	73079
19887	72983	283	358	343	0	73967
19888	73793	191	314	319	0	74617
19889	1302	221	72950	265	0	74738
19890	68930	130	843	332	0	70235
19891	996	152	72847	295	0	74290
19892	58969	171	905	316	0	60361
19893	888	214	634	69364	0	71100
19894	642	180	68548	692	0	70062
19895	415	67372	716	523	0	69026
19896	507	2736	612	62495	0	66350
19897	356	67119	301	548	0	68324
19898	302	67161	219	483	0	68165
19899	58281	530	414	385	0	59610
19900	428	254	59256	200	0	60138
19901	240	57523	321	130	0	58214
19902	55781	233	482	140	0	56636
19903	250	57686	122	156	0	58214
19904	57624	189	60	100	0	57973
19905	284	312	107	56986	0	57689
19906	57866	73	78	217	0	58234
19907	252	56	65	56902	0	57275
19908	57409	55	80	235	0	57779
19909	241	70	76	56944	0	57331
19910	206	59877	91	270	0	60444
19911	119	208	77	60766	0	61170
19912	60227	168	83	249	0	60727
19913	213	60725	103	234	0	61275
19914	205	211	74	60468	0	60958
19915	61056	176	67	267	0	61566
19916	247	88	72	61378	0	61785
19917	210	91	68	61411	0	61780
19918	142	135	62153	341	0	62771
19919	157	113	60590	219	0	61079
19920	114	168	291	60149	0	60722
19921	149	125	64735	275	0	65284
19922	126	66	215	63810	0	64217
19923	136	79	194	60950	0	61359
19924	124	72	85	64999	0	65280
19925	149	116	65091	383	0	65739
19926	154	90	211	61475	0	61930
19927	130	81	174	62964	0	63349
19928	105	64611	118	410	0	65244
19929	131	257	68	65085	0	65541
19930	64533	172	84	309	0	65098
19931	292	79	64	65720	0	66155
19932	265	122	76840	407	0	77634
19933	68491	106	693	388	0	69678
19934	695	82746	515	242	0	84198
19935	524	725	179	83343	0	84771
19936	267	534	82975	773	0	84549
19937	74396	222	802	665	0	76085
19938	778	82744	580	324	0	84426
19939	82487	768	252	284	0	83791
19940	918	533	135	81980	0	83566
19941	81594	215	158	868	0	82835
19942	961	165	82811	621	0	84558
19943	596	82480	801	327	0	84204
19944	265	89130	581	222	0	90198
19945	89038	1129	203	233	0	90603
19946	88777	623	127	188	0	89715
19947	1284	310	88890	119	0	90603
19948	83365	139	784	206	0	84494
19949	87579	122	529	200	0	88430
19950	88368	120	236	204	0	88928
19951	1317	85852	173	209	0	87551
19952	712	87769	149	189	0	88819
19953	87093	1161	90	174	0	88518
19954	86867	602	98	194	0	87761
19955	1225	89029	131	257	0	90642
19956	721	791	76	89388	0	90976
19957	356	629	89821	812	0	91618
19958	85354	245	797	654	0	87050
19959	85385	209	597	363	0	86554
19960	93174	144	234	240	0	93792
19961	1208	92973	191	342	0	94714
19962	755	882	93834	198	0	95669
19963	93977	534	779	227	0	95517
19964	939	220	564	97476	0	99199
19965	676	159	253	97932	0	99020
19966	389	150	132	100096	0	100767
19967	305	215	98734	1416	0	100670
19968	290	174	796	95544	0	96804
19969	272	213	98811	1078	0	100374
19970	175	96115	883	810	0	97983
19971	93760	748	611	319	0	95438
19972	719	96023	289	253	0	97284
19973	555	97611	202	289	0	98657
19974	96300	1125	177	193	0	97795
19975	746	100055	186	239	0	101226
19976	574	896	80	97360	0	98910
19977	280	99641	138	721	0	100780
19978	98883	902	75	508	0	100368
19979	838	101001	120	332	0	102291
19980	612	989	91	101758	0	103450
19981	375	670	100615	920	0	102580
19982	223	260	845	99649	0	100977
19983	210	102227	660	1489	0	104586
19984	219	936	249	103908	0	105312
19985	218	716	163	102906	0	104003
19986	260	386	142	102785	0	103573
19987	240	185	150	104075	0	104650
19988	258	252	144	104694	0	105348
19989	370	185	159	105177	0	105891
19990	296	288	102618	1756	0	104958
19991	94175	210	1082	1183	0	96650
19992	1116	206	757	108131	0	110210
19993	895	317	108201	1297	0	110710
19994	546	352	107509	921	0	109328
19995	408	308	1807	108095	0	110618
19996	109953	236	1004	1314	0	112507
19997	1379	397	107983	887	0	110646
19998	103949	225	1321	536	0	106031
19999	1609	352	111261	344	0	113566
20000	1190	304	1407	108159	0	111060
20001	659	367	934	112695	0	114655
20002	592	518	111705	1847	0	114662
20003	101133	318	1356	1108	0	103915
20004	1517	297	909	109529	0	112252
20005	1131	364	109984	1369	0	112848
20006	747	306	110382	982	0	112417
20007	744	289	1925	100387	0	103345
20008	507	110569	1187	1086	0	113349
20009	111535	1232	506	882	0	114155
20010	110485	926	360	513	0	112284
20011	2219	564	111846	328	0	114957
20012	1345	373	1315	107317	0	110350
20013	111129	316	954	1482	0	113881
20014	1570	385	111594	1168	0	114717
20015	105604	207	1451	666	0	107928
20016	1692	110165	1148	572	0	113577
20017	1165	1254	541	110832	0	113792
20018	640	874	442	112607	0	114563
20019	115583	398	433	2174	0	118588
20020	1635	314	384	115762	0	118095
20021	1190	293	356	114245	0	116084
20022	616	281	325	115730	0	116952
20023	112318	245	423	2592	0	115578
20024	1562	316	113179	1519	0	116576
20025	111052	261	1484	910	0	113707
20026	113217	256	1224	754	0	115451
20027	114838	256	579	642	0	116315
20028	2482	500	453	112514	0	115949
20029	1457	420	115445	1745	0	119067
20030	722	112731	1585	1357	0	116395
20031	518	114119	1219	825	0	116681
20032	370	105237	512	598	0	106717
20033	670	1380	104421	444	0	106915
20034	830	1224	1007	113955	0	117016
20035	118612	217	848	1631	0	121308
20036	124439	172	353	1122	0	126086
20037	2371	215	250	130782	0	133618
20038	1282	209	131944	1885	0	135320
20039	560	209	131268	1293	0	133330
20040	399	113	2509	131225	0	134246
20041	390	224	134356	1993	0	136963
20042	408	160	1923	133211	0	135702
20043	339	172	1270	127412	0	129193
20044	312	132770	633	2788	0	136503
20045	406	1644	390	133364	0	135804
20046	451	1019	379	137517	0	139366
20047	134579	454	384	3065	0	138482
20048	2045	175	353	135932	0	138505
20049	1418	190	362	135938	0	137908
20050	131884	162	410	3122	0	135578
20051	1899	132578	588	1841	0	136906
20052	134101	1674	450	843	0	137068
20053	2318	1210	132448	684	0	136660
20054	129998	380	2008	750	0	133136
20055	129946	232	1446	724	0	132348
20056	3055	330	129229	663	0	133277
20057	1738	311	128110	711	0	130870
20058	949	285	3163	122601	0	126998
20059	123486	190	1677	2284	0	127637
20060	2174	224	122643	1688	0	126729
20061	1527	215	2365	121140	0	125247
20062	861	268	121436	2400	0	124965
20063	768	215	2390	117572	0	120945
20064	707	253	1629	118406	0	120995
20065	118839	241	780	3493	0	123353
20066	118727	279	651	2156	0	121813
20067	120484	316	590	1230	0	122620
20068	3392	378	119925	1226	0	124921
20069	1970	350	119217	1173	0	122710
20070	1089	315	3266	116336	0	121006
20071	956	322	1802	117503	0	120583
20072	993	349	1108	119952	0	122402
20073	114538	326	950	3632	0	119446
20074	2347	116059	901	2499	0	121806
20075	113086	1903	900	1324	0	117213
20076	108151	1240	786	1275	0	111452
20077	3288	110992	900	1354	0	116534
20078	1948	111347	851	1271	0	115417
20079	107882	2499	849	1302	0	112532
20080	2322	1331	789	102951	0	107393
20081	1981	106853	827	2860	0	112521
20082	1545	1857	703	107334	0	111439
20083	1452	1279	106131	2879	0	111741
20084	1293	559	2400	105724	0	109976
20085	104329	434	2205	3061	0	110029
20086	2676	419	104268	2385	0	109748
20087	2062	394	103602	1686	0	107744
20088	1497	1407	3580	87650	0	94134
20089	1251	97222	2304	2871	0	103648
20090	1269	98626	1359	2376	0	103630
20091	1168	100631	1283	1980	0	105062
20092	96737	2572	1034	2044	0	102387
20093	96379	1249	1028	1842	0	100498
20094	92011	614	1052	1938	0	95615
20095	3111	93052	1066	2239	0	99468
20096	94827	1535	1083	1797	0	99242
20097	93441	1218	943	1715	0	97317
20098	3599	898	92577	1725	0	98799
20099	2550	89252	2587	1433	0	95822
20100	2056	1911	2199	88612	0	94778
20101	88795	1316	1416	2720	0	94247
20102	2871	692	88786	2402	0	94751
20103	2116	523	2743	83212	0	88594
20104	1533	87119	2124	3241	0	94017
20105	1590	1768	1481	86130	0	90969
20106	1647	1313	1340	87470	0	91770
20107	88241	740	1251	3783	0	94015
20108	87938	875	1301	2608	0	92722
20109	3537	903	1308	86873	0	92621
20110	2435	930	85338	3012	0	91715
20111	1914	874	84773	2465	0	90026
20112	84067	903	2873	1788	0	89631
20113	3442	810	85791	1665	0	91708
20114	2887	867	2490	70601	0	76845
20115	2091	80147	2298	2264	0	86800
20116	79871	1703	1707	1971	0	85252
20117	2765	80516	1747	1663	0	86691
20118	81332	1782	1612	1819	0	86545
20119	2892	1228	1324	79870	0	85314
20120	2353	1021	1273	79899	0	84546
20121	80243	1074	1166	3077	0	85560
20122	81119	999	1103	2006	0	85227
20123	3812	1135	1162	79673	0	85782
20124	2771	1165	1082	79325	0	84343
20125	2017	1091	77415	2914	0	83437
20126	1739	964	76772	2050	0	81525
20127	75292	969	2733	1716	0	80710
20128	2799	966	74208	1713	0	79686
20129	72978	850	2230	1647	0	77705
20130	74206	777	1927	1542	0	78452
20131	3390	788	71943	1552	0	77673
20132	2365	69179	2238	1297	0	75079
20133	1738	70002	1874	1084	0	74698
20134	1327	1308	53995	584	0	57214
20135	2028	4411	2694	43743	0	52876
20136	39855	872	1687	1975	0	44389
20137	37925	222	214	506	0	38867
20138	41347	215	214	339	0	42115
20139	47318	207	182	364	0	48071
20140	47067	198	196	346	0	47807
20141	1115	48433	326	348	0	50222
20142	45930	644	168	200	0	46942
20143	752	46013	252	215	0	47232
20144	43873	562	161	98	0	44694
20145	644	334	42584	51	0	43613
20146	352	59	471	40114	0	40996
20147	164	54	271	37319	0	37808
20148	81	40393	74	642	0	41190
20149	40536	450	43	264	0	41293
20150	40751	264	30	67	0	41112
20151	748	61	40	40072	0	40921
20152	364	78	36	40551	0	41029
20153	40156	46	37	712	0	40951
20154	546	60	41	40180	0	40827
20155	334	58	51	40517	0	40960
20156	40146	55	30	717	0	40948
20157	553	58	35	40077	0	40723
20158	40212	45	61	521	0	40839
20159	40211	33	46	326	0	40616
20160	768	45	40028	114	0	40955
20161	39928	47	446	129	0	40550
20162	39394	44	263	102	0	39803
20163	39597	45	71	106	0	39819
20164	851	53	38501	102	0	39507
20165	416	55	466	37091	0	38028
20166	214	80	275	38301	0	38870
20167	172	75	37956	740	0	38943
20168	36796	43	479	353	0	37671
20169	600	40	287	37031	0	37958
20170	400	82	36860	543	0	37885
20171	201	70	37465	341	0	38077
20172	190	55	707	37119	0	38071
20173	220	63	37857	545	0	38685
20174	228	40	562	37007	0	37837
20175	253	50	316	37524	0	38143
20176	248	66	37344	802	0	38460
20177	261	97	545	33970	0	34873
20178	209	36210	340	569	0	37328
20179	161	37476	165	418	0	38220
20180	36839	716	122	166	0	37843
20181	36296	316	204	185	0	37001
20182	825	36638	155	248	0	37866
20183	36738	518	106	193	0	37555
20184	36655	332	118	166	0	37271
20185	967	135	113	36086	0	37301
20186	549	115	95	36873	0	37632
20187	35962	127	103	859	0	37051
20188	687	35829	132	511	0	37159
20189	513	36460	134	278	0	37385
20190	364	833	137	35940	0	37274
20191	337	360	36423	670	0	37790
20192	35066	157	557	499	0	36279
20193	36063	129	354	321	0	36867
20194	34653	144	149	262	0	35208
20195	1093	35435	120	244	0	36892
20196	690	584	137	33971	0	35382
20197	487	356	132	35511	0	36486
20198	34837	156	130	942	0	36065
20199	852	34905	154	595	0	36506
20200	665	591	169	34314	0	35739
20201	508	397	131	35002	0	36038
20202	512	197	132	35220	0	36061
20203	34539	204	153	1034	0	35930
20204	1006	34346	205	643	0	36200
20205	774	768	178	31434	0	33154
20206	502	34240	213	783	0	35738
20207	33760	627	231	573	0	35191
20208	932	381	33534	442	0	35289
20209	32475	198	650	479	0	33802
20210	834	177	32328	518	0	33857
20211	712	356	671	29918	0	31657
20212	30181	163	454	820	0	31618
20213	842	158	29996	609	0	31605
20214	29975	111	565	445	0	31096
20215	30337	94	420	461	0	31312
20216	30481	74	249	427	0	31231
20217	1107	91	235	29140	0	30573
20218	670	114	224	29259	0	30267
20219	464	102	237	29785	0	30588
20220	28727	93	214	1021	0	30055
20221	835	28939	257	692	0	30723
20222	28586	443	294	369	0	29692
20223	28916	304	247	354	0	29821
20224	989	192	28319	308	0	29808
20225	28324	139	597	330	0	29390
20226	29078	118	440	346	0	29982
20227	1019	129	296	28571	0	30015
20228	636	152	299	28916	0	30003
20229	405	118	262	29100	0	29885
20230	27909	145	276	926	0	29256
20231	27437	138	269	607	0	28451
20232	25677	107	249	405	0	26438
20233	730	24504	265	426	0	25925
20234	361	21818	227	286	0	22692
20235	182	21986	233	297	0	22698
20236	21611	460	227	322	0	22620
20237	485	248	21368	290	0	22391
20238	279	129	17339	236	0	17983
20239	10616	20	232	78	0	10946
20240	120	23	11438	69	0	11650
20241	50	5	52	8592	0	8699
20242	23	9192	38	43	0	9296
20243	9315	52	11	43	0	9421
20244	9310	40	7	22	0	9379
20245	9344	21	5	29	0	9399
20246	108	8	10	9911	0	10037
20247	68	18	10370	50	0	10506
20248	35	17	10089	36	0	10177
20249	10133	12	73	19	0	10237
20250	10532	5	39	22	0	10598
20251	10378	9	14	18	0	10419
20252	93	10	6	10504	0	10613
20253	58	1	7	10622	0	10688
20254	37	13	10566	78	0	10694
20255	10166	13	45	62	0	10286
20256	54	10	36	10905	0	11005
20257	53	7	8	10805	0	10873
20258	22	14	12	10830	0	10878
20259	21	10945	14	84	0	11064
20260	28	47	9	10818	0	10902
20261	26	38	13	10837	0	10914
20262	10674	19	11	90	0	10794
20263	65	15	10544	45	0	10669
20264	10112	8	54	37	0	10211
20265	10812	3	36	29	0	10880
20266	81	11	13	10758	0	10863
20267	59	6	9	10792	0	10866
20268	10662	9	9	84	0	10764
20269	69	27	10553	46	0	10695
20270	57	10688	53	36	0	10834
20271	33	43	32	10461	0	10569
20272	10387	32	23	56	0	10498
20273	60	6	12	10135	0	10213
20274	54	12	10063	54	0	10183
20275	29	19	9978	65	0	10091
20276	9847	8	67	30	0	9952
20277	50	7	37	10472	0	10566
20278	57	9	10467	50	0	10583
20279	10080	3	34	56	0	10173
20280	10865	6	34	50	0	10955
20281	71	10	13	10857	0	10951
20282	54	4	7	10833	0	10898
20283	18	10941	15	74	0	11048
20284	11391	33	12	65	0	11501
20285	57	31	4	11362	0	11454
20286	62	14	7	11477	0	11560
20287	25	19	11579	71	0	11694
20288	10505	11	36	66	0	10618
20289	11317	2	32	37	0	11388
20290	71	11327	17	46	0	11461
20291	38	30	10946	22	0	11036
20292	31	26	10833	11	0	10901
20293	13	89	54	10465	0	10621
20294	11543	6	31	58	0	11638
20295	31	7	7	11648	0	11693
20296	12589	2	3	58	0	12652
20297	12641	6	3	32	0	12682
20298	12900	19	8	21	0	12948
20299	36	7	7	13229	0	13279
20300	30	6	6	13360	0	13402
20301	13413	3	5	49	0	13470
20302	31	8	13821	16	0	13876
20303	12355	9	17	29	0	12410
20304	12968	3	15	20	0	13006
20305	23	13	13955	8	0	13999
20306	19	10	13900	13	0	13942
20307	6	14046	29	17	0	14098
20308	21	16	8	14120	0	14165
20309	11730	36	57	71	0	11894
20310	12	2	6	14182	0	14202
20311	16	17	14604	24	0	14661
20312	4	14565	15	36	0	14620
20313	8	15047	13	20	0	15088
20314	17	18	3	15531	0	15569
20315	19	8	8	15329	0	15364
20316	4	15726	9	32	0	15771
20317	17	16	15537	25	0	15595
20318	14008	14	9	31	0	14062
20319	15786	4	15	22	0	15827
20320	20	15977	17	20	0	16034
20321	15625	20	4	19	0	15668
20322	20	34	4	15400	0	15458
20323	15544	3	7	41	0	15595
20324	18	3	5	15399	0	15425
20325	18	16696	12	41	0	16767
20326	24	45	16746	44	0	16859
20327	10	17	37	17823	0	17887
20328	12	4	20	17931	0	17967
20329	11	2	4	19018	0	19035
20330	19691	3	3	87	0	19784
20331	75	3	5	19798	0	19881
20332	85	23	21289	83	0	21480
20333	28	34	21948	58	0	22068
20334	21916	3	176	41	0	22136
20335	107	25	23249	23	0	23404
20336	22714	3	116	32	0	22865
20337	124	5	97	25217	0	25443
20338	119	10	22	25708	0	25859
20339	31	2	33	27305	0	27371
20340	21	3	14	27324	0	27362
20341	26924	2	9	337	0	27272
20342	200	29	27383	176	0	27788
20343	182	11	183	26385	0	26761
20344	26	27799	182	191	0	28198
20345	27564	174	19	173	0	27930
20346	194	179	12	27123	0	27508
20347	26861	16	15	206	0	27098
20348	226	41	26743	178	0	27188
20349	192	18	193	25152	0	25555
20350	29	26584	179	186	0	26978
20351	26674	178	29	169	0	27050
20352	220	171	26789	51	0	27231
20353	177	20	193	26042	0	26432
20354	51	14	161	26774	0	27000
20355	26640	10	48	347	0	27045
20356	224	30	26769	192	0	27215
20357	195	29	26965	53	0	27242
20358	54	20	347	26472	0	26893
20359	63	27	27273	232	0	27595
20360	57	31	27516	218	0	27822
20361	61	22	382	26684	0	27149
20362	48	13	214	27111	0	27386
20363	46	27	63	28279	0	28415
20364	28081	19	47	395	0	28542
20365	219	28413	57	249	0	28938
20366	28391	207	41	83	0	28722
20367	250	185	33	27840	0	28308
20368	211	28653	67	270	0	29201
20369	71	211	40	29389	0	29711
20370	29319	192	51	297	0	29859
20371	243	30964	60	301	0	31568
20372	241	280	36	31606	0	32163
20373	86	255	31983	340	0	32664
20374	30962	40	309	308	0	31619
20375	332	37	257	31852	0	32478
20376	286	35	61	32078	0	32460
20377	119	43	31737	580	0	32479
20378	73	68	31512	328	0	31981
20379	30151	47	549	164	0	30911
20380	340	31090	333	136	0	31899
20381	328	306	98	30917	0	31649
20382	31179	251	73	384	0	31887
20383	358	62	31321	357	0	32098
20384	296	31022	381	148	0	31847
20385	102	321	314	30887	0	31624
20386	30985	247	114	406	0	31752
20387	30587	68	95	345	0	31095
20388	30892	50	96	187	0	31225
20389	588	30572	103	188	0	31451
20390	340	330	30648	154	0	31472
20391	117	264	371	30619	0	31371
20392	132	71	311	28758	0	29272
20393	156	56	101	31081	0	31394
20394	116	59	101	30747	0	31023
20395	30130	51	138	635	0	30954
20396	29103	67	113	399	0	29682
20397	630	83	29150	180	0	30043
20398	348	84	28795	185	0	29412
20399	27693	54	589	190	0	28526
20400	28361	59	357	174	0	28951
20401	636	65	122	27207	0	28030
20402	362	28014	129	438	0	28943
20403	27728	328	93	403	0	28552
20404	399	27788	153	220	0	28560
20405	339	27584	130	218	0	28271
20406	149	585	98	27712	0	28544
20407	167	305	105	28060	0	28637
20408	149	91	127	28188	0	28555
20409	165	93	95	28168	0	28521
20410	180	86	27442	684	0	28392
20411	26277	79	409	414	0	27179
20412	27262	88	338	191	0	27879
20413	662	105	137	26210	0	27114
20414	393	69	119	26207	0	26788
20415	26081	80	109	680	0	26950
20416	446	92	25595	424	0	26557
20417	25721	69	399	174	0	26363
20418	26118	85	333	163	0	26699
20419	643	131	25704	187	0	26665
20420	25964	75	389	215	0	26643
20421	428	57	345	26268	0	27098
20422	404	64	137	26508	0	27113
20423	177	78	132	26505	0	26892
20424	224	59	113	26517	0	26913
20425	24763	66	126	638	0	25593
20426	462	62	153	24384	0	25061
20427	331	64	112	22549	0	23056
20428	153	21770	116	622	0	22661
20429	132	21899	101	401	0	22533
20430	140	431	62	21294	0	21927
20431	21070	223	75	392	0	21760
20432	363	74	92	19718	0	20247
20433	272	65	18313	323	0	18973
20434	151	62	17231	244	0	17688
20435	16463	65	390	136	0	17054
20436	300	17114	227	121	0	17762
20437	15319	183	148	127	0	15777
20438	277	162	15379	84	0	15902
20439	280	461	277	13609	0	14627
20440	13639	33	199	195	0	14066
20441	168	13646	76	178	0	14068
20442	13397	143	42	83	0	13665
20443	204	133	14734	73	0	15144
20444	171	28	145	14344	0	14688
20445	87	30	131	14708	0	14956
20446	14925	28	77	289	0	15319
20447	14971	28	51	145	0	15195
20448	15447	48	40	86	0	15621
20449	15549	39	22	82	0	15692
20450	15559	38	47	77	0	15721
20451	250	15630	46	90	0	16016
20452	149	151	39	15649	0	15988
20453	15992	107	35	188	0	16322
20454	211	35	25	15938	0	16209
20455	166	20	33	15847	0	16066
20456	88	25	36	15813	0	15962
20457	84	15552	45	250	0	15931
20458	15606	152	33	143	0	15934
20459	182	140	34	15402	0	15758
20460	14953	24	44	186	0	15207
20461	14521	14	20	181	0	14736
20462	221	14655	37	110	0	15023
20463	14597	109	21	84	0	14811
20464	189	121	14410	60	0	14780
20465	13949	22	139	55	0	14165
20466	199	53	123	14143	0	14518
20467	156	23	14837	136	0	15152
20468	86	14986	111	157	0	15340
20469	112	118	14575	66	0	14871
20470	56	13959	89	54	0	14158
20471	12654	145	277	45	0	13121
20472	12799	33	9	51	0	12892
20473	12504	11	21	31	0	12567
20474	52	12750	13	29	0	12844
20475	12535	22	9	26	0	12592
20476	48	30	12781	11	0	12870
20477	36	53	13001	12	0	13102
20478	9	99	38	12676	0	12822
20479	35	5	14	13518	0	13572
20480	9	13648	21	50	0	13728
20481	13815	26	5	33	0	13879
20482	37	17	5	13844	0	13903
20483	21	14055	22	38	0	14136
20484	14	36	6	14345	0	14401
20485	14361	27	5	56	0	14449
20486	13989	5	11	42	0	14047
20487	67	28	13621	15	0	13731
20488	35	7	31	13532	0	13605
20489	27	29	13786	49	0	13891
20490	17	12	33	13842	0	13904
20491	29	24	14170	59	0	14282
20492	14	7	42	13901	0	13964
20493	28	22	14303	47	0	14400
20494	23	8	44	13991	0	14066
20495	37	45	14617	58	0	14757
20496	31	13	44	14451	0	14539
20497	21	7	36	14905	0	14969
20498	5	15693	17	89	0	15804
20499	6	51	6	16016	0	16079
20500	22	45	15889	66	0	16022
20501	21	13	49	15644	0	15727
20502	13	20	38	15895	0	15966
20503	15999	6	7	109	0	16121
20504	50	4	12	16266	0	16332
20505	50	6	7	16289	0	16352
20506	25	41	15949	102	0	16117
20507	15043	14	51	73	0	15181
20508	64	3	38	16424	0	16529
20509	53	11	14	16510	0	16588
20510	19	4	22	16670	0	16715
20511	16630	13	18	116	0	16777
20512	49	5	21	16854	0	16929
20513	44	11	17	16889	0	16961
20514	16709	1	23	112	0	16845
20515	63	16806	19	94	0	16982
20516	52	60	19	16599	0	16730
20517	22	41	17	16678	0	16758
20518	28	23	16346	125	0	16522
20519	12352	21	78	147	0	12598
20520	65	14	42	16192	0	16313
20521	59	30	15894	104	0	16087
20522	15775	8	64	95	0	15942
20523	64	5	51	16807	0	16927
20524	52	7	13	17341	0	17413
20525	12	10	10	17453	0	17485
20526	29	4	12	17737	0	17782
20527	27	25	19114	158	0	19324
20528	17	6	110	18925	0	19058
20529	24	6	75	23765	0	23870
20530	49	32	27618	357	0	28056
20531	28061	11	411	201	0	28684
20532	29622	45	257	95	0	30019
20533	29876	9	69	56	0	30010
20534	776	7	34	29336	0	30153
20535	29765	12	19	472	0	30268
20536	29915	12	16	344	0	30287
20537	780	9	19	30020	0	30828
20538	30462	18	16	491	0	30987
20539	30091	9	16	334	0	30450
20540	30223	12	14	111	0	30360
20541	30407	7	26	68	0	30508
20542	841	11	19	29050	0	29921
20543	399	28090	53	469	0	29011
20544	136	28493	51	323	0	29003
20545	83	29063	41	124	0	29311
20546	28031	759	14	114	0	28918
20547	28787	377	19	79	0	29262
20548	795	146	28408	63	0	29412
20549	28631	46	465	82	0	29224
20550	584	26	325	29410	0	30345
20551	430	12	79	29420	0	29941
20552	174	15	51	29975	0	30215
20553	28919	9	29	885	0	29842
20554	539	15	27	28995	0	29576
20555	399	28663	54	602	0	29718
20556	157	465	19	29312	0	29953
20557	137	344	29885	590	0	30956
20558	127	79	482	30071	0	30759
20559	29940	53	333	597	0	30923
20560	650	57	30072	409	0	31188
20561	444	31	518	29800	0	30793
20562	182	46	333	29638	0	30199
20563	169	66	84	30055	0	30374
20564	115	30369	77	843	0	31404
20565	135	481	49	30803	0	31468
20566	30371	350	94	655	0	31470
20567	29872	99	59	438	0	30468
20568	908	94	29524	174	0	30700
20569	502	51	29909	153	0	30615
20570	242	38	806	29241	0	30327
20571	178	43	405	30227	0	30853
20572	159	63	30674	910	0	31806
20573	195	81	560	27798	0	28634
20574	133	30377	388	625	0	31523
20575	31164	541	95	458	0	32258
20576	30871	354	103	173	0	31501
20577	30797	93	69	198	0	31157
20578	1060	96	30527	170	0	31853
20579	581	42	579	30518	0	31720
20580	302	53	30825	665	0	31845
20581	29161	51	620	501	0	30333
20582	648	30509	420	276	0	31853
20583	476	548	121	30138	0	31283
20584	30299	373	87	667	0	31426
20585	684	128	71	30320	0	31203
20586	503	112	69	30990	0	31674
20587	270	69	30379	987	0	31705
20588	28119	64	608	584	0	29375
20589	705	30573	469	271	0	32018
20590	557	520	155	30746	0	31978
20591	30615	341	105	699	0	31760
20592	720	123	91	30853	0	31787
20593	30608	113	74	756	0	31551
20594	776	30886	99	574	0	32335
20595	31160	554	66	271	0	32051
20596	837	412	31093	229	0	32571
20597	30935	111	638	217	0	31901
20598	31073	90	418	204	0	31785
20599	31265	77	200	240	0	31782
20600	1169	79	157	30357	0	31762
20601	701	121	106	30055	0	30983
20602	416	136	75	30452	0	31079
20603	315	30139	98	1070	0	31622
20604	30234	581	92	638	0	31545
20605	825	386	98	30011	0	31320
20606	652	123	118	30209	0	31102
20607	397	93	128	30559	0	31177
20608	29583	92	136	1075	0	30886
20609	763	85	109	29895	0	30852
20610	552	142	29174	895	0	30763
20611	272	29518	596	717	0	31103
20612	262	652	384	29744	0	31042
20613	230	508	164	30232	0	31134
20614	245	209	132	30969	0	31555
20615	284	153	29952	1097	0	31486
20616	325	82	30007	662	0	31076
20617	253	68	987	30040	0	31348
20618	301	85	31736	855	0	32977
20619	248	66	697	32036	0	33047
20620	32122	89	448	966	0	33625
20621	33105	90	184	738	0	34117
20622	33202	126	132	417	0	33877
20623	1135	170	32294	336	0	33935
20624	31180	113	628	288	0	32209
20625	895	122	482	32102	0	33601
20626	625	81	32179	760	0	33645
20627	326	61	31572	556	0	32515
20628	225	31219	994	402	0	32840
20629	143	27044	449	229	0	27865
20630	22293	356	706	120	0	23475
20631	240	115	71	21681	0	22107
20632	143	57	22251	206	0	22657
20633	62	26	176	22444	0	22708
20634	22717	36	122	220	0	23095
20635	218	63	24182	168	0	24631
20636	23860	20	214	125	0	24219
20637	25557	25	141	94	0	25817
20638	25381	22	41	73	0	25517
20639	357	25353	56	79	0	25845
20640	25995	202	39	91	0	26327
20641	271	141	35	26000	0	26447
20642	202	39	38	26036	0	26315
20643	93	21	35	26368	0	26517
20644	74	21	38	26401	0	26534
20645	25633	16	41	405	0	26095
20646	247	25416	58	254	0	25975
20647	152	24763	45	85	0	25045
20648	61	25280	53	85	0	25479
20649	25104	305	53	85	0	25547
20650	25184	138	30	72	0	25424
20651	25064	43	33	67	0	25207
20652	25049	30	36	58	0	25173
20653	349	38	32	25064	0	25483
20654	204	24	31	25262	0	25521
20655	25186	30	35	345	0	25596
20656	219	25333	39	198	0	25789
20657	24560	195	42	90	0	24887
20658	24863	127	32	89	0	25111
20659	339	47	26	24611	0	25023
20660	180	25244	47	236	0	25707
20661	97	233	39	25598	0	25967
20662	25188	141	19	284	0	25632
20663	281	71	25899	180	0	26431
20664	196	100	207	24134	0	24637
20665	69	25513	160	236	0	25978
20666	25177	210	53	168	0	25608
20667	24271	144	39	81	0	24535
20668	383	58	25339	72	0	25852
20669	205	24855	229	83	0	25372
20670	158	208	25092	56	0	25514
20671	102	163	237	23966	0	24468
20672	77	69	24449	220	0	24815
20673	113	78	23851	157	0	24199
20674	68	23851	294	85	0	24298
20675	23340	176	138	91	0	23745
20676	23393	146	68	82	0	23689
20677	290	24780	57	119	0	25246
20678	188	24748	41	88	0	25065
20679	104	305	23358	59	0	23826
20680	109	181	23393	63	0	23746
20681	86	93	24214	65	0	24458
20682	79	51	302	23840	0	24272
20683	111	91	24684	205	0	25091
20684	98	41	230	23753	0	24122
20685	91	54	146	23987	0	24278
20686	108	75	24697	332	0	25212
20687	72	24585	204	222	0	25083
20688	99	209	157	24318	0	24783
20689	23995	150	60	243	0	24448
20690	238	58	51	24359	0	24706
20691	209	88	24768	241	0	25306
20692	94	24918	230	221	0	25463
20693	105	26209	175	107	0	26596
20694	115	344	59	25369	0	25887
20695	25426	190	71	239	0	25926
20696	25317	73	55	206	0	25651
20697	387	63	57	24725	0	25232
20698	246	26343	56	305	0	26950
20699	125	261	56	26614	0	27056
20700	108	185	57	27376	0	27726
20701	108	97	45	27595	0	27845
20702	28713	49	63	469	0	29294
20703	337	29076	80	305	0	29798
20704	29633	326	58	140	0	30157
20705	30001	244	60	115	0	30420
20706	29964	96	60	93	0	30213
20707	30638	71	60	91	0	30860
20708	589	81	45	29912	0	30627
20709	369	103	30224	355	0	31051
20710	153	30285	330	332	0	31100
20711	30498	321	265	152	0	31236
20712	31083	272	90	120	0	31565
20713	31401	109	64	98	0	31672
20714	649	103	30702	86	0	31540
20715	30146	74	337	84	0	30641
20716	30828	71	296	73	0	31268
20717	620	83	88	30773	0	31564
20718	377	89	29611	357	0	30434
20719	178	29061	373	319	0	29931
20720	147	333	339	28917	0	29736
20721	28578	286	89	411	0	29364
20722	375	98	60	28683	0	29216
20723	309	65	78	29317	0	29769
20724	30282	62	65	574	0	30983
20725	460	82	29764	322	0	30628
20726	29761	65	353	152	0	30331
20727	29348	62	307	121	0	29838
20728	29269	63	114	102	0	29548
20729	29194	70	86	113	0	29463
20730	720	89	28244	80	0	29133
20731	433	75	351	27626	0	28485
20732	195	111	28361	384	0	29051
20733	148	68	397	27623	0	28236
20734	150	69	27892	416	0	28527
20735	24755	55	406	323	0	25539
20736	384	25159	342	178	0	26063
20737	320	25743	118	113	0	26294
20738	209	541	79	27285	0	28114
20739	189	298	70	27038	0	27595
20740	153	29813	80	649	0	30695
20741	29953	436	65	348	0	30802
20742	31389	309	49	135	0	31882
20743	32299	83	56	120	0	32558
20744	33746	58	74	90	0	33968
20745	962	50	56	33145	0	34213
20746	536	56	59	34098	0	34749
20747	33932	39	56	936	0	34963
20748	708	32	58	33764	0	34562
20749	535	85	33029	647	0	34296
20750	266	63	33181	491	0	34001
20751	220	54	901	33312	0	34487
20752	197	51	33631	643	0	34522
20753	32480	32	678	493	0	33683
20754	649	52	471	33111	0	34283
20755	33557	62	162	635	0	34416
20756	738	77	33226	515	0	34556
20757	574	67	620	32911	0	34172
20758	268	89	33539	676	0	34572
20759	202	33112	683	516	0	34513
20760	32720	571	514	202	0	34007
20761	32819	418	166	213	0	33616
20762	1027	32432	145	201	0	33805
20763	32322	547	79	179	0	33127
20764	769	444	92	31666	0	32971
20765	626	126	136	32175	0	33063
20766	31624	85	98	997	0	32804
20767	733	31164	120	603	0	32620
20768	641	31601	140	283	0	32665
20769	339	909	116	30985	0	32349
20770	30848	489	115	659	0	32111
20771	31418	164	134	530	0	32246
20772	31693	135	107	236	0	32171
20773	1214	117	30858	220	0	32409
20774	778	144	30641	264	0	31827
20775	374	30612	1014	226	0	32226
20776	30628	580	554	213	0	31975
20777	830	442	226	29537	0	31035
20778	30163	153	190	680	0	31186
20779	30075	135	169	565	0	30944
20780	1228	123	183	29437	0	30971
20781	799	132	29537	743	0	31211
20782	29281	117	645	606	0	30649
20783	870	106	510	29337	0	30823
20784	697	122	29342	788	0	30949
20785	28880	108	650	656	0	30294
20786	29588	95	538	357	0	30578
20787	1184	107	238	29172	0	30701
20788	798	108	29173	800	0	30879
20789	445	118	679	27602	0	28844
20790	437	28993	589	799	0	30818
20791	511	589	28756	599	0	30455
20792	398	29108	723	332	0	30561
20793	28216	600	583	278	0	29677
20794	28392	506	300	261	0	29459
20795	28631	179	240	267	0	29317
20796	28571	128	264	272	0	29235
20797	1361	155	193	27407	0	29116
20798	26676	138	234	678	0	27726
20799	909	150	179	26160	0	27398
20800	25218	107	201	767	0	26293
20801	851	24888	240	693	0	26672
20802	630	519	145	22378	0	23672
20803	395	23283	169	591	0	24438
20804	23102	510	158	518	0	24288
20805	22706	438	143	255	0	23542
20806	964	22315	179	265	0	23723
20807	617	487	144	22112	0	23360
20808	376	397	21969	570	0	23312
20809	339	211	528	21842	0	22920
20810	359	180	21899	605	0	23043
20811	409	200	525	19119	0	20253
20812	289	21007	448	515	0	22259
20813	21030	441	214	404	0	22089
20814	21238	369	158	237	0	22002
20815	907	147	132	21012	0	22198
20816	22527	124	170	556	0	23377
20817	736	125	120	22124	0	23105
20818	599	124	142	22304	0	23169
20819	361	122	132	22835	0	23450
20820	22843	120	144	850	0	23957
20821	23031	90	127	531	0	23779
20822	23070	105	122	301	0	23598
20823	883	22172	164	230	0	23449
20824	21467	414	119	204	0	22204
20825	625	21375	131	188	0	22319
20826	21540	430	130	186	0	22286
20827	613	329	104	20891	0	21937
20828	539	143	132	21345	0	22159
20829	21055	143	98	706	0	22002
20830	21033	123	97	400	0	21653
20831	781	20981	113	232	0	22107
20832	20786	407	79	206	0	21478
20833	637	302	84	20183	0	21206
20834	515	116	71	20513	0	21215
20835	20140	99	81	708	0	21028
20836	609	117	19745	421	0	20892
20837	466	19143	360	234	0	20203
20838	297	296	245	16596	0	17434
20839	186	210	15521	287	0	16204
20840	183	339	206	14466	0	15194
20841	14430	43	183	300	0	14956
20842	250	13255	79	245	0	13829
20843	192	12465	49	115	0	12821
20844	89	11441	77	60	0	11667
20845	203	379	183	10636	0	11401
20846	10830	65	55	127	0	11077
20847	114	28	7	10622	0	10771
20848	10489	32	9	106	0	10636
20849	10480	16	14	77	0	10587
20850	153	11	9	10353	0	10526
20851	10478	24	11	113	0	10626
20852	132	12	11	10602	0	10757
20853	84	28	10975	106	0	11193
20854	10512	19	85	80	0	10696
20855	121	21	12245	43	0	12430
20856	11342	16	103	48	0	11509
20857	124	26	11808	40	0	11998
20858	73	10	70	11124	0	11277
20859	32	20	49	11378	0	11479
20860	11569	20	7	127	0	11723
20861	88	16	8	11901	0	12013
20862	11859	12	6	111	0	11988
20863	90	11955	72	71	0	12188
20864	12401	77	9	41	0	12528
20865	100	59	14	12727	0	12900
20866	70	18	6	12833	0	12927
20867	30	10	9	12859	0	12908
20868	38	12	9	12822	0	12881
20869	30	23	12680	133	0	12866
20870	28	25	12450	65	0	12568
20871	32	14	116	12468	0	12630
20872	29	20	12920	85	0	13054
20873	20	12876	94	88	0	13078
20874	28	83	59	12910	0	13080
20875	39	61	13429	87	0	13616
20876	32	26	13339	78	0	13475
20877	31	12	114	13499	0	13656
20878	27	10	57	13629	0	13723
20879	13	13955	24	151	0	14143
20880	38	85	11	14147	0	14281
20881	28	74	14435	108	0	14645
20882	13683	15	95	74	0	13867
20883	116	11	73	14628	0	14828
20884	14818	11	28	132	0	14989
20885	14634	17	17	107	0	14775
20886	14825	18	25	49	0	14917
20887	170	29	15275	31	0	15505
20888	99	32	14945	28	0	15104
20889	13278	17	164	68	0	13527
20890	131	21	15240	40	0	15432
20891	110	21	109	14607	0	14847
20892	36	17	81	14991	0	15125
20893	45	31	15096	187	0	15359
20894	31	15102	122	116	0	15371
20895	14765	101	86	53	0	15005
20896	107	15067	53	63	0	15290
20897	83	15259	38	73	0	15453
20898	15080	162	57	37	0	15336
20899	123	97	15907	39	0	16166
20900	103	77	15814	48	0	16042
20901	41	19	202	15325	0	15587
20902	15616	18	111	138	0	15883
20903	119	15763	53	135	0	16070
20904	15844	109	37	47	0	16037
20905	139	104	15995	44	0	16282
20906	96	17328	161	69	0	17654
20907	47	147	103	17816	0	18113
20908	46	119	18333	193	0	18691
20909	53	28	175	18345	0	18601
20910	55	33	127	17516	0	17731
20911	62	26	43	18735	0	18866
20912	55	23	31	18806	0	18915
20913	18416	21	51	303	0	18791
20914	18127	24	37	157	0	18345
20915	290	30	18625	57	0	19002
20916	16958	19	207	61	0	17245
20917	198	17375	187	68	0	17828
20918	17527	149	69	72	0	17817
20919	189	149	17539	67	0	17944
20920	161	114	186	16594	0	17055
20921	75	40	17450	194	0	17759
20922	76	46	17111	152	0	17385
20923	102	58	301	16434	0	16895
20924	59	32	169	16726	0	16986
20925	64	38	16763	312	0	17177
20926	50	16368	206	202	0	16826
20927	68	16744	174	76	0	17062
20928	52	309	71	16569	0	17001
20929	16155	144	62	227	0	16588
20930	173	16930	79	222	0	17404
20931	169	180	17010	83	0	17442
20932	78	138	16962	84	0	17262
20933	67	50	17194	99	0	17410
20934	65	54	313	16239	0	16671
20935	16727	51	192	217	0	17187
20936	193	16761	102	212	0	17268
20937	206	182	16562	109	0	17059
20938	66	16710	241	101	0	17118
20939	78	192	183	16528	0	16981
20940	90	160	16761	225	0	17236
20941	68	16688	252	226	0	17234
20942	79	179	198	16369	0	16825
20943	69	160	89	16921	0	17239
20944	92	75	17053	324	0	17544
20945	88	67	235	15947	0	16337
20946	74	16854	220	255	0	17403
20947	80	204	16838	199	0	17321
20948	16273	162	221	125	0	16781
20949	215	75	205	16948	0	17443
20950	191	62	126	16509	0	16888
20951	87	17026	100	350	0	17563
20952	16704	183	107	228	0	17222
20953	224	152	16312	79	0	16767
20954	15893	75	245	101	0	16314
20955	196	70	174	15025	0	15465
20956	142	15302	112	225	0	15781
20957	86	175	142	15196	0	15599
20958	61	143	88	15861	0	16153
20959	15613	72	85	388	0	16158
20960	15673	58	93	215	0	16039
20961	313	61	82	15818	0	16274
20962	172	61	15773	242	0	16248
20963	14259	64	235	212	0	14770
20964	197	15489	195	101	0	15982
20965	174	237	85	15239	0	15735
20966	71	169	68	15761	0	16069
20967	66	62	77	15902	0	16107
20968	69	80	15648	359	0	16156
20969	80	61	226	15009	0	15376
20970	50	15533	237	257	0	16077
20971	87	190	105	14696	0	15078
20972	66	15224	117	240	0	15647
20973	84	242	68	15073	0	15467
20974	49	182	14888	272	0	15391
20975	13253	62	235	221	0	13771
20976	229	62	178	14575	0	15044
20977	160	62	14325	230	0	14777
20978	62	14173	217	213	0	14665
20979	14078	184	169	115	0	14546
20980	181	148	13998	148	0	14475
20981	13292	121	246	83	0	13742
20982	183	50	157	13798	0	14188
20983	136	43	85	13505	0	13769
20984	59	13924	73	269	0	14325
20985	13703	166	65	164	0	14098
20986	13333	121	65	79	0	13598
20987	229	13661	64	77	0	14031
20988	138	197	54	13682	0	14071
20989	50	139	51	13740	0	13980
20990	55	53	62	13757	0	13927
20991	54	41	13469	297	0	13861
20992	12689	39	180	202	0	13110
20993	158	54	141	13409	0	13762
20994	138	56	60	13496	0	13750
20995	61	74	13379	282	0	13796
20996	51	61	13274	185	0	13571
20997	53	80	251	13394	0	13778
20998	71	54	13561	206	0	13892
20999	12114	20	180	158	0	12472
21000	147	31	144	12872	0	13194
21001	127	51	60	13237	0	13475
21002	73	54	13807	264	0	14198
21003	41	55	155	14067	0	14318
21004	57	36	14291	212	0	14596
21005	39	13843	171	189	0	14242
21006	12074	194	267	142	0	12677
21007	11654	73	78	58	0	11863
21008	144	11727	28	65	0	11964
21009	85	87	28	11573	0	11773
21010	41	87	11704	118	0	11950
21011	29	29	94	11606	0	11758
21012	11544	8	77	136	0	11765
21013	102	11685	45	94	0	11926
21014	11586	79	26	61	0	11752
21015	110	65	30	11518	0	11723
21016	11517	30	14	114	0	11675
21017	105	11434	23	112	0	11674
21018	11459	98	18	41	0	11616
21019	119	78	11127	36	0	11360
21020	66	11342	105	44	0	11557
21021	29	86	59	10876	0	11050
21022	11463	55	58	83	0	11659
21023	11493	24	19	62	0	11598
21024	126	18	19	11525	0	11688
21025	11685	17	8	90	0	11800
21026	11558	19	8	76	0	11661
21027	11909	17	17	58	0	12001
21028	137	7	16	11907	0	12067
21029	71	19	12076	91	0	12257
21030	34	33	11607	55	0	11729
21031	26	31	11804	38	0	11899
21032	11531	11	125	28	0	11695
21033	82	12	76	11716	0	11886
21034	58	12208	45	118	0	12429
21035	50	81	14	11832	0	11977
21036	17	12565	30	100	0	12712
21037	12592	88	19	71	0	12770
21038	101	62	13	12790	0	12966
21039	82	31	13	13206	0	13332
21040	13317	16	20	146	0	13499
21041	107	9	12	13690	0	13818
21042	85	10	28	13869	0	13992
21043	14100	12	28	161	0	14301
21044	117	29	14446	103	0	14695
21045	113	11	112	14293	0	14529
21046	54	32	14551	130	0	14767
21047	13867	17	130	133	0	14147
21048	125	13	99	14623	0	14860
21049	14435	13	39	134	0	14621
21050	139	13	23	14666	0	14841
21051	102	30	15198	146	0	15476
21052	49	19	114	15429	0	15611
21053	15513	13	98	154	0	15778
21054	130	15794	39	185	0	16148
21055	115	131	15733	61	0	16040
21056	14630	90	120	48	0	14888
21057	128	15981	120	59	0	16288
21058	101	15893	32	46	0	16072
21059	30	17029	28	32	0	17119
21060	72	184	10	17968	0	18234
21061	18691	92	21	141	0	18945
21062	19128	14	22	124	0	19288
21063	267	23	19062	47	0	19399
21064	18557	30	153	45	0	18785
21065	179	18705	130	38	0	19052
21066	192	137	25	18133	0	18487
21067	19416	111	15	155	0	19697
21068	19543	26	23	135	0	19727
21069	19732	15	31	45	0	19823
21070	19503	19	31	32	0	19585
21071	19742	23	20	33	0	19818
21072	281	30	18	19568	0	19897
21073	148	34	19572	172	0	19926
21074	82	22	140	19654	0	19898
21075	72	35	105	19680	0	19892
21076	19633	24	31	267	0	19955
21077	194	19090	44	155	0	19483
21078	19545	158	20	57	0	19780
21079	19639	113	34	55	0	19841
21080	20884	33	37	73	0	21027
21081	21197	21	29	69	0	21316
21082	335	39	20913	46	0	21333
21083	20703	33	163	61	0	20960
21084	21210	23	125	59	0	21417
21085	19539	33	42	88	0	19702
21086	21370	17	34	43	0	21464
21087	342	26	25	20729	0	21122
21088	217	31	20444	191	0	20883
21089	19960	30	173	154	0	20317
21090	218	20684	153	86	0	21141
21091	196	162	43	19882	0	20283
21092	115	21110	48	207	0	21480
21093	99	168	40	21464	0	21771
21094	21753	126	26	218	0	22123
21095	21700	41	42	169	0	21952
21096	21741	38	44	63	0	21886
21097	361	47	21133	58	0	21599
21098	21027	41	181	57	0	21306
21099	272	39	21388	53	0	21752
21100	239	56	21464	48	0	21807
21101	137	38	21877	65	0	22117
21102	148	34	272	20217	0	20671
21103	134	35	145	20900	0	21214
21104	136	25	51	21131	0	21343
21105	110	26	45	21262	0	21443
21106	116	31	49	21010	0	21206
21107	113	40	52	20634	0	20839
21108	102	21231	75	278	0	21686
21109	20798	163	39	184	0	21184
21110	210	21662	58	142	0	22072
21111	200	175	44	21795	0	22214
21112	109	143	43	22105	0	22400
21113	21898	48	48	309	0	22303
21114	249	22018	69	211	0	22547
21115	22174	168	56	94	0	22492
21116	263	146	65	22105	0	22579
21117	232	53	70	22135	0	22490
21118	148	75	63	22348	0	22634
21119	154	71	22133	317	0	22675
21120	147	44	178	22078	0	22447
21121	152	66	22000	229	0	22447
21122	139	59	21246	196	0	21640
21123	170	48	22889	108	0	23215
21124	164	48	280	22566	0	23058
21125	124	50	159	23442	0	23775
21126	135	47	53	23835	0	24070
21127	23934	60	50	363	0	24407
21128	278	56	44	24558	0	24936
21129	24922	47	61	274	0	25304
21130	310	24855	64	307	0	25536
21131	26311	212	43	145	0	26711
21132	27873	153	67	163	0	28256
21133	440	29358	68	137	0	30003
21134	29476	203	45	134	0	29858
21135	29326	160	53	126	0	29665
21136	29321	44	69	105	0	29539
21137	29359	31	65	117	0	29572
21138	495	58	28932	83	0	29568
21139	293	28483	245	108	0	29129
21140	183	219	182	28310	0	28894
21141	27977	141	118	274	0	28510
21142	298	59	28040	210	0	28607
21143	235	27760	226	150	0	28371
21144	140	178	163	25966	0	26447
21145	133	27687	68	206	0	28094
21146	128	209	47	27573	0	27957
21147	144	178	73	27611	0	28006
21148	172	105	27629	277	0	28183
21149	160	88	27153	175	0	27576
21150	24562	48	315	131	0	25056
21151	281	60	27620	82	0	28043
21152	260	59	27370	77	0	27766
21153	146	49	284	26390	0	26869
21154	139	66	188	25986	0	26379
21155	102	27085	110	330	0	27627
21156	121	28951	101	231	0	29404
21157	103	304	29280	105	0	29792
21158	130	282	282	29366	0	30060
21159	93	92	29657	256	0	30098
21160	87	50	27296	175	0	27608
21161	47	27099	303	102	0	27551
21162	83	199	146	26100	0	26528
21163	26396	119	76	177	0	26768
21164	188	45	41	26707	0	26981
21165	26978	26	59	194	0	27257
21166	26955	30	50	152	0	27187
21167	26958	30	45	94	0	27127
21168	310	57	26934	58	0	27359
21169	26487	30	177	72	0	26766
21170	226	30	126	27501	0	27883
21171	27537	28	54	210	0	27829
21172	27431	35	48	164	0	27678
21173	288	27508	61	87	0	27944
21174	27685	168	44	90	0	27987
21175	211	144	28210	44	0	28609
21176	26935	57	183	53	0	27228
21177	27540	30	141	99	0	27810
21178	282	28027	65	53	0	28427
21179	27786	163	42	60	0	28051
21180	222	141	32	26675	0	27070
21181	167	53	42	26332	0	26594
21182	81	26668	60	284	0	27093
21183	72	160	52	27054	0	27338
21184	75	138	43	26964	0	27220
21185	86	67	26638	271	0	27062
21186	94	76	26004	159	0	26333
21187	24474	34	284	119	0	24911
21188	26304	35	146	74	0	26559
21189	302	38	64	26616	0	27020
21190	206	61	26755	202	0	27224
21191	85	26498	200	199	0	26982
21192	94	174	157	26362	0	26787
21193	75	167	26729	193	0	27164
21194	24465	54	232	192	0	24943
21195	232	53	163	27507	0	27955
21196	177	28531	104	243	0	29055
21197	107	252	59	28695	0	29113
21198	93	154	66	29107	0	29420
21199	93	59	75	29436	0	29663
21200	28745	47	75	383	0	29250
21201	292	41	62	28616	0	29011
21202	28955	51	73	273	0	29352
21203	28693	44	60	224	0	29021
21204	438	122	28953	111	0	29624
21205	242	29399	267	145	0	30053
21206	180	296	180	25881	0	26537
21207	97	30542	113	309	0	31061
21208	30880	294	82	209	0	31465
21209	339	198	77	30736	0	31350
21210	264	87	30845	314	0	31510
21211	159	78	30619	220	0	31076
21212	148	68	30823	112	0	31151
21213	29123	62	467	106	0	29758
21214	353	30850	252	117	0	31572
21215	30576	293	95	98	0	31062
21216	359	31267	102	128	0	31856
21217	324	324	77	30825	0	31550
21218	162	239	92	30120	0	30613
21219	140	31502	97	608	0	32347
21220	178	340	31403	297	0	32218
21221	116	31955	357	186	0	32614
21222	30913	332	241	132	0	31618
21223	339	237	125	29762	0	30463
21224	283	137	29643	343	0	30406
21225	172	107	29666	256	0	30201
21226	152	77	477	29070	0	29776
21227	158	70	29419	332	0	29979
21228	119	83	28344	236	0	28782
21229	25663	66	475	188	0	26392
21230	281	27403	258	258	0	28200
21231	26271	256	99	91	0	26717
21232	353	213	26147	105	0	26818
21233	224	24904	298	132	0	25558
21234	130	25412	235	108	0	25885
21235	161	419	132	24953	0	25665
21236	97	217	70	25368	0	25752
21237	106	88	66	26028	0	26288
21238	98	93	25733	489	0	26413
21239	112	59	285	25682	0	26138
21240	108	55	222	26372	0	26757
21241	26235	63	84	492	0	26874
21242	317	26093	78	329	0	26817
21243	277	283	67	26965	0	27592
21244	27046	233	67	375	0	27721
21245	26671	103	82	280	0	27136
21246	507	82	72	26478	0	27139
21247	287	81	26923	365	0	27656
21248	141	75	321	26938	0	27475
21249	123	79	27108	392	0	27702
21250	27359	52	373	306	0	28090
21251	29410	61	283	131	0	29885
21252	569	76	118	30571	0	31334
21253	319	74	31267	375	0	32035
21254	129	32599	391	410	0	33529
21255	145	394	33466	122	0	34127
21256	178	617	385	27715	0	28895
21257	67	31341	308	451	0	32167
21258	30230	333	102	244	0	30909
21259	336	269	61	28571	0	29237
21260	243	30028	137	314	0	30722
21261	30548	332	54	273	0	31207
21262	357	257	47	29861	0	30522
21263	262	30889	77	365	0	31593
21264	96	363	55	31079	0	31593
21265	95	281	30560	399	0	31335
21266	28758	71	376	318	0	29523
21267	30070	62	284	101	0	30517
21268	596	81	29826	89	0	30592
21269	288	29768	390	98	0	30544
21270	29936	343	276	70	0	30625
21271	356	277	97	29589	0	30319
21272	295	87	67	29643	0	30092
21273	112	74	55	30058	0	30299
21274	88	52	73	29975	0	30188
21275	74	69	68	29639	0	29850
21276	29080	60	63	630	0	29833
21277	29545	58	58	368	0	30029
21278	574	58	66	29241	0	29939
21279	331	46	70	29935	0	30382
21280	120	78	29442	639	0	30279
21281	96	77	29425	391	0	29989
21282	28571	56	606	152	0	29385
21283	406	58	316	29257	0	30037
21284	340	79	29298	414	0	30131
21285	140	64	375	29028	0	29607
21286	29104	58	301	466	0	29929
21287	29518	57	124	362	0	30061
21288	646	55	94	29059	0	29854
21289	352	54	86	29549	0	30041
21290	29397	55	94	659	0	30205
21291	435	48	83	29042	0	29608
21292	326	29608	105	492	0	30531
21293	149	400	84	29232	0	29865
21294	128	291	88	29068	0	29575
21295	130	97	28204	643	0	29074
21296	115	66	27206	374	0	27761
21297	90	27688	563	186	0	28527
21298	26775	364	411	131	0	27681
21299	26431	255	93	140	0	26919
21300	26554	77	87	123	0	26841
21301	593	26192	92	165	0	27042
21302	313	26539	102	157	0	27111
21303	25684	529	67	136	0	26416
21304	368	26380	94	177	0	27019
21305	324	369	25573	120	0	26386
21306	123	25992	353	154	0	26622
21307	184	380	24695	129	0	25388
21308	23506	252	331	124	0	24213
21309	24311	100	257	137	0	24805
21310	540	24599	126	137	0	25402
21311	24754	317	67	137	0	25275
21312	27351	253	69	125	0	27798
21313	27729	99	66	141	0	28035
21314	681	95	71	27136	0	27983
21315	27633	90	81	453	0	28257
21316	525	127	26731	354	0	27737
21317	26628	83	409	173	0	27293
21318	505	92	311	26738	0	27646
21319	424	94	26652	447	0	27617
21320	223	115	26743	366	0	27447
21321	221	71	622	26194	0	27108
21322	152	95	354	26816	0	27417
21323	26712	96	137	687	0	27632
21324	467	75	89	26716	0	27347
21325	376	88	26483	567	0	27514
21326	197	71	397	25427	0	26092
21327	191	26661	339	507	0	27698
21328	26736	362	124	410	0	27632
21329	492	297	104	26806	0	27699
21330	388	139	26740	471	0	27738
21331	194	26535	449	478	0	27656
21332	25294	371	316	194	0	26175
21333	455	281	152	25636	0	26524
21334	416	110	25760	432	0	26718
21335	196	25498	420	415	0	26529
21336	25223	379	402	245	0	26249
21337	24962	306	133	186	0	25587
21338	25342	93	117	163	0	25715
21339	687	61	77	24795	0	25620
21340	424	49	67	24992	0	25532
21341	24473	52	95	640	0	25260
21342	430	24321	107	415	0	25273
21343	23894	292	81	227	0	24494
21344	449	236	78	23575	0	24338
21345	24253	87	94	437	0	24871
21346	431	82	103	23955	0	24571
21347	366	66	95	23786	0	24313
21348	262	80	100	23962	0	24404
21349	264	71	100	23993	0	24428
21350	173	67	21897	600	0	22737
21351	145	64	19688	322	0	20219
21352	16410	46	410	171	0	17037
21353	293	49	18131	110	0	18583
21354	187	49	16002	92	0	16330
21355	14470	20	414	65	0	14969
21356	15320	31	254	57	0	15662
21357	353	26	111	16195	0	16685
21358	16392	26	105	210	0	16733
21359	248	16618	53	231	0	17150
21360	16984	162	50	120	0	17316
21361	16771	137	45	76	0	17029
21362	17460	60	38	88	0	17646
21363	356	113	41	16921	0	17431
21364	246	17027	46	173	0	17492
21365	145	17374	50	195	0	17764
21366	17207	254	49	101	0	17611
21367	17270	170	49	78	0	17567
21368	320	79	46	16896	0	17341
21369	215	44	60	16758	0	17077
21370	110	16877	76	317	0	17380
21371	16730	180	43	183	0	17136
21372	256	141	16766	126	0	17289
21373	205	51	172	16274	0	16702
21374	131	33	138	16704	0	17006
21375	92	49	16819	327	0	17287
21376	95	59	175	15954	0	16283
21377	89	15016	143	248	0	15496
21378	107	164	70	16728	0	17069
21379	99	123	57	16088	0	16367
21380	94	15892	44	296	0	16326
21381	95	16629	33	206	0	16963
21382	82	225	45	16405	0	16757
21383	16205	135	109	234	0	16683
21384	183	75	49	16434	0	16741
21385	170	50	45	16475	0	16740
21386	97	17303	86	345	0	17831
21387	96	132	84	17783	0	18095
21388	97	123	49	17780	0	18049
21389	111	40	61	17841	0	18053
21390	17382	49	53	310	0	17794
21391	218	42	33	17479	0	17772
21392	181	36	34	17275	0	17526
21393	109	33	27	17440	0	17609
21394	124	48	16831	316	0	17319
21395	14336	52	138	261	0	14787
21396	191	16829	124	174	0	17318
21397	16501	131	54	98	0	16784
21398	202	126	56	16328	0	16712
21399	182	75	16250	181	0	16688
21400	14133	57	152	163	0	14505
21401	192	70	19329	90	0	19681
21402	177	45	176	18728	0	19126
21403	19897	33	151	159	0	20240
21404	19579	23	66	147	0	19815
21405	20116	26	49	110	0	20301
21406	281	28	27	20006	0	20342
21407	196	32	28	20392	0	20648
21408	114	42	35	20399	0	20590
21409	83	20006	29	308	0	20426
21410	75	19918	28	210	0	20231
21411	54	19793	37	133	0	20017
21412	16	17783	41	22	0	17862
21413	58	26	45	17585	0	17714
21414	10	19	3	17720	0	17752
21415	17360	3	3	40	0	17406
21416	16944	9	6	32	0	16991
21417	17626	4	4	45	0	17679
21418	31	5	4	17614	0	17654
21419	19	7	6	17943	0	17975
21420	17700	9	11	50	0	17770
21421	16865	8	18	42	0	16933
21422	54	25	17607	23	0	17709
21423	36	25	17099	15	0	17175
21424	32	22	17560	18	0	17632
21425	48	27	18398	17	0	18490
21426	13	10	34	17698	0	17755
21427	18323	9	16	40	0	18388
21428	36	18236	11	56	0	18339
21429	25	25	3	18342	0	18395
21430	28	29	18467	39	0	18563
21431	17	19424	24	57	0	19522
21432	19	17	16	19674	0	19726
21433	19	40	19910	39	0	20008
21434	16	17	21	19225	0	19279
21435	12	15	16	20119	0	20162
21436	20132	2	6	54	0	20194
21437	30	6	2	20343	0	20381
21438	45	22	20431	46	0	20544
21439	12	6	19	20040	0	20077
21440	10	22167	24	35	0	22236
21441	21	25	13	23006	0	23065
21442	20	23	11	23348	0	23402
21443	9	3	8	23169	0	23189
21444	23363	6	9	69	0	23447
21445	22910	8	6	61	0	22985
21446	23313	9	7	55	0	23384
21447	23157	9	4	41	0	23211
21448	53	25	23413	14	0	23505
21449	21902	24	24	34	0	21984
21450	23334	7	26	30	0	23397
21451	52	24	23377	28	0	23481
21452	40	24	24774	15	0	24853
21453	16	6	30	24288	0	24340
21454	7	25390	25	39	0	25461
21455	25812	17	11	42	0	25882
21456	26204	14	5	49	0	26272
21457	26306	3	9	62	0	26380
21458	43	6	5	26023	0	26077
21459	19	28149	10	42	0	28220
21460	29490	25	5	85	0	29605
21461	29758	21	8	51	0	29838
21462	45	6	4	29332	0	29387
21463	52	42	29218	64	0	29376
21464	28164	15	34	69	0	28282
21465	38	13	23	30438	0	30512
21466	31052	7	12	68	0	31139
21467	45	11	3	31655	0	31714
21468	55	41	31591	48	0	31735
21469	32480	9	31	99	0	32619
21470	35	11	22	34187	0	34255
21471	41	6	7	34166	0	34220
21472	21	10	8	34454	0	34493
21473	17	6	10	34328	0	34361
21474	34672	3	13	90	0	34778
21475	33	10	9	34492	0	34544
21476	28	34651	20	57	0	34756
21477	29	24	3	34951	0	35007
21478	16	35159	23	49	0	35247
21479	17	46	4	35437	0	35504
21480	27	28	12	35551	0	35618
21481	16	35653	26	69	0	35764
21482	19	36	5	35837	0	35897
21483	13	19	10	35672	0	35714
21484	35258	8	11	87	0	35364
21485	66	46	36445	47	0	36604
21486	46	8	43	36427	0	36524
21487	36778	4	33	81	0	36896
21488	36071	18	23	79	0	36191
21489	36458	7	14	42	0	36521
21490	129	30	37529	26	0	37714
21491	114	44	37925	37	0	38120
21492	37	46	129	38035	0	38247
21493	39372	6	83	103	0	39564
21494	98	42	39366	94	0	39600
21495	36880	15	68	64	0	37027
21496	83	40323	94	50	0	40550
21497	101	63	16	42582	0	42762
21498	36	85	17	43783	0	43921
21499	44466	13	17	169	0	44665
21500	85	16	10	45309	0	45420
21501	43617	10	4	158	0	43789
21502	44448	7	11	165	0	44631
21503	157	10	17	44236	0	44420
21504	111	9	20	44444	0	44584
21505	44854	8	13	259	0	45134
21506	143	51	48389	107	0	48690
21507	47266	10	85	155	0	47516
21508	138	73	52245	23	0	52479
21509	51525	17	103	113	0	51758
21510	56325	12	97	157	0	56591
21511	56081	12	29	97	0	56219
21512	55288	13	19	78	0	55398
21513	210	56377	56	105	0	56748
21514	57668	75	19	89	0	57851
21515	57787	103	81	79	0	58050
21516	169	63143	36	75	0	63423
21517	63329	89	17	113	0	63548
21518	182	197	62399	53	0	62831
21519	60499	31	101	85	0	60716
21520	234	145	64128	59	0	64566
21521	156	9	141	63265	0	63571
21522	62	17	126	64682	0	64887
21523	119	116	65938	307	0	66480
21524	73	15	132	64677	0	64897
21525	140	122	199	56496	0	56957
21526	68410	20	37	346	0	68813
21527	192	25	35	69103	0	69355
21528	188	20	25	69026	0	69259
21529	100	20	23	69352	0	69495
21530	58	68740	69	364	0	69231
21531	87	213	25	68517	0	68842
21532	67366	160	40	278	0	67844
21533	282	128	68875	268	0	69553
21534	207	34	197	69692	0	70130
21535	146	96	70466	272	0	70980
21536	66034	26	244	272	0	66576
21537	280	18	198	73237	0	73733
21538	331	151	90674	447	0	91603
21539	154	19	1019	90506	0	91698
21540	132	29	880	89835	0	90876
21541	79	91431	434	1918	0	93862
21542	135	1015	134	94031	0	95315
21543	179	882	57	98055	0	99173
21544	163	423	97719	2223	0	100528
21545	169	117	1208	97373	0	98867
21546	121	74	1015	99996	0	101206
21547	97497	57	359	2341	0	100254
21548	96050	61	177	1452	0	97740
21549	2137	98296	213	623	0	101269
21550	99270	1217	86	365	0	100938
21551	98257	1022	126	329	0	99734
21552	2329	100976	187	272	0	103764
21553	1421	1297	83	100379	0	103180
21554	101872	1080	105	1447	0	104504
21555	101945	371	100	1273	0	103689
21556	100947	178	120	573	0	101818
21557	2521	100201	249	490	0	103461
21558	1559	1334	102646	346	0	105885
21559	102868	1051	1303	418	0	105640
21560	105160	463	1078	413	0	107114
21561	2666	107093	464	447	0	110670
21562	108059	1601	199	383	0	110242
21563	108753	1241	184	367	0	110545
21564	3018	432	192	107711	0	111353
21565	1896	366	110695	1874	0	114831
21566	802	187	1619	112536	0	115144
21567	603	197	1319	113344	0	115463
21568	488	189	459	115679	0	116815
21569	536	305	111923	3380	0	116144
21570	472	188	1708	109853	0	112221
21571	408	174	1393	113623	0	115598
21572	403	156	438	114997	0	115994
21573	452	189	283	115288	0	116212
21574	549	201	201	115118	0	116069
21575	398	114610	292	4025	0	119325
21576	434	1720	194	117109	0	119457
21577	415	1360	244	121599	0	123618
21578	458	606	119088	3625	0	123777
21579	515	288	1912	129057	0	131772
21580	497	206	1497	131799	0	133999
21581	533	241	537	137286	0	138597
21582	528	228	403	140138	0	141297
21583	135443	240	339	5238	0	141260
21584	2842	286	284	138418	0	141830
21585	2333	368	197	139368	0	142266
21586	1192	498	134498	5083	0	141271
21587	785	130992	2513	3461	0	137751
21588	547	136816	2192	1869	0	141424
21589	132168	3978	1008	1455	0	138609
21590	2459	136484	680	1536	0	141159
21591	2093	2946	405	134082	0	139526
21592	132782	2120	500	3690	0	139092
21593	2900	1024	135121	3194	0	142239
21594	2352	630	2635	132546	0	138163
21595	1045	137271	2186	3735	0	144237
21596	768	2655	863	134243	0	138529
21597	464	138059	645	4217	0	143385
21598	590	3138	358	138543	0	142629
21599	134996	2361	348	4203	0	141908
21600	3163	1186	138687	3466	0	146502
21601	2558	720	2875	129422	0	135575
21602	1119	137912	2614	3809	0	145454
21603	137162	2926	1076	3315	0	144479
21604	3309	2514	136950	2216	0	144989
21605	2731	1052	2911	135525	0	142219
21606	1424	805	134018	4184	0	140431
21607	1171	574	3384	133027	0	138156
21608	1004	696	131287	4567	0	137554
21609	754	576	3594	126790	0	131714
21610	703	622	2890	129194	0	133409
21611	125257	649	1210	6032	0	133148
21612	127126	736	768	3977	0	132607
21613	5275	779	636	121631	0	128321
21614	3217	124586	732	4006	0	132541
21615	1609	3196	517	125973	0	131295
21616	1144	2560	569	124924	0	129197
21617	119030	1064	790	6355	0	127239
21618	3054	120557	793	4639	0	129043
21619	120847	3255	660	2595	0	127357
21620	119238	2809	653	2221	0	124921
21621	5075	117407	735	2236	0	125453
21622	3247	122700	698	2330	0	128975
21623	119152	4814	677	2431	0	127074
21624	3754	3065	117407	2437	0	126663
21625	116868	1263	3252	2409	0	123792
21626	117536	1018	2645	2370	0	123569
21627	5643	116611	1433	2246	0	125933
21628	3839	3321	1041	103849	0	112050
21629	1668	118557	1116	4403	0	125744
21630	116887	3866	1158	3875	0	125786
21631	118900	3187	1164	2490	0	125741
21632	5630	1758	1004	115388	0	123780
21633	3756	1465	859	118804	0	124884
21634	111165	1234	779	6582	0	119760
21635	3882	112739	884	5067	0	122572
21636	3536	112517	823	3180	0	120056
21637	1973	112026	900	2450	0	117349
21638	1067	91121	739	1981	0	94908
21639	979	93163	695	2017	0	96854
21640	1228	4306	693	90175	0	96402
21641	1250	2727	87214	3327	0	94518
21642	1200	88443	2248	2803	0	94694
21643	83734	2643	1774	1675	0	89826
21644	2985	2274	900	83607	0	89766
21645	83760	1405	806	2851	0	88822
21646	2816	82876	851	2656	0	89199
21647	83209	2461	935	1585	0	88190
21648	2953	83518	1115	1965	0	89551
21649	2480	2566	1057	83565	0	89668
21650	83884	2077	935	3037	0	89933
21651	84848	1255	964	2718	0	89785
21652	3851	1116	811	83998	0	89776
21653	2760	1079	723	83652	0	88214
21654	1765	82152	656	4262	0	88835
21655	1726	2545	523	83473	0	88267
21656	1698	2194	451	83936	0	88279
21657	1652	1740	421	83127	0	86940
21658	1422	78778	515	4466	0	85181
21659	72654	2284	392	2785	0	78115
21660	2343	74934	462	1811	0	79550
21661	72325	2463	407	1338	0	76533
21662	2679	72950	519	1229	0	77377
21663	2506	2574	70316	1129	0	76525
21664	1666	2206	1672	69609	0	75153
21665	1518	1411	68499	2072	0	73500
21666	1465	1218	67621	1802	0	72106
21667	1474	1206	2737	65892	0	71309
21668	1521	968	67311	2067	0	71867
21669	1498	942	2050	65257	0	69747
21670	1471	925	1612	65969	0	69977
21671	1357	952	775	67727	0	70811
21672	65607	983	578	3513	0	70681
21673	2500	895	453	66265	0	70113
21674	2352	897	344	65902	0	69495
21675	61560	711	253	3461	0	65985
21676	2395	61074	277	2622	0	66368
21677	1944	57724	210	1550	0	61428
21678	1392	58555	219	1207	0	61373
21679	968	3308	187	45792	0	50255
21680	706	1189	45829	1281	0	49005
21681	37615	741	780	1013	0	40149
21682	972	40261	612	501	0	42346
21683	39076	850	238	316	0	40480
21684	39064	832	155	274	0	40325
21685	39373	500	157	249	0	40279
21686	1348	512	39089	246	0	41195
21687	941	430	603	38865	0	40839
21688	599	383	573	39862	0	41417
21689	565	303	275	40585	0	41728
21690	547	324	227	39288	0	40386
21691	475	39133	213	1291	0	41112
21692	38014	723	177	882	0	39796
21693	759	652	35947	489	0	37847
21694	33604	289	460	381	0	34734
21695	766	339	399	32855	0	34359
21696	655	32570	140	672	0	34037
21697	365	33835	104	672	0	34976
21698	367	1572	237	30509	0	32685
21699	250	31705	122	574	0	32651
21700	27527	327	57	299	0	28210
21701	361	285	27071	150	0	27867
21702	224	196	198	26011	0	26629
21703	108	90	185	27214	0	27597
21704	103	83	71	27696	0	27953
21705	105	101	45	27712	0	27963
21706	27301	87	53	505	0	27946
21707	257	111	42	28176	0	28586
21708	31582	73	57	360	0	32072
21709	448	96	53	33108	0	33705
21710	407	82	63	34204	0	34756
21711	135	24565	85	11820	0	36605
21712	36747	325	64	668	0	37804
21713	36849	322	73	360	0	37604
21714	887	37162	66	223	0	38338
21715	526	534	57	34112	0	35229
21716	184	36582	72	530	0	37368
21717	28447	549	7606	550	0	37152
21718	528	509	36604	188	0	37829
21719	463	178	36015	176	0	36832
21720	32656	91	843	161	0	33751
21721	476	35442	538	167	0	36623
21722	462	481	142	35186	0	36271
21723	149	469	96	35851	0	36565
21724	179	162	35434	918	0	36693
21725	117	105	472	35237	0	35931
21726	111	91	445	35216	0	35863
21727	82	34548	154	985	0	35769
21728	120	483	79	34626	0	35308
21729	107	462	91	34420	0	35080
21730	33247	130	75	977	0	34429
21731	507	32972	85	630	0	34194
21732	472	33380	88	261	0	34201
21733	166	833	81	33243	0	34323
21734	126	496	59	33641	0	34322
21735	125	161	71	33490	0	33847
21736	97	32886	84	1042	0	34109
21737	136	465	68	33690	0	34359
21738	121	452	66	33249	0	33888
21739	127	168	47	34009	0	34351
21740	108	131	40	33193	0	33472
21741	113	33366	98	1044	0	34621
21742	124	35827	94	640	0	36685
21743	35007	996	65	282	0	36350
21744	35287	572	68	252	0	36179
21745	1093	188	64	35265	0	36610
21746	643	168	35228	746	0	36785
21747	194	120	617	35549	0	36480
21748	183	136	502	35132	0	35953
21749	33539	151	122	1190	0	35002
21750	665	34626	105	744	0	36140
21751	599	611	82	34507	0	35799
21752	212	929	92	34751	0	35984
21753	219	247	34174	1199	0	35839
21754	199	219	34333	755	0	35506
21755	165	170	1057	33855	0	35247
21756	188	143	616	32391	0	33338
21757	134	33151	249	1191	0	34725
21758	122	34112	186	742	0	35162
21759	33212	1041	114	362	0	34729
21760	678	643	111	33997	0	35429
21761	571	253	33874	819	0	35517
21762	177	33386	600	722	0	34885
21763	159	645	513	33573	0	34890
21764	33230	560	130	875	0	34795
21765	639	235	133	34020	0	35027
21766	33003	204	101	889	0	34197
21767	652	33593	110	803	0	35158
21768	32993	680	72	375	0	34120
21769	703	631	68	33464	0	34866
21770	588	306	33927	869	0	35690
21771	212	218	614	32834	0	33878
21772	179	34739	552	892	0	36362
21773	274	733	158	33947	0	35112
21774	143	35880	157	911	0	37091
21775	173	779	102	36863	0	37917
21776	205	666	35467	1074	0	37412
21777	224	271	35060	948	0	36503
21778	199	264	35705	552	0	36720
21779	33389	257	1209	516	0	35371
21780	716	34902	679	460	0	36757
21781	691	36137	226	442	0	37496
21782	35146	1228	169	427	0	36970
21783	35317	750	172	431	0	36670
21784	1219	318	174	34796	0	36507
21785	728	274	34876	1039	0	36917
21786	333	249	34083	918	0	35583
21787	244	222	1241	33464	0	35171
21788	33299	225	723	1072	0	35319
21789	726	33232	281	957	0	35196
21790	667	811	195	33310	0	34983
21791	33280	724	183	1116	0	35303
21792	33424	245	219	999	0	34887
21793	1234	255	33435	615	0	35539
21794	31709	231	804	573	0	33317
21795	890	309	33959	495	0	35653
21796	782	331	34234	437	0	35784
21797	336	273	1256	32675	0	34540
21798	294	222	726	33533	0	34775
21799	260	222	283	34459	0	35224
21800	262	290	33155	1490	0	35197
21801	31874	306	792	982	0	33954
21802	826	261	642	33767	0	35496
21803	32967	220	204	1107	0	34498
21804	32217	243	192	938	0	33590
21805	1239	32643	249	480	0	34611
21806	737	33281	264	483	0	34765
21807	317	32626	279	459	0	33681
21808	294	1089	227	27218	0	28828
21809	196	543	26819	651	0	28209
21810	227	1190	574	23079	0	25070
21811	183	24064	508	525	0	25280
21812	171	23377	179	440	0	24167
21813	215	689	131	22624	0	23659
21814	22261	362	134	515	0	23272
21815	488	22169	164	451	0	23272
21816	395	22466	191	199	0	23251
21817	22645	664	126	231	0	23666
21818	532	364	125	22796	0	23817
21819	422	131	110	23022	0	23685
21820	184	130	115	23790	0	24219
21821	22481	88	119	851	0	23539
21822	22770	93	141	477	0	23481
21823	791	97	169	22670	0	23727
21824	453	104	22170	551	0	23278
21825	21654	94	499	462	0	22709
21826	510	118	392	22435	0	23455
21827	433	155	22214	560	0	23362
21828	204	147	22185	424	0	22960
21829	200	84	767	22339	0	23390
21830	155	109	23361	637	0	24262
21831	141	113	582	24508	0	25344
21832	163	130	381	24594	0	25268
21833	182	103	150	26154	0	26589
21834	25217	132	124	951	0	26424
21835	595	167	112	25712	0	26586
21836	492	165	110	25874	0	26641
21837	216	195	126	26054	0	26591
21838	223	163	128	26194	0	26708
21839	149	190	24414	1008	0	25761
21840	136	24455	604	567	0	25762
21841	132	398	303	21753	0	22586
21842	118	357	121	20489	0	21085
21843	87	20575	138	606	0	21406
21844	131	21575	136	372	0	22214
21845	21111	544	148	199	0	22002
21846	385	20783	145	372	0	21685
21847	331	378	108	20615	0	21432
21848	157	306	20904	419	0	21786
21849	19723	105	347	384	0	20559
21850	433	94	20168	207	0	20902
21851	19757	65	392	191	0	20405
21852	19998	49	297	226	0	20570
21853	630	51	20184	213	0	21078
21854	392	38	383	18646	0	19459
21855	171	19890	312	486	0	20859
21856	154	322	148	20573	0	21197
21857	20982	248	135	525	0	21890
21858	21219	67	147	444	0	21877
21859	610	21167	142	267	0	22186
21860	21011	329	146	257	0	21743
21861	430	248	131	20124	0	20933
21862	20189	93	118	530	0	20930
21863	20508	89	168	452	0	21217
21864	629	86	87	20434	0	21236
21865	20285	101	93	549	0	21028
21866	19700	121	72	477	0	20370
21867	571	118	19696	281	0	20666
21868	19106	101	347	255	0	19809
21869	430	100	19315	227	0	20072
21870	294	108	18352	183	0	18937
21871	145	18886	501	192	0	19724
21872	133	366	268	17281	0	18048
21873	96	221	18198	333	0	18848
21874	86	110	18053	228	0	18477
21875	17717	67	368	182	0	18334
21876	285	73	198	18167	0	18723
21877	212	54	74	18708	0	19048
21878	90	72	57	19250	0	19469
21879	90	70	50	19274	0	19484
21880	99	72	39	19535	0	19745
21881	131	73	19069	489	0	19762
21882	144	69	18901	293	0	19407
21883	134	65	388	19095	0	19682
21884	18968	50	212	341	0	19571
21885	310	18848	97	288	0	19543
21886	258	286	95	18639	0	19278
21887	18669	166	72	356	0	19263
21888	315	18742	88	294	0	19439
21889	278	254	93	18826	0	19451
21890	147	184	77	19088	0	19496
21891	115	76	79	19026	0	19296
21892	18630	51	81	514	0	19276
21893	326	48	18339	319	0	19032
21894	17895	47	300	188	0	18430
21895	322	44	215	18386	0	18967
21896	240	34	125	17133	0	17532
21897	126	17844	112	501	0	18583
21898	119	244	17921	331	0	18615
21899	16990	168	302	227	0	17687
21900	17757	79	218	222	0	18276
21901	437	52	17578	188	0	18255
21902	16319	55	274	209	0	16857
21903	332	17731	214	190	0	18467
21904	225	18050	111	166	0	18552
21905	115	18109	108	164	0	18496
21906	16956	406	87	132	0	17581
21907	291	243	17197	116	0	17847
21908	227	260	258	16048	0	16793
21909	111	16292	194	283	0	16880
21910	98	16440	92	233	0	16863
21911	136	16532	64	131	0	16863
21912	164	388	66	13987	0	14605
21913	15517	161	77	234	0	15989
21914	208	15812	74	255	0	16349
21915	173	172	55	15804	0	16204
21916	125	146	59	16038	0	16368
21917	15547	60	75	333	0	16015
21918	237	38	76	15636	0	15987
21919	209	47	68	16011	0	16335
21920	123	68	15702	352	0	16245
21921	118	55	191	15664	0	16028
21922	106	58	160	16042	0	16366
21923	15873	60	67	338	0	16338
21924	15821	52	79	205	0	16157
21925	359	43	54	16026	0	16482
21926	15635	59	51	246	0	15991
21927	15470	60	65	205	0	15800
21928	309	15841	78	126	0	16354
21929	230	189	15516	86	0	16021
21930	110	15132	192	102	0	15536
21931	169	335	175	13471	0	14150
21932	13111	182	146	115	0	13554
21933	92	13133	44	118	0	13387
21934	138	99	34	13104	0	13375
21935	13054	94	32	121	0	13301
21936	12922	40	34	123	0	13119
21937	162	35	28	12985	0	13210
21938	115	46	13665	138	0	13964
21939	45	29	76	13829	0	13979
21940	50	22	65	14227	0	14364
21941	47	43	14193	200	0	14483
21942	46	23	88	14044	0	14201
21943	43	23	95	14451	0	14612
21944	14988	20	33	207	0	15248
21945	117	21	27	15142	0	15307
21946	102	28	27	15179	0	15336
21947	14884	29	34	188	0	15135
21948	14508	32	26	135	0	14701
21949	14609	32	24	76	0	14741
21950	197	45	14590	64	0	14896
21951	136	44	89	14147	0	14416
21952	63	14817	104	118	0	15102
21953	71	98	21	15076	0	15266
21954	92	111	15372	129	0	15704
21955	75	74	91	14465	0	14705
21956	60	48	15339	122	0	15569
21957	13904	84	130	109	0	14227
21958	14529	22	66	75	0	14692
21959	126	14	21	15459	0	15620
21960	90	27	22	15662	0	15801
21961	46	21	20	15611	0	15698
21962	37	16558	28	156	0	16779
21963	16405	59	19	98	0	16581
21964	16535	65	10	85	0	16695
21965	123	22	15	16526	0	16686
21966	91	18	24	16530	0	16663
21967	62	19	13	16614	0	16708
21968	48	14	19	16700	0	16781
21969	58	33	16450	151	0	16692
21970	46	15	68	16298	0	16427
21971	15705	14	69	113	0	15901
21972	15516	18	29	99	0	15662
21973	128	27	21	15145	0	15321
21974	93	40	14860	99	0	15092
21975	13728	17	62	99	0	13906
21976	104	31	64	14816	0	15015
21977	78	14795	34	115	0	15022
21978	27	15278	31	91	0	15427
21979	15369	107	44	55	0	15575
21980	84	65	14	15727	0	15890
21981	78	14	19	15902	0	16013
21982	34	6	9	16744	0	16793
21983	29	11	11	16826	0	16877
21984	28	11	16	17313	0	17368
21985	37	20	17106	187	0	17350
21986	37	18	16740	138	0	16933
21987	40	22	17105	48	0	17215
21988	28	10	187	16815	0	17040
21989	49	19	18150	133	0	18351
21990	38	10	120	17955	0	18123
21991	30	2	116	18171	0	18319
21992	22	5	33	18834	0	18894
21993	18934	6	26	284	0	19250
21994	120	13	24	19153	0	19310
21995	128	8	20	19452	0	19608
21996	19386	9	24	247	0	19666
21997	124	19381	42	207	0	19754
21998	129	20381	33	68	0	20611
21999	20285	235	32	66	0	20618
22000	139	21300	44	47	0	21530
22001	21247	147	16	72	0	21482
22002	21234	126	42	56	0	21458
22003	21251	27	14	57	0	21349
22004	21120	18	18	54	0	21210
22005	21058	18	22	55	0	21153
22006	273	20965	27	79	0	21344
22007	21083	137	19	55	0	21294
22008	21085	128	14	59	0	21286
22009	263	22066	28	59	0	22416
22010	24836	139	18	95	0	25088
22011	24824	137	21	60	0	25042
22012	26946	33	12	58	0	27049
22013	27836	29	15	55	0	27935
22014	568	50	30142	58	0	30818
22015	333	27	349	31205	0	31914
22016	115	32	269	32384	0	32800
22017	105	61	32279	683	0	33128
22018	112	66	31717	363	0	32258
22019	31059	30	681	91	0	31861
22020	459	47	358	32183	0	33047
22021	393	44	33194	413	0	34044
22022	134	60	32895	337	0	33426
22023	32100	56	691	113	0	32960
22024	33323	38	356	66	0	33783
22025	33298	33	91	57	0	33479
22026	791	53	33847	65	0	34756
22027	524	28	432	33324	0	34308
22028	177	57	34794	423	0	35451
22029	33295	42	485	354	0	34176
22030	550	38	35863	106	0	36557
22031	423	36	472	34700	0	35631
22032	188	39	388	33451	0	34066
22033	107	36114	157	716	0	37094
22034	36383	416	95	395	0	37289
22035	547	362	36510	128	0	37547
22036	35696	50	511	121	0	36378
22037	573	65	37722	112	0	38472
22038	469	33	544	35663	0	36709
22039	209	21	434	36587	0	37251
22040	177	30	151	37031	0	37389
22041	36358	24	139	850	0	37371
22042	573	27	119	36088	0	36807
22043	484	25	122	35523	0	36154
22044	191	35312	146	978	0	36627
22045	187	436	146	35942	0	36711
22046	34566	347	159	598	0	35670
22047	638	135	35454	470	0	36697
22048	547	63	566	34766	0	35942
22049	255	121	35678	576	0	36630
22050	213	34441	651	552	0	35857
22051	235	447	35685	236	0	36603
22052	34272	500	702	272	0	35746
22053	35482	75	570	186	0	36313
22054	935	62	284	34950	0	36231
22055	35408	57	255	625	0	36345
22056	35105	45	234	533	0	35917
22057	968	33	264	35062	0	36327
22058	653	44	252	35605	0	36554
22059	332	58	35285	950	0	36625
22060	283	34825	637	585	0	36330
22061	34516	474	562	254	0	35806
22062	661	34330	275	260	0	35526
22063	631	524	267	33702	0	35124
22064	374	409	217	33987	0	34987
22065	303	116	274	34377	0	35070
22066	298	84	252	34384	0	35018
22067	262	122	33585	1037	0	35006
22068	31641	108	659	677	0	33085
22069	33890	80	582	327	0	34879
22070	989	94	282	33593	0	34958
22071	33945	81	230	701	0	34957
22072	746	102	229	33975	0	35052
22073	659	113	33697	753	0	35222
22074	329	82	642	32483	0	33536
22075	321	33287	573	744	0	34925
22076	288	450	281	31823	0	32842
22077	252	33276	256	754	0	34538
22078	300	532	245	30680	0	31757
22079	220	32621	236	754	0	33831
22080	31105	497	217	652	0	32471
22081	672	432	31865	406	0	33375
22082	544	30566	583	409	0	32102
22083	307	31322	515	390	0	32534
22084	276	773	395	30340	0	31784
22085	284	404	234	30590	0	31512
22086	291	158	270	30738	0	31457
22087	331	120	269	30631	0	31351
22088	285	30030	298	942	0	31555
22089	340	447	221	29750	0	30758
22090	304	369	246	29730	0	30649
22091	29034	142	207	897	0	30280
22092	673	116	205	29570	0	30564
22093	581	124	28965	708	0	30378
22094	321	146	28389	626	0	29482
22095	26094	122	694	481	0	27391
22096	550	28406	475	410	0	29841
22097	436	28874	190	409	0	29909
22098	315	683	195	27329	0	28522
22099	227	462	168	27909	0	28766
22100	233	213	26949	897	0	28292
22101	24993	181	458	659	0	26291
22102	26528	154	362	424	0	27468
22103	765	158	28099	388	0	29410
22104	492	134	27834	406	0	28866
22105	27433	112	693	400	0	28638
22106	28871	107	412	367	0	29757
22107	28883	118	187	378	0	29566
22108	28691	111	162	327	0	29291
22109	780	27357	140	380	0	28657
22110	24771	336	105	244	0	25456
22111	456	283	23845	294	0	24878
22112	306	125	21836	206	0	22473
22113	125	131	21887	171	0	22314
22114	222	1233	835	16548	0	18838
22115	16786	34	266	128	0	17214
22116	16737	46	41	121	0	16945
22117	148	30	35	16709	0	16922
22118	118	42	31	16673	0	16864
22119	53	41	25	16849	0	16968
22120	39	17960	40	211	0	18250
22121	18213	84	30	161	0	18488
22122	18279	83	24	101	0	18487
22123	18365	32	25	94	0	18516
22124	18385	27	25	71	0	18508
22125	18385	26	25	92	0	18528
22126	169	32	33	17826	0	18060
22127	110	17695	55	130	0	17990
22128	71	82	29	17058	0	17240
22129	44	93	21	16490	0	16648
22130	16048	19	28	131	0	16226
22131	69	29	15523	78	0	15699
22132	67	27	14734	21	0	14849
22133	36	36	14589	26	0	14687
22134	14609	15	86	33	0	14743
22135	15482	7	143	39	0	15671
22136	121	29	16	15978	0	16144
22137	47	13	11	15659	0	15730
22138	21	9	12	16167	0	16209
22139	23	27	16197	90	0	16337
22140	21	8	51	15671	0	15751
22141	23	33	17196	72	0	17324
22142	38	6	48	16821	0	16913
22143	13	9	41	17148	0	17211
22144	14	11	13	17385	0	17423
22145	17459	6	15	111	0	17591
22146	17443	4	16	84	0	17547
22147	102	25	17766	26	0	17919
22148	17243	4	57	51	0	17355
22149	17638	6	46	31	0	17721
22150	96	7	15	17604	0	17722
22151	17860	10	20	70	0	17960
22152	80	5	13	18541	0	18639
22153	59	6	18	18631	0	18714
22154	36	27	18410	153	0	18626
22155	16738	63	97	101	0	16999
22156	97	3	64	18613	0	18777
22157	81	24	18769	99	0	18973
22158	43	25	19599	91	0	19758
22159	25	26	142	18986	0	19179
22160	22	11	70	19335	0	19438
22161	19646	8	32	160	0	19846
22162	101	7	16	19952	0	20076
22163	78	8	12	19983	0	20081
22164	33	6	20	20232	0	20291
22165	35	7	26	22035	0	22103
22166	22738	4	34	258	0	23034
22167	22795	3	30	152	0	22980
22168	23317	9	22	67	0	23415
22169	23677	6	17	69	0	23769
22170	365	3	16	24993	0	25377
22171	25338	4	16	251	0	25609
22172	264	7	19	25402	0	25692
22173	25565	3	21	275	0	25864
22174	274	6	33	25422	0	25735
22175	257	9	23	24511	0	24800
22176	69	25274	40	417	0	25800
22177	68	202	19	25219	0	25508
22178	24916	172	21	277	0	25386
22179	23982	27	17	265	0	24291
22180	435	24	24920	92	0	25471
22181	242	25057	232	83	0	25614
22182	24817	209	198	83	0	25307
22183	235	25856	77	80	0	26248
22184	25411	231	38	72	0	25752
22185	273	27126	54	109	0	27562
22186	280	248	27393	81	0	28002
22187	93	27920	269	76	0	28358
22188	65	28190	220	86	0	28561
22189	83	424	47	28339	0	28893
22190	28849	227	35	322	0	29433
22191	278	43	22	29188	0	29531
22192	251	33	29	29210	0	29523
22193	28973	30	25	516	0	29544
22194	29214	39	29	372	0	29654
22195	496	32	28	29509	0	30065
22196	318	21	31	29457	0	29827
22197	130	19	25	29761	0	29935
22198	28791	24	43	550	0	29408
22199	349	102	28966	337	0	29754
22200	305	37	264	28900	0	29506
22201	168	60	29923	337	0	30488
22202	111	29455	293	370	0	30229
22203	159	258	28699	144	0	29260
22204	120	226	286	27941	0	28573
22205	126	87	28222	337	0	28772
22206	26644	62	291	364	0	27361
22207	310	52	252	27801	0	28415
22208	309	28677	84	379	0	29449
22209	153	290	52	28371	0	28866
22210	137	28805	75	365	0	29382
22211	148	28732	70	350	0	29300
22212	168	28956	58	178	0	29360
22213	187	501	43	26406	0	27137
22214	130	28012	50	352	0	28544
22215	27576	288	58	323	0	28245
22216	381	297	26987	191	0	27856
22217	352	125	26828	183	0	27488
22218	175	105	27612	170	0	28062
22219	144	68	487	27360	0	28059
22220	161	77	282	26573	0	27093
22221	186	75	106	26460	0	26827
22222	204	69	83	26507	0	26863
22223	225	63	70	25910	0	26268
22224	226	27005	103	637	0	27971
22225	242	312	26783	390	0	27727
22226	223	322	26576	231	0	27352
22227	182	27720	486	244	0	28632
22228	193	316	286	27866	0	28661
22229	181	316	93	28154	0	28744
22230	166	152	75	28553	0	28946
22231	27897	136	91	646	0	28770
22232	417	164	27763	446	0	28790
22233	27214	125	305	256	0	27900
22234	27523	118	310	227	0	28178
22235	581	27141	138	219	0	28079
22236	385	27247	119	203	0	27954
22237	27215	510	142	201	0	28068
22238	411	344	78	27013	0	27846
22239	377	146	82	27952	0	28557
22240	215	160	28820	625	0	29820
22241	170	184	28143	601	0	29098
22242	173	155	556	29006	0	29890
22243	29295	161	366	457	0	30279
22244	416	204	30785	396	0	31801
22245	31165	131	394	263	0	31953
22246	486	155	356	32225	0	33222
22247	401	132	154	33738	0	34425
22248	195	113	119	34806	0	35233
22249	187	206	34788	868	0	36049
22250	160	34342	473	571	0	35546
22251	141	35888	453	326	0	36808
22252	35140	687	106	257	0	36190
22253	35995	392	102	244	0	36733
22254	777	126	102	36319	0	37324
22255	36604	93	141	606	0	37444
22256	559	124	35736	518	0	36937
22257	465	144	35545	241	0	36395
22258	167	96	769	34384	0	35416
22259	35399	82	466	583	0	36530
22260	480	110	179	36033	0	36802
22261	421	79	161	36615	0	37276
22262	36020	86	151	899	0	37156
22263	36318	100	153	546	0	37117
22264	777	38378	174	275	0	39604
22265	37472	406	151	187	0	38216
22266	488	509	104	35747	0	36848
22267	380	36933	135	481	0	37929
22268	36561	406	98	423	0	37488
22269	413	37577	101	200	0	38291
22270	386	374	71	35960	0	36791
22271	35741	305	68	428	0	36542
22272	449	106	35546	353	0	36454
22273	408	85	35493	110	0	36096
22274	126	126	627	34602	0	35481
22275	105	48	360	35335	0	35848
22276	133	50	88	34129	0	34400
22277	78	36724	88	643	0	37533
22278	37439	400	71	399	0	38309
22279	37382	341	59	163	0	37945
22280	37232	83	51	167	0	37533
22281	758	38677	73	149	0	39657
22282	463	505	60	41961	0	42989
22283	179	377	79	42375	0	43010
22284	167	80	72	43170	0	43489
22285	39590	95	73	944	0	40702
22286	515	40481	84	539	0	41619
22287	503	493	53	40450	0	41499
22288	172	461	56	40793	0	41482
22289	206	122	39765	955	0	41048
22290	150	39676	499	599	0	40924
22291	171	574	429	39388	0	40562
22292	157	493	131	39790	0	40571
22293	156	121	76	40051	0	40404
22294	38549	89	72	998	0	39708
22295	574	38661	107	765	0	40107
22296	39176	506	82	256	0	40020
22297	617	454	100	38667	0	39838
22298	39244	113	71	643	0	40071
22299	675	224	38630	560	0	40089
22300	38761	129	510	294	0	39694
22301	39096	101	418	304	0	39919
22302	969	166	38939	267	0	40341
22303	601	150	510	38690	0	39951
22304	251	129	458	39429	0	40267
22305	39909	138	148	1070	0	41265
22306	672	131	98	40660	0	41561
22307	619	129	129	40723	0	41600
22308	242	161	113	40997	0	41513
22309	260	146	39754	1144	0	41304
22310	35610	125	546	812	0	37093
22311	658	40578	514	382	0	42132
22312	662	585	148	38986	0	40381
22313	262	40452	166	723	0	41603
22314	288	41579	168	709	0	42744
22315	281	994	125	41849	0	43249
22316	294	620	41840	808	0	43562
22317	338	266	41716	774	0	43094
22318	321	239	979	41789	0	43328
22319	327	200	42215	897	0	43639
22320	40505	187	624	792	0	42108
22321	779	210	567	42559	0	44115
22322	695	175	190	42884	0	43944
22323	321	43017	173	1367	0	44878
22324	282	638	182	43239	0	44341
22325	278	575	170	42093	0	43116
22326	254	41681	194	1350	0	43479
22327	282	631	152	42665	0	43730
22328	307	567	141	41530	0	42545
22329	259	41812	190	1287	0	43548
22330	41556	669	162	841	0	43228
22331	809	665	41695	473	0	43642
22332	754	245	41133	410	0	42542
22333	368	295	1003	40679	0	42345
22334	299	228	588	41622	0	42737
22335	359	214	41333	1301	0	43207
22336	327	237	40783	854	0	42201
22337	36443	210	1032	509	0	38194
22338	678	40896	643	546	0	42763
22339	40122	649	218	457	0	41446
22340	805	568	39342	515	0	41230
22341	624	39094	679	526	0	40923
22342	301	639	598	39796	0	41334
22343	274	589	40542	878	0	42283
22344	245	236	39395	784	0	40660
22345	283	519	982	39599	0	41383
22346	247	252	40487	898	0	41884
22347	203	38869	676	855	0	40603
22348	335	632	619	38267	0	39853
22349	295	543	38776	778	0	40392
22350	199	38721	633	762	0	40315
22351	38187	580	584	338	0	39689
22352	690	536	37943	352	0	39521
22353	579	37852	609	346	0	39386
22354	223	604	594	37202	0	38623
22355	228	541	231	38778	0	39778
22356	38481	198	206	1111	0	39996
22357	634	155	195	38567	0	39551
22358	583	127	168	38366	0	39244
22359	37258	106	214	1146	0	38724
22360	574	139	167	37459	0	38339
22361	565	142	36422	785	0	37914
22362	224	108	599	36340	0	37271
22363	185	144	36073	789	0	37191
22364	193	165	33633	633	0	34624
22365	164	139	34329	281	0	34913
22366	180	266	976	31539	0	32961
22367	131	87	594	33113	0	33925
22368	32984	92	173	872	0	34121
22369	454	108	181	31529	0	32272
22370	451	34312	174	601	0	35538
22371	142	433	145	35321	0	36041
22372	123	432	146	34034	0	34735
22373	89	35003	162	964	0	36218
22374	34350	433	189	610	0	35582
22375	33424	400	175	316	0	34315
22376	710	34321	201	283	0	35515
22377	374	33666	206	225	0	34471
22378	193	1135	189	32247	0	33764
22379	32405	425	350	521	0	33701
22380	438	186	32826	466	0	33916
22381	357	165	30597	204	0	31323
22382	25644	109	584	126	0	26463
22383	288	27815	343	149	0	28595
22384	240	378	124	27608	0	28350
22385	93	291	87	27848	0	28319
22386	90	82	98	28211	0	28481
22387	55	51	111	27867	0	28084
22388	49	27682	118	635	0	28484
22389	57	278	74	28002	0	28411
22390	27804	251	65	415	0	28535
22391	298	86	95	28481	0	28960
22392	264	71	94	28685	0	29114
22393	29097	55	84	614	0	29850
22394	29221	68	76	371	0	29736
22395	29815	59	83	191	0	30148
22396	30067	65	91	145	0	30368
22397	572	52	85	29743	0	30452
22398	29964	58	81	371	0	30474
22399	376	55	90	29538	0	30059
22400	29275	53	97	407	0	29832
22401	29125	52	82	370	0	29629
22402	558	55	90	29347	0	30050
22403	391	89	29981	377	0	30838
22404	29472	57	345	374	0	30248
22405	30530	60	287	211	0	31088
22406	30782	73	117	148	0	31120
22407	30655	65	90	160	0	30970
22408	550	69	86	31244	0	31949
22409	316	133	31863	359	0	32671
22410	145	76	31326	322	0	31869
22411	30125	137	516	189	0	30967
22412	31987	62	281	133	0	32463
22413	463	32078	121	199	0	32861
22414	257	32036	101	129	0	32523
22415	32265	415	109	137	0	32926
22416	294	219	81	31798	0	32392
22417	249	83	53	32850	0	33235
22418	32681	55	45	484	0	33265
22419	289	33703	72	331	0	34395
22420	34333	244	51	177	0	34805
22421	337	221	33793	113	0	34464
22422	32387	62	242	145	0	32836
22423	310	51	196	33397	0	33954
22424	278	64	34270	336	0	34948
22425	108	34540	278	309	0	35235
22426	152	239	203	35310	0	35904
22427	147	246	37473	297	0	38163
22428	105	79	307	36919	0	37410
22429	38110	32	264	381	0	38787
22430	350	55	38024	330	0	38759
22431	35771	51	309	172	0	36303
22432	343	38691	303	150	0	39487
22433	316	285	113	38906	0	39620
22434	186	281	40987	365	0	41819
22435	133	91	312	40260	0	40796
22436	151	83	41857	419	0	42510
22437	102	41440	357	365	0	42264
22438	39959	279	237	139	0	40614
22439	298	42809	155	146	0	43408
22440	287	323	62	42211	0	42883
22441	128	250	58	42741	0	43177
22442	135	105	41434	500	0	42174
22443	32650	98	313	379	0	33440
22444	329	40181	260	119	0	40889
22445	194	37761	92	96	0	38143
22446	86	38127	70	102	0	38385
22447	266	475	148	36510	0	37399
22448	44	37208	84	206	0	37542
22449	78	229	68	36128	0	36503
22450	50	36718	195	209	0	37172
22451	74	283	52	35501	0	35910
22452	40	37131	52	191	0	37414
22453	36342	189	44	158	0	36733
22454	203	175	36373	69	0	36820
22455	34367	104	238	92	0	34801
22456	36017	46	128	82	0	36273
22457	37028	55	59	85	0	37227
22458	300	37346	64	62	0	37772
22459	37697	190	88	76	0	38051
22460	37499	134	36	65	0	37734
22461	37851	79	37	69	0	38036
22462	356	86	37789	47	0	38278
22463	208	67	184	37563	0	38022
22464	124	95	39095	252	0	39566
22465	83	56	223	38215	0	38577
22466	38268	55	167	267	0	38757
22467	228	38944	97	249	0	39518
22468	225	283	43694	89	0	44291
22469	105	178	364	43157	0	43804
22470	104	60	205	46850	0	47219
22471	137	99	52548	589	0	53373
22472	49760	64	597	318	0	50739
22473	53095	63	331	109	0	53598
22474	54668	47	90	95	0	54900
22475	981	63	64	53203	0	54311
22476	413	53420	96	694	0	54623
22477	174	55587	100	433	0	56294
22478	137	945	75	54609	0	55766
22479	163	453	79	53005	0	53700
22480	111	54762	123	939	0	55935
22481	54139	628	68	464	0	55299
22482	679	54866	113	177	0	55835
22483	452	663	69	53612	0	54796
22484	199	428	53833	722	0	55182
22485	127	168	647	53294	0	54236
22486	53965	91	421	739	0	55216
22487	733	163	53775	445	0	55116
22488	53409	104	661	193	0	54367
22489	54667	94	685	154	0	55600
22490	55418	127	131	184	0	55860
22491	55395	113	83	171	0	55762
22492	56466	96	197	174	0	56933
22493	1176	148	54642	166	0	56132
22494	632	131	54558	125	0	55446
22495	56634	105	1104	146	0	57989
22496	59151	113	492	128	0	59884
22497	1355	172	143	59194	0	60864
22498	653	61289	128	974	0	63044
22499	245	944	103	61957	0	63249
22500	62607	630	91	1059	0	64387
22501	1063	222	103	58435	0	59823
22502	679	62595	157	947	0	64378
22503	61825	961	110	619	0	63515
22504	60991	652	121	265	0	62029
22505	60596	189	117	197	0	61099
22506	1553	60220	179	229	0	62181
22507	819	1026	152	59592	0	61589
22508	392	611	137	58440	0	59580
22509	336	58369	145	1407	0	60257
22510	369	946	102	58543	0	59960
22511	57367	618	114	1064	0	59163
22512	57174	218	97	722	0	58211
22513	1622	56791	147	354	0	58914
22514	918	977	138	56415	0	58448
22515	432	636	180	56829	0	58077
22516	357	228	214	57861	0	58660
22517	55518	175	223	1634	0	57550
22518	1228	200	55097	863	0	57388
22519	52162	211	1001	401	0	53775
22520	1392	354	54192	344	0	56282
22521	955	259	1031	49474	0	51719
22522	523	52848	652	1094	0	55117
22523	504	55074	220	874	0	56672
22524	53073	1539	160	433	0	55205
22525	52323	820	149	409	0	53701
22526	1664	51513	187	485	0	53849
22527	881	50633	153	437	0	52104
22528	50581	1480	178	364	0	52603
22529	50923	786	174	420	0	52303
22530	1606	51868	242	455	0	54171
22531	52947	1135	220	455	0	54757
22532	1347	812	51800	428	0	54387
22533	51776	374	1009	419	0	53578
22534	51188	328	662	431	0	52609
22535	1855	283	254	49651	0	52043
22536	1136	49752	243	1197	0	52328
22537	758	1066	224	50965	0	53013
22538	50678	686	240	1273	0	52877
22539	1581	324	208	49177	0	51290
22540	1228	256	246	49988	0	51718
22541	767	334	50085	1642	0	52828
22542	727	300	1055	50241	0	52323
22543	700	345	743	51380	0	53168
22544	50838	366	301	1751	0	53256
22545	1421	451	50643	1048	0	53563
22546	50881	433	1009	560	0	52883
22547	1509	429	641	50902	0	53481
22548	1211	379	222	51398	0	53210
22549	733	398	212	50276	0	51619
22550	699	49596	248	1723	0	52266
22551	757	50905	267	1021	0	52950
22552	824	1574	217	49672	0	52287
22553	50014	795	247	1219	0	52275
22554	50446	396	228	866	0	51936
22555	2080	335	220	49598	0	52233
22556	49924	365	226	1279	0	51794
22557	1634	338	210	49428	0	51610
22558	1278	344	136	50445	0	52203
22559	47888	365	199	1819	0	50271
22560	1420	49854	245	1102	0	52621
22561	49934	1175	181	633	0	51923
22562	50095	763	156	644	0	51658
22563	47914	360	223	689	0	49186
22564	1823	47856	231	653	0	50563
22565	1185	1260	205	48009	0	50659
22566	775	777	245	48977	0	50774
22567	728	405	47288	1781	0	50202
22568	610	462	853	42367	0	44292
22569	550	422	40359	1153	0	42484
22570	506	36780	793	780	0	38859
22571	270	30252	448	393	0	31363
22572	324	30866	176	335	0	31701
22573	549	1035	376	30273	0	32233
22574	346	445	151	30540	0	31482
22575	236	201	83	30212	0	30732
22576	214	156	61	30528	0	30959
22577	248	163	30193	946	0	31550
22578	227	185	34208	583	0	35203
22579	250	185	798	35081	0	36314
22580	276	136	36947	794	0	38153
22581	36302	120	603	591	0	37616
22582	37214	125	410	343	0	38092
22583	1013	168	37258	331	0	38770
22584	592	136	598	37043	0	38369
22585	319	120	407	38082	0	38928
22586	295	124	153	38468	0	39040
22587	333	144	126	37975	0	38578
22588	281	169	167	38637	0	39254
22589	31847	191	177	1140	0	33355
22590	36067	125	124	718	0	37034
22591	946	36907	141	490	0	38484
22592	569	598	35556	346	0	37069
22593	274	35306	615	346	0	36541
22594	238	35266	413	335	0	36252
22595	32368	697	128	264	0	33457
22596	511	32020	144	272	0	32947
22597	322	29442	120	187	0	30071
22598	28952	519	82	168	0	29721
22599	424	269	28466	182	0	29341
22600	27704	92	341	174	0	28311
22601	427	86	235	28333	0	29081
22602	294	85	100	27707	0	28186
22603	160	79	69	27999	0	28307
22604	140	66	27343	674	0	28223
22605	122	27522	368	428	0	28440
22606	27498	333	243	251	0	28325
22607	417	215	97	27476	0	28205
22608	260	28203	104	516	0	29083
22609	119	377	107	29138	0	29741
22610	130	279	29310	532	0	30251
22611	166	124	411	29156	0	29857
22612	165	136	253	29946	0	30500
22613	137	142	120	30251	0	30650
22614	29789	137	110	740	0	30776
22615	489	113	90	30027	0	30719
22616	347	113	29792	609	0	30861
22617	173	29597	419	558	0	30747
22618	149	390	268	29626	0	30433
22619	185	269	132	29917	0	30503
22620	152	143	29494	738	0	30527
22621	160	125	28732	442	0	29459
22622	27813	159	690	281	0	28943
22623	27960	127	363	288	0	28738
22624	647	28475	231	290	0	29643
22625	28546	406	187	221	0	29360
22626	551	309	28500	230	0	29590
22627	369	145	28462	247	0	29223
22628	27649	207	737	346	0	28939
22629	27500	111	369	392	0	28372
22630	582	97	26902	360	0	27941
22631	25996	70	412	334	0	26812
22632	452	79	26825	303	0	27659
22633	26319	91	437	228	0	27075
22634	26532	142	282	213	0	27169
22635	606	176	162	24915	0	25859
22636	320	28368	185	435	0	29308
22637	24404	509	205	353	0	25471
22638	394	390	28406	168	0	29358
22639	330	28706	413	190	0	29639
22640	28545	483	300	231	0	29559
22641	26858	333	181	217	0	27589
22642	616	27396	194	254	0	28460
22643	383	393	215	27427	0	28418
22644	284	267	27122	535	0	28208
22645	204	122	439	27070	0	27835
22646	227	171	27217	600	0	28215
22647	176	138	494	26725	0	27533
22648	180	136	390	27079	0	27785
22649	182	176	26858	661	0	27877
22650	216	26817	483	450	0	27966
22651	231	406	319	26084	0	27040
22652	213	346	24153	543	0	25255
22653	25599	142	413	399	0	26553
22654	451	128	331	26900	0	27810
22655	349	122	197	27090	0	27758
22656	26470	128	156	722	0	27476
22657	502	115	144	26222	0	26983
22658	429	122	156	25204	0	25911
22659	241	26228	204	604	0	27277
22660	235	392	202	25847	0	26676
22661	211	317	25364	517	0	26409
22662	235	173	429	23956	0	24793
22663	192	25012	363	507	0	26074
22664	180	25354	296	397	0	26227
22665	204	507	237	25160	0	26108
22666	25189	294	201	490	0	26174
22667	495	205	195	25332	0	26227
22668	25371	197	201	499	0	26268
22669	524	133	231	25586	0	26474
22670	25472	135	274	534	0	26415
22671	26052	123	244	441	0	26860
22672	723	186	220	25451	0	26580
22673	570	730	241	24302	0	25843
22674	308	24614	263	669	0	25854
22675	320	25248	242	470	0	26280
22676	377	491	24630	346	0	25844
22677	312	24487	426	364	0	25589
22678	19233	350	494	254	0	20331
22679	421	181	150	18723	0	19475
22680	215	17996	144	288	0	18643
22681	18389	208	101	247	0	18945
22682	299	164	103	18244	0	18810
22683	227	86	119	17869	0	18301
22684	171	68	133	18116	0	18488
22685	154	111	128	18350	0	18743
22686	144	18701	151	386	0	19382
22687	169	19672	109	239	0	20189
22688	20242	265	97	177	0	20781
22689	327	21079	128	138	0	21672
22690	250	278	107	20916	0	21551
22691	180	207	101	21025	0	21513
22692	171	95	96	21082	0	21444
22693	184	85	72	21198	0	21539
22694	20841	91	83	422	0	21437
22695	21076	66	95	300	0	21537
22696	486	77	21049	158	0	21770
22697	306	63	311	21141	0	21821
22698	196	93	21675	396	0	22360
22699	161	80	319	21540	0	22100
22700	140	89	255	21824	0	22308
22701	21872	102	111	531	0	22616
22702	348	92	113	22246	0	22799
22703	259	112	22349	419	0	23139
22704	180	108	21589	300	0	22177
22705	21306	78	416	238	0	22038
22706	334	90	22349	233	0	23006
22707	238	115	266	21353	0	21972
22708	121	91	22344	362	0	22918
22709	94	113	285	21225	0	21717
22710	64	21945	215	390	0	22614
22711	73	286	90	21388	0	21837
22712	44	21738	97	336	0	22215
22713	51	21680	57	259	0	22047
22714	54	355	50	21162	0	21621
22715	21213	197	28	294	0	21732
22716	204	21791	51	268	0	22314
22717	175	220	37	21763	0	22195
22718	21895	179	23	291	0	22388
22719	22004	75	31	254	0	22364
22720	22416	45	31	160	0	22652
22721	383	66	35	22062	0	22546
22722	245	45	38	22440	0	22768
22723	22376	49	40	430	0	22895
22724	22188	52	65	273	0	22578
22725	22607	54	43	152	0	22856
22726	402	51	49	22349	0	22851
22727	232	57	21771	290	0	22350
22728	20798	49	213	231	0	21291
22729	265	47	154	21181	0	21647
22730	193	21930	64	291	0	22478
22731	114	279	52	21433	0	21878
22732	93	21906	58	289	0	22346
22733	104	251	45	22011	0	22411
22734	70	189	21545	347	0	22151
22735	68	21173	209	269	0	21719
22736	68	219	165	19305	0	19757
22737	60	162	56	19378	0	19656
22738	64	75	55	19477	0	19671
22739	19739	61	32	396	0	20228
22740	235	20220	52	280	0	20787
22741	184	255	33	20741	0	21213
22742	21067	205	69	350	0	21691
22743	21128	65	36	271	0	21500
22744	459	54	45	21276	0	21834
22745	278	63	21820	369	0	22530
22746	117	53	276	21048	0	21494
22747	84	21828	245	388	0	22545
22748	91	278	74	22176	0	22619
22749	21876	212	61	378	0	22527
22750	312	53	47	22992	0	23404
22751	271	80	23457	401	0	24209
22752	93	25304	303	360	0	26060
22753	25678	335	218	139	0	26370
22754	375	245	25945	138	0	26703
22755	25790	70	364	146	0	26370
22756	404	62	267	27212	0	27945
22757	304	50	93	27112	0	27559
22758	100	27652	106	610	0	28468
22759	28801	329	74	373	0	29577
22760	422	261	65	29292	0	30040
22761	321	73	66	29936	0	30396
22762	138	46	58	30650	0	30892
22763	139	142	30586	704	0	31571
22764	104	52	405	30708	0	31269
22765	30992	44	302	523	0	31861
22766	31415	54	91	416	0	31976
22767	656	45	72	31213	0	31986
22768	361	46	73	31654	0	32134
22769	31133	50	44	724	0	31951
22770	466	82	31011	391	0	31950
22771	30242	65	412	188	0	30907
22772	499	75	30564	152	0	31290
22773	362	82	30674	132	0	31250
22774	140	57	617	30075	0	30889
22775	144	74	31367	487	0	32072
22776	30650	45	430	382	0	31507
22777	469	42	291	31776	0	32578
22778	351	73	32035	472	0	32931
22779	30443	45	427	390	0	31305
22780	31410	61	314	200	0	31985
22781	698	85	32501	178	0	33462
22782	443	114	409	29667	0	30633
22783	156	32948	316	425	0	33845
22784	32887	366	116	357	0	33726
22785	506	285	33224	150	0	34165
22786	30439	87	418	165	0	31109
22787	459	32430	329	185	0	33403
22788	30917	312	123	141	0	31493
22789	30800	210	74	121	0	31205
22790	30870	68	62	156	0	31156
22791	536	68	69	30570	0	31243
22792	312	31347	94	403	0	32156
22793	169	343	30786	312	0	31610
22794	115	31806	339	180	0	32440
22795	173	358	237	28388	0	29156
22796	108	31022	110	342	0	31582
22797	106	31347	99	283	0	31835
22798	30236	445	169	152	0	31002
22799	391	245	30611	137	0	31384
22800	324	109	31550	153	0	32136
22801	228	91	31497	126	0	31942
22802	142	31651	443	170	0	32406
22803	31402	289	223	186	0	32100
22804	31548	202	104	168	0	32022
22805	31392	86	91	148	0	31717
22806	486	31383	112	169	0	32150
22807	285	298	90	32128	0	32801
22808	155	229	32246	387	0	33017
22809	177	105	32256	302	0	32840
22810	32259	90	533	227	0	33109
22811	33631	82	256	209	0	34178
22812	33687	143	122	169	0	34121
22813	605	70	33272	175	0	34122
22814	32614	42	368	246	0	33270
22815	446	71	254	33399	0	34170
22816	384	83	158	33578	0	34203
22817	229	126	35342	595	0	36292
22818	234	35758	402	383	0	36777
22819	224	279	297	35795	0	36595
22820	208	215	35547	505	0	36475
22821	32649	72	413	435	0	33569
22822	488	73	317	35856	0	36734
22823	405	53	182	36097	0	36737
22824	35988	40	159	649	0	36836
22825	498	47	173	36226	0	36944
22826	36074	50	155	562	0	36841
22827	36373	63	166	457	0	37059
22828	622	58	228	36464	0	37372
22829	503	73	184	36712	0	37472
22830	36685	85	217	603	0	37590
22831	523	71	232	37213	0	38039
22832	38091	60	237	513	0	38901
22833	38152	70	270	358	0	38850
22834	38098	75	206	232	0	38611
22835	683	73	229	37644	0	38629
22836	475	174	232	37847	0	38728
22837	37669	73	188	565	0	38495
22838	503	37410	260	324	0	38497
22839	362	36575	223	153	0	37313
22840	36096	329	183	161	0	36769
22841	407	232	35464	134	0	36237
22842	34872	76	338	158	0	35444
22843	390	75	254	37128	0	37847
22844	324	135	37776	264	0	38499
22845	37040	84	293	194	0	37611
22846	383	86	188	38411	0	39068
22847	319	99	98	39267	0	39783
22848	261	87	110	40408	0	40866
22849	249	95	79	40511	0	40934
22850	39976	108	136	359	0	40579
22851	299	39376	132	250	0	40057
22852	36252	181	90	122	0	36645
22853	237	153	36286	59	0	36735
22854	196	71	35286	68	0	35621
22855	107	37011	236	90	0	37444
22856	185	320	243	36019	0	36767
22857	85	129	36040	161	0	36415
22858	74	34602	128	288	0	35092
22859	44	92	34192	62	0	34390
22860	39	30	32	33401	0	33502
22861	21	11	22	33975	0	34029
22862	34151	10	6	113	0	34280
22863	48	7	11	33581	0	33647
22864	33364	6	14	69	0	33453
22865	63	52	33642	71	0	33828
22866	41	34438	44	82	0	34605
22867	34	38	35	36248	0	36355
22868	47	61	11	38470	0	38589
22869	49	44	38930	62	0	39085
22870	53	63	36828	42	0	36986
22871	35662	15	96	67	0	35840
22872	39319	10	38	64	0	39431
22873	71	17	18	39296	0	39402
22874	43	10	15	39279	0	39347
22875	18	38948	28	93	0	39087
22876	21	49	10	40315	0	40395
22877	41164	30	15	100	0	41309
22878	41275	9	102	75	0	41461
22879	108	42977	45	97	0	43227
22880	43381	89	19	61	0	43550
22881	43103	88	17	56	0	43264
22882	197	25	13	46519	0	46754
22883	104	47783	41	206	0	48134
22884	44	163	13	48354	0	48574
22885	38	152	14	48317	0	48521
22886	38	69	47609	331	0	48047
22887	46489	23	189	216	0	46917
22888	283	20	150	52038	0	52491
22889	229	26	31	53555	0	53841
22890	45	61386	84	694	0	62209
22891	67	483	17	64352	0	64919
22892	64884	308	36	666	0	65894
22893	67808	76	49	420	0	68353
22894	1041	94	68205	112	0	69452
22895	534	90	68465	71	0	69160
22896	134	52	1107	68047	0	69340
22897	90	29	471	71749	0	72339
22898	123	70	71813	1175	0	73181
22899	104	71	71816	558	0	72549
22900	117	27	1194	68124	0	69462
22901	100	88	72562	852	0	73602
22902	116	66	72179	544	0	72905
22903	90	46	1240	68931	0	70307
22904	71922	31	575	814	0	73342
22905	72676	27	152	550	0	73405
22906	1248	67	126	71097	0	72538
22907	628	45	87	72635	0	73395
22908	71300	45	92	1256	0	72693
22909	887	43	96	70736	0	71762
22910	70673	38	79	944	0	71734
22911	69896	53	105	636	0	70690
22912	1294	44	95	70394	0	71827
22913	654	72	98	71265	0	72089
22914	68653	74	100	1402	0	70229
22915	838	70057	173	732	0	71800
22916	597	70642	193	333	0	71765
22917	268	1229	163	67729	0	69389
22918	235	618	67964	980	0	69797
22919	190	158	856	67461	0	68665
22920	67400	88	599	1076	0	69163
22921	903	82	204	68015	0	69204
22922	68196	76	191	1059	0	69522
22923	1006	176	68070	836	0	70088
22924	66640	72	918	447	0	68077
22925	992	76	655	68511	0	70234
22926	692	92	205	70052	0	71041
22927	381	95	72557	1481	0	74514
22928	328	82	933	71797	0	73140
22929	265	110	629	73181	0	74185
22930	234	105	277	74521	0	75137
22931	72552	111	246	1592	0	74501
22932	1056	166	73175	916	0	75313
22933	797	149	72486	475	0	73907
22934	70618	89	1460	412	0	72579
22935	72875	66	788	501	0	74230
22936	1537	132	74592	500	0	76761
22937	902	200	1053	70080	0	72235
22938	401	74918	874	1087	0	77280
22939	366	874	435	75996	0	77671
22940	75490	530	438	1258	0	77716
22941	76119	153	444	1000	0	77716
22942	1492	117	434	74388	0	76431
22943	857	74341	522	1430	0	77150
22944	576	799	440	69914	0	71729
22945	456	73648	463	1291	0	75858
22946	73433	857	474	1031	0	75795
22947	71724	555	468	688	0	73435
22948	71191	165	414	767	0	72537
22949	1614	69823	484	775	0	72696
22950	1008	71733	485	743	0	73969
22951	593	1432	375	71441	0	73841
22952	569	627	344	72178	0	73718
22953	606	184	358	72285	0	73433
22954	602	167	347	73167	0	74283
22955	636	255	70352	1974	0	73217
22956	65657	185	1048	1288	0	68178
22957	1373	261	72180	844	0	74658
22958	71932	185	1144	854	0	74115
22959	1476	258	75235	769	0	77738
22960	73662	210	1192	828	0	75892
22961	1515	270	76824	813	0	79422
22962	72679	186	1352	739	0	74956
22963	1568	171	943	76530	0	79212
22964	78004	213	565	1612	0	80394
22965	1491	170	410	78655	0	80726
22966	1168	207	440	78716	0	80531
22967	696	200	436	75231	0	76563
22968	560	73666	489	2153	0	76868
22969	73231	959	416	1382	0	75988
22970	72882	658	344	927	0	74811
22971	1892	73989	495	865	0	77241
22972	1227	1001	390	74176	0	76794
22973	765	750	73359	1603	0	76477
22974	71224	243	1158	1331	0	73956
22975	73885	196	909	846	0	75836
22976	72992	176	453	769	0	74390
22977	1987	180	377	68989	0	71533
22978	1083	69615	473	1415	0	72586
22979	720	967	355	69411	0	71453
22980	68606	633	436	1404	0	71079
22981	1439	253	377	65043	0	67112
22982	893	63733	384	1210	0	66220
22983	61822	844	401	925	0	63992
22984	1268	634	62801	547	0	65250
22985	1138	311	62855	468	0	64772
22986	662	62705	1343	527	0	65237
22987	511	61264	746	494	0	63015
22988	932	1099	57745	428	0	60204
22989	806	668	54470	418	0	56362
22990	478	2341	964	43394	0	47177
22991	45509	175	604	521	0	46809
22992	562	119	45840	370	0	46891
22993	292	43127	352	202	0	43973
22994	42966	352	562	183	0	44063
22995	328	43147	118	128	0	43721
22996	40479	212	54	76	0	40821
22997	237	41024	56	89	0	41406
22998	171	41701	80	109	0	42061
22999	123	315	95	41579	0	42112
23000	135	153	73	41878	0	42239
23001	136	124	40608	269	0	41137
23002	116	46	178	39694	0	40034
23003	40454	67	116	225	0	40862
23004	40478	52	59	186	0	40775
23005	306	53	25	39926	0	40310
23006	249	103	39638	239	0	40229
23007	123	94	39313	178	0	39708
23008	84	42	280	39660	0	40066
23009	119	91	41032	217	0	41459
23010	87	49	223	40203	0	40562
23011	100	50	165	40370	0	40685
23012	109	101	45260	321	0	45791
23013	41113	129	340	228	0	41810
23014	45235	50	276	108	0	45669
23015	515	86	46479	83	0	47163
23016	324	98	48162	80	0	48664
23017	137	66	696	46801	0	47700
23018	102	64	352	52330	0	52848
23019	106	47	118	53711	0	53982
23020	92	71	95	54072	0	54330
23021	53472	64	81	900	0	54517
23022	55635	91	79	491	0	56296
23023	888	72	104	58612	0	59676
23024	535	85	81	61140	0	61841
23025	224	90	65094	1107	0	66515
23026	138	73	821	65880	0	66912
23027	142	46	650	68329	0	69167
23028	68267	65	180	1646	0	70158
23029	994	73262	142	945	0	75343
23030	784	1132	81	72646	0	74643
23031	251	763	103	73721	0	74838
23032	165	185	111	71698	0	72159
23033	114	68193	164	2083	0	70554
23034	140	72136	174	1178	0	73628
23035	168	1775	124	70921	0	72988
23036	176	885	89	70351	0	71501
23037	160	228	137	71879	0	72404
23038	67470	101	121	2171	0	69863
23039	1102	68933	151	1340	0	71526
23040	69657	1139	117	459	0	71372
23041	70127	829	108	352	0	71416
23042	1944	283	114	66861	0	69202
23043	974	67870	169	1373	0	70386
23044	67757	1169	105	1060	0	70091
23045	1267	901	87	68410	0	70665
23046	69069	299	144	1528	0	71040
23047	1410	205	120	69909	0	71644
23048	1207	246	69759	1652	0	72864
23049	369	246	71201	1243	0	73059
23050	277	183	1921	69869	0	72250
23051	287	213	989	70863	0	72352
23052	313	257	257	68836	0	69663
23053	279	68927	219	2311	0	71736
23054	270	72035	212	1399	0	73916
23055	69735	1938	130	743	0	72546
23056	68247	1101	139	565	0	70052
23057	1923	69125	172	647	0	71867
23058	960	66887	142	554	0	68543
23059	372	69169	131	586	0	70258
23060	64167	1921	209	608	0	66905
23061	1153	66228	182	583	0	68146
23062	953	1348	149	65659	0	68109
23063	65177	966	121	1435	0	67699
23064	64717	350	174	1161	0	66402
23065	1946	235	156	63128	0	65465
23066	1168	314	62580	1421	0	65483
23067	472	339	63161	1148	0	65120
23068	416	268	1783	62473	0	64940
23069	462	313	64582	1462	0	66819
23070	355	287	1230	63287	0	65159
23071	361	283	897	63379	0	64920
23072	373	325	63565	2107	0	66370
23073	466	327	63693	1286	0	65772
23074	388	336	1888	62113	0	64725
23075	359	298	1012	65069	0	66738
23076	62915	349	379	2256	0	65899
23077	1270	63145	337	1509	0	66261
23078	979	65954	298	917	0	68148
23079	63489	1953	241	767	0	66450
23080	64901	1163	231	793	0	67088
23081	1969	64612	283	868	0	67732
23082	1170	65487	282	906	0	67845
23083	64896	2049	232	775	0	67952
23084	1488	1210	207	64641	0	67546
23085	63826	509	280	1767	0	66382
23086	1478	63822	343	1604	0	67247
23087	64509	1358	267	983	0	67117
23088	1676	1123	63681	883	0	67363
23089	62467	507	1270	833	0	65077
23090	1641	558	64470	832	0	67501
23091	1258	451	1409	62776	0	65894
23092	62231	344	1030	1895	0	65500
23093	1536	413	61191	1631	0	64771
23094	1202	484	1331	61236	0	64253
23095	60817	481	1057	1862	0	64217
23096	1566	531	61553	1613	0	65263
23097	1214	494	1274	61811	0	64793
23098	60155	512	976	1886	0	63529
23099	1424	60485	403	1648	0	63960
23100	1286	1538	346	60336	0	63506
23101	754	1285	293	60899	0	63231
23102	718	692	258	60195	0	61863
23103	674	61398	309	2422	0	64803
23104	751	1650	241	63033	0	65675
23105	737	1275	263	63790	0	66065
23106	844	665	285	64767	0	66561
23107	800	538	256	66656	0	68250
23108	910	574	64414	2470	0	68368
23109	60345	572	1396	1557	0	63870
23110	63514	430	1124	890	0	65958
23111	2435	64017	563	790	0	67805
23112	1382	1312	378	59793	0	62865
23113	720	1011	439	59236	0	61406
23114	602	60019	494	2270	0	63385
23115	551	1137	427	59218	0	61333
23116	55717	864	498	1688	0	58767
23117	1174	55357	543	1427	0	58501
23118	52487	981	450	705	0	54623
23119	1178	788	351	52260	0	54577
23120	895	378	52280	1453	0	55006
23121	398	52241	1089	1167	0	54895
23122	47780	1042	935	684	0	50441
23123	951	46977	286	437	0	48651
23124	667	46233	238	416	0	47554
23125	40531	871	321	336	0	42059
23126	793	500	40558	268	0	42119
23127	345	36677	448	206	0	37676
23128	31415	1049	1357	406	0	34227
23129	28906	180	217	118	0	29421
23130	311	29542	46	114	0	30013
23131	197	213	59	30222	0	30691
23132	93	212	31103	249	0	31657
23133	69	81	193	30579	0	30922
23134	68	57	154	30886	0	31165
23135	55	57	48	32210	0	32370
23136	122	81	32116	382	0	32701
23137	75	62	203	30926	0	31266
23138	94	71	32097	286	0	32548
23139	77	107	30947	178	0	31309
23140	26461	70	338	151	0	27020
23141	223	31879	183	96	0	32381
23142	173	32220	69	75	0	32537
23143	118	369	37	32970	0	33494
23144	37128	215	45	343	0	37731
23145	37341	101	34	227	0	37703
23146	36659	62	52	109	0	36882
23147	37088	75	45	82	0	37290
23148	35779	71	62	86	0	35998
23149	460	98	35082	80	0	35720
23150	247	60	248	34120	0	34675
23151	93	35403	203	286	0	35985
23152	81	254	66	35604	0	36005
23153	35601	206	51	311	0	36169
23154	274	35515	79	260	0	36128
23155	239	262	52	35762	0	36315
23156	36129	205	68	326	0	36728
23157	36512	76	71	282	0	36941
23158	457	65	82	36589	0	37193
23159	267	74	58	35805	0	36204
23160	137	59	51	36513	0	36760
23161	114	111	35935	518	0	36678
23162	143	106	36436	292	0	36977
23163	127	75	422	36791	0	37415
23164	113	72	238	37458	0	37881
23165	37327	67	66	495	0	37955
23166	36965	61	72	319	0	37417
23167	37710	71	101	172	0	38054
23168	39201	70	58	186	0	39515
23169	38164	179	59	171	0	38573
23170	509	39571	100	218	0	40398
23171	41123	304	55	169	0	41651
23172	40714	283	53	155	0	41205
23173	41096	136	57	159	0	41448
23174	584	80	62	41898	0	42624
23175	355	109	41800	388	0	42652
23176	203	71	315	42428	0	43017
23177	220	159	46321	449	0	47149
23178	193	68	351	43282	0	43894
23179	132	46905	292	404	0	47733
23180	46656	329	104	314	0	47403
23181	48477	249	64	242	0	49032
23182	598	99	76	49687	0	50460
23183	367	67	73	52304	0	52811
23184	210	63	85	52058	0	52416
23185	140	54065	78	640	0	54923
23186	54255	327	68	353	0	55003
23187	53924	257	70	172	0	54423
23188	621	55137	97	172	0	56027
23189	398	336	60	55469	0	56263
23190	225	271	78	53537	0	54111
23191	145	55963	87	619	0	56814
23192	56494	353	78	366	0	57291
23193	56049	269	89	175	0	56582
23194	702	94	77	56294	0	57167
23195	450	117	56840	452	0	57859
23196	248	133	55520	372	0	56273
23197	176	82	643	57956	0	58857
23198	221	74	325	58241	0	58861
23199	191	83	114	59749	0	60137
23200	60278	77	74	788	0	61217
23201	60329	94	73	458	0	60954
23202	802	63828	119	334	0	65083
23203	64202	414	214	250	0	65080
23204	591	363	64764	180	0	65898
23205	493	159	64411	202	0	65265
23206	208	67472	773	188	0	68641
23207	64464	486	594	197	0	65741
23208	385	65692	107	204	0	66388
23209	65258	381	160	171	0	65970
23210	517	367	65415	143	0	66442
23211	408	144	64409	132	0	65093
23212	224	72	576	63125	0	63997
23213	206	143	67354	472	0	68175
23214	170	77	375	67646	0	68268
23215	180	92	330	64009	0	64611
23216	127	69293	149	697	0	70266
23217	172	383	93	69510	0	70158
23218	181	304	86	70214	0	70785
23219	71480	124	102	758	0	72464
23220	467	72372	120	500	0	73459
23221	423	439	74	73746	0	74682
23222	257	408	73632	552	0	74849
23223	62819	122	500	617	0	64058
23224	608	135	73613	228	0	74584
23225	486	122	514	70092	0	71214
23226	192	76871	463	539	0	78065
23227	175	613	152	75502	0	76442
23228	78775	483	110	665	0	80033
23229	77885	132	92	574	0	78683
23230	1090	81588	157	302	0	83137
23231	83779	698	100	302	0	84879
23232	84143	494	116	295	0	85048
23233	85287	164	123	253	0	85827
23234	86018	126	104	223	0	86471
23235	81119	133	154	250	0	81656
23236	1162	185	84424	159	0	85930
23237	679	131	647	83143	0	84600
23238	303	133	521	84065	0	85022
23239	236	145	176	82612	0	83169
23240	208	85022	190	1185	0	86605
23241	275	619	143	84372	0	85409
23242	274	600	84702	769	0	86345
23243	201	83629	678	683	0	85191
23244	209	81223	586	342	0	82360
23245	239	1199	260	80642	0	82340
23246	227	520	159	81055	0	81961
23247	219	178	171	78780	0	79348
23248	208	79708	194	1149	0	81259
23249	227	80758	178	704	0	81867
23250	80135	984	140	343	0	81602
23251	79205	559	141	275	0	80180
23252	1039	81323	198	329	0	82889
23253	82991	653	177	297	0	84118
23254	84902	539	197	356	0	85994
23255	1154	228	166	86663	0	88211
23256	705	197	186	88815	0	89903
23257	366	191	179	89358	0	90094
23258	345	264	89745	1238	0	91592
23259	408	274	89980	728	0	91390
23260	330	94635	1255	455	0	96675
23261	95551	803	716	378	0	97448
23262	1052	756	97546	317	0	99671
23263	93389	262	961	407	0	95019
23264	1190	312	103567	365	0	105434
23265	98798	266	1044	366	0	100474
23266	1210	106807	869	398	0	109284
23267	104923	1047	321	407	0	106698
23268	1207	833	263	104826	0	107129
23269	1004	328	249	106608	0	108189
23270	553	429	105863	1854	0	108699
23271	375	110105	1062	1272	0	112814
23272	432	1124	855	110902	0	113313
23273	425	1001	110341	1199	0	112966
23274	95584	366	1094	1130	0	98174
23275	1105	109047	874	527	0	111553
23276	106327	1038	276	436	0	108077
23277	1087	104560	318	528	0	106493
23278	920	1073	291	103993	0	106277
23279	101997	807	255	1180	0	104239
23280	987	102776	319	1859	0	105941
23281	941	1046	240	102631	0	104858
23282	497	902	100928	1200	0	103527
23283	91851	378	977	1033	0	94239
23284	1193	380	709	98916	0	101198
23285	1030	381	97874	1159	0	100444
23286	483	97332	971	1242	0	100028
23287	458	1025	732	96983	0	99198
23288	547	890	97530	1141	0	100108
23289	474	500	986	91482	0	93442
23290	427	97722	872	1052	0	100073
23291	466	98745	358	959	0	100528
23292	601	1620	97236	386	0	99843
23293	497	880	945	95748	0	98070
23294	464	454	98164	1151	0	100233
23295	92723	346	1013	959	0	95041
23296	1146	497	759	92216	0	94618
23297	872	93403	347	1064	0	95686
23298	389	97431	249	892	0	98961
23299	94056	1439	234	408	0	96137
23300	956	97087	263	464	0	98770
23301	95188	966	286	381	0	96821
23302	1071	835	94003	288	0	96197
23303	85762	324	868	351	0	87305
23304	907	91509	749	424	0	93589
23305	90256	927	232	367	0	91782
23306	882	89636	250	531	0	91299
23307	774	970	173	88417	0	90334
23308	305	806	214	90983	0	92308
23309	318	400	90272	1436	0	92426
23310	84214	311	899	907	0	86331
23311	993	388	91951	343	0	93675
23312	90558	280	980	349	0	92167
23313	1088	285	744	90931	0	93048
23314	878	365	264	90575	0	92082
23315	349	93511	297	1655	0	95812
23316	346	1069	260	95970	0	97645
23317	368	916	274	97252	0	98810
23318	370	430	95731	1821	0	98352
23319	84742	296	1134	1135	0	87307
23320	1105	92742	923	478	0	95248
23321	91792	1026	344	343	0	93505
23322	1152	831	283	90858	0	93124
23323	838	372	283	92709	0	94202
23324	90802	256	273	1699	0	93030
23325	1102	92645	404	1143	0	95294
23326	87956	972	254	336	0	89518
23327	1087	88319	336	445	0	90187
23328	768	87627	278	283	0	88956
23329	86861	1465	439	262	0	89027
23330	1108	818	266	84570	0	86762
23331	844	428	84432	1018	0	86722
23332	389	276	978	82748	0	84391
23333	351	273	746	82030	0	83400
23334	264	83129	343	1752	0	85488
23335	373	1063	221	84033	0	85690
23336	325	903	209	84570	0	86007
23337	314	375	184	85699	0	86572
23338	302	322	248	87174	0	88046
23339	351	393	85739	1897	0	88380
23340	306	417	87516	1107	0	89346
23341	365	342	1669	88373	0	90749
23342	407	362	89173	1406	0	91348
23343	413	400	88536	1052	0	90401
23344	412	338	1767	87924	0	90441
23345	454	423	91348	1361	0	93586
23346	466	449	1236	82745	0	84896
23347	290	92065	989	1282	0	94626
23348	93164	1237	385	1110	0	95896
23349	1393	1017	100983	591	0	103984
23350	1068	440	1438	99603	0	102549
23351	515	439	103162	1702	0	105818
23352	387	347	1571	107743	0	110048
23353	392	357	1125	110369	0	112243
23354	107418	354	450	2821	0	111043
23355	1749	343	387	109238	0	111717
23356	104591	288	337	2193	0	107409
23357	104867	282	340	1727	0	107216
23358	2618	104727	444	799	0	108588
23359	100601	1639	308	562	0	103110
23360	1730	99632	396	610	0	102368
23361	1164	99952	386	634	0	102136
23362	96592	2350	708	577	0	100227
23363	1751	1292	97440	538	0	101021
23364	1165	461	94307	409	0	96342
23365	89069	521	2976	419	0	92985
23366	90290	258	1332	457	0	92337
23367	2245	91773	550	497	0	95065
23368	93837	1388	354	495	0	96074
23369	92565	1049	364	504	0	94482
23370	90426	349	380	464	0	91619
23371	2526	229	313	88192	0	91260
23372	86914	235	310	1723	0	89182
23373	1656	89635	397	1446	0	93134
23374	1339	1445	320	90739	0	93843
23375	684	1022	325	90494	0	92525
23376	518	90887	416	2685	0	94506
23377	550	1456	320	92730	0	95056
23378	90552	1165	351	1894	0	93962
23379	90969	498	343	1455	0	93265
23380	2518	89683	379	829	0	93409
23381	1503	91503	388	668	0	94062
23382	90847	2302	383	555	0	94087
23383	1905	1342	90169	602	0	94018
23384	1639	569	90406	556	0	93170
23385	872	584	2395	86782	0	90633
23386	788	421	1291	90317	0	92817
23387	856	510	89242	2477	0	93085
23388	830	86720	1690	1607	0	90847
23389	885	1619	1262	84904	0	88670
23390	889	1332	88267	1754	0	92242
23391	824	586	1632	86741	0	89783
23392	773	551	1236	84754	0	87314
23393	717	89652	651	2583	0	93603
23394	733	1686	477	88429	0	91325
23395	764	1330	472	89747	0	92313
23396	799	626	451	91395	0	93271
23397	89170	522	453	2797	0	92942
23398	2020	514	417	84554	0	87505
23399	1652	88009	455	2036	0	92152
23400	87393	1692	435	1557	0	91077
23401	2121	1361	86139	927	0	90548
23402	1788	663	85396	773	0	88620
23403	83412	511	2537	845	0	87305
23404	2064	564	1455	86297	0	90380
23405	1673	598	87340	1979	0	91590
23406	918	562	1770	86670	0	89920
23407	821	557	1451	88836	0	91665
23408	87237	517	772	2958	0	91484
23409	86301	564	659	1924	0	89448
23410	2790	87505	637	1294	0	92226
23411	1787	1665	591	85355	0	89398
23412	1130	1342	85993	2017	0	90482
23413	840	89169	1712	1867	0	93588
23414	87227	1649	1280	1049	0	91205
23415	1904	90116	673	924	0	93617
23416	88527	1690	559	834	0	91610
23417	2007	1366	88037	801	0	92211
23418	86487	689	1509	824	0	89509
23419	90568	634	1235	768	0	93205
23420	2780	670	92170	800	0	96420
23421	1814	980	1662	85517	0	89973
23422	1000	92537	1360	1740	0	96637
23423	884	94438	694	1530	0	97546
23424	881	95310	592	873	0	97656
23425	1041	2666	509	91271	0	95487
23426	984	1489	92909	1699	0	97081
23427	1100	655	1428	91013	0	94196
23428	938	612	1155	93702	0	96407
23429	969	717	92687	2474	0	96847
23430	864	92690	1537	1667	0	96758
23431	847	1614	1241	91011	0	94713
23432	91455	1250	631	1805	0	95141
23433	1760	691	564	91236	0	94251
23434	1473	586	489	89545	0	92093
23435	848	90754	549	2588	0	94739
23436	90681	1605	492	1604	0	94382
23437	1790	1366	376	92645	0	96177
23438	1554	683	91612	1812	0	95661
23439	781	91315	1435	1659	0	95190
23440	87857	1434	1280	873	0	91444
23441	1615	1336	89172	682	0	92805
23442	86127	730	1467	715	0	89039
23443	1559	708	1209	84772	0	88248
23444	1153	88089	743	1454	0	91439
23445	86553	1422	569	1239	0	89783
23446	85278	1182	522	802	0	87784
23447	1937	87711	639	745	0	91032
23448	1231	1232	522	83713	0	86698
23449	540	899	431	79995	0	81865
23450	77043	370	465	1737	0	79615
23451	1076	78317	446	1255	0	81094
23452	717	1091	253	70274	0	72335
23453	274	70105	299	841	0	71519
23454	207	69061	249	718	0	70235
23455	746	1042	273	66526	0	68587
23456	65695	500	235	661	0	67091
23457	500	67160	203	582	0	68445
23458	587	520	149	66469	0	67725
23459	271	468	167	67165	0	68071
23460	263	282	66497	891	0	67933
23461	308	247	64016	535	0	65106
23462	228	66018	742	355	0	67343
23463	277	560	64070	251	0	65158
23464	221	441	441	62726	0	63829
23465	229	266	65456	505	0	66456
23466	218	230	448	63328	0	64224
23467	250	208	366	65031	0	65855
23468	222	212	162	65195	0	65791
23469	63621	195	132	866	0	64814
23470	512	217	163	63823	0	64715
23471	497	221	131	62991	0	63840
23472	223	63345	158	805	0	64531
23473	210	525	144	61908	0	62787
23474	61906	482	165	646	0	63199
23475	458	63812	156	600	0	65026
23476	63786	575	154	354	0	64869
23477	601	561	63711	326	0	65199
23478	562	366	65137	323	0	66388
23479	266	294	734	66601	0	67895
23480	231	287	430	67546	0	68494
23481	210	68933	240	1007	0	70390
23482	242	644	225	67971	0	69082
23483	67920	540	219	753	0	69432
23484	67322	262	232	668	0	68484
23485	872	282	210	68904	0	70268
23486	593	326	73443	771	0	75133
23487	279	284	645	73970	0	75178
23488	259	295	603	75989	0	77146
23489	229	293	249	76976	0	77747
23490	226	274	244	76085	0	76829
23491	222	281	203	74250	0	74956
23492	204	75295	273	1283	0	77055
23493	73446	685	230	849	0	75210
23494	74802	610	214	569	0	76195
23495	74919	267	228	545	0	75959
23496	1033	76830	249	553	0	78665
23497	75184	719	174	532	0	76609
23498	729	76320	265	512	0	77826
23499	746	874	74626	465	0	76711
23500	361	638	653	71793	0	73445
23501	390	363	76043	919	0	77715
23502	289	76625	748	912	0	78574
23503	75137	760	625	560	0	77082
23504	805	755	77271	489	0	79320
23505	844	403	81112	484	0	82843
23506	353	84316	1338	573	0	86580
23507	383	983	784	84244	0	86394
23508	437	829	91030	1142	0	93438
23509	381	334	953	89253	0	90921
23510	360	306	779	99202	0	100647
23511	382	224	294	105687	0	106587
23512	110470	224	200	2190	0	113084
23513	109048	239	225	1327	0	110839
23514	2198	282	178	108628	0	111286
23515	108848	184	289	1619	0	110940
23516	1573	233	107623	1325	0	110754
23517	1166	259	106744	500	0	108669
23518	544	222	108644	444	0	109854
23519	438	240	109260	451	0	110389
23520	308	106031	2167	546	0	109052
23521	678	1260	1417	101286	0	104641
23522	426	931	106860	1249	0	109466
23523	98167	220	1295	1103	0	100785
23524	104689	135	1030	425	0	106279
23525	1935	106444	522	396	0	109297
23526	105978	1150	439	296	0	107863
23527	1355	905	416	105415	0	108091
23528	1088	353	108161	1298	0	110900
23529	439	239	1473	98749	0	100900
23530	254	109534	1170	1287	0	112245
23531	107471	1236	445	1041	0	110193
23532	106851	934	349	455	0	108589
23533	2023	109083	415	540	0	112061
23534	110401	1239	286	483	0	112409
23535	107931	979	285	399	0	109594
23536	2145	110302	319	478	0	113244
23537	1279	1285	300	104112	0	106976
23538	531	108514	403	1328	0	110776
23539	108262	1371	311	1141	0	111085
23540	1514	1248	318	107264	0	110344
23541	107787	394	375	1444	0	110000
23542	1652	366	307	107857	0	110182
23543	1363	488	106582	1461	0	109894
23544	102484	339	1365	1195	0	105383
23545	1701	452	107074	504	0	109731
23546	1425	378	1483	104453	0	107739
23547	734	386	105741	1521	0	108382
23548	639	403	1499	104634	0	107175
23549	640	410	105926	1680	0	108656
23550	99661	288	1592	1401	0	102942
23551	1541	105188	1273	658	0	108660
23552	105069	1263	546	607	0	107485
23553	1703	1033	491	104361	0	107588
23554	103015	374	483	1560	0	105432
23555	1574	104681	601	1378	0	108234
23556	1242	104478	611	637	0	106968
23557	639	108190	573	671	0	110073
23558	107376	2158	495	620	0	110649
23559	1778	1198	487	106869	0	110332
23560	1382	523	411	108827	0	111143
23561	773	603	106702	2333	0	110411
23562	800	499	106221	1353	0	108873
23563	696	444	2146	105889	0	109175
23564	826	546	109843	1632	0	112847
23565	622	109044	1614	1481	0	112761
23566	107490	1564	1411	692	0	111157
23567	1811	1329	109583	621	0	113344
23568	1543	595	110098	610	0	112846
23569	738	432	2490	105976	0	109636
23570	110078	361	1505	1761	0	113705
23571	1694	379	813	110914	0	113800
23572	110719	348	779	1849	0	113695
23573	1811	331	805	111790	0	114737
23574	1458	479	113184	1738	0	116859
23575	783	111393	1941	1567	0	115684
23576	817	1544	113403	845	0	116609
23577	626	113758	2007	736	0	117127
23578	797	2013	1527	109305	0	113642
23579	108501	1099	729	1679	0	112008
23580	1732	542	109495	1408	0	113177
23581	1526	403	1548	107441	0	110918
23582	890	393	1248	111007	0	113538
23583	111544	369	658	2414	0	114985
23584	1668	504	624	107369	0	110165
23585	1328	112490	727	1732	0	116277
23586	107740	1483	669	1256	0	111148
23587	1654	1289	107234	679	0	110856
23588	101625	592	1522	632	0	104371
23589	1708	107801	1239	628	0	111376
23590	1458	1572	613	99342	0	102985
23591	705	108978	511	1491	0	111685
23592	107384	1471	480	1231	0	110566
23593	1790	1244	108868	728	0	112630
23594	104368	627	1333	771	0	107099
23595	1683	110578	1161	659	0	114081
23596	1425	1429	527	110032	0	113413
23597	111056	1079	486	1626	0	114247
23598	111693	592	496	1192	0	113973
23599	2304	463	497	111055	0	114319
23600	1397	554	465	110846	0	113262
23601	757	111488	522	2304	0	115071
23602	729	1433	486	110358	0	113006
23603	725	123975	655	1633	0	126988
23604	688	128845	543	1484	0	131560
23605	758	3298	499	114367	0	118922
23606	579	120784	510	1835	0	123708
23607	939	1524	123452	1234	0	127149
23608	1493	1164	123020	695	0	126372
23609	490	120544	2508	1180	0	124722
23610	914	1394	118758	464	0	121530
23611	452	1145	117665	403	0	119665
23612	406	338	109355	244	0	110343
23613	165	107984	2072	380	0	110601
23614	103040	1477	1483	284	0	106284
23615	960	104714	435	336	0	106445
23616	924	1231	104774	218	0	107147
23617	331	865	1139	101399	0	103734
23618	102060	299	912	1125	0	104396
23619	1105	280	102807	817	0	105009
23620	850	181	1201	100218	0	102450
23621	378	228	104799	1087	0	106492
23622	252	159	1309	101125	0	102845
23623	100612	179	942	1282	0	103015
23624	1199	259	103578	895	0	105931
23625	801	104303	1303	459	0	106866
23626	367	1202	934	100199	0	102702
23627	104576	902	396	1106	0	106980
23628	1228	413	104532	845	0	107018
23629	1013	410	1318	92551	0	95292
23630	339	103759	1161	1065	0	106324
23631	104223	1173	446	874	0	106716
23632	106330	903	442	396	0	108071
23633	2050	416	383	103761	0	106610
23634	1126	109958	420	1387	0	112891
23635	424	113056	380	1188	0	115048
23636	114029	2147	314	417	0	116907
23637	1493	1499	336	108838	0	112166
23638	1091	114928	428	1673	0	118120
23639	112576	1561	344	1207	0	115688
23640	1479	1163	304	116101	0	119047
23641	1170	412	344	117173	0	119099
23642	513	412	112538	2460	0	115923
23643	296	116625	1470	1493	0	119884
23644	438	120587	1210	556	0	122791
23645	342	2325	461	118471	0	121599
23646	118616	1279	343	1611	0	121849
23647	1507	120728	377	1330	0	123942
23648	120056	1615	317	493	0	122481
23649	1663	121130	389	434	0	123616
23650	1307	1741	293	119247	0	122588
23651	119949	1312	266	1597	0	123124
23652	1671	609	263	120730	0	123273
23653	1412	533	121215	1717	0	124877
23654	593	497	1575	112998	0	115663
23655	365	119873	1294	1689	0	123221
23656	117421	1701	461	1240	0	120823
23657	1549	119628	518	553	0	122248
23658	1364	1770	402	113158	0	116694
23659	617	1390	367	117502	0	119876
23660	592	696	115700	2566	0	119554
23661	533	623	115969	1455	0	118580
23662	494	2664	2466	111775	0	117399
23663	615	662	115837	1753	0	118867
23664	413	113602	1810	1494	0	117319
23665	112440	1704	1333	629	0	116106
23666	1642	1469	115716	522	0	119349
23667	111020	701	1712	610	0	114043
23668	115857	593	1374	507	0	118331
23669	115757	591	642	510	0	117500
23670	115799	594	505	494	0	117392
23671	2619	579	571	113522	0	117291
23672	1534	597	607	110600	0	113338
23673	656	113786	693	2514	0	117649
23674	109880	1698	694	1477	0	113749
23675	1775	1540	109807	649	0	113771
23676	1382	714	1814	106407	0	110317
23677	711	665	1510	108320	0	111206
23678	655	626	107913	2526	0	111720
23679	587	107979	1855	1682	0	112103
23680	719	1760	1557	102676	0	106712
23681	650	1372	734	109074	0	111830
23682	106359	714	561	2627	0	110261
23683	1688	106442	626	1783	0	110539
23684	1588	1701	495	101804	0	105588
23685	754	105362	624	1886	0	108626
23686	681	1780	575	106275	0	109311
23687	104255	1315	473	2031	0	108074
23688	104517	670	551	1572	0	107310
23689	2643	537	528	103752	0	107460
23690	103213	589	493	1943	0	106238
23691	102259	568	471	1631	0	104929
23692	2676	102984	495	965	0	107120
23693	1794	1683	384	98078	0	101939
23694	903	101554	508	1746	0	104711
23695	840	1822	339	100756	0	103757
23696	98856	1440	321	1969	0	102586
23697	1855	808	369	98836	0	101868
23698	1569	661	324	99872	0	102426
23699	937	777	98279	2737	0	102730
23700	795	95258	1430	1851	0	99334
23701	863	98858	1110	984	0	101815
23702	94439	2333	509	990	0	98271
23703	1524	1537	263	80707	0	84031
23704	75873	566	264	1355	0	78058
23705	1273	74089	289	1307	0	76958
23706	1000	70553	283	659	0	72495
23707	517	74253	260	636	0	75666
23708	66660	1329	686	519	0	69194
23709	792	68527	272	463	0	70054
23710	65943	842	860	449	0	68094
23711	64089	544	197	352	0	65182
23712	65855	279	122	356	0	66612
23713	1123	209	108	69032	0	70472
23714	702	226	135	70711	0	71774
23715	359	159	141	71666	0	72325
23716	295	229	139	71583	0	72246
23717	70281	163	157	1340	0	71941
23718	849	70108	200	780	0	71937
23719	666	733	120	70138	0	71657
23720	70558	532	156	950	0	72196
23721	885	223	123	69584	0	70815
23722	689	201	109	70166	0	71165
23723	68748	202	132	1312	0	70394
23724	911	304	67874	727	0	69816
23725	638	207	667	66931	0	68443
23726	297	260	68824	917	0	70298
23727	283	182	677	66749	0	67891
23728	281	274	490	67014	0	68059
23729	65018	147	167	1251	0	66583
23730	773	64747	198	719	0	66437
23731	527	63977	148	346	0	64998
23732	60393	814	101	316	0	61624
23733	621	63121	139	269	0	64150
23734	62796	499	213	322	0	63830
23735	735	380	61988	210	0	63313
23736	56655	129	471	208	0	57463
23737	58863	113	263	144	0	59383
23738	59267	58	38	162	0	59525
23739	613	65	43	57780	0	58501
23740	308	120	40	57527	0	57995
23741	93	58131	96	646	0	58966
23742	159	574	37	57380	0	58150
23743	56730	250	46	475	0	57501
23744	345	57167	92	363	0	57967
23745	209	56879	62	174	0	57324
23746	55554	477	26	113	0	56170
23747	383	317	55514	75	0	56289
23748	253	63	299	53714	0	54329
23749	155	164	55979	391	0	56689
23750	104	66	309	53788	0	54267
23751	63	56195	231	329	0	56818
23752	75	353	34	56537	0	56999
23753	55369	189	42	384	0	55984
23754	354	50	34	55551	0	55989
23755	281	97	57821	397	0	58596
23756	51020	44	383	371	0	51818
23757	413	58947	279	146	0	59785
23758	263	62374	114	221	0	62972
23759	64292	634	39	154	0	65119
23760	67582	314	52	172	0	68120
23761	949	169	68659	104	0	69881
23762	63986	82	632	155	0	64855
23763	694	68652	398	189	0	69933
23764	69176	663	88	162	0	70089
23765	754	401	58	65632	0	66845
23766	450	64357	108	701	0	65616
23767	64709	656	59	465	0	65889
23768	797	488	65101	150	0	66536
23769	506	182	635	64590	0	65913
23770	66808	119	386	818	0	68131
23771	795	165	66532	555	0	68047
23772	65919	81	694	224	0	66918
23773	830	83	410	66381	0	67704
23774	517	136	123	67757	0	68533
23775	281	162	68514	1137	0	70094
23776	206	99	716	67438	0	68459
23777	68266	81	428	941	0	69716
23778	744	67896	207	684	0	69531
23779	68287	698	91	335	0	69411
23780	68545	455	72	243	0	69315
23781	1191	178	92	67662	0	69123
23782	634	226	69093	847	0	70800
23783	303	137	708	68382	0	69530
23784	69274	99	479	910	0	70762
23785	813	69277	202	685	0	70977
23786	70483	737	110	339	0	71669
23787	959	468	129	70007	0	71563
23788	614	146	129	71763	0	72652
23789	285	122	123	72648	0	73178
23790	280	185	71216	1372	0	73053
23791	255	123	827	71082	0	72287
23792	286	172	71894	1019	0	73371
23793	322	266	72143	633	0	73364
23794	258	165	1262	78065	0	79750
23795	303	239	80152	1147	0	81841
23796	83211	193	1151	898	0	85453
23797	1466	144	742	89146	0	91498
23798	1141	174	296	86819	0	88430
23799	371	91650	266	2221	0	94508
23800	91885	1366	189	1169	0	94609
23801	94306	1017	177	484	0	95984
23802	2363	96220	217	469	0	99269
23803	1306	1425	150	95744	0	98625
23804	537	1167	96915	1548	0	100167
23805	91377	325	1471	1215	0	94388
23806	97859	179	1050	474	0	99562
23807	2501	292	337	93634	0	96764
23808	1371	289	92198	1610	0	95468
23809	485	90617	1558	1373	0	94033
23810	88904	1436	1057	480	0	91877
23811	1778	1116	90206	392	0	93492
23812	1159	89152	1580	451	0	92342
23813	84974	1231	1287	340	0	87832
23814	85420	943	417	324	0	87104
23815	2221	290	218	82589	0	85318
23816	1227	86424	315	1384	0	89350
23817	507	1512	217	89762	0	91998
23818	430	1187	213	90222	0	92052
23819	402	316	219	90380	0	91317
23820	351	204	308	90856	0	91719
23821	399	292	88712	2505	0	91908
23822	421	210	1365	89444	0	91440
23823	432	228	1011	90779	0	92450
23824	476	262	89680	2431	0	92849
23825	352	89525	1490	1510	0	92877
23826	89114	1421	1136	600	0	92271
23827	90027	1037	417	522	0	92003
23828	2388	340	285	90042	0	93055
23829	90627	231	331	1690	0	92879
23830	1788	259	292	91845	0	94184
23831	1353	280	93070	1885	0	96588
23832	759	401	92667	1434	0	95261
23833	410	91357	2434	829	0	95030
23834	89288	1465	1339	615	0	92707
23835	1798	1227	94987	587	0	98599
23836	1400	437	1829	86316	0	89982
23837	716	263	1393	97818	0	100190
23838	558	300	520	100821	0	102199
23839	539	257	357	101206	0	102359
23840	509	250	392	101476	0	102627
23841	500	369	98086	3661	0	102616
23842	556	270	1887	98959	0	101672
23843	96841	296	1527	2569	0	101233
23844	2010	96625	692	2119	0	101446
23845	95738	1905	450	1011	0	99104
23846	2166	97853	523	818	0	101360
23847	97042	2127	457	742	0	100368
23848	98979	1473	392	743	0	101587
23849	3410	588	427	96387	0	100812
23850	1992	382	378	98890	0	101642
23851	96670	392	392	3387	0	100841
23852	94925	386	425	2131	0	97867
23853	96357	350	429	1077	0	98213
23854	3257	93384	571	1044	0	98256
23855	1753	93496	530	1110	0	96889
23856	1004	2817	92079	823	0	96723
23857	777	1835	1874	89116	0	93602
23858	697	698	89465	2347	0	93207
23859	507	85770	2134	2013	0	90424
23860	575	1625	1369	80719	0	84288
23861	573	1246	517	81584	0	83920
23862	567	471	369	84168	0	85575
23863	81488	359	399	3074	0	85320
23864	81271	368	356	1978	0	83973
23865	2715	81895	432	1090	0	86132
23866	1683	1539	407	81702	0	85331
23867	843	1360	82010	1948	0	86161
23868	695	638	80094	1571	0	82998
23869	79099	431	2580	868	0	82978
23870	80850	413	1482	825	0	83570
23871	2862	350	588	79672	0	83472
23872	81093	322	495	2059	0	83969
23873	2072	386	79566	1818	0	83842
23874	1584	78910	1707	1114	0	83315
23875	801	1538	1391	78357	0	82087
23876	745	1323	81276	2099	0	85443
23877	622	614	1754	81486	0	84476
23878	602	387	1462	82576	0	85027
23879	635	552	82682	3161	0	87030
23880	77599	408	1658	2225	0	81890
23881	83030	345	1413	1299	0	86087
23882	2726	86926	698	1254	0	91604
23883	88779	1672	489	1089	0	92029
23884	90153	1408	495	1018	0	93074
23885	3289	609	89467	986	0	94351
23886	86612	523	1836	955	0	89926
23887	2383	92690	1580	949	0	97602
23888	93107	1829	580	812	0	96328
23889	95322	1437	478	750	0	97987
23890	97333	684	455	755	0	99227
23891	94332	453	464	795	0	96044
23892	95483	492	448	817	0	97240
23893	3555	93686	560	991	0	98792
23894	86318	1598	414	776	0	89106
23895	2119	86224	462	728	0	89533
23896	1264	76020	356	562	0	78202
23897	624	78800	396	516	0	80336
23898	76561	2029	1200	474	0	80264
23899	76210	1095	330	438	0	78073
23900	2196	449	76236	409	0	79290
23901	76354	390	1253	477	0	78474
23902	76910	271	981	475	0	78637
23903	2330	391	78014	459	0	81194
23904	1402	240	1366	75460	0	78468
23905	709	284	1022	76692	0	78707
23906	629	286	347	79286	0	80548
23907	641	290	244	80390	0	81565
23908	641	291	236	80532	0	81700
23909	640	341	78374	2406	0	81761
23910	609	78267	1429	1413	0	81718
23911	75402	1401	1091	544	0	78438
23912	1640	77392	452	581	0	80065
23913	77514	1495	300	390	0	79699
23914	76708	1042	273	372	0	78395
23915	2486	491	75295	389	0	78661
23916	1522	531	1344	65137	0	68534
23917	670	71332	1117	1254	0	74373
23918	71777	1327	543	959	0	74606
23919	72311	947	318	552	0	74128
23920	72748	398	321	397	0	73864
23921	2294	73230	338	457	0	76319
23922	73576	1279	267	384	0	75506
23923	73741	925	272	361	0	75299
23924	74050	409	212	385	0	75056
23925	2509	307	257	71036	0	74109
23926	1476	339	249	72350	0	74414
23927	866	278	215	73697	0	75056
23928	71268	336	247	2055	0	73906
23929	1664	72683	311	1153	0	75811
23930	71999	1249	205	394	0	73847
23931	70221	918	218	233	0	71590
23932	68949	341	197	276	0	69763
23933	68039	305	243	256	0	68843
23934	2399	66333	223	448	0	69403
23935	60653	1072	141	197	0	62063
23936	1483	60433	169	232	0	62317
23937	920	58511	131	214	0	59776
23938	57879	1221	101	186	0	59387
23939	1114	57364	131	197	0	58806
23940	885	58699	125	203	0	59912
23941	58422	1264	380	166	0	60232
23942	58633	670	94	175	0	59572
23943	1531	362	92	56832	0	58817
23944	973	289	81	58256	0	59599
23945	59021	304	93	1218	0	60636
23946	60576	282	117	665	0	61640
23947	60605	292	123	298	0	61318
23948	1592	376	59090	207	0	61265
23949	60810	286	759	258	0	62113
23950	1262	302	525	60805	0	62894
23951	986	275	208	61397	0	62866
23952	670	270	159	61906	0	63005
23953	580	277	170	62503	0	63530
23954	633	316	60535	1369	0	62853
23955	587	316	60820	759	0	62482
23956	595	272	1168	60929	0	62964
23957	611	311	61469	1017	0	63408
23958	620	324	61361	785	0	63090
23959	627	306	1226	60153	0	62312
23960	597	295	648	62864	0	64404
23961	595	276	285	64009	0	65165
23962	584	342	231	64206	0	65363
23963	63857	303	212	1521	0	65893
23964	66217	278	258	915	0	67668
23965	1745	260	237	64941	0	67183
23966	1176	223	235	65494	0	67128
23967	703	276	230	65652	0	66861
23968	663	314	247	65375	0	66599
23969	677	235	220	64423	0	65555
23970	628	64402	288	1656	0	66974
23971	64150	887	189	1031	0	66257
23972	1197	65102	246	696	0	67241
23973	65079	979	186	644	0	66888
23974	65082	669	180	573	0	66504
23975	65259	378	159	501	0	66297
23976	1816	335	148	61623	0	63922
23977	61633	334	146	1109	0	63222
23978	1465	311	147	60612	0	62535
23979	1137	403	131	60330	0	62001
23980	59850	287	137	1424	0	61698
23981	1319	58945	156	872	0	61292
23982	845	55427	141	455	0	56868
23983	54027	895	103	364	0	55389
23984	1047	532	53568	327	0	55474
23985	48600	320	651	361	0	49932
23986	1180	712	389	51159	0	53440
23987	707	48520	133	769	0	50129
23988	538	49618	95	533	0	50784
23989	49349	716	91	390	0	50546
23990	751	482	64	48859	0	50156
23991	535	52079	94	698	0	53406
23992	51047	496	196	432	0	52171
23993	50875	298	52	293	0	51518
23994	51206	174	79	279	0	51738
23995	51274	167	37	275	0	51753
23996	818	49888	78	279	0	51063
23997	372	49206	61	295	0	49934
23998	49341	512	34	158	0	50045
23999	50854	244	44	185	0	51327
24000	725	162	49900	148	0	50935
24001	279	48825	373	142	0	49619
24002	48856	312	209	115	0	49492
24003	50250	213	56	101	0	50620
24004	568	129	50775	82	0	51554
24005	47576	85	355	133	0	48149
24006	657	96	52824	86	0	53663
24007	311	89	57107	85	0	57592
24008	168	122	708	50797	0	51795
24009	83	56464	405	484	0	57436
24010	58866	489	126	405	0	59886
24011	574	380	55	58915	0	59924
24012	432	105	44	59290	0	59871
24013	149	65	48	60439	0	60701
24014	59502	43	44	994	0	60583
24015	580	48	43	59414	0	60085
24016	438	57	31	60998	0	61524
24017	179	101	60799	917	0	61996
24018	57450	66	566	544	0	58626
24019	61403	63	378	204	0	62048
24020	1085	116	61712	125	0	63038
24021	58385	45	632	127	0	59189
24022	779	112	421	58218	0	59530
24023	516	60184	157	656	0	61513
24024	210	612	77	60717	0	61616
24025	58954	445	72	731	0	60202
24026	678	60179	132	581	0	61570
24027	547	672	66	60356	0	61641
24028	248	517	82	61538	0	62385
24029	215	122	80	62003	0	62420
24030	240	103	86	57862	0	58291
24031	159	62992	131	1133	0	64415
24032	62970	723	73	602	0	64368
24033	63429	533	95	268	0	64325
24034	1230	65644	131	328	0	67333
24035	71176	821	87	224	0	72308
24036	73471	567	72	220	0	74330
24037	72942	153	91	214	0	73400
24038	1885	139	71053	181	0	73258
24039	936	114	1038	69874	0	71962
24040	389	150	70898	1119	0	72556
24041	67209	108	1136	816	0	69269
24042	1185	70439	771	325	0	72720
24043	68352	1054	212	205	0	69823
24044	1189	70808	204	234	0	72435
24045	924	1120	139	66143	0	68326
24046	424	731	151	68429	0	69735
24047	362	265	68979	1698	0	71304
24048	287	69256	1186	1040	0	71769
24049	67756	1132	857	337	0	70082
24050	1321	852	68329	270	0	70772
24051	67197	252	1153	284	0	68886
24052	1367	219	804	67882	0	70272
24053	1145	263	68277	1336	0	71021
24054	411	68018	1232	1139	0	70800
24055	407	1142	825	67732	0	70106
24056	429	838	68729	1318	0	71314
24057	448	345	68936	933	0	70662
24058	451	67569	1822	497	0	70339
24059	525	1324	928	65024	0	67801
24060	560	850	322	62130	0	63862
24061	452	66099	346	1793	0	68690
24062	65855	1150	287	989	0	68281
24063	1409	855	310	62900	0	65474
24064	1074	64429	369	1282	0	67154
24065	65018	1180	329	1042	0	67569
24066	64974	878	372	463	0	66687
24067	66070	349	373	404	0	67196
24068	2076	64998	392	525	0	67991
24069	66109	1238	289	551	0	68187
24070	65831	984	303	529	0	67647
24071	2137	472	269	64153	0	67031
24072	65333	335	222	1541	0	67431
24073	1556	385	247	65164	0	67352
24074	1262	388	64399	1568	0	67617
24075	738	311	65562	1265	0	67876
24076	625	289	1894	64890	0	67698
24077	614	380	66388	1550	0	68932
24078	62057	328	1392	1224	0	65001
24079	1660	320	1040	65506	0	68526
24080	1336	281	443	66871	0	68931
24081	745	388	65559	2212	0	68904
24082	643	63922	1355	1343	0	67263
24083	587	66286	1089	703	0	68665
24084	590	1971	462	62807	0	65830
24085	609	1081	336	64667	0	66693
24086	601	454	63000	2149	0	66204
24087	562	512	64120	1242	0	66436
24088	625	411	1911	63054	0	66001
24089	645	384	62337	1630	0	64996
24090	59590	433	1342	1232	0	62597
24091	1616	460	965	60714	0	63755
24092	61313	472	366	1518	0	63669
24093	1699	407	347	60726	0	63179
24094	1284	403	314	61926	0	63927
24095	739	422	60656	2165	0	63982
24096	640	61057	1448	1332	0	64477
24097	678	1273	1140	60435	0	63526
24098	594	1033	60873	1479	0	63979
24099	558	58096	1449	1147	0	61250
24100	556	1247	1103	58423	0	61329
24101	58409	892	473	1397	0	61171
24102	1436	377	58937	1118	0	61868
24103	54142	260	1299	625	0	56326
24104	1472	270	55800	433	0	57975
24105	48968	212	1323	389	0	50892
24106	1115	51672	941	438	0	54166
24107	691	48250	366	439	0	49746
24108	334	1798	352	44082	0	46566
24109	223	46510	287	905	0	47925
24110	44452	851	238	779	0	46320
24111	925	600	274	44781	0	46580
24112	687	257	272	45452	0	46668
24113	283	208	212	46190	0	46893
24114	230	202	44220	1454	0	46106
24115	287	187	890	44041	0	45405
24116	306	260	43740	1004	0	45310
24117	228	42203	992	787	0	44210
24118	39382	727	644	329	0	41082
24119	794	42463	283	280	0	43820
24120	43143	710	200	333	0	44386
24121	43504	506	194	353	0	44557
24122	43845	203	179	346	0	44573
24123	43598	151	211	357	0	44317
24124	1211	149	42276	323	0	43959
24125	613	164	842	41578	0	43197
24126	248	222	637	42255	0	43362
24127	246	200	260	43290	0	43996
24128	39626	180	223	1284	0	41313
24129	39842	215	232	704	0	40993
24130	1161	41710	238	482	0	43591
24131	703	611	39643	261	0	41218
24132	361	434	39633	230	0	40658
24133	252	38799	1018	279	0	40348
24134	190	38234	584	281	0	39289
24135	940	911	823	30081	0	32755
24136	112	235	94	29927	0	30368
24137	29904	90	90	490	0	30574
24138	292	29993	115	355	0	30755
24139	260	282	88	30799	0	31429
24140	133	258	31391	352	0	32134
24141	136	87	321	32061	0	32605
24142	113	77	248	32905	0	33343
24143	108	67	105	33290	0	33570
24144	138	65	102	33131	0	33436
24145	126	66	32386	552	0	33130
24146	111	31539	321	386	0	32357
24147	92	31605	289	138	0	32124
24148	29852	375	84	110	0	30421
24149	262	30867	100	122	0	31351
24150	234	32520	92	103	0	32949
24151	148	476	95	31762	0	32481
24152	114	226	71	32467	0	32878
24153	113	98	92	32561	0	32864
24154	136	94	32362	482	0	33074
24155	92	32201	274	373	0	32940
24156	114	281	190	30495	0	31080
24157	87	32419	95	286	0	32887
24158	31920	249	101	255	0	32525
24159	241	32257	116	173	0	32787
24160	31869	259	97	143	0	32368
24161	295	237	31437	155	0	32124
24162	30962	112	263	148	0	31485
24163	293	103	189	31956	0	32541
24164	229	123	32393	303	0	33048
24165	30579	111	240	239	0	31169
24166	31849	119	196	129	0	32293
24167	32090	109	85	124	0	32408
24168	427	92	79	31559	0	32157
24169	236	125	32045	342	0	32748
24170	29763	90	270	313	0	30436
24171	290	91	195	32602	0	33178
24172	241	83	94	32913	0	33331
24173	138	140	33961	454	0	34693
24174	95	33881	273	284	0	34533
24175	131	351	175	32034	0	32691
24176	117	33726	95	329	0	34267
24177	32673	393	66	200	0	33332
24178	32990	174	103	128	0	33395
24179	392	84	73	32701	0	33250
24180	32702	62	76	318	0	33158
24181	280	32734	89	226	0	33329
24182	32235	246	84	141	0	32706
24183	288	32959	75	129	0	33451
24184	218	239	79	32668	0	33204
24185	150	176	55	32295	0	32676
24186	133	32900	80	390	0	33503
24187	119	292	73	32866	0	33350
24188	199	189	32422	307	0	33117
24189	86	32098	256	230	0	32670
24190	30020	194	127	106	0	30447
24191	180	30603	96	132	0	31011
24192	155	185	59	30282	0	30681
24193	138	167	30165	281	0	30751
24194	89	73	167	29979	0	30308
24195	87	52	141	30746	0	31026
24196	29299	62	51	329	0	29741
24197	248	76	30125	188	0	30637
24198	166	30459	188	219	0	31032
24199	102	222	32224	95	0	32643
24200	81	183	32160	73	0	32497
24201	214	72	31630	78	0	31994
24202	98	338	348	29187	0	29971
24203	31397	32	225	244	0	31898
24204	186	31805	56	215	0	32262
24205	32441	197	29	91	0	32758
24206	33824	171	36	109	0	34140
24207	346	51	22	32607	0	33026
24208	183	34060	46	211	0	34500
24209	33400	218	24	187	0	33829
24210	200	34583	53	82	0	34918
24211	167	238	29	34008	0	34442
24212	60	172	34	35708	0	35974
24213	36	36298	66	382	0	36782
24214	63	209	37	36652	0	36961
24215	68	199	35543	254	0	36064
24216	57	110	35793	179	0	36139
24217	61	61	339	35926	0	36387
24218	60	46	187	36767	0	37060
24219	93	79	34808	358	0	35338
24220	81	93	33968	196	0	34338
24221	29975	51	377	117	0	30520
24222	231	33768	188	115	0	34302
24223	202	36113	97	132	0	36544
24224	105	372	59	34436	0	34972
24225	72	183	55	34930	0	35240
24226	121	74	39	35602	0	35836
24227	103	81	35300	397	0	35881
24228	104	91	34666	207	0	35068
24229	85	52	367	35236	0	35740
24230	106	72	35601	279	0	36058
24231	49	35102	276	322	0	35749
24232	34829	240	302	119	0	35490
24233	301	195	34973	102	0	35571
24234	215	99	34963	85	0	35362
24235	95	68	397	34596	0	35156
24236	108	90	39025	314	0	39537
24237	77	39716	345	348	0	40486
24238	85	361	257	40540	0	41243
24239	114	282	40624	408	0	41428
24240	51	40042	381	329	0	40803
24241	39033	346	407	116	0	39902
24242	356	320	91	38922	0	39689
24243	290	79	69	39368	0	39806
24244	39282	69	74	591	0	40016
24245	333	39126	84	373	0	39916
24246	39522	360	65	119	0	40066
24247	39463	306	85	119	0	39973
24248	39314	71	90	136	0	39611
24249	643	51	82	38324	0	39100
24250	37229	51	91	391	0	37762
24251	393	35920	102	337	0	36752
24252	309	37107	95	119	0	37630
24253	37541	602	66	111	0	38320
24254	409	357	75	37875	0	38716
24255	376	99	62	38237	0	38774
24256	134	88	70	38803	0	39095
24257	111	109	37163	794	0	38177
24258	80	37343	415	425	0	38263
24259	93	411	347	38473	0	39324
24260	38376	341	112	490	0	39319
24261	437	113	85	38655	0	39290
24262	409	147	38391	509	0	39456
24263	123	38514	481	436	0	39554
24264	38776	405	388	216	0	39785
24265	38987	383	135	131	0	39636
24266	39208	130	99	158	0	39595
24267	802	94	97	39083	0	40076
24268	499	130	38927	460	0	40016
24269	215	123	40168	462	0	40968
24270	134	41307	826	204	0	42471
24271	164	606	494	40879	0	42143
24272	137	450	135	41827	0	42549
24273	39981	140	82	918	0	41121
24274	568	129	75	40946	0	41718
24275	41532	102	103	644	0	42381
24276	638	111	40612	528	0	41889
24277	545	124	41172	227	0	42068
24278	210	87	921	40324	0	41542
24279	171	90	529	41358	0	42148
24280	166	95	169	42661	0	43091
24281	43233	92	129	1044	0	44498
24282	45428	72	154	629	0	46283
24283	1072	173	141	45865	0	47251
24284	648	130	45410	782	0	46970
24285	234	132	46073	665	0	47104
24286	156	101	1166	45709	0	47132
24287	46378	94	659	801	0	47932
24288	764	106	186	45768	0	46824
24289	648	94	158	46717	0	47617
24290	258	98	46711	1244	0	48311
24291	199	88	46309	708	0	47304
24292	43654	89	1213	312	0	45268
24293	807	153	46673	237	0	47870
24294	655	77	771	44412	0	45915
24295	267	114	590	45542	0	46513
24296	45531	70	189	1167	0	46957
24297	752	44975	191	827	0	46745
24298	44365	606	160	266	0	45397
24299	718	43006	184	269	0	44177
24300	41704	627	107	213	0	42651
24301	749	511	40897	209	0	42366
24302	36890	219	753	186	0	38048
24303	38725	81	469	192	0	39467
24304	1047	127	169	38503	0	39846
24305	647	74	38483	665	0	39869
24306	237	58	614	36425	0	37334
24307	172	58	516	36275	0	37021
24308	133	36486	202	1040	0	37861
24309	172	540	119	35410	0	36241
24310	164	36321	157	684	0	37326
24311	199	610	90	35839	0	36738
24312	35125	452	113	740	0	36430
24313	660	126	132	35208	0	36126
24314	600	110	34854	733	0	36297
24315	33940	73	633	600	0	35246
24316	730	77	35911	294	0	37012
24317	35333	69	699	255	0	36356
24318	36092	75	556	265	0	36988
24319	1065	36164	222	282	0	37733
24320	650	37974	203	225	0	39052
24321	37724	1000	158	215	0	39097
24322	38602	594	130	239	0	39565
24323	37590	156	146	220	0	38112
24324	37612	90	162	248	0	38112
24325	37530	87	147	222	0	37986
24326	1271	100	138	36401	0	37910
24327	725	68	153	37342	0	38288
24328	351	104	37283	1150	0	38888
24329	36046	81	689	743	0	37559
24330	798	75	607	36540	0	38020
24331	681	128	234	36792	0	37835
24332	337	135	36500	1198	0	38170
24333	249	35473	708	802	0	37232
24334	259	36236	647	390	0	37532
24335	35245	1018	348	312	0	36923
24336	31899	589	151	273	0	32912
24337	1002	30500	189	215	0	31906
24338	576	30361	161	189	0	31287
24339	30292	790	201	175	0	31458
24340	31151	462	157	236	0	32006
24341	957	127	113	30785	0	31982
24342	605	83	109	30981	0	31778
24343	299	92	120	31951	0	32462
24344	31151	101	114	1009	0	32375
24345	31468	93	105	628	0	32294
24346	1016	89	117	31735	0	32957
24347	32626	96	141	630	0	33493
24348	766	113	33061	558	0	34498
24349	656	134	562	33022	0	34374
24350	313	104	33297	699	0	34413
24351	249	32618	666	613	0	34146
24352	301	634	580	32198	0	33713
24353	31815	438	186	615	0	33054
24354	659	151	117	31913	0	32840
24355	580	100	145	32148	0	32973
24356	289	154	31852	979	0	33274
24357	262	145	31889	614	0	32910
24358	290	32385	867	253	0	33795
24359	32075	514	467	203	0	33259
24360	32400	434	152	195	0	33181
24361	32541	173	130	177	0	33021
24362	32614	105	123	202	0	33044
24363	1086	86	129	31835	0	33136
24364	674	127	114	30528	0	31443
24365	308	32271	103	923	0	33605
24366	31897	523	134	547	0	33101
24367	31872	420	117	243	0	32652
24368	1025	150	31149	212	0	32536
24369	27391	91	458	172	0	28112
24370	591	28724	432	266	0	30013
24371	539	812	122	27148	0	28621
24372	261	29341	75	501	0	30178
24373	28278	578	129	421	0	29406
24374	549	28844	90	203	0	29686
24375	460	444	130	27651	0	28685
24376	225	328	70	28082	0	28705
24377	201	90	58	27446	0	27795
24378	161	26944	95	808	0	28008
24379	186	525	97	27026	0	27834
24380	270	564	84	26008	0	26926
24381	156	24145	101	640	0	25042
24382	159	22786	70	331	0	23346
24383	21448	454	58	127	0	22087
24384	317	22097	52	136	0	22602
24385	21390	315	67	105	0	21877
24386	392	271	21258	96	0	22017
24387	295	21342	257	126	0	22020
24388	21331	284	197	119	0	21931
24389	21047	235	47	166	0	21495
24390	479	81	21071	155	0	21786
24391	316	103	270	20804	0	21493
24392	153	107	21658	309	0	22227
24393	109	21131	277	328	0	21845
24394	20727	301	223	166	0	21417
24395	301	21192	132	119	0	21744
24396	304	297	50	20552	0	21203
24397	154	258	57	21166	0	21635
24398	137	123	21218	440	0	21918
24399	140	92	20611	289	0	21132
24400	19859	94	408	149	0	20510
24401	21035	91	231	168	0	21525
24402	21144	95	64	135	0	21438
24403	21047	74	76	119	0	21316
24404	500	21054	90	112	0	21756
24405	292	295	73	20946	0	21606
24406	146	259	67	20850	0	21322
24407	147	21708	80	459	0	22394
24408	21944	298	82	305	0	22629
24409	21987	252	68	150	0	22457
24410	515	108	22087	150	0	22860
24411	22071	84	269	138	0	22562
24412	385	92	250	22155	0	22882
24413	356	100	21999	306	0	22761
24414	193	172	298	21557	0	22220
24415	177	92	22064	327	0	22660
24416	133	95	21088	253	0	21569
24417	152	345	411	19322	0	20230
24418	123	20182	235	284	0	20824
24419	19942	251	118	248	0	20559
24420	19180	246	61	133	0	19620
24421	416	20939	86	105	0	21546
24422	241	21394	75	99	0	21809
24423	21614	353	61	119	0	22147
24424	21746	198	65	106	0	22115
24425	21796	100	69	76	0	22041
24426	21789	77	84	109	0	22059
24427	451	62	52	22115	0	22680
24428	239	95	21801	251	0	22386
24429	117	21701	247	262	0	22327
24430	21224	226	224	77	0	21751
24431	254	22401	50	88	0	22793
24432	22379	235	47	66	0	22727
24433	22136	184	45	75	0	22440
24434	412	103	22936	65	0	23516
24435	210	24252	203	81	0	24746
24436	107	277	155	24103	0	24642
24437	99	179	57	24595	0	24930
24438	101	74	44	24119	0	24338
24439	23932	58	43	404	0	24437
24440	22919	68	36	216	0	23239
24441	23047	58	44	107	0	23256
24442	373	23662	64	93	0	24192
24443	22835	212	40	74	0	23161
24444	240	23578	49	90	0	23957
24445	210	238	23541	79	0	24068
24446	71	23768	207	80	0	24126
24447	145	291	202	22338	0	22976
24448	65	120	27	21932	0	22144
24449	86	51	21857	217	0	22211
24450	70	42	140	21080	0	21332
24451	64	32	113	21902	0	22111
24452	21967	40	37	251	0	22295
24453	21727	41	34	135	0	21937
24454	22146	42	31	55	0	22274
24455	243	22560	67	58	0	22928
24456	22389	150	27	67	0	22633
24457	21691	112	37	72	0	21912
24458	249	22544	54	66	0	22913
24459	159	150	37	22410	0	22756
24460	95	123	34	22609	0	22861
24461	22420	52	47	260	0	22779
24462	212	60	22311	145	0	22728
24463	135	21602	150	127	0	22014
24464	98	230	108	20434	0	20870
24465	67	21011	35	129	0	21242
24466	61	21348	33	133	0	21575
24467	21262	198	47	63	0	21570
24468	21227	106	24	51	0	21408
24469	218	48	23	21741	0	22030
24470	133	50	26	21405	0	21614
24471	83	40	20	21585	0	21728
24472	59	42	65	21516	0	21682
24473	73	50	21106	237	0	21466
24474	79	65	20070	125	0	20339
24475	80	37	175	21213	0	21505
24476	95	50	22959	167	0	23271
24477	61	23470	136	164	0	23831
24478	23661	128	106	69	0	23964
24479	23819	127	43	67	0	24056
24480	246	75	36	24154	0	24511
24481	161	37	33	24176	0	24407
24482	77	53	21	24293	0	24444
24483	62	24742	51	258	0	25113
24484	24559	168	30	196	0	24953
24485	24378	124	32	81	0	24615
24486	271	80	24425	76	0	24852
24487	182	48	147	25694	0	26071
24488	104	68	26830	222	0	27224
24489	98	49	188	28560	0	28895
24490	78	59	151	28535	0	28823
24491	76	58	47	28590	0	28771
24492	86	46	44	28978	0	29154
24493	28948	49	49	496	0	29542
24494	29182	54	45	278	0	29559
24495	30020	45	48	132	0	30245
24496	544	53	18	29944	0	30559
24497	329	51	29666	339	0	30385
24498	27938	36	293	278	0	28545
24499	350	46	219	29794	0	30409
24500	30026	44	65	365	0	30500
24501	332	54	48	29850	0	30284
24502	260	29814	78	401	0	30553
24503	107	30975	47	305	0	31434
24504	122	549	38	30723	0	31432
24505	122	240	62	30475	0	30899
24506	108	70	22	30346	0	30546
24507	66	30352	54	549	0	31021
24508	29427	312	25	317	0	30081
24509	319	30134	74	153	0	30680
24510	262	343	30073	116	0	30794
24511	105	237	326	29138	0	29806
24512	62	30937	264	386	0	31649
24513	80	322	75	30699	0	31176
24514	80	232	66	30943	0	31321
24515	91	85	30953	608	0	31737
24516	27510	80	331	409	0	28330
24517	372	31831	238	198	0	32639
24518	32047	326	54	151	0	32578
24519	32457	245	38	135	0	32875
24520	32453	82	51	132	0	32718
24521	667	176	30778	104	0	31725
24522	348	49	347	29546	0	30290
24523	165	72	264	30313	0	30814
24524	113	66	29907	625	0	30711
24525	26557	58	385	415	0	27415
24526	423	103	30210	178	0	30914
24527	304	67	28847	150	0	29368
24528	95	28915	537	168	0	29715
24529	97	321	271	28634	0	29323
24530	114	266	29417	372	0	30169
24531	27127	85	323	306	0	27841
24532	28224	71	256	151	0	28702
24533	566	91	28670	122	0	29449
24534	304	87	342	28018	0	28751
24535	142	91	28703	386	0	29322
24536	98	28725	362	370	0	29555
24537	29573	331	271	177	0	30352
24538	29832	297	103	154	0	30386
24539	30162	86	76	140	0	30464
24540	618	73	90	29721	0	30502
24541	345	72	68	30473	0	30958
24542	176	81	30020	635	0	30912
24543	28503	59	368	368	0	29298
24544	456	67	281	29595	0	30399
24545	29099	68	148	452	0	29767
24546	451	54	29300	396	0	30201
24547	349	83	29902	161	0	30495
24548	175	140	619	28326	0	29260
24549	164	94	332	29986	0	30576
24550	175	82	30188	648	0	31093
24551	28132	61	432	383	0	29008
24552	440	82	331	28317	0	29170
24553	320	30684	156	438	0	31598
24554	30413	356	129	348	0	31246
24555	446	31398	141	187	0	32172
24556	31045	391	129	164	0	31729
24557	520	314	31814	163	0	32811
24558	400	104	31436	156	0	32096
24559	143	31813	655	213	0	32824
24560	31768	363	362	157	0	32650
24561	471	295	31882	155	0	32803
24562	30084	76	433	149	0	30742
24563	475	31892	337	155	0	32859
24564	402	359	128	32009	0	32898
24565	185	280	155	30707	0	31327
24566	130	32307	150	615	0	33202
24567	33145	360	136	360	0	34001
24568	33304	293	124	177	0	33898
24569	33768	102	120	156	0	34146
24570	715	119	34293	129	0	35256
24571	419	70	442	33708	0	34639
24572	170	105	349	34307	0	34931
24573	169	72	158	34992	0	35391
24574	161	111	34595	703	0	35570
24575	152	33659	499	479	0	34789
24576	31899	394	355	180	0	32828
24577	475	310	32320	118	0	33223
24578	30681	122	445	111	0	31359
24579	485	32161	344	166	0	33156
24580	32054	405	168	115	0	32742
24581	502	355	147	31696	0	32700
24582	32270	95	147	420	0	32932
24583	488	92	144	32439	0	33163
24584	384	83	33578	435	0	34480
24585	199	215	410	32917	0	33741
24586	225	79	33316	413	0	34033
24587	28796	58	410	294	0	29558
24588	384	31282	316	157	0	32139
24589	264	353	110	27184	0	27911
24590	114	30355	117	290	0	30876
24591	29859	253	140	205	0	30457
24592	29612	175	149	92	0	30028
24593	414	29920	100	92	0	30526
24594	29754	216	108	89	0	30167
24595	30239	151	94	89	0	30573
24596	374	70	71	29896	0	30411
24597	221	63	80	30426	0	30790
24598	31494	49	66	367	0	31976
24599	31573	60	61	196	0	31890
24600	415	57	74	31191	0	31737
24601	243	46	72	33774	0	34135
24602	34337	45	74	441	0	34897
24603	387	86	34533	229	0	35235
24604	32115	46	346	108	0	32615
24605	405	76	34307	104	0	34892
24606	263	33816	355	124	0	34558
24607	145	318	241	32908	0	33612
24608	152	221	34808	301	0	35482
24609	100	35892	339	252	0	36583
24610	35453	318	215	176	0	36162
24611	363	221	36208	78	0	36870
24612	34686	67	297	79	0	35129
24613	36603	70	190	89	0	36952
24614	37573	58	72	124	0	37827
24615	507	82	81	34312	0	34982
24616	284	38829	91	267	0	39471
24617	38075	274	79	232	0	38660
24618	380	222	38569	99	0	39270
24619	34354	56	304	139	0	34853
24620	328	92	38641	108	0	39169
24621	231	38441	316	131	0	39119
24622	129	280	254	38348	0	39011
24623	122	206	98	37758	0	38184
24624	108	38667	111	420	0	39306
24625	133	298	81	38777	0	39289
24626	134	235	39101	342	0	39812
24627	127	39557	315	251	0	40250
24628	158	329	202	38789	0	39478
24629	38757	234	67	305	0	39363
24630	39948	72	72	247	0	40339
24631	587	70	69	40131	0	40857
24632	332	41513	82	410	0	42337
24633	162	371	83	41574	0	42190
24634	155	233	75	41209	0	41672
24635	192	102	39330	599	0	40223
24636	148	39998	378	352	0	40876
24637	152	363	226	39491	0	40232
24638	162	244	39446	392	0	40244
24639	128	39269	367	335	0	40099
24640	147	384	227	39207	0	39965
24641	39523	228	156	377	0	40284
24642	423	40617	102	278	0	41420
24643	287	386	65	40596	0	41334
24644	42028	216	90	422	0	42756
24645	42023	74	76	293	0	42466
24646	41986	93	58	129	0	42266
24647	41530	71	75	144	0	41820
24648	611	74	72	41273	0	42030
24649	355	105	42174	414	0	43048
24650	183	98	368	39622	0	40271
24651	171	41710	264	378	0	42523
24652	41898	351	121	313	0	42683
24653	446	258	40938	140	0	41782
24654	38577	112	347	127	0	39163
24655	439	107	40529	131	0	41206
24656	308	146	372	39470	0	40296
24657	176	122	40643	392	0	41333
24658	173	92	365	39439	0	40069
24659	189	125	40195	430	0	40939
24660	165	83	371	39006	0	39625
24661	39795	78	219	428	0	40520
24662	421	41556	125	347	0	42449
24663	329	358	81	40893	0	41661
24664	204	295	87	41321	0	41907
24665	189	134	42693	545	0	43561
24666	216	129	41414	292	0	42051
24667	38173	99	550	175	0	38997
24668	406	41429	281	239	0	42355
24669	40986	337	164	119	0	41606
24670	41210	199	111	142	0	41662
24671	570	78	104	39403	0	40155
24672	288	41751	134	384	0	42557
24673	42549	343	139	277	0	43308
24674	43003	231	109	165	0	43508
24675	43816	92	107	150	0	44165
24676	43683	92	89	125	0	43989
24677	43363	79	110	140	0	43692
24678	608	116	42816	99	0	43639
24679	41787	92	375	119	0	42373
24680	471	118	43235	107	0	43931
24681	327	73	380	41754	0	42534
24682	178	68	236	44136	0	44618
24683	170	105	43495	567	0	44337
24684	41281	100	378	345	0	42104
24685	460	66	264	45203	0	45993
24686	318	97	111	46041	0	46567
24687	177	70	110	46514	0	46871
24688	149	69	89	46174	0	46481
24689	167	82	85	46507	0	46841
24690	149	138	46024	788	0	47099
24691	167	89	447	45263	0	45966
24692	184	96	46297	578	0	47155
24693	183	138	45637	418	0	46376
24694	44842	92	805	183	0	45922
24695	47037	76	731	166	0	48010
24696	49971	80	298	150	0	50499
24697	1073	77	50991	161	0	52302
24698	549	84	50812	143	0	51588
24699	237	90	52249	165	0	52741
24700	173	53075	1233	266	0	54747
24701	488	802	792	50375	0	52457
24702	52448	437	153	703	0	53741
24703	737	101	103	54229	0	55170
24704	523	56155	139	918	0	57735
24705	56637	794	93	660	0	58184
24706	866	547	105	55414	0	56932
24707	625	57697	143	943	0	59408
24708	202	788	120	57913	0	59023
24709	148	583	123	57469	0	58323
24710	55766	113	114	1424	0	57417
24711	876	85	130	56126	0	57217
24712	673	123	55392	1027	0	57215
24713	219	84	882	53860	0	55045
24714	144	53263	680	996	0	55083
24715	224	54895	242	736	0	56097
24716	179	1314	155	52193	0	53841
24717	157	711	160	50989	0	52017
24718	155	52286	168	1408	0	54017
24719	154	52850	155	760	0	53919
24720	157	53502	163	341	0	54163
24721	249	1503	145	46824	0	48721
24722	146	52682	142	879	0	53849
24723	51531	985	139	642	0	53297
24724	963	755	52303	291	0	54312
24725	679	309	858	49038	0	50884
24726	222	52574	639	942	0	54377
24727	51612	907	171	760	0	53450
24728	1048	753	52162	351	0	54314
24729	675	52190	927	368	0	54160
24730	50035	891	642	274	0	51842
24731	810	50601	259	307	0	51977
24732	642	51535	202	287	0	52666
24733	361	1457	172	48835	0	50825
24734	180	51282	242	926	0	52630
24735	50256	963	149	693	0	52061
24736	857	743	139	50083	0	51822
24737	662	370	49987	942	0	51961
24738	274	329	49962	762	0	51327
24739	186	394	1273	49321	0	51174
24740	267	292	50788	935	0	52282
24741	220	223	866	50173	0	51482
24742	48646	232	686	1034	0	50598
24743	916	266	49033	806	0	51021
24744	640	242	859	46212	0	47953
24745	236	47668	723	926	0	49553
24746	225	856	294	48023	0	49398
24747	241	719	246	47658	0	48864
24748	234	49043	295	1384	0	50956
24749	222	926	237	49216	0	50601
24750	229	751	253	49509	0	50742
24751	246	440	48757	1486	0	50929
24752	169	48403	892	964	0	50428
24753	47951	1000	677	497	0	50125
24754	872	788	295	48550	0	50505
24755	716	405	49238	1127	0	51486
24756	288	351	938	48666	0	50243
24757	274	377	49269	1166	0	51086
24758	45636	344	953	948	0	47881
24759	875	49097	794	501	0	51267
24760	743	957	362	48600	0	50662
24761	351	790	312	50149	0	51602
24762	47877	395	331	1534	0	50137
24763	991	363	267	48493	0	50114
24764	785	438	47641	1193	0	50057
24765	341	364	920	44882	0	46507
24766	239	45151	782	1252	0	47424
24767	246	46872	376	1047	0	48541
24768	264	47905	304	652	0	49125
24769	276	1613	248	46129	0	48266
24770	278	990	45692	1164	0	48124
24771	220	45926	893	995	0	48034
24772	43887	1088	644	552	0	46171
24773	800	45645	338	619	0	47402
24774	45484	1116	275	543	0	47418
24775	45377	819	293	501	0	46990
24776	1348	479	44754	503	0	47084
24777	45668	429	908	485	0	47490
24778	47899	419	709	513	0	49540
24779	47826	364	295	527	0	49012
24780	48032	407	255	464	0	49158
24781	1482	461	47548	399	0	49890
24782	45752	378	871	415	0	47416
24783	47617	382	708	402	0	49109
24784	1310	48696	320	436	0	50762
24785	751	983	180	45645	0	47559
24786	360	767	220	45436	0	46783
24787	288	46812	279	1305	0	48684
24788	45389	916	228	741	0	47274
24789	817	46724	313	363	0	48217
24790	45185	884	226	307	0	46602
24791	44972	672	207	302	0	46153
24792	1209	46097	232	308	0	47846
24793	732	830	200	45365	0	47127
24794	408	656	45764	840	0	47668
24795	294	43939	802	738	0	45773
24796	369	895	518	39011	0	40793
24797	234	41681	242	576	0	42733
24798	191	43693	150	532	0	44566
24799	253	1448	210	40880	0	42791
24800	256	466	42129	673	0	43524
24801	142	41151	645	493	0	42431
24802	105	40482	406	156	0	41149
24803	35439	673	169	102	0	36383
24804	388	337	39	36714	0	37478
24805	306	103	32	37420	0	37861
24806	102	59	27	38473	0	38661
24807	88	118	37831	752	0	38789
24808	95	84	427	37481	0	38087
24809	65	39573	358	504	0	40500
24810	40360	465	85	373	0	41283
24811	525	366	38	40367	0	41296
24812	401	224	40151	531	0	41307
24813	40079	96	507	404	0	41086
24814	573	76	395	42230	0	43274
24815	450	98	45040	543	0	46131
24816	149	98	45463	435	0	46145
24817	44858	62	977	161	0	46058
24818	47151	68	491	116	0	47826
24819	47173	69	96	105	0	47443
24820	47520	124	78	114	0	47836
24821	1114	194	47107	119	0	48534
24822	549	48272	618	174	0	49613
24823	47792	631	460	99	0	48982
24824	658	48757	146	131	0	49692
24825	47654	696	63	125	0	48538
24826	684	49194	118	130	0	50126
24827	550	788	80	48453	0	49871
24828	183	520	84	48859	0	49646
24829	164	148	91	48030	0	48433
24830	150	47901	122	1102	0	49275
24831	156	49076	112	600	0	49944
24832	151	1038	90	45255	0	46534
24833	123	47722	141	645	0	48631
24834	219	752	47349	507	0	48827
24835	138	561	645	46880	0	48224
24836	195	257	48181	705	0	49338
24837	45850	167	711	583	0	47311
24838	47550	188	522	223	0	48483
24839	1161	167	47740	192	0	49260
24840	657	215	47335	204	0	48411
24841	245	205	1083	46423	0	47956
24842	224	205	47592	767	0	48788
24843	215	185	747	44071	0	45218
24844	185	45991	603	728	0	47507
24845	201	770	219	47603	0	48793
24846	205	660	163	47951	0	48979
24847	172	286	150	48449	0	49057
24848	213	277	46584	1294	0	48368
24849	233	226	772	45448	0	46679
24850	198	293	634	45176	0	46301
24851	271	307	251	43252	0	44081
24852	228	46444	225	1148	0	48045
24853	46379	775	182	749	0	48085
24854	46190	616	207	456	0	47469
24855	46110	278	237	414	0	47039
24856	1256	255	246	45052	0	46809
24857	742	296	44971	942	0	46951
24858	520	304	44496	766	0	46086
24859	294	44823	1208	481	0	46806
24860	43462	789	701	393	0	45345
24861	760	44875	355	480	0	46470
24862	44794	804	328	381	0	46307
24863	836	45230	326	498	0	46890
24864	44447	844	343	374	0	46008
24865	897	46736	353	374	0	48360
24866	813	877	311	46287	0	48288
24867	536	736	46060	939	0	48271
24868	485	351	46521	844	0	48201
24869	458	305	1288	45427	0	47478
24870	459	327	836	46164	0	47786
24871	427	307	377	47347	0	48458
24872	468	352	46477	1383	0	48680
24873	486	312	830	45588	0	47216
24874	44346	299	738	1110	0	46493
24875	44532	301	392	913	0	46138
24876	1318	44516	357	589	0	46780
24877	43344	825	309	463	0	44941
24878	978	42974	330	473	0	44755
24879	42887	920	291	454	0	44552
24880	43000	775	341	409	0	44525
24881	42180	437	384	394	0	43395
24882	1421	402	42141	406	0	44370
24883	905	373	41447	371	0	43096
24884	39996	309	1289	403	0	41997
24885	41952	241	856	360	0	43409
24886	1492	376	395	41142	0	43405
24887	1064	277	290	42819	0	44450
24888	596	299	328	43613	0	44836
24889	411	364	413	44100	0	45288
24890	383	371	376	45258	0	46388
24891	43450	386	346	1527	0	45709
24892	970	368	257	43674	0	45269
24893	796	404	42756	1099	0	45055
24894	40116	316	831	979	0	42242
24895	41710	276	728	649	0	43363
24896	1247	42111	386	624	0	44368
24897	662	41846	241	588	0	43337
24898	37334	891	192	306	0	38723
24899	525	39083	258	328	0	40194
24900	37986	565	366	295	0	39212
24901	40191	445	332	327	0	41295
24902	40867	127	199	281	0	41474
24903	1137	120	203	38134	0	39594
24904	617	39330	259	724	0	40930
24905	38997	544	182	599	0	40322
24906	706	441	196	38861	0	40204
24907	584	94	193	38330	0	39201
24908	36115	87	135	1033	0	37370
24909	533	36146	151	614	0	37444
24910	463	698	79	35715	0	36955
24911	35879	428	76	683	0	37066
24912	540	36826	106	610	0	38082
24913	36802	509	64	217	0	37592
24914	585	422	35096	182	0	36285
24915	32658	74	400	169	0	33301
24916	494	34083	346	154	0	35077
24917	33579	422	78	117	0	34196
24918	33033	345	29	101	0	33508
24919	744	34190	45	122	0	35101
24920	34023	415	28	100	0	34566
24921	481	33846	58	184	0	34569
24922	34429	448	34	103	0	35014
24923	525	355	47	34323	0	35250
24924	419	112	24	34626	0	35181
24925	155	78	37	35035	0	35305
24926	153	111	33610	746	0	34620
24927	138	85	412	33526	0	34161
24928	173	98	33892	507	0	34670
24929	187	93	439	32636	0	33355
24930	141	33623	357	444	0	34565
24931	167	466	52	33972	0	34657
24932	170	412	34139	468	0	35189
24933	170	135	35071	396	0	35772
24934	128	91	714	34758	0	35691
24935	34661	62	364	518	0	35605
24936	34613	77	83	448	0	35221
24937	772	34807	104	241	0	35924
24938	467	443	50	35137	0	36097
24939	181	405	36300	508	0	37394
24940	162	112	445	36353	0	37072
24941	170	123	36855	537	0	37685
24942	35090	76	493	452	0	36111
24943	552	112	390	36853	0	37907
24944	488	148	36189	548	0	37373
24945	248	111	479	36046	0	36884
24946	225	113	382	36604	0	37324
24947	228	103	36444	882	0	37657
24948	192	130	468	36244	0	37034
24949	36122	95	384	605	0	37206
24950	36489	103	113	510	0	37215
24951	859	105	109	36528	0	37601
24952	37036	89	117	626	0	37868
24953	616	189	37175	506	0	38486
24954	518	103	37032	254	0	37907
24955	36803	89	844	212	0	37948
24956	38465	86	501	237	0	39289
24957	875	90	149	37875	0	38989
24958	512	94	137	38647	0	39390
24959	242	120	38172	953	0	39487
24960	259	143	540	34420	0	35362
24961	179	38606	465	561	0	39811
24962	38525	492	194	452	0	39663
24963	40095	411	124	219	0	40849
24964	930	40514	147	256	0	41847
24965	39062	541	118	213	0	39934
24966	38697	424	132	228	0	39481
24967	921	39989	185	249	0	41344
24968	39615	520	142	249	0	40526
24969	651	40124	181	244	0	41200
24970	40209	540	123	205	0	41077
24971	675	463	39876	220	0	41234
24972	515	142	572	39686	0	40915
24973	236	113	458	40890	0	41697
24974	218	106	181	42729	0	43234
24975	41967	93	140	1073	0	43273
24976	697	89	141	44131	0	45058
24977	610	158	43850	774	0	45392
24978	43197	117	636	644	0	44594
24979	778	99	488	43352	0	44717
24980	621	42970	218	724	0	44533
24981	233	44726	208	631	0	45798
24982	288	966	188	43527	0	44969
24983	277	497	175	43535	0	44484
24984	273	151	144	44215	0	44783
24985	242	157	42632	1166	0	44197
24986	231	42063	691	722	0	43707
24987	40378	526	466	322	0	41692
24988	39124	431	181	289	0	40025
24989	908	39800	183	248	0	41139
24990	501	40007	145	289	0	40942
24991	339	1010	131	39113	0	40593
24992	212	421	39160	639	0	40432
24993	37104	289	540	509	0	38442
24994	38427	84	439	259	0	39209
24995	782	126	189	38097	0	39194
24996	497	76	110	38334	0	39017
24997	37248	78	130	845	0	38301
24998	559	130	37168	499	0	38356
24999	35205	94	459	277	0	36035
25000	527	35906	414	244	0	37091
25001	328	330	109	32246	0	33013
25002	164	33433	98	431	0	34126
25003	33554	331	93	356	0	34334
25004	384	284	86	32995	0	33749
25005	358	138	76	32156	0	32728
25006	180	33010	103	542	0	33835
25007	33064	314	101	336	0	33815
25008	33066	272	81	181	0	33600
25009	600	137	32784	188	0	33709
25010	304	128	30957	145	0	31534
25011	30529	79	423	149	0	31180
25012	391	108	31240	117	0	31856
25013	278	83	29479	133	0	29973
25014	29010	79	383	141	0	29613
25015	347	115	33195	126	0	33783
25016	266	182	468	32758	0	33674
25017	164	39	327	33904	0	34434
25018	35857	66	135	847	0	36905
25019	707	96	36548	477	0	37828
25020	38079	86	693	150	0	39008
25021	866	77	487	37619	0	39049
25022	38366	88	161	786	0	39401
25023	38489	81	96	565	0	39231
25024	39009	80	82	220	0	39391
25025	1357	63	81	38029	0	39530
25026	38619	66	65	808	0	39558
25027	1019	49	90	38398	0	39556
25028	739	75	87	38371	0	39272
25029	355	71	77	38815	0	39318
25030	275	81	84	38976	0	39416
25031	37998	55	109	1344	0	39506
25032	38082	58	92	756	0	38988
25033	1299	86	37562	328	0	39275
25034	37753	61	775	268	0	38857
25035	38510	53	566	249	0	39378
25036	1416	49	175	36698	0	38338
25037	752	37478	159	873	0	39262
25038	37948	730	108	628	0	39414
25039	999	545	109	36408	0	38061
25040	36319	139	131	856	0	37445
25041	1002	35974	165	661	0	37802
25042	36624	760	113	241	0	37738
25043	1035	530	91	34940	0	36596
25044	740	35364	108	883	0	37095
25045	35789	803	83	693	0	37368
25046	935	35955	136	321	0	37347
25047	685	37193	123	388	0	38389
25048	37170	1221	89	326	0	38806
25049	975	696	36662	277	0	38610
25050	37181	229	772	244	0	38426
25051	1145	158	570	36759	0	38632
25052	841	143	37112	916	0	39012
25053	519	129	855	36141	0	37644
25054	450	127	609	37233	0	38419
25055	420	154	36470	1421	0	38465
25056	35542	96	874	805	0	37317
25057	1159	69	594	36112	0	37934
25058	908	74	210	36555	0	37747
25059	492	82	138	36683	0	37395
25060	35804	84	154	1622	0	37664
25061	1075	109	35191	979	0	37354
25062	849	112	35527	526	0	37014
25063	404	91	1247	33211	0	34953
25064	410	124	33529	1037	0	35100
25065	32092	92	885	812	0	33881
25066	1048	32746	671	432	0	34897
25067	32578	743	339	311	0	33971
25068	1230	548	213	30761	0	32752
25069	825	31617	242	907	0	33591
25070	515	929	190	30999	0	32633
25071	389	32067	176	1002	0	33634
25072	445	930	108	32193	0	33676
25073	417	611	31271	1075	0	33374
25074	407	291	30103	724	0	31525
25075	347	30144	1155	459	0	32105
25076	27898	730	554	380	0	29562
25077	837	548	215	26952	0	28552
25078	680	266	123	27599	0	28668
25079	27606	181	142	1183	0	29112
25080	27791	180	163	688	0	28822
25081	1268	152	191	27052	0	28663
25082	848	168	26559	853	0	28428
25083	441	26653	795	639	0	28528
25084	387	707	533	26217	0	27844
25085	344	531	256	25456	0	26587
25086	330	27403	224	1129	0	29086
25087	27567	725	146	758	0	29196
25088	881	568	27605	386	0	29440
25089	664	239	757	26965	0	28625
25090	367	162	541	27301	0	28371
25091	280	171	26856	1373	0	28680
25092	297	187	789	27283	0	28556
25093	27289	133	569	1013	0	29004
25094	27418	170	257	765	0	28610
25095	27897	132	258	415	0	28702
25096	1316	27079	260	401	0	29056
25097	28514	729	249	317	0	29809
25098	1065	506	215	28048	0	29834
25099	736	250	236	26913	0	28135
25100	445	30604	258	1220	0	32527
25101	32905	839	167	774	0	34685
25102	34622	631	165	400	0	35818
25103	35201	293	161	351	0	36006
25104	36043	226	147	351	0	36767
25105	35918	208	185	372	0	36683
25106	1635	221	34558	337	0	36751
25107	35218	182	964	315	0	36679
25108	35561	181	670	293	0	36705
25109	35496	159	317	307	0	36279
25110	1669	146	235	34107	0	36157
25111	943	142	204	34703	0	35992
25112	519	158	33613	1484	0	35774
25113	28424	177	970	870	0	30441
25114	985	32919	681	501	0	35086
25115	580	29341	256	376	0	30553
25116	371	803	29070	250	0	30494
25117	232	28689	674	248	0	29843
25118	170	27239	353	212	0	27974
25119	503	1121	432	21674	0	23730
25120	101	23844	74	307	0	24326
25121	23548	359	46	198	0	24151
25122	23180	216	32	95	0	23523
25123	536	97	40	22873	0	23546
25124	298	71	22782	352	0	23503
25125	21954	63	368	235	0	22620
25126	401	70	22999	136	0	23606
25127	286	69	23266	92	0	23713
25128	159	41	479	21677	0	22356
25129	120	32	242	22883	0	23277
25130	140	35	23180	490	0	23845
25131	98	22552	380	270	0	23300
25132	90	23986	214	131	0	24421
25133	23174	459	123	118	0	23874
25134	23370	193	37	90	0	23690
25135	478	75	23021	60	0	23634
25136	22415	53	275	70	0	22813
25137	23919	49	156	102	0	24226
25138	479	53	71	23344	0	23947
25139	254	44	42	23918	0	24258
25140	133	56	32	24200	0	24421
25141	23920	45	33	454	0	24452
25142	24059	46	40	219	0	24364
25143	24288	46	33	100	0	24467
25144	585	37	46	24004	0	24672
25145	370	44	23465	307	0	24186
25146	22902	28	294	209	0	23433
25147	22865	46	195	95	0	23201
25148	526	48	104	22104	0	22782
25149	335	22838	82	308	0	23563
25150	222	314	55	22396	0	22987
25151	185	22898	58	365	0	23506
25152	162	370	65	21856	0	22453
25153	156	22768	82	370	0	23376
25154	22085	299	72	186	0	22642
25155	380	218	57	21919	0	22574
25156	258	22351	74	269	0	22952
25157	188	297	22067	170	0	22722
25158	21035	208	298	94	0	21635
25159	347	157	176	21838	0	22518
25160	231	22194	111	299	0	22835
25161	147	321	101	21148	0	21717
25162	113	21701	80	292	0	22186
25163	141	23296	77	195	0	23709
25164	23240	371	108	144	0	23863
25165	23559	206	71	108	0	23944
25166	436	138	23679	82	0	24335
25167	23086	80	293	73	0	23532
25168	23384	87	222	82	0	23775
25169	423	23578	119	95	0	24215
25170	273	279	71	23431	0	24054
25171	157	184	78	23435	0	23854
25172	151	123	23228	382	0	23884
25173	171	103	22644	202	0	23120
25174	22760	76	384	116	0	23336
25175	23559	44	258	98	0	23959
25176	23608	49	120	85	0	23862
25177	504	59	23100	95	0	23758
25178	281	50	301	22673	0	23305
25179	23178	48	190	310	0	23726
25180	299	54	82	23239	0	23674
25181	237	77	22926	342	0	23582
25182	21270	52	287	235	0	21844
25183	391	107	24039	109	0	24646
25184	307	23712	281	122	0	24422
25185	23919	264	201	88	0	24472
25186	356	162	23728	101	0	24347
25187	235	114	267	23259	0	23875
25188	23724	40	167	299	0	24230
25189	339	63	72	23728	0	24202
25190	24073	46	58	345	0	24522
25191	335	68	43	24015	0	24461
25192	24946	71	37	370	0	25424
25193	25067	78	53	243	0	25441
25194	24954	71	73	137	0	25235
25195	24876	72	54	104	0	25106
25196	472	97	60	24460	0	25089
25197	265	78	23988	250	0	24581
25198	211	82	23996	179	0	24468
25199	123	24075	386	121	0	24705
25200	65	21542	138	60	0	21805
25201	18508	146	427	32	0	19113
25202	67	50	69	17857	0	18043
25203	68	29	18139	56	0	18292
25204	33	23	19212	63	0	19331
25205	32	46	104	19168	0	19350
25206	19603	10	63	64	0	19740
25207	49	19576	23	116	0	19764
25208	20516	51	12	28	0	20607
25209	70	89	16	20467	0	20642
25210	80	11	13	20627	0	20731
25211	27	13	13	20616	0	20669
25212	37	26	20623	111	0	20797
25213	37	31	20383	73	0	20524
25214	25	20827	109	49	0	21010
25215	28	62	61	21135	0	21286
25216	20752	66	16	71	0	20905
25217	78	26	20385	72	0	20561
25218	83	43	21191	33	0	21350
25219	32	14	109	21098	0	21253
25220	25	16	71	22003	0	22115
25221	21	13	31	22199	0	22264
25222	27	16	29	24473	0	24545
25223	24635	23	23	211	0	24892
25224	153	13	20	24765	0	24951
25225	24759	7	21	220	0	25007
25226	179	23	25962	138	0	26302
25227	119	26274	169	76	0	26638
25228	30	134	112	26221	0	26497
25229	52	118	26858	158	0	27186
25230	56	24	26836	158	0	27074
25231	36	27680	268	73	0	28057
25232	87	140	133	26556	0	26916
25233	30	114	29	26751	0	26924
25234	39	32	27274	256	0	27601
25235	25449	15	181	144	0	25789
25236	161	30	136	27243	0	27570
25237	120	23	37	26874	0	27054
25238	49	28	27379	289	0	27745
25239	25	27512	184	178	0	27899
25240	31	29817	156	71	0	30075
25241	30039	322	40	60	0	30461
25242	254	154	33	30250	0	30691
25243	32097	28	58	285	0	32468
25244	352	46	32398	208	0	33004
25245	245	32	313	32234	0	32824
25246	32570	34	236	349	0	33189
25247	32448	32	69	410	0	32959
25248	518	32	43	32544	0	33137
25249	264	52	32826	327	0	33469
25250	73	46	33334	251	0	33704
25251	62	51	512	32825	0	33450
25252	80	40	33914	374	0	34408
25253	31327	77	361	292	0	32057
25254	331	34335	261	137	0	35064
25255	34854	299	77	94	0	35324
25256	35097	223	70	97	0	35487
25257	553	52	69	34981	0	35655
25258	284	64	94	35352	0	35794
25259	35272	49	62	560	0	35943
25260	347	52	72	35177	0	35648
25261	287	56	35193	402	0	35938
25262	98	35198	380	317	0	35993
25263	85	340	249	34114	0	34788
25264	98	242	74	34238	0	34652
25265	121	50	65	34611	0	34847
25266	116	52	33864	632	0	34664
25267	118	33641	386	402	0	34547
25268	101	323	285	34017	0	34726
25269	106	255	34081	422	0	34864
25270	114	73	370	33822	0	34379
25271	33973	70	283	445	0	34771
25272	393	58	112	34358	0	34921
25273	306	59	34179	465	0	35009
25274	32464	48	400	360	0	33272
25275	396	34777	319	202	0	35694
25276	307	35903	140	196	0	36546
25277	35940	504	110	193	0	36747
25278	430	287	37272	132	0	38121
25279	352	86	404	36293	0	37135
25280	168	57	304	37739	0	38268
25281	143	85	38345	651	0	39224
25282	102	38176	428	442	0	39148
25283	150	358	315	35802	0	36625
25284	152	293	37549	459	0	38453
25285	130	108	433	36934	0	37605
25286	36988	87	331	479	0	37885
25287	436	102	38488	376	0	39402
25288	338	83	403	38131	0	38955
25289	152	90	331	38767	0	39340
25290	165	114	38297	699	0	39275
25291	197	107	418	35249	0	35971
25292	153	36686	364	559	0	37762
25293	201	395	205	33817	0	34618
25294	146	37801	174	505	0	38626
25295	37374	380	142	397	0	38293
25296	35817	249	177	270	0	36513
25297	632	119	36603	270	0	37624
25298	360	125	36350	247	0	37082
25299	199	135	36307	231	0	36872
25300	135	36425	668	274	0	37502
25301	161	460	435	37110	0	38166
25302	199	288	38542	467	0	39496
25303	190	123	477	36908	0	37698
25304	161	108	350	37321	0	37940
25305	199	102	37597	669	0	38567
25306	216	130	435	37123	0	37904
25307	168	125	324	36852	0	37469
25308	192	37350	204	719	0	38465
25309	199	357	189	37726	0	38471
25310	161	301	194	37917	0	38573
25311	166	148	38544	737	0	39595
25312	176	103	456	37172	0	37907
25313	170	111	38558	610	0	39449
25314	125	152	37504	473	0	38254
25315	35394	109	664	319	0	36486
25316	410	179	396	35601	0	36586
25317	286	37973	251	549	0	39059
25318	153	37752	236	512	0	38653
25319	167	620	248	37109	0	38144
25320	185	311	37559	602	0	38657
25321	161	37620	516	543	0	38840
25322	147	315	349	35498	0	36309
25323	167	239	37528	435	0	38369
25324	138	38177	352	365	0	39032
25325	39509	316	364	267	0	40456
25326	38543	236	208	215	0	39202
25327	38488	124	133	295	0	39040
25328	455	172	154	40847	0	41628
25329	257	134	161	40506	0	41058
25330	130	100	157	39984	0	40371
25331	106	128	40179	633	0	41046
25332	38669	126	421	474	0	39690
25333	415	96	361	38512	0	39384
25334	269	124	40116	457	0	40966
25335	39220	113	438	394	0	40165
25336	40804	89	344	285	0	41522
25337	569	166	37237	220	0	38192
25338	39234	70	411	310	0	40025
25339	376	42830	346	267	0	43819
25340	229	243	40947	175	0	41594
25341	38074	168	596	237	0	39075
25342	225	40901	229	205	0	41560
25343	99	144	81	37743	0	38067
25344	46	38511	99	216	0	38872
25345	49	225	58	38668	0	39000
25346	55	115	38734	215	0	39119
25347	32813	44	238	219	0	33314
25348	183	52	38939	123	0	39297
25349	93	38298	218	134	0	38743
25350	38	38478	142	130	0	38788
25351	37848	216	50	117	0	38231
25352	174	141	37912	58	0	38285
25353	106	34	185	36728	0	37053
25354	87	58	37562	199	0	37906
25355	36	37932	214	182	0	38364
25356	121	185	126	33902	0	34334
25357	56	38218	88	182	0	38544
25358	38692	175	66	142	0	39075
25359	39187	103	66	119	0	39475
25360	38946	63	80	94	0	39183
25361	246	82	38898	77	0	39303
25362	114	99	37540	70	0	37823
25363	36516	37	273	105	0	36931
25364	207	66	39752	118	0	40143
25365	158	41	206	36591	0	36996
25366	26	39510	175	214	0	39925
25367	40408	173	79	177	0	40837
25368	40189	117	68	107	0	40481
25369	41201	37	75	123	0	41436
25370	274	37	69	41416	0	41796
25371	128	35	69	41924	0	42156
25372	41645	26	61	350	0	42082
25373	197	41527	83	204	0	42011
25374	41445	198	71	118	0	41832
25375	222	109	57	41046	0	41434
25376	122	45	33	40798	0	40998
25377	40168	32	49	315	0	40564
25378	203	39251	52	175	0	39681
25379	39182	198	55	89	0	39524
25380	215	39528	81	114	0	39938
25381	38820	198	56	61	0	39135
25382	222	136	42	39485	0	39885
25383	40023	37	45	237	0	40342
25384	41567	43	38	147	0	41795
25385	45379	62	42	80	0	45563
25386	483	47926	63	129	0	48601
25387	220	436	46737	63	0	47456
25388	45643	235	438	76	0	46392
25389	47287	52	181	59	0	47579
25390	576	48004	103	81	0	48764
25391	274	402	32	48287	0	48995
25392	87	203	36	48783	0	49109
25393	48946	40	42	636	0	49664
25394	467	48	34	49757	0	50306
25395	305	63	50291	457	0	51116
25396	133	107	49679	241	0	50160
25397	49653	30	678	103	0	50464
25398	507	55	223	50531	0	51316
25399	286	40	62	51045	0	51433
25400	127	63	54	51711	0	51955
25401	138	65	52475	707	0	53385
25402	140	38	464	51308	0	51950
25403	155	36	242	53250	0	53683
25404	116	41	71	53613	0	53841
25405	52884	52	86	741	0	53763
25406	592	56	90	53218	0	53956
25407	369	103	54704	580	0	55756
25408	54127	61	583	424	0	55195
25409	667	124	57304	161	0	58256
25410	56569	67	710	192	0	57538
25411	51721	139	380	194	0	52434
25412	929	85	82	58408	0	59504
25413	417	59661	114	827	0	61019
25414	236	616	91	60701	0	61644
25415	194	416	106	59956	0	60672
25416	160	62426	170	1042	0	63798
25417	61340	618	161	509	0	62628
25418	724	62222	162	268	0	63376
25419	62342	667	138	218	0	63365
25420	61839	383	125	256	0	62603
25421	1086	111	115	61617	0	62929
25422	506	73	122	61767	0	62468
25423	236	148	60036	1156	0	61576
25424	191	119	57946	619	0	58875
25425	55412	86	958	369	0	56825
25426	57375	117	447	269	0	58208
25427	1052	56194	184	306	0	57736
25428	563	616	149	54841	0	56169
25429	368	382	59761	733	0	61244
25430	350	604	721	59578	0	61253
25431	59310	143	511	856	0	60820
25432	58080	86	181	531	0	58878
25433	1000	59609	190	343	0	61142
25434	535	654	128	59603	0	60920
25435	249	409	97	60212	0	60967
25436	262	177	82	60237	0	60758
25437	235	234	57993	1086	0	59548
25438	49175	181	652	700	0	50708
25439	55679	185	407	342	0	56613
25440	1175	169	57472	362	0	59178
25441	613	57728	671	328	0	59340
25442	57515	628	438	309	0	58890
25443	57352	393	205	330	0	58280
25444	1142	173	57138	375	0	58828
25445	675	143	59605	323	0	60746
25446	366	163	1010	58553	0	60092
25447	316	200	60015	799	0	61330
25448	57493	139	747	544	0	58923
25449	59660	120	494	322	0	60596
25450	60952	162	273	330	0	61717
25451	1169	174	169	56886	0	58398
25452	661	63361	241	747	0	65010
25453	64097	630	191	613	0	65531
25454	63242	453	229	359	0	64283
25455	1205	202	63319	423	0	65149
25456	677	219	61989	429	0	63314
25457	55358	170	1045	451	0	57024
25458	947	138	519	62521	0	64125
25459	721	245	62604	893	0	64463
25460	449	62722	803	671	0	64645
25461	429	718	560	62464	0	64171
25462	62076	466	287	806	0	63635
25463	962	64111	306	679	0	66058
25464	734	682	262	62320	0	63998
25465	427	63135	335	812	0	64709
25466	367	64293	402	736	0	65798
25467	504	904	294	63883	0	65585
25468	416	466	297	63054	0	64233
25469	415	64628	360	1196	0	66599
25470	63591	735	261	619	0	65206
25471	1010	520	64282	443	0	66255
25472	61357	218	733	410	0	62718
25473	1023	245	489	65999	0	67756
25474	750	193	264	66338	0	67545
25475	498	236	262	66971	0	67967
25476	470	202	300	66635	0	67607
25477	478	233	66934	1119	0	68764
25478	475	190	853	66529	0	68047
25479	465	353	571	67042	0	68431
25480	463	71655	337	1210	0	73665
25481	446	902	72462	715	0	74525
25482	350	74902	934	496	0	76682
25483	524	896	75404	415	0	77239
25484	314	76191	882	423	0	77810
25485	561	994	719	68585	0	70859
25486	68201	472	207	609	0	69489
25487	684	69948	238	713	0	71583
25488	607	625	219	70446	0	71897
25489	336	545	71710	701	0	73292
25490	255	73838	701	639	0	75433
25491	72200	627	559	269	0	73655
25492	71457	558	262	285	0	72562
25493	1036	73342	293	269	0	74940
25494	667	679	71835	214	0	73395
25495	67633	521	660	214	0	69028
25496	764	252	518	73016	0	74550
25497	72064	186	227	724	0	73201
25498	702	75888	239	787	0	77616
25499	579	77340	249	377	0	78545
25500	387	1087	75467	274	0	77215
25501	71049	637	697	288	0	72671
25502	826	469	534	75034	0	76863
25503	74785	213	234	674	0	75906
25504	696	76196	262	619	0	77773
25505	75488	665	222	251	0	76626
25506	74871	517	188	283	0	75859
25507	1114	270	77763	231	0	79378
25508	585	75764	607	235	0	77191
25509	258	76875	506	236	0	77875
25510	216	1056	139	70993	0	72404
25511	155	74200	150	507	0	75012
25512	72077	555	125	455	0	73212
25513	538	73416	153	348	0	74455
25514	483	706	76	70370	0	71635
25515	207	71540	130	493	0	72370
25516	175	70381	136	393	0	71085
25517	182	72410	146	151	0	72889
25518	263	932	149	71069	0	72413
25519	192	460	93	72146	0	72891
25520	190	252	76	71182	0	71700
25521	165	70511	134	868	0	71678
25522	210	568	69894	436	0	71108
25523	212	505	69771	181	0	70669
25524	65815	242	706	186	0	66949
25525	533	221	369	70178	0	71301
25526	469	319	71606	519	0	72913
25527	256	313	72823	435	0	73827
25528	186	74914	745	277	0	76122
25529	203	569	435	69431	0	70638
25530	179	517	153	71001	0	71850
25531	70552	296	116	819	0	71783
25532	509	290	108	70438	0	71345
25533	420	252	170	70436	0	71278
25534	286	298	72548	865	0	73997
25535	193	264	501	71286	0	72244
25536	220	224	412	75090	0	75946
25537	209	333	75217	855	0	76614
25538	220	318	75386	531	0	76455
25539	163	75041	817	348	0	76369
25540	268	681	74441	287	0	75677
25541	195	523	580	71946	0	73244
25542	242	376	501	63408	0	64527
25543	283	348	75188	923	0	76742
25544	133	74966	608	612	0	76319
25545	70892	627	508	333	0	72360
25546	479	74484	294	361	0	75618
25547	458	665	215	74229	0	75567
25548	231	559	251	74649	0	75690
25549	156	75196	334	1051	0	76737
25550	178	741	297	74477	0	75693
25551	197	582	271	74753	0	75803
25552	262	418	71390	1058	0	73128
25553	209	71264	636	929	0	73038
25554	231	693	498	71717	0	73139
25555	239	669	71833	757	0	73498
25556	226	383	670	70288	0	71567
25557	266	340	532	70767	0	71905
25558	243	276	282	72311	0	73112
25559	249	295	270	71791	0	72605
25560	257	316	259	69848	0	70680
25561	210	71927	328	1036	0	73501
25562	69188	685	338	752	0	70963
25563	620	649	69842	451	0	71562
25564	58561	347	704	544	0	60156
25565	631	373	72457	432	0	73893
25566	455	75077	751	548	0	76831
25567	327	800	74346	424	0	75897
25568	197	75628	751	572	0	77148
25569	216	795	617	69525	0	71153
25570	278	606	347	69967	0	71198
25571	203	74987	292	1107	0	76589
25572	189	77188	259	768	0	78404
25573	76537	1062	280	477	0	78356
25574	77628	658	277	469	0	79032
25575	77864	367	237	436	0	78904
25576	79052	299	285	463	0	80099
25577	992	386	254	77306	0	78938
25578	494	78881	323	812	0	80510
25579	77431	716	248	651	0	79046
25580	554	506	205	74650	0	75915
25581	71915	221	235	672	0	73043
25582	68408	210	213	598	0	69429
25583	635	68698	183	376	0	69892
25584	321	66973	187	252	0	67733
25585	174	69390	193	214	0	69971
25586	149	1034	235	64952	0	66370
25587	89	69016	149	461	0	69715
25588	68195	395	205	378	0	69173
25589	68694	281	111	285	0	69371
25590	68171	136	90	229	0	68626
25591	69361	112	134	203	0	69810
25592	69869	86	96	225	0	70276
25593	669	159	72039	169	0	73036
25594	70695	127	542	179	0	71543
25595	596	214	73088	165	0	74063
25596	69911	89	686	208	0	70894
25597	557	105	362	69773	0	70797
25598	411	138	70524	486	0	71559
25599	205	155	73384	358	0	74102
25600	105	78002	760	178	0	79045
25601	78201	607	390	160	0	79358
25602	80341	451	107	167	0	81066
25603	1114	91659	153	162	0	93088
25604	636	964	65	105159	0	106824
25605	112771	681	50	1549	0	115051
25606	1752	289	115795	1019	0	118855
25607	1093	114296	1632	297	0	117318
25608	108084	1624	1045	222	0	110975
25609	1572	113923	268	258	0	116021
25610	1150	1814	123	102992	0	106079
25611	298	114468	163	1406	0	116335
25612	293	2162	128	105370	0	107953
25613	190	112498	155	1535	0	114378
25614	171	114637	191	1089	0	116088
25615	110789	2576	95	266	0	113726
25616	111541	1269	139	255	0	113204
25617	2761	433	111809	180	0	115183
25618	1439	291	111418	135	0	113283
25619	516	383	113153	127	0	114179
25620	339	210	2765	109674	0	112988
25621	375	329	113575	1675	0	115954
25622	319	274	1892	110267	0	112752
25623	316	309	1293	109449	0	111367
25624	283	112200	442	2733	0	115658
25625	109627	1796	287	1407	0	113117
25626	1732	112876	270	545	0	115423
25627	1338	1955	315	111905	0	115513
25628	540	1434	271	112352	0	114597
25629	502	547	294	113528	0	114871
25630	541	579	111981	2997	0	116098
25631	488	423	1819	111060	0	113790
25632	509	498	1264	112329	0	114600
25633	536	477	412	114308	0	115733
25634	559	656	109115	3061	0	113391
25635	521	108929	1809	1763	0	113022
25636	106282	2126	1293	723	0	110424
25637	101261	1602	443	716	0	104022
25638	2790	108031	473	640	0	111934
25639	1623	2156	438	105619	0	109836
25640	808	1621	510	108772	0	111711
25641	756	810	107160	3070	0	111796
25642	573	105999	2102	2056	0	110730
25643	584	2093	1492	106359	0	110528
25644	652	1600	107149	2252	0	111653
25645	515	824	2096	106147	0	109582
25646	623	690	1557	106396	0	109266
25647	646	813	105511	3390	0	110360
25648	664	715	2010	104348	0	107737
25649	641	655	1575	104872	0	107743
25650	720	794	105216	3390	0	110120
25651	608	654	2182	105053	0	108497
25652	578	685	1695	104636	0	107594
25653	483	561	851	107627	0	109522
25654	528	712	104959	3720	0	109919
25655	515	584	2272	105294	0	108665
25656	102750	606	1691	2870	0	107917
25657	102863	557	842	2185	0	106447
25658	3009	103908	791	1364	0	109072
25659	105457	2094	721	1233	0	109505
25660	2345	1692	107855	1155	0	113047
25661	1714	736	2206	107135	0	111791
25662	751	666	1853	106674	0	109944
25663	603	688	807	110935	0	113033
25664	105235	559	721	3933	0	110448
25665	1849	106018	756	2827	0	111450
25666	1459	2048	699	94851	0	99057
25667	562	103769	720	2663	0	107714
25668	100403	2155	687	2178	0	105423
25669	1849	103170	736	1419	0	107174
25670	99869	2182	623	1408	0	104082
25671	1995	99489	719	1418	0	103621
25672	1460	99126	821	1433	0	102840
25673	807	3020	768	97717	0	102312
25674	590	1600	716	98424	0	101330
25675	595	806	789	98884	0	101074
25676	558	779	653	98539	0	100529
25677	614	916	94701	3829	0	100060
25678	582	94263	2081	2564	0	99490
25679	597	2156	1512	87581	0	91846
25680	548	93837	803	2654	0	97842
25681	713	2265	93551	2222	0	98751
25682	663	1546	2076	91991	0	96276
25683	630	800	1645	95730	0	98805
25684	687	645	93812	3724	0	98868
25685	508	91457	2368	2730	0	97063
25686	464	1874	1795	90147	0	94280
25687	652	1389	91131	2986	0	96158
25688	408	90285	2324	2689	0	95706
25689	506	2047	1609	88416	0	92578
25690	614	1679	88146	2838	0	93277
25691	662	863	87481	2288	0	91294
25692	579	84806	2785	1463	0	89633
25693	621	89256	1547	1269	0	92693
25694	595	2971	832	88516	0	92914
25695	604	1725	649	94979	0	97957
25696	508	858	93210	3816	0	98392
25697	87648	729	2050	2596	0	93023
25698	90551	644	1640	1587	0	94422
25699	3011	726	88463	1373	0	93573
25700	1561	83849	1973	1310	0	88693
25701	577	83006	1503	1202	0	86288
25702	446	78971	711	995	0	81123
25703	549	68918	943	1083	0	71493
25704	1515	2869	917	53787	0	59088
25705	278	540	253	58814	0	59885
25706	96	161	73	58843	0	59173
25707	85	155	71	58735	0	59046
25708	67	59014	116	1775	0	60972
25709	111	928	60	59045	0	60144
25710	48	59685	112	1208	0	61053
25711	69	998	72	60598	0	61737
25712	58891	811	75	1167	0	60944
25713	904	224	71	59877	0	61076
25714	801	59150	108	1213	0	61272
25715	203	1019	94	60961	0	62277
25716	137	915	69	61799	0	62920
25717	148	242	76	62351	0	62817
25718	58782	201	105	2070	0	61158
25719	925	237	83	61240	0	62485
25720	904	276	59261	1292	0	61733
25721	171	60087	914	1159	0	62331
25722	173	1068	802	61295	0	63338
25723	221	931	161	62895	0	64208
25724	177	295	85	64212	0	64769
25725	60827	275	89	2237	0	63428
25726	1076	313	60751	1392	0	63532
25727	936	268	953	56713	0	58870
25728	199	59108	891	1419	0	61617
25729	260	1229	179	59888	0	61556
25730	55375	996	100	1587	0	58058
25731	938	58451	191	1507	0	61087
25732	864	1196	85	58552	0	60697
25733	216	1047	77	58558	0	59898
25734	143	57725	116	2430	0	60414
25735	251	1162	66	59525	0	61004
25736	259	1019	98	60018	0	61394
25737	296	358	57813	2403	0	60870
25738	167	57171	1085	1648	0	60071
25739	56894	1233	928	894	0	59949
25740	1166	1143	56777	876	0	59962
25741	55691	401	1068	863	0	58023
25742	1294	369	57670	801	0	60134
25743	1046	340	1175	56787	0	59348
25744	56349	299	1022	1807	0	59477
25745	1242	352	301	58063	0	59958
25746	58166	316	239	1880	0	60601
25747	57753	369	216	1646	0	59984
25748	57166	392	240	928	0	58726
25749	2071	56666	280	875	0	59892
25750	1227	1263	230	56498	0	59218
25751	509	1130	246	57701	0	59586
25752	469	406	243	58291	0	59409
25753	434	439	56053	2710	0	59636
25754	361	408	1238	57199	0	59206
25755	56067	407	1072	1961	0	59507
25756	57162	391	336	1803	0	59692
25757	2239	421	55852	1009	0	59521
25758	56827	392	1238	874	0	59331
25759	57186	385	1154	868	0	59593
25760	2353	410	429	52943	0	56135
25761	52894	420	350	1903	0	55567
25762	52612	423	370	1858	0	55263
25763	2417	420	351	52134	0	55322
25764	52884	407	394	1899	0	55584
25765	52391	395	387	1751	0	54924
25766	2504	448	379	51715	0	55046
25767	1714	460	49105	1863	0	53142
25768	49459	440	1281	1743	0	52923
25769	1714	430	51489	1066	0	54699
25770	1600	390	51045	995	0	54030
25771	808	50140	2139	1103	0	54190
25772	878	1265	1252	49716	0	53111
25773	907	1112	438	50908	0	53365
25774	945	370	384	51766	0	53465
25775	966	360	50459	2758	0	54543
25776	964	371	50601	1861	0	53797
25777	832	50337	2145	1222	0	54536
25778	905	1260	1245	48228	0	51638
25779	894	1064	500	50543	0	53001
25780	914	348	464	51934	0	53660
25781	1010	340	49566	2759	0	53675
25782	880	48982	1442	1972	0	53276
25783	904	1228	1230	48090	0	51452
25784	961	1077	49819	1935	0	53792
25785	949	310	50135	1857	0	53251
25786	49290	251	2355	1025	0	52921
25787	49481	279	1532	971	0	52263
25788	50962	294	644	926	0	52826
25789	2735	353	558	45525	0	49171
25790	1838	307	48868	1786	0	52799
25791	978	47576	1430	1833	0	51817
25792	906	49319	1411	1100	0	52736
25793	918	1743	43100	887	0	46648
25794	1124	2007	1363	37264	0	41758
25795	705	540	1264	33885	0	36394
25796	640	34272	690	1785	0	37387
25797	623	35995	589	1256	0	38463
25798	35192	1328	523	751	0	37794
25799	36103	795	452	731	0	38081
25800	36582	290	476	754	0	38102
25801	35953	262	575	667	0	37457
25802	33686	438	518	658	0	35300
25803	1692	32462	541	670	0	35365
25804	663	23488	427	446	0	25024
25805	325	19110	309	355	0	20099
25806	17422	502	834	311	0	19069
25807	686	345	384	16699	0	18114
25808	387	110	202	16198	0	16897
25809	15644	96	226	583	0	16549
25810	408	15649	238	444	0	16739
25811	342	265	223	15813	0	16643
25812	265	251	223	16043	0	16782
25813	283	129	243	16174	0	16829
25814	15554	113	206	542	0	16415
25815	415	106	224	15880	0	16625
25816	383	119	15167	379	0	16048
25817	14522	118	328	316	0	15284
25818	422	130	260	14856	0	15668
25819	347	104	14778	331	0	15560
25820	247	14533	324	290	0	15394
25821	164	13512	220	142	0	14038
25822	12490	397	492	124	0	13503
25823	12368	154	85	170	0	12777
25824	237	13085	76	93	0	13491
25825	170	112	54	13872	0	14208
25826	14454	100	49	230	0	14833
25827	225	31	45	15502	0	15803
25828	183	42	40	16069	0	16334
25829	89	32	48	16292	0	16461
25830	73	30	58	16038	0	16199
25831	50	15660	68	458	0	16236
25832	52	214	69	16076	0	16411
25833	70	179	61	16028	0	16338
25834	64	77	50	16312	0	16503
25835	78	49	15653	459	0	16239
25836	50	15604	239	310	0	16203
25837	43	222	179	15675	0	16119
25838	55	177	15529	286	0	16047
25839	63	69	15016	249	0	15397
25840	39	15388	380	140	0	15947
25841	15150	233	221	97	0	15701
25842	216	173	83	15479	0	15951
25843	15383	74	61	276	0	15794
25844	251	15578	73	225	0	16127
25845	192	259	43	15669	0	16163
25846	15043	186	40	296	0	15565
25847	15309	78	41	242	0	15670
25848	396	55	30	15232	0	15713
25849	230	43	39	15254	0	15566
25850	97	61	14940	436	0	15534
25851	70	39	238	14957	0	15304
25852	76	81	176	15276	0	15609
25853	14733	39	72	455	0	15299
25854	241	14813	51	310	0	15415
25855	180	237	14642	146	0	15205
25856	13918	168	228	125	0	14439
25857	248	14707	175	111	0	15241
25858	198	230	61	14610	0	15099
25859	14437	176	34	280	0	14927
25860	244	78	48	14441	0	14811
25861	172	61	46	14541	0	14820
25862	87	54	14253	436	0	14830
25863	66	59	224	14465	0	14814
25864	14222	43	161	367	0	14793
25865	262	40	62	14429	0	14793
25866	13971	41	35	365	0	14412
25867	273	13694	46	334	0	14347
25868	195	14242	47	223	0	14707
25869	95	367	49	14113	0	14624
25870	78	213	36	14269	0	14596
25871	13593	81	42	476	0	14192
25872	236	13649	58	314	0	14257
25873	13773	274	45	188	0	14280
25874	13773	189	65	170	0	14197
25875	406	92	53	13697	0	14248
25876	13772	82	64	339	0	14257
25877	319	79	13087	278	0	13763
25878	256	72	248	13142	0	13718
25879	141	88	13449	337	0	14015
25880	116	66	293	13462	0	13937
25881	13253	70	197	378	0	13898
25882	13272	71	80	312	0	13735
25883	421	13353	80	217	0	14071
25884	255	265	61	13300	0	13881
25885	169	201	52	13192	0	13614
25886	122	13257	74	510	0	13963
25887	127	274	55	13637	0	14093
25888	131	202	52	13316	0	13701
25889	110	13350	83	522	0	14065
25890	12966	278	50	372	0	13666
25891	13054	231	66	257	0	13608
25892	453	114	68	12910	0	13545
25893	282	112	49	13235	0	13678
25894	161	95	12838	550	0	13644
25895	154	86	257	12415	0	12912
25896	144	12869	213	398	0	13624
25897	12762	272	104	376	0	13514
25898	329	217	82	12769	0	13397
25899	235	118	80	12385	0	12818
25900	11839	84	65	555	0	12543
25901	335	11933	70	378	0	12716
25902	263	274	57	12175	0	12769
25903	183	213	68	11847	0	12311
25904	148	11944	85	535	0	12712
25905	12029	288	94	354	0	12765
25906	354	243	11940	236	0	12773
25907	290	122	12217	207	0	12836
25908	168	118	385	12036	0	12707
25909	145	109	12261	394	0	12909
25910	11817	96	308	324	0	12545
25911	351	88	200	12224	0	12863
25912	285	83	12353	432	0	13153
25913	194	90	12442	312	0	13038
25914	167	12456	390	232	0	13245
25915	12177	270	213	181	0	12841
25916	330	12574	124	205	0	13233
25917	12471	267	89	191	0	13018
25918	12287	207	114	198	0	12806
25919	408	12007	94	201	0	12710
25920	12110	261	75	170	0	12616
25921	12051	199	90	177	0	12517
25922	454	120	11789	171	0	12534
25923	304	592	223	10452	0	11571
25924	156	10425	139	256	0	10976
25925	74	9641	51	150	0	9916
25926	143	437	103	8557	0	9240
25927	7962	110	68	220	0	8360
25928	106	36	19	7801	0	7962
25929	76	23	14	8207	0	8320
25930	43	19	14	8282	0	8358
25931	39	8842	26	152	0	9059
25932	43	112	27	9435	0	9617
25933	36	75	9970	150	0	10231
25934	9116	26	128	105	0	9375
25935	9960	22	81	44	0	10107
25936	211	9816	19	32	0	10078
25937	9916	118	20	31	0	10085
25938	139	87	16	10118	0	10360
25939	97	22	10063	150	0	10332
25940	9459	18	117	100	0	9694
25941	132	10191	86	41	0	10450
25942	86	137	14	9944	0	10181
25943	10436	77	9	128	0	10650
25944	119	10540	13	94	0	10766
25945	78	10701	17	34	0	10830
25946	10715	177	12	25	0	10929
25947	130	98	10552	27	0	10807
25948	10456	22	112	30	0	10620
25949	123	22	75	10506	0	10726
25950	99	28	12	10691	0	10830
25951	35	20	10594	182	0	10831
25952	43	26	10540	94	0	10703
25953	41	16	187	10570	0	10814
25954	34	25	10603	148	0	10810
25955	50	34	10700	98	0	10882
25956	39	27	193	10236	0	10495
25957	28	19	97	10595	0	10739
25958	10585	17	45	187	0	10834
25959	145	14	26	10645	0	10830
25960	10628	28	22	140	0	10818
25961	137	10673	23	115	0	10948
25962	122	122	22	10940	0	11206
25963	39	111	11354	145	0	11649
25964	10970	33	128	101	0	11232
25965	11553	32	91	31	0	11707
25966	11627	30	39	43	0	11739
25967	11485	30	22	35	0	11572
25968	11336	21	27	50	0	11434
25969	218	26	33	11141	0	11418
25970	122	29	11060	142	0	11353
25971	63	30	11036	117	0	11246
25972	47	26	11333	51	0	11457
25973	10794	18	228	40	0	11080
25974	11381	20	118	49	0	11568
25975	226	22	41	10848	0	11137
25976	122	11456	39	143	0	11760
25977	58	133	37	11650	0	11878
25978	53	117	11610	164	0	11944
25979	67	42	11519	134	0	11762
25980	10646	23	240	61	0	10970
25981	177	25	12288	52	0	12542
25982	123	22	157	11984	0	12286
25983	12540	29	102	168	0	12839
25984	12542	15	43	138	0	12738
25985	13165	12	37	41	0	13255
25986	13230	21	43	49	0	13343
25987	287	32	12853	45	0	13217
25988	12335	20	176	50	0	12581
25989	188	13042	127	53	0	13410
25990	145	136	60	13155	0	13496
25991	89	110	13177	168	0	13544
25992	81	41	163	13019	0	13304
25993	84	30	13639	175	0	13928
25994	69	23	172	13306	0	13570
25995	64	21	122	13569	0	13776
25996	54	34	13441	267	0	13796
25997	55	20	185	13312	0	13572
25998	13565	21	134	193	0	13913
25999	191	15	54	13660	0	13920
26000	129	42	57	13765	0	13993
26001	13575	30	41	266	0	13912
26002	186	13840	53	141	0	14220
26003	13889	140	48	63	0	14140
26004	189	14205	45	64	0	14503
26005	14451	151	38	55	0	14695
26006	202	117	14552	54	0	14925
26007	147	28	171	14261	0	14607
26008	69	32	127	14446	0	14674
26009	14254	21	54	263	0	14592
26010	181	14194	68	173	0	14616
26011	131	143	51	13989	0	14314
26012	56	99	59	13818	0	14032
26013	52	13577	50	439	0	14118
26014	13506	128	48	146	0	13828
26015	164	13682	64	83	0	13993
26016	130	134	33	13285	0	13582
26017	81	87	38	13053	0	13259
26018	55	13245	46	235	0	13581
26019	13048	149	35	149	0	13381
26020	185	107	13074	73	0	13439
26021	12573	35	150	56	0	12814
26022	182	13038	120	66	0	13406
26023	132	141	50	13174	0	13497
26024	13321	85	34	178	0	13618
26025	187	34	39	13265	0	13525
26026	137	28	37	13290	0	13492
26027	13223	22	41	255	0	13541
26028	172	13174	47	139	0	13532
26029	122	13267	38	72	0	13499
26030	13019	184	34	62	0	13299
26031	153	97	12783	60	0	13093
26032	84	12277	126	60	0	12547
26033	103	128	94	12013	0	12338
26034	45	62	13717	100	0	13924
26035	35	19	129	13259	0	13442
26036	13504	29	93	154	0	13780
26037	128	13923	30	151	0	14232
26038	122	129	17	12405	0	12673
26039	34	13816	22	101	0	13973
26040	13738	132	15	85	0	13970
26041	13905	96	17	46	0	14064
26042	210	14335	27	51	0	14623
26043	114	136	20	13548	0	13818
26044	24	14499	33	154	0	14710
26045	14610	147	18	105	0	14880
26046	14689	115	26	45	0	14875
26047	256	24	16	14579	0	14875
26048	137	29	12	14810	0	14988
26049	53	30	14517	257	0	14857
26050	12811	30	154	171	0	13166
26051	187	35	14612	52	0	14886
26052	139	25	151	14333	0	14648
26053	14186	31	114	162	0	14493
26054	155	14923	33	144	0	15255
26055	14447	160	30	55	0	14692
26056	177	131	14353	65	0	14726
26057	13870	41	149	61	0	14121
26058	177	14999	120	61	0	15357
26059	14920	160	29	70	0	15179
26060	174	15581	34	58	0	15847
26061	123	194	28	15320	0	15665
26062	58	138	15010	182	0	15388
26063	53	61	14560	140	0	14814
26064	57	36	241	14442	0	14776
26065	69	60	14855	184	0	15168
26066	53	43	153	14653	0	14902
26067	48	37	120	14633	0	14838
26068	63	37	15099	280	0	15479
26069	12588	44	180	184	0	12996
26070	14792	34	131	72	0	15029
26071	274	14873	51	57	0	15255
26072	14639	168	105	51	0	14963
26073	179	127	38	14707	0	15051
26074	163	47	15507	184	0	15901
26075	65	26	166	15408	0	15665
26076	64	42	128	15589	0	15823
26077	15270	25	34	270	0	15599
26078	162	15288	26	163	0	15639
26079	140	15358	34	56	0	15588
26080	46	246	25	15342	0	15659
26081	53	148	27	14854	0	15082
26082	34	15024	33	239	0	15330
26083	51	145	25	14654	0	14875
26084	48	131	23	14337	0	14539
26085	26	14204	49	264	0	14543
26086	14244	132	29	132	0	14537
26087	132	111	35	14149	0	14427
26088	120	14461	26	159	0	14766
26089	55	136	27	14343	0	14561
26090	14016	118	36	167	0	14337
26091	148	14181	28	148	0	14505
26092	14332	146	21	71	0	14570
26093	14162	118	23	57	0	14360
26094	246	56	12	14510	0	14824
26095	15029	53	19	174	0	15275
26096	15141	47	18	134	0	15340
26097	15208	39	14	62	0	15323
26098	15145	33	30	51	0	15259
26099	262	39	23	15147	0	15471
26100	157	29	20	15264	0	15470
26101	82	55	15519	263	0	15919
26102	74	37	131	15441	0	15683
26103	88	33	107	15664	0	15892
26104	59	42	15384	270	0	15755
26105	14519	21	144	180	0	14864
26106	179	33	120	15558	0	15890
26107	169	47	15772	179	0	16167
26108	14692	24	172	176	0	15064
26109	205	44	17481	73	0	17803
26110	160	18167	187	89	0	18603
26111	60	19201	149	70	0	19480
26112	78	314	43	20033	0	20468
26113	60	166	23283	215	0	23724
26114	22743	36	242	203	0	23224
26115	24710	45	183	86	0	25024
26116	425	48	24704	64	0	25241
26117	24803	27	246	90	0	25166
26118	25428	22	206	66	0	25722
26119	408	25847	68	71	0	26394
26120	25833	238	45	63	0	26179
26121	287	168	48	25632	0	26135
26122	217	57	26196	269	0	26739
26123	85	50	245	24453	0	24833
26124	60	26708	189	244	0	27201
26125	59	27345	72	201	0	27677
26126	27169	372	46	68	0	27655
26127	26955	174	49	66	0	27244
26128	26709	53	55	76	0	26893
26129	429	34	38	26723	0	27224
26130	225	54	44	25865	0	26188
26131	83	26645	57	406	0	27191
26132	26364	247	40	207	0	26858
26133	264	27036	53	162	0	27515
26134	24831	203	38	54	0	25126
26135	225	25213	56	58	0	25552
26136	24978	203	51	51	0	25283
26137	24647	126	57	60	0	24890
26138	346	69	43	23907	0	24365
26139	214	25190	42	189	0	25635
26140	115	214	24647	140	0	25116
26141	22110	156	189	70	0	22525
26142	230	24201	134	89	0	24654
26143	148	186	24508	94	0	24936
26144	81	168	25137	47	0	25433
26145	73	63	248	23787	0	24171
26146	74	50	117	23739	0	23980
26147	65	25441	49	241	0	25796
26148	26569	197	27	145	0	26938
26149	228	156	29	25965	0	26378
26150	158	28237	36	187	0	28618
26151	99	30027	23	129	0	30278
26152	102	290	29276	55	0	29723
26153	89	139	29520	48	0	29796
26154	27686	65	240	66	0	28057
26155	217	93	29927	76	0	30313
26156	164	63	173	29057	0	29457
26157	102	58	114	30061	0	30335
26158	117	82	30243	280	0	30722
26159	105	59	179	29247	0	29590
26160	84	56	130	29382	0	29652
26161	29117	49	54	277	0	29497
26162	30086	51	56	163	0	30356
26163	290	66	63	29801	0	30220
26164	150	30179	93	195	0	30617
26165	75	31172	80	166	0	31493
26166	31005	265	76	91	0	31437
26167	245	166	31307	63	0	31781
26168	178	58	225	30822	0	31283
26169	32142	70	144	254	0	32610
26170	32233	79	70	186	0	32568
26171	345	80	69	32131	0	32625
26172	206	116	32549	221	0	33092
26173	110	156	31150	175	0	31591
26174	29232	87	381	94	0	29794
26175	31809	98	196	75	0	32178
26176	351	32556	112	82	0	33101
26177	216	33248	133	112	0	33709
26178	34069	312	118	115	0	34614
26179	34824	161	96	141	0	35222
26180	441	79	97	35419	0	36036
26181	269	92	82	36550	0	36993
26182	218	62	87	36896	0	37263
26183	36653	83	108	364	0	37208
26184	333	106	75	36789	0	37303
26185	298	127	37490	260	0	38175
26186	35451	126	251	191	0	36019
26187	316	109	157	37307	0	37889
26188	257	120	38128	298	0	38803
26189	35095	131	234	215	0	35675
26190	35797	141	150	139	0	36227
26191	340	40003	107	162	0	40612
26192	232	41093	99	113	0	41537
26193	233	336	40164	102	0	40835
26194	36408	199	247	149	0	37003
26195	311	41508	168	171	0	42158
26196	285	295	40769	101	0	41450
26197	36172	221	243	143	0	36779
26198	330	42847	172	240	0	43589
26199	277	292	42111	111	0	42791
26200	38648	225	236	114	0	39223
26201	303	42637	164	110	0	43214
26202	242	245	84	42213	0	42784
26203	42205	162	73	275	0	42715
26204	258	42649	100	242	0	43249
26205	196	305	120	42130	0	42751
26206	41565	139	100	263	0	42067
26207	249	109	42522	204	0	43084
26208	168	42153	249	124	0	42694
26209	134	211	41007	86	0	41438
26210	66	459	387	39435	0	40347
26211	93	83	40147	201	0	40524
26212	49	38569	202	172	0	38992
26213	105	36125	112	59	0	36401
26214	180	201	71	35218	0	35670
26215	31	67	54	34087	0	34239
26216	33	18	27	34901	0	34979
26217	52	38	35997	170	0	36257
26218	32	17	105	35753	0	35907
26219	35469	22	97	137	0	35725
26220	34223	25	44	112	0	34404
26221	204	113	36642	68	0	37027
26222	92	36431	109	35	0	36667
26223	36079	93	78	49	0	36299
26224	90	36382	61	57	0	36590
26225	36052	96	31	69	0	36248
26226	35912	87	27	78	0	36104
26227	185	49	36026	33	0	36293
26228	101	37107	112	67	0	37387
26229	46	103	79	37101	0	37329
26230	59	122	37117	111	0	37409
26231	34039	35	123	114	0	34311
26232	136	23	83	36929	0	37171
26233	121	45	36899	114	0	37179
26234	33424	31	129	135	0	33719
26235	199	52	38229	144	0	38624
26236	141	17	136	37777	0	38071
26237	38625	21	152	153	0	38951
26238	146	40117	56	146	0	40465
26239	176	171	40677	60	0	41084
26240	39396	116	149	75	0	39736
26241	43812	44	135	65	0	44056
26242	336	45827	62	39	0	46264
26243	218	231	39	45543	0	46031
26244	73	188	27	45582	0	45870
26245	44847	47	30	407	0	45331
26246	261	43	39	45256	0	45599
26247	258	64	45303	296	0	45921
26248	92	37	248	43957	0	44334
26249	43575	30	190	330	0	44125
26250	256	43452	83	328	0	44119
26251	235	287	42	40131	0	40695
26252	59	42602	69	265	0	42995
26253	42313	296	48	224	0	42881
26254	299	223	29	45205	0	45756
26255	246	59	48	45906	0	46259
26256	74	46512	75	670	0	47331
26257	121	479	45249	356	0	46205
26258	72	307	436	44673	0	45488
26259	72	67	302	45578	0	46019
26260	73	49	76	45054	0	45252
26261	48	45239	92	716	0	46095
26262	121	444	45190	349	0	46104
26263	111	332	46096	123	0	46662
26264	43746	84	765	126	0	44721
26265	46321	43	350	109	0	46823
26266	755	83	47362	75	0	48275
26267	45349	49	461	96	0	45955
26268	571	83	48454	114	0	49222
26269	44615	50	530	104	0	45299
26270	519	48053	429	120	0	49121
26271	48354	462	120	121	0	49057
26272	606	394	49222	87	0	50309
26273	452	127	50182	102	0	50863
26274	133	70	818	53087	0	54108
26275	55212	66	420	788	0	56486
26276	752	58430	166	562	0	59910
26277	612	826	64022	214	0	65674
26278	193	517	1025	63322	0	65057
26279	167	112	646	65231	0	66156
26280	64780	68	156	1601	0	66605
26281	64443	85	100	741	0	65369
26282	1666	88	106	64002	0	65862
26283	64736	85	120	1135	0	66076
26284	1281	109	63831	718	0	65939
26285	782	65	1089	62480	0	64416
26286	252	88	688	64459	0	65487
26287	63784	83	183	1707	0	65757
26288	63393	90	139	816	0	64438
26289	1766	94	132	62387	0	64379
26290	62669	89	161	1208	0	64127
26291	1280	123	61217	791	0	63411
26292	788	60002	1134	326	0	62250
26293	354	1066	60836	227	0	62483
26294	206	721	1161	60478	0	62566
26295	59302	177	712	1219	0	61410
26296	1135	59731	268	844	0	61978
26297	800	1082	169	58168	0	60219
26298	303	717	198	56930	0	58148
26299	233	58377	240	1713	0	60563
26300	282	1135	191	58860	0	60468
26301	276	737	230	59218	0	60461
26302	321	162	191	59653	0	60327
26303	339	139	163	59584	0	60225
26304	403	110	161	58663	0	59337
26305	369	57175	265	2067	0	59876
26306	355	1012	240	58446	0	60053
26307	382	666	240	58329	0	59617
26308	412	238	56504	1925	0	59079
26309	371	56019	1217	1088	0	58695
26310	416	1262	809	56045	0	58532
26311	439	707	292	56284	0	57722
26312	495	216	287	55874	0	56872
26313	413	54989	328	2025	0	57755
26314	492	1135	55651	1152	0	58430
26315	435	789	1271	56219	0	58714
26316	452	291	56544	1496	0	58783
26317	487	250	55146	1073	0	56956
26318	394	276	1757	54558	0	56985
26319	54976	172	899	1624	0	57671
26320	1337	222	357	55125	0	57041
26321	944	249	263	53884	0	55340
26322	419	55035	301	2169	0	57924
26323	441	1104	251	56266	0	58062
26324	453	749	212	56877	0	58291
26325	442	293	55904	2314	0	58953
26326	375	55781	1261	1405	0	58822
26327	390	1256	867	56158	0	58671
26328	54370	815	393	1691	0	57269
26329	1307	410	55189	1255	0	58161
26330	904	332	1308	55020	0	57564
26331	398	348	859	56235	0	57840
26332	54443	300	364	2294	0	57401
26333	1217	54521	336	1590	0	57664
26334	53148	1203	272	930	0	55553
26335	1200	53428	334	886	0	55848
26336	826	1192	299	52909	0	55226
26337	51813	776	298	1823	0	54710
26338	1293	404	51842	1385	0	54924
26339	807	50376	1271	966	0	53420
26340	388	50804	951	944	0	53087
26341	46677	1547	426	778	0	49428
26342	1146	819	361	44658	0	46984
26343	752	45115	368	1643	0	47878
26344	353	46468	308	1351	0	48480
26345	376	1516	256	46263	0	48411
26346	356	792	277	47012	0	48437
26347	44954	378	318	2131	0	47781
26348	1106	45249	343	1403	0	48101
26349	834	1110	361	45668	0	47973
26350	413	783	44893	1536	0	47625
26351	340	45020	1247	1281	0	47888
26352	402	1074	44571	925	0	46972
26353	418	44469	1232	880	0	46999
26354	740	1072	993	41005	0	43810
26355	371	628	254	39721	0	40974
26356	372	40428	246	1606	0	42652
26357	385	1022	40523	1045	0	42975
26358	39448	699	883	753	0	41783
26359	916	437	627	41760	0	43740
26360	583	420	341	42742	0	44086
26361	341	464	42203	1666	0	44674
26362	290	473	962	42540	0	44265
26363	299	465	42468	1422	0	44654
26364	305	439	913	42134	0	43791
26365	297	460	43177	1350	0	45284
26366	213	42445	950	1284	0	44892
26367	296	1051	43083	827	0	45257
26368	299	768	880	42731	0	44678
26369	42140	427	560	1353	0	44480
26370	867	41796	283	1171	0	44117
26371	678	1055	280	41307	0	43320
26372	383	775	40590	1221	0	42969
26373	217	41141	967	1035	0	43360
26374	244	894	545	35568	0	37251
26375	249	606	35597	818	0	37270
26376	121	31686	572	505	0	32884
26377	24430	668	753	258	0	26109
26378	22754	159	112	145	0	23170
26379	271	89	45	23215	0	23620
26380	23302	43	40	196	0	23581
26381	179	58	45	22974	0	23256
26382	161	40	39	23451	0	23691
26383	77	50	24619	297	0	25043
26384	42	52	167	24150	0	24411
26385	53	37	144	24589	0	24823
26386	24220	42	66	317	0	24645
26387	23476	48	35	203	0	23762
26388	271	24391	61	103	0	24826
26389	187	207	24540	83	0	25017
26390	54	181	175	24213	0	24623
26391	75	63	24230	214	0	24582
26392	22100	51	245	196	0	22592
26393	230	64	23954	105	0	24353
26394	162	37	194	22624	0	23017
26395	50	23439	166	201	0	23856
26396	63	160	66	23419	0	23708
26397	48	140	54	23479	0	23721
26398	64	61	24582	339	0	25046
26399	63	46	180	24299	0	24588
26400	24305	42	163	244	0	24754
26401	24164	40	80	236	0	24520
26402	24273	39	77	119	0	24508
26403	24356	48	59	122	0	24585
26404	282	24268	82	118	0	24750
26405	161	24425	89	133	0	24808
26406	83	256	74	23327	0	23740
26407	64	182	76	24154	0	24476
26408	56	23995	86	321	0	24458
26409	70	162	71	24512	0	24815
26410	69	197	76	24447	0	24789
26411	75	90	86	24467	0	24718
26412	78	66	88	24446	0	24678
26413	86	78	82	24616	0	24862
26414	23841	73	83	368	0	24365
26415	195	23786	103	274	0	24358
26416	204	206	23292	184	0	23886
26417	101	167	208	23280	0	23756
26418	85	92	198	23418	0	23793
26419	82	74	113	23353	0	23622
26420	22867	82	123	396	0	23468
26421	209	25567	125	344	0	26245
26422	223	258	105	24939	0	25525
26423	134	26475	116	429	0	27154
26424	152	400	83	25340	0	25975
26425	149	25731	97	510	0	26487
26426	153	435	26838	406	0	27832
26427	121	329	439	28210	0	29099
26428	142	146	33928	599	0	34815
26429	127	93	667	33653	0	34540
26430	123	121	485	36353	0	37082
26431	36327	118	159	1149	0	37753
26432	36400	126	136	662	0	37324
26433	37233	108	128	309	0	37778
26434	37050	108	125	269	0	37552
26435	37066	108	111	267	0	37552
26436	1181	102	131	35017	0	36431
26437	625	36001	149	799	0	37574
26438	253	677	126	35918	0	36974
26439	223	524	35094	904	0	36745
26440	33956	157	686	667	0	35466
26441	35434	118	503	344	0	36399
26442	1150	127	173	35401	0	36851
26443	665	117	119	34584	0	35485
26444	273	34395	126	1255	0	36049
26445	257	668	107	35196	0	36228
26446	240	510	101	34130	0	34981
26447	212	34137	150	1273	0	35772
26448	205	673	120	35308	0	36306
26449	33312	523	122	957	0	34914
26450	766	212	33922	715	0	35615
26451	32430	135	685	448	0	33698
26452	855	177	34060	339	0	35431
26453	613	151	759	33068	0	34591
26454	300	125	517	31550	0	32492
26455	223	32654	224	1251	0	34352
26456	242	33447	167	809	0	34665
26457	308	1095	141	31849	0	33393
26458	307	561	32328	890	0	34086
26459	29970	162	647	653	0	31432
26460	741	116	476	30753	0	32086
26461	558	30723	198	810	0	32289
26462	322	622	88	31124	0	32156
26463	262	490	99	30053	0	30904
26464	275	29963	129	1157	0	31524
26465	304	604	75	28653	0	29636
26466	252	415	26867	767	0	28301
26467	251	148	26548	503	0	27450
26468	209	190	821	23671	0	24891
26469	119	25886	456	622	0	27083
26470	189	589	159	25670	0	26607
26471	25846	405	85	721	0	27057
26472	26075	156	89	528	0	26848
26473	25023	104	74	294	0	25495
26474	935	24793	116	269	0	26113
26475	493	579	24682	230	0	25984
26476	24158	421	555	259	0	25393
26477	25048	217	404	281	0	25950
26478	888	24643	158	320	0	26009
26479	504	620	130	24346	0	25600
26480	24692	460	162	716	0	26030
26481	25027	176	140	595	0	25938
26482	25431	149	163	285	0	26028
26483	1022	118	186	23553	0	24879
26484	23948	114	153	807	0	25022
26485	765	162	159	23806	0	24892
26486	619	135	142	24137	0	25033
26487	23805	152	130	1108	0	25195
26488	774	196	145	23748	0	24863
26489	23502	159	143	914	0	24718
26490	851	175	137	23544	0	24707
26491	636	200	134	23974	0	24944
26492	23329	195	114	1208	0	24846
26493	895	187	22934	754	0	24770
26494	753	187	660	23229	0	24829
26495	514	161	493	23539	0	24707
26496	456	142	207	23527	0	24332
26497	386	175	168	24029	0	24758
26498	383	189	137	22303	0	23012
26499	367	21785	190	1274	0	23616
26500	458	647	157	22332	0	23594
26501	505	454	21881	931	0	23771
26502	499	240	618	22311	0	23668
26503	465	167	427	22411	0	23470
26504	425	216	148	23226	0	24015
26505	365	248	22158	1302	0	24073
26506	355	232	22335	860	0	23782
26507	21876	235	957	529	0	23597
26508	22368	186	558	481	0	23593
26509	1115	22818	248	506	0	24687
26510	728	669	161	23332	0	24890
26511	385	544	172	24425	0	25526
26512	325	254	180	25164	0	25923
26513	24172	190	223	1369	0	25954
26514	24747	194	198	894	0	26033
26515	1101	212	141	24712	0	26166
26516	655	244	136	25053	0	26088
26517	354	254	174	25382	0	26164
26518	266	199	196	25596	0	26257
26519	24115	188	238	1377	0	25918
26520	771	167	23692	917	0	25547
26521	476	20135	579	546	0	21736
26522	241	19650	403	389	0	20683
26523	18634	641	133	384	0	19792
26524	518	764	154	18296	0	19732
26525	368	195	18397	653	0	19613
26526	135	160	16743	491	0	17529
26527	135	16566	561	295	0	17557
26528	11020	103	352	96	0	11571
26529	109	81	10809	63	0	11062
26530	8029	64	133	30	0	8256
26531	58	10	33	8856	0	8957
26532	41	7	9	8835	0	8892
26533	14	8785	8	78	0	8885
26534	10	9028	13	54	0	9105
26535	8833	70	5	30	0	8938
26536	8833	32	7	20	0	8892
26537	68	9058	7	24	0	9157
26538	68	38	8674	13	0	8793
26539	25	28	8809	18	0	8880
26540	14	61	49	8758	0	8882
26541	9131	6	37	41	0	9215
26542	32	9112	18	70	0	9232
26543	28	31	9	9458	0	9526
26544	9556	21	4	58	0	9639
26545	44	8	7	9722	0	9781
26546	31	5	5	10264	0	10305
26547	10051	5	4	80	0	10140
26548	40	10215	12	78	0	10345
26549	38	10775	9	44	0	10866
26550	35	78	10915	29	0	11057
26551	15	42	47	11090	0	11194
26552	19	13	41	11250	0	11323
26553	13	12	11599	83	0	11707
26554	9147	9	52	108	0	9316
26555	10531	7	41	38	0	10617
26556	94	5	11445	20	0	11564
26557	9227	10	56	61	0	9354
26558	71	18	12002	22	0	12113
26559	50	12478	55	22	0	12605
26560	30	46	43	13031	0	13150
26561	28	44	14	13505	0	13591
26562	13400	12	13	105	0	13530
26563	13308	8	7	67	0	13390
26564	13274	8	8	35	0	13325
26565	13322	10	11	28	0	13371
26566	13193	13	9	36	0	13251
26567	100	24	13055	18	0	13197
26568	62	13220	56	28	0	13366
26569	33	48	44	13136	0	13261
26570	14	13611	27	50	0	13702
26571	15	13689	19	56	0	13779
26572	31	82	13	13396	0	13522
26573	24	58	14	13466	0	13562
26574	27	32	13214	84	0	13357
26575	11662	20	55	71	0	11808
26576	13055	10	44	36	0	13145
26577	64	13021	27	72	0	13184
26578	13126	37	27	24	0	13214
26579	13377	38	20	29	0	13464
26580	72	19	13	13280	0	13384
26581	64	18	13955	39	0	14076
26582	31	23	13868	44	0	13966
26583	13688	12	59	27	0	13786
26584	14108	8	49	25	0	14190
26585	73	14045	28	23	0	14169
26586	54	14566	20	25	0	14665
26587	36	75	11	14865	0	14987
26588	14879	50	10	53	0	14992
26589	69	47	15096	38	0	15250
26590	56	19	52	15267	0	15394
26591	16038	13	45	79	0	16175
26592	16115	9	22	64	0	16210
26593	108	21	17	16550	0	16696
26594	16644	15	15	88	0	16762
26595	122	31	16056	47	0	16256
26596	72	34	17441	35	0	17582
26597	41	20	97	16976	0	17134
26598	29	32	55	18038	0	18154
26599	25	10	32	17983	0	18050
26600	28	17870	27	113	0	18038
26601	43	18085	25	67	0	18220
26602	34	108	16	18094	0	18252
26603	18294	54	20	84	0	18452
26604	69	32	19	18480	0	18600
26605	48	8	23	18384	0	18463
26606	35	18303	28	118	0	18484
26607	25	18799	27	77	0	18928
26608	35	99	11	18775	0	18920
26609	29	48	11	18219	0	18307
26610	17770	23	10	106	0	17909
26611	88	17389	14	138	0	17629
26612	17417	66	13	34	0	17530
26613	82	56	18	17556	0	17712
26614	77	24	17252	73	0	17426
26615	30	36	16819	59	0	16944
26616	16931	11	85	52	0	17079
26617	73	19	41	18413	0	18546
26618	51	17	26	18386	0	18480
26619	30	18	17	18609	0	18674
26620	41	16	18763	121	0	18941
26621	23	11	68	18512	0	18614
26622	26	18817	54	110	0	19007
26623	28	74	20	19316	0	19438
26624	27	54	14	19228	0	19323
26625	23	19734	22	128	0	19907
26626	17	91	16	20215	0	20339
26627	19555	47	14	134	0	19750
26628	102	19758	32	95	0	19987
26629	20451	112	14	43	0	20620
26630	20419	74	9	45	0	20547
26631	224	34	10	20341	0	20609
26632	111	19	15	20380	0	20525
26633	48	25	10	20928	0	21011
26634	51	30	20099	271	0	20451
26635	27	20016	124	151	0	20318
26636	27	20549	93	60	0	20729
26637	22	206	28	20208	0	20464
26638	19741	85	28	149	0	20003
26639	142	31	15	19776	0	19964
26640	107	41	20160	166	0	20474
26641	33	19786	129	154	0	20102
26642	28	20210	94	68	0	20400
26643	19996	168	28	51	0	20243
26644	20214	87	31	55	0	20387
26645	181	22279	30	75	0	22565
26646	22428	115	29	38	0	22610
26647	173	101	21974	18	0	22266
26648	103	49	21751	32	0	21935
26649	21989	21	235	46	0	22291
26650	22747	16	107	56	0	22926
26651	229	27	32	22625	0	22913
26652	22739	17	25	176	0	22957
26653	227	26	22775	116	0	23144
26654	144	39	24572	47	0	24802
26655	56	35	286	28227	0	28604
26656	51	21	156	32462	0	32690
26657	47	19	48	33476	0	33590
26658	47	22	43	34221	0	34333
26659	44	42	32	36059	0	36177
26660	79	43	35007	743	0	35872
26661	61	18	352	34768	0	35199
26662	34812	28	333	581	0	35754
26663	384	30	86	35636	0	36136
26664	35345	24	53	587	0	36009
26665	443	32	48	35604	0	36127
26666	36275	39	70	585	0	36969
26667	37093	24	56	479	0	37652
26668	737	32	64	36951	0	37784
26669	428	43	52	37676	0	38199
26670	37105	37	62	797	0	38001
26671	36907	25	50	536	0	37518
26672	822	52	38560	250	0	39684
26673	518	39	391	38571	0	39519
26674	268	45	312	39798	0	40423
26675	39657	46	113	834	0	40650
26676	39999	57	66	536	0	40658
26677	823	40	82	40189	0	41134
26678	503	21	106	40642	0	41272
26679	251	43	90	40952	0	41336
26680	202	79	99	40174	0	40554
26681	194	38402	128	1019	0	39743
26682	168	39052	124	737	0	40081
26683	183	664	79	38845	0	39771
26684	182	39065	103	736	0	40086
26685	191	434	90	39757	0	40472
26686	203	380	38862	823	0	40268
26687	196	171	37777	726	0	38870
26688	160	39061	697	555	0	40473
26689	233	486	403	38624	0	39746
26690	254	515	38586	728	0	40083
26691	221	174	489	37702	0	38586
26692	205	157	421	39035	0	39818
26693	38048	94	214	1022	0	39378
26694	594	99	181	39050	0	39924
26695	578	108	40143	807	0	41636
26696	349	97	40020	707	0	41173
26697	326	39672	792	512	0	41302
26698	289	42263	482	470	0	43504
26699	43047	628	208	493	0	44376
26700	689	376	46896	470	0	48431
26701	600	100	545	46948	0	48193
26702	47617	84	440	820	0	48961
26703	47035	101	207	764	0	48107
26704	846	48496	220	597	0	50159
26705	618	604	187	48305	0	49714
26706	338	403	186	50018	0	50945
26707	288	190	155	50151	0	50784
26708	48897	165	139	1207	0	50408
26709	634	173	48963	905	0	50675
26710	530	50352	511	612	0	52005
26711	330	527	421	50634	0	51912
26712	270	466	222	51404	0	52362
26713	252	269	51470	1200	0	53191
26714	287	203	544	50846	0	51880
26715	267	189	499	52138	0	53093
26716	241	210	263	52335	0	53049
26717	274	181	264	52137	0	52856
26718	301	197	51093	1340	0	52931
26719	219	168	665	50995	0	52047
26720	266	173	52260	1179	0	53878
26721	277	51892	713	1077	0	53959
26722	280	472	572	52373	0	53697
26723	332	423	319	53368	0	54442
26724	298	231	52317	1371	0	54217
26725	289	51688	638	1152	0	53767
26726	364	478	591	51494	0	52927
26727	394	459	52193	929	0	53975
26728	336	52083	569	934	0	53922
26729	392	480	450	52465	0	53787
26730	440	431	52934	877	0	54682
26731	379	238	523	52609	0	53749
26732	408	183	448	53043	0	54082
26733	316	194	278	54593	0	55381
26734	53610	226	213	1130	0	55179
26735	605	53507	256	988	0	55356
26736	53751	463	218	737	0	55169
26737	617	431	53955	698	0	55701
26738	55367	195	516	815	0	56893
26739	59167	191	451	762	0	60571
26740	793	216	278	59097	0	60384
26741	60633	219	239	1024	0	62115
26742	61214	212	258	982	0	62666
26743	62944	225	243	786	0	64198
26744	861	208	257	62538	0	63864
26745	566	220	249	61180	0	62215
26746	299	232	59932	1070	0	61533
26747	257	192	58165	833	0	59447
26748	56022	151	768	615	0	57556
26749	468	295	499	58972	0	60234
26750	355	60611	325	740	0	62031
26751	60346	435	287	690	0	61758
26752	391	60799	297	563	0	62050
26753	354	60781	305	569	0	62009
26754	479	660	57878	532	0	59549
26755	257	281	61368	286	0	62192
26756	133	738	492	59436	0	60799
26757	166	173	63399	271	0	64009
26758	114	118	60231	198	0	60661
26759	56885	66	151	130	0	57232
26760	60962	32	81	107	0	61182
26761	113	39	38	61516	0	61706
26762	86	34	30	62563	0	62713
26763	87	125	63372	174	0	63758
26764	41	64375	100	133	0	64649
26765	52	94	59	64390	0	64595
26766	65790	49	53	207	0	66099
26767	114	32	25	66593	0	66764
26768	73	67287	67	234	0	67661
26769	179	137	66587	147	0	67050
26770	51	68585	128	102	0	68866
26771	68283	101	70	119	0	68573
26772	66143	90	33	110	0	66376
26773	170	64	42	66023	0	66299
26774	149	120	67663	149	0	68081
26775	111	123	65462	145	0	65841
26776	52	67766	271	92	0	68181
26777	67	163	145	65758	0	66133
26778	67	102	37	67715	0	67921
26779	103	118	67436	252	0	67909
26780	58	24	137	65803	0	66022
26781	45	70957	158	203	0	71363
26782	51	221	51	71187	0	71510
26783	56	187	41	71430	0	71714
26784	113	122	71358	431	0	72024
26785	68	44	235	69851	0	70198
26786	69517	59	276	367	0	70219
26787	307	93	72276	223	0	72899
26788	335	137	72470	106	0	73048
26789	56	73560	539	104	0	74259
26790	65	315	279	74000	0	74659
26791	55	242	76	78116	0	78489
26792	108	130	77871	648	0	78757
26793	71550	52	471	454	0	72527
26794	424	84	364	77808	0	78680
26795	433	134	76959	460	0	77986
26796	151	29	451	73870	0	74501
26797	124	96	77793	528	0	78541
26798	211	97	75943	476	0	76727
26799	56	76241	864	158	0	77319
26800	102	492	456	69896	0	70946
26801	40	73726	175	540	0	74481
26802	71036	497	79	430	0	72042
26803	535	475	72365	197	0	73572
26804	361	71650	529	210	0	72750
26805	109	455	417	71145	0	72126
26806	70131	382	131	517	0	71161
26807	396	71378	158	576	0	72508
26808	361	451	109	71393	0	72314
26809	107	405	100	70751	0	71363
26810	46	72657	152	978	0	73833
26811	72234	512	108	524	0	73378
26812	518	456	106	82590	0	83670
26813	433	135	106	86105	0	86779
26814	209	171	84956	1733	0	87069
26815	86	88627	1148	1028	0	90889
26816	102	1114	900	88162	0	90278
26817	168	890	284	94856	0	96198
26818	86	98503	180	2055	0	100824
26819	199	1407	133	98785	0	100524
26820	135	1064	124	100933	0	102256
26821	124	267	126	100636	0	101153
26822	76	101042	229	2671	0	104018
26823	99277	1515	186	1314	0	102292
26824	1636	1130	101255	453	0	104474
26825	95712	283	1608	408	0	98011
26826	1649	100950	1228	401	0	104228
26827	1094	1567	380	100177	0	103218
26828	409	1293	101275	1707	0	104684
26829	195	345	1627	100123	0	102290
26830	211	207	1134	100363	0	101915
26831	232	209	362	103083	0	103886
26832	306	322	100454	2947	0	104029
26833	143	99254	1790	1921	0	103108
26834	271	1647	100906	730	0	103554
26835	118	101949	2003	713	0	104783
26836	335	1918	102531	609	0	105393
26837	235	1289	1943	100370	0	103837
26838	96988	509	1306	2257	0	101060
26839	1483	99945	569	1903	0	103900
26840	1200	1861	100402	936	0	104399
26841	322	99992	1866	883	0	103063
26842	362	2107	100841	817	0	104127
26843	292	1428	1992	95638	0	99350
26844	383	676	1413	92187	0	94659
26845	306	97826	726	2944	0	101802
26846	301	101451	569	1882	0	104203
26847	99887	2921	510	1058	0	104376
26848	1893	1760	579	101026	0	105258
26849	1451	937	101575	2429	0	106392
26850	590	587	2031	101171	0	104379
26851	514	696	102913	2723	0	106846
26852	438	740	103381	2101	0	106660
26853	387	669	3216	95398	0	99670
26854	317	100624	1852	2436	0	105229
26855	95177	2119	878	2082	0	100256
26856	1902	1714	706	93418	0	97740
26857	1410	893	716	89982	0	93001
26858	519	93669	822	3419	0	98429
26859	92081	2306	733	2016	0	97136
26860	92966	1773	819	1166	0	96724
26861	2976	900	802	88815	0	93493
26862	1600	91100	957	2510	0	96167
26863	577	97388	944	2097	0	101006
26864	95390	3220	761	1277	0	100648
26865	1931	2046	96302	1114	0	101393
26866	92707	1062	2399	1108	0	97276
26867	93882	893	1838	1069	0	97682
26868	93648	806	965	1201	0	96620
26869	3026	92776	815	1217	0	97834
26870	1625	2318	797	93817	0	98557
26871	93837	1822	864	2543	0	99066
26872	94045	1016	862	1999	0	97922
26873	2842	94287	1033	1290	0	99452
26874	95671	2256	792	1182	0	99901
26875	2127	1784	806	96283	0	101000
26876	1588	908	829	95533	0	98858
26877	718	95800	764	3482	0	100764
26878	638	2351	784	97557	0	101330
26879	740	1868	675	96817	0	100100
26880	675	96445	773	3591	0	101484
26881	822	2128	645	89183	0	92778
26882	642	94434	736	2788	0	98600
26883	93530	2462	790	2003	0	98785
26884	90768	1820	731	1298	0	94617
26885	2832	92414	709	1456	0	97411
26886	1784	2223	91494	1252	0	96753
26887	961	1924	1850	90823	0	95558
26888	993	1099	90976	2406	0	95474
26889	872	87889	2078	2111	0	92950
26890	855	89809	1571	1284	0	93519
26891	83958	2484	759	888	0	88089
26892	2095	88195	660	1042	0	91992
26893	1873	2030	573	82740	0	87216
26894	1074	86539	721	1763	0	90097
26895	1040	88677	502	1635	0	91854
26896	87095	2662	565	1064	0	91386
26897	2073	1644	499	86531	0	90747
26898	1680	995	86497	2099	0	91271
26899	1031	918	86012	1892	0	89853
26900	871	87304	2375	1189	0	91739
26901	86183	2064	1343	1009	0	90599
26902	1895	89215	809	1058	0	92977
26903	1567	2333	508	91727	0	96135
26904	92582	1674	593	2148	0	96997
26905	2182	1080	439	94267	0	97968
26906	1757	933	541	93433	0	96664
26907	967	94681	527	3131	0	99306
26908	995	2188	512	95864	0	99559
26909	775	1875	95529	2243	0	100422
26910	88586	947	1897	1746	0	93176
26911	1864	96675	1373	1051	0	100963
26912	1119	92014	463	706	0	94302
26913	87286	1743	327	470	0	89826
26914	1379	1177	88176	570	0	91302
26915	80468	556	1348	461	0	82833
26916	1143	92884	928	464	0	95419
26917	630	96705	283	335	0	97953
26918	391	1872	96843	240	0	99346
26919	159	99411	1335	251	0	101156
26920	294	1294	957	89963	0	92508
26921	225	891	173	90596	0	91885
26922	108	94811	143	1666	0	96728
26923	174	1130	68	94566	0	95938
26924	95558	886	70	1139	0	97653
26925	1178	279	95503	850	0	97810
26926	94189	181	1083	293	0	95746
26927	98026	186	807	197	0	99216
26928	97086	196	148	165	0	97595
26929	2075	239	98247	120	0	100681
26930	1033	191	1150	96134	0	98508
26931	349	237	98794	1205	0	100585
26932	93070	170	1263	958	0	95461
26933	92894	206	905	319	0	94324
26934	1844	97219	245	306	0	99614
26935	1027	1237	136	94341	0	96741
26936	260	99566	217	1264	0	101307
26937	299	1417	100474	961	0	103151
26938	301	992	1316	98672	0	101281
26939	99492	289	935	1405	0	102121
26940	99869	221	219	1073	0	101382
26941	2242	257	188	91983	0	94670
26942	1139	95664	266	1227	0	98296
26943	448	1325	98435	960	0	101168
26944	393	1066	99326	258	0	101043
26945	90113	322	2248	298	0	92981
26946	1546	286	99984	271	0	102087
26947	1105	98434	1516	456	0	101511
26948	394	1425	1074	96525	0	99418
26949	333	1144	99995	1331	0	102803
26950	323	347	1439	95874	0	97983
26951	405	370	99165	1627	0	101567
26952	88014	248	1560	1173	0	90995
26953	1482	340	1139	92429	0	95390
26954	1135	95471	413	1374	0	98393
26955	395	96476	364	1172	0	98407
26956	384	2331	286	94189	0	97190
26957	429	1176	259	91946	0	93810
26958	339	93392	407	2203	0	96341
26959	484	1501	93826	1221	0	97032
26960	386	1159	1519	92612	0	95676
26961	437	429	95949	1521	0	98336
26962	389	362	92798	1191	0	94740
26963	81744	325	2450	431	0	84950
26964	1541	88161	1364	462	0	91528
26965	87805	1565	470	395	0	90235
26966	1636	1355	439	83313	0	86743
26967	1203	88234	493	1536	0	91466
26968	569	1697	481	89014	0	91761
26969	483	1349	472	87512	0	89816
26970	466	87248	498	2490	0	90702
26971	575	1747	86678	1500	0	90500
26972	558	1289	1604	86720	0	90171
26973	86401	600	1372	1838	0	90211
26974	1732	514	622	85759	0	88627
26975	1456	470	576	85397	0	87899
26976	821	548	84183	2610	0	88162
26977	632	83597	1805	1544	0	87578
26978	616	1677	1434	82456	0	86183
26979	627	1501	84030	1721	0	87879
26980	618	718	83628	1424	0	86388
26981	77081	678	2797	915	0	81471
26982	1709	82128	1672	880	0	86389
26983	80858	1713	784	738	0	84093
26984	1801	81803	658	785	0	85047
26985	1441	82753	613	819	0	85626
26986	80715	2642	622	734	0	84713
26987	1872	1519	646	77471	0	81508
26988	1579	80347	774	1769	0	84469
26989	953	1701	620	82021	0	85295
26990	80591	1306	641	2041	0	84579
26991	1996	637	81668	1590	0	85891
26992	1636	580	80262	758	0	83236
26993	74449	489	2827	825	0	78590
26994	1832	78538	1854	837	0	83061
26995	1634	1675	78889	699	0	82897
26996	849	79046	1990	710	0	82595
26997	799	1864	1550	76803	0	81016
26998	667	1565	78519	1860	0	82611
26999	546	772	1898	77327	0	80543
27000	570	695	77690	2143	0	81098
27001	71356	616	1980	1706	0	75658
27002	1771	75454	1628	998	0	79851
27003	72134	1583	778	696	0	75191
27004	1659	1342	715	65235	0	68951
27005	1216	75937	742	1600	0	79495
27006	75185	1760	757	1339	0	79041
27007	74349	1359	751	727	0	77186
27008	2513	662	74950	766	0	78891
27009	1384	612	74471	648	0	77115
27010	64828	492	2535	610	0	68465
27011	1368	68308	1517	722	0	71915
27012	998	66060	770	554	0	68382
27013	938	2813	827	62516	0	67094
27014	627	1085	63204	1406	0	66322
27015	417	60300	1440	1026	0	63183
27016	331	55116	870	561	0	56878
27017	836	1484	439	40052	0	42811
27018	41578	475	168	649	0	42870
27019	41748	181	174	478	0	42581
27020	42435	183	136	208	0	42962
27021	947	197	42081	170	0	43395
27022	40978	159	648	178	0	41963
27023	41942	158	473	253	0	42826
27024	42430	171	175	155	0	42931
27025	1019	173	149	39689	0	41030
27026	472	41034	154	593	0	42253
27027	39893	607	105	399	0	41004
27028	556	40721	162	183	0	41622
27029	413	574	148	40173	0	41308
27030	206	405	41553	595	0	42759
27031	177	167	639	40837	0	41820
27032	164	131	420	41527	0	42242
27033	206	160	41502	877	0	42745
27034	155	40840	583	543	0	42121
27035	117	555	378	37654	0	38704
27036	36721	356	114	504	0	37695
27037	455	36185	133	377	0	37150
27038	35157	455	107	111	0	35830
27039	517	443	122	31943	0	33025
27040	357	35241	110	390	0	36098
27041	34055	419	96	248	0	34818
27042	445	34545	127	104	0	35221
27043	349	440	33892	65	0	34746
27044	32771	405	425	88	0	33689
27045	33014	320	241	54	0	33629
27046	616	33585	68	88	0	34357
27047	289	451	32300	65	0	33105
27048	76	33518	416	90	0	34100
27049	140	608	275	26565	0	27588
27050	94	282	123	33082	0	33581
27051	89	97	41	32995	0	33222
27052	102	33270	77	642	0	34091
27053	128	429	36	33339	0	33932
27054	120	274	42	33589	0	34025
27055	32781	86	56	653	0	33576
27056	486	75	56	32837	0	33454
27057	341	55	51	33390	0	33837
27058	32639	50	54	700	0	33443
27059	474	33364	56	338	0	34232
27060	33673	497	49	113	0	34332
27061	33312	318	56	106	0	33792
27062	33322	117	71	99	0	33609
27063	727	129	81	32744	0	33681
27064	359	85	95	33467	0	34006
27065	183	93	32958	711	0	33945
27066	166	151	32582	340	0	33239
27067	170	131	32046	155	0	32502
27068	28769	122	756	172	0	29819
27069	572	147	31419	154	0	32292
27070	364	31427	542	163	0	32496
27071	206	557	301	30993	0	32057
27072	236	434	109	29124	0	29903
27073	214	32058	120	665	0	33057
27074	261	562	32634	328	0	33785
27075	214	33065	527	166	0	33972
27076	32370	547	343	140	0	33400
27077	610	401	32997	134	0	34142
27078	439	32358	542	181	0	33520
27079	336	525	32928	163	0	33952
27080	220	387	556	32205	0	33368
27081	208	233	33360	549	0	34350
27082	182	200	560	31999	0	32941
27083	32768	152	342	707	0	33969
27084	617	192	33107	440	0	34356
27085	443	33114	523	284	0	34364
27086	33055	555	343	255	0	34208
27087	640	379	34003	246	0	35268
27088	497	177	34516	244	0	35434
27089	259	157	759	33161	0	34336
27090	261	159	34237	668	0	35325
27091	31693	154	593	508	0	32948
27092	626	33815	389	270	0	35100
27093	485	677	154	31897	0	33213
27094	243	35124	175	567	0	36109
27095	35182	604	189	437	0	36412
27096	648	446	34930	268	0	36292
27097	469	219	36384	288	0	37360
27098	220	185	889	35360	0	36654
27099	218	215	465	36088	0	36986
27100	221	196	256	36914	0	37587
27101	196	179	261	37420	0	38056
27102	243	252	37573	915	0	38983
27103	228	37061	675	646	0	38610
27104	195	492	355	32962	0	34004
27105	174	330	31871	451	0	32826
27106	213	31523	435	363	0	32534
27107	31350	429	363	180	0	32322
27108	550	357	118	31117	0	32142
27109	30830	139	101	461	0	31531
27110	388	30907	129	407	0	31831
27111	30588	396	111	196	0	31291
27112	463	334	31867	144	0	32808
27113	340	480	415	29054	0	30289
27114	160	31537	330	496	0	32523
27115	163	374	31131	340	0	32008
27116	104	31073	402	178	0	31757
27117	121	649	388	25422	0	26580
27118	29135	269	137	376	0	29917
27119	347	29404	134	298	0	30183
27120	28900	319	113	150	0	29482
27121	378	265	28895	138	0	29676
27122	299	122	28640	153	0	29214
27123	27875	84	514	126	0	28599
27124	341	74	305	28537	0	29257
27125	258	167	211	28660	0	29296
27126	127	100	30826	465	0	31518
27127	123	92	30262	257	0	30734
27128	108	31239	522	150	0	32019
27129	29092	380	400	161	0	30033
27130	27823	200	99	137	0	28259
27131	347	27879	116	86	0	28428
27132	209	250	96	28469	0	29024
27133	29223	201	101	285	0	29810
27134	263	57	107	29250	0	29677
27135	29645	62	95	303	0	30105
27136	29476	71	76	216	0	29839
27137	30272	66	77	138	0	30553
27138	390	70	83	29741	0	30284
27139	204	69	86	30954	0	31313
27140	30045	71	114	391	0	30621
27141	30078	55	94	225	0	30452
27142	30214	65	97	121	0	30497
27143	395	29875	99	105	0	30474
27144	28803	172	66	95	0	29136
27145	203	28972	78	79	0	29332
27146	28091	181	68	99	0	28439
27147	245	171	28225	116	0	28757
27148	25272	101	177	71	0	25621
27149	165	27508	155	93	0	27921
27150	113	27370	66	79	0	27628
27151	27334	197	92	78	0	27701
27152	174	136	22	27248	0	27580
27153	143	43	27	27827	0	28040
27154	60	28374	45	243	0	28722
27155	56	30014	47	140	0	30257
27156	30618	207	40	72	0	30937
27157	186	159	31917	33	0	32295
27158	163	43	145	33316	0	33667
27159	34177	38	134	189	0	34538
27160	239	83	34833	181	0	35336
27161	182	37914	199	134	0	38429
27162	40080	246	162	73	0	40561
27163	387	224	41642	32	0	42285
27164	277	51	354	42602	0	43284
27165	101	85	45145	418	0	45749
27166	41422	48	427	297	0	42194
27167	392	45659	293	218	0	46562
27168	45994	407	67	89	0	46557
27169	45569	248	48	79	0	45944
27170	618	69	45	45882	0	46614
27171	45793	43	40	428	0	46304
27172	432	67	57	46049	0	46605
27173	312	49	28	46179	0	46568
27174	136	89	44829	643	0	45697
27175	91	44821	416	404	0	45732
27176	102	392	245	44952	0	45691
27177	109	264	70	45031	0	45474
27178	109	62	39	45491	0	45701
27179	111	96	45006	678	0	45891
27180	82	44708	443	368	0	45601
27181	122	386	263	44732	0	45503
27182	105	259	77	45170	0	45611
27183	110	126	44817	653	0	45706
27184	120	60	388	43856	0	44424
27185	44207	51	267	485	0	45010
27186	436	44861	119	338	0	45754
27187	44088	387	65	129	0	44669
27188	517	366	43930	79	0	44892
27189	337	114	386	43564	0	44401
27190	44449	46	269	444	0	45208
27191	43627	60	107	335	0	44129
27192	682	94	45029	125	0	45930
27193	395	69	436	43434	0	44334
27194	163	93	44266	483	0	45005
27195	40409	72	444	362	0	41287
27196	434	43728	364	195	0	44721
27197	43070	408	176	152	0	43806
27198	42270	294	87	152	0	42803
27199	650	43667	186	152	0	44655
27200	44205	405	133	168	0	44911
27201	505	312	44103	132	0	45052
27202	43015	101	444	151	0	43711
27203	540	115	310	43467	0	44432
27204	430	144	45012	485	0	46071
27205	327	101	474	44297	0	45199
27206	254	104	358	44525	0	45241
27207	293	103	201	43490	0	44087
27208	269	44725	228	739	0	45961
27209	44760	454	163	486	0	45863
27210	613	323	202	44310	0	45448
27211	481	45100	212	600	0	46393
27212	326	502	163	42144	0	43135
27213	306	43916	214	660	0	45096
27214	383	518	43808	538	0	45247
27215	265	327	523	42893	0	44008
27216	259	227	422	44211	0	45119
27217	268	220	43967	896	0	45351
27218	38388	230	545	751	0	39914
27219	534	43640	447	515	0	45136
27220	459	503	254	43494	0	44710
27221	288	371	228	42093	0	42980
27222	328	231	259	41587	0	42405
27223	300	42816	269	949	0	44334
27224	41909	508	285	696	0	43398
27225	625	433	42644	501	0	44203
27226	521	242	40738	437	0	41938
27227	340	211	754	40040	0	41345
27228	352	181	449	40918	0	41900
27229	40630	191	288	952	0	42061
27230	639	40438	353	678	0	42108
27231	566	500	328	40773	0	42167
27232	40025	397	264	784	0	41470
27233	718	237	269	39340	0	40564
27234	39588	183	289	763	0	40823
27235	762	244	38684	628	0	40318
27236	600	39354	622	464	0	41040
27237	39263	532	506	378	0	40679
27238	760	462	39173	357	0	40752
27239	37858	229	606	399	0	39092
27240	800	213	38716	375	0	40104
27241	38343	217	621	388	0	39569
27242	757	226	441	38459	0	39883
27243	39249	195	330	695	0	40469
27244	717	211	256	38901	0	40085
27245	588	204	268	39203	0	40263
27246	38879	166	282	951	0	40278
27247	663	38997	272	682	0	40614
27248	545	539	243	39120	0	40447
27249	39672	425	215	789	0	41101
27250	40413	306	220	606	0	41545
27251	864	269	242	40089	0	41464
27252	606	217	213	41093	0	42129
27253	41610	255	212	957	0	43034
27254	768	236	217	42318	0	43539
27255	570	223	229	41447	0	42469
27256	40300	204	242	934	0	41680
27257	668	136	208	39157	0	40169
27258	405	126	36291	700	0	37522
27259	33030	95	533	540	0	34198
27260	562	148	35744	256	0	36710
27261	348	119	31857	195	0	32519
27262	27225	279	1036	115	0	28655
27263	294	28181	341	82	0	28898
27264	290	167	197	26164	0	26818
27265	100	136	29	25944	0	26209
27266	67	32	26	27253	0	27378
27267	59	23	19	27602	0	27703
27268	27472	13	25	419	0	27929
27269	28398	15	20	245	0	28678
27270	29224	17	9	110	0	29360
27271	476	37	32083	59	0	32655
27272	296	17	342	33121	0	33776
27273	84	19	305	33746	0	34154
27274	94	21	72	32411	0	32598
27275	77	32762	56	812	0	33707
27276	50	33866	33	492	0	34441
27277	33826	758	39	151	0	34774
27278	518	413	22	34055	0	35008
27279	405	91	26	36284	0	36806
27280	121	54	31	37276	0	37482
27281	117	53	36190	1013	0	37373
27282	94	62	35620	544	0	36320
27283	34873	29	937	177	0	36016
27284	36737	18	498	113	0	37366
27285	948	26	135	35487	0	36596
27286	522	36221	110	588	0	37441
27287	187	533	64	36282	0	37066
27288	111	418	71	36410	0	37010
27289	120	132	35520	1004	0	36776
27290	34680	48	563	587	0	35878
27291	612	34	417	37506	0	38569
27292	509	41	118	36713	0	37381
27293	35672	36	75	1083	0	36866
27294	635	37023	95	697	0	38450
27295	37587	611	75	237	0	38510
27296	792	495	59	36398	0	37744
27297	529	36171	91	738	0	37529
27298	36478	635	48	562	0	37723
27299	722	495	39	36342	0	37598
27300	35758	137	51	772	0	36718
27301	34986	61	64	644	0	35755
27302	34975	51	58	286	0	35370
27303	1178	34363	79	212	0	35832
27304	652	33887	105	184	0	34828
27305	270	1071	81	32297	0	33719
27306	157	33909	131	709	0	34906
27307	33823	709	76	617	0	35225
27308	728	525	95	33878	0	35226
27309	33985	161	89	782	0	35017
27310	34277	101	81	665	0	35124
27311	1171	90	88	33225	0	34574
27312	717	78	98	34536	0	35429
27313	34424	107	78	1255	0	35864
27314	34662	89	79	795	0	35625
27315	35739	90	67	397	0	36293
27316	36167	121	80	313	0	36681
27317	36679	108	72	289	0	37148
27318	1366	107	59	35603	0	37135
27319	796	134	72	36060	0	37062
27320	384	123	58	36783	0	37348
27321	35735	129	50	1370	0	37284
27322	876	99	69	35296	0	36340
27323	721	35414	96	969	0	37200
27324	378	698	96	36134	0	37306
27325	35407	564	85	945	0	37001
27326	35589	220	102	785	0	36696
27327	1357	231	34962	373	0	36923
27328	889	191	649	32919	0	34648
27329	382	35110	571	806	0	36869
27330	35045	731	166	744	0	36686
27331	870	35857	114	441	0	37282
27332	798	776	86	35584	0	37244
27333	36274	572	90	891	0	37827
27334	36303	214	81	787	0	37385
27335	1411	36166	93	439	0	38109
27336	941	720	65	35861	0	37587
27337	502	626	35857	907	0	37892
27338	34436	226	673	789	0	36124
27339	986	180	36112	427	0	37705
27340	35993	149	762	381	0	37285
27341	36399	166	538	372	0	37475
27342	1445	165	155	35976	0	37741
27343	37204	137	73	1025	0	38439
27344	37785	171	66	819	0	38841
27345	38260	187	70	405	0	38922
27346	1593	178	83	37057	0	38911
27347	37470	165	73	1033	0	38741
27348	1126	141	83	37408	0	38758
27349	886	170	83	37108	0	38247
27350	512	37207	135	1343	0	39197
27351	494	740	80	35094	0	36408
27352	436	36191	98	905	0	37630
27353	34779	711	41	686	0	36217
27354	34232	537	41	352	0	35162
27355	1275	204	41	33655	0	35175
27356	837	158	50	33658	0	34703
27357	33132	114	63	1181	0	34490
27358	900	168	32331	708	0	34107
27359	32911	109	589	358	0	33967
27360	1025	115	428	32222	0	33790
27361	750	139	30836	787	0	32512
27362	30601	110	578	649	0	31938
27363	31619	108	410	374	0	32511
27364	1305	159	31206	249	0	32919
27365	31300	89	563	313	0	32265
27366	947	140	30927	238	0	32252
27367	681	30693	625	279	0	32278
27368	30815	512	588	258	0	32173
27369	30273	434	176	246	0	31129
27370	1000	29215	125	219	0	30559
27371	533	26616	87	203	0	27439
27372	25252	428	104	170	0	25954
27373	25003	242	47	150	0	25442
27374	598	96	31	25702	0	26427
27375	363	106	25348	306	0	26123
27376	224	128	24176	272	0	24800
27377	24640	70	384	196	0	25290
27378	372	96	25499	120	0	26087
27379	23664	136	480	139	0	24419
27380	333	75	170	23544	0	24122
27381	255	38	68	23735	0	24096
27382	176	55	24302	360	0	24893
27383	24140	29	206	258	0	24633
27384	295	45	185	24846	0	25371
27385	268	26	69	25390	0	25753
27386	25314	31	59	387	0	25791
27387	25192	26	51	286	0	25555
27388	25360	28	53	150	0	25591
27389	397	26207	86	189	0	26879
27390	223	182	24982	83	0	25470
27391	24219	119	159	90	0	24587
27392	25056	47	143	87	0	25333
27393	294	24823	78	91	0	25286
27394	23666	103	38	54	0	23861
27395	173	111	33	23450	0	23767
27396	140	57	24688	94	0	24979
27397	24439	34	107	146	0	24726
27398	25380	30	144	89	0	25643
27399	25783	28	41	70	0	25922
27400	25821	19	31	56	0	25927
27401	207	29	26	25798	0	26060
27402	150	26	22	25894	0	26092
27403	26005	16	35	190	0	26246
27404	150	14	31	25999	0	26194
27405	139	14	36	25825	0	26014
27406	96	25967	46	186	0	26295
27407	94	84	31	26226	0	26435
27408	86	84	20	26314	0	26504
27409	110	28	31	26492	0	26661
27410	90	21	22	26528	0	26661
27411	66	26404	33	237	0	26740
27412	77	108	29	26174	0	26388
27413	94	89	25	25603	0	25811
27414	92	75	25269	198	0	25634
27415	80	54	23920	147	0	24201
27416	51	24653	165	103	0	24972
27417	28438	87	104	81	0	28710
27418	166	29572	49	103	0	29890
27419	173	183	34	31369	0	31759
27420	92	155	33580	226	0	34053
27421	35674	62	257	225	0	36218
27422	278	32	170	37520	0	38000
27423	37991	26	75	299	0	38391
27424	37979	25	38	236	0	38278
27425	409	38809	49	143	0	39410
27426	38584	235	19	90	0	38928
27427	269	41024	76	94	0	41463
27428	221	325	21	41312	0	41879
27429	77	42822	73	392	0	43364
27430	99	362	42783	226	0	43470
27431	53	43549	335	125	0	44062
27432	78	493	197	42638	0	43406
27433	42184	184	60	361	0	42789
27434	282	43634	62	381	0	44359
27435	259	307	22	44109	0	44697
27436	94	269	25	44959	0	45347
27437	104	108	44721	581	0	45514
27438	96	46	377	44481	0	45000
27439	102	94	45200	408	0	45804
27440	42586	41	393	342	0	43362
27441	473	84	45789	122	0	46468
27442	314	46292	404	158	0	47168
27443	153	428	249	45879	0	46709
27444	152	272	80	45588	0	46092
27445	98	151	49	46478	0	46776
27446	46369	71	60	715	0	47215
27447	476	123	32	44643	0	45274
27448	276	45697	107	479	0	46559
27449	44283	470	49	329	0	45131
27450	390	44262	90	245	0	44987
27451	310	480	68	43933	0	44791
27452	43975	338	61	501	0	44875
27453	443	43832	118	418	0	44811
27454	303	45162	101	221	0	45787
27455	45082	642	104	168	0	45996
27456	45246	329	72	235	0	45882
27457	679	155	44960	185	0	45979
27458	45370	82	450	201	0	46103
27459	549	135	47147	172	0	48003
27460	422	113	520	47085	0	48140
27461	177	163	47584	607	0	48531
27462	155	111	527	47440	0	48233
27463	173	176	48151	603	0	49103
27464	181	110	519	46633	0	47443
27465	138	143	320	47785	0	48386
27466	47025	117	128	872	0	48142
27467	565	177	47061	451	0	48254
27468	43552	165	545	283	0	44545
27469	664	186	46581	205	0	47636
27470	473	147	46719	210	0	47549
27471	203	240	756	45422	0	46621
27472	46186	170	392	597	0	47345
27473	546	46518	175	539	0	47778
27474	45557	522	128	251	0	46458
27475	44980	367	183	211	0	45741
27476	832	45166	186	246	0	46430
27477	44954	509	219	162	0	45844
27478	637	408	46100	219	0	47364
27479	447	166	586	45933	0	47132
27480	46090	103	427	659	0	47279
27481	563	46536	278	519	0	47896
27482	457	512	155	45689	0	46813
27483	232	356	168	45979	0	46735
27484	237	188	183	46353	0	46961
27485	237	119	170	46617	0	47143
27486	45977	148	172	906	0	47203
27487	46330	123	221	544	0	47218
27488	46804	142	218	277	0	47441
27489	45819	141	185	307	0	46452
27490	947	237	45783	235	0	47202
27491	44749	172	549	275	0	45745
27492	45822	142	428	262	0	46654
27493	958	45712	238	236	0	47144
27494	603	46575	215	279	0	47672
27495	392	827	182	45897	0	47298
27496	314	457	208	45370	0	46349
27497	307	238	44902	905	0	46352
27498	290	45875	649	621	0	47435
27499	257	581	502	44115	0	45455
27500	287	46468	242	712	0	47709
27501	279	584	208	47397	0	48468
27502	307	416	146	46794	0	47663
27503	304	49254	280	993	0	50831
27504	357	582	193	50190	0	51322
27505	309	447	50790	780	0	52326
27506	368	184	50493	602	0	51647
27507	48131	136	1009	392	0	49668
27508	50828	125	525	336	0	51814
27509	1034	50880	288	333	0	52535
27510	51281	603	177	256	0	52317
27511	832	493	203	50985	0	52513
27512	50855	250	123	700	0	51928
27513	804	51220	184	709	0	52917
27514	657	693	50827	339	0	52516
27515	49102	427	751	326	0	50606
27516	845	315	53832	297	0	55289
27517	557	224	48835	202	0	49818
27518	393	208	48174	240	0	49015
27519	227	46602	815	274	0	47918
27520	43645	765	897	373	0	45680
27521	42147	298	217	290	0	42952
27522	724	139	150	41428	0	42441
27523	440	142	144	40698	0	41424
27524	237	43012	196	687	0	44132
27525	43211	384	155	474	0	44224
27526	539	44293	207	294	0	45333
27527	398	42473	190	239	0	43300
27528	41513	496	256	188	0	42453
27529	623	274	144	40541	0	41582
27530	344	148	181	40511	0	41184
27531	240	110	134	40592	0	41076
27532	204	40431	146	632	0	41413
27533	40118	341	119	314	0	40892
27534	469	352	117	39077	0	40015
27535	340	38230	149	482	0	39201
27536	188	38294	112	282	0	38876
27537	196	476	85	37019	0	37776
27538	168	37983	112	316	0	38579
27539	201	365	104	37742	0	38412
27540	37022	237	104	389	0	37752
27541	376	161	36543	286	0	37366
27542	229	37357	276	255	0	38117
27543	233	297	179	37142	0	37851
27544	183	255	38056	326	0	38820
27545	35910	128	285	258	0	36581
27546	417	117	200	38181	0	38915
27547	38625	85	113	386	0	39209
27548	38353	99	75	295	0	38822
27549	503	41088	94	164	0	41849
27550	41600	323	83	160	0	42166
27551	41259	260	78	154	0	41751
27552	41371	128	77	147	0	41723
27553	526	128	77	40447	0	41178
27554	330	127	67	40277	0	40801
27555	177	180	69	40877	0	41303
27556	195	191	40205	534	0	41125
27557	153	40222	323	340	0	41038
27558	39069	313	221	179	0	39782
27559	262	39153	103	149	0	39667
27560	212	286	55	38813	0	39366
27561	149	241	38639	297	0	39326
27562	34256	120	251	258	0	34885
27563	267	38627	207	169	0	39270
27564	312	268	68	37755	0	38403
27565	121	185	44	38163	0	38513
27566	130	139	37865	413	0	38547
27567	83	38026	244	250	0	38603
27568	93	270	161	37864	0	38388
27569	99	193	65	38053	0	38410
27570	86	96	63	37688	0	37933
27571	36182	102	65	431	0	36780
27572	306	112	36920	251	0	37589
27573	196	37037	252	174	0	37659
27574	36513	255	150	145	0	37063
27575	268	37441	91	151	0	37951
27576	218	470	72	35979	0	36739
27577	134	37953	73	315	0	38475
27578	36573	298	51	200	0	37122
27579	37247	214	62	158	0	37681
27580	440	115	61	38478	0	39094
27581	256	87	67	39754	0	40164
27582	160	90	47	41849	0	42146
27583	156	127	42491	587	0	43361
27584	118	44715	409	383	0	45625
27585	158	490	270	53017	0	53935
27586	117	335	99	54458	0	55009
27587	152	133	67	54780	0	55132
27588	137	110	62	54949	0	55258
27589	167	228	53835	1194	0	55424
27590	120	56102	653	692	0	57567
27591	163	771	459	56867	0	58260
27592	140	569	108	60933	0	61750
27593	133	233	60467	1393	0	62226
27594	150	155	786	56599	0	57690
27595	120	58712	655	960	0	60447
27596	97	60501	219	794	0	61611
27597	122	1393	105	59067	0	60687
27598	181	712	58060	1002	0	59955
27599	51098	238	820	927	0	53083
27600	732	56671	653	618	0	58674
27601	596	873	56173	360	0	58002
27602	247	657	56408	306	0	57618
27603	119	54459	1371	334	0	56283
27604	295	882	54695	280	0	56152
27605	277	862	1057	52161	0	54357
27606	52709	219	642	892	0	54462
27607	52700	162	259	669	0	53790
27608	52784	188	181	330	0	53483
27609	53321	213	196	278	0	54008
27610	1250	54713	193	308	0	56464
27611	54148	817	176	263	0	55404
27612	873	55357	253	330	0	56813
27613	753	955	54317	299	0	56324
27614	334	703	866	50415	0	52318
27615	241	55258	729	918	0	57146
27616	238	912	290	52853	0	54293
27617	51187	769	222	1064	0	53242
27618	855	310	247	48760	0	50172
27619	679	52116	257	1098	0	54150
27620	52060	892	219	886	0	54057
27621	964	781	52178	467	0	54390
27622	772	333	870	51027	0	53002
27623	330	279	702	51256	0	52567
27624	49051	282	262	1547	0	51142
27625	867	49223	282	1046	0	51418
27626	741	1000	48290	490	0	50521
27627	328	828	961	48101	0	50218
27628	262	485	48582	1110	0	50439
27629	207	46986	1002	1086	0	49281
27630	195	48374	842	701	0	50112
27631	47679	1415	381	622	0	50097
27632	973	884	47917	614	0	50388
27633	47896	505	1084	558	0	50043
27634	1004	412	907	44989	0	47312
27635	714	48041	521	1210	0	50486
27636	47389	1037	486	1036	0	49948
27637	1010	921	48461	637	0	51029
27638	919	559	1041	47134	0	49653
27639	497	426	901	47459	0	49283
27640	448	457	470	46077	0	47452
27641	444	47282	497	1687	0	49910
27642	45052	1157	456	1073	0	47738
27643	1055	46326	468	683	0	48532
27644	844	46668	529	560	0	48601
27645	631	1580	512	45699	0	48422
27646	45910	985	532	1156	0	48583
27647	45583	603	489	1012	0	47687
27648	45590	589	443	686	0	47308
27649	1607	43372	504	620	0	46103
27650	1062	1095	465	42950	0	45572
27651	669	1107	43273	1197	0	46246
27652	720	564	1054	43139	0	45477
27653	640	491	940	41077	0	43148
27654	645	43540	463	1771	0	46419
27655	43432	1141	414	1184	0	46171
27656	1228	1029	448	41234	0	43939
27657	999	43661	459	1197	0	46316
27658	43347	1264	487	1106	0	46204
27659	1212	1087	43123	765	0	46187
27660	41905	678	1024	715	0	44322
27661	1217	43295	951	744	0	46207
27662	43756	1292	447	638	0	46133
27663	44014	1127	466	543	0	46150
27664	1628	749	43512	648	0	46537
27665	43512	681	1091	543	0	45827
27666	1320	575	44718	626	0	47239
27667	1107	664	44476	575	0	46822
27668	43403	589	1668	498	0	46158
27669	44192	578	1085	537	0	46392
27670	1784	677	44240	562	0	47263
27671	1250	520	1211	42988	0	45969
27672	814	607	1093	41138	0	43652
27673	744	45400	589	1539	0	48272
27674	45120	1135	570	962	0	47787
27675	45894	1043	451	636	0	48024
27676	2018	663	45694	465	0	48840
27677	45560	557	1007	560	0	47684
27678	45576	629	860	539	0	47604
27679	1902	45353	517	510	0	48282
27680	1191	1127	522	43519	0	46359
27681	875	1027	420	43202	0	45524
27682	700	563	381	41772	0	43416
27683	38722	444	490	1329	0	40985
27684	1021	36751	359	975	0	39106
27685	593	645	193	26735	0	28166
27686	438	27557	186	445	0	28626
27687	397	1053	153	24806	0	26409
27688	307	26156	205	466	0	27134
27689	410	26442	191	430	0	27473
27690	22997	497	353	362	0	24209
27691	23076	313	256	195	0	23840
27692	288	100	85	20774	0	21247
27693	207	54	63	20941	0	21265
27694	103	48	69	21119	0	21339
27695	91	76	50	21157	0	21374
27696	108	65	53	20890	0	21116
27697	77	20768	61	315	0	21221
27698	104	175	53	20803	0	21135
27699	115	170	39	21100	0	21424
27700	20375	88	54	301	0	20818
27701	240	76	37	20818	0	21171
27702	218	68	46	20809	0	21141
27703	143	84	21047	323	0	21597
27704	114	72	152	20660	0	20998
27705	114	146	149	21527	0	21936
27706	199	80	22181	350	0	22810
27707	96	23363	182	330	0	23971
27708	104	183	23540	141	0	23968
27709	98	163	22860	88	0	23209
27710	49	22157	236	79	0	22521
27711	22066	139	171	106	0	22482
27712	21962	105	70	70	0	22207
27713	230	30	21	21601	0	21882
27714	21865	21	20	168	0	22074
27715	180	30	22808	140	0	23158
27716	130	21	148	23035	0	23334
27717	62	56	26174	200	0	26492
27718	50	19	147	26285	0	26501
27719	36	43	135	26679	0	26893
27720	40	45	35	27025	0	27145
27721	26560	20	41	298	0	26919
27722	175	36	44	27039	0	27294
27723	26923	38	31	215	0	27207
27724	27028	33	28	218	0	27307
27725	281	27309	64	96	0	27750
27726	27217	161	31	110	0	27519
27727	188	28608	50	105	0	28951
27728	169	165	58	28150	0	28542
27729	79	135	38	28768	0	29020
27730	89	55	43	29069	0	29256
27731	71	76	28671	356	0	29174
27732	51	28682	196	264	0	29193
27733	96	209	155	26936	0	27396
27734	88	173	51	26967	0	27279
27735	66	28853	48	305	0	29272
27736	28634	196	43	212	0	29085
27737	228	28334	56	162	0	28780
27738	27885	202	29	111	0	28227
27739	229	28856	53	120	0	29258
27740	209	208	27	27301	0	27745
27741	59	29134	53	225	0	29471
27742	29213	206	32	239	0	29690
27743	29700	164	28	157	0	30049
27744	29518	69	38	135	0	29760
27745	29595	68	30	147	0	29840
27746	379	69	30054	134	0	30636
27747	29771	54	184	137	0	30146
27748	30690	55	150	136	0	31031
27749	30634	87	45	146	0	30912
27750	370	98	30717	127	0	31312
27751	30042	67	175	157	0	30441
27752	217	31268	159	179	0	31823
27753	31429	199	82	165	0	31875
27754	281	217	33869	164	0	34531
27755	33489	71	207	172	0	33939
27756	34310	57	159	127	0	34653
27757	389	68	46	34131	0	34634
27758	247	97	34030	255	0	34629
27759	34210	55	193	294	0	34752
27760	256	49	147	35235	0	35687
27761	252	47	81	36455	0	36835
27762	147	91	36926	398	0	37562
27763	33731	54	231	302	0	34318
27764	36544	61	198	159	0	36962
27765	371	37165	87	165	0	37788
27766	251	208	81	36932	0	37472
27767	157	173	87	37048	0	37465
27768	158	94	83	36638	0	36973
27769	137	37753	106	417	0	38413
27770	37233	217	89	256	0	37795
27771	300	199	58	37213	0	37770
27772	285	82	53	37392	0	37812
27773	36260	59	76	421	0	36816
27774	35834	72	66	288	0	36260
27775	403	71	104	36128	0	36706
27776	271	73	85	35578	0	36007
27777	175	86	34685	446	0	35392
27778	31821	69	220	311	0	32421
27779	285	34973	184	177	0	35619
27780	281	225	61	36373	0	36940
27781	194	184	52	36981	0	37411
27782	174	38614	60	556	0	39404
27783	164	348	56	39616	0	40184
27784	41895	332	61	524	0	42812
27785	643	150	67	48234	0	49094
27786	517	99	53	49387	0	50056
27787	228	104	57	50569	0	50958
27788	217	120	48847	1761	0	50945
27789	167	103	807	49543	0	50620
27790	203	128	48754	1273	0	50358
27791	160	47256	948	942	0	49306
27792	139	747	750	47364	0	49000
27793	124	689	257	48170	0	49240
27794	141	228	150	49169	0	49688
27795	134	125	119	49219	0	49597
27796	121	80	76	49735	0	50012
27797	46647	82	99	1830	0	48658
27798	872	127	47423	1134	0	49556
27799	679	46565	805	658	0	48707
27800	268	48779	692	363	0	50102
27801	188	1358	255	48441	0	50242
27802	159	834	136	49269	0	50398
27803	173	306	104	48755	0	49338
27804	126	48041	125	1759	0	50051
27805	163	823	87	48821	0	49894
27806	141	716	46880	1286	0	49023
27807	87	45806	792	1053	0	47738
27808	119	867	655	46275	0	47916
27809	45162	689	244	1105	0	47200
27810	791	317	135	46285	0	47528
27811	689	189	102	45540	0	46520
27812	271	43398	128	1776	0	45573
27813	218	46203	145	1109	0	47675
27814	177	1324	93	46354	0	47948
27815	205	828	95	46222	0	47350
27816	160	408	44900	1809	0	47277
27817	137	242	806	43212	0	44397
27818	125	197	704	43578	0	44604
27819	121	185	342	43248	0	43896
27820	123	205	253	44026	0	44607
27821	41924	200	223	2141	0	44488
27822	42366	168	203	1504	0	44241
27823	1449	174	184	43243	0	45050
27824	915	160	149	44561	0	45785
27825	42988	185	161	2288	0	45622
27826	999	154	173	45511	0	46837
27827	866	196	44361	2020	0	47443
27828	368	44196	1003	1739	0	47306
27829	288	945	932	45251	0	47416
27830	172	870	507	46459	0	48008
27831	45104	499	332	2283	0	48218
27832	922	395	295	46933	0	48545
27833	796	371	192	47585	0	48944
27834	46530	280	170	2611	0	49591
27835	1024	291	184	47488	0	48987
27836	906	46648	248	2115	0	49917
27837	437	1061	227	49454	0	51179
27838	380	1022	266	50948	0	52616
27839	325	541	266	51087	0	52219
27840	287	410	275	51433	0	52405
27841	253	549	48533	2708	0	52043
27842	234	489	48281	2093	0	51097
27843	207	492	1639	48551	0	50889
27844	197	394	1049	48013	0	49653
27845	166	48077	534	2730	0	51507
27846	300	1190	356	46759	0	48605
27847	224	47578	415	2202	0	50419
27848	46193	1313	405	1871	0	49782
27849	1019	49644	328	1463	0	52454
27850	1009	1374	218	50787	0	53388
27851	534	1087	163	52192	0	53976
27852	364	612	49872	2898	0	53746
27853	46567	398	990	2291	0	50246
27854	46954	450	928	1532	0	49864
27855	1797	47307	486	1458	0	51048
27856	1218	1118	393	45874	0	48603
27857	657	1024	48621	2020	0	52322
27858	395	49835	1168	1959	0	53357
27859	48575	1159	1005	1503	0	52242
27860	48867	1054	404	1352	0	51677
27861	2003	501	46264	1351	0	50119
27862	46589	366	1021	1285	0	49261
27863	1656	318	863	46237	0	49074
27864	1304	46597	480	1946	0	50327
27865	46618	1127	335	1844	0	49924
27866	1390	1014	332	46827	0	49563
27867	47031	506	311	1981	0	49829
27868	48470	412	303	1921	0	51106
27869	1966	438	242	47999	0	50645
27870	1317	454	48018	2117	0	51906
27871	47793	352	1042	2056	0	51243
27872	49754	321	956	1445	0	52476
27873	50068	297	451	1297	0	52113
27874	2114	50594	404	1285	0	54397
27875	1377	1164	337	51031	0	53909
27876	712	1087	260	53682	0	55741
27877	542	651	52014	2773	0	55980
27878	508	498	1072	51030	0	53108
27879	409	51347	1034	2189	0	54979
27880	48628	1075	472	1792	0	51967
27881	1056	49741	375	1224	0	52396
27882	985	1073	48003	993	0	51054
27883	423	48931	1148	843	0	51345
27884	301	46601	873	556	0	48331
27885	398	781	463	38959	0	40601
27886	39091	416	189	488	0	40184
27887	39007	123	68	468	0	39666
27888	38566	102	59	218	0	38945
27889	728	39439	103	334	0	40604
27890	486	420	38796	229	0	39931
27891	38699	370	397	193	0	39659
27892	39973	114	367	197	0	40651
27893	745	39877	120	211	0	40953
27894	40986	403	108	225	0	41722
27895	515	395	94	41004	0	42008
27896	507	173	43916	499	0	45095
27897	43621	137	402	540	0	44700
27898	44316	135	402	214	0	45067
27899	45804	128	126	230	0	46288
27900	875	115	83	45026	0	46099
27901	572	99	99	46846	0	47616
27902	226	128	79	48662	0	49095
27903	164	48972	128	1025	0	50289
27904	222	585	81	51560	0	52448
27905	207	536	79	54230	0	55052
27906	234	242	53863	1155	0	55494
27907	209	143	661	54052	0	55065
27908	182	166	585	54949	0	55882
27909	195	153	182	54950	0	55480
27910	226	132	123	54319	0	54800
27911	218	54251	171	1343	0	55983
27912	257	732	100	54681	0	55770
27913	248	648	117	54387	0	55400
27914	53316	191	168	1347	0	55022
27915	852	200	53352	796	0	55200
27916	828	170	52215	317	0	53530
27917	50983	151	1189	293	0	52616
27918	53303	158	675	280	0	54416
27919	1402	209	207	46192	0	48010
27920	804	53005	202	707	0	54718
27921	53150	697	157	631	0	54635
27922	947	726	126	51498	0	53297
27923	723	54098	204	825	0	55850
27924	53152	638	89	698	0	54577
27925	746	54148	175	328	0	55397
27926	53002	692	115	297	0	54106
27927	51192	579	101	282	0	52154
27928	1182	50639	157	341	0	52319
27929	725	644	100	50576	0	52045
27930	343	651	50180	782	0	51956
27931	264	230	619	49628	0	50741
27932	49370	166	518	891	0	50945
27933	756	211	49127	770	0	50864
27934	615	48493	631	481	0	50220
27935	275	645	516	47909	0	49345
27936	279	616	47591	783	0	49269
27937	215	47358	677	706	0	48956
27938	46973	642	534	468	0	48617
27939	612	523	174	47557	0	48866
27940	602	187	160	47855	0	48804
27941	274	188	142	46814	0	47418
27942	183	47655	186	1170	0	49194
27943	47477	585	119	729	0	48910
27944	658	47561	157	373	0	48749
27945	558	48404	142	334	0	49438
27946	48177	938	194	265	0	49574
27947	48084	590	140	278	0	49092
27948	1078	282	47130	277	0	48767
27949	45176	192	554	250	0	46172
27950	44958	202	474	242	0	45876
27951	1115	195	154	44006	0	45470
27952	735	216	43832	673	0	45456
27953	365	187	574	43718	0	44844
27954	44191	156	477	790	0	45614
27955	769	222	44959	654	0	46604
27956	673	155	656	48034	0	49518
27957	416	183	495	52314	0	53408
27958	300	183	183	57690	0	58356
27959	56978	175	169	1784	0	59106
27960	1117	58023	209	1150	0	60499
27961	58448	1104	167	468	0	60187
27962	1323	743	58153	436	0	60655
27963	859	270	1107	55001	0	57237
27964	338	58914	762	1278	0	61292
27965	59199	1110	257	919	0	61485
27966	1233	791	192	59534	0	61750
27967	859	346	58616	1391	0	61212
27968	388	221	1100	58165	0	59874
27969	56157	213	721	1422	0	58513
27970	1118	56320	311	1126	0	58875
27971	860	1298	180	48990	0	51328
27972	345	56283	216	1210	0	58054
27973	54900	1151	313	824	0	57188
27974	54237	699	189	424	0	55549
27975	1627	54076	203	427	0	56333
27976	53662	1036	149	327	0	55174
27977	1259	694	126	50152	0	52231
27978	740	52748	230	1077	0	54795
27979	52628	1056	176	702	0	54562
27980	53026	663	141	313	0	54143
27981	1663	51547	185	336	0	53731
27982	822	52030	181	311	0	53344
27983	51099	1442	134	238	0	52913
27984	1218	731	119	50852	0	52920
27985	51599	318	116	1082	0	53115
27986	1314	243	114	51560	0	53231
27987	844	286	50803	1155	0	53088
27988	388	241	960	51648	0	53237
27989	50547	219	565	1238	0	52569
27990	1257	256	51282	743	0	53538
27991	774	221	995	50500	0	52490
27992	436	187	617	52418	0	53658
27993	350	203	51699	1641	0	53893
27994	47943	188	1053	843	0	50027
27995	1186	225	616	50572	0	52599
27996	720	199	47630	1163	0	49712
27997	43006	208	1053	757	0	45024
27998	1021	47336	695	472	0	49524
27999	674	46925	308	424	0	48331
28000	339	47894	210	359	0	48802
28001	392	1354	44951	295	0	46992
28002	296	832	884	43133	0	45145
28003	258	287	44063	1065	0	45673
28004	251	923	848	38618	0	40640
28005	168	38432	504	909	0	40013
28006	212	38606	160	518	0	39496
28007	220	1135	161	37586	0	39102
28008	37608	489	180	920	0	39197
28009	781	195	127	38246	0	39349
28010	496	235	120	37713	0	38564
28011	225	37861	101	1171	0	39358
28012	37098	765	94	537	0	38494
28013	776	38077	111	370	0	39334
28014	519	834	119	37759	0	39231
28015	277	471	115	37325	0	38188
28016	243	37730	134	1201	0	39308
28017	236	822	94	38194	0	39346
28018	37846	498	81	1043	0	39468
28019	974	308	64	38259	0	39605
28020	651	320	93	37583	0	38647
28021	444	37779	203	1091	0	39517
28022	378	840	178	38375	0	39771
28023	36505	538	172	974	0	38189
28024	37329	353	114	659	0	38455
28025	37896	331	95	358	0	38680
28026	1357	261	117	37230	0	38965
28027	724	228	36586	1025	0	38563
28028	416	272	37147	663	0	38498
28029	427	246	1048	37011	0	38732
28030	37345	299	489	987	0	39120
28031	990	337	151	37665	0	39143
28032	38281	319	122	1001	0	39723
28033	1101	265	136	38188	0	39690
28034	813	251	154	38857	0	40075
28035	38535	262	165	1217	0	40179
28036	1071	320	37755	634	0	39780
28037	37488	265	750	395	0	38898
28038	1056	283	37360	405	0	39104
28039	706	218	800	36537	0	38261
28040	36796	225	481	920	0	38422
28041	1041	264	37284	577	0	39166
28042	625	338	37357	335	0	38655
28043	35722	302	1107	292	0	37423
28044	1034	221	37343	410	0	39008
28045	623	36582	866	425	0	38496
28046	348	783	507	38173	0	39811
28047	40346	455	306	1129	0	42236
28048	904	232	41620	699	0	43455
28049	41198	169	891	491	0	42749
28050	42514	157	589	400	0	43660
28051	42610	167	325	468	0	43570
28052	42634	211	267	531	0	43643
28053	1160	480	258	40425	0	42323
28054	597	41443	318	967	0	43325
28055	40043	713	250	705	0	41711
28056	826	370	36508	422	0	38126
28057	303	29349	442	315	0	30409
28058	25114	225	285	120	0	25744
28059	204	23971	56	94	0	24325
28060	137	25137	63	85	0	25422
28061	574	257	365	24109	0	25305
28062	90	110	52	24777	0	25029
28063	60	44	55	24797	0	24956
28064	24800	32	35	260	0	25127
28065	26074	36	34	185	0	26329
28066	350	40	44	27333	0	27767
28067	217	35	35	29944	0	30231
28068	94	55	31956	453	0	32558
28069	30148	23	334	292	0	30797
28070	32689	27	259	105	0	33080
28071	564	43	64	32916	0	33587
28072	320	25	39	33313	0	33697
28073	142	51	33126	599	0	33918
28074	100	36	348	32782	0	33266
28075	108	40	34370	406	0	34924
28076	89	33835	392	394	0	34710
28077	124	386	34233	306	0	35049
28078	100	293	398	32675	0	33466
28079	91	78	35261	387	0	35817
28080	74	63	34255	323	0	34715
28081	33520	34	586	95	0	34235
28082	359	64	359	37348	0	38130
28083	328	69	37693	394	0	38484
28084	34004	37	418	363	0	34822
28085	439	54	38278	133	0	38904
28086	385	63	41196	113	0	41757
28087	98	41774	710	122	0	42704
28088	85	323	399	41056	0	41863
28089	135	290	41448	393	0	42266
28090	109	119	40439	325	0	40992
28091	115	47	628	39631	0	40421
28092	96	30	360	39397	0	39883
28093	63	40813	161	699	0	41736
28094	78	355	103	41205	0	41741
28095	41616	272	95	459	0	42442
28096	41148	71	107	401	0	41727
28097	41876	42	116	174	0	42208
28098	674	44	105	40928	0	41751
28099	365	42520	157	481	0	43523
28100	41751	357	127	367	0	42602
28101	404	42569	157	212	0	43342
28102	342	41872	151	184	0	42549
28103	135	41998	143	181	0	42457
28104	41879	581	205	181	0	42846
28105	371	310	154	41723	0	42558
28106	315	107	152	41174	0	41748
28107	93	42285	164	637	0	43179
28108	41030	363	179	367	0	41939
28109	409	337	41341	157	0	42244
28110	342	94	455	41120	0	42011
28111	41499	62	398	436	0	42395
28112	365	43047	210	441	0	44063
28113	44649	348	142	234	0	45373
28114	446	335	146	44434	0	45361
28115	356	46109	194	461	0	47120
28116	229	392	45579	372	0	46572
28117	43872	330	444	192	0	44838
28118	456	139	371	46343	0	47309
28119	47055	96	160	488	0	47799
28120	450	122	169	46331	0	47072
28121	362	46459	170	608	0	47599
28122	230	408	47657	403	0	48698
28123	196	388	47533	203	0	48320
28124	176	413	639	47021	0	48249
28125	48048	106	380	489	0	49023
28126	47891	122	154	416	0	48583
28127	680	100	144	47800	0	48724
28128	443	93	134	48107	0	48777
28129	48717	103	123	717	0	49660
28130	481	106	166	49009	0	49762
28131	48888	135	154	520	0	49697
28132	498	48641	185	474	0	49798
28133	48191	408	187	232	0	49018
28134	545	454	49064	227	0	50290
28135	441	173	461	48629	0	49704
28136	248	132	445	49471	0	50296
28137	249	128	265	49613	0	50255
28138	243	48968	239	853	0	50303
28139	233	48464	222	616	0	49535
28140	195	677	204	49545	0	50621
28141	186	420	50103	625	0	51334
28142	216	203	547	49671	0	50637
28143	206	157	498	51142	0	52003
28144	221	185	285	51570	0	52261
28145	49243	167	244	836	0	50490
28146	474	49082	251	605	0	50412
28147	444	49390	294	326	0	50454
28148	300	728	248	48012	0	49288
28149	287	504	218	48870	0	49879
28150	295	189	188	49025	0	49697
28151	259	157	188	49605	0	50209
28152	47910	169	205	864	0	49148
28153	518	48881	280	659	0	50338
28154	49009	484	244	298	0	50035
28155	50026	435	222	292	0	50975
28156	743	219	185	49660	0	50807
28157	486	228	150	50390	0	51254
28158	49977	146	171	878	0	51172
28159	49831	172	138	649	0	50790
28160	813	184	93	49869	0	50959
28161	549	252	59	49894	0	50754
28162	349	201	49904	847	0	51301
28163	289	49420	402	593	0	50704
28164	321	51096	316	355	0	52088
28165	48500	512	158	230	0	49400
28166	462	334	50228	231	0	51255
28167	332	171	46249	193	0	46945
28168	40747	85	463	150	0	41445
28169	44055	65	210	112	0	44442
28170	286	49073	71	140	0	49570
28171	159	51771	84	178	0	52192
28172	118	263	21	52233	0	52635
28173	55211	148	32	293	0	55684
28174	55468	62	23	220	0	55773
28175	55926	46	44	171	0	56187
28176	319	40	32	55502	0	55893
28177	200	51	27	56088	0	56366
28178	145	94	56284	306	0	56829
28179	115	89	53119	212	0	53535
28180	117	74	56508	108	0	56807
28181	110	1036	302	53670	0	55118
28182	53319	14	126	187	0	53646
28183	180	72	55891	163	0	56306
28184	126	35	122	54896	0	55179
28185	49	57848	133	174	0	58204
28186	69	131	40	56286	0	56526
28187	59	107	30	56337	0	56533
28188	71	75	58665	300	0	59111
28189	57	31	176	57381	0	57645
28190	60270	26	149	272	0	60717
28191	325	73	64689	196	0	65283
28192	243	34	280	63684	0	64241
28193	91	98	67007	360	0	67556
28194	54	67026	362	354	0	67796
28195	191	336	66983	185	0	67695
28196	84	232	359	63499	0	64174
28197	74	67	259	67486	0	67886
28198	102	135	70545	614	0	71396
28199	63	68	324	67913	0	68368
28200	71	54	281	68366	0	68772
28201	56	69925	144	639	0	70764
28202	97	365	70475	391	0	71328
28203	91	254	368	68852	0	69565
28204	99	103	289	69955	0	70446
28205	70	71849	131	627	0	72677
28206	67	402	80	72502	0	73051
28207	72488	263	93	464	0	73308
28208	356	105	76	72681	0	73218
28209	321	127	73382	473	0	74303
28210	69277	88	377	448	0	70190
28211	75300	58	388	277	0	76023
28212	783	99	79400	160	0	80442
28213	73300	64	494	274	0	74132
28214	532	80379	496	164	0	81571
28215	473	469	144	81154	0	82240
28216	196	399	112	87796	0	88503
28217	131	123	118	87643	0	88015
28218	141	69	114	88540	0	88864
28219	127	74	101	89078	0	89380
28220	87918	49	110	1317	0	89394
28221	745	118	87685	733	0	89281
28222	81303	61	745	367	0	82476
28223	792	118	86643	308	0	87861
28224	590	54	791	85415	0	86850
28225	86320	69	571	854	0	87814
28226	776	78	226	85001	0	86081
28227	591	87794	210	892	0	89487
28228	90823	654	201	745	0	92423
28229	788	528	194	95533	0	97043
28230	652	181	95081	862	0	96776
28231	84843	89	791	833	0	86556
28232	804	100487	671	434	0	102396
28233	684	776	103891	310	0	105661
28234	311	614	834	101834	0	103593
28235	219	209	682	100046	0	101156
28236	188	103450	297	1492	0	105427
28237	293	795	103186	953	0	105227
28238	304	702	845	101291	0	103142
28239	251	384	108077	1075	0	109787
28240	203	121	943	105526	0	106793
28241	219	132	724	106563	0	107638
28242	236	204	108300	1597	0	110337
28243	213	134	907	106395	0	107649
28244	278	200	861	95648	0	96987
28245	278	111	321	112598	0	113308
28246	274	112	289	113563	0	114238
28247	109815	110	305	1879	0	112109
28248	1163	208	109721	1153	0	112245
28249	111267	140	1097	667	0	113171
28250	1175	139	870	118342	0	120526
28251	935	170	380	120826	0	122311
28252	420	226	308	119277	0	120231
28253	253	120215	407	2126	0	123001
28254	121962	1232	340	1335	0	124869
28255	1210	815	283	125513	0	127821
28256	856	127354	428	1655	0	130293
28257	356	1074	308	128503	0	130241
28258	129815	811	344	1695	0	132665
28259	128658	300	332	1342	0	130632
28260	128757	253	366	755	0	130131
28261	1910	131081	460	961	0	134412
28262	1069	1189	133871	763	0	136892
28263	129051	839	1253	819	0	131962
28264	135730	283	918	813	0	137744
28265	1911	138347	467	830	0	141555
28266	136937	1170	303	710	0	139120
28267	135054	873	372	728	0	137027
28268	137391	277	327	727	0	138722
28269	2145	147736	385	793	0	151059
28270	1295	1224	343	146736	0	149598
28271	151293	895	317	1729	0	154234
28272	153903	357	298	1368	0	155926
28273	151014	297	271	826	0	152408
28274	152241	282	256	823	0	153602
28275	2358	287	244	150847	0	153736
28276	1381	423	152002	1765	0	155571
28277	802	284	1371	148949	0	151406
28278	688	155460	1032	1879	0	159059
28279	691	1398	391	158627	0	161107
28280	737	1108	160135	1869	0	163849
28281	155189	328	1533	1535	0	158585
28282	1900	382	1121	163432	0	166835
28283	162916	300	444	1902	0	165562
28284	165998	337	413	1668	0	168416
28285	3017	340	345	170760	0	174462
28286	1669	357	175366	1926	0	179318
28287	1041	426	164820	1494	0	167781
28288	151687	336	2309	849	0	155181
28289	1901	171638	1172	853	0	175564
28290	1430	171373	436	960	0	174199
28291	878	176413	403	736	0	178430
28292	803	181997	399	717	0	183916
28293	176498	2253	644	644	0	180039
28294	176554	1002	406	648	0	178610
28295	176297	410	262	612	0	177581
28296	177416	400	322	659	0	178797
28297	2426	531	283	172138	0	175378
28298	1374	174571	365	1595	0	177905
28299	172681	1325	404	1175	0	175585
28300	1904	1027	176516	539	0	179986
28301	1409	176413	1345	1089	0	180256
28302	911	1420	176359	588	0	179278
28303	168588	914	1399	672	0	171573
28304	177251	375	1034	609	0	179269
28305	176822	410	440	610	0	178282
28306	2538	368	374	177218	0	180498
28307	1649	451	180336	1648	0	184084
28308	898	180431	1418	1402	0	184149
28309	173286	1421	1095	758	0	176560
28310	1707	179642	483	787	0	182619
28311	1306	177307	303	811	0	179727
28312	898	177803	326	657	0	179684
28313	853	178172	347	675	0	180047
28314	1077	1784	167733	532	0	171126
28315	804	175915	1279	535	0	178533
28316	165319	1087	764	590	0	167760
28317	1335	768	292	168519	0	170914
28318	1036	443	255	171064	0	172798
28319	169626	334	303	1573	0	171836
28320	1316	169586	383	974	0	172259
28321	1189	1234	172433	475	0	175331
28322	820	787	1008	169077	0	171692
28323	812	409	660	174886	0	176767
28324	803	392	321	176971	0	178487
28325	802	547	175912	1487	0	178748
28326	744	536	176621	806	0	178707
28327	913	425	1539	175600	0	178477
28328	840	522	179618	1273	0	182253
28329	740	532	170254	705	0	172231
28330	140633	467	1503	586	0	143189
28331	1210	172485	814	670	0	175179
28332	898	168016	406	499	0	169819
28333	817	176257	474	705	0	178253
28334	798	1527	381	167727	0	170433
28335	620	180633	347	882	0	182482
28336	178606	1117	474	659	0	180856
28337	1462	858	182280	389	0	184989
28338	179920	459	1100	471	0	181950
28339	1400	434	786	187282	0	189902
28340	1061	447	399	186871	0	188778
28341	581	195763	493	1854	0	198691
28342	195040	1381	406	989	0	197816
28343	193312	1014	443	528	0	195297
28344	2248	209769	521	559	0	213097
28345	1233	2087	292	204026	0	207638
28346	742	1371	209293	1626	0	213032
28347	4774	640	206450	1259	0	213123
28348	568	214102	2678	762	0	218110
28349	210894	2068	1388	682	0	215032
28350	2249	1366	215027	273	0	218915
28351	1607	513	1933	205768	0	209821
28352	214765	382	1383	1891	0	218421
28353	216195	404	520	1343	0	218462
28354	3101	261920	668	569	0	266258
28355	1625	269969	518	610	0	272722
28356	269174	4601	586	487	0	274848
28357	3674	2212	271706	410	0	278002
28358	266231	774	3410	391	0	270806
28359	270883	775	1866	441	0	273965
28360	5109	606	612	269268	0	275595
28361	2480	688	278319	3394	0	284881
28362	1049	643	273661	2091	0	277444
28363	255969	406	5429	742	0	262546
28364	4172	956	276101	445	0	281674
28365	250034	603	4005	553	0	255195
28366	261924	534	2194	471	0	265123
28367	5015	268418	1189	780	0	275402
28368	9053	3655	262072	469	0	275249
28369	1230	262375	3981	599	0	268185
28370	255773	3678	2264	562	0	262277
28371	4073	2527	256030	622	0	263252
28372	2637	1135	3874	236818	0	244464
28373	1517	1051	255644	3325	0	261537
28374	1848	760	255532	1827	0	259967
28375	1616	653	256152	487	0	258908
28376	1491	652	254473	555	0	257171
28377	1102	246533	5860	1094	0	254589
28378	1392	4004	247489	555	0	253440
28379	1261	244671	4438	869	0	251239
28380	1728	3811	242730	464	0	248733
28381	232290	2275	4939	423	0	239927
28382	4953	932	2737	204827	0	213449
28383	2847	243391	1614	2713	0	250565
28384	237038	3852	1803	1828	0	244521
28385	235553	2335	2084	713	0	240685
28386	228387	1249	1740	609	0	231985
28387	229908	932	2002	484	0	233326
28388	5592	232905	2217	687	0	241401
28389	227436	3865	1646	827	0	233774
28390	227038	2468	2039	739	0	232284
28391	5687	222124	2128	1187	0	231126
28392	3080	4298	219607	566	0	227551
28393	2001	2898	4806	201485	0	211190
28394	1881	220438	3681	3217	0	229217
28395	2000	4194	222339	1924	0	230457
28396	2221	2905	224381	912	0	230419
28397	2013	219278	6808	893	0	228992
28398	2039	223570	3881	845	0	230335
28399	1843	234910	2567	925	0	240245
28400	2096	235990	2291	737	0	241114
28401	226884	6603	2280	596	0	236363
28402	229778	3714	2286	738	0	236516
28403	7350	2202	236137	770	0	246459
28404	4301	2226	239481	637	0	246645
28405	2951	1953	7368	224076	0	236348
28406	2841	1722	4366	232043	0	240972
28407	2944	2193	2457	236828	0	244422
28408	231859	2128	2620	5708	0	242315
28409	5950	236283	2744	3151	0	248128
28410	4328	245014	2753	1355	0	253450
28411	3087	249727	2808	1059	0	256681
28412	240304	7532	2720	959	0	251515
28413	244160	4325	2878	980	0	252343
28414	8491	2849	2535	238865	0	252740
28415	246772	2566	3034	4377	0	256749
28416	247374	2727	2817	2855	0	255773
28417	8680	2876	2795	243893	0	258244
28418	244470	3079	2920	4804	0	255273
28419	7270	244307	3481	3131	0	258189
28420	5617	5872	3888	242782	0	258159
28421	4135	4806	240515	4772	0	254228
28422	3923	238662	7337	3484	0	253406
28423	4349	6765	241678	1933	0	254725
28424	4143	4963	7647	213654	0	230407
28425	4144	243297	6472	4484	0	258397
28426	4879	6097	4610	234258	0	249844
28427	4112	4673	4799	239355	0	252939
28428	4333	3180	239308	7128	0	253949
28429	4363	2767	250804	3674	0	261608
28430	3955	2836	9486	239571	0	255848
28431	4068	3145	6690	214093	0	227996
28432	4064	247086	4924	6380	0	262454
28433	225635	7155	3901	3385	0	240076
28434	7320	238944	4522	2255	0	253041
28435	5493	239853	3984	2278	0	251608
28436	3744	8862	228575	2429	0	243610
28437	2875	232345	7522	2613	0	245355
28438	3321	6780	6632	197297	0	214030
28439	3111	227630	4501	5010	0	240252
28440	3130	6839	4235	204442	0	218646
28441	2334	222413	4500	5246	0	234493
28442	213779	6896	3839	3424	0	227938
28443	6032	221623	4110	2175	0	233940
28444	3672	6134	3368	179079	0	192253
28445	2651	203704	3351	4150	0	213856
28446	197927	6297	2925	2585	0	209734
28447	195279	4920	2028	1762	0	203989
28448	7157	196861	2269	1640	0	207927
28449	189131	5928	1379	1229	0	197667
28450	6179	5792	1528	179780	0	193279
28451	4320	2803	184500	4318	0	195941
28452	3356	2727	186819	2690	0	195592
28453	3295	183775	6071	1859	0	195000
28454	132252	2382	2332	925	0	137891
28455	130111	1547	796	728	0	133182
28456	2816	850	129375	655	0	133696
28457	1383	873	126913	616	0	129785
28458	117526	768	2503	627	0	121424
28459	123935	705	1312	560	0	126512
28460	2539	819	121708	634	0	125700
28461	109190	756	1813	555	0	112314
28462	1733	115023	1246	690	0	118692
28463	1212	118437	562	707	0	120918
28464	677	2621	876	113453	0	117627
28465	555	1492	562	116724	0	119333
28466	115855	813	622	2463	0	119753
28467	115541	805	586	1416	0	118348
28468	115719	849	517	787	0	117872
28469	2478	883	528	114242	0	118131
28470	1495	920	467	112162	0	115044
28471	854	111833	514	2538	0	115739
28472	689	114113	620	1418	0	116840
28473	759	116573	598	854	0	118784
28474	880	2838	473	101694	0	105885
28475	856	112214	455	1899	0	115424
28476	988	2196	108269	1251	0	112704
28477	99456	1668	1615	769	0	103508
28478	2115	1153	111105	709	0	115082
28479	1471	1142	110463	700	0	113776
28480	100744	1108	2360	669	0	104881
28481	1985	109496	1215	735	0	113431
28482	109700	2059	567	772	0	113098
28483	108972	1586	589	783	0	111930
28484	2810	1046	108614	730	0	113200
28485	1781	973	109933	616	0	113303
28486	1065	109442	2482	901	0	113890
28487	1087	2233	110346	781	0	114447
28488	985	1736	1915	107019	0	111655
28489	983	1176	1468	96438	0	100065
28490	897	109850	1007	2271	0	114025
28491	856	112637	941	1357	0	115791
28492	109694	2956	775	869	0	114294
28493	113010	1733	778	915	0	116436
28494	2724	1220	788	111932	0	116664
28495	1670	1057	810	114345	0	117882
28496	111269	1075	777	2516	0	115637
28497	111243	1045	850	1394	0	114532
28498	2705	113648	962	900	0	118215
28499	102522	1824	634	553	0	105533
28500	1867	100019	676	681	0	103243
28501	1401	102269	557	496	0	104723
28502	99488	2325	785	508	0	103106
28503	98063	1443	461	502	0	100469
28504	2375	835	489	96280	0	99979
28505	95920	834	474	1353	0	98581
28506	1979	805	95140	910	0	98834
28507	1376	95980	1314	746	0	99416
28508	93241	1491	1029	666	0	96427
28509	1944	1083	94335	588	0	97950
28510	1187	1673	1169	79326	0	83355
28511	868	86422	1036	950	0	89276
28512	895	87791	588	716	0	89990
28513	86351	1561	667	452	0	89031
28514	1519	943	85285	338	0	88085
28515	78255	571	1166	234	0	80226
28516	1585	448	907	79480	0	82420
28517	1034	473	79587	886	0	81980
28518	74938	418	1112	658	0	77126
28519	1303	81600	806	425	0	84134
28520	893	83502	534	430	0	85359
28521	83293	1413	632	346	0	85684
28522	82873	744	359	361	0	84337
28523	83242	446	303	399	0	84390
28524	1601	507	286	80872	0	83266
28525	1028	328	321	81450	0	83127
28526	688	357	81096	1092	0	83233
28527	689	352	79871	714	0	81626
28528	578	80322	1044	464	0	82408
28529	472	844	647	71547	0	73510
28530	70532	460	277	508	0	71777
28531	600	71010	188	640	0	72438
28532	519	583	155	70663	0	71920
28533	70137	482	211	588	0	71418
28534	576	71295	169	528	0	72568
28535	538	73882	163	321	0	74904
28536	475	719	70609	181	0	71984
28537	67912	442	462	223	0	69039
28538	72033	243	356	266	0	72898
28539	680	252	70783	223	0	71938
28540	62280	195	393	165	0	63033
28541	504	229	69121	151	0	70005
28542	345	67279	380	134	0	68138
28543	288	441	361	65618	0	66708
28544	64839	267	254	296	0	65656
28545	367	65712	151	223	0	66453
28546	278	65582	172	132	0	66164
28547	61674	318	82	107	0	62181
28548	291	252	64541	96	0	65180
28549	60275	83	279	128	0	60765
28550	236	67375	162	122	0	67895
28551	347	258	62709	58	0	63372
28552	61414	114	218	80	0	61826
28553	64915	76	107	75	0	65173
28554	274	55	57	63552	0	63938
28555	149	73	40	64911	0	65173
28556	88	65047	75	316	0	65526
28557	137	239	64835	130	0	65341
28558	121	132	174	64527	0	64954
28559	120	136	69471	280	0	70007
28560	137	86	69775	177	0	70175
28561	90	128	376	72367	0	72961
28562	125	104	76375	421	0	77025
28563	150	94	75154	218	0	75616
28564	94	66	599	69822	0	70581
28565	107	104	75822	441	0	76474
28566	63516	71	511	303	0	64401
28567	415	73969	284	199	0	74867
28568	315	432	75837	95	0	76679
28569	238	279	83001	99	0	83617
28570	113	99	643	78180	0	79035
28571	85376	57	278	422	0	86133
28572	85309	76	110	269	0	85764
28573	85322	56	92	126	0	85596
28574	85804	65	62	134	0	86065
28575	712	72	89	83209	0	84082
28576	448	128	86598	407	0	87581
28577	83631	58	449	313	0	84451
28578	87365	69	279	134	0	87847
28579	87651	61	134	140	0	87986
28580	695	113	86279	89	0	87176
28581	77216	83	521	133	0	77953
28582	504	119	315	87695	0	88633
28583	293	91540	207	563	0	92603
28584	192	606	163	86653	0	87614
28585	98	90810	194	514	0	91616
28586	89605	492	142	329	0	90568
28587	583	313	92401	174	0	93471
28588	349	144	632	85915	0	87040
28589	141	91717	476	578	0	92912
28590	108	93542	282	416	0	94348
28591	92606	772	228	189	0	93795
28592	91922	354	306	151	0	92733
28593	910	205	88829	208	0	90152
28594	86851	104	684	112	0	87751
28595	696	82	413	88744	0	89935
28596	495	123	94852	621	0	96091
28597	369	135	94322	381	0	95207
28598	323	84	882	95024	0	96313
28599	102740	71	406	773	0	103990
28600	890	67	178	102096	0	103231
28601	592	68	182	102547	0	103389
28602	332	79	188	101020	0	101619
28603	269	104244	260	1112	0	105885
28604	330	677	183	104541	0	105731
28605	100155	427	195	882	0	101659
28606	844	103590	238	766	0	105438
28607	590	731	154	104093	0	105568
28608	102053	505	161	856	0	103575
28609	777	102959	238	639	0	104613
28610	507	104272	249	322	0	105350
28611	289	1199	163	102910	0	104561
28612	100526	572	196	871	0	102165
28613	922	281	102708	556	0	104467
28614	646	238	101621	258	0	102763
28615	99081	184	1294	254	0	100813
28616	104588	184	673	251	0	105696
28617	1364	109068	367	335	0	111134
28618	785	873	296	105194	0	107148
28619	481	582	107736	837	0	109636
28620	385	238	105354	657	0	106634
28621	316	220	112759	348	0	113643
28622	294	111476	1754	378	0	113902
28623	258	112501	864	434	0	114057
28624	110623	1372	370	362	0	112727
28625	1237	665	112571	300	0	114773
28626	107483	236	1069	385	0	109173
28627	111117	171	723	413	0	112424
28628	1687	255	115272	481	0	117695
28629	777	119501	1135	462	0	121875
28630	472	1154	707	116709	0	119042
28631	495	790	121163	1105	0	123553
28632	483	434	118138	753	0	119808
28633	107168	337	1632	441	0	109578
28634	1187	119436	844	394	0	121861
28635	893	1190	300	113001	0	115384
28636	438	820	280	109773	0	111311
28637	380	116621	335	1766	0	119102
28638	404	119371	382	895	0	121052
28639	463	120797	455	405	0	122120
28640	477	1781	349	121596	0	124203
28641	124772	875	318	1266	0	127231
28642	1467	393	322	126593	0	128775
28643	1086	389	127584	1439	0	130498
28644	537	397	127200	897	0	129031
28645	416	348	2076	127788	0	130628
28646	498	418	131212	1420	0	133548
28647	376	131616	1636	1166	0	134794
28648	416	1499	996	135567	0	138478
28649	141505	915	516	1612	0	144548
28650	138210	409	431	1088	0	140138
28651	2396	143546	453	613	0	147008
28652	145756	1703	344	538	0	148341
28653	146433	1021	345	532	0	148331
28654	146804	387	403	572	0	148166
28655	2627	520	141081	473	0	144701
28656	135777	429	1764	540	0	138510
28657	1762	142489	1191	788	0	146230
28658	1128	1661	143239	416	0	146444
28659	603	1134	144286	450	0	146473
28660	503	143234	2500	563	0	146800
28661	138738	1908	1315	373	0	142334
28662	1812	1032	527	130138	0	133509
28663	1037	136261	419	1455	0	139172
28664	136698	1561	334	970	0	139563
28665	1662	1120	332	136822	0	139936
28666	138438	411	402	1732	0	140983
28667	1747	328	350	139641	0	142066
28668	1225	424	138769	1743	0	142161
28669	559	458	133653	1117	0	135787
28670	559	458	135844	431	0	137292
28671	538	454	2458	126121	0	129571
28672	498	427	1222	135088	0	137235
28673	595	504	135075	2353	0	138527
28674	523	134358	1796	1258	0	137935
28675	135803	1709	1181	441	0	139134
28676	133094	1181	563	382	0	135220
28677	2589	138322	689	798	0	142398
28678	1448	2009	619	136807	0	140883
28679	792	1227	144134	1721	0	147874
28680	134543	483	2221	1228	0	138475
28681	2117	483	145521	546	0	148667
28682	1547	474	141084	378	0	143483
28683	670	510	141188	397	0	142765
28684	129621	410	3278	402	0	133711
28685	2136	486	139719	391	0	142732
28686	1340	135661	2209	388	0	139598
28687	779	139593	1529	418	0	142319
28688	668	2609	746	132938	0	136961
28689	553	1265	601	135589	0	138008
28690	611	523	136210	2504	0	139848
28691	124768	408	2075	1310	0	128561
28692	135398	453	1398	480	0	137729
28693	2726	426	717	135795	0	139664
28694	135800	396	628	1784	0	138608
28695	1963	136667	679	1508	0	140817
28696	132226	1840	593	577	0	135236
28697	1983	133153	661	636	0	136433
28698	1232	132379	706	777	0	135094
28699	127470	2326	588	540	0	130924
28700	127913	1141	693	537	0	130284
28701	130478	485	702	412	0	132077
28702	131318	413	704	477	0	132912
28703	2812	469	126193	425	0	129899
28704	120363	460	2039	421	0	123283
28705	2112	507	1371	120297	0	124287
28706	1380	125400	773	1584	0	129137
28707	123668	1784	650	1108	0	127210
28708	1953	125832	631	650	0	129066
28709	126083	1763	607	463	0	128916
28710	2103	1118	584	125009	0	128814
28711	1500	497	602	127484	0	130083
28712	921	537	127614	2408	0	131480
28713	980	518	127107	1201	0	129806
28714	810	126817	2613	775	0	131015
28715	120212	1730	1347	560	0	123849
28716	1998	123185	651	610	0	126444
28717	1499	123422	551	616	0	126088
28718	1080	127303	599	496	0	129478
28719	1347	2496	120903	403	0	125149
28720	971	125412	1693	407	0	128483
28721	116788	1750	1135	478	0	120151
28722	116848	1163	592	410	0	119013
28723	2575	672	575	111672	0	115494
28724	1558	115263	648	1432	0	118901
28725	942	117181	629	1104	0	119856
28726	973	2403	546	113830	0	117752
28727	1000	1312	116125	1560	0	119997
28728	884	113543	1715	1077	0	117219
28729	1070	1922	1187	109021	0	113200
28730	106765	1223	561	1573	0	110122
28731	106842	731	573	1064	0	109210
28732	2282	110100	575	855	0	113812
28733	109585	1684	614	592	0	112475
28734	109428	1202	663	545	0	111838
28735	2438	786	632	105890	0	109746
28736	1439	867	105652	1510	0	109468
28737	927	107398	1706	1191	0	111222
28738	884	2060	1237	105265	0	109446
28739	901	1413	105786	1350	0	109450
28740	846	103053	1514	1019	0	106432
28741	97313	1611	1209	586	0	100719
28742	97808	1222	539	436	0	100005
28743	2110	741	488	95328	0	98667
28744	1273	99209	534	1253	0	102269
28745	998	1607	97859	915	0	101379
28746	839	1234	1291	95271	0	98635
28747	827	829	98686	1212	0	101554
28748	685	92218	1220	958	0	95081
28749	1381	1501	1277	83913	0	88072
28750	83364	861	450	954	0	85629
28751	1063	83891	379	768	0	86101
28752	82184	1063	319	407	0	83973
28753	80209	874	309	364	0	81756
28754	1483	83245	284	442	0	85454
28755	1036	1137	377	81513	0	84063
28756	794	1103	276	80295	0	82468
28757	615	80215	377	1190	0	82397
28758	656	82069	396	739	0	83860
28759	694	1335	315	74440	0	76784
28760	580	79364	388	764	0	81096
28761	78307	1040	309	567	0	80223
28762	77427	868	283	367	0	78945
28763	1358	704	77955	342	0	80359
28764	907	543	77819	400	0	79669
28765	71717	609	1036	403	0	73765
28766	76345	583	622	391	0	77941
28767	1132	80475	426	495	0	82528
28768	79167	1016	365	353	0	80901
28769	78280	847	314	322	0	79763
28770	1279	78132	302	374	0	80087
28771	78940	1043	240	366	0	80589
28772	1108	1008	247	91855	0	94218
28773	826	665	334	95862	0	97687
28774	648	587	100797	1598	0	103630
28775	465	98726	1167	843	0	101201
28776	403	102226	684	439	0	103752
28777	95067	2456	1056	703	0	99282
28778	95788	771	188	347	0	97094
28779	94693	294	166	297	0	95450
28780	96947	289	245	283	0	97764
28781	1576	353	96383	257	0	98569
28782	890	381	96352	189	0	97812
28783	339	97358	1434	242	0	99373
28784	336	1217	728	95220	0	97501
28785	455	817	289	88884	0	90445
28786	406	98481	218	1234	0	100339
28787	450	1148	175	95326	0	97099
28788	94018	694	227	1041	0	95980
28789	1171	96541	285	684	0	98681
28790	909	1194	98297	269	0	100669
28791	371	100537	1101	381	0	102390
28792	98663	1170	695	317	0	100845
28793	1187	857	99195	282	0	101521
28794	94823	333	1078	333	0	96567
28795	98205	292	701	339	0	99537
28796	1655	413	99010	249	0	101327
28797	789	394	98423	227	0	99833
28798	445	350	97449	202	0	98446
28799	85068	328	1596	210	0	87202
28800	1312	310	96513	232	0	98367
28801	822	94507	1131	341	0	96801
28802	93762	988	735	163	0	95648
28803	1187	671	94787	142	0	96787
28804	88586	281	1251	185	0	90303
28805	1236	348	95052	185	0	96821
28806	896	305	97862	171	0	99234
28807	466	97483	1637	329	0	99915
28808	494	1179	98503	290	0	100466
28809	696	750	96907	199	0	98552
28810	467	89228	1765	424	0	91884
28811	91397	1113	941	239	0	93690
28812	1316	781	93957	192	0	96246
28813	945	450	1370	78232	0	80997
28814	486	94415	973	829	0	96703
28815	91298	1266	565	714	0	93843
28816	92236	781	640	433	0	94090
28817	1791	486	92410	320	0	95007
28818	1030	90481	1470	356	0	93337
28819	600	93052	1232	344	0	95228
28820	777	1811	729	84485	0	87802
28821	823	92022	653	1097	0	94595
28822	930	1531	615	83899	0	86975
28823	996	1047	603	90391	0	93037
28824	850	93807	805	1627	0	97089
28825	919	1412	813	89054	0	92198
28826	828	93129	841	1514	0	96312
28827	795	1656	89404	978	0	92833
28828	751	1337	1639	87844	0	91571
28829	804	1047	1180	86876	0	89907
28830	865	91279	831	1815	0	94790
28831	977	93762	760	1033	0	96532
28832	1022	2290	704	84291	0	88307
28833	812	92154	1045	1284	0	95295
28834	87809	1844	916	1021	0	91590
28835	1717	1349	932	88090	0	92088
28836	1189	92259	1096	1468	0	96012
28837	88672	1677	914	1007	0	92270
28838	1708	90009	1020	597	0	93334
28839	1457	1749	87064	638	0	90908
28840	1013	1284	2007	85694	0	89998
28841	86454	1074	1595	1310	0	90433
28842	2005	784	89405	916	0	93110
28843	1247	1009	2110	80613	0	84979
28844	1107	87243	1567	1326	0	91243
28845	1116	1694	85471	880	0	89161
28846	1039	88096	2090	509	0	91734
28847	83772	1589	1670	434	0	87465
28848	84341	1270	1578	408	0	87597
28849	2210	85280	1558	436	0	89484
28850	84686	1729	1513	427	0	88355
28851	1817	1352	84521	415	0	88105
28852	1176	975	2433	79612	0	84196
28853	948	1156	1714	76990	0	80808
28854	1253	83772	1257	1487	0	87769
28855	87946	1657	1555	852	0	92010
28856	90894	1429	1149	478	0	93950
28857	2123	1186	90719	372	0	94400
28858	89113	928	2031	452	0	92524
28859	91414	1095	1648	392	0	94549
28860	92099	898	1312	562	0	94871
28861	2182	1140	1061	87941	0	92324
28862	1309	1243	1013	87176	0	90741
28863	1018	90846	970	1848	0	94682
28864	87853	2025	1073	947	0	91898
28865	87615	1374	839	838	0	90666
28866	2003	89481	755	841	0	93080
28867	1156	2223	802	81241	0	85422
28868	814	86049	600	1491	0	88954
28869	938	88688	717	1034	0	91377
28870	84019	2081	775	1031	0	87906
28871	1387	1548	84196	872	0	88003
28872	704	777	68327	358	0	70166
28873	351	67045	851	399	0	68646
28874	58462	632	627	323	0	60044
28875	498	520	60044	269	0	61331
28876	333	56133	441	307	0	57214
28877	54648	368	231	178	0	55425
28878	343	351	54093	172	0	54959
28879	313	207	266	50350	0	51136
28880	55899	186	303	328	0	56716
28881	461	223	57741	268	0	58693
28882	377	213	61527	164	0	62281
28883	152	193	63421	133	0	63899
28884	108	192	62372	121	0	62793
28885	53022	229	550	130	0	53931
28886	62302	124	240	112	0	62778
28887	425	64007	130	207	0	64769
28888	264	309	72	64873	0	65518
28889	126	243	66	66056	0	66491
28890	83	66044	76	555	0	66758
28891	136	446	49	63889	0	64520
28892	94	68228	89	391	0	68802
28893	90	68886	96	306	0	69378
28894	92	726	65	66860	0	67743
28895	123	430	67526	485	0	68564
28896	79	68112	498	426	0	69115
28897	116	503	325	67329	0	68273
28898	67578	369	129	468	0	68544
28899	507	172	65178	3241	0	69098
28900	65562	114	515	157	0	66348
28901	68704	112	357	108	0	69281
28902	819	166	121	69793	0	70899
28903	482	143	74252	538	0	75415
28904	230	123	74883	360	0	75596
28905	143	77674	1005	230	0	79052
28906	313	648	527	74127	0	75615
28907	138	458	76412	633	0	77641
28908	150	158	78076	444	0	78828
28909	110	78382	1141	227	0	79860
28910	78102	733	558	94	0	79487
28911	78953	475	200	129	0	79757
28912	1123	220	152	82570	0	84065
28913	595	146	87412	858	0	89011
28914	248	139	88685	622	0	89694
28915	155	90128	1529	448	0	92260
28916	239	919	91306	163	0	92627
28917	228	651	91200	146	0	92225
28918	155	420	1860	78741	0	81176
28919	149	169	90390	984	0	91692
28920	81041	139	1179	645	0	83004
28921	950	125	778	89115	0	90968
28922	685	186	92944	989	0	94804
28923	211	93312	1088	813	0	95424
28924	182	957	771	93603	0	95513
28925	235	694	95975	1013	0	97917
28926	129	98901	1157	831	0	101018
28927	177	1080	831	93427	0	95515
28928	150	100453	403	1056	0	102062
28929	150	1175	329	99488	0	101142
28930	173	772	316	100248	0	101509
28931	197	320	99824	1778	0	102119
28932	118	100888	1298	951	0	103255
28933	179	1125	1028	100006	0	102338
28934	171	779	402	100032	0	101384
28935	174	301	380	102762	0	103617
28936	198	275	100375	1853	0	102701
28937	148	99615	1337	1250	0	102350
28938	174	1199	983	98977	0	101333
28939	246	848	99888	1242	0	102224
28940	135	99431	1375	1188	0	102129
28941	161	1265	979	98361	0	100766
28942	213	953	101087	1326	0	103579
28943	143	101355	1382	1099	0	103979
28944	205	1259	1035	97651	0	100150
28945	236	946	493	102014	0	103689
28946	224	503	105599	1924	0	108250
28947	91953	372	1476	1241	0	95042
28948	1069	105814	1078	717	0	108678
28949	105982	1292	541	537	0	108352
28950	1244	939	107724	545	0	110452
28951	104935	479	1494	524	0	107432
28952	1246	381	1131	105217	0	107975
28953	823	435	616	110750	0	112624
28954	358	484	110209	2023	0	113074
28955	97820	360	1593	1222	0	100995
28956	102238	390	1269	663	0	104560
28957	1687	103834	643	683	0	106847
28958	912	107167	615	712	0	109406
28959	105605	1897	571	559	0	108632
28960	1313	1160	106840	591	0	109904
28961	859	111014	1679	607	0	114159
28962	438	1437	1185	111114	0	114174
28963	371	1034	680	113394	0	115479
28964	382	517	113693	2044	0	116636
28965	105759	431	1756	1306	0	109252
28966	1382	463	116148	718	0	118711
28967	111509	421	1878	643	0	114451
28968	1616	431	120119	702	0	122868
28969	955	119671	1911	688	0	123225
28970	120392	1484	1457	592	0	123925
28971	120859	1129	849	665	0	123502
28972	120449	493	722	629	0	122293
28973	121042	548	775	529	0	122894
28974	2233	511	662	118769	0	122175
28975	1167	557	120351	1653	0	123728
28976	613	597	1747	114573	0	117530
28977	431	120932	1385	1669	0	124417
28978	495	1424	756	121113	0	123788
28979	421	1125	121319	1661	0	124526
28980	446	599	120613	1198	0	122856
28981	444	750	2295	116382	0	119871
28982	115641	434	1403	1650	0	119128
28983	113123	474	801	1171	0	115569
28984	114226	432	721	659	0	116038
28985	2121	533	115596	706	0	118956
28986	1212	459	115901	673	0	118245
28987	562	115199	2212	716	0	118689
28988	504	114696	1205	621	0	117026
28989	110984	1797	922	566	0	114269
28990	110281	991	601	527	0	112400
28991	1683	115818	556	720	0	118777
28992	113999	1206	497	504	0	116206
28993	112648	848	477	511	0	114484
28994	1595	114444	488	611	0	117138
28995	116104	1206	426	538	0	118274
28996	114030	910	401	499	0	115840
28997	1749	116699	455	574	0	119477
28998	117242	1157	528	494	0	119421
28999	116509	797	624	478	0	118408
29000	1782	548	118452	446	0	121228
29001	1125	462	117545	421	0	119553
29002	550	115315	1714	404	0	117983
29003	502	116427	878	394	0	118201
29004	113892	1537	1155	383	0	116967
29005	111495	703	451	323	0	112972
29006	109045	327	385	268	0	110025
29007	1523	111475	352	324	0	113674
29008	865	819	293	110215	0	112192
29009	613	749	111493	794	0	113649
29010	445	1047	980	104574	0	107046
29011	446	112442	720	760	0	114368
29012	108549	674	310	401	0	109934
29013	806	107437	230	194	0	108667
29014	606	684	166	104453	0	105909
29015	111596	383	187	703	0	112869
29016	110358	196	225	424	0	111203
29017	1235	236	111505	140	0	113116
29018	110765	264	775	203	0	112007
29019	118321	180	473	185	0	119159
29020	118717	188	209	216	0	119330
29021	1460	317	242	112244	0	114263
29022	720	116194	270	806	0	117990
29023	428	904	290	117375	0	118997
29024	451	703	118081	921	0	120156
29025	427	119386	984	697	0	121494
29026	401	964	518	114386	0	116269
29027	380	592	116067	849	0	117888
29028	358	115414	968	556	0	117296
29029	408	940	525	109957	0	111830
29030	413	625	115662	772	0	117472
29031	95237	269	1058	758	0	97322
29032	1104	283	116648	185	0	118220
29033	746	312	115615	226	0	116899
29034	394	116942	1336	270	0	118942
29035	431	1051	567	115230	0	117279
29036	451	715	253	107533	0	108952
29037	397	116444	289	1131	0	118261
29038	435	1048	217	115009	0	116709
29039	118416	595	253	939	0	120203
29040	118934	259	257	592	0	120042
29041	1559	384	118063	217	0	120223
29042	113435	239	990	279	0	114943
29043	119353	258	661	238	0	120510
29044	1593	344	120281	240	0	122458
29045	809	121542	1123	298	0	123772
29046	475	120286	644	249	0	121654
29047	670	1613	294	98224	0	100801
29048	459	117667	339	748	0	119213
29049	525	1206	112158	448	0	114337
29050	532	818	113592	220	0	115162
29051	454	116341	1475	283	0	118553
29052	114802	1083	633	199	0	116717
29053	116862	721	272	201	0	118056
29054	118062	374	221	227	0	118884
29055	117796	385	222	213	0	118616
29056	113294	340	244	232	0	114110
29057	1578	114795	281	283	0	116937
29058	960	1232	112821	175	0	115188
29059	548	696	1056	112088	0	114388
29060	108823	374	678	1041	0	110916
29061	1149	109838	315	823	0	112125
29062	873	1204	245	107050	0	109372
29063	527	722	107887	963	0	110099
29064	428	106175	1092	649	0	108344
29065	321	107757	711	284	0	109073
29066	102480	1616	505	628	0	105229
29067	945	103963	215	270	0	105393
29068	638	943	213	98543	0	100337
29069	99434	558	170	840	0	101002
29070	98798	248	159	503	0	99708
29071	99772	223	146	216	0	100357
29072	1378	233	97647	163	0	99421
29073	645	98899	864	190	0	100598
29074	100453	864	496	232	0	102045
29075	991	538	210	98603	0	100342
29076	99551	263	185	857	0	100856
29077	1005	98309	227	576	0	100117
29078	102476	895	176	238	0	103785
29079	109700	620	176	221	0	110717
29080	1695	274	149	108089	0	110207
29081	915	422	113310	1160	0	115807
29082	460	229	1235	114359	0	116283
29083	114093	241	792	1306	0	116432
29084	114372	228	318	766	0	115684
29085	1978	113973	322	328	0	116601
29086	109440	1233	230	242	0	111145
29087	1415	112030	273	402	0	114120
29088	112020	1302	232	252	0	113806
29089	109825	872	283	289	0	111269
29090	1891	453	110661	260	0	113265
29091	879	110892	1300	366	0	113437
29092	467	1435	776	110218	0	112896
29093	394	884	323	112163	0	113764
29094	413	406	282	106121	0	107222
29095	378	109638	317	2062	0	112395
29096	417	1450	109804	822	0	112493
29097	466	912	111860	350	0	113588
29098	346	132349	2026	471	0	135192
29099	130975	1850	925	288	0	134038
29100	1969	1151	131816	329	0	135265
29101	125650	399	1906	297	0	128252
29102	1975	129567	1143	347	0	133032
29103	1345	1992	129892	304	0	133533
29104	618	1075	1827	126956	0	130476
29105	615	555	132617	1889	0	135676
29106	543	428	134721	1110	0	136802
29107	784	600	2822	111939	0	116145
29108	588	129685	1247	1506	0	133026
29109	549	132319	510	989	0	134367
29110	129845	2629	400	625	0	133499
29111	2170	1279	129801	306	0	133556
29112	127375	506	1923	334	0	130138
29113	129812	431	1122	328	0	131693
29114	2645	130496	458	373	0	133972
29115	124157	1789	348	235	0	126529
29116	124093	1103	247	270	0	125713
29117	119304	394	287	264	0	120249
29118	2691	118709	318	292	0	122010
29119	1223	110576	311	275	0	112385
29120	586	115032	295	238	0	116151
29121	113723	2241	1000	205	0	117169
29122	113083	1085	446	346	0	114960
29123	2390	455	111590	244	0	114679
29124	1157	390	108618	157	0	110322
29125	107557	279	2002	182	0	110020
29126	110790	281	883	212	0	112166
29127	111817	286	339	235	0	112677
29128	2261	226	255	108601	0	111343
29129	1181	305	263	110599	0	112348
29130	453	294	257	112089	0	113093
29131	436	280	294	112713	0	113723
29132	472	310	109873	2062	0	112717
29133	482	305	108243	945	0	109975
29134	578	321	108165	373	0	109437
29135	472	286	107290	235	0	108283
29136	101889	238	2100	232	0	104459
29137	1588	107259	1017	348	0	110212
29138	1065	110253	465	271	0	112054
29139	107936	1999	307	253	0	110495
29140	1697	1032	108256	234	0	111219
29141	1029	409	105497	235	0	107170
29142	101435	325	2240	325	0	104325
29143	105921	282	1005	277	0	107485
29144	2081	106843	531	405	0	109860
29145	1132	1312	346	105935	0	108725
29146	107840	851	315	1307	0	110313
29147	109508	378	282	794	0	110962
29148	2325	350	238	106264	0	109177
29149	1257	112323	308	1332	0	115220
29150	112918	1472	260	826	0	115476
29151	1754	982	111475	324	0	114535
29152	107771	393	1469	322	0	109955
29153	1649	111504	1011	328	0	114492
29154	111736	1458	547	326	0	114067
29155	110491	986	378	347	0	112202
29156	2262	452	111169	331	0	114214
29157	1171	400	109938	294	0	111803
29158	108169	295	2297	266	0	111027
29159	111727	308	1200	207	0	113442
29160	2139	113517	580	432	0	116668
29161	1242	1510	410	114067	0	117229
29162	604	1016	114237	1375	0	117232
29163	109440	390	1588	856	0	112274
29164	1647	359	1057	114277	0	117340
29165	1148	294	510	116147	0	118099
29166	114695	263	432	2083	0	117473
29167	1553	118843	549	1137	0	122082
29168	120066	1431	449	436	0	122382
29169	120353	888	415	313	0	121969
29170	121692	408	395	260	0	122755
29171	2455	120664	366	425	0	123910
29172	121401	1556	318	253	0	123528
29173	1919	1063	388	120425	0	123795
29174	1335	470	324	120438	0	122567
29175	1083	403	120980	2127	0	124593
29176	1056	376	120116	960	0	122508
29177	714	121143	2191	468	0	124516
29178	633	123908	1054	290	0	125885
29179	1077	1785	114001	246	0	117109
29180	465	117242	1464	248	0	119419
29181	113287	1818	1055	442	0	116602
29182	114025	787	226	234	0	115272
29183	115327	284	191	220	0	116022
29184	2081	266	215	109733	0	112295
29185	1085	240	230	114007	0	115562
29186	683	279	115979	1825	0	118766
29187	408	115867	1303	929	0	118507
29188	113103	1244	778	302	0	115427
29189	1330	116306	352	341	0	118329
29190	115227	1305	260	207	0	116999
29191	114889	774	255	219	0	116137
29192	2111	246	223	111828	0	114408
29193	1079	238	228	114139	0	115684
29194	553	229	202	116498	0	117482
29195	711	310	112402	1932	0	115355
29196	436	111008	1290	1244	0	113978
29197	348	111098	855	455	0	112756
29198	203	87338	162	402	0	88105
29199	203	87030	181	281	0	87695
29200	218	87598	229	180	0	88225
29201	76844	932	233	176	0	78185
29202	693	517	83252	112	0	84574
29203	522	84501	572	236	0	85831
29204	370	690	79718	150	0	80928
29205	219	84581	587	226	0	85613
29206	279	951	406	68431	0	70067
29207	250	517	141	77396	0	78304
29208	172	82586	167	888	0	83813
29209	80113	593	143	464	0	81313
29210	679	526	80253	181	0	81639
29211	457	82712	597	272	0	84038
29212	342	683	80371	183	0	81579
29213	241	503	586	78879	0	80209
29214	319	277	410	74851	0	75857
29215	263	80844	194	841	0	82142
29216	315	644	133	80660	0	81752
29217	311	471	132	80164	0	81078
29218	263	80975	177	949	0	82364
29219	255	695	79202	501	0	80653
29220	272	542	79807	245	0	80866
29221	74124	298	886	257	0	75565
29222	80186	284	436	201	0	81107
29223	916	312	199	78105	0	79532
29224	560	306	79060	655	0	80581
29225	336	263	599	74588	0	75786
29226	291	81530	480	729	0	83030
29227	308	732	81239	530	0	82809
29228	226	80982	618	412	0	82238
29229	382	854	79751	269	0	81256
29230	205	81052	692	290	0	82239
29231	79114	784	521	266	0	80685
29232	623	612	284	78433	0	79952
29233	515	391	200	78561	0	79667
29234	318	420	79536	858	0	81132
29235	373	407	77773	504	0	79057
29236	252	79138	941	381	0	80712
29237	78603	754	533	303	0	80193
29238	673	531	269	75858	0	77331
29239	506	436	78555	632	0	80129
29240	271	400	76452	540	0	77663
29241	67789	396	1004	359	0	69548
29242	73732	397	589	295	0	75013
29243	960	408	76428	252	0	78048
29244	548	591	686	70494	0	72319
29245	324	76654	545	611	0	78134
29246	75642	717	325	547	0	77231
29247	699	75930	248	463	0	77340
29248	71580	614	203	450	0	72847
29249	576	72384	257	384	0	73601
29250	398	72611	280	316	0	73605
29251	356	787	244	71556	0	72943
29252	303	557	218	71297	0	72375
29253	229	72161	227	868	0	73485
29254	284	716	69979	430	0	71409
29255	292	591	70095	248	0	71226
29256	277	373	70564	221	0	71435
29257	64470	327	770	344	0	65911
29258	69561	293	431	319	0	70604
29259	662	73136	327	350	0	74475
29260	440	788	71807	256	0	73291
29261	201	626	654	70547	0	72028
29262	145	499	75166	688	0	76498
29263	191	482	76867	491	0	78031
29264	170	439	1015	81064	0	82688
29265	222	415	587	85998	0	87222
29266	234	413	92913	1446	0	95006
29267	83611	351	1244	918	0	86124
29268	1079	96056	985	489	0	98609
29269	828	98401	504	388	0	100121
29270	412	2073	270	93491	0	96246
29271	97073	1146	295	1155	0	99669
29272	1223	100285	343	1091	0	102942
29273	98354	1468	231	411	0	100464
29274	1443	100766	301	435	0	102945
29275	103414	1637	264	302	0	105617
29276	1690	1182	103220	291	0	106383
29277	1339	607	104250	187	0	106383
29278	504	787	2137	97773	0	101201
29279	385	513	100044	1344	0	102286
29280	275	94880	1614	1107	0	97876
29281	221	95666	1174	396	0	97457
29282	94599	2108	521	198	0	97426
29283	1363	1232	334	88524	0	91453
29284	949	95608	340	1209	0	98106
29285	97074	1412	244	921	0	99651
29286	94419	1141	199	326	0	96085
29287	96999	532	170	296	0	97997
29288	2582	287	185	95072	0	98126
29289	1434	299	210	96457	0	98400
29290	689	351	96900	2273	0	100213
29291	527	303	96457	1284	0	98571
29292	93882	211	2373	509	0	96975
29293	1617	242	1302	93597	0	96758
29294	1224	257	95415	1529	0	98425
29295	92165	238	1580	1228	0	95211
29296	1514	98824	1325	561	0	102224
29297	99942	1456	599	320	0	102317
29298	100571	1105	311	377	0	102364
29299	101044	475	348	411	0	102278
29300	2914	328	97929	370	0	101541
29301	96878	290	1541	305	0	99014
29302	2180	1372	1213	90020	0	94785
29303	1580	94301	608	1355	0	97844
29304	892	99047	417	1101	0	101457
29305	98255	2275	426	483	0	101439
29306	98624	1285	421	371	0	100701
29307	99866	524	335	371	0	101096
29308	3024	393	293	96150	0	99860
29309	1793	427	308	97392	0	99920
29310	1111	421	257	91592	0	93381
29311	822	96791	305	2564	0	100482
29312	96151	1609	332	1410	0	99502
29313	97182	1260	280	651	0	99373
29314	98638	585	297	600	0	100120
29315	3133	572	98234	563	0	102502
29316	99519	479	1691	484	0	102173
29317	2486	509	1296	91361	0	95652
29318	1883	98236	605	1528	0	102252
29319	97746	1791	362	1170	0	101069
29320	97236	1353	379	643	0	99611
29321	3250	695	98613	525	0	103083
29322	2162	472	1774	92379	0	96787
29323	1115	99060	1352	1748	0	103275
29324	101266	1864	624	1329	0	105083
29325	2459	1410	426	100919	0	105214
29326	1894	743	445	100363	0	103445
29327	1150	531	464	101994	0	104139
29328	975	537	411	105803	0	107726
29329	1049	652	103430	3424	0	108555
29330	947	103455	2071	2161	0	108634
29331	1003	2093	1399	102542	0	107037
29332	1022	1595	104553	2322	0	109492
29333	102428	818	2136	1817	0	107199
29334	106301	625	1550	1071	0	109547
29335	3523	616	786	105465	0	110390
29336	107054	678	641	2282	0	110655
29337	108829	560	594	1836	0	111819
29338	3798	654	109378	958	0	114788
29339	2471	109285	2161	842	0	114759
29340	109935	2085	1535	849	0	114404
29341	2822	1543	868	109520	0	114753
29342	112488	710	691	2350	0	116239
29343	3070	550	659	110550	0	114829
29344	2246	594	690	112250	0	115780
29345	1446	701	109780	3516	0	115443
29346	98014	604	2175	2264	0	103057
29347	2673	109915	1704	1406	0	115698
29348	2397	2160	109810	1085	0	115452
29349	1454	110511	2211	1148	0	115324
29350	108560	2304	1643	995	0	113502
29351	2996	1583	783	107364	0	112726
29352	107401	740	612	2440	0	111193
29353	2952	107433	732	2005	0	113122
29354	110073	2176	623	1088	0	113960
29355	111358	1554	620	921	0	114453
29356	111866	751	623	848	0	114088
29357	110374	509	557	868	0	112308
29358	4162	108642	647	924	0	114375
29359	107261	2059	512	768	0	110600
29360	3304	1554	516	104633	0	110007
29361	2614	1052	464	102191	0	106321
29362	1693	98817	516	2986	0	104012
29363	1589	97956	513	1764	0	101822
29364	1316	95024	439	848	0	97627
29365	87594	2498	575	705	0	91372
29366	1928	82407	364	700	0	85399
29367	1330	75800	361	550	0	78041
29368	74724	1615	623	524	0	77486
29369	72325	780	295	490	0	73890
29370	1880	73787	293	469	0	76429
29371	72610	1196	280	383	0	74469
29372	1636	792	69951	384	0	72763
29373	68035	430	954	415	0	69834
29374	1590	451	69594	435	0	72070
29375	964	63624	901	400	0	65889
29376	601	65058	620	395	0	66674
29377	1646	1685	623	59987	0	63941
29378	62916	523	268	890	0	64597
29379	63905	349	172	664	0	65090
29380	64763	298	200	396	0	65657
29381	64595	269	181	413	0	65458
29382	63135	278	261	423	0	64097
29383	1298	319	61225	440	0	63282
29384	741	388	59069	401	0	60599
29385	59832	340	935	374	0	61481
29386	1018	62246	527	375	0	64166
29387	61444	684	263	299	0	62690
29388	62820	484	183	293	0	63780
29389	64624	261	158	352	0	65395
29390	64399	256	180	324	0	65159
29391	63990	266	194	380	0	64830
29392	1285	318	63535	383	0	65521
29393	64361	353	689	448	0	65851
29394	65538	318	444	418	0	66718
29395	1258	385	64431	413	0	66487
29396	60712	336	623	450	0	62121
29397	63306	348	469	420	0	64543
29398	1372	365	66319	371	0	68427
29399	935	380	65830	379	0	67524
29400	783	66970	1011	369	0	69133
29401	822	766	521	65898	0	68007
29402	757	581	67198	687	0	69223
29403	66140	379	732	513	0	67764
29404	1244	386	478	70341	0	72449
29405	973	419	72061	739	0	74192
29406	69630	381	773	525	0	71309
29407	72570	363	456	338	0	73727
29408	73047	365	212	341	0	73965
29409	1456	75268	254	441	0	77419
29410	1051	792	236	72025	0	74104
29411	766	75559	270	760	0	77355
29412	75354	856	347	519	0	77076
29413	74316	647	370	313	0	75646
29414	1464	478	74543	279	0	76764
29415	811	71302	670	242	0	73025
29416	539	71203	488	184	0	72414
29417	580	954	241	69250	0	71025
29418	607	579	172	70395	0	71753
29419	69436	327	145	833	0	70741
29420	1055	70212	128	553	0	71948
29421	894	70313	141	276	0	71624
29422	948	940	68897	149	0	70934
29423	715	71540	519	169	0	72943
29424	69598	652	425	258	0	70933
29425	993	560	68765	243	0	70561
29426	56380	316	495	338	0	57529
29427	742	319	66500	173	0	67734
29428	51334	187	454	240	0	52215
29429	505	67185	284	161	0	68135
29430	69339	411	134	97	0	69981
29431	661	399	72567	61	0	73688
29432	71430	157	595	153	0	72335
29433	72617	110	422	96	0	73245
29434	926	180	75449	49	0	76604
29435	74210	113	447	107	0	74877
29436	77797	110	339	104	0	78350
29437	75865	116	133	79	0	76193
29438	940	75141	122	152	0	76355
29439	76542	539	110	140	0	77331
29440	817	449	79364	60	0	80690
29441	506	82012	572	181	0	83271
29442	81984	531	450	97	0	83062
29443	80606	426	180	73	0	81285
29444	81286	113	123	83	0	81605
29445	961	81641	158	195	0	82955
29446	596	587	140	92760	0	94083
29447	326	499	92700	785	0	94310
29448	259	143	865	91909	0	93176
29449	289	170	95054	894	0	96407
29450	85737	127	985	694	0	87543
29451	976	95198	698	351	0	97223
29452	806	959	192	91625	0	93582
29453	319	96952	162	810	0	98243
29454	282	1025	134	96611	0	98052
29455	309	720	114	94837	0	95980
29456	250	99404	176	1519	0	101349
29457	294	1086	127	99334	0	100841
29458	269	834	128	100842	0	102073
29459	260	103485	238	1709	0	105692
29460	285	105915	233	971	0	107404
29461	334	1846	159	104676	0	107015
29462	419	1049	104904	1173	0	107545
29463	328	106470	1246	1027	0	109071
29464	365	1329	847	104777	0	107318
29465	526	1143	110916	1201	0	113786
29466	324	112045	1340	1079	0	114788
29467	110803	1355	962	320	0	113440
29468	1539	1088	110998	260	0	113885
29469	107069	389	1344	278	0	109080
29470	1505	313	942	109462	0	112222
29471	1119	313	285	110553	0	112270
29472	438	317	249	111514	0	112518
29473	411	412	110385	2201	0	113409
29474	423	395	109404	1204	0	111426
29475	101367	319	2228	488	0	104402
29476	1466	370	1131	108660	0	111627
29477	1203	408	110146	1504	0	113261
29478	105238	353	1454	1154	0	108199
29479	1536	388	1074	107935	0	110933
29480	1251	454	358	108910	0	110973
29481	531	344	362	106600	0	107837
29482	432	109358	442	2545	0	112777
29483	489	1616	313	103655	0	106073
29484	445	107917	380	1573	0	110315
29485	458	110070	389	1256	0	112173
29486	107609	2267	365	554	0	110795
29487	104252	1265	373	498	0	106388
29488	107149	475	357	555	0	108536
29489	2264	105758	441	647	0	109110
29490	105049	1546	387	567	0	107549
29491	105401	1133	395	560	0	107489
29492	2374	479	441	102902	0	106196
29493	1357	440	416	103967	0	106180
29494	613	547	102794	2512	0	106466
29495	463	104012	1602	1535	0	107612
29496	102041	1542	1168	731	0	105482
29497	100690	1167	557	692	0	103106
29498	2203	100439	493	831	0	103966
29499	99757	1506	402	705	0	102370
29500	98850	1173	439	747	0	101209
29501	2294	550	429	95377	0	98650
29502	1286	97684	451	1679	0	101100
29503	555	99868	432	1479	0	102334
29504	96832	2144	397	847	0	100220
29505	1637	1268	394	95670	0	98969
29506	1221	663	95833	1808	0	99525
29507	89881	532	1480	1512	0	93405
29508	1600	641	98137	868	0	101246
29509	1175	95593	1553	858	0	99179
29510	94423	1478	1171	783	0	97855
29511	1610	1287	95008	760	0	98665
29512	1283	756	1451	94910	0	98400
29513	710	681	99458	1818	0	102667
29514	581	99578	1562	1727	0	103448
29515	696	1677	1130	98815	0	102318
29516	721	1358	99123	1815	0	103017
29517	90763	646	1454	1597	0	94460
29518	1574	100740	1150	978	0	104442
29519	1302	1683	501	94286	0	97772
29520	714	101621	517	1750	0	104602
29521	99118	1757	543	1381	0	102799
29522	98042	1353	469	951	0	100815
29523	2205	99302	560	1020	0	103087
29524	1398	1699	586	94939	0	98622
29525	660	99473	511	1837	0	102481
29526	97239	1671	697	1487	0	101094
29527	1697	1365	97743	846	0	101651
29528	1355	874	96137	749	0	99115
29529	691	94696	1934	795	0	98116
29530	608	93759	1248	688	0	96303
29531	672	2052	653	89551	0	92928
29532	89201	1139	513	1428	0	92281
29533	89282	529	571	1115	0	91497
29534	86291	447	454	657	0	87849
29535	2170	89930	538	766	0	93404
29536	1272	1234	485	85063	0	88054
29537	776	89352	498	1440	0	92066
29538	88117	1250	537	1246	0	91150
29539	1546	924	484	86380	0	89334
29540	1211	544	84188	1416	0	87359
29541	628	82867	1246	1336	0	86077
29542	80861	1137	931	662	0	83591
29543	1433	971	81506	437	0	84347
29544	78130	543	1022	590	0	80285
29545	1364	80781	788	704	0	83637
29546	712	70826	266	322	0	72126
29547	68222	1055	277	291	0	69845
29548	777	70961	214	294	0	72246
29549	67565	696	256	273	0	68790
29550	721	68924	202	296	0	70143
29551	68821	725	233	235	0	70014
29552	68554	564	191	192	0	69501
29553	1061	318	70891	199	0	72469
29554	678	337	69235	167	0	70417
29555	344	70068	763	262	0	71437
29556	67925	532	794	252	0	69503
29557	616	462	66903	183	0	68164
29558	62274	214	531	171	0	63190
29559	496	421	389	62159	0	63465
29560	392	182	63809	332	0	64715
29561	234	209	62354	273	0	63070
29562	262	208	65178	139	0	65787
29563	153	65018	515	125	0	65811
29564	770	1009	670	61183	0	63632
29565	59566	150	86	196	0	59998
29566	134	58	61	59932	0	60185
29567	60503	35	61	168	0	60767
29568	180	52	51	60817	0	61100
29569	61223	63	33	233	0	61552
29570	62507	49	58	245	0	62859
29571	70571	62	74	106	0	70813
29572	575	73352	47	115	0	74089
29573	411	522	74717	61	0	75711
29574	113	309	478	74364	0	75264
29575	247	431	468	55368	0	56514
29576	158	113	80	77223	0	77574
29577	127	97	56	75885	0	76165
29578	88	75453	106	900	0	76547
29579	209	572	73808	460	0	75049
29580	86	76039	587	207	0	76919
29581	134	650	388	72428	0	73600
29582	101	458	87	75846	0	76492
29583	130	133	75	76721	0	77059
29584	122	167	88	76044	0	76421
29585	110	75472	110	981	0	76673
29586	102	75596	124	530	0	76352
29587	216	944	73815	216	0	75191
29588	129	446	603	74027	0	75205
29589	110	194	423	75517	0	76244
29590	143	185	114	77602	0	78044
29591	76905	171	84	1072	0	78232
29592	680	77774	156	614	0	79224
29593	572	695	76685	254	0	78206
29594	75508	464	595	204	0	76771
29595	692	175	430	77583	0	78880
29596	79728	141	123	750	0	80742
29597	774	173	99	80195	0	81241
29598	81082	167	132	763	0	82144
29599	791	156	105	80864	0	81916
29600	80320	137	143	780	0	81380
29601	866	200	83921	587	0	85574
29602	637	141	648	80822	0	82248
29603	258	85614	523	717	0	87112
29604	246	703	155	86825	0	87929
29605	86036	553	145	795	0	87529
29606	768	88045	227	642	0	89682
29607	625	782	176	89705	0	91288
29608	207	90763	200	902	0	92072
29609	225	931	133	90862	0	92151
29610	235	674	113	91263	0	92285
29611	321	286	89794	1431	0	91832
29612	237	203	833	87066	0	88339
29613	268	245	86610	1057	0	88180
29614	187	84794	1002	989	0	86972
29615	84280	858	637	399	0	86174
29616	1004	671	85011	337	0	87023
29617	81101	209	925	355	0	82590
29618	87434	164	665	333	0	88596
29619	1468	213	267	88363	0	90311
29620	807	271	92670	1065	0	94813
29621	88280	152	1198	871	0	90501
29622	96054	153	814	518	0	97539
29623	1801	158	246	93849	0	96054
29624	923	137	201	94504	0	95765
29625	325	95844	260	1905	0	98334
29626	355	1566	208	93190	0	95319
29627	261	96348	241	1370	0	98220
29628	331	1232	94558	960	0	97081
29629	223	757	1053	92305	0	94338
29630	91013	223	718	1334	0	93288
29631	91830	156	180	980	0	93146
29632	1614	92807	218	522	0	95161
29633	850	1169	179	93149	0	95347
29634	93579	734	164	1257	0	95734
29635	1148	91077	245	1006	0	93476
29636	91436	1098	138	526	0	93198
29637	1246	747	145	94296	0	96434
29638	98759	282	136	1405	0	100582
29639	1475	376	107350	1047	0	110248
29640	905	109764	1557	596	0	112822
29641	107320	1550	936	417	0	110223
29642	1479	112525	362	606	0	114972
29643	114315	1603	254	522	0	116694
29644	115396	976	185	545	0	117102
29645	2585	378	116321	436	0	119720
29646	1286	270	1646	112188	0	115390
29647	118391	283	975	1858	0	121507
29648	1872	302	117712	1247	0	121133
29649	116192	275	1709	570	0	118746
29650	1862	256	996	117763	0	120877
29651	1223	394	117099	1950	0	120666
29652	458	245	1681	115582	0	117966
29653	113005	266	1072	2002	0	116345
29654	1928	433	118500	1270	0	122131
29655	1249	347	1647	118043	0	121286
29656	542	296	1119	120205	0	122162
29657	120470	221	376	2765	0	123832
29658	118493	224	318	1419	0	120454
29659	2625	123560	424	788	0	127397
29660	1486	1721	302	121564	0	125073
29661	705	1171	362	122018	0	124256
29662	675	406	353	121115	0	122549
29663	119372	252	386	2776	0	122786
29664	119180	348	373	1475	0	121376
29665	3025	372	302	116334	0	120033
29666	1638	118340	332	2072	0	122382
29667	935	1811	360	110501	0	113607
29668	792	119334	459	1820	0	122405
29669	116204	1743	370	1353	0	119670
29670	2072	114995	538	806	0	118411
29671	106448	1464	418	531	0	108861
29672	1888	1059	336	103913	0	107196
29673	103734	388	442	1645	0	106209
29674	1946	421	103942	1284	0	107593
29675	1367	106519	1513	768	0	110167
29676	105934	1334	1135	689	0	109092
29677	106692	832	555	652	0	108731
29678	2408	328	423	102307	0	105466
29679	1349	106097	500	1773	0	109719
29680	935	1274	429	110163	0	112801
29681	856	913	439	109902	0	112110
29682	928	440	422	110034	0	111824
29683	109591	466	425	2446	0	112928
29684	110118	461	369	1536	0	112484
29685	2689	411	354	104623	0	108077
29686	1635	109664	486	1867	0	113652
29687	110663	1368	420	1432	0	113883
29688	2178	1067	110073	949	0	114267
29689	1747	475	1413	110229	0	113864
29690	1105	700	111555	2047	0	115407
29691	1007	533	1543	110760	0	113843
29692	1032	617	112247	2067	0	115963
29693	1018	518	1612	110827	0	113975
29694	111812	603	1090	2110	0	115615
29695	110857	607	525	1593	0	113582
29696	2904	109489	524	1086	0	114003
29697	112000	1686	438	1088	0	115212
29698	2347	1193	509	111065	0	115114
29699	1881	703	555	110838	0	113977
29700	112188	667	732	2567	0	116154
29701	2554	765	110423	1635	0	115377
29702	2090	764	111520	1216	0	115590
29703	1485	768	111483	1231	0	114967
29704	104336	606	2273	1358	0	108573
29705	2624	587	113051	1314	0	117576
29706	2104	533	108673	1272	0	112582
29707	101487	626	2258	1289	0	105660
29708	2258	110273	1201	1346	0	115078
29709	1917	1452	671	111390	0	115430
29710	1498	1138	647	113119	0	116402
29711	1414	751	115280	2624	0	120069
29712	112166	546	1542	1940	0	116194
29713	116153	487	1212	1555	0	119407
29714	113198	484	759	1559	0	116000
29715	2737	541	116204	1531	0	121013
29716	109884	470	1655	1554	0	113563
29717	2303	697	111852	1494	0	116346
29718	1926	113108	1455	1512	0	118001
29719	1589	113752	1002	1368	0	117711
29720	108288	1756	702	1352	0	112098
29721	1733	108096	617	1468	0	111914
29722	1513	109007	555	1620	0	112695
29723	107245	1626	548	1476	0	110895
29724	1834	109216	580	1390	0	113020
29725	108980	1316	507	1226	0	112029
29726	2130	1059	527	111505	0	115221
29727	1718	748	537	113381	0	116384
29728	1339	830	555	113891	0	116615
29729	1284	805	592	109888	0	112569
29730	1230	112524	720	2274	0	116748
29731	112451	1371	964	1497	0	116283
29732	1943	124833	715	1292	0	128783
29733	1763	124721	828	1450	0	128762
29734	1486	2012	131312	1099	0	135909
29735	119442	1044	1979	1130	0	123595
29736	2638	679	139456	921	0	143694
29737	1854	557	139560	779	0	142750
29738	1123	139210	2304	821	0	143458
29739	483	136517	938	539	0	138477
29740	128064	2013	743	437	0	131257
29741	1540	135419	537	674	0	138170
29742	1025	1362	141818	358	0	144563
29743	355	125325	1672	569	0	127921
29744	455	1181	140064	259	0	141959
29745	307	702	137468	190	0	138667
29746	127548	235	2108	236	0	130127
29747	1406	272	137236	189	0	139103
29748	755	108	1369	131179	0	133411
29749	128786	121	786	1240	0	130933
29750	1121	129478	401	1086	0	132086
29751	751	1181	134177	319	0	136428
29752	129888	638	1358	179	0	132063
29753	1297	227	833	118836	0	121193
29754	736	119170	432	1177	0	121515
29755	315	1136	127397	925	0	129773
29756	120400	642	1388	247	0	122677
29757	1330	217	128719	255	0	130521
29758	855	104	1385	122450	0	124794
29759	329	226	125429	1236	0	127220
29760	183	102	1385	122844	0	124514
29761	120906	101	808	1361	0	123176
29762	1230	124694	359	975	0	127258
29763	125071	1211	204	230	0	126716
29764	1424	772	126563	233	0	128992
29765	844	188	1366	121336	0	123734
29766	288	192	128660	1254	0	130394
29767	122710	123	1575	765	0	125173
29768	125205	135	886	246	0	126472
29769	1943	128076	392	462	0	130873
29770	129237	1272	222	147	0	130878
29771	128590	769	221	176	0	129756
29772	2046	219	227	125060	0	127552
29773	1006	185	128461	1350	0	131002
29774	316	121363	1530	1140	0	124349
29775	297	1340	807	118862	0	121306
29776	121024	738	310	1269	0	123341
29777	1459	265	123879	715	0	126318
29778	818	175	124107	216	0	125316
29779	290	191	121991	126	0	122598
29780	114747	133	2182	178	0	117240
29781	1511	185	120236	168	0	122100
29782	114440	146	1566	149	0	116301
29783	1554	249	111940	162	0	113905
29784	812	116886	1444	383	0	119525
29785	433	1386	803	114885	0	117507
29786	338	886	116495	1331	0	119050
29787	222	114591	1570	826	0	117209
29788	212	116668	945	320	0	118145
29789	232	2045	357	114185	0	116819
29790	113526	968	291	1351	0	116136
29791	1403	413	288	114031	0	116135
29792	111294	334	327	1611	0	113566
29793	1535	355	305	112046	0	114241
29794	944	382	112023	1475	0	114824
29795	421	384	112178	813	0	113796
29796	106672	279	2328	355	0	109634
29797	109061	308	1205	216	0	110790
29798	2202	468	107732	285	0	110687
29799	103073	405	1774	175	0	105427
29800	1751	521	107159	172	0	109603
29801	1012	102746	2017	250	0	106025
29802	528	102049	1355	232	0	104164
29803	463	100266	856	422	0	102007
29804	503	2294	727	97633	0	101157
29805	97362	1237	654	1395	0	100648
29806	97914	593	783	803	0	100093
29807	2302	555	665	96771	0	100293
29808	1317	534	92433	1494	0	95778
29809	626	499	1985	90513	0	93623
29810	536	445	91074	1631	0	93686
29811	573	412	2207	87435	0	90627
29812	86789	294	1566	1650	0	90299
29813	87821	256	919	1028	0	90024
29814	87949	264	883	467	0	89563
29815	87825	313	774	466	0	89378
29816	2549	305	721	84563	0	88138
29817	1387	322	689	86106	0	88504
29818	84832	366	642	2220	0	88060
29819	85947	406	649	1106	0	88108
29820	2530	336	606	84148	0	87620
29821	1400	318	652	84632	0	87002
29822	816	319	571	82940	0	84646
29823	749	288	697	83104	0	84838
29824	80909	299	704	2381	0	84293
29825	1888	257	79838	1253	0	83236
29826	1308	328	1806	75773	0	79215
29827	75265	221	1177	1746	0	78409
29828	1895	294	74711	1130	0	78030
29829	1410	479	1666	73846	0	77401
29830	972	328	74577	1605	0	77482
29831	763	70369	1876	1415	0	74423
29832	1144	1444	1113	57640	0	61341
29833	53416	617	583	1069	0	55685
29834	1277	1058	616	45466	0	48417
29835	935	45492	411	1033	0	47871
29836	597	40778	327	562	0	42264
29837	410	32774	183	251	0	33618
29838	369	29832	243	296	0	30740
29839	17516	1582	1808	1041	0	21947
29840	602	995	438	12964	0	14999
29841	158	56	11427	246	0	11887
29842	107	72	198	10372	0	10749
29843	116	38	10371	233	0	10758
29844	10145	26	188	162	0	10521
29845	253	34	124	10079	0	10490
29846	172	34	58	10255	0	10519
29847	108	35	59	10296	0	10498
29848	87	41	53	10339	0	10520
29849	10119	39	39	304	0	10501
29850	10184	28	45	175	0	10432
29851	290	30	37	9947	0	10304
29852	9538	26	46	251	0	9861
29853	213	36	9422	190	0	9861
29854	150	9193	180	153	0	9676
29855	103	160	115	9025	0	9403
29856	90	92	81	8741	0	9004
29857	79	8833	58	294	0	9264
29858	111	150	54	8632	0	8947
29859	84	233	85	8359	0	8761
29860	8306	32	61	284	0	8683
29861	197	22	7961	139	0	8319
29862	104	43	7259	78	0	7484
29863	6996	27	204	97	0	7324
29864	156	29	6588	67	0	6840
29865	3551	17	259	53	0	3880
29866	3046	11	109	42	0	3208
29867	135	9	27	2656	0	2827
29868	37	8	2152	66	0	2263
29869	1626	8	44	32	0	1710
29870	56	1600	72	20	0	1748
29871	870	59	242	21	0	1192
29872	456	51	237	11	0	755
29873	182	0	1	2	0	185
29874	91	1	3	2	0	97
29875	48	46	0	4	0	98
29876	45	0	1	2	0	48
29877	44	0	0	2	0	46
29878	44	1	0	1	0	46
29879	46	1	0	0	0	47
29880	45	1	0	0	0	46
29881	42	1	0	0	0	43
29882	31	0	0	0	0	31
29883	26	0	0	1	0	27
29884	24	0	1	0	0	25
29885	24	0	0	1	0	25
29886	20	0	1	0	0	21
29887	20	0	0	0	0	20
29888	19	0	0	1	0	20
29889	24	0	0	1	0	25
29890	24	0	0	1	0	25
29891	25	0	0	0	0	25
29892	24	0	0	0	0	24
29893	26	0	0	0	0	26
29894	25	0	0	1	0	26
29895	26	0	0	0	0	26
29896	23	0	3	0	0	26
29897	19	1	2	0	0	22
29898	15	0	1	1	0	17
29899	13	0	2	1	0	16
29900	10	0	1	0	0	11
29901	8	0	1	0	0	9
29902	4	0	2	0	0	6
29903	2	0	1	0	0	3
